round,client_id,client_i_training_loss,client_i_training_accuracy,client_i_training_dataset_size,client_i_evaluation_loss,client_i_evaluation_accuracy,client_i_evaluation_dataset_size,client_i_central_evaluation_loss,client_i_central_evaluation_accuracy,client_i_cosine_similarity,client_i_importance_coefficient,client_i_tanh_val,tanh_normalization_value,client_i_q,client_i_mask_order,client_i_v_nonzero_fraction,client_i_v_sparsity,client_i_v_cosine_similarity,client_i_reward_gradient_norm,local_epochs,learning_rate,gamma,client_0_cosine_similarity,client_1_cosine_similarity,client_2_cosine_similarity,client_3_cosine_similarity,client_4_cosine_similarity,client_5_cosine_similarity,client_6_cosine_similarity,client_7_cosine_similarity,client_8_cosine_similarity,client_9_cosine_similarity,client_10_cosine_similarity,client_11_cosine_similarity
0,0,0.3374333015150705,0.89632,5000,2.1986425276155823,0.38848920863309355,834,2.1930330881295492,0.399,0.7954864735779503,0.0837034486595637,0.08350851204033312,0.08449195254695187,0.9883605423006336,,0.9883590181215802,0.011640981878419776,0,0.3959845166004076,5,0.1,0.5,1.0,0.6001424926106702,0.6104032345287573,0.5779507092603638,0.6018123362638029,0.5908985849845214,0.60116525717035,0.6132412464626217,0.6008908027777056,0.5867373496814473,0.5910889115067292,0.5856769338428088
0,1,0.34403545671160435,0.89352,5000,2.187154346042209,0.41247002398081534,834,2.193032921312716,0.3991,0.7910357353142108,0.08323512876459371,0.08304343990014126,0.08449195254695187,0.9828562057790233,,0.9828522664524874,0.017147733547512645,0,0.3959844948309892,5,0.1,0.5,0.6001424926106702,1.0,0.5798531687679505,0.5910985413685432,0.5852860516681999,0.5796417213647788,0.5935004130604593,0.611465661525162,0.5977942075483736,0.5862510571345112,0.6034315867905485,0.589244795409416
0,2,0.3449726905460191,0.8922,5000,2.1960831218295627,0.3920863309352518,834,2.1930334857477547,0.3991,0.788622333931564,0.08298118350538812,0.08279124058842992,0.08449195254695187,0.9798713142703531,,0.9798704884292957,0.020129511570704306,0,0.39598447394505637,5,0.1,0.5,0.6104032345287573,0.5798531687679505,1.0,0.5834865358943222,0.5936421812783956,0.5885498794806497,0.5903640815103847,0.6036800639658456,0.5863232214589434,0.5899053208884844,0.5808155169381737,0.5877504223533399
0,3,0.3446436788044443,0.89196,5000,2.1922771665785046,0.39568345323741005,834,2.1930333311184524,0.399,0.7838205794388423,0.08247592864058874,0.08228942798882033,0.08449195254695187,0.9739321379999883,,0.9739320315245219,0.026067968475478098,0,0.395984398316753,5,0.1,0.5,0.5779507092603638,0.5910985413685432,0.5834865358943222,1.0,0.5859338689831863,0.5851827489786728,0.5917060809798351,0.5974468111703709,0.5691860531841956,0.5865812061399227,0.6052456746755689,0.5753213059146842
0,4,0.3375734163956883,0.89536,5000,2.1903225227638528,0.4105642256902761,833,2.1930329693011203,0.3991,0.7937825293527019,0.08352415458893629,0.08333046564376483,0.08449195254695187,0.986253283665946,,0.9862506902263942,0.013749309773605778,0,0.3959845105846817,5,0.1,0.5,0.6018123362638029,0.5852860516681999,0.5936421812783956,0.5859338689831863,1.0,0.5883763654175387,0.5958051332034985,0.6124151029732221,0.5921164662163207,0.6025534258373099,0.5899947144655943,0.5958785599330158
0,5,0.3408623871891789,0.89416,5000,2.1934601112648293,0.39255702280912363,833,2.193033401196757,0.3991,0.786300810691821,0.08273690593717781,0.08254863249213171,0.08449195254695187,0.9769999390803844,,0.9769991466291853,0.0230008533708147,0,0.3959844439200309,5,0.1,0.5,0.5908985849845214,0.5796417213647788,0.5885498794806497,0.5851827489786728,0.5883763654175387,1.0,0.5970741400719013,0.5968448593566367,0.5996964707080994,0.5829394277351527,0.5865608575573057,0.5769456770482995
0,6,0.3379156049127412,0.89512,5000,2.184560034010145,0.43217286914765907,833,2.1930330188129656,0.3991,0.7949019012064075,0.08364193821895351,0.08344743023965617,0.08449195254695187,0.9876376119050758,,0.9876361628432307,0.012363837156769253,0,0.39598451478965385,5,0.1,0.5,0.60116525717035,0.5935004130604593,0.5903640815103847,0.5917060809798351,0.5958051332034985,0.5970741400719013,1.0,0.5986728050058534,0.5957261943260352,0.6001659856733681,0.6026720357832531,0.5876001705423137
0,7,0.3389701416858347,0.89276,5000,2.190017753177219,0.3985594237695078,833,2.193032868753988,0.399,0.8048991436742818,0.08469387775462296,0.08449195254695187,0.08449195254695187,0.9999999999881645,,0.9999949801716781,5.019828321906061e-06,0,0.39598452685480506,5,0.1,0.5,0.6132412464626217,0.611465661525162,0.6036800639658456,0.5974468111703709,0.6124151029732221,0.5968448593566367,0.5986728050058534,1.0,0.5976290408459858,0.6025681844656448,0.6141175234277666,0.6013810760745399
0,8,0.344537728291693,0.89432,5000,2.192128137305931,0.3985594237695078,833,2.193032935023689,0.3991,0.792933062026109,0.08343477111464585,0.08324170218441951,0.08449195254695187,0.9852027284749656,,0.9852015461071232,0.014798453892876817,0,0.39598450652476874,5,0.1,0.5,0.6008908027777056,0.5977942075483736,0.5863232214589434,0.5691860531841956,0.5921164662163207,0.5996964707080994,0.5957261943260352,0.5976290408459858,1.0,0.5972905276468473,0.6039902914696309,0.5950979059809709
0,9,0.3453708178773048,0.89116,5000,2.1975053239751747,0.4069627851140456,833,2.1930334324273058,0.3991,0.7901981627228352,0.08314699688965996,0.08295591516103405,0.08449195254695187,0.9818203113953833,,0.9818181818181818,0.018181818181818188,0,0.39598448849740486,5,0.1,0.5,0.5867373496814473,0.5862510571345112,0.5899053208884844,0.5865812061399227,0.6025534258373099,0.5829394277351527,0.6001659856733681,0.6025681844656448,0.5972905276468473,1.0,0.5879489238185058,0.5868083079246161
0,10,0.34251738831661876,0.8956,5000,2.1945232020484076,0.37214885954381755,833,2.1930330111957588,0.3991,0.7952516733511016,0.08367874228254023,0.08348397790685537,0.08449195254695187,0.9880701698718058,,0.9880678680789117,0.01193213192108833,0,0.3959845158989837,5,0.1,0.5,0.5910889115067292,0.6034315867905485,0.5808155169381737,0.6052456746755689,0.5899947144655943,0.5865608575573057,0.6026720357832531,0.6141175234277666,0.6039902914696309,0.5879489238185058,1.0,0.5919103667831429
0,11,0.35111900969366927,0.88664,5000,2.1853465062600597,0.38895558223289317,833,2.1930333829154605,0.3991,0.7863960152487091,0.0827469236433291,0.08255858192663314,0.08449195254695187,0.9771176950820081,,0.9771146026805884,0.022885397319411638,0,0.3959844453470247,5,0.1,0.5,0.5856769338428088,0.589244795409416,0.5877504223533399,0.5753213059146842,0.5958785599330158,0.5769456770482995,0.5876001705423137,0.6013810760745399,0.5950979059809709,0.5868083079246161,0.5919103667831429,1.0
1,0,0.29609308959619635,0.9126,5000,2.045786354276869,0.7182254196642686,834,2.035716570223482,0.7261,0.8122884131523895,0.08353499688934829,0.08334123264587759,0.08403271446915997,0.9917712782617782,,0.9917674815521309,0.008232518447869097,0.9624629607996869,0.4067632535228755,5,0.1,0.5,1.0,0.6320013606933379,0.6279184705765509,0.6267536503131693,0.6360742477038634,0.6330480850050734,0.6335092076265508,0.6310616090963593,0.6351043574975985,0.6264764013171689,0.6311121969588235,0.6149279319107889
1,1,0.30121032316534285,0.90856,5000,2.0272187965887563,0.7338129496402878,834,2.0357162986700525,0.7261,0.8096094151449916,0.08313248740037546,0.08294150550412466,0.08403271446915997,0.9870144743875576,,0.9870137041313187,0.012986295868681275,0.9624627676825429,0.4067632441466698,5,0.1,0.5,0.6320013606933379,1.0,0.6300276035261031,0.6203709882807442,0.6383107152514836,0.6250243673989792,0.6372539513593277,0.6208618285108997,0.6345544012118407,0.6287025116210833,0.6212993700533542,0.6155795497550905
1,2,0.31334947318930156,0.90512,5000,2.042357736163669,0.7254196642685852,834,2.0357171875981095,0.7261,0.8138270064956077,0.08311137052991474,0.08292053386608218,0.08403271446915997,0.9867649092250528,,0.9867627127152251,0.013237287284774912,0.9624624278430934,0.40676324346434645,5,0.1,0.5,0.6279184705765509,0.6300276035261031,1.0,0.6272538634545077,0.637466806949688,0.6307176102524926,0.636857759619968,0.6334876641473595,0.6302082827570902,0.6362806599035253,0.6282862400800988,0.6277887420376944
1,3,0.302403306008975,0.90772,5000,2.0316308118678905,0.7302158273381295,834,2.0357173330867635,0.7261,0.8106558052701337,0.08266734941001876,0.08247954954584805,0.08403271446915997,0.9815171396746507,,0.9815169921188696,0.018483007881130442,0.9624623822034155,0.40676321972731455,5,0.1,0.5,0.6267536503131693,0.6203709882807442,0.6272538634545077,1.0,0.6301989108436741,0.6385054110413696,0.6395090590905685,0.6306225296560032,0.6276160596054937,0.632903339150231,0.6221181781187547,0.621825755212688
1,4,0.29773448689300924,0.90916,5000,2.0327129937984325,0.7394957983193278,833,2.0357163116193044,0.7261,0.8199302407732356,0.08368224688568637,0.08348745808339031,0.08403271446915997,0.9935113795834444,,0.9935093619798203,0.006490638020179684,0.9624629405047541,0.4067632551655135,5,0.1,0.5,0.6360742477038634,0.6383107152514836,0.637466806949688,0.6301989108436741,1.0,0.6332037417138684,0.6414731905992687,0.636609517657141,0.6483796630069731,0.6300155783971355,0.6337179065624771,0.6380300061693472
1,5,0.2940199103953827,0.9082,5000,2.039297827967891,0.7286914765906363,833,2.0357170721974236,0.7261,0.8163201317313913,0.08303668412565123,0.08284636053249242,0.08403271446915997,0.9858822371126803,,0.9858792229305757,0.014120777069424273,0.9624623990411549,0.4067632408010151,5,0.1,0.5,0.6330480850050734,0.6250243673989792,0.6307176102524926,0.6385054110413696,0.6332037417138684,1.0,0.6399665892272998,0.6377325950008079,0.645011142290665,0.6319261216656518,0.6268412844925848,0.6297459457003064
1,6,0.2917725907561553,0.91236,5000,2.0276825251402677,0.7539015606242497,833,2.0357163797933073,0.7261,0.8195841091342302,0.08374801913041492,0.0835527715265946,0.08403271446915997,0.9942886178723191,,0.9943075146829978,0.005692485317002172,0.9624629777583443,0.4067632556118825,5,0.1,0.5,0.6335092076265508,0.6372539513593277,0.636857759619968,0.6395090590905685,0.6414731905992687,0.6399665892272998,1.0,0.6396954304456852,0.6353887236293057,0.6310607998218247,0.630561861986736,0.6344251559005223
1,7,0.30515047319316463,0.9054,5000,2.032604875387969,0.7358943577430972,833,2.0357165888856392,0.7261,0.8134991020636153,0.08423135569671317,0.08403271446915997,0.08403271446915997,0.9999999999880999,,0.9999949801716781,5.019828321906061e-06,0.9624627557856956,0.4067632567635798,5,0.1,0.5,0.6310616090963593,0.6208618285108997,0.6334876641473595,0.6306225296560032,0.636609517657141,0.6377325950008079,0.6396954304456852,1.0,0.6310562422299454,0.6272081537766551,0.6260425453398518,0.6211747897945319
1,8,0.3070765699930252,0.9054,5000,2.0369365259453103,0.7178871548619448,833,2.0357162819121974,0.7261,0.8169094352952291,0.08351817444615811,0.08332452702393847,0.08403271446915997,0.9915724792339895,,0.9915717082475779,0.008428291752422101,0.9624630049406441,0.4067632532619679,5,0.1,0.5,0.6351043574975985,0.6345544012118407,0.6302082827570902,0.6276160596054937,0.6483796630069731,0.645011142290665,0.6353887236293057,0.6310562422299454,1.0,0.6324134501644948,0.6266497906964317,0.6280903127101894
1,9,0.299751543127902,0.909,5000,2.0423949824439154,0.7118847539015606,833,2.035717436299918,0.7261,0.8126369345462486,0.08317952871578228,0.08298822302621274,0.08403271446915997,0.9875704188477913,,0.9875658852467246,0.012434114753275383,0.9624625229599969,0.40676324562774496,5,0.1,0.5,0.6264764013171689,0.6287025116210833,0.6362806599035253,0.632903339150231,0.6300155783971355,0.6319261216656518,0.6310607998218247,0.6272081537766551,0.6324134501644948,1.0,0.6273613495213471,0.6298319626867066
1,10,0.2994310876176615,0.91056,5000,2.0351719900413796,0.7142857142857143,833,2.0357165641297166,0.7261,0.8093569844303504,0.08341675681317695,0.08322381268048165,0.08403271446915997,0.9903739657253894,,0.9903719692786507,0.009628030721349323,0.9624629325348452,0.40676325142159303,5,0.1,0.5,0.6311121969588235,0.6212993700533542,0.6282862400800988,0.6221181781187547,0.6337179065624771,0.6268412844925848,0.630561861986736,0.6260425453398518,0.6266497906964317,0.6273613495213471,1.0,0.6255708654489212
1,11,0.31035648533588,0.90256,5000,2.0240186894381487,0.7034813925570228,833,2.0357175585560907,0.7261,0.8076261180590932,0.08274102995675975,0.0825527284081086,0.08403271446915997,0.982387977451604,,0.9823854224185533,0.01761457758144669,0.9624624126931739,0.4067632250777637,5,0.1,0.5,0.6149279319107889,0.6155795497550905,0.6277887420376944,0.621825755212688,0.6380300061693472,0.6297459457003064,0.6344251559005223,0.6211747897945319,0.6280903127101894,0.6298319626867066,0.6255708654489212,1.0
2,0,0.26730389172377383,0.92116,5000,1.8508446525644373,0.8705035971223022,834,1.8365666649212091,0.881,0.8171039732901276,0.08352022729171497,0.08332656561628755,0.08365116398960919,0.9961196191560696,,0.9961146528788716,0.003885347121128424,0.9696613563555764,0.4077797830528011,5,0.1,0.5,1.0,0.633504825502405,0.6366871708450833,0.6329945750988709,0.6380562380469685,0.634864430175485,0.6387182256440807,0.6386524152306751,0.6397057095494213,0.6374112580210946,0.6306687350436283,0.6345254015227777
2,1,0.2764962475912966,0.91712,5000,1.8242421194359109,0.8932853717026379,834,1.836566290535485,0.881,0.8129126766817698,0.08310896129910587,0.08291814120022051,0.08365116398960919,0.9912371477524093,,0.9912353797500125,0.008764620249987476,0.9696612175635864,0.4077797776289844,5,0.1,0.5,0.633504825502405,1.0,0.633120336362888,0.6347752407460523,0.6322056608976272,0.6257124659598609,0.6424740048452772,0.622163678287386,0.6301086810491802,0.6382049444137609,0.6307580720249566,0.6336845620550214
2,2,0.277430358982295,0.91656,5000,1.8461051914427016,0.8932853717026379,834,1.836567670392533,0.881,0.8148887600263126,0.08316366936388042,0.08297247287765559,0.08365116398960919,0.9918866506982522,,0.991882937603534,0.008117062396466035,0.9696612053341043,0.407779778764544,5,0.1,0.5,0.6366871708450833,0.633120336362888,1.0,0.6304207529288083,0.6311767202319875,0.6351425160723151,0.6409891497681766,0.6280615098505762,0.6395953984075802,0.6384356424903637,0.6276529675576927,0.6347922409405867
2,3,0.27381139423484635,0.9182,5000,1.827985648755674,0.8848920863309353,834,1.8365676319256377,0.881,0.8124695906080098,0.0827865652360567,0.08259795319658474,0.08365116398960919,0.9874094902714959,,0.9874052507404246,0.012594749259575377,0.9696616109572709,0.4077797671783715,5,0.1,0.5,0.6329945750988709,0.6347752407460523,0.6304207529288083,1.0,0.6327830670204734,0.6301449669353351,0.6415263053639877,0.6278471394432811,0.6284627249531466,0.6378625195711451,0.6297847424595445,0.6277251611071651
2,4,0.2640707744522744,0.91784,5000,1.8329615813714486,0.8763505402160864,833,1.836566280633116,0.881,0.8162782832100147,0.0835887333086413,0.0833945955858069,0.08365116398960919,0.9969328770508072,,0.9969278650670147,0.0030721349329853043,0.9696613426580962,0.4077797833870561,5,0.1,0.5,0.6380562380469685,0.6322056608976272,0.6311767202319875,0.6327830670204734,1.0,0.6326260179020408,0.6448542161420393,0.6308536586816863,0.6390559436089347,0.6424229337647115,0.6259886801555653,0.6371052390633974
2,5,0.2690977909364945,0.91904,5000,1.8444126358738653,0.879951980792317,833,1.8365674818666597,0.881,0.8144060354679857,0.08309760522786486,0.08290686319609854,0.08365116398960919,0.9911023259091265,,0.9910998443853221,0.00890015561467794,0.9696612020136813,0.407779777364793,5,0.1,0.5,0.634864430175485,0.6257124659598609,0.6351425160723151,0.6301449669353351,0.6326260179020408,1.0,0.6442718250963135,0.6320438414014897,0.6382942166479284,0.63566879246002,0.6296313692049217,0.6331800408009993
2,6,0.2617111631772914,0.92372,5000,1.8295332590738933,0.8955582232893158,833,1.836566111911981,0.881,0.821554751944012,0.08381544039972405,0.08361972174635014,0.08365116398960919,0.9996241266378244,,0.9996235128758596,0.0003764871241404011,0.9696613191648097,0.40777978376592877,5,0.1,0.5,0.6387182256440807,0.6424740048452772,0.6409891497681766,0.6415263053639877,0.6448542161420393,0.6442718250963135,1.0,0.6378340962141599,0.6469641554368595,0.6381211689768881,0.6323980594227031,0.6303415693760003
2,7,0.26837508047806324,0.91644,5000,1.8324587963245533,0.8847539015606243,833,1.8365666504485159,0.881,0.8132828503414493,0.08384710412719103,0.08365116398960919,0.08365116398960919,0.9999999999880456,,0.9999949801716781,5.019828321906061e-06,0.9696613286628205,0.40777978376695057,5,0.1,0.5,0.6386524152306751,0.622163678287386,0.6280615098505762,0.6278471394432811,0.6308536586816863,0.6320438414014897,0.6378340962141599,1.0,0.6342679429495928,0.6347827072861237,0.6340461607193275,0.6347586066700431
2,8,0.2756826711189785,0.9154,5000,1.8403226931889851,0.8811524609843937,833,1.8365663088167818,0.881,0.8180393075026399,0.08354161593689571,0.08334780571547624,0.08365116398960919,0.9963735319311635,,0.996370664123287,0.0036293358767129913,0.9696613294984857,0.40777978317636154,5,0.1,0.5,0.6397057095494213,0.6301086810491802,0.6395953984075802,0.6284627249531466,0.6390559436089347,0.6382942166479284,0.6469641554368595,0.6342679429495928,1.0,0.6408054443968282,0.632889775897484,0.634849466553652
2,9,0.2656339938829469,0.92184,5000,1.846029003461202,0.8667466986794717,833,1.836567894338419,0.881,0.8189897387692813,0.08335111671238843,0.08315862686035119,0.08365116398960919,0.994112011037727,,0.9941117413784448,0.005888258621555176,0.9696612108772833,0.4077797815000987,5,0.1,0.5,0.6374112580210946,0.6382049444137609,0.6384356424903637,0.6378625195711451,0.6424229337647115,0.63566879246002,0.6381211689768881,0.6347827072861237,0.6408054443968282,1.0,0.6324429685078982,0.639749770356011
2,10,0.2748161189667406,0.91816,5000,1.8353711322501853,0.8787515006002401,833,1.8365665030555602,0.881,0.8117590286556821,0.08325651123662291,0.08306467487638115,0.08365116398960919,0.9929888708506928,,0.9929872998343456,0.007012700165654362,0.9696612612631664,0.4077797802833545,5,0.1,0.5,0.6306687350436283,0.6307580720249566,0.6276529675576927,0.6297847424595445,0.6259886801555653,0.6296313692049217,0.6323980594227031,0.6340461607193275,0.632889775897484,0.6324429685078982,1.0,0.6378280834593396
2,11,0.2774292700938809,0.91464,5000,1.821236455882037,0.8667466986794717,833,1.8365682127376715,0.881,0.8149813255452041,0.08292244985991387,0.08273290924266281,0.08365116398960919,0.989022809676032,,0.9890216354600673,0.010978364539932728,0.9696614625978444,0.40777977243284375,5,0.1,0.5,0.6345254015227777,0.6336845620550214,0.6347922409405867,0.6277251611071651,0.6371052390633974,0.6331800408009993,0.6303415693760003,0.6347586066700431,0.634849466553652,0.639749770356011,0.6378280834593396,1.0
3,0,0.2381153608535885,0.92928,5000,1.6258252726660833,0.9112709832134293,834,1.607919876948713,0.9229,0.8110515064806278,0.08352195847412118,0.08332828477829832,0.08366091203044042,0.9960241019961974,,0.996019276140756,0.003980723859243973,0.9715271432736472,0.4045979332874341,5,0.1,0.5,1.0,0.6190915881465643,0.6291074558137862,0.6210722404802763,0.6334367130676202,0.6248718958549134,0.6312500106914767,0.6270998748371235,0.6221866097822254,0.6253369528315254,0.6237379456050312,0.617421697964365
3,1,0.24784068609617507,0.92624,5000,1.5907381508085463,0.9292565947242206,834,1.607919538363862,0.9229,0.8063738039007123,0.0830868609407676,0.08289619275086944,0.08366091203044042,0.9908593002155703,,0.9908588926258722,0.009141107374127766,0.9715272137825542,0.4045979289239839,5,0.1,0.5,0.6190915881465643,1.0,0.623772389502526,0.6188922774523485,0.6297421043386294,0.6209960187956924,0.6281403512630418,0.618706083636926,0.618532773709324,0.6210575039501791,0.6152691605058674,0.6169151270790064
3,2,0.2547809137031436,0.92404,5000,1.6201192052276046,0.9328537170263789,834,1.6079213040324445,0.9229,0.8112289163357602,0.08329217321961234,0.08310009069602695,0.08366091203044042,0.9932964950800116,,0.9932935093619798,0.006706490638020202,0.9715272193607792,0.40459793181462195,5,0.1,0.5,0.6291074558137862,0.623772389502526,1.0,0.620094929923269,0.6232000731053517,0.622144368362546,0.6305599236416359,0.6280267795107262,0.6267885810847119,0.6271234790369924,0.6240791379400079,0.6230699071291337
3,3,0.2537978197216608,0.92572,5000,1.5952716182779383,0.9220623501199041,834,1.6079210199106235,0.9229,0.8049548525080245,0.082824080988971,0.08263521288573082,0.08366091203044042,0.9877398043984491,,0.9877365594096682,0.012263440590331798,0.9715271774184165,0.4045979213036044,5,0.1,0.5,0.6210722404802763,0.6188922774523485,0.620094929923269,1.0,0.6266885458468184,0.6264762765208676,0.626065270952634,0.6169371969740176,0.6180235400014064,0.6138807404858156,0.6146909357862388,0.6160230278545693
3,4,0.23849699995302517,0.92824,5000,1.6039918749420732,0.9195678271308524,833,1.607919364310682,0.9229,0.8148660828003358,0.0837001593491529,0.08350524566759564,0.08366091203044042,0.9981393178718123,,0.9981376436925857,0.0018623563074142702,0.9715271388051888,0.40459793357610013,5,0.1,0.5,0.6334367130676202,0.6297421043386294,0.6232000731053517,0.6266885458468184,1.0,0.6243777064374579,0.6355723877791477,0.6274374684220277,0.6255227678655274,0.6294802548452454,0.6267489453641978,0.6292222892593536
3,5,0.24732935469312842,0.92512,5000,1.6197095932783905,0.9195678271308524,833,1.6079210004867457,0.9229,0.809536745425802,0.08318951336509194,0.08299813890257497,0.08366091203044042,0.9920778639298556,,0.9920736910797651,0.007926308920234937,0.9715272230156238,0.40459793063419547,5,0.1,0.5,0.6248718958549134,0.6209960187956924,0.622144368362546,0.6264762765208676,0.6243777064374579,1.0,0.6304701348873019,0.6202361317468646,0.6284856691718788,0.6218255926191726,0.6173859837764831,0.6246525868326088
3,6,0.2353728083086906,0.93036,5000,1.602925764189826,0.9315726290516206,833,1.6079191091342475,0.9229,0.8150593095835219,0.08385692086884643,0.08366091203044042,0.08366091203044042,0.9999999999880469,,0.9999949801716781,5.019828321906061e-06,0.971527124971805,0.40459793360428675,5,0.1,0.5,0.6312500106914767,0.6281403512630418,0.6305599236416359,0.626065270952634,0.6355723877791477,0.6304701348873019,1.0,0.6261875503690544,0.6279516311833905,0.6267354656342717,0.6287486504513894,0.6206231494942901
3,7,0.24713999487008828,0.92672,5000,1.6020495935722634,0.9243697478991597,833,1.607919929126581,0.9229,0.809335331196323,0.08367850484677618,0.0834837421259129,0.08366091203044042,0.9978822857505912,,0.9978816324481703,0.002118367551829703,0.9715271351278597,0.40459793356475643,5,0.1,0.5,0.6270998748371235,0.618706083636926,0.6280267795107262,0.6169371969740176,0.6274374684220277,0.6202361317468646,0.6261875503690544,1.0,0.6276211470977238,0.6235499324369345,0.6215216980700053,0.6191592546076803
3,8,0.2510582682623225,0.92548,5000,1.6148373948203192,0.9279711884753902,833,1.6079193768790736,0.9229,0.8085557872986289,0.08344918532360418,0.08325601649753904,0.08366091203044042,0.9951602782701051,,0.9951558656693941,0.0048441343306059315,0.9715271250253815,0.4045979330035793,5,0.1,0.5,0.6221866097822254,0.618532773709324,0.6267885810847119,0.6180235400014064,0.6255227678655274,0.6284856691718788,0.6279516311833905,0.6276211470977238,1.0,0.6220167985426274,0.6164859688018435,0.6166806935564084
3,9,0.24742970645448467,0.9264,5000,1.619964352360478,0.9135654261704682,833,1.6079215439744652,0.9229,0.8080174699760881,0.08330436584533056,0.08311219911177435,0.08366091203044042,0.9934412271353215,,0.9934390843833141,0.006560915616685925,0.9715271427176587,0.40459793193858234,5,0.1,0.5,0.6253369528315254,0.6210575039501791,0.6271234790369924,0.6138807404858156,0.6294802548452454,0.6218255926191726,0.6267354656342717,0.6235499324369345,0.6220167985426274,1.0,0.6151595975849095,0.6197550021422347
3,10,0.24622669447284595,0.928,5000,1.604977011680603,0.9279711884753902,833,1.6079197207959697,0.9229,0.8057313583960802,0.08316213035652331,0.08297094446529366,0.08366091203044042,0.9917528084574613,,0.9917524220671653,0.008247577932834704,0.9715271830072558,0.4045979302425303,5,0.1,0.5,0.6237379456050312,0.6152691605058674,0.6240791379400079,0.6146909357862388,0.6267489453641978,0.6173859837764831,0.6287486504513894,0.6215216980700053,0.6164859688018435,0.6151595975849095,1.0,0.6203317153028464
3,11,0.253045102066485,0.92096,5000,1.5905639617531389,0.9147659063625451,833,1.6079218825593162,0.9229,0.8055330500936214,0.08293414642120242,0.08274452573285575,0.08366091203044042,0.98904642232157,,0.9890868932282516,0.010913106771748393,0.9715271927465129,0.4045979251117981,5,0.1,0.5,0.617421697964365,0.6169151270790064,0.6230699071291337,0.6160230278545693,0.6292222892593536,0.6246525868326088,0.6206231494942901,0.6191592546076803,0.6166806935564084,0.6197550021422347,0.6203317153028464,1.0
4,0,0.22004294267434413,0.9338,5000,1.381086159635473,0.935251798561151,834,1.3605959914362848,0.9383,0.7945682204866524,0.0833286201854574,0.0831362858631488,0.08365894161249972,0.9937525416856746,,0.9937503137392701,0.006249686260729859,0.9706469815613951,0.39914846074347254,5,0.1,0.5,1.0,0.5961816322796052,0.5970706456926121,0.5940475726156457,0.604407474729416,0.6073282575127676,0.6045023978381167,0.6002119430811389,0.6095735718829688,0.5912399672377417,0.6030694513709657,0.6029973437718514
4,1,0.22965662099693895,0.93224,5000,1.3389081954956055,0.9412470023980816,834,1.3605957149316708,0.9383,0.7942663855047939,0.08302880018738909,0.08283853070067998,0.08365894161249972,0.9901933864211431,,0.9901912554590633,0.00980874454093672,0.9706470819039643,0.39914845683781863,5,0.1,0.5,0.5961816322796052,1.0,0.5985491176871018,0.5949487503764432,0.611957571947051,0.6060453279879331,0.603865769502898,0.5976981995905156,0.606207069166199,0.6010380407416013,0.5908585566925437,0.6024628246253876
4,2,0.23178850069751808,0.93068,5000,1.374672735178912,0.9424460431654677,834,1.3605978778375984,0.9383,0.7955270640602685,0.08320940595049768,0.08301789442148555,0.08365894161249972,0.9923373738700189,,0.9923347221525024,0.007665277847497598,0.9706470789867331,0.3991484595936265,5,0.1,0.5,0.5970706456926121,0.5985491176871018,1.0,0.5925360379037976,0.605267635073488,0.6071937490891913,0.6068112286691791,0.6018789594822175,0.6070961237312976,0.6040721388846138,0.5959255030780914,0.6044982488122658
4,3,0.23331040894304206,0.9296,5000,1.3428231301131073,0.9400479616306955,834,1.3605974908834828,0.9383,0.7889741941305181,0.08266892574988123,0.08248111516186221,0.08365894161249972,0.9859210930843589,,0.9859193815571508,0.014080618442849246,0.9706471781498508,0.39914844372444863,5,0.1,0.5,0.5940475726156457,0.5949487503764432,0.5925360379037976,1.0,0.6022484512749477,0.6011477502747804,0.604804648789935,0.5942515693758482,0.5917406018713942,0.5937973718121871,0.5975439954942666,0.5933587535150897
4,4,0.22009762276118253,0.93452,5000,1.3557338537993255,0.9315726290516206,833,1.3605950625178913,0.9383,0.8062242320128035,0.08385493656278059,0.08365894161249972,0.08365894161249972,0.9999999999880467,,0.9999949801716781,5.019828321906061e-06,0.970647050330063,0.3991484623064094,5,0.1,0.5,0.604407474729416,0.611957571947051,0.605267635073488,0.6022484512749477,1.0,0.6126447893200353,0.6167825865526421,0.6170226615849084,0.6146148782576477,0.6119124406686136,0.6066185178696977,0.6180094274855666
4,5,0.2194490931109543,0.93456,5000,1.376648637983534,0.929171668667467,833,1.3605971736268114,0.9383,0.8046600529715202,0.08346072127652975,0.08326747247726207,0.08365894161249972,0.9953206539709022,,0.995316500175694,0.004683499824306048,0.9706470630623136,0.3991484616300963,5,0.1,0.5,0.6073282575127676,0.6060453279879331,0.6071937490891913,0.6011477502747804,0.6126447893200353,1.0,0.6179088822646491,0.6088107268453758,0.617919785594511,0.6079217131282401,0.6079929012489925,0.6139364216992101
4,6,0.2188836391932171,0.93516,5000,1.3573360222357291,0.9495798319327731,833,1.360594717458414,0.9383,0.8032392199911907,0.08385470761682935,0.08365871426889528,0.08365894161249972,0.9999972824828994,,0.9999949801716781,5.019828321906061e-06,0.9706470492320334,0.3991484623064094,5,0.1,0.5,0.6045023978381167,0.603865769502898,0.6068112286691791,0.604804648789935,0.6167825865526421,0.6179088822646491,1.0,0.6072603328286251,0.6100539949345615,0.6040283195354679,0.6076225428619833,0.6085317607925541
4,7,0.22486293876816513,0.93256,5000,1.3533460917296234,0.936374549819928,833,1.3605956783690774,0.9383,0.7989807686962916,0.08358709022143149,0.08339296392548406,0.08365894161249972,0.9968206902587358,,0.9969328848953366,0.003067115104663398,0.9706470114887497,0.3991484620366891,5,0.1,0.5,0.6002119430811389,0.5976981995905156,0.6018789594822175,0.5942515693758482,0.6170226615849084,0.6088107268453758,0.6072603328286251,1.0,0.6030683206359767,0.6059779869777259,0.6062460536389114,0.609713447233233
4,8,0.22899145776714394,0.93048,5000,1.3704948469444558,0.943577430972389,833,1.3605953325478795,0.9383,0.8010103343176143,0.08350565037546935,0.08331208989460373,0.08365894161249972,0.9958539791179951,,0.9958536218061342,0.004146378193865763,0.9706469941857817,0.3991484617944296,5,0.1,0.5,0.6095735718829688,0.606207069166199,0.6070961237312976,0.5917406018713942,0.6146148782576477,0.617919785594511,0.6100539949345615,0.6030683206359767,1.0,0.6065998624390387,0.5996543184438381,0.6061157384364081
4,9,0.22843578846733661,0.9318,5000,1.376064900998716,0.9375750300120048,833,1.3605980309434593,0.9383,0.796653277869949,0.08325691820489625,0.08306507903666548,0.08365894161249972,0.9929013854899352,,0.992896942924552,0.007103057075448005,0.97064708801524,0.39914846008711363,5,0.1,0.5,0.5912399672377417,0.6010380407416013,0.6040721388846138,0.5937973718121871,0.6119124406686136,0.6079217131282401,0.6040283195354679,0.6059779869777259,0.6065998624390387,1.0,0.6004859980454864,0.604567408131705
4,10,0.22668312234080332,0.93392,5000,1.3559085660510592,0.9375750300120048,833,1.3605958863188283,0.9383,0.7952084497063386,0.08311180331728918,0.0829209636776753,0.08365894161249972,0.991178732104527,,0.9911751418101501,0.008824858189849905,0.9706470884051306,0.39914845829664,5,0.1,0.5,0.6030694513709657,0.5908585566925437,0.5959255030780914,0.5975439954942666,0.6066185178696977,0.6079929012489925,0.6076225428619833,0.6062460536389114,0.5996543184438381,0.6004859980454864,1.0,0.6024256212202557
4,11,0.23743310093428868,0.92548,5000,1.343381162042971,0.9351740696278511,833,1.3605981158753173,0.9383,0.8001293678033521,0.0831324203515487,0.08294143891654607,0.08365894161249972,0.9914234786728657,,0.9914211133979218,0.008578886602078173,0.9706471013695609,0.3991484585906299,5,0.1,0.5,0.6029973437718514,0.6024628246253876,0.6044982488122658,0.5933587535150897,0.6180094274855666,0.6139364216992101,0.6085317607925541,0.609713447233233,0.6061157384364081,0.604567408131705,0.6024256212202557,1.0
5,0,0.20421780100993955,0.9404,5000,1.133432388305664,0.9436450839328537,834,1.1105981191126302,0.9465,0.7801097519467391,0.08309272946790408,0.08290202094795036,0.08374738795464802,0.9899057507543356,,0.9899051252447166,0.010094874755283367,0.9699829774031261,0.3934364844076233,5,0.1,0.5,1.0,0.5770493486964844,0.5796248409114284,0.5741421896304575,0.5883955579204269,0.5846552923846992,0.5801346757232445,0.5754930252274029,0.5817530180273986,0.5772026497133982,0.5759697001688047,0.5716291548415874
5,1,0.21048507775968997,0.936,5000,1.0854334080660786,0.9460431654676259,834,1.1105981829067388,0.9465,0.7835538098217119,0.08301353344170802,0.08282336869962573,0.08374738795464802,0.9889665901399617,,0.9889664173485266,0.011033582651473361,0.9699829549853961,0.39343648099208306,5,0.1,0.5,0.5770493486964844,1.0,0.5893544886925641,0.5742459453568215,0.5891101489278953,0.5867832977509224,0.590804747370141,0.5692090661632178,0.5821882243913905,0.5825809857417826,0.5801302592816399,0.5786269895128875
5,2,0.2182982542557986,0.93608,5000,1.125998717767221,0.9508393285371702,834,1.1105985371068643,0.9465,0.7911386125597332,0.08340085401762337,0.08320802001001816,0.08374738795464802,0.9935595848563599,,0.993559560263039,0.006440439736960957,0.9699830771840731,0.39343649229033023,5,0.1,0.5,0.5796248409114284,0.5893544886925641,1.0,0.5828317199900697,0.5920561572345393,0.5917159634096953,0.5896492140809891,0.5825328149940672,0.5961349833488099,0.5930243256238036,0.5853221800067082,0.5885940142218855
5,3,0.21409005021296773,0.9366,5000,1.0889603208612513,0.9544364508393285,834,1.1105992317961428,0.9465,0.7829704653544624,0.0827526212628757,0.08256424070900197,0.08374738795464802,0.9858724280777252,,0.985869183273932,0.014130816726067974,0.9699827415518445,0.3934364650011902,5,0.1,0.5,0.5741421896304575,0.5742459453568215,0.5828317199900697,1.0,0.592432322993141,0.5896005850443695,0.5879579499369443,0.5738153696199917,0.5746232518186245,0.5848999469118983,0.5824658637937792,0.5793934214832154
5,4,0.20628897959283393,0.93764,5000,1.1058351375438549,0.9411764705882353,833,1.1105951026986582,0.9465,0.794322083589105,0.08394400695171066,0.08374738795464802,0.08374738795464802,0.9999999999880592,,0.9999949801716781,5.019828321906061e-06,0.9699832758425004,0.3934364947506511,5,0.1,0.5,0.5883955579204269,0.5891101489278953,0.5920561572345393,0.592432322993141,1.0,0.599265433189052,0.5907315537430018,0.5849900195196899,0.592051860159838,0.5924145856481251,0.5838942083375996,0.592462379362814
5,5,0.2041997790206105,0.93924,5000,1.1294392965458058,0.9303721488595438,833,1.1105970749839806,0.9465,0.7929145499257005,0.0836311769576651,0.08343674390453087,0.08374738795464802,0.9962907016123098,,0.9962903468701371,0.003709653129862933,0.9699832209293257,0.39343649439244943,5,0.1,0.5,0.5846552923846992,0.5867832977509224,0.5917159634096953,0.5896005850443695,0.599265433189052,1.0,0.5944118639898104,0.5824647052709294,0.5991577978017971,0.5892625694424144,0.5833841632047287,0.5856251153867039
5,6,0.20219109259059379,0.94096,5000,1.1084541303140145,0.957983193277311,833,1.1105946728977532,0.9465,0.7907605844182355,0.08381863589156495,0.08362289489364019,0.08374738795464802,0.9985134693147234,,0.9985091109884042,0.0014908890115957751,0.9699832726940336,0.39343649472841,5,0.1,0.5,0.5801346757232445,0.590804747370141,0.5896492140809891,0.5879579499369443,0.5907315537430018,0.5944118639898104,1.0,0.5792774283648714,0.5908635208068223,0.588532146150605,0.5879675241361377,0.583825556582051
5,7,0.20732131523382702,0.93764,5000,1.1026658261263813,0.9399759903961584,833,1.1105962654653068,0.9465,0.7807533322882544,0.08328801953983013,0.08309596569857618,0.08374738795464802,0.9922215811982478,,0.9922192661010993,0.00778073389890066,0.9699831335459255,0.39343649019024063,5,0.1,0.5,0.5754930252274029,0.5692090661632178,0.5825328149940672,0.5738153696199917,0.5849900195196899,0.5824647052709294,0.5792774283648714,1.0,0.5824767024688536,0.5842638438355081,0.5803779913165722,0.5759390050940348
5,8,0.21412673610482055,0.93588,5000,1.1220523008593806,0.9531812725090036,833,1.1105953946281164,0.9465,0.7885513713205695,0.08350778616264672,0.08331421085710924,0.08374738795464802,0.9948275748162058,,0.9948396164851162,0.005160383514883793,0.9699832202889763,0.3934364935303347,5,0.1,0.5,0.5817530180273986,0.5821882243913905,0.5961349833488099,0.5746232518186245,0.592051860159838,0.5991577978017971,0.5908635208068223,0.5824767024688536,1.0,0.5834689526951081,0.5814762749767872,0.5806319457858491
5,9,0.20796364283568824,0.93612,5000,1.1283034174530595,0.9459783913565426,833,1.1105987212528436,0.9465,0.7885545949840085,0.0833417420243725,0.08314931699439417,0.08374738795464802,0.9928586314647736,,0.992856784297977,0.007143215702023031,0.9699830615592357,0.3934364913166054,5,0.1,0.5,0.5772026497133982,0.5825809857417826,0.5930243256238036,0.5848999469118983,0.5924145856481251,0.5892625694424144,0.588532146150605,0.5842638438355081,0.5834689526951081,1.0,0.5828135200229826,0.5877579525503184
5,10,0.2098035381549293,0.93808,5000,1.1042395521093298,0.9471788715486195,833,1.1105979888583906,0.9464,0.7843230718333538,0.08309602734413733,0.0829052961578255,0.08374738795464802,0.989944858957649,,0.9899402640429698,0.010059735957030247,0.9699830179850676,0.39343648452188945,5,0.1,0.5,0.5759697001688047,0.5801302592816399,0.5853221800067082,0.5824658637937792,0.5838942083375996,0.5833841632047287,0.5879675241361377,0.5803779913165722,0.5814762749767872,0.5828135200229826,1.0,0.583221194769781
5,11,0.21406745620510856,0.93408,5000,1.0959092213047876,0.9459783913565426,833,1.1106000321741683,0.9465,0.7844103060148935,0.0831128669379614,0.08292201998491963,0.08374738795464802,0.9901445526735054,,0.9901410571758446,0.009858942824155448,0.9699830218171424,0.3934364851531997,5,0.1,0.5,0.5716291548415874,0.5786269895128875,0.5885940142218855,0.5793934214832154,0.592462379362814,0.5856251153867039,0.583825556582051,0.5759390050940348,0.5806319457858491,0.5877579525503184,0.583221194769781,1.0
6,0,0.19091165498919357,0.94452,5000,0.9038528159812644,0.9448441247002398,834,0.8787779352916315,0.9513,0.7699334090197937,0.08311805526951223,0.0829271726389673,0.08385326463589206,0.9889558027116178,,0.988951357863561,0.011048642136438969,0.9680041336460319,0.38572944146783367,5,0.1,0.5,1.0,0.5606175700353198,0.5484258888971204,0.5486461583108762,0.5607551817165023,0.5620208807454358,0.5769664786905639,0.5511771135444486,0.5657545282713607,0.5459538640941207,0.5549187000145608,0.5534717946681939
6,1,0.193668049249715,0.94332,5000,0.8499758729228267,0.9496402877697842,834,0.8787780440272615,0.9513,0.7715556033486464,0.08312221241328706,0.08293130119299046,0.08385326463589206,0.9890050381712153,,0.9890015561467798,0.010998443853220241,0.9680040826783656,0.38572944163409745,5,0.1,0.5,0.5606175700353198,1.0,0.5544699874200666,0.5536331104214721,0.5673664526255818,0.5543787089169845,0.5711871124251258,0.5493910405517154,0.5618799112856899,0.5580109722926443,0.5561046720601274,0.5571650966593262
6,2,0.20776688711255029,0.93692,5000,0.894638302149596,0.9532374100719424,834,0.8787784993458099,0.9513,0.7618843204817677,0.08304038617609179,0.08285003717271011,0.08385326463589206,0.9880359164484984,,0.9880327292806586,0.01196727071934145,0.9680041607534668,0.3857294379518613,5,0.1,0.5,0.5484258888971204,0.5544699874200666,1.0,0.5388384834913199,0.5491193085639121,0.5475622301423531,0.5601276041376467,0.5452874782900703,0.5570706857475138,0.5533952624912163,0.5472209702473703,0.5511352634083152
6,3,0.2003531099344562,0.94072,5000,0.8538417904465286,0.960431654676259,834,0.8787785825637964,0.9513,0.7673384016384509,0.08279753455488724,0.08260884766822328,0.08385326463589206,0.9851595883111116,,0.9851563676522263,0.01484363234777375,0.9680039360892178,0.3857294217690679,5,0.1,0.5,0.5486461583108762,0.5536331104214721,0.5388384834913199,1.0,0.5633023124894148,0.561850267472874,0.5646993162553526,0.5489278596515468,0.5531662966972454,0.556807371816917,0.5601330826230042,0.5566042099657494
6,4,0.1831330034258971,0.94416,5000,0.8738211106370997,0.9495798319327731,833,0.8787729583990079,0.9513,0.7770229653517076,0.08394133967368933,0.08374473938332286,0.08385326463589206,0.9987057718737709,,0.9987048842929572,0.001295115707042771,0.9680041771032601,0.38572945476949044,5,0.1,0.5,0.5607551817165023,0.5673664526255818,0.5491193085639121,0.5633023124894148,1.0,0.5717355841316186,0.5777214672113418,0.5616028033686711,0.5670640314637143,0.5563429925031208,0.5585348284473376,0.5564160842013601
6,5,0.1919330766199121,0.942,5000,0.8986519994559111,0.9375750300120048,833,0.8787751376819306,0.9513,0.7754840713773627,0.08367653543253806,0.0834817864372551,0.08385326463589206,0.9955699017653568,,0.9955674915917876,0.00443250840821241,0.9680042198921596,0.3857294538450877,5,0.1,0.5,0.5620208807454358,0.5543787089169845,0.5475622301423531,0.561850267472874,0.5717355841316186,1.0,0.571310213465505,0.552712101097026,0.5766062296489786,0.5545111660504668,0.5618642637667592,0.5627546717244836
