round,client_id,client_i_training_loss,client_i_training_accuracy,client_i_training_dataset_size,client_i_evaluation_loss,client_i_evaluation_accuracy,client_i_evaluation_dataset_size,client_i_central_evaluation_loss,client_i_central_evaluation_accuracy,client_i_cosine_similarity,client_i_importance_coefficient,client_i_tanh_val,tanh_normalization_value,client_i_q,client_i_mask_order,client_i_v_nonzero_fraction,client_i_v_sparsity,client_i_v_cosine_similarity,client_i_reward_gradient_norm,local_epochs,learning_rate,gamma,client_0_cosine_similarity,client_1_cosine_similarity,client_2_cosine_similarity,client_3_cosine_similarity,client_4_cosine_similarity,client_5_cosine_similarity,client_6_cosine_similarity,client_7_cosine_similarity,client_8_cosine_similarity,client_9_cosine_similarity,client_10_cosine_similarity,client_11_cosine_similarity
0,0,2.153041887738902,0.31412,5000,2.262798371138396,0.1474820143884892,834,2.263478173996313,0.1548,0.9960391112566948,0.08333862155421913,0.08314621809777112,0.0832653398372992,0.9985693718327527,,0.9985743420225979,0.0014256579774021283,0,0.09959759300185816,5,0.001,0.1,1.0,0.9947410913169614,0.9920099530265176,0.9909899687534163,0.9896182040436781,0.9903615799669012,0.9926841014091756,0.9917753452189872,0.9857457031706983,0.9946955909422325,0.9921844064141141,0.9895655548895407
0,1,2.1620666552501118,0.31476,5000,2.264195371557165,0.15227817745803357,834,2.263478176281475,0.1548,0.9974727451874621,0.0834585737471132,0.0832653398372992,0.0832653398372992,0.9999999999879902,,0.9999951672610935,4.83273890650171e-06,0,0.0995975930019482,5,0.001,0.1,0.9947410913169614,1.0,0.9946864646948302,0.9929878885565854,0.9918302776926856,0.9929839062346607,0.9943567842079448,0.9926893929966338,0.9900673732451682,0.9935386912799492,0.9925313863392261,0.9910926204109053
0,2,2.1589026766977493,0.31068,5000,2.2622798725410744,0.1630695443645084,834,2.263478173996313,0.1548,0.9960363892703291,0.08333839380554035,0.08314599192358153,0.0832653398372992,0.9985666555261836,,0.9985743420225979,0.0014256579774021283,0,0.09959759300185816,5,0.001,0.1,0.9920099530265176,0.9946864646948302,1.0,0.9916984172273094,0.9898544034209452,0.9927617229178696,0.9926530248343426,0.989133578207094,0.9892714623035763,0.9927327587771936,0.9911084034492454,0.9884287774207532
0,3,2.163102566512527,0.3334,5000,2.266316881886235,0.15467625899280577,834,2.2634781747580335,0.1548,0.9959465817570121,0.08333087960827594,0.08313852966922415,0.0832653398372992,0.9984770353508277,,0.9984728545055624,0.001527145494437554,0,0.09959759300183799,5,0.001,0.1,0.9909899687534163,0.9929878885565854,0.9916984172273094,1.0,0.9895247951140826,0.9909451119341312,0.9869255302654943,0.9904400777071213,0.9904963033801628,0.9923811863212112,0.993304309319235,0.9935720243685244
0,4,2.1529526147113485,0.3254,5000,2.27216750604135,0.1452581032412965,833,2.2634781747580335,0.1548,0.9956745240312862,0.0833081165304119,0.0831159238873211,0.0832653398372992,0.9982055444526106,,0.9982022211268015,0.0017977788731985411,0,0.09959759300176747,5,0.001,0.1,0.9896182040436781,0.9918302776926856,0.9898544034209452,0.9895247951140826,1.0,0.9909378110650162,0.9900609625625458,0.9939442086560163,0.9904498372910338,0.9879386028198376,0.9954040219317545,0.9904509322909142
0,5,2.153952656278185,0.35044,5000,2.2657546202341714,0.14405762304921968,833,2.2634781747580335,0.1548,0.9957611309854252,0.08331536293679632,0.0831231202293349,0.0832653398372992,0.9982919710741528,,0.9982892104271175,0.0017107895728825095,0,0.09959759300179312,5,0.001,0.1,0.9903615799669012,0.9929839062346607,0.9927617229178696,0.9909451119341312,0.9909378110650162,1.0,0.9921321279279163,0.9900493072310711,0.9889673033367721,0.9917525030882454,0.9905526938970066,0.9896050904225835
0,6,2.147858303823289,0.32412,5000,2.25683386237533,0.17406962785114047,833,2.2634781755197544,0.1548,0.9950292801815005,0.08325412895863911,0.0830623090350284,0.0832653398372992,0.9975616408500213,,0.9975594668522438,0.002440533147756163,0,0.0995975930014901,5,0.001,0.1,0.9926841014091756,0.9943567842079448,0.9926530248343426,0.9869255302654943,0.9900609625625458,0.9921321279279163,1.0,0.9914085048849968,0.9850635246320653,0.9911069459971692,0.9896777203745214,0.9862330629040967
0,7,2.1540604236019645,0.336,5000,2.263552992432206,0.16326530612244897,833,2.263478176281475,0.1548,0.9965477894248449,0.0833811826714175,0.08318848482787218,0.0832653398372992,0.9990769867681286,,0.9990769468688685,0.0009230531311315016,0,0.09959759300192231,5,0.001,0.1,0.9917753452189872,0.9926893929966338,0.989133578207094,0.9904400777071213,0.9939442086560163,0.9900493072310711,0.9914085048849968,1.0,0.9917222637701606,0.9913227284761276,0.9958068976776553,0.9921587676337048
0,8,2.1641951601976044,0.33896,5000,2.26952475088614,0.14645858343337334,833,2.2634781770431958,0.1548,0.9944020149961766,0.08320164566224737,0.08301018761195031,0.0832653398372992,0.9969356730322076,,0.9969312107944056,0.003068789205594391,0,0.09959759300101614,5,0.001,0.1,0.9857457031706983,0.9900673732451682,0.9892714623035763,0.9904963033801628,0.9904498372910338,0.9889673033367721,0.9850635246320653,0.9917222637701606,1.0,0.9859711747506075,0.9921373873769972,0.994913063545998
0,9,2.1534648369831646,0.32272,5000,2.263346142239041,0.15006002400960383,833,2.2634781747580335,0.1548,0.9958788125675183,0.08332520935821001,0.08313289860935788,0.0832653398372992,0.998409407453347,,0.9984051961608722,0.0015948038391278008,0,0.099597593001823,5,0.001,0.1,0.9946955909422325,0.9935386912799492,0.9927327587771936,0.9923811863212112,0.9879386028198376,0.9917525030882454,0.9911069459971692,0.9913227284761276,0.9859711747506075,1.0,0.9918771182046635,0.9891383544579322
0,10,2.158523802089084,0.32328,5000,2.25968986970407,0.17406962785114047,833,2.263478176281475,0.1548,0.9972739490309938,0.08344194046689046,0.08324882185467583,0.0832653398372992,0.9998016223358309,,0.9997970249659291,0.00020297503407085138,0,0.09959759300194806,5,0.001,0.1,0.9921844064141141,0.9925313863392261,0.9911084034492454,0.993304309319235,0.9954040219317545,0.9905526938970066,0.9896777203745214,0.9958068976776553,0.9921373873769972,0.9918771182046635,1.0,0.9945455774242983
0,11,2.161580692734688,0.3442,5000,2.2704068466469094,0.14285714285714285,833,2.2634781747580335,0.1548,0.9956485669449436,0.08330594470023886,0.0831137670603193,0.0832653398372992,0.9981796413937148,,0.9981780574322692,0.0018219425677308276,0,0.09959759300175992,5,0.001,0.1,0.9895655548895407,0.9910926204109053,0.9884287774207532,0.9935720243685244,0.9904509322909142,0.9896050904225835,0.9862330629040967,0.9921587676337048,0.994913063545998,0.9891383544579322,0.9945455774242983,1.0
1,0,1.9301268200965445,0.44136,5000,2.200075520409478,0.2853717026378897,834,2.199521308508925,0.3,0.9984172991880275,0.08333704686843332,0.08314465429804571,0.08323455702805028,0.9989198869530452,,0.9989174664849557,0.0010825335150442816,0.9618927582905015,0.09984028979176211,5,0.001,0.1,1.0,0.9971420679820546,0.9952061058384626,0.9970285289164508,0.9957395995454845,0.9959994301465785,0.9967212823835637,0.9970697345230485,0.9961404797785303,0.9964498639360174,0.9977087947431399,0.9966631838623062
1,1,1.9423861274294034,0.45152,5000,2.200657288233439,0.30935251798561153,834,2.1995213107940867,0.3,0.9989428787211062,0.08342757610704608,0.08323455702805028,0.08323455702805028,0.9999999999879857,,0.9999951672610935,4.83273890650171e-06,0.9618927581861465,0.09984028979178211,5,0.001,0.1,0.9971420679820546,1.0,0.9955892020709955,0.9978194574632552,0.9968577126358997,0.9976881910146436,0.9969773201906306,0.9975797484617139,0.9973345768975572,0.9955868429977611,0.9978597611867468,0.9977295679995417
1,2,1.9376417239000843,0.43776,5000,2.198555681440565,0.31414868105515587,834,2.1995213100323663,0.3,0.9972879893521567,0.08330045530645443,0.08310831558422156,0.08323455702805028,0.9984833048996143,,0.9984825199833753,0.0015174800166246616,0.9618927582740969,0.09984028979172417,5,0.001,0.1,0.9952061058384626,0.9955892020709955,1.0,0.9952758282275395,0.9949049604249887,0.9954353302118442,0.9947553556365303,0.9951050826919136,0.9950897831499486,0.9967041315861237,0.9954076402131231,0.9948675304546561
1,3,1.9463301190904752,0.47856,5000,2.2015999334829823,0.2949640287769784,834,2.199521307747204,0.3,0.9989079104835434,0.08334813483129278,0.08315566559929422,0.08323455702805028,0.9990521793763071,,0.9990479504354298,0.0009520495645701788,0.961892758270592,0.09984028979176886,5,0.001,0.1,0.9970285289164508,0.9978194574632552,0.9952758282275395,1.0,0.9974496662738372,0.9969404762745425,0.9960702114157726,0.997690426191389,0.9978255140079867,0.9952576721707435,0.9980871790872898,0.9983036358036749
1,4,1.9295501065102352,0.45828,5000,2.208862313517818,0.297719087635054,833,2.1995213092706454,0.3,0.9980656594217697,0.08330698843756736,0.08311480358752658,0.08323455702805028,0.9985612533327725,,0.9985598438058786,0.0014401561941214114,0.9618927582590484,0.09984028979173262,5,0.001,0.1,0.9957395995454845,0.9968577126358997,0.9949049604249887,0.9974496662738372,1.0,0.9965997116560013,0.9958752719318187,0.9966674484826019,0.9963736364119469,0.9938103721759287,0.9972699006233862,0.9961099286128021
1,5,1.9241511578772479,0.4766,5000,2.2006872759924994,0.3097238895558223,833,2.199521307747204,0.3,0.9985750706093879,0.08332787531671272,0.08313554614262443,0.08323455702805028,0.9988104593817769,,0.9988063134901074,0.0011936865098925997,0.9618927582710869,0.09984028979175474,5,0.001,0.1,0.9959994301465785,0.9976881910146436,0.9954353302118442,0.9969404762745425,0.9965997116560013,1.0,0.9969765972263128,0.997541786839629,0.9969902870230751,0.9954976905902765,0.99726297324201,0.9968292278724616
1,6,1.9176682786577066,0.4566,5000,2.1929477144170693,0.31812725090036015,833,2.199521308508925,0.3,0.998108244191335,0.08327525336114493,0.08308328765613424,0.08323455702805028,0.9981826133481643,,0.9981780574322692,0.0018219425677308276,0.961892758334278,0.0998402897916817,5,0.001,0.1,0.9967212823835637,0.9969773201906306,0.9947553556365303,0.9960702114157726,0.9958752719318187,0.9969765972263128,1.0,0.9970409462885508,0.9954090686685304,0.9951843210225995,0.9972097430664413,0.9959491932070815
1,7,1.9262012469540735,0.46392,5000,2.2003054883744984,0.29531812725090034,833,2.1995213107940867,0.3,0.9988884427582113,0.08337835643581541,0.08318567815007631,0.08323455702805028,0.9994127573844489,,0.9994104058534133,0.0005895941465866583,0.9618927581484336,0.09984028979177928,5,0.001,0.1,0.9970697345230485,0.9975797484617139,0.9951050826919136,0.997690426191389,0.9966674484826019,0.997541786839629,0.9970409462885508,1.0,0.997734677327751,0.995383700608512,0.998154882984753,0.9975462430690375
1,8,1.941895355692335,0.47016,5000,2.2076432793228715,0.28211284513805523,833,2.1995213069854835,0.3,0.9985429358812783,0.08325709726616463,0.08306525686244295,0.08323455702805028,0.9979659870533312,,0.9979654169203854,0.0020345830796145714,0.9618927583714865,0.09984028979164197,5,0.001,0.1,0.9961404797785303,0.9973345768975572,0.9950897831499486,0.9978255140079867,0.9963736364119469,0.9969902870230751,0.9954090686685304,0.997734677327751,1.0,0.9947748377380481,0.9975978147817123,0.998108946365451
1,9,1.930538624259317,0.43956,5000,2.1966266808686434,0.29531812725090034,833,2.1995213100323663,0.3,0.9973410375667894,0.08329408180815613,0.0831019861042732,0.08323455702805028,0.9984072610042146,,0.9984100288997787,0.001589971100221299,0.9618927582098746,0.09984028979171543,5,0.001,0.1,0.9964498639360174,0.9955868429977611,0.9967041315861237,0.9952576721707435,0.9938103721759287,0.9954976905902765,0.9951843210225995,0.995383700608512,0.9947748377380481,1.0,0.9956437999230314,0.994682789517049
1,10,1.9396090071672087,0.45564,5000,2.194451411565145,0.30732292917166865,833,2.1995213107940867,0.3,0.9991036308064811,0.08342256396808126,0.08322957961106507,0.08323455702805028,0.9999402001024228,,0.9999371743942161,6.28256057838561e-05,0.9618927581451634,0.0998402897917821,5,0.001,0.1,0.9977087947431399,0.9978597611867468,0.9954076402131231,0.9980871790872898,0.9972699006233862,0.99726297324201,0.9972097430664413,0.998154882984753,0.9975978147817123,0.9956437999230314,1.0,0.9978887109540687
1,11,1.9395324131485763,0.47788,5000,2.209214387116609,0.290516206482593,833,2.199521308508925,0.3,0.998651624721246,0.08332457029313098,0.08313226396087427,0.08323455702805028,0.998771026460316,,0.9987676515788558,0.0012323484211441693,0.9618927582876159,0.09984028979175177,5,0.001,0.1,0.9966631838623062,0.9977295679995417,0.9948675304546561,0.9983036358036749,0.9961099286128021,0.9968292278724616,0.9959491932070815,0.9975462430690375,0.998108946365451,0.994682789517049,0.9978887109540687,1.0
2,0,1.7103776410886435,0.5178,5000,2.1187460510819047,0.38489208633093525,834,2.1171267276373915,0.4053,0.9987240643754438,0.0833317035377438,0.08313934790362303,0.0832065513214819,0.9991923301976737,,0.9991929326026232,0.0008070673973767928,0.9905605508869088,0.09988452023990765,5,0.001,0.1,1.0,0.9975055104642978,0.9970821333355946,0.9975369276107551,0.9965505752240514,0.9966132494201984,0.9973649931642555,0.9976704166799018,0.9973419424233028,0.997919620133162,0.998055044106922,0.9972070586132767
2,1,1.7232808172323142,0.5314,5000,2.118803827850907,0.41247002398081534,834,2.1171267268756706,0.4053,0.999100889127429,0.08339937508980075,0.0832065513214819,0.0832065513214819,0.9999999999879816,,0.9999951672610935,4.83273890650171e-06,0.9905605508808565,0.09988452023991554,5,0.001,0.1,0.9975055104642978,1.0,0.997881801106256,0.9981681708838864,0.9973348609755922,0.9980152952051147,0.9973356607528082,0.9976944259186601,0.9978811738002819,0.9976092411965904,0.9979174468132481,0.9980189393782947
2,2,1.7151035837307098,0.52432,5000,2.116109432997527,0.41127098321342925,834,2.1171267268756706,0.4053,0.9988657061235153,0.08331383755304098,0.08312160538495501,0.0832065513214819,0.9989790955618666,,0.9989754593518331,0.0010245406481669272,0.9905605508942458,0.09988452023989883,5,0.001,0.1,0.9970821333355946,0.997881801106256,1.0,0.9974909307583941,0.9968753616968352,0.9982036455601875,0.997381542978696,0.9971014612045656,0.9976584371259517,0.9979320404027643,0.9974938000058321,0.9974463668005938
2,3,1.7268923448149565,0.54992,5000,2.118573851055569,0.40047961630695444,834,2.1171267283991124,0.4053,0.9990332334813978,0.08334848008285713,0.08315600846348087,0.0832065513214819,0.9993925615447616,,0.9993959076366941,0.0006040923633059414,0.990560550890765,0.09988452023991228,5,0.001,0.1,0.9975369276107551,0.9981681708838864,0.9974909307583941,1.0,0.9976984181231324,0.9975193265435878,0.9967279470683065,0.997732784415939,0.9981033347628272,0.9971315606842356,0.9980029874134684,0.9984403676078167
2,4,1.7080438493923018,0.53904,5000,2.1261681185828314,0.4009603841536615,833,2.1171267283991124,0.4053,0.9983695183178529,0.0833018303040952,0.08310968108460844,0.0832065513214819,0.9988357859287061,,0.9988353099235461,0.0011646900764539225,0.9905605508914919,0.09988452023989111,5,0.001,0.1,0.9965505752240514,0.9973348609755922,0.9968753616968352,0.9976984181231324,1.0,0.9970513278730454,0.9966251088423068,0.9970619297375617,0.9970034946344069,0.9961972149960647,0.9973324305798493,0.9968678948697843
2,5,1.7016873074185317,0.55436,5000,2.1171019077301025,0.40816326530612246,833,2.117126729160833,0.4053,0.9988426349550695,0.08332990631807005,0.08313756310633667,0.0832065513214819,0.9991708799962414,,0.9991687689080909,0.0008312310919090793,0.9905605508862907,0.09988452023990689,5,0.001,0.1,0.9966132494201984,0.9980152952051147,0.9982036455601875,0.9975193265435878,0.9970513278730454,1.0,0.9970464780342349,0.997528462972173,0.9978512932016366,0.9975854238329006,0.9973099729606525,0.9975455964505368
2,6,1.694300667419555,0.539,5000,2.1104347794144243,0.4177671068427371,833,2.1171267268756706,0.4053,0.9984779857093354,0.08328587158716363,0.0830938325770122,0.0832065513214819,0.9986453140566679,,0.9986420003672881,0.0013579996327118815,0.9905605509255794,0.09988452023987725,5,0.001,0.1,0.9973649931642555,0.9973356607528082,0.997381542978696,0.9967279470683065,0.9966251088423068,0.9970464780342349,1.0,0.9972452006689076,0.996685116691015,0.9973467302793431,0.9976699315686072,0.99647138122719
2,7,1.7034190533267464,0.54268,5000,2.118454650596336,0.4057623049219688,833,2.11712672611395,0.4053,0.9989618442003182,0.08336470737612352,0.08317212352453718,0.0832065513214819,0.9995862369320981,,0.9995843844540455,0.00041561554595448413,0.9905605508761265,0.09988452023991462,5,0.001,0.1,0.9976704166799018,0.9976944259186601,0.9971014612045656,0.997732784415939,0.9970619297375617,0.997528462972173,0.9972452006689076,1.0,0.9981816501829917,0.9973713391252752,0.9983174128146348,0.9977914835324758
2,8,1.7179798358564924,0.55012,5000,2.128124201739276,0.38535414165666265,833,2.1171267268756706,0.4053,0.9990322818696168,0.08329262719937333,0.08310054154075691,0.0832065513214819,0.9987259442911637,,0.9987241569286978,0.0012758430713022406,0.990560550886822,0.09988452023988363,5,0.001,0.1,0.9973419424233028,0.9978811738002819,0.9976584371259517,0.9981033347628272,0.9970034946344069,0.9978512932016366,0.996685116691015,0.9981816501829917,1.0,0.9975500816623908,0.9980924779655359,0.9981944235527916
2,9,1.7101463815209212,0.5246,5000,2.110715565858064,0.42016806722689076,833,2.1171267276373915,0.4053,0.998735452194752,0.08330572584940527,0.08311354972128104,0.0832065513214819,0.998882280304583,,0.9988788045737041,0.0011211954262958512,0.9905605509172493,0.09988452023989372,5,0.001,0.1,0.997919620133162,0.9976092411965904,0.9979320404027643,0.9971315606842356,0.9961972149960647,0.9975854238329006,0.9973467302793431,0.9973713391252752,0.9975500816623908,1.0,0.9975353807112003,0.9968075026958632
2,10,1.720830830495069,0.5324,5000,2.109692379280373,0.42016806722689076,833,2.1171267268756706,0.4053,0.9991214576665407,0.08339696555774304,0.08320415847093048,0.0832065513214819,0.9999712420294629,,0.9999710035665613,2.8996433438677194e-05,0.9905605508808282,0.09988452023991554,5,0.001,0.1,0.998055044106922,0.9979174468132481,0.9974938000058321,0.9980029874134684,0.9973324305798493,0.9973099729606525,0.9976699315686072,0.9983174128146348,0.9980924779655359,0.9975353807112003,1.0,0.9978821492410196
2,11,1.7154968945084104,0.55,5000,2.1303249994913735,0.39615846338535415,833,2.117126729160833,0.4053,0.9988764034073409,0.08332896954458348,0.08313663280761958,0.0832065513214819,0.9991596994016572,,0.999159103430278,0.0008408965697219717,0.9905605508795167,0.09988452023990657,5,0.001,0.1,0.9972070586132767,0.9980189393782947,0.9974463668005938,0.9984403676078167,0.9968678948697843,0.9975455964505368,0.99647138122719,0.9977914835324758,0.9981944235527916,0.9968075026958632,0.9978821492410196,1.0
3,0,1.532986201374394,0.57204,5000,2.0171652281725847,0.4592326139088729,834,2.01452000148761,0.4715,0.998906605030375,0.08333161189594539,0.08313925689526588,0.08318608426421388,0.999437076881769,,0.9994345695479456,0.0005654304520543718,0.9960966208440949,0.0998929031299657,5,0.001,0.1,1.0,0.9978018557394478,0.9976252591561288,0.9978947865478343,0.9973921783990224,0.9973815623007639,0.997246811255561,0.9977624848287537,0.9975556066217823,0.9978631115708676,0.9980039656345684,0.99751331111296
3,1,1.5425376923980227,0.57564,5000,2.017039740527118,0.4856115107913669,834,2.0145199999641688,0.4715,0.9990615878361244,0.08337810673003719,0.08318543017222123,0.08318608426421388,0.9999921369902378,,0.9999903345221871,9.665477812892398e-06,0.9960966208394499,0.09989290312996803,5,0.001,0.1,0.9978018557394478,1.0,0.9979297457015643,0.9982560654090242,0.9977665316103291,0.9980039334691055,0.9972662134370534,0.9977294141531329,0.9978532214613723,0.99755694082261,0.9978508714319283,0.997882532873622
3,2,1.534689192711168,0.57812,5000,2.0128768240963972,0.47961630695443647,834,2.0145200022493306,0.4715,0.9990007718247057,0.08332369613303638,0.08313139584201366,0.08318608426421388,0.9993425772629727,,0.9993379147698166,0.0006620852301834068,0.996096620843042,0.0998929031299642,5,0.001,0.1,0.9976252591561288,0.9979297457015643,1.0,0.9977198772023705,0.9974151308230911,0.9981063022227357,0.9976156110342494,0.9975469593654253,0.9978360914090044,0.9977952431107949,0.9980475065621095,0.997532849115921
3,3,1.5439402188465094,0.59508,5000,2.015495035383436,0.4724220623501199,834,2.01452000148761,0.4715,0.9991104855504057,0.0833484780780464,0.08315600647253325,0.08318608426421388,0.9996384275934334,,0.9996375445820164,0.00036245541798363146,0.9960966208359415,0.09989290312996742,5,0.001,0.1,0.9978947865478343,0.9982560654090242,0.9977198772023705,1.0,0.9976968032109363,0.997924554195557,0.9971428784704133,0.998045038881265,0.9980168573137425,0.99731756484634,0.9980881157234942,0.9983815733931575
3,4,1.5272688296190493,0.59072,5000,2.0221142371495566,0.45858343337334934,833,2.01452000148761,0.4715,0.9988126488940762,0.0833102628004946,0.08311805533003867,0.08318608426421388,0.9991822077481334,,0.9991784343859038,0.0008215656140961869,0.9960966208433143,0.09989290312996028,5,0.001,0.1,0.9973921783990224,0.9977665316103291,0.9974151308230911,0.9976968032109363,1.0,0.9979106034555303,0.99737243383378,0.9978019761557044,0.9976177083045438,0.996907149302979,0.9977766586439659,0.9972583955828412
3,5,1.5200478447470696,0.5952,5000,2.013057342282048,0.4657863145258103,833,2.014520000725889,0.4715,0.9990181815844565,0.08333411065384463,0.08314173838089509,0.08318608426421388,0.9994669074195461,,0.9994635659813843,0.0005364340186156946,0.9960966208437698,0.09989290312996604,5,0.001,0.1,0.9973815623007639,0.9980039334691055,0.9981063022227357,0.997924554195557,0.9979106034555303,1.0,0.9972400981217122,0.9978400405343972,0.9979163957898547,0.9978445052454649,0.9976478668984826,0.9975631665133473
3,6,1.514053489979665,0.58576,5000,2.007452381981744,0.4909963985594238,833,2.01452000148761,0.4715,0.9985186630578825,0.08329099024717,0.08309891589263327,0.08318608426421388,0.9989521279508397,,0.9989512956573008,0.0010487043426992138,0.9960966208126328,0.09989290312995154,5,0.001,0.1,0.997246811255561,0.9972662134370534,0.9976156110342494,0.9971428784704133,0.99737243383378,0.9972400981217122,1.0,0.9971080256084845,0.9969084714133933,0.9973970259012507,0.9976162083758345,0.9964789150945699
3,7,1.522665581126122,0.5898,5000,2.0160415084273726,0.45018007202881155,833,2.01452000148761,0.4715,0.9990069801252611,0.08335508769401997,0.08316257037992399,0.08318608426421388,0.9997173339086988,,0.9997148684045196,0.00028513159548038125,0.9960966208410809,0.09989290312996772,5,0.001,0.1,0.9977624848287537,0.9977294141531329,0.9975469593654253,0.998045038881265,0.9978019761557044,0.9978400405343972,0.9971080256084845,1.0,0.9980395497439952,0.9974909801790109,0.99814892246842,0.9977299862076803
3,8,1.5358564496799638,0.59584,5000,2.0294301907221475,0.468187274909964,833,2.01452000148761,0.4715,0.9990217142360768,0.0833113666888722,0.08311915159198015,0.08318608426421388,0.9991953861775685,,0.9991977653415297,0.0008022346584702911,0.9960966208499391,0.09989290312996087,5,0.001,0.1,0.9975556066217823,0.9978532214613723,0.9978360914090044,0.9980168573137425,0.9976177083045438,0.9979163957898547,0.9969084714133933,0.9980395497439952,1.0,0.9974988337925278,0.9981269538204858,0.9980518313602362
3,9,1.530540219309983,0.57596,5000,2.0036280508394593,0.49339735894357745,833,2.0145200030110515,0.4715,0.998729419346006,0.0833099654453703,0.08311776002921799,0.08318608426421388,0.9991786578656826,,0.9991784343859038,0.0008215656140961869,0.9960966208431002,0.09989290312996028,5,0.001,0.1,0.9978631115708676,0.99755694082261,0.9977952431107949,0.99731756484634,0.996907149302979,0.9978445052454649,0.9973970259012507,0.9974909801790109,0.9974988337925278,1.0,0.9974331299437446,0.9968138972322758
3,10,1.5388748079348522,0.58116,5000,2.0039256546232433,0.47058823529411764,833,2.0145199999641688,0.4715,0.9991277786227758,0.08337876537980071,0.08318608426421388,0.08318608426421388,0.9999999999879787,,0.9999951672610935,4.83273890650171e-06,0.9960966208394499,0.09989290312996803,5,0.001,0.1,0.9980039656345684,0.9978508714319283,0.9980475065621095,0.9980881157234942,0.9977766586439659,0.9976478668984826,0.9976162083758345,0.99814892246842,0.9981269538204858,0.9974331299437446,1.0,0.9979508166165623
3,11,1.5324372640081272,0.60056,5000,2.032464102462486,0.46338535414165666,833,2.014520000725889,0.4715,0.9988329400786609,0.0833275582533621,0.0831352312706549,0.08318608426421388,0.9993886838765381,,0.9993862421588812,0.0006137578411188338,0.9960966208437816,0.09989290312996504,5,0.001,0.1,0.99751331111296,0.997882532873622,0.997532849115921,0.9983815733931575,0.9972583955828412,0.9975631665133473,0.9964789150945699,0.9977299862076803,0.9980518313602362,0.9968138972322758,0.9979508166165623,1.0
4,0,1.3933573851919479,0.60888,5000,1.897745375280027,0.5323741007194245,834,1.8939062779703841,0.5521,0.9987719227944206,0.08333267212089604,0.08314030979170464,0.08317719714291899,0.9995565208557037,,0.9995553880206068,0.00044461197939316133,0.998055848395636,0.09987597248924684,5,0.001,0.1,1.0,0.9974151821882167,0.9970458286755931,0.9976074580193804,0.9971690332137727,0.9971104937324943,0.9968638794830181,0.9974276076394049,0.997284546152835,0.997592077459153,0.9976753648714852,0.9972062394736586
4,1,1.401819849166141,0.60532,5000,1.897793138468707,0.5551558752997602,834,1.8939062775895237,0.5521,0.9987648936603363,0.08336095578784278,0.08316839788708903,0.08317719714291899,0.9998942107075964,,0.9998936797440582,0.00010632025594181638,0.9980558484050048,0.09987597248924791,5,0.001,0.1,0.9974151821882167,1.0,0.9972128334301807,0.9978771807093098,0.9972308682840373,0.9974847673729039,0.9967706985620619,0.9970495078323246,0.9973992108248179,0.9971253665247394,0.9973745620424465,0.9973719561045536
4,2,1.391728067853648,0.6104,5000,1.8914382104520444,0.5575539568345323,834,1.8939062760660823,0.5521,0.9987474757464098,0.0833270292005724,0.08313470587437283,0.08317719714291899,0.9994891476149088,,0.9994877296759165,0.0005122703240835191,0.9980558483963472,0.09987597248924633,5,0.001,0.1,0.9970458286755931,0.9972128334301807,1.0,0.9971704685392028,0.9971997906236488,0.9978342498796111,0.997227927704198,0.9969582678358079,0.9972848565979748,0.9975034543732813,0.9977227894930102,0.9969449520890402
4,3,1.3978965523895943,0.62352,5000,1.8943645380161427,0.5551558752997602,834,1.8939062783512444,0.5521,0.9989628449545916,0.0833491761615086,0.08315669972876291,0.08317719714291899,0.9997535692971161,,0.9997535303157712,0.00024646968422881166,0.9980558484060591,0.09987597248924772,5,0.001,0.1,0.9976074580193804,0.9978771807093098,0.9971704685392028,1.0,0.9974503666220966,0.997590665538742,0.9969296477323781,0.9976602288922355,0.9976511921143256,0.9969927486416872,0.9977455485426153,0.9980097041041529
4,4,1.383959394199833,0.61916,5000,1.898717310693529,0.5486194477791116,833,1.893906275685222,0.5521,0.9987310538277977,0.08331826191911185,0.08312599918057427,0.08317719714291899,0.99938447116394,,0.9993814094199747,0.0006185905800253355,0.9980558483959439,0.09987597248924501,5,0.001,0.1,0.9971690332137727,0.9972308682840373,0.9971997906236488,0.9974503666220966,1.0,0.9976677611818966,0.9972030531052966,0.9974904963218761,0.9972151314408286,0.9965843714908749,0.9976962898770153,0.9970014244686966
4,5,1.3774133254767982,0.62384,5000,1.8906637518494218,0.5354141656662665,833,1.8939062772086634,0.5521,0.9989053593526759,0.08333851082602721,0.08314610813507468,0.08317719714291899,0.9996262315885625,,0.9996230463652971,0.00037695363470291454,0.9980558483950022,0.09987597248924723,5,0.001,0.1,0.9971104937324943,0.9974847673729039,0.9978342498796111,0.997590665538742,0.9976677611818966,1.0,0.996975774716359,0.9975359936669765,0.9974329054164164,0.9976171844823591,0.9973922674662773,0.9973552476679103
4,6,1.3741912403683754,0.6182,5000,1.8862299345157765,0.5630252100840336,833,1.893906276827803,0.5521,0.9983798354987309,0.08329510896941576,0.08310300617193164,0.08317719714291899,0.9991080371239369,,0.9991059433023072,0.0008940566976928244,0.9980558484163411,0.09987597248923917,5,0.001,0.1,0.9968638794830181,0.9967706985620619,0.997227927704198,0.9969296477323781,0.9972030531052966,0.996975774716359,1.0,0.9967349375119182,0.9964014028940014,0.9971812580161505,0.997337535315574,0.9960743524618905
4,7,1.3793351868914951,0.61712,5000,1.8952635261747572,0.5282112845138055,833,1.8939062779703841,0.5521,0.9987817661729266,0.08334738510552606,0.08315492105773332,0.08317719714291899,0.9997321851787441,,0.9997293666212389,0.00027063337876109816,0.9980558484058769,0.09987597248924765,5,0.001,0.1,0.9974276076394049,0.9970495078323246,0.9969582678358079,0.9976602288922355,0.9974904963218761,0.9975359936669765,0.9967349375119182,1.0,0.9973710448018549,0.9970878648372207,0.9978508994880005,0.9973481035214609
4,8,1.3936129974711473,0.62452,5000,1.9129900844008834,0.5594237695078031,833,1.8939062775895237,0.5521,0.9987684290846931,0.08332014505342847,0.08312786930226855,0.08317719714291899,0.9994069547502894,,0.999405573114507,0.000594426885493049,0.9980558483954511,0.09987597248924536,5,0.001,0.1,0.997284546152835,0.9973992108248179,0.9972848565979748,0.9976511921143256,0.9972151314408286,0.9974329054164164,0.9964014028940014,0.9973710448018549,1.0,0.9971930532261759,0.9977713850575155,0.9973514333816753
4,9,1.3904876500937589,0.61016,5000,1.877559017252039,0.5798319327731093,833,1.8939062760660823,0.5521,0.9986367836853888,0.0833150371486009,0.08312279669214898,0.08317719714291899,0.9993459691641702,,0.9993427475087231,0.0006572524912769051,0.998055848396381,0.09987597248924442,5,0.001,0.1,0.997592077459153,0.9971253665247394,0.9975034543732813,0.9969927486416872,0.9965843714908749,0.9976171844823591,0.9971812580161505,0.9970878648372207,0.9971930532261759,1.0,0.9973228997071376,0.9965789280194142
4,10,1.398500087838264,0.61228,5000,1.879997310815034,0.5582232893157263,833,1.8939062775895237,0.5521,0.9990269245064795,0.08336981633842981,0.08317719714291899,0.08317719714291899,0.9999999999879774,,0.9999951672610935,4.83273890650171e-06,0.9980558484050556,0.09987597248924794,5,0.001,0.1,0.9976753648714852,0.9973745620424465,0.9977227894930102,0.9977455485426153,0.9976962898770153,0.9973922674662773,0.997337535315574,0.9978508994880005,0.9977713850575155,0.9973228997071376,1.0,0.9975635052086083
4,11,1.389001424525194,0.62672,5000,1.9172392156389024,0.5522208883553421,833,1.893906276827803,0.5521,0.9986391494564747,0.08332590136864008,0.08313358583720978,0.08317719714291899,0.9994756819392008,,0.9994732314591972,0.0005267685408028022,0.9980558483958955,0.09987597248924618,5,0.001,0.1,0.9972062394736586,0.9973719561045536,0.9969449520890402,0.9980097041041529,0.9970014244686966,0.9973552476679103,0.9960743524618905,0.9973481035214609,0.9973514333816753,0.9965789280194142,0.9975635052086083,1.0
5,0,1.2817636240060162,0.6318,5000,1.765035042056331,0.5671462829736211,834,1.7600358408480026,0.5873,0.9984753921434003,0.08333227333819271,0.08313991376549829,0.08317098344289603,0.9996264360824986,,0.9996230463652971,0.00037695363470291454,0.9984962923774077,0.09984957124926658,5,0.001,0.1,1.0,0.9966982563433425,0.99647225066053,0.9971737906001878,0.9965451327554653,0.9965482097520895,0.9961121258736547,0.9968275277460914,0.9967569963987483,0.9969476479192781,0.9971221300593339,0.9964760761955384
5,1,1.2876556189956179,0.62616,5000,1.7657472999007613,0.5827338129496403,834,1.76003583818198,0.5873,0.9985314706351194,0.08335142862703966,0.08315893661799316,0.08317098344289603,0.99985515590409,,0.9998550178328066,0.00014498216719338597,0.9984962923766479,0.0998495712492674,5,0.001,0.1,0.9966982563433425,1.0,0.9968122359401899,0.9974754194663477,0.9965728476717866,0.9970693999368282,0.9962798933032848,0.9967090641434759,0.9966711518384498,0.9966297061258891,0.9968532952708871,0.9965797647754775
5,2,1.279501544366217,0.63324,5000,1.7568693955739338,0.5935251798561151,834,1.760035841228863,0.5873,0.998545639773964,0.08333108013189269,0.08313872880681532,0.08317098344289603,0.9996121888218086,,0.9996085481485777,0.00039145185142230865,0.9984962923768208,0.09984957124926648,5,0.001,0.1,0.99647225066053,0.9968122359401899,1.0,0.9968045862915121,0.9966473003586368,0.9973898281327381,0.9968512964606611,0.9963409274668523,0.997029742990561,0.9969707544075338,0.9970905403209218,0.996113073400898
5,3,1.2833540699284547,0.64736,5000,1.7602813641230266,0.5899280575539568,834,1.7600358400862819,0.5873,0.9987795131246873,0.08335221068209923,0.08315971326477183,0.08317098344289603,0.9998644938576227,,0.999859850571713,0.00014014942828699528,0.9984962923765706,0.0998495712492674,5,0.001,0.1,0.9971737906001878,0.9974754194663477,0.9968045862915121,1.0,0.9969758545383393,0.99713717234187,0.9964272960276963,0.9971263689357068,0.9970437594225248,0.9965714972095528,0.9973606609359681,0.9972269689207156
5,4,1.267990723688891,0.64556,5000,1.760445064968533,0.5834333733493398,833,1.7600358408480026,0.5873,0.9984016836749096,0.08332105705502142,0.08312877500164054,0.08317098344289603,0.9994925100015924,,0.9994877296759165,0.0005122703240835191,0.9984962923766987,0.09984957124926534,5,0.001,0.1,0.9965451327554653,0.9965728476717866,0.9966473003586368,0.9969758545383393,1.0,0.9969793964815618,0.9965200956633526,0.9968315392299372,0.9968542209048737,0.9958664132146431,0.99702895179486,0.9959758444948273
5,5,1.2627381282247556,0.6462,5000,1.7549005172870777,0.5738295318127251,833,1.7600358404671421,0.5873,0.9986864727787895,0.08334266700461057,0.08315023557942497,0.08317098344289603,0.9997505396279814,,0.9997486975768647,0.00025130242313531337,0.9984962923804788,0.09984957124926717,5,0.001,0.1,0.9965482097520895,0.9970693999368282,0.9973898281327381,0.99713717234187,0.9969793964815618,1.0,0.9963734123740702,0.9969187923534927,0.9972024721934972,0.9971916122481307,0.9968706705997478,0.9965284689713765
5,6,1.2618018337875414,0.64096,5000,1.7513296206792195,0.5930372148859544,833,1.7600358408480026,0.5873,0.9981221166777836,0.08329783472437674,0.08310571310191683,0.08317098344289603,0.9992152270025372,,0.999212263558249,0.000787736441751008,0.9984962923729813,0.09984957124926065,5,0.001,0.1,0.9961121258736547,0.9962798933032848,0.9968512964606611,0.9964272960276963,0.9965200956633526,0.9963734123740702,1.0,0.9960075929056508,0.9961547032448828,0.9968536972655732,0.9966593930136558,0.9952098897071002
5,7,1.2665291600925908,0.6388,5000,1.7611139262164082,0.5858343337334934,833,1.7600358385628405,0.5873,0.9985263353581504,0.08334294051516675,0.08315050719893347,0.08317098344289603,0.9997538054245039,,0.9997535303157712,0.00024646968422881166,0.9984962923757295,0.09984957124926719,5,0.001,0.1,0.9968275277460914,0.9967090641434759,0.9963409274668523,0.9971263689357068,0.9968315392299372,0.9969187923534927,0.9960075929056508,1.0,0.9969664019772179,0.9966952550214881,0.9972911738317765,0.9965752286874875
5,8,1.2772326666838045,0.644,5000,1.7838026285171509,0.5918367346938775,833,1.7600358404671421,0.5873,0.9986196121800772,0.08332924595446936,0.08313690730703703,0.08317098344289603,0.9995902881576242,,0.9995892171929519,0.00041078280704809345,0.9984962923768048,0.09984957124926633,5,0.001,0.1,0.9967569963987483,0.9966711518384498,0.997029742990561,0.9970437594225248,0.9968542209048737,0.9972024721934972,0.9961547032448828,0.9969664019772179,1.0,0.9967119803031874,0.9971726546524192,0.9968446313884145
5,9,1.2806859894922584,0.63148,5000,1.7367660690236975,0.6122448979591837,833,1.7600358404671421,0.5873,0.9983835324843106,0.08331849356772199,0.08312622922850389,0.08317098344289603,0.9994619010917151,,0.9994587332424778,0.0005412667575221963,0.9984962923761157,0.099849571249265,5,0.001,0.1,0.9969476479192781,0.9966297061258891,0.9969707544075338,0.9965714972095528,0.9958664132146431,0.9971916122481307,0.9968536972655732,0.9966952550214881,0.9967119803031874,1.0,0.9967152769070792,0.9954267438543822
5,10,1.284288388908289,0.63492,5000,1.7422486543655396,0.5990396158463386,833,1.76003583818198,0.5873,0.9987389536960798,0.0833635593530242,0.08317098344289603,0.08317098344289603,0.9999999999879765,,0.9999951672610935,4.83273890650171e-06,0.9984962923766504,0.09984957124926745,5,0.001,0.1,0.9971221300593339,0.9968532952708871,0.9970905403209218,0.9973606609359681,0.99702895179486,0.9968706705997478,0.9966593930136558,0.9972911738317765,0.9971726546524192,0.9967152769070792,1.0,0.9966723279901791
5,11,1.2732439250703071,0.64592,5000,1.789452146600794,0.575030012004802,833,1.7600358408480026,0.5873,0.9981373153302384,0.08331720904638461,0.08312495358303419,0.08317098344289603,0.9994465634653353,,0.9994442350257585,0.0005557649742414794,0.9984962923771048,0.09984957124926482,5,0.001,0.1,0.9964760761955384,0.9965797647754775,0.996113073400898,0.9972269689207156,0.9959758444948273,0.9965284689713765,0.9952098897071002,0.9965752286874875,0.9968446313884145,0.9954267438543822,0.9966723279901791,1.0
6,0,1.190575745151301,0.6498,5000,1.62478001470919,0.592326139088729,834,1.6185438846246885,0.6109,0.998076221470441,0.08333038090247787,0.08313803441046756,0.08316053812433995,0.9997293943091317,,0.9997293666212389,0.00027063337876109816,0.9985565838009521,0.0998147559756238,5,0.001,0.1,1.0,0.9957883613680583,0.9956396587152215,0.9964975612871695,0.9959948281487626,0.9957941583991391,0.9951044313386853,0.9964187868071517,0.9959256241331937,0.9962506756544108,0.9958520557589322,0.9954616508946087
6,1,1.1943977588301251,0.64464,5000,1.6264238225089178,0.5983213429256595,834,1.6185438853864091,0.6109,0.9981079466193331,0.08334315379189683,0.08315071900106301,0.08316053812433995,0.9998819256765493,,0.9998791815273388,0.00012081847266121049,0.9985565837967705,0.09981475597562417,5,0.001,0.1,0.9957883613680583,1.0,0.9956543771513824,0.9966009155163574,0.9959782738557565,0.9962866955698245,0.9955022825176011,0.9957629495406723,0.9958540379806495,0.9958519158581874,0.9960991855506193,0.9957278783646916
6,2,1.1855170566564912,0.65128,5000,1.6145649177056771,0.6139088729016786,834,1.6185438846246885,0.6109,0.9981271570250079,0.0833312933191694,0.08313894052052753,0.08316053812433995,0.9997402902229917,,0.9997390320990518,0.00026096790094820577,0.9985565838009007,0.09981475597562384,5,0.001,0.1,0.9956396587152215,0.9956543771513824,1.0,0.9958332543662428,0.9961602820923674,0.996642597737584,0.9958200580431243,0.9956765041152945,0.9964057244995561,0.9959800091772226,0.9959881211314928,0.995537802364487
6,3,1.1904068205007323,0.66352,5000,1.6187102220676564,0.6007194244604317,834,1.6185438853864091,0.6109,0.9983993800899753,0.08335304128579568,0.08316053812433995,0.08316053812433995,0.999999999987975,,0.9999951672610935,4.83273890650171e-06,0.9985565837967983,0.09981475597562423,5,0.001,0.1,0.9964975612871695,0.9966009155163574,0.9958332543662428,1.0,0.9961949071659798,0.9963724783428944,0.9957990859244944,0.9965506215634234,0.9963209796517045,0.9956842696028158,0.9959597522152716,0.9967840584591817
6,4,1.1744030810465478,0.6616,5000,1.6133940970456158,0.6074429771908764,833,1.6185438853864091,0.6109,0.9982182253698332,0.08332808553132219,0.08313575490432798,0.08316053812433995,0.9997019833977671,,0.9997003701878002,0.00029962981219977536,0.998556583806173,0.09981475597562366,5,0.001,0.1,0.9959948281487626,0.9959782738557565,0.9961602820923674,0.9961949071659798,1.0,0.9963892418590562,0.9960019008069031,0.9964334322218464,0.9964362251094192,0.995209705785989,0.9959665201866471,0.9956640975155572
