round,client_id,client_i_training_loss,client_i_training_accuracy,client_i_training_dataset_size,client_i_evaluation_loss,client_i_evaluation_accuracy,client_i_evaluation_dataset_size,client_i_central_evaluation_loss,client_i_central_evaluation_accuracy,client_i_cosine_similarity,client_i_importance_coefficient,client_i_tanh_val,tanh_normalization_value,client_i_q,client_i_mask_order,client_i_v_nonzero_fraction,client_i_v_sparsity,client_i_v_cosine_similarity,client_i_reward_gradient_norm,local_epochs,learning_rate,gamma,client_0_cosine_similarity,client_1_cosine_similarity,client_2_cosine_similarity,client_3_cosine_similarity,client_4_cosine_similarity,client_5_cosine_similarity,client_6_cosine_similarity,client_7_cosine_similarity,client_8_cosine_similarity,client_9_cosine_similarity,client_10_cosine_similarity,client_11_cosine_similarity
0,0,0.33461424347464064,0.8946,5000,2.176015359384042,0.5107913669064749,834,2.1804922571578347,0.4889,0.7885932186722389,0.08307859280764063,0.08288798142889635,0.083727665431851,0.9899712478591908,,0.989970383012901,0.010029616987099033,0,0.3955056278009829,5,0.1,0.5,1.0,0.5851846379773958,0.5927318307825639,0.6000236649367012,0.591194521154755,0.5905894034993745,0.5962776359242167,0.579445174593245,0.5944423937166171,0.5764999043222472,0.5892370487389011,0.5898070806784212
0,1,0.33805967706736106,0.89384,5000,2.183188447245845,0.47961630695443647,834,2.18049213223564,0.4888,0.793388000891143,0.08358372492155398,0.0833896220282645,0.083727665431851,0.9959625841370482,,0.9959590382008935,0.004040961799106513,0,0.39550563408547407,5,0.1,0.5,0.5851846379773958,1.0,0.6028817180179857,0.5883637726258437,0.5945016477331263,0.5910042219519589,0.5951890738113518,0.5974855760693354,0.594161211104004,0.5889115501344482,0.5932881772043053,0.5999744282533184
0,2,0.34348655822597873,0.89272,5000,2.177965252487748,0.4832134292565947,834,2.180492148993495,0.4888,0.7966193157379644,0.08392414515854811,0.083727665431851,0.083727665431851,0.9999999999880564,,0.9999949801716781,5.019828321906061e-06,0,0.39550563460366184,5,0.1,0.5,0.5927318307825639,0.6028817180179857,1.0,0.606125749677927,0.6024315812525697,0.590890141770989,0.5992848842733501,0.5829453533512651,0.5960992501877005,0.5833671139958847,0.6023375577514537,0.6025229106529605
0,3,0.3293757763329395,0.896,5000,2.1844626709266945,0.46882494004796166,834,2.1804921261418744,0.4888,0.7936197369297342,0.0836081384005608,0.08341386569075068,0.083727665431851,0.996252137922656,,0.996250188243562,0.0037498117564379596,0,0.39550563417152007,5,0.1,0.5,0.6000236649367012,0.5883637726258437,0.606125749677927,1.0,0.5823263434611736,0.5910957334702683,0.6077013863024845,0.5842232854299305,0.6008399946008042,0.5868735315434334,0.586198305180113,0.5993739150552351
0,4,0.3430875942905902,0.8918,5000,2.1827181886743614,0.49939975990396157,833,2.1804920575870113,0.4889,0.7892226509070807,0.08314490373081401,0.0829538364062846,0.083727665431851,0.990757785702421,,0.9907534762311129,0.009246523768887127,0,0.39550562917124926,5,0.1,0.5,0.591194521154755,0.5945016477331263,0.6024315812525697,0.5823263434611736,1.0,0.5919067687113352,0.5886243376540614,0.5746037246401107,0.5999978359959472,0.5973193183098902,0.5933973495606486,0.5751045196786263
0,5,0.3223466640682357,0.89888,5000,2.1769491301642523,0.5126050420168067,833,2.1804920621573354,0.4888,0.7908176763411594,0.08331294026145875,0.08312071429287447,0.083727665431851,0.9927508890061755,,0.9927463480748958,0.0072536519251041875,0,0.395505631953948,5,0.1,0.5,0.5905894034993745,0.5910042219519589,0.590890141770989,0.5910957334702683,0.5919067687113352,1.0,0.589899915925798,0.5824122837447816,0.6054774312964127,0.5855978003253437,0.6031071706238973,0.5845672729421603
0,6,0.3392965983801112,0.8954,5000,2.1785943419845015,0.46938775510204084,833,2.180492136044243,0.4888,0.7933220962722626,0.08357678184511551,0.0833827272288009,0.083727665431851,0.9958802362126441,,0.9958787209477435,0.004121279052256455,0,0.3955056340594784,5,0.1,0.5,0.5962776359242167,0.5951890738113518,0.5992848842733501,0.6077013863024845,0.5886243376540614,0.589899915925798,1.0,0.5848333827955392,0.5856861608755182,0.5836886471369516,0.5974391873485746,0.601695823220945
0,7,0.33883700735606015,0.89732,5000,2.1770083286144115,0.4897959183673469,833,2.1804920035048414,0.4889,0.7835350707233594,0.0825457150148119,0.08235874140296666,0.083727665431851,0.9836502782824845,,0.983645399327343,0.016354600672657038,0,0.395505606121145,5,0.1,0.5,0.579445174593245,0.5974855760693354,0.5829453533512651,0.5842232854299305,0.5746037246401107,0.5824122837447816,0.5848333827955392,1.0,0.5840358966894683,0.5873094165766196,0.5944040730512125,0.5857225019454199
0,8,0.32957126976340817,0.89712,5000,2.1823203563690186,0.49339735894357745,833,2.1804921512786573,0.4888,0.7962229402029188,0.08388238684653726,0.08368619971409824,0.083727665431851,0.9995047548676008,,0.9995030369961347,0.0004969630038652584,0,0.3955056346021527,5,0.1,0.5,0.5944423937166171,0.594161211104004,0.5960992501877005,0.6008399946008042,0.5999978359959472,0.6054774312964127,0.5856861608755182,0.5840358966894683,1.0,0.597545084375332,0.6163442956472964,0.5832260849278164
0,9,0.3629289304778265,0.888,5000,2.1775917035562022,0.5162064825930373,833,2.1804920050282828,0.4889,0.7837432006757854,0.08256764158374409,0.08238051920547793,0.083727665431851,0.9839103811098915,,0.9839064304000803,0.0160935695999197,0,0.3955056075455095,5,0.1,0.5,0.5764999043222472,0.5889115501344482,0.5833671139958847,0.5868735315434334,0.5973193183098902,0.5855978003253437,0.5836886471369516,0.5873094165766196,0.597545084375332,1.0,0.5822314063950998,0.5700524964726532
0,10,0.3531745573593256,0.88956,5000,2.173183220404166,0.48139255702280914,833,2.180492118524667,0.4888,0.7949988193050833,0.08375342524857952,0.08355813990186856,0.083727665431851,0.9979752745988312,,0.9979719893579639,0.00202801064203606,0,0.395505634516809,5,0.1,0.5,0.5892370487389011,0.5932881772043053,0.6023375577514537,0.586198305180113,0.5933973495606486,0.6031071706238973,0.5974391873485746,0.5944040730512125,0.6163442956472964,0.5822314063950998,1.0,0.5882515461489104
0,11,0.3365753503812916,0.89148,5000,2.183509703035708,0.460984393757503,833,2.180492312001725,0.4889,0.78805227493115,0.0830216041806354,0.08283138407026332,0.083727665431851,0.9892952782338532,,0.9892927061894483,0.010707293810551688,0,0.39550562651376164,5,0.1,0.5,0.5898070806784212,0.5999744282533184,0.6025229106529605,0.5993739150552351,0.5751045196786263,0.5845672729421603,0.601695823220945,0.5857225019454199,0.5832260849278164,0.5700524964726532,0.5882515461489104,1.0
1,0,0.2971902978968374,0.91064,5000,2.0043499867121377,0.7529976019184652,834,2.00977468985719,0.7693,0.8089272473338257,0.08306668498547806,0.08287615540677123,0.08356830308934741,0.9917175812122463,,0.9917172832689122,0.008282716731087825,0.9617577812332305,0.40587605073576294,5,0.1,0.5,1.0,0.631462602960112,0.6217208809098314,0.6267796938398746,0.624754166868938,0.6189946002139379,0.6232529069129236,0.6250667871853485,0.6242752708945845,0.6296191767348329,0.6137509699567623,0.6414171462572461
1,1,0.29284804813996856,0.90724,5000,2.012607221250181,0.7601918465227818,834,2.0097749446527646,0.7693,0.8176596951107105,0.08370444814253032,0.08350950455315094,0.08356830308934741,0.9992964014462169,,0.9992922042066161,0.0007077957933838697,0.9617577695219633,0.4058760556085314,5,0.1,0.5,0.631462602960112,1.0,0.6270665456205923,0.6360677648865902,0.6390441919424161,0.63207839187498,0.6403786362661614,0.6344242384585002,0.6337326689180639,0.6356574813047221,0.6210007656636739,0.6329402848924024
1,2,0.30031876656268336,0.90688,5000,2.0038262605667114,0.7937649880095923,834,2.009774977025894,0.7693,0.8094831272804247,0.08364500057039398,0.08345047126571606,0.08356830308934741,0.9985899938101654,,0.9985894282415542,0.0014105717584458333,0.9617578044905087,0.4058760555726832,5,0.1,0.5,0.6217208809098314,0.6270665456205923,1.0,0.6308010494915252,0.6302198751289513,0.6281149805466559,0.6275937447591747,0.6269127756531069,0.6260142824216892,0.6285730196179256,0.6198089441115091,0.6157162466207619
1,3,0.2891487081968196,0.90868,5000,2.0164621980101973,0.7434052757793765,834,2.0097749431293233,0.7693,0.8188976448633328,0.08376365990272411,0.08356830308934741,0.08356830308934741,0.9999999999880337,,0.9999949801716781,5.019828321906061e-06,0.961757766755601,0.40587605561363216,5,0.1,0.5,0.6267796938398746,0.6360677648865902,0.6308010494915252,1.0,0.6363621067768627,0.6376957748680628,0.6348165081866164,0.6332176408841029,0.6386514647255529,0.6354185808786854,0.6310431164766678,0.6348333984360968
1,4,0.31047267340076196,0.90328,5000,2.0122897404211537,0.7611044417767107,833,2.0097744918098086,0.7693,0.8123217336054468,0.0832286275770087,0.08303698354264442,0.08356830308934741,0.9936420924195556,,0.993639877516189,0.006360122483811015,0.9617577374046179,0.4058760528876268,5,0.1,0.5,0.624754166868938,0.6390441919424161,0.6302198751289513,0.6363621067768627,1.0,0.620884553781781,0.6349035874902792,0.6256150541609355,0.6307520800344075,0.6360090209091884,0.6113535173924048,0.6237823598493112
1,5,0.28675488806122046,0.91212,5000,2.0089299899560435,0.7971188475390156,833,2.0097743154714665,0.7693,0.810574895366349,0.08327893394378419,0.0830869428312096,0.08356830308934741,0.9942399182305113,,0.9942372370864916,0.005762762913508412,0.9617577986215791,0.405876053455964,5,0.1,0.5,0.6189946002139379,0.63207839187498,0.6281149805466559,0.6376957748680628,0.620884553781781,1.0,0.6312970023291643,0.6234985965279523,0.6287590511878653,0.6324363324392256,0.6123917604087165,0.6297507762431404
1,6,0.29919992160574077,0.90828,5000,2.008540153503418,0.7755102040816326,833,2.0097749423676023,0.7693,0.8166353648975931,0.08366421821938605,0.08346955505275527,0.08356830308934741,0.9988183553579473,,0.9988153205160384,0.0011846794839616148,0.9617577766379427,0.4058760555896096,5,0.1,0.5,0.6232529069129236,0.6403786362661614,0.6275937447591747,0.6348165081866164,0.6349035874902792,0.6312970023291643,1.0,0.6340102871058684,0.6280091407812635,0.6359959968607243,0.6268058363042042,0.6368298028152263
1,7,0.298042247872681,0.91152,5000,2.0055664247936673,0.7719087635054022,833,2.009773501192038,0.7693,0.8091387069472809,0.08272176954619154,0.08253359922591952,0.08356830308934741,0.9876184650619355,,0.9876160835299432,0.012383916470056766,0.9617578768977119,0.4058760416408802,5,0.1,0.5,0.6250667871853485,0.6344242384585002,0.6269127756531069,0.6332176408841029,0.6256150541609355,0.6234985965279523,0.6340102871058684,1.0,0.6222882869866371,0.6169726848363722,0.6189329025135888,0.6243238295906112
1,8,0.29047515537044044,0.91092,5000,2.0150453823584096,0.78031212484994,833,2.009774993022029,0.7693,0.8118129938559092,0.08369845932467534,0.0835035574973634,0.08356830308934741,0.9992252374334559,,0.9992219266101099,0.0007780733898901104,0.9617578060961071,0.40587605560698015,5,0.1,0.5,0.6242752708945845,0.6337326689180639,0.6260142824216892,0.6386514647255529,0.6307520800344075,0.6287590511878653,0.6280091407812635,0.6222882869866371,1.0,0.6332653226866869,0.6224304395191825,0.6172008224838743
1,9,0.32164979724771087,0.90064,5000,2.0029338112583868,0.7671068427370948,833,2.009774053820406,0.7693,0.8129651165383193,0.08286939881344438,0.08268022108530679,0.08356830308934741,0.9893729802784136,,0.9893680036142763,0.010631996385723652,0.9617578436519809,0.40587604641708935,5,0.1,0.5,0.6296191767348329,0.6356574813047221,0.6285730196179256,0.6354185808786854,0.6360090209091884,0.6324363324392256,0.6359959968607243,0.6169726848363722,0.6332653226866869,1.0,0.6130913390655112,0.6253685950061096
1,10,0.31210148433211504,0.90628,5000,2.0000465181138782,0.7815126050420168,833,2.0097744049736486,0.7693,0.8017839816934649,0.0832642615678917,0.0830723717274224,0.08356830308934741,0.9940655566215236,,0.9940615430952261,0.005938456904773903,0.9617577757797773,0.40587605329523113,5,0.1,0.5,0.6137509699567623,0.6210007656636739,0.6198089441115091,0.6310431164766678,0.6113535173924048,0.6123917604087165,0.6268058363042042,0.6189329025135888,0.6224304395191825,0.6130913390655112,1.0,0.6174754459280487
1,11,0.29733310951762326,0.90864,5000,2.014516313870748,0.7466986794717887,833,2.0097747595546345,0.7693,0.8108105379869196,0.08309453740649164,0.08290381646076778,0.08356830308934741,0.9920485805621629,,0.9920435721098338,0.007956427890166151,0.9617577696489227,0.40587605114357933,5,0.1,0.5,0.6414171462572461,0.6329402848924024,0.6157162466207619,0.6348333984360968,0.6237823598493112,0.6297507762431404,0.6368298028152263,0.6243238295906112,0.6172008224838743,0.6253685950061096,0.6174754459280487,1.0
2,0,0.2668350995708091,0.91844,5000,1.7930230652844463,0.8752997601918465,834,1.8016029478262028,0.8769,0.8069005994824067,0.08295003442764359,0.08276030493882834,0.08362412100658785,0.9896702523344774,,0.9896993122835199,0.010300687716480073,0.9690473318960925,0.4064305315598544,5,0.1,0.5,1.0,0.6294470186330611,0.6279555291971289,0.6227457106518338,0.6229648247058477,0.6216507466165341,0.6321804443584773,0.6238693321591092,0.6174332651450709,0.6262563443463066,0.6221160361839488,0.6253357894076297
2,1,0.26688015573260604,0.91708,5000,1.8046225132765594,0.8764988009592326,834,1.8016031710103677,0.8769,0.8163402102028289,0.08369973564966302,0.08350482492260082,0.08362412100658785,0.9985734249454626,,0.9985693489282667,0.0014306510717333465,0.9690475797123582,0.4064305415956126,5,0.1,0.5,0.6294470186330611,1.0,0.6281742751120174,0.6394895734345473,0.6246262804271343,0.6386746137861291,0.6436724881411859,0.6341055452810267,0.6295487437564566,0.6368869775291381,0.631699164968301,0.6248396017100467
2,2,0.2733405660043002,0.91688,5000,1.791059926704124,0.9100719424460432,834,1.8016032250925376,0.8769,0.8120916831117264,0.08351270147614487,0.0833190920501506,0.08362412100658785,0.9963523807035344,,0.9963505848099995,0.0036494151900005045,0.969047551572706,0.4064305411439088,5,0.1,0.5,0.6279555291971289,0.6281742751120174,1.0,0.6306618380747113,0.6167945436254324,0.6404460417669413,0.6333532681196069,0.635100086502076,0.6290267069573644,0.6219525358948256,0.6314954281693663,0.6250276478324703
2,3,0.25960274829653796,0.92104,5000,1.8109134523956865,0.8585131894484412,834,1.8016031892916646,0.8769,0.81492572520618,0.08368966891655752,0.08349482837698388,0.08362412100658785,0.9984538835320943,,0.9984488730485417,0.0015511269514583148,0.9690475792540824,0.40643054158879005,5,0.1,0.5,0.6227457106518338,0.6394895734345473,0.6306618380747113,1.0,0.6327204796402663,0.6353838310155088,0.6402085091763317,0.6401293760918703,0.6319151872077784,0.623988160272514,0.6304790457637947,0.619325308609245
2,4,0.2758311994741582,0.91592,5000,1.8023465518598203,0.8523409363745498,833,1.8016027825328107,0.8769,0.8077983478780528,0.08308826286311077,0.08289758503935062,0.08362412100658785,0.9913118851417126,,0.9913106771748407,0.008689322825159329,0.9690474520871145,0.406430535503801,5,0.1,0.5,0.6229648247058477,0.6246262804271343,0.6167945436254324,0.6327204796402663,1.0,0.6276232564206019,0.6322396960490434,0.6273948379206273,0.6235656236029412,0.6311761364168653,0.621622656934481,0.6192749498074044
2,5,0.2548285836223394,0.92424,5000,1.8039893794942785,0.8751500600240096,833,1.8016025928643564,0.8769,0.8156460338032787,0.08339442633589504,0.0832016368274099,0.08362412100658785,0.9949478191807885,,0.9949450328798755,0.005054967120124543,0.969047437672763,0.4064305402954049,5,0.1,0.5,0.6216507466165341,0.6386746137861291,0.6404460417669413,0.6353838310155088,0.6276232564206019,1.0,0.6363079810085788,0.6347176891625382,0.6328101691524992,0.6312823510393963,0.6276095696470876,0.6296846703506609
2,6,0.2648130102990682,0.92172,5000,1.8019512715163055,0.8823529411764706,833,1.8016031489204676,0.8769,0.8205589725568386,0.0838198706389667,0.08362412100658785,0.08362412100658785,0.9999999999880417,,0.9999949801716781,5.019828321906061e-06,0.9690475738590012,0.4064305416368622,5,0.1,0.5,0.6321804443584773,0.6436724881411859,0.6333532681196069,0.6402085091763317,0.6322396960490434,0.6363079810085788,1.0,0.6374648899784285,0.6280236397508453,0.6384000675537465,0.6440057282993096,0.6367084748091543
2,7,0.2705693436392055,0.91884,5000,1.7968684876406635,0.8823529411764706,833,1.8016013661131691,0.8769,0.815479243987762,0.08302046748750726,0.08283025517592385,0.08362412100658785,0.9905067363088699,,0.990512524471663,0.009487475528336953,0.9690473398403157,0.4064305336444573,5,0.1,0.5,0.6238693321591092,0.6341055452810267,0.635100086502076,0.6401293760918703,0.6273948379206273,0.6347176891625382,0.6374648899784285,1.0,0.6347240860865964,0.6284914472298506,0.6342035865507706,0.626796696213671
2,8,0.259069891114998,0.92072,5000,1.812344197873716,0.8919567827130852,833,1.8016032460398568,0.8769,0.8109289786687796,0.08350758960524525,0.08331401566406016,0.08362412100658785,0.9962916758969633,,0.9962903468701371,0.003709653129862933,0.9690475463899088,0.40643054111577287,5,0.1,0.5,0.6174332651450709,0.6295487437564566,0.6290267069573644,0.6319151872077784,0.6235656236029412,0.6328101691524992,0.6280236397508453,0.6347240860865964,1.0,0.6327029660322602,0.6247143075433925,0.623970691025633
2,9,0.2871402226091855,0.9138,5000,1.7903168245598122,0.8703481392557023,833,1.8016020908904151,0.8769,0.8127224813578611,0.08302214353246903,0.0828319197215595,0.08362412100658785,0.9905266413986406,,0.9905225641283069,0.00947743587169314,0.9690474950259609,0.4064305336691994,5,0.1,0.5,0.6262563443463066,0.6368869775291381,0.6219525358948256,0.623988160272514,0.6311761364168653,0.6312823510393963,0.6384000675537465,0.6284914472298506,0.6327029660322602,1.0,0.631487992170408,0.6269577199711834
2,10,0.2774989642879101,0.919,5000,1.7889819101051048,0.8907563025210085,833,1.801602778343347,0.8769,0.8126089890100434,0.08327911059198594,0.08308711825992848,0.08362412100658785,0.9935783749809383,,0.9935746197480047,0.00642538025199535,0.9690474681494338,0.4064305390346156,5,0.1,0.5,0.6221160361839488,0.631699164968301,0.6314954281693663,0.6304790457637947,0.621622656934481,0.6276095696470876,0.6440057282993096,0.6342035865507706,0.6247143075433925,0.631487992170408,1.0,0.6272778137738015
2,11,0.269297978926189,0.91788,5000,1.808559912222403,0.8571428571428571,833,1.801603055990542,0.8769,0.8082678639055584,0.08301598847481098,0.08282580689141682,0.08362412100658785,0.9904535425119912,,0.990512524471663,0.009487475528336953,0.9690474106313676,0.4064305336444573,5,0.1,0.5,0.6253357894076297,0.6248396017100467,0.6250276478324703,0.619325308609245,0.6192749498074044,0.6296846703506609,0.6367084748091543,0.626796696213671,0.623970691025633,0.6269577199711834,0.6272778137738015,1.0
3,0,0.239088798937192,0.93052,5000,1.554306286352652,0.9232613908872902,834,1.5663460698752358,0.9181,0.8056456959435597,0.08302207908608876,0.08283185571735367,0.08365881960037133,0.9901150424072669,,0.9901109382059133,0.009889061794086662,0.9712765123470499,0.40365131684936784,5,0.1,0.5,1.0,0.6216488452890099,0.619105815069004,0.6248724731860836,0.61660036086953,0.6208233647385077,0.6228505801717059,0.613449731323033,0.6092541940989922,0.6182805934459166,0.618653287210227,0.6209483284522046
3,1,0.2407982261003155,0.92664,5000,1.5687474498042353,0.9244604316546763,834,1.5663462294557224,0.9181,0.8126111514265207,0.08376141763555978,0.08356607648100023,0.08365881960037133,0.9988914125155839,,0.9988906179408664,0.001109382059133579,0.9712765444742137,0.40365132579485336,5,0.1,0.5,0.6216488452890099,1.0,0.6253387562701423,0.6327723060939188,0.6178940161788744,0.6295273257085329,0.6300594483884444,0.6256356358417984,0.6212054889658614,0.6325488621565215,0.6153651751588377,0.6185375437392756
3,2,0.24554623882137952,0.92476,5000,1.551226328920435,0.9460431654676259,834,1.5663462538307849,0.9181,0.8087816349771381,0.08350405243009548,0.08331050304020456,0.08365881960037133,0.9958364633540554,,0.9958335424928467,0.004166457507153276,0.9712765536208409,0.40365132514331886,5,0.1,0.5,0.619105815069004,0.6253387562701423,1.0,0.6278327238468228,0.6160247171969515,0.629286794796222,0.6251434882691963,0.6185998959739725,0.6208249825472565,0.6184880511936608,0.6164684847121925,0.6171115987179876
3,3,0.24031561026349663,0.92784,5000,1.5776972285023443,0.9016786570743405,834,1.5663462359303484,0.9181,0.813435904271926,0.08378349989421031,0.08358800449238585,0.08365881960037133,0.9991535248844902,,0.9991516490136038,0.0008483509863962402,0.971276545186479,0.40365132580874785,5,0.1,0.5,0.6248724731860836,0.6327723060939188,0.6278327238468228,1.0,0.6290102210406266,0.6312712498097424,0.629872588534175,0.620478428683463,0.6235171565727974,0.6176853531439309,0.6182449856176112,0.622991270488593
3,4,0.2529953453689814,0.92284,5000,1.5660973169185497,0.8991596638655462,833,1.566345999416071,0.9181,0.8048030185741649,0.08308425468740524,0.08289360440654442,0.08365881960037133,0.9908531437752395,,0.9908488529692284,0.009151147030771578,0.9712764917378262,0.40365131886711436,5,0.1,0.5,0.61660036086953,0.6178940161788744,0.6160247171969515,0.6290102210406266,1.0,0.621796967668192,0.624221111892651,0.6171197981112646,0.6134709563402226,0.6209839659019395,0.607358680733504,0.6131821217145024
3,5,0.2309640764359646,0.92988,5000,1.571852723757426,0.9087635054021609,833,1.5663455701864566,0.9181,0.811953365389992,0.08353627909923676,0.08334250594970648,0.08365881960037133,0.9962190041268563,,0.9962150494453089,0.00378495055469108,0.9712765233268985,0.4036513252976677,5,0.1,0.5,0.6208233647385077,0.6295273257085329,0.629286794796222,0.6312712498097424,0.621796967668192,1.0,0.6311638001058466,0.6284346395748135,0.620484725992191,0.6212301029339174,0.6128855221807413,0.6185812843592291
3,6,0.24260621351178047,0.92784,5000,1.5672900235211407,0.9255702280912365,833,1.5663462016529168,0.9181,0.8130078864747162,0.08385481369069403,0.08365881960037133,0.08365881960037133,0.9999999999880467,,0.9999949801716781,5.019828321906061e-06,0.9712765368758194,0.40365132581895025,5,0.1,0.5,0.6228505801717059,0.6300594483884444,0.6251434882691963,0.629872588534175,0.624221111892651,0.6311638001058466,1.0,0.6211534698433545,0.6196828689952013,0.6225488621189254,0.6216451790520453,0.6255175261253682
3,7,0.24310849421675418,0.92868,5000,1.5614866062446877,0.9171668667466987,833,1.5663441914719896,0.9181,0.8057050756788422,0.08307079743397329,0.08288023960769823,0.08365881960037133,0.9906933901603802,,0.9906932382912504,0.009306761708749556,0.9712764904967685,0.40365131847949304,5,0.1,0.5,0.613449731323033,0.6256356358417984,0.6185998959739725,0.620478428683463,0.6171197981112646,0.6284346395748135,0.6211534698433545,1.0,0.6148444430596678,0.6217573382284577,0.6145828285385054,0.610647502379479
3,8,0.2473140597106165,0.92504,5000,1.583864207620974,0.921968787515006,833,1.5663466084117708,0.9181,0.8026070213294287,0.08328542975494921,0.08309339379544975,0.08365881960037133,0.9932412887413927,,0.9932433110787611,0.006756688921238929,0.9712764897517095,0.4036513229998062,5,0.1,0.5,0.6092541940989922,0.6212054889658614,0.6208249825472565,0.6235171565727974,0.6134709563402226,0.620484725992191,0.6196828689952013,0.6148444430596678,1.0,0.6136336706277825,0.6065668640635669,0.6109056664883704
3,9,0.27391491290478476,0.92088,5000,1.5508366955651178,0.9147659063625451,833,1.566345039647989,0.9181,0.8061581263370268,0.08308770010655063,0.08289702615003287,0.08365881960037133,0.9908940449438761,,0.9908940314241252,0.009105968575874757,0.9712765177793239,0.4036513189769997,5,0.1,0.5,0.6182805934459166,0.6325488621565215,0.6184880511936608,0.6176853531439309,0.6209839659019395,0.6212301029339174,0.6225488621189254,0.6217573382284577,0.6136336706277825,1.0,0.6099037789762061,0.6140494937790303
3,10,0.2579947669978497,0.92448,5000,1.550469372007582,0.9315726290516206,833,1.5663460542599614,0.9181,0.7998705451872927,0.08303871686473091,0.0828483793194879,0.08365881960037133,0.9903125541844227,,0.9903117313387882,0.009688268661211752,0.9712764919611775,0.4036513174441063,5,0.1,0.5,0.618653287210227,0.6153651751588377,0.6164684847121925,0.6182449856176112,0.607358680733504,0.6128855221807413,0.6216451790520453,0.6145828285385054,0.6065668640635669,0.6099037789762061,1.0,0.6073334071728348
3,11,0.24784001500677957,0.92496,5000,1.5755660931269329,0.9027611044417767,833,1.5663461807055976,0.9181,0.8029260703765088,0.08297095931650557,0.08278108647152564,0.08365881960037133,0.9895081817550375,,0.9895035389789669,0.010496461021033077,0.9712765116177875,0.403651314858467,5,0.1,0.5,0.6209483284522046,0.6185375437392756,0.6171115987179876,0.622991270488593,0.6131821217145024,0.6185812843592291,0.6255175261253682,0.610647502379479,0.6109056664883704,0.6140494937790303,0.6073334071728348,1.0
4,0,0.22160461284932056,0.93364,5000,1.301676008436415,0.9364508393285371,834,1.3182078249538287,0.9344,0.7945124717298415,0.083015706152175,0.08282552650553983,0.08365937951822587,0.9900327611981102,,0.9900306209527634,0.009969379047236604,0.9705703433704261,0.3988409013611494,5,0.1,0.5,1.0,0.6018547442312178,0.6024194381978826,0.6039859333366605,0.6036144253059176,0.5964514568397151,0.603086623719836,0.5945493437267554,0.6021008753719963,0.5996768425352094,0.5926699771537104,0.6062505818971277
4,1,0.22576492119366956,0.93332,5000,1.31907085136131,0.9400479616306955,834,1.3182086628465988,0.9344,0.7979959286188337,0.08362927314011824,0.08343485334047172,0.08365937951822587,0.9973161864211226,,0.9973143918477988,0.002685608152201202,0.9705705492774603,0.39884090825772006,5,0.1,0.5,0.6018547442312178,1.0,0.6054219115340985,0.5974607653999711,0.601140726323799,0.6058303085950355,0.6079115083232104,0.6024789970855255,0.6089974229083989,0.6013980728133205,0.5954217696996023,0.608578480244912
4,2,0.22396197350470315,0.93204,5000,1.2986326217651367,0.9532374100719424,834,1.3182086921728458,0.9344,0.7963570489748787,0.08340076975640376,0.08320793633218682,0.08365937951822587,0.994603794701402,,0.9946488630088851,0.005351136991114891,0.9705704756522104,0.3988409074155289,5,0.1,0.5,0.6024194381978826,0.6054219115340985,1.0,0.6044096535707523,0.6012529132360079,0.6086469741580535,0.6031258902539663,0.5988151665282343,0.6100160921979304,0.5922293159113524,0.596063906894535,0.5995373633674251
4,3,0.218404776381127,0.93256,5000,1.331170223377369,0.9220623501199041,834,1.3182086514207882,0.9344,0.8000183179846438,0.08371473950050257,0.08351972413208322,0.08365937951822587,0.9983306667113093,,0.9983283971688168,0.001671602831183172,0.970570546795015,0.3988409083640555,5,0.1,0.5,0.6039859333366605,0.5974607653999711,0.6044096535707523,1.0,0.6131824888225256,0.6080297703916996,0.6109620573698226,0.6036151476603833,0.617883825204514,0.6011687700193626,0.5931814952489104,0.6018592579250944
4,4,0.22827795094745174,0.92956,5000,1.3175670747403745,0.9339735894357744,833,1.3182083631095034,0.9344,0.7982676527585053,0.08318848028177843,0.0829971129357653,0.08365937951822587,0.9920837736633179,,0.9920837307364088,0.007916269263591236,0.970570469361803,0.3988409051644124,5,0.1,0.5,0.6036144253059176,0.601140726323799,0.6012529132360079,0.6131824888225256,1.0,0.6023836237803083,0.6108721107180526,0.6047981798357287,0.6080994341848492,0.6095450967813529,0.5875164878393526,0.5998161220404193
4,5,0.21281023697014068,0.93688,5000,1.3266317888542458,0.9243697478991597,833,1.3182080218586296,0.9344,0.7986534008829915,0.08350257046234882,0.0833090313580807,0.08365937951822587,0.9958122070333468,,0.9958084433512374,0.004191556648762584,0.9705704875699269,0.3988409079121071,5,0.1,0.5,0.5964514568397151,0.6058303085950355,0.6086469741580535,0.6080297703916996,0.6023836237803083,1.0,0.6098918107747364,0.6026863652885571,0.6113212941614665,0.5969738520643009,0.6019127281345718,0.5996051786618831
4,6,0.22370316498930667,0.93264,5000,1.3200912784647059,0.9351740696278511,833,1.3182086106687307,0.9344,0.8026816785714685,0.08385537755494704,0.08365937951822587,0.08365937951822587,0.9999999999880467,,0.9999949801716781,5.019828321906061e-06,0.9705705497116084,0.39884090839402714,5,0.1,0.5,0.603086623719836,0.6079115083232104,0.6031258902539663,0.6109620573698226,0.6108721107180526,0.6098918107747364,1.0,0.6111692831456796,0.6097509492060141,0.604481044684767,0.6030347940451483,0.6066329513373541
4,7,0.22338841416202723,0.93608,5000,1.3137581834086665,0.9315726290516206,833,1.3182063243640498,0.9344,0.797883665027012,0.08316609215353886,0.08297487898730148,0.08365937951822587,0.9918180061117104,,0.9918176798353496,0.00818232016465037,0.9705704496068994,0.39884090476570355,5,0.1,0.5,0.5945493437267554,0.6024789970855255,0.5988151665282343,0.6036151476603833,0.6047981798357287,0.6026863652885571,0.6111692831456796,1.0,0.612584286171526,0.6046990912213285,0.6004111897495887,0.6028632488315089
4,8,0.20970756160213974,0.93728,5000,1.3420614887166906,0.9351740696278511,833,1.3182091297813878,0.9344,0.8055951460675217,0.08357871497524008,0.08338464691818243,0.08365937951822587,0.9967160573910268,,0.9967120124491743,0.0032879875508257106,0.9705705055046628,0.39884090813863604,5,0.1,0.5,0.6021008753719963,0.6089974229083989,0.6100160921979304,0.617883825204514,0.6080994341848492,0.6113212941614665,0.6097509492060141,0.612584286171526,1.0,0.6132304956471668,0.6097072855728042,0.6077679816622032
4,9,0.24359491084031998,0.92676,5000,1.2970745342749137,0.929171668667467,833,1.3182066317183523,0.9344,0.793902383325639,0.083037990523131,0.08284765796334725,0.08365937951822587,0.99029730365509,,0.9902966718538226,0.009703328146177359,0.9705703219037791,0.39884090194718613,5,0.1,0.5,0.5996768425352094,0.6013980728133205,0.5922293159113524,0.6011687700193626,0.6095450967813529,0.5969738520643009,0.604481044684767,0.6046990912213285,0.6132304956471668,1.0,0.585582149808276,0.5915158256897554
4,10,0.23582674081372038,0.93048,5000,1.300108258371,0.9471788715486195,833,1.318207006865797,0.9344,0.7900473422271208,0.08287049408853285,0.08268130887297549,0.08365937951822587,0.9883088943299464,,0.9883088198383615,0.011691180161638504,0.9705703093093646,0.3988408968582296,5,0.1,0.5,0.5926699771537104,0.5954217696996023,0.596063906894535,0.5931814952489104,0.5875164878393526,0.6019127281345718,0.6030347940451483,0.6004111897495887,0.6097072855728042,0.585582149808276,1.0,0.5983262800155114
4,11,0.2232611886035817,0.93324,5000,1.3292792108323839,0.9243697478991597,833,1.3182079175028938,0.9344,0.7961719134693708,0.08303979141128336,0.08284944649041474,0.08365937951822587,0.9903186823346568,,0.99031675116711,0.009683248832889957,0.9705703370426698,0.39884090198961636,5,0.1,0.5,0.6062505818971277,0.608578480244912,0.5995373633674251,0.6018592579250944,0.5998161220404193,0.5996051786618831,0.6066329513373541,0.6028632488315089,0.6077679816622032,0.5915158256897554,0.5983262800155114,1.0
5,0,0.2064262569543852,0.94044,5000,1.0511959415894967,0.9448441247002398,834,1.07180577745072,0.9432,0.7786705256440651,0.08293438343228822,0.08274476112120342,0.08379186204774444,0.9875035486509192,,0.9875006274785403,0.012499372521459717,0.9704288693464256,0.39199092625842125,5,0.1,0.5,1.0,0.5800420816041291,0.5758468155358196,0.5773436335000837,0.5744844162457415,0.5687396353920623,0.5827453401704832,0.570989860830624,0.5726518054303406,0.5679729095429515,0.5757646747829597,0.5805335748304999
5,1,0.20156366131164632,0.939,5000,1.070207569334242,0.9496402877697842,834,1.071806675328995,0.9432,0.7884596470404316,0.08368935303829135,0.08349451470081888,0.08379186204774444,0.9964513576777588,,0.996450981376437,0.0035490186235630494,0.9704291789980737,0.39199094311406546,5,0.1,0.5,0.5800420816041291,1.0,0.5828344620904158,0.5772834254367883,0.5837701967879697,0.5849352906793225,0.5885093465663025,0.5926333481307201,0.5875906873599636,0.5802054294502385,0.5769278401710521,0.5813784797665431
5,2,0.21162316591544136,0.93576,5000,1.048453121273606,0.9580335731414868,834,1.0718066724725426,0.9432,0.7842140573835275,0.08338706963157295,0.08319433104549281,0.08379186204774444,0.9928688659179811,,0.9928668239546208,0.007133176045379219,0.9704290979438529,0.3919909406874224,5,0.1,0.5,0.5758468155358196,0.5828344620904158,1.0,0.583380074394923,0.5768756813325233,0.581653515371926,0.5854917257110651,0.5831732400712609,0.5786468210100867,0.5705221091284076,0.5837213121203554,0.5751255532664568
5,3,0.20179997989136703,0.93992,5000,1.086211782914621,0.9400479616306955,834,1.0718066640936148,0.9432,0.784909477173531,0.08362154346408342,0.0834271774686583,0.08379186204774444,0.9956477327133033,,0.9956427890166156,0.004357210983384374,0.9704291656547577,0.39199094290758996,5,0.1,0.5,0.5773436335000837,0.5772834254367883,0.583380074394923,1.0,0.5819659854816809,0.5785877296061708,0.5902197335557268,0.5826984159021393,0.5899799117695724,0.5708954378817817,0.5751114537374143,0.5747067841126043
5,4,0.21434720838976323,0.9344,5000,1.070878282741264,0.9411764705882353,833,1.0718063963487887,0.9432,0.7819751375527628,0.0831662690669373,0.08297505468267859,0.08379186204774444,0.9902519487442504,,0.9902565132272476,0.009743486772752386,0.9704290234633879,0.3919909353242762,5,0.1,0.5,0.5744844162457415,0.5837701967879697,0.5768756813325233,0.5819659854816809,1.0,0.5703483904377296,0.5855677773578271,0.5805022109611103,0.5822138800321363,0.5786125524757123,0.5685855499744513,0.5743055874316724
5,5,0.19963716852840535,0.93932,5000,1.0819147472028379,0.9339735894357744,833,1.0718060507180212,0.9432,0.7820363806756588,0.08337849928164712,0.08318582000743359,0.08379186204774444,0.99276729235402,,0.9927664273881833,0.007233572611816674,0.9704291202129007,0.3919909405481749,5,0.1,0.5,0.5687396353920623,0.5849352906793225,0.581653515371926,0.5785877296061708,0.5703483904377296,1.0,0.5868014360978353,0.5837095883022579,0.5846554911198171,0.572477828502646,0.57559726280951,0.5686572366285828
5,6,0.20988987812202922,0.9368,5000,1.0747998268515975,0.9411764705882353,833,1.0718065820182094,0.9432,0.7926701080753557,0.08398879534061883,0.08379186204774444,0.08379186204774444,0.9999999999880655,,0.9999949801716781,5.019828321906061e-06,0.9704292305599003,0.39199094334645895,5,0.1,0.5,0.5827453401704832,0.5885093465663025,0.5854917257110651,0.5902197335557268,0.5855677773578271,0.5868014360978353,1.0,0.5860200600033063,0.5935372103003237,0.5848125239722597,0.5888302718360776,0.5820721749675664
5,7,0.20377521920284838,0.94052,5000,1.0679672846087702,0.9375750300120048,833,1.0718042760992204,0.9432,0.7870252148918016,0.08332906700406226,0.08313672959348693,0.08379186204774444,0.9921814309977214,,0.9921791074745244,0.007820892525475576,0.9704290553628258,0.3919909396175019,5,0.1,0.5,0.570989860830624,0.5926333481307201,0.5831732400712609,0.5826984159021393,0.5805022109611103,0.5837095883022579,0.5860200600033063,1.0,0.5882173108160469,0.5788642510064748,0.5829953285254749,0.5750339554938433
5,8,0.19779350316258754,0.94104,5000,1.1010933606712907,0.9447779111644657,833,1.0718071394073316,0.9432,0.7890673751779338,0.08367693112750359,0.08348217937452686,0.08379186204774444,0.9963041437838267,,0.9963003865267808,0.003699613473219232,0.9704291421435246,0.391990943083996,5,0.1,0.5,0.5726518054303406,0.5875906873599636,0.5786468210100867,0.5899799117695724,0.5822138800321363,0.5846554911198171,0.5935372103003237,0.5882173108160469,1.0,0.5847477366022443,0.5806780747063482,0.5790626322127781
5,9,0.22864363823845318,0.93108,5000,1.048124944722211,0.9423769507803121,833,1.0718045503186722,0.9432,0.7782195169657095,0.08293341166399455,0.08274379600623376,0.08379186204774444,0.9874920306473081,,0.9874905878218965,0.01250941217810353,0.9704288819394181,0.39199092622101345,5,0.1,0.5,0.5679729095429515,0.5802054294502385,0.5705221091284076,0.5708954378817817,0.5786125524757123,0.572477828502646,0.5848125239722597,0.5788642510064748,0.5847477366022443,1.0,0.5651180440086077,0.5684256809763399
5,10,0.2209516145294876,0.93444,5000,1.0523735638018008,0.9531812725090036,833,1.0718049128977254,0.9432,0.7808931112690589,0.08291549964434891,0.08272600659550754,0.08379186204774444,0.9872797258925112,,0.9872747352040561,0.012725264795943936,0.9704288821441295,0.39199092540194436,5,0.1,0.5,0.5757646747829597,0.5769278401710521,0.5837213121203554,0.5751114537374143,0.5685855499744513,0.57559726280951,0.5888302718360776,0.5829953285254749,0.5806780747063482,0.5651180440086077,1.0,0.5753585029474074
5,11,0.2103811087697792,0.93808,5000,1.0828318485507258,0.9315726290516206,833,1.0718057736421165,0.9432,0.7794853932917347,0.08297917730465142,0.08278924813864358,0.08379186204774444,0.98803447153952,,0.9880327292806586,0.01196727071934145,0.9704289247360323,0.39199092819595704,5,0.1,0.5,0.5805335748304999,0.5813784797665431,0.5751255532664568,0.5747067841126043,0.5743055874316724,0.5686572366285828,0.5820721749675664,0.5750339554938433,0.5790626322127781,0.5684256809763399,0.5753585029474074,1.0
6,0,0.1912782799695755,0.94396,5000,0.823817906556306,0.9496402877697842,834,0.8464815847028178,0.9488,0.7651419950856667,0.08295842817235188,0.08276864118673785,0.08374179198439634,0.9883791500565429,,0.9883790974348677,0.011620902565132263,0.9674011931923504,0.3840782869856276,5,0.1,0.5,1.0,0.5603829549195528,0.5515775265213918,0.5535924178057066,0.549750277858426,0.5521993000095331,0.5538917370088663,0.5420513622301296,0.5448548321551847,0.5504632460899178,0.5369189252907266,0.5593652441571331
6,1,0.18643905632961602,0.94504,5000,0.8420771051336218,0.9544364508393285,834,0.8464801564765053,0.9488,0.7740483879235472,0.08378240825875542,0.0835869204840393,0.08374179198439634,0.9981506067916,,0.9981476833492294,0.001852316650770569,0.9674012388903585,0.3840782996759289,5,0.1,0.5,0.5603829549195528,1.0,0.5583758617854224,0.5571902929250533,0.5519701731412237,0.5620674671666527,0.5630822748687917,0.5549140357655137,0.5608214434546591,0.5542913681590289,0.5517181781612771,0.5582818503708131
6,2,0.19393712043536793,0.94196,5000,0.8201011993266918,0.960431654676259,834,0.8464797419100143,0.9488,0.7705859745077417,0.08345616617929111,0.08326294896094677,0.08374179198439634,0.9942819109419933,,0.9942773957130666,0.005722604286933386,0.9674012210538496,0.3840782986582812,5,0.1,0.5,0.5515775265213918,0.5583758617854224,1.0,0.5668857454907187,0.5532439247985533,0.5607032177404263,0.5516880986711794,0.5497083007205547,0.5595047042798929,0.5447516869141138,0.5485949523030703,0.5577062349284764
6,3,0.1880884601473571,0.94408,5000,0.8618284353503475,0.9496402877697842,834,0.8464798944445845,0.9488,0.7729680717648507,0.08369846453421395,0.08350356267057672,0.08374179198439634,0.9971551920591673,,0.9971537573414989,0.002846242658501086,0.9674012323889923,0.3840782995530358,5,0.1,0.5,0.5535924178057066,0.5571902929250533,0.5668857454907187,1.0,0.5527156882531211,0.558642026653899,0.5553023530822102,0.5518742069608727,0.5667443282721608,0.5504245267213896,0.5516073553554139,0.5585028440543816
6,4,0.19932275036361757,0.94116,5000,0.8460928488660742,0.9495798319327731,833,0.8464808001304968,0.9488,0.7650612113967817,0.08311170235028126,0.08292086340490419,0.08374179198439634,0.9901969069322601,,0.9901962752873852,0.009803724712614814,0.967401275394248,0.38407829265774,5,0.1,0.5,0.549750277858426,0.5519701731412237,0.5532439247985533,0.5527156882531211,1.0,0.552487419898724,0.5569839990321263,0.5395211333320796,0.5599553146877323,0.5556081342410254,0.5365653350607207,0.5441582180065883
6,5,0.18535017861694003,0.94452,5000,0.857018216892525,0.9411764705882353,833,0.8464792134662786,0.9488,0.7694374015420979,0.08340969144750682,0.0832167962468428,0.08374179198439634,0.9937307797444185,,0.9937302344259826,0.006269765574017372,0.9674012178405293,0.38407829825373285,5,0.1,0.5,0.5521993000095331,0.5620674671666527,0.5607032177404263,0.558642026653899,0.552487419898724,1.0,0.557481520323574,0.5475762057061501,0.5537434141175653,0.5530693605182821,0.5420063916217133,0.5521974340170012
