round,client_id,client_i_training_loss,client_i_training_accuracy,client_i_training_dataset_size,client_i_evaluation_loss,client_i_evaluation_accuracy,client_i_evaluation_dataset_size,client_i_central_evaluation_loss,client_i_central_evaluation_accuracy,client_i_cosine_similarity,client_i_importance_coefficient,client_i_tanh_val,tanh_normalization_value,client_i_q,client_i_mask_order,client_i_v_nonzero_fraction,client_i_v_sparsity,client_i_v_cosine_similarity,client_i_reward_gradient_norm,local_epochs,learning_rate,gamma,client_0_cosine_similarity,client_1_cosine_similarity,client_2_cosine_similarity,client_3_cosine_similarity,client_4_cosine_similarity,client_5_cosine_similarity,client_6_cosine_similarity,client_7_cosine_similarity,client_8_cosine_similarity,client_9_cosine_similarity,client_10_cosine_similarity,client_11_cosine_similarity
0,0,2.236149441360668,0.26864,5000,2.2650684692241527,0.11510791366906475,834,2.263977769845591,0.1134,0.996104994280445,0.08332233106911349,0.08313004021166025,0.08324443688673583,0.9986257739213269,,0.9986226694116623,0.0013773305883376663,0,0.09962365471820421,5,0.001,0.1,1.0,0.9929590428124793,0.9902550702195007,0.99334674790754,0.9908575932932083,0.9924071460854142,0.9894404878065166,0.9890143672955716,0.9923526519172657,0.9900516920517309,0.9938865848363769,0.9937027469768326
0,1,2.2333869174787195,0.30008,5000,2.2640515256811073,0.11630695443645084,834,2.26397776908387,0.1134,0.9969734916080488,0.08339497925608048,0.08320218591997325,0.08324443688673583,0.9994924469509048,,0.9994877296759165,0.0005122703240835191,0,0.09962365471834424,5,0.001,0.1,0.9929590428124793,1.0,0.987821531861071,0.9930425582046642,0.9896443083501438,0.9945571581474986,0.9909426453539402,0.9933994026940708,0.9934086392590827,0.9943333173426337,0.9939617533746249,0.9945865189177965
0,2,2.236714876381455,0.28644,5000,2.2638078000810413,0.13069544364508393,834,2.263977769845591,0.1134,0.9945783434497922,0.08319462956508633,0.0830032198564906,0.08324443688673583,0.9971023044870789,,0.9971003566561313,0.0028996433438687186,0,0.09962365471696236,5,0.001,0.1,0.9902550702195007,0.987821531861071,1.0,0.9857727920161466,0.9929414858318498,0.9895240317614278,0.9916473760282799,0.9907052362016264,0.9917037955170388,0.9925565185536155,0.9877812009028715,0.9893142290289294
0,3,2.2363213803358137,0.27544,5000,2.264340983496772,0.11270983213429256,834,2.2639777713690323,0.1134,0.9948311804945181,0.08321577891386797,0.08302422345922982,0.08324443688673583,0.9973546168760442,,0.9973516590792666,0.002648340920733405,0,0.09962365471729769,5,0.001,0.1,0.99334674790754,0.9930425582046642,0.9857727920161466,1.0,0.9868816775902791,0.9931195666154418,0.986512008660582,0.9903598499071209,0.9934667010808658,0.9894949605243862,0.9899594730868021,0.9910895577799121
0,4,2.2362736622998667,0.2854,5000,2.2617915559698036,0.11524609843937575,833,2.2639777683221496,0.1134,0.9957226109455337,0.083290345413977,0.0830982755122563,0.08324443688673583,0.9982441904715309,,0.998240883038053,0.0017591169619469715,0,0.09962365471804079,5,0.001,0.1,0.9908575932932083,0.9896443083501438,0.9929414858318498,0.9868816775902791,1.0,0.9918240914212164,0.9940650797991477,0.990498680779091,0.9938390300651286,0.9923665206739509,0.9899550242143278,0.990829308004204
0,5,2.2370224348299064,0.32212,5000,2.2647375795576306,0.09603841536614646,833,2.26397776908387,0.1134,0.997443898169735,0.08343432789050653,0.08324126203144423,0.08324443688673583,0.9999618610394845,,0.9999613380887484,3.866191125156959e-05,0,0.09962365471835159,5,0.001,0.1,0.9924071460854142,0.9945571581474986,0.9895240317614278,0.9931195666154418,0.9918240914212164,1.0,0.9916731154107753,0.9944637419443014,0.9955404850472485,0.9951924928125273,0.9922216065918424,0.9937570750320891
0,6,2.2362914635117646,0.28216,5000,2.2646928098466663,0.10204081632653061,833,2.26397776908387,0.1134,0.9955876702909553,0.0832790578790685,0.08308706591091283,0.08324443688673583,0.9981095316070763,,0.9981055663486724,0.0018944336513275761,0,0.09962365471796478,5,0.001,0.1,0.9894404878065166,0.9909426453539402,0.9916473760282799,0.986512008660582,0.9940650797991477,0.9916731154107753,1.0,0.9913119893165057,0.9912402186142577,0.9940832478408373,0.9901862582118383,0.9909871793882087
0,7,2.236536101626742,0.33148,5000,2.2634771400027804,0.11644657863145258,833,2.263977769845591,0.1134,0.9962158372870935,0.0833316028805688,0.08313924794220481,0.08324443688673583,0.998736384682704,,0.9987338224065107,0.0012661775934893482,0,0.09962365471823895,5,0.001,0.1,0.9890143672955716,0.9933994026940708,0.9907052362016264,0.9903598499071209,0.990498680779091,0.9944637419443014,0.9913119893165057,1.0,0.9935311913869395,0.9957983970273587,0.9879541814694366,0.9925622038268603
0,8,2.2362665531741586,0.31876,5000,2.265520042843289,0.11044417767106843,833,2.26397776908387,0.1134,0.9974821178900147,0.08343752489905965,0.08324443688673583,0.08324443688673583,0.9999999999879872,,0.9999951672610935,4.83273890650171e-06,0,0.09962365471835159,5,0.001,0.1,0.9923526519172657,0.9934086392590827,0.9917037955170388,0.9934667010808658,0.9938390300651286,0.9955404850472485,0.9912402186142577,0.9935311913869395,1.0,0.9943016404448201,0.9914703154830632,0.9938827523721061
0,9,2.2353784196695705,0.33276,5000,2.2657392731419317,0.11884753901560624,833,2.26397776908387,0.1134,0.997327462883854,0.08342458829528915,0.08323158991508987,0.08324443688673583,0.9998456716973978,,0.9998453523549937,0.00015464764500627837,0,0.09962365471835143,5,0.001,0.1,0.9900516920517309,0.9943333173426337,0.9925565185536155,0.9894949605243862,0.9923665206739509,0.9951924928125273,0.9940832478408373,0.9957983970273587,0.9943016404448201,1.0,0.9916603748685846,0.9930493837697992
0,10,2.2363798539349986,0.27576,5000,2.2627140239433006,0.11164465786314526,833,2.26397776908387,0.1134,0.9956695185427556,0.08328590433318037,0.08309386509693119,0.08324443688673583,0.9981912089692226,,0.9981877229100821,0.0018122770899179352,0,0.09962365471801263,5,0.001,0.1,0.9938865848363769,0.9939617533746249,0.9877812009028715,0.9899594730868021,0.9899550242143278,0.9922216065918424,0.9901862582118383,0.9879541814694366,0.9914703154830632,0.9916603748685846,1.0,0.9940313162853129
0,11,2.235992478413187,0.26828,5000,2.26181192751284,0.11524609843937575,833,2.26397776908387,0.1134,0.9969011689980978,0.08338892960420169,0.08319617814441328,0.08324443688673583,0.9994202766559929,,0.9994200713312262,0.0005799286687737659,0,0.09962365471834114,5,0.001,0.1,0.9937027469768326,0.9945865189177965,0.9893142290289294,0.9910895577799121,0.990829308004204,0.9937570750320891,0.9909871793882087,0.9925622038268603,0.9938827523721061,0.9930493837697992,0.9940313162853129,1.0
1,0,2.143008855953338,0.40276,5000,2.2180633898134583,0.3237410071942446,834,2.217287081118209,0.3467,0.9976991416008737,0.08331900769649249,0.0831267398046382,0.08322674687277977,0.9987983782510057,,0.9987966480122945,0.0012033519877054921,0.9534421376812997,0.099793420635283,5,0.001,0.1,1.0,0.9956762776187948,0.9946423373536746,0.9964779547712449,0.9944921159208547,0.9959044857185307,0.9941753277441859,0.9936139773970653,0.9958281936186966,0.994205403488414,0.9961900226072206,0.9964502900655839
1,1,2.137346343325961,0.45868,5000,2.218313111199273,0.36330935251798563,834,2.217287081118209,0.3467,0.998214983448205,0.08338022302452543,0.08318753182197146,0.08322674687277977,0.9995288167172053,,0.9995263915871682,0.0004736084128318385,0.9534421379242054,0.09979342063532877,5,0.001,0.1,0.9956762776187948,1.0,0.9941357111702231,0.9960840850690048,0.9943756900183032,0.9967516150013662,0.994883091783331,0.9960947257286142,0.9962474537320327,0.99656758965648,0.9963044050998591,0.9967040983171879
1,2,2.1448433555615174,0.44744,5000,2.217095057169596,0.35611510791366907,834,2.217287081118209,0.3467,0.9975619718723565,0.08323624801120529,0.08304455142808659,0.08322674687277977,0.9978108546526575,,0.9978107692753792,0.0021892307246208498,0.9534421377858874,0.09979342063501424,5,0.001,0.1,0.9946423373536746,0.9941357111702231,1.0,0.9936137421695826,0.9964256946562117,0.9951949728706327,0.9960462638338001,0.995565742007381,0.995914060596836,0.9967769891156386,0.9933945145109613,0.9943090614990838
1,3,2.1434246105752934,0.42688,5000,2.2179674395808466,0.34172661870503596,834,2.217287081118209,0.3467,0.9974926485872785,0.08324698286608101,0.08305521224163152,0.08322674687277977,0.9979389482517153,,0.9979364204869468,0.0020635795130532486,0.9534421379202962,0.09979342063506697,5,0.001,0.1,0.9964779547712449,0.9960840850690048,0.9936137421695826,1.0,0.9937425588529339,0.9963788948202174,0.993579688826593,0.9950048109674294,0.996230608724657,0.9946052902283242,0.9945729337186995,0.9948933669904628
1,4,2.1430010543507376,0.43348,5000,2.214480815110383,0.33733493397358943,833,2.217287081118209,0.3467,0.9977815216602764,0.08330204744166113,0.08310989672235373,0.08322674687277977,0.9985960024173088,,0.9985936729782237,0.0014063270217763435,0.9534421377497203,0.09979342063525183,5,0.001,0.1,0.9944921159208547,0.9943756900183032,0.9964256946562117,0.9937425588529339,1.0,0.9954887296549888,0.9970393965967128,0.9954257927385133,0.9969839182196648,0.9963664416871183,0.9938128645562317,0.9944904378592374
1,5,2.14419941993276,0.47172,5000,2.217254877090454,0.3625450180072029,833,2.2172870803564884,0.3467,0.9985255406519353,0.0834143852268965,0.08322145751982436,0.08322674687277977,0.9999364464651799,,0.9999323416553098,6.765834469024679e-05,0.9534421379902043,0.09979342063533155,5,0.001,0.1,0.9959044857185307,0.9967516150013662,0.9951949728706327,0.9963788948202174,0.9954887296549888,1.0,0.9953195020660717,0.9968837629738979,0.9972279973988015,0.9970722971560508,0.9952544751727397,0.9960665973765044
1,6,2.1445851312321462,0.42304,5000,2.2170474882479065,0.34813925570228094,833,2.2172870803564884,0.3467,0.9976769575403021,0.08329174800143652,0.0830996684142335,0.08322674687277977,0.9984731055301368,,0.9984728545055624,0.001527145494437554,0.9534421378934598,0.09979342063522817,5,0.001,0.1,0.9941753277441859,0.994883091783331,0.9960462638338001,0.993579688826593,0.9970393965967128,0.9953195020660717,1.0,0.9952089916239588,0.99559494440895,0.9964542745869408,0.9943409885105176,0.9947500844192104
1,7,2.143771660859418,0.49116,5000,2.217181099785699,0.3385354141656663,833,2.21728708264165,0.3467,0.9978640109043185,0.08333001759003318,0.08313767360920317,0.08322674687277977,0.998929751937659,,0.9989271319627686,0.0010728680372313892,0.9534421377550375,0.09979342063529759,5,0.001,0.1,0.9936139773970653,0.9960947257286142,0.995565742007381,0.9950048109674294,0.9954257927385133,0.9968837629738979,0.9952089916239588,1.0,0.9965312903865661,0.9975423266147156,0.9926025157559608,0.9951494944547008
1,8,2.142061992359769,0.476,5000,2.2193686344005443,0.35294117647058826,833,2.2172870803564884,0.3467,0.998629778990449,0.08341971147075476,0.08322674687277977,0.08322674687277977,0.9999999999879846,,0.9999951672610935,4.83273890650171e-06,0.9534421379903211,0.09979342063533157,5,0.001,0.1,0.9958281936186966,0.9962474537320327,0.995914060596836,0.996230608724657,0.9969839182196648,0.9972279973988015,0.99559494440895,0.9965312903865661,1.0,0.9970733445683623,0.9950038279526155,0.9961579497910105
1,9,2.1419153676670826,0.48428,5000,2.218102667066786,0.33613445378151263,833,2.2172870803564884,0.3467,0.9984870939902686,0.08340716981175506,0.08321429207298185,0.08322674687277977,0.9998503509837191,,0.9998501850939001,0.00014981490609988768,0.9534421379706567,0.09979342063533149,5,0.001,0.1,0.994205403488414,0.99656758965648,0.9967769891156386,0.9946052902283242,0.9963664416871183,0.9970722971560508,0.9964542745869408,0.9975423266147156,0.9970733445683623,1.0,0.9947875344555288,0.9956332396244858
1,10,2.144408484932723,0.41168,5000,2.2152357631259494,0.3325330132052821,833,2.2172870803564884,0.3467,0.9972877392128479,0.08328338209423812,0.08309136027249081,0.08322674687277977,0.998373280148817,,0.9983713669885271,0.0016286330114728687,0.9534421378345614,0.09979342063520547,5,0.001,0.1,0.9961900226072206,0.9963044050998591,0.9933945145109613,0.9945729337186995,0.9938128645562317,0.9952544751727397,0.9943409885105176,0.9926025157559608,0.9950038279526155,0.9947875344555288,1.0,0.9964630191993834
1,11,2.143986224520738,0.4082,5000,2.2150417698754206,0.3673469387755102,833,2.217287081118209,0.3467,0.9979846691458629,0.08336907676492034,0.08317646268606381,0.08322674687277977,0.9993958169746533,,0.9993910748977876,0.0006089251022124431,0.9534421379125128,0.0997934206353255,5,0.001,0.1,0.9964502900655839,0.9967040983171879,0.9943090614990838,0.9948933669904628,0.9944904378592374,0.9960665973765044,0.9947500844192104,0.9951494944547008,0.9961579497910105,0.9956332396244858,0.9964630191993834,1.0
2,0,2.004392882061612,0.50152,5000,2.160231625592267,0.4724220623501199,834,2.160028103441476,0.4941,0.9985745247778408,0.08332331682623348,0.08313101915652332,0.0832058305083415,0.9991008880944974,,0.9990962778244943,0.0009037221755057168,0.9814504374332182,0.09986128594030792,5,0.001,0.1,1.0,0.9971566653983477,0.9966839581653457,0.9975283906939121,0.9965785436294126,0.9972593530848277,0.9964264571503586,0.9962022422286303,0.997101571665823,0.9965698136140662,0.9972644922790852,0.9975009431859392
2,1,1.9944510766655017,0.55376,5000,2.1621329607786954,0.5155875299760192,834,2.1600281072500795,0.4941,0.9988714789306212,0.0833704403710446,0.08317781685816558,0.0832058305083415,0.9996633210556948,,0.9996617082765487,0.00033829172345134495,0.9814504375466251,0.09986128594032206,5,0.001,0.1,0.9971566653983477,1.0,0.9966449844078875,0.9971255670457323,0.9964562458884372,0.9977301648528487,0.9967908726444489,0.9974359383428264,0.9976229686137932,0.9980304992755705,0.9972149236618274,0.9976173687731653
2,2,2.007739037009561,0.5372,5000,2.1592082094263145,0.5011990407673861,834,2.160028104203197,0.4941,0.9985357898803859,0.08327131570937753,0.08307937718403886,0.0832058305083415,0.998480234804117,,0.998477687244469,0.0015223127555310523,0.981450437420004,0.09986128594025163,5,0.001,0.1,0.9966839581653457,0.9966449844078875,1.0,0.9961918323972704,0.9976236941040799,0.9969885361595237,0.997320918551902,0.9968437442216191,0.9973207480193402,0.9977316824245757,0.9958832883303228,0.9965765054722219
2,3,2.0049016793062733,0.51372,5000,2.1609459718068442,0.4940047961630695,834,2.1600281026797554,0.4941,0.9982785821989395,0.08326959719168849,0.08307767052762959,0.0832058305083415,0.9984597235442829,,0.9984631890277496,0.0015368109722504464,0.9814504373834897,0.09986128594024955,5,0.001,0.1,0.9975283906939121,0.9971255670457323,0.9961918323972704,1.0,0.9958873976416347,0.9972633138701822,0.995882711837964,0.9964983478960613,0.9972620242582476,0.9965235444328883,0.9961672662049466,0.9963963977550927
2,4,2.0049224859589985,0.53032,5000,2.156078956745289,0.4921968787515006,833,2.160028103441476,0.4941,0.9984479849944764,0.08330883212417856,0.08311663453753998,0.0832058305083415,0.9989280081545305,,0.9989271319627686,0.0010728680372313892,0.9814504374117474,0.09986128594029774,5,0.001,0.1,0.9965785436294126,0.9964562458884372,0.9976236941040799,0.9958873976416347,1.0,0.9967089955178795,0.9978623424933359,0.9970745864050115,0.9977372009702141,0.997384917461515,0.9955105701945662,0.9959315772156803
2,5,2.0044316373812925,0.55016,5000,2.159287514509978,0.48739495798319327,833,2.160028106488359,0.4941,0.9988962553920749,0.08339218941557451,0.0831994153917845,0.0832058305083415,0.9999229006246589,,0.9999226761774969,7.732382250313918e-05,0.98145043753716,0.09986128594032286,5,0.001,0.1,0.9972593530848277,0.9977301648528487,0.9969885361595237,0.9972633138701822,0.9967089955178795,1.0,0.9968993450267849,0.9975976820808256,0.9978528865009164,0.9980532132401998,0.9965197364367284,0.9972491454483519
2,6,2.006862655718615,0.52008,5000,2.159220262810036,0.4957983193277311,833,2.160028103441476,0.4941,0.9984611765971233,0.08330294193642573,0.08311078503854892,0.0832058305083415,0.9988577066028814,,0.9988546408791719,0.0011453591208281377,0.9814504373114863,0.09986128594029213,5,0.001,0.1,0.9964264571503586,0.9967908726444489,0.997320918551902,0.995882711837964,0.9978623424933359,0.9968993450267849,1.0,0.9968479446485496,0.996921195620609,0.997641905791155,0.9961515391385741,0.9961693164329755
2,7,2.0044852757909495,0.57056,5000,2.1606650793993913,0.4921968787515006,833,2.160028103441476,0.4941,0.9985459325783943,0.08332914562670378,0.08313680767271059,0.0832058305083415,0.999170456731116,,0.9991687689080909,0.0008312310919090793,0.9814504374736537,0.09986128594031118,5,0.001,0.1,0.9962022422286303,0.9974359383428264,0.9968437442216191,0.9964983478960613,0.9970745864050115,0.9975976820808256,0.9968479446485496,1.0,0.9975572351075348,0.9981938169238881,0.9950201992789066,0.9966536971674514
2,8,2.002467474208516,0.55436,5000,2.1634853504322193,0.49939975990396157,833,2.160028106488359,0.4941,0.9989952041299004,0.08339864925148556,0.0832058305083415,0.0832058305083415,0.9999999999879815,,0.9999951672610935,4.83273890650171e-06,0.9814504375362834,0.09986128594032287,5,0.001,0.1,0.997101571665823,0.9976229686137932,0.9973207480193402,0.9972620242582476,0.9977372009702141,0.9978528865009164,0.996921195620609,0.9975572351075348,1.0,0.9980818375971805,0.9965438946328119,0.9973071880458447
2,9,2.0013632066690237,0.56152,5000,2.159985100781476,0.4801920768307323,833,2.160028106488359,0.4941,0.9990888790703676,0.08339398169390068,0.0832011952634389,0.0832058305083415,0.9999442918137559,,0.9999420071331226,5.799286687735439e-05,0.9814504375373375,0.09986128594032287,5,0.001,0.1,0.9965698136140662,0.9980304992755705,0.9977316824245757,0.9965235444328883,0.997384917461515,0.9980532132401998,0.997641905791155,0.9981938169238881,0.9980818375971805,1.0,0.9968228254248062,0.9973971026579389
2,10,2.0074512569767653,0.51696,5000,2.1570513071837247,0.5078031212484994,833,2.160028103441476,0.4941,0.9980901893296088,0.08328583792840864,0.08309379915065686,0.0832058305083415,0.998653563602468,,0.998651665845101,0.0013483341548989891,0.9814504373260224,0.09986128594027326,5,0.001,0.1,0.9972644922790852,0.9972149236618274,0.9958832883303228,0.9961672662049466,0.9955105701945662,0.9965197364367284,0.9961515391385741,0.9950201992789066,0.9965438946328119,0.9968228254248062,1.0,0.9973690707815094
2,11,2.00658812993651,0.50244,5000,2.1576812443909823,0.4909963985594238,833,2.1600281072500795,0.4941,0.9985661938611153,0.08335375192497839,0.08316124384893124,0.0832058305083415,0.9994641401914105,,0.9994635659813843,0.0005364340186156946,0.9814504375280863,0.09986128594031966,5,0.001,0.1,0.9975009431859392,0.9976173687731653,0.9965765054722219,0.9963963977550927,0.9959315772156803,0.9972491454483519,0.9961693164329755,0.9966536971674514,0.9973071880458447,0.9973971026579389,0.9973690707815094,1.0
3,0,1.83691301816588,0.54512,5000,2.0889169375101724,0.5515587529976019,834,2.0894603447411386,0.5575,0.998863708184889,0.08332587015835831,0.0831335548426282,0.08318814411391684,0.9993437854291685,,0.9993427475087231,0.0006572524912769051,0.9919355997397479,0.09989047418590774,5,0.001,0.1,1.0,0.9975880734402623,0.9973568256292956,0.9976070053485764,0.9974826056052553,0.9979710203527848,0.997345588460166,0.9971153577291871,0.9977327171787516,0.9971826766232602,0.9978295301040405,0.9980248709137002
3,1,1.8211538246482801,0.58716,5000,2.0927087907437927,0.5779376498800959,834,2.08946034626458,0.5575,0.9990404624475634,0.08336046875135465,0.08316791421940414,0.08318814411391684,0.9997568175642342,,0.9997535303157712,0.00024646968422881166,0.991935599697541,0.09989047418591175,5,0.001,0.1,0.9975880734402623,1.0,0.9974610298917472,0.997423352511168,0.9975243469181736,0.9980023534355451,0.9974165018810058,0.9978575135374296,0.9981502009259325,0.9982242263010609,0.9977503065318785,0.9979546074388752
3,2,1.8406115402841263,0.57208,5000,2.087482867417512,0.5635491606714629,834,2.089460343979418,0.5575,0.9988644848762981,0.08329401005182277,0.08310191484348436,0.08318814411391684,0.9989634427796181,,0.9989609611351137,0.0010390388648863214,0.9919355997443238,0.0998904741858948,5,0.001,0.1,0.9973568256292956,0.9974610298917472,1.0,0.9970227365554557,0.9981675042231597,0.9977903429096755,0.9977593277088666,0.9975682624300652,0.9978542223179635,0.9980610243037362,0.9967785953773667,0.9974262852422296
3,3,1.8380578218751653,0.55624,5000,2.090765052371555,0.5563549160671463,834,2.0894603432176972,0.5575,0.9985963893228483,0.08328430440789056,0.08309227621825897,0.08318814411391684,0.9988475774080806,,0.998844975401359,0.0011550245986410301,0.9919355997483978,0.09989047418588827,5,0.001,0.1,0.9976070053485764,0.997423352511168,0.9970227365554557,1.0,0.9971142265245592,0.9975464884800094,0.9968937403941763,0.9971567704257961,0.9975758741029087,0.9972639883833029,0.9971604759105499,0.997268564198218
3,4,1.8363063563207151,0.57924,5000,2.083821826510959,0.5642256902761105,833,2.0894603455028595,0.5575,0.9989531161312718,0.08331987402265777,0.08312760014438018,0.08318814411391684,0.9992722043365576,,0.9992702564251263,0.0007297435748736536,0.9919355997441601,0.09989047418590614,5,0.001,0.1,0.9974826056052553,0.9975243469181736,0.9981675042231597,0.9971142265245592,1.0,0.9976279410762677,0.9982902730660472,0.9977101318896296,0.998185908128006,0.9980347060751695,0.9968662334420813,0.9973040762084618
3,5,1.834820256567305,0.5776,5000,2.087981246135853,0.5462184873949579,833,2.0894603455028595,0.5575,0.9990591614142281,0.08337440791364674,0.08318175694982867,0.08318814411391684,0.9999232202478354,,0.9999226761774969,7.732382250313918e-05,0.9919355997018231,0.09989047418591195,5,0.001,0.1,0.9979710203527848,0.9980023534355451,0.9977903429096755,0.9975464884800094,0.9976279410762677,1.0,0.9975194281840263,0.9980241848433418,0.998029152882696,0.9982297030534458,0.9971814556236118,0.9976543647424736
3,6,1.8396602515202418,0.5684,5000,2.0880146909643105,0.5594237695078031,833,2.0894603447411386,0.5575,0.9987686576812296,0.08331030957963395,0.08311810178599896,0.08318814411391684,0.999158025104862,,0.9991542706913716,0.0008457293086283624,0.9919355997449607,0.09989047418590286,5,0.001,0.1,0.997345588460166,0.9974165018810058,0.9977593277088666,0.9968937403941763,0.9982902730660472,0.9975194281840263,1.0,0.9974798251201343,0.997305567528975,0.99772727205092,0.9970720935105725,0.9972880381100014
3,7,1.8358012521342866,0.59256,5000,2.09106742894208,0.553421368547419,833,2.089460343979418,0.5575,0.9988412684889133,0.08332871999615285,0.08313638498398764,0.08318814411391684,0.9993778063992182,,0.9993765766810683,0.0006234233189317262,0.9919355997404771,0.09989047418590837,5,0.001,0.1,0.9971153577291871,0.9978575135374296,0.9975682624300652,0.9971567704257961,0.9977101318896296,0.9980241848433418,0.9974798251201343,1.0,0.9977811136091778,0.9984047722209364,0.9962546387016448,0.9976125652019232
3,8,1.8326289453324238,0.58348,5000,2.0949457309864186,0.5522208883553421,833,2.0894603455028595,0.5575,0.9991357217489909,0.08338083958319019,0.08318814411391684,0.08318814411391684,0.999999999987979,,0.9999951672610935,4.83273890650171e-06,0.9919355997020022,0.09989047418591196,5,0.001,0.1,0.9977327171787516,0.9981502009259325,0.9978542223179635,0.9975758741029087,0.998185908128006,0.998029152882696,0.997305567528975,0.9977811136091778,1.0,0.9982395852628512,0.9975119364614683,0.9981278364345337
3,9,1.8301473465694744,0.58876,5000,2.0887203304855912,0.5438175270108043,833,2.0894603455028595,0.5575,0.9991580650636832,0.08337869866641813,0.08318601801248252,0.08318814411391684,0.9999744422422576,,0.9999710035665613,2.8996433438677194e-05,0.9919355997018406,0.09989047418591196,5,0.001,0.1,0.9971826766232602,0.9982242263010609,0.9980610243037362,0.9972639883833029,0.9980347060751695,0.9982297030534458,0.99772727205092,0.9984047722209364,0.9982395852628512,1.0,0.997366901070917,0.9980269417675528
3,10,1.8412392575270051,0.55984,5000,2.0853477583991156,0.5582232893157263,833,2.0894603447411386,0.5575,0.9985822675936256,0.08329380689726235,0.08310171309189135,0.08318814411391684,0.9989610175350697,,0.9989609611351137,0.0010390388648863214,0.9919355997428322,0.0998904741858948,5,0.001,0.1,0.9978295301040405,0.9977503065318785,0.9967785953773667,0.9971604759105499,0.9968662334420813,0.9971814556236118,0.9970720935105725,0.9962546387016448,0.9975119364614683,0.997366901070917,1.0,0.998090904755798
3,11,1.839905168600143,0.54656,5000,2.087222933769226,0.5630252100840336,833,2.0894603455028595,0.5575,0.9989925555727343,0.08334868997161161,0.0831562169008674,0.08318814411391684,0.9996162047562289,,0.9996133808874842,0.00038661911251580694,0.9919355997046758,0.09989047418591114,5,0.001,0.1,0.9980248709137002,0.9979546074388752,0.9974262852422296,0.997268564198218,0.9973040762084618,0.9976543647424736,0.9972880381100014,0.9976125652019232,0.9981278364345337,0.9980269417675528,0.998090904755798,1.0
4,0,1.6738450502893727,0.57192,5000,2.0034293510295726,0.5935251798561151,834,2.004559775891776,0.5897,0.9988246089970783,0.0833243065991226,0.0831320020892424,0.08317508685741647,0.9994819991081294,,0.9994780641981036,0.0005219358018964115,0.9959836377020651,0.09989625565978992,5,0.001,0.1,1.0,0.9974514114741865,0.9972118857193013,0.9978675290123943,0.9975417281632446,0.9977312271980276,0.9974624812357821,0.9974129012624269,0.9976323003482926,0.9972479486423976,0.99789122083544,0.9980103489927263
4,1,1.6542106124246196,0.5988,5000,2.0090468062294855,0.605515587529976,834,2.004559776272637,0.5897,0.9990713332775328,0.08335348275337208,0.08316097653885393,0.08317508685741647,0.9998303540146997,,0.9998260213993678,0.00017397860063217419,0.9959836377058535,0.09989625565979124,5,0.001,0.1,0.9974514114741865,1.0,0.9977065705787519,0.9977031432521296,0.9977035331448639,0.9978354665796031,0.9976604666069507,0.9980522990954352,0.9982256164124009,0.9983384438377821,0.9978561293873148,0.9978837413551167
4,2,1.6767647298278323,0.59236,5000,2.000730201050087,0.5995203836930456,834,2.004559777796078,0.5897,0.9989785352342179,0.08330973894912587,0.08311753509773268,0.08317508685741647,0.9993080649163402,,0.9993234165530973,0.0006765834469026899,0.9959836377068982,0.0998962556597884,5,0.001,0.1,0.9972118857193013,0.9977065705787519,1.0,0.9974821975683692,0.99822917837896,0.9978423549969924,0.9978646812489753,0.9977011326948616,0.9978824768059663,0.9982607373939609,0.997449788272438,0.9976752760436537
4,3,1.674662355936257,0.57372,5000,2.0064656999376087,0.592326139088729,834,2.004559776272637,0.5897,0.9987950349047547,0.08329786619504866,0.08310574435523461,0.08317508685741647,0.999166306813723,,0.9991736016469974,0.0008263983530025776,0.9959836377094815,0.09989625565978585,5,0.001,0.1,0.9978675290123943,0.9977031432521296,0.9974821975683692,1.0,0.9975249074916247,0.9975046836222631,0.9972078760316957,0.9976987861314274,0.9978544022098861,0.9972292103629297,0.9974609277496271,0.9975737224874655
4,4,1.671888799576243,0.6036,5000,1.9967234532038372,0.595438175270108,833,2.004559780842961,0.5897,0.9990106054512912,0.08332663236786532,0.0831343117843141,0.08317508685741647,0.9995097681812851,,0.9995070606315423,0.0004929393684577343,0.9959836377016332,0.09989625565979013,5,0.001,0.1,0.9975417281632446,0.9977035331448639,0.99822917837896,0.9975249074916247,1.0,0.9975858328517917,0.9982269182625145,0.9978998934086398,0.9980649436940272,0.9981553353837402,0.9974032365503124,0.9973549499078106
4,5,1.6692555766196768,0.59688,5000,2.002082524476228,0.5738295318127251,833,2.0045597747491954,0.5897,0.9988865525150735,0.0833560664787816,0.08316354239531824,0.08317508685741647,0.9998612028729482,,0.999859850571713,0.00014014942828699528,0.9959836377057502,0.09989625565979128,5,0.001,0.1,0.9977312271980276,0.9978354665796031,0.9978423549969924,0.9975046836222631,0.9975858328517917,1.0,0.9977073609524448,0.9978310993618456,0.9977893884154471,0.9978371696105409,0.9970843056862433,0.9974526901839298
4,6,1.6748536747731981,0.59844,5000,2.0025330075511225,0.5822328931572629,833,2.0045597793195196,0.5897,0.9988692116602208,0.08331620501218899,0.08312395648638858,0.08317508685741647,0.9993852681859542,,0.9993814094199747,0.0006185905800253355,0.9959836377003719,0.09989625565978909,5,0.001,0.1,0.9974624812357821,0.9976604666069507,0.9978646812489753,0.9972078760316957,0.9982269182625145,0.9977073609524448,1.0,0.9978116477342026,0.9973903233642105,0.9978898119664042,0.9973895165379935,0.9973847121682051
4,7,1.6701518950188996,0.60396,5000,2.0076937631324485,0.5822328931572629,833,2.004559775891776,0.5897,0.9990153359093018,0.0833322089285402,0.08313984980106075,0.08317508685741647,0.999576350819859,,0.9995747189762326,0.00042528102376737653,0.9959836377023437,0.09989625565979052,5,0.001,0.1,0.9974129012624269,0.9980522990954352,0.9977011326948616,0.9976987861314274,0.9978998934086398,0.9978310993618456,0.9978116477342026,1.0,0.9979434254538322,0.9984371146681378,0.9970310543466853,0.9979267134018118
4,8,1.6675762117288675,0.59768,5000,2.0126458318145186,0.5678271308523409,833,2.0045597747491954,0.5897,0.9991245771278605,0.08336769135169404,0.08317508685741647,0.08317508685741647,0.9999999999879771,,0.9999951672610935,4.83273890650171e-06,0.9959836377056265,0.09989625565979132,5,0.001,0.1,0.9976323003482926,0.9982256164124009,0.9978824768059663,0.9978544022098861,0.9980649436940272,0.9977893884154471,0.9973903233642105,0.9979434254538322,1.0,0.9981681258115996,0.9979292653267959,0.9981746452494191
4,9,1.6635889788342129,0.60476,5000,2.0029837908568204,0.581032412965186,833,2.0045597747491954,0.5897,0.9991552197619684,0.08336736751891398,0.08317476526493371,0.08317508685741647,0.9999961335359552,,0.9999951672610935,4.83273890650171e-06,0.9959836377056159,0.09989625565979132,5,0.001,0.1,0.9972479486423976,0.9983384438377821,0.9982607373939609,0.9972292103629297,0.9981553353837402,0.9978371696105409,0.9978898119664042,0.9984371146681378,0.9981681258115996,1.0,0.9977727495774381,0.9980854815790547
4,10,1.6791209257332382,0.58024,5000,1.9990893293310095,0.6086434573829532,833,2.0045597793195196,0.5897,0.9988155608882703,0.08330435503587759,0.08311218837698915,0.08317508685741647,0.9992437821972535,,0.9992412599916877,0.0007587400083123308,0.9959836377065268,0.09989625565978717,5,0.001,0.1,0.99789122083544,0.9978561293873148,0.997449788272438,0.9974609277496271,0.9974032365503124,0.9970843056862433,0.9973895165379935,0.9970310543466853,0.9979292653267959,0.9977727495774381,1.0,0.9980846634000242
4,11,1.6775588498753347,0.57296,5000,2.0025989214579263,0.5942376950780313,833,2.004559776272637,0.5897,0.9990037249079287,0.08334407880946898,0.08315163762295409,0.08317508685741647,0.9997180738085396,,0.9997148684045196,0.00028513159548038125,0.9959836377056016,0.09989625565979104,5,0.001,0.1,0.9980103489927263,0.9978837413551167,0.9976752760436537,0.9975737224874655,0.9973549499078106,0.9974526901839298,0.9973847121682051,0.9979267134018118,0.9981746452494191,0.9980854815790547,0.9980846634000242,1.0
5,0,1.5309535713712121,0.58836,5000,1.9042487100318626,0.6211031175059952,834,1.906002473907349,0.6143,0.9989319779965814,0.08332736600009333,0.08313504034613514,0.08316656012860565,0.9996210041220727,,0.9996182136263906,0.00038178637360941625,0.9973742094011657,0.09989453923619325,5,0.001,0.1,1.0,0.9975914493024841,0.9975347607465237,0.997999676233787,0.9977919838220899,0.997896684410932,0.9977593493443181,0.9974986410383009,0.997483818270558,0.9973139906003766,0.9978384627353858,0.9978337508505826
5,1,1.5082726489966083,0.6118,5000,1.9116005809218795,0.6139088729016786,834,1.9060024750499298,0.6143,0.9989969647810212,0.08334735266637688,0.08315488884289239,0.08316656012860565,0.9998596637074435,,0.9998550178328066,0.00014498216719338597,0.997374209400904,0.0998945392361941,5,0.001,0.1,0.9975914493024841,1.0,0.9975812399123993,0.9975351989347985,0.9977137852643013,0.9977458678895939,0.9974905577598906,0.9978657228252239,0.9979101925296171,0.9983040674717125,0.9977283506284987,0.9978534899070487
5,2,1.533502377598149,0.60652,5000,1.8999044762717352,0.6247002398081535,834,1.9060024765733712,0.6143,0.9989627855302811,0.08331942799122054,0.08312715719509203,0.08316656012860565,0.9995262166133573,,0.9995215588482617,0.00047844115173834023,0.9973742093929563,0.09989453923619247,5,0.001,0.1,0.9975347607465237,0.9975812399123993,1.0,0.9977513740188134,0.9980759023201178,0.9977350124848529,0.9978024117380133,0.9975448858113501,0.9976094124899535,0.9980733241652407,0.9974616720957323,0.9977417951377479
5,3,1.5317701479431929,0.58996,5000,1.9088251679031938,0.6163069544364509,834,1.9060024746690696,0.6143,0.9988769090004045,0.08330937682802658,0.08311717547834511,0.08316656012860565,0.9994061958173623,,0.999405573114507,0.000594426885493049,0.9973742093888697,0.09989453923619096,5,0.001,0.1,0.997999676233787,0.9975351989347985,0.9977513740188134,1.0,0.9977142289259513,0.9976058177513948,0.997548641100225,0.9977501658959045,0.9978546430039318,0.9972345284958966,0.997416984007694,0.9974717005323442
5,4,1.5278289192041774,0.62324,5000,1.8953081501854792,0.6134453781512605,833,1.9060024746690696,0.6143,0.9990384827774008,0.08333222909465537,0.08313986982778299,0.08316656012860565,0.999679074116074,,0.9996810392321744,0.00031896076782556015,0.9973742094014859,0.09989453923619358,5,0.001,0.1,0.9977919838220899,0.9977137852643013,0.9980759023201178,0.9977142289259513,1.0,0.9976044015799169,0.9981418256470652,0.9979374062895524,0.9978218249016209,0.9981705018187084,0.9974097910569942,0.9974371432896679
5,5,1.5236716654649964,0.60648,5000,1.9025014683052346,0.6062424969987995,833,1.9060024742882091,0.6143,0.9988527095145271,0.08334428159058785,0.0831518390020014,0.08316656012860565,0.9998229922269081,,0.9998260213993678,0.00017397860063217419,0.9973742094008374,0.09989453923619404,5,0.001,0.1,0.997896684410932,0.9977458678895939,0.9977350124848529,0.9976058177513948,0.9976044015799169,1.0,0.997561599874132,0.9977489361214563,0.9973552762222119,0.9978255530548056,0.9971655014319237,0.9973463688276537
5,6,1.530816343104004,0.61628,5000,1.9038357337315877,0.617046818727491,833,1.9060024765733712,0.6143,0.9988951667253861,0.08332121053806503,0.08312892742405402,0.08316656012860565,0.9995475019588042,,0.999545722542794,0.0004542774572060537,0.9973742093945459,0.0998945392361927,5,0.001,0.1,0.9977593493443181,0.9974905577598906,0.9978024117380133,0.997548641100225,0.9981418256470652,0.997561599874132,1.0,0.9978939529348778,0.9972595416020443,0.9977007454057474,0.9974898025366181,0.9974529839171001
5,7,1.5221701823981704,0.61656,5000,1.9115872118208144,0.6086434573829532,833,1.9060024735264884,0.6143,0.9989627423670875,0.08333320414569369,0.08314083813895799,0.08316656012860565,0.9996907171511292,,0.9996907047099873,0.00030929529001266776,0.9973742094015472,0.09989453923619364,5,0.001,0.1,0.9974986410383009,0.9978657228252239,0.9975448858113501,0.9977501658959045,0.9979374062895524,0.9977489361214563,0.9978939529348778,1.0,0.9976861649766929,0.9981912790820002,0.997023880801937,0.9977692708856869
5,8,1.5222272390013287,0.61112,5000,1.9171871874067519,0.5990396158463386,833,1.9060024746690696,0.6143,0.9989627741372226,0.0833549613442903,0.08316244490402937,0.08316656012860565,0.9999505182663575,,0.999946839872029,5.31601279709637e-05,0.9973742094006697,0.09989453923619418,5,0.001,0.1,0.997483818270558,0.9979101925296171,0.9976094124899535,0.9978546430039318,0.9978218249016209,0.9973552762222119,0.9972595416020443,0.9976861649766929,1.0,0.9980384132329582,0.997869146256305,0.9980216111662077
5,9,1.5169722033913728,0.61348,5000,1.9035451058988218,0.6074429771908764,833,1.9060024742882091,0.6143,0.999097334954663,0.08335910522936178,0.08316656012860565,0.08316656012860565,0.9999999999879758,,0.9999951672610935,4.83273890650171e-06,0.9973742094007185,0.09989453923619418,5,0.001,0.1,0.9973139906003766,0.9983040674717125,0.9980733241652407,0.9972345284958966,0.9981705018187084,0.9978255530548056,0.9977007454057474,0.9981912790820002,0.9980384132329582,1.0,0.9976450545789214,0.9980252934156403
5,10,1.5359660977770568,0.59328,5000,1.8987960462216977,0.6266506602641057,833,1.906002476192511,0.6143,0.9988038698204778,0.0833109984189212,0.08311878586631896,0.08316656012860565,0.9994255592246181,,0.9994249040701327,0.0005750959298672642,0.9973742093931479,0.09989453923619125,5,0.001,0.1,0.9978384627353858,0.9977283506284987,0.9974616720957323,0.997416984007694,0.9974097910569942,0.9971655014319237,0.9974898025366181,0.997023880801937,0.997869146256305,0.9976450545789214,1.0,0.9979582572799334
5,11,1.531097629951064,0.59568,5000,1.9045175446404352,0.617046818727491,833,1.9060024758116505,0.6143,0.9989628646900276,0.08334048615270748,0.08314806980545562,0.08316656012860565,0.9997776711683011,,0.999772861271397,0.00022713872860302686,0.9973742094017405,0.09989453923619393,5,0.001,0.1,0.9978337508505826,0.9978534899070487,0.9977417951377479,0.9974717005323442,0.9974371432896679,0.9973463688276537,0.9974529839171001,0.9977692708856869,0.9980216111662077,0.9980252934156403,0.9979582572799334,1.0
6,0,1.4099757119348855,0.6074,5000,1.793559264253687,0.6354916067146283,834,1.7957851810577197,0.6318,0.9987760187010296,0.083330028921138,0.08313768486198882,0.08316362413669393,0.999688093490705,,0.9996858719710809,0.00031412802891905844,0.998163592246234,0.09987650388897003,5,0.001,0.1,1.0,0.9972085578953663,0.9971857155783563,0.9976710623246378,0.9973826768418582,0.9976116766864453,0.997451671806307,0.9970885638320323,0.9971808787975857,0.996978855709678,0.9974100014891657,0.9973415998219982
6,1,1.3841358977518263,0.6234,5000,1.8022840508708247,0.6342925659472423,834,1.7957851818194404,0.6318,0.9987965933079862,0.08334294868672046,0.08315051531398898,0.08316362413669393,0.9998423731067414,,0.9998405196160872,0.00015948038391278008,0.9981635922451945,0.09987650388897037,5,0.001,0.1,0.9972085578953663,1.0,0.9971779648158324,0.9971775793270187,0.9972541807033293,0.9972914214093499,0.99708673376188,0.9974219494225424,0.9976334829223724,0.9979771648540644,0.9972795653174972,0.9972479725455237
6,2,1.4096687679078168,0.61956,5000,1.7869720679742318,0.6390887290167866,834,1.795785183342882,0.6318,0.9987944584675723,0.08332575647861395,0.08313344194854487,0.08316362413669393,0.9996370746289377,,0.99963271184311,0.00036728815689002214,0.998163592257067,0.09987650388896982,5,0.001,0.1,0.9971857155783563,0.9971779648158324,1.0,0.9973713661441705,0.9976722252462499,0.9974147749422592,0.9975522738841665,0.9970777300611009,0.9972567610152313,0.997725019829788,0.9970880619657245,0.9972102765119456
6,3,1.4100179331317828,0.60872,5000,1.7996938581819888,0.6366906474820144,834,1.7957851829620215,0.6318,0.9986842370762729,0.08331603591256222,0.0831237885551689,0.08316362413669393,0.9995209975161848,,0.9995167261093553,0.0004832738906447309,0.9981635922571752,0.09987650388896911,5,0.001,0.1,0.9976710623246378,0.9971775793270187,0.9973713661441705,1.0,0.9972966069188332,0.9971682667235321,0.9972096539233586,0.9973495601224798,0.9974702325164312,0.9967872110955895,0.9969006140858522,0.9970095259535663
6,4,1.4057705186734533,0.63424,5000,1.7817926362708763,0.6290516206482593,833,1.7957851844854629,0.6318,0.9988079651415493,0.08333404197627885,0.08314167017806592,0.08316362413669393,0.9997360148760273,,0.9997341993601454,0.00026580063985459645,0.9981635922459772,0.09987650388897015,5,0.001,0.1,0.9973826768418582,0.9972541807033293,0.9976722252462499,0.9972966069188332,1.0,0.9972123831594997,0.9976035974537005,0.9973715838180333,0.9975028082724499,0.9977524890413584,0.9970016829490779,0.9968434085040887
