round,client_id,client_i_training_loss,client_i_training_accuracy,client_i_training_dataset_size,client_i_evaluation_loss,client_i_evaluation_accuracy,client_i_evaluation_dataset_size,client_i_central_evaluation_loss,client_i_central_evaluation_accuracy,client_i_cosine_similarity,client_i_importance_coefficient,client_i_tanh_val,tanh_normalization_value,client_i_q,client_i_mask_order,client_i_v_nonzero_fraction,client_i_v_sparsity,client_i_v_cosine_similarity,client_i_reward_gradient_norm,local_epochs,learning_rate,gamma,client_0_cosine_similarity,client_1_cosine_similarity,client_2_cosine_similarity,client_3_cosine_similarity,client_4_cosine_similarity,client_5_cosine_similarity,client_6_cosine_similarity,client_7_cosine_similarity,client_8_cosine_similarity,client_9_cosine_similarity,client_10_cosine_similarity,client_11_cosine_similarity
0,0,2.249111759301388,0.14127669786417085,4167,2.295525278363909,0.15347721822541965,834,2.295577088488808,0.1446,0.9801302191993698,0.08305810868275892,,,,,,,0,0,10,0.025,0.15,1.0,0.9719634360921384,0.9602727948103926,0.9596724951262734,0.9687128025310997,0.9630924351559617,0.9549703600049925,0.953186868659242,0.9673892328459455,0.9525834846893111,0.9603112580672579,0.9539013235569992
0,1,2.2535916610197586,0.16748260139188864,4167,2.294841391699655,0.12829736211031176,834,2.295577088488808,0.1446,0.9860553789935625,0.08356021805201272,,,,,,,0,0,10,0.025,0.15,0.9719634360921384,1.0,0.9635267172306896,0.967546104128228,0.9782968286555348,0.9713498772655482,0.9607606245891459,0.9676785905316416,0.9651671160183509,0.9546913937071435,0.970189038706375,0.9648061896015371
0,2,2.249496110280355,0.15932325413966883,4167,2.2946226937430247,0.1498800959232614,834,2.295577088488808,0.1446,0.9856743418721372,0.08352792823783949,,,,,,,0,0,10,0.025,0.15,0.9602727948103926,0.9635267172306896,1.0,0.9621155642775621,0.9734326544742479,0.9650141631797701,0.9538848582575961,0.9638191642370217,0.9692186165773055,0.9714054665834504,0.9781825583592113,0.9706155721788536
0,3,2.251883096405954,0.1599712023038157,4167,2.2946017810276578,0.1354916067146283,834,2.295577088488808,0.1446,0.9803249705491219,0.08307461228448139,,,,,,,0,0,10,0.025,0.15,0.9596724951262734,0.967546104128228,0.9621155642775621,1.0,0.9605937403220584,0.9568213125934061,0.9588469420393638,0.9607588642919884,0.9564184422087071,0.9526564905191803,0.9710751519867785,0.961851247911504
0,4,2.247732329368591,0.17300215982721381,4167,2.2976086139678955,0.12725090036014405,833,2.295577088488808,0.1446,0.9854735507350944,0.08351091281299454,,,,,,,0,0,10,0.025,0.15,0.9687128025310997,0.9782968286555348,0.9734326544742479,0.9605937403220584,1.0,0.9689381102469148,0.9573419154730375,0.961232698818114,0.9580238691667202,0.9644640444763994,0.9713237865999015,0.966751501653418
0,5,2.251146113511288,0.15694744420446363,4167,2.293670552117484,0.15366146458583432,833,2.295577088488808,0.1446,0.9846709783022712,0.08344290129060147,,,,,,,0,0,10,0.025,0.15,0.9630924351559617,0.9713498772655482,0.9650141631797701,0.9568213125934061,0.9689381102469148,1.0,0.9589918674827901,0.9697114473555792,0.971086874204753,0.9571598369041632,0.9707439092479833,0.9667333249901799
0,6,2.2433422948374893,0.1502039836813055,4167,2.297985247203282,0.14645858343337334,833,2.295577088488808,0.1446,0.9784619154761578,0.08291673343562943,,,,,,,0,0,10,0.025,0.15,0.9549703600049925,0.9607606245891459,0.9538848582575961,0.9588469420393638,0.9573419154730375,0.9589918674827901,1.0,0.96612333374671,0.9553037363637685,0.9481696309017434,0.9661684203199172,0.9658098032134889
0,7,2.2567244002313327,0.16563474922006238,4167,2.2942068576812744,0.15966386554621848,833,2.295577088488808,0.1446,0.9837942474108875,0.08336860543864665,,,,,,,0,0,10,0.025,0.15,0.953186868659242,0.9676785905316416,0.9638191642370217,0.9607588642919884,0.961232698818114,0.9697114473555792,0.96612333374671,1.0,0.9690873050438806,0.9576202661777098,0.972132138644334,0.9679476724331287
0,8,2.253954203923543,0.17167546807489198,4166,2.2966033049992154,0.14765906362545017,833,2.295577088488808,0.1446,0.98353755601586,0.08334685291906457,,,,,,,0,0,10,0.025,0.15,0.9673892328459455,0.9651671160183509,0.9692186165773055,0.9564184422087071,0.9580238691667202,0.971086874204753,0.9553037363637685,0.9690873050438806,1.0,0.9638124074410429,0.9715689123374772,0.9591996519157407
0,9,2.244199348218513,0.15976956313010082,4166,2.294426883969988,0.15726290516206481,833,2.295577088488808,0.1446,0.9788952966971077,0.08295345898887288,,,,,,,0,0,10,0.025,0.15,0.9525834846893111,0.9546913937071435,0.9714054665834504,0.9526564905191803,0.9644640444763994,0.9571598369041632,0.9481696309017434,0.9576202661777098,0.9638124074410429,1.0,0.9708866594063503,0.9580492828846734
0,10,2.252504678928491,0.16060969755160825,4166,2.2966346740722656,0.13925570228091236,833,2.295577088488808,0.1446,0.9895941550147888,0.08386010069782589,,,,,,,0,0,10,0.025,0.15,0.9603112580672579,0.970189038706375,0.9781825583592113,0.9710751519867785,0.9713237865999015,0.9707439092479833,0.9661684203199172,0.972132138644334,0.9715689123374772,0.9708866594063503,1.0,0.9751652573114541
0,11,2.256302583578861,0.16548247719635142,4166,2.294907433646066,0.1368547418967587,833,2.295577088488808,0.1446,0.983923601592071,0.08337956715927199,,,,,,,0,0,10,0.025,0.15,0.9539013235569992,0.9648061896015371,0.9706155721788536,0.961851247911504,0.966751501653418,0.9667333249901799,0.9658098032134889,0.9679476724331287,0.9591996519157407,0.9580492828846734,0.9751652573114541,1.0
1,0,2.1264996217958854,0.2115430765538757,4167,2.2815541199275424,0.1606714628297362,834,2.282017903991892,0.1539,0.9802953718129028,0.08297484177119854,,,,,,,0,0,10,0.025,0.15,1.0,0.9653658161830444,0.9636534444021223,0.9653741129825733,0.9673573300768178,0.9635249526289549,0.9556072043411594,0.9602266629130057,0.9671110074050627,0.9614749928399069,0.9662622469452966,0.9644235115841563
1,1,2.1342154213876436,0.215598752099832,4167,2.280720983232771,0.14388489208633093,834,2.282017903991892,0.1539,0.9865582385244619,0.08348736800905647,,,,,,,0,0,10,0.025,0.15,0.9653658161830444,1.0,0.967663123592233,0.9651353805761567,0.9732912707787817,0.9745509704117064,0.9698976273585996,0.9762207898946075,0.9696166344229937,0.967325113262819,0.9711593831378877,0.9740755586611461
1,2,2.1254315090901925,0.22119030477561796,4167,2.2806614467075894,0.1606714628297362,834,2.282017903991892,0.1539,0.9874304239141737,0.08349575756784967,,,,,,,0,0,10,0.025,0.15,0.9636534444021223,0.967663123592233,1.0,0.966920855554174,0.9738351468358297,0.9732111137564577,0.9691778747743857,0.9740246625537807,0.9734013240379853,0.971694728700505,0.9749605639728669,0.9760843566289024
1,3,2.135037007476344,0.20983921286297097,4167,2.280778203691755,0.1486810551558753,834,2.282017903991892,0.1539,0.9839350792197586,0.08310305569766789,,,,,,,0,0,10,0.025,0.15,0.9653741129825733,0.9651353805761567,0.966920855554174,1.0,0.9701275598415827,0.9673941042301952,0.963174866825117,0.9705931560418566,0.9643159577663261,0.9658588062471118,0.9738100094202268,0.9707248103517625
1,4,2.120327658364267,0.22514998800095992,4167,2.2839243412017822,0.13085234093637454,833,2.282017903991892,0.1539,0.9873110355243399,0.0834814003788482,,,,,,,0,0,10,0.025,0.15,0.9673573300768178,0.9732912707787817,0.9738351468358297,0.9701275598415827,1.0,0.9746890924825168,0.9681583622973585,0.971500273321609,0.9671212333844867,0.9708493154945461,0.9729726723774598,0.9733296498730841
1,5,2.1267277551419808,0.22097432205423567,4167,2.279313257762364,0.16566626650660263,833,2.282017903991892,0.1539,0.9876755487269544,0.08345131272542816,,,,,,,0,0,10,0.025,0.15,0.9635249526289549,0.9745509704117064,0.9732111137564577,0.9673941042301952,0.9746890924825168,1.0,0.9659709829943904,0.9749449582606587,0.9717065713912262,0.9738003712752206,0.9730600059805738,0.9746888040673012
1,6,2.1099277185671257,0.2220782337413007,4167,2.284384454999651,0.1452581032412965,833,2.282017903991892,0.1539,0.983290883743887,0.08298487575638093,,,,,,,0,0,10,0.025,0.15,0.9556072043411594,0.9698976273585996,0.9691778747743857,0.963174866825117,0.9681583622973585,0.9659709829943904,1.0,0.9745908439037151,0.9658899405134831,0.9608731072805697,0.9717937594912897,0.9706853893101337
1,7,2.127526441487399,0.229685625149988,4167,2.280740942273821,0.15606242496998798,833,2.282017903991892,0.1539,0.9884665327713734,0.08343118401996713,,,,,,,0,0,10,0.025,0.15,0.9602266629130057,0.9762207898946075,0.9740246625537807,0.9705931560418566,0.971500273321609,0.9749449582606587,0.9745908439037151,1.0,0.974145058648583,0.9693734659628405,0.9740216239788657,0.9772972672036108
1,8,2.1322875767043143,0.21929908785405666,4166,2.2831361293792725,0.15006002400960383,833,2.282017903991892,0.1539,0.9862469993159081,0.08334579517893216,,,,,,,0,0,10,0.025,0.15,0.9671110074050627,0.9696166344229937,0.9734013240379853,0.9643159577663261,0.9671212333844867,0.9717065713912262,0.9658899405134831,0.974145058648583,1.0,0.9705435014119158,0.9734171826923887,0.9734163152483702
1,9,2.111768887982224,0.22479596735477678,4166,2.2827652181897844,0.16806722689075632,833,2.282017903991892,0.1539,0.9846905267049129,0.08305290023807146,,,,,,,0,0,10,0.025,0.15,0.9614749928399069,0.967325113262819,0.971694728700505,0.9658588062471118,0.9708493154945461,0.9738003712752206,0.9608731072805697,0.9693734659628405,0.9705435014119158,1.0,0.9699912087437808,0.9706064927654839
1,10,2.1336115988818083,0.21778684589534325,4166,2.282967669623239,0.15726290516206481,833,2.282017903991892,0.1539,0.988607561078747,0.0837386242406193,,,,,,,0,0,10,0.025,0.15,0.9662622469452966,0.9711593831378877,0.9749605639728669,0.9738100094202268,0.9729726723774598,0.9730600059805738,0.9717937594912897,0.9740216239788657,0.9734171826923887,0.9699912087437808,1.0,0.9770357000354479
1,11,2.135405532880263,0.2171147383581373,4166,2.2822393008640836,0.15966386554621848,833,2.282017903991892,0.1539,0.9889273578415703,0.08345288441598021,,,,,,,0,0,10,0.025,0.15,0.9644235115841563,0.9740755586611461,0.9760843566289024,0.9707248103517625,0.9733296498730841,0.9746888040673012,0.9706853893101337,0.9772972672036108,0.9734163152483702,0.9706064927654839,0.9770357000354479,1.0
2,0,2.049670371864781,0.2502519798416127,4167,2.2611705575670515,0.18585131894484413,834,2.2623501970798157,0.1722,0.9778413104159831,0.08295797457033424,,,,,,,0,0,10,0.025,0.15,1.0,0.9575361039534777,0.9590804347354588,0.9578540292867046,0.9604065924405815,0.9563800947500657,0.9477670433863149,0.9580627061428729,0.9590750614339418,0.9570939758678221,0.9585364613886984,0.9581699078840502
2,1,2.052653259942026,0.2505399568034557,4167,2.2605857849121094,0.1642685851318945,834,2.2623501970798157,0.1722,0.9821566940687716,0.08341438580948818,,,,,,,0,0,10,0.025,0.15,0.9575361039534777,1.0,0.957189968156819,0.9577482369882534,0.9646770313867262,0.9658852457796396,0.9572783556957657,0.9697498897293714,0.9627826310986143,0.9599958716533604,0.9628703390859019,0.9648576689159372
2,2,2.044504091956399,0.2591312694984401,4167,2.2603204250335693,0.17865707434052758,834,2.2623501970798157,0.1722,0.9826784344821209,0.08343650723722258,,,,,,,0,0,10,0.025,0.15,0.9590804347354588,0.957189968156819,1.0,0.9599405217053423,0.9633027435024614,0.9627979201303161,0.9619423547954982,0.966145557678098,0.9633090703406416,0.9624225487755759,0.9647355016271737,0.9658930900790855
2,3,2.0563709804506014,0.24780417566594673,4167,2.2610206263405934,0.1750599520383693,834,2.2623501970798157,0.1722,0.9812498789033495,0.08314779053054021,,,,,,,0,0,10,0.025,0.15,0.9578540292867046,0.9577482369882534,0.9599405217053423,1.0,0.9626578565936451,0.9622989310145343,0.9571061083731803,0.9663100596626177,0.9570823762384034,0.961426476716303,0.965864669371987,0.9617880747067473
2,4,2.0367098479559926,0.2593472522198224,4167,2.2644239834376743,0.14405762304921968,833,2.2623501970798157,0.1722,0.983431400602655,0.08345210201230195,,,,,,,0,0,10,0.025,0.15,0.9604065924405815,0.9646770313867262,0.9633027435024614,0.9626578565936451,1.0,0.9676091750429087,0.9585263216626744,0.965164655025165,0.9594776178208569,0.965009473350355,0.9646761406570697,0.9641282628077856
2,5,2.0475239179351115,0.25776337892968565,4167,2.2585178783961704,0.18127250900360145,833,2.2623501970798157,0.1722,0.9837435072083844,0.08344367232923255,,,,,,,0,0,10,0.025,0.15,0.9563800947500657,0.9658852457796396,0.9627979201303161,0.9622989310145343,0.9676091750429087,1.0,0.9580673887894576,0.9677041558602197,0.9637258694822199,0.9662128890959756,0.9639700414449394,0.9646575610367781
2,6,2.025973263653842,0.26220302375809934,4167,2.264913252421788,0.1608643457382953,833,2.2623501970798157,0.1722,0.9796197038495031,0.08302192299131186,,,,,,,0,0,10,0.025,0.15,0.9477670433863149,0.9572783556957657,0.9619423547954982,0.9571061083731803,0.9585263216626744,0.9580673887894576,1.0,0.9677301011954358,0.9599374176458418,0.9563942205325546,0.9642068565110266,0.9619161876486967
2,7,2.0399328224586717,0.2681305495560355,4167,2.261066368647984,0.17647058823529413,833,2.2623501970798157,0.1722,0.9862556835767069,0.08351283953302006,,,,,,,0,0,10,0.025,0.15,0.9580627061428729,0.9697498897293714,0.966145557678098,0.9663100596626177,0.965164655025165,0.9677041558602197,0.9677301011954358,1.0,0.9675034080807903,0.9626148608858436,0.9679215565646055,0.9700412593579314
2,8,2.050735387296388,0.2534325492078733,4166,2.2632627146584645,0.16326530612244897,833,2.2623501970798157,0.1722,0.9828029566868045,0.08334801519122796,,,,,,,0,0,10,0.025,0.15,0.9590750614339418,0.9627826310986143,0.9633090703406416,0.9570823762384034,0.9594776178208569,0.9637258694822199,0.9599374176458418,0.9675034080807903,1.0,0.9636968164581392,0.9652398681606368,0.9664421532413954
2,9,2.0286498098662404,0.26053768602976474,4166,2.2656049728393555,0.18247298919567828,833,2.2623501970798157,0.1722,0.9820535727088168,0.0831429430207136,,,,,,,0,0,10,0.025,0.15,0.9570939758678221,0.9599958716533604,0.9624225487755759,0.961426476716303,0.965009473350355,0.9662128890959756,0.9563942205325546,0.9626148608858436,0.9636968164581392,1.0,0.962187442600893,0.9625176509479303
2,10,2.0507755918936295,0.25693710993759,4166,2.263032845088414,0.1716686674669868,833,2.2623501970798157,0.1722,0.984604011377062,0.0836489080246235,,,,,,,0,0,10,0.025,0.15,0.9585364613886984,0.9628703390859019,0.9647355016271737,0.965864669371987,0.9646761406570697,0.9639700414449394,0.9642068565110266,0.9679215565646055,0.9652398681606368,0.962187442600893,1.0,0.9691538057965277
2,11,2.0534130493799845,0.2558809409505521,4166,2.2636256558554515,0.18247298919567828,833,2.2623501970798157,0.1722,0.9846147889694147,0.08347293874998336,,,,,,,0,0,10,0.025,0.15,0.9581699078840502,0.9648576689159372,0.9658930900790855,0.9617880747067473,0.9641282628077856,0.9646575610367781,0.9619161876486967,0.9700412593579314,0.9664421532413954,0.9625176509479303,0.9691538057965277,1.0
3,0,1.9925916263551422,0.27921766258699304,4167,2.2348477840423584,0.21942446043165467,834,2.23703933667533,0.2103,0.9762423864523663,0.08299603600390336,,,,,,,0,0,10,0.025,0.15,1.0,0.9521001917011025,0.9561718681834042,0.9527767363398653,0.9552669915466707,0.9488998630585994,0.9448501630400468,0.9551848450343304,0.9536537785571358,0.9500789902196962,0.9536543795690756,0.9521403487058027
3,1,1.9918558478355408,0.27842572594192466,4167,2.2348246914999828,0.20983213429256595,834,2.23703933667533,0.2103,0.9795504275167748,0.08338557657053977,,,,,,,0,0,10,0.025,0.15,0.9521001917011025,1.0,0.9521899440340394,0.9537143453822154,0.9587268330170128,0.9594205187754739,0.9516971222470998,0.9633637294170655,0.957164334139893,0.9537617264895711,0.9558205556689084,0.9554289558402985
3,2,1.981651936155377,0.28888888888888886,4167,2.2342007841382707,0.22062350119904076,834,2.23703933667533,0.2103,0.9795804535720706,0.08340021974015444,,,,,,,0,0,10,0.025,0.15,0.9561718681834042,0.9521899440340394,1.0,0.953916317087957,0.9564409962314061,0.9540566781738259,0.9540735276292904,0.9591398034627877,0.9579810617471807,0.9536869520690833,0.9575565637429121,0.9585497865043998
3,3,1.9995923515522118,0.2760979121670266,4167,2.2357288769313266,0.21942446043165467,834,2.23703933667533,0.2103,0.9788262751241258,0.0831973246550073,,,,,,,0,0,10,0.025,0.15,0.9527767363398653,0.9537143453822154,0.953916317087957,1.0,0.9560648008420218,0.9556118239954048,0.9500255839193372,0.9619187565667633,0.9509675707221766,0.954125562991269,0.9596293873439523,0.9562665700701936
3,4,1.9780169421976264,0.28483321334293255,4167,2.239403929029192,0.1992797118847539,833,2.23703933667533,0.2103,0.9805359271355223,0.08344092281061345,,,,,,,0,0,10,0.025,0.15,0.9552669915466707,0.9587268330170128,0.9564409962314061,0.9560648008420218,1.0,0.9598142392114472,0.9520894419002363,0.9590372378365999,0.9517893828210915,0.9587311685099179,0.9586035908500402,0.9584095756746586
3,5,1.9894500949166039,0.2820014398848092,4167,2.2319891452789307,0.22328931572629052,833,2.23703933667533,0.2103,0.9798127918659048,0.08341220118578578,,,,,,,0,0,10,0.025,0.15,0.9488998630585994,0.9594205187754739,0.9540566781738259,0.9556118239954048,0.9598142392114472,1.0,0.9489450622925624,0.9604151404985389,0.9573865366297106,0.9573084231530228,0.9561647954004163,0.9584184709213684
3,6,1.964030301209652,0.2904487640988721,4167,2.2398762362343922,0.18967587034813926,833,2.23703933667533,0.2103,0.9767359008163903,0.08305159122268385,,,,,,,0,0,10,0.025,0.15,0.9448501630400468,0.9516971222470998,0.9540735276292904,0.9500255839193372,0.9520894419002363,0.9489450622925624,1.0,0.9604486837063213,0.9543825794022353,0.9484231408358679,0.9603062997173315,0.9552506090043774
3,7,1.973260436636029,0.2952963762898968,4167,2.235461780003139,0.20768307322929172,833,2.23703933667533,0.2103,0.9829760304459627,0.08355779017741123,,,,,,,0,0,10,0.025,0.15,0.9551848450343304,0.9633637294170655,0.9591398034627877,0.9619187565667633,0.9590372378365999,0.9604151404985389,0.9604486837063213,1.0,0.957920941898127,0.9528348779400381,0.960929595377088,0.9624365606396
3,8,1.990828346122395,0.2774123859817571,4166,2.2377524375915527,0.19807923169267708,833,2.23703933667533,0.2103,0.9794434382144979,0.08334109326022321,,,,,,,0,0,10,0.025,0.15,0.9536537785571358,0.957164334139893,0.9579810617471807,0.9509675707221766,0.9517893828210915,0.9573865366297106,0.9543825794022353,0.957920941898127,1.0,0.9561923006943988,0.9563025429558546,0.9584505220899542
3,9,1.9671545574159333,0.2870859337493999,4166,2.243199484688895,0.22328931572629052,833,2.23703933667533,0.2103,0.977760675252538,0.08315968044935555,,,,,,,0,0,10,0.025,0.15,0.9500789902196962,0.9537617264895711,0.9536869520690833,0.954125562991269,0.9587311685099179,0.9573084231530228,0.9484231408358679,0.9528348779400381,0.9561923006943988,1.0,0.9532569041324471,0.9541176014208513
3,10,1.9919896002971764,0.28154104656745077,4166,2.237494877406529,0.20048019207683074,833,2.23703933667533,0.2103,0.9812893680709132,0.08358701059312029,,,,,,,0,0,10,0.025,0.15,0.9536543795690756,0.9558205556689084,0.9575565637429121,0.9596293873439523,0.9586035908500402,0.9561647954004163,0.9603062997173315,0.960929595377088,0.9563025429558546,0.9532569041324471,1.0,0.961522778983743
3,11,1.9934984723726907,0.2826932309169467,4166,2.2395071983337402,0.21248499399759904,833,2.23703933667533,0.2103,0.9810512803704626,0.08347055333120189,,,,,,,0,0,10,0.025,0.15,0.9521403487058027,0.9554289558402985,0.9585497865043998,0.9562665700701936,0.9584095756746586,0.9584184709213684,0.9552506090043774,0.9624365606396,0.9584505220899542,0.9541176014208513,0.961522778983743,1.0
4,0,1.94133295434894,0.301103911687065,4167,2.2032266344342912,0.2709832134292566,834,2.2065241487720346,0.2529,0.9738011266889588,0.08302091500944614,,,,,,,0,0,10,0.025,0.15,1.0,0.9456398130034752,0.9502968341032747,0.947986331684514,0.9515834755192455,0.9442180483156701,0.938994329479485,0.9500429415265211,0.9497838047348435,0.9445542127961708,0.9471263039402963,0.946733609369628
4,1,1.9394214500080456,0.3009599232061435,4167,2.2036740439278737,0.2589928057553957,834,2.2065241487720346,0.2529,0.9764168796395186,0.08334694867057843,,,,,,,0,0,10,0.025,0.15,0.9456398130034752,1.0,0.9456616096021171,0.9492482955691024,0.9537306022385622,0.950591969432714,0.9429492032832517,0.9587299963981261,0.9507146632223443,0.9483380086400981,0.9511467600119949,0.9505977572092961
4,2,1.9331815827976573,0.31142308615310776,4167,2.202779088701521,0.2697841726618705,834,2.2065241487720346,0.2529,0.9771565166876258,0.08338007784565993,,,,,,,0,0,10,0.025,0.15,0.9502968341032747,0.9456616096021171,1.0,0.9468885103842034,0.9526102938617975,0.9493641902228178,0.9487834172822273,0.9552968720870163,0.9516722851751276,0.9488705719745621,0.9524151208908812,0.9541887144431862
4,3,1.9464686021660313,0.298368130549556,4167,2.205275331224714,0.2565947242206235,834,2.2065241487720346,0.2529,0.976529381822364,0.08323419329564084,,,,,,,0,0,10,0.025,0.15,0.947986331684514,0.9492482955691024,0.9468885103842034,1.0,0.9513719308133411,0.9512991491848867,0.9439189545712311,0.9567830839945731,0.946844889302861,0.9502672042303686,0.9540573787076417,0.9501322666035271
4,4,1.9286801424893465,0.3070074394048476,4167,2.209114279065813,0.23529411764705882,833,2.2065241487720346,0.2529,0.9782983013118679,0.08344241183721958,,,,,,,0,0,10,0.025,0.15,0.9515834755192455,0.9537306022385622,0.9526102938617975,0.9513719308133411,1.0,0.9543538487419221,0.9451495214119957,0.9533748585527694,0.9480613142200354,0.9533854497695835,0.9533940957134968,0.9524014434436469
4,5,1.9425631721814474,0.30071994240460764,4167,2.1999144554138184,0.27130852340936373,833,2.2065241487720346,0.2529,0.9772245972990472,0.08338970319055611,,,,,,,0,0,10,0.025,0.15,0.9442180483156701,0.950591969432714,0.9493641902228178,0.9512991491848867,0.9543538487419221,1.0,0.9435080393211261,0.9550179859994027,0.9529628168752041,0.9517208654007978,0.9506940699008288,0.9530813791294938
4,6,1.9164628744125367,0.31142308615310776,4167,2.2096875395093645,0.25090036014405764,833,2.2065241487720346,0.2529,0.9733214048871309,0.08303965701366232,,,,,,,0,0,10,0.025,0.15,0.938994329479485,0.9429492032832517,0.9487834172822273,0.9439189545712311,0.9451495214119957,0.9435080393211261,1.0,0.9549984634297283,0.949445423095499,0.9420606493616185,0.9530050393344959,0.9484477693278663
4,7,1.9193031058166967,0.31634269258459324,4167,2.204592841012137,0.2424969987995198,833,2.2065241487720346,0.2529,0.9808445680776363,0.08359755970685026,,,,,,,0,0,10,0.025,0.15,0.9500429415265211,0.9587299963981261,0.9552968720870163,0.9567830839945731,0.9533748585527694,0.9550179859994027,0.9549984634297283,1.0,0.9545100466820127,0.9478821572040123,0.9554903342378857,0.9570808140707123
4,8,1.9399122993151348,0.299807969275084,4166,2.2070979050227573,0.25690276110444177,833,2.2065241487720346,0.2529,0.9776819819752772,0.08336061619061164,,,,,,,0,0,10,0.025,0.15,0.9497838047348435,0.9507146632223443,0.9516722851751276,0.946844889302861,0.9480613142200354,0.9529628168752041,0.949445423095499,0.9545100466820127,1.0,0.9513520909134657,0.9530120141606828,0.9538892418175058
4,9,1.9172093481728525,0.30796927508401345,4166,2.2158191544669017,0.2388955582232893,833,2.2065241487720346,0.2529,0.9754515881628704,0.08317583371550227,,,,,,,0,0,10,0.025,0.15,0.9445542127961708,0.9483380086400981,0.9488705719745621,0.9502672042303686,0.9533854497695835,0.9517208654007978,0.9420606493616185,0.9478821572040123,0.9513520909134657,1.0,0.9488422823810118,0.9489281989371585
4,10,1.9388311617302172,0.30079212674027844,4166,2.206998552594866,0.23769507803121248,833,2.2065241487720346,0.2529,0.9787432230655803,0.08354723545099475,,,,,,,0,0,10,0.025,0.15,0.9471263039402963,0.9511467600119949,0.9524151208908812,0.9540573787076417,0.9533940957134968,0.9506940699008288,0.9530050393344959,0.9554903342378857,0.9530120141606828,0.9488422823810118,1.0,0.9553656032861945
4,11,1.9421556237972144,0.30484877580412867,4166,2.210322448185512,0.24489795918367346,833,2.2065241487720346,0.2529,0.9784246499640298,0.08346484807327793,,,,,,,0,0,10,0.025,0.15,0.946733609369628,0.9505977572092961,0.9541887144431862,0.9501322666035271,0.9524014434436469,0.9530813791294938,0.9484477693278663,0.9570808140707123,0.9538892418175058,0.9489281989371585,0.9553656032861945,1.0
5,0,1.8958050879565151,0.32104631629469643,4167,2.1664932795933316,0.31654676258992803,834,2.1710802693910236,0.2938,0.9736721206239533,0.08309930384397604,,,,,,,0,0,10,0.025,0.15,1.0,0.9424181702286911,0.9474955515282096,0.9460955964222691,0.94898769454169,0.9425452323892686,0.939387864638081,0.9486929403654988,0.9452836815646966,0.9419562747039064,0.9433578051090296,0.9450199319169227
5,1,1.894977580056046,0.3150467962562995,4167,2.1674820695604597,0.2997601918465228,834,2.1710802693910236,0.2938,0.9736940774027915,0.08330180511922043,,,,,,,0,0,10,0.025,0.15,0.9424181702286911,1.0,0.9396673238837181,0.9440807414790526,0.9477667292138794,0.9462109358002128,0.9392277047581091,0.9530042379070012,0.9440355464956328,0.9442730809728996,0.9453031601703061,0.9452709823356519
5,2,1.884687148440968,0.33177345812335013,4167,2.1662260123661587,0.31894484412470026,834,2.1710802693910236,0.2938,0.9744384389468853,0.08334655620977303,,,,,,,0,0,10,0.025,0.15,0.9474955515282096,0.9396673238837181,1.0,0.9416510977399585,0.9464465903619951,0.9444938438163357,0.9447810053985416,0.9512443707480506,0.9448710549838614,0.9439661608434687,0.946507007641845,0.9488535539756686
5,3,1.9005007906393572,0.3185265178785697,4167,2.1699228627341136,0.29376498800959233,834,2.1710802693910236,0.2938,0.9750486033487256,0.08327614223281808,,,,,,,0,0,10,0.025,0.15,0.9460955964222691,0.9440807414790526,0.9416510977399585,1.0,0.9470879934880647,0.9479719191973291,0.9415743415369171,0.9542315615916588,0.9412932631752968,0.9472915662905963,0.9483331588281266,0.9475816785955202
5,4,1.8788310939615422,0.325845932325414,4167,2.173769167491368,0.2689075630252101,833,2.1710802693910236,0.2938,0.9754914815780793,0.08341943757342515,,,,,,,0,0,10,0.025,0.15,0.94898769454169,0.9477667292138794,0.9464465903619951,0.9470879934880647,1.0,0.948042737665512,0.9411365481343079,0.9467882993501637,0.9422139357281923,0.9485092898612832,0.9484947746868938,0.9467997619890638
5,5,1.8966098084594265,0.3191984641228702,4167,2.1627762658255443,0.31212484993997597,833,2.1710802693910236,0.2938,0.9749613068796427,0.08336954550536986,,,,,,,0,0,10,0.025,0.15,0.9425452323892686,0.9462109358002128,0.9444938438163357,0.9479719191973291,0.948042737665512,1.0,0.9378430509555927,0.949836325381386,0.9476170282236467,0.9470755660407706,0.9461140991281507,0.9483101462526704
5,6,1.8699927619009307,0.3299736021118311,4167,2.174753495625087,0.29531812725090034,833,2.1710802693910236,0.2938,0.97207524351771,0.08305888633553048,,,,,,,0,0,10,0.025,0.15,0.939387864638081,0.9392277047581091,0.9447810053985416,0.9415743415369171,0.9411365481343079,0.9378430509555927,1.0,0.9517842404017399,0.9436603325123579,0.9388055838182208,0.9493976809308317,0.9449263062698469
5,7,1.8692333546551791,0.3308375329973602,4167,2.168808255876814,0.2893157262905162,833,2.1710802693910236,0.2938,0.9789438783587432,0.08362791981472864,,,,,,,0,0,10,0.025,0.15,0.9486929403654988,0.9530042379070012,0.9512443707480506,0.9542315615916588,0.9467882993501637,0.949836325381386,0.9517842404017399,1.0,0.9508831839641674,0.9437162655073791,0.9499788685174382,0.9524204476907079
5,8,1.8948961947903489,0.31692270763322133,4166,2.171571595328195,0.3013205282112845,833,2.1710802693910236,0.2938,0.9745761391837187,0.08333899665254683,,,,,,,0,0,10,0.025,0.15,0.9452836815646966,0.9440355464956328,0.9448710549838614,0.9412932631752968,0.9422139357281923,0.9476170282236467,0.9436603325123579,0.9508831839641674,1.0,0.9466015325179308,0.9457336522678212,0.9494054763830769
5,9,1.874673839410146,0.3228036485837734,4166,2.183563368661063,0.27490996398559425,833,2.1710802693910236,0.2938,0.97366537188644,0.08319496500881045,,,,,,,0,0,10,0.025,0.15,0.9419562747039064,0.9442730809728996,0.9439661608434687,0.9472915662905963,0.9485092898612832,0.9470755660407706,0.9388055838182208,0.9437162655073791,0.9466015325179308,1.0,0.9443969682622831,0.9444737542038049
5,10,1.8903200203722172,0.321195391262602,4166,2.171675477709089,0.2797118847539016,833,2.1710802693910236,0.2938,0.9760091340174666,0.08350117630071707,,,,,,,0,0,10,0.025,0.15,0.9433578051090296,0.9453031601703061,0.946507007641845,0.9483331588281266,0.9484947746868938,0.9461140991281507,0.9493976809308317,0.9499788685174382,0.9457336522678212,0.9443969682622831,1.0,0.9506345218197891
5,11,1.894516909122467,0.32177148343734996,4166,2.1765139443533763,0.27490996398559425,833,2.1710802693910236,0.2938,0.9764720638289623,0.08346526540308381,,,,,,,0,0,10,0.025,0.15,0.9450199319169227,0.9452709823356519,0.9488535539756686,0.9475816785955202,0.9467997619890638,0.9483101462526704,0.9449263062698469,0.9524204476907079,0.9494054763830769,0.9444737542038049,0.9506345218197891,1.0
6,0,1.8581263336268339,0.3359971202303816,4167,2.1253132479531422,0.33573141486810554,834,2.1313979052290133,0.3258,0.9712871091394629,0.08315643994173719,,,,,,,0,0,10,0.025,0.15,1.0,0.935698391433096,0.9415583204739364,0.9400595975379075,0.9439334502933654,0.9378723218298828,0.9351027287487602,0.9435611719607818,0.9416241476459977,0.9367827437209539,0.936891765838616,0.9392677615639444
6,1,1.8526747858885564,0.33018958483321337,4167,2.126964126314436,0.33093525179856115,834,2.1313979052290133,0.3258,0.9708528858569327,0.08326774135423916,,,,,,,0,0,10,0.025,0.15,0.935698391433096,1.0,0.9342490666015395,0.9381710174313501,0.9441663261247895,0.9392179308137106,0.9340964449494148,0.9469576546222191,0.9386528759572768,0.9382791561904291,0.9380895027275773,0.9395351735104384
6,2,1.8426711013822845,0.34485241180705545,4167,2.125305788857596,0.35251798561151076,834,2.1313979052290133,0.3258,0.9714266378334518,0.08331417609294774,,,,,,,0,0,10,0.025,0.15,0.9415583204739364,0.9342490666015395,1.0,0.9358094493885952,0.9417099586186685,0.9376407070772373,0.9395197818015798,0.9457079334388961,0.9384038424461242,0.9366474681045484,0.9391957802215816,0.9433593758213231
6,3,1.8602956287788621,0.33237341012718985,4167,2.130004678453718,0.3237410071942446,834,2.1313979052290133,0.3258,0.9723924064402804,0.08330204270144317,,,,,,,0,0,10,0.025,0.15,0.9400595975379075,0.9381710174313501,0.9358094493885952,1.0,0.9403081190515675,0.9429432405017159,0.9372760232651192,0.9482015784206602,0.9365428358226281,0.9425070415488614,0.941890644782337,0.9414019458860576
6,4,1.838513031872836,0.3410607151427886,4167,2.1339873245784213,0.3157262905162065,833,2.1313979052290133,0.3258,0.9733357289839395,0.08342158200968235,,,,,,,0,0,10,0.025,0.15,0.9439334502933654,0.9441663261247895,0.9417099586186685,0.9403081190515675,1.0,0.9431931854995399,0.9365884731776579,0.9408233720556345,0.9374512476461658,0.9432101919222212,0.9429046857019256,0.941760206117618
6,5,1.8580370917464748,0.3337892968562515,4167,2.121112823486328,0.33733493397358943,833,2.1313979052290133,0.3258,0.9722096388926107,0.08335395143252466,,,,,,,0,0,10,0.025,0.15,0.9378723218298828,0.9392179308137106,0.9376407070772373,0.9429432405017159,0.9431931854995399,1.0,0.9327045248561351,0.9451400384214981,0.9421484425332913,0.9397391887628488,0.9400717103329542,0.9422279919029669
6,6,1.8293534336668071,0.3425005999520038,4167,2.1357438564300537,0.3217286914765906,833,2.1313979052290133,0.3258,0.9700290339956155,0.08309037558531096,,,,,,,0,0,10,0.025,0.15,0.9351027287487602,0.9340964449494148,0.9395197818015798,0.9372760232651192,0.9365884731776579,0.9327045248561351,1.0,0.9464264391040592,0.9385044643491842,0.9336735472179293,0.9444816309943316,0.9393087994304303
6,7,1.826005628975955,0.3465802735781138,4167,2.129023620060512,0.31212484993997597,833,2.1313979052290133,0.3258,0.9761388815475439,0.08364215377944052,,,,,,,0,0,10,0.025,0.15,0.9435611719607818,0.9469576546222191,0.9457079334388961,0.9482015784206602,0.9408233720556345,0.9451400384214981,0.9464264391040592,1.0,0.9442651213659032,0.9386720689780155,0.9426232640796023,0.9462493197284619
6,8,1.8512760108167474,0.3315170427268363,4166,2.131906952176775,0.3397358943577431,833,2.1313979052290133,0.3258,0.9721296053428733,0.08333241499984756,,,,,,,0,0,10,0.025,0.15,0.9416241476459977,0.9386528759572768,0.9384038424461242,0.9365428358226281,0.9374512476461658,0.9421484425332913,0.9385044643491842,0.9442651213659032,1.0,0.9417521062320934,0.9397885697184614,0.9428898688978128
6,9,1.8355840581836123,0.3380220835333653,4166,2.14717173576355,0.304921968787515,833,2.1313979052290133,0.3258,0.9709399770437607,0.08320438793769323,,,,,,,0,0,10,0.025,0.15,0.9367827437209539,0.9382791561904291,0.9366474681045484,0.9425070415488614,0.9432101919222212,0.9397391887628488,0.9336735472179293,0.9386720689780155,0.9417521062320934,1.0,0.9385283732317554,0.9384518219636232
6,10,1.8455039699872335,0.3355256841094575,4166,2.1324303490774974,0.31812725090036015,833,2.1313979052290133,0.3258,0.9727933040172055,0.08345453615496264,,,,,,,0,0,10,0.025,0.15,0.936891765838616,0.9380895027275773,0.9391957802215816,0.941890644782337,0.9429046857019256,0.9400717103329542,0.9444816309943316,0.9426232640796023,0.9397885697184614,0.9385283732317554,1.0,0.9451857394412401
6,11,1.8542504032452902,0.3353336533845415,4166,2.1387936728341237,0.3169267707082833,833,2.1313979052290133,0.3258,0.9736492442302573,0.08346019801017089,,,,,,,0,0,10,0.025,0.15,0.9392677615639444,0.9395351735104384,0.9433593758213231,0.9414019458860576,0.941760206117618,0.9422279919029669,0.9393087994304303,0.9462493197284619,0.9428898688978128,0.9384518219636232,0.9451857394412401,1.0
7,0,1.8179031307047064,0.34828413726901847,4167,2.080735376902989,0.3381294964028777,834,2.0883551277691805,0.3429,0.96777137218942,0.08320053952134901,,,,,,,0,0,10,0.025,0.15,1.0,0.9273874882263212,0.9325068515969722,0.9336987107475052,0.936435540627217,0.9299110431215423,0.9300902577714838,0.9339894105833298,0.933787560021002,0.9296998440024434,0.9273346579911772,0.9324797074919023
7,1,1.8134644331354084,0.34206863450923924,4167,2.0831802913120816,0.354916067146283,834,2.0883551277691805,0.3429,0.9670453484306817,0.08324588978322246,,,,,,,0,0,10,0.025,0.15,0.9273874882263212,1.0,0.9264438384957048,0.9323156968261889,0.9348980199439264,0.9319047761231654,0.9252058628885781,0.9386152539983185,0.9318560600865712,0.9311154624519045,0.9283048663306315,0.9307103896049194
7,2,1.804272792194829,0.35869930405567557,4167,2.08104453768049,0.36330935251798563,834,2.0883551277691805,0.3429,0.9665693582366307,0.08325915715763864,,,,,,,0,0,10,0.025,0.15,0.9325068515969722,0.9264438384957048,1.0,0.9272815790138884,0.930810009184369,0.9277842809198225,0.9288539189497129,0.939486984487587,0.9288186360561241,0.9276884178488918,0.9290667101521669,0.93445325221494
7,3,1.8219632715889902,0.3459563234941205,4167,2.086535862513951,0.34652278177458035,834,2.0883551277691805,0.3429,0.9697759705111989,0.08335634561446433,,,,,,,0,0,10,0.025,0.15,0.9336987107475052,0.9323156968261889,0.9272815790138884,1.0,0.9341885125045543,0.9376707484949851,0.9303637283846606,0.9409924416879053,0.9299636200812925,0.9363909312717242,0.9324098727199743,0.93520308529178
7,4,1.800862112189784,0.35325173986081115,4167,2.090695994240897,0.3385354141656663,833,2.0883551277691805,0.3429,0.9691503026766501,0.08341008456033423,,,,,,,0,0,10,0.025,0.15,0.936435540627217,0.9348980199439264,0.930810009184369,0.9341885125045543,1.0,0.9351186577859268,0.9293158146746605,0.9308349929935096,0.9277272202357721,0.9363137664430821,0.9346210147650683,0.9328936476590683
7,5,1.8189289819110523,0.3456683465322774,4167,2.0757692541394914,0.3469387755102041,833,2.0883551277691805,0.3429,0.9683995317194148,0.08334360391069978,,,,,,,0,0,10,0.025,0.15,0.9299110431215423,0.9319047761231654,0.9277842809198225,0.9376707484949851,0.9351186577859268,1.0,0.9230995213098012,0.9362291951358828,0.9353183000787166,0.931760512418029,0.9312953026794354,0.9343342171243201
7,6,1.793085809909936,0.35927525797936166,4167,2.0936327321188792,0.3349339735894358,833,2.0883551277691805,0.3429,0.9664125233076295,0.08311517294020603,,,,,,,0,0,10,0.025,0.15,0.9300902577714838,0.9252058628885781,0.9288539189497129,0.9303637283846606,0.9293158146746605,0.9230995213098012,1.0,0.9374357405346618,0.9305231445903873,0.9262083600594174,0.9378129207600331,0.9326467391083672
7,7,1.7905428019436922,0.35941924646028317,4167,2.0860872949872697,0.33013205282112845,833,2.0883551277691805,0.3429,0.9720305976837372,0.08364100425845256,,,,,,,0,0,10,0.025,0.15,0.9339894105833298,0.9386152539983185,0.939486984487587,0.9409924416879053,0.9308349929935096,0.9362291951358828,0.9374357405346618,1.0,0.9368305092082084,0.9315387342721765,0.9346503981800675,0.9358583633456253
7,8,1.809201722795313,0.3445271243398944,4166,2.088977643421718,0.36134453781512604,833,2.0883551277691805,0.3429,0.9686011063401843,0.08333682383461467,,,,,,,0,0,10,0.025,0.15,0.933787560021002,0.9318560600865712,0.9288186360561241,0.9299636200812925,0.9277272202357721,0.9353183000787166,0.9305231445903873,0.9368305092082084,1.0,0.9341631773983474,0.9314264125396058,0.9364044380855502
7,9,1.800103375044736,0.35048007681229,4166,2.1072395869663785,0.33613445378151263,833,2.0883551277691805,0.3429,0.9676255247021677,0.0832255271577089,,,,,,,0,0,10,0.025,0.15,0.9296998440024434,0.9311154624519045,0.9276884178488918,0.9363909312717242,0.9363137664430821,0.931760512418029,0.9262083600594174,0.9315387342721765,0.9341631773983474,1.0,0.928946152082999,0.9317592901228802
7,10,1.8131956458091736,0.3482237157945271,4166,2.0899457931518555,0.32292917166866747,833,2.0883551277691805,0.3429,0.9682715870426303,0.08340183594258237,,,,,,,0,0,10,0.025,0.15,0.9273346579911772,0.9283048663306315,0.9290667101521669,0.9324098727199743,0.9346210147650683,0.9312953026794354,0.9378129207600331,0.9346503981800675,0.9314264125396058,0.928946152082999,1.0,0.9370191871445298
7,11,1.8166687748648904,0.3475516082573212,4166,2.097794669015067,0.34093637454981995,833,2.0883551277691805,0.3429,0.9700680513189759,0.08346401531872702,,,,,,,0,0,10,0.025,0.15,0.9324797074919023,0.9307103896049194,0.93445325221494,0.93520308529178,0.9328936476590683,0.9343342171243201,0.9326467391083672,0.9358583633456253,0.9364044380855502,0.9317592901228802,0.9370191871445298,1.0
8,0,1.7823341438264557,0.36100311975042,4167,2.0332582337515697,0.3597122302158273,834,2.042367713360847,0.3563,0.9644101998818274,0.08327342548856619,,,,,,,0,0,10,0.025,0.15,1.0,0.9191051974668583,0.9237639036724211,0.9273205885263198,0.9268782233497097,0.9234176897703525,0.9198126050921271,0.9271505525414159,0.9253510363274862,0.923011194903985,0.9155989930834396,0.9217450105881368
8,1,1.7770941694577536,0.35502759779217663,4167,2.0366547107696533,0.36330935251798563,834,2.042367713360847,0.3563,0.9620035189857086,0.08322287599654447,,,,,,,0,0,10,0.025,0.15,0.9191051974668583,1.0,0.9141481231649174,0.9225385039925936,0.9243417801541989,0.9215249775746605,0.914589249327502,0.9281246725315677,0.9214680519160113,0.9219431426334357,0.9182431402667857,0.9192303448802533
8,2,1.7726311047871908,0.37098632109431245,4167,2.0336765221187045,0.3669064748201439,834,2.042367713360847,0.3563,0.9614941547325254,0.08321445828498837,,,,,,,0,0,10,0.025,0.15,0.9237639036724211,0.9141481231649174,1.0,0.9168217775417589,0.9197101582414787,0.9171167314355512,0.920215521909531,0.9284931833776009,0.9172860128530271,0.9185468015760588,0.9181627059371313,0.9251017995655695
8,3,1.7837830529068455,0.3595632349412047,4167,2.0400476455688477,0.35611510791366907,834,2.042367713360847,0.3563,0.9657337598561951,0.0834135834884059,,,,,,,0,0,10,0.025,0.15,0.9273205885263198,0.9225385039925936,0.9168217775417589,1.0,0.92420309291457,0.9273636093151076,0.9221232799225065,0.9299973193501727,0.9200351175934866,0.927485014831921,0.923622161074095,0.9268015623874237
