round,client_id,client_i_training_loss,client_i_training_accuracy,client_i_training_dataset_size,client_i_evaluation_loss,client_i_evaluation_accuracy,client_i_evaluation_dataset_size,client_i_central_evaluation_loss,client_i_central_evaluation_accuracy,client_i_cosine_similarity,client_i_importance_coefficient,client_i_tanh_val,tanh_normalization_value,client_i_q,client_i_mask_order,client_i_v_nonzero_fraction,client_i_v_sparsity,client_i_v_cosine_similarity,client_i_reward_gradient_norm,local_epochs,learning_rate,gamma,client_0_cosine_similarity,client_1_cosine_similarity,client_2_cosine_similarity,client_3_cosine_similarity,client_4_cosine_similarity,client_5_cosine_similarity,client_6_cosine_similarity,client_7_cosine_similarity,client_8_cosine_similarity,client_9_cosine_similarity,client_10_cosine_similarity,client_11_cosine_similarity
0,0,2.286169091137973,0.1333813294936405,4167,2.302273750305176,0.09712230215827339,834,2.2987936720063415,0.1009,0.973255202276809,0.08351792453245614,0.08332427884537638,0.08370758371994136,0.995420906224664,,0.9910630291627469,0.008936970837253089,0,0.1456655742008571,10,0.025,0.15,1.0,0.9589612827596986,0.9334760272938266,0.9199529553713722,0.9330433690755534,0.9478890358695388,0.934221220011784,0.926659876389904,0.9515058467915446,0.9365397809150318,0.9480890021726455,0.9512458234388342
0,1,2.2885117588621195,0.132829373650108,4167,2.29761917250497,0.10071942446043165,834,2.2987936720063415,0.1009,0.9756496329686631,0.083723397754025,0.08352832198335687,0.08370758371994136,0.997858476739908,,0.9910630291627469,0.008936970837253089,0,0.1456655742008571,10,0.025,0.15,0.9589612827596986,1.0,0.9412859040655965,0.9278489891880554,0.9395813790368169,0.9331737179664779,0.9263031198559615,0.9528978733878072,0.9487777334832123,0.9412112423186927,0.9470932957727923,0.9523508339921715
0,2,2.282743079734571,0.14816414686825055,4167,2.2947122028895786,0.10551558752997602,834,2.298793675024298,0.1009,0.9547752300169279,0.08193210313129433,0.08174926090131573,0.08370758371994136,0.9766051923544448,,0.9765971844003235,0.023402815599676496,0,0.14566557419784124,10,0.025,0.15,0.9334760272938266,0.9412859040655965,1.0,0.9063417571293713,0.9170397966476319,0.9173018283671022,0.9267733226634334,0.9114702071480473,0.9319576142312755,0.8910565942821818,0.9326030081444628,0.9169161608816918
0,3,2.289974546432495,0.12507799376049916,4167,2.300690071923392,0.09952038369304557,834,2.2987936720063415,0.1009,0.9638416902893959,0.08271012306177206,0.08252203206384624,0.08370758371994136,0.9858369862753722,,0.9858312290604215,0.014168770939578468,0,0.14566557420084833,10,0.025,0.15,0.9199529553713722,0.9278489891880554,0.9063417571293713,1.0,0.9341151340967998,0.9375906114558927,0.9337520134425217,0.9446712855122481,0.935023629981524,0.9300881248754067,0.9240575188694927,0.9384386568038761
0,4,2.2913394371668496,0.12282217422606191,4167,2.294532673699515,0.11044417767106843,833,2.2987936720063415,0.1009,0.9728818341923865,0.08348588470628858,0.08329246138472152,0.08370758371994136,0.9950408037388374,,0.9910630291627469,0.008936970837253089,0,0.1456655742008571,10,0.025,0.15,0.9330433690755534,0.9395813790368169,0.9170397966476319,0.9341151340967998,1.0,0.9557278890552681,0.9315157493410882,0.943674258376225,0.9400079497906025,0.9505296584878827,0.9596435526824809,0.9323537194242238
0,5,2.2888582720901027,0.1331893448524118,4167,2.2934696674346924,0.1056422569027611,833,2.2987936720063415,0.1009,0.9766995654183782,0.08381349558128999,0.08361779052627401,0.08370758371994136,0.9989272991684158,,0.9910630291627469,0.008936970837253089,0,0.1456655742008571,10,0.025,0.15,0.9478890358695388,0.9331737179664779,0.9173018283671022,0.9375906114558927,0.9557278890552681,1.0,0.9497014613207272,0.9323231221994963,0.9530003384066147,0.9455560884982787,0.9588631950272414,0.9505966833454352
0,6,2.289920528007276,0.12898968082553397,4167,2.2953661509922574,0.11404561824729892,833,2.2987936720063415,0.1009,0.9686202499406289,0.0831201854825964,0.08292928820238141,0.08370758371994136,0.9907022101945436,,0.9907081909854599,0.009291809014540076,0,0.1456655742008571,10,0.025,0.15,0.934221220011784,0.9263031198559615,0.9267733226634334,0.9337520134425217,0.9315157493410882,0.9497014613207272,1.0,0.9329643499344236,0.9464512289816481,0.9300350951815509,0.9401284743668019,0.9357218469532964
0,7,2.2918482715433295,0.11946244300455963,4167,2.3009087358202254,0.09243697478991597,833,2.2987936720063415,0.1009,0.9702300656362628,0.08325832855695613,0.08306647965740374,0.08370758371994136,0.9923411471811814,,0.9910630291627469,0.008936970837253089,0,0.1456655742008571,10,0.025,0.15,0.926659876389904,0.9528978733878072,0.9114702071480473,0.9446712855122481,0.943674258376225,0.9323231221994963,0.9329643499344236,1.0,0.9454150109265242,0.9422934715421587,0.9389048541983112,0.9350538958678613
0,8,2.2906028985977174,0.13922227556409025,4166,2.2981211117335727,0.1092436974789916,833,2.2987936720063415,0.1009,0.977753323620345,0.08390392170773804,0.08370758371994136,0.08370758371994136,0.9999999999880536,,0.9910630291627469,0.008936970837253089,0,0.1456655742008571,10,0.025,0.15,0.9515058467915446,0.9487777334832123,0.9319576142312755,0.935023629981524,0.9400079497906025,0.9530003384066147,0.9464512289816481,0.9454150109265242,1.0,0.9471587343680206,0.9513186354877278,0.943394092077565
0,9,2.2909167152462584,0.12527604416706672,4166,2.3011418070111955,0.08403361344537816,833,2.2987936720063415,0.1009,0.9701470240899683,0.08325120251480371,0.0830594027810386,0.08370758371994136,0.992256604347061,,0.9910630291627469,0.008936970837253089,0,0.1456655742008571,10,0.025,0.15,0.9365397809150318,0.9412112423186927,0.8910565942821818,0.9300881248754067,0.9505296584878827,0.9455560884982787,0.9300350951815509,0.9422934715421587,0.9471587343680206,1.0,0.9550679226706668,0.9358422020196365
0,10,2.286827333768209,0.13391742678828614,4166,2.302572727203369,0.08403361344537816,833,2.2987936720063415,0.1009,0.9774375381212834,0.08387682321453978,0.08368067504375772,0.08370758371994136,0.9996785395541538,,0.9910630291627469,0.008936970837253089,0,0.1456655742008571,10,0.025,0.15,0.9480890021726455,0.9470932957727923,0.9326030081444628,0.9240575188694927,0.9596435526824809,0.9588631950272414,0.9401284743668019,0.9389048541983112,0.9513186354877278,0.9550679226706668,1.0,0.9345615062208075
0,11,2.2885147282571503,0.1384301488238118,4166,2.299267666680472,0.10804321728691477,833,2.2987936720063415,0.1009,0.97195802342988,0.08340660975623972,0.08321373589561133,0.08370758371994136,0.9941003215792683,,0.9910630291627469,0.008936970837253089,0,0.1456655742008571,10,0.025,0.15,0.9512458234388342,0.9523508339921715,0.9169161608816918,0.9384386568038761,0.9323537194242238,0.9505966833454352,0.9357218469532964,0.9350538958678613,0.943394092077565,0.9358422020196365,0.9345615062208075,1.0
1,0,2.1821606253132675,0.1958963282937365,4167,2.291577168873378,0.1079136690647482,834,2.288157067721403,0.1089,0.982688988219047,0.08337824278800023,0.08318556528868669,0.08358574498838232,0.9952123451104434,,0.9801125579706557,0.019887442029344338,0.8369625750931,0.14772248988287442,10,0.025,0.15,1.0,0.9667938337680485,0.9629490143184092,0.9640082251593303,0.9621487776057872,0.9665185595408022,0.9679461280158633,0.9650908352515234,0.9681789045906902,0.9631334962422967,0.9654967104104442,0.9608096486453531
1,1,2.19448548374754,0.19193664506839453,4167,2.287262439727783,0.10671462829736211,834,2.288157067721403,0.1089,0.9851830831869653,0.08358585323630385,0.0833917355427023,0.08358574498838232,0.9976789170605026,,0.9801125579706557,0.019887442029344338,0.8369625750931,0.14772248988287442,10,0.025,0.15,0.9667938337680485,1.0,0.9674556032545633,0.9685654449350424,0.9696035026997514,0.9672802317523266,0.9669346167873824,0.9696189871843054,0.9688610641998728,0.9666558937605882,0.9636120404647867,0.9671845496453498
1,2,2.1680058692440842,0.21195104391648667,4167,2.2837249551500594,0.10671462829736211,834,2.2881570707393597,0.1089,0.9832633724435464,0.08241917777829723,0.08223306115465566,0.08358574498838232,0.983816811887021,,0.9801125579706557,0.019887442029344338,0.8369625762140664,0.14772248988287442,10,0.025,0.15,0.9629490143184092,0.9674556032545633,1.0,0.9610282863096767,0.9701772389159641,0.9703508860834636,0.9677882919391164,0.9616078381676382,0.9704514484436237,0.9623205957812699,0.9665723922652144,0.9597774027749302
1,3,2.201945314985333,0.1972882169426446,4167,2.2901711804526195,0.10671462829736211,834,2.288157067721403,0.1089,0.9847009723793397,0.08294549720228862,0.0827557987884541,0.08358574498838232,0.990070720778601,,0.9801125579706557,0.019887442029344338,0.8369625751048582,0.14772248988287442,10,0.025,0.15,0.9640082251593303,0.9685654449350424,0.9610282863096767,1.0,0.9670164699143492,0.9704279824654648,0.9666060305335379,0.967238698539833,0.971100108429455,0.967611279067708,0.9641130248363506,0.969397062574241
1,4,2.1990010406031755,0.1900407967362611,4167,2.2839843886239186,0.11524609843937575,833,2.288157067721403,0.1089,0.9854423353659265,0.08344783225152434,0.08325467280421393,0.08358574498838232,0.9960391310119872,,0.9801125579706557,0.019887442029344338,0.8369625750931,0.14772248988287442,10,0.025,0.15,0.9621487776057872,0.9696035026997514,0.9701772389159641,0.9670164699143492,1.0,0.9721473056820039,0.9688331068024341,0.968870873323979,0.9683312739033985,0.9675488055689503,0.9678431782701694,0.9631966882429018
1,5,2.1944633707855687,0.19944804415646747,4167,2.2828169550214494,0.11404561824729892,833,2.288157067721403,0.1089,0.9872592613135157,0.08370877062216726,0.08351379688696851,0.08358574498838232,0.9991392299916336,,0.9801125579706557,0.019887442029344338,0.8369625750931,0.14772248988287442,10,0.025,0.15,0.9665185595408022,0.9672802317523266,0.9703508860834636,0.9704279824654648,0.9721473056820039,1.0,0.9711878330792922,0.9631262702149117,0.9767724003201251,0.9687157001431644,0.9724515917327395,0.9680405493224994
1,6,2.1892849799358483,0.21029517638588913,4167,2.2849768911089217,0.12605042016806722,833,2.288157067721403,0.1089,0.9862570612134473,0.08324880538913071,0.08305702219233656,0.08358574498838232,0.9936744860369081,,0.9801125579706557,0.019887442029344338,0.8369625750931,0.14772248988287442,10,0.025,0.15,0.9679461280158633,0.9669346167873824,0.9677882919391164,0.9666060305335379,0.9688331068024341,0.9711878330792922,1.0,0.9677096172139049,0.9730579714124967,0.9677394810788188,0.9697764904150739,0.9678147426273127
1,7,2.208272785128969,0.19092872570194386,4167,2.2905177048274448,0.11284513805522209,833,2.288157067721403,0.1089,0.9835119952555881,0.08324490025139408,0.08305314399281342,0.08358574498838232,0.9936280881789525,,0.9801125579706557,0.019887442029344338,0.8369625750931,0.14772248988287442,10,0.025,0.15,0.9650908352515234,0.9696189871843054,0.9616078381676382,0.967238698539833,0.968870873323979,0.9631262702149117,0.9677096172139049,1.0,0.9645040079301427,0.9652227270343543,0.964083120339873,0.965863053390927
1,8,2.195540421298056,0.20180028804608738,4166,2.287567036492484,0.11044417767106843,833,2.288157067721403,0.1089,0.9877740299240124,0.08378122449250838,0.08358574498838232,0.08358574498838232,0.9999999999880361,,0.9801125579706557,0.019887442029344338,0.8369625750931,0.14772248988287442,10,0.025,0.15,0.9681789045906902,0.9688610641998728,0.9704514484436237,0.971100108429455,0.9683312739033985,0.9767724003201251,0.9730579714124967,0.9645040079301427,1.0,0.97306487914442,0.970864025348611,0.9679148522524872
1,9,2.2001766616647895,0.19030244839174268,4166,2.2908504009246826,0.08523409363745499,833,2.288157067721403,0.1089,0.9844567308597887,0.08327116241828852,0.08307922495099106,0.08358574498838232,0.9939401145679133,,0.9801125579706557,0.019887442029344338,0.8369625750931,0.14772248988287442,10,0.025,0.15,0.9631334962422967,0.9666558937605882,0.9623205957812699,0.967611279067708,0.9675488055689503,0.9687157001431644,0.9677394810788188,0.9652227270343543,0.97306487914442,1.0,0.9673346278540564,0.9646806996479582
1,10,2.1774100372285554,0.20496879500720117,4166,2.292189121246338,0.09963985594237695,833,2.288157067721403,0.1089,0.9843514610600563,0.08365345914055904,0.0834588709246286,0.08358574498838232,0.9984821088240603,,0.9801125579706557,0.019887442029344338,0.8369625750931,0.14772248988287442,10,0.025,0.15,0.9654967104104442,0.9636120404647867,0.9665723922652144,0.9641130248363506,0.9678431782701694,0.9724515917327395,0.9697764904150739,0.964083120339873,0.970864025348611,0.9673346278540564,1.0,0.9604469456166851
1,11,2.19145908464085,0.1928468554968795,4166,2.288383858544486,0.11524609843937575,833,2.288157067721403,0.1089,0.9828572625058423,0.08331507442953759,0.08312283371549667,0.08358574498838232,0.9944618394686263,,0.9801125579706557,0.019887442029344338,0.8369625750931,0.14772248988287442,10,0.025,0.15,0.9608096486453531,0.9671845496453498,0.9597774027749302,0.969397062574241,0.9631966882429018,0.9680405493224994,0.9678147426273127,0.965863053390927,0.9679148522524872,0.9646806996479582,0.9604469456166851,1.0
2,0,2.086212429855809,0.24542836573074153,4167,2.2762199469975064,0.145083932853717,834,2.2727100818972046,0.1334,0.9828131593864263,0.0833495966843937,0.08315711734370224,0.08354220373432199,0.9953905167160806,,0.9784291396412008,0.021570860358799182,0.9508932641448663,0.14747518601733747,10,0.025,0.15,1.0,0.962450622902604,0.9645195933198915,0.9605362447918311,0.9609813217467985,0.9640336668349911,0.9644631750999998,0.9657866063119614,0.96861780511376,0.9624674616328095,0.9637469480806095,0.9575957543406275
2,1,2.0939549438881153,0.24360451163906888,4167,2.2722577708108083,0.1211031175059952,834,2.2727100818972046,0.1334,0.9836374983062486,0.08350444243713451,0.08331089034033258,0.08354220373432199,0.9972311791567977,,0.9784291396412008,0.021570860358799182,0.9508932641448663,0.14747518601733747,10,0.025,0.15,0.962450622902604,1.0,0.9653949231772229,0.964299805594228,0.967194637450516,0.964939535932013,0.9598596527195047,0.9682698032045457,0.9697396049782965,0.9615288017399294,0.9560157890422237,0.965175134119773
2,2,2.071010224746935,0.2582433405327574,4167,2.267550230026245,0.1342925659472422,834,2.272710084915161,0.1334,0.983253070395666,0.08277221075547114,0.08258369663141917,0.08354220373432199,0.9885266720167023,,0.9784291396412008,0.021570860358799182,0.9508932641448663,0.14747518601733747,10,0.025,0.15,0.9645195933198915,0.9653949231772229,1.0,0.9591204218044206,0.9628675739347277,0.9665017453019286,0.9619230071968438,0.9644008441756038,0.9693859672093609,0.9626382089064967,0.9621451527388111,0.9618699914546325
2,3,2.10828716321425,0.24305255579553636,4167,2.275186164038522,0.11630695443645084,834,2.2727100818972046,0.1334,0.9817085407735385,0.08304675920270423,0.08285636645070596,0.08354220373432199,0.9917905291702754,,0.9784291396412008,0.021570860358799182,0.9508932641448663,0.14747518601733747,10,0.025,0.15,0.9605362447918311,0.964299805594228,0.9591204218044206,1.0,0.9601738228916021,0.9646457910600876,0.9587091051234768,0.96309171157166,0.9671961119254066,0.963107751118348,0.9572372852537387,0.9642131746741681
2,4,2.1030439058939616,0.24262059035277178,4167,2.268584592001779,0.14405762304921968,833,2.2727100818972046,0.1334,0.9826189791279543,0.08338622308983044,0.08319349036285768,0.08354220373432199,0.9958259016775629,,0.9784291396412008,0.021570860358799182,0.9508932641448663,0.14747518601733747,10,0.025,0.15,0.9609813217467985,0.967194637450516,0.9628675739347277,0.9601738228916021,1.0,0.9675098823292436,0.9619693948912243,0.9668376009355971,0.965288342194467,0.961076280930974,0.961005517738466,0.9579475048452124
2,5,2.097187928719954,0.24614830813534916,4167,2.2671752657209123,0.13205282112845138,833,2.2727100818972046,0.1334,0.9853660449530276,0.08363639836705464,0.0834419289618267,0.08354220373432199,0.9987997111757672,,0.9784291396412008,0.021570860358799182,0.9508932641448663,0.14747518601733747,10,0.025,0.15,0.9640336668349911,0.964939535932013,0.9665017453019286,0.9646457910600876,0.9675098823292436,1.0,0.9643752490405301,0.9648101381844415,0.9726339052130796,0.9629665460209487,0.965473275505015,0.9672832996936316
2,6,2.0888109882672627,0.2550995920326374,4167,2.2698138100760326,0.15126050420168066,833,2.2727100818972046,0.1334,0.9823500735174301,0.08325470748032157,0.08306288356526131,0.08354220373432199,0.9942625385897258,,0.9784291396412008,0.021570860358799182,0.9508932641448663,0.14747518601733747,10,0.025,0.15,0.9644631750999998,0.9598596527195047,0.9619230071968438,0.9587091051234768,0.9619693948912243,0.9643752490405301,1.0,0.9652811774929966,0.9666810304384575,0.962165893243968,0.9621838170788761,0.9621640196381004
2,7,2.1111034909884134,0.24346052315814734,4167,2.2755082675388882,0.12725090036014405,833,2.2727100818972046,0.1334,0.9841915446730318,0.08331209024219788,0.08311987014638221,0.08354220373432199,0.9949446678438383,,0.9784291396412008,0.021570860358799182,0.9508932641448663,0.14747518601733747,10,0.025,0.15,0.9657866063119614,0.9682698032045457,0.9644008441756038,0.96309171157166,0.9668376009355971,0.9648101381844415,0.9652811774929966,1.0,0.964132997854355,0.961785703312403,0.9621310910804715,0.9650021500081517
2,8,2.0949267253731234,0.24776764282285166,4166,2.271813324519566,0.14765906362545017,833,2.2727100818972046,0.1334,0.9870993616924163,0.08373737705450819,0.08354220373432199,0.08354220373432199,0.9999999999880299,,0.9784291396412008,0.021570860358799182,0.9508932641448663,0.14747518601733747,10,0.025,0.15,0.96861780511376,0.9697396049782965,0.9693859672093609,0.9671961119254066,0.965288342194467,0.9726339052130796,0.9666810304384575,0.964132997854355,1.0,0.9706396286694411,0.9644505656379031,0.966873709632583
2,9,2.104148623798833,0.2373019683149304,4166,2.2756617069244385,0.11404561824729892,833,2.2727100818972046,0.1334,0.982310892849961,0.08326722787296774,0.08307531756124502,0.08354220373432199,0.9944113734950522,,0.9784291396412008,0.021570860358799182,0.9508932641448663,0.14747518601733747,10,0.025,0.15,0.9624674616328095,0.9615288017399294,0.9626382089064967,0.963107751118348,0.961076280930974,0.9629665460209487,0.962165893243968,0.961785703312403,0.9706396286694411,1.0,0.9590633024514897,0.9618823911134552
2,10,2.0790562467141585,0.25331253000480075,4166,2.27749879019601,0.1212484993997599,833,2.2727100818972046,0.1334,0.9806245237501036,0.08344831986033634,0.08325515703322355,0.08354220373432199,0.9965640515899261,,0.9784291396412008,0.021570860358799182,0.9508932641448663,0.14747518601733747,10,0.025,0.15,0.9637469480806095,0.9560157890422237,0.9621451527388111,0.9572372852537387,0.961005517738466,0.965473275505015,0.9621838170788761,0.9621310910804715,0.9644505656379031,0.9590633024514897,1.0,0.9557900212860659
2,11,2.101421361981016,0.23662986077772444,4166,2.2725225516727994,0.14645858343337334,833,2.2727100818972046,0.1334,0.9820130372343041,0.08328464695307958,0.08309261639839453,0.08354220373432199,0.9946184405387265,,0.9784291396412008,0.021570860358799182,0.9508932641448663,0.14747518601733747,10,0.025,0.15,0.9575957543406275,0.965175134119773,0.9618699914546325,0.9642131746741681,0.9579475048452124,0.9672832996936316,0.9621640196381004,0.9650021500081517,0.966873709632583,0.9618823911134552,0.9557900212860659,1.0
3,0,2.014616500970089,0.2774898008159347,4167,2.2549515792301724,0.18465227817745802,834,2.251572675342801,0.1907,0.9798164629863597,0.08336229742964504,0.08316973024862989,0.08355881235483979,0.995343613722596,,0.9785859286032579,0.021414071396742118,0.9779597829796379,0.14688572816066886,10,0.025,0.15,1.0,0.9570822424494256,0.9578817477303703,0.9505633661064122,0.9557372803461867,0.9563592795388021,0.9574058165298778,0.9598531105084409,0.9614378277472945,0.9530464370655578,0.9561351933651351,0.9481330916207446
3,1,2.0227732622262202,0.27662586993040555,4167,2.251741204942976,0.18944844124700239,834,2.251572675342801,0.1907,0.9801536649285985,0.08346893756165032,0.08327563178941767,0.08355881235483979,0.9966110029757701,,0.9785859286032579,0.021414071396742118,0.9779597829796379,0.14688572816066886,10,0.025,0.15,0.9570822424494256,1.0,0.9579580547269219,0.9552047854053478,0.9587102138277156,0.9562164895549953,0.950849827607708,0.9605066539264766,0.964130435888638,0.9508208207136525,0.9479675250625538,0.9580823565302625
3,2,2.0021967338793205,0.287952963762899,4167,2.2456089087894986,0.20623501199040767,834,2.251572675342801,0.1907,0.9795708240512101,0.08299756008367791,0.08280750489321993,0.08355881235483979,0.9910086388085511,,0.9785859286032579,0.021414071396742118,0.9779597829796379,0.14688572816066886,10,0.025,0.15,0.9578817477303703,0.9579580547269219,1.0,0.9500767197652414,0.951826254302905,0.9572087710546222,0.9548881456619506,0.9559363127733131,0.9619123007241062,0.9543326064209695,0.9550367690280276,0.953979259136817
3,3,2.037517473191926,0.27348212143028555,4167,2.2546983446393694,0.18705035971223022,834,2.251572675342801,0.1907,0.9767010061293275,0.08307387033366227,0.08288329139844988,0.08355881235483979,0.991915622800942,,0.9785859286032579,0.021414071396742118,0.9779597829796379,0.14688572816066886,10,0.025,0.15,0.9505633661064122,0.9552047854053478,0.9500767197652414,1.0,0.9506070708663908,0.9534349032777834,0.9492637376668157,0.9515622228861526,0.9592526099090447,0.9528894762563661,0.9472136171037386,0.957120673744974
3,4,2.0334946690183697,0.27667386609071276,4167,2.2478973184313094,0.20168067226890757,833,2.251572675342801,0.1907,0.9789884242136523,0.08335800040342344,0.08316546294429035,0.08355881235483979,0.9952925442516541,,0.9785859286032579,0.021414071396742118,0.9779597829796379,0.14688572816066886,10,0.025,0.15,0.9557372803461867,0.9587102138277156,0.951826254302905,0.9506070708663908,1.0,0.9589383733371809,0.9535473478528389,0.9597222330519253,0.9596728387289329,0.950310545548105,0.953469149115655,0.9512993607291302
3,5,2.024994460741679,0.27355411567074633,4167,2.24590117590768,0.19327731092436976,833,2.251572675342801,0.1907,0.9812615338366945,0.08358649643854957,0.08339237427196856,0.08355881235483979,0.9980081324856265,,0.9785859286032579,0.021414071396742118,0.9779597829796379,0.14688572816066886,10,0.025,0.15,0.9563592795388021,0.9562164895549953,0.9572087710546222,0.9534349032777834,0.9589383733371809,1.0,0.9554331222406752,0.955305731990736,0.9661828517267064,0.9519412952216986,0.9585852431081507,0.9608421905793123
3,6,2.01726003704649,0.28363330933525316,4167,2.2491655009133473,0.19207683073229292,833,2.251572675342801,0.1907,0.9781039503513893,0.08324797827357695,0.08305620078255734,0.08355881235483979,0.9939849363686254,,0.9785859286032579,0.021414071396742118,0.9779597829796379,0.14688572816066886,10,0.025,0.15,0.9574058165298778,0.950849827607708,0.9548881456619506,0.9492637376668157,0.9535473478528389,0.9554331222406752,1.0,0.9565996941113412,0.9594886443767788,0.9512874759475258,0.9519191095228864,0.952886227244361
3,7,2.0383110263130884,0.27607391408687304,4167,2.2550476619175504,0.1836734693877551,833,2.251572675342801,0.1907,0.9802504227312754,0.08335323547035817,0.08316073096598198,0.08355881235483979,0.995235913739863,,0.9785859286032579,0.021414071396742118,0.9779597829796379,0.14688572816066886,10,0.025,0.15,0.9598531105084409,0.9605066539264766,0.9559363127733131,0.9515622228861526,0.9597222330519253,0.955305731990736,0.9565996941113412,1.0,0.9576137654294716,0.9503044613052702,0.954509998541504,0.9568462234615981
3,8,2.0211481220794445,0.27652424387902064,4166,2.250166620526995,0.20768307322929172,833,2.251572675342801,0.1907,0.9844969600298159,0.08375410242964175,0.08355881235483979,0.08355881235483979,0.9999999999880324,,0.9785859286032579,0.021414071396742118,0.9779597829796379,0.14688572816066886,10,0.025,0.15,0.9614378277472945,0.964130435888638,0.9619123007241062,0.9592526099090447,0.9596728387289329,0.9661828517267064,0.9594886443767788,0.9576137654294716,1.0,0.9612431581180758,0.9559667972671785,0.9615748842318221
3,9,2.0323006340951633,0.27025924147863656,4166,2.2545113222939626,0.16206482593037214,833,2.251572675342801,0.1907,0.9764150628688901,0.08320079253553295,0.08300934036380866,0.08355881235483979,0.993424128747891,,0.9785859286032579,0.021414071396742118,0.9779597829796379,0.14688572816066886,10,0.025,0.15,0.9530464370655578,0.9508208207136525,0.9543326064209695,0.9528894762563661,0.950310545548105,0.9519412952216986,0.9512874759475258,0.9503044613052702,0.9612431581180758,1.0,0.9467756828016971,0.9507841427415848
3,10,2.009029680671114,0.2841334613538166,4166,2.257401262010847,0.1788715486194478,833,2.251572675342801,0.1907,0.9765132244503075,0.0833158759584057,0.08312362970622379,0.08355881235483979,0.9947919000121405,,0.9785859286032579,0.021414071396742118,0.9779597829796379,0.14688572816066886,10,0.025,0.15,0.9561351933651351,0.9479675250625538,0.9550367690280276,0.9472136171037386,0.953469149115655,0.9585852431081507,0.9519191095228864,0.954509998541504,0.9559667972671785,0.9467756828016971,1.0,0.9471842937058681
3,11,2.03289869481867,0.264162265962554,4166,2.250702517373221,0.20168067226890757,833,2.251572675342801,0.1907,0.9785460276014463,0.08328085308187594,0.08308884872034264,0.08355881235483979,0.9943756544373107,,0.9785859286032579,0.021414071396742118,0.9779597829796379,0.14688572816066886,10,0.025,0.15,0.9481330916207446,0.9580823565302625,0.953979259136817,0.957120673744974,0.9512993607291302,0.9608421905793123,0.952886227244361,0.9568462234615981,0.9615748842318221,0.9507841427415848,0.9471842937058681,1.0
4,0,1.956105355060462,0.30050395968322535,4167,2.2285736969539096,0.24580335731414868,834,2.2253025091147123,0.2363,0.9769229103482291,0.08336371922902833,0.08317114221296978,0.08356793491866622,0.9952518545889895,,0.9769190143750722,0.023080985624927775,0.9843951862944436,0.14648145471056087,10,0.025,0.15,1.0,0.9530026280581656,0.9522779236925968,0.9455644541052158,0.950757966388508,0.9504383278470944,0.9505840142728417,0.9527919427780024,0.9561966885547254,0.9468436939731593,0.9469026625147237,0.942656704007212
4,1,1.9665427673946727,0.2993520518358531,4167,2.2260566779545377,0.24820143884892087,834,2.2253025091147123,0.2363,0.9772687599381716,0.08344093699061998,0.08324782533278027,0.08356793491866622,0.9961694687418844,,0.9769190143750722,0.023080985624927775,0.9843951862944436,0.14648145471056087,10,0.025,0.15,0.9530026280581656,1.0,0.9520135223064067,0.9516199401027039,0.9534742044092366,0.9494178212012919,0.9438043493310924,0.9522657279761744,0.9579078939188198,0.9461108078987011,0.9407229108866259,0.9516777487659168
4,2,1.9477290009007309,0.3076073914086873,4167,2.218355825969151,0.24940047961630696,834,2.2253025091147123,0.2363,0.9774320907917393,0.08315469750718313,0.08296356278045637,0.08356793491866622,0.9927678942911436,,0.9769190143750722,0.023080985624927775,0.9843951862944436,0.14648145471056087,10,0.025,0.15,0.9522779236925968,0.9520135223064067,1.0,0.9475929251817267,0.9475296487225496,0.9516363379444,0.9485750289075985,0.9507178698347261,0.9563347621389746,0.9489632153501248,0.950573202400505,0.9479887613933906
4,3,1.9793275316556296,0.2919366450683945,4167,2.2294933795928955,0.23860911270983212,834,2.2253025091147123,0.2363,0.9757132555372984,0.08314594249965415,0.08295486802691535,0.08356793491866622,0.992663850155682,,0.9769190143750722,0.023080985624927775,0.9843951862944436,0.14648145471056087,10,0.025,0.15,0.9455644541052158,0.9516199401027039,0.9475929251817267,1.0,0.9482101287417577,0.9482027473380573,0.9443861620997723,0.9476986537648604,0.9546310168028581,0.9498921990955875,0.9410860261478189,0.9551509921489244
4,4,1.9769910888238387,0.2996160307175426,4167,2.2222234862191335,0.23169267707082833,833,2.2253025091147123,0.2363,0.9770776685215984,0.08336609938196261,0.08317350590087366,0.08356793491866622,0.9952801392164145,,0.9769190143750722,0.023080985624927775,0.9843951862944436,0.14648145471056087,10,0.025,0.15,0.950757966388508,0.9534742044092366,0.9475296487225496,0.9482101287417577,1.0,0.9527109362485922,0.9474548297678959,0.9521861382482439,0.955508163848965,0.9461364967932676,0.948312214793204,0.9475364504169465
4,5,1.9700142683404864,0.29244060475161987,4167,2.219365494591849,0.24969987995198079,833,2.2253025091147123,0.2363,0.9780035251952501,0.08353756885935892,0.0833437867510516,0.08356793491866622,0.9973177730330407,,0.9769190143750722,0.023080985624927775,0.9843951862944436,0.14648145471056087,10,0.025,0.15,0.9504383278470944,0.9494178212012919,0.9516363379444,0.9482027473380573,0.9527109362485922,1.0,0.9481354245052473,0.9493261456338212,0.9592965815818637,0.9454547296868873,0.950770436060382,0.955157405132079
4,6,1.961297883048202,0.30283177345812334,4167,2.223264115197318,0.22569027611044418,833,2.2253025091147123,0.2363,0.9744904712698961,0.0832138256350774,0.08302228364411773,0.08356793491866622,0.9934705664789607,,0.9769190143750722,0.023080985624927775,0.9843951862944436,0.14648145471056087,10,0.025,0.15,0.9505840142728417,0.9438043493310924,0.9485750289075985,0.9443861620997723,0.9474548297678959,0.9481354245052473,1.0,0.9509667423722936,0.9515017326185647,0.9453961974291945,0.9422582195299413,0.9465451843371471
4,7,1.9828746867902352,0.29596832253419725,4167,2.2295937878744945,0.2184873949579832,833,2.2253025091147123,0.2363,0.9772056664673809,0.08336731898072468,0.08317471706253342,0.08356793491866622,0.995294632354972,,0.9769190143750722,0.023080985624927775,0.9843951862944436,0.14648145471056087,10,0.025,0.15,0.9527919427780024,0.9522657279761744,0.9507178698347261,0.9476986537648604,0.9521861382482439,0.9493261456338212,0.9509667423722936,1.0,0.9516236789409735,0.9446705293712642,0.948485938725001,0.9506321459654713
4,8,1.9614844856840192,0.2970715314450312,4166,2.2231976985931396,0.26410564225690275,833,2.2253025091147123,0.2363,0.9817527948884205,0.08376328914279255,0.08356793491866622,0.08356793491866622,0.9999999999880336,,0.9769190143750722,0.023080985624927775,0.9843951862944436,0.14648145471056087,10,0.025,0.15,0.9561966885547254,0.9579078939188198,0.9563347621389746,0.9546310168028581,0.955508163848965,0.9592965815818637,0.9515017326185647,0.9516236789409735,1.0,0.9568479668164991,0.9483196974953223,0.9562762380191303
4,9,1.9776476683038653,0.292630820931349,4166,2.2280687264033725,0.20888355342136855,833,2.2253025091147123,0.2363,0.9740828861595864,0.08317137189957384,0.08298012238088259,0.08356793491866622,0.9929660516399179,,0.9769190143750722,0.023080985624927775,0.9843951862944436,0.14648145471056087,10,0.025,0.15,0.9468436939731593,0.9461108078987011,0.9489632153501248,0.9498921990955875,0.9461364967932676,0.9454547296868873,0.9453961974291945,0.9446705293712642,0.9568479668164991,1.0,0.9387286400542407,0.9458161359252879
4,10,1.9543609019481774,0.3051608257321171,4166,2.232543332236154,0.21368547418967587,833,2.2253025091147123,0.2363,0.9724175387152533,0.08318834010981596,0.08299697372937867,0.08356793491866622,0.9931677001371827,,0.9769190143750722,0.023080985624927775,0.9843951862944436,0.14648145471056087,10,0.025,0.15,0.9469026625147237,0.9407229108866259,0.950573202400505,0.9410860261478189,0.948312214793204,0.950770436060382,0.9422582195299413,0.948485938725001,0.9483196974953223,0.9387286400542407,1.0,0.9391063790735396
4,11,1.9759767709356366,0.28893422947671626,4166,2.2236697333199635,0.24129651860744297,833,2.2253025091147123,0.2363,0.9761102687435715,0.08328688976420831,0.08309484372388136,0.08356793491866622,0.9943388430474003,,0.9769190143750722,0.023080985624927775,0.9843951862944436,0.14648145471056087,10,0.025,0.15,0.942656704007212,0.9516777487659168,0.9479887613933906,0.9551509921489244,0.9475364504169465,0.955157405132079,0.9465451843371471,0.9506321459654713,0.9562762380191303,0.9458161359252879,0.9391063790735396,1.0
5,0,1.909617448575569,0.3165826733861291,4167,2.196647575923375,0.2697841726618705,834,2.1937474721594703,0.2671,0.9737954834186744,0.08334946967585796,0.08315699121344267,0.08352252707988986,0.995623505655029,,0.9765229159446123,0.02347708405538773,0.9888112601209459,0.14608205425509585,10,0.025,0.15,1.0,0.9468432327228616,0.9451918865275047,0.9390762029121672,0.9446979006270056,0.9437010493988831,0.944922453961613,0.9470638078658016,0.9482154104533811,0.943251290868668,0.9426714173980919,0.9346261229169324
5,1,1.9195417068221352,0.31516678665706743,4167,2.1953823566436768,0.2637889688249401,834,2.1937474721594703,0.2671,0.9745453093508046,0.08342171516190308,0.08322873668464603,0.08352252707988986,0.9964825011106369,,0.9765229159446123,0.02347708405538773,0.9888112601209459,0.14608205425509585,10,0.025,0.15,0.9468432327228616,1.0,0.9441763950786124,0.9456904556651572,0.9482224596382983,0.943707542124658,0.9400998152215367,0.946257153265792,0.949721402957505,0.9421136250388693,0.9369017824669502,0.9452311439655396
5,2,1.902350669557398,0.3216462682985361,4167,2.1857265744890486,0.27577937649880097,834,2.1937474721594703,0.2671,0.973542442349055,0.08321180492387213,0.08302027686073107,0.08352252707988986,0.9939866496176251,,0.9765229159446123,0.02347708405538773,0.9888112601209459,0.14608205425509585,10,0.025,0.15,0.9451918865275047,0.9441763950786124,1.0,0.9396255770121099,0.9404019209279763,0.9444311457166281,0.9436024165966733,0.9441777677627705,0.9466279462299935,0.9448829067577779,0.9441034179546322,0.9402405282367927
5,3,1.932282770763744,0.3053755699544036,4167,2.1993497099195207,0.2709832134292566,834,2.1937474721594703,0.2671,0.9731023688103977,0.08319204320279007,0.08300065131247523,0.08352252707988986,0.9937516765038825,,0.9765229159446123,0.02347708405538773,0.9888112601209459,0.14608205425509585,10,0.025,0.15,0.9390762029121672,0.9456904556651572,0.9396255770121099,1.0,0.9428217423732104,0.9413325169576091,0.9394409359230264,0.9427964188507968,0.9470706265973841,0.947405134592644,0.9377279859672337,0.9493358227011666
5,4,1.9283176949529937,0.3162467002639789,4167,2.191645996911185,0.26410564225690275,833,2.1937474721594703,0.2671,0.9743069615870624,0.08336761122011621,0.08317500728019599,0.08352252707988986,0.9958392087399689,,0.9765229159446123,0.02347708405538773,0.9888112601209459,0.14608205425509585,10,0.025,0.15,0.9446979006270056,0.9482224596382983,0.9404019209279763,0.9428217423732104,1.0,0.946756029015745,0.9415485622789015,0.9456604019298921,0.9491639143299219,0.9420817048981175,0.9437844867505003,0.9410804850649119
5,5,1.9219035690481012,0.31115910727141827,4167,2.187718936375209,0.2773109243697479,833,2.1937474721594703,0.2671,0.9747632730207261,0.08348864905953993,0.08329520655926935,0.08352252707988986,0.9972783328095383,,0.9765229159446123,0.02347708405538773,0.9888112601209459,0.14608205425509585,10,0.025,0.15,0.9437010493988831,0.943707542124658,0.9444311457166281,0.9413325169576091,0.946756029015745,1.0,0.9430220668083257,0.9427905130672123,0.9503601167480978,0.9413486477170193,0.9443542987237336,0.9496517725421465
5,6,1.9102214047403046,0.32176625869930403,4167,2.1921439511435374,0.2533013205282113,833,2.1937474721594703,0.2671,0.9725404110310597,0.08321576115825297,0.08302420582600463,0.08352252707988986,0.994033690403038,,0.9765229159446123,0.02347708405538773,0.9888112601209459,0.14608205425509585,10,0.025,0.15,0.944922453961613,0.9400998152215367,0.9436024165966733,0.9394409359230264,0.9415485622789015,0.9430220668083257,1.0,0.9460274963957755,0.9434687499165374,0.9438601480995158,0.938275650821765,0.9414553375955987
5,7,1.9344844586921461,0.3124790016798656,4167,2.1989995411464145,0.24729891956782712,833,2.1937474721594703,0.2671,0.9745079516423854,0.08337491613269224,0.08318226165238123,0.08352252707988986,0.9959260640164886,,0.9765229159446123,0.02347708405538773,0.9888112601209459,0.14608205425509585,10,0.025,0.15,0.9470638078658016,0.946257153265792,0.9441777677627705,0.9427964188507968,0.9456604019298921,0.9427905130672123,0.9460274963957755,1.0,0.9444586366212396,0.9409074200291022,0.9427937264375911,0.9456830432994638
5,8,1.9138973911603292,0.3134421507441191,4166,2.1909525394439697,0.3085234093637455,833,2.1937474721594703,0.2671,0.9774991361014348,0.08371756213840577,0.08352252707988986,0.08352252707988986,0.9999999999880271,,0.9765229159446123,0.02347708405538773,0.9888112601209459,0.14608205425509585,10,0.025,0.15,0.9482154104533811,0.949721402957505,0.9466279462299935,0.9470706265973841,0.9491639143299219,0.9503601167480978,0.9434687499165374,0.9444586366212396,1.0,0.953346842322481,0.9412987699868293,0.9495868489545746
5,9,1.9310503085454305,0.3060009601536246,4166,2.1962265287126814,0.25930372148859543,833,2.1937474721594703,0.2671,0.97356479517537,0.08322285753432483,0.08303125328247088,0.08352252707988986,0.9941180683153517,,0.9765229159446123,0.02347708405538773,0.9888112601209459,0.14608205425509585,10,0.025,0.15,0.943251290868668,0.9421136250388693,0.9448829067577779,0.947405134592644,0.9420817048981175,0.9413486477170193,0.9438601480995158,0.9409074200291022,0.953346842322481,1.0,0.9359739323568312,0.9425223834140437
5,10,1.907974782857028,0.3212193951032165,4166,2.202451535633632,0.23769507803121248,833,2.1937474721594703,0.2671,0.970828548524095,0.0831441959679024,0.08295313351368824,0.08352252707988986,0.993182754556143,,0.9765229159446123,0.02347708405538773,0.9888112601209459,0.14608205425509585,10,0.025,0.15,0.9426714173980919,0.9369017824669502,0.9441034179546322,0.9377279859672337,0.9437844867505003,0.9443542987237336,0.938275650821765,0.9427937264375911,0.9412987699868293,0.9359739323568312,1.0,0.9378444562405993
5,11,1.9281732299111105,0.30549687950072013,4166,2.190817015511649,0.2773109243697479,833,2.1937474721594703,0.2671,0.9735350835821305,0.08329341382434238,0.08310132273347884,0.08352252707988986,0.9949569970865094,,0.9765229159446123,0.02347708405538773,0.9888112601209459,0.14608205425509585,10,0.025,0.15,0.9346261229169324,0.9452311439655396,0.9402405282367927,0.9493358227011666,0.9410804850649119,0.9496517725421465,0.9414553375955987,0.9456830432994638,0.9495868489545746,0.9425223834140437,0.9378444562405993,1.0
6,0,1.8691617608070374,0.3308855291576674,4167,2.1597364289419994,0.2793764988009592,834,2.1574873199945763,0.29,0.9701202526171783,0.08331253342174919,0.08312031026402843,0.08349274127608958,0.9955393605795604,,0.976192833919229,0.023807166080771047,0.9917262575063838,0.14566004534305538,10,0.025,0.15,1.0,0.9414473844288436,0.9378416893825929,0.9323001793099442,0.9369461157665471,0.9361162390434169,0.9387844276005264,0.9397438489791985,0.941076655883903,0.9363243117524884,0.9359021840724313,0.9280905760329835
6,1,1.8771880066756046,0.33119750419966404,4167,2.1601244040897916,0.2997601918465228,834,2.1574873199945763,0.29,0.97272216635915,0.08344219797035651,0.08324907757354304,0.08349274127608958,0.9970816181165032,,0.976192833919229,0.023807166080771047,0.9917262575063838,0.14566004534305538,10,0.025,0.15,0.9414473844288436,1.0,0.9391431797844766,0.9417014787671346,0.9409061038080128,0.9378908355529928,0.9344326940846738,0.94154034263425,0.946821709264792,0.9376807117514016,0.9321227793464433,0.9411340644089007
6,2,1.8618504925207657,0.3369330453563715,4167,2.1487700939178467,0.30935251798561153,834,2.15748732603049,0.29,0.9706146186335788,0.08324333040803994,0.08305158497776033,0.08349274127608958,0.9947162317037217,,0.976192833919229,0.023807166080771047,0.9917262575063838,0.14566004534305538,10,0.025,0.15,0.9378416893825929,0.9391431797844766,1.0,0.9337825808031006,0.9332992685716948,0.9387365477821595,0.9368953570475242,0.9371037763469396,0.9404219419446459,0.936870148812841,0.9402367027293097,0.9361235061853479
