round,client_id,client_i_training_loss,client_i_training_accuracy,client_i_training_dataset_size,client_i_evaluation_loss,client_i_evaluation_accuracy,client_i_evaluation_dataset_size,client_i_central_evaluation_loss,client_i_central_evaluation_accuracy,client_i_cosine_similarity,client_i_importance_coefficient,client_i_tanh_val,tanh_normalization_value,client_i_q,client_i_mask_order,client_i_v_nonzero_fraction,client_i_v_sparsity,client_i_v_cosine_similarity,client_i_reward_gradient_norm,local_epochs,learning_rate,gamma,client_0_cosine_similarity,client_1_cosine_similarity,client_2_cosine_similarity,client_3_cosine_similarity,client_4_cosine_similarity,client_5_cosine_similarity,client_6_cosine_similarity,client_7_cosine_similarity,client_8_cosine_similarity,client_9_cosine_similarity,client_10_cosine_similarity,client_11_cosine_similarity
0,0,0.34847949676358014,0.89112,5000,2.195949995959247,0.3645083932853717,834,2.190459166852811,0.3638,0.7853144411502262,0.08320536230337668,0.08301387864171435,0.0838176343376406,0.990410661154204,,0.9904071080769038,0.009592891923096203,0,0.39326113623947095,5,0.1,0.5,1.0,0.5855816024918692,0.5765901099740215,0.5917014403726713,0.5764845245657985,0.5785284380238647,0.5874666564613731,0.5882235447120293,0.5886379531825191,0.5714444549417911,0.5815190013673596,0.5858298040236475
0,1,0.33531209682796603,0.8972,5000,2.1876518196529813,0.3669064748201439,834,2.1904583700929585,0.3638,0.7886924960142826,0.08356327279644339,0.08336931208910021,0.0838176343376406,0.9946512180512149,,0.9946488630088851,0.005351136991114891,0,0.3932611410934885,5,0.1,0.5,0.5855816024918692,1.0,0.5971679568890617,0.5767294795656359,0.5847252359003569,0.5849223152201537,0.5958904610296436,0.5856081925224367,0.5712673636932445,0.5817497235437936,0.5900406875752136,0.5902074911462076
0,2,0.34046859501677146,0.89316,5000,2.1795659771672002,0.3800959232613909,834,2.190458363999193,0.3638,0.7892047652644862,0.08361754856972173,0.0834232103778145,0.0838176343376406,0.9952942604030967,,0.9952914010340846,0.004708598965915356,0,0.39326114151987135,5,0.1,0.5,0.5765901099740215,0.5971679568890617,1.0,0.5862424512529768,0.5834682417928483,0.5902154275802941,0.5933330899039889,0.5838878332535272,0.5774321707753309,0.5750878608879526,0.586449655886111,0.5988506472796371
0,3,0.35021143306734837,0.8888,5000,2.1867148169764765,0.36930455635491605,834,2.190459212556053,0.3638,0.7828035156813552,0.08293932560214375,0.08274966945151963,0.0838176343376406,0.9872584701829429,,0.9872546558907686,0.012745344109231449,0,0.39326112881918845,5,0.1,0.5,0.5917014403726713,0.5767294795656359,0.5862424512529768,1.0,0.5834572014327529,0.5770097805266925,0.5846251363844653,0.5779487780965012,0.5859753564777714,0.5699913819119028,0.5753680461482965,0.5792596865384163
0,4,0.3501052183698222,0.88796,5000,2.1937887050487377,0.35294117647058826,833,2.190459073161165,0.3638,0.786151257582981,0.08329402438676686,0.08310192907943234,0.0838176343376406,0.9914611613074563,,0.9914562521961748,0.008543747803825164,0,0.3932611377422972,5,0.1,0.5,0.5764845245657985,0.5847252359003569,0.5834682417928483,0.5834572014327529,1.0,0.5877910602051578,0.5901433784187056,0.5900597960250844,0.598232339431126,0.5756596969311408,0.5725337795062407,0.5773503670727088
0,5,0.3339121665995402,0.89492,5000,2.1905847832008645,0.36134453781512604,833,2.190458374663283,0.3638,0.7890929140725432,0.08360569775116801,0.08341144202259296,0.0838176343376406,0.9951538561156886,,0.9951508458410723,0.0048491541589277265,0,0.3932611414366321,5,0.1,0.5,0.5785284380238647,0.5849223152201537,0.5902154275802941,0.5770097805266925,0.5877910602051578,1.0,0.5930766691864329,0.5888110954646061,0.593622414121023,0.5843167895020127,0.5828276090129935,0.586548160016848
0,6,0.34202154071491425,0.89212,5000,2.1827093671869346,0.36134453781512604,833,2.1904583251514373,0.3638,0.7929536576957067,0.08401474991561728,0.0838176343376406,0.0838176343376406,0.9999999999880693,,0.9999949801716781,5.019828321906061e-06,0,0.39326114231753806,5,0.1,0.5,0.5874666564613731,0.5958904610296436,0.5933330899039889,0.5846251363844653,0.5901433784187056,0.5930766691864329,1.0,0.6003482359639766,0.5850942879072478,0.5658700958817375,0.5851181187537329,0.6031423599572828
0,7,0.346242417452062,0.89212,5000,2.192566845152113,0.375750300120048,833,2.1904583571437066,0.3638,0.7894118422905558,0.08363948872270502,0.08344499779991298,0.0838176343376406,0.9955541988071138,,0.995552432106822,0.004447567893178017,0,0.3932611416582152,5,0.1,0.5,0.5882235447120293,0.5856081925224367,0.5838878332535272,0.5779487780965012,0.5900597960250844,0.5888110954646061,0.6003482359639766,1.0,0.5771287565901998,0.5761732777557675,0.5893860492202614,0.5931043300744647
0,8,0.3346869596665737,0.89424,5000,2.1886990865071616,0.3469387755102041,833,2.190459171423135,0.3638,0.7846428930263936,0.08313421067032405,0.08294321691894915,0.0838176343376406,0.9895676199096884,,0.9895637769188294,0.010436223081170648,0,0.39326113462148315,5,0.1,0.5,0.5886379531825191,0.5712673636932445,0.5774321707753309,0.5859753564777714,0.598232339431126,0.593622414121023,0.5850942879072478,0.5771287565901998,1.0,0.5766286789212651,0.5745312830956927,0.5771186672470042
0,9,0.35153407766157463,0.88888,5000,2.1907907591925726,0.375750300120048,833,2.190459247595205,0.3638,0.7764286728784787,0.08226390047655517,0.08207883191283585,0.0838176343376406,0.9792549331709884,,0.9792530495457056,0.02074695045429442,0,0.3932610880346552,5,0.1,0.5,0.5714444549417911,0.5817497235437936,0.5750878608879526,0.5699913819119028,0.5756596969311408,0.5843167895020127,0.5658700958817375,0.5761732777557675,0.5766286789212651,1.0,0.5837933446676055,0.5674259642044074
0,10,0.3328437041087895,0.89632,5000,2.187191504019278,0.3637454981992797,833,2.190459182087225,0.3638,0.7848109636711473,0.08315201803277215,0.08296090174814962,0.0838176343376406,0.9897786116579047,,0.989774609708348,0.010225390291652037,0,0.3932611350647926,5,0.1,0.5,0.5815190013673596,0.5900406875752136,0.586449655886111,0.5753680461482965,0.5725337795062407,0.5828276090129935,0.5851181187537329,0.5893860492202614,0.5745312830956927,0.5837933446676055,1.0,0.5856879966806443
0,11,0.35955230216406714,0.8874,5000,2.1976685877199524,0.3469387755102041,833,2.190458376948445,0.3638,0.7887597717559497,0.08357040077240604,0.08337639051827145,0.0838176343376406,0.9947356684085542,,0.994734200090357,0.005265799909643043,0,0.3932611411570568,5,0.1,0.5,0.5858298040236475,0.5902074911462076,0.5988506472796371,0.5792596865384163,0.5773503670727088,0.586548160016848,0.6031423599572828,0.5931043300744647,0.5771186672470042,0.5674259642044074,0.5856879966806443,1.0
1,0,0.3108922969609214,0.90608,5000,2.036354351926733,0.6474820143884892,834,2.0327040920623194,0.6685,0.8162590509135297,0.08345174450572686,0.08325855793998481,0.08349494466581947,0.9971688498294363,,0.9971688168264645,0.0028311831735354787,0.9589693771820066,0.4052128905631844,5,0.1,0.5,1.0,0.6278670831209371,0.6379067326957725,0.6258371884997626,0.6375353026091213,0.6274648960610788,0.6318497118865899,0.6248780399675772,0.6334859123681491,0.6324311537245393,0.6326614399861316,0.6268881512371527
1,1,0.29880039896222815,0.90844,5000,2.025903176378321,0.6630695443645084,834,2.032702643269548,0.6685,0.8092891868936836,0.0834458414953048,0.08325269584627604,0.08349494466581947,0.997098640863706,,0.9970985392299583,0.0029014607700417194,0.9589692750811739,0.40521289055380566,5,0.1,0.5,0.6278670831209371,1.0,0.6263947151640663,0.6219726384070645,0.6243182905765553,0.6297537819797074,0.6216864021863021,0.6213859686673074,0.6200137964379124,0.6258988796846874,0.6259140335906237,0.6241992073254544
1,2,0.30371298166051225,0.9064,5000,2.0198592609829373,0.6726618705035972,834,2.0327026882110695,0.6685,0.8129642380074906,0.08360968038164672,0.0834153969427311,0.08349494466581947,0.9990472749649,,0.9990462326188444,0.0009537673811556013,0.9589692898097014,0.4052128906770526,5,0.1,0.5,0.6379067326957725,0.6263947151640663,1.0,0.6314901935846704,0.6272850617205857,0.6322706636024356,0.6259617462594489,0.6241485813977172,0.6244217611234617,0.6252423191934097,0.6355628799508158,0.614276916568625
1,3,0.3136128409682613,0.90236,5000,2.026648892296685,0.6942446043165468,834,2.0327036178911837,0.6685,0.8085951314928836,0.08300897458584443,0.08281884111448365,0.08349494466581947,0.9919024612204514,,0.9918979970884996,0.008102002911500428,0.9589694268182875,0.4052128880354889,5,0.1,0.5,0.6258371884997626,0.6219726384070645,0.6314901935846704,1.0,0.6201110257112963,0.6313003396952769,0.6186732089660997,0.6304498863966473,0.6279501010553568,0.6195668443804287,0.6270784826561641,0.6109971596351217
1,4,0.30697835576156995,0.90588,5000,2.035637374277468,0.6542617046818727,833,2.0327039271497878,0.6685,0.8118150820426636,0.08335568259916329,0.0831631611706663,0.08349494466581947,0.9960263043771436,,0.9960242959690778,0.003975704030922178,0.9589693784051427,0.4052128903828698,5,0.1,0.5,0.6375353026091213,0.6243182905765553,0.6272850617205857,0.6201110257112963,1.0,0.6407285323039371,0.6200930864748806,0.6249389854121117,0.6311234339925388,0.6238312041206678,0.6260989293035423,0.6191014044698435
1,5,0.2870676379911839,0.90896,5000,2.031191600693597,0.6866746698679472,833,2.0327026992560193,0.6685,0.8148085306826818,0.08366604663599733,0.08347137073020627,0.08349494466581947,0.9997176603121629,,0.9997138697856534,0.0002861302143466471,0.9589692945436399,0.4052128906820157,5,0.1,0.5,0.6274648960610788,0.6297537819797074,0.6322706636024356,0.6313003396952769,0.6407285323039371,1.0,0.6249199193251379,0.6238697916448187,0.6243696094449926,0.6272751215069239,0.6367368268549233,0.6242501443726655
1,6,0.30242891540976274,0.90636,5000,2.0248831775453358,0.6782713085234093,833,2.032702622322229,0.6685,0.8077184561381828,0.08368978602178,0.08349494466581947,0.08349494466581947,0.9999999999880231,,0.9999949801716781,5.019828321906061e-06,0.9589692713339649,0.4052128906822311,5,0.1,0.5,0.6318497118865899,0.6216864021863021,0.6259617462594489,0.6186732089660997,0.6200930864748806,0.6249199193251379,1.0,0.6168963227936823,0.6258626446911525,0.6205084084711046,0.6210508827861672,0.6245329053970684
1,7,0.30725855519342576,0.90404,5000,2.038700889658045,0.6782713085234093,833,2.032702673738376,0.6685,0.8089261964963731,0.08348361722612999,0.08329020963508538,0.08349494466581947,0.9975479349971297,,0.9975453039506049,0.0024546960493950776,0.9589692818040034,0.40521289061166044,5,0.1,0.5,0.6248780399675772,0.6213859686673074,0.6241485813977172,0.6304498863966473,0.6249389854121117,0.6238697916448187,0.6168963227936823,1.0,0.6275799583238456,0.6280244641469863,0.6262479654182683,0.6172760736468909
1,8,0.29387973922951394,0.9088,5000,2.029074545259829,0.6482593037214885,833,2.032704090158018,0.6685,0.8105934040246632,0.08320744511876939,0.08301594710343527,0.08349494466581947,0.9942631549096103,,0.994262336228101,0.005737663771898993,0.9589693314403621,0.40521288979310793,5,0.1,0.5,0.6334859123681491,0.6200137964379124,0.6244217611234617,0.6279501010553568,0.6311234339925388,0.6243696094449926,0.6258626446911525,0.6275799583238456,1.0,0.6208251925828179,0.6281575494669526,0.6202135803916665
1,9,0.30536931533200345,0.90548,5000,2.032732676576685,0.6482593037214885,833,2.032703594277842,0.6685,0.8083039125515541,0.08255208184739828,0.08236506504625175,0.08349494466581947,0.9864676882525472,,0.9864665428442347,0.01353345715576526,0.9589692355819457,0.4052128770863125,5,0.1,0.5,0.6324311537245393,0.6258988796846874,0.6252423191934097,0.6195668443804287,0.6238312041206678,0.6272751215069239,0.6205084084711046,0.6280244641469863,0.6208251925828179,1.0,0.625416447145642,0.6166510372531153
1,10,0.28761870731973344,0.91136,5000,2.027040781798186,0.6830732292917167,833,2.0327041095818954,0.6685,0.8122657197400585,0.08327744155294795,0.08308546074282028,0.08349494466581947,0.9950957039898258,,0.9950956277295316,0.00490437227046836,0.9589693374957249,0.40521289015522444,5,0.1,0.5,0.6326614399861316,0.6259140335906237,0.6355628799508158,0.6270784826561641,0.6260989293035423,0.6367368268549233,0.6210508827861672,0.6262479654182683,0.6281575494669526,0.625416447145642,1.0,0.6152768492418966
1,11,0.3217954910188249,0.9016,5000,2.0422426991992526,0.6674669867947179,833,2.0327026295585755,0.6685,0.8035758130120312,0.08325165802929098,0.08305985515297608,0.08349494466581947,0.9947890316524002,,0.9947843983735756,0.0052156016264244265,0.9589692831568309,0.4052128900406102,5,0.1,0.5,0.6268881512371527,0.6241992073254544,0.614276916568625,0.6109971596351217,0.6191014044698435,0.6242501443726655,0.6245329053970684,0.6172760736468909,0.6202135803916665,0.6166510372531153,0.6152768492418966,1.0
2,0,0.2743845555121613,0.91716,5000,1.8378972477383084,0.8477218225419664,834,1.8367037457018234,0.8444,0.8176847840924617,0.08362226631443961,0.08342789528786482,0.08354880672154852,0.998552804768532,,0.9985492696149791,0.0014507303850208597,0.9681289013941541,0.4058207636436786,5,0.1,0.5,1.0,0.6313096458044059,0.6368557824564235,0.6288728567024733,0.6344285617708532,0.633324288663733,0.6375804119336708,0.6345528016981372,0.6360424919406105,0.6349133213134854,0.6338371211134551,0.6217258021862287
2,1,0.27020756006774727,0.9176,5000,1.8239847951465182,0.8501199040767387,834,1.8367017530404721,0.8444,0.8141191670735897,0.08349429730557115,0.08330081561461418,0.08354880672154852,0.9970317815698089,,0.9970282616334522,0.002971738366547849,0.968128910328344,0.4058207634334649,5,0.1,0.5,0.6313096458044059,1.0,0.6269334115978228,0.6229900268427309,0.625030776935414,0.6370914890651496,0.6358582046157112,0.6372448112933345,0.6273475828235884,0.6283815438935939,0.6357904749777913,0.6206891457679188
2,2,0.2785525359996375,0.9172,5000,1.8223992806893807,0.8453237410071942,834,1.836701819310173,0.8444,0.8117498715878415,0.08352017254897835,0.08332651125364683,0.08354880672154852,0.9973393340058118,,0.9973344711610863,0.002665528838913689,0.9681289161546685,0.4058207634907711,5,0.1,0.5,0.6368557824564235,0.6269334115978228,1.0,0.6302468838271476,0.631941884672111,0.6287168877275814,0.632086208079099,0.6272000016616691,0.6191616280318684,0.6212411176041029,0.6338623714308287,0.6166128432400344
2,3,0.2817896172689025,0.91476,5000,1.828970569151419,0.8573141486810552,834,1.836703146989353,0.8444,0.8080533444982442,0.08299441877107443,0.08280438512004575,0.08354880672154852,0.9910899792384243,,0.9910898047286782,0.008910195271321752,0.9681286119989077,0.4058207582772169,5,0.1,0.5,0.6288728567024733,0.6229900268427309,0.6302468838271476,1.0,0.6259279205264624,0.6325182149126924,0.6241777193072267,0.627908186994967,0.627990133056642,0.6209736848733536,0.6205320318805115,0.6094141287577326
2,4,0.27440349459559155,0.91644,5000,1.8396689185389765,0.8403361344537815,833,1.8367038683388561,0.8444,0.8120291842565285,0.08336197097231379,0.08316940604946181,0.08354880672154852,0.9954589336703917,,0.9954570553687064,0.004542944631293566,0.9681288946642933,0.40582076289908836,5,0.1,0.5,0.6344285617708532,0.625030776935414,0.631941884672111,0.6259279205264624,1.0,0.6418838899649174,0.6276346699912002,0.6289218767089946,0.6237146736868346,0.6221591557482329,0.6359021763618216,0.6111197282878963
2,5,0.25574232446872125,0.9212,5000,1.83126284899535,0.8619447779111644,833,1.8367017972202728,0.8444,0.8171123775907054,0.08374402645355226,0.08354880672154852,0.08354880672154852,0.9999999999880309,,0.9999949801716781,5.019828321906061e-06,0.968128913287867,0.40582076366693737,5,0.1,0.5,0.633324288663733,0.6370914890651496,0.6287168877275814,0.6325182149126924,0.6418838899649174,1.0,0.6338296830233615,0.6393343358578961,0.6378940162938845,0.6206935003167915,0.63293225974057,0.6186111260923809
2,6,0.27045049382266917,0.9176,5000,1.8288785969769512,0.8523409363745498,833,1.836701703909487,0.8444,0.8139700212085103,0.08365038176420893,0.08345581498259898,0.08354880672154852,0.9988869770425525,,0.9988855981125445,0.001114401887455485,0.9681289093131664,0.40582076365652575,5,0.1,0.5,0.6375804119336708,0.6358582046157112,0.632086208079099,0.6241777193072267,0.6276346699912002,0.6338296830233615,1.0,0.6364125514005248,0.6255849306241456,0.6297351602849803,0.6309342689155871,0.612305697314211
2,7,0.274918254656468,0.91708,5000,1.846751402925562,0.8343337334933973,833,1.8367017728452104,0.8444,0.8156087578815857,0.08357110185541224,0.08337708672757253,0.08354880672154852,0.9979446744757678,,0.9979418703880327,0.0020581296119672743,0.9681289054138262,0.4058207635910053,5,0.1,0.5,0.6345528016981372,0.6372448112933345,0.6272000016616691,0.627908186994967,0.6289218767089946,0.6393343358578961,0.6364125514005248,1.0,0.6304037190404604,0.6230698326765177,0.6352615011260865,0.6226589015841831
2,8,0.26201101402844046,0.92024,5000,1.8313282595740423,0.8451380552220888,833,1.8367042625293184,0.8444,0.8104082893580361,0.08320757036325732,0.08301607148478105,0.08354880672154852,0.9936236643147208,,0.9936197982029015,0.006380201797098528,0.9681288711417557,0.4058207618018628,5,0.1,0.5,0.6360424919406105,0.6273475828235884,0.6191616280318684,0.627990133056642,0.6237146736868346,0.6378940162938845,0.6255849306241456,0.6304037190404604,1.0,0.6208531854982025,0.626041453693819,0.6185692818350849
2,9,0.27322191735670254,0.91624,5000,1.836976687113444,0.8067226890756303,833,1.836703485193344,0.8444,0.8062388682031056,0.08262922755460424,0.08244168690966022,0.08354880672154852,0.9867488255509758,,0.9867476532302595,0.01325234676974052,0.9681284696969765,0.40582074631729487,5,0.1,0.5,0.6349133213134854,0.6283815438935939,0.6212411176041029,0.6209736848733536,0.6221591557482329,0.6206935003167915,0.6297351602849803,0.6230698326765177,0.6208531854982025,1.0,0.6225834423870169,0.6113931959367831
2,10,0.25978157654475825,0.92084,5000,1.82916079627143,0.858343337334934,833,1.8367041395114252,0.8444,0.8137307324817287,0.08336945084592629,0.08317683417904462,0.08354880672154852,0.9955478413385465,,0.9955474122785001,0.004452587721499923,0.9681288947287615,0.4058207629399969,5,0.1,0.5,0.6338371211134551,0.6357904749777913,0.6338623714308287,0.6205320318805115,0.6359021763618216,0.63293225974057,0.6309342689155871,0.6352615011260865,0.626041453693819,0.6225834423870169,1.0,0.6178858751828619
2,11,0.29392045401511296,0.91356,5000,1.8494895829094782,0.8331332533013205,833,1.8367021045745753,0.8444,0.7988640444853802,0.0828351152506614,0.0826461717891071,0.08354880672154852,0.9891963156764295,,0.9891923096230109,0.010807690376989143,0.9681287087503584,0.40582075438758747,5,0.1,0.5,0.6217258021862287,0.6206891457679188,0.6166128432400344,0.6094141287577326,0.6111197282878963,0.6186111260923809,0.612305697314211,0.6226589015841831,0.6185692818350849,0.6113931959367831,0.6178858751828619,1.0
3,0,0.2544426416349449,0.9254,5000,1.606706769378097,0.9100719424460432,834,1.6080274437182247,0.9041,0.8071237280601624,0.08357222572379629,0.08337820278301279,0.08344577403072018,0.9991902376184838,,0.9991867878118569,0.0008132121881431198,0.9711659399210254,0.4028860695316241,5,0.1,0.5,1.0,0.6198529700786489,0.6136613041724368,0.6208499920260677,0.6188885269382746,0.6180295078232518,0.6227561996318518,0.6174201354219037,0.6169615367110798,0.6187526015139685,0.620626483051039,0.615157578663602
3,1,0.24923460504490955,0.92492,5000,1.5886809649290863,0.919664268585132,834,1.608025020684678,0.9041,0.8064839549844124,0.08346510076418463,0.08327182159827604,0.08344577403072018,0.9979153835474278,,0.9979117514181015,0.0020882485818984886,0.971165914839468,0.40288606950621886,5,0.1,0.5,0.6198529700786489,1.0,0.6153641117894755,0.6194302015598078,0.614186331371639,0.6186569785899629,0.6249168504418073,0.6263951556950417,0.6159026588901997,0.6150127541774995,0.619160299492803,0.6083580523658164
3,2,0.2508507148614806,0.92316,5000,1.5925519378096968,0.9052757793764988,834,1.6080251147571845,0.9041,0.8051890410678202,0.0834370816710668,0.08324399673013551,0.08344577403072018,0.9975819350479274,,0.997580442748858,0.002419557251141957,0.9711659180656418,0.4028860694883941,5,0.1,0.5,0.6136613041724368,0.6153641117894755,1.0,0.6181359676679276,0.6252761190902473,0.6178905256429048,0.621630118804499,0.6193761273671644,0.6092960886533868,0.6138232050217389,0.621074706626438,0.6091000799273979
3,3,0.25426110907748434,0.92364,5000,1.5994332278216328,0.9004796163069544,834,1.60802664429235,0.9041,0.8079608799538388,0.08318533104263032,0.08299398538939895,0.08344577403072018,0.9945858415532284,,0.9945836052407008,0.005416394759299226,0.9711658811652429,0.40288606882418243,5,0.1,0.5,0.6208499920260677,0.6194302015598078,0.6181359676679276,1.0,0.625597510401944,0.621399672974647,0.6186922270344037,0.6173192516966888,0.625098888643453,0.615683440176704,0.6181079795783426,0.6135584520845756
3,4,0.24939210140709855,0.9248,5000,1.6099906806592588,0.9039615846338536,833,1.6080275195094342,0.9041,0.8061698581378862,0.08336644786780605,0.08317385197594052,0.08344577403072018,0.996741332213225,,0.9967371115907836,0.0032628884092164023,0.9711659340306984,0.40288606940533844,5,0.1,0.5,0.6188885269382746,0.614186331371639,0.6252761190902473,0.625597510401944,1.0,0.6217109173716944,0.6196910168868222,0.6137287195139416,0.6136789685733276,0.6108582786054981,0.6230839994528641,0.6081171207970871
3,5,0.23766062652371872,0.92632,5000,1.5972601307762995,0.9207683073229291,833,1.608025040489416,0.9041,0.8067610700632258,0.08364027039640974,0.08344577403072018,0.08344577403072018,0.9999999999880161,,0.9999949801716781,5.019828321906061e-06,0.9711659406639437,0.40288606953684336,5,0.1,0.5,0.6180295078232518,0.6186569785899629,0.6178905256429048,0.621399672974647,0.6217109173716944,1.0,0.6133602955966275,0.6230936520036089,0.6195354433076524,0.6161267794763896,0.6209387444116673,0.6081026281963019
3,6,0.2504298252273042,0.92448,5000,1.6014739407433405,0.9039615846338536,833,1.6080249285164732,0.9041,0.8084487985681786,0.08363707809695682,0.08344260395903343,0.08344577403072018,0.9999620103867027,,0.999959841373425,4.0158626575026446e-05,0.9711659432524032,0.4028860695368427,5,0.1,0.5,0.6227561996318518,0.6249168504418073,0.621630118804499,0.6186922270344037,0.6196910168868222,0.6133602955966275,1.0,0.624662743403075,0.6179344493204223,0.6218113535025639,0.6178087028820796,0.6123555093456843
3,7,0.25153047784385835,0.92428,5000,1.6220343907674153,0.9123649459783914,833,1.6080250309679074,0.9041,0.8087478778852553,0.08359496879530584,0.08340078770357064,0.08344577403072018,0.999460891475074,,0.9994578585412379,0.0005421414587620799,0.9711659346212997,0.40288606953511125,5,0.1,0.5,0.6174201354219037,0.6263951556950417,0.6193761273671644,0.6173192516966888,0.6137287195139416,0.6230936520036089,0.624662743403075,1.0,0.6217190609385518,0.6186902986786159,0.6197057758073112,0.6167313845310289
3,8,0.24164381010018907,0.92512,5000,1.6007258847907737,0.9039615846338536,833,1.6080280793741488,0.9041,0.8038157656213976,0.08318200921421959,0.0829906864408382,0.08344577403072018,0.99454630751332,,0.9945434466141257,0.005456553385874252,0.9711658939484493,0.40288606880524547,5,0.1,0.5,0.6169615367110798,0.6159026588901997,0.6092960886533868,0.625098888643453,0.6136789685733276,0.6195354433076524,0.6179344493204223,0.6217190609385518,1.0,0.6108826394108302,0.6143623602291997,0.6074304877708169
3,9,0.25448162769958094,0.92356,5000,1.6095399503354673,0.8751500600240096,833,1.6080265292725242,0.9041,0.8031762977337754,0.08277641745451945,0.08258787463904685,0.08344577403072018,0.9897190792148777,,0.9897143717684855,0.010285628231514465,0.9711657650797972,0.40288606412101763,5,0.1,0.5,0.6187526015139685,0.6150127541774995,0.6138232050217389,0.615683440176704,0.6108582786054981,0.6161267794763896,0.6218113535025639,0.6186902986786159,0.6108826394108302,1.0,0.6178750023407654,0.6097747898898115
3,10,0.2336248073430293,0.92828,5000,1.5981841440554019,0.9099639855942377,833,1.6080278889439739,0.9041,0.8071279882920005,0.0834048252449683,0.08321196374097116,0.08344577403072018,0.997198057139956,,0.9971989357963957,0.0028010642036042643,0.9711659244794667,0.40288606945351435,5,0.1,0.5,0.620626483051039,0.619160299492803,0.621074706626438,0.6181079795783426,0.6230839994528641,0.6209387444116673,0.6178087028820796,0.6197057758073112,0.6143623602291997,0.6178750023407654,1.0,0.6113408696825042
3,11,0.2675296510219764,0.91936,5000,1.6240759381541499,0.8835534213685474,833,1.6080248416803133,0.9041,0.7981700222558175,0.08273824372813622,0.08254996116686561,0.08344577403072018,0.9892647305960149,,0.9892625872195171,0.010737412780482902,0.9711658293731021,0.4028860632707874,5,0.1,0.5,0.615157578663602,0.6083580523658164,0.6091000799273979,0.6135584520845756,0.6081171207970871,0.6081026281963019,0.6123555093456843,0.6167313845310289,0.6074304877708169,0.6097747898898115,0.6113408696825042,1.0
4,0,0.23205029788059273,0.93096,5000,1.3572853406270344,0.934052757793765,834,1.361234233783076,0.9274,0.8000797294757526,0.08362856748823977,0.08343415260085917,0.08354916031155338,0.9986234725607777,,0.9986195472114854,0.001380452788514619,0.9703231277879737,0.3980971955779896,5,0.1,0.5,1.0,0.608642352572282,0.6071444575187782,0.6032573549416451,0.6060691278960215,0.605832015497287,0.604630183153848,0.5951571772614592,0.6089204671177455,0.6046151507183286,0.6061149128984554,0.5926449633102927
4,1,0.2238592316586358,0.93564,5000,1.3344720602035522,0.9400479616306955,834,1.3612319063454772,0.9274,0.7986369210563936,0.0835067579081363,0.08331318973989092,0.08354916031155338,0.9971756679327511,,0.9971738366547864,0.0028261633452135726,0.9703231611241662,0.3980971952809344,5,0.1,0.5,0.608642352572282,1.0,0.6041413781152825,0.6013338347211191,0.5978194400088757,0.612152983324202,0.5967546450693064,0.5955780868577288,0.597709536524515,0.6072344125721474,0.6151989982977039,0.5931813993850923
4,2,0.22700966092028246,0.9318,5000,1.3450710905922785,0.9280575539568345,834,1.3612319794706642,0.9274,0.8000114259545248,0.0835362506028484,0.0833424776512532,0.08354916031155338,0.9975262149789778,,0.9975252246373174,0.002474775362682591,0.9703231650011025,0.39809719537383603,5,0.1,0.5,0.6071444575187782,0.6041413781152825,1.0,0.6092828101439415,0.6109046706482545,0.6047409606675838,0.5986016652026872,0.5943619902598098,0.599262239531934,0.6074276543282052,0.6059806554031091,0.6012715278743472
4,3,0.2320952458376848,0.93052,5000,1.3522391010213781,0.9220623501199041,834,1.3612336305002817,0.9274,0.7979517101978202,0.08329660239476651,0.08310448928333912,0.08354916031155338,0.9946777319179418,,0.9946739621504944,0.005326037849505583,0.9703231777260862,0.39809719350862904,5,0.1,0.5,0.6032573549416451,0.6013338347211191,0.6092828101439415,1.0,0.5997087988970161,0.612775353431486,0.6016018034160522,0.5963746383254653,0.6035761466762192,0.5977395471250999,0.6077338143449895,0.5910790639825894
4,4,0.2303839406906182,0.93168,5000,1.3609289593166776,0.9303721488595438,833,1.3612347490871295,0.9274,0.7948764125168832,0.0833094173643394,0.0831172157346141,0.08354916031155338,0.9948300548285177,,0.9948295768284725,0.005170423171527494,0.9703231840723501,0.39809719369258484,5,0.1,0.5,0.6060691278960215,0.5978194400088757,0.6109046706482545,0.5997087988970161,1.0,0.6121171428283206,0.5869640812023832,0.5927161341421734,0.5968359937948771,0.5960691910683874,0.6025871044965211,0.5924727788187117
4,5,0.21640213264959157,0.9332,5000,1.3456930142861825,0.9495798319327731,833,1.3612316035614989,0.9274,0.8020938937050992,0.08374438252911863,0.08354916031155338,0.08354916031155338,0.9999999999880309,,0.9999949801716781,5.019828321906061e-06,0.9703231250523209,0.3980971956271875,5,0.1,0.5,0.605832015497287,0.612152983324202,0.6047409606675838,0.612775353431486,0.6121171428283206,1.0,0.5955052843346856,0.6027358662751185,0.607399575665948,0.6039085404184747,0.6066733740161765,0.5981620455712525
4,6,0.23134598878366505,0.9308,5000,1.356462370466303,0.9195678271308524,833,1.3612319074880581,0.9274,0.7912622956357822,0.08336292452478405,0.0831703530059914,0.08354916031155338,0.995466054893372,,0.9954620751970282,0.004537924802971771,0.9703231158959175,0.3980971943213687,5,0.1,0.5,0.604630183153848,0.5967546450693064,0.5986016652026872,0.6016018034160522,0.5869640812023832,0.5955052843346856,1.0,0.5921022828237257,0.5954939321712013,0.5979530195345818,0.6040310091772497,0.5847963978605136
4,7,0.2317468859824785,0.93048,5000,1.3782083590825398,0.929171668667467,833,1.3612319886113127,0.9274,0.7903226996404319,0.0833019993734731,0.08310984898618475,0.08354916031155338,0.9947418822077302,,0.9947392199186788,0.005260780081321248,0.9703231452352843,0.39809719358723245,5,0.1,0.5,0.5951571772614592,0.5955780868577288,0.5943619902598098,0.5963746383254653,0.5927161341421734,0.6027358662751185,0.5921022828237257,1.0,0.5976446717091141,0.595970564903761,0.6003394608173301,0.5866857492632559
4,8,0.2189505873247981,0.93164,5000,1.3524295621448092,0.9255702280912365,833,1.361234713667117,0.9274,0.7947745586140021,0.08318312489234751,0.0829917944346817,0.08354916031155338,0.9933288871391812,,0.9933286481602329,0.006671351839767081,0.9703231955153675,0.39809719159383794,5,0.1,0.5,0.6089204671177455,0.597709536524515,0.599262239531934,0.6035761466762192,0.5968359937948771,0.607399575665948,0.5954939321712013,0.5976446717091141,1.0,0.5933087024234596,0.5988854551370202,0.5951348199495929
4,9,0.22891221730050387,0.9308,5000,1.3657119009229872,0.907563025210084,833,1.3612321558090064,0.9274,0.7957434188215236,0.08294717471262274,0.08275746481009011,0.08354916031155338,0.990524195581361,,0.9905225641283069,0.00947743587169314,0.9703232108469928,0.3980971855782525,5,0.1,0.5,0.6046151507183286,0.6072344125721474,0.6074276543282052,0.5977395471250999,0.5960691910683874,0.6039085404184747,0.5979530195345818,0.595970564903761,0.5933087024234596,1.0,0.6044536779642508,0.5967200300046708
4,10,0.2158924389737332,0.9346,5000,1.3485136429468791,0.9339735894357744,833,1.3612349871248484,0.9274,0.8007021032928536,0.08353897542349813,0.0833451835447698,0.08354916031155338,0.9975586018217237,,0.9975553436072486,0.0024446563927513765,0.9703231721221971,0.39809719538088256,5,0.1,0.5,0.6061149128984554,0.6151989982977039,0.6059806554031091,0.6077338143449895,0.6025871044965211,0.6066733740161765,0.6040310091772497,0.6003394608173301,0.5988854551370202,0.6044536779642508,1.0,0.597767814920885
4,11,0.24146674163758186,0.9294,5000,1.380089561144511,0.9087635054021609,833,1.361229716779325,0.9274,0.7878067292577186,0.08264382278582537,0.08245618292502614,0.08354916031155338,0.9869181523376361,,0.9869133075648813,0.01308669243511873,0.9703231897183188,0.3980971708577945,5,0.1,0.5,0.5926449633102927,0.5931813993850923,0.6012715278743472,0.5910790639825894,0.5924727788187117,0.5981620455712525,0.5847963978605136,0.5866857492632559,0.5951348199495929,0.5967200300046708,0.597767814920885,1.0
5,0,0.2153488835088529,0.93608,5000,1.1026217650484156,0.947242206235012,834,1.11030810119245,0.9404,0.7869811884881509,0.08362178106879213,0.08342741341961124,0.08351686892911042,0.9989288929093588,,0.9989257567391195,0.0010742432608804586,0.9693878115143315,0.39220262548235624,5,0.1,0.5,1.0,0.5844720854953348,0.5817635632866701,0.5809974343989218,0.5790853686733026,0.5779901595378343,0.5926701208498145,0.575035335435252,0.5868405686634929,0.5798186868913209,0.5889935079241324,0.5785588710880674
5,1,0.208474138757558,0.93704,5000,1.0761108508816473,0.9556354916067147,834,1.1103058158399197,0.9404,0.7843920736659865,0.08344920015096108,0.08325603122211914,0.08351686892911042,0.9968768260672036,,0.9968726469554742,0.003127353044525827,0.9693878201938251,0.3922026253853766,5,0.1,0.5,0.5844720854953348,1.0,0.5756463805791138,0.5756113490478659,0.5745125788393635,0.5861648279348864,0.5871775202995798,0.5788766686526721,0.5785644337432531,0.5840369556390299,0.5830604861734808,0.5742971054531442
5,2,0.20768328140175363,0.93888,5000,1.0943519782136988,0.9388489208633094,834,1.1103058849660734,0.9404,0.783776456872745,0.0834472554038997,0.08325409995488911,0.08351686892911042,0.9968537017899796,,0.9968525676421867,0.00314743235781334,0.9693878178793927,0.39220262538303896,5,0.1,0.5,0.5817635632866701,0.5756463805791138,1.0,0.5790641914109332,0.5810265146946243,0.5774747409798469,0.5882297544881924,0.5810855931736383,0.5750527772952803,0.576290454486341,0.588417746506439,0.5724089938292051
5,3,0.2187680496502027,0.93576,5000,1.1025369939980683,0.9304556354916067,834,1.1103070921029528,0.9404,0.7826853643980227,0.08324859774832649,0.08305681598393243,0.08351686892911042,0.9944914967230993,,0.9944882285025852,0.005511771497414775,0.9693877341754014,0.3922026244994892,5,0.1,0.5,0.5809974343989218,0.5756113490478659,0.5790641914109332,1.0,0.579384003562051,0.5830945380865526,0.5821342079914479,0.5773930189825229,0.5819638095699267,0.5754648159987575,0.5814307255724219,0.5708511839944685
5,4,0.21267521348336985,0.93608,5000,1.1076531719278406,0.9447779111644657,833,1.1103082657241212,0.9404,0.7790600145968197,0.08312957137802456,0.08293860954124646,0.08351686892911042,0.9930761366383614,,0.9930726369158175,0.006927363084182514,0.9693877157067814,0.3922026232965333,5,0.1,0.5,0.5790853686733026,0.5745125788393635,0.5810265146946243,0.579384003562051,1.0,0.5875954725505672,0.5796033385391237,0.5754879081709033,0.5710665007469126,0.5663242527947487,0.5795733402733803,0.5593702494019556
5,5,0.19856426848193548,0.94064,5000,1.0898882658393294,0.9615846338535414,833,1.11030533728889,0.9404,0.7873402125327826,0.08371186424172034,0.08351686892911042,0.08351686892911042,0.9999999999880264,,0.9999949801716781,5.019828321906061e-06,0.9693878115470451,0.39220262549035173,5,0.1,0.5,0.5779901595378343,0.5861648279348864,0.5774747409798469,0.5830945380865526,0.5875954725505672,1.0,0.5899575235738226,0.5797958497858979,0.5761272924682881,0.5837902475487017,0.5924747604853923,0.5745233663773128
5,6,0.20990926419639852,0.93616,5000,1.1073331678355183,0.9315726290516206,833,1.110305736811397,0.9404,0.7924773698598374,0.08363758260912796,0.08344310495843264,0.08351686892911042,0.9991167775729295,,0.9991165102153506,0.0008834897846493606,0.9693877947831648,0.3922026254847959,5,0.1,0.5,0.5926701208498145,0.5871775202995798,0.5882297544881924,0.5821342079914479,0.5796033385391237,0.5899575235738226,1.0,0.5892129015995238,0.5913227726047067,0.587623834395764,0.5938071937169185,0.577468712360137
5,7,0.20821202136635494,0.93592,5000,1.1301811933517456,0.9423769507803121,833,1.1103056732077188,0.9404,0.7830528724450901,0.08326514140561578,0.08307324549330583,0.08351686892911042,0.9946882175722388,,0.9947091009487475,0.005290899051252462,0.9693877456969215,0.392202624626871,5,0.1,0.5,0.575035335435252,0.5788766686526721,0.5810855931736383,0.5773930189825229,0.5754879081709033,0.5797958497858979,0.5892129015995238,1.0,0.581878285701682,0.5806137648988371,0.5807736089044132,0.5707145297427058
5,8,0.20291828055729627,0.93876,5000,1.1007823723333854,0.943577430972389,833,1.110308102335031,0.9404,0.7836993439337164,0.08320840123832031,0.08301689663367193,0.08351686892911042,0.9940135172349804,,0.9940113448120075,0.00598865518799252,0.9693877024465875,0.3922026241749807,5,0.1,0.5,0.5868405686634929,0.5785644337432531,0.5750527772952803,0.5819638095699267,0.5710665007469126,0.5761272924682881,0.5913227726047067,0.581878285701682,1.0,0.575892149412397,0.5799722218719052,0.5789077460004537
5,9,0.21219366349422247,0.93488,5000,1.1184723068166662,0.9195678271308524,833,1.1103052704478986,0.9404,0.7831394717620558,0.08303091305918507,0.082840629073113,0.08351686892911042,0.9919029548681557,,0.9918979970884996,0.008102002911500428,0.9693876991421575,0.3922026218524784,5,0.1,0.5,0.5798186868913209,0.5840369556390299,0.576290454486341,0.5754648159987575,0.5663242527947487,0.5837902475487017,0.587623834395764,0.5806137648988371,0.575892149412397,1.0,0.5937848088355706,0.5697387571289432
5,10,0.19793578791639702,0.93916,5000,1.0954153074158564,0.943577430972389,833,1.1103087509402072,0.9404,0.7905072734334228,0.08368597183952255,0.08349115707256809,0.08351686892911042,0.9996921357580604,,0.9996887706440439,0.0003112293559560664,0.9693878189070226,0.3922026254899071,5,0.1,0.5,0.5889935079241324,0.5830604861734808,0.588417746506439,0.5814307255724219,0.5795733402733803,0.5924747604853923,0.5938071937169185,0.5807736089044132,0.5799722218719052,0.5937848088355706,1.0,0.5775309417478768
5,11,0.22918418025194554,0.93264,5000,1.132895670555256,0.9255702280912365,833,1.11030291044674,0.9404,0.7756289191115197,0.08256371985650403,0.08237662409197725,0.08351686892911042,0.9863471313910562,,0.9863460669645098,0.013653933035490229,0.9693875235278007,0.39220260638163756,5,0.1,0.5,0.5785588710880674,0.5742971054531442,0.5724089938292051,0.5708511839944685,0.5593702494019556,0.5745233663773128,0.577468712360137,0.5707145297427058,0.5789077460004537,0.5697387571289432,0.5775309417478768,1.0
6,0,0.19733342991572372,0.94308,5000,0.8670141520323577,0.9520383693045563,834,0.8784050846252197,0.9463,0.7764909590737422,0.08374583429952226,0.08355060194775374,0.08356402007022441,0.9998394270230269,,0.9998393654937001,0.00016063450629988374,0.9674540773399845,0.38516822114522925,5,0.1,0.5,1.0,0.5635234733241297,0.56638663375792,0.5556564757142771,0.5589333850229892,0.5619925895758651,0.5661316892911268,0.5597168520568783,0.5641740693313009,0.56437300051434,0.56382117402293,0.5515547061845532
6,1,0.19325467695476142,0.9428,5000,0.8390014855949967,0.960431654676259,834,0.8784030952011815,0.9463,0.7732076485485685,0.08351348821653551,0.08331987332888231,0.08356402007022441,0.9970783269864948,,0.9971186185432458,0.002881381456754206,0.9674540581422786,0.38516822091462477,5,0.1,0.5,0.5635234733241297,1.0,0.5612287068470354,0.5613865319730144,0.5515457076049833,0.5661405878203497,0.5624842843895697,0.5627082612168127,0.5529234865707344,0.5561568308965075,0.5573574962320992,0.551331899913927
6,2,0.1939505872524278,0.94152,5000,0.8641788959503174,0.9460431654676259,834,0.8784033850359079,0.9463,0.7716968492005785,0.08345868869271579,0.0832654539859694,0.08356402007022441,0.9964270976312469,,0.9964258822348275,0.0035741177651724687,0.9674540263110001,0.3851682207702502,5,0.1,0.5,0.56638663375792,0.5612287068470354,1.0,0.5539840816117875,0.5626656365306614,0.5551889518798259,0.5682390813135626,0.5600200841877514,0.5420474439420908,0.5524008976489945,0.5617725063944143,0.5488624590409302
6,3,0.20221985781233118,0.93848,5000,0.872017674975925,0.9376498800959233,834,0.878404648540119,0.9463,0.7689621127466975,0.08322822323343307,0.08303658198706114,0.08356402007022441,0.9936882155296775,,0.9936850559710858,0.006314944028914193,0.9674539695196633,0.38516821921583805,5,0.1,0.5,0.5556564757142771,0.5613865319730144,0.5539840816117875,1.0,0.5547007275840166,0.5673368948937779,0.5549385841961204,0.5558690373804609,0.5544843061848285,0.547482410784132,0.5571708307445182,0.5455670968718744
6,4,0.19732482158549272,0.94,5000,0.8717680617615029,0.9519807923169268,833,0.8784056709597285,0.9463,0.7670562204741149,0.08308067276570863,0.08289004709642799,0.08356402007022441,0.9919346511306901,,0.9919331358867527,0.008066864113247307,0.9674538965664586,0.38516821699738574,5,0.1,0.5,0.5589333850229892,0.5515457076049833,0.5626656365306614,0.5547007275840166,1.0,0.5658277499359885,0.5555310322097538,0.5499207675149502,0.5463869496293585,0.5478117919109186,0.5575558365981517,0.5406475961399562
6,5,0.18156164292910487,0.94516,5000,0.8550555529417815,0.963985594237695,833,0.8784024860150517,0.9463,0.7751610228006385,0.08375934676364245,0.08356402007022441,0.08356402007022441,0.999999999988033,,0.9999949801716781,5.019828321906061e-06,0.9674540818654324,0.38516822114530963,5,0.1,0.5,0.5619925895758651,0.5661405878203497,0.5551889518798259,0.5673368948937779,0.5658277499359885,1.0,0.5653415254935007,0.5593225760235842,0.5577525912587875,0.5508109539872221,0.562927617618204,0.5508357999017225
