round,client_id,client_i_training_loss,client_i_training_accuracy,client_i_training_dataset_size,client_i_evaluation_loss,client_i_evaluation_accuracy,client_i_evaluation_dataset_size,client_i_central_evaluation_loss,client_i_central_evaluation_accuracy,client_i_cosine_similarity,client_i_importance_coefficient,client_i_tanh_val,tanh_normalization_value,client_i_q,client_i_mask_order,client_i_v_nonzero_fraction,client_i_v_sparsity,client_i_v_cosine_similarity,client_i_reward_gradient_norm,local_epochs,learning_rate,gamma,client_0_cosine_similarity,client_1_cosine_similarity,client_2_cosine_similarity,client_3_cosine_similarity,client_4_cosine_similarity,client_5_cosine_similarity,client_6_cosine_similarity,client_7_cosine_similarity,client_8_cosine_similarity,client_9_cosine_similarity,client_10_cosine_similarity,client_11_cosine_similarity
0,0,0.33446257386926065,0.89604,5000,2.186700838583487,0.39448441247002397,834,2.191597550060041,0.3663,0.7946139499947229,0.08388744592972999,,,,,,,0,0,5,0.1,0.5,1.0,0.594613378442899,0.5889155272498137,0.58003130554346,0.610328182221319,0.598829406635192,0.5977523685707699,0.5868531899147496,0.604528307330548,0.5942275812917888,0.5907710221904545,0.5800367694663597
0,1,0.3406732945044519,0.8938,5000,2.183477622491342,0.38968824940047964,834,2.191597550060041,0.3663,0.7909919101881009,0.08350506695383189,,,,,,,0,0,5,0.1,0.5,0.594613378442899,1.0,0.5948265380061156,0.5810183827430102,0.5987588580624765,0.5958230754942467,0.5849929738092975,0.5805980815138003,0.5872573268211211,0.5975017410320472,0.5891258938810935,0.5880614449705114
0,2,0.3496837649909649,0.88972,5000,2.1910510239777743,0.36810551558752996,834,2.191597550060041,0.3663,0.7878076847408734,0.08316890806808096,,,,,,,0,0,5,0.1,0.5,0.5889155272498137,0.5948265380061156,1.0,0.5736244009095653,0.5925521590541708,0.596530078237766,0.587567723611521,0.5855329423278635,0.5943243458298744,0.5849128309209213,0.588007529365543,0.575621422948495
0,3,0.34734621287981987,0.89256,5000,2.188369044551143,0.36211031175059955,834,2.191597550060041,0.3663,0.7821621282137304,0.08257290630154127,,,,,,,0,0,5,0.1,0.5,0.58003130554346,0.5810183827430102,0.5736244009095653,1.0,0.5839525637915023,0.5866121594701162,0.5924485876241429,0.5741877112840528,0.5821180080055748,0.5898380538556165,0.6030693108073776,0.5620381403255764
0,4,0.3306561704665707,0.89456,5000,2.194370534684923,0.38895558223289317,833,2.191597550060041,0.3663,0.7934787482417288,0.08376760260747992,,,,,,,0,0,5,0.1,0.5,0.610328182221319,0.5987588580624765,0.5925521590541708,0.5839525637915023,1.0,0.5954712157466572,0.5962415364132173,0.5775719956419804,0.5861336316430666,0.6123971601691598,0.5847260778201842,0.5780005968900035
0,5,0.3324405327581676,0.89752,5000,2.190579882374516,0.3589435774309724,833,2.191597550060041,0.3663,0.7994770745569001,0.08440084630328484,,,,,,,0,0,5,0.1,0.5,0.598829406635192,0.5958230754942467,0.596530078237766,0.5866121594701162,0.5954712157466572,1.0,0.5985075041123772,0.60463399381692,0.59848605568307,0.5953777170053427,0.6029620657863077,0.5997191403761808
0,6,0.3305474423364422,0.89748,5000,2.1948976163510925,0.3673469387755102,833,2.191597550060041,0.3663,0.7908152185602159,0.08348641360728476,,,,,,,0,0,5,0.1,0.5,0.5977523685707699,0.5849929738092975,0.587567723611521,0.5924485876241429,0.5962415364132173,0.5985075041123772,1.0,0.574888437730838,0.5977697934248143,0.5910514257905843,0.5843894729551028,0.5852941778108335
0,7,0.33572208973917234,0.89468,5000,2.193826366353918,0.3793517406962785,833,2.191597550060041,0.3663,0.7805550305607405,0.08240324489870549,,,,,,,0,0,5,0.1,0.5,0.5868531899147496,0.5805980815138003,0.5855329423278635,0.5741877112840528,0.5775719956419804,0.60463399381692,0.574888437730838,1.0,0.5822139969497301,0.5822674213748603,0.574607703126234,0.5703601062880684
0,8,0.3478874980480926,0.89088,5000,2.1946628358629017,0.3553421368547419,833,2.191597550060041,0.3663,0.790656891058255,0.08346969896269536,,,,,,,0,0,5,0.1,0.5,0.604528307330548,0.5872573268211211,0.5943243458298744,0.5821180080055748,0.5861336316430666,0.59848605568307,0.5977697934248143,0.5822139969497301,1.0,0.5891436044975454,0.5890117316118021,0.578417463437972
0,9,0.33681740889646067,0.89256,5000,2.198629511727227,0.3385354141656663,833,2.191597550060041,0.3663,0.7917774378988549,0.08358799516489918,,,,,,,0,0,5,0.1,0.5,0.5942275812917888,0.5975017410320472,0.5849128309209213,0.5898380538556165,0.6123971601691598,0.5953777170053427,0.5910514257905843,0.5822674213748603,0.5891436044975454,1.0,0.5831171297114389,0.5801838461529807
0,10,0.3360301235810836,0.8956,5000,2.1918652057647705,0.3397358943577431,833,2.191597550060041,0.3663,0.7898821823752459,0.08338791291708458,,,,,,,0,0,5,0.1,0.5,0.5907710221904545,0.5891258938810935,0.588007529365543,0.6030693108073776,0.5847260778201842,0.6029620657863077,0.5843894729551028,0.574607703126234,0.5890117316118021,0.5831171297114389,1.0,0.5922779872933827
0,11,0.346190124048976,0.8918,5000,2.190776727817677,0.35294117647058826,833,2.191597550060041,0.3663,0.7801639479794144,0.08236195828538177,,,,,,,0,0,5,0.1,0.5,0.5800367694663597,0.5880614449705114,0.575621422948495,0.5620381403255764,0.5780005968900035,0.5997191403761808,0.5852941778108335,0.5703601062880684,0.578417463437972,0.5801838461529807,0.5922779872933827,1.0
1,0,0.2923594754242641,0.91188,5000,2.024506679287663,0.7242206235011991,834,2.0262297342379636,0.7133,0.8119922678215473,0.0837064535900384,,,,,,,0,0,5,0.1,0.5,1.0,0.623323403245624,0.6301625656900249,0.6238189319243007,0.634517208243283,0.631870772130267,0.6366028607709332,0.6275816435841742,0.6273534423225875,0.6129917278630537,0.6373419823294492,0.6219814740344931
1,1,0.30340132371991113,0.90656,5000,2.0130452888983266,0.750599520383693,834,2.0262297342379636,0.7133,0.8052430430679693,0.0832188521116694,,,,,,,0,0,5,0.1,0.5,0.623323403245624,1.0,0.6276996284591436,0.6200016259507135,0.627462483571399,0.6148923576271155,0.6347110764890082,0.6193436670731873,0.6145170778837484,0.6108546627516097,0.6294596628064217,0.6214120651588455
1,2,0.3071745381785103,0.90296,5000,2.028923405541314,0.7158273381294964,834,2.0262297342379636,0.7133,0.8135628711667575,0.08328610001069787,,,,,,,0,0,5,0.1,0.5,0.6301625656900249,0.6276996284591436,1.0,0.6229344716302148,0.6337999441671832,0.6317933557618939,0.6371304881246553,0.6295010770350282,0.6333957150641418,0.6208198065548617,0.6330819678393992,0.6257370637232051
1,3,0.3018977337315157,0.90808,5000,2.0185550407127097,0.7338129496402878,834,2.0262297342379636,0.7133,0.8085930815318327,0.08271919183482906,,,,,,,0,0,5,0.1,0.5,0.6238189319243007,0.6200016259507135,0.6229344716302148,1.0,0.6323413808514051,0.6299125481771416,0.6350038508830603,0.6144971067272451,0.61968284799253,0.6194382654902,0.6333934453121604,0.6293085124903277
1,4,0.2950161994464553,0.9072,5000,2.026657391477514,0.7034813925570228,833,2.0262297342379636,0.7133,0.8160837447004109,0.08376958356613436,,,,,,,0,0,5,0.1,0.5,0.634517208243283,0.627462483571399,0.6337999441671832,0.6323413808514051,1.0,0.6233507068980763,0.6458781889772213,0.629987033801906,0.6340257481835095,0.6318406754561442,0.6296559809764283,0.6252400302894819
1,5,0.28981394221543505,0.9104,5000,2.026792773494014,0.6938775510204082,833,2.0262297342379636,0.7133,0.8139801183312798,0.08411500688910037,,,,,,,0,0,5,0.1,0.5,0.631870772130267,0.6148923576271155,0.6317933557618939,0.6299125481771416,0.6233507068980763,1.0,0.6463446072701253,0.621345602871586,0.6337323921361381,0.6242276475918236,0.6366405498765934,0.6306359627774841
1,6,0.2991580712009862,0.90916,5000,2.0308736032909818,0.7166866746698679,833,2.0262297342379636,0.7133,0.8228926579899081,0.08382060106412183,,,,,,,0,0,5,0.1,0.5,0.6366028607709332,0.6347110764890082,0.6371304881246553,0.6350038508830603,0.6458781889772213,0.6463446072701253,1.0,0.6291376221128745,0.6349511888273413,0.6314551465970675,0.6440294360976955,0.6402432867353831
1,7,0.301781118570999,0.90436,5000,2.028059244155884,0.7130852340936374,833,2.0262297342379636,0.7133,0.8066024341166934,0.08253777458546267,,,,,,,0,0,5,0.1,0.5,0.6275816435841742,0.6193436670731873,0.6295010770350282,0.6144971067272451,0.629987033801906,0.621345602871586,0.6291376221128745,1.0,0.6177541025411447,0.6116344646589985,0.6370291216568518,0.6239989636903187
1,8,0.3049003535371487,0.9076,5000,2.032277954949273,0.6926770708283313,833,2.0262297342379636,0.7133,0.8098910355454702,0.08335718841530243,,,,,,,0,0,5,0.1,0.5,0.6273534423225875,0.6145170778837484,0.6333957150641418,0.61968284799253,0.6340257481835095,0.6337323921361381,0.6349511888273413,0.6177541025411447,1.0,0.6247192243969479,0.6258109338767581,0.6228424422744986
1,9,0.30421390656358116,0.90744,5000,2.035729024145338,0.6938775510204082,833,2.0262297342379636,0.7133,0.8045216547277941,0.08324857380328707,,,,,,,0,0,5,0.1,0.5,0.6129917278630537,0.6108546627516097,0.6208198065548617,0.6194382654902,0.6318406754561442,0.6242276475918236,0.6314551465970675,0.6116344646589985,0.6247192243969479,1.0,0.6229285370223463,0.6252121355912796
1,10,0.29285185859437773,0.9112,5000,2.027141950748585,0.7118847539015606,833,2.0262297342379636,0.7133,0.8175499881762642,0.0835695992437517,,,,,,,0,0,5,0.1,0.5,0.6373419823294492,0.6294596628064217,0.6330819678393992,0.6333934453121604,0.6296559809764283,0.6366405498765934,0.6440294360976955,0.6370291216568518,0.6258109338767581,0.6229285370223463,1.0,0.634747373881531
1,11,0.30573723566463323,0.90168,5000,2.02517244109401,0.709483793517407,833,2.0262297342379636,0.7133,0.8106433067142986,0.08265107488560487,,,,,,,0,0,5,0.1,0.5,0.6219814740344931,0.6214120651588455,0.6257370637232051,0.6293085124903277,0.6252400302894819,0.6306359627774841,0.6402432867353831,0.6239989636903187,0.6228424422744986,0.6252121355912796,0.634747373881531,1.0
2,0,0.26394942151204603,0.92136,5000,1.8211829441565055,0.8621103117505995,834,1.8198583674507018,0.8694,0.8140612164807267,0.0836079742742668,,,,,,,0,0,5,0.1,0.5,1.0,0.6296653341740172,0.632570860789985,0.635675541607015,0.6334662534601647,0.6297356242810445,0.6364333535692771,0.6292797430979136,0.6339879722019375,0.6214399080037311,0.6364887362343448,0.6240599555624199
2,1,0.27333561411590146,0.91844,5000,1.8009927405251398,0.89568345323741,834,1.8198583674507018,0.8694,0.8141856256276954,0.08329016033950577,,,,,,,0,0,5,0.1,0.5,0.6296653341740172,1.0,0.6304270244497332,0.6328616056505916,0.6329819874627493,0.6350662726051954,0.6363900605629221,0.6233669675783475,0.6327040001334693,0.6295164130091027,0.632930329357911,0.6302178094353125
2,2,0.2764383389644182,0.91636,5000,1.8261142836676703,0.8609112709832134,834,1.8198583674507018,0.8694,0.8097189493290028,0.08317927458448496,,,,,,,0,0,5,0.1,0.5,0.632570860789985,0.6304270244497332,1.0,0.6307200520062647,0.6241777251581256,0.6251339213466811,0.639167619541243,0.6133906755423282,0.6281323465205385,0.6336666390886401,0.6221578376130785,0.6226670873157356
2,3,0.2780069646312837,0.91576,5000,1.8079986837175157,0.882494004796163,834,1.8198583674507018,0.8694,0.8160976196723326,0.0830265369664455,,,,,,,0,0,5,0.1,0.5,0.635675541607015,0.6328616056505916,0.6307200520062647,1.0,0.6373321486781675,0.6391726432695929,0.6378570773380873,0.6257945660008187,0.6291225388973747,0.6354592923011696,0.6329647552268318,0.6299597886446373
2,4,0.2615433048700119,0.91916,5000,1.8160205637967144,0.8595438175270108,833,1.8198583674507018,0.8694,0.8164910788602602,0.08373417229060195,,,,,,,0,0,5,0.1,0.5,0.6334662534601647,0.6329819874627493,0.6241777251581256,0.6373321486781675,1.0,0.636466897326741,0.6408026708411674,0.6245543566231854,0.6340999315721988,0.6372543363346175,0.6327662300045023,0.6323088527489372
2,5,0.2660098553202145,0.91972,5000,1.822928168155529,0.8751500600240096,833,1.8198583674507018,0.8694,0.8146265357702727,0.08389754709285122,,,,,,,0,0,5,0.1,0.5,0.6297356242810445,0.6350662726051954,0.6251339213466811,0.6391726432695929,0.636466897326741,1.0,0.6349756236046927,0.6214067246145609,0.6368069133504034,0.6284031920597479,0.627284302050561,0.6320977572365079
2,6,0.2609737841014982,0.92228,5000,1.8253349948812414,0.8763505402160864,833,1.8198583674507018,0.8694,0.8179586660539777,0.0838189081132863,,,,,,,0,0,5,0.1,0.5,0.6364333535692771,0.6363900605629221,0.639167619541243,0.6378570773380873,0.6408026708411674,0.6349756236046927,1.0,0.6269940815317497,0.6363868258269079,0.6329339370450373,0.6287015506668513,0.6296972209168062
2,7,0.2672853231892749,0.91752,5000,1.82165292457298,0.8595438175270108,833,1.8198583674507018,0.8694,0.8059744467182698,0.08255468158809418,,,,,,,0,0,5,0.1,0.5,0.6292797430979136,0.6233669675783475,0.6133906755423282,0.6257945660008187,0.6245543566231854,0.6214067246145609,0.6269940815317497,1.0,0.6316441504754847,0.6209941507499067,0.6276617706209957,0.6241083045155466
2,8,0.27549006395208037,0.91688,5000,1.8296261231104534,0.8571428571428571,833,1.8198583674507018,0.8694,0.8148865933959745,0.08340592773844305,,,,,,,0,0,5,0.1,0.5,0.6339879722019375,0.6327040001334693,0.6281323465205385,0.6291225388973747,0.6340999315721988,0.6368069133504034,0.6363868258269079,0.6316441504754847,1.0,0.6338217583170342,0.6275015493127402,0.628162547658274
2,9,0.27252339538732534,0.91752,5000,1.8316380668569494,0.8607442977190877,833,1.8198583674507018,0.8694,0.8131117828734207,0.08327245700599824,,,,,,,0,0,5,0.1,0.5,0.6214399080037311,0.6295164130091027,0.6336666390886401,0.6354592923011696,0.6372543363346175,0.6284031920597479,0.6329339370450373,0.6209941507499067,0.6338217583170342,1.0,0.6323504097370699,0.6297689812627663
2,10,0.2689124797221724,0.9188,5000,1.8211242843557287,0.8715486194477791,833,1.8198583674507018,0.8694,0.8120761086765514,0.08344853422509638,,,,,,,0,0,5,0.1,0.5,0.6364887362343448,0.632930329357911,0.6221578376130785,0.6329647552268318,0.6327662300045023,0.627284302050561,0.6287015506668513,0.6276617706209957,0.6275015493127402,0.6323504097370699,1.0,0.623261239640297
2,11,0.273800670866896,0.91616,5000,1.8198302542721783,0.8715486194477791,833,1.8198583674507018,0.8694,0.8098365241166742,0.08276382578092553,,,,,,,0,0,5,0.1,0.5,0.6240599555624199,0.6302178094353125,0.6226670873157356,0.6299597886446373,0.6323088527489372,0.6320977572365079,0.6296972209168062,0.6241083045155466,0.628162547658274,0.6297689812627663,0.623261239640297,1.0
3,0,0.23999282578836864,0.92688,5000,1.5878467913027163,0.907673860911271,834,1.5828218909498222,0.9143,0.8104341426893514,0.08360976569814096,,,,,,,0,0,5,0.1,0.5,1.0,0.6209116816254248,0.6237362083652227,0.6163486565768731,0.6257831318889912,0.6292797340512298,0.6295562107251734,0.6166170690908375,0.6286013149974261,0.6191341077192233,0.6274947990736847,0.6164757655515757
3,1,0.24598709759628698,0.92484,5000,1.5568353379214253,0.9328537170263789,834,1.5828218909498222,0.9143,0.8085987889975598,0.08333534633474374,,,,,,,0,0,5,0.1,0.5,0.6209116816254248,1.0,0.6230033339964083,0.619955156753925,0.6284493476791304,0.6243052952047474,0.633551143521168,0.610675729420437,0.6175566360769364,0.6220420558661703,0.6192013346998697,0.6179300361660421
3,2,0.24787585466127296,0.92604,5000,1.5919285836043182,0.9088729016786571,834,1.5828218909498222,0.9143,0.8057191103024762,0.08316155589617297,,,,,,,0,0,5,0.1,0.5,0.6237362083652227,0.6230033339964083,1.0,0.6171870568167984,0.6217588124826793,0.6191593581178542,0.6236412048797706,0.6078714918610418,0.6224235771215402,0.6243486553473075,0.6190838970895375,0.6079660858432792
3,3,0.25034478353751694,0.92444,5000,1.5666346947352092,0.9124700239808153,834,1.5828218909498222,0.9143,0.8048928045593458,0.08303161597687199,,,,,,,0,0,5,0.1,0.5,0.6163486565768731,0.619955156753925,0.6171870568167984,1.0,0.623889268549484,0.6226467669579604,0.6217732742622255,0.6086346695175758,0.6139806616514306,0.6240705063015956,0.6164208678479454,0.6180518554086792
3,4,0.24244844941807922,0.9244,5000,1.575063122643365,0.9111644657863145,833,1.5828218909498222,0.9143,0.8119823585449422,0.0837472914517316,,,,,,,0,0,5,0.1,0.5,0.6257831318889912,0.6284493476791304,0.6217588124826793,0.623889268549484,1.0,0.6249406387266557,0.6269623104639206,0.6199659793067828,0.6262233875510695,0.6214806896895803,0.625745987138152,0.6233359295162411
3,5,0.23959934721184764,0.92932,5000,1.5893648597929213,0.921968787515006,833,1.5828218909498222,0.9143,0.8104311140510462,0.08380141251782364,,,,,,,0,0,5,0.1,0.5,0.6292797340512298,0.6243052952047474,0.6191593581178542,0.6226467669579604,0.6249406387266557,1.0,0.6314369666151628,0.6132291515421214,0.6301689850474034,0.6221973964281234,0.6190468261421166,0.6161985711931881
3,6,0.240924151720491,0.92852,5000,1.5889709834699277,0.929171668667467,833,1.5828218909498222,0.9143,0.8136451532781108,0.08386135465212469,,,,,,,0,0,5,0.1,0.5,0.6295562107251734,0.633551143521168,0.6236412048797706,0.6217732742622255,0.6269623104639206,0.6314369666151628,1.0,0.6215939335398658,0.629872884356511,0.623211229553993,0.6194991227090276,0.6231376030576574
3,7,0.24731349548455447,0.92488,5000,1.5839222183933965,0.9111644657863145,833,1.5828218909498222,0.9143,0.7993415565977894,0.08252568499127208,,,,,,,0,0,5,0.1,0.5,0.6166170690908375,0.610675729420437,0.6078714918610418,0.6086346695175758,0.6199659793067828,0.6132291515421214,0.6215939335398658,1.0,0.6084176704254867,0.6117899030181204,0.6239130645054519,0.6086406226163047
3,8,0.24870145672659397,0.92536,5000,1.5962889415246468,0.9003601440576231,833,1.5828218909498222,0.9143,0.8077900786137593,0.08338382112700257,,,,,,,0,0,5,0.1,0.5,0.6286013149974261,0.6175566360769364,0.6224235771215402,0.6139806616514306,0.6262233875510695,0.6301689850474034,0.629872884356511,0.6084176704254867,1.0,0.6169608165057594,0.61619377474917,0.618740958959626
3,9,0.2445651674002504,0.92508,5000,1.596909280176516,0.9051620648259304,833,1.5828218909498222,0.9143,0.8078433406325971,0.08329729436873497,,,,,,,0,0,5,0.1,0.5,0.6191341077192233,0.6220420558661703,0.6243486553473075,0.6240705063015956,0.6214806896895803,0.6221973964281234,0.623211229553993,0.6117899030181204,0.6169608165057594,1.0,0.6250703807355671,0.6201836042167894
3,10,0.24656919889674064,0.9284,5000,1.5839888872923675,0.9147659063625451,833,1.5828218909498222,0.9143,0.808254764215407,0.08342823002251375,,,,,,,0,0,5,0.1,0.5,0.6274947990736847,0.6192013346998697,0.6190838970895375,0.6164208678479454,0.625745987138152,0.6190468261421166,0.6194991227090276,0.6239130645054519,0.61619377474917,0.6250703807355671,1.0,0.6220974966656871
3,11,0.2569010877341127,0.92104,5000,1.5829150411817763,0.9159663865546218,833,1.5828218909498222,0.9143,0.8037157127825915,0.08281662696286701,,,,,,,0,0,5,0.1,0.5,0.6164757655515757,0.6179300361660421,0.6079660858432792,0.6180518554086792,0.6233359295162411,0.6161985711931881,0.6231376030576574,0.6086406226163047,0.618740958959626,0.6201836042167894,0.6220974966656871,1.0
4,0,0.2171957393621753,0.9364,5000,1.3423077088815194,0.9244604316546763,834,1.333284563149888,0.9332,0.8019184730549362,0.08369466179188084,,,,,,,0,0,5,0.1,0.5,1.0,0.6047351671683399,0.6054937999179881,0.6010619203861977,0.6062933423879423,0.6090479050610075,0.6084515111732313,0.6121115407914753,0.6027276538776981,0.5986060943741179,0.6130426463154345,0.6053269670534788
4,1,0.23041216734986586,0.93056,5000,1.3008321302908439,0.947242206235012,834,1.333284563149888,0.9332,0.796212078607944,0.08331232567133655,,,,,,,0,0,5,0.1,0.5,0.6047351671683399,1.0,0.5995062288765464,0.5995488046830874,0.6045077751271559,0.6037399974443015,0.6024050014278803,0.5918720540720174,0.5935030795597863,0.6029377250280841,0.6015766917986829,0.6092087990952086
4,2,0.23251854377697892,0.93052,5000,1.3447200766316167,0.9304556354916067,834,1.333284563149888,0.9332,0.7926269442182687,0.08307119747716511,,,,,,,0,0,5,0.1,0.5,0.6054937999179881,0.5995062288765464,1.0,0.5955549849873039,0.589199238100606,0.6022764136334285,0.6039208795892879,0.5910373386586014,0.597950353626934,0.5967304532035717,0.6014785880356963,0.5969141183333744
4,3,0.22797169326656277,0.93192,5000,1.313363512357076,0.934052757793765,834,1.333284563149888,0.9332,0.7937277020242768,0.08302329848972388,,,,,,,0,0,5,0.1,0.5,0.6010619203861977,0.5995488046830874,0.5955549849873039,1.0,0.5997175820573815,0.6045501153385486,0.6048811795050697,0.5960324717546593,0.5910411102340477,0.599371126232855,0.6005253689949356,0.5989451975412059
4,4,0.21870762047351924,0.9352,5000,1.3226472051055342,0.9327731092436975,833,1.333284563149888,0.9332,0.7964206284829175,0.08359365924905653,,,,,,,0,0,5,0.1,0.5,0.6062933423879423,0.6045077751271559,0.589199238100606,0.5997175820573815,1.0,0.6022704277199384,0.6026285038371482,0.6019629129029913,0.6006791087647287,0.5996566426511695,0.602502015081984,0.6042039381987592
4,5,0.22109872399930172,0.93384,5000,1.3433508608076308,0.9339735894357744,833,1.333284563149888,0.9332,0.801918956426568,0.08382216500973227,,,,,,,0,0,5,0.1,0.5,0.6090479050610075,0.6037399974443015,0.6022764136334285,0.6045501153385486,0.6022704277199384,1.0,0.6157290987783701,0.6003026205991223,0.6123693424694058,0.6043972479306022,0.6027808180492352,0.6084331543863257
4,6,0.22421946620604224,0.9342,5000,1.3393377198113336,0.943577430972389,833,1.333284563149888,0.9332,0.8013959029925922,0.08384372662007697,,,,,,,0,0,5,0.1,0.5,0.6084515111732313,0.6024050014278803,0.6039208795892879,0.6048811795050697,0.6026285038371482,0.6157290987783701,1.0,0.5971902869468674,0.6029848249261022,0.6064333197383719,0.6087477371642679,0.6072136547587564
4,7,0.22021497262012996,0.933,5000,1.3324390826401886,0.9315726290516206,833,1.333284563149888,0.9332,0.792069395814461,0.08262868626534298,,,,,,,0,0,5,0.1,0.5,0.6121115407914753,0.5918720540720174,0.5910373386586014,0.5960324717546593,0.6019629129029913,0.6003026205991223,0.5971902869468674,1.0,0.5938397923067416,0.5900887898141751,0.6032302436038579,0.6001715567112886
4,8,0.22685995131470027,0.93248,5000,1.3483911576094452,0.9267707082833133,833,1.333284563149888,0.9332,0.7931505078419704,0.08323738223569069,,,,,,,0,0,5,0.1,0.5,0.6027276538776981,0.5935030795597863,0.597950353626934,0.5910411102340477,0.6006791087647287,0.6123693424694058,0.6029848249261022,0.5938397923067416,1.0,0.5982998290486707,0.5977333706022323,0.5927596198668486
4,9,0.2338970280869324,0.9314,5000,1.3497785064909193,0.9327731092436975,833,1.333284563149888,0.9332,0.7952901639148595,0.08325473550654382,,,,,,,0,0,5,0.1,0.5,0.5986060943741179,0.6029377250280841,0.5967304532035717,0.599371126232855,0.5996566426511695,0.6043972479306022,0.6064333197383719,0.5900887898141751,0.5982998290486707,1.0,0.6026508050166394,0.605700621481477
4,10,0.21905346520624722,0.9358,5000,1.3333824740515814,0.9327731092436975,833,1.333284563149888,0.9332,0.7991669807248384,0.08347756824680291,,,,,,,0,0,5,0.1,0.5,0.6130426463154345,0.6015766917986829,0.6014785880356963,0.6005253689949356,0.602502015081984,0.6027808180492352,0.6087477371642679,0.6032302436038579,0.5977333706022323,0.6026508050166394,1.0,0.6071344786843591
4,11,0.22885688925695838,0.9292,5000,1.3332656180417095,0.9279711884753902,833,1.333284563149888,0.9332,0.7983064750961932,0.08304059343664758,,,,,,,0,0,5,0.1,0.5,0.6053269670534788,0.6092087990952086,0.5969141183333744,0.5989451975412059,0.6042039381987592,0.6084331543863257,0.6072136547587564,0.6001715567112886,0.5927596198668486,0.605700621481477,0.6071344786843591,1.0
5,0,0.2041368454077821,0.94088,5000,1.095421643168838,0.9364508393285371,834,1.0827842787050972,0.9425,0.7866883327629223,0.08364177027750717,,,,,,,0,0,5,0.1,0.5,1.0,0.584788109844868,0.5778341042118907,0.5797681741310446,0.5893697421190031,0.5754890915078533,0.5962560672914795,0.5782123287981455,0.586224760622282,0.5776112567236344,0.5847159539757116,0.5764751489465453
5,1,0.20911349497949053,0.9364,5000,1.0458743417704548,0.9556354916067147,834,1.0827842787050972,0.9425,0.7833016584927933,0.0832669633996289,,,,,,,0,0,5,0.1,0.5,0.584788109844868,1.0,0.579377978102957,0.5788161632779792,0.591189060295056,0.579393322017204,0.5858006014589573,0.5683269806680048,0.5751142087388814,0.5820685911569492,0.5721416685264299,0.5797164908735725
5,2,0.21644383712914908,0.93648,5000,1.095601130414892,0.9400479616306955,834,1.0827842787050972,0.9425,0.7817893860581275,0.08305252806676584,,,,,,,0,0,5,0.1,0.5,0.5778341042118907,0.579377978102957,1.0,0.5805260664122416,0.5789178031999824,0.5771608390768019,0.5832904618491794,0.5805981278905552,0.577335841007852,0.5793149280358014,0.5769824632339823,0.5725431661245902
5,3,0.2099338620153677,0.93728,5000,1.0599996293032612,0.9448441247002398,834,1.0827842787050972,0.9425,0.7834806043060819,0.0830800160057249,,,,,,,0,0,5,0.1,0.5,0.5797681741310446,0.5788161632779792,0.5805260664122416,1.0,0.5867926617746911,0.5795806264920125,0.5827668644041069,0.5753842027321991,0.5762693845017947,0.5824221634840746,0.5805812060212634,0.5770657302390214
5,4,0.199213549711261,0.9386,5000,1.0709290018788091,0.9459783913565426,833,1.0827842787050972,0.9425,0.7927289825552519,0.08378680790763869,,,,,,,0,0,5,0.1,0.5,0.5893697421190031,0.591189060295056,0.5789178031999824,0.5867926617746911,1.0,0.582842118238106,0.5874917077112486,0.583895789484486,0.5903513730614282,0.590763802491695,0.5871342777332493,0.5955521728545775
5,5,0.20416766820730534,0.93868,5000,1.0950737750088726,0.9459783913565426,833,1.0827842787050972,0.9425,0.7843640201941225,0.08364522760832509,,,,,,,0,0,5,0.1,0.5,0.5754890915078533,0.579393322017204,0.5771608390768019,0.5795806264920125,0.582842118238106,1.0,0.5891296114776671,0.5755736906141844,0.5849725994480357,0.5764888696372552,0.5784162182302189,0.5852355178390396
5,6,0.20152749847383447,0.94156,5000,1.087587625892074,0.9471788715486195,833,1.0827842787050972,0.9425,0.7900137393177337,0.08385845528926512,,,,,,,0,0,5,0.1,0.5,0.5962560672914795,0.5858006014589573,0.5832904618491794,0.5827668644041069,0.5874917077112486,0.5891296114776671,1.0,0.5757172479669266,0.5830992986864827,0.587180955674673,0.5839470244289792,0.5826216786044476
5,7,0.20760606531673675,0.93724,5000,1.0800361258012277,0.936374549819928,833,1.0827842787050972,0.9425,0.7794946050905665,0.08267591126546739,,,,,,,0,0,5,0.1,0.5,0.5782123287981455,0.5683269806680048,0.5805981278905552,0.5753842027321991,0.583895789484486,0.5755736906141844,0.5757172479669266,1.0,0.5738584872574795,0.5686469777830222,0.5817229227131729,0.5825903804795691
5,8,0.21255112632302342,0.93604,5000,1.098792815649951,0.9411764705882353,833,1.0827842787050972,0.9425,0.783862941884253,0.08323660735103519,,,,,,,0,0,5,0.1,0.5,0.586224760622282,0.5751142087388814,0.577335841007852,0.5762693845017947,0.5903513730614282,0.5849725994480357,0.5830992986864827,0.5738584872574795,1.0,0.5802141196201156,0.5784310061988611,0.5765173551210249
5,9,0.20548508375005167,0.9384,5000,1.1016618079609342,0.9423769507803121,833,1.0827842787050972,0.9425,0.783910151577642,0.08324987109102636,,,,,,,0,0,5,0.1,0.5,0.5776112567236344,0.5820685911569492,0.5793149280358014,0.5824221634840746,0.590763802491695,0.5764888696372552,0.587180955674673,0.5686469777830222,0.5802141196201156,1.0,0.5766776177392975,0.5814242399993288
5,10,0.2100162342576322,0.93788,5000,1.0806029085759763,0.9351740696278511,833,1.0827842787050972,0.9425,0.7835524495074909,0.08338627031862193,,,,,,,0,0,5,0.1,0.5,0.5847159539757116,0.5721416685264299,0.5769824632339823,0.5805812060212634,0.5871342777332493,0.5784162182302189,0.5839470244289792,0.5817229227131729,0.5784310061988611,0.5766776177392975,1.0,0.577630012456632
5,11,0.2121656961810247,0.93464,5000,1.0823927919069927,0.9387755102040817,833,1.0827842787050972,0.9425,0.7842760648050305,0.08311957141899344,,,,,,,0,0,5,0.1,0.5,0.5764751489465453,0.5797164908735725,0.5725431661245902,0.5770657302390214,0.5955521728545775,0.5852355178390396,0.5826216786044476,0.5825903804795691,0.5765173551210249,0.5814242399993288,0.577630012456632,1.0
6,0,0.1855046282753728,0.94356,5000,0.8700813783539666,0.9424460431654677,834,0.8537116498231127,0.9494,0.7722214986681096,0.08355447213292061,,,,,,,0,0,5,0.1,0.5,1.0,0.5568627569034246,0.5560720355770737,0.5493602857493913,0.564897272865661,0.5579497656458868,0.5687741505689343,0.5603166388753951,0.5665622417545046,0.5609410462845594,0.5588977390243519,0.5499709469916223
6,1,0.19335171820797548,0.94212,5000,0.8142535509886565,0.9592326139088729,834,0.8537116498231127,0.9494,0.7670122771896356,0.0831181774882923,,,,,,,0,0,5,0.1,0.5,0.5568627569034246,1.0,0.5590562446951474,0.5469458392186005,0.5639394806781375,0.548227967247845,0.5595685857711273,0.5551639502301379,0.5563814480648568,0.5538086358035554,0.5512418214352884,0.5532089172716429
6,2,0.20076014613080176,0.939,5000,0.8674282608208833,0.947242206235012,834,0.8537116498231127,0.9494,0.7707438332658454,0.08310605111913223,,,,,,,0,0,5,0.1,0.5,0.5560720355770737,0.5590562446951474,1.0,0.552979725121948,0.5603805643406304,0.5551981804958296,0.5642790220565976,0.5630087765972285,0.5595115239521997,0.5621829476664842,0.5576822038426495,0.5497969399432838
6,3,0.19748837506505335,0.94056,5000,0.8284496091030262,0.9484412470023981,834,0.8537116498231127,0.9494,0.7645297215647706,0.08290465545948833,,,,,,,0,0,5,0.1,0.5,0.5493602857493913,0.5469458392186005,0.552979725121948,1.0,0.5581750281111808,0.5564331014958959,0.5519822503825229,0.552865166032701,0.5527761288852259,0.5564058235465937,0.555984219706784,0.5485419144619733
6,4,0.18480974040557718,0.94452,5000,0.8420380353927612,0.9495798319327731,833,0.8537116498231127,0.9494,0.7785338234710755,0.08387532858286419,,,,,,,0,0,5,0.1,0.5,0.564897272865661,0.5639394806781375,0.5603805643406304,0.5581750281111808,1.0,0.555977486185663,0.5729980586219431,0.565215201214512,0.5742637643183719,0.5688649627458179,0.5575770813960766,0.5661494623877882
6,5,0.18742247131018408,0.9444,5000,0.8671942397400185,0.9483793517406963,833,0.8537116498231127,0.9494,0.7698655032638868,0.08347343372674677,,,,,,,0,0,5,0.1,0.5,0.5579497656458868,0.548227967247845,0.5551981804958296,0.5564331014958959,0.555977486185663,1.0,0.5720498366389709,0.5563867434401981,0.5655821439471773,0.5575727994668757,0.5505697724432975,0.5528340483341235
6,6,0.18853243720023685,0.94488,5000,0.8564975438294588,0.9519807923169268,833,0.8537116498231127,0.9494,0.7778544013390084,0.08389945562662679,,,,,,,0,0,5,0.1,0.5,0.5687741505689343,0.5595685857711273,0.5642790220565976,0.5519822503825229,0.5729980586219431,0.5720498366389709,1.0,0.5616898262417562,0.5678545404893748,0.561756406376763,0.560024116743364,0.5606599205315016
6,7,0.19252863112172694,0.94248,5000,0.8496341241730584,0.9459783913565426,833,0.8537116498231127,0.9494,0.7731879492610232,0.08293933942364012,,,,,,,0,0,5,0.1,0.5,0.5603166388753951,0.5551639502301379,0.5630087765972285,0.552865166032701,0.565215201214512,0.5563867434401981,0.5616898262417562,1.0,0.5664068839612524,0.557329107706457,0.5621363416375827,0.5642458266318661
6,8,0.19769638143005264,0.9412,5000,0.8697786485707318,0.9531812725090036,833,0.8537116498231127,0.9494,0.7762820686751667,0.08342576476306095,,,,,,,0,0,5,0.1,0.5,0.5665622417545046,0.5563814480648568,0.5595115239521997,0.5527761288852259,0.5742637643183719,0.5655821439471773,0.5678545404893748,0.5664068839612524,1.0,0.5641858968005609,0.5572430838609128,0.5595787052529632
6,9,0.19224089302810704,0.94248,5000,0.8739258072994374,0.9483793517406963,833,0.8537116498231127,0.9494,0.7733992515331779,0.08333267837163436,,,,,,,0,0,5,0.1,0.5,0.5609410462845594,0.5538086358035554,0.5621829476664842,0.5564058235465937,0.5688649627458179,0.5575727994668757,0.561756406376763,0.557329107706457,0.5641858968005609,1.0,0.5580032461958008,0.5625974546851479
6,10,0.19798021742267308,0.941,5000,0.8489294736473648,0.9483793517406963,833,0.8537116498231127,0.9494,0.7693465609217714,0.08328097976123809,,,,,,,0,0,5,0.1,0.5,0.5588977390243519,0.5512418214352884,0.5576822038426495,0.555984219706784,0.5575770813960766,0.5505697724432975,0.560024116743364,0.5621363416375827,0.5572430838609128,0.5580032461958008,1.0,0.5561298460259456
6,11,0.20022265824020669,0.93852,5000,0.8526156953087559,0.9495798319327731,833,0.8537116498231127,0.9494,0.769006864201419,0.08308966354435532,,,,,,,0,0,5,0.1,0.5,0.5499709469916223,0.5532089172716429,0.5497969399432838,0.5485419144619733,0.5661494623877882,0.5528340483341235,0.5606599205315016,0.5642458266318661,0.5595787052529632,0.5625974546851479,0.5561298460259456,1.0
7,0,0.17146736062042842,0.94836,5000,0.6763682519948041,0.9520383693045563,834,0.6570778967092593,0.9526,0.7503595026245822,0.08329937182782772,,,,,,,0,0,5,0.1,0.5,1.0,0.5217638910878879,0.5192014520100521,0.5237060914634795,0.5395813862147186,0.528594507018604,0.542678112689572,0.5237443290510944,0.5309821970363912,0.5194261388492274,0.5225789653076388,0.5292391764345168
7,1,0.181578473479837,0.94528,5000,0.6168918521315964,0.9628297362110312,834,0.6570778967092593,0.9526,0.751251166228874,0.08303578280971059,,,,,,,0,0,5,0.1,0.5,0.5217638910878879,1.0,0.5278533218241347,0.525996029614583,0.5355331907859686,0.5251615686402991,0.5380567540007634,0.5204075738154343,0.5327242483100787,0.5231455216514231,0.5251269993143723,0.5364188585929037
7,2,0.19269781799773406,0.94216,5000,0.6704077963475827,0.9496402877697842,834,0.6570778967092593,0.9526,0.7511680097483934,0.08302461073046342,,,,,,,0,0,5,0.1,0.5,0.5192014520100521,0.5278533218241347,1.0,0.530651999618875,0.5278561481938778,0.5251383391521454,0.538802071101188,0.5245141572492915,0.5364007629153,0.5247289506654249,0.5251598899891371,0.5312716424969932
7,3,0.1806317872412289,0.94432,5000,0.63095047738817,0.9532374100719424,834,0.6570778967092593,0.9526,0.7527799622150922,0.08294570559550853,,,,,,,0,0,5,0.1,0.5,0.5237060914634795,0.525996029614583,0.530651999618875,1.0,0.536657037163595,0.535076754719177,0.537250999962574,0.5240345390739937,0.5313335140847082,0.5239707149039486,0.5266129144610868,0.5319630617227958
7,4,0.1697031463496387,0.94864,5000,0.6462591135943377,0.9555822328931572,833,0.6570778967092593,0.9526,0.7633667838939668,0.08398003301720998,,,,,,,0,0,5,0.1,0.5,0.5395813862147186,0.5355331907859686,0.5278561481938778,0.536657037163595,1.0,0.5366760600155521,0.5448745767525651,0.5352108752833632,0.5407181048601638,0.5405928816997768,0.5349332701421285,0.5452136439017026
7,5,0.17708635977617684,0.94744,5000,0.6701863076951768,0.9495798319327731,833,0.6570778967092593,0.9526,0.7552102489940548,0.08341734362270757,,,,,,,0,0,5,0.1,0.5,0.528594507018604,0.5251615686402991,0.5251383391521454,0.535076754719177,0.5366760600155521,1.0,0.5458991021784154,0.5269323453425476,0.5352653781477531,0.5245145882916978,0.5263572902618213,0.5364314290022836
7,6,0.17350440487016444,0.9486,5000,0.657340442692792,0.9543817527010804,833,0.6570778967092593,0.9526,0.7671672213292496,0.08413177623714765,,,,,,,0,0,5,0.1,0.5,0.542678112689572,0.5380567540007634,0.538802071101188,0.537250999962574,0.5448745767525651,0.5458991021784154,1.0,0.5353952233916707,0.5431304403379175,0.5394166182860496,0.5388748148945888,0.5478167160939933
7,7,0.1819786069766399,0.94504,5000,0.6512002128141897,0.9483793517406963,833,0.6570778967092593,0.9526,0.7509995158210203,0.08290574820172038,,,,,,,0,0,5,0.1,0.5,0.5237443290510944,0.5204075738154343,0.5245141572492915,0.5240345390739937,0.5352108752833632,0.5269323453425476,0.5353952233916707,1.0,0.531127397561337,0.5188350974709934,0.5354123599537652,0.5353194672575485
7,8,0.18192275742448535,0.94384,5000,0.6723156107796563,0.9543817527010804,833,0.6570778967092593,0.9526,0.7586161398493972,0.0835064252605969,,,,,,,0,0,5,0.1,0.5,0.5309821970363912,0.5327242483100787,0.5364007629153,0.5313335140847082,0.5407181048601638,0.5352653781477531,0.5431304403379175,0.531127397561337,1.0,0.5310032474500079,0.5285996187706902,0.5359442783605097
7,9,0.18697240971693188,0.94548,5000,0.6769175330797831,0.9531812725090036,833,0.6570778967092593,0.9526,0.7509741795956769,0.0831711247505138,,,,,,,0,0,5,0.1,0.5,0.5194261388492274,0.5231455216514231,0.5247289506654249,0.5239707149039486,0.5405928816997768,0.5245145882916978,0.5394166182860496,0.5188350974709934,0.5310032474500079,1.0,0.5275103847047663,0.5352438664953076
7,10,0.18399386123300288,0.9452,5000,0.6517225305239359,0.9483793517406963,833,0.6570778967092593,0.9526,0.7531284703196588,0.08321288381685586,,,,,,,0,0,5,0.1,0.5,0.5225789653076388,0.5251269993143723,0.5251598899891371,0.5266129144610868,0.5349332701421285,0.5263572902618213,0.5388748148945888,0.5354123599537652,0.5285996187706902,0.5275103847047663,1.0,0.5371817719910076
7,11,0.18982840787855149,0.93996,5000,0.656712164481481,0.9495798319327731,833,0.6570778967092593,0.9526,0.7611505105219916,0.08336919412973755,,,,,,,0,0,5,0.1,0.5,0.5292391764345168,0.5364188585929037,0.5312716424969932,0.5319630617227958,0.5452136439017026,0.5364314290022836,0.5478167160939933,0.5353194672575485,0.5359442783605097,0.5352438664953076,0.5371817719910076,1.0
8,0,0.16457126770927838,0.95172,5000,0.5195503323166458,0.9556354916067147,834,0.4983745203993191,0.9548,0.7361653190264256,0.08330646519627066,,,,,,,0,0,5,0.1,0.5,1.0,0.5071304338191545,0.49393151423852794,0.5045197582080614,0.5106168284866063,0.4920311996771478,0.5076904136998327,0.5023540202300729,0.5002796045332902,0.4887565642237634,0.5017118417510694,0.49537392125125473
8,1,0.17367680998115687,0.94816,5000,0.4586589965555403,0.9664268585131894,834,0.4983745203993191,0.9548,0.734213694699854,0.08305642884381584,,,,,,,0,0,5,0.1,0.5,0.5071304338191545,1.0,0.5014793615968418,0.5039374357448438,0.5175803859817703,0.49284429719630346,0.5055552448241535,0.4954528386725329,0.49752991058207574,0.4931309807931706,0.48288365487556506,0.49113140275639616
8,2,0.17900793621120797,0.94568,5000,0.5115306024198178,0.9532374100719424,834,0.4983745203993191,0.9548,0.7331341598507773,0.08301001984906213,,,,,,,0,0,5,0.1,0.5,0.49393151423852794,0.5014793615968418,1.0,0.5021588044137714,0.5056303138079187,0.4955544751237463,0.5028145182209534,0.4970364506986611,0.4969936295660886,0.49038453421485273,0.49633367309206283,0.4969907761255232
8,3,0.17430834051541938,0.94696,5000,0.47243665324317086,0.9580335731414868,834,0.4983745203993191,0.9548,0.7400495370564952,0.0832045999738637,,,,,,,0,0,5,0.1,0.5,0.5045197582080614,0.5039374357448438,0.5021588044137714,1.0,0.5151996384302706,0.5037478790757389,0.5132389329462064,0.5014362616199076,0.5025995206027335,0.4952631886835095,0.4953812147712066,0.5032440664225034
8,4,0.16152219846132834,0.95132,5000,0.48956728091946355,0.9567827130852341,833,0.4983745203993191,0.9548,0.7481582782174263,0.0842019323818991,,,,,,,0,0,5,0.1,0.5,0.5106168284866063,0.5175803859817703,0.5056303138079187,0.5151996384302706,1.0,0.498838255862936,0.520575934614662,0.5057078195802267,0.5096781304323017,0.4963816798632667,0.5117480221284602,0.5144233902838414
8,5,0.16462527530232243,0.95036,5000,0.5102284363022557,0.9495798319327731,833,0.4983745203993191,0.9548,0.7316712269455784,0.08322553792610565,,,,,,,0,0,5,0.1,0.5,0.4920311996771478,0.49284429719630346,0.4955544751237463,0.5037478790757389,0.498838255862936,1.0,0.504855109755344,0.4964557264253771,0.5039805226565568,0.4872528066951411,0.49106029371442766,0.49736212857113726
8,6,0.1603619361443113,0.95216,5000,0.49590566092067295,0.9543817527010804,833,0.4983745203993191,0.9548,0.7444093028637317,0.08417082595180313,,,,,,,0,0,5,0.1,0.5,0.5076904136998327,0.5055552448241535,0.5028145182209534,0.5132389329462064,0.520575934614662,0.504855109755344,1.0,0.5067915083265243,0.504326507273616,0.49713179661321855,0.5006521301452811,0.5086863783073028
8,7,0.16580522088511923,0.9492,5000,0.4911582480978083,0.9531812725090036,833,0.4983745203993191,0.9548,0.7359106130661972,0.0830286317105529,,,,,,,0,0,5,0.1,0.5,0.5023540202300729,0.4954528386725329,0.4970364506986611,0.5014362616199076,0.5057078195802267,0.4964557264253771,0.5067915083265243,1.0,0.5000289293176393,0.4893745642496155,0.502867439244262,0.5069868328950043
