round,client_id,client_i_training_loss,client_i_training_accuracy,client_i_training_dataset_size,client_i_evaluation_loss,client_i_evaluation_accuracy,client_i_evaluation_dataset_size,client_i_central_evaluation_loss,client_i_central_evaluation_accuracy,client_i_cosine_similarity,client_i_importance_coefficient,client_i_tanh_val,tanh_normalization_value,client_i_q,client_i_mask_order,client_i_v_nonzero_fraction,client_i_v_sparsity,client_i_v_cosine_similarity,client_i_reward_gradient_norm,local_epochs,learning_rate,gamma,client_0_cosine_similarity,client_1_cosine_similarity,client_2_cosine_similarity,client_3_cosine_similarity,client_4_cosine_similarity,client_5_cosine_similarity,client_6_cosine_similarity,client_7_cosine_similarity,client_8_cosine_similarity,client_9_cosine_similarity,client_10_cosine_similarity,client_11_cosine_similarity
0,0,0.35252625994253783,0.88936,5000,2.193199793497721,0.42565947242206237,834,2.1977146182197353,0.4379,0.7875400981715448,0.08296039558472235,,,,,,,0,0,5,0.1,0.5,1.0,0.5844535085740773,0.5804391428257836,0.5938787478468537,0.6007007391073454,0.5883352807522766,0.5828205747043914,0.5894246654243842,0.6095255473196951,0.5678648697846645,0.5928545062898107,0.5857926909867115
0,1,0.34040257584801903,0.892,5000,2.190849127592864,0.44244604316546765,834,2.1977146182197353,0.4379,0.7868672941736302,0.08288952162421218,,,,,,,0,0,5,0.1,0.5,0.5844535085740773,1.0,0.5945881085125353,0.5823160190719818,0.5939311439455945,0.5999210364014839,0.5746253654853537,0.5846849039948271,0.5979156791260731,0.5839085246438445,0.5817541873892129,0.5916048873570219
0,2,0.34909368998068535,0.89016,5000,2.1920203456172236,0.44004796163069543,834,2.1977146182197353,0.4379,0.7887555631421203,0.08308843408715852,,,,,,,0,0,5,0.1,0.5,0.5804391428257836,0.5945881085125353,1.0,0.5827939834730135,0.5961349094148439,0.6031427400459493,0.582284187136079,0.5872297886492422,0.5964355908783958,0.5787667525482063,0.5882564664139679,0.597556968277167
0,3,0.3447395207443435,0.89384,5000,2.2014744105162443,0.4304556354916067,834,2.1977146182197353,0.4379,0.7890064728578908,0.08311486521025269,,,,,,,0,0,5,0.1,0.5,0.5938787478468537,0.5823160190719818,0.5827939834730135,1.0,0.6031395527540363,0.5870669767465791,0.5788728860976442,0.578789920770921,0.5953383701837397,0.5823835347235458,0.6000463382610903,0.605384180734194
0,4,0.3254061591242007,0.89576,5000,2.199529974548905,0.4417767106842737,833,2.1977146182197353,0.4379,0.8008815047259662,0.08436579496436171,,,,,,,0,0,5,0.1,0.5,0.6007007391073454,0.5939311439455945,0.5961349094148439,0.6031395527540363,1.0,0.6015593472693966,0.582060173391768,0.61363843878825,0.6081501544243606,0.5993072934357571,0.6019394472236904,0.6021785696137792
0,5,0.3491582223884524,0.88952,5000,2.2087102201249866,0.44537815126050423,833,2.1977146182197353,0.4379,0.7949021199632321,0.08373591957589402,,,,,,,0,0,5,0.1,0.5,0.5883352807522766,0.5999210364014839,0.6031427400459493,0.5870669767465791,0.6015593472693966,1.0,0.5924311509063886,0.6048412162786797,0.6094086288214592,0.5789115758666212,0.5915839573777695,0.5887757705821491
0,6,0.3367953348869256,0.89456,5000,2.1907330089145236,0.453781512605042,833,2.1977146182197353,0.4379,0.7834547967568055,0.08253004515274247,,,,,,,0,0,5,0.1,0.5,0.5828205747043914,0.5746253654853537,0.582284187136079,0.5788728860976442,0.582060173391768,0.5924311509063886,1.0,0.5869746241299632,0.5885432268822313,0.5859112059703161,0.5964874245314152,0.5862978252683393
0,7,0.34647222831963925,0.89084,5000,2.1965705200477883,0.4429771908763505,833,2.1977146182197353,0.4379,0.793078802214361,0.08354384915043354,,,,,,,0,0,5,0.1,0.5,0.5894246654243842,0.5846849039948271,0.5872297886492422,0.578789920770921,0.61363843878825,0.6048412162786797,0.5869746241299632,1.0,0.6027037347612816,0.5978099771676332,0.5878304967695291,0.5947412240608717
0,8,0.3442479468585484,0.89336,5000,2.2065146499209933,0.3997599039615846,833,2.1977146182197353,0.4379,0.7984786241221477,0.08411267270950958,,,,,,,0,0,5,0.1,0.5,0.6095255473196951,0.5979156791260731,0.5964355908783958,0.5953383701837397,0.6081501544243606,0.6094086288214592,0.5885432268822313,0.6027037347612816,1.0,0.5811829274177774,0.597296445681555,0.5934290063367861
0,9,0.3454536951437687,0.89192,5000,2.2079894101178206,0.43937575030012005,833,2.1977146182197353,0.4379,0.7829955898163219,0.0824816717562307,,,,,,,0,0,5,0.1,0.5,0.5678648697846645,0.5839085246438445,0.5787667525482063,0.5823835347235458,0.5993072934357571,0.5789115758666212,0.5859112059703161,0.5978099771676332,0.5811829274177774,1.0,0.5883934544879118,0.5885092977855657
0,10,0.3527638820622852,0.88756,5000,2.192938875269007,0.4525810324129652,833,2.1977146182197353,0.4379,0.793089575760283,0.08354498404836905,,,,,,,0,0,5,0.1,0.5,0.5928545062898107,0.5817541873892129,0.5882564664139679,0.6000463382610903,0.6019394472236904,0.5915839573777695,0.5964874245314152,0.5878304967695291,0.597296445681555,0.5883934544879118,1.0,0.6023285403585885
0,11,0.3472266344911164,0.89192,5000,2.208133017575299,0.44057623049219685,833,2.1977146182197353,0.4379,0.7939141544839892,0.08363184613611319,,,,,,,0,0,5,0.1,0.5,0.5857926909867115,0.5916048873570219,0.597556968277167,0.605384180734194,0.6021785696137792,0.5887757705821491,0.5862978252683393,0.5947412240608717,0.5934290063367861,0.5885092977855657,0.6023285403585885,1.0
1,0,0.3094648809184077,0.9042,5000,2.039286348554823,0.7266187050359713,834,2.047695863742036,0.718,0.8143235922949228,0.08315836550093465,,,,,,,0,0,5,0.1,0.5,1.0,0.6307378650699274,0.6303166161470363,0.629243558697826,0.6334563989310918,0.6306592621454279,0.6314698128743383,0.6342509063542223,0.6252590306122966,0.6358724056011009,0.6307569181329541,0.6269867152005589
1,1,0.302100810422829,0.91068,5000,2.0427078317712852,0.7398081534772182,834,2.047695863742036,0.718,0.8129594546338093,0.08306406964461673,,,,,,,0,0,5,0.1,0.5,0.6307378650699274,1.0,0.6325832181719506,0.6272784031197498,0.6286829817122117,0.6353536657952147,0.634002761039983,0.6168892331385147,0.6328420102816148,0.6296323489217273,0.628264966986695,0.6297278070472867
1,2,0.30734327294549363,0.90556,5000,2.043256953910545,0.7194244604316546,834,2.047695863742036,0.718,0.8152750843937382,0.08327608904650373,,,,,,,0,0,5,0.1,0.5,0.6303166161470363,0.6325832181719506,1.0,0.6239157928729048,0.631787413250955,0.6360383296335477,0.6412378366623215,0.6251970976061076,0.6269631907804728,0.6374869366136567,0.6359747574537822,0.6263118822365642
1,3,0.3051119023067936,0.90844,5000,2.0502412849002414,0.7086330935251799,834,2.047695863742036,0.718,0.8089051017802709,0.08307197216004618,,,,,,,0,0,5,0.1,0.5,0.629243558697826,0.6272784031197498,0.6239157928729048,1.0,0.6293222987382692,0.6290581872027726,0.6314145379759608,0.6156287605213089,0.6188530262440075,0.6318460683238525,0.623331600142978,0.6257259120953761
1,4,0.2867126764450815,0.91052,5000,2.0521229902903237,0.7034813925570228,833,2.047695863742036,0.718,0.8124144928324727,0.08402083137460188,,,,,,,0,0,5,0.1,0.5,0.6334563989310918,0.6286829817122117,0.631787413250955,0.6293222987382692,1.0,0.6350874304151606,0.6260520305464976,0.6185046338590963,0.6219816770927551,0.6348423118685336,0.6319580478724408,0.6225372066824358
1,5,0.30864436093237324,0.905,5000,2.0581582387288413,0.7118847539015606,833,2.047695863742036,0.718,0.8161697622201016,0.08373515625662752,,,,,,,0,0,5,0.1,0.5,0.6306592621454279,0.6353536657952147,0.6360383296335477,0.6290581872027726,0.6350874304151606,1.0,0.6299080831392618,0.624247885572393,0.6366081366951625,0.6410127134035981,0.6270287130829968,0.6285458642775993
1,6,0.29353240735496683,0.91104,5000,2.0451246323408903,0.7551020408163265,833,2.047695863742036,0.718,0.815701276620146,0.08292185651228517,,,,,,,0,0,5,0.1,0.5,0.6314698128743383,0.634002761039983,0.6412378366623215,0.6314145379759608,0.6260520305464976,0.6299080831392618,1.0,0.6258512365938473,0.6306352980355184,0.6254810921433899,0.6436580004600871,0.6345856745504287
1,7,0.30571718928255853,0.90808,5000,2.0458778628596552,0.6998799519807923,833,2.047695863742036,0.718,0.8067659228204545,0.08328108864897653,,,,,,,0,0,5,0.1,0.5,0.6342509063542223,0.6168892331385147,0.6251970976061076,0.6156287605213089,0.6185046338590963,0.624247885572393,0.6258512365938473,1.0,0.6211588807925239,0.6343270078367641,0.6239311276625801,0.6228888406310821
1,8,0.3021435064803453,0.90792,5000,2.057165781656901,0.6986794717887155,833,2.047695863742036,0.718,0.8078927337679275,0.08369624051972566,,,,,,,0,0,5,0.1,0.5,0.6252590306122966,0.6328420102816148,0.6269631907804728,0.6188530262440075,0.6219816770927551,0.6366081366951625,0.6306352980355184,0.6211588807925239,1.0,0.6193397044953005,0.6204275021852589,0.6170825694986178
1,9,0.3037664980325065,0.90624,5000,2.055418341248124,0.7130852340936374,833,2.047695863742036,0.718,0.8156938986485213,0.08288962825563326,,,,,,,0,0,5,0.1,0.5,0.6358724056011009,0.6296323489217273,0.6374869366136567,0.6318460683238525,0.6348423118685336,0.6410127134035981,0.6254810921433899,0.6343270078367641,0.6193397044953005,1.0,0.6366825912122155,0.6278686398158627
1,10,0.306615627070616,0.90612,5000,2.0442254366698087,0.7202881152460985,833,2.047695863742036,0.718,0.8125704414697338,0.08348375462723573,,,,,,,0,0,5,0.1,0.5,0.6307569181329541,0.628264966986695,0.6359747574537822,0.623331600142978,0.6319580478724408,0.6270287130829968,0.6436580004600871,0.6239311276625801,0.6204275021852589,0.6366825912122155,1.0,0.6175717101714566
1,11,0.3123786482248147,0.90488,5000,2.0575173607578985,0.7190876350540216,833,2.047695863742036,0.718,0.8085395864583402,0.08340094745281303,,,,,,,0,0,5,0.1,0.5,0.6269867152005589,0.6297278070472867,0.6263118822365642,0.6257259120953761,0.6225372066824358,0.6285458642775993,0.6345856745504287,0.6228888406310821,0.6170825694986178,0.6278686398158627,0.6175717101714566,1.0
2,0,0.2769841869005779,0.91432,5000,1.8434872494803534,0.8705035971223022,834,1.855947002816124,0.8519,0.8090168146128276,0.08308028736632335,,,,,,,0,0,5,0.1,0.5,1.0,0.6249877793110937,0.6215871729118212,0.6162522966951861,0.6287436190659583,0.6242737803276011,0.6260666289736537,0.6313296157440679,0.634936428164576,0.6284851136039249,0.6273138490738213,0.6292340050762342
2,1,0.2724540558780075,0.91936,5000,1.8533355836515073,0.8645083932853717,834,1.855947002816124,0.8519,0.8124483765539138,0.08313731761879904,,,,,,,0,0,5,0.1,0.5,0.6249877793110937,1.0,0.6281284663609926,0.6236261401356555,0.6304145052558374,0.6338170431581814,0.6358020819794311,0.6303589798829867,0.6373291552638467,0.6346366683258177,0.6231820244168038,0.6248775948093632
2,2,0.2747716998491602,0.91656,5000,1.8524244714666296,0.8453237410071942,834,1.855947002816124,0.8519,0.810018266508828,0.08319289834349369,,,,,,,0,0,5,0.1,0.5,0.6215871729118212,0.6281284663609926,1.0,0.6235199206137058,0.622213864813114,0.6398506887864414,0.6220219379611822,0.6306671094547102,0.6281752860161278,0.629004116505024,0.6292968667508743,0.6280010858860107
2,3,0.2733838064690969,0.9178,5000,1.856718376830772,0.8369304556354916,834,1.855947002816124,0.8519,0.8069034955425818,0.08294971144321997,,,,,,,0,0,5,0.1,0.5,0.6162522966951861,0.6236261401356555,0.6235199206137058,1.0,0.6297567585305984,0.6285937971303127,0.6246075749478107,0.6236576755138393,0.6305025056053203,0.6245139798354046,0.6246503545090485,0.6232738282054339
2,4,0.2528518625938446,0.92468,5000,1.8625507884555392,0.8523409363745498,833,1.855947002816124,0.8519,0.814451344863986,0.08383914342635908,,,,,,,0,0,5,0.1,0.5,0.6287436190659583,0.6304145052558374,0.622213864813114,0.6297567585305984,1.0,0.6382388392706086,0.6307007552023066,0.6388413426299987,0.6391571462520245,0.6311345742709955,0.6261044679576744,0.6270997858870405
2,5,0.27362339684538023,0.916,5000,1.8652277566768505,0.8535414165666266,833,1.855947002816124,0.8519,0.8162683052778477,0.08371357263561467,,,,,,,0,0,5,0.1,0.5,0.6242737803276011,0.6338170431581814,0.6398506887864414,0.6285937971303127,0.6382388392706086,1.0,0.6356944066662503,0.6283872473414985,0.6374761395602473,0.641422942509177,0.6237575314819477,0.6299512829238983
2,6,0.26552382106329225,0.9198,5000,1.858108984099494,0.8787515006002401,833,1.855947002816124,0.8519,0.8141379456529514,0.08310210780009733,,,,,,,0,0,5,0.1,0.5,0.6260666289736537,0.6358020819794311,0.6220219379611822,0.6246075749478107,0.6307007552023066,0.6356944066662503,1.0,0.6339096474132485,0.6329755737037549,0.6381048105323847,0.6311319403301785,0.6332577366278136
2,7,0.27399879654715203,0.91908,5000,1.853480961587694,0.8571428571428571,833,1.855947002816124,0.8519,0.8147713289983145,0.08336149334325468,,,,,,,0,0,5,0.1,0.5,0.6313296157440679,0.6303589798829867,0.6306671094547102,0.6236576755138393,0.6388413426299987,0.6283872473414985,0.6339096474132485,1.0,0.6372821513631155,0.6413091587546872,0.6252552795609854,0.6278536064805358
2,8,0.2675316547630889,0.9194,5000,1.8663177092870076,0.8307322929171669,833,1.855947002816124,0.8519,0.8178427885996911,0.08374261336281251,,,,,,,0,0,5,0.1,0.5,0.634936428164576,0.6373291552638467,0.6281752860161278,0.6305025056053203,0.6391571462520245,0.6374761395602473,0.6329755737037549,0.6372821513631155,1.0,0.636097556303237,0.6323968269022585,0.630636135676689
2,9,0.2658537252266316,0.91916,5000,1.8632341535003096,0.8523409363745498,833,1.855947002816124,0.8519,0.8172131045592004,0.08318775441198131,,,,,,,0,0,5,0.1,0.5,0.6284851136039249,0.6346366683258177,0.629004116505024,0.6245139798354046,0.6311345742709955,0.641422942509177,0.6381048105323847,0.6413091587546872,0.636097556303237,1.0,0.63190379204849,0.6377611737707194
2,10,0.2779945617268799,0.91336,5000,1.8533110662742898,0.843937575030012,833,1.855947002816124,0.8519,0.8104284401857842,0.08334437546838924,,,,,,,0,0,5,0.1,0.5,0.6273138490738213,0.6231820244168038,0.6292968667508743,0.6246503545090485,0.6261044679576744,0.6237575314819477,0.6311319403301785,0.6252552795609854,0.6323968269022585,0.63190379204849,1.0,0.6306328914329972
2,11,0.2786416608899547,0.9158,5000,1.86438724288234,0.8367346938775511,833,1.855947002816124,0.8519,0.8121268436725225,0.08334872477965509,,,,,,,0,0,5,0.1,0.5,0.6292340050762342,0.6248775948093632,0.6280010858860107,0.6232738282054339,0.6270997858870405,0.6299512829238983,0.6332577366278136,0.6278536064805358,0.630636135676689,0.6377611737707194,0.6306328914329972,1.0
3,0,0.2532655152154102,0.92132,5000,1.6141921281814575,0.9268585131894485,834,1.6310402688126975,0.9075,0.8049047972689133,0.08317364120755098,,,,,,,0,0,5,0.1,0.5,1.0,0.6119081832535456,0.6127843493290351,0.6109417355374561,0.6166765785807439,0.6198542057763529,0.621368994169686,0.6130666313518157,0.6168966126850396,0.6172756102048943,0.616102821614973,0.6164765393849795
3,1,0.2449527644831094,0.92748,5000,1.6308366413469668,0.9172661870503597,834,1.6310402688126975,0.9075,0.7989303201515707,0.08300296528635027,,,,,,,0,0,5,0.1,0.5,0.6119081832535456,1.0,0.6187899801856425,0.6120969596258599,0.6156808278969409,0.6118202758686225,0.615550969393472,0.606669171414933,0.6060155827843932,0.6075587321073436,0.5991891854470637,0.6102007197392431
3,2,0.2518674489775091,0.92496,5000,1.6286939912372165,0.9112709832134293,834,1.6310402688126975,0.9075,0.807405073828636,0.08333555747908453,,,,,,,0,0,5,0.1,0.5,0.6127843493290351,0.6187899801856425,1.0,0.6248531923060108,0.6169488119662742,0.6317448594829493,0.6167621141419534,0.6164936039169,0.6089296357748346,0.6213503915249612,0.6101930288604723,0.6181790054845187
3,3,0.24605811942890762,0.92684,5000,1.6299325536798548,0.8908872901678657,834,1.6310402688126975,0.9075,0.8054056913835188,0.08310454422570236,,,,,,,0,0,5,0.1,0.5,0.6109417355374561,0.6120969596258599,0.6248531923060108,1.0,0.6237939251249724,0.6159016511836155,0.6090904407032174,0.6135321803719986,0.6088681251359847,0.6184302808630606,0.6206566686722891,0.6206348449640166
3,4,0.22972011341932852,0.92996,5000,1.638696926611441,0.9027611044417767,833,1.6310402688126975,0.9075,0.8082649969524062,0.08379404939865359,,,,,,,0,0,5,0.1,0.5,0.6166765785807439,0.6156808278969409,0.6169488119662742,0.6237939251249724,1.0,0.6203979173396804,0.6208044807034429,0.6240266619273226,0.6157049061309563,0.6219290538637725,0.6138506451348964,0.6125764981211118
3,5,0.2528784727742955,0.92344,5000,1.6382991958547521,0.9087635054021609,833,1.6310402688126975,0.9075,0.8077317093968662,0.08369218156128622,,,,,,,0,0,5,0.1,0.5,0.6198542057763529,0.6118202758686225,0.6317448594829493,0.6159016511836155,0.6203979173396804,1.0,0.6165262847260603,0.6175576226021945,0.6179554753313304,0.6178260400249066,0.6139963907825171,0.6141930362592375
3,6,0.24471349015974314,0.92704,5000,1.6367814585014626,0.9267707082833133,833,1.6310402688126975,0.9075,0.8063333436633285,0.08323796036203723,,,,,,,0,0,5,0.1,0.5,0.621368994169686,0.615550969393472,0.6167621141419534,0.6090904407032174,0.6208044807034429,0.6165262847260603,1.0,0.6157616610113127,0.6161365336021484,0.6199242362677099,0.6175402474614304,0.6175852537433836
3,7,0.25459710681443193,0.92356,5000,1.628232518831889,0.9111644657863145,833,1.6310402688126975,0.9075,0.8041517911717567,0.08333381342801914,,,,,,,0,0,5,0.1,0.5,0.6130666313518157,0.606669171414933,0.6164936039169,0.6135321803719986,0.6240266619273226,0.6175576226021945,0.6157616610113127,1.0,0.6118864145290583,0.6195198727297714,0.6108330041391613,0.6154142243818223
3,8,0.2487009984055522,0.92504,5000,1.6430982660364222,0.9003601440576231,833,1.6310402688126975,0.9075,0.8007307158796796,0.08346712564290762,,,,,,,0,0,5,0.1,0.5,0.6168966126850396,0.6060155827843932,0.6089296357748346,0.6088681251359847,0.6157049061309563,0.6179554753313304,0.6161365336021484,0.6118864145290583,1.0,0.610207357978585,0.60161506518577,0.6157466198483916
3,9,0.24851283461187676,0.92612,5000,1.6375734187938549,0.9111644657863145,833,1.6310402688126975,0.9075,0.8066699959810997,0.08330649514268654,,,,,,,0,0,5,0.1,0.5,0.6172756102048943,0.6075587321073436,0.6213503915249612,0.6184302808630606,0.6219290538637725,0.6178260400249066,0.6199242362677099,0.6195198727297714,0.610207357978585,1.0,0.6185823428332683,0.617341923931549
3,10,0.2524359786005062,0.92604,5000,1.6300513523596305,0.8967587034813925,833,1.6310402688126975,0.9075,0.800918644320111,0.0832096377954509,,,,,,,0,0,5,0.1,0.5,0.616102821614973,0.5991891854470637,0.6101930288604723,0.6206566686722891,0.6138506451348964,0.6139963907825171,0.6175402474614304,0.6108330041391613,0.60161506518577,0.6185823428332683,1.0,0.6112083580642438
3,11,0.2516761362611963,0.924,5000,1.6388159151430484,0.885954381752701,833,1.6310402688126975,0.9075,0.8046298047625222,0.08334202847027074,,,,,,,0,0,5,0.1,0.5,0.6164765393849795,0.6102007197392431,0.6181790054845187,0.6206348449640166,0.6125764981211118,0.6141930362592375,0.6175852537433836,0.6154142243818223,0.6157466198483916,0.617341923931549,0.6112083580642438,1.0
4,0,0.23326845481920583,0.93008,5000,1.366225485448484,0.9424460431654677,834,1.3875098605506337,0.9321,0.7950568664484272,0.08325078982539773,,,,,,,0,0,5,0.1,0.5,1.0,0.5917998799070984,0.596853547895771,0.5913124424952906,0.5907175636817351,0.603641112261001,0.6095884777374567,0.5934667473088376,0.5988372401184816,0.6027678605149163,0.6012283282835832,0.5994646312427494
4,1,0.22426072056790824,0.93436,5000,1.3901135833175093,0.9424460431654677,834,1.3875098605506337,0.9321,0.790144387691746,0.08296496449142027,,,,,,,0,0,5,0.1,0.5,0.5917998799070984,1.0,0.5970104045896852,0.5916459190448242,0.5871266083780495,0.590697140973175,0.6019308653970471,0.5942277535241881,0.5897434615379885,0.5956319593854313,0.5950979145865598,0.5988445446649879
4,2,0.22888423270741656,0.93072,5000,1.385736765684905,0.9376498800959233,834,1.3875098605506337,0.9321,0.797882338942652,0.08345763726169014,,,,,,,0,0,5,0.1,0.5,0.596853547895771,0.5970104045896852,1.0,0.6015169114699365,0.5918895824609032,0.617059840575126,0.6019162783864365,0.603189722542624,0.5881457772693466,0.6029064384730333,0.6047652663469686,0.6005726181177774
4,3,0.2273460735655894,0.93452,5000,1.3846152800100822,0.9268585131894485,834,1.3875098605506337,0.9321,0.7878745147055923,0.08295305271624669,,,,,,,0,0,5,0.1,0.5,0.5913124424952906,0.5916459190448242,0.6015169114699365,1.0,0.5945883810423095,0.5911658291007508,0.590008922089268,0.5876117066645957,0.5845335351078218,0.5949543861670262,0.5937845464463569,0.5904475701931265
4,4,0.21397173076773146,0.93512,5000,1.3944102614014238,0.9243697478991597,833,1.3875098605506337,0.9321,0.7916718035906541,0.08354528496443432,,,,,,,0,0,5,0.1,0.5,0.5907175636817351,0.5871266083780495,0.5918895824609032,0.5945883810423095,1.0,0.5936325250238568,0.6023291229104788,0.5986474104745843,0.5906920952627117,0.6043085332868384,0.5988620627967572,0.5916048442410771
4,5,0.23015984452810068,0.93084,5000,1.391072149629946,0.936374549819928,833,1.3875098605506337,0.9321,0.7980457574471296,0.08370084299646184,,,,,,,0,0,5,0.1,0.5,0.603641112261001,0.590697140973175,0.617059840575126,0.5911658291007508,0.5936325250238568,1.0,0.608479858266937,0.5978799228549082,0.5934855441256656,0.6126854996736459,0.6006119743459927,0.5963524718287685
4,6,0.22209780741969395,0.93268,5000,1.3972719422093145,0.9471788715486195,833,1.3875098605506337,0.9321,0.8003540855863156,0.08347927576756715,,,,,,,0,0,5,0.1,0.5,0.6095884777374567,0.6019308653970471,0.6019162783864365,0.590008922089268,0.6023291229104788,0.608479858266937,1.0,0.6019927459884841,0.5992415960198092,0.6052561698033122,0.6075798514288785,0.6015093246507269
4,7,0.23201636453248134,0.93336,5000,1.3849435735631872,0.9375750300120048,833,1.3875098605506337,0.9321,0.7946023949338554,0.08334152136052614,,,,,,,0,0,5,0.1,0.5,0.5934667473088376,0.5942277535241881,0.603189722542624,0.5876117066645957,0.5986474104745843,0.5978799228549082,0.6019927459884841,1.0,0.5948151646532317,0.6035899905072987,0.6024938463688654,0.596629633248201
4,8,0.22729444911430596,0.93228,5000,1.4002957697267886,0.9243697478991597,833,1.3875098605506337,0.9321,0.787282333625108,0.08317374344396848,,,,,,,0,0,5,0.1,0.5,0.5988372401184816,0.5897434615379885,0.5881457772693466,0.5845335351078218,0.5906920952627117,0.5934855441256656,0.5992415960198092,0.5948151646532317,1.0,0.5921510052813128,0.5813896181994214,0.5910923728775423
4,9,0.2259137028264724,0.93208,5000,1.3946707601900454,0.9267707082833133,833,1.3875098605506337,0.9321,0.7997573125461346,0.08350399799430247,,,,,,,0,0,5,0.1,0.5,0.6027678605149163,0.5956319593854313,0.6029064384730333,0.5949543861670262,0.6043085332868384,0.6126854996736459,0.6052561698033122,0.6035899905072987,0.5921510052813128,1.0,0.6077816845080415,0.6017443645935885
4,10,0.22593188360570723,0.93188,5000,1.389246450530158,0.9231692677070829,833,1.3875098605506337,0.9321,0.7962285386560163,0.08331582461453506,,,,,,,0,0,5,0.1,0.5,0.6012283282835832,0.5950979145865598,0.6047652663469686,0.5937845464463569,0.5988620627967572,0.6006119743459927,0.6075798514288785,0.6024938463688654,0.5813896181994214,0.6077816845080415,1.0,0.5970946726047109
4,11,0.23125952812754044,0.93132,5000,1.396049393547906,0.9159663865546218,833,1.3875098605506337,0.9321,0.7936343645810731,0.0833130645634496,,,,,,,0,0,5,0.1,0.5,0.5994646312427494,0.5988445446649879,0.6005726181177774,0.5904475701931265,0.5916048442410771,0.5963524718287685,0.6015093246507269,0.596629633248201,0.5910923728775423,0.6017443645935885,0.5970946726047109,1.0
5,0,0.2213678242852259,0.93216,5000,1.1138608323203192,0.9508393285371702,834,1.1390397640082022,0.9422,0.7845147740496902,0.0832827425905411,,,,,,,0,0,5,0.1,0.5,1.0,0.5782477585193853,0.5791017056862924,0.5788925921026707,0.5772369505554686,0.578063285910404,0.586313167079146,0.5835510029070445,0.5798632011723207,0.5822087205267082,0.5803631163973467,0.5809300375489138
5,1,0.20644845901187628,0.94036,5000,1.143455390576963,0.9496402877697842,834,1.1390397640082022,0.9422,0.7818853922257616,0.08299906347039863,,,,,,,0,0,5,0.1,0.5,0.5782477585193853,1.0,0.5912621131427113,0.5778376741907808,0.5764094687908802,0.5756699733329528,0.5854256941148754,0.5799537201309531,0.5703575425365677,0.5780541281209084,0.5696437933688022,0.5785858809000165
5,2,0.21081300365922462,0.93568,5000,1.1369066150100142,0.9460431654676259,834,1.1390397640082022,0.9422,0.7902904559248316,0.0836243438870264,,,,,,,0,0,5,0.1,0.5,0.5791017056862924,0.5912621131427113,1.0,0.5849318572912606,0.5795991877808641,0.5971679743992572,0.5905499245042,0.5885704062369559,0.5788465806825932,0.5842042457474044,0.5790135605291774,0.5848253141981045
5,3,0.21081326275969006,0.93788,5000,1.1350493607697663,0.9376498800959233,834,1.1390397640082022,0.9422,0.7842142789922165,0.08307306453219744,,,,,,,0,0,5,0.1,0.5,0.5788925921026707,0.5778376741907808,0.5849318572912606,1.0,0.5826090993152138,0.5814844107172549,0.5794702869818705,0.5827936938080371,0.5736517819602266,0.5795118974929425,0.5828662995561553,0.5793646321868655
5,4,0.19574685652983512,0.94156,5000,1.1442632145351834,0.9399759903961584,833,1.1390397640082022,0.9422,0.7835561854298018,0.08344593842569822,,,,,,,0,0,5,0.1,0.5,0.5772369505554686,0.5764094687908802,0.5795991877808641,0.5826090993152138,1.0,0.5790753723809894,0.5838222923588667,0.583134947030983,0.5777073099670718,0.5770598721338909,0.587963452239425,0.5696500238002655
5,5,0.21402557225034805,0.9338,5000,1.13868103645466,0.9447779111644657,833,1.1390397640082022,0.9422,0.7858729509187385,0.08363150282035635,,,,,,,0,0,5,0.1,0.5,0.578063285910404,0.5756699733329528,0.5971679743992572,0.5814844107172549,0.5790753723809894,1.0,0.5818993599373024,0.5808635954606716,0.578351552633845,0.5886310822303911,0.5792619501685249,0.5747673360588494
5,6,0.2000347969003591,0.93932,5000,1.1523056427637737,0.9555822328931572,833,1.1390397640082022,0.9422,0.788612761688196,0.08357976639879812,,,,,,,0,0,5,0.1,0.5,0.586313167079146,0.5854256941148754,0.5905499245042,0.5794702869818705,0.5838222923588667,0.5818993599373024,1.0,0.5830049577975522,0.5799294490247873,0.5841226046795902,0.58815068751457,0.5795029684942046
5,7,0.21033545691804711,0.93924,5000,1.137762436160335,0.9483793517406963,833,1.1390397640082022,0.9422,0.7869863853042292,0.08343040628498447,,,,,,,0,0,5,0.1,0.5,0.5835510029070445,0.5799537201309531,0.5885704062369559,0.5827936938080371,0.583134947030983,0.5808635954606716,0.5830049577975522,1.0,0.5783450227277104,0.586885124666688,0.5818603270089433,0.5785966653679453
5,8,0.21453369601487307,0.93476,5000,1.1528596215777926,0.9303721488595438,833,1.1390397640082022,0.9422,0.7772885973312327,0.0829768903973473,,,,,,,0,0,5,0.1,0.5,0.5798632011723207,0.5703575425365677,0.5788465806825932,0.5736517819602266,0.5777073099670718,0.578351552633845,0.5799294490247873,0.5783450227277104,1.0,0.5667140279785045,0.5637618357246147,0.5695904631519599
5,9,0.21029850348628534,0.93696,5000,1.1469383239746094,0.9339735894357744,833,1.1390397640082022,0.9422,0.7852878135600593,0.08347927488509169,,,,,,,0,0,5,0.1,0.5,0.5822087205267082,0.5780541281209084,0.5842042457474044,0.5795118974929425,0.5770598721338909,0.5886310822303911,0.5841226046795902,0.586885124666688,0.5667140279785045,1.0,0.5833671943931146,0.5799464658056506
5,10,0.2161661041681032,0.93412,5000,1.1436606844266255,0.9351740696278511,833,1.1390397640082022,0.9422,0.7831438156405826,0.08327798071076682,,,,,,,0,0,5,0.1,0.5,0.5803631163973467,0.5696437933688022,0.5790135605291774,0.5828662995561553,0.587963452239425,0.5792619501685249,0.58815068751457,0.5818603270089433,0.5637618357246147,0.5833671943931146,1.0,0.5751974773963762
5,11,0.21663141654934853,0.93452,5000,1.1492849654621549,0.9339735894357744,833,1.1390397640082022,0.9422,0.780952936038793,0.08319902559679355,,,,,,,0,0,5,0.1,0.5,0.5809300375489138,0.5785858809000165,0.5848253141981045,0.5793646321868655,0.5696500238002655,0.5747673360588494,0.5795029684942046,0.5785966653679453,0.5695904631519599,0.5799464658056506,0.5751974773963762,1.0
6,0,0.20837850638066127,0.93668,5000,0.8766397083247149,0.9556354916067147,834,0.9048833445238229,0.9488,0.7606857689988753,0.08307244715931153,,,,,,,0,0,5,0.1,0.5,1.0,0.54373190031528,0.5439576202544268,0.5436576709421501,0.5431462113675125,0.5389655790459675,0.549373808228744,0.5430241936708506,0.541612390363236,0.5539592062709882,0.5488624048825244,0.5521319184851613
6,1,0.19117523377737516,0.94408,5000,0.9103163546986051,0.9580335731414868,834,0.9048833445238229,0.9488,0.7666768618089929,0.08309376216211739,,,,,,,0,0,5,0.1,0.5,0.54373190031528,1.0,0.5573585493447213,0.5454005938778668,0.5493890613134941,0.5485017045566482,0.5620455897858324,0.5443807276206685,0.5538070877762719,0.550112819225974,0.5480269380589617,0.5563115669924428
6,2,0.19949858611313165,0.94084,5000,0.9014152200133713,0.9520383693045563,834,0.9048833445238229,0.9488,0.7699948636229553,0.08363261459727606,,,,,,,0,0,5,0.1,0.5,0.5439576202544268,0.5573585493447213,1.0,0.550602962195707,0.5524626047645136,0.5556379420982589,0.5590983618714016,0.5552385051299237,0.5458264516627545,0.5569328346942646,0.549470547195702,0.559644295762182
6,3,0.19977383468134008,0.93936,5000,0.9007074590082522,0.9412470023980816,834,0.9048833445238229,0.9488,0.7609775391836345,0.08294154435122586,,,,,,,0,0,5,0.1,0.5,0.5436576709421501,0.5454005938778668,0.550602962195707,1.0,0.5368596349130825,0.5411546474838551,0.5478196220925166,0.5445067607408691,0.5407132145466585,0.546005675236532,0.5534400324254949,0.5561025934322178
6,4,0.17679375383282186,0.946,5000,0.9080817191689102,0.9459783913565426,833,0.9048833445238229,0.9488,0.7663923961887085,0.08338470916655774,,,,,,,0,0,5,0.1,0.5,0.5431462113675125,0.5493890613134941,0.5524626047645136,0.5368596349130825,1.0,0.5504377250877782,0.5544951099138775,0.5509066137737055,0.548230837349668,0.5554427652407321,0.5566346550732414,0.5559963082445928
6,5,0.20341267350610273,0.9382,5000,0.8993762687400535,0.9519807923169268,833,0.9048833445238229,0.9488,0.765725256686991,0.08348605944485477,,,,,,,0,0,5,0.1,0.5,0.5389655790459675,0.5485017045566482,0.5556379420982589,0.5411546474838551,0.5504377250877782,1.0,0.554337307185196,0.5481361855442471,0.549585781230416,0.560107837867191,0.5536302581027654,0.5463444242415083
6,6,0.19024585018314089,0.94372,5000,0.9205040490185773,0.957983193277311,833,0.9048833445238229,0.9488,0.773039738441395,0.08371054060349528,,,,,,,0,0,5,0.1,0.5,0.549373808228744,0.5620455897858324,0.5590983618714016,0.5478196220925166,0.5544951099138775,0.554337307185196,1.0,0.5581619608198879,0.5567396213192003,0.5532876328233488,0.5572434222089009,0.5619661950127046
6,7,0.20155878272144848,0.93904,5000,0.9051985210842557,0.9543817527010804,833,0.9048833445238229,0.9488,0.7664682064489603,0.08337693393310491,,,,,,,0,0,5,0.1,0.5,0.5430241936708506,0.5443807276206685,0.5552385051299237,0.5445067607408691,0.5509066137737055,0.5481361855442471,0.5581619608198879,1.0,0.5495568062869541,0.5582977531614921,0.5520770627011365,0.5504766362783046
6,8,0.19586402303153638,0.94024,5000,0.9189315901862251,0.9387755102040817,833,0.9048833445238229,0.9488,0.7632875981155455,0.08295866012756058,,,,,,,0,0,5,0.1,0.5,0.541612390363236,0.5538070877762719,0.5458264516627545,0.5407132145466585,0.548230837349668,0.549585781230416,0.5567396213192003,0.5495568062869541,1.0,0.5462823613881339,0.5446112519747716,0.5510487416498907
6,9,0.18971682795602235,0.9426,5000,0.9142855803171793,0.9447779111644657,833,0.9048833445238229,0.9488,0.7714982510309556,0.08358819254824675,,,,,,,0,0,5,0.1,0.5,0.5539592062709882,0.550112819225974,0.5569328346942646,0.546005675236532,0.5554427652407321,0.560107837867191,0.5532876328233488,0.5582977531614921,0.5462823613881339,1.0,0.5618184885869837,0.5585579842187494
6,10,0.1972685130080208,0.9388,5000,0.913046845683345,0.9411764705882353,833,0.9048833445238229,0.9488,0.7689132920765559,0.08336094384703474,,,,,,,0,0,5,0.1,0.5,0.5488624048825244,0.5480269380589617,0.549470547195702,0.5534400324254949,0.5566346550732414,0.5536302581027654,0.5572434222089009,0.5520770627011365,0.5446112519747716,0.5618184885869837,1.0,0.5522917621773406
6,11,0.2000339633915692,0.9402,5000,0.916826707345468,0.943577430972389,833,0.9048833445238229,0.9488,0.7713342818724678,0.08339359205921451,,,,,,,0,0,5,0.1,0.5,0.5521319184851613,0.5563115669924428,0.559644295762182,0.5561025934322178,0.5559963082445928,0.5463444242415083,0.5619661950127046,0.5504766362783046,0.5510487416498907,0.5585579842187494,0.5522917621773406,1.0
7,0,0.18881802303526718,0.94176,5000,0.669887485327544,0.9568345323741008,834,0.6996138478620365,0.9534,0.7495144217428635,0.08306162434654894,,,,,,,0,0,5,0.1,0.5,1.0,0.5157114399569266,0.514818215383305,0.5271082431362009,0.5239121286929415,0.5253059197007995,0.5274057124353807,0.5262120101199309,0.5325109444126754,0.525880701066821,0.52652437512131,0.5213720331614121
7,1,0.17869525275602463,0.9456,5000,0.7053933629283199,0.960431654676259,834,0.6996138478620365,0.9534,0.7439884556563444,0.0828789022956061,,,,,,,0,0,5,0.1,0.5,0.5157114399569266,1.0,0.5265997386331843,0.5196885220835097,0.5226503751996264,0.5196752042846055,0.5231029612377529,0.5162078105729219,0.5207704456907298,0.5223007448856004,0.5189080953383084,0.5110710315617195
7,2,0.1873970010377182,0.94416,5000,0.6942307595853452,0.9628297362110312,834,0.6996138478620365,0.9534,0.7521252972410052,0.08353454319347721,,,,,,,0,0,5,0.1,0.5,0.514818215383305,0.5265997386331843,1.0,0.5212570867969601,0.5192617130290842,0.5425809401505658,0.5366331850415929,0.5232482622884057,0.5217643753014433,0.530557746859294,0.5266271492828838,0.5235885794286115
7,3,0.18229932861912782,0.94652,5000,0.6949099324367665,0.947242206235012,834,0.6996138478620365,0.9534,0.7506252110424831,0.08301251421293167,,,,,,,0,0,5,0.1,0.5,0.5271082431362009,0.5196885220835097,0.5212570867969601,1.0,0.5264732266230295,0.5294387976019121,0.5181686699233622,0.5273139850696875,0.5187723036686404,0.5288818784048332,0.5389959542388384,0.5213773316935784
7,4,0.16891612568217668,0.9492,5000,0.700911749292303,0.9471788715486195,833,0.6996138478620365,0.9534,0.7517641651003609,0.08335359255424135,,,,,,,0,0,5,0.1,0.5,0.5239121286929415,0.5226503751996264,0.5192617130290842,0.5264732266230295,1.0,0.526797666455129,0.5312422248196067,0.5309919320845474,0.5262618317510375,0.522595121931051,0.5337534097106876,0.5213026659501611
7,5,0.18362442080916208,0.94304,5000,0.6894447538587782,0.9519807923169268,833,0.6996138478620365,0.9534,0.7564108036182503,0.08358809898880117,,,,,,,0,0,5,0.1,0.5,0.5253059197007995,0.5196752042846055,0.5425809401505658,0.5294387976019121,0.526797666455129,1.0,0.5358910567353329,0.5259523239653565,0.5364985752624228,0.5349512661488087,0.5345179993753607,0.5149185138400492
7,6,0.17577213010021076,0.94684,5000,0.7148633047386452,0.9651860744297719,833,0.6996138478620365,0.9534,0.7573436686142301,0.08377356940854118,,,,,,,0,0,5,0.1,0.5,0.5274057124353807,0.5231029612377529,0.5366331850415929,0.5181686699233622,0.5312422248196067,0.5358910567353329,1.0,0.5297176241674042,0.5306078121680032,0.5330437697125424,0.5404379654322268,0.5273956946683505
7,7,0.18382974331723942,0.9448,5000,0.7025421261787415,0.9591836734693877,833,0.6996138478620365,0.9534,0.7527430602584531,0.08338324943141033,,,,,,,0,0,5,0.1,0.5,0.5262120101199309,0.5162078105729219,0.5232482622884057,0.5273139850696875,0.5309919320845474,0.5259523239653565,0.5297176241674042,1.0,0.5221543617941229,0.5340581289172236,0.538924175147247,0.5192740743309828
7,8,0.18282337303682686,0.945,5000,0.7129309387118729,0.9423769507803121,833,0.6996138478620365,0.9534,0.7509511698381092,0.08303574824255215,,,,,,,0,0,5,0.1,0.5,0.5325109444126754,0.5207704456907298,0.5217643753014433,0.5187723036686404,0.5262618317510375,0.5364985752624228,0.5306078121680032,0.5221543617941229,1.0,0.5211050367138136,0.5297131109567945,0.5201400707883803
7,9,0.18027205699164967,0.94496,5000,0.7104186879263984,0.9495798319327731,833,0.6996138478620365,0.9534,0.7558748982812231,0.0836382174540602,,,,,,,0,0,5,0.1,0.5,0.525880701066821,0.5223007448856004,0.530557746859294,0.5288818784048332,0.522595121931051,0.5349512661488087,0.5330437697125424,0.5340581289172236,0.5211050367138136,1.0,0.5431195621072961,0.5246092650895312
7,10,0.18661053563248675,0.9436,5000,0.7113521408151697,0.9495798319327731,833,0.6996138478620365,0.9534,0.7593609488153498,0.08360854241286007,,,,,,,0,0,5,0.1,0.5,0.52652437512131,0.5189080953383084,0.5266271492828838,0.5389959542388384,0.5337534097106876,0.5345179993753607,0.5404379654322268,0.538924175147247,0.5297131109567945,0.5431195621072961,1.0,0.5223451350554799
7,11,0.1862972923601936,0.94584,5000,0.7120362144929392,0.9483793517406963,833,0.6996138478620365,0.9534,0.7453681347939269,0.08313139745896975,,,,,,,0,0,5,0.1,0.5,0.5213720331614121,0.5110710315617195,0.5235885794286115,0.5213773316935784,0.5213026659501611,0.5149185138400492,0.5273956946683505,0.5192740743309828,0.5201400707883803,0.5246092650895312,0.5223451350554799,1.0
8,0,0.1746825492211208,0.94676,5000,0.5028454142588156,0.9640287769784173,834,0.5330514872607331,0.9557,0.7291367224827865,0.08299522681493206,,,,,,,0,0,5,0.1,0.5,1.0,0.49168905363008475,0.48694052478010635,0.4852120482391845,0.48472471250613397,0.495450337286049,0.5023452713694895,0.49431002044777383,0.4953909851669587,0.4973095976527982,0.49226243530598085,0.49282209784131686
8,1,0.16432591408081829,0.95152,5000,0.5381668695697078,0.960431654676259,834,0.5330514872607331,0.9557,0.7304487455080809,0.08291754126673334,,,,,,,0,0,5,0.1,0.5,0.49168905363008475,1.0,0.49771088729811713,0.49053174773835306,0.48920862048282115,0.4929448827958985,0.5018727842027582,0.4945368313991805,0.4963245169278107,0.5000630913698971,0.48955124335744826,0.4866753993763726
8,2,0.17302556119675327,0.94716,5000,0.5250150550294805,0.9652278177458034,834,0.5330514872607331,0.9557,0.7377484478154012,0.08362820797403364,,,,,,,0,0,5,0.1,0.5,0.48694052478010635,0.49771088729811713,1.0,0.503170072024253,0.4871256588971909,0.519244138635295,0.5027625301305947,0.5056047939723456,0.48451430438185683,0.5083323127371732,0.49971831218981333,0.496134744721679
8,3,0.17464675488555506,0.9474,5000,0.5290311188609512,0.9520383693045563,834,0.5330514872607331,0.9557,0.7299840338928972,0.082992141216691,,,,,,,0,0,5,0.1,0.5,0.4852120482391845,0.49053174773835306,0.503170072024253,1.0,0.49042984726738165,0.5032138464785365,0.49462463474872526,0.49404925612848527,0.4841351225342512,0.5006646596652402,0.49269191194878914,0.48739753241105727
8,4,0.15797561937171942,0.95172,5000,0.5331055533002924,0.9471788715486195,833,0.5330514872607331,0.9557,0.727655152934803,0.08314147700987372,,,,,,,0,0,5,0.1,0.5,0.48472471250613397,0.48920862048282115,0.4871256588971909,0.49042984726738165,1.0,0.4961631354387999,0.49491118461342376,0.4924946773905518,0.4918013032547164,0.49374724893010874,0.4930497357261696,0.4899919043062883
8,5,0.17666387823781082,0.94668,5000,0.5197607080141703,0.9543817527010804,833,0.5330514872607331,0.9557,0.7403806169084093,0.08375949090530514,,,,,,,0,0,5,0.1,0.5,0.495450337286049,0.4929448827958985,0.519244138635295,0.5032138464785365,0.4961631354387999,1.0,0.5048834391665409,0.49960680838324545,0.5023457813628815,0.5123692824589301,0.4978484020273046,0.49007661789545887
8,6,0.1584407917063707,0.95248,5000,0.5453443560335371,0.9651860744297719,833,0.5330514872607331,0.9557,0.7409037534000589,0.08390506658211364,,,,,,,0,0,5,0.1,0.5,0.5023452713694895,0.5018727842027582,0.5027625301305947,0.49462463474872526,0.49491118461342376,0.5048834391665409,1.0,0.508375704645282,0.5025860449825074,0.5068592376080358,0.5066307977887684,0.491866352831717
8,7,0.1736238070550096,0.94848,5000,0.540565413457376,0.9627851140456183,833,0.5330514872607331,0.9557,0.7350045741652261,0.08342610879972512,,,,,,,0,0,5,0.1,0.5,0.49431002044777383,0.4945368313991805,0.5056047939723456,0.49404925612848527,0.4924946773905518,0.49960680838324545,0.508375704645282,1.0,0.49321522911667526,0.503288541276991,0.4976720173787631,0.4848838066127171
