round,client_id,client_i_training_loss,client_i_training_accuracy,client_i_training_dataset_size,client_i_evaluation_loss,client_i_evaluation_accuracy,client_i_evaluation_dataset_size,client_i_central_evaluation_loss,client_i_central_evaluation_accuracy,client_i_cosine_similarity,client_i_importance_coefficient,client_i_tanh_val,tanh_normalization_value,client_i_q,client_i_mask_order,client_i_v_nonzero_fraction,client_i_v_sparsity,client_i_v_cosine_similarity,client_i_reward_gradient_norm,local_epochs,learning_rate,gamma,client_0_cosine_similarity,client_1_cosine_similarity,client_2_cosine_similarity,client_3_cosine_similarity,client_4_cosine_similarity,client_5_cosine_similarity,client_6_cosine_similarity,client_7_cosine_similarity,client_8_cosine_similarity,client_9_cosine_similarity,client_10_cosine_similarity,client_11_cosine_similarity
0,0,0.27506172712240007,0.9142683223764305,8214,2.19714308339496,0.337472607742878,1369,2.198378834861536,0.3323,0.8001325930641932,0.08597690193044501,,,0.9899999999755575,,0.9900005019828322,0.009999498017167818,0,0.3896021748340781,5,0.1,0.5,1.0,0.5713653682937325,0.5651983417744647,0.5814394948331078,0.5678910766048162,0.5737526695484131,0.5804260576606924,0.5753651131160618,0.5868508230976093,0.43599488834071576,0.5708175211299997,0.5755974006177657
0,1,0.31618131653414766,0.900821417706115,6574,2.201031902858189,0.3248175182481752,1096,2.1983799378331095,0.3322,0.7913175767378721,0.08502969917833492,,,0.9668480497657246,,0.9668590934190051,0.03314090658099489,0,0.38960160769979124,5,0.1,0.5,0.5713653682937325,1.0,0.5759489661085577,0.5764503877936991,0.5830083049886698,0.5971711728766993,0.5889858297189331,0.5743011164510977,0.5778978296717439,0.4525416662156989,0.5765411809819657,0.571927000244759
0,2,0.3384336340987221,0.8963167905931178,5783,2.19248120246395,0.34647302904564314,964,2.1983827638169067,0.3322,0.7882580080626342,0.0847009383726627,,,0.9588123321889841,,0.958822348275689,0.04117765172431098,0,0.38960108814458644,5,0.1,0.5,0.5651983417744647,0.5759489661085577,1.0,0.5765081547259825,0.5946956994213474,0.59482232690621,0.5766974591512152,0.5910965022329648,0.5909490658482526,0.4575858403011394,0.5922310775219889,0.5834848693992847
0,3,0.3300411915238273,0.895063362965765,5287,2.204156058175223,0.32009080590238365,881,2.1983812312348583,0.3322,0.7890645001009805,0.08478759861808907,,,0.9609305203834482,,0.9609457356558405,0.039054264344159484,0,0.3896012442143955,5,0.1,0.5,0.5814394948331078,0.5764503877936991,0.5765081547259825,1.0,0.5963493705817643,0.605994245707383,0.5810873628164397,0.5705117515810194,0.6086281764673479,0.4515112565588216,0.6060388952921678,0.5879315466555235
0,4,0.3323685364905865,0.8926038500506586,4935,2.202512053342966,0.32725060827250607,822,2.1983804253343577,0.3322,0.793163034492303,0.08522799973719836,,,0.9716950000677174,,0.9717082475779328,0.028291752422067162,0,0.3896018232209565,5,0.1,0.5,0.5678910766048162,0.5830083049886698,0.5946956994213474,0.5963493705817643,1.0,0.6121686739309863,0.593842227455904,0.6009575719116169,0.6220959197333912,0.46479537630600154,0.5920158542203202,0.5949599067009586
0,5,0.34840222235118384,0.8920077137347332,4667,2.192504005432129,0.34832904884318766,778,2.1983797649225107,0.3322,0.7964483837420918,0.08558102141473638,,,0.9803237126460378,,0.9803373324632297,0.019662667536770262,0,0.38960206829787725,5,0.1,0.5,0.5737526695484131,0.5971711728766993,0.59482232690621,0.605994245707383,0.6121686739309863,1.0,0.6029622567297366,0.5942269396724082,0.6149103483012854,0.46886642109221677,0.6000108131636127,0.6041980408942325
0,6,0.36827406199382884,0.8851560745564788,4453,2.1939776639143624,0.33557951482479786,742,2.198381008050693,0.3322,0.7845674180735501,0.08430437223311599,,,0.949119286537208,,0.9491290597861554,0.05087094021384464,0,0.3896001267165631,5,0.1,0.5,0.5804260576606924,0.5889858297189331,0.5766974591512152,0.5810873628164397,0.593842227455904,0.6029622567297366,1.0,0.5830308021018352,0.6098236077654876,0.46661641016027294,0.5866754239922657,0.6002918902437214
0,7,0.3674135113663193,0.8835164835164835,4277,2.201367005057957,0.33660589060308554,713,2.198380681272513,0.3324,0.7768425821200184,0.08347431297923394,,,0.9288306097208903,,0.928843933537473,0.07115606646252703,0,0.3895964749921795,5,0.1,0.5,0.5753651131160618,0.5743011164510977,0.5910965022329648,0.5705117515810194,0.6009575719116169,0.5942269396724082,0.5830308021018352,1.0,0.592860203012185,0.45714196074726254,0.5863422669551768,0.5839064389445447
0,8,0.3706041454387685,0.8822959554371519,4129,2.200984759764238,0.3183139534883721,688,2.1983800772279976,0.3322,0.7947202378041507,0.08539532639979033,,,0.9757848726451323,,0.9758044274885799,0.024195572511420127,0,0.3896019581077745,5,0.1,0.5,0.5868508230976093,0.5778978296717439,0.5909490658482526,0.6086281764673479,0.6220959197333912,0.6149103483012854,0.6098236077654876,0.592860203012185,1.0,0.47533103247516273,0.6078794724337969,0.6104777757676262
0,9,0.4303253247244616,0.8727318170457385,4001,2.203228223891485,0.3118440779610195,667,2.1995809893257703,0.327,0.6326042791116807,0.06797542874447218,,,0.55,,0.5500125495708047,0.4499874504291953,0,0.3865613718911707,5,0.1,0.5,0.43599488834071576,0.4525416662156989,0.4575858403011394,0.4515112565588216,0.46479537630600154,0.46886642109221677,0.46661641016027294,0.45714196074726254,0.47533103247516273,1.0,0.45750554515820785,0.45586064562036954
0,10,0.38646392092627824,0.8801234250449987,3889,2.1935420603979203,0.3441358024691358,648,2.1983819213538123,0.3323,0.7805561593643753,0.08387334917563044,,,0.9385840295988546,,0.9385974599668692,0.06140254003313084,0,0.38959855013099176,5,0.1,0.5,0.5708175211299997,0.5765411809819657,0.5922310775219889,0.6060388952921678,0.5920158542203202,0.6000108131636127,0.5866754239922657,0.5863422669551768,0.6078794724337969,0.45750554515820785,1.0,0.6102285271436267
0,11,0.4027882759310618,0.8711158005803218,3791,2.1974279165267943,0.3338607594936709,632,2.1983809851990723,0.3324,0.7786921130682943,0.0836730512162907,,,0.9336882579476065,,0.9337031273530445,0.0662968726469555,0,0.38959758964634883,5,0.1,0.5,0.5755974006177657,0.571927000244759,0.5834848693992847,0.5879315466555235,0.5949599067009586,0.6041980408942325,0.6002918902437214,0.5839064389445447,0.6104777757676262,0.45586064562036954,0.6102285271436267,1.0
1,0,0.24964882950968895,0.9225468711955198,8214,2.040576513423476,0.6742147552958364,1369,2.0441169502636116,0.6674,0.7993523147293348,0.0845918254377495,,,0.969760466093126,,0.9697705938456905,0.03022940615430947,0.9575567647995263,0.4067101823513317,5,0.1,0.5,1.0,0.6076013083118708,0.6140072447919747,0.6315343007605427,0.6106758291128097,0.6210553558366126,0.6120653191802531,0.6212599964953261,0.6309828917160177,0.6045976953084313,0.6184704207789445,0.6155575494330146
1,1,0.2826765547605973,0.9137207179799209,6574,2.0478768621172225,0.6468978102189781,1096,2.0441231407677405,0.6674,0.8025152156940797,0.08407605245768737,,,0.9509743993752575,,0.9509863962652477,0.049013603734752276,0.9575521178410079,0.4067086417465848,5,0.1,0.5,0.6076013083118708,1.0,0.6107915747013027,0.634813091922723,0.6136558535157206,0.6188076534483572,0.6178627335127108,0.6261278182193396,0.6291069099817013,0.6286673782426909,0.6215120929025588,0.6185579380786208
1,2,0.2994450240864197,0.9092512536745634,5783,2.0341378604212115,0.6981327800829875,964,2.0441261651797795,0.6674,0.8066628242405502,0.08400307605207383,,,0.9483163702080042,,0.9483309070829777,0.051669092917022263,0.9575518576135814,0.40670831696395077,5,0.1,0.5,0.6140072447919747,0.6107915747013027,1.0,0.6308313244700312,0.6262958914708742,0.6242205380301463,0.6218688721826555,0.6252363881429936,0.6324484781664941,0.6240034465502373,0.6263770378498095,0.6318040208258842
1,3,0.2888753871273541,0.9086816720257235,5287,2.0494588954108104,0.6753688989784336,881,2.044119775485688,0.6674,0.8223459728157546,0.08460562538832589,,,0.9702631034980559,,0.9702826163345214,0.029717383665478603,0.9575551372577394,0.40671020442835587,5,0.1,0.5,0.6315343007605427,0.634813091922723,0.6308313244700312,1.0,0.6396254132457575,0.6450096664411543,0.6299611394739628,0.6448021242865537,0.6454813733317032,0.6436673010147881,0.6337422374979574,0.6422918137367232
1,4,0.2931845875553066,0.9081256332320162,4935,2.05106998865421,0.6678832116788321,822,2.044119403765986,0.6674,0.8129328357743186,0.08456927305192681,,,0.9689390375943685,,0.9689473420009036,0.0310526579990964,0.9575552553924188,0.40671014191855787,5,0.1,0.5,0.6106758291128097,0.6136558535157206,0.6262958914708742,0.6396254132457575,1.0,0.6340841114865101,0.6194351142260915,0.6447333499304669,0.6446834177424214,0.6299401923636229,0.6297984832348801,0.6341782965202104
1,5,0.30615019711015157,0.9079494321834155,4667,2.036790175437927,0.6709511568123393,778,2.0441185335000864,0.6674,0.816864513406709,0.08493919167840103,,,0.982412632113201,,0.9824255810451282,0.017574418954871773,0.9575563748248928,0.4067105254579959,5,0.1,0.5,0.6210553558366126,0.6188076534483572,0.6242205380301463,0.6450096664411543,0.6340841114865101,1.0,0.6321545005239416,0.643026375706571,0.6402569536886831,0.6447981033764217,0.629538381343628,0.6331955982770038
1,6,0.32222805207329136,0.8995284078149562,4453,2.041785324613253,0.6805929919137467,742,2.0441250606847645,0.6675,0.8111599548050658,0.0838974585112866,,,0.9444694487047356,,0.9444756789317805,0.05552432106821947,0.9575497024771976,0.406707759423399,5,0.1,0.5,0.6120653191802531,0.6178627335127108,0.6218688721826555,0.6299611394739628,0.6194351142260915,0.6321545005239416,1.0,0.6393861036191901,0.6414397390201435,0.6318445162094286,0.6369218322307051,0.6316469540222746
1,7,0.3257540060123846,0.8986672901566518,4277,2.0482026390407397,0.6465638148667602,713,2.0441279388464295,0.6674,0.8205831202499791,0.08367674142990325,,,0.9364302415788768,,0.9364489734451081,0.06355102655489187,0.9575316541908353,0.4067063246173704,5,0.1,0.5,0.6212599964953261,0.6261278182193396,0.6252363881429936,0.6448021242865537,0.6447333499304669,0.643026375706571,0.6393861036191901,1.0,0.6528645870959547,0.6381595908135523,0.6364094869651437,0.6373715004794515
1,8,0.32328092210793224,0.8998789053039477,4129,2.0471053286032244,0.6715116279069767,688,2.044119123071908,0.6674,0.8263838954000123,0.08514750347595755,,,0.9899999999635768,,0.9900005019828322,0.009999498017167818,0.9575569738390703,0.4067105947358933,5,0.1,0.5,0.6309828917160177,0.6291069099817013,0.6324484781664941,0.6454813733317032,0.6446834177424214,0.6402569536886831,0.6414397390201435,0.6528645870959547,1.0,0.6463692433206292,0.6464306641892297,0.6488862528938237
1,9,0.3306956810411066,0.8973256685828543,4001,2.052777477673122,0.6446776611694153,667,2.048047483157807,0.6615,0.8099268714044237,0.07306726791538148,,,0.55,,0.5500125495708047,0.4499874504291953,0.9511165575961422,0.4034192731146182,5,0.1,0.5,0.6045976953084313,0.6286673782426909,0.6240034465502373,0.6436673010147881,0.6299401923636229,0.6447981033764217,0.6318445162094286,0.6381595908135523,0.6463692433206292,1.0,0.6386034840095812,0.6430244172175704
1,10,0.3345110890012784,0.8973515042427359,3889,2.0400991326286677,0.6712962962962963,648,2.0441293171800363,0.6672,0.8150602523098053,0.08374832610723638,,,0.9390375796449293,,0.9390542643441594,0.060945735655840605,0.9575413948766295,0.4067068610270721,5,0.1,0.5,0.6184704207789445,0.6215120929025588,0.6263770378498095,0.6337422374979574,0.6297984832348801,0.629538381343628,0.6369218322307051,0.6364094869651437,0.6464306641892297,0.6386034840095812,1.0,0.6372534866604881
1,11,0.3469416647679916,0.8915325771564231,3791,2.0449575424194335,0.6471518987341772,632,2.044127159987014,0.6674,0.8168334690810592,0.0836776584940702,,,0.9364636439269851,,0.9364790924150395,0.06352090758496054,0.9575344406651377,0.40670632818360597,5,0.1,0.5,0.6155575494330146,0.6185579380786208,0.6318040208258842,0.6422918137367232,0.6341782965202104,0.6331955982770038,0.6316469540222746,0.6373715004794515,0.6488862528938237,0.6430244172175704,0.6372534866604881,1.0
2,0,0.2292925566992929,0.9297053810567324,8214,1.8467036735179811,0.8524470416362309,1369,1.8531589911768611,0.8464,0.794193376201364,0.08376146401639127,,,0.9259370301908827,,0.9259525124240751,0.07404748757592494,0.967696388669919,0.4028017730539863,5,0.1,0.5,1.0,0.611618718900798,0.6119345500728149,0.6224057082295408,0.6127857949885479,0.6143095030127566,0.6007969590622628,0.6200349296930686,0.5449004867887326,0.6168360201185872,0.6068567904818958,0.6113671085357162
2,1,0.25146322893430884,0.9239732278673563,6574,1.8572487081800189,0.8448905109489051,1096,1.8531637744019969,0.8464,0.8057258347283547,0.08382190259862406,,,0.929311541620222,,0.9293258370563726,0.07067416294362738,0.9676949162280789,0.4028026849287373,5,0.1,0.5,0.611618718900798,1.0,0.6136350455326899,0.6313239225299506,0.6252258702551214,0.6345998942424182,0.6166401698536034,0.6189956050458264,0.5597825763293715,0.6303571537403713,0.6171661400276367,0.6287843542788006
2,2,0.2686689613469315,0.9190385613003631,5783,1.8391074365185154,0.8672199170124482,964,1.8531705259134212,0.8464,0.8026998874101609,0.08366799591057625,,,0.9207183572885856,,0.9207369107976507,0.07926308920234926,0.9676935115364532,0.4028002260104417,5,0.1,0.5,0.6119345500728149,0.6136350455326899,1.0,0.628202182399341,0.6327119505501804,0.6311248436024539,0.6092607197438313,0.6158921087441388,0.5468997560365508,0.6315374844296436,0.6181257628182412,0.6204076110239876
2,3,0.2593681675393179,0.9207111783620201,5287,1.8579847727503096,0.8342792281498297,881,1.853154222805279,0.8463,0.8199101465930028,0.0846676029469212,,,0.9765301457915304,,0.9765473620802169,0.023452637919783137,0.9677028590307543,0.4028083698548286,5,0.1,0.5,0.6224057082295408,0.6313239225299506,0.628202182399341,1.0,0.6400667898626082,0.6450558865506125,0.6281118675460278,0.6356848237660765,0.5666975770259023,0.6511387020711893,0.6331282108690953,0.6425217270984619
2,4,0.25836367868487875,0.9204052684903749,4935,1.8643645093991206,0.8394160583941606,822,1.8531550755516029,0.8462,0.8193032435623216,0.08462234312464018,,,0.974003121133855,,0.9740173686059936,0.02598263139400636,0.9677027199283542,0.40280829591880796,5,0.1,0.5,0.6127857949885479,0.6252258702551214,0.6327119505501804,0.6400667898626082,1.0,0.644439391822858,0.6215726061293884,0.641931852990703,0.5713032469333554,0.6526489134929537,0.6288402119678872,0.6473814427277645
2,5,0.27345213393412837,0.9199057210199272,4667,1.8439115619659423,0.8547557840616966,778,1.853151658853403,0.8464,0.8204889986681071,0.08490885235588441,,,0.9899999999441662,,0.9900005019828322,0.009999498017167818,0.9677025087567119,0.4028085618980888,5,0.1,0.5,0.6143095030127566,0.6345998942424182,0.6311248436024539,0.6450558865506125,0.644439391822858,1.0,0.6226527678082562,0.6377036453978621,0.5634113034394804,0.6526844479274574,0.6336691391229485,0.6491271668660348
2,6,0.2908543437193813,0.9129126431619133,4453,1.8528088827927907,0.8423180592991913,742,1.853176559503086,0.8464,0.8015878615666064,0.08355921449577125,,,0.9146446852400703,,0.9146578986998645,0.08534210130013553,0.9676907742330395,0.4027980831116523,5,0.1,0.5,0.6007969590622628,0.6166401698536034,0.6092607197438313,0.6281118675460278,0.6215726061293884,0.6226527678082562,1.0,0.6211886212506291,0.5458712349325947,0.6345052777904436,0.619058796889279,0.6306084713164792
2,7,0.29094640263564775,0.9115735328501285,4277,1.8584071967912756,0.82328190743338,713,1.853170441743284,0.8462,0.8137434155825755,0.08383692428975602,,,0.9301502586539467,,0.930174188042769,0.06982581195723103,0.9676889135886029,0.40280291361391574,5,0.1,0.5,0.6200349296930686,0.6189956050458264,0.6158921087441388,0.6356848237660765,0.641931852990703,0.6377036453978621,0.6211886212506291,1.0,0.5692637824451794,0.6410471686673079,0.6311306157036458,0.6350560668482437
2,8,0.331211448363146,0.9065148946476145,4129,1.8561753576452082,0.8502906976744186,688,1.8531643875871604,0.8464,0.7427916145057676,0.08233684134705145,,,0.8463950339596193,,0.8464083128357011,0.15359168716429894,0.9675704405407172,0.40273653537227977,5,0.1,0.5,0.5449004867887326,0.5597825763293715,0.5468997560365508,0.5666975770259023,0.5713032469333554,0.5634113034394804,0.5458712349325947,0.5692637824451794,1.0,0.5726236800257231,0.5619627609899734,0.5701334424327251
2,9,0.28833949073533793,0.9137715571107223,4001,1.8671589919498988,0.8365817091454273,667,1.8611825049494783,0.8421,0.8201207283625122,0.07702831120618157,,,0.55,,0.5500125495708047,0.4499874504291953,0.9611166352956934,0.39923311422761265,5,0.1,0.5,0.6168360201185872,0.6303571537403713,0.6315374844296436,0.6511387020711893,0.6526489134929537,0.6526844479274574,0.6345052777904436,0.6410471686673079,0.5726236800257231,1.0,0.6399898563322269,0.6507775444463748
2,10,0.29808365354222843,0.9113396760092569,3889,1.84994295665196,0.8580246913580247,648,1.8531717374301946,0.8464,0.8097450712073819,0.0837449033993919,,,0.9250123891871274,,0.9250338838411726,0.07496611615882742,0.9676924710340078,0.40280155805390827,5,0.1,0.5,0.6068567904818958,0.6171661400276367,0.6181257628182412,0.6331282108690953,0.6288402119678872,0.6336691391229485,0.619058796889279,0.6311306157036458,0.5619627609899734,0.6399898563322269,1.0,0.6395632498106105
2,11,0.3134477082420798,0.9046161962542865,3791,1.8572643160820008,0.8465189873417721,632,1.853169552815227,0.8463,0.8196526466248822,0.08404364430881053,,,0.9416922082034234,,0.9417097535264294,0.05829024647357062,0.9676856392034363,0.40280533787417233,5,0.1,0.5,0.6113671085357162,0.6287843542788006,0.6204076110239876,0.6425217270984619,0.6473814427277645,0.6491271668660348,0.6306084713164792,0.6350560668482437,0.5701334424327251,0.6507775444463748,0.6395632498106105,1.0
3,0,0.21243507712427165,0.9353542731921111,8214,1.6270960513935533,0.8999269539810081,1369,1.6362038290919587,0.902,0.7928809388869126,0.0835302254509621,,,0.8857106423256027,,0.8857286280809197,0.11427137191908032,0.968042248916791,0.397796197382501,5,0.1,0.5,1.0,0.6042800033352143,0.6035331860712853,0.6201930901367072,0.6139237497244933,0.610535490555704,0.5945751540241939,0.6078349656423424,0.5185188057238101,0.5824150560799286,0.6082476681789948,0.601066375738641
3,1,0.23497891844774696,0.9298144204441741,6574,1.639753532409668,0.9124087591240876,1096,1.6362517767440017,0.902,0.7992443592380164,0.08379338261486102,,,0.9042162064474275,,0.9042317152753376,0.09576828472466237,0.9680704965505615,0.3978102152319523,5,0.1,0.5,0.6042800033352143,1.0,0.606794057017244,0.6201520674026348,0.6235157275558508,0.6201504764799952,0.6035127142962308,0.6156529431326904,0.5204364661649035,0.5886256216739402,0.6092293728507685,0.6132147188017124
3,2,0.24978565009135897,0.9249870309527927,5783,1.6174947023391724,0.9232365145228216,964,1.636224501430036,0.902,0.7974961417746683,0.0836296941675776,,,0.8927054156624619,,0.8927212489332865,0.10727875106671347,0.9680532496718186,0.39780219859269234,5,0.1,0.5,0.6035331860712853,0.606794057017244,1.0,0.6186346001568688,0.6265166224311502,0.6248753809171226,0.6074265062905412,0.604000560314885,0.5102730537109874,0.5895737193075542,0.6054462657456269,0.612452201979652
3,3,0.23681301466941115,0.9272933610743332,5287,1.6409497559070587,0.8955732122587968,881,1.6362234795817172,0.902,0.8131084468965794,0.08484199584173388,,,0.9779560926104461,,0.9779679734953065,0.02203202650469349,0.9681205854801678,0.3978287145906525,5,0.1,0.5,0.6201930901367072,0.6201520674026348,0.6186346001568688,1.0,0.6352876082646721,0.6288787524347174,0.6181497476806764,0.6280300898501365,0.5251599605039897,0.6109065726737611,0.6189443542057084,0.630699672247078
3,4,0.23746542825333533,0.9286727456940223,4935,1.6525543515498822,0.889294403892944,822,1.6362240828645116,0.902,0.8164527662868925,0.08492903053084107,,,0.9840764884842776,,0.9840921640479896,0.015907835952010396,0.9681197067095333,0.3978288426521955,5,0.1,0.5,0.6139237497244933,0.6235157275558508,0.6265166224311502,0.6352876082646721,1.0,0.6345074670049218,0.6217853165408807,0.6303570874817228,0.5265697062558873,0.611206675134473,0.6261380217168542,0.6371572919907639
3,5,0.2502019633118012,0.9256053139061495,4667,1.6239425182342528,0.903598971722365,778,1.6362182393241613,0.902,0.813413554600877,0.0850132654378146,,,0.9899999999296787,,0.9900005019828322,0.009999498017167818,0.9681219547800093,0.3978288897545642,5,0.1,0.5,0.610535490555704,0.6201504764799952,0.6248753809171226,0.6288787524347174,0.6345074670049218,1.0,0.6193079588562831,0.6262872934350014,0.5172162039228716,0.6119815039060055,0.6277882304920797,0.6352940197373597
3,6,0.26672389061622587,0.9209521670783741,4453,1.6388452351093292,0.8962264150943396,742,1.6362359638031299,0.9021,0.8006873002289355,0.08366908186158113,,,0.895475211043268,,0.8954921941669595,0.10450780583304053,0.9680558664169359,0.39780427636589427,5,0.1,0.5,0.5945751540241939,0.6035127142962308,0.6074265062905412,0.6181497476806764,0.6217853165408807,0.6193079588562831,1.0,0.6126194475306567,0.5252053118106257,0.6008957344984264,0.6206493996706303,0.617496628491773
3,7,0.2661885621804577,0.9201776946457797,4277,1.6414712563804958,0.8892005610098177,713,1.636242082705513,0.902,0.8056819172111739,0.0840289065529252,,,0.9207785651288183,,0.9208021685658351,0.07919783143416492,0.9680878317264373,0.39781860041850337,5,0.1,0.5,0.6078349656423424,0.6156529431326904,0.604000560314885,0.6280300898501365,0.6303570874817228,0.6262872934350014,0.6126194475306567,1.0,0.5196874971464432,0.5970673853135383,0.6262636068111945,0.6192733637931443
3,8,0.32253445298332034,0.9107289900702349,4129,1.6411958065899936,0.9142441860465116,688,1.638047894349875,0.9003,0.703551767568517,0.07945252171711298,,,0.5989610558863236,,0.5989709351940163,0.40102906480598366,0.9625556828283396,0.3954585771914159,5,0.1,0.5,0.5185188057238101,0.5204364661649035,0.5102730537109874,0.5251599605039897,0.5265697062558873,0.5172162039228716,0.5252053118106257,0.5196874971464432,1.0,0.5068429460351117,0.522053260050425,0.5300233801359833
3,9,0.2765922787821009,0.9194701324668832,4001,1.656771569024949,0.8845577211394303,667,1.6487504167678637,0.8972,0.7845396350458519,0.07875627422507646,,,0.55,,0.5500125495708047,0.4499874504291953,0.9609408275802975,0.3941877855682571,5,0.1,0.5,0.5824150560799286,0.5886256216739402,0.5895737193075542,0.6109065726737611,0.611206675134473,0.6119815039060055,0.6008957344984264,0.5970673853135383,0.5068429460351117,1.0,0.609809920795839,0.6100318675679068
3,10,0.27483567345093507,0.9197222936487529,3889,1.634185717219398,0.9120370370370371,648,1.6362424433802645,0.9019,0.8070712291434734,0.08401632682873181,,,0.9198939420798131,,0.9199036192962201,0.08009638070377989,0.9680858039939041,0.3978182137095005,5,0.1,0.5,0.6082476681789948,0.6092293728507685,0.6054462657456269,0.6189443542057084,0.6261380217168542,0.6277882304920797,0.6206493996706303,0.6262636068111945,0.522053260050425,0.609809920795839,1.0,0.6272961806163431
3,11,0.2812694459128342,0.9131627538907939,3791,1.6430310964584351,0.8955696202531646,632,1.636248046978594,0.902,0.8106141885238736,0.08433929477078209,,,0.9426054802053755,,0.94262336228101,0.05737663771899004,0.9680949266967471,0.39782511903203654,5,0.1,0.5,0.601066375738641,0.6132147188017124,0.612452201979652,0.630699672247078,0.6371572919907639,0.6352940197373597,0.617496628491773,0.6192733637931443,0.5300233801359833,0.6100318675679068,0.6272961806163431,1.0
4,0,0.19702871788785964,0.9397370343316289,8214,1.3851344363633977,0.9254930606281958,1369,1.3970127989308903,0.9262,0.7815891861502907,0.08328859798229443,,,0.8950204270988158,,0.895040409617991,0.10495959038200897,0.9664998565368721,0.3935242997174476,5,0.1,0.5,1.0,0.5883129144381437,0.5942758142225931,0.5944623175628921,0.5930549870852373,0.592124382472827,0.5852451077075046,0.591229746934942,0.4736180546099627,0.5865479373802259,0.5855280449273793,0.5911788538406696
4,1,0.2192504340402999,0.9348037724368725,6574,1.3994544267654419,0.9379562043795621,1096,1.3970966956105095,0.926,0.7913657856424366,0.08380818259777133,,,0.9220694504216758,,0.9220872446162341,0.07791275538376585,0.966545078002098,0.3935411300510424,5,0.1,0.5,0.5883129144381437,1.0,0.5975521733923856,0.6029604383730367,0.6080089679287753,0.6014021833723692,0.5934301149992153,0.597467862462587,0.48535859553162175,0.5998822918835929,0.5916375272694483,0.6009942212727939
4,2,0.22904047967907226,0.9323534497665571,5783,1.3730976696937316,0.9356846473029046,964,1.3970627982776387,0.9259,0.7945055902966096,0.08380922777928124,,,0.9221238614611793,,0.9221424627277747,0.07785753727222533,0.9665249384990109,0.39354114388417777,5,0.1,0.5,0.5942758142225931,0.5975521733923856,1.0,0.602498973451655,0.6164950179858324,0.608503000148078,0.5948657686176783,0.599377439329303,0.4781150293625498,0.6064526473014373,0.5964797098374703,0.602471396150822
4,3,0.21868208711518042,0.9336107433327029,5287,1.4021553482328142,0.9103291713961408,881,1.3970620910199687,0.9261,0.7996787268193298,0.08480105736877405,,,0.9737574566434963,,0.973771397018222,0.026228602981777982,0.9666274780306808,0.39355208271359404,5,0.1,0.5,0.5944623175628921,0.6029604383730367,0.602498973451655,1.0,0.6063100543376698,0.6146801312614628,0.6057861210181557,0.6020015652075623,0.48585330178519814,0.6152903247397812,0.5981044969532217,0.6128990680560822
4,4,0.2137443678399488,0.9361296859169199,4935,1.417723917044126,0.9136253041362531,822,1.3970618887831228,0.9261,0.805191352464342,0.08505304327399212,,,0.9868755752795138,,0.9868932282515938,0.013106771748406243,0.9666282464268121,0.393552451308587,5,0.1,0.5,0.5930549870852373,0.6080089679287753,0.6164950179858324,0.6063100543376698,1.0,0.6187972381342994,0.6037194243876084,0.6155860417203942,0.4921044456754411,0.6158827824714018,0.6027526849020375,0.6197328243733016
4,5,0.2328944934238616,0.9326762374116134,4667,1.3830643701553345,0.9357326478149101,778,1.3970563320306162,0.9261,0.8052977282563877,0.08511306033895429,,,0.9899999999479411,,0.9900005019828322,0.009999498017167818,0.9666281056438373,0.39355247739900234,5,0.1,0.5,0.592124382472827,0.6014021833723692,0.608503000148078,0.6146801312614628,0.6187972381342994,1.0,0.6101561596042876,0.6112181331334939,0.4900274263008073,0.6199931512596804,0.6077237742215286,0.6184679834858806
4,6,0.24527281885234906,0.925847743094543,4453,1.4013920823733013,0.921832884097035,742,1.3970790720595339,0.9261,0.7938912724328836,0.08381394127994202,,,0.9223692413002047,,0.9223834144872245,0.0776165855127755,0.9665290516885101,0.3935412077729042,5,0.1,0.5,0.5852451077075046,0.5934301149992153,0.5948657686176783,0.6057861210181557,0.6037194243876084,0.6101561596042876,1.0,0.5970635659891168,0.49019912861946136,0.606757769923009,0.6006227562542893,0.6039896257709597
4,7,0.2409947780030432,0.928781856441431,4277,1.4029698475547459,0.9172510518934082,713,1.3970876288490173,0.926,0.79803371169139,0.08419999635147321,,,0.9424668583633489,,0.9424777872596757,0.05752221274032432,0.9665813342350686,0.3935479436161153,5,0.1,0.5,0.591229746934942,0.597467862462587,0.599377439329303,0.6020015652075623,0.6155860417203942,0.6112181331334939,0.5970635659891168,1.0,0.488272172377132,0.6111729199020248,0.6083292974245279,0.6073201705761171
4,8,0.3216836772084151,0.9139743279244369,4129,1.4056989496404475,0.936046511627907,688,1.402770172292813,0.9254,0.6705846712562809,0.07666110153608051,,,0.55,,0.5500125495708047,0.4499874504291953,0.9598136700980803,0.38977666618078716,5,0.1,0.5,0.4736180546099627,0.48535859553162175,0.4781150293625498,0.48585330178519814,0.4921044456754411,0.4900274263008073,0.49019912861946136,0.488272172377132,1.0,0.49251912043964924,0.4902228223736067,0.49157892044340673
4,9,0.24231498662367582,0.9267683079230192,4001,1.4225006046749296,0.9235382308845578,667,1.411519757474954,0.924,0.8007728128493846,0.0807737109632946,,,0.7640980795061176,,0.7641082274986195,0.2358917725013805,0.9578449051540173,0.3931659064006085,5,0.1,0.5,0.5865479373802259,0.5998822918835929,0.6064526473014373,0.6152903247397812,0.6158827824714018,0.6199931512596804,0.606757769923009,0.6111729199020248,0.49251912043964924,1.0,0.609304548965265,0.6153123219575883
4,10,0.24967648989719446,0.9246592954487015,3889,1.3952284767514183,0.933641975308642,648,1.3970804663892753,0.9261,0.795175230792196,0.08409108004741332,,,0.9367967912347221,,0.9368104010842829,0.06318959891571707,0.9665780811912612,0.3935464757319149,5,0.1,0.5,0.5855280449273793,0.5916375272694483,0.5964797098374703,0.5981044969532217,0.6027526849020375,0.6077237742215286,0.6006227562542893,0.6083292974245279,0.4902228223736067,0.609304548965265,1.0,0.6117562935718717
4,11,0.25932511910796163,0.9247691901872857,3791,1.4069576382637023,0.9177215189873418,632,1.3971006519878253,0.926,0.8031424344156396,0.0845870004807288,,,0.9626138823637987,,0.9626273781436675,0.0373726218563325,0.9666105342252578,0.3935512468268537,5,0.1,0.5,0.5911788538406696,0.6009942212727939,0.602471396150822,0.6128990680560822,0.6197328243733016,0.6184679834858806,0.6039896257709597,0.6073201705761171,0.49157892044340673,0.6153123219575883,0.6117562935718717,1.0
5,0,0.18727394150975904,0.9432675919162405,8214,1.13705210075822,0.9415631848064281,1369,1.150955864415763,0.939,0.7707710693122916,0.08297508063696804,,,0.8415250355060762,,0.8415491190201295,0.15845088097987048,0.9659763507465408,0.3900407319419198,5,0.1,0.5,1.0,0.5724804891044131,0.5629272685293895,0.5815647226805231,0.5767275156640281,0.571335742520856,0.5604862408886455,0.5687559174742827,0.563314030061939,0.5127479424648832,0.5640798978034401,0.5802681168738097
5,1,0.20251630601536447,0.9390629753574689,6574,1.15127192565373,0.9452554744525548,1096,1.1509535466901029,0.939,0.7797771667958227,0.08364072077186938,,,0.890344295392637,,0.8903569097936851,0.10964309020631491,0.9661810765156655,0.39011339874739615,5,0.1,0.5,0.5724804891044131,1.0,0.5712943698970249,0.5897642177864268,0.5805598539805692,0.5868297087150856,0.5743699774345845,0.5767092558209812,0.5808020439318432,0.5180613398619196,0.5638172257082373,0.5824308374072137
5,2,0.21528868316029565,0.9353622687186581,5783,1.1225238980785492,0.9481327800829875,964,1.1509209886526528,0.939,0.7776672099338463,0.08356702449742537,,,0.8849392763949671,,0.8849455348627077,0.11505446513729234,0.9661697647570258,0.39010798876298214,5,0.1,0.5,0.5629272685293895,0.5712943698970249,1.0,0.5853149217967925,0.5831862899514179,0.5848214188449744,0.5755691724112468,0.570486736451419,0.5716186582421329,0.5207475053247989,0.5678610318669421,0.5829522910461064
5,3,0.20258254944402948,0.9390580669566863,5287,1.1568795910903387,0.927355278093076,881,1.150965265191782,0.939,0.7952684566058227,0.08485210038436376,,,0.9791890825724406,,0.979197831434165,0.020802168565835055,0.9663023332124067,0.3901463454791076,5,0.1,0.5,0.5815647226805231,0.5897642177864268,0.5853149217967925,1.0,0.5956064148369287,0.5945331629042346,0.5896814298759853,0.5963057587458019,0.5952690690275662,0.5342431402795678,0.5748859497828009,0.6005554759662394
5,4,0.196968930847342,0.9391691995947316,4935,1.1753497123718262,0.927007299270073,822,1.150966159832744,0.939,0.7942168482194071,0.08498383504532951,,,0.9888507425483797,,0.9888610009537674,0.011138999046232612,0.9663021546453824,0.3901465365397765,5,0.1,0.5,0.5767275156640281,0.5805598539805692,0.5831862899514179,0.5956064148369287,1.0,0.5995904081987685,0.5834813367090925,0.5953652210524967,0.5960699666051327,0.537044164556759,0.5763695542727494,0.6027570524465139
5,5,0.2104811435278301,0.9380758517248768,4667,1.1358575916290283,0.9473007712082262,778,1.1509609357617534,0.939,0.793520937043403,0.08499950492312142,,,0.9899999999266582,,0.9900005019828322,0.009999498017167818,0.966303032135514,0.3901465451604883,5,0.1,0.5,0.571335742520856,0.5868297087150856,0.5848214188449744,0.5945331629042346,0.5995904081987685,1.0,0.5877629278135973,0.5887197006716954,0.5921992375486537,0.5337177962049428,0.5834514857495594,0.5966227765076808
5,6,0.21748687445551956,0.9332135638895127,4453,1.156529814004898,0.9380053908355795,742,1.1509297396809148,0.939,0.7828706407482399,0.08375365372224822,,,0.8986270036688109,,0.8986396265247728,0.1013603734752272,0.9662008963809667,0.3901207111150622,5,0.1,0.5,0.5604862408886455,0.5743699774345845,0.5755691724112468,0.5896814298759853,0.5834813367090925,0.5877629278135973,1.0,0.5785609091304714,0.584064186844227,0.5243433487260949,0.580249821369146,0.5875846676810579
5,7,0.22440190684509032,0.9330839373392565,4277,1.157666952713676,0.9326788218793829,713,1.1509921249871056,0.939,0.787013355963158,0.08415835632456756,,,0.9283086296457719,,0.9283218713919984,0.0716781286080016,0.9662704540878293,0.3901374558196542,5,0.1,0.5,0.5687559174742827,0.5767092558209812,0.570486736451419,0.5963057587458019,0.5953652210524967,0.5887197006716954,0.5785609091304714,1.0,0.5871238652651501,0.5288735132103335,0.5791901412926248,0.5928533057485815
5,8,0.2141710511396489,0.9373213853233229,4129,1.1625203165141018,0.936046511627907,688,1.1602164107008863,0.9381,0.7839619805121399,0.07900019932143217,,,0.55,,0.5500125495708047,0.4499874504291953,0.9586238012936046,0.38635728565153665,5,0.1,0.5,0.563314030061939,0.5808020439318432,0.5716186582421329,0.5952690690275662,0.5960699666051327,0.5921992375486537,0.584064186844227,0.5871238652651501,1.0,0.5298019680560074,0.5772469662518727,0.5941065593851074
5,9,0.2606606164341053,0.9245688577855536,4001,1.1816084725516183,0.9370314842578711,667,1.1678333320556737,0.9367,0.723776222538498,0.07963324593870749,,,0.5964287919382345,,0.596445961548115,0.403554038451885,0.9604421028842471,0.3876013053140877,5,0.1,0.5,0.5127479424648832,0.5180613398619196,0.5207475053247989,0.5342431402795678,0.537044164556759,0.5337177962049428,0.5243433487260949,0.5288735132103335,0.5298019680560074,1.0,0.5208428437383654,0.5310127526608616
5,10,0.23033890444480004,0.9318076626382104,3889,1.1479818934486026,0.9459876543209876,648,1.1509319143935133,0.939,0.7772237204675859,0.08374020976768526,,,0.8976409995544263,,0.8976557401736861,0.1023442598263139,0.9662144395294716,0.390119917474836,5,0.1,0.5,0.5640798978034401,0.5638172257082373,0.5678610318669421,0.5748859497828009,0.5763695542727494,0.5834514857495594,0.580249821369146,0.5791901412926248,0.5772469662518727,0.5208428437383654,1.0,0.5838893169526477
5,11,0.23451805335446066,0.9292007385914007,3791,1.1638869524002076,0.9335443037974683,632,1.151005562121114,0.939,0.7949103253652305,0.08469606866628171,,,0.9677454321730796,,0.9677576426886201,0.03224235731137992,0.9662979330850036,0.39014568994443394,5,0.1,0.5,0.5802681168738097,0.5824308374072137,0.5829522910461064,0.6005554759662394,0.6027570524465139,0.5966227765076808,0.5875846676810579,0.5928533057485815,0.5941065593851074,0.5310127526608616,0.5838893169526477,1.0
6,0,0.1742258311285554,0.9468224981738496,8214,0.9284590482711792,0.9517896274653032,1369,0.9436521288305045,0.9465,0.7586144155284607,0.08420705831056549,,,0.9378539441801877,,0.9378695848601978,0.06213041513980222,0.958587239192936,0.3647528232074864,5,0.1,0.5,1.0,0.5515690617317428,0.5502419576581844,0.5570895589225381,0.5567196972053543,0.5503445450275034,0.5331856737270743,0.5570880211444935,0.24611808696983115,0.4420709964937802,0.5370285487972244,0.5409054191750594
6,1,0.1888563873567302,0.9435047155460906,6574,0.9415146674428667,0.9534671532846716,1096,0.9436512023877031,0.9465,0.7630926397964779,0.08482461351593502,,,0.9538592205483425,,0.9538727975503237,0.046127202449676274,0.9587923851065407,0.36475626926541616,5,0.1,0.5,0.5515690617317428,1.0,0.5569186872475576,0.5564243170720393,0.5539904640342856,0.556221699598505,0.5432587830552723,0.5497746087587915,0.2490559101872467,0.44513170366730426,0.5430129393849318,0.5526437963177058
6,2,0.19791991851750493,0.940722808231022,5783,0.912623240101722,0.9533195020746889,964,0.9436181518978204,0.9465,0.7647147977976756,0.08483261644625346,,,0.9540666337648258,,0.9540786105115205,0.04592138948847946,0.9587839960796583,0.3647563171526745,5,0.1,0.5,0.5502419576581844,0.5569186872475576,1.0,0.5569917094553902,0.567312742955963,0.5558317760832375,0.5465889829022692,0.5483923872234828,0.24101437227068273,0.4482401955955253,0.5472044550912344,0.5532712134607658
6,3,0.18734277886330117,0.9432948742197844,5287,0.950007723910468,0.9375709421112373,881,0.9436512353321234,0.9465,0.7721462074238995,0.08598107555284382,,,0.9838314308852769,,0.983841172631896,0.016158827368104034,0.9589236789882792,0.3647585976192535,5,0.1,0.5,0.5570895589225381,0.5564243170720393,0.5569917094553902,1.0,0.5658103162417747,0.5629577984626956,0.5503649665088611,0.5571745738733125,0.2529021244058277,0.4545518535059156,0.5521451318795882,0.5643266698679136
6,4,0.18452680916976064,0.9447619047619048,4935,0.9702538595749781,0.9355231143552312,822,0.9436531169726826,0.9465,0.7762435180149546,0.08621908656014221,,,0.989999999974083,,0.9900005019828322,0.009999498017167818,0.9589254874675956,0.36475868818783586,5,0.1,0.5,0.5567196972053543,0.5539904640342856,0.567312742955963,0.5658103162417747,1.0,0.5675588821284225,0.5517318366783714,0.568491406392218,0.2517223595570488,0.4607808080870099,0.5504387559670951,0.5712420832315404
6,5,0.19685047006247283,0.940989929290765,4667,0.9282459378242492,0.9537275064267352,778,0.9436488334363261,0.9465,0.7704176229198476,0.08601973640249484,,,0.9848334102677065,,0.9848401184679484,0.015159881532051611,0.9589251129279134,0.36475861895705003,5,0.1,0.5,0.5503445450275034,0.556221699598505,0.5558317760832375,0.5629577984626956,0.5675588821284225,1.0,0.5432548958674056,0.556988623787352,0.24676129281619882,0.45902647521868734,0.5496383555583577,0.5660900800795182
6,6,0.2137569830400337,0.9363575117898046,4453,0.9499462842941284,0.9474393530997305,742,0.9436319342817361,0.9465,0.7562138968127485,0.0846539371236934,,,0.9494357733753693,,0.9494453089704332,0.05055469102956678,0.9588135880989569,0.36475551958428587,5,0.1,0.5,0.5331856737270743,0.5432587830552723,0.5465889829022692,0.5503649665088611,0.5517318366783714,0.5432548958674056,1.0,0.5471263573344475,0.24585974416371775,0.45042394140582687,0.5461258727596564,0.5398966361522666
6,7,0.20810244310536047,0.9378068739770867,4277,0.9508805689604386,0.9438990182328191,713,0.9436864765307393,0.9465,0.7674681165360856,0.08533705744459236,,,0.9671403112589871,,0.9671552632899955,0.03284473671000454,0.9588936780586229,0.3647578038180034,5,0.1,0.5,0.5570880211444935,0.5497746087587915,0.5483923872234828,0.5571745738733125,0.568491406392218,0.556988623787352,0.5471263573344475,1.0,0.25044455675672733,0.4528169302437186,0.5530686440219779,0.5522261904820073
6,8,0.43018118170589265,0.9092758537176072,4129,0.9565152851018038,0.9447674418604651,688,0.9549503880567825,0.9448,0.41913971372630826,0.06924191702577343,,,0.55,,0.5500125495708047,0.4499874504291953,0.9508296000434143,0.3610383524641845,5,0.1,0.5,0.24611808696983115,0.2490559101872467,0.24101437227068273,0.2529021244058277,0.2517223595570488,0.24676129281619882,0.24585974416371775,0.25044455675672733,1.0,0.24001679251662406,0.24153157700200434,0.24253451682404784
6,9,0.25028128000185895,0.9290677330667333,4001,0.9762164609772819,0.9415292353823088,667,0.9600459704764734,0.9451,0.656541202934453,0.07823654064408002,,,0.7831150892856377,,0.7831283570101902,0.21687164298980977,0.9526231031985967,0.3644646145747719,5,0.1,0.5,0.4420709964937802,0.44513170366730426,0.4482401955955253,0.4545518535059156,0.4607808080870099,0.45902647521868734,0.45042394140582687,0.4528169302437186,0.24001679251662406,1.0,0.4525781971994124,0.4547545710514926
