round,client_id,client_i_training_loss,client_i_training_accuracy,client_i_training_dataset_size,client_i_evaluation_loss,client_i_evaluation_accuracy,client_i_evaluation_dataset_size,client_i_central_evaluation_loss,client_i_central_evaluation_accuracy,client_i_cosine_similarity,client_i_importance_coefficient,client_i_tanh_val,tanh_normalization_value,client_i_q,client_i_mask_order,client_i_v_nonzero_fraction,client_i_v_sparsity,client_i_v_cosine_similarity,client_i_reward_gradient_norm,local_epochs,learning_rate,gamma,client_0_cosine_similarity,client_1_cosine_similarity,client_2_cosine_similarity,client_3_cosine_similarity,client_4_cosine_similarity,client_5_cosine_similarity,client_6_cosine_similarity,client_7_cosine_similarity,client_8_cosine_similarity,client_9_cosine_similarity,client_10_cosine_similarity,client_11_cosine_similarity
0,0,0.277615427562119,0.9128317506695885,8214,2.187627820081489,0.34550766983199416,1369,2.1897696359469867,0.3346,0.7893168322370178,0.08465913625024206,,,0.9672058760389521,,0.9672205210581798,0.032779478941820206,0,0.38955203580615333,5,0.1,0.5,1.0,0.5486738600524632,0.5529122554414749,0.568823740551493,0.5570853180413584,0.5651867040581545,0.5562991287664573,0.5570793059319769,0.5497079321878465,0.49453313067789406,0.5679064660428255,0.5719052890477272
0,1,0.30208098598421346,0.9036203224825069,6574,2.1907062666756767,0.3156934306569343,1096,2.1897693320204277,0.3346,0.7898394685734181,0.0847151922457632,,,0.9699999999501547,,0.9700015059484965,0.029998494051503455,0,0.38955219745085723,5,0.1,0.5,0.5486738600524632,1.0,0.5873838351632847,0.5627742686748252,0.5840086894584325,0.5804280907776386,0.5855784741607968,0.5694061524512629,0.5510718317040043,0.5154001314353598,0.5892077892645984,0.5819759699850727
0,2,0.31829280815812766,0.9021269237420024,5783,2.1909217142289683,0.35269709543568467,964,2.189769439423046,0.3346,0.7896242979738456,0.08469211386156782,,,0.9688496526141965,,0.9688569850911098,0.031143014908890154,0,0.3895521356700565,5,0.1,0.5,0.5529122554414749,0.5873838351632847,1.0,0.5772879944535066,0.5848803934523504,0.5864764647689195,0.5884497095095161,0.5681255031614003,0.5750992530202524,0.5184351513932995,0.5842511093422575,0.6011949078944716
0,3,0.3473966969637178,0.8895025534329487,5287,2.192746494497572,0.3325766174801362,881,2.189771748198488,0.3347,0.7838750785318781,0.08407547434218668,,,0.93811311480629,,0.9381306159329351,0.06186938406706488,0,0.38954793031423235,5,0.1,0.5,0.568823740551493,0.5627742686748252,0.5772879944535066,1.0,0.5707171334126719,0.5972179348936191,0.5881068745419387,0.5786151444007666,0.5620137314566271,0.5310926631090158,0.5915523256235781,0.580993705429486
0,4,0.33341427038754184,0.8948733535967579,4935,2.1899984983297496,0.3418491484184915,822,2.189769744873047,0.3348,0.7830774020681522,0.08398991858350004,,,0.9338485684564303,,0.9338587420310226,0.06614125796897741,0,0.38954680093153726,5,0.1,0.5,0.5570853180413584,0.5840086894584325,0.5848803934523504,0.5707171334126719,1.0,0.5843111572654142,0.5890762644038333,0.5890615727018889,0.5765073356310386,0.531266566196004,0.5766151966278831,0.5903651456902869
0,5,0.35606078983552447,0.8884079708592243,4667,2.1865621852874755,0.33161953727506427,778,2.1897703710074623,0.3346,0.7884866632917104,0.08457009547094901,,,0.9627676180402874,,0.9627779729933237,0.03722202700667632,0,0.38955168260007017,5,0.1,0.5,0.5651867040581545,0.5804280907776386,0.5864764647689195,0.5972179348936191,0.5843111572654142,1.0,0.5902213650110919,0.5938503508765746,0.5709216266780628,0.5367923506012184,0.5985582748989168,0.6067089525232414
0,6,0.3546848339720496,0.8891533797439928,4453,2.194552630186081,0.316711590296496,742,2.1897709148760423,0.3347,0.7852783228065398,0.08422598101249837,,,0.9456151541939376,,0.9456352592741328,0.05436474072586717,0,0.38954944820211024,5,0.1,0.5,0.5562991287664573,0.5855784741607968,0.5884497095095161,0.5881068745419387,0.5890762644038333,0.5902213650110919,1.0,0.5899601485168673,0.5753600721388852,0.5381359537571677,0.5959454065097758,0.6049150326417049
0,7,0.36154512336839045,0.8844517184942717,4277,2.193384481512982,0.30575035063113604,713,2.1897875013442847,0.3342,0.7749176763703672,0.08311473728569901,,,0.8902249566002995,,0.890241453742282,0.10975854625771797,0,0.38952365298968816,5,0.1,0.5,0.5570793059319769,0.5694061524512629,0.5681255031614003,0.5786151444007666,0.5890615727018889,0.5938503508765746,0.5899601485168673,1.0,0.5706842553766066,0.5250932958446597,0.5903806983660842,0.5869087453496951
0,8,0.3966484118081056,0.8762896585129571,4129,2.185483932495117,0.36191860465116277,688,2.1898315965938875,0.334,0.7609084037711017,0.08161215572489953,,,0.8153284352107415,,0.8153506350082828,0.18464936499171725,0,0.38940038254785464,5,0.1,0.5,0.5497079321878465,0.5510718317040043,0.5750992530202524,0.5620137314566271,0.5765073356310386,0.5709216266780628,0.5753600721388852,0.5706842553766066,1.0,0.5101865577098792,0.5777982967427034,0.5815618100067083
0,9,0.4010648157653757,0.8783304173956511,4001,2.1879677204858687,0.3313343328335832,667,2.1913044041338057,0.3323,0.7112791511937977,0.07628910991573834,,,0.55,,0.5500125495708047,0.4499874504291953,0,0.3864677144954533,5,0.1,0.5,0.49453313067789406,0.5154001314353598,0.5184351513932995,0.5310926631090158,0.531266566196004,0.5367923506012184,0.5381359537571677,0.5250932958446597,0.5101865577098792,1.0,0.5326931122811924,0.5394358899227766
0,10,0.4023425103149942,0.8741064541013114,3889,2.1884988830203103,0.3441358024691358,648,2.1897653436508424,0.335,0.7817028853585473,0.08384249312309666,,,0.92650011268103,,0.9265247728527685,0.07347522714723154,0,0.38954462228333375,5,0.1,0.5,0.5679064660428255,0.5892077892645984,0.5842511093422575,0.5915523256235781,0.5766151966278831,0.5985582748989168,0.5959454065097758,0.5903806983660842,0.5777982967427034,0.5326931122811924,1.0,0.5996679833081829
0,11,0.3814468256471788,0.8785544711158005,3791,2.1965731978416443,0.3291139240506329,632,2.1897712416542223,0.3347,0.7851628159467998,0.08421359218385924,,,0.9449976301983226,,0.945002760905577,0.054997239094423,0,0.3895493041567417,5,0.1,0.5,0.5719052890477272,0.5819759699850727,0.6011949078944716,0.580993705429486,0.5903651456902869,0.6067089525232414,0.6049150326417049,0.5869087453496951,0.5815618100067083,0.5394358899227766,0.5996679833081829,1.0
1,0,0.2562623701569287,0.9213781348916484,8214,2.0366631801738295,0.7129291453615778,1369,2.0394989690079854,0.7083,0.7939734216105097,0.08406537308577561,,,0.9390238241385453,,0.939034185030872,0.06096581496912801,0.9562923842977085,0.39949973677979983,5,0.1,0.5,1.0,0.6076029772315481,0.6187067102771145,0.5990137460989714,0.610311303416853,0.6165517253636305,0.5980103295374846,0.6121798667905534,0.6036979485875745,0.5149734789310327,0.6080459097901363,0.6093031658165265
1,1,0.2721313468117303,0.9142379069059933,6574,2.0398176670074464,0.6998175182481752,1096,2.039497661514404,0.7084,0.801644975698896,0.08437107463245211,,,0.9523491996258537,,0.9523618292254404,0.04763817077455956,0.9563044286103449,0.39950254482763375,5,0.1,0.5,0.6076029772315481,1.0,0.620083400012377,0.6110313400173897,0.6262019492683855,0.6268225997859399,0.6046292927980605,0.6120758244898205,0.6097966369780583,0.5089977470805924,0.6217559494288613,0.621619968857587
1,2,0.28057747903429175,0.9151305550752205,5783,2.0405129194259644,0.6950207468879668,964,2.0395045109069385,0.7083,0.8106939277557157,0.08467236190190325,,,0.9654821590061042,,0.9654987199437779,0.034501280056222106,0.956302611499617,0.3995041639597333,5,0.1,0.5,0.6187067102771145,0.620083400012377,1.0,0.632571319822204,0.6250612312942435,0.6239184953307709,0.61730142746812,0.6284248216558019,0.6200734078629928,0.5239307976870254,0.6268604593101276,0.6215877753787515
1,3,0.30003052782155126,0.9077359561187819,5287,2.042115773473467,0.7105561861520999,881,2.039502373137794,0.7085,0.8065404141585065,0.08411706911349247,,,0.9412772277867069,,0.941298127604036,0.05870187239596403,0.9562795187678049,0.3995002758086591,5,0.1,0.5,0.5990137460989714,0.6110313400173897,0.632571319822204,1.0,0.6252656096618874,0.6272151617701666,0.6183575759006891,0.6261916723841527,0.6162518976084574,0.5285762866813103,0.6185010567820701,0.6192241340809059
1,4,0.29309022057440975,0.9099898682877406,4935,2.0409782391328077,0.7226277372262774,822,2.039503629215228,0.7085,0.8147359615357003,0.0843469584689523,,,0.9512979882811874,,0.9513126851061694,0.0486873148938306,0.9562796181507484,0.39950236886453067,5,0.1,0.5,0.610311303416853,0.6262019492683855,0.6250612312942435,0.6252656096618874,1.0,0.6409860178278771,0.6169964452853601,0.6343793210513335,0.6303289229953922,0.5318692336848729,0.6281865421899564,0.631481158612906
1,5,0.31362299602223587,0.9034926076708807,4667,2.037988529205322,0.7095115681233933,778,2.039508406727459,0.7084,0.8159743438464406,0.08477600708379418,,,0.9699999999564105,,0.9700015059484965,0.029998494051503455,0.9562977591067556,0.39950449270513866,5,0.1,0.5,0.6165517253636305,0.6268225997859399,0.6239184953307709,0.6272151617701666,0.6409860178278771,1.0,0.6196397738371983,0.6283729769028603,0.6299526925654727,0.5247506390132034,0.6368898635629869,0.6344951590689081
1,6,0.3186473275368501,0.9055917359083764,4453,2.045197308063507,0.6792452830188679,742,2.039503449068283,0.7084,0.8002248123235772,0.08399614166391822,,,0.9360060615468953,,0.936027307866071,0.06397269213392898,0.9562776306639982,0.39949893683779353,5,0.1,0.5,0.5980103295374846,0.6046292927980605,0.61730142746812,0.6183575759006891,0.6169964452853601,0.6196397738371983,1.0,0.6217227917457355,0.6140229349464218,0.5087631850236364,0.6202980877224041,0.6200107216619242
1,7,0.31723061000594677,0.9025017535655834,4277,2.0448036763979043,0.7180925666199158,713,2.0395351000868094,0.7085,0.8112058046397317,0.08364159219659936,,,0.9205514299553563,,0.9205762762913509,0.07942372370864914,0.9562083200478401,0.399493332658478,5,0.1,0.5,0.6121798667905534,0.6120758244898205,0.6284248216558019,0.6261916723841527,0.6343793210513335,0.6283729769028603,0.6217227917457355,1.0,0.6236345008294478,0.5198350284502785,0.6311095226415595,0.6322303365836092
1,8,0.3472798319432751,0.8953257447323807,4129,2.030972562052987,0.7325581395348837,688,2.0396731493952935,0.7084,0.8043211945263493,0.08240173890421719,,,0.8665068533093269,,0.8665277847497616,0.13347221525023845,0.9557250373807383,0.3994432305125655,5,0.1,0.5,0.6036979485875745,0.6097966369780583,0.6200734078629928,0.6162518976084574,0.6303289229953922,0.6299526925654727,0.6140229349464218,0.6236345008294478,1.0,0.5162853805572928,0.6198236362728887,0.6273730347930175
1,9,0.35263028723281986,0.8932266933266684,4001,2.03986610685076,0.7151424287856072,667,2.0439979237870287,0.6974,0.6979452522187433,0.07514065761742501,,,0.55,,0.5500125495708047,0.4499874504291953,0.949104226931409,0.3960957950735235,5,0.1,0.5,0.5149734789310327,0.5089977470805924,0.5239307976870254,0.5285762866813103,0.5318692336848729,0.5247506390132034,0.5087631850236364,0.5198350284502785,0.5162853805572928,1.0,0.5262107340429396,0.5282437149179314
1,10,0.3515842915527889,0.8914373875032142,3889,2.0391924381256104,0.7083333333333334,648,2.039498062941213,0.7086,0.8103485348306871,0.0840954264959558,,,0.9403338370569589,,0.9403543998795241,0.05964560012047593,0.95626986801765,0.39950003429258496,5,0.1,0.5,0.6080459097901363,0.6217559494288613,0.6268604593101276,0.6185010567820701,0.6281865421899564,0.6368898635629869,0.6202980877224041,0.6311095226415595,0.6198236362728887,0.5262107340429396,1.0,0.6215437518856358
1,11,0.33729895908041163,0.8961751516750198,3791,2.04752140045166,0.6867088607594937,632,2.0395016156065577,0.7084,0.811304673682214,0.08437559883551433,,,0.9525464073444289,,0.9525626223583153,0.04743737764168465,0.956289747982399,0.39950260396555887,5,0.1,0.5,0.6093031658165265,0.621619968857587,0.6215877753787515,0.6192241340809059,0.631481158612906,0.6344951590689081,0.6200107216619242,0.6322303365836092,0.6273730347930175,0.5282437149179314,0.6215437518856358,1.0
2,0,0.23156811064725255,0.9287070854638422,8214,1.848898638126462,0.8568298027757487,1369,1.8528392665302411,0.8639,0.7955767585405761,0.08379756033098124,,,0.8979593324234223,,0.897971989357964,0.10202801064203604,0.9649603964712276,0.39817283038528806,5,0.1,0.5,1.0,0.6185564041845998,0.6060121069597373,0.6164302465278749,0.6110262501616774,0.6251385226852293,0.6019332325174133,0.6125763389663711,0.4788311520632873,0.6113450279085665,0.6102367483528696,0.6060578619238441
2,1,0.24725203681330296,0.9242166108913903,6574,1.8506084544318062,0.8740875912408759,1096,1.8527612206273185,0.8643,0.8084300317613775,0.08445109779882469,,,0.9381020193192471,,0.9381205762762913,0.06187942372370869,0.96502415850354,0.3981944147675088,5,0.1,0.5,0.6185564041845998,1.0,0.6227288896168934,0.6258161536139948,0.6315830323522752,0.6297246399894649,0.6245017001020261,0.6302867830889373,0.48605019442436664,0.6117779340075925,0.6210087158028328,0.6165091818157701
2,2,0.25735568607956666,0.9218052913712605,5783,1.8545230242513842,0.8537344398340249,964,1.8527684074621231,0.8642,0.8061401251894269,0.08457137729297111,,,0.9454900304296743,,0.9455047437377642,0.054495256262235836,0.9650292554717509,0.3981963427458045,5,0.1,0.5,0.6060121069597373,0.6227288896168934,1.0,0.629111366382778,0.6236700362845102,0.6157719613303351,0.6300823813431204,0.6288757178777796,0.4925835392813067,0.6180619370896343,0.6122139159760729,0.6173224916593789
2,3,0.27631477060424814,0.9162095706449782,5287,1.8542034796306066,0.8808172531214529,881,1.8527732912343913,0.8642,0.8086748555900698,0.08429065933768179,,,0.928247296019358,,0.928261633452136,0.07173836654786403,0.9650134019661863,0.39819098210177173,5,0.1,0.5,0.6164302465278749,0.6258161536139948,0.629111366382778,1.0,0.6285235790017933,0.6323688821035045,0.6229352453690257,0.6329290903891426,0.4885950493467187,0.6246255390826234,0.6140940272944034,0.6079665680405838
2,4,0.26650280361394246,0.9197163120567375,4935,1.8568675793134248,0.8832116788321168,822,1.8527706305439862,0.8642,0.8123662346413347,0.08457289872872047,,,0.9455834826369671,,0.9456051403042016,0.05439485969579838,0.9650283155479358,0.39819641549226326,5,0.1,0.5,0.6110262501616774,0.6315830323522752,0.6236700362845102,0.6285235790017933,1.0,0.6341138531441954,0.6233170383799336,0.6361230769474657,0.49404632809113613,0.6225627746139827,0.6264271613700367,0.6257960591883366
2,5,0.2755560383736475,0.9173344761088493,4667,1.8537158727645875,0.8508997429305912,778,1.8527625216462742,0.8642,0.8155651042963179,0.08497040846523263,,,0.9699999999385762,,0.9700015059484965,0.029998494051503455,0.9650370498243472,0.39819987957856207,5,0.1,0.5,0.6251385226852293,0.6297246399894649,0.6157719613303351,0.6323688821035045,0.6341138531441954,1.0,0.6300708325102566,0.6394041028857838,0.48942067794917277,0.627528931409789,0.6319090209025297,0.63067441405674
2,6,0.2815746267645487,0.9183022681338423,4453,1.859146073460579,0.8504043126684636,742,1.8527808193200694,0.8641,0.807674067011281,0.08417514757572267,,,0.9211521366424809,,0.9211736358616536,0.07882636413834643,0.9649969322284462,0.3981879363583849,5,0.1,0.5,0.6019332325174133,0.6245017001020261,0.6300823813431204,0.6229352453690257,0.6233170383799336,0.6300708325102566,1.0,0.6306240751015076,0.49294331649925793,0.6243407799752386,0.6140547398427606,0.6196893512353185
2,7,0.2797323614303301,0.9160158989946224,4277,1.8595466458279153,0.8569424964936886,713,1.852821330292918,0.8641,0.8170545506357316,0.08426774314163202,,,0.9268396985545869,,0.9268560815220119,0.07314391847798807,0.9649923344989223,0.3981904063242365,5,0.1,0.5,0.6125763389663711,0.6302867830889373,0.6288757178777796,0.6329290903891426,0.6361230769474657,0.6394041028857838,0.6306240751015076,1.0,0.49598798565897095,0.6307595285301976,0.6304493862938548,0.6374314620182192
2,8,0.38226498545971344,0.8915960280939695,4129,1.8426590020006353,0.8648255813953488,688,1.8561467903490645,0.8594,0.6682230335920389,0.07823061459509255,,,0.5560169486466495,,0.5560363435570503,0.44396365644294966,0.957234899945107,0.39467143762693346,5,0.1,0.5,0.4788311520632873,0.48605019442436664,0.4925835392813067,0.4885950493467187,0.49404632809113613,0.48942067794917277,0.49294331649925793,0.49598798565897095,1.0,0.49460153781743954,0.48553186307269824,0.4936749862527138
2,9,0.31720366464781813,0.9069232691827043,4001,1.856460690498352,0.8680659670164917,667,1.861947396311897,0.853,0.8033864084135107,0.07813265649395995,,,0.55,,0.5500125495708047,0.4499874504291953,0.9582115053211481,0.3944897982896985,5,0.1,0.5,0.6113450279085665,0.6117779340075925,0.6180619370896343,0.6246255390826234,0.6225627746139827,0.627528931409789,0.6243407799752386,0.6307595285301976,0.49460153781743954,1.0,0.6223272195499029,0.6256785336316374
2,10,0.31605686000929994,0.904448444330162,3889,1.8543034678413755,0.8734567901234568,648,1.8527923609121157,0.8641,0.8051324790170825,0.08415220301976706,,,0.9197427972074685,,0.9197530244465639,0.08024697555343607,0.9649953279672019,0.39818721654351663,5,0.1,0.5,0.6102367483528696,0.6210087158028328,0.6122139159760729,0.6140940272944034,0.6264271613700367,0.6319090209025297,0.6140547398427606,0.6304493862938548,0.48553186307269824,0.6223272195499029,1.0,0.6214594436802223
2,11,0.3012743607476479,0.9086256924294381,3791,1.8638448119163513,0.8433544303797469,632,1.852769516146602,0.8642,0.8065318563548911,0.08438763321941395,,,0.9342037902725372,,0.9342201696701973,0.06577983032980272,0.9650218997986034,0.3981931702948199,5,0.1,0.5,0.6060578619238441,0.6165091818157701,0.6173224916593789,0.6079665680405838,0.6257960591883366,0.63067441405674,0.6196893512353185,0.6374314620182192,0.4936749862527138,0.6256785336316374,0.6214594436802223,1.0
3,0,0.21723740094845048,0.9344533722912102,8214,1.63202950566314,0.914536157779401,1369,1.6373241138153565,0.915,0.7951281862880184,0.08365255113562452,,,0.8966444880326332,,0.8966567943376337,0.10334320566236632,0.9673554477891696,0.39762346155405853,5,0.1,0.5,1.0,0.6125707011296371,0.61002213086529,0.5973422549957229,0.5981041748523469,0.6109826477681699,0.6013567044180224,0.6080654371956528,0.5430715310690187,0.5907443375437489,0.6045787696658939,0.6046571115205541
3,1,0.22691349161843072,0.9311530270763614,6574,1.6318253585270472,0.9306569343065694,1096,1.6371656736245932,0.9152,0.8051808759451947,0.08443991715268055,,,0.9433996674683816,,0.9434114753275438,0.05658852467245623,0.9674406204001971,0.39764966340541535,5,0.1,0.5,0.6125707011296371,1.0,0.6226293061842928,0.611901767922303,0.6135290601940706,0.6163889707339817,0.6147863757084187,0.6231084834992026,0.5478092803737388,0.5891246081954096,0.6151403499260869,0.606476114568734
3,2,0.23611279908176613,0.9282379387860972,5783,1.6397425090112994,0.9056016597510373,964,1.6371697111251635,0.9152,0.8050011264900826,0.08451369794440336,,,0.9477809006956037,,0.9477988052808594,0.05220119471914064,0.967446251343552,0.39765069603661135,5,0.1,0.5,0.61002213086529,0.6226293061842928,1.0,0.6172131826146676,0.6055940752725059,0.6153093247981131,0.6195786185669934,0.621053569227976,0.5510050097107752,0.5910569436163442,0.6177311160860613,0.6004457364028452
3,3,0.25675842841632707,0.9222243238131266,5287,1.6366161704063416,0.9250851305334846,881,1.6371921944542054,0.9152,0.7974012528850901,0.08406049569166424,,,0.9208689535344463,,0.9208875056473068,0.07911249435269319,0.9674097212050855,0.3976409044232429,5,0.1,0.5,0.5973422549957229,0.611901767922303,0.6172131826146676,1.0,0.5998683101347337,0.6198293128382137,0.6100215147695411,0.6170488577459387,0.546135917859708,0.5955202850982447,0.593841132750022,0.5923449544060195
3,4,0.2444447559478783,0.9274164133738602,4935,1.643793014379648,0.9233576642335767,822,1.6371851614869821,0.9152,0.7980610896180915,0.08427152560690489,,,0.933400281201189,,0.9334169971386979,0.06658300286130214,0.9674291195298313,0.3976465643974621,5,0.1,0.5,0.5981041748523469,0.6135290601940706,0.6055940752725059,0.5998683101347337,1.0,0.6136918746903289,0.6067660406208747,0.6147386479987699,0.554657207884328,0.5874343813111184,0.6093606857130832,0.6023293851513419
3,5,0.25641968342131133,0.9244053996143132,4667,1.6412081718444824,0.8984575835475579,778,1.6371591910005758,0.9151,0.8080977302695286,0.0848878717554388,,,0.9699999999406181,,0.9700015059484965,0.029998494051503455,0.9674649525867894,0.3976536362530553,5,0.1,0.5,0.6109826477681699,0.6163889707339817,0.6153093247981131,0.6198293128382137,0.6136918746903289,1.0,0.6149989369421504,0.6257695070108997,0.5488302487833333,0.6019367206135686,0.6166070822818662,0.6152956430166255
3,6,0.25942209251890225,0.9240961149786661,4453,1.6450868199268978,0.9083557951482479,742,1.63719022997652,0.9152,0.8037086875702522,0.08420460887509043,,,0.9294266479283979,,0.9294412931077757,0.07055870689222432,0.9673998124323008,0.397644987754945,5,0.1,0.5,0.6013567044180224,0.6147863757084187,0.6195786185669934,0.6100215147695411,0.6067660406208747,0.6149989369421504,1.0,0.623690536381628,0.5555741854105996,0.5874810134673897,0.613706981515073,0.6132812120762672
3,7,0.25541480022635477,0.9233107318213701,4277,1.6463977772256602,0.9200561009817672,713,1.6372419736636714,0.9153,0.81102702126362,0.08452269806090872,,,0.9483153434490819,,0.9483258872546559,0.05167411274534406,0.9674310107655104,0.39765080071954895,5,0.1,0.5,0.6080654371956528,0.6231084834992026,0.621053569227976,0.6170488577459387,0.6147386479987699,0.6257695070108997,0.623690536381628,1.0,0.5560504148921247,0.6047962968460654,0.6247539043227358,0.6120276253420732
3,8,0.3267337075912376,0.9080649067570841,4129,1.6262492754242637,0.9156976744186046,688,1.6453287087309474,0.9124,0.7343075421813208,0.07781499274807187,,,0.55,,0.5500125495708047,0.4499874504291953,0.9602942229602428,0.3936864022047096,5,0.1,0.5,0.5430715310690187,0.5478092803737388,0.5510050097107752,0.546135917859708,0.554657207884328,0.5488302487833333,0.5555741854105996,0.5560504148921247,1.0,0.5322352938880522,0.5522401925975177,0.5467980292124502
3,9,0.30464825041422117,0.9130717320669832,4001,1.6433671372277396,0.9220389805097451,667,1.6500545134559608,0.9104,0.779988642365644,0.0793504822168312,,,0.641180066294931,,0.6412027508659204,0.3587972491340796,0.9601865759538827,0.3958415635936544,5,0.1,0.5,0.5907443375437489,0.5891246081954096,0.5910569436163442,0.5955202850982447,0.5874343813111184,0.6019367206135686,0.5874810134673897,0.6047962968460654,0.5322352938880522,1.0,0.5942226614561557,0.5910178083584375
3,10,0.2898397040736602,0.9156595525842118,3889,1.6419649124145508,0.9120370370370371,648,1.6372092550935837,0.9152,0.8030434657890728,0.08416602292349623,,,0.9271353462321026,,0.9271522513930024,0.07284774860699761,0.9673981240871983,0.39764404328452496,5,0.1,0.5,0.6045787696658939,0.6151403499260869,0.6177311160860613,0.593841132750022,0.6093606857130832,0.6166070822818662,0.613706981515073,0.6247539043227358,0.5522401925975177,0.5942226614561557,1.0,0.6131437775473653
3,11,0.2704034716094367,0.9201793721973094,3791,1.651023030281067,0.8892405063291139,632,1.6371789176624043,0.9152,0.7971180745607866,0.08411513588888504,,,0.924113584582933,,0.9241303147432358,0.07586968525676419,0.9674146038031007,0.3976426192509267,5,0.1,0.5,0.6046571115205541,0.606476114568734,0.6004457364028452,0.5923449544060195,0.6023293851513419,0.6152956430166255,0.6132812120762672,0.6120276253420732,0.5467980292124502,0.5910178083584375,0.6131437775473653,1.0
4,0,0.20125888563322938,0.9384952520087655,8214,1.3978721430135328,0.9349890430971513,1369,1.404178008103904,0.9323,0.7853888922915374,0.08370972089665847,,,0.9129876183059155,,0.9130013553536469,0.0869986446463531,0.9672936641204357,0.39078039528555253,5,0.1,0.5,1.0,0.5974009589621436,0.5964001602496886,0.5835517238795761,0.5845155339304416,0.5960239776278382,0.5859831617849616,0.591089298453503,0.47144501454684085,0.5842424743381912,0.587757241772212,0.5781754030672692
4,1,0.21123875608278928,0.934864618192881,6574,1.3950378281729563,0.9434306569343066,1096,1.4039860327784626,0.9323,0.7979809739013447,0.08468091236973511,,,0.9545355390313297,,0.9545504743737764,0.04544952562622362,0.9673542574813282,0.39079656761615444,5,0.1,0.5,0.5974009589621436,1.0,0.6123941761410989,0.597991679034248,0.6052231117746797,0.6031056572784881,0.603184511937526,0.6045840847449565,0.4719569899069962,0.5832505028073864,0.5992239486974662,0.5912280373098605
4,2,0.21939457767689344,0.9350510115856822,5783,1.407396593401509,0.9273858921161826,964,1.4039904972234853,0.9324,0.797961172248793,0.08472962815419739,,,0.956619617822202,,0.9566337031273531,0.043366296872646926,0.9673580154875567,0.3907968882573405,5,0.1,0.5,0.5964001602496886,0.6123941761410989,1.0,0.6053242630935021,0.6063580950528809,0.5977977030894133,0.6087299468806208,0.6009925258066059,0.4753800397467408,0.5873578169492452,0.5878561054094571,0.5909821653450487
4,3,0.24025499798716551,0.9267259315301684,5287,1.4021697895867484,0.9364358683314415,881,1.4040307454026926,0.9325,0.7861631406998084,0.08401022851373585,,,0.9258434423095605,,0.9258621555142814,0.07413784448571858,0.9673236049041105,0.39078779559643256,5,0.1,0.5,0.5835517238795761,0.597991679034248,0.6053242630935021,1.0,0.5857307723637114,0.6033762531971828,0.5888142232700521,0.5961616763299866,0.465276327153558,0.5790761725805625,0.5776532966110095,0.5779126379630116
4,4,0.21835327732692203,0.9360891590678825,4935,1.4114458056596608,0.9428223844282239,822,1.404007422276579,0.9324,0.7941994440291422,0.08443483771239019,,,0.9440083766340814,,0.9440238943828121,0.05597610561718791,0.9673380887350373,0.390794369534648,5,0.1,0.5,0.5845155339304416,0.6052231117746797,0.6063580950528809,0.5857307723637114,1.0,0.6026792698979464,0.6006868164214637,0.6047024337366861,0.47418260336695295,0.5894950921582047,0.5873034688180023,0.5948021707636998
4,5,0.23237251151506214,0.9321619884293979,4667,1.4115391206741332,0.9190231362467867,778,1.4039861816948596,0.9325,0.7997249196321371,0.0850423974290287,,,0.9699999999572195,,0.9700015059484965,0.029998494051503455,0.9673733812829292,0.39079838198494465,5,0.1,0.5,0.5960239776278382,0.6031056572784881,0.5977977030894133,0.6033762531971828,0.6026792698979464,1.0,0.6044026442053206,0.6115579377571451,0.47337238528223735,0.5946238006719365,0.5967350671822206,0.6007465606638507
4,6,0.2339020615280606,0.9311924545250393,4453,1.4136133641004562,0.9299191374663073,742,1.4040112842005281,0.9323,0.7962422021447287,0.08446202695668671,,,0.9451715422898066,,0.9451884945534863,0.0548115054465137,0.9673330141465586,0.3907946390996281,5,0.1,0.5,0.5859831617849616,0.603184511937526,0.6087299468806208,0.5888142232700521,0.6006868164214637,0.6044026442053206,1.0,0.6099506275755542,0.47313220585414445,0.5882772641981919,0.5959406190336293,0.5956889219719315
4,7,0.2319356526581765,0.9299976619125555,4277,1.415715808453767,0.9298737727910238,713,1.404076892727861,0.9325,0.8005541842282263,0.0848270578694526,,,0.9607876961033051,,0.9608051804628281,0.039194819537171854,0.9673584602770341,0.39079743955779983,5,0.1,0.5,0.591089298453503,0.6045840847449565,0.6009925258066059,0.5961616763299866,0.6047024337366861,0.6115579377571451,0.6099506275755542,1.0,0.482744816205671,0.5935921651206475,0.6046872151001789,0.5943267853415322
4,8,0.3257494065626704,0.910680552191814,4129,1.3930001909082586,0.9375,688,1.4168662221287005,0.9299,0.655591348641842,0.07522480820846546,,,0.55,,0.5500125495708047,0.4499874504291953,0.96009803020114,0.38678947863520063,5,0.1,0.5,0.47144501454684085,0.4719569899069962,0.4753800397467408,0.465276327153558,0.47418260336695295,0.47337238528223735,0.47313220585414445,0.482744816205671,1.0,0.46114268309851464,0.4688757800261124,0.4657347173204531
4,9,0.27044353814937333,0.9232191952011997,4001,1.411487721261524,0.9355322338830585,667,1.4187547318851605,0.9301,0.7813999404067324,0.08068785504918546,,,0.7837111098580938,,0.783720696752171,0.21627930324782896,0.96327939239792,0.3904549643291403,5,0.1,0.5,0.5842424743381912,0.5832505028073864,0.5873578169492452,0.5790761725805625,0.5894950921582047,0.5946238006719365,0.5882772641981919,0.5935921651206475,0.46114268309851464,1.0,0.5907071802713608,0.5883285459157779
4,10,0.2624592005748485,0.9198765749550013,3889,1.4115553129286993,0.9274691358024691,648,1.404047647223305,0.9324,0.7880580164001425,0.08414769722707213,,,0.9317244033375922,,0.9317403744791928,0.06825962552080722,0.9673245273312175,0.39079037330295596,5,0.1,0.5,0.587757241772212,0.5992239486974662,0.5878561054094571,0.5776532966110095,0.5873034688180023,0.5967350671822206,0.5959406190336293,0.6046872151001789,0.4688757800261124,0.5907071802713608,1.0,0.5822452344683318
4,11,0.24897413744802485,0.9251384858876286,3791,1.4196971535682679,0.9113924050632911,632,1.4040179648719275,0.9323,0.7860498477881912,0.08404282961339203,,,0.9272381290851613,,0.9272526479594397,0.07274735204056026,0.9673259840292636,0.3907884622533561,5,0.1,0.5,0.5781754030672692,0.5912280373098605,0.5909821653450487,0.5779126379630116,0.5948021707636998,0.6007465606638507,0.5956889219719315,0.5943267853415322,0.4657347173204531,0.5883285459157779,0.5822452344683318,1.0
5,0,0.19283898360519905,0.9397857316776236,8214,1.150383325510247,0.9466764061358656,1369,1.157449453402632,0.9429,0.7714190387357737,0.08360050026253667,,,0.8830314728244066,,0.8830480397570403,0.11695196024295973,0.9647359384860774,0.38558654755905575,5,0.1,0.5,1.0,0.5804856482260197,0.566446366898727,0.5530730291702571,0.5549343265251331,0.5716470283349554,0.5571433451688396,0.5656081309166737,0.566772378053281,0.49616346418639196,0.5609930884628908,0.5623955897250904
5,1,0.1952342253237131,0.9405536963796776,6574,1.1450726543154035,0.9516423357664233,1096,1.1572673945381238,0.9429,0.7855347713814406,0.08475327039305097,,,0.95251650708232,,0.9525325033883841,0.04746749661161587,0.9648723934190158,0.38563194563336556,5,0.1,0.5,0.5804856482260197,1.0,0.5906057068459853,0.5709677839731405,0.5820694712370251,0.5765894461201013,0.5761136585793962,0.5845163486265063,0.5718812370376166,0.4942623607240447,0.5757274703066998,0.5569317675416212
5,2,0.20346570604413913,0.9385785924260764,5783,1.161465919786884,0.9367219917012448,964,1.1572712850265992,0.9429,0.783740838190023,0.08472253539904687,,,0.9506639069370169,,0.9506852065659355,0.04931479343406453,0.9648751134274961,0.38563158213659665,5,0.1,0.5,0.566446366898727,0.5906057068459853,1.0,0.5687124060099669,0.5685919244928989,0.5771952299814428,0.5820588750917588,0.5881825009534275,0.577547097076584,0.4985380481320243,0.5698641127623799,0.5564159913470639
5,3,0.22726230104509965,0.9313788537923208,5287,1.15462549669402,0.9466515323496028,881,1.157296665179463,0.943,0.7678316749146882,0.08367561921955996,,,0.8875593862080172,,0.8875759249033683,0.11242407509663166,0.9647630568898728,0.38559212669890613,5,0.1,0.5,0.5530730291702571,0.5709677839731405,0.5687124060099669,1.0,0.5580041609850664,0.5712304718787241,0.5646200332397049,0.5660851086834355,0.5568917630448778,0.4957374954681186,0.5516535972155434,0.5431274950894344
5,4,0.20835939799645736,0.9368186423505572,4935,1.164051849108476,0.9476885644768857,822,1.1572997212029112,0.9429,0.7729476336100082,0.08414225550816332,,,0.9156866230623619,,0.9157070428191356,0.08429295718086438,0.9648208614495083,0.38561759877934193,5,0.1,0.5,0.5549343265251331,0.5820694712370251,0.5685919244928989,0.5580041609850664,1.0,0.570368474311817,0.5629904986679208,0.5690300201967929,0.5697696141205593,0.48899997001521756,0.5642168933969812,0.5568260895907091
5,5,0.2143495726271545,0.9350332119134348,4667,1.1665760946273804,0.9383033419023136,778,1.1572702052875068,0.9429,0.7868612533138063,0.08504332491426292,,,0.9699999999397233,,0.9700015059484965,0.029998494051503455,0.9648797631958456,0.3856340733763761,5,0.1,0.5,0.5716470283349554,0.5765894461201013,0.5771952299814428,0.5712304718787241,0.570368474311817,1.0,0.5725575412799184,0.5906774941677035,0.5815443794420808,0.5128688505549608,0.5727624589801069,0.5749114707195103
5,6,0.21346208253908636,0.9374803503256232,4453,1.1692450642585754,0.9353099730458221,742,1.157309118170327,0.9429,0.7789576642956505,0.08437326798243275,,,0.929611263598854,,0.929627026755685,0.07037297324431502,0.9648443334445564,0.38562505360982485,5,0.1,0.5,0.5571433451688396,0.5761136585793962,0.5820588750917588,0.5646200332397049,0.5629904986679208,0.5725575412799184,1.0,0.584097965612829,0.5771491675977206,0.5015142219343549,0.5610386015525474,0.5625884897731073
5,7,0.21217010882474593,0.9369651624970774,4277,1.171550963235938,0.94109396914446,713,1.157366454791718,0.9429,0.7887973345716489,0.08496703474256923,,,0.9654014897481786,,0.965418402690628,0.03458159730937205,0.9648801260682789,0.38563367788368036,5,0.1,0.5,0.5656081309166737,0.5845163486265063,0.5881825009534275,0.5660851086834355,0.5690300201967929,0.5906774941677035,0.584097965612829,1.0,0.591904811325661,0.5025460663497557,0.580932126579433,0.5680262105477962
5,8,0.24366348798315085,0.9276822475175587,4129,1.1480570218779824,0.9505813953488372,688,1.1760441034365767,0.9407,0.7765370053813976,0.07807544384580992,,,0.55,,0.5500125495708047,0.4499874504291953,0.9573270344760599,0.38157685632900207,5,0.1,0.5,0.566772378053281,0.5718812370376166,0.577547097076584,0.5568917630448778,0.5697696141205593,0.5815443794420808,0.5771491675977206,0.591904811325661,1.0,0.5015496228365856,0.5661436785221253,0.5648677557345135
5,9,0.24651064503367895,0.9289177705573607,4001,1.1687583639508201,0.9385307346326837,667,1.1759192650310528,0.9401,0.6983836293302963,0.0789831413782905,,,0.6047128976286867,,0.6047236584508809,0.39527634154911906,0.9591093475417728,0.38304276610285554,5,0.1,0.5,0.49616346418639196,0.4942623607240447,0.4985380481320243,0.4957374954681186,0.48899997001521756,0.5128688505549608,0.5015142219343549,0.5025460663497557,0.5015496228365856,1.0,0.49705107221511097,0.4905902761101338
5,10,0.24199379821017872,0.9260992543070198,3889,1.1692919504074824,0.941358024691358,648,1.1573374492291826,0.9429,0.7741285047262093,0.08399094736860052,,,0.9065662867674483,,0.9065860147582953,0.09341398524170474,0.9648089011549461,0.3856109974778494,5,0.1,0.5,0.5609930884628908,0.5757274703066998,0.5698641127623799,0.5516535972155434,0.5642168933969812,0.5727624589801069,0.5610386015525474,0.580932126579433,0.5661436785221253,0.49705107221511097,1.0,0.5576146580187236
5,11,0.23220570807446952,0.9311527301503562,3791,1.1733766138553618,0.9272151898734177,632,1.1572881129603036,0.9429,0.7671286207002918,0.08367265898567641,,,0.8873809534508135,,0.8873952110837809,0.11260478891621906,0.9647604359655307,0.3855917288479437,5,0.1,0.5,0.5623955897250904,0.5569317675416212,0.5564159913470639,0.5431274950894344,0.5568260895907091,0.5749114707195103,0.5625884897731073,0.5680262105477962,0.5648677557345135,0.4905902761101338,0.5576146580187236,1.0
6,0,0.17855550645839727,0.9451911370830289,8214,0.9120383636896,0.9525200876552228,1369,0.9191706814704993,0.9501,0.7637899348255208,0.08344307622575081,,,0.855755973842408,,0.855775312484313,0.14422468751568696,0.9657700634644928,0.38283232673503903,5,0.1,0.5,1.0,0.5632532562700775,0.5505495708204833,0.5425066173803565,0.5442173057748377,0.557012365716778,0.5424788974920861,0.546832068201272,0.5418806511647706,0.5513645328011814,0.5365824968724225,0.540939560268605
6,1,0.18312752708358673,0.9434438697900821,6574,0.9032632572310312,0.9562043795620438,1096,0.9189325765298959,0.9501,0.7759767633284527,0.08465238247892286,,,0.9510932797339315,,0.9511118919732945,0.04888810802670551,0.9660601543700672,0.38292797427579195,5,0.1,0.5,0.5632532562700775,1.0,0.56324167886884,0.5606456294042291,0.5677718456406626,0.5623075900612338,0.5569792322300736,0.5595935299813326,0.5475481800390847,0.5487695746844169,0.5495830627427547,0.5429401729952993
6,2,0.19243696688453138,0.942313678021788,5783,0.9240143683648878,0.9439834024896265,964,0.9189278506242429,0.9501,0.7678579263639307,0.08434365501903761,,,0.9267543298583405,,0.926775764268862,0.07322423573113801,0.9660440221460591,0.3829201409434132,5,0.1,0.5,0.5505495708204833,0.56324167886884,1.0,0.5591343576567649,0.549230437760118,0.5516056672568035,0.5484676336579789,0.5632785547084262,0.5458691783164871,0.5507993450002814,0.5314820369965108,0.5351764136234053
6,3,0.21307256889911033,0.9361830905995839,5287,0.9154082110949925,0.9557321225879682,881,0.9190380061015534,0.9501,0.7642371812442136,0.08350957339203703,,,0.8609983685348357,,0.8610109934240249,0.13898900657597513,0.9658084250235639,0.38284311641359614,5,0.1,0.5,0.5425066173803565,0.5606456294042291,0.5591343576567649,1.0,0.545717969664044,0.5658604317952527,0.5452961619151302,0.5558479090797538,0.5345877166126143,0.5507040344687918,0.5302260954340674,0.5298821670965405
6,4,0.1926565629213808,0.9428976697061804,4935,0.9241091058804438,0.9549878345498783,822,0.9189634524976102,0.9501,0.7678832751465783,0.08395343672026612,,,0.8959909386852074,,0.8960042166557903,0.10399578334420967,0.9659800812170048,0.38289653694229947,5,0.1,0.5,0.5442173057748377,0.5677718456406626,0.549230437760118,0.545717969664044,1.0,0.5569897559046753,0.5442765681730332,0.5583942021444072,0.5541581815815908,0.5448340914250946,0.5396413191195323,0.547109444589864
6,5,0.1965734489517261,0.9424898221555603,4667,0.9306559324264526,0.9473007712082262,778,0.9189277575038873,0.9501,0.7772261439707272,0.08489220481012455,,,0.9699999999211636,,0.9700015059484965,0.029998494051503455,0.9660629790926585,0.3829303864484035,5,0.1,0.5,0.557012365716778,0.5623075900612338,0.5516056672568035,0.5658604317952527,0.5569897559046753,1.0,0.5505560869173383,0.5682589736272161,0.5580401816803853,0.561470199611711,0.5468030750284343,0.5551927283818691
6,6,0.20046422814867193,0.942735234673254,4453,0.9335971598823866,0.9433962264150944,742,0.9189791287096164,0.9501,0.7623225466729558,0.08391187865773583,,,0.8927146522116065,,0.8927262687616083,0.10727373123839168,0.9659913892670635,0.38289309869822996,5,0.1,0.5,0.5424788974920861,0.5569792322300736,0.5484676336579789,0.5452961619151302,0.5442765681730332,0.5505560869173383,1.0,0.5585545262492064,0.5449040554830875,0.5400038664355935,0.5372961617318341,0.5307414910196283
6,7,0.19719547234169804,0.9416880991349077,4277,0.9339208706565525,0.9467040673211781,713,0.9190193949796902,0.9501,0.7760717348889529,0.08479983199217603,,,0.9627176629798633,,0.9627327945384268,0.03726720546157325,0.9660632795471052,0.3829297511124109,5,0.1,0.5,0.546832068201272,0.5595935299813326,0.5632785547084262,0.5558479090797538,0.5583942021444072,0.5682589736272161,0.5585545262492064,1.0,0.5600404524665885,0.5549057314900651,0.5493129483651015,0.5484670882947811
6,8,0.22629299724841706,0.9314119641559699,4129,0.9107693406668577,0.9563953488372093,688,0.9416957044372924,0.9474,0.7594378036536705,0.07956471394506036,,,0.55,,0.5500125495708047,0.4499874504291953,0.9586174422818288,0.37879262830074945,5,0.1,0.5,0.5418806511647706,0.5475481800390847,0.5458691783164871,0.5345877166126143,0.5541581815815908,0.5580401816803853,0.5449040554830875,0.5600404524665885,1.0,0.5393582661856993,0.5365047176297055,0.5444327459683804
6,9,0.23038486498879063,0.9329667583104224,4001,0.9325186241240728,0.9430284857571214,667,0.9401295084161119,0.947,0.7622071936477679,0.08027475868258055,,,0.6059773441674234,,0.6059986948446363,0.3940013051553637,0.9608183941432201,0.3802989485935919,5,0.1,0.5,0.5513645328011814,0.5487695746844169,0.5507993450002814,0.5507040344687918,0.5448340914250946,0.561470199611711,0.5400038664355935,0.5549057314900651,0.5393582661856993,1.0,0.5393612625786091,0.5461404377042157
