round,client_id,client_i_training_loss,client_i_training_accuracy,client_i_training_dataset_size,client_i_evaluation_loss,client_i_evaluation_accuracy,client_i_evaluation_dataset_size,client_i_central_evaluation_loss,client_i_central_evaluation_accuracy,client_i_cosine_similarity,client_i_importance_coefficient,client_i_tanh_val,tanh_normalization_value,client_i_q,client_i_mask_order,client_i_v_nonzero_fraction,client_i_v_sparsity,client_i_v_cosine_similarity,client_i_reward_gradient_norm,local_epochs,learning_rate,gamma,client_0_cosine_similarity,client_1_cosine_similarity,client_2_cosine_similarity,client_3_cosine_similarity,client_4_cosine_similarity,client_5_cosine_similarity,client_6_cosine_similarity,client_7_cosine_similarity,client_8_cosine_similarity,client_9_cosine_similarity,client_10_cosine_similarity,client_11_cosine_similarity
0,0,0.27865834150985175,0.9140491843194546,8214,2.20334529876709,0.295836376917458,1369,2.2047731670708703,0.2908,0.7982615801609232,0.08690097003712957,,,0.9799999999891567,,0.9800010039656644,0.019998996034335637,0,0.38536258880211005,5,0.1,0.5,1.0,0.5612404824102413,0.5671164147703137,0.5609505514689151,0.5934327523588392,0.5716846060186359,0.5737352635322216,0.585699871632564,0.4884613385334239,0.41410813768131705,0.5834850664271242,0.5713709396873411
0,1,0.2945831000000166,0.9072710678430179,6574,2.1986885547637938,0.31386861313868614,1096,2.204772567596679,0.2909,0.7907269227780622,0.0860807263328841,,,0.9711058527329368,,0.9711259474925957,0.02887405250740427,0,0.3853621271035363,5,0.1,0.5,0.5612404824102413,1.0,0.575279889611869,0.5806609271616479,0.5767295015584163,0.5776071979496359,0.5851578554570611,0.5875921812245367,0.5055494548001717,0.4315425524463863,0.5946181625456058,0.5797964544290765
0,2,0.3309393782353862,0.8968009683555248,5783,2.2058390571225073,0.3029045643153527,964,2.204772571405283,0.2909,0.7908480356175595,0.08609391101256535,,,0.9712488181491956,,0.9712614828572863,0.028738517142713693,0,0.3853621312281433,5,0.1,0.5,0.5671164147703137,0.575279889611869,1.0,0.5937687801863892,0.5853327303605755,0.6016941402421203,0.581518151793653,0.590904789587456,0.512473645002979,0.4305284748444815,0.5896585083439735,0.5971830287696247
0,3,0.3267424530186971,0.8991866843200302,5287,2.204389010156904,0.3178206583427923,881,2.2047725249403203,0.2909,0.7903370426406456,0.08603828289957634,,,0.9706456259199239,,0.9706641232869836,0.029335876713016407,0,0.3853620911966124,5,0.1,0.5,0.5609505514689151,0.5806609271616479,0.5937687801863892,1.0,0.5935131071261684,0.5903741662640287,0.5931647296854016,0.6046012667612042,0.5129876495643052,0.43750857286403916,0.6049478238579018,0.5986708268141575
0,4,0.32774158944495985,0.8939007092198582,4935,2.1981906432371874,0.28345498783454987,822,2.2047723916391977,0.2909,0.7890175796730191,0.08589464250065885,,,0.9690880902103516,,0.9691029566788816,0.030897043321118423,0,0.38536197094407487,5,0.1,0.5,0.5934327523588392,0.5767295015584163,0.5853327303605755,0.5935131071261684,1.0,0.5840968554213765,0.598244936372524,0.5963312728634445,0.5208540865213656,0.42884372254713216,0.5934150193925918,0.5931240915304844
0,5,0.35822170137312925,0.8889650739232912,4667,2.2133956718444825,0.2737789203084833,778,2.204771723610144,0.291,0.7841307612641288,0.0853626498923684,,,0.9633195356053413,,0.9633301541087295,0.036669845891270536,0,0.3853613884514748,5,0.1,0.5,0.5716846060186359,0.5776071979496359,0.6016941402421203,0.5903741662640287,0.5840968554213765,1.0,0.593064508599122,0.5984385809300338,0.5232225844960356,0.4236863355716196,0.5978891815705898,0.589915373401261
0,6,0.3630063196950193,0.8887491578710981,4453,2.2055534621079764,0.27358490566037735,742,2.2047715872621385,0.291,0.7818398476956618,0.08511325468618691,,,0.9606152689620345,,0.9606345062998846,0.03936549370011544,0,0.38536107951337956,5,0.1,0.5,0.5737352635322216,0.5851578554570611,0.581518151793653,0.5931647296854016,0.598244936372524,0.593064508599122,1.0,0.5962316139555337,0.501087373951313,0.4282592787636308,0.6015952769447098,0.5938434973351667
0,7,0.3527004273107915,0.8902969371054478,4277,2.203335533971372,0.2861150070126227,713,2.204772458670619,0.2909,0.7911558778538185,0.08612742357237552,,,0.9716122048357886,,0.9716279303247829,0.028372069675217104,0,0.3853621628622949,5,0.1,0.5,0.585699871632564,0.5875921812245367,0.590904789587456,0.6046012667612042,0.5963312728634445,0.5984385809300338,0.5962316139555337,1.0,0.5247508479516537,0.43231622179616064,0.6238433499069521,0.6088113215490235
0,8,0.43034968340384344,0.8700896100750787,4129,2.209683970971541,0.27761627906976744,688,2.2047869610710267,0.2909,0.6958227020042251,0.0757491895900012,,,0.8590779167687405,,0.8590934190050701,0.14090658099492992,0,0.385271800901758,5,0.1,0.5,0.4884613385334239,0.5055494548001717,0.512473645002979,0.5129876495643052,0.5208540865213656,0.5232225844960356,0.501087373951313,0.5247508479516537,1.0,0.395392684274212,0.5171044538837595,0.5159114694448722
0,9,0.48460547424852735,0.864383904023994,4001,2.2106532596406483,0.2638680659670165,667,2.2050642632067015,0.2901,0.6034175835355673,0.06568971205670511,,,0.75,,0.750002509914161,0.24999749008583905,0,0.3848164302355645,5,0.1,0.5,0.41410813768131705,0.4315425524463863,0.4305284748444815,0.43750857286403916,0.42884372254713216,0.4236863355716196,0.4282592787636308,0.43231622179616064,0.395392684274212,1.0,0.4414770156715093,0.438576637554899
0,10,0.36350565666302304,0.887940344561584,3889,2.2039656525566462,0.27314814814814814,648,2.2047724754284745,0.2909,0.7892500604168118,0.08591995099934228,,,0.9693625178139518,,0.9693740274082626,0.030625972591737383,0,0.38536198081072903,5,0.1,0.5,0.5834850664271242,0.5946181625456058,0.5896585083439735,0.6049478238579018,0.5934150193925918,0.5978891815705898,0.6015952769447098,0.6238433499069521,0.5171044538837595,0.4414770156715093,1.0,0.6149275421898269
0,11,0.41384254606957194,0.8739118965972039,3791,2.2024688482284547,0.3069620253164557,632,2.204771799782214,0.2908,0.7810685255728318,0.08502928642020634,,,0.9597047759968156,,0.9597158777169821,0.04028412228301792,0,0.3853609546659918,5,0.1,0.5,0.5713709396873411,0.5797964544290765,0.5971830287696247,0.5986708268141575,0.5931240915304844,0.589915373401261,0.5938434973351667,0.6088113215490235,0.5159114694448722,0.438576637554899,0.6149275421898269,1.0
1,0,0.24794272694461308,0.9234477720964207,8214,2.0518652339314305,0.6778670562454346,1369,2.0557033505302647,0.6642,0.7985381418902551,0.08596979433936038,,,0.9763473533103411,,0.9763616284323076,0.02363837156769244,0.9547478553347023,0.3965290811305292,5,0.1,0.5,1.0,0.6097205959533633,0.6165833501572412,0.623492049524806,0.613810948612919,0.6188495813926291,0.6097679877888067,0.6222014452085514,0.4138911217472649,0.6137633320758821,0.6128915747610448,0.6092747127024484
1,1,0.26231625423974636,0.9185275327045939,6574,2.0488377060209,0.698905109489051,1096,2.0557014686992754,0.6642,0.8041142850478556,0.08561855016993661,,,0.9710411276729455,,0.9710606897244114,0.028939310275588603,0.9547452753546858,0.3965287920669048,5,0.1,0.5,0.6097205959533633,1.0,0.6253607825774072,0.6268514615437287,0.6228101384583384,0.6169772089955978,0.6171824974052165,0.6222790729174075,0.4159849105272853,0.6235444082978356,0.6229277226098899,0.6184865588121269
1,2,0.29626626528449646,0.9103579457029224,5783,2.0571652996924614,0.6649377593360996,964,2.055701783670785,0.6642,0.8136669127045876,0.08596258763391817,,,0.9762384820221961,,0.9762562120375483,0.02374378796245169,0.9547480995984278,0.39652907880811,5,0.1,0.5,0.6165833501572412,0.6253607825774072,1.0,0.6424992383724544,0.636896684582307,0.6246900077665954,0.6205368514288437,0.6360406773195058,0.414191431464349,0.6282350856382166,0.6385162168227995,0.6276297368519415
1,3,0.2923899361504668,0.9103461320219406,5287,2.0548572880881175,0.6526674233825198,881,2.0557016907408596,0.6642,0.8140757473142628,0.08593984281958764,,,0.975894877409153,,0.9759098438833392,0.024090156116660766,0.9547471627817066,0.3965290596418516,5,0.1,0.5,0.623492049524806,0.6268514615437287,0.6424992383724544,1.0,0.6343840896960732,0.6160879864178662,0.6305781911606169,0.6352817860095469,0.4202455753989138,0.6302955558558819,0.633899593610101,0.6226779927291102
1,4,0.2847372666193593,0.9112867274569402,4935,2.049115391877981,0.6654501216545012,822,2.0557019497258975,0.6642,0.8132348530183328,0.08581455281418966,,,0.9740021284424076,,0.9740173686059936,0.02598263139400636,0.9547466045425321,0.39652897414259497,5,0.1,0.5,0.613810948612919,0.6228101384583384,0.636896684582307,0.6343840896960732,1.0,0.6130589981701305,0.6323257640723385,0.6380136034830589,0.42289981377670655,0.6286953235922733,0.6486496341375082,0.6176025290646515
1,5,0.312866663106092,0.9031497750160703,4667,2.0672426891326903,0.6542416452442159,778,2.055700035140918,0.6642,0.8075738008742049,0.085261148671294,,,0.9656418836141694,,0.9656593544500778,0.03434064554992222,0.9547406471989831,0.3965283480221193,5,0.1,0.5,0.6188495813926291,0.6169772089955978,0.6246900077665954,0.6160879864178662,0.6130589981701305,1.0,0.6277409949014904,0.6392413940493221,0.4239786153881722,0.6218937332261438,0.6332966070159746,0.6220047175719233
1,6,0.3143980831280351,0.9036155400853357,4453,2.059175302584966,0.6711590296495957,742,2.0556979887782574,0.6642,0.8086419371142325,0.08513233829527778,,,0.9636959526092472,,0.9637066412328699,0.036293358767130135,0.9547393094798243,0.3965281383770284,5,0.1,0.5,0.6097679877888067,0.6171824974052165,0.6205368514288437,0.6305781911606169,0.6323257640723385,0.6277409949014904,1.0,0.637066777303856,0.4175207227732587,0.6185765225029117,0.6372288835744154,0.6187578222102725
1,7,0.3105610835365951,0.906008884732289,4277,2.052915034086808,0.6493688639551192,713,2.055699747972214,0.6642,0.8201250673203122,0.08621158029703993,,,0.9799999999848931,,0.9800010039656644,0.019998996034335637,0.9547491693298343,0.3965292138315802,5,0.1,0.5,0.6222014452085514,0.6222790729174075,0.6360406773195058,0.6352817860095469,0.6380136034830589,0.6392413940493221,0.637066777303856,1.0,0.4203795077093174,0.6410912794520971,0.6453786317285302,0.6377398603513221
1,8,0.42956981866915994,0.8914991523371276,4129,2.0640786344354805,0.6482558139534884,688,2.0561065890918524,0.6629,0.5834905226132218,0.0709867925698049,,,0.75,,0.750002509914161,0.24999749008583905,0.9533669851140671,0.39593051400683155,5,0.1,0.5,0.4138911217472649,0.4159849105272853,0.414191431464349,0.4202455753989138,0.42289981377670655,0.4239786153881722,0.4175207227732587,0.4203795077093174,1.0,0.4231772437745597,0.41892167565051813,0.41572855933121555
1,9,0.3324931624284964,0.897725568607848,4001,2.065187136332194,0.6266866566716641,667,2.056436651811813,0.6619,0.8028481306623507,0.07197742750150372,,,0.7649654654211158,,0.7649716379699815,0.23502836203001853,0.9528785003440949,0.39603845824110845,5,0.1,0.5,0.6137633320758821,0.6235444082978356,0.6282350856382166,0.6302955558558819,0.6286953235922733,0.6218937332261438,0.6185765225029117,0.6410912794520971,0.4231772437745597,1.0,0.6384567697411828,0.6329982306599193
1,10,0.3122051882007938,0.9046027256364104,3889,2.050595510573614,0.6682098765432098,648,2.055701608475024,0.6642,0.8199514848448124,0.08606714618821931,,,0.9778180421394556,,0.977827418302294,0.022172581697705973,0.9547494464306149,0.39652914231879965,5,0.1,0.5,0.6128915747610448,0.6229277226098899,0.6385162168227995,0.633899593610101,0.6486496341375082,0.6332966070159746,0.6372288835744154,0.6453786317285302,0.41892167565051813,0.6384567697411828,1.0,0.6431319074345745
1,11,0.35301332875554053,0.8936428383012398,3791,2.055233871936798,0.6566455696202531,632,2.0556992380002055,0.6643,0.8081259116348982,0.08505823869986788,,,0.9625765342470016,,0.9625972591737363,0.037402740826263714,0.9547396131575182,0.3965280143032903,5,0.1,0.5,0.6092747127024484,0.6184865588121269,0.6276297368519415,0.6226779927291102,0.6176025290646515,0.6220047175719233,0.6187578222102725,0.6377398603513221,0.41572855933121555,0.6329982306599193,0.6431319074345745,1.0
2,0,0.22891266474442318,0.9315315315315316,8214,1.8613669290099033,0.8539079620160701,1369,1.867970556496812,0.8516,0.7981150373495208,0.0849935581372099,,,0.9647888876878649,,0.9647959439787159,0.03520405602128407,0.9658049804996564,0.4010669453843289,5,0.1,0.5,1.0,0.6127934858818683,0.6198535763496842,0.6161584750081247,0.6185746770534876,0.6214611188260348,0.6138503879792021,0.6119469089637042,0.5801820093557849,0.5466551630521282,0.6130999774578662,0.6012345706480402
2,1,0.243448003897787,0.9244599939154244,6574,1.8600436653409684,0.8567518248175182,1096,1.8679654156438077,0.8516,0.8074893469239294,0.08508795900094385,,,0.9665390223848271,,0.9665579037196927,0.033442096280307254,0.9658055894327066,0.4010671609520878,5,0.1,0.5,0.6127934858818683,1.0,0.6296196257092808,0.6291865184971498,0.6225339603673412,0.6227978812804457,0.6229126766409521,0.6171515987129282,0.5842391539555976,0.5571286722318267,0.6346024109617414,0.6145182990569351
2,2,0.2642165166547121,0.9203873422099257,5783,1.869505032416313,0.8609958506224067,964,1.867969503037084,0.8516,0.8111171895037502,0.08544325697816633,,,0.973126031158922,,0.9731439184779881,0.02685608152201191,0.9658042579595186,0.4010677456916425,5,0.1,0.5,0.6198535763496842,0.6296196257092808,1.0,0.6305422200295209,0.6274452002274983,0.6262528106949018,0.6196123623247264,0.6317715133879094,0.5886115484226612,0.5510604551784201,0.6312537063541965,0.6236682004675108
2,3,0.2703412832378084,0.917684887459807,5287,1.8667673426015037,0.8637911464245176,881,1.8679703873948168,0.8516,0.8132069001926129,0.08550119630475803,,,0.9742001910953453,,0.9742131419105466,0.025786858089453357,0.9658034776500908,0.4010678150252403,5,0.1,0.5,0.6161584750081247,0.6291865184971498,0.6305422200295209,1.0,0.635875516227045,0.631079661695621,0.6244790944630748,0.6294546891997784,0.5955225323972984,0.559931284732833,0.6325932787656228,0.6171484296369949
2,4,0.2593846976829152,0.9227558257345492,4935,1.8620262421094453,0.8576642335766423,822,1.8679705599245553,0.8516,0.8155622680615024,0.0855003174679277,,,0.9741838979941079,,0.974198082425581,0.025801917574418964,0.9658026562937955,0.4010678144178775,5,0.1,0.5,0.6185746770534876,0.6225339603673412,0.6274452002274983,0.635875516227045,1.0,0.6345267468565438,0.631991590560073,0.6382289473100505,0.5933570719217389,0.5605786940893294,0.6390411223396375,0.6221486402059186
2,5,0.27792042985635057,0.9156203128347975,4667,1.8817892456054688,0.8470437017994858,778,1.8679647723706767,0.8517,0.8142782660821346,0.08508789925247921,,,0.9665379146845698,,0.9665579037196927,0.033442096280307254,0.9658019835899069,0.4010671609520878,5,0.1,0.5,0.6214611188260348,0.6227978812804457,0.6262528106949018,0.631079661695621,0.6345267468565438,1.0,0.6313740856250253,0.6379576653067305,0.5962623088363009,0.5551997773457041,0.6353916032196326,0.6219982495383933
2,6,0.28369415944309107,0.914888838984954,4453,1.8746645053227742,0.8490566037735849,742,1.8679624533120054,0.8517,0.8102260701051653,0.0848607085465307,,,0.9623259369379628,,0.9623412479293209,0.03765875207067915,0.9658011847198221,0.40106661792739934,5,0.1,0.5,0.6138503879792021,0.6229126766409521,0.6196123623247264,0.6244790944630748,0.631991590560073,0.6313740856250253,1.0,0.627351449114211,0.5906686935438569,0.5639463494201267,0.6326332959781799,0.6186648036499153
2,7,0.2792272226287247,0.9158756137479541,4277,1.8636462325635164,0.8569424964936886,713,1.8679710554238707,0.8516,0.8145684959157331,0.08572926138871927,,,0.9784283792794188,,0.9784398373575623,0.021560162642437652,0.965807179108215,0.4010680471077617,5,0.1,0.5,0.6119469089637042,0.6171515987129282,0.6317715133879094,0.6294546891997784,0.6382289473100505,0.6379576653067305,0.627351449114211,1.0,0.6023468332800501,0.5596054758861604,0.6361441394427897,0.622777389348717
2,8,0.32993854325067684,0.9032211189149916,4129,1.8820638873360374,0.8313953488372093,688,1.8691789825884297,0.8521,0.7678777303147533,0.07398585195744864,,,0.7607126985815554,,0.7607298830380002,0.23927011696199985,0.9638509367253525,0.40049596343207144,5,0.1,0.5,0.5801820093557849,0.5842391539555976,0.5886115484226612,0.5955225323972984,0.5933570719217389,0.5962623088363009,0.5906686935438569,0.6023468332800501,1.0,0.5259876420364133,0.5974136497148002,0.588195130026648
2,9,0.36317061183905774,0.8970757310672332,4001,1.8819496063959031,0.8305847076461769,667,1.8696801133049181,0.8513,0.7325246718637302,0.07340801757660043,,,0.75,,0.750002509914161,0.24999749008583905,0.9638388112776846,0.40040562636615284,5,0.1,0.5,0.5466551630521282,0.5571286722318267,0.5510604551784201,0.559931284732833,0.5605786940893294,0.5551997773457041,0.5639463494201267,0.5596054758861604,0.5259876420364133,1.0,0.5776478412239436,0.5486623184168714
2,10,0.28187354808123627,0.9160709694008743,3889,1.8578319322495234,0.8564814814814815,648,1.8679739472965082,0.8516,0.8197379455676578,0.08581403335055306,,,0.9799999999814606,,0.9800010039656644,0.019998996034335637,0.9658073538441168,0.4010681194534259,5,0.1,0.5,0.6130999774578662,0.6346024109617414,0.6312537063541965,0.6325932787656228,0.6390411223396375,0.6353916032196326,0.6326332959781799,0.6361441394427897,0.5974136497148002,0.5776478412239436,1.0,0.636082135515191
2,11,0.32503415085218784,0.9009232392508573,3791,1.870020294189453,0.8417721518987342,632,1.8679608137081987,0.8518,0.803830455183634,0.0845879400386628,,,0.9572689744169024,,0.9572812609808744,0.042718739019125596,0.9657996782661094,0.40106577627537615,5,0.1,0.5,0.6012345706480402,0.6145182990569351,0.6236682004675108,0.6171484296369949,0.6221486402059186,0.6219982495383933,0.6186648036499153,0.622777389348717,0.588195130026648,0.5486623184168714,0.636082135515191,1.0
3,0,0.21078854758538856,0.9369125882639396,8214,1.6421408958213275,0.9181884587289992,1369,1.6512169468517122,0.9107,0.8000415035097691,0.08471464374621858,,,0.9628555219452558,,0.9628683299031173,0.037131670096882674,0.9677244344141239,0.39682487273896083,5,0.1,0.5,1.0,0.6137050009907891,0.6092487172141325,0.6139654221746151,0.608477704734936,0.6143189484717119,0.6064447809492999,0.615067813322577,0.5258320459585268,0.5682064215426489,0.6085258852928428,0.6131880974579972
3,1,0.21850697818637183,0.9341040462427745,6574,1.6426228659493582,0.9105839416058394,1096,1.651208809389474,0.9107,0.7991738510278554,0.0847471262853256,,,0.9635008680626564,,0.9635158877566388,0.03648411224336123,0.9677282899204828,0.3968249933818869,5,0.1,0.5,0.6137050009907891,1.0,0.6185521375394207,0.611742549517171,0.6111727286575244,0.6188850486680801,0.6027232671324556,0.6065043500587723,0.5199442730284799,0.5705548819709062,0.6129760885823164,0.6011579004441564
3,2,0.248580383965797,0.9257478817222895,5783,1.6533509569783365,0.9118257261410788,964,1.6512145333396742,0.9107,0.8048767159269358,0.08518399228817905,,,0.9721802935791442,,0.9721951709251544,0.027804829074845605,0.9677331256837272,0.39682591508845105,5,0.1,0.5,0.6092487172141325,0.6185521375394207,1.0,0.6221035553466716,0.621528267280593,0.6191175633901477,0.601011780654581,0.6183536583362451,0.5244258285633272,0.5698381497710695,0.6183611983989714,0.6173137705802768
3,3,0.24610009649039122,0.9247210138074522,5287,1.649414015667779,0.9228149829738933,881,1.6512167693707889,0.9107,0.8064041532438534,0.08527619172716237,,,0.974012063865893,,0.9740274082626375,0.02597259173736255,0.9677321196686623,0.3968260521949628,5,0.1,0.5,0.6139654221746151,0.611742549517171,0.6221035553466716,1.0,0.6244553869614378,0.6185833777225845,0.6123933719601172,0.6266770737765313,0.5226697081149221,0.5783974067476374,0.6155266153510391,0.6082051017686121
3,4,0.23537504212810628,0.9281458966565349,4935,1.6444092163672814,0.9197080291970803,822,1.6512141380066307,0.9107,0.808302772604394,0.08534220897203453,,,0.975323659998183,,0.9753375834546458,0.02466241654535417,0.9677314289165415,0.3968261232493058,5,0.1,0.5,0.608477704734936,0.6111727286575244,0.621528267280593,0.6244553869614378,1.0,0.6163057749498868,0.6166336423092063,0.6202384043078466,0.5352461257175651,0.5816348872201296,0.626180074589488,0.6126363726173351
3,5,0.25475103659555315,0.9240625669595028,4667,1.6668316221237183,0.9074550128534704,778,1.6512103945302505,0.9107,0.8088433097670908,0.08508628819751231,,,0.9702391597484976,,0.970257517192912,0.029742482807088022,0.9677317462580063,0.3968257439190051,5,0.1,0.5,0.6143189484717119,0.6188850486680801,0.6191175633901477,0.6185833777225845,0.6163057749498868,1.0,0.6158096847757153,0.6280615921092242,0.5273034135442144,0.5766981232278094,0.6225680739015843,0.622115737552515
3,6,0.2550765278709254,0.922883449359982,4453,1.6610062917073567,0.9097035040431267,742,1.651207524366653,0.9107,0.7999282234412807,0.0846221237570095,,,0.9610173831340839,,0.9610360925656343,0.03896390743436573,0.9677236493511521,0.3968246181829725,5,0.1,0.5,0.6064447809492999,0.6027232671324556,0.601011780654581,0.6123933719601172,0.6166336423092063,0.6158096847757153,1.0,0.6191583277717164,0.521454188101339,0.5749433544832472,0.6170946660296163,0.6090997242187599
3,7,0.2507752519643018,0.9258358662613981,4277,1.6448807353558748,0.9200561009817672,713,1.651212980572027,0.9106,0.8087778199715716,0.08551146790007311,,,0.9786864079559459,,0.9787008684302997,0.021299131569700314,0.9677328132383454,0.3968263064999358,5,0.1,0.5,0.615067813322577,0.6065043500587723,0.6183536583362451,0.6266770737765313,0.6202384043078466,0.6280615921092242,0.6191583277717164,1.0,0.5271478176941791,0.5717301049100451,0.6241364085144196,0.6184950853101564
3,8,0.3377096178411627,0.9047226931460403,4129,1.6712632016702131,0.9011627906976745,688,1.6532801713425511,0.9101,0.7037757861002416,0.07400087693286644,,,0.75,,0.750002509914161,0.24999749008583905,0.965983150702959,0.3961797919755054,5,0.1,0.5,0.5258320459585268,0.5199442730284799,0.5244258285633272,0.5226697081149221,0.5352461257175651,0.5273034135442144,0.521454188101339,0.5271478176941791,1.0,0.4913080851496421,0.5317104086429716,0.5245348595204712
3,9,0.28693031653285345,0.9160209947513122,4001,1.6693984440394811,0.8920539730134932,667,1.6537322023044378,0.9099,0.7554252736438113,0.07542759068270112,,,0.7783452034357388,,0.7783545002760905,0.22164549972390946,0.9659783734500601,0.39639136025938115,5,0.1,0.5,0.5682064215426489,0.5705548819709062,0.5698381497710695,0.5783974067476374,0.5816348872201296,0.5766981232278094,0.5749433544832472,0.5717301049100451,0.4913080851496421,1.0,0.5829556015234403,0.5695179823807983
3,10,0.254122816978908,0.9259964001028542,3889,1.6370186294828142,0.9135802469135802,648,1.6512167762262753,0.9106,0.8090519379291238,0.08557758560520191,,,0.9799999999801325,,0.9800010039656644,0.019998996034335637,0.9677324591141384,0.39682635904445385,5,0.1,0.5,0.6085258852928428,0.6129760885823164,0.6183611983989714,0.6155266153510391,0.626180074589488,0.6225680739015843,0.6170946660296163,0.6241364085144196,0.5317104086429716,0.5829556015234403,1.0,0.6198748578692553
3,11,0.2911020417815121,0.9133737800052757,3791,1.6563327372074128,0.8829113924050633,632,1.6512068723337339,0.9107,0.8019118284212913,0.08450990390571535,,,0.9587878577546378,,0.9587972491340796,0.0412027508659204,0.9677198786943421,0.39682421559146686,5,0.1,0.5,0.6131880974579972,0.6011579004441564,0.6173137705802768,0.6082051017686121,0.6126363726173351,0.622115737552515,0.6090997242187599,0.6184950853101564,0.5245348595204712,0.5695179823807983,0.6198748578692553,1.0
4,0,0.19998186642217092,0.9402970538105673,8214,1.4042651459228161,0.9379108838568299,1369,1.4162548193916344,0.9314,0.7894750058562683,0.08469947609613576,,,0.9620040705689628,,0.9620249987450429,0.03797500125495712,0.9667313087874643,0.38936566629078806,5,0.1,0.5,1.0,0.5944281581677267,0.5889009137942259,0.5963771443039505,0.5938200028944278,0.6005987717484188,0.5938735822866221,0.5935831296911761,0.5976461219657693,0.40595900609483826,0.5964183038683017,0.5916398072717456
4,1,0.20677435089725532,0.9371159111651962,6574,1.4075347764151438,0.9306569343065694,1096,1.4162451104995923,0.9313,0.7896998396618197,0.08472920329488487,,,0.9624717368469249,,0.9624818031223332,0.037518196877666776,0.9667334954811873,0.3893657018672491,5,0.1,0.5,0.5944281581677267,1.0,0.5983402944293473,0.5945679392873094,0.6001090088309191,0.6005084453812689,0.5936317916564791,0.5919296130093141,0.5903389895592779,0.4031058972669064,0.6026241074185846,0.5841825990297628
4,2,0.22504370641683677,0.932180529137126,5783,1.4185869078482352,0.9263485477178424,964,1.416248897013192,0.9313,0.7934846081087923,0.08515587661690802,,,0.969184132659943,,0.9691983334169971,0.030801666583002874,0.9667405881543651,0.3893666449060802,5,0.1,0.5,0.5889009137942259,0.5983402944293473,1.0,0.5927232164518135,0.6064989622630376,0.5978633157496509,0.5912686577890911,0.6045126074074132,0.5913263878601782,0.4055743729810785,0.606921013608915,0.6028094044972919
4,3,0.22922447151223938,0.9310762247020995,5287,1.4135486015251704,0.945516458569807,881,1.416253975405099,0.9313,0.7888032870503789,0.08505244839869745,,,0.9675570069339365,,0.9675719090407108,0.032428090959289224,0.9667383465534121,0.3893664641069662,5,0.1,0.5,0.5963771443039505,0.5945679392873094,0.5927232164518135,1.0,0.5976397921889706,0.5903307691394212,0.5949925058403004,0.5945532915031846,0.5915972000742942,0.40814985613182553,0.5984455813884307,0.5844421375346194
4,4,0.21446702196232734,0.9348328267477204,4935,1.4090452331763048,0.9355231143552312,822,1.4162449181651156,0.9314,0.8000288626965456,0.08549305607459885,,,0.9744886170587049,,0.9744942522965715,0.025505747703428505,0.9667410312454923,0.38936714545478773,5,0.1,0.5,0.5938200028944278,0.6001090088309191,0.6064989622630376,0.5976397921889706,1.0,0.6019550123002325,0.6046206248139679,0.605374482012997,0.6077405357245742,0.4296322490063369,0.6139219823983474,0.5894142176597884
4,5,0.23195682251315614,0.9319905721019928,4667,1.4328125524520874,0.9215938303341902,778,1.4162475895196105,0.9313,0.7974961752301186,0.08523196638854641,,,0.9703811717954982,,0.9703980723859243,0.02960192761407565,0.9667400953664133,0.3893667643374493,5,0.1,0.5,0.6005987717484188,0.6005084453812689,0.5978633157496509,0.5903307691394212,0.6019550123002325,1.0,0.6069314698261843,0.6070182675182084,0.6044828252090303,0.41072989516412883,0.6122830974042375,0.593571588641527
4,6,0.2331907022478325,0.9302492701549517,4453,1.4290202657381694,0.9366576819407008,742,1.4162464994972888,0.9314,0.7951731804847024,0.08483858968599134,,,0.9641925961455158,,0.9642036042367351,0.03579639576326488,0.966733759351073,0.3893660002813274,5,0.1,0.5,0.5938735822866221,0.5936317916564791,0.5912686577890911,0.5949925058403004,0.6046206248139679,0.6069314698261843,1.0,0.6071176457969961,0.604602356355997,0.4010462099995276,0.6135379670673639,0.5943805816803106
4,7,0.22848727423836712,0.9334580313303718,4277,1.4087280864300935,0.9495091164095372,713,1.4162421367419795,0.9314,0.7993999515878107,0.08558439138273473,,,0.975925497942199,,0.9759449826815922,0.024055017318407756,0.9667387113738094,0.3893672648522692,5,0.1,0.5,0.5935831296911761,0.5919296130093141,0.6045126074074132,0.5945532915031846,0.605374482012997,0.6070182675182084,0.6071176457969961,1.0,0.6038243246349363,0.4101772886548817,0.6181029221545811,0.6053465437899975
4,8,0.24451790630812936,0.9237103414870429,4129,1.4422136274251072,0.9244186046511628,688,1.4187238913374587,0.9311,0.7914545582554217,0.07758254722963531,,,0.8500410275117405,,0.8500627478540234,0.14993725214597664,0.9652090459509987,0.38923598571814333,5,0.1,0.5,0.5976461219657693,0.5903389895592779,0.5913263878601782,0.5915972000742942,0.6077405357245742,0.6044828252090303,0.604602356355997,0.6038243246349363,1.0,0.41706967500006037,0.6137220400826563,0.6008557543626583
4,9,0.3474018277556059,0.9110222444388902,4001,1.439288201786223,0.9085457271364318,667,1.4200675978828161,0.931,0.5842297765100242,0.07122344107200088,,,0.75,,0.750002509914161,0.24999749008583905,0.9650889552239744,0.38869286036134004,5,0.1,0.5,0.40595900609483826,0.4031058972669064,0.4055743729810785,0.40814985613182553,0.4296322490063369,0.41072989516412883,0.4010462099995276,0.4101772886548817,0.41706967500006037,1.0,0.4196302664639554,0.40499852462749497
4,10,0.2289190616794541,0.9319619439444587,3889,1.3986014865693592,0.9382716049382716,648,1.4162432899871193,0.9314,0.8054795852927269,0.08584338703351385,,,0.979999999984268,,0.9800010039656644,0.019998996034335637,0.9667411268782039,0.3893675325937863,5,0.1,0.5,0.5964183038683017,0.6026241074185846,0.606921013608915,0.5984455813884307,0.6139219823983474,0.6122830974042375,0.6135379670673639,0.6181029221545811,0.6137220400826563,0.4196302664639554,1.0,0.6036829346689917
4,11,0.2660824091353712,0.9230282247428119,3791,1.4252371788024902,0.9098101265822784,632,1.416243553161621,0.9314,0.7895735900896681,0.0845656167263526,,,0.959898204026838,,0.9599066311932132,0.04009336880678682,0.9667312756714581,0.38936524240051484,5,0.1,0.5,0.5916398072717456,0.5841825990297628,0.6028094044972919,0.5844421375346194,0.5894142176597884,0.593571588641527,0.5943805816803106,0.6053465437899975,0.6008557543626583,0.40499852462749497,0.6036829346689917,1.0
5,0,0.18503358175539583,0.9456537618699781,8214,1.1642126953879068,0.9503287070854638,1369,1.1789023678142803,0.9429,0.7801020959884167,0.08474637159576555,,,0.9661046429453392,,0.9661261984840118,0.03387380151598818,0.965015842161958,0.384312997627763,5,0.1,0.5,1.0,0.5809429651431567,0.5729822863260522,0.5849983598362034,0.5795898846258822,0.5773058969325463,0.5598032312175664,0.5767156433538644,0.5728183622533677,0.41530804781847286,0.5700867152993463,0.574387425145187
5,1,0.19458064902573824,0.942135686035899,6574,1.1702179329735891,0.9434306569343066,1096,1.178891558616687,0.943,0.7818422450218835,0.0848281235550216,,,0.9672134374804301,,0.9672305607148236,0.032769439285176394,0.9650167317029535,0.384313142698226,5,0.1,0.5,0.5809429651431567,1.0,0.5836427237218796,0.585460837621923,0.5800793868094856,0.5863145980442599,0.5608910763098247,0.5708640205096335,0.5673088761853899,0.4101509468125885,0.5794565383416638,0.5739993848281424
5,2,0.2141144785299403,0.9352585163409994,5783,1.1810611101888842,0.9367219917012448,964,1.1788931349976757,0.9429,0.7833372543324655,0.08516867791711175,,,0.9718323459325718,,0.9718488027709452,0.028151197229054792,0.9650208497913132,0.3843136680082943,5,0.1,0.5,0.5729822863260522,0.5836427237218796,1.0,0.5907197791194652,0.587709144167038,0.5791926800051418,0.5606435124177229,0.5769069372804762,0.5736368689020842,0.40773469187754924,0.5790723385288076,0.5783879242818226
5,3,0.20750116927167736,0.9368261774163041,5287,1.1745961180755071,0.9534619750283768,881,1.1788972429574107,0.943,0.7878346180669409,0.08525849034112637,,,0.9730504638325818,,0.9730686210531599,0.026931378946840057,0.9650205012428361,0.38431379944839156,5,0.1,0.5,0.5849983598362034,0.585460837621923,0.5907197791194652,1.0,0.5943320404399927,0.5782722360080272,0.5688990495662691,0.5837408100183964,0.5792495132131841,0.4110143481976077,0.5858945706153184,0.5701060413876669
5,4,0.1971305613829604,0.940952380952381,4935,1.1710933538583608,0.9537712895377128,822,1.1788902256054619,0.943,0.7911283837739524,0.08567223273611588,,,0.9786620150501244,,0.9786757692886904,0.021324230711309622,0.9650234577487675,0.3843141956153135,5,0.1,0.5,0.5795898846258822,0.5800793868094856,0.587709144167038,0.5943320404399927,1.0,0.5822613448326435,0.5795297038109745,0.5915611617465516,0.5835068045676983,0.40907713164851794,0.5930830717868912,0.5795990880861189
5,5,0.21510613648514326,0.935504606813799,4667,1.1967233896255494,0.9305912596401028,778,1.1788926078869513,0.943,0.7835150399684798,0.0852262595063128,,,0.9726133198934283,,0.9726268761608353,0.02737312383916468,0.9650208308917432,0.3843137545946108,5,0.1,0.5,0.5773058969325463,0.5863145980442599,0.5791926800051418,0.5782722360080272,0.5822613448326435,1.0,0.5669656918379339,0.5829178556525556,0.5812158682105787,0.4071454065116874,0.5802828673808613,0.5705328595617851
5,6,0.2204015534903322,0.9339770940938693,4453,1.1930348177750905,0.9514824797843666,742,1.1788968030637064,0.943,0.7697638768394063,0.08447344507080988,,,0.9624029648191382,,0.9624165453541489,0.03758345464585111,0.9650165917320925,0.3843123569619718,5,0.1,0.5,0.5598032312175664,0.5608910763098247,0.5606435124177229,0.5688990495662691,0.5795297038109745,0.5669656918379339,1.0,0.5701358731290641,0.5690437824493689,0.40142202362934615,0.5652978023356356,0.5655661623921244
5,7,0.20956128550234682,0.938180967968202,4277,1.1713373972022014,0.9579242636746143,713,1.1788881301118161,0.943,0.7851953196002293,0.08552334998403702,,,0.9766427315567796,,0.976657798303298,0.02334220169670198,0.96502154978542,0.38431406982553773,5,0.1,0.5,0.5767156433538644,0.5708640205096335,0.5769069372804762,0.5837408100183964,0.5915611617465516,0.5829178556525556,0.5701358731290641,1.0,0.5819111442412744,0.41542643501862486,0.5843561382546234,0.5726108641096345
5,8,0.22096967925626534,0.9311697747638653,4129,1.208952464840629,0.936046511627907,688,1.1816031034000385,0.9429,0.7789329212937578,0.07990889549490486,,,0.9004943858569728,,0.9005120224888309,0.09948797751116911,0.9646498535056095,0.38427184537298914,5,0.1,0.5,0.5728183622533677,0.5673088761853899,0.5736368689020842,0.5792495132131841,0.5835068045676983,0.5812158682105787,0.5690437824493689,0.5819111442412744,1.0,0.40823522909855353,0.5890132881451563,0.5828101516399918
5,9,0.2759674430410895,0.9232691827043239,4001,1.2069261982327415,0.9220389805097451,667,1.1839257139748278,0.9425,0.5869077026833623,0.06881287137909782,,,0.75,,0.750002509914161,0.24999749008583905,0.9630219009477804,0.3835939455438018,5,0.1,0.5,0.41530804781847286,0.4101509468125885,0.40773469187754924,0.4110143481976077,0.40907713164851794,0.4071454065116874,0.40142202362934615,0.41542643501862486,0.40823522909855353,1.0,0.41387040689260635,0.39967676151085096
5,10,0.20824917959369962,0.9386988943173052,3889,1.1606882157779874,0.9459876543209876,648,1.1788881594380631,0.943,0.7872535031413589,0.08577088301489785,,,0.979999999986437,,0.9800010039656644,0.019998996034335637,0.9650231727023907,0.38431425839608135,5,0.1,0.5,0.5700867152993463,0.5794565383416638,0.5790723385288076,0.5858945706153184,0.5930830717868912,0.5802828673808613,0.5652978023356356,0.5843561382546234,0.5890132881451563,0.41387040689260635,1.0,0.5844943417752433
5,11,0.24688146258978283,0.9291479820627803,3791,1.1903826236724853,0.9240506329113924,632,1.1788904141313352,0.943,0.7788117391203697,0.0846103994047986,,,0.9642604642413611,,0.9642738818332413,0.03572611816675875,0.9650141932052423,0.38431269833039666,5,0.1,0.5,0.574387425145187,0.5739993848281424,0.5783879242818226,0.5701060413876669,0.5795990880861189,0.5705328595617851,0.5655661623921244,0.5726108641096345,0.5828101516399918,0.39967676151085096,0.5844943417752433,1.0
6,0,0.17587307550317466,0.9472607742878013,8214,0.9347160098164581,0.9554419284149014,1369,0.9523916219750913,0.9491,0.7711474631453077,0.0850176934680222,,,0.9713070069538647,,0.9713217207971487,0.028678279202851265,0.9628177853177806,0.37703017002344885,5,0.1,0.5,1.0,0.5597446196286981,0.5626299119085887,0.5524937142163892,0.5619919975909873,0.5629821103707009,0.5571456546217547,0.5567293908765856,0.5476761376878967,0.37402740829125836,0.5524800182949278,0.5501390802559256
6,1,0.179572337872837,0.9450867052023122,6574,0.9445232357297625,0.9507299270072993,1096,0.9523828130560561,0.9491,0.7661577672969802,0.08489500752527361,,,0.9698584740764902,,0.9698659705838061,0.03013402941619392,0.9628183565836267,0.37703000802072334,5,0.1,0.5,0.5597446196286981,1.0,0.5596536600732201,0.5611912381251724,0.5551529386005245,0.5583572615257357,0.5527076081562208,0.5515493123839057,0.5407025570355007,0.3708035396791835,0.548173717844948,0.5343000251987586
6,2,0.19979957110088997,0.9393394431955733,5783,0.9548482221941794,0.946058091286307,964,0.9523864856924111,0.9491,0.771425491794372,0.08531408433794428,,,0.9748064455204788,,0.9748155213091713,0.025184478690828738,0.962820216976122,0.3770304951631807,5,0.1,0.5,0.5626299119085887,0.5596536600732201,1.0,0.5598373949971786,0.5555317726752503,0.5520089964785523,0.5585847554785065,0.5659409453725597,0.550297333382424,0.3637614361766227,0.5539771786185093,0.55432773071441
6,3,0.1967115807621908,0.9402307546812937,5287,0.9464577862194606,0.9557321225879682,881,0.9523902367859983,0.9491,0.7698547989469857,0.0853189306136304,,,0.9748636647055531,,0.9748707394207118,0.025129260579288215,0.9628197211953712,0.377030497052861,5,0.1,0.5,0.5524937142163892,0.5611912381251724,0.5598373949971786,1.0,0.5614805720473119,0.5550273951785634,0.5549520075961049,0.5645225309107542,0.5444177929780402,0.3756626272727815,0.5534079602570124,0.5409206468600083
6,4,0.18283878483298804,0.9442755825734549,4935,0.943561430160816,0.9586374695863747,822,0.9523818439568955,0.9491,0.7741788133858298,0.08575396122029888,,,0.9799999999881932,,0.9800010039656644,0.019998996034335637,0.9628195790210508,0.3770308277414385,5,0.1,0.5,0.5619919975909873,0.5551529386005245,0.5555317726752503,0.5614805720473119,1.0,0.5575806999749127,0.565860682938721,0.5585791380159562,0.5572790034498739,0.37619500435704667,0.5624402431734307,0.5489959140418493
6,5,0.1981517377405185,0.9405185343904007,4667,0.9708580183982849,0.9383033419023136,778,0.9523873702405741,0.9492,0.7699402221092213,0.08530011710142907,,,0.9746415366413921,,0.9746498669745495,0.025350133025450527,0.9628205825864994,0.3770304889050814,5,0.1,0.5,0.5629821103707009,0.5583572615257357,0.5520089964785523,0.5550273951785634,0.5575806999749127,1.0,0.5535071087863069,0.5603171723305778,0.5500502586500771,0.3731748539066891,0.5566644117555195,0.5451123135765392
6,6,0.1998698034190706,0.9408488659330788,4453,0.9684107378125191,0.9568733153638814,742,0.952388974043508,0.9492,0.7718141376525177,0.08485635959223022,,,0.9694021642466781,,0.9694141860348376,0.030585813965162356,0.9628146002502991,0.37702995240120707,5,0.1,0.5,0.5571456546217547,0.5527076081562208,0.5585847554785065,0.5549520075961049,0.565860682938721,0.5535071087863069,1.0,0.5643118058857872,0.5606329660610513,0.3715415670746425,0.5588074080555068,0.547492107235824
6,7,0.19772206038556325,0.9408463876548983,4277,0.9439067944236423,0.9607293127629734,713,0.9523796926672086,0.9491,0.7742136251023509,0.08565421182360097,,,0.9788222751618755,,0.9788313839666684,0.021168616033331644,0.9628191899319468,0.377030769053387,5,0.1,0.5,0.5567293908765856,0.5515493123839057,0.5659409453725597,0.5645225309107542,0.5585791380159562,0.5603171723305778,0.5643118058857872,1.0,0.5579591709957097,0.36673327843840264,0.5585375609467361,0.5552226727156078
6,8,0.20640656683658912,0.9362557519980624,4129,0.9859003668481653,0.938953488372093,688,0.954975788585675,0.9492,0.7618727023922731,0.08140514323496613,,,0.9286542166951428,,0.9286682395462075,0.07133176045379253,0.9626646640883003,0.3770166823576896,5,0.1,0.5,0.5476761376878967,0.5407025570355007,0.550297333382424,0.5444177929780402,0.5572790034498739,0.5500502586500771,0.5606329660610513,0.5579591709957097,1.0,0.37054252930549014,0.5519534848009877,0.5494259499819785
6,9,0.34105885097986116,0.9131217195701075,4001,0.984218642825172,0.9280359820089955,667,0.957832678819236,0.9494,0.5488690927042306,0.06627372209595842,,,0.75,,0.750002509914161,0.24999749008583905,0.9605432923610204,0.37631526737676385,5,0.1,0.5,0.37402740829125836,0.3708035396791835,0.3637614361766227,0.3756626272727815,0.37619500435704667,0.3731748539066891,0.3715415670746425,0.36673327843840264,0.37054252930549014,1.0,0.3747548626133083,0.35895131857651696
