round,client_id,client_i_training_loss,client_i_training_accuracy,client_i_training_dataset_size,client_i_evaluation_loss,client_i_evaluation_accuracy,client_i_evaluation_dataset_size,client_i_central_evaluation_loss,client_i_central_evaluation_accuracy,client_i_cosine_similarity,client_i_importance_coefficient,client_i_tanh_val,tanh_normalization_value,client_i_q,client_i_mask_order,client_i_v_nonzero_fraction,client_i_v_sparsity,client_i_v_cosine_similarity,client_i_reward_gradient_norm,local_epochs,learning_rate,gamma,client_0_cosine_similarity,client_1_cosine_similarity,client_2_cosine_similarity,client_3_cosine_similarity,client_4_cosine_similarity,client_5_cosine_similarity,client_6_cosine_similarity,client_7_cosine_similarity,client_8_cosine_similarity,client_9_cosine_similarity,client_10_cosine_similarity,client_11_cosine_similarity
0,0,2.2407444375532646,0.16756756756756758,6845,2.298559232191606,0.10299488677867057,1369,2.297284817393822,0.106,0.9087625039339189,0.08038250385677502,,,0.75,,0.7500041260253173,0.2499958739746827,0,0.14094979486742584,10,0.025,0.15,1.0,0.9297145271627535,0.8641938702801981,0.8809959052447338,0.8358708213260391,0.8232599689895391,0.8121232419654916,0.7982663109104764,0.8009438883590629,0.7920556242702383,0.783628875844503,0.7398882742493712
0,1,2.2542178231616354,0.15303030303030302,5478,2.2969930436876087,0.10948905109489052,1096,2.2972625961786584,0.1038,0.9314043096751528,0.08238523287501744,,,0.826149624943429,,0.8261953095344193,0.17380469046558067,0,0.14109019651970114,10,0.025,0.15,0.9297145271627535,1.0,0.8790481541773439,0.8787785018690883,0.8710619095184847,0.8875886288964114,0.8211791752009959,0.8487031948254136,0.8292706568259591,0.8250887719673016,0.8448572341247383,0.766871163569662
0,2,2.2850806493508187,0.14553941908713694,4820,2.2965897619724274,0.13278008298755187,964,2.2972696370716337,0.1144,0.9610340551478249,0.08500606408165524,,,0.9258013060283968,,0.9258388209470053,0.07416117905299469,0,0.1411450684672076,10,0.025,0.15,0.8641938702801981,0.8790481541773439,1.0,0.9466391830530433,0.9362436162859243,0.8850455343745393,0.9239032411124517,0.8679364021239327,0.8992543999072683,0.8924256982657507,0.872364868544908,0.8810757675526747
0,3,2.282922262464251,0.1423286427598729,4406,2.2932474613189697,0.13847900113507378,881,2.297269501263582,0.1143,0.9682291283690355,0.08564248778801428,,,0.949999999961977,,0.9500173293063326,0.04998267069366735,0,0.14114679375742636,10,0.025,0.15,0.8809959052447338,0.8787785018690883,0.9466391830530433,1.0,0.9391424033846224,0.8926639405927413,0.9318430280180796,0.871692778183991,0.9152712785041149,0.9113354200157461,0.8898491992309072,0.8772309678667538
0,4,2.290999891541221,0.12704280155642023,4112,2.296882459095546,0.10462287104622871,822,2.2972695978381967,0.1144,0.9626956611690098,0.0851530376328616,,,0.9313896710538307,,0.9314254592266178,0.06857454077338221,0,0.14114540799563255,10,0.025,0.15,0.8358708213260391,0.8710619095184847,0.9362436162859243,0.9391424033846224,1.0,0.9157773419073597,0.9082049564599669,0.8921667131061038,0.8978450490360027,0.8986783179580374,0.9185723858487558,0.9065887530819963
0,5,2.2924130170576036,0.1412959629724865,3889,2.2958645820617676,0.08868894601542417,778,2.2972615278219877,0.1042,0.9498246450850865,0.08401456141324655,,,0.8881014696341591,,0.8881434536482316,0.11185654635176845,0,0.14110975632207284,10,0.025,0.15,0.8232599689895391,0.8875886288964114,0.8850455343745393,0.8926639405927413,0.9157773419073597,1.0,0.8788568428947335,0.9207189260425788,0.8897164160095766,0.8919874429052403,0.9407269675696807,0.8578976454761432
0,6,2.292759393823558,0.11649151172190784,3711,2.297503630320231,0.09838274932614555,742,2.2972615097142475,0.1042,0.9499251792684991,0.08402345393395566,,,0.888439589325157,,0.888490039774884,0.11150996022511594,0,0.14110984902146695,10,0.025,0.15,0.8121232419654916,0.8211791752009959,0.9239032411124517,0.9318430280180796,0.9082049564599669,0.8788568428947335,1.0,0.8875286225725894,0.932054846333314,0.9364846944631039,0.8949492001308204,0.892766739620797
0,7,2.295568269491196,0.15252525252525254,3564,2.296831409136454,0.09396914446002805,713,2.2972623366343825,0.1039,0.9346722609918828,0.08267429201663438,,,0.8371405004039133,,0.8371870409796834,0.16281295902031656,0,0.14109428994852422,10,0.025,0.15,0.7982663109104764,0.8487031948254136,0.8679364021239327,0.871692778183991,0.8921667131061038,0.9207189260425788,0.8875286225725894,1.0,0.9105543240608943,0.887162019637976,0.9124025777260294,0.8493226443385337
0,8,2.294412790404426,0.14992734670154026,3441,2.2975465854008994,0.09593023255813954,688,2.2972619956052758,0.1042,0.9440244067205531,0.08350151462633684,,,0.8685939276523229,,0.8686356059480781,0.1313643940519219,0,0.14110402946013342,10,0.025,0.15,0.8009438883590629,0.8292706568259591,0.8992543999072683,0.9152712785041149,0.8978450490360027,0.8897164160095766,0.932054846333314,0.9105543240608943,1.0,0.8986679639634523,0.8983190809550347,0.8921975758503582
0,9,2.2934920920266046,0.12255548890221955,3334,2.29786745707194,0.09895052473763119,667,2.297262221952028,0.104,0.9400868046937857,0.0831532230664046,,,0.8553508621061525,,0.8553828126289383,0.14461718737106166,0,0.14110060046381,10,0.025,0.15,0.7920556242702383,0.8250887719673016,0.8924256982657507,0.9113354200157461,0.8986783179580374,0.8919874429052403,0.9364846944631039,0.887162019637976,0.8986679639634523,1.0,0.9139789551100863,0.8806449227736348
0,10,2.294915931041424,0.1099660598580685,3241,2.2947216033935547,0.1095679012345679,648,2.2972620408746263,0.1042,0.9431819503606556,0.08342699708043735,,,0.8657605522329511,,0.865788648479147,0.13421135152085295,0,0.14110329118887296,10,0.025,0.15,0.783628875844503,0.8448572341247383,0.872364868544908,0.8898491992309072,0.9185723858487558,0.9407269675696807,0.8949492001308204,0.9124025777260294,0.8983190809550347,0.9139789551100863,1.0,0.908629600993037
0,11,2.2955490560531615,0.10838873061095283,3159,2.2990520000457764,0.10284810126582279,632,2.2972831756253784,0.1059,0.9116355394729692,0.08063663162866114,,,0.7596626824400937,,0.7597085375715865,0.24029146242841348,0,0.14096379911948712,10,0.025,0.15,0.7398882742493712,0.766871163569662,0.8810757675526747,0.8772309678667538,0.9065887530819963,0.8578976454761432,0.892766739620797,0.8493226443385337,0.8921975758503582,0.8806449227736348,0.908629600993037,1.0
1,0,2.128673975555985,0.2227319211102995,6845,2.2881136374040083,0.18845872899926955,1369,2.2864678298370746,0.1927,0.91021180348498,0.07950288460149614,,,0.75,,0.7500041260253173,0.2499958739746827,0.8973987076197385,0.14563437581565014,10,0.025,0.15,1.0,0.9424490041316845,0.9191317442164764,0.9149645627870733,0.8808739196591513,0.8741448804700549,0.8727244012972303,0.8520112248556398,0.856378520373318,0.8518892808631131,0.8342866011473355,0.8175071038545311
1,1,2.1451196579046026,0.2101679445052939,5478,2.286332050959269,0.1897810218978102,1096,2.286421368393717,0.1923,0.9601321195316771,0.08237225906229648,,,0.8526151706169778,,0.8526678879701606,0.14733211202983942,0.8985816269063016,0.14575434606754528,10,0.025,0.15,0.9424490041316845,1.0,0.9620171078032914,0.9579394808153189,0.9401935666069656,0.9370227467264752,0.9263931811091197,0.9127614702748246,0.9169504293381604,0.9171556637766974,0.9017159496559004,0.8807353298338495
1,2,2.196720994773664,0.19435684647302903,4820,2.2856836020946503,0.2033195020746888,964,2.2864255392098727,0.1912,0.9788925100107096,0.0846083454021183,,,0.9325825587741543,,0.9326220065686323,0.06737799343136774,0.9001910030991744,0.14577419934606983,10,0.025,0.15,0.9191317442164764,0.9620171078032914,1.0,0.966518341208207,0.9659099530605606,0.9612812152328867,0.9497963003364742,0.9491369096788992,0.9501386417886198,0.9444574203652254,0.9289271497752871,0.9149555817638693
1,3,2.186951010908399,0.20099863822060826,4406,2.2826478821890697,0.21112372304199772,881,2.2864247213436077,0.1913,0.9817324627500869,0.08509538021990233,,,0.9499999999642377,,0.9500173293063326,0.04998267069366735,0.9002081371269848,0.14577984241591085,10,0.025,0.15,0.9149645627870733,0.9579394808153189,0.966518341208207,1.0,0.9668801974676741,0.9576534693484916,0.9611258604607197,0.9512941397367873,0.9612037004629054,0.9446501859859864,0.9408681921998557,0.9219665560911512
1,4,2.2125978896112155,0.1897373540856031,4112,2.286327634538923,0.16058394160583941,822,2.286425192144853,0.1913,0.9850762470440412,0.08490112184277646,,,0.9430528911832566,,0.9431103629251869,0.05688963707481309,0.9001785328306118,0.14577965248731284,10,0.025,0.15,0.8808739196591513,0.9401935666069656,0.9659099530605606,0.9668801974676741,1.0,0.9751202700480038,0.9573587038774178,0.9687046948141769,0.963608669347391,0.9605835551314331,0.9574133360414454,0.9470612924225883
1,5,2.21839783576227,0.1977114939573155,3889,2.284660986491612,0.2262210796915167,778,2.2864174118524865,0.1925,0.9838508052564422,0.0841556152752007,,,0.9163919291258589,,0.9164232311729464,0.08357676882705356,0.8989125543118346,0.14577323623596816,10,0.025,0.15,0.8741448804700549,0.9370227467264752,0.9612812152328867,0.9576534693484916,0.9751202700480038,1.0,0.9531539991951177,0.9728344945837794,0.9650418561159007,0.9632132492715847,0.9622837402992295,0.94818180846596
1,6,2.2306503928940873,0.18181083265966047,3711,2.2868140935897827,0.16846361185983827,742,2.2864173424394827,0.1925,0.9803356322015779,0.08404647229726869,,,0.9124887350829964,,0.9125200112227889,0.08747998877721108,0.8989180862538587,0.14577292296935515,10,0.025,0.15,0.8727244012972303,0.9263931811091197,0.9497963003364742,0.9611258604607197,0.9573587038774178,0.9531539991951177,1.0,0.9663071632948734,0.9726357980598093,0.9633985013818088,0.9578087391688415,0.9485293215800751
1,7,2.2388587304524012,0.18731762065095398,3564,2.2859294414520264,0.1879382889200561,713,2.286418483227114,0.1923,0.9822991231224867,0.08327441250220018,,,0.8848781709409544,,0.8849251539007443,0.11507484609925567,0.8987141009090027,0.145769020710634,10,0.025,0.15,0.8520112248556398,0.9127614702748246,0.9491369096788992,0.9512941397367873,0.9687046948141769,0.9728344945837794,0.9663071632948734,1.0,0.9733252761935031,0.9690791719972155,0.9736012826613809,0.9630729453821806
1,8,2.22832989692688,0.1972391746585295,3441,2.2850744326909385,0.20930232558139536,688,2.286417046679726,0.1924,0.9817067962037334,0.08376773909306064,,,0.9025206198379583,,0.9025680381574821,0.0974319618425179,0.8988598124266213,0.1457717302164101,10,0.025,0.15,0.856378520373318,0.9169504293381604,0.9501386417886198,0.9612037004629054,0.963608669347391,0.9650418561159007,0.9726357980598093,0.9733252761935031,1.0,0.9629751688118046,0.9658909109326855,0.9566240019228758
1,9,2.22430404998638,0.18278344331133772,3334,2.287236134211222,0.1889055472263868,667,2.2864185496221614,0.1923,0.9775179487075628,0.08341526884960594,,,0.8899155051470641,,0.8899424006865706,0.1100575993134294,0.8987917996519688,0.14576984609613752,10,0.025,0.15,0.8518892808631131,0.9171556637766974,0.9444574203652254,0.9446501859859864,0.9605835551314331,0.9632132492715847,0.9633985013818088,0.9690791719972155,0.9629751688118046,1.0,0.9666291505150988,0.952448346465688
1,10,2.239017267410572,0.17435976550447393,3241,2.283541202545166,0.18209876543209877,648,2.286417725719983,0.1923,0.9746069031221365,0.08348998297171682,,,0.8925874472350156,,0.8926325691934446,0.10736743080655542,0.8988029789798612,0.14577030530007448,10,0.025,0.15,0.8342866011473355,0.9017159496559004,0.9289271497752871,0.9408681921998557,0.9574133360414454,0.9622837402992295,0.9578087391688415,0.9736012826613809,0.9658909109326855,0.9666291505150988,1.0,0.9734452022835015
1,11,2.2416242532730104,0.16312124089901867,3159,2.2888480186462403,0.189873417721519,632,2.2864439577995976,0.193,0.9626431548607984,0.081370517882357,,,0.8167906926696586,,0.8168457361654371,0.1831542638345629,0.8983838425679119,0.14573850011207176,10,0.025,0.15,0.8175071038545311,0.8807353298338495,0.9149555817638693,0.9219665560911512,0.9470612924225883,0.94818180846596,0.9485293215800751,0.9630729453821806,0.9566240019228758,0.952448346465688,0.9734452022835015,1.0
2,0,2.05291756634359,0.25285609934258585,6845,2.2722587802193384,0.20745069393718044,1369,2.2699904170217393,0.216,0.9023713548464758,0.07872984357777746,,,0.75,,0.7500041260253173,0.2499958739746827,0.9574021048465794,0.14542829258234544,10,0.025,0.15,1.0,0.9365832910428411,0.9124148432241612,0.9079754324606358,0.8647233788833109,0.8714422959813343,0.8597192465863865,0.8472587719428858,0.8465227957453563,0.8378588476554546,0.8247474445227693,0.8097335250504355
2,1,2.0735848543255826,0.24565534866739686,5478,2.270361158582899,0.21806569343065693,1096,2.26992453804499,0.2162,0.9625383633149818,0.08247183202038622,,,0.8739945057924317,,0.8740241950124606,0.12597580498753935,0.9581865740221114,0.14561385454412032,10,0.025,0.15,0.9365832910428411,1.0,0.9605131640519253,0.9519826558270349,0.9351767638198958,0.9387069685752603,0.9298523068052665,0.9216188356016766,0.9183578124639853,0.9215326324203857,0.906327022769218,0.8944106967749278
2,2,2.1249811919111954,0.22939834024896266,4820,2.2689614593982697,0.19605809128630705,964,2.2699215774294697,0.2123,0.9767974819524406,0.0843233209209513,,,0.9353454305017795,,0.9353864435312175,0.06461355646878253,0.9583236513940968,0.14564242835965086,10,0.025,0.15,0.9124148432241612,0.9605131640519253,1.0,0.9599957768746913,0.9568861622213236,0.9591967882741482,0.9474028531788855,0.9475650498268947,0.9442424818042526,0.9403562756549328,0.9274621538618061,0.9225659268144295
2,3,2.106332733290536,0.24223785746709034,4406,2.2658668586186,0.2304199772985244,881,2.269917451882664,0.2124,0.9810981395688706,0.08476557623879216,,,0.949999999966864,,0.9500173293063326,0.04998267069366735,0.9585111481124251,0.14565256461269982,10,0.025,0.15,0.9079754324606358,0.9519826558270349,0.9599957768746913,1.0,0.9580101724602426,0.960460592222432,0.9599390556460965,0.9537591804638821,0.9573896084517374,0.942608537646544,0.9446847599501572,0.9313390619494224
2,4,2.1404611309369406,0.2275535019455253,4112,2.269899538585118,0.1922141119221411,822,2.269918493077725,0.2124,0.9824830208027886,0.08469033431006288,,,0.9475067838838255,,0.9475499661665924,0.05245003383340763,0.9585052121977817,0.14565242159086605,10,0.025,0.15,0.8647233788833109,0.9351767638198958,0.9568861622213236,0.9580101724602426,1.0,0.9686897507121124,0.9605140030277184,0.9670293442260713,0.9618647343064496,0.9581905144628493,0.9583781600729184,0.9531551838749562
2,5,2.140892429121079,0.2328876317819491,3889,2.2676309176853726,0.2403598971722365,778,2.269914657254762,0.2161,0.983783372304189,0.08427059406309187,,,0.9335982736672412,,0.9336452608473206,0.06635473915267942,0.9583157055775704,0.14564224780612242,10,0.025,0.15,0.8714422959813343,0.9387069685752603,0.9591967882741482,0.960460592222432,0.9686897507121124,1.0,0.9598021792942238,0.9664347729768382,0.9634386594738777,0.9594793756745112,0.9585361042509272,0.9520962308052255
2,6,2.154946804868764,0.2220425761250337,3711,2.2707519928614297,0.19002695417789758,742,2.26991479608077,0.2161,0.980979389089271,0.08411144267755301,,,0.9283246343445302,,0.928355696390553,0.07164430360944696,0.9582979505032341,0.14564154275437907,10,0.025,0.15,0.8597192465863865,0.9298523068052665,0.9474028531788855,0.9599390556460965,0.9605140030277184,0.9598021792942238,1.0,0.9670539131144181,0.9698627833003017,0.9573987641021745,0.961525444988278,0.9522645863641617
2,7,2.163778115170343,0.21517957351290684,3564,2.2691612243652344,0.21739130434782608,713,2.2699142287049114,0.2158,0.9812458969212876,0.08364150841728775,,,0.9127528956151877,,0.9128005809443647,0.08719941905563533,0.9582635632018717,0.14563889653510606,10,0.025,0.15,0.8472587719428858,0.9216188356016766,0.9475650498268947,0.9537591804638821,0.9670293442260713,0.9664347729768382,0.9670539131144181,1.0,0.9670179590154329,0.9625061834350721,0.968890613125541,0.9590391733233109
2,8,2.147844425837199,0.22664922987503633,3441,2.2663584550221763,0.24563953488372092,688,2.2699137699754934,0.2161,0.9803142452556023,0.08391694253614942,,,0.9218796788670403,,0.9219273489462131,0.07807265105378691,0.958287868422667,0.14564065469539023,10,0.025,0.15,0.8465227957453563,0.9183578124639853,0.9442424818042526,0.9573896084517374,0.9618647343064496,0.9634386594738777,0.9698627833003017,0.9670179590154329,1.0,0.9600751572096805,0.969042520795327,0.9593222296298157
2,9,2.1488914202760765,0.2284643071385723,3334,2.271102507909139,0.22188905547226387,667,2.269915200486968,0.2157,0.9753111411614932,0.08353518936331664,,,0.9092299081031588,,0.909293459424667,0.090706540575333,0.9582673295023204,0.14563811884782907,10,0.025,0.15,0.8378588476554546,0.9215326324203857,0.9403562756549328,0.942608537646544,0.9581905144628493,0.9594793756745112,0.9573987641021745,0.9625061834350721,0.9600751572096805,1.0,0.9617886080550911,0.9574034733144886
2,10,2.1687374665186954,0.21946929959888922,3241,2.266746163368225,0.22993827160493827,648,2.269914159291907,0.216,0.9745183681488236,0.08355564067147571,,,0.9099075825232927,,0.9099536234754336,0.09004637652456637,0.9582730706821283,0.1456381531941005,10,0.025,0.15,0.8247474445227693,0.906327022769218,0.9274621538618061,0.9446847599501572,0.9583781600729184,0.9585361042509272,0.961525444988278,0.968890613125541,0.969042520795327,0.9617886080550911,1.0,0.9680991369775775
2,11,2.1708451557159423,0.2176954732510288,3159,2.273302459716797,0.21360759493670886,632,2.269946822637244,0.216,0.9667359868373631,0.08198777520315549,,,0.8579548021031981,,0.8579904606294664,0.14200953937053362,0.9580000445391543,0.14560570409811693,10,0.025,0.15,0.8097335250504355,0.8944106967749278,0.9225659268144295,0.9313390619494224,0.9531551838749562,0.9520962308052255,0.9522645863641617,0.9590391733233109,0.9593222296298157,0.9574034733144886,0.9680991369775775,1.0
3,0,1.989114412775746,0.27456537618699783,6845,2.2511032711375845,0.22498173849525202,1369,2.2479282904274855,0.2379,0.9066528775074184,0.07846932870428264,,,0.75,,0.7500041260253173,0.2499958739746827,0.9690719288789702,0.1449894036672716,10,0.025,0.15,1.0,0.9375330214229143,0.9132675608414178,0.9116692014906957,0.8649694892654315,0.8745271644118602,0.863445010476119,0.8573786203003468,0.8484866193559343,0.8437881281065275,0.8265541431853229,0.8012138010483202
3,1,2.0137014158936433,0.26664841182913473,5478,2.2487636937035456,0.23996350364963503,1096,2.2477947971488854,0.2373,0.9573856400382618,0.08244846781500796,,,0.8815557593676122,,0.8815995774950075,0.1184004225049925,0.9706991207777996,0.14523987849988532,10,0.025,0.15,0.9375330214229143,1.0,0.9520774037402174,0.9448519075448839,0.9252514023529911,0.9291749010580461,0.923110348566514,0.915944516333112,0.9125373455237095,0.9153756961328292,0.8929182350539442,0.8778903988104176
3,2,2.0658576532414084,0.2525103734439834,4820,2.2462763488292694,0.22821576763485477,964,2.2477862472775616,0.2374,0.9728265211405555,0.08410175372415515,,,0.9362156436233264,,0.9362529088478487,0.06374709115215127,0.9711012181510761,0.14525890034210534,10,0.025,0.15,0.9132675608414178,0.9520774037402174,1.0,0.9538085216751241,0.948770866332584,0.951830502089786,0.9427479476538518,0.9431564737911109,0.937004608137269,0.9352183175421034,0.9166802641844074,0.9082785310944301
3,3,2.0412676657949174,0.26488878801634136,4406,2.2430853162493025,0.25198637911464244,881,2.24777694593502,0.2373,0.9771890224168182,0.08451868622263872,,,0.9499999999669386,,0.9500173293063326,0.04998267069366735,0.9711025309451526,0.1452692646200799,10,0.025,0.15,0.9116692014906957,0.9448519075448839,0.9538085216751241,1.0,0.9461332684099573,0.9550799519906089,0.9515579863309527,0.9518398096210606,0.9445000344450037,0.9424055536971058,0.9329863452088255,0.9182393190050073
3,4,2.084172147693056,0.24640077821011674,4112,2.247825997216361,0.22141119221411193,822,2.2477785273443294,0.2373,0.9781911611601345,0.08450472490869287,,,0.949538419909844,,0.9495799706226997,0.05042002937730028,0.9711080714277628,0.14526925827240073,10,0.025,0.15,0.8649694892654315,0.9252514023529911,0.948770866332584,0.9461332684099573,1.0,0.9600277615207125,0.9545119693501675,0.9588339398113787,0.9554354892200974,0.9509573265159433,0.948282162204933,0.9491222875121793
3,5,2.077770246228864,0.25327847775777834,3889,2.2449729101998463,0.2699228791773779,778,2.2477777487115014,0.237,0.9805021430610715,0.08431972882463934,,,0.9434221973701246,,0.9434734531531086,0.0565265468468914,0.9710384607218051,0.1452685955426059,10,0.025,0.15,0.8745271644118602,0.9291749010580461,0.951830502089786,0.9550799519906089,0.9600277615207125,1.0,0.9545562373116747,0.960877948696487,0.9580054328636645,0.9567219507120569,0.9472324315815367,0.9415393546527154
3,6,2.0912446909937366,0.24634869307464297,3711,2.249051292737325,0.2223719676549865,742,2.247779170169106,0.2371,0.9798164030804877,0.08419856807978818,,,0.9394164581006738,,0.9394629565447014,0.060537043455298645,0.971034301370675,0.14526806177410626,10,0.025,0.15,0.863445010476119,0.923110348566514,0.9427479476538518,0.9515579863309527,0.9545119693501675,0.9545562373116747,1.0,0.9636304705107437,0.9653849627124631,0.9568250699893335,0.9549897028668729,0.9505777640319413
3,7,2.097319498232433,0.237317620650954,3564,2.246795415878296,0.22861150070126227,713,2.2477792244923265,0.2374,0.9804762527867793,0.08392849534164136,,,0.9304874854855599,,0.9305259857074483,0.06947401429255173,0.9710483846809547,0.14525793262792777,10,0.025,0.15,0.8573786203003468,0.915944516333112,0.9431564737911109,0.9518398096210606,0.9588339398113787,0.960877948696487,0.9636304705107437,1.0,0.9594623009738584,0.9624151992823989,0.9597340904568487,0.9554716794690207
3,8,2.0848495143431203,0.24475443185120604,3441,2.2417821089426675,0.2703488372093023,688,2.247780549375317,0.2371,0.977684817089596,0.08400824801801283,,,0.9331242176051706,,0.933141885758611,0.06685811424138899,0.9710605178229947,0.14525837872764177,10,0.025,0.15,0.8484866193559343,0.9125373455237095,0.937004608137269,0.9445000344450037,0.9554354892200974,0.9580054328636645,0.9653849627124631,0.9594623009738584,1.0,0.959153672706485,0.9602489254304788,0.9557048703832287
3,9,2.0830545394508926,0.25140971805638873,3334,2.249518116315206,0.2383808095952024,667,2.2477811197691326,0.2373,0.9754654650859376,0.08369885892656596,,,0.9228953927933813,,0.9229340991236322,0.07706590087636778,0.9710277836784373,0.14525635872683065,10,0.025,0.15,0.8437881281065275,0.9153756961328292,0.9352183175421034,0.9424055536971058,0.9509573265159433,0.9567219507120569,0.9568250699893335,0.9624151992823989,0.959153672706485,1.0,0.9547217016868608,0.9526855417296363
3,10,2.1057209743903234,0.23869176180191298,3241,2.2444878021876016,0.25462962962962965,648,2.247781554354897,0.2372,0.9691438195597113,0.08350507735927844,,,0.9164887102103967,,0.9165222557805615,0.08347774421943854,0.9710175757588584,0.14525459135292632,10,0.025,0.15,0.8265541431853229,0.8929182350539442,0.9166802641844074,0.9329863452088255,0.948282162204933,0.9472324315815367,0.9549897028668729,0.9597340904568487,0.9602489254304788,0.9547217016868608,1.0,0.9619582452563814
3,11,2.1099395437240602,0.2409306742640076,3159,2.252573013305664,0.21677215189873417,632,2.2478216871430603,0.2375,0.9619777001329223,0.08229806207529651,,,0.8765831407306677,,0.8766235909623541,0.1233764090376459,0.9706090647445258,0.14523697058220056,10,0.025,0.15,0.8012138010483202,0.8778903988104176,0.9082785310944301,0.9182393190050073,0.9491222875121793,0.9415393546527154,0.9505777640319413,0.9554716794690207,0.9557048703832287,0.9526855417296363,0.9619582452563814,1.0
4,0,1.9379190749592252,0.29468224981738494,6845,2.2253327803178267,0.2366691015339664,1369,2.2211350157291077,0.252,0.9123220377212362,0.07857939086042563,,,0.75,,0.7500041260253173,0.2499958739746827,0.9751415434272749,0.14457811737302292,10,0.025,0.15,1.0,0.9344906798078784,0.9142239065055145,0.9133270110482903,0.8740944563427179,0.8761348599566299,0.873571805318391,0.8630166023618884,0.8528293158048378,0.8400214536479076,0.8335399299508248,0.8030695314793151
4,1,1.9616406546082608,0.28364366557137644,5478,2.2223643991682263,0.2527372262773723,1096,2.220845835118354,0.2519,0.9556720424796533,0.08246885174572276,,,0.883051578967741,,0.883093198659867,0.11690680134013298,0.9769705347986815,0.14482227602204784,10,0.025,0.15,0.9344906798078784,1.0,0.9480257528179463,0.9387800240023095,0.9222871824473423,0.9224154519243478,0.9210108534904785,0.9144217109778439,0.9090672438556715,0.9068554582847242,0.8889704427000447,0.8683815213148003
4,2,2.012775740184282,0.27097510373443984,4820,2.2186412513256073,0.2354771784232365,964,2.2208348014686683,0.2518,0.9698484675503789,0.08395948343826506,,,0.9340434532148474,,0.9340826195309534,0.0659173804690466,0.9771496523496283,0.14483520450935694,10,0.025,0.15,0.9142239065055145,0.9480257528179463,1.0,0.9490188372231256,0.9439483298688824,0.9445317117058001,0.939507528959792,0.9383549077050181,0.9310826809978456,0.9243085933045206,0.9081501477114113,0.8945674355189671
4,3,1.9855171203613282,0.284135270086246,4406,2.2152817589896068,0.26220204313280365,881,2.2208193344405935,0.2519,0.9733004941304466,0.084331373946894,,,0.9467651698834071,,0.9468155336601145,0.053184466339885494,0.9771748694630334,0.14484448299848557,10,0.025,0.15,0.9133270110482903,0.9387800240023095,0.9490188372231256,1.0,0.9392300033420827,0.9473175845492552,0.9444562685049785,0.9455860309697367,0.9347559191296395,0.9318507325798359,0.924279201006688,0.906698483427681
4,4,2.0314689126881684,0.26077334630350196,4112,2.2208709716796875,0.24330900243309003,822,2.2208214711539354,0.2519,0.9764578317900781,0.08442593686131884,,,0.9499999999657918,,0.9500173293063326,0.04998267069366735,0.9771785251488669,0.1448446669683132,10,0.025,0.15,0.8740944563427179,0.9222871824473423,0.9439483298688824,0.9392300033420827,1.0,0.9535603917035308,0.9514564635714075,0.9529278684502442,0.9484984431876076,0.9456105903686718,0.9382470874501073,0.9396269258591485
4,5,2.022417023874098,0.2710979686294677,3889,2.217573949268886,0.28406169665809766,778,2.220824145063569,0.252,0.9766214934662187,0.0843163596422019,,,0.946251557070398,,0.9463039065207705,0.053696093479229545,0.9771660134672272,0.14484443044542888,10,0.025,0.15,0.8761348599566299,0.9224154519243478,0.9445317117058001,0.9473175845492552,0.9535603917035308,1.0,0.9500385935688346,0.9538782356996199,0.9500390363557273,0.945044586609084,0.9391410649292701,0.929253034451883
4,6,2.0354385758268423,0.2669091888978712,3711,2.2226905822753906,0.238544474393531,742,2.220826384387439,0.252,0.9779655100496045,0.08428503441832348,,,0.9451799765553974,,0.9452311399382747,0.05476886006172532,0.9771580727309567,0.1448443629990429,10,0.025,0.15,0.873571805318391,0.9210108534904785,0.939507528959792,0.9444562685049785,0.9514564635714075,0.9500385935688346,1.0,0.9581268245472635,0.9567153536198119,0.9453820639669369,0.9473846507635952,0.9393251114388094
4,7,2.0378772837775094,0.25771604938271603,3564,2.2197763125101724,0.2552594670406732,713,2.220826130879076,0.2518,0.9782358909363486,0.0841260928967342,,,0.939742868165664,,0.9397847865194501,0.06021521348054992,0.9770615402084565,0.14484388374331822,10,0.025,0.15,0.8630166023618884,0.9144217109778439,0.9383549077050181,0.9455860309697367,0.9529278684502442,0.9538782356996199,0.9581268245472635,1.0,0.9514781483354144,0.9512106715652041,0.9538078891198467,0.9467739444525163
4,8,2.0304055982165865,0.26224934612031386,3441,2.2121928930282593,0.2863372093023256,688,2.2208305672754216,0.252,0.9736964344898903,0.0840272112305495,,,0.9363603012226286,,0.9363931937086366,0.0636068062913634,0.9771394920363005,0.14483546259057253,10,0.025,0.15,0.8528293158048378,0.9090672438556715,0.9310826809978456,0.9347559191296395,0.9484984431876076,0.9500390363557273,0.9567153536198119,0.9514781483354144,1.0,0.9463388061430514,0.9520421494733505,0.9437672953383486
4,9,2.0317002013877588,0.2696760647870426,3334,2.2230408986409507,0.2563718140929535,667,2.220829118656207,0.2518,0.968736889633772,0.08367284013638628,,,0.9242378927425285,,0.9242791833770692,0.07572081662293084,0.9770953642678355,0.14483393501440842,10,0.025,0.15,0.8400214536479076,0.9068554582847242,0.9243085933045206,0.9318507325798359,0.9456105903686718,0.945044586609084,0.9453820639669369,0.9512106715652041,0.9463388061430514,1.0,0.9440326089567168,0.9381877716315828
4,10,2.051334894161958,0.25532243134834925,3241,2.2172762552897134,0.26697530864197533,648,2.2208276851267756,0.2518,0.9655122505407724,0.0834470167269906,,,0.9165128732413549,,0.9165470119324652,0.08345298806753476,0.9770600613144623,0.1448324800513558,10,0.025,0.15,0.8335399299508248,0.8889704427000447,0.9081501477114113,0.924279201006688,0.9382470874501073,0.9391410649292701,0.9473846507635952,0.9538078891198467,0.9520421494733505,0.9440326089567168,1.0,0.9519597140727699
4,11,2.056112804412842,0.2590693257359924,3159,2.2274070262908934,0.21835443037974683,632,2.2208779461776156,0.2526,0.9552131562321181,0.08236040809618762,,,0.8793419134831961,,0.8793797758743047,0.12062022412569529,0.9769619170545121,0.14482081166812383,10,0.025,0.15,0.8030695314793151,0.8683815213148003,0.8945674355189671,0.906698483427681,0.9396269258591485,0.929253034451883,0.9393251114388094,0.9467739444525163,0.9437672953383486,0.9381877716315828,0.9519597140727699,1.0
5,0,1.8900130110758322,0.31157048940832727,6845,2.195940451188521,0.2468955441928415,1369,2.1907185572612136,0.2667,0.9199542107009664,0.07897252062356237,,,0.75,,0.7500041260253173,0.2499958739746827,0.9810283696086447,0.1442288054777421,10,0.025,0.15,1.0,0.9338145268046332,0.9124407509743213,0.9134595235269961,0.8852706826870156,0.8795164928632281,0.8810428465544576,0.8674853794237553,0.8602408099413146,0.8406088030503348,0.8481553377535039,0.8170557609342767
5,1,1.9134436063988265,0.3015881708652793,5478,2.1921474668714733,0.2718978102189781,1096,2.190216275710094,0.2678,0.9540232263722724,0.08250617090948183,,,0.8818147397897107,,0.8818636431153142,0.11813635688468582,0.9828198750997679,0.14444869330429805,10,0.025,0.15,0.9338145268046332,1.0,0.9416451763087058,0.9331404379648877,0.9198345466373109,0.9160082710800714,0.9181148334168217,0.9092900097996074,0.9052786033950848,0.8926298675949185,0.8912956340088899,0.866484465581085
5,2,1.9632894779506482,0.29053941908713693,4820,2.1872797906398773,0.266597510373444,964,2.1901917367041865,0.2672,0.9656183033042981,0.08381259493084531,,,0.9305478991284386,,0.9305837500618904,0.06941624993810958,0.9829096824416214,0.14446170950230622,10,0.025,0.15,0.9124407509743213,0.9416451763087058,1.0,0.9416013875996893,0.9370283334083453,0.9335693453122549,0.933513791184633,0.9306145596541175,0.9241237059826213,0.9095501136266148,0.906614172595224,0.8876735592125141
5,3,1.934230123928615,0.3025192918747163,4406,2.1839463029588972,0.27809307604994327,881,2.19016859501223,0.2673,0.972838230017461,0.08428014850184518,,,0.9479889154465154,,0.9480285851033982,0.05197141489660184,0.982921992531109,0.14447120098644367,10,0.025,0.15,0.9134595235269961,0.9331404379648877,0.9416013875996893,1.0,0.9359533591247277,0.9408363139240905,0.9425615042427725,0.942921602569989,0.9330870155117756,0.9211064913121146,0.9280179727098203,0.9086470141192338
5,4,1.9863600759795217,0.278647859922179,4112,2.189946174621582,0.26520681265206814,822,2.190171437927439,0.2672,0.9718593244542056,0.08430691349261163,,,0.9489873221953133,,0.9490270832301827,0.0509729167698173,0.9829168363437916,0.14447127277949942,10,0.025,0.15,0.8852706826870156,0.9198345466373109,0.9370283334083453,0.9359533591247277,1.0,0.9424987301223694,0.9433488455716648,0.9426048481307355,0.9381011617991775,0.9298449711812263,0.9304445375049383,0.9233697972131675
5,5,1.972494843313771,0.29012599640010284,3889,2.1859796387808665,0.2943444730077121,778,2.190173903598061,0.2676,0.9722635272555759,0.0842520028700295,,,0.9469390070419448,,0.9469888267234408,0.05301117327655924,0.9829242106200233,0.1444711261463865,10,0.025,0.15,0.8795164928632281,0.9160082710800714,0.9335693453122549,0.9408363139240905,0.9424987301223694,1.0,0.9419003675316721,0.9453723471571341,0.9449042820301099,0.9341673377263081,0.9347696722147745,0.9189621166319245
5,6,1.9850916180117377,0.2868229587712207,3711,2.1929494539896646,0.25336927223719674,742,2.1901774647869643,0.2676,0.9753659499995418,0.084334061056594,,,0.9499999999626972,,0.9500173293063326,0.04998267069366735,0.9829240667990077,0.144471338886201,10,0.025,0.15,0.8810428465544576,0.9181148334168217,0.933513791184633,0.9425615042427725,0.9433488455716648,0.9419003675316721,1.0,0.9508088383656698,0.9511255577209996,0.9329124720828668,0.9422474944598883,0.9309162609901075
5,7,1.9842667107071195,0.2760662177328844,3564,2.1891810496648154,0.2762973352033661,713,2.1901756721206858,0.2679,0.9742134776052068,0.08419750614931452,,,0.944906131550824,,0.9449423181660642,0.05505768183393578,0.9829301719704675,0.1444709208866397,10,0.025,0.15,0.8674853794237553,0.9092900097996074,0.9306145596541175,0.942921602569989,0.9426048481307355,0.9453723471571341,0.9508088383656698,1.0,0.9435912953760721,0.9380960438979837,0.9464551511739533,0.9372577230514418
5,8,1.9813331228715403,0.27962801511188606,3441,2.179005265235901,0.2921511627906977,688,2.190182341804987,0.2676,0.9712270458513916,0.08403827625019014,,,0.9389664244430052,,0.9390008417091648,0.06099915829083524,0.9828629823172302,0.14447035368110134,10,0.025,0.15,0.8602408099413146,0.9052786033950848,0.9241237059826213,0.9330870155117756,0.9381011617991775,0.9449042820301099,0.9511255577209996,0.9435912953760721,1.0,0.9359182331998132,0.9441494149221162,0.9393369555918002
5,9,1.9760056455930075,0.28779244151169764,3334,2.1926780541737876,0.2773613193403298,667,2.1901862138434303,0.2675,0.9604028736420481,0.08346365560167779,,,0.9175315157415793,,0.9175867703124226,0.08241322968757736,0.9829187354276939,0.14445962094191234,10,0.025,0.15,0.8406088030503348,0.8926298675949185,0.9095501136266148,0.9211064913121146,0.9298449711812263,0.9341673377263081,0.9329124720828668,0.9380960438979837,0.9359182331998132,1.0,0.93280334386599,0.9267537246605737
5,10,2.001174389399015,0.2724776303609997,3241,2.185960332552592,0.2839506172839506,648,2.1901851726483694,0.2675,0.9647567133945452,0.08346572387505645,,,0.9176086679482673,,0.9176610387681339,0.08233896123186613,0.9829218123662339,0.14445962554517974,10,0.025,0.15,0.8481553377535039,0.8912956340088899,0.906614172595224,0.9280179727098203,0.9304445375049383,0.9347696722147745,0.9422474944598883,0.9464551511739533,0.9441494149221162,0.93280334386599,1.0,0.9401847375294415
5,11,2.007231638908386,0.27717632162076605,3159,2.1989913463592528,0.21835443037974683,632,2.190257407441924,0.267,0.9519360354722499,0.0823704257387913,,,0.8767510767488091,,0.8768051360763149,0.12319486392368506,0.9828218125828976,0.14444651509144008,10,0.025,0.15,0.8170557609342767,0.866484465581085,0.8876735592125141,0.9086470141192338,0.9233697972131675,0.9189621166319245,0.9309162609901075,0.9372577230514418,0.9393369555918002,0.9267537246605737,0.9401847375294415,1.0
6,0,1.8526083184613122,0.3260189919649379,6845,2.16258902983232,0.25785244704163623,1369,2.1560612117187885,0.28,0.926496512733718,0.07947201650218128,,,0.75,,0.7500041260253173,0.2499958739746827,0.9864438731897249,0.14405089589520384,10,0.025,0.15,1.0,0.9321043238874304,0.9136570798301714,0.9148689009205645,0.893385901589008,0.8871541289206103,0.8870217539624173,0.8720277519251745,0.8663431421527463,0.8471277761131519,0.8587463234133493,0.8261597218930218
6,1,1.8679098924925162,0.3202446148229281,5478,2.157896359761556,0.2846715328467153,1096,2.1552855666679673,0.2799,0.9543105279523916,0.08258129356133795,,,0.8783550693969404,,0.8783977818487895,0.12160221815121053,0.9872673167094462,0.14424590915072155,10,0.025,0.15,0.9321043238874304,1.0,0.9373257082367089,0.9309252323862315,0.9195864723512125,0.9158698912623651,0.9159081199423189,0.9067988838667792,0.9040392235880691,0.8909830756390779,0.8942516644734083,0.8673203329010211
6,2,1.919559592636008,0.3086721991701245,4820,2.1516623497009277,0.2883817427385892,964,2.1552388939676406,0.2812,0.9649832255685237,0.08374358009887017,,,0.9263357949307859,,0.9263834562888877,0.07361654371111226,0.9874231192770311,0.14426009438391074,10,0.025,0.15,0.9136570798301714,0.9373257082367089,1.0,0.9359869936045333,0.9393194110120764,0.9298158437390451,0.93068378046428,0.9266619113653081,0.9214323323496015,0.9046710054574558,0.9086195540702432,0.8873843408802702
6,3,1.889820054258619,0.3182932364956877,4406,2.1480651582990373,0.2883087400681044,881,2.155200753030898,0.2813,0.9691126461221959,0.0841696927325785,,,0.9439262880357586,,0.9439685761911835,0.05603142380881654,0.9875641464786002,0.1442652626438555,10,0.025,0.15,0.9148689009205645,0.9309252323862315,0.9359869936045333,1.0,0.9307044395401752,0.9330156040274876,0.9354535800468055,0.9331741927499411,0.9270156134548393,0.9173736775782484,0.9227299995709003,0.9016252653440248
6,4,1.9455612294601672,0.2944309338521401,4112,2.154575995036534,0.2712895377128954,822,2.1552035265331027,0.2813,0.9708517807902532,0.08424329335509505,,,0.9469646190789663,,0.9470135828753445,0.05298641712465546,0.987570894459166,0.1442656007421402,10,0.025,0.15,0.893385901589008,0.9195864723512125,0.9393194110120764,0.9307044395401752,1.0,0.9417135479494007,0.9396585999697772,0.9389361391866352,0.9361080485516432,0.922333306159945,0.9259965732551166,0.9137692350120661
6,5,1.9255844135438243,0.3086654667009514,3889,2.149867670876639,0.30077120822622105,778,2.1552090463759024,0.2801,0.9698931200033523,0.08417773847913422,,,0.9442584270950516,,0.944315162317836,0.055684837682164035,0.9875654320197976,0.14426534015643777,10,0.025,0.15,0.8871541289206103,0.9158698912623651,0.9298158437390451,0.9330156040274876,0.9417135479494007,1.0,0.9355775326299589,0.9368184023643804,0.9377922280038158,0.9314428877366862,0.9309196401704808,0.910022874665151
6,6,1.9387684641213252,0.30676367555914846,3711,2.1589024464289346,0.26819407008086255,742,2.1552124717567542,0.2802,0.9725814641215484,0.08431682251276337,,,0.9499999999587186,,0.9500173293063326,0.04998267069366735,0.9875766619287047,0.1442658386890588,10,0.025,0.15,0.8870217539624173,0.9159081199423189,0.93068378046428,0.9354535800468055,0.9396585999697772,0.9355775326299589,1.0,0.9435150228936722,0.9440178907548551,0.929116534447233,0.9373137538638057,0.9228440584572012
6,7,1.9360909789800644,0.2921997755331089,3564,2.154536326726278,0.26928471248246844,713,2.1552131689047513,0.2799,0.9707343897961201,0.08417138039204901,,,0.9439959568508349,,0.9440428446468948,0.05595715535310519,0.9875595355057265,0.144265264865831,10,0.025,0.15,0.8720277519251745,0.9067988838667792,0.9266619113653081,0.9331741927499411,0.9389361391866352,0.9368184023643804,0.9435150228936722,1.0,0.9381036013122055,0.9344213233301798,0.9386905650274179,0.9300289138075253
6,8,1.9385788317079897,0.2949142691078175,3441,2.141611099243164,0.29505813953488375,688,2.155234101452405,0.2802,0.9686921307462537,0.08400543939720428,,,0.9371456931066098,,0.9371771385189219,0.06282286148107807,0.9874839636950302,0.14426170299603144,10,0.025,0.15,0.8663431421527463,0.9040392235880691,0.9214323323496015,0.9270156134548393,0.9361080485516432,0.9377922280038158,0.9440178907548551,0.9381036013122055,1.0,0.9310414844809498,0.9385375337918386,0.931102776729023
6,9,1.9234247847839638,0.3059388122375525,3334,2.157821456591288,0.3103448275862069,667,2.1552360721781283,0.2801,0.9589627688103908,0.0833293420387874,,,0.9092354999306359,,0.909293459424667,0.090706540575333,0.9873851052096555,0.144256725193897,10,0.025,0.15,0.8471277761131519,0.8909830756390779,0.9046710054574558,0.9173736775782484,0.922333306159945,0.9314428877366862,0.929116534447233,0.9344213233301798,0.9310414844809498,1.0,0.9314977919436548,0.9231483967664363
