round,client_id,client_i_training_loss,client_i_training_accuracy,client_i_training_dataset_size,client_i_evaluation_loss,client_i_evaluation_accuracy,client_i_evaluation_dataset_size,client_i_central_evaluation_loss,client_i_central_evaluation_accuracy,client_i_cosine_similarity,client_i_importance_coefficient,client_i_tanh_val,tanh_normalization_value,client_i_q,client_i_mask_order,client_i_v_nonzero_fraction,client_i_v_sparsity,client_i_v_cosine_similarity,client_i_reward_gradient_norm,local_epochs,learning_rate,gamma,client_0_cosine_similarity,client_1_cosine_similarity,client_2_cosine_similarity,client_3_cosine_similarity,client_4_cosine_similarity,client_5_cosine_similarity,client_6_cosine_similarity,client_7_cosine_similarity,client_8_cosine_similarity,client_9_cosine_similarity,client_10_cosine_similarity,client_11_cosine_similarity
0,0,0.2789585179700027,0.9148770392013635,8214,2.206483785496202,0.45069393718042366,1369,2.2050274279170905,0.4419,0.8033070955348601,0.0850385910306669,,,0.949999999919968,,0.9500025099141609,0.04999749008583909,0,0.39436021185328946,5,0.1,0.5,1.0,0.5872963807795062,0.5651261170257624,0.5778450679329036,0.5703349572486557,0.5933118257802156,0.5645588562702519,0.5813449125910753,0.560062890580637,0.5612147086421733,0.5791490737195278,0.5863928956120915
0,1,0.29667440755383195,0.9070885305749924,6574,2.209073952266148,0.4306569343065693,1096,2.2050335034013937,0.4418,0.7988728692004086,0.08456918106044652,,,0.912432164349708,,0.912449174238241,0.08755082576175899,0,0.39434942785020316,5,0.1,0.5,0.5872963807795062,1.0,0.5824279988803863,0.5788156457803696,0.587316614053918,0.5860120823039336,0.5783394683611567,0.5820018042118739,0.5803342538028051,0.5839943632943156,0.5916936909504171,0.5927931547293495
0,2,0.3323616849423196,0.8973543143697043,5783,2.205968972175352,0.44398340248962653,964,2.2051551821894537,0.4412,0.7874989227655457,0.08336512798453659,,,0.8160693453997541,,0.8160885497715978,0.18391145022840216,0,0.39420304262186195,5,0.1,0.5,0.5651261170257624,0.5824279988803863,1.0,0.5743375845524598,0.5888294389646659,0.5882277513068807,0.5824761739646751,0.5881722077921173,0.5689575006584624,0.5801388017627699,0.5970388280382078,0.5866792307410806
0,3,0.3385494235375649,0.8947985625118214,5287,2.1995565806116377,0.46311010215664017,881,2.2052690411528078,0.4409,0.7838310759577546,0.0829768474298339,,,0.7849944621216002,,0.7850007529742483,0.21499924702575168,0,0.3940947670858537,5,0.1,0.5,0.5778450679329036,0.5788156457803696,0.5743375845524598,1.0,0.5657971114283942,0.5893142512440145,0.5859059111153362,0.5851603046177561,0.5766366576626281,0.5878907175065817,0.594690818828908,0.5891691289140774
0,4,0.33174374684451086,0.8937791286727457,4935,2.2062886494856615,0.4489051094890511,822,2.205264091491699,0.441,0.7836433549525861,0.08295697516694076,,,0.7834040444650939,,0.7834144872245369,0.21658551277546312,0,0.3940883500500188,5,0.1,0.5,0.5703349572486557,0.587316614053918,0.5888294389646659,0.5657971114283942,1.0,0.603085234279968,0.5822503972475854,0.5910413217253034,0.5741198050835984,0.5792039584534338,0.5977407553481271,0.5960523934843073
0,5,0.3530255256067604,0.8894364688236555,4667,2.209428644180298,0.41773778920308485,778,2.205027616823824,0.4414,0.7957913023458556,0.08424296446789481,,,0.886324386316107,,0.8863360273078661,0.11366397269213391,0,0.3943312677715914,5,0.1,0.5,0.5933118257802156,0.5860120823039336,0.5882277513068807,0.5893142512440145,0.603085234279968,1.0,0.6053420417322346,0.6107559725562917,0.5876792329431187,0.5920588958388008,0.6067988522977628,0.6093607467742151
0,6,0.3592806407995522,0.8871771839209521,4453,2.206091433763504,0.41778975741239893,742,2.2053560707896662,0.4405,0.780523879195842,0.08262674551431805,,,0.7569750930639776,,0.7569901109382059,0.2430098890617941,0,0.39395981729822077,5,0.1,0.5,0.5645588562702519,0.5783394683611567,0.5824761739646751,0.5859059111153362,0.5822503972475854,0.6053420417322346,1.0,0.5913918811443102,0.5897924797314965,0.5850511608081295,0.6059795001481619,0.5850889808973952
0,7,0.35944834515841595,0.8872574234276361,4277,2.20532925232597,0.426367461430575,713,2.2051609880246295,0.4413,0.7872953566636884,0.08334357834980813,,,0.8143446842603712,,0.8143567090005521,0.18564329099944787,0,0.39419764168648186,5,0.1,0.5,0.5813449125910753,0.5820018042118739,0.5881722077921173,0.5851603046177561,0.5910413217253034,0.6107559725562917,0.5913918811443102,1.0,0.6012102405085269,0.5873956111229289,0.6095486444947666,0.6015372800617866
0,8,0.38696014557091984,0.8797771857592638,4129,2.2039335532621904,0.4316860465116279,688,2.205576110571718,0.4404,0.7737989653370272,0.08191484193157246,,,0.7,,0.7,0.30000000000000004,0,0.3935369798600117,5,0.1,0.5,0.560062890580637,0.5803342538028051,0.5689575006584624,0.5766366576626281,0.5741198050835984,0.5876792329431187,0.5897924797314965,0.6012102405085269,1.0,0.5809593933594408,0.6070405091963109,0.6005124578172071
0,9,0.37971792164450835,0.8811797050737316,4001,2.2030770097460066,0.44227886056971516,667,2.205572390327819,0.4407,0.773946792406872,0.08193049099754694,,,0.7012524266092632,,0.7012750363937553,0.2987249636062447,0,0.39355045003627503,5,0.1,0.5,0.5612147086421733,0.5839943632943156,0.5801388017627699,0.5878907175065817,0.5792039584534338,0.5920588958388008,0.5850511608081295,0.5873956111229289,0.5809593933594408,1.0,0.610585430342001,0.5804203037791327
0,10,0.37038773638730654,0.8845461558241193,3889,2.203243232908703,0.47685185185185186,648,2.2050552291991994,0.4418,0.7924382289474148,0.08388800602297286,,,0.8579163393228948,,0.8579288188343959,0.14207118116560413,0,0.3942949972661506,5,0.1,0.5,0.5791490737195278,0.5916936909504171,0.5970388280382078,0.594690818828908,0.5977407553481271,0.6067988522977628,0.6059795001481619,0.6095486444947666,0.6070405091963109,0.610585430342001,1.0,0.6150229940315014
0,11,0.41293709464684253,0.8715378528092852,3791,2.2048375844955443,0.44145569620253167,632,2.2052170209610424,0.4407,0.7854350964702607,0.08314665004346199,,,0.7985841109848008,,0.798594448069876,0.201405551930124,0,0.3941472545491353,5,0.1,0.5,0.5863928956120915,0.5927931547293495,0.5866792307410806,0.5891691289140774,0.5960523934843073,0.6093607467742151,0.5850889808973952,0.6015372800617866,0.6005124578172071,0.5804203037791327,0.6150229940315014,1.0
1,0,0.24986068354231025,0.9234234234234234,8214,2.0494809455649796,0.7772096420745069,1369,2.0504357308244554,0.7818,0.79934358038185,0.08410275008479046,,,0.9499999998654659,,0.9500025099141609,0.04999749008583909,0.9593028378254149,0.40481894206749924,5,0.1,0.5,1.0,0.6181003465415004,0.6126645640495161,0.6161346084602648,0.6202127872414348,0.6184485598343894,0.598740357665089,0.6137071401228619,0.6163157018960829,0.6020074046022656,0.6178160492268846,0.6237808300296397
1,1,0.26543960733592364,0.9190751445086706,6574,2.054745285851615,0.7691605839416058,1096,2.0504473070747937,0.782,0.8062874686499741,0.08403397603233537,,,0.9407475472598174,,0.9407660258019176,0.059233974198082406,0.9592637779414304,0.40481721410931604,5,0.1,0.5,0.6181003465415004,1.0,0.6280626672996138,0.6191358137110914,0.632771916768346,0.6308812501220017,0.6145027689853075,0.6072444461591759,0.6179075760771127,0.614423902615007,0.6285025977102817,0.6162215739550015
1,2,0.2945478644942381,0.9091129171710185,5783,2.052149934153403,0.7759336099585062,964,2.05075128200336,0.7827,0.8072889215263603,0.08327218064134237,,,0.8382601192437504,,0.8382761909542694,0.16172380904573058,0.95887819146826,0.40471322551868943,5,0.1,0.5,0.6126645640495161,0.6280626672996138,1.0,0.6262033159548839,0.6271842836387269,0.6185643727414664,0.6131560046392459,0.6276123875238364,0.6192745643240203,0.6152797514280057,0.6334326180616021,0.6216779787476204
1,3,0.2986353336485574,0.9078116133913372,5287,2.0445284928594316,0.8059023836549376,881,2.050952226970904,0.7819,0.8095323881704012,0.08309339872004896,,,0.8142078612414432,,0.8142211736358617,0.18577882636413834,0.9586260967172155,0.4046496529339236,5,0.1,0.5,0.6161346084602648,0.6191358137110914,0.6262033159548839,1.0,0.6354757031412628,0.6238596660675603,0.616390293429284,0.6293418729046448,0.6273472154920912,0.6218921521655887,0.6314626230771094,0.6197334964637656
1,4,0.2892482431749663,0.9096656534954407,4935,2.0508847511731663,0.7858880778588808,822,2.050853735722673,0.7822,0.8198085473586494,0.0834381075580334,,,0.8605829412657279,,0.8606043873299534,0.13939561267004663,0.9586600097035373,0.40475481963236254,5,0.1,0.5,0.6202127872414348,0.632771916768346,0.6271842836387269,0.6354757031412628,1.0,0.63757216032372,0.6355786035454448,0.6367926832967986,0.6401248505638962,0.6320573923405799,0.6406164818524229,0.6285906321956922
1,5,0.30965012201197345,0.9066209556460253,4667,2.057030773162842,0.7917737789203085,778,2.0504466695145678,0.7821,0.8140933685036778,0.08408996559980755,,,0.948280051175963,,0.9482957682847246,0.051704231715275384,0.9592360073516969,0.40481868587684594,5,0.1,0.5,0.6184485598343894,0.6308812501220017,0.6185643727414664,0.6238596660675603,0.63757216032372,1.0,0.6149737384885253,0.6326305473365706,0.6319292224622245,0.6255337576227497,0.6416483359804246,0.6294050878259975
1,6,0.32013994590379297,0.9030765775881429,4453,2.0547704994678497,0.7654986522911051,742,2.0515369024520482,0.7812,0.7995054153457248,0.08251257158942316,,,0.7360668283031928,,0.7360875458059334,0.2639124541940666,0.9579003073547279,0.40424509664521907,5,0.1,0.5,0.598740357665089,0.6145027689853075,0.6131560046392459,0.616390293429284,0.6355786035454448,0.6149737384885253,1.0,0.6122301150301787,0.619422594478076,0.613185154673875,0.6207873152509226,0.6125048260111531
1,7,0.31552998140565497,0.904418985270049,4277,2.0485446660414985,0.7840112201963534,713,2.0507330048960237,0.7826,0.8113758036938624,0.08340024395632581,,,0.8554889971433082,,0.855504241754932,0.144495758245068,0.958886751278536,0.40474631977144787,5,0.1,0.5,0.6137071401228619,0.6072444461591759,0.6276123875238364,0.6293418729046448,0.6367926832967986,0.6326305473365706,0.6122301150301787,1.0,0.6342194143276245,0.6231438279338147,0.6383378238492203,0.6282071009245687
1,8,0.33614760634990837,0.8956648098813272,4129,2.053665269504894,0.7863372093023255,688,2.0519310018886774,0.7804,0.8126331814310432,0.08249869761962024,,,0.7342003067958626,,0.7342151498418754,0.2657848501581246,0.9572768797190432,0.40423007171425474,5,0.1,0.5,0.6163157018960829,0.6179075760771127,0.6192745643240203,0.6273472154920912,0.6401248505638962,0.6319292224622245,0.619422594478076,0.6342194143276245,1.0,0.6227058308150892,0.6399680289525549,0.6325983766672831
1,9,0.34289986807446454,0.8981254686328418,4001,2.053553989955357,0.7721139430284858,667,2.052220253898694,0.7798,0.8050359224824553,0.08224448462401701,,,0.7,,0.7,0.30000000000000004,0.9571354259945216,0.40391381209439925,5,0.1,0.5,0.6020074046022656,0.614423902615007,0.6152797514280057,0.6218921521655887,0.6320573923405799,0.6255337576227497,0.613185154673875,0.6231438279338147,0.6227058308150892,1.0,0.637454516831531,0.6205402539782651
1,10,0.3163475648606898,0.9053741321676524,3889,2.044938178289504,0.7854938271604939,648,2.050496840629334,0.7822,0.8205668173569663,0.08408053658491967,,,0.9470115275067331,,0.9470307715476131,0.05296922845238694,0.9591392150047092,0.40481849460929503,5,0.1,0.5,0.6178160492268846,0.6285025977102817,0.6334326180616021,0.6314626230771094,0.6406164818524229,0.6416483359804246,0.6207873152509226,0.6383378238492203,0.6399680289525549,0.637454516831531,1.0,0.6403402862811736
1,11,0.355378997128676,0.893537325243999,3791,2.05274698138237,0.7863924050632911,632,2.050842436357809,0.7823,0.8103173973518647,0.08323308698933604,,,0.833000691458737,,0.83302043070127,0.16697956929873004,0.9587482446348734,0.404701444350372,5,0.1,0.5,0.6237808300296397,0.6162215739550015,0.6216779787476204,0.6197334964637656,0.6285906321956922,0.6294050878259975,0.6125048260111531,0.6282071009245687,0.6325983766672831,0.6205402539782651,0.6403402862811736,1.0
2,0,0.23065074383813874,0.931409788166545,8214,1.8526349455811257,0.8940832724616509,1369,1.8569133864424099,0.8824,0.8039687565602104,0.08365315367923304,,,0.8945515039131651,,0.8945635259274133,0.10543647407258672,0.9676647643104066,0.40469210044824444,5,0.1,0.5,1.0,0.625323002708659,0.6183741369868401,0.6225640038774947,0.6208639027321582,0.6302902553239503,0.6215587751825989,0.6110364690507223,0.5870119484727091,0.6227120094351069,0.6287599465224006,0.6167096523558866
2,1,0.2388198764049855,0.9273805902038332,6574,1.8608116933277674,0.8813868613138686,1096,1.856905621461594,0.8824,0.8096560401400889,0.08380571866570598,,,0.9076749729207437,,0.9076903769891069,0.09230962301089307,0.9676782281401952,0.4047021052747519,5,0.1,0.5,0.625323002708659,1.0,0.632665135245879,0.62806369743262,0.6255224412951762,0.6398703311659037,0.6317663130548344,0.6168620584562396,0.5754492046828408,0.6267438277303448,0.6317667557379347,0.6266741722480559
2,2,0.2654411582070408,0.920283589832267,5783,1.8598781478020452,0.8661825726141079,964,1.8574001724346758,0.8821,0.8084753685766205,0.0832605000483281,,,0.8607758790137513,,0.8607951408061845,0.13920485919381553,0.9674108174812621,0.4046507913547456,5,0.1,0.5,0.6183741369868401,0.632665135245879,1.0,0.6322961993850119,0.6298786261533071,0.6325011483222729,0.6259264328307796,0.6269406473308929,0.5755529664389325,0.6250490988139024,0.6316534650900977,0.6218050640920709
2,3,0.26863893651661563,0.9184036315490827,5287,1.8505759494645255,0.8967082860385925,881,1.8576321175304085,0.882,0.8113513947654392,0.08324236077634682,,,0.8592155591843476,,0.8592239345414386,0.14077606545856136,0.9672413585258117,0.4046481432726197,5,0.1,0.5,0.6225640038774947,0.62806369743262,0.6322961993850119,1.0,0.6329259388816737,0.6343183590372325,0.6328226425630767,0.6274255123317976,0.5857880639277104,0.6268644339382685,0.6356143308114928,0.6228235033955766
2,4,0.2555001481946918,0.9211347517730496,4935,1.856461790891794,0.8905109489051095,822,1.8574518917467648,0.8822,0.8146288878522782,0.08358461028274229,,,0.8886554778306663,,0.8886702474775363,0.11132975252246369,0.9675431754873682,0.40468666641138945,5,0.1,0.5,0.6208639027321582,0.6255224412951762,0.6298786261533071,0.6329259388816737,1.0,0.6311456530732603,0.6395852034429274,0.6319391699237848,0.5904937981162968,0.6314307119133773,0.6429417344485315,0.6352795722371405
2,5,0.2776526647454051,0.9166488107992287,4667,1.8655717277526855,0.877892030848329,778,1.8568837977826786,0.8822,0.8202902759232931,0.08421313328544411,,,0.9427203215225095,,0.9427337985040911,0.057266201495908886,0.9677281169459311,0.4047171681169526,5,0.1,0.5,0.6302902553239503,0.6398703311659037,0.6325011483222729,0.6343183590372325,0.6311456530732603,1.0,0.6413652214128318,0.6414060397193345,0.5933463914352691,0.6385143980450643,0.6467436126040523,0.6345051926484083
2,6,0.28288433841363125,0.9157871098136088,4453,1.8644499629735947,0.871967654986523,742,1.8584425605524082,0.8818,0.8155606803226336,0.08300461257828853,,,0.8387647258643509,,0.8387781737864565,0.16122182621354353,0.9663097141480097,0.4046058128092992,5,0.1,0.5,0.6215587751825989,0.6317663130548344,0.6259264328307796,0.6328226425630767,0.6395852034429274,0.6413652214128318,1.0,0.6334041521231757,0.5951049642918301,0.6315928135796762,0.6411508657357231,0.6306858325869203
2,7,0.28366744756531803,0.9142857142857143,4277,1.8532815497854482,0.879382889200561,713,1.8573405106608478,0.8824,0.8109844449127948,0.08343262779530525,,,0.8755821147367789,,0.875603634355705,0.12439636564429501,0.9675010664101052,0.404672551997053,5,0.1,0.5,0.6110364690507223,0.6168620584562396,0.6269406473308929,0.6274255123317976,0.6319391699237848,0.6414060397193345,0.6334041521231757,1.0,0.5871930723377841,0.6302957664769416,0.6396996126240858,0.6305388711728387
2,8,0.3283031714136254,0.9047711310244612,4129,1.865749635479667,0.877906976744186,688,1.859801475613262,0.8816,0.7695050154135179,0.08139142337410861,,,0.7,,0.7,0.30000000000000004,0.9656743056567358,0.4037182789184981,5,0.1,0.5,0.5870119484727091,0.5754492046828408,0.5755529664389325,0.5857880639277104,0.5904937981162968,0.5933463914352691,0.5951049642918301,0.5871930723377841,1.0,0.5955165709430963,0.6006140898985136,0.5926076154431602
2,9,0.2941630123993794,0.9094226443389153,4001,1.8651577234268188,0.8785607196401799,667,1.859480078608845,0.8816,0.8135030537481482,0.08275555066816383,,,0.8173406997227454,,0.8173585663370313,0.1826414336629687,0.9654781154539062,0.4045450819301649,5,0.1,0.5,0.6227120094351069,0.6267438277303448,0.6250490988139024,0.6268644339382685,0.6314307119133773,0.6385143980450643,0.6315928135796762,0.6302957664769416,0.5955165709430963,1.0,0.6461045143425279,0.6313507989030568
2,10,0.27884305710369933,0.9184880431987658,3889,1.8470615262076968,0.8873456790123457,648,1.8569529563093339,0.8823,0.8228993631230093,0.0842977621312684,,,0.9499999999139811,,0.9500025099141609,0.04999749008583909,0.9677358707954598,0.4047186092305307,5,0.1,0.5,0.6287599465224006,0.6317667557379347,0.6316534650900977,0.6356143308114928,0.6429417344485315,0.6467436126040523,0.6411508657357231,0.6396996126240858,0.6006140898985136,0.6461045143425279,1.0,0.6445944135306058
2,11,0.3178152908657153,0.9088894750725403,3791,1.8630207061767579,0.8718354430379747,632,1.857503536410225,0.8818,0.8120333478497235,0.08335854671506487,,,0.8692097433096367,,0.8692234325586065,0.13077656744139354,0.9673866428231975,0.4046639503356926,5,0.1,0.5,0.6167096523558866,0.6266741722480559,0.6218050640920709,0.6228235033955766,0.6352795722371405,0.6345051926484083,0.6306858325869203,0.6305388711728387,0.5926076154431602,0.6313507989030568,0.6445944135306058,1.0
3,0,0.21026795986670174,0.9365717068419771,8214,1.62582074764163,0.9342585829072315,1369,1.633352900084596,0.9213,0.7951111121425318,0.0833925563493265,,,0.8825135290344353,,0.8825309974398876,0.11746900256011239,0.9693909578233877,0.39975848654446083,5,0.1,0.5,1.0,0.6135079355823875,0.6035119760342454,0.5989596727228276,0.6158144703621113,0.6112605835409228,0.5960940012596688,0.6122413284781191,0.5605286969716456,0.599260349067084,0.6107350311528905,0.6044945721705067
3,1,0.22044311904267055,0.9332522056586553,6574,1.6364240850721086,0.9233576642335767,1096,1.6333412267148686,0.9213,0.8011411858111731,0.08370481870666854,,,0.902151380115463,,0.9021735856633704,0.09782641433662964,0.9694620575460923,0.39977657171790937,5,0.1,0.5,0.6135079355823875,1.0,0.6124293531286066,0.6064436704940382,0.6158467075150255,0.6192254086458039,0.6086893721246771,0.6077335662109324,0.5605022485479482,0.6139457251204755,0.6152963990745036,0.60997411145683
3,2,0.24902505424100063,0.9254020404634273,5783,1.6369213135011735,0.9159751037344398,964,1.6339499299137736,0.9214,0.8025072919931384,0.08339030974896289,,,0.8823722427015105,,0.8823804025902314,0.11761959740976857,0.9692984341302517,0.3997581275189481,5,0.1,0.5,0.6035119760342454,0.6124293531286066,1.0,0.6133994027247108,0.6132594090404897,0.6146885717866224,0.6098230842809287,0.6211047877105841,0.5674476810775625,0.614183798690573,0.6197594498690332,0.6098328847621097
3,3,0.24668768399047206,0.9261585019860034,5287,1.6262536900384086,0.9216799091940976,881,1.6341879550641336,0.9216,0.7980134871113924,0.08322109723359529,,,0.8717306456607402,,0.8717484062045078,0.12825159379549222,0.969278884818706,0.3997446130865574,5,0.1,0.5,0.5989596727228276,0.6064436704940382,0.6133994027247108,1.0,0.6191293743184418,0.6099255925830419,0.6076896399128078,0.6148227786022976,0.5619504932700934,0.6080604548810841,0.6166336040424919,0.5993426556348849
3,4,0.2318686551402413,0.9306585612968592,4935,1.6319396770917451,0.9343065693430657,822,1.633972751446806,0.9217,0.808559952999389,0.08381734985433002,,,0.9092283455831023,,0.9092465237688871,0.09075347623111285,0.9694134287903833,0.39978149922088974,5,0.1,0.5,0.6158144703621113,0.6158467075150255,0.6132594090404897,0.6191293743184418,1.0,0.6222039574028552,0.6232376205933184,0.6225505205533246,0.5664622015048096,0.6210630309404337,0.6272883528651034,0.6090065814831225
3,5,0.2561807511648648,0.9233769016498822,4667,1.6440791130065917,0.9113110539845758,778,1.6332828495830012,0.9213,0.807631900919366,0.08420253245945312,,,0.933452074318117,,0.9334671954219166,0.06653280457808342,0.9694998787164701,0.39979323055584504,5,0.1,0.5,0.6112605835409228,0.6192254086458039,0.6146885717866224,0.6099255925830419,0.6222039574028552,1.0,0.6077699175286703,0.6276000412045533,0.5711046179773963,0.6184375258211643,0.6261499452505019,0.615765361627811
3,6,0.25354298543584136,0.923063103525713,4453,1.6447180261214573,0.9191374663072777,742,1.635193146455783,0.9217,0.8000030216052673,0.08313269801218161,,,0.8661713116424578,,0.8661864364238743,0.13381356357612573,0.9691683290845785,0.39973636152360065,5,0.1,0.5,0.5960940012596688,0.6086893721246771,0.6098230842809287,0.6076896399128078,0.6232376205933184,0.6077699175286703,1.0,0.6192592145923432,0.5748387488144964,0.6057097796403966,0.6173352292600829,0.6063940130030541
3,7,0.2505168824672087,0.9272854804769698,4277,1.6273740219033284,0.9242636746143057,713,1.633850618673209,0.9214,0.8101942481912955,0.08377351635505736,,,0.906471702936823,,0.9064856181918578,0.0935143818081422,0.9693795724213511,0.3997795655702003,5,0.1,0.5,0.6122413284781191,0.6077335662109324,0.6211047877105841,0.6148227786022976,0.6225505205533246,0.6276000412045533,0.6192592145923432,1.0,0.5767593461723938,0.6206902072109287,0.6322061909332869,0.6174311336282834
3,8,0.2902930780065855,0.9150399612496972,4129,1.6487727923826738,0.9142441860465116,688,1.6380992548915143,0.9209,0.7550999421522768,0.0804904004775892,,,0.7,,0.7,0.30000000000000004,0.9670309454949161,0.39877755721011954,5,0.1,0.5,0.5605286969716456,0.5605022485479482,0.5674476810775625,0.5619504932700934,0.5664622015048096,0.5711046179773963,0.5748387488144964,0.5767593461723938,1.0,0.5660476021896804,0.5835797061866409,0.566054267199993
3,9,0.2619333598611226,0.922819295176206,4001,1.6470414286568051,0.9190404797601199,667,1.6364975200293543,0.9215,0.8030435490882174,0.08307353689899921,,,0.8624507314855894,,0.8624667436373676,0.13753325636263236,0.9690271724723801,0.39973011374716594,5,0.1,0.5,0.599260349067084,0.6139457251204755,0.614183798690573,0.6080604548810841,0.6210630309404337,0.6184375258211643,0.6057097796403966,0.6206902072109287,0.5660476021896804,1.0,0.6317812167334079,0.6074960246163085
3,10,0.2510053105820276,0.9257392645924403,3889,1.6190413690748668,0.9228395061728395,648,1.6333638395364292,0.9213,0.8135478543617674,0.08446566177241038,,,0.9499999999371109,,0.9500025099141609,0.04999749008583909,0.9695148316615156,0.3997976153720481,5,0.1,0.5,0.6107350311528905,0.6152963990745036,0.6197594498690332,0.6166336040424919,0.6272883528651034,0.6261499452505019,0.6173352292600829,0.6322061909332869,0.5835797061866409,0.6317812167334079,1.0,0.6201864392975296
3,11,0.29332404976569804,0.9145871801635452,3791,1.643574458360672,0.9003164556962026,632,1.6340513568335828,0.9218,0.7990778119499986,0.08333552213142581,,,0.8789267070838475,,0.8789368003614276,0.12106319963857237,0.9693207512675834,0.3997540137489613,5,0.1,0.5,0.6044945721705067,0.60997411145683,0.6098328847621097,0.5993426556348849,0.6090065814831225,0.615765361627811,0.6063940130030541,0.6174311336282834,0.566054267199993,0.6074960246163085,0.6201864392975296,1.0
4,0,0.19681592595542452,0.9406622839055272,8214,1.37626099032025,0.9459459459459459,1369,1.3872737895947296,0.9331,0.7918531727976185,0.08323576388698664,,,0.8584175465517376,,0.8584257818382611,0.14157421816173887,0.9696669229085444,0.3978062561623734,5,0.1,0.5,1.0,0.6047857355024803,0.6037429872052729,0.6002735347485207,0.5999705912979791,0.6024668576002976,0.5836151359729782,0.5936987275099044,0.6029784475646416,0.5906215786074295,0.5958292961756168,0.5834075931980262
4,1,0.2044473855222747,0.937207179799209,6574,1.389289266722543,0.9352189781021898,1096,1.3873085107285374,0.9331,0.7940189226726919,0.08351944062602817,,,0.8847583254362985,,0.8847698408714422,0.11523015912855783,0.969781741586313,0.3978450620036944,5,0.1,0.5,0.6047857355024803,1.0,0.6035753169880972,0.6092312161977834,0.5999360136924388,0.601250283154225,0.5890813963917411,0.5962836632487812,0.5973188349699864,0.6005917562539184,0.5963515537511646,0.582040554426601
4,2,0.22785061673050264,0.9302092339616116,5783,1.3917937048019902,0.9315352697095436,964,1.387963611477861,0.9334,0.7955334458872748,0.08336317873073174,,,0.8702486407649611,,0.8702625370212339,0.1297374629787661,0.9696933717626764,0.3978263753580702,5,0.1,0.5,0.6037429872052729,0.6035753169880972,1.0,0.6089380786282407,0.6044448459579882,0.5961720540866607,0.5908049371101065,0.6022535949401902,0.5942744940931942,0.6010853826947844,0.597514882186274,0.5934797840596926
4,3,0.22362909085981278,0.9334972574238699,5287,1.3794267986501967,0.9398410896708286,881,1.3882242208852555,0.9333,0.8005968795974318,0.08342792303317427,,,0.8762604673265469,,0.8762762913508358,0.12372370864916415,0.9696822492225171,0.3978347595228424,5,0.1,0.5,0.6002735347485207,0.6092312161977834,0.6089380786282407,1.0,0.6161355327003478,0.6001151896605758,0.5954063809852881,0.6150065210466271,0.6057673305669926,0.6056652016669407,0.6003507470376395,0.5887225416978741
4,4,0.21249401237214766,0.9356433637284701,4935,1.384978092633761,0.9428223844282239,822,1.387985073339444,0.9334,0.8027461479048595,0.08390002325202782,,,0.9200972920101298,,0.9201194719140605,0.07988052808593948,0.9698447773972393,0.39787280617373927,5,0.1,0.5,0.5999705912979791,0.5999360136924388,0.6044448459579882,0.6161355327003478,1.0,0.6093953104182684,0.6012965278501522,0.6084522529275345,0.6075121027196324,0.6040055605808857,0.61481468919496,0.5972805217248299
4,5,0.2323975366387159,0.9301907006642383,4667,1.4002095413208009,0.9241645244215938,778,1.3872242023388799,0.9331,0.8000769850435774,0.08406287587036217,,,0.935218957694847,,0.9352391948195372,0.06476080518046279,0.9698855164687342,0.3978786443833643,5,0.1,0.5,0.6024668576002976,0.601250283154225,0.5961720540866607,0.6001151896605758,0.6093953104182684,1.0,0.5949935028976476,0.6070901399103861,0.611266367342992,0.6018826173861361,0.6108007493989724,0.6006612873925096
4,6,0.23488118228369526,0.9296653941163261,4453,1.4024216681718826,0.9285714285714286,742,1.3893561572693407,0.9332,0.787178216101428,0.08289907227627734,,,0.8271540763780978,,0.8271723307062898,0.17282766929371018,0.9694822659244474,0.39773044588319406,5,0.1,0.5,0.5836151359729782,0.5890813963917411,0.5908049371101065,0.5954063809852881,0.6012965278501522,0.5949935028976476,1.0,0.5969170903609591,0.6044019459158722,0.5888103941988609,0.5964823840622804,0.5763966442581284
4,7,0.231863713003139,0.9312602291325696,4277,1.3793508021727852,0.9396914446002805,713,1.3878596670711383,0.9335,0.7995203222160966,0.0837578593093448,,,0.9068966715002387,,0.9069123035992169,0.09308769640078307,0.9698265690628669,0.3978650749149734,5,0.1,0.5,0.5936987275099044,0.5962836632487812,0.6022535949401902,0.6150065210466271,0.6084522529275345,0.6070901399103861,0.5969170903609591,1.0,0.6065502112614561,0.6036622202794649,0.6006409154510638,0.6022831462661036
4,8,0.2376087941242776,0.928118188423347,4129,1.4103430888869546,0.9229651162790697,688,1.3940152036496245,0.933,0.7982870827826256,0.08152968779828383,,,0.7,,0.7,0.30000000000000004,0.9674665697021428,0.3968544644660742,5,0.1,0.5,0.6029784475646416,0.5973188349699864,0.5942744940931942,0.6057673305669926,0.6075121027196324,0.611266367342992,0.6044019459158722,0.6065502112614561,1.0,0.6014964849648804,0.6084736350590995,0.5963717018059119
4,9,0.23768855637948338,0.9284178955261184,4001,1.40626399289994,0.9235382308845578,667,1.3908117118354042,0.9335,0.7946185870727084,0.08312031550092364,,,0.8476975967238464,,0.8477084483710657,0.15229155162893426,0.9695779455215492,0.39778444759686754,5,0.1,0.5,0.5906215786074295,0.6005917562539184,0.6010853826947844,0.6056652016669407,0.6040055605808857,0.6018826173861361,0.5888103941988609,0.6036622202794649,0.6014964849648804,1.0,0.6120000113197251,0.5792442283748083
4,10,0.22774993187106657,0.9345847261506814,3889,1.368058823403858,0.9320987654320988,648,1.3873157832569207,0.9331,0.7996221066562798,0.08422206014782017,,,0.949999999907145,,0.9500025099141609,0.04999749008583909,0.9699060428616106,0.39788222679772545,5,0.1,0.5,0.5958292961756168,0.5963515537511646,0.597514882186274,0.6003507470376395,0.61481468919496,0.6108007493989724,0.5964823840622804,0.6006409154510638,0.6084736350590995,0.6120000113197251,1.0,0.597231343892787
4,11,0.26510982853399606,0.9217620680559219,3791,1.4015924334526062,0.9129746835443038,632,1.3880721818143948,0.9334,0.7851153697787229,0.08296179956803942,,,0.8329786135887096,,0.8329953315596607,0.16700466844033934,0.9695563320470943,0.3977470477746584,5,0.1,0.5,0.5834075931980262,0.582040554426601,0.5934797840596926,0.5887225416978741,0.5972805217248299,0.6006612873925096,0.5763966442581284,0.6022831462661036,0.5963717018059119,0.5792442283748083,0.597231343892787,1.0
5,0,0.1850248727668439,0.9435597759922084,8214,1.125666762507239,0.9569028487947406,1369,1.1398525731251263,0.9433,0.775314921305965,0.0831019417102106,,,0.8316717073798071,,0.8316901761959741,0.16830982380402593,0.9687128094211336,0.38985690290258296,5,0.1,0.5,1.0,0.574448430104831,0.5718894434438165,0.5766413547092429,0.5709529842943574,0.5831528552288258,0.5698185671758841,0.5693392767488575,0.5726332413605267,0.5335881666152041,0.5687209185212172,0.5665480157442433
5,1,0.19197732380781216,0.9421661089139033,6574,1.1403929642268589,0.9425182481751825,1096,1.1397988657220104,0.9433,0.7832904333589432,0.08357321242859889,,,0.8813205997012292,,0.8813362782992822,0.11866372170071782,0.9689988567543889,0.38996726058276066,5,0.1,0.5,0.574448430104831,1.0,0.591534613498576,0.5876362350488222,0.5851812425589815,0.5845066037965247,0.5820711621643373,0.5680976047856579,0.5695507385940966,0.5391786448593544,0.5796172910676732,0.5689014441375781
5,2,0.20985797091814282,0.9372643956424002,5783,1.1451748686452066,0.9377593360995851,964,1.14050881664593,0.9433,0.7851856684924359,0.08353535170114094,,,0.877331930116158,,0.8773455147833944,0.1226544852166056,0.96893378464525,0.3899611570700152,5,0.1,0.5,0.5718894434438165,0.591534613498576,1.0,0.5884170002589201,0.5771462069856443,0.5768431666213876,0.584488048697397,0.5776903189596899,0.5771020453223225,0.542694481706895,0.5804628682257941,0.581262392763588
5,3,0.20312497047258607,0.9382258369585776,5287,1.1309769707066673,0.9466515323496028,881,1.140752169461296,0.9429,0.7845271663069765,0.08355550804433513,,,0.8794554232036648,,0.8794638823352241,0.1205361176647759,0.968969352934261,0.3899643583394208,5,0.1,0.5,0.5766413547092429,0.5876362350488222,0.5884170002589201,1.0,0.5834256062646064,0.5789552627218956,0.5885525797863079,0.5785218183772491,0.571998974826172,0.5426086142000383,0.5768563251879585,0.5692774511824943
5,4,0.19312564990933864,0.9408308004052685,4935,1.1364343624848585,0.9525547445255474,822,1.1404756191439522,0.9431,0.7860689079335014,0.08392615478477654,,,0.9185034679631515,,0.9185231665077055,0.08147683349229451,0.9691274205533504,0.39000602927022676,5,0.1,0.5,0.5709529842943574,0.5851812425589815,0.5771462069856443,0.5834256062646064,1.0,0.5805333019090213,0.5963644255039523,0.5772161577796965,0.5780275352867285,0.5440444531665654,0.5875103572024406,0.574641404032916
5,5,0.21136826343757853,0.9362759802871223,4667,1.1548667550086975,0.9395886889460154,778,1.139699628177923,0.9432,0.7866766425457312,0.08405668714214246,,,0.9322551964335425,,0.9322724762813112,0.06772752371868884,0.969152353948092,0.3900138990605473,5,0.1,0.5,0.5831528552288258,0.5845066037965247,0.5768431666213876,0.5789552627218956,0.5805333019090213,1.0,0.5862566539552075,0.5833024583922252,0.5771673301388597,0.5412573353170801,0.5876669640541302,0.5802054766344793
5,6,0.21053066148090044,0.9360431169997754,4453,1.1582506746053696,0.9380053908355795,742,1.1419925895361855,0.9427,0.7889351695662306,0.08335663268474212,,,0.8585036837287711,,0.8585211585763767,0.14147884142362332,0.9686635522072847,0.3899263731131148,5,0.1,0.5,0.5698185671758841,0.5820711621643373,0.584488048697397,0.5885525797863079,0.5963644255039523,0.5862566539552075,1.0,0.5844078530651767,0.586498779516207,0.5390688079327585,0.5919521597308465,0.5772882800460662
5,7,0.21073951730956392,0.9371989712415244,4277,1.129188516865606,0.9495091164095372,713,1.1403232948086894,0.9433,0.7820777906975702,0.08369018278930375,,,0.8936435567975128,,0.8936549370011546,0.10634506299884539,0.9690661902943917,0.3899836982469259,5,0.1,0.5,0.5693392767488575,0.5680976047856579,0.5776903189596899,0.5785218183772491,0.5772161577796965,0.5833024583922252,0.5844078530651767,1.0,0.5751717764140536,0.5391495800515147,0.582499886211771,0.5829803670596144
5,8,0.2202074465924838,0.933930733833858,4129,1.1689729365435513,0.9302325581395349,688,1.1476328748102766,0.942,0.7783703753941162,0.08206669134050296,,,0.7226069339368315,,0.7226243662466744,0.27737563375332563,0.9666677942600653,0.38918391837528155,5,0.1,0.5,0.5726332413605267,0.5695507385940966,0.5771020453223225,0.571998974826172,0.5780275352867285,0.5771673301388597,0.586498779516207,0.5751717764140536,1.0,0.5339433210358947,0.5791727305759996,0.5738147694443764
5,9,0.26313829202046024,0.9243689077730567,4001,1.1645636388233729,0.9310344827586207,667,1.144479777675848,0.9419,0.7420627132974776,0.08185210476064546,,,0.7,,0.7,0.30000000000000004,0.9665967133879518,0.38893355303890953,5,0.1,0.5,0.5335881666152041,0.5391786448593544,0.542694481706895,0.5426086142000383,0.5440444531665654,0.5412573353170801,0.5390688079327585,0.5391495800515147,0.5339433210358947,1.0,0.5553691666257093,0.5360567688172657
5,10,0.20749698740079023,0.9394703008485472,3889,1.1164130767186482,0.9475308641975309,648,1.1398203563385498,0.9432,0.7884290024370377,0.08422512204338126,,,0.9499999998946489,,0.9500025099141609,0.04999749008583909,0.9691784034736183,0.39002043557806376,5,0.1,0.5,0.5687209185212172,0.5796172910676732,0.5804628682257941,0.5768563251879585,0.5875103572024406,0.5876669640541302,0.5919521597308465,0.582499886211771,0.5791727305759996,0.5553691666257093,1.0,0.5857196888079673
5,11,0.24236336351380128,0.9280400949617515,3791,1.1577672958374023,0.930379746835443,632,1.140679605281391,0.9429,0.779342408557273,0.08306041057021987,,,0.8272963557678139,,0.8273128858993023,0.1726871141006977,0.9686103872332742,0.38984287232947895,5,0.1,0.5,0.5665480157442433,0.5689014441375781,0.581262392763588,0.5692774511824943,0.574641404032916,0.5802054766344793,0.5772882800460662,0.5829803670596144,0.5738147694443764,0.5360567688172657,0.5857196888079673,1.0
6,0,0.1775845483894884,0.9463111760409058,8214,0.9072046515553497,0.9598246895544192,1369,0.9234688556232391,0.9491,0.7685049824217095,0.08415647770036676,,,0.9344336510439442,,0.9344460619446815,0.0655539380553185,0.9614433318834545,0.37079981763149333,5,0.1,0.5,1.0,0.554563876280292,0.5571968017061788,0.5584098012294161,0.5590413094310078,0.5579291631705332,0.5515584460024208,0.5543099639772285,0.53999108751215,0.3008981058487897,0.5524663016057069,0.5493289261540605
6,1,0.18279344717411378,0.9451475509583207,6574,0.9226757611547197,0.947992700729927,1096,0.9234252589198347,0.949,0.7661901972742102,0.08439450064426952,,,0.9392603938367285,,0.9392751367903218,0.06072486320967818,0.9617606850842917,0.3708018295141798,5,0.1,0.5,0.554563876280292,1.0,0.5606651201737207,0.5562295311158243,0.5559423930006029,0.5625541500645864,0.5490474760788134,0.54359749257715,0.5301367852006598,0.2938280063477809,0.5571753552428452,0.5485316873956196
6,2,0.19508212744798614,0.9414836590005188,5783,0.9297978570384364,0.9470954356846473,964,0.9241147425989754,0.9492,0.7669999143715214,0.08439774019412592,,,0.9393260869739735,,0.9393403945585062,0.06065960544149385,0.9617400240221872,0.3708018439357298,5,0.1,0.5,0.5571968017061788,0.5606651201737207,1.0,0.5664414291419115,0.5533167813578156,0.5582390171810528,0.5493764309422335,0.5515260181420605,0.5328154633404639,0.2921054228202964,0.5481318349160207,0.5499769829094109
6,3,0.1931313500172986,0.943559674673728,5287,0.9127216722284045,0.9511918274687855,881,0.9243309318828887,0.9491,0.7713480857044003,0.08456735301314895,,,0.9427655766229952,,0.942778976958988,0.057221023041011954,0.9617520292861295,0.37080306308040883,5,0.1,0.5,0.5584098012294161,0.5562295311158243,0.5664414291419115,1.0,0.5648991334106065,0.5670692388894865,0.5529530335376932,0.5611211731757902,0.5394971876700738,0.29130588118766376,0.5544354889838881,0.5458421533376218
6,4,0.18248297384429363,0.9433839918946302,4935,0.9192192714947921,0.9610705596107056,822,0.9240615225066773,0.949,0.7722427072546546,0.0848518935440428,,,0.9485356252335524,,0.94855177952914,0.05144822047085995,0.9618493232751945,0.3708048239229776,5,0.1,0.5,0.5590413094310078,0.5559423930006029,0.5533167813578156,0.5648991334106065,1.0,0.559755684594801,0.5582571389638763,0.5608931876603579,0.5464417495874482,0.2909403220944124,0.5630959711790753,0.5517699195334668
6,5,0.19773563422033028,0.9403042639811442,4667,0.9408524346351623,0.9434447300771208,778,0.9233259882408971,0.949,0.771738420855366,0.08492272756965828,,,0.9499720313926289,,0.9499774107725516,0.0500225892274484,0.9618612615469965,0.37080514538439063,5,0.1,0.5,0.5579291631705332,0.5625541500645864,0.5582390171810528,0.5670692388894865,0.559755684594801,1.0,0.5520348992953362,0.5582898288259074,0.545435031870848,0.28685692463403184,0.5594128557118058,0.5515231056692815
6,6,0.20115998976863922,0.9399056815629913,4453,0.9429259051879247,0.944743935309973,742,0.9255291290176563,0.9493,0.7639836485570081,0.08416787073155506,,,0.9346646843648267,,0.9346769740474876,0.06532302595251238,0.9616142023965594,0.3707999730590678,5,0.1,0.5,0.5515584460024208,0.5490474760788134,0.5493764309422335,0.5529530335376932,0.5582571389638763,0.5520348992953362,1.0,0.5496682674960061,0.5395972575624053,0.28940377315506216,0.5564909230916504,0.5455585552730565
6,7,0.19488951337329155,0.9418751461304653,4277,0.9122245052586431,0.9523141654978962,713,0.9239347081976577,0.949,0.7649482138551179,0.08442965018661246,,,0.9399731730225986,,0.9399779127553838,0.06002208724461622,0.96179364918269,0.37080205509294006,5,0.1,0.5,0.5543099639772285,0.54359749257715,0.5515260181420605,0.5611211731757902,0.5608931876603579,0.5582898288259074,0.5496682674960061,1.0,0.5343469942618934,0.28010622078890024,0.5551964779743818,0.5513833362234273
6,8,0.22646341683649762,0.9342213611043836,4129,0.95600395581939,0.9462209302325582,688,0.9309437463458735,0.9487,0.7500164926932473,0.0827884933952979,,,0.9066930127808085,,0.906711510466342,0.09328848953365798,0.9597189200331502,0.37078159213086476,5,0.1,0.5,0.53999108751215,0.5301367852006598,0.5328154633404639,0.5394971876700738,0.5464417495874482,0.545435031870848,0.5395972575624053,0.5343469942618934,1.0,0.2948049616538867,0.5429947466219164,0.5312106275225407
6,9,0.37383761358638323,0.9092726818295426,4001,0.9524864923386347,0.9355322338830585,667,0.9290552946706169,0.9488,0.46977995649748416,0.07259576477926992,,,0.7,,0.7,0.30000000000000004,0.9589807654317317,0.3697214505387064,5,0.1,0.5,0.3008981058487897,0.2938280063477809,0.2921054228202964,0.29130588118766376,0.2909403220944124,0.28685692463403184,0.28940377315506216,0.28010622078890024,0.2948049616538867,1.0,0.2920427584566746,0.2811985268503468
6,10,0.19135151014006774,0.9438930316276678,3889,0.8975827750705537,0.9537037037037037,648,0.9234449707281095,0.949,0.7685766295304037,0.08492410679488788,,,0.9499999999797215,,0.9500025099141609,0.04999749008583909,0.9618812528368987,0.3708051489188883,5,0.1,0.5,0.5524663016057069,0.5571753552428452,0.5481318349160207,0.5544354889838881,0.5630959711790753,0.5594128557118058,0.5564909230916504,0.5551964779743818,0.5429947466219164,0.2920427584566746,1.0,0.5487211548876237
