round,client_id,client_i_training_loss,client_i_training_accuracy,client_i_training_dataset_size,client_i_evaluation_loss,client_i_evaluation_accuracy,client_i_evaluation_dataset_size,client_i_central_evaluation_loss,client_i_central_evaluation_accuracy,client_i_cosine_similarity,client_i_importance_coefficient,client_i_tanh_val,tanh_normalization_value,client_i_q,client_i_mask_order,client_i_v_nonzero_fraction,client_i_v_sparsity,client_i_v_cosine_similarity,client_i_reward_gradient_norm,local_epochs,learning_rate,gamma,client_0_cosine_similarity,client_1_cosine_similarity,client_2_cosine_similarity,client_3_cosine_similarity,client_4_cosine_similarity,client_5_cosine_similarity,client_6_cosine_similarity,client_7_cosine_similarity,client_8_cosine_similarity,client_9_cosine_similarity,client_10_cosine_similarity,client_11_cosine_similarity
0,0,2.178998579960389,0.3509617725833942,8214,2.2676332107810087,0.1760409057706355,1369,2.2662510193955785,0.1846,0.9678945307819276,0.08169728356501957,,,0.65,,0.6500178811339539,0.34998211886604613,0,0.09855734471836188,5,0.001,0.1,1.0,0.9880398688792487,0.9719172686486527,0.9640703916500817,0.956041570717721,0.9461155497153136,0.9421912542116683,0.9279017813812032,0.9258012172068417,0.920473925835504,0.9220885736248189,0.9169846752887071
0,1,2.215821848332303,0.3289017341040462,6574,2.2643843037741527,0.17427007299270073,1096,2.2661736575178444,0.1852,0.987636767513444,0.08336367082227522,,,0.899271322916974,,0.8992905539285334,0.10070944607146659,0,0.09865362191390634,5,0.001,0.1,0.9880398688792487,1.0,0.988995092986524,0.9845468650022471,0.9777443039736549,0.9686201671987107,0.9710926184458495,0.9584596851981025,0.9559120871021279,0.9531457508048559,0.9542111405547833,0.9511966765357208
0,2,2.231400063288146,0.32550579284108594,5783,2.2633546321622786,0.2053941908713693,964,2.2661726474761963,0.1852,0.994391396706158,0.08393381027340725,,,0.9845572698732015,,0.9845738974106185,0.015426102589381485,0,0.09865494656490092,5,0.001,0.1,0.9719172686486527,0.988995092986524,1.0,0.9897017243739048,0.98860722763391,0.981627193239082,0.982950453228577,0.9744136778195305,0.9718337094164352,0.9745446574249979,0.9709957069227967,0.9674788387783186
0,3,2.2403221437729983,0.2578021562322678,5287,2.2704666001456126,0.17480136208853575,881,2.2661726360503858,0.1852,0.99561445769618,0.0840370454476348,,,0.9999999998504121,,1.0,0.0,0,0.09865494959383894,5,0.001,0.1,0.9640703916500817,0.9845468650022471,0.9897017243739048,1.0,0.9899279332132049,0.9864307332452877,0.9863395838178259,0.9800224049932019,0.9811659039448598,0.9774252116834772,0.9779883839092356,0.9743195344241535
0,4,2.2461130689805553,0.28012158054711245,4935,2.2623055164630594,0.20559610705596107,822,2.2661726337652235,0.1852,0.9952952960761612,0.08401010590355794,,,0.9959701707926232,,0.9959839939687418,0.004016006031258179,0,0.09865494954659056,5,0.001,0.1,0.956041570717721,0.9777443039736549,0.98860722763391,0.9899279332132049,1.0,0.9908988507120363,0.9870655605073979,0.9792791225145658,0.9840806573898905,0.9830342934000537,0.9833531763011407,0.9810207729288529
0,5,2.2517887794808167,0.2572959074351832,4667,2.262803792953491,0.20565552699228792,778,2.266172846285299,0.1852,0.9922684952411803,0.08375462206906359,,,0.9577528877865173,,0.9577666946965523,0.04223330530344771,0,0.09865483873058939,5,0.001,0.1,0.9461155497153136,0.9686201671987107,0.981627193239082,0.9864307332452877,0.9908988507120363,1.0,0.987796732996754,0.9827133362116265,0.9814200563846683,0.9870962869089601,0.9853768828743021,0.9790589610681897
0,6,2.2528339757238114,0.24927015495171795,4453,2.272101640701294,0.16037735849056603,742,2.266172874468965,0.1852,0.9921047864444476,0.08374080386515458,,,0.9556858520757372,,0.955703115183499,0.04429688481650096,0,0.09865483245510405,5,0.001,0.1,0.9421912542116683,0.9710926184458495,0.982950453228577,0.9863395838178259,0.9870655605073979,0.987796732996754,1.0,0.9853083964251883,0.981067809344986,0.9829909917195034,0.9901302174261216,0.9814179859078723
0,7,2.256211275840873,0.23408931494037877,4277,2.2599259977755337,0.19775596072931276,713,2.2661747041220863,0.1852,0.9860268265759131,0.08322778018841645,,,0.8789437322404898,,0.8789688868269203,0.12103111317307969,0,0.09865272449708633,5,0.001,0.1,0.9279017813812032,0.9584596851981025,0.9744136778195305,0.9800224049932019,0.9792791225145658,0.9827133362116265,0.9853083964251883,1.0,0.9797335459906428,0.9860480217550976,0.9847100006995946,0.982080201138395
0,8,2.2583215856552123,0.23613465730201016,4129,2.270638866858049,0.1613372093023256,688,2.2661744946488938,0.1852,0.9849600784817992,0.0831377389506931,,,0.8654746551417212,,0.8654903780168373,0.13450962198316274,0,0.09865169745632221,5,0.001,0.1,0.9258012172068417,0.9559120871021279,0.9718337094164352,0.9811659039448598,0.9840806573898905,0.9814200563846683,0.981067809344986,0.9797335459906428,1.0,0.9751730607214484,0.9855821941215462,0.9884304822514443
0,9,2.2585968081913297,0.22474381404648838,4001,2.2640065919785273,0.20539730134932535,667,2.2661747178330587,0.1852,0.9836648680719685,0.08302841384474088,,,0.8491209452402024,,0.8491363895574178,0.15086361044258223,0,0.09865049117653947,5,0.001,0.1,0.920473925835504,0.9531457508048559,0.9745446574249979,0.9774252116834772,0.9830342934000537,0.9870962869089601,0.9829909917195034,0.9860480217550976,0.9751730607214484,1.0,0.9818428679579123,0.9752937196086786
0,10,2.260292830232714,0.22576497814348162,3889,2.2686743282136463,0.16820987654320987,648,2.266175182482686,0.1852,0.9854941318508667,0.08318281690923504,,,0.8722177710118296,,0.872232048791332,0.12776795120866802,0,0.0986521502972255,5,0.001,0.1,0.9220885736248189,0.9542111405547833,0.9709957069227967,0.9779883839092356,0.9833531763011407,0.9853768828743021,0.9901302174261216,0.9847100006995946,0.9855821941215462,0.9818428679579123,1.0,0.9871628440219361
0,11,2.2617862448972814,0.24510683197045635,3791,2.2666544675827027,0.1930379746835443,632,2.266176228325207,0.1852,0.9819765564651264,0.08288590816080148,,,0.8278038233022529,,0.8278240109799828,0.17217598902001718,0,0.09864827076634922,5,0.001,0.1,0.9169846752887071,0.9511966765357208,0.9674788387783186,0.9743195344241535,0.9810207729288529,0.9790589610681897,0.9814179859078723,0.982080201138395,0.9884304822514443,0.9752937196086786,0.9871628440219361,1.0
1,0,2.0177930137990514,0.45261748234721205,8214,2.223807307176812,0.3148283418553689,1369,2.2220988144128087,0.3173,0.9749872435096115,0.08174772770967298,,,0.65,,0.6500178811339539,0.34998211886604613,0.953690653061293,0.09916048613766511,5,0.001,0.1,1.0,0.9923706961230204,0.9836827901862685,0.9781967895657615,0.9729974009835897,0.9666868748960751,0.9643325090825176,0.957245884188948,0.9525341384426769,0.9510952881221802,0.9510743795144564,0.9474360623437569
1,1,2.099036891136355,0.4472771524186188,6574,2.219963162285941,0.30383211678832117,1096,2.2218895385059687,0.3167,0.9903044740660885,0.08326732992200818,,,0.896108433693376,,0.8961299426837166,0.1038700573162834,0.9545125668454788,0.09929421354544589,5,0.001,0.1,0.9923706961230204,1.0,0.9944099408364045,0.9921436925496694,0.9882337096503175,0.9819177421384937,0.9832946628518737,0.9777880591489138,0.9730189618479247,0.9730168923957925,0.9730851431189977,0.9705635660211591
1,2,2.1312781534142258,0.4523949507176206,5783,2.219374748968309,0.34439834024896265,964,2.221886810784142,0.3166,0.9954165960082981,0.08378309063065817,,,0.9796388860289081,,0.979659001942761,0.02034099805723899,0.9545340367136982,0.09929617419617379,5,0.001,0.1,0.9836827901862685,0.9944099408364045,1.0,0.9942658206096013,0.9935794093927215,0.9889528741815065,0.9898658294858308,0.9864993417726882,0.9817777352027648,0.9845874500562093,0.9828600275576072,0.980080387985011
1,3,2.1510460810488965,0.3960279931908455,5287,2.226091410432543,0.30533484676503975,881,2.2218867528933686,0.3166,0.9973417738057612,0.08390881079849492,,,0.9999999998380442,,1.0,0.0,0.9545351743896455,0.09929618136000304,5,0.001,0.1,0.9781967895657615,0.9921436925496694,0.9942658206096013,1.0,0.994864319115009,0.9920808792867689,0.993028098312968,0.9904302722748403,0.9880725962044343,0.9869667177484178,0.9880220555421754,0.9853402322639652
1,4,2.1629056795181767,0.4051469098277609,4935,2.216856158696688,0.3175182481751825,822,2.221886741467558,0.3166,0.9977541418308299,0.08390559284183412,,,0.9994788330043456,,0.9994877296759165,0.0005122703240835191,0.9545351580877072,0.09929618135991954,5,0.001,0.1,0.9729974009835897,0.9882337096503175,0.9935794093927215,0.994864319115009,1.0,0.9948299113760892,0.993350915095977,0.9900564372635747,0.9906482892545952,0.989424463161452,0.9907579922885489,0.9895146088212717
1,5,2.1732660014335425,0.3975144632526248,4667,2.21901385307312,0.3149100257069409,778,2.221886880862446,0.3166,0.9964082096727054,0.0837050392705309,,,0.9669980134159095,,0.967011724224587,0.03298827577541297,0.9545430208936322,0.09929610737452299,5,0.001,0.1,0.9666868748960751,0.9819177421384937,0.9889528741815065,0.9920808792867689,0.9948299113760892,1.0,0.9935258158600656,0.9916169892959419,0.9906063115527863,0.9915103874682197,0.9921670105482858,0.9882808252537044
1,6,2.176489141668592,0.38198966988547045,4453,2.229134500026703,0.29514824797843664,742,2.221886940276661,0.3166,0.9967808018060186,0.08370859890363688,,,0.967574516741007,,0.9675916528933608,0.0324083471066392,0.9545426908666742,0.09929610805968381,5,0.001,0.1,0.9643325090825176,0.9832946628518737,0.9898658294858308,0.993028098312968,0.993350915095977,0.9935258158600656,1.0,0.9936285490950124,0.9898953775050705,0.9912324049490205,0.9943214914553056,0.9901049361820663
1,7,2.1834046790848918,0.3916296469487959,4277,2.2146105766296387,0.32398316970546986,713,2.221890144073925,0.3167,0.9948595891254777,0.0833311562005721,,,0.9064454714512413,,0.9064720039435149,0.0935279960564851,0.9545135395359073,0.09929485839490833,5,0.001,0.1,0.957245884188948,0.9777880591489138,0.9864993417726882,0.9904302722748403,0.9900564372635747,0.9916169892959419,0.9936285490950124,1.0,0.9890705515805874,0.994128222729544,0.9926222877388646,0.9905946249340396
1,8,2.189424887070289,0.38454831678372486,4129,2.2270856337113814,0.30377906976744184,688,2.2218929045497418,0.3167,0.9928416364991621,0.08321054389867374,,,0.8869116062966609,,0.8869284078058399,0.11307159219416008,0.9544567016645892,0.09929307534452358,5,0.001,0.1,0.9525341384426769,0.9730189618479247,0.9817777352027648,0.9880725962044343,0.9906482892545952,0.9906063115527863,0.9898953775050705,0.9890705515805874,1.0,0.9863418258250436,0.9930057706537345,0.9946521816645236
1,9,2.188442576499212,0.37735566108472884,4001,2.2192032791319347,0.3328335832083958,667,2.2218941431076003,0.3166,0.9925931486873152,0.08313531632095895,,,0.874728061700814,,0.874735407544872,0.125264592455128,0.9544524489863608,0.09929126578906121,5,0.001,0.1,0.9510952881221802,0.9730168923957925,0.9845874500562093,0.9869667177484178,0.989424463161452,0.9915103874682197,0.9912324049490205,0.994128222729544,0.9863418258250436,1.0,0.9913343384373157,0.9869645867441093
1,10,2.1924223196311075,0.3781949087168938,3889,2.2245326382773265,0.30709876543209874,648,2.221891137357718,0.3167,0.9939649746682835,0.08327458451827628,,,0.8972833578347912,,0.8972994654990769,0.10270053450092309,0.954501514584883,0.09929423308134255,5,0.001,0.1,0.9510743795144564,0.9730851431189977,0.9828600275576072,0.9880220555421754,0.9907579922885489,0.9921670105482858,0.9943214914553056,0.9926222877388646,0.9930057706537345,0.9913343384373157,1.0,0.9937058487514191
1,11,2.196533302098763,0.3790029016090741,3791,2.222431552410126,0.3401898734177215,632,2.221897893820327,0.3166,0.9918040369762913,0.08302220898468264,,,0.8564096694635347,,0.8564289925672476,0.14357100743275242,0.9544202212566093,0.09928935198792553,5,0.001,0.1,0.9474360623437569,0.9705635660211591,0.980080387985011,0.9853402322639652,0.9895146088212717,0.9882808252537044,0.9901049361820663,0.9905946249340396,0.9946521816645236,0.9869645867441093,0.9937058487514191,1.0
2,0,1.826636628510887,0.5245678110542975,8214,2.1696757549463315,0.40321402483564645,1369,2.167614904074623,0.4094,0.9837851012288238,0.08198682680523213,,,0.65,,0.6500178811339539,0.34998211886604613,0.980470914088776,0.09937525772569043,5,0.001,0.1,1.0,0.9950859618918185,0.9889732192309942,0.9860481003841585,0.981186384845666,0.9783595810871709,0.976164184442307,0.9728005451395966,0.9711635281620282,0.967447381880006,0.9679386559160201,0.96556471318119
2,1,1.938389819223904,0.5132339519318527,6574,2.1650102410997665,0.4023722627737226,1096,2.1671674259173606,0.4089,0.9935965001890217,0.083236955091861,,,0.8939715168330081,,0.8939890393481602,0.10601096065183979,0.9812822659583825,0.09953149431715529,5,0.001,0.1,0.9950859618918185,1.0,0.9963329676240372,0.9947866216416177,0.9913002867294252,0.9881624152611098,0.9884514861597328,0.9855131739360875,0.9840911544506451,0.9814115413403846,0.9822603033604012,0.980285015125182
2,2,1.9903587712767374,0.5234653294137991,5783,2.1647363016682286,0.42738589211618255,964,2.1671594994517562,0.409,0.9970791377718203,0.08366618645298547,,,0.9777391008209071,,0.977759735552527,0.022240264447472957,0.9813253924603114,0.09953490575067671,5,0.001,0.1,0.9889732192309942,0.9963329676240372,1.0,0.996495376492216,0.9953731155461817,0.9930998124117622,0.9934248371553825,0.9912727880635452,0.9896409977105551,0.9886592939632727,0.988974073804938,0.9868633904432239
2,3,2.024383503988565,0.4828447134480802,5287,2.171122831957681,0.39500567536889897,881,2.167159267888663,0.409,0.9981767220150904,0.08377885058921537,,,0.999726316455241,,0.9997341993601454,0.00026580063985459645,0.9813282127017543,0.09953493948982162,5,0.001,0.1,0.9860481003841585,0.9947866216416177,0.996495376492216,1.0,0.9962185756533494,0.9947641870841137,0.9952094689121497,0.9936115338165381,0.9925391704713973,0.9906606021917529,0.9919971150108199,0.9898277289244262
2,4,2.045886664082927,0.46731509625126644,4935,2.160400674893306,0.4075425790754258,822,2.1671592716972667,0.409,0.9982812581064141,0.08378025296315376,,,0.9999999998048428,,1.0,0.0,0.9813282126918095,0.09953493948982299,5,0.001,0.1,0.981186384845666,0.9913002867294252,0.9953731155461817,0.9962185756533494,1.0,0.9965746779529315,0.9952164612829348,0.9932051583284794,0.994730784131021,0.9926314905025335,0.9939651755897347,0.9929286645551189
2,5,2.0628499556894173,0.47190914934647527,4667,2.1648310470581054,0.40102827763496146,778,2.1671592016189622,0.409,0.9976807994864394,0.08363770542079632,,,0.9721808227637849,,0.9721972530712055,0.027802746928794475,0.9813234075645393,0.09953487996010502,5,0.001,0.1,0.9783595810871709,0.9881624152611098,0.9930998124117622,0.9947641870841137,0.9965746779529315,1.0,0.9957403408283629,0.9944781752896984,0.9940876487090915,0.9945231846165202,0.9945922545554554,0.9917480441480538
2,6,2.068786289521626,0.46090276218279813,4453,2.1760905385017395,0.3948787061994609,742,2.167159241228439,0.409,0.9977366896653268,0.08364169726473636,,,0.9729598597885674,,0.9729801567740501,0.027019843225949858,0.9813237333540892,0.0995349033713218,5,0.001,0.1,0.976164184442307,0.9884514861597328,0.9934248371553825,0.9952094689121497,0.9952164612829348,0.9957403408283629,1.0,0.995776154497193,0.9939536848695945,0.9937503447792332,0.9962292387898174,0.9928477154215577
2,7,2.0809191025904754,0.49357025952770633,4277,2.158469759899637,0.42075736325385693,713,2.1671658384914214,0.4089,0.9965857779881795,0.08337274849518551,,,0.9204725751158624,,0.9204917795111202,0.07950822048887984,0.9812972529468851,0.09953333156913405,5,0.001,0.1,0.9728005451395966,0.9855131739360875,0.9912727880635452,0.9936115338165381,0.9932051583284794,0.9944781752896984,0.995776154497193,1.0,0.9932687405546765,0.9950134535753058,0.9948923112160363,0.9931823660757941
2,8,2.09328351350931,0.46519738435456526,4129,2.1734117703004316,0.4069767441860465,688,2.1671722826485436,0.409,0.9960721500537904,0.08328209211579114,,,0.9027803313453642,,0.9028039551135211,0.09719604488647893,0.9812795006077779,0.09953236128041135,5,0.001,0.1,0.9711635281620282,0.9840911544506451,0.9896409977105551,0.9925391704713973,0.994730784131021,0.9940876487090915,0.9939536848695945,0.9932687405546765,1.0,0.991302773225732,0.9957883265468312,0.9963093612252167
2,9,2.091546572390057,0.4770807298175456,4001,2.164135524204799,0.43478260869565216,667,2.1671756700204967,0.409,0.9946379578096647,0.08318955315030348,,,0.8847206873730928,,0.884739177081219,0.11526082291878104,0.9812468845021578,0.0995309517389947,5,0.001,0.1,0.967447381880006,0.9814115413403846,0.9886592939632727,0.9906606021917529,0.9926314905025335,0.9945231846165202,0.9937503447792332,0.9950134535753058,0.991302773225732,1.0,0.9940591834531647,0.9902294610540139
2,10,2.098330648414424,0.4630496271535099,3889,2.170150734129406,0.4074074074074074,648,2.1671676079686075,0.4088,0.9960086555265942,0.08331936205769835,,,0.9100538282789471,,0.910077227167725,0.08992277283227501,0.9812936717782403,0.09953290144834782,5,0.001,0.1,0.9679386559160201,0.9822603033604012,0.988974073804938,0.9919971150108199,0.9939651755897347,0.9945922545554554,0.9962292387898174,0.9948923112160363,0.9957883265468312,0.9940591834531647,1.0,0.9953582366831831
2,11,2.1067780685024102,0.45270377209179635,3791,2.1684361934661864,0.41930379746835444,632,2.1671814194883403,0.4089,0.9942562952230108,0.08310776959304118,,,0.8687600385895297,,0.8687814732121283,0.13121852678787171,0.9812464809543965,0.09952872718867975,5,0.001,0.1,0.96556471318119,0.980285015125182,0.9868633904432239,0.9898277289244262,0.9929286645551189,0.9917480441480538,0.9928477154215577,0.9931823660757941,0.9963093612252167,0.9902294610540139,0.9953582366831831,1.0
3,0,1.6495571585480806,0.5710250791331872,8214,2.103924867718719,0.46968590211833455,1369,2.101554341209582,0.4691,0.9876193070082406,0.08222344497741739,,,0.65,,0.6500178811339539,0.34998211886604613,0.9908294166583784,0.09947654252354406,5,0.001,0.1,1.0,0.9960095711890027,0.9920982475917436,0.9890954753472645,0.9852522604222937,0.983332330259077,0.9810087695763894,0.979640637226314,0.977858490004236,0.9752528872849174,0.9754242944821706,0.9740854786575498
3,1,1.7641381945424868,0.5612108305445695,6574,2.0982879298073907,0.46167883211678834,1096,2.1007710577200016,0.4701,0.9950852692155439,0.08323189772031113,,,0.8919525929901176,,0.8919737872241714,0.10802621277582858,0.9916759483203564,0.09963765738757194,5,0.001,0.1,0.9960095711890027,1.0,0.9973194068786875,0.995917978950702,0.993053631281855,0.9909659432304578,0.9904655641084971,0.9890127668891687,0.9879764299896805,0.985859259854833,0.9864377089202333,0.9851400368306306
3,2,1.8249176769625417,0.5677675946740446,5783,2.0983756588351343,0.49896265560165975,964,2.100758214347279,0.47,0.9978520170497241,0.08358471740006383,,,0.9766027037421137,,0.9766288746484183,0.0233711253515817,0.991722822444046,0.0996409861238752,5,0.001,0.1,0.9920982475917436,0.9973194068786875,1.0,0.997608830096904,0.9960835417986056,0.9946133175278884,0.9946230167175192,0.9933526705095497,0.9922637725485005,0.9910504433561104,0.9916501311343334,0.9904705402941769
3,3,1.8687586046126952,0.546472479667108,5287,2.1043491193226407,0.4619750283768445,881,2.100758010206131,0.47,0.998673518351322,0.08368040321230902,,,0.9995600813170467,,0.9995650534984197,0.00043494650158026893,0.9917211631225712,0.09964099044524846,5,0.001,0.1,0.9890954753472645,0.995917978950702,0.997608830096904,1.0,0.9972986950181894,0.9960387004863749,0.9960067801522748,0.9948212674526672,0.9944744533953704,0.9930875263953071,0.9939700216033849,0.9925768675828288
3,4,1.8984175314441805,0.5210131712259372,4935,2.092187789770273,0.4829683698296837,822,2.100758013253014,0.47,0.9987036345715088,0.08368223678208002,,,0.9999999997600755,,1.0,0.0,0.9917211631948206,0.09964099044540425,5,0.001,0.1,0.9852522604222937,0.993053631281855,0.9960835417986056,0.9972986950181894,1.0,0.9974397919808891,0.9960591000062821,0.995053103590943,0.9961906335314877,0.9946099191547695,0.9953976888870247,0.994763382617631
3,5,1.9209356949753957,0.5237197343046925,4667,2.0989842224121094,0.45758354755784064,778,2.100757445009372,0.47,0.9982263565590491,0.08357932923082657,,,0.9753099495425631,,0.9753288678825838,0.024671132117416228,0.9917230323896521,0.09964098566419466,5,0.001,0.1,0.983332330259077,0.9909659432304578,0.9946133175278884,0.9960387004863749,0.9974397919808891,1.0,0.9966970930505478,0.9956742552152072,0.9953751937320916,0.9954706727574362,0.9956772982096063,0.9941907549317346
3,6,1.9296906704562051,0.5249494722658882,4453,2.111411839723587,0.45417789757412397,742,2.100757502900145,0.47,0.9979143274838862,0.08357169974161778,,,0.9734794476075288,,0.9735020925759464,0.026497907424053557,0.991722830921714,0.09964098491041762,5,0.001,0.1,0.9810087695763894,0.9904655641084971,0.9946230167175192,0.9960067801522748,0.9960591000062821,0.9966970930505478,1.0,0.995950904692673,0.9943289962713533,0.995462935771562,0.9970318120948524,0.9940778621587554
3,7,1.948899069472925,0.554781388823942,4277,2.0906841547592827,0.4838709677419355,713,2.100766721244056,0.4701,0.99729007307904,0.08338646438382435,,,0.9290369336202432,,0.9290553928533457,0.07094460714665429,0.9916956628257119,0.09963910535936919,5,0.001,0.1,0.979640637226314,0.9890127668891687,0.9933526705095497,0.9948212674526672,0.995053103590943,0.9956742552152072,0.995950904692673,1.0,0.9943810548955055,0.9962986341065604,0.9951592938627541,0.9949173437566948
3,8,1.9654271677824167,0.5191571809154759,4129,2.1083391471342607,0.4622093023255814,688,2.1007773373454524,0.4701,0.9967942812445927,0.08331480749317782,,,0.9118446847819012,,0.9118653405631107,0.08813465943688925,0.9916778120780756,0.09963868482118234,5,0.001,0.1,0.977858490004236,0.9879764299896805,0.9922637725485005,0.9944744533953704,0.9961906335314877,0.9953751937320916,0.9943289962713533,0.9943810548955055,1.0,0.992466726565596,0.996015068006734,0.9969854147675598
3,9,1.9642767090646047,0.5281179705073732,4001,2.0973481564294723,0.47226386806596704,667,2.1007849080874896,0.4702,0.9959593936839443,0.08323104128551086,,,0.8917471132369877,,0.8917708121901006,0.10822918780989943,0.9916683599243147,0.09963765452320399,5,0.001,0.1,0.9752528872849174,0.985859259854833,0.9910504433561104,0.9930875263953071,0.9946099191547695,0.9954706727574362,0.995462935771562,0.9962986341065604,0.992466726565596,1.0,0.995617641636483,0.9931254924181804
3,10,1.9747752105603453,0.5187451787091797,3889,2.104211682365054,0.47530864197530864,648,2.1007690795313434,0.4701,0.9968105287213194,0.08333820713404079,,,0.9174588336071465,,0.9174809831724031,0.08251901682759688,0.9916873640109498,0.09963889313861879,5,0.001,0.1,0.9754242944821706,0.9864377089202333,0.9916501311343334,0.9939700216033849,0.9953976888870247,0.9956772982096063,0.9970318120948524,0.9951592938627541,0.996015068006734,0.995617641636483,1.0,0.9960875852060568
3,11,1.9900760143744844,0.5010287523080982,3791,2.1030885934829713,0.4541139240506329,632,2.100793933716064,0.47,0.9958016636303171,0.08317575063882045,,,0.8784815284794335,,0.8785049438919013,0.12149505610809874,0.9916535553711148,0.09963667400791927,5,0.001,0.1,0.9740854786575498,0.9851400368306306,0.9904705402941769,0.9925768675828288,0.994763382617631,0.9941907549317346,0.9940778621587554,0.9949173437566948,0.9969854147675598,0.9931254924181804,0.9960875852060568,1.0
4,0,1.4998609813734716,0.608327246165084,8214,2.02592025523962,0.5208181154127101,1369,2.0233092231872365,0.521,0.9892724071828022,0.08240317518269176,,,0.65,,0.6500178811339539,0.34998211886604613,0.9945483945346831,0.0995362388517146,5,0.001,0.1,1.0,0.9961768961902226,0.9931313126267027,0.9905697460905543,0.9871566242245653,0.985230597371849,0.9829892394619422,0.983207039840538,0.9814820529529111,0.9790501472632073,0.9789426717281812,0.9778226865330787
4,1,1.603135635262554,0.597657438393672,6574,2.0194106919424875,0.49635036496350365,1096,2.022119420024153,0.5221,0.9958112380873538,0.08323315756805859,,,0.8912560147129812,,0.8912730400827364,0.10872695991726355,0.9950877498412537,0.09969568645503271,5,0.001,0.1,0.9961768961902226,1.0,0.9974386771164555,0.996427734964924,0.994120772530518,0.9920363104092956,0.9916089775186089,0.9913719306173214,0.9901759628807424,0.9885068173222543,0.9884758223588058,0.9875179879626435
4,2,1.662086773972485,0.5978557841950545,5783,2.0196306667020245,0.5446058091286307,964,2.0220984551853265,0.522,0.9980616953277823,0.08352233469238007,,,0.9753128836176477,,0.9753337006214903,0.024666299378509726,0.9951302292309336,0.09969966702346117,5,0.001,0.1,0.9931313126267027,0.9974386771164555,1.0,0.9977093503991967,0.9964224736309012,0.9950505431436791,0.9951439618594836,0.9948940590444921,0.9937569735772861,0.9924544904327157,0.9927164343142498,0.991990212835962
4,3,1.708772447884801,0.591488556837526,5287,2.025016869817461,0.5187287173666288,881,2.022098174110388,0.522,0.9988049484949773,0.08360505325936916,,,0.9993571912636906,,0.9993669112032554,0.0006330887967446186,0.9951305640404958,0.09969968397672095,5,0.001,0.1,0.9905697460905543,0.996427734964924,0.9977093503991967,1.0,0.9976669476073236,0.996497919313466,0.9964369293276175,0.9959547859879141,0.9954501676948551,0.9943491429323811,0.9947702808243493,0.9937217576869317
4,4,1.7418615828790973,0.5712664640324214,4935,2.0117017168265123,0.5413625304136253,822,2.022098171825226,0.522,0.9988385848692883,0.08360726468480316,,,0.999999999709324,,1.0,0.0,0.9951305640703104,0.09969968397674632,5,0.001,0.1,0.9871566242245653,0.994120772530518,0.9964224736309012,0.9976669476073236,1.0,0.9975134545421213,0.9968210748759267,0.9961826624645848,0.9966704241888724,0.9953555648829772,0.9962290909169867,0.995774723588906
4,5,1.7655947394566993,0.5674308977930148,4667,2.0210236167907714,0.5102827763496144,778,2.0220971316956105,0.522,0.9983960680944519,0.0835298272265837,,,0.977490783985097,,0.9775132658682982,0.02248673413170177,0.9951302725832499,0.09969966758568487,5,0.001,0.1,0.985230597371849,0.9920363104092956,0.9950505431436791,0.996497919313466,0.9975134545421213,1.0,0.9973837413443785,0.9968116591205967,0.9960463780015448,0.9961995207284113,0.9965753566839904,0.9952558527167844
4,6,1.7758181180272783,0.567437682461262,4453,2.034386600057284,0.5242587601078167,742,2.0220971937758474,0.522,0.9983471030632324,0.08352356426332343,,,0.9756702904624559,,0.9756816578227545,0.02431834217724549,0.995130230289803,0.09969966708559598,5,0.001,0.1,0.9829892394619422,0.9916089775186089,0.9951439618594836,0.9964369293276175,0.9968210748759267,0.9973837413443785,1.0,0.9977757273105436,0.9959926480643448,0.9967590148916008,0.9974604840856965,0.9956171494250876
4,7,1.7981650315113922,0.5937806873977087,4277,2.0107969667600547,0.5371669004207573,713,2.022110612628559,0.5221,0.9981343808564592,0.0834030302702022,,,0.9406339435103244,,0.940658798967727,0.05934120103227303,0.9951047783800944,0.09969945023792007,5,0.001,0.1,0.983207039840538,0.9913719306173214,0.9948940590444921,0.9959547859879141,0.9961826624645848,0.9968116591205967,0.9977757273105436,1.0,0.9958115364874135,0.9970583720830276,0.9966863979294617,0.9957049956537748
4,8,1.8204322890134959,0.5705013320416565,4129,2.0311111591079016,0.5130813953488372,688,2.022128942675484,0.5222,0.9974510326659355,0.08333699098663412,,,0.9214379043545142,,0.9214534945535032,0.07854650544649677,0.9950813995164021,0.09969735089695397,5,0.001,0.1,0.9814820529529111,0.9901759628807424,0.9937569735772861,0.9954501676948551,0.9966704241888724,0.9960463780015448,0.9959926480643448,0.9958115364874135,1.0,0.9943117946184129,0.9966291408110067,0.9969455336652693
4,9,1.8180743067983598,0.5719570107473132,4001,2.0183792000725154,0.5292353823088456,667,2.022140648418341,0.5221,0.9968219452785665,0.08326527358690897,,,0.90059137273129,,0.9006098916499937,0.09939010835000628,0.9950852738394572,0.09969625491099521,5,0.001,0.1,0.9790501472632073,0.9885068173222543,0.9924544904327157,0.9943491429323811,0.9953555648829772,0.9961995207284113,0.9967590148916008,0.9970583720830276,0.9943117946184129,1.0,0.9969490291237213,0.9947300091480358
4,10,1.8315169508339928,0.5630753407045513,3889,2.026182691256205,0.5262345679012346,648,2.0221170095589978,0.5222,0.9973779562124051,0.08334898939670074,,,0.9249255549921662,,0.924947564782865,0.075052435217135,0.9950820621593383,0.09969751893749616,5,0.001,0.1,0.9789426717281812,0.9884758223588058,0.9927164343142498,0.9947702808243493,0.9962290909169867,0.9965753566839904,0.9974604840856965,0.9966863979294617,0.9966291408110067,0.9969490291237213,1.0,0.996931493761216
4,11,1.8517750237168384,0.5476127670799261,3791,2.0256096839904787,0.5079113924050633,632,2.0221511662577667,0.5221,0.996512080866996,0.08322133888234406,,,0.8878206056429792,,0.8878417954591585,0.11215820454084147,0.9950885255713314,0.09969518919711783,5,0.001,0.1,0.9778226865330787,0.9875179879626435,0.991990212835962,0.9937217576869317,0.995774723588906,0.9952558527167844,0.9956171494250876,0.9957049956537748,0.9969455336652693,0.9947300091480358,0.996931493761216,1.0
5,0,1.3759703774860397,0.6342829315802289,8214,1.935366766397343,0.5653761869978087,1369,1.932590091190399,0.563,0.9900682201763458,0.0825312523772458,,,0.65,,0.6500178811339539,0.34998211886604613,0.996475884752271,0.09956373419588632,5,0.001,0.1,1.0,0.9961711665812988,0.9934590401629868,0.9908283247316522,0.987958778384084,0.9862930162579443,0.9840623586197268,0.9845343162605203,0.9828881001595835,0.9814288974060369,0.980616669841145,0.979928217565118
5,1,1.4642456907670476,0.6212351688469729,6574,1.9281566892351423,0.541970802919708,1096,1.9309417390213988,0.5633,0.9960175938503188,0.08323261774318579,,,0.8896123973285995,,0.8896299088545442,0.11037009114545582,0.9969070493383125,0.09972020238083591,5,0.001,0.1,0.9961711665812988,1.0,0.9972496495048261,0.9962182920327505,0.9944216611908506,0.9926216235076731,0.9919834721640878,0.9916577436076142,0.9909918282347833,0.9897812381846182,0.98930101407884,0.9888590667834825
5,2,1.5168046282141248,0.6249351547639633,5783,1.9281211360808341,0.5778008298755186,964,1.9309096084996915,0.5635,0.9980486461387144,0.08347563343579,,,0.9726355626018439,,0.9726515305284117,0.02734846947158831,0.9969313336990397,0.0997241363957023,5,0.001,0.1,0.9934590401629868,0.9972496495048261,1.0,0.997446021259941,0.9964754604862994,0.995357019395012,0.9951504460716499,0.9951529600635288,0.9939943583285851,0.9934090152825611,0.9929203367200397,0.9928882358182892
5,3,1.5607456949101872,0.620162663135994,5287,1.9328437277248927,0.5641316685584563,881,1.9309093418974466,0.5635,0.9988331325695585,0.08355171941892547,,,0.9986293537234826,,0.9986371676283817,0.0013628323716182722,0.9969315460067281,0.09972414877938016,5,0.001,0.1,0.9908283247316522,0.9962182920327505,0.997446021259941,1.0,0.9979506894177044,0.9967196253577177,0.9965785272139651,0.9960510184636843,0.9960170369767263,0.995383998692076,0.9951586385458244,0.9944962914897594
5,4,1.5929145604564297,0.6074164133738602,4935,1.918663034072289,0.583941605839416,822,1.93090934570605,0.5635,0.9989153541018482,0.08355573141328974,,,0.999999999658363,,1.0,0.0,0.99693154602206,0.09972414877956011,5,0.001,0.1,0.987958778384084,0.9944216611908506,0.9964754604862994,0.9979506894177044,1.0,0.9974464077667381,0.9972046949732198,0.9964616682252091,0.996948473976264,0.9963101487240741,0.9965590406202965,0.9960624052107548
5,5,1.6155809823780845,0.6063424041139919,4667,1.930798020362854,0.5501285347043702,778,1.9309075651839138,0.5635,0.998571038345466,0.08349709998765802,,,0.9799693321394681,,0.9799876281883995,0.020012371811600538,0.9969312430683501,0.0997241437881981,5,0.001,0.1,0.9862930162579443,0.9926216235076731,0.995357019395012,0.9967196253577177,0.9974464077667381,1.0,0.9976213654460646,0.9972202362615472,0.9964803637040492,0.9968432863316357,0.9968994597637196,0.9961637424512046
5,6,1.626701284136091,0.6043116999775432,4453,1.9447091768185298,0.5579514824797843,742,1.9309076725865324,0.5635,0.998418927328488,0.08348834521337996,,,0.9769783768475357,,0.9769961628053083,0.02300383719469168,0.9969313185252777,0.09972413771028411,5,0.001,0.1,0.9840623586197268,0.9919834721640878,0.9951504460716499,0.9965785272139651,0.9972046949732198,0.9976213654460646,1.0,0.9977287766025216,0.9963800839472613,0.9970428478923304,0.9975157373652782,0.9965539263863162
5,7,1.6468487647042345,0.6222585924713584,4277,1.9183896209882654,0.5806451612903226,713,1.9309244045434288,0.5635,0.9981398725003877,0.08340537890959256,,,0.9486340132484735,,0.9486569818578982,0.05134301814210185,0.9969294704163395,0.09972397983834654,5,0.001,0.1,0.9845343162605203,0.9916577436076142,0.9951529600635288,0.9960510184636843,0.9964616682252091,0.9972202362615472,0.9977287766025216,1.0,0.9957460806493157,0.9971717764265252,0.9966114288794408,0.9961598480324562
5,8,1.6722855502825518,0.5942358924679099,4129,1.941575137051669,0.565406976744186,688,1.9309497367078885,0.5635,0.9977055437740108,0.08335083419489449,,,0.9299995176131031,,0.9300171078957288,0.06998289210427122,0.9969305107752853,0.09972191428997716,5,0.001,0.1,0.9828881001595835,0.9909918282347833,0.9939943583285851,0.9960170369767263,0.996948473976264,0.9964803637040492,0.9963800839472613,0.9957460806493157,1.0,0.9956693728984316,0.9970245725362796,0.9971481951436516
5,9,1.6716609402308389,0.6086978255436141,4001,1.9268145334152949,0.5742128935532234,667,1.9309652887594204,0.5634,0.9974770424647447,0.08329945232618717,,,0.9124455673639582,,0.9124646001875103,0.0875353998124897,0.9969215267169317,0.0997215385015534,5,0.001,0.1,0.9814288974060369,0.9897812381846182,0.9934090152825611,0.995383998692076,0.9963101487240741,0.9968432863316357,0.9970428478923304,0.9971717764265252,0.9956693728984316,1.0,0.9973452246311763,0.9961547259847664
5,10,1.6843682750326687,0.5996400102854205,3889,1.9358641533624559,0.5570987654320988,648,1.930934682440834,0.5635,0.9975323757978979,0.08335260389083479,,,0.9306041113204507,,0.9306260329979412,0.06937396700205878,0.9969280324318309,0.09972202033381589,5,0.001,0.1,0.980616669841145,0.98930101407884,0.9929203367200397,0.9951586385458244,0.9965590406202965,0.9968994597637196,0.9975157373652782,0.9966114288794408,0.9970245725362796,0.9973452246311763,1.0,0.9972399482097692
5,11,1.7077720179277307,0.5888156159324717,3791,1.9358942747116088,0.5458860759493671,632,1.930979885994055,0.5633,0.9970693756397,0.08325933108901641,,,0.8987386660980385,,0.8987589526488242,0.10124104735117578,0.9969046822424202,0.09972072847948106,5,0.001,0.1,0.979928217565118,0.9888590667834825,0.9928882358182892,0.9944962914897594,0.9960624052107548,0.9961637424512046,0.9965539263863162,0.9961598480324562,0.9971481951436516,0.9961547259847664,0.9972399482097692,1.0
6,0,1.2734462308976437,0.6532018504991478,8214,1.8329854066981826,0.5997078159240321,1369,1.83009180321861,0.5981,0.9904116505922912,0.08262249008656358,,,1.0,,1.0,0.0,0.9960968124131534,0.09971909935989512,5,0.001,0.1,1.0,0.9960246828711748,0.9935620663540318,0.9909575222671992,0.9878088534650262,0.9866965614125554,0.9839602388245657,0.9852358858327933,0.9838466498824162,0.9817940868569012,0.9812367237131047,0.9805460047603582
6,1,1.3469605420978323,0.6412534225737755,6574,1.8257311752864294,0.573905109489051,1096,1.8282616107989424,0.5985,0.9960183016967429,0.08323388529964901,,,1.0,,1.0,0.0,0.9976597424728625,0.09971909935989512,5,0.001,0.1,0.9960246828711748,1.0,0.9971116535370426,0.996062472522013,0.9941296234041672,0.9926237155212894,0.9914347939710648,0.9916893131577473,0.9914254577701068,0.989725535606656,0.989392571355527,0.9890466802102388
6,2,1.3924986610755077,0.6437835033719522,5783,1.8248153732668968,0.6275933609958506,964,1.828224983839943,0.5987,0.9978739009927756,0.08344291628167634,,,1.0,,1.0,0.0,0.9976985961475804,0.09971909935989512,5,0.001,0.1,0.9935620663540318,0.9971116535370426,1.0,0.9970649362886165,0.9959484127124891,0.9950329171916666,0.9946296642935698,0.9947902386741495,0.9941618613760518,0.992914226846747,0.9927828350353224,0.9928226572167763
6,3,1.432376343442733,0.6427085303574807,5287,1.8287341594696045,0.5970488081725313,881,1.8282247141908152,0.5987,0.9985550238618787,0.08351159619093775,,,1.0,,1.0,0.0,0.9976987302731349,0.09971909935989512,5,0.001,0.1,0.9909575222671992,0.996062472522013,0.9970649362886165,1.0,0.9972570656129977,0.9960956607552698,0.9960462091723945,0.9958928054545717,0.9958156210097043,0.9947085768058143,0.9947791387161425,0.9942549825051221
6,4,1.4621798825263976,0.6352583586626139,4935,1.8141143092742333,0.6180048661800487,822,1.8282247069544686,0.5987,0.9987385942692761,0.08351998592586214,,,1.0,,1.0,0.0,0.9976987302783253,0.09971909935989512,5,0.001,0.1,0.9878088534650262,0.9941296234041672,0.9959484127124891,0.9972570656129977,1.0,0.9972889591256723,0.99701452080634,0.9962377697366084,0.9968608737614466,0.9961089396804413,0.9964328971710564,0.996009946182847
6,5,1.481446568525001,0.631969145061067,4667,1.829189429283142,0.5758354755784062,778,1.8282222793505976,0.5987,0.9985117743643253,0.08347668656966607,,,1.0,,1.0,0.0,0.9976987369338023,0.09971909935989512,5,0.001,0.1,0.9866965614125554,0.9926237155212894,0.9950329171916666,0.9960956607552698,0.9972889591256723,1.0,0.9974637709714597,0.9971517545806372,0.9965717450655716,0.9964791853263225,0.996661828521186,0.9963103577728806
6,6,1.491535947067397,0.6332809342016618,4453,1.8432949036359787,0.5849056603773585,742,1.8282224187454856,0.5987,0.9982705067188558,0.08346352356566668,,,1.0,,1.0,0.0,0.9976986327441657,0.09971909935989512,5,0.001,0.1,0.9839602388245657,0.9914347939710648,0.9946296642935698,0.9960462091723945,0.99701452080634,0.9974637709714597,1.0,0.9976404313914697,0.9965384029859744,0.996801187263553,0.997191151121229,0.9967430269014212
6,7,1.508801391765253,0.6458732756605097,4277,1.814645528793335,0.6143057503506312,713,1.8282428934170416,0.5987,0.9981516856632356,0.08340878064481269,,,1.0,,1.0,0.0,0.9976968073838077,0.09971909935989512,5,0.001,0.1,0.9852358858327933,0.9916893131577473,0.9947902386741495,0.9958928054545717,0.9962377697366084,0.9971517545806372,0.9976404313914697,1.0,0.9963838196601651,0.9963574409964262,0.9963352104728829,0.9963443256665591
6,8,1.5338823338655325,0.6292564785662388,4129,1.8407108241861516,0.5886627906976745,688,1.8282730804083827,0.5986,0.9979090249191648,0.08336747722764176,,,1.0,,1.0,0.0,0.9976760522373677,0.09971909935989512,5,0.001,0.1,0.9838466498824162,0.9914254577701068,0.9941618613760518,0.9958156210097043,0.9968608737614466,0.9965717450655716,0.9965384029859744,0.9963838196601651,1.0,0.9954896047048045,0.9970211715042262,0.9970316154982651
6,9,1.5350114696555668,0.6322919270182454,4001,1.8236908117930095,0.6191904047976012,667,1.8282925507511956,0.5985,0.997205872094999,0.08331324365221827,,,1.0,,1.0,0.0,0.9976717045525118,0.09971909935989512,5,0.001,0.1,0.9817940868569012,0.989725535606656,0.992914226846747,0.9947085768058143,0.9961089396804413,0.9964791853263225,0.996801187263553,0.9963574409964262,0.9954896047048045,1.0,0.9966995665704884,0.9956409049257259
6,10,1.5463540581406139,0.6293134481871947,3889,1.8342996949241275,0.5895061728395061,648,1.8282544357708086,0.5987,0.9974402828427665,0.08335342585221885,,,1.0,,1.0,0.0,0.997677225451335,0.09971909935989512,5,0.001,0.1,0.9812367237131047,0.989392571355527,0.9927828350353224,0.9947791387161425,0.9964328971710564,0.996661828521186,0.997191151121229,0.9963352104728829,0.9970211715042262,0.9966995665704884,1.0,0.9969822959507404
6,11,1.5708548105063558,0.6203112635188605,3791,1.834916538000107,0.5917721518987342,632,1.8283091714968696,0.5985,0.9971241931007956,0.08328598870308693,,,1.0,,1.0,0.0,0.9976643503162367,0.09971909935989512,5,0.001,0.1,0.9805460047603582,0.9890466802102388,0.9928226572167763,0.9942549825051221,0.996009946182847,0.9963103577728806,0.9967430269014212,0.9963443256665591,0.9970316154982651,0.9956409049257259,0.9969822959507404,1.0
