round,client_id,client_i_training_loss,client_i_training_accuracy,client_i_training_dataset_size,client_i_evaluation_loss,client_i_evaluation_accuracy,client_i_evaluation_dataset_size,client_i_central_evaluation_loss,client_i_central_evaluation_accuracy,client_i_cosine_similarity,client_i_importance_coefficient,client_i_tanh_val,tanh_normalization_value,client_i_q,client_i_mask_order,client_i_v_nonzero_fraction,client_i_v_sparsity,client_i_v_cosine_similarity,client_i_reward_gradient_norm,local_epochs,learning_rate,gamma,client_0_cosine_similarity,client_1_cosine_similarity,client_2_cosine_similarity,client_3_cosine_similarity,client_4_cosine_similarity,client_5_cosine_similarity,client_6_cosine_similarity,client_7_cosine_similarity,client_8_cosine_similarity,client_9_cosine_similarity,client_10_cosine_similarity,client_11_cosine_similarity
0,0,1.9809771393059756,0.4105916727538349,8214,2.2610212204068207,0.15777940102264426,1369,2.2574655346977064,0.1787,0.9685919756222791,0.08164320443819974,,,0.55,,0.5500188476817351,0.44998115231826485,0,0.09840028923823556,5,0.001,0.1,1.0,0.9900482234439755,0.975873661624972,0.9660161831789303,0.958153297467159,0.9522486815318116,0.9420840807537978,0.9353540657283349,0.9308147770643436,0.9246829995593253,0.9180893505465986,0.9118652996973244
0,1,2.097031758711176,0.3804685123212656,6574,2.2541006565093995,0.19251824817518248,1096,2.2571206686976617,0.1788,0.9900017634278817,0.08344784842326713,,,0.8709951767816825,,0.8710093658480007,0.1289906341519993,0,0.09878345993798932,5,0.001,0.1,0.9900482234439755,1.0,0.9914920359209782,0.9870429688273813,0.983606492453237,0.9794896145782793,0.972442449504463,0.9665733430556269,0.9643819527837135,0.9593675019296439,0.9556190594186479,0.9485538954878423
0,2,2.1394467235270125,0.3650354487290334,5783,2.2576635114608274,0.18568464730290457,964,2.257115118038921,0.1787,0.9952402673800537,0.08388940509509761,,,0.9495356330191278,,0.9495558712944975,0.05044412870550252,0,0.09878909599915434,5,0.001,0.1,0.975873661624972,0.9914920359209782,1.0,0.9926726345760417,0.9892069616857985,0.9819606599198815,0.9840273466370955,0.9816677877495084,0.9750764397099774,0.9744945004193093,0.9731270193262512,0.968552409897323
0,3,2.156315371789128,0.3620200491772272,5287,2.2567547815186635,0.1782065834279228,881,2.257114996163609,0.1787,0.995784263999094,0.08393525889969214,,,0.957691729309435,,0.9577087018296749,0.042291298170325065,0,0.09878918869908214,5,0.001,0.1,0.9660161831789303,0.9870429688273813,0.9926726345760417,1.0,0.9931737800724109,0.9915888932786745,0.9869304258903125,0.9811933175715244,0.9805588002715038,0.9806713432154749,0.9790229070129108,0.9686599987023975
0,4,2.179058576091643,0.3651063829787234,4935,2.2548787135344286,0.19708029197080293,822,2.257115054816103,0.1787,0.9966052030006479,0.08400445634549183,,,0.9699999998221283,,0.9700176878243976,0.029982312175602432,0,0.09878929964592165,5,0.001,0.1,0.958153297467159,0.983606492453237,0.9892069616857985,0.9931737800724109,1.0,0.9942178343864353,0.9913920788458385,0.9889157594696585,0.9859959283686829,0.9836002206811459,0.9852779853387432,0.9777926133029183
0,5,2.177673284811516,0.3581315620312835,4667,2.259954137802124,0.15424164524421594,778,2.257114565029693,0.1787,0.9933008556076394,0.08372593090182512,,,0.9204581928132212,,0.9204772812944008,0.07952271870559924,0,0.09878831607954616,5,0.001,0.1,0.9522486815318116,0.9794896145782793,0.9819606599198815,0.9915888932786745,0.9942178343864353,1.0,0.9879051780020879,0.9830945877772828,0.9856416716313555,0.9831266066506935,0.9838469273783584,0.9727506472959141
0,6,2.1959218083109175,0.3251291264316191,4453,2.254035254319509,0.1778975741239892,742,2.2571144142089943,0.1787,0.993147316171423,0.08371298896972591,,,0.9181561887523337,,0.9181768975749316,0.0818231024250684,0,0.09878826245730714,5,0.001,0.1,0.9420840807537978,0.972442449504463,0.9840273466370955,0.9869304258903125,0.9913920788458385,0.9879051780020879,1.0,0.9908555945002178,0.9883179494476896,0.9901103763741423,0.9918866066185386,0.9850106757925404
0,7,2.2032157446021463,0.3309796586392331,4277,2.2551486077515976,0.19074333800841514,713,2.2571194689875593,0.1788,0.9904683725921692,0.08348717919241601,,,0.8779910093671499,,0.8780120045234436,0.12198799547655637,0,0.09878511988694429,5,0.001,0.1,0.9353540657283349,0.9665733430556269,0.9816677877495084,0.9811933175715244,0.9889157594696585,0.9830945877772828,0.9908555945002178,1.0,0.9872263047131202,0.9877079705801289,0.9914924833131141,0.9931836806185473
0,8,2.2006280774336595,0.3363041898764834,4129,2.258146892894398,0.18023255813953487,688,2.257126215547799,0.1788,0.9878524818562979,0.08326668417747483,,,0.8387711760448013,,0.838789495558713,0.16121050444128704,0,0.09877839787049733,5,0.001,0.1,0.9308147770643436,0.9643819527837135,0.9750764397099774,0.9805588002715038,0.9859959283686829,0.9856416716313555,0.9883179494476896,0.9872263047131202,1.0,0.9878931198500049,0.9905935563781352,0.981729971133206
0,9,2.207094384753515,0.3015746063484129,4001,2.2595793519701277,0.1619190404797601,667,2.257130669328732,0.1788,0.9865749802613877,0.08315900279407666,,,0.8196177003531948,,0.8196421840113666,0.18035781598863343,0,0.09877462651075769,5,0.001,0.1,0.9246829995593253,0.9593675019296439,0.9744945004193093,0.9806713432154749,0.9836002206811459,0.9831266066506935,0.9901103763741423,0.9877079705801289,0.9878931198500049,1.0,0.992484295648289,0.9865031422946814
0,10,2.2129586536376205,0.309282591925945,3889,2.2583847727094377,0.19290123456790123,648,2.2571329301157697,0.1788,0.9860472829709099,0.0831145228697615,,,0.8117059785471625,,0.8117164922047921,0.18828350779520786,0,0.09876842556789582,5,0.001,0.1,0.9180893505465986,0.9556190594186479,0.9731270193262512,0.9790229070129108,0.9852779853387432,0.9838469273783584,0.9918866066185386,0.9914924833131141,0.9905935563781352,0.992484295648289,1.0,0.9912780365960272
0,11,2.216473305325548,0.3005539435505144,3791,2.2579352259635925,0.185126582278481,632,2.257173759107011,0.1787,0.9801035010774287,0.08261351789297156,,,0.7225913485016229,,0.7226104522477068,0.2773895477522932,0,0.0987208327220746,5,0.001,0.1,0.9118652996973244,0.9485538954878423,0.968552409897323,0.9686599987023975,0.9777926133029183,0.9727506472959141,0.9850106757925404,0.9931836806185473,0.981729971133206,0.9865031422946814,0.9912780365960272,1.0
1,0,1.75931466321537,0.49783296810323835,8214,2.2022114132725914,0.2768444119795471,1369,2.1975512230358185,0.3093,0.9801266684812742,0.08184758374296928,,,0.55,,0.5500188476817351,0.44998115231826485,0.9731546920876689,0.09892546863018103,5,0.001,0.1,1.0,0.9953165199071484,0.9895336766177837,0.9836712302483256,0.9785626078322772,0.9742724868315803,0.9711388088334293,0.9672659995857994,0.9616919028306832,0.9591239338919796,0.9555960126774335,0.9548156243823328
1,1,1.8980865889382594,0.4724064496501369,6574,2.193668944495065,0.3220802919708029,1096,2.196494961698977,0.31,0.9914659933453488,0.0833228871170345,,,0.8546447118631456,,0.8546650428663941,0.1453349571336059,0.9760725118925795,0.09938734381703192,5,0.001,0.1,0.9953165199071484,1.0,0.9966070062200229,0.9933046277457537,0.9905603741940154,0.9873266507599843,0.9846742412620154,0.9819692253029516,0.9771048823952949,0.9743207797596932,0.9731604295367148,0.9716699948180549
1,2,1.9671636036087794,0.45298288085768634,5783,2.1968542991145963,0.3029045643153527,964,2.1964816308250064,0.3099,0.995949923567237,0.0837391339654724,,,0.9405981526506402,,0.9406201370564754,0.0593798629435246,0.9760963439228553,0.09939916115057056,5,0.001,0.1,0.9895336766177837,0.9966070062200229,1.0,0.9964958156927858,0.9944419849136865,0.9909961311323179,0.991212507049792,0.9894396724470415,0.9842047399884303,0.9827297856678558,0.9825350396525435,0.981182213833558
1,3,1.9984623087457865,0.44974465670512576,5287,2.1963438306535994,0.32690124858115777,881,2.1964804577751282,0.3099,0.9975772443590508,0.0838199208624262,,,0.9572803492601362,,0.9572979190226268,0.04270208097737316,0.9761049429228222,0.09939949270188833,5,0.001,0.1,0.9836712302483256,0.9933046277457537,0.9964958156927858,1.0,0.9963569498843062,0.9950620109533871,0.9941003714496675,0.9912441521331544,0.9883568952169824,0.9874205692950405,0.9880289298857179,0.984637723884474
1,4,2.033041225864041,0.4461195542046606,4935,2.1914157408934374,0.33941605839416056,822,2.1964797935546776,0.3099,0.9981675534484926,0.08388151833193107,,,0.9699999997935036,,0.9700176878243976,0.029982312175602432,0.9761110405384813,0.09939973222631147,5,0.001,0.1,0.9785626078322772,0.9905603741940154,0.9944419849136865,0.9963569498843062,1.0,0.9963494470995049,0.9954698125453914,0.99453428827189,0.9912090895124631,0.988225217300772,0.9909750612610164,0.9889772850045804
1,5,2.0327615613806738,0.43801157060209983,4667,2.1997128105163575,0.30205655526992287,778,2.1964827429372282,0.3099,0.9967722976421595,0.08366529580145679,,,0.9253508437943901,,0.9253728458066325,0.07462715419336752,0.976080766031888,0.09939818011815035,5,0.001,0.1,0.9742724868315803,0.9873266507599843,0.9909961311323179,0.9950620109533871,0.9963494470995049,1.0,0.994293836084085,0.9921792692620255,0.9918254839600549,0.9881695057394664,0.9912931536253893,0.9872091853869239
1,6,2.0661711193834034,0.4222322030092073,4453,2.1929126580556235,0.330188679245283,742,2.1964824572919657,0.3099,0.9976798772843085,0.0836866903938942,,,0.9297687483170141,,0.9297899691671258,0.07021003083287425,0.9760791374316242,0.09939824539285147,5,0.001,0.1,0.9711388088334293,0.9846742412620154,0.991212507049792,0.9941003714496675,0.9954698125453914,0.994293836084085,1.0,0.9959804886799812,0.9936168301013204,0.9917902170822681,0.9950360927447267,0.9925006320377449
1,7,2.0803827750149058,0.44058919803600655,4277,2.195013440173605,0.3211781206171108,713,2.1964885640068177,0.3101,0.9967297547356955,0.08351724588482362,,,0.8947790814118548,,0.894796106745537,0.105203893254463,0.9760741447238899,0.09939578968826462,5,0.001,0.1,0.9672659995857994,0.9819692253029516,0.9894396724470415,0.9912441521331544,0.99453428827189,0.9921792692620255,0.9959804886799812,1.0,0.993195427016974,0.9918194953800266,0.995247581586246,0.9956184245308333
1,8,2.0831102578456586,0.41428917413417293,4129,2.196012020111084,0.30523255813953487,688,2.1965038959210674,0.3098,0.9942154662608508,0.083300491320364,,,0.8500200623547327,,0.8500401117329235,0.1499598882670765,0.9760322547696492,0.09938616470465282,5,0.001,0.1,0.9616919028306832,0.9771048823952949,0.9842047399884303,0.9883568952169824,0.9912090895124631,0.9918254839600549,0.9936168301013204,0.993195427016974,1.0,0.9907063889722257,0.9947013384113034,0.9918610836268703
1,9,2.0937030801697385,0.40144963759060237,4001,2.1971799986703053,0.3103448275862069,667,2.196514969816604,0.3098,0.9925934173854452,0.08318189182552513,,,0.8255297035800861,,0.8255526236939523,0.17444737630604767,0.976015592230336,0.09937963113118203,5,0.001,0.1,0.9591239338919796,0.9743207797596932,0.9827297856678558,0.9874205692950405,0.988225217300772,0.9881695057394664,0.9917902170822681,0.9918194953800266,0.9907063889722257,1.0,0.9927960872743671,0.992053447129191
1,10,2.10108140667931,0.4109025456415531,3889,2.197648672830491,0.30709876543209874,648,2.1965185179116244,0.31,0.9939436135527665,0.0831982228036847,,,0.828901990408224,,0.8289210427117465,0.1710789572882535,0.975948045546569,0.0993810276438541,5,0.001,0.1,0.9555960126774335,0.9731604295367148,0.9825350396525435,0.9880289298857179,0.9909750612610164,0.9912931536253893,0.9950360927447267,0.995247581586246,0.9947013384113034,0.9927960872743671,1.0,0.995799179292349
1,11,2.1087144324759475,0.42036402004748086,3791,2.198458528518677,0.2927215189873418,632,2.1966234830240854,0.3096,0.9923564646535369,0.08283911795041794,,,0.7547481611177383,,0.7547674969312108,0.2452325030687892,0.9754874470727681,0.09934721446503957,5,0.001,0.1,0.9548156243823328,0.9716699948180549,0.981182213833558,0.984637723884474,0.9889772850045804,0.9872091853869239,0.9925006320377449,0.9956184245308333,0.9918610836268703,0.992053447129191,0.995799179292349,1.0
2,0,1.5758473228851644,0.5545897248599951,8214,2.130977608436762,0.38860482103725347,1369,2.125124738620112,0.4077,0.9872102615145195,0.08213362220789733,,,0.55,,0.5500188476817351,0.44998115231826485,0.9854228704372248,0.09908777087513895,5,0.001,0.1,1.0,0.9961811681822295,0.9929049852442566,0.9891602236584369,0.9860551401166308,0.9828889525489324,0.9820799980814575,0.9784645008122609,0.9748540194033053,0.974861787086733,0.9714165515700753,0.9719761765461383
2,1,1.70255332484986,0.5409491937937329,6574,2.120346341814314,0.4260948905109489,1096,2.123010529496799,0.4107,0.994464442943541,0.08327356006935902,,,0.8466452730277975,,0.8466668599762229,0.15333314002377707,0.987879257386581,0.09959615738465934,5,0.001,0.1,0.9961811681822295,1.0,0.9975200027304955,0.9952764099252325,0.9938641104968896,0.9912476299639134,0.9905938797499914,0.9881742533461414,0.9846790947697224,0.9845924940130211,0.9825978540012376,0.9826653827845205
2,2,1.777802811274871,0.528203354660211,5783,2.1233791458991265,0.4024896265560166,964,2.1229695702513185,0.4107,0.9974512985485218,0.08362555848978434,,,0.9382455883279079,,0.9382714259479418,0.06172857405205823,0.9880130274913339,0.09961281498066558,5,0.001,0.1,0.9929049852442566,0.9975200027304955,1.0,0.9973916290688067,0.9962670849403945,0.9942487890396301,0.9948072244185286,0.9932405012587645,0.9893088349380936,0.9898476537406077,0.9887437281624305,0.9887329320658205
2,3,1.8154005584946598,0.5179496879137507,5287,2.1225861481257846,0.43132803632236094,881,2.1229675600703914,0.4108,0.9984268579523022,0.08370666463478148,,,0.959351786604415,,0.9593663312745866,0.04063366872541341,0.9880183564356626,0.09961327130175983,5,0.001,0.1,0.9891602236584369,0.9952764099252325,0.9973916290688067,1.0,0.9972561642855599,0.9966156470284723,0.9963847812736808,0.9944516861151198,0.992434118089359,0.9928286930996709,0.9920981050422706,0.990706286698956
2,4,1.855054037494044,0.5079229989868288,4935,2.114772604062007,0.44038929440389296,822,2.1229669171781205,0.4108,0.9985230747408773,0.08374758320795142,,,0.9699999997397706,,0.9700176878243976,0.029982312175602432,0.9880171871110007,0.09961338839156116,5,0.001,0.1,0.9860551401166308,0.9938641104968896,0.9962670849403945,0.9972561642855599,1.0,0.9970440613403971,0.9966199421670195,0.9959845485593323,0.9936944851502854,0.9930243732423709,0.9932302378229967,0.9926698913733353
2,5,1.8559379878109448,0.5068780801371331,4667,2.126481990814209,0.4087403598971722,778,2.1229730315101794,0.4108,0.9978864940122448,0.08359429440098211,,,0.9301097552511721,,0.9301234281516707,0.0698765718483293,0.9880112933473874,0.09961135036704961,5,0.001,0.1,0.9828889525489324,0.9912476299639134,0.9942487890396301,0.9966156470284723,0.9970440613403971,1.0,0.9961146837545648,0.9953346968583752,0.9939245968490836,0.9941150198743686,0.994191705375604,0.9923445551123734
2,6,1.9015350820337023,0.4989894453177633,4453,2.1189790666103363,0.42048517520215634,742,2.1229717442021965,0.4108,0.9984388321633311,0.08362527114665057,,,0.9381708132149369,,0.938198934864345,0.061801065135654976,0.98800236804065,0.09961281495777773,5,0.001,0.1,0.9820799980814575,0.9905938797499914,0.9948072244185286,0.9963847812736808,0.9966199421670195,0.9961146837545648,1.0,0.9972443448173444,0.994807317551163,0.994951806856537,0.9960288042435043,0.9950425432643297
2,7,1.9221789637608315,0.5132569558101473,4277,2.122182503990505,0.4109396914446003,713,2.122981870517182,0.4107,0.997874871743618,0.08350304202643878,,,0.9063632103946567,,0.9063898473821054,0.09361015261789463,0.9879760319717125,0.09961034417417504,5,0.001,0.1,0.9784645008122609,0.9881742533461414,0.9932405012587645,0.9944516861151198,0.9959845485593323,0.9953346968583752,0.9972443448173444,1.0,0.9954066811929424,0.9958750921093958,0.99668452452735,0.9970550866266952
2,8,1.9323897354419415,0.4918382174860741,4129,2.1206838759509,0.4171511627906977,688,2.123019350984226,0.4107,0.9958089250982125,0.08330324863998212,,,0.8543711100545658,,0.8543895767487266,0.14561042325127338,0.9878931012752971,0.09959842254294173,5,0.001,0.1,0.9748540194033053,0.9846790947697224,0.9893088349380936,0.992434118089359,0.9936944851502854,0.9939245968490836,0.994807317551163,0.9954066811929424,1.0,0.9944009197629382,0.9957060685120328,0.9939908913158247
2,9,1.943140823689718,0.4908272931767058,4001,2.1223394870758057,0.3853073463268366,667,2.1230410234615826,0.4108,0.9960828770438779,0.08323929964398834,,,0.8377297052747436,,0.8377504566938266,0.16224954330617336,0.9878507774345127,0.09959383783558141,5,0.001,0.1,0.974861787086733,0.9845924940130211,0.9898476537406077,0.9928286930996709,0.9930243732423709,0.9941150198743686,0.994951806856537,0.9958750921093958,0.9944009197629382,1.0,0.9962281814698922,0.9957723049887459
2,10,1.9571541145199636,0.4779634867575212,3889,2.123959109896705,0.4027777777777778,648,2.12304625495935,0.4107,0.9958644933469425,0.08324226878167588,,,0.8385023620043395,,0.8385188621799519,0.16148113782004814,0.9878638906843054,0.09959389566986536,5,0.001,0.1,0.9714165515700753,0.9825978540012376,0.9887437281624305,0.9920981050422706,0.9932302378229967,0.994191705375604,0.9960288042435043,0.99668452452735,0.9957060685120328,0.9962281814698922,1.0,0.9969085599925641
2,11,1.9669410469151345,0.4996043260353469,3791,2.1262826442718508,0.39082278481012656,632,2.1232230373845695,0.41,0.9953613734423022,0.0830055867505086,,,0.776910754136904,,0.7769304375561806,0.22306956244381937,0.9878060292436289,0.09956776113891311,5,0.001,0.1,0.9719761765461383,0.9826653827845205,0.9887329320658205,0.990706286698956,0.9926698913733353,0.9923445551123734,0.9950425432643297,0.9970550866266952,0.9939908913158247,0.9957723049887459,0.9969085599925641,1.0
3,0,1.4283445064659712,0.6001704407109812,8214,2.04588989047117,0.5135135135135135,1369,2.038848465623947,0.5223,0.9892606816381467,0.08235280318375356,,,0.55,,0.5500188476817351,0.44998115231826485,0.992750895745133,0.09912448004369967,5,0.001,0.1,1.0,0.9961940803385919,0.9937021062073966,0.9906343345174734,0.9876338013989207,0.9849864268651536,0.9844614250308201,0.9818527790090077,0.9792981837139954,0.9803684542254619,0.9767348677884516,0.9778357604996544
3,1,1.5346653759479523,0.5888043808944327,6574,2.032736311640058,0.5228102189781022,1096,2.0352715958421603,0.5228,0.9955498388514078,0.08325546012267096,,,0.8435613021743766,,0.8435787398150028,0.15642126018499725,0.9939702051970705,0.09966585007576374,5,0.001,0.1,0.9961940803385919,1.0,0.9975210603481295,0.9958377936665076,0.994461657435419,0.992602515606763,0.9919631949231522,0.9902868597942038,0.9878641743990059,0.9886372803945317,0.9864485974569184,0.9869852112602387
3,2,1.6041906131565242,0.5764136261455992,5783,2.035997494574516,0.533195020746888,964,2.035186780908237,0.523,0.9978884989598259,0.08354700002245657,,,0.9383756540360019,,0.9384067426373223,0.061593257362677734,0.9941373733581802,0.09968323125603233,5,0.001,0.1,0.9937021062073966,0.9975210603481295,1.0,0.9975269182862065,0.9962567000359138,0.9952236751573316,0.9953010108271416,0.9944424759623809,0.9914650528343644,0.9926276528347183,0.9909229560504915,0.991726116610665
3,3,1.641284679935639,0.569661433705315,5287,2.0346304263387407,0.5221339387060159,881,2.0351849097413375,0.5231,0.9985914538854468,0.08361947527311828,,,0.9619459918269913,,0.9619663448062555,0.038033655193744464,0.9941399231893602,0.09968357867100981,5,0.001,0.1,0.9906343345174734,0.9958377936665076,0.9975269182862065,1.0,0.9970836001338124,0.9969746476163835,0.9966940139512577,0.9953443646579507,0.9936314822313266,0.9946809276865309,0.9936658644012136,0.992997565277949
3,4,1.6800627248517928,0.5606079027355623,4935,2.023598950642806,0.5413625304136253,822,2.0351843765368476,0.523,0.9985807683485659,0.08364424013829654,,,0.9699999996747809,,0.9700176878243976,0.029982312175602432,0.9941401228147928,0.09968367670811737,5,0.001,0.1,0.9876338013989207,0.994461657435419,0.9962567000359138,0.9970836001338124,1.0,0.9972207715179491,0.9967798143004736,0.9966141724652825,0.9948862781557797,0.9947518265099613,0.9944390804607237,0.9947795561755223
3,5,1.6794543699042437,0.5629312191986287,4667,2.0388444232940675,0.5115681233933161,778,2.0351922157854316,0.523,0.9983358671037944,0.08354226357123473,,,0.9368352695018318,,0.9368457679705396,0.06315423202946036,0.9941370479966567,0.09968175629875473,5,0.001,0.1,0.9849864268651536,0.992602515606763,0.9952236751573316,0.9969746476163835,0.9972207715179491,1.0,0.9968031552696346,0.9966425557233763,0.995725252613261,0.9954328467092866,0.9955995098052236,0.9947381948430133
3,6,1.7287574468340192,0.5569279137660005,4453,2.030716528495153,0.522911051212938,742,2.0351899161506384,0.523,0.9985519058381525,0.08356825024596122,,,0.9452866331849599,,0.9453030610568234,0.05469693894317662,0.9941368085194487,0.09968337496096985,5,0.001,0.1,0.9844614250308201,0.9919631949231522,0.9953010108271416,0.9966940139512577,0.9967798143004736,0.9968031552696346,1.0,0.9975914692192549,0.995662793734563,0.9960677759087155,0.9968753142682247,0.9963342559633914
3,7,1.7505805033356396,0.5734860883797054,4277,2.0353883504867554,0.511921458625526,713,2.0352032915852702,0.5231,0.998173562466752,0.08348102380332909,,,0.9169189256106527,,0.9169445491537874,0.08305545084621258,0.9941315908978559,0.09968121658263375,5,0.001,0.1,0.9818527790090077,0.9902868597942038,0.9944424759623809,0.9953443646579507,0.9966141724652825,0.9966425557233763,0.9975914692192549,1.0,0.9960232818468656,0.9965586036664519,0.9970494958041412,0.9975833492515255
3,8,1.7688772029143114,0.5424558004359409,4129,2.0305205475200307,0.5508720930232558,688,2.0352736974295715,0.5228,0.9966019340403836,0.08330765904697628,,,0.8605373907973131,,0.860556151593354,0.13944384840664603,0.993989087709666,0.09966914578118541,5,0.001,0.1,0.9792981837139954,0.9878641743990059,0.9914650528343644,0.9936314822313266,0.9948862781557797,0.995725252613261,0.995662793734563,0.9960232818468656,1.0,0.995293885888319,0.9962401783412385,0.9950942010102957
3,9,1.776472758868384,0.5460134966258435,4001,2.0331726301284063,0.5097451274362819,667,2.03530208599834,0.5228,0.9970944620372195,0.08328432382345499,,,0.8529483297619498,,0.8529687515102309,0.14703124848976912,0.9939700287868924,0.09966797071125187,5,0.001,0.1,0.9803684542254619,0.9886372803945317,0.9926276528347183,0.9946809276865309,0.9947518265099613,0.9954328467092866,0.9960677759087155,0.9965586036664519,0.995293885888319,1.0,0.9965979128885901,0.9960733545964509
3,10,1.7941599107179484,0.5390588840318848,3889,2.0358610437029885,0.5246913580246914,648,2.035311222838137,0.523,0.9966558750876365,0.08327198048223419,,,0.848934039098759,,0.8489527454789727,0.1510472545210273,0.9939698981496453,0.09966766972437559,5,0.001,0.1,0.9767348677884516,0.9864485974569184,0.9909229560504915,0.9936658644012136,0.9944390804607237,0.9955995098052236,0.9968753142682247,0.9970494958041412,0.9962401783412385,0.9965979128885901,1.0,0.9972289598419862
3,11,1.804024486181115,0.5628066473226062,3791,2.039971911907196,0.5174050632911392,632,2.0355592356703154,0.5231,0.9966181473071979,0.08312552028651346,,,0.8013023820219762,,0.8013212708170229,0.19867872918297713,0.994003794069435,0.09964743052359984,5,0.001,0.1,0.9778357604996544,0.9869852112602387,0.991726116610665,0.992997565277949,0.9947795561755223,0.9947381948430133,0.9963342559633914,0.9975833492515255,0.9950942010102957,0.9960733545964509,0.9972289598419862,1.0
4,0,1.3132211425425013,0.6279522766009252,8214,1.946931046108867,0.5441928414901388,1369,1.9385429735000903,0.5653,0.9901992543261949,0.08251173443313806,,,0.55,,0.5500188476817351,0.44998115231826485,0.9961475520708656,0.09912224007918648,5,0.001,0.1,1.0,0.9957390986500764,0.9937244504796323,0.9912027335009221,0.9883070410368263,0.9857424403196545,0.9859694218826748,0.983218579877636,0.981975855596063,0.981913885129105,0.9790912457817339,0.9801831100413221
4,1,1.3986792908131498,0.618314572558564,6574,1.930546614101955,0.5720802919708029,1096,1.9332288332259693,0.5654,0.9957685458849969,0.08324547981017057,,,0.8400640305564557,,0.840084669585641,0.159915330414359,0.9968677657699441,0.09968235074534637,5,0.001,0.1,0.9957390986500764,1.0,0.9974624065488978,0.9956289479312578,0.994558578352908,0.9926800316752309,0.9926229122924393,0.990961122283001,0.9889827746188516,0.989326145660118,0.9873462975069263,0.9882804111256683
4,2,1.4589922015179586,0.6152861836417085,5783,1.9344113526805755,0.5809128630705395,964,1.9330878802381766,0.5656,0.9978771417743179,0.0834924707201385,,,0.9377044124909262,,0.9377349919293261,0.06226500807067392,0.9969043889605669,0.09970089873272109,5,0.001,0.1,0.9937244504796323,0.9974624065488978,1.0,0.9972615738256404,0.9960817210331359,0.9951604775095569,0.9956088093897161,0.994589873683317,0.9924703199205964,0.9926915931207032,0.9913333679757073,0.9923831112810854
4,3,1.4921179153833044,0.608284471344808,5287,1.9324963688850403,0.5493757094211124,881,1.9330859945985837,0.5654,0.9984927838426184,0.08355682495986695,,,0.9631449137101973,,0.9631648640550545,0.036835135944945474,0.996909343109318,0.0997014676584276,5,0.001,0.1,0.9912027335009221,0.9956289479312578,0.9972615738256404,1.0,0.996884338939166,0.9968354975063954,0.9968266355189853,0.9955360236102849,0.9941822221417157,0.9946814679932839,0.9936680689287606,0.9933857165734051
4,4,1.526895628052373,0.596838905775076,4935,1.9182274112334619,0.5802919708029197,822,1.9330854926246424,0.5656,0.9985591880173279,0.08357416557109196,,,0.9699999996046802,,0.9700176878243976,0.029982312175602432,0.9969096816594801,0.09970164718536137,5,0.001,0.1,0.9883070410368263,0.994558578352908,0.9960817210331359,0.996884338939166,1.0,0.9970140884448186,0.9968376375692821,0.9967269651172714,0.995580990809754,0.9951558273367225,0.9945195734988496,0.9951912152012687
4,5,1.524592875944425,0.606513820441397,4667,1.936485595703125,0.5616966580976864,778,1.9330957491938678,0.5654,0.9983553204116534,0.08350500736498016,,,0.9426603956510975,,0.9426788838306221,0.05732111616937785,0.9968907632925961,0.09970094389265692,5,0.001,0.1,0.9857424403196545,0.9926800316752309,0.9951604775095569,0.9968354975063954,0.9970140884448186,1.0,0.9969624140015527,0.9969431719297632,0.9958608580594033,0.9962419732676417,0.9957542563066736,0.9951988226477869
4,6,1.5726784669501441,0.5973051875140355,4453,1.9281707008679707,0.5754716981132075,742,1.9330916922694197,0.5655,0.9986938539385987,0.08353188623591419,,,0.9532861438792669,,0.9533109094248075,0.04668909057519255,0.9969061472122066,0.0997013115660188,5,0.001,0.1,0.9859694218826748,0.9926229122924393,0.9956088093897161,0.9968266355189853,0.9968376375692821,0.9969624140015527,1.0,0.9977689013282879,0.99623053212398,0.9963631719513263,0.9967237827712769,0.996534075855133
4,7,1.5922538686154493,0.6087912087912087,4277,1.9342414088871167,0.576437587657784,713,1.9331107665174685,0.5652,0.9982573354139385,0.08346426534004435,,,0.9265542690084896,,0.9265713650554315,0.07342863494456853,0.99690122926585,0.09969896151170955,5,0.001,0.1,0.983218579877636,0.990961122283001,0.994589873683317,0.9955360236102849,0.9967269651172714,0.9969431719297632,0.9977689013282879,1.0,0.996580274669003,0.996576339765243,0.9968201562020103,0.9974828744247014
4,8,1.6129095944991478,0.5917171227900218,4129,1.9255859851837158,0.5901162790697675,688,1.933218490963165,0.5654,0.9969910471723249,0.0833169910135625,,,0.8683338207794599,,0.8683561921883608,0.1316438078116392,0.9968889060086191,0.09968782182628567,5,0.001,0.1,0.981975855596063,0.9889827746188516,0.9924703199205964,0.9941822221417157,0.995580990809754,0.9958608580594033,0.99623053212398,0.996580274669003,1.0,0.9951230128749284,0.9958972975318802,0.9951747604150607
4,9,1.619069553840728,0.5941514621344663,4001,1.9295652366819835,0.545727136431784,667,1.9332531976242797,0.5654,0.9972524271608741,0.08331111358799811,,,0.8660103584424329,,0.8660219792965466,0.13397802070345344,0.996872522113934,0.09968719290781995,5,0.001,0.1,0.981913885129105,0.989326145660118,0.9926915931207032,0.9946814679932839,0.9951558273367225,0.9962419732676417,0.9963631719513263,0.996576339765243,0.9951230128749284,1.0,0.9967118001214824,0.9964034911347643
4,10,1.638364833691081,0.5837490357418359,3889,1.9335991257712954,0.5601851851851852,648,1.9332685485815468,0.5655,0.9967344596187577,0.08328681154935526,,,0.8564032828817054,,0.8564241598283411,0.14357584017165892,0.9968774415238753,0.09968608790124328,5,0.001,0.1,0.9790912457817339,0.9873462975069263,0.9913333679757073,0.9936680689287606,0.9945195734988496,0.9957542563066736,0.9967237827712769,0.9968201562020103,0.9958972975318802,0.9967118001214824,1.0,0.9971023028320715
4,11,1.6459338374498511,0.6024268003165392,3791,1.9395599484443664,0.560126582278481,632,1.9335682951985076,0.5654,0.9969297760836782,0.08320324941373942,,,0.8233695212835594,,0.8233923894027702,0.17660761059722985,0.9967508016394659,0.09967898360158141,5,0.001,0.1,0.9801831100413221,0.9882804111256683,0.9923831112810854,0.9933857165734051,0.9951912152012687,0.9951988226477869,0.996534075855133,0.9974828744247014,0.9951747604150607,0.9964034911347643,0.9971023028320715,1.0
5,0,1.2188746905976233,0.6477720964207451,8214,1.8346887133842291,0.5566106647187729,1369,1.8249853883688443,0.5837,0.9905026766678239,0.08261839503121424,,,0.97,,0.9700176878243976,0.029982312175602432,0.9915011188095518,0.09970356519605005,5,0.001,0.1,1.0,0.9955538582424376,0.9938189034301527,0.9911113160365604,0.9883629708386871,0.9859153228567069,0.9867276122992343,0.9836660433463165,0.9823843698542397,0.9823343768839704,0.9802490729715294,0.9807899934552161
5,1,1.2866247083376912,0.6426832978399757,6574,1.815972375869751,0.5821167883211679,1096,1.8189917684743961,0.5817,0.9958816117217318,0.0832423413339487,,,0.97,,0.9700176878243976,0.029982312175602432,0.9972698098923396,0.09970356519605005,5,0.001,0.1,0.9955538582424376,1.0,0.997211366754306,0.9955484775275839,0.9942799396402733,0.9926396099696697,0.992850741061355,0.9910720163764254,0.9891226879118878,0.9897636860794862,0.9883955454251863,0.9887374224526727
5,2,1.3384498818144615,0.6403250907833304,5783,1.820890434326664,0.5954356846473029,964,1.8188302044670421,0.5816,0.9979170464993591,0.08345963186790814,,,0.97,,0.9700176878243976,0.029982312175602432,0.9974584809625333,0.09970356519605005,5,0.001,0.1,0.9938189034301527,0.997211366754306,1.0,0.9970235773005692,0.9958161517845916,0.9952372315485402,0.9956616128720583,0.9945781809953788,0.9922653854206144,0.9930504251188611,0.9921191299763847,0.9927046693911794
5,3,1.3670558901436358,0.6334026858331757,5287,1.8179965104375566,0.5686719636776391,881,1.8188281950478355,0.5816,0.9985014972626833,0.08351799514057413,,,0.97,,0.9700176878243976,0.029982312175602432,0.9974648413757053,0.09970356519605005,5,0.001,0.1,0.9911113160365604,0.9955484775275839,0.9970235773005692,1.0,0.996731297001637,0.9967093923570938,0.9969382169645766,0.9953956299127179,0.9937952192058235,0.9950099470595813,0.9943551536499854,0.9938241038783983
5,4,1.3973352849098943,0.6210739614994935,4935,1.8011155907924359,0.5961070559610706,822,1.8188272371840553,0.5816,0.9984278085059294,0.08352625569774587,,,0.97,,0.9700176878243976,0.029982312175602432,0.9974681998874286,0.09970356519605005,5,0.001,0.1,0.9883629708386871,0.9942799396402733,0.9958161517845916,0.996731297001637,1.0,0.9966096886946034,0.9964308054893376,0.9962087692781726,0.9954588076247728,0.9956763984740649,0.9950139818025378,0.9949478300462867
5,5,1.392901947318691,0.6382258410113564,4667,1.8217667579650878,0.5848329048843187,778,1.8188404595128262,0.5817,0.9982954630289014,0.08347954549778926,,,0.97,,0.9700176878243976,0.029982312175602432,0.997459030572388,0.09970356519605005,5,0.001,0.1,0.9859153228567069,0.9926396099696697,0.9952372315485402,0.9967093923570938,0.9966096886946034,1.0,0.9966907799550331,0.9966973138326387,0.9956602487719544,0.9963406835995503,0.9962467832316746,0.9951841498808104
5,6,1.4384876963921955,0.6262295081967213,4453,1.8138359040021896,0.5929919137466307,742,1.8188347302305812,0.5817,0.9986167024941112,0.08350641309795938,,,0.97,,0.9700176878243976,0.029982312175602432,0.9974635141238257,0.09970356519605005,5,0.001,0.1,0.9867276122992343,0.992850741061355,0.9956616128720583,0.9969382169645766,0.9964308054893376,0.9966907799550331,1.0,0.9973624732696152,0.995798217125462,0.9962687942616613,0.9968847096494347,0.9961678038967564
5,7,1.4543046643484885,0.6359597848959551,4277,1.820978486019632,0.5792426367461431,713,1.8188568970646721,0.5818,0.9981107051431286,0.08344857904489512,,,0.97,,0.9700176878243976,0.029982312175602432,0.997440419299603,0.09970356519605005,5,0.001,0.1,0.9836660433463165,0.9910720163764254,0.9945781809953788,0.9953956299127179,0.9962087692781726,0.9966973138326387,0.9973624732696152,1.0,0.9955334909076554,0.9966569200135112,0.9971206107801519,0.9974153878594549
5,8,1.4771048488066747,0.6235408089125696,4129,1.8078128532929854,0.6017441860465116,688,1.8189805631820386,0.5817,0.9967210208164586,0.08331333011076199,,,0.97,,0.9700176878243976,0.029982312175602432,0.9973217516569679,0.09970356519605005,5,0.001,0.1,0.9823843698542397,0.9891226879118878,0.9922653854206144,0.9937952192058235,0.9954588076247728,0.9956602487719544,0.995798217125462,0.9955334909076554,1.0,0.9952000532767769,0.9956552747535999,0.9942100157902716
5,9,1.4754757896302237,0.6205448637840539,4001,1.8138811247689384,0.5757121439280359,667,1.8190189729483364,0.5818,0.9974012483053868,0.08333169175054472,,,0.97,,0.9700176878243976,0.029982312175602432,0.9973171624362018,0.09970356519605005,5,0.001,0.1,0.9823343768839704,0.9897636860794862,0.9930504251188611,0.9950099470595813,0.9956763984740649,0.9963406835995503,0.9962687942616613,0.9966569200135112,0.9952000532767769,1.0,0.9965157191426253,0.996400056401172
5,10,1.4986819904358661,0.6161995371560812,3889,1.8189140217644828,0.5910493827160493,648,1.8190383393162737,0.5817,0.9970829291282922,0.0833064996283623,,,0.97,,0.9700176878243976,0.029982312175602432,0.9973046301029244,0.09970356519605005,5,0.001,0.1,0.9802490729715294,0.9883955454251863,0.9921191299763847,0.9943551536499854,0.9950139818025378,0.9962467832316746,0.9968847096494347,0.9971206107801519,0.9956552747535999,0.9965157191426253,1.0,0.996835797423915
5,11,1.5038486379535259,0.6309153257715643,3791,1.8271396934986115,0.5791139240506329,632,1.819368685777195,0.5819,0.9969001348568856,0.08324932179829637,,,0.97,,0.9700176878243976,0.029982312175602432,0.997239322623041,0.09970356519605005,5,0.001,0.1,0.9807899934552161,0.9887374224526727,0.9927046693911794,0.9938241038783983,0.9949478300462867,0.9951841498808104,0.9961678038967564,0.9974153878594549,0.9942100157902716,0.996400056401172,0.996835797423915,1.0
6,0,1.140668646301277,0.6666179693206721,8214,1.7132790476776834,0.5821767713659606,1369,1.7021202427891498,0.6113,0.9906099902488362,0.08269630693154523,,,0.97,,0.9700176878243976,0.029982312175602432,0.9981190197073915,0.09967537732227451,5,0.001,0.1,1.0,0.9948431823017833,0.9934589751886862,0.9911506700855706,0.988151477323923,0.9858330876208142,0.9863689532921771,0.9832861145246692,0.9830636355440605,0.9814469606992491,0.9805588452437571,0.9806791664136435
6,1,1.1949668189275613,0.6604806814724673,6574,1.6921320268086024,0.6140510948905109,1096,1.695646603648274,0.6108,0.9959403904984263,0.08325137252356504,,,0.97,,0.9700176878243976,0.029982312175602432,0.9981190197073915,0.09967537732227451,5,0.001,0.1,0.9948431823017833,1.0,0.9967485819124774,0.9952519426427032,0.9940666490092886,0.992633075371847,0.9926178630093858,0.9905698819644443,0.9896936662627615,0.9887132164024095,0.9887309850700616,0.9886402811445881
6,2,1.2378161538371724,0.6617672488327857,5783,1.6979383537846227,0.6244813278008299,964,1.6954692525985522,0.6108,0.9976686091911122,0.08344053762844375,,,0.97,,0.9700176878243976,0.029982312175602432,0.9981190197073915,0.09967537732227451,5,0.001,0.1,0.9934589751886862,0.9967485819124774,1.0,0.9965810765900389,0.9951621582780548,0.9949900926836722,0.994932964172712,0.9938767256072549,0.9923341087532752,0.9910446089893206,0.9916763535417102,0.9923410103859487
6,3,1.261642202627228,0.656326839417439,5287,1.6943115592002869,0.6004540295119183,881,1.695467165102974,0.6108,0.9981524427846733,0.08349198093812711,,,0.97,,0.9700176878243976,0.029982312175602432,0.9981190197073915,0.09967537732227451,5,0.001,0.1,0.9911506700855706,0.9952519426427032,0.9965810765900389,1.0,0.9959840611498596,0.9962312814714901,0.9964363110562259,0.9946864949198394,0.9936632482818549,0.99198542949991,0.9938267778544364,0.9931061706144467
6,4,1.2885062140034091,0.6470516717325228,4935,1.6751939975298369,0.6180048661800487,822,1.6954657860076465,0.6108,0.9982307559703524,0.08349957965429411,,,0.97,,0.9700176878243976,0.029982312175602432,0.9981190197073915,0.09967537732227451,5,0.001,0.1,0.988151477323923,0.9940666490092886,0.9951621582780548,0.9959840611498596,1.0,0.995942243544622,0.9958608344315037,0.9956647715921622,0.9953721867398903,0.9941343769626543,0.9948041902516931,0.9946746487170092
6,5,1.2821634758825171,0.6600385686736662,4667,1.697488956451416,0.6182519280205655,778,1.6954816476986432,0.6109,0.998066709525118,0.08346561626167529,,,0.97,,0.9700176878243976,0.029982312175602432,0.9981190197073915,0.09967537732227451,5,0.001,0.1,0.9858330876208142,0.992633075371847,0.9949900926836722,0.9962312814714901,0.995942243544622,1.0,0.9961296778623,0.9961945288994565,0.9956683437148609,0.9936678296159638,0.9960214233907412,0.9945233869748825
6,6,1.320026193346296,0.6486862789130923,4453,1.6903846959273021,0.6185983827493261,742,1.6954744098285517,0.6108,0.9983228988034868,0.08349037883200691,,,0.97,,0.9700176878243976,0.029982312175602432,0.9981190197073915,0.09967537732227451,5,0.001,0.1,0.9863689532921771,0.9926178630093858,0.994932964172712,0.9964363110562259,0.9958608344315037,0.9961296778623,1.0,0.9967921620723921,0.9953877593466137,0.9938275460558308,0.9966861695305671,0.9958628526778192
6,7,1.336390577768212,0.6551321019406126,4277,1.6986719007077424,0.6129032258064516,713,1.6954993558006164,0.6109,0.9977937467285893,0.0834377965629621,,,0.97,,0.9700176878243976,0.029982312175602432,0.9981190197073915,0.09967537732227451,5,0.001,0.1,0.9832861145246692,0.9905698819644443,0.9938767256072549,0.9946864949198394,0.9956647715921622,0.9961945288994565,0.9967921620723921,1.0,0.9955482542355416,0.9941748195931366,0.9967492422453348,0.9970114627856069
6,8,1.3626525056362153,0.6407362557519981,4129,1.6803187023509631,0.6308139534883721,688,1.6956341422784824,0.6108,0.9968193450754915,0.08332332569327731,,,0.97,,0.9700176878243976,0.029982312175602432,0.9981190197073915,0.09967537732227451,5,0.001,0.1,0.9830636355440605,0.9896936662627615,0.9923341087532752,0.9936632482818549,0.9953721867398903,0.9956683437148609,0.9953877593466137,0.9955482542355416,1.0,0.9927003470694662,0.9954914499158068,0.9939865829887301
6,9,1.357941753807522,0.647938015496126,4001,1.6896642843882244,0.6026986506746627,667,1.6956744239734003,0.6107,0.9957116422637464,0.0832988164102546,,,0.97,,0.9700176878243976,0.029982312175602432,0.9981190197073915,0.09967537732227451,5,0.001,0.1,0.9814469606992491,0.9887132164024095,0.9910446089893206,0.99198542949991,0.9941343769626543,0.9936678296159638,0.9938275460558308,0.9941748195931366,0.9927003470694662,1.0,0.994256909400318,0.9937082013596508
6,10,1.3769822998125045,0.6351247107225508,3889,1.6951438926515126,0.6203703703703703,648,1.6956969274880407,0.611,0.997015282083717,0.08332546250620107,,,0.97,,0.9700176878243976,0.029982312175602432,0.9981190197073915,0.09967537732227451,5,0.001,0.1,0.9805588452437571,0.9887309850700616,0.9916763535417102,0.9938267778544364,0.9948041902516931,0.9960214233907412,0.9966861695305671,0.9967492422453348,0.9954914499158068,0.994256909400318,1.0,0.9964281442130491
