round,client_id,client_i_training_loss,client_i_training_accuracy,client_i_training_dataset_size,client_i_evaluation_loss,client_i_evaluation_accuracy,client_i_evaluation_dataset_size,client_i_central_evaluation_loss,client_i_central_evaluation_accuracy,client_i_cosine_similarity,client_i_importance_coefficient,client_i_tanh_val,tanh_normalization_value,client_i_q,client_i_mask_order,client_i_v_nonzero_fraction,client_i_v_sparsity,client_i_v_cosine_similarity,client_i_reward_gradient_norm,local_epochs,learning_rate,gamma,client_0_cosine_similarity,client_1_cosine_similarity,client_2_cosine_similarity,client_3_cosine_similarity,client_4_cosine_similarity,client_5_cosine_similarity,client_6_cosine_similarity,client_7_cosine_similarity,client_8_cosine_similarity,client_9_cosine_similarity,client_10_cosine_similarity,client_11_cosine_similarity
0,0,2.16956136282316,0.39890430971512053,8214,2.272100492965343,0.266617969320672,1369,2.2726903662514,0.2592,0.9623834312545441,0.08138384704521907,,,0.6,,0.600013531668938,0.399986468331062,0,0.09835239014710775,5,0.001,0.1,1.0,0.977084246437161,0.9703607326740005,0.9560150890844015,0.949219231700816,0.9345015380528524,0.9313837047635698,0.92590590867843,0.9193678335515024,0.9136664454729296,0.9017360282144956,0.9063076211414044
0,1,2.218550185323919,0.3375114085792516,6574,2.2729042257581438,0.2563868613138686,1096,2.2726462885213734,0.2599,0.9880136396097696,0.08355126274334643,,,0.901365172295215,,0.9013831298750253,0.09861687012497466,0,0.0984542193400037,5,0.001,0.1,0.977084246437161,1.0,0.9841478413162853,0.9858374239537331,0.9683949247849709,0.9783232650156298,0.9660626518692846,0.9672401142291995,0.9591600587688303,0.9560779420376821,0.9542319479250736,0.944748508044176
0,2,2.234630696417877,0.34411205256787136,5783,2.2729207931026334,0.2572614107883817,964,2.2726458992820957,0.2599,0.9906612661841854,0.08377515898799003,,,0.9324965009100107,,0.9325108011714559,0.0674891988285441,0,0.0984548787066893,5,0.001,0.1,0.9703607326740005,0.9841478413162853,1.0,0.9871356424497166,0.9753107963065014,0.978171197107581,0.9784794374910999,0.9728333704245486,0.964819045978222,0.9671815979386218,0.952598738156316,0.9561521716418029
0,3,2.244701248479177,0.3223378097219595,5287,2.2745528050831387,0.24290578887627695,881,2.2726460219191287,0.2599,0.9964022372779675,0.08426064356535679,,,0.9999999998609563,,1.0,0.0,0,0.0984551768345281,5,0.001,0.1,0.9560150890844015,0.9858374239537331,0.9871356424497166,1.0,0.9846056282069902,0.990515148679271,0.9869581456499977,0.9840674015057295,0.9827916111101791,0.9781906783389055,0.9723485251675537,0.9740629295254567
0,4,2.251755020080074,0.28693009118541035,4935,2.2719028821358314,0.2591240875912409,822,2.2726460561965602,0.2599,0.9890316404176192,0.08363734986761241,,,0.9133350316347193,,0.9133538241462966,0.08664617585370338,0,0.09845455334183678,5,0.001,0.1,0.949219231700816,0.9683949247849709,0.9753107963065014,0.9846056282069902,1.0,0.977024165188406,0.9831915087422276,0.9745413328591408,0.9830095429827886,0.9731052549870808,0.9557159627074878,0.9776227399023577
0,5,2.2555969025990734,0.30224983929719307,4667,2.2744430351257323,0.2480719794344473,778,2.2726461818804755,0.2599,0.9925858022688003,0.0839379071663737,,,0.9551255853360875,,0.9551473502092576,0.04485264979074244,0,0.09845513289896234,5,0.001,0.1,0.9345015380528524,0.9783232650156298,0.978171197107581,0.990515148679271,0.977024165188406,1.0,0.9867166886292729,0.9881960398672283,0.985544695556166,0.9839435451133763,0.9811363488284514,0.9768734538301876
0,6,2.257326840673174,0.31156523691893107,4453,2.269666314125061,0.2776280323450135,742,2.2726461285600266,0.2599,0.9912774642525862,0.08382726770860974,,,0.939741882394149,,0.9397647422700341,0.06023525772996585,0,0.09845505622658905,5,0.001,0.1,0.9313837047635698,0.9660626518692846,0.9784794374910999,0.9869581456499977,0.9831915087422276,0.9867166886292729,1.0,0.9830973179652904,0.9910722844188089,0.9884688586731463,0.9738695542468853,0.9841254408263154
0,7,2.2613398630227617,0.2725274725274725,4277,2.2704844889433486,0.2650771388499299,713,2.2726462763338424,0.2599,0.9881177482213748,0.08356006667642321,,,0.9025893024013376,,0.9026106455572631,0.09738935444273689,0,0.09845422944733874,5,0.001,0.1,0.92590590867843,0.9672401142291995,0.9728333704245486,0.9840674015057295,0.9745413328591408,0.9881960398672283,0.9830973179652904,1.0,0.9793548019791591,0.9828894711638231,0.986692254628888,0.973081069210847
0,8,2.262975210409898,0.29285541293291356,4129,2.2696560729633677,0.28488372093023256,688,2.2726461674077822,0.2598,0.9867019248422304,0.08344033773098497,,,0.8859417648284138,,0.8859666927634567,0.11403330723654326,0,0.09845371385945266,5,0.001,0.1,0.9193678335515024,0.9591600587688303,0.964819045978222,0.9827916111101791,0.9830095429827886,0.985544695556166,0.9910722844188089,0.9793548019791591,1.0,0.9832369832807533,0.9752348131294877,0.9882672097788892
0,9,2.2640199585566445,0.2851287178205449,4001,2.2737459341684976,0.2608695652173913,667,2.2726465452212494,0.26,0.9845060534878709,0.08325464411591389,,,0.8601222654364109,,0.8601357033084931,0.1398642966915069,0,0.0984524551651511,5,0.001,0.1,0.9136664454729296,0.9560779420376821,0.9671815979386218,0.9781906783389055,0.9731052549870808,0.9839435451133763,0.9884688586731463,0.9828894711638231,0.9832369832807533,1.0,0.9782176750099442,0.9860011615622665
0,10,2.2645640748446105,0.24062741064541013,3889,2.2717489174434116,0.2623456790123457,648,2.272647015964642,0.2599,0.9764054454754377,0.08256961710687889,,,0.7648736784749548,,0.7648969176791255,0.2351030823208745,0,0.09844104421420789,5,0.001,0.1,0.9017360282144956,0.9542319479250736,0.952598738156316,0.9723485251675537,0.9557159627074878,0.9811363488284514,0.9738695542468853,0.986692254628888,0.9752348131294877,0.9782176750099442,1.0,0.9675279828594473
0,11,2.268273676142973,0.27618042732788184,3791,2.2780472874641418,0.2310126582278481,632,2.2726462862362116,0.26,0.9791522140693123,0.08280189728529083,,,0.7971707390011651,,0.79718927905201,0.20281072094799002,0,0.09844623302718444,5,0.001,0.1,0.9063076211414044,0.944748508044176,0.9561521716418029,0.9740629295254567,0.9776227399023577,0.9768734538301876,0.9841254408263154,0.973081069210847,0.9882672097788892,0.9860011615622665,0.9675279828594473,1.0
1,0,1.974778447169738,0.5036036036036036,8214,2.2275461984235188,0.4010226442658875,1369,2.228071016244614,0.4128,0.9750476389377102,0.08157149780977148,,,0.6,,0.600013531668938,0.399986468331062,0.9526435081122459,0.09902863755097215,5,0.001,0.1,1.0,0.9896906898830987,0.9863722466185605,0.9782175380058918,0.9727714785834165,0.9639499998992724,0.963436529686384,0.9583264389280272,0.9558020055625321,0.9514299890127749,0.9453392505019651,0.9478436953657361
1,1,2.0825793702625535,0.4359902646790386,6574,2.2283994265965053,0.4279197080291971,1096,2.227810259444264,0.4154,0.991028190564844,0.08342080957631717,,,0.8967985510857066,,0.8968161916084322,0.10318380839156782,0.9541265950826577,0.0992453250108785,5,0.001,0.1,0.9896906898830987,1.0,0.9937365905337338,0.9926149821002807,0.9858371116852132,0.9865735576827517,0.9814752212485629,0.9803971316119816,0.976893372274357,0.9745760542263135,0.9733513881358304,0.967897861679957
1,2,2.119957939564194,0.47580840394259033,5783,2.2278377855977705,0.4149377593360996,964,2.227805014235524,0.4158,0.994182069692154,0.08366047338891779,,,0.9352625210956982,,0.9352751278259441,0.06472487217405587,0.9541640911456131,0.09924962619374907,5,0.001,0.1,0.9863722466185605,0.9937365905337338,1.0,0.9947533832585557,0.9899624973753558,0.9878031592404604,0.9878404783124931,0.986021557178585,0.9809743379336806,0.9817539260791405,0.9762896697548157,0.9749776676454256
1,3,2.14493666370231,0.4265178740306412,5287,2.230784927095686,0.4097616345062429,881,2.2278037513026034,0.4158,0.9974258755672049,0.08406384389305094,,,0.9999999998395086,,1.0,0.0,0.9541784086555015,0.09925130406762274,5,0.001,0.1,0.9782175380058918,0.9926149821002807,0.9947533832585557,1.0,0.9939683723914141,0.9935925491979228,0.9912863339685732,0.990712337947199,0.988719834336915,0.9869224903124756,0.9853559265592676,0.9827956769758492
1,4,2.163365043055627,0.436919959473151,4935,2.227042629168584,0.4233576642335766,822,2.2278055946666973,0.4158,0.9958917704541861,0.08363107562528738,,,0.9305444341789836,,0.930558374653251,0.06944162534674903,0.9541555669817283,0.0992490375643472,5,0.001,0.1,0.9727714785834165,0.9858371116852132,0.9899624973753558,0.9939683723914141,1.0,0.9902289881473829,0.9920921563028748,0.9889604931796292,0.991297757916252,0.9873917492206841,0.9812568643691143,0.9868713099296174
1,5,2.1733157004395576,0.4307692307692308,4667,2.2294326305389403,0.39845758354755784,778,2.227804062084649,0.4158,0.9965929752725504,0.08383851272104238,,,0.9638362947377432,,0.9638511129797701,0.03614888702022989,0.9541809539249685,0.09925101358997666,5,0.001,0.1,0.9639499998992724,0.9865735576827517,0.9878031592404604,0.9935925491979228,0.9902289881473829,1.0,0.9931716058018939,0.9925345143479797,0.9915772364539894,0.992288643583604,0.9899988639217734,0.9871130174096945
1,6,2.178767251457487,0.4509319559847294,4453,2.2234333157539368,0.44609164420485176,742,2.227804254799986,0.4158,0.9965512941613998,0.0837691545863647,,,0.9527049137284755,,0.9527261480171272,0.04727385198287282,0.9541763080587453,0.09925080129885606,5,0.001,0.1,0.963436529686384,0.9814752212485629,0.9878404783124931,0.9912863339685732,0.9920921563028748,0.9931716058018939,1.0,0.9910730644108526,0.9944194710660446,0.994743518583779,0.9874512259296875,0.9913816760473532
1,7,2.184707333436653,0.41248538695347203,4277,2.22441930356233,0.4221598877980365,713,2.2278066679311634,0.4158,0.9947826221731548,0.08354768630332961,,,0.9171611689119727,,0.9171813533602033,0.08281864663979666,0.9541439354897097,0.09924831449938809,5,0.001,0.1,0.9583264389280272,0.9803971316119816,0.986021557178585,0.990712337947199,0.9889604931796292,0.9925345143479797,0.9910730644108526,1.0,0.9894600980602437,0.9915173912619375,0.9926632869522928,0.9855979884430498
1,8,2.1905793776878943,0.4225720513441511,4129,2.2244379737160425,0.4258720930232558,688,2.2278095959855344,0.4155,0.9941001276586376,0.08345200902518181,,,0.9018057929068046,,0.9018277418544186,0.09817225814558139,0.9541364327355892,0.09924575629225156,5,0.001,0.1,0.9558020055625321,0.976893372274357,0.9809743379336806,0.988719834336915,0.991297757916252,0.9915772364539894,0.9944194710660446,0.9894600980602437,1.0,0.9898603851450711,0.9885805223194571,0.9915423554835769
1,9,2.1937698152330185,0.4335916020994751,4001,2.230108034043085,0.4257871064467766,667,2.227814272188912,0.4152,0.993500435887839,0.08331846238803974,,,0.880372712166626,,0.8803897120654159,0.11961028793458406,0.9540959380229878,0.09924240069091354,5,0.001,0.1,0.9514299890127749,0.9745760542263135,0.9817539260791405,0.9869224903124756,0.9873917492206841,0.992288643583604,0.994743518583779,0.9915173912619375,0.9898603851450711,1.0,0.9893324843406214,0.9921227292077164
1,10,2.1956715243761655,0.38148624325019287,3889,2.2262391476404098,0.4027777777777778,648,2.2278434270487044,0.4146,0.9903029192436661,0.08279393148711492,,,0.796190037178861,,0.7962034003150946,0.20379659968490538,0.9538900350023338,0.0992138245795035,5,0.001,0.1,0.9453392505019651,0.9733513881358304,0.9762896697548157,0.9853559265592676,0.9812568643691143,0.9899988639217734,0.9874512259296875,0.9926632869522928,0.9885805223194571,0.9893324843406214,1.0,0.9842623815150493
1,11,2.2034521687932376,0.42342389870746505,3791,2.2342889666557313,0.3829113924050633,632,2.2278306994575283,0.415,0.9901740255380403,0.08293254319558212,,,0.8184360180787844,,0.8184581629792869,0.18154183702071314,0.9539861524087064,0.09922431863021672,5,0.001,0.1,0.9478436953657361,0.967897861679957,0.9749776676454256,0.9827956769758492,0.9868713099296174,0.9871130174096945,0.9913816760473532,0.9855979884430498,0.9915423554835769,0.9921227292077164,0.9842623815150493,1.0
2,0,1.7578362588288718,0.5555149744338933,8214,2.1708915455396784,0.47406866325785246,1369,2.1714012912287117,0.4794,0.9843000392847215,0.08189176219689004,,,0.6,,0.600013531668938,0.399986468331062,0.9804903864722769,0.0991898893285928,5,0.001,0.1,1.0,0.9936532801890582,0.9910087652348781,0.9863306321453026,0.9833236095847058,0.9780674023866082,0.978500299240452,0.972819281646213,0.9733488005756882,0.9682361209259864,0.9638467015002372,0.9690484770327937
2,1,1.8908222738978933,0.4982658959537572,6574,2.171309048788888,0.48722627737226276,1096,2.1706447913623848,0.4808,0.9949201221341738,0.08337040762949688,,,0.8984177629003649,,0.8984303264031858,0.10156967359681424,0.9817299851256268,0.09953966112054362,5,0.001,0.1,0.9936532801890582,1.0,0.9966997082973036,0.9958224320013179,0.9925981877298852,0.992001669076986,0.990619099123395,0.9876707996177686,0.9873062850752599,0.9836711053444296,0.9820074965059197,0.982696436165375
2,2,1.9448061690146092,0.5405153034757046,5783,2.170553030506257,0.47406639004149376,964,2.1706283709492546,0.4808,0.9963731568064422,0.08356451345094511,,,0.9375918770762004,,0.9376238389344778,0.06237616106552224,0.9817814558985243,0.09954497406536124,5,0.001,0.1,0.9910087652348781,0.9966997082973036,1.0,0.9968696117950504,0.9948215234920443,0.9928775509368973,0.9932787568421423,0.990318811894519,0.9891664709803759,0.9868548893816829,0.9839899518714115,0.9861364837285681
2,3,1.9888710386781807,0.4851522602610176,5287,2.1748412251472473,0.47446083995459704,881,2.1706240268561023,0.4808,0.99827828242743,0.08387374264938004,,,0.9999999997981817,,1.0,0.0,0.9818096823604568,0.09954618312972974,5,0.001,0.1,0.9863306321453026,0.9958224320013179,0.9968696117950504,1.0,0.9968885595673225,0.996237933451802,0.9954296113768704,0.9937024685878743,0.993555792923073,0.9896994413236511,0.9902234249890642,0.9899122934921909
2,4,2.0231543742456743,0.5033434650455927,4935,2.1695870894652147,0.48175182481751827,822,2.170629718433173,0.4808,0.9976611972332942,0.08358808681531525,,,0.942349414281703,,0.942374421279516,0.057625578720484016,0.9817648462860524,0.0995449780486814,5,0.001,0.1,0.9833236095847058,0.9925981877298852,0.9948215234920443,0.9968885595673225,1.0,0.9945784778421667,0.9956311399368151,0.9931487665652706,0.9943206823919729,0.9907230044815333,0.9886864399640496,0.9925566945021213
2,5,2.04048441534173,0.49046496678808654,4667,2.172264518737793,0.4537275064267352,778,2.170624371153859,0.4808,0.9982461379327708,0.08373435320789205,,,0.9718686544577082,,0.9718831250422865,0.028116874957713534,0.9818073113193492,0.09954615506637626,5,0.001,0.1,0.9780674023866082,0.992001669076986,0.9928775509368973,0.996237933451802,0.9945784778421667,1.0,0.9970114362817069,0.9961249506989595,0.9959200125847636,0.9941934766728744,0.9940219886449557,0.9931397675673767
2,6,2.051143969297409,0.5004715921850438,4453,2.1648009916146598,0.5,742,2.170624950061591,0.4808,0.9983938397412452,0.08369654113880881,,,0.9642374855394364,,0.9642570630479118,0.03574293695208819,0.9818073592758292,0.09954599619684007,5,0.001,0.1,0.978500299240452,0.990619099123395,0.9932787568421423,0.9954296113768704,0.9956311399368151,0.9970114362817069,1.0,0.9954123981098612,0.9967900743322252,0.9954200211170561,0.9933619123608983,0.9945022288531185
2,7,2.0645471177884,0.486088379705401,4277,2.1661328025486157,0.5049088359046283,713,2.170633890377447,0.4808,0.9967451527897457,0.08350728462166081,,,0.9260420498953061,,0.9260639274702545,0.07393607252974554,0.9817533075230982,0.09954358839889771,5,0.001,0.1,0.972819281646213,0.9876707996177686,0.990318811894519,0.9937024685878743,0.9931487665652706,0.9961249506989595,0.9954123981098612,1.0,0.9941221566856718,0.9945630727948941,0.9955072027201909,0.9928182238913519
2,8,2.074339225108807,0.47846936304189874,4129,2.1668414636091753,0.49709302325581395,688,2.1706423310045238,0.4808,0.9967997745195873,0.08345030500980678,,,0.9145425193618558,,0.9145668416118151,0.08543315838818488,0.9817106516575911,0.09954196683018039,5,0.001,0.1,0.9733488005756882,0.9873062850752599,0.9891664709803759,0.993555792923073,0.9943206823919729,0.9959200125847636,0.9967900743322252,0.9941221566856718,1.0,0.9928575730717942,0.9941091310270586,0.9953805962795175
2,9,2.081586334251222,0.4896775806048488,4001,2.174475522268386,0.49775112443778113,667,2.1706559741839815,0.4807,0.9949174116571925,0.08330748007135173,,,0.885717827735144,,0.8857395540348537,0.11426044596514628,0.9816830671600159,0.09953678574469847,5,0.001,0.1,0.9682361209259864,0.9836711053444296,0.9868548893816829,0.9896994413236511,0.9907230044815333,0.9941934766728744,0.9954200211170561,0.9945630727948941,0.9928575730717942,1.0,0.9937111005008862,0.9944341994740296
2,10,2.0856355483414695,0.43337618925173566,3889,2.167888709477016,0.46141975308641975,648,2.1707468581275817,0.4804,0.9938280931107752,0.08295022275991766,,,0.8136167510963727,,0.8136495877673713,0.18635041223262871,0.9812723113577758,0.09950569491059204,5,0.001,0.1,0.9638467015002372,0.9820074965059197,0.9839899518714115,0.9902234249890642,0.9886864399640496,0.9940219886449557,0.9933619123608983,0.9955072027201909,0.9941091310270586,0.9937111005008862,1.0,0.9918437479592043
2,11,2.1001718797603575,0.4786599841730414,3791,2.1786327004432677,0.4651898734177215,632,2.170713773550698,0.4808,0.9947555749011506,0.083065300448535,,,0.8368415388917716,,0.8368660654739467,0.1631339345260533,0.9813599611077751,0.0995174428091803,5,0.001,0.1,0.9690484770327937,0.982696436165375,0.9861364837285681,0.9899122934921909,0.9925566945021213,0.9931397675673767,0.9945022288531185,0.9928182238913519,0.9953805962795175,0.9944341994740296,0.9918437479592043,1.0
3,0,1.5796959308334826,0.5860969077185293,8214,2.100962428159492,0.4974433893352812,1369,2.1014895903797575,0.5126,0.9867444660330464,0.08213218225842052,,,0.6,,0.600013531668938,0.399986468331062,0.9923236755211333,0.09917947325867493,5,0.001,0.1,1.0,0.9941258104768029,0.991575786082495,0.9881017490903647,0.9858009470591529,0.9818222238787853,0.9831304236204305,0.9775290362593212,0.9785248050382594,0.9746384824789484,0.9700385919294755,0.9750598194522473
3,1,1.709015297831841,0.543200486766048,6574,2.1004886490958077,0.5127737226277372,1096,2.099840647877215,0.5138,0.9964651600955046,0.08335365537166575,,,0.905565149282194,,0.9055827799847286,0.09441722001527142,0.9928168034983592,0.09965230235625692,5,0.001,0.1,0.9941258104768029,1.0,0.9974357032762118,0.9965492161854832,0.9947104402929519,0.9942819705503637,0.9939505882190062,0.9910911752631091,0.9911836626261262,0.9886541438828989,0.9861925314984733,0.9881844997761714
3,2,1.7578940178149314,0.5775894864257306,5783,2.0995158764623825,0.516597510373444,964,2.099815522519925,0.5138,0.9974997447908825,0.08350620144342799,,,0.9437262538410974,,0.9437420863900406,0.056257913609959354,0.9928291982923481,0.09965514481083626,5,0.001,0.1,0.991575786082495,0.9974357032762118,1.0,0.9977095848215507,0.9966172229902578,0.9950392061274393,0.9955373240809484,0.9929244345646053,0.9927591716663908,0.9906631085468788,0.9878852139378217,0.9905211655933642
3,3,1.812279301091849,0.5360317760544733,5287,2.1055880188941956,0.5130533484676504,881,2.0998073005066895,0.5138,0.9985884999743734,0.08373115140179396,,,0.9999999997498388,,1.0,0.0,0.9928386331120199,0.09965589968558088,5,0.001,0.1,0.9881017490903647,0.9965492161854832,0.9977095848215507,1.0,0.9978630758559511,0.9966460298508628,0.9967147811302917,0.9949922145228464,0.9954077514056725,0.9926681675411977,0.9918986969182628,0.9930711264448051
3,4,1.8539461162013393,0.5444376899696048,4935,2.098255450908954,0.5279805352798054,822,2.0998167511754144,0.5138,0.9983229905993688,0.0835472609372587,,,0.9539977450640997,,0.9540261547829617,0.04597384521703829,0.992831272926173,0.0996556734853104,5,0.001,0.1,0.9858009470591529,0.9947104402929519,0.9966172229902578,0.9978630758559511,1.0,0.9960252558782151,0.9970198226012486,0.9950607525602829,0.9959415681104826,0.9935131096083408,0.991299919203792,0.9945695974916648
3,5,1.8787984315663169,0.5309192200557104,4667,2.1016483974456786,0.4961439588688946,778,2.0998074741790087,0.5137,0.9986820812316769,0.08364862739858174,,,0.9793556981377375,,0.9793738703472806,0.02062612965271937,0.9928389681745362,0.0996558912707242,5,0.001,0.1,0.9818222238787853,0.9942819705503637,0.9950392061274393,0.9966460298508628,0.9960252558782151,1.0,0.9978738151360771,0.9973647749268649,0.9967071625885234,0.9962083755976497,0.995277350071564,0.9954187098265062
3,6,1.8921655370507922,0.5255333483045138,4453,2.0925753513971963,0.522911051212938,742,2.0998081566807563,0.5137,0.9989086520053315,0.08363273971751578,,,0.9753812171737073,,0.975396526227274,0.02460347377272598,0.9928378586940194,0.09965588560584022,5,0.001,0.1,0.9831304236204305,0.9939505882190062,0.9955373240809484,0.9967147811302917,0.9970198226012486,0.9978738151360771,1.0,0.996684023413276,0.9975873375161207,0.9964054523315361,0.9943722899254993,0.9961157127693953
3,7,1.9118008369830117,0.5342997428103811,4277,2.0943330370861553,0.5287517531556802,713,2.0998239060179493,0.5138,0.9976155092970926,0.083474818019971,,,0.9358753397524994,,0.9358840529281565,0.06411594707184354,0.9928221164397736,0.09965466689287744,5,0.001,0.1,0.9775290362593212,0.9910911752631091,0.9929244345646053,0.9949922145228464,0.9950607525602829,0.9973647749268649,0.996684023413276,1.0,0.9963043888554267,0.9961836505080222,0.9963397343146554,0.995400309026981
3,8,1.9223214050439688,0.5179946718333737,4129,2.0952406254681675,0.5290697674418605,688,2.099835231281317,0.5136,0.9977772975316075,0.08344507417478067,,,0.9284345844896482,,0.9284513004900398,0.07154869950996023,0.9928288149363969,0.09965416296352492,5,0.001,0.1,0.9785248050382594,0.9911836626261262,0.9927591716663908,0.9954077514056725,0.9959415681104826,0.9967071625885234,0.9975873375161207,0.9963043888554267,1.0,0.9949800028884027,0.9958246172175724,0.9966039449761313
3,9,1.936067859710209,0.521019745063734,4001,2.1055035364060175,0.5382308845577212,667,2.099862108596217,0.5137,0.99641649105616,0.08331346307425165,,,0.8955105969337556,,0.8955258503204105,0.10447414967958946,0.9927766205948058,0.09965034877621702,5,0.001,0.1,0.9746384824789484,0.9886541438828989,0.9906631085468788,0.9926681675411977,0.9935131096083408,0.9962083755976497,0.9964054523315361,0.9961836505080222,0.9949800028884027,1.0,0.9950751053836304,0.9965389792340686
3,10,1.943767388140569,0.4797120082283363,3889,2.0954439412979853,0.49537037037037035,648,2.100037664651109,0.5136,0.9950116127213334,0.08304882586081096,,,0.829308640661637,,0.8293318255187945,0.17066817448120553,0.9926352165095478,0.09961987747399367,5,0.001,0.1,0.9700385919294755,0.9861925314984733,0.9878852139378217,0.9918986969182628,0.991299919203792,0.995277350071564,0.9943722899254993,0.9963397343146554,0.9958246172175724,0.9950751053836304,1.0,0.9944913411782862
3,11,1.9644911599760295,0.5043524136111844,3791,2.1095998525619506,0.4936708860759494,632,2.0999663477888504,0.5138,0.9964526810628983,0.08316600034152125,,,0.858621146440153,,0.8586375542474942,0.14136244575250578,0.992694460466933,0.09963761850439669,5,0.001,0.1,0.9750598194522473,0.9881844997761714,0.9905211655933642,0.9930711264448051,0.9945695974916648,0.9954187098265062,0.9961157127693953,0.995400309026981,0.9966039449761313,0.9965389792340686,0.9944913411782862,1.0
4,0,1.4370994901378795,0.6123934745556368,8214,2.017360254775646,0.5244704163623083,1369,2.017879398866964,0.5398,0.9875764331532639,0.08229611410363226,,,0.6,,0.600013531668938,0.399986468331062,0.995488722575363,0.09912330876798664,5,0.001,0.1,1.0,0.9944975751330668,0.9919810972593066,0.9887178358121558,0.9859103241920295,0.9836138834061172,0.9844649671579536,0.979337721543285,0.9799285662737219,0.9762616957579905,0.9728330413163152,0.9765813116532187
4,1,1.5549092455396374,0.575935503498631,6574,2.015423171860831,0.5593065693430657,1096,2.014832027423115,0.5407,0.9967367778564092,0.08334152077911428,,,0.9122591742204208,,0.9122809561090652,0.08771904389093477,0.9960581279879478,0.09968622888187072,5,0.001,0.1,0.9944975751330668,1.0,0.9974227500722805,0.9964826214982915,0.99472140977713,0.9949478612453915,0.9945891911453733,0.9920116916066485,0.9919104651540845,0.9898098254586621,0.9878041755909435,0.9893234871763558
4,2,1.5918447629522883,0.6051530347570465,5783,2.0141752573751632,0.5446058091286307,964,2.0147965438068867,0.5406,0.9979175826122771,0.08347326689080453,,,0.9516112589238999,,0.9516387817631765,0.04836121823682349,0.9960615195254425,0.09968813999024696,5,0.001,0.1,0.9919810972593066,0.9974227500722805,1.0,0.9977263204212097,0.9969970239448315,0.9957742375958463,0.9962510653919959,0.9939621237602346,0.9937469942036263,0.9918843934910633,0.9899159665936906,0.9919298786994377
4,3,1.6464696270873749,0.5742008700586344,5287,2.022536256483623,0.5346197502837684,881,2.0147854702922103,0.5406,0.9986594402064045,0.083635266655113,,,0.9999999997013036,,1.0,0.0,0.9960637708299597,0.0996883660776087,5,0.001,0.1,0.9887178358121558,0.9964826214982915,0.9977263204212097,1.0,0.9978934505493061,0.9970824904361938,0.9970385534485056,0.9955598322638116,0.9958712388934496,0.9931813501181047,0.9929815044335509,0.9938773021154966
4,4,1.6879039650578653,0.5732117527862208,4935,2.0122756270261912,0.5559610705596107,822,2.0147987154726024,0.5406,0.99836115959025,0.08351278921683805,,,0.9634164340580713,,0.9634354974338156,0.036564502566184376,0.9960602131339354,0.09968823440961198,5,0.001,0.1,0.9859103241920295,0.99472140977713,0.9969970239448315,0.9978934505493061,1.0,0.9966090262962736,0.9972377469631883,0.9956056474192205,0.9958888487280777,0.9939945067644421,0.9928983473961471,0.9950573329222028
4,5,1.7163434964336761,0.5668737947289479,4667,2.0171895599365235,0.525706940874036,778,2.014785511425128,0.5406,0.9989575296698044,0.08359425351479843,,,0.9877495237600538,,0.9877683378277805,0.012231662172219493,0.9960637167758304,0.09968836498547001,5,0.001,0.1,0.9836138834061172,0.9949478612453915,0.9957742375958463,0.9970824904361938,0.9966090262962736,1.0,0.9981777295112393,0.9976376220340003,0.9974147076792035,0.9966402570175555,0.9957897738724267,0.9962333328335209
4,6,1.7262113547325135,0.5588142825061756,4453,2.0061137825250626,0.5485175202156334,742,2.014786311993584,0.5406,0.999017353125074,0.08358643621933036,,,0.9854145260173119,,0.9854292921970598,0.01457070780294023,0.9960635759706795,0.09968835976758895,5,0.001,0.1,0.9844649671579536,0.9945891911453733,0.9962510653919959,0.9970385534485056,0.9972377469631883,0.9981777295112393,1.0,0.9972367037617057,0.9976666214088151,0.9966118538878473,0.9950978141073838,0.9962726812022975
4,7,1.7510036431141753,0.5709609539396774,4277,2.008490474327751,0.544179523141655,713,2.0148080644516138,0.5406,0.9979182196886647,0.08345402912694151,,,0.9458650087816343,,0.9458878224645035,0.054112177535496464,0.9960596125564318,0.09968802702603204,5,0.001,0.1,0.979337721543285,0.9920116916066485,0.9939621237602346,0.9955598322638116,0.9956056474192205,0.9976376220340003,0.9972367037617057,1.0,0.9968683426544845,0.9962665019687046,0.9968259655683249,0.9961409034616135
4,8,1.7644836554160486,0.5407120368127876,4129,2.0090596188198435,0.559593023255814,688,2.014822208843292,0.5406,0.9979747336318759,0.08343760215170987,,,0.9409583309871694,,0.9409825924744589,0.05901740752554108,0.9960567480614998,0.09968791083932359,5,0.001,0.1,0.9799285662737219,0.9919104651540845,0.9937469942036263,0.9958712388934496,0.9958888487280777,0.9974147076792035,0.9976666214088151,0.9968683426544845,1.0,0.9956111680258747,0.9962674986453075,0.996961433980691
4,9,1.778600189610133,0.5494626343414146,4001,2.0224711497624717,0.5442278860569715,667,2.014862382754731,0.5406,0.9966736284943256,0.08331481735369468,,,0.9042829581066931,,0.9043021041745198,0.09569789582548016,0.996052775236868,0.09968564378512866,5,0.001,0.1,0.9762616957579905,0.9898098254586621,0.9918843934910633,0.9931813501181047,0.9939945067644421,0.9966402570175555,0.9966118538878473,0.9962665019687046,0.9956111680258747,1.0,0.9956430023398471,0.9966478627234452
4,10,1.789096281762983,0.5239393160195422,3889,2.0083107834770564,0.5216049382716049,648,2.015136108611719,0.5406,0.9957790726778712,0.0831235319038284,,,0.8471466894980327,,0.847164632083587,0.15283536791641295,0.9959357452269189,0.09966240187751842,5,0.001,0.1,0.9728330413163152,0.9878041755909435,0.9899159665936906,0.9929815044335509,0.9928983473961471,0.9957897738724267,0.9950978141073838,0.9968259655683249,0.9962674986453075,0.9956430023398471,1.0,0.9957719365653372
4,11,1.8116667663349826,0.534687417567924,3791,2.026607537269592,0.5284810126582279,632,2.0150105423820666,0.5407,0.9968607894407786,0.0832303720841948,,,0.8790594630408171,,0.8790800398217686,0.12091996017823137,0.9959548367073365,0.09968150974936468,5,0.001,0.1,0.9765813116532187,0.9893234871763558,0.9919298786994377,0.9938773021154966,0.9950573329222028,0.9962333328335209,0.9962726812022975,0.9961409034616135,0.996961433980691,0.9966478627234452,0.9957719365653372,1.0
5,0,1.3223725042918313,0.6295592890187485,8214,1.9208242920942085,0.5529583637691746,1369,1.9211998804689596,0.5661,0.9879377938648588,0.0824069501395778,,,0.6,,0.600013531668938,0.399986468331062,0.9964830714176608,0.09906191534140553,5,0.001,0.1,1.0,0.9946256735080573,0.9920950549010854,0.9892732728673286,0.9857878288081122,0.9841137932035785,0.984839603711365,0.9799282280740035,0.9801472599351861,0.9766937912695034,0.974321672082131,0.9771173589856709
5,1,1.427616037616452,0.6011256464861576,6574,1.9169369220733643,0.5757299270072993,1096,1.916261579662847,0.5664,0.9966683791562744,0.08333041813093633,,,0.9163102093384303,,0.9163307913126686,0.08366920868733141,0.997083389522622,0.09969084388322616,5,0.001,0.1,0.9946256735080573,1.0,0.9971727210532694,0.9965858760562164,0.9944066207316529,0.9947284866158621,0.9945306224400126,0.9918904381679077,0.9916580862055501,0.9898065602589387,0.9883448577023556,0.9894766378990941
5,2,1.4514742366516789,0.629327338751513,5783,1.915142555390635,0.5798755186721992,964,1.9162166880342526,0.5664,0.9979187312370605,0.08345164449096129,,,0.9578331810880192,,0.9578488512579619,0.04215114874203807,0.9970899527468657,0.09969247504059899,5,0.001,0.1,0.9920950549010854,0.9971727210532694,1.0,0.9977750643904928,0.9967444473907683,0.9955828182886265,0.9963037017249627,0.9938989755382402,0.9937457435718019,0.991857018933983,0.990790441227536,0.992169740946401
5,3,1.5025812796081406,0.5995082277283904,5287,1.9262050815990992,0.5618615209988649,881,1.91620322462088,0.5662,0.9986524653688852,0.08357475056245914,,,0.9999999996574758,,1.0,0.0,0.9970913405757752,0.09969258397603104,5,0.001,0.1,0.9892732728673286,0.9965858760562164,0.9977750643904928,1.0,0.9977651359535701,0.9968903236444273,0.9970608271918111,0.9953952549400371,0.9954878045470542,0.9934589961785635,0.9933424439560283,0.9938349814348671
5,4,1.5424630711924645,0.5981357649442756,4935,1.9124598732361426,0.572992700729927,822,1.91622014548451,0.5663,0.9983755032763482,0.08349064902497315,,,0.9711931810380863,,0.9712162070731967,0.02878379292680333,0.9970912835824355,0.09969254725427776,5,0.001,0.1,0.9857878288081122,0.9944066207316529,0.9967444473907683,0.9977651359535701,1.0,0.9964598783554768,0.9972789772157578,0.9956715907384609,0.9958483877210924,0.9945161266185891,0.9937922292791614,0.9952502268755841
5,5,1.569435450883761,0.5932719091493465,4667,1.9196213054656983,0.5501285347043702,778,1.9162031046498698,0.5662,0.9988786636282475,0.08355688885866834,,,0.9938819324173794,,0.9939010835000628,0.0060989164999372125,0.9970913469790736,0.09969258396878827,5,0.001,0.1,0.9841137932035785,0.9947284866158621,0.9955828182886265,0.9968903236444273,0.9964598783554768,1.0,0.9981581750113613,0.9974876462850694,0.9968769828816657,0.9966415563286641,0.99610282204313,0.996480343923835
5,6,1.575851133125169,0.5838311250842129,4453,1.9059407512346904,0.5714285714285714,742,1.9162040034802958,0.5662,0.9990276832696392,0.08355690471720811,,,0.9938873643523055,,0.9939059162389693,0.006094083761030711,0.9970912756553869,0.09969258396879369,5,0.001,0.1,0.984839603711365,0.9945306224400126,0.9963037017249627,0.9970608271918111,0.9972789772157578,0.9981581750113613,1.0,0.9972517946704156,0.9975533181067269,0.9965736378499549,0.9955001257427405,0.9962581029651106
5,7,1.6009715494824879,0.6,4277,1.9090643136397651,0.573632538569425,713,1.9162306469469406,0.5664,0.9978777267539631,0.08343851519520508,,,0.9533360785051738,,0.9533592368138719,0.04664076318612809,0.9970910508354112,0.09969247364957812,5,0.001,0.1,0.9799282280740035,0.9918904381679077,0.9938989755382402,0.9953952549400371,0.9956715907384609,0.9974876462850694,0.9972517946704156,1.0,0.9965341295111826,0.9965814220154698,0.9967437927141525,0.9961319400326203
5,8,1.6080195754766464,0.5675950593364011,4129,1.9088824445551091,0.5799418604651163,688,1.916247582664124,0.5664,0.9977662867361473,0.08342483586983362,,,0.9486505774240936,,0.9486714800746174,0.051328519925382565,0.9970899394013557,0.09969238876994677,5,0.001,0.1,0.9801472599351861,0.9916580862055501,0.9937457435718019,0.9954878045470542,0.9958483877210924,0.9968769828816657,0.9975533181067269,0.9965341295111826,1.0,0.9953534398468963,0.9962022038838164,0.9967778176044969
5,9,1.62837136037766,0.5750062484378905,4001,1.9260499307087489,0.5622188905547226,667,1.9162981753912978,0.5664,0.9967511553006624,0.08331670533360298,,,0.9116132432976836,,0.9116333690956012,0.08836663090439878,0.9970883808866912,0.09969083399231798,5,0.001,0.1,0.9766937912695034,0.9898065602589387,0.991857018933983,0.9934589961785635,0.9945161266185891,0.9966415563286641,0.9965736378499549,0.9965814220154698,0.9953534398468963,1.0,0.9959468081454166,0.9965918953038351
5,10,1.6401460909452594,0.5564926716379532,3889,1.9069589717047555,0.5601851851851852,648,1.9166619015958744,0.5664,0.996182610533595,0.08318096356678303,,,0.8651183922789473,,0.8651327553377601,0.13486724466223987,0.9969439899623949,0.09968123189846229,5,0.001,0.1,0.974321672082131,0.9883448577023556,0.990790441227536,0.9933424439560283,0.9937922292791614,0.99610282204313,0.9955001257427405,0.9967437927141525,0.9962022038838164,0.9959468081454166,1.0,0.9961190527663069
5,11,1.6621718677152104,0.5618042732788182,3791,1.9302259922027587,0.555379746835443,632,1.9164837594992055,0.5665,0.996933448295658,0.08327077410979107,,,0.8958806839073541,,0.8958979712162071,0.10410202878379293,0.9970651591230221,0.09968990060523075,5,0.001,0.1,0.9771173589856709,0.9894766378990941,0.992169740946401,0.9938349814348671,0.9952502268755841,0.996480343923835,0.9962581029651106,0.9961319400326203,0.9967778176044969,0.9965918953038351,0.9961190527663069,1.0
6,0,1.2276646543105754,0.6468224981738495,8214,1.812992209611937,0.5734112490869248,1369,1.8130385445329709,0.5907,0.9886097367583795,0.08249725781786424,,,0.6,,0.600013531668938,0.399986468331062,0.9965327378663474,0.09901196560428537,5,0.001,0.1,1.0,0.9945802659426415,0.9922039353992274,0.990107099417556,0.9860854203205528,0.9852066361131897,0.9855287379892199,0.9810713880770974,0.9808970862981486,0.9768029166357368,0.9761641825971521,0.9780776970298064
6,1,1.320796462401603,0.6211439002129602,6574,1.8065926006862096,0.593978102189781,1096,1.805796612946751,0.5908,0.9966777881509321,0.0833245081439572,,,0.9192874513283243,,0.9193077584790404,0.08069224152095955,0.9975829698596839,0.09968924276048477,5,0.001,0.1,0.9945802659426415,1.0,0.9969930709120319,0.9966013523615221,0.9941562552428048,0.9949592776524552,0.9944742565041229,0.9919497756418868,0.9913590747524407,0.9894453145637909,0.989032713121356,0.9895493597354563
6,2,1.3345652346452956,0.6491094587584298,5783,1.8039750360673474,0.6058091286307054,964,1.8057453838019326,0.591,0.997952356884504,0.0834400621508299,,,0.9638869433822137,,0.9638994403688347,0.03610055963116532,0.9975854133940785,0.09969046742204046,5,0.001,0.1,0.9922039353992274,0.9969930709120319,1.0,0.9975569383597277,0.9965947547828987,0.9956405933938142,0.9963042043238708,0.9940982147996983,0.9935748998061698,0.9913839016837636,0.9916440404277144,0.9923108412809543
6,3,1.382036751365087,0.6219406090410441,5287,1.8181544159139906,0.5811577752553916,881,1.8057305093009632,0.591,0.9983864282515326,0.08352962418653408,,,0.9984545140603903,,0.9984631890277496,0.0015368109722504464,0.9975855603574953,0.09969050818672122,5,0.001,0.1,0.990107099417556,0.9966013523615221,0.9975569383597277,1.0,0.9971651479588036,0.9966459755801079,0.9965190570593994,0.9951678961657899,0.9947761354760462,0.9922202077742023,0.9934218715639713,0.9932866462823933
6,4,1.4173626596696915,0.6211955420466059,4935,1.8003691526559682,0.6046228710462287,822,1.805750584450012,0.591,0.9981724482181333,0.08347110517987678,,,0.975868382752208,,0.9758846328568253,0.02411536714317475,0.997585266322784,0.09969049987266697,5,0.001,0.1,0.9860854203205528,0.9941562552428048,0.9965947547828987,0.9971651479588036,1.0,0.9963665359849296,0.9968040195026018,0.9953042423567028,0.9952464603556365,0.993824045781469,0.9944587397586029,0.9948650238432318
6,5,1.4421843805541732,0.6155988857938719,4667,1.8106200885772705,0.5681233933161953,778,1.8057302289877455,0.591,0.99884978288176,0.08353362842604586,,,0.9999999996140376,,1.0,0.0,0.997585560181006,0.09969050818679968,5,0.001,0.1,0.9852066361131897,0.9949592776524552,0.9956405933938142,0.9966459755801079,0.9963665359849296,1.0,0.9976639750170242,0.9971881823872258,0.9969306819265239,0.9960443551069158,0.9961301626115974,0.9961853155353408
6,6,1.4424167882544654,0.6141477655513137,4453,1.793924366434415,0.601078167115903,742,1.8057311601913013,0.591,0.9987670129330233,0.0835309649467911,,,0.9989719969936762,,0.9989802920907395,0.0010197079092605366,0.9975855601871467,0.09969050818677704,5,0.001,0.1,0.9855287379892199,0.9944742565041229,0.9963042043238708,0.9965190570593994,0.9968040195026018,0.9976639750170242,1.0,0.9969798168901985,0.9964884779371768,0.995884242083609,0.9956254749200715,0.9957008570137684
6,7,1.468688726514133,0.6200607902735562,4277,1.7978919537171074,0.6016830294530154,713,1.8057611198090135,0.5909,0.997838663500914,0.08342833354053004,,,0.9593601417936907,,0.9593759967523995,0.040624003247600515,0.9975854041577453,0.09969046642618996,5,0.001,0.1,0.9810713880770974,0.9919497756418868,0.9940982147996983,0.9951678961657899,0.9953042423567028,0.9971881823872258,0.9969798168901985,1.0,0.9965674907189556,0.9957132337955938,0.9967701141800405,0.9960250704278909
6,8,1.4821693538702452,0.5977234197142165,4129,1.7964857058091597,0.6090116279069767,688,1.8057795435475845,0.5909,0.9976211801566428,0.08341291531831187,,,0.9534092890460031,,0.953436560636375,0.04656343936362495,0.9975850263997366,0.09969042087473519,5,0.001,0.1,0.9808970862981486,0.9913590747524407,0.9935748998061698,0.9947761354760462,0.9952464603556365,0.9969306819265239,0.9964884779371768,0.9965674907189556,1.0,0.9949959400640761,0.9967002066755395,0.9967000848724188
6,9,1.4911059650163803,0.6101974506373407,4001,1.8176775148936681,0.5892053973013494,667,1.805838073023592,0.5908,0.9963371072818379,0.08330509048690747,,,0.9117929674524989,,0.9118170131740463,0.08818298682595371,0.9975858259498804,0.09968893654810486,5,0.001,0.1,0.9768029166357368,0.9894453145637909,0.9913839016837636,0.9922202077742023,0.993824045781469,0.9960443551069158,0.995884242083609,0.9957132337955938,0.9949959400640761,1.0,0.9962143158423351,0.9963248999618837
6,10,1.50562502253251,0.5847261506814091,3889,1.792833964029948,0.5910493827160493,648,1.8062703335247101,0.5908,0.9966486517467935,0.08323185573661904,,,0.8835271136586464,,0.8835503233102329,0.11644967668976713,0.9975229482058933,0.0996865724226145,5,0.001,0.1,0.9761641825971521,0.989032713121356,0.9916440404277144,0.9934218715639713,0.9944587397586029,0.9961301626115974,0.9956254749200715,0.9967701141800405,0.9967002066755395,0.9962143158423351,1.0,0.9964098398493146
