round,client_id,client_i_training_loss,client_i_training_accuracy,client_i_training_dataset_size,client_i_evaluation_loss,client_i_evaluation_accuracy,client_i_evaluation_dataset_size,client_i_central_evaluation_loss,client_i_central_evaluation_accuracy,client_i_cosine_similarity,client_i_importance_coefficient,client_i_tanh_val,tanh_normalization_value,client_i_q,client_i_mask_order,client_i_v_nonzero_fraction,client_i_v_sparsity,client_i_v_cosine_similarity,client_i_reward_gradient_norm,local_epochs,learning_rate,gamma,client_0_cosine_similarity,client_1_cosine_similarity,client_2_cosine_similarity,client_3_cosine_similarity,client_4_cosine_similarity,client_5_cosine_similarity,client_6_cosine_similarity,client_7_cosine_similarity,client_8_cosine_similarity,client_9_cosine_similarity,client_10_cosine_similarity,client_11_cosine_similarity
0,0,2.2292240184766277,0.187100073046019,6845,2.2974213036623867,0.1446311176040906,1369,2.2970621223691143,0.1517,0.8940239625100568,0.07891027735235025,,,0.65,,0.6500140284860788,0.3499859715139212,0,0.14117872037965917,10,0.025,0.15,1.0,0.9314352008303856,0.866690921445054,0.8605563474266016,0.8372241575540826,0.806143224000844,0.7996849411514457,0.7818477822860639,0.7432448658094838,0.7799233441490672,0.7632034962913212,0.7173644746265134
0,1,2.272982636163401,0.16836436655713763,5478,2.29741014374627,0.13686131386861314,1096,2.2970246182212346,0.1523,0.9484975114840347,0.08371833959470326,,,0.8588808309552838,,0.8589229423511743,0.14107705764882572,0,0.14140736954878114,10,0.025,0.15,0.9314352008303856,1.0,0.927288553013096,0.9430506400225612,0.9128566164669233,0.8823354599025283,0.8549647393914335,0.8472105117470176,0.8132451955556225,0.8571301625904421,0.8331543680243916,0.7919945246669459
0,2,2.284648653708006,0.12753112033195022,4820,2.2965674996376038,0.16701244813278007,964,2.297015814841548,0.1579,0.960914714994805,0.08481433367770799,,,0.906495055405936,,0.906545526563351,0.09345447343664903,0,0.14142319103057432,10,0.025,0.15,0.866690921445054,0.927288553013096,1.0,0.9386357845468576,0.9391750428044456,0.9100453060112996,0.9201664166976397,0.8856884082859127,0.8632384445201949,0.8875819094661819,0.8404445026370426,0.8564373954364842
0,3,2.2871264723369054,0.155901044030867,4406,2.2982797963278636,0.17593643586833144,881,2.297015896326379,0.158,0.9774760226612251,0.08627610364817466,,,0.9699999999565561,,0.9700285520951957,0.029971447904804327,0,0.14142509337827425,10,0.025,0.15,0.8605563474266016,0.9430506400225612,0.9386357845468576,1.0,0.9621313493812985,0.925355381730354,0.9212706606855219,0.9082442920328864,0.9027904444798333,0.9409936359215111,0.890669010094601,0.8711270526199999
0,4,2.2890049609270964,0.1552285992217899,4112,2.2963613101414273,0.17518248175182483,822,2.2970159174520757,0.158,0.9767581503676571,0.08621274125056065,,,0.9672472921924287,,0.9672806192338796,0.032719380766120354,0,0.14142507808683766,10,0.025,0.15,0.8372241575540826,0.9128566164669233,0.9391750428044456,0.9621313493812985,1.0,0.9500222307804019,0.9267695943346069,0.9182744531140752,0.9122040276555581,0.9397975247337391,0.8958244079139007,0.9036081474933875
0,5,2.292593362254481,0.1411416816662381,3889,2.2973831040518626,0.15552699228791775,778,2.2970236011698275,0.1525,0.9580465085934553,0.08456117383845844,,,0.8954968122631699,,0.8955372910168177,0.10446270898318233,0,0.1414156549648727,10,0.025,0.15,0.806143224000844,0.8823354599025283,0.9100453060112996,0.925355381730354,0.9500222307804019,1.0,0.9241179763312104,0.9119919346095468,0.8980030196914992,0.9123088791222014,0.897479389444027,0.8969004330756485
0,6,2.2944687095181697,0.1531393155483697,3711,2.2968395948410034,0.16172506738544473,742,2.297023866750017,0.1526,0.9534425515904397,0.08415480942401227,,,0.8778427694738581,,0.8778861547094453,0.12211384529055469,0,0.14141389641549493,10,0.025,0.15,0.7996849411514457,0.8549647393914335,0.9201664166976397,0.9212706606855219,0.9267695943346069,0.9241179763312104,1.0,0.9295747082139694,0.8953556243759634,0.9075595058804408,0.9064053566242483,0.8933520664227462
0,7,2.2957498346056258,0.14506172839506173,3564,2.2972737550735474,0.15427769985974754,713,2.297025602075118,0.1523,0.9416509684032418,0.08311403519564292,,,0.832627509208791,,0.8326649172319321,0.16733508276806786,0,0.14140157649401833,10,0.025,0.15,0.7818477822860639,0.8472105117470176,0.8856884082859127,0.9082442920328864,0.9182744531140752,0.9119919346095468,0.9295747082139694,1.0,0.8717340047630273,0.8909659716586524,0.9328458360514147,0.8856374888099146
0,8,2.2940467869793926,0.1254867770996803,3441,2.2974804639816284,0.13517441860465115,688,2.297025704685646,0.1521,0.92812271420888,0.08191997515325546,,,0.7807529199683794,,0.7807760228416761,0.21922397715832387,0,0.14135696123062666,10,0.025,0.15,0.7432448658094838,0.8132451955556225,0.8632384445201949,0.9027904444798333,0.9122040276555581,0.8980030196914992,0.8953556243759634,0.8717340047630273,1.0,0.9504619268760439,0.8759011434489712,0.9341081432062427
0,9,2.292271619372898,0.13854229154169165,3334,2.294341802597046,0.15592203898050974,667,2.297024687634239,0.1524,0.9486713212530941,0.08373368076860706,,,0.8595473109198373,,0.8595996105032101,0.1404003894967899,0,0.1414075049377874,10,0.025,0.15,0.7799233441490672,0.8571301625904421,0.8875819094661819,0.9409936359215111,0.9397975247337391,0.9123088791222014,0.9075595058804408,0.8909659716586524,0.9504619268760439,1.0,0.8671685282667405,0.9158249797676046
0,10,2.2965188494095434,0.12817031780314717,3241,2.2984716494878135,0.13734567901234568,648,2.2970261151277565,0.1521,0.9250524927475923,0.08164898462369162,,,0.7689800426337872,,0.7690168506873958,0.23098314931260422,0,0.14135081534305088,10,0.025,0.15,0.7632034962913212,0.8331543680243916,0.8404445026370426,0.890669010094601,0.8958244079139007,0.897479389444027,0.9064053566242483,0.9328458360514147,0.8759011434489712,0.8671685282667405,1.0,0.8980081993219798
0,11,2.2966344270706176,0.12567268122823677,3159,2.29547438621521,0.1518987341772152,632,2.297028792055347,0.1519,0.9169694937003295,0.0809355454728354,,,0.737985484919004,,0.7380138964532686,0.26198610354673135,0,0.1413193367319118,10,0.025,0.15,0.7173644746265134,0.7919945246669459,0.8564373954364842,0.8711270526199999,0.9036081474933875,0.8969004330756485,0.8933520664227462,0.8856374888099146,0.9341081432062427,0.9158249797676046,0.8980081993219798,1.0
1,0,2.1037071607731006,0.23756026296566837,6845,2.287545746023005,0.1848064280496713,1369,2.2871982900402212,0.1885,0.90330007243072,0.07833125870533571,,,0.65,,0.6500140284860788,0.3499859715139212,0.8982111073483462,0.14558068727900986,10,0.025,0.15,1.0,0.9562403071301185,0.9112338029428266,0.9041898797628086,0.8816577118880085,0.878311267609543,0.8631008763971473,0.8452509277499417,0.8316133628915808,0.8343119935567653,0.83346838588184,0.809941296414017
1,1,2.1541906853054846,0.2219240598758671,5478,2.287653817070855,0.177007299270073,1096,2.2871050381962257,0.1892,0.9542287988239764,0.08297004278495079,,,0.8524167936168723,,0.8524615867042961,0.14753841329570394,0.900197438277413,0.14594381416579033,10,0.025,0.15,0.9562403071301185,1.0,0.9541029420133808,0.9605797619017972,0.9415974406009622,0.9356945082405975,0.9212888235917688,0.908660754113934,0.8925226059374597,0.8985738441472889,0.8989328744536939,0.8710472237993686
1,2,2.191236466483066,0.18647302904564314,4820,2.2865849435329437,0.18153526970954356,964,2.2870929271359985,0.1925,0.9793684327785307,0.08446858081712666,,,0.9178066152554656,,0.9178508359327293,0.08214916406727069,0.8997421711060393,0.14596210173929733,10,0.025,0.15,0.9112338029428266,0.9541029420133808,1.0,0.9764526120368413,0.9748264919478381,0.967831352836292,0.9627783150793292,0.9532199703302162,0.9375486617027692,0.9389731823011156,0.9347396833419591,0.9182866824077058
1,3,2.1963968467712403,0.2007943713118475,4406,2.2875591346195767,0.20317820658342792,881,2.2870923386344426,0.1925,0.9882823443268259,0.08566469620698912,,,0.9699999999563642,,0.9700285520951957,0.029971447904804327,0.8998400104637024,0.14596787197914993,10,0.025,0.15,0.9041898797628086,0.9605797619017972,0.9764526120368413,1.0,0.9794878099442111,0.976519085829137,0.9751618399939886,0.9652464502797046,0.951018028072556,0.9571443383416908,0.9542255865004817,0.9338462830805772
1,4,2.208499313845779,0.19105058365758754,4112,2.286696740559169,0.20072992700729927,822,2.2870923959756198,0.1925,0.9877416474121783,0.08560781798936312,,,0.9675180766245388,,0.9675611889554554,0.0324388110445446,0.8998407572426564,0.1459678624040598,10,0.025,0.15,0.8816577118880085,0.9415974406009622,0.9748264919478381,0.9794878099442111,1.0,0.9799164645954709,0.9744576707759751,0.9744817885204314,0.9576544170182907,0.9638094931112828,0.9558518878773035,0.9431140716973939
1,5,2.221247111981915,0.1913859604011314,3889,2.2881918975285123,0.1928020565552699,778,2.287099509299556,0.19,0.9875456307929834,0.08457835958850414,,,0.9225968935973868,,0.9226370253007873,0.07736297469921272,0.9002758259807263,0.1459624160287979,10,0.025,0.15,0.878311267609543,0.9356945082405975,0.967831352836292,0.976519085829137,0.9799164645954709,1.0,0.9766184603998689,0.9731171478164804,0.9623443524400929,0.9597719685964956,0.9637703567023315,0.9516271979413307
1,6,2.2382667245536014,0.18631096739423336,3711,2.2869548002878823,0.20889487870619947,742,2.287100330183778,0.19,0.9887354232352419,0.08436542662518491,,,0.9133054053645493,,0.9133534683368817,0.08664653166311831,0.9002353589674135,0.14596173681591215,10,0.025,0.15,0.8631008763971473,0.9212888235917688,0.9627783150793292,0.9751618399939886,0.9744576707759751,0.9766184603998689,1.0,0.9813218055578337,0.9757779134306787,0.9733378947514746,0.972403081838405,0.9635712203522205
1,7,2.2400536239147186,0.18005050505050504,3564,2.2867010037104287,0.18513323983169705,713,2.2871040815039527,0.1893,0.9852013860531412,0.0836054969357521,,,0.8801453081344971,,0.8801802247858593,0.11981977521414067,0.900245533541228,0.1459571002945246,10,0.025,0.15,0.8452509277499417,0.908660754113934,0.9532199703302162,0.9652464502797046,0.9744817885204314,0.9731171478164804,0.9813218055578337,1.0,0.9748018414566593,0.9770615940141225,0.9778969923421615,0.9675975705483395
1,8,2.235377377933926,0.17311827956989248,3441,2.2875121434529624,0.1816860465116279,688,2.287108874019188,0.189,0.9773282251575839,0.08260914650724832,,,0.8366688161065976,,0.8367166740935122,0.16328332590648775,0.8997050753856731,0.14593826360019657,10,0.025,0.15,0.8316133628915808,0.8925226059374597,0.9375486617027692,0.951018028072556,0.9576544170182907,0.9623443524400929,0.9757779134306787,0.9748018414566593,1.0,0.9772584653868613,0.9714062878223262,0.9761748037575505
1,9,2.2293644587198895,0.17855428914217156,3334,2.283696174621582,0.191904047976012,667,2.2871023280711116,0.1894,0.9779520068958644,0.08375298816555395,,,0.8865811976500909,,0.8866168242808338,0.11338317571916623,0.900280116382776,0.14595806850446497,10,0.025,0.15,0.8343119935567653,0.8985738441472889,0.9389731823011156,0.9571443383416908,0.9638094931112828,0.9597719685964956,0.9733378947514746,0.9770615940141225,0.9772584653868613,1.0,0.9638890042429058,0.9701826678225799
1,10,2.2538314984394954,0.18697932736809628,3241,2.29079806804657,0.16820987654320987,648,2.2871101687226116,0.1891,0.9765052929898008,0.08241445085433867,,,0.8281731264782963,,0.8282088098892575,0.1717911901107425,0.8996547102394665,0.14593423925288992,10,0.025,0.15,0.83346838588184,0.8989328744536939,0.9347396833419591,0.9542255865004817,0.9558518878773035,0.9637703567023315,0.972403081838405,0.9778969923421615,0.9714062878223262,0.9638890042429058,1.0,0.97205367599688
1,11,2.252285361289978,0.18752769863880975,3159,2.285222816467285,0.20569620253164558,632,2.287107869039608,0.1895,0.9660529810335344,0.08163173481965258,,,0.794018730124755,,0.7940453202620851,0.20595467973791493,0.8989626921235148,0.14587053267264263,10,0.025,0.15,0.809941296414017,0.8710472237993686,0.9182866824077058,0.9338462830805772,0.9431140716973939,0.9516271979413307,0.9635712203522205,0.9675975705483395,0.9761748037575505,0.9701826678225799,0.97205367599688,1.0
2,0,2.0186170752401704,0.26657414170927685,6845,2.272550951350819,0.20964207450693936,1369,2.27207843261429,0.217,0.9113873753173749,0.0782091208515517,,,0.65,,0.6500140284860788,0.3499859715139212,0.9596649701034379,0.14569308570814685,10,0.025,0.15,1.0,0.9563034085014194,0.9305484067024227,0.9141388640885604,0.8899109629835341,0.8908583829990601,0.8696795239186073,0.8551197091764375,0.8468491381431057,0.8409748591106493,0.8384858316536342,0.8232199673715438
2,1,2.064754089366558,0.25704636728733116,5478,2.272489627202352,0.21806569343065693,1096,2.271888204767734,0.218,0.9512420158971121,0.0823805521617688,,,0.8400672824789787,,0.8401000148536911,0.15989998514630888,0.9619922185545475,0.14605203541862374,10,0.025,0.15,0.9563034085014194,1.0,0.9582648982127903,0.9532484398099581,0.9331720314905692,0.9339662653615326,0.9145956059221334,0.9044943437317958,0.8972212004894013,0.8928457869132825,0.895046474924138,0.8782211897273883
2,2,2.11047382668445,0.22796680497925312,4820,2.271704316139221,0.20850622406639005,964,2.2718725053569937,0.2186,0.9788505763174478,0.08420830685341801,,,0.9233471788610884,,0.9233879619085342,0.07661203809146577,0.9624244820636488,0.1460860098277959,10,0.025,0.15,0.9305484067024227,0.9582648982127903,1.0,0.9734293628913971,0.964060501093979,0.9617593105146564,0.9560249426617925,0.9495290376850762,0.944095684200184,0.935885226162174,0.93729769584527,0.9260214279786877
2,3,2.1146547017778667,0.23193372673626872,4406,2.271167142050607,0.22814982973893302,881,2.271869659423828,0.2186,0.9875404501062444,0.0852322023712606,,,0.969999999954436,,0.9700285520951957,0.029971447904804327,0.962424503763042,0.14609756367843194,10,0.025,0.15,0.9141388640885604,0.9532484398099581,0.9734293628913971,1.0,0.9696848325862071,0.972608607688717,0.9714869130602755,0.9622091834132135,0.9600101102516588,0.9555224078135028,0.9585156278646203,0.9463801419166211
2,4,2.1238094622438606,0.22249513618677041,4112,2.271752289363316,0.21654501216545013,822,2.2718698254114464,0.2186,0.9858251914621051,0.08514107844411102,,,0.9658480252689816,,0.9658860226766351,0.03411397732336485,0.9624226796460594,0.14609750705263885,10,0.025,0.15,0.8899109629835341,0.9331720314905692,0.964060501093979,0.9696848325862071,1.0,0.9687634382169629,0.9721006981361523,0.9729134052554065,0.9656692251628368,0.9631164844474929,0.9606578692236224,0.9559896010876532
2,5,2.1323424266230675,0.23278477757778349,3889,2.2742225102015903,0.22236503856041132,778,2.2718764981137047,0.2175,0.985623992297789,0.08449704154265299,,,0.9365030991337988,,0.9365334785694245,0.06346652143057552,0.9624507531039441,0.14608718881591554,10,0.025,0.15,0.8908583829990601,0.9339662653615326,0.9617593105146564,0.972608607688717,0.9687634382169629,1.0,0.9738295091426017,0.9666275130601426,0.9663880984663966,0.9578730090597813,0.9633348391524341,0.9581802820202935
2,6,2.15259624925153,0.21905146860684452,3711,2.2717243830362954,0.2371967654986523,742,2.2718786589707,0.2175,0.9880025938515805,0.08444270751025675,,,0.9340274208556059,,0.9340578633790497,0.06594213662095028,0.9624172195977294,0.1460869821703686,10,0.025,0.15,0.8696795239186073,0.9145956059221334,0.9560249426617925,0.9714869130602755,0.9721006981361523,0.9738295091426017,1.0,0.9801099158753851,0.9825989111273071,0.9729782365034155,0.9764936455118304,0.9712544296669597
2,7,2.152996784874371,0.21520763187429853,3564,2.270717740058899,0.21458625525946703,713,2.2718848819974102,0.2173,0.9842407300819771,0.08384952570350575,,,0.9069996585264055,,0.9070406496014259,0.09295935039857406,0.9623391048547846,0.1460837594715967,10,0.025,0.15,0.8551197091764375,0.9044943437317958,0.9495290376850762,0.9622091834132135,0.9729134052554065,0.9666275130601426,0.9801099158753851,1.0,0.9787241280441641,0.9756904255140719,0.9769953648183476,0.9744925085991493
2,8,2.151464219888051,0.21409473990119152,3441,2.2720863819122314,0.2136627906976744,688,2.2718965192384357,0.2182,0.9819221848423425,0.08315698310559176,,,0.8754446166720563,,0.8754930600254163,0.12450693997458373,0.9621222268742922,0.14607388132309299,10,0.025,0.15,0.8468491381431057,0.8972212004894013,0.944095684200184,0.9600101102516588,0.9656692251628368,0.9663880984663966,0.9825989111273071,0.9787241280441641,1.0,0.9762990764769705,0.9749199598681163,0.9770906111789408
2,9,2.146581305839397,0.21145770845830833,3334,2.267721255620321,0.22038980509745126,667,2.2718818036815787,0.2173,0.9773569094233258,0.08371650406678205,,,0.9009386547311247,,0.9009918964862769,0.09900810351372313,0.9623477986838461,0.14608271460263933,10,0.025,0.15,0.8409748591106493,0.8928457869132825,0.935885226162174,0.9555224078135028,0.9631164844474929,0.9578730090597813,0.9729782365034155,0.9756904255140719,0.9762990764769705,1.0,0.9701652259230805,0.9749270483407821
2,10,2.1712434268914738,0.22132058006788027,3241,2.2778823375701904,0.2037037037037037,648,2.271893812131278,0.2181,0.97827499148481,0.082917552840666,,,0.8645352053900824,,0.8645755970358634,0.1354244029641366,0.9620122981639125,0.14606149097203794,10,0.025,0.15,0.8384858316536342,0.895046474924138,0.93729769584527,0.9585156278646203,0.9606578692236224,0.9633348391524341,0.9764936455118304,0.9769953648183476,0.9749199598681163,0.9701652259230805,1.0,0.9752646704717102
2,11,2.181181122303009,0.2213042101930991,3159,2.2693784713745115,0.22784810126582278,632,2.2718977294390714,0.2186,0.972615811160266,0.0822484245484347,,,0.8340470140053408,,0.8340925219917149,0.1659074780082851,0.9616459806826856,0.14604907973476913,10,0.025,0.15,0.8232199673715438,0.8782211897273883,0.9260214279786877,0.9463801419166211,0.9559896010876532,0.9581802820202935,0.9712544296669597,0.9744925085991493,0.9770906111789408,0.9749270483407821,0.9752646704717102,1.0
3,0,1.9513233813974593,0.29447772096420743,6845,2.2518501498482446,0.24324324324324326,1369,2.2512580080877376,0.246,0.9234295093506502,0.07854234407471875,,,0.65,,0.6500140284860788,0.3499859715139212,0.9711183431345585,0.1455646518495698,10,0.025,0.15,1.0,0.9535424031760642,0.9364240963028567,0.9246279972158102,0.9055485474251183,0.9027110514301477,0.8849136526821069,0.8788624532775912,0.8643338966223163,0.8550862413167616,0.8468836757347211,0.8383600784046676
3,1,1.9956718081651732,0.2822015334063527,5478,2.2514031993018255,0.26094890510948904,1096,2.2509071404420875,0.2495,0.9599385919839406,0.08231612352784223,,,0.8407427246403207,,0.8407766830057269,0.15922331699427306,0.9729128683558064,0.14595461651220312,10,0.025,0.15,0.9535424031760642,1.0,0.962324882096719,0.9558654276072603,0.9441333791029213,0.942580106805662,0.9244822157855221,0.924051854606901,0.9126387457745728,0.9019894833491399,0.8986031034259896,0.8928762489135013
3,2,2.0440724228557787,0.2519917012448133,4820,2.251351147890091,0.23962655601659752,964,2.2508804918844487,0.2492,0.9762611491393327,0.0839802614257119,,,0.9248552703679601,,0.9248898351240283,0.07511016487597166,0.9731254030974086,0.14599775943537413,10,0.025,0.15,0.9364240963028567,0.962324882096719,1.0,0.9698104125609948,0.9614714054507533,0.9590570275556397,0.9494747446888632,0.9493725720188028,0.9393865036619935,0.9290409480216617,0.9241774704857012,0.9203303336540886
3,3,2.0464925612722125,0.2577167498865184,4406,2.248784508023943,0.26220204313280365,881,2.250879864149456,0.2492,0.9842065399840088,0.08487343443261279,,,0.9699999999494557,,0.9700285520951957,0.029971447904804327,0.9732637874486644,0.14600764396242896,10,0.025,0.15,0.9246279972158102,0.9558654276072603,0.9698104125609948,1.0,0.9662856435006539,0.9691551197854202,0.9634318601264577,0.9603300752626733,0.9553973354828976,0.946644609150557,0.9438017216466864,0.9369250117555429
3,4,2.0561623428807114,0.24961089494163424,4112,2.2512737342289517,0.23722627737226276,822,2.2508810079550443,0.2491,0.9837158289516036,0.0848009989542857,,,0.9663388054709868,,0.9663728936640755,0.03362710633592447,0.973263031780236,0.14600756388686384,10,0.025,0.15,0.9055485474251183,0.9441333791029213,0.9614714054507533,0.9662856435006539,1.0,0.9663395112363334,0.9657423261792636,0.9646518043987415,0.9595877092989816,0.9567380571062225,0.947802768875315,0.9471567477349955
3,5,2.0578222567035307,0.26271535098997173,3889,2.2549170085362027,0.2480719794344473,778,2.2508857733086693,0.2498,0.9846452800787034,0.08443240225553204,,,0.9477083742316872,,0.947756267432457,0.052243732567543,0.9731467546088527,0.14600687098782691,10,0.025,0.15,0.9027110514301477,0.942580106805662,0.9590570275556397,0.9691551197854202,0.9663395112363334,1.0,0.9694048858098511,0.9645969033207749,0.9651598618911755,0.9517575454451831,0.9530464343269783,0.9526174273362483
3,6,2.081376180977657,0.2464295338183778,3711,2.2506535053253174,0.26549865229110514,742,2.2508886554573158,0.2496,0.9854811603470074,0.08442599779405827,,,0.9473846657461923,,0.9474179333564391,0.05258206664356091,0.9731536671835593,0.14600682609764087,10,0.025,0.15,0.8849136526821069,0.9244822157855221,0.9494747446888632,0.9634318601264577,0.9657423261792636,0.9694048858098511,1.0,0.9737551102288304,0.9765453325085515,0.9638433443795362,0.9673373351832212,0.9663836314756363
3,7,2.080485781601497,0.24259259259259258,3564,2.2490099668502808,0.24403927068723702,713,2.2508940515638907,0.2495,0.9838560075645134,0.08400562341397487,,,0.9261371721864596,,0.9261771550230232,0.07382284497697678,0.9731179497800349,0.14599793989878823,10,0.025,0.15,0.8788624532775912,0.924051854606901,0.9493725720188028,0.9603300752626733,0.9646518043987415,0.9645969033207749,0.9737551102288304,1.0,0.9710272490287166,0.964856947797377,0.9679137931252713,0.9668781958046139
3,8,2.079224686269407,0.24225515838419065,3441,2.2508565187454224,0.25872093023255816,688,2.2509138584136963,0.2492,0.980394976230157,0.08346386179066148,,,0.8987542555587196,,0.8987885989668433,0.10121140103315673,0.9729218325311468,0.14598693581629463,10,0.025,0.15,0.8643338966223163,0.9126387457745728,0.9393865036619935,0.9553973354828976,0.9595877092989816,0.9651598618911755,0.9765453325085515,0.9710272490287166,1.0,0.969127691937366,0.9646852120954966,0.9674511220712266
3,9,2.0818264462329723,0.24478104379124174,3334,2.2459383408228555,0.2353823088455772,667,2.250891075858587,0.2494,0.9732457798188282,0.08357735922004177,,,0.9044908941695822,,0.9045320262085128,0.09546797379148719,0.9731273211979367,0.14599480767454961,10,0.025,0.15,0.8550862413167616,0.9019894833491399,0.9290409480216617,0.946644609150557,0.9567380571062225,0.9517575454451831,0.9638433443795362,0.964856947797377,0.969127691937366,1.0,0.9571261601675152,0.965425088547815
3,10,2.097870300366328,0.2474853440296205,3241,2.259244441986084,0.23765432098765432,648,2.2509093375145635,0.2492,0.9713744828334351,0.08302151418303559,,,0.8763961424350567,,0.876450297899028,0.12354970210097205,0.9730028403857638,0.14598084433293235,10,0.025,0.15,0.8468836757347211,0.8986031034259896,0.9241774704857012,0.9438017216466864,0.947802768875315,0.9530464343269783,0.9673373351832212,0.9679137931252713,0.9646852120954966,0.9571261601675152,1.0,0.9685256581855162
3,11,2.1123535070419313,0.24358974358974358,3159,2.2475533962249754,0.25949367088607594,632,2.250926063030581,0.2498,0.9699327100684334,0.08256007892752448,,,0.8530732591095771,,0.8531134987044281,0.1468865012955719,0.9729034974793191,0.1459621962581179,10,0.025,0.15,0.8383600784046676,0.8928762489135013,0.9203303336540886,0.9369250117555429,0.9471567477349955,0.9526174273362483,0.9663836314756363,0.9668781958046139,0.9674511220712266,0.965425088547815,0.9685256581855162,1.0
4,0,1.898531339124397,0.31560262965668373,6845,2.2257109772075307,0.26442658875091307,1369,2.2250632817232154,0.2715,0.9293021455498147,0.07901846322283512,,,0.65,,0.6500140284860788,0.3499859715139212,0.9808168228084726,0.1452138268196707,10,0.025,0.15,1.0,0.9482035959366192,0.9337730613520423,0.9262251128168333,0.9045698669640813,0.9037842749624988,0.8932132786015965,0.8863414993847918,0.8707043384696529,0.8572731604547447,0.8579004970090063,0.8489554494088953
4,1,1.9393917180771052,0.30193501277838625,5478,2.224639230304294,0.2782846715328467,1096,2.2245166392265996,0.2734,0.9599080950196179,0.08235682611845338,,,0.8409568335236679,,0.840991236322226,0.15900876367777395,0.9828075182472534,0.14557815454163556,10,0.025,0.15,0.9482035959366192,1.0,0.953823336111988,0.9515427954431929,0.934738594598833,0.9370180922977956,0.9239295549181112,0.9244118182452566,0.9138189401205604,0.8961956839718849,0.9008609164100988,0.8987319475193476
4,2,1.9857470352398723,0.2762655601659751,4820,2.2261204421520233,0.25311203319502074,964,2.2244595455217966,0.2736,0.9740967209973084,0.08385154374199925,,,0.9264557901466812,,0.9264907329471374,0.07350926705286265,0.9832497497707403,0.14561166181512172,10,0.025,0.15,0.9337730613520423,0.953823336111988,1.0,0.9617081229287859,0.9525143092900793,0.9523694040191953,0.9457482227881431,0.9457014141337876,0.9374914495814036,0.9207814525261356,0.921799151613268,0.9201079117213069
4,3,1.9879733559063504,0.2828869723104857,4406,2.2208731174468994,0.2849035187287174,881,2.2244485812851145,0.2736,0.9804558452462822,0.0846127962807012,,,0.9699999999427992,,0.9700285520951957,0.029971447904804327,0.9834256021105366,0.14561619048870117,10,0.025,0.15,0.9262251128168333,0.9515427954431929,0.9617081229287859,1.0,0.9546213908091729,0.9609899338847744,0.9571947363063712,0.9556099347014387,0.9485328655036322,0.93231024119495,0.9374813202166679,0.932550960558499
4,4,1.9960264924800757,0.27312743190661476,4112,2.225437573024205,0.2773722627737226,822,2.2244511948356145,0.2735,0.9784125836931911,0.0845012148033242,,,0.9636174566825171,,0.9636579690052978,0.036342030994702235,0.9834157237777726,0.1456159590195301,10,0.025,0.15,0.9045698669640813,0.934738594598833,0.9525143092900793,0.9546213908091729,1.0,0.9539120759643952,0.9564453524444815,0.9568315692084051,0.9529546851091989,0.9407473533822984,0.9424041758143118,0.9440731387735886
4,5,1.9953820320867723,0.2866032399074312,3889,2.2306772640773227,0.2699228791773779,778,2.2244547167910804,0.2735,0.9808469833932321,0.08435212765867037,,,0.9550895614379501,,0.9551418527504085,0.044858147249591473,0.9834102862392596,0.14561551858194216,10,0.025,0.15,0.9037842749624988,0.9370180922977956,0.9523694040191953,0.9609899338847744,0.9539120759643952,1.0,0.962051087490832,0.95829267703585,0.9591096311588856,0.9405774325475748,0.9466270504827086,0.9474627318957927
4,6,2.0196908482189837,0.2706817569388305,3711,2.2240525086720786,0.28706199460916443,742,2.2244590837744216,0.2735,0.981990189769058,0.08438546051497889,,,0.956996225540085,,0.9570315723457279,0.04296842765427211,0.9834098120171477,0.1456156339467298,10,0.025,0.15,0.8932132786015965,0.9239295549181112,0.9457482227881431,0.9571947363063712,0.9564453524444815,0.962051087490832,1.0,0.9628571422442225,0.9675157621262443,0.9514726032143833,0.9556765322468419,0.9587769852914121
4,7,2.0157018899917603,0.2687149270482604,3564,2.2218940258026123,0.2594670406732118,713,2.224467700040793,0.273,0.9807325154146777,0.08408379760984579,,,0.9397408836384074,,0.9397847865194501,0.06021521348054992,0.983304114035794,0.1456139819305484,10,0.025,0.15,0.8863414993847918,0.9244118182452566,0.9457014141337876,0.9556099347014387,0.9568315692084051,0.95829267703585,0.9628571422442225,1.0,0.9624907749467089,0.9507396013545276,0.9586255253536239,0.9582146791954211
4,8,2.015389866740615,0.2680616099970939,3441,2.224175810813904,0.2921511627906977,688,2.224506655825844,0.2734,0.9775861715143115,0.08364524847860762,,,0.9146555480819543,,0.9146903005396841,0.08530969946031586,0.9831913100499585,0.1456094386556183,10,0.025,0.15,0.8707043384696529,0.9138189401205604,0.9374914495814036,0.9485328655036322,0.9529546851091989,0.9591096311588856,0.9675157621262443,0.9624907749467089,1.0,0.9565732327580352,0.9541352514714516,0.9595216482415956
4,9,2.0240554028087194,0.2663167366526695,3334,2.2184417645136514,0.26686656671664166,667,2.224476470222956,0.2729,0.9655207329625798,0.08332191233924367,,,0.8961604811083347,,0.8961974550675843,0.1038025449324157,0.9831417738381212,0.14560483151890288,10,0.025,0.15,0.8572731604547447,0.8961956839718849,0.9207814525261356,0.93231024119495,0.9407473533822984,0.9405774325475748,0.9514726032143833,0.9507396013545276,0.9565732327580352,1.0,0.9457346125294865,0.9499160621711885
4,10,2.0335348152197326,0.2759950632520827,3241,2.235126495361328,0.2515432098765432,648,2.224513222899618,0.2735,0.9687302021228,0.08308202570738275,,,0.882438787854152,,0.8824825469129078,0.11751745308709216,0.9830267466577385,0.14560006654695096,10,0.025,0.15,0.8579004970090063,0.9008609164100988,0.921799151613268,0.9374813202166679,0.9424041758143118,0.9466270504827086,0.9556765322468419,0.9586255253536239,0.9541352514714516,0.9457346125294865,1.0,0.9586734288499913
4,11,2.051753485202789,0.26296296296296295,3159,2.2200642585754395,0.30063291139240506,632,2.2245459616938725,0.2733,0.968504617352597,0.08278858352395778,,,0.8656536773310711,,0.8656813718208974,0.13431862817910256,0.9829095924840924,0.14559149958774484,10,0.025,0.15,0.8489554494088953,0.8987319475193476,0.9201079117213069,0.932550960558499,0.9440731387735886,0.9474627318957927,0.9587769852914121,0.9582146791954211,0.9595216482415956,0.9499160621711885,0.9586734288499913,1.0
5,0,1.8540515769411017,0.33161431701972244,6845,2.194224704395641,0.2841490138787436,1369,2.1935991275159616,0.2934,0.93020459329937,0.07943024132988365,,,0.65,,0.6500140284860788,0.3499859715139212,0.9878864584838715,0.144816016673097,10,0.025,0.15,1.0,0.9423306224553297,0.9300741718066652,0.9260560265385217,0.9007662464914162,0.9022216855691749,0.8929512784573437,0.8832541101303728,0.8696342869167224,0.8509625879056179,0.8590945915322,0.8521111547560821
5,1,1.8940224647521973,0.3195509309967141,5478,2.192481438318888,0.2956204379562044,1096,2.192793936669072,0.2952,0.9572212789248224,0.08238477582816532,,,0.8386704255980585,,0.8387054182964466,0.16129458170355337,0.9890948940531081,0.14516036998003665,10,0.025,0.15,0.9423306224553297,1.0,0.9471499125156068,0.945412007070268,0.9280897489214115,0.9310187790060167,0.9170799796969041,0.9172811047686353,0.9088917587300085,0.8874950184873528,0.8971172549432231,0.8976047951717
5,2,1.9389835752938922,0.29311203319502077,4820,2.1959995329380035,0.2925311203319502,964,2.192710622956481,0.296,0.9727140912754554,0.08381858551283669,,,0.930230528751667,,0.9302701721377762,0.06972982786222381,0.9893132520669535,0.1451873890997873,10,0.025,0.15,0.9300741718066652,0.9471499125156068,1.0,0.9560624812647086,0.9469505077887773,0.9476562566805118,0.9407484166674114,0.9399727792223729,0.9316478294497291,0.9138365831989358,0.9200167381776702,0.9227419833315893
5,3,1.938111536502838,0.3031774852473899,4406,2.1877786091395786,0.28944381384790013,881,2.19269748277302,0.2959,0.9773151406531511,0.08444136607963984,,,0.9699999999361419,,0.9700285520951957,0.029971447904804327,0.9892494566912812,0.1451896718623228,10,0.025,0.15,0.9260560265385217,0.945412007070268,0.9560624812647086,1.0,0.9493769768778135,0.9546728629624289,0.9490999587754363,0.9468469365765738,0.9415678322530985,0.9211575062584642,0.9309503107999461,0.928212480425556
5,4,1.9478406595461297,0.28998054474708174,4112,2.1943739482334683,0.30413625304136255,822,2.1927010017105295,0.296,0.976113532066562,0.0843328594050833,,,0.9630709894674135,,0.9630968295621462,0.03690317043785385,0.9892534542320054,0.14518956280516876,10,0.025,0.15,0.9007662464914162,0.9280897489214115,0.9469505077887773,0.9493769768778135,1.0,0.9486517406686106,0.9491557661603268,0.9511973324210693,0.9446119852322579,0.935913360237355,0.9391879913250569,0.940297011505452
5,5,1.944577024059911,0.30498842890203137,3889,2.2014012336730957,0.30719794344473006,778,2.1927048435694054,0.2958,0.9779624319271044,0.0843007236093043,,,0.9610188644135065,,0.9610668251060388,0.0389331748939612,0.9892509564896619,0.14518952993093148,10,0.025,0.15,0.9022216855691749,0.9310187790060167,0.9476562566805118,0.9546728629624289,0.9486517406686106,1.0,0.9536673785857679,0.9512658871035702,0.9509220137379998,0.9327357048720453,0.9395425476123005,0.9433745246433968
5,6,1.9701548189952456,0.28870924279170035,3711,2.1918076276779175,0.31536388140161725,742,2.192709916754614,0.2957,0.9776577130898165,0.08431145797664395,,,0.9617043387769559,,0.96173524120744,0.03826475879255997,0.9892539978884664,0.14518954688222793,10,0.025,0.15,0.8929512784573437,0.9170799796969041,0.9407484166674114,0.9490999587754363,0.9491557661603268,0.9536673785857679,1.0,0.9530263311283776,0.9568127020655162,0.9422259238872074,0.9460913548506334,0.9508223383568497
5,7,1.9597166001796722,0.2924803591470258,3564,2.189579804738363,0.28330995792426367,713,2.192724315426018,0.2958,0.976416947496184,0.08408369582015512,,,0.9471599213653905,,0.94720338003994,0.05279661996006002,0.9892611456034999,0.14518912436291975,10,0.025,0.15,0.8832541101303728,0.9172811047686353,0.9399727792223729,0.9468469365765738,0.9511973324210693,0.9512658871035702,0.9530263311283776,1.0,0.9538270647167431,0.9400039294737184,0.9488432376511993,0.9514849579059564
5,8,1.964364880985684,0.2858180761406568,3441,2.1919042666753135,0.3125,688,2.1927702245833,0.295,0.9730859508990923,0.08370269316279647,,,0.9228298844138314,,0.9228763347691902,0.07712366523080982,0.9893114837235598,0.1451867922339205,10,0.025,0.15,0.8696342869167224,0.9088917587300085,0.9316478294497291,0.9415678322530985,0.9446119852322579,0.9509220137379998,0.9568127020655162,0.9538270647167431,1.0,0.9444958869280808,0.9447579282045556,0.9507487079911461
5,9,1.9750331494543287,0.2850329934013197,3334,2.1853837172190347,0.29235382308845576,667,2.192732572555542,0.2956,0.9606269981178245,0.08309502108858323,,,0.8840252101301006,,0.8840669406347478,0.11593305936525222,0.9892778683210615,0.14517963751305138,10,0.025,0.15,0.8509625879056179,0.8874950184873528,0.9138365831989358,0.9211575062584642,0.935913360237355,0.9327357048720453,0.9422259238872074,0.9400039294737184,0.9444958869280808,1.0,0.9402711262495907,0.9441253717956469
5,10,1.9829390525817872,0.3004011107682814,3241,2.2058298587799072,0.26851851851851855,648,2.192780829683135,0.2947,0.9658852196355395,0.08311789985831768,,,0.8854862007617783,,0.8855275535970689,0.11447244640293108,0.9892759957189425,0.14518010397713918,10,0.025,0.15,0.8590945915322,0.8971172549432231,0.9200167381776702,0.9309503107999461,0.9391879913250569,0.9395425476123005,0.9460913548506334,0.9488432376511993,0.9447579282045556,0.9402711262495907,1.0,0.9487135928544975
5,11,1.9983234848976135,0.2830326052548275,3159,2.187033271789551,0.3069620253164557,632,2.1928349144851107,0.295,0.9672599932217505,0.08298068032859036,,,0.8767236471043157,,0.8767803799244113,0.12321962007558873,0.989237196687847,0.14517761457445721,10,0.025,0.15,0.8521111547560821,0.8976047951717,0.9227419833315893,0.928212480425556,0.940297011505452,0.9433745246433968,0.9508223383568497,0.9514849579059564,0.9507487079911461,0.9441253717956469,0.9487135928544975,1.0
6,0,1.8171023020037897,0.34378378378378377,6845,2.1586241722106934,0.2987582176771366,1369,2.1579050293451623,0.3074,0.9336307755950389,0.07985618386366898,,,0.65,,0.6500140284860788,0.3499859715139212,0.989598629577771,0.1445024886077585,10,0.025,0.15,1.0,0.936729867319879,0.9270141604656403,0.9224411289408884,0.9012695789869499,0.9019796221718641,0.8951974412909554,0.8840133063990581,0.8722168280028747,0.8656364111698687,0.8659468230150626,0.8549766945193791
6,1,1.849759979580724,0.3353778751369113,5478,2.15576876534356,0.31204379562043794,1096,2.1567445797256277,0.3093,0.9566243207220044,0.0824429621723202,,,0.834899090238208,,0.834942483207077,0.16505751679292302,0.9909766091543314,0.14487133210934805,10,0.025,0.15,0.936729867319879,1.0,0.9421657418690657,0.9397978293738324,0.9215909024641508,0.925955823829001,0.9152754191209761,0.9155637214071065,0.9054045416491191,0.893993274091065,0.8994361434300754,0.8946395575203251
6,2,1.8955028973127666,0.3070954356846473,4820,2.162119060754776,0.31016597510373445,964,2.1566148407851595,0.3106,0.9718592133680376,0.08383155958942046,,,0.9341539812624169,,0.934189896189203,0.065810103810797,0.991159854531703,0.14490120825694724,10,0.025,0.15,0.9270141604656403,0.9421657418690657,1.0,0.9514042703319254,0.9421126419666662,0.9420549293977347,0.939703028572946,0.9373504177919078,0.927005756440803,0.915512864432591,0.9203910534222114,0.9200515349169726
6,3,1.8941389911515372,0.3209260099863822,4406,2.1503472668784007,0.3132803632236095,881,2.1565934102746507,0.3108,0.9753671001809625,0.0843330531523013,,,0.9699999999285214,,0.9700285520951957,0.029971447904804327,0.991232547931888,0.14490282417381498,10,0.025,0.15,0.9224411289408884,0.9397978293738324,0.9514042703319254,1.0,0.9444860609847308,0.9483433651189117,0.9447348122753211,0.9425781124621645,0.9366416666233776,0.9233604523194143,0.9284786444528812,0.9223628113196527
6,4,1.9082692565339985,0.30457198443579764,4112,2.158620391573225,0.3223844282238443,822,2.1565967632245413,0.3107,0.9732324797978864,0.08419587632549333,,,0.9601948030959473,,0.960233367991946,0.03976663200805397,0.9912313551682952,0.14490266372776056,10,0.025,0.15,0.9012695789869499,0.9215909024641508,0.9421126419666662,0.9444860609847308,1.0,0.9427050982897557,0.9448515342717246,0.9418036786986002,0.9390318744249813,0.9350184786274844,0.9326818549162036,0.9334113816189147
6,5,1.9040822171395826,0.32087940344561583,3889,2.1675821031842912,0.3097686375321337,778,2.1566033061546617,0.3102,0.9741627005475537,0.08420632549238885,,,0.9609416941017469,,0.9609925566503276,0.03900744334967243,0.9912329292294011,0.14490268223228361,10,0.025,0.15,0.9019796221718641,0.925955823829001,0.9420549293977347,0.9483433651189117,0.9427050982897557,1.0,0.9465620442220783,0.9417725773696746,0.9425004723514959,0.9312431432192795,0.9319479666632958,0.9346930228341188
6,6,1.928705780259494,0.30417677175963354,3711,2.1551148494084678,0.3584905660377358,742,2.1566089255900325,0.3102,0.9750281704944227,0.08424128531161991,,,0.9634405703096912,,0.9634846759419716,0.036515324058028376,0.9912323333222078,0.14490273468503698,10,0.025,0.15,0.8951974412909554,0.9152754191209761,0.939703028572946,0.9447348122753211,0.9448515342717246,0.9465620442220783,1.0,0.9443934499002874,0.9485479189936934,0.9380700821341011,0.9392855207635331,0.9427816857983691
6,7,1.9168374478816985,0.3058080808080808,3564,2.1531302531560264,0.28330995792426367,713,2.1566292817079566,0.3104,0.9727548573215715,0.08402550298224343,,,0.9480167683326304,,0.9480615933059365,0.051938406694063466,0.9912178462787467,0.14490218015515544,10,0.025,0.15,0.8840133063990581,0.9155637214071065,0.9373504177919078,0.9425781124621645,0.9418036786986002,0.9417725773696746,0.9443934499002874,1.0,0.9447834373364008,0.9363114211557374,0.9423681919962127,0.9418936676970678
6,8,1.9182766318321227,0.3027317640220866,3441,2.1553568045298257,0.3226744186046512,688,2.1566900603378873,0.3103,0.9692783908902154,0.08367520888875536,,,0.9229782642655645,,0.923016619629978,0.07698338037002195,0.9911627424595061,0.14490014635825837,10,0.025,0.15,0.8722168280028747,0.9054045416491191,0.927005756440803,0.9366416666233776,0.9390318744249813,0.9425004723514959,0.9485479189936934,0.9447834373364008,1.0,0.9409097264481503,0.9338154867485638,0.9413625565595348
6,9,1.9307597058790702,0.30281943611277745,3334,2.1477586030960083,0.3028485757121439,667,2.156651898275448,0.3101,0.961868968371835,0.08305555686241735,,,0.8786864532700174,,0.8787361159248073,0.12126388407519273,0.9910778878624306,0.1448920643695533,10,0.025,0.15,0.8656364111698687,0.893993274091065,0.915512864432591,0.9233604523194143,0.9350184786274844,0.9312431432192795,0.9380700821341011,0.9363114211557374,0.9409097264481503,1.0,0.9329281609102729,0.9339251100669786
