round,client_id,client_i_training_loss,client_i_training_accuracy,client_i_training_dataset_size,client_i_evaluation_loss,client_i_evaluation_accuracy,client_i_evaluation_dataset_size,client_i_central_evaluation_loss,client_i_central_evaluation_accuracy,client_i_cosine_similarity,client_i_importance_coefficient,client_i_tanh_val,tanh_normalization_value,client_i_q,client_i_mask_order,client_i_v_nonzero_fraction,client_i_v_sparsity,client_i_v_cosine_similarity,client_i_reward_gradient_norm,local_epochs,learning_rate,gamma,client_0_cosine_similarity,client_1_cosine_similarity,client_2_cosine_similarity,client_3_cosine_similarity,client_4_cosine_similarity,client_5_cosine_similarity,client_6_cosine_similarity,client_7_cosine_similarity,client_8_cosine_similarity,client_9_cosine_similarity,client_10_cosine_similarity,client_11_cosine_similarity
0,0,2.1649789843294354,0.19760409057706355,6845,2.295569723302668,0.12783053323593865,1369,2.296830663198157,0.1185,0.9025209879083798,0.0788253309085546,,,0.7,,0.7000132032810154,0.29998679671898465,0,0.1426459644580396,10,0.025,0.15,1.0,0.9489853568592836,0.9131537695425328,0.865288923227419,0.8495516100334083,0.8277058983090085,0.8106358303084091,0.7842670640631363,0.7897932301048153,0.7817395782153302,0.7615667318731923,0.757012439526347
0,1,2.1997287115385364,0.18048557867834977,5478,2.295467800564236,0.12682481751824817,1096,2.2968277659597276,0.1184,0.949262496079395,0.08290769009809981,,,0.8933110744162888,,0.8933504975986533,0.10664950240134674,0,0.14277867347918957,10,0.025,0.15,0.9489853568592836,1.0,0.9492054053321887,0.9172986781962991,0.9122368713084473,0.8973348574007564,0.8730365925796042,0.8626678358566279,0.849613243031806,0.8452189002694797,0.829825373438206,0.8245322403296761
0,2,2.233825811586882,0.1662655601659751,4820,2.2969717383384705,0.12344398340248963,964,2.296819264375711,0.1186,0.9748168301784994,0.0851395815094873,,,0.9989973471530758,,0.9990180059744846,0.0009819940255153536,0,0.14278918591399983,10,0.025,0.15,0.9131537695425328,0.9492054053321887,1.0,0.9488170024923801,0.9493644694906127,0.9363731568653848,0.9187969423646382,0.9111850833553111,0.904125690035879,0.8996933420925443,0.8854589221090499,0.874988169028458
0,3,2.2457133259092057,0.16257376305038584,4406,2.298962354660034,0.10442678774120318,881,2.296819264375711,0.1186,0.967150158604973,0.08446998165325462,,,0.9672899295478763,,0.9673301315376871,0.0326698684623129,0,0.14278911195532873,10,0.025,0.15,0.865288923227419,0.9172986781962991,0.9488170024923801,1.0,0.942198574252348,0.9409270492313562,0.9404593309617613,0.9310176347844602,0.9031582709736622,0.9115781499196748,0.8757642914169654,0.8795822518376715
0,4,2.2573072841673185,0.16502918287937743,4112,2.298896925789969,0.11192214111922141,822,2.2968192764475375,0.1186,0.9736060506083234,0.0850338331650664,,,0.9939898686024127,,0.9940255153405622,0.00597448465943784,0,0.14278918575376795,10,0.025,0.15,0.8495516100334083,0.9122368713084473,0.9493644694906127,0.942198574252348,1.0,0.9496098329736747,0.9342962190893551,0.9345552961846811,0.9407619182140132,0.9273162506793702,0.9115064761516108,0.9225935994535882
0,5,2.268643073881826,0.16186680380560556,3889,2.298074313572475,0.10796915167095116,778,2.2968192673936674,0.1186,0.9750592658701192,0.08516075561388155,,,0.9999999999526472,,1.0,0.0,0,0.14278918591827194,10,0.025,0.15,0.8277058983090085,0.8973348574007564,0.9363731568653848,0.9409270492313562,0.9496098329736747,1.0,0.9536621018099163,0.959166323460329,0.9463542166237867,0.949995553628068,0.9397230928430511,0.9333267277901491
0,6,2.269290642902769,0.15179196981945567,3711,2.2986909548441568,0.11185983827493262,742,2.296819234196144,0.1186,0.9650828689532785,0.08428942652704498,,,0.9587401415898886,,0.9587892591308941,0.04121074086910592,0,0.142789021749442,10,0.025,0.15,0.8106358303084091,0.8730365925796042,0.9187969423646382,0.9404593309617613,0.9342962190893551,0.9536621018099163,1.0,0.9558583810600847,0.9511574549945622,0.9547346374829432,0.9123850599974166,0.9336970407998534
0,7,2.27545679807663,0.15760381593714928,3564,2.2951314051946006,0.1276297335203366,713,2.2968193428425847,0.1184,0.9582134480702297,0.08368945779334122,,,0.9303299515151211,,0.9303691967453912,0.0696308032546088,0,0.14278454043174957,10,0.025,0.15,0.7842670640631363,0.8626678358566279,0.9111850833553111,0.9310176347844602,0.9345552961846811,0.959166323460329,0.9558583810600847,1.0,0.9418142920780044,0.9365014072763294,0.9307270434099615,0.9356389437294297
0,8,2.2755200624465943,0.14859052600988085,3441,2.297945181528727,0.11337209302325581,688,2.2968193941478487,0.1184,0.9571480046089127,0.08359640296743928,,,0.9259235464097613,,0.9259626017065241,0.07403739829347589,0,0.1427843386714733,10,0.025,0.15,0.7897932301048153,0.849613243031806,0.904125690035879,0.9031582709736622,0.9407619182140132,0.9463542166237867,0.9511574549945622,0.9418142920780044,1.0,0.956428374024043,0.9441643184546272,0.9605423101108584
0,9,2.276871411888688,0.14373125374925014,3334,2.297982692718506,0.11394302848575712,667,2.2968190953701355,0.1184,0.952680351834143,0.08320620239252312,,,0.9074464627253879,,0.9074945123863281,0.09250548761367194,0,0.1427830466642543,10,0.025,0.15,0.7817395782153302,0.8452189002694797,0.8996933420925443,0.9115781499196748,0.9273162506793702,0.949995553628068,0.9547346374829432,0.9365014072763294,0.956428374024043,1.0,0.9233226430347149,0.9509883016561272
0,10,2.2835059862870435,0.13011416229558778,3241,2.297532002131144,0.11882716049382716,648,2.2968279198755193,0.1184,0.9352926916207989,0.0816875805672083,,,0.8355354908943333,,0.8355778911059398,0.16442210889406017,0,0.14276271070517327,10,0.025,0.15,0.7615667318731923,0.829825373438206,0.8854589221090499,0.8757642914169654,0.9115064761516108,0.9397230928430511,0.9123850599974166,0.9307270434099615,0.9441643184546272,0.9233226430347149,1.0,0.9361908298570452
0,11,2.2785693531036375,0.13371320037986706,3159,2.294389820098877,0.12341772151898735,632,2.2968279621269128,0.1184,0.9387982966922579,0.08199375680409877,,,0.8500337882184907,,0.8500932481721708,0.1499067518278292,0,0.14276628653293494,10,0.025,0.15,0.757012439526347,0.8245322403296761,0.874988169028458,0.8795822518376715,0.9225935994535882,0.9333267277901491,0.9336970407998534,0.9356389437294297,0.9605423101108584,0.9509883016561272,0.9361908298570452,1.0
1,0,2.059816273274245,0.25327976625273924,6845,2.2817764282226562,0.197954711468225,1369,2.2838621622399438,0.1829,0.9258892708300541,0.07909460974461692,,,0.7,,0.7000132032810154,0.29998679671898465,0.9315766459343109,0.14531598170781312,10,0.025,0.15,1.0,0.9505607601519572,0.9388351741098253,0.9170033832524296,0.9023895648550346,0.893396296137973,0.883463105854698,0.8744317028514544,0.866374443885097,0.8598553122401424,0.8493673990951971,0.8491542739249353
1,1,2.085386226898016,0.24266155531215772,5478,2.281293127271864,0.19343065693430658,1096,2.2838140892077097,0.1832,0.9564999199287063,0.0826249781292598,,,0.8823641342763242,,0.8824082784571966,0.1175917215428034,0.9336057350681607,0.14553508290448663,10,0.025,0.15,0.9505607601519572,1.0,0.9541025589338762,0.939692574746285,0.9334530166295335,0.9347233527294718,0.9202809352177231,0.9187464468021102,0.9059295679517836,0.899521984159385,0.8936205121406364,0.8868498938520727
1,2,2.1259073608799985,0.22946058091286306,4820,2.2850585281848907,0.1607883817427386,964,2.2838170618950566,0.1833,0.9739886183648563,0.08457967376841712,,,0.983335573845991,,0.983388622072585,0.01661137792741496,0.93328117753683,0.14555754168911,10,0.025,0.15,0.9388351741098253,0.9541025589338762,1.0,0.9562677490748154,0.9520124701739099,0.9563749894122604,0.9403186942856577,0.9410373463525603,0.9316268469049303,0.9295308970187377,0.9254699647875079,0.9133044811340689
1,3,2.140060168675014,0.22541988197911939,4406,2.2863872732434953,0.1543700340522134,881,2.283816938158832,0.1833,0.9742118361648054,0.08417175590570601,,,0.962264235168488,,0.9622963806505916,0.03770361934940836,0.9332796010247308,0.14555741096332891,10,0.025,0.15,0.9170033832524296,0.939692574746285,0.9562677490748154,1.0,0.9499299044218215,0.9525195976503784,0.9479628031805635,0.9488494832601323,0.9384139687374743,0.936785537421425,0.9266660845132557,0.9267210399857322
1,4,2.158274704759771,0.21913910505836576,4112,2.2873924800327847,0.1654501216545012,822,2.2838170528411865,0.1833,0.9748668387725148,0.08454276299810061,,,0.98142891710628,,0.9814658942747273,0.018534105725272698,0.9332813745008005,0.1455575354003096,10,0.025,0.15,0.9023895648550346,0.9334530166295335,0.9520124701739099,0.9499299044218215,1.0,0.9537835497973393,0.9445473110673155,0.9474956982455873,0.945947007531229,0.9405637038516836,0.9360798341407037,0.9415925482679233
1,5,2.17385059402835,0.21396245821547955,3889,2.28378473009382,0.18380462724935734,778,2.283817137343974,0.1833,0.9834713801332357,0.084902278667091,,,0.9999999999483442,,1.0,0.0,0.9332799962719825,0.14555755796506234,10,0.025,0.15,0.893396296137973,0.9347233527294718,0.9563749894122604,0.9525195976503784,0.9537835497973393,1.0,0.96391337779344,0.9682270768649267,0.9577635055271819,0.9580820479074872,0.9593014020570471,0.949489805098887
1,6,2.178297445691865,0.21226084613311777,3711,2.2855687141418457,0.192722371967655,742,2.283816947212702,0.1832,0.9807247509055154,0.08427235072488652,,,0.9674605447639222,,0.9675034246010134,0.03249657539898665,0.9332790825565419,0.14555745930507052,10,0.025,0.15,0.883463105854698,0.9202809352177231,0.9403186942856577,0.9479628031805635,0.9445473110673155,0.96391337779344,1.0,0.9697589338531283,0.9645782971489754,0.96642158184968,0.9562109177636755,0.9585700804532648
1,7,2.181714054516384,0.21576879910213242,3564,2.283942778905233,0.1935483870967742,713,2.283817617199089,0.1832,0.9809353792601361,0.08390719857624812,,,0.9485983048471895,,0.9486392368503573,0.05136076314964266,0.933199009514686,0.1455571879736013,10,0.025,0.15,0.8744317028514544,0.9187464468021102,0.9410373463525603,0.9488494832601323,0.9474956982455873,0.9682270768649267,0.9697589338531283,1.0,0.9665743804106862,0.9625940828741738,0.9610226597245477,0.9593756382223245
1,8,2.1907732588273507,0.2060738157512351,3441,2.28421942392985,0.18313953488372092,688,2.283817719809617,0.1832,0.9770947497475796,0.08372415638725973,,,0.9391431073453891,,0.9391823868231255,0.06081761317687451,0.9332009278868476,0.14555693266743905,10,0.025,0.15,0.866374443885097,0.9059295679517836,0.9316268469049303,0.9384139687374743,0.945947007531229,0.9577635055271819,0.9645782971489754,0.9665743804106862,1.0,0.9630748890985461,0.9646451350982357,0.9688908268217861
1,9,2.1912621162555834,0.20011997600479903,3334,2.2847004731496177,0.18140929535232383,667,2.2838189782975595,0.1832,0.9746375197074605,0.08340200932610806,,,0.9225023312235141,,0.9225462527438069,0.07745374725619314,0.9330961389026968,0.145548410595937,10,0.025,0.15,0.8598553122401424,0.899521984159385,0.9295308970187377,0.936785537421425,0.9405637038516836,0.9580820479074872,0.96642158184968,0.9625940828741738,0.9630748890985461,1.0,0.9641247391216189,0.9645240284032481
1,10,2.2023984092932483,0.19555692687442147,3241,2.28225306669871,0.19290123456790123,648,2.2838156766529325,0.1831,0.970326319706061,0.08231965012483854,,,0.8665921606095496,,0.8666138535426053,0.13338614645739466,0.9334037430669683,0.14552262255446574,10,0.025,0.15,0.8493673990951971,0.8936205121406364,0.9254699647875079,0.9266660845132557,0.9360798341407037,0.9593014020570471,0.9562109177636755,0.9610226597245477,0.9646451350982357,0.9641247391216189,1.0,0.9587409633047794
1,11,2.1940441036224367,0.19860715416270971,3159,2.28161678314209,0.20094936708860758,632,2.2838161866876145,0.183,0.968765845440937,0.08245857564746789,,,0.8737684747793104,,0.8737931375946922,0.12620686240530776,0.9334439015280451,0.14552443641072288,10,0.025,0.15,0.8491542739249353,0.8868498938520727,0.9133044811340689,0.9267210399857322,0.9415925482679233,0.949489805098887,0.9585700804532648,0.9593756382223245,0.9688908268217861,0.9645240284032481,0.9587409633047794,1.0
2,0,1.999444289781429,0.2805551497443389,6845,2.261614127592607,0.24470416362308253,1369,2.2651907522467116,0.2405,0.9273601098525657,0.07930997153954022,,,0.7,,0.7000132032810154,0.29998679671898465,0.970895708003493,0.14527779279948583,10,0.025,0.15,1.0,0.9405738551067806,0.9307787615509396,0.914663961922578,0.9014154428533409,0.8917369536530405,0.8867909821349111,0.8759691848020544,0.8781757131290991,0.8644875665858683,0.8550454746194615,0.8630795341045627
2,1,2.018016251852346,0.2737860533041256,5478,2.2610898282792835,0.2718978102189781,1096,2.2651010766814026,0.2446,0.9591685758024703,0.08253717093134542,,,0.8809861515066716,,0.8810384380518559,0.11896156194814411,0.9726114142895268,0.1455291390559829,10,0.025,0.15,0.9405738551067806,1.0,0.9468186530756475,0.9383865624341253,0.9342766884077988,0.9344005114465765,0.9259776161422706,0.921418792963273,0.9169971874202287,0.9057417999341714,0.9026388829264391,0.9016033569694423
2,2,2.0552096878227433,0.26778008298755185,4820,2.268062561750412,0.23651452282157676,964,2.2651114644883554,0.2446,0.9754161604778674,0.08427948820630815,,,0.978697900926253,,0.978742717565315,0.021257282434685054,0.9730046802411694,0.1455508281912098,10,0.025,0.15,0.9307787615509396,0.9468186530756475,1.0,0.9503491267090282,0.9493314880599077,0.9536760826921697,0.9435669029824639,0.9453060235398171,0.9423723681971515,0.9338870118515888,0.929766671418383,0.9298429574163671
2,3,2.066174933229174,0.264911484339537,4406,2.2688421521868025,0.24177071509648126,881,2.2651113316982605,0.2446,0.9737469945201477,0.08397207250497395,,,0.9614575702424771,,0.9614876796884025,0.03851232031159746,0.973001691377674,0.14555046702937155,10,0.025,0.15,0.914663961922578,0.9383865624341253,0.9503491267090282,1.0,0.9421083705656979,0.9488531157901727,0.9467970027308639,0.9453658677330873,0.9462085635405871,0.9356158746534086,0.9290557956962617,0.9384284959589057
2,4,2.0855359554290773,0.2576848249027237,4112,2.2704001494816373,0.20802919708029197,822,2.265111527865446,0.2446,0.9731736634680392,0.08418341508923013,,,0.9733099773392093,,0.9733376243996633,0.026662375600336685,0.9730067107799986,0.14555074874320514,10,0.025,0.15,0.9014154428533409,0.9342766884077988,0.9493314880599077,0.9421083705656979,1.0,0.9476352021610339,0.9413892140949751,0.9446986467420274,0.9477248444485441,0.9375838634289649,0.9348421131013979,0.9474443722881245
2,5,2.0959749517902253,0.2542555926973515,3889,2.2634004524775913,0.2506426735218509,778,2.2651119745230375,0.2446,0.980925502500669,0.0846593300915667,,,0.9999999999439184,,1.0,0.0,0.9730051838323337,0.14555089387348957,10,0.025,0.15,0.8917369536530405,0.9344005114465765,0.9536760826921697,0.9488531157901727,0.9476352021610339,1.0,0.9620866890442847,0.9641670996839306,0.9582612767696953,0.9510304541375123,0.9546469952288013,0.9512216195195615
2,6,2.1033168615966007,0.24793856103476153,3711,2.2665922244389853,0.25202156334231807,742,2.2651113347162175,0.2446,0.9791361424077928,0.08421032800561949,,,0.974819293799636,,0.9748477496657919,0.025152250334208093,0.9730057870658849,0.14555077298905092,10,0.025,0.15,0.8867909821349111,0.9259776161422706,0.9435669029824639,0.9467970027308639,0.9413892140949751,0.9620866890442847,1.0,0.9629417612843386,0.9592205317550666,0.9569899160202141,0.9530761358950978,0.958324240799089
2,7,2.1031693169048853,0.2548260381593715,3564,2.267555316289266,0.2370266479663394,713,2.2651130187360544,0.2448,0.9789809922570694,0.08397884143213426,,,0.9618371817656091,,0.9618755260682279,0.038124473931772096,0.9730024771292144,0.1455504930783259,10,0.025,0.15,0.8759691848020544,0.921418792963273,0.9453060235398171,0.9453658677330873,0.9446986467420274,0.9641670996839306,0.9629417612843386,1.0,0.9616197564285899,0.9573073169464429,0.9572943927830383,0.9587845709657229
2,8,2.1193007076228105,0.24144144144144145,3441,2.2645363012949624,0.2194767441860465,688,2.265112976484661,0.2448,0.9784504010838916,0.08384802460626212,,,0.9545007792095608,,0.9545477051047185,0.045452294895281464,0.9730064899691002,0.14555022008071536,10,0.025,0.15,0.8781757131290991,0.9169971874202287,0.9423723681971515,0.9462085635405871,0.9477248444485441,0.9582612767696953,0.9592205317550666,0.9616197564285899,1.0,0.9572058984110258,0.956167532015895,0.9650977014253007
2,9,2.115596901045905,0.236622675464907,3334,2.265524705251058,0.2563718140929535,667,2.265118070795566,0.2446,0.9720759128929597,0.08344023193921872,,,0.9316311586933206,,0.9316565166443861,0.06834348335561391,0.9729977460864007,0.14554197383430412,10,0.025,0.15,0.8644875665858683,0.9057417999341714,0.9338870118515888,0.9356158746534086,0.9375838634289649,0.9510304541375123,0.9569899160202141,0.9573073169464429,0.9572058984110258,1.0,0.9573666158416917,0.9574899305554913
2,10,2.1300541112056144,0.23440296204875039,3241,2.2606285413106284,0.25771604938271603,648,2.265104643906219,0.2448,0.9696359357261287,0.0826894534218703,,,0.8895263805275166,,0.8895628063573798,0.11043719364262017,0.972518178371708,0.14553141598088085,10,0.025,0.15,0.8550454746194615,0.9026388829264391,0.929766671418383,0.9290557956962617,0.9348421131013979,0.9546469952288013,0.9530761358950978,0.9572943927830383,0.956167532015895,0.9573666158416917,1.0,0.956580303173953
2,11,2.1187027497291564,0.2408673630895853,3159,2.263176774978638,0.25,632,2.2651151765750934,0.2449,0.9731925905350343,0.08289167223193043,,,0.9008671127698371,,0.9009176280305656,0.09908237196943437,0.9726682942307759,0.14553787444798352,10,0.025,0.15,0.8630795341045627,0.9016033569694423,0.9298429574163671,0.9384284959589057,0.9474443722881245,0.9512216195195615,0.958324240799089,0.9587845709657229,0.9650977014253007,0.9574899305554913,0.956580303173953,1.0
3,0,1.9508180172355087,0.3019284149013879,6845,2.2353747974742544,0.26150474799123447,1369,2.2406318972382366,0.2616,0.9225714982956073,0.07942649367929765,,,0.7,,0.7000132032810154,0.29998679671898465,0.9824575609155474,0.1446651936393804,10,0.025,0.15,1.0,0.9286331284601365,0.9194863531217263,0.9054339522374765,0.8957164989321938,0.882932906567381,0.8764269757716039,0.8672975375841329,0.8676386640224568,0.8553683776846936,0.8417945760863519,0.8572690706827228
3,1,1.9684473040492036,0.2922964585615188,5478,2.2349085013071694,0.28102189781021897,1096,2.240468420559847,0.2618,0.9548273513427139,0.08248566892345421,,,0.8812371077401826,,0.8812777475202588,0.11872225247974122,0.9835288724582525,0.14486502561477418,10,0.025,0.15,0.9286331284601365,1.0,0.9356143699834165,0.9297912835289964,0.9284906002556308,0.9199888476749484,0.9178292738575441,0.9104328079978764,0.9108724117842834,0.8953115093329267,0.8935201191399145,0.8968282076802784
3,2,2.0024724580739672,0.28898340248962656,4820,2.2457654178142548,0.25311203319502074,964,2.2404735299605356,0.2617,0.9673994705924854,0.08397896159291394,,,0.9697054113914549,,0.9697479823736198,0.03025201762638019,0.9836502482586749,0.14487707135863295,10,0.025,0.15,0.9194863531217263,0.9356143699834165,1.0,0.9350718921300514,0.9381210737319681,0.9354528205080358,0.9262002229812438,0.9311089296089249,0.9346129854802703,0.9229193972503406,0.9125921314873862,0.9195101305893029
3,3,2.0089356872013635,0.2858374943259192,4406,2.245844670704433,0.2633371169125993,881,2.2404732945599135,0.2617,0.9693247569918383,0.08385094828818283,,,0.9621214192203474,,0.9621643478404384,0.03783565215956164,0.9836475091044837,0.144877001633743,10,0.025,0.15,0.9054339522374765,0.9297912835289964,0.9350718921300514,1.0,0.9344451724314973,0.9395181048268066,0.938564527469693,0.936867078357215,0.9372103663111395,0.9277241139135247,0.917738421991598,0.9300165497505357
3,4,2.0277588699803206,0.2807149805447471,4112,2.2474657467433383,0.21654501216545013,822,2.2404735903196697,0.2617,0.9709345275142627,0.08403485584802887,,,0.9730167983921414,,0.9730570546780875,0.026942945321912548,0.9836461861229714,0.14487709563040338,10,0.025,0.15,0.8957164989321938,0.9284906002556308,0.9381210737319681,0.9344451724314973,1.0,0.938760929127138,0.9363880256654525,0.9387741843839935,0.9388385744981934,0.9305746128606183,0.9292010465139151,0.9412001033926053
3,5,2.0375905671427326,0.27397788634610437,3889,2.2369600364140103,0.26735218508997427,778,2.2404739585103868,0.2617,0.9758235579304289,0.08449031633961841,,,0.9999999999407563,,1.0,0.0,0.983646581509811,0.14487714189178055,10,0.025,0.15,0.882932906567381,0.9199888476749484,0.9354528205080358,0.9395181048268066,0.938760929127138,1.0,0.951875239333113,0.9524753845274779,0.9507128885539645,0.941397196177603,0.9453748208643216,0.9474312925539511
3,6,2.0439567417934024,0.27089733225545676,3711,2.241427779197693,0.2803234501347709,742,2.2404733911345276,0.2617,0.9739556661098133,0.08415034353173852,,,0.9798587254164689,,0.9798980046541566,0.02010199534584345,0.9836484484183695,0.14487712575191727,10,0.025,0.15,0.8764269757716039,0.9178292738575441,0.9262002229812438,0.938564527469693,0.9363880256654525,0.951875239333113,1.0,0.9494968282941483,0.9505734330903739,0.9397123481058772,0.9463312455015794,0.9509865759567648
3,7,2.0415394795792445,0.276010101010101,3564,2.2457359234491983,0.25245441795231416,713,2.240476252157477,0.2617,0.9739568492295417,0.08400659016195784,,,0.9713422322810331,,0.9713818883992672,0.0286181116007328,0.9836488342164762,0.14487708440763386,10,0.025,0.15,0.8672975375841329,0.9104328079978764,0.9311089296089249,0.936867078357215,0.9387741843839935,0.9524753845274779,0.9494968282941483,1.0,0.9516697934817321,0.9455263328462191,0.9466776517556699,0.9536265572943649
3,8,2.0576062087659484,0.26623074687590814,3441,2.2384299437204995,0.24563953488372092,688,2.2404763668398315,0.2617,0.9751285754950664,0.08396363824502105,,,0.968797598327032,,0.9688402568038158,0.031159743196184198,0.9836452383895319,0.1448770646261928,10,0.025,0.15,0.8676386640224568,0.9108724117842834,0.9346129854802703,0.9372103663111395,0.9388385744981934,0.9507128885539645,0.9505734330903739,0.9516697934817321,1.0,0.948606397892517,0.9490156904701121,0.9578892791674289
3,9,2.0625931258554813,0.26340731853629273,3334,2.240018844604492,0.27586206896551724,667,2.2404853543148766,0.2618,0.9669887007031458,0.08344421314295176,,,0.9380248914131326,,0.9380683599874569,0.06193164001254314,0.9835692578620892,0.1448765169056184,10,0.025,0.15,0.8553683776846936,0.8953115093329267,0.9229193972503406,0.9277241139135247,0.9305746128606183,0.941397196177603,0.9397123481058772,0.9455263328462191,0.948606397892517,1.0,0.9452373163985487,0.9509647569453293
3,10,2.071976065177184,0.260135760567726,3241,2.233316421508789,0.2839506172839506,648,2.240475733068925,0.2618,0.9649459927280977,0.08291107120208747,,,0.9064395471077358,,0.9064877622089089,0.09351223779109108,0.9835818081684298,0.14486828896086448,10,0.025,0.15,0.8417945760863519,0.8935201191399145,0.9125921314873862,0.917738421991598,0.9292010465139151,0.9453748208643216,0.9463312455015794,0.9466776517556699,0.9490156904701121,0.9452373163985487,1.0,0.9520742011621321
3,11,2.0501547775268554,0.27075023741690407,3159,2.2389052391052244,0.2563291139240506,632,2.240484940854809,0.2615,0.9716818578941063,0.08325689904474741,,,0.9269276960293886,,0.9269693518839431,0.07303064811605686,0.9835909384055772,0.14486970538626728,10,0.025,0.15,0.8572690706827228,0.8968282076802784,0.9195101305893029,0.9300165497505357,0.9412001033926053,0.9474312925539511,0.9509865759567648,0.9536265572943649,0.9578892791674289,0.9509647569453293,0.9520742011621321,1.0
4,0,1.9107938737780958,0.3151205259313367,6845,2.2034766890785913,0.27976625273922573,1369,2.2104646646523776,0.2749,0.9232245044537872,0.07969481614322005,,,0.7,,0.7000132032810154,0.29998679671898465,0.985924785825369,0.1437863125257939,10,0.025,0.15,1.0,0.9240692129667978,0.9184828376983161,0.8957428538273692,0.8893677399212402,0.8737945751923017,0.870290212413491,0.8614853355791762,0.8685685235016231,0.8482696678155517,0.8378426513076561,0.8559870252490763
4,1,1.9285309126210768,0.30812340270171595,5478,2.202930529912313,0.3029197080291971,1096,2.210168065904062,0.2739,0.9516170275453999,0.08252952634655562,,,0.8822315666723104,,0.8822762456470433,0.11772375435295668,0.9870399538943624,0.14401827847103166,10,0.025,0.15,0.9240692129667978,1.0,0.9247342481797413,0.9208365690463416,0.921897872770601,0.907489219494963,0.9082583599712284,0.90202645902842,0.9033117336917874,0.8794979009776288,0.8845942782582282,0.8898749657367375
4,2,1.9574173315575247,0.3027800829875519,4820,2.2181536853313446,0.26556016597510373,964,2.2101516391657574,0.2744,0.9615860638687518,0.08378578235818691,,,0.9629909687698156,,0.9630225611064349,0.036977438893565084,0.9871328128568506,0.1440339410303404,10,0.025,0.15,0.9184828376983161,0.9247342481797413,1.0,0.9261239055716954,0.927260593534662,0.9192261472454637,0.9146832838257906,0.9195644568323755,0.9228790629888245,0.9006671978408372,0.8989077947748536,0.9067875501154623
4,3,1.9649272789273944,0.300953245574217,4406,2.2176577704293385,0.2792281498297389,881,2.210151621058017,0.2744,0.963088481085639,0.08375531645122165,,,0.9610324440677704,,0.961083329207308,0.03891667079269201,0.9871325530094168,0.14403388696745884,10,0.025,0.15,0.8957428538273692,0.9208365690463416,0.9261239055716954,1.0,0.9185110272571578,0.9247193544467653,0.9263257925630642,0.9229045211319061,0.9281680180602203,0.9087083940538373,0.9057161671399246,0.9177302696892363
4,4,1.9815845121036877,0.2952821011673152,4112,2.218933275767735,0.22506082725060828,822,2.2101512226877333,0.2744,0.9632315630315015,0.08387449281533321,,,0.9686937900201024,,0.9687329801455662,0.03126701985443381,0.9871306622901322,0.14403410740387365,10,0.025,0.15,0.8893677399212402,0.921897872770601,0.927260593534662,0.9185110272571578,1.0,0.9221178768944325,0.9215120344869548,0.9252860295455786,0.9236846053486324,0.906899838291097,0.9133745137159763,0.9268943155805366
4,5,1.9884559008382983,0.2915916688094626,3889,2.2048546927315846,0.27249357326478146,778,2.2101519620871244,0.2744,0.9694408519797896,0.0843614777779063,,,0.9999999999357142,,1.0,0.0,0.9871320483062018,0.14403427001709568,10,0.025,0.15,0.8737945751923017,0.907489219494963,0.9192261472454637,0.9247193544467653,0.9221178768944325,1.0,0.9395645889190956,0.9407475724527337,0.9404931826806154,0.9254584778656749,0.9356685612702578,0.9374652022690299
4,6,1.9955644887069175,0.28631096739423334,3711,2.2102388540903726,0.28975741239892183,742,2.2101511925081665,0.2744,0.9682341361560424,0.08411029604473004,,,0.9838525853949562,,0.9838919971612946,0.016108002838705393,0.9871301015786074,0.14403425239298334,10,0.025,0.15,0.870290212413491,0.9082583599712284,0.9146832838257906,0.9263257925630642,0.9215120344869548,0.9395645889190956,1.0,0.9355454577083293,0.9392537896640935,0.9224134118926739,0.935263586565813,0.9399056106618477
4,7,1.9937841858182634,0.2900392817059484,3564,2.2185805241266885,0.25806451612903225,713,2.2101554116116295,0.2744,0.967721243717552,0.08400400016276145,,,0.9770192713302035,,0.9770592992358601,0.0229407007641399,0.9871314081691502,0.14403422013731687,10,0.025,0.15,0.8614853355791762,0.90202645902842,0.9195644568323755,0.9229045211319061,0.9252860295455786,0.9407475724527337,0.9355454577083293,1.0,0.9384075375256682,0.9257337620198954,0.930727961430316,0.9442303209811467
4,8,2.0097425368097093,0.278785236849753,3441,2.2063700755437217,0.26453488372093026,688,2.210155686245689,0.2744,0.970466289788138,0.0840672022028919,,,0.9810822640044834,,0.9811193081480748,0.018880691851925202,0.9871307507501749,0.14403424430989872,10,0.025,0.15,0.8685685235016231,0.9033117336917874,0.9228790629888245,0.9281680180602203,0.9236846053486324,0.9404931826806154,0.9392537896640935,0.9384075375256682,1.0,0.9282976752701181,0.9386326587920227,0.946931379345767
4,9,2.0146816933596576,0.2773245350929814,3334,2.2087275187174478,0.280359820089955,667,2.2101786378063735,0.2741,0.955633414650754,0.0832578468763386,,,0.9290522226341736,,0.9290901288970309,0.07090987110296909,0.9870890297337503,0.14402799621681453,10,0.025,0.15,0.8482696678155517,0.8794979009776288,0.9006671978408372,0.9087083940538373,0.906899838291097,0.9254584778656749,0.9224134118926739,0.9257337620198954,0.9282976752701181,1.0,0.9275166341378095,0.934345485549874
4,10,2.02056590456229,0.27469916692378893,3241,2.2007584969202676,0.2962962962962963,648,2.2101734861542908,0.2742,0.9591609069361526,0.08304152674762379,,,0.9151459136534285,,0.9151854235777591,0.08481457642224088,0.9870668146042874,0.14402631558416834,10,0.025,0.15,0.8378426513076561,0.8845942782582282,0.8989077947748536,0.9057161671399246,0.9133745137159763,0.9356685612702578,0.935263586565813,0.930727961430316,0.9386326587920227,0.9275166341378095,1.0,0.9398332297810137
4,11,1.9945263528823853,0.28968027856916745,3159,2.2088038444519045,0.26582278481012656,632,2.2101717297034926,0.274,0.967123727671513,0.08351771607323039,,,0.9457581175872952,,0.9458005314320609,0.05419946856793911,0.987100156389513,0.14403322853803527,10,0.025,0.15,0.8559870252490763,0.8898749657367375,0.9067875501154623,0.9177302696892363,0.9268943155805366,0.9374652022690299,0.9399056106618477,0.9442303209811467,0.946931379345767,0.934345485549874,0.9398332297810137,1.0
5,0,1.8788335257106357,0.32683710737764793,6845,2.1660796945745293,0.2972972972972973,1369,2.175151495993892,0.2889,0.9235478119831343,0.08000457620456156,,,0.7,,0.7000132032810154,0.29998679671898465,0.9870326608221153,0.1431331563433778,10,0.025,0.15,1.0,0.9198235375063328,0.9143932519614995,0.8875078401497157,0.8867775810625813,0.8712306637491718,0.8699101745185236,0.8592454174471424,0.8634460525993302,0.8435157312137729,0.8308127214741747,0.8539690018151214
5,1,1.8920924156211143,0.3199707922599489,5478,2.1655210653940835,0.3147810218978102,1096,2.1745956155318247,0.2886,0.9502345527142102,0.08264802576443155,,,0.8876831920436457,,0.8877225990658679,0.11227740093413208,0.9889147922851358,0.14338652887240794,10,0.025,0.15,0.9198235375063328,1.0,0.9205933934165046,0.9145497279552438,0.9165923635872061,0.9002894809704404,0.9023614787334246,0.8984106453440045,0.8980553767592114,0.8750177530359701,0.8732885473229858,0.8835383071896414
5,2,1.9201650120710072,0.31524896265560165,4820,2.1857050359249115,0.28526970954356845,964,2.174553641790076,0.2886,0.9581361275707382,0.08369070086425724,,,0.9617124430535791,,0.9617517453087092,0.038248254691290784,0.989095082330278,0.1433989124455427,10,0.025,0.15,0.9143932519614995,0.9205933934165046,1.0,0.9159503385986583,0.9182106978378249,0.9097472633772034,0.9067955442415521,0.912528852800286,0.9138115570396048,0.8980664984189235,0.8834171688794673,0.8978152452937707
5,3,1.9251129569326129,0.315546981389015,4406,2.1846023287091936,0.2973893303064699,881,2.1745523742482633,0.2886,0.9591003374736153,0.08370334793050066,,,0.9626103764957701,,0.9626512188278787,0.03734878117212126,0.98909306141409,0.14339895804678984,10,0.025,0.15,0.8875078401497157,0.9145497279552438,0.9159503385986583,1.0,0.9096485378044549,0.9145535600322864,0.9199748497782378,0.9144671759845656,0.9162558441070112,0.9050148946682426,0.8936719093564055,0.9094478360189383
5,4,1.9384139624508945,0.31040856031128405,4112,2.185314314705985,0.24330900243309003,822,2.174551646920699,0.2886,0.9592278291538215,0.08378184589251784,,,0.968183680523947,,0.968221353006222,0.03177864699377797,0.9890991028243803,0.14339919183107963,10,0.025,0.15,0.8867775810625813,0.9165923635872061,0.9182106978378249,0.9096485378044549,1.0,0.9125132658491436,0.9137390478018683,0.9133185113255353,0.9149227389788974,0.9010474415521065,0.8999615940155999,0.9157284759622559
5,5,1.9523250995143768,0.3039598868603754,3889,2.1674020290374756,0.2853470437017995,778,2.1745507143720797,0.2886,0.9636294261478288,0.08422996718996686,,,0.9999999999290006,,1.0,0.0,0.9891012219771033,0.14339958386620358,10,0.025,0.15,0.8712306637491718,0.9002894809704404,0.9097472633772034,0.9145535600322864,0.9125132658491436,1.0,0.9270272724466608,0.9255834294515825,0.9294098012447194,0.9145839796262795,0.9215438514503445,0.9248638938326539
5,6,1.955998971544463,0.2964969011048235,3711,2.1737194856007895,0.2991913746630728,742,2.1745502133912678,0.2886,0.963326949838474,0.08406341291796879,,,0.9881747554107576,,0.9882078196431814,0.011792180356818616,0.9890996618233939,0.14339954893415702,10,0.025,0.15,0.8699101745185236,0.9023614787334246,0.9067955442415521,0.9199748497782378,0.9137390478018683,0.9270272724466608,1.0,0.9209876468815609,0.9294104428204438,0.9145855695398658,0.9153995979115714,0.9278565839277416
5,7,1.9537093873534883,0.30173961840628505,3564,2.1860567331314087,0.26367461430575034,713,2.1745564937591553,0.2886,0.9617480273968552,0.0839453121758674,,,0.9797896798652259,,0.9798319882490799,0.02016801175092009,0.9890954581473892,0.14339946279494434,10,0.025,0.15,0.8592454174471424,0.8984106453440045,0.912528852800286,0.9144671759845656,0.9133185113255353,0.9255834294515825,0.9209876468815609,1.0,0.9254647296093699,0.9132337508663917,0.9164054511463745,0.9299360304446067
5,8,1.9683015125769157,0.29070037779715197,3441,2.1688981453577676,0.2805232558139535,688,2.1745564122743244,0.2886,0.9652987768530802,0.08410125470811186,,,0.9908614977925745,,0.9908979881500553,0.009102011849944747,0.9891015544169006,0.14339957250094484,10,0.025,0.15,0.8634460525993302,0.8980553767592114,0.9138115570396048,0.9162558441070112,0.9149227389788974,0.9294098012447194,0.9294104428204438,0.9254647296093699,1.0,0.9223126947898781,0.9243321185559283,0.9328950739814128
5,9,1.973317476996669,0.2923215356928614,3334,2.172332684199015,0.29235382308845576,667,2.174594257451311,0.2886,0.9531921072091851,0.08319924258351268,,,0.9268192261423553,,0.9268620752256936,0.07313792477430636,0.989061562656054,0.14339465729211365,10,0.025,0.15,0.8435157312137729,0.8750177530359701,0.8980664984189235,0.9050148946682426,0.9010474415521065,0.9145839796262795,0.9145855695398658,0.9132337508663917,0.9223126947898781,1.0,0.9211271327970715,0.9232479849347837
5,10,1.9798071645773374,0.28694847269361307,3241,2.1636070807774863,0.3101851851851852,648,2.1745954012568993,0.2884,0.9511437586546583,0.08299712883109839,,,0.912469281742093,,0.9125117591721543,0.08748824082784568,0.9890122609617612,0.14339230852293508,10,0.025,0.15,0.8308127214741747,0.8732885473229858,0.8834171688794673,0.8936719093564055,0.8999615940155999,0.9215438514503445,0.9153995979115714,0.9164054511463745,0.9243321185559283,0.9211271327970715,1.0,0.9279250799015865
5,11,1.951162750720978,0.30193099081987973,3159,2.1731331825256346,0.2848101265822785,632,2.174581886846808,0.2885,0.9615378098306006,0.08363518493720534,,,0.957770848496021,,0.9578155171560133,0.04218448284398668,0.9890811197030328,0.14339867218705227,10,0.025,0.15,0.8539690018151214,0.8835383071896414,0.8978152452937707,0.9094478360189383,0.9157284759622559,0.9248638938326539,0.9278565839277416,0.9299360304446067,0.9328950739814128,0.9232479849347837,0.9279250799015865,1.0
6,0,1.8445130939836856,0.3385975164353543,6845,2.1247828873721035,0.30168005843681517,1369,2.1359053563468064,0.3042,0.9258573721200009,0.08040522762890084,,,0.7,,0.7000132032810154,0.29998679671898465,0.9895938825359736,0.14249390719873234,10,0.025,0.15,1.0,0.9169434009465646,0.9101286025575769,0.8809152791708207,0.8785094707314355,0.8675232985339875,0.8703974319577998,0.858534486579214,0.8657675953284238,0.8428540719400042,0.8330636212230684,0.8554461116121344
6,1,1.8614264488220216,0.3314530850675429,5478,2.1239345338609485,0.33211678832116787,1096,2.1349477103993864,0.3052,0.9485183738805348,0.08280121803026416,,,0.8923478937617886,,0.8923850076744071,0.1076149923255929,0.9906625099690982,0.14275916318666504,10,0.025,0.15,0.9169434009465646,1.0,0.9158381238468998,0.9042128149469545,0.9044836523593183,0.8921636843444894,0.8963479919188282,0.8921844652156649,0.895293973140674,0.8695330534914676,0.8693418906410023,0.8787558014874687
6,2,1.8877556289497175,0.32381742738589214,4820,2.1494924426078796,0.2966804979253112,964,2.1348914587045016,0.3053,0.9546577246514698,0.08365427503786194,,,0.9608305214788289,,0.9608687758908089,0.03913122410919112,0.9907665513164168,0.14276932656857094,10,0.025,0.15,0.9101286025575769,0.9158381238468998,1.0,0.9047693061249906,0.9060950709674146,0.8981604512609019,0.8977697769900521,0.9044408333650192,0.9076149103576967,0.8915428259162668,0.8770262653300958,0.8902417193628657
6,3,1.8928639881951468,0.32546527462551067,4406,2.147796937397548,0.3064699205448354,881,2.1348901851267756,0.3053,0.9531914129437298,0.08361397231663202,,,0.9575950562878867,,0.9576422240926871,0.04235777590731293,0.990765022410044,0.14276920522381106,10,0.025,0.15,0.8809152791708207,0.9042128149469545,0.9047693061249906,1.0,0.8939060047747447,0.9029908803744099,0.9091830539750642,0.9056831998363654,0.9087736206573003,0.8922487760860973,0.8835764171668932,0.8992327684045962
6,4,1.9062055594993361,0.3228842412451362,4112,2.1475512300218855,0.26277372262773724,822,2.13488897492614,0.3053,0.9523348531693615,0.083634843355899,,,0.9592705640200294,,0.9593091383208727,0.04069086167912728,0.9907705367436705,0.14276928717686888,10,0.025,0.15,0.8785094707314355,0.9044836523593183,0.9060950709674146,0.8939060047747447,1.0,0.9013307848808723,0.9037363437334941,0.902231357908583,0.9031523510296158,0.8882964328542967,0.8904988379324751,0.903418178477851
6,5,1.9199782556103122,0.3135510413988172,3889,2.1259327275412425,0.3149100257069409,778,2.1348887183998206,0.3053,0.957325994555816,0.08407880622702076,,,0.994911492765034,,0.9949332409103663,0.005066759089633721,0.9907849951560856,0.14276988857476527,10,0.025,0.15,0.8675232985339875,0.8921636843444894,0.8981604512609019,0.9029908803744099,0.9013307848808723,1.0,0.914909538992793,0.9120151292372242,0.9182121878955511,0.9011721515728723,0.9119076715326438,0.9109736320779372
6,6,1.9206999971948822,0.30816491511721905,3711,2.1328654289245605,0.31536388140161725,742,2.1348883592629733,0.3053,0.9586087998861931,0.0840169484843613,,,0.9899456103864419,,0.9899737584789821,0.010026241521017942,0.990784878125799,0.14276988593279208,10,0.025,0.15,0.8703974319577998,0.8963479919188282,0.8977697769900521,0.9091830539750642,0.9037363437334941,0.914909538992793,1.0,0.9069300180237422,0.9210417742644402,0.9053421700914263,0.9033782753121263,0.9172161883342743
6,7,1.9190056949853898,0.31416947250280586,3564,2.1494376262029014,0.2903225806451613,713,2.1348956144308744,0.3052,0.9566464465439257,0.08387867637064585,,,0.9788452529626293,,0.9788912544767374,0.021108745523262584,0.9907884607419714,0.1427698269214095,10,0.025,0.15,0.858534486579214,0.8921844652156649,0.9044408333650192,0.9056831998363654,0.902231357908583,0.9120151292372242,0.9069300180237422,1.0,0.9152382575835606,0.9038022386921795,0.9041567110599372,0.9183227685903151
6,8,1.9325799994998507,0.3013077593722755,3441,2.1274750232696533,0.3066860465116279,688,2.134896109375773,0.3052,0.9616997238545153,0.08414219145085376,,,0.9999999999197209,,1.0,0.0,0.9907838261342923,0.14276988894467182,10,0.025,0.15,0.8657675953284238,0.895293973140674,0.9076149103576967,0.9087736206573003,0.9031523510296158,0.9182121878955511,0.9210417742644402,0.9152382575835606,1.0,0.908397585633802,0.9139114691552018,0.9238123566805363
6,9,1.9457809567451476,0.2996700659868026,3334,2.1318622827529907,0.30884557721139433,667,2.134945075723189,0.3055,0.9476320890007317,0.08311636487093473,,,0.9176475907030507,,0.9176940469706723,0.08230595302932775,0.9907261944829058,0.1427649187841673,10,0.025,0.15,0.8428540719400042,0.8695330534914676,0.8915428259162668,0.8922487760860973,0.8882964328542967,0.9011721515728723,0.9053421700914263,0.9038022386921795,0.908397585633802,1.0,0.9062280574914472,0.911628588047791
