round,client_id,client_i_training_loss,client_i_training_accuracy,client_i_training_dataset_size,client_i_evaluation_loss,client_i_evaluation_accuracy,client_i_evaluation_dataset_size,client_i_central_evaluation_loss,client_i_central_evaluation_accuracy,client_i_cosine_similarity,client_i_importance_coefficient,client_i_tanh_val,tanh_normalization_value,client_i_q,client_i_mask_order,client_i_v_nonzero_fraction,client_i_v_sparsity,client_i_v_cosine_similarity,client_i_reward_gradient_norm,local_epochs,learning_rate,gamma,client_0_cosine_similarity,client_1_cosine_similarity,client_2_cosine_similarity,client_3_cosine_similarity,client_4_cosine_similarity,client_5_cosine_similarity,client_6_cosine_similarity,client_7_cosine_similarity,client_8_cosine_similarity,client_9_cosine_similarity,client_10_cosine_similarity,client_11_cosine_similarity
0,0,2.0114564051424018,0.3747747747747748,8214,2.2690228528754655,0.13367421475529584,1369,2.2691938336284014,0.1339,0.9646689721494764,0.08144526275757961,,,0.75,,0.7500024163694532,0.2499975836305468,0,0.09858493437558535,5,0.001,0.1,1.0,0.9764845424610951,0.9735362313087622,0.9630916725676005,0.9519712797847618,0.9455170161302693,0.9368306015959672,0.9310765858024446,0.9207081306388245,0.9160759921408038,0.9113134429025235,0.9059664405668768
0,1,2.1253095890711813,0.31581989656221476,6574,2.272153070994786,0.12773722627737227,1096,2.2691873826157933,0.1339,0.9804145954401495,0.08277463735468442,,,0.8539341734637051,,0.8539546302471462,0.14604536975285376,0,0.09859121447579768,5,0.001,0.1,0.9764845424610951,1.0,0.9806838684964045,0.9751341437379175,0.9711848363480661,0.9644862116352337,0.9595463542209227,0.9558580848184923,0.9484337667339949,0.94471123149527,0.9451912544438554,0.9359606374745144
0,2,2.1616090147534788,0.299844371433512,5783,2.268206573301746,0.14522821576763487,964,2.269187060407937,0.134,0.9951648517014151,0.08401997490738251,,,0.9512980989553441,,0.9513149882564444,0.04868501174355555,0,0.09859214407711532,5,0.001,0.1,0.9735362313087622,0.9806838684964045,1.0,0.9925968096844702,0.9902552938251489,0.9852018153804053,0.983571402422751,0.9792490355052276,0.9736720831958804,0.9725499757867166,0.9696989289627008,0.9652421676012516
0,3,2.188656698795686,0.2529979194250047,5287,2.2667929189545766,0.14755959137343927,881,2.269187078689234,0.1341,0.9959096969599405,0.08408286085017298,,,0.9562146954516573,,0.9562347164632083,0.043765283536791655,0,0.09859216109350798,5,0.001,0.1,0.9630916725676005,0.9751341437379175,0.9925968096844702,1.0,0.9919399310933351,0.9886749791502568,0.9875747158478678,0.9847506281135686,0.9807377294443292,0.9753517484435976,0.9774530639484449,0.9741024270160642
0,4,2.199013699254682,0.22743667679837892,4935,2.2692574996214647,0.13503649635036497,822,2.269187152576142,0.1339,0.9964831558738023,0.08413127695276214,,,0.9599999999218172,,0.9600139182880506,0.039986081711949395,0,0.09859217680499506,5,0.001,0.1,0.9519712797847618,0.9711848363480661,0.9902552938251489,0.9919399310933351,1.0,0.9929896215762846,0.9906791711001689,0.9868955101258657,0.9878878104313216,0.9849732876951621,0.9842524957791411,0.9820188725418925
0,5,2.206227348438681,0.2313691879151489,4667,2.2726390171051025,0.12596401028277635,778,2.2691870680251442,0.134,0.994253282988635,0.08394301280382431,,,0.9452809893770727,,0.9452982283179169,0.05470177168208312,0,0.09859214058040561,5,0.001,0.1,0.9455170161302693,0.9644862116352337,0.9852018153804053,0.9886749791502568,0.9929896215762846,1.0,0.9919714677707631,0.9897854629380314,0.9842435535942464,0.9879717041495877,0.9852306948925373,0.9806048404206731
0,6,2.2153371129717145,0.25066247473613296,4453,2.2662453750769296,0.12668463611859837,742,2.2691869964233984,0.1339,0.9928298923595996,0.08382283849830045,,,0.9358854306358431,,0.9358937184059694,0.06410628159403065,0,0.09859209759915513,5,0.001,0.1,0.9368306015959672,0.9595463542209227,0.983571402422751,0.9875747158478678,0.9906791711001689,0.9919714677707631,1.0,0.992357529414627,0.9854067803792531,0.9890618898835992,0.9898470633457662,0.9832086562273473
0,7,2.2234133827152536,0.2573766658873042,4277,2.2772861045339834,0.10238429172510519,713,2.2691868204659165,0.1339,0.9901539833395681,0.08359691632235834,,,0.9182222116494086,,0.9182445559196218,0.08175544408037816,0,0.0985920394040987,5,0.001,0.1,0.9310765858024446,0.9558580848184923,0.9792490355052276,0.9847506281135686,0.9868955101258657,0.9897854629380314,0.992357529414627,1.0,0.9818303543601794,0.9906155590332121,0.9871569587919085,0.9838352157004344
0,8,2.2277336535087,0.21952046500363284,4129,2.2658678076483985,0.13662790697674418,688,2.2691870230836226,0.134,0.9859501785467478,0.08324199665994822,,,0.890473613294249,,0.8904901363798919,0.10950986362010806,0,0.09859166961851966,5,0.001,0.1,0.9207081306388245,0.9484337667339949,0.9736720831958804,0.9807377294443292,0.9878878104313216,0.9842435535942464,0.9854067803792531,0.9818303543601794,1.0,0.9786948738512823,0.9919702703895177,0.9897301801909092
0,9,2.2245578915353805,0.23189202699325168,4001,2.2670243808201382,0.14842578710644677,667,2.2691870863064407,0.1339,0.9840277233761036,0.08307968723460835,,,0.8777838146439603,,0.8778041967504664,0.12219580324953361,0,0.09859154588600644,5,0.001,0.1,0.9160759921408038,0.94471123149527,0.9725499757867166,0.9753517484435976,0.9849732876951621,0.9879717041495877,0.9890618898835992,0.9906155590332121,0.9786948738512823,1.0,0.9851797198710506,0.9781318134154168
0,10,2.234955645389244,0.22514785291848805,3889,2.264456249418713,0.14351851851851852,648,2.269187076404072,0.1339,0.9844864095494466,0.08311841328156302,,,0.8808115238318123,,0.8808294913059027,0.11917050869409729,0,0.09859155739836631,5,0.001,0.1,0.9113134429025235,0.9451912544438554,0.9696989289627008,0.9774530639484449,0.9842524957791411,0.9852306948925373,0.9898470633457662,0.9871569587919085,0.9919702703895177,0.9851797198710506,1.0,0.9894657059229941
0,11,2.2390790550648667,0.21023476655236084,3791,2.2657270669937133,0.13449367088607594,632,2.2691874359362423,0.1339,0.9800413199385587,0.0827431223768156,,,0.8514702455507928,,0.8514851006659514,0.1485148993340486,0,0.09859119591882395,5,0.001,0.1,0.9059664405668768,0.9359606374745144,0.9652421676012516,0.9741024270160642,0.9820188725418925,0.9806048404206731,0.9832086562273473,0.9838352157004344,0.9897301801909092,0.9781318134154168,0.9894657059229941,1.0
1,0,1.7549517356468083,0.4846846846846847,8214,2.2097771555878394,0.26369612856099345,1369,2.210308112275486,0.2637,0.9794818090578357,0.0816985384601723,,,0.75,,0.7500024163694532,0.2499975836305468,0.9701133410150461,0.09941495057694227,5,0.001,0.1,1.0,0.9946944999312555,0.9899191677649429,0.9848996869260932,0.9778546681695198,0.9728179889090623,0.969339919494649,0.9676815350867257,0.9611137891987097,0.9584923985039466,0.9567687665167405,0.9524637396748681
1,1,1.8918577399068666,0.45238819592333435,6574,2.2142203535352434,0.25,1096,2.2102923126647265,0.2635,0.9911625048801633,0.08289280698131096,,,0.8605798678850447,,0.8605948135046056,0.13940518649539435,0.9701765156019533,0.09942053616358038,5,0.001,0.1,0.9946944999312555,1.0,0.997172165802178,0.9947188871245637,0.9897389075697526,0.9851170491459507,0.9842268350886162,0.98238422780993,0.9770438986309736,0.9749976190238235,0.9745953629703151,0.9703843438151945
1,2,1.9572636813748607,0.4328203354660211,5783,2.2097363087438766,0.266597510373444,964,2.210291031450509,0.2635,0.99580314670109,0.08380784054239789,,,0.9453047756460742,,0.9453223920124492,0.054677607987550836,0.970194296210232,0.0994214572098788,5,0.001,0.1,0.9899191677649429,0.997172165802178,1.0,0.9971440190823815,0.9946334174257847,0.9907400696005472,0.9906668519066776,0.9892162354416506,0.9845334916569868,0.9834957686237383,0.9831018842184427,0.9796179788876919
1,3,2.0092706589813694,0.4066200113485909,5287,2.2071658287729536,0.2746878547105562,881,2.2102909773683397,0.2635,0.9976630014797511,0.08390660162970077,,,0.9544492752228734,,0.9544707667623549,0.04552923323764513,0.970194920129409,0.09942147332892089,5,0.001,0.1,0.9848996869260932,0.9947188871245637,0.9971440190823815,1.0,0.996256827656235,0.9937306612672109,0.9940089654353382,0.9924792181151888,0.988827736754419,0.9875728506933135,0.9882700250792936,0.9843858286099872
1,4,2.0324386608985163,0.35420466058763933,4935,2.2088867242519674,0.2798053527980535,822,2.2102909293799353,0.2635,0.9985972954494646,0.08396654975486166,,,0.9599999999074078,,0.9600139182880506,0.039986081711949395,0.9701963650177977,0.09942148367716007,5,0.001,0.1,0.9778546681695198,0.9897389075697526,0.9946334174257847,0.996256827656235,1.0,0.9963875097835974,0.9956269247994933,0.9940747813610097,0.9935289735226236,0.991967793509952,0.9927956767738848,0.9904404971446796
1,5,2.05152264294559,0.34913220484251123,4667,2.2160387229919434,0.2467866323907455,778,2.2102910284036263,0.2635,0.9974768662134688,0.08381467659290395,,,0.945937740133069,,0.9459603135481003,0.054039686451899716,0.970194291814146,0.0994214574686237,5,0.001,0.1,0.9728179889090623,0.9851170491459507,0.9907400696005472,0.9937306612672109,0.9963875097835974,1.0,0.9960025374936413,0.9945624681961797,0.9939299606449028,0.9932673580086002,0.993410511900223,0.9898886753999385
1,6,2.0670547132832664,0.39231978441500115,4453,2.2079801758130393,0.24797843665768193,742,2.210290864633676,0.2635,0.9977309600942186,0.08374906996178592,,,0.9398630823211913,,0.9398903934816017,0.06010960651839825,0.9701930775690513,0.0994214337641057,5,0.001,0.1,0.969339919494649,0.9842268350886162,0.9906668519066776,0.9940089654353382,0.9956269247994933,0.9960025374936413,1.0,0.9966055100523257,0.9930402801630758,0.9948517149694476,0.9962198611464257,0.9922445709096896
1,7,2.0865415098062203,0.42408230067804537,4277,2.2178954767144243,0.2314165497896213,713,2.2102908006491373,0.2635,0.9967817231054574,0.08357959870826827,,,0.9241713777400241,,0.9241888247745528,0.07581117522544722,0.9701913593236283,0.09942136319876349,5,0.001,0.1,0.9676815350867257,0.98238422780993,0.9892162354416506,0.9924792181151888,0.9940747813610097,0.9945624681961797,0.9966055100523257,1.0,0.9914394030493364,0.9957351516662658,0.9952624158340763,0.9920757315706147
1,8,2.0951711264023416,0.3177524824412691,4129,2.2067551504481924,0.28924418604651164,688,2.2102917596554983,0.2635,0.9945426335012642,0.0832891835179278,,,0.8972812162635746,,0.8972946327601705,0.10270536723982948,0.9701826705221513,0.09942109748257835,5,0.001,0.1,0.9611137891987097,0.9770438986309736,0.9845334916569868,0.988827736754419,0.9935289735226236,0.9939299606449028,0.9930402801630758,0.9914394030493364,1.0,0.9909453314987078,0.9952794717666924,0.9950815302082537
1,9,2.0958103670014276,0.3514621344663834,4001,2.2080686660039994,0.25787106446776614,667,2.2102916316864207,0.2635,0.9940619071681697,0.08317393628414156,,,0.8866102292446347,,0.8866287779936401,0.11337122200635985,0.9701845567594073,0.09942097157899828,5,0.001,0.1,0.9584923985039466,0.9749976190238235,0.9834957686237383,0.9875728506933135,0.991967793509952,0.9932673580086002,0.9948517149694476,0.9957351516662658,0.9909453314987078,1.0,0.995313171183652,0.992329894165783
1,10,2.1105449709735935,0.35253278477757777,3889,2.2056642032804943,0.28858024691358025,648,2.2102918198314336,0.2635,0.9947325062495069,0.0832194063982796,,,0.8908204040295383,,0.8908429263200627,0.10915707367993732,0.9701830686971695,0.09942103342178767,5,0.001,0.1,0.9567687665167405,0.9745953629703151,0.9831018842184427,0.9882700250792936,0.9927956767738848,0.993410511900223,0.9962198611464257,0.9952624158340763,0.9952794717666924,0.995313171183652,1.0,0.9959202523464097
1,11,2.122046869943122,0.34444737536270115,3791,2.2073030710220336,0.2721518987341772,632,2.210292228113729,0.2635,0.9920391710222456,0.08290179116824963,,,0.8614117329029594,,0.8614308773354211,0.13856912266457888,0.9701799773599943,0.09942064502803229,5,0.001,0.1,0.9524637396748681,0.9703843438151945,0.9796179788876919,0.9843858286099872,0.9904404971446796,0.9898886753999385,0.9922445709096896,0.9920757315706147,0.9950815302082537,0.992329894165783,0.9959202523464097,1.0
2,0,1.5542418783740775,0.5574141709276844,8214,2.1360385085261147,0.37034331628926226,1369,2.1366684162578644,0.3667,0.9872934120934789,0.08204043467514606,,,0.75,,0.7500024163694532,0.2499975836305468,0.9873743258002274,0.09962074648425964,5,0.001,0.1,1.0,0.9960653422371173,0.9931720992666534,0.989851857774483,0.9861122608021845,0.9827896887893344,0.9803277098321076,0.9810551139291388,0.9767239089586875,0.9737705380420579,0.972806740005905,0.9709161346360999
2,1,1.6771982212668484,0.5377243687252814,6574,2.1414987768445695,0.35675182481751827,1096,2.136635652365395,0.3666,0.9948334263153904,0.08301704810291323,,,0.8660643292803737,,0.8660751394245174,0.13392486057548258,0.987420450096437,0.09962689145425513,5,0.001,0.1,0.9960653422371173,1.0,0.9978195347571192,0.9965597524110245,0.993988427169715,0.9907341608875944,0.9901564480447756,0.9900207529205,0.9868243081156975,0.9848188769608998,0.9842625773777619,0.982275095745562
2,2,1.7433342485796681,0.5330451322842815,5783,2.1362518264401342,0.3724066390041494,964,2.1366327540181316,0.3668,0.9971478984019674,0.08365345833761989,,,0.9416976606869161,,0.9417220015271455,0.05827799847285453,0.9874308776402831,0.09962750676296572,5,0.001,0.1,0.9931720992666534,0.9978195347571192,1.0,0.9977772281345857,0.9961903315656814,0.9934335049199877,0.9934684489841585,0.9938623330877872,0.9905587095058297,0.9891498944103659,0.9885785485655297,0.9870766177957722
2,3,1.8014301314411394,0.5137128806506526,5287,2.1325977189200267,0.3757094211123723,881,2.136632625287333,0.3668,0.9983669739401647,0.08375345934994533,,,0.9535821485435351,,0.9536057064981007,0.046394293501899275,0.9874308253223442,0.09962752876229271,5,0.001,0.1,0.989851857774483,0.9965597524110245,0.9977772281345857,1.0,0.9977174751396729,0.995604797393226,0.9958274657008988,0.9954658118392974,0.9931272584531619,0.9921279489311026,0.9917022188500094,0.9898102592790077
2,4,1.835988762455602,0.4780952380952381,4935,2.1339196608616757,0.3746958637469586,822,2.136632575013767,0.3668,0.9988996084679713,0.08380746181420455,,,0.9599999998811563,,0.9600139182880506,0.039986081711949395,0.9874303208957356,0.09962753756915618,5,0.001,0.1,0.9861122608021845,0.993988427169715,0.9961903315656814,0.9977174751396729,1.0,0.9968594890382618,0.9967546100513317,0.996383345447218,0.995707236643709,0.9943826678519831,0.9946317413377019,0.9931451067979772
2,5,1.8601664415777546,0.4561817013070495,4667,2.1446359539031983,0.3380462724935733,778,2.136632782963518,0.3668,0.9982927631249838,0.08369463900895244,,,0.946591723026869,,0.9466127333004707,0.05338726669952931,0.9874307924838938,0.09962751814254449,5,0.001,0.1,0.9827896887893344,0.9907341608875944,0.9934335049199877,0.995604797393226,0.9968594890382618,1.0,0.9972568036460998,0.9963702655165922,0.9952887691972058,0.9957897452838614,0.9959363007895237,0.9945166045443373
2,6,1.8793886986800603,0.5015944307208623,4453,2.134698818127314,0.3746630727762803,742,2.1366326862249894,0.3668,0.9982151838973524,0.08365186391155795,,,0.9415081732334314,,0.941533524709794,0.05846647529020599,0.9874303311691736,0.09962750670760971,5,0.001,0.1,0.9803277098321076,0.9901564480447756,0.9934684489841585,0.9958274657008988,0.9967546100513317,0.9972568036460998,1.0,0.9973615396328903,0.9948034951429817,0.996444701660023,0.9970581433275318,0.9941408078335198
2,7,1.9039034161994706,0.5245732990413842,4277,2.143504578134288,0.3394109396914446,713,2.1366334532777342,0.3668,0.9981032894721271,0.08354422886033519,,,0.9287164281354864,,0.9287315993466136,0.07126840065338635,0.9874263665330987,0.09962745574142244,5,0.001,0.1,0.9810551139291388,0.9900207529205,0.9938623330877872,0.9954658118392974,0.996383345447218,0.9963702655165922,0.9973615396328903,1.0,0.99491415850649,0.9965333182126795,0.9959185161400769,0.9944044276019386
2,8,1.9198442949698522,0.45056914507144585,4129,2.133296999064359,0.3793604651162791,688,2.1366349805277376,0.3666,0.9966410221108372,0.08331873556303417,,,0.9019179758878046,,0.9019388948492669,0.09806110515073307,0.9874260442517327,0.09962730395897108,5,0.001,0.1,0.9767239089586875,0.9868243081156975,0.9905587095058297,0.9931272584531619,0.995707236643709,0.9952887691972058,0.9948034951429817,0.99491415850649,1.0,0.9939302297644971,0.996394499421141,0.9965166690472832
2,9,1.9221883238308013,0.4699325168707823,4001,2.1342897415161133,0.36281859070464767,667,2.1366353438685115,0.3666,0.9960791644807458,0.08322984682933332,,,0.8913541120659056,,0.8913745275997719,0.10862547240022813,0.9874204356151746,0.09962723408001899,5,0.001,0.1,0.9737705380420579,0.9848188769608998,0.9891498944103659,0.9921279489311026,0.9943826678519831,0.9957897452838614,0.996444701660023,0.9965333182126795,0.9939302297644971,1.0,0.9968517174832054,0.994210054054095
2,10,1.9408049335245225,0.4725636410388275,3889,2.132145189103626,0.39197530864197533,648,2.136635370528736,0.3666,0.9963051785687422,0.08326505744297419,,,0.8955386708069432,,0.8955548467538493,0.10444515324615067,0.9874226873044623,0.09962723862230007,5,0.001,0.1,0.972806740005905,0.9842625773777619,0.9885785485655297,0.9917022188500094,0.9946317413377019,0.9959363007895237,0.9970581433275318,0.9959185161400769,0.996394499421141,0.9968517174832054,1.0,0.996562879633425
2,11,1.9613521533853868,0.4332366130308626,3791,2.1339892864227297,0.36550632911392406,632,2.136635651603674,0.3666,0.9948706828132071,0.08302376610398354,,,0.866862721219458,,0.8668725413440813,0.13312745865591868,0.987419393723745,0.0996268931013403,5,0.001,0.1,0.9709161346360999,0.982275095745562,0.9870766177957722,0.9898102592790077,0.9931451067979772,0.9945166045443373,0.9941408078335198,0.9944044276019386,0.9965166690472832,0.994210054054095,0.996562879633425,1.0
3,0,1.4049271702302568,0.6064037009982955,8214,2.045380667198536,0.4850255661066472,1369,2.0462040249912885,0.4755,0.9901620899156606,0.08231308710440768,,,0.75,,0.7500024163694532,0.2499975836305468,0.9946477678465456,0.0997132476825867,5,0.001,0.1,1.0,0.9959675973129319,0.9940230235715025,0.9914431654098995,0.9888734208932896,0.9875352882120972,0.9845607056030805,0.9850629077382316,0.9827813952460605,0.9803985784044448,0.9798821015801352,0.9783234068824611
3,1,1.5050417772774558,0.5941892303011865,6574,2.051882825578962,0.45711678832116787,1096,2.0461539186227817,0.4749,0.9959698015595749,0.08309985788933986,,,0.8705386157731352,,0.8705550883907947,0.12944491160920535,0.9946428290221083,0.09971965944745802,5,0.001,0.1,0.9959675973129319,1.0,0.9974279199362278,0.9966215876172344,0.9948900662602791,0.9936133536394257,0.9921240547297937,0.9916610408487802,0.9907940066915117,0.9890977379794712,0.9887075218323953,0.9873044764046496
3,2,1.561836409766371,0.5911810478990144,5783,2.0457077449367893,0.47406639004149376,964,2.0461494286601156,0.4748,0.9978630766353461,0.08355148036987545,,,0.9397302401933039,,0.9397550767922213,0.060244923207778744,0.9946472947540956,0.09972025744806876,5,0.001,0.1,0.9940230235715025,0.9974279199362278,1.0,0.997821026806403,0.9967966703873813,0.9955541112446619,0.9950308071986168,0.9949768525775067,0.9935345686961813,0.9924610726347421,0.9921080841396356,0.991057742274928
3,3,1.6161773224911058,0.579950822772839,5287,2.0407728978565762,0.4858115777525539,881,2.0461493559157886,0.4748,0.9988655145393709,0.08364520996407637,,,0.9540902491798234,,0.9541131440832777,0.04588685591672226,0.9946471184214497,0.09972028266411329,5,0.001,0.1,0.9914431654098995,0.9966215876172344,0.997821026806403,1.0,0.9981047312824151,0.9972306156808413,0.996821412729568,0.9963066197337521,0.9955556997420337,0.9946829829300322,0.9947651347213111,0.9933777982149806
3,4,1.6524566187397127,0.5633637284701114,4935,2.0420620991633487,0.4683698296836983,822,2.046149326208681,0.4748,0.999033951511909,0.08368378365385357,,,0.9599999998467932,,0.9600139182880506,0.039986081711949395,0.994647414369511,0.09972029274947972,5,0.001,0.1,0.9888734208932896,0.9948900662602791,0.9967966703873813,0.9981047312824151,1.0,0.9978433994768379,0.9970975158143398,0.9967252987261745,0.9971668276132549,0.995758205082118,0.9963303419003391,0.9951207569934263
3,5,1.6759519243893557,0.5487036640239983,4667,2.0567059230804445,0.4498714652956298,778,2.0461494480839932,0.4748,0.998903528538373,0.0836103471269595,,,0.9487490262868632,,0.9487681348527465,0.05123186514725353,0.9946475876816638,0.09972027184213213,5,0.001,0.1,0.9875352882120972,0.9936133536394257,0.9955541112446619,0.9972306156808413,0.9978433994768379,1.0,0.9976856897445909,0.9973803900664463,0.996957314559688,0.9967027182772912,0.996847834013565,0.9957824267250265
3,6,1.6943247557537897,0.5731417022232203,4453,2.044834077358246,0.4757412398921833,742,2.0461494408476466,0.4748,0.998445897376259,0.08356932321675448,,,0.9424638852465268,,0.9424855742743643,0.0575144257256357,0.994647308863401,0.0997202581239727,5,0.001,0.1,0.9845607056030805,0.9921240547297937,0.9950308071986168,0.996821412729568,0.9970975158143398,0.9976856897445909,1.0,0.997717305774917,0.996148966975377,0.9969530274732535,0.9976060615918811,0.995869343245024
3,7,1.716531019068476,0.5881692775309797,4277,2.052079978196517,0.43899018232819076,713,2.046150176669843,0.4748,0.998263360939949,0.0834973868332197,,,0.931442743814902,,0.9314669295676632,0.0685330704323368,0.9946479058970789,0.09972022816230623,5,0.001,0.1,0.9850629077382316,0.9916610408487802,0.9949768525775067,0.9963066197337521,0.9967252987261745,0.9973803900664463,0.997717305774917,1.0,0.9959625336842628,0.9969853877843419,0.9967162741540778,0.9959507767976216
3,8,1.741198565180485,0.5516105594574957,4129,2.0432757030833852,0.501453488372093,688,2.046152896393602,0.4752,0.9977570294104015,0.08334267972224998,,,0.9077405660476415,,0.9077623452315365,0.09223765476846346,0.9946451557946671,0.09972006348181572,5,0.001,0.1,0.9827813952460605,0.9907940066915117,0.9935345686961813,0.9955556997420337,0.9971668276132549,0.996957314559688,0.996148966975377,0.9959625336842628,1.0,0.9959767945150486,0.9973717595182984,0.9971270721978849
3,9,1.7423673469868917,0.5550112471882029,4001,2.0437576997847784,0.487256371814093,667,2.046152984372343,0.4752,0.9972042896391848,0.08327029048158681,,,0.8966500438351782,,0.8966663767023323,0.10333362329766771,0.9946467424882286,0.09971997775257413,5,0.001,0.1,0.9803985784044448,0.9890977379794712,0.9924610726347421,0.9946829829300322,0.995758205082118,0.9967027182772912,0.9969530274732535,0.9969853877843419,0.9959767945150486,1.0,0.997537862744665,0.9961777202779224
3,10,1.7602064322252742,0.5521213679609154,3889,2.0422058502833047,0.49691358024691357,648,2.0461534280746507,0.4751,0.997399828621958,0.083298209255123,,,0.9009273891314028,,0.9009481833734451,0.09905181662655493,0.9946459370513111,0.09971999751732981,5,0.001,0.1,0.9798821015801352,0.9887075218323953,0.9921080841396356,0.9947651347213111,0.9963303419003391,0.996847834013565,0.9976060615918811,0.9967162741540778,0.9973717595182984,0.997537862744665,1.0,0.997187720799401
3,11,1.7873908954508164,0.5372724874703244,3791,2.043972188234329,0.48417721518987344,632,2.046154066015737,0.4749,0.9964146175195204,0.08311834438255367,,,0.8733708718064894,,0.8733822406510666,0.12661775934893338,0.99464282918698,0.09971966325381192,5,0.001,0.1,0.9783234068824611,0.9873044764046496,0.991057742274928,0.9933777982149806,0.9951207569934263,0.9957824267250265,0.995869343245024,0.9959507767976216,0.9971270721978849,0.9961777202779224,0.997187720799401,1.0
4,0,1.2892584698673353,0.6390309228147066,8214,1.9386084800542787,0.5777940102264426,1369,1.9396028389184239,0.5746,0.9912160323695676,0.08250745430194092,,,0.75,,0.7500024163694532,0.2499975836305468,0.9971843817788933,0.09973375472042179,5,0.001,0.1,1.0,0.9959685881695416,0.9939735172149071,0.9918292533898124,0.9896950021600174,0.9888943446968302,0.9861171553433137,0.9864352096365385,0.9844363276671397,0.9827335719827818,0.9825933862375607,0.9813002960413478
4,1,1.3700099239071597,0.6250684514755096,6574,1.946282775061471,0.5647810218978102,1096,1.939531478257225,0.5746,0.9967109325960145,0.08316758586792952,,,0.8772956962102898,,0.8773160901209152,0.12268390987908484,0.9971958195025602,0.09974094602384614,5,0.001,0.1,0.9959685881695416,1.0,0.9975452588272177,0.996883158634499,0.9956640714956065,0.9942687795169177,0.993174790161489,0.9928528356210062,0.9920965548266546,0.990733590889775,0.9908005403968413,0.9896451980273611
4,2,1.416585631133443,0.6263185197994121,5783,1.9386778646899807,0.5591286307053942,964,1.9395248901348907,0.5746,0.9980134501382578,0.0834867236569519,,,0.9388362574161102,,0.9388658528334348,0.06113414716656518,0.9972023841210551,0.09974157486098104,5,0.001,0.1,0.9939735172149071,0.9975452588272177,1.0,0.9976953040902297,0.9967161128459838,0.9958679911936761,0.9954630290117212,0.9951355016337897,0.9942034954077748,0.9930239865511362,0.9932368942182039,0.9923100201862471
4,3,1.46548747700381,0.616795914507282,5287,1.9323513635567255,0.6004540295119183,881,1.93952483491014,0.5746,0.9988956482297134,0.08357271511331427,,,0.9554183190380112,,0.9554373145436444,0.044562685456355555,0.9972032890916539,0.09974160347661444,5,0.001,0.1,0.9918292533898124,0.996883158634499,0.9976953040902297,1.0,0.9980507582613389,0.9972564708896975,0.9969368845180402,0.9962598526704594,0.9958267505372776,0.9954930459920917,0.9953873023983014,0.9940711781389887
4,4,1.497566381039158,0.6167781155015197,4935,1.9338784997279828,0.5717761557177615,822,1.939524679519117,0.5746,0.9988985608843974,0.08359647484904018,,,0.9599999998071661,,0.9600139182880506,0.039986081711949395,0.9972036680368399,0.09974161499302582,5,0.001,0.1,0.9896950021600174,0.9956640714956065,0.9967161128459838,0.9980507582613389,1.0,0.9976842212633452,0.9969941431955124,0.9965037803452034,0.996676467099781,0.9958458005192862,0.9966031186465725,0.9952651616504512
4,5,1.518159496294309,0.6028283694021855,4667,1.9527942895889283,0.5552699228791774,778,1.9395247400759128,0.5746,0.9988515424685179,0.08354990191100692,,,0.9510191619303655,,0.951039522138777,0.04896047786122304,0.9972030203164548,0.09974159056727022,5,0.001,0.1,0.9888943446968302,0.9942687795169177,0.9958679911936761,0.9972564708896975,0.9976842212633452,1.0,0.9977216931949782,0.9972804824513615,0.9963635440101504,0.996880329543549,0.9969517703308786,0.9959589335413167
4,6,1.534850170782634,0.6133393218055244,4453,1.9387977818648021,0.5916442048517521,742,1.939525021150851,0.5746,0.9985176104379242,0.08351395014956359,,,0.9440864461829198,,0.9441045418080243,0.05589545819197572,0.9972023836727137,0.09974157594879994,5,0.001,0.1,0.9861171553433137,0.993174790161489,0.9954630290117212,0.9969368845180402,0.9969941431955124,0.9977216931949782,1.0,0.9977201312674269,0.9960464954211573,0.9973693260041968,0.9975113921047176,0.9960459032362889
4,7,1.5520239120988704,0.6220715454758008,4277,1.9444435212923132,0.5694249649368864,713,1.9395260529015392,0.5746,0.9983216232041616,0.08346348730541216,,,0.9343555028225797,,0.9343665729115319,0.06563342708846809,0.9972016029588014,0.09974154551406174,5,0.001,0.1,0.9864352096365385,0.9928528356210062,0.9951355016337897,0.9962598526704594,0.9965037803452034,0.9972804824513615,0.9977201312674269,1.0,0.9962624179122538,0.9970034139441084,0.9970505708087882,0.9962629207605589
4,8,1.5784502304517305,0.6102688302252361,4129,1.9373955618251453,0.5755813953488372,688,1.9395294821681306,0.5746,0.9976424942424515,0.08334664219122716,,,0.9118238122849889,,0.911846009607485,0.08815399039251504,0.9972009842897723,0.09974146915874643,5,0.001,0.1,0.9844363276671397,0.9920965548266546,0.9942034954077748,0.9958267505372776,0.996676467099781,0.9963635440101504,0.9960464954211573,0.9962624179122538,1.0,0.9950395377043387,0.996941487566456,0.9967367062384654
4,9,1.578666472529608,0.6102474381404649,4001,1.9368986856369745,0.5727136431784108,667,1.9395296638385175,0.5746,0.9973525198528572,0.08329286662179647,,,0.9014540634311634,,0.9014701191753415,0.09852988082465852,0.9971998193903716,0.09974136048008966,5,0.001,0.1,0.9827335719827818,0.990733590889775,0.9930239865511362,0.9954930459920917,0.9958458005192862,0.996880329543549,0.9973693260041968,0.9970034139441084,0.9950395377043387,1.0,0.9974244186763508,0.9955898554004663
4,10,1.5951201933329222,0.6044741578812034,3889,1.9364508333660306,0.5864197530864198,648,1.9395301833320349,0.5746,0.9977102929111942,0.08332154797307151,,,0.9069847981618081,,0.9070084379621307,0.09299156203786929,0.9972002547402925,0.09974142331442494,5,0.001,0.1,0.9825933862375607,0.9908005403968413,0.9932368942182039,0.9953873023983014,0.9966031186465725,0.9969517703308786,0.9975113921047176,0.9970505708087882,0.996941487566456,0.9974244186763508,1.0,0.9969149160419415
4,11,1.6247860301442507,0.5928251121076233,3791,1.938020259141922,0.5759493670886076,632,1.9395316934433227,0.5746,0.9967642727783238,0.08318065005874523,,,0.8798149141222806,,0.8798387798300809,0.12016122016991915,0.9971958442428185,0.09974094862651803,5,0.001,0.1,0.9813002960413478,0.9896451980273611,0.9923100201862471,0.9940711781389887,0.9952651616504512,0.9959589335413167,0.9960459032362889,0.9962629207605589,0.9967367062384654,0.9955898554004663,0.9969149160419415,1.0
5,0,1.1981826900508152,0.6566593620647675,8214,1.81806003492932,0.6347699050401753,1369,1.8193226965090719,0.622,0.9915036000408558,0.08263548516796651,,,0.96,,0.9600139182880506,0.039986081711949395,0.9980895199558122,0.09974298740064888,5,0.001,0.1,1.0,0.9958470617964014,0.9936803315430202,0.991965638512998,0.9896817842616475,0.9890658336758797,0.9861982164015839,0.9869339941959764,0.9853868768924667,0.9832366237348957,0.983161085587546,0.9824055488137794
5,1,1.2629548853462182,0.6449345908122909,6574,1.8269735506602696,0.6049270072992701,1096,1.8192398022538938,0.622,0.9967466640450169,0.0832097857867331,,,0.96,,0.9600139182880506,0.039986081711949395,0.9981698439789827,0.09974298740064888,5,0.001,0.1,0.9958470617964014,1.0,0.9970864620457495,0.9966567627281454,0.9955199969096828,0.9943003039865497,0.9929467398513879,0.9928867628458404,0.99256538973765,0.9909807942753491,0.9909913899473224,0.9904462530403378
5,2,1.3003964769247487,0.6491440428843162,5783,1.818099687176366,0.6089211618257261,964,1.8192315493909696,0.622,0.9979583252252435,0.0834447065003435,,,0.96,,0.9600139182880506,0.039986081711949395,0.9981769795908801,0.09974298740064888,5,0.001,0.1,0.9936803315430202,0.9970864620457495,1.0,0.9974279063964719,0.9964422597479642,0.9957307076268481,0.9953232351913871,0.9951238268775771,0.9944690794122609,0.9932282480091104,0.9933427241538842,0.9928310715100751
5,3,1.3411339211176676,0.6417249858142614,5287,1.8098035625049047,0.6492622020431328,881,1.8192314278965178,0.622,0.9988289892992664,0.08352557753268063,,,0.96,,0.9600139182880506,0.039986081711949395,0.9981772867718515,0.09974298740064888,5,0.001,0.1,0.991965638512998,0.9966567627281454,0.9974279063964719,1.0,0.9978076964041982,0.9969539393689911,0.9966139473653537,0.996366818111208,0.9959438002961625,0.9953617726077085,0.9954360107606729,0.9945441816346535
5,4,1.3693559699673807,0.6463627152988856,4935,1.8120668622163625,0.621654501216545,822,1.8192312328960187,0.622,0.9987144554762113,0.0835364561612603,,,0.96,,0.9600139182880506,0.039986081711949395,0.9981773696112793,0.09974298740064888,5,0.001,0.1,0.9896817842616475,0.9955199969096828,0.9964422597479642,0.9978076964041982,1.0,0.9971893761172093,0.9966211679181288,0.9962983464493256,0.996810654423133,0.9956511277050474,0.9962772420098378,0.995385384475406
5,5,1.3872254116894447,0.6338118705806728,4667,1.8353387451171874,0.5912596401028277,778,1.819231392095645,0.622,0.9987683559247256,0.08350962342089646,,,0.96,,0.9600139182880506,0.039986081711949395,0.9981768710947916,0.09974298740064888,5,0.001,0.1,0.9890658336758797,0.9943003039865497,0.9957307076268481,0.9969539393689911,0.9971893761172093,1.0,0.9974062223157196,0.9973131107668631,0.9968944161088298,0.9965922275965113,0.9968257918570484,0.9960535114868851
5,6,1.3998964319058826,0.6378621154278015,4453,1.8191037128369014,0.6428571428571429,742,1.819231808756868,0.622,0.9983656143099453,0.08347456183808308,,,0.96,,0.9600139182880506,0.039986081711949395,0.9981769882384626,0.09974298740064888,5,0.001,0.1,0.9861982164015839,0.9929467398513879,0.9953232351913871,0.9966139473653537,0.9966211679181288,0.9974062223157196,1.0,0.9977266953686056,0.9961756289420924,0.9971114322763652,0.9972240835973056,0.996131040151489
5,7,1.4130123677538402,0.6436754734627075,4277,1.8230694221413655,0.6185133239831697,713,1.81923294257813,0.622,0.9983318478511968,0.08344251179369272,,,0.96,,0.9600139182880506,0.039986081711949395,0.9981769623475386,0.09974298740064888,5,0.001,0.1,0.9869339941959764,0.9928867628458404,0.9951238268775771,0.996366818111208,0.9962983464493256,0.9973131107668631,0.9977266953686056,1.0,0.9963954218592722,0.9971454123851268,0.9968407408412866,0.9960537968660499
5,8,1.4388969139869396,0.6353112133688544,4129,1.8181576620448718,0.6133720930232558,688,1.819236807929822,0.6221,0.9978819651986337,0.0833562987215204,,,0.96,,0.9600139182880506,0.039986081711949395,0.9981766085198577,0.09974298740064888,5,0.001,0.1,0.9853868768924667,0.99256538973765,0.9944690794122609,0.9959438002961625,0.996810654423133,0.9968944161088298,0.9961756289420924,0.9963954218592722,1.0,0.9956973443310477,0.9971498119726299,0.9962057389962137
5,9,1.4350173401454138,0.6342414396400899,4001,1.8165291263943626,0.6251874062968515,667,1.8192372980970926,0.6221,0.9974047604603969,0.08330789752933238,,,0.96,,0.9600139182880506,0.039986081711949395,0.9981748680552444,0.09974298740064888,5,0.001,0.1,0.9832366237348957,0.9909807942753491,0.9932282480091104,0.9953617726077085,0.9956511277050474,0.9965922275965113,0.9971114322763652,0.9971454123851268,0.9956973443310477,1.0,0.9971908501681498,0.9957693129649666
5,10,1.453335054585191,0.6327076369246593,3889,1.817246913909912,0.6219135802469136,648,1.8192376941918564,0.6221,0.9976496149470747,0.08333340038812741,,,0.96,,0.9600139182880506,0.039986081711949395,0.998175990282458,0.09974298740064888,5,0.001,0.1,0.983161085587546,0.9909913899473224,0.9933427241538842,0.9954360107606729,0.9962772420098378,0.9968257918570484,0.9972240835973056,0.9968407408412866,0.9971498119726299,0.9971908501681498,1.0,0.9964526672114697
5,11,1.4835618446854983,0.62405697705091,3791,1.8187543749809265,0.629746835443038,632,1.8192401122742188,0.622,0.9969292049405185,0.0832236951593635,,,0.96,,0.9600139182880506,0.039986081711949395,0.9981698631576954,0.09974298740064888,5,0.001,0.1,0.9824055488137794,0.9904462530403378,0.9928310715100751,0.9945441816346535,0.995385384475406,0.9960535114868851,0.996131040151489,0.9960537968660499,0.9962057389962137,0.9957693129649666,0.9964526672114697,1.0
6,0,1.125301210472092,0.6672510348186024,8214,1.6876692605573078,0.6574141709276844,1369,1.6892833671630763,0.6467,0.9914275023319084,0.08271729587675179,,,0.96,,0.9600139182880506,0.039986081711949395,0.998542638007503,0.09972501183045107,5,0.001,0.1,1.0,0.9952468415078247,0.9928111971408456,0.9914030799702371,0.9892934292862722,0.9889258495137465,0.9860998441961771,0.9869359787997952,0.9855237504133039,0.982338077090506,0.9833169204680268,0.982611526064894
6,1,1.1750748261085993,0.6574383936720414,6574,1.6982171637671335,0.6368613138686131,1096,1.6891916647505836,0.6467,0.9965432607061877,0.08323486296575537,,,0.96,,0.9600139182880506,0.039986081711949395,0.998542638007503,0.09972501183045107,5,0.001,0.1,0.9952468415078247,1.0,0.9963618862463405,0.9961089461230517,0.9950086890177727,0.9939440328517614,0.9924853426770708,0.9923065479012249,0.9928384542647928,0.9901575311534865,0.9907620931457224,0.9904263212243524
6,2,1.2050599737720595,0.6628393567352585,5783,1.6876970683374712,0.6317427385892116,964,1.6891818598817332,0.6466,0.9978179194400358,0.08342016225216893,,,0.96,,0.9600139182880506,0.039986081711949395,0.998542638007503,0.09972501183045107,5,0.001,0.1,0.9928111971408456,0.9963618862463405,1.0,0.9969146717942735,0.9957462216158819,0.9954040160112044,0.9951079517006715,0.9949173996600557,0.9946636039710876,0.9925725348286546,0.9934273015273754,0.9929320149158346
6,3,1.2409581853682736,0.6588235294117647,5287,1.6771064358098167,0.6685584562996595,881,1.6891817022055482,0.6466,0.9985668562621147,0.08349396632431703,,,0.96,,0.9600139182880506,0.039986081711949395,0.998542638007503,0.09972501183045107,5,0.001,0.1,0.9914030799702371,0.9961089461230517,0.9969146717942735,1.0,0.9971455750637935,0.9964000288855978,0.9960438507534916,0.9958507330160564,0.9959655000161456,0.9944073046226064,0.9952164150342714,0.9943437941503005
6,4,1.2640714145475818,0.6621681864235056,4935,1.680234418465541,0.6472019464720195,822,1.6891814923514954,0.6467,0.9984714001748399,0.08349755847284153,,,0.96,,0.9600139182880506,0.039986081711949395,0.998542638007503,0.09972501183045107,5,0.001,0.1,0.9892934292862722,0.9950086890177727,0.9957462216158819,0.9971455750637935,1.0,0.9968436732710799,0.9963938094366822,0.9961043327925648,0.9966292040271636,0.9948777408626392,0.9959674226685837,0.9946278385800269
6,5,1.2787755428928218,0.6542961217055925,4667,1.7082267332077026,0.6105398457583547,778,1.6891816816390894,0.6466,0.9985818979384479,0.08348466329253279,,,0.96,,0.9600139182880506,0.039986081711949395,0.998542638007503,0.09972501183045107,5,0.001,0.1,0.9889258495137465,0.9939440328517614,0.9954040160112044,0.9964000288855978,0.9968436732710799,1.0,0.9970881834382919,0.9970031757677215,0.9965605559426425,0.9955168664212836,0.9964147371655316,0.9958571585717643
6,6,1.2883055591157504,0.654480125757916,4453,1.689656913280487,0.6590296495956873,742,1.6891822757812354,0.6467,0.998183530450753,0.08345028671268827,,,0.96,,0.9600139182880506,0.039986081711949395,0.998542638007503,0.09972501183045107,5,0.001,0.1,0.9860998441961771,0.9924853426770708,0.9951079517006715,0.9960438507534916,0.9963938094366822,0.9970881834382919,1.0,0.997376970771446,0.9959039817890466,0.9963149483590564,0.9967044630144852,0.9956490376563556
6,7,1.2964544514221932,0.6599953238251111,4277,1.6919772054838098,0.6479663394109397,713,1.6891834861554278,0.6467,0.9981963132163593,0.08343103495467091,,,0.96,,0.9600139182880506,0.039986081711949395,0.998542638007503,0.09972501183045107,5,0.001,0.1,0.9869359787997952,0.9923065479012249,0.9949173996600557,0.9958507330160564,0.9961043327925648,0.9970031757677215,0.997376970771446,1.0,0.9964501174686552,0.9966246458932871,0.9962930015046649,0.9954674885059367
6,8,1.319790671972128,0.6549285541293292,4129,1.6894989934834568,0.6351744186046512,688,1.6891875632654745,0.6467,0.9979559914847761,0.08337037768697549,,,0.96,,0.9600139182880506,0.039986081711949395,0.998542638007503,0.09972501183045107,5,0.001,0.1,0.9855237504133039,0.9928384542647928,0.9946636039710876,0.9959655000161456,0.9966292040271636,0.9965605559426425,0.9959039817890466,0.9964501174686552,1.0,0.9952359689118019,0.9966244372320667,0.9960540975127209
6,9,1.3182538373839288,0.6539865033741564,4001,1.6861027763003396,0.6581709145427287,667,1.6891884815197784,0.6467,0.9968667419605378,0.08330550618100936,,,0.96,,0.9600139182880506,0.039986081711949395,0.998542638007503,0.09972501183045107,5,0.001,0.1,0.982338077090506,0.9901575311534865,0.9925725348286546,0.9944073046226064,0.9948777408626392,0.9955168664212836,0.9963149483590564,0.9966246458932871,0.9952359689118019,1.0,0.9963825946976862,0.9949690321828604
6,10,1.3338476699883821,0.6514785291848805,3889,1.6887256588254655,0.6527777777777778,648,1.6891887157488936,0.6467,0.9975071552531911,0.08334183419823561,,,0.96,,0.9600139182880506,0.039986081711949395,0.998542638007503,0.09972501183045107,5,0.001,0.1,0.9833169204680268,0.9907620931457224,0.9934273015273754,0.9952164150342714,0.9959674226685837,0.9964147371655316,0.9967044630144852,0.9962930015046649,0.9966244372320667,0.9963825946976862,1.0,0.9959527955163233
