round,client_id,client_i_training_loss,client_i_training_accuracy,client_i_training_dataset_size,client_i_evaluation_loss,client_i_evaluation_accuracy,client_i_evaluation_dataset_size,client_i_central_evaluation_loss,client_i_central_evaluation_accuracy,client_i_cosine_similarity,client_i_importance_coefficient,client_i_tanh_val,tanh_normalization_value,client_i_q,client_i_mask_order,client_i_v_nonzero_fraction,client_i_v_sparsity,client_i_v_cosine_similarity,client_i_reward_gradient_norm,local_epochs,learning_rate,gamma,client_0_cosine_similarity,client_1_cosine_similarity,client_2_cosine_similarity,client_3_cosine_similarity,client_4_cosine_similarity,client_5_cosine_similarity,client_6_cosine_similarity,client_7_cosine_similarity,client_8_cosine_similarity,client_9_cosine_similarity,client_10_cosine_similarity,client_11_cosine_similarity
0,0,0.26850271051756835,0.9166057949841734,8214,2.19715354608935,0.4784514243973703,1369,2.196348200971707,0.4633,0.8026955678158335,0.08792913484726407,,,0.979262558051528,,0.979273128858993,0.02072687114100702,0,0.3837960286982933,5,0.1,0.5,1.0,0.5799013245948249,0.5677123414533446,0.5645942054868676,0.5791743428503247,0.5872237844193707,0.5809613355918494,0.5888887684513514,0.3671636297935657,0.4978386780529075,0.578917529169492,0.5830772993271449
0,1,0.29487098942384193,0.9065409187709157,6574,2.197642612457275,0.4406934306569343,1096,2.1963481484129788,0.4633,0.8037782556363998,0.08804773498309278,,,0.9799999999937821,,0.9800010039656644,0.019998996034335637,0,0.38379604706749393,5,0.1,0.5,0.5799013245948249,1.0,0.5994414716298059,0.585184275208002,0.6046315118554889,0.6015328248492898,0.5955767504718663,0.6027928457093807,0.3703217765917636,0.4885481428362826,0.5969805850698992,0.6050764503866987
0,2,0.31072799588003047,0.9009164793359847,5783,2.197930851290303,0.4460580912863071,964,2.1963478498184643,0.4632,0.7923603110513355,0.08679698684226207,,,0.9722229925578286,,0.9722353295517293,0.02776467044827069,0,0.3837957509727886,5,0.1,0.5,0.5677123414533446,0.5994414716298059,1.0,0.5950486166287657,0.5858368413894471,0.5970297359381715,0.589713584832585,0.600111551974342,0.3706346018305917,0.5034354772683736,0.5894780303690623,0.594159901666035
0,3,0.33684925319155656,0.8938528466048798,5287,2.1931208968162537,0.49148694665153236,881,2.196348216967842,0.4632,0.7856468025936847,0.08606157354967682,,,0.9676502776696531,,0.9676672857788263,0.032332714221173675,0,0.3837954654479428,5,0.1,0.5,0.5645942054868676,0.585184275208002,0.5950486166287657,1.0,0.5901683993910232,0.5981398507843898,0.5895052467141396,0.5959605913289903,0.36621454292270494,0.508474996674291,0.5817166008117042,0.6024417394697805
0,4,0.3287392109332065,0.8963728470111448,4935,2.198418241280776,0.45498783454987834,822,2.1963479678851727,0.4632,0.7909506255657218,0.08664256662353079,,,0.9712628254785178,,0.9712815621705738,0.02871843782942618,0,0.383795696808593,5,0.1,0.5,0.5791743428503247,0.6046315118554889,0.5858368413894471,0.5901683993910232,1.0,0.6059176237416857,0.5981944301821003,0.608516554642138,0.3927613154148178,0.49379384521253805,0.5945214184917962,0.5931649382285872
0,5,0.3401211909975295,0.8948360831369188,4667,2.19265172958374,0.4665809768637532,778,2.1963477888808085,0.4632,0.7934425365425471,0.08691553633346061,,,0.9729601195976235,,0.9729732443150444,0.027026755684955606,0,0.3837957843166015,5,0.1,0.5,0.5872237844193707,0.6015328248492898,0.5970297359381715,0.5981398507843898,0.6059176237416857,1.0,0.6115258131668551,0.5985305071567678,0.37275086845438793,0.5055632244281622,0.596938091335528,0.6135396735182644
0,6,0.3455007641394124,0.8937794745115653,4453,2.1988569498062134,0.4474393530997305,742,2.1963485414608597,0.4632,0.7864906524368617,0.08615401081932994,,,0.9682250419327237,,0.9682395462075197,0.03176045379248027,0,0.38379550433522874,5,0.1,0.5,0.5809613355918494,0.5955767504718663,0.589713584832585,0.5895052467141396,0.5981944301821003,0.6115258131668551,1.0,0.6064355472151642,0.38359164564414205,0.5031787408660177,0.5898036368565046,0.5972761117516644
0,7,0.35431987532873205,0.888379705400982,4277,2.2023506579191787,0.44600280504908835,713,2.196347817826195,0.4632,0.7921056129900259,0.08676908662569656,,,0.9720495122346433,,0.9720646553887857,0.027935344611214274,0,0.38379574560548974,5,0.1,0.5,0.5888887684513514,0.6027928457093807,0.600111551974342,0.5959605913289903,0.608516554642138,0.5985305071567678,0.6064355472151642,1.0,0.3756671375079236,0.516892397762488,0.6109833843742145,0.604199169701514
0,8,0.49563498825139296,0.8614192298377331,4129,2.1942283023487437,0.46656976744186046,688,2.1965259751572774,0.463,0.5395082209005266,0.05909898224036786,,,0.8,,0.8,0.19999999999999996,0,0.38357131467857497,5,0.1,0.5,0.3671636297935657,0.3703217765917636,0.3706346018305917,0.36621454292270494,0.3927613154148178,0.37275086845438793,0.38359164564414205,0.3756671375079236,1.0,0.33248944736012975,0.3677607121620929,0.37856366224642435
0,9,0.46103490565031296,0.8684328917770557,4001,2.1947549978892007,0.4737631184407796,667,2.196350003202883,0.4629,0.6808709677925732,0.07458418551322595,,,0.8962852048856804,,0.8963003865267808,0.10369961347321921,0,0.38376834511465513,5,0.1,0.5,0.4978386780529075,0.4885481428362826,0.5034354772683736,0.508474996674291,0.49379384521253805,0.5055632244281622,0.5031787408660177,0.516892397762488,0.33248944736012975,1.0,0.4932067150335731,0.5058242980574533
0,10,0.38893256358130546,0.8770377989200309,3889,2.197726295107887,0.45987654320987653,648,2.1963510063890452,0.4632,0.7766700089742807,0.0850782347493837,,,0.9615359906183351,,0.961553134882787,0.03844686511721296,0,0.3837949407071948,5,0.1,0.5,0.578917529169492,0.5969805850698992,0.5894780303690623,0.5817166008117042,0.5945214184917962,0.596938091335528,0.5898036368565046,0.6109833843742145,0.3677607121620929,0.4932067150335731,1.0,0.597586165091281
0,11,0.3787006114993025,0.8819836454761276,3791,2.191050446033478,0.49050632911392406,632,2.196349025915225,0.4632,0.7843723483296418,0.08592196687270884,,,0.9667822194815612,,0.9667988554791426,0.03320114452085743,0,0.3837953961580445,5,0.1,0.5,0.5830772993271449,0.6050764503866987,0.594159901666035,0.6024417394697805,0.5931649382285872,0.6135396735182644,0.5972761117516644,0.604199169701514,0.37856366224642435,0.5058242980574533,0.597586165091281,1.0
1,0,0.2439956031217881,0.9258582907231556,8214,2.0353296523870426,0.7815924032140248,1369,2.0351182995512844,0.7879,0.8008160590485509,0.08598933346459138,,,0.9751863041744446,,0.9752070679182772,0.02479293208172284,0.9562225257469834,0.4062712995329162,5,0.1,0.5,1.0,0.6175524171667169,0.623531596413888,0.6193901968655802,0.614284984849595,0.6235228116774983,0.6137272452745224,0.6218795411814749,0.6009203869729356,0.6171294503482946,0.6159268449594938,0.6141882956566985
1,1,0.263700923078594,0.9182841496805598,6574,2.034470282282148,0.7864963503649635,1096,2.0351157089391836,0.7878,0.8140799811412626,0.08652922454575514,,,0.979999999991084,,0.9800010039656644,0.019998996034335637,0.9562233004901114,0.4062714642240367,5,0.1,0.5,0.6175524171667169,1.0,0.6389477997510903,0.6381401919323555,0.6342557619265016,0.6264101277599309,0.6265962531930959,0.6446526387791048,0.6111421537820948,0.6232456484320209,0.6270564294803076,0.622419913249009
1,2,0.2746455312824875,0.9138509424174304,5783,2.037191637100712,0.7780082987551867,964,2.0351180797948625,0.7878,0.8178829107675222,0.08583471566657704,,,0.9738077241729464,,0.9738215953014407,0.026178404698559254,0.956220757781365,0.4062712342755997,5,0.1,0.5,0.623531596413888,0.6389477997510903,1.0,0.637090657853108,0.6330128896228822,0.63267723710071,0.6283893938532006,0.6546017949784065,0.6105018795514884,0.6384067224169249,0.6235341123349823,0.6324075676977602
1,3,0.29764388824914056,0.909286930206166,5287,2.031034610101155,0.7900113507377979,881,2.035119515638382,0.7879,0.8155681598238333,0.08526802443276275,,,0.9687550768581252,,0.9687666281813162,0.031233371818683797,0.9562162883116647,0.40627094392362456,5,0.1,0.5,0.6193901968655802,0.6381401919323555,0.637090657853108,1.0,0.631345472233236,0.6390356715425007,0.6278032438352978,0.6404763734166471,0.6123167442671094,0.643929735548573,0.6199273226768991,0.6263201137667432
1,4,0.2880022904360967,0.9120567375886525,4935,2.039378102009113,0.7737226277372263,822,2.0351183178325813,0.7878,0.815067428597351,0.08563467566894756,,,0.9720241575734132,,0.9720395562471763,0.027960443752823694,0.9562189518094427,0.40627114992337043,5,0.1,0.5,0.614284984849595,0.6342557619265016,0.6330128896228822,0.631345472233236,1.0,0.6326668985187932,0.6265297804671864,0.6424734248053101,0.6232347058796409,0.634550882351709,0.6298679073255791,0.6289076204651797
1,5,0.30125071552186594,0.9082065566745232,4667,2.033191270828247,0.787917737789203,778,2.035117887841246,0.7879,0.8180987235923513,0.08592059309028802,,,0.9745734115674672,,0.9745846092063651,0.025415390793634862,0.9562219555146481,0.4062712751399242,5,0.1,0.5,0.6235228116774983,0.6264101277599309,0.63267723710071,0.6390356715425007,0.6326668985187932,1.0,0.6280932823799144,0.6432823179447129,0.6190751743828439,0.6384484793726821,0.6370379451953513,0.6376228180996145
1,6,0.31552556319295294,0.906355266112733,4453,2.0378797550996146,0.7911051212938005,742,2.035119548392372,0.7879,0.8099509039217321,0.08513369127196213,,,0.9675573556940933,,0.9675719090407108,0.032428090959289224,0.9562168238724869,0.406270865120324,5,0.1,0.5,0.6137272452745224,0.6265962531930959,0.6283893938532006,0.6278032438352978,0.6265297804671864,0.6280932823799144,1.0,0.6413132105539003,0.6079232760046994,0.6296360592526251,0.6235437607964227,0.6261417872749121
1,7,0.30411018792456435,0.9058685994856207,4277,2.0404269021490347,0.7896213183730715,713,2.035117339402342,0.7879,0.8281839833985187,0.08617467496157585,,,0.9768388182088693,,0.976853571607851,0.023146428392148977,0.9562215508413048,0.40627136231634775,5,0.1,0.5,0.6218795411814749,0.6446526387791048,0.6546017949784065,0.6404763734166471,0.6424734248053101,0.6432823179447129,0.6413132105539003,1.0,0.6344006061059192,0.6483206993026831,0.6452194589632737,0.6426453565522388
1,8,0.35023358895926954,0.894502300799225,4129,2.0286499478600244,0.7877906976744186,688,2.035539347904559,0.7865,0.7838622156015229,0.06634091221643362,,,0.8,,0.8,0.19999999999999996,0.9552932828385107,0.4060227245877285,5,0.1,0.5,0.6009203869729356,0.6111421537820948,0.6105018795514884,0.6123167442671094,0.6232347058796409,0.6190751743828439,0.6079232760046994,0.6344006061059192,1.0,0.6145866134490663,0.6138969041666847,0.6074495304542277
1,9,0.3378678128278504,0.8996250937265684,4001,2.032416741053263,0.8215892053973014,667,2.035140117898155,0.7877,0.8131505250092675,0.07759663060285261,,,0.9003565467189873,,0.9003764871241403,0.09962351287585969,0.956110370254476,0.4062463743867185,5,0.1,0.5,0.6171294503482946,0.6232456484320209,0.6384067224169249,0.643929735548573,0.634550882351709,0.6384484793726821,0.6296360592526251,0.6483206993026831,0.6145866134490663,1.0,0.6346298688762528,0.6387506712916194
1,10,0.34252164913188726,0.8920545127282078,3889,2.0395348639715287,0.7777777777777778,648,2.035122198037827,0.7878,0.8118692494168104,0.0844892800225091,,,0.9618117528421238,,0.96182922544049,0.03817077455951001,0.956219941744084,0.4062703439526567,5,0.1,0.5,0.6159268449594938,0.6270564294803076,0.6235341123349823,0.6199273226768991,0.6298679073255791,0.6370379451953513,0.6235437607964227,0.6452194589632737,0.6138969041666847,0.6346298688762528,1.0,0.6342647973752777
1,11,0.3277543022727766,0.8994988129781061,3791,2.0328532338142393,0.8022151898734177,632,2.035120448365379,0.7879,0.8130535139407699,0.08508824405574482,,,0.9671521460467851,,0.9671703227749611,0.032829677225038933,0.95621646820019,0.4062708313837893,5,0.1,0.5,0.6141882956566985,0.622419913249009,0.6324075676977602,0.6263201137667432,0.6289076204651797,0.6376228180996145,0.6261417872749121,0.6426453565522388,0.6074495304542277,0.6387506712916194,0.6342647973752777,1.0
2,0,0.22277936206184734,0.9319211102994887,8214,1.8296592069226643,0.885317750182615,1369,1.8300359569037685,0.8887,0.800947247882799,0.08460224770653188,,,0.9675584927977441,,0.9675769288690327,0.03242307113096732,0.9693377097806275,0.40751035177295897,5,0.1,0.5,1.0,0.6289765732315299,0.6267733443097532,0.6235263176750612,0.617340158665037,0.6211229379301036,0.6060585021565233,0.6148382837238173,0.6208192685089517,0.6185419450866705,0.6162564703777673,0.6269757487815877
2,1,0.23989832749210516,0.9265591724977182,6574,1.8262247017451696,0.8950729927007299,1096,1.8300245798433932,0.8887,0.8150859827249103,0.08544998045922343,,,0.9787628136801606,,0.9787761658551277,0.021223834144872278,0.9693404224714902,0.40751106647410185,5,0.1,0.5,0.6289765732315299,1.0,0.6387213058822331,0.6335563020303921,0.6298696281473253,0.6261354800159318,0.6310274897762577,0.6387706117304665,0.6328721791997246,0.6271058509639179,0.6392581519020197,0.631007615642281
2,2,0.2479272967857921,0.9255057928410859,5783,1.8323462470885246,0.8848547717842323,964,1.8300280647155958,0.8887,0.8207956361857633,0.08518985719200048,,,0.975324814445502,,0.9753375834546458,0.02466241654535417,0.969337836226036,0.4075108954850458,5,0.1,0.5,0.6267733443097532,0.6387213058822331,1.0,0.6408998525815275,0.635329633607396,0.6412137081429866,0.632484210198894,0.6400467011128285,0.6378521656931376,0.6427660524554915,0.6398297897830045,0.6413117435950025
2,3,0.26911627870187704,0.918252317003972,5287,1.825296585048948,0.8717366628830874,881,1.8300382877691104,0.8888,0.8153261893408428,0.08462567021461834,,,0.9678680635859889,,0.9678781185683449,0.032121881431655064,0.9693339566101498,0.4075103630459672,5,0.1,0.5,0.6235263176750612,0.6335563020303921,0.6408998525815275,1.0,0.6272582427418483,0.63705977672179,0.6252594347867549,0.645847308834063,0.6312878463399828,0.6394462891816972,0.6250132827683132,0.6363772839152502
2,4,0.25702299204444695,0.9226747720364742,4935,1.8360575941892772,0.8880778588807786,822,1.8300307494002028,0.8887,0.8125408865200135,0.08477095361665885,,,0.9697882463914577,,0.9697956929872998,0.03020430701270016,0.96933833553328,0.4075105268199976,5,0.1,0.5,0.617340158665037,0.6298696281473253,0.635329633607396,0.6272582427418483,1.0,0.6383312800193417,0.6230378262914665,0.6409101506940131,0.6364736803910735,0.6255115087157403,0.6303500538015283,0.6330162824115366
2,5,0.2642816567270417,0.9210199271480608,4667,1.8306864404678345,0.890745501285347,778,1.830028067381618,0.8887,0.8204258194758185,0.08523370397338535,,,0.9759043289289728,,0.9759198835399829,0.024080116460017065,0.9693387475508357,0.40751092526335136,5,0.1,0.5,0.6211229379301036,0.6261354800159318,0.6412137081429866,0.63705977672179,0.6383312800193417,1.0,0.6354093981568845,0.650698044398731,0.6392244156278434,0.641610475818186,0.6312570986853221,0.6515259878821512
2,6,0.2708214213053829,0.9191107118796317,4453,1.833656445145607,0.8787061994609164,742,1.8300406239664972,0.8888,0.8105533672822164,0.08437113660244015,,,0.9645039417478858,,0.964519853421013,0.035480146578987015,0.9693337896722307,0.40751006708476034,5,0.1,0.5,0.6060585021565233,0.6310274897762577,0.632484210198894,0.6252594347867549,0.6230378262914665,0.6354093981568845,1.0,0.6437317250613598,0.6358364529077228,0.6242074021992791,0.6276146747329726,0.6357903771228037
2,7,0.2680434588468008,0.9194762684124387,4277,1.8359623421793398,0.8990182328190743,713,1.83002690499583,0.8887,0.824516315927345,0.08554358750281957,,,0.9799999999867832,,0.9800010039656644,0.019998996034335637,0.9693403179527701,0.407511108420373,5,0.1,0.5,0.6148382837238173,0.6387706117304665,0.6400467011128285,0.645847308834063,0.6409101506940131,0.650698044398731,0.6437317250613598,1.0,0.6435736222980406,0.6397477179781332,0.6403830446111767,0.6538611399685001
2,8,0.29151022029951074,0.9121336885444418,4129,1.8173766569657759,0.8982558139534884,688,1.8307439321146224,0.8884,0.8094197499980782,0.0719245652457236,,,0.8,,0.8,0.19999999999999996,0.968392620368059,0.40723757953386636,5,0.1,0.5,0.6208192685089517,0.6328721791997246,0.6378521656931376,0.6312878463399828,0.6364736803910735,0.6392244156278434,0.6358364529077228,0.6435736222980406,1.0,0.633872924729074,0.6349167618695053,0.6438331552875541
2,9,0.305436126167132,0.9100724818795302,4001,1.826391231446039,0.8995502248875562,667,1.8300962939429968,0.8885,0.8121401649609256,0.07945023170328844,,,0.8994652873525045,,0.8994729180262035,0.10052708197379645,0.9692230669472361,0.4074783133066699,5,0.1,0.5,0.6185419450866705,0.6271058509639179,0.6427660524554915,0.6394462891816972,0.6255115087157403,0.641610475818186,0.6242074021992791,0.6397477179781332,0.633872924729074,1.0,0.6342736638024908,0.6412629980485754
2,10,0.30718988100158384,0.9073283620467987,3889,1.838491263843718,0.8873456790123457,648,1.8300453611075307,0.8888,0.8145104391896985,0.08408318977226659,,,0.9606982038285994,,0.9607148235530345,0.0392851764469655,0.9693310931576099,0.40750958901218876,5,0.1,0.5,0.6162564703777673,0.6392581519020197,0.6398297897830045,0.6250132827683132,0.6303500538015283,0.6312570986853221,0.6276146747329726,0.6403830446111767,0.6349167618695053,0.6342736638024908,1.0,0.6424365707290388
2,11,0.2933153253893892,0.9114217884463203,3791,1.8315773904323578,0.8908227848101266,632,1.8300334093288873,0.8888,0.822460394225318,0.08475487601104338,,,0.9695757517676925,,0.9695898800261031,0.030410119973896865,0.9693349386495205,0.40751052022543854,5,0.1,0.5,0.6269757487815877,0.631007615642281,0.6413117435950025,0.6363772839152502,0.6330162824115366,0.6515259878821512,0.6357903771228037,0.6538611399685001,0.6438331552875541,0.6412629980485754,0.6424365707290388,1.0
3,0,0.20767949139844294,0.937618699780862,8214,1.5901224918143695,0.9211102994886778,1369,1.5912235213544803,0.9209,0.7950541728877515,0.08380426499354506,,,0.9540101370832544,,0.9540233923999799,0.04597660760002009,0.9717544530645089,0.4030168169914098,5,0.1,0.5,1.0,0.616788411329975,0.613011041444491,0.6057278541767319,0.6068971576910294,0.613062043757481,0.5942677000479462,0.6111029369504977,0.5902567193813464,0.6095835913203771,0.6094114868889067,0.6113422602687864
3,1,0.21539798971283639,0.9348950410708853,6574,1.5838989802769252,0.9279197080291971,1096,1.5912082081023877,0.9209,0.8080008242879022,0.0848177162119166,,,0.971450120018387,,0.971467295818483,0.028532704181516988,0.971766685611154,0.40301942667794755,5,0.1,0.5,0.616788411329975,1.0,0.6341513654604379,0.6203974312267285,0.6294268676331967,0.6219616977261524,0.6134950559846779,0.6334104867233332,0.5885858339533429,0.6041600436247184,0.6204517317380492,0.6171492018882808
3,2,0.22271740002331236,0.932491786270102,5783,1.593232747047178,0.9149377593360996,964,1.591214988940059,0.9209,0.8106661370638923,0.08473828852624386,,,0.9700832880904178,,0.9701069223432559,0.029893077656744094,0.9717673216671655,0.4030193152539866,5,0.1,0.5,0.613011041444491,0.6341513654604379,1.0,0.6214476677335812,0.6234330922374168,0.6261380423785856,0.6218119660422881,0.6339673596103339,0.5941023759025814,0.6162455400142953,0.619420366033406,0.6243081025120684
3,3,0.2473941503690152,0.9254019292604502,5287,1.586196094751358,0.9091940976163451,881,1.5912252866422025,0.9209,0.805676133329444,0.08419030537137377,,,0.9606533158367647,,0.9606746649264595,0.039325335073540524,0.9717615512651381,0.40301805817206227,5,0.1,0.5,0.6057278541767319,0.6203974312267285,0.6214476677335812,1.0,0.6164658363727056,0.6341693114617525,0.6174824495319823,0.6286014298426185,0.5912934047012282,0.6156897531566383,0.6126021816215901,0.6187952056059679
3,4,0.23097992005547688,0.9315501519756839,4935,1.5989189331348126,0.9184914841849149,822,1.5912167005264721,0.9209,0.8086294924865952,0.08438961305968001,,,0.9640831036942276,,0.9640981878419758,0.03590181215802424,0.971766707768718,0.40301859161797965,5,0.1,0.5,0.6068971576910294,0.6294268676331967,0.6234330922374168,0.6164658363727056,1.0,0.6242335902553942,0.6131820454094556,0.6346862662471795,0.604229087839965,0.6153704318700828,0.6223458133065748,0.6217454460240344
3,5,0.24506641739520105,0.9271052067709449,4667,1.5945442867279054,0.9177377892030848,778,1.5912135690926743,0.9209,0.8159497958235246,0.08495165385532352,,,0.9737549869651573,,0.9737663771899001,0.026233622810099888,0.9717659490399143,0.4030196442466391,5,0.1,0.5,0.613062043757481,0.6219616977261524,0.6261380423785856,0.6341693114617525,0.6242335902553942,1.0,0.6233998516632889,0.6377605647668113,0.6069501057521524,0.6279414551152834,0.6295295863539685,0.6357944599641524
3,6,0.24898072498717477,0.9271951493375252,4453,1.5958411743243535,0.9137466307277629,742,1.5912296254033098,0.9209,0.8023447600048292,0.08390540496538672,,,0.955750605051523,,0.9557702926559911,0.044229707344008884,0.9717533171254145,0.4030171516664281,5,0.1,0.5,0.5942677000479462,0.6134950559846779,0.6218119660422881,0.6174824495319823,0.6131820454094556,0.6233998516632889,1.0,0.6296906046828319,0.5924669323823786,0.6135026112717615,0.6150506544935858,0.6179348013329827
3,7,0.24461181765463927,0.9241992050502689,4277,1.5980884821518608,0.9340813464235624,713,1.5912141818969776,0.9209,0.8204656855710813,0.08531455650694927,,,0.9799999999827915,,0.9800010039656644,0.019998996034335637,0.9717649719225268,0.4030200418414355,5,0.1,0.5,0.6111029369504977,0.6334104867233332,0.6339673596103339,0.6286014298426185,0.6346862662471795,0.6377605647668113,0.6296906046828319,1.0,0.6147902157800633,0.6293921090057101,0.6376431631276976,0.6327407585802143
3,8,0.2868178292401941,0.9138290142891742,4129,1.5729543349959634,0.9316860465116279,688,1.5922799510315966,0.9212,0.7793619488864386,0.07485461397329272,,,0.8,,0.8,0.19999999999999996,0.970848940913716,0.4027152348435848,5,0.1,0.5,0.5902567193813464,0.5885858339533429,0.5941023759025814,0.5912934047012282,0.604229087839965,0.6069501057521524,0.5924669323823786,0.6147902157800633,1.0,0.6032784688797361,0.5994980717234533,0.6078782141752346
3,9,0.276014800939805,0.9211197200699826,4001,1.5861652181262063,0.9295352323838081,667,1.5913457775268312,0.9209,0.8020565573028875,0.08063396839094632,,,0.8994540640860036,,0.8994628783695597,0.10053712163044026,0.97161744682908,0.40298343545107107,5,0.1,0.5,0.6095835913203771,0.6041600436247184,0.6162455400142953,0.6156897531566383,0.6153704318700828,0.6279414551152834,0.6135026112717615,0.6293921090057101,0.6032784688797361,1.0,0.6205841389990382,0.618023027982571
3,10,0.27428164232491714,0.9161738236050398,3889,1.604889336086455,0.9135802469135802,648,1.5912323835939646,0.9209,0.808772487978091,0.08393877805416351,,,0.9563249061014494,,0.9563375332563626,0.043662466743637385,0.9717533597842333,0.4030172559593576,5,0.1,0.5,0.6094114868889067,0.6204517317380492,0.619420366033406,0.6126021816215901,0.6223458133065748,0.6295295863539685,0.6150506544935858,0.6376431631276976,0.5994980717234533,0.6205841389990382,1.0,0.6295569213430776
3,11,0.2596665231119685,0.9242943814297019,3791,1.5967524945735931,0.9208860759493671,632,1.5912190325343951,0.9209,0.8109767856396767,0.08446083609117866,,,0.9653087457689598,,0.9653280457808343,0.03467195421916569,0.9717676723896078,0.4030187403067026,5,0.1,0.5,0.6113422602687864,0.6171492018882808,0.6243081025120684,0.6187952056059679,0.6217454460240344,0.6357944599641524,0.6179348013329827,0.6327407585802143,0.6078782141752346,0.618023027982571,0.6295569213430776,1.0
4,0,0.1946071765838546,0.9407596785975164,8214,1.338343808817309,0.9335281227173119,1369,1.3402784015423954,0.935,0.786934698353499,0.08338238000449157,,,0.9396818410363048,,0.9396968023693589,0.06030319763064107,0.9704980329354217,0.3972943238635247,5,0.1,0.5,1.0,0.600885809288579,0.5973513943146548,0.5894165326126908,0.5857690564242467,0.5992975392237989,0.5799266607030468,0.5918679870556841,0.5935560907570587,0.5747489318859358,0.5966456291994815,0.5912183844879582
4,1,0.2056592698670128,0.9361119561910557,6574,1.329062192780631,0.9443430656934306,1096,1.3402575894285695,0.935,0.7977349586197128,0.08443572161121539,,,0.9654988744538135,,0.9655137794287435,0.0344862205712565,0.9705297810007831,0.39730038724921074,5,0.1,0.5,0.600885809288579,1.0,0.620106193315578,0.607696665925084,0.6001556706581355,0.598712388859996,0.597018478937809,0.6060981008704174,0.602303894267581,0.5668215794742065,0.604656149050789,0.5937015759118291
4,2,0.20495706767780264,0.9388206813072799,5783,1.3419613684377363,0.9346473029045643,964,1.340263710996975,0.935,0.8042697662068246,0.08461185246127184,,,0.9698157798269,,0.969825811957231,0.030174188042768946,0.9705339097502924,0.39730085961216927,5,0.1,0.5,0.5973513943146548,0.620106193315578,1.0,0.6179138673577452,0.6038006753229828,0.6082634701744755,0.608044634703233,0.6162436195589538,0.6077504429751074,0.5764752906387894,0.6068099113202273,0.5982263577498533
4,3,0.22990835315143937,0.9300548515226026,5287,1.3357656768390112,0.9284903518728718,881,1.3402745201945685,0.935,0.7974268956362156,0.08400714668886183,,,0.9549946533904097,,0.9550022589227448,0.04499774107725518,0.9705171843171813,0.397298672379625,5,0.1,0.5,0.5894165326126908,0.607696665925084,0.6179138673577452,1.0,0.6004239718632984,0.6110435120981565,0.5944366841185718,0.6097074891232658,0.6007676424168433,0.579548161198389,0.5949378081231698,0.5924150889687217
4,4,0.21693779722517056,0.9340628166160081,4935,1.3492920582111065,0.9330900243309003,822,1.3402660380537137,0.935,0.7934922835146186,0.08400196805615444,,,0.9548677269186836,,0.954876763214698,0.045123236785301946,0.970520067089019,0.3972986622169324,5,0.1,0.5,0.5857690564242467,0.6001556706581355,0.6038006753229828,0.6004239718632984,1.0,0.6056034807114289,0.5968809743403333,0.6041413033641171,0.6053719346091964,0.5655582811426167,0.5963970168196946,0.5962981766685186
4,5,0.22197463627879138,0.9355474608956503,4667,1.3467424011230469,0.9331619537275064,778,1.3402660433857585,0.935,0.8035369706580784,0.08472824587161036,,,0.9726685414999469,,0.9726820942723758,0.02731790572762416,0.9705301617068786,0.39730111384658157,5,0.1,0.5,0.5992975392237989,0.598712388859996,0.6082634701744755,0.6110435120981565,0.6056034807114289,1.0,0.6046768814222043,0.6116992841977871,0.6094995093463692,0.5899167402233481,0.6059748610900518,0.6093261128516111
4,6,0.22941276637845606,0.9327644284751853,4453,1.3461061517397563,0.9231805929919138,742,1.3402839263026325,0.935,0.7913906590973637,0.08360589111546471,,,0.9451600199901635,,0.9451834747251644,0.054816525274835604,0.9704992256951506,0.397296125455861,5,0.1,0.5,0.5799266607030468,0.597018478937809,0.608044634703233,0.5944366841185718,0.5968809743403333,0.6046768814222043,1.0,0.609594953763061,0.5940832723216236,0.5687463885451634,0.5917596461444437,0.5964878701434565
4,7,0.22514996548641975,0.9329904138414776,4277,1.347528100013733,0.94109396914446,713,1.3402622218330067,0.935,0.8051770028858338,0.08502737126395775,,,0.9799999999754904,,0.9800010039656644,0.019998996034335637,0.9705312310609892,0.39730148251810143,5,0.1,0.5,0.5918679870556841,0.6060981008704174,0.6162436195589538,0.6097074891232658,0.6041413033641171,0.6116992841977871,0.609594953763061,1.0,0.6188312354321888,0.5813732081484815,0.6151530855523711,0.603707077736595
4,8,0.251047367973683,0.9237587793654638,4129,1.3173303387381814,0.9534883720930233,688,1.3415964891354497,0.9352,0.7943623993370339,0.07768332494700615,,,0.8,,0.8,0.19999999999999996,0.9697188431297432,0.3970111805498239,5,0.1,0.5,0.5935560907570587,0.602303894267581,0.6077504429751074,0.6007676424168433,0.6053719346091964,0.6094995093463692,0.5940832723216236,0.6188312354321888,1.0,0.5831786879510926,0.6001260033423544,0.5983398848904882
4,9,0.2734188815259138,0.923969007748063,4001,1.3340579611914498,0.9370314842578711,667,1.340487315631903,0.9348,0.7690703001132124,0.0806452735720993,,,0.8725963221682776,,0.8726118166758697,0.12738818332413027,0.9703288238643604,0.3972318506264746,5,0.1,0.5,0.5747489318859358,0.5668215794742065,0.5764752906387894,0.579548161198389,0.5655582811426167,0.5899167402233481,0.5687463885451634,0.5813732081484815,0.5831786879510926,1.0,0.5822758067575183,0.5789174731217311
4,10,0.2502996385173842,0.9239393160195423,3889,1.3586204279036749,0.9259259259259259,648,1.340284357817409,0.9349,0.7969759604391676,0.083823856865907,,,0.9505022841019393,,0.9505245720596356,0.049475427940364414,0.9705076710723779,0.3972976677436027,5,0.1,0.5,0.5966456291994815,0.604656149050789,0.6068099113202273,0.5949378081231698,0.5963970168196946,0.6059748610900518,0.5917596461444437,0.6151530855523711,0.6001260033423544,0.5822758067575183,1.0,0.6006449826647494
4,11,0.2396208295136878,0.9285676602479557,3791,1.3489824056625366,0.930379746835443,632,1.3402673455472953,0.935,0.7934230520168253,0.08404696754195966,,,0.9559706485363129,,0.9559861452738316,0.04401385472616837,0.9705204144102013,0.3972988807033946,5,0.1,0.5,0.5912183844879582,0.5937015759118291,0.5982263577498533,0.5924150889687217,0.5962981766685186,0.6093261128516111,0.5964878701434565,0.603707077736595,0.5983398848904882,0.5789174731217311,0.6006449826647494,1.0
5,0,0.18115113058493468,0.9454102751400049,8214,1.099742863067361,0.9452154857560263,1369,1.1023543442780979,0.9431,0.773034302283284,0.08385118654778648,,,0.9557974988407374,,0.955815471110888,0.04418452888911195,0.9661350080011859,0.38008572651917194,5,0.1,0.5,1.0,0.5823736505972978,0.5797737029938514,0.5722381634832748,0.5711721829928895,0.5693934963565739,0.5616808103379558,0.5760254291555916,0.5710285160428986,0.3311094619945039,0.5631775067635023,0.5655072265974838
5,1,0.18835603869022818,0.9424703376939458,6574,1.08721456187112,0.9516423357664233,1096,1.102338741191279,0.943,0.787035263958366,0.0850611100852565,,,0.9727060941369869,,0.9727222528989509,0.027277747101049132,0.9661643442619974,0.38008787145855033,5,0.1,0.5,0.5823736505972978,1.0,0.5988959460257651,0.583190464768645,0.5854744565001041,0.5847465905879285,0.5728925183484207,0.5891681798929741,0.5803212493397587,0.337660352144245,0.5795974426825047,0.5712371196651781
5,2,0.1927963479455478,0.9399965415874114,5783,1.1023154239500723,0.9439834024896265,964,1.1023459904871808,0.943,0.7895824569041935,0.08527075335744891,,,0.975635843940429,,0.9756538326389238,0.0243461673610762,0.9661656544338213,0.38008808417975076,5,0.1,0.5,0.5797737029938514,0.5988959460257651,1.0,0.5955375264804533,0.5820609482704172,0.5825215182931883,0.5825872281805852,0.5919220361608679,0.5778494476955633,0.34557966267404977,0.5739625037207963,0.5772040715904244
5,3,0.20988473866067558,0.9381501796860223,5287,1.098658846957343,0.9375709421112373,881,1.1023548988107674,0.9431,0.7846415285974903,0.08468631199896219,,,0.967468317564584,,0.9674815521309171,0.03251844786908287,0.9661557110346327,0.38008736953733135,5,0.1,0.5,0.5722381634832748,0.583190464768645,0.5955375264804533,1.0,0.5728560029731367,0.5910463243416125,0.5742564813912663,0.5882906498691176,0.5832905611011522,0.3375058884434278,0.575987401715218,0.5719443727645052
5,4,0.19440905590331362,0.9416008105369807,4935,1.1117074581292958,0.9391727493917275,822,1.1023482786961638,0.9431,0.7801081127322074,0.08452155450795175,,,0.9651658433575393,,0.9651874905878219,0.03481250941217806,0.9661528705656213,0.38008713016355894,5,0.1,0.5,0.5711721829928895,0.5854744565001041,0.5820609482704172,0.5728560029731367,1.0,0.581660784417436,0.5717702560975055,0.5823917665636033,0.5831455994045027,0.33051385197680505,0.5728222299105699,0.5711998704485254
5,5,0.2043133587487144,0.9393614741804157,4667,1.1116321086883545,0.9395886889460154,778,1.1023472981711926,0.943,0.786973868971668,0.08525662769911012,,,0.9754384388708135,,0.9754530395060489,0.02454696049395111,0.9661631187476135,0.3800880606311774,5,0.1,0.5,0.5693934963565739,0.5847465905879285,0.5825215182931883,0.5910463243416125,0.581660784417436,1.0,0.5725753379978645,0.5873029859282333,0.5824545319865019,0.3415168675446699,0.5788109758964755,0.5918726835370374
5,6,0.21254682068979103,0.9371210419941612,4453,1.1100982651114464,0.9339622641509434,742,1.1023682830051873,0.9431,0.7744954751222157,0.0840542209255254,,,0.9586348898147091,,0.9586466542844235,0.04135334571557647,0.9661434652196754,0.3800862231637162,5,0.1,0.5,0.5616808103379558,0.5728925183484207,0.5825872281805852,0.5742564813912663,0.5717702560975055,0.5725753379978645,1.0,0.579137237370491,0.5714113000775849,0.33429012716041007,0.5652099142362571,0.5698463632492021
5,7,0.20335019225907972,0.9395370586859949,4277,1.1125015590501868,0.9453015427769986,713,1.1023444131540414,0.943,0.7904668255212948,0.08558303802854338,,,0.979999999986025,,0.9800010039656644,0.019998996034335637,0.9661653774886406,0.3800883195932294,5,0.1,0.5,0.5760254291555916,0.5891681798929741,0.5919220361608679,0.5882906498691176,0.5823917665636033,0.5873029859282333,0.579137237370491,1.0,0.5932760586466438,0.3331665641759872,0.5867455376759627,0.5871042751817742
5,8,0.22374615671823658,0.9333979171712279,4129,1.0754438855431296,0.9563953488372093,688,1.1037037227862179,0.9428,0.7796244199499811,0.08023391654034807,,,0.9052464080164939,,0.9052657999096431,0.09473420009035693,0.9654343293624817,0.3800598707700368,5,0.1,0.5,0.5710285160428986,0.5803212493397587,0.5778494476955633,0.5832905611011522,0.5831455994045027,0.5824545319865019,0.5714113000775849,0.5932760586466438,1.0,0.3336954250747474,0.5793589823127941,0.5762673062728159
5,9,0.3286186630020287,0.919420144963759,4001,1.0959321090153284,0.9445277361319341,667,1.1028543914468905,0.943,0.5116267384860542,0.07270282929967259,,,0.8,,0.8,0.19999999999999996,0.965402206949753,0.37978739288462177,5,0.1,0.5,0.3311094619945039,0.337660352144245,0.34557966267404977,0.3375058884434278,0.33051385197680505,0.3415168675446699,0.33429012716041007,0.3331665641759872,0.3336954250747474,1.0,0.3409146052847569,0.32235796503052505
5,10,0.22920629647942106,0.9316019542298791,3889,1.1253964673905146,0.933641975308642,648,1.1023702530053476,0.9431,0.778198251796874,0.0843332432816902,,,0.9625342073772566,,0.9625520807188395,0.037447919281160535,0.9661536714380572,0.38008680834168584,5,0.1,0.5,0.5631775067635023,0.5795974426825047,0.5739625037207963,0.575987401715218,0.5728222299105699,0.5788109758964755,0.5652099142362571,0.5867455376759627,0.5793589823127941,0.3409146052847569,1.0,0.5722040502632877
5,11,0.22005494643910592,0.9360063307834344,3791,1.111927792429924,0.9414556962025317,632,1.102353249495022,0.9431,0.7771067935586808,0.0844452077277044,,,0.9640989025390531,,0.9641082274986196,0.035891772501380426,0.9661537047919573,0.3800870056350952,5,0.1,0.5,0.5655072265974838,0.5712371196651781,0.5772040715904244,0.5719443727645052,0.5711998704485254,0.5918726835370374,0.5698463632492021,0.5871042751817742,0.5762673062728159,0.32235796503052505,0.5722040502632877,1.0
6,0,0.17155035347786482,0.9478694911127343,8214,0.8773986184319784,0.9503287070854638,1369,0.8808861479591638,0.948,0.7637420338015528,0.08414274190667263,,,0.9511896628658736,,0.95120726871141,0.04879273128858996,0.9616400916108848,0.375846595162463,5,0.1,0.5,1.0,0.5643195740298549,0.5547693363715276,0.5465720204600668,0.5485807610563728,0.5554749518840894,0.5418851122704389,0.5571404768714714,0.3737557731158779,0.5467679116949221,0.5432602430402466,0.5465156996756323
6,1,0.17829884419113723,0.945664739884393,6574,0.8620817252567836,0.9552919708029197,1096,0.8808700882207853,0.948,0.7768459291893554,0.08543125575886232,,,0.9718391041347819,,0.9718538225992671,0.028146177400732886,0.9616447143464182,0.37584938219248987,5,0.1,0.5,0.5643195740298549,1.0,0.5702977256051163,0.5550343875600893,0.5641289267775873,0.5635579084942545,0.5565502199196158,0.5668957360847418,0.38977261364738264,0.545582985683025,0.5658419585769159,0.5477961720683834
6,2,0.17997183046504361,0.9455991699809787,5783,0.880425303213058,0.9450207468879668,964,0.8808767329008815,0.948,0.7727304370239411,0.08542653367005615,,,0.9717634289720323,,0.9717785251744391,0.02822147482556092,0.9616436023236195,0.37584937956652104,5,0.1,0.5,0.5547693363715276,0.5702977256051163,1.0,0.5613005993830705,0.5580838063917309,0.5647121849081813,0.5517264913388622,0.5602294000663868,0.3749643454325334,0.5563742184973176,0.5528162274778845,0.5475240867470619
6,3,0.202666996690411,0.9398146396822394,5287,0.8788513285773141,0.9432463110102156,881,0.8808862460307039,0.948,0.7604317377565051,0.08459103468091099,,,0.9583739048491319,,0.9583856232116862,0.04161437678831381,0.9616443463096467,0.3758479317666013,5,0.1,0.5,0.5465720204600668,0.5550343875600893,0.5613005993830705,1.0,0.5416565281480508,0.5613327400305167,0.541972037388722,0.5585650083016537,0.3690794487429144,0.541868786221029,0.535827812800442,0.530892035117771
6,4,0.18575993305673041,0.9446403242147923,4935,0.8893794600780194,0.9452554744525548,822,0.880882847804231,0.948,0.7683787115461064,0.08476298846084092,,,0.9611295985295651,,0.9611515486170373,0.03884845138296267,0.9616424081428788,0.3758483494159117,5,0.1,0.5,0.5485807610563728,0.5641289267775873,0.5580838063917309,0.5416565281480508,1.0,0.5652163716462064,0.5403581179778462,0.5693128375391957,0.3846435741359523,0.5439251060505372,0.551592113874348,0.549111190746152
6,5,0.18891433390393242,0.9439468609385044,4667,0.8918931555747985,0.9434447300771208,778,0.8808764442087362,0.948,0.7781491189408276,0.08561040112845288,,,0.9747100486587159,,0.9747201445710557,0.025279855428944287,0.9616433806654554,0.3758495553209867,5,0.1,0.5,0.5554749518840894,0.5635579084942545,0.5647121849081813,0.5613327400305167,0.5652163716462064,1.0,0.5498253484157194,0.5731865563607655,0.38104626560605026,0.56503607235298,0.5621078336771739,0.5609943883544073
6,6,0.19488794219147945,0.9433640242533123,4453,0.8911182731389999,0.9420485175202157,742,0.8808995993754354,0.948,0.758992936565058,0.08411091701657586,,,0.9506796441355154,,0.9507002660509011,0.04929973394909892,0.9616419409454987,0.37584648014847727,5,0.1,0.5,0.5418851122704389,0.5565502199196158,0.5517264913388622,0.541972037388722,0.5403581179778462,0.5498253484157194,1.0,0.5671567144233185,0.3684374524102819,0.5378400695316731,0.5430514959733209,0.5353819800360035
6,7,0.1854121307244719,0.9437456160860416,4277,0.8922977006953695,0.9537166900420757,713,0.8808726453171751,0.948,0.78119344523164,0.08594049120068488,,,0.9799999999839741,,0.9800010039656644,0.019998996034335637,0.9616450729592105,0.37584977864725916,5,0.1,0.5,0.5571404768714714,0.5668957360847418,0.5602294000663868,0.5585650083016537,0.5693128375391957,0.5731865563607655,0.5671567144233185,1.0,0.39048865157171203,0.5610838760515493,0.563596735900445,0.5603232554031378
6,8,0.3009348867186838,0.9176071688060063,4129,0.8518094881014391,0.9622093023255814,688,0.8823883108818493,0.9483,0.5682109930724425,0.07470858955486588,,,0.8,,0.8,0.19999999999999996,0.960805367782346,0.37554889266447095,5,0.1,0.5,0.3737557731158779,0.38977261364738264,0.3749643454325334,0.3690794487429144,0.3846435741359523,0.38104626560605026,0.3684374524102819,0.39048865157171203,1.0,0.37050627165419375,0.37408668583951804,0.3706115652078322
6,9,0.21339825694634032,0.9371157210697326,4001,0.8744000395139059,0.9505247376311844,667,0.881523609161377,0.9481,0.7560258275074063,0.07630525958503617,,,0.825587884800616,,0.8256111640981878,0.1743888359018122,0.9606319217792322,0.3756587260124404,5,0.1,0.5,0.5467679116949221,0.545582985683025,0.5563742184973176,0.541868786221029,0.5439251060505372,0.56503607235298,0.5378400695316731,0.5610838760515493,0.37050627165419375,1.0,0.5507544590382857,0.5502732013600494
6,10,0.21263909488611046,0.9378246335818977,3889,0.9071631403196425,0.941358024691358,648,0.8808991019718182,0.948,0.7655138761935337,0.08453297989711603,,,0.9574435315773847,,0.95745695497214,0.042543045027859994,0.9616408568798867,0.37584777459085916,5,0.1,0.5,0.5432602430402466,0.5658419585769159,0.5528162274778845,0.535827812800442,0.551592113874348,0.5621078336771739,0.5430514959733209,0.563596735900445,0.37408668583951804,0.5507544590382857,1.0,0.5497327582878198
