round,client_id,client_i_training_loss,client_i_training_accuracy,client_i_training_dataset_size,client_i_evaluation_loss,client_i_evaluation_accuracy,client_i_evaluation_dataset_size,client_i_central_evaluation_loss,client_i_central_evaluation_accuracy,client_i_cosine_similarity,client_i_importance_coefficient,client_i_tanh_val,tanh_normalization_value,client_i_q,client_i_mask_order,client_i_v_nonzero_fraction,client_i_v_sparsity,client_i_v_cosine_similarity,client_i_reward_gradient_norm,local_epochs,learning_rate,gamma,client_0_cosine_similarity,client_1_cosine_similarity,client_2_cosine_similarity,client_3_cosine_similarity,client_4_cosine_similarity,client_5_cosine_similarity,client_6_cosine_similarity,client_7_cosine_similarity,client_8_cosine_similarity,client_9_cosine_similarity,client_10_cosine_similarity,client_11_cosine_similarity
0,0,1.9908670193490352,0.44297540784027273,8214,2.2568362369093786,0.2731921110299489,1369,2.2588447892246917,0.274,0.9671128502870591,0.08160107567359376,,,0.6,,0.600013531668938,0.399986468331062,0,0.0986084880861018,5,0.001,0.1,1.0,0.9843228678706438,0.9790373224646681,0.9682305101324767,0.9576408809264035,0.9442039903867742,0.9434941585077613,0.9314498983017259,0.9287268760970541,0.9148750262561105,0.9083990892037689,0.9105803169141509
0,1,2.107614364438844,0.40657134164892,6574,2.2621029376983643,0.26824817518248173,1096,2.2587673488897257,0.2739,0.9876383037179005,0.08333293052191655,,,0.8580776480964678,,0.858096287489972,0.14190371251002798,0,0.0986820041772706,5,0.001,0.1,0.9843228678706438,1.0,0.9870609028691525,0.9858511726388554,0.9773773589229607,0.9782896004473889,0.9702365120821463,0.9652203209664785,0.96389064855499,0.9493743939535271,0.9500987296317251,0.9464773116554734
0,2,2.144813694084547,0.3564931696351375,5783,2.257914743115825,0.274896265560166,964,2.2587643149561774,0.2739,0.9932364311465526,0.08380527790081888,,,0.928465937709595,,0.9284802969234784,0.07151970307652156,0,0.0986841385740791,5,0.001,0.1,0.9790373224646681,0.9870609028691525,1.0,0.9915088191110307,0.9876233849350124,0.9801902538013103,0.985459641523097,0.9743823625369613,0.9731588243699886,0.9664772199201228,0.9557026707196941,0.9623854114558636
0,3,2.176345907923687,0.385662946850766,5287,2.2631292172840665,0.27014755959137343,881,2.2587644063626615,0.2739,0.9965397217048966,0.08408399621455372,,,0.9699999998509818,,0.9700176878243976,0.029982312175602432,0,0.09868442814930109,5,0.001,0.1,0.9682305101324767,0.9858511726388554,0.9915088191110307,1.0,0.992045651506977,0.9882729076355169,0.9885474744969399,0.9834865332156948,0.9830837387766804,0.9758301615936015,0.9725626922009931,0.9730204864745131
0,4,2.1895385519150765,0.3842755825734549,4935,2.256264145557697,0.2822384428223844,822,2.258764484058173,0.2739,0.994694320440562,0.08392828871033184,,,0.9467967697884454,,0.9468157083345415,0.05318429166545846,0,0.0986843681345657,5,0.001,0.1,0.9576408809264035,0.9773773589229607,0.9876233849350124,0.992045651506977,1.0,0.9869011457069411,0.9910400446581242,0.9853934154220995,0.9877602413789668,0.9776286349548011,0.9696983902908313,0.9810587821090118
0,5,2.2008755027431333,0.3545318191557746,4667,2.261256618499756,0.2596401028277635,778,2.258764468823759,0.2739,0.994205539234993,0.08388704732662812,,,0.9406510588353552,,0.9406781299233528,0.05932187007664724,0,0.09868433940245042,5,0.001,0.1,0.9442039903867742,0.9782896004473889,0.9801902538013103,0.9882729076355169,0.9869011457069411,1.0,0.9899475248632282,0.9927191067273843,0.9904649851972016,0.9847479371505766,0.9856617235069995,0.9846659196462213
0,6,2.200957461936133,0.32207500561419267,4453,2.2571537693341575,0.29380053908355797,742,2.2587644482573,0.2739,0.9942445285249105,0.08389033708541489,,,0.9411412923045845,,0.9411614038139976,0.0588385961860024,0,0.09868434015658703,5,0.001,0.1,0.9434941585077613,0.9702365120821463,0.985459641523097,0.9885474744969399,0.9910400446581242,0.9899475248632282,1.0,0.9907578655212115,0.9929197417393081,0.9890467618570827,0.9811356873045091,0.9871813764566731
0,7,2.213055757266372,0.3334580313303718,4277,2.254657911217731,0.2805049088359046,713,2.258765832303812,0.2739,0.9905161205240933,0.08357574907913784,,,0.8942619982009448,,0.8942741709436406,0.10572582905635941,0,0.09868346039625421,5,0.001,0.1,0.9314498983017259,0.9652203209664785,0.9743823625369613,0.9834865332156948,0.9853934154220995,0.9927191067273843,0.9907578655212115,1.0,0.9898940542833736,0.9882347660479445,0.9892968408385461,0.9878472839260029
0,8,2.215244969037863,0.34565270041172197,4129,2.2566610791466455,0.28488372093023256,688,2.258766017401942,0.2739,0.9896857753410645,0.08350568790675716,,,0.8838216182762666,,0.8838451203835261,0.11615487961647386,0,0.09868330171416878,5,0.001,0.1,0.9287268760970541,0.96389064855499,0.9731588243699886,0.9830837387766804,0.9877602413789668,0.9904649851972016,0.9929197417393081,0.9898940542833736,1.0,0.9854342150475471,0.9845791534752635,0.9908567283383504
0,9,2.217089180530064,0.2831292176955761,4001,2.2606870787484303,0.2683658170914543,667,2.2587708863206566,0.2743,0.9829218155044154,0.08293497229862547,,,0.7987746860687464,,0.7987937483689507,0.20120625163104933,0,0.09867657295396466,5,0.001,0.1,0.9148750262561105,0.9493743939535271,0.9664772199201228,0.9758301615936015,0.9776286349548011,0.9847479371505766,0.9890467618570827,0.9882347660479445,0.9854342150475471,1.0,0.9834059559543742,0.9890500406435309
0,10,2.2247553637770356,0.2766263821033685,3889,2.2587253479730514,0.2777777777777778,648,2.258777331239499,0.2743,0.9791592490646442,0.08261750214125184,,,0.7514658994027343,,0.7514908999526392,0.24850910004736082,0,0.09867103816980564,5,0.001,0.1,0.9083990892037689,0.9500987296317251,0.9557026707196941,0.9725626922009931,0.9696983902908313,0.9856617235069995,0.9811356873045091,0.9892968408385461,0.9845791534752635,0.9834059559543742,1.0,0.9827660881899359
0,11,2.227622118316779,0.25808493801107885,3791,2.2599968671798707,0.254746835443038,632,2.258773352772283,0.2743,0.9817622772063829,0.08283713514096998,,,0.7841951827295232,,0.7842133750881974,0.21578662491180256,0,0.09867490233140991,5,0.001,0.1,0.9105803169141509,0.9464773116554734,0.9623854114558636,0.9730204864745131,0.9810587821090118,0.9846659196462213,0.9871813764566731,0.9878472839260029,0.9908567283383504,0.9890500406435309,0.9827660881899359,1.0
1,0,1.7422641357559174,0.5312393474555637,8214,2.1974399311597956,0.3761869978086194,1369,2.1993594824696503,0.3716,0.9792848309105744,0.08178338257746312,,,0.6,,0.600013531668938,0.399986468331062,0.9689794539961766,0.09936967868469047,5,0.001,0.1,1.0,0.992700234886911,0.9892762454726641,0.983505017704848,0.9777034035723974,0.9729192076137266,0.9699448945924468,0.9666287297108002,0.9634049727372772,0.9578869181721128,0.9552688951868729,0.9558847998863613
1,1,1.8836032538738066,0.5052023121387283,6574,2.2037788595472065,0.36496350364963503,1096,2.1991805969335783,0.3724,0.99220890376178,0.08326500830112438,,,0.8603023129031355,,0.8603241801258446,0.13967581987415545,0.9694626973702288,0.09943292089461114,5,0.001,0.1,0.992700234886911,1.0,0.9959281138215665,0.9939155442972766,0.9891463318267832,0.9895134387579175,0.985519978794328,0.9840987371350778,0.9812498949713625,0.9766881922830627,0.9763597255102909,0.9739276415233865
1,2,1.938529470875777,0.48227563548331315,5783,2.198152918969431,0.3630705394190871,964,2.1991760814532686,0.3725,0.9956633119565726,0.08366682837127772,,,0.9308968577746634,,0.9309159973323281,0.0690840026676719,0.969467370980948,0.09943479212930098,5,0.001,0.1,0.9892762454726641,0.9959281138215665,1.0,0.9959442824599104,0.9939879697721417,0.9923260545656414,0.9913147627279507,0.9890891481633787,0.9865739694920799,0.9833258396958106,0.980856638542843,0.9815291707716096
1,3,1.9902388057076787,0.5056932097597882,5287,2.2052899599075317,0.38819523269012485,881,2.199175199380698,0.3725,0.9972522367575554,0.08388940119627716,,,0.969999999824313,,0.9700176878243976,0.029982312175602432,0.9694825907715106,0.09943519243840702,5,0.001,0.1,0.983505017704848,0.9939155442972766,0.9959442824599104,1.0,0.9950709268836421,0.9942913631549408,0.9929020944285182,0.9921026048079459,0.9914225034232559,0.9871540744150051,0.9875201599306881,0.9851966766302872
1,4,2.0215572561756256,0.4807700101317123,4935,2.195337038773757,0.39172749391727496,822,2.199175409615611,0.3725,0.9975509408492633,0.08380341394193086,,,0.9548931608776842,,0.9549153787417481,0.045084621258251856,0.9694810544495559,0.09943512510667457,5,0.001,0.1,0.9777034035723974,0.9891463318267832,0.9939879697721417,0.9950709268836421,1.0,0.9950903905951535,0.9956135384937203,0.9933461405866023,0.9938603192612642,0.9903865617831243,0.9871528772838726,0.9911462932509385
1,5,2.042721139078271,0.4860081422755517,4667,2.2035307025909425,0.34704370179948585,778,2.199175407330449,0.3725,0.9982841028636483,0.08380178376472992,,,0.9546067600079711,,0.9546254144073613,0.04537458559263874,0.9694802718183378,0.09943512480701723,5,0.001,0.1,0.9729192076137266,0.9895134387579175,0.9923260545656414,0.9942913631549408,0.9950903905951535,1.0,0.9966626758885452,0.9965006207800058,0.9949030020108727,0.9938895002649168,0.9923059259872418,0.9928228941146918
1,6,2.046736263717924,0.4596002694812486,4453,2.1955043971538544,0.3894878706199461,742,2.1991753989515215,0.3725,0.9979111799134646,0.08379174820991911,,,0.9528436439343206,,0.9528614647065078,0.04713853529349221,0.9694802862519675,0.09943512345633036,5,0.001,0.1,0.9699448945924468,0.985519978794328,0.9913147627279507,0.9929020944285182,0.9956135384937203,0.9966626758885452,1.0,0.9963857593961086,0.9966117549137532,0.995600246604194,0.992232547126152,0.9939506106751492
1,7,2.073200357138221,0.44554594341828385,4277,2.1936800272568413,0.3702664796633941,713,2.199177227842922,0.3725,0.9970867453823324,0.08357185761408119,,,0.9142117345605969,,0.9142333826272702,0.08576661737272984,0.9694743686820413,0.09943452293556816,5,0.001,0.1,0.9666287297108002,0.9840987371350778,0.9890891481633787,0.9921026048079459,0.9933461405866023,0.9965006207800058,0.9963857593961086,1.0,0.9949198655057458,0.9956389086801677,0.9944925429895415,0.9937018556865342
1,8,2.0736246917797967,0.4504238314361831,4129,2.1945316683162344,0.3953488372093023,688,2.1991772567883086,0.3724,0.9962119629715851,0.08350054115661484,,,0.9016823632557615,,0.9017020906428509,0.0982979093571491,0.9694789886039119,0.09943424131576077,5,0.001,0.1,0.9634049727372772,0.9812498949713625,0.9865739694920799,0.9914225034232559,0.9938603192612642,0.9949030020108727,0.9966117549137532,0.9949198655057458,1.0,0.994359706979854,0.9943923191134565,0.9947307018365198
1,9,2.0849331227559893,0.40489877530617346,4001,2.202743337267921,0.3658170914542729,667,2.1991874889824716,0.3727,0.9943311980983154,0.08308917255507317,,,0.829410265973042,,0.8294284802969235,0.1705715197030765,0.9694119661880798,0.09943162268232901,5,0.001,0.1,0.9578869181721128,0.9766881922830627,0.9833258396958106,0.9871540744150051,0.9903865617831243,0.9938895002649168,0.995600246604194,0.9956389086801677,0.994359706979854,1.0,0.9935745959348071,0.9954972418916727
1,10,2.0991410611105747,0.4106454101311391,3889,2.1980619317009333,0.37037037037037035,648,2.1991965869745127,0.3726,0.992816941908194,0.08284521019140902,,,0.7865492609911832,,0.7865669189356376,0.21343308106436243,0.9694207390996353,0.0994274633545088,5,0.001,0.1,0.9552688951868729,0.9763597255102909,0.980856638542843,0.9875201599306881,0.9871528772838726,0.9923059259872418,0.992232547126152,0.9944925429895415,0.9943923191134565,0.9935745959348071,1.0,0.991795194809346
1,11,2.102303804870413,0.38812978106040624,3791,2.2013686656951905,0.3401898734177215,632,2.199191047741582,0.3726,0.993173623845769,0.08299165212009951,,,0.8122771976322505,,0.812286755395753,0.187713244604247,0.9694310096028059,0.09942933992200606,5,0.001,0.1,0.9558847998863613,0.9739276415233865,0.9815291707716096,0.9851966766302872,0.9911462932509385,0.9928228941146918,0.9939506106751492,0.9937018556865342,0.9947307018365198,0.9954972418916727,0.991795194809346,1.0
2,0,1.559338753974855,0.5742147552958364,8214,2.122607153515483,0.4579985390796202,1369,2.1244671687531396,0.4513,0.9863870831514531,0.0820705296193034,,,0.6,,0.600013531668938,0.399986468331062,0.98966660583331,0.09954032589483554,5,0.001,0.1,1.0,0.9942879692890807,0.9931655134432505,0.9890713616297129,0.9857801647251623,0.9818430976428818,0.9801061778502732,0.9778435591089885,0.9746835443377294,0.973235390093198,0.9698028833733549,0.9701416692695723
2,1,1.6923522288359485,0.5470033465165804,6574,2.1303198065076554,0.44343065693430656,1096,2.124164348212294,0.4518,0.995009078211004,0.08325857988303631,,,0.8644538467053169,,0.8644706701075767,0.13552932989242328,0.9899283587076569,0.09960281538421717,5,0.001,0.1,0.9942879692890807,1.0,0.9967737418837261,0.9964537624597167,0.9928427194413159,0.9923082414752711,0.9903420578159998,0.9894109937097454,0.987540451940776,0.98580657338128,0.9847237832387964,0.9823208609858308
2,2,1.7417868093891038,0.5566315061386824,5783,2.122848718397079,0.4367219917012448,964,2.124158792983229,0.4518,0.9966445145761162,0.08355807358138527,,,0.9311195956303895,,0.9311383033220247,0.06886169667797526,0.9899411518792985,0.09960429722612159,5,0.001,0.1,0.9931655134432505,0.9967737418837261,1.0,0.9969596417312202,0.9959042532937694,0.9941581938699179,0.993113907116539,0.9920790645548799,0.9890656169107379,0.9884766843808466,0.9862714683140587,0.9863306048569331
2,3,1.7968404152307165,0.5549082655570267,5287,2.132522463798523,0.46311010215664017,881,2.1241574203625273,0.4518,0.9978220358446067,0.08373274252636899,,,0.9699999997774051,,0.9700176878243976,0.029982312175602432,0.9899438704498652,0.09960453711409598,5,0.001,0.1,0.9890713616297129,0.9964537624597167,0.9969596417312202,1.0,0.9963633223310513,0.9957098792536281,0.9943348919672694,0.9940225577306552,0.9927216199091137,0.9907861042302031,0.9909967959105379,0.9888825808164724
2,4,1.8396719531090029,0.5356838905775076,4935,2.1187773851247935,0.4683698296836983,822,2.124157581847316,0.4518,0.9981634081669812,0.08369098841879849,,,0.9607057512932783,,0.960719498168392,0.03928050183160803,0.9899431577957527,0.09960452365796561,5,0.001,0.1,0.9857801647251623,0.9928427194413159,0.9959042532937694,0.9963633223310513,1.0,0.9961747920940671,0.9964216004250851,0.9954427453922856,0.9941241896882101,0.9930191064485917,0.991152093439995,0.9931053961496209
2,5,1.863554302143724,0.5544032569102207,4667,2.130872325897217,0.43444730077120824,778,2.1241576138395852,0.4518,0.998682373171968,0.08370675434560029,,,0.964215165092414,,0.9642328993533795,0.035767100646620476,0.9899431447073341,0.09960452510700493,5,0.001,0.1,0.9818430976428818,0.9923082414752711,0.9941581938699179,0.9957098792536281,0.9961747920940671,1.0,0.9977230072799814,0.9973194080581114,0.9960204993180009,0.995841311919776,0.9947334451847392,0.9946584967710086
2,6,1.8694210766042982,0.5311026274421738,4453,2.1179498732089996,0.4501347708894879,742,2.124157590987964,0.4518,0.9984161267964086,0.08369199221253579,,,0.9609291905897714,,0.9609418041580886,0.03905819584191139,0.9899431574927335,0.09960452375087592,5,0.001,0.1,0.9801061778502732,0.9903420578159998,0.993113907116539,0.9943348919672694,0.9964216004250851,0.9977230072799814,1.0,0.9975593405100515,0.996761454229682,0.9963356404591907,0.995009664299954,0.995583312239739
2,7,1.904612087491733,0.522375496843582,4277,2.1171533439470376,0.45161290322580644,713,2.1241594731998137,0.4518,0.9978751250274895,0.08353953428047584,,,0.9269928430927297,,0.9270111442959182,0.07298885570408176,0.9899379519972181,0.09960425206541065,5,0.001,0.1,0.9778435591089885,0.9894109937097454,0.9920790645548799,0.9940225577306552,0.9954427453922856,0.9973194080581114,0.9975593405100515,1.0,0.9957770163871315,0.9965512430261371,0.995714885519853,0.995086199788217
2,8,1.9054046805088336,0.5196415596996852,4129,2.1168651472438467,0.4752906976744186,688,2.1241600383965733,0.4518,0.9968586521284439,0.08346291684420568,,,0.9099381978770635,,0.9099612414339703,0.09003875856602972,0.9899317024096704,0.0996041344614355,5,0.001,0.1,0.9746835443377294,0.987540451940776,0.9890656169107379,0.9927216199091137,0.9941241896882101,0.9960204993180009,0.996761454229682,0.9957770163871315,1.0,0.9957054315713931,0.9960573420002635,0.9961876279577384
2,9,1.9238361827910893,0.50912271932017,4001,2.1294562021891275,0.4512743628185907,667,2.124173341086878,0.4518,0.996265021558007,0.08319122023365053,,,0.8494599369890552,,0.849484346758682,0.150515653241318,0.9899256541037621,0.09960223539110996,5,0.001,0.1,0.973235390093198,0.98580657338128,0.9884766843808466,0.9907861042302031,0.9930191064485917,0.995841311919776,0.9963356404591907,0.9965512430261371,0.9957054315713931,1.0,0.9955010498595678,0.9963035606907505
2,10,1.9406411866672704,0.49298020056569813,3889,2.121220066433861,0.46296296296296297,648,2.1241883188010022,0.4518,0.9951433933030868,0.08300522714594706,,,0.808058837216362,,0.8080774398082369,0.19192256019176313,0.9898980644996317,0.09959835121902336,5,0.001,0.1,0.9698028833733549,0.9847237832387964,0.9862714683140587,0.9909967959105379,0.991152093439995,0.9947334451847392,0.995009664299954,0.995714885519853,0.9960573420002635,0.9955010498595678,1.0,0.9941652045445519
2,11,1.9461390535370642,0.4924294381429702,3791,2.1275544285774233,0.42563291139240506,632,2.124178864323674,0.4518,0.9950295105895378,0.08309144090869229,,,0.8272495750941334,,0.8272682460057413,0.17273175399425866,0.9899069147483891,0.09960093156599328,5,0.001,0.1,0.9701416692695723,0.9823208609858308,0.9863306048569331,0.9888825808164724,0.9931053961496209,0.9946584967710086,0.995583312239739,0.995086199788217,0.9961876279577384,0.9963035606907505,0.9941652045445519,1.0
3,0,1.4181142746706417,0.5979303627952277,8214,2.031869702560957,0.5010956902848794,1369,2.033736245319866,0.494,0.9893090836765495,0.08231877433080431,,,0.6,,0.600013531668938,0.399986468331062,0.9948945303164923,0.09960789932217151,5,0.001,0.1,1.0,0.9950325024317758,0.9930773659484458,0.9910847871216634,0.987856493871779,0.9853171692709156,0.9853521384345909,0.9820400467397997,0.9809392363353912,0.9791407593961367,0.97704720824,0.9762377771741482
3,1,1.5380060124165804,0.5823243078795254,6574,2.041026084763663,0.48266423357664234,1096,2.033264940539107,0.494,0.9962489061933254,0.0832720070174487,,,0.8687517688762081,,0.8687718077343154,0.1312281922656846,0.9951675000980654,0.09967246485003438,5,0.001,0.1,0.9950325024317758,1.0,0.9966248406804842,0.9968318664577726,0.993916950226674,0.9944537829833836,0.9933666483145974,0.9914905210674312,0.9908725109969699,0.9889344653028679,0.9883780738499816,0.9860713660699164
3,2,1.5742077755005979,0.5956769842642228,5783,2.0318035733315254,0.483402489626556,964,2.0332578397787415,0.494,0.9972110423922919,0.08348687653081122,,,0.9293314810522842,,0.9293453571877326,0.07065464281226741,0.995172314180448,0.09967384014784089,5,0.001,0.1,0.9930773659484458,0.9966248406804842,1.0,0.9970431425456433,0.9967476832522761,0.9947337948132298,0.9946187886942075,0.9933604451050508,0.9917635223479752,0.9902970979364623,0.9895218372411817,0.9896426245472435
3,3,1.626477959500738,0.5820313977681104,5287,2.043988823890686,0.4982973893303065,881,2.0332562302629027,0.494,0.9979199941595468,0.08361696590652318,,,0.9660085173356968,,0.9660258454876717,0.033974154512328325,0.9951739937300711,0.09967400262662265,5,0.001,0.1,0.9910847871216634,0.9968318664577726,0.9970431425456433,1.0,0.9967148910819221,0.9962451731447142,0.9958258616321102,0.9946410714663988,0.9938318270131792,0.9916185612037404,0.9921182336445502,0.9899142619573705
3,4,1.6714559982668968,0.5656332320162107,4935,2.026284236174363,0.5097323600973236,822,2.033256362421444,0.494,0.9980857436536407,0.08359669575789033,,,0.9602936080834368,,0.9603135481002504,0.03968645189974962,0.99517393884489,0.09967399976286058,5,0.001,0.1,0.987856493871779,0.993916950226674,0.9967476832522761,0.9967148910819221,1.0,0.9962828344291483,0.9965345352478029,0.9957670600707289,0.994565173404072,0.9928539824225224,0.9927658296855542,0.9938064708753735
3,5,1.6952373538931755,0.5855153203342618,4667,2.042742495536804,0.46272493573264784,778,2.033256408124686,0.494,0.9988520912917143,0.08363112325138809,,,0.9699999997180628,,0.9700176878243976,0.029982312175602432,0.9951739315334475,0.09967400563742476,5,0.001,0.1,0.9853171692709156,0.9944537829833836,0.9947337948132298,0.9962451731447142,0.9962828344291483,1.0,0.9979071027350627,0.9972866221816054,0.9973260994444969,0.9960076635508657,0.9962652086900738,0.995130666601268
3,6,1.6997711336612702,0.5692791376600045,4453,2.0244554728269577,0.5026954177897575,742,2.0332564035543617,0.494,0.9988481343011056,0.08362193620892806,,,0.9674098305532124,,0.9674273397705415,0.03257266022945848,0.9951739468293866,0.09967400293132896,5,0.001,0.1,0.9853521384345909,0.9933666483145974,0.9946187886942075,0.9958258616321102,0.9965345352478029,0.9979071027350627,1.0,0.9971965090720354,0.9976123879321216,0.996637849154734,0.9961914904064277,0.9956687661085848
3,7,1.7368779191330297,0.5588496609773206,4277,2.0245670235675313,0.5105189340813464,713,2.0332579578454504,0.494,0.9979515470664064,0.08349941686778754,,,0.9328670687339821,,0.9328877548061588,0.06711224519384118,0.9951722968358001,0.09967386689100588,5,0.001,0.1,0.9820400467397997,0.9914905210674312,0.9933604451050508,0.9946410714663988,0.9957670600707289,0.9972866221816054,0.9971965090720354,1.0,0.9965749124515196,0.9958144333390995,0.9964835286250135,0.9955022320276453
3,8,1.7383774203520554,0.5576652942601114,4129,2.0230224945328454,0.5145348837209303,688,2.033259130514468,0.494,0.9976966257388892,0.0834441645287573,,,0.917289378148069,,0.9173118373106774,0.08268816268932255,0.9951717668005244,0.09967379745445318,5,0.001,0.1,0.9809392363353912,0.9908725109969699,0.9917635223479752,0.9938318270131792,0.994565173404072,0.9973260994444969,0.9976123879321216,0.9965749124515196,1.0,0.9964782669350023,0.9968505536579843,0.9962959800010149
3,9,1.7561394857035744,0.5667583104223944,4001,2.0404199077969505,0.4917541229385307,667,2.03327541191357,0.4942,0.9965543422212734,0.08324053497571482,,,0.8598786290808218,,0.8598988991020771,0.14010110089792294,0.9951687251513968,0.09967205821218282,5,0.001,0.1,0.9791407593961367,0.9889344653028679,0.9902970979364623,0.9916185612037404,0.9928539824225224,0.9960076635508657,0.996637849154734,0.9958144333390995,0.9964782669350023,1.0,0.9961796562477604,0.9954964360731886
3,10,1.777512731903889,0.5290305991257392,3889,2.0278470800036477,0.5077160493827161,648,2.0332975795093815,0.4943,0.9963607557842742,0.08312014196834057,,,0.8259353598817173,,0.8259537410231875,0.17404625897681247,0.9951345941433242,0.09966981259107532,5,0.001,0.1,0.97704720824,0.9883780738499816,0.9895218372411817,0.9921182336445502,0.9927658296855542,0.9962652086900738,0.9961914904064277,0.9964835286250135,0.9968505536579843,0.9961796562477604,1.0,0.9953164737644217
3,11,1.7837753578394402,0.5390662094434187,3791,2.038199019432068,0.4699367088607595,632,2.0332838334976295,0.4943,0.995689309485271,0.0831513626556059,,,0.8347376334982719,,0.8347589913107355,0.1652410086892645,0.9951619871595926,0.09967073923145917,5,0.001,0.1,0.9762377771741482,0.9860713660699164,0.9896426245472435,0.9899142619573705,0.9938064708753735,0.995130666601268,0.9956687661085848,0.9955022320276453,0.9962959800010149,0.9954964360731886,0.9953164737644217,1.0
4,0,1.3084165828701124,0.618018018018018,8214,1.9264280823774116,0.5317750182615048,1369,1.9283953973660455,0.5313,0.990247540016246,0.0824910386925391,,,0.6,,0.600013531668938,0.399986468331062,0.9965116827448623,0.09963792141371408,5,0.001,0.1,1.0,0.9950091068421115,0.9934502461678345,0.9912530741984655,0.9885748407254606,0.9866833737687815,0.9864612227239504,0.9836670559573151,0.9820688754251115,0.9817311109097435,0.9799719881133355,0.9792885014936162
4,1,1.4135900145016829,0.5966534834195315,6574,1.936945482662746,0.5273722627737226,1096,1.927731183390267,0.532,0.9966756222367176,0.08328353986449082,,,0.8704475727539693,,0.8704680990904785,0.1295319009095215,0.9967449603123912,0.09970439798975916,5,0.001,0.1,0.9950091068421115,1.0,0.9970316370043965,0.9966076563208329,0.994728741527908,0.9949749153427124,0.9942442772254337,0.9924333858177743,0.9910835479597192,0.9906632899272819,0.9899672646454357,0.988193441797198
4,2,1.4370038017383597,0.620612139028186,5783,1.9263488900276922,0.5197095435684648,964,1.9277205710974745,0.532,0.9977455034659233,0.08344993624854097,,,0.9272317136159623,,0.9272479485023342,0.07275205149766584,0.9967515764256203,0.09970595397812146,5,0.001,0.1,0.9934502461678345,0.9970316370043965,1.0,0.9975612325185285,0.9969928738984593,0.9955715057883646,0.9956808690258067,0.994204939443693,0.9922592620019163,0.9923209368040089,0.9918064214076071,0.9908212411313253
4,3,1.4836574754083014,0.6007565727255533,5287,1.9409820096833366,0.5368898978433598,881,1.927718734588867,0.5321,0.9984450189777254,0.08355235032380075,,,0.9621813629668117,,0.962198316273765,0.03780168372623505,0.9967513447604557,0.09970611760071282,5,0.001,0.1,0.9912530741984655,0.9966076563208329,0.9975612325185285,1.0,0.9974417869284022,0.9967161219892463,0.9967655341482353,0.9956871620452057,0.9940061725808899,0.9938082072703139,0.9939253922137289,0.9922631579507004
4,4,1.526587179860761,0.5927862208713273,4935,1.9189457297325134,0.5437956204379562,822,1.927718900263119,0.5321,0.9982299450644527,0.08353296669824195,,,0.9555665405929366,,0.9555919621886508,0.044408037811349166,0.9967513613705488,0.09970610913596648,5,0.001,0.1,0.9885748407254606,0.994728741527908,0.9969928738984593,0.9974417869284022,1.0,0.9965576562386949,0.9968866520447428,0.9959021173023181,0.9943916869220859,0.9940975432951065,0.9941543211040644,0.9937049173930784
4,5,1.5488974339341464,0.6056138847225199,4667,1.9404674100875854,0.4961439588688946,778,1.9277190000485307,0.5321,0.9988854662255152,0.08357526152495638,,,0.9699999996587416,,0.9700176878243976,0.029982312175602432,0.9967513719603617,0.0997061288462281,5,0.001,0.1,0.9866833737687815,0.9949749153427124,0.9955715057883646,0.9967161219892463,0.9965576562386949,1.0,0.9979395288646585,0.9973040446864405,0.9966963528008134,0.9964313404798734,0.9965553920110853,0.9958307411506724
4,6,1.5505163242135729,0.6006737031214912,4453,1.9163011461496353,0.5498652291105122,742,1.9277190194724085,0.5321,0.9988106320315283,0.08356720756067279,,,0.9672515178032761,,0.9672726921255352,0.03272730787446476,0.9967513567312931,0.09970612429109713,5,0.001,0.1,0.9864612227239504,0.9942442772254337,0.9956808690258067,0.9967655341482353,0.9968866520447428,0.9979395288646585,1.0,0.9970836201411506,0.99674219837115,0.9964067755406948,0.9963078810008865,0.9958423613165029
4,7,1.5870350734511418,0.5921907879354688,4277,1.9174253214960513,0.5343618513323983,713,1.9277203044952296,0.532,0.9979755396188932,0.08346506003976216,,,0.9323928323264066,,0.9324093136544205,0.06759068634557952,0.9967516255177273,0.09970597686593462,5,0.001,0.1,0.9836670559573151,0.9924333858177743,0.994204939443693,0.9956871620452057,0.9959021173023181,0.9973040446864405,0.9970836201411506,1.0,0.9960446317881056,0.995909716070707,0.996675125393803,0.9954386018085274
4,8,1.5891843450986423,0.5848389440542504,4129,1.9141358787363225,0.5566860465116279,688,1.9277216447428012,0.5321,0.9973074954291882,0.08340958258719451,,,0.9134606932703295,,0.9134843080967707,0.08651569190322927,0.996751711215051,0.09970589399777341,5,0.001,0.1,0.9820688754251115,0.9910835479597192,0.9922592620019163,0.9940061725808899,0.9943916869220859,0.9966963528008134,0.99674219837115,0.9960446317881056,1.0,0.9958568672620972,0.9964484085173103,0.9967612795413239
4,9,1.6086212374861277,0.5953011747063234,4001,1.9368430319286527,0.5307346326836582,667,1.9277430353834988,0.5322,0.9970534570144305,0.08327643065518203,,,0.8680214963394379,,0.8680372314205352,0.13196276857946476,0.9967461454685417,0.09970413945472398,5,0.001,0.1,0.9817311109097435,0.9906632899272819,0.9923209368040089,0.9938082072703139,0.9940975432951065,0.9964313404798734,0.9964067755406948,0.995909716070707,0.9958568672620972,1.0,0.9964778874767464,0.9956232655922228
4,10,1.627341366009634,0.5591154538441759,3889,1.9192867960248674,0.5401234567901234,648,1.927771029761805,0.5321,0.9969817249589747,0.08320024051771133,,,0.8420209824272656,,0.8420370961038459,0.15796290389615408,0.996735723801382,0.09970294408408142,5,0.001,0.1,0.9799719881133355,0.9899672646454357,0.9918064214076071,0.9939253922137289,0.9941543211040644,0.9965553920110853,0.9963078810008865,0.996675125393803,0.9964484085173103,0.9964778874767464,1.0,0.9961608938539168
4,11,1.6340633074776465,0.5675547348984437,3791,1.934444969892502,0.5253164556962026,632,1.9277547495052838,0.5322,0.9962691561166959,0.0831963852869072,,,0.8407053530625626,,0.8407225911212921,0.1592774088787079,0.9967367923761589,0.0997029311036747,5,0.001,0.1,0.9792885014936162,0.988193441797198,0.9908212411313253,0.9922631579507004,0.9937049173930784,0.9958307411506724,0.9958423613165029,0.9954386018085274,0.9967612795413239,0.9956232655922228,0.9961608938539168,1.0
5,0,1.2185843230221522,0.6332359386413441,8214,1.8088710834813673,0.5682980277574872,1369,1.8108770272221428,0.5641,0.990234568802872,0.08259665893275589,,,0.97,,0.9700176878243976,0.029982312175602432,0.996510948641043,0.09970488806874524,5,0.001,0.1,1.0,0.9946464292961636,0.9926643847447449,0.9905426183203351,0.9878564112600725,0.986505856660084,0.9860224206152604,0.9841599847265977,0.9831970088300159,0.980801108155723,0.9810622799288019,0.9803953112112396
5,1,1.3106816971186295,0.6133556434438698,6574,1.8208886419023786,0.5620437956204379,1096,1.8101444225341747,0.5646,0.9966914225713668,0.08329146671405367,,,0.97,,0.9700176878243976,0.029982312175602432,0.9972268573531102,0.09970488806874524,5,0.001,0.1,0.9946464292961636,1.0,0.9966889253341255,0.9962204461265914,0.9943105658660758,0.9946307799421196,0.9937594497831688,0.9927610073428628,0.9918812300039751,0.9902459373002027,0.9906707829223794,0.989174312163756
5,2,1.3228295323598451,0.6349299671450804,5783,1.8089668827672158,0.5529045643153527,964,1.810132357259147,0.5648,0.9978278622349444,0.08343026988744018,,,0.97,,0.9700176878243976,0.029982312175602432,0.9972458181261008,0.09970488806874524,5,0.001,0.1,0.9926643847447449,0.9966889253341255,1.0,0.9972870721518338,0.9966048816309898,0.9954376480744599,0.9953619083077793,0.9944659241970951,0.9933667769944658,0.9920093932982514,0.9927915135208972,0.9918716571120813
5,3,1.3630126845405763,0.6153205976924532,5287,1.8257448971271515,0.5607264472190693,881,1.8101301871168727,0.5647,0.9982959631985611,0.08350822910972362,,,0.97,,0.9700176878243976,0.029982312175602432,0.997247764607192,0.09970488806874524,5,0.001,0.1,0.9905426183203351,0.9962204461265914,0.9972870721518338,1.0,0.9971562887853309,0.996495775961929,0.9961405079817349,0.9960335761387128,0.9944964220221206,0.9927343062466557,0.9942200208217243,0.9927928274467606
5,4,1.404735058969067,0.6110638297872341,4935,1.7994972008925219,0.572992700729927,822,1.8101303786896288,0.5647,0.9981539066673281,0.08349174748059382,,,0.97,,0.9700176878243976,0.029982312175602432,0.9972476429474325,0.09970488806874524,5,0.001,0.1,0.9878564112600725,0.9943105658660758,0.9966048816309898,0.9971562887853309,1.0,0.9963418771225953,0.9966831666648224,0.9959126913829612,0.9949814164787616,0.9940358412405933,0.9947476788624611,0.9937647185226054
5,5,1.4235330564518498,0.6203128347975144,4667,1.8267896699905395,0.5372750642673522,778,1.810130492186013,0.5647,0.9987507406622561,0.0835369746171697,,,0.97,,0.9700176878243976,0.029982312175602432,0.9972479476533634,0.09970488806874524,5,0.001,0.1,0.986505856660084,0.9946307799421196,0.9954376480744599,0.996495775961929,0.9963418771225953,1.0,0.997658445816408,0.9968996689938782,0.9968904402188018,0.9958822939947216,0.9966807416979777,0.9961030826009016
5,6,1.4199050921201706,0.6183247249045587,4453,1.7960901707410812,0.5808625336927223,742,1.8101305180845169,0.5647,0.9985733709660197,0.08352630449460757,,,0.97,,0.9700176878243976,0.029982312175602432,0.9972478652667732,0.09970488806874524,5,0.001,0.1,0.9860224206152604,0.9937594497831688,0.9953619083077793,0.9961405079817349,0.9966831666648224,0.997658445816408,1.0,0.9968354047134792,0.9970194689901716,0.9956196592191304,0.9963986931780473,0.9958993912822739
5,7,1.4560681667790485,0.6077624503156418,4277,1.7979568502177363,0.5722300140252454,713,1.8101320499048446,0.5647,0.9979645468494421,0.08344396417082958,,,0.97,,0.9700176878243976,0.029982312175602432,0.9972460404938567,0.09970488806874524,5,0.001,0.1,0.9841599847265977,0.9927610073428628,0.9944659241970951,0.9960335761387128,0.9959126913829612,0.9968996689938782,0.9968354047134792,1.0,0.9963240921658904,0.9951685246967827,0.9963972778413008,0.9951451612615637
5,8,1.464175219810926,0.5975296682005328,4129,1.7929900938814336,0.5813953488372093,688,1.8101335722036636,0.5646,0.9976985042571679,0.08340133102122613,,,0.97,,0.9700176878243976,0.029982312175602432,0.9972449046575247,0.09970488806874524,5,0.001,0.1,0.9831970088300159,0.9918812300039751,0.9933667769944658,0.9944964220221206,0.9949814164787616,0.9968904402188018,0.9970194689901716,0.9963240921658904,1.0,0.9954767177613727,0.9966800397731864,0.9966091858949637
5,9,1.477115640659181,0.6091977005748563,4001,1.8209799755187261,0.5652173913043478,667,1.8101577008494174,0.5644,0.9964968284546546,0.08328082003524258,,,0.97,,0.9700176878243976,0.029982312175602432,0.9972230237611873,0.09970488806874524,5,0.001,0.1,0.980801108155723,0.9902459373002027,0.9920093932982514,0.9927343062466557,0.9940358412405933,0.9958822939947216,0.9956196592191304,0.9951685246967827,0.9954767177613727,1.0,0.9959716191701038,0.9945949113225198
5,10,1.4951451616209062,0.5825147852918489,3889,1.7982326745986938,0.5648148148148148,648,1.8101899372503019,0.5645,0.9972940647935613,0.08325981610305647,,,0.97,,0.9700176878243976,0.029982312175602432,0.9972097260308108,0.09970488806874524,5,0.001,0.1,0.9810622799288019,0.9906707829223794,0.9927915135208972,0.9942200208217243,0.9947476788624611,0.9966807416979777,0.9963986931780473,0.9963972778413008,0.9966800397731864,0.9959716191701038,1.0,0.996453648478919
5,11,1.5019543236043273,0.590134529147982,3791,1.8188886523246766,0.5617088607594937,632,1.8101709060394726,0.5644,0.9965189280498045,0.08323241743330079,,,0.97,,0.9700176878243976,0.029982312175602432,0.9972096153887388,0.09970488806874524,5,0.001,0.1,0.9803953112112396,0.989174312163756,0.9918716571120813,0.9927928274467606,0.9937647185226054,0.9961030826009016,0.9958993912822739,0.9951451612615637,0.9966091858949637,0.9945949113225198,0.996453648478919,1.0
6,0,1.1449163744421784,0.6434380326272218,8214,1.6832743966302206,0.5967859751643535,1369,1.6854266084421177,0.5874,0.9899168955836669,0.08266026974449518,,,0.97,,0.9700176878243976,0.029982312175602432,0.9981879901285051,0.09967648269960003,5,0.001,0.1,1.0,0.9939077383526728,0.9917864477747652,0.9895404988444365,0.9868757623894101,0.9861741043940759,0.9853068388119862,0.9836235958347302,0.9810004445088849,0.9811715136992188,0.9812126551003463,0.9800821193007847
6,1,1.228121131369211,0.6229996957712199,6574,1.696691530091422,0.5766423357664233,1096,1.684650853038215,0.5871,0.996499183920968,0.08329925324395927,,,0.97,,0.9700176878243976,0.029982312175602432,0.9981879901285051,0.09967648269960003,5,0.001,0.1,0.9939077383526728,1.0,0.9961843388094384,0.9955144145532294,0.9932274245877147,0.9942758504777717,0.9932748945687319,0.9921518097916677,0.9907953722952955,0.9906029775415182,0.9904111979016561,0.9889543630496241
6,2,1.2288088168228528,0.6467577381981671,5783,1.683658488335148,0.5767634854771784,964,1.6846374486581968,0.5871,0.9977706271666286,0.08342549884630396,,,0.97,,0.9700176878243976,0.029982312175602432,0.9981879901285051,0.09967648269960003,5,0.001,0.1,0.9917864477747652,0.9961843388094384,1.0,0.9966416501828641,0.995870514131607,0.9954331253813714,0.9947156953036456,0.9940888625582727,0.9921873545551056,0.9927036485961183,0.9932644435147127,0.991596936380254
6,3,1.2648803228355316,0.631019481747683,5287,1.7024575471878052,0.5777525539160046,881,1.684634917841171,0.5871,0.9981379791298605,0.0834852052778654,,,0.97,,0.9700176878243976,0.029982312175602432,0.9981879901285051,0.09967648269960003,5,0.001,0.1,0.9895404988444365,0.9955144145532294,0.9966416501828641,1.0,0.9965254359205332,0.9960879791324856,0.9958984598699253,0.9957148277025821,0.9930386698602383,0.9933136553155096,0.9940893085191476,0.9924724828243924
6,4,1.3023403597647143,0.6276798378926038,4935,1.6719900919840887,0.6009732360097324,822,1.6846351520702862,0.5871,0.9976941076540481,0.08346075452287857,,,0.97,,0.9700176878243976,0.029982312175602432,0.9981879901285051,0.09967648269960003,5,0.001,0.1,0.9868757623894101,0.9932274245877147,0.995870514131607,0.9965254359205332,1.0,0.9956792162975444,0.9962868358110601,0.9953606330204283,0.9919343456220231,0.9939197615120977,0.9946367662503522,0.9931915458204899
6,5,1.3186766922473907,0.6314548960788515,4667,1.7058051872253417,0.5501285347043702,778,1.6846352800393638,0.5871,0.9985505880923278,0.08351617231077109,,,0.97,,0.9700176878243976,0.029982312175602432,0.9981879901285051,0.09967648269960003,5,0.001,0.1,0.9861741043940759,0.9942758504777717,0.9954331253813714,0.9960879791324856,0.9956792162975444,1.0,0.9968571879789329,0.9965565176857245,0.9949764521823768,0.9958992095416427,0.9963001968568324,0.995506453271091
6,6,1.3130431971379688,0.6333707612845273,4453,1.6682508091131847,0.6037735849056604,742,1.6846352918460346,0.5871,0.9982076606504706,0.08349854827106028,,,0.97,,0.9700176878243976,0.029982312175602432,0.9981879901285051,0.09967648269960003,5,0.001,0.1,0.9853068388119862,0.9932748945687319,0.9947156953036456,0.9958984598699253,0.9962868358110601,0.9968571879789329,1.0,0.9965516517804998,0.9945948046805875,0.9951150350095459,0.9958809943747724,0.995153414163285
6,7,1.3454965573638233,0.6196399345335516,4277,1.6707195406374724,0.6002805049088359,713,1.6846371100733455,0.5871,0.9977412996203204,0.08343295542212278,,,0.97,,0.9700176878243976,0.029982312175602432,0.9981879901285051,0.09967648269960003,5,0.001,0.1,0.9836235958347302,0.9921518097916677,0.9940888625582727,0.9957148277025821,0.9953606330204283,0.9965565176857245,0.9965516517804998,1.0,0.9941664034646404,0.995149607273063,0.9960964329517729,0.9945886918809129
6,8,1.3489723334862636,0.6113829014289174,4129,1.6640058593316511,0.5973837209302325,688,1.6846387420599453,0.5871,0.9962456224239021,0.0833584843421406,,,0.97,,0.9700176878243976,0.029982312175602432,0.9981879901285051,0.09967648269960003,5,0.001,0.1,0.9810004445088849,0.9907953722952955,0.9921873545551056,0.9930386698602383,0.9919343456220231,0.9949764521823768,0.9945948046805875,0.9941664034646404,1.0,0.9940379786966667,0.9945891787672534,0.9948380825938711
6,9,1.3649238525875032,0.6230942264433892,4001,1.6970045907156808,0.5877061469265368,667,1.6846651436802678,0.5872,0.9967595691680821,0.08330112973857659,,,0.97,,0.9700176878243976,0.029982312175602432,0.9981879901285051,0.09967648269960003,5,0.001,0.1,0.9811715136992188,0.9906029775415182,0.9927036485961183,0.9933136553155096,0.9939197615120977,0.9958992095416427,0.9951150350095459,0.995149607273063,0.9940379786966667,1.0,0.9958491811047228,0.9945450070595833
6,10,1.3815910044263622,0.5989200308562612,3889,1.6686919870830716,0.5987654320987654,648,1.6847008527658236,0.5872,0.9972682159747359,0.08330466876245157,,,0.97,,0.9700176878243976,0.029982312175602432,0.9981879901285051,0.09967648269960003,5,0.001,0.1,0.9812126551003463,0.9904111979016561,0.9932644435147127,0.9940893085191476,0.9946367662503522,0.9963001968568324,0.9958809943747724,0.9960964329517729,0.9945891787672534,0.9958491811047228,1.0,0.9960562775310401
