round,client_id,client_i_training_loss,client_i_training_accuracy,client_i_training_dataset_size,client_i_evaluation_loss,client_i_evaluation_accuracy,client_i_evaluation_dataset_size,client_i_central_evaluation_loss,client_i_central_evaluation_accuracy,client_i_cosine_similarity,client_i_importance_coefficient,client_i_tanh_val,tanh_normalization_value,client_i_q,client_i_mask_order,client_i_v_nonzero_fraction,client_i_v_sparsity,client_i_v_cosine_similarity,client_i_reward_gradient_norm,local_epochs,learning_rate,gamma,client_0_cosine_similarity,client_1_cosine_similarity,client_2_cosine_similarity,client_3_cosine_similarity,client_4_cosine_similarity,client_5_cosine_similarity,client_6_cosine_similarity,client_7_cosine_similarity,client_8_cosine_similarity,client_9_cosine_similarity,client_10_cosine_similarity,client_11_cosine_similarity
0,0,0.27769340372169643,0.9116630143657171,8214,2.1622073373129203,0.5449233016800584,1369,2.1663368273847783,0.5344,0.7963004987499401,0.08391257961984319,,,,,,,0,0,5,0.1,0.5,1.0,0.5817454992056793,0.5672104487443868,0.5546340075174152,0.5672060765375453,0.5753250916546387,0.5831840431170779,0.5747252369264705,0.5578791442924034,0.5770713020137093,0.5794657804672314,0.5718972291351792
0,1,0.30621618551373914,0.9062062671128689,6574,2.167899669919695,0.5547445255474452,1096,2.1663368273847783,0.5344,0.8038914837072607,0.08471250267731226,,,,,,,0,0,5,0.1,0.5,0.5817454992056793,1.0,0.5846519468686073,0.5790535568418816,0.5861410077262216,0.5962033840717101,0.6164255595595537,0.6019141170395831,0.5850591207754271,0.5966336229778347,0.59547855263493,0.6005372057706057
0,2,0.32535332153031593,0.9005706380771226,5783,2.168007504555487,0.5134854771784232,964,2.1663368273847783,0.5344,0.7905007073251845,0.08330140901217399,,,,,,,0,0,5,0.1,0.5,0.5672104487443868,0.5846519468686073,1.0,0.5918021796035028,0.5795204286941179,0.5899832996614586,0.6025511060457684,0.5853777022651415,0.5869609698021395,0.5891023323253142,0.5834186080742646,0.6026111510654801
0,3,0.30966875690192613,0.9025912615850199,5287,2.161952487060002,0.5402951191827469,881,2.1663368273847783,0.5344,0.7856539859651926,0.08279067105250427,,,,,,,0,0,5,0.1,0.5,0.5546340075174152,0.5790535568418816,0.5918021796035028,1.0,0.5863405122130079,0.599168138812559,0.5923364363990817,0.5976470952388516,0.5928999661076085,0.5936131487548261,0.5979596039565481,0.5840729684923599
0,4,0.35196683314058086,0.8891590678824721,4935,2.1671060140316305,0.524330900243309,822,2.1663368273847783,0.5344,0.7871066420512205,0.08294374909235283,,,,,,,0,0,5,0.1,0.5,0.5672060765375453,0.5861410077262216,0.5795204286941179,0.5863405122130079,1.0,0.5943802846305665,0.6044559435918018,0.6021168807287846,0.5892944774651503,0.5960900644951189,0.6063821637366956,0.5991759990070308
0,5,0.34022777541987087,0.8936790229269338,4667,2.1683789539337157,0.5398457583547558,778,2.1663368273847783,0.5344,0.79139815949811,0.08339598075617494,,,,,,,0,0,5,0.1,0.5,0.5753250916546387,0.5962033840717101,0.5899832996614586,0.599168138812559,0.5943802846305665,1.0,0.6126054627962244,0.6095648175923011,0.5943410850903689,0.5971273088308561,0.5910806607203777,0.603861197757633
0,6,0.36518135834751386,0.8850662474736133,4453,2.1663514276345572,0.5121293800539084,742,2.1663368273847783,0.5344,0.8016774503571873,0.08447919219959603,,,,,,,0,0,5,0.1,0.5,0.5831840431170779,0.6164255595595537,0.6025511060457684,0.5923364363990817,0.6044559435918018,0.6126054627962244,1.0,0.6178831677785075,0.6034273126296293,0.6190978990938665,0.6113948122887108,0.616361326475703
0,7,0.3582490021640907,0.8876782791676409,4277,2.169812824415124,0.520336605890603,713,2.1663368273847783,0.5344,0.7917045511835366,0.08342826770907599,,,,,,,0,0,5,0.1,0.5,0.5747252369264705,0.6019141170395831,0.5853777022651415,0.5976470952388516,0.6021168807287846,0.6095648175923011,0.6178831677785075,1.0,0.6058895717004296,0.6044347027980229,0.5977039934183282,0.6050544346104235
0,8,0.36590848095285206,0.8844756599660935,4129,2.1538801301609385,0.5901162790697675,688,2.1663368273847783,0.5344,0.7805769904132375,0.08225566725161276,,,,,,,0,0,5,0.1,0.5,0.5578791442924034,0.5850591207754271,0.5869609698021395,0.5928999661076085,0.5892944774651503,0.5943410850903689,0.6034273126296293,0.6058895717004296,1.0,0.5877333976152793,0.613356271756497,0.6049336370026596
0,9,0.38286045741509345,0.8785303674081479,4001,2.1668858641669866,0.512743628185907,667,2.1663368273847783,0.5344,0.7859554801244345,0.0828224419137332,,,,,,,0,0,5,0.1,0.5,0.5770713020137093,0.5966336229778347,0.5891023323253142,0.5936131487548261,0.5960900644951189,0.5971273088308561,0.6190978990938665,0.6044347027980229,0.5877333976152793,1.0,0.6047343631017649,0.600130288147733
0,10,0.39292901994080326,0.8763692465929545,3889,2.1657350971585227,0.5370370370370371,648,2.1663368273847783,0.5344,0.7874895392414042,0.08298409804479973,,,,,,,0,0,5,0.1,0.5,0.5794657804672314,0.59547855263493,0.5834186080742646,0.5979596039565481,0.6063821637366956,0.5910806607203777,0.6113948122887108,0.5977039934183282,0.613356271756497,0.6047343631017649,1.0,0.6132328908380303
0,11,0.38142646501670363,0.8783434450013189,3791,2.175122344493866,0.5079113924050633,632,2.1663368273847783,0.5344,0.7873884045575071,0.08297344067082074,,,,,,,0,0,5,0.1,0.5,0.5718972291351792,0.6005372057706057,0.6026111510654801,0.5840729684923599,0.5991759990070308,0.603861197757633,0.616361326475703,0.6050544346104235,0.6049336370026596,0.600130288147733,0.6132328908380303,1.0
1,0,0.2560690191918658,0.9204528853177502,8214,1.9895084403281988,0.7640613586559533,1369,1.9975467189051472,0.748,0.795186324046826,0.08343554485506853,,,,,,,0,0,5,0.1,0.5,1.0,0.609619744739587,0.5994484905156994,0.6219691988529055,0.61633545732798,0.614905533825859,0.6077494400442913,0.6154475412831756,0.6203191640254807,0.5290308444183647,0.6159756346695051,0.611277954874686
1,1,0.27483567296464034,0.9153635533921509,6574,1.9998746633529663,0.7472627737226277,1096,1.9975467189051472,0.748,0.8034111198261431,0.08425342219403238,,,,,,,0,0,5,0.1,0.5,0.609619744739587,1.0,0.6076361076475284,0.6255526905959946,0.6226919942043383,0.6135597969816897,0.6207163095816334,0.6215312001927842,0.628137060905942,0.5435924804291602,0.6247443161521555,0.6199674038504385
1,2,0.29165605034432196,0.9107037869617846,5783,1.9985625666956748,0.7271784232365145,964,1.9975467189051472,0.748,0.7987430981829889,0.08315427045214815,,,,,,,0,0,5,0.1,0.5,0.5994484905156994,0.6076361076475284,1.0,0.6244202236303454,0.6057786873921195,0.614956640577842,0.612180635407456,0.6162584462493577,0.6246260475114338,0.5357363687797639,0.6244512404939146,0.6339762801987814
1,3,0.26435390153720256,0.91779837336864,5287,1.9911294877529144,0.7616345062429057,881,1.9975467189051472,0.748,0.8192804670319048,0.08353254066629842,,,,,,,0,0,5,0.1,0.5,0.6219691988529055,0.6255526905959946,0.6244202236303454,1.0,0.6300620468069358,0.6317066194329869,0.6392034530894432,0.6420161383633124,0.6458445854876066,0.5591648619867299,0.6432401980615673,0.6363094437652409
1,4,0.3102977305686762,0.9039108409321175,4935,1.9981304315420299,0.7591240875912408,822,1.9975467189051472,0.748,0.8074569734037572,0.08322125340855312,,,,,,,0,0,5,0.1,0.5,0.61633545732798,0.6226919942043383,0.6057786873921195,0.6300620468069358,1.0,0.624655967613331,0.6168706054035659,0.6346696462614148,0.6297072834713875,0.5477520992303704,0.6256201779135856,0.6307199276130064
1,5,0.30386794502145215,0.9056353117634455,4667,2.0019038438797,0.7493573264781491,778,1.9975467189051472,0.748,0.8108014648272686,0.08363805634384659,,,,,,,0,0,5,0.1,0.5,0.614905533825859,0.6135597969816897,0.614956640577842,0.6317066194329869,0.624655967613331,1.0,0.6231522235414365,0.6350858858091054,0.6403342772416059,0.5480578015360589,0.6354545638855947,0.6334769203495719
1,6,0.32930113215797713,0.8968335953289917,4453,1.9970473051071167,0.7533692722371967,742,1.9975467189051472,0.748,0.8081707861030765,0.08426483199119157,,,,,,,0,0,5,0.1,0.5,0.6077494400442913,0.6207163095816334,0.612180635407456,0.6392034530894432,0.6168706054035659,0.6231522235414365,1.0,0.6313687835168802,0.6346642842298836,0.5456708099864865,0.6278826675737629,0.6254232347820289
1,7,0.3165616720692435,0.9045592705167174,4277,2.0060196389322695,0.729312762973352,713,1.9975467189051472,0.748,0.8167179251142866,0.08386606263024073,,,,,,,0,0,5,0.1,0.5,0.6154475412831756,0.6215312001927842,0.6162584462493577,0.6420161383633124,0.6346696462614148,0.6350858858091054,0.6313687835168802,1.0,0.6418846569068928,0.5551372166365359,0.6362860206857361,0.642521241123236
1,8,0.319338557328083,0.9012351658997336,4129,1.9827115102247759,0.7630813953488372,688,1.9975467189051472,0.748,0.8187930817696456,0.08316058663001953,,,,,,,0,0,5,0.1,0.5,0.6203191640254807,0.628137060905942,0.6246260475114338,0.6458445854876066,0.6297072834713875,0.6403342772416059,0.6346642842298836,0.6418846569068928,1.0,0.5475607961015002,0.6375644663013413,0.6463943322040216
1,9,0.4206342796733398,0.8768307923019245,4001,1.9989573104040963,0.7436281859070465,667,1.9975467189051472,0.748,0.7278297036420579,0.08036041330242073,,,,,,,0,0,5,0.1,0.5,0.5290308444183647,0.5435924804291602,0.5357363687797639,0.5591648619867299,0.5477520992303704,0.5480578015360589,0.5456708099864865,0.5551372166365359,0.5475607961015002,1.0,0.5559408705299523,0.551188607710108
1,10,0.3355251033225509,0.8969915145281563,3889,1.999625143550691,0.7484567901234568,648,1.9975467189051472,0.748,0.8161937322487849,0.08355308518371193,,,,,,,0,0,5,0.1,0.5,0.6159756346695051,0.6247443161521555,0.6244512404939146,0.6432401980615673,0.6256201779135856,0.6354545638855947,0.6278826675737629,0.6362860206857361,0.6375644663013413,0.5559408705299523,1.0,0.6418381491335395
1,11,0.3316292255741208,0.8975468214191507,3791,2.0086512744426726,0.7136075949367089,632,1.9975467189051472,0.748,0.8165923193459277,0.08355993234246838,,,,,,,0,0,5,0.1,0.5,0.611277954874686,0.6199674038504385,0.6339762801987814,0.6363094437652409,0.6307199276130064,0.6334769203495719,0.6254232347820289,0.642521241123236,0.6463943322040216,0.551188607710108,0.6418381491335395,1.0
2,0,0.2344556584356331,0.9278305332359387,8214,1.7777676554613335,0.8758217677136596,1369,1.7896311165044865,0.8563,0.7980083587680735,0.08293581516571154,,,,,,,0,0,5,0.1,0.5,1.0,0.610908653819593,0.6195692143211614,0.6185492044186404,0.6119375415093478,0.6328778286672837,0.6112127590368683,0.612208851400717,0.6161982088021881,0.6033671385364712,0.6167362709729582,0.6153167234479643
2,1,0.24916865448422224,0.925707331913599,6574,1.7930098601749964,0.8394160583941606,1096,1.7896311165044865,0.8563,0.8050985604847544,0.08372331134286683,,,,,,,0,0,5,0.1,0.5,0.610908653819593,1.0,0.6231843962872414,0.6262207468649119,0.6191297986322902,0.6342823243366272,0.6100955769533093,0.6105433648070657,0.620070950074424,0.6285892229309683,0.6246508201117148,0.6272923727235995
2,2,0.2586246761519112,0.9230849040290506,5783,1.7897225464543989,0.8485477178423236,964,1.7896311165044865,0.8563,0.8089400949673491,0.08313025518759573,,,,,,,0,0,5,0.1,0.5,0.6195692143211614,0.6231843962872414,1.0,0.6298368811648087,0.6179896234841865,0.6332220841264893,0.6167954576260549,0.6237458513863824,0.6207897024671223,0.6256013532820828,0.6351297712127193,0.63115732268874
2,3,0.24165600790103606,0.9265746169850577,5287,1.780190029314586,0.8728717366628831,881,1.7896311165044865,0.8563,0.8160546230430595,0.08362793828033978,,,,,,,0,0,5,0.1,0.5,0.6185492044186404,0.6262207468649119,0.6298368811648087,1.0,0.63183535641475,0.6442975401377167,0.6205180393306858,0.631082064591601,0.6378465811766297,0.632425976456838,0.6389403855084982,0.6331791797254634
2,4,0.2876527991938976,0.9129888551165147,4935,1.7902508423878596,0.8673965936739659,822,1.7896311165044865,0.8563,0.8091578029717063,0.0831821190198284,,,,,,,0,0,5,0.1,0.5,0.6119375415093478,0.6191297986322902,0.6179896234841865,0.63183535641475,1.0,0.6357611096641758,0.6178421690586315,0.6257987976719624,0.6323095860226752,0.6336977858204693,0.6243866445189408,0.6285093511685647
2,5,0.25722994061939625,0.9235483179772873,4667,1.7960313844680786,0.8560411311053985,778,1.7896311165044865,0.8563,0.8230949978029546,0.08394270095932393,,,,,,,0,0,5,0.1,0.5,0.6328778286672837,0.6342823243366272,0.6332220841264893,0.6442975401377167,0.6357611096641758,1.0,0.6313207388157823,0.6356766251571051,0.6367979737590087,0.6360360506102987,0.6537481545523508,0.6386376788878747
2,6,0.2897087207888918,0.914888838984954,4453,1.7874944508075714,0.8557951482479784,742,1.7896311165044865,0.8563,0.805774802792793,0.0837543878120516,,,,,,,0,0,5,0.1,0.5,0.6112127590368683,0.6100955769533093,0.6167954576260549,0.6205180393306858,0.6178421690586315,0.6313207388157823,1.0,0.6181244719410502,0.6266653376767216,0.6317942098586791,0.6272057468249453,0.6299985971063399
2,7,0.2801966371834834,0.9154079962590601,4277,1.8034808480221292,0.8429172510518934,713,1.7896311165044865,0.8563,0.809824460142421,0.08363165322385603,,,,,,,0,0,5,0.1,0.5,0.612208851400717,0.6105433648070657,0.6237458513863824,0.631082064591601,0.6257987976719624,0.6356766251571051,0.6181244719410502,1.0,0.6324015172927372,0.6260837888402067,0.62848568971874,0.6384386993057879
2,8,0.2889775922797764,0.9116008718818116,4129,1.7730853936888955,0.8633720930232558,688,1.7896311165044865,0.8563,0.8147710574863873,0.08333734280258911,,,,,,,0,0,5,0.1,0.5,0.6161982088021881,0.620070950074424,0.6207897024671223,0.6378465811766297,0.6323095860226752,0.6367979737590087,0.6266653376767216,0.6324015172927372,1.0,0.6319245741963303,0.638304686548227,0.6405080933553536
2,9,0.29738312974825803,0.9080729817545614,4001,1.7921606983457292,0.8470764617691154,667,1.7896311165044865,0.8563,0.811465753525281,0.08137090190015278,,,,,,,0,0,5,0.1,0.5,0.6033671385364712,0.6285892229309683,0.6256013532820828,0.632425976456838,0.6336977858204693,0.6360360506102987,0.6317942098586791,0.6260837888402067,0.6319245741963303,1.0,0.6309007584255525,0.6335537931600094
2,10,0.29984445002571236,0.9082026227822062,3889,1.7938686155137562,0.8549382716049383,648,1.7896311165044865,0.8563,0.8172447585723214,0.08368293740165708,,,,,,,0,0,5,0.1,0.5,0.6167362709729582,0.6246508201117148,0.6351297712127193,0.6389403855084982,0.6243866445189408,0.6537481545523508,0.6272057468249453,0.62848568971874,0.638304686548227,0.6309007584255525,1.0,0.6376043740901048
2,11,0.29756138289675993,0.9093115273015036,3791,1.8042129397392273,0.8370253164556962,632,1.7896311165044865,0.8563,0.817048554343023,0.08368063690402736,,,,,,,0,0,5,0.1,0.5,0.6153167234479643,0.6272923727235995,0.63115732268874,0.6331791797254634,0.6285093511685647,0.6386376788878747,0.6299985971063399,0.6384386993057879,0.6405080933553536,0.6335537931600094,0.6376043740901048,1.0
3,0,0.21714831214282182,0.9338933528122717,8214,1.547170259231745,0.9262235208181154,1369,1.562922836873478,0.9052,0.7923117302783939,0.08294686658232647,,,,,,,0,0,5,0.1,0.5,1.0,0.6072940853074233,0.6041946506145958,0.603206550594304,0.607660868872239,0.6164626782344971,0.6016495340537289,0.6030013298956821,0.5598934597204386,0.5458602209913126,0.6089748450432749,0.6095467667688534
3,1,0.23166972251373877,0.9310009126863401,6574,1.567083842413766,0.8886861313868614,1096,1.562922836873478,0.9052,0.7987442562319544,0.08369626490588815,,,,,,,0,0,5,0.1,0.5,0.6072940853074233,1.0,0.6147675259462234,0.611625103752101,0.6180913449432216,0.617007138441689,0.6072979641061377,0.6050866317315746,0.5571673963920528,0.5606492878494181,0.6150581862507629,0.6117149414539612
3,2,0.23636890715039566,0.9298633927027494,5783,1.5611725891790083,0.8993775933609959,964,1.562922836873478,0.9052,0.8027900117488119,0.08344328991690257,,,,,,,0,0,5,0.1,0.5,0.6041946506145958,0.6147675259462234,1.0,0.6175938886223803,0.6206315749172719,0.6212232204360558,0.6074806957370369,0.6107657952305896,0.5655546233597395,0.561478838411952,0.619203379639104,0.6241146090876202
3,3,0.2191089868560961,0.9328163419708719,5287,1.550396054983139,0.9080590238365494,881,1.562922836873478,0.9052,0.8090880566631447,0.08399510411140847,,,,,,,0,0,5,0.1,0.5,0.603206550594304,0.611625103752101,0.6175938886223803,1.0,0.6235357172224036,0.6288650492378637,0.6119789869067347,0.6255719063366915,0.5755866596195905,0.5683433632023341,0.6288921564202904,0.62965913892413
3,4,0.25394715552368474,0.9225937183383992,4935,1.5635199409264784,0.916058394160584,822,1.562922836873478,0.9052,0.805781453956759,0.08358258671464756,,,,,,,0,0,5,0.1,0.5,0.607660868872239,0.6180913449432216,0.6206315749172719,0.6235357172224036,1.0,0.61956316874357,0.6081369330435177,0.6230774059876955,0.5738468690645034,0.5619343450909479,0.6166275004911449,0.6222119387193022
3,5,0.23693854036830264,0.9295907435183202,4667,1.5714921045303345,0.9125964010282777,778,1.562922836873478,0.9052,0.8124427025139166,0.0843220847655514,,,,,,,0,0,5,0.1,0.5,0.6164626782344971,0.617007138441689,0.6212232204360558,0.6288650492378637,0.61956316874357,1.0,0.6221585236611658,0.6222699982936853,0.578601090179771,0.5616871778703387,0.6350710393369757,0.6323935843068486
3,6,0.25930317051176516,0.9226139681113856,4453,1.558395341038704,0.9043126684636119,742,1.562922836873478,0.9052,0.7992268372800022,0.08373384993076095,,,,,,,0,0,5,0.1,0.5,0.6016495340537289,0.6072979641061377,0.6074806957370369,0.6119789869067347,0.6081369330435177,0.6221585236611658,1.0,0.6080669609685578,0.5625495387647701,0.5663893832672544,0.6184892372047405,0.616014789222599
3,7,0.25196387489368,0.9236848258124853,4277,1.5817913905433987,0.8962131837307152,713,1.562922836873478,0.9052,0.8042990419333576,0.08382983223253182,,,,,,,0,0,5,0.1,0.5,0.6030013298956821,0.6050866317315746,0.6107657952305896,0.6255719063366915,0.6230774059876955,0.6222699982936853,0.6080669609685578,1.0,0.566482204724907,0.5644396007386568,0.6221304316018809,0.6282327879581546
3,8,0.31597248947391143,0.9101477355291838,4129,1.5451595241373235,0.9113372093023255,688,1.562922836873478,0.9052,0.7556804499691838,0.08193100825778578,,,,,,,0,0,5,0.1,0.5,0.5598934597204386,0.5571673963920528,0.5655546233597395,0.5755866596195905,0.5738468690645034,0.578601090179771,0.5625495387647701,0.566482204724907,1.0,0.5214343020090371,0.5775962254635997,0.5775194276820925
3,9,0.2737042759565474,0.9186703324168958,4001,1.5674090158371699,0.8980509745127436,667,1.562922836873478,0.9052,0.7477650992207316,0.08034507101023597,,,,,,,0,0,5,0.1,0.5,0.5458602209913126,0.5606492878494181,0.561478838411952,0.5683433632023341,0.5619343450909479,0.5616871778703387,0.5663893832672544,0.5644396007386568,0.5214343020090371,1.0,0.5700490720309231,0.569746217011293
3,10,0.2733870854280645,0.9185394703008486,3889,1.5690941640308924,0.9120370370370371,648,1.562922836873478,0.9052,0.8102173799196816,0.0840712632723009,,,,,,,0,0,5,0.1,0.5,0.6089748450432749,0.6150581862507629,0.619203379639104,0.6288921564202904,0.6166275004911449,0.6350710393369757,0.6184892372047405,0.6221304316018809,0.5775962254635997,0.5700490720309231,1.0,0.6233110588153382
3,11,0.26227278753551614,0.9233975204431548,3791,1.582418531179428,0.875,632,1.562922836873478,0.9052,0.8111608278955517,0.08410277829965995,,,,,,,0,0,5,0.1,0.5,0.6095467667688534,0.6117149414539612,0.6241146090876202,0.62965913892413,0.6222119387193022,0.6323935843068486,0.616014789222599,0.6282327879581546,0.5775194276820925,0.569746217011293,0.6233110588153382,1.0
4,0,0.20100726067316846,0.9386900413927441,8214,1.3151947703472404,0.943754565376187,1369,1.3342877397902857,0.928,0.7855218928819927,0.08361940754224266,,,,,,,0,0,5,0.1,0.5,1.0,0.6017568415498943,0.5917633812090136,0.5947563722446737,0.593043591327239,0.6017996055791693,0.5835616223133796,0.5953752999257014,0.5938747126322621,0.3107636354800133,0.595297561267129,0.5977511566888244
4,1,0.21377520811047804,0.9360206875570429,6574,1.3378560168402536,0.9206204379562044,1096,1.3342877397902857,0.928,0.7940736757844243,0.08442639703187074,,,,,,,0,0,5,0.1,0.5,0.6017568415498943,1.0,0.6001209023379502,0.599646786234234,0.6084985094750797,0.6106028390726286,0.5943313716405835,0.5913334031241841,0.5956561717691721,0.3194051916626052,0.6078717120630238,0.6059895054714466
4,2,0.2179996829603423,0.9334947259208024,5783,1.3310174980471212,0.9190871369294605,964,1.3342877397902857,0.928,0.7920780303889399,0.08418553721207835,,,,,,,0,0,5,0.1,0.5,0.5917633812090136,0.6001209023379502,1.0,0.5989212953034282,0.6023179589621361,0.6038850736263895,0.5929582621465707,0.5986208011008037,0.6008546185864948,0.3115532450752749,0.6070060255501929,0.6097601600437814
4,3,0.19901246920617927,0.9404577264989598,5287,1.3196887501648493,0.9341657207718501,881,1.3342877397902857,0.928,0.798062717615232,0.08476869788870828,,,,,,,0,0,5,0.1,0.5,0.5947563722446737,0.599646786234234,0.5989212953034282,1.0,0.6035907527540862,0.6107096421621682,0.6012714072202492,0.6108646855699935,0.6103135541493502,0.3215006265717657,0.611685098179391,0.6075330804263716
4,4,0.2326155803031138,0.9298074974670719,4935,1.3343436809686513,0.9379562043795621,822,1.3342877397902857,0.928,0.7984698440127398,0.08450558214603723,,,,,,,0,0,5,0.1,0.5,0.593043591327239,0.6084985094750797,0.6023179589621361,0.6035907527540862,1.0,0.6126138778465833,0.6001919665680765,0.6074898984813528,0.611188959537433,0.3175659744408845,0.6102352111110703,0.6096049664765205
4,5,0.22115279073852484,0.9346046710949218,4667,1.3430543756484985,0.9395886889460154,778,1.3342877397902857,0.928,0.8036664439814472,0.08518710642187302,,,,,,,0,0,5,0.1,0.5,0.6017996055791693,0.6106028390726286,0.6038850736263895,0.6107096421621682,0.6126138778465833,1.0,0.5958923068612706,0.6074465365436419,0.619931374439706,0.31449241780669634,0.6185921204130848,0.6248364971150083
4,6,0.24864500269493353,0.9264765326746014,4453,1.3286545127630234,0.921832884097035,742,1.3342877397902857,0.928,0.7879179597153327,0.08423371397584926,,,,,,,0,0,5,0.1,0.5,0.5835616223133796,0.5943313716405835,0.5929582621465707,0.6012714072202492,0.6001919665680765,0.5958923068612706,1.0,0.5937085312124241,0.605504679325929,0.3074395252193328,0.5979080466052721,0.6052351997836883
4,7,0.23242874418232423,0.9301379471592237,4277,1.3580938007520593,0.9144460028050491,713,1.3342877397902857,0.928,0.7957730852378956,0.08457643275121672,,,,,,,0,0,5,0.1,0.5,0.5953752999257014,0.5913334031241841,0.5986208011008037,0.6108646855699935,0.6074898984813528,0.6074465365436419,0.5937085312124241,1.0,0.6136170198585791,0.31945082446478096,0.6030272442247853,0.6095883086188829
4,8,0.2372561108883103,0.9295228868975539,4129,1.3175452947616577,0.9258720930232558,688,1.3342877397902857,0.928,0.8011280332380355,0.08348856438064711,,,,,,,0,0,5,0.1,0.5,0.5938747126322621,0.5956561717691721,0.6008546185864948,0.6103135541493502,0.611188959537433,0.619931374439706,0.605504679325929,0.6136170198585791,1.0,0.3192507664144636,0.6191561247350079,0.6190484612689533
4,9,0.4038327995929331,0.8985253686578355,4001,1.340556337719872,0.9205397301349325,667,1.3342877397902857,0.928,0.48064266439654124,0.07107343384043363,,,,,,,0,0,5,0.1,0.5,0.3107636354800133,0.3194051916626052,0.3115532450752749,0.3215006265717657,0.3175659744408845,0.31449241780669634,0.3074395252193328,0.31945082446478096,0.3192507664144636,1.0,0.31546928962117593,0.31487574507420557
4,10,0.24648550298126018,0.9282077654924145,3889,1.3424140782583327,0.9305555555555556,648,1.3342877397902857,0.928,0.8009466975569275,0.08492205553988115,,,,,,,0,0,5,0.1,0.5,0.595297561267129,0.6078717120630238,0.6070060255501929,0.611685098179391,0.6102352111110703,0.6185921204130848,0.5979080466052721,0.6030272442247853,0.6191561247350079,0.31546928962117593,1.0,0.6106833191685508
4,11,0.24149260690294894,0.9289369559482986,3791,1.3569477140903472,0.9145569620253164,632,1.3342877397902857,0.928,0.8029183053917273,0.08501307126916191,,,,,,,0,0,5,0.1,0.5,0.5977511566888244,0.6059895054714466,0.6097601600437814,0.6075330804263716,0.6096049664765205,0.6248364971150083,0.6052351997836883,0.6095883086188829,0.6190484612689533,0.31487574507420557,0.6106833191685508,1.0
5,0,0.19117568004876376,0.9410031653274896,8214,1.0800940117170645,0.9554419284149014,1369,1.1015648026816762,0.9409,0.7769652510980578,0.08388741320611112,,,,,,,0,0,5,0.1,0.5,1.0,0.5815937890472435,0.578704189809758,0.5783652175803902,0.5773533654696814,0.5764503948152248,0.5751550383019606,0.5691582132026793,0.5766360166428552,0.3770879941321942,0.5808826040311107,0.5729617185389382
5,1,0.20047861536675432,0.939671432917554,6574,1.1040797642299107,0.9388686131386861,1096,1.1015648026816762,0.9409,0.7893936835531745,0.08487180875057958,,,,,,,0,0,5,0.1,0.5,0.5815937890472435,1.0,0.5884346865375525,0.5894056602412332,0.5866217306596797,0.5923158366565746,0.5859421272937406,0.5856757043788324,0.5869288417720591,0.38825517882432176,0.5911635205624642,0.5789064144438212
5,2,0.20538954262606265,0.9390281860625973,5783,1.0968894766223045,0.9346473029045643,964,1.1015648026816762,0.9409,0.7839069135768634,0.08451497743332519,,,,,,,0,0,5,0.1,0.5,0.578704189809758,0.5884346865375525,1.0,0.5810443257517452,0.5795660987019317,0.5827421314198328,0.5858667287427793,0.5786124240143223,0.5827897668060614,0.3880116324638857,0.5806529718302165,0.5800598939023546
5,3,0.18711420106589347,0.9423869869491205,5287,1.0846220233610697,0.945516458569807,881,1.1015648026816762,0.9409,0.7889802245905604,0.08508776537686007,,,,,,,0,0,5,0.1,0.5,0.5783652175803902,0.5894056602412332,0.5810443257517452,1.0,0.5830029557842848,0.5926519143030662,0.5881031805927004,0.5825865850955856,0.5893914392757199,0.3937409593441888,0.5874914575270286,0.584860285797585
5,4,0.2204516907877499,0.9338196555217831,4935,1.1021799032504742,0.9452554744525548,822,1.1015648026816762,0.9409,0.7853519974663381,0.0847818423647246,,,,,,,0,0,5,0.1,0.5,0.5773533654696814,0.5866217306596797,0.5795660987019317,0.5830029557842848,1.0,0.5882158758065689,0.5765201343816808,0.5863369549434267,0.5911069076685294,0.3916563547898879,0.5824074678241378,0.5758581107734234
5,5,0.19765876104978666,0.941718448682237,4667,1.1086367654800415,0.9524421593830334,778,1.1015648026816762,0.9409,0.7907140043869576,0.08543113757543014,,,,,,,0,0,5,0.1,0.5,0.5764503948152248,0.5923158366565746,0.5827421314198328,0.5926519143030662,0.5882158758065689,1.0,0.5879347333067302,0.5869358404034524,0.5914289207429784,0.38988099270462856,0.5975046803824581,0.5777441258217251
5,6,0.22161854906074172,0.9350999326296878,4453,1.094808633128802,0.9420485175202157,742,1.1015648026816762,0.9409,0.7858371954218965,0.08461588201896408,,,,,,,0,0,5,0.1,0.5,0.5751550383019606,0.5859421272937406,0.5858667287427793,0.5881031805927004,0.5765201343816808,0.5879347333067302,1.0,0.5831955087744898,0.5861023543849134,0.391703921025405,0.5819465134418443,0.5818594317828887
5,7,0.21580884119829358,0.9365443067570727,4277,1.1293187711549841,0.9298737727910238,713,1.1015648026816762,0.9409,0.7840153228226431,0.08478217876252053,,,,,,,0,0,5,0.1,0.5,0.5691582132026793,0.5856757043788324,0.5786124240143223,0.5825865850955856,0.5863369549434267,0.5869358404034524,0.5831955087744898,1.0,0.5843733144153042,0.38370038640382703,0.581537363688445,0.5825750275234338
5,8,0.21490125168347732,0.933930733833858,4129,1.0857695855877616,0.9331395348837209,688,1.1015648026816762,0.9409,0.7886746825212962,0.08421446946905696,,,,,,,0,0,5,0.1,0.5,0.5766360166428552,0.5869288417720591,0.5827897668060614,0.5893914392757199,0.5911069076685294,0.5914289207429784,0.5861023543849134,0.5843733144153042,1.0,0.3833105473592132,0.5890302386713577,0.5912673692952737
5,9,0.35028991708253787,0.9103224193951512,4001,1.1099702403658913,0.9265367316341829,667,1.1015648026816762,0.9409,0.5582882722095607,0.06768069575716434,,,,,,,0,0,5,0.1,0.5,0.3770879941321942,0.38825517882432176,0.3880116324638857,0.3937409593441888,0.3916563547898879,0.38988099270462856,0.391703921025405,0.38370038640382703,0.3833105473592132,1.0,0.3809178935348151,0.3776987058823535
5,10,0.22935630714551347,0.9314476729236307,3889,1.1117380857467651,0.9429012345679012,648,1.1015648026816762,0.9409,0.7872689968683402,0.08513040765600388,,,,,,,0,0,5,0.1,0.5,0.5808826040311107,0.5911635205624642,0.5806529718302165,0.5874914575270286,0.5824074678241378,0.5975046803824581,0.5819465134418443,0.581537363688445,0.5890302386713577,0.3809178935348151,1.0,0.5787396387605359
5,11,0.22345346979984715,0.9319968346082828,3791,1.1277426183223724,0.9287974683544303,632,1.1015648026816762,0.9409,0.7819021245476564,0.08500142162925968,,,,,,,0,0,5,0.1,0.5,0.5729617185389382,0.5789064144438212,0.5800598939023546,0.584860285797585,0.5758581107734234,0.5777441258217251,0.5818594317828887,0.5825750275234338,0.5912673692952737,0.3776987058823535,0.5787396387605359,1.0
6,0,0.1802069846279774,0.9446554662770879,8214,0.8487677227619083,0.9598246895544192,1369,0.8717841711668922,0.9481,0.760785491918781,0.08335847238850372,,,,,,,0,0,5,0.1,0.5,1.0,0.5534890818529024,0.5483269661912932,0.5537872506173249,0.5495222093881363,0.5560040425269147,0.5512796296184315,0.5351618824916374,0.5472486816576682,0.5317308079404999,0.5567638167067258,0.548077086016413
6,1,0.18680717752685824,0.9435351384240949,6574,0.8730503184454782,0.947992700729927,1096,0.8717841711668922,0.9481,0.7724505132311035,0.08443357007021018,,,,,,,0,0,5,0.1,0.5,0.5534890818529024,1.0,0.5603002286811705,0.5619830251022744,0.5697934020693112,0.5647627609566376,0.5595863541901543,0.542630540624652,0.5580519259873111,0.5538932387716398,0.5588870119886866,0.5533747113712773
6,2,0.1888717243941861,0.9443887255749611,5783,0.8659590348120658,0.941908713692946,964,0.8717841711668922,0.9481,0.7681985600006183,0.08404302747964822,,,,,,,0,0,5,0.1,0.5,0.5483269661912932,0.5603002286811705,1.0,0.5615823558228097,0.5577634513467544,0.5547266977149536,0.5479921257477078,0.5487098039462442,0.5550293167396683,0.5413309492548415,0.565255514650318,0.5563364346810341
6,3,0.16945737879919673,0.9484395687535464,5287,0.853664464184216,0.9534619750283768,881,0.8717841711668922,0.9481,0.7788362468965849,0.08480489525074288,,,,,,,0,0,5,0.1,0.5,0.5537872506173249,0.5619830251022744,0.5615823558228097,1.0,0.5628999466843996,0.5700306520431764,0.5624098329517371,0.5558912595864259,0.5724618336837284,0.5634089595998164,0.5695774905295379,0.5615910642664292
6,4,0.2034020470299067,0.9392502532928065,4935,0.8714951666501852,0.9549878345498783,822,0.8717841711668922,0.9481,0.7755067700762837,0.08448125245480702,,,,,,,0,0,5,0.1,0.5,0.5495222093881363,0.5697934020693112,0.5577634513467544,0.5628999466843996,1.0,0.5657998327142383,0.5629657546422557,0.5559365448891326,0.5648532326442312,0.5574561635234131,0.5631424809773945,0.555552247544905
6,5,0.18264871564987178,0.9460467109492179,4667,0.8773127579689026,0.9588688946015425,778,0.8717841711668922,0.9481,0.7780649322661689,0.08500855260628293,,,,,,,0,0,5,0.1,0.5,0.5560040425269147,0.5647627609566376,0.5547266977149536,0.5700306520431764,0.5657998327142383,1.0,0.5605821671033416,0.5550733278181239,0.5691205896545849,0.5490883565698352,0.5747839595567,0.5639533126925467
6,6,0.20727852565369437,0.9405344711430497,4453,0.8630528872211775,0.9474393530997305,742,0.8717841711668922,0.9481,0.7722068926227931,0.08425280092435841,,,,,,,0,0,5,0.1,0.5,0.5512796296184315,0.5595863541901543,0.5479921257477078,0.5624098329517371,0.5629657546422557,0.5605821671033416,1.0,0.548619884098226,0.5650348717782248,0.5573043057618102,0.5644162250962571,0.5563481296649725
6,7,0.1981325066453819,0.9403787701660042,4277,0.902508663094562,0.9354838709677419,713,0.8717841711668922,0.9481,0.7622921364222717,0.08401365829256639,,,,,,,0,0,5,0.1,0.5,0.5351618824916374,0.542630540624652,0.5487098039462442,0.5558912595864259,0.5559365448891326,0.5550733278181239,0.548619884098226,1.0,0.5530257922557298,0.5414982757371171,0.5539754676160912,0.5516805576598308
6,8,0.2016349559317104,0.9407604746912085,4129,0.857664945450696,0.9462209302325582,688,0.8717841711668922,0.9481,0.7761254372447784,0.08412152103620682,,,,,,,0,0,5,0.1,0.5,0.5472486816576682,0.5580519259873111,0.5550293167396683,0.5724618336837284,0.5648532326442312,0.5691205896545849,0.5650348717782248,0.5530257922557298,1.0,0.5564288921020076,0.5700348382357037,0.5626029469954038
6,9,0.2101836144206154,0.9359660084978755,4001,0.8831772662344433,0.9325337331334332,667,0.8717841711668922,0.9481,0.7538995952606652,0.07221353978456929,,,,,,,0,0,5,0.1,0.5,0.5317308079404999,0.5538932387716398,0.5413309492548415,0.5634089595998164,0.5574561635234131,0.5490883565698352,0.5573043057618102,0.5414982757371171,0.5564288921020076,1.0,0.5573487902729573,0.5488684951761211
6,10,0.21012697099692754,0.9367960915402417,3889,0.8834607147035145,0.9459876543209876,648,0.8717841711668922,0.9481,0.7785415346512411,0.08482314450812625,,,,,,,0,0,5,0.1,0.5,0.5567638167067258,0.5588870119886866,0.565255514650318,0.5695774905295379,0.5631424809773945,0.5747839595567,0.5644162250962571,0.5539754676160912,0.5700348382357037,0.5573487902729573,1.0,0.5573280369941329
6,11,0.19998467594870373,0.9394355051437615,3791,0.9006285607814789,0.9382911392405063,632,0.8717841711668922,0.9481,0.7703266978962795,0.08444556520397797,,,,,,,0,0,5,0.1,0.5,0.548077086016413,0.5533747113712773,0.5563364346810341,0.5615910642664292,0.555552247544905,0.5639533126925467,0.5563481296649725,0.5516805576598308,0.5626029469954038,0.5488684951761211,0.5573280369941329,1.0
7,0,0.1702731948378514,0.947236425614804,8214,0.6518781760404276,0.9620160701241782,1369,0.6756251638118451,0.9536,0.7536130793607313,0.08342971285134183,,,,,,,0,0,5,0.1,0.5,1.0,0.546696571076026,0.5290826498810112,0.521478688875153,0.53140072877248,0.5436006497867962,0.5233688621463104,0.5277442571161791,0.48939983220438926,0.5194803446086624,0.5335352474148518,0.5293512482383304
7,1,0.1760751759316953,0.9470946151505932,6574,0.6754794699805123,0.9552919708029197,1096,0.6756251638118451,0.9536,0.7585680428043543,0.08433566652267521,,,,,,,0,0,5,0.1,0.5,0.546696571076026,1.0,0.5353842182171467,0.5283374608367457,0.5442113843820138,0.5485805971521159,0.526212232595215,0.5206247819446838,0.49245766540751856,0.5305213143585593,0.5373332991420854,0.5246336088353749
7,2,0.18184831688406966,0.9468096143869964,5783,0.6694473335819859,0.9439834024896265,964,0.6756251638118451,0.9536,0.7536444705306005,0.0838950761700338,,,,,,,0,0,5,0.1,0.5,0.5290826498810112,0.5353842182171467,1.0,0.526872311088493,0.5306672534964512,0.5365041611550629,0.5270787353261245,0.5197364114758682,0.4920480425163728,0.5231339381331791,0.5385137250142951,0.533087257418049
7,3,0.15889604990623038,0.9532059769245319,5287,0.6572025631155286,0.9557321225879682,881,0.6756251638118451,0.9536,0.7540922333469573,0.08442773197921717,,,,,,,0,0,5,0.1,0.5,0.521478688875153,0.5283374608367457,0.526872311088493,1.0,0.5294616288435776,0.5388069512588701,0.5309884597402409,0.5249583172852946,0.5005403943285577,0.5283421323967912,0.534618605251886,0.5281465793215967
7,4,0.19122390517814747,0.9414792299898683,4935,0.67436044720503,0.9549878345498783,822,0.6756251638118451,0.9536,0.7568993086081993,0.08430844100095754,,,,,,,0,0,5,0.1,0.5,0.53140072877248,0.5442113843820138,0.5306672534964512,0.5294616288435776,1.0,0.5408576891873386,0.5287693280541238,0.5360547321879093,0.5012803099499826,0.5269218920059574,0.5251655022834758,0.5245726549507169
7,5,0.16875374499797718,0.9500749946432397,4667,0.6781207180023193,0.9640102827763496,778,0.6756251638118451,0.9536,0.7685741398757702,0.0850827486499386,,,,,,,0,0,5,0.1,0.5,0.5436006497867962,0.5485805971521159,0.5365041611550629,0.5388069512588701,0.5408576891873386,1.0,0.5389467819569759,0.5350050079057261,0.5146387534405774,0.5257708447462601,0.5507169885729449,0.5469066814087196
7,6,0.1927039737753304,0.9435436784190433,4453,0.6656738867362341,0.9528301886792453,742,0.6756251638118451,0.9536,0.7517930924848454,0.08397125639405705,,,,,,,0,0,5,0.1,0.5,0.5233688621463104,0.526212232595215,0.5270787353261245,0.5309884597402409,0.5287693280541238,0.5389467819569759,1.0,0.5196257224122087,0.5015770426074163,0.5230615889651326,0.522010490638172,0.5328089655668687
7,7,0.184147580746742,0.9459901800327333,4277,0.708587110042572,0.9453015427769986,713,0.6756251638118451,0.9536,0.748061638239579,0.0836758908288241,,,,,,,0,0,5,0.1,0.5,0.5277442571161791,0.5206247819446838,0.5197364114758682,0.5249583172852946,0.5360547321879093,0.5350050079057261,0.5196257224122087,1.0,0.4941883634598347,0.5181893805617938,0.5258302190700896,0.5199599797517204
7,8,0.22002293968689138,0.9379995156212158,4129,0.6637666821479797,0.9549418604651163,688,0.6756251638118451,0.9536,0.7197119898206146,0.08273715537527102,,,,,,,0,0,5,0.1,0.5,0.48939983220438926,0.49245766540751856,0.4920480425163728,0.5005403943285577,0.5012803099499826,0.5146387534405774,0.5015770426074163,0.4941883634598347,1.0,0.4915662395473377,0.5023768955575637,0.5047198592914613
7,9,0.1982365375127951,0.9370657335666084,4001,0.6902728847094944,0.9415292353823088,667,0.6756251638118451,0.9536,0.7393477319098472,0.07536241080819026,,,,,,,0,0,5,0.1,0.5,0.5194803446086624,0.5305213143585593,0.5231339381331791,0.5283421323967912,0.5269218920059574,0.5257708447462601,0.5230615889651326,0.5181893805617938,0.4915662395473377,1.0,0.5216430195447787,0.5230385819592819
7,10,0.19218526945418876,0.9433273335047571,3889,0.6878128193673634,0.9552469135802469,648,0.6756251638118451,0.9536,0.7576950633048081,0.08456870389397472,,,,,,,0,0,5,0.1,0.5,0.5335352474148518,0.5373332991420854,0.5385137250142951,0.534618605251886,0.5251655022834758,0.5507169885729449,0.522010490638172,0.5258302190700896,0.5023768955575637,0.5216430195447787,1.0,0.5319268853143073
7,11,0.18974849737304098,0.944552888419942,3791,0.7052220314741134,0.9493670886075949,632,0.6756251638118451,0.9536,0.754685050490957,0.08420520552551868,,,,,,,0,0,5,0.1,0.5,0.5293512482383304,0.5246336088353749,0.533087257418049,0.5281465793215967,0.5245726549507169,0.5469066814087196,0.5328089655668687,0.5199599797517204,0.5047198592914613,0.5230385819592819,0.5319268853143073,1.0
8,0,0.16141395983431156,0.9504504504504504,8214,0.4913554461889489,0.9634769905040176,1369,0.5148224064145988,0.9556,0.7338745926752014,0.08342981428637657,,,,,,,0,0,5,0.1,0.5,1.0,0.5199721057606341,0.4919322376704067,0.49392255810261454,0.506675382518131,0.50760617573335,0.4989810659428823,0.49687541524431633,0.458300641408843,0.4807949810909904,0.5011831540237737,0.4976890790490304
8,1,0.16377775078069745,0.9516884697292364,6574,0.5139001480170658,0.9562043795620438,1096,0.5148224064145988,0.9556,0.7493574760715198,0.08460608657411105,,,,,,,0,0,5,0.1,0.5,0.5199721057606341,1.0,0.515159949391586,0.49685371428638325,0.5202175629141947,0.5160502281362451,0.5106734706360231,0.5093495560917389,0.47302543313163453,0.5034797812556965,0.513511348860703,0.5079598854706354
8,2,0.1662986412232752,0.9501296904720733,5783,0.5086696354612228,0.9450207468879668,964,0.5148224064145988,0.9556,0.730699357863619,0.08363367849533734,,,,,,,0,0,5,0.1,0.5,0.4919322376704067,0.515159949391586,1.0,0.49171426187222894,0.4976871168872675,0.5019831738775193,0.4912554724108417,0.4922834896197499,0.45881961785108316,0.4866846569148842,0.5024430226682682,0.4941687380518839
8,3,0.15124888025471064,0.9535464346510308,5287,0.4969792994005339,0.960272417707151,881,0.5148224064145988,0.9556,0.7317864437294445,0.08403688147996002,,,,,,,0,0,5,0.1,0.5,0.49392255810261454,0.49685371428638325,0.49171426187222894,1.0,0.49806563312843877,0.49904386041141735,0.4938033503217521,0.5016973920368564,0.4711206133574473,0.48625421403591745,0.5008062429491457,0.49741975907850094
8,4,0.17913025004755434,0.9458156028368795,4935,0.5107801923385034,0.962287104622871,822,0.5148224064145988,0.9556,0.7414826038193613,0.08430417010250216,,,,,,,0,0,5,0.1,0.5,0.506675382518131,0.5202175629141947,0.4976871168872675,0.49806563312843877,1.0,0.5147234277228452,0.5054274633655365,0.5097386963589424,0.4725236878332175,0.49761464422491736,0.4989224941051603,0.4954927688823301
