round,client_id,client_i_training_loss,client_i_training_accuracy,client_i_training_dataset_size,client_i_evaluation_loss,client_i_evaluation_accuracy,client_i_evaluation_dataset_size,client_i_central_evaluation_loss,client_i_central_evaluation_accuracy,client_i_cosine_similarity,client_i_importance_coefficient,client_i_tanh_val,tanh_normalization_value,client_i_q,client_i_mask_order,client_i_v_nonzero_fraction,client_i_v_sparsity,client_i_v_cosine_similarity,client_i_reward_gradient_norm,local_epochs,learning_rate,gamma,client_0_cosine_similarity,client_1_cosine_similarity,client_2_cosine_similarity,client_3_cosine_similarity,client_4_cosine_similarity,client_5_cosine_similarity,client_6_cosine_similarity,client_7_cosine_similarity,client_8_cosine_similarity,client_9_cosine_similarity,client_10_cosine_similarity,client_11_cosine_similarity
0,0,2.2483159985807206,0.1700219138056976,6845,2.2958267602053555,0.14901387874360847,1369,2.299544826338563,0.1403,0.8863328998837515,0.07934398552898424,,,0.55,,0.5500404350481095,0.4499595649518905,0,0.1387030001927857,10,0.025,0.15,1.0,0.930022401162789,0.8837708128108674,0.8317931461731957,0.797716186112687,0.7648252570117637,0.8012850149306485,0.7514846607188231,0.7650474582890726,0.7318727295308977,0.6809418049355201,0.6951185015125401
0,1,2.2819887360861135,0.15711938663745892,5478,2.298423263761732,0.13777372262773724,1096,2.2994372844696045,0.1401,0.9450758370629675,0.08460261776309069,,,0.8460926731821409,,0.8461322638675711,0.15386773613242888,0,0.13958610438005423,10,0.025,0.15,0.930022401162789,1.0,0.9469274223538001,0.8832521045336548,0.8687200377114624,0.860582927783898,0.8472259553769309,0.853637856223048,0.831158528115529,0.8018752032214149,0.7970245685085993,0.7780985689153214
0,2,2.291735165370138,0.15844398340248964,4820,2.2994795441627502,0.14937759336099585,964,2.299435603467724,0.1402,0.9716422144044017,0.08698082380690644,,,0.9799999999436939,,0.9800300374643098,0.019969962535690167,0,0.1396072904843307,10,0.025,0.15,0.8837708128108674,0.9469274223538001,1.0,0.9363113980075017,0.8987987103935965,0.8921653776477162,0.8889813566703374,0.9033293673303285,0.9012681090866135,0.8658957385780404,0.8508516084657263,0.8244152328454322
0,3,2.29410516330174,0.1523604176123468,4406,2.2993897029331754,0.13961407491486946,881,2.2994366627705247,0.1402,0.9489565104508586,0.08495001329943141,,,0.8656531346153497,,0.8656813718208974,0.13431862817910256,0,0.13959126239722286,10,0.025,0.15,0.8317931461731957,0.8832521045336548,0.9363113980075017,1.0,0.8909184959869175,0.8641039586575089,0.9052510590586421,0.8996431294362254,0.8936655210643598,0.8697226128470591,0.7999460002449709,0.8079392981430312
0,4,2.2971501567146997,0.13820525291828795,4112,2.2992779186793735,0.13746958637469586,822,2.299436074268969,0.1402,0.9558355236384563,0.08556581840255015,,,0.9003266715778773,,0.9003812447393177,0.09961875526068231,0,0.13960314845814872,10,0.025,0.15,0.797716186112687,0.8687200377114624,0.8987987103935965,0.8909184959869175,1.0,0.8885562395691954,0.8815802552230425,0.9314305144621633,0.940748842109007,0.893006334217564,0.8703681708061052,0.8894340960683788
0,5,2.297456644427392,0.16001542813062483,3889,2.3004376207079207,0.12339331619537275,778,2.29944726787036,0.1401,0.9342139896513724,0.08363027174732543,,,0.7913437350079425,,0.7913716558564803,0.20862834414351972,0,0.13954682896365161,10,0.025,0.15,0.7648252570117637,0.860582927783898,0.8921653776477162,0.8641039586575089,0.8885562395691954,1.0,0.8599794405853508,0.9268934156537957,0.8612198468629968,0.8787187482533846,0.8832100875869772,0.8307168645740441
0,6,2.296336221694946,0.14454324979789815,3711,2.300837516784668,0.14690026954177898,742,2.2994484659991685,0.1401,0.9309325438211562,0.08333651869979558,,,0.7748036688412328,,0.7748427984354112,0.22515720156458885,0,0.13953562646360412,10,0.025,0.15,0.8012850149306485,0.8472259553769309,0.8889813566703374,0.9052510590586421,0.8815802552230425,0.8599794405853508,1.0,0.8657415135766783,0.8973102048886021,0.9032946178253846,0.7684181344144378,0.8124904367567041
0,7,2.2984872707298822,0.15280583613916948,3564,2.302185893058777,0.13604488078541374,713,2.29943713357177,0.1401,0.9467306177979129,0.0847507527343914,,,0.854433564442744,,0.8544668350084996,0.14553316499150037,0,0.13958857131852842,10,0.025,0.15,0.7514846607188231,0.853637856223048,0.9033293673303285,0.8996431294362254,0.9314305144621633,0.9268934156537957,0.8657415135766783,1.0,0.9119483651038462,0.8911829185661938,0.8912633484132896,0.8577194288288722
0,8,2.298369876543681,0.14219703574542283,3441,2.299514730771383,0.13226744186046513,688,2.299437221092514,0.1401,0.9455421842109252,0.08464436487793195,,,0.8484432872355098,,0.8484923503490618,0.15150764965093821,0,0.13958687337614525,10,0.025,0.15,0.7650474582890726,0.831158528115529,0.9012681090866135,0.8936655210643598,0.940748842109007,0.8612198468629968,0.8973102048886021,0.9119483651038462,1.0,0.9161411604091878,0.8681527763532595,0.893721136984277
0,9,2.2994633568657767,0.14403119376124776,3334,2.2983576456705728,0.12443778110944528,667,2.299452968790561,0.14,0.9233719213928067,0.08265969634938553,,,0.7366944932836488,,0.7367265765542738,0.26327342344572624,0,0.1394989209442686,10,0.025,0.15,0.7318727295308977,0.8018752032214149,0.8658957385780404,0.8697226128470591,0.893006334217564,0.8787187482533846,0.9032946178253846,0.8911829185661938,0.9161411604091878,1.0,0.8296735473965776,0.8764750667325767
0,10,2.298677244553199,0.11459426103054612,3241,2.2943090200424194,0.1404320987654321,648,2.299534993835642,0.1399,0.8904969482334152,0.07971674862064093,,,0.5709888076135875,,0.5710253998118533,0.4289746001881467,0,0.1388091631789193,10,0.025,0.15,0.6809418049355201,0.7970245685085993,0.8508516084657263,0.7999460002449709,0.8703681708061052,0.8832100875869772,0.7684181344144378,0.8912633484132896,0.8681527763532595,0.8296735473965776,1.0,0.870811730104879
0,11,2.299199065208435,0.12288698955365622,3159,2.3009344577789306,0.15348101265822786,632,2.2995322052436538,0.1403,0.8916323395997714,0.0798183881695663,,,0.5767117265024859,,0.5767605750028882,0.42323942499711176,0,0.138832470724727,10,0.025,0.15,0.6951185015125401,0.7780985689153214,0.8244152328454322,0.8079392981430312,0.8894340960683788,0.8307168645740441,0.8124904367567041,0.8577194288288722,0.893721136984277,0.8764750667325767,0.870811730104879,1.0
1,0,2.1084556535438255,0.23609934258582907,6845,2.285810015418313,0.17823228634039445,1369,2.290019050429139,0.1634,0.9050703551498157,0.07870015883572473,,,0.55,,0.5500404350481095,0.4499595649518905,0.8702263079444893,0.1449761859132651,10,0.025,0.15,1.0,0.9565385410959603,0.9355581413297895,0.9086493865214877,0.8932416941612478,0.8635548008159081,0.8556287542105062,0.8396493579265787,0.829778930276864,0.835133532010308,0.8102678974586162,0.8220092601840485
1,1,2.1452963923299033,0.22924424972617743,5478,2.288719760047065,0.16605839416058393,1096,2.2897387999522536,0.1632,0.9543226165133851,0.08356602133115947,,,0.8433371202554727,,0.8433760789556205,0.1566239210443795,0.8737687357451043,0.1457305235198501,10,0.025,0.15,0.9565385410959603,1.0,0.9677554173234684,0.9515388719287444,0.9467184289623052,0.9261426884001884,0.9150228439918154,0.9042501525304206,0.8918373351995248,0.8959238998880878,0.8791282483206894,0.8869340614449375
1,2,2.184918920303646,0.20566390041493776,4820,2.2901740670204163,0.17427385892116182,964,2.289737876457504,0.1631,0.9786318017660928,0.08583297881746232,,,0.9799999999397153,,0.9800300374643098,0.019969962535690167,0.8739468869566465,0.14574929231829165,10,0.025,0.15,0.9355581413297895,0.9677554173234684,1.0,0.9759027234811113,0.9675824802502869,0.9587506266056756,0.94819840507553,0.9437626389213747,0.9344140717495605,0.9307874379665021,0.9187644539914998,0.9228596714008542
1,3,2.2070128536224365,0.19711756695415342,4406,2.290669781821115,0.15209988649262202,881,2.2897398652909677,0.1632,0.9836027213159625,0.0847364612615532,,,0.9138967546339278,,0.9139393639319371,0.08606063606806291,0.8737823957120229,0.14574576625473235,10,0.025,0.15,0.9086493865214877,0.9515388719287444,0.9759027234811113,1.0,0.9665460929808215,0.9648947515859415,0.9639265712075273,0.957878109643916,0.9503332057816956,0.9500199802951209,0.9331005994835643,0.9400708342392431
1,4,2.2243922880201628,0.1926070038910506,4112,2.2902113028935025,0.17274939172749393,822,2.28973845590519,0.1633,0.9848018197017508,0.08515724460901763,,,0.939263557644182,,0.9393061675826443,0.06069383241735571,0.8739581114282486,0.14574808891048102,10,0.025,0.15,0.8932416941612478,0.9467184289623052,0.9675824802502869,0.9665460929808215,1.0,0.9705021906510081,0.9647470496615242,0.9590817470425427,0.9608890637604621,0.9557772361028714,0.9398960443417719,0.9519492307825606
1,5,2.2362523832628804,0.19665723836461815,3889,2.2895493507385254,0.14652956298200515,778,2.289752320398258,0.1632,0.987256908670249,0.08403770301240458,,,0.8717723146703409,,0.8718126454423925,0.12818735455760755,0.8739015090727686,0.145738388308783,10,0.025,0.15,0.8635548008159081,0.9261426884001884,0.9587506266056756,0.9648947515859415,0.9705021906510081,1.0,0.9778026106163162,0.9774917381792151,0.971713142514381,0.9697012303017237,0.9628179149636398,0.963283214936779
1,6,2.2371236809368793,0.18369711668014013,3711,2.290388305981954,0.1725067385444744,742,2.2897535215450238,0.1632,0.9851736696797115,0.08378768247947098,,,0.8566998987925203,,0.8567361489330099,0.14326385106699013,0.8738783366223314,0.14573462796111813,10,0.025,0.15,0.8556287542105062,0.9150228439918154,0.94819840507553,0.9639265712075273,0.9647470496615242,0.9778026106163162,1.0,0.9745034450874196,0.9792836033099288,0.9785106290858215,0.9571615980409565,0.9680400535033166
1,7,2.2386037613664356,0.19343434343434343,3564,2.2935880422592163,0.15427769985974754,713,2.289740610726272,0.1632,0.9810933502510498,0.08453110538945251,,,0.9015169349809713,,0.9015612879800631,0.09843871201993692,0.8737876039354666,0.14574406531696701,10,0.025,0.15,0.8396493579265787,0.9042501525304206,0.9437626389213747,0.957878109643916,0.9590817470425427,0.9774917381792151,0.9745034450874196,1.0,0.9735299254452809,0.9680954290857117,0.9693550599943935,0.9675993628237864
1,8,2.250194455959179,0.18015111886079627,3441,2.289529879887899,0.16424418604651161,688,2.289740843108938,0.1632,0.9792123447402935,0.08440380838982325,,,0.8938428719914312,,0.8938786288392666,0.10612137116073339,0.8737046538058948,0.1457427413102816,10,0.025,0.15,0.829778930276864,0.8918373351995248,0.9344140717495605,0.9503332057816956,0.9608890637604621,0.971713142514381,0.9792836033099288,0.9735299254452809,1.0,0.9744424111486806,0.9705598040846645,0.9772725345416516
1,9,2.2551575431117303,0.17678464307138572,3334,2.288227597872416,0.1409295352323838,667,2.2897618752491624,0.1635,0.9771706412737419,0.0831071345345217,,,0.8156732617770892,,0.8157152052284993,0.18428479477150073,0.8736410139147169,0.1457190687012833,10,0.025,0.15,0.835133532010308,0.8959238998880878,0.9307874379665021,0.9500199802951209,0.9557772361028714,0.9697012303017237,0.9785106290858215,0.9680954290857117,0.9744424111486806,1.0,0.9607444547721296,0.97165278458137
1,10,2.2589704825327948,0.1834310398025301,3241,2.28341011206309,0.16049382716049382,648,2.289904473703119,0.1645,0.9666608540507645,0.08094029901714013,,,0.6850462061764974,,0.6850852436830552,0.31491475631694477,0.87312641201931,0.14551037112017975,10,0.025,0.15,0.8102678974586162,0.8791282483206894,0.9187644539914998,0.9331005994835643,0.9398960443417719,0.9628179149636398,0.9571615980409565,0.9693550599943935,0.9705598040846645,0.9607444547721296,1.0,0.9680960742743084
1,11,2.262022875785828,0.19278252611585944,3159,2.291706609725952,0.16772151898734178,632,2.2898954982999005,0.1638,0.9726726879798314,0.08119940232226963,,,0.7006661743623375,,0.7007063755343202,0.29929362446567975,0.8730939803056003,0.14556761431079923,10,0.025,0.15,0.8220092601840485,0.8869340614449375,0.9228596714008542,0.9400708342392431,0.9519492307825606,0.963283214936779,0.9680400535033166,0.9675993628237864,0.9772725345416516,0.97165278458137,0.9680960742743084,1.0
2,0,2.0162044357370448,0.27158509861212565,6845,2.2703684893521396,0.20233747260774287,1369,2.2753185592120206,0.1861,0.923263863414317,0.07882974308207825,,,0.55,,0.5500404350481095,0.4499595649518905,0.9497891191824392,0.1450871275689227,10,0.025,0.15,1.0,0.9526192036232561,0.940119052710696,0.9208352654000515,0.9093704490859996,0.8911806810374414,0.8833785559598183,0.8706005505939844,0.8632730895092234,0.862286539015002,0.8446864128613499,0.8511505331372565
2,1,2.0453104770460793,0.26502373128879153,5478,2.2735315693749323,0.1843065693430657,1096,2.274729414831234,0.1845,0.961728821669063,0.08309677492398282,,,0.8478924871498774,,0.8479394629565447,0.15206053704345535,0.954394048153059,0.1460258340235465,10,0.025,0.15,0.9526192036232561,1.0,0.9598365260308258,0.9537483545649551,0.9515188795029434,0.9369091523256495,0.9304649077818011,0.9219124280346619,0.9132371464188973,0.9141015140903664,0.8989989862904674,0.9017290933817298
2,2,2.0815578695974852,0.24385892116182573,4820,2.276119112968445,0.1950207468879668,964,2.2747238527370404,0.1845,0.9767145985105695,0.08498909174265029,,,0.9799999999301874,,0.9800300374643098,0.019969962535690167,0.9548099489841141,0.14605418967836434,10,0.025,0.15,0.940119052710696,0.9598365260308258,1.0,0.9670826012881666,0.963507088242053,0.9584146192660945,0.9474300842655191,0.9449211988083245,0.9403696470109356,0.9356424858836655,0.9255835003652753,0.9254701385087915
2,3,2.103312119415828,0.23951429868361326,4406,2.277003424508231,0.16799091940976163,881,2.274728198594685,0.1845,0.9782819361059834,0.0843611277450835,,,0.9361602152726971,,0.9361951444934066,0.06380485550659343,0.9547729098994582,0.1460523095962994,10,0.025,0.15,0.9208352654000515,0.9537483545649551,0.9670826012881666,1.0,0.9562053965394236,0.9623789927326046,0.9551197681057749,0.9506890608485763,0.946377770192894,0.9435163809546551,0.9333706514699027,0.9372140166740003
2,4,2.1156815377148717,0.238715953307393,4112,2.275836161204747,0.18004866180048662,822,2.2747243506998958,0.1845,0.9800355861855249,0.08467886731700645,,,0.9583424334639299,,0.958393160700434,0.04160683929956599,0.95478041269489,0.1460538288623106,10,0.025,0.15,0.9093704490859996,0.9515188795029434,0.963507088242053,0.9562053965394236,1.0,0.9618818801386662,0.9588990782307456,0.954334066381683,0.9530768586746652,0.950451949523468,0.9410874789581816,0.9462677070035028
2,5,2.1315721323413235,0.23095911545384418,3889,2.273562431335449,0.17480719794344474,778,2.2747460045392,0.1846,0.986821135978334,0.08420672523394976,,,0.9253809781430093,,0.9254179663646416,0.07458203363535842,0.9546343259721625,0.14605128530982894,10,0.025,0.15,0.8911806810374414,0.9369091523256495,0.9584146192660945,0.9623789927326046,0.9618818801386662,1.0,0.9724433058375005,0.9732007155656239,0.973762919033675,0.9638684312688992,0.9671166988411382,0.9649705543039915
2,6,2.135237149945621,0.2232821341956346,3711,2.2743463118871055,0.20485175202156333,742,2.2747462791732596,0.1847,0.985164500918359,0.08399789737261719,,,0.9108021670857236,,0.9108530969946032,0.08914690300539685,0.9545708833062861,0.14604906244804416,10,0.025,0.15,0.8833785559598183,0.9304649077818011,0.9474300842655191,0.9551197681057749,0.9588990782307456,0.9724433058375005,1.0,0.9745521696007793,0.9750995222861115,0.9712382860056243,0.9687378246701281,0.9697438432373704
2,7,2.135816447223936,0.229320987654321,3564,2.2802740335464478,0.1697054698457223,713,2.274729601944549,0.1845,0.9821314829864063,0.08435942588164139,,,0.9360414038008484,,0.9360796157845225,0.06392038421547752,0.9547407101974184,0.14605230925497367,10,0.025,0.15,0.8706005505939844,0.9219124280346619,0.9449211988083245,0.9506890608485763,0.954334066381683,0.9732007155656239,0.9745521696007793,1.0,0.9745766999738317,0.9643227485591916,0.9727564286361008,0.9692222507910376
2,8,2.1514664243768764,0.21740773031095612,3441,2.2743112246195474,0.18895348837209303,688,2.274730090853534,0.1846,0.9816918862362758,0.08426626562779137,,,0.9295376464465305,,0.9295769998844713,0.07042300011552871,0.9547094790140525,0.14605172119179682,10,0.025,0.15,0.8632730895092234,0.9132371464188973,0.9403696470109356,0.946377770192894,0.9530768586746652,0.973762919033675,0.9750995222861115,0.9745766999738317,1.0,0.9697409493444159,0.9779152158285448,0.9788151660634309
2,9,2.1573441832153883,0.2192261547690462,3334,2.272578159968058,0.1679160419790105,667,2.2747620027276536,0.1846,0.9769063888939027,0.08330728764187025,,,0.862588922384393,,0.8626281130861019,0.13737188691389812,0.954429324952687,0.14603293453659816,10,0.025,0.15,0.862286539015002,0.9141015140903664,0.9356424858836655,0.9435163809546551,0.950451949523468,0.9638684312688992,0.9712382860056243,0.9643227485591916,0.9697409493444159,1.0,0.96600465537481,0.969487851402877
2,10,2.162058632648908,0.2142548596112311,3241,2.2671884298324585,0.1882716049382716,648,2.2749927617326566,0.1857,0.9733205355299456,0.0818485384204659,,,0.7607498806822506,,0.7607895562047169,0.2392104437952831,0.9526042477729534,0.14592539728956574,10,0.025,0.15,0.8446864128613499,0.8989989862904674,0.9255835003652753,0.9333706514699027,0.9410874789581816,0.9671166988411382,0.9687378246701281,0.9727564286361008,0.9779152158285448,0.96600465537481,1.0,0.9729800900778339
2,11,2.154611508846283,0.2310857866413422,3159,2.2769965648651125,0.17405063291139242,632,2.2749713855453684,0.1853,0.974831864919177,0.08205825501086293,,,0.7753907362053911,,0.7754369460811011,0.22456305391889886,0.9530762809258035,0.14594472614941234,10,0.025,0.15,0.8511505331372565,0.9017290933817298,0.9254701385087915,0.9372140166740003,0.9462677070035028,0.9649705543039915,0.9697438432373704,0.9692222507910376,0.9788151660634309,0.969487851402877,0.9729800900778339,1.0
3,0,1.9544476963855602,0.2936011687363039,6845,2.2493388652801514,0.2279035792549306,1369,2.255149201501774,0.2122,0.9271177536525991,0.07908699554157039,,,0.55,,0.5500404350481095,0.4499595649518905,0.9750416864794996,0.14479301558896399,10,0.025,0.15,1.0,0.9476201661617646,0.9362364489930173,0.9176272978324945,0.906208619080228,0.8932601210367027,0.880269729815468,0.876069472930566,0.8721573216644141,0.8713454034763882,0.8536627930382047,0.8633342161727827
3,1,1.9785963019659354,0.28782402336619206,5478,2.2524775399102106,0.21441605839416059,1096,2.2539849703824975,0.2111,0.9613849265988818,0.08284880840908258,,,0.8494424848667701,,0.8494825964252116,0.15051740357478838,0.9800778220233022,0.1457733704839303,10,0.025,0.15,0.9476201661617646,1.0,0.9527312182409536,0.9452056883812897,0.9465949167747147,0.9330010379763402,0.9247719440001964,0.9240832518563477,0.9180045678747168,0.914242135333185,0.9031787640507317,0.9036834617285793
3,2,2.011603549907082,0.2729460580912863,4820,2.2567470967769623,0.21680497925311204,964,2.253973109812676,0.2108,0.9757197141225317,0.08448896625207429,,,0.9799999999203994,,0.9800300374643098,0.019969962535690167,0.9802378611382134,0.1457992555778446,10,0.025,0.15,0.9362364489930173,0.9527312182409536,1.0,0.9586300279729842,0.9529182502289059,0.9536242666267003,0.9416211638259193,0.9450962457378577,0.9432186714322042,0.9379628250731621,0.9270543447658479,0.9291993312013348
3,3,2.033752078328814,0.26690876078075354,4406,2.2578106267111644,0.188422247446084,881,2.253981062128574,0.2113,0.9754620595743676,0.08409142579072271,,,0.9483555487542451,,0.9483999273819544,0.051600072618045556,0.9801971080394549,0.1457981958806521,10,0.025,0.15,0.9176272978324945,0.9452056883812897,0.9586300279729842,1.0,0.9477477840752766,0.9549921778108038,0.9464121670469788,0.9481356442266451,0.9458394730585893,0.9385976257641887,0.9353839980169782,0.9362205457621827
3,4,2.0445500110134933,0.26872568093385213,4112,2.256201369421823,0.20194647201946472,822,2.2539735443984408,0.2109,0.9769097231991917,0.08433553806001147,,,0.9677870268943671,,0.9678252545757621,0.03217474542423793,0.9802275678048604,0.14579907116585855,10,0.025,0.15,0.906208619080228,0.9465949167747147,0.9529182502289059,0.9477477840752766,1.0,0.9538191625886567,0.952447748334205,0.9503507840307143,0.952293591864691,0.9428586591757993,0.9420562175115035,0.9437838383952613
3,5,2.05923836000504,0.2607868346618668,3889,2.251683064869472,0.2120822622107969,778,2.2540054321289062,0.2113,0.9829516316329878,0.08424001621241038,,,0.9601834324541018,,0.9602251159413114,0.039774884058688564,0.9802014093078506,0.14579884502763915,10,0.025,0.15,0.8932601210367027,0.9330010379763402,0.9536242666267003,0.9549921778108038,0.9538191625886567,1.0,0.9650904277865631,0.9658203203414512,0.9677362279502517,0.9547191862049347,0.9614714187430833,0.9575334565160685
3,6,2.0606264241810504,0.2520344920506602,3711,2.2525776624679565,0.2196765498652291,742,2.254005576990828,0.2113,0.9803624801818095,0.08402616505702329,,,0.9431607565220343,,0.9432176395834365,0.05678236041656348,0.9801751139591258,0.14579776764884225,10,0.025,0.15,0.880269729815468,0.9247719440001964,0.9416211638259193,0.9464121670469788,0.952447748334205,0.9650904277865631,1.0,0.9666306537674734,0.9680675495265083,0.9598211140910493,0.9642902712377347,0.9612691381308854
3,7,2.062431512134416,0.25625701459034794,3564,2.2616107861200967,0.20336605890603085,713,2.253983557978763,0.2113,0.9799524703765496,0.08423682489146676,,,0.9599294014570744,,0.959977554422274,0.04002244557772605,0.9801982825989454,0.1457988095201895,10,0.025,0.15,0.876069472930566,0.9240832518563477,0.9450962457378577,0.9481356442266451,0.9503507840307143,0.9658203203414512,0.9666306537674734,1.0,0.9662981474288777,0.9567797335897722,0.9638604005271455,0.9623752357156007
3,8,2.077687159732536,0.24687590816623076,3441,2.2532132863998413,0.20930232558139536,688,2.2539828246152855,0.2113,0.9809207496750703,0.08421067549382022,,,0.9578478942463691,,0.9578897856117246,0.042110214388275446,0.9802070152414101,0.1457987295071903,10,0.025,0.15,0.8721573216644141,0.9180045678747168,0.9432186714322042,0.9458394730585893,0.952293591864691,0.9677362279502517,0.9680675495265083,0.9662981474288777,1.0,0.9605008185203627,0.9706817895589782,0.9720785720992394
3,9,2.0805579900741575,0.24997000599880023,3334,2.250869631767273,0.2158920539730135,667,2.254029189484029,0.2115,0.9736876061055513,0.08338050811437858,,,0.8917660896190864,,0.8918156161806209,0.10818438381937912,0.9801438026375889,0.1457892205991054,10,0.025,0.15,0.8713454034763882,0.914242135333185,0.9379628250731621,0.9385976257641887,0.9428586591757993,0.9547191862049347,0.9598211140910493,0.9567797335897722,0.9605008185203627,1.0,0.9589463234119942,0.9573671854900835
3,10,2.089141796643917,0.24208577599506326,3241,2.2454688946406045,0.2052469135802469,648,2.25435829766189,0.2117,0.9729930759334456,0.0824538975549188,,,0.8180073519570714,,0.8180587876087207,0.18194121239127925,0.9796555014690745,0.14575658788090468,10,0.025,0.15,0.8536627930382047,0.9031787640507317,0.9270543447658479,0.9353839980169782,0.9420562175115035,0.9614714187430833,0.9642902712377347,0.9638604005271455,0.9706817895589782,0.9589463234119942,1.0,0.964252456460682
3,11,2.071400273799896,0.26100031655587214,3159,2.2565289974212646,0.20727848101265822,632,2.2543194354334966,0.2111,0.9734935780594952,0.08260017862252048,,,0.8296514097330173,,0.8296859269528478,0.17031407304715218,0.9797584045969864,0.1457636072547135,10,0.025,0.15,0.8633342161727827,0.9036834617285793,0.9291993312013348,0.9362205457621827,0.9437838383952613,0.9575334565160685,0.9612691381308854,0.9623752357156007,0.9720785720992394,0.9573671854900835,0.964252456460682,1.0
4,0,1.9027733774096878,0.3120964207450694,6845,2.2229361750862817,0.25712198685171656,1369,2.2297276062301443,0.2365,0.9300317915163074,0.07943369986698756,,,0.55,,0.5500404350481095,0.4499595649518905,0.9840271682161091,0.14432485588793129,10,0.025,0.15,1.0,0.9431391474279149,0.9341722623355582,0.9126496833249284,0.9014411113291767,0.8954024414538119,0.8826080597968194,0.8769990624879382,0.8751246140438032,0.8664960023441095,0.8583967527751679,0.8726020303563481
4,1,1.927010576946791,0.3069916027747353,5478,2.225840383105808,0.24635036496350365,1096,2.2276892511150503,0.2369,0.957903703579764,0.08267762566086048,,,0.8406113673863658,,0.8406446501955736,0.15935534980442645,0.9875330584085638,0.14531964413182544,10,0.025,0.15,0.9431391474279149,1.0,0.9452008382794514,0.9385722353781599,0.9386103248351939,0.9282383141644348,0.9168353276425104,0.9158683533915727,0.9131951024113935,0.8972194394969569,0.8977423376690784,0.9043096056102641
4,2,1.953462774188895,0.2932157676348548,4820,2.232237011194229,0.22406639004149378,964,2.22765557675422,0.237,0.9735257059375602,0.08420528181254845,,,0.9774684570204037,,0.9775049099701276,0.022495090029872378,0.9877674136282416,0.1453477492905459,10,0.025,0.15,0.9341722623355582,0.9452008382794514,1.0,0.9517122786201744,0.9453581114220738,0.9479777612322446,0.9344665474079349,0.9390326304473015,0.9402110308122735,0.9255749408850247,0.9248771158726169,0.9298594186405114
4,3,1.9772993724686758,0.2879255560599183,4406,2.2332702364240373,0.2213393870601589,881,2.2276671566540682,0.2371,0.9734501676059144,0.08395618073848952,,,0.9551524090126444,,0.955191365054216,0.04480863494578402,0.9877686303562124,0.1453473581695388,10,0.025,0.15,0.9126496833249284,0.9385722353781599,0.9517122786201744,1.0,0.9399360820854478,0.9502695103415002,0.9408233412065424,0.9432662533075515,0.9441073792834055,0.9262517558551188,0.9335257649974644,0.9355871942680355
4,4,1.9798337026075883,0.2928501945525292,4112,2.23134217943464,0.20681265206812652,822,2.227655208563503,0.2368,0.972287996940607,0.08406968026324231,,,0.9653204135176827,,0.9653578914360218,0.0346421085639782,0.9877702505454832,0.14534760274376265,10,0.025,0.15,0.9014411113291767,0.9386103248351939,0.9453581114220738,0.9399360820854478,1.0,0.9457956424728046,0.9419994403917485,0.9427725178282091,0.942240502586272,0.927532816044559,0.935879715069037,0.9410994655426104
4,5,2.006301692224318,0.28192337361789666,3889,2.2237704481397356,0.2506426735218509,778,2.227697991117646,0.237,0.9791211721249369,0.08423353995452361,,,0.9799999999104136,,0.9800300374643098,0.019969962535690167,0.9877678842575524,0.14534776667113417,10,0.025,0.15,0.8954024414538119,0.9282383141644348,0.9479777612322446,0.9502695103415002,0.9457956424728046,1.0,0.9557440502121356,0.9560390396810479,0.9591062881125731,0.939784302405513,0.951822910574662,0.951319775749807
4,6,2.002786192400702,0.27566693613581245,3711,2.2252227067947388,0.2398921832884097,742,2.22769707365881,0.2369,0.9760286329674558,0.08399988673713654,,,0.959067868501202,,0.9591110891056428,0.0408889108943572,0.9877661727558968,0.14534745513629527,10,0.025,0.15,0.8826080597968194,0.9168353276425104,0.9344665474079349,0.9408233412065424,0.9419994403917485,0.9557440502121356,1.0,0.9570560537047761,0.9594746638140712,0.9479540526398715,0.9525736719882784,0.9557469418227038
4,7,2.003986376098224,0.2796015712682379,3564,2.2375635306040444,0.22019635343618513,713,2.2276706061785734,0.2371,0.9761265595872299,0.0841337779002675,,,0.9710626848043165,,0.971109570728326,0.028890429271673956,0.987769738051053,0.1453476946959008,10,0.025,0.15,0.8769990624879382,0.9158683533915727,0.9390326304473015,0.9432662533075515,0.9427725178282091,0.9560390396810479,0.9570560537047761,1.0,0.9576150508708171,0.9453188354640968,0.9548683833833317,0.95714418133652
4,8,2.0201082834491024,0.27012496367335076,3441,2.226349711418152,0.23401162790697674,688,2.2276692149005357,0.2372,0.9778712968290769,0.08417452514936867,,,0.9747130808154978,,0.974748725058177,0.025251274941823,0.9877640990275395,0.14534772833765625,10,0.025,0.15,0.8751246140438032,0.9131951024113935,0.9402110308122735,0.9441073792834055,0.942240502586272,0.9591062881125731,0.9594746638140712,0.9576150508708171,1.0,0.9477550485731036,0.9616816413801452,0.9657337945047894
4,9,2.0289919005499946,0.27024595080983804,3334,2.2232417662938437,0.2593703148425787,667,2.227733102025865,0.2367,0.9650933637825391,0.08324225449592366,,,0.8911943856950486,,0.8912297205855655,0.10877027941443451,0.9876427851004373,0.14533965639957724,10,0.025,0.15,0.8664960023441095,0.8972194394969569,0.9255749408850247,0.9262517558551188,0.927532816044559,0.939784302405513,0.9479540526398715,0.9453188354640968,0.9477550485731036,1.0,0.9453393486965772,0.949089625531281
4,10,2.0318862694960376,0.26340635606294355,3241,2.2182805935541787,0.22067901234567902,648,2.2281783623031424,0.2349,0.9700043623242267,0.08282774158787125,,,0.8540597005441308,,0.8540872406793089,0.14591275932069114,0.9874435140798925,0.14532571758788485,10,0.025,0.15,0.8583967527751679,0.8977423376690784,0.9248771158726169,0.9335257649974644,0.935879715069037,0.951822910574662,0.9525736719882784,0.9548683833833317,0.9616816413801452,0.9453393486965772,1.0,0.9584165046780008
4,11,2.0055086226463317,0.28721114276669835,3159,2.2306442737579344,0.2389240506329114,632,2.2281185041500042,0.235,0.9739033154414612,0.08304580583278037,,,0.8735952733093315,,0.8736280965820006,0.12637190341799942,0.9874624118108731,0.1453326937949881,10,0.025,0.15,0.8726020303563481,0.9043096056102641,0.9298594186405114,0.9355871942680355,0.9410994655426104,0.951319775749807,0.9557469418227038,0.95714418133652,0.9657337945047894,0.949089625531281,0.9584165046780008,1.0
5,0,1.8608674782293815,0.3272753834915997,6845,2.1915278651497583,0.2907231555880205,1369,2.1994587409345407,0.2673,0.9339444310154806,0.07982659927511167,,,0.55,,0.5500404350481095,0.4499595649518905,0.9864591440184276,0.1440824710431206,10,0.025,0.15,1.0,0.9384896426987829,0.9328501590252867,0.9121503169618198,0.9048706376069002,0.8954903931519633,0.8852428665375635,0.8800316434545823,0.8803001829314412,0.8720749311209972,0.8663264762567435,0.8782863020000283
5,1,1.8848106032194094,0.3223986856516977,5478,2.193957964579264,0.2801094890510949,1096,2.196199622335313,0.2717,0.9564317761086792,0.08257512988407596,,,0.8194543841851651,,0.8195111485204073,0.1804888514795927,0.990312056971897,0.14505131395976215,10,0.025,0.15,0.9384896426987829,1.0,0.93865782739109,0.9328404223126125,0.9333679043229103,0.922468480279509,0.9141496987945534,0.9136059301083099,0.9111023625725897,0.8963403486513621,0.8978595895056337,0.9045584631203532
5,2,1.9094562997943476,0.3102282157676349,4820,2.202970713376999,0.2603734439834025,964,2.1961100433446186,0.2717,0.9708756655468926,0.08399541171838226,,,0.9586928433764894,,0.9587397468270865,0.041260253172913486,0.9905832774234866,0.14510120801673132,10,0.025,0.15,0.9328501590252867,0.93865782739109,1.0,0.9423600042788656,0.9398032939183458,0.9424483398765033,0.9292666719664352,0.935144074899127,0.9353091410190486,0.9252497357181368,0.9219393591104178,0.9260261484627508
5,3,1.931790054525648,0.3076032682705402,4406,2.2036308561052596,0.24971623155505107,881,2.196126823183856,0.2719,0.9702011963668489,0.08381873513856178,,,0.941372214361043,,0.9414186925450975,0.05858130745490253,0.9905606025425107,0.14509999739114568,10,0.025,0.15,0.9121503169618198,0.9328404223126125,0.9423600042788656,1.0,0.9339329021713406,0.9422658189324337,0.9366640805044388,0.9376324777014864,0.9385107986259943,0.9234737685966298,0.929870990970624,0.9306824023113708
5,4,1.936293969371102,0.3088764591439689,4112,2.20161577633449,0.24209245742092458,822,2.19610922849631,0.2717,0.9712089759386408,0.08392212189995424,,,0.9515078177387335,,0.951552210724365,0.04844778927563498,0.9905749549591688,0.14510083353822936,10,0.025,0.15,0.9048706376069002,0.9333679043229103,0.9398032939183458,0.9339329021713406,1.0,0.9418922403935585,0.9386212019309897,0.9390105284814988,0.935965315215246,0.9330396591263689,0.931468213751536,0.9397631219340912
5,5,1.9560683358100153,0.30095140138853177,3889,2.190322228840419,0.2763496143958869,778,2.196161411985566,0.2718,0.9769907188253235,0.08421275229748383,,,0.9799999999019642,,0.9800300374643098,0.019969962535690167,0.9905853804781032,0.14510171121492593,10,0.025,0.15,0.8954903931519633,0.922468480279509,0.9424483398765033,0.9422658189324337,0.9418922403935585,1.0,0.9511467363801551,0.9522165351611996,0.9535897782727657,0.9414846533891987,0.9481784044676537,0.9466695074971244
5,6,1.9590726178267905,0.29113446510374563,3711,2.1926481326421103,0.2776280323450135,742,2.1961620216128193,0.2718,0.9729978505477187,0.0839372429668032,,,0.9529902235532153,,0.9530458318892244,0.046954168110775574,0.9905724474716493,0.14510092238922617,10,0.025,0.15,0.8852428665375635,0.9141496987945534,0.9292666719664352,0.9366640805044388,0.9386212019309897,0.9511467363801551,1.0,0.9477067700179292,0.9517858583008412,0.940723027317779,0.9481530773006145,0.9479065949074847
5,7,1.9574930378368922,0.29758698092031427,3564,2.2083730697631836,0.2496493688639551,713,2.196130281762232,0.2719,0.9733623744676121,0.08403227145583282,,,0.9623064170523926,,0.9623458929543992,0.03765410704560079,0.9905843590380762,0.14510133086408852,10,0.025,0.15,0.8800316434545823,0.9136059301083099,0.935144074899127,0.9376324777014864,0.9390105284814988,0.9522165351611996,0.9477067700179292,1.0,0.9486454665901326,0.9404843413311594,0.9499685298870165,0.9507882346907431
5,8,1.9727849827872381,0.2917175239755885,3441,2.1939303874969482,0.2805232558139535,688,2.19612748713433,0.2719,0.9741402537492279,0.08408298273788978,,,0.9672779379200632,,0.9673218794870525,0.032678120512947495,0.9905826043529306,0.1451014809227678,10,0.025,0.15,0.8803001829314412,0.9111023625725897,0.9353091410190486,0.9385107986259943,0.935965315215246,0.9535897782727657,0.9517858583008412,0.9486454665901326,1.0,0.9412016045839533,0.9525722296813336,0.9552524254495915
5,9,1.9862071871757507,0.2897120575884823,3334,2.190114696820577,0.3118440779610195,667,2.1962147604061077,0.2718,0.9655684058518439,0.08322416868089806,,,0.8830834188190126,,0.8831262068624053,0.11687379313759472,0.9905056923736697,0.14508698045869706,10,0.025,0.15,0.8720749311209972,0.8963403486513621,0.9252497357181368,0.9234737685966298,0.9330396591263689,0.9414846533891987,0.940723027317779,0.9404843413311594,0.9412016045839533,1.0,0.9462381220427646,0.9450459602455057
5,10,1.9851148339418265,0.282906510336316,3241,2.1864635149637857,0.25925925925925924,648,2.1967925602876686,0.2669,0.9688322774406303,0.08307348413109406,,,0.868310939137967,,0.8683385321252332,0.13166146787476685,0.9904280512021291,0.14508116341089336,10,0.025,0.15,0.8663264762567435,0.8978595895056337,0.9219393591104178,0.929870990970624,0.931468213751536,0.9481784044676537,0.9481530773006145,0.9499685298870165,0.9525722296813336,0.9462381220427646,1.0,0.9503604485891056
5,11,1.9526730699539185,0.30440012662234883,3159,2.1994209766387938,0.25316455696202533,632,2.196699130384228,0.2672,0.9715942838141204,0.08329909981391234,,,0.8904293520375872,,0.8904622798765494,0.10953772012345064,0.990490844540268,0.14508944087905834,10,0.025,0.15,0.8782863020000283,0.9045584631203532,0.9260261484627508,0.9306824023113708,0.9397631219340912,0.9466695074971244,0.9479065949074847,0.9507882346907431,0.9552524254495915,0.9450459602455057,0.9503604485891056,1.0
6,0,1.824706279348444,0.3400584368151936,6845,2.1560194058851763,0.310445580715851,1369,2.165096738670446,0.2946,0.9384493862733893,0.08026816231475079,,,0.55,,0.5500404350481095,0.4499595649518905,0.9891144984667238,0.14381807395373364,10,0.025,0.15,1.0,0.932135032499395,0.9315934707182139,0.9131857907798456,0.905354771502545,0.89954967994071,0.8923492523338112,0.8839701892331772,0.8839374175611161,0.8785445836620571,0.875126662860408,0.8837460614762999
6,1,1.8420914048372312,0.337166849215042,5478,2.1575281620025635,0.32025547445255476,1096,2.160354478449761,0.2999,0.9569525283231372,0.08258043353808427,,,0.8065364593659035,,0.8065636810747471,0.19343631892525293,0.9919290874166806,0.14477965488890238,10,0.025,0.15,0.932135032499395,1.0,0.9330802452584663,0.9305351575541787,0.9313935491818107,0.9207250321348114,0.9147277903193515,0.9127109711577356,0.9092476064842696,0.9031710334268414,0.8994218964857554,0.9034930560599657
6,2,1.8645343021342629,0.32396265560165977,4820,2.1695298850536346,0.2769709543568465,964,2.1601537330241145,0.3004,0.9696749603484108,0.08387862912147875,,,0.9505656265188627,,0.9506114769520225,0.04938852304797747,0.9924583445488453,0.14485384519634983,10,0.025,0.15,0.9315934707182139,0.9330802452584663,1.0,0.9404191064882327,0.9336415073087369,0.9387317422124261,0.9253083994090016,0.9312241732562846,0.9319125204108083,0.9240809125038651,0.9211964098956216,0.9251270986378785
6,3,1.8915471523148673,0.32190195188379483,4406,2.1697705132620677,0.28376844494892167,881,2.160175033762485,0.3004,0.9689118582112598,0.08374393236294836,,,0.9356216056043802,,0.9356505091515241,0.06434949084847585,0.9924366356082528,0.14485237250344446,10,0.025,0.15,0.9131857907798456,0.9305351575541787,0.9404191064882327,1.0,0.929496792855386,0.9396613086273472,0.9343214472822052,0.9313510151841382,0.9349808080596483,0.9252463979825741,0.9242362307089844,0.9233026952412018
6,4,1.8984273556506994,0.3213278210116732,4112,2.167620931352888,0.2737226277372263,822,2.1601510772222206,0.3005,0.968478526591908,0.0837939870113015,,,0.9411749516538149,,0.941228895380502,0.05877110461949797,0.9924445191716603,0.14485302317824741,10,0.025,0.15,0.905354771502545,0.9313935491818107,0.9336415073087369,0.929496792855386,1.0,0.9350455177572942,0.9354530339573678,0.9317167990669237,0.9298579163704719,0.9264458268208987,0.9291839304722896,0.9338750031798982
6,5,1.9145162447806328,0.31640524556441246,3889,2.152259724480765,0.30205655526992287,778,2.160215531723409,0.3,0.9736603305804037,0.08414393353352598,,,0.9799999998890543,,0.9800300374643098,0.019969962535690167,0.9924657476596965,0.14485499211900646,10,0.025,0.15,0.89954967994071,0.9207250321348114,0.9387317422124261,0.9396613086273472,0.9350455177572942,1.0,0.9441965396950294,0.9419126787458073,0.9464952192553233,0.9337954079439275,0.9415453187462182,0.9389392275193622
6,6,1.9193805476714825,0.3054432767448127,3711,2.1557980378468833,0.3018867924528302,742,2.160216376751284,0.3,0.9713511455891314,0.08389729655231065,,,0.9526366969723405,,0.9526909937119374,0.04730900628806256,0.9924568193584563,0.14485402739848555,10,0.025,0.15,0.8923492523338112,0.9147277903193515,0.9253083994090016,0.9343214472822052,0.9354530339573678,0.9441965396950294,1.0,0.9398383382392702,0.9467430044977644,0.9363422351966006,0.9427202031323061,0.9418228097376221
6,7,1.9142274788447788,0.3143939393939394,3564,2.17465873559316,0.28892005610098176,713,2.160179590877098,0.3005,0.969131801065214,0.0838837677819891,,,0.9511357386060193,,0.9511808684458087,0.048819131554191264,0.9924580013832766,0.14485390598996475,10,0.025,0.15,0.8839701892331772,0.9127109711577356,0.9312241732562846,0.9313510151841382,0.9317167990669237,0.9419126787458073,0.9398383382392702,1.0,0.940755434127036,0.9324374723836835,0.9401708893488272,0.9416384012391401
6,8,1.930188540176109,0.3042429526300494,3441,2.1569058497746787,0.3168604651162791,688,2.1601778525340407,0.3006,0.9712990583606653,0.08398612437887304,,,0.9624917589086439,,0.9625191860177255,0.03748081398227454,0.9924599407210261,0.14485455246733414,10,0.025,0.15,0.8839374175611161,0.9092476064842696,0.9319125204108083,0.9349808080596483,0.9298579163704719,0.9464952192553233,0.9467430044977644,0.940755434127036,1.0,0.9355131488449443,0.9456642009053622,0.9475769176643505
6,9,1.9489631175994873,0.30356928614277146,3334,2.1524181763331094,0.3343328335832084,667,2.1603183897235727,0.2995,0.9638634446881728,0.08320954761764393,,,0.8763339367893379,,0.8763925335445858,0.1236074664554142,0.9922491873529027,0.1448357416821842,10,0.025,0.15,0.8785445836620571,0.9031710334268414,0.9240809125038651,0.9252463979825741,0.9264458268208987,0.9337954079439275,0.9363422351966006,0.9324374723836835,0.9355131488449443,1.0,0.9368848936199116,0.9348273248927147
