round,client_id,client_i_training_loss,client_i_training_accuracy,client_i_training_dataset_size,client_i_evaluation_loss,client_i_evaluation_accuracy,client_i_evaluation_dataset_size,client_i_central_evaluation_loss,client_i_central_evaluation_accuracy,client_i_cosine_similarity,client_i_importance_coefficient,client_i_tanh_val,tanh_normalization_value,client_i_q,client_i_mask_order,client_i_v_nonzero_fraction,client_i_v_sparsity,client_i_v_cosine_similarity,client_i_reward_gradient_norm,local_epochs,learning_rate,gamma,client_0_cosine_similarity,client_1_cosine_similarity,client_2_cosine_similarity,client_3_cosine_similarity,client_4_cosine_similarity,client_5_cosine_similarity,client_6_cosine_similarity,client_7_cosine_similarity,client_8_cosine_similarity,client_9_cosine_similarity,client_10_cosine_similarity,client_11_cosine_similarity
0,0,2.296858634772124,0.1325054784514244,6845,2.3026209744540127,0.09788166544923302,1369,2.3005457437491117,0.1,0.9169527007652065,0.08403309252564954,,,0.8706845417695758,,0.8707151227079929,0.1292848772920071,0,0.13680726763597137,10,0.025,0.15,1.0,0.8915240117426515,0.8958812057187865,0.8443459154415837,0.7880723539664297,0.788342867071554,0.8200690947609163,0.7854135667719485,0.7628271597466172,0.8162884088488579,0.6816858629533847,0.7430865313078164
0,1,2.298854682057403,0.1047645125958379,5478,2.3003984292348227,0.1031021897810219,1096,2.3005456441565406,0.1,0.925049117187226,0.08477507944574911,,,0.8843054130751001,,0.8843557624069581,0.11564423759304188,0,0.1368085820308835,10,0.025,0.15,0.8915240117426515,1.0,0.9035233032672866,0.7806146293269643,0.8271932507280895,0.8690565004154476,0.7160779359967187,0.8503430243742831,0.7524614977194487,0.8118069244498994,0.8036334332105206,0.7736727971119418
0,2,2.300346587206188,0.1054149377593361,4820,2.3022225201129913,0.08921161825726141,964,2.3005463382865807,0.1,0.9640988020669441,0.08835374362314495,,,0.9499999999816426,,0.9500173293063326,0.04998267069366735,0,0.1368198059588362,10,0.025,0.15,0.8958812057187865,0.9035233032672866,1.0,0.8733922576182273,0.8524915250647365,0.8674398463962089,0.7988689778802106,0.8912439439361216,0.8586193259982174,0.8747094792967384,0.8253994176286715,0.8399934867846885
0,3,2.299848715237209,0.10558329550612801,4406,2.300022874559675,0.09307604994324631,881,2.300545828251899,0.1,0.9100071055450266,0.08339657131218235,,,0.8589997353437302,,0.8590384710600584,0.14096152893994163,0,0.13680624691279447,10,0.025,0.15,0.8443459154415837,0.7806146293269643,0.8733922576182273,1.0,0.7912988154217677,0.7870189725399601,0.8527389201904617,0.8458301152855361,0.7943639668327683,0.8595860488394317,0.67311076888067,0.8092693957815383
0,4,2.3014764258355807,0.11142996108949417,4112,2.2986904553004672,0.10948905109489052,822,2.300545671318151,0.1,0.9233650889369306,0.0846207485826034,,,0.8814723161990851,,0.8815170569886617,0.11848294301133833,0,0.13680838666714756,10,0.025,0.15,0.7880723539664297,0.8271932507280895,0.8524915250647365,0.7912988154217677,1.0,0.7803745604219068,0.7475954823143574,0.9089543681196889,0.9078817577051168,0.8325372865809504,0.8192757660805786,0.9100118426582264
0,5,2.300669227107879,0.12314219593725893,3889,2.2970428807394847,0.10539845758354756,778,2.3005460334729544,0.1,0.8999375791865942,0.08247376096497308,,,0.8420594354027866,,0.8420970111072602,0.1579029888927398,0,0.13680426978330307,10,0.025,0.15,0.788342867071554,0.8690565004154476,0.8674398463962089,0.7870189725399601,0.7803745604219068,1.0,0.7002434216311171,0.8741327886985784,0.7322434693547554,0.8610228090565415,0.8050870693715485,0.7679944053122351
0,6,2.3000104443780307,0.10724872002155753,3711,2.297840714454651,0.10512129380053908,742,2.30055605308919,0.1,0.8577017531353097,0.07860310648573661,,,0.7710046969678334,,0.7710386030928685,0.22896139690713146,0,0.1366770481895901,10,0.025,0.15,0.8200690947609163,0.7160779359967187,0.7988689778802106,0.8527389201904617,0.7475954823143574,0.7002434216311171,1.0,0.7100043310234946,0.8148690998434329,0.8841518076663595,0.5659751191083551,0.7433656552880488
0,7,2.3013198137283326,0.12051066217732885,3564,2.301947077115377,0.09256661991584852,713,2.30054558983332,0.1,0.9325903677328469,0.08546618881739981,,,0.8969923103158666,,0.8970309121816772,0.10296908781832281,0,0.13680925896392543,10,0.025,0.15,0.7854135667719485,0.8503430243742831,0.8912439439361216,0.8458301152855361,0.9089543681196889,0.8741327886985784,0.7100043310234946,1.0,0.8426028471637127,0.842946979707122,0.834304159887645,0.8628599910741969
0,8,2.302188743485345,0.1002615518744551,3441,2.2987126111984253,0.10610465116279069,688,2.30054592784447,0.1,0.9052747765834909,0.08296288238018544,,,0.8510383805417244,,0.8510834942483207,0.14891650575167925,0,0.13680545158871568,10,0.025,0.15,0.7628271597466172,0.7524614977194487,0.8586193259982174,0.7943639668327683,0.9078817577051168,0.7322434693547554,0.8148690998434329,0.8426028471637127,1.0,0.8526494025483721,0.7972471301719252,0.8955333764687355
0,9,2.3015271125016388,0.10527894421115777,3334,2.3028341134389243,0.0944527736131934,667,2.3005456260488004,0.1,0.9279455584871656,0.08504052053071437,,,0.8891781928500123,,0.8892162202307273,0.11078377976927267,0,0.13680886564381636,10,0.025,0.15,0.8162884088488579,0.8118069244498994,0.8747094792967384,0.8595860488394317,0.8325372865809504,0.8610228090565415,0.8841518076663595,0.842946979707122,0.8526494025483721,1.0,0.7114293733868817,0.839357438218328
0,10,2.3016530834711517,0.11098426411601357,3241,2.300587018330892,0.10493827160493827,648,2.3005569584761996,0.1,0.8452162983024066,0.07745889110764502,,,0.75,,0.7500041260253173,0.2499958739746827,0,0.1366672619001098,10,0.025,0.15,0.6816858629533847,0.8036334332105206,0.8253994176286715,0.67311076888067,0.8192757660805786,0.8050870693715485,0.5659751191083551,0.834304159887645,0.7972471301719252,0.7114293733868817,1.0,0.8246393481993411
0,11,2.3024027919769288,0.10598290598290598,3159,2.3002029418945313,0.10284810126582279,632,2.3005459429342534,0.1,0.9036656328519928,0.08281541422401642,,,0.8483312643885561,,0.848368569589543,0.151631430410457,0,0.13680509790917994,10,0.025,0.15,0.7430865313078164,0.7736727971119418,0.8399934867846885,0.8092693957815383,0.9100118426582264,0.7679944053122351,0.7433656552880488,0.8628599910741969,0.8955333764687355,0.839357438218328,0.8246393481993411,1.0
1,0,2.2109424977390852,0.17278305332359387,6845,2.294339179992676,0.12856099342585828,1369,2.293470479265044,0.1336,0.9066365264959652,0.0819443564034599,,,0.8238360099668055,,0.8238929874073707,0.1761070125926293,0.7458416125163015,0.14435257138583507,10,0.025,0.15,1.0,0.9634844225755257,0.9370665188836379,0.8817539266020216,0.878240744739116,0.8632783597179507,0.8365360301421749,0.837159663055977,0.8242046902421355,0.8187975100552207,0.8066491672064596,0.8126218255764971
1,1,2.2394179047540175,0.16294267981014968,5478,2.2928307056427,0.13686131386861314,1096,2.29346944108794,0.1336,0.9434244483551129,0.0836100982558856,,,0.8659658561419447,,0.8659949497450117,0.13400505025498832,0.7458848639217048,0.1443615801644339,10,0.025,0.15,0.9634844225755257,1.0,0.9678882411291134,0.921153100516511,0.92174789393192,0.9124757755568025,0.8740014057249008,0.8879355685031671,0.8654953230689763,0.8573631403067076,0.8621742021307146,0.8529886595038997
1,2,2.2643895086489225,0.15593360995850622,4820,2.295613646507263,0.12551867219917012,964,2.2934660368327853,0.1336,0.9769287515012198,0.0869326641592379,,,0.949999999974708,,0.9500173293063326,0.04998267069366735,0.7463365630264902,0.14437642538882714,10,0.025,0.15,0.9370665188836379,0.9678882411291134,1.0,0.9584329108907511,0.9513078023627948,0.9542490697386615,0.9240437201787776,0.9385429671261715,0.9226372844102934,0.9161050481160676,0.9025749834495743,0.9033846137285128
1,3,2.2745349420819965,0.13731275533363596,4406,2.293222427368164,0.13166855845629966,881,2.2934697247758695,0.1336,0.9769824979059815,0.08385123710045946,,,0.8720647257920969,,0.8721014672146028,0.1278985327853972,0.7458815111007308,0.14436241561579227,10,0.025,0.15,0.8817539266020216,0.921153100516511,0.9584329108907511,1.0,0.9537898533275423,0.9567197769677129,0.9604285545324649,0.9566392063894344,0.9327105511219875,0.9449095006239805,0.8917704716893744,0.922694112432316
1,4,2.2836147647915466,0.16077334630350196,4112,2.2922429697854176,0.1411192214111922,822,2.293467385859429,0.1336,0.9830745335232429,0.08481205491915879,,,0.8963656742525015,,0.8964037563334488,0.10359624366655118,0.7459817958858943,0.14437329853647926,10,0.025,0.15,0.878240744739116,0.92174789393192,0.9513078023627948,0.9537898533275423,1.0,0.9536308840125475,0.9467168597748497,0.9638282341034516,0.960601324667081,0.9384636832694575,0.926885124080005,0.9578789759162673
1,5,2.2844457541742633,0.16263821033684753,3889,2.290623835154942,0.13881748071979436,778,2.2934707116477098,0.1336,0.9795725539365213,0.0833620670421262,,,0.8596926650907025,,0.859739895363998,0.14026010463600203,0.7458278842053336,0.14436058085716416,10,0.025,0.15,0.8632783597179507,0.9124757755568025,0.9542490697386615,0.9567197769677129,0.9536308840125475,1.0,0.946231757502901,0.9705923742150097,0.93724395664657,0.9482988574903155,0.9353660079757826,0.9358121919494432
1,6,2.283099147369122,0.13023443815683106,3711,2.2911746501922607,0.14420485175202155,742,2.2934831214856497,0.1336,0.9666129310859612,0.08053042330435645,,,0.7880748961541095,,0.7881120958558202,0.2118879041441798,0.7467676170439509,0.14432480434357353,10,0.025,0.15,0.8365360301421749,0.8740014057249008,0.9240437201787776,0.9604285545324649,0.9467168597748497,0.946231757502901,1.0,0.9412336791948342,0.9532060646540969,0.973436324027908,0.8753700066660186,0.9343896622446543
1,7,2.288199088403157,0.15917508417508416,3564,2.2949030796686807,0.12061711079943899,713,2.293466625334341,0.1336,0.9770725604331761,0.08514141443432317,,,0.9046958159788365,,0.9047300754237428,0.09526992457625716,0.7461430523716085,0.14437400062014907,10,0.025,0.15,0.837159663055977,0.8879355685031671,0.9385429671261715,0.9566392063894344,0.9638282341034516,0.9705923742150097,0.9412336791948342,1.0,0.9552036551049553,0.9437581816220828,0.9381800873994443,0.9525180841144898
1,8,2.290261259785405,0.13699505957570474,3441,2.292084495226542,0.14098837209302326,688,2.2934703223312956,0.1336,0.9698650761795099,0.08334850916417064,,,0.8593497600289743,,0.8593933092373455,0.14060669076265453,0.7458382158496002,0.14436056875928285,10,0.025,0.15,0.8242046902421355,0.8654953230689763,0.9226372844102934,0.9327105511219875,0.960601324667081,0.93724395664657,0.9532060646540969,0.9552036551049553,1.0,0.9607921645070141,0.9281369885808876,0.9643332445368578
1,9,2.2895136506469163,0.11838632273545291,3334,2.2946439584096274,0.12443778110944528,667,2.293467346625992,0.1336,0.9642489980075661,0.08445688461542221,,,0.8873827275608459,,0.8874172731923883,0.11258272680761172,0.7459840913195636,0.1443723983278513,10,0.025,0.15,0.8187975100552207,0.8573631403067076,0.9161050481160676,0.9449095006239805,0.9384636832694575,0.9482988574903155,0.973436324027908,0.9437581816220828,0.9607921645070141,1.0,0.8935899767823063,0.943107244897443
1,10,2.2921988129615785,0.16362233878432583,3241,2.2929665247599282,0.14506172839506173,648,2.2934868577160414,0.1335,0.9423650384064829,0.07902500722030513,,,0.75,,0.7500041260253173,0.2499958739746827,0.7466306642562477,0.14428730880740462,10,0.025,0.15,0.8066491672064596,0.8621742021307146,0.9025749834495743,0.8917704716893744,0.926885124080005,0.9353660079757826,0.8753700066660186,0.9381800873994443,0.9281369885808876,0.8935899767823063,1.0,0.9301128590709765
1,11,2.2901472969055177,0.148781259892371,3159,2.293404722213745,0.12974683544303797,632,2.2934706754322294,0.1336,0.9615710210031049,0.0829852833810946,,,0.8501630746217763,,0.8502170289316895,0.1497829710683105,0.7458176941355802,0.1443589514249636,10,0.025,0.15,0.8126218255764971,0.8529886595038997,0.9033846137285128,0.922694112432316,0.9578789759162673,0.9358121919494432,0.9343896622446543,0.9525180841144898,0.9643332445368578,0.943107244897443,0.9301128590709765,1.0
2,0,2.1080464382966357,0.22328707085463842,6845,2.2812210646542637,0.16289262235208182,1369,2.2818870242637925,0.1759,0.915790256428781,0.0804430151334959,,,0.75,,0.7500041260253173,0.2499958739746827,0.901206402371565,0.14660489284413616,10,0.025,0.15,1.0,0.9539207697121449,0.9403979369970736,0.9128262669995179,0.9088096148173818,0.8858492483268188,0.874945579886131,0.8622384769176927,0.8579596902295734,0.8536078843422041,0.842208464198441,0.8559475798950105
2,1,2.1305881929952046,0.2217232566630157,5478,2.280794302622477,0.18613138686131386,1096,2.281865479070929,0.176,0.9704680961749041,0.08325140522457498,,,0.8552943451861001,,0.8553333003251308,0.14466669967486923,0.9019241301577676,0.14673024364395118,10,0.025,0.15,0.9539207697121449,1.0,0.9731490193347759,0.9641094537077308,0.963341794039791,0.9518879389975419,0.9398242485696225,0.9383072050162445,0.9284640577677686,0.928971764385624,0.9219182996928769,0.9270336144770377
2,2,2.158959717813291,0.2095643153526971,4820,2.2850213050842285,0.17012448132780084,964,2.281851460662069,0.1759,0.9849850037481364,0.08577737584505925,,,0.9499999999625072,,0.9500173293063326,0.04998267069366735,0.9020125128576948,0.14675468184181933,10,0.025,0.15,0.9403979369970736,0.9731490193347759,1.0,0.9741394717597874,0.9751778324360252,0.9713449148653448,0.9618484761977057,0.9608273460883209,0.9561058540527262,0.9493187212057487,0.9464281577076825,0.9523958719934437
2,3,2.179135240827288,0.19841125737630505,4406,2.2823353494916643,0.17253121452894438,881,2.2818619329718093,0.1759,0.986842669920704,0.08393315325124336,,,0.8808549723503913,,0.880898153191068,0.11910184680893199,0.9019082246250821,0.14674688870946584,10,0.025,0.15,0.9128262669995179,0.9641094537077308,0.9741394717597874,1.0,0.9712304609255787,0.9745596644020704,0.9731471410369682,0.9723434899674086,0.962582159423976,0.9627399848732968,0.9560764305459936,0.9602642148283902
2,4,2.194541424693483,0.19554961089494163,4112,2.2812540190560475,0.17396593673965938,822,2.281855305538902,0.1759,0.9887105553587228,0.08458780900357855,,,0.9053998348975891,,0.9054480038289515,0.09455199617104848,0.9020438736678988,0.14675057290320398,10,0.025,0.15,0.9088096148173818,0.963341794039791,0.9751778324360252,0.9712304609255787,1.0,0.9760065110998225,0.9688668272341495,0.9704214589265456,0.9702548256160751,0.96485464312834,0.964571063922833,0.9723294023472022
2,5,2.1947589512794248,0.20161995371560812,3889,2.2790981020246233,0.17866323907455012,778,2.281867006157018,0.1759,0.9908034746247805,0.08375964608485044,,,0.8743497067434265,,0.8743790331897476,0.12562096681025237,0.9019519770963335,0.14673502533261149,10,0.025,0.15,0.8858492483268188,0.9518879389975419,0.9713449148653448,0.9745596644020704,0.9760065110998225,1.0,0.979032862253338,0.9848210458857921,0.9783363338909438,0.9754287143857616,0.9784354720912614,0.9755669425920316
2,6,2.198293653027765,0.1864187550525465,3711,2.279672463734945,0.19137466307277629,742,2.281889535203765,0.1758,0.9865632865687244,0.08187144113111483,,,0.8035556582911514,,0.8035929428462973,0.19640705715370266,0.9011820267798535,0.14668432631366976,10,0.025,0.15,0.874945579886131,0.9398242485696225,0.9618484761977057,0.9731471410369682,0.9688668272341495,0.979032862253338,1.0,0.9808642928405409,0.9807017408506007,0.9799923839909038,0.9680326850104741,0.9748312387836545
2,7,2.203377082518169,0.1968013468013468,3564,2.2838744719823203,0.15427769985974754,713,2.281853917278821,0.1759,0.9871055256101582,0.08473917404791849,,,0.9110749308461419,,0.9111254146655444,0.08887458533445558,0.9020113225807649,0.14675131445461426,10,0.025,0.15,0.8622384769176927,0.9383072050162445,0.9608273460883209,0.9723434899674086,0.9704214589265456,0.9848210458857921,0.9808642928405409,1.0,0.9831630118626431,0.9765356806676002,0.9793100513183933,0.9790221733788429
2,8,2.2140074632785938,0.18686428363847718,3441,2.2808310985565186,0.18313953488372092,688,2.281866206398493,0.176,0.9848271177876883,0.08355684284938533,,,0.8667460501332737,,0.8667871466059316,0.1332128533940684,0.9019574348611815,0.14673326165369718,10,0.025,0.15,0.8579596902295734,0.9284640577677686,0.9561058540527262,0.962582159423976,0.9702548256160751,0.9783363338909438,0.9807017408506007,0.9831630118626431,1.0,0.9818753685757086,0.9795790728874165,0.9826275657723823
2,9,2.215769252953706,0.18080383923215357,3334,2.2819344202677407,0.16491754122938532,667,2.2818571434745305,0.1759,0.9817008841433403,0.08414023641594533,,,0.8886190953956985,,0.8886633328382103,0.11133666716178969,0.9019783521325669,0.14674822722987776,10,0.025,0.15,0.8536078843422041,0.928971764385624,0.9493187212057487,0.9627399848732968,0.96485464312834,0.9754287143857616,0.9799923839909038,0.9765356806676002,0.9818753685757086,1.0,0.9734274586903173,0.978050269016102
2,10,2.2273818181111262,0.19632829373650107,3241,2.2804636557896933,0.19907407407407407,648,2.2819013203246685,0.1759,0.9784783848041801,0.08067791242855539,,,0.7588069520498029,,0.75885032430559,0.24114967569441004,0.9008496492162126,0.14665053091471902,10,0.025,0.15,0.842208464198441,0.9219182996928769,0.9464281577076825,0.9560764305459936,0.964571063922833,0.9784354720912614,0.9680326850104741,0.9793100513183933,0.9795790728874165,0.9734274586903173,1.0,0.978256791127543
2,11,2.2149174857139586,0.1894903450459006,3159,2.2819488048553467,0.18354430379746836,632,2.2818677214127554,0.1759,0.9826649000564857,0.08326198858427801,,,0.8556911447380353,,0.8557211467049561,0.14427885329504386,0.9019078560100335,0.14673025540861215,10,0.025,0.15,0.8559475798950105,0.9270336144770377,0.9523958719934437,0.9602642148283902,0.9723294023472022,0.9755669425920316,0.9748312387836545,0.9790221733788429,0.9826275657723823,0.978050269016102,0.978256791127543,1.0
3,0,2.0398359219233195,0.24723155588020454,6845,2.261554566296664,0.1760409057706355,1369,2.2642583062377155,0.1914,0.9118807771805205,0.07951185886142317,,,0.75,,0.7500041260253173,0.2499958739746827,0.9654525130456197,0.14598801058316546,10,0.025,0.15,1.0,0.9471594584178652,0.9372169632035711,0.9088444569930275,0.903118035738964,0.8780748869985985,0.8683737461885566,0.8525492995118242,0.8503727405201651,0.8444254379282207,0.8274728729554625,0.8465707370987582
3,1,2.063118865878083,0.24634903249361081,5478,2.2624896102481418,0.20529197080291972,1096,2.2641821269747577,0.1916,0.9635965428029526,0.08293550730516139,,,0.8740601045784727,,0.8740819593669027,0.1259180406330973,0.966106205960047,0.1461391219493177,10,0.025,0.15,0.9471594584178652,1.0,0.9633873716514394,0.9534838870927754,0.9572447940293212,0.9412585168230493,0.9280662752273109,0.9238729275744068,0.9164761147417357,0.9171859369449537,0.9016995579852065,0.9164682139979764
3,2,2.0885934939509943,0.23400414937759337,4820,2.268509954214096,0.18360995850622408,964,2.2641517874560777,0.1914,0.9799219084408849,0.08503119717691254,,,0.9499999999637637,,0.9500173293063326,0.04998267069366735,0.9662037198675945,0.14616934021774458,10,0.025,0.15,0.9372169632035711,0.9633873716514394,1.0,0.9656435500568347,0.9653205100574428,0.9634260607300043,0.9539145135057014,0.9486657485302509,0.9450698449672833,0.9408534113711948,0.9307938265317279,0.9418149837288878
3,3,2.1055734157562256,0.230140717203813,4406,2.266016960144043,0.18274687854710556,881,2.2641715641263165,0.1916,0.9803415363136218,0.08390315941267733,,,0.9091241666826209,,0.9091614266145137,0.09083857338548629,0.9661358912148852,0.14616206643867835,10,0.025,0.15,0.9088444569930275,0.9534838870927754,0.9656435500568347,1.0,0.9610757475912168,0.962959982759324,0.9614167384161447,0.9584868926433763,0.9511805932131457,0.9477136734965437,0.9378507313675789,0.9523072732770566
3,4,2.121309412248207,0.22217898832684824,4112,2.264152765274048,0.1873479318734793,822,2.264159640179405,0.1917,0.9834422730522957,0.08440947066197245,,,0.9274709764001005,,0.9275057351751911,0.07249426482480892,0.9661835895202158,0.14616451704554115,10,0.025,0.15,0.903118035738964,0.9572447940293212,0.9653205100574428,0.9610757475912168,1.0,0.9678047600584561,0.9618853449061578,0.9549321429802721,0.958347384201874,0.9552336103255199,0.949178307278582,0.9629119213391093
3,5,2.1190371863303645,0.22648495757264078,3889,2.26142464365278,0.18894601542416453,778,2.264177443105963,0.1915,0.9884265216210136,0.08405917746103582,,,0.9147776722085416,,0.9148140812992028,0.08518591870079717,0.9660478011495381,0.14616294701766835,10,0.025,0.15,0.8780748869985985,0.9412585168230493,0.9634260607300043,0.962959982759324,0.9678047600584561,1.0,0.9733134038184953,0.9779416590314011,0.9747591418451083,0.9700806877683688,0.9706839980504871,0.9748310611331613
3,6,2.120457749531187,0.221018593371059,3711,2.2615540822347007,0.21293800539083557,742,2.264216453214235,0.191,0.9848354525206688,0.0827732314306247,,,0.8681798390382404,,0.8682147513657144,0.13178524863428565,0.9657468641920146,0.14613746658324034,10,0.025,0.15,0.8683737461885566,0.9280662752273109,0.9539145135057014,0.9614167384161447,0.9618853449061578,0.9733134038184953,1.0,0.9763832051565221,0.9772959915523233,0.9715643842380315,0.9663289094131668,0.975100011057113
3,7,2.1229188497577396,0.22643097643097643,3564,2.267313758532206,0.17110799438990182,713,2.264157512519933,0.1917,0.9828829897136201,0.08448495379642026,,,0.9302062004476028,,0.9302454159858725,0.06975458401412749,0.9661854761260105,0.14616484729340704,10,0.025,0.15,0.8525492995118242,0.9238729275744068,0.9486657485302509,0.9584868926433763,0.9549321429802721,0.9779416590314011,0.9763832051565221,1.0,0.9779585421407959,0.9702468029135481,0.9727643374474343,0.9761168385308535
3,8,2.1380972385406496,0.21235106073815752,3441,2.263457496960958,0.19186046511627908,688,2.2641792327542847,0.1915,0.9823999863525799,0.0837372655538352,,,0.9031127990392748,,0.9031456817019029,0.0968543182980971,0.9660082188756615,0.1461608923867898,10,0.025,0.15,0.8503727405201651,0.9164761147417357,0.9450698449672833,0.9511805932131457,0.958347384201874,0.9747591418451083,0.9772959915523233,0.9779585421407959,1.0,0.97573052663343,0.9782203579649662,0.9793515150104148
3,9,2.1348593014257924,0.21121775644871027,3334,2.2632089455922446,0.19640179910044978,667,2.264164284814762,0.1917,0.9783061243069003,0.08396503971734293,,,0.911366475492745,,0.9114142364377548,0.08858576356224523,0.9661569406207929,0.14616245231021974,10,0.025,0.15,0.8444254379282207,0.9171859369449537,0.9408534113711948,0.9477136734965437,0.9552336103255199,0.9700806877683688,0.9715643842380315,0.9702468029135481,0.97573052663343,1.0,0.9713431723135957,0.9721612107711601
3,10,2.1475584396949183,0.21499537179882752,3241,2.261549711227417,0.2191358024691358,648,2.2642450513719004,0.191,0.973548821520207,0.08166659815523535,,,0.8280796236887582,,0.8281262893829117,0.17187371061708834,0.9655373898367838,0.14612178766334655,10,0.025,0.15,0.8274728729554625,0.9016995579852065,0.9307938265317279,0.9378507313675789,0.949178307278582,0.9706839980504871,0.9663289094131668,0.9727643374474343,0.9782203579649662,0.9713431723135957,1.0,0.9754760177316251
3,11,2.1282035174369813,0.2185818296929408,3159,2.2644840240478517,0.19936708860759494,632,2.2641812638391423,0.1916,0.9814120908288961,0.08352254046735857,,,0.8953319719124025,,0.895372250004126,0.10462774999587399,0.9660401815575821,0.14615910053924347,10,0.025,0.15,0.8465707370987582,0.9164682139979764,0.9418149837288878,0.9523072732770566,0.9629119213391093,0.9748310611331613,0.975100011057113,0.9761168385308535,0.9793515150104148,0.9721612107711601,0.9754760177316251,1.0
4,0,1.9866352606702733,0.26962746530314097,6845,2.235341722315008,0.19138056975894813,1369,2.2401619893086107,0.2084,0.909772327113371,0.07900118112429626,,,0.75,,0.7500041260253173,0.2499958739746827,0.9775004038868699,0.1453033993801962,10,0.025,0.15,1.0,0.9451779980031877,0.9332730242036386,0.9044545202312101,0.8953520008021284,0.8728356021395108,0.8596200969041775,0.844802907901562,0.8465083708701252,0.832352352302831,0.8234439077048098,0.8380056933868908
4,1,2.012712128772292,0.26336254107338447,5478,2.2374570104810925,0.22171532846715328,1096,2.2400083360792715,0.2079,0.9586912331084573,0.08272092219288016,,,0.885349473236025,,0.8853955207869155,0.11460447921308448,0.9780801928639725,0.14550526884583906,10,0.025,0.15,0.9451779980031877,1.0,0.9581651855880461,0.9489655367304578,0.9449418728717879,0.9319701403309366,0.9164868318166666,0.9133834245763714,0.9079400132643243,0.898841412303371,0.8908688284238249,0.9042104707184202
4,2,2.0331810530863312,0.25261410788381744,4820,2.2459762394428253,0.20643153526970953,964,2.239948526213441,0.2083,0.9733107653268236,0.08449767989739543,,,0.9499999999636132,,0.9500173293063326,0.04998267069366735,0.9784585432247163,0.14552349413032994,10,0.025,0.15,0.9332730242036386,0.9581651855880461,1.0,0.9541511900938819,0.9520265777920233,0.9527263011457137,0.9390121487452588,0.9350515599312911,0.9342019265136926,0.9237298721048209,0.9209533862032028,0.9260434329482415
4,3,2.0516745948791506,0.251838402178847,4406,2.2435296944209506,0.21112372304199772,881,2.239983163302458,0.208,0.9760857923282478,0.08388872264812548,,,0.9278419945024095,,0.9278770774537473,0.07212292254625274,0.9783891537322448,0.1455158744327354,10,0.025,0.15,0.9044545202312101,0.9489655367304578,0.9541511900938819,1.0,0.9509433590807364,0.9537928465668358,0.9495891793078641,0.9501771517438814,0.9424526552653393,0.9329488648635894,0.9309754749608014,0.9423661111116687
4,4,2.06325467933308,0.242534046692607,4112,2.2408784457615445,0.19951338199513383,822,2.239963558655751,0.208,0.9790714245283213,0.08430014755472427,,,0.9428124301745694,,0.9428545493555148,0.057145450644485174,0.9783918229321019,0.14552282013348392,10,0.025,0.15,0.8953520008021284,0.9449418728717879,0.9520265777920233,0.9509433590807364,1.0,0.9594702182318517,0.9572919224291045,0.9462984283392247,0.9502261165831445,0.9400397239293827,0.9439366520334816,0.9545533880719835
4,5,2.0676017019056503,0.243584469015171,3889,2.2368014539991106,0.20565552699228792,778,2.2399893893471248,0.2078,0.984712718410007,0.08426704317385886,,,0.9416078676984925,,0.9416497499628658,0.05835025003713423,0.9783585026255625,0.14552264096360665,10,0.025,0.15,0.8728356021395108,0.9319701403309366,0.9527263011457137,0.9537928465668358,0.9594702182318517,1.0,0.9661258424170407,0.9688440642179036,0.9676333543669277,0.9555445791453976,0.963937784195412,0.9668356302798697
4,6,2.0656155228614805,0.23861492859067637,3711,2.236279010772705,0.2223719676549865,742,2.240046812009208,0.2084,0.9811422929118688,0.08335305687619522,,,0.9083508313476227,,0.9084104900067667,0.09158950999323334,0.9781766435556061,0.14551212799970198,10,0.025,0.15,0.8596200969041775,0.9164868318166666,0.9390121487452588,0.9495891793078641,0.9572919224291045,0.9661258424170407,1.0,0.9684390550773201,0.9707569470826438,0.9599503157232231,0.9619885622011266,0.9689808602594907
4,7,2.067320187176977,0.24831649831649832,3564,2.244661331176758,0.19214586255259467,713,2.2399604169628287,0.2081,0.9783344319188668,0.08432290262421444,,,0.9436404143304976,,0.9436880064696077,0.05631199353039229,0.9784015816067403,0.14552290869200463,10,0.025,0.15,0.844802907901562,0.9133834245763714,0.9350515599312911,0.9501771517438814,0.9462984283392247,0.9688440642179036,0.9684390550773201,1.0,0.9696860683935232,0.9563859917934826,0.964717145120435,0.9667111835280687
4,8,2.0852475378248427,0.22879976750944492,3441,2.2393214305241904,0.21220930232558138,688,2.2399930048592482,0.208,0.9792703003186948,0.08388978420153942,,,0.9278806210338639,,0.9279183377069201,0.07208166229307988,0.9783893915952611,0.145515874433003,10,0.025,0.15,0.8465083708701252,0.9079400132643243,0.9342019265136926,0.9424526552653393,0.9502261165831445,0.9676333543669277,0.9707569470826438,0.9696860683935232,1.0,0.9645479700754777,0.9707369640787642,0.9711202247541731
4,9,2.0876895988429034,0.2289742051589682,3334,2.2379802465438843,0.20389805097451275,667,2.239972757387765,0.208,0.9699111861757274,0.08372556716901047,,,0.9219052887622449,,0.9219438530474823,0.07805614695251772,0.9783818192271886,0.1455148753619512,10,0.025,0.15,0.832352352302831,0.898841412303371,0.9237298721048209,0.9329488648635894,0.9400397239293827,0.9555445791453976,0.9599503157232231,0.9563859917934826,0.9645479700754777,1.0,0.9628537151808227,0.9593629462245397
4,10,2.0912557987066416,0.23390928725701943,3241,2.2363798220952353,0.22839506172839505,648,2.240103268925148,0.2081,0.9714765047041569,0.08235132482735356,,,0.8719010079232253,,0.8719364262019111,0.12806357379808886,0.9781390849440524,0.1454829498764142,10,0.025,0.15,0.8234439077048098,0.8908688284238249,0.9209533862032028,0.9309754749608014,0.9439366520334816,0.963937784195412,0.9619885622011266,0.964717145120435,0.9707369640787642,0.9628537151808227,1.0,0.9707360936318177
4,11,2.067746639728546,0.241247230136119,3159,2.2405375480651855,0.21677215189873417,632,2.2399954554400865,0.2082,0.9769736472729313,0.08368166771040654,,,0.9203079279546413,,0.9203512072750079,0.07964879272499215,0.9783411801753946,0.14551457095157141,10,0.025,0.15,0.8380056933868908,0.9042104707184202,0.9260434329482415,0.9423661111116687,0.9545533880719835,0.9668356302798697,0.9689808602594907,0.9667111835280687,0.9711202247541731,0.9593629462245397,0.9707360936318177,1.0
5,0,1.9375185502900019,0.2872169466764061,6845,2.2040101181377065,0.21329437545653762,1369,2.210696326026434,0.2251,0.913003655583227,0.07888082876781184,,,0.75,,0.7500041260253173,0.2499958739746827,0.9822859159479334,0.14486390309907501,10,0.025,0.15,1.0,0.943126752436819,0.93006750365148,0.9038219450442226,0.8975083522048732,0.8741424910966573,0.8597991592188908,0.8494844327583594,0.8515478600087054,0.8290448709264382,0.8269431603475893,0.8376662020096601
5,1,1.9673609101495078,0.2795363271266886,5478,2.206914636823866,0.23813868613138686,1096,2.2104116632968567,0.2242,0.955151897649268,0.08256744888516622,,,0.8843853937638092,,0.8844300308626694,0.11556996913733064,0.9833547586911777,0.1450646545557842,10,0.025,0.15,0.943126752436819,1.0,0.9529199401705081,0.9424493832946814,0.9407303497853521,0.9245162095946237,0.9083612243617791,0.906589709821856,0.9048143090487832,0.8845422054354658,0.8834830470461537,0.8957636461683726
5,2,1.9847647190093993,0.2657261410788382,4820,2.2184731364250183,0.21369294605809128,964,2.2103299551372286,0.2243,0.9696768289745992,0.08414515714206586,,,0.9418963220934747,,0.9419633278869799,0.058036672113020105,0.983466120493372,0.1450837641007637,10,0.025,0.15,0.93006750365148,0.9529199401705081,1.0,0.9471508896785282,0.9457804148995427,0.944442078972108,0.9315442433216279,0.9274606031607279,0.9305751743975319,0.912060351107763,0.9141050761008722,0.9174984805339292
5,3,2.0058015128544397,0.2682932364956877,4406,2.215649741036551,0.23269012485811577,881,2.210377379308773,0.2241,0.9731661377751364,0.08388110596696939,,,0.9322710772866949,,0.9323166806951527,0.06768331930484728,0.9834404309638507,0.1450762808115768,10,0.025,0.15,0.9038219450442226,0.9424493832946814,0.9471508896785282,1.0,0.9458171204789295,0.9462675290050491,0.9421373546777208,0.9436708378373788,0.9398560197018389,0.9213906984821986,0.9258176181660585,0.93441563444921
5,4,2.0136854800311004,0.2618920233463035,4112,2.212472813470023,0.20924574209245742,822,2.21034932740127,0.2241,0.9756681690083745,0.0842182935031221,,,0.9445623029556549,,0.9446122361406809,0.055387763859319095,0.9834661317612997,0.14508400354149864,10,0.025,0.15,0.8975083522048732,0.9407303497853521,0.9457804148995427,0.9458171204789295,1.0,0.9514908790370799,0.9492670903030347,0.9387366158858585,0.9447609686967181,0.9283317027646295,0.9339347321677968,0.9448732016198645
5,5,2.0240541542730024,0.2595011571097969,3889,2.206446852002825,0.23393316195372751,778,2.2103828055949153,0.2242,0.9808623733993237,0.08436746688141802,,,0.9499999999635478,,0.9500173293063326,0.04998267069366735,0.9834717972385132,0.14508443028804757,10,0.025,0.15,0.8741424910966573,0.9245162095946237,0.944442078972108,0.9462675290050491,0.9514908790370799,1.0,0.9580416037084188,0.9597612375472429,0.9600240011767844,0.9481432147567411,0.9563539376574971,0.9568051269723092
5,6,2.0203454987756135,0.25424413904607923,3711,2.2052698930104575,0.238544474393531,742,2.210458918462826,0.2249,0.977474465006112,0.08368931971469173,,,0.9252800475059229,,0.9253189417570267,0.07468105824297333,0.9834097900568508,0.14507530081802664,10,0.025,0.15,0.8597991592188908,0.9083612243617791,0.9315442433216279,0.9421373546777208,0.9492670903030347,0.9580416037084188,1.0,0.9599985746138308,0.9636137247090226,0.9512299145951013,0.955599384575456,0.9608353890671834
5,7,2.021725755929947,0.26349607182940515,3564,2.216653029123942,0.21598877980364656,713,2.2103452169442477,0.2241,0.9752601445114853,0.08421908824415297,,,0.9445912730103322,,0.9446369922925847,0.05536300770741531,0.9834659753171489,0.1450840035415467,10,0.025,0.15,0.8494844327583594,0.906589709821856,0.9274606031607279,0.9436708378373788,0.9387366158858585,0.9597612375472429,0.9599985746138308,1.0,0.9622573419455728,0.951015102245625,0.9563782814039843,0.9585374516091865
5,8,2.0419187232300087,0.24367916303400175,3441,2.2091915210088096,0.23546511627906977,688,2.210390757910813,0.2241,0.977399837269114,0.08402010558810516,,,0.9373379185192425,,0.9373669356835174,0.06263306431648263,0.9834379432791214,0.14507689600207585,10,0.025,0.15,0.8515478600087054,0.9048143090487832,0.9305751743975319,0.9398560197018389,0.9447609686967181,0.9600240011767844,0.9636137247090226,0.9622573419455728,1.0,0.955145522698823,0.9628639356360482,0.9635012642029414
5,9,2.0438551827713294,0.24421115776844632,3334,2.207266330718994,0.2143928035982009,667,2.210364000706733,0.224,0.9645107725881231,0.08349698860833162,,,0.9182691565981334,,0.9183129507682659,0.08168704923173409,0.9834208859837913,0.14507405421566544,10,0.025,0.15,0.8290448709264382,0.8845422054354658,0.912060351107763,0.9213906984821986,0.9283317027646295,0.9481432147567411,0.9512299145951013,0.951015102245625,0.955145522698823,1.0,0.9561756364167564,0.9518607792176911
5,10,2.0470320174327266,0.25303918543659365,3241,2.206035852432251,0.22530864197530864,648,2.210530890694147,0.2248,0.9684754964113691,0.08277334878392613,,,0.8918908969320162,,0.8919393969401396,0.10806060305986043,0.9832036822574481,0.14506691838761143,10,0.025,0.15,0.8269431603475893,0.8834830470461537,0.9141050761008722,0.9258176181660585,0.9339347321677968,0.9563539376574971,0.955599384575456,0.9563782814039843,0.9628639356360482,0.9561756364167564,1.0,0.9635287004764077
5,11,2.0180875406265257,0.2601139601139601,3159,2.211326169967651,0.22943037974683544,632,2.2103935857362385,0.2241,0.9728078002250315,0.08374084791423896,,,0.9271583634608258,,0.9271921572510768,0.07280784274892316,0.983436166589585,0.1450755655198799,10,0.025,0.15,0.8376662020096601,0.8957636461683726,0.9174984805339292,0.93441563444921,0.9448732016198645,0.9568051269723092,0.9608353890671834,0.9585374516091865,0.9635012642029414,0.9518607792176911,0.9635287004764077,1.0
6,0,1.8940208728666659,0.3058290723155588,6845,2.1689588590101763,0.23593864134404674,1369,2.1772648412970046,0.2508,0.9195594406591749,0.07907847640269496,,,0.75,,0.7500041260253173,0.2499958739746827,0.9843818750525822,0.1446077137283611,10,0.025,0.15,1.0,0.9417633326169196,0.9274593819349156,0.907828528476936,0.9013551793818797,0.8819295346299147,0.8678379344322746,0.8573726871142716,0.8609360023355719,0.8387128736430997,0.832956278856332,0.8405045616815642
6,1,1.923990010937979,0.29545454545454547,5478,2.1722164948781333,0.2718978102189781,1096,2.176802746857269,0.2502,0.9551301739034412,0.08253214623203925,,,0.8806803251951443,,0.8807166080771072,0.11928339192289283,0.9852037400376072,0.14478331731358704,10,0.025,0.15,0.9417633326169196,1.0,0.9471965466713697,0.9372797479653574,0.9416097631060601,0.9229233700185958,0.9084123612449517,0.9049881035100619,0.9068336154876376,0.8806770629338991,0.8826631715867725,0.8914067371958155
6,2,1.940883288571709,0.2836721991701245,4820,2.187252998352051,0.23236514522821577,964,2.1767056320287006,0.2504,0.9692365027638206,0.08397365740503615,,,0.9352243778023484,,0.9352626627716988,0.06473733722830122,0.9853593476353335,0.1447962162342878,10,0.025,0.15,0.9274593819349156,0.9471965466713697,1.0,0.94224392323408,0.9431115863015619,0.941300726486809,0.9311672459526988,0.9252821744003275,0.9321510823932214,0.9101102931962909,0.9124481037525013,0.9141592123740344
6,3,1.9637645292282104,0.2853154788924194,4406,2.183753286089216,0.24517593643586832,881,2.1767630365830435,0.2505,0.9705487620039692,0.08385251294428174,,,0.9306405008513827,,0.9306745226188707,0.06932547738112926,0.9853148495886838,0.14479569314341983,10,0.025,0.15,0.907828528476936,0.9372797479653574,0.94224392323408,1.0,0.9357498604665735,0.9409054992764163,0.9352750317802785,0.9398786012104117,0.935909545322153,0.918527846141186,0.9203430282094778,0.9267870353935415
6,4,1.9699977517127991,0.27842898832684826,4112,2.1803785051618303,0.2396593673965937,822,2.176719113241268,0.2503,0.9720851527329912,0.08411224827234273,,,0.9404683937342766,,0.9404944628740242,0.05950553712597584,0.9854581098613427,0.14479811988380942,10,0.025,0.15,0.9013551793818797,0.9416097631060601,0.9431115863015619,0.9357498604665735,1.0,0.9443489669892312,0.9416235708381647,0.930543130171411,0.9421789425898286,0.917355050749376,0.925320772698375,0.9347294735994255
6,5,1.9821478074596774,0.2742607354075598,3889,2.1719956738608226,0.2660668380462725,778,2.176758672617659,0.2505,0.9769543520525686,0.0843641532228797,,,0.9499999999621618,,0.9500173293063326,0.04998267069366735,0.9854692412444607,0.144798827722017,10,0.025,0.15,0.8819295346299147,0.9229233700185958,0.941300726486809,0.9409054992764163,0.9443489669892312,1.0,0.9497721577698082,0.9499931707953471,0.9516514018267269,0.9367582517144785,0.9461686011865795,0.9469763266234157
6,6,1.9767896537123055,0.26890326057666397,3711,2.1700199842453003,0.261455525606469,742,2.1768628162673758,0.2511,0.9748892919284928,0.08387529153873341,,,0.9315023997234582,,0.931540987935502,0.068459012064498,0.9853135866939042,0.14479578934723475,10,0.025,0.15,0.8678379344322746,0.9084123612449517,0.9311672459526988,0.9352750317802785,0.9416235708381647,0.9497721577698082,1.0,0.9529478095732382,0.9584024329671392,0.9425617093260692,0.9484282468295269,0.9519573977581188
6,7,1.980186871119908,0.28055555555555556,3564,2.184553861618042,0.25245441795231416,713,2.176714106451107,0.2504,0.972224970669676,0.08411731410581032,,,0.9406600752781531,,0.9407090161905234,0.059290983809476616,0.9854581207837192,0.14479812417384486,10,0.025,0.15,0.8573726871142716,0.9049881035100619,0.9252821744003275,0.9398786012104117,0.930543130171411,0.9499931707953471,0.9529478095732382,1.0,0.954697984304146,0.9416566672580795,0.9502114150213247,0.9492604148282462
6,8,2.0014954849525735,0.2594885207788434,3441,2.174811681111654,0.2601744186046512,688,2.176769274699537,0.2505,0.9760455996634247,0.084118620753401,,,0.9407095163482331,,0.9407667805449654,0.05923321945503457,0.9854140439103641,0.14479812560073932,10,0.025,0.15,0.8609360023355719,0.9068336154876376,0.9321510823932214,0.935909545322153,0.9421789425898286,0.9516514018267269,0.9584024329671392,0.954697984304146,1.0,0.9461177289114017,0.9566573610193869,0.955664666317822
6,9,2.0044101282402322,0.25491901619676066,3334,2.172260284423828,0.2383808095952024,667,2.176746851281275,0.2505,0.9606282882259392,0.08328945974346616,,,0.9093356341384241,,0.909392484032282,0.09060751596771799,0.9852866966056226,0.144792369987135,10,0.025,0.15,0.8387128736430997,0.8806770629338991,0.9101102931962909,0.918527846141186,0.917355050749376,0.9367582517144785,0.9425617093260692,0.9416566672580795,0.9461177289114017,1.0,0.9467281677785053,0.9432891226117873
