round,client_id,client_i_training_loss,client_i_training_accuracy,client_i_training_dataset_size,client_i_evaluation_loss,client_i_evaluation_accuracy,client_i_evaluation_dataset_size,client_i_central_evaluation_loss,client_i_central_evaluation_accuracy,client_i_cosine_similarity,client_i_importance_coefficient,client_i_tanh_val,tanh_normalization_value,client_i_q,client_i_mask_order,client_i_v_nonzero_fraction,client_i_v_sparsity,client_i_v_cosine_similarity,client_i_reward_gradient_norm,local_epochs,learning_rate,gamma,client_0_cosine_similarity,client_1_cosine_similarity,client_2_cosine_similarity,client_3_cosine_similarity,client_4_cosine_similarity,client_5_cosine_similarity,client_6_cosine_similarity,client_7_cosine_similarity,client_8_cosine_similarity,client_9_cosine_similarity,client_10_cosine_similarity,client_11_cosine_similarity
0,0,2.0997001360362604,0.412417823228634,8214,2.2611264184463855,0.28268809349890434,1369,2.2607510447882997,0.2887,0.9626660767723801,0.08125614954523738,,,0.65,,0.6500178811339539,0.34998211886604613,0,0.09857684063596302,5,0.001,0.1,1.0,0.9826461088199152,0.975440617779997,0.9588385720813128,0.947268887291823,0.9383787076175857,0.9375123197104113,0.923528195435007,0.9237556053197048,0.9096831598656664,0.9049709506004868,0.9046487865068631
0,1,2.1777175167231886,0.36878612716763004,6574,2.256433037349156,0.3102189781021898,1096,2.26070866112511,0.2898,0.9892151265998099,0.08349708606010293,,,0.8943059107982276,,0.8943176655937987,0.10568233440620134,0,0.0986242073093415,5,0.001,0.1,0.9826461088199152,1.0,0.9893274170102395,0.9875374139340319,0.9740773376576582,0.9791154143319161,0.9716174749291323,0.965092293826159,0.965141470339685,0.9552885434648798,0.9556145536531754,0.9482009104438127
0,2,2.200190487882709,0.3846792322324053,5783,2.260159800129552,0.31431535269709543,964,2.260708235323239,0.2899,0.9934401828351926,0.08385371211100767,,,0.9331851256276955,,0.933201882835078,0.06679811716492201,0,0.09862479550505866,5,0.001,0.1,0.975440617779997,0.9893274170102395,1.0,0.9905415671223522,0.9813827570317067,0.981975453682592,0.9838621685843902,0.9738780315478351,0.9740796818824979,0.9680381354503959,0.9600817260566569,0.9627013610521135
0,3,2.2139856209237894,0.3305844524304899,5287,2.261363208293915,0.2814982973893303,881,2.2607072222347075,0.2898,0.9963541910579417,0.08409967599572003,,,0.9599999998909804,,0.9600139182880506,0.039986081711949395,0,0.0986251768309163,5,0.001,0.1,0.9588385720813128,0.9875374139340319,0.9905415671223522,1.0,0.9880279995628609,0.9918382626958338,0.987249341745241,0.983068935458244,0.985618286962978,0.977029668418159,0.9763266579046859,0.9746385242245131
0,4,2.225773254517586,0.3280243161094225,4935,2.25930931017949,0.31386861313868614,822,2.260708216280221,0.2899,0.9920203298375547,0.08373386599791399,,,0.9201195552196308,,0.920134156832043,0.07986584316795697,0,0.09862471363147793,5,0.001,0.1,0.947268887291823,0.9740773376576582,0.9813827570317067,0.9880279995628609,1.0,0.9839547471153935,0.9888489679216754,0.9832923125147007,0.9880642351398794,0.9760185386384443,0.9711045746441228,0.9818164003298497
0,5,2.231748484911984,0.32487679451467755,4667,2.2615698909759523,0.2853470437017995,778,2.2607071925276006,0.2898,0.9939447455343161,0.08389630094126166,,,0.9378281411241232,,0.9378558104019872,0.06214418959801282,0,0.09862513099771418,5,0.001,0.1,0.9383787076175857,0.9791154143319161,0.981975453682592,0.9918382626958338,0.9839547471153935,1.0,0.9896643968664602,0.9892405846566061,0.9894683459395948,0.9867526456854822,0.9845021168360751,0.98302696764416
0,6,2.235644359929221,0.34525039299348753,4453,2.2616814772288003,0.27628032345013476,742,2.2607082337997975,0.2899,0.9938862144961108,0.08389136048796408,,,0.9372895350839192,,0.9373000454277457,0.0626999545722543,0,0.0986248054225395,5,0.001,0.1,0.9375123197104113,0.9716174749291323,0.9838621685843902,0.987249341745241,0.9888489679216754,0.9896643968664602,1.0,0.9902062359051506,0.9929866220154093,0.9897982102304261,0.9839987761945879,0.9871074508715496
0,7,2.24144964645158,0.3233107318213701,4277,2.2649032343988833,0.2496493688639551,713,2.2607086443672544,0.2898,0.9892279836680228,0.08349817129192176,,,0.894424222292626,,0.8944384840664599,0.10556151593354013,0,0.09862420873232819,5,0.001,0.1,0.923528195435007,0.965092293826159,0.9738780315478351,0.983068935458244,0.9832923125147007,0.9892405846566061,0.9902062359051506,1.0,0.9880654840492924,0.988977758654177,0.9893688160884381,0.9859975418270704
0,8,2.24128497160398,0.31751029304916445,4129,2.261636809869246,0.2819767441860465,688,2.2607085232536632,0.2899,0.9899682025495922,0.08356065125001759,,,0.9012357597761643,,0.9012526459245512,0.09874735407544877,0,0.09862433719681879,5,0.001,0.1,0.9237556053197048,0.965141470339685,0.9740796818824979,0.985618286962978,0.9880642351398794,0.9894683459395948,0.9929866220154093,0.9880654840492924,1.0,0.986772439683757,0.9866455306061511,0.9889397616395118
0,9,2.2459088234674365,0.32411897025743563,4001,2.2593830199468705,0.2893553223388306,667,2.2607103917545404,0.2897,0.9840819437270198,0.08306380739243352,,,0.8470700614860173,,0.8470921409999903,0.1529078590000097,0,0.09862225885146755,5,0.001,0.1,0.9096831598656664,0.9552885434648798,0.9680381354503959,0.977029668418159,0.9760185386384443,0.9867526456854822,0.9897982102304261,0.988977758654177,0.986772439683757,1.0,0.9857481225423171,0.988936934817054
0,10,2.2469925016653343,0.31859089740293134,3889,2.2581097398485457,0.30709876543209874,648,2.2607108465017984,0.2897,0.9810740585187294,0.08280991959458028,,,0.8193913257058506,,0.8194102125438572,0.18058978745614285,0,0.0986203136519643,5,0.001,0.1,0.9049709506004868,0.9556145536531754,0.9600817260566569,0.9763266579046859,0.9711045746441228,0.9845021168360751,0.9839987761945879,0.9893688160884381,0.9866455306061511,0.9857481225423171,1.0,0.9808455917605338
0,11,2.24930920360469,0.2884199419678185,3791,2.2628652572631838,0.26582278481012656,632,2.2607105311494284,0.2896,0.9814221291147641,0.08283929933183926,,,0.8225942917079894,,0.822614318438832,0.17738568156116796,0,0.09862059676253537,5,0.001,0.1,0.9046487865068631,0.9482009104438127,0.9627013610521135,0.9746385242245131,0.9818164003298497,0.98302696764416,0.9871074508715496,0.9859975418270704,0.9889397616395118,0.988936934817054,0.9808455917605338,1.0
1,0,1.8644487598990651,0.5126856586316045,8214,2.2127526804458264,0.38641344046749454,1369,2.211618421176752,0.3861,0.9771343150711631,0.08153302676462444,,,0.65,,0.6500178811339539,0.34998211886604613,0.9677836843782623,0.09928718133538049,5,0.001,0.1,1.0,0.9922423945867002,0.9896837035791076,0.9811796710890427,0.9738557375535758,0.9695304655598981,0.9680874508396289,0.9623234742683405,0.9592932561423668,0.9539775924472014,0.9496012151952576,0.9484201515968932
1,1,2.0017553623440194,0.45488287191968363,6574,2.207631942204067,0.4197080291970803,1096,2.211506418526744,0.3866,0.9913087123326292,0.0833684792790079,,,0.8861593533594834,,0.8861793332753405,0.11382066672465951,0.9682388985537334,0.09933652799384542,5,0.001,0.1,0.9922423945867002,1.0,0.9960089434699306,0.9932529850662031,0.9861959809815741,0.9876900796821813,0.9849093260389087,0.9809312902734222,0.9794120680249153,0.974256820652269,0.9733655211854997,0.9684847185670257
1,2,2.0488212635503946,0.49835725402040465,5783,2.2105774418000252,0.3941908713692946,964,2.2115050024879626,0.3867,0.994267880595645,0.08368332608852998,,,0.9266692648725074,,0.9266921835280927,0.07330781647190732,0.9682535724775243,0.09933740520218223,5,0.001,0.1,0.9896837035791076,0.9960089434699306,1.0,0.9950812471792239,0.990207244088049,0.9901006191225439,0.9901480914712636,0.9847782114497835,0.9838913836517407,0.9801841585538165,0.9761643918042305,0.975668252849885
1,3,2.08470657719187,0.42977113675052014,5287,2.212892234325409,0.3847900113507378,881,2.2115046955145203,0.3867,0.9976043797085224,0.08394237566877981,,,0.9599999998713344,,0.9600139182880506,0.039986081711949395,0.9682488354705739,0.09933791765332631,5,0.001,0.1,0.9811796710890427,0.9932529850662031,0.9950812471792239,1.0,0.9942212855386151,0.9948342094665508,0.993537908492443,0.9911831490610323,0.991474282860814,0.9862247745636593,0.9865526183939806,0.9839525323155571
1,4,2.1098121990696077,0.4256534954407295,4935,2.2086410980958204,0.39902676399026765,822,2.2115050603787356,0.3867,0.9958879500146631,0.08366207748769315,,,0.9239353037408001,,0.9239568533070432,0.07604314669295675,0.9682500982242904,0.09933739721264974,5,0.001,0.1,0.9738557375535758,0.9861959809815741,0.990207244088049,0.9942212855386151,1.0,0.9918944017667964,0.9936562987022747,0.989708586667626,0.9924497333013025,0.9883366722444228,0.9824819450651623,0.9879373049073966
1,5,2.124918666114546,0.4256267409470752,4667,2.2140306091308593,0.37532133676092544,778,2.211504578209533,0.3867,0.9979747780318403,0.08382938317995269,,,0.9454617686249349,,0.9454867051352683,0.054513294864731665,0.9682475741558071,0.09933784152419016,5,0.001,0.1,0.9695304655598981,0.9876900796821813,0.9901006191225439,0.9948342094665508,0.9918944017667964,1.0,0.9959189801710866,0.9953952920931937,0.9951793097181364,0.992702114167861,0.9919966571420616,0.9905029351684139
1,6,2.131538540806089,0.4527284976420391,4453,2.2101078033447266,0.3665768194070081,742,2.2115053429771154,0.3867,0.9978240391176971,0.08382147219904008,,,0.9444438985781107,,0.944457331748195,0.05554266825180498,0.9682531423497388,0.09933778978888302,5,0.001,0.1,0.9680874508396289,0.9849093260389087,0.9901480914712636,0.993537908492443,0.9936562987022747,0.9959189801710866,1.0,0.9945037073741172,0.9960000277972564,0.9946438217198464,0.9904029980874551,0.9921178237847768
1,7,2.1471731136094276,0.4409632920271218,4277,2.214842122534047,0.364656381486676,713,2.2115061146001844,0.3866,0.9959772444526962,0.08352013359927084,,,0.9056720271697882,,0.9056891002406704,0.0943108997593296,0.9682454046259266,0.09933705787219206,5,0.001,0.1,0.9623234742683405,0.9809312902734222,0.9847782114497835,0.9911831490610323,0.989708586667626,0.9953952920931937,0.9945037073741172,1.0,0.9937503866221741,0.9938147335866325,0.9940967624554125,0.9914162959145415
1,8,2.147075210901407,0.4121579074836522,4129,2.210242184725675,0.3866279069767442,688,2.211505714696817,0.3866,0.9958807171425694,0.08355540500635887,,,0.9102102392045393,,0.9102367075516378,0.08976329244836223,0.9682456100016321,0.09933721161143108,5,0.001,0.1,0.9592932561423668,0.9794120680249153,0.9838913836517407,0.991474282860814,0.9924497333013025,0.9951793097181364,0.9960000277972564,0.9937503866221741,1.0,0.9929780765676551,0.9924751238911997,0.9937524326276563
1,9,2.154685602490864,0.44478880279930016,4001,2.2115506331125894,0.37031484257871067,667,2.21150910206877,0.3865,0.9934956676740613,0.08317296377386754,,,0.8610032597510314,,0.861020094528373,0.13897990547162697,0.9682288163742557,0.09933547938429746,5,0.001,0.1,0.9539775924472014,0.974256820652269,0.9801841585538165,0.9862247745636593,0.9883366722444228,0.992702114167861,0.9946438217198464,0.9938147335866325,0.9929780765676551,1.0,0.9904090954283331,0.994726284840855
1,10,2.161035081597625,0.41239393160195426,3889,2.207262493315197,0.4012345679012346,648,2.21151284516429,0.3866,0.9913454164926004,0.08294741010547185,,,0.8319822918650395,,0.8319994973951538,0.16800050260484622,0.968199239887369,0.09933338312273728,5,0.001,0.1,0.9496012151952576,0.9733655211854997,0.9761643918042305,0.9865526183939806,0.9824819450651623,0.9919966571420616,0.9904029980874551,0.9940967624554125,0.9924751238911997,0.9904090954283331,1.0,0.9890480582052378
1,11,2.1651146295691737,0.4039039831179108,3791,2.216852295398712,0.3670886075949367,632,2.2115127217655366,0.3866,0.991298517538873,0.08296394684740287,,,0.834109999474197,,0.8341307352528973,0.16586926474710273,0.9681965187944068,0.09933358032402306,5,0.001,0.1,0.9484201515968932,0.9684847185670257,0.975668252849885,0.9839525323155571,0.9879373049073966,0.9905029351684139,0.9921178237847768,0.9914162959145415,0.9937524326276563,0.994726284840855,0.9890480582052378,1.0
2,0,1.6533115014491842,0.5667153640126613,8214,2.151315772256186,0.4747991234477721,1369,2.1496501052722383,0.4571,0.9866974756599212,0.08192973842522594,,,0.65,,0.6500178811339539,0.34998211886604613,0.9865342106845874,0.09954671759927836,5,0.001,0.1,1.0,0.9947582621667846,0.9933503896948168,0.9890999350464338,0.9847330086935843,0.9822725075593135,0.980942733623383,0.9791091818506291,0.9764423098999754,0.9716861635672015,0.9699428696173522,0.9703436783816453
2,1,1.798902860312786,0.511043504715546,6574,2.14600830078125,0.47536496350364965,1096,2.149444557226504,0.457,0.9954424028425573,0.08333900537480507,,,0.8855331025392885,,0.8855559099564086,0.11444409004359135,0.9868418761475157,0.09959456005147325,5,0.001,0.1,0.9947582621667846,1.0,0.9975639333068121,0.9964657290168191,0.9926728848285342,0.993496511809305,0.991505720998819,0.9903502582245874,0.9883990854661646,0.9849194175539062,0.9843903680285302,0.9824156534509819
2,2,1.851268618014636,0.5621649662804773,5783,2.148127394337808,0.44813278008298757,964,2.1494426117918364,0.4567,0.9965303397765399,0.08356743021100287,,,0.9237101210117384,,0.9237345473173466,0.07626545268265339,0.9868413256818743,0.09959526769117928,5,0.001,0.1,0.9933503896948168,0.9975639333068121,1.0,0.997291712326191,0.9950863891688785,0.9941701311572838,0.9935719241565533,0.991675200519087,0.9899471015999685,0.9868729589419633,0.9852827410958064,0.9850690835438288
2,3,1.904714749807335,0.5008133156799698,5287,2.1521170054163252,0.4517593643586833,881,2.1494412117491897,0.4567,0.9983289434752664,0.08378456371060647,,,0.9599999998328683,,0.9600139182880506,0.039986081711949395,0.9868573512880006,0.0995957404840153,5,0.001,0.1,0.9890999350464338,0.9964657290168191,0.997291712326191,1.0,0.997104211322428,0.9964962403686186,0.9957018039980515,0.9946210242454535,0.9941987439443363,0.9901213733744854,0.9907843893177667,0.9893912974470442
2,4,1.9443046396009385,0.49775075987841944,4935,2.1448027720818152,0.46715328467153283,822,2.1494428067923352,0.4567,0.9975529113206015,0.08358742451880462,,,0.9270518025512641,,0.9270691371627956,0.0729308628372044,0.9868414226695327,0.09959527427491557,5,0.001,0.1,0.9847330086935843,0.9926728848285342,0.9950863891688785,0.997104211322428,1.0,0.995390641872521,0.9959510699103149,0.9938839419642298,0.9949953133528022,0.9910375046411415,0.9892544047154442,0.9918287386968414
2,5,1.9704304662469314,0.5017355903149775,4667,2.154007625579834,0.4370179948586118,778,2.14944150577338,0.4568,0.9987057585783499,0.08372737557889676,,,0.9504420533458406,,0.9504595934700032,0.049540406529996805,0.9868535220756112,0.09959569951741512,5,0.001,0.1,0.9822725075593135,0.993496511809305,0.9941701311572838,0.9964962403686186,0.995390641872521,1.0,0.9975002701931976,0.996984311944735,0.9963221248637969,0.9948724590700977,0.9946011268509499,0.9935758924337041
2,6,1.9775037394251143,0.5168201212665618,4453,2.145896166563034,0.4582210242587601,742,2.1494419064384678,0.4568,0.998510389078368,0.08371620709544596,,,0.9485754463423833,,0.9485989889910208,0.0514010110089792,0.9868531316223633,0.09959569801433989,5,0.001,0.1,0.980942733623383,0.991505720998819,0.9935719241565533,0.9957018039980515,0.9959510699103149,0.9975002701931976,1.0,0.9965343508565567,0.9970346171063478,0.9958783176584532,0.99393194163501,0.9947762335106257
2,7,2.0072483673024535,0.5019873743277998,4277,2.1516459610151206,0.4305750350631136,713,2.1494443812690225,0.4567,0.9977352103829797,0.08350617941154,,,0.9134731741828854,,0.9134939735745836,0.08650602642541638,0.9868366325858624,0.09959514181597635,5,0.001,0.1,0.9791091818506291,0.9903502582245874,0.991675200519087,0.9946210242454535,0.9938839419642298,0.996984311944735,0.9965343508565567,1.0,0.9961938680119811,0.9951058553396931,0.9955326964645663,0.994079328583424
2,8,2.008345029720893,0.4825381448292565,4129,2.1457385149869053,0.45930232558139533,688,2.149443835877001,0.4567,0.9973489188710704,0.0835153507871649,,,0.9150060012715594,,0.9150307845468341,0.08496921545316594,0.9868386716205967,0.09959514630849002,5,0.001,0.1,0.9764423098999754,0.9883990854661646,0.9899471015999685,0.9941987439443363,0.9949953133528022,0.9963221248637969,0.9970346171063478,0.9961938680119811,1.0,0.9947794249679786,0.995105257360876,0.9959898396081255
2,9,2.020086694142175,0.5040739815046238,4001,2.1511122839791432,0.4587706146926537,667,2.1494487733505787,0.457,0.995278453799546,0.08321368739983406,,,0.8645885033221727,,0.8646059867969573,0.13539401320304267,0.9868333529084945,0.09959365359218873,5,0.001,0.1,0.9716861635672015,0.9849194175539062,0.9868729589419633,0.9901213733744854,0.9910375046411415,0.9948724590700977,0.9958783176584532,0.9951058553396931,0.9947794249679786,1.0,0.9937755381808183,0.9956044971715241
2,10,2.034029670621528,0.4624325019285163,3889,2.143233435494559,0.46141975308641975,648,2.149459176931899,0.4572,0.9945231399968062,0.08305082356938033,,,0.8373688035416192,,0.8373880012758431,0.16261199872415688,0.9868078213910865,0.09959185241483592,5,0.001,0.1,0.9699428696173522,0.9843903680285302,0.9852827410958064,0.9907843893177667,0.9892544047154442,0.9946011268509499,0.99393194163501,0.9955326964645663,0.995105257360876,0.9937755381808183,1.0,0.9930130295892237
2,11,2.0415467087962047,0.46768662621999474,3791,2.1580372929573057,0.43354430379746833,632,2.149458718376038,0.4572,0.9945614870121922,0.08306221391729295,,,0.8392724911173914,,0.8392921004049835,0.16070789959501652,0.9868135397605023,0.09959188023193015,5,0.001,0.1,0.9703436783816453,0.9824156534509819,0.9850690835438288,0.9893912974470442,0.9918287386968414,0.9935758924337041,0.9947762335106257,0.994079328583424,0.9959898396081255,0.9956044971715241,0.9930130295892237,1.0
3,0,1.4851926323968612,0.6043584124665206,8214,2.075036409289338,0.535427319211103,1369,2.0728452411322547,0.52,0.9897784794793121,0.08223996115965714,,,0.65,,0.6500178811339539,0.34998211886604613,0.9942343877474892,0.09964632551981116,5,0.001,0.1,1.0,0.9954628675681272,0.9941360672153594,0.9912652100441294,0.9879329388780634,0.9862526509997052,0.9854923527284623,0.9842843984452939,0.9813115790655714,0.9787117868287651,0.977872995698941,0.978861360824848
3,1,1.6185182613076516,0.5575905080620627,6574,2.0698077746800014,0.5246350364963503,1096,2.072517258671526,0.5185,0.9967058882917582,0.08332844906288796,,,0.887940835399339,,0.8879577811929132,0.11204221880708676,0.9943810389865569,0.09969665188901516,5,0.001,0.1,0.9954628675681272,1.0,0.997885224160305,0.9971314392119845,0.9945485285101223,0.9950416522701433,0.9937590554654187,0.9931932628965927,0.9910452823718544,0.9889608045581637,0.9890037028828286,0.9882546421213343
3,2,1.660710433174892,0.6048071934981843,5783,2.0707933287466727,0.5186721991701245,964,2.072513848447952,0.5183,0.9974579758103812,0.08349290548622018,,,0.9238906136543927,,0.9239133586568852,0.07608664134311482,0.9943938343711196,0.09969742620434906,5,0.001,0.1,0.9941360672153594,0.997885224160305,1.0,0.9977934965660267,0.9963778594132294,0.9954973272672912,0.9951344241036939,0.9941662854010445,0.9918087548355071,0.9905196683763667,0.9897690089233099,0.9901576833142572
3,3,1.7179342091801655,0.5581993569131832,5287,2.0769037263734,0.5085130533484676,881,2.072511913677374,0.5184,0.9984472066169146,0.08365809205424402,,,0.9599999997814024,,0.9600139182880506,0.039986081711949395,0.9943987138602738,0.09969778986757498,5,0.001,0.1,0.9912652100441294,0.9971314392119845,0.9977934965660267,1.0,0.9974626821812274,0.9969034107882924,0.9964061399012991,0.9958896477149473,0.9943480198328644,0.9924082432065331,0.9931020185890869,0.9923124400492277
3,4,1.7620559174014676,0.555258358662614,4935,2.06581528370197,0.5206812652068127,822,2.0725140335460823,0.5183,0.998266085711432,0.08353127320078049,,,0.9322777036971454,,0.9322933279206658,0.06770667207933423,0.9943945457173886,0.09969747505191444,5,0.001,0.1,0.9879329388780634,0.9945485285101223,0.9963778594132294,0.9974626821812274,1.0,0.9965215001278941,0.9972041535357975,0.9958592367004538,0.9954003826948828,0.9941318321853939,0.992929119792281,0.9944463948169324
3,5,1.7919163877016877,0.5588172273409042,4667,2.0794976425170897,0.4910025706940874,778,2.0725124080341084,0.5184,0.9989478915692732,0.08363917016036918,,,0.9558637193298204,,0.9558819265230377,0.04411807347696228,0.99439905875915,0.09969776777555585,5,0.001,0.1,0.9862526509997052,0.9950416522701433,0.9954973272672912,0.9969034107882924,0.9965215001278941,1.0,0.9981018638040766,0.9975481037127545,0.9971127342808382,0.9961587083593539,0.9961061884682938,0.9957051706972277
3,6,1.799298656497683,0.5667190657983382,4453,2.0666289925575256,0.5107816711590296,742,2.0725124103192702,0.5184,0.9988735778640428,0.08362991687302851,,,0.9538409729919942,,0.9538618416601424,0.04613815833985757,0.9943990363771779,0.09969776672349905,5,0.001,0.1,0.9854923527284623,0.9937590554654187,0.9951344241036939,0.9964061399012991,0.9972041535357975,0.9981018638040766,1.0,0.9973800127387584,0.9976163560908266,0.9968809342332856,0.9957887265842851,0.9962864889199089
3,7,1.8360997303208308,0.5509936871639,4277,2.073254295017408,0.520336605890603,713,2.072516046773892,0.5182,0.9982590945766033,0.08348119345425194,,,0.9213303916597558,,0.9213471742975614,0.07865282570243859,0.9943940161544462,0.0996973647095622,5,0.001,0.1,0.9842843984452939,0.9931932628965927,0.9941662854010445,0.9958896477149473,0.9958592367004538,0.9975481037127545,0.9973800127387584,1.0,0.9966336348151932,0.9958318638249155,0.9964807231860686,0.9954305527021398
3,8,1.8358094737162958,0.5400339065148947,4129,2.066268801689148,0.5421511627906976,688,2.072515278197706,0.5183,0.9976416228637199,0.08346687936025393,,,0.9182013651691896,,0.9182252249639961,0.08177477503600394,0.9943940190927716,0.09969735905102205,5,0.001,0.1,0.9813115790655714,0.9910452823718544,0.9918087548355071,0.9943480198328644,0.9954003826948828,0.9971127342808382,0.9976163560908266,0.9966336348151932,1.0,0.996134392022706,0.9968193150285024,0.9970539094640145
3,9,1.852268400930223,0.5448137965508623,4001,2.0757847172873363,0.5112443778110944,667,2.0725217893862498,0.5184,0.9965312161393127,0.08324590971232547,,,0.8698979320580488,,0.869912334116237,0.13008766588376297,0.9943890140864523,0.0996958122357832,5,0.001,0.1,0.9787117868287651,0.9889608045581637,0.9905196683763667,0.9924082432065331,0.9941318321853939,0.9961587083593539,0.9968809342332856,0.9958318638249155,0.996134392022706,1.0,0.9957528060448843,0.9965011818786247
3,10,1.8729691528883137,0.5129339161738236,3889,2.0637467872528803,0.5277777777777778,648,2.0725351667251832,0.5185,0.9962776466672546,0.08313778324919148,,,0.8462617475028387,,0.8462850736026135,0.1537149263973865,0.9943785011167909,0.09969505192766376,5,0.001,0.1,0.977872995698941,0.9890037028828286,0.9897690089233099,0.9931020185890869,0.992929119792281,0.9961061884682938,0.9957887265842851,0.9964807231860686,0.9968193150285024,0.9957528060448843,1.0,0.9953287757497208
3,11,1.8847376747291629,0.5238723292007386,3791,2.0844987869262694,0.495253164556962,632,2.0725341787734353,0.5185,0.9963920132745138,0.08314846622678965,,,0.8485970206893532,,0.8486192864944279,0.15138071350557214,0.9943812648684461,0.09969522561487833,5,0.001,0.1,0.978861360824848,0.9882546421213343,0.9901576833142572,0.9923124400492277,0.9944463948169324,0.9957051706972277,0.9962864889199089,0.9954305527021398,0.9970539094640145,0.9965011818786247,0.9953287757497208,1.0
4,0,1.3551195429920686,0.6299975651327002,8214,1.9829696804978127,0.5777940102264426,1369,1.9803142086766399,0.565,0.9905531315717503,0.08244564557692649,,,0.65,,0.6500178811339539,0.34998211886604613,0.9969884397300628,0.09967266775254498,5,0.001,0.1,1.0,0.9952760199642269,0.993656990683975,0.9913574150119763,0.9883577435570753,0.9873942457949341,0.9866770522882721,0.9856763290526744,0.9832343962099335,0.9810213823934083,0.9806474410759326,0.9810920858658698
4,1,1.472418406750392,0.5922725889869181,6574,1.978248998097011,0.5693430656934306,1096,1.9798258173579988,0.5649,0.9973303056728606,0.08333233946844092,,,0.8931376398910004,,0.8931578082562511,0.10684219174374887,0.9971995356648723,0.09972691322145048,5,0.001,0.1,0.9952760199642269,1.0,0.9977680442898699,0.9970817649615201,0.995043123582802,0.9957086556190788,0.9948050043655206,0.9943011596661605,0.9926030064923658,0.991062696395463,0.9912827537499447,0.9904222393152291
4,2,1.5001504583912002,0.6300190212692374,5783,1.9775626236392605,0.5684647302904564,964,1.9798199102139702,0.5649,0.9979175854944312,0.08345220660340029,,,0.9260060430382704,,0.9260300982979094,0.07396990170209061,0.9972087602179323,0.09972742747969744,5,0.001,0.1,0.993656990683975,0.9977680442898699,1.0,0.9976650577129567,0.9966965785496887,0.9961264796640409,0.995952122734571,0.9951470864726527,0.9934143008634512,0.9920047314829027,0.992091401495497,0.9918255823640063
4,3,1.5544523506997578,0.5981463968223946,5287,1.9863124319485255,0.5539160045402951,881,1.9798172224824802,0.5648,0.9985173714442518,0.08357292557064937,,,0.9591080245314432,,0.9591246943292642,0.04087530567073583,0.9972098459268824,0.09972773352182819,5,0.001,0.1,0.9913574150119763,0.9970817649615201,0.9976650577129567,1.0,0.9977378523656006,0.9969759857238947,0.9967165646253844,0.9963434721392483,0.9949326409546085,0.9931202121353939,0.9941805412246039,0.9933765128829816
4,4,1.5967933254088125,0.5938804457953394,4935,1.9708038660196157,0.5790754257907542,822,1.979820196240093,0.565,0.9984136232960634,0.08349176534980235,,,0.9368533267844301,,0.9368699316650718,0.06313006833492818,0.9972089923988169,0.09972748790826504,5,0.001,0.1,0.9883577435570753,0.995043123582802,0.9966965785496887,0.9977378523656006,1.0,0.9967982481634454,0.9973619380031263,0.9963333691255458,0.995629147773507,0.9948123323720952,0.9944220741721066,0.995023096126848
4,5,1.62645716961116,0.592329119348618,4667,1.9896828317642212,0.5308483290488432,778,1.979817858900125,0.5648,0.9989776215271625,0.08357617849749593,,,0.9599999997257931,,0.9600139182880506,0.039986081711949395,0.9972100578666281,0.09972773383834785,5,0.001,0.1,0.9873942457949341,0.9957086556190788,0.9961264796640409,0.9969759857238947,0.9967982481634454,1.0,0.998032746418741,0.997584423378275,0.9970409533536726,0.9963240529938242,0.9966543281858686,0.9963150727139376
4,6,1.6299558297225407,0.5993262968785089,4453,1.9713468501965206,0.5566037735849056,742,1.979817584680673,0.5648,0.9988620859952082,0.0835667702265162,,,0.9574201863049943,,0.9574380684509138,0.04256193154908616,0.9972098248614026,0.09972771961295947,5,0.001,0.1,0.9866770522882721,0.9948050043655206,0.995952122734571,0.9967165646253844,0.9973619380031263,0.998032746418741,1.0,0.9974296493373974,0.9973194879895085,0.996433790380268,0.996232589557562,0.9966019457282316
4,7,1.6681976416217748,0.5890577507598784,4277,1.9787862041722173,0.573632538569425,713,1.9798224924471433,0.5648,0.9983533384807974,0.0834590920901579,,,0.9278940914569704,,0.9279100337325176,0.07208996626748243,0.9972092566808293,0.0997274298702371,5,0.001,0.1,0.9856763290526744,0.9943011596661605,0.9951470864726527,0.9963434721392483,0.9963333691255458,0.997584423378275,0.9974296493373974,1.0,0.9963173859146645,0.9957560936321718,0.9967725809345069,0.9958119119213849
4,8,1.6725732025733362,0.5764591910874304,4129,1.9709350791844455,0.5726744186046512,688,1.9798217509120417,0.5649,0.9977097646895381,0.08342952722784491,,,0.9197872003243348,,0.9198055305864046,0.08019446941359543,0.9972085269077214,0.09972736708009328,5,0.001,0.1,0.9832343962099335,0.9926030064923658,0.9934143008634512,0.9949326409546085,0.995629147773507,0.9970409533536726,0.9973194879895085,0.9963173859146645,1.0,0.9957241559384691,0.9965599905160626,0.9969795609733962
4,9,1.6883688440398565,0.5994001499625093,4001,1.984742624419076,0.5667166416791605,667,1.979832757014436,0.5649,0.9967418696098612,0.08326269538134551,,,0.8740407462157547,,0.8740491586201564,0.12595084137984358,0.9971940016953829,0.0997258759836409,5,0.001,0.1,0.9810213823934083,0.991062696395463,0.9920047314829027,0.9931202121353939,0.9948123323720952,0.9963240529938242,0.996433790380268,0.9957560936321718,0.9957241559384691,1.0,0.9956406956180968,0.9962687198185993
4,10,1.708354548938939,0.5568526613525328,3889,1.9680516265687489,0.5771604938271605,648,1.9798481232061174,0.5649,0.9969537968393565,0.08320319777042443,,,0.8577260869664417,,0.8577434975498014,0.1422565024501986,0.9971967425943311,0.09972548311775947,5,0.001,0.1,0.9806474410759326,0.9912827537499447,0.992091401495497,0.9941805412246039,0.9944220741721066,0.9966543281858686,0.996232589557562,0.9967725809345069,0.9965599905160626,0.9956406956180968,1.0,0.9962143032598638
4,11,1.7219741360480043,0.5638617778950145,3791,1.9951973259449005,0.5395569620253164,632,1.979847137920392,0.5649,0.9968888865774103,0.08320765623699576,,,0.8589486295485679,,0.8589661804931327,0.14103381950686733,0.9971954041806638,0.09972549293376082,5,0.001,0.1,0.9810920858658698,0.9904222393152291,0.9918255823640063,0.9933765128829816,0.995023096126848,0.9963150727139376,0.9966019457282316,0.9958119119213849,0.9969795609733962,0.9962687198185993,0.9962143032598638,1.0
5,0,1.2524247479346011,0.6459215972729486,8214,1.8762000716009806,0.5967859751643535,1369,1.872978096571974,0.6009,0.990617933403441,0.08257262942056794,,,0.96,,0.9600139182880506,0.039986081711949395,0.9975197692676276,0.09973163382087108,5,0.001,0.1,1.0,0.9950402731187028,0.9932493242851065,0.991033000985884,0.9880095145593991,0.987610126637171,0.9867960679929689,0.9858016253334997,0.9839450230628476,0.9805893179982114,0.9819103946116516,0.981630578642464
5,1,1.3553298274290215,0.618192881046547,6574,1.8721761669431414,0.5958029197080292,1096,1.8724199365883971,0.5999,0.9972679657394926,0.08333139449118737,,,0.96,,0.9600139182880506,0.039986081711949395,0.9981055663375771,0.09973163382087108,5,0.001,0.1,0.9950402731187028,1.0,0.9974172506567357,0.9967585545299583,0.9948807123255653,0.9956235772677974,0.9947350198604133,0.9941876435169194,0.9929852880095289,0.9905679433046473,0.9920708013927713,0.9908156863711636
5,2,1.3694705963134766,0.6495244682690645,5783,1.8694703694312804,0.6141078838174274,964,1.8724128739140666,0.5998,0.9981400488589053,0.0834330990969186,,,0.96,,0.9600139182880506,0.039986081711949395,0.9981085619514655,0.09973163382087108,5,0.001,0.1,0.9932493242851065,0.9974172506567357,1.0,0.9975003291674199,0.99667092203905,0.9963671927941206,0.9960518848070401,0.9954645758429526,0.9941277753975488,0.9924507120763818,0.9935289533913461,0.9926599690089384
5,3,1.4182503504207336,0.6234159258558729,5287,1.8812855439526694,0.5879682179341658,881,1.8724096754488473,0.5998,0.9983764074006484,0.08351479771013524,,,0.96,,0.9600139182880506,0.039986081711949395,0.9981114937779562,0.09973163382087108,5,0.001,0.1,0.991033000985884,0.9967585545299583,0.9975003291674199,1.0,0.9974080296356433,0.996766771696505,0.9966450325163597,0.9962079943779445,0.9953249529121458,0.9927555558111097,0.9945855147308877,0.9933007507516611
5,4,1.4584528947645619,0.619290780141844,4935,1.8605897334905772,0.6082725060827251,822,1.8724133020011,0.5998,0.9984110724094727,0.08346612187287429,,,0.96,,0.9600139182880506,0.039986081711949395,0.9981091516150751,0.09973163382087108,5,0.001,0.1,0.9880095145593991,0.9948807123255653,0.99667092203905,0.9974080296356433,1.0,0.9967824446161844,0.9972979995655442,0.9962854626122124,0.9960871362871715,0.9946382595568389,0.9954722748426721,0.995142960390318
5,5,1.4846639890376836,0.6149560745661025,4667,1.8856603860855103,0.5848329048843187,778,1.8724105133416173,0.5998,0.9989302435496665,0.08353467782943783,,,0.96,,0.9600139182880506,0.039986081711949395,0.9981114959599472,0.09973163382087108,5,0.001,0.1,0.987610126637171,0.9956235772677974,0.9963671927941206,0.996766771696505,0.9967824446161844,1.0,0.9979497361503707,0.9973568753501384,0.9971361482603238,0.9961659399369194,0.9967348307692334,0.9963906761217322
5,6,1.4844779985291616,0.6211093644733887,4453,1.8611829380194347,0.601078167115903,742,1.8724100608795216,0.5998,0.9987617788560891,0.08352346544570136,,,0.96,,0.9600139182880506,0.039986081711949395,0.9981116172478578,0.09973163382087108,5,0.001,0.1,0.9867960679929689,0.9947350198604133,0.9960518848070401,0.9966450325163597,0.9972979995655442,0.9979497361503707,1.0,0.9971719576663696,0.9974195662488674,0.9961321763912645,0.9963388320029318,0.9963204628769834
5,7,1.520674098516578,0.6151040448912789,4277,1.8694251309270444,0.6086956521739131,713,1.8724156675247339,0.5998,0.998279533346825,0.08344182782567522,,,0.96,,0.9600139182880506,0.039986081711949395,0.9981085980520586,0.09973163382087108,5,0.001,0.1,0.9858016253334997,0.9941876435169194,0.9954645758429526,0.9962079943779445,0.9962854626122124,0.9973568753501384,0.9971719576663696,1.0,0.9967230789947685,0.9955490513931201,0.9967646856996781,0.9955730162478292
5,8,1.52280937231504,0.6004843787842092,4129,1.8604680299758911,0.6090116279069767,688,1.8724148399151934,0.5998,0.9979800831666183,0.0834140187762345,,,0.96,,0.9600139182880506,0.039986081711949395,0.9981080861145912,0.09973163382087108,5,0.001,0.1,0.9839450230628476,0.9929852880095289,0.9941277753975488,0.9953249529121458,0.9960871362871715,0.9971361482603238,0.9974195662488674,0.9967230789947685,1.0,0.9959666535797975,0.9967618121336946,0.9970134385973608
5,9,1.535603203707271,0.6203449137715571,4001,1.878852123305911,0.6086956521739131,667,1.8724286403899757,0.5999,0.9965816306978147,0.0832665019715317,,,0.96,,0.9600139182880506,0.039986081711949395,0.998094299591192,0.09973163382087108,5,0.001,0.1,0.9805893179982114,0.9905679433046473,0.9924507120763818,0.9927555558111097,0.9946382595568389,0.9961659399369194,0.9961321763912645,0.9955490513931201,0.9959666535797975,1.0,0.9957883679675309,0.9961407002369247
5,10,1.5602196957244248,0.5891488814605297,3889,1.8571361757460094,0.6111111111111112,648,1.8724449320723073,0.5999,0.9973891793503447,0.08325607478914289,,,0.96,,0.9600139182880506,0.039986081711949395,0.9980893732976669,0.09973163382087108,5,0.001,0.1,0.9819103946116516,0.9920708013927713,0.9935289533913461,0.9945855147308877,0.9954722748426721,0.9967348307692334,0.9963388320029318,0.9967646856996781,0.9967618121336946,0.9957883679675309,1.0,0.9964569912028071
5,11,1.5739931241804812,0.5904510683197045,3791,1.8916422486305238,0.5775316455696202,632,1.8724438397648235,0.5999,0.9969736089029014,0.08324539077059318,,,0.96,,0.9600139182880506,0.039986081711949395,0.9980894358575975,0.09973163382087108,5,0.001,0.1,0.981630578642464,0.9908156863711636,0.9926599690089384,0.9933007507516611,0.995142960390318,0.9963906761217322,0.9963204628769834,0.9955730162478292,0.9970134385973608,0.9961407002369247,0.9964569912028071,1.0
6,0,1.1684318813368504,0.6598003408814219,8214,1.7574707020160765,0.6179693206720234,1369,1.753640130685922,0.6208,0.9905770839554546,0.0826536871475703,,,0.96,,0.9600139182880506,0.039986081711949395,0.9985128379968845,0.09971756806599519,5,0.001,0.1,1.0,0.9946130578817012,0.992689889403666,0.9904494843599153,0.9873674202961042,0.9875813122624023,0.9864062830707369,0.9854806445977922,0.9836906231118167,0.9805964760912269,0.9822194044888423,0.9823543260323382
6,1,1.2601711005840486,0.6348950410708853,6574,1.754349034173148,0.6167883211678832,1096,1.7530280081227945,0.6195,0.9970315808760275,0.08332768472782523,,,0.96,,0.9600139182880506,0.039986081711949395,0.9985128379968845,0.09971756806599519,5,0.001,0.1,0.9946130578817012,1.0,0.9969808808262252,0.9964007416562464,0.9942434342767642,0.9953601147392445,0.9940526664556428,0.9935219828348235,0.9925305665698183,0.9903222659822196,0.9917754597422772,0.9907751447114144
6,2,1.2630517465633582,0.6609026456856303,5783,1.74931380825658,0.6410788381742739,964,1.753020036715669,0.6194,0.9980502518198892,0.08342298457385329,,,0.96,,0.9600139182880506,0.039986081711949395,0.9985128379968845,0.09971756806599519,5,0.001,0.1,0.992689889403666,0.9969808808262252,1.0,0.9970699288542066,0.9964246092524692,0.9961211856521626,0.9955764809076022,0.9951011673616511,0.9939305942747826,0.9920434553731029,0.9937520657689874,0.9930462959571582
6,3,1.3062053260314896,0.6438055608095328,5287,1.7644163114683968,0.6095346197502838,881,1.753016520993778,0.6194,0.9981497674962044,0.08347632654287734,,,0.96,,0.9600139182880506,0.039986081711949395,0.9985128379968845,0.09971756806599519,5,0.001,0.1,0.9904494843599153,0.9964007416562464,0.9970699288542066,1.0,0.996743831448083,0.9966316199986203,0.9959645790462155,0.9956480033183882,0.9945826956110192,0.9924700630721689,0.9944628252552199,0.9934777443480494
6,4,1.342437289530231,0.6365552178318136,4935,1.738225139104403,0.6228710462287105,822,1.753020611433937,0.6194,0.998241400226948,0.08344941937981394,,,0.96,,0.9600139182880506,0.039986081711949395,0.9985128379968845,0.09971756806599519,5,0.001,0.1,0.9873674202961042,0.9942434342767642,0.9964246092524692,0.996743831448083,1.0,0.9965357339710609,0.9970689843287056,0.9960037224148154,0.9956018621526392,0.994498542704988,0.9955411540771406,0.9949436352055386
6,5,1.3661490931902847,0.6349689307906579,4667,1.7698922967910766,0.6015424164524421,778,1.7530174910450895,0.6194,0.9988008204375445,0.08350954923924135,,,0.96,,0.9600139182880506,0.039986081711949395,0.9985128379968845,0.09971756806599519,5,0.001,0.1,0.9875813122624023,0.9953601147392445,0.9961211856521626,0.9966316199986203,0.9965357339710609,1.0,0.9974066359781285,0.9967900887639002,0.9967815893064533,0.9956942396439894,0.9964573591790987,0.9963071808998284
6,6,1.361525983299528,0.6397484841679767,4453,1.7389834076166153,0.6185983827493261,742,1.7530167369415965,0.6194,0.9984943200016446,0.08349277164043346,,,0.96,,0.9600139182880506,0.039986081711949395,0.9985128379968845,0.09971756806599519,5,0.001,0.1,0.9864062830707369,0.9940526664556428,0.9955764809076022,0.9959645790462155,0.9970689843287056,0.9974066359781285,1.0,0.9967898766330242,0.9969438792646956,0.9955700766164188,0.9960875442834162,0.9961224883454354
6,7,1.3949559065833022,0.6338087444470423,4277,1.7477543250374172,0.6213183730715287,713,1.7530230253268355,0.6192,0.997984954779747,0.0834262316412719,,,0.96,,0.9600139182880506,0.039986081711949395,0.9985128379968845,0.09971756806599519,5,0.001,0.1,0.9854806445977922,0.9935219828348235,0.9951011673616511,0.9956480033183882,0.9960037224148154,0.9967900887639002,0.9967898766330242,1.0,0.9958765341363194,0.9949586748808064,0.9964137309010618,0.9953090646758742
6,8,1.4000160946295812,0.6182126422862678,4129,1.737796734679829,0.6337209302325582,688,1.7530220667013345,0.6193,0.9977377505230891,0.0834011856134659,,,0.96,,0.9600139182880506,0.039986081711949395,0.9985128379968845,0.09971756806599519,5,0.001,0.1,0.9836906231118167,0.9925305665698183,0.9939305942747826,0.9945826956110192,0.9956018621526392,0.9967815893064533,0.9969438792646956,0.9958765341363194,1.0,0.9957067668534079,0.9965370588273271,0.9967445196562331
6,9,1.4115167028374143,0.6324918770307423,4001,1.761019570486886,0.623688155922039,667,1.7530377646223805,0.6195,0.9964389899945423,0.08326873146815654,,,0.96,,0.9600139182880506,0.039986081711949395,0.9985128379968845,0.09971756806599519,5,0.001,0.1,0.9805964760912269,0.9903222659822196,0.9920434553731029,0.9924700630721689,0.994498542704988,0.9956942396439894,0.9955700766164188,0.9949586748808064,0.9957067668534079,1.0,0.9959043733462483,0.995613741683622
6,10,1.4322368009168593,0.6134224736436101,3889,1.7338593744096302,0.6265432098765432,648,1.7530545514231672,0.6195,0.9974510027141628,0.08329501498268291,,,0.96,,0.9600139182880506,0.039986081711949395,0.9985128379968845,0.09971756806599519,5,0.001,0.1,0.9822194044888423,0.9917754597422772,0.9937520657689874,0.9944628252552199,0.9955411540771406,0.9964573591790987,0.9960875442834162,0.9964137309010618,0.9965370588273271,0.9959043733462483,1.0,0.9963399148841696
