round,client_id,client_i_training_loss,client_i_training_accuracy,client_i_training_dataset_size,client_i_evaluation_loss,client_i_evaluation_accuracy,client_i_evaluation_dataset_size,client_i_central_evaluation_loss,client_i_central_evaluation_accuracy,client_i_cosine_similarity,client_i_importance_coefficient,client_i_tanh_val,tanh_normalization_value,client_i_q,client_i_mask_order,client_i_v_nonzero_fraction,client_i_v_sparsity,client_i_v_cosine_similarity,client_i_reward_gradient_norm,local_epochs,learning_rate,gamma,client_0_cosine_similarity,client_1_cosine_similarity,client_2_cosine_similarity,client_3_cosine_similarity,client_4_cosine_similarity,client_5_cosine_similarity,client_6_cosine_similarity,client_7_cosine_similarity,client_8_cosine_similarity,client_9_cosine_similarity,client_10_cosine_similarity,client_11_cosine_similarity
0,0,2.1722892856156384,0.20317019722425128,6845,2.2970910289070825,0.11906501095690285,1369,2.2983711429789095,0.112,0.9151780417455807,0.07987085682038626,,,0.6,,0.6000148536911423,0.39998514630885773,0,0.14256329316354044,10,0.025,0.15,1.0,0.9496695549138182,0.8993598576348963,0.8886688464795222,0.8645779062291048,0.8319456327807458,0.8330631031751596,0.8263079983986655,0.812167846401239,0.8060419018159007,0.7924208781557824,0.7817272315994643
0,1,2.2316999493643297,0.1623220153340635,5478,2.29575072394477,0.12317518248175183,1096,2.2982737082469313,0.1127,0.963062100101689,0.08404986964027969,,,0.8742977636425869,,0.8743295208859402,0.12567047911405982,0,0.14304052594349645,10,0.025,0.15,0.9496695549138182,1.0,0.9496704200967232,0.9453125315523615,0.9269983063461974,0.9054298995193644,0.8983484498952057,0.8891220371882583,0.8714380476398168,0.8687503412421635,0.8601225094089705,0.8511374473281514
0,2,2.2408597917933215,0.16728215767634855,4820,2.303684949874878,0.10684647302904564,964,2.2982734245590017,0.1127,0.964581210502007,0.0841824478313459,,,0.8829997951712122,,0.8830354343054249,0.11696456569457514,0,0.1430471997461644,10,0.025,0.15,0.8993598576348963,0.9496704200967232,1.0,0.9514746283686026,0.9463613776817575,0.9275892605388679,0.9079117054356467,0.9000599047362187,0.8838410430270874,0.8816370771098839,0.8715531627143497,0.8700744211832117
0,3,2.253600822176252,0.1637766681797549,4406,2.2994156564985,0.10896708286038592,881,2.2982693472995033,0.1126,0.9797688038186638,0.08550792335185471,,,0.9699999999343629,,0.9700285520951957,0.029971447904804327,0,0.14306856408309354,10,0.025,0.15,0.8886688464795222,0.9453125315523615,0.9514746283686026,1.0,0.94759823882968,0.9450379093955567,0.9468804785890508,0.9438487460151729,0.9174914521704021,0.9169262478117557,0.907401494003289,0.9074855732068704
0,4,2.262635866439704,0.1718385214007782,4112,2.2986067703792026,0.11313868613138686,822,2.298269410676594,0.1127,0.9700050121080767,0.0846558023719272,,,0.9140693557318867,,0.9141044049446287,0.08589559505537125,0,0.1430616348977666,10,0.025,0.15,0.8645779062291048,0.9269983063461974,0.9463613776817575,0.94759823882968,1.0,0.9498754831646549,0.9307453934289622,0.9126164267090312,0.9116420356896813,0.9162876982564512,0.9081685206571322,0.911219537956638
0,5,2.27622763341473,0.14150167138081768,3889,2.2941979680742537,0.11568123393316196,778,2.2982694046406804,0.1127,0.9686168125224276,0.08453464923528506,,,0.9061172302248701,,0.9061659322341602,0.0938340677658398,0,0.14306098707046766,10,0.025,0.15,0.8319456327807458,0.9054298995193644,0.9275892605388679,0.9450379093955567,0.9498754831646549,1.0,0.9586234122920904,0.9450637769464818,0.9139440185912846,0.92298377389669,0.9183119742364951,0.9447867106227416
0,6,2.281401547070207,0.13325249258959848,3711,2.2954939206441245,0.11994609164420485,742,2.2982728783088393,0.1127,0.9667789827689447,0.08437425526776733,,,0.8955894552483395,,0.8956280635737981,0.1043719364262019,0,0.1430488283152686,10,0.025,0.15,0.8330631031751596,0.8983484498952057,0.9079117054356467,0.9468804785890508,0.9307453934289622,0.9586234122920904,1.0,0.9694555679984643,0.9151675394283176,0.9033488232237061,0.9436725285825944,0.9474394836406386
0,7,2.281436062710626,0.1259259259259259,3564,2.295880436897278,0.11921458625525946,713,2.298273702211018,0.1127,0.9589575310750885,0.08369164923935343,,,0.8507852598288923,,0.8508276806786487,0.14917231932135133,0,0.1430359204905396,10,0.025,0.15,0.8263079983986655,0.8891220371882583,0.9000599047362187,0.9438487460151729,0.9126164267090312,0.9450637769464818,0.9694555679984643,1.0,0.9141120373992946,0.9178657612951293,0.9231641667057677,0.9247907638868734
0,8,2.2828752199808755,0.15672769543737286,3441,2.2990508874257407,0.10901162790697674,688,2.2982889579821237,0.1124,0.9467741157677333,0.0826283590649727,,,0.7809941083044498,,0.7810318364113482,0.2189681635886518,0,0.14297746880889783,10,0.025,0.15,0.812167846401239,0.8714380476398168,0.8838410430270874,0.9174914521704021,0.9116420356896813,0.9139440185912846,0.9151675394283176,0.9141120373992946,1.0,0.9398256797015866,0.9349442937852238,0.9351137752771698
0,9,2.28358177697217,0.14133173365326934,3334,2.2970436811447144,0.10494752623688156,667,2.2982927334459524,0.1124,0.9411022664645498,0.08213335651581045,,,0.7485036379267954,,0.748527008961727,0.25147299103827303,0,0.14294460170371426,10,0.025,0.15,0.8060419018159007,0.8687503412421635,0.8816370771098839,0.9169262478117557,0.9162876982564512,0.92298377389669,0.9033488232237061,0.9178657612951293,0.9398256797015866,1.0,0.8956745640748376,0.9063752375157053
0,10,2.2880292974985563,0.13381672323356988,3241,2.299871285756429,0.08950617283950617,648,2.298292603673814,0.1124,0.9412943137569854,0.0821501171690355,,,0.7496037565181849,,0.7496245316961265,0.25037546830387347,0,0.14294534117781568,10,0.025,0.15,0.7924208781557824,0.8601225094089705,0.8715531627143497,0.907401494003289,0.9081685206571322,0.9183119742364951,0.9436725285825944,0.9231641667057677,0.9349442937852238,0.8956745640748376,1.0,0.9537818142988259
0,11,2.288503448486328,0.12488129154795821,3159,2.2979526042938234,0.10917721518987342,632,2.298290850240973,0.1124,0.942103222126827,0.08222071349198179,,,0.7542374856643066,,0.7542869403046657,0.2457130596953343,0,0.14296031874355888,10,0.025,0.15,0.7817272315994643,0.8511374473281514,0.8700744211832117,0.9074855732068704,0.911219537956638,0.9447867106227416,0.9474394836406386,0.9247907638868734,0.9351137752771698,0.9063752375157053,0.9537818142988259,1.0
1,0,2.0518108286239483,0.25317750182615045,6845,2.2849379019303755,0.14828341855368882,1369,2.286064863204956,0.1349,0.9056308214210133,0.07902077413112166,,,0.6,,0.6000148536911423,0.39998514630885773,0.9246875559484679,0.14527820028760374,10,0.025,0.15,1.0,0.9415443148631374,0.9191404977732747,0.8956365484070014,0.89124655764487,0.8689913729597722,0.8615021078541053,0.862875171322384,0.848577136093431,0.8384488349371986,0.8230686806502265,0.8179186964172072
1,1,2.1080565685449644,0.226688572471705,5478,2.2841937277052136,0.14142335766423358,1096,2.285876669461214,0.132,0.9625030543143162,0.0834647066855431,,,0.8685217445732101,,0.8685613374923669,0.13143866250763314,0.9266500112231144,0.14582683397025872,10,0.025,0.15,0.9415443148631374,1.0,0.9643336251383573,0.9495842705139192,0.9474350149681572,0.9384561702747787,0.9294685321657838,0.9303758470072024,0.9186177877660869,0.9110981815124678,0.9011726955828772,0.8964515252105852
1,2,2.1083628369005103,0.23224066390041495,4820,2.2905486822128296,0.12033195020746888,964,2.2858716264555725,0.132,0.9782013289281433,0.08405877882597257,,,0.9044181686518676,,0.9044577577528016,0.09554224224719843,0.9267430837177217,0.14584772480383057,10,0.025,0.15,0.9191404977732747,0.9643336251383573,1.0,0.9690656809875183,0.9660197643494841,0.9555910375428777,0.9500430039954176,0.9466760273375984,0.9417318766372738,0.9330956454894715,0.9315448422762261,0.9335479238643924
1,3,2.130622742176056,0.22310485701316388,4406,2.28678229876927,0.13166855845629966,881,2.285868041123016,0.1319,0.9862997537407,0.0851441331443025,,,0.9699999999395756,,0.9700285520951957,0.029971447904804327,0.9269157430633949,0.1458583114801946,10,0.025,0.15,0.8956365484070014,0.9495842705139192,0.9690656809875183,1.0,0.9710211227354196,0.9683704861258172,0.9670018799955146,0.9656409387166964,0.9543333395519035,0.9557004884648461,0.9537257870047883,0.9543331015668545
1,4,2.1426559018366262,0.23017996108949415,4112,2.286041157586234,0.1362530413625304,822,2.28586942636514,0.1319,0.9850206726037807,0.08457444968563205,,,0.9355772461503689,,0.9356092488983513,0.06439075110164871,0.9268401712837699,0.1458507765058274,10,0.025,0.15,0.89124655764487,0.9474350149681572,0.9660197643494841,0.9710211227354196,1.0,0.969172917506001,0.9643150970059281,0.9603222962530866,0.9600238011101607,0.9603714420431008,0.9487170333759138,0.9510521840541816
1,5,2.1623655796051025,0.20370275134996144,3889,2.282448019300188,0.14652956298200515,778,2.285868862007238,0.1319,0.9844699534662409,0.0844814243220484,,,0.9299562488437862,,0.9299896024162004,0.07001039758379957,0.9268255768446955,0.14585039008813902,10,0.025,0.15,0.8689913729597722,0.9384561702747787,0.9555910375428777,0.9683704861258172,0.969172917506001,1.0,0.9720335866871184,0.9701173359471174,0.9634506722021026,0.9589853389121943,0.9563867639290546,0.9612030671587458
1,6,2.1764720304258938,0.2002694691457828,3711,2.283191124598185,0.1347708894878706,742,2.2858711586722844,0.1319,0.9839433580770537,0.0843648721190357,,,0.922913657511998,,0.9229506032249014,0.07704939677509859,0.9267455278899452,0.14584988250436665,10,0.025,0.15,0.8615021078541053,0.9294685321657838,0.9500430039954176,0.9670018799955146,0.9643150970059281,0.9720335866871184,1.0,0.9721365700587985,0.9612123029177491,0.959807941791532,0.971001187225702,0.9683685365633767
1,7,2.174915779914175,0.1984006734006734,3564,2.283535917599996,0.13744740532959326,713,2.2858694655985774,0.132,0.9831968032016498,0.08391758561126056,,,0.8958866601575168,,0.8959333894472776,0.10406661055272237,0.9267308072825556,0.14584608124304824,10,0.025,0.15,0.862875171322384,0.9303758470072024,0.9466760273375984,0.9656409387166964,0.9603222962530866,0.9701173359471174,0.9721365700587985,1.0,0.9718524037659002,0.9657236029227564,0.9610662219365235,0.9617774489786528
1,8,2.1707584447330897,0.21586748038360942,3441,2.2864126761754355,0.12063953488372094,688,2.2858986432039283,0.132,0.9774150207690009,0.08307022733759693,,,0.8446855856280849,,0.8447211632090574,0.15527883679094256,0.9262784869237939,0.14581855335580643,10,0.025,0.15,0.848577136093431,0.9186177877660869,0.9417318766372738,0.9543333395519035,0.9600238011101607,0.9634506722021026,0.9612123029177491,0.9718524037659002,1.0,0.9620813351499662,0.9570444341153059,0.9625223169557472
1,9,2.16664632735429,0.21052789442111577,3334,2.2852680683135986,0.11544227886056972,667,2.2859039095383658,0.1321,0.9741783327945737,0.08265797525872645,,,0.8197755209350247,,0.8198247264445214,0.18017527355547858,0.9259917194990303,0.1458064285558353,10,0.025,0.15,0.8384488349371986,0.9110981815124678,0.9330956454894715,0.9557004884648461,0.9603714420431008,0.9589853389121943,0.959807941791532,0.9657236029227564,0.9620813351499662,1.0,0.9593055343780218,0.959071347808936
1,10,2.1941469628077286,0.18957112002468374,3241,2.287960410118103,0.10648148148148148,648,2.285903336126593,0.1321,0.9719534529754622,0.08259580589870351,,,0.8160189776464117,,0.8160700434057864,0.18392995659421363,0.9260021882909356,0.14580445661903854,10,0.025,0.15,0.8230686806502265,0.9011726955828772,0.9315448422762261,0.9537257870047883,0.9487170333759138,0.9563867639290546,0.971001187225702,0.9610662219365235,0.9570444341153059,0.9593055343780218,1.0,0.9744661077062458
1,11,2.1951139831542967,0.19477682811016145,3159,2.286289596557617,0.13449367088607594,632,2.285900294026242,0.132,0.9722515103240267,0.08264926698005641,,,0.8192493288400564,,0.8193048472545428,0.18069515274545722,0.9261471230571561,0.14580637212093073,10,0.025,0.15,0.8179186964172072,0.8964515252105852,0.9335479238643924,0.9543331015668545,0.9510521840541816,0.9612030671587458,0.9683685365633767,0.9617774489786528,0.9625223169557472,0.959071347808936,0.9744661077062458,1.0
2,0,1.9806663062837389,0.28284879474068664,6845,2.2668741833079946,0.19503287070854639,1369,2.2679067623766165,0.182,0.911767769946462,0.07873906481734104,,,0.6,,0.6000148536911423,0.39998514630885773,0.969214045869244,0.14496017884913018,10,0.025,0.15,1.0,0.9366869769215801,0.9223793057174846,0.9001319874740044,0.9007323437661113,0.8750381419603834,0.8723991351457363,0.8703712916686033,0.8491542252897195,0.8381073209924592,0.8350053656374474,0.8273590177759309
2,1,2.0342181374860364,0.26476816356334426,5478,2.2670576572418213,0.18065693430656934,1096,2.267522923554046,0.1831,0.9578525190659168,0.08299778378687511,,,0.85734951228157,,0.8573963129837765,0.1426036870162235,0.9730970368034787,0.14560972364759733,10,0.025,0.15,0.9366869769215801,1.0,0.957716068956401,0.9439290999265699,0.9439094621913634,0.9301251797148732,0.9255063746926459,0.9248667883375051,0.9035825631087969,0.9015309948280043,0.9005142591404757,0.8906586644767104
2,2,2.0318419415699807,0.2636514522821577,4820,2.2713061571121216,0.17946058091286307,964,2.2675071275686918,0.1828,0.9770230254545716,0.08399159368455252,,,0.9174043067626103,,0.9174464854516348,0.08255351454836524,0.9732522686532468,0.1456344239465947,10,0.025,0.15,0.9223793057174846,0.957716068956401,1.0,0.9633102595820586,0.9622396503920855,0.9523846612088913,0.949212071862691,0.9471044077460482,0.9356852876122019,0.93107854184293,0.9301064975652702,0.9296038463056504
2,3,2.056671436173575,0.25265546981389014,4406,2.2682998180389404,0.18274687854710556,881,2.2674989549419546,0.1828,0.9830761520973545,0.08486196749743717,,,0.9699999999395711,,0.9700285520951957,0.029971447904804327,0.9732864387146903,0.14564263176906442,10,0.025,0.15,0.9001319874740044,0.9439290999265699,0.9633102595820586,1.0,0.9632080621378706,0.9635813238294714,0.9617542603346798,0.9622032294797987,0.9479152689050605,0.9484361693254636,0.9494704879755133,0.9458548520523917
2,4,2.065395367868019,0.25841439688715956,4112,2.2675869464874268,0.19829683698296838,822,2.2675038047983676,0.1828,0.9821776654935662,0.08447947501466598,,,0.9468864170530948,,0.9469393144196333,0.053060685580366695,0.9732482266950999,0.14564180922738043,10,0.025,0.15,0.9007323437661113,0.9439094621913634,0.9622396503920855,0.9632080621378706,1.0,0.9619084054574493,0.9601230972687691,0.9549161023230618,0.9529570063856676,0.9503324884429104,0.9441857778073027,0.9451791899335867
2,5,2.0807918463983843,0.2457186937516071,3889,2.264990602220808,0.20051413881748073,778,2.267503309853469,0.1828,0.9815167913649719,0.08440024019932284,,,0.9420983478637097,,0.9421531250515753,0.057846874948424665,0.9732371085505392,0.14564154383059977,10,0.025,0.15,0.8750381419603834,0.9301251797148732,0.9523846612088913,0.9635813238294714,0.9619084054574493,1.0,0.9655631792146439,0.9617116500432977,0.9532423492404403,0.9549940704909197,0.9561305492565226,0.9562444280445069
2,6,2.0974673554815095,0.24610617084343842,3711,2.26473875840505,0.1738544474393531,742,2.2675046317185026,0.1828,0.9815448662826582,0.08432889961340721,,,0.9377873179219345,,0.937829050519054,0.062170949480946036,0.9732367404387566,0.14564128305125346,10,0.025,0.15,0.8723991351457363,0.9255063746926459,0.949212071862691,0.9617542603346798,0.9601230972687691,0.9655631792146439,1.0,0.9650435802465576,0.9514534301238623,0.9584075911278752,0.9628901052080078,0.9589920454904775
2,7,2.0901675347770965,0.2414983164983165,3564,2.265578269958496,0.182328190743338,713,2.2675057785420476,0.1829,0.9823270927052933,0.08407712720534931,,,0.9225729995122962,,0.9226122691488835,0.0773877308511165,0.9732186688694852,0.14563499895367044,10,0.025,0.15,0.8703712916686033,0.9248667883375051,0.9471044077460482,0.9622032294797987,0.9549161023230618,0.9617116500432977,0.9650435802465576,1.0,0.9656756954231679,0.9629594253459598,0.9648569765667837,0.961089090020718
2,8,2.0825835484045525,0.25036326649229873,3441,2.267849087715149,0.16715116279069767,688,2.267551787291901,0.1835,0.973277010374762,0.08325651160256377,,,0.8729841380123295,,0.8730174448350415,0.1269825551649585,0.9730429847108141,0.14561509488782598,10,0.025,0.15,0.8491542252897195,0.9035825631087969,0.9356852876122019,0.9479152689050605,0.9529570063856676,0.9532423492404403,0.9514534301238623,0.9656756954231679,1.0,0.9580118158488639,0.9564867343312579,0.9610817793181359
2,9,2.079897011650933,0.2476604679064187,3334,2.267107526461283,0.17691154422788605,667,2.267559356327298,0.1835,0.9732909802294027,0.08300139138076479,,,0.8575675150506326,,0.8576108663002756,0.1423891336997244,0.9729290720738507,0.1456099837684511,10,0.025,0.15,0.8381073209924592,0.9015309948280043,0.93107854184293,0.9484361693254636,0.9503324884429104,0.9549940704909197,0.9584075911278752,0.9629594253459598,0.9580118158488639,1.0,0.9650498893045766,0.9662346657153795
2,10,2.115995823420011,0.22786177105831534,3241,2.270238916079203,0.15432098765432098,648,2.2675591239446327,0.1835,0.9728184747665772,0.08294743205248543,,,0.854306814611117,,0.8543513062996154,0.14564869370038458,0.9728893269855279,0.14560870294244335,10,0.025,0.15,0.8350053656374474,0.9005142591404757,0.9301064975652702,0.9494704879755133,0.9441857778073027,0.9561305492565226,0.9628901052080078,0.9648569765667837,0.9564867343312579,0.9650498893045766,1.0,0.9647844836121034
2,11,2.1111523241996766,0.23621399176954733,3159,2.2688590049743653,0.189873417721519,632,2.2675543163396137,0.1835,0.9709164194438589,0.08291851314523485,,,0.8525592781500606,,0.8526018715650839,0.14739812843491606,0.9728924337229204,0.14560799992815487,10,0.025,0.15,0.8273590177759309,0.8906586644767104,0.9296038463056504,0.9458548520523917,0.9451791899335867,0.9562444280445069,0.9589920454904775,0.961089090020718,0.9610817793181359,0.9662346657153795,0.9647844836121034,1.0
3,0,1.9287309779061212,0.30254200146092036,6845,2.242900003086437,0.23886048210372535,1369,2.243764596649363,0.2318,0.9170006286963299,0.07881735528835404,,,0.6,,0.6000148536911423,0.39998514630885773,0.9795610490174829,0.1445473404248763,10,0.025,0.15,1.0,0.9355680929821892,0.9226714111918367,0.9029070367490264,0.8991256843337679,0.8768342132017786,0.8722971410532498,0.8734025597008854,0.8528315157385645,0.840829050062496,0.8487926407296918,0.835046309681034
3,1,1.9783486662909042,0.28548740416210294,5478,2.244121551513672,0.23996350364963503,1096,2.2430608906323397,0.2321,0.9596101169420536,0.08285206419883417,,,0.8563074664053693,,0.8563400505025499,0.1436599494974501,0.982548145581844,0.14521029202472968,10,0.025,0.15,0.9355680929821892,1.0,0.9530881778118003,0.9400932286384287,0.941202567770299,0.9260097722699149,0.9247842010409182,0.925486347800202,0.9019491790240287,0.8994595896782086,0.9069160011469193,0.8951699614542382
3,2,1.9754443099624233,0.28572614107883815,4820,2.2457724511623383,0.229253112033195,964,2.2430320208585717,0.2322,0.9753150434302464,0.0839817916080831,,,0.9280741232864069,,0.9281081348715156,0.07189186512848444,0.982790800878261,0.14523527642400336,10,0.025,0.15,0.9226714111918367,0.9530881778118003,1.0,0.9555707336229177,0.9553867607677285,0.9447471525331747,0.945186614092252,0.9439874520854646,0.9292179052909102,0.921340775306371,0.9315028723902532,0.9274953031604286
3,3,2.001564804485866,0.27498865183840215,4406,2.2437713146209717,0.22701475595913734,881,2.2430185336100905,0.2323,0.9789837516815556,0.08464177514454466,,,0.9699999999364743,,0.9700285520951957,0.029971447904804327,0.9828251234796715,0.14524029906523217,10,0.025,0.15,0.9029070367490264,0.9400932286384287,0.9555707336229177,1.0,0.9594784831846127,0.9535710082399487,0.9522622545480097,0.9520280067754925,0.9380274812157829,0.9369302214169327,0.9426302990263807,0.9375643080276305
3,4,2.0066917740937433,0.28285505836575875,4112,2.2429178101675853,0.24817518248175183,822,2.2430271589303317,0.2323,0.9808867825889663,0.08446655985264111,,,0.9588693363521386,,0.9589130398904128,0.041086960109587234,0.9828176714579091,0.14524008672997613,10,0.025,0.15,0.8991256843337679,0.941202567770299,0.9553867607677285,0.9594784831846127,1.0,0.9557695001236273,0.9563838766373094,0.9538971007112766,0.9465100277292837,0.9366144788674877,0.9453533475395588,0.9433905349567197
3,5,2.021252994383535,0.2741064541013114,3889,2.2414438043321883,0.2442159383033419,778,2.2430265523210355,0.2323,0.9761256353323459,0.08426187325701674,,,0.9458664893325309,,0.9459243121915796,0.054075687808420425,0.9828149199739806,0.14523960473997985,10,0.025,0.15,0.8768342132017786,0.9260097722699149,0.9447471525331747,0.9535710082399487,0.9557695001236273,1.0,0.9567783801175304,0.9529577812720729,0.9407684860916598,0.9366139946101864,0.9477712209354552,0.9449315480497553
3,6,2.034463949450131,0.2737806521153328,3711,2.2401092449824014,0.22776280323450135,742,2.243026359171807,0.2323,0.9776623192692185,0.08426779222108846,,,0.9462424953142824,,0.9462874024195013,0.05371259758049873,0.9828122109837261,0.1452396083773496,10,0.025,0.15,0.8722971410532498,0.9247842010409182,0.945186614092252,0.9522622545480097,0.9563838766373094,0.9567783801175304,1.0,0.9570638792810915,0.9420279737515131,0.9437654792688135,0.955551987536392,0.9483464043918828
3,7,2.026319167017937,0.2659371492704826,3564,2.241554339726766,0.2426367461430575,713,2.24302894254274,0.2321,0.9792295261186317,0.08416273251554633,,,0.9395685102644928,,0.9396114934561238,0.060388506543876175,0.9827720075130324,0.14523925386274716,10,0.025,0.15,0.8734025597008854,0.925486347800202,0.9439874520854646,0.9520280067754925,0.9538971007112766,0.9529577812720729,0.9570638792810915,1.0,0.9583360605170257,0.9452737987884754,0.9598180766624148,0.9507500119640484
3,8,2.017352673742506,0.27640220866027315,3441,2.2434699138005576,0.21656976744186046,688,2.2430897634240647,0.2322,0.9681268949416069,0.08329081418385263,,,0.8841793400747122,,0.8842319816474394,0.11576801835256056,0.9826931755623235,0.14522814252586305,10,0.025,0.15,0.8528315157385645,0.9019491790240287,0.9292179052909102,0.9380274812157829,0.9465100277292837,0.9407684860916598,0.9420279737515131,0.9583360605170257,1.0,0.9358383456946738,0.948988978824176,0.9493987716892913
3,9,2.0168576187557643,0.2740251949610078,3334,2.2426579793294272,0.22488755622188905,667,2.2431071046032485,0.2321,0.9635829657610153,0.08298406845010498,,,0.8646931209714456,,0.8647323859979205,0.13526761400207954,0.9825801703588364,0.14521387043923215,10,0.025,0.15,0.840829050062496,0.8994595896782086,0.921340775306371,0.9369302214169327,0.9366144788674877,0.9366139946101864,0.9437654792688135,0.9452737987884754,0.9358383456946738,1.0,0.9489011236932603,0.9454027604913511
3,10,2.0569588042222535,0.25519901265041656,3241,2.2457997798919678,0.2052469135802469,648,2.2431022638007057,0.2321,0.9720604099863172,0.0832274806346584,,,0.8801560358184204,,0.8801884768364938,0.11981152316350618,0.9826680251084688,0.1452270738386224,10,0.025,0.15,0.8487926407296918,0.9069160011469193,0.9315028723902532,0.9426302990263807,0.9453533475395588,0.9477712209354552,0.955551987536392,0.9598180766624148,0.948988978824176,0.9489011236932603,1.0,0.9530784629307069
3,11,2.0478165159225465,0.2636593858816081,3159,2.2453558921813963,0.22468354430379747,632,2.243096834496607,0.232,0.9670443156952798,0.08304569264527534,,,0.8686078374191077,,0.8686438579987127,0.1313561420012873,0.9825862718811584,0.14521540548777212,10,0.025,0.15,0.835046309681034,0.8951699614542382,0.9274953031604286,0.9375643080276305,0.9433905349567197,0.9449315480497553,0.9483464043918828,0.9507500119640484,0.9493987716892913,0.9454027604913511,0.9530784629307069,1.0
4,0,1.8852623420732992,0.31756026296566836,6845,2.2129577723416416,0.27903579254930605,1369,2.213741945315011,0.2637,0.923118452024125,0.07914708025983817,,,0.6,,0.6000148536911423,0.39998514630885773,0.9856338226313363,0.14411133746032245,10,0.025,0.15,1.0,0.9340906987844939,0.9246725533904451,0.9062652926834143,0.9027379049570939,0.8761725873939367,0.8747589626277065,0.8777600781398179,0.8561206546540365,0.8446012022185512,0.8619574193942586,0.8427038013211036
4,1,1.933016052911448,0.30463672873311426,5478,2.2155817879570856,0.26824817518248173,1096,2.2125852349438246,0.264,0.9593059943187613,0.08283679918490101,,,0.8569685705718668,,0.8570002145533165,0.14299978544668346,0.9878307736173005,0.14480605157044701,10,0.025,0.15,0.9340906987844939,1.0,0.9479780216207048,0.9363457530985283,0.9344802123379476,0.9206512450244925,0.9220125312264069,0.9223974548737146,0.8978079813648885,0.8964672976281939,0.9085386007550145,0.8951132878976742
4,2,1.9271522876463438,0.30188796680497926,4820,2.213971793651581,0.258298755186722,964,2.212532206426693,0.2641,0.9724594941014013,0.08396870219867274,,,0.9357993718828241,,0.935832054265485,0.06416794573451501,0.9881557048008139,0.1448351533250372,10,0.025,0.15,0.9246725533904451,0.9479780216207048,1.0,0.9482495390736257,0.9472554000433273,0.9339722616368913,0.9381926381085175,0.9378755288506573,0.9217888217553563,0.9153920005649131,0.9290178026520499,0.9220500499618023
4,3,1.9546752718516758,0.2926463912846119,4406,2.2131361961364746,0.24971623155505107,881,2.2125105616412584,0.2643,0.9749389147365063,0.08445977666850063,,,0.9699999999303555,,0.9700285520951957,0.029971447904804327,0.9881712266680084,0.1448386839362976,10,0.025,0.15,0.9062652926834143,0.9363457530985283,0.9482495390736257,1.0,0.9481500635516102,0.9415520392332067,0.9423087362584766,0.9449398351785013,0.9303803674871493,0.9298339328926986,0.9362272959541948,0.9293326690607708
4,4,1.9593337709253484,0.2982490272373541,4112,2.212310756955828,0.2725060827250608,822,2.212523882902121,0.2643,0.9752322346528746,0.08436051714725391,,,0.9630871217929016,,0.9631133336634153,0.03688666633658466,0.9881668349652881,0.14483845791230412,10,0.025,0.15,0.9027379049570939,0.9344802123379476,0.9472554000433273,0.9481500635516102,1.0,0.9421736337492118,0.9492767375997747,0.9452738316770732,0.933955576184343,0.9254738023634118,0.935414052011024,0.9326133210840085
4,5,1.9740266169271161,0.28935458986886087,3889,2.212313652038574,0.2814910025706941,778,2.2125214142135428,0.2643,0.9702083685801323,0.08406909482806993,,,0.9427911647527129,,0.9428380452542456,0.05716195474575436,0.9881711722701607,0.14483703813513407,10,0.025,0.15,0.8761725873939367,0.9206512450244925,0.9339722616368913,0.9415520392332067,0.9421736337492118,1.0,0.946981617924579,0.9434354577394828,0.928769641217222,0.9318619869924168,0.9375462953168258,0.9343821235544332
4,6,1.981031441277471,0.294529776340609,3711,2.2094239791234336,0.2628032345013477,742,2.212519425380079,0.2641,0.9743170805717232,0.08420711300980403,,,0.9524033697996154,,0.9524516842435345,0.047548315756465453,0.9881694681665328,0.14483785306227603,10,0.025,0.15,0.8747589626277065,0.9220125312264069,0.9381926381085175,0.9423087362584766,0.9492767375997747,0.946981617924579,1.0,0.951040186035319,0.9340812954495513,0.9370337945850448,0.9475617306765521,0.9416314101891177
4,7,1.9772967449256351,0.28512906846240177,3564,2.211854338645935,0.26788218793828894,713,2.2125252862519855,0.2641,0.9761203434968978,0.08420080675906443,,,0.951964174220999,,0.952006073509267,0.047993926490732974,0.9881701507988143,0.14483784908151914,10,0.025,0.15,0.8777600781398179,0.9223974548737146,0.9378755288506573,0.9449398351785013,0.9452738316770732,0.9434354577394828,0.951040186035319,1.0,0.9500699611879733,0.9398800754134014,0.9510958352939938,0.9423146384640994
4,8,1.966236288017697,0.2954954954954955,3441,2.213494300842285,0.24854651162790697,688,2.212602995618989,0.2645,0.9636586850545479,0.08325168499410703,,,0.8858630786651643,,0.8859153999768943,0.11408460002310572,0.9880356799751241,0.14482282542360214,10,0.025,0.15,0.8561206546540365,0.8978079813648885,0.9217888217553563,0.9303803674871493,0.933955576184343,0.928769641217222,0.9340812954495513,0.9500699611879733,1.0,0.93088448041015,0.9391888345176734,0.9386440575924788
4,9,1.9716368105676438,0.2918416316736653,3334,2.2116915782292685,0.2563718140929535,667,2.2126432189458534,0.2643,0.9613003975117456,0.08298401531467425,,,0.8672213619636413,,0.8672575134921028,0.13274248650789722,0.987862053112241,0.14481113064111295,10,0.025,0.15,0.8446012022185512,0.8964672976281939,0.9153920005649131,0.9298339328926986,0.9254738023634118,0.9318619869924168,0.9370337945850448,0.9398800754134014,0.93088448041015,1.0,0.9432368433025858,0.9395386929922155
4,10,2.005687947456653,0.2747917309472385,3241,2.2148776054382324,0.25,648,2.212620285492909,0.2643,0.9698145560781664,0.08341361623758435,,,0.8971406965575854,,0.8971794490930997,0.10282055090690034,0.9880312287789232,0.1448262557148138,10,0.025,0.15,0.8619574193942586,0.9085386007550145,0.9290178026520499,0.9362272959541948,0.935414052011024,0.9375462953168258,0.9475617306765521,0.9510958352939938,0.9391888345176734,0.9432368433025858,1.0,0.9433010633519701
4,11,1.9982775793075562,0.28046850269072493,3159,2.215721035003662,0.2563291139240506,632,2.2126180039176457,0.2643,0.9637010991981582,0.0831007933975295,,,0.8753543112844152,,0.8754105395190704,0.12458946048092956,0.9879538089834857,0.14481866891232373,10,0.025,0.15,0.8427038013211036,0.8951132878976742,0.9220500499618023,0.9293326690607708,0.9326133210840085,0.9343821235544332,0.9416314101891177,0.9423146384640994,0.9386440575924788,0.9395386929922155,0.9433010633519701,1.0
5,0,1.8489010539319781,0.3321986851716581,6845,2.1781681667674673,0.2943754565376187,1369,2.178906962841372,0.2835,0.9298213540155177,0.07963576951839531,,,0.6,,0.6000148536911423,0.39998514630885773,0.9867235050286669,0.14378719565702341,10,0.025,0.15,1.0,0.9323548855568878,0.925816636062471,0.9112524047650601,0.9068784869994932,0.8820073243399682,0.881461023665324,0.8823960459008341,0.8647286865985728,0.8467325203435451,0.8679240388791211,0.8536387925769074
5,1,1.893263583959535,0.318912011683096,5478,2.1822530693478055,0.28193430656934304,1096,2.176997214932985,0.2841,0.9592099227176708,0.08289150920366813,,,0.8553076933146941,,0.8553415523757654,0.14465844762423463,0.9904897055888943,0.144494372478165,10,0.025,0.15,0.9323548855568878,1.0,0.9426617410102411,0.9328752840848781,0.9349367034576214,0.9170377137563096,0.9195493532611358,0.9197333925873811,0.8998766966582924,0.8897744877210522,0.9052307354858747,0.896378090077627
5,2,1.886612829095439,0.31529045643153525,4820,2.176876962184906,0.279045643153527,964,2.176915660689149,0.2841,0.9704153767924986,0.08396193874988286,,,0.939248341130055,,0.9392896634813751,0.0607103365186249,0.9907515852269778,0.14451865490752214,10,0.025,0.15,0.925816636062471,0.9426617410102411,1.0,0.9430090035191551,0.9452564191472977,0.9277173490286956,0.9322124844159345,0.9335382781400369,0.9195522916472901,0.9074731355269294,0.9241871728119202,0.9169279430096667
5,3,1.9163102398599896,0.306854289605084,4406,2.1773764746529713,0.264472190692395,881,2.1768817871431763,0.284,0.9722070278748937,0.08432588866199979,,,0.9677884645818695,,0.9678252545757621,0.03217474542423793,0.9907759401062087,0.14451987444005487,10,0.025,0.15,0.9112524047650601,0.9328752840848781,0.9430090035191551,1.0,0.9447312079279789,0.9330107997106828,0.9342050910332509,0.938783146135818,0.9285405445357966,0.9184506890993317,0.9290563080905642,0.9239806086116671
5,4,1.9084872816548204,0.3140807392996109,4112,2.1769096851348877,0.30170316301703165,822,2.176901364628273,0.2842,0.9749547925429419,0.08435409064556482,,,0.9699999999215823,,0.9700285520951957,0.029971447904804327,0.9907744637029307,0.1445199078285701,10,0.025,0.15,0.9068784869994932,0.9349367034576214,0.9452564191472977,0.9447312079279789,1.0,0.9362005715042704,0.9448587049480093,0.9408025181293308,0.9361457641186606,0.9218130115521644,0.9295509480701973,0.9282025388148425
5,5,1.9312840942413576,0.30480843404474156,3889,2.178126641682216,0.2994858611825193,778,2.1769005558158776,0.2842,0.9655518475152881,0.08386520661685502,,,0.9316628275017814,,0.9316977768975591,0.06830222310244094,0.9907302835153717,0.14451763170377352,10,0.025,0.15,0.8820073243399682,0.9170377137563096,0.9277173490286956,0.9330107997106828,0.9362005715042704,1.0,0.9384694170074407,0.9354154372888736,0.9221397887328757,0.9169494190708405,0.9260754229360795,0.9248827433886109
5,6,1.940357401042149,0.31056319051468606,3711,2.173218329747518,0.29110512129380056,742,2.1768940762628484,0.2841,0.9711587808565441,0.0841344951907116,,,0.9527798243361171,,0.9528312785727253,0.047168721427274685,0.9907633803181992,0.14451942834848103,10,0.025,0.15,0.881461023665324,0.9195493532611358,0.9322124844159345,0.9342050910332509,0.9448587049480093,0.9384694170074407,1.0,0.9442711594817979,0.9283343046458773,0.9287387028828904,0.9365656111504164,0.935777362209884
5,7,1.934875630055155,0.2975589225589226,3564,2.177200754483541,0.2861150070126227,713,2.1769056561626967,0.284,0.9730382055319714,0.08419207517776436,,,0.9572951158202698,,0.9573368982192074,0.04266310178079258,0.9907626284068316,0.14451958733108264,10,0.025,0.15,0.8823960459008341,0.9197333925873811,0.9335382781400369,0.938783146135818,0.9408025181293308,0.9354154372888736,0.9442711594817979,1.0,0.9436093949774562,0.9313212094034037,0.9421459680123079,0.9342291792633498
5,8,1.9230925184709053,0.3096192967160709,3441,2.1790353854497275,0.2543604651162791,688,2.1770036522346206,0.2841,0.9625160301967064,0.08325764737847176,,,0.8840194153440721,,0.8840586885841132,0.11594131141588682,0.9905830873294784,0.14450657248922125,10,0.025,0.15,0.8647286865985728,0.8998766966582924,0.9195522916472901,0.9285405445357966,0.9361457641186606,0.9221397887328757,0.9283343046458773,0.9436093949774562,1.0,0.9183846501189159,0.9325087310931477,0.9309407428192195
5,9,1.927597916567767,0.30785842831433713,3334,2.1755308707555137,0.2893553223388306,667,2.1770697092708153,0.2846,0.9547063907564922,0.0828356694515387,,,0.8509288670909894,,0.8509762175900711,0.14902378240992886,0.9905070499518287,0.14449215280699002,10,0.025,0.15,0.8467325203435451,0.8897744877210522,0.9074731355269294,0.9184506890993317,0.9218130115521644,0.9169494190708405,0.9287387028828904,0.9313212094034037,0.9183846501189159,1.0,0.9303214031522028,0.9243667276460956
5,10,1.9630703032016754,0.28969453872261647,3241,2.17814310391744,0.26851851851851855,648,2.177024940901165,0.2841,0.9652086168910732,0.0834464368591202,,,0.898823856572731,,0.8988628674225545,0.1011371325774455,0.9906192985165214,0.14451094070437498,10,0.025,0.15,0.8679240388791211,0.9052307354858747,0.9241871728119202,0.9290563080905642,0.9295509480701973,0.9260754229360795,0.9365656111504164,0.9421459680123079,0.9325087310931477,0.9303214031522028,1.0,0.9323743446591842
5,11,1.9538982205390931,0.2976891421335866,3159,2.180780553817749,0.28322784810126583,632,2.1770315592802025,0.284,0.9605431415277889,0.08309927254602771,,,0.871600021578258,,0.8716311003284316,0.1283688996715684,0.9905364781331344,0.14450170812988794,10,0.025,0.15,0.8536387925769074,0.896378090077627,0.9169279430096667,0.9239806086116671,0.9282025388148425,0.9248827433886109,0.935777362209884,0.9342291792633498,0.9309407428192195,0.9243667276460956,0.9323743446591842,1.0
6,0,1.814188634024726,0.3425420014609204,6845,2.1396132599223745,0.30533235938641345,1369,2.1402983816364145,0.2962,0.9330152047912132,0.08011294296721809,,,0.6,,0.6000148536911423,0.39998514630885773,0.9892841223303056,0.14346974807091958,10,0.025,0.15,1.0,0.9291805305260268,0.9240180476326885,0.9126012544168175,0.9064952135122533,0.8819597314427745,0.8823315566163505,0.8848218602615652,0.8681923358020752,0.8512339517022716,0.8700624457835384,0.8555304830253763
6,1,1.8570855517720066,0.33203723986856515,5478,2.145069228278266,0.3001824817518248,1096,2.1375651782072045,0.2986,0.9596030816468786,0.08300970062951613,,,0.8576696072740805,,0.8577181429585252,0.14228185704147478,0.991908455918427,0.1441626670822109,10,0.025,0.15,0.9291805305260268,1.0,0.9392378371428283,0.9289028304759994,0.9317662428210809,0.9161897088221373,0.9161748570020992,0.9188136157451798,0.9017805291395965,0.8886553729484484,0.9017889751058492,0.8966716310405012
6,2,1.8493164294644406,0.32890041493775934,4820,2.1357230246067047,0.29771784232365145,964,2.137443626983256,0.2986,0.9684109645050725,0.08396427334482735,,,0.9425798432493155,,0.9426399960390157,0.057360003960984285,0.9921309981224165,0.1441848761456028,10,0.025,0.15,0.9240180476326885,0.9392378371428283,1.0,0.938735442958077,0.9384973615412476,0.9230872340169795,0.9292781819988482,0.9294493564750717,0.9164132430274816,0.8971390671476095,0.9188925511614975,0.9146140001139809
6,3,1.879373241833278,0.32019972764412163,4406,2.137421335492815,0.2792281498297389,881,2.1373950559881667,0.2985,0.9700331473346563,0.08424387931342438,,,0.9674510850026659,,0.9674869204997442,0.03251307950025584,0.9921331147353477,0.1441857215876258,10,0.025,0.15,0.9126012544168175,0.9289028304759994,0.938735442958077,1.0,0.9363638625816038,0.9281782155503264,0.9298233417163929,0.9334106922099822,0.9271933763815768,0.9095574686476279,0.9227839368163965,0.9197352742577753
6,4,1.8701594323822945,0.32757782101167315,4112,2.1378374780927385,0.31143552311435524,822,2.137422087826306,0.2985,0.9703722428728258,0.084272534570323,,,0.9699999999110489,,0.9700285520951957,0.029971447904804327,0.9921355991449624,0.14418575605123385,10,0.025,0.15,0.9064952135122533,0.9317662428210809,0.9384973615412476,0.9363638625816038,1.0,0.9293484738921644,0.9367246873440428,0.9322388838360306,0.9285380349348493,0.9110193049161182,0.9203219338467996,0.9195586863487993
6,5,1.897900253342044,0.313088197480072,3889,2.140308380126953,0.3059125964010283,778,2.137413021884387,0.2985,0.9633339353784585,0.08373779963647919,,,0.9224347713133768,,0.9224719842880956,0.07752801571190437,0.9921217342493613,0.14418200272112786,10,0.025,0.15,0.8819597314427745,0.9161897088221373,0.9230872340169795,0.9281782155503264,0.9293484738921644,1.0,0.9327673089469607,0.9302417951541023,0.9150809744702585,0.9111718784184116,0.9227019107853389,0.9184574637720819
6,6,1.9003998341231512,0.32139585017515493,3711,2.133196751276652,0.3059299191374663,742,2.137414886981626,0.2984,0.9685755907607543,0.08407704279787265,,,0.9526108034006879,,0.9526662375600337,0.04733376243996634,0.9921234432702561,0.144185369565474,10,0.025,0.15,0.8823315566163505,0.9161748570020992,0.9292781819988482,0.9298233417163929,0.9367246873440428,0.9327673089469607,1.0,0.93932230800819,0.923000453412114,0.9168902129821406,0.9325335998474001,0.9304105106190194
6,7,1.897064243044172,0.31184062850729516,3564,2.1388797760009766,0.3015427769985975,713,2.1374327985546255,0.2986,0.9702238167640731,0.08416685508791778,,,0.9605997000231126,,0.960629466422406,0.039370533577594014,0.9921285821004178,0.14418559748459606,10,0.025,0.15,0.8848218602615652,0.9188136157451798,0.9294493564750717,0.9334106922099822,0.9322388838360306,0.9302417951541023,0.93932230800819,1.0,0.9372034931569652,0.9198478517801629,0.9362107494744446,0.926833620145498
6,8,1.8851421395937602,0.323539668700959,3441,2.1413381497065225,0.26744186046511625,688,2.1375485190862342,0.2989,0.9607153000492317,0.08327396627051499,,,0.8811763109305374,,0.8812282352164513,0.11877176478354867,0.9920333106960652,0.1441730205764828,10,0.025,0.15,0.8681923358020752,0.9017805291395965,0.9164132430274816,0.9271933763815768,0.9285380349348493,0.9150809744702585,0.923000453412114,0.9372034931569652,1.0,0.9116838089174529,0.9264398824229544,0.9234910755633324
6,9,1.9032111874333135,0.31730653869226155,3334,2.1355690161387124,0.3118440779610195,667,2.137666898437693,0.2987,0.9492252610589875,0.08263506511254798,,,0.8243453883432071,,0.8243963624960803,0.17560363750391972,0.9917461419785897,0.14414190514518432,10,0.025,0.15,0.8512339517022716,0.8886553729484484,0.8971390671476095,0.9095574686476279,0.9110193049161182,0.9111718784184116,0.9168902129821406,0.9198478517801629,0.9116838089174529,1.0,0.915838900332516,0.9138884436727125
