round,client_id,client_i_training_loss,client_i_training_accuracy,client_i_training_dataset_size,client_i_evaluation_loss,client_i_evaluation_accuracy,client_i_evaluation_dataset_size,client_i_central_evaluation_loss,client_i_central_evaluation_accuracy,client_i_cosine_similarity,client_i_importance_coefficient,client_i_tanh_val,tanh_normalization_value,client_i_q,client_i_mask_order,client_i_v_nonzero_fraction,client_i_v_sparsity,client_i_v_cosine_similarity,client_i_reward_gradient_norm,local_epochs,learning_rate,gamma,client_0_cosine_similarity,client_1_cosine_similarity,client_2_cosine_similarity,client_3_cosine_similarity,client_4_cosine_similarity,client_5_cosine_similarity,client_6_cosine_similarity,client_7_cosine_similarity,client_8_cosine_similarity,client_9_cosine_similarity,client_10_cosine_similarity,client_11_cosine_similarity
0,0,0.27406476674427493,0.9139517896274653,8214,2.195241978002149,0.38641344046749454,1369,2.1994372564382827,0.3792,0.7967985314060287,0.08505541988972767,,,0.9466172027552737,,0.9466342051101853,0.053365794889814744,0,0.3914129359696363,5,0.1,0.5,1.0,0.5645528542315122,0.5549906238757767,0.574564104505214,0.5728768264890013,0.5774229441190623,0.5677852911260071,0.5810406396874886,0.5716305917061735,0.5108647485141932,0.5623987452060345,0.5608200231553105
0,1,0.3047739632581406,0.9045025859446304,6574,2.2043064798627583,0.36313868613138683,1096,2.199441107698142,0.3793,0.7923740699516951,0.08458312430690298,,,0.9243231793244451,,0.9243311078761106,0.07566889212388939,0,0.39140729597402657,5,0.1,0.5,0.5645528542315122,1.0,0.5667856992347053,0.5853578427194881,0.5850692905577631,0.592363995066287,0.581968553576644,0.5954493756640368,0.5668027184134616,0.5179103764018824,0.5758939760809928,0.5781287238735319
0,2,0.3322925773294879,0.8969047207331835,5783,2.1932448187182025,0.3879668049792531,964,2.199468174681496,0.3789,0.7820981802601724,0.08348620949342976,,,0.8725449170613562,,0.872561618392651,0.127438381607349,0,0.3913710924050492,5,0.1,0.5,0.5549906238757767,0.5667856992347053,1.0,0.582341288609086,0.5639757433811976,0.5841965020428231,0.5769750887385929,0.5994293392418397,0.5778107612091632,0.5262875596859563,0.5860236551870283,0.5737954234885246
0,3,0.33003367076863543,0.8955173066010971,5287,2.204699380057199,0.37911464245175935,881,2.1994413118392897,0.3793,0.7907500955298835,0.08440977079168802,,,0.9161402797366385,,0.9161588273681041,0.08384117263189594,0,0.39140409063411813,5,0.1,0.5,0.574564104505214,0.5853578427194881,0.582341288609086,1.0,0.5856586024765714,0.5812045804357244,0.5856653486270863,0.6068429964270492,0.5917379216096076,0.5325100181516015,0.5899667652691877,0.5921242092334972
0,4,0.3288054870309368,0.8964539007092198,4935,2.203102368574876,0.3613138686131387,822,2.1994680969859846,0.3787,0.7839365526651559,0.08368244923366076,,,0.8818081274869207,,0.8818232016465037,0.11817679835349626,0,0.39138063547173596,5,0.1,0.5,0.5728768264890013,0.5850692905577631,0.5639757433811976,0.5856586024765714,1.0,0.582907840807708,0.5861217839007328,0.6015835546481078,0.5841907453035229,0.5313474888908262,0.5926787664014779,0.5883154351087876
0,5,0.34181193247794694,0.8959074351832012,4667,2.194499969482422,0.3791773778920309,778,2.1994402682819305,0.3793,0.7900552228393484,0.0843355955941521,,,0.9126389478335073,,0.9126549871994378,0.08734501280056217,0,0.3914025286723337,5,0.1,0.5,0.5774229441190623,0.592363995066287,0.5841965020428231,0.5812045804357244,0.582907840807708,1.0,0.6016383607486893,0.6079637410605045,0.5997266827422248,0.5374966003056424,0.5895765894594407,0.6008237053084293
0,6,0.3570870148337313,0.8888389849539636,4453,2.196497688690821,0.37735849056603776,742,2.199474362900463,0.3788,0.7828339341680414,0.08356474861605952,,,0.8762522416771668,,0.8762712715225139,0.12372872847748606,0,0.39137508493006934,5,0.1,0.5,0.5677852911260071,0.581968553576644,0.5769750887385929,0.5856653486270863,0.5861217839007328,0.6016383607486893,1.0,0.6074695712841843,0.592761729659523,0.5374804424242162,0.590209918684453,0.5808711525729934
0,7,0.3693273557238837,0.8849193359831657,4277,2.1978595567786177,0.39270687237026647,713,2.199434617837778,0.3792,0.7974698797543744,0.0851270839470899,,,0.9499999999527964,,0.9500025099141609,0.04999749008583909,0,0.39141340891793236,5,0.1,0.5,0.5810406396874886,0.5954493756640368,0.5994293392418397,0.6068429964270492,0.6015835546481078,0.6079637410605045,0.6074695712841843,1.0,0.6011197682638729,0.543069717067455,0.6030883757180577,0.6084180449690976
0,8,0.36660804116749207,0.883458464519254,4129,2.1998438184911553,0.3691860465116279,688,2.1994852867370214,0.3789,0.780260445694166,0.08329003784024948,,,0.8632849205856132,,0.8633000351387983,0.13669996486120173,0,0.39135953527357387,5,0.1,0.5,0.5716305917061735,0.5668027184134616,0.5778107612091632,0.5917379216096076,0.5841907453035229,0.5997266827422248,0.592761729659523,0.6011197682638729,1.0,0.5653398051969148,0.5838782724333685,0.5811384334463763
0,9,0.37125443828251536,0.8824293926518371,4001,2.207108883630662,0.36881559220389803,667,2.2009613696759502,0.3768,0.7180860670022391,0.07665314322061066,,,0.55,,0.5500125495708047,0.4499874504291953,0,0.3883549779270399,5,0.1,0.5,0.5108647485141932,0.5179103764018824,0.5262875596859563,0.5325100181516015,0.5313474888908262,0.5374966003056424,0.5374804424242162,0.543069717067455,0.5653398051969148,1.0,0.5342869242335696,0.5298270007928902
0,10,0.3829502525907315,0.8818205194137311,3889,2.195321003595988,0.4012345679012346,648,2.199500215701021,0.3791,0.7778685719085905,0.08303471378889064,,,0.8512327215169616,,0.8512524471663069,0.14874755283369312,0,0.3913416361237725,5,0.1,0.5,0.5623987452060345,0.5758939760809928,0.5860236551870283,0.5899667652691877,0.5926787664014779,0.5895765894594407,0.590209918684453,0.6030883757180577,0.5838782724333685,0.5342869242335696,1.0,0.6070220578340192
0,11,0.4046635822056472,0.8721709311527301,3791,2.2015625119209288,0.37658227848101267,632,2.1995177977382183,0.3788,0.7754608993785305,0.0827777032775386,,,0.8391009155665794,,0.8391195221123438,0.16088047788765625,0,0.3913201943378857,5,0.1,0.5,0.5608200231553105,0.5781287238735319,0.5737954234885246,0.5921242092334972,0.5883154351087876,0.6008237053084293,0.5808711525729934,0.6084180449690976,0.5811384334463763,0.5298270007928902,0.6070220578340192,1.0
1,0,0.24354846501280825,0.9247869491112735,8214,2.0334113392719004,0.6756756756756757,1369,2.040486507903273,0.6615,0.7966084292136634,0.08390509397247332,,,0.8870876073172379,,0.8871040610411124,0.11289593895888761,0.9562646706370299,0.4064103848613264,5,0.1,0.5,1.0,0.6048982087863074,0.6072419076031575,0.628908932195882,0.6094240349798963,0.6210718367376951,0.6029557427613372,0.6282331138323691,0.6144891574690238,0.6100656125880486,0.62054239514302,0.6141317756634912
1,1,0.2732519736314572,0.9173106175844234,6574,2.0465534925460815,0.6341240875912408,1096,2.0404911182178096,0.6615,0.805935992233456,0.08391740318075598,,,0.8879087440569645,,0.8879222930575774,0.11207770694242258,0.9562532828924895,0.40641100731059004,5,0.1,0.5,0.6048982087863074,1.0,0.6237100336293203,0.619221998194752,0.6307230400888716,0.6262238637572572,0.6165852194706849,0.633995720636061,0.6217381416073783,0.6156345219001517,0.6301863051616889,0.6326618956985612
1,2,0.2941539996319054,0.9102196091993775,5783,2.0307838686050905,0.6846473029045643,964,2.0406035040133297,0.6615,0.8092045457845697,0.08330627317620146,,,0.8471407849839154,,0.8471562672556598,0.15284373274434015,0.9560348268328877,0.406356315256334,5,0.1,0.5,0.6072419076031575,0.6237100336293203,1.0,0.6302755399099372,0.6318815485305742,0.6382476669134955,0.6245429788200629,0.632299724577224,0.6112020253497381,0.6332224319861826,0.6285759477458155,0.6322856363428173
1,3,0.2878680530223008,0.9091356156610554,5287,2.0460154712200165,0.6640181611804767,881,2.0404852000288307,0.6618,0.81408772948067,0.08408635049423185,,,0.899179074608492,,0.8991918076401787,0.1008081923598213,0.9562728752231453,0.40642047720540203,5,0.1,0.5,0.628908932195882,0.619221998194752,0.6302755399099372,1.0,0.6315653565734968,0.6339147423805287,0.6253667218235305,0.6383526805888452,0.6347985482452345,0.633248463575292,0.6302353907640469,0.6306831300154855
1,4,0.28728876260740144,0.9118946301925025,4935,2.0471087923416724,0.6435523114355232,822,2.040548806754164,0.661,0.8175677387488511,0.08372678773810545,,,0.8751929511704204,,0.8752120877465991,0.12478791225340091,0.9561619298366067,0.4063981006375425,5,0.1,0.5,0.6094240349798963,0.6307230400888716,0.6318815485305742,0.6315653565734968,1.0,0.6467175041358313,0.6256577531045068,0.6430629031880108,0.6364868248971088,0.6318488785570465,0.6451224562895056,0.641226422937164
1,5,0.31119970038584244,0.9061067066638098,4667,2.0328452730178834,0.6850899742930592,778,2.0404774453312444,0.6619,0.8214506352001771,0.08429339796196103,,,0.9129910338113696,,0.9130013553536469,0.0869986446463531,0.9562769287550001,0.4064293185266848,5,0.1,0.5,0.6210718367376951,0.6262238637572572,0.6382476669134955,0.6339147423805287,0.6467175041358313,1.0,0.6328497025437548,0.6500662481970975,0.6323557975978092,0.6396211920628091,0.6466979952715112,0.6412984749081517
1,6,0.31536748118432506,0.9016393442622951,4453,2.0377389589945474,0.6725067385444744,742,2.040616126106189,0.6613,0.8078440569837448,0.08331085520172572,,,0.8474464479814001,,0.8474574569549721,0.1525425430450279,0.9560437490428606,0.4063565982334198,5,0.1,0.5,0.6029557427613372,0.6165852194706849,0.6245429788200629,0.6253667218235305,0.6256577531045068,0.6328497025437548,1.0,0.6314143630040906,0.62410254131567,0.6337244496743523,0.6268329375658986,0.6362642081975016
1,7,0.3239186647723415,0.8999766191255553,4277,2.038742055063662,0.6591865357643759,713,2.040446516804802,0.6618,0.8223648890072728,0.084848178975014,,,0.9499999999332909,,0.9500025099141609,0.04999749008583909,0.9563351425310836,0.4064404694555721,5,0.1,0.5,0.6282331138323691,0.633995720636061,0.632299724577224,0.6383526805888452,0.6430629031880108,0.6500662481970975,0.6314143630040906,1.0,0.6354918894240442,0.6348708586775562,0.6438208539232714,0.6423772910344729
1,8,0.32808283920981923,0.9002179704528942,4129,2.0404844825918023,0.6424418604651163,688,2.040623421867054,0.6614,0.8107419706795215,0.08323011726055037,,,0.842060489090577,,0.8420812208222479,0.1579187791777521,0.9559880381932636,0.40634667232645394,5,0.1,0.5,0.6144891574690238,0.6217381416073783,0.6112020253497381,0.6347985482452345,0.6364868248971088,0.6323557975978092,0.62410254131567,0.6354918894240442,1.0,0.629045656869013,0.6357293038883771,0.6334619041291846
1,9,0.32282747724509264,0.9010247438140465,4001,2.0536898715155467,0.6356821589205397,667,2.0450861880573603,0.6575,0.8109517335393088,0.07885199944238086,,,0.55,,0.5500125495708047,0.4499874504291953,0.9491601597494487,0.4029810371094044,5,0.1,0.5,0.6100656125880486,0.6156345219001517,0.6332224319861826,0.633248463575292,0.6318488785570465,0.6396211920628091,0.6337244496743523,0.6348708586775562,0.629045656869013,1.0,0.6415503582546278,0.6377903424192035
1,10,0.33564543688639265,0.8961172537927488,3889,2.03801273164295,0.6759259259259259,648,2.0406418280860485,0.6613,0.8193587487013361,0.08336107421406107,,,0.8507965152736592,,0.8508107022739823,0.14918929772601774,0.9560123839319701,0.4063628396877956,5,0.1,0.5,0.62054239514302,0.6301863051616889,0.6285759477458155,0.6302353907640469,0.6451224562895056,0.6466979952715112,0.6268329375658986,0.6438208539232714,0.6357293038883771,0.6415503582546278,1.0,0.6452380262918552
1,11,0.3480066999808705,0.889738855183329,3791,2.0461421251296996,0.6455696202531646,632,2.0406614648648342,0.6613,0.8185311077248101,0.08316246838253893,,,0.8375476903905393,,0.8375633753325636,0.16243662466743636,0.9558871669609827,0.40633751043751987,5,0.1,0.5,0.6141317756634912,0.6326618956985612,0.6322856363428173,0.6306831300154855,0.641226422937164,0.6412984749081517,0.6362642081975016,0.6423772910344729,0.6334619041291846,0.6377903424192035,0.6452380262918552,1.0
2,0,0.22543116540318275,0.9315802288775262,8214,1.8331436029700345,0.845872899926954,1369,1.8434365054669852,0.8332,0.8017223140399317,0.08371015879619365,,,0.8963478463865131,,0.8963606244666432,0.10363937553335678,0.9679100613058,0.40113682754679053,5,0.1,0.5,1.0,0.6284630202449156,0.6185584954573796,0.6255728107266024,0.6158996180644822,0.6172430819316352,0.6139957559966941,0.6223405767263814,0.6202934515176907,0.5092936769053334,0.6124650272334687,0.6261044783458233
2,1,0.250549587705037,0.9258898691816246,6574,1.8504049505506244,0.8257299270072993,1096,1.8434390675145598,0.8332,0.8075377195647745,0.08392151243909039,,,0.9067256893107865,,0.9067466492645951,0.09325335073540486,0.9679158741177027,0.4011437173843843,5,0.1,0.5,0.6284630202449156,1.0,0.6230920831540542,0.6259208187404439,0.6315755378288973,0.621547644659216,0.617774362744702,0.6242297529697957,0.6280350532454443,0.5132743068412158,0.6188805220762165,0.6334499589868513
2,2,0.26909161215617183,0.9182085422790939,5783,1.8289272977459816,0.8547717842323651,964,1.843599346879953,0.8333,0.8040009940131629,0.08339225506032463,,,0.8807382028020873,,0.8807539782139451,0.11924602178605492,0.9677833645546003,0.40112331056345873,5,0.1,0.5,0.6185584954573796,0.6230920831540542,1.0,0.6283961451353179,0.6283537228362442,0.6219288652340496,0.6165553555413283,0.6192808224327505,0.6223011803377176,0.516733635392136,0.6156252674771215,0.624437993744472
2,3,0.25676300292329707,0.9220730092680159,5287,1.8480380007198878,0.8320090805902384,881,1.8434067271387995,0.8333,0.8155997073402494,0.08431534034397838,,,0.9260633457623468,,0.9260830279604437,0.07391697203955627,0.9679537048006293,0.40115287787354187,5,0.1,0.5,0.6255728107266024,0.6259208187404439,0.6283961451353179,1.0,0.6316241521287416,0.6363124138406742,0.6257995962896454,0.6384527484043455,0.6454352265273227,0.527995035901772,0.6217169905611257,0.63629138617065
2,4,0.25415859517070555,0.9221884498480243,4935,1.8534491383112395,0.8260340632603407,822,1.8435030520533602,0.8333,0.816811027099185,0.08411897215961035,,,0.9164213157279195,,0.9164349179258069,0.08356508207419311,0.9679013601252083,0.40114878639019036,5,0.1,0.5,0.6158996180644822,0.6315755378288973,0.6283537228362442,0.6316241521287416,1.0,0.6398500899808446,0.6317297698929273,0.6412953295458674,0.6441796022813744,0.5239419869813037,0.628633224048839,0.6394066452043309
2,5,0.2732791302406727,0.9195200342832655,4667,1.8340416145324707,0.8444730077120822,778,1.8433974349079802,0.8334,0.8142526327999282,0.08440572057760157,,,0.9305011773281782,,0.9305255760253,0.06947442397470005,0.9679807534004119,0.40115437809316346,5,0.1,0.5,0.6172430819316352,0.621547644659216,0.6219288652340496,0.6363124138406742,0.6398500899808446,1.0,0.6326192861183468,0.6331664798111654,0.6348415723035873,0.5234104737564954,0.6306569836626164,0.6379529498250068
2,6,0.2823831001196855,0.9122838535818549,4453,1.8413425584634144,0.8450134770889488,742,1.8435963655051333,0.8336,0.8078390378179433,0.08352939280259306,,,0.8874719119009478,,0.8874805481652528,0.11251945183474721,0.9677894541591324,0.40112966507208603,5,0.1,0.5,0.6139957559966941,0.617774362744702,0.6165553555413283,0.6257995962896454,0.6317297698929273,0.6326192861183468,1.0,0.6258146563796242,0.6315198696297175,0.5219614169224133,0.6233045640583723,0.6312581764581282
2,7,0.2927065787628404,0.9100303951367781,4277,1.84199581457221,0.8260869565217391,713,1.8433512255025748,0.8336,0.8150777246012225,0.08480283076934192,,,0.9499999999508981,,0.9500025099141609,0.04999749008583909,0.9680173756584729,0.4011587142392418,5,0.1,0.5,0.6223405767263814,0.6242297529697957,0.6192808224327505,0.6384527484043455,0.6412953295458674,0.6331664798111654,0.6258146563796242,1.0,0.6354074452052912,0.5219154386456256,0.6355895678973573,0.6373735754378759
2,8,0.2884034605787243,0.9162993460886413,4129,1.8435846729712053,0.8226744186046512,688,1.843596038726953,0.8335,0.8170188088997083,0.08379652492881537,,,0.9005885783939718,,0.9006124190552683,0.09938758094473166,0.9677841144779089,0.4011398955500085,5,0.1,0.5,0.6202934515176907,0.6280350532454443,0.6223011803377176,0.6454352265273227,0.6441796022813744,0.6348415723035873,0.6315198696297175,0.6354074452052912,1.0,0.521895356212053,0.632120773255484,0.6445131789929898
2,9,0.34414185346755577,0.9019245188702825,4001,1.8640855777831304,0.800599700149925,667,1.852735328217284,0.8314,0.6958437542814981,0.0766564888209026,,,0.55,,0.5500125495708047,0.4499874504291953,0.9615202876056247,0.3974754005637129,5,0.1,0.5,0.5092936769053334,0.5132743068412158,0.516733635392136,0.527995035901772,0.5239419869813037,0.5234104737564954,0.5219614169224133,0.5219154386456256,0.521895356212053,1.0,0.5175403608060476,0.5273174044570097
2,10,0.29690305728037825,0.9119568012342505,3889,1.8426299889882405,0.8364197530864198,648,1.843629263841306,0.8336,0.807723671657146,0.08355869916307099,,,0.8889109067607179,,0.8889212388936298,0.11107876110637016,0.967811820283522,0.40113094904382424,5,0.1,0.5,0.6124650272334687,0.6188805220762165,0.6156252674771215,0.6217169905611257,0.628633224048839,0.6306569836626164,0.6233045640583723,0.6355895678973573,0.632120773255484,0.5175403608060476,1.0,0.6341295628849107
2,11,0.31610890844476824,0.904299657082564,3791,1.852385675907135,0.8227848101265823,632,1.8436420260907742,0.8337,0.8181776074670769,0.08379210413847707,,,0.9003715096597723,,0.9003915466091059,0.09960845339089408,0.9677637231486312,0.4011396615000524,5,0.1,0.5,0.6261044783458233,0.6334499589868513,0.624437993744472,0.63629138617065,0.6394066452043309,0.6379529498250068,0.6312581764581282,0.6373735754378759,0.6445131789929898,0.5273174044570097,0.6341295628849107,1.0
3,0,0.20842503036031723,0.9371073776479182,8214,1.6119340630464776,0.9043097151205259,1369,1.624980583739357,0.8962,0.7911180585012166,0.08362087829886745,,,0.8988040553166528,,0.8988153205160383,0.1011846794839617,0.9670914901400025,0.3955745944533621,5,0.1,0.5,1.0,0.6034658388244992,0.6103339776530567,0.6087045229142558,0.6010405308909565,0.6062746133048771,0.6043891362567783,0.6103266905556164,0.5893539602646362,0.4528966147511019,0.6068224545329367,0.6036004856625294
3,1,0.23383508533944639,0.9296318831761484,6574,1.6324740784508842,0.8914233576642335,1096,1.6249895309106992,0.8962,0.7995968688724524,0.08405957441874484,,,0.914059319183913,,0.9140755986145274,0.08592440138547264,0.9671100484737495,0.39558528144504107,5,0.1,0.5,0.6034658388244992,1.0,0.6119146141215798,0.6127961994496948,0.6211323811268866,0.6209500638206643,0.6138590999705873,0.6151605863572288,0.5962448778921932,0.45967991299476896,0.6083169259394327,0.6130976481206377
3,2,0.2442698991291472,0.9256441293446308,5783,1.605162578244363,0.9107883817427386,964,1.625170890896465,0.8962,0.8016293975523038,0.08377786572843803,,,0.9042631522938755,,0.9042768937302345,0.09572310626976555,0.9670517570075418,0.3955788715065572,5,0.1,0.5,0.6103339776530567,0.6119146141215798,1.0,0.616404282799134,0.6154221214125264,0.6242501274325919,0.6106329635604236,0.6156994665608808,0.5952837780974117,0.46523611311978746,0.6171783267946769,0.6163692360014256
3,3,0.23803445857399738,0.9281255910724419,5287,1.6291308275290899,0.8921679909194098,881,1.6249493021553698,0.8961,0.8049495969803542,0.08451024090558748,,,0.9297308418197574,,0.929742482807088,0.07025751719291196,0.967148925946392,0.39559260220634995,5,0.1,0.5,0.6087045229142558,0.6127961994496948,0.616404282799134,1.0,0.6118837441684201,0.6236685813157015,0.6163004898488122,0.6258324638040959,0.6030562890192338,0.4759634856130607,0.6127846746771654,0.6192667255515177
3,4,0.23717146361787472,0.9277811550151975,4935,1.6390574803719153,0.8917274939172749,822,1.6250661025032067,0.8962,0.808440244443639,0.084501802032262,,,0.9294373875732085,,0.9294463129360976,0.07055368706390241,0.9671376998795782,0.39559245287614153,5,0.1,0.5,0.6010405308909565,0.6211323811268866,0.6154221214125264,0.6118837441684201,1.0,0.6273881576268582,0.6220587698251161,0.6341385441409693,0.6053062475478792,0.465930706257811,0.6174562758200757,0.6377978075636463
3,5,0.24928481804002842,0.9268052281979858,4667,1.613516173362732,0.910025706940874,778,1.6249151858277977,0.8962,0.8117075255361288,0.08480781247148214,,,0.9400786259724544,,0.9401034084634305,0.059896591536569455,0.9671632559000244,0.3955958956214961,5,0.1,0.5,0.6062746133048771,0.6209500638206643,0.6242501274325919,0.6236685813157015,0.6273881576268582,1.0,0.6219940185269867,0.6340705752067933,0.6027137719035244,0.4737873751834336,0.625511445151881,0.6291886750110381
3,6,0.2557679497197803,0.9210419941612397,4453,1.6244869033495586,0.9002695417789758,742,1.6251616565564189,0.8963,0.8061275843168526,0.08402728777923145,,,0.9129365802700116,,0.9129511570704282,0.08704884292957182,0.967066371564696,0.39558451226691654,5,0.1,0.5,0.6043891362567783,0.6138590999705873,0.6106329635604236,0.6163004898488122,0.6220587698251161,0.6219940185269867,1.0,0.6228780250526139,0.6054541021305031,0.470908861946147,0.6271813379353132,0.6253110472775584
3,7,0.25757613188323025,0.9252747252747253,4277,1.6235084119050398,0.8835904628330996,713,1.6248536349866336,0.8961,0.8122883418719256,0.08509312174652013,,,0.9499999999652258,,0.9500025099141609,0.04999749008583909,0.9671821101186192,0.39559787196617446,5,0.1,0.5,0.6103266905556164,0.6151605863572288,0.6156994665608808,0.6258324638040959,0.6341385441409693,0.6340705752067933,0.6228780250526139,1.0,0.6070388987360987,0.4699444817343349,0.6296550727679835,0.6284217855333626
3,8,0.2772831046137099,0.91780092031969,4129,1.625551771033894,0.8880813953488372,688,1.6251538744368874,0.8964,0.7882694536684313,0.08357847649210717,,,0.8973295705394511,,0.89734451081773,0.10265548918226997,0.9670935622007388,0.3955733639897804,5,0.1,0.5,0.5893539602646362,0.5962448778921932,0.5952837780974117,0.6030562890192338,0.6053062475478792,0.6027137719035244,0.6054541021305031,0.6070388987360987,1.0,0.4459240486834602,0.608312947058751,0.6106363085419099
3,9,0.3896942424646402,0.8999250187453137,4001,1.6519455228533064,0.881559220389805,667,1.6392993763232002,0.8956,0.6394565551873009,0.07359030871997531,,,0.55,,0.5500125495708047,0.4499874504291953,0.9601618144143587,0.39175095966586915,5,0.1,0.5,0.4528966147511019,0.45967991299476896,0.46523611311978746,0.4759634856130607,0.465930706257811,0.4737873751834336,0.470908861946147,0.4699444817343349,0.4459240486834602,1.0,0.462033232967358,0.47164150169949876
3,10,0.2691365474743433,0.9222422216508099,3889,1.6247656856264387,0.9027777777777778,648,1.6251993346899842,0.8963,0.8065954486727089,0.08406326555817843,,,0.9141876752451565,,0.9142010943225741,0.08579890567742587,0.9670703414681374,0.3955853173532195,5,0.1,0.5,0.6068224545329367,0.6083169259394327,0.6171783267946769,0.6127846746771654,0.6174562758200757,0.625511445151881,0.6271813379353132,0.6296550727679835,0.608312947058751,0.462033232967358,1.0,0.6292211108690359
3,11,0.2818757138199353,0.915061988921129,3791,1.637932413816452,0.8892405063291139,632,1.625203348577213,0.8962,0.8108788142317436,0.08436936584860556,,,0.9248320381394899,,0.9248431303649415,0.07515686963505852,0.9671157394606288,0.3955906223788299,5,0.1,0.5,0.6036004856625294,0.6130976481206377,0.6163692360014256,0.6192667255515177,0.6377978075636463,0.6291886750110381,0.6253110472775584,0.6284217855333626,0.6106363085419099,0.47164150169949876,0.6292211108690359,1.0
4,0,0.19698191390695333,0.9391039688336985,8214,1.365156705989394,0.9284149013878744,1369,1.3804061115740207,0.9231,0.7834815561725428,0.08305548676465155,,,0.8679323461326268,,0.8679433763365293,0.1320566236634707,0.9678778003004923,0.39838829498737705,5,0.1,0.5,1.0,0.5935243563901529,0.5922360129032811,0.5997712838924564,0.5886284766482908,0.5975862618298862,0.5841102378802533,0.5953797237767788,0.5796216488660484,0.5854696237967327,0.585650420878112,0.5881668065768476
4,1,0.21284780057816252,0.9349558868268938,6574,1.386986333983285,0.9233576642335767,1096,1.3803604197578307,0.923,0.7957420162177654,0.08377655932738057,,,0.904935206032897,,0.9049445308970433,0.0950554691029567,0.9679980800231837,0.3984313068791477,5,0.1,0.5,0.5935243563901529,1.0,0.597408084912278,0.6055470493378136,0.6069025455482918,0.6060489093462744,0.5995173994114544,0.6019840728122806,0.5872111034130313,0.6079216561269528,0.5949994429480466,0.6057058230251084
4,2,0.22792274660497738,0.9328376275289642,5783,1.3555583146310621,0.9346473029045643,964,1.3805591713506193,0.9232,0.7938511417409697,0.08352296382389084,,,0.8919215935727937,,0.8919331358867527,0.10806686411324729,0.9679452342642789,0.3984196513777476,5,0.1,0.5,0.5922360129032811,0.597408084912278,1.0,0.609722422064133,0.6002078179446342,0.6043767524722405,0.6045758328948769,0.5998075677197251,0.5803544690164163,0.6030684876076173,0.5979575407330728,0.5999058859494242
4,3,0.21289986103256964,0.9356913183279743,5287,1.384486083473478,0.9171396140749148,881,1.3802947110642259,0.9232,0.8071360716595106,0.08447526108779391,,,0.940790076525817,,0.9408061844284925,0.05919381557150749,0.9680612998078869,0.3984492241234757,5,0.1,0.5,0.5997712838924564,0.6055470493378136,0.609722422064133,1.0,0.6138655785818238,0.6161471603793638,0.6076709316119591,0.6140701228568346,0.6016056704024647,0.6193256483505074,0.6055125727660059,0.6206850037307697
4,4,0.2189130915076502,0.9330091185410334,4935,1.3979969345606291,0.9221411192214112,822,1.3804197539917578,0.923,0.8003638127379109,0.08423254492976048,,,0.9283347530875603,,0.9283469705336077,0.07165302946639229,0.968058091699892,0.39844499299807346,5,0.1,0.5,0.5886284766482908,0.6069025455482918,0.6002078179446342,0.6138655785818238,1.0,0.6122401938175365,0.6026344643551448,0.6121653432237133,0.5911094196641953,0.6088923444485437,0.594136811204985,0.6175949086984317
4,5,0.22993495386374527,0.9319905721019928,4667,1.3666050386428834,0.929305912596401,778,1.3802531523445545,0.9231,0.8034109206229755,0.08454278682665074,,,0.9442552554602716,,0.9442698659705838,0.05573013402941618,0.9680703644072641,0.39845007240167724,5,0.1,0.5,0.5975862618298862,0.6060489093462744,0.6043767524722405,0.6161471603793638,0.6122401938175365,1.0,0.6067679181166648,0.610882524234032,0.591348529257903,0.6142591892053298,0.6060791473320615,0.6108770334870497
4,6,0.23326060498898316,0.9287671232876712,4453,1.3813143074512482,0.9231805929919138,742,1.380522361578652,0.9232,0.7980417197536902,0.08383559663815929,,,0.9079647892573175,,0.9079765072034537,0.09202349279654631,0.9679964317867905,0.3984335516269633,5,0.1,0.5,0.5841102378802533,0.5995173994114544,0.6045758328948769,0.6076709316119591,0.6026344643551448,0.6067679181166648,1.0,0.6011472093119127,0.6004902468892491,0.6147083446170386,0.601013198091651,0.6069963898918267
4,7,0.23978341899311809,0.9278466214636427,4277,1.379169199777686,0.9116409537166901,713,1.3801779114781096,0.9231,0.8011875528008583,0.08465473432588856,,,0.9499999999486834,,0.9500025099141609,0.04999749008583909,0.9680742030793698,0.3984512397189787,5,0.1,0.5,0.5953797237767788,0.6019840728122806,0.5998075677197251,0.6140701228568346,0.6121653432237133,0.610882524234032,0.6011472093119127,1.0,0.5934329452594767,0.604232065995624,0.6122021643661942,0.6076682170516545
4,8,0.246340683380734,0.9292806975054493,4129,1.3809536045247859,0.9142441860465116,688,1.3805865772996848,0.9232,0.784643091438918,0.08306794716035613,,,0.8685717689874,,0.8685859143617288,0.13141408563827117,0.9678719786090508,0.3983895887894714,5,0.1,0.5,0.5796216488660484,0.5872111034130313,0.5803544690164163,0.6016056704024647,0.5911094196641953,0.591348529257903,0.6004902468892491,0.5934329452594767,1.0,0.593959274111805,0.5888100697315688,0.5944821886409132
4,9,0.2356878635569407,0.9295176205948513,4001,1.4148018416904269,0.9160419790104948,667,1.4003713412787586,0.9221,0.7971021407601894,0.07685995776450989,,,0.55,,0.5500125495708047,0.4499874504291953,0.9610786709484916,0.3944091390101854,5,0.1,0.5,0.5854696237967327,0.6079216561269528,0.6030684876076173,0.6193256483505074,0.6088923444485437,0.6142591892053298,0.6147083446170386,0.604232065995624,0.593959274111805,1.0,0.6013611847340049,0.6151001213181926
4,10,0.25181529888058785,0.9279506299820005,3889,1.3814480247951688,0.9305555555555556,648,1.3805794643517881,0.9231,0.794622356538431,0.08373981445496152,,,0.9030495908584277,,0.9030671151046634,0.09693288489533658,0.9679933033629218,0.398429975117258,5,0.1,0.5,0.585650420878112,0.5949994429480466,0.5979575407330728,0.6055125727660059,0.594136811204985,0.6060791473320615,0.601013198091651,0.6122021643661942,0.5888100697315688,0.6013611847340049,1.0,0.6075036052452686
4,11,0.257930595089658,0.922658929042469,3791,1.396305465698242,0.9129746835443038,632,1.3805475813893084,0.9231,0.8029886941582187,0.08423634689599636,,,0.9285298563701473,,0.9285477636664826,0.07145223633351738,0.968051503149937,0.3984451337443292,5,0.1,0.5,0.5881668065768476,0.6057058230251084,0.5999058859494242,0.6206850037307697,0.6175949086984317,0.6108770334870497,0.6069963898918267,0.6076682170516545,0.5944821886409132,0.6151001213181926,0.6075036052452686,1.0
5,0,0.185491504348771,0.9425614803993182,8214,1.134422823440197,0.9386413440467495,1369,1.150261689489261,0.9352,0.7695571066578868,0.08352586548155597,,,0.8895545382899035,,0.8895687967471513,0.11043120325284872,0.9647145738184997,0.3799107074398199,5,0.1,0.5,1.0,0.570972447115684,0.570427663812341,0.5759240176773359,0.5683709773078819,0.5718525051275145,0.5604755920512404,0.5686942071928333,0.46315168217333613,0.4301938107660037,0.5638245953268736,0.5639066674428631
5,1,0.19966764553151664,0.9402798904776392,6574,1.154995502744402,0.9406934306569343,1096,1.1501859643588812,0.9351,0.7769100122854825,0.08427492208759352,,,0.9172502998904699,,0.9172682094272376,0.08273179057276236,0.9648868748450669,0.3799353002003304,5,0.1,0.5,0.570972447115684,1.0,0.5743298984387569,0.575629367353645,0.5829773934454431,0.580067463052117,0.5682403919028183,0.5759781768585855,0.46549612422936054,0.43725528776824735,0.5681046618474477,0.5720833199302638
5,2,0.21092978959018108,0.9364689607470171,5783,1.1218691449011526,0.946058091286307,964,1.150372730276455,0.9352,0.7800964007293121,0.08421685964830579,,,0.9151034882029434,,0.9151297625621204,0.08487023743787958,0.9648570800065853,0.3799339134366006,5,0.1,0.5,0.570427663812341,0.5743298984387569,1.0,0.5882946031149411,0.5847800605786141,0.5838262304794674,0.5763492991825995,0.5766895929830982,0.45946040783750414,0.4384806380334339,0.5698726404167043,0.5786616319422142
5,3,0.1983837937069033,0.940192926045016,5287,1.1552047644342696,0.9318955732122588,881,1.1500914793806716,0.9352,0.7877877872787958,0.08513426760156097,,,0.9490239045760488,,0.9490336830480398,0.05096631695196019,0.9649417298998457,0.37994886010207723,5,0.1,0.5,0.5759240176773359,0.575629367353645,0.5882946031149411,1.0,0.5907115296529608,0.5898775388276267,0.5729006540492104,0.5897162491965727,0.4786567813694918,0.4473043524724409,0.572208127876151,0.5857138582948582
5,4,0.1978834910459456,0.9402228976697061,4935,1.1703905371519236,0.9282238442822385,822,1.1502365098593714,0.9352,0.7864692134301554,0.08492327718912719,,,0.9412227048861044,,0.9412378896641734,0.05876211033582657,0.9649280181737139,0.37994661633242854,5,0.1,0.5,0.5683709773078819,0.5829773934454431,0.5847800605786141,0.5907115296529608,1.0,0.5898884726981858,0.5834101275880004,0.5874817113653056,0.4641854234390472,0.443112694892799,0.5745752420864207,0.5861394653498232
5,5,0.21080485211353597,0.9369616455967431,4667,1.1336434268951416,0.9383033419023136,778,1.150047260161025,0.9352,0.7868817398767385,0.08514767884032157,,,0.9495197742719943,,0.9495306460519051,0.05046935394809493,0.9649466334495582,0.37994897525527743,5,0.1,0.5,0.5718525051275145,0.580067463052117,0.5838262304794674,0.5898775388276267,0.5898884726981858,1.0,0.5800409210405792,0.5856457864160244,0.4643443310798977,0.4459203879146854,0.5840644194857769,0.5826403480935618
5,6,0.21545394727527828,0.9335728722209746,4453,1.1519490877787273,0.9366576819407008,742,1.1503410086083337,0.9351,0.7779627841097925,0.08435228812370094,,,0.9201108464429482,,0.9201345313990261,0.07986546860097388,0.9648849093201322,0.3799371291056986,5,0.1,0.5,0.5604755920512404,0.5682403919028183,0.5763492991825995,0.5729006540492104,0.5834101275880004,0.5800409210405792,1.0,0.573504390015034,0.46988548132331226,0.4495151279104187,0.5727564523499405,0.5743026202679797
5,7,0.2179128228728451,0.9344867898059387,4277,1.1493321346200032,0.9270687237026648,713,1.149967007934095,0.9352,0.7851197870387651,0.08516066697299847,,,0.9499999999630258,,0.9500025099141609,0.04999749008583909,0.9649449537039277,0.37994902328572905,5,0.1,0.5,0.5686942071928333,0.5759781768585855,0.5766895929830982,0.5897162491965727,0.5874817113653056,0.5856457864160244,0.573504390015034,1.0,0.47552977369477284,0.4410283269725301,0.5870020731274619,0.5800389962079783
5,8,0.24165182217404854,0.9309275853717607,4129,1.1506558114832097,0.9244186046511628,688,1.150585082201912,0.9353,0.6661619592862722,0.07985558393755243,,,0.7538488495203896,,0.7538577380653582,0.24614226193464184,0.9637332377987519,0.3794197288181834,5,0.1,0.5,0.46315168217333613,0.46549612422936054,0.45946040783750414,0.4786567813694918,0.4641854234390472,0.4643443310798977,0.46988548132331226,0.47552977369477284,1.0,0.37206076430882873,0.4713623949634945,0.4843860040137204
5,9,0.3001289566851656,0.9214196450887279,4001,1.1902983813058763,0.9295352323838081,667,1.1742569139590278,0.9339,0.6291554703610481,0.07434230975615999,,,0.55,,0.5500125495708047,0.4499874504291953,0.9574034353385682,0.3759859069651956,5,0.1,0.5,0.4301938107660037,0.43725528776824735,0.4384806380334339,0.4473043524724409,0.443112694892799,0.4459203879146854,0.4495151279104187,0.4410283269725301,0.37206076430882873,1.0,0.44034445860044213,0.43499404356401805
5,10,0.2335563617865326,0.9332990485986115,3889,1.1518651218641371,0.9367283950617284,648,1.150400792828764,0.9351,0.7778522353119218,0.08428360589105595,,,0.917571376493417,,0.9175894784398374,0.0824105215601626,0.9648813277359763,0.3799355639184619,5,0.1,0.5,0.5638245953268736,0.5681046618474477,0.5698726404167043,0.572208127876151,0.5745752420864207,0.5840644194857769,0.5727564523499405,0.5870020731274619,0.4713623949634945,0.44034445860044213,1.0,0.5758831728998192
5,11,0.2349603709349988,0.9267739382748615,3791,1.168605875968933,0.9335443037974683,632,1.1503522479876924,0.9351,0.7824451398598357,0.08478267447006728,,,0.9360240331754652,,0.9360423673510366,0.06395763264896337,0.96492246935154,0.3799448194730645,5,0.1,0.5,0.5639066674428631,0.5720833199302638,0.5786616319422142,0.5857138582948582,0.5861394653498232,0.5826403480935618,0.5743026202679797,0.5800389962079783,0.4843860040137204,0.43499404356401805,0.5758831728998192,1.0
6,0,0.17456519162565007,0.9482347212076941,8214,0.9031357765197754,0.9466764061358656,1369,0.9196539831618531,0.9442,0.7637565519775406,0.08351431523773899,,,0.8898543036009523,,0.8898649666181416,0.11013503338185837,0.9616547850315393,0.381517322522504,5,0.1,0.5,1.0,0.5482790543821482,0.5601461273465856,0.5566684620295298,0.5435777024379114,0.5549706047425644,0.5396838665737185,0.5582738423463541,0.5439311838000239,0.4769538347050643,0.5470182724636525,0.555047784564704
6,1,0.1885611147904606,0.9427745664739884,6574,0.9222129651478359,0.9525547445255474,1096,0.9195251491503974,0.9442,0.7640083812251061,0.08402888055489899,,,0.9091819016159373,,0.9091963254856684,0.09080367451433158,0.9617885196923479,0.3815368271429464,5,0.1,0.5,0.5482790543821482,1.0,0.5601090777155083,0.5499856000917535,0.547364271452101,0.5565878961399354,0.5365967292056454,0.5565032439077804,0.5522084666578189,0.481841647341433,0.5363363642330162,0.5580405915357488
6,2,0.19584070036357568,0.941206985993429,5783,0.8882150573115195,0.9564315352697096,964,0.9196938994212653,0.9442,0.7734558055523927,0.08432532378160681,,,0.9203166114943575,,0.920335324531901,0.07966467546809897,0.9617789424540023,0.3815446837615798,5,0.1,0.5,0.5601461273465856,0.5601090777155083,1.0,0.5631644731863803,0.5623711496263146,0.569858827880626,0.549269126965489,0.555233255927537,0.5566105862724985,0.48461918698810175,0.549059915179134,0.5595297072194938
6,3,0.1860671881894884,0.9444675619443919,5287,0.9255243986845016,0.9398410896708286,881,0.9194015515878939,0.9442,0.7745881297745432,0.08498480856167664,,,0.9450875323106687,,0.9451081773003364,0.05489182269966364,0.9618214202835983,0.38155519771483565,5,0.1,0.5,0.5566684620295298,0.5499856000917535,0.5631644731863803,1.0,0.5522110463968731,0.5670318099844756,0.5519310300779262,0.5668266558326932,0.565307869131418,0.4864671993323231,0.5503424575451968,0.5661191258831396
6,4,0.1865054983525507,0.9432624113475178,4935,0.9416478115778703,0.9355231143552312,822,0.9195583914034664,0.9442,0.7697647685816101,0.08467103040047269,,,0.9333017046161344,,0.9333166005722604,0.0666833994277396,0.9618148169002314,0.3815511248088597,5,0.1,0.5,0.5435777024379114,0.547364271452101,0.5623711496263146,0.5522110463968731,1.0,0.5669119622481287,0.5391338683801795,0.5611261390611588,0.5597959555339831,0.49259658293448577,0.549873008867823,0.5589714954273541
6,5,0.19332169838224167,0.9411613456181701,4667,0.9009563851356507,0.9511568123393316,778,0.9193559698403453,0.9443,0.7780146693767926,0.08511559488459745,,,0.9499999999624389,,0.9500025099141609,0.04999749008583909,0.961825332773253,0.38155639457428014,5,0.1,0.5,0.5549706047425644,0.5565878961399354,0.569858827880626,0.5670318099844756,0.5669119622481287,1.0,0.5509273016753222,0.5650294327300528,0.5603899622326837,0.48741659402677884,0.563499587051438,0.5641513198743292
6,6,0.20671040860669954,0.9368066472041321,4453,0.9219034711519877,0.944743935309973,742,0.9196797921634711,0.9442,0.758924308454331,0.08390048287146708,,,0.9043591536990666,,0.90437227046835,0.09562772953165,0.9617715453191839,0.3815326422755782,5,0.1,0.5,0.5396838665737185,0.5365967292056454,0.549269126965489,0.5519310300779262,0.5391338683801795,0.5509273016753222,1.0,0.546847210861818,0.5531766526586949,0.48140346765538017,0.5394660849991276,0.5491275615890301
6,7,0.200935659807092,0.9403787701660042,4277,0.9199939888456593,0.938288920056101,713,0.9192731843207972,0.9443,0.7756817410879103,0.08504148072871857,,,0.9472161966933944,,0.947231564680488,0.05276843531951203,0.9618222451066153,0.3815557554718729,5,0.1,0.5,0.5582738423463541,0.5565032439077804,0.555233255927537,0.5668266558326932,0.5611261390611588,0.5650294327300528,0.546847210861818,1.0,0.5644888103017358,0.48599912926744754,0.5564170554245617,0.568928013756207
6,8,0.19796824681543232,0.9407604746912085,4129,0.9203339923511852,0.9316860465116279,688,0.9200391424730563,0.9442,0.7686713813327752,0.08121145616970102,,,0.8033565687791531,,0.8033733246322976,0.1966266753677024,0.9604409664474665,0.381303428664218,5,0.1,0.5,0.5439311838000239,0.5522084666578189,0.5566105862724985,0.565307869131418,0.5597959555339831,0.5603899622326837,0.5531766526586949,0.5644888103017358,1.0,0.48100836366870725,0.5520534892374163,0.5600442790164267
6,9,0.26234621292579263,0.9276180954761309,4001,0.9649976747376579,0.9415292353823088,667,0.9467780418670215,0.9425,0.6835607630108759,0.07446625673688283,,,0.55,,0.5500125495708047,0.4499874504291953,0.9536710713707102,0.37748273303932645,5,0.1,0.5,0.4769538347050643,0.481841647341433,0.48461918698810175,0.4864671993323231,0.49259658293448577,0.48741659402677884,0.48140346765538017,0.48599912926744754,0.48100836366870725,1.0,0.4760779296031268,0.4807055484856098
