round,client_id,client_i_training_loss,client_i_training_accuracy,client_i_training_dataset_size,client_i_evaluation_loss,client_i_evaluation_accuracy,client_i_evaluation_dataset_size,client_i_central_evaluation_loss,client_i_central_evaluation_accuracy,client_i_cosine_similarity,client_i_importance_coefficient,client_i_tanh_val,tanh_normalization_value,client_i_q,client_i_mask_order,client_i_v_nonzero_fraction,client_i_v_sparsity,client_i_v_cosine_similarity,client_i_reward_gradient_norm,local_epochs,learning_rate,gamma,client_0_cosine_similarity,client_1_cosine_similarity,client_2_cosine_similarity,client_3_cosine_similarity,client_4_cosine_similarity,client_5_cosine_similarity,client_6_cosine_similarity,client_7_cosine_similarity,client_8_cosine_similarity,client_9_cosine_similarity,client_10_cosine_similarity,client_11_cosine_similarity
0,0,0.27988286552015795,0.9118334550766983,8214,2.186274057210878,0.46384222059897734,1369,2.1842389944643257,0.4669,0.7977089352972938,0.08456279722309981,,,0.9910949242711629,,0.9911098840419658,0.00889011595803424,0,0.39387567246042104,5,0.1,0.5,1.0,0.574444711618734,0.55785846337975,0.5712245249183981,0.5856867124044184,0.5785611347667596,0.5682609610506393,0.55480816154165,0.5698008480923772,0.5386560745412311,0.5812366069208246,0.5816488255773021
0,1,0.30786560679586983,0.90492850623669,6574,2.1875252859933036,0.4516423357664234,1096,2.184238651690011,0.467,0.79614419589239,0.08439692376330893,,,0.9858889733042585,,0.9859043220721851,0.014095677927814854,0,0.39387563424980465,5,0.1,0.5,0.574444711618734,1.0,0.5759405501498068,0.5792057777609761,0.5958728450070228,0.5755584852336958,0.588797676748109,0.5894166901870094,0.5984437997247227,0.5479883163449814,0.5808892387930032,0.5941013140788769
0,2,0.336404095822688,0.8969738889849559,5783,2.182895222017842,0.4699170124481328,964,2.1842380407900093,0.467,0.7884832149849064,0.08358480552525993,,,0.9604005815389822,,0.960418653682044,0.03958134631795596,0,0.3938743667159098,5,0.1,0.5,0.55785846337975,0.5759405501498068,1.0,0.5936918312526468,0.5941108969416201,0.5855355955044274,0.5869306746393191,0.5891972251729689,0.5862340723935832,0.548319361588676,0.5982276071018382,0.5904164778315456
0,3,0.3300550200628588,0.8936258747872139,5287,2.1830203362873624,0.46651532349602726,881,2.1842376980156946,0.467,0.79341711690238,0.0841078340747778,,,0.9768158717639155,,0.9768284724662416,0.023171527533758396,0,0.3938754441950434,5,0.1,0.5,0.5712245249183981,0.5792057777609761,0.5936918312526468,1.0,0.6178028927731233,0.5915877529768852,0.5987731385731486,0.5822542789356366,0.6023059088894381,0.550269680916787,0.595546939163404,0.6092853828359622
0,4,0.32838199482629854,0.8976697061803445,4935,2.1782799500685472,0.49148418491484186,822,2.184239471301484,0.4669,0.8003855111882379,0.08484653322542225,,,0.9999999999686149,,1.0,0.0,0,0.393875683006068,5,0.1,0.5,0.5856867124044184,0.5958728450070228,0.5941108969416201,0.6178028927731233,1.0,0.5918693800962934,0.6032991653202272,0.6006658534387126,0.6053761913599235,0.5587073659860579,0.5990657381021268,0.6284818891258847
0,5,0.3499608530854322,0.8924362545532462,4667,2.17421142578125,0.4832904884318766,778,2.1842399222401383,0.467,0.7845661803337078,0.08316957210832232,,,0.9473684496287744,,0.947382159530144,0.05261784046985596,0,0.3938725202629968,5,0.1,0.5,0.5785611347667596,0.5755584852336958,0.5855355955044274,0.5915877529768852,0.5918693800962934,1.0,0.6024753399448781,0.5875299104619491,0.5889774040664243,0.5558920212459915,0.585693972591506,0.6107483318266951
0,6,0.3590014168699937,0.8876263193352796,4453,2.1848956445852914,0.4811320754716981,742,2.184238305107092,0.467,0.7891063324877601,0.08365086039403276,,,0.962473718545892,,0.9624818031223332,0.037518196877666776,0,0.393874567682843,5,0.1,0.5,0.5682609610506393,0.588797676748109,0.5869306746393191,0.5987731385731486,0.6032991653202272,0.6024753399448781,1.0,0.5968795726782833,0.5896474712495056,0.5628990747096488,0.6085350729977614,0.6200202374779205
0,7,0.3709259200618783,0.8843114332476034,4277,2.1817595751389214,0.46563814866760167,713,2.1842410412078466,0.4669,0.7806029535250125,0.08274944199551626,,,0.9341826345517529,,0.934195070528588,0.06580492947141203,0,0.39386948785114967,5,0.1,0.5,0.55480816154165,0.5894166901870094,0.5891972251729689,0.5822542789356366,0.6006658534387126,0.5875299104619491,0.5968795726782833,1.0,0.5932052845504872,0.5577511242671238,0.6019237519829477,0.6105398252473264
0,8,0.3677403256669641,0.88481472511504,4129,2.1877823634581133,0.44476744186046513,688,2.1842388725890136,0.4669,0.7837175347119354,0.0830796096615541,,,0.9445449714947285,,0.9445559961849305,0.05544400381506953,0,0.39387199476652773,5,0.1,0.5,0.5698008480923772,0.5984437997247227,0.5862340723935832,0.6023059088894381,0.6053761913599235,0.5889774040664243,0.5896474712495056,0.5932052845504872,1.0,0.559801573648516,0.5892443588556744,0.6050940740441186
0,9,0.44044952459396824,0.8686828292926768,4001,2.1896051338740756,0.4662668665667166,667,2.18434964353665,0.469,0.7402720212761887,0.07847407751773863,,,0.8,,0.8,0.19999999999999996,0,0.39366157120552914,5,0.1,0.5,0.5386560745412311,0.5479883163449814,0.548319361588676,0.550269680916787,0.5587073659860579,0.5558920212459915,0.5628990747096488,0.5577511242671238,0.559801573648516,1.0,0.5495083653773816,0.5773402056226045
0,10,0.381549253861313,0.882077654924145,3889,2.190473897116525,0.4722222222222222,648,2.184241527947374,0.4669,0.7830486641949086,0.08300870464921553,,,0.9423196123685145,,0.9423322122383414,0.057667787761658595,0,0.393871493457316,5,0.1,0.5,0.5812366069208246,0.5808892387930032,0.5982276071018382,0.595546939163404,0.5990657381021268,0.585693972591506,0.6085350729977614,0.6019237519829477,0.5892443588556744,0.5495083653773816,1.0,0.6106512399322278
0,11,0.4004676256422736,0.8764442099709839,3791,2.183088004589081,0.4477848101265823,632,2.1842386395024795,0.467,0.7958792711270556,0.08436883986175152,,,0.9850075579491344,,0.9850308719441795,0.014969128055820513,0,0.3938756256952912,5,0.1,0.5,0.5816488255773021,0.5941013140788769,0.5904164778315456,0.6092853828359622,0.6284818891258847,0.6107483318266951,0.6200202374779205,0.6105398252473264,0.6050940740441186,0.5773402056226045,0.6106512399322278,1.0
1,0,0.24686112391294962,0.924153883613343,8214,2.027088902717413,0.7195032870708546,1369,2.0271005592407128,0.7317,0.7985421650200717,0.08369325082893059,,,0.9638157084883295,,0.9638271171125947,0.03617288288740528,0.9580310371290535,0.40584581088257926,5,0.1,0.5,1.0,0.6158307034925109,0.6095939706913599,0.6194923208386567,0.6159887053638436,0.6254767024885326,0.6153775769030174,0.6229601100925983,0.6270264322423946,0.5833152799491814,0.6129644142479893,0.6224627551343686
1,1,0.2798848897074033,0.9144204441740189,6574,2.0327154908861433,0.7417883211678832,1096,2.0270994737887156,0.7317,0.8073874442709638,0.08389136985708615,,,0.9709632548367793,,0.9709803724712615,0.029019627528738545,0.9580325949165129,0.405846291459364,5,0.1,0.5,0.6158307034925109,1.0,0.6226828286676631,0.626206783866576,0.6354767103115941,0.6275855413805748,0.6231809101644517,0.6234570238154866,0.6287390716318544,0.5955379386071714,0.6247268290411337,0.6341261717120342
1,2,0.2993615453929038,0.9116375583607125,5783,2.023254229176429,0.745850622406639,964,2.0271036830573035,0.7316,0.8040123965327163,0.08323701549870344,,,0.9473560922719688,,0.9473721198735003,0.05262788012649966,0.9580168646863312,0.4058436596601453,5,0.1,0.5,0.6095939706913599,0.6226828286676631,1.0,0.6230828794337364,0.6300848406917477,0.6341666660144663,0.6213880912582721,0.6179441303679426,0.626013887792571,0.5966262110405312,0.6204617117158755,0.6266399881080672
1,3,0.28656706265173854,0.9126915074711557,5287,2.0241866878100803,0.7480136208853575,881,2.027098149918139,0.7317,0.8114209464708946,0.08384059505409235,,,0.9691314506879792,,0.9691431153054566,0.030856884694543396,0.9580316404085558,0.405846193225778,5,0.1,0.5,0.6194923208386567,0.626206783866576,0.6230828794337364,1.0,0.6393966968045915,0.6371661217764581,0.6313281302393475,0.6254679846227671,0.6326695845458918,0.6053934486573331,0.6257789849704904,0.6326366398380326
1,4,0.2926514058848543,0.9095440729483283,4935,2.022748832519238,0.7214111922141119,822,2.0270997091604115,0.7317,0.8219753247908859,0.08469622392097592,,,0.999999999963923,,1.0,0.0,0.9580341114680231,0.4058468503267964,5,0.1,0.5,0.6159887053638436,0.6354767103115941,0.6300848406917477,0.6393966968045915,1.0,0.6464749027488929,0.6400019917880313,0.6480423047215578,0.647428611421619,0.611790729976322,0.6355189419746565,0.6483381319632402
1,5,0.3085653337573454,0.9078637240197128,4667,2.0153552675247193,0.7609254498714653,778,2.027106194831312,0.7317,0.8210287119622597,0.08355459702418903,,,0.9588134908568104,,0.958822348275689,0.04117765172431098,0.9580270889202405,0.4058453293121557,5,0.1,0.5,0.6254767024885326,0.6275855413805748,0.6341666660144663,0.6371661217764581,0.6464749027488929,1.0,0.6392127486527127,0.639934328528263,0.6461703259402403,0.6107781238488803,0.6410993017241388,0.6482470022446833
1,6,0.31782261357110525,0.9017291713451606,4453,2.0294039944807687,0.7466307277628033,742,2.0270999399617837,0.7317,0.8148556016439092,0.08365798955779559,,,0.9625435865115108,,0.9625571005471613,0.03744289945283874,0.9580275610155574,0.4058457096513706,5,0.1,0.5,0.6153775769030174,0.6231809101644517,0.6213880912582721,0.6313281302393475,0.6400019917880313,0.6392127486527127,1.0,0.6335271330105372,0.6446922303865652,0.6131080269862336,0.62975116173019,0.6430543250235865
1,7,0.3252573163443203,0.901660042085574,4277,2.024805722029313,0.7335203366058906,713,2.027104612737418,0.7318,0.8156390007816654,0.08308929473656908,,,0.9420267657362327,,0.9420460820239948,0.05795391797600524,0.9580018665987378,0.4058425803083024,5,0.1,0.5,0.6229601100925983,0.6234570238154866,0.6179441303679426,0.6254679846227671,0.6480423047215578,0.639934328528263,0.6335271330105372,1.0,0.6432133710419081,0.6028372024967404,0.6426343689601144,0.6454213164110332
1,8,0.318412750605852,0.9027367401307823,4129,2.0311954671686347,0.7078488372093024,688,2.0271050937640402,0.7317,0.822131891811246,0.08353350676546907,,,0.9580526169361925,,0.9580693740274082,0.041930625972591784,0.9580266207275264,0.4058452566964869,5,0.1,0.5,0.6270264322423946,0.6287390716318544,0.626013887792571,0.6326695845458918,0.647428611421619,0.6461703259402403,0.6446922303865652,0.6432133710419081,1.0,0.6115609836326668,0.6414596157502931,0.6583994559000279
1,9,0.36718708056967386,0.893826543364159,4001,2.0338834126790366,0.6911544227886057,667,2.0273581689919906,0.7314,0.7837334356887854,0.079152530506164,,,0.8,,0.8,0.19999999999999996,0.9572819565770188,0.40563191012093436,5,0.1,0.5,0.5833152799491814,0.5955379386071714,0.5966262110405312,0.6053934486573331,0.611790729976322,0.6107781238488803,0.6131080269862336,0.6028372024967404,0.6115609836326668,1.0,0.60788810805967,0.6181864738193247
1,10,0.3334061884550286,0.8996657238364618,3889,2.0339115120115734,0.7253086419753086,648,2.027107246386738,0.7317,0.8138041599376009,0.08319685525487425,,,0.9459072299047013,,0.9459264093168014,0.054073590683198614,0.9580165662010226,0.40584337802162734,5,0.1,0.5,0.6129644142479893,0.6247268290411337,0.6204617117158755,0.6257789849704904,0.6355189419746565,0.6410993017241388,0.62975116173019,0.6426343689601144,0.6414596157502931,0.60788810805967,1.0,0.6448334078947763
1,11,0.34868449572505067,0.8941704035874439,3791,2.027922809123993,0.7294303797468354,632,2.0270986515112197,0.7317,0.8241699326589907,0.08445677099515062,,,0.9913612493020508,,0.9913759349430249,0.008624065056975105,0.9580345080077226,0.4058468350979702,5,0.1,0.5,0.6224627551343686,0.6341261717120342,0.6266399881080672,0.6326366398380326,0.6483381319632402,0.6482470022446833,0.6430543250235865,0.6454213164110332,0.6583994559000279,0.6181864738193247,0.6448334078947763,1.0
2,0,0.23082055006944485,0.9309715120525931,8214,1.8328356354735618,0.8524470416362309,1369,1.8358993495996005,0.8498,0.7965374806724539,0.08355637024930648,,,0.9732163030959943,,0.9732292555594598,0.026770744440540173,0.9663020746906056,0.39889076768279114,5,0.1,0.5,1.0,0.6178855751204908,0.614150395422651,0.627263521776749,0.6187547777829484,0.6194588552322696,0.6141283515114598,0.6162337147580755,0.6225408622734055,0.4476584416735253,0.6026599719474635,0.6145752803829648
2,1,0.2562011556401487,0.9226041983571646,6574,1.8421026366097586,0.8503649635036497,1096,1.8358939737557602,0.8498,0.8021420404897538,0.08388436357605217,,,0.9795957549596391,,0.9796044375282366,0.02039556247176344,0.966304703073817,0.3988909785830435,5,0.1,0.5,0.6178855751204908,1.0,0.6180203262585698,0.624854721992167,0.623059938290807,0.6306307973903134,0.6195439525123171,0.6212797069781782,0.626163184243659,0.447597907216613,0.6119116224936908,0.6268587489438165
2,2,0.26888034831506114,0.9190385613003631,5783,1.8280046870631557,0.8672199170124482,964,1.8358980337270914,0.8497,0.807734978868509,0.08364490902300088,,,0.9749383772932156,,0.9749460368455399,0.02505396315446007,0.9663014376517027,0.3988908328613905,5,0.1,0.5,0.614150395422651,0.6180203262585698,1.0,0.6315990885715452,0.6374110512025326,0.6407265838748571,0.6264930922839076,0.6212468907537516,0.6285608215747478,0.45545274600140406,0.6219493517930709,0.6288038275656078
2,3,0.25756772850943077,0.9228674106298468,5287,1.8316169466291154,0.8615209988649262,881,1.8358932809707837,0.8498,0.819143295048847,0.08444578701551114,,,0.9905154094620233,,0.9905326037849506,0.00946739621504944,0.9663048858659805,0.3988911200350304,5,0.1,0.5,0.627263521776749,0.624854721992167,0.6315990885715452,1.0,0.6396690773175984,0.6476265276186605,0.6402027029868619,0.6374975158497431,0.6438554411175016,0.4649741496184053,0.6284140916847698,0.6450739791231556
2,4,0.2565452904109993,0.9225531914893617,4935,1.8343746662139893,0.8381995133819952,822,1.8358940053671693,0.8499,0.8168153542838407,0.08493342803287196,,,0.99999999998055,,1.0,0.0,0.9663096794823528,0.3988911352899354,5,0.1,0.5,0.6187547777829484,0.623059938290807,0.6374110512025326,0.6396690773175984,1.0,0.6448626351539983,0.6328894368046926,0.6382588209510099,0.6411980639583709,0.46378124308149193,0.6251924459229973,0.6400695890532666
2,5,0.27596454569074796,0.9190486393829013,4667,1.8234318685531616,0.8611825192802056,778,1.83590445236657,0.8497,0.822533786601163,0.08437424708200236,,,0.9891239617558281,,0.9891320716831484,0.010867928316851572,0.9663025385908043,0.3988911123631959,5,0.1,0.5,0.6194588552322696,0.6306307973903134,0.6407265838748571,0.6476265276186605,0.6448626351539983,1.0,0.6384594725919834,0.6405847082851246,0.6435464306352117,0.4724860159485418,0.6416329191203394,0.6450201515992983
2,6,0.28439990259108267,0.9131821244105097,4453,1.8400407532850902,0.8598382749326146,742,1.8358937951322563,0.8497,0.8122541157526237,0.08408313956945501,,,0.9834619369156667,,0.9834697053360775,0.01653029466392253,0.9663025538433582,0.39889105213398424,5,0.1,0.5,0.6141283515114598,0.6195439525123171,0.6264930922839076,0.6402027029868619,0.6328894368046926,0.6384594725919834,1.0,0.6324833942708336,0.6414917451277632,0.4553784080705646,0.6322348808411955,0.6324684000683968
2,7,0.28768609044934385,0.9135375263034837,4277,1.8346694085908972,0.8555399719495091,713,1.8359019192643822,0.8497,0.8127065870744147,0.08372070054769731,,,0.9764125182102595,,0.9764268862004919,0.023573113799508105,0.9662971004506622,0.3988908860274564,5,0.1,0.5,0.6162337147580755,0.6212797069781782,0.6212468907537516,0.6374975158497431,0.6382588209510099,0.6405847082851246,0.6324833942708336,1.0,0.6442291459357342,0.44762027120363324,0.6362228762434595,0.6364103530742166
2,8,0.2868423252631552,0.9142165173165415,4129,1.840300738811493,0.8212209302325582,688,1.8359026227134485,0.8497,0.8203927460046218,0.08428526269273054,,,0.9873932203605449,,0.9874052507404246,0.012594749259575377,0.9663020116420591,0.3988910997131451,5,0.1,0.5,0.6225408622734055,0.626163184243659,0.6285608215747478,0.6438554411175016,0.6411980639583709,0.6435464306352117,0.6414917451277632,0.6442291459357342,1.0,0.4649473962597332,0.6361241678318853,0.6515796805751269
2,9,0.3603996105383091,0.9026743314171457,4001,1.8442238626025973,0.8260869565217391,667,1.8363782213137934,0.8494,0.6284268350957841,0.07465062212025272,,,0.8,,0.8,0.19999999999999996,0.9655834945316768,0.3986530373847477,5,0.1,0.5,0.4476584416735253,0.447597907216613,0.45545274600140406,0.4649741496184053,0.46378124308149193,0.4724860159485418,0.4553784080705646,0.44762027120363324,0.4649473962597332,1.0,0.46467503296235657,0.45869442560076346
2,10,0.2975965999356914,0.9124710722550784,3889,1.8431954440616427,0.8441358024691358,648,1.8359030793650082,0.8497,0.8082486339399764,0.08363617813692817,,,0.9747685620473372,,0.9747753626825962,0.025224637317403764,0.9663010351962774,0.39889082857976277,5,0.1,0.5,0.6026599719474635,0.6119116224936908,0.6219493517930709,0.6284140916847698,0.6251924459229973,0.6416329191203394,0.6322348808411955,0.6362228762434595,0.6361241678318853,0.46467503296235657,1.0,0.6292635614044213
2,11,0.30925428860766047,0.9057240833553152,3791,1.8401361107826233,0.8449367088607594,632,1.8358928627861193,0.8499,0.8171250226868135,0.08478499195419123,,,0.9971129265508332,,0.9971286581998896,0.002871341800110394,0.9663097197212617,0.39889113472360327,5,0.1,0.5,0.6145752803829648,0.6268587489438165,0.6288038275656078,0.6450739791231556,0.6400695890532666,0.6450201515992983,0.6324684000683968,0.6364103530742166,0.6515796805751269,0.45869442560076346,0.6292635614044213,1.0
3,0,0.2131428916141362,0.9362064767470173,8214,1.5978545615839403,0.902118334550767,1369,1.60372321407635,0.9067,0.796373627320441,0.08308511064245581,,,0.9592633372344461,,0.9592741328246573,0.040725867175342656,0.9685287305257562,0.40387586550648363,5,0.1,0.5,1.0,0.6107555158495735,0.6174526813953294,0.6268124562876567,0.6098818270280727,0.6159757051397152,0.603877277956934,0.6100095379607784,0.6103920513370888,0.6032637294242562,0.6065839910212592,0.6024174513676042
3,1,0.2309194895963284,0.9304837237602677,6574,1.6089240210396902,0.9114963503649635,1096,1.6037033076484364,0.9067,0.8043313195291878,0.08357964461020966,,,0.9735853004320034,,0.9736007228552783,0.026399277144721678,0.9685269919760057,0.40387720869053806,5,0.1,0.5,0.6107555158495735,1.0,0.6167577821836235,0.6212422269381994,0.6185599496084245,0.6251109128826513,0.6139981258720573,0.6202693025856478,0.6203511926796879,0.615654779644255,0.6097457149847509,0.6210773256800864
3,2,0.24614909190777173,0.9262666436105828,5783,1.5910490328265774,0.91701244813278,964,1.6037153733043243,0.9066,0.8017262569923611,0.08333028942541362,,,0.9663638434388884,,0.9663771899001055,0.03362281009989454,0.9685267623768925,0.40387666190980187,5,0.1,0.5,0.6174526813953294,0.6167577821836235,1.0,0.6300406956313194,0.6174289618019881,0.6237954312851463,0.6042500176616856,0.611691494435647,0.6112734924821851,0.62063765771704,0.6062018307372335,0.6106900168929011
3,3,0.2363043109544115,0.9287686778891621,5287,1.5995428902762276,0.9046538024971623,881,1.6037048577500608,0.9067,0.8182011391870063,0.0844348021046001,,,0.9983511101869998,,0.99836353596707,0.0016364640329300517,0.9685290025553096,0.4038777722422799,5,0.1,0.5,0.6268124562876567,0.6212422269381994,0.6300406956313194,1.0,0.6323559257744874,0.6386948529723623,0.6252689422558674,0.6286672195888328,0.6291387778051093,0.6371503394238572,0.6250456837556697,0.6322170450808051
3,4,0.23899453222571362,0.9288753799392098,4935,1.6059735875863295,0.8965936739659367,822,1.6037036530887738,0.9067,0.8105696066647265,0.08449173787493003,,,0.9999999999710395,,1.0,0.0,0.9685290576133913,0.4038777723593437,5,0.1,0.5,0.6098818270280727,0.6185599496084245,0.6174289618019881,0.6323559257744874,1.0,0.62979957467331,0.6183348362304499,0.6243714305809516,0.6281258607188223,0.6284360701406294,0.6160650003227548,0.626686697165172
3,5,0.25035942425338986,0.9268052281979858,4667,1.5898809814453125,0.9177377892030848,778,1.6037203309635004,0.9067,0.816608161913449,0.08433191093457586,,,0.9953713279141384,,0.9953867777722002,0.004613222227799807,0.9685289279288629,0.4038777680359577,5,0.1,0.5,0.6159757051397152,0.6251109128826513,0.6237954312851463,0.6386948529723623,0.62979957467331,1.0,0.6303038355767874,0.6247258052234973,0.6283869640777813,0.6349483271098881,0.6267587729577317,0.6328147195009456
3,6,0.2590098236062165,0.92203009207276,4453,1.609440306822459,0.9164420485175202,742,1.6037003114200628,0.9067,0.8042098346666527,0.08370703749993666,,,0.9772746653639767,,0.977285276843532,0.022714723156468053,0.9685259114711198,0.4038774003763501,5,0.1,0.5,0.603877277956934,0.6139981258720573,0.6042500176616856,0.6252689422558674,0.6183348362304499,0.6303038355767874,1.0,0.6154256663776467,0.6176077832385671,0.624387236292094,0.6143981851852531,0.6244122191809436
3,7,0.2632646764572988,0.9214402618657938,4277,1.6036038865213809,0.9144460028050491,713,1.603715333694848,0.9066,0.8080852145483962,0.08360209963121043,,,0.9742356096227637,,0.9742482807087998,0.025751719291200237,0.9685256368601903,0.4038772417887734,5,0.1,0.5,0.6100095379607784,0.6202693025856478,0.611691494435647,0.6286672195888328,0.6243714305809516,0.6247258052234973,0.6154256663776467,1.0,0.6231187660910654,0.624020318507703,0.6205124695309686,0.6283202736433428
3,8,0.2630125969229266,0.9217728263502059,4129,1.608477077700875,0.8968023255813954,688,1.6037177186423597,0.9067,0.8090557185389412,0.08400976928240217,,,0.9860419366333186,,0.9860599367501631,0.013940063249836876,0.9685291961720081,0.4038776782572815,5,0.1,0.5,0.6103920513370888,0.6203511926796879,0.6112734924821851,0.6291387778051093,0.6281258607188223,0.6283869640777813,0.6176077832385671,0.6231187660910654,1.0,0.6215868356443268,0.6219321868035294,0.6257151847260878
3,9,0.25497479697573694,0.9240189952511872,4001,1.613922851426261,0.8920539730134932,667,1.6046129404165494,0.9067,0.8077917965762391,0.07758578565510339,,,0.8,,0.8,0.19999999999999996,0.967788812429563,0.40361569174231393,5,0.1,0.5,0.6032637294242562,0.615654779644255,0.62063765771704,0.6371503394238572,0.6284360701406294,0.6349483271098881,0.624387236292094,0.624020318507703,0.6215868356443268,1.0,0.624105845726145,0.6345307569906767
3,10,0.2702232380962518,0.9198765749550013,3889,1.6104365360169184,0.9074074074074074,648,1.6037208976837012,0.9066,0.8041969344053658,0.08341061586217927,,,0.968690139196435,,0.9687013704131319,0.03129862958686813,0.9685259585209999,0.40387687047982823,5,0.1,0.5,0.6065839910212592,0.6097457149847509,0.6062018307372335,0.6250456837556697,0.6160650003227548,0.6267587729577317,0.6143981851852531,0.6205124695309686,0.6219321868035294,0.624105845726145,1.0,0.6228862285073699
3,11,0.2804616294159484,0.9149564758638882,3791,1.6118991911411285,0.8971518987341772,632,1.6037027237895198,0.9067,0.8116527897913399,0.08443119647698305,,,0.9982466893192686,,0.9982581195723106,0.0017418804276894129,0.968529097785039,0.4038777722208341,5,0.1,0.5,0.6024174513676042,0.6210773256800864,0.6106900168929011,0.6322170450808051,0.626686697165172,0.6328147195009456,0.6244122191809436,0.6283202736433428,0.6257151847260878,0.6345307569906767,0.6228862285073699,1.0
4,0,0.20013164517357365,0.9396883369856343,8214,1.357055051382198,0.9196493791088386,1369,1.3653042377374423,0.9303,0.7875179362492409,0.08326886568638515,,,0.944848506086731,,0.9448571858842427,0.05514281411575728,0.9689866695032477,0.39227231951774993,5,0.1,0.5,1.0,0.5936712938600432,0.6000112262403845,0.6070454411269852,0.5989400683072028,0.6020260846647199,0.5850022049431545,0.5929482859856076,0.4643114150666351,0.5896839391621544,0.5940082211470417,0.5883084955124044
4,1,0.21477009454669738,0.9355947672649833,6574,1.3686363799231394,0.9315693430656934,1096,1.365284214004541,0.9303,0.7917409483588077,0.08374815016421035,,,0.9625781791726086,,0.9625972591737363,0.037402740826263714,0.9689892759826247,0.39227575826076494,5,0.1,0.5,0.5936712938600432,1.0,0.6007522408591448,0.6019182480700611,0.6066330179731588,0.6069667754633067,0.5859589287656162,0.5957273879025097,0.4761064606303332,0.6027733619770583,0.5909308863733301,0.5925079335204869
4,2,0.226428012511801,0.9334255576690299,5783,1.3477579509058306,0.9377593360995851,964,1.365294010875324,0.9303,0.7935922838668223,0.08364657171126277,,,0.9588205929234113,,0.9588323879323327,0.04116761206766728,0.9689856746656789,0.39227522588363495,5,0.1,0.5,0.6000112262403845,0.6007522408591448,1.0,0.6082959097640889,0.6045852298251618,0.6061329211386356,0.5956587753724358,0.5930400316146701,0.46391397251421257,0.6050114361481934,0.5997293963982955,0.5955826170153623
4,3,0.21355947020452426,0.9345186306033667,5287,1.3622938522270747,0.9250851305334846,881,1.3652812330105815,0.9303,0.804238757915386,0.0847597704997867,,,0.999999999963008,,1.0,0.0,0.9689876376885497,0.3922772866654837,5,0.1,0.5,0.6070454411269852,0.6019182480700611,0.6082959097640889,1.0,0.6136969600175948,0.6112126086398608,0.6040423012439888,0.6110115754076011,0.4761775572358648,0.6109013184248455,0.6064871141279891,0.6167222371745522
4,4,0.21511811683975882,0.9340222897669707,4935,1.3721855328633235,0.927007299270073,822,1.3652779214298383,0.9303,0.8018534278355147,0.0847138960399441,,,0.9983030136977923,,0.9983133376838512,0.0016866623161487793,0.9689876615165195,0.392277286544572,5,0.1,0.5,0.5989400683072028,0.6066330179731588,0.6045852298251618,0.6136969600175948,1.0,0.6128618312855856,0.5978369670026693,0.6114014646606866,0.478958701106396,0.6083679429823399,0.6025680218676457,0.6088191078763233
4,5,0.23103137182786243,0.9315191772016285,4667,1.3501518917083741,0.9395886889460154,778,1.365299304834189,0.9303,0.8033606993391507,0.08466007207719478,,,0.9963119597248741,,0.9963254856683902,0.0036745143316098128,0.9689877863167422,0.3922772855788636,5,0.1,0.5,0.6020260846647199,0.6069667754633067,0.6061329211386356,0.6112126086398608,0.6128618312855856,1.0,0.5952672458612677,0.6106504164453446,0.4833507598245079,0.6126113660481394,0.6096729618133864,0.6091504114058637
4,6,0.2363231075116034,0.930204356613519,4453,1.3716608832279842,0.9393530997304582,742,1.3652782885792156,0.9303,0.7885285651003229,0.08372028102658516,,,0.9615472450987116,,0.9615631745394307,0.03843682546056926,0.9689894815398088,0.39227562825171663,5,0.1,0.5,0.5850022049431545,0.5859589287656162,0.5956587753724358,0.6040423012439888,0.5978369670026693,0.5952672458612677,1.0,0.5966083881574459,0.4694151659887128,0.6043237433656047,0.5923204296345023,0.5969430385154203
4,7,0.2418005888725617,0.9288286181903204,4277,1.3660429145978845,0.9424964936886395,713,1.3652977360704075,0.9303,0.7975780778437658,0.08396858451010619,,,0.9707324780711806,,0.9707494603684554,0.02925053963154456,0.9689884693989319,0.39227654989140565,5,0.1,0.5,0.5929482859856076,0.5957273879025097,0.5930400316146701,0.6110115754076011,0.6114014646606866,0.6106504164453446,0.5966083881574459,1.0,0.4738292921535679,0.6061320026024412,0.6088828546637408,0.6083050123507456
4,8,0.3207893955268586,0.9131993218697021,4129,1.3698900667103855,0.9215116279069767,688,1.3655386473804998,0.9302,0.6586831506802305,0.07935319052039258,,,0.8,,0.8,0.19999999999999996,0.9684216700338819,0.39201061414975574,5,0.1,0.5,0.4643114150666351,0.4761064606303332,0.46391397251421257,0.4761775572358648,0.478958701106396,0.4833507598245079,0.4694151659887128,0.4738292921535679,1.0,0.4798156964383945,0.4669203683887909,0.4645141281781332
4,9,0.23122056602086458,0.9296175956010997,4001,1.3780888943445115,0.9175412293853074,667,1.3664352425371116,0.9305,0.7974147099318477,0.0799400466314721,,,0.8217089588319283,,0.8217258169770594,0.17827418302294062,0.9683850723996568,0.39209355166740245,5,0.1,0.5,0.5896839391621544,0.6027733619770583,0.6050114361481934,0.6109013184248455,0.6083679429823399,0.6126113660481394,0.6043237433656047,0.6061320026024412,0.4798156964383945,1.0,0.609272326271447,0.6064717456286699
4,10,0.2489192333942676,0.9270249421445101,3889,1.3695692732220603,0.941358024691358,648,1.3653047210492266,0.9303,0.7949200619193889,0.08374700879649505,,,0.9625359577417063,,0.9625520807188395,0.037447919281160535,0.9689883192705759,0.39227575512474855,5,0.1,0.5,0.5940082211470417,0.5909308863733301,0.5997293963982955,0.6064871141279891,0.6025680218676457,0.6096729618133864,0.5923204296345023,0.6088828546637408,0.4669203683887909,0.609272326271447,1.0,0.6041767319677396
4,11,0.26007443668806,0.9199155895542074,3791,1.3780716419219972,0.9287974683544303,632,1.3652776483529674,0.9303,0.7961744872568597,0.0844735623361652,,,0.9894125985129462,,0.9894182018974951,0.010581798102504925,0.9689877921954078,0.3922772589077266,5,0.1,0.5,0.5883084955124044,0.5925079335204869,0.5955826170153623,0.6167222371745522,0.6088191078763233,0.6091504114058637,0.5969430385154203,0.6083050123507456,0.4645141281781332,0.6064717456286699,0.6041767319677396,1.0
5,0,0.183438898070719,0.9453372291210129,8214,1.1198299457860548,0.9357195032870709,1369,1.1304757994965624,0.9401,0.7766676948529433,0.08382499426314591,,,0.9767055495688989,,0.9767230560714824,0.023276943928517646,0.9640664956422068,0.3812632667345916,5,0.1,0.5,1.0,0.5771455475045476,0.5849301968335174,0.5861545483842459,0.5756781889520561,0.574084287065753,0.5684486746246181,0.5775594122037088,0.5787058090509736,0.33642397152929904,0.5648200757948378,0.5734491661817538
5,1,0.20112005577002226,0.9397931244295711,6574,1.1301846776689801,0.9443430656934306,1096,1.1304548053314891,0.9401,0.7782372733669191,0.08420439197161587,,,0.9825612762185291,,0.9825761758947844,0.01742382410521559,0.9640783740577257,0.38126342934236357,5,0.1,0.5,0.5771455475045476,1.0,0.5799369847483922,0.5762315410329494,0.5806816349492057,0.5795035344293097,0.5721071816116707,0.5764680828017518,0.5790490568531375,0.3375803196073703,0.5665666070681612,0.5839810415257857
5,2,0.20931667886694985,0.9372989797682864,5783,1.109258315255565,0.9450207468879668,964,1.1304662728461976,0.9402,0.7831944535461803,0.0843119707045008,,,0.9842216754223836,,0.9842276994126801,0.015772300587319932,0.9640759916163292,0.38126345818514396,5,0.1,0.5,0.5849301968335174,0.5799369847483922,1.0,0.5904060747082132,0.5906175195786099,0.5885335463697848,0.5763872276801238,0.5768743796840364,0.575831945967058,0.33646774205119434,0.5705800591892627,0.5837736734033384
5,3,0.20128431735582739,0.9396254965008511,5287,1.128495725137847,0.9284903518728718,881,1.1304537217837933,0.9401,0.7908102403443292,0.08533426230733124,,,0.9999999999845657,,1.0,0.0,0.9640797694073145,0.3812635389077976,5,0.1,0.5,0.5861545483842459,0.5762315410329494,0.5904060747082132,1.0,0.5929051429186766,0.5907990768554175,0.5835793374715803,0.5831975064731975,0.5949845136714007,0.35251215827076376,0.5730866419445991,0.5959510643296968
5,4,0.19478158945277815,0.9402228976697061,4935,1.1414568149126494,0.9379562043795621,822,1.1304487153744927,0.9401,0.7907485439017514,0.08530109476639681,,,0.9994880832043204,,0.999492997339491,0.0005070026605089595,0.964079785606212,0.3812635388958811,5,0.1,0.5,0.5756781889520561,0.5806816349492057,0.5906175195786099,0.5929051429186766,1.0,0.5952207937232775,0.5833307715896103,0.5933687512442898,0.5910446494631537,0.3454590677808792,0.5770884393514732,0.5934335798432265
5,5,0.20853791760714496,0.9391472037711592,4667,1.1149025917053224,0.9498714652956298,778,1.1304731639429404,0.9402,0.7893431294007027,0.08521480724941227,,,0.998156298374163,,0.9981677626625169,0.0018322373374830558,0.9640797011577776,0.38126353879769936,5,0.1,0.5,0.574084287065753,0.5795035344293097,0.5885335463697848,0.5907990768554175,0.5952207937232775,1.0,0.5806457522205543,0.5828343305412014,0.5916913288467155,0.3529185633560609,0.5783488088995067,0.5921373536986589
5,6,0.21991856852413288,0.932809342016618,4453,1.1369638293981552,0.9487870619946092,742,1.13045048618469,0.9402,0.7802344185586042,0.08425654792074094,,,0.9833662652166442,,0.9833743285979619,0.016625671402038078,0.9640776000343934,0.3812634428367207,5,0.1,0.5,0.5684486746246181,0.5721071816116707,0.5763872276801238,0.5835793374715803,0.5833307715896103,0.5806457522205543,1.0,0.5737663948688614,0.5867225560473417,0.3464340765816088,0.5756120078403701,0.5811947612154668
5,7,0.21933588519581218,0.9353285012859481,4277,1.1313380961832793,0.9481065918653576,713,1.130470494302317,0.9402,0.7829965060868104,0.08452236318118724,,,0.9874689297022864,,0.9874805481652528,0.01251945183474723,0.9640800491015751,0.38126350086368566,5,0.1,0.5,0.5775594122037088,0.5764680828017518,0.5768743796840364,0.5831975064731975,0.5933687512442898,0.5828343305412014,0.5737663948688614,1.0,0.5883977870617878,0.3370485200306939,0.5759020574145381,0.5862318627054396
5,8,0.21460795182894868,0.9362073141196415,4129,1.136028988794847,0.9375,688,1.1307015215246061,0.9402,0.7860079347881285,0.0815130105780333,,,0.9410217692608378,,0.9410421163596205,0.05895788364037946,0.9634633502785932,0.3812582777328864,5,0.1,0.5,0.5787058090509736,0.5790490568531375,0.575831945967058,0.5949845136714007,0.5910446494631537,0.5916913288467155,0.5867225560473417,0.5883977870617878,1.0,0.34665458703282015,0.5735157527420209,0.5953094574597291
5,9,0.32132939909139485,0.9188702824293926,4001,1.1456067562103271,0.9280359820089955,667,1.1320448723463967,0.9402,0.517751047259266,0.07237608542710924,,,0.8,,0.8,0.19999999999999996,0.9634468896969554,0.38100561891521123,5,0.1,0.5,0.33642397152929904,0.3375803196073703,0.33646774205119434,0.35251215827076376,0.3454590677808792,0.3529185633560609,0.3464340765816088,0.3370485200306939,0.34665458703282015,1.0,0.3328196865479129,0.340004750270983
5,10,0.22862731148603327,0.9332990485986115,3889,1.134346950621832,0.9459876543209876,648,1.1304772143927626,0.9402,0.7739708519176276,0.0840520033770918,,,0.9802092695138682,,0.9802268962401486,0.019773103759851418,0.9640780477943588,0.3812633760635978,5,0.1,0.5,0.5648200757948378,0.5665666070681612,0.5705800591892627,0.5730866419445991,0.5770884393514732,0.5783488088995067,0.5756120078403701,0.5759020574145381,0.5735157527420209,0.3328196865479129,1.0,0.5815980744434092
5,11,0.2322288473754996,0.9292534951200211,3791,1.146515679359436,0.9335443037974683,632,1.1304486235871483,0.9401,0.7893317243517277,0.0850884682534345,,,0.996206348205465,,0.9962250891019527,0.003774910898047268,0.964079805688823,0.3812635380986626,5,0.1,0.5,0.5734491661817538,0.5839810415257857,0.5837736734033384,0.5959510643296968,0.5934335798432265,0.5921373536986589,0.5811947612154668,0.5862318627054396,0.5953094574597291,0.340004750270983,0.5815980744434092,1.0
6,0,0.1720166541454799,0.9477964450937424,8214,0.8837841749191284,0.943754565376187,1369,0.895361096333391,0.9476,0.7664313161086631,0.08358233418574569,,,0.9682984583669287,,0.9683098238040259,0.03169017619597414,0.9640089516462742,0.3846218304568011,5,0.1,0.5,1.0,0.5533559819405808,0.559192397838984,0.5676233852657908,0.553819884843632,0.5584346001280228,0.5400543548361402,0.5572436274599772,0.5566656360946445,0.5164192855252718,0.5499624898787129,0.5542627564596957
6,1,0.19233876486824264,0.9414359598418011,6574,0.8918221592903137,0.9516423357664233,1096,0.8953425280583172,0.9476,0.7647317370029059,0.08377751538824275,,,0.9719439769605548,,0.9719542191657046,0.02804578083429543,0.9640106111596574,0.3846221339338676,5,0.1,0.5,0.5533559819405808,1.0,0.5511362441982351,0.5633071545115407,0.5516452130999875,0.5595584312660722,0.5457568918395561,0.5494174374547292,0.5548537383531907,0.5194445732684041,0.5465195174955733,0.5549628832525184
6,2,0.1985518289889461,0.9405844717274771,5783,0.8706597743495819,0.9491701244813278,964,0.8953560912571015,0.9476,0.7694226975139749,0.0840161326144847,,,0.976400776713275,,0.9764168465438482,0.023583153456151806,0.9640126358233159,0.3846224255336292,5,0.1,0.5,0.559192397838984,0.5511362441982351,1.0,0.5714182000316189,0.5610205952054058,0.563061087898372,0.5530950424923884,0.5479898977958512,0.5546512793020385,0.518149342415092,0.5526594231838619,0.559395499196431
6,3,0.18377035082912588,0.9445810478532249,5287,0.8960587275879723,0.9387060158910329,881,0.8953412367513005,0.9476,0.7856614594856004,0.08527963591508715,,,0.9999999999813224,,1.0,0.0,0.964012305146979,0.38462288808636436,5,0.1,0.5,0.5676233852657908,0.5633071545115407,0.5714182000316189,1.0,0.5708685376205133,0.5752083183768789,0.5633903162199804,0.5713729059652815,0.5700102068509305,0.54252899092693,0.5613129224024266,0.5812444670036538
6,4,0.18946757567746023,0.9427760891590679,4935,0.9096539639509641,0.9440389294403893,822,0.8953365677842697,0.9476,0.7751645648654504,0.08488540731250407,,,0.9926367514590808,,0.9926509713367803,0.007349028663219737,0.9640127809750975,0.3846228741513741,5,0.1,0.5,0.553819884843632,0.5516452130999875,0.5610205952054058,0.5708685376205133,1.0,0.5697635589969945,0.5567883711219807,0.5669064093129683,0.5617135698282155,0.5301790443935697,0.552389441028339,0.5656508310914413
6,5,0.19881573188794802,0.941718448682237,4667,0.8788718700408935,0.9550128534704371,778,0.8953593304743782,0.9476,0.7789189410926162,0.0849603379783693,,,0.9940362772953281,,0.9940464836102605,0.0059535163897395105,0.9640125753201575,0.38462288036642,5,0.1,0.5,0.5584346001280228,0.5595584312660722,0.563061087898372,0.5752083183768789,0.5697635589969945,1.0,0.5666285618978251,0.5611564361470603,0.5646615514686674,0.5285525077511194,0.5580091876114367,0.5702531961557702
6,6,0.2068855209994529,0.9385133617785762,4453,0.9010917569200197,0.9528301886792453,742,0.8953388278095867,0.9476,0.7659182200781098,0.08385466156664304,,,0.9733848832783119,,0.9733949098940816,0.026605090105918383,0.9640112445720411,0.3846222372906553,5,0.1,0.5,0.5400543548361402,0.5457568918395561,0.5530950424923884,0.5633903162199804,0.5567883711219807,0.5666285618978251,1.0,0.5422309528912543,0.556789162677779,0.5283029701776882,0.5520839564139403,0.5565070367840756
6,7,0.200728104301075,0.9398176291793313,4277,0.8962760619495226,0.9593267882187938,713,0.895361529371609,0.9476,0.7703586718902876,0.08419092241983668,,,0.9796654327213068,,0.9796747151247427,0.02032528487525731,0.9640117899845125,0.3846225942774632,5,0.1,0.5,0.5572436274599772,0.5494174374547292,0.5479898977958512,0.5713729059652815,0.5669064093129683,0.5611564361470603,0.5422309528912543,1.0,0.5594280876641007,0.5232229141808707,0.5574824985672878,0.5635145904103777
6,8,0.2034985483230132,0.9390651489464762,4129,0.9008235497908159,0.9447674418604651,688,0.8955634643856328,0.9476,0.771875558372637,0.0822188786613472,,,0.9428323663345685,,0.9428492545554942,0.057150745444505824,0.9639848109271312,0.3846168871674953,5,0.1,0.5,0.5566656360946445,0.5548537383531907,0.5546512793020385,0.5700102068509305,0.5617135698282155,0.5646615514686674,0.556789162677779,0.5594280876641007,1.0,0.5252796349696336,0.5553207282103491,0.5704311921049579
6,9,0.19837481484837122,0.9406148462884278,4001,0.9132378243264698,0.9370314842578711,667,0.8970612742649481,0.9476,0.729633971128223,0.07457162840032128,,,0.8,,0.8,0.19999999999999996,0.9631545385497734,0.38432942980584117,5,0.1,0.5,0.5164192855252718,0.5194445732684041,0.518149342415092,0.54252899092693,0.5301790443935697,0.5285525077511194,0.5283029701776882,0.5232229141808707,0.5252796349696336,1.0,0.5310263284334925,0.5338864099624441
6,10,0.2102241293924143,0.9363332476214965,3889,0.8963948346319652,0.9506172839506173,648,0.8953654255729895,0.9476,0.7680245149392398,0.08379159494580378,,,0.9722069494610932,,0.9722252898950856,0.02777471010491439,0.9640101864790709,0.38462216168888647,5,0.1,0.5,0.5499624898787129,0.5465195174955733,0.5526594231838619,0.5613129224024266,0.552389441028339,0.5580091876114367,0.5520839564139403,0.5574824985672878,0.5553207282103491,0.5310263284334925,1.0,0.5656074048637632
