round,client_id,client_i_training_loss,client_i_training_accuracy,client_i_training_dataset_size,client_i_evaluation_loss,client_i_evaluation_accuracy,client_i_evaluation_dataset_size,client_i_central_evaluation_loss,client_i_central_evaluation_accuracy,client_i_cosine_similarity,client_i_importance_coefficient,client_i_tanh_val,tanh_normalization_value,client_i_q,client_i_mask_order,client_i_v_nonzero_fraction,client_i_v_sparsity,client_i_v_cosine_similarity,client_i_reward_gradient_norm,local_epochs,learning_rate,gamma,client_0_cosine_similarity,client_1_cosine_similarity,client_2_cosine_similarity,client_3_cosine_similarity,client_4_cosine_similarity,client_5_cosine_similarity,client_6_cosine_similarity,client_7_cosine_similarity,client_8_cosine_similarity,client_9_cosine_similarity,client_10_cosine_similarity,client_11_cosine_similarity
0,0,0.27918282736614636,0.9127830533235939,8214,2.194542457891065,0.32505478451424397,1369,2.1957464819899,0.3429,0.7924031124573295,0.08552953968100536,,,0.9633161234512578,,0.9633251342804076,0.03667486571959244,0,0.3874097471412663,5,0.1,0.5,1.0,0.557080903631911,0.5552662701441707,0.5597860557352908,0.5540506154726836,0.5820031871168254,0.5486804836923143,0.5610581483383977,0.4859544732201005,0.547828346282814,0.550568734296871,0.5693546570053197
0,1,0.3048949343835013,0.9056282324307879,6574,2.19108168057033,0.34854014598540145,1096,2.1957507392468925,0.3428,0.7830748998582091,0.08452268128140222,,,0.9402926435514057,,0.9403092214246273,0.05969077857537275,0,0.38740603377393934,5,0.1,0.5,0.557080903631911,1.0,0.5678320975169925,0.5562368085021824,0.5789864457896928,0.5922236522113116,0.5487941619779567,0.5600593232735467,0.48473222856681375,0.5665483941818569,0.5532682935506319,0.5671070820806334
0,2,0.33053620398991346,0.8959017810824832,5783,2.1993512876572145,0.3215767634854772,964,2.1957522779227063,0.3428,0.7847649623366353,0.08470510139502806,,,0.9444639806739332,,0.9444706591034586,0.05552934089654138,0,0.38740696824067866,5,0.1,0.5,0.5552662701441707,0.5678320975169925,1.0,0.5868957913350704,0.5855292094834451,0.5857391951213909,0.5737997869654548,0.5756965352518718,0.49277962714201956,0.5642645503489404,0.5648830779925286,0.5733613853548779
0,3,0.3395827892601086,0.8941933043313789,5287,2.195207212652479,0.3620885357548241,881,2.1957519374335535,0.3427,0.7791513312380418,0.08409918342694647,,,0.9306086658008744,,0.9306309924200592,0.0693690075799408,0,0.38740331282380364,5,0.1,0.5,0.5597860557352908,0.5562368085021824,0.5868957913350704,1.0,0.5782074368768734,0.5882505221962513,0.5659421817672089,0.5757143448316167,0.4904401200760856,0.5534767522975398,0.5834496852851668,0.5794205761431713
0,4,0.3420210551085972,0.8908206686930091,4935,2.198292988997239,0.3309002433090024,822,2.195747975724193,0.3428,0.7896693369938851,0.08523446441779176,,,0.9565687403095768,,0.9565835048441343,0.04341649515586565,0,0.38740902132898136,5,0.1,0.5,0.5540506154726836,0.5789864457896928,0.5855292094834451,0.5782074368768734,1.0,0.6041103816077334,0.5935110393115824,0.5863458243215335,0.5164334466823292,0.582038116574903,0.585661015697483,0.5980041215689418
0,5,0.36215628709337894,0.8867366616670238,4667,2.195457000732422,0.35475578406169667,778,2.1957440711438845,0.3429,0.7951111575265737,0.08582183768509775,,,0.9699999999771334,,0.9700015059484965,0.029998494051503455,0,0.38741025482282904,5,0.1,0.5,0.5820031871168254,0.5922236522113116,0.5857391951213909,0.5882505221962513,0.6041103816077334,1.0,0.5751320596248044,0.6005446561612234,0.5092961522750462,0.5873538218931456,0.5902142209699768,0.5979398782937907
0,6,0.36365211273543535,0.8855602964293735,4453,2.2022866904735565,0.330188679245283,742,2.195769374743818,0.3427,0.7697056129687082,0.08307964182894945,,,0.9072951636263882,,0.9073088700366447,0.09269112996335527,0,0.3873925917796266,5,0.1,0.5,0.5486804836923143,0.5487941619779567,0.5737997869654548,0.5659421817672089,0.5935110393115824,0.5751320596248044,1.0,0.5851817136518296,0.4992266394370767,0.5714408051005798,0.5839158111527083,0.572563546652974
0,7,0.37302117702175874,0.8826747720364742,4277,2.194278115811555,0.33660589060308554,713,2.195762659414127,0.3427,0.7754972805474356,0.08370477650372096,,,0.9215899002298426,,0.9216103609256563,0.07838963907434371,0,0.38739999007448517,5,0.1,0.5,0.5610581483383977,0.5600593232735467,0.5756965352518718,0.5757143448316167,0.5863458243215335,0.6005446561612234,0.5851817136518296,1.0,0.5008780576510741,0.5743624442000667,0.5749227544463253,0.5823558089537435
0,8,0.44862114873072223,0.8676677161540325,4129,2.196630694649436,0.3546511627906977,688,2.1961679359594473,0.3424,0.6857177290568217,0.07401424955974353,,,0.7,,0.7,0.30000000000000004,0,0.386640312129683,5,0.1,0.5,0.4859544732201005,0.48473222856681375,0.49277962714201956,0.4904401200760856,0.5164334466823292,0.5092961522750462,0.4992266394370767,0.5008780576510741,1.0,0.4936251065521981,0.4935979421046389,0.5125777587735464
0,9,0.39409592544016914,0.876030992251937,4001,2.2021949972425188,0.3493253373313343,667,2.1957840523399863,0.3427,0.7644089802268678,0.08250793968246986,,,0.894222250013746,,0.8942322172581698,0.10576778274183019,0,0.38738346129335965,5,0.1,0.5,0.547828346282814,0.5665483941818569,0.5642645503489404,0.5534767522975398,0.582038116574903,0.5873538218931456,0.5714408051005798,0.5743624442000667,0.4936251065521981,1.0,0.5856866861874452,0.5780760512840578
0,10,0.372074169160218,0.8851118539470301,3889,2.1938195455641973,0.3287037037037037,648,2.195773660946197,0.3427,0.7687187997724035,0.08297312826646563,,,0.9048595551377722,,0.9048692334722153,0.09513076652778474,0,0.38739107399587114,5,0.1,0.5,0.550568734296871,0.5532682935506319,0.5648830779925286,0.5834496852851668,0.585661015697483,0.5902142209699768,0.5839158111527083,0.5749227544463253,0.4935979421046389,0.5856866861874452,1.0,0.5940215707519721
0,11,0.4159948506275145,0.8699551569506726,3791,2.1913804054260253,0.3876582278481013,632,2.195758162976835,0.3427,0.7764485748930158,0.083807456271379,,,0.923937842669145,,0.9239496009236484,0.07605039907635158,0,0.38740087809530294,5,0.1,0.5,0.5693546570053197,0.5671070820806334,0.5733613853548779,0.5794205761431713,0.5980041215689418,0.5979398782937907,0.572563546652974,0.5823558089537435,0.5125777587735464,0.5780760512840578,0.5940215707519721,1.0
1,0,0.25395564423431916,0.9232529827124422,8214,2.0382008912951446,0.6449963476990505,1369,2.041297197341919,0.65,0.7971345609092667,0.08485408986388729,,,0.9472670586717077,,0.9472817629637066,0.052718237036293414,0.9538375872936264,0.39787350186937287,5,0.1,0.5,1.0,0.600701644136121,0.6102653989774307,0.6078269373623687,0.6152336829953878,0.6176435978341044,0.604420133939346,0.6204287958776563,0.5990047989305805,0.5001051714132108,0.6156554283158695,0.6077627830704271
1,1,0.27200913068033683,0.9152722847581382,6574,2.0355609451021466,0.6742700729927007,1096,2.041307313373675,0.65,0.7979673202457573,0.08421309215255808,,,0.9278290507082981,,0.9278449877014207,0.07215501229857935,0.9538203527603768,0.3978688317332406,5,0.1,0.5,0.600701644136121,1.0,0.6144743847833514,0.613821594337847,0.6142553705398661,0.6207213562788737,0.6055449697248642,0.6123974967923147,0.5939156226649086,0.5079496465986421,0.6208365375682997,0.6065891478508151
1,2,0.2970942332476213,0.9102541933252637,5783,2.046935804428593,0.6452282157676349,964,2.0413086585724316,0.65,0.804403133999105,0.08455997074717889,,,0.9383480100827297,,0.9383565082074193,0.06164349179258066,0.9538200764481732,0.3978716717197721,5,0.1,0.5,0.6102653989774307,0.6144743847833514,1.0,0.6261235162854545,0.6126514932414533,0.6212971008247188,0.6182542213555933,0.6252177655902373,0.5939397452324776,0.5063111881297729,0.6257078195727647,0.6171602699265581
1,3,0.3018430558280144,0.906601097030452,5287,2.0402591611657823,0.637911464245176,881,2.0413043384734815,0.6499,0.8074973125931754,0.08426506311679409,,,0.9294050501211366,,0.9294161939661664,0.07058380603383363,0.9538086466429812,0.3978693070105277,5,0.1,0.5,0.6078269373623687,0.613821594337847,0.6261235162854545,1.0,0.6255854389367358,0.6277810615019801,0.6266302170668535,0.633250129289817,0.5979885925985182,0.5109026194596407,0.6223390235173778,0.6115091051031393
1,4,0.2956693673145867,0.9075987841945289,4935,2.0423284402260413,0.648418491484185,822,2.0413038364995404,0.65,0.808554162082124,0.08505773621897642,,,0.953442555716359,,0.9534511319712866,0.046548868028713386,0.95383628212767,0.3978744509897522,5,0.1,0.5,0.6152336829953878,0.6142553705398661,0.6126514932414533,0.6255854389367358,1.0,0.6252722925164907,0.6243146298245343,0.6247996846888063,0.5967541921422479,0.5135428024497497,0.6370815588364379,0.6192916576063322
1,5,0.3174906270616777,0.9034497535890293,4667,2.044005012512207,0.6478149100257069,778,2.041299075364305,0.65,0.8129800636352588,0.08560374298529812,,,0.9699999999696753,,0.9700015059484965,0.029998494051503455,0.9538422929801577,0.3978760127374822,5,0.1,0.5,0.6176435978341044,0.6207213562788737,0.6212971008247188,0.6277810615019801,0.6252722925164907,1.0,0.629973464370215,0.6269737728144806,0.6113611682433308,0.5084244687099679,0.6319341884571283,0.6282211621283037
1,6,0.3209799962331142,0.9020435661351898,4453,2.0517968833446503,0.6388140161725068,742,2.041347762266287,0.6498,0.8077424256480646,0.08359503703631925,,,0.9090867680777346,,0.9091009487475529,0.09089905125244713,0.9537538705157306,0.3978610837855889,5,0.1,0.5,0.604420133939346,0.6055449697248642,0.6182542213555933,0.6266302170668535,0.6243146298245343,0.629973464370215,1.0,0.6339399581528723,0.6053019414024271,0.5044269521355881,0.6279397165243957,0.6308861611682929
1,7,0.3211939238720754,0.9033902267944821,4277,2.0378308037052983,0.6479663394109397,713,2.0413163713753795,0.65,0.8140720880534714,0.08423287035128803,,,0.9284288169439956,,0.9284423472717233,0.07155765272827674,0.9538019863492854,0.397869004543048,5,0.1,0.5,0.6204287958776563,0.6123974967923147,0.6252177655902373,0.633250129289817,0.6247996846888063,0.6269737728144806,0.6339399581528723,1.0,0.6096080872208207,0.5149593157625795,0.6385679044356263,0.6292103132909005
1,8,0.3576597930563282,0.8933397917171227,4129,2.0461652224714104,0.6482558139534884,688,2.0424635810212206,0.6488,0.7831655517021896,0.0767000846286786,,,0.7,,0.7,0.30000000000000004,0.9514122885331242,0.3970553284176813,5,0.1,0.5,0.5990047989305805,0.5939156226649086,0.5939397452324776,0.5979885925985182,0.5967541921422479,0.6113611682433308,0.6053019414024271,0.6096080872208207,1.0,0.4910837328669991,0.6181974392775236,0.6049669858233068
1,9,0.40774608720773053,0.886978255436141,4001,2.0511087690080916,0.6341829085457271,667,2.0416940439242524,0.6485,0.6885223548798773,0.07903800470564613,,,0.7708965231399559,,0.7709100948747553,0.22908990512524474,0.9529847549037325,0.3975537007485723,5,0.1,0.5,0.5001051714132108,0.5079496465986421,0.5063111881297729,0.5109026194596407,0.5135428024497497,0.5084244687099679,0.5044269521355881,0.5149593157625795,0.4910837328669991,1.0,0.511637307924317,0.5084084120212874
1,10,0.32209029374033454,0.9019799434301877,3889,2.034256066594805,0.6790123456790124,648,2.0413426244601656,0.6497,0.8159856358414233,0.08381291619316827,,,0.9156938693372852,,0.9157120626474574,0.08428793735254259,0.9537649894131663,0.397864247657524,5,0.1,0.5,0.6156554283158695,0.6208365375682997,0.6257078195727647,0.6223390235173778,0.6370815588364379,0.6319341884571283,0.6279397165243957,0.6385679044356263,0.6181974392775236,0.511637307924317,1.0,0.64141132910375
1,11,0.3626055891085573,0.8895805855974677,3791,2.038005477190018,0.6487341772151899,632,2.041312503738525,0.6499,0.8073975230825349,0.08406739200020674,,,0.9234107498756751,,0.923422518949852,0.07657748105014806,0.9538041252415486,0.39786732118281515,5,0.1,0.5,0.6077627830704271,0.6065891478508151,0.6171602699265581,0.6115091051031393,0.6192916576063322,0.6282211621283037,0.6308861611682929,0.6292103132909005,0.6049669858233068,0.5084084120212874,0.64141132910375,1.0
2,0,0.2289547025706213,0.9310202093985878,8214,1.836871587952902,0.8560993425858291,1369,1.842138037514001,0.859,0.7989876477846616,0.08397602540735295,,,0.9246208856471592,,0.9246322975754229,0.07536770242457713,0.9644666433387906,0.40476617779984636,5,0.1,0.5,1.0,0.6142274455616323,0.6161548403329805,0.6175668763148451,0.6244234128996935,0.6229822218442734,0.6093375117596402,0.6143810775822577,0.5996858822880713,0.6061255115150893,0.6196702883509085,0.6081966120509092
2,1,0.2464378308161225,0.9236081533313052,6574,1.8350129842758178,0.8576642335766423,1096,1.842151134539717,0.8588,0.8056979300032042,0.08378556646278164,,,0.9168443900492034,,0.916861603333166,0.08313839666683398,0.9644512196657409,0.40476290411121074,5,0.1,0.5,0.6142274455616323,1.0,0.6220454825922849,0.6256591929685724,0.6252002187615838,0.6272527752188178,0.618849182790017,0.6222171451937647,0.6042035624280363,0.6248235344064869,0.629167298782504,0.6081063456190661
2,2,0.27019873077862827,0.9190385613003631,5783,1.8498314311427455,0.8454356846473029,964,1.842148489464586,0.8591,0.8086635460863193,0.08411838653944617,,,0.9304335331945597,,0.9304502786004719,0.06954972139952809,0.9644663780408322,0.40476809454630797,5,0.1,0.5,0.6161548403329805,0.6220454825922849,1.0,0.6249703477432763,0.6281473278016143,0.6263702902776892,0.6209754152781406,0.6246461782290611,0.6137185677793203,0.624690559072045,0.6287031587490886,0.619125384637803
2,3,0.27168605538893,0.9173066010970304,5287,1.8401235469749995,0.8694665153234961,881,1.842141493440817,0.8589,0.8102805925121764,0.0839795581639077,,,0.9247651291525429,,0.9247778725967571,0.07522212740324286,0.9644672589836141,0.404766208701084,5,0.1,0.5,0.6175668763148451,0.6256591929685724,0.6249703477432763,1.0,0.634701342399744,0.6272818442288198,0.6247567915585142,0.6295051308018338,0.6084380683032324,0.6228470409301813,0.631711153785439,0.6183315545742015
2,4,0.2615872330470912,0.9203242147922999,4935,1.8413398632636437,0.8576642335766423,822,1.8421371904805826,0.859,0.817554190238829,0.08475740366752718,,,0.9565247934119537,,0.9565433462175593,0.04345665378244068,0.9644757755966192,0.4047733117402559,5,0.1,0.5,0.6244234128996935,0.6252002187615838,0.6281473278016143,0.634701342399744,1.0,0.633750839600417,0.6389368194375094,0.6331568868529155,0.616567314437912,0.6323080510898133,0.640772008057166,0.6255819530737249
2,5,0.2852790205624618,0.9133061924148275,4667,1.848029990196228,0.8586118251928021,778,1.8421317948320042,0.8589,0.8166562472894975,0.0850874332527735,,,0.9699999999591696,,0.9700015059484965,0.029998494051503455,0.9644835729393767,0.4047744842114474,5,0.1,0.5,0.6229822218442734,0.6272527752188178,0.6263702902776892,0.6272818442288198,0.633750839600417,1.0,0.6365614910647691,0.636221055081958,0.6180820491716477,0.6243883155556459,0.6423693485084477,0.6269423928120024
2,6,0.28318062686494416,0.9156972827307434,4453,1.8561765551567078,0.8571428571428571,742,1.8421914257561436,0.8592,0.8118711564034949,0.08359158486229983,,,0.9089240633581855,,0.9089352944129311,0.09106470558706892,0.9644237623303696,0.4047588517667903,5,0.1,0.5,0.6093375117596402,0.618849182790017,0.6209754152781406,0.6247567915585142,0.6389368194375094,0.6365614910647691,1.0,0.6329583189036825,0.6223757231197309,0.6236077840229586,0.633715684633287,0.6231610660193437
2,7,0.2845756856029603,0.9154079962590601,4277,1.8374193595803303,0.8695652173913043,713,1.8421518143754416,0.8591,0.8155294115279078,0.08414105762051854,,,0.9313592002067184,,0.9313789468400181,0.0686210531599819,0.9644676218854329,0.4047683790468879,5,0.1,0.5,0.6143810775822577,0.6222171451937647,0.6246461782290611,0.6295051308018338,0.6331568868529155,0.636221055081958,0.6329583189036825,1.0,0.6245199039358821,0.6304000912059199,0.6403238191182878,0.6299524367004725
2,8,0.29704540129016654,0.9110680552191814,4129,1.8529017025774175,0.8662790697674418,688,1.844538170689592,0.8591,0.7959533332894909,0.07847469691431334,,,0.7,,0.7,0.30000000000000004,0.9625644375108807,0.4038928669167368,5,0.1,0.5,0.5996858822880713,0.6042035624280363,0.6137185677793203,0.6084380683032324,0.616567314437912,0.6180820491716477,0.6223757231197309,0.6245199039358821,1.0,0.6147718156776653,0.625792454000081,0.6150288259457161
2,9,0.30404073040219143,0.9090727318170457,4001,1.8562635637464977,0.8500749625187406,667,1.8430229714884163,0.8589,0.8064046129539305,0.08038573003568,,,0.7780280531812525,,0.7780432709201345,0.22195672907986552,0.9634639708639673,0.40446470092540265,5,0.1,0.5,0.6061255115150893,0.6248235344064869,0.624690559072045,0.6228470409301813,0.6323080510898133,0.6243883155556459,0.6236077840229586,0.6304000912059199,0.6147718156776653,1.0,0.6378891802215282,0.6107996662022853
2,10,0.28835424018840566,0.9134996142967344,3889,1.8295153776804607,0.8657407407407407,648,1.8421853978793843,0.8592,0.820136851534319,0.08402363092931078,,,0.9265646333287224,,0.9265850107926309,0.07341498920736911,0.9644513201628505,0.4047668818746407,5,0.1,0.5,0.6196702883509085,0.629167298782504,0.6287031587490886,0.631711153785439,0.640772008057166,0.6423693485084477,0.633715684633287,0.6403238191182878,0.625792454000081,0.6378891802215282,1.0,0.6346042393896216
2,11,0.3243465084989532,0.9051965180691111,3791,1.8401718437671661,0.8623417721518988,632,1.8421464187268632,0.859,0.8054042545216787,0.08367892614408831,,,0.9124902339829191,,0.9125043923497816,0.08749560765021835,0.9644391367884562,0.4047607640746596,5,0.1,0.5,0.6081966120509092,0.6081063456190661,0.619125384637803,0.6183315545742015,0.6255819530737249,0.6269423928120024,0.6231610660193437,0.6299524367004725,0.6150288259457161,0.6107996662022853,0.6346042393896216,1.0
3,0,0.21433226576488074,0.9364743121499878,8214,1.6112883395926898,0.9218407596785975,1369,1.6193416057684171,0.9138,0.7976178409889527,0.08395632113848935,,,0.9423566868366364,,0.9423723708649164,0.05762762913508357,0.9683593389133811,0.396392232880141,5,0.1,0.5,1.0,0.6109176444767421,0.6150791125477166,0.616494040413473,0.6067790498289466,0.6083114317455685,0.6047515625788766,0.6120240607529688,0.4730411999807351,0.613502465802031,0.6123438949816206,0.6040251228891699
3,1,0.22600604409116853,0.9323090964405233,6574,1.611199266569955,0.9124087591240876,1096,1.6193538348133953,0.9139,0.8020176719994261,0.08398372388114986,,,0.9431324805866786,,0.9431504442548064,0.05684955574519357,0.9683576526040305,0.3963924328247371,5,0.1,0.5,0.6109176444767421,1.0,0.622801873763031,0.607632913260115,0.6196845321329876,0.6133778579511677,0.6123874931652729,0.6136438754959828,0.4821130809444923,0.6090949272163657,0.6260240677912166,0.6022349689632047
3,2,0.24859161058965637,0.9267162372471036,5783,1.6282056916144587,0.9066390041493776,964,1.6193410253372436,0.9139,0.8049438702906462,0.08430822233713446,,,0.9523192936429496,,0.9523317102555092,0.04766828974449078,0.9683730489357089,0.39639407796839177,5,0.1,0.5,0.6150791125477166,0.622801873763031,1.0,0.6183771633919531,0.6121996117453332,0.614874978385136,0.6173678177852585,0.6164506287502354,0.47749770876582454,0.6179831710067117,0.6257627925654958,0.6078129883662953
3,3,0.2500393567612417,0.9255532438055608,5287,1.6167770411287035,0.9148694665153235,881,1.6193373336578711,0.9139,0.8014785943016314,0.08409411788939022,,,0.9462578240129191,,0.9462777972993324,0.05372220270066763,0.968361350696522,0.39639306879095926,5,0.1,0.5,0.616494040413473,0.607632913260115,0.6183771633919531,1.0,0.6156480614166756,0.6116737838683601,0.6133057386235768,0.6186080867793654,0.4751763939168452,0.6130635156733286,0.6207045543640792,0.6030163977213009
3,4,0.2385930472636415,0.926484295845998,4935,1.6168519304348872,0.916058394160584,822,1.6193334884917774,0.9138,0.8050511564275367,0.08473792505989226,,,0.9644845243580499,,0.9644947542794037,0.03550524572059632,0.9683874477153197,0.39639546086819455,5,0.1,0.5,0.6067790498289466,0.6196845321329876,0.6121996117453332,0.6156480614166756,1.0,0.6162094632154916,0.6202603641524951,0.6206219845119846,0.4748152459786772,0.6175309157605434,0.6301244323540719,0.6101873700014107
3,5,0.2546649087003547,0.9223055496035998,4667,1.6283220720291138,0.9074550128534704,778,1.61932466624263,0.9138,0.8043338731563854,0.08493274379732428,,,0.9699999999716892,,0.9700015059484965,0.029998494051503455,0.9683872730849824,0.3963958365012803,5,0.1,0.5,0.6083114317455685,0.6133778579511677,0.614874978385136,0.6116737838683601,0.6162094632154916,1.0,0.6167711731858438,0.619059397027696,0.4764928688802249,0.6157196163984257,0.6319763489035948,0.6113179692268713
3,6,0.2588145351556263,0.923602066022906,4453,1.6372657765944798,0.9123989218328841,742,1.6193915651248285,0.9139,0.8047114972075565,0.08394892891790613,,,0.9421474071087479,,0.9421615380753978,0.05783846192460218,0.9683471601261651,0.3963922062216479,5,0.1,0.5,0.6047515625788766,0.6123874931652729,0.6173678177852585,0.6133057386235768,0.6202603641524951,0.6167711731858438,1.0,0.625438960257265,0.481165428320886,0.6143556011942028,0.6304031117933439,0.610156842221355
3,7,0.2528078492327746,0.9234510170680383,4277,1.612878467725671,0.9186535764375876,713,1.6193423465417978,0.9139,0.8100248627623129,0.08450158392475582,,,0.9577935161699913,,0.957808342954671,0.04219165704532901,0.9683792749738147,0.39639480430637924,5,0.1,0.5,0.6120240607529688,0.6136438754959828,0.6164506287502354,0.6186080867793654,0.6206219845119846,0.619059397027696,0.625438960257265,1.0,0.4989107876239708,0.6183132196928857,0.6335549324901052,0.6187802128537371
3,8,0.3436033467481656,0.906127391620247,4129,1.636423333124681,0.9142441860465116,688,1.6228938552137382,0.9139,0.6581252755366974,0.07539574956766042,,,0.7,,0.7,0.30000000000000004,0.9659960543414277,0.39547267581160483,5,0.1,0.5,0.4730411999807351,0.4821130809444923,0.47749770876582454,0.4751763939168452,0.4748152459786772,0.4764928688802249,0.481165428320886,0.4989107876239708,1.0,0.4766615573309114,0.49194801535961247,0.48342766138818105
3,9,0.2707619826971264,0.9195701074731317,4001,1.6367241257712954,0.896551724137931,667,1.6203846992395174,0.9138,0.8020917556894259,0.08172015087936507,,,0.879048902920579,,0.8790572762411526,0.1209427237588474,0.9676260351529273,0.396351320152507,5,0.1,0.5,0.613502465802031,0.6090949272163657,0.6179831710067117,0.6130635156733286,0.6175309157605434,0.6157196163984257,0.6143556011942028,0.6183132196928857,0.4766615573309114,1.0,0.6295136985696647,0.6103665185668702
3,10,0.253714904320411,0.9238364618153767,3889,1.6013229915073939,0.9351851851851852,648,1.619377165937576,0.9139,0.8163136307596435,0.08464393376672996,,,0.9618235550274588,,0.9618342452688118,0.03816575473118822,0.9683722721693884,0.3963952301235135,5,0.1,0.5,0.6123438949816206,0.6260240677912166,0.6257627925654958,0.6207045543640792,0.6301244323540719,0.6319763489035948,0.6304031117933439,0.6335549324901052,0.49194801535961247,0.6295136985696647,1.0,0.622745440145398
3,11,0.2926048654248985,0.9145871801635452,3791,1.62042955160141,0.9082278481012658,632,1.6193494118821508,0.9138,0.7981397698727701,0.083776598840202,,,0.9372686035932217,,0.9372822649465389,0.06271773505346112,0.96835185154935,0.3963909502137081,5,0.1,0.5,0.6040251228891699,0.6022349689632047,0.6078129883662953,0.6030163977213009,0.6101873700014107,0.6113179692268713,0.610156842221355,0.6187802128537371,0.48342766138818105,0.6103665185668702,0.622745440145398,1.0
4,0,0.20224589044952962,0.9396883369856343,8214,1.3571203226266906,0.9444850255661067,1369,1.3684641397037445,0.9346,0.7975409572774802,0.08379312086366693,,,0.934174434565335,,0.9341850308719442,0.06581496912805584,0.9687648722364078,0.3981307808958284,5,0.1,0.5,1.0,0.601675150916212,0.5975060846528488,0.6031251706955413,0.6032708111922629,0.6109526731005248,0.5873511606893194,0.6019024671994393,0.6030451827533926,0.603715405566822,0.6053257910688445,0.5999548451791721
4,1,0.21061603739265425,0.937207179799209,6574,1.3598332847867693,0.9306569343065694,1096,1.368486106967012,0.9346,0.7938529566642992,0.08368219981663529,,,0.9297098969890345,,0.9297224034938005,0.07027759650619947,0.9687649566450527,0.3981291941857217,5,0.1,0.5,0.601675150916212,1.0,0.6034692827118067,0.5970921678777783,0.6024611134506777,0.6143189027701523,0.5939521709494144,0.5938226060351351,0.5894279810558268,0.5994889603800583,0.5990241921495483,0.5865118640413911
4,2,0.23006553043050496,0.9305896593463601,5783,1.378185845190479,0.9232365145228216,964,1.3684576997360862,0.9346,0.791475572435519,0.08381485920453005,,,0.9350493960106786,,0.9350685206565935,0.06493147934340648,0.9687720500414387,0.39813108791966506,5,0.1,0.5,0.5975060846528488,0.6034692827118067,1.0,0.599974900298527,0.5966923604061612,0.6015965360523137,0.5924286447351926,0.5917183726937728,0.5924086887670837,0.5937887291261833,0.5950173062881827,0.5929720260047725
4,3,0.22742208381329315,0.9324002269718177,5287,1.365222121988024,0.945516458569807,881,1.3684622384488774,0.9346,0.7929187090608759,0.08372293661530303,,,0.9313495404404567,,0.9313638873550525,0.06863611264494751,0.9687661841837102,0.3981297899750588,5,0.1,0.5,0.6031251706955413,0.5970921678777783,0.599974900298527,1.0,0.599988429984418,0.6032973995934288,0.5968519934189223,0.5982869242549181,0.5952998497621751,0.5960017181207412,0.5998230333701146,0.5827406062714455
4,4,0.21291434359466357,0.9360891590678825,4935,1.3648118789379413,0.9428223844282239,822,1.3684487548499062,0.9346,0.7964564786950151,0.08427520822477541,,,0.9535783006153402,,0.9535967069926209,0.04640329300737911,0.9687834839816993,0.3981353345988852,5,0.1,0.5,0.6032708111922629,0.6024611134506777,0.5966923604061612,0.599988429984418,1.0,0.6012933502772501,0.6029753096864209,0.5921781914890679,0.5985662821952724,0.6078473587659138,0.6060669778163095,0.5923216481005299
4,5,0.23775324060690067,0.9280908506535247,4667,1.3804643440246582,0.9215938303341902,778,1.3684432079997688,0.9346,0.8044052322489652,0.08468320391395723,,,0.9699999999597503,,0.9700015059484965,0.029998494051503455,0.9687860287493798,0.3981370476920443,5,0.1,0.5,0.6109526731005248,0.6143189027701523,0.6015965360523137,0.6032973995934288,0.6012933502772501,1.0,0.6069508463771164,0.6062230234055516,0.6134060225764306,0.6085387454048156,0.610342228606292,0.6026039055984743
4,6,0.2355730339099786,0.9303840107792499,4453,1.389358143011729,0.9272237196765498,742,1.3685156011733766,0.9346,0.7942607365470022,0.08367332835529695,,,0.9293528234348118,,0.9293659956829476,0.07063400431705236,0.9687661162159584,0.39812903224318774,5,0.1,0.5,0.5873511606893194,0.5939521709494144,0.5924286447351926,0.5968519934189223,0.6029753096864209,0.6069508463771164,1.0,0.602202187661583,0.5999044778345277,0.6026789822625991,0.6062589984902398,0.59491052635724
4,7,0.23281236641845707,0.9300911854103343,4277,1.3609711709229841,0.9396914446002805,713,1.3684497671767164,0.9346,0.7971632104009034,0.08414270070436287,,,0.9482449142125289,,0.9482556096581497,0.0517443903418503,0.9687810728350286,0.3981343978688907,5,0.1,0.5,0.6019024671994393,0.5938226060351351,0.5917183726937728,0.5982869242549181,0.5921781914890679,0.6062230234055516,0.602202187661583,1.0,0.6075761089093793,0.6034097614272438,0.6074578988378925,0.6075259544932267
4,8,0.245464720440527,0.926858803584403,4129,1.392092683098533,0.936046511627907,688,1.3736979104459477,0.9342,0.79405769192012,0.07797507744346702,,,0.7,,0.7,0.30000000000000004,0.9663974367197201,0.3971330823134169,5,0.1,0.5,0.6030451827533926,0.5894279810558268,0.5924086887670837,0.5952998497621751,0.5985662821952724,0.6134060225764306,0.5999044778345277,0.6075761089093793,1.0,0.604484691053695,0.6149433036842709,0.6061735839253141
4,9,0.2444674648261363,0.925568607848038,4001,1.3894453105472384,0.9250374812593704,667,1.3696323419912173,0.9345,0.7978338714871346,0.08231546905854825,,,0.8746994098952332,,0.87470508508609,0.12529491491390998,0.9686254100449955,0.3980830186442619,5,0.1,0.5,0.603715405566822,0.5994889603800583,0.5937887291261833,0.5960017181207412,0.6078473587659138,0.6085387454048156,0.6026789822625991,0.6034097614272438,0.604484691053695,1.0,0.6161714501806458,0.5950846180936792
4,10,0.2268631544246598,0.9340190280277706,3889,1.3455617371059598,0.9506172839506173,648,1.3684878334069785,0.9346,0.8029117399792667,0.08443873228906537,,,0.9601600932434212,,0.9601827217509161,0.039817278249083876,0.9687826154926564,0.39813622154366735,5,0.1,0.5,0.6053257910688445,0.5990241921495483,0.5950173062881827,0.5998230333701146,0.6060669778163095,0.610342228606292,0.6062589984902398,0.6074578988378925,0.6149433036842709,0.6161714501806458,1.0,0.606622415803759
4,11,0.2653925167568842,0.9200211026114482,3791,1.3730709254741669,0.9224683544303798,632,1.3684683539235174,0.9346,0.7921048542979787,0.08348316351039152,,,0.9216987476891201,,0.9217157773204157,0.07828422267958435,0.9687576286729667,0.39812568436019086,5,0.1,0.5,0.5999548451791721,0.5865118640413911,0.5929720260047725,0.5827406062714455,0.5923216481005299,0.6026039055984743,0.59491052635724,0.6075259544932267,0.6061735839253141,0.5950846180936792,0.606622415803759,1.0
5,0,0.18893941084524538,0.9427562697832969,8214,1.1054401966028435,0.9495982468955442,1369,1.1198800369954338,0.9433,0.7817672952101283,0.083576068279761,,,0.921591965055873,,0.9216103609256563,0.07838963907434371,0.9692810673564746,0.39180698460234714,5,0.1,0.5,1.0,0.5781538226128192,0.5859302660142255,0.579340077234072,0.5843119603987231,0.5736948323257217,0.5668103269690913,0.5816341750847169,0.5785491459514198,0.5670195179087794,0.5803108178698511,0.5732651874184405
5,1,0.19691472067362042,0.9409796166717371,6574,1.1112555061067855,0.9397810218978102,1096,1.1198952350372704,0.9433,0.7818670376725669,0.08350538082269322,,,0.9175323224671399,,0.9175543396415843,0.08244566035841572,0.9692781415739555,0.3918047017384747,5,0.1,0.5,0.5781538226128192,1.0,0.5899557822111281,0.5750895848411822,0.5904196650364577,0.5790732046844485,0.5648079431154431,0.5739578376789554,0.5763058292700856,0.5727222881045017,0.5795664360900871,0.570330905809578
5,2,0.2126154772134611,0.9359847829846101,5783,1.1300161230948664,0.9356846473029046,964,1.119852869084087,0.9433,0.7881721916231688,0.08381610811994952,,,0.9353776633769735,,0.9353998293258371,0.0646001706741629,0.9692842904638576,0.3918130530054832,5,0.1,0.5,0.5859302660142255,0.5899557822111281,1.0,0.5818152636078625,0.5906047528241525,0.578283801761109,0.5720271216910643,0.5879400050885885,0.5819857580055161,0.5739218663254456,0.5881291600952376,0.5784513963980873
5,3,0.21341211368730964,0.9350104028749764,5287,1.115543863603047,0.9523269012485811,881,1.1198661197869542,0.9432,0.7800813273329118,0.08346976133578278,,,0.9154866641276155,,0.9155062496862607,0.08449375031373929,0.9692744690307943,0.3918032886263534,5,0.1,0.5,0.579340077234072,0.5750895848411822,0.5818152636078625,1.0,0.5941437164288698,0.5699413698536955,0.5684508947726067,0.578188363143587,0.5739505988094777,0.5672707924056506,0.5797278808601456,0.5653439346221273
5,4,0.2038046758159274,0.9384397163120567,4935,1.1149563949841719,0.948905109489051,822,1.1198095151791558,0.9433,0.7932031409190773,0.0843011777442675,,,0.9632356368713949,,0.9632498368555795,0.03675016314442048,0.9693065278457175,0.3918196854598117,5,0.1,0.5,0.5843119603987231,0.5904196650364577,0.5906047528241525,0.5941437164288698,1.0,0.5831130339975428,0.580619389900065,0.5880015983389792,0.5852934221680763,0.5789725934311821,0.600604628553634,0.5779536759327429
5,5,0.21721462040425163,0.9341332761945575,4667,1.1344886898994446,0.9331619537275064,778,1.119801137584467,0.9433,0.7839080207887921,0.08424684596794753,,,0.9601153153572315,,0.9601375432960193,0.0398624567039807,0.9693091480988963,0.39181929035598073,5,0.1,0.5,0.5736948323257217,0.5790732046844485,0.578283801761109,0.5699413698536955,0.5831130339975428,1.0,0.5768753826297895,0.5842699908905916,0.5848546885063526,0.569526562964504,0.5893379688873761,0.575969306080145
5,6,0.2176696417760104,0.9336626993038402,4453,1.1423097600539525,0.9393530997304582,742,1.1198982143173584,0.9433,0.7761577361585339,0.08329843803218552,,,0.9056474167055577,,0.9056673861753928,0.09433261382460723,0.9692612160143466,0.39179608518270487,5,0.1,0.5,0.5668103269690913,0.5648079431154431,0.5720271216910643,0.5684508947726067,0.580619389900065,0.5768753826297895,1.0,0.576823251753507,0.5755491365008517,0.5654553709356587,0.5803394889863955,0.5691529244684217
5,7,0.21575630332357182,0.9357493570259527,4277,1.1119219842164412,0.9495091164095372,713,1.1198105842541581,0.9433,0.7885387710048947,0.08404831939906934,,,0.9487137605772902,,0.9487274735204057,0.05127252647959435,0.9693026085806457,0.3918170976573076,5,0.1,0.5,0.5816341750847169,0.5739578376789554,0.5879400050885885,0.578188363143587,0.5880015983389792,0.5842699908905916,0.576823251753507,1.0,0.5890610879306407,0.5790443846100187,0.5938832309653712,0.5785289338822943
5,8,0.22561112861937055,0.9307338338580771,4129,1.1488856673240662,0.9462209302325582,688,1.1260278803852801,0.9435,0.7827184739338412,0.0797176565663943,,,0.7,,0.7,0.30000000000000004,0.9668530527597421,0.3908092023787339,5,0.1,0.5,0.5785491459514198,0.5763058292700856,0.5819857580055161,0.5739505988094777,0.5852934221680763,0.5848546885063526,0.5755491365008517,0.5890610879306407,1.0,0.5699215704490456,0.5939882182126397,0.5775319124927467
5,9,0.2313420938306658,0.9322169457635591,4001,1.1440774770010085,0.9340329835082459,667,1.1210294276380692,0.9431,0.775109683976428,0.08235321780374108,,,0.8513625908778846,,0.8513779428743536,0.14862205712564636,0.9690119558888282,0.3917132522820523,5,0.1,0.5,0.5670195179087794,0.5727222881045017,0.5739218663254456,0.5672707924056506,0.5789725934311821,0.569526562964504,0.5654553709356587,0.5790443846100187,0.5699215704490456,1.0,0.5841346036521695,0.5658168818386985
5,10,0.2092883359381288,0.9381331961943944,3889,1.093978756950015,0.9521604938271605,648,1.1198404701753928,0.9433,0.7934416014101823,0.08441896043418003,,,0.969999999942569,,0.9700015059484965,0.029998494051503455,0.9693094981787023,0.3918203853420274,5,0.1,0.5,0.5803108178698511,0.5795664360900871,0.5881291600952376,0.5797278808601456,0.600604628553634,0.5893379688873761,0.5803394889863955,0.5938832309653712,0.5939882182126397,0.5841346036521695,1.0,0.5860745931494032
5,11,0.24652659919332057,0.9288314428910578,3791,1.1272287040948867,0.935126582278481,632,1.1198496073960496,0.9433,0.7783401216265952,0.08324806549402809,,,0.9027544777077604,,0.902770945233673,0.09722905476632704,0.9692546568864246,0.39179347687313426,5,0.1,0.5,0.5732651874184405,0.570330905809578,0.5784513963980873,0.5653439346221273,0.5779536759327429,0.575969306080145,0.5691529244684217,0.5785289338822943,0.5775319124927467,0.5658168818386985,0.5860745931494032,1.0
6,0,0.17705826906465602,0.94572680788897,8214,0.907970384109852,0.9510591672753835,1369,0.9246935429283605,0.9468,0.7696196228338728,0.08565270945395928,,,0.9621942217184172,,0.9622107323929522,0.037789267607047816,0.9558618195558898,0.3558544180481223,5,0.1,0.5,1.0,0.5626126241247559,0.5625293832230128,0.5607293599375814,0.563288122219531,0.5661701661342327,0.5452910575140322,0.5554576781158966,0.328676001787138,0.19954719653563152,0.5615130401395094,0.5514756913621379
6,1,0.18034081101932933,0.944721630666261,6574,0.9172331265040806,0.9443430656934306,1096,0.924700335763133,0.9468,0.7676186144809416,0.08553121601942282,,,0.9601414573646551,,0.9601626424376286,0.03983735756237139,0.9558559575191934,0.35585413922677034,5,0.1,0.5,0.5626126241247559,1.0,0.5676681117974605,0.5532986750265937,0.5624265400814887,0.5649660639347366,0.5434400607631494,0.5506795591639034,0.3259435698759542,0.20922651237129075,0.5580318669141044,0.5423551933434115
6,2,0.19899565788160867,0.9402386304686149,5783,0.9350188066882472,0.9387966804979253,964,0.924662528517909,0.9468,0.7696631585653737,0.08581998804768214,,,0.9650205763741388,,0.9650419155664877,0.03495808443351234,0.9558760976845612,0.3558547706277819,5,0.1,0.5,0.5625293832230128,0.5676681117974605,1.0,0.5650212963993736,0.5560719821733678,0.5606963120509643,0.5461617675546186,0.5544635867799484,0.3263543162875496,0.20834465408332828,0.5591365179200934,0.5501216251010341
6,3,0.19778641494221041,0.9400416114999054,5287,0.9201854403529849,0.9580022701475596,881,0.9246752121197149,0.9468,0.7629480321326145,0.08533694131052759,,,0.9568589738396875,,0.9568746548868029,0.0431253451131971,0.9558569865625899,0.3558536061044676,5,0.1,0.5,0.5607293599375814,0.5532986750265937,0.5650212963993736,1.0,0.5543764467605902,0.5580797075556391,0.5471200535730617,0.5527242846872743,0.32011691146475546,0.19832166055727274,0.5446148822841137,0.5465188781110689
6,4,0.1861173817727174,0.9433434650455927,4935,0.9205483862986932,0.9525547445255474,822,0.9246224991429728,0.9468,0.7668605148871442,0.08605300347600262,,,0.9689576266926015,,0.968967421314191,0.031032578685808998,0.9558920058303102,0.35585512915436784,5,0.1,0.5,0.563288122219531,0.5624265400814887,0.5560719821733678,0.5543764467605902,1.0,0.5540965633232232,0.5536989951118125,0.5591573432697294,0.3220077367268519,0.199702231634921,0.5616791590511464,0.5432752013447487
6,5,0.20259891864971244,0.9399185772444826,4667,0.9395677399635315,0.9383033419023136,778,0.924614841945636,0.9468,0.7686510670978408,0.08608055140672387,,,0.9694230790886117,,0.9694292455198033,0.03057075448019675,0.9558891141484911,0.35585516921185045,5,0.1,0.5,0.5661701661342327,0.5649660639347366,0.5606963120509643,0.5580797075556391,0.5540965633232232,1.0,0.5560740747732065,0.5570578003996433,0.32649947331949436,0.19353379172626148,0.5605544765831085,0.5477490201073745
6,6,0.20118237082447324,0.9411183471816753,4453,0.947633092602094,0.9407008086253369,742,0.924702554465102,0.9468,0.7562448310164884,0.08497514464139264,,,0.9507460237157266,,0.9507605039907635,0.049239496009236494,0.9558363589229832,0.3558524761572651,5,0.1,0.5,0.5452910575140322,0.5434400607631494,0.5461617675546186,0.5471200535730617,0.5536989951118125,0.5560740747732065,1.0,0.5520013768162231,0.3222503225944769,0.18724624654093464,0.5528953852132144,0.5384817480678827
6,7,0.19600873375867509,0.9419686696282441,4277,0.9153269969898722,0.9523141654978962,713,0.9246170078984465,0.9468,0.7650425234068573,0.0858124086417675,,,0.9648925140278598,,0.9649013603734752,0.03509863962652482,0.9558855905831763,0.3558547344248505,5,0.1,0.5,0.5554576781158966,0.5506795591639034,0.5544635867799484,0.5527242846872743,0.5591573432697294,0.5570578003996433,0.5520013768162231,1.0,0.3291700073579848,0.1962990686348958,0.555911109483549,0.5530513446311005
6,8,0.3240315953570462,0.918430612739162,4129,0.9557115652344443,0.9491279069767442,688,0.9307485775063975,0.947,0.5111195259050735,0.07359772068800884,,,0.7585120119088012,,0.7585261784046986,0.2414738215953014,0.9534367034911126,0.3553717055375133,5,0.1,0.5,0.328676001787138,0.3259435698759542,0.3263543162875496,0.32011691146475546,0.3220077367268519,0.32649947331949436,0.3222503225944769,0.3291700073579848,1.0,0.15201705757381123,0.32582859947880977,0.31357399516415496
6,9,0.4668817345303971,0.9048737815546114,4001,0.950811124983288,0.9385307346326837,667,0.9261705633550407,0.9466,0.36572446273666653,0.07013467083749382,,,0.7,,0.7,0.30000000000000004,0.9533472141114214,0.35487262709602296,5,0.1,0.5,0.19954719653563152,0.20922651237129075,0.20834465408332828,0.19832166055727274,0.199702231634921,0.19353379172626148,0.18724624654093464,0.1962990686348958,0.15201705757381123,1.0,0.19227382333717896,0.19443346849256596
6,10,0.1927651747984842,0.9442015942401646,3889,0.8965809969674974,0.9567901234567902,648,0.9246509536005818,0.9468,0.7663207292321986,0.0861146966318196,,,0.9699999999831039,,0.9700015059484965,0.029998494051503455,0.9558911589858098,0.3558552126006894,5,0.1,0.5,0.5615130401395094,0.5580318669141044,0.5591365179200934,0.5446148822841137,0.5616791590511464,0.5605544765831085,0.5528953852132144,0.555911109483549,0.32582859947880977,0.19227382333717896,1.0,0.5521686062352141
