round,client_id,client_i_training_loss,client_i_training_accuracy,client_i_training_dataset_size,client_i_evaluation_loss,client_i_evaluation_accuracy,client_i_evaluation_dataset_size,client_i_central_evaluation_loss,client_i_central_evaluation_accuracy,client_i_cosine_similarity,client_i_importance_coefficient,client_i_tanh_val,tanh_normalization_value,client_i_q,client_i_mask_order,client_i_v_nonzero_fraction,client_i_v_sparsity,client_i_v_cosine_similarity,client_i_reward_gradient_norm,local_epochs,learning_rate,gamma,client_0_cosine_similarity,client_1_cosine_similarity,client_2_cosine_similarity,client_3_cosine_similarity,client_4_cosine_similarity,client_5_cosine_similarity,client_6_cosine_similarity,client_7_cosine_similarity,client_8_cosine_similarity,client_9_cosine_similarity,client_10_cosine_similarity,client_11_cosine_similarity
0,0,2.1914802476125934,0.3920379839298758,8214,2.277449840723082,0.30094959824689554,1369,2.275061706384531,0.2959,0.9664297848788493,0.08162332813518891,,,0.65,,0.6500178811339539,0.34998211886604613,0,0.09853808017216033,5,0.001,0.1,1.0,0.9822002927539631,0.974416522684662,0.9624475817116973,0.9515319035072495,0.9451739597543272,0.9382461479120169,0.9335076133961079,0.9237409664338934,0.9233238382670179,0.912838176742023,0.9077374699586086
0,1,2.2282503343322904,0.2872528141162154,6574,2.2759540285382953,0.2782846715328467,1096,2.275026137836444,0.2962,0.9882840657995291,0.08346911059208087,,,0.9055830196833432,,0.9056021109403544,0.09439788905964563,0,0.0985955305373552,5,0.001,0.1,0.9822002927539631,1.0,0.9849420651136218,0.9859436840119788,0.9713868270882127,0.9803451277824,0.9680622792434082,0.9666028341764277,0.9573036200530691,0.9605286156329516,0.9574366747229685,0.94456617613186
0,2,2.2415826262690084,0.3296558879474321,5783,2.273676610762073,0.30809128630705396,964,2.275026015961132,0.2962,0.9927120555728387,0.08384309250768524,,,0.9573677936366476,,0.957384908322943,0.042615091677057015,0,0.09859594720478743,5,0.001,0.1,0.974416522684662,0.9849420651136218,1.0,0.9881899805250464,0.980092872514429,0.9819619757345671,0.9824849384422752,0.9769658420966832,0.9683415884666946,0.9733056968745653,0.9607792206139988,0.9596458048748112
0,3,2.250014906044466,0.28965386797805937,5287,2.274407207965851,0.28603859250851305,881,2.2750258925623785,0.2962,0.9963574315929721,0.08415097594394005,,,0.9999999998615314,,1.0,0.0,0,0.0985959877684397,5,0.001,0.1,0.9624475817116973,0.9859436840119788,0.9881899805250464,1.0,0.9888738772596947,0.9907919679543987,0.9861033406115103,0.9852421004891636,0.9804125778163801,0.9788319078833209,0.973662785525051,0.9741875813795288
0,4,2.257548561403828,0.29491388044579536,4935,2.271184490277217,0.2871046228710462,822,2.275025923031207,0.2962,0.9914652556092118,0.08373778950053215,,,0.9427866275574981,,0.9428093677810963,0.05719063221890375,0,0.09859589964456858,5,0.001,0.1,0.9515319035072495,0.9713868270882127,0.980092872514429,0.9888738772596947,1.0,0.9833291489242602,0.9863487470003686,0.9811632670967503,0.9869192381340205,0.9764531597662575,0.9636454816036172,0.9793262743959102
0,5,2.2594912172996833,0.26848082279837154,4667,2.2745962715148926,0.30719794344473006,778,2.275025971019611,0.2962,0.993935226192605,0.08394639981301112,,,0.9716726175621058,,0.9716898154860285,0.028310184513971492,0,0.09859597474571567,5,0.001,0.1,0.9451739597543272,0.9803451277824,0.9819619757345671,0.9907919679543987,0.9833291489242602,1.0,0.9880540854056599,0.9871070503742314,0.98493902001006,0.9859212497149769,0.9804447317318383,0.9779847795033081
0,6,2.263767615386418,0.27302941836963845,4453,2.2716759939988456,0.33153638814016173,742,2.275025939789062,0.2962,0.9921659884015975,0.0837969724267446,,,0.9509816079240054,,0.9510008602275254,0.04899913977247461,0,0.09859592982392305,5,0.001,0.1,0.9382461479120169,0.9680622792434082,0.9824849384422752,0.9861033406115103,0.9863487470003686,0.9880540854056599,1.0,0.9866042687664625,0.9886088238322438,0.9894663443639244,0.9772456187306512,0.9852818077651014
0,7,2.2633691221920413,0.2862754267009586,4277,2.27332936162534,0.3169705469845722,713,2.2750260304338252,0.2962,0.9895230871899149,0.08357375663165492,,,0.9200732163435037,,0.920090662181885,0.07990933781811504,0,0.09859572934768619,5,0.001,0.1,0.9335076133961079,0.9666028341764277,0.9769658420966832,0.9852421004891636,0.9811632670967503,0.9871070503742314,0.9866042687664625,1.0,0.9825144156795296,0.985326721465475,0.9838386814120946,0.9792393849517752
0,8,2.269718013176551,0.25856139501089853,4129,2.2769116813486274,0.27180232558139533,688,2.2750269848698625,0.2962,0.9856785500254154,0.08324905231954062,,,0.875111846012724,,0.8751413576130136,0.12485864238698641,0,0.09859481828022094,5,0.001,0.1,0.9237409664338934,0.9573036200530691,0.9683415884666946,0.9804125778163801,0.9869192381340205,0.98493902001006,0.9886088238322438,0.9825144156795296,1.0,0.9793008926639147,0.9753360316570354,0.9850111210375293
0,9,2.267268479059613,0.27233191702074483,4001,2.2729385580335344,0.28335832083958024,667,2.275026994010511,0.2962,0.9858930317950954,0.08326716715430618,,,0.8776201828717941,,0.8776447163665536,0.12235528363344639,0,0.09859487622737244,5,0.001,0.1,0.9233238382670179,0.9605286156329516,0.9733056968745653,0.9788319078833209,0.9764531597662575,0.9859212497149769,0.9894663443639244,0.985326721465475,0.9793008926639147,1.0,0.9788600850326082,0.9836201084707653
0,10,2.2674397347403352,0.2648495757264078,3889,2.27313004221235,0.30709876543209874,648,2.275030609136953,0.2962,0.9787696214535353,0.08266553373111482,,,0.7943128101814081,,0.7943282976193928,0.20567170238060717,0,0.0985885001888213,5,0.001,0.1,0.912838176742023,0.9574366747229685,0.9607792206139988,0.973662785525051,0.9636454816036172,0.9804447317318383,0.9772456187306512,0.9838386814120946,0.9753360316570354,0.9788600850326082,1.0,0.9712508672293213
0,11,2.2724695794722614,0.2536533896069639,3791,2.2808884620666503,0.27689873417721517,632,2.275030427085706,0.2962,0.9789032669332316,0.08267682124420031,,,0.7958757769700091,,0.7958892722861755,0.20411072771382455,0,0.09858860814446195,5,0.001,0.1,0.9077374699586086,0.94456617613186,0.9596458048748112,0.9741875813795288,0.9793262743959102,0.9779847795033081,0.9852818077651014,0.9792393849517752,0.9850111210375293,0.9836201084707653,0.9712508672293213,1.0
1,0,2.0371712820075367,0.4840516191867543,8214,2.233868665473406,0.3323593864134405,1369,2.231055781483269,0.3355,0.9759931667048465,0.08174040602580375,,,0.65,,0.6500178811339539,0.34998211886604613,0.9566096200685907,0.0992063695542528,5,0.001,0.1,1.0,0.9905512431757315,0.9860935692932686,0.9792145353286318,0.9724197041873569,0.9670236445785029,0.9649474240347197,0.9611705791675652,0.9568720028692661,0.9541997123613478,0.9484733709603115,0.9465425142373867
1,1,2.1193432975741264,0.40054761180407666,6574,2.2318811212267193,0.3102189781021898,1096,2.230928029496068,0.335,0.9912290279167449,0.08336774154357311,,,0.9041684298646276,,0.9041909511796715,0.09580904882032848,0.9574824019053833,0.09927805275059326,5,0.001,0.1,0.9905512431757315,1.0,0.9927641953771752,0.9923101808958346,0.9851303365545958,0.9877631418974582,0.9823603818579819,0.9815836823499627,0.9773692526243309,0.9761469675644301,0.974410761105521,0.9682984341250338
1,2,2.148569177922623,0.41992045651046167,5783,2.2294228769117788,0.3495850622406639,964,2.230926684297312,0.335,0.9940844644144529,0.08368997205173803,,,0.9544966021563641,,0.9545190941514193,0.045480905848580666,0.9574931459432677,0.09927859786196502,5,0.001,0.1,0.9860935692932686,0.9927641953771752,1.0,0.9937229866929658,0.9884638949654907,0.9884534554993608,0.9892129520698145,0.9867113712372101,0.9821525346838648,0.9821029643458253,0.9775917344756792,0.9753153395298887
1,3,2.1666316832404537,0.4068848118025345,5287,2.2309878383363997,0.3246311010215664,881,2.2309267711334715,0.335,0.997240839109697,0.08398131152011894,,,0.9999999998438132,,1.0,0.0,0.957489304431947,0.0992786529124012,5,0.001,0.1,0.9792145353286318,0.9923101808958346,0.9937229866929658,1.0,0.9929725254174326,0.9939617310862193,0.9916099654613054,0.991133167260104,0.9888783504749122,0.987150692804885,0.9855487779206789,0.9835728797341821
1,4,2.1816606503148233,0.41548125633232014,4935,2.2262909962580752,0.33941605839416056,822,2.230926710957536,0.335,0.9952305775269005,0.08366232524822909,,,0.9501785346393,,0.950198625569055,0.04980137443094501,0.9574917454605917,0.09927858107577586,5,0.001,0.1,0.9724197041873569,0.9851303365545958,0.9884638949654907,0.9929725254174326,1.0,0.9901128736407735,0.9920549703974118,0.9890497620189935,0.9912257350539273,0.9865198178748195,0.9808413753558413,0.9873003175588885
1,5,2.186953514896027,0.35217484465395327,4667,2.2309223556518556,0.34061696658097684,778,2.2309267505670127,0.335,0.9970692124535487,0.08385002109843105,,,0.9794941607145746,,0.9795140197755676,0.020485980224432376,0.9574919785180002,0.09927864825037115,5,0.001,0.1,0.9670236445785029,0.9877631418974582,0.9884534554993608,0.9939617310862193,0.9901128736407735,1.0,0.9934523178240544,0.9934699103696419,0.9925587180533837,0.992736100387326,0.9901909067286361,0.9881912664406963
1,6,2.1932689234188625,0.3744441949247698,4453,2.2261807918548584,0.36253369272237196,742,2.230926711719257,0.335,0.9967522944995858,0.08374792669636569,,,0.9635483563075702,,0.9635708141231962,0.03642918587680377,0.9574906572765015,0.09927861334208807,5,0.001,0.1,0.9649474240347197,0.9823603818579819,0.9892129520698145,0.9916099654613054,0.9920549703974118,0.9934523178240544,1.0,0.9923446196021016,0.9948768511580424,0.9931257892492882,0.9890660848573277,0.9910938231361679
1,7,2.195019027368346,0.3699789572129998,4277,2.228924792745839,0.3520336605890603,713,2.2309270529701304,0.335,0.9955234620177343,0.0835709803335157,,,0.9359116589426135,,0.935922714839408,0.06407728516059197,0.9574876535176197,0.09927848018353633,5,0.001,0.1,0.9611705791675652,0.9815836823499627,0.9867113712372101,0.991133167260104,0.9890497620189935,0.9934699103696419,0.9923446196021016,1.0,0.9912502902370466,0.9922945284132357,0.9927285896562779,0.9877464171102298
1,8,2.202839086605952,0.3726810365705982,4129,2.2325946526093916,0.31976744186046513,688,2.2309290265884645,0.335,0.9946642724604757,0.08334361369954035,,,0.9003999775898128,,0.9004214148326423,0.09957858516735774,0.9574820227335962,0.09927792367460368,5,0.001,0.1,0.9568720028692661,0.9773692526243309,0.9821525346838648,0.9888783504749122,0.9912257350539273,0.9925587180533837,0.9948768511580424,0.9912502902370466,1.0,0.990626635583792,0.9898465747445273,0.9935965546305165
1,9,2.2026516358057657,0.3648587853036741,4001,2.2296324457441057,0.3373313343328336,667,2.230928943560908,0.335,0.9936450868379788,0.08332177806287505,,,0.8969895379934831,,0.89700950116469,0.10299049883530997,0.9574821863220999,0.09927787940381493,5,0.001,0.1,0.9541997123613478,0.9761469675644301,0.9821029643458253,0.987150692804885,0.9865198178748195,0.992736100387326,0.9931257892492882,0.9922945284132357,0.990626635583792,1.0,0.9901160061448028,0.9920730752256935
1,10,2.2035935190857434,0.37084083311905375,3889,2.2278720991952077,0.35030864197530864,648,2.230938251787862,0.335,0.9909677048471992,0.08286538613502879,,,0.8257071144017095,,0.825721769555678,0.174278230444322,0.9573673417605132,0.09927417349478374,5,0.001,0.1,0.9484733709603115,0.974410761105521,0.9775917344756792,0.9855487779206789,0.9808413753558413,0.9901909067286361,0.9890660848573277,0.9927285896562779,0.9898465747445273,0.9901160061448028,1.0,0.9864034425430747
1,11,2.2110740120671375,0.3811131627538908,3791,2.238128387928009,0.31329113924050633,632,2.230938277686366,0.335,0.9905415332644141,0.08285853758478043,,,0.8246374608210749,,0.8246585669962595,0.1753414330037405,0.9573642725681235,0.09927412023782566,5,0.001,0.1,0.9465425142373867,0.9682984341250338,0.9753153395298887,0.9835728797341821,0.9873003175588885,0.9881912664406963,0.9910938231361679,0.9877464171102298,0.9935965546305165,0.9920730752256935,0.9864034425430747,1.0
2,0,1.8490556495198944,0.5438032627221816,8214,2.1812788386677586,0.35719503287070853,1369,2.178014743823213,0.368,0.9848898088115305,0.08202241987607005,,,0.65,,0.6500178811339539,0.34998211886604613,0.9824020777198716,0.09944357236239053,5,0.001,0.1,1.0,0.993806622164505,0.9912708417012583,0.9868962873412943,0.982890753865946,0.9789535298338932,0.9786971618351573,0.9740875206600798,0.9729453239733912,0.9698915091825658,0.9653337463823318,0.9674306107567778
2,1,1.9687883843496008,0.48354122299969576,6574,2.1789534841264997,0.3458029197080292,1096,2.1777595422519282,0.3685,0.9945651793660677,0.08333437219235063,,,0.9053036906844714,,0.9053218120837804,0.09467818791621962,0.982926562309773,0.09952022592036736,5,0.001,0.1,0.993806622164505,1.0,0.9957086016577373,0.9950133794758409,0.9910511120899184,0.9919313383454846,0.9896122282885758,0.9875433034813549,0.9859451949611263,0.9838341679038776,0.9825298218549132,0.9805396049423248
2,2,2.015457601178417,0.4825523084904029,5783,2.1759370065504506,0.39107883817427386,964,2.177756940975738,0.3685,0.9960081906846413,0.08357887261021607,,,0.9528830563979382,,0.9529001266177594,0.04709987338224064,0.9829361932532061,0.09952094063644262,5,0.001,0.1,0.9912708417012583,0.9957086016577373,1.0,0.9960012968461847,0.9924609918300408,0.9923361755489477,0.9930491398413639,0.9903474416721988,0.9879553343397955,0.9871293380380557,0.9843528485065788,0.9840611462395916
2,3,2.0489787574273994,0.4762247020994893,5287,2.1786471094403947,0.36095346197502837,881,2.1777569303116477,0.3685,0.9979646039705958,0.08382099673648215,,,0.9999999998054017,,1.0,0.0,0.9829397122222724,0.09952099166210651,5,0.001,0.1,0.9868962873412943,0.9950133794758409,0.9960012968461847,1.0,0.9952151325926777,0.9955034698546847,0.994524157707476,0.993250192489924,0.9925821055134363,0.9900392648024435,0.9896688492015625,0.9892593847389852
2,4,2.075700280281805,0.4722998986828774,4935,2.1722093453774085,0.3771289537712895,822,2.17775699810479,0.3685,0.9965412436535712,0.08357912351971346,,,0.9529318829596325,,0.9529532867457303,0.04704671325426968,0.9829356913226632,0.09952094092927061,5,0.001,0.1,0.982890753865946,0.9910511120899184,0.9924609918300408,0.9952151325926777,1.0,0.9931190440648218,0.9941719762487037,0.9919821271055373,0.9934259497425545,0.9889744137888544,0.9867354788357702,0.9908993430779056
2,5,2.0860683738368833,0.4272123419755732,4667,2.1784013748168944,0.37146529562982006,778,2.1777568084363357,0.3685,0.997974629368851,0.08374070221047913,,,0.9843748215302901,,0.9843805878543606,0.015619412145639444,0.9829396163523613,0.09952098934634755,5,0.001,0.1,0.9789535298338932,0.9919313383454846,0.9923361755489477,0.9955034698546847,0.9931190440648218,1.0,0.996148546322357,0.9956265623780398,0.9944304764402973,0.9942064830289621,0.9935442737733877,0.9921777223431874
2,6,2.096221570457731,0.45879182573545924,4453,2.17146098613739,0.3948787061994609,742,2.177756787869877,0.3685,0.998054305578171,0.0836805864160046,,,0.972676390110701,,0.9727046906563827,0.027295309343617347,0.9829397097019774,0.09952098333214103,5,0.001,0.1,0.9786971618351573,0.9896122282885758,0.9930491398413639,0.994524157707476,0.9941719762487037,0.996148546322357,1.0,0.9947619645465582,0.9964967781982853,0.9950189697631399,0.992703612384658,0.993752377883073
2,7,2.1013930076983436,0.43441664718260464,4277,2.175337418265965,0.3800841514726508,713,2.177757823810029,0.3686,0.9967451782383489,0.0835296242358516,,,0.9432994064592684,,0.9433168053662733,0.05668319463372673,0.9829316469222765,0.099520884756214,5,0.001,0.1,0.9740875206600798,0.9875433034813549,0.9903474416721988,0.993250192489924,0.9919821271055373,0.9956265623780398,0.9947619645465582,1.0,0.993977000376511,0.9947049698057352,0.9950998900553499,0.991881941403513
2,8,2.1124279519227835,0.4473722450956648,4129,2.1788687380877407,0.37209302325581395,688,2.1777602255153963,0.3685,0.9964261354921541,0.08337969945443571,,,0.914124298838701,,0.9141512260658605,0.08584877393413948,0.9829232352304261,0.09952044159729517,5,0.001,0.1,0.9729453239733912,0.9859451949611263,0.9879553343397955,0.9925821055134363,0.9934259497425545,0.9944304764402973,0.9964967781982853,0.993977000376511,1.0,0.9931563593869878,0.9934415801109824,0.9951092759212266
2,9,2.1153583466060577,0.44148962759310173,4001,2.177274533680507,0.3568215892053973,667,2.1777603565313566,0.3685,0.9952337270667976,0.0833277547521562,,,0.9040159480709977,,0.9040363035346652,0.09596369646533476,0.9829233786126254,0.0995202153043715,5,0.001,0.1,0.9698915091825658,0.9838341679038776,0.9871293380380557,0.9900392648024435,0.9889744137888544,0.9942064830289621,0.9950189697631399,0.9947049698057352,0.9931563593869878,1.0,0.9939093192150191,0.9943503637242355
2,10,2.1169909778188485,0.4394445872975058,3889,2.173476571128482,0.38271604938271603,648,2.1777799449408777,0.3681,0.993831303976679,0.08300218461778694,,,0.8406605533286357,,0.840679096471134,0.15932090352886596,0.9828443459926391,0.0995165236137638,5,0.001,0.1,0.9653337463823318,0.9825298218549132,0.9843528485065788,0.9896688492015625,0.9867354788357702,0.9935442737733877,0.992703612384658,0.9950998900553499,0.9934415801109824,0.9939093192150191,1.0,0.9911136703873094
2,11,2.1293762621759367,0.4597203903983118,3791,2.1865899562835693,0.3401898734177215,632,2.177780055390379,0.3681,0.9940071826010453,0.08300366337845347,,,0.8409483176407367,,0.8409690608055209,0.15903093919447908,0.9828446319009063,0.09951653838125867,5,0.001,0.1,0.9674306107567778,0.9805396049423248,0.9840611462395916,0.9892593847389852,0.9908993430779056,0.9921777223431874,0.993752377883073,0.991881941403513,0.9951092759212266,0.9943503637242355,0.9911136703873094,1.0
3,0,1.6711174020507455,0.5858290723155588,8214,2.117573671562727,0.422936449963477,1369,2.113891502538809,0.4326,0.9886397391390573,0.08227517486974875,,,0.65,,0.6500178811339539,0.34998211886604613,0.9915779018461797,0.09956918488684509,5,0.001,0.1,1.0,0.9950470275084744,0.9927160121190916,0.9900898775294824,0.987037708747282,0.9841954477109729,0.9844086990327255,0.9802654065065451,0.9805918201917129,0.9776332839584946,0.9733947046010789,0.976950555659973
3,1,1.8002430735282529,0.539671432917554,6574,2.114979376111712,0.4142335766423358,1096,2.113469980014399,0.4333,0.9964491020655702,0.08333262607772655,,,0.9099931045140197,,0.9100192343008476,0.08998076569915237,0.9921296752958058,0.09964916713220194,5,0.001,0.1,0.9950470275084744,1.0,0.9968027423761863,0.9966369512281241,0.9940598417332984,0.9945921113598283,0.9932864883986267,0.9910823458227046,0.9908090053439887,0.9887488264222116,0.9868162725721814,0.9876621785771156
3,2,1.8521339002893775,0.5434549541760332,5783,2.1114113407750286,0.4553941908713693,964,2.113466394595064,0.4332,0.997188171822785,0.08350655840647371,,,0.9527574474786509,,0.9527793081450981,0.04722069185490185,0.9921425922089082,0.09965038878094763,5,0.001,0.1,0.9927160121190916,0.9968027423761863,1.0,0.9973550595277244,0.994972322986149,0.9945980184780608,0.9950886945285029,0.9926285671540743,0.9917480797616095,0.991161967002064,0.987921232843049,0.9893354591217027
3,3,1.8981922607824027,0.5300926801588802,5287,2.1154978360448564,0.4199772985244041,881,2.113466788404666,0.4333,0.9985362549448862,0.08369870463306323,,,0.9999999997541322,,1.0,0.0,0.9921416015355767,0.0996504863048576,5,0.001,0.1,0.9900898775294824,0.9966369512281241,0.9973550595277244,1.0,0.9967176391370595,0.996520087186203,0.9963665120240188,0.9948385044348997,0.9946913349441353,0.9926539385897198,0.9920529200760985,0.9924790365234573
3,4,1.936307191233481,0.5188247213779129,4935,2.1067156333189745,0.451338199513382,822,2.113466501235962,0.4333,0.9974863904360738,0.08351634543993192,,,0.9551637629602394,,0.9551860121205091,0.04481398787949087,0.9921426386980209,0.09965039203641611,5,0.001,0.1,0.987037708747282,0.9940598417332984,0.994972322986149,0.9967176391370595,1.0,0.9949068968394529,0.9957208268884891,0.9940974960570755,0.9947066153007518,0.9917563011278842,0.9902800022231465,0.993569959978207
3,5,1.9531170645805254,0.49779301478465826,4667,2.1149679470062255,0.4267352185089974,778,2.1134665271344657,0.4333,0.9985816687755403,0.08365089187129168,,,0.9882443856183796,,0.9882564444573317,0.01174355554266826,0.992141492673921,0.09965048437672988,5,0.001,0.1,0.9841954477109729,0.9945921113598283,0.9945980184780608,0.996520087186203,0.9949068968394529,1.0,0.9972401501078906,0.9966799525183496,0.9965105031375066,0.9957661864146224,0.9951349133007099,0.9947371724189251
3,6,1.9660453002793448,0.5214013024927016,4453,2.1055468718210855,0.45417789757412397,742,2.1134664905718723,0.4333,0.9986542925258248,0.08361634247579731,,,0.9797498049456304,,0.9797701549376093,0.020229845062390672,0.992141382488987,0.09965047688353622,5,0.001,0.1,0.9844086990327255,0.9932864883986267,0.9950886945285029,0.9963665120240188,0.9957208268884891,0.9972401501078906,1.0,0.9961002055675917,0.9971200016674477,0.9962701215676899,0.9946142489797672,0.9955385049461428
3,7,1.9766350593139876,0.4988543371522095,4277,2.1105449925298276,0.4417952314165498,713,2.1134674160625226,0.4333,0.9974276885488835,0.08348406971576448,,,0.9472282046447156,,0.9472506548361218,0.05274934516387819,0.9921436202597329,0.09965030196753565,5,0.001,0.1,0.9802654065065451,0.9910823458227046,0.9926285671540743,0.9948385044348997,0.9940974960570755,0.9966799525183496,0.9961002055675917,1.0,0.9952186511978871,0.9954311004382034,0.9961510950823174,0.9945622054692356
3,8,1.99344961643219,0.5134899491402276,4129,2.113648208704862,0.44040697674418605,688,2.11347028622612,0.4332,0.9974307518217573,0.0833921542886502,,,0.9246291692775186,,0.9246479349706652,0.07535206502933478,0.9921371501788829,0.09964952717229163,5,0.001,0.1,0.9805918201917129,0.9908090053439887,0.9917480797616095,0.9946913349441353,0.9947066153007518,0.9965105031375066,0.9971200016674477,0.9952186511978871,1.0,0.9944269329761232,0.9949066798853095,0.9963766804759343
3,9,1.9973009115173703,0.4971757060734816,4001,2.1141344138554166,0.42128935532233885,667,2.1134707653484406,0.4333,0.9962968376515855,0.08332364627360497,,,0.9077852606590182,,0.907810672620601,0.092189327379399,0.9921315128048217,0.09964896757429362,5,0.001,0.1,0.9776332839584946,0.9887488264222116,0.991161967002064,0.9926539385897198,0.9917563011278842,0.9957661864146224,0.9962701215676899,0.9954311004382034,0.9944269329761232,1.0,0.9944054042062968,0.9952724598212409
3,10,2.001424442158371,0.501414245307277,3889,2.1074436619168235,0.4645061728395062,648,2.1134995393478833,0.4332,0.9951487989964316,0.08308674797445698,,,0.8495396188885929,,0.8495568378422788,0.15044316215772124,0.9921189724643401,0.0996449930162954,5,0.001,0.1,0.9733947046010789,0.9868162725721814,0.987921232843049,0.9920529200760985,0.9902800022231465,0.9951349133007099,0.9946142489797672,0.9961510950823174,0.9949066798853095,0.9944054042062968,1.0,0.9940967325193649
3,11,2.01902193983062,0.5163809021366395,3791,2.1241981029510497,0.3939873417721519,632,2.1134992643667103,0.4332,0.9960491295997395,0.08311673797349019,,,0.8569131912049249,,0.8569267646746117,0.1430732353253883,0.9921162024652997,0.09964552640710089,5,0.001,0.1,0.976950555659973,0.9876621785771156,0.9893354591217027,0.9924790365234573,0.993569959978207,0.9947371724189251,0.9955385049461428,0.9945622054692356,0.9963766804759343,0.9952724598212409,0.9940967325193649,1.0
4,0,1.519747600388434,0.6176040905770636,8214,2.0417339580003606,0.4718772826880935,1369,2.037620147577109,0.492,0.9897983193171026,0.08244886258961487,,,0.65,,0.6500178811339539,0.34998211886604613,0.9952587616337951,0.09962332438978642,5,0.001,0.1,1.0,0.9953407269560549,0.9932796420804505,0.9911530350333542,0.9877743904955197,0.9863783150648642,0.9865608735390461,0.9821383874067999,0.9829773420412592,0.9805297295760657,0.9769693909051215,0.9800259108665585
4,1,1.6432604793206003,0.5806510495892911,6574,2.0388319866997855,0.4726277372262774,1096,2.0369996460862816,0.492,0.9971854149045767,0.08333627399746722,,,0.9170762803957828,,0.9170943640598873,0.08290563594011269,0.9955170367095814,0.09970802385308593,5,0.001,0.1,0.9953407269560549,1.0,0.9974329596530392,0.9972261585376816,0.9950237708627081,0.9957340395523357,0.9948966295279696,0.9924097587754325,0.9926311658464911,0.9911171464346724,0.9890671495583607,0.9905001156697141
4,2,1.6881927441496876,0.5889676638422964,5783,2.034602795877764,0.5300829875518672,964,2.0369952098249247,0.492,0.9977265915892263,0.08346047533861074,,,0.9544560480202015,,0.9544804322401678,0.045519567759832236,0.9955308486766551,0.09970900490827612,5,0.001,0.1,0.9932796420804505,0.9974329596530392,1.0,0.9978086387166554,0.9964820260856582,0.9956860458100336,0.996086729103425,0.9935676337794292,0.993593174666729,0.9921222973251326,0.9900026360040188,0.9917552962904589
4,3,1.7391853152987469,0.5732929827879705,5287,2.0403708049229214,0.48467650397275824,881,2.0369954242493016,0.492,0.9987616923530567,0.08361180372396411,,,0.999999999699039,,1.0,0.0,0.9955346196412298,0.09970910651692666,5,0.001,0.1,0.9911530350333542,0.9972261585376816,0.9978086387166554,1.0,0.9976748049238785,0.9971995192267479,0.9969673032291213,0.995356578807639,0.9956773228655446,0.9938551226662922,0.9931933848027291,0.9940577728924472
4,4,1.781797253085721,0.5606484295845998,4935,2.028721034526825,0.5085158150851582,822,2.0369952486726803,0.492,0.9981369697483921,0.08347973360932652,,,0.9602520376413768,,0.9602700534500923,0.03972994654990769,0.9955315210568033,0.0997090428451576,5,0.001,0.1,0.9877743904955197,0.9950237708627081,0.9964820260856582,0.9976748049238785,1.0,0.9962970469538074,0.9968673590300512,0.9954040622702662,0.9953018621829292,0.993981478332191,0.9927665306085981,0.9950917683616725
4,5,1.8034163279076145,0.5541032783372616,4667,2.0396884870529175,0.4640102827763496,778,2.0369950944242388,0.492,0.9989142874347425,0.08358739396781892,,,0.9926536135483321,,0.9926687350789186,0.007331264921081382,0.9955339623306061,0.09970910493412655,5,0.001,0.1,0.9863783150648642,0.9957340395523357,0.9956860458100336,0.9971995192267479,0.9962970469538074,1.0,0.9977606790843637,0.9972482834065158,0.9970894621034427,0.9966625032328311,0.9958413118190489,0.9960528876462781
4,6,1.8168788477352686,0.571973950145969,4453,2.027273957928022,0.5202156334231806,742,2.03699497635753,0.492,0.998852628519459,0.08356420332995598,,,0.9856741345314601,,0.9856854273591015,0.014314572640898526,0.9955340033551359,0.09970910055275622,5,0.001,0.1,0.9865608735390461,0.9948966295279696,0.996086729103425,0.9969673032291213,0.9968673590300512,0.9977606790843637,1.0,0.9966782477215215,0.9974116585141634,0.9966875610156366,0.9950865683349774,0.9962098838842264
4,7,1.8313033123514546,0.5497311199438859,4277,2.033664475316587,0.49228611500701264,713,2.0369957940647017,0.492,0.9977543793439557,0.08344757374834888,,,0.9505731717039415,,0.9505900774204773,0.0494099225795227,0.9955306298867335,0.09970896449552406,5,0.001,0.1,0.9821383874067999,0.9924097587754325,0.9935676337794292,0.995356578807639,0.9954040622702662,0.9972482834065158,0.9966782477215215,1.0,0.996151028699832,0.9963278085289721,0.9968192198371755,0.9959436735307042
4,8,1.8506241477452792,0.5652700411721967,4129,2.035920414057645,0.5072674418604651,688,2.0369994316619042,0.4921,0.9978335387854995,0.08339373117663075,,,0.9343686540989415,,0.9343810711282512,0.0656189288717488,0.9955180536455009,0.09970830690415788,5,0.001,0.1,0.9829773420412592,0.9926311658464911,0.993593174666729,0.9956773228655446,0.9953018621829292,0.9970894621034427,0.9974116585141634,0.996151028699832,1.0,0.9952735437009852,0.9961863516000663,0.9967106984545445
4,9,1.855106110232217,0.5474131467133216,4001,2.039296655427842,0.48875562218890556,667,2.0370010731700128,0.4921,0.9970044819300502,0.0833249208703335,,,0.9136594311881823,,0.9136824503919351,0.08631754960806493,0.9955110174452763,0.09970787026076655,5,0.001,0.1,0.9805297295760657,0.9911171464346724,0.9921222973251326,0.9938551226662922,0.993981478332191,0.9966625032328311,0.9966875610156366,0.9963278085289721,0.9952735437009852,1.0,0.9959397921645479,0.9965763130551621
4,10,1.8637392948885434,0.5348418616610954,3889,2.028710189319792,0.5216049382716049,648,2.0370416066136223,0.4919,0.9960404155574596,0.08314842679092782,,,0.8605415854827455,,0.8605609843322605,0.13943901566773953,0.9954821751107036,0.09970442904412029,5,0.001,0.1,0.9769693909051215,0.9890671495583607,0.9900026360040188,0.9931933848027291,0.9927665306085981,0.9958413118190489,0.9950865683349774,0.9968192198371755,0.9961863516000663,0.9959397921645479,1.0,0.9956467268086785
4,11,1.8848370085243418,0.548351358480612,3791,2.0498706221580507,0.46044303797468356,632,2.0370393206898014,0.4919,0.996962314136344,0.0831966008570006,,,0.8750401036045685,,0.8750736992683233,0.12492630073167665,0.995485334409736,0.09970631496642436,5,0.001,0.1,0.9800259108665585,0.9905001156697141,0.9917552962904589,0.9940577728924472,0.9950917683616725,0.9960528876462781,0.9962098838842264,0.9959436735307042,0.9967106984545445,0.9965763130551621,0.9956467268086785,1.0
5,0,1.394926086242097,0.6416118821524227,8214,1.9534342011740042,0.5230094959824689,1369,1.9488493569742757,0.5386,0.9898968787064922,0.08255245923845668,,,1.0,,1.0,0.0,0.9962887612076635,0.09972817741277588,5,0.001,0.1,1.0,0.9952157513198702,0.9933875873601373,0.991214041534415,0.9877678059483487,0.9866558808889673,0.9869196166874826,0.9825220002904312,0.9835115844086063,0.9806572951287909,0.9782570781409019,0.9804564105473096
5,1,1.5085213797185026,0.614907210222087,6574,1.9504477773393905,0.5273722627737226,1096,1.948131442831728,0.5389,0.9971746202778894,0.08333194509976863,,,1.0,,1.0,0.0,0.9971672942797586,0.09972817741277588,5,0.001,0.1,0.9952157513198702,1.0,0.9973577000666476,0.9969232141082062,0.9949040182819945,0.9957929738220951,0.9952226121109686,0.9926937596605006,0.9931313354745783,0.9913979210922543,0.9901049253940842,0.9908002985984394
5,2,1.541863915143092,0.6277710530866333,5783,1.945120015451985,0.5632780082987552,964,1.9481252496615766,0.539,0.9980065024849206,0.08343501219200275,,,1.0,,1.0,0.0,0.9971776887080244,0.09972817741277588,5,0.001,0.1,0.9933875873601373,0.9973577000666476,1.0,0.9980197923717727,0.997022896499635,0.9960837251838496,0.9963315027811844,0.9942677040362244,0.9943006834242847,0.9927735941526958,0.9914137500510158,0.9925091797838193
5,3,1.591384943709316,0.6064308681672026,5287,1.953144154378346,0.5300794551645857,881,1.948125657182151,0.539,0.998675113555252,0.08354945072799633,,,1.0,,1.0,0.0,0.9971778431390949,0.09972817741277588,5,0.001,0.1,0.991214041534415,0.9969232141082062,0.9980197923717727,1.0,0.9978584256138281,0.9971805574560954,0.9971835927894743,0.995526052033625,0.9956914990769947,0.994029782115436,0.9936529930561186,0.9941609392649104
5,4,1.6339963588406963,0.5977710233029382,4935,1.9381308280504668,0.5535279805352799,822,1.9481253521130109,0.539,0.9983896621027658,0.08345920116559308,,,1.0,,1.0,0.0,0.9971778886510633,0.09972817741277588,5,0.001,0.1,0.9877678059483487,0.9949040182819945,0.997022896499635,0.9978584256138281,1.0,0.9967053499234728,0.9972318652622344,0.9957933680448491,0.99619408902551,0.9950018056605417,0.9940436876107891,0.9954735824556742
5,5,1.6575140072874828,0.598842939790015,4667,1.952163872718811,0.5077120822622108,778,1.948125159778534,0.539,0.9989806157350595,0.08354433942413664,,,1.0,,1.0,0.0,0.997178346187061,0.09972817741277588,5,0.001,0.1,0.9866558808889673,0.9957929738220951,0.9960837251838496,0.9971805574560954,0.9967053499234728,1.0,0.9982013263638123,0.9975343319467298,0.9972478599385468,0.9969034403001751,0.9962867449588029,0.9964654401917292
5,6,1.6679442141737257,0.6029193801931282,4453,1.9365533540646236,0.5498652291105122,742,1.9481249331666257,0.539,0.999043276631688,0.08353213424496403,,,1.0,,1.0,0.0,0.9971782327287966,0.09972817741277588,5,0.001,0.1,0.9869196166874826,0.9952226121109686,0.9963315027811844,0.9971835927894743,0.9972318652622344,0.9982013263638123,1.0,0.9972302095119073,0.9978071176653993,0.997211154290807,0.9959447582009923,0.9965251503436983
5,7,1.6859752416610718,0.5924713584288053,4277,1.9445914030075073,0.5371669004207573,713,1.9481255311173753,0.539,0.9979493914426721,0.0834252521730496,,,1.0,,1.0,0.0,0.9971775549817152,0.09972817741277588,5,0.001,0.1,0.9825220002904312,0.9926937596605006,0.9942677040362244,0.995526052033625,0.9957933680448491,0.9975343319467298,0.9972302095119073,1.0,0.996858165501332,0.9968202506394053,0.9970552066232643,0.9963903469805454
5,8,1.702063961670949,0.5820779849842577,4129,1.9453899589451877,0.563953488372093,688,1.948131426454733,0.5389,0.9981511743597068,0.08339873302451374,,,1.0,,1.0,0.0,0.9971703476708357,0.09972817741277588,5,0.001,0.1,0.9835115844086063,0.9931313354745783,0.9943006834242847,0.9956914990769947,0.99619408902551,0.9972478599385468,0.9978071176653993,0.996858165501332,1.0,0.9965786134677918,0.9966289696247118,0.9971670802761532
5,9,1.71032041651862,0.5913521619595101,4001,1.9522292330151512,0.5337331334332833,667,1.9481334214012462,0.5389,0.9972923672410791,0.08332878168190692,,,1.0,,1.0,0.0,0.9971661889312233,0.09972817741277588,5,0.001,0.1,0.9806572951287909,0.9913979210922543,0.9927735941526958,0.994029782115436,0.9950018056605417,0.9969034403001751,0.997211154290807,0.9968202506394053,0.9965786134677918,1.0,0.9963502018982514,0.9970998600949239
5,10,1.721005148184104,0.5734636153252765,3889,1.9370587155932473,0.5756172839506173,648,1.9481812528908824,0.5387,0.9965562560370381,0.08319672299040994,,,1.0,,1.0,0.0,0.9971373445071081,0.09972817741277588,5,0.001,0.1,0.9782570781409019,0.9901049253940842,0.9914137500510158,0.9936529930561186,0.9940436876107891,0.9962867449588029,0.9959447582009923,0.9970552066232643,0.9966289696247118,0.9963502018982514,1.0,0.9962672614778012
5,11,1.7432899921882052,0.5790556581376946,3791,1.9632277071475983,0.5158227848101266,632,1.9481779512125081,0.5387,0.9971659340225429,0.08324596803720162,,,1.0,,1.0,0.0,0.997156420918284,0.09972817741277588,5,0.001,0.1,0.9804564105473096,0.9908002985984394,0.9925091797838193,0.9941609392649104,0.9954735824556742,0.9964654401917292,0.9965251503436983,0.9963903469805454,0.9971670802761532,0.9970998600949239,0.9962672614778012,1.0
6,0,1.2918844878905478,0.657535914292671,8214,1.853881414546523,0.5748721694667641,1369,1.8488505480769344,0.5896,0.9898871079666814,0.08261747500563438,,,1.0,,1.0,0.0,0.9979099216917662,0.09972253372477581,5,0.001,0.1,1.0,0.9951210867176311,0.9932728407212759,0.9911367879610462,0.9876676379604846,0.9866838748961707,0.9869111076023421,0.9827565210690913,0.983338546970676,0.9798894760850245,0.9787442401156765,0.9802541441761333
6,1,1.3952696833217029,0.6328262853665957,6574,1.8508721317563739,0.5866788321167883,1096,1.8480463050805722,0.5898,0.9972271990303743,0.0833327717823153,,,1.0,,1.0,0.0,0.9979099216917662,0.09972253372477581,5,0.001,0.1,0.9951210867176311,1.0,0.9971722583907983,0.9969666056436954,0.9946977244702115,0.995726233853672,0.9953845169041144,0.9926784728918603,0.9931528941006258,0.9910965365813282,0.9905651970201433,0.9909447460289958
6,2,1.4171491462222778,0.6558879474321286,5783,1.8442288444888206,0.6141078838174274,964,1.8480386676879736,0.5898,0.9980519109204445,0.08342264231947587,,,1.0,,1.0,0.0,0.9979099216917662,0.09972253372477581,5,0.001,0.1,0.9932728407212759,0.9971722583907983,1.0,0.997884853424786,0.9968410649849354,0.9959618071314998,0.9964078595716465,0.9942601246238583,0.9947081436304344,0.9923764550583084,0.9919680569550207,0.9924934464454708
6,3,1.4632333298763598,0.6312464535653489,5287,1.855079050574984,0.5720771850170261,881,1.8480393581877883,0.5898,0.9985495884381633,0.08350892909624724,,,1.0,,1.0,0.0,0.9979099216917662,0.09972253372477581,5,0.001,0.1,0.9911367879610462,0.9969666056436954,0.997884853424786,1.0,0.9975035568702778,0.9969052483113806,0.996971300417969,0.9954303233069418,0.99541440266458,0.9934617511248152,0.9937788084943615,0.9938237522155917
6,4,1.5059545106272543,0.6246403242147923,4935,1.8361453322263865,0.610705596107056,822,1.8480388108914652,0.5898,0.9982329750595265,0.0834433308759744,,,1.0,,1.0,0.0,0.9979099216917662,0.09972253372477581,5,0.001,0.1,0.9876676379604846,0.9946977244702115,0.9968410649849354,0.9975035568702778,1.0,0.9965136914510336,0.9971078901482551,0.9955634617149081,0.9957182658293204,0.9944799646380326,0.9942399350262368,0.995129270460529
6,5,1.5262247060259728,0.6315406042425541,4667,1.8537094593048096,0.5449871465295629,778,1.8480386482640958,0.5898,0.9989432945858429,0.08351850687348927,,,1.0,,1.0,0.0,0.9979099216917662,0.09972253372477581,5,0.001,0.1,0.9866838748961707,0.995726233853672,0.9959618071314998,0.9969052483113806,0.9965136914510336,1.0,0.9981902108001508,0.9974778985027944,0.9972665474823643,0.9965195720333899,0.9963045185735768,0.9964018274978947
6,6,1.5328944213049753,0.6305412081742645,4453,1.8348605732123058,0.5970350404312669,742,1.8480383359586088,0.5898,0.9989805273504114,0.08351222056749691,,,1.0,,1.0,0.0,0.9979099216917662,0.09972253372477581,5,0.001,0.1,0.9869111076023421,0.9953845169041144,0.9964078595716465,0.996971300417969,0.9971078901482551,0.9981902108001508,1.0,0.9971806214218834,0.9976655774105594,0.9964583408117109,0.9958622637685773,0.9962572058586084
6,7,1.552004040355113,0.6227262099602525,4277,1.844275106554446,0.6016830294530154,713,1.8480386193187093,0.5898,0.9979222554920523,0.0834124669821828,,,1.0,,1.0,0.0,0.9979099216917662,0.09972253372477581,5,0.001,0.1,0.9827565210690913,0.9926784728918603,0.9942601246238583,0.9954303233069418,0.9955634617149081,0.9974778985027944,0.9971806214218834,1.0,0.9967364856215669,0.9965842183513237,0.9969155255235028,0.9961269348804542
6,8,1.5674337094563704,0.60837975296682,4129,1.8430056192658164,0.6191860465116279,688,1.8480463488795125,0.5899,0.9980213465812157,0.08339939572183662,,,1.0,,1.0,0.0,0.9979099216917662,0.09972253372477581,5,0.001,0.1,0.983338546970676,0.9931528941006258,0.9947081436304344,0.99541440266458,0.9957182658293204,0.9972665474823643,0.9976655774105594,0.9967364856215669,1.0,0.9958823124336188,0.9964309002418565,0.9965870944702921
6,9,1.572731359988924,0.6114471382154462,4001,1.8541801146098547,0.5802098950524738,667,1.8480486698424854,0.5899,0.996966764413943,0.08332242065032597,,,1.0,,1.0,0.0,0.9979099216917662,0.09972253372477581,5,0.001,0.1,0.9798894760850245,0.9910965365813282,0.9923764550583084,0.9934617511248152,0.9944799646380326,0.9965195720333899,0.9964583408117109,0.9965842183513237,0.9958823124336188,1.0,0.9968182691916256,0.9967009779114129
6,10,1.5870516165358122,0.6007199794291591,3889,1.8337159270331973,0.6141975308641975,648,1.8481032105680473,0.5897,0.9967890067345263,0.08323565390134703,,,1.0,,1.0,0.0,0.9979099216917662,0.09972253372477581,5,0.001,0.1,0.9787442401156765,0.9905651970201433,0.9919680569550207,0.9937788084943615,0.9942399350262368,0.9963045185735768,0.9958622637685773,0.9969155255235028,0.9964309002418565,0.9968182691916256,1.0,0.9965082943311682
6,11,1.6087278334032589,0.6038512265892905,3791,1.8654443621635437,0.5775316455696202,632,1.8480992218176016,0.5897,0.99704656657257,0.08327418622367418,,,1.0,,1.0,0.0,0.9979099216917662,0.09972253372477581,5,0.001,0.1,0.9802541441761333,0.9909447460289958,0.9924934464454708,0.9938237522155917,0.995129270460529,0.9964018274978947,0.9962572058586084,0.9961269348804542,0.9965870944702921,0.9967009779114129,0.9965082943311682,1.0
7,0,1.2048120715738735,0.6707085463842221,8214,1.745158406191094,0.6194302410518627,1369,1.7396707325316847,0.6321,0.9899478788452218,0.08266347919547251,,,1.0,,1.0,0.0,0.9979337080096943,0.0997094953624379,5,0.001,0.1,1.0,0.9951651153344119,0.9928464026047392,0.9907498197321645,0.9874605886633967,0.9866450381719456,0.9871433285982056,0.9829158728032035,0.9831043320699389,0.9793296837598717,0.979264903920734,0.9803289204488372
