round,client_id,client_i_training_loss,client_i_training_accuracy,client_i_training_dataset_size,client_i_evaluation_loss,client_i_evaluation_accuracy,client_i_evaluation_dataset_size,client_i_central_evaluation_loss,client_i_central_evaluation_accuracy,client_i_cosine_similarity,client_i_importance_coefficient,client_i_tanh_val,tanh_normalization_value,client_i_q,client_i_mask_order,client_i_v_nonzero_fraction,client_i_v_sparsity,client_i_v_cosine_similarity,client_i_reward_gradient_norm,local_epochs,learning_rate,gamma,client_0_cosine_similarity,client_1_cosine_similarity,client_2_cosine_similarity,client_3_cosine_similarity,client_4_cosine_similarity,client_5_cosine_similarity,client_6_cosine_similarity,client_7_cosine_similarity,client_8_cosine_similarity,client_9_cosine_similarity,client_10_cosine_similarity,client_11_cosine_similarity
0,0,2.2579495946566266,0.1489262235208181,6845,2.2991010275754062,0.15924032140248356,1369,2.299430463887468,0.1475,0.8962143342548967,0.07986147136687356,,,0.55,,0.5500404350481095,0.4499595649518905,0,0.13937825858082675,10,0.025,0.15,1.0,0.9211704591845423,0.8704755414039953,0.8534322000802601,0.8366161631291792,0.8119282624004303,0.7701380471137241,0.7667684415563247,0.7287034019684832,0.7518481824274407,0.7582188763342413,0.7532604022372753
0,1,2.286777736419855,0.14461482292807595,5478,2.29843971464369,0.1478102189781022,1096,2.2993337202675734,0.1476,0.9423968629446892,0.08397678681278864,,,0.8134742932287866,,0.8135284118103349,0.18647158818966514,0,0.14018667242672495,10,0.025,0.15,0.9211704591845423,1.0,0.9042240239005517,0.9215536736784146,0.8884783061935426,0.8905999544527031,0.801403425878991,0.831435274302756,0.7864898675408596,0.8181110530429095,0.848149445362378,0.8249470586160677
0,2,2.294201133753124,0.12431535269709544,4820,2.3031725883483887,0.12966804979253113,964,2.2993316740929326,0.1477,0.9543805847403278,0.08504465374871156,,,0.8818421959818938,,0.8818801472165834,0.11811985278341663,0,0.1402044670531096,10,0.025,0.15,0.8704755414039953,0.9042240239005517,1.0,0.906257656238581,0.9269211407367334,0.9297494889374117,0.8994831330129368,0.8582298705543674,0.8259214842938984,0.8439656094849596,0.8233243187369625,0.8649230836745841
0,3,2.2966309526988438,0.13679073990013618,4406,2.297891003744943,0.1532349602724177,881,2.299330439748643,0.1477,0.9733387943740738,0.08673401583316354,,,0.9899999999359771,,0.9900232707827895,0.00997672921721049,0,0.14021194190981565,10,0.025,0.15,0.8534322000802601,0.9215536736784146,0.906257656238581,1.0,0.936048406732627,0.9176003907326205,0.8954118240790435,0.9140117518947782,0.8951395027793232,0.9030319638148635,0.9123121007075202,0.8804652574631533
0,4,2.2968142466111616,0.11892023346303501,4112,2.2990659986223494,0.14720194647201945,822,2.2993305423591712,0.1477,0.9647158161326415,0.0859656240505239,,,0.9408053550747325,,0.9408575531019459,0.059142446898054146,0,0.14021121282232202,10,0.025,0.15,0.8366161631291792,0.8884783061935426,0.9269211407367334,0.936048406732627,1.0,0.9450780191004594,0.8953037323620946,0.9130613483709493,0.8536861177525389,0.8616148373402414,0.8942067087657037,0.8959178555471414
0,5,2.2968943249794744,0.1286448958601183,3889,2.301299980708531,0.13496143958868895,778,2.2993315473387512,0.1477,0.9559269303427397,0.08518244828103509,,,0.8906641969905336,,0.8906933372943177,0.10930666270568234,0,0.14020558685494783,10,0.025,0.15,0.8119282624004303,0.8905999544527031,0.9297494889374117,0.9176003907326205,0.9450780191004594,1.0,0.886728365142446,0.9094891441367384,0.8391942930878057,0.8659816989515325,0.8821517474836508,0.8786421996155961
0,6,2.2987119074525504,0.11829695499865266,3711,2.3007166385650635,0.14824797843665768,742,2.2993365450750423,0.1478,0.9270340738984505,0.08260781190283974,,,0.7258285947186627,,0.7258668779191629,0.27413312208083707,0,0.14002578054354317,10,0.025,0.15,0.7701380471137241,0.801403425878991,0.8994831330129368,0.8954118240790435,0.8953037323620946,0.886728365142446,1.0,0.9022516112456088,0.8438211477000175,0.8768803087882364,0.8676010706589311,0.8512522786986424
0,7,2.299113613367081,0.11113916947250281,3564,2.2987864017486572,0.15988779803646563,713,2.2993334818489943,0.1477,0.9335115386901609,0.08318501743194255,,,0.7627829475080868,,0.7628278127114588,0.23717218728854117,0,0.14005627482419014,10,0.025,0.15,0.7667684415563247,0.831435274302756,0.8582298705543674,0.9140117518947782,0.9130613483709493,0.9094891441367384,0.9022516112456088,1.0,0.8315497669882247,0.8540960680079501,0.9371923445889255,0.8587405452805271
0,8,2.2999100340737235,0.10799186283057251,3441,2.29979399840037,0.14680232558139536,688,2.299415349960327,0.1476,0.9035056933466789,0.08051120284636175,,,0.5915976720609758,,0.5916225181957716,0.4083774818042284,0,0.13952386556553675,10,0.025,0.15,0.7287034019684832,0.7864898675408596,0.8259214842938984,0.8951395027793232,0.8536861177525389,0.8391942930878057,0.8438211477000175,0.8315497669882247,1.0,0.9321488636051614,0.8320832520418908,0.9153293121573413
0,9,2.2994392342037626,0.10578884223155369,3334,2.2952445348103843,0.15292353823088456,667,2.29937418804893,0.1478,0.9211432457101446,0.08208288143843394,,,0.692221041440855,,0.6922727797857767,0.3077272202142233,0,0.13987480185669263,10,0.025,0.15,0.7518481824274407,0.8181110530429095,0.8439656094849596,0.9030319638148635,0.8616148373402414,0.8659816989515325,0.8768803087882364,0.8540960680079501,0.9321488636051614,1.0,0.8522130111970603,0.9068269367928751
0,10,2.298878479920901,0.12397408207343412,3241,2.307350476582845,0.15432098765432098,648,2.2993378518502925,0.1478,0.9248524036007407,0.0824134037201617,,,0.71338202550613,,0.7134227855622122,0.28657721443778783,0,0.14001263174579642,10,0.025,0.15,0.7582188763342413,0.848149445362378,0.8233243187369625,0.9123121007075202,0.8942067087657037,0.8821517474836508,0.8676010706589311,0.9371923445889255,0.8320832520418908,0.8522130111970603,1.0,0.8825306900947633
0,11,2.299160640716553,0.11038303260525482,3159,2.2975492000579836,0.13291139240506328,632,2.299337815634812,0.1478,0.9250911971938661,0.0824346825671641,,,0.7147443582964985,,0.7147843739169184,0.2852156260830816,0,0.14001377782780783,10,0.025,0.15,0.7532604022372753,0.8249470586160677,0.8649230836745841,0.8804652574631533,0.8959178555471414,0.8786421996155961,0.8512522786986424,0.8587405452805271,0.9153293121573413,0.9068269367928751,0.8825306900947633,1.0
1,0,2.1299909306897056,0.21776479181884587,6845,2.2903365872123023,0.16216216216216217,1369,2.290530153467685,0.1563,0.8884997145127977,0.07860710002971472,,,0.55,,0.5500404350481095,0.4499595649518905,0.8711493212951116,0.14467818107036493,10,0.025,0.15,1.0,0.9536373438416252,0.9150161459563383,0.8859626008633403,0.8700221679708554,0.8484082954129313,0.8248727460151123,0.8266996822230398,0.8072723179815836,0.811771458956674,0.7910514632933089,0.7796864655063074
1,1,2.1768532359322834,0.2005111354508945,5478,2.2892152998182507,0.16605839416058393,1096,2.290345303619964,0.1564,0.9447515281783552,0.08299976024067496,,,0.8114194512304818,,0.8114653991516892,0.18853460084831075,0.8735755063257612,0.14510256630602483,10,0.025,0.15,0.9536373438416252,1.0,0.9534054153091474,0.9445332373390444,0.9321467143313459,0.9151216079457375,0.8872100029565532,0.8955269799783526,0.8746995769803387,0.8828284477753683,0.8694089779369211,0.8557912203279519
1,2,2.219795196307333,0.18446058091286308,4820,2.293900579214096,0.13692946058091288,964,2.290338241601292,0.1562,0.9752323238494617,0.08465858110652164,,,0.9101405039896513,,0.9101929329438365,0.08980706705616348,0.873748871418528,0.14512969938136983,10,0.025,0.15,0.9150161459563383,0.9534054153091474,1.0,0.961318096441854,0.9596825893236312,0.9535679371252669,0.9457630413816349,0.9428541894919807,0.9269488694509875,0.9324485777517221,0.914003339274778,0.9128037098214049
1,3,2.2290933990478514,0.18504312301407172,4406,2.288618428366525,0.15891032917139614,881,2.2903357397151898,0.1562,0.9842045894146987,0.08600046912854681,,,0.9899999999404872,,0.9900232707827895,0.00997672921721049,0.8738147906344627,0.14513287027835575,10,0.025,0.15,0.8859626008633403,0.9445332373390444,0.961318096441854,1.0,0.9764096953896205,0.9715883046067565,0.9467828538289942,0.9631198368987577,0.9484115833620058,0.9536048271581214,0.9427987742183332,0.9261524993296184
1,4,2.2382580695730265,0.18156614785992217,4112,2.29095915385655,0.14476885644768855,822,2.2903357638588435,0.1562,0.9849554261260834,0.08554799251831711,,,0.9630718558409876,,0.9630968295621462,0.03690317043785385,0.873816602843813,0.1451326822389997,10,0.025,0.15,0.8700221679708554,0.9321467143313459,0.9596825893236312,0.9764096953896205,1.0,0.9696099214062166,0.9540582744012346,0.9686327486808204,0.9537912465656583,0.9617120885715168,0.9457762201803279,0.937820546962112
1,5,2.2388960899845247,0.17801491385960402,3889,2.2926240989140103,0.14395886889460155,778,2.290337577650819,0.1562,0.9832220761985323,0.08500517215784105,,,0.930767103381802,,0.9307983033783895,0.06920169662161046,0.8737698657008293,0.14513121915172494,10,0.025,0.15,0.8484082954129313,0.9151216079457375,0.9535679371252669,0.9715883046067565,0.9696099214062166,1.0,0.9628630405022603,0.9731092987245542,0.9539478660416842,0.9584110564895815,0.9565265356924455,0.9464743562225817
1,6,2.262761377466136,0.17590945836701696,3711,2.291801850001017,0.15768194070080863,742,2.290353026571153,0.1563,0.9780102557100135,0.08323658137715155,,,0.8255133370682748,,0.825568153686191,0.17443184631380904,0.8721997236854167,0.1451127467569462,10,0.025,0.15,0.8248727460151123,0.8872100029565532,0.9457630413816349,0.9467828538289942,0.9540582744012346,0.9628630405022603,1.0,0.9685628446920854,0.9645439945488468,0.9669273703951929,0.9656081958016739,0.9647452925391399
1,7,2.2607890486717226,0.16871492704826038,3564,2.2892152070999146,0.17110799438990182,713,2.290346885029274,0.1563,0.9831561144828469,0.0837630349528606,,,0.8568440565527438,,0.8568764337937977,0.14312356620620226,0.8723894661402211,0.14512032970392014,10,0.025,0.15,0.8266996822230398,0.8955269799783526,0.9428541894919807,0.9631198368987577,0.9686327486808204,0.9731092987245542,0.9685628446920854,1.0,0.9666712154841691,0.9720255402911415,0.9764274466278903,0.956735605637603
1,8,2.2674799972110327,0.15361813426329554,3441,2.290959278742472,0.15261627906976744,688,2.290452429010898,0.1561,0.9740900417552744,0.08180694520415428,,,0.7404317041043419,,0.7404647554917397,0.25953524450826027,0.8730962288245535,0.14505783319179205,10,0.025,0.15,0.8072723179815836,0.8746995769803387,0.9269488694509875,0.9484115833620058,0.9537912465656583,0.9539478660416842,0.9645439945488468,0.9666712154841691,1.0,0.9759850070317541,0.9631472137454754,0.9719673999955312
1,9,2.261504868224815,0.16901619676064786,3334,2.286185145378113,0.1724137931034483,667,2.290391934068897,0.1562,0.9770094447705707,0.08287801102635003,,,0.8041738161783669,,0.8042200986945256,0.1957799013054744,0.8730038255171456,0.14510021145771654,10,0.025,0.15,0.811771458956674,0.8828284477753683,0.9324485777517221,0.9536048271581214,0.9617120885715168,0.9584110564895815,0.9669273703951929,0.9720255402911415,0.9759850070317541,1.0,0.9589834152836101,0.9654967975750989
1,10,2.2686809255526614,0.16420857759950633,3241,2.298309246699015,0.1574074074074074,648,2.2903573211235337,0.1562,0.9694480967132507,0.08283614293810793,,,0.8016821295632693,,0.8017279794028817,0.19827202059711835,0.8720424590724427,0.1450993043534099,10,0.025,0.15,0.7910514632933089,0.8694089779369211,0.914003339274778,0.9427987742183332,0.9457762201803279,0.9565265356924455,0.9656081958016739,0.9764274466278903,0.9631472137454754,0.9589834152836101,1.0,0.9687098741908712
1,11,2.272171019554138,0.15375118708452043,3159,2.2882038593292235,0.14873417721518986,632,2.2903552960745897,0.1562,0.9636591322939345,0.08266020931975945,,,0.791211829619082,,0.7912478750969616,0.2087521249030384,0.8724303956543932,0.14509321224974167,10,0.025,0.15,0.7796864655063074,0.8557912203279519,0.9128037098214049,0.9261524993296184,0.937820546962112,0.9464743562225817,0.9647452925391399,0.956735605637603,0.9719673999955312,0.9654967975750989,0.9687098741908712,1.0
2,0,2.033835710640307,0.2593571950328707,6845,2.277057019147006,0.1760409057706355,1369,2.277099120466015,0.1713,0.915979864499553,0.07860365454166714,,,0.55,,0.5500404350481095,0.4499595649518905,0.9309934353537462,0.14486024143460663,10,0.025,0.15,1.0,0.9508565722918292,0.9304977529935731,0.9195157573152697,0.8974622360191759,0.8902491414253753,0.8767176420356351,0.8655559110809029,0.8519789762247942,0.8488649148727182,0.8308919071061821,0.8190288065292601
2,1,2.0760461837746376,0.24474260679079957,5478,2.275138166215685,0.1760948905109489,1096,2.2767601375338398,0.1717,0.9574635483528396,0.08267960919701937,,,0.812059140694343,,0.8121008070505521,0.1878991929494479,0.9351377988574252,0.1456637280335454,10,0.025,0.15,0.9508565722918292,1.0,0.9581781863056186,0.95557212086559,0.9421082490048898,0.9396258896102467,0.9199353890682395,0.9201871137537768,0.9069361954660174,0.8988204018554303,0.8908086671099367,0.8777333973670197
2,2,2.1246394571505096,0.2232365145228216,4820,2.280524879693985,0.15352697095435686,964,2.2767401767682425,0.1718,0.9758365523495962,0.08430714996968373,,,0.9167001321659645,,0.9167615652489643,0.08323843475103565,0.9354255031487272,0.1457193508467669,10,0.025,0.15,0.9304977529935731,0.9581781863056186,1.0,0.9692741317031959,0.9601816983343755,0.9532777876926837,0.9505869062408568,0.9495472813154454,0.9399789496415781,0.9298051653899893,0.919185277707124,0.9123729224388014
2,3,2.131861162185669,0.22750794371311847,4406,2.274286678859166,0.16912599318955732,881,2.27673797667781,0.1718,0.9852884987958856,0.08544722444478572,,,0.9899999999357061,,0.9900232707827895,0.00997672921721049,0.9353907600040763,0.1457273428297811,10,0.025,0.15,0.9195157573152697,0.95557212086559,0.9692741317031959,1.0,0.9705357210323511,0.9673875960146304,0.9632644039718635,0.963598255893435,0.9566350050694067,0.9466221289406751,0.9408349121715596,0.9287530302916435
2,4,2.138813014825185,0.21755836575875487,4112,2.278376477105277,0.16666666666666666,822,2.2767380943781212,0.1718,0.9824468509211925,0.0850740688580581,,,0.9660083610015668,,0.9660428116386922,0.03395718836130779,0.9353791402155615,0.14572684846292833,10,0.025,0.15,0.8974622360191759,0.9421082490048898,0.9601816983343755,0.9705357210323511,1.0,0.9618423202137094,0.963975081818774,0.9671287988957621,0.9561645912721666,0.9536925277593097,0.9404027144355656,0.9345386241796698
2,5,2.141683082426748,0.22255078426330677,3889,2.2794783796582903,0.15552699228791775,778,2.2767400137985807,0.1718,0.9832577779952103,0.08476407126144102,,,0.9460773974222472,,0.9461223614068096,0.05387763859319039,0.9353902436151122,0.145725689071398,10,0.025,0.15,0.8902491414253753,0.9396258896102467,0.9532777876926837,0.9673875960146304,0.9618423202137094,1.0,0.9661845721205218,0.9668430644005085,0.960296288857358,0.9517352510406321,0.9561018871062211,0.9442236986806314
2,6,2.1740275970820724,0.2112099164645648,3711,2.278324921925863,0.18059299191374664,742,2.276769472073905,0.1716,0.9839367156728482,0.08369000882732693,,,0.8770217031528296,,0.8770692016966216,0.12293079830337839,0.9353217412086138,0.14570871654449916,10,0.025,0.15,0.8767176420356351,0.9199353890682395,0.9505869062408568,0.9632644039718635,0.963975081818774,0.9661845721205218,1.0,0.9690820831493374,0.972949342273257,0.9597029873119781,0.9616878022332858,0.9620268425234348
2,7,2.1692707206521717,0.2106341189674523,3564,2.2750364542007446,0.18653576437587657,713,2.276759639570985,0.1717,0.9842950639124973,0.08402800626066544,,,0.8987528862564671,,0.8987885989668433,0.10121140103315673,0.9353539419802304,0.1457137918328152,10,0.025,0.15,0.8655559110809029,0.9201871137537768,0.9495472813154454,0.963598255893435,0.9671287988957621,0.9668430644005085,0.9690820831493374,1.0,0.9721309979340438,0.966890407849666,0.9672780894555937,0.9611810215652078
2,8,2.1757106599984346,0.2,3441,2.2776203950246177,0.1744186046511628,688,2.2769069520733023,0.1716,0.979870522613479,0.08267124123166063,,,0.8115211313206633,,0.8115644237593042,0.18843557624069585,0.9346380505200258,0.14566310826022438,10,0.025,0.15,0.8519789762247942,0.9069361954660174,0.9399789496415781,0.9566350050694067,0.9561645912721666,0.960296288857358,0.972949342273257,0.9721309979340438,1.0,0.9667832253059898,0.9656002010416379,0.9690736283680206
2,9,2.173138194172471,0.20587882423515297,3334,2.2714699506759644,0.18440779610194902,667,2.2768160361277907,0.1717,0.9722907847718505,0.08308784335813048,,,0.8383061190120169,,0.8383505801191596,0.16164941988084036,0.9352508328533711,0.1456889937067444,10,0.025,0.15,0.8488649148727182,0.8988204018554303,0.9298051653899893,0.9466221289406751,0.9536925277593097,0.9517352510406321,0.9597029873119781,0.966890407849666,0.9667832253059898,1.0,0.9523118310078309,0.9548335726246168
2,10,2.1813929195587454,0.20740512187596422,3241,2.285270651181539,0.17592592592592593,648,2.2767802491972717,0.1717,0.9693014686047783,0.08296437456276495,,,0.830367825004362,,0.8304121074086911,0.1695878925913089,0.9352486205275488,0.14568479193348585,10,0.025,0.15,0.8308919071061821,0.8908086671099367,0.919185277707124,0.9408349121715596,0.9404027144355656,0.9561018871062211,0.9616878022332858,0.9672780894555937,0.9656002010416379,0.9523118310078309,1.0,0.9698008952436823
2,11,2.189557437419891,0.1943019943019943,3159,2.2742018699645996,0.16139240506329114,632,2.2767840729484075,0.1717,0.9640112169187368,0.08268274748679655,,,0.8122609136755945,,0.812298856265782,0.18770114373421798,0.9349486567860917,0.14566374069733148,10,0.025,0.15,0.8190288065292601,0.8777333973670197,0.9123729224388014,0.9287530302916435,0.9345386241796698,0.9442236986806314,0.9620268425234348,0.9611810215652078,0.9690736283680206,0.9548335726246168,0.9698008952436823,1.0
3,0,1.9678591809890889,0.28556610664718773,6845,2.258409088308161,0.18407596785975164,1369,2.2584114919734906,0.1903,0.9178753073889306,0.07865882952958773,,,0.55,,0.5500404350481095,0.4499595649518905,0.9681996119885707,0.1446935925048536,10,0.025,0.15,1.0,0.9461686622258799,0.9274664771859963,0.9197281255976649,0.8984458968553605,0.8907132917667201,0.8811241357276709,0.8670006480326216,0.8538818082074213,0.8529844843024007,0.8380081592668871,0.8310761810357733
3,1,2.0050450843434002,0.2765060240963855,5478,2.2553501658969455,0.19708029197080293,1096,2.2577172140531903,0.192,0.9596642218727355,0.08254821687285112,,,0.8186765070508089,,0.818727203710122,0.18127279628987802,0.9718800855661189,0.14567927151524412,10,0.025,0.15,0.9461686622258799,1.0,0.952422678520846,0.9489296241694821,0.9397889849099282,0.9391043623050623,0.9253853605506237,0.921505981630006,0.9113490589123034,0.9046690451918872,0.9032920281653561,0.8966344292412537
3,2,2.0556393720601736,0.25118257261410787,4820,2.2621060609817505,0.17116182572614108,964,2.2576807692081116,0.1926,0.9747082830143086,0.0840476859312855,,,0.9222589156655514,,0.9222904391741348,0.07770956082586522,0.9724612006398208,0.14573590096573305,10,0.025,0.15,0.9274664771859963,0.952422678520846,1.0,0.9631894947178563,0.955321365667522,0.9494778770762105,0.9493934604682214,0.9455542759412742,0.9385978625240965,0.9316542011205968,0.9260799682906933,0.9229459176718003
3,3,2.059317594936916,0.26166591012256013,4406,2.2542659555162703,0.19409761634506242,881,2.257670897471754,0.1923,0.9831087019515479,0.08502831247974231,,,0.9899999999309206,,0.9900232707827895,0.00997672921721049,0.9725743854747464,0.14574624925717958,10,0.025,0.15,0.9197281255976649,0.9489296241694821,0.9631894947178563,1.0,0.9646657725577756,0.9619655052554105,0.9623302803726347,0.9568631284564365,0.9541441892253278,0.9476366412699653,0.9436840411007231,0.9357320762410962
3,4,2.063895070552826,0.24868677042801557,4112,2.2606610230037143,0.19099756690997566,822,2.2576706409454346,0.1923,0.9823385275203175,0.0847719125299141,,,0.9722880476752103,,0.9723226221716097,0.027677377828390304,0.972567653960183,0.1457460817350154,10,0.025,0.15,0.8984458968553605,0.9397889849099282,0.955321365667522,0.9646657725577756,1.0,0.9599686141488055,0.963547398612987,0.9625574350959919,0.9567621967432949,0.9539352467895553,0.9483349131784723,0.9456505993502398
3,5,2.065848402823171,0.25767549498585757,3889,2.2613015174865723,0.18508997429305912,778,2.257673619668695,0.1925,0.9810745165381519,0.08453854791464072,,,0.956167362290272,,0.9562146193329042,0.04378538066709581,0.9725515668103202,0.1457454758416596,10,0.025,0.15,0.8907132917667201,0.9391043623050623,0.9494778770762105,0.9619655052554105,0.9599686141488055,1.0,0.9640400354232068,0.9595866048478244,0.9576878354527335,0.9494881615028649,0.953933814115752,0.948177211649851
3,6,2.0972743170014745,0.24343842630018864,3711,2.2593875726064048,0.20350404312668463,742,2.2577324637883827,0.1903,0.98378440659306,0.08396125650575015,,,0.916288423629198,,0.9163242065653315,0.08367579343466847,0.972350387768035,0.14573496203055963,10,0.025,0.15,0.8811241357276709,0.9253853605506237,0.9493934604682214,0.9623302803726347,0.963547398612987,0.9640400354232068,1.0,0.9660147178030191,0.970764195052342,0.9599590332626724,0.9606461001232274,0.962486275291037
3,7,2.088944680775915,0.24621212121212122,3564,2.2552615801493325,0.20336605890603085,713,2.2577174524717694,0.1904,0.9817654547534977,0.08410488374098847,,,0.9262101054971754,,0.926259675529369,0.07374032447063095,0.9724268610133866,0.14573648797196972,10,0.025,0.15,0.8670006480326216,0.921505981630006,0.9455542759412742,0.9568631284564365,0.9625574350959919,0.9595866048478244,0.9660147178030191,1.0,0.9686407501244054,0.964270678122746,0.9654358330430627,0.9640607104728326
3,8,2.0976634904190345,0.23347863993025283,3441,2.2589741150538125,0.19476744186046513,688,2.2579125784620455,0.1898,0.9785156442244426,0.08315796989475058,,,0.860797874152848,,0.8608374180983974,0.13916258190160258,0.9719309603196404,0.14570754233632252,10,0.025,0.15,0.8538818082074213,0.9113490589123034,0.9385978625240965,0.9541441892253278,0.9567621967432949,0.9576878354527335,0.970764195052342,0.9686407501244054,1.0,0.9643775451290582,0.9625329560246663,0.9648238704216274
3,9,2.0893631188957777,0.2365626874625075,3334,2.250818053881327,0.2098950524737631,667,2.2577871340739577,0.1899,0.9727256398453626,0.08322730229125422,,,0.8655873138445065,,0.8656236074664554,0.1343763925335446,0.9721363784045773,0.14570993713041291,10,0.025,0.15,0.8529844843024007,0.9046690451918872,0.9316542011205968,0.9476366412699653,0.9539352467895553,0.9494881615028649,0.9599590332626724,0.964270678122746,0.9643775451290582,1.0,0.9515550451998,0.9556495439764138
3,10,2.1066348309700307,0.2454797901882135,3241,2.2674125830332437,0.19135802469135801,648,2.257747737667229,0.1899,0.9712210864929414,0.08310169905095821,,,0.8569107185613328,,0.8569424501988744,0.14305754980112562,0.9720931767355498,0.14570576040177707,10,0.025,0.15,0.8380081592668871,0.9032920281653561,0.9260799682906933,0.9436840411007231,0.9483349131784723,0.953933814115752,0.9606461001232274,0.9654358330430627,0.9625329560246663,0.9515550451998,1.0,0.9645936861006467
3,11,2.1173321886062624,0.22396327951883507,3159,2.2545788288116455,0.18670886075949367,632,2.2577606515039372,0.19,0.9689596961889213,0.08285338325827707,,,0.8397572149539643,,0.839786436929577,0.160213563070423,0.9719151117651571,0.1456951881833968,10,0.025,0.15,0.8310761810357733,0.8966344292412537,0.9229459176718003,0.9357320762410962,0.9456505993502398,0.948177211649851,0.962486275291037,0.9640607104728326,0.9648238704216274,0.9556495439764138,0.9645936861006467,1.0
4,0,1.9166028428960729,0.3075967859751644,6845,2.2342719814994116,0.2089116143170197,1369,2.2342773721187927,0.2224,0.9252749821920266,0.07903680943309685,,,0.55,,0.5500404350481095,0.4499595649518905,0.9790562890449619,0.1441401392766651,10,0.025,0.15,1.0,0.9447287717447491,0.9337163116239767,0.9253885312166534,0.9007856456074567,0.8970861506723551,0.8883911070377754,0.8739924663438672,0.8602484974926502,0.8465654387824766,0.8457517893303867,0.8392688304251277
4,1,1.954322883140209,0.29581964220518436,5478,2.229591555065579,0.2354014598540146,1096,2.232908617092084,0.2247,0.9589794619360373,0.08255140179859466,,,0.8191718893723807,,0.8192305787988315,0.18076942120116846,0.9836856626839061,0.1451822834172631,10,0.025,0.15,0.9447287717447491,1.0,0.9513873260922227,0.9468395804372849,0.9359841348049034,0.9345379376926681,0.92214328671486,0.9185440242802098,0.9068066744668699,0.8887787715206491,0.8990275493576348,0.8943997328727734
4,2,2.0003097446341265,0.27562240663900417,4820,2.238284409046173,0.21161825726141079,964,2.2328587544115286,0.2252,0.9706706948679259,0.08386382391092338,,,0.9196862884525074,,0.9197240514267796,0.0802759485732204,0.9842603108363837,0.14523176796768214,10,0.025,0.15,0.9337163116239767,0.9513873260922227,1.0,0.9585390997985058,0.9460918456829814,0.9411005082205682,0.9402815773359728,0.9370947853241894,0.9275875063279724,0.9111857546234196,0.9148490018291187,0.915114606556913
4,3,2.002805244241442,0.2825238311393554,4406,2.228533778871809,0.23723041997729852,881,2.232832932774025,0.2251,0.9801470561775284,0.0847819139614917,,,0.989999999923413,,0.9900232707827895,0.00997672921721049,0.9843181649267101,0.1452405122227868,10,0.025,0.15,0.9253885312166534,0.9468395804372849,0.9585390997985058,1.0,0.9535070852961482,0.9567091100393161,0.9548403487611057,0.9494533977188339,0.9449550744668667,0.9289232686225616,0.9364228212819964,0.9301078185496984
4,4,2.004525411490238,0.2726653696498054,4112,2.237151622772217,0.2396593673965937,822,2.232832679265662,0.2252,0.9752596842399449,0.08446316024504182,,,0.9655876268290065,,0.9656302091069631,0.03436979089303693,0.98431305847306,0.14524032716126334,10,0.025,0.15,0.9007856456074567,0.9359841348049034,0.9460918456829814,0.9535070852961482,1.0,0.9506925115416843,0.9506567088875528,0.949153430505093,0.9420245432521379,0.928261663070961,0.9369042224312942,0.9337407650390307
4,5,2.0076768759758243,0.28110053998457185,3889,2.238369941711426,0.2120822622107969,778,2.232836949674389,0.2253,0.9779453500036547,0.08440605740220213,,,0.9612142945909401,,0.9612566222706342,0.03874337772936576,0.9843209093741513,0.14524024209028302,10,0.025,0.15,0.8970861506723551,0.9345379376926681,0.9411005082205682,0.9567091100393161,0.9506925115416843,1.0,0.9577066986607734,0.9511399160590234,0.9487945468857674,0.9369182245845098,0.9453717621783628,0.9388519004310664
4,6,2.037355436538828,0.2660199407167879,3711,2.234522819519043,0.22776280323450135,742,2.23292908185645,0.224,0.9803417251600561,0.08412606800819837,,,0.9397707624965592,,0.9398095426713539,0.06019045732864614,0.9842398471576458,0.14523946484093883,10,0.025,0.15,0.8883911070377754,0.92214328671486,0.9402815773359728,0.9548403487611057,0.9506567088875528,0.9577066986607734,1.0,0.9579167629333917,0.960648469749132,0.9444222278739803,0.9532416596873566,0.9563329035643259
4,7,2.0255602385316576,0.26933221099887766,3564,2.229473829269409,0.23562412342215988,713,2.2329077841360356,0.224,0.9784781561062342,0.0841543325684654,,,0.9419354587964892,,0.9419880840388837,0.05801191596111632,0.9842456873365082,0.1452395923187527,10,0.025,0.15,0.8739924663438672,0.9185440242802098,0.9370947853241894,0.9494533977188339,0.949153430505093,0.9511399160590234,0.9579167629333917,1.0,0.9607428537600351,0.9500313163728631,0.9578231003236046,0.9584121762687716
4,8,2.0363211000407184,0.25966288869514675,3441,2.2344825665156045,0.21075581395348839,688,2.23316931120957,0.2226,0.9736456204573691,0.0834088438735077,,,0.8848407577160998,,0.8848838936475715,0.11511610635242853,0.9840424377023135,0.1452239836725564,10,0.025,0.15,0.8602484974926502,0.9068066744668699,0.9275875063279724,0.9449550744668667,0.9420245432521379,0.9487945468857674,0.960648469749132,0.9607428537600351,1.0,0.9494666496432597,0.9511918797163322,0.9555252898932709
4,9,2.0319191778147663,0.2642171565686863,3334,2.2241939703623452,0.23088455772113944,667,2.2330045247379737,0.2231,0.9616113925373901,0.08305880126578553,,,0.8580320640518311,,0.8580647290851776,0.1419352709148224,0.9840780730387357,0.1452059470528243,10,0.025,0.15,0.8465654387824766,0.8887787715206491,0.9111857546234196,0.9289232686225616,0.928261663070961,0.9369182245845098,0.9444222278739803,0.9500313163728631,0.9494666496432597,1.0,0.9402116284016585,0.9434162276012932
4,10,2.04520981999544,0.2738352360382598,3241,2.244183659553528,0.20987654320987653,648,2.232958081402356,0.2232,0.9675059667788252,0.08317338547296643,,,0.866807718333078,,0.8668531630110082,0.13314683698899177,0.984034711024826,0.14520998872487287,10,0.025,0.15,0.8457517893303867,0.8990275493576348,0.9148490018291187,0.9364228212819964,0.9369042224312942,0.9453717621783628,0.9532416596873566,0.9578231003236046,0.9511918797163322,0.9402116284016585,1.0,0.9554964811579137
4,11,2.0582707300186156,0.24912947135169358,3159,2.229105758666992,0.22468354430379747,632,2.232982695857181,0.2231,0.9661625021870306,0.08297540205972607,,,0.8516447737112622,,0.8516858939446452,0.14831410605535478,0.9839239396246442,0.1452026799914688,10,0.025,0.15,0.8392688304251277,0.8943997328727734,0.915114606556913,0.9301078185496984,0.9337407650390307,0.9388519004310664,0.9563329035643259,0.9584121762687716,0.9555252898932709,0.9434162276012932,0.9554964811579137,1.0
5,0,1.871489577381699,0.323009495982469,6845,2.2051136276938696,0.23739956172388604,1369,2.2051343465153175,0.2538,0.9297225835779678,0.07948324654335205,,,0.55,,0.5500404350481095,0.4499595649518905,0.983676250441666,0.14378744925511197,10,0.025,0.15,1.0,0.9403080386182142,0.9294100984697932,0.9249481057990764,0.9012325853281103,0.8990472117483096,0.8926881255878506,0.8781964798723391,0.8650250120689111,0.8536295305885996,0.851586252205398,0.8469086891709259
5,1,1.909867681458939,0.3140744797371303,5478,2.1986809571584067,0.26277372262773724,1096,2.202833552903767,0.2553,0.9595620045782745,0.08264164816667698,,,0.8222427414763843,,0.8222920895842617,0.1777079104157383,0.9877426685354919,0.14486020363093324,10,0.025,0.15,0.9403080386182142,1.0,0.9444957973634053,0.9417354077427259,0.9325062193655179,0.9327330501473023,0.9210053628207836,0.9181539625117018,0.9068203884084229,0.8903262650406343,0.8992642732313176,0.897524238189415
5,2,1.9553572159064443,0.29441908713692944,4820,2.2096012234687805,0.2520746887966805,964,2.2027552399454238,0.255,0.9701745818122093,0.08380373272958178,,,0.9224102074807676,,0.9224389760855572,0.07756102391444275,0.9881688524067469,0.14490450463775878,10,0.025,0.15,0.9294100984697932,0.9444957973634053,1.0,0.9537556561219659,0.9417717649819722,0.9385412347466449,0.9378371121269427,0.9331438106333646,0.9257711048690326,0.9105620560912652,0.9141118825728632,0.9165099679843943
5,3,1.9541146302223205,0.3004312301407172,4406,2.1973113332475935,0.2690124858115778,881,2.202706086484692,0.2554,0.9767179238661673,0.08458787011000561,,,0.9899999999138036,,0.9900232707827895,0.00997672921721049,0.9881801998488493,0.14491189384328357,10,0.025,0.15,0.9249481057990764,0.9417354077427259,0.9537556561219659,1.0,0.9490196268945233,0.9487320876876498,0.9470023710574206,0.9424393809555331,0.9371727911127433,0.9216659548989359,0.927616263408902,0.926601354211359
5,4,1.9595588904438597,0.289056420233463,4112,2.2084018843514577,0.25304136253041365,822,2.202705757527412,0.2554,0.973562914494796,0.08428675149575289,,,0.9640446697087008,,0.9640705715370269,0.03592942846297309,0.9881674909384334,0.1449115446614953,10,0.025,0.15,0.9012325853281103,0.9325062193655179,0.9417717649819722,0.9490196268945233,1.0,0.9447385269308434,0.9438695182876087,0.9453588482620726,0.9360722412232255,0.9266973725576477,0.9307091248522903,0.9311949497331294
5,5,1.958004015876401,0.30089997428644893,3889,2.210746697017125,0.2390745501285347,778,2.2027107914791832,0.2554,0.9743642851052908,0.08427748114699503,,,0.9632455993366356,,0.963278374676107,0.036721625323893003,0.9881648306111965,0.14491152077382713,10,0.025,0.15,0.8990472117483096,0.9327330501473023,0.9385412347466449,0.9487320876876498,0.9447385269308434,1.0,0.9511137092876856,0.9433365229197578,0.9392685288668661,0.9264787075925356,0.9359045856912733,0.9324826450447681
5,6,1.988215802866837,0.28644570196712477,3711,2.2044402758280435,0.2628032345013477,742,2.202837962138502,0.2552,0.9764380919271312,0.08417136959594695,,,0.9540991692733087,,0.954143354623624,0.045856645376376015,0.9881491276338444,0.14491122080896415,10,0.025,0.15,0.8926881255878506,0.9210053628207836,0.9378371121269427,0.9470023710574206,0.9438695182876087,0.9511137092876856,1.0,0.947877036378452,0.9512317433599703,0.9335836860094997,0.9423438474896205,0.9476839988464189
5,7,1.975450325012207,0.2861391694725028,3564,2.1983551581700644,0.270687237026648,713,2.2028103508526766,0.2553,0.9747047865300079,0.08413226321275301,,,0.9507283411647739,,0.9507682659140797,0.0492317340859203,0.9881484227549026,0.14491107988778038,10,0.025,0.15,0.8781964798723391,0.9181539625117018,0.9331438106333646,0.9424393809555331,0.9453588482620726,0.9433365229197578,0.947877036378452,1.0,0.951398123439197,0.9373267360330978,0.9466853177150407,0.9516612843693024
5,8,1.987187910079956,0.2775937227550131,3441,2.204304337501526,0.24854651162790697,688,2.2031593654729145,0.2542,0.9696959984077292,0.08350549495223981,,,0.8967031949476607,,0.8967420904094667,0.10325790959053327,0.9881398665588216,0.1448997985740167,10,0.025,0.15,0.8650250120689111,0.9068203884084229,0.9257711048690326,0.9371727911127433,0.9360722412232255,0.9392685288668661,0.9512317433599703,0.951398123439197,1.0,0.939491662528589,0.9378588362722646,0.9473061007210964
5,9,1.9848725976767363,0.28188362327534494,3334,2.1922617753346763,0.2773613193403298,667,2.2029493730279466,0.2553,0.9578850020138521,0.08290197804087733,,,0.8446822305258793,,0.8447211632090574,0.15527883679094256,0.9879176272503676,0.14487318599345472,10,0.025,0.15,0.8536295305885996,0.8903262650406343,0.9105620560912652,0.9216659548989359,0.9266973725576477,0.9264787075925356,0.9335836860094997,0.9373267360330978,0.939491662528589,1.0,0.9285888068629479,0.9325367057826034
5,10,1.998813907458232,0.29015735883986427,3241,2.2157562176386514,0.2330246913580247,648,2.2028954994829397,0.2556,0.9630843235367441,0.08314311344823487,,,0.8654672262912161,,0.8654833226056675,0.13451667739433248,0.9879844551602556,0.14488200345888855,10,0.025,0.15,0.851586252205398,0.8992642732313176,0.9141118825728632,0.927616263408902,0.9307091248522903,0.9359045856912733,0.9423438474896205,0.9466853177150407,0.9378588362722646,0.9285888068629479,1.0,0.9459559342273443
5,11,2.0085716853141786,0.27008547008547007,3159,2.198325347900391,0.25949367088607594,632,2.2029235332827026,0.2556,0.9644580356385343,0.08306505055758376,,,0.8587384888179692,,0.8587826574903864,0.1412173425096136,0.9879697707229328,0.14487941189792436,10,0.025,0.15,0.8469086891709259,0.897524238189415,0.9165099679843943,0.926601354211359,0.9311949497331294,0.9324826450447681,0.9476839988464189,0.9516612843693024,0.9473061007210964,0.9325367057826034,0.9459559342273443,1.0
6,0,1.8367798390211882,0.337399561723886,6845,2.1717688820578833,0.26150474799123447,1369,2.1715794152851347,0.2748,0.9347992167034,0.07997365124585826,,,0.55,,0.5500404350481095,0.4499595649518905,0.9869236984782064,0.14348902425264976,10,0.025,0.15,1.0,0.9341571866095768,0.9304476290671596,0.9259496652412486,0.9025524794771722,0.9025310021996924,0.8957572792634492,0.8808556357092477,0.8722200204738376,0.8597379052350355,0.8606545535369986,0.8588881718353655
6,1,1.8694909558739774,0.3288791529755385,5478,2.16300638516744,0.28832116788321166,1096,2.1681358874598637,0.2768,0.9612869823404273,0.08280292186178674,,,0.8281429497653134,,0.8281840537373537,0.1718159462626463,0.9902763036920211,0.14462317323592447,10,0.025,0.15,0.9341571866095768,1.0,0.941581756693596,0.9427309123292705,0.9296606812828175,0.9323914654508146,0.9205960701249974,0.9186494557341077,0.9064536206888181,0.8923743355897354,0.9045860387726842,0.9034167543388272
6,2,1.916150290715067,0.3057053941908714,4820,2.1766360998153687,0.2697095435684647,964,2.1680123956897592,0.2764,0.9694692398432392,0.08379276672004472,,,0.9254536725840821,,0.9254922348203528,0.07450776517964719,0.9905542794336101,0.14467214544460352,10,0.025,0.15,0.9304476290671596,0.941581756693596,1.0,0.9486443075580948,0.9377731787105773,0.9348649392042407,0.9358289818261853,0.9271061172426367,0.9230526287525675,0.9092871549405028,0.913947473425402,0.9174574016260658
6,3,1.9155180617741177,0.31563776668179755,4406,2.1613806656428745,0.2883087400681044,881,2.1679278023635287,0.2764,0.9746433629706167,0.08444933208472465,,,0.9899999999016909,,0.9900232707827895,0.00997672921721049,0.9906166788439906,0.14467830797177136,10,0.025,0.15,0.9259496652412486,0.9427309123292705,0.9486443075580948,1.0,0.9427366079607584,0.9444568968885835,0.9398288229360297,0.9365948321655729,0.9313653732211472,0.916983588545784,0.9259219855713896,0.9237573736679575
6,4,1.9200844779159083,0.30496108949416345,4112,2.1747169494628906,0.2712895377128954,822,2.1679307146917415,0.2764,0.9707828349350008,0.0841359185655511,,,0.9591886097757412,,0.9592348698651615,0.04076513013483851,0.9906050359614963,0.14467763601311076,10,0.025,0.15,0.9025524794771722,0.9296606812828175,0.9377731787105773,0.9427366079607584,1.0,0.9402869173844978,0.9370701548086732,0.9405553874622177,0.9297041462574336,0.9163650597124281,0.9268845428912277,0.9298362689028787
6,5,1.9163827169326044,0.3152481357675495,3889,2.1785085201263428,0.2596401028277635,778,2.16793771635128,0.2763,0.9719262768306162,0.08416755845861368,,,0.9622990980892804,,0.96232938885313,0.03767061114686998,0.9906026046166787,0.14467774157340146,10,0.025,0.15,0.9025310021996924,0.9323914654508146,0.9348649392042407,0.9444568968885835,0.9402869173844978,1.0,0.9438726783451845,0.9369989035613059,0.9322304254791358,0.9211058845616018,0.9299189382562141,0.9280067532019681
6,6,1.9471081433625057,0.299137698733495,3711,2.1697198947270713,0.28706199460916443,742,2.168102741241455,0.2771,0.9722907653875926,0.0841135347422883,,,0.9569880770326775,,0.9570233202950933,0.042976679704906706,0.9906075777540481,0.14467751751638386,10,0.025,0.15,0.8957572792634492,0.9205960701249974,0.9358289818261853,0.9398288229360297,0.9370701548086732,0.9438726783451845,1.0,0.9372217219543918,0.9434663461677415,0.9255835556392499,0.9329775583174396,0.9384804987431097
6,7,1.935285661475999,0.29848484848484846,3564,2.162536382675171,0.29312762973352036,713,2.1680665499047387,0.2771,0.9707841916658633,0.08403995203000945,,,0.9497542293654564,,0.9497862718885643,0.05021372811143565,0.9906066483395114,0.14467698697135684,10,0.025,0.15,0.8808556357092477,0.9186494557341077,0.9271061172426367,0.9365948321655729,0.9405553874622177,0.9369989035613059,0.9372217219543918,1.0,0.9432512720849717,0.9307380284905096,0.937722923800779,0.9430653813925644
6,8,1.945699190651929,0.2928799767509445,3441,2.16948664188385,0.2805232558139535,688,2.1685207493697543,0.2763,0.9663586223909401,0.08350567263645871,,,0.89722972157027,,0.8972702216500801,0.10272977834991992,0.9904866400626192,0.14466368920765088,10,0.025,0.15,0.8722200204738376,0.9064536206888181,0.9230526287525675,0.9313653732211472,0.9297041462574336,0.9322304254791358,0.9434663461677415,0.9432512720849717,1.0,0.933199822397009,0.9295741281966012,0.9371378153352093
6,9,1.9419065294442353,0.29823035392921415,3334,2.1555484930674234,0.2893553223388306,667,2.168280791632737,0.2766,0.9556010684393633,0.0827787285380199,,,0.8257645267190162,,0.825807463154594,0.17419253684540603,0.9902706356645861,0.14462114076351784,10,0.025,0.15,0.8597379052350355,0.8923743355897354,0.9092871549405028,0.916983588545784,0.9163650597124281,0.9211058845616018,0.9255835556392499,0.9307380284905096,0.933199822397009,1.0,0.9248091158603216,0.9275816129093781
