round,client_id,client_i_training_loss,client_i_training_accuracy,client_i_training_dataset_size,client_i_evaluation_loss,client_i_evaluation_accuracy,client_i_evaluation_dataset_size,client_i_central_evaluation_loss,client_i_central_evaluation_accuracy,client_i_cosine_similarity,client_i_importance_coefficient,client_i_tanh_val,tanh_normalization_value,client_i_q,client_i_mask_order,client_i_v_nonzero_fraction,client_i_v_sparsity,client_i_v_cosine_similarity,client_i_reward_gradient_norm,local_epochs,learning_rate,gamma,client_0_cosine_similarity,client_1_cosine_similarity,client_2_cosine_similarity,client_3_cosine_similarity,client_4_cosine_similarity,client_5_cosine_similarity,client_6_cosine_similarity,client_7_cosine_similarity,client_8_cosine_similarity,client_9_cosine_similarity,client_10_cosine_similarity,client_11_cosine_similarity
0,0,2.0711415360409924,0.42244947650353054,8214,2.2639314074848973,0.16216216216216217,1369,2.2627867090816314,0.1586,0.9645382013600274,0.0814691289452206,,,0.65,,0.6500178811339539,0.34998211886604613,0,0.09851770644919071,5,0.001,0.1,1.0,0.9856152269411849,0.9716093500791955,0.9590301996469023,0.9531390409254398,0.9410777515027009,0.9326770450564814,0.9277559666585332,0.9208709615323513,0.9179616727575695,0.909984194827183,0.9068545787111171
0,1,2.160763562998725,0.4348037724368725,6574,2.264407253265381,0.15237226277372262,1096,2.262722579815898,0.1587,0.9888757471114498,0.08352478485416966,,,0.921808962337002,,0.9218207827103932,0.07817921728960675,0,0.09858134499080506,5,0.001,0.1,0.9856152269411849,1.0,0.9903743817458247,0.9834314031743532,0.9781961992227451,0.9688574737212702,0.968021754441785,0.9667728501054067,0.9642900389177779,0.9542051526251315,0.9519841601659333,0.9491678467587976
0,2,2.1883869572897643,0.4004841777624071,5783,2.2590851860661663,0.17738589211618258,964,2.2627219445408344,0.1587,0.9958769068116108,0.08411613352400382,,,0.9999999998677751,,1.0,0.0,0,0.09858167072481926,5,0.001,0.1,0.9716093500791955,0.9903743817458247,1.0,0.99326396642828,0.9868547523395128,0.9784730458212025,0.9831873108221244,0.9787691923143136,0.9745474907187857,0.9740880603831286,0.9726779796241994,0.969203661467702
0,3,2.2028251820299998,0.37616795914507284,5287,2.2612286720957075,0.1611804767309875,881,2.2627219392087894,0.1587,0.995409061759424,0.08407661727796065,,,0.9947749669302635,,0.9947903074588492,0.005209692541150779,0,0.09858167070442216,5,0.001,0.1,0.9590301996469023,0.9834314031743532,0.99326396642828,1.0,0.988897525938037,0.9877178274030601,0.9870559887007462,0.9777333737939079,0.9774164018611307,0.9771332230298221,0.9793139378679031,0.971518776071584
0,4,2.2110738218984296,0.3805065856129686,4935,2.262067574721116,0.15206812652068127,822,2.2627220923146503,0.1587,0.9939964899553746,0.08395730526493077,,,0.9789989441460953,,0.9790210804071099,0.02097891959289011,0,0.09858165704252095,5,0.001,0.1,0.9531390409254398,0.9781961992227451,0.9868547523395128,0.988897525938037,1.0,0.9891666494085924,0.9895936708879484,0.9850750852575417,0.9749197443816582,0.9732947583802952,0.9808875916011116,0.974238521309545
0,5,2.21567626130091,0.37733019070066426,4667,2.263502206802368,0.15552699228791775,778,2.262722660558292,0.1587,0.9880871033347817,0.08345817254017045,,,0.9130011536623255,,0.9130203651617518,0.08697963483824822,0,0.09858124129887512,5,0.001,0.1,0.9410777515027009,0.9688574737212702,0.9784730458212025,0.9877178274030601,0.9891666494085924,1.0,0.9842004951844368,0.9750416228007337,0.9737265966984803,0.9687652994751609,0.9784995154808114,0.965746494851123
0,6,2.224203474862235,0.3605209970806198,4453,2.2589270571867623,0.1738544474393531,742,2.262722117451433,0.1587,0.9913862578135508,0.08373683360435853,,,0.9498470938661076,,0.9498651665845101,0.050134833415489855,0,0.09858157186386611,5,0.001,0.1,0.9326770450564814,0.968021754441785,0.9831873108221244,0.9870559887007462,0.9895936708879484,0.9842004951844368,1.0,0.9873093449972573,0.9794704805942013,0.9831286787628892,0.9907971691074745,0.9830692077336964
0,7,2.2278920910251676,0.34664484451718497,4277,2.2664720286493716,0.14726507713884993,713,2.2627226011440777,0.1587,0.9884950864399145,0.0834926325834872,,,0.917557630539238,,0.9175824706894385,0.08241752931056145,0,0.09858132196270597,5,0.001,0.1,0.9277559666585332,0.9667728501054067,0.9787691923143136,0.9777333737939079,0.9850750852575417,0.9750416228007337,0.9873093449972573,1.0,0.9858907894168741,0.9813227327371014,0.9863901135644354,0.9877099830090161
0,8,2.230724036143376,0.32308064906757084,4129,2.2614088383587925,0.1511627906976744,688,2.2627246242742567,0.1587,0.9844360569847904,0.0831497891444138,,,0.8722251801943594,,0.8722417142691449,0.12775828573085513,0,0.0985798963261216,5,0.001,0.1,0.9208709615323513,0.9642900389177779,0.9745474907187857,0.9774164018611307,0.9749197443816582,0.9737265966984803,0.9794704805942013,0.9858907894168741,1.0,0.9787069566528668,0.98328744881264,0.981025270796877
0,9,2.2334128099774557,0.31962009497625593,4001,2.2597297373272123,0.1679160419790105,667,2.2627250462675246,0.1587,0.9830457136490582,0.083032354645358,,,0.8566974115673422,,0.856714124162728,0.14328587583727204,0,0.09857931067681498,5,0.001,0.1,0.9179616727575695,0.9542051526251315,0.9740880603831286,0.9771332230298221,0.9732947583802952,0.9687652994751609,0.9831286787628892,0.9813227327371014,0.9787069566528668,1.0,0.9884827176503141,0.9886892090299043
0,10,2.239289885661641,0.31360246850089996,3889,2.265892823537191,0.1404320987654321,648,2.262724614371888,0.1587,0.9845759195444863,0.08316160254993202,,,0.8737872069331699,,0.8737978561970211,0.1262021438029789,0,0.0985799228982523,5,0.001,0.1,0.909984194827183,0.9519841601659333,0.9726779796241994,0.9793139378679031,0.9808875916011116,0.9784995154808114,0.9907971691074745,0.9863901135644354,0.98328744881264,0.9884827176503141,1.0,0.9915694252589865
0,11,2.2389353595861867,0.32656291216037986,3791,2.2619817733764647,0.1550632911392405,632,2.262727211839475,0.1587,0.9805865757316844,0.0828246450659944,,,0.8292330266046183,,0.8292593344351978,0.17074066556480216,0,0.09857773030202079,5,0.001,0.1,0.9068545787111171,0.9491678467587976,0.969203661467702,0.971518776071584,0.974238521309545,0.965746494851123,0.9830692077336964,0.9877099830090161,0.981025270796877,0.9886892090299043,0.9915694252589865,1.0
1,0,1.8502158023967816,0.5226929632335038,8214,2.210184186003929,0.3915266617969321,1369,2.208556177517096,0.3939,0.9768097987767812,0.081657360963524,,,0.65,,0.6500178811339539,0.34998211886604613,0.9652596977803903,0.09924994056509652,5,0.001,0.1,1.0,0.9950043719853036,0.9875094219227881,0.9799378622395303,0.9751442299918166,0.9710397418574045,0.9646650340283731,0.960718808599659,0.9563308390741276,0.9559101644914694,0.9501553632378326,0.946264967316473
1,1,1.9848889658751998,0.5481594158807424,6574,2.2090895244053432,0.3731751824817518,1096,2.2083921820972674,0.3947,0.9906823501757225,0.0833692813627739,,,0.915350316688408,,0.9153690762702854,0.08463092372971459,0.9657862020123703,0.09932442513015523,5,0.001,0.1,0.9950043719853036,1.0,0.9961726737025356,0.9917618806883806,0.989618621324282,0.9864351961122846,0.9822331844288378,0.9785967295678023,0.9754253282495337,0.9741361301698727,0.9712041239997856,0.96715736107132
1,2,2.042675692336994,0.5507522047380252,5783,2.205178699185771,0.39315352697095435,964,2.208391286313724,0.3948,0.9963319846883179,0.08391540288693237,,,0.9999999998449984,,1.0,0.0,0.9657913113989999,0.09932489340035816,5,0.001,0.1,0.9875094219227881,0.9961726737025356,1.0,0.9948245498071975,0.9946481974531526,0.9904720746830148,0.9908548163225078,0.9886526229016828,0.9844419100864339,0.9848402972514981,0.9829923025736533,0.9795060281761071
1,3,2.072587209724518,0.5269529033478343,5287,2.206707077366965,0.4018161180476731,881,2.2083912901223277,0.3948,0.9957473677591282,0.08387221109130046,,,0.9933052045412609,,0.9933259875701955,0.006674012429804477,0.965791308746335,0.09932489335942044,5,0.001,0.1,0.9799378622395303,0.9917618806883806,0.9948245498071975,1.0,0.994285126400031,0.9941057542707975,0.9906665028661307,0.9867406796599149,0.9855134453118748,0.9853720605230573,0.9850573279945362,0.9795354284945293
1,4,2.090494006218449,0.5092603850050659,4935,2.2059672337311964,0.4257907542579075,822,2.2083913769584873,0.3948,0.997930448949679,0.08386949921806683,,,0.9928848599845415,,0.9928958738075216,0.007104126192478355,0.9657928612498659,0.09932488991414574,5,0.001,0.1,0.9751442299918166,0.989618621324282,0.9946481974531526,0.994285126400031,1.0,0.9957869720887103,0.9951739726583151,0.9934586646934659,0.9904178022896998,0.9880668536739792,0.9905277536808603,0.9866380448482686
1,5,2.09894716102783,0.5043925433897579,4667,2.2095609664916993,0.38174807197943444,778,2.2083921645776914,0.3947,0.9959595389330076,0.08349902745584853,,,0.9354611623220731,,0.9354732701211085,0.06452672987889152,0.9657883082561355,0.09932462392228042,5,0.001,0.1,0.9710397418574045,0.9864351961122846,0.9904720746830148,0.9941057542707975,0.9957869720887103,1.0,0.9925211431643222,0.9897313001035575,0.9893053785889766,0.9865601184317803,0.9897762699964779,0.9845201975997858
1,6,2.1166776468072617,0.5319110711879632,4453,2.205331246058146,0.4123989218328841,742,2.2083914074273157,0.3947,0.9969575148368179,0.08370254754220273,,,0.9670070913209925,,0.9670213897023999,0.032978610297600075,0.9657919886823128,0.09932484644606536,5,0.001,0.1,0.9646650340283731,0.9822331844288378,0.9908548163225078,0.9906665028661307,0.9951739726583151,0.9925211431643222,1.0,0.9958282671958018,0.992680358037406,0.9915120641261082,0.9948239885865009,0.991127786660612
1,7,2.1247131175069667,0.4839841010053776,4277,2.212487034175707,0.364656381486676,713,2.2083919040692117,0.3947,0.9959000908287458,0.08351828106411581,,,0.9384455014615308,,0.9384744009820125,0.06152559901798749,0.9657907009936791,0.09932470804093135,5,0.001,0.1,0.960718808599659,0.9785967295678023,0.9886526229016828,0.9867406796599149,0.9934586646934659,0.9897313001035575,0.9958282671958018,1.0,0.9933647568721998,0.9928094324219205,0.9950751071699826,0.9945398898383528
1,8,2.132206579171694,0.43797529668200536,4129,2.205766027623957,0.3938953488372093,688,2.208394882397149,0.3943,0.9940511968067766,0.08324779837830595,,,0.8965202657030081,,0.8965407254907647,0.10345927450923531,0.9657868709937604,0.09932403124454571,5,0.001,0.1,0.9563308390741276,0.9754253282495337,0.9844419100864339,0.9855134453118748,0.9904178022896998,0.9893053785889766,0.992680358037406,0.9933647568721998,1.0,0.9922695830954305,0.9947496190374607,0.9929938088123786
1,9,2.1402164311636063,0.5062234441389653,4001,2.2045963491712297,0.41529235382308843,667,2.2083954780627364,0.3943,0.9932966132404158,0.08315122710576035,,,0.8815515686980506,,0.8815689003585893,0.11843109964141074,0.9657866865728804,0.09932357248526082,5,0.001,0.1,0.9559101644914694,0.9741361301698727,0.9848402972514981,0.9853720605230573,0.9880668536739792,0.9865601184317803,0.9915120641261082,0.9928094324219205,0.9922695830954305,1.0,0.9936882135073802,0.9933645134276945
1,10,2.1484560624497835,0.49313448187194653,3889,2.2120584533328103,0.37962962962962965,648,2.208394823744655,0.3943,0.9937796028540595,0.08324627374918833,,,0.8962839458254188,,0.8963039212843487,0.10369607871565134,0.9657877735608105,0.09932402900234513,5,0.001,0.1,0.9501553632378326,0.9712041239997856,0.9829923025736533,0.9850573279945362,0.9905277536808603,0.9897762699964779,0.9948239885865009,0.9950751071699826,0.9947496190374607,0.9936882135073802,1.0,0.9961030500671704
1,11,2.148928650487371,0.4721709311527302,3791,2.209088397026062,0.4129746835443038,632,2.208398238538553,0.3945,0.9910551305240483,0.0829510891819809,,,0.8505298801431919,,0.8505475493181005,0.1494524506818995,0.9657918673445839,0.09932216842830918,5,0.001,0.1,0.946264967316473,0.96715736107132,0.9795060281761071,0.9795354284945293,0.9866380448482686,0.9845201975997858,0.991127786660612,0.9945398898383528,0.9929938088123786,0.9933645134276945,0.9961030500671704,1.0
2,0,1.649641116305548,0.5831750669588508,8214,2.144611580427303,0.5076698319941563,1369,2.1422261902318596,0.5256,0.9865180099466051,0.08200934519983594,,,0.65,,0.6500178811339539,0.34998211886604613,0.9834998457845823,0.09948517155205866,5,0.001,0.1,1.0,0.9961278302294254,0.9928048536680385,0.9885842869111452,0.9848185546520534,0.9819026822103085,0.9794684705740857,0.9767513306056999,0.9730600410993533,0.9740384918422272,0.9704787491720609,0.9690633388144146
2,1,1.7846359531277591,0.5958320657134165,6574,2.1415469305855885,0.5246350364963503,1096,2.141887451513126,0.5259,0.9937439306268533,0.08329384435871925,,,0.9073690365333127,,0.9073950570746465,0.09260494292535348,0.9839808300138655,0.09956629993092155,5,0.001,0.1,0.9961278302294254,1.0,0.9974110844497843,0.9955548631542568,0.9932230892070073,0.9912276858029437,0.9881071994199421,0.9858127261537473,0.9826175638278098,0.9830945050327735,0.9809240011146082,0.9791325509532088
2,2,1.8575944755617426,0.6011758602801314,5783,2.139083639267952,0.5321576763485477,964,2.141885821430828,0.5259,0.9973683309205629,0.0837462420886518,,,0.9980138353853573,,0.9980234097872628,0.001976590212737217,0.9839868464016929,0.09956697724560298,5,0.001,0.1,0.9928048536680385,0.9974110844497843,1.0,0.9973155088535016,0.9961955119186562,0.9937637715983714,0.993625600603354,0.992046991955254,0.9887817536439324,0.989478342329771,0.988219025183952,0.9868005593859992
2,3,1.8978406037192748,0.5797238509551731,5287,2.139647049563272,0.5437003405221339,881,2.1418858313331968,0.5259,0.9975880949903634,0.08372682616018626,,,0.9941235573980036,,0.9941378877064788,0.005862112293521182,0.9839868557928702,0.0995669772276812,5,0.001,0.1,0.9885842869111452,0.9955548631542568,0.9973155088535016,1.0,0.9971526588566978,0.9964774363625641,0.9943678380744957,0.9918645427062893,0.989669343590666,0.9905573183992818,0.9901748731809165,0.9872603758974259
2,4,1.9247891313798966,0.5731306990881458,4935,2.1372188421396108,0.5486618004866181,822,2.141885771157262,0.5259,0.9985472773094637,0.08375615480602414,,,0.9999999997996347,,1.0,0.0,0.9839868626134405,0.09956697724597145,5,0.001,0.1,0.9848185546520534,0.9932230892070073,0.9961955119186562,0.9971526588566978,1.0,0.9971116764519673,0.9963084021833833,0.9952902381481151,0.9930151285102493,0.9925050788206289,0.9932163829347976,0.9915489337805904
2,5,1.93471989288722,0.567173773301907,4667,2.1434117794036864,0.5179948586118251,778,2.1418869175469153,0.5259,0.9969664550858718,0.08347762809602735,,,0.9441929169339793,,0.9442108620639661,0.055789137936033906,0.9839837933286035,0.0995668122489273,5,0.001,0.1,0.9819026822103085,0.9912276858029437,0.9937637715983714,0.9964774363625641,0.9971116764519673,1.0,0.9944040068253486,0.992700851478578,0.9913547407122563,0.9909244258562068,0.9923325254294679,0.9892721998205107
2,6,1.9672676132406508,0.5916909948349427,4453,2.1393514275550842,0.5390835579514824,742,2.1418860286188584,0.5259,0.9981696584650459,0.08364145515022632,,,0.9770181708904981,,0.9770396574554663,0.02296034254453372,0.9839851604719787,0.09956696728386497,5,0.001,0.1,0.9794684705740857,0.9881071994199421,0.993625600603354,0.9943678380744957,0.9963084021833833,0.9944040068253486,1.0,0.9976439074591,0.994862420965929,0.9951986369703039,0.9967245901929681,0.9951287669279197
2,7,1.9800159948975293,0.5562310030395137,4277,2.146487868350485,0.514726507713885,713,2.141886641042301,0.5259,0.9973863494772471,0.08350301643513525,,,0.9492798586654638,,0.9493045688713622,0.050695431128637836,0.9839836373540054,0.09956687165415491,5,0.001,0.1,0.9767513306056999,0.9858127261537473,0.992046991955254,0.9918645427062893,0.9952902381481151,0.992700851478578,0.9976439074591,1.0,0.9952866022027462,0.9955404372217018,0.9967181357633778,0.9968227218589686
2,8,1.9924293523568373,0.4968273189634294,4129,2.1375097794966265,0.5247093023255814,688,2.1418907756622607,0.5259,0.9954247936737282,0.08327357429455895,,,0.9033076194063903,,0.9033307236543239,0.09666927634567613,0.9839750849181487,0.09956620524576998,5,0.001,0.1,0.9730600410993533,0.9826175638278098,0.9887817536439324,0.989669343590666,0.9930151285102493,0.9913547407122563,0.994862420965929,0.9952866022027462,1.0,0.9943886668453665,0.9955814670871008,0.9944183621585367
2,9,2.006520073943668,0.5930517370657336,4001,2.1374516827719554,0.5337331334332833,667,2.141892283107526,0.5259,0.9957522725001452,0.08322486724871798,,,0.8935484184183796,,0.8935637583243927,0.10643624167560728,0.9839724478405661,0.09956591150832488,5,0.001,0.1,0.9740384918422272,0.9830945050327735,0.989478342329771,0.9905573183992818,0.9925050788206289,0.9909244258562068,0.9951986369703039,0.9955404372217018,0.9943886668453665,1.0,0.9956364947515028,0.9956093940146141
2,10,2.0190059368727638,0.5683209051169966,3889,2.146009501956758,0.5123456790123457,648,2.1418906751151283,0.5259,0.9957886147062277,0.08328439423019121,,,0.9054755588633912,,0.9054957906844124,0.09450420931558756,0.9839749712245196,0.09956621751878332,5,0.001,0.1,0.9704787491720609,0.9809240011146082,0.988219025183952,0.9901748731809165,0.9932163829347976,0.9923325254294679,0.9967245901929681,0.9967181357633778,0.9955814670871008,0.9956364947515028,1.0,0.9973277569708846
2,11,2.0215527999300917,0.553415985228172,3791,2.144183373451233,0.5158227848101266,632,2.1418988125773666,0.5259,0.9945346877341947,0.08306265193172549,,,0.8610461006421662,,0.861063589178531,0.13893641082146901,0.983954653451308,0.09956443829227923,5,0.001,0.1,0.9690633388144146,0.9791325509532088,0.9868005593859992,0.9872603758974259,0.9915489337805904,0.9892721998205107,0.9951287669279197,0.9968227218589686,0.9944183621585367,0.9956093940146141,0.9973277569708846,1.0
3,0,1.4876078723469597,0.6095203311419528,8214,2.064932667931845,0.5865595325054784,1369,2.06183395599024,0.5955,0.9902174221788503,0.08230648485958045,,,0.65,,0.6500178811339539,0.34998211886604613,0.9920383012593255,0.09960278452076374,5,0.001,0.1,1.0,0.9971318788960972,0.9942595368075364,0.9920838277700845,0.9884668084616745,0.9864789746715209,0.9853713116099275,0.9832347334065801,0.9800472922936059,0.9813654807479119,0.9787162593383818,0.9783372800768286
3,1,1.605078794597422,0.6190751445086705,6574,2.0601199558803014,0.593065693430657,1096,2.0612830285447092,0.5954,0.995551290944763,0.08326698808140444,,,0.8995519574813107,,0.8995708527851074,0.1004291472148926,0.9923507273731963,0.09968595160603066,5,0.001,0.1,0.9971318788960972,1.0,0.9974906420229241,0.9964515585566123,0.9944301677173748,0.9927370368598657,0.9919038799327201,0.9903607761998172,0.9874293998581327,0.9886352914365846,0.98659420472538,0.9860181688769151
3,2,1.6770437156297884,0.6284627356043576,5783,2.05904830655744,0.6006224066390041,964,2.061279345625125,0.5954,0.9978103967778478,0.08361756526350975,,,0.9906367347676623,,0.9906486502160234,0.00935134978397656,0.9923562409869207,0.09968669439669192,5,0.001,0.1,0.9942595368075364,0.9974906420229241,1.0,0.9974635396112882,0.9966260696464232,0.9954088526816594,0.9951693972065915,0.9943141091236712,0.9906437386758209,0.9924550973773246,0.9915190647188653,0.9907830099057959
3,3,1.717835659147745,0.6033289199924343,5287,2.0583092314856395,0.5970488081725313,881,2.0612793311524316,0.5954,0.998436926658041,0.08362588594873833,,,0.9927985633166982,,0.9928088845072056,0.0071911154927943866,0.9923562495368955,0.09968669445172958,5,0.001,0.1,0.9920838277700845,0.9964515585566123,0.9974635396112882,1.0,0.9971975573987103,0.9965144943533829,0.9963302778512895,0.9950245270549621,0.9930326773933572,0.9941059687574069,0.9934311692737208,0.9919560365336237
3,4,1.7485257879380256,0.5947720364741641,4935,2.0540353059768677,0.6034063260340633,822,2.0612792245115337,0.5954,0.9987378846649801,0.08365360363509244,,,0.9999999997401863,,1.0,0.0,0.992356247283529,0.09968669456593941,5,0.001,0.1,0.9884668084616745,0.9944301677173748,0.9966260696464232,0.9971975573987103,1.0,0.9975994943128975,0.9969560101749438,0.996698271847274,0.9946682854684497,0.9949448414775155,0.9951207876307311,0.9944319593555943
3,5,1.755819522518001,0.595071780587101,4667,2.063033380508423,0.5912596401028277,778,2.0612807266247537,0.5954,0.9979766808581688,0.08345810076066869,,,0.949205662046011,,0.9492224123099525,0.050777587690047477,0.9923543078185877,0.0996866212094199,5,0.001,0.1,0.9864789746715209,0.9927370368598657,0.9954088526816594,0.9965144943533829,0.9975994943128975,1.0,0.9962100709302368,0.9958127276109098,0.9941573144666384,0.9942836813336803,0.9952479847000276,0.993569296065128
3,6,1.7971572642666953,0.6102402874466651,4453,2.0591073830922446,0.610512129380054,742,2.0612795802351003,0.5954,0.9986265920763182,0.08357962370366336,,,0.9807789952885788,,0.9807995283246828,0.019200471675317243,0.9923560368365953,0.09968669334392229,5,0.001,0.1,0.9853713116099275,0.9919038799327201,0.9951693972065915,0.9963302778512895,0.9969560101749438,0.9962100709302368,1.0,0.9979703275091331,0.9958418438669207,0.9962657034094056,0.9973500232606008,0.9964153341414866
3,7,1.813905685339401,0.5926116436754735,4277,2.0666130418362827,0.576437587657784,713,2.0612804173661496,0.5954,0.9982532123327932,0.08348261156378797,,,0.9555739060652668,,0.9555967949275572,0.044403205072442775,0.9923547219923553,0.09968664631266942,5,0.001,0.1,0.9832347334065801,0.9903607761998172,0.9943141091236712,0.9950245270549621,0.996698271847274,0.9958127276109098,0.9979703275091331,1.0,0.9963752540231963,0.9966238909986763,0.9973592005851506,0.9975294093321445
3,8,1.8337913498511682,0.5614434487769435,4129,2.0545244108546865,0.6177325581395349,688,2.0612865446474604,0.5953,0.9963812433880505,0.0832813546421737,,,0.9032845877117812,,0.9033065599597916,0.09669344004020841,0.9923507391309044,0.09968605499809315,5,0.001,0.1,0.9800472922936059,0.9874293998581327,0.9906437386758209,0.9930326773933572,0.9946682854684497,0.9941573144666384,0.9958418438669207,0.9963752540231963,1.0,0.9949343325716264,0.9962144545267558,0.9955627050069106
3,9,1.8456219207672846,0.6135466133466634,4001,2.0561756860642206,0.6131934032983508,667,2.0612885913909813,0.5953,0.9969946275402481,0.08327127625336585,,,0.9006660835796634,,0.9006872154724969,0.09931278452750314,0.9923481346537613,0.09968595824030228,5,0.001,0.1,0.9813654807479119,0.9886352914365846,0.9924550973773246,0.9941059687574069,0.9949448414775155,0.9942836813336803,0.9962657034094056,0.9966238909986763,0.9949343325716264,1.0,0.9963285743827239,0.99631121920926
3,10,1.8634436748066887,0.598457186937516,3889,2.0658485889434814,0.5771604938271605,648,2.0612859345091796,0.5953,0.9969301042039272,0.08330572106550806,,,0.9096153198756551,,0.9096374479272383,0.09036255207276167,0.9923519179404027,0.09968613224320697,5,0.001,0.1,0.9787162593383818,0.98659420472538,0.9915190647188653,0.9934311692737208,0.9951207876307311,0.9952479847000276,0.9973500232606008,0.9973592005851506,0.9962144545267558,0.9963285743827239,1.0,0.997559552549427
3,11,1.867470194311703,0.5908203640200475,3791,2.065436005592346,0.5806962025316456,632,2.0612973527024727,0.5953,0.9963460126872274,0.08315078422250691,,,0.8693605954995234,,0.8693807328365277,0.13061926716347227,0.9923410759500847,0.09968506605669537,5,0.001,0.1,0.9783372800768286,0.9860181688769151,0.9907830099057959,0.9919560365336237,0.9944319593555943,0.993569296065128,0.9964153341414866,0.9975294093321445,0.9955627050069106,0.99631121920926,0.997559552549427,1.0
4,0,1.3602036492369982,0.6334307280253226,8214,1.9709216106769651,0.6143170197224251,1369,1.967028834568426,0.6209,0.9915396468749401,0.08251764232914442,,,0.65,,0.6500178811339539,0.34998211886604613,0.9957731255327532,0.09964439215327635,5,0.001,0.1,1.0,0.9959810028602624,0.9949958842810768,0.9928174326856682,0.990046567926164,0.9883627254049114,0.986876199863604,0.9856165657588593,0.9834063773918056,0.9836793739843966,0.982393823992414,0.982231407037043
4,1,1.4578783225665972,0.634742926680864,6574,1.964406282561166,0.6222627737226277,1096,1.966238109067606,0.6211,0.9957900590720704,0.0832442102808228,,,0.8899076842579046,,0.889929538666744,0.11007046133325604,0.9961111466984768,0.09972891968750097,5,0.001,0.1,0.9959810028602624,1.0,0.9967918674020111,0.9959724286778625,0.9944993164983154,0.9932118772227596,0.9933254902829682,0.9911733681425143,0.9892615760872865,0.9903926009915205,0.9883724586206246,0.9881992513453279
4,2,1.5207850375228165,0.644855611274425,5783,1.9646601215485604,0.6213692946058091,964,1.966231915135734,0.6211,0.9980663097129575,0.0835328104228699,,,0.9852014439056926,,0.985216651685176,0.014783348314823974,0.9961159385325025,0.09972970521258298,5,0.001,0.1,0.9949958842810768,0.9967918674020111,1.0,0.9976635840439664,0.9967389659305672,0.9960044314317098,0.9952160175654081,0.9952971428213984,0.9925936407161937,0.9931742168280877,0.9929671540616639,0.9929382295148683
4,3,1.5584176199263837,0.6240968413088708,5287,1.962434287582125,0.6288308740068105,881,1.966231895711856,0.6211,0.9986151015560851,0.08355563711147074,,,0.9927386577187323,,0.9927508916403283,0.007249108359671741,0.9961159845627485,0.09972970960008105,5,0.001,0.1,0.9928174326856682,0.9959724286778625,0.9976635840439664,1.0,0.9974670522945619,0.9972718795246803,0.9962693177638258,0.9959194455377242,0.9941840220102585,0.9949231752017441,0.9946309919778626,0.9937975828401554
4,4,1.5871995153734761,0.61612968591692,4935,1.9559701222639818,0.6313868613138686,822,1.966231687762105,0.6211,0.9987694774693445,0.08357762831347891,,,0.999999999669807,,1.0,0.0,0.9961159880776292,0.09972970978825874,5,0.001,0.1,0.990046567926164,0.9944993164983154,0.9967389659305672,0.9974670522945619,1.0,0.9976142421000598,0.9965334644190009,0.996995581800907,0.9957858527941277,0.9957990116619101,0.9958209430424465,0.995432819776152
4,5,1.5919959629235203,0.6178701521319906,4667,1.9680440855026244,0.6131105398457584,778,1.966233496087047,0.6211,0.9985315493339539,0.08344999494953005,,,0.9578563506025939,,0.9578730149524942,0.04212698504750578,0.9961155539002872,0.0997296522505424,5,0.001,0.1,0.9883627254049114,0.9932118772227596,0.9960044314317098,0.9972718795246803,0.9976142421000598,1.0,0.9962602417610005,0.9969670947291757,0.9958914889450957,0.9961534708263469,0.9965708070441949,0.995566882918751
4,6,1.6344723231451852,0.6222322030092072,4453,1.9642952581246693,0.637466307277628,742,1.9662322464842386,0.6211,0.9983419795892908,0.08351843340989779,,,0.9804542542165253,,0.9804709020790443,0.019529097920955696,0.9961159930681598,0.09972970465079432,5,0.001,0.1,0.986876199863604,0.9933254902829682,0.9952160175654081,0.9962693177638258,0.9965334644190009,0.9962602417610005,1.0,0.9973983999027619,0.9961595801966794,0.9966413656495037,0.9967390797477786,0.9961751256057804
4,7,1.6513262720250372,0.6179097498246434,4277,1.9722980727320132,0.5974754558204769,713,1.966233123986485,0.6211,0.9984458468542979,0.08346226597919575,,,0.9619081592514016,,0.961927682895004,0.038072317104996034,0.9961155933098509,0.09972966664597173,5,0.001,0.1,0.9856165657588593,0.9911733681425143,0.9952971428213984,0.9959194455377242,0.996995581800907,0.9969670947291757,0.9973983999027619,1.0,0.9970387231252803,0.9969663468309605,0.997607712734885,0.9978455885686125
4,8,1.674038326235918,0.5978202954710584,4129,1.9567056135697798,0.6453488372093024,688,1.9662406981562655,0.621,0.9972035340905383,0.08329866870157188,,,0.9078894760229759,,0.9079169928765428,0.09208300712345718,0.9961140130630214,0.09972921655288061,5,0.001,0.1,0.9834063773918056,0.9892615760872865,0.9925936407161937,0.9941840220102585,0.9957858527941277,0.9958914889450957,0.9961595801966794,0.9970387231252803,1.0,0.9962292133187791,0.9970061933055018,0.996401560935798
4,9,1.6835470112543258,0.6217945513621594,4001,1.96039575054532,0.6296851574212894,667,1.9662431478500366,0.621,0.9975417246780808,0.08330340596897137,,,0.9094536887699023,,0.909473134804419,0.09052686519558095,0.9961131400836533,0.09972922240163556,5,0.001,0.1,0.9836793739843966,0.9903926009915205,0.9931742168280877,0.9949231752017441,0.9957990116619101,0.9961534708263469,0.9966413656495037,0.9969663468309605,0.9962292133187791,1.0,0.9970295283917086,0.997017007172712
4,10,1.704358043045294,0.6166623810748264,3889,1.9712683246249245,0.6033950617283951,648,1.9662400419338824,0.621,0.9974618540197228,0.08332196030088969,,,0.9155802001212401,,0.9155962149988884,0.08440378500111156,0.9961137913800442,0.09972931036531478,5,0.001,0.1,0.982393823992414,0.9883724586206246,0.9929671540616639,0.9946309919778626,0.9958209430424465,0.9965708070441949,0.9967390797477786,0.997607712734885,0.9970061933055018,0.9970295283917086,1.0,0.9978940751312366
4,11,1.708335560109435,0.6188868372461092,3791,1.9724296033382416,0.6060126582278481,632,1.9662528213220662,0.621,0.9971658968200284,0.0832173422321567,,,0.8810360414595643,,0.8810517972955993,0.11894820270440065,0.996111347922744,0.0997286502833741,5,0.001,0.1,0.982231407037043,0.9881992513453279,0.9929382295148683,0.9937975828401554,0.995432819776152,0.995566882918751,0.9961751256057804,0.9978455885686125,0.996401560935798,0.997017007172712,0.9978940751312366,1.0
5,0,1.258865756561784,0.6458242025809593,8214,1.8635231700054435,0.6252739225712198,1369,1.8588410558791968,0.6342,0.9917190606031063,0.08264675708712259,,,1.0,,1.0,0.0,0.9966149179073098,0.09974900371163865,5,0.001,0.1,1.0,0.9964138265332748,0.9947163626955778,0.992706923421635,0.9897798687992558,0.9881013995903865,0.9880178764715598,0.9857014344996963,0.9842174722997089,0.9845802476769523,0.9832612236536672,0.9833480150258489
5,1,1.3375754097133006,0.6477943413446912,6574,1.8558048588888987,0.6395985401459854,1096,1.8579744447153597,0.6343,0.9964969834173264,0.0832467838427488,,,1.0,,1.0,0.0,0.9974829990248826,0.09974900371163865,5,0.001,0.1,0.9964138265332748,1.0,0.9974720852820027,0.9965679376778249,0.9950879865365709,0.9941658939972423,0.9936666760806667,0.992381623954621,0.9906309125606771,0.9912410867291641,0.990131438353573,0.990196780787918
5,2,1.3915980903483227,0.6557150268026976,5783,1.857286645520118,0.6286307053941909,964,1.8579681574727018,0.6343,0.9980685796087818,0.08347458631114979,,,1.0,,1.0,0.0,0.9974900677163228,0.09974900371163865,5,0.001,0.1,0.9947163626955778,0.9974720852820027,1.0,0.9974517763502119,0.9963796452374346,0.9958273523476059,0.9958890556853387,0.9952486828640063,0.9931193159331877,0.9937108853169144,0.9933031391623733,0.9936136644402025
5,3,1.423669704543539,0.6374503499148856,5287,1.853388820375715,0.641316685584563,881,1.8579681487129138,0.6343,0.9986465197912658,0.08350725190726184,,,1.0,,1.0,0.0,0.9974900899489404,0.09974900371163865,5,0.001,0.1,0.992706923421635,0.9965679376778249,0.9974517763502119,1.0,0.997115215682162,0.9971045301504026,0.9970985487245017,0.9961169931415587,0.9946203530364478,0.9952616025829099,0.9950296888695009,0.9945496828285261
5,4,1.4512082374480464,0.6339209726443769,4935,1.844477850657243,0.6472019464720195,822,1.8579678543078633,0.6343,0.9987871778989806,0.08352528530712854,,,1.0,,1.0,0.0,0.9974900958135492,0.09974900371163865,5,0.001,0.1,0.9897798687992558,0.9950879865365709,0.9963796452374346,0.997115215682162,1.0,0.9973953483828517,0.9971368443967347,0.9971000283028356,0.9962445195660896,0.9965979269968923,0.9961686821231206,0.9962741161607374
5,5,1.4509589050730614,0.637883008356546,4667,1.8596639585494996,0.6298200514138818,778,1.857969750611546,0.6343,0.9985987733763376,0.08344089865641909,,,1.0,,1.0,0.0,0.9974895934394706,0.09974900371163865,5,0.001,0.1,0.9881013995903865,0.9941658939972423,0.9958273523476059,0.9971045301504026,0.9973953483828517,1.0,0.9971521910078005,0.9972975897251629,0.9962436541444437,0.996761273628444,0.9968591089207303,0.9961041616341582
5,6,1.4916119909286498,0.6353020435661352,4453,1.8559237867593765,0.6509433962264151,742,1.8579685729913438,0.6343,0.9987636527837508,0.08348820957667381,,,1.0,,1.0,0.0,0.9974900604521764,0.09974900371163865,5,0.001,0.1,0.9880178764715598,0.9936666760806667,0.9958890556853387,0.9970985487245017,0.9971368443967347,0.9971521910078005,1.0,0.9980249662209393,0.996404644360356,0.9970229473536982,0.9974598868964947,0.9971099057752492
5,7,1.5071196267853921,0.6334346504559271,4277,1.864668861679409,0.6269284712482468,713,1.8579693602296872,0.6343,0.9984797279960843,0.0834445830247707,,,1.0,,1.0,0.0,0.9974897176884974,0.09974900371163865,5,0.001,0.1,0.9857014344996963,0.992381623954621,0.9952486828640063,0.9961169931415587,0.9971000283028356,0.9972975897251629,0.9980249662209393,1.0,0.9967902228770109,0.9972910752267986,0.9976991679382964,0.9979159616637282
5,8,1.5334325333741996,0.6165173165415355,4129,1.845144580711018,0.6627906976744186,688,1.8579769126904278,0.6343,0.9972840399250329,0.08330560779331803,,,1.0,,1.0,0.0,0.9974855209709147,0.09974900371163865,5,0.001,0.1,0.9842174722997089,0.9906309125606771,0.9931193159331877,0.9946203530364478,0.9962445195660896,0.9962436541444437,0.996404644360356,0.9967902228770109,1.0,0.9962003351169537,0.9968130955889111,0.9959743397358581
5,9,1.536115118435451,0.639040239940015,4001,1.8513345604851132,0.6356821589205397,667,1.8579796956370052,0.6343,0.9977735244368455,0.08332431932609376,,,1.0,,1.0,0.0,0.9974855945524819,0.09974900371163865,5,0.001,0.1,0.9845802476769523,0.9912410867291641,0.9937108853169144,0.9952616025829099,0.9965979269968923,0.996761273628444,0.9970229473536982,0.9972910752267986,0.9962003351169537,1.0,0.9972607808287585,0.9971884767344518
5,10,1.5582292970086709,0.6328619182309076,3889,1.8632809321085613,0.6080246913580247,648,1.8579762450422341,0.6343,0.9976670631304028,0.0833322648384991,,,1.0,,1.0,0.0,0.9974864635226292,0.09974900371163865,5,0.001,0.1,0.9832612236536672,0.990131438353573,0.9933031391623733,0.9950296888695009,0.9961686821231206,0.9968591089207303,0.9974598868964947,0.9976991679382964,0.9968130955889111,0.9972607808287585,1.0,0.9978436703450221
5,11,1.5610122139714344,0.6353468741756793,3791,1.8664352238178252,0.6139240506329114,632,1.8579895187871525,0.6343,0.9975236961683887,0.08326345232881387,,,1.0,,1.0,0.0,0.9974798514464625,0.09974900371163865,5,0.001,0.1,0.9833480150258489,0.990196780787918,0.9936136644402025,0.9945496828285261,0.9962741161607374,0.9961041616341582,0.9971099057752492,0.9979159616637282,0.9959743397358581,0.9971884767344518,0.9978436703450221,1.0
6,0,1.1760474068181523,0.6585342098855612,8214,1.7456618602885756,0.6376917457998539,1369,1.7400681123185082,0.6486,0.9916759742296476,0.08272992796324434,,,1.0,,1.0,0.0,0.9982642193037877,0.09973221052659072,5,0.001,0.1,1.0,0.9959220945428364,0.9942338413336154,0.992454921316909,0.9894213511761671,0.9878204375432081,0.9884488093372606,0.9852494815790538,0.9846214817494388,0.9836625155747015,0.9835326735206822,0.9829580789309992
6,1,1.239483226560852,0.6566473988439306,6574,1.73689181464059,0.6450729927007299,1096,1.7391400226769738,0.6489,0.9965011400956845,0.08325388094290355,,,1.0,,1.0,0.0,0.9982642193037877,0.09973221052659072,5,0.001,0.1,0.9959220945428364,1.0,0.9971350822226344,0.9961617619165462,0.9948588543451321,0.9938559649617911,0.9937647091108432,0.9921147822932067,0.9908676414976433,0.9906258200743223,0.9905414614710919,0.9901520274493032
6,2,1.2845418971546447,0.665779007435587,5783,1.7395321053843344,0.6400414937759336,964,1.7391338649268349,0.6489,0.9980210404342087,0.08344272697350975,,,1.0,,1.0,0.0,0.9982642193037877,0.09973221052659072,5,0.001,0.1,0.9942338413336154,0.9971350822226344,1.0,0.9971887418170584,0.9960548029493799,0.9958239411826473,0.995876247022321,0.9950114885331519,0.9933445114212053,0.9924370581090488,0.9934659756007578,0.9935854378180253
6,3,1.3116262411496726,0.6500094571590694,5287,1.7336347358567374,0.6674233825198638,881,1.7391338462646777,0.6489,0.9985395569707592,0.08347951236486036,,,1.0,,1.0,0.0,0.9982642193037877,0.09973221052659072,5,0.001,0.1,0.992454921316909,0.9961617619165462,0.9971887418170584,1.0,0.9966978463704912,0.9968918552900025,0.997071835374269,0.995817625908597,0.9943687355789906,0.9942251541105815,0.995205986594222,0.994256391749448
6,4,1.3346576969854294,0.6471732522796353,4935,1.7224755333020136,0.6666666666666666,822,1.7391334981583177,0.6489,0.9985690225723552,0.08349152807560078,,,1.0,,1.0,0.0,0.9982642193037877,0.09973221052659072,5,0.001,0.1,0.9894213511761671,0.9948588543451321,0.9960548029493799,0.9966978463704912,1.0,0.9969684255525052,0.9967138385902288,0.9967172874004414,0.9960268468554545,0.9954402702538678,0.9959730655011184,0.9957971195807772
6,5,1.3324281921125438,0.654081851296336,4667,1.7404275989532472,0.6426735218508998,778,1.739135398270604,0.6489,0.9984827715713872,0.08343696827356337,,,1.0,,1.0,0.0,0.9982642193037877,0.09973221052659072,5,0.001,0.1,0.9878204375432081,0.9938559649617911,0.9958239411826473,0.9968918552900025,0.9969684255525052,1.0,0.9968028920020224,0.9971076826423466,0.9957532782566637,0.9957406245357567,0.9969332146926444,0.9959273519277143
6,6,1.3723572278022766,0.6466202560071862,4453,1.7368217160304387,0.6630727762803235,742,1.7391343383362499,0.6489,0.9986500510522763,0.08347139715644934,,,1.0,,1.0,0.0,0.9982642193037877,0.09973221052659072,5,0.001,0.1,0.9884488093372606,0.9937647091108432,0.995876247022321,0.997071835374269,0.9967138385902288,0.9968028920020224,1.0,0.9975331964156994,0.9959338498925677,0.995797948595518,0.9972410099918844,0.9964466376909933
6,7,1.3831571050544282,0.6491933598316577,4277,1.746295338091643,0.638148667601683,713,1.7391349899883088,0.6489,0.9982857521944933,0.08343286671150092,,,1.0,,1.0,0.0,0.9982642193037877,0.09973221052659072,5,0.001,0.1,0.9852494815790538,0.9921147822932067,0.9950114885331519,0.995817625908597,0.9967172874004414,0.9971076826423466,0.9975331964156994,1.0,0.996604224964508,0.9962243644945686,0.997462795354752,0.9974061422278468
6,8,1.4126307277954542,0.6354080891256962,4129,1.7225654396143826,0.6773255813953488,688,1.7391424971266676,0.6489,0.9971311322461758,0.08331031526736835,,,1.0,,1.0,0.0,0.9982642193037877,0.09973221052659072,5,0.001,0.1,0.9846214817494388,0.9908676414976433,0.9933445114212053,0.9943687355789906,0.9960268468554545,0.9957532782566637,0.9959338498925677,0.996604224964508,1.0,0.9945963846945652,0.9962476946229173,0.9950752935895076
6,9,1.412472562468241,0.6559860034991252,4001,1.7319199641545613,0.6476761619190404,667,1.7391454872612755,0.6489,0.9969674219777305,0.08331650908214308,,,1.0,,1.0,0.0,0.9982642193037877,0.09973221052659072,5,0.001,0.1,0.9836625155747015,0.9906258200743223,0.9924370581090488,0.9942251541105815,0.9954402702538678,0.9957406245357567,0.995797948595518,0.9962243644945686,0.9945963846945652,1.0,0.9965808924505545,0.9961451487128342
6,10,1.4308079692183948,0.64319876574955,3889,1.7444911627542405,0.6342592592592593,648,1.7391418561386986,0.6489,0.9977182082344707,0.08334562806437511,,,1.0,,1.0,0.0,0.9982642193037877,0.09973221052659072,5,0.001,0.1,0.9835326735206822,0.9905414614710919,0.9934659756007578,0.995205986594222,0.9959730655011184,0.9969332146926444,0.9972410099918844,0.997462795354752,0.9962476946229173,0.9965808924505545,1.0,0.9972658342145317
6,11,1.431563079557499,0.6470588235294118,3791,1.7497880578041076,0.6313291139240507,632,1.7391545189836155,0.6489,0.9972639202647692,0.08328873912448106,,,1.0,,1.0,0.0,0.9982642193037877,0.09973221052659072,5,0.001,0.1,0.9829580789309992,0.9901520274493032,0.9935854378180253,0.994256391749448,0.9957971195807772,0.9959273519277143,0.9964466376909933,0.9974061422278468,0.9950752935895076,0.9961451487128342,0.9972658342145317,1.0
7,0,1.1074672514826407,0.6679571463355247,8214,1.6213189363479614,0.6574141709276844,1369,1.6146310560238628,0.6638,0.9913861659520848,0.08277999612391182,,,1.0,,1.0,0.0,0.9985178231570678,0.09970596878315048,5,0.001,0.1,1.0,0.9954780991544192,0.9936204312338333,0.9917073342961499,0.9885202011546383,0.9868051973801997,0.9876318749557894,0.9845254255187581,0.9846145225938085,0.9831877007788229,0.9828728800183391,0.9827720491038493
