round,client_id,client_i_training_loss,client_i_training_accuracy,client_i_training_dataset_size,client_i_evaluation_loss,client_i_evaluation_accuracy,client_i_evaluation_dataset_size,client_i_central_evaluation_loss,client_i_central_evaluation_accuracy,client_i_cosine_similarity,client_i_importance_coefficient,client_i_tanh_val,tanh_normalization_value,client_i_q,client_i_mask_order,client_i_v_nonzero_fraction,client_i_v_sparsity,client_i_v_cosine_similarity,client_i_reward_gradient_norm,local_epochs,learning_rate,gamma,client_0_cosine_similarity,client_1_cosine_similarity,client_2_cosine_similarity,client_3_cosine_similarity,client_4_cosine_similarity,client_5_cosine_similarity,client_6_cosine_similarity,client_7_cosine_similarity,client_8_cosine_similarity,client_9_cosine_similarity,client_10_cosine_similarity,client_11_cosine_similarity
0,0,0.2770176502053376,0.9140978816654493,8214,2.204373891963515,0.31921110299488675,1369,2.208631161302804,0.2969,0.8023180105331964,0.08669983038445249,,,0.9499999999900892,,0.9500025099141609,0.04999749008583909,0,0.3878803458032025,5,0.1,0.5,1.0,0.5916593052776139,0.5813409217534324,0.5541668255220563,0.5789318690384508,0.5704207083517616,0.5623173748154834,0.5792612383059458,0.5660670791058174,0.4209500736862088,0.5836905715654225,0.5690106042198588
0,1,0.3031706992880378,0.9040766656525707,6574,2.210328469957624,0.28558394160583944,1096,2.2086330092372224,0.2969,0.7958588045079314,0.086001837743808,,,0.9430823970909521,,0.9431002459715878,0.056899754028412186,0,0.38787935871971274,5,0.1,0.5,0.5916593052776139,1.0,0.5752938121957719,0.5824822959141086,0.585111326007853,0.5718705543505977,0.562410048873637,0.5803233928788495,0.5839125876913329,0.4408733029242649,0.596925832781376,0.5709122192894031
0,2,0.33460611455677625,0.8952792668165312,5783,2.2080034286745134,0.3039419087136929,964,2.2086321614420834,0.2969,0.7951076920916091,0.08592067127584908,,,0.9422779797355673,,0.9422970734400884,0.057702926559911605,0,0.3878792078620039,5,0.1,0.5,0.5813409217534324,0.5752938121957719,1.0,0.5820189204272237,0.5913190294377668,0.5855949758113963,0.5752679504226,0.597852344487131,0.5830499370335214,0.45180704883125833,0.5989496062012338,0.6007770331872163
0,3,0.3424177108899163,0.8920749006998298,5287,2.2152375153132846,0.2814982973893303,881,2.20863481299184,0.2969,0.780961264263518,0.0843919845492152,,,0.9271276083473091,,0.9271472315646805,0.07285276843531951,0,0.3878756963014464,5,0.1,0.5,0.5541668255220563,0.5824822959141086,0.5820189204272237,1.0,0.5872382762495361,0.5653527119032891,0.5738645411901774,0.605915991610848,0.5804420134716827,0.44878725414416915,0.5706960185056834,0.5859814321184253
0,4,0.329850463500667,0.8938601823708207,4935,2.20505467744974,0.30413625304136255,822,2.2086303020818545,0.2969,0.7899388462410025,0.0853621171207041,,,0.9367423112801114,,0.9367602028010642,0.0632397971989358,0,0.38787814393578474,5,0.1,0.5,0.5789318690384508,0.585111326007853,0.5913190294377668,0.5872382762495361,1.0,0.5953462304565896,0.5833113113193168,0.5952512289938211,0.5886849877998818,0.4496980264101057,0.5994847773338561,0.5866684290268557
0,5,0.3577572324364255,0.8858367259481466,4667,2.2079081630706785,0.30077120822622105,778,2.20863709815394,0.297,0.7784862420565487,0.08412452949682346,,,0.924476938787089,,0.9244867225540887,0.0755132774459113,0,0.38787481539711016,5,0.1,0.5,0.5704207083517616,0.5718705543505977,0.5855949758113963,0.5653527119032891,0.5953462304565896,1.0,0.5741975740673338,0.5946037114793912,0.5968927298370883,0.44124003298976894,0.5762161980560141,0.5906085501221215
0,6,0.3715294627925115,0.882506175611947,4453,2.2177003721396127,0.2816711590296496,742,2.2086443238365003,0.2969,0.7708933186792166,0.08330402545691122,,,0.9163451608932565,,0.9163596205009789,0.08364037949902114,0,0.3878718929399229,5,0.1,0.5,0.5623173748154834,0.562410048873637,0.5752679504226,0.5738645411901774,0.5833113113193168,0.5741975740673338,1.0,0.5999785302268646,0.5895884953928963,0.4319217238334028,0.5805583680417618,0.5822030367280414
0,7,0.3605353605335773,0.8865559971942951,4277,2.2088149215864097,0.28751753155680226,713,2.208631529975623,0.2969,0.7882043815433978,0.08517468795531591,,,0.9348847551077784,,0.934892826665328,0.06510717333467197,0,0.3878777025892188,5,0.1,0.5,0.5792612383059458,0.5803233928788495,0.597852344487131,0.605915991610848,0.5952512289938211,0.5946037114793912,0.5999785302268646,1.0,0.6025398992622183,0.43967268162101275,0.5863132755769616,0.5975379223001119
0,8,0.3914181848169448,0.8752724630661177,4129,2.2047845016826284,0.3066860465116279,688,2.20863507426204,0.2969,0.7794247595845487,0.08422594727558722,,,0.9254820610183956,,0.9255007278751066,0.07449927212489338,0,0.3878751412678904,5,0.1,0.5,0.5660670791058174,0.5839125876913329,0.5830499370335214,0.5804420134716827,0.5886849877998818,0.5968927298370883,0.5895884953928963,0.6025398992622183,1.0,0.439055748537704,0.5988258004824175,0.5914784880303742
0,9,0.5173420964074986,0.8566858285428642,4001,2.2125701563698903,0.2863568215892054,667,2.208745056067031,0.2972,0.6155710659882742,0.06651964222427456,,,0.75,,0.750002509914161,0.24999749008583905,0,0.38751856074196656,5,0.1,0.5,0.4209500736862088,0.4408733029242649,0.45180704883125833,0.44878725414416915,0.4496980264101057,0.44124003298976894,0.4319217238334028,0.43967268162101275,0.439055748537704,1.0,0.45842259239072863,0.4304342234603106
0,10,0.36873098327549264,0.8866032399074312,3889,2.2019038654509044,0.31790123456790126,648,2.208634544104433,0.2969,0.7820713927389256,0.0845119468948926,,,0.9283165204101627,,0.9283319110486421,0.0716680889513579,0,0.3878760090786329,5,0.1,0.5,0.5836905715654225,0.596925832781376,0.5989496062012338,0.5706960185056834,0.5994847773338561,0.5762161980560141,0.5805583680417618,0.5863132755769616,0.5988258004824175,0.45842259239072863,1.0,0.5978274020753277
0,11,0.41403680831945244,0.8711158005803218,3791,2.2124357342720034,0.2721518987341772,632,2.2086407864055695,0.2969,0.7751386179786379,0.08376277962216604,,,0.9208917405543654,,0.9209075849605943,0.07909241503940567,0,0.38787359914743463,5,0.1,0.5,0.5690106042198588,0.5709122192894031,0.6007770331872163,0.5859814321184253,0.5866684290268557,0.5906085501221215,0.5822030367280414,0.5975379223001119,0.5914784880303742,0.4304342234603106,0.5978274020753277,1.0
1,0,0.25051744171465357,0.9239347455563672,8214,2.0414310194725216,0.6084733382030679,1369,2.0482049791957624,0.5882,0.7950372938955846,0.0850596399789163,,,0.9497601789071184,,0.9497715978113549,0.050228402188645105,0.959045830390903,0.404691996701911,5,0.1,0.5,1.0,0.6110459491160116,0.6069268012812683,0.6024288493058808,0.6236782707376942,0.6182507052713736,0.6003046087674723,0.6179636271349902,0.5978869502504416,0.6108998658996219,0.611036476850138,0.6056412078420845
1,1,0.26846433440856277,0.9166413142683297,6574,2.0483963557652065,0.5866788321167883,1096,2.0482105203329946,0.5881,0.8045948525350394,0.08493062955463898,,,0.94774771772195,,0.9477586466542844,0.05224135334571556,0.9590375527983956,0.4046916821436443,5,0.1,0.5,0.6110459491160116,1.0,0.6233141561341347,0.6280840523611698,0.6260130613936707,0.6221136496572647,0.6116067769366249,0.6164381746552434,0.6044619260248063,0.6263394644831862,0.6212081477479151,0.6134950273503695
1,2,0.29930823484528296,0.9080062251426595,5783,2.0467883233101136,0.6068464730290456,964,2.0482099250482677,0.5881,0.806733043780135,0.08495138754913112,,,0.9480715261151971,,0.9480849354952061,0.051915064504793884,0.959038790967121,0.4046917493996505,5,0.1,0.5,0.6069268012812683,0.6233141561341347,1.0,0.6262580822390165,0.6310584773330149,0.6209909483746223,0.6154726703975959,0.6267974712061228,0.5999675562763931,0.6256352994602126,0.6344304686100704,0.6139693820654062
1,3,0.29856273812881434,0.9081520711178362,5287,2.0544996729918887,0.5743473325766175,881,2.048205580574255,0.588,0.8094061916800839,0.08403292830228856,,,0.9337442839967122,,0.9337583454645851,0.06624165453541486,0.959030296552333,0.4046885876004081,5,0.1,0.5,0.6024288493058808,0.6280840523611698,0.6262580822390165,1.0,0.6281873460107524,0.622728465286297,0.6263311959107861,0.6346922601014615,0.6115668109047109,0.6336693310593746,0.6299991876378874,0.6151601593798874
1,4,0.2892793280433022,0.9084903748733536,4935,2.044912819678967,0.6009732360097324,822,2.0482059576260014,0.588,0.8208952803010268,0.08507501389974462,,,0.9499999999844008,,0.9500025099141609,0.04999749008583909,0.9590435074235065,0.40469201377605957,5,0.1,0.5,0.6236782707376942,0.6260130613936707,0.6310584773330149,0.6281873460107524,1.0,0.6342409779537717,0.6349946510828679,0.6416210012269284,0.6195760944428055,0.6521151963157724,0.6453848776431512,0.6316299124451826
1,5,0.31573753405668553,0.9021641311334905,4667,2.049989447593689,0.5861182519280206,778,2.0482084633062443,0.5879,0.8139268147588087,0.0840133894489111,,,0.9334394932463126,,0.933452135936951,0.06654786406304902,0.9590289558256965,0.4046884697451334,5,0.1,0.5,0.6182507052713736,0.6221136496572647,0.6209909483746223,0.622728465286297,0.6342409779537717,1.0,0.6332602872248937,0.640096642791163,0.6279445989133668,0.6323757953907625,0.6282048821798432,0.6230165846906892
1,6,0.32676431733848793,0.9000224567707164,4453,2.0614542166392007,0.5606469002695418,742,2.0482158858936055,0.5878,0.808993251981821,0.08329862610809853,,,0.9222897471073919,,0.9223081170623965,0.07769188293760354,0.9590245689553272,0.40468468871481517,5,0.1,0.5,0.6003046087674723,0.6116067769366249,0.6154726703975959,0.6263311959107861,0.6349946510828679,0.6332602872248937,1.0,0.6436073764466201,0.6093141367694633,0.6322325145768641,0.6323903164289193,0.6206167833086177
1,7,0.3185777230633061,0.9029693710544774,4277,2.047115201535432,0.5862552594670407,713,2.048208739810858,0.588,0.8209845749253474,0.0849540987783673,,,0.9481138191595964,,0.9481301139501029,0.05186988604989706,0.9590395618175734,0.4046917532034712,5,0.1,0.5,0.6179636271349902,0.6164381746552434,0.6267974712061228,0.6346922601014615,0.6416210012269284,0.640096642791163,0.6436073764466201,1.0,0.626650112194331,0.650832652598744,0.6420247828786365,0.629706543071106
1,8,0.34113883073799883,0.895180431097118,4129,2.0495572848753496,0.5843023255813954,688,2.0482048866466975,0.5879,0.7990597262328986,0.08356272032248209,,,0.9264094092095176,,0.926424376286331,0.07357562371366899,0.9590261053652717,0.4046862191485029,5,0.1,0.5,0.5978869502504416,0.6044619260248063,0.5999675562763931,0.6115668109047109,0.6195760944428055,0.6279445989133668,0.6093141367694633,0.626650112194331,1.0,0.6208525814423278,0.6239664485674568,0.6167797196124195
1,9,0.32776029813699314,0.8992751812046988,4001,2.05500712848845,0.5502248875562219,667,2.048621299548652,0.5859,0.8107658582875247,0.07225385489125791,,,0.75,,0.750002509914161,0.24999749008583905,0.9577319678483963,0.4042621010307148,5,0.1,0.5,0.6108998658996219,0.6263394644831862,0.6256352994602126,0.6336693310593746,0.6521151963157724,0.6323757953907625,0.6322325145768641,0.650832652598744,0.6208525814423278,1.0,0.6435345838312767,0.6207751473330675
1,10,0.3214407526231447,0.9030599125739265,3889,2.036123650414603,0.6111111111111112,648,2.0482036549443254,0.588,0.8176881679884895,0.08440074737276404,,,0.939481972300918,,0.9394909894081622,0.060509010591837775,0.9590342890528891,0.404690045702853,5,0.1,0.5,0.611036476850138,0.6212081477479151,0.6344304686100704,0.6299991876378874,0.6453848776431512,0.6282048821798432,0.6323903164289193,0.6420247828786365,0.6239664485674568,0.6435345838312767,1.0,0.627614580416282
1,11,0.36392505222446275,0.8905829596412556,3791,2.0530108153820037,0.5759493670886076,632,2.048212138989482,0.5878,0.805110435708713,0.08346696379339962,,,0.9249156826437428,,0.9249234476180914,0.07507655238190858,0.9590261351727057,0.40468567269545597,5,0.1,0.5,0.6056412078420845,0.6134950273503695,0.6139693820654062,0.6151601593798874,0.6316299124451826,0.6230165846906892,0.6206167833086177,0.629706543071106,0.6167797196124195,0.6207751473330675,0.627614580416282,1.0
2,0,0.23256980229118396,0.9301193084976869,8214,1.8411628950473875,0.802045288531775,1369,1.8505160983758993,0.8,0.8038215772106773,0.08423951232596145,,,0.9389765046025181,,0.9389890065759751,0.06101099342402494,0.9680914995982344,0.4053998113435316,5,0.1,0.5,1.0,0.6271830651484384,0.6178605428348656,0.6136248933332588,0.6212529559799872,0.6285962078517638,0.6151951320317279,0.6223702900752609,0.6267303959204259,0.6009645123617369,0.6196368551736652,0.616927545871496
2,1,0.24437738117689575,0.924764222695467,6574,1.8490374701363699,0.7965328467153284,1096,1.8505260414970568,0.7999,0.8103738927170445,0.08438227372902059,,,0.9420291181581077,,0.9420511018523167,0.057948898147683336,0.9680915633258412,0.4054004612803757,5,0.1,0.5,0.6271830651484384,1.0,0.6269616203886407,0.6222504311699286,0.6354017660424734,0.6328338531704091,0.6216733236225148,0.6233873070524264,0.6234741957554453,0.6144695773306889,0.6374256817191151,0.6106011072700912
2,2,0.27215199607594237,0.9170326819989625,5783,1.8493208808283652,0.8008298755186722,964,1.85052490234375,0.7999,0.8113759246386734,0.08443088410257363,,,0.9430685355501378,,0.9430851864866222,0.05691481351337779,0.9680916951382668,0.40540065223137456,5,0.1,0.5,0.6178605428348656,0.6269616203886407,1.0,0.6378843326138419,0.6327101091893615,0.6350875633821356,0.6207256266439248,0.6304137143687494,0.6236877308219707,0.6064240567371603,0.6324595747658517,0.6200444884696826
2,3,0.26945659403677985,0.9181766597314167,5287,1.8562529853412084,0.8104426787741204,881,1.8505391891771994,0.7999,0.8101557147851932,0.08378094198550487,,,0.9291710669458898,,0.9291852818633602,0.07081471813663975,0.9680829910562057,0.4053974317270104,5,0.1,0.5,0.6136248933332588,0.6222504311699286,0.6378843326138419,1.0,0.6356858451529804,0.6217337829007679,0.6256963322941055,0.6276899245638551,0.6292565823656521,0.617015673287857,0.6297600820561834,0.617491663740993
2,4,0.2615117107776384,0.9198784194528875,4935,1.8470965853104224,0.8004866180048662,822,1.8505118342634208,0.8,0.8183392900631267,0.08475504750191785,,,0.9499999999786173,,0.9500025099141609,0.04999749008583909,0.9680959399299791,0.40540176546435075,5,0.1,0.5,0.6212529559799872,0.6354017660424734,0.6327101091893615,0.6356858451529804,1.0,0.6380262063154933,0.6289263017079154,0.6322655341794536,0.6307628007669726,0.628417875661559,0.6460630615075916,0.62440672567762
2,5,0.280135944736356,0.9149346475251767,4667,1.854816312789917,0.8149100257069408,778,1.8505282531531093,0.8,0.8170024703200923,0.0840063571194571,,,0.933991034239519,,0.933999297224035,0.06600070277596504,0.9680858344675743,0.4053986720835281,5,0.1,0.5,0.6285962078517638,0.6328338531704091,0.6350875633821356,0.6217337829007679,0.6380262063154933,1.0,0.6241730254873995,0.6386020615058623,0.640218918767455,0.6181284682270833,0.6401891555080981,0.6264552141514353
2,6,0.29371447409104023,0.910532225465978,4453,1.86766421298186,0.7803234501347709,742,1.8505733729170535,0.8,0.8064420589728396,0.08316600301661682,,,0.916022057535339,,0.916043371316701,0.083956628683299,0.9680703244830771,0.4053930057779189,5,0.1,0.5,0.6151951320317279,0.6216733236225148,0.6207256266439248,0.6256963322941055,0.6289263017079154,0.6241730254873995,1.0,0.6217357149703302,0.6315314572526516,0.6082336103909728,0.631686950910749,0.6150318285018883
2,7,0.281476655307768,0.9169511339724106,4277,1.847317073656165,0.8106591865357644,713,1.8505200037179284,0.7999,0.815649167671067,0.08458143045928934,,,0.9462876118509267,,0.9463028964409417,0.05369710355905832,0.968094901414043,0.40540120295480014,5,0.1,0.5,0.6223702900752609,0.6233873070524264,0.6304137143687494,0.6276899245638551,0.6322655341794536,0.6386020615058623,0.6217357149703302,1.0,0.6405959314845246,0.6253931835139338,0.6435759932651903,0.6221664256674069
2,8,0.29315582885706903,0.9083555340276096,4129,1.8570653579451821,0.7965116279069767,688,1.8505480125689278,0.8001,0.816383964072617,0.08368675549465085,,,0.9271571125256233,,0.9271773505346117,0.0728226494653883,0.9680745021676218,0.40539684949897836,5,0.1,0.5,0.6267303959204259,0.6234741957554453,0.6236877308219707,0.6292565823656521,0.6307628007669726,0.640218918767455,0.6315314572526516,0.6405959314845246,1.0,0.6165884734959817,0.6456995641682104,0.6316349389915296
2,9,0.32142084313176356,0.9015246188452887,4001,1.8613130705697196,0.7706146926536732,667,1.8513271001200327,0.7986,0.7932458232448593,0.07540165897473528,,,0.75,,0.750002509914161,0.24999749008583905,0.9668588620916174,0.40495485499174194,5,0.1,0.5,0.6009645123617369,0.6144695773306889,0.6064240567371603,0.617015673287857,0.628417875661559,0.6181284682270833,0.6082336103909728,0.6253931835139338,0.6165884734959817,1.0,0.629230724308682,0.6041337275720741
2,10,0.2822109826122884,0.9175623553612754,3889,1.8335676477068947,0.8117283950617284,648,1.8505183252663657,0.7999,0.8208589386666832,0.0843967995553686,,,0.9423397184566894,,0.9423522915516289,0.05764770844837108,0.9680884213973693,0.40540049442610904,5,0.1,0.5,0.6196368551736652,0.6374256817191151,0.6324595747658517,0.6297600820561834,0.6460630615075916,0.6401891555080981,0.631686950910749,0.6435759932651903,0.6456995641682104,0.629230724308682,1.0,0.62544881655581
2,11,0.3277821979978505,0.9019256132946453,3791,1.8572797358036042,0.7958860759493671,632,1.8505702761415475,0.8,0.8034255634214094,0.08317233573490367,,,0.9161574676761188,,0.9161789066813915,0.08382109331860854,0.9680727458010578,0.40539303736294063,5,0.1,0.5,0.616927545871496,0.6106011072700912,0.6200444884696826,0.617491663740993,0.62440672567762,0.6264552141514353,0.6150318285018883,0.6221664256674069,0.6316349389915296,0.6041337275720741,0.62544881655581,1.0
3,0,0.21237762853909095,0.9368395422449477,8214,1.6205465072809264,0.9013878743608473,1369,1.632565784759034,0.886,0.7933965037259834,0.08416702958622034,,,0.930443346402607,,0.9304603182571156,0.06953968174288438,0.9675310344090569,0.3938758729637783,5,0.1,0.5,1.0,0.6001656010425102,0.615511757673736,0.6015592307093742,0.6159301819853059,0.622078746044956,0.5961402232356834,0.6087599680966748,0.5214812471365902,0.5005929305189116,0.6090229307170631,0.59447973615267
3,1,0.22713486497715404,0.9315789473684211,6574,1.6301331996917725,0.875,1096,1.6325804143667983,0.8859,0.7993673635570173,0.08447232027347666,,,0.936284845308835,,0.9363033984237739,0.06369660157622614,0.9675339438212568,0.3938776127831493,5,0.1,0.5,0.6001656010425102,1.0,0.6217714912294773,0.6131275190516844,0.6160584493628894,0.6217529840118703,0.6050693123960844,0.6007059379019543,0.5245945969140836,0.5207488202302738,0.6147079177709361,0.6046253513085524
3,2,0.2488451595680572,0.9253328722116548,5783,1.6316885794362714,0.8900414937759336,964,1.6325741693996394,0.8859,0.8073781195430269,0.08478643662007071,,,0.9422952163147376,,0.9423071130967321,0.057692886903267904,0.9675347756210443,0.39387907494646773,5,0.1,0.5,0.615511757673736,0.6217714912294773,1.0,0.6196995361007909,0.6272993662824168,0.6238784021273374,0.6118338408830162,0.6210889350333783,0.5239164761988762,0.5137295749333376,0.6242707941228087,0.6143631562236073
3,3,0.24708716952528087,0.9271420465292226,5287,1.6378618478775024,0.8933030646992054,881,1.6325967509906514,0.886,0.7983627132348398,0.08403530468552886,,,0.9279228932887973,,0.9279353446112143,0.0720646553887857,0.96752725645892,0.39387502046173917,5,0.1,0.5,0.6015592307093742,0.6131275190516844,0.6196995361007909,1.0,0.6217293263980364,0.6177369728403628,0.6078526095549094,0.6126629023768062,0.520157569114522,0.5070397635209629,0.6136108180687679,0.5999394936679663
3,4,0.23106537033112778,0.9299696048632219,4935,1.6292688388090868,0.8759124087591241,822,1.6325500906465915,0.886,0.8126720945803045,0.08518910701997195,,,0.9499999999808657,,0.9500025099141609,0.04999749008583909,0.9675346524986325,0.3938804590196957,5,0.1,0.5,0.6159301819853059,0.6160584493628894,0.6272993662824168,0.6217293263980364,1.0,0.6282841042310231,0.6206027220385418,0.62749540543724,0.529790654340924,0.5276846431673393,0.6348912146922444,0.6173084437041597
3,5,0.2566794385680648,0.9233340475680308,4667,1.638182053565979,0.8958868894601543,778,1.632581106009194,0.886,0.811513340517952,0.084648236806628,,,0.9396508708015425,,0.9396666833994277,0.060333316600572284,0.9675342846811477,0.39387848837396144,5,0.1,0.5,0.622078746044956,0.6217529840118703,0.6238784021273374,0.6177369728403628,0.6282841042310231,1.0,0.6143341799779943,0.6292549862570824,0.5302138186425529,0.5243084536373369,0.6294099423187468,0.6178444811103404
3,6,0.26098553291655013,0.923063103525713,4453,1.6539280315240223,0.8827493261455526,742,1.6326497686556734,0.8859,0.7982911149373568,0.08362200386514117,,,0.92001470482771,,0.9200391546609106,0.07996084533908943,0.9675170811586358,0.39387193458186026,5,0.1,0.5,0.5961402232356834,0.6050693123960844,0.6118338408830162,0.6078526095549094,0.6206027220385418,0.6143341799779943,1.0,0.6213157031317192,0.5245344462166399,0.5086495464201908,0.6204562974969549,0.6067853825646519
3,7,0.251564604267756,0.9249473930324994,4277,1.626985005710436,0.8990182328190743,713,1.6325678276939515,0.886,0.8071781501855256,0.08487997206778655,,,0.9440849440671171,,0.9440991918076401,0.055900808192359874,0.9675354421629154,0.39387946283682423,5,0.1,0.5,0.6087599680966748,0.6007059379019543,0.6210889350333783,0.6126629023768062,0.62749540543724,0.6292549862570824,0.6213157031317192,1.0,0.5311760122385656,0.5174359354478375,0.6272992911979263,0.6182328387154293
3,8,0.316009600306016,0.9111649309760232,4129,1.6439125646244397,0.8677325581395349,688,1.6327009494312275,0.8858,0.7117300047665037,0.08092653179154405,,,0.8684389515310958,,0.8684503789970383,0.13154962100296175,0.9674388123180642,0.3938270786525399,5,0.1,0.5,0.5214812471365902,0.5245945969140836,0.5239164761988762,0.520157569114522,0.529790654340924,0.5302138186425529,0.5245344462166399,0.5311760122385656,1.0,0.4445441905109767,0.5358509408469886,0.5319302535746238
3,9,0.32826519821814837,0.9113721569607598,4001,1.6479388361885434,0.8575712143928036,667,1.6341248918265199,0.8846,0.6930885868695686,0.07473662925260915,,,0.75,,0.750002509914161,0.24999749008583905,0.9661369421721114,0.3934069957175064,5,0.1,0.5,0.5005929305189116,0.5207488202302738,0.5137295749333376,0.5070397635209629,0.5276846431673393,0.5243084536373369,0.5086495464201908,0.5174359354478375,0.4445441905109767,1.0,0.5230107102554759,0.5103085620392107
3,10,0.251488889690458,0.9282591925944973,3889,1.612206254686628,0.8966049382716049,648,1.6325623246427543,0.886,0.8113735386701417,0.08490413990469214,,,0.944547376754202,,0.9445610160132524,0.055438983986747625,0.96753677007549,0.3938795536634823,5,0.1,0.5,0.6090229307170631,0.6147079177709361,0.6242707941228087,0.6136108180687679,0.6348912146922444,0.6294099423187468,0.6204562974969549,0.6272992911979263,0.5358509408469886,0.5230107102554759,1.0,0.6235483857751727
3,11,0.29182449814965244,0.9155895542073331,3791,1.6410751163959503,0.8781645569620253,632,1.6326478121760555,0.8859,0.7984633066266483,0.08363228812633035,,,0.9202114861348237,,0.9202349279654636,0.07976507203453642,0.9675171825191471,0.39387198406861457,5,0.1,0.5,0.59447973615267,0.6046253513085524,0.6143631562236073,0.5999394936679663,0.6173084437041597,0.6178444811103404,0.6067853825646519,0.6182328387154293,0.5319302535746238,0.5103085620392107,0.6235483857751727,1.0
4,0,0.20226258528056457,0.9392257121986852,8214,1.374505217685256,0.9335281227173119,1369,1.389552971806389,0.9212,0.7899491152722978,0.08386439958071974,,,0.9273859138131308,,0.9274032428090959,0.07259675719090408,0.9664610523344365,0.39569034296758443,5,0.1,0.5,1.0,0.602180126426139,0.5928073862703721,0.5892692386725138,0.6039267449533812,0.603994815338539,0.5939854736847378,0.6010082805369766,0.5990892107078531,0.5196013365653601,0.5972391670430394,0.5866837506463539
4,1,0.20944189762841295,0.936629145117128,6574,1.3861575058528355,0.916058394160584,1096,1.3895546795841984,0.9212,0.7967772953022362,0.0843076997979736,,,0.9361271017945456,,0.9361477837457959,0.06385221625420412,0.9664688746090325,0.39569328543003884,5,0.1,0.5,0.602180126426139,1.0,0.6094636063104514,0.5995972096981032,0.6064674061953238,0.6060682495261828,0.6030246061057257,0.594956521782206,0.5979747339157742,0.5293624437391036,0.6118267631772142,0.5925451783792242
4,2,0.22567456724605836,0.932975964032509,5783,1.3893572168965493,0.9180497925311203,964,1.389552419939742,0.9213,0.7979344644765961,0.08455781909949692,,,0.9410590638087746,,0.9410822749861955,0.058917725013804545,0.9664727616716581,0.3956945528617555,5,0.1,0.5,0.5928073862703721,0.6094636063104514,1.0,0.6021485039953499,0.6061248329065718,0.606991749912657,0.5978813678318824,0.6068857131742937,0.5991196692502255,0.5271505150798828,0.6106297289422025,0.603431203493878
4,3,0.22816437656026198,0.9307735956118782,5287,1.3946619246687209,0.9330306469920545,881,1.3895941332887156,0.9212,0.7907290324590567,0.08380392287134185,,,0.9261934075507962,,0.9262135434968124,0.0737864565031876,0.9664596941299584,0.3956899086561483,5,0.1,0.5,0.5892692386725138,0.5995972096981032,0.6021485039953499,1.0,0.6048036813204207,0.5985346617263704,0.5960208407538183,0.6016494204389619,0.6002884815224627,0.5230286703145314,0.5939467326011483,0.5889163482620379
4,4,0.21636749281277579,0.9351570415400202,4935,1.3860025589282696,0.9209245742092458,822,1.3895227562505217,0.9213,0.8032010132332645,0.08501124933755026,,,0.9499999999802815,,0.9500025099141609,0.04999749008583909,0.9664756789847692,0.3956963021507681,5,0.1,0.5,0.6039267449533812,0.6064674061953238,0.6061248329065718,0.6048036813204207,1.0,0.6086009952578674,0.6118031605441671,0.6049456415633975,0.6085029203768186,0.5387483685935304,0.6203375926041599,0.5976598553980262
4,5,0.23470780846905218,0.930876365973859,4667,1.3967317056655884,0.922879177377892,778,1.3895602660438122,0.9212,0.8006792637749879,0.0845619964077906,,,0.9411414338046151,,0.9411575724110235,0.05884242758897651,0.9664715838698341,0.395694562971075,5,0.1,0.5,0.603994815338539,0.6060682495261828,0.606991749912657,0.5985346617263704,0.6086009952578674,1.0,0.6117331869617506,0.6121672706832003,0.612657593243835,0.5277706707240424,0.6081715531109484,0.59296468305755
4,6,0.236096385079436,0.9295306534920278,4453,1.4147569984197617,0.9258760107816711,742,1.3896526303915933,0.9211,0.7977296402454714,0.08377401167850922,,,0.925603605540506,,0.9256262235831535,0.0743737764168465,0.9664539183699997,0.3956896913500367,5,0.1,0.5,0.5939854736847378,0.6030246061057257,0.5978813678318824,0.5960208407538183,0.6118031605441671,0.6117331869617506,1.0,0.611376451275524,0.6120033453729067,0.5232542492125563,0.6083968923206682,0.596708025446237
4,7,0.2334316949221069,0.9298106149169979,4277,1.3821623947309412,0.9298737727910238,713,1.389544606970522,0.9213,0.8020354788867382,0.08476415873409225,,,0.9451277591619766,,0.9451533557552332,0.05484664424476682,0.9664754400099729,0.3956954399313888,5,0.1,0.5,0.6010082805369766,0.594956521782206,0.6068857131742937,0.6016494204389619,0.6049456415633975,0.6121672706832003,0.611376451275524,1.0,0.6139910951163988,0.5372907441378183,0.6153968278083666,0.6028774912217597
4,8,0.2378066465878286,0.9275853717607169,4129,1.4065312418070706,0.9011627906976745,688,1.3897326030670263,0.9211,0.801175663855327,0.08209723294687116,,,0.8925401475812851,,0.8925555945986647,0.10744440540133526,0.9663393992750506,0.3956688035505199,5,0.1,0.5,0.5990892107078531,0.5979747339157742,0.5991196692502255,0.6002884815224627,0.6085029203768186,0.612657593243835,0.6120033453729067,0.6139910951163988,1.0,0.5331740902179047,0.619777620112252,0.6155968102493068
4,9,0.2975090623640888,0.9165208697825543,4001,1.409835701897031,0.9025487256371814,667,1.3918440269585997,0.9205,0.7128510251874429,0.07486845826263723,,,0.75,,0.750002509914161,0.24999749008583905,0.9647841770087748,0.39518888818514347,5,0.1,0.5,0.5196013365653601,0.5293624437391036,0.5271505150798828,0.5230286703145314,0.5387483685935304,0.5277706707240424,0.5232542492125563,0.5372907441378183,0.5331740902179047,1.0,0.534185983816952,0.5246864518166519
4,10,0.2277269849416296,0.9341218822319363,3889,1.3649735904875255,0.9243827160493827,648,1.389536792858721,0.9211,0.8039803945169256,0.084848549035587,,,0.9467918041149513,,0.9468048792731288,0.05319512072687116,0.9664755062355147,0.3956957539138044,5,0.1,0.5,0.5972391670430394,0.6118267631772142,0.6106297289422025,0.5939467326011483,0.6203375926041599,0.6081715531109484,0.6083968923206682,0.6153968278083666,0.619777620112252,0.534185983816952,1.0,0.6003885665833847
4,11,0.26821626708255847,0.9227644420997099,3791,1.4000902831554414,0.9129746835443038,632,1.3896551920583073,0.9211,0.7908820402571953,0.08354050224743013,,,0.9209991642317696,,0.9210130013553537,0.07898699864464631,0.9664548278890485,0.3956876392576641,5,0.1,0.5,0.5866837506463539,0.5925451783792242,0.603431203493878,0.5889163482620379,0.5976598553980262,0.59296468305755,0.596708025446237,0.6028774912217597,0.6155968102493068,0.5246864518166519,0.6003885665833847,1.0
5,0,0.18957424819549176,0.9438032627221816,8214,1.1211047699285108,0.9474068663257852,1369,1.1385346251173902,0.9372,0.7832591090958487,0.08366367624774441,,,0.91992947193574,,0.9199387580944731,0.08006124190552688,0.9690247828521696,0.3920198630942614,5,0.1,0.5,1.0,0.5818159148040949,0.5799162126435417,0.5805723749694323,0.5866040674407148,0.5857169896392982,0.5723491933509797,0.5765115629726703,0.5813419933113335,0.5728547589796399,0.5809595186933848,0.5673720596081504
5,1,0.19531305894228512,0.9421052631578948,6574,1.135109383719308,0.9379562043795621,1096,1.1385242588603839,0.9372,0.7810142652599845,0.0838811484846251,,,0.9258030959383969,,0.9258219968877064,0.07417800311229361,0.9690324465282697,0.3920227006549404,5,0.1,0.5,0.5818159148040949,1.0,0.5830218976594785,0.5795041402535338,0.5868673727801051,0.584368836398218,0.5680168739416316,0.5741541016484529,0.5726979530480294,0.5730444381148536,0.579426299771187,0.5597272594077772
5,2,0.2163765039485339,0.9361577036140412,5783,1.139450027096656,0.9284232365145229,964,1.1385210704879638,0.9372,0.7854554849992356,0.0842047764031089,,,0.934543837916322,,0.9345564981677627,0.06544350183223735,0.9690369573739703,0.39202605837981047,5,0.1,0.5,0.5799162126435417,0.5830218976594785,1.0,0.5859724649512965,0.5899454319344045,0.5802814620494808,0.5700647463114257,0.5890636507790005,0.5787280645787767,0.5737221494718201,0.5741880576495376,0.5781906271830894
5,3,0.21330208242253726,0.9378097219595234,5287,1.1424050969736916,0.9466515323496028,881,1.138577870667552,0.9372,0.7828364157474368,0.08360834767896425,,,0.9184351239017969,,0.9184478690828773,0.08155213091712266,0.9690242717153494,0.39201905734063464,5,0.1,0.5,0.5805723749694323,0.5795041402535338,0.5859724649512965,1.0,0.5854152073880902,0.5775061490917035,0.5704597057313023,0.5837025634856321,0.5814339037166101,0.5838978130151603,0.5739957400389224,0.5611167662247624
5,4,0.19881947193775446,0.938885511651469,4935,1.1345782417517443,0.948905109489051,822,1.1384987499767218,0.9372,0.7930970558505923,0.0847770442456766,,,0.9499999999729913,,0.9500025099141609,0.04999749008583909,0.969049763039523,0.39202992538877024,5,0.1,0.5,0.5866040674407148,0.5868673727801051,0.5899454319344045,0.5854152073880902,1.0,0.5930318442237091,0.5803567248441888,0.5900506509682004,0.5895276963013184,0.5880289626037098,0.594695520442194,0.5691572878811288
5,5,0.21687512834467096,0.9360188557960145,4667,1.146663646697998,0.9331619537275064,778,1.1385410462324612,0.9372,0.7896411409459135,0.08435491325319934,,,0.9385988263554133,,0.9386125194518348,0.06138748054816523,0.9690392113981754,0.392027283843489,5,0.1,0.5,0.5857169896392982,0.584368836398218,0.5802814620494808,0.5775061490917035,0.5930318442237091,1.0,0.5794444620822544,0.5973869444292849,0.5845741822601563,0.5810545501223152,0.5852635731836723,0.5742071767989665
5,6,0.22060406802887364,0.9351897597125534,4453,1.1662105917930603,0.931266846361186,742,1.13864557411724,0.9372,0.7775707984151976,0.0834029824317605,,,0.9128884929267854,,0.9129009587872094,0.08709904121279055,0.9690202584288676,0.39201578222491273,5,0.1,0.5,0.5723491933509797,0.5680168739416316,0.5700647463114257,0.5704597057313023,0.5803567248441888,0.5794444620822544,1.0,0.5846565760535052,0.5727742636642453,0.5665386612490646,0.5794691812436418,0.5685251391337258
5,7,0.211659106508648,0.9361234510170681,4277,1.1289373610330664,0.9396914446002805,713,1.1385170190859908,0.9372,0.7902625400298936,0.084512001011078,,,0.9428415491895278,,0.9428542743838161,0.05714572561618392,0.9690446029011532,0.39202838977331944,5,0.1,0.5,0.5765115629726703,0.5741541016484529,0.5890636507790005,0.5837025634856321,0.5900506509682004,0.5973869444292849,0.5846565760535052,1.0,0.5904332270448175,0.5749878188983716,0.5907340433481612,0.575439573994466
5,8,0.22040227769838217,0.9328651005085977,4129,1.159932553768158,0.9229651162790697,688,1.138749986791763,0.9372,0.7865542757213763,0.08259772843294869,,,0.8911396973862705,,0.8911550624968626,0.1088449375031374,0.9689666996671867,0.39199818862391844,5,0.1,0.5,0.5813419933113335,0.5726979530480294,0.5787280645787767,0.5814339037166101,0.5895276963013184,0.5845741822601563,0.5727742636642453,0.5904332270448175,1.0,0.5728082330237597,0.5975088659306127,0.5835578975721173
5,9,0.22369570446437195,0.9333666583354161,4001,1.163538898740496,0.9280359820089955,667,1.1412922128701743,0.9366,0.7754506799404571,0.07737199970237764,,,0.75,,0.750002509914161,0.24999749008583905,0.9675289235080985,0.39151092222941686,5,0.1,0.5,0.5728547589796399,0.5730444381148536,0.5737221494718201,0.5838978130151603,0.5880289626037098,0.5810545501223152,0.5665386612490646,0.5749878188983716,0.5728082330237597,1.0,0.58805271800878,0.5636928621589619
5,10,0.2082089751409214,0.9377732064798149,3889,1.110649273509071,0.9459876543209876,648,1.1385086582491573,0.9372,0.7891194068662941,0.08452820381823677,,,0.9432791645762235,,0.9432960192761407,0.05670398072385929,0.9690445115057713,0.39202850541562784,5,0.1,0.5,0.5809595186933848,0.579426299771187,0.5741880576495376,0.5739957400389224,0.594695520442194,0.5852635731836723,0.5794691812436418,0.5907340433481612,0.5975088659306127,0.58805271800878,1.0,0.5733904824098084
5,11,0.2442607650157659,0.9303613822210498,3791,1.1512764632701873,0.9256329113924051,632,1.1386317077536172,0.9372,0.7733203215352588,0.08309717829027977,,,0.9046291464866301,,0.904643341197731,0.09535665880226896,0.969002674165776,0.392010188330434,5,0.1,0.5,0.5673720596081504,0.5597272594077772,0.5781906271830894,0.5611167662247624,0.5691572878811288,0.5742071767989665,0.5685251391337258,0.575439573994466,0.5835578975721173,0.5636928621589619,0.5733904824098084,1.0
6,0,0.17894025171458258,0.9468468468468468,8214,0.8992661431778309,0.9569028487947406,1369,0.9179221035573429,0.9451,0.7703635856937694,0.08436921700007859,,,0.9324013120087565,,0.9324180513026454,0.06758194869735457,0.9631001844659254,0.3742848848252495,5,0.1,0.5,1.0,0.558571233967586,0.5590880044447213,0.5576193751231381,0.5618839150047868,0.5671096472450543,0.5495612554079456,0.5578965707148729,0.4543418224560142,0.441448734454847,0.5556151621754603,0.5458895105846352
6,1,0.1846334184651055,0.9441435959841801,6574,0.9143375447818212,0.9461678832116789,1096,0.9179105811987441,0.9451,0.7669561544368019,0.0843951194007284,,,0.9329152638343503,,0.9329300737914763,0.0670699262085237,0.9631065467368812,0.37428508303521785,5,0.1,0.5,0.558571233967586,1.0,0.5644865952592625,0.5562571044304927,0.55844780596572,0.5633813701404665,0.55038347593375,0.5460313844394645,0.4516832507693367,0.43348271057350757,0.5567750377984059,0.5373504330201465
6,2,0.20227365591280286,0.9392011066920284,5783,0.9202708467360465,0.9346473029045643,964,0.9178942045845544,0.9451,0.7726689892905537,0.08481917834835417,,,0.9413293824034418,,0.9413483258872547,0.0586516741127453,0.9631181322245742,0.3742880155763977,5,0.1,0.5,0.5590880044447213,0.5644865952592625,1.0,0.5633456637901549,0.5643733120308537,0.5620632269623534,0.5609894959678773,0.5623765475985963,0.446003349250565,0.4380648730358999,0.5565940136494831,0.5490540760985053
6,3,0.20055178398580617,0.9384528087762436,5287,0.9193380900791713,0.9557321225879682,881,0.9179653203525482,0.9451,0.7681033124978296,0.08425083006903787,,,0.9300522950138681,,0.9300788113046534,0.06992118869534658,0.963090924168992,0.374284006876425,5,0.1,0.5,0.5576193751231381,0.5562571044304927,0.5633456637901549,1.0,0.561417027594328,0.5565945936016087,0.5494760097561998,0.561971880097455,0.44760533708259675,0.44259521713441846,0.5543006011555068,0.5379008950488835
6,4,0.1849925462493012,0.9442755825734549,4935,0.9140344835244693,0.9586374695863747,822,0.9178805985389807,0.9451,0.7740192638937017,0.08525616446099994,,,0.949999999980158,,0.9500025099141609,0.04999749008583909,0.963128356517952,0.3742902884706996,5,0.1,0.5,0.5618839150047868,0.55844780596572,0.5643733120308537,0.561417027594328,1.0,0.5610272952514265,0.5671152815637464,0.5627424391028835,0.44411150012515627,0.44214425528358514,0.5655123837008421,0.5469807573829665
6,5,0.20144524920527657,0.9384615384615385,4667,0.9267686748504639,0.9395886889460154,778,0.9179152545456688,0.9451,0.7737122517720948,0.08495845571271628,,,0.9440929044663402,,0.944104211635962,0.05589578836403797,0.963122708292182,0.3742888625168977,5,0.1,0.5,0.5671096472450543,0.5633813701404665,0.5620632269623534,0.5565945936016087,0.5610272952514265,1.0,0.5584767414575482,0.5712287089310029,0.44881592519959357,0.43824500922295506,0.5645951487057158,0.5433235235894778
6,6,0.20086567329974578,0.9395463732315293,4453,0.9468286285797755,0.9380053908355795,742,0.9180223995123428,0.945,0.7658965336634702,0.08403244294999616,,,0.9257190882182865,,0.9257366598062347,0.07426334019376535,0.9630813289571184,0.37428204948078375,5,0.1,0.5,0.5495612554079456,0.55038347593375,0.5609894959678773,0.5494760097561998,0.5671152815637464,0.5584767414575482,1.0,0.560362257079326,0.44569304922110475,0.427143018482707,0.5523870986861912,0.547711792892734
6,7,0.19287248415900254,0.9427168576104746,4277,0.9068290047023607,0.9495091164095372,713,0.9178918803842685,0.9451,0.7720439635925709,0.08500551636283296,,,0.9450266753305969,,0.9450529591887957,0.05494704081120427,0.9631263700802839,0.37428913306838413,5,0.1,0.5,0.5578965707148729,0.5460313844394645,0.5623765475985963,0.561971880097455,0.5627424391028835,0.5712287089310029,0.560362257079326,1.0,0.45003055235755984,0.4374014540696384,0.5607373018806996,0.548405879790515
6,8,0.263480158010066,0.9262775490433519,4129,0.9426061456853693,0.9302325581395349,688,0.9181905120325545,0.9452,0.6494965049298685,0.07932416384014505,,,0.8322980699648899,,0.8323126349078861,0.1676873650921139,0.962729533441264,0.374148386876504,5,0.1,0.5,0.4543418224560142,0.4516832507693367,0.446003349250565,0.44760533708259675,0.44411150012515627,0.44881592519959357,0.44569304922110475,0.45003055235755984,1.0,0.3492297638987561,0.45134505969922173,0.44334915040614226
6,9,0.2732138419743153,0.9265683579105224,4001,0.9460453760056269,0.9295352323838081,667,0.9207846314762347,0.9447,0.632766021755934,0.0751764646302548,,,0.75,,0.750002509914161,0.24999749008583905,0.961493251990361,0.3737457118860028,5,0.1,0.5,0.441448734454847,0.43348271057350757,0.4380648730358999,0.44259521713441846,0.44214425528358514,0.43824500922295506,0.427143018482707,0.4374014540696384,0.3492297638987561,1.0,0.4437607804436955,0.4299099029836114
6,10,0.19003780312286536,0.9455386988943173,3889,0.8885740495863415,0.9521604938271605,648,0.9178830177639239,0.9451,0.7707396816397011,0.08496989396938778,,,0.9443198607619132,,0.9443301039104463,0.05566989608955375,0.9631261264753866,0.3742888910431174,5,0.1,0.5,0.5556151621754603,0.5567750377984059,0.5565940136494831,0.5543006011555068,0.5655123837008421,0.5645951487057158,0.5523870986861912,0.5607373018806996,0.45134505969922173,0.4437607804436955,1.0,0.546285294939377
