round,client_id,client_i_training_loss,client_i_training_accuracy,client_i_training_dataset_size,client_i_evaluation_loss,client_i_evaluation_accuracy,client_i_evaluation_dataset_size,client_i_central_evaluation_loss,client_i_central_evaluation_accuracy,client_i_cosine_similarity,client_i_importance_coefficient,client_i_tanh_val,tanh_normalization_value,client_i_q,client_i_mask_order,client_i_v_nonzero_fraction,client_i_v_sparsity,client_i_v_cosine_similarity,client_i_reward_gradient_norm,local_epochs,learning_rate,gamma,client_0_cosine_similarity,client_1_cosine_similarity,client_2_cosine_similarity,client_3_cosine_similarity,client_4_cosine_similarity,client_5_cosine_similarity,client_6_cosine_similarity,client_7_cosine_similarity,client_8_cosine_similarity,client_9_cosine_similarity,client_10_cosine_similarity,client_11_cosine_similarity
0,0,2.1984264243532112,0.20026296566837107,6845,2.2989390546625312,0.14609203798392986,1369,2.2980650225772132,0.1454,0.9045965448165671,0.07909599509493832,,,0.55,,0.5500404350481095,0.4499595649518905,0,0.14224798009342446,10,0.025,0.15,1.0,0.9420835258134723,0.9006800894294825,0.8720098018017504,0.8641478914990262,0.838618388693334,0.8009164812273986,0.7959580994087225,0.7806888002464571,0.7780945983662916,0.779993612682425,0.7642320290903091
0,1,2.252883823527846,0.16788974078130706,5478,2.300358878241645,0.12773722627737227,1096,2.2979895615879493,0.1455,0.9547857841352916,0.08348443527826613,,,0.8550251542948937,,0.8550692347048241,0.1449307652951759,0,0.14271462791312917,10,0.025,0.15,0.9420835258134723,1.0,0.9543843782319631,0.935024847489116,0.9127598219940474,0.8991348045431646,0.8798677307724989,0.8676096537297768,0.8617036969256137,0.8615255105073967,0.8407045719444886,0.8253589307077681
0,2,2.2780942954515155,0.1612033195020747,4820,2.298027604818344,0.1441908713692946,964,2.297983887829358,0.1455,0.9737015991108127,0.08513839384918236,,,0.969986039533283,,0.9700203000445611,0.02997969995543892,0,0.14272283264302665,10,0.025,0.15,0.9006800894294825,0.9543843782319631,1.0,0.9589696358158831,0.932312838859251,0.9459293613549971,0.9153543584984731,0.9037458208749058,0.9081654920356129,0.8937192098568332,0.8856663043731648,0.8798163936754501
0,3,2.28067656653268,0.14423513390830686,4406,2.2985648087092807,0.14755959137343927,881,2.297983890847315,0.1455,0.9769947224285044,0.08542633753775349,,,0.9899999999304934,,0.9900232707827895,0.00997672921721049,0,0.14272284493772483,10,0.025,0.15,0.8720098018017504,0.935024847489116,0.9589696358158831,1.0,0.950082932834846,0.9524862560493069,0.920197906170592,0.9301149834778816,0.9354868633238814,0.9142106087967108,0.9073631189303883,0.8901928173444015
0,4,2.2871304338628597,0.15330739299610896,4112,2.2955849511282787,0.14476885644768855,822,2.2979838848114014,0.1455,0.9709775612100868,0.08490020977732309,,,0.9534306963511031,,0.9534749385222228,0.04652506147777724,0,0.1427227970071093,10,0.025,0.15,0.8641478914990262,0.9127598219940474,0.932312838859251,0.950082932834846,1.0,0.9501793499515347,0.9301652404887829,0.9445031395933322,0.9116436998284091,0.9095319882877139,0.9110869085758003,0.902525610586621
0,5,2.2861631777978713,0.16662381074826432,3889,2.3035689081464494,0.15424164524421594,778,2.297983939134622,0.1455,0.9687292355258262,0.08470362096840811,,,0.9397664946605454,,0.9398095426713539,0.06019045732864614,0,0.14272273026124796,10,0.025,0.15,0.838618388693334,0.8991348045431646,0.9459293613549971,0.9524862560493069,0.9501793499515347,1.0,0.9446744839808501,0.9352631335287962,0.9184413738151673,0.9090745142906507,0.9128906994352715,0.9116076115096585
0,6,2.291405944166512,0.1551333872271625,3711,2.2963849306106567,0.16172506738544473,742,2.297989338259154,0.1455,0.958661598768642,0.08382332825435032,,,0.8785804217706257,,0.8786288392665578,0.12137116073344223,0,0.14271647509693766,10,0.025,0.15,0.8009164812273986,0.8798677307724989,0.9153543584984731,0.920197906170592,0.9301652404887829,0.9446744839808501,1.0,0.9577815654792021,0.932964099586142,0.9466817119031259,0.9242717831532585,0.9033572287748439
0,7,2.2921208313533237,0.15235690235690236,3564,2.2986318667729697,0.14726507713884993,713,2.2979893322232403,0.1455,0.9597040071759257,0.08391447422516117,,,0.8849156599528752,,0.8849499100526481,0.11505008994735189,0,0.1427167425869818,10,0.025,0.15,0.7959580994087225,0.8676096537297768,0.9037458208749058,0.9301149834778816,0.9445031395933322,0.9352631335287962,0.9577815654792021,1.0,0.9523322458561178,0.9424360439565149,0.9393948778857659,0.9176924380804091
0,8,2.2916111054243866,0.13934902644580063,3441,2.297065774599711,0.13372093023255813,688,2.2979897396473943,0.1455,0.9520064845038867,0.08324141923838335,,,0.8381339578868872,,0.8381772870558334,0.1618227129441666,0,0.14271283939521304,10,0.025,0.15,0.7806888002464571,0.8617036969256137,0.9081654920356129,0.9354868633238814,0.9116436998284091,0.9184413738151673,0.932964099586142,0.9523322458561178,1.0,0.9558563205764349,0.925894652650558,0.9250382328527337
0,9,2.293857456136633,0.1357228554289142,3334,2.2985222736994424,0.14392803598200898,667,2.297991459882712,0.1455,0.9469746548560192,0.08280144677173303,,,0.8075530079549792,,0.8075951874040699,0.19240481259593012,0,0.14270735757331793,10,0.025,0.15,0.7780945983662916,0.8615255105073967,0.8937192098568332,0.9142106087967108,0.9095319882877139,0.9090745142906507,0.9466817119031259,0.9424360439565149,0.9558563205764349,1.0,0.922823486173859,0.920883158823047
0,10,2.295362114906311,0.14634372107374266,3241,2.3001025120417276,0.1697530864197531,648,2.297995588447474,0.1455,0.9400999013658433,0.08220033296972518,,,0.7657716864497162,,0.7658068029905432,0.23419319700945684,0,0.14267513719352218,10,0.025,0.15,0.779993612682425,0.8407045719444886,0.8856663043731648,0.9073631189303883,0.9110869085758003,0.9128906994352715,0.9242717831532585,0.9393948778857659,0.925894652650558,0.922823486173859,1.0,0.9291213380542249
0,11,2.295982446670532,0.14628046850269072,3159,2.296854019165039,0.13291139240506328,632,2.298001953318149,0.1455,0.9294600386282263,0.08127000603477538,,,0.7011079095670225,,0.7011602383192224,0.29883976168077764,0,0.14262738728956695,10,0.025,0.15,0.7642320290903091,0.8253589307077681,0.8798163936754501,0.8901928173444015,0.902525610586621,0.9116076115096585,0.9033572287748439,0.9176924380804091,0.9250382328527337,0.920883158823047,0.9291213380542249,1.0
1,0,2.0577967721003074,0.25677136596055516,6845,2.287689599123868,0.1672753834915997,1369,2.2869502049458177,0.1784,0.9074056978609336,0.07852793967163577,,,0.55,,0.5500404350481095,0.4499595649518905,0.8981795166078563,0.1457399588245028,10,0.025,0.15,1.0,0.9473227648286014,0.92710657641399,0.9059172409022849,0.8958263403058827,0.8831244940670478,0.863120774192297,0.8525153186709844,0.8462924926301552,0.8352273435028184,0.832116315226465,0.827198642679887
1,1,2.106899542032286,0.23249361080686382,5478,2.288226498497857,0.177007299270073,1096,2.28675656077228,0.1773,0.9629575033123083,0.08305450301623608,,,0.8584321180420152,,0.8584773316169068,0.14152266838309324,0.9020198595005426,0.14620444705380817,10,0.025,0.15,0.9473227648286014,1.0,0.9696598875469389,0.956788405464337,0.9540438104162515,0.9460974410450239,0.9307860980861693,0.9194263769310519,0.9202385472785821,0.909049166408902,0.9041577880309842,0.9034314756200456
1,2,2.1398763415060547,0.22184647302904564,4820,2.2863752245903015,0.18672199170124482,964,2.286749987662593,0.1772,0.9784719597187951,0.08458384922800047,,,0.9626390970245817,,0.9626759749797825,0.03732402502021748,0.9019022610916179,0.14621068656561592,10,0.025,0.15,0.92710657641399,0.9696598875469389,1.0,0.9710169665933023,0.9658854974807695,0.9619810318451583,0.9503259184846563,0.9444606272742248,0.949344814149527,0.9376398341063306,0.9321981122124291,0.9313799757655559
1,3,2.150575407913753,0.21827054017249206,4406,2.2877233369009837,0.18615209988649262,881,2.286749882034109,0.1772,0.9853256526649881,0.08498539904376379,,,0.9899999999318616,,0.9900232707827895,0.00997672921721049,0.901903123848973,0.14621077532750149,10,0.025,0.15,0.9059172409022849,0.956788405464337,0.9710169665933023,1.0,0.971980365408478,0.9728901948236499,0.9641151481436461,0.9587406038613473,0.964212750352904,0.9532039657677264,0.9500037083834313,0.9515242969245434
1,4,2.1570621248447535,0.2202577821011673,4112,2.2833309854779924,0.17883211678832117,822,2.2867498609084116,0.1772,0.9864669227200648,0.08469688824620224,,,0.970341378236873,,0.9703916423231173,0.029608357676882746,0.9019065131311725,0.14621073229074086,10,0.025,0.15,0.8958263403058827,0.9540438104162515,0.9658854974807695,0.971980365408478,1.0,0.9749653511111303,0.9691180917786681,0.9649859675255458,0.9617999476247433,0.9593382881724305,0.9581673054126483,0.9576027825377921
1,5,2.159039125134868,0.22507071226536385,3889,2.2932824747903005,0.17994858611825193,778,2.2867500087882897,0.1772,0.9878991820007413,0.08462185630830381,,,0.9652288330751191,,0.9652588668284069,0.03474113317159311,0.9019047681467665,0.14621070336334463,10,0.025,0.15,0.8831244940670478,0.9460974410450239,0.9619810318451583,0.9728901948236499,0.9749653511111303,1.0,0.9766629096246588,0.9714026903986567,0.9678288761693142,0.9630308190914856,0.9655286477905446,0.9667102445701145
1,6,2.188249211475767,0.2105092966855295,3711,2.2854445377985635,0.18059299191374664,742,2.286754725854608,0.1773,0.9864151392764561,0.08402856731024713,,,0.9248031572696691,,0.9248403228202208,0.07515967717977923,0.9020559169123671,0.14620954610294287,10,0.025,0.15,0.863120774192297,0.9307860980861693,0.9503259184846563,0.9641151481436461,0.9691180917786681,0.9766629096246588,1.0,0.9823245495359545,0.9752109518280303,0.9725999193961217,0.9741252755197294,0.9746201338922593
1,7,2.1989111121211735,0.2016273849607183,3564,2.287803133328756,0.15427769985974754,713,2.2867548254471792,0.1773,0.9841126649905793,0.08400997324722331,,,0.9235361903005038,,0.9235777590731297,0.07642224092687033,0.9020625480594907,0.14620952409847515,10,0.025,0.15,0.8525153186709844,0.9194263769310519,0.9444606272742248,0.9587406038613473,0.9649859675255458,0.9714026903986567,0.9823245495359545,1.0,0.9806603537508154,0.9740666919868116,0.9799929161133785,0.9775580670789477
1,8,2.1877082409682096,0.18529497239174658,3441,2.286891460418701,0.1816860465116279,688,2.2867558274088027,0.1773,0.9830077451912885,0.08355732513445452,,,0.8926935387079793,,0.8927315938010596,0.1072684061989404,0.9020320919393126,0.1462082407245429,10,0.025,0.15,0.8462924926301552,0.9202385472785821,0.949344814149527,0.964212750352904,0.9617999476247433,0.9678288761693142,0.9752109518280303,0.9806603537508154,1.0,0.9784961715534581,0.9738394880597057,0.9749205528303826
1,9,2.205156296270865,0.19697060587882423,3334,2.2881303628285727,0.1724137931034483,667,2.2867588332936735,0.1773,0.9775161291264418,0.08310604124515925,,,0.8619438429195357,,0.8619844531366044,0.13801554686339557,0.9019953784284261,0.14620481677393388,10,0.025,0.15,0.8352273435028184,0.909049166408902,0.9376398341063306,0.9532039657677264,0.9593382881724305,0.9630308190914856,0.9725999193961217,0.9740666919868116,0.9784961715534581,1.0,0.9702349263546556,0.9759883043854052
1,10,2.2142646418167993,0.19574205492132057,3241,2.2906541426976523,0.18981481481481483,648,2.286765240415742,0.1773,0.9765065600111432,0.08270103430311995,,,0.83434737746768,,0.8343978478651946,0.16560215213480545,0.9015415977801879,0.14620080940806907,10,0.025,0.15,0.832116315226465,0.9041577880309842,0.9321981122124291,0.9500037083834313,0.9581673054126483,0.9655286477905446,0.9741252755197294,0.9799929161133785,0.9738394880597057,0.9702349263546556,1.0,0.9769142313664654
1,11,2.2251052761077883,0.20360873694207027,3159,2.2858296394348145,0.17246835443037975,632,2.2867698850510996,0.1774,0.9765525812755902,0.08212662324565369,,,0.7952080115528268,,0.7952336155534651,0.20476638444653494,0.9014051678985306,0.1461870896895846,10,0.025,0.15,0.827198642679887,0.9034314756200456,0.9313799757655559,0.9515242969245434,0.9576027825377921,0.9667102445701145,0.9746201338922593,0.9775580670789477,0.9749205528303826,0.9759883043854052,0.9769142313664654,1.0
2,0,1.9792129772680778,0.2839006574141709,6845,2.270192428068681,0.19065010956902848,1369,2.269904824751842,0.1991,0.9144810569499613,0.07847293047011268,,,0.55,,0.5500404350481095,0.4499595649518905,0.9686408828196149,0.14538260179239046,10,0.025,0.15,1.0,0.9438270830051051,0.9271222279867456,0.9053032747594271,0.900958356383048,0.8840604764489106,0.8774788642937127,0.8656508340643628,0.8519331986495261,0.8474523526572879,0.8382596314974426,0.8354243013372271
2,1,2.0211710558381193,0.2663198247535597,5478,2.269924269782172,0.20346715328467152,1096,2.2694822927064533,0.2002,0.9624867998506457,0.08284282051702402,,,0.8634188121666548,,0.8634615702001948,0.13653842979980524,0.9711225478138598,0.14587794336609786,10,0.025,0.15,0.9438270830051051,1.0,0.9593416943529726,0.9472711247867435,0.9469669891983818,0.9394894856330719,0.9338343532444867,0.9249095809772729,0.9176484663269905,0.9123267161491851,0.9026417467061006,0.9040365683812306
2,2,2.0510321817900006,0.2552282157676349,4820,2.268628180027008,0.21058091286307054,964,2.2694756501837623,0.2002,0.9758104248924832,0.08422481126744799,,,0.9625384455609397,,0.9625769503721675,0.037423049627832494,0.9711917544629521,0.14588577226292732,10,0.025,0.15,0.9271222279867456,0.9593416943529726,1.0,0.9604585433452513,0.9585134057905915,0.9541112222412215,0.9528854096931638,0.9444753893849533,0.9429953566867282,0.9307684848353628,0.9267128798636224,0.9282187703904409
2,3,2.0597034175055366,0.25803449841125736,4406,2.2704813480377197,0.20317820658342792,881,2.2694756169862385,0.2002,0.9799228873597232,0.0846076982175738,,,0.9899999999282776,,0.9900232707827895,0.00997672921721049,0.971187203227819,0.14588587535997657,10,0.025,0.15,0.9053032747594271,0.9472711247867435,0.9604585433452513,1.0,0.963025432241725,0.962014846344078,0.9586424423444747,0.9519613640664693,0.9534868136504803,0.9434039722477594,0.9409490939674189,0.945655311988208
2,4,2.0539287025278266,0.2609922178988327,4112,2.2644070897783553,0.20437956204379562,822,2.2694755868066716,0.2002,0.9834721196387023,0.08454468302581183,,,0.9854804018746723,,0.9855176511363074,0.014482348863692596,0.9711864115775036,0.1458858712112505,10,0.025,0.15,0.900958356383048,0.9469669891983818,0.9585134057905915,0.963025432241725,1.0,0.965351697928933,0.968184929011872,0.9607973076564467,0.9567325393360985,0.9493681261002861,0.9519999989019281,0.9515758740960933
2,5,2.0591634608084157,0.261249678580612,3889,2.2774392536708286,0.20822622107969152,778,2.26947575279429,0.2002,0.9832751107412048,0.08449177183521364,,,0.9816854865954354,,0.9817217078443994,0.018278292155600617,0.9711872856418332,0.14588586552489005,10,0.025,0.15,0.8840604764489106,0.9394894856330719,0.9541112222412215,0.962014846344078,0.965351697928933,1.0,0.969388376110952,0.9652660480956434,0.959134613621153,0.9546608942745546,0.957209618799478,0.9597251617198377
2,6,2.087873879794417,0.24815413635138778,3711,2.268693208694458,0.20754716981132076,742,2.269480119777631,0.2002,0.9852182511843367,0.08418755498449935,,,0.9598663371503953,,0.9599115380171973,0.04008846198280269,0.9711856295577618,0.14588574722860276,10,0.025,0.15,0.8774788642937127,0.9338343532444867,0.9528854096931638,0.9586424423444747,0.968184929011872,0.969388376110952,1.0,0.9728947910944301,0.9664598864907782,0.9619413598682236,0.964130074595172,0.9672075622308866
2,7,2.1051706454583576,0.23759820426487094,3564,2.27119251092275,0.18092566619915848,713,2.2694801982445054,0.2002,0.9824862577845634,0.08408694837261879,,,0.9526505938586378,,0.952699245762572,0.04730075423742797,0.9711857768514865,0.14588568085280884,10,0.025,0.15,0.8656508340643628,0.9249095809772729,0.9444753893849533,0.9519613640664693,0.9607973076564467,0.9652660480956434,0.9728947910944301,1.0,0.9729794584244148,0.9658212307696173,0.9666846848890602,0.9695057395001409
2,8,2.0866668935175294,0.22914850334205172,3441,2.2712213595708213,0.19912790697674418,688,2.2694817856897282,0.2002,0.9790793508379968,0.08369540997155116,,,0.9245685370419028,,0.9246010133518179,0.07539898664818212,0.9711681438849175,0.14588473073991637,10,0.025,0.15,0.8519331986495261,0.9176484663269905,0.9429953566867282,0.9534868136504803,0.9567325393360985,0.959134613621153,0.9664598864907782,0.9729794584244148,1.0,0.9620351181300901,0.966971559753959,0.9703503504718319
2,9,2.102271588643392,0.23869226154769047,3334,2.2719916899998984,0.1889055472263868,667,2.269483714164058,0.2002,0.9733158140043022,0.08322787044420595,,,0.8910355003456893,,0.8910729316235084,0.10892706837649158,0.9711271741989341,0.1458814562054823,10,0.025,0.15,0.8474523526572879,0.9123267161491851,0.9307684848353628,0.9434039722477594,0.9493681261002861,0.9546608942745546,0.9619413598682236,0.9658212307696173,0.9620351181300901,1.0,0.9583403599192842,0.9678396771979839
2,10,2.112827036472467,0.2324282628818266,3241,2.275441527366638,0.2021604938271605,648,2.2694942407970187,0.2002,0.9725106077061005,0.0829506865061865,,,0.8711552151043863,,0.8711854895941642,0.1288145104058358,0.9711078088621939,0.1458789599075307,10,0.025,0.15,0.8382596314974426,0.9026417467061006,0.9267128798636224,0.9409490939674189,0.9519999989019281,0.957209618799478,0.964130074595172,0.9666846848890602,0.966971559753959,0.9583403599192842,1.0,0.970325665458701
2,11,2.124080628871918,0.24384298828743273,3159,2.2693764686584474,0.19936708860759494,632,2.2695074051241333,0.2001,0.974718974659374,0.08266681438775435,,,0.8507952378026407,,0.8508441847799179,0.14915581522008214,0.9709985088545936,0.14587580958848456,10,0.025,0.15,0.8354243013372271,0.9040365683812306,0.9282187703904409,0.945655311988208,0.9515758740960933,0.9597251617198377,0.9672075622308866,0.9695057395001409,0.9703503504718319,0.9678396771979839,0.970325665458701,1.0
3,0,1.9264163544884434,0.3009642074506939,6845,2.2463439377871426,0.22352081811541272,1369,2.24678246280815,0.225,0.9216659642602337,0.07878600956235661,,,0.55,,0.5500404350481095,0.4499595649518905,0.9831287385790247,0.14478246648115672,10,0.025,0.15,1.0,0.9396179886477862,0.929739010445461,0.9076498034620125,0.9023343868517764,0.8849806260459807,0.8847629750564998,0.8790800963272302,0.8558784483667276,0.8473323884335862,0.8490528506891007,0.840759928998923
3,1,1.9607584287953932,0.2900328587075575,5478,2.245295524597168,0.23266423357664234,1096,2.2459813009334515,0.2291,0.9581391559883925,0.08268836116800835,,,0.8514461499657133,,0.8514878447294153,0.1485121552705847,0.985349757344447,0.14531713833175813,10,0.025,0.15,0.9396179886477862,1.0,0.9511784510105097,0.937890838306817,0.9382282251817571,0.9286445269722166,0.926434693070236,0.921739887004151,0.9081114503533718,0.895775861373971,0.8973228538233531,0.8949840268369745
3,2,1.990628277000628,0.28161825726141076,4820,2.2444986402988434,0.23236514522821577,964,2.2459679132775414,0.2292,0.9721684528401435,0.08400395163791852,,,0.9530719700255057,,0.9531118482943012,0.04688815170569882,0.9854805074886026,0.14532921233509333,10,0.025,0.15,0.929739010445461,0.9511784510105097,1.0,0.9506886329611293,0.9498469804307442,0.9444382053448733,0.9468245137315194,0.938734265567235,0.9318791086183592,0.9174777556026381,0.9219114347567349,0.9182102778009098
3,3,2.0020805403164457,0.28132092600998637,4406,2.247164726257324,0.22360953461975028,881,2.245967182932021,0.2292,0.9761210265112419,0.08437058727423484,,,0.9813935853427209,,0.9814246340215543,0.018575365978445668,0.9854828864831354,0.14532948545071017,10,0.025,0.15,0.9076498034620125,0.937890838306817,0.9506886329611293,1.0,0.9556337012444721,0.9526048117918878,0.9497218686644948,0.9443408470856647,0.9437579949655204,0.9320295373193948,0.9351505131057812,0.9357105192550286
3,4,1.992327875802011,0.2827091439688716,4112,2.2386838027409146,0.2384428223844282,822,2.245967068249666,0.2292,0.980730121980022,0.08448200105662719,,,0.9899999999227527,,0.9900232707827895,0.00997672921721049,0.9854831140073708,0.14532949831311978,10,0.025,0.15,0.9023343868517764,0.9382282251817571,0.9498469804307442,0.9556337012444721,1.0,0.9556639047991433,0.9609333139587838,0.9573962522706785,0.9484466112983415,0.9387284718811343,0.9470433167166299,0.9440795660196407
3,5,1.9927043564857976,0.2865518128053484,3889,2.2556207180023193,0.2210796915167095,778,2.2459673640094224,0.2292,0.9785521503087438,0.08437804975995841,,,0.9819700422635393,,0.9820105296166097,0.01798947038339027,0.9854829925102119,0.14532948774622845,10,0.025,0.15,0.8849806260459807,0.9286445269722166,0.9444382053448733,0.9526048117918878,0.9556639047991433,1.0,0.9617892840850892,0.9577331796783087,0.9492214272612672,0.9394147421871116,0.9494138601697433,0.9482015721816816
3,6,2.0189339156808526,0.2747507410401509,3711,2.245864192644755,0.2358490566037736,742,2.2459718728367286,0.229,0.981250604305867,0.08427741683985043,,,0.9741964202551012,,0.9742288458681982,0.025771154131801755,0.9854796539246453,0.1453294624324867,10,0.025,0.15,0.8847629750564998,0.926434693070236,0.9468245137315194,0.9497218686644948,0.9609333139587838,0.9617892840850892,1.0,0.9640811511655316,0.9535687734560371,0.9459580649995663,0.9549717216781386,0.9544965868972247
3,7,2.038999852538109,0.26158810325476994,3564,2.248383363087972,0.20336605890603085,713,2.2459721535067017,0.229,0.9792555557075011,0.08414984624960621,,,0.9643419357893039,,0.964384149461141,0.03561585053885896,0.9854809479633013,0.1453293885424785,10,0.025,0.15,0.8790800963272302,0.921739887004151,0.938734265567235,0.9443408470856647,0.9573962522706785,0.9577331796783087,0.9640811511655316,1.0,0.9609762576398266,0.9438387196601654,0.9568726892667466,0.9554972264765034
3,8,2.0190304429442794,0.25620459168846266,3441,2.2498016357421875,0.22819767441860464,688,2.2459755336182026,0.2291,0.9735309201457603,0.08371997548436952,,,0.9311355770963194,,0.9311778977075803,0.0688221022924197,0.9854668147892923,0.14532840496838978,10,0.025,0.15,0.8558784483667276,0.9081114503533718,0.9318791086183592,0.9437579949655204,0.9484466112983415,0.9492214272612672,0.9535687734560371,0.9609762576398266,1.0,0.9482581571635604,0.9558495069454587,0.956987294341086
3,9,2.0281177048329955,0.2625974805038992,3334,2.2501550118128457,0.23088455772113944,667,2.245980157127863,0.2291,0.9633734516435459,0.08309819392110511,,,0.8831046261962876,,0.8831427109636745,0.11685728903632553,0.9854213636592588,0.14532349399439734,10,0.025,0.15,0.8473323884335862,0.895775861373971,0.9174777556026381,0.9320295373193948,0.9387284718811343,0.9394147421871116,0.9459580649995663,0.9438387196601654,0.9482581571635604,1.0,0.9375573948280995,0.9488839874802346
3,10,2.045379309470837,0.26044430731255785,3241,2.254317124684652,0.22993827160493827,648,2.2459933365447613,0.229,0.9693331609990847,0.08312083109170251,,,0.8848532866483139,,0.8849003977488406,0.11509960225115945,0.9854060861593839,0.14532374245815424,10,0.025,0.15,0.8490528506891007,0.8973228538233531,0.9219114347567349,0.9351505131057812,0.9470433167166299,0.9494138601697433,0.9549717216781386,0.9568726892667466,0.9558495069454587,0.9375573948280995,1.0,0.959200052363042
3,11,2.051506067276001,0.27347261791706234,3159,2.2473309516906737,0.23734177215189872,632,2.246018699452847,0.2282,0.9687229654521836,0.08292477595426231,,,0.8697085553850539,,0.8697496327837467,0.13025036721625327,0.9853569084013181,0.14532109735403137,10,0.025,0.15,0.840759928998923,0.8949840268369745,0.9182102778009098,0.9357105192550286,0.9440795660196407,0.9482015721816816,0.9544965868972247,0.9554972264765034,0.956987294341086,0.9488839874802346,0.959200052363042,1.0
4,0,1.8864564315036492,0.3147991234477721,6845,2.2163166349584404,0.25931336742147554,1369,2.21790533126155,0.2504,0.927453889164237,0.07926354213950462,,,0.55,,0.5500404350481095,0.4499595649518905,0.9877057801915835,0.14429098134593807,10,0.025,0.15,1.0,0.939076125468904,0.9295323306467,0.9091705050230355,0.904951170093154,0.8861453922058411,0.8896276060212553,0.8850065040321098,0.8616371079498326,0.8504579356881097,0.852673788494447,0.8455824859188705
4,1,1.9156949181889378,0.3060240963855422,5478,2.2148229546017117,0.25364963503649635,1096,2.2165395730658424,0.2524,0.9601102257743175,0.0827553209609816,,,0.8496402092268143,,0.8496806456404417,0.15031935435955834,0.9896733419250228,0.1448515284283145,10,0.025,0.15,0.939076125468904,1.0,0.9441579419966573,0.9328922612046918,0.9363588395509351,0.9255942411393131,0.9273503948205236,0.9226509390299378,0.9093791038561669,0.8968250793023835,0.8968312709612293,0.8964869109696253
4,2,1.9436267438687775,0.30024896265560164,4820,2.2143097817897797,0.24896265560165975,964,2.2165360662001596,0.2527,0.9690465707455704,0.08386472058264002,,,0.9448411803493985,,0.9448763017609876,0.05512369823901242,0.9897064014753,0.14486431569608,10,0.025,0.15,0.9295323306467,0.9441579419966573,1.0,0.9434818290054717,0.9424214820469698,0.9353645093555067,0.9420603959356858,0.9322690121769419,0.9246491175740394,0.9119702894844846,0.9126955867722721,0.9106461896849399
4,3,1.9525026270321437,0.29750340444847934,4406,2.2181708812713623,0.2395005675368899,881,2.216535375088076,0.2527,0.9713870300039262,0.08416899077968124,,,0.9709515356050469,,0.9710022940700764,0.028997705929923567,0.989710555296304,0.14486471741602355,10,0.025,0.15,0.9091705050230355,0.9328922612046918,0.9434818290054717,1.0,0.9436871843557966,0.9420811045685309,0.9412811790808359,0.9374511652758657,0.9350746688791381,0.9176899323139586,0.9259598570566518,0.9260897683345359
4,4,1.9418102968822826,0.30104571984435796,4112,2.2066431045532227,0.2737226277372263,822,2.21653542639334,0.2527,0.9760596286317464,0.08439096707728143,,,0.9899999999141869,,0.9900232707827895,0.00997672921721049,0.9897100832766645,0.14486478744810494,10,0.025,0.15,0.904951170093154,0.9363588395509351,0.9424214820469698,0.9436871843557966,1.0,0.9442949611191952,0.9511486879847845,0.9489466941788115,0.9401580939775601,0.9280200197013297,0.9364562725397738,0.9321071401963238
4,5,1.9428473703322873,0.3061969658009771,3889,2.2281413759504045,0.2416452442159383,778,2.2165355833270883,0.2527,0.9742258178219703,0.08426643843612783,,,0.9793138167400153,,0.9793616213629087,0.02063837863709128,0.9897104953299429,0.1448647655759744,10,0.025,0.15,0.8861453922058411,0.9255942411393131,0.9353645093555067,0.9420811045685309,0.9442949611191952,1.0,0.9523611225560029,0.9496965614620202,0.9398723621145169,0.9315978580603568,0.9423035639975111,0.9370527605133274
4,6,1.9633614712748033,0.2946375639989221,3711,2.2172542413075766,0.26819407008086255,742,2.2165407198893874,0.2525,0.977861403868967,0.08432278895076374,,,0.9841494265706523,,0.9841890709841395,0.015810929015860453,0.989708918437942,0.14486477932016814,10,0.025,0.15,0.8896276060212553,0.9273503948205236,0.9420603959356858,0.9412811790808359,0.9511486879847845,0.9523611225560029,1.0,0.9557263202316858,0.9460548953746838,0.9349571786712146,0.9450193580393967,0.9429912618204559
4,7,1.9890785281147276,0.2797138047138047,3564,2.2198099295298257,0.22300140252454417,713,2.216541172582892,0.2525,0.9753302323689835,0.08416078854174101,,,0.9702476765068074,,0.9703008697661368,0.02969913023386317,0.9897059485166882,0.14486471113032862,10,0.025,0.15,0.8850065040321098,0.9226509390299378,0.9322690121769419,0.9374511652758657,0.9489466941788115,0.9496965614620202,0.9557263202316858,1.0,0.9504382323275787,0.930787002448253,0.9437121196825389,0.9424912121770367
4,8,1.9668194510318615,0.28052891601278696,3441,2.2225542068481445,0.2543604651162791,688,2.216546668282038,0.2525,0.9690623115740468,0.08368883187416074,,,0.9297476328757714,,0.9297750490997013,0.07022495090029868,0.989701770760612,0.14486379478120542,10,0.025,0.15,0.8616371079498326,0.9093791038561669,0.9246491175740394,0.9350746688791381,0.9401580939775601,0.9398723621145169,0.9460548953746838,0.9504382323275787,1.0,0.9307071413049478,0.9438306089934089,0.9440646342759723
4,9,1.9877220886724967,0.2816136772645471,3334,2.2228426138559976,0.24587706146926536,667,2.2165375419809847,0.2524,0.9581579556822701,0.08294607725163551,,,0.8660095893522981,,0.8660362099981845,0.13396379000181546,0.9896995476471788,0.1448547680764473,10,0.025,0.15,0.8504579356881097,0.8968250793023835,0.9119702894844846,0.9176899323139586,0.9280200197013297,0.9315978580603568,0.9349571786712146,0.930787002448253,0.9307071413049478,1.0,0.9310956704932344,0.9360309932125587
4,10,1.9931528655382302,0.28049984572662756,3241,2.227885921796163,0.24537037037037038,648,2.216554551184932,0.2524,0.964594955610434,0.08317059211614446,,,0.8852758958440519,,0.8853212523312043,0.11467874766879571,0.9897072324573878,0.14485767184657108,10,0.025,0.15,0.852673788494447,0.8968312709612293,0.9126955867722721,0.9259598570566518,0.9364562725397738,0.9423035639975111,0.9450193580393967,0.9437121196825389,0.9438306089934089,0.9310956704932344,1.0,0.943639325689951
4,11,1.9970782041549682,0.29129471351693575,3159,2.2198219776153563,0.2563291139240506,632,2.21659320819227,0.2516,0.9631309916079175,0.08300094128933803,,,0.870717640055595,,0.8707481309105313,0.12925186908946873,0.989684536896957,0.14485547277423982,10,0.025,0.15,0.8455824859188705,0.8964869109696253,0.9106461896849399,0.9260897683345359,0.9321071401963238,0.9370527605133274,0.9429912618204559,0.9424912121770367,0.9440646342759723,0.9360309932125587,0.943639325689951,1.0
5,0,1.851017337375217,0.3268224981738495,6845,2.1803150827234443,0.28122717311906503,1369,2.1832228461398353,0.268,0.9310342249329695,0.0797344047274373,,,0.55,,0.5500404350481095,0.4499595649518905,0.9896601465597774,0.1439327818936979,10,0.025,0.15,1.0,0.9351278478629649,0.9257432700538099,0.9085401203614605,0.9042565811429323,0.886894378059086,0.891265046861763,0.8905519690806462,0.8661864922097731,0.8566583601682272,0.8569732118526072,0.8515804773795987
5,1,1.8756241615428482,0.3214859437751004,5478,2.1783975495232477,0.2572992700729927,1096,2.181183682212347,0.2674,0.9590752828521386,0.08282246054911516,,,0.8465404702246717,,0.8465861266524731,0.15341387334752687,0.9916316708126586,0.14456703379522856,10,0.025,0.15,0.9351278478629649,1.0,0.9396939217987337,0.9278774685624008,0.9306661971970601,0.9196539291575868,0.9241891821521049,0.920266866674489,0.9069344663034391,0.8973179365868981,0.8959329736028229,0.8963386422409779
5,2,1.9038534518919492,0.31309128630705396,4820,2.1778362691402435,0.26556016597510373,964,2.1811765024933636,0.2679,0.9677000418384365,0.08379428603881041,,,0.9398631315792743,,0.9399003152283343,0.06009968477166572,0.9918146956444205,0.14458231205056987,10,0.025,0.15,0.9257432700538099,0.9396939217987337,1.0,0.9369273112104495,0.9367846285193874,0.9309390609787133,0.9383700085950087,0.9272627177498047,0.9202644800375578,0.9146953781655317,0.9125356165716803,0.9088550478306163
5,3,1.9128593111038208,0.31252837040399456,4406,2.183316877910069,0.25312145289443816,881,2.1811759320995474,0.2679,0.968806038985971,0.08401961715284123,,,0.9615012749191325,,0.9615371919922101,0.038462808007789895,0.9918263890476882,0.14458287886075863,10,0.025,0.15,0.9085401203614605,0.9278774685624008,0.9369273112104495,1.0,0.9376841056568912,0.9356652777854979,0.9347758772518668,0.9304659003254401,0.92801724873405,0.9195518595461071,0.9240569186768358,0.9201532096722913
5,4,1.899291988213857,0.31296206225680934,4112,2.168041944503784,0.29075425790754256,822,2.181176125248776,0.2679,0.9729709746816709,0.08429387283232413,,,0.9878375566614288,,0.9878694855671635,0.012130514432836526,0.991829531471686,0.14458308637450065,10,0.025,0.15,0.9042565811429323,0.9306661971970601,0.9367846285193874,0.9376841056568912,1.0,0.9375202842724155,0.9437944164013955,0.9443214622078591,0.9333385329041539,0.9259986041221513,0.9302986500210741,0.9266511761931362
5,5,1.9016503145617822,0.3172023656466958,3889,2.1945461886269704,0.2712082262210797,778,2.1811760739435124,0.2679,0.9708742928551154,0.08414786268107645,,,0.9738164633234729,,0.9738575035896421,0.02614249641035793,0.9918299815806324,0.14458303768694886,10,0.025,0.15,0.886894378059086,0.9196539291575868,0.9309390609787133,0.9356652777854979,0.9375202842724155,1.0,0.9473540981645824,0.9430915785194395,0.9312345616635425,0.9294145582788855,0.9334456789012399,0.9310948975013554
5,6,1.9179955157740363,0.3088116410670978,3711,2.1827422777811685,0.28975741239892183,742,2.1811815786965285,0.2676,0.9749546357746164,0.0843163916657202,,,0.9899999999039717,,0.9900232707827895,0.00997672921721049,0.9918291180664277,0.14458308728141922,10,0.025,0.15,0.891265046861763,0.9241891821521049,0.9383700085950087,0.9347758772518668,0.9437944164013955,0.9473540981645824,1.0,0.9477545896882467,0.9366915936397772,0.9341657362097796,0.9389131064793875,0.9363057118059193
5,7,1.9463439622095653,0.294304152637486,3564,2.1853636503219604,0.24684431977559607,713,2.1811811441107642,0.2676,0.9714492775315124,0.08410099904119521,,,0.9693162319127364,,0.969368388044429,0.03063161195557096,0.9918288891339944,0.14458299994872462,10,0.025,0.15,0.8905519690806462,0.920266866674489,0.9272627177498047,0.9304659003254401,0.9443214622078591,0.9430915785194395,0.9477545896882467,1.0,0.9396723482751848,0.925765912664525,0.932716028989546,0.9312754545764144
5,8,1.9236124338927092,0.2977913397268236,3441,2.190052628517151,0.26308139534883723,688,2.1811891658396663,0.2675,0.9655053748701782,0.08361314275193435,,,0.922468266146083,,0.9224967404399993,0.0775032595600007,0.9918130236191303,0.14458138178378965,10,0.025,0.15,0.8661864922097731,0.9069344663034391,0.9202644800375578,0.92801724873405,0.9333385329041539,0.9312345616635425,0.9366915936397772,0.9396723482751848,1.0,0.9304918111945646,0.9374949788859883,0.9336399522981469
5,9,1.9350787162780763,0.2975404919016197,3334,2.19014843304952,0.2518740629685157,667,2.1811804560166372,0.2675,0.9595442518731326,0.0829563851903989,,,0.8594010136844635,,0.8594428215411529,0.14055717845884708,0.9916507929204782,0.144570943379818,10,0.025,0.15,0.8566583601682272,0.8973179365868981,0.9146953781655317,0.9195518595461071,0.9259986041221513,0.9294145582788855,0.9341657362097796,0.925765912664525,0.9304918111945646,1.0,0.9265429145683503,0.9348862784246492
5,10,1.9482387950787177,0.29938290651033633,3241,2.1954636573791504,0.25617283950617287,648,2.181203679193424,0.2674,0.9620767864829448,0.08317881051893028,,,0.8807601196467175,,0.8807908765328184,0.1192091234671816,0.9916810715517317,0.14457575799956313,10,0.025,0.15,0.8569732118526072,0.8959329736028229,0.9125356165716803,0.9240569186768358,0.9302986500210741,0.9334456789012399,0.9389131064793875,0.932716028989546,0.9374949788859883,0.9265429145683503,1.0,0.9353957333175201
5,11,1.9521432995796204,0.3041152263374486,3159,2.1871119499206544,0.2689873417721519,632,2.1812554763842233,0.2677,0.9605001923343599,0.08302176685021637,,,0.8656794973861626,,0.8657143800234358,0.13428561997656419,0.9916665219329822,0.14457250036257363,10,0.025,0.15,0.8515804773795987,0.8963386422409779,0.9088550478306163,0.9201532096722913,0.9266511761931362,0.9310948975013554,0.9363057118059193,0.9312754545764144,0.9336399522981469,0.9348862784246492,0.9353957333175201,1.0
6,0,1.8203820829038266,0.33837837837837836,6845,2.1397158449346367,0.30168005843681517,1369,2.1441605543788476,0.2844,0.9307894669575052,0.08013260316102162,,,0.55,,0.5500404350481095,0.4499595649518905,0.9915242326911995,0.14328969616866552,10,0.025,0.15,1.0,0.9256431729251943,0.9201209198817283,0.9036954946608758,0.8966377018952715,0.8821020135744279,0.8908397987336338,0.8853392127191427,0.8634773190197328,0.8497092570413618,0.8596733996825586,0.8526699525240732
6,1,1.8418417553568995,0.3342825848849945,5478,2.137644820743137,0.27463503649635035,1096,2.141482854191261,0.2853,0.9583040987553609,0.08295646638398149,,,0.8451784788484671,,0.845224538297767,0.154775461702233,0.9934232364308501,0.14401882914217187,10,0.025,0.15,0.9256431729251943,1.0,0.9310816747927608,0.9234930072791324,0.9252439296941433,0.915324754245294,0.9214824009672902,0.914938523906203,0.9054602265863575,0.8846004482865015,0.8972476979404056,0.898433060889864
6,2,1.8700025768656479,0.32487551867219916,4820,2.1368221640586853,0.28319502074688796,964,2.1414664546145668,0.2854,0.9646067146979336,0.08376794498775247,,,0.930002353436886,,0.9300556188212771,0.06994438117872293,0.9935962267688953,0.14403580564895244,10,0.025,0.15,0.9201209198817283,0.9310816747927608,1.0,0.929649632874914,0.9305101318647352,0.9255511798834574,0.9328553915087464,0.9220935229716728,0.9125387391170819,0.8980420168043526,0.907291409417628,0.9044637876315159
6,3,1.8777212507384164,0.3225601452564685,4406,2.144204991204398,0.27809307604994327,881,2.1414631922033767,0.2854,0.9649508455741259,0.08391949283445864,,,0.9458436528666079,,0.9458913039890413,0.05410869601095869,0.9936020595015715,0.14403668638212655,10,0.025,0.15,0.9036954946608758,0.9234930072791324,0.929649632874914,1.0,0.9282882820877351,0.9270250596047471,0.926965592545375,0.9228323547019224,0.921100536519972,0.904903029834691,0.9170787627832917,0.912309605385679
6,4,1.8664786858992144,0.3260943579766537,4112,2.1248165539332797,0.305352798053528,822,2.1414679364313054,0.2854,0.9684301934074749,0.0842042197103382,,,0.9756061588640876,,0.9756481985773465,0.024351801422653474,0.9936016595887606,0.1440372613042271,10,0.025,0.15,0.8966377018952715,0.9252439296941433,0.9305101318647352,0.9282882820877351,1.0,0.9267955609527627,0.9376369777476184,0.9356563159807496,0.9252284240459195,0.9103870445967711,0.923127736031932,0.9171855034845128
6,5,1.8639624895588045,0.33358189766006685,3889,2.156381811414446,0.2943444730077121,778,2.1414669586133352,0.2854,0.9662854363997604,0.08404305468459773,,,0.9587595755186724,,0.9588057632321632,0.041194236767836845,0.9936001310788923,0.14403702575144303,10,0.025,0.15,0.8821020135744279,0.915324754245294,0.9255511798834574,0.9270250596047471,0.9267955609527627,1.0,0.9387975708539662,0.9346773005369009,0.9228258780701681,0.9099232516059488,0.9259282474672238,0.922536818526406
6,6,1.8818277585095373,0.3219078415521423,3711,2.1439502239227295,0.29514824797843664,742,2.1414731544784353,0.2852,0.9722051214543828,0.08434192025844123,,,0.9899999998954698,,0.9900232707827895,0.00997672921721049,0.9936021744366892,0.14403731985931784,10,0.025,0.15,0.8908397987336338,0.9214824009672902,0.9328553915087464,0.926965592545375,0.9376369777476184,0.9387975708539662,1.0,0.9407619396695812,0.9280217307491553,0.9232514550679765,0.9309469190182446,0.9282843452913566
6,7,1.9044372507504055,0.31032547699214363,3564,2.1464695930480957,0.2594670406732118,713,2.1414730488499507,0.2852,0.9685117974752913,0.08408682596310404,,,0.9633349881313285,,0.963377399283722,0.036622600716277987,0.9935972472048694,0.14403711904568064,10,0.025,0.15,0.8853392127191427,0.914938523906203,0.9220935229716728,0.9228323547019224,0.9356563159807496,0.9346773005369009,0.9407619396695812,1.0,0.9333333794149519,0.9162586113587889,0.9257288159530387,0.9256290706021116
6,8,1.886056520320751,0.31005521650682943,3441,2.153426011403402,0.27906976744186046,688,2.1414812244946444,0.2854,0.9618062725057085,0.08356342600512486,,,0.9086239801159646,,0.9086745556270733,0.09132544437292667,0.9935759141861028,0.14403369916272674,10,0.025,0.15,0.8634773190197328,0.9054602265863575,0.9125387391170819,0.921100536519972,0.9252284240459195,0.9228258780701681,0.9280217307491553,0.9333333794149519,1.0,0.9152909297383686,0.9275681029773811,0.9249741687703197
6,9,1.9016492468339425,0.31025794841031795,3334,2.153310219446818,0.26686656671664166,667,2.141470604305026,0.2854,0.9495284827212285,0.08275231163321108,,,0.8238381786908218,,0.8238929874073707,0.1761070125926293,0.9933961528927471,0.1440099559846726,10,0.025,0.15,0.8497092570413618,0.8846004482865015,0.8980420168043526,0.904903029834691,0.9103870445967711,0.9099232516059488,0.9232514550679765,0.9162586113587889,0.9152909297383686,1.0,0.9118041547681145,0.9147745153012956
