round,client_id,client_i_training_loss,client_i_training_accuracy,client_i_training_dataset_size,client_i_evaluation_loss,client_i_evaluation_accuracy,client_i_evaluation_dataset_size,client_i_central_evaluation_loss,client_i_central_evaluation_accuracy,client_i_cosine_similarity,client_i_importance_coefficient,client_i_tanh_val,tanh_normalization_value,client_i_q,client_i_mask_order,client_i_v_nonzero_fraction,client_i_v_sparsity,client_i_v_cosine_similarity,client_i_reward_gradient_norm,local_epochs,learning_rate,gamma,client_0_cosine_similarity,client_1_cosine_similarity,client_2_cosine_similarity,client_3_cosine_similarity,client_4_cosine_similarity,client_5_cosine_similarity,client_6_cosine_similarity,client_7_cosine_similarity,client_8_cosine_similarity,client_9_cosine_similarity,client_10_cosine_similarity,client_11_cosine_similarity
0,0,0.2864897412889372,0.9114195276357439,8214,2.2265035773432533,0.20818115412710006,1369,2.222095721065046,0.2153,0.7810226559386552,0.08524612836448117,,,0.9832143957166829,,0.9832287535766276,0.016771246423372355,0,0.38308172877621566,5,0.1,0.5,1.0,0.5269217291119042,0.5441531173128804,0.5401026245977832,0.5412689448611008,0.560131419843601,0.5440556640499261,0.5667474977292548,0.4176727968204777,0.5485698988501929,0.5405613203791695,0.5459059700738856
0,1,0.3141675403866085,0.9019166413142683,6574,2.2227662427084787,0.22262773722627738,1096,2.222095139110431,0.2153,0.7722129990245339,0.08428458244972706,,,0.973109029046019,,0.9731238391647006,0.026876160835299423,0,0.38308143982431053,5,0.1,0.5,0.5269217291119042,1.0,0.5563816436301134,0.5379731188635166,0.5365641191802188,0.5733102769219277,0.5641055043208115,0.5685081171032144,0.41917576209792784,0.555376885694403,0.561684886222051,0.561923229011747
0,2,0.3207769771358667,0.9003977174476915,5783,2.2153170954796577,0.22614107883817428,964,2.222096152198962,0.2153,0.7869382102719749,0.08589179222610012,,,0.9899999999894905,,0.9900005019828322,0.009999498017167818,0,0.38308179595793107,5,0.1,0.5,0.5441531173128804,0.5563816436301134,1.0,0.568655719099955,0.5823517755823171,0.5747117213272784,0.5732385170556121,0.5955494581653241,0.44128146179912087,0.5754186044184311,0.5915944054712061,0.5744404153498706
0,3,0.3242788288372019,0.8977491961414791,5287,2.22026332787105,0.22587968217934165,881,2.2220952069035733,0.2153,0.7727395058957792,0.08434204899309772,,,0.9737129736763745,,0.9737262185633251,0.026273781436674915,0,0.38308146305949464,5,0.1,0.5,0.5401026245977832,0.5379731188635166,0.568655719099955,1.0,0.5720396635498008,0.5762998058177751,0.5650490508734598,0.5654258836414215,0.44156484560122133,0.5788677236114658,0.5691618753823784,0.5735378178462568
0,4,0.3483225081176046,0.8904559270516718,4935,2.220041348383977,0.2116788321167883,822,2.222095129208062,0.2153,0.7722340653420354,0.08428688177099802,,,0.9731331937626282,,0.9731489383063099,0.026851061693690115,0,0.3830814404453896,5,0.1,0.5,0.5412689448611008,0.5365641191802188,0.5823517755823171,0.5720396635498008,1.0,0.5716633465937977,0.5677529499044065,0.5747287653151598,0.4411759159644092,0.5719528497668305,0.5789095228132383,0.5759273199340749
0,5,0.34903638410088544,0.8885365331047782,4667,2.2306981563568113,0.18508997429305912,778,2.2220960387025777,0.2153,0.7834026867448745,0.08550590112532964,,,0.9859444775142805,,0.9859595401837257,0.014040459816274331,0,0.38308176541079114,5,0.1,0.5,0.560131419843601,0.5733102769219277,0.5747117213272784,0.5762998058177751,0.5716633465937977,1.0,0.5811738872965945,0.5895565418939196,0.45057156812768123,0.5732177193912686,0.5934341714999175,0.5837995450028047
0,6,0.37451572190970184,0.882685829777678,4453,2.219425469636917,0.20350404312668463,742,2.222095190145718,0.2153,0.7731191945695104,0.08438349079913665,,,0.9741485063317497,,0.9741579237990061,0.02584207620099388,0,0.38308148081447946,5,0.1,0.5,0.5440556640499261,0.5641055043208115,0.5732385170556121,0.5650490508734598,0.5677529499044065,0.5811738872965945,1.0,0.5823921336540084,0.44084462133971347,0.594682751661055,0.5680650853379317,0.5786137314956908
0,7,0.3824566873207466,0.8787000233808745,4277,2.2188429728798242,0.2244039270687237,713,2.2220957248736495,0.2153,0.781267893863286,0.08527289530068201,,,0.9834957028293327,,0.9835048441343306,0.01649515586566941,0,0.3830817315138244,5,0.1,0.5,0.5667474977292548,0.5685081171032144,0.5955494581653241,0.5654258836414215,0.5747287653151598,0.5895565418939196,0.5823921336540084,1.0,0.4411743206038319,0.5744685425931627,0.5975389697577832,0.5767903166217399
0,8,0.47424142362979743,0.867280213126665,4129,2.2132491090080957,0.24563953488372092,688,2.222187634855033,0.2149,0.6213000035506254,0.06781291099920307,,,0.8,,0.8,0.19999999999999996,0,0.3828575465887408,5,0.1,0.5,0.4176727968204777,0.41917576209792784,0.44128146179912087,0.44156484560122133,0.4411759159644092,0.45057156812768123,0.44084462133971347,0.4411743206038319,1.0,0.4540154940215516,0.4392051868226874,0.4496304334131145
0,9,0.39174165490063995,0.8784303924018996,4001,2.2221598511650447,0.23388305847076463,667,2.222095210712177,0.2153,0.7745290667195447,0.08453737384128078,,,0.9757657401438878,,0.9757843481752924,0.02421565182470764,0,0.3830815385482755,5,0.1,0.5,0.5485698988501929,0.555376885694403,0.5754186044184311,0.5788677236114658,0.5719528497668305,0.5732177193912686,0.594682751661055,0.5744685425931627,0.4540154940215516,1.0,0.6018252612848394,0.5910823379663761
0,10,0.3825947480054847,0.8812033941887375,3889,2.2251533553713845,0.19135802469135801,648,2.222095222899708,0.2153,0.7734936725918794,0.08442436387922186,,,0.9745780619617854,,0.974589629034687,0.025410370965312956,0,0.38308149833223143,5,0.1,0.5,0.5405613203791695,0.561684886222051,0.5915944054712061,0.5691618753823784,0.5789095228132383,0.5934341714999175,0.5680650853379317,0.5975389697577832,0.4392051868226874,0.6018252612848394,1.0,0.572989225572181
0,11,0.38762076829223574,0.8742284357689264,3791,2.223939049243927,0.20411392405063292,632,2.2220949067856175,0.2152,0.7697122185728492,0.08401163025074188,,,0.9702404379449745,,0.970257517192912,0.029742482807088022,0,0.3830813041615211,5,0.1,0.5,0.5459059700738856,0.561923229011747,0.5744404153498706,0.5735378178462568,0.5759273199340749,0.5837995450028047,0.5786137314956908,0.5767903166217399,0.4496304334131145,0.5910823379663761,0.572989225572181,1.0
1,0,0.2575693692091548,0.919527635743852,8214,2.0739931062210437,0.6165084002921841,1369,2.071429212634175,0.6207,0.7888170757640439,0.08410117536730198,,,0.9763975840761846,,0.9764118267155263,0.023588173284473712,0.9533588882931766,0.401921365162415,5,0.1,0.5,1.0,0.5929745764609178,0.6073599493109423,0.6014529363672855,0.6017865334989915,0.602773451495482,0.5997653688402642,0.6058603193783201,0.5672220822983649,0.6146637155532018,0.5981318287396561,0.6011621981052205
1,1,0.27926510576954455,0.914085792515972,6574,2.0746792793273925,0.6003649635036497,1096,2.0714310796116107,0.6206,0.7915479917416498,0.08355859452210042,,,0.9687241497417951,,0.9687314893830631,0.03126851061693692,0.9533545096642874,0.4019209543667446,5,0.1,0.5,0.5929745764609178,1.0,0.6046197412679757,0.6103260991509905,0.6010346780223659,0.6066164126378292,0.6076462944617691,0.6062781859472643,0.563304400030113,0.6190436204149546,0.6067310819150378,0.6044608504897611
1,2,0.28107642973181457,0.9150613868234481,5783,2.065378931260878,0.6462655601659751,964,2.0714293280348612,0.6205,0.8040939147693097,0.08506298855282404,,,0.9899999999858575,,0.9900005019828322,0.009999498017167818,0.9533617634139662,0.4019216957154832,5,0.1,0.5,0.6073599493109423,0.6046197412679757,1.0,0.6185550376753548,0.6123222494967455,0.6104522959697001,0.6165395860609949,0.6170212060289106,0.5770876022951347,0.6272938670251778,0.6292117362634525,0.6169970670130263
1,3,0.2811211086854518,0.9123132211083791,5287,2.071605282170432,0.641316685584563,881,2.071428535464473,0.6207,0.8119191730981423,0.08430805361662826,,,0.9793233538954802,,0.9793283469705336,0.020671653029466386,0.9533590782269552,0.4019214772000138,5,0.1,0.5,0.6014529363672855,0.6103260991509905,0.6185550376753548,1.0,0.6323089603522051,0.6315210527472029,0.6233293475675654,0.6171091004745201,0.5934465214653525,0.6382759433684527,0.6380673311381696,0.6176170667883618
1,4,0.3084139614768567,0.907112462006079,4935,2.068010137631343,0.6374695863746959,822,2.071428245248886,0.6207,0.8069864576238892,0.08409920933191013,,,0.976369779475982,,0.9763817077455951,0.023618292254404927,0.9533585307431893,0.40192136466733747,5,0.1,0.5,0.6017865334989915,0.6010346780223659,0.6123222494967455,0.6323089603522051,1.0,0.6284458752264487,0.6137809369161537,0.6246509493536356,0.5843337365028716,0.6300040898668497,0.6315936861525879,0.6132667260061588
1,5,0.2976299594896399,0.9084208270837797,4667,2.081976099014282,0.596401028277635,778,2.0714294514336142,0.6205,0.8103232172034074,0.08502448633114837,,,0.9894554833993079,,0.9894633803523919,0.010536619647608103,0.9533612640230731,0.4019216904686742,5,0.1,0.5,0.602773451495482,0.6066164126378292,0.6104522959697001,0.6315210527472029,0.6284458752264487,1.0,0.6254295264605239,0.6279647758769908,0.5823160680534423,0.6248112975009041,0.6351870070027301,0.6240830849243152
1,6,0.32706149900781123,0.8989445317763306,4453,2.06497061252594,0.6212938005390836,742,2.0714289163248227,0.6207,0.8066546227843593,0.08415171768318028,,,0.9771123773561723,,0.977129662165554,0.02287033783444603,0.9533574311388953,0.40192140013109656,5,0.1,0.5,0.5997653688402642,0.6076462944617691,0.6165395860609949,0.6233293475675654,0.6137809369161537,0.6254295264605239,1.0,0.6195823812463348,0.5900158574405138,0.6293637996480393,0.6242148959771987,0.6214559976885587
1,7,0.33031327728626886,0.8985270049099836,4277,2.0659598060276196,0.6297335203366059,713,2.0714289304166558,0.6205,0.8103688559159151,0.0848714915486945,,,0.9872917589939101,,0.9873048541739873,0.012695145826012721,0.9533610299247304,0.40192166517301714,5,0.1,0.5,0.6058603193783201,0.6062781859472643,0.6170212060289106,0.6171091004745201,0.6246509493536356,0.6279647758769908,0.6195823812463348,1.0,0.5908127300712946,0.6299577900968613,0.6285053463635438,0.6348692313460278
1,8,0.3631363137223733,0.8917897796076532,4129,2.060395034876737,0.626453488372093,688,2.0718719441288957,0.6205,0.762848801855979,0.07162827912700528,,,0.8,,0.8,0.19999999999999996,0.9524149216476223,0.40166261192244923,5,0.1,0.5,0.5672220822983649,0.563304400030113,0.5770876022951347,0.5934465214653525,0.5843337365028716,0.5823160680534423,0.5900158574405138,0.5908127300712946,1.0,0.6015700507164803,0.5908400569102416,0.5951519792915364
1,9,0.34374872564868486,0.8944263934016495,4001,2.071470340092977,0.623688155922039,667,2.0714291993040628,0.6205,0.8191871242450647,0.08469142901923528,,,0.9847452297382079,,0.9847547813864765,0.015245218613523459,0.9533601354051536,0.40192162177541574,5,0.1,0.5,0.6146637155532018,0.6190436204149546,0.6272938670251778,0.6382759433684527,0.6300040898668497,0.6248112975009041,0.6293637996480393,0.6299577900968613,0.6015700507164803,1.0,0.6436820404312869,0.633071714253343
1,10,0.3326551996003531,0.8984829004885575,3889,2.0764019432522,0.5941358024691358,648,2.0714285826911563,0.6205,0.8161626398828443,0.08451084151538688,,,0.9821912760469801,,0.9822047085989659,0.017795291401034086,0.9533601482446191,0.40192156604863816,5,0.1,0.5,0.5981318287396561,0.6067310819150378,0.6292117362634525,0.6380673311381696,0.6315936861525879,0.6351870070027301,0.6242148959771987,0.6285053463635438,0.5908400569102416,0.6436820404312869,1.0,0.6351399983191569
1,11,0.33551822115643687,0.8936428383012398,3791,2.074725639820099,0.6123417721518988,632,2.07142875026971,0.6206,0.8091383351478268,0.08399173338458454,,,0.9748498039154315,,0.9748556799357462,0.025144320064253822,0.9533576011762768,0.4019212995267209,5,0.1,0.5,0.6011621981052205,0.6044608504897611,0.6169970670130263,0.6176170667883618,0.6132667260061588,0.6240830849243152,0.6214559976885587,0.6348692313460278,0.5951519792915364,0.633071714253343,0.6351399983191569,1.0
2,0,0.23698736961916494,0.9276600925249574,8214,1.8833973185960637,0.831263696128561,1369,1.8835657537935642,0.8294,0.7975781013338662,0.08384510563835135,,,0.9646321980320792,,0.9646453491290597,0.03535465087094025,0.9657893502774155,0.3988097801910447,5,0.1,0.5,1.0,0.6184551183971145,0.6222832119590758,0.618099936730497,0.6171624558798694,0.623562730306974,0.6113236783614268,0.6129923872100533,0.5953117293600498,0.498343237901245,0.6074383721312065,0.6044765740707089
2,1,0.2525354275009731,0.9231822330392455,6574,1.889236729485648,0.8202554744525548,1096,1.8835696998876506,0.8294,0.801873671277151,0.08363462782139963,,,0.9605791803727239,,0.9605993675016314,0.03940063249836856,0.9657894064113918,0.3988093113993755,5,0.1,0.5,0.6184551183971145,1.0,0.6252054538247318,0.617813223457927,0.6102292121178327,0.6168302894457915,0.6116655334126896,0.6200970525857226,0.604850177055614,0.5045262982976693,0.6238688773346365,0.6203969226440987
2,2,0.25372091322334595,0.9245028531903856,5783,1.878493966594819,0.8340248962655602,964,1.8835592433667412,0.8294,0.8159887582935409,0.08512912407125414,,,0.9893576035824725,,0.9893680036142763,0.010631996385723652,0.96579468576363,0.3988108792018148,5,0.1,0.5,0.6222832119590758,0.6252054538247318,1.0,0.6298081727826689,0.6288782422299649,0.6319196788601605,0.6319657061996167,0.6355816055606845,0.6142993659981429,0.515755049327281,0.6357109555180708,0.6306244289443407
2,3,0.25759075907878126,0.9197654624550785,5287,1.8861080067498344,0.8399545970488081,881,1.8835590373212918,0.8294,0.811155028947694,0.08445789107321243,,,0.9764321597803397,,0.9764469655137794,0.023553034486220592,0.9657936303441946,0.3988105912773579,5,0.1,0.5,0.618099936730497,0.617813223457927,0.6298081727826689,1.0,0.6197516226668414,0.6392162969076333,0.6268114140036484,0.632273288516269,0.6164304398831632,0.5146769975123298,0.6212924545788783,0.6236277571943466
2,4,0.2765048409469666,0.9180547112462006,4935,1.8787413101929884,0.8467153284671532,822,1.8835608056558968,0.8294,0.8057095888524298,0.08412840904088724,,,0.9700875648258958,,0.9701069223432559,0.029893077656744094,0.9657909899209319,0.39881026447882095,5,0.1,0.5,0.6171624558798694,0.6102292121178327,0.6288782422299649,0.6197516226668414,1.0,0.63170504536886,0.6141198136781446,0.621262314796623,0.6116527844813379,0.5012996069558924,0.6272255670295607,0.6253254892475487
2,5,0.26533632159284126,0.9197343046925219,4667,1.8959356594085692,0.8341902313624678,778,1.883559882069548,0.8294,0.817673424646063,0.08516248444687789,,,0.9899999999807437,,0.9900005019828322,0.009999498017167818,0.9657945256784483,0.39881088365844697,5,0.1,0.5,0.623562730306974,0.6168302894457915,0.6319196788601605,0.6392162969076333,0.63170504536886,1.0,0.6375759826414114,0.6387346565050808,0.6234677836486155,0.5070938422705734,0.63137090167317,0.6380426561256451
2,6,0.29691873340601366,0.9109364473388727,4453,1.8724875301122665,0.8477088948787062,742,1.883560663214126,0.8294,0.8076425047139465,0.08423098231873163,,,0.9720627435525767,,0.9720797148737513,0.027920285126248667,0.9657926531916072,0.39881038737730784,5,0.1,0.5,0.6113236783614268,0.6116655334126896,0.6319657061996167,0.6268114140036484,0.6141198136781446,0.6375759826414114,1.0,0.6292093543360306,0.6104172051638757,0.49715628326674266,0.6234086362150301,0.6327429848683138
2,7,0.2940702851889516,0.9120411503390227,4277,1.875749971555627,0.8555399719495091,713,1.8835592970680506,0.8294,0.8122126149076816,0.08486960552693647,,,0.9843602444389624,,0.9843682546056924,0.01563174539430756,0.9657936282369594,0.3988108165765517,5,0.1,0.5,0.6129923872100533,0.6200970525857226,0.6355816055606845,0.632273288516269,0.621262314796623,0.6387346565050808,0.6292093543360306,1.0,0.6118620927761094,0.4969732936268366,0.6259206071772755,0.6418620569595409
2,8,0.32246608209247757,0.9040930007265682,4129,1.8708195144479924,0.7979651162790697,688,1.8845563094836835,0.829,0.7902981827413106,0.07529556834191939,,,0.8,,0.8,0.19999999999999996,0.964792395426015,0.39852973006612724,5,0.1,0.5,0.5953117293600498,0.604850177055614,0.6142993659981429,0.6164304398831632,0.6116527844813379,0.6234677836486155,0.6104172051638757,0.6118620927761094,1.0,0.49397006042452185,0.614215316254022,0.6239903169222908
2,9,0.3090594731374747,0.9109722569357661,4001,1.8847514390945435,0.8125937031484258,667,1.8836311901720186,0.8294,0.6845982343060684,0.08028321892311586,,,0.8960435459520179,,0.896059434767331,0.10394056523266904,0.9657326166636201,0.39877723576712804,5,0.1,0.5,0.498343237901245,0.5045262982976693,0.515755049327281,0.5146769975123298,0.5012996069558924,0.5070938422705734,0.49715628326674266,0.4969732936268366,0.49397006042452185,1.0,0.509423245636659,0.5036626015007284
2,10,0.29045712746084346,0.9108254049884289,3889,1.8919536953880673,0.8055555555555556,648,1.8835593252517164,0.8294,0.8117802252656898,0.08461463173966523,,,0.9794504003639448,,0.9794588625069023,0.020541137493097716,0.965791830773173,0.39881069883518866,5,0.1,0.5,0.6074383721312065,0.6238688773346365,0.6357109555180708,0.6212924545788783,0.6272255670295607,0.63137090167317,0.6234086362150301,0.6259206071772755,0.614215316254022,0.509423245636659,1.0,0.6447969131445397
2,11,0.2969363664503859,0.9072540226853073,3791,1.8883082807064056,0.814873417721519,632,1.8835608650701114,0.8294,0.8140354953215825,0.08434835105764894,,,0.974322827671547,,0.9743285979619497,0.025671402038050295,0.9657924275698542,0.3988105010260063,5,0.1,0.5,0.6044765740707089,0.6203969226440987,0.6306244289443407,0.6236277571943466,0.6253254892475487,0.6380426561256451,0.6327429848683138,0.6418620569595409,0.6239903169222908,0.5036626015007284,0.6447969131445397,1.0
3,0,0.2207592256399821,0.935427319211103,8214,1.6554267434186714,0.8984660336011687,1369,1.657792925072935,0.9036,0.7945680370748538,0.08342940420067117,,,0.9557292854897863,,0.9557502133427037,0.044249786657296286,0.9679724133962566,0.4009190497099963,5,0.1,0.5,1.0,0.611559406057768,0.6041684831996751,0.6037470286784172,0.6134096398222029,0.6151573796869635,0.6003488039703085,0.60994895675018,0.5740211238822654,0.6042161363018258,0.6037956030575078,0.5993701366762033
3,1,0.23000644213040766,0.9308487982963188,6574,1.6663182871682303,0.8950729927007299,1096,1.6577979722342933,0.9036,0.7935975298995435,0.0832557548352215,,,0.951614951443883,,0.9516339541187692,0.048366045881230835,0.9679737777833265,0.40091822833372387,5,0.1,0.5,0.611559406057768,1.0,0.6086140829816382,0.6006442904157382,0.6051910380403017,0.6088488742161846,0.6010033413496954,0.6072652215968466,0.5689891767176544,0.6051447878302701,0.6084139192899012,0.6053218417588038
3,2,0.2330157807817199,0.9311430053605395,5783,1.6540504463257328,0.8993775933609959,964,1.6577760339164125,0.9036,0.8025921953285151,0.08456225532100803,,,0.9825703160992101,,0.9825862155514281,0.01741378444857189,0.9679787879835675,0.4009216162161072,5,0.1,0.5,0.6041684831996751,0.6086140829816382,1.0,0.6109808073324821,0.6141644066984296,0.6191510112125443,0.6059420719479235,0.6178512194592207,0.585013415671285,0.6174359784718646,0.6182156499571092,0.6101196513718754
3,3,0.23560672495514154,0.9272933610743332,5287,1.6629075706005096,0.9148694665153235,881,1.6577813766254024,0.9036,0.8042852796731291,0.08417578015099332,,,0.9734134271824542,,0.9734250288640128,0.02657497113598717,0.9679773959469947,0.4009211472903918,5,0.1,0.5,0.6037470286784172,0.6006442904157382,0.6109808073324821,1.0,0.6228780257821743,0.6229615242509771,0.6152032350456151,0.6185610599390602,0.5871649461200652,0.6190271951136727,0.6174593371419047,0.612454617521791
3,4,0.25178167731771545,0.9261195542046606,4935,1.651481793476985,0.9209245742092458,822,1.6577863114329572,0.9036,0.8069786346392614,0.0840511473892539,,,0.9704604603603089,,0.9704783896390743,0.02952161036092571,0.9679772627317534,0.40092092251927186,5,0.1,0.5,0.6134096398222029,0.6051910380403017,0.6141644066984296,0.6228780257821743,1.0,0.619046244915506,0.6118842161823497,0.6179484657172901,0.588131507937166,0.6215349501324118,0.6241965660708695,0.6200809842482873
3,5,0.24463019947942397,0.9272337690164988,4667,1.6720680332183837,0.916452442159383,778,1.6577800310457858,0.9036,0.8109324495455722,0.08487583216633834,,,0.9899999999763066,,0.9900005019828322,0.009999498017167818,0.967979023722097,0.40092175601219626,5,0.1,0.5,0.6151573796869635,0.6088488742161846,0.6191510112125443,0.6229615242509771,0.619046244915506,1.0,0.6245268440033188,0.6300864708450712,0.5881699429750096,0.6169482930839634,0.621776913453471,0.6244369109930948
3,6,0.2702026732748241,0.918886144172468,4453,1.6418090065320332,0.9272237196765498,742,1.6577854324072694,0.9036,0.8039913271729653,0.08401486264655707,,,0.9696007534915978,,0.9696149791677124,0.030385020832287557,0.967977252176456,0.4009208609623088,5,0.1,0.5,0.6003488039703085,0.6010033413496954,0.6059420719479235,0.6152032350456151,0.6118842161823497,0.6245268440033188,1.0,0.6168335117555781,0.5853835897950986,0.6220940812135309,0.6246298530971433,0.6214035508645256
3,7,0.2714533869830419,0.920317979892448,4277,1.6466920272163723,0.9116409537166901,713,1.65777664062695,0.9036,0.8082058768391726,0.08458611502663779,,,0.9831356322979969,,0.9831484363234777,0.016851563676522296,0.9679783346095227,0.40092163173120315,5,0.1,0.5,0.60994895675018,0.6072652215968466,0.6178512194592207,0.6185610599390602,0.6179484657172901,0.6300864708450712,0.6168335117555781,1.0,0.5820484977543148,0.6147175589737183,0.6185790965938112,0.6318403537699223
3,8,0.31303724739342353,0.9102930491644466,4129,1.6436642408370972,0.8938953488372093,688,1.6593513827735242,0.9031,0.7689083231274069,0.076856702201873,,,0.8,,0.8,0.19999999999999996,0.9671107474780123,0.40062012626700283,5,0.1,0.5,0.5740211238822654,0.5689891767176544,0.585013415671285,0.5871649461200652,0.588131507937166,0.5881699429750096,0.5853835897950986,0.5820484977543148,1.0,0.5945141367791932,0.5906666883279517,0.5946457072150665
3,9,0.2689317069804178,0.9227693076730817,4001,1.660355187597729,0.8710644677661169,667,1.6579096896198993,0.9036,0.8055550776021587,0.08144855992634699,,,0.9087964618864274,,0.9088097987048843,0.09119020129511568,0.967880323918234,0.40089853354972255,5,0.1,0.5,0.6042161363018258,0.6051447878302701,0.6174359784718646,0.6190271951136727,0.6215349501324118,0.6169482930839634,0.6220940812135309,0.6147175589737183,0.5945141367791932,1.0,0.6229354322155242,0.6242806942161852
3,10,0.2661981161760136,0.9216250964258164,3889,1.6684128159568423,0.8966049382716049,648,1.6577768805689705,0.9036,0.8098814210776555,0.08447538396560661,,,0.9805120432445049,,0.9805331057677827,0.019466894232217258,0.9679764357624573,0.40092154849945344,5,0.1,0.5,0.6037956030575078,0.6084139192899012,0.6182156499571092,0.6174593371419047,0.6241965660708695,0.621776913453471,0.6246298530971433,0.6185790965938112,0.5906666883279517,0.6229354322155242,1.0,0.6334920469872857
3,11,0.2620606387049711,0.9227116855710894,3791,1.66418514251709,0.8971518987341772,632,1.657783357860943,0.9036,0.80901152021433,0.08426820216949236,,,0.9756032138040006,,0.9756237136689925,0.024376286331007524,0.9679782763047008,0.4009213015428112,5,0.1,0.5,0.5993701366762033,0.6053218417588038,0.6101196513718754,0.612454617521791,0.6200809842482873,0.6244369109930948,0.6214035508645256,0.6318403537699223,0.5946457072150665,0.6242806942161852,0.6334920469872857,1.0
4,0,0.20575316872788368,0.9384709033357682,8214,1.4147267008936681,0.9240321402483564,1369,1.418743042138438,0.9272,0.7849608720453434,0.0836389885786857,,,0.9514723548326904,,0.951483359269113,0.04851664073088702,0.9669351667390451,0.3892809011416782,5,0.1,0.5,1.0,0.5927133627925796,0.5943162646152861,0.5941624330105971,0.5880654241799926,0.5962430132475567,0.5877135228630858,0.5894840920534633,0.5742095823664971,0.44809749595980775,0.5789628287549613,0.584913724178737
4,1,0.21646415967159696,0.9334347429266808,6574,1.4306044340133668,0.916058394160584,1096,1.4187496672042261,0.9272,0.7867872680586484,0.08358701003052185,,,0.9503212298229634,,0.9503388384117263,0.04966116158827372,0.9669347880594236,0.38928066231640585,5,0.1,0.5,0.5927133627925796,1.0,0.590778639722542,0.5929474104790348,0.5800667956977773,0.5968301971370409,0.5906398939882443,0.595695217321327,0.5742263892362258,0.44621863047830784,0.5924776111911273,0.5938782188164033
4,2,0.21450398268527995,0.9356043575998617,5783,1.416298512489565,0.9284232365145229,964,1.4187054538879151,0.9272,0.7908979434913673,0.08460806651631676,,,0.972933705520392,,0.9729481451734351,0.027051854826564914,0.9669595133896237,0.3892839659554818,5,0.1,0.5,0.5943162646152861,0.590778639722542,1.0,0.5954638764291995,0.587924039530369,0.6016193398396136,0.598302751661337,0.5998473717731607,0.5756694765607198,0.44486684424663453,0.593968924423172,0.5954393270210515
4,3,0.2119374861783651,0.9356156610554189,5287,1.425248384475708,0.9353007945516458,881,1.4187104222111808,0.9272,0.7966293233015309,0.08455119316421213,,,0.9716741794215042,,0.9716881682646453,0.028311831735354676,0.9669546381740813,0.38928387270032366,5,0.1,0.5,0.5941624330105971,0.5929474104790348,0.5954638764291995,1.0,0.5978122619472409,0.6170492908962224,0.6021005257233417,0.604714117996975,0.5939729732400435,0.4400982667610679,0.599257064733848,0.5967962691930875
4,4,0.2318086336985711,0.9315906788247214,4935,1.4116380856587336,0.9428223844282239,822,1.4187207709486112,0.9272,0.7847306524573044,0.08404773678856908,,,0.9605245562446034,,0.9605441493900908,0.03945585060990919,0.9669466587680688,0.38928259038840807,5,0.1,0.5,0.5880654241799926,0.5800667956977773,0.587924039530369,0.5978122619472409,1.0,0.6027121492303953,0.5836421821367814,0.5942073200639328,0.5740139418613477,0.43202852212323656,0.5873574213242936,0.5951074677137727
4,5,0.21777522302270957,0.935504606813799,4667,1.4336821556091308,0.9344473007712082,778,1.4187043794808678,0.9272,0.806777455892062,0.08537868760519907,,,0.9899999999778538,,0.9900005019828322,0.009999498017167818,0.9669611665557036,0.389284664051444,5,0.1,0.5,0.5962430132475567,0.5968301971370409,0.6016193398396136,0.6170492908962224,0.6027121492303953,1.0,0.6133113849358808,0.6135433691667941,0.6037759634621723,0.4518151887659002,0.6131858226595446,0.6161467997825443
4,6,0.24440290961015437,0.9262519649674377,4453,1.3981046726306279,0.9433962264150944,742,1.41871263005863,0.9272,0.7952526421921403,0.08439471802594684,,,0.968208856679324,,0.9682244867225541,0.03177551327744588,0.9669534736678702,0.38928355043433055,5,0.1,0.5,0.5877135228630858,0.5906398939882443,0.598302751661337,0.6021005257233417,0.5836421821367814,0.6133113849358808,1.0,0.6025994405445416,0.5827313937481338,0.4496799216655745,0.6016122951356049,0.6093043033916595
4,7,0.24706752409797106,0.9266308159925182,4277,1.4036203726478245,0.9424964936886395,713,1.4187008946086652,0.9272,0.7962383228415332,0.08481252048927396,,,0.9774615749958384,,0.9774710104914411,0.02252898950855886,0.96696182378509,0.3892842633452874,5,0.1,0.5,0.5894840920534633,0.595695217321327,0.5998473717731607,0.604714117996975,0.5942073200639328,0.6135433691667941,0.6025994405445416,1.0,0.5838818971574333,0.4415547623882855,0.5910659163663377,0.6114136573340273
4,8,0.2661950944764808,0.9218212642286268,4129,1.403115901080045,0.9258720930232558,688,1.4206188818136343,0.9269,0.7760067445899449,0.07891607789008279,,,0.8468780403624033,,0.8468952361829225,0.1531047638170775,0.9661933559844496,0.3891600889696853,5,0.1,0.5,0.5742095823664971,0.5742263892362258,0.5756694765607198,0.5939729732400435,0.5740139418613477,0.6037759634621723,0.5827313937481338,0.5838818971574333,1.0,0.44351655950857244,0.5804909372969949,0.5924757038641345
4,9,0.3269451161166505,0.9170207448137966,4001,1.4238502979278564,0.9070464767616192,667,1.4192319841811452,0.9271,0.6287778398989932,0.07679932040656538,,,0.8,,0.8,0.19999999999999996,0.9662310598071742,0.3889876036556217,5,0.1,0.5,0.44809749595980775,0.44621863047830784,0.44486684424663453,0.4400982667610679,0.43202852212323656,0.4518151887659002,0.4496799216655745,0.4415547623882855,0.44351655950857244,1.0,0.4467293677238806,0.44245119555707424
4,10,0.2403370987517057,0.930367703779892,3889,1.431948917252677,0.9197530864197531,648,1.4187070527396644,0.9272,0.7924624872279207,0.08460503124409838,,,0.9728664859098923,,0.9728778675769288,0.027122132423071155,0.9669578567439293,0.38928396279081595,5,0.1,0.5,0.5789628287549613,0.5924776111911273,0.593968924423172,0.599257064733848,0.5873574213242936,0.6131858226595446,0.6016122951356049,0.5910659163663377,0.5804909372969949,0.4467293677238806,1.0,0.608278694697666
4,11,0.23926696684054968,0.9285149037193353,3791,1.4264797031879426,0.9034810126582279,632,1.4187139428842563,0.9272,0.7979750167038283,0.08466064926052817,,,0.9740982111497343,,0.9741077255157874,0.025892274484212607,0.9669568855485788,0.38928406079293837,5,0.1,0.5,0.584913724178737,0.5938782188164033,0.5954393270210515,0.5967962691930875,0.5951074677137727,0.6161467997825443,0.6093043033916595,0.6114136573340273,0.5924757038641345,0.44245119555707424,0.608278694697666,1.0
5,0,0.1934782725218901,0.94163623082542,8214,1.1678339852843174,0.9371804236669101,1369,1.17294795216082,0.9386,0.7807530327873229,0.08378263198199164,,,0.955132504847803,,0.955152853772401,0.044847146227599,0.9651585543899875,0.38718275163219645,5,0.1,0.5,1.0,0.5819626325475928,0.5760985582390744,0.5752692615662223,0.5854900096032739,0.5865834197782129,0.5629725816413675,0.578156220468508,0.48219090420143057,0.5808599766607989,0.5725326851869623,0.566821806526287
5,1,0.2019899342625031,0.9373592941892303,6574,1.1855019399097988,0.9333941605839416,1096,1.172957761980855,0.9386,0.7791156368787077,0.08368983101799092,,,0.9530931590526535,,0.9531097836453993,0.04689021635460067,0.9651565396342969,0.38718233253500633,5,0.1,0.5,0.5819626325475928,1.0,0.5743256444713151,0.5744429812086546,0.5736518218164843,0.5803744532139501,0.5688246905475174,0.5760024995492973,0.4754746360453689,0.5812931350112982,0.5786457233133252,0.5687951567250461
5,2,0.19957984458881517,0.9425557669029915,5783,1.172408115479254,0.9346473029045643,964,1.1729025145689138,0.9386,0.7788039068607374,0.08436465941065464,,,0.9679228373846116,,0.9679333366798856,0.03206666332011443,0.9651701935989035,0.3871844577148309,5,0.1,0.5,0.5760985582390744,0.5743256444713151,1.0,0.5704681430891171,0.5753518833506654,0.5784801530230177,0.5739161950485904,0.5790925528918914,0.4714047247033779,0.57632974680944,0.5799599263363326,0.569607417111202
5,3,0.192913857695972,0.9423491583128428,5287,1.1810344287327357,0.9387060158910329,881,1.172905919650873,0.9386,0.7829559146534398,0.08447324282300768,,,0.9703090100692342,,0.9703277947894182,0.02967220521058178,0.9651721097406654,0.3871846672888497,5,0.1,0.5,0.5752692615662223,0.5744429812086546,0.5704681430891171,1.0,0.5836529919217416,0.5927759736013419,0.5775540692657897,0.5815686351208185,0.4761439385890545,0.5831135569091579,0.5727574972514337,0.5764379404814117
5,4,0.2123429058888747,0.9374265450861196,4935,1.164565228498899,0.9501216545012166,822,1.1729198052479437,0.9386,0.7845481308174693,0.08419135802327748,,,0.9641144560876409,,0.9641283068119071,0.03587169318809291,0.9651664481135492,0.3871840805760921,5,0.1,0.5,0.5854900096032739,0.5736518218164843,0.5753518833506654,0.5836529919217416,1.0,0.591012396559953,0.5676045833225704,0.5818696503612647,0.4745572804478924,0.5857758566781945,0.578168788057547,0.5843318868398443
5,5,0.20859436165056613,0.9379901435611742,4667,1.188301954269409,0.9473007712082262,778,1.1728936142433946,0.9386,0.7925792064825702,0.08536928647093163,,,0.9899999999780245,,0.9900005019828322,0.009999498017167818,0.9651718933104297,0.38718535927979547,5,0.1,0.5,0.5865834197782129,0.5803744532139501,0.5784801530230177,0.5927759736013419,0.591012396559953,1.0,0.5894410208991576,0.5918279879489737,0.48455423456991936,0.5862157920298166,0.5841556520076373,0.5839607385764648
5,6,0.22338798871796045,0.9347406242982259,4453,1.148984228571256,0.9514824797843666,742,1.1729106526024424,0.9386,0.7803397791599089,0.08427564966769428,,,0.9659668054943379,,0.9659806234626775,0.034019376537322454,0.9651703619650999,0.3871842662826886,5,0.1,0.5,0.5629725816413675,0.5688246905475174,0.5739161950485904,0.5775540692657897,0.5676045833225704,0.5894410208991576,1.0,0.5794961310126122,0.4801293598120434,0.5813290156970494,0.579780879249822,0.5797957470744303
5,7,0.2275216429765378,0.9336450783259294,4277,1.1540098501288372,0.9579242636746143,713,1.1728938280964811,0.9386,0.7867586582911867,0.08478321578330593,,,0.9771208148818371,,0.9771346819938758,0.022865318006124236,0.9651717154941373,0.3871850798898993,5,0.1,0.5,0.578156220468508,0.5760024995492973,0.5790925528918914,0.5815686351208185,0.5818696503612647,0.5918279879489737,0.5794961310126122,1.0,0.48018971706848534,0.578757945157058,0.5767877338841687,0.5938610238018521
5,8,0.2853979214372129,0.9214821990796803,4129,1.1579417098652234,0.940406976744186,688,1.1754318814688978,0.9389,0.6708061560145033,0.07672328675865417,,,0.8,,0.8,0.19999999999999996,0.9643346556930671,0.38687156011111595,5,0.1,0.5,0.48219090420143057,0.4754746360453689,0.4714047247033779,0.4761439385890545,0.4745572804478924,0.48455423456991936,0.4801293598120434,0.48018971706848534,1.0,0.4802322538764066,0.47596401929123533,0.4803524785501311
5,9,0.22812569380353487,0.9328167958010497,4001,1.1814602954047067,0.9190404797601199,667,1.173595961861717,0.9387,0.7821622355162792,0.07923821069181382,,,0.8552666624041789,,0.8552833693087697,0.1447166306912303,0.9643498014495128,0.3870754726098461,5,0.1,0.5,0.5808599766607989,0.5812931350112982,0.57632974680944,0.5831135569091579,0.5857758566781945,0.5862157920298166,0.5813290156970494,0.578757945157058,0.4802322538764066,1.0,0.5792999280916635,0.5824176057230932
5,10,0.22444270092566482,0.9334533299048599,3889,1.187636171068464,0.9320987654320988,648,1.1729010495895775,0.9386,0.7832499988462365,0.08451980287207098,,,0.971332189529724,,0.971346819938758,0.028653180061241956,0.9651715328399622,0.3871847433340127,5,0.1,0.5,0.5725326851869623,0.5786457233133252,0.5799599263363326,0.5727574972514337,0.578168788057547,0.5841556520076373,0.579780879249822,0.5767877338841687,0.47596401929123533,0.5792999280916635,1.0,0.5882591979399995
5,11,0.21729764252071496,0.9349512002110261,3791,1.1816665142774583,0.9193037974683544,632,1.172908695551534,0.9386,0.784145617327864,0.0845888244986068,,,0.9728489729528911,,0.9728577882636413,0.027142211736358668,0.9651728828666254,0.3871848476258436,5,0.1,0.5,0.566821806526287,0.5687951567250461,0.569607417111202,0.5764379404814117,0.5843318868398443,0.5839607385764648,0.5797957470744303,0.5938610238018521,0.4803524785501311,0.5824176057230932,0.5882591979399995,1.0
6,0,0.18348066495615512,0.9446067689310933,8214,0.9296889526899471,0.9474068663257852,1369,0.9353271402870885,0.9472,0.7668735109907837,0.08370593093850329,,,0.9560543065495876,,0.9560765021836253,0.043923497816374724,0.9664959950338828,0.38261243537892287,5,0.1,0.5,1.0,0.5601542996749674,0.5542851421614271,0.5641702588813401,0.5563123036207672,0.5565246566742078,0.5428807011873122,0.5505609528438764,0.5159278015396995,0.5522754154088637,0.5443919345207334,0.5393214615471883
6,1,0.191023052768393,0.9411925768177669,6574,0.9471431119101388,0.9452554744525548,1096,0.9353356648938724,0.9472,0.7670801079182327,0.08365069032356638,,,0.9546758141656396,,0.9546910295667889,0.04530897043321114,0.9664961393022451,0.38261212261252,5,0.1,0.5,0.5601542996749674,1.0,0.5498054417512865,0.5557394691356617,0.5499164837845057,0.5539935861636489,0.5548515598820334,0.5518307132237597,0.5141067647920148,0.5531323106681523,0.5544425454083748,0.5410876786702007
6,2,0.1885526455856489,0.9446999827079371,5783,0.9367532287874529,0.941908713692946,964,0.9352887067170189,0.9472,0.7653858061580181,0.08404557536482152,,,0.9645299047206949,,0.9645449525626224,0.035455047437377596,0.9665003507553687,0.38261390326614214,5,0.1,0.5,0.5542851421614271,0.5498054417512865,1.0,0.5554563270463069,0.5534623071717172,0.5522349329846999,0.5486646364082157,0.5559650743479946,0.5107496438408311,0.5435707278718058,0.5535842770522594,0.5413898141072151
6,3,0.182611847859639,0.9442784187630036,5287,0.9452679540429797,0.9477866061293984,881,0.9352922483374135,0.9472,0.7762712954887853,0.08450508800207014,,,0.9759967334570983,,0.9760102404497766,0.023989759550223422,0.966507879340424,0.38261499756538714,5,0.1,0.5,0.5641702588813401,0.5557394691356617,0.5554563270463069,1.0,0.5576203502642296,0.570678246641918,0.5620445003693995,0.5598724295351476,0.5251842532043857,0.5605806104034872,0.5555389899155597,0.5526545543756822
6,4,0.19926883445632074,0.9398986828774063,4935,0.9260177337206327,0.9549878345498783,822,0.935303972742428,0.9472,0.7675377294017172,0.08400509110439794,,,0.9635196472366424,,0.9635309472416044,0.036469052758395626,0.9664979484990003,0.38261376233418587,5,0.1,0.5,0.5563123036207672,0.5499164837845057,0.5534623071717172,0.5576203502642296,1.0,0.5574829634081006,0.5405416672550534,0.555326656389164,0.5144009758677167,0.5533308586285379,0.5556119151993805,0.5464489884302198
6,5,0.18746222833184245,0.9429612170559246,4667,0.9496436071395874,0.9524421593830334,778,0.9352818142872649,0.9472,0.7750592370179059,0.08506624384346938,,,0.9899999999750456,,0.9900005019828322,0.009999498017167818,0.966508957647652,0.38261548982185184,5,0.1,0.5,0.5565246566742078,0.5539935861636489,0.5522349329846999,0.570678246641918,0.5574829634081006,1.0,0.5576268419750455,0.5583007848388701,0.5276467016052752,0.5538053613399739,0.5615182401538128,0.5539069726005068
6,6,0.2116001415917916,0.9354143274197171,4453,0.9091378077864647,0.9555256064690026,742,0.9352961015015745,0.9472,0.7659889364773447,0.08400696301084228,,,0.9635663594026805,,0.9635811455248231,0.0364188544751769,0.9665007507375322,0.38261376578646955,5,0.1,0.5,0.5428807011873122,0.5548515598820334,0.5486646364082157,0.5620445003693995,0.5405416672550534,0.5576268419750455,1.0,0.5483321472284973,0.5120683210972866,0.5526112743878915,0.5535630721084238,0.5524702206227311
6,7,0.21231158277742676,0.9361702127659575,4277,0.9131060709124026,0.9635343618513323,713,0.9352811262630426,0.9472,0.7701203457001007,0.08449580931233482,,,0.9757651899967699,,0.9757793283469706,0.024220671653029435,0.9665090644969769,0.3826149910173335,5,0.1,0.5,0.5505609528438764,0.5518307132237597,0.5559650743479946,0.5598724295351476,0.555326656389164,0.5583007848388701,0.5483321472284973,1.0,0.5154797738297544,0.5478472197103132,0.5549478253723911,0.5619935869608158
6,8,0.2384734886327351,0.9319447808186001,4129,0.9215997051108967,0.9534883720930233,688,0.9378619536805076,0.9472,0.7247814014268907,0.07745233392358021,,,0.8,,0.8,0.19999999999999996,0.9653895814025633,0.38230572035411586,5,0.1,0.5,0.5159278015396995,0.5141067647920148,0.5107496438408311,0.5251842532043857,0.5144009758677167,0.5276467016052752,0.5120683210972866,0.5154797738297544,1.0,0.5174971165716395,0.5216049706622444,0.5189109418358954
6,9,0.22760610148931543,0.934466383404149,4001,0.9475977704638526,0.9250374812593704,667,0.9359522242896473,0.9472,0.7644581806873272,0.08055608327953351,,,0.877451977204671,,0.8774659906631194,0.12253400933688063,0.9661473932189817,0.3825462785032438,5,0.1,0.5,0.5522754154088637,0.5531323106681523,0.5435707278718058,0.5605806104034872,0.5533308586285379,0.5538053613399739,0.5526112743878915,0.5478472197103132,0.5174971165716395,1.0,0.5538585522925964,0.5505977160683334
6,10,0.1987250425852835,0.9415788120339419,3889,0.9500027157011486,0.9475308641975309,648,0.9352879110997477,0.9472,0.7704080365611631,0.08432840925306714,,,0.971587834132131,,0.9716028311831736,0.028397168816826412,0.9665084779599421,0.38261468075914307,5,0.1,0.5,0.5443919345207334,0.5544425454083748,0.5535842770522594,0.5555389899155597,0.5556119151993805,0.5615182401538128,0.5535630721084238,0.5549478253723911,0.5216049706622444,0.5538585522925964,1.0,0.5562809038342741
