round,client_id,client_i_training_loss,client_i_training_accuracy,client_i_training_dataset_size,client_i_evaluation_loss,client_i_evaluation_accuracy,client_i_evaluation_dataset_size,client_i_central_evaluation_loss,client_i_central_evaluation_accuracy,client_i_cosine_similarity,client_i_importance_coefficient,client_i_tanh_val,tanh_normalization_value,client_i_q,client_i_mask_order,client_i_v_nonzero_fraction,client_i_v_sparsity,client_i_v_cosine_similarity,client_i_reward_gradient_norm,local_epochs,learning_rate,gamma,client_0_cosine_similarity,client_1_cosine_similarity,client_2_cosine_similarity,client_3_cosine_similarity,client_4_cosine_similarity,client_5_cosine_similarity,client_6_cosine_similarity,client_7_cosine_similarity,client_8_cosine_similarity,client_9_cosine_similarity,client_10_cosine_similarity,client_11_cosine_similarity
0,0,2.030168428680776,0.4194789383978573,8214,2.263475917106451,0.11760409057706354,1369,2.2610270542839466,0.1217,0.9665927498523663,0.08149375768691387,,,0.7,,0.7000125651211567,0.2999874348788433,0,0.09870445550195403,5,0.001,0.1,1.0,0.9881933474459186,0.9748927149861701,0.9599293509855952,0.955239400671832,0.9477015252433715,0.9421293319949187,0.9321732198344913,0.9242079816008786,0.9217957049938974,0.9172153568367845,0.9119145929148453
0,1,2.1262847514985834,0.33799817462731974,6574,2.2596210275377544,0.10948905109489052,1096,2.260987629905676,0.1214,0.9896480963005285,0.08343756164894581,,,0.9336136274854362,,0.9336319965977518,0.06636800340224824,0,0.098750031524156,5,0.001,0.1,0.9881933474459186,1.0,0.9932898867593053,0.9825143775834171,0.9821091564191023,0.9753253165289781,0.9751437281534382,0.9671313824308226,0.9593894346885334,0.9597017786047184,0.9554591060618097,0.9530361288213458
0,2,2.1653792001924463,0.3554210617326647,5783,2.2572813803149807,0.11618257261410789,964,2.2609874417606632,0.1214,0.9954506780231601,0.0839267792526728,,,0.9924096281463914,,0.9924270981335962,0.007572901866403803,0,0.09875039096078138,5,0.001,0.1,0.9748927149861701,0.9932898867593053,1.0,0.9857638327166401,0.9903460260254545,0.9864190493255756,0.9857474388979944,0.9801863710729947,0.9729064817624685,0.9769134256692887,0.9707715412110115,0.9692534609217124
0,3,2.186785052626966,0.3244562133535086,5287,2.2618742159434726,0.1271282633371169,881,2.2609874234793668,0.1213,0.9932449432723973,0.08374081301888124,,,0.9700595108946299,,0.9700805134301814,0.029919486569818576,0,0.09875035990270883,5,0.001,0.1,0.9599293509855952,0.9825143775834171,0.9857638327166401,1.0,0.9862102577937578,0.9847535718615146,0.9842402715660161,0.98049101022031,0.9841647673487133,0.9758443775629284,0.982601622944485,0.9733405046061342
0,4,2.196746629899548,0.2796352583586626,4935,2.258671815578754,0.11800486618004866,822,2.260987447854429,0.1214,0.9961997723798041,0.08398993564816025,,,0.9999999998798164,,1.0,0.0,0,0.09875039179493754,5,0.001,0.1,0.955239400671832,0.9821091564191023,0.9903460260254545,0.9862102577937578,1.0,0.9937320736114633,0.9924111881369823,0.9864618841710299,0.9856342172475099,0.9866057995972269,0.9823679075712802,0.9845714712907873
0,5,2.20556346259705,0.27225198200128564,4667,2.259900379180908,0.12596401028277635,778,2.2609874135769976,0.1214,0.994628194585426,0.08385743539923872,,,0.9840756245837989,,0.9840857907810673,0.015914209218932718,0,0.09875038670542462,5,0.001,0.1,0.9477015252433715,0.9753253165289781,0.9864190493255756,0.9847535718615146,0.9937320736114633,1.0,0.9924848642656595,0.98865105195226,0.9864348624098304,0.9908448095907731,0.9863974503030921,0.9845344196190854
0,6,2.2112799109731403,0.29611497866606784,4453,2.264017422993978,0.12668463611859837,742,2.2609874417606632,0.1213,0.9939651451238188,0.08380153347760017,,,0.9773571226399416,,0.9773779491789176,0.022622050821082373,0,0.09875037736294835,5,0.001,0.1,0.9421293319949187,0.9751437281534382,0.9857474388979944,0.9842402715660161,0.9924111881369823,0.9924848642656595,1.0,0.9919622219942867,0.985754497526982,0.9899810228910318,0.9876499901869431,0.9870758892109919
0,7,2.2189625846805856,0.33453355155482817,4277,2.2609517677970556,0.13604488078541374,713,2.260987629905676,0.1214,0.9896604158052245,0.08343860031050278,,,0.9337384577146122,,0.9337576478093195,0.06624235219068053,0,0.09875003161842241,5,0.001,0.1,0.9321732198344913,0.9671313824308226,0.9801863710729947,0.98049101022031,0.9864618841710299,0.98865105195226,0.9919622219942867,1.0,0.981642185981827,0.9924782308438087,0.9843094606182707,0.9870824922585691
0,8,2.222890145228459,0.2631145555824655,4129,2.263956915248524,0.11337209302325581,688,2.260987966586226,0.1214,0.9866139769155271,0.08318175402987124,,,0.9028697114333502,,0.9028909444138371,0.0971090555861629,0,0.09874927147008891,5,0.001,0.1,0.9242079816008786,0.9593894346885334,0.9729064817624685,0.9841647673487133,0.9856342172475099,0.9864348624098304,0.985754497526982,0.981642185981827,1.0,0.9816209100231647,0.9930530332341767,0.9904378281173398
0,9,2.2217194623417322,0.272381904523869,4001,2.2588397094181607,0.12743628185907047,667,2.2609879604924603,0.1214,0.9866450936048249,0.08318437748834229,,,0.9031850084807632,,0.9032050724427562,0.09679492755724384,0,0.0987492768466037,5,0.001,0.1,0.9217957049938974,0.9597017786047184,0.9769134256692887,0.9758443775629284,0.9866057995972269,0.9908448095907731,0.9899810228910318,0.9924782308438087,0.9816209100231647,1.0,0.9855743094996091,0.9855096636261922
0,10,2.228225768980433,0.27729493443044484,3889,2.261862834294637,0.11265432098765432,648,2.260989733016529,0.1214,0.9851402478775553,0.08305750344229443,,,0.887936811280871,,0.8879529484540069,0.11204705154599315,0,0.0987478916899693,5,0.001,0.1,0.9172153568367845,0.9554591060618097,0.9707715412110115,0.982601622944485,0.9823679075712802,0.9863974503030921,0.9876499901869431,0.9843094606182707,0.9930530332341767,0.9855743094996091,1.0,0.9901377258492463
0,11,2.2330646875525724,0.2311263518860459,3791,2.259268856048584,0.13765822784810128,632,2.2609900034273775,0.1213,0.9831528895366143,0.08288994859657636,,,0.8677994434827099,,0.8678100926919322,0.1321899073080678,0,0.09874668118664623,5,0.001,0.1,0.9119145929148453,0.9530361288213458,0.9692534609217124,0.9733405046061342,0.9845714712907873,0.9845344196190854,0.9870758892109919,0.9870824922585691,0.9904378281173398,0.9855096636261922,0.9901377258492463,1.0
1,0,1.7904591840528792,0.514536157779401,8214,2.2063931808915247,0.30533235938641345,1369,2.2039542563807086,0.3062,0.9797307838295822,0.08173667402343963,,,0.7,,0.7000125651211567,0.2999874348788433,0.9736711758595554,0.0993577247657239,5,0.001,0.1,1.0,0.994507686106413,0.9886998681581478,0.9843758982659003,0.9776147532317174,0.9738136326555873,0.9701912832301065,0.9671237073097082,0.9629993486684849,0.9587503841221787,0.957967223164537,0.9527118834024957
1,1,1.9216172976401247,0.46595679951323393,6574,2.2032906668526784,0.2937956204379562,1096,2.2038346388088628,0.3053,0.9913195631293834,0.08330541359635511,,,0.9208792206592216,,0.9208977295792617,0.07910227042073825,0.9740298418700174,0.09941859984111068,5,0.001,0.1,0.994507686106413,1.0,0.9962100563365237,0.9942484902124777,0.9891359153582834,0.9858025738816346,0.9850086932036748,0.9819938235978349,0.9785782711229265,0.9748632456018236,0.9756110953777707,0.9707680398800523
1,2,1.9876384226656751,0.47961265779007434,5783,2.200245257346861,0.29564315352697096,964,2.2038347309770674,0.3054,0.9956709657152196,0.08374662129268473,,,0.9830014580252495,,0.9830177554827423,0.016982244517257716,0.9740335468231544,0.09941993845027523,5,0.001,0.1,0.9886998681581478,0.9962100563365237,1.0,0.9962158320583625,0.994219788532142,0.9917117747763687,0.9914249654135604,0.9883482255168081,0.9856781253109616,0.9833723520701707,0.9837997108462203,0.9787776066416146
1,3,2.031257247637553,0.46949120484206547,5287,2.2036401544298445,0.3087400681044268,881,2.203834810957741,0.3054,0.9978540370310116,0.08370296501051716,,,0.9768546343277181,,0.9768753443326471,0.02312465566735289,0.9740318543841707,0.09941992910303141,5,0.001,0.1,0.9843758982659003,0.9942484902124777,0.9962158320583625,1.0,0.9956669093148307,0.9946700571180113,0.9946014398741072,0.9922997009375278,0.9908134757104133,0.9880915299387302,0.989002284314235,0.9844453411554852
1,4,2.0572547827997516,0.4413373860182371,4935,2.2004455511386576,0.31630170316301703,822,2.2038347439263193,0.3054,0.9982051036097871,0.08386734919627471,,,0.9999999998591995,,1.0,0.0,0.9740334515010288,0.09941994371903796,5,0.001,0.1,0.9776147532317174,0.9891359153582834,0.994219788532142,0.9956669093148307,1.0,0.9967342691329216,0.9953257438982438,0.9927162154642748,0.9934836778400162,0.9911618424195099,0.9927791481302043,0.989672543001145
1,5,2.0739802038832886,0.42172701949860725,4667,2.203755989074707,0.31748071979434445,778,2.203834725645023,0.3054,0.9978995396949805,0.0837760762522327,,,0.9871487292625094,,0.9871642454644746,0.012835754535525434,0.9740331614089839,0.09941994122972624,5,0.001,0.1,0.9738136326555873,0.9858025738816346,0.9917117747763687,0.9946700571180113,0.9967342691329216,1.0,0.9960558701870229,0.9943248010232361,0.9942333168270513,0.993795957419985,0.9939386408475861,0.9897367193965722
1,6,2.0842956697940824,0.4556478778351673,4453,2.207542816797892,0.28706199460916443,742,2.2038347743951476,0.3054,0.9975252546480372,0.08372963514823935,,,0.9806098014291655,,0.9806303824629571,0.019369617537042916,0.9740326196152452,0.09941993657907909,5,0.001,0.1,0.9701912832301065,0.9850086932036748,0.9914249654135604,0.9946014398741072,0.9953257438982438,0.9960558701870229,1.0,0.9957762137182196,0.9933043695807516,0.9930672336102888,0.9953432563164089,0.9901925766775773
1,7,2.102063109269783,0.4856207622165069,4277,2.2033722607985786,0.32959326788218796,713,2.2038355277369197,0.3053,0.9964813163615261,0.08347293685057479,,,0.9444665684084533,,0.9444911609205401,0.055508839079459915,0.9740268347364796,0.09941951833453191,5,0.001,0.1,0.9671237073097082,0.9819938235978349,0.9883482255168081,0.9922997009375278,0.9927162154642748,0.9943248010232361,0.9957762137182196,1.0,0.992874805161617,0.9953331966475747,0.9949859020843395,0.9920917146918232
1,8,2.1095950179833634,0.43841123758779366,4129,2.206666209480979,0.2921511627906977,688,2.203835273322206,0.3054,0.9952325116841403,0.08327478322496068,,,0.9165664509178865,,0.9165869264747103,0.0834130735252897,0.9740144604132237,0.0994183347824924,5,0.001,0.1,0.9629993486684849,0.9785782711229265,0.9856781253109616,0.9908134757104133,0.9934836778400162,0.9942333168270513,0.9933043695807516,0.992874805161617,1.0,0.9915906238843636,0.9953466258450532,0.9940417004485783
1,9,2.109576820002662,0.4356410897275681,4001,2.201686450413295,0.29235382308845576,667,2.203835175060236,0.3056,0.9937043027948655,0.08322698610181219,,,0.9098365949921057,,0.9098597539169349,0.09014024608306515,0.9740129209912005,0.09941822935318718,5,0.001,0.1,0.9587503841221787,0.9748632456018236,0.9833723520701707,0.9880915299387302,0.9911618424195099,0.993795957419985,0.9930672336102888,0.9953331966475747,0.9915906238843636,1.0,0.9943422231052738,0.9902798678317791
1,10,2.121486057023533,0.44258164052455645,3889,2.2050064631870816,0.3148148148148148,648,2.2038374678395427,0.3055,0.9948634433706938,0.08318652480671881,,,0.9041396268774572,,0.9041619547462328,0.09583804525376716,0.9739985747310544,0.09941786616238814,5,0.001,0.1,0.957967223164537,0.9756110953777707,0.9837997108462203,0.989002284314235,0.9927791481302043,0.9939386408475861,0.9953432563164089,0.9949859020843395,0.9953466258450532,0.9943422231052738,1.0,0.9953520720835024
1,11,2.132105631587886,0.42052228963334215,3791,2.2023393869400025,0.31962025316455694,632,2.2038412772047633,0.3056,0.9914746683176412,0.08297403449618994,,,0.8742208978560257,,0.8742328026986014,0.12576719730139863,0.9739711405640784,0.09941515342006314,5,0.001,0.1,0.9527118834024957,0.9707680398800523,0.9787776066416146,0.9844453411554852,0.989672543001145,0.9897367193965722,0.9901925766775773,0.9920917146918232,0.9940417004485783,0.9902798678317791,0.9953520720835024,1.0
2,0,1.5909682832339394,0.5732408083759435,8214,2.13672296390977,0.49233016800584367,1369,2.134157114516432,0.5021,0.9875569628586693,0.08207095797816451,,,0.7,,0.7000125651211567,0.2999874348788433,0.9870206383695745,0.09955546749803537,5,0.001,0.1,1.0,0.9957882804606917,0.9926844994359844,0.9899998153469055,0.9862163485242993,0.9840649248679837,0.9802344327570265,0.9809856707613818,0.9776163746792889,0.9739634503887478,0.9738524210814606,0.9717941207014009
2,1,1.7120764757244333,0.542013994523882,6574,2.134221294948033,0.49178832116788324,1096,2.1339025847828044,0.5023,0.9949978321205556,0.08327419584591955,,,0.915570309980335,,0.9155865495210755,0.08441345047892446,0.9873055532160159,0.09962978657260482,5,0.001,0.1,0.9957882804606917,1.0,0.9974142974273469,0.9964755571678379,0.9939163850187275,0.991618280379834,0.9898584851580796,0.9899986243383398,0.9874958095914307,0.9847993447063473,0.9852007733572801,0.9834051045111005
2,2,1.7818790780246587,0.5484350683036486,5783,2.1302944690950456,0.520746887966805,964,2.1338999423736964,0.5024,0.9973870215120227,0.08362218276933281,,,0.9779151305346119,,0.9779337141531591,0.022066285846840894,0.9873266460430272,0.09963170048424429,5,0.001,0.1,0.9926844994359844,0.9974142974273469,1.0,0.9974888977217218,0.9962808608190497,0.994776262819827,0.9938394367993075,0.9938604152095136,0.9912664832798923,0.9893087481249104,0.9897301329321423,0.9877858785928625
2,3,1.836217520897647,0.549044826933989,5287,2.1321184124265398,0.5107832009080591,881,2.133900051299756,0.5024,0.9983600293244337,0.08362681968681956,,,0.9787458737872641,,0.9787649452450682,0.021235054754931815,0.9873268215935476,0.09963170113028234,5,0.001,0.1,0.9899998153469055,0.9964755571678379,0.9974888977217218,1.0,0.9974134294918752,0.9963042405414897,0.9955287900950454,0.9953005948386355,0.99342098103997,0.9916390059624081,0.9923420299897311,0.9900984632763459
2,4,1.8746660620166409,0.5349949341438703,4935,2.129264758183406,0.5121654501216545,822,2.1338999637018756,0.5024,0.9989090850303197,0.08374545276431512,,,0.9999999998208415,,1.0,0.0,0.9873266257641725,0.09963171133452639,5,0.001,0.1,0.9862163485242993,0.9939163850187275,0.9962808608190497,0.9974134294918752,1.0,0.997570715745085,0.9965989853322759,0.9960451429555118,0.9958465518001308,0.9938751294238979,0.9951689089404231,0.9935827875409209
2,5,1.8968188053941073,0.5183201199914291,4667,2.1351015186309814,0.4948586118251928,778,2.1338999423736964,0.5024,0.9985868308130336,0.08367902078577973,,,0.9880981451757564,,0.9881162950290447,0.011883704970955256,0.9873267311487861,0.09963170982218185,5,0.001,0.1,0.9840649248679837,0.991618280379834,0.994776262819827,0.9963042405414897,0.997570715745085,1.0,0.9971683260150712,0.9968451743336676,0.9956713342173474,0.9952283354056591,0.9957637693956121,0.9936229013680143
2,6,1.9107645985058377,0.5447114304962947,4453,2.1383430858453116,0.4946091644204852,742,2.133900007119956,0.5024,0.9980997144744429,0.08363478005452474,,,0.9801720414468336,,0.9801906032224703,0.019809396777529686,0.9873267169177595,0.09963170492190916,5,0.001,0.1,0.9802344327570265,0.9898584851580796,0.9938394367993075,0.9955287900950454,0.9965989853322759,0.9971683260150712,1.0,0.997864313636774,0.9950499403587564,0.9956114412492107,0.9969764326507131,0.9940239326088293
2,7,1.9372211817485183,0.559130231470657,4277,2.1328547933827275,0.511921458625526,713,2.133901663862478,0.5022,0.9980783855453396,0.08347653403772523,,,0.9518209200195551,,0.9518417567972473,0.04815824320275275,0.9873207506470674,0.09963135124087323,5,0.001,0.1,0.9809856707613818,0.9899986243383398,0.9938604152095136,0.9953005948386355,0.9960451429555118,0.9968451743336676,0.997864313636774,1.0,0.9950062077654803,0.9960891510061382,0.9961915279828751,0.9943404438162565
2,8,1.952462339584644,0.5266650520707193,4129,2.137009718201377,0.502906976744186,688,2.1339035041796897,0.5023,0.9967586091321112,0.08331227622144452,,,0.9223927335227398,,0.9224103768569799,0.07758962314302009,0.9873100591997289,0.09963007878539132,5,0.001,0.1,0.9776163746792889,0.9874958095914307,0.9912664832798923,0.99342098103997,0.9958465518001308,0.9956713342173474,0.9950499403587564,0.9950062077654803,1.0,0.9934644373764034,0.9961653245467911,0.9957360295868769
2,9,1.953280524602012,0.5084728817795551,4001,2.131686596643357,0.4782608695652174,667,2.133903919317471,0.5023,0.9955381590786244,0.08324351331424396,,,0.9100732731586545,,0.9100965581233508,0.08990344187664923,0.9873056675932984,0.09962972596733237,5,0.001,0.1,0.9739634503887478,0.9847993447063473,0.9893087481249104,0.9916390059624081,0.9938751294238979,0.9952283354056591,0.9956114412492107,0.9960891510061382,0.9934644373764034,1.0,0.9951745503932385,0.9929415931061866
2,10,1.969624243603378,0.5387503214193881,3889,2.1354161444164457,0.5092592592592593,648,2.133906650847901,0.5025,0.9964570455286988,0.0832483629039838,,,0.9109421184564223,,0.9109664511265114,0.08903354887348858,0.9873057994017862,0.0996297361149112,5,0.001,0.1,0.9738524210814606,0.9852007733572801,0.9897301329321423,0.9923420299897311,0.9951689089404231,0.9957637693956121,0.9969764326507131,0.9961915279828751,0.9961653245467911,0.9951745503932385,1.0,0.9965099713238589
2,11,1.989462351197956,0.5413347401740966,3791,2.1328821182250977,0.509493670886076,632,2.1339147448920595,0.5023,0.9948462297631289,0.0830659036377463,,,0.8782529872084273,,0.8782729724243918,0.12172702757560816,0.9872833644519081,0.09962656224674342,5,0.001,0.1,0.9717941207014009,0.9834051045111005,0.9877858785928625,0.9900984632763459,0.9935827875409209,0.9936229013680143,0.9940239326088293,0.9943404438162565,0.9957360295868769,0.9929415931061866,0.9965099713238589,1.0
3,0,1.4371532469408057,0.6132700267835403,8214,2.0518165743628214,0.5953250547845143,1369,2.0492471559360004,0.6019,0.9902507339020103,0.08233691178320239,,,0.7,,0.7000125651211567,0.2999874348788433,0.9950155157858752,0.0996290702415384,5,0.001,0.1,1.0,0.9960268581325328,0.9938280103216945,0.9915003860533619,0.9889073514239367,0.987515962800505,0.9843169032186794,0.9853159972340338,0.9822901040844098,0.9803314910663309,0.9800698900657648,0.9789450460815284
3,1,1.5367241315471316,0.5902342561606327,6574,2.050127581187657,0.5848540145985401,1096,2.0487831549141733,0.6029,0.9962771122877311,0.08326981941258309,,,0.9138900122873178,,0.9139095891205382,0.08609041087946179,0.9951950734375039,0.09971080390534705,5,0.001,0.1,0.9960268581325328,1.0,0.9977131248428308,0.9967437385349337,0.9951995118228609,0.9936345020313015,0.9921584710370294,0.9923747949531163,0.990419645805433,0.9893025949126918,0.98915073021559,0.9882978440008156
3,2,1.5984495016751368,0.5938440255922531,5783,2.045008490162511,0.6172199170124482,964,2.0487762354433348,0.6029,0.9977832261156924,0.0835319782783427,,,0.9739958161767952,,0.97401436290003,0.025985637099970038,0.9951981932857642,0.09971313729988186,5,0.001,0.1,0.9938280103216945,0.9977131248428308,1.0,0.9974728423196454,0.9967461465034948,0.9955499301499042,0.9946995006303829,0.9949598790960997,0.9931010502429338,0.9917518496591692,0.9918634968826882,0.9912985694093938
3,3,1.6497897500733296,0.591602042746359,5287,2.045224462236677,0.6095346197502838,881,2.048776396928123,0.6029,0.9987125058188588,0.08356483365007611,,,0.9815286475552112,,0.9815437701162757,0.018456229883724307,0.9951982796830396,0.09971315625517246,5,0.001,0.1,0.9915003860533619,0.9967437385349337,0.9974728423196454,1.0,0.9979259611952135,0.9971584404260292,0.996465863791194,0.9963902057110892,0.9949610518955253,0.9939649094743083,0.9944057622182035,0.9930682927242358
3,4,1.6910063535936417,0.5827355623100304,4935,2.0428181978372426,0.6192214111922141,822,2.048776190120953,0.6029,0.9989532106473257,0.08364539872753136,,,0.9999999997707276,,1.0,0.0,0.9951985058781531,0.09971316667770468,5,0.001,0.1,0.9889073514239367,0.9951995118228609,0.9967461465034948,0.9979259611952135,1.0,0.9976612368494386,0.996876815974844,0.9967594351152472,0.9964230142507015,0.9953615423534546,0.9959617573453754,0.9950797544534252
3,5,1.713154198862102,0.5692736233126205,4667,2.0515913772583008,0.6002570694087404,778,2.0487762483925867,0.6029,0.9987509225040034,0.08359810420818482,,,0.989156669728642,,0.9891746648495569,0.01082533515044315,0.9951983471283987,0.09971316225078378,5,0.001,0.1,0.987515962800505,0.9936345020313015,0.9955499301499042,0.9971584404260292,0.9976612368494386,1.0,0.9974772951483664,0.9973759198682162,0.9960788582159059,0.9962621037193602,0.9964026401370348,0.9953506396744632
3,6,1.7270267693485533,0.5857624073658207,4453,2.0540378093719482,0.5983827493261455,742,2.04877633903735,0.6029,0.9983648638755219,0.0835584912587223,,,0.9800745119882244,,0.9800939484443414,0.01990605155565861,0.9951982566709144,0.09971315570674157,5,0.001,0.1,0.9843169032186794,0.9921584710370294,0.9946995006303829,0.996465863791194,0.996876815974844,0.9974772951483664,1.0,0.9979841059699728,0.9963054194027103,0.9965293376849718,0.9972974579308391,0.9956993712588226
3,7,1.753628976665326,0.5944821136310497,4277,2.047002242959064,0.5974754558204769,713,2.0487786249611704,0.6029,0.9983910163105176,0.08346223809355538,,,0.9580063135601399,,0.9580228298585941,0.041977170141405895,0.9951943553205993,0.09971285406010416,5,0.001,0.1,0.9853159972340338,0.9923747949531163,0.9949598790960997,0.9963902057110892,0.9967594351152472,0.9973759198682162,0.9979841059699728,1.0,0.9954901295362242,0.9970884219321279,0.9968115952061921,0.99559202445298
3,8,1.7758582797417275,0.5788326471300557,4129,2.0522155978462915,0.6046511627906976,688,2.0487841615280784,0.6029,0.9972756589609545,0.0833254321747537,,,0.9266404861921147,,0.9266583543557476,0.07334164564425238,0.9951884741291868,0.0997114491571487,5,0.001,0.1,0.9822901040844098,0.990419645805433,0.9931010502429338,0.9949610518955253,0.9964230142507015,0.9960788582159059,0.9963054194027103,0.9954901295362242,1.0,0.9946641506512356,0.9966815750105168,0.9963676140543767
3,9,1.7776074785088736,0.5812546863284179,4001,2.0463908399854387,0.5982008995502249,667,2.0487853867558243,0.6029,0.996926770027643,0.08327197309203857,,,0.9143837916398374,,0.9144073612279023,0.08559263877209766,0.9951949523169821,0.09971080839318366,5,0.001,0.1,0.9803314910663309,0.9893025949126918,0.9917518496591692,0.9939649094743083,0.9953615423534546,0.9962621037193602,0.9965293376849718,0.9970884219321279,0.9946641506512356,1.0,0.997424801035618,0.9959090958351916
3,10,1.794652524932486,0.5827719208022628,3889,2.051005556469872,0.6064814814814815,648,2.0487884225936743,0.6029,0.9973159802818763,0.08328751791927612,,,0.9179477921733635,,0.917964257063048,0.08203574293695204,0.9951924165627735,0.09971112429274492,5,0.001,0.1,0.9800698900657648,0.98915073021559,0.9918634968826882,0.9944057622182035,0.9959617573453754,0.9964026401370348,0.9972974579308391,0.9968115952061921,0.9966815750105168,0.997424801035618,1.0,0.9971702616386774
3,11,1.8208441926651642,0.5906620944341863,3791,2.048391377925873,0.6107594936708861,632,2.048804768358176,0.6028,0.996440839781126,0.08314730140173347,,,0.8858000084962264,,0.8858168778573569,0.11418312214264315,0.9951849618401998,0.09970783515730268,5,0.001,0.1,0.9789450460815284,0.9882978440008156,0.9912985694093938,0.9930682927242358,0.9950797544534252,0.9953506396744632,0.9956993712588226,0.99559202445298,0.9963676140543767,0.9959090958351916,0.9971702616386774,1.0
4,0,1.3161029647760354,0.6322376430484539,8214,1.9514024451721546,0.6413440467494521,1369,1.948923841071205,0.6432,0.9908896057586825,0.0825132249117709,,,0.7,,0.7000125651211567,0.2999874348788433,0.9968843115915277,0.09964798015012108,5,0.001,0.1,1.0,0.9956751807146405,0.993582163608567,0.9913312817555704,0.9892803428753049,0.9881267767639812,0.9852764733473967,0.9867800638211088,0.9843574203918464,0.9815588845291524,0.9823345533529811,0.9811247991262434
4,1,1.3977063265818994,0.6137511408579251,6574,1.950798923628671,0.6286496350364964,1096,1.9481738021198554,0.6435,0.9966341812076337,0.08327109187221525,,,0.9150753003885014,,0.9150984428915243,0.08490155710847569,0.9969782165805325,0.09973340456540075,5,0.001,0.1,0.9956751807146405,1.0,0.9975539028062251,0.9966204891055217,0.9954792570296039,0.9939028583091726,0.9926559957869107,0.9931049991567004,0.9923238044219637,0.9901263430893088,0.9907353108143607,0.989890315384915
4,2,1.4476404716955364,0.6145599169980979,5783,1.944096649846723,0.6566390041493776,964,1.9481596146909574,0.6435,0.9978800121378714,0.0834721638587342,,,0.9721375819727518,,0.9721537584210476,0.027846241578952435,0.9969793275546915,0.09973617574719036,5,0.001,0.1,0.993582163608567,0.9975539028062251,1.0,0.9972222313967288,0.9965842936342073,0.9956347890902201,0.9949533356025725,0.9953837366522924,0.9941943586952893,0.9922584978012685,0.993004141084798,0.9925627495263583
4,3,1.493960673622338,0.6167202572347267,5287,1.9423140627997262,0.656072644721907,881,1.9481596714391496,0.6436,0.9987200067797455,0.08351944603560055,,,0.985555805649623,,0.9855694416253468,0.014430558374653235,0.9969802252599066,0.09973629533426509,5,0.001,0.1,0.9913312817555704,0.9966204891055217,0.9972222313967288,1.0,0.9977497253580573,0.9969700604296732,0.9964882934196554,0.996552729257152,0.9960275446545802,0.9945959801325235,0.9952099677350251,0.9941826941340086
4,4,1.5312988638108775,0.6121175278622087,4935,1.9408615644161518,0.648418491484185,822,1.9481592559205076,0.6435,0.9987654747353683,0.08357034345354458,,,0.9999999997162097,,1.0,0.0,0.9969802539799616,0.09973630842436985,5,0.001,0.1,0.9892803428753049,0.9954792570296039,0.9965842936342073,0.9977497253580573,1.0,0.9974569223258749,0.996669300701804,0.996443795747448,0.9967896260594539,0.9952612776745335,0.9963565039295179,0.9954001230843488
4,5,1.5506604528590424,0.6017141632740518,4667,1.952842345237732,0.6246786632390745,778,1.9481594101689494,0.6435,0.9987491285753014,0.08354079894398087,,,0.991615554159272,,0.9916296962140323,0.008370303785967703,0.9969802294674499,0.09973630285885705,5,0.001,0.1,0.9881267767639812,0.9939028583091726,0.9956347890902201,0.9969700604296732,0.9974569223258749,1.0,0.9975024465735199,0.9974484831697777,0.9967660648227372,0.9964686888329004,0.9969378546478116,0.9960503176766129
4,6,1.5630743740286146,0.6080844374578935,4453,1.954204301039378,0.6347708894878706,742,1.9481595731771792,0.6435,0.9984108799812245,0.08350557272639639,,,0.9816186949162062,,0.9816355921554982,0.018364407844501773,0.9969802356902668,0.09973629403920402,5,0.001,0.1,0.9852764733473967,0.9926559957869107,0.9949533356025725,0.9964882934196554,0.996669300701804,0.9975024465735199,1.0,0.997940514624553,0.9965328482976007,0.9970955438728316,0.9975951477765563,0.9964801499745168
4,7,1.5849210830766762,0.6149169978957213,4277,1.9455645291701607,0.6521739130434783,713,1.9481629346506284,0.6435,0.998495150921803,0.08344923958894081,,,0.9656318963190198,,0.9656537245918752,0.03434627540812485,0.9969775157745421,0.099736168425912,5,0.001,0.1,0.9867800638211088,0.9931049991567004,0.9953837366522924,0.996552729257152,0.996443795747448,0.9974484831697777,0.997940514624553,1.0,0.9964061275589527,0.9971042349018934,0.9967601922578793,0.9962933863928927
4,8,1.608029484290343,0.6089610075078712,4129,1.9522784785790877,0.6482558139534884,688,1.948173661201526,0.6435,0.9979325977815491,0.0833471393841618,,,0.9366568474533223,,0.9366669566310011,0.06333304336899892,0.9969763359276175,0.0997345311645148,5,0.001,0.1,0.9843574203918464,0.9923238044219637,0.9941943586952893,0.9960275446545802,0.9967896260594539,0.9967660648227372,0.9965328482976007,0.9964061275589527,1.0,0.995723136646583,0.9973743446410843,0.9969763024128531
4,9,1.6071758640190912,0.5934016495876031,4001,1.9455991586049397,0.6401799100449775,667,1.9481762651437389,0.6435,0.9971023271568429,0.08328753018271057,,,0.9197403336360083,,0.9197620359362465,0.0802379640637535,0.9969749557868895,0.09973379269381213,5,0.001,0.1,0.9815588845291524,0.9901263430893088,0.9922584978012685,0.9945959801325235,0.9952612776745335,0.9964686888329004,0.9970955438728316,0.9971042349018934,0.995723136646583,1.0,0.9972721224454604,0.9960480321709513
4,10,1.6271920196345595,0.6077140653124197,3889,1.9513687633332752,0.6466049382716049,648,1.9481792602295311,0.6435,0.9976980788571153,0.08331630491668646,,,0.9279063243394889,,0.9279196992103305,0.07208030078966954,0.9969757117770018,0.0997341704087974,5,0.001,0.1,0.9823345533529811,0.9907353108143607,0.993004141084798,0.9952099677350251,0.9963565039295179,0.9969378546478116,0.9975951477765563,0.9967601922578793,0.9973743446410843,0.9972721224454604,1.0,0.9970645344329788
4,11,1.655339766350113,0.6107095753099446,3791,1.9484777867794036,0.6471518987341772,632,1.9482059120751036,0.6433,0.9969816730160462,0.08320714412525748,,,0.8969275493926723,,0.8969466755589063,0.10305332444109372,0.9969605119374242,0.0997318209989782,5,0.001,0.1,0.9811247991262434,0.989890315384915,0.9925627495263583,0.9941826941340086,0.9954001230843488,0.9960503176766129,0.9964801499745168,0.9962933863928927,0.9969763024128531,0.9960480321709513,0.9970645344329788,1.0
5,0,1.2213179921825572,0.6488921353786219,8214,1.8367646821709567,0.6610664718772827,1369,1.834436443286201,0.6604,0.9907280175473095,0.08261977160842732,,,1.0,,1.0,0.0,0.9970856109497911,0.0997249445282999,5,0.001,0.1,1.0,0.9952497135575362,0.9928052551438921,0.990685605019794,0.9885716852038854,0.9877888105214114,0.9849606845789484,0.9862286391679433,0.9842708450694149,0.9821946415771925,0.9823760751744695,0.9810064251154987
5,1,1.2865682163863505,0.6324612108305445,6574,1.8377674886158535,0.6468978102189781,1096,1.833542828361828,0.661,0.9966302097351274,0.08327536373496111,,,1.0,,1.0,0.0,0.9979679101334779,0.0997249445282999,5,0.001,0.1,0.9952497135575362,1.0,0.9968978742130337,0.9962261159136653,0.9952120008689039,0.993881785119435,0.992605739000522,0.9926970408353256,0.9924367692891134,0.9906622835075161,0.9909906000707299,0.9898070936639886
5,2,1.326726707371559,0.6322324053259554,5783,1.8287776823966735,0.66701244813278,964,1.8335249446832333,0.661,0.997833069603544,0.08343757646794836,,,1.0,,1.0,0.0,0.9980019628235428,0.0997249445282999,5,0.001,0.1,0.9928052551438921,0.9968978742130337,1.0,0.9969305990195277,0.9959361071341026,0.995433680586743,0.9950653843827484,0.9951213586466648,0.9941969602458377,0.9928017722625239,0.9932706642363939,0.9925600014176335
5,3,1.3654095534818718,0.6302629090221298,5287,1.8250058080468858,0.6708286038592508,881,1.8335250814120991,0.661,0.998570202476784,0.08349039071605949,,,1.0,,1.0,0.0,0.998003727094916,0.0997249445282999,5,0.001,0.1,0.990685605019794,0.9962261159136653,0.9969305990195277,1.0,0.9971527113245131,0.9965747668689587,0.9962819594210542,0.9961270241330166,0.9955812976429743,0.9949910711925892,0.9951936498498012,0.9940664519637388
5,4,1.39893503181396,0.6289766970618035,4935,1.824857798906473,0.6618004866180048,822,1.8335245973385943,0.661,0.9985378985870588,0.08352057606411303,,,1.0,,1.0,0.0,0.9980038918150141,0.0997249445282999,5,0.001,0.1,0.9885716852038854,0.9952120008689039,0.9959361071341026,0.9971527113245131,1.0,0.9969720651855151,0.996336857334864,0.9963684324960891,0.9965939752928286,0.9951448174355094,0.9961875849593702,0.994926775543581
5,5,1.4149067548039842,0.6194128990786373,4667,1.8401586198806763,0.6465295629820051,778,1.8335247946242554,0.661,0.9986587474585896,0.08350635130725018,,,1.0,,1.0,0.0,0.9980038293568041,0.0997249445282999,5,0.001,0.1,0.9877888105214114,0.993881785119435,0.995433680586743,0.9965747668689587,0.9969720651855151,1.0,0.9972877516540992,0.9973041672016305,0.996248521105049,0.9965990055446475,0.9968649633183894,0.9958873792457577
5,6,1.4243359225988388,0.6254659779923647,4453,1.8402955830097198,0.6442048517520216,742,1.8335249667731337,0.661,0.9983091810346039,0.08347344959200483,,,1.0,,1.0,0.0,0.9980036844188883,0.0997249445282999,5,0.001,0.1,0.9849606845789484,0.992605739000522,0.9950653843827484,0.9962819594210542,0.996336857334864,0.9972877516540992,1.0,0.9977954539823388,0.995517432185738,0.997000574008686,0.9973790663145831,0.9964047164537366
5,7,1.4405558973995607,0.6287117138180968,4277,1.8300301614014998,0.6690042075736325,713,1.8335288618319332,0.661,0.9983839469364576,0.08344130032012327,,,1.0,,1.0,0.0,0.9980018160700111,0.0997249445282999,5,0.001,0.1,0.9862286391679433,0.9926970408353256,0.9951213586466648,0.9961270241330166,0.9963684324960891,0.9973041672016305,0.9977954539823388,1.0,0.9957054053980515,0.9971976658035521,0.996853860536847,0.9961450299144421
5,8,1.4678259022419269,0.6211189149915234,4129,1.8386402238499036,0.6744186046511628,688,1.833542859973237,0.661,0.9975389730365087,0.08335136956795727,,,1.0,,1.0,0.0,0.9979812932644693,0.0997249445282999,5,0.001,0.1,0.9842708450694149,0.9924367692891134,0.9941969602458377,0.9955812976429743,0.9965939752928286,0.996248521105049,0.995517432185738,0.9957054053980515,1.0,0.9946921586680755,0.9965003187277057,0.9956817003477932
5,9,1.4630362500747045,0.6197950512371907,4001,1.8309108813603718,0.671664167916042,667,1.8335459388483066,0.661,0.9972321663672521,0.08330488829646533,,,1.0,,1.0,0.0,0.9979721114399737,0.0997249445282999,5,0.001,0.1,0.9821946415771925,0.9906622835075161,0.9928017722625239,0.9949910711925892,0.9951448174355094,0.9965990055446475,0.997000574008686,0.9971976658035521,0.9946921586680755,1.0,0.9969962717152892,0.995457119165789
5,10,1.4806400451503816,0.6243250192851633,3889,1.8378669080280123,0.6589506172839507,648,1.8335493319331648,0.6611,0.9976912741716759,0.08333736902018121,,,1.0,,1.0,0.0,0.9979764755494529,0.0997249445282999,5,0.001,0.1,0.9823760751744695,0.9909906000707299,0.9932706642363939,0.9951936498498012,0.9961875849593702,0.9968649633183894,0.9973790663145831,0.996853860536847,0.9965003187277057,0.9969962717152892,1.0,0.9966157490551136
5,11,1.509041847601658,0.6270640991822738,3791,1.8346997022628784,0.6629746835443038,632,1.8335832258382925,0.6611,0.9967994509408666,0.08324159330450842,,,1.0,,1.0,0.0,0.997949603671427,0.0997249445282999,5,0.001,0.1,0.9810064251154987,0.9898070936639886,0.9925600014176335,0.9940664519637388,0.994926775543581,0.9958873792457577,0.9964047164537366,0.9961450299144421,0.9956817003477932,0.995457119165789,0.9966157490551136,1.0
6,0,1.1441176777219957,0.6585829072315559,8214,1.7105678486269573,0.6720233747260774,1369,1.708594395329777,0.6689,0.99016280633701,0.08267953223931993,,,1.0,,1.0,0.0,0.9984909911293781,0.09968542107352804,5,0.001,0.1,1.0,0.9946574119356482,0.9921898703970887,0.9898559282729796,0.9879698394425772,0.9872150185108909,0.9834423663714631,0.9855772662542853,0.9820500885509622,0.9797571837495939,0.9816362569011912,0.9803257067668364
6,1,1.19633660368549,0.6472163066626103,6574,1.7137410947254725,0.6478102189781022,1096,1.7075850415153626,0.669,0.9964388216552669,0.08328453700319921,,,1.0,,1.0,0.0,0.9984909911293781,0.09968542107352804,5,0.001,0.1,0.9946574119356482,1.0,0.9963940873606318,0.9956989510478031,0.995015900314881,0.9934697094054724,0.9919109744692475,0.9921286731121517,0.9903823272080279,0.9898274307115822,0.990695736694531,0.989472419586927
6,2,1.228543247307203,0.6487982016254539,5783,1.7020545544162873,0.671161825726141,964,1.7075651248042194,0.669,0.9973832650157142,0.08341458228531026,,,1.0,,1.0,0.0,0.9984909911293781,0.09968542107352804,5,0.001,0.1,0.9921898703970887,0.9963940873606318,1.0,0.9959096413178755,0.9956752268966661,0.9948056020843069,0.9937993027920271,0.9944599980777608,0.9921657714071178,0.9911418529074653,0.9924469682214019,0.9919266514956967
6,3,1.2616861612681882,0.6462265935313032,5287,1.6961355337074824,0.677639046538025,881,1.707565330087948,0.669,0.9982503403822508,0.0834749961886052,,,1.0,,1.0,0.0,0.9984909911293781,0.09968542107352804,5,0.001,0.1,0.9898559282729796,0.9956989510478031,0.9959096413178755,1.0,0.9971811772107957,0.995998833116866,0.9953841858236973,0.9955714923936345,0.9942732435780517,0.9935360619306529,0.9946461537323823,0.9932001073759417
6,4,1.2901479727991165,0.6440526849037488,4935,1.6977566755734956,0.6751824817518248,822,1.7075647587974232,0.669,0.9984437917481616,0.08349976747430521,,,1.0,,1.0,0.0,0.9984909911293781,0.09968542107352804,5,0.001,0.1,0.9879698394425772,0.995015900314881,0.9956752268966661,0.9971811772107957,1.0,0.9964451107435446,0.995880253699401,0.995904618043149,0.9947820208884085,0.9944641436727718,0.9958544038182678,0.9943790954881488
6,5,1.3027917515741636,0.6347975144632526,4667,1.7162138748168945,0.6542416452442159,778,1.7075649842667504,0.669,0.9983480773076937,0.08348794709104723,,,1.0,,1.0,0.0,0.9984909911293781,0.09968542107352804,5,0.001,0.1,0.9872150185108909,0.9934697094054724,0.9948056020843069,0.995998833116866,0.9964451107435446,1.0,0.9966390714258666,0.9968048819493509,0.9945575050852764,0.9950903451195746,0.9961023305614807,0.9952735989845137
6,6,1.309790234395436,0.6408713227037952,4453,1.7147424668073654,0.6522911051212938,742,1.7075652108786585,0.669,0.9979290089473264,0.08345422204365698,,,1.0,,1.0,0.0,0.9984909911293781,0.09968542107352804,5,0.001,0.1,0.9834423663714631,0.9919109744692475,0.9937993027920271,0.9953841858236973,0.995880253699401,0.9966390714258666,1.0,0.9970636327621354,0.9945519412114707,0.9962056267023947,0.9967830590481697,0.9957007002061794
6,7,1.3215094491617003,0.6433013794715923,4277,1.7031046359435371,0.6886395511921458,713,1.7075693184575333,0.6689,0.9981607768285324,0.08344197909764162,,,1.0,,1.0,0.0,0.9984909911293781,0.09968542107352804,5,0.001,0.1,0.9855772662542853,0.9921286731121517,0.9944599980777608,0.9955714923936345,0.995904618043149,0.9968048819493509,0.9970636327621354,1.0,0.9949464517628956,0.9959011629189204,0.9963263989464555,0.9954665650613612
6,8,1.3429155026032376,0.638847178493582,4129,1.7137951254844666,0.6744186046511628,688,1.7075854730301392,0.669,0.9965768563329251,0.083335636297946,,,1.0,,1.0,0.0,0.9984909911293781,0.09968542107352804,5,0.001,0.1,0.9820500885509622,0.9903823272080279,0.9921657714071178,0.9942732435780517,0.9947820208884085,0.9945575050852764,0.9945519412114707,0.9949464517628956,1.0,0.9931160358278487,0.995901658734538,0.994465577452905
6,9,1.3450209962943243,0.6348412896775806,4001,1.70499282791501,0.679160419790105,667,1.7075887210072038,0.669,0.9964605520447134,0.08330335664313113,,,1.0,,1.0,0.0,0.9984909911293781,0.09968542107352804,5,0.001,0.1,0.9797571837495939,0.9898274307115822,0.9911418529074653,0.9935360619306529,0.9944641436727718,0.9950903451195746,0.9962056267023947,0.9959011629189204,0.9931160358278487,1.0,0.9964479395302579,0.9942954440339072
6,10,1.3576736347597154,0.6373360761121111,3889,1.7130729811532157,0.6682098765432098,648,1.707592593976103,0.6691,0.997528031116426,0.08335776537285428,,,1.0,,1.0,0.0,0.9984909911293781,0.09968542107352804,5,0.001,0.1,0.9816362569011912,0.990695736694531,0.9924469682214019,0.9946461537323823,0.9958544038182678,0.9961023305614807,0.9967830590481697,0.9963263989464555,0.995901658734538,0.9964479395302579,1.0,0.9957175736973107
6,11,1.3863239671001915,0.6370350830915326,3791,1.7099363446235656,0.6740506329113924,632,1.7076311145727627,0.6691,0.9964965521458443,0.08326567826298296,,,1.0,,1.0,0.0,0.9984909911293781,0.09968542107352804,5,0.001,0.1,0.9803257067668364,0.989472419586927,0.9919266514956967,0.9932001073759417,0.9943790954881488,0.9952735989845137,0.9957007002061794,0.9954665650613612,0.994465577452905,0.9942954440339072,0.9957175736973107,1.0
7,0,1.0799744658896895,0.6698319941563184,8214,1.5781449218129002,0.6785975164353543,1369,1.5766520846766023,0.6757,0.9896070084531319,0.08270514424004208,,,1.0,,1.0,0.0,0.9983578305499531,0.09966389490163666,5,0.001,0.1,1.0,0.9940989958288589,0.9911109576505039,0.9889469856059949,0.9870512205392011,0.9862802762306194,0.9828268445797671,0.9840954705746913,0.9825513887323485,0.9790397714755942,0.9807157572088121,0.9787553450060048
