round,client_id,client_i_training_loss,client_i_training_accuracy,client_i_training_dataset_size,client_i_evaluation_loss,client_i_evaluation_accuracy,client_i_evaluation_dataset_size,client_i_central_evaluation_loss,client_i_central_evaluation_accuracy,client_i_cosine_similarity,client_i_importance_coefficient,client_i_tanh_val,tanh_normalization_value,client_i_q,client_i_mask_order,client_i_v_nonzero_fraction,client_i_v_sparsity,client_i_v_cosine_similarity,client_i_reward_gradient_norm,local_epochs,learning_rate,gamma,client_0_cosine_similarity,client_1_cosine_similarity,client_2_cosine_similarity,client_3_cosine_similarity,client_4_cosine_similarity,client_5_cosine_similarity,client_6_cosine_similarity,client_7_cosine_similarity,client_8_cosine_similarity,client_9_cosine_similarity,client_10_cosine_similarity,client_11_cosine_similarity
0,0,0.2802396775958951,0.9126126126126126,8214,2.2023178810297055,0.21329437545653762,1369,2.2040673871390735,0.2196,0.8001644907057289,0.08404762920089491,,,0.9656765350439556,,0.9656995130766528,0.034300486923347195,0,0.3969472207598349,5,0.1,0.5,1.0,0.5651903511887327,0.5716026199981868,0.5847040760080505,0.5764664075747944,0.5888552249100515,0.5730725184914837,0.5673303497024028,0.5813748814819036,0.5785419579194355,0.5854915426371686,0.586849361191831
0,1,0.3100695115107211,0.9038941283845452,6574,2.2027049405234203,0.21715328467153286,1096,2.204105505928064,0.2194,0.7898481718609435,0.08296402432832677,,,0.8300852192187125,,0.8301089302745847,0.16989106972541534,0,0.39682920408856986,5,0.1,0.5,0.5651903511887327,1.0,0.5769431007752147,0.5817482742636692,0.5849589660683445,0.5903770367059459,0.5856408626686852,0.5791535293272517,0.5993937959707877,0.5825059599089055,0.5792474102242048,0.5828666628415142
0,2,0.3203534286777947,0.8998097873076258,5783,2.203007105858095,0.21680497925311204,964,2.204088800631392,0.2195,0.7919512757568946,0.08318493002768111,,,0.857727116377926,,0.8577430851864867,0.14225691481351332,0,0.39688191169871495,5,0.1,0.5,0.5716026199981868,0.5769431007752147,1.0,0.5974474851575212,0.592063160795251,0.6057596121627012,0.5845325917493753,0.5896354718749092,0.6006344164115287,0.5909681517475065,0.5944147318880999,0.5972252407680277
0,3,0.3036782354756023,0.9033478343105731,5287,2.2037661586488997,0.21566401816118047,881,2.2040637773446763,0.2196,0.8019673841445543,0.0842370014124779,,,0.9893726515891124,,0.9893780432709202,0.01062195672907984,0,0.39694802193782,5,0.1,0.5,0.5847040760080505,0.5817482742636692,0.5974474851575212,1.0,0.5985018051590044,0.6223265522469791,0.6011297846140338,0.6117372852490478,0.6125837621713627,0.6053050491669377,0.6116462466979355,0.6199957246484878
0,4,0.35342000285884545,0.8906180344478217,4935,2.2007469489024234,0.22262773722627738,822,2.2040869382242807,0.2195,0.794415111585861,0.08344372626591733,,,0.8901102510069783,,0.8901310175192009,0.10986898248079913,0,0.3969196107047415,5,0.1,0.5,0.5764664075747944,0.5849589660683445,0.592063160795251,0.5985018051590044,1.0,0.6134633490257791,0.600527501549118,0.6007846046956611,0.6161187215955147,0.5964959480995732,0.6087980458666838,0.6152202215542041
0,5,0.33660011486954067,0.8925219627169488,4667,2.2014024448394776,0.2352185089974293,778,2.2040641635370712,0.2196,0.8027759544628169,0.08432193197248344,,,0.9999999998748701,,1.0,0.0,0,0.3969480462534171,5,0.1,0.5,0.5888552249100515,0.5903770367059459,0.6057596121627012,0.6223265522469791,0.6134633490257791,1.0,0.6069217401061207,0.6126661325394684,0.6237673957206975,0.6070982204650545,0.6072067551253797,0.6184380398328438
0,6,0.3656129926842238,0.8852009880979115,4453,2.2061912616093955,0.23450134770889489,742,2.2041560201980053,0.2192,0.7886755307560844,0.08284085252313957,,,0.8146727496362146,,0.8146829978414738,0.1853170021585262,0,0.3967880997156672,5,0.1,0.5,0.5730725184914837,0.5856408626686852,0.5845325917493753,0.6011297846140338,0.600527501549118,0.6069217401061207,1.0,0.6029346325473555,0.598101942102125,0.6015368303591085,0.6201469390106392,0.6161747462831723
0,7,0.3643614954190023,0.8868365676876315,4277,2.2126118618509043,0.21739130434782608,713,2.204268869119711,0.2189,0.7855580753384471,0.0825134014302264,,,0.7736988432977504,,0.7737061392500376,0.22629386074996238,0,0.39663060806398337,5,0.1,0.5,0.5673303497024028,0.5791535293272517,0.5896354718749092,0.6117372852490478,0.6007846046956611,0.6126661325394684,0.6029346325473555,1.0,0.6088267688097804,0.5932550249625435,0.6042234633766964,0.6025399774284818
0,8,0.37102924027520484,0.8865100508597723,4129,2.2006074623628096,0.22238372093023256,688,2.204076073040216,0.2196,0.7976906620312777,0.08378778333476126,,,0.9331620606329011,,0.933176045379248,0.06682395462075197,0,0.39694177102282785,5,0.1,0.5,0.5813748814819036,0.5993937959707877,0.6006344164115287,0.6125837621713627,0.6161187215955147,0.6237673957206975,0.598101942102125,0.6088267688097804,1.0,0.6116773818010821,0.6123290259900289,0.631059365533153
0,9,0.38747483766926183,0.8775806048487877,4001,2.2047435215541293,0.21139430284857572,667,2.2043749874773115,0.2186,0.7837549744375951,0.08232400742725965,,,0.75,,0.750002509914161,0.24999749008583905,0,0.3964987517923415,5,0.1,0.5,0.5785419579194355,0.5825059599089055,0.5909681517475065,0.6053050491669377,0.5964959480995732,0.6070982204650545,0.6015368303591085,0.5932550249625435,0.6116773818010821,1.0,0.5923893145814086,0.6094430994629217
0,10,0.39646372268984065,0.8737464643867318,3889,2.205395233063471,0.2021604938271605,648,2.2041525840759277,0.2192,0.7890314428095606,0.08287823679180702,,,0.8193506375897549,,0.8193664976657798,0.18063350233422015,0,0.3968010533624134,5,0.1,0.5,0.5854915426371686,0.5792474102242048,0.5944147318880999,0.6116462466979355,0.6087980458666838,0.6072067551253797,0.6201469390106392,0.6042234633766964,0.6123290259900289,0.5923893145814086,1.0,0.6131834890330485
0,11,0.3813585785632374,0.8797678712740702,3791,2.2022127747535705,0.22943037974683544,632,2.204089013913188,0.2195,0.7945364869593015,0.0834564752850247,,,0.8917055338633143,,0.8917223030972341,0.1082776969027659,0,0.39692085666902144,5,0.1,0.5,0.586849361191831,0.5828666628415142,0.5972252407680277,0.6199957246484878,0.6152202215542041,0.6184380398328438,0.6161747462831723,0.6025399774284818,0.631059365533153,0.6094430994629217,0.6131834890330485,1.0
1,0,0.2520730339476281,0.9212807401996591,8214,2.0506496152212454,0.5624543462381301,1369,2.055717963761034,0.5459,0.7898126029658056,0.08390247380744735,,,0.9629698906880997,,0.9629787661261985,0.03702123387380152,0.9581876367046288,0.39367251902443995,5,0.1,0.5,1.0,0.6120849169842522,0.6163166164777335,0.6199902253375076,0.6127210036894319,0.6180424778083539,0.6059388409251567,0.6117491967611787,0.5118648581822036,0.4202102967557764,0.6146548820408441,0.6134355400247608
1,1,0.27127341875372435,0.9169455430483724,6574,2.0544384172984533,0.5675182481751825,1096,2.055762022448043,0.5458,0.808651696739022,0.08384097558492612,,,0.9611717254269441,,0.9611866874152903,0.03881331258470966,0.9578198015116076,0.39367233112109,5,0.1,0.5,0.6120849169842522,1.0,0.6244478789884553,0.6372502165949284,0.6332412367494661,0.6330089806381785,0.6323569160330098,0.6345893713506547,0.522954931222609,0.4437653919269301,0.6293273607177415,0.6372940122567881
1,2,0.285523135166677,0.9121563202490057,5783,2.0537960298599733,0.5414937759336099,964,2.055735405641623,0.5459,0.8066109999760367,0.08391678541467767,,,0.9633883521313388,,0.9634004317052357,0.036599568294764295,0.957997659981751,0.3936725695188705,5,0.1,0.5,0.6163166164777335,0.6244478789884553,1.0,0.6354861026601375,0.6346236214552602,0.6322493508218894,0.6229256914517584,0.6255011345960416,0.528060900812462,0.4389119005814753,0.6318510094561781,0.629454242787078
1,3,0.26501418489469103,0.9182901456402497,5287,2.0549416158880507,0.5175936435868331,881,2.0557186649249384,0.5458,0.8216608439126465,0.08514855059419549,,,0.9994043094209233,,0.9994126800863411,0.0005873199136589013,0.9581893516955008,0.39367400449393153,5,0.1,0.5,0.6199902253375076,0.6372502165949284,0.6354861026601375,1.0,0.6413371741867616,0.6452750801904197,0.6353742489276544,0.6469170706409416,0.5426938252054313,0.4449465164255127,0.6608800569075378,0.647540770179152
1,4,0.30454323550025303,0.9077608915906789,4935,2.055045109528762,0.5462287104622872,822,2.0557421979051047,0.5456,0.8146480366379513,0.08437217507813957,,,0.9767036292166857,,0.9767230560714824,0.023276943928517646,0.9581038700417454,0.3936735704551784,5,0.1,0.5,0.6127210036894319,0.6332412367494661,0.6346236214552602,0.6413371741867616,1.0,0.644120220761801,0.6314793264142359,0.6319562297299163,0.5394354709317037,0.44398827719931266,0.642554269228349,0.6391953501542386
1,5,0.2996505572307498,0.908163702592672,4667,2.053952484130859,0.5475578406169666,778,2.0557188694469466,0.5458,0.8206266986238752,0.08516892353253384,,,0.9999999999707607,,1.0,0.0,0.9581889633322149,0.3936740046453284,5,0.1,0.5,0.6180424778083539,0.6330089806381785,0.6322493508218894,0.6452750801904197,0.644120220761801,1.0,0.633064668089999,0.645745863439176,0.5392365991635397,0.4488085968575541,0.654518962211584,0.6534735808112125
1,6,0.3209483889064619,0.9006512463507748,4453,2.0546749234199524,0.5444743935309974,742,2.055812186707323,0.5445,0.8072480464809728,0.08370936231883243,,,0.9573234450491624,,0.957336479092415,0.04266352090758496,0.9576833602941782,0.3936717901922253,5,0.1,0.5,0.6059388409251567,0.6323569160330098,0.6229256914517584,0.6353742489276544,0.6314793264142359,0.633064668089999,1.0,0.6292702377006669,0.5299047144796487,0.4434091560128194,0.63178293651888,0.6320944799122047
1,7,0.3183240037147345,0.9020808978255787,4277,2.0698661700538965,0.5077138849929874,713,2.055970755248024,0.5436,0.8142804545978631,0.08373786642876695,,,0.9581568854021209,,0.9581697705938457,0.04183022940615433,0.957253025557736,0.3936719305144341,5,0.1,0.5,0.6117491967611787,0.6345893713506547,0.6255011345960416,0.6469170706409416,0.6319562297299163,0.645745863439176,0.6292702377006669,1.0,0.5355987873365176,0.4491454223250635,0.6392389562028117,0.6455368503675718
1,8,0.34386970119023597,0.8966820053281667,4129,2.0514687949960884,0.5436046511627907,688,2.055766910409775,0.5456,0.7097775731565562,0.08091537150974623,,,0.8756290967100318,,0.8756488128106019,0.12435118718939808,0.9580458886254631,0.3936173542440827,5,0.1,0.5,0.5118648581822036,0.522954931222609,0.528060900812462,0.5426938252054313,0.5394354709317037,0.5392365991635397,0.5299047144796487,0.5355987873365176,1.0,0.3740232692517301,0.5383182805746026,0.5395065878184543
1,9,0.45286987186483446,0.8706823294176456,4001,2.056244958014715,0.5442278860569715,667,2.0565881367308645,0.5416,0.6153672947216128,0.07661878859186155,,,0.75,,0.750002509914161,0.24999749008583905,0.9565447103587136,0.39312838055088867,5,0.1,0.5,0.4202102967557764,0.4437653919269301,0.4389119005814753,0.4449465164255127,0.44398827719931266,0.4488085968575541,0.4434091560128194,0.4491454223250635,0.3740232692517301,1.0,0.45885347587335146,0.45539009484654225
1,10,0.3476875355619876,0.8930316276677809,3889,2.0569474697113037,0.5370370370370371,648,2.0558195552125142,0.5448,0.8191814219382304,0.08415383709051569,,,0.9703195782890293,,0.9703378344460619,0.02966216555393808,0.9577150530730609,0.3936731893754107,5,0.1,0.5,0.6146548820408441,0.6293273607177415,0.6318510094561781,0.6608800569075378,0.642554269228349,0.654518962211584,0.63178293651888,0.6392389562028117,0.5383182805746026,0.45885347587335146,1.0,0.637817252828408
1,11,0.3303460123424395,0.8969664996043261,3791,2.0563003063201903,0.564873417721519,632,2.0557438036123403,0.5456,0.8184655225838215,0.08451489004835704,,,0.9808765157030116,,0.9808945334069575,0.019105466593042464,0.9581065176623211,0.39367373022383184,5,0.1,0.5,0.6134355400247608,0.6372940122567881,0.629454242787078,0.647540770179152,0.6391953501542386,0.6534735808112125,0.6320944799122047,0.6455368503675718,0.5395065878184543,0.45539009484654225,0.637817252828408,1.0
2,0,0.233738468102531,0.9277574872169467,8214,1.859007059141647,0.7925493060628196,1369,1.8677906190244535,0.7792,0.8000547191603156,0.08382228142623871,,,0.9720536291343216,,0.9720746950454294,0.027925304954570573,0.9617741020042646,0.39913738615688915,5,0.1,0.5,1.0,0.6248758553641864,0.6275069988778315,0.6231939215068524,0.6222160600146747,0.6200016620356447,0.615244854158497,0.6213195978122632,0.6047681206732006,0.4389991437981453,0.6255054809464492,0.6224665122899877
2,1,0.24716522916834982,0.925585640401582,6574,1.86720449924469,0.7846715328467153,1096,1.867846837439857,0.7792,0.8095890480440832,0.08411517474747199,,,0.977764896646975,,0.9777772200190753,0.0222227799809247,0.9617716345256592,0.399137680151464,5,0.1,0.5,0.6248758553641864,1.0,0.6323181468373854,0.625555964589431,0.6327345870705394,0.6322292468765552,0.632133836954334,0.6264686058327912,0.6147365252090621,0.44482533549417824,0.6338304160148636,0.6378703227197583
2,2,0.2600555058383481,0.9219436278748054,5783,1.8644523159150155,0.7717842323651453,964,1.8678087197934476,0.7792,0.8125944437010346,0.08427082396533418,,,0.9807999754859297,,0.9808142161538076,0.019185783846192406,0.9617733676109051,0.39913778356010393,5,0.1,0.5,0.6275069988778315,0.6323181468373854,1.0,0.6333601621499384,0.6241302020283306,0.630611027641649,0.6343867890339421,0.6279982301904338,0.6285125251596736,0.44701832361176014,0.638744791653591,0.6418556557605193
2,3,0.2385241317815226,0.9268015888027237,5287,1.8649263509682246,0.7639046538024972,881,1.867791226877572,0.7794,0.817315094457476,0.08525546685406528,,,0.9999999999805005,,1.0,0.0,0.9617746399209551,0.3991379627474439,5,0.1,0.5,0.6231939215068524,0.625555964589431,0.6333601621499384,1.0,0.6384616098218567,0.6406336318363576,0.6376200905841148,0.6374812414196963,0.639111399383964,0.44729182327902106,0.6423923674974013,0.6410574165575488
2,4,0.27796780990977443,0.9146099290780142,4935,1.8686887621879578,0.7822384428223844,822,1.8678151681400335,0.7792,0.814487550935854,0.08464002793404128,,,0.9879992609566288,,0.9880076301390492,0.011992369860950758,0.961774131271717,0.3991379197558595,5,0.1,0.5,0.6222160600146747,0.6327345870705394,0.6241302020283306,0.6384616098218567,1.0,0.6331709830422041,0.6406554294147375,0.6343996794581865,0.6329005883241543,0.4508516637515165,0.6341584645114751,0.639170368337286
2,5,0.26556066522527844,0.9187058067280909,4667,1.8670069408416747,0.7904884318766067,778,1.8677912828640435,0.7794,0.8166871090970713,0.08524703283274478,,,0.9998355409489119,,0.999844385322022,0.00015561467797797768,0.9617746426080166,0.39913796274730434,5,0.1,0.5,0.6200016620356447,0.6322292468765552,0.630611027641649,0.6406336318363576,0.6331709830422041,1.0,0.6395360265104529,0.636862895847671,0.6347629015983816,0.4441358956792029,0.6475122206160236,0.6402410380730379
2,6,0.2973680347164295,0.9100830900516506,4453,1.865187183022499,0.7668463611859838,742,1.8678962853008185,0.7788,0.8164583976558246,0.08426812518298175,,,0.9807473506329345,,0.9807640178705889,0.019235982129411133,0.9617692256774255,0.39913778279181705,5,0.1,0.5,0.615244854158497,0.632133836954334,0.6343867890339421,0.6376200905841148,0.6406554294147375,0.6395360265104529,1.0,0.6352642770283933,0.6338952525577884,0.4543766858837451,0.6393525321207643,0.642193650683591
2,7,0.28192599183504485,0.914706570025719,4277,1.8875027013861614,0.7685834502103787,713,1.8680949131139932,0.7787,0.8127639041483633,0.08415773992965644,,,0.9785948955733985,,0.9786054916921841,0.021394508307815863,0.9617714858895283,0.39913771525266145,5,0.1,0.5,0.6213195978122632,0.6264686058327912,0.6279982301904338,0.6374812414196963,0.6343996794581865,0.636862895847671,0.6352642770283933,1.0,0.6298643924278725,0.44214232838595047,0.6331588583243446,0.6433039949004752
2,8,0.288550328587108,0.9134899491402276,4129,1.8614479194987903,0.7761627906976745,688,1.8678699792764437,0.7788,0.8092852689071286,0.08215842700448371,,,0.9396093328125711,,0.9396215049445309,0.060378495055469106,0.9615722705473742,0.399131076462258,5,0.1,0.5,0.6047681206732006,0.6147365252090621,0.6285125251596736,0.639111399383964,0.6329005883241543,0.6347629015983816,0.6338952525577884,0.6298643924278725,1.0,0.4483162059355507,0.6416240136126637,0.6396679076604446
2,9,0.41817477718439133,0.8873281679580105,4001,1.8687845298222132,0.7811094452773614,667,1.8694235947185431,0.777,0.6131806599308904,0.07243461226436514,,,0.75,,0.750002509914161,0.24999749008583905,0.9598775756047985,0.39856379304062256,5,0.1,0.5,0.4389991437981453,0.44482533549417824,0.44701832361176014,0.44729182327902106,0.4508516637515165,0.4441358956792029,0.4543766858837451,0.44214232838595047,0.4483162059355507,1.0,0.45267748833459215,0.4478087528905974
2,10,0.30774810900759014,0.9049627153509899,3889,1.8706154142107283,0.7870370370370371,648,1.8679095537136918,0.7791,0.8197575101161938,0.0846792935581642,,,0.988764920216024,,0.9887756638722955,0.01122433612770446,0.9617747408991949,0.39913792810330234,5,0.1,0.5,0.6255054809464492,0.6338304160148636,0.638744791653591,0.6423923674974013,0.6341584645114751,0.6475122206160236,0.6393525321207643,0.6331588583243446,0.6416240136126637,0.45267748833459215,1.0,0.645128780787641
2,11,0.2947356428888415,0.909628066473226,3791,1.8717549800872804,0.7753164556962026,632,1.8678155333851092,0.7792,0.820658046506262,0.0849509943004525,,,0.9940629434555471,,0.9940766025801917,0.005923397419808296,0.9617733514594704,0.39913795755922343,5,0.1,0.5,0.6224665122899877,0.6378703227197583,0.6418556557605193,0.6410574165575488,0.639170368337286,0.6402410380730379,0.642193650683591,0.6433039949004752,0.6396679076604446,0.4478087528905974,0.645128780787641,1.0
3,0,0.2147105921074342,0.9357195032870709,8214,1.6285182209902032,0.8816654492330168,1369,1.6415274604060017,0.8706,0.7952731882752587,0.08333296642572458,,,0.9505392290324021,,0.9505597108578887,0.04944028914211129,0.9683244514077124,0.40232129520860965,5,0.1,0.5,1.0,0.6051513706945534,0.6116390550269122,0.6182315874884385,0.6092702733342804,0.6138427389946558,0.612146580123823,0.5996353989366259,0.5818578324548342,0.607265107105859,0.6136302304570134,0.6032010228723257
3,1,0.230850530951962,0.9301490721022209,6574,1.6414961542401996,0.864963503649635,1096,1.6415974434953147,0.8705,0.7972147785792416,0.08359493095690759,,,0.9578355056463617,,0.9578485015812459,0.042151498418754096,0.968326430597327,0.402322753300083,5,0.1,0.5,0.6051513706945534,1.0,0.6084440368445629,0.618910448618753,0.6183878225871691,0.6180400369951515,0.6083042598282049,0.6059060074866517,0.5736039822563388,0.6136278645061273,0.6127578182822652,0.6104485439227632
3,2,0.2365126801181317,0.9283416911637559,5783,1.636229149756893,0.8641078838174274,964,1.6415433921753027,0.8704,0.803975630713243,0.08393407687959513,,,0.9672814503063129,,0.9672958184830078,0.03270418151699217,0.9683323627872191,0.4023240346609353,5,0.1,0.5,0.6116390550269122,0.6084440368445629,1.0,0.6288053400591324,0.6160920025657336,0.6184860453474826,0.6186452408593085,0.6146277311174352,0.5863696092782595,0.6232134423547134,0.6176794372283985,0.6149542126007895
3,3,0.22029486314319244,0.9327785133345943,5287,1.6364256186144692,0.8717366628830874,881,1.641528333337924,0.8706,0.8189289504236926,0.08510879927263051,,,0.9999999999721478,,1.0,0.0,0.9683378525792269,0.40232514828075533,5,0.1,0.5,0.6182315874884385,0.618910448618753,0.6288053400591324,1.0,0.633186091352748,0.6345541808899785,0.633666792021348,0.6271551578534186,0.6058133406054405,0.6286252554841898,0.6386483346565354,0.6306325677101854
3,4,0.2536414575949311,0.9250253292806484,4935,1.6439962432934687,0.8710462287104623,822,1.6415539180127958,0.8706,0.8097645137848923,0.0843809032640251,,,0.9797265278307158,,0.979739972892927,0.020260027107072975,0.9683370756880302,0.4023248813888532,5,0.1,0.5,0.6092702733342804,0.6183878225871691,0.6160920025657336,0.633186091352748,1.0,0.6222077654820141,0.6204735431513495,0.6247640122922851,0.5968916567689555,0.6292162885059158,0.6197686466917254,0.6232455499720975
3,5,0.24205509683193818,0.9266338118705807,4667,1.642218599319458,0.8766066838046273,778,1.6415282655447816,0.8706,0.8119386203091842,0.08485925799468777,,,0.9930497377276792,,0.9930625972591738,0.006937402740826215,0.9683379408114045,0.4023251387943947,5,0.1,0.5,0.6138427389946558,0.6180400369951515,0.6184860453474826,0.6345541808899785,0.6222077654820141,1.0,0.6186193137562734,0.6230629033185275,0.603061389137051,0.6230855800791677,0.6269911338015092,0.6288095383316168
3,6,0.26361452972250327,0.9219851785313272,4453,1.6366108854611714,0.866576819407008,742,1.6416335269665947,0.8703,0.8088594290755513,0.08410272252472525,,,0.9719785948817722,,0.9719943777922795,0.028005622207720515,0.9683359112584377,0.4023244543728278,5,0.1,0.5,0.612146580123823,0.6083042598282049,0.6186452408593085,0.633666792021348,0.6204735431513495,0.6186193137562734,1.0,0.6202047811107559,0.5994558283996997,0.6296711308417255,0.6195246435328701,0.6259583290332809
3,7,0.2525211408845524,0.9250409165302782,4277,1.6672344933385435,0.8611500701262272,713,1.6418743491553651,0.8702,0.8052770700531687,0.08390451272848766,,,0.9664580249999828,,0.966472566638221,0.03352743336177899,0.9683312571423123,0.402323934906794,5,0.1,0.5,0.5996353989366259,0.6059060074866517,0.6146277311174352,0.6271551578534186,0.6247640122922851,0.6230629033185275,0.6202047811107559,1.0,0.5963365516025482,0.6202565947337219,0.6136585374377496,0.6259175381695333
3,8,0.29159029768848294,0.913925890046016,4129,1.6344585472887212,0.8808139534883721,688,1.641650373181596,0.8704,0.7800057511494988,0.08169692175788519,,,0.9049718600628596,,0.9049796696952964,0.09502033030470358,0.9682606444661837,0.40229410030942564,5,0.1,0.5,0.5818578324548342,0.5736039822563388,0.5863696092782595,0.6058133406054405,0.5968916567689555,0.603061389137051,0.5994558283996997,0.5963365516025482,1.0,0.5976612493853899,0.5997030667051857,0.5966259735365216
3,9,0.272141709961071,0.9173206698325419,4001,1.6437270584560575,0.8620689655172413,667,1.6441293269300614,0.869,0.8053199100684283,0.07613283300194977,,,0.75,,0.750002509914161,0.24999749008583905,0.9665909094705102,0.40167044426643206,5,0.1,0.5,0.607265107105859,0.6136278645061273,0.6232134423547134,0.6286252554841898,0.6292162885059158,0.6230855800791677,0.6296711308417255,0.6202565947337219,0.5976612493853899,1.0,0.622927764511231,0.6291911560122602
3,10,0.2762046465008962,0.9163281049112882,3889,1.6462594781603133,0.8672839506172839,648,1.641658483221889,0.8703,0.8089484005702061,0.08437845808382786,,,0.9796584242939146,,0.9796696952964209,0.020330304703579105,0.9683369574531069,0.40232488015154466,5,0.1,0.5,0.6136302304570134,0.6127578182822652,0.6176794372283985,0.6386483346565354,0.6197686466917254,0.6269911338015092,0.6195246435328701,0.6136585374377496,0.5997030667051857,0.622927764511231,1.0,0.619341686241728
3,11,0.2669031054094559,0.9188077024531786,3791,1.64898824095726,0.8686708860759493,632,1.6415547814232092,0.8706,0.8093783458253662,0.08457361710955356,,,0.9850940236438539,,0.9851111891973294,0.014888810802670571,0.968338097125377,0.4023250454543768,5,0.1,0.5,0.6032010228723257,0.6104485439227632,0.6149542126007895,0.6306325677101854,0.6232455499720975,0.6288095383316168,0.6259583290332809,0.6259175381695333,0.5966259735365216,0.6291911560122602,0.619341686241728,1.0
4,0,0.20036087275558814,0.939663988312637,8214,1.3743363591127618,0.9262235208181154,1369,1.3911564403448622,0.916,0.785762658924429,0.08286420106380814,,,0.9313207160904092,,0.9313387882134431,0.06866121178655693,0.9701046259157128,0.399607755193748,5,0.1,0.5,1.0,0.5977269954417591,0.6008238879539614,0.5890222275772807,0.5938403947219788,0.6054700233052064,0.591772912918881,0.5921217225899769,0.5966217690598199,0.5874102508162309,0.5952975196227829,0.585513061658964
4,1,0.2122140744615129,0.9368421052631579,6574,1.3917408738817487,0.9197080291970803,1096,1.3912282660365485,0.9161,0.7942536698375453,0.08333528635259536,,,0.9500227381723265,,0.9500426685407359,0.049957331459264065,0.970129191826756,0.39961555795821435,5,0.1,0.5,0.5977269954417591,1.0,0.6061388518439407,0.5969129523124544,0.6124397811323127,0.6088102511481075,0.5966071377529696,0.5962701998012111,0.6012267420390027,0.5980983665596739,0.6043971341048149,0.5973137466988926
4,2,0.21869723429975424,0.9348780909562511,5783,1.3839759249841013,0.9118257261410788,964,1.3911390811109696,0.9161,0.7984049387580756,0.0837058716861717,,,0.9647349256609699,,0.9647457456954972,0.0352542543045028,0.9701377770513061,0.39961850731061144,5,0.1,0.5,0.6008238879539614,0.6061388518439407,1.0,0.6095208313339735,0.6034070900525625,0.6030459167510015,0.6077364939764226,0.5994411543986219,0.6019969783502473,0.5968079477602111,0.6154828723449662,0.6091657603064637
4,3,0.1982303827698062,0.9398524683185171,5287,1.383653312921524,0.9148694665153235,881,1.3911375835680733,0.916,0.8014814994839652,0.08459416374558841,,,0.9999999999603001,,1.0,0.0,0.9701452546349254,0.39962004701125553,5,0.1,0.5,0.5890222275772807,0.5969129523124544,0.6095208313339735,1.0,0.6129762925352772,0.6147535902828354,0.6121231138552735,0.6131489641424019,0.6113750011418221,0.601932397030775,0.6092654753034518,0.6068387253583565
4,4,0.23542398306991785,0.9298885511651469,4935,1.3955082159775953,0.9099756690997567,822,1.3911628845019843,0.9161,0.8031754133801356,0.0841696760744182,,,0.9831478969787688,,0.9831584759801215,0.016841524019878484,0.9701445773098741,0.3996198904714729,5,0.1,0.5,0.5938403947219788,0.6124397811323127,0.6034070900525625,0.6129762925352772,1.0,0.6109751556147743,0.6112787149461973,0.6114193731479468,0.6129324588853575,0.605726445511637,0.6124933817765894,0.6103569378964777
4,5,0.21900074609797704,0.9338332976215985,4667,1.393058910369873,0.9125964010282777,778,1.3911373245830354,0.916,0.8052622624690599,0.08456056735935019,,,0.9986662279825818,,0.9986747653230259,0.0013252346769740964,0.970145509588741,0.3996200469258565,5,0.1,0.5,0.6054700233052064,0.6088102511481075,0.6030459167510015,0.6147535902828354,0.6109751556147743,1.0,0.6111892723926602,0.6071831274494705,0.6121227469514307,0.608940579729318,0.6215493206610386,0.611721627415021
4,6,0.24319561599404552,0.9273748035032562,4453,1.3835282723108928,0.931266846361186,742,1.3912343194309515,0.9161,0.8014203204478515,0.08392341785532774,,,0.9733714790754627,,0.973379850409116,0.02662014959088399,0.9701456917596948,0.399619373757749,5,0.1,0.5,0.591772912918881,0.5966071377529696,0.6077364939764226,0.6121231138552735,0.6112787149461973,0.6111892723926602,1.0,0.6046536468359244,0.6130193490398747,0.6090586848805561,0.6114078640040691,0.6137947634180999
4,7,0.23435668105037133,0.928688332943652,4277,1.4218337846838909,0.9074333800841514,713,1.3915041871725942,0.9161,0.7985690944403752,0.08369196602213151,,,0.9641828726842936,,0.9641935645800913,0.03580643541990869,0.9701367689426583,0.39961843832790805,5,0.1,0.5,0.5921217225899769,0.5962701998012111,0.5994411543986219,0.6131489641424019,0.6114193731479468,0.6071831274494705,0.6046536468359244,1.0,0.6116312281540706,0.5967204994369887,0.6060837213466858,0.6166050609620836
4,8,0.23527895030883464,0.9286510050859772,4129,1.3832468390464783,0.9244186046511628,688,1.3912750688223794,0.9161,0.8030039007834697,0.08237998987139328,,,0.9120975974144525,,0.9121128457406756,0.08788715425932436,0.9700270124581963,0.39959387845176214,5,0.1,0.5,0.5966217690598199,0.6012267420390027,0.6019969783502473,0.6113750011418221,0.6129324588853575,0.6121227469514307,0.6130193490398747,0.6116312281540706,1.0,0.6132844435110725,0.6180935587296308,0.6168899257193341
4,9,0.24718786739551238,0.9246188452886779,4001,1.395499899273827,0.9025487256371814,667,1.3948317518630349,0.9145,0.7919863453519447,0.07829691301717781,,,0.75,,0.750002509914161,0.24999749008583905,0.9683934401916052,0.398944894241624,5,0.1,0.5,0.5874102508162309,0.5980983665596739,0.5968079477602111,0.601932397030775,0.605726445511637,0.608940579729318,0.6090586848805561,0.5967204994369887,0.6132844435110725,1.0,0.6106564578447138,0.6015679941038529
4,10,0.2517389501277052,0.9248650038570326,3889,1.3974011001132784,0.9120370370370371,648,1.391276073912843,0.9161,0.8050941676767536,0.08423516382109399,,,0.9857477516411346,,0.9857637668791728,0.014236233120827224,0.9701450322867112,0.3996199495517278,5,0.1,0.5,0.5952975196227829,0.6043971341048149,0.6154828723449662,0.6092654753034518,0.6124933817765894,0.6215493206610386,0.6114078640040691,0.6060837213466858,0.6180935587296308,0.6106564578447138,1.0,0.611896067858386
4,11,0.2412819236595215,0.9279345819045107,3791,1.402036041021347,0.9098101265822784,632,1.3911633156359005,0.9161,0.8016039823956516,0.08424278313094372,,,0.9860502372089295,,0.9860699764068069,0.013930023593193064,0.9701455062320699,0.3996199577493037,5,0.1,0.5,0.585513061658964,0.5973137466988926,0.6091657603064637,0.6068387253583565,0.6103569378964777,0.611721627415021,0.6137947634180999,0.6166050609620836,0.6168899257193341,0.6015679941038529,0.611896067858386,1.0
5,0,0.18887922602201945,0.9428293158022888,8214,1.1198511622672858,0.9422936449963477,1369,1.1397015966546422,0.9347,0.7806910341230878,0.08290373124392166,,,0.9175510867323361,,0.9175744189548718,0.0824255810451282,0.9690742761244799,0.3920275105294396,5,0.1,0.5,1.0,0.5840153901598107,0.5909568534361263,0.5821382911161926,0.5760138277066607,0.5895793310515633,0.5729255267946451,0.5735154971672531,0.562256432599555,0.5534610675201613,0.5810096162601307,0.5802091923533993
5,1,0.19749104231324735,0.9408275022817159,6574,1.1403685331344604,0.9425182481751825,1096,1.1397870150617897,0.9347,0.784753398355699,0.08336180946384339,,,0.9401541415228364,,0.9401787058882586,0.05982129411174142,0.9691196938989807,0.392040363911852,5,0.1,0.5,0.5840153901598107,1.0,0.5831891273605071,0.5811778285122315,0.5894021449105914,0.5961576872130716,0.5768279148247507,0.5750769076196502,0.5581719794020638,0.573544500799465,0.5823017127903128,0.5829940103519048
5,2,0.2024962916285911,0.9399273733356389,5783,1.1310441474760733,0.9273858921161826,964,1.1396944909430922,0.9347,0.7833354632479325,0.08355975476187619,,,0.9499214000878073,,0.9499272124893329,0.05007278751066713,0.9691230239935625,0.39204345989736905,5,0.1,0.5,0.5909568534361263,0.5831891273605071,1.0,0.5798869140004981,0.5771444212863943,0.5868521757912957,0.5767349210062617,0.5753876335784803,0.565719225633082,0.5676618437581022,0.5868947960733845,0.5772974240582779
5,3,0.18193580993305308,0.9442027614904482,5287,1.1301286114113671,0.9330306469920545,881,1.139693317702784,0.9347,0.7916086575920782,0.08444510182468526,,,0.9936072757723161,,0.9936197982029015,0.006380201797098528,0.9691425652880065,0.3920480258129481,5,0.1,0.5,0.5821382911161926,0.5811778285122315,0.5798869140004981,1.0,0.5869945670116898,0.5951539244004713,0.59034305177433,0.5910480383195995,0.5717356974439219,0.5810721828335149,0.5892519353538608,0.5925414500822457
5,4,0.2146102616109795,0.9354407294832827,4935,1.1456518952663128,0.9257907542579076,822,1.1397235869599607,0.9347,0.7857332597222911,0.08395436779908541,,,0.9693928783488994,,0.969399126549872,0.030600873450127963,0.9691373061086276,0.3920469522237978,5,0.1,0.5,0.5760138277066607,0.5894021449105914,0.5771444212863943,0.5869945670116898,1.0,0.5898682833526083,0.5795614835002858,0.5829024532048531,0.5675956024375992,0.5734768375481537,0.5805637599434774,0.5844841242932957
5,5,0.20077795500879828,0.940989929290765,4667,1.1422821044921876,0.9318766066838047,778,1.1396929895915924,0.9347,0.7959273950889841,0.08457465810542726,,,0.9999999999506568,,1.0,0.0,0.9691427720825035,0.39204803359952434,5,0.1,0.5,0.5895793310515633,0.5961576872130716,0.5868521757912957,0.5951539244004713,0.5898682833526083,1.0,0.5880331226043899,0.5891443290177797,0.572943127850274,0.5745556186988614,0.6019350806706032,0.5973563457734501
5,6,0.2233304947361882,0.9335728722209746,4453,1.1296028047800064,0.9487870619946092,742,1.1397995339414944,0.9347,0.7845132392833499,0.08374671599165079,,,0.9591466693464432,,0.9591586767732544,0.04084132322674561,0.9691291481737879,0.39204553020795013,5,0.1,0.5,0.5729255267946451,0.5768279148247507,0.5767349210062617,0.59034305177433,0.5795614835002858,0.5880331226043899,1.0,0.5808651821450451,0.5680604955354978,0.5758789348932097,0.5783511407183597,0.5902700039472353
5,7,0.21448231481933105,0.9368248772504092,4277,1.1736557561418284,0.9270687237026648,713,1.140064960851456,0.9346,0.7836265974531434,0.08356070262156944,,,0.9499681705380241,,0.9499774107725516,0.0500225892274484,0.9691227831482359,0.3920434662214893,5,0.1,0.5,0.5735154971672531,0.5750769076196502,0.5753876335784803,0.5910480383195995,0.5829024532048531,0.5891443290177797,0.5808651821450451,1.0,0.5697118518559857,0.5692431404664872,0.5760426618874399,0.5873590314707465
5,8,0.2280906532064406,0.933349479292807,4129,1.1312861767682163,0.934593023255814,688,1.139865762509477,0.9347,0.7695765712075081,0.08218862867452988,,,0.8822656226918245,,0.882280006023794,0.11771999397620603,0.9689413062735085,0.391982579290701,5,0.1,0.5,0.562256432599555,0.5581719794020638,0.565719225633082,0.5717356974439219,0.5675956024375992,0.572943127850274,0.5680604955354978,0.5697118518559857,1.0,0.5615768616167808,0.5715482797553052,0.5760170886670539
5,9,0.24267074447423165,0.9252686828292926,4001,1.1466885379382543,0.9235382308845578,667,1.1446010933135644,0.9338,0.7710073362271177,0.07950810599469392,,,0.75,,0.750002509914161,0.24999749008583905,0.967359239701307,0.39134463987448975,5,0.1,0.5,0.5534610675201613,0.573544500799465,0.5676618437581022,0.5810721828335149,0.5734768375481537,0.5745556186988614,0.5758789348932097,0.5692431404664872,0.5615768616167808,1.0,0.5771535688932619,0.5722997172133428
5,10,0.23197333380335666,0.9300591411673952,3889,1.1480460677828108,0.941358024691358,648,1.1398408319622564,0.9347,0.7876434773155008,0.08406541079221536,,,0.974872097287198,,0.9748757592490337,0.02512424075096631,0.9691413968019762,0.3920474042243334,5,0.1,0.5,0.5810096162601307,0.5823017127903128,0.5868947960733845,0.5892519353538608,0.5805637599434774,0.6019350806706032,0.5783511407183597,0.5760426618874399,0.5715482797553052,0.5771535688932619,1.0,0.5807183524892624
5,11,0.2197351250202716,0.9354260089686098,3791,1.1539421319961547,0.9240506329113924,632,1.1397212461922497,0.9347,0.7893623156628142,0.08413101272650134,,,0.9781091080214831,,0.9781235881732845,0.021876411826715514,0.9691409598519465,0.39204761406965954,5,0.1,0.5,0.5802091923533993,0.5829940103519048,0.5772974240582779,0.5925414500822457,0.5844841242932957,0.5973563457734501,0.5902700039472353,0.5873590314707465,0.5760170886670539,0.5722997172133428,0.5807183524892624,1.0
6,0,0.17757821568588686,0.9462137813489165,8214,0.8914827676706536,0.9495982468955442,1369,0.9127982416853737,0.9447,0.7655570782449291,0.0833379134720616,,,0.9473329410441109,,0.9473470207318909,0.05265297926810908,0.9645598391450467,0.3788679048982764,5,0.1,0.5,1.0,0.56495433294924,0.5645928841460047,0.5570346568155624,0.5610772862233391,0.5581872788031516,0.5482691992443687,0.5449608371126711,0.4844185511216587,0.46158618603604884,0.556799140566255,0.556234009239295
6,1,0.18243968048114872,0.9467599634925464,6574,0.9131334900856019,0.9507299270072993,1096,0.9128968944183935,0.9446,0.7710115243122393,0.08384198423407259,,,0.9645607808978077,,0.9645750715325536,0.03542492846744638,0.9646081812222702,0.3788722552722929,5,0.1,0.5,0.56495433294924,1.0,0.566947815150419,0.5543054384706096,0.5709192312331088,0.563248254507594,0.550441151635962,0.5509087960417777,0.49759306501663786,0.4617969198701072,0.5631564859991227,0.5609921103994235
6,2,0.18889837913956103,0.9446653985820508,5783,0.9035458122530291,0.9408713692946058,964,0.9128007439378732,0.9446,0.773886643013399,0.08407825133322151,,,0.9726357815794509,,0.9726519753024446,0.027348024697555373,0.9646149550070702,0.37887321421803416,5,0.1,0.5,0.5645928841460047,0.566947815150419,1.0,0.5623011049957689,0.5643785364193552,0.5675945569270799,0.5566872333074343,0.5561811037644114,0.5014391650136018,0.46354706865866024,0.5667136221541402,0.559937394889552
6,3,0.17192645670386053,0.9474181955740496,5287,0.9010860174894333,0.945516458569807,881,0.9127987486104996,0.9447,0.773772272677822,0.08467308558690087,,,0.9929656837165991,,0.9929772601777019,0.007022739822298063,0.9646372207318239,0.37887407522625366,5,0.1,0.5,0.5570346568155624,0.5543054384706096,0.5623011049957689,1.0,0.5611274016871856,0.5705856187210714,0.558887636151032,0.5600069981523177,0.5070292374826405,0.45926584027680195,0.5700508345664723,0.5637734444986067
6,4,0.19942871352717761,0.9404660587639311,4935,0.9195253940728995,0.9416058394160584,822,0.9128245991258956,0.9446,0.7739541935420048,0.08434759823876971,,,0.9818413648101877,,0.9818533206164349,0.018146679383565067,0.9646336798024813,0.37887384531407065,5,0.1,0.5,0.5610772862233391,0.5709192312331088,0.5643785364193552,0.5611274016871856,1.0,0.5634220968485327,0.5595874148695215,0.5580046356716997,0.5006357449318964,0.46999683135916126,0.5581435154838937,0.5619590976420236
6,5,0.18546644390101405,0.9446325262481251,4667,0.9136951565742493,0.9408740359897172,778,0.9127988367796706,0.9447,0.777091542595653,0.08487890321592947,,,0.9999999999658226,,1.0,0.0,0.9646380229933018,0.3788740975365658,5,0.1,0.5,0.5581872788031516,0.563248254507594,0.5675945569270799,0.5705856187210714,0.5634220968485327,1.0,0.5610463337669145,0.5602262423232719,0.5048392142681645,0.46648022866273,0.572079342373495,0.5663918131049365
6,6,0.20130595091031864,0.9403099034358859,4453,0.9014927173654238,0.9582210242587601,742,0.9129011810016328,0.9446,0.7675124283971066,0.08397778022681013,,,0.9692019380367831,,0.9692133929019627,0.030786607098037266,0.9646203635314442,0.3788728508449734,5,0.1,0.5,0.5482691992443687,0.550441151635962,0.5566872333074343,0.558887636151032,0.5595874148695215,0.5610463337669145,1.0,0.5392678228099984,0.49633758419577256,0.47803557366351734,0.5571462970879453,0.5664224145237844
6,7,0.19364167474168562,0.9417348608837971,4277,0.9485851241194684,0.9340813464235624,713,0.9131568900693339,0.9445,0.762331498879444,0.08366748991488897,,,0.9585970146712521,,0.9586115154861704,0.04138848451382959,0.9646156232647017,0.37887118975272144,5,0.1,0.5,0.5449608371126711,0.5509087960417777,0.5561811037644114,0.5600069981523177,0.5580046356716997,0.5602262423232719,0.5392678228099984,1.0,0.49363556604309256,0.4562395827491877,0.545888972938568,0.5598439314996815
6,8,0.24209569349802154,0.9296682005328166,4129,0.9049936262044039,0.9476744186046512,688,0.9130079729107622,0.9446,0.7077655215320302,0.08079659479291589,,,0.8604772165683164,,0.8604939511068721,0.1395060488931279,0.9642241323758027,0.37876184474937075,5,0.1,0.5,0.4844185511216587,0.49759306501663786,0.5014391650136018,0.5070292374826405,0.5006357449318964,0.5048392142681645,0.49633758419577256,0.49363556604309256,1.0,0.44819216425466357,0.4968827913523655,0.508907262588805
6,9,0.2675613702864327,0.9241189702574356,4001,0.9221705709184919,0.9370314842578711,667,0.9183261590643813,0.9436,0.6679046765789071,0.0775641329629149,,,0.75,,0.750002509914161,0.24999749008583905,0.9625401042369984,0.37819088142705987,5,0.1,0.5,0.46158618603604884,0.4617969198701072,0.46354706865866024,0.45926584027680195,0.46999683135916126,0.46648022866273,0.47803557366351734,0.4562395827491877,0.44819216425466357,1.0,0.4710981296008098,0.4612773218614739
6,10,0.21026995645713856,0.9358189766006686,3889,0.9225994745890299,0.9506172839506173,648,0.9129422327961785,0.9446,0.772743692031972,0.08437961693829789,,,0.9829356814604819,,0.9829476431906029,0.017052356809397096,0.9646368394205158,0.37887388456481,5,0.1,0.5,0.556799140566255,0.5631564859991227,0.5667136221541402,0.5700508345664723,0.5581435154838937,0.572079342373495,0.5571462970879453,0.545888972938568,0.4968827913523655,0.4710981296008098,1.0,0.5594908926005447
