round,client_id,client_i_training_loss,client_i_training_accuracy,client_i_training_dataset_size,client_i_evaluation_loss,client_i_evaluation_accuracy,client_i_evaluation_dataset_size,client_i_central_evaluation_loss,client_i_central_evaluation_accuracy,client_i_cosine_similarity,client_i_importance_coefficient,client_i_tanh_val,tanh_normalization_value,client_i_q,client_i_mask_order,client_i_v_nonzero_fraction,client_i_v_sparsity,client_i_v_cosine_similarity,client_i_reward_gradient_norm,local_epochs,learning_rate,gamma,client_0_cosine_similarity,client_1_cosine_similarity,client_2_cosine_similarity,client_3_cosine_similarity,client_4_cosine_similarity,client_5_cosine_similarity,client_6_cosine_similarity,client_7_cosine_similarity,client_8_cosine_similarity,client_9_cosine_similarity,client_10_cosine_similarity,client_11_cosine_similarity
0,0,2.0296813196709182,0.4729973216459703,8214,2.2609727493552274,0.33966398831263694,1369,2.261055998908826,0.3238,0.9638479027917679,0.08131673800507318,,,0.65,,0.6500178811339539,0.34998211886604613,0,0.09864458343654918,5,0.001,0.1,1.0,0.9855288387879992,0.9759172883457717,0.9609441452364949,0.9514356158483903,0.9379026794810943,0.9359474477209918,0.9296795384422644,0.9234600843470858,0.9144684657863444,0.9075509711977547,0.9046516476282779
0,1,2.137054791265321,0.41034377852144815,6574,2.2626862049102785,0.31843065693430656,1096,2.2610352298322196,0.3235,0.988019881540965,0.08335604986882199,,,0.8831399141661374,,0.8831637041977171,0.11683629580228294,0,0.09867417600958288,5,0.001,0.1,0.9855288387879992,1.0,0.9905124032382255,0.9864347457502914,0.9762522592079127,0.9753957312728879,0.9682847222293416,0.9659422732718244,0.9613768795586435,0.9544327854397584,0.9520358732966077,0.9441282356334718
0,2,2.1649884476846095,0.41013314888466196,5783,2.2605755021495204,0.3288381742738589,964,2.2610346897722433,0.3235,0.9942169402089464,0.08387887571577013,,,0.9429108473167237,,0.942925353514851,0.05707464648514904,0,0.09867458201234419,5,0.001,0.1,0.9759172883457717,0.9905124032382255,1.0,0.992704502828653,0.9870425538548099,0.9818938880852814,0.982931395280114,0.9792406105372932,0.9727045035961799,0.9693739791530267,0.9634052770569268,0.9609466307483445
0,3,2.192218537215727,0.40915452997919427,5287,2.263396603720529,0.32009080590238365,881,2.2610346684440636,0.3235,0.9970255473175681,0.08411582883643312,,,0.9699999998856772,,0.9700176878243976,0.029982312175602432,0,0.09867462699368346,5,0.001,0.1,0.9609441452364949,0.9864347457502914,0.992704502828653,1.0,0.9926810700938642,0.9908505651237978,0.9888352802474789,0.9868788325117165,0.9840811907389654,0.979003581548535,0.9770239719862881,0.9748338370643589
0,4,2.2076235451236847,0.3902330293819656,4935,2.2606861958136926,0.30170316301703165,822,2.261034651686208,0.3235,0.9948071049998275,0.08392866601519486,,,0.9486030155135236,,0.9486279854244595,0.051372014575540526,0,0.0986745988538322,5,0.001,0.1,0.9514356158483903,0.9762522592079127,0.9870425538548099,0.9926810700938642,1.0,0.9870312729669978,0.9912310105120281,0.9874229110260533,0.9886870868660144,0.9814846425054916,0.9763126083190582,0.9821329926344866
0,5,2.2147950920340134,0.38898650096421683,4667,2.259495191574097,0.3277634961439589,778,2.2610346494010463,0.3235,0.993564030636638,0.08382379184156279,,,0.9366135026423145,,0.936623461980843,0.06337653801915699,0,0.09867456163501781,5,0.001,0.1,0.9379026794810943,0.9753957312728879,0.9818938880852814,0.9908505651237978,0.9870312729669978,1.0,0.9908111835008745,0.9904470546132709,0.9903151414572862,0.988838742348603,0.9851697629012726,0.9833111545069247
0,6,2.218984376021794,0.3727823938917584,4453,2.2604322830835977,0.31536388140161725,742,2.2610346486393254,0.3235,0.9935500676279199,0.08382261382756451,,,0.9364788287420996,,0.9364929780303689,0.0635070219696311,0,0.09867456160344584,5,0.001,0.1,0.9359474477209918,0.9682847222293416,0.982931395280114,0.9888352802474789,0.9912310105120281,0.9908111835008745,1.0,0.991270148828537,0.9928615536915133,0.9916870185441518,0.9862116674211738,0.9881633167600183
0,7,2.219910140535725,0.36165536591068503,4277,2.260650531105373,0.32959326788218796,713,2.261034670729226,0.3235,0.990903375375378,0.0835993209409414,,,0.9109513528583852,,0.9109761166043243,0.08902388339567568,0,0.09867444692109655,5,0.001,0.1,0.9296795384422644,0.9659422732718244,0.9792406105372932,0.9868788325117165,0.9874229110260533,0.9904470546132709,0.991270148828537,1.0,0.9879695702638941,0.9886758914640078,0.9895003201541628,0.9837740634404313
0,8,2.22827966433305,0.36183095180431096,4129,2.264459555799311,0.31540697674418605,688,2.2610351513749873,0.3235,0.9891620750432246,0.08345241304967792,,,0.8941564262126218,,0.8941726834266052,0.10582731657339484,0,0.09867427406262608,5,0.001,0.1,0.9234600843470858,0.9613768795586435,0.9727045035961799,0.9840811907389654,0.9886870868660144,0.9903151414572862,0.9928615536915133,0.9879695702638941,1.0,0.9890609388651256,0.9870699245304921,0.991048601504978
0,9,2.2320847068514142,0.3378655336165958,4001,2.257817994980585,0.33883058470764615,667,2.2610359443262364,0.3235,0.9855263052255053,0.08314567487982986,,,0.859089248964708,,0.8591014971825132,0.14089850281748684,0,0.09867375304887135,5,0.001,0.1,0.9144684657863444,0.9544327854397584,0.9693739791530267,0.979003581548535,0.9814846425054916,0.988838742348603,0.9916870185441518,0.9886758914640078,0.9890609388651256,1.0,0.9865605162524819,0.9906221703904681
0,10,2.2320445123266,0.2931344818719465,3889,2.2619199412209645,0.32253086419753085,648,2.2610370198758645,0.3235,0.9817531505808677,0.08282734599536383,,,0.8226969883594144,,0.8227206386947739,0.17727936130522615,0,0.09867262918093901,5,0.001,0.1,0.9075509711977547,0.9520358732966077,0.9634052770569268,0.9770239719862881,0.9763126083190582,0.9851697629012726,0.9862116674211738,0.9895003201541628,0.9870699245304921,0.9865605162524819,1.0,0.9820230927121536
0,11,2.2382990316182627,0.32244790292798736,3791,2.2575566172599792,0.314873417721519,632,2.261037768647313,0.3236,0.9806310859656311,0.08273268102376648,,,0.8118746204101712,,0.8118904708054243,0.1881095291945757,0,0.09867191122039312,5,0.001,0.1,0.9046516476282779,0.9441282356334718,0.9609466307483445,0.9748338370643589,0.9821329926344866,0.9833111545069247,0.9881633167600183,0.9837740634404313,0.991048601504978,0.9906221703904681,0.9820230927121536,1.0
1,0,1.776200298901198,0.5745556367177989,8214,2.204322005427161,0.45361577794010227,1369,2.2053191303825987,0.4331,0.9764299725640531,0.08154139170252404,,,0.65,,0.6500178811339539,0.34998211886604613,0.9673623491212873,0.09932723419562432,5,0.001,0.1,1.0,0.9915596170806252,0.9874468983468455,0.9800498906343005,0.9742765770502372,0.9684739897648272,0.9679453565403443,0.9610129889207945,0.9591595295543307,0.9549472820514856,0.9481920412643932,0.9490140238044878
1,1,1.9251139820200727,0.5164283541222999,6574,2.206924513408116,0.40693430656934304,1096,2.2052587586850785,0.4324,0.9912301292225604,0.08327305684208741,,,0.8804935923654285,,0.8805153632769835,0.11948463672301646,0.9676755953002489,0.09935654987185862,5,0.001,0.1,0.9915596170806252,1.0,0.9953419834828937,0.9933538865511498,0.9877999583511943,0.9877044783243079,0.9846476597475606,0.9801450212453937,0.9787120173309625,0.9758261903480524,0.9722895809575572,0.9707279978037139
1,2,1.9718284278943394,0.5204219263358119,5783,2.204276354082169,0.43983402489626555,964,2.2052575064162476,0.4326,0.9948779794282091,0.08371227184125536,,,0.9389553819262704,,0.9389818385671895,0.06101816143281047,0.9676739312129992,0.09935720955209586,5,0.001,0.1,0.9874468983468455,0.9953419834828937,1.0,0.9959333275647493,0.9927864037261505,0.9897719726435105,0.9907939259109687,0.9864698181166688,0.9843662966976165,0.9821697316796666,0.9783354887562465,0.9780238633642973
1,3,2.0235331447727707,0.5216190656326839,5287,2.210324662072318,0.4029511918274688,881,2.205257365497918,0.4326,0.997587995590513,0.08394550558153918,,,0.9699999998668948,,0.9700176878243976,0.029982312175602432,0.9676738419436874,0.09935725906106878,5,0.001,0.1,0.9800498906343005,0.9933538865511498,0.9959333275647493,1.0,0.9954394353192785,0.9947495617010107,0.9938154861775955,0.9910857571405751,0.9905218219099828,0.9874105576042433,0.986352012435401,0.9848694266079251
1,4,2.0575592807031446,0.510597771023303,4935,2.203695920797495,0.4367396593673966,822,2.205257396728467,0.4326,0.9969623374461732,0.08381027143909499,,,0.9519996355988471,,0.9520205681367858,0.047979431863214184,0.9676744161100771,0.09935724013044325,5,0.001,0.1,0.9742765770502372,0.9877999583511943,0.9927864037261505,0.9954394353192785,1.0,0.9926745991148813,0.994897200601745,0.9916975218079346,0.993057708021696,0.9889679746590839,0.9856278205767759,0.9888168194371059
1,5,2.076641305995314,0.49749303621169916,4667,2.20391806602478,0.42287917737789205,778,2.205257328173604,0.4326,0.997646928244243,0.08376797128094574,,,0.9463692656233302,,0.9463952600496806,0.05360473995031945,0.9676746042332733,0.09935722752622207,5,0.001,0.1,0.9684739897648272,0.9877044783243079,0.9897719726435105,0.9947495617010107,0.9926745991148813,1.0,0.9956026109357408,0.9940340620705062,0.994071603678918,0.993766963445089,0.9921024222440751,0.9912013407024103
1,6,2.0853660249710084,0.5222546597799237,4453,2.2040675977865853,0.4272237196765499,742,2.205257324365,0.4326,0.9980331604842043,0.08377973786638127,,,0.9479354590431468,,0.9479610674553697,0.05203893254463032,0.9676746040233415,0.09935722820611123,5,0.001,0.1,0.9679453565403443,0.9846476597475606,0.9907939259109687,0.9938154861775955,0.994897200601745,0.9956026109357408,1.0,0.9952799958770571,0.9959361498084898,0.9948407715599605,0.9926394692812824,0.9923415367784901
1,7,2.093857828360885,0.4828150572831424,4277,2.2043995442597764,0.43478260869565216,713,2.205257675518243,0.4324,0.9958044357715711,0.08357046210188987,,,0.9200797716757809,,0.9200954949207915,0.07990450507920854,0.9676719563551186,0.09935703714445307,5,0.001,0.1,0.9610129889207945,0.9801450212453937,0.9864698181166688,0.9910857571405751,0.9916975218079346,0.9940340620705062,0.9952799958770571,1.0,0.9927802628845506,0.9937928064244842,0.9948209593968904,0.9909859423352841
1,8,2.106364751779116,0.5065148946476145,4129,2.207999727942727,0.4273255813953488,688,2.205258338976973,0.4325,0.9955364609710404,0.08347152948741075,,,0.9069113286596299,,0.906935946878534,0.09306405312146604,0.9676745502996541,0.09935695453979801,5,0.001,0.1,0.9591595295543307,0.9787120173309625,0.9843662966976165,0.9905218219099828,0.993057708021696,0.994071603678918,0.9959361498084898,0.9927802628845506,1.0,0.9935296289634182,0.9925854063849734,0.9941720213738405
1,9,2.1183483237311953,0.5003249187703074,4001,2.204147974650065,0.4527736131934033,667,2.2052592888426856,0.4325,0.9942217928986099,0.08324054112144705,,,0.8761655816620209,,0.8761900619557128,0.1238099380442872,0.9676768057629203,0.09935653392705308,5,0.001,0.1,0.9549472820514856,0.9758261903480524,0.9821697316796666,0.9874105576042433,0.9889679746590839,0.993766963445089,0.9948407715599605,0.9937928064244842,0.9935296289634182,1.0,0.9935224025652117,0.9944516974496104
1,10,2.118561399960127,0.44679866289534587,3889,2.203536941891625,0.4567901234567901,648,2.2052615442976786,0.4324,0.99206811431217,0.08297529806446333,,,0.8408603580033743,,0.8408820715052049,0.1591179284947951,0.9676623551639174,0.09935541993693471,5,0.001,0.1,0.9481920412643932,0.9722895809575572,0.9783354887562465,0.986352012435401,0.9856278205767759,0.9921024222440751,0.9926394692812824,0.9948209593968904,0.9925854063849734,0.9935224025652117,1.0,0.990997400089472
1,11,2.13058833875576,0.48915853336850434,3791,2.2042975664138793,0.435126582278481,632,2.2052633701421964,0.4324,0.9919082722539945,0.08291196267096107,,,0.8324300893338242,,0.8324489421134533,0.16755105788654667,0.9676539109782183,0.09935503360474365,5,0.001,0.1,0.9490140238044878,0.9707279978037139,0.9780238633642973,0.9848694266079251,0.9888168194371059,0.9912013407024103,0.9923415367784901,0.9909859423352841,0.9941720213738405,0.9944516974496104,0.990997400089472,1.0
2,0,1.5719820086130372,0.6198198198198198,8214,2.1330225523128066,0.5135135135135135,1369,2.134928080220573,0.5024,0.9840360213510843,0.08185858877264081,,,0.65,,0.6500178811339539,0.34998211886604613,0.9857868130726624,0.09953541450376635,5,0.001,0.1,1.0,0.9941867929892132,0.9905539285892343,0.9865186853136034,0.9819309133868087,0.9787433636234528,0.9792212911528094,0.9727890377460142,0.9734124126638134,0.9696093741824979,0.9639827260415177,0.9664242628321125
2,1,1.7191016696610497,0.5692120474596897,6574,2.136540174484253,0.4835766423357664,1096,2.1348151002829066,0.502,0.994536505264825,0.08326103021939536,,,0.8819021464834343,,0.8819168575598535,0.1180831424401465,0.9858812610191238,0.0995651103514628,5,0.001,0.1,0.9941867929892132,1.0,0.996584027617948,0.9957113507319882,0.9919251370426897,0.9917684952163371,0.9912144567242097,0.9872382959159891,0.9872039911979771,0.9843169346584324,0.9811714243577446,0.9812062793517197
2,2,1.7635287018770671,0.5804945530001729,5783,2.1332850225510134,0.516597510373444,964,2.1348142783862714,0.502,0.9966026625379542,0.08359744597805481,,,0.9375305199349733,,0.9375658460676004,0.062434153932399594,0.9858797454759061,0.09956562343742559,5,0.001,0.1,0.9905539285892343,0.996584027617948,1.0,0.9970678693664238,0.9949723690038189,0.9931936098883042,0.9942550876996045,0.9906045481865925,0.9908350077192188,0.9879808780877294,0.9847554903895669,0.9862929210338577
2,3,1.825192449322666,0.5828257991299414,5287,2.14273864030838,0.4790011350737798,881,2.1348138921938764,0.502,0.9982481135373485,0.0837938070081547,,,0.969999999834644,,0.9700176878243976,0.029982312175602432,0.9858807399967175,0.09956567335733957,5,0.001,0.1,0.9865186853136034,0.9957113507319882,0.9970678693664238,1.0,0.9969688870716463,0.9960825221979867,0.9960911059998465,0.9938194687927142,0.9936674814301503,0.990900196189175,0.9899864664999719,0.9898392311864861
2,4,1.8695196642414216,0.565065856129686,4935,2.1316275596618652,0.5036496350364964,822,2.1348140369208095,0.502,0.9979640456809602,0.08370160207087583,,,0.9547533576872508,,0.9547752293134611,0.04522477068653885,0.985878914672934,0.09956565374787357,5,0.001,0.1,0.9819309133868087,0.9919251370426897,0.9949723690038189,0.9969688870716463,1.0,0.99560411315564,0.9964498761226062,0.9940245486041535,0.995213983203543,0.9924124762353803,0.9904899323919356,0.9931983334894829
2,5,1.9002667294789668,0.5542318405828155,4667,2.1339621257781984,0.4884318766066838,778,2.1348139782683155,0.502,0.9984755744362797,0.08369216112047027,,,0.9531922396320482,,0.9532190873855849,0.04678091261441508,0.9858785019792472,0.09956565345699815,5,0.001,0.1,0.9787433636234528,0.9917684952163371,0.9931936098883042,0.9960825221979867,0.99560411315564,1.0,0.9973694538498312,0.9962124185333697,0.9963776653182308,0.9951840619220689,0.9945077912431426,0.994219364263924
2,6,1.9109271373067582,0.5862115427801482,4453,2.1328185498714447,0.5053908355795148,742,2.134813982076919,0.502,0.9988078972814198,0.0837101233835703,,,0.956162408103777,,0.956176723596331,0.04382327640366901,0.9858784898834697,0.09956565398295525,5,0.001,0.1,0.9792212911528094,0.9912144567242097,0.9942550876996045,0.9960911059998465,0.9964498761226062,0.9973694538498312,1.0,0.9960883824132339,0.9975697491296701,0.9959303437945886,0.9939292709627912,0.9951154223419099
2,7,1.9278186668210955,0.5408463876548983,4277,2.1332355478535527,0.49789621318373073,713,2.1348144010233043,0.502,0.9968836775400516,0.08351946338050946,,,0.9246356273881433,,0.9246576004484782,0.07534239955152178,0.985878576930803,0.09956555977556657,5,0.001,0.1,0.9727890377460142,0.9872382959159891,0.9906045481865925,0.9938194687927142,0.9940245486041535,0.9962124185333697,0.9960883824132339,1.0,0.9950333774580224,0.9947970484875686,0.9957751241028899,0.9937878372312032
2,8,1.9415899258393507,0.5655122305643013,4129,2.137225877154957,0.498546511627907,688,2.134815028681161,0.502,0.9973490346806767,0.08347376145241138,,,0.9170785381072308,,0.9170991967987937,0.0829008032012063,0.9858774150428772,0.09956553069204577,5,0.001,0.1,0.9734124126638134,0.9872039911979771,0.9908350077192188,0.9936674814301503,0.995213983203543,0.9963776653182308,0.9975697491296701,0.9950333774580224,1.0,0.99532138838524,0.9943883901334375,0.9967198638082544
2,9,1.960752312909989,0.5742564358910273,4001,2.1361257916405085,0.527736131934033,667,2.134815698995377,0.502,0.9956616091881814,0.08327742264116449,,,0.8846127322288275,,0.8846376895641836,0.11536231043581635,0.9858782749524069,0.0995651846882583,5,0.001,0.1,0.9696093741824979,0.9843169346584324,0.9879808780877294,0.990900196189175,0.9924124762353803,0.9951840619220689,0.9959303437945886,0.9947970484875686,0.99532138838524,1.0,0.9936345607558433,0.9954794994455891
2,10,1.9655242136267366,0.5277449215736694,3889,2.1301516805376326,0.5324074074074074,648,2.134818783964212,0.502,0.9940876803889218,0.08306372082377024,,,0.8492758486278612,,0.849300702680237,0.15069929731976295,0.9858807766900096,0.09956457061263642,5,0.001,0.1,0.9639827260415177,0.9811714243577446,0.9847554903895669,0.9899864664999719,0.9904899323919356,0.9945077912431426,0.9939292709627912,0.9957751241028899,0.9943883901334375,0.9936345607558433,1.0,0.9940757587443829
2,11,1.9822797108097236,0.5601160643629649,3791,2.1362756371498106,0.47943037974683544,632,2.1348205465859116,0.502,0.9948934488554944,0.08305087314898234,,,0.8471514081618934,,0.8471694648224934,0.15283053517750655,0.9858855880959373,0.09956446747728391,5,0.001,0.1,0.9664242628321125,0.9812062793517197,0.9862929210338577,0.9898392311864861,0.9931983334894829,0.994219364263924,0.9951154223419099,0.9937878372312032,0.9967198638082544,0.9954794994455891,0.9940757587443829,1.0
3,0,1.41381407990066,0.6452398344290237,8214,2.045870251433794,0.5734112490869248,1369,2.0485349946890397,0.5706,0.9872411406790205,0.08212690868121922,,,0.65,,0.6500178811339539,0.34998211886604613,0.9925577242375846,0.09962315880262472,5,0.001,0.1,1.0,0.9947438363539768,0.9925420947450453,0.9892332671695111,0.9848769835578199,0.9839228965821469,0.9840163289306108,0.9785334300268299,0.9787164132733299,0.9758187635999608,0.9713013533160434,0.9729443646626044
3,1,1.5470087626605358,0.6087313659872224,6574,2.0503949846540177,0.5538321167883211,1096,2.048352715687249,0.5707,0.9959649358293245,0.08326939902187551,,,0.885656871235597,,0.8856767284290699,0.11432327157093014,0.9926786299279916,0.0996582460586275,5,0.001,0.1,0.9947438363539768,1.0,0.9968753096273321,0.9966217060468159,0.993199613394605,0.9944624116241196,0.9936572879008976,0.99047455197327,0.9901485776931899,0.9889360678594696,0.9860822619682378,0.985561211601908
3,2,1.5788939192808793,0.6253847484004842,5783,2.0462172954313216,0.5798755186721992,964,2.048351229951024,0.5707,0.9974153074907923,0.08352271179225816,,,0.937906673958748,,0.9379331342244904,0.06206686577550957,0.99269650123288,0.09965878698233845,5,0.001,0.1,0.9925420947450453,0.9968753096273321,1.0,0.9972162348535999,0.9964255532079299,0.9954277500489509,0.9956347180338614,0.9928332230746586,0.9928121638798555,0.9905834247100097,0.9884290366386322,0.989257667136066
3,3,1.6394679882440222,0.6257234726688103,5287,2.0594127689089095,0.5437003405221339,881,2.048350699412556,0.5707,0.9985013955016794,0.08367830375345903,,,0.969999999793734,,0.9700176878243976,0.029982312175602432,0.992696290098904,0.09965883960260394,5,0.001,0.1,0.9892332671695111,0.9966217060468159,0.9972162348535999,1.0,0.9968809258845245,0.9970682187798533,0.9968648548466601,0.9951154358617499,0.9946507659875051,0.9931097159555895,0.9925615496996495,0.991638060946603
3,4,1.6834418252206618,0.6053495440729483,4935,2.0432192178872914,0.5948905109489051,822,2.048350983534377,0.5707,0.9981730261926295,0.08361110928794341,,,0.9561400686028385,,0.9561573926407052,0.043842607359294794,0.9926966541630446,0.09965881708740146,5,0.001,0.1,0.9848769835578199,0.993199613394605,0.9964255532079299,0.9968809258845245,1.0,0.9963946509397485,0.9969828658666222,0.9952606321749141,0.9960727656893459,0.9941724730929151,0.9925324821135592,0.9941695412017865
3,5,1.7177708093434163,0.6011999142918363,4667,2.0481876277923585,0.5449871465295629,778,2.04835088870015,0.5707,0.9989318173885379,0.08362982488012478,,,0.9600004582620202,,0.9600139182880506,0.039986081711949395,0.9926967790165964,0.09965882822346549,5,0.001,0.1,0.9839228965821469,0.9944624116241196,0.9954277500489509,0.9970682187798533,0.9963946509397485,1.0,0.9981280181644974,0.9970678838217826,0.9968583085151702,0.9962205914483375,0.9954383238200557,0.9950438135615409
3,6,1.7272541407176427,0.6251964967437682,4453,2.0450492799282074,0.568733153638814,742,2.048350885272407,0.5707,0.9990075964548214,0.08364329637914968,,,0.962779169992078,,0.9627975758981645,0.037202424101835496,0.9926967928454581,0.09965882852025217,5,0.001,0.1,0.9840163289306108,0.9936572879008976,0.9956347180338614,0.9968648548466601,0.9969828658666222,0.9981280181644974,1.0,0.9970655475389609,0.9974330657004082,0.9963776623191194,0.9950293619980578,0.9957480285283413
3,7,1.7483145656870371,0.595884966097732,4277,2.045954600624416,0.5610098176718092,713,2.048351381533443,0.5707,0.9977365090054344,0.08348522758388059,,,0.9301749575908644,,0.930191086496361,0.06980891350363905,0.9926941076156337,0.0996586633856472,5,0.001,0.1,0.9785334300268299,0.99047455197327,0.9928332230746586,0.9951154358617499,0.9952606321749141,0.9970678838217826,0.9970655475389609,1.0,0.9965537800987041,0.9964891589721268,0.9967529859123337,0.995534145794841
3,8,1.7607919864471142,0.6122547832404941,4129,2.049909456209703,0.5741279069767442,688,2.04835196577322,0.5707,0.9977844211274851,0.08345872709646271,,,0.924708809012725,,0.9247300915320749,0.07526990846792514,0.9926943652468637,0.09965866127676341,5,0.001,0.1,0.9787164132733299,0.9901485776931899,0.9928121638798555,0.9946507659875051,0.9960727656893459,0.9968583085151702,0.9974330657004082,0.9965537800987041,1.0,0.9960832090032895,0.9958576619362501,0.9970722230691239
3,9,1.7862575485592798,0.6151462134466383,4001,2.0524546191805886,0.5817091454272864,667,2.048353079408883,0.5708,0.9967456667929737,0.08330467769387054,,,0.8929336605158631,,0.8929500004832739,0.10704999951672611,0.9926830731979399,0.09965833546272046,5,0.001,0.1,0.9758187635999608,0.9889360678594696,0.9905834247100097,0.9931097159555895,0.9941724730929151,0.9962205914483375,0.9963776623191194,0.9964891589721268,0.9960832090032895,1.0,0.9957209194467331,0.9963099288664584
3,10,1.7920476518693518,0.5727950629982,3889,2.040405443736485,0.6188271604938271,648,2.048356469446859,0.5708,0.9955237672730268,0.08313405653985032,,,0.8577403237390151,,0.8577531630276143,0.14224683697238572,0.9926801624156962,0.09965760929536582,5,0.001,0.1,0.9713013533160434,0.9860822619682378,0.9884290366386322,0.9925615496996495,0.9925324821135592,0.9954383238200557,0.9950293619980578,0.9967529859123337,0.9958576619362501,0.9957209194467331,1.0,0.9954552194936753
3,11,1.8106562951031853,0.6034291743603271,3791,2.0524351954460145,0.564873417721519,632,2.04835813609175,0.5709,0.9958205263532446,0.08313575728990606,,,0.8580911305884287,,0.8581107857066914,0.14188921429330859,0.992675794785687,0.09965761074951651,5,0.001,0.1,0.9729443646626044,0.985561211601908,0.989257667136066,0.991638060946603,0.9941695412017865,0.9950438135615409,0.9957480285283413,0.995534145794841,0.9970722230691239,0.9963099288664584,0.9954552194936753,1.0
4,0,1.291059293705202,0.6620160701241782,8214,1.9428213529808576,0.5982468955441929,1369,1.9461654226619975,0.603,0.989085286045806,0.08233940359755594,,,0.65,,0.6500178811339539,0.34998211886604613,0.9961019192088721,0.09965317023866702,5,0.001,0.1,1.0,0.9951659943356258,0.99304461174712,0.9904424499476254,0.9866512118556497,0.9864846207816753,0.986592607451479,0.9817333570610486,0.9815644543003288,0.9785908231024382,0.9755974851581466,0.9771024303787911
4,1,1.4094214592743846,0.630270763614238,6574,1.9485557862690517,0.5921532846715328,1096,1.9458858879229513,0.6029,0.9965792078644451,0.08328249667382125,,,0.8897908158716117,,0.8898087201940827,0.11019127980591725,0.9962161713161283,0.09969437379801953,5,0.001,0.1,0.9951659943356258,1.0,0.997389663769036,0.9967296972012853,0.9942405006247066,0.995394636899434,0.9947341432375468,0.9918282697060701,0.9918312467937751,0.98958718157515,0.9877953804016208,0.9877611223813456
4,2,1.4274635616587013,0.6515649316963513,5783,1.943041539961292,0.6068464730290456,964,1.945882919116523,0.6029,0.9979305016261775,0.0834815789391145,,,0.9404094663756339,,0.940431660239124,0.059568339760876055,0.9962161912101952,0.09969498754327706,5,0.001,0.1,0.99304461174712,0.997389663769036,1.0,0.9977321617500647,0.9968419416132587,0.9962157930092012,0.9965546394421705,0.9940375309601124,0.9937731982881992,0.9917305771148939,0.9902813295998867,0.9909686517074704
4,3,1.4822719586900919,0.6526952903347835,5287,1.9602994791099004,0.5629965947786606,881,1.9458823775331053,0.6029,0.9985777293878761,0.08359795798825742,,,0.96999999974574,,0.9700176878243976,0.029982312175602432,0.9962160351766425,0.09969508301329477,5,0.001,0.1,0.9904424499476254,0.9967296972012853,0.9977321617500647,1.0,0.9973824405602215,0.9970871220403548,0.9970774303212809,0.9956846396508167,0.9951977363341189,0.9930207551120681,0.9932373937799496,0.9926784863108092
4,4,1.525613550601467,0.6344478216818642,4935,1.9385321323688214,0.6240875912408759,822,1.9458826353755623,0.6029,0.9983983080062669,0.08355093076572422,,,0.9580428596254145,,0.9580614917698457,0.041938508230154325,0.9962162498172765,0.09969504703851043,5,0.001,0.1,0.9866512118556497,0.9942405006247066,0.9968419416132587,0.9973824405602215,1.0,0.996768026835236,0.9975310728122524,0.9959481127794495,0.9958408785371423,0.9947273816121313,0.9935807699660859,0.9945626982163855
4,5,1.557822888518033,0.6294836083136919,4667,1.9470411109924317,0.570694087403599,778,1.9458825409221954,0.6029,0.998892149575156,0.08357836449709856,,,0.9650181593007201,,0.9650351340118499,0.03496486598815007,0.9962162926688507,0.09969506713174767,5,0.001,0.1,0.9864846207816753,0.995394636899434,0.9962157930092012,0.9970871220403548,0.996768026835236,1.0,0.9980449852688601,0.9970646994088601,0.9968295039679393,0.9958020457047204,0.9952304134205041,0.9950616734353872
4,6,1.5620075372287205,0.6492701549517179,4453,1.9408932328224182,0.6118598382749326,742,1.9458825447307988,0.6029,0.9990162974676842,0.08359064054121666,,,0.9681394658915956,,0.9681570833454152,0.03184291665458483,0.9962161380824652,0.09969508281371259,5,0.001,0.1,0.986592607451479,0.9947341432375468,0.9965546394421705,0.9970774303212809,0.9975310728122524,0.9980449852688601,1.0,0.9970072839526913,0.997281252251082,0.9962276793301853,0.994946983099313,0.9954680003584808
4,7,1.585782776572811,0.6335749357025953,4277,1.9423338330310325,0.6171107994389902,713,1.9458831061189548,0.6029,0.9979335016628804,0.08345867437835916,,,0.934585753479286,,0.9346033771179478,0.06539662288205217,0.9962171061296563,0.09969485361776702,5,0.001,0.1,0.9817333570610486,0.9918282697060701,0.9940375309601124,0.9956846396508167,0.9959481127794495,0.9970646994088601,0.9970072839526913,1.0,0.9966848628043684,0.9961186616604271,0.9966889033222704,0.9956746885543373
4,8,1.6001084660566771,0.6266408331315089,4129,1.9461634971878745,0.6119186046511628,688,1.9458835642939558,0.6029,0.9978927175455153,0.0834410956951739,,,0.9301161980461837,,0.9301330936294836,0.0698669063705164,0.9962163469314379,0.09969479442249835,5,0.001,0.1,0.9815644543003288,0.9918312467937751,0.9937731982881992,0.9951977363341189,0.9958408785371423,0.9968295039679393,0.997281252251082,0.9966848628043684,1.0,0.9961797082778192,0.99609497281705,0.9967077308803488
4,9,1.6194965023843069,0.6436890777305674,4001,1.9530033838181269,0.6101949025487257,667,1.9458853417692092,0.6029,0.9967390025914148,0.08330930552512725,,,0.8966072335604192,,0.8966228820521742,0.10337711794782578,0.9962165171800049,0.09969447702822279,5,0.001,0.1,0.9785908231024382,0.98958718157515,0.9917305771148939,0.9930207551120681,0.9947273816121313,0.9958020457047204,0.9962276793301853,0.9961186616604271,0.9961797082778192,1.0,0.9956173822721673,0.9965677716880262
4,10,1.631205614277574,0.6071997942915917,3889,1.9342322860445296,0.6481481481481481,648,1.9458912755734623,0.6029,0.9959640576799538,0.08317957930961137,,,0.8636230500886508,,0.8636394390156678,0.13636056098433225,0.9962050001228953,0.09969353728727245,5,0.001,0.1,0.9755974851581466,0.9877953804016208,0.9902813295998867,0.9932373937799496,0.9935807699660859,0.9952304134205041,0.994946983099313,0.9966889033222704,0.99609497281705,0.9956173822721673,1.0,0.9958025214137538
4,11,1.6489496884225798,0.6284357689264046,3791,1.9527382791042327,0.5996835443037974,632,1.9458924672854976,0.6029,0.9962535377812373,0.08318997208893977,,,0.8662655178334048,,0.8662732817196818,0.13372671828031824,0.9962050422397634,0.09969354318940506,5,0.001,0.1,0.9771024303787911,0.9877611223813456,0.9909686517074704,0.9926784863108092,0.9945626982163855,0.9950616734353872,0.9954680003584808,0.9956746885543373,0.9967077308803488,0.9965677716880262,0.9958025214137538,1.0
5,0,1.1943678152700343,0.6709033357682006,8214,1.8264802860659222,0.6267348429510592,1369,1.8301694640717185,0.6269,0.9902556797965605,0.08249998083212205,,,0.65,,0.6500178811339539,0.34998211886604613,0.9974451323593975,0.09967094006634747,5,0.001,0.1,1.0,0.9951607142197721,0.9930570137472148,0.9911507775707863,0.9877493941589389,0.9877753863843601,0.9879432817795311,0.983477826739061,0.9837452300269854,0.9804737437444078,0.9791858048864418,0.9800141969709713
5,1,1.3001884766574046,0.6457255856404016,6574,1.8332207543509347,0.6186131386861314,1096,1.8297510969753084,0.6272,0.9967957454933166,0.08328983870732605,,,0.89159384729637,,0.8916161645450943,0.10838383545490571,0.9975623225948078,0.09971771596274658,5,0.001,0.1,0.9951607142197721,1.0,0.9971125703596474,0.9966472075026669,0.9943669250305022,0.9954663130184547,0.9948646969727271,0.9923561319458103,0.9923496938494639,0.990588252721335,0.9899031656818568,0.9890506584433941
5,2,1.3056818525435516,0.6704824485561127,5783,1.8261707367435578,0.6338174273858921,964,1.8297459911614562,0.6272,0.9981198414563694,0.0834547498721817,,,0.9420352292593108,,0.9420554605116904,0.05794453948830958,0.9975649947959219,0.09971840685490313,5,0.001,0.1,0.9930570137472148,0.9971125703596474,1.0,0.9976000977148837,0.9967234290092789,0.9964131813167443,0.9966209085018126,0.9944481299164337,0.994382995138553,0.9927822481331723,0.9922970726834033,0.9922284799872895
5,3,1.3544534518058042,0.6632116512199735,5287,1.8473800803933824,0.5902383654937571,881,1.8297454549100833,0.6272,0.9984909916791772,0.08353814269357382,,,0.9675425935453459,,0.9675578237210156,0.03244217627898438,0.9975649920402975,0.09971853205020195,5,0.001,0.1,0.9911507775707863,0.9966472075026669,0.9976000977148837,1.0,0.9972469711511565,0.9968966925499612,0.9968253170003674,0.9955589929611091,0.9953023026273099,0.9936522290300183,0.9939939070040601,0.9932053097739617
5,4,1.395777148738984,0.6522391084093212,4935,1.8196494671014638,0.6545012165450121,822,1.8297457051353332,0.6272,0.9983207778236648,0.0835037912454015,,,0.9570355152662195,,0.9570562820773045,0.04294371792269547,0.9975650006685579,0.09971848339508908,5,0.001,0.1,0.9877493941589389,0.9943669250305022,0.9967234290092789,0.9972469711511565,1.0,0.9964555328332383,0.9972374206668266,0.9958785699205788,0.9958352778890165,0.9949229389897354,0.9948906750826163,0.9947004542541505
5,5,1.4233113865329794,0.6473109063638312,4667,1.8328794813156128,0.596401028277635,778,1.8297455878303455,0.6272,0.9988471754844229,0.0835376230118536,,,0.9673836384850785,,0.9673983433371028,0.03260165666289716,0.9975647670474757,0.09971853203673767,5,0.001,0.1,0.9877753863843601,0.9954663130184547,0.9964131813167443,0.9968966925499612,0.9964555328332383,1.0,0.9976961165567074,0.9967595704420565,0.9969002677384083,0.9964463589998722,0.9958593200125817,0.9956390431079889
5,6,1.4252269976479666,0.6653042892432068,4453,1.8229121218125026,0.6266846361185984,742,1.8297455767853954,0.6272,0.9988788096801189,0.08354617684519197,,,0.96999999969413,,0.9700176878243976,0.029982312175602432,0.9975649933624406,0.09971853232444637,5,0.001,0.1,0.9879432817795311,0.9948646969727271,0.9966209085018126,0.9968253170003674,0.9972374206668266,0.9976961165567074,1.0,0.9970108763481953,0.9970009295322326,0.9960551549087758,0.9958732463604046,0.9955567508894269
5,7,1.4468622705829677,0.6507364975450082,4277,1.8250504421151204,0.6437587657784011,713,1.8297468991325305,0.6272,0.9979224370396832,0.08343432138257077,,,0.9357867666504113,,0.9358018963667469,0.06419810363325307,0.9975628842266395,0.09971827258959123,5,0.001,0.1,0.983477826739061,0.9923561319458103,0.9944481299164337,0.9955589929611091,0.9958785699205788,0.9967595704420565,0.9970108763481953,1.0,0.9967713434712735,0.9963316522704968,0.9970096257363478,0.9956044960129508
5,8,1.4616654033844287,0.6458706708646161,4129,1.8282289830121128,0.6380813953488372,688,1.8297470648067828,0.6272,0.9979903684678848,0.08342572929715696,,,0.933158705278121,,0.9331728864016393,0.06682711359836069,0.9975634641456176,0.09971827181365399,5,0.001,0.1,0.9837452300269854,0.9923496938494639,0.994382995138553,0.9953023026273099,0.9958352778890165,0.9969002677384083,0.9970009295322326,0.9967713434712735,1.0,0.995902041477706,0.996900514743773,0.9969359944640418
5,9,1.4756533079677159,0.6561359660084979,4001,1.8396761474155245,0.6281859070464768,667,1.8297497742473128,0.6272,0.9969801449766494,0.08331224279433538,,,0.8984465859290636,,0.8984689883144373,0.10153101168556267,0.9975623125236894,0.09971782530664763,5,0.001,0.1,0.9804737437444078,0.990588252721335,0.9927822481331723,0.9936522290300183,0.9949229389897354,0.9964463589998722,0.9960551549087758,0.9963316522704968,0.995902041477706,1.0,0.9966652394004193,0.996098066198085
5,10,1.489247834193902,0.6293134481871947,3889,1.8139219397590274,0.6558641975308642,648,1.8297584730977068,0.6272,0.9969080477389987,0.08323031792641397,,,0.8733882246064406,,0.8733967388677859,0.1266032611322141,0.9975598170212426,0.09971698646817197,5,0.001,0.1,0.9791858048864418,0.9899031656818568,0.9922970726834033,0.9939939070040601,0.9948906750826163,0.9958593200125817,0.9958732463604046,0.9970096257363478,0.996900514743773,0.9966652394004193,1.0,0.9964665075860636
5,11,1.5066397083907568,0.6404115009232393,3791,1.839739942550659,0.6281645569620253,632,1.8297590657164113,0.6272,0.9966104858776004,0.08322708539187222,,,0.8723994891883655,,0.872415692869777,0.12758430713022295,0.9975598338131395,0.09971698493709445,5,0.001,0.1,0.9800141969709713,0.9890506584433941,0.9922284799872895,0.9932053097739617,0.9947004542541505,0.9956390431079889,0.9955567508894269,0.9956044960129508,0.9969359944640418,0.996098066198085,0.9964665075860636,1.0
6,0,1.1161479455023888,0.6814950085220356,8214,1.7001301549201788,0.6501095690284879,1369,1.7040646643684314,0.6458,0.9905989169746013,0.08261128922278792,,,0.97,,0.9700176878243976,0.029982312175602432,0.9976143284244141,0.0997130152480051,5,0.001,0.1,1.0,0.9947766039473606,0.992749328393933,0.9909676835239448,0.9874356252058512,0.9879500042093956,0.9879945400331858,0.9839967950282447,0.9844166630310638,0.9809233416147539,0.9807482481253813,0.9812175392256672
6,1,1.2090901282805842,0.6559476726498327,6574,1.7081582954951695,0.6432481751824818,1096,1.703574787313565,0.6459,0.9967920622319008,0.08329593684210539,,,0.97,,0.9700176878243976,0.029982312175602432,0.9981355955936527,0.0997130152480051,5,0.001,0.1,0.9947766039473606,1.0,0.9968393206337217,0.9961963546760596,0.9940040759450863,0.995257351579784,0.9947341079683687,0.9923845818125635,0.9926211154409555,0.9903834479599468,0.990501956790019,0.9894707724214685
6,2,1.2053359148252076,0.6845236036659174,5783,1.6992008532247236,0.6628630705394191,964,1.7035684463695977,0.6459,0.9981616752689487,0.08344135440356136,,,0.97,,0.9700176878243976,0.029982312175602432,0.9981431289162133,0.0997130152480051,5,0.001,0.1,0.992749328393933,0.9968393206337217,1.0,0.9971413954998957,0.9965255304471027,0.9961498491811895,0.996391137416349,0.9945056702211538,0.9947122166874701,0.9926537852612551,0.9932266901027238,0.9926256078665485
6,3,1.2480757126607092,0.6747872139209381,5287,1.7244874451841627,0.6027241770715096,881,1.7035679619152324,0.6459,0.9982424209353864,0.08349513070733561,,,0.97,,0.9700176878243976,0.029982312175602432,0.9981441299996232,0.0997130152480051,5,0.001,0.1,0.9909676835239448,0.9961963546760596,0.9971413954998957,1.0,0.9967365817670162,0.9965041668347526,0.9963230220762437,0.9953296167134638,0.9951323685715643,0.9930930556712874,0.9940411380329064,0.9929993068613472
6,4,1.285739379928958,0.6646808510638298,4935,1.6904475367986238,0.6678832116788321,822,1.7035681371109934,0.6459,0.9981279733412295,0.0834703571526904,,,0.97,,0.9700176878243976,0.029982312175602432,0.9981440500983535,0.0997130152480051,5,0.001,0.1,0.9874356252058512,0.9940040759450863,0.9965255304471027,0.9967365817670162,1.0,0.9958688470357377,0.9968966888406199,0.9955689041291621,0.9955940363498216,0.9946743716202653,0.995287355038926,0.994472129665002
6,5,1.31035830623483,0.6600814227555175,4667,1.7093028259277343,0.615681233933162,778,1.70356804608537,0.6459,0.9986020616587,0.08350642608288614,,,0.97,,0.9700176878243976,0.029982312175602432,0.9981441298697866,0.0997130152480051,5,0.001,0.1,0.9879500042093956,0.995257351579784,0.9961498491811895,0.9965041668347526,0.9958688470357377,1.0,0.9971744823457904,0.9964810002722175,0.9965686076216229,0.9954651066295402,0.995954146625099,0.9953678287622487
6,6,1.3077316595826831,0.6770267235571524,4453,1.6949390520652134,0.6509433962264151,742,1.7035680091419159,0.6459,0.9986437832743629,0.08351302195748124,,,0.97,,0.9700176878243976,0.029982312175602432,0.99814413149223,0.0997130152480051,5,0.001,0.1,0.9879945400331858,0.9947341079683687,0.996391137416349,0.9963230220762437,0.9968966888406199,0.9971744823457904,1.0,0.9964974323885716,0.9966874941465941,0.9954960497448204,0.9958166325123349,0.9952264057063639
6,7,1.3292102980969558,0.6653729249473931,4277,1.6978224204934163,0.6591865357643759,713,1.7035698475548253,0.6459,0.9977735256928894,0.08341628484936896,,,0.97,,0.9700176878243976,0.029982312175602432,0.9981417540334043,0.0997130152480051,5,0.001,0.1,0.9839967950282447,0.9923845818125635,0.9945056702211538,0.9953296167134638,0.9955689041291621,0.9964810002722175,0.9964974323885716,1.0,0.9963742265998807,0.9958533863192992,0.9967726961599183,0.9950350359505081
6,8,1.342840226659408,0.6570113829014289,4129,1.69977115501057,0.6482558139534884,688,1.703569639224214,0.6459,0.9979902287318398,0.08341801107512815,,,0.97,,0.9700176878243976,0.029982312175602432,0.9981417340044403,0.0997130152480051,5,0.001,0.1,0.9844166630310638,0.9926211154409555,0.9947122166874701,0.9951323685715643,0.9955940363498216,0.9965686076216229,0.9966874941465941,0.9963742265998807,1.0,0.9956490818012067,0.9968575372605746,0.9967853862686135
6,9,1.3515766644288623,0.6690327418145464,4001,1.716103610538301,0.6326836581709145,667,1.70357289938881,0.6459,0.9967230148226845,0.08330745386681006,,,0.97,,0.9700176878243976,0.029982312175602432,0.9981370054197329,0.0997130152480051,5,0.001,0.1,0.9809233416147539,0.9903834479599468,0.9926537852612551,0.9930930556712874,0.9946743716202653,0.9954651066295402,0.9954960497448204,0.9958533863192992,0.9956490818012067,1.0,0.9964702936342722,0.9955579334452767
