round,client_id,client_i_training_loss,client_i_training_accuracy,client_i_training_dataset_size,client_i_evaluation_loss,client_i_evaluation_accuracy,client_i_evaluation_dataset_size,client_i_central_evaluation_loss,client_i_central_evaluation_accuracy,client_i_cosine_similarity,client_i_importance_coefficient,client_i_tanh_val,tanh_normalization_value,client_i_q,client_i_mask_order,client_i_v_nonzero_fraction,client_i_v_sparsity,client_i_v_cosine_similarity,client_i_reward_gradient_norm,local_epochs,learning_rate,gamma,client_0_cosine_similarity,client_1_cosine_similarity,client_2_cosine_similarity,client_3_cosine_similarity,client_4_cosine_similarity,client_5_cosine_similarity,client_6_cosine_similarity,client_7_cosine_similarity,client_8_cosine_similarity,client_9_cosine_similarity,client_10_cosine_similarity,client_11_cosine_similarity
0,0,0.2854119044833668,0.9112977842707572,8214,2.18817801808202,0.42951059167275385,1369,2.191342010284765,0.4154,0.8010971582428491,0.08664818479056158,,,0.9699999999884386,,0.9700015059484965,0.029998494051503455,0,0.3870640176315743,5,0.1,0.5,1.0,0.5792433752389164,0.5735221716598853,0.5813742313387723,0.5600512358143623,0.570167076847738,0.5805422820922329,0.568702153060451,0.40963873530404865,0.5741466910927455,0.5657359265104378,0.571297145815578
0,1,0.31115696205513427,0.903985397018558,6574,2.1938600063323976,0.40784671532846717,1096,2.19134549744213,0.4153,0.7851647678229309,0.08492490728913028,,,0.9500763696292867,,0.9500978866522765,0.04990211334772354,0,0.38706226815392974,5,0.1,0.5,0.5792433752389164,1.0,0.5538679108506626,0.5644551944569205,0.569481927179276,0.5764228362722413,0.5708314616204425,0.5805089884296184,0.4070377429161385,0.5752863011925202,0.5827157589256755,0.5740094233370691
0,2,0.3180393689625912,0.9031644475185889,5783,2.200055253121161,0.3921161825726141,964,2.1913445605256685,0.4154,0.7792433251091552,0.08428443283829666,,,0.9426715400517569,,0.9426836002208725,0.0573163997791275,0,0.387061116045824,5,0.1,0.5,0.5735221716598853,0.5538679108506626,1.0,0.5675479244720104,0.5694748422372954,0.578911405689369,0.5936976613657703,0.5765600704614471,0.3950613831195247,0.5790453184592667,0.591937314613888,0.5767872086178795
0,3,0.3207527089302978,0.8974087384149801,5287,2.195878837789808,0.39500567536889897,881,2.191345817364824,0.4153,0.7898148332293073,0.08542786716418922,,,0.955891327828321,,0.9559058280206817,0.04409417197931831,0,0.3870629432046264,5,0.1,0.5,0.5813742313387723,0.5644551944569205,0.5675479244720104,1.0,0.5842633994152963,0.6062675528803753,0.6034143957881971,0.6051658964453817,0.4072125542607962,0.6094341923461172,0.5862290862128579,0.5914519841291586
0,4,0.34571902371221974,0.8955217831813577,4935,2.1869621185156016,0.43795620437956206,822,2.191347357564079,0.4154,0.7820502644550518,0.0845880367103571,,,0.9461816487356545,,0.9462024998745043,0.05379750012549567,0,0.387061694532921,5,0.1,0.5,0.5600512358143623,0.569481927179276,0.5694748422372954,0.5842633994152963,1.0,0.6084347244628777,0.5910418815931275,0.5886629430534517,0.41966097499701516,0.5915195351515115,0.5957089236653086,0.5955733896942538
0,5,0.33669357856684556,0.8945361045639597,4667,2.1880745697021484,0.39845758354755784,778,2.1913431444868876,0.4154,0.7954073418610441,0.08603276348216947,,,0.9628848216997612,,0.9628984488730485,0.03710155112695146,0,0.3870635732406248,5,0.1,0.5,0.570167076847738,0.5764228362722413,0.578911405689369,0.6062675528803753,0.6084347244628777,1.0,0.611981513316536,0.6096139347191049,0.4305594718150613,0.6087771876780981,0.6065135850470601,0.6184693020202329
0,6,0.36994842088249114,0.8843027172692567,4453,2.1862560907999673,0.4380053908355795,742,2.191344565095993,0.4153,0.790731320878593,0.0855269962028788,,,0.9570374057658958,,0.9570553687063902,0.042944631293609814,0,0.3870630766232347,5,0.1,0.5,0.5805422820922329,0.5708314616204425,0.5936976613657703,0.6034143957881971,0.5910418815931275,0.611981513316536,1.0,0.604208961607018,0.41448047141993255,0.6006938156893575,0.609595234434859,0.6033426292694911
0,7,0.37610291064258167,0.8831423895253683,4277,2.1894198293271274,0.40953716690042075,713,2.191345430410708,0.4153,0.7855972365694947,0.08497168392724817,,,0.9506171765779821,,0.9506350082827167,0.04936499171728326,0,0.3870623365165986,5,0.1,0.5,0.568702153060451,0.5805089884296184,0.5765600704614471,0.6051658964453817,0.5886629430534517,0.6096139347191049,0.604208961607018,1.0,0.41565419130609116,0.6038143952959559,0.6061275195100144,0.5963833883793604
0,8,0.5031120100201896,0.8639864373940421,4129,2.1894452463496816,0.4258720930232558,688,2.1917907506132277,0.4133,0.5851854325358065,0.06329476390395107,,,0.7,,0.7,0.30000000000000004,0,0.3863291885899882,5,0.1,0.5,0.40963873530404865,0.4070377429161385,0.3950613831195247,0.4072125542607962,0.41966097499701516,0.4305594718150613,0.41448047141993255,0.41565419130609116,1.0,0.4095540327337205,0.4245257247374286,0.4167360068249606
0,9,0.37967557066344493,0.884028992751812,4001,2.1950704710824147,0.40929535232383807,667,2.1913454768756706,0.4153,0.7848818539063007,0.0848943067844652,,,0.9497225826488124,,0.9497314391847799,0.05026856081522013,0,0.3870622079061531,5,0.1,0.5,0.5741466910927455,0.5752863011925202,0.5790453184592667,0.6094341923461172,0.5915195351515115,0.6087771876780981,0.6006938156893575,0.6038143952959559,0.4095540327337205,1.0,0.6113909694839433,0.606663522675938
0,10,0.38302369845695183,0.8797634353304191,3889,2.194309359505063,0.4089506172839506,648,2.191345520293751,0.4153,0.785004464433484,0.0849075685711378,,,0.9498759084685642,,0.9498870538627578,0.050112946137242154,0,0.38706222026942194,5,0.1,0.5,0.5657359265104378,0.5827157589256755,0.591937314613888,0.5862290862128579,0.5957089236653086,0.6065135850470601,0.609595234434859,0.6061275195100144,0.4245257247374286,0.6113909694839433,1.0,0.6056440092917572
0,11,0.39031821104283093,0.8766552360854656,3791,2.189536619186401,0.43354430379746833,632,2.191347400982159,0.4154,0.7812223538796039,0.08449848833561463,,,0.9451463374081697,,0.9451633954118769,0.05483660458812312,0,0.3870615319078621,5,0.1,0.5,0.571297145815578,0.5740094233370691,0.5767872086178795,0.5914519841291586,0.5955733896942538,0.6184693020202329,0.6033426292694911,0.5963833883793604,0.4167360068249606,0.606663522675938,0.6056440092917572,1.0
1,0,0.25973797796533266,0.9211102994886778,8214,2.037050205607747,0.745799853907962,1369,2.0418478132436833,0.7298,0.8003756741070684,0.08551766917456666,,,0.9665577460482867,,0.9665779830329803,0.03342201696701974,0.9567499430405669,0.4018029012039665,5,0.1,0.5,1.0,0.611866670422253,0.6131860111514279,0.6161012326793347,0.6245089050379747,0.6191237032871457,0.6060826881052439,0.6181314654479543,0.5070881691736188,0.6280678872208477,0.6115014588264547,0.6210189405403255
1,1,0.27652116663600274,0.9172801947064192,6574,2.04634211063385,0.7244525547445255,1096,2.041864002855441,0.7297,0.7988833911656834,0.08432109013480218,,,0.9505298564695115,,0.9505546910295668,0.0494453089704332,0.9567371091048007,0.4018010521036491,5,0.1,0.5,0.611866670422253,1.0,0.6131397403650426,0.6109634896258992,0.6153216911864189,0.6235829062554689,0.6221442128116217,0.6101381685238544,0.5019808712180338,0.6260341614194913,0.616428144744769,0.6173391301952684
1,2,0.28407903656939776,0.9141621995504063,5783,2.050899701733743,0.7240663900414938,964,2.0418606231006953,0.7297,0.8094158954782444,0.08426389021382677,,,0.9497636772311646,,0.9497715978113549,0.050228402188645105,0.9567348388556557,0.40180090905965327,5,0.1,0.5,0.6131860111514279,0.6131397403650426,1.0,0.6273723328464894,0.6244919819994126,0.627888831035638,0.6291061334985856,0.6309897710046906,0.5038803640342308,0.6415885237631724,0.6307158241397894,0.6295105867475377
1,3,0.27942091432478594,0.9133345942878759,5287,2.048602057354791,0.7230419977298524,881,2.0418535973698186,0.7297,0.8105002222735302,0.0850611391848858,,,0.9604426362052758,,0.9604588123086191,0.03954118769138093,0.9567422014766465,0.4018023409388698,5,0.1,0.5,0.6161012326793347,0.6109634896258992,0.6273723328464894,1.0,0.6344545531893767,0.6351687285246904,0.6295431310866402,0.6264367601157985,0.5136453870114036,0.6347463164622426,0.6272305100426152,0.6237911281782325
1,4,0.31103429641604663,0.9087335359675786,4935,2.0353350318395176,0.7481751824817519,822,2.0418596823756308,0.7297,0.8132162158027475,0.08459834229162512,,,0.9542435826901463,,0.954254304502786,0.04574569549721397,0.956735023039098,0.4018015897783495,5,0.1,0.5,0.6245089050379747,0.6153216911864189,0.6244919819994126,0.6344545531893767,1.0,0.6317960368108294,0.6280877959609465,0.6288145913481031,0.5075686856279071,0.640131540929003,0.6350979296341461,0.6368772429523105
1,5,0.30087289112581783,0.9070923505463896,4667,2.0398258209228515,0.7365038560411311,778,2.0418533726622123,0.7298,0.8194211150317352,0.08577465428117689,,,0.9699999999866052,,0.9700015059484965,0.029998494051503455,0.9567479928503358,0.40180311656321166,5,0.1,0.5,0.6191237032871457,0.6235829062554689,0.627888831035638,0.6351687285246904,0.6317960368108294,1.0,0.6505575028035971,0.6347112189062392,0.5081380218605327,0.6491425395367298,0.6415087126981774,0.6381070481541988
1,6,0.3219010508805513,0.9009656411408039,4453,2.0338317652543387,0.7398921832884097,742,2.0418531075834085,0.7297,0.8161756848399564,0.08532534119635593,,,0.9639815588552725,,0.9639927714472165,0.03600722855278349,0.9567452885328741,0.4018026787671561,5,0.1,0.5,0.6060826881052439,0.6221442128116217,0.6291061334985856,0.6295431310866402,0.6280877959609465,0.6505575028035971,1.0,0.6282727874607017,0.5182805748709141,0.6419736674834561,0.6346755525399586,0.645283501564854
1,7,0.33096961165264027,0.9008650923544541,4277,2.0370037866675337,0.7335203366058906,713,2.04185776626721,0.7297,0.8105984015058587,0.08476162171369905,,,0.9564306714327356,,0.9564479694794438,0.04355203052055623,0.9567387628599467,0.4018018737301921,5,0.1,0.5,0.6181314654479543,0.6101381685238544,0.6309897710046906,0.6264367601157985,0.6288145913481031,0.6347112189062392,0.6282727874607017,1.0,0.5058922789421403,0.6276643194636322,0.6281958526959063,0.6412312306412702
1,8,0.4150908088009769,0.8889319447808186,4129,2.03849965875799,0.7325581395348837,688,2.043193199002324,0.7273,0.6747402335280169,0.06561751886216256,,,0.7,,0.7,0.30000000000000004,0.9544818610407512,0.40098954827605204,5,0.1,0.5,0.5070881691736188,0.5019808712180338,0.5038803640342308,0.5136453870114036,0.5075686856279071,0.5081380218605327,0.5182805748709141,0.5058922789421403,1.0,0.5237241419680021,0.5122454375482961,0.5218399302498345
1,9,0.3366228706979503,0.8974756310922269,4001,2.046960546856835,0.7076461769115442,667,2.0418525720937564,0.7296,0.8233201486740636,0.08515489121433578,,,0.9616984221800212,,0.9617137693890869,0.038286230610913075,0.9567406896413247,0.40180248017770137,5,0.1,0.5,0.6280678872208477,0.6260341614194913,0.6415885237631724,0.6347463164622426,0.640131540929003,0.6491425395367298,0.6419736674834561,0.6276643194636322,0.5237241419680021,1.0,0.6474818916718641,0.6447951891782877
1,10,0.33402717581598973,0.8998200051427102,3889,2.0478472255525135,0.6898148148148148,648,2.0418570007379064,0.7297,0.815230785901747,0.08488095585671944,,,0.9580291236901686,,0.9580442748857989,0.04195572511420109,0.9567373020816401,0.4018020912795171,5,0.1,0.5,0.6115014588264547,0.616428144744769,0.6307158241397894,0.6272305100426152,0.6350979296341461,0.6415087126981774,0.6346755525399586,0.6281958526959063,0.5122454375482961,0.6474818916718641,1.0,0.6411555692984516
1,11,0.33321549062531036,0.8972302822474281,3791,2.0411907196044923,0.7357594936708861,632,2.041857935369205,0.7297,0.8184808715336438,0.08472288587584384,,,0.9559118141644294,,0.9559259073339692,0.044074092666030795,0.9567368063020018,0.4018018079559547,5,0.1,0.5,0.6210189405403255,0.6173391301952684,0.6295105867475377,0.6237911281782325,0.6368772429523105,0.6381070481541988,0.645283501564854,0.6412312306412702,0.5218399302498345,0.6447951891782877,0.6411555692984516,1.0
2,0,0.23855074519646655,0.92899926953981,8214,1.8486159291378288,0.8531775018261505,1369,1.855785027098732,0.8524,0.7998083843381422,0.08512581017961215,,,0.9588874018462938,,0.958897645700517,0.041102354299482946,0.9653456912881938,0.3964602681814661,5,0.1,0.5,1.0,0.6140912965487965,0.6183947812300185,0.6197996498010904,0.6258603397781133,0.6185229149930784,0.6204130576673751,0.614218580509004,0.4873359865661924,0.5219156801028297,0.6180928779356228,0.6158203585083682
2,1,0.25482529511006136,0.9239732278673563,6574,1.8618769134793962,0.8458029197080292,1096,1.8558090247285253,0.8524,0.7972696737074941,0.08423848603817918,,,0.9464567681813519,,0.9464735706038854,0.05352642939611463,0.9653363886982448,0.3964583645915902,5,0.1,0.5,0.6140912965487965,1.0,0.6083521716459895,0.6130448730866525,0.6275668482282523,0.6209713603023999,0.6201433206025532,0.6148195963071706,0.4714830249635614,0.5216901960750536,0.6206873741482456,0.619673675480687
2,2,0.2562921603997521,0.9242607643091821,5783,1.8650296811134583,0.8547717842323651,964,1.8558036907793234,0.8524,0.8047109924262301,0.0844615842167315,,,0.9495821781633468,,0.9495959038200894,0.050404096179910596,0.9653353456471725,0.3964589662810343,5,0.1,0.5,0.6183947812300185,0.6083521716459895,1.0,0.6203797557982571,0.6252327946641179,0.6218036983226704,0.6244037356536096,0.6226350319709798,0.4841821942282842,0.5367952929586327,0.6277400808295408,0.6351683570114187
2,3,0.25198140173690414,0.9236996406279554,5287,1.864947212593896,0.8444948921679909,881,1.8557943673179553,0.8524,0.8150293447182968,0.08535566220810863,,,0.9621074273476504,,0.9621253953114803,0.037874604688519664,0.9653445221437817,0.39646062543599186,5,0.1,0.5,0.6197996498010904,0.6130448730866525,0.6203797557982571,1.0,0.6462679015225261,0.6403089370656163,0.6351310386904466,0.6373853523343378,0.49613816646819997,0.5373323602719856,0.63499064568199,0.6397137867861726
2,4,0.2713080944529464,0.9206484295845998,4935,1.846749301140125,0.8698296836982968,822,1.855800367011049,0.8524,0.8175735188478902,0.08513626985871744,,,0.9590339327848083,,0.9590482405501732,0.04095175944982676,0.9653422165097855,0.3964603034457791,5,0.1,0.5,0.6258603397781133,0.6275668482282523,0.6252327946641179,0.6462679015225261,1.0,0.6410338613363501,0.6302131308133609,0.6335273046373271,0.49264318638978355,0.5403661055877981,0.6387872657464901,0.6439923440141682
2,5,0.2664539197600153,0.9182344118277266,4667,1.8554764986038208,0.8624678663239075,778,1.8557987365478905,0.8524,0.8175195765866918,0.08591905024035063,,,0.9699999999859908,,0.9700015059484965,0.029998494051503455,0.9653516932990109,0.3964612172616647,5,0.1,0.5,0.6185229149930784,0.6209713603023999,0.6218036983226704,0.6403089370656163,0.6410338613363501,1.0,0.6446861343845216,0.6371602363073101,0.49807289327941273,0.5329023978884967,0.6407633865424534,0.6449734269421845
2,6,0.295131957654043,0.9108915337974399,4453,1.844418004155159,0.8598382749326146,742,1.8557943079037407,0.8524,0.8148078506518001,0.08552412525538151,,,0.9644674470168406,,0.9644746749661162,0.03552532503388384,0.9653491531721712,0.39646082013415634,5,0.1,0.5,0.6204130576673751,0.6201433206025532,0.6244037356536096,0.6351310386904466,0.6302131308133609,0.6446861343845216,1.0,0.6308571088100449,0.49332935595385896,0.5321090682081143,0.6333374936362621,0.6520293287530101
2,7,0.29349221584401025,0.9131166705634791,4277,1.8493858575820923,0.8653576437587658,713,1.8557998825566837,0.8524,0.8128905095818526,0.0850807737183889,,,0.9582564804897223,,0.9582701671602831,0.041729832839716874,0.9653435947557191,0.3964602025756134,5,0.1,0.5,0.614218580509004,0.6148195963071706,0.6226350319709798,0.6373853523343378,0.6335273046373271,0.6371602363073101,0.6308571088100449,1.0,0.4976658765254949,0.5338115932575497,0.6307854527705636,0.6493849166843871
2,8,0.35076251409168785,0.8988132719786873,4129,1.8511464487422595,0.8430232558139535,688,1.8583161659514942,0.8504,0.651546622746705,0.06664589614120359,,,0.7,,0.7,0.30000000000000004,0.9632406824837272,0.3955761013183468,5,0.1,0.5,0.4873359865661924,0.4714830249635614,0.4841821942282842,0.49613816646819997,0.49264318638978355,0.49807289327941273,0.49332935595385896,0.4976658765254949,1.0,0.4000336297697876,0.4898438880940328,0.4987762740221271
2,9,0.3231846844467024,0.9056235941014746,4001,1.8618361893154325,0.8365817091454273,667,1.8558237910651552,0.8524,0.7130339110596553,0.0818372859244512,,,0.9128180587444981,,0.9128306811907033,0.08716931880929668,0.9653045162758528,0.396445970818608,5,0.1,0.5,0.5219156801028297,0.5216901960750536,0.5367952929586327,0.5373323602719856,0.5403661055877981,0.5329023978884967,0.5321090682081143,0.5338115932575497,0.4000336297697876,1.0,0.5388625794969332,0.5500808257878871
2,10,0.2945336134798947,0.9115968115196709,3889,1.865445892016093,0.8348765432098766,648,1.8557990770370434,0.8524,0.8155240271750248,0.08525283617303937,,,0.9606669247021344,,0.9606847045831033,0.03931529541689671,0.9653448844408643,0.39646047452773586,5,0.1,0.5,0.6180928779356228,0.6206873741482456,0.6277400808295408,0.63499064568199,0.6387872657464901,0.6407633865424534,0.6333374936362621,0.6307854527705636,0.4898438880940328,0.5388625794969332,1.0,0.6506715287359524
2,11,0.29722902306645105,0.9068847269849644,3791,1.8575779020786285,0.8544303797468354,632,1.8557988504251353,0.8524,0.8233519288975745,0.08542222004583586,,,0.9630398443299966,,0.9630540635510265,0.03694593644897348,0.9653454327259049,0.396460713139188,5,0.1,0.5,0.6158203585083682,0.619673675480687,0.6351683570114187,0.6397137867861726,0.6439923440141682,0.6449734269421845,0.6520293287530101,0.6493849166843871,0.4987762740221271,0.5500808257878871,0.6506715287359524,1.0
3,0,0.2202250685313615,0.933990747504261,8214,1.624534620795139,0.9065010956902849,1369,1.6345756670918328,0.9,0.7980377705403991,0.08443852270475227,,,0.9513946390344517,,0.951408061844285,0.04859193815571505,0.9677867864550606,0.40057123068825634,5,0.1,0.5,1.0,0.6132640070111651,0.614446439753835,0.614724054549769,0.6131713387352095,0.6130715477679872,0.6101047444178496,0.6101237945038971,0.5802944550737886,0.5775212100695468,0.6039702817968704,0.6063927611124739
3,1,0.22948503592820133,0.9317919075144508,6574,1.6425152335848128,0.8959854014598541,1096,1.6346031061757487,0.9,0.8028071138922127,0.08401588701558949,,,0.9433713023000235,,0.9433813563576126,0.056618643642387445,0.9677727326184264,0.40056958885729543,5,0.1,0.5,0.6132640070111651,1.0,0.6168204019250024,0.6168460263411198,0.6031968240693084,0.6161122250130979,0.6208254938201714,0.619720209035605,0.589555583638688,0.581526023842295,0.6202411001648515,0.6099629640914851
3,2,0.23866370216742652,0.9301746498357254,5783,1.6445527576631116,0.8973029045643154,964,1.6346009939242476,0.9,0.8045701569680797,0.0842257016944281,,,0.947354434494758,,0.9473721198735003,0.05262788012649966,0.9677802587275492,0.4005704715518374,5,0.1,0.5,0.614446439753835,0.6168204019250024,1.0,0.6184701231310116,0.6129455516112052,0.6125052396949473,0.6190364420811885,0.6227631932709492,0.5886687430866775,0.5841365948331705,0.6181241583034651,0.6156719340502708
3,3,0.23158633412613747,0.9303574806128239,5287,1.6457348678793227,0.8898978433598184,881,1.6345851090007697,0.9,0.8076647752500942,0.08492773162522632,,,0.9606818052702817,,0.9606997640680689,0.039300235931931105,0.9677929023856847,0.4005725664472962,5,0.1,0.5,0.614724054549769,0.6168460263411198,0.6184701231310116,1.0,0.6137167146174791,0.6245668025117687,0.6218124087984784,0.6196247614894967,0.5968248156825748,0.5905049758594969,0.6188585605340478,0.6146490783233592
3,4,0.25407923621395906,0.9277406281661601,4935,1.6241268790685213,0.9075425790754258,822,1.6345935069714872,0.9,0.8023608062424178,0.08459659469842905,,,0.9543954855461685,,0.9544048993524421,0.045595100647557896,0.9677848167999707,0.400571718503161,5,0.1,0.5,0.6131713387352095,0.6031968240693084,0.6129455516112052,0.6137167146174791,1.0,0.6189680273347526,0.6130532102767408,0.6170921128930106,0.5868666971473243,0.5831871858792751,0.6180930589033226,0.618834198632688
3,5,0.24244453236971,0.92826226698093,4667,1.6362052583694457,0.9010282776349614,778,1.634591476224101,0.8999,0.8110013505674007,0.0854185749954697,,,0.9699999999810159,,0.9700015059484965,0.029998494051503455,0.9677900578842412,0.40057333980659654,5,0.1,0.5,0.6130715477679872,0.6161122250130979,0.6125052396949473,0.6245668025117687,0.6189680273347526,1.0,0.6325472783026733,0.6278099729223869,0.5979589723646921,0.5882074726615558,0.624329352036389,0.6234562252549107
3,6,0.2651874354069254,0.9183920952167078,4453,1.6191675513982773,0.9070080862533693,742,1.6345840852481488,0.9,0.8102471399649491,0.08512989938781763,,,0.964519768030429,,0.9645298930776568,0.0354701069223432,0.9677910131700382,0.4005729587909406,5,0.1,0.5,0.6101047444178496,0.6208254938201714,0.6190364420811885,0.6218124087984784,0.6130532102767408,0.6325472783026733,1.0,0.6277760317609404,0.5932217407714753,0.5823207887956279,0.6227839590890984,0.6294913318588264
3,7,0.2689862204646108,0.9199906476502221,4277,1.6254940603090369,0.9172510518934082,713,1.6345927014518469,0.9,0.8096281246584064,0.08481378492950367,,,0.9585186355877371,,0.9585311982330205,0.041468801766979535,0.9677876581245514,0.4005723145677009,5,0.1,0.5,0.6101237945038971,0.619720209035605,0.6227631932709492,0.6196247614894967,0.6170921128930106,0.6278099729223869,0.6277760317609404,1.0,0.5922247190692803,0.5809939944419751,0.6251116980056876,0.6256551040695933
3,8,0.2808586537670747,0.91780092031969,4129,1.6296468539671465,0.8953488372093024,688,1.6382015501729215,0.8995,0.7703468135635395,0.07119610872700606,,,0.7,,0.7,0.30000000000000004,0.9653244961696623,0.39962321976849646,5,0.1,0.5,0.5802944550737886,0.589555583638688,0.5886687430866775,0.5968248156825748,0.5868666971473243,0.5979589723646921,0.5932217407714753,0.5922247190692803,1.0,0.5662365144022056,0.5921376062314887,0.6030065821728584
3,9,0.30997774156257657,0.9118220444888778,4001,1.6417533102489652,0.8935532233883059,667,1.634658281795514,0.8999,0.7705253565824296,0.08129249991104502,,,0.8916703874027414,,0.8916821444706591,0.10831785552934092,0.9676852225105895,0.4005398636598909,5,0.1,0.5,0.5775212100695468,0.581526023842295,0.5841365948331705,0.5905049758594969,0.5831871858792751,0.5882074726615558,0.5823207887956279,0.5809939944419751,0.5662365144022056,1.0,0.5877077126484318,0.5890153902952007
3,10,0.2667373436442042,0.9203394188737465,3889,1.6481947217668806,0.9012345679012346,648,1.6345903283110061,0.9,0.8091135652290137,0.08491008117031042,,,0.9603467281650171,,0.9603634355705035,0.03963656442949648,0.9677921870072178,0.40057251948200473,5,0.1,0.5,0.6039702817968704,0.6202411001648515,0.6181241583034651,0.6188585605340478,0.6180930589033226,0.624329352036389,0.6227839590890984,0.6251116980056876,0.5921376062314887,0.5877077126484318,1.0,0.6321823464718277
3,11,0.26467482681863574,0.9187549459245582,3791,1.6387380421161652,0.884493670886076,632,1.634589112604769,0.9,0.809457603367059,0.08503461314042222,,,0.9627108492178038,,0.962727774710105,0.037272225289895045,0.9677930473144922,0.40057278090588316,5,0.1,0.5,0.6063927611124739,0.6099629640914851,0.6156719340502708,0.6146490783233592,0.618834198632688,0.6234562252549107,0.6294913318588264,0.6256551040695933,0.6030065821728584,0.5890153902952007,0.6321823464718277,1.0
4,0,0.20721983836260752,0.9374239103968833,8214,1.407121223072673,0.9313367421475529,1369,1.4199731532758035,0.9227,0.7833781015267793,0.0850708821752986,,,0.9504189275524881,,0.9504342151498418,0.04956578485015817,0.9637528373036739,0.37861869301498613,5,0.1,0.5,1.0,0.5896586608492764,0.5918000786887795,0.597403843328692,0.5936846044509204,0.5912835226697702,0.5960960460860816,0.5900184206261971,0.5250946452630558,0.25207533788380143,0.5796863238609201,0.5883799268275763
4,1,0.2169228414926922,0.9355034986309705,6574,1.428720600264413,0.9187956204379562,1096,1.4200001056201923,0.9228,0.7891943855652948,0.0849920076843989,,,0.9491476007607276,,0.9491591787560866,0.050840821243913425,0.9637479305117121,0.37861845859045695,5,0.1,0.5,0.5896586608492764,1.0,0.5908423353318285,0.6010479383248053,0.5905635359073951,0.5974313826520189,0.6000337578946557,0.5991904040470273,0.5366402724064512,0.2526516327661187,0.5960652964084434,0.5967897271401179
4,2,0.21912361658667084,0.9368493861317655,5783,1.4309263690825431,0.9180497925311203,964,1.4199959184415043,0.9228,0.7894482453791917,0.0851430852231136,,,0.9515827216776471,,0.951603835148838,0.04839616485116205,0.963755159904223,0.37861894608926105,5,0.1,0.5,0.5918000786887795,0.5908423353318285,1.0,0.6016819950382634,0.594849161251254,0.5953591069818147,0.6018416677874748,0.5973274544255309,0.5337386452216364,0.24552366284026564,0.5957010412225968,0.6027548392135347
4,3,0.2124331828675244,0.935388689237753,5287,1.433243406670434,0.9216799091940976,881,1.4199655966255993,0.9228,0.8008536774039705,0.08602468053406917,,,0.9657925850380764,,0.965809949299734,0.03419005070026604,0.9637605936262658,0.3786207829933236,5,0.1,0.5,0.597403843328692,0.6010479383248053,0.6016819950382634,1.0,0.6034802232889043,0.6126972799362753,0.6168766489392529,0.603072975747905,0.5510333708064181,0.2534668546979292,0.6058487557643498,0.6063931812033472
4,4,0.23282266554512804,0.9333333333333333,4935,1.4075455115391657,0.9306569343065694,822,1.4199808816940258,0.9228,0.7926314021950844,0.08550757071433727,,,0.9574576270483817,,0.9574720144571056,0.042527985542894386,0.9637564260497341,0.37861986320969926,5,0.1,0.5,0.5936846044509204,0.5905635359073951,0.594849161251254,0.6034802232889043,1.0,0.6007460274741011,0.5954010360772997,0.6049321042129076,0.5403345295407386,0.25514341057247664,0.5929311602643145,0.607440905766906
4,5,0.22534545185937457,0.9348189415041783,4667,1.4234896802902222,0.9280205655526992,778,1.4199641550691744,0.9228,0.7988541332773763,0.08628571311357978,,,0.9699999999838816,,0.9700015059484965,0.029998494051503455,0.9637680711467915,0.37862111444296553,5,0.1,0.5,0.5912835226697702,0.5974313826520189,0.5953591069818147,0.6126972799362753,0.6007460274741011,1.0,0.6189764114408591,0.6048643258983595,0.5471108094364562,0.24824567994324523,0.6076265958010933,0.6075964323333836
4,6,0.2429882785531559,0.9280934201661801,4453,1.4012137750784557,0.9245283018867925,742,1.4199632520492846,0.9228,0.7978685701302417,0.08605518151540355,,,0.9662842105852345,,0.9663018924752773,0.03369810752472269,0.9637647125942563,0.3786208264146944,5,0.1,0.5,0.5960960460860816,0.6000337578946557,0.6018416677874748,0.6168766489392529,0.5954010360772997,0.6189764114408591,1.0,0.6022376095032418,0.545325686416749,0.24446323149096058,0.5944133660614453,0.6084102008739608
4,7,0.24493009007827782,0.9256020575169511,4277,1.4087266196375308,0.9340813464235624,713,1.4199734640578492,0.9228,0.7952233733558901,0.08574694483930775,,,0.9613159434046313,,0.9613322624366246,0.03866773756337538,0.9637587411213887,0.3786203377349755,5,0.1,0.5,0.5900184206261971,0.5991904040470273,0.5973274544255309,0.603072975747905,0.6049321042129076,0.6048643258983595,0.6022376095032418,1.0,0.5452403459664196,0.24325363073381068,0.6005574350143936,0.6112455148811928
4,8,0.285162964885732,0.9185274884960039,4129,1.4133590405637568,0.9171511627906976,688,1.4243336291358875,0.9209,0.7250637045911204,0.07402884198930636,,,0.7724394393298835,,0.7724511821695698,0.22754881783043024,0.9612395676018439,0.37823336741045255,5,0.1,0.5,0.5250946452630558,0.5366402724064512,0.5337386452216364,0.5510333708064181,0.5403345295407386,0.5471108094364562,0.545325686416749,0.5452403459664196,1.0,0.2425803718270401,0.5374862229289198,0.543396322735336
4,9,0.4821281546002461,0.8950262434391402,4001,1.4297087362834386,0.9130434782608695,667,1.4210652992748225,0.9222,0.40709161241723435,0.06953462072752317,,,0.7,,0.7,0.30000000000000004,0.9614235459799361,0.377650901190179,5,0.1,0.5,0.25207533788380143,0.2526516327661187,0.24552366284026564,0.2534668546979292,0.25514341057247664,0.24824567994324523,0.24446323149096058,0.24325363073381068,0.2425803718270401,1.0,0.23456137211173428,0.2450627860314428
4,10,0.24216645319075858,0.926562098225765,3889,1.4378418979190646,0.9228395061728395,648,1.419975302851619,0.9228,0.7898310999316706,0.08562001261722291,,,0.9592700051952887,,0.9592791526529793,0.04072084734702075,0.9637579620329364,0.3786201017461696,5,0.1,0.5,0.5796863238609201,0.5960652964084434,0.5957010412225968,0.6058487557643498,0.5929311602643145,0.6076265958010933,0.5944133660614453,0.6005574350143936,0.5374862229289198,0.23456137211173428,1.0,0.6067596767196596
4,11,0.2420513673755927,0.9263518860458981,3791,1.426250159740448,0.8987341772151899,632,1.4199685608617032,0.9228,0.7978624187785764,0.08599045886643898,,,0.9652409881602937,,0.9652577681843281,0.03474223181567193,0.9637621084290869,0.37862073562137455,5,0.1,0.5,0.5883799268275763,0.5967897271401179,0.6027548392135347,0.6063931812033472,0.607440905766906,0.6075964323333836,0.6084102008739608,0.6112455148811928,0.543396322735336,0.2450627860314428,0.6067596767196596,1.0
5,0,0.19502401450025605,0.9413440467494522,8214,1.1575576704601909,0.9444850255661067,1369,1.1720237088279601,0.9357,0.7762050572758812,0.0841969113444204,,,0.941225072986615,,0.9412479293208172,0.058752070679182755,0.9624363086901296,0.3924593721115797,5,0.1,0.5,1.0,0.5717688860706713,0.5820905904519711,0.5746597574031727,0.5844021298998113,0.5714162920182816,0.5674221625922552,0.5742161608401806,0.5693734334010968,0.5666412974172922,0.5674749751601437,0.5712682735512139
5,1,0.20421882989834453,0.938150289017341,6574,1.1808729069573538,0.9343065693430657,1096,1.172050425229362,0.9356,0.7774293327831209,0.08418725698069421,,,0.941006822872355,,0.9410270568746549,0.05897294312534507,0.9624354262191999,0.39245933722220266,5,0.1,0.5,0.5717688860706713,1.0,0.577864458852578,0.5770481589289257,0.5706008767449758,0.574829652094691,0.5720275191172601,0.5769686482091941,0.577832921496948,0.5655730147946055,0.5697573181321214,0.5788853044148415
5,2,0.2049271691837528,0.941206985993429,5783,1.1832066389822191,0.9346473029045643,964,1.1720406931048384,0.9355,0.7870050562405023,0.084625254315332,,,0.9509083524854316,,0.9509261583253853,0.049073841674614704,0.9624460334744311,0.3924618687530044,5,0.1,0.5,0.5820905904519711,0.577864458852578,1.0,0.5839419009586465,0.5854855707883948,0.5767888678835419,0.5800511993585208,0.5909243757106664,0.5827452359850305,0.5714413146040499,0.5823538697272992,0.5882146332326528
5,3,0.19763166986529276,0.9416304142235672,5287,1.1863989276545388,0.927355278093076,881,1.1720121613325782,0.9356,0.7882261165861613,0.08525768950040413,,,0.9652054160018615,,0.9652276492143969,0.034772350785603146,0.9624536874959888,0.3924642598907036,5,0.1,0.5,0.5746597574031727,0.5770481589289257,0.5839419009586465,1.0,0.5885943367832698,0.5904545066844029,0.5921534157930546,0.5814096859830489,0.5904926598378321,0.576125165046303,0.5752919934761219,0.5804000304320035
5,4,0.21525161163280568,0.9379939209726443,4935,1.159201660981545,0.9428223844282239,822,1.1720328696619589,0.9356,0.7879612960931921,0.0849026129648572,,,0.9571784246172355,,0.9571959238994027,0.04280407610059733,0.962453374931743,0.39246311570286796,5,0.1,0.5,0.5844021298998113,0.5706008767449758,0.5854855707883948,0.5885943367832698,1.0,0.5817551342269223,0.5777068888136848,0.5835557749506627,0.5917666985399003,0.5728833664923735,0.5803222439718809,0.5932251586285966
5,5,0.20566832008962965,0.9383758302978359,4667,1.1775538301467896,0.9434447300771208,778,1.1720072950798863,0.9356,0.7875220903374915,0.08540744916860285,,,0.9685909384063309,,0.9686059936750163,0.03139400632498368,0.9624562820623291,0.3924645939803809,5,0.1,0.5,0.5714162920182816,0.574829652094691,0.5767888678835419,0.5904545066844029,0.5817551342269223,1.0,0.5895762953360589,0.5879502723304049,0.5891855642255266,0.5709079597689711,0.5834235998483012,0.5853197513522365
5,6,0.22621590244384215,0.9309678868178756,4453,1.1502010549108188,0.931266846361186,742,1.1720108711681427,0.9356,0.7868330958051886,0.08522906133584,,,0.9645582371339029,,0.9645700517042317,0.03542994829576829,0.9624541401289853,0.3924641932624985,5,0.1,0.5,0.5674221625922552,0.5720275191172601,0.5800511993585208,0.5921534157930546,0.5777068888136848,0.5895762953360589,1.0,0.5910688806180379,0.5842105008409307,0.5705429908640716,0.5771451524841913,0.5936673364918568
5,7,0.23092350556807065,0.932569558101473,4277,1.15836995580922,0.9438990182328191,713,1.1720259439069243,0.9357,0.7895531612590517,0.08511868636557071,,,0.9620630597658313,,0.9620802168565835,0.037919783143416486,0.9624524034429142,0.39246387578565145,5,0.1,0.5,0.5742161608401806,0.5769686482091941,0.5909243757106664,0.5814096859830489,0.5835557749506627,0.5879502723304049,0.5910688806180379,1.0,0.5870127500064215,0.5694138023981014,0.5817424933499962,0.5980778057718347
5,8,0.22926914903980036,0.932671348994914,4129,1.1650405688719316,0.934593023255814,688,1.1769431977988052,0.9353,0.7872483214876024,0.07720245503818754,,,0.7831058088572834,,0.7831183173535465,0.21688168264645347,0.9612004663917856,0.39210295340545653,5,0.1,0.5,0.5693734334010968,0.577832921496948,0.5827452359850305,0.5904926598378321,0.5917666985399003,0.5891855642255266,0.5842105008409307,0.5870127500064215,1.0,0.5868997034450724,0.5932288760241037,0.608148897199119
5,9,0.24257861658161778,0.9302674331417146,4001,1.1840720233463107,0.9280359820089955,667,1.1741735337260433,0.9352,0.7681747422093136,0.07352624295835546,,,0.7,,0.7,0.30000000000000004,0.9596761304808996,0.3913898602550741,5,0.1,0.5,0.5666412974172922,0.5655730147946055,0.5714413146040499,0.576125165046303,0.5728833664923735,0.5709079597689711,0.5705429908640716,0.5694138023981014,0.5868997034450724,1.0,0.5764175247569544,0.5811030705510929
5,10,0.22190623709275464,0.9335561841090254,3889,1.1922365313484555,0.933641975308642,648,1.1720252019909625,0.9357,0.7850857278742003,0.08487660056910855,,,0.956590378785803,,0.9566086039857437,0.043391396014256345,0.9624519445368735,0.3924630205465446,5,0.1,0.5,0.5674749751601437,0.5697573181321214,0.5823538697272992,0.5752919934761219,0.5803222439718809,0.5834235998483012,0.5771451524841913,0.5817424933499962,0.5932288760241037,0.5764175247569544,1.0,0.5969957267361222
5,11,0.22236364086886415,0.9348456871537852,3791,1.1808759361505508,0.9161392405063291,632,1.1720116195587305,0.9356,0.7949031077236328,0.08546977945862702,,,0.9699999999773936,,0.9700015059484965,0.029998494051503455,0.9624539373030914,0.39246469635033027,5,0.1,0.5,0.5712682735512139,0.5788853044148415,0.5882146332326528,0.5804000304320035,0.5932251586285966,0.5853197513522365,0.5936673364918568,0.5980778057718347,0.608148897199119,0.5811030705510929,0.5969957267361222,1.0
6,0,0.18271879965207513,0.9453859264670076,8214,0.9215849929077681,0.9495982468955442,1369,0.9368197253336922,0.9452,0.7687214990747955,0.08385073518652504,,,0.9324727850005713,,0.9324833090708298,0.06751669092917023,0.9675354418833045,0.38524548072756687,5,0.1,0.5,1.0,0.5579593837749687,0.5623699441347048,0.5658615203228929,0.5575394728578565,0.5633313201791789,0.5198302069748365,0.5532496093857565,0.563363449802479,0.556311028544912,0.5499389424568173,0.5543874082250524
6,1,0.19063320898957262,0.9410100395497414,6574,0.9455199684415545,0.9461678832116789,1096,0.936839221765439,0.9452,0.7652280701832564,0.08372056317647607,,,0.9283173720347943,,0.9283319110486421,0.0716680889513579,0.9675311493680536,0.3852435650505163,5,0.1,0.5,0.5579593837749687,1.0,0.5573658254960747,0.5609497345831488,0.5468643260458532,0.552873956347349,0.5226555726715217,0.5535303207756375,0.5609722919086368,0.5488091367963918,0.5549694063435638,0.5543733449874821
6,2,0.18905914271384147,0.9441120525678713,5783,0.9477311315075043,0.946058091286307,964,0.9368181373364628,0.9452,0.7728258296512089,0.08428416893831543,,,0.9463090638697196,,0.9463279955825511,0.053672004417448904,0.9675543975300865,0.38525037899599524,5,0.1,0.5,0.5623699441347048,0.5573658254960747,1.0,0.5617848582591689,0.5599270783687077,0.5584351838118916,0.5291575961712479,0.5626816787521522,0.5658030408730931,0.5553401024864038,0.5679205338056742,0.5584470928474969
6,3,0.1822999508052795,0.943446188764895,5287,0.9517036889280591,0.9387060158910329,881,0.9368063078139918,0.9453,0.7810497899666169,0.0850007341541224,,,0.969183600319367,,0.9691933135886752,0.03080668641132478,0.9675626935552003,0.3852540376212517,5,0.1,0.5,0.5658615203228929,0.5609497345831488,0.5617848582591689,1.0,0.5703812839925854,0.5782224776629505,0.5375439232161267,0.564216533679027,0.5779124048491419,0.5670184877843533,0.5657086774795268,0.5635368182332307
6,4,0.20204385386118967,0.9409929078014184,4935,0.9241267007130843,0.9476885644768857,822,0.9368167203455307,0.9452,0.7711399942776443,0.08441105261554939,,,0.9503595051076255,,0.9503789970383013,0.04962100296169869,0.9675614509695467,0.3852513533090882,5,0.1,0.5,0.5575394728578565,0.5468643260458532,0.5599270783687077,0.5703812839925854,1.0,0.5601373103440235,0.5258166282813347,0.5575537546120274,0.564390554615437,0.561106329032145,0.5562863553638421,0.5629549187636355
6,5,0.1892423444810285,0.945189629312192,4667,0.9444029068946839,0.9537275064267352,778,0.9367996663712084,0.9453,0.7774120064024777,0.08497268257629009,,,0.9682881244778936,,0.9682997841473822,0.03170021585261784,0.9675642106776708,0.38525395817702307,5,0.1,0.5,0.5633313201791789,0.552873956347349,0.5584351838118916,0.5782224776629505,0.5601373103440235,1.0,0.53904404979219,0.5658049945069853,0.5746302935073727,0.5591177116390043,0.5651283179549091,0.5612027014900622
6,6,0.21569059035275132,0.9349202784639569,4453,0.9133291840553284,0.9460916442048517,742,0.9368073127140253,0.9452,0.7409022772088241,0.08356013403160387,,,0.9231960763857553,,0.9232116861603333,0.07678831383966667,0.9675324568243773,0.3852408282796223,5,0.1,0.5,0.5198302069748365,0.5226555726715217,0.5291575961712479,0.5375439232161267,0.5258166282813347,0.53904404979219,1.0,0.5358441037006562,0.5361806664313785,0.5308641408223242,0.5209221886870042,0.542079852538794
6,7,0.20841730778147258,0.9391162029459902,4277,0.9201645954795505,0.9607293127629734,713,0.9368212824812332,0.9453,0.773111972372449,0.08462620995998954,,,0.9572278604355672,,0.9572461221826214,0.042753877817378605,0.9675634703270727,0.38525264796564374,5,0.1,0.5,0.5532496093857565,0.5535303207756375,0.5626816787521522,0.564216533679027,0.5575537546120274,0.5658049945069853,0.5358441037006562,1.0,0.567869200025688,0.5550927227822189,0.5562460478946045,0.5671041782410744
6,8,0.207929031738492,0.9374666989585856,4129,0.9297086867419156,0.936046511627907,688,0.941722398939224,0.9441,0.7790643981052079,0.07951203245682258,,,0.7939706479368902,,0.7939762060137543,0.2060237939862457,0.9665270724925148,0.3849370181362098,5,0.1,0.5,0.563363449802479,0.5609722919086368,0.5658030408730931,0.5779124048491419,0.564390554615437,0.5746302935073727,0.5361806664313785,0.567869200025688,1.0,0.5723313999158915,0.5715300919917301,0.5807897899224922
6,9,0.21543687604668474,0.9367658085478631,4001,0.9510529552187238,0.9340329835082459,667,0.9396813285236542,0.9442,0.7657637517177045,0.07656831826324131,,,0.7,,0.7,0.30000000000000004,0.9649231411513337,0.3841999441209472,5,0.1,0.5,0.556311028544912,0.5488091367963918,0.5553401024864038,0.5670184877843533,0.561106329032145,0.5591177116390043,0.5308641408223242,0.5550927227822189,0.5723313999158915,1.0,0.5623300928358754,0.5653592159721889
6,10,0.20584731521390257,0.9406531241964515,3889,0.9573003025281996,0.9398148148148148,648,0.9368142757933742,0.9453,0.7732162255275888,0.08446706004123666,,,0.952147400852595,,0.9521610360925656,0.04783896390743436,0.9675613247450824,0.3852517509116531,5,0.1,0.5,0.5499389424568173,0.5549694063435638,0.5679205338056742,0.5657086774795268,0.5562863553638421,0.5651283179549091,0.5209221886870042,0.5562460478946045,0.5715300919917301,0.5623300928358754,1.0,0.5717515441899991
