round,client_id,client_i_training_loss,client_i_training_accuracy,client_i_training_dataset_size,client_i_evaluation_loss,client_i_evaluation_accuracy,client_i_evaluation_dataset_size,client_i_central_evaluation_loss,client_i_central_evaluation_accuracy,client_i_cosine_similarity,client_i_importance_coefficient,client_i_tanh_val,tanh_normalization_value,client_i_q,client_i_mask_order,client_i_v_nonzero_fraction,client_i_v_sparsity,client_i_v_cosine_similarity,client_i_reward_gradient_norm,local_epochs,learning_rate,gamma,client_0_cosine_similarity,client_1_cosine_similarity,client_2_cosine_similarity,client_3_cosine_similarity,client_4_cosine_similarity,client_5_cosine_similarity,client_6_cosine_similarity,client_7_cosine_similarity,client_8_cosine_similarity,client_9_cosine_similarity,client_10_cosine_similarity,client_11_cosine_similarity
0,0,0.27890429668389405,0.9130752373995618,8214,2.187961073808892,0.20745069393718044,1369,2.1891838072207026,0.2062,0.8096943744391426,0.08668922536106469,,,0.9499999999797148,,0.9500025099141609,0.04999749008583909,0,0.3912215354583227,5,0.1,0.5,1.0,0.5808264883126191,0.585542941362187,0.5885805759170499,0.5791270528677849,0.5909104968056252,0.5784895423624138,0.5932548570382359,0.5894394581199262,0.4625756545478677,0.5852441949169642,0.5783711867482599
0,1,0.2958774927623787,0.9076057195010648,6574,2.18366528238569,0.21532846715328466,1096,2.189177222145251,0.206,0.7986057599927621,0.08550203248060274,,,0.9259176841660293,,0.9259324331107877,0.07406756688921234,0,0.3912146131701581,5,0.1,0.5,0.5808264883126191,1.0,0.5943352569000074,0.5933672146137144,0.581296709189655,0.5868219340471664,0.5854477738862542,0.5860158163754592,0.5827444286419939,0.481611435378688,0.5946574487490536,0.5820479571557462
0,2,0.33050825120984106,0.895728860453052,5783,2.193384370496196,0.19294605809128632,964,2.1891810155143374,0.206,0.7946155304491144,0.08507482201814738,,,0.9172516809873734,,0.9172732292555594,0.08272677074444057,0,0.391210776027973,5,0.1,0.5,0.585542941362187,0.5943352569000074,1.0,0.5793423242755715,0.5874606790258505,0.5977584823264857,0.5768136600275553,0.6012155607661477,0.586456470121708,0.4789199406072026,0.600411080113051,0.5910177353922426
0,3,0.3295519906253251,0.8966521656894268,5287,2.187894974436079,0.22587968217934165,881,2.1891854548225766,0.2061,0.7880686888619722,0.08437389010646888,,,0.9030332132567012,,0.9030520556196978,0.09694794438030219,0,0.3912027160443898,5,0.1,0.5,0.5885805759170499,0.5933672146137144,0.5793423242755715,1.0,0.5913329442927909,0.5874001014044627,0.5908115670848662,0.5940598187101801,0.5798266462821123,0.45682612344702245,0.5946411354410999,0.5958769323459625
0,4,0.33630088236062755,0.8905369807497467,4935,2.182043249790485,0.22749391727493917,822,2.189188546646898,0.2061,0.7883247262382809,0.08440130252591548,,,0.9035892766842997,,0.9036042367351037,0.0963957632648963,0,0.3912030556281688,5,0.1,0.5,0.5791270528677849,0.581296709189655,0.5874606790258505,0.5913329442927909,1.0,0.5877438111119153,0.6034203668237107,0.5982435119507463,0.6010956431140878,0.47781365586411567,0.5876684049236139,0.6079072035791622
0,5,0.35583060697384483,0.8879794300407113,4667,2.197146844863892,0.2069408740359897,778,2.1891878534810614,0.2061,0.7873746970013482,0.08429958847031628,,,0.9015259977934444,,0.9015511269514582,0.09844887304854177,0,0.3912017277252757,5,0.1,0.5,0.5909104968056252,0.5868219340471664,0.5977584823264857,0.5874001014044627,0.5877438111119153,1.0,0.5949271435700567,0.6017906932574065,0.5898736210381292,0.4587810140642874,0.6042435552487584,0.6012298073032015
0,6,0.36438163299379606,0.8865933078823265,4453,2.1930568714936576,0.1792452830188679,742,2.189181666023815,0.206,0.7832880112214479,0.08386205100465334,,,0.892650510413235,,0.8926660308217459,0.10733396917825411,0,0.3911952504425251,5,0.1,0.5,0.5784895423624138,0.5854477738862542,0.5768136600275553,0.5908115670848662,0.6034203668237107,0.5949271435700567,1.0,0.5979937036457532,0.5973951459776591,0.4775835879991418,0.5945484849822644,0.5957615022654602
0,7,0.35774677440301694,0.8887537993920973,4277,2.187895743743233,0.19775596072931276,713,2.1891811983273053,0.2059,0.7922768879557426,0.08482443728960422,,,0.9121726039419029,,0.9121881431655038,0.08781185683449622,0,0.39120816920841833,5,0.1,0.5,0.5932548570382359,0.5860158163754592,0.6012155607661477,0.5940598187101801,0.5982435119507463,0.6017906932574065,0.5979937036457532,1.0,0.6064165621510017,0.48277666265335095,0.6188421239154376,0.6090714183257797
0,8,0.37096635501607894,0.8821022039234682,4129,2.1918904456225308,0.19476744186046513,688,2.1891798020932622,0.206,0.7817776424731671,0.08370034468566266,,,0.8893702829901335,,0.8893780432709202,0.11062195672907982,0,0.3911924957723859,5,0.1,0.5,0.5894394581199262,0.5827444286419939,0.586456470121708,0.5798266462821123,0.6010956431140878,0.5898736210381292,0.5973951459776591,0.6064165621510017,1.0,0.4689664735631079,0.5995624493096502,0.5967346504264861
0,9,0.48291977871450353,0.8647338165458636,4001,2.1877954119727727,0.20689655172413793,667,2.1902677647221966,0.2007,0.6485381515063496,0.06943517424105299,,,0.6,,0.6,0.4,0,0.3892088576536516,5,0.1,0.5,0.4625756545478677,0.481611435378688,0.4789199406072026,0.45682612344702245,0.47781365586411567,0.4587810140642874,0.4775835879991418,0.48277666265335095,0.4689664735631079,1.0,0.48268906027093816,0.47247548359996433
0,10,0.3672731455797177,0.8896374389303163,3889,2.191499017533802,0.19444444444444445,648,2.189184091342524,0.2061,0.7862609515571888,0.08418034628110078,,,0.899107159114185,,0.8991215300436725,0.10087846995632754,0,0.39120002469338094,5,0.1,0.5,0.5852441949169642,0.5946574487490536,0.600411080113051,0.5946411354410999,0.5876684049236139,0.6042435552487584,0.5945484849822644,0.6188421239154376,0.5995624493096502,0.48268906027093816,1.0,0.5987208502147445
0,11,0.40129515740300425,0.8749670271696123,3791,2.1860167741775514,0.2088607594936709,632,2.1891810018033646,0.206,0.7813707914629333,0.08365678553541049,,,0.8884866816560855,,0.8884945534862708,0.11150544651372918,0,0.391191710269697,5,0.1,0.5,0.5783711867482599,0.5820479571557462,0.5910177353922426,0.5958769323459625,0.6079072035791622,0.6012298073032015,0.5957615022654602,0.6090714183257797,0.5967346504264861,0.47247548359996433,0.5987208502147445,1.0
1,0,0.2470785398090599,0.924299975651327,8214,2.0223987934201264,0.579254930606282,1369,2.026298995596913,0.5695,0.8008174110478892,0.08515234231011456,,,0.949999999968459,,0.9500025099141609,0.04999749008583909,0.9581915331174211,0.4061411723089075,5,0.1,0.5,1.0,0.6128459636136723,0.611102273144378,0.6205187770613179,0.6166332450702838,0.6191374766220762,0.6102700742337154,0.6238363899088818,0.6182882740850626,0.6104304982933072,0.6204889870164702,0.6258818568894572
1,1,0.26583327287627223,0.9184058411925768,6574,2.0196545805249895,0.5948905109489051,1096,2.0262944854486484,0.5695,0.805861797954876,0.0845431655694444,,,0.9307859455785321,,0.9308066864113247,0.06919331358867531,0.9581711690947494,0.40613612039743824,5,0.1,0.5,0.6128459636136723,1.0,0.6224845301797087,0.6261180446533229,0.6275217162859279,0.6341728859472633,0.6124169461609452,0.6191871338328635,0.6236772160271891,0.6269745743600317,0.6249717605635733,0.6159249925736638
1,2,0.29437708026055476,0.9096316790593117,5783,2.030463141779746,0.5695020746887967,964,2.026301008443863,0.5694,0.8109429420203913,0.0844375612555459,,,0.9274550780394589,,0.9274685005772803,0.07253149942271975,0.9581746550199738,0.4061348540304023,5,0.1,0.5,0.611102273144378,0.6224845301797087,1.0,0.6244613512102802,0.6266570268897917,0.633162597886905,0.6253073508790933,0.6353538976157806,0.6272886803507592,0.6293179936004173,0.6310643208377287,0.6315543686198265
1,3,0.2937102762443653,0.9096273879326651,5287,2.0255478279931203,0.5698070374574348,881,2.0263167326442733,0.5691,0.8088033640840508,0.08389986889251556,,,0.9104957136734664,,0.9105115205059987,0.0894884794940013,0.9581548287800329,0.4061266901107438,5,0.1,0.5,0.6205187770613179,0.6261180446533229,0.6244613512102802,1.0,0.6280863358294569,0.6278313800200476,0.6241361404057127,0.6222954312848655,0.6254579837553002,0.6236538477900787,0.6313385271903892,0.6250564748238608
1,4,0.29051835058677583,0.908936170212766,4935,2.0183510321837206,0.5669099756690997,822,2.026315778589096,0.5693,0.8130621348879635,0.08406613083202641,,,0.9157397844586078,,0.9157572411023543,0.08424275889764565,0.9581658824606468,0.4061296785771975,5,0.1,0.5,0.6166332450702838,0.6275217162859279,0.6266570268897917,0.6280863358294569,1.0,0.6371526882251723,0.6249574682501617,0.6311800278133769,0.6278613135435378,0.6349541641837947,0.6408118919568467,0.6261038054304593
1,5,0.31115790662445025,0.9046068137990143,4667,2.0366300249099734,0.5668380462724936,778,2.026304575962761,0.5696,0.8195776912053407,0.08422555329488067,,,0.920768131189128,,0.9207871090808695,0.07921289091913053,0.9581625386920877,0.4061321019331387,5,0.1,0.5,0.6191374766220762,0.6341728859472633,0.633162597886905,0.6278313800200476,0.6371526882251723,1.0,0.6312950476014643,0.6394468103493927,0.6323980439053597,0.6416772916060415,0.645838669079464,0.6441451759048263
1,6,0.31957785326987503,0.9019088255108916,4453,2.033782015244166,0.5727762803234502,742,2.0263148591922113,0.5691,0.8084748930819282,0.08355015390987083,,,0.8994653471986795,,0.8994729180262035,0.10052708197379645,0.9581345160105224,0.40611935130172083,5,0.1,0.5,0.6102700742337154,0.6124169461609452,0.6253073508790933,0.6241361404057127,0.6249574682501617,0.6312950476014643,1.0,0.6281347907295847,0.6306115544742911,0.6285793864095246,0.6339164237687007,0.6298370120219907
1,7,0.31169837390753763,0.9045592705167174,4277,2.0239333743634433,0.5483870967741935,713,2.0262983873629343,0.5696,0.8170224275506314,0.08448355405467556,,,0.9289057377331467,,0.9289192309623011,0.07108076903769889,0.9581805015853746,0.40613541543416415,5,0.1,0.5,0.6238363899088818,0.6191871338328635,0.6353538976157806,0.6222954312848655,0.6311800278133769,0.6394468103493927,0.6281347907295847,1.0,0.6407652947883555,0.6375480649200904,0.639311705784897,0.6416913879063871
1,8,0.3271121745682856,0.8972632598692177,4129,2.0336669141596015,0.5479651162790697,688,2.026312994880798,0.5692,0.8149901936786431,0.083669916899284,,,0.9032427937734673,,0.9032578685808945,0.09674213141910548,0.9581283653452658,0.4061221757318001,5,0.1,0.5,0.6182882740850626,0.6236772160271891,0.6272886803507592,0.6254579837553002,0.6278613135435378,0.6323980439053597,0.6306115544742911,0.6407652947883555,1.0,0.6319906607204083,0.6418789174214721,0.6429559435085045
1,9,0.33076900032585455,0.8985253686578355,4001,2.029347839809599,0.5667166416791605,667,2.0296751157925152,0.5583,0.8096436595921783,0.07405568072643948,,,0.6,,0.6,0.4,0.9529316729263022,0.4039428266296276,5,0.1,0.5,0.6104304982933072,0.6269745743600317,0.6293179936004173,0.6236538477900787,0.6349541641837947,0.6416772916060415,0.6285793864095246,0.6375480649200904,0.6319906607204083,1.0,0.6525276043207365,0.6364011508939185
1,10,0.3141009587733472,0.9058369760863976,3889,2.022396689369565,0.5709876543209876,648,2.0263027805870713,0.5695,0.8213026921197643,0.0842067481249304,,,0.9201749969899483,,0.9201947693388887,0.07980523066111134,0.9581613783993054,0.4061318502893625,5,0.1,0.5,0.6204889870164702,0.6249717605635733,0.6310643208377287,0.6313385271903892,0.6408118919568467,0.645838669079464,0.6339164237687007,0.639311705784897,0.6418789174214721,0.6525276043207365,1.0,0.6433254027447485
1,11,0.3495008585551957,0.8959641255605382,3791,2.026556187868118,0.5443037974683544,632,2.026313175027744,0.5692,0.816950674931259,0.08370932413027209,,,0.9044857379455123,,0.9044977661763968,0.09550223382360323,0.9581232255324865,0.40612294280660627,5,0.1,0.5,0.6258818568894572,0.6159249925736638,0.6315543686198265,0.6250564748238608,0.6261038054304593,0.6441451759048263,0.6298370120219907,0.6416913879063871,0.6429559435085045,0.6364011508939185,0.6433254027447485,1.0
2,0,0.22700739624703498,0.9313610908205503,8214,1.824130044427029,0.8319941563184806,1369,1.830724035589078,0.828,0.8032454739279126,0.08455472209429771,,,0.9410138694853634,,0.9410320767029767,0.05896792329702327,0.967409583720494,0.4014287343150516,5,0.1,0.5,1.0,0.628694517340251,0.6256979505888732,0.6237412870726237,0.6163521661299843,0.6265727861031681,0.6055600471949469,0.6274869448361289,0.511899808510186,0.6181036383208396,0.6254981052750562,0.6207335414767385
2,1,0.23954827209563873,0.9260419835716459,6574,1.8234247548239573,0.8403284671532847,1096,1.8307244114982435,0.8279,0.8091548237855128,0.08435688008611951,,,0.9317790317233182,,0.9317955925907334,0.06820440740926659,0.9674033740058006,0.4014256499101656,5,0.1,0.5,0.628694517340251,1.0,0.6292069571160563,0.6216374806122598,0.6283111230218889,0.6328986362215888,0.6220384846159082,0.630650263579265,0.5068645527090004,0.6262890190195661,0.6345233108262213,0.6293802717517849
2,2,0.26819984968237126,0.9206640152170154,5783,1.8341156013550297,0.8278008298755186,964,1.8307330574090488,0.8279,0.8125037045458235,0.08440376137270167,,,0.9339673489550774,,0.9339792179107475,0.06602078208925255,0.9674025993780251,0.4014264125308406,5,0.1,0.5,0.6256979505888732,0.6292069571160563,1.0,0.6351851253524146,0.6293732935523203,0.6373151791663209,0.6179870277883084,0.6371948063348556,0.5199180850901534,0.6264101977888857,0.6310279023667141,0.6337271760913401
2,3,0.26580530935954527,0.9212407792699073,5287,1.8299209560666765,0.8274687854710556,881,1.8307417996775228,0.8278,0.8130238001759297,0.08406514088636823,,,0.918161275801101,,0.9181767983534963,0.0818232016465037,0.9673885446949116,0.4014192333568403,5,0.1,0.5,0.6237412870726237,0.6216374806122598,0.6351851253524146,1.0,0.6451703262855526,0.6325084743796935,0.6184173771093809,0.6403486105846332,0.5202182420171884,0.6256749623659413,0.632173538220166,0.6352515489146351
2,4,0.2541442201256512,0.9225126646403242,4935,1.8223545322051415,0.8418491484184915,822,1.8307342346483908,0.8279,0.8164532788684512,0.08429523292259565,,,0.928901475238346,,0.9289142111339792,0.0710857888660208,0.9674046000103356,0.4014244724780077,5,0.1,0.5,0.6163521661299843,0.6283111230218889,0.6293732935523203,0.6451703262855526,1.0,0.6392525566089385,0.6311405596196884,0.6406507216852784,0.5221084052688368,0.631695737324682,0.641292649001132,0.637899614595675
2,5,0.2777592407029173,0.9173773301907007,4667,1.8435852479934693,0.8226221079691517,778,1.8307240527277937,0.8278,0.8170527121364514,0.08442195150764353,,,0.9348164251780933,,0.9348275688971437,0.06517243110285631,0.9674020677374023,0.40142673740654816,5,0.1,0.5,0.6265727861031681,0.6328986362215888,0.6373151791663209,0.6325084743796935,0.6392525566089385,1.0,0.6333576239695798,0.6444273475340659,0.522172114079721,0.6278115179989217,0.6365892308425779,0.6346910838046569
2,6,0.2840552235933553,0.9122838535818549,4453,1.8410350531339645,0.8315363881401617,742,1.8307607783296238,0.8277,0.8029885059714121,0.08348262086037107,,,0.8909704987625829,,0.890984388333919,0.10901561166608098,0.9673443697382094,0.40139722774447173,5,0.1,0.5,0.6055600471949469,0.6220384846159082,0.6179870277883084,0.6184173771093809,0.6311405596196884,0.6333576239695798,1.0,0.6299128161764531,0.5131755458783159,0.6113325688831597,0.6322345308577122,0.6194670320875887
2,7,0.2793968020521327,0.9153612345101707,4277,1.8271301000014595,0.8330995792426368,713,1.8307150640426733,0.8278,0.8214648922810339,0.08474723593626676,,,0.9499999999533221,,0.9500025099141609,0.04999749008583909,0.9674118248617714,0.4014307800455671,5,0.1,0.5,0.6274869448361289,0.630650263579265,0.6371948063348556,0.6403486105846332,0.6406507216852784,0.6444273475340659,0.6299128161764531,1.0,0.5255128617086516,0.639967015697704,0.6491695943925772,0.6448034451499547
2,8,0.3673799341358244,0.8976992007750061,4129,1.8444732535969128,0.8037790697674418,688,1.8313815498504395,0.8282,0.6966364537995379,0.07984790155594605,,,0.7213096497041482,,0.7213292505396316,0.2786707494603684,0.9660417252909838,0.40075271300606785,5,0.1,0.5,0.511899808510186,0.5068645527090004,0.5199180850901534,0.5202182420171884,0.5221084052688368,0.522172114079721,0.5131755458783159,0.5255128617086516,1.0,0.514642672661169,0.5296589522334187,0.5231315765545411
2,9,0.2983121931660987,0.9099725068732817,4001,1.8400287060510545,0.8035982008995503,667,1.837177509317002,0.8216,0.8048908896210126,0.07724903135082972,,,0.6,,0.6,0.4,0.9628797212852599,0.3990894169291619,5,0.1,0.5,0.6181036383208396,0.6262890190195661,0.6264101977888857,0.6256749623659413,0.631695737324682,0.6278115179989217,0.6113325688831597,0.639967015697704,0.514642672661169,1.0,0.6446408051403036,0.6299023789898476
2,10,0.28188409446204293,0.917408074055027,3889,1.821448768888201,0.8410493827160493,648,1.8307181071168699,0.828,0.8208136599479416,0.0845408189201788,,,0.9403648993371736,,0.9403845188494554,0.0596154811505446,0.9674038320626575,0.40142850538911595,5,0.1,0.5,0.6254981052750562,0.6345233108262213,0.6310279023667141,0.632173538220166,0.641292649001132,0.6365892308425779,0.6322345308577122,0.6491695943925772,0.5296589522334187,0.6446408051403036,1.0,0.6488888021404547
2,11,0.31898746050017723,0.9076760749142706,3791,1.8333039700984954,0.8117088607594937,632,1.8307368774383594,0.8277,0.8157725780710685,0.08403470250668134,,,0.916740477959751,,0.9167561869384067,0.08324381306159334,0.967380646056977,0.40141839828975145,5,0.1,0.5,0.6207335414767385,0.6293802717517849,0.6337271760913401,0.6352515489146351,0.637899614595675,0.6346910838046569,0.6194670320875887,0.6448034451499547,0.5231315765545411,0.6299023789898476,0.6488888021404547,1.0
3,0,0.21436826783243262,0.9366204041879718,8214,1.5907797785692437,0.9086924762600438,1369,1.6002034969604053,0.9044,0.799443470436621,0.08398159568608944,,,0.9122844226797144,,0.9123035992169067,0.08769640078309326,0.9686982312972117,0.40210526037915745,5,0.1,0.5,1.0,0.6139434458769293,0.6099150636492021,0.6152925634117685,0.6231076373576717,0.6241571036056891,0.6061525976948983,0.6138825017546746,0.5744885661497398,0.6036928936109425,0.6105675325145989,0.6120518525477487
3,1,0.2217329659686849,0.9337389717067235,6574,1.5916069064821516,0.9014598540145985,1096,1.600204221356791,0.9044,0.8050185957228813,0.08404498817155613,,,0.9163926631266368,,0.9164098187841976,0.08359018121580242,0.9686906493100197,0.4021079844800016,5,0.1,0.5,0.6139434458769293,1.0,0.6172938564962765,0.6264984001881686,0.621945671123052,0.6303180826956539,0.610179064098168,0.6189248632526674,0.5835842111003701,0.616178262852804,0.6189168765101449,0.6050678739032034
3,2,0.2461459103817357,0.9258516340999481,5783,1.6028867229338615,0.9045643153526971,964,1.6002114047638525,0.9044,0.8036014138602883,0.08402661270886265,,,0.9152018150550945,,0.915225139300236,0.08477486069976403,0.968692291066877,0.40210727273324587,5,0.1,0.5,0.6099150636492021,0.6172938564962765,1.0,0.6176353809973364,0.6252979248049516,0.6228366579073764,0.6143139080129769,0.6236715179894097,0.5747194830979669,0.6132404904905173,0.6195448127677666,0.6099614272021281
3,3,0.23911671420693936,0.928995649706828,5287,1.5985639478479112,0.9091940976163451,881,1.60021854056337,0.9046,0.8077217404779675,0.08394586057252193,,,0.909968557670595,,0.9099794187038803,0.09002058129611967,0.9686735677566801,0.4021034953832194,5,0.1,0.5,0.6152925634117685,0.6264984001881686,0.6176353809973364,1.0,0.6285816269454235,0.6242744733880075,0.6201275538875481,0.6234772429617023,0.5907642334049701,0.6116303227402944,0.6136553001386933,0.6181268645072535
3,4,0.23442738407081173,0.929483282674772,4935,1.5907400387984056,0.9233576642335767,822,1.6002190010235333,0.9044,0.8133733188348289,0.08429572793766262,,,0.9326422113370751,,0.9326590030620953,0.06734099693790474,0.9687008544675398,0.4021164043842009,5,0.1,0.5,0.6231076373576717,0.621945671123052,0.6252979248049516,0.6285816269454235,1.0,0.6307483457937563,0.6240734851443827,0.6271524377171764,0.5930229204127572,0.6240492285039587,0.6269927264343458,0.6190985060527492
3,5,0.2544084310199912,0.9247482322691236,4667,1.6166124725341797,0.8894601542416453,778,1.6002017434793538,0.9044,0.8151126600768243,0.0844404800726287,,,0.9420230799253329,,0.942041062195673,0.05795893780432704,0.9687104574745764,0.40211950894757215,5,0.1,0.5,0.6241571036056891,0.6303180826956539,0.6228366579073764,0.6242744733880075,0.6307483457937563,1.0,0.6266566964071232,0.6365504855135922,0.5988716575527974,0.6166754121902782,0.6257611578455431,0.622924359037439
3,6,0.26105103831339094,0.9241859420615316,4453,1.6144076933463414,0.9083557951482479,742,1.6002538783100848,0.9046,0.805965915992551,0.08349824513981711,,,0.8809602010528248,,0.8809748506601074,0.11902514933989261,0.9685677235802886,0.40207293903654845,5,0.1,0.5,0.6061525976948983,0.610179064098168,0.6143139080129769,0.6201275538875481,0.6240734851443827,0.6266566964071232,1.0,0.6225445880437194,0.590681526180937,0.6180160357035042,0.6257108538710437,0.6180203736674197
3,7,0.2525223376903572,0.925929389759177,4277,1.5949290317037832,0.9242636746143057,713,1.6001948742820813,0.9044,0.8124586076735626,0.08456356848294141,,,0.9499999999351936,,0.9500025099141609,0.04999749008583909,0.9687304517566878,0.40212134743772615,5,0.1,0.5,0.6138825017546746,0.6189248632526674,0.6236715179894097,0.6234772429617023,0.6271524377171764,0.6365504855135922,0.6225445880437194,1.0,0.5952342856431244,0.622483894000219,0.6267837545694236,0.6226312224120122
3,8,0.26124654536833986,0.9207556309033664,4129,1.6213700717145747,0.8866279069767442,688,1.602795570041425,0.9042,0.7723008336733156,0.07991260564691165,,,0.6485877189772229,,0.6486019778123588,0.35139802218764116,0.9656877137599171,0.4004843801085477,5,0.1,0.5,0.5744885661497398,0.5835842111003701,0.5747194830979669,0.5907642334049701,0.5930229204127572,0.5988716575527974,0.590681526180937,0.5952342856431244,1.0,0.5842334151481536,0.5976439111637667,0.5871260213225589
3,9,0.2715892476097141,0.9190202449387653,4001,1.6174812543959844,0.8785607196401799,667,1.61052390599784,0.9009,0.8002002268527642,0.07916286952291465,,,0.6,,0.6,0.4,0.9638137356427658,0.3995520985626301,5,0.1,0.5,0.6036928936109425,0.616178262852804,0.6132404904905173,0.6116303227402944,0.6240492285039587,0.6166754121902782,0.6180160357035042,0.622483894000219,0.5842334151481536,1.0,0.6294650455379524,0.6096692880884723
3,10,0.24966073431471578,0.9280020570840833,3889,1.5867780844370525,0.9089506172839507,648,1.6002013382439415,0.9044,0.8105583898618144,0.08436034482646022,,,0.9368298009884086,,0.936845539882536,0.06315446011746395,0.9687151285248208,0.4021178752945968,5,0.1,0.5,0.6105675325145989,0.6189168765101449,0.6195448127677666,0.6136553001386933,0.6269927264343458,0.6257611578455431,0.6257108538710437,0.6267837545694236,0.5976439111637667,0.6294650455379524,1.0,0.6218226108942243
3,11,0.2876484143884242,0.9160116064362965,3791,1.6059362292289734,0.8908227848101266,632,1.6001914819589438,0.9044,0.8031788051368447,0.08376710123163339,,,0.8983838035929314,,0.8983936549370012,0.10160634506299882,0.9686473076810113,0.4020936713160564,5,0.1,0.5,0.6120518525477487,0.6050678739032034,0.6099614272021281,0.6181268645072535,0.6190985060527492,0.622924359037439,0.6180203736674197,0.6226312224120122,0.5871260213225589,0.6096692880884723,0.6218226108942243,1.0
4,0,0.19812723874197802,0.9392987582176772,8214,1.3496720236401225,0.9415631848064281,1369,1.3624181141868568,0.9289,0.7908300717070503,0.0840952299452312,,,0.9230884422609078,,0.923106269765574,0.07689373023442603,0.9678940142721245,0.39105352117177405,5,0.1,0.5,1.0,0.5964585400768531,0.5902668214746296,0.5970993277870338,0.6066729272532315,0.6086042264472503,0.5935892294267066,0.5939146921823802,0.4396764673319614,0.5906106268326513,0.5974029544202559,0.5980452990769638
4,1,0.20911718861435005,0.9350167325829023,6574,1.3527544668742588,0.9315693430656934,1096,1.3624175882187133,0.9289,0.7875178855848571,0.08402095741103031,,,0.9202463015677217,,0.9202650469353948,0.07973495306460521,0.967892318135437,0.39105188757412723,5,0.1,0.5,0.5964585400768531,1.0,0.5928211700237576,0.5919697152787894,0.5985012561297379,0.5984533996571866,0.5932962502992396,0.5895521961263585,0.43707718170507,0.5908724794430065,0.6022218644624626,0.5899231963208514
4,2,0.2244033780900854,0.9338059830537783,5783,1.365393554010699,0.9221991701244814,964,1.3624197263687183,0.9288,0.7923096687958925,0.08417750829916452,,,0.9262369366592507,,0.9262537021233874,0.07374629787661258,0.967896659515024,0.3910550813510326,5,0.1,0.5,0.5902668214746296,0.5928211700237576,1.0,0.5993587154217709,0.6015582802856871,0.6047759843395,0.5964960091043865,0.6020001967199048,0.44520760665715886,0.5945977724905962,0.6033876342632364,0.5958997622217147
4,3,0.2218155328509768,0.9335350860601476,5287,1.360522129705974,0.9296254256526674,881,1.3624238415648,0.9289,0.7937897400365099,0.08417559770785471,,,0.9261638252545021,,0.9261834245268812,0.07381657547311882,0.9678973484341654,0.39105506374732013,5,0.1,0.5,0.5970993277870338,0.5919697152787894,0.5993587154217709,1.0,0.6105721035699927,0.5988737433188518,0.6038716637397615,0.6089093307263106,0.4484632921340233,0.5897419618508407,0.6000912364748832,0.5914646265356355
4,4,0.21460402780002164,0.9349544072948328,4935,1.3520230192404528,0.9367396593673966,822,1.362390232543214,0.9289,0.8024538708328937,0.08471515103125378,,,0.9468105754034669,,0.9468249585864164,0.053175041413583646,0.9679236027200416,0.39106253465027724,5,0.1,0.5,0.6066729272532315,0.5985012561297379,0.6015582802856871,0.6105721035699927,1.0,0.6091872146287032,0.6115788090940787,0.609277278977825,0.4586126395149113,0.6028463099133154,0.6151399334214516,0.5967055370843157
4,5,0.229099759178823,0.9314334690379259,4667,1.381905345916748,0.9177377892030848,778,1.362372252887811,0.9287,0.8000832676550803,0.08472853052442533,,,0.9473225601149919,,0.9473369810752472,0.05266301892475278,0.967928380479297,0.3910626617525392,5,0.1,0.5,0.6086042264472503,0.5984533996571866,0.6047759843395,0.5988737433188518,0.6091872146287032,1.0,0.6104321033977427,0.6105684188030285,0.4452111875958574,0.6014535947122215,0.6089206601508598,0.6007071902780796
4,6,0.23129335198684461,0.9301594430720862,4453,1.379881963133812,0.9272237196765498,742,1.3624706969093592,0.9289,0.7979453287855273,0.08402234317359075,,,0.920299329678402,,0.9203152452186135,0.07968475478138648,0.9678212945918995,0.39105190172444804,5,0.1,0.5,0.5935892294267066,0.5932962502992396,0.5964960091043865,0.6038716637397615,0.6115788090940787,0.6104321033977427,1.0,0.6109484646350618,0.44990876723062573,0.5961285519561704,0.6125751991905171,0.6027320948680494
4,7,0.22759321677262215,0.9327098433481412,4277,1.3564173397810564,0.94109396914446,713,1.3623662790932214,0.9289,0.7997301747627135,0.08479849899680417,,,0.9499999999617336,,0.9500025099141609,0.04999749008583909,0.9679409782820574,0.39106328725636696,5,0.1,0.5,0.5939146921823802,0.5895521961263585,0.6020001967199048,0.6089093307263106,0.609277278977825,0.6105684188030285,0.6109484646350618,1.0,0.4551108265224858,0.6048916334524309,0.6048761142240444,0.6039980495709615
4,8,0.32964689155962473,0.9108743037054977,4129,1.391532307321375,0.9142441860465116,688,1.3674562758150193,0.9278,0.6285387937508035,0.07565208797296101,,,0.6,,0.6,0.4,0.9632700641257864,0.3884785257486186,5,0.1,0.5,0.4396764673319614,0.43707718170507,0.44520760665715886,0.4484632921340233,0.4586126395149113,0.4452111875958574,0.44990876723062573,0.4551108265224858,1.0,0.4414032523569233,0.4595390463181392,0.4412114496674028
4,9,0.24903859780568469,0.9247688077980505,4001,1.3842677956535703,0.9160419790104948,667,1.3741727659877496,0.9269,0.7895522125551638,0.08082394068480386,,,0.7979080586066313,,0.7979167712464234,0.20208322875357665,0.9620206801881981,0.39079102899135626,5,0.1,0.5,0.5906106268326513,0.5908724794430065,0.5945977724905962,0.5897419618508407,0.6028463099133154,0.6014535947122215,0.5961285519561704,0.6048916334524309,0.4414032523569233,1.0,0.6149811482022335,0.5963938574709775
4,10,0.23148539000206061,0.9328362046798663,3889,1.343964247476487,0.9259259259259259,648,1.3623704228538294,0.9288,0.8033047779930147,0.08478839810437348,,,0.9496134754177199,,0.9496260227900206,0.05037397720997938,0.9679237150158473,0.39106324736687614,5,0.1,0.5,0.5974029544202559,0.6022218644624626,0.6033876342632364,0.6000912364748832,0.6151399334214516,0.6089206601508598,0.6125751991905171,0.6048761142240444,0.4595390463181392,0.6149811482022335,1.0,0.6099494314555068
4,11,0.2603891018277206,0.9235557900290161,3791,1.371713602542877,0.9224683544303798,632,1.3623954788945354,0.9289,0.7922528380894059,0.08400175614850697,,,0.9195115388433135,,0.9195271321720797,0.08047286782792029,0.9678727091161391,0.39105152823118544,5,0.1,0.5,0.5980452990769638,0.5899231963208514,0.5958997622217147,0.5914646265356355,0.5967055370843157,0.6007071902780796,0.6027320948680494,0.6039980495709615,0.4412114496674028,0.5963938574709775,0.6099494314555068,1.0
5,0,0.1870146891776226,0.9439980521061602,8214,1.095526627329893,0.9525200876552228,1369,1.111152243690369,0.9426,0.7827160418392605,0.08373829906109978,,,0.9025154922538239,,0.902535013302545,0.09746498669745496,0.9672931721667062,0.3928261058414719,5,0.1,0.5,1.0,0.5835813303117503,0.5790824589171192,0.5811381091088068,0.5792105183730641,0.5824977155833441,0.5748469969386308,0.5772611766385467,0.5821625893821689,0.5738756959025582,0.5825579351784267,0.5798816733363735
5,1,0.185651626913962,0.944599939154244,6574,1.1008117028645106,0.9470802919708029,1096,1.1111479856716557,0.9425,0.786466962129565,0.08382060275178807,,,0.9069372684490675,,0.9069524622257918,0.09304753777420816,0.9672928966143832,0.39283016491789535,5,0.1,0.5,0.5835813303117503,1.0,0.5871673720826888,0.5850382602720825,0.5810041931503657,0.5860422155621006,0.5824011503966258,0.576775347362631,0.583296573861473,0.5855152839347625,0.5869837711696584,0.5741869672300127
5,2,0.20695763967766617,0.9390973543143697,5783,1.114564072701239,0.9325726141078838,964,1.1111278402538727,0.9426,0.7867290768152093,0.0839344540189889,,,0.9130539421838285,,0.9130716329501531,0.08692836704984686,0.9673080726070005,0.3928357877093334,5,0.1,0.5,0.5790824589171192,0.5871673720826888,1.0,0.586735935391544,0.5857293281211902,0.5871230050893191,0.5787431100186559,0.5775839234629717,0.5830367202646825,0.5852116775409144,0.5839826668148529,0.5792146304384802
5,3,0.21024237503802562,0.9367505201437488,5287,1.10860076546669,0.9409761634506243,881,1.1111467633003624,0.9426,0.7824409956964461,0.08378233784281124,,,0.9048814813730329,,0.9048943326138246,0.09510566738617543,0.9673032356562703,0.3928282342250732,5,0.1,0.5,0.5811381091088068,0.5850382602720825,0.586735935391544,1.0,0.5826294120483404,0.5763325635148269,0.5747953142357085,0.585677055823453,0.5720696900424723,0.5774681432373961,0.5780017412366939,0.572340087312661
5,4,0.19810215604521575,0.9398176291793313,4935,1.0995414555072784,0.9525547445255474,822,1.111133131356285,0.9426,0.7854396214277544,0.08424842994447806,,,0.9299223385047863,,0.9299282164549972,0.07007178354500276,0.9673339662553849,0.39284718379502886,5,0.1,0.5,0.5792105183730641,0.5810041931503657,0.5857293281211902,0.5826294120483404,1.0,0.5827315448299878,0.5790725257533664,0.5806599122754592,0.5833358413626041,0.5832567108493822,0.5911463923825044,0.5700291139849385
5,5,0.20842433506750488,0.9368330833511892,4667,1.1327027916908263,0.9344473007712082,778,1.1111028657172815,0.9427,0.7886738242015088,0.0843711397386172,,,0.9365149377200839,,0.93653431052658,0.06346568947342002,0.9673423882941057,0.39285040999575177,5,0.1,0.5,0.5824977155833441,0.5860422155621006,0.5871230050893191,0.5763325635148269,0.5827315448299878,1.0,0.5861347562462429,0.5905147681660736,0.590027778206103,0.5789386252061579,0.5881742090268488,0.5809130246058261
5,6,0.21353874836516168,0.9346058836739277,4453,1.1314098089933395,0.9380053908355795,742,1.111200796910368,0.9426,0.7860612332491976,0.08380725684941574,,,0.9062202581555985,,0.9062396466040862,0.09376035339591382,0.9672926957166884,0.39282959385534616,5,0.1,0.5,0.5748469969386308,0.5824011503966258,0.5787431100186559,0.5747953142357085,0.5790725257533664,0.5861347562462429,1.0,0.5880838339708049,0.5822616699208455,0.5836394973395111,0.5964881367903317,0.5814176176711275
5,7,0.20768968854655526,0.9386018237082067,4277,1.1049454056698342,0.9579242636746143,713,1.1110992871534329,0.9428,0.787617482873528,0.08438074499227108,,,0.9370309811878892,,0.9370513528437328,0.06294864715626725,0.9673405386794185,0.3928506175130435,5,0.1,0.5,0.5772611766385467,0.576775347362631,0.5775839234629717,0.585677055823453,0.5806599122754592,0.5905147681660736,0.5880838339708049,1.0,0.5908797987682552,0.5790877405011957,0.5907946540244694,0.5819817971359883
5,8,0.21899547734512734,0.9344635504964882,4129,1.1471145369789817,0.9331395348837209,688,1.1190205435402476,0.9413,0.7830624533469259,0.0781074981332608,,,0.6,,0.6,0.4,0.9622173927138262,0.39017553775014335,5,0.1,0.5,0.5821625893821689,0.583296573861473,0.5830367202646825,0.5720696900424723,0.5833358413626041,0.590027778206103,0.5822616699208455,0.5908797987682552,1.0,0.5786851705680394,0.596158170087583,0.5792538472964627
5,9,0.2242948340946145,0.934266433391652,4001,1.1370136681057157,0.9355322338830585,667,1.1234985089149718,0.9413,0.7834405860571603,0.08157741489411739,,,0.7864217169888807,,0.7864314040459817,0.21356859595401834,0.9663660283405688,0.3925052123140243,5,0.1,0.5,0.5738756959025582,0.5855152839347625,0.5852116775409144,0.5774681432373961,0.5832567108493822,0.5789386252061579,0.5836394973395111,0.5790877405011957,0.5786851705680394,1.0,0.6031496266549744,0.5700725228509445
5,10,0.20694444919936358,0.940035998971458,3889,1.0901450656709217,0.9367283950617284,648,1.1110994286430529,0.9426,0.7946718366356277,0.08462214077109158,,,0.9499999999462748,,0.9500025099141609,0.04999749008583909,0.9673558624551728,0.392854854446554,5,0.1,0.5,0.5825579351784267,0.5869837711696584,0.5839826668148529,0.5780017412366939,0.5911463923825044,0.5881742090268488,0.5964881367903317,0.5907946540244694,0.596158170087583,0.6031496266549744,1.0,0.5892538425677407
5,11,0.2363804296629519,0.9319968346082828,3791,1.1232693374156952,0.935126582278481,632,1.1111120322641854,0.9426,0.7808356697580054,0.08360968100206025,,,0.8956054707592425,,0.8956227097033281,0.10437729029667187,0.9672749210026372,0.39281845746520455,5,0.1,0.5,0.5798816733363735,0.5741869672300127,0.5792146304384802,0.572340087312661,0.5700291139849385,0.5809130246058261,0.5814176176711275,0.5819817971359883,0.5792538472964627,0.5700725228509445,0.5892538425677407,1.0
6,0,0.17311774391195364,0.9484295105916728,8214,0.8713922750118167,0.9590942293644996,1369,0.8892505913496779,0.9488,0.7747938607950372,0.0843469449836184,,,0.9298582473552738,,0.9298679785151348,0.07013202148486519,0.964983871540628,0.377193776790418,5,0.1,0.5,1.0,0.5678095721775505,0.5626381947042257,0.5629057673180683,0.5707888621114036,0.5729790608634472,0.5502554703260587,0.5518401773045565,0.5616395050901366,0.38923220392519803,0.5588703363381291,0.5593487691963629
6,1,0.1808779641253494,0.9452083967143292,6574,0.8792081730706351,0.9516423357664233,1096,0.8892446021302439,0.9488,0.7696251774816498,0.08421842158951917,,,0.9247362535163595,,0.9247477536268259,0.07525224637317407,0.964983087174897,0.37719124859709896,5,0.1,0.5,0.5678095721775505,1.0,0.5616031521119406,0.5603446586726957,0.5626962971513058,0.5613250663694235,0.553833444996587,0.5441009032037238,0.553759252721919,0.38937719796787984,0.5595842693925389,0.5465282632768715
6,2,0.19884016673178387,0.9396161162026629,5783,0.8930123890599897,0.9398340248962656,964,0.889228600663499,0.9488,0.768814919154672,0.08426665612802813,,,0.9266585261951761,,0.9266803875307464,0.07331961246925356,0.9650003040178152,0.37719226395761785,5,0.1,0.5,0.5626381947042257,0.5616031521119406,1.0,0.5600394904012299,0.5587152285546965,0.5636144475890056,0.5461077402073868,0.5588921095649647,0.5479536872182443,0.399011885738044,0.5460736876724658,0.5483202884932715
6,3,0.1962721219679049,0.9414790996784566,5287,0.8853896898882729,0.9500567536889898,881,0.8892490684795684,0.9488,0.7664357093412582,0.08407878936323339,,,0.9191715436223968,,0.9191857838461924,0.08081421615380757,0.9649830161212418,0.37718807488708794,5,0.1,0.5,0.5629057673180683,0.5603446586726957,0.5600394904012299,1.0,0.5656799309808789,0.5540958688091637,0.5532897142395254,0.5459015675313592,0.5486217096290692,0.38615348176039493,0.5496849924768821,0.5454124111773706
6,4,0.18395561339273567,0.9457750759878419,4935,0.8769820561775794,0.962287104622871,822,0.8892364273436915,0.9488,0.7764582499954562,0.08475184356809172,,,0.9459945163169869,,0.9460067265699513,0.05399327343004867,0.965037183515962,0.37719944661777877,5,0.1,0.5,0.5707888621114036,0.5626962971513058,0.5587152285546965,0.5656799309808789,1.0,0.5649734647639885,0.5572251440565078,0.5610600499209737,0.5641405815899233,0.39697097855834224,0.5663831823247649,0.5523286962812923
6,5,0.19550147014670075,0.9421898435826013,4667,0.9123245716094971,0.9357326478149101,778,0.8892101653086872,0.9488,0.7735650174144172,0.08473181602179185,,,0.9451963661477087,,0.9452135936950956,0.05478640630490439,0.9650507581948713,0.37719927799658226,5,0.1,0.5,0.5729790608634472,0.5613250663694235,0.5636144475890056,0.5540958688091637,0.5649734647639885,1.0,0.5538036020768926,0.5595275605359106,0.563129261107699,0.38451807901527507,0.564096950581443,0.5518406736945554
6,6,0.1993289600206273,0.9407590388502134,4453,0.9109502087036768,0.944743935309973,742,0.8893058865595931,0.9488,0.7664348731310134,0.08409563952162441,,,0.9198430665623909,,0.9198534210130014,0.08014657898699862,0.9649782358984781,0.3771884389547157,5,0.1,0.5,0.5502554703260587,0.553833444996587,0.5461077402073868,0.5532897142395254,0.5572251440565078,0.5538036020768926,1.0,0.5602791557858,0.5574630741001783,0.39480780439240026,0.5564117240581387,0.5492474161330858
6,7,0.19821324349492234,0.9395370586859949,4277,0.8823781946431035,0.9565217391304348,713,0.8892041149611671,0.9488,0.7668297238250642,0.08449819394778255,,,0.9358859146762346,,0.9359018121580241,0.06409818784197585,0.9650428609852428,0.3771963553207045,5,0.1,0.5,0.5518401773045565,0.5441009032037238,0.5588921095649647,0.5459015675313592,0.5610600499209737,0.5595275605359106,0.5602791557858,1.0,0.5557549972137542,0.3858222705782765,0.5568249862874757,0.5528376196596682
6,8,0.203036589339474,0.9399370307580528,4129,0.9281695051626726,0.9447674418604651,688,0.8969605464143113,0.9482,0.7666066281625132,0.08024078391041474,,,0.7662169751499929,,0.7662316148787711,0.23376838512122888,0.9588055372495305,0.37674334815125404,5,0.1,0.5,0.5616395050901366,0.553759252721919,0.5479536872182443,0.5486217096290692,0.5641405815899233,0.563129261107699,0.5574630741001783,0.5557549972137542,1.0,0.3878415716294091,0.5631566645255108,0.5606200395479866
6,9,0.29324570412494405,0.9231692076980755,4001,0.9195787878263564,0.9385307346326837,667,0.9026581075625678,0.948,0.5836929525942133,0.07606999212990122,,,0.6,,0.6,0.4,0.9590127737052507,0.3745253775537655,5,0.1,0.5,0.38923220392519803,0.38937719796787984,0.399011885738044,0.38615348176039493,0.39697097855834224,0.38451807901527507,0.39480780439240026,0.3858222705782765,0.3878415716294091,1.0,0.4018971608147783,0.38101983404327183
6,10,0.18868528233963203,0.94687580354847,3889,0.8664618560246059,0.9459876543209876,648,0.8892139739121873,0.9488,0.7721768458492536,0.08485235098161431,,,0.9499999999601474,,0.9500025099141609,0.04999749008583909,0.9650589589500095,0.3772003371728592,5,0.1,0.5,0.5588703363381291,0.5595842693925389,0.5460736876724658,0.5496849924768821,0.5663831823247649,0.564096950581443,0.5564117240581387,0.5568249862874757,0.5631566645255108,0.4018971608147783,1.0,0.5576216381502712
