round,client_id,client_i_training_loss,client_i_training_accuracy,client_i_training_dataset_size,client_i_evaluation_loss,client_i_evaluation_accuracy,client_i_evaluation_dataset_size,client_i_central_evaluation_loss,client_i_central_evaluation_accuracy,client_i_cosine_similarity,client_i_importance_coefficient,client_i_tanh_val,tanh_normalization_value,client_i_q,client_i_mask_order,client_i_v_nonzero_fraction,client_i_v_sparsity,client_i_v_cosine_similarity,client_i_reward_gradient_norm,local_epochs,learning_rate,gamma,client_0_cosine_similarity,client_1_cosine_similarity,client_2_cosine_similarity,client_3_cosine_similarity,client_4_cosine_similarity,client_5_cosine_similarity,client_6_cosine_similarity,client_7_cosine_similarity,client_8_cosine_similarity,client_9_cosine_similarity,client_10_cosine_similarity,client_11_cosine_similarity
0,0,0.2733192558628634,0.9142926710494278,8214,2.195351251336031,0.393718042366691,1369,2.197433016170709,0.373,0.8040701789722668,0.08635632943638616,,,0.9599999999845976,,0.9600020079313287,0.03999799206867127,0,0.3901090604586328,5,0.1,0.5,1.0,0.5783688353390521,0.581917648693979,0.5899396845877982,0.5724992505360869,0.5854236681837263,0.5856241104985352,0.5850624502017069,0.5667845876800098,0.4287682421201812,0.5813721161805521,0.5688225290313479
0,1,0.31534721208012945,0.9024338302403407,6574,2.1975657190595355,0.3704379562043796,1096,2.197432546189037,0.3729,0.7936941228234606,0.08524195143000114,,,0.9428359787731457,,0.9428492545554942,0.057150745444505824,0,0.3901070129294775,5,0.1,0.5,0.5783688353390521,1.0,0.5879119307063391,0.5727690756908671,0.5833195985976223,0.590475446315515,0.5857778630096292,0.5845477195738354,0.5812982121325999,0.43685508988355715,0.5902367528282235,0.5845543944209226
0,2,0.33124657081265146,0.8982880857686322,5783,2.1967668687143633,0.3651452282157676,964,2.1974310699743205,0.3729,0.7930158816449508,0.08516910900880408,,,0.9417140355408167,,0.9417298328397169,0.058270167160283104,0,0.390106839486755,5,0.1,0.5,0.581917648693979,0.5879119307063391,1.0,0.5971546022844422,0.5841202730079607,0.6029856673879533,0.5999138742392165,0.595794764568958,0.5756234796464392,0.4424094669960886,0.5924423800583497,0.5727836713267578
0,3,0.3248134638957051,0.8972952525061472,5287,2.1936330454690114,0.3859250851305335,881,2.197433495293029,0.373,0.7955062820911183,0.08543657551481557,,,0.9458336437493693,,0.9458511118919732,0.05414888810802676,0,0.3901074685106689,5,0.1,0.5,0.5899396845877982,0.5727690756908671,0.5971546022844422,1.0,0.5999454733243313,0.6075820956484999,0.6053230062891137,0.5999814722055836,0.5917517066701828,0.45427766454031737,0.5914248691771319,0.5987366472859335
0,4,0.33008192115012674,0.8964133738601824,4935,2.201150729106023,0.354014598540146,822,2.197429881690028,0.373,0.7894935030518215,0.08479080908655506,,,0.9358873341409604,,0.935906831986346,0.06409316801365395,0,0.39010571454236714,5,0.1,0.5,0.5724992505360869,0.5833195985976223,0.5841202730079607,0.5999454733243313,1.0,0.5963946735030006,0.5990447487916861,0.6094792732241939,0.5955127140086941,0.4500589172503329,0.6002915366985623,0.6027013299621122
0,5,0.3543043890330073,0.8920077137347332,4667,2.1987643909454344,0.35732647814910024,778,2.197432226266343,0.373,0.7973421412632213,0.08563374494555802,,,0.9488705129913346,,0.9488780683700617,0.05112193162993828,0,0.39010788204035035,5,0.1,0.5,0.5854236681837263,0.590475446315515,0.6029856673879533,0.6075820956484999,0.5963946735030006,1.0,0.6103279400790521,0.6194223131998406,0.5885558289677879,0.45421327104584464,0.617696112500206,0.609178689111329
0,6,0.35716368767565915,0.8879407141253087,4453,2.2011570930480957,0.3490566037735849,742,2.1974310158921506,0.3729,0.792647004234386,0.08512949194549115,,,0.9411038403367276,,0.9411274534410923,0.058872546558907723,0,0.3901067472621707,5,0.1,0.5,0.5856241104985352,0.5857778630096292,0.5999138742392165,0.6053230062891137,0.5990447487916861,0.6103279400790521,1.0,0.6098119251749847,0.598394308666746,0.45428246674180867,0.6049516604392788,0.5984236428034309
0,7,0.37518709682122764,0.882534486789806,4277,2.1946415486543076,0.37868162692847124,713,2.197430999134295,0.3729,0.7924645222437579,0.0851098935630228,,,0.9408019795224711,,0.9408212439134581,0.059178756086541884,0,0.3901066796889548,5,0.1,0.5,0.5850624502017069,0.5845477195738354,0.595794764568958,0.5999814722055836,0.6094792732241939,0.6194223131998406,0.6098119251749847,1.0,0.5974703017566125,0.4472888065497733,0.6148085539630801,0.604864684749691
0,8,0.40360216423385564,0.8755630903366433,4129,2.2002899646759033,0.35901162790697677,688,2.197433699434177,0.373,0.7751962997585776,0.08325530381612152,,,0.9122369705470904,,0.9122534009336881,0.08774659906631188,0,0.39009839543657787,5,0.1,0.5,0.5667845876800098,0.5812982121325999,0.5756234796464392,0.5917517066701828,0.5955127140086941,0.5885558289677879,0.598394308666746,0.5974703017566125,1.0,0.44185211733050567,0.5924180949901231,0.5931267536146122
0,9,0.47144429875641236,0.8689827543114221,4001,2.193547793797084,0.39580209895052476,667,2.1980551066109166,0.3711,0.6166678583654839,0.06622950847139575,,,0.65,,0.650002509914161,0.349997490085839,0,0.3889249995638814,5,0.1,0.5,0.4287682421201812,0.43685508988355715,0.4424094669960886,0.45427766454031737,0.4500589172503329,0.45421327104584464,0.45428246674180867,0.4472888065497733,0.44185211733050567,1.0,0.4461438949402087,0.4423387713620447
0,10,0.38789596384788144,0.8814605296991515,3889,2.1935820352463495,0.38117283950617287,648,2.1974330527333024,0.3731,0.7844158499928425,0.08424547424913412,,,0.9274879053446217,,0.9275036393755334,0.07249636062446663,0,0.3901035326039912,5,0.1,0.5,0.5813721161805521,0.5902367528282235,0.5924423800583497,0.5914248691771319,0.6002915366985623,0.617696112500206,0.6049516604392788,0.6148085539630801,0.5924180949901231,0.4461438949402087,1.0,0.5865819406941619
0,11,0.40163719506949935,0.8737008704827223,3791,2.2017720580101012,0.3686708860759494,632,2.197435229731063,0.373,0.7765604160249838,0.08340180853271463,,,0.9144934849872302,,0.9145022840218865,0.08549771597811351,0,0.3900992349655055,5,0.1,0.5,0.5688225290313479,0.5845543944209226,0.5727836713267578,0.5987366472859335,0.6027013299621122,0.609178689111329,0.5984236428034309,0.604864684749691,0.5931267536146122,0.4423387713620447,0.5865819406941619,1.0
1,0,0.24798483586931738,0.9248599951302654,8214,2.0439166385073992,0.7465303140978816,1369,2.04838713556052,0.7373,0.8024027373406667,0.08529922614034087,,,0.9539120902663154,,0.9539229958335425,0.04607700416645755,0.9575920951290843,0.4017371051212755,5,0.1,0.5,1.0,0.6127367211987879,0.6199663293235781,0.6395158220883431,0.6201519550145432,0.6369968278734154,0.6134979641447098,0.6150754630851951,0.5077909972307458,0.6181486474669605,0.61935087778456,0.6185014058666984
1,1,0.275732361892401,0.916550045634317,6574,2.047863095147269,0.7454379562043796,1096,2.048383252689252,0.7373,0.8003630966003711,0.08448878994554102,,,0.9348084724150498,,0.9348175292405,0.06518247075950001,0.9575883563911367,0.4017342361653935,5,0.1,0.5,0.6127367211987879,1.0,0.61189154665057,0.6169947722637539,0.6237359977843796,0.6251916117734649,0.6204664548074897,0.6187840325172407,0.5086966999547493,0.627873992073294,0.6277146390062204,0.6158473663816443
1,2,0.2949514892322747,0.9104962822064673,5783,2.0440638872884933,0.7572614107883817,964,2.048381429129896,0.7373,0.8017918887710322,0.0844903535783539,,,0.9348453303983293,,0.9348526680387531,0.06514733196124689,0.9575874551304557,0.40173423943595843,5,0.1,0.5,0.6199663293235781,0.61189154665057,1.0,0.6310412331018976,0.6248800445001901,0.628237046441988,0.6191153029143247,0.6222927470139126,0.5026259007530871,0.6243142970194683,0.620882965584499,0.6173723902343182
1,3,0.2909476094636561,0.9123888783809344,5287,2.0431040142263686,0.7650397275822929,881,2.0483872856194982,0.7372,0.8203649960941677,0.08531622662054537,,,0.9543128259185465,,0.9543245820992922,0.04567541790070784,0.9575916223558434,0.4017371475738041,5,0.1,0.5,0.6395158220883431,0.6169947722637539,0.6310412331018976,1.0,0.64381427036886,0.6519720197634953,0.6272344653959175,0.6393557690840164,0.5265489138903747,0.6433676779468418,0.6364493996650329,0.6456063107992274
1,4,0.2928346393641926,0.9122593718338399,4935,2.0547112226486206,0.7068126520681265,822,2.0483772507109963,0.7373,0.8182228008786481,0.0848130646458581,,,0.9424522819998638,,0.942467747603032,0.05753225239696802,0.9575847180828966,0.401735648810854,5,0.1,0.5,0.6201519550145432,0.6237359977843796,0.6248800445001901,0.64381427036886,1.0,0.6510528302109875,0.6339844756931259,0.6413634097961465,0.5199795170467075,0.6482605839935224,0.6330618167417296,0.6452777399770845
1,5,0.30514044258871104,0.9076923076923077,4667,2.0500832557678224,0.7377892030848329,778,2.0483785490639295,0.7372,0.8235292671123138,0.0855574946221626,,,0.9599999999764279,,0.9600020079313287,0.03999799206867127,0.9575913609617688,0.40173761319629153,5,0.1,0.5,0.6369968278734154,0.6251916117734649,0.628237046441988,0.6519720197634953,0.6510528302109875,1.0,0.6345429995456662,0.6435602820101701,0.5216087319854772,0.6522076005836965,0.6422550573174041,0.6452993145029176
1,6,0.3217901773310067,0.9015944307208623,4453,2.053050090869268,0.7345013477088949,742,2.0483801060210403,0.7372,0.8115627068057955,0.0848052049729033,,,0.9422670136350895,,0.9422820139551228,0.05771798604487721,0.957587308118014,0.4017356325104555,5,0.1,0.5,0.6134979641447098,0.6204664548074897,0.6191153029143247,0.6272344653959175,0.6339844756931259,0.6345429995456662,1.0,0.6336458963455932,0.5165834776100297,0.6481273377134109,0.6389306223755683,0.6351268670830861
1,7,0.3216766967591065,0.9020808978255787,4277,2.0476663216300635,0.7419354838709677,713,2.0483822304600725,0.737,0.8163652485905685,0.08495987690483928,,,0.9459129434429896,,0.9459314291451232,0.05406857085487682,0.9575884140720876,0.40173618148332707,5,0.1,0.5,0.6150754630851951,0.6187840325172407,0.6222927470139126,0.6393557690840164,0.6413634097961465,0.6435602820101701,0.6336458963455932,1.0,0.5296007462631555,0.6403254021434415,0.6438443226556875,0.6373813701565804
1,8,0.3833154491458313,0.8916444659723904,4129,2.052038376981562,0.7093023255813954,688,2.048507686621084,0.7368,0.6960698084506508,0.07952971935783514,,,0.8179131634285364,,0.8179258069374027,0.1820741930625973,0.9573805755668889,0.4016113335504649,5,0.1,0.5,0.5077909972307458,0.5086966999547493,0.5026259007530871,0.5265489138903747,0.5199795170467075,0.5216087319854772,0.5165834776100297,0.5296007462631555,1.0,0.5308398353254173,0.5264260070110284,0.5239578711872629
1,9,0.31846278312659704,0.9027243189202699,4001,2.045331915219625,0.7331334332833583,667,2.0500806451986393,0.7363,0.815528487360517,0.07240630921189699,,,0.65,,0.650002509914161,0.349997490085839,0.9545068494619153,0.4004799873467232,5,0.1,0.5,0.6181486474669605,0.627873992073294,0.6243142970194683,0.6433676779468418,0.6482605839935224,0.6522076005836965,0.6481273377134109,0.6403254021434415,0.5308398353254173,1.0,0.6531162982016818,0.6508211948857089
1,10,0.33692331892117616,0.8975572126510671,3889,2.046139336767651,0.7391975308641975,648,2.048383561566996,0.7373,0.8186074577189301,0.08446474497175577,,,0.9342416838222101,,0.9342553084684504,0.0657446915315496,0.957578132669713,0.40173412069338066,5,0.1,0.5,0.61935087778456,0.6277146390062204,0.620882965584499,0.6364493996650329,0.6330618167417296,0.6422550573174041,0.6389306223755683,0.6438443226556875,0.5264260070110284,0.6531162982016818,1.0,0.6509338918424666
1,11,0.35117696045952684,0.8915325771564231,3791,2.055021059513092,0.7025316455696202,632,2.0483847525173102,0.7372,0.8175732371692839,0.08386898902796773,,,0.9201985130509969,,0.920219868480498,0.07978013151950203,0.9575635128553601,0.4017303859040401,5,0.1,0.5,0.6185014058666984,0.6158473663816443,0.6173723902343182,0.6456063107992274,0.6452777399770845,0.6452993145029176,0.6351268670830861,0.6373813701565804,0.5239578711872629,0.6508211948857089,0.6509338918424666,1.0
2,0,0.22745138132357642,0.929973216459703,8214,1.8540056999339614,0.8794740686632578,1369,1.8610205109507894,0.8844,0.795098455130201,0.0842686721277492,,,0.9248119523441891,,0.9248230510516541,0.07517694894834592,0.9669138195745239,0.4030204146060501,5,0.1,0.5,1.0,0.6121943914551986,0.6187041240906543,0.62231222729502,0.606366909877618,0.6171377480740815,0.6051015867903341,0.6135671523619717,0.5674761538032148,0.5901775494100402,0.611045691678843,0.6123142866040513
2,1,0.2548419501894669,0.9229084271372072,6574,1.8593993255070278,0.9051094890510949,1096,1.8610103038934092,0.8844,0.8063121851982983,0.08412270413085333,,,0.9202218033768289,,0.9202399477937855,0.07976005220621452,0.9669067348526753,0.4030188988902581,5,0.1,0.5,0.6121943914551986,1.0,0.6220974927483583,0.6311106271988064,0.6120454678045918,0.6349294428348478,0.620685892336279,0.6289609113515756,0.5748384385779077,0.6031349792775995,0.6195530786072844,0.6294865607052517
2,2,0.2645386693404874,0.9212519453570811,5783,1.8529382944107056,0.8952282157676349,964,1.8610150543645547,0.8844,0.8095167351831292,0.08423552329843897,,,0.9237695453244086,,0.9237839465890266,0.07621605341097337,0.9669053654566745,0.40302009298729286,5,0.1,0.5,0.6187041240906543,0.6220974927483583,1.0,0.6391946014380483,0.6248167327852079,0.6367470764207112,0.6210330873065439,0.6219350082534704,0.5796701483596668,0.6054118207875884,0.6211118904274753,0.6293135637819166
2,3,0.25793342699622174,0.921051636088519,5287,1.854508740561349,0.8796821793416572,881,1.8610024334142765,0.8843,0.8207778439383955,0.08517570180051859,,,0.9533346518698771,,0.9533457155765273,0.04665428442347275,0.9669283349048973,0.4030261044895033,5,0.1,0.5,0.62231222729502,0.6311106271988064,0.6391946014380483,1.0,0.6302873512664107,0.6431568868525964,0.6306071115755805,0.6321507610612127,0.5959402369544927,0.6244425783680108,0.6378956650758985,0.6403788831651427
2,4,0.2645315063684698,0.9228774062816616,4935,1.8701326984625597,0.8759124087591241,822,1.8610113901071275,0.8843,0.806960005557264,0.08436022072587437,,,0.9276908142323008,,0.9277044325084082,0.07229556749159183,0.9669106890168286,0.40302127649555247,5,0.1,0.5,0.606366909877618,0.6120454678045918,0.6248167327852079,0.6302873512664107,1.0,0.6350235877408721,0.6239628853705924,0.6237019999946546,0.5777066844689213,0.605234651815976,0.6210330865247065,0.6341322469027318
2,5,0.28195676782602214,0.9181058495821727,4667,1.8630541801452636,0.8791773778920309,778,1.8609867918605623,0.8843,0.8222701414675532,0.085387661699314,,,0.9599999999685537,,0.9600020079313287,0.03999799206867127,0.9669302027498384,0.4030266913683766,5,0.1,0.5,0.6171377480740815,0.6349294428348478,0.6367470764207112,0.6431568868525964,0.6350235877408721,1.0,0.6338829645796453,0.6343751904460805,0.5951108384126995,0.6249576257841133,0.6340862507949794,0.6513989410012645
2,6,0.2872613946940484,0.9117448910846621,4453,1.8666452119747798,0.8908355795148248,742,1.8610167853748456,0.8844,0.8098663654483857,0.08445639279786361,,,0.9307150671255238,,0.9307364088148186,0.06926359118518144,0.9669124928161564,0.4030220959341097,5,0.1,0.5,0.6051015867903341,0.620685892336279,0.6210330873065439,0.6306071115755805,0.6239628853705924,0.6338829645796453,1.0,0.628847331677481,0.5813928419067006,0.6140355308413544,0.630579293473966,0.6334130529254052
2,7,0.29333410477682725,0.9119476268412439,4277,1.862271194872649,0.8779803646563815,713,1.8610089937338052,0.8843,0.8132969672822545,0.08467857254752617,,,0.9377017914087202,,0.9377189900105416,0.0622810099894584,0.9669181824346176,0.4030237360165894,5,0.1,0.5,0.6135671523619717,0.6289609113515756,0.6219350082534704,0.6321507610612127,0.6237019999946546,0.6343751904460805,0.628847331677481,1.0,0.5867162931677568,0.6186098125108356,0.6308569184882924,0.6367596634908331
2,8,0.2936117744295325,0.9113102446112861,4129,1.8648879365487532,0.8633720930232558,688,1.861442973057683,0.8837,0.7642453840017378,0.0793685927399576,,,0.7707227353913801,,0.7707394207118117,0.22926057928818833,0.966163030383994,0.40273954078549257,5,0.1,0.5,0.5674761538032148,0.5748384385779077,0.5796701483596668,0.5959402369544927,0.5777066844689213,0.5951108384126995,0.5813928419067006,0.5867162931677568,1.0,0.5710255509971894,0.5863558804161562,0.5933516262927993
2,9,0.3065754196281353,0.9084228942764309,4001,1.860168564887274,0.8650674662668666,667,1.8646163011130434,0.8822,0.7895346540752198,0.07552957662301354,,,0.65,,0.650002509914161,0.349997490085839,0.9638213570796231,0.4016774410686538,5,0.1,0.5,0.5901775494100402,0.6031349792775995,0.6054118207875884,0.6244425783680108,0.605234651815976,0.6249576257841133,0.6140355308413544,0.6186098125108356,0.5710255509971894,1.0,0.6136859242713779,0.6151930026833292
2,10,0.30628554318100215,0.9108768320905117,3889,1.8605970768701463,0.9074074074074074,648,1.861020565032959,0.8843,0.8113849794553063,0.08428371983165589,,,0.9252851464964503,,0.9253049545705537,0.07469504542944627,0.9669039042271143,0.4030205652413774,5,0.1,0.5,0.611045691678843,0.6195530786072844,0.6211118904274753,0.6378956650758985,0.6210330865247065,0.6340862507949794,0.630579293473966,0.6308569184882924,0.5863558804161562,0.6136859242713779,1.0,0.6334251690155487
2,11,0.313833862233187,0.9029807438670535,3791,1.8707112073898315,0.8829113924050633,632,1.8610095456004523,0.8843,0.8183738619630274,0.0841326616772348,,,0.9205349310638034,,0.9205561969780633,0.07944380302193665,0.9668961132619464,0.40301903981778503,5,0.1,0.5,0.6123142866040513,0.6294865607052517,0.6293135637819166,0.6403788831651427,0.6341322469027318,0.6513989410012645,0.6334130529254052,0.6367596634908331,0.5933516262927993,0.6151930026833292,0.6334251690155487,1.0
3,0,0.21500560533697446,0.933844655466277,8214,1.62834608832071,0.9181884587289992,1369,1.6381469568886315,0.9229,0.7946887914983863,0.08347843417693238,,,0.8903771564901922,,0.89039706842026,0.10960293157973999,0.9698650251789768,0.40413797944703056,5,0.1,0.5,1.0,0.6130523637408389,0.6138630727031276,0.6178718533914161,0.61610896645818,0.6143281299538786,0.6005313345118855,0.6093563660558502,0.6082396918403844,0.6034136311528338,0.6043465562426329,0.6020976608280709
3,1,0.2324327702471281,0.9302099178582294,6574,1.6348331826073783,0.9315693430656934,1096,1.6381338092084892,0.9228,0.803880217371983,0.08370206255280763,,,0.900312301763165,,0.9003313086692435,0.09966869133075651,0.9698808662149054,0.40414512029804645,5,0.1,0.5,0.6130523637408389,1.0,0.612836430672175,0.6178003270801629,0.6229523267633632,0.6289445384285318,0.6167206806498231,0.6236138495176887,0.6206560472367203,0.613408574555186,0.6070207601491597,0.6165154632360405
3,2,0.24567210254213098,0.9272004150095107,5783,1.625439263159229,0.9304979253112033,964,1.6381358410984563,0.9228,0.8029655981814527,0.08374488360608427,,,0.902214714117501,,0.9022338236032328,0.09776617639676721,0.9698845194642275,0.40414630981427074,5,0.1,0.5,0.6138630727031276,0.612836430672175,1.0,0.615879810607297,0.6284827727031937,0.6272052057681705,0.6165619356420591,0.6106467905409417,0.6140949630333903,0.6156151074898795,0.6130774866774303,0.6159125934584734
3,3,0.2353851864731545,0.9292226215244941,5287,1.6319788992404938,0.9125993189557321,881,1.638085059464549,0.9227,0.8109377825000011,0.08464509197669065,,,0.9422083012591866,,0.9422267958435822,0.057773204156417846,0.9699298678693602,0.40416089545185246,5,0.1,0.5,0.6178718533914161,0.6178003270801629,0.615879810607297,1.0,0.6303037538330356,0.6339551508416668,0.6223014420011611,0.6268427279187261,0.6293159882181727,0.6261203916906516,0.6152333160559132,0.6225475219861216
3,4,0.23430562797933818,0.9286727456940223,4935,1.6506133721424983,0.9184914841849149,822,1.6380981321152026,0.9228,0.8193898169687447,0.08439971859088877,,,0.931307089708901,,0.9313237287284775,0.06867627127152254,0.9699165248794688,0.4041584844057461,5,0.1,0.5,0.61610896645818,0.6229523267633632,0.6284827727031937,0.6303037538330356,1.0,0.6418837538108644,0.626696704686251,0.64200799398085,0.6391220842575948,0.6317225522649764,0.624194060538675,0.6403525472711228
3,5,0.2523473760521371,0.9263766873794729,4667,1.6389521503448485,0.9280205655526992,778,1.6380616323635602,0.9226,0.8184038565803058,0.08504556208298676,,,0.9599999999555728,,0.9600020079313287,0.03999799206867127,0.9699361100921172,0.4041632402626978,5,0.1,0.5,0.6143281299538786,0.6289445384285318,0.6272052057681705,0.6339551508416668,0.6418837538108644,1.0,0.6294054280249952,0.6290352665146621,0.6310787093788008,0.630240632147878,0.6302943671769844,0.6330257513213601
3,6,0.25806855668746204,0.9219402649898945,4453,1.6446276605129242,0.9326145552560647,742,1.6381193810758499,0.9228,0.8066753660747473,0.08402036834934422,,,0.914453683944398,,0.9144671452236334,0.08553285477636663,0.9698998094409516,0.40415254412072343,5,0.1,0.5,0.6005313345118855,0.6167206806498231,0.6165619356420591,0.6223014420011611,0.626696704686251,0.6294054280249952,1.0,0.6233405707493872,0.6248874904447955,0.6238343881084994,0.6173853859624646,0.6184227782014643
3,7,0.2670750283191342,0.9221884498480243,4277,1.6412162677101467,0.9144460028050491,713,1.6380897672793355,0.9228,0.8118340113120093,0.08434720484054714,,,0.9289740595805431,,0.9289844887304854,0.07101551126951455,0.9699220394269749,0.4041578167139223,5,0.1,0.5,0.6093563660558502,0.6236138495176887,0.6106467905409417,0.6268427279187261,0.64200799398085,0.6290352665146621,0.6233405707493872,1.0,0.6262492365566269,0.6267217658256249,0.6295693125725845,0.6215247789332803
3,8,0.2642838269384363,0.9221118914991523,4129,1.642636158249595,0.9113372093023255,688,1.639000678214783,0.9228,0.8100491421354276,0.08076964063911621,,,0.7700334961324111,,0.7700567240600371,0.2299432759399629,0.9690075194622597,0.4038358070994264,5,0.1,0.5,0.6082396918403844,0.6206560472367203,0.6140949630333903,0.6293159882181727,0.6391220842575948,0.6310787093788008,0.6248874904447955,0.6262492365566269,1.0,0.6287260498547623,0.6230946782881058,0.6300386690566823
3,9,0.262338013325112,0.9204198950262434,4001,1.641155061267671,0.9205397301349325,667,1.6439763174270288,0.922,0.8054496545333243,0.0780678285313716,,,0.65,,0.650002509914161,0.349997490085839,0.9667900988578874,0.4027100530691573,5,0.1,0.5,0.6034136311528338,0.613408574555186,0.6156151074898795,0.6261203916906516,0.6317225522649764,0.630240632147878,0.6238343881084994,0.6267217658256249,0.6287260498547623,1.0,0.6182039967120475,0.6303340283179009
3,10,0.2712598242659549,0.9201851375674981,3889,1.639111768631708,0.9382716049382716,648,1.6381287982288641,0.9228,0.8052356020877358,0.08385588666882172,,,0.9071462508678135,,0.9071632950153105,0.09283670498468954,0.9698907402001158,0.404149099094048,5,0.1,0.5,0.6043465562426329,0.6070207601491597,0.6130774866774303,0.6152333160559132,0.624194060538675,0.6302943671769844,0.6173853859624646,0.6295693125725845,0.6230946782881058,0.6182039967120475,1.0,0.6239809567421303
3,11,0.28247881259675284,0.9147982062780269,3791,1.6514004051685334,0.9177215189873418,632,1.6381142444123094,0.9228,0.8100409554885801,0.08392331798440868,,,0.9101420241621551,,0.9101651523517895,0.08983484764821048,0.9698930058905453,0.4041506215000759,5,0.1,0.5,0.6020976608280709,0.6165154632360405,0.6159125934584734,0.6225475219861216,0.6403525472711228,0.6330257513213601,0.6184227782014643,0.6215247789332803,0.6300386690566823,0.6303340283179009,0.6239809567421303,1.0
4,0,0.19908151235322719,0.9395665936206476,8214,1.3832451382348703,0.9284149013878744,1369,1.3951435675636268,0.9385,0.7875182270540961,0.083157050447317,,,0.8477840587221955,,0.8477988052808594,0.15220119471914062,0.9708156117699303,0.3976019551870279,5,0.1,0.5,1.0,0.5978717408121033,0.6025927062826463,0.5997477155930765,0.5915383485585545,0.5979792356657004,0.5874319656101155,0.5928394845271249,0.5719211950016061,0.5941538962620339,0.5880578958103307,0.5907696378170892
4,1,0.21725089807714362,0.9353818071189535,6574,1.3899526153291974,0.947992700729927,1096,1.3950840905070685,0.9385,0.789766360909695,0.08338466904253126,,,0.8620463729983409,,0.862060137543296,0.13793986245670398,0.9708855608173347,0.397624280167373,5,0.1,0.5,0.5978717408121033,1.0,0.5930245570489527,0.5947576820763983,0.5907546107031796,0.6087999154848905,0.5841545898773461,0.5978448636632402,0.5777052936169106,0.5989836531033969,0.5898523671648986,0.6018057540348734
4,2,0.22590747627620045,0.9338059830537783,5783,1.3775380849838257,0.9450207468879668,964,1.3950749662356636,0.9386,0.795062203505409,0.0835987073863457,,,0.8754577646456424,,0.8754731188193364,0.12452688118066357,0.9709070585238951,0.39764051107938514,5,0.1,0.5,0.6025927062826463,0.5930245570489527,1.0,0.6060969692870625,0.6064751603556097,0.6113321460926574,0.6004992229755616,0.5971311822971109,0.5751094928531046,0.6039161859620311,0.5899915467870107,0.5994040993440714
4,3,0.21348656381042785,0.9348969169661434,5287,1.3901200592517853,0.9341657207718501,881,1.3950247379918448,0.9385,0.7993412499859934,0.08434784006201006,,,0.9223975396881741,,0.9224085136288339,0.07759148637116609,0.9710039730951417,0.39767271018771616,5,0.1,0.5,0.5997477155930765,0.5947576820763983,0.6060969692870625,1.0,0.6058805851476774,0.6150233246340863,0.5967619371830885,0.6036169330392711,0.5861250697966824,0.6109932942784521,0.5936353185438612,0.6100885535114051
4,4,0.21972387589634426,0.9342654508611955,4935,1.4101552367210388,0.9306569343065694,822,1.3950352756360087,0.9385,0.798941949150864,0.08417051903485583,,,0.9112868120489761,,0.9113046533808544,0.08869534661914558,0.970990469772498,0.39766803254313676,5,0.1,0.5,0.5915383485585545,0.5907546107031796,0.6064751603556097,0.6058805851476774,1.0,0.6148341963819651,0.6015003067343971,0.6075684946828749,0.5875445325664069,0.6111122654394364,0.5946184877019621,0.6082547104027923
4,5,0.23074976550032422,0.9325476751660595,4667,1.3942748880386353,0.9408740359897172,778,1.3949834154055902,0.9385,0.8088617910928178,0.08494795439218095,,,0.9599999999373412,,0.9600020079313287,0.03999799206867127,0.9710316986120145,0.3976802823479914,5,0.1,0.5,0.5979792356657004,0.6087999154848905,0.6113321460926574,0.6150233246340863,0.6148341963819651,1.0,0.6097493147859234,0.6142194763981896,0.5948660080014564,0.6138725268331255,0.6118627592720928,0.6190434201672875
4,6,0.23408762729061502,0.9294857399505951,4453,1.4022745738426845,0.944743935309973,742,1.395067115561269,0.9385,0.7930708686689698,0.08371231834889074,,,0.8825764943412874,,0.88259123537975,0.11740876462024996,0.9709409049007574,0.3976478416494665,5,0.1,0.5,0.5874319656101155,0.5841545898773461,0.6004992229755616,0.5967619371830885,0.6015003067343971,0.6097493147859234,1.0,0.5980748713162732,0.5786919511130983,0.610863244664986,0.5968933884227339,0.6014147400559922
4,7,0.24319431129703994,0.929015665185878,4277,1.4001040873320207,0.9424964936886395,713,1.395028728646592,0.9385,0.79821785436092,0.0841101954930674,,,0.9075070096544189,,0.907529742482807,0.09247025751719296,0.9709886372598052,0.3976661776382333,5,0.1,0.5,0.5928394845271249,0.5978448636632402,0.5971311822971109,0.6036169330392711,0.6075684946828749,0.6142194763981896,0.5980748713162732,1.0,0.582383268257215,0.6065028896274819,0.6037170232090546,0.6090954558201157
4,8,0.25617770789016503,0.9248244126907241,4129,1.4010263898155906,0.9316860465116279,688,1.3969467227070476,0.9384,0.7766254374544584,0.08097233353110725,,,0.7108922584979507,,0.7109080869434266,0.28909191305657345,0.9693295968886849,0.39694630840547923,5,0.1,0.5,0.5719211950016061,0.5777052936169106,0.5751094928531046,0.5861250697966824,0.5875445325664069,0.5948660080014564,0.5786919511130983,0.582383268257215,1.0,0.5901722380424728,0.5852902914792197,0.5955305750396155
4,9,0.23874537741214716,0.9270682329417645,4001,1.4019804171153478,0.9340329835082459,667,1.4031390126901693,0.9382,0.8002209297130167,0.08000052698762716,,,0.65,,0.650002509914161,0.349997490085839,0.9678165963819501,0.3962222443336308,5,0.1,0.5,0.5941538962620339,0.5989836531033969,0.6039161859620311,0.6109932942784521,0.6111122654394364,0.6138725268331255,0.610863244664986,0.6065028896274819,0.5901722380424728,1.0,0.6086798657238724,0.6123974399148694
4,10,0.25148984990311696,0.9263563898174337,3889,1.396938130969093,0.9506172839506173,648,1.3950710768897694,0.9385,0.7935352940488012,0.08361910239767079,,,0.8767356921405824,,0.8767531750414136,0.12324682495858641,0.9709211866993227,0.39764197967188203,5,0.1,0.5,0.5880578958103307,0.5898523671648986,0.5899915467870107,0.5936353185438612,0.5946184877019621,0.6118627592720928,0.5968933884227339,0.6037170232090546,0.5852902914792197,0.6086798657238724,1.0,0.608728911818402
4,11,0.26169608975017145,0.9202321287259299,3791,1.4117054879665374,0.9367088607594937,632,1.3950645630352032,0.9385,0.802520704572093,0.08397878287639585,,,0.8992728491849894,,0.8992771447216505,0.10072285527834945,0.9709700179642458,0.397661044766324,5,0.1,0.5,0.5907696378170892,0.6018057540348734,0.5994040993440714,0.6100885535114051,0.6082547104027923,0.6190434201672875,0.6014147400559922,0.6090954558201157,0.5955305750396155,0.6123974399148694,0.608728911818402,1.0
5,0,0.18438618517469918,0.945118091064037,8214,1.1471110111059144,0.9452154857560263,1369,1.1610353939449445,0.9472,0.7734332951434171,0.08356832615926417,,,0.915850621247237,,0.9158726971537573,0.0841273028462427,0.9661266820821526,0.3821413503364802,5,0.1,0.5,1.0,0.5760791321905592,0.5738421620519017,0.5884404815478285,0.5740213596645857,0.5743281372415425,0.5675662931287853,0.5785535711111526,0.5707325139649329,0.35519738013830465,0.5584629924717079,0.5684298779213061
5,1,0.20351117767972274,0.9392150897474901,6574,1.154125326020377,0.9507299270072993,1096,1.1609579924577342,0.9472,0.7819500691915283,0.08402432049894498,,,0.9273256489483209,,0.9273430048692335,0.07265699513076651,0.9661984909477692,0.3821459965315894,5,0.1,0.5,0.5760791321905592,1.0,0.578990362773235,0.5886216748913196,0.5866249265383818,0.5835761485530815,0.5766043178404071,0.5803852555078529,0.5875174591238712,0.35392541548435497,0.5685508420871174,0.5816389061785513
5,2,0.21308404067737044,0.936607297250562,5783,1.1389662911815028,0.9512448132780082,964,1.1609440775344166,0.9473,0.7805754911693995,0.08411991702419785,,,0.9297313208612046,,0.929742482807088,0.07025751719291196,0.9662270971466825,0.38214679582049077,5,0.1,0.5,0.5738421620519017,0.578990362773235,1.0,0.5922536945212895,0.586620275442543,0.5820817503764066,0.5796853402214023,0.5725575959709864,0.5808988482060811,0.35816791953770355,0.5660572263861126,0.5777306870919334
5,3,0.19676328442222157,0.9403442405901268,5287,1.156960312809263,0.9398410896708286,881,1.1608801348902547,0.9473,0.7955526192020759,0.08515716829289607,,,0.9558335901341699,,0.9558506099091411,0.04414939009085894,0.9663150186449855,0.3821522868619305,5,0.1,0.5,0.5884404815478285,0.5886216748913196,0.5922536945212895,1.0,0.596377083901692,0.595683999550323,0.5909487096658079,0.5943018441375696,0.6039375721606135,0.3624245264924225,0.5756224080927488,0.5940473483245878
5,4,0.20080587180271264,0.9386018237082067,4935,1.1789959760812612,0.9428223844282239,822,1.1608945222708364,0.9472,0.7901825066764435,0.0848468445196111,,,0.9480243399201372,,0.9480397570403092,0.05196024295969082,0.9663078371716073,0.3821511915268841,5,0.1,0.5,0.5740213596645857,0.5866249265383818,0.586620275442543,0.596377083901692,1.0,0.5921530077194989,0.5797880169400937,0.592034880501492,0.5943671177189369,0.3646967857427206,0.5713058017323602,0.5962225211243576
5,5,0.21407812473504512,0.9390186415256053,4667,1.1590443801879884,0.9460154241645244,778,1.1608382139723903,0.9473,0.7888130122266087,0.08532273297418694,,,0.9599999999748351,,0.9600020079313287,0.03999799206867127,0.9663316943705633,0.38215275019479505,5,0.1,0.5,0.5743281372415425,0.5835761485530815,0.5820817503764066,0.595683999550323,0.5921530077194989,1.0,0.5874354896971598,0.5860031999109038,0.5883984780666429,0.36530482302037914,0.5768684632226732,0.5859751956310688
5,6,0.2154159253107251,0.934201661801033,4453,1.1683331032594044,0.954177897574124,742,1.1609349237463344,0.9472,0.7819147371061954,0.08424412356780699,,,0.9328569595030534,,0.9328698358516139,0.06713016414838613,0.9662499926796941,0.3821477149224316,5,0.1,0.5,0.5675662931287853,0.5766043178404071,0.5796853402214023,0.5909487096658079,0.5797880169400937,0.5874354896971598,1.0,0.5800447274567752,0.588140138916546,0.35394611146377924,0.5735659119186394,0.5827418977906049
5,7,0.22479842382191279,0.9327098433481412,4277,1.1678471409756204,0.9495091164095372,713,1.1608829237401677,0.9472,0.7845052442630559,0.0846045496494341,,,0.9419270266309905,,0.9419456854575573,0.0580543145424427,0.9663060633303199,0.38215000669355076,5,0.1,0.5,0.5785535711111526,0.5803852555078529,0.5725575959709864,0.5943018441375696,0.592034880501492,0.5860031999109038,0.5800447274567752,1.0,0.5876148056893458,0.3538198251762707,0.575676132273936,0.5811222638413466
5,8,0.2158792813846734,0.9363041898764835,4129,1.1664127165620977,0.9447674418604651,688,1.1629242978918666,0.9472,0.7878110946550122,0.08260489269330169,,,0.8916059656714478,,0.8916219065307966,0.10837809346920335,0.9644437732386021,0.3821255999310454,5,0.1,0.5,0.5707325139649329,0.5875174591238712,0.5808988482060811,0.6039375721606135,0.5943671177189369,0.5883984780666429,0.588140138916546,0.5876148056893458,1.0,0.35699916614511207,0.5778052081743317,0.5913205226617977
5,9,0.3306130049938691,0.9163209197700575,4001,1.1721708036604381,0.9385307346326837,667,1.1708688774047948,0.9466,0.535897891479806,0.07300396137974242,,,0.65,,0.650002509914161,0.349997490085839,0.9628491924023455,0.3806296089941238,5,0.1,0.5,0.35519738013830465,0.35392541548435497,0.35816791953770355,0.3624245264924225,0.3646967857427206,0.36530482302037914,0.35394611146377924,0.3538198251762707,0.35699916614511207,1.0,0.3599819118140165,0.3560757534135707
5,10,0.22897609106463487,0.9328362046798663,3889,1.163209046636309,0.9567901234567902,648,1.1609447943135953,0.9473,0.7742788744393007,0.08391008829211635,,,0.9244510129635146,,0.9244616234124793,0.07553837658752072,0.9662251962858157,0.38214496415625526,5,0.1,0.5,0.5584629924717079,0.5685508420871174,0.5660572263861126,0.5756224080927488,0.5713058017323602,0.5768684632226732,0.5735659119186394,0.575676132273936,0.5778052081743317,0.3599819118140165,1.0,0.5874715531087173
5,11,0.2377139778541667,0.9279873384331311,3791,1.181146067380905,0.9477848101265823,632,1.1609185265656858,0.9471,0.7866789381133614,0.08459307494849738,,,0.9416382675398081,,0.9416545354148889,0.05834546458511114,0.9662977150384665,0.3821499740460401,5,0.1,0.5,0.5684298779213061,0.5816389061785513,0.5777306870919334,0.5940473483245878,0.5962225211243576,0.5859751956310688,0.5827418977906049,0.5811222638413466,0.5913205226617977,0.3560757534135707,0.5874715531087173,1.0
6,0,0.17422901562266488,0.9460189919649379,8214,0.9080943409786668,0.9532505478451424,1369,0.9225984489955841,0.951,0.7654088360684088,0.0833029134841682,,,0.9001347036488515,,0.9001606345062999,0.0998393654937001,0.9635561104276498,0.3853984322083867,5,0.1,0.5,1.0,0.5528356784812283,0.5587293160115894,0.5642813848731538,0.5561789247890639,0.5574121946694752,0.5436368212377463,0.557103929212343,0.5443344673805729,0.5495604304315349,0.5480902671879644,0.5458866763533126
6,1,0.19145369389392797,0.9430179494980225,6574,0.9138121792248317,0.9562043795620438,1096,0.9225281697873491,0.9511,0.7633218940579959,0.08353573580965054,,,0.9083425382633934,,0.9083580141559159,0.09164198584408412,0.9635702522917433,0.38540363185247484,5,0.1,0.5,0.5528356784812283,1.0,0.5467539502403157,0.5547606964131488,0.5559820266414157,0.5616953221893346,0.5478789662151261,0.5539247694200758,0.5443284273421437,0.5471280711377018,0.5430474575352292,0.5478914168930907
6,2,0.1981251657744921,0.9402386304686149,5783,0.898077549472932,0.9574688796680498,964,0.9225370979156738,0.951,0.7712789224965443,0.08388171028301206,,,0.9205393980461545,,0.9205612168063853,0.07943878319361475,0.9635840684399356,0.38540959536210984,5,0.1,0.5,0.5587293160115894,0.5467539502403157,1.0,0.5648765124059819,0.5660633001258131,0.5689065142713181,0.5554267820711244,0.5572504200997417,0.5422320410734375,0.5547650894260973,0.5533973353925864,0.5608431229632536
6,3,0.18840383619199091,0.9435218460374504,5287,0.9212312421628407,0.94211123723042,881,0.9224771129818389,0.951,0.7806129127912188,0.0849097811468215,,,0.9567826389153254,,0.9567993574619748,0.04320064253802525,0.9636201493454242,0.3854184971866813,5,0.1,0.5,0.5642813848731538,0.5547606964131488,0.5648765124059819,1.0,0.5695049779161732,0.5732030931835304,0.5593385293638594,0.5719795262904027,0.5558463685284113,0.5682084407232221,0.5573235107332998,0.5719216372749376
6,4,0.18409002016689027,0.9446808510638298,4935,0.9428745049696702,0.948905109489051,822,0.9224927573920058,0.951,0.7766255470071223,0.08455990721321252,,,0.9444483089619916,,0.944455599618493,0.055544400381506986,0.963618651605105,0.38541656582246253,5,0.1,0.5,0.5561789247890639,0.5559820266414157,0.5660633001258131,0.5695049779161732,1.0,0.5634390529637461,0.5572972656929451,0.5706461606827476,0.5551224486325486,0.5639947102004497,0.5502104207469215,0.5673913919247048
6,5,0.1966915645483524,0.9430469252196272,4667,0.9183298563957214,0.9485861182519281,778,0.9224351216048098,0.951,0.7800452601816463,0.08500104437477633,,,0.9599999999647463,,0.9600020079313287,0.03999799206867127,0.9636234373314155,0.3854188355728829,5,0.1,0.5,0.5574121946694752,0.5616953221893346,0.5689065142713181,0.5732030931835304,0.5634390529637461,1.0,0.5623091922350225,0.5706549381395981,0.5444324267150926,0.5655892835483287,0.5615994319884907,0.5754193172026799
6,6,0.19914161517135134,0.9399955086458567,4453,0.9288205082217852,0.9568733153638814,742,0.9225302211011941,0.951,0.7667605779651024,0.08380530277237089,,,0.9178457551175724,,0.9178605491692184,0.08213945083078156,0.963588905920116,0.38540841480642685,5,0.1,0.5,0.5436368212377463,0.5478789662151261,0.5554267820711244,0.5593385293638594,0.5572972656929451,0.5623091922350225,1.0,0.5479403433854977,0.5460207521470449,0.5548455775599128,0.5535823900268606,0.5591900352797989
6,7,0.20499255316081777,0.9386485854570961,4277,0.930384275705918,0.9537166900420757,713,0.9224825661403303,0.951,0.775254683495958,0.08434841267787328,,,0.9369923565985423,,0.9370061743888359,0.06299382561116407,0.963616534558834,0.3854149117402527,5,0.1,0.5,0.557103929212343,0.5539247694200758,0.5572504200997417,0.5719795262904027,0.5706461606827476,0.5706549381395981,0.5479403433854977,1.0,0.552602353340009,0.5625027820919685,0.5587064847845732,0.5608927252213238
6,8,0.2080092267773132,0.9373698232017438,4129,0.9276208064772866,0.9462209302325582,688,0.9243860454224169,0.9509,0.7598030884141987,0.08245647092198226,,,0.8702945216700055,,0.8703127353044526,0.12968726469554737,0.9634639983759553,0.3853689936075481,5,0.1,0.5,0.5443344673805729,0.5443284273421437,0.5422320410734375,0.5558463685284113,0.5551224486325486,0.5444324267150926,0.5460207521470449,0.552602353340009,1.0,0.5456361435438671,0.545180091323812,0.5558939674405231
6,9,0.20520350559021436,0.9372656835791052,4001,0.9381398927597773,0.9445277361319341,667,0.9340956066363155,0.9507,0.7656984458680631,0.07620762634422218,,,0.65,,0.650002509914161,0.349997490085839,0.9599849496564788,0.3839194925945511,5,0.1,0.5,0.5495604304315349,0.5471280711377018,0.5547650894260973,0.5682084407232221,0.5639947102004497,0.5655892835483287,0.5548455775599128,0.5625027820919685,0.5456361435438671,1.0,0.5582759867901524,0.5664131413970788
