round,client_id,client_i_training_loss,client_i_training_accuracy,client_i_training_dataset_size,client_i_evaluation_loss,client_i_evaluation_accuracy,client_i_evaluation_dataset_size,client_i_central_evaluation_loss,client_i_central_evaluation_accuracy,client_i_cosine_similarity,client_i_importance_coefficient,client_i_tanh_val,tanh_normalization_value,client_i_q,client_i_mask_order,client_i_v_nonzero_fraction,client_i_v_sparsity,client_i_v_cosine_similarity,client_i_reward_gradient_norm,local_epochs,learning_rate,gamma,client_0_cosine_similarity,client_1_cosine_similarity,client_2_cosine_similarity,client_3_cosine_similarity,client_4_cosine_similarity,client_5_cosine_similarity,client_6_cosine_similarity,client_7_cosine_similarity,client_8_cosine_similarity,client_9_cosine_similarity,client_10_cosine_similarity,client_11_cosine_similarity
0,0,0.27543422335519635,0.9138300462624787,8214,2.174473002899525,0.44631117604090575,1369,2.177052432355789,0.4401,0.7959427497841587,0.08431523358473146,,,0.9330077783387862,,0.9330254505295918,0.06697454947040815,0,0.39411927846510725,5,0.1,0.5,1.0,0.5641602928627044,0.5839747827300735,0.571550657883953,0.5553463479705896,0.5897506819879569,0.5683738195928925,0.5706200246692593,0.5475387861454571,0.5573517448645624,0.5828385778760661,0.554068270894411
0,1,0.2991908400437062,0.9048372376026772,6574,2.1800288745335172,0.42883211678832117,1096,2.1770523447579087,0.4401,0.7960095075689556,0.0843223053222657,,,0.9332495635338847,,0.9332613824607199,0.06673861753928012,0,0.39411931011211426,5,0.1,0.5,0.5641602928627044,1.0,0.6010992163474631,0.5671288944138501,0.5909181009346457,0.5841409324186445,0.5781161290035985,0.5829896549888195,0.5660731041280717,0.5960961909322545,0.5890480666933515,0.5912444238333804
0,2,0.32777464109478077,0.8972159778661595,5783,2.173475319339383,0.45954356846473027,964,2.1770470965022857,0.4402,0.8061564387138425,0.08539718271750715,,,0.9699999999658097,,0.9700015059484965,0.029998494051503455,0,0.39412432682995563,5,0.1,0.5,0.5839747827300735,0.6010992163474631,1.0,0.5955719039594453,0.5998079589834814,0.5985595300136087,0.6021387061467012,0.6007359140492774,0.5674456248492101,0.6187326492461752,0.6094360605011032,0.5946034878537867
0,3,0.33445616654423344,0.8955551352373747,5287,2.176169318812234,0.4358683314415437,881,2.177077764139389,0.4402,0.7856992049843259,0.08323012178144187,,,0.8959074238938335,,0.8959238994026404,0.10407610059735961,0,0.3941019880212408,5,0.1,0.5,0.571550657883953,0.5671288944138501,0.5955719039594453,1.0,0.5883512661032038,0.5935340683717326,0.5866177501635487,0.5905939588189787,0.5632666951193631,0.5808104396208044,0.6024413384974835,0.5806528177340141
0,4,0.32669336465337584,0.8975886524822695,4935,2.174982318511376,0.4464720194647202,822,2.1770782927735546,0.4402,0.786422919746253,0.0833067858118852,,,0.8985285940755638,,0.8985442497866573,0.10145575021334274,0,0.39410389180607197,5,0.1,0.5,0.5553463479705896,0.5909181009346457,0.5998079589834814,0.5883512661032038,1.0,0.5921073272218167,0.5857044205346321,0.5846717541659144,0.5677798855152822,0.6033214453109178,0.61725694163269,0.5809374089075751
0,5,0.3590425811006292,0.8867366616670238,4667,2.1815849590301513,0.4074550128534704,778,2.1770700387680493,0.4401,0.7902069772704914,0.083707635865662,,,0.9122337984879691,,0.9122534009336881,0.08774659906631188,0,0.39411183810588646,5,0.1,0.5,0.5897506819879569,0.5841409324186445,0.5985595300136087,0.5935340683717326,0.5921073272218167,1.0,0.5933230674892415,0.5928526902076577,0.5710522849940339,0.5866923067883348,0.6056962453868409,0.5965326635990104
0,6,0.3637764463992789,0.8842578037278239,4453,2.1793250342210135,0.4299191374663073,742,2.177078397891011,0.4402,0.7824826776947226,0.08288939093135485,,,0.8842577162137254,,0.884267858039255,0.115732141960745,0,0.39409305275512946,5,0.1,0.5,0.5683738195928925,0.5781161290035985,0.6021387061467012,0.5866177501635487,0.5857044205346321,0.5933230674892415,1.0,0.585567055119454,0.572468842665101,0.6023527322538008,0.6093216657577407,0.5788398371107599
0,7,0.36315896612828347,0.8872574234276361,4277,2.17359821692757,0.45582047685834504,713,2.17707191107753,0.4401,0.7844263171702538,0.08309528314713087,,,0.8912972435320994,,0.8913106771748406,0.10868932282515942,0,0.3940986905955074,5,0.1,0.5,0.5706200246692593,0.5829896549888195,0.6007359140492774,0.5905939588189787,0.5846717541659144,0.5928526902076577,0.585567055119454,1.0,0.5899224965560042,0.5963282300151188,0.6100722168958143,0.5941065782257232
0,8,0.3838528141304582,0.8806490675708404,4129,2.183517087589611,0.45058139534883723,688,2.177203436629079,0.4393,0.7592188112524895,0.0804250198020333,,,0.8,,0.8,0.19999999999999996,0,0.393941519060014,5,0.1,0.5,0.5475387861454571,0.5660731041280717,0.5674456248492101,0.5632666951193631,0.5677798855152822,0.5710522849940339,0.572468842665101,0.5899224965560042,1.0,0.5768802767031572,0.5942422093742257,0.5648538363635369
0,9,0.37547520076468716,0.881729567608098,4001,2.1795718329293385,0.4362818590704648,667,2.1770753014963655,0.4402,0.7852512903522555,0.08318267361153357,,,0.8942851542659245,,0.8942924551980322,0.10570754480196776,0,0.39410088457222797,5,0.1,0.5,0.5573517448645624,0.5960961909322545,0.6187326492461752,0.5808104396208044,0.6033214453109178,0.5866923067883348,0.6023527322538008,0.5963282300151188,0.5768802767031572,1.0,0.6163237852707699,0.5973803428284953
0,10,0.365009695532747,0.8857289791720236,3889,2.1727017675127303,0.4537037037037037,648,2.177052646399306,0.4401,0.7956109165221853,0.08428008206283864,,,0.9318059354341662,,0.9318257115606646,0.06817428843933537,0,0.3941189277026766,5,0.1,0.5,0.5828385778760661,0.5890480666933515,0.6094360605011032,0.6024413384974835,0.61725694163269,0.6056962453868409,0.6093216657577407,0.6100722168958143,0.5942422093742257,0.6163237852707699,1.0,0.5948345608185576
0,11,0.41072553007730417,0.873173305196518,3791,2.178722357749939,0.42563291139240506,632,2.1771019754318384,0.4397,0.7726545553642392,0.0818482853616154,,,0.8486619503812529,,0.8486772752371868,0.15132272476281317,0,0.39405140475865313,5,0.1,0.5,0.554068270894411,0.5912444238333804,0.5946034878537867,0.5806528177340141,0.5809374089075751,0.5965326635990104,0.5788398371107599,0.5941065782257232,0.5648538363635369,0.5973803428284953,0.5948345608185576,1.0
1,0,0.25557509933667194,0.9228147065984904,8214,2.021009639252064,0.7699050401753105,1369,2.0255129402057053,0.7551,0.7903612340858182,0.08417538612297801,,,0.9418469533451782,,0.9418603483760856,0.058139651623914435,0.9565821244523455,0.3927703287123844,5,0.1,0.5,1.0,0.6082961506811242,0.606674265099245,0.599487374161397,0.6059797618794668,0.6122143395826904,0.6022512132203713,0.6172513232954243,0.46780934642697447,0.49657136274926467,0.6171343275416303,0.6069002262801769
1,1,0.26410773432795503,0.9183449954365683,6574,2.02796517099653,0.7472627737226277,1096,2.0255091331256465,0.7551,0.8072045594194058,0.08477274983251756,,,0.9534008275850886,,0.9534159931730335,0.046584006826966506,0.9565831416118523,0.3927725137282826,5,0.1,0.5,0.6082961506811242,1.0,0.6263003734818947,0.6104085842410739,0.6242461398014395,0.6321502594773964,0.6278985413315115,0.6239286368195275,0.47371346653211027,0.5145298639981489,0.6356980525279351,0.6220383335033423
1,2,0.29606785381634754,0.9106346187100121,5783,2.0219713603296587,0.7634854771784232,964,2.0255024250323017,0.7552,0.8111733241889296,0.08563096786324984,,,0.9699999999806586,,0.9700015059484965,0.029998494051503455,0.9566000060747798,0.3927740228065678,5,0.1,0.5,0.606674265099245,0.6263003734818947,1.0,0.6325156961970693,0.6225229239911513,0.6215343530261658,0.6190432080923775,0.6380101745921282,0.4813774086146033,0.5179368798184807,0.6396088036436024,0.6266745393240444
1,3,0.30267131591036195,0.9088329865708341,5287,2.023373305797577,0.7525539160045402,881,2.0255433332424957,0.755,0.7994673756436316,0.08377036965733889,,,0.9340133517480971,,0.9340294161939662,0.06597058380603382,0.9565264166380518,0.3927682301681926,5,0.1,0.5,0.599487374161397,0.6104085842410739,0.6325156961970693,1.0,0.6176768600334372,0.6177181869692517,0.6150745057900112,0.6271501793192258,0.4669583244796486,0.5098960987901558,0.6256190507956397,0.6084561489220489
1,4,0.2931822384905911,0.9092198581560283,4935,2.0220469740720897,0.7493917274939172,822,2.025546067438948,0.755,0.8053917080784401,0.08403006997651181,,,0.9390363298431363,,0.9390492445158376,0.0609507554841624,0.9565303329600445,0.3927696649876037,5,0.1,0.5,0.6059797618794668,0.6242461398014395,0.6225229239911513,0.6176768600334372,1.0,0.6210508356115431,0.6222494030949599,0.6224949281983109,0.4784587001290707,0.5186528100210006,0.6334239309646219,0.6202547287330359
1,5,0.3176684684490096,0.901649882151275,4667,2.0319525814056396,0.7352185089974294,778,2.0255299833255074,0.755,0.8100556828915522,0.08446214891284948,,,0.9473933585886682,,0.9474072586717535,0.05259274132824654,0.9565537168977145,0.3927715213853873,5,0.1,0.5,0.6122143395826904,0.6321502594773964,0.6215343530261658,0.6177181869692517,0.6210508356115431,1.0,0.6314158965410821,0.6360024290682198,0.47841766218496395,0.5144198186812716,0.637542767689316,0.6266905359701213
1,6,0.32245348171863175,0.8988097911520323,4453,2.0307656029860177,0.7628032345013477,742,2.0255433675199273,0.755,0.8064259686170453,0.08378742417378261,,,0.9343432106515868,,0.9343557050348879,0.06564429496511215,0.9565175628533824,0.39276827455864305,5,0.1,0.5,0.6022512132203713,0.6278985413315115,0.6190432080923775,0.6150745057900112,0.6222494030949599,0.6314158965410821,1.0,0.6283495777166938,0.4814549675637183,0.5140375131534042,0.6323262080906035,0.6247949177831568
1,7,0.3112304175022378,0.9027355623100304,4277,2.0207532229630845,0.7755960729312763,713,2.025535121131629,0.755,0.8145730387210564,0.08421172353008685,,,0.9425497711180617,,0.9425631243411475,0.05743687565885247,0.9565356574739006,0.39277053486816405,5,0.1,0.5,0.6172513232954243,0.6239286368195275,0.6380101745921282,0.6271501793192258,0.6224949281983109,0.6360024290682198,0.6283495777166938,1.0,0.4952728692266322,0.5151746095986189,0.6399640629712073,0.6310826595143383
1,8,0.39554912285397764,0.8823443933155728,4129,2.0359135270118713,0.7441860465116279,688,2.0258902052340035,0.7545,0.6558401583726671,0.07684154982896127,,,0.8,,0.8,0.19999999999999996,0.9558972364512217,0.3925733773732954,5,0.1,0.5,0.46780934642697447,0.47371346653211027,0.4813774086146033,0.4669583244796486,0.4784587001290707,0.47841766218496395,0.4814549675637183,0.4952728692266322,1.0,0.39759037211902026,0.4969454077883569,0.4824128645004186
1,9,0.4227083516080812,0.8837290677330667,4001,2.030825864701044,0.7376311844077961,667,2.0255827941833595,0.7548,0.694072403288542,0.08003030429408155,,,0.8616751025942812,,0.8616936900757994,0.13830630992420057,0.9564600866622197,0.39271286661994514,5,0.1,0.5,0.49657136274926467,0.5145298639981489,0.5179368798184807,0.5098960987901558,0.5186528100210006,0.5144198186812716,0.5140375131534042,0.5151746095986189,0.39759037211902026,1.0,0.5288605025946845,0.511772993043362
1,10,0.31732543564905397,0.9033684751864233,3889,2.0189698991321383,0.7623456790123457,648,2.0255069210887338,0.7551,0.8204762256095014,0.08521148927573473,,,0.9618866801236144,,0.9618995030369961,0.03810049696300388,0.9565853988230828,0.39277347058715883,5,0.1,0.5,0.6171343275416303,0.6356980525279351,0.6396088036436024,0.6256190507956397,0.6334239309646219,0.637542767689316,0.6323262080906035,0.6399640629712073,0.4969454077883569,0.5288605025946845,1.0,0.6381331327555064
1,11,0.3583937856736554,0.8917963597995252,3791,2.028847599029541,0.7484177215189873,632,2.0255709181959256,0.7548,0.8059823565485398,0.08307581653190743,,,0.9205796942693775,,0.9206013754329602,0.07939862456703983,0.9564126444033635,0.39276340828712447,5,0.1,0.5,0.6069002262801769,0.6220383335033423,0.6266745393240444,0.6084561489220489,0.6202547287330359,0.6266905359701213,0.6247949177831568,0.6310826595143383,0.4824128645004186,0.511772993043362,0.6381331327555064,1.0
2,0,0.23049691006602857,0.9316532748965182,8214,1.8423713861509812,0.872899926953981,1369,1.8491452243000555,0.8561,0.7968677240441074,0.08507047307067755,,,0.9543698246572534,,0.9543798002108328,0.045620199789167204,0.958698617153924,0.38316286662635285,5,0.1,0.5,1.0,0.6131511078155394,0.6211447454879118,0.6197245927365311,0.6217518824994701,0.6169110595314122,0.6093531738369469,0.6128165471546576,0.43784716405822316,0.30673946166282695,0.6232466479123712,0.6149909099679602
2,1,0.2408775978812098,0.9266200182537268,6574,1.8512607744761875,0.8585766423357665,1096,1.8491396911608906,0.8562,0.8034662562553805,0.08570768301653342,,,0.9612869215317268,,0.9613021434666934,0.038697856533306596,0.9587104375646618,0.3831636990433196,5,0.1,0.5,0.6131511078155394,1.0,0.631887547826643,0.6254611798971166,0.6219878362142864,0.6260412256738082,0.6147268217452828,0.623494089410924,0.43252384997454346,0.3117263872894372,0.6284730492595059,0.6252139538950219
2,2,0.2643449320668838,0.9212865294829673,5783,1.846139738636632,0.8526970954356846,964,1.849130918804449,0.8564,0.8097687589176489,0.08651034059858614,,,0.9699999999891447,,0.9700015059484965,0.029998494051503455,0.958717218964828,0.3831643764659754,5,0.1,0.5,0.6211447454879118,0.631887547826643,1.0,0.6286827340354595,0.6324972851099802,0.6240584144991269,0.6163849790636412,0.6317985630727825,0.4359471894461457,0.3203256244914743,0.630780810875229,0.6356782720477201
2,3,0.2725673726254917,0.9162852279175335,5287,1.8459488877228327,0.8535754824063564,881,1.8491769914809888,0.856,0.8077599375913287,0.08518397021117607,,,0.9556018686969137,,0.9556247176346568,0.04437528236534316,0.9586869949361948,0.3831630585387639,5,0.1,0.5,0.6197245927365311,0.6254611798971166,0.6286827340354595,1.0,0.6313830661681559,0.6232449627148626,0.6267335102671844,0.6307857544660311,0.43740668069148125,0.3167739195608517,0.633747055457487,0.6250332753292467
2,4,0.25922569620032465,0.9219858156028369,4935,1.8450078689135039,0.8600973236009732,822,1.8491792621703955,0.856,0.8121737582018701,0.0855158496613526,,,0.9592045153951454,,0.9592189147131168,0.04078108528688318,0.9586942419431478,0.3831634869356762,5,0.1,0.5,0.6217518824994701,0.6219878362142864,0.6324972851099802,0.6313830661681559,1.0,0.6248236328388658,0.626695596696488,0.6340983775867827,0.4483203187987208,0.3161575056873899,0.6435547285554143,0.6376690667449874
2,5,0.2823713773989106,0.9138204413970431,4667,1.8572208070755005,0.8483290488431876,778,1.8491600614767105,0.8563,0.8075488320470294,0.08564311006000506,,,0.9605859635528335,,0.9606043873299533,0.039395612670046654,0.9587045153906161,0.38316363994553954,5,0.1,0.5,0.6169110595314122,0.6260412256738082,0.6240584144991269,0.6232449627148626,0.6248236328388658,1.0,0.6284555353383436,0.6389538756066743,0.4378296849626056,0.3177087679109004,0.6304866742094694,0.6256446541971711
2,6,0.28931341786469733,0.9114304962946328,4453,1.8567556192477543,0.8584905660377359,742,1.8491767583944547,0.856,0.8040461732744156,0.08506362725141016,,,0.9542955113240017,,0.9543045027860048,0.04569549721399524,0.9586873213366632,0.38316286179284464,5,0.1,0.5,0.6093531738369469,0.6147268217452828,0.6163849790636412,0.6267335102671844,0.626695596696488,0.6284555353383436,1.0,0.6307494240548531,0.43621281944327056,0.3212033797493065,0.6339704888289145,0.6209260963467121
2,7,0.2805200207450274,0.9161561842412906,4277,1.8421624743420144,0.8597475455820477,713,1.8491674836832113,0.856,0.8141478301019178,0.08570846669657364,,,0.96129542860352,,0.9613121831233372,0.038687816876662784,0.9587006064305522,0.38316369927935207,5,0.1,0.5,0.6128165471546576,0.623494089410924,0.6317985630727825,0.6307857544660311,0.6340983775867827,0.6389538756066743,0.6307494240548531,1.0,0.4507209132687452,0.3141844507944759,0.649816798502254,0.6387204774943841
2,8,0.40256217473114914,0.8878663114555583,4129,1.8639007752591914,0.8473837209302325,688,1.849678357188313,0.8563,0.6105576065099714,0.07350906138778808,,,0.8288673821164347,,0.8288790723357261,0.1711209276642739,0.9580236957160652,0.3830432277133834,5,0.1,0.5,0.43784716405822316,0.43252384997454346,0.4359471894461457,0.43740668069148125,0.4483203187987208,0.4378296849626056,0.43621281944327056,0.4507209132687452,1.0,0.24656762860980835,0.4481915706075922,0.43900886175208886
2,9,0.46295052054040187,0.8895276180954761,4001,1.8558481534322102,0.8305847076461769,667,1.849371461822583,0.8562,0.4750663566479878,0.07084976900989803,,,0.8,,0.8,0.19999999999999996,0.9581200837442564,0.3829660067651209,5,0.1,0.5,0.30673946166282695,0.3117263872894372,0.3203256244914743,0.3167739195608517,0.3161575056873899,0.3177087679109004,0.3212033797493065,0.3141844507944759,0.24656762860980835,1.0,0.319476369297014,0.2994104526945867
2,10,0.2804535877066435,0.9169966572383647,3889,1.8415342342285883,0.8672839506172839,648,1.849135454470357,0.8563,0.8176712129539052,0.0865079392579856,,,0.9699739327476169,,0.9699764068068872,0.030023593193112763,0.9587139485896597,0.3831643758378337,5,0.1,0.5,0.6232466479123712,0.6284730492595059,0.630780810875229,0.633747055457487,0.6435547285554143,0.6304866742094694,0.6339704888289145,0.649816798502254,0.4481915706075922,0.319476369297014,1.0,0.642458237566685
2,11,0.3157309552388532,0.9060406225270378,3791,1.8545244216918946,0.8481012658227848,632,1.849208127195462,0.8561,0.8081611863149577,0.08472970977801374,,,0.9506707412987001,,0.9506902263942573,0.049309773605742735,0.9586658864942907,0.3831623078104424,5,0.1,0.5,0.6149909099679602,0.6252139538950219,0.6356782720477201,0.6250332753292467,0.6376690667449874,0.6256446541971711,0.6209260963467121,0.6387204774943841,0.43900886175208886,0.2994104526945867,0.642458237566685,1.0
3,0,0.21509898977448388,0.9358412466520575,8214,1.6224128645519877,0.9181884587289992,1369,1.6318614878974402,0.9011,0.798864847520164,0.08485216980626109,,,0.9554394520865908,,0.9554540434717133,0.044545956528286745,0.9624030094449536,0.39558734154321834,5,0.1,0.5,1.0,0.6106903843620298,0.6115910986301766,0.6131523151130099,0.6116768970995522,0.6149636107609491,0.5964357180345321,0.6178539868616038,0.6149713778581123,0.4298403992929246,0.6152074969916834,0.6130914511456925
3,1,0.2227753048136523,0.9319135990264679,6574,1.6331123386110578,0.8978102189781022,1096,1.6318611580723772,0.9011,0.8038102838955992,0.08545126428832554,,,0.9611802130702058,,0.9612017469002561,0.03879825309974394,0.9624024859674664,0.39558791305062413,5,0.1,0.5,0.6106903843620298,1.0,0.6220342551338225,0.6223538513942743,0.6176066020914673,0.6184996202048577,0.6039365611737244,0.6162769005094347,0.6112227356567355,0.44339008765986954,0.6169802378742828,0.6110472934721205
3,2,0.244464153083278,0.9275116721424866,5783,1.6296700777546052,0.8952282157676349,964,1.6318529962350765,0.9011,0.8070036348980215,0.08609924283564062,,,0.9673894005590096,,0.9674012348777672,0.03259876512223281,0.9624095162797929,0.39558835921446317,5,0.1,0.5,0.6115910986301766,0.6220342551338225,1.0,0.6255464484836198,0.6161906564170997,0.6156916724400214,0.6115253053640093,0.6195643344632832,0.6121526720821409,0.4427236692214417,0.624140997474868,0.6189338265317297
3,3,0.24767238123073096,0.924304898808398,5287,1.6278591326304845,0.8978433598183881,881,1.6318973988389815,0.9012,0.8062012128340542,0.0851856760708415,,,0.9586352414133374,,0.9586516741127453,0.04134832588725468,0.9624024694880405,0.3955876863937746,5,0.1,0.5,0.6131523151130099,0.6223538513942743,0.6255464484836198,1.0,0.6262581214096167,0.6059999938301586,0.6123746863427371,0.6215900379987938,0.6125321216468648,0.44336989110803354,0.6211967184642473,0.614281987418548
3,4,0.23596473517677477,0.9299290780141845,4935,1.6278248337598948,0.902676399026764,822,1.6319001570296363,0.9012,0.8083370976010341,0.08548225045684921,,,0.9614771348289899,,0.9614928969429245,0.0385071030570755,0.9624020573400048,0.39558792639592316,5,0.1,0.5,0.6116768970995522,0.6176066020914673,0.6161906564170997,0.6262581214096167,1.0,0.6186187976487806,0.6115666676630152,0.6203158612228363,0.6222425728927917,0.4526348867602175,0.626733938728917,0.6161181290258765
3,5,0.2563728902374126,0.9230769230769231,4667,1.6411679220199584,0.8984575835475579,778,1.631879143059825,0.9011,0.8041206999931644,0.08541906639537897,,,0.960871680087319,,0.9608854977159781,0.03911450228402191,0.9624020838167915,0.3955878790341579,5,0.1,0.5,0.6149636107609491,0.6184996202048577,0.6156916724400214,0.6059999938301586,0.6186187976487806,1.0,0.6040658895025106,0.6234963496682694,0.6182526008200426,0.4307791090476006,0.6265469062288513,0.6190880666879874
3,6,0.2660361055244825,0.9205030316640467,4453,1.643163487315178,0.9056603773584906,742,1.6318927367274372,0.9012,0.7969656058188899,0.08478087497534757,,,0.9547562767346305,,0.9547663269916169,0.0452336730083831,0.9624021124086788,0.39558727357271883,5,0.1,0.5,0.5964357180345321,0.6039365611737244,0.6115253053640093,0.6123746863427371,0.6115666676630152,0.6040658895025106,1.0,0.614221601193998,0.6145314694556924,0.440149058682086,0.6172747864694691,0.6075221460822705
3,7,0.25583851368152605,0.92490063128361,4277,1.6231644464575725,0.9186535764375876,713,1.6318893470703222,0.9013,0.8103030712397927,0.08567989531653573,,,0.9633710462788009,,0.9633803523919482,0.03661964760805181,0.9624027078446736,0.39558808302428494,5,0.1,0.5,0.6178539868616038,0.6162769005094347,0.6195643344632832,0.6215900379987938,0.6203158612228363,0.6234963496682694,0.614221601193998,1.0,0.6227177914114052,0.4413341384611892,0.6348476482856198,0.623161955056389
3,8,0.2696699369018181,0.9185759263744248,4129,1.6516093178228899,0.8924418604651163,688,1.632560486610705,0.9011,0.8008003349088281,0.07720272179689529,,,0.8821394067798219,,0.8821545103157472,0.11784548968425279,0.9620497470192005,0.3955545182668716,5,0.1,0.5,0.6149713778581123,0.6112227356567355,0.6121526720821409,0.6125321216468648,0.6222425728927917,0.6182526008200426,0.6145314694556924,0.6227177914114052,1.0,0.4402205372856765,0.6310345796305461,0.621299229579409
3,9,0.37756804134629735,0.9005248687828042,4001,1.6412053732644944,0.8785607196401799,667,1.6324430479409215,0.9011,0.6073390100615919,0.06863081547606284,,,0.8,,0.8,0.19999999999999996,0.9616906396752225,0.3953821353420221,5,0.1,0.5,0.4298403992929246,0.44339008765986954,0.4427236692214417,0.44336989110803354,0.4526348867602175,0.4307791090476006,0.440149058682086,0.4413341384611892,0.4402205372856765,1.0,0.45094831261006474,0.4341847524633155
3,10,0.2574835593094591,0.9249678580611983,3889,1.62108542237963,0.9074074074074074,648,1.631854529959706,0.9011,0.8148038162621554,0.0863716798381044,,,0.9699999999904176,,0.9700015059484965,0.029998494051503455,0.9624102554284061,0.39558849561419995,5,0.1,0.5,0.6152074969916834,0.6169802378742828,0.624140997474868,0.6211967184642473,0.626733938728917,0.6265469062288513,0.6172747864694691,0.6348476482856198,0.6310345796305461,0.45094831261006474,1.0,0.6315303465411977
3,11,0.2922422817305607,0.9135848061197573,3791,1.6402487635612488,0.8876582278481012,632,1.6319274350096242,0.9014,0.8051165631865144,0.08484434274375735,,,0.9553644500687404,,0.955383765875207,0.044616234124792986,0.9624000548286692,0.39558733720376865,5,0.1,0.5,0.6130914511456925,0.6110472934721205,0.6189338265317297,0.614281987418548,0.6161181290258765,0.6190880666879874,0.6075221460822705,0.623161955056389,0.621299229579409,0.4341847524633155,0.6315303465411977,1.0
4,0,0.2040398062757626,0.9397370343316289,8214,1.3810353528621584,0.9422936449963477,1369,1.3931731400779261,0.9254,0.7870765441938877,0.08425877310226368,,,0.9464021139138278,,0.9464183524923447,0.05358164750765526,0.9665536765339072,0.3951313069941337,5,0.1,0.5,1.0,0.6012214397145024,0.5917316667829001,0.5896465608665782,0.5966086963900786,0.5967290594629965,0.5847635288959739,0.5961938913379289,0.5210658024375632,0.5880928557128414,0.5971638611296834,0.5869744229760951
4,1,0.20655674416056463,0.9376939458472772,6574,1.3932303258350918,0.916970802919708,1096,1.3931801201055607,0.9255,0.8003286981474368,0.08512391646524702,,,0.9581369871632681,,0.9581496912805582,0.04185030871944184,0.9665561049266083,0.39513317437383144,5,0.1,0.5,0.6012214397145024,1.0,0.6077814589450228,0.598496057469222,0.6103864628444181,0.6113310273620386,0.6035285871964737,0.6029883993549184,0.5260394619240014,0.6032903316342982,0.6102736169013856,0.5980621056634515
4,2,0.22993995193314856,0.9312813418640844,5783,1.3929489620270268,0.9159751037344398,964,1.3931758323797403,0.9254,0.7973750267216253,0.08545255295579561,,,0.9625946386077986,,0.96260729883038,0.03739270116962001,0.9665577199586812,0.3951336834316675,5,0.1,0.5,0.5917316667829001,0.6077814589450228,1.0,0.5987027977485408,0.6030497403955072,0.6044271130591342,0.592536946922883,0.6044442799471507,0.5281436286799428,0.6042501222588896,0.6073823763198983,0.6009462033763092
4,3,0.22875632903123477,0.9315301683374314,5287,1.3881291491644723,0.9284903518728718,881,1.3932090666347419,0.9252,0.7900445313329052,0.08458553725480475,,,0.9508343688170006,,0.9508508609005571,0.04914913909944285,0.966553334609062,0.39513211378480445,5,0.1,0.5,0.5896465608665782,0.598496057469222,0.5987027977485408,1.0,0.6054384538256349,0.5948873470412557,0.5926559437475175,0.6001079199520564,0.5137126576052634,0.5964103711939873,0.6016864199981525,0.5851546989992022
4,4,0.2187585454079653,0.9334549138804458,4935,1.3885414967170129,0.9367396593673966,822,1.3932195852358882,0.9253,0.8042038921129033,0.08528068319549784,,,0.9602633835363257,,0.9602831183173536,0.03971688168264642,0.9665564157783371,0.39513342316806893,5,0.1,0.5,0.5966086963900786,0.6103864628444181,0.6030497403955072,0.6054384538256349,1.0,0.6128118657869177,0.6107538579626842,0.6105467657456206,0.5284709775177998,0.6136978228585748,0.619656318933115,0.5999329983580743
4,5,0.23413500747043792,0.9302764088279408,4667,1.4036475467681884,0.929305912596401,778,1.393194217651416,0.9254,0.8011751024986541,0.08513215683268661,,,0.9582487601613283,,0.9582601275036394,0.041739872496360575,0.9665560602826224,0.3951331816449717,5,0.1,0.5,0.5967290594629965,0.6113310273620386,0.6044271130591342,0.5948873470412557,0.6128118657869177,1.0,0.6002484931436632,0.6188345308219761,0.5239633755405375,0.6020915842384776,0.6181286700370612,0.597307436169066
4,6,0.24460362443101724,0.9269705816303615,4453,1.4076850066582363,0.9272237196765498,742,1.3932024248110981,0.9252,0.7922573875870715,0.08439314510828239,,,0.9482247464697374,,0.9482355303448622,0.05176446965513781,0.9665528205930803,0.3951316669614966,5,0.1,0.5,0.5847635288959739,0.6035285871964737,0.592536946922883,0.5926559437475175,0.6107538579626842,0.6002484931436632,1.0,0.6030916156987173,0.525952362133187,0.5916629789320293,0.600546253044045,0.5938791613875973
4,7,0.23581967695630085,0.9309328968903438,4277,1.3834130971328071,0.9424964936886395,713,1.39320850981691,0.9253,0.8023220626722292,0.08534647506601643,,,0.9611557896905114,,0.9611766477586466,0.03882335224135336,0.9665574770497591,0.3951335289662441,5,0.1,0.5,0.5961938913379289,0.6029883993549184,0.6044442799471507,0.6001079199520564,0.6105467657456206,0.6188345308219761,0.6030916156987173,1.0,0.5291419285446625,0.6018293759804529,0.6172467977694119,0.606336215506643
4,8,0.2873993282829626,0.918430612739162,4129,1.417060369795019,0.9069767441860465,688,1.394146653409964,0.9248,0.7123494576731567,0.07653035619314329,,,0.8415732534870202,,0.8415892776467044,0.15841072235329556,0.9662903196371048,0.39502956066835027,5,0.1,0.5,0.5210658024375632,0.5260394619240014,0.5281436286799428,0.5137126576052634,0.5284709775177998,0.5239633755405375,0.525952362133187,0.5291419285446625,1.0,0.5256950972963009,0.5414262568499596,0.526210603071946
4,9,0.24691825391001038,0.9292676830792302,4001,1.4068578084309895,0.9085457271364318,667,1.3943035553057734,0.9246,0.7879411957753959,0.07346540409972083,,,0.8,,0.8,0.19999999999999996,0.9659761160742603,0.3949046142290138,5,0.1,0.5,0.5880928557128414,0.6032903316342982,0.6042501222588896,0.5964103711939873,0.6136978228585748,0.6020915842384776,0.5916629789320293,0.6018293759804529,0.5256950972963009,1.0,0.6172047356677044,0.5923863831280405
4,10,0.23312132031061367,0.9312933916173823,3889,1.3797067971456618,0.9274691358024691,648,1.3931840517269536,0.9255,0.807744754453896,0.08599850680728069,,,0.9699999999864359,,0.9700015059484965,0.029998494051503455,0.9665550662953228,0.39513426879744395,5,0.1,0.5,0.5971638611296834,0.6102736169013856,0.6073823763198983,0.6016864199981525,0.619656318933115,0.6181286700370612,0.600546253044045,0.6172467977694119,0.5414262568499596,0.6172047356677044,1.0,0.6113114218445579
4,11,0.2610509670566486,0.9207069374835136,3791,1.4041562914848327,0.9082278481012658,632,1.3932390205395488,0.9251,0.7921719285343133,0.08443249291926103,,,0.9487584633012288,,0.9487726519753025,0.05122734802469753,0.9665529236357915,0.3951317622231638,5,0.1,0.5,0.5869744229760951,0.5980621056634515,0.6009462033763092,0.5851546989992022,0.5999329983580743,0.597307436169066,0.5938791613875973,0.606336215506643,0.526210603071946,0.5923863831280405,0.6113114218445579,1.0
5,0,0.19101168734278776,0.9426101777453129,8214,1.1292210318321405,0.9510591672753835,1369,1.1438776052797945,0.9371,0.7801622946716895,0.0838233742087322,,,0.9425549814427198,,0.9425731639977912,0.05742683600220877,0.9678666157661817,0.3919837505809027,5,0.1,0.5,1.0,0.5780551476039086,0.5768923598045391,0.5753359315102535,0.5765410479478947,0.5849500364327512,0.572309574313065,0.5748261507460589,0.5774726953431982,0.5725586821821734,0.5746868458027315,0.5708554225970517
5,1,0.19686972312357964,0.9410100395497414,6574,1.1426228182656424,0.9333941605839416,1096,1.143867112577152,0.9371,0.7831493070039836,0.08450720155970722,,,0.9556748138878775,,0.9556899754028412,0.044310024597158826,0.9678780068295078,0.3919865113210567,5,0.1,0.5,0.5780551476039086,1.0,0.5910414066840074,0.5851964779213297,0.5723368405169617,0.5875524478484,0.5785625552987952,0.5727577292445128,0.5690183011437865,0.5752893344716107,0.5806598741361274,0.5667352712151607
5,2,0.2114966710139251,0.9371952273906277,5783,1.1452882328341085,0.9273858921161826,964,1.1438607640159777,0.9371,0.7886218170725282,0.08491967222409391,,,0.9635884283368761,,0.9636012248381105,0.036398775161889496,0.9678858615754425,0.39198753526122077,5,0.1,0.5,0.5768923598045391,0.5910414066840074,1.0,0.5900206749124584,0.5802549781362988,0.5843754524186248,0.5775541997117928,0.5931374606649402,0.579426926855994,0.572538687347898,0.5845277863244243,0.5769170294447665
5,3,0.21212259487933424,0.9358804615093625,5287,1.1378915480204992,0.9432463110102156,881,1.1438962952397502,0.937,0.7844825902763176,0.08419403001818873,,,0.949666340922507,,0.9496762210732393,0.050323778926760654,0.9678728357045421,0.3919854081031484,5,0.1,0.5,0.5753359315102535,0.5851964779213297,0.5900206749124584,1.0,0.5873593745357242,0.5749202589896801,0.5812414653463375,0.5834634338291618,0.5788050945639566,0.5745633447356813,0.5723466055307102,0.5697992863895771
5,4,0.2022958411426554,0.9383586626139817,4935,1.1388809635088994,0.948905109489051,822,1.1439012283334336,0.937,0.7857194684736248,0.08470253872383315,,,0.9594225301206232,,0.9594297475026354,0.04057025249736457,0.9678809885218418,0.3919870264160823,5,0.1,0.5,0.5765410479478947,0.5723368405169617,0.5802549781362988,0.5873593745357242,1.0,0.5798808421976143,0.584797316125091,0.5832675966526862,0.5775363084642103,0.5820753435728875,0.5831906087245152,0.5747434013880621
5,5,0.21907468564642515,0.9311763445468181,4667,1.1552558207511903,0.9305912596401028,778,1.14387467303596,0.9371,0.78884060192673,0.08471306937009127,,,0.9596245698814615,,0.9596355604638321,0.04036443953616786,0.9678802635107763,0.39198707002221833,5,0.1,0.5,0.5849500364327512,0.5875524478484,0.5843754524186248,0.5749202589896801,0.5798808421976143,1.0,0.583830853239444,0.5901597904387754,0.5890168761752101,0.5749336054845778,0.5814024464506808,0.5806510226065154
5,6,0.22410155532216386,0.9325847743094543,4453,1.1609399269024532,0.9380053908355795,742,1.1438930748750606,0.9371,0.7842492654029847,0.08405712977280616,,,0.9470397886523186,,0.9470558706892225,0.05294412931077752,0.967868944449179,0.3919848613090607,5,0.1,0.5,0.572309574313065,0.5785625552987952,0.5775541997117928,0.5812414653463375,0.584797316125091,0.583830853239444,1.0,0.5844020734877403,0.5880379908768583,0.5718014487320932,0.5779067482099575,0.5719381567103301
5,7,0.21082731570575886,0.9383212532148703,4277,1.1331607751224353,0.9509116409537167,713,1.1438884655126749,0.9369,0.7891174641950605,0.08486616811398098,,,0.9625619046700353,,0.9625771798604488,0.03742282013955123,0.9678850640998075,0.39198742403305126,5,0.1,0.5,0.5748261507460589,0.5727577292445128,0.5931374606649402,0.5834634338291618,0.5832675966526862,0.5901597904387754,0.5844020734877403,1.0,0.583198940059737,0.5772863129440734,0.5864679603550551,0.5838489841430217
5,8,0.22245590435770843,0.9325260353596513,4129,1.172197704965418,0.9215116279069767,688,1.1451669542934186,0.937,0.7806674509991647,0.07867181315334112,,,0.8437177270080103,,0.8437277245118217,0.15627227548817835,0.9675114979302303,0.3918767729948948,5,0.1,0.5,0.5774726953431982,0.5690183011437865,0.579426926855994,0.5788050945639566,0.5775363084642103,0.5890168761752101,0.5880379908768583,0.583198940059737,1.0,0.5734997564413709,0.5868556418141475,0.5747879575241055
5,9,0.23048718384357378,0.9309672581854537,4001,1.1617520593461537,0.9220389805097451,667,1.1455122245767246,0.937,0.7741746992378518,0.07639317296677607,,,0.8,,0.8,0.19999999999999996,0.9672008634229999,0.39174401205511244,5,0.1,0.5,0.5725586821821734,0.5752893344716107,0.572538687347898,0.5745633447356813,0.5820753435728875,0.5749336054845778,0.5718014487320932,0.5772863129440734,0.5734997564413709,1.0,0.5887721114098076,0.5696546428459187
5,10,0.21084596934026015,0.9390588840318848,3889,1.127772453285399,0.9444444444444444,648,1.1438661400502481,0.937,0.7877414285399174,0.08525385393496468,,,0.9699999999808141,,0.9700015059484965,0.029998494051503455,0.967888702386197,0.3919880879016981,5,0.1,0.5,0.5746868458027315,0.5806598741361274,0.5845277863244243,0.5723466055307102,0.5831906087245152,0.5814024464506808,0.5779067482099575,0.5864679603550551,0.5868556418141475,0.5887721114098076,1.0,0.581993084757094
5,11,0.24647899954384114,0.9269849643893432,3791,1.1570715367794038,0.9208860759493671,632,1.1439360987644989,0.9371,0.7789807483823667,0.08389797595348436,,,0.9439862818870047,,0.9439987952412028,0.05600120475879722,0.9678675799409173,0.39198406943346004,5,0.1,0.5,0.5708554225970517,0.5667352712151607,0.5769170294447665,0.5697992863895771,0.5747434013880621,0.5806510226065154,0.5719381567103301,0.5838489841430217,0.5747879575241055,0.5696546428459187,0.581993084757094,1.0
6,0,0.17946262837710142,0.9463111760409058,8214,0.9084556310675865,0.9576333089846604,1369,0.9252675933578905,0.9458,0.7684088838588534,0.08456278127712209,,,0.9588457230466172,,0.958857487073942,0.04114251292605797,0.963447797932412,0.3727913421428957,5,0.1,0.5,1.0,0.5677545356393489,0.5543769557555246,0.5563277663185064,0.5591782496737334,0.5617434245576495,0.5486522920649599,0.5494041390102822,0.555357604856554,0.29272001334518777,0.5532733742716399,0.5516144360621765
6,1,0.1798769449815154,0.9444174018862185,6574,0.9232572283063616,0.9452554744525548,1096,0.9252587417824961,0.9458,0.7749011843800722,0.08526065104319475,,,0.9656453457115922,,0.9656643742783997,0.034335625721600316,0.9634598401496601,0.37279212493880703,5,0.1,0.5,0.5677545356393489,1.0,0.5691431272035665,0.5588082328631354,0.5629317590349214,0.5637498698652006,0.5669950360423321,0.5515879139099477,0.5639334025564318,0.2939874315839131,0.5628245584799253,0.5430489049196838
6,2,0.1986282613745875,0.9411724018675428,5783,0.9288509238150812,0.9377593360995851,964,0.9252543746472929,0.9458,0.7709417186966169,0.08539952561959466,,,0.9669984559381489,,0.9670096882686612,0.03299031173133882,0.9634677964043282,0.37279223097773656,5,0.1,0.5,0.5543769557555246,0.5691431272035665,1.0,0.5581816898689976,0.5601440349439082,0.5542383595182381,0.549691944205288,0.5603959631820028,0.5627016257379344,0.28122927738669967,0.5592912237709471,0.5569450619913804
6,3,0.19610714375894203,0.9401550974087384,5287,0.9184864461421967,0.9545970488081725,881,0.9252819203721068,0.9458,0.7673375842415613,0.08477664261900661,,,0.9609294591505948,,0.9609457356558405,0.039054264344159484,0.9634539856610285,0.3727916002185851,5,0.1,0.5,0.5563277663185064,0.5588082328631354,0.5581816898689976,1.0,0.5584174942867656,0.5527573173396373,0.5527623804206945,0.5584641468413025,0.5495113091277112,0.2944964983767333,0.5571330907949198,0.5417955572086744
6,4,0.19131029604964198,0.9421681864235055,4935,0.9204770922660828,0.9562043795620438,822,0.9252876172812221,0.9458,0.7708712071501759,0.08524924119373617,,,0.965534175010762,,0.9655539380553185,0.03444606194468147,0.9634624970494806,0.3727921199740408,5,0.1,0.5,0.5591782496737334,0.5629317590349214,0.5601440349439082,0.5584174942867656,1.0,0.5560260119155236,0.5544566384883611,0.5565533100510562,0.5605556659278088,0.2868195361538945,0.5685688131533829,0.5434824227499598
6,5,0.20128197053523914,0.9387186629526463,4667,0.9363070106506348,0.9370179948586118,778,0.9252634362671703,0.9458,0.7702426700095869,0.08523389578012175,,,0.9653846585432366,,0.9654033432056623,0.034596656794337655,0.9634626280257842,0.3727920876254345,5,0.1,0.5,0.5617434245576495,0.5637498698652006,0.5542383595182381,0.5527573173396373,0.5560260119155236,1.0,0.561561834182719,0.558999673657392,0.5637434578886708,0.27746175721340605,0.5606453828625493,0.5501014773667688
6,6,0.2003221346904216,0.9397260273972603,4453,0.943351129690806,0.9487870619946092,742,0.9252792924356917,0.9458,0.7679363006121384,0.08470492566746632,,,0.9602306923707977,,0.9602529993474224,0.039747000652577635,0.9634520439030262,0.3727915263568594,5,0.1,0.5,0.5486522920649599,0.5669950360423321,0.549691944205288,0.5527623804206945,0.5544566384883611,0.561561834182719,1.0,0.5562568673440778,0.5682594939740242,0.2832282325637617,0.5582500521291462,0.544748034586549
6,7,0.1963992760064942,0.9418283843815759,4277,0.9145082157591115,0.9537166900420757,713,0.9252769048221576,0.9458,0.7715107029302685,0.08538349472928605,,,0.9668422605985865,,0.9668540735906832,0.033145926409316795,0.9634661371181739,0.37279222436962284,5,0.1,0.5,0.5494041390102822,0.5515879139099477,0.5603959631820028,0.5584641468413025,0.5565533100510562,0.558999673657392,0.5562568673440778,1.0,0.5695253838729415,0.28501006593534833,0.563390748018394,0.5628826448491511
6,8,0.2014750973722179,0.9402276580285783,4129,0.9569082260131836,0.934593023255814,688,0.9265161337563024,0.9454,0.7707619463596693,0.08114142868739518,,,0.9255101241355217,,0.925530846845038,0.07446915315496205,0.9631511408355738,0.3727823655626333,5,0.1,0.5,0.555357604856554,0.5639334025564318,0.5627016257379344,0.5495113091277112,0.5605556659278088,0.5637434578886708,0.5682594939740242,0.5695253838729415,1.0,0.278036365423175,0.5675180451663638,0.5575786379019056
6,9,0.43018938434836435,0.9056735816045989,4001,0.9462018807729086,0.9310344827586207,667,0.9271556108523482,0.9455,0.4543939016770176,0.0682598725649676,,,0.8,,0.8,0.19999999999999996,0.9625416176555581,0.37254233935749886,5,0.1,0.5,0.29272001334518777,0.2939874315839131,0.28122927738669967,0.2944964983767333,0.2868195361538945,0.27746175721340605,0.2832282325637617,0.28501006593534833,0.278036365423175,1.0,0.28106925494740953,0.27067776750742584
