round,client_id,client_i_training_loss,client_i_training_accuracy,client_i_training_dataset_size,client_i_evaluation_loss,client_i_evaluation_accuracy,client_i_evaluation_dataset_size,client_i_central_evaluation_loss,client_i_central_evaluation_accuracy,client_i_cosine_similarity,client_i_importance_coefficient,client_i_tanh_val,tanh_normalization_value,client_i_q,client_i_mask_order,client_i_v_nonzero_fraction,client_i_v_sparsity,client_i_v_cosine_similarity,client_i_reward_gradient_norm,local_epochs,learning_rate,gamma,client_0_cosine_similarity,client_1_cosine_similarity,client_2_cosine_similarity,client_3_cosine_similarity,client_4_cosine_similarity,client_5_cosine_similarity,client_6_cosine_similarity,client_7_cosine_similarity,client_8_cosine_similarity,client_9_cosine_similarity,client_10_cosine_similarity,client_11_cosine_similarity
0,0,0.27573036329407635,0.9148770392013635,8214,2.1718377568000973,0.40759678597516436,1369,2.1730458736419678,0.4103,0.8001431874226662,0.08443550311877532,,,0.9163977154512825,,0.9164148386125195,0.08358516138748051,0,0.3956914850032309,5,0.1,0.5,1.0,0.5735557185128548,0.5858979084081922,0.5728958624289232,0.5808985880270651,0.5679447041697617,0.560972080320304,0.5747898373160234,0.5703547724808232,0.5831950528464993,0.5762777091241553,0.5775212264664911
0,1,0.2998665271598159,0.9055065409187709,6574,2.1694892815181186,0.4206204379562044,1096,2.173039660286218,0.4104,0.8062886145300217,0.0850840023347228,,,0.9499999999481845,,0.9500025099141609,0.04999749008583909,0,0.3957006775239504,5,0.1,0.5,0.5735557185128548,1.0,0.6121012449312723,0.5964752619502677,0.5984410008959975,0.5928999803934074,0.5861431273218096,0.601656210453951,0.5956753202576383,0.5926536489220076,0.5939722931357483,0.5969734113509761
0,2,0.31646940330794665,0.90077814283244,5783,2.1736165785020396,0.3941908713692946,964,2.1730433858621616,0.4104,0.8044791239460171,0.08489305495149099,,,0.9401059736525325,,0.9401285076050399,0.059871492394960146,0,0.3956989961564255,5,0.1,0.5,0.5858979084081922,0.6121012449312723,1.0,0.6047544364956308,0.590496747612493,0.5842062125838662,0.5940642743344859,0.6086306244878282,0.6042903382950375,0.5929734596687641,0.5967983856382396,0.6082077159762738
0,3,0.3365003059281552,0.8943446188764895,5287,2.1709326079913547,0.41430192962542567,881,2.173087742381964,0.4101,0.7915907789163953,0.08353300600768909,,,0.8696344134478339,,0.8696450981376437,0.13035490186235632,0,0.39565723314215645,5,0.1,0.5,0.5728958624289232,0.5964752619502677,0.6047544364956308,1.0,0.5846835912727064,0.5874310609515545,0.5845140001126363,0.5975672413440059,0.5941673566713668,0.6030858594411436,0.5902003029914361,0.5881738787479421
0,4,0.33206293475363524,0.8970212765957447,4935,2.176865027501033,0.4075425790754258,822,2.173162055091736,0.4099,0.784565593527392,0.08279166986667434,,,0.8312217410719422,,0.8312383916470056,0.16876160835299436,0,0.3955985275963099,5,0.1,0.5,0.5808985880270651,0.5984410008959975,0.590496747612493,0.5846835912727064,1.0,0.5817708091379077,0.5814973783873265,0.5905401888861795,0.5830632613709862,0.5956191500227058,0.592421791706484,0.5758783752245293
0,5,0.35061815148857356,0.8899935718877223,4667,2.171144037246704,0.4267352185089974,778,2.1731793103507533,0.4099,0.7822558073840384,0.0825479285486497,,,0.8185921728157223,,0.8186085035891772,0.18139149641082275,0,0.3955711744934278,5,0.1,0.5,0.5679447041697617,0.5928999803934074,0.5842062125838662,0.5874310609515545,0.5817708091379077,1.0,0.5920768133806663,0.6020708763051159,0.5791468331381293,0.5893603364313114,0.6025783024838965,0.5949698128980114
0,6,0.3612327043449373,0.8902313047383786,4453,2.1738922595977783,0.40700808625336926,742,2.173196734711766,0.4101,0.7788555372977319,0.08218911337657807,,,0.8,,0.8,0.19999999999999996,0,0.39552109548159115,5,0.1,0.5,0.560972080320304,0.5861431273218096,0.5940642743344859,0.5845140001126363,0.5814973783873265,0.5920768133806663,1.0,0.6001824698085723,0.592631576238575,0.5789661712456162,0.5998341410423973,0.5928459824341089
0,7,0.3574468703301095,0.8863689501987374,4277,2.1728721701580547,0.4221598877980365,713,2.1730865304843308,0.4101,0.7916616260744981,0.08354048218886888,,,0.8700217952067871,,0.8700416645750715,0.12995833542492852,0,0.39565772982356645,5,0.1,0.5,0.5747898373160234,0.601656210453951,0.6086306244878282,0.5975672413440059,0.5905401888861795,0.6020708763051159,0.6001824698085723,1.0,0.6044111431242037,0.5988576169007392,0.6028489859583753,0.6135551631469457
0,8,0.38273710913812886,0.87958343424558,4129,2.171922131018205,0.4186046511627907,688,2.1731575441817506,0.4099,0.7844262459091668,0.08277696514077254,,,0.8304598089507454,,0.830480397570403,0.16951960242959696,0,0.39559677839624713,5,0.1,0.5,0.5703547724808232,0.5956753202576383,0.6042903382950375,0.5941673566713668,0.5830632613709862,0.5791468331381293,0.592631576238575,0.6044111431242037,1.0,0.6018931766963737,0.6076973795954915,0.6083615947348283
0,9,0.4062375476366296,0.8791802049487628,4001,2.1724481923239574,0.4272863568215892,667,2.173169844447614,0.41,0.7832418755537186,0.08265198387690231,,,0.8239838474043403,,0.8239947793785453,0.17600522062145474,0,0.3955830376783493,5,0.1,0.5,0.5831950528464993,0.5926536489220076,0.5929734596687641,0.6030858594411436,0.5956191500227058,0.5893603364313114,0.5789661712456162,0.5988576169007392,0.6018931766963737,1.0,0.600334655963727,0.5901645255110821
0,10,0.3943794599871655,0.8748264335304705,3889,2.1822263286227273,0.38117283950617287,648,2.1731419365246074,0.4097,0.785424699594976,0.08288232745670207,,,0.8359192057056728,,0.8359369509562773,0.1640630490437227,0,0.3956073921893376,5,0.1,0.5,0.5762777091241553,0.5939722931357483,0.5967983856382396,0.5902003029914361,0.592421791706484,0.6025783024838965,0.5998341410423973,0.6028489859583753,0.6076973795954915,0.600334655963727,1.0,0.6067032038014002
0,11,0.3814551796044121,0.8814033236613031,3791,2.1755821347236632,0.3876582278481013,632,2.173170984743502,0.4101,0.7834501594002113,0.08267396313217383,,,0.8251227126034054,,0.8251443200642538,0.17485567993574624,0,0.39558595494475973,5,0.1,0.5,0.5775212264664911,0.5969734113509761,0.6082077159762738,0.5881738787479421,0.5758783752245293,0.5949698128980114,0.5928459824341089,0.6135551631469457,0.6083615947348283,0.5901645255110821,0.6067032038014002,1.0
1,0,0.2519626074996034,0.9218894570245921,8214,2.0101598085359087,0.7472607742878014,1369,2.0125084742189596,0.7446,0.7962564162664797,0.08377617509327348,,,0.9170326724667721,,0.9170523568093971,0.08294764319060288,0.9604869451953368,0.4022596842932761,5,0.1,0.5,1.0,0.6215318620646076,0.6102889644138663,0.6089613773041032,0.6019535766380075,0.6216102695958022,0.6068633586509031,0.6207334472165547,0.6120475806426101,0.5471039155900009,0.6136373457465288,0.616878318224188
1,1,0.2708641550241454,0.9164283541223,6574,2.006527917725699,0.7591240875912408,1096,2.012473292244128,0.7448,0.8096610071377108,0.08467398989643822,,,0.9499999999632804,,0.9500025099141609,0.04999749008583909,0.9605384791948979,0.4022683439865769,5,0.1,0.5,0.6215318620646076,1.0,0.6407060318858557,0.6247707504644496,0.6211505539328755,0.6197320123020743,0.615664068271763,0.6282140080369322,0.6354819829255971,0.5497028977695938,0.6280369958935874,0.6229943201510079
1,2,0.2812629432556379,0.9134359329067958,5783,2.013759755319165,0.7468879668049793,964,2.0124822260853583,0.7447,0.8119917776445884,0.08462871785044711,,,0.9483376322217762,,0.9483509863962652,0.05164901360373475,0.960526190026936,0.40226811225589143,5,0.1,0.5,0.6102889644138663,0.6407060318858557,1.0,0.6241413885772157,0.625708337141143,0.6320268408169588,0.6234187589102371,0.63203102180195,0.6282213977089572,0.55780117781204,0.6243247173306042,0.6331129268619837
1,3,0.3076574095019914,0.9038396065821828,5287,2.01037203839847,0.7162315550510783,881,2.012558321602428,0.7445,0.8065241772733035,0.08353608086997692,,,0.9082165281332898,,0.9082325184478691,0.09176748155213088,0.9604043511299176,0.40225558356763647,5,0.1,0.5,0.6089613773041032,0.6247707504644496,0.6241413885772157,1.0,0.6140091515819031,0.6296656326260194,0.6220152689733368,0.6326591453944721,0.6309926724083729,0.5613727219081464,0.6157869886363315,0.620891788501208
1,4,0.29023560578664465,0.9110840932117528,4935,2.019382357597351,0.745742092457421,822,2.0126823072616284,0.7446,0.8040516934988904,0.08295822744152949,,,0.8869980283341602,,0.8870086843029968,0.11299131569700316,0.960202944361556,0.40224163911580807,5,0.1,0.5,0.6019535766380075,0.6211505539328755,0.625708337141143,0.6140091515819031,1.0,0.6209222236519465,0.6205988897082718,0.6318015332881434,0.6318582512151596,0.5529609377843002,0.6190811123811857,0.6248110442348168
1,5,0.3115360110640934,0.9046068137990143,4667,2.0122907543182373,0.7403598971722365,778,2.0127123438131314,0.7446,0.8146378728544698,0.08316605438855043,,,0.8946293338115123,,0.8946388233522413,0.10536117664775868,0.9601387752031234,0.402247406259291,5,0.1,0.5,0.6216102695958022,0.6197320123020743,0.6320268408169588,0.6296656326260194,0.6209222236519465,1.0,0.6266653981720941,0.637877463230527,0.646146514611705,0.5604145446431584,0.6327269171975822,0.6404166854061066
1,6,0.31807321835242747,0.9041994161239614,4453,2.0150813510020575,0.7358490566037735,742,2.012752045838597,0.7444,0.8066710110397427,0.08265009508041657,,,0.8756835563235912,,0.8757040309221424,0.12429596907785756,0.9599566699691404,0.4022316643077985,5,0.1,0.5,0.6068633586509031,0.615664068271763,0.6234187589102371,0.6220152689733368,0.6205988897082718,0.6266653981720941,1.0,0.6407574322093251,0.6323846688454836,0.5553938897337076,0.6223463732780812,0.6269428316182052
1,7,0.3080220202192553,0.9049333645078326,4277,2.0151307220044345,0.7475455820476858,713,2.012528787786587,0.7444,0.8215524993822133,0.08406551187866639,,,0.9276569799823218,,0.927674313538477,0.07232568646152304,0.9604106021628285,0.40226347936839785,5,0.1,0.5,0.6207334472165547,0.6282140080369322,0.63203102180195,0.6326591453944721,0.6318015332881434,0.637877463230527,0.6407574322093251,1.0,0.6500677089641721,0.5686389594133362,0.6435266917298651,0.6446166411582916
1,8,0.3334037691974439,0.89581012351659,4129,2.0053115541284736,0.7718023255813954,688,2.012664556884156,0.7445,0.8189973975554626,0.08347006741540142,,,0.9057925458504233,,0.905812961196727,0.09418703880327295,0.960217729700545,0.4022542759088663,5,0.1,0.5,0.6120475806426101,0.6354819829255971,0.6282213977089572,0.6309926724083729,0.6318582512151596,0.646146514611705,0.6323846688454836,0.6500677089641721,1.0,0.5663549699694879,0.6366129640356054,0.6391951330390772
1,9,0.4119253610464049,0.8836790802299425,4001,2.0111432870229087,0.7481259370314842,667,2.0129098937915155,0.7439,0.7388167579372313,0.08058896903886317,,,0.8,,0.8,0.19999999999999996,0.9599386601415415,0.4020729112249093,5,0.1,0.5,0.5471039155900009,0.5497028977695938,0.55780117781204,0.5613727219081464,0.5529609377843002,0.5604145446431584,0.5553938897337076,0.5686389594133362,0.5663549699694879,1.0,0.5524247042166683,0.5646669925611255
1,10,0.34871778940995696,0.8913859604011314,3889,2.0258411225818453,0.7083333333333334,648,2.0126500247766415,0.7446,0.8101430194112159,0.08323092209510159,,,0.897011244778319,,0.8970282616334522,0.10297173836654783,0.9602320357749574,0.40224903013115215,5,0.1,0.5,0.6136373457465288,0.6280369958935874,0.6243247173306042,0.6157869886363315,0.6190811123811857,0.6327269171975822,0.6223463732780812,0.6435266917298651,0.6366129640356054,0.5524247042166683,1.0,0.6346790481572503
1,11,0.335232047328115,0.898865734634661,3791,2.015495777130127,0.7610759493670886,632,2.012704589115545,0.7445,0.8147972865246964,0.08325518895133519,,,0.8979023120607291,,0.8979167712464233,0.10208322875357667,0.9601822110636629,0.4022495095344244,5,0.1,0.5,0.616878318224188,0.6229943201510079,0.6331129268619837,0.620891788501208,0.6248110442348168,0.6404166854061066,0.6269428316182052,0.6446166411582916,0.6391951330390772,0.5646669925611255,0.6346790481572503,1.0
2,0,0.23445391305740415,0.9273679084489895,8214,1.8149411068406216,0.8699780861943024,1369,1.8187847011767255,0.87,0.7977745182479438,0.08359852577621107,,,0.9265422466914878,,0.9265599116510216,0.07344008834897842,0.9662102058755222,0.39947027983795036,5,0.1,0.5,1.0,0.6239188409860514,0.6205108111060973,0.6135299446121969,0.60938968251629,0.6154114673562675,0.6120420886250719,0.6125983861160825,0.6105369318291161,0.5011204984094473,0.6167535709904539,0.6067918978573217
2,1,0.24755404009619383,0.9240949193793733,6574,1.8104701893670219,0.885036496350365,1096,1.818770299704311,0.8698,0.8095512183602117,0.08460733791921195,,,0.9476761936162402,,0.9476933888861001,0.05230661111389989,0.9662483151137115,0.39947571551867533,5,0.1,0.5,0.6239188409860514,1.0,0.6368004135947429,0.623302011161564,0.6273419220962821,0.6288075231441554,0.6185456312611459,0.6340661409176545,0.618217298728263,0.5096885852210559,0.6244937294607193,0.6062531221604319
2,2,0.2527221348620334,0.9228773992737334,5783,1.8202993754417665,0.8672199170124482,964,1.8187771677590026,0.8698,0.813581991295109,0.08471826296719909,,,0.9499999999790506,,0.9500025099141609,0.04999749008583909,0.9662487031015554,0.39947607405135865,5,0.1,0.5,0.6205108111060973,0.6368004135947429,1.0,0.6333258948689526,0.6254080419899956,0.6271178373322972,0.622660200252421,0.6402530701359478,0.6200480588598106,0.5119773891916753,0.6270148182170153,0.6252152528353266
2,3,0.2740092777198248,0.9151503688292038,5287,1.8167003563472204,0.8547105561861521,881,1.8188380277194915,0.8701,0.8095598819105981,0.08385124582981025,,,0.9318365646045316,,0.9318508107022739,0.06814918929772606,0.9661982960255882,0.3994719657505076,5,0.1,0.5,0.6135299446121969,0.623302011161564,0.6333258948689526,1.0,0.6257596916393349,0.6331823887192966,0.623507022161806,0.6372530778628177,0.6213649015397502,0.5100399897537973,0.622526485090666,0.6130045417807012
2,4,0.26460754505448764,0.9178520770010131,4935,1.8280050250200124,0.878345498783455,822,1.8189832710991272,0.8699,0.8095354441970055,0.08346627795070401,,,0.9237717422476511,,0.9237839465890266,0.07621605341097337,0.9661623766562852,0.39946920842719813,5,0.1,0.5,0.60938968251629,0.6273419220962821,0.6254080419899956,0.6257596916393349,1.0,0.630589372153982,0.6185765791118639,0.6311418204698935,0.6316226046537494,0.5131941049458465,0.6256620029795359,0.6206571202178532
2,5,0.277792944259023,0.9173773301907007,4667,1.8209436559677123,0.8470437017994858,778,1.8190256993229779,0.8699,0.8142675371370494,0.08376997992208333,,,0.9301340976064801,,0.9301591285578034,0.06984087144219664,0.9661740775810987,0.39947147126090976,5,0.1,0.5,0.6154114673562675,0.6288075231441554,0.6271178373322972,0.6331823887192966,0.630589372153982,1.0,0.6272840269992775,0.6330078573201776,0.6316704861922038,0.5125513132871602,0.6369792288749864,0.6271425575124611
2,6,0.2853953735849687,0.9151134066921177,4453,1.8233902702728908,0.8638814016172507,742,1.8190757199979057,0.87,0.8045754842304524,0.08308792855225693,,,0.9158455726815244,,0.9158626574971136,0.0841373425028864,0.9661223621904182,0.3994656567657634,5,0.1,0.5,0.6120420886250719,0.6185456312611459,0.622660200252421,0.623507022161806,0.6185765791118639,0.6272840269992775,1.0,0.6293948148074356,0.6265562993702097,0.5026085221492395,0.6181112642554221,0.6137415689137479
2,7,0.28054806569994273,0.9156885667523965,4277,1.8239051829213682,0.8807854137447405,713,1.8188272676528834,0.87,0.817565353094693,0.08448324631852222,,,0.945076556685837,,0.9451031574720145,0.054896842527985545,0.9662241348953886,0.3994752510907283,5,0.1,0.5,0.6125983861160825,0.6340661409176545,0.6402530701359478,0.6372530778628177,0.6311418204698935,0.6330078573201776,0.6293948148074356,1.0,0.6352179836994241,0.5135668250885331,0.6391601480039677,0.6255054011552984
2,8,0.30057287208350875,0.9078711552434003,4129,1.8051028739322315,0.875,688,1.8189620914550635,0.8698,0.8081792391377198,0.0837590626915437,,,0.9299053888499584,,0.9299181767983535,0.07008182320164646,0.966197198025817,0.3994713611826132,5,0.1,0.5,0.6105369318291161,0.618217298728263,0.6200480588598106,0.6213649015397502,0.6316226046537494,0.6316704861922038,0.6265562993702097,0.6352179836994241,1.0,0.5033138977713087,0.6256179899788532,0.6198515940447865
2,9,0.3882037093546907,0.8967758060484878,4001,1.8168785515285673,0.8785607196401799,667,1.8193403322475787,0.8696,0.6856770470654949,0.0775581323031173,,,0.8,,0.8,0.19999999999999996,0.9655205056912177,0.3992495223442943,5,0.1,0.5,0.5011204984094473,0.5096885852210559,0.5119773891916753,0.5100399897537973,0.5131941049458465,0.5125513132871602,0.5026085221492395,0.5135668250885331,0.5033138977713087,1.0,0.5092025185363864,0.5027441923041311
2,10,0.310433713029154,0.9068140910259707,3889,1.8358318578629267,0.8657407407407407,648,1.8189436296304575,0.87,0.8109361525714948,0.08369654900086594,,,0.9285957683918578,,0.928608001606345,0.07139199839365495,0.9661789539812151,0.3994709732836153,5,0.1,0.5,0.6167535709904539,0.6244937294607193,0.6270148182170153,0.622526485090666,0.6256620029795359,0.6369792288749864,0.6181112642554221,0.6391601480039677,0.6256179899788532,0.5092025185363864,1.0,0.6258369121397372
2,11,0.30269292545027465,0.9076760749142706,3791,1.8229061782360076,0.870253164556962,632,1.8190173622899162,0.8699,0.8020973672353087,0.08340345076847419,,,0.9224555543489538,,0.9224737713970182,0.07752622860298175,0.9661833300574967,0.39946865810517335,5,0.1,0.5,0.6067918978573217,0.6062531221604319,0.6252152528353266,0.6130045417807012,0.6206571202178532,0.6271425575124611,0.6137415689137479,0.6255054011552984,0.6198515940447865,0.5027441923041311,0.6258369121397372,1.0
3,0,0.2151145378435719,0.9350377404431458,8214,1.5837809762289359,0.9116143170197224,1369,1.5891931578754999,0.9127,0.7921601724521373,0.08312424675305954,,,0.9107393991430435,,0.9107574920937704,0.08924250790622956,0.9687874270062403,0.40156859630318487,5,0.1,0.5,1.0,0.6102224366565264,0.6031929438586491,0.6054321962960284,0.5990679253060076,0.6113898621831771,0.6014478535048327,0.5983019029519592,0.5944167190875892,0.6083383764654953,0.6065742747664962,0.5955400703983398
3,1,0.2247953263274168,0.9310617584423486,6574,1.5776093006134033,0.9206204379562044,1096,1.5891860993906333,0.9127,0.8068971003539035,0.08430813089316172,,,0.9483776492922855,,0.9483911450228402,0.051608854977159835,0.9688368323078715,0.401582710582402,5,0.1,0.5,0.6102224366565264,1.0,0.6192682882313224,0.6185875181302888,0.6206192463315241,0.6204367715514515,0.6196571881613595,0.6201027361899112,0.6070045623593378,0.611762603343832,0.6156771481437976,0.6073484136216599
3,2,0.23400479248256645,0.930416738716929,5783,1.5908456271694553,0.9087136929460581,964,1.5891991773733316,0.9127,0.8025062695546017,0.08422840340798585,,,0.945842939239864,,0.945861151548617,0.05413884845138295,0.9688353176827109,0.40158220134455214,5,0.1,0.5,0.6031929438586491,0.6192682882313224,1.0,0.6125579007015611,0.6119908075005633,0.6158468365422203,0.616722101950019,0.6101645889641549,0.5986816952858631,0.6198387624302076,0.6126741635430804,0.607764039753541
3,3,0.2496008909068979,0.923964441081899,5287,1.5871744113309043,0.9001135073779796,881,1.5892828234468406,0.9123,0.7994610100002694,0.08354684668917081,,,0.9241747696912432,,0.9241855328547763,0.07581446714522366,0.9688140232294832,0.401575544728677,5,0.1,0.5,0.6054321962960284,0.6185875181302888,0.6125579007015611,1.0,0.6026846538717365,0.618247645783621,0.6094627305323592,0.6177244754747723,0.601677073010809,0.6217248993288337,0.6053952322670497,0.589930419608101
3,4,0.23748798860597514,0.9279027355623101,4935,1.6006112878139203,0.9221411192214112,822,1.5894425467561228,0.9123,0.8021760615633128,0.08338624540660097,,,0.9190689058293192,,0.9190853872797551,0.08091461272024492,0.9688018762260768,0.4015731730374268,5,0.1,0.5,0.5990679253060076,0.6206192463315241,0.6119908075005633,0.6026846538717365,1.0,0.6184027910045297,0.6115372723722721,0.6197633772907218,0.6119757514058597,0.6170711362011315,0.6094357967705022,0.6084467409366154
3,5,0.25559633662413855,0.9248767945146775,4667,1.5936382818222046,0.9023136246786633,778,1.5894748738017708,0.9125,0.8130000211083058,0.08396569081822965,,,0.9374907349694818,,0.9375031373927012,0.06249686260729881,0.968817076890132,0.40158016153201076,5,0.1,0.5,0.6113898621831771,0.6204367715514515,0.6158468365422203,0.618247645783621,0.6184027910045297,1.0,0.6230175164748717,0.6308248592907459,0.6135849459698942,0.6350906404676059,0.6245635387148509,0.6233674249034162
3,6,0.25796513345092537,0.9250842128901864,4453,1.5962778081496556,0.9097035040431267,742,1.5895374899093335,0.9124,0.8060493261475552,0.08327047802916837,,,0.9153884092643817,,0.9154058531198233,0.08459414688017675,0.96879146682577,0.40157121743242763,5,0.1,0.5,0.6014478535048327,0.6196571881613595,0.616722101950019,0.6094627305323592,0.6115372723722721,0.6230175164748717,1.0,0.6242087052570143,0.6187424150315644,0.6186485478992082,0.613350686836801,0.6131495249773226
3,7,0.25022514275511476,0.9252279635258359,4277,1.5964854644692463,0.9228611500701263,713,1.5892486968360389,0.9124,0.8107162466215251,0.0843591607690803,,,0.9499999999682078,,0.9500025099141609,0.04999749008583909,0.9688361628144821,0.40158300024593485,5,0.1,0.5,0.5983019029519592,0.6201027361899112,0.6101645889641549,0.6177244754747723,0.6197633772907218,0.6308248592907459,0.6242087052570143,1.0,0.623154558448719,0.625712760467958,0.6264283313834887,0.6126633900851226
3,8,0.28149017473542837,0.9157665294260111,4129,1.569824999028986,0.9186046511627907,688,1.5894150299766956,0.9123,0.7971305052649699,0.08340431054504004,,,0.919643235847366,,0.9196576477084484,0.08034235229155162,0.9688080279491152,0.4015734389321911,5,0.1,0.5,0.5944167190875892,0.6070045623593378,0.5986816952858631,0.601677073010809,0.6119757514058597,0.6135849459698942,0.6187424150315644,0.623154558448719,1.0,0.6079234566547721,0.6045959797981466,0.5990907281559656
3,9,0.2799077176794757,0.9172706823294177,4001,1.5866728964306058,0.9190404797601199,667,1.5900090220637215,0.9117,0.8071741188032022,0.07964101844648182,,,0.8,,0.8,0.19999999999999996,0.968154606138369,0.4013323058707932,5,0.1,0.5,0.6083383764654953,0.611762603343832,0.6198387624302076,0.6217248993288337,0.6170711362011315,0.6350906404676059,0.6186485478992082,0.625712760467958,0.6079234566547721,1.0,0.6194700997640492,0.6204100516528879
3,10,0.2823910206174631,0.9145795834404731,3889,1.6112813552220662,0.9027777777777778,648,1.5894002560228586,0.9124,0.803725482779466,0.08359312163520105,,,0.9256459508105194,,0.9256663822097284,0.07433361779027159,0.9688069092142796,0.40157616895895054,5,0.1,0.5,0.6065742747664962,0.6156771481437976,0.6126741635430804,0.6053952322670497,0.6094357967705022,0.6245635387148509,0.613350686836801,0.6264283313834887,0.6045959797981466,0.6194700997640492,1.0,0.6067943209884117
3,11,0.2654640447097917,0.9209179635979953,3791,1.5948463022708892,0.9113924050632911,632,1.5894509062599451,0.9122,0.7972440927746858,0.08317234660681978,,,0.9122685980457448,,0.9122835199036193,0.08771648009638067,0.9687882108018778,0.40156949445908025,5,0.1,0.5,0.5955400703983398,0.6073484136216599,0.607764039753541,0.589930419608101,0.6084467409366154,0.6233674249034162,0.6131495249773226,0.6126633900851226,0.5990907281559656,0.6204100516528879,0.6067943209884117,1.0
4,0,0.20303392291670586,0.9380082785488191,8214,1.347918762717136,0.9320672023374726,1369,1.3544649647447629,0.9313,0.787281764260319,0.08366059742194668,,,0.9314919242389308,,0.9315044425480649,0.06849555745193514,0.9681482506350907,0.3874575732612619,5,0.1,0.5,1.0,0.6020584346373089,0.595605938575002,0.5977293254981019,0.5923104150151798,0.5948347623235433,0.5871669328581851,0.596075779387643,0.5860719503078835,0.38960114553017755,0.5866381024504267,0.584789732923678
4,1,0.20998769242325527,0.9362032248250685,6574,1.3397630112511771,0.9370437956204379,1096,1.3544186837376115,0.9316,0.7968675438204458,0.08479460762115934,,,0.9458792609435831,,0.9458962903468702,0.05410370965312983,0.9681877556238297,0.3874616477075969,5,0.1,0.5,0.6020584346373089,1.0,0.6098736126136337,0.6041592955364958,0.609011222153921,0.5980414191081858,0.6046959502294827,0.6081682442459702,0.5819070674564522,0.3831870958929238,0.6022218026771887,0.5923899209015333
4,2,0.21154221251133562,0.9362614559916999,5783,1.3560836545882686,0.9273858921161826,964,1.354449073346659,0.9316,0.7935454846069274,0.08462362429843166,,,0.9437099730159513,,0.9437227046834998,0.056277295316500164,0.9681860020759269,0.38746116849117995,5,0.1,0.5,0.595605938575002,0.6098736126136337,1.0,0.6026646545846163,0.5960327930672992,0.5997840082364385,0.6006444934291659,0.6067560129938092,0.5861876790826545,0.3791681328316804,0.5948610881664508,0.5934567921170577
4,3,0.22986238633635936,0.9306222810667676,5287,1.3528827301093511,0.9262202043132803,881,1.3545364210019097,0.9312,0.7933605502579906,0.0841593204826565,,,0.9378192893735554,,0.9378344460619447,0.06216555393805534,0.9681717034983194,0.3874596398732148,5,0.1,0.5,0.5977293254981019,0.6041592955364958,0.6026646545846163,1.0,0.5992598907221128,0.6020678185434652,0.5969036103426236,0.6116984647589594,0.5927677877730002,0.3844570509853684,0.5912246130980938,0.5838432627444871
4,4,0.21456139079024714,0.9347112462006079,4935,1.367212488101079,0.9367396593673966,822,1.354704500387271,0.931,0.7941683305917795,0.08408000786820992,,,0.936813039791531,,0.9368304803975704,0.06316951960242956,0.9681661740554247,0.3874593522281746,5,0.1,0.5,0.5923104150151798,0.609011222153921,0.5960327930672992,0.5992598907221128,1.0,0.6009865217344124,0.5946540570803212,0.6096104492267076,0.6019943388228793,0.3787490833047179,0.5986340895466551,0.593584976782144
4,5,0.23359426166096778,0.9310049282194129,4667,1.3607432222366334,0.922879177377892,778,1.3547292250794725,0.9311,0.7961092790309887,0.08453780373919523,,,0.9426211562815221,,0.9426334019376538,0.05736659806234623,0.9681806530575302,0.38746091834874763,5,0.1,0.5,0.5948347623235433,0.5980414191081858,0.5997840082364385,0.6020678185434652,0.6009865217344124,1.0,0.6012175964105416,0.6093214622793555,0.5929321099566489,0.39111811746018144,0.5988261363877612,0.6016390078873101
4,6,0.23174986645579337,0.9331237368066472,4453,1.3639165858427684,0.9231805929919138,742,1.3548081995199284,0.931,0.7946049749862402,0.08401768824737318,,,0.9360223825567839,,0.9360423673510366,0.06395763264896337,0.9681625461812629,0.38745915401125564,5,0.1,0.5,0.5871669328581851,0.6046959502294827,0.6006444934291659,0.5969036103426236,0.5946540570803212,0.6012175964105416,1.0,0.6176658751025823,0.5954155759817042,0.3856189688514806,0.5977050058683956,0.5979778487093436
4,7,0.22496285025141577,0.9343932663081599,4277,1.3626251117042874,0.938288920056101,713,1.354476390555263,0.9312,0.8050860262806442,0.08511940436428223,,,0.9499999999873128,,0.9500025099141609,0.04999749008583909,0.9681916159105527,0.3874624521843368,5,0.1,0.5,0.596075779387643,0.6081682442459702,0.6067560129938092,0.6116984647589594,0.6096104492267076,0.6093214622793555,0.6176658751025823,1.0,0.6100815003156285,0.3902417897242888,0.6101322121877704,0.6023535197978003
4,8,0.2545301882887725,0.9235165899733592,4129,1.3301260308785872,0.940406976744186,688,1.354681226773003,0.931,0.7871521217804729,0.08384411893831556,,,0.9338202858801053,,0.9338336428894132,0.06616635711058683,0.9681656492019445,0.38745841518717433,5,0.1,0.5,0.5860719503078835,0.5819070674564522,0.5861876790826545,0.5927677877730002,0.6019943388228793,0.5929321099566489,0.5954155759817042,0.6100815003156285,1.0,0.3819691994933495,0.5915672861395112,0.589238129005611
4,9,0.37250292558769976,0.9061234691327168,4001,1.3509773810704548,0.9400299850074962,667,1.3556145734299485,0.9307,0.560274337841733,0.07329640102743055,,,0.8,,0.8,0.19999999999999996,0.9673555535031623,0.38720086997344855,5,0.1,0.5,0.38960114553017755,0.3831870958929238,0.3791681328316804,0.3844570509853684,0.3787490833047179,0.39111811746018144,0.3856189688514806,0.3902417897242888,0.3819691994933495,1.0,0.3904157489108234,0.3827798319612956
4,10,0.25526616637915617,0.9222936487528928,3889,1.3816269409088862,0.9197530864197531,648,1.3546552014427062,0.9311,0.7923461921673379,0.08415454350383111,,,0.9377586832142462,,0.9377742081220822,0.06222579187791777,0.968170443395754,0.38745963093224817,5,0.1,0.5,0.5866381024504267,0.6022218026771887,0.5948610881664508,0.5912246130980938,0.5986340895466551,0.5988261363877612,0.5977050058683956,0.6101322121877704,0.5915672861395112,0.3904157489108234,1.0,0.5953007192864445
4,11,0.24675430393535175,0.9252439989448694,3791,1.3617594122886658,0.9287974683544303,632,1.354726656557272,0.931,0.7878186505173128,0.08371188248716822,,,0.9321425846137447,,0.9321570202299081,0.0678429797700919,0.9681515249280958,0.3874578639776653,5,0.1,0.5,0.584789732923678,0.5923899209015333,0.5934567921170577,0.5838432627444871,0.593584976782144,0.6016390078873101,0.5979778487093436,0.6023535197978003,0.589238129005611,0.3827798319612956,0.5953007192864445,1.0
5,0,0.1859066009304055,0.9421962503043584,8214,1.1215767153473788,0.9408327246165084,1369,1.129807041285518,0.9423,0.7756913384418476,0.08424932754078937,,,0.9308197328919434,,0.930836805381256,0.06916319461874398,0.9609905651601891,0.3780783583198068,5,0.1,0.5,1.0,0.5919869863752939,0.5788656581043583,0.5762557047496849,0.5646173420601565,0.5786554651756398,0.5707049850881416,0.5756658921898292,0.2934993351074895,0.5727815430082978,0.5724969819214587,0.5627532837263254
5,1,0.19523767023302108,0.9398843930635838,6574,1.1122942311423165,0.947992700729927,1096,1.12974852209274,0.9423,0.7884680489406649,0.08547190043702925,,,0.9458723732985519,,0.9458862506902264,0.05411374930977364,0.9610212173991816,0.37808369562641597,5,0.1,0.5,0.5919869863752939,1.0,0.5990583559331945,0.5830289044465563,0.5852158478312569,0.5898341566291319,0.5817339183359753,0.5910955768934062,0.3025206772161681,0.5699192290099018,0.584402067203577,0.5681834224217788
5,2,0.2017970414791071,0.9388552654331662,5783,1.1318933425411102,0.9387966804979253,964,1.129777954790158,0.9423,0.7892924354422103,0.08538554762352271,,,0.9448091746510023,,0.9448220470859897,0.055177952914010286,0.9610188708457674,0.37808341289014086,5,0.1,0.5,0.5788656581043583,0.5990583559331945,1.0,0.5931964017461024,0.5819462739437072,0.5913318690177853,0.5832299371026745,0.5915768035024209,0.3047295944651721,0.5810172874753918,0.5750466164225124,0.576596505535767
5,3,0.21268886019923186,0.9367883487800265,5287,1.128752704177584,0.9398410896708286,881,1.1298706687677402,0.9423,0.7816864629990374,0.08480039563441852,,,0.9376046288097794,,0.937623613272426,0.06237638672757395,0.9610081917582355,0.37808115979129264,5,0.1,0.5,0.5762557047496849,0.5830289044465563,0.5931964017461024,1.0,0.571723980314953,0.5897018703068458,0.5807163456581989,0.5876626030456509,0.29288753376414134,0.5799506183153106,0.5721788984047778,0.5630862074724207
5,4,0.20355391970445072,0.9398176291793313,4935,1.1423466732868781,0.9501216545012166,822,1.1300346245780921,0.9423,0.7785430185598307,0.08463475016550702,,,0.9355651580459684,,0.9355855629737463,0.06441443702625371,0.9610084986726303,0.37808040573330437,5,0.1,0.5,0.5646173420601565,0.5852158478312569,0.5819462739437072,0.571723980314953,1.0,0.5854615623792874,0.5776911988362384,0.5833373187431569,0.30707121680222094,0.564974400127365,0.571956634548185,0.5667321705914392
5,5,0.21330293071877263,0.9365759588600814,4667,1.1388170337677002,0.9395886889460154,778,1.1300507252589582,0.9424,0.7911101691810905,0.08539221361239865,,,0.9448912480666757,,0.9448973445108177,0.05510265548918225,0.9610166602728608,0.3780834232541435,5,0.1,0.5,0.5786554651756398,0.5898341566291319,0.5913318690177853,0.5897018703068458,0.5854615623792874,1.0,0.5865087415324486,0.5944984311377438,0.30320185433243446,0.5845469333703682,0.5831224041076566,0.5870309143242732
5,6,0.21471075872158898,0.9373006961598922,4453,1.1416961178183556,0.9339622641509434,742,1.1301436930799638,0.9424,0.7805026989035896,0.08466237710401699,,,0.9359053082097787,,0.9359218914713117,0.06407810852868834,0.9610078563426684,0.3780804694016224,5,0.1,0.5,0.5707049850881416,0.5817339183359753,0.5832299371026745,0.5807163456581989,0.5776911988362384,0.5865087415324486,1.0,0.5875500009783777,0.2966056612214579,0.5723623929449375,0.5726990419321495,0.5697794940332991
5,7,0.20974708619360716,0.9358428805237315,4277,1.1391311417455259,0.94109396914446,713,1.1297937978189974,0.9423,0.7917086905452717,0.08580714557539836,,,0.9499999999876877,,0.9500025099141609,0.04999749008583909,0.9610281588377304,0.3780847056061753,5,0.1,0.5,0.5756658921898292,0.5910955768934062,0.5915768035024209,0.5876626030456509,0.5833373187431569,0.5944984311377438,0.5875500009783777,1.0,0.3069351935593011,0.5836987412581028,0.5886864080751106,0.5856312279016316
5,8,0.3739035927376692,0.9042867522402519,4129,1.1031558920036664,0.9476744186046512,688,1.1304209801716545,0.9423,0.4739103729603077,0.07362417106280597,,,0.8,,0.8,0.19999999999999996,0.9603162831809955,0.3778091672164617,5,0.1,0.5,0.2934993351074895,0.3025206772161681,0.3047295944651721,0.29288753376414134,0.30707121680222094,0.30320185433243446,0.2966056612214579,0.3069351935593011,1.0,0.3010373397784365,0.2957412741630835,0.2917557716198246
5,9,0.23884966445034406,0.929017745563609,4001,1.1252925055367606,0.9565217391304348,667,1.1310885611433572,0.9421,0.7714361348061507,0.07708352883504685,,,0.8425925265834873,,0.8426083027960444,0.15739169720395563,0.9602594982314112,0.37796227503493446,5,0.1,0.5,0.5727815430082978,0.5699192290099018,0.5810172874753918,0.5799506183153106,0.564974400127365,0.5845469333703682,0.5723623929449375,0.5836987412581028,0.3010373397784365,1.0,0.5726328547441045,0.5698460258141929
5,10,0.23505858951935268,0.930624839290306,3889,1.1589884871528262,0.933641975308642,648,1.1299824588976728,0.9423,0.7787403514004839,0.0846922229678253,,,0.9362727783679288,,0.9362883389388083,0.06371166106119175,0.9610089552510409,0.37808063505762685,5,0.1,0.5,0.5724969819214587,0.584402067203577,0.5750466164225124,0.5721788984047778,0.571956634548185,0.5831224041076566,0.5726990419321495,0.5886864080751106,0.2957412741630835,0.5726328547441045,1.0,0.5741763795483116
5,11,0.22793227649849504,0.9333685043524136,3791,1.1388027042150497,0.9367088607594937,632,1.1300634025765683,0.9423,0.7732315632173189,0.08419641944124105,,,0.9301683143961241,,0.9301892475277346,0.06981075247226542,0.960991396955345,0.37807809928393277,5,0.1,0.5,0.5627532837263254,0.5681834224217788,0.576596505535767,0.5630862074724207,0.5667321705914392,0.5870309143242732,0.5697794940332991,0.5856312279016316,0.2917557716198246,0.5698460258141929,0.5741763795483116,1.0
6,0,0.17660425005821287,0.9462381300219138,8214,0.8882477671601051,0.9459459459459459,1369,0.8973647765458201,0.9464,0.7658676035154712,0.08399736814361995,,,0.9285483717026984,,0.9285628231514482,0.07143717684855178,0.9622913755514075,0.3826247318027978,5,0.1,0.5,1.0,0.568312073452469,0.5526465268776517,0.5547252873831122,0.5501842593434415,0.5623820776497169,0.5486544295277465,0.5496717797971825,0.4965120695147367,0.5527079824076351,0.5429195429811304,0.5427377311136367
6,1,0.18262139519233508,0.9446607849102525,6574,0.8765678593090602,0.9516423357664233,1096,0.8972962643391789,0.9464,0.7790849411598196,0.08529094565543979,,,0.9464102258345285,,0.9464283921489886,0.05357160785101145,0.9623164821979833,0.38263037692677176,5,0.1,0.5,0.568312073452469,1.0,0.5727600928241708,0.566996984407735,0.57051055077716,0.5608890998876646,0.5598807398200659,0.5670512571416445,0.5108312336733883,0.5517696577559942,0.5587510297692452,0.5483404589200337
6,2,0.18627840661294554,0.9432128652948297,5783,0.8998078377016129,0.9429460580912863,964,0.8973277691073311,0.9464,0.7747075631755412,0.08507734725633767,,,0.9434608367080995,,0.9434717132674063,0.05652828673259369,0.9623175480517261,0.38262964977891056,5,0.1,0.5,0.5526465268776517,0.5727600928241708,1.0,0.5639742932230766,0.5540678213977833,0.5609098199406635,0.5584772662361682,0.5655695363126176,0.5019518300174721,0.5604333881694604,0.5572302338020992,0.5485030326068124
6,3,0.20522983193689262,0.938074522413467,5287,0.8983079556907926,0.9466515323496028,881,0.8974035521284841,0.9464,0.7707329986494743,0.08454167427059792,,,0.9360642078658241,,0.9360825259776115,0.06391747402238845,0.9623132793419004,0.38262751708255244,5,0.1,0.5,0.5547252873831122,0.566996984407735,0.5639742932230766,1.0,0.5498205078025088,0.5625993160587489,0.5560105033346202,0.5626952623471931,0.5038715535249924,0.5598916512738299,0.5395323251828543,0.5437635632580734
6,4,0.18976202531327163,0.940628166160081,4935,0.9090913075667161,0.9537712895377128,822,0.8975565385894654,0.9464,0.7679866339911601,0.0843324930490889,,,0.9331758115914828,,0.9331911048642136,0.06680889513578636,0.9623114636895371,0.3826265021497725,5,0.1,0.5,0.5501842593434415,0.57051055077716,0.5540678213977833,0.5498205078025088,1.0,0.5563348175035312,0.5482627417729986,0.5640254095587984,0.5052458265574292,0.545428069520021,0.5458059726249682,0.5492286469210935
6,5,0.19757125872212833,0.9414184701092779,4667,0.9080746841430664,0.9434447300771208,778,0.89756729465704,0.9465,0.775510618103482,0.085110345196868,,,0.9439164757363123,,0.9439285176446965,0.05607148235530346,0.9623167178883427,0.3826297721537966,5,0.1,0.5,0.5623820776497169,0.5608890998876646,0.5609098199406635,0.5625993160587489,0.5563348175035312,1.0,0.5586367183313534,0.565041539043228,0.5035127864891464,0.5607594239919184,0.5572725594244177,0.555854235903224
6,6,0.20685855740814338,0.9399056815629913,4453,0.9117562646667162,0.9407008086253369,742,0.8976557641364515,0.9465,0.7683176824302795,0.08436287345276657,,,0.9335953073959462,,0.933607750614929,0.06639224938507104,0.9623125006895731,0.38262666412600577,5,0.1,0.5,0.5486544295277465,0.5598807398200659,0.5584772662361682,0.5560105033346202,0.5482627417729986,0.5586367183313534,1.0,0.5690253704539026,0.5044795200362585,0.5496220961808121,0.5438287463649621,0.5450938953687796
6,7,0.19222813470900726,0.9423427636193593,4277,0.9065265007641005,0.9453015427769986,713,0.8973286993587359,0.9465,0.7800400386828383,0.08555092152809171,,,0.9499999999861919,,0.9500025099141609,0.04999749008583909,0.9623237801175517,0.38263114430907025,5,0.1,0.5,0.5496717797971825,0.5670512571416445,0.5655695363126176,0.5626952623471931,0.5640254095587984,0.565041539043228,0.5690253704539026,1.0,0.5183144078789019,0.5638872076489682,0.5639619407220134,0.5558074967379542
6,8,0.2152962107050385,0.9350932429159603,4129,0.8680820817297156,0.9534883720930233,688,0.8979516021740703,0.9464,0.7054490342148558,0.07468773647893505,,,0.8,,0.8,0.19999999999999996,0.9613022443486383,0.38236232438351503,5,0.1,0.5,0.4965120695147367,0.5108312336733883,0.5019518300174721,0.5038715535249924,0.5052458265574292,0.5035127864891464,0.5044795200362585,0.5183144078789019,1.0,0.500666207802799,0.49702947796421676,0.4931663958822982
6,9,0.22234654035862714,0.9357660584853786,4001,0.8918645750908625,0.9580209895052474,667,0.8985863906887773,0.9464,0.7636538980273111,0.07908645031317271,,,0.8607379025662584,,0.8607549821796094,0.13924501782039056,0.9619092520132219,0.382555213560069,5,0.1,0.5,0.5527079824076351,0.5517696577559942,0.5604333881694604,0.5598916512738299,0.545428069520021,0.5607594239919184,0.5496220961808121,0.5638872076489682,0.500666207802799,1.0,0.5442160275851946,0.5504077065498935
6,10,0.21779771527336514,0.9358189766006686,3889,0.9297655764080229,0.9367283950617284,648,0.8975140320988128,0.9464,0.7628431121934991,0.0841886927104842,,,0.9311902014144386,,0.9312082726770744,0.0687917273229256,0.9623097497277411,0.3826257540617701,5,0.1,0.5,0.5429195429811304,0.5587510297692452,0.5572302338020992,0.5395323251828543,0.5458059726249682,0.5572725594244177,0.5438287463649621,0.5639619407220134,0.49702947796421676,0.5442160275851946,1.0,0.5403969934569811
