round,client_id,client_i_training_loss,client_i_training_accuracy,client_i_training_dataset_size,client_i_evaluation_loss,client_i_evaluation_accuracy,client_i_evaluation_dataset_size,client_i_central_evaluation_loss,client_i_central_evaluation_accuracy,client_i_cosine_similarity,client_i_importance_coefficient,client_i_tanh_val,tanh_normalization_value,client_i_q,client_i_mask_order,client_i_v_nonzero_fraction,client_i_v_sparsity,client_i_v_cosine_similarity,client_i_reward_gradient_norm,local_epochs,learning_rate,gamma,client_0_cosine_similarity,client_1_cosine_similarity,client_2_cosine_similarity,client_3_cosine_similarity,client_4_cosine_similarity,client_5_cosine_similarity,client_6_cosine_similarity,client_7_cosine_similarity,client_8_cosine_similarity,client_9_cosine_similarity,client_10_cosine_similarity,client_11_cosine_similarity
0,0,2.2103300830269603,0.32929145361577794,8214,2.2708156718764196,0.16216216216216217,1369,2.2695023267033,0.1782,0.97237021559889,0.08208220402387384,,,0.75,,0.7500024163694532,0.2499975836305468,0,0.0986529360838421,5,0.001,0.1,1.0,0.9856746021110451,0.975880959306662,0.9636922215562257,0.9527018401695404,0.9526695857853194,0.9500789877294796,0.9412156467946117,0.936565541202995,0.9278789242933201,0.9329760540776961,0.9291496624441529
0,1,2.23614275941571,0.31533313051414663,6574,2.2718993731907435,0.18339416058394162,1096,2.2694899731169875,0.1782,0.9892085152299385,0.08350360168040281,,,0.9151523634295464,,0.9151757667140276,0.08482423328597244,0,0.0986701523669577,5,0.001,0.1,0.9856746021110451,1.0,0.9885356562084677,0.9796890417178723,0.9770104982852098,0.9703579044776998,0.9743885964472683,0.9655472793561733,0.9624264413912128,0.9573376276324307,0.9600708442264286,0.9602117858451676
0,2,2.24790355619146,0.3244336849386132,5783,2.267641221323321,0.20020746887966806,964,2.269489808585316,0.1782,0.9948005692429327,0.08397565246007876,,,0.9699999998838098,,0.9700176878243976,0.029982312175602432,0,0.09867061487445992,5,0.001,0.1,0.975880959306662,0.9885356562084677,1.0,0.9843623472461211,0.979568641468604,0.9839320997292549,0.9810394715240413,0.9791294992186659,0.9754936768911132,0.9751315987412708,0.9743696608848661,0.973777948618133
0,3,2.2516256539218396,0.2755437866464914,5287,2.267753771373204,0.19296254256526674,881,2.2694897346984084,0.1782,0.9926853397121431,0.08379709628968367,,,0.9492535371256746,,0.9492755724379235,0.05072442756207651,0,0.09867054641575547,5,0.001,0.1,0.9636922215562257,0.9796890417178723,0.9843623472461211,1.0,0.9800038920873296,0.9828539615719872,0.9861221421315299,0.9797024289023085,0.9811564522036811,0.9683076774403286,0.982419246546587,0.9714624139093859
0,4,2.2570942952555995,0.2651266464032421,4935,2.2690185400155873,0.16423357664233576,822,2.2694900112030223,0.1782,0.98882088786824,0.08347088028717445,,,0.9113504608433491,,0.911372401194653,0.08862759880534699,0,0.09867009970465976,5,0.001,0.1,0.9527018401695404,0.9770104982852098,0.979568641468604,0.9800038920873296,1.0,0.9850440408643331,0.9787760472021949,0.9676944475799643,0.9812096501284817,0.9692415743208157,0.9756311906062551,0.9741401733595666
0,5,2.2593558585807068,0.18907220912791944,4667,2.269723377227783,0.16709511568123395,778,2.2694897567883086,0.1782,0.9921628841379562,0.08375299343220627,,,0.9441292208494149,,0.9441480364581823,0.05585196354181765,0,0.09867051664999618,5,0.001,0.1,0.9526695857853194,0.9703579044776998,0.9839320997292549,0.9828539615719872,0.9850440408643331,1.0,0.9837854346024623,0.9804751994830445,0.9861676530326152,0.9844649574839127,0.9831921201828623,0.9788366505726539
0,6,2.2601987760407583,0.26476532674601394,4453,2.2682394484678903,0.19002695417789758,742,2.269489948741925,0.1782,0.9914741310096614,0.08369485263984977,,,0.9373738352433979,,0.9373822019891553,0.06261779801084466,0,0.09867041306154432,5,0.001,0.1,0.9500789877294796,0.9743885964472683,0.9810394715240413,0.9861221421315299,0.9787760472021949,0.9837854346024623,1.0,0.9860801349314482,0.9777059050291188,0.9765095586040243,0.9916675204897888,0.9782278949734962
0,7,2.2635821338909774,0.1844750993687164,4277,2.2733266975568687,0.14165497896213183,713,2.269490354739058,0.1782,0.987046542221478,0.08332109967990164,,,0.8939474342002474,,0.8939648756536279,0.10603512434637208,0,0.09866952768323481,5,0.001,0.1,0.9412156467946117,0.9655472793561733,0.9791294992186659,0.9797024289023085,0.9676944475799643,0.9804751994830445,0.9860801349314482,1.0,0.9732806278680814,0.9840697690042264,0.9849276144923405,0.978388915324187
0,8,2.2644259254749004,0.2159844998789053,4129,2.2687141570177944,0.18313953488372092,688,2.2694904392900557,0.1782,0.9862670698671245,0.08325530086398295,,,0.8863022619221563,,0.8863243154425339,0.11367568455746613,0,0.09866931383066191,5,0.001,0.1,0.936565541202995,0.9624264413912128,0.9754936768911132,0.9811564522036811,0.9812096501284817,0.9861676530326152,0.9777059050291188,0.9732806278680814,1.0,0.9727838341817101,0.9824850936690023,0.9859169981840531
0,9,2.2662488347008116,0.17120719820044988,4001,2.2658527351561046,0.18590704647676162,667,2.269492556111881,0.1782,0.9816502947109045,0.08286557781999623,,,0.8410202949077057,,0.8410415518891177,0.15895844811088233,0,0.09866691477330602,5,0.001,0.1,0.9278789242933201,0.9573376276324307,0.9751315987412708,0.9683076774403286,0.9692415743208157,0.9844649574839127,0.9765095586040243,0.9840697690042264,0.9727838341817101,1.0,0.9770989966859124,0.9732892832508816
0,10,2.267378484225664,0.2265363846747236,3889,2.2682195731571744,0.18055555555555555,648,2.269490446145542,0.1782,0.9866806281705913,0.08329021120625421,,,0.8903584987590125,,0.8903741506461372,0.10962584935386277,0,0.09866944912668807,5,0.001,0.1,0.9329760540776961,0.9600708442264286,0.9743696608848661,0.982419246546587,0.9756311906062551,0.9831921201828623,0.9916675204897888,0.9849276144923405,0.9824850936690023,0.9770989966859124,1.0,0.9821309396254416
0,11,2.270251608295601,0.20775520970720127,3791,2.2674899220466616,0.1930379746835443,632,2.2694913373587613,0.1782,0.9831305108776561,0.08299052961659556,,,0.8555384590740513,,0.8555590995640869,0.14444090043591307,0,0.09866790151069094,5,0.001,0.1,0.9291496624441529,0.9602117858451676,0.973777948618133,0.9714624139093859,0.9741401733595666,0.9788366505726539,0.9782278949734962,0.978388915324187,0.9859169981840531,0.9732892832508816,0.9821309396254416,1.0
1,0,2.097975203220946,0.452763574385196,8214,2.2313723453255587,0.3155588020452885,1369,2.2298098516921265,0.3297,0.9769854138617591,0.08205407163321884,,,0.75,,0.7500024163694532,0.2499975836305468,0.9591404258934328,0.09925262160064072,5,0.001,0.1,1.0,0.9919723790783366,0.9847048957236969,0.9777835468579762,0.9733998199224312,0.9693839830786763,0.9665727673117083,0.9602181716993738,0.958445746462493,0.9499459596266496,0.9572226090476563,0.9496742957095562
1,1,2.1522421166734786,0.4238819592333435,6574,2.231881659371512,0.32755474452554745,1096,2.2297727840777024,0.3294,0.9914317495968236,0.08339501982593078,,,0.9158272756435448,,0.9158523501609303,0.08414764983906975,0.9594330854279576,0.09927837943194068,5,0.001,0.1,0.9919723790783366,1.0,0.9948707372647598,0.9915900807198901,0.9874993815567897,0.9828271405219845,0.9846281528382833,0.9790588493868357,0.9778554212027648,0.9714574737050049,0.9771757992025445,0.9722782016374345
1,2,2.1768494646852186,0.44827943973716067,5783,2.2271911559566373,0.34024896265560167,964,2.229772205931691,0.3293,0.9960046827331726,0.0838330829634474,,,0.9699999998763358,,0.9700176878243976,0.029982312175602432,0.9594487837717575,0.09927882722516984,5,0.001,0.1,0.9847048957236969,0.9948707372647598,1.0,0.993847244793489,0.9928630240907541,0.9897370149246894,0.9897791728186734,0.9866591380824375,0.9851882479805376,0.9813719779594161,0.9859853613815716,0.9805718491721744
1,3,2.1865979978837164,0.3934556459239644,5287,2.2281756486211504,0.33598183881952326,881,2.2297724154048835,0.3293,0.9967276733994762,0.08374672556414313,,,0.9593206818116115,,0.9593373348411479,0.040662665158852085,0.9594430959842191,0.09927879477426554,5,0.001,0.1,0.9777835468579762,0.9915900807198901,0.993847244793489,1.0,0.9933490345948857,0.9909854639560356,0.9919639140326215,0.9883561809157277,0.9897905048213785,0.98390972109027,0.9885902153389895,0.9839595709975253
1,4,2.1959145444439305,0.40105369807497465,4935,2.2277085139201236,0.3223844282238443,822,2.229772723901767,0.3293,0.9971482996803532,0.08355983152264579,,,0.9362085810578626,,0.9362223446516078,0.06377765534839219,0.9594361802620867,0.09927860115856672,5,0.001,0.1,0.9733998199224312,0.9874993815567897,0.9928630240907541,0.9933490345948857,1.0,0.9945282996518731,0.9918308994995955,0.9878273078051049,0.9924225649255581,0.9850941624287071,0.991625482599716,0.9886855643538938
1,5,2.2005664698065144,0.3653739018641526,4667,2.230002269744873,0.3213367609254499,778,2.2297724336861804,0.3293,0.9961395442780083,0.08370059358347154,,,0.9536158076662955,,0.9536395356704459,0.046360464329554096,0.9594419466449782,0.09927877544543326,5,0.001,0.1,0.9693839830786763,0.9828271405219845,0.9897370149246894,0.9909854639560356,0.9945282996518731,1.0,0.9916347340273257,0.9899759125034161,0.9914947841576742,0.988680462841542,0.9915362146413633,0.9863023185484259
1,6,2.2028193507875713,0.40826409162362454,4453,2.2296684881051383,0.34097035040431267,742,2.229772538041916,0.3293,0.9960024831945713,0.08366042500217866,,,0.9486483924906253,,0.9486714800746174,0.051328519925382565,0.9594396120634786,0.09927875465338369,5,0.001,0.1,0.9665727673117083,0.9846281528382833,0.9897791728186734,0.9919639140326215,0.9918308994995955,0.9916347340273257,1.0,0.9910432531706147,0.9889786287719942,0.9873348788003607,0.9943019386932775,0.9873396947451396
1,7,2.208634951577258,0.3455693242927286,4277,2.2334561866262685,0.3141654978962132,713,2.229773411735559,0.329,0.993795987170687,0.08335932946315847,,,0.9114136557457517,,0.9114352268004369,0.08856477319956313,0.9594189810432622,0.09927833354966299,5,0.001,0.1,0.9602181716993738,0.9790588493868357,0.9866591380824375,0.9883561809157277,0.9878273078051049,0.9899759125034161,0.9910432531706147,1.0,0.9873527463426017,0.9921807853424967,0.989891539227294,0.9865927020123785
1,8,2.2116396812292245,0.35708403971906033,4129,2.2298140092329546,0.3328488372093023,688,2.2297737621270812,0.329,0.9939567575007674,0.08332408852974432,,,0.9070556141666924,,0.9070809290457273,0.09291907095427265,0.9594132620133071,0.09927822955663589,5,0.001,0.1,0.958445746462493,0.9778554212027648,0.9851882479805376,0.9897905048213785,0.9924225649255581,0.9914947841576742,0.9889786287719942,0.9873527463426017,1.0,0.9839076261669362,0.9920241131090026,0.9935778475731611
1,9,2.2137210806210836,0.360959760059985,4001,2.225716624941145,0.34632683658170915,667,2.229777935594796,0.329,0.9898906669829797,0.08295302185379196,,,0.8611679532639677,,0.8611892403900987,0.1388107596099013,0.9593756490170882,0.09927489350492903,5,0.001,0.1,0.9499459596266496,0.9714574737050049,0.9813719779594161,0.98390972109027,0.9850941624287071,0.988680462841542,0.9873348788003607,0.9921807853424967,0.9839076261669362,1.0,0.9871358071713519,0.9815832626446146
1,10,2.21562376452274,0.3914116739521728,3889,2.2292965934390114,0.3287037037037037,648,2.22977352142334,0.329,0.9944045371459833,0.08336003042691155,,,0.911500339862357,,0.9115222161007529,0.0884777838992471,0.9594188390136141,0.09927833567121466,5,0.001,0.1,0.9572226090476563,0.9771757992025445,0.9859853613815716,0.9885902153389895,0.991625482599716,0.9915362146413633,0.9943019386932775,0.989891539227294,0.9920241131090026,0.9871358071713519,1.0,0.9908492570435002
1,11,2.2200965636918526,0.35937747296227907,3791,2.22877357006073,0.3322784810126582,632,2.2297769354555173,0.329,0.9906313200272987,0.08305377963135756,,,0.873628082480303,,0.8736383758131083,0.12636162418689167,0.9593716784856915,0.09927540081049592,5,0.001,0.1,0.9496742957095562,0.9722782016374345,0.9805718491721744,0.9839595709975253,0.9886855643538938,0.9863023185484259,0.9873396947451396,0.9865927020123785,0.9935778475731611,0.9815832626446146,0.9908492570435002,1.0
2,0,1.9363402692260445,0.5331141952763574,8214,2.1836558774460193,0.4178232286340394,1369,2.1816375788789206,0.4323,0.9833862807571033,0.08217576153773325,,,0.75,,0.7500024163694532,0.2499975836305468,0.9788788658831631,0.09946287958960512,5,0.001,0.1,1.0,0.9940963230946757,0.9889337758251662,0.9841950042327534,0.9795612475898705,0.9780966856122956,0.9753861400021523,0.9726986516612205,0.968090269368923,0.9666094856305115,0.9684599025752995,0.9646311588768938
2,1,2.0258208450761814,0.5069668390629753,6574,2.182963514328003,0.4096715328467153,1096,2.18156709762427,0.4312,0.9936663498505703,0.08333153249395167,,,0.9158983259505762,,0.9159200085056205,0.0840799914943795,0.9790905002110517,0.099490068347049,5,0.001,0.1,0.9940963230946757,1.0,0.9962077799269838,0.9941380701872845,0.9898991660940976,0.9878264485429622,0.9883370298126768,0.9858777535712474,0.9821594705939342,0.9811922824317849,0.9831918357677275,0.980368211555679
2,2,2.0689180287208346,0.527892097527235,5783,2.1780677380100375,0.4491701244813278,964,2.1815658826797533,0.4312,0.997004342295172,0.0837084449373108,,,0.9699999998564609,,0.9700176878243976,0.029982312175602432,0.9790911533117367,0.09949136321241013,5,0.001,0.1,0.9889337758251662,0.9962077799269838,1.0,0.9958109222640442,0.9943624567956819,0.9924788122404541,0.9925474690193563,0.9911771482193138,0.9876554083950123,0.9885037595329579,0.9893554289022699,0.986006210452171
2,3,2.08871746738273,0.47486287119349346,5287,2.1801037788391113,0.4267877412031782,881,2.181566214028258,0.4312,0.9978727785031122,0.08368348093923629,,,0.966416689973726,,0.9664366282947198,0.03356337170528023,0.979090859127444,0.09949135479772442,5,0.001,0.1,0.9841950042327534,0.9941380701872845,0.9958109222640442,1.0,0.9951285485898155,0.9937370444446108,0.9943685179630565,0.9928500240998469,0.9913922767260919,0.9905721795653087,0.9921537608025817,0.9889978786675048
2,4,2.104522101340755,0.48733535967578523,4935,2.177659144768348,0.42700729927007297,822,2.1815672255933474,0.4312,0.9977724407488235,0.08356546301721561,,,0.9494765033475998,,0.9494978784276201,0.05050212157237988,0.979083106945872,0.09949124195596083,5,0.001,0.1,0.9795612475898705,0.9898991660940976,0.9943624567956819,0.9951285485898155,1.0,0.9959362044128438,0.9937458272485179,0.992449671060165,0.9938413126663236,0.9914375447816128,0.9935870196875929,0.9921561478536123
2,5,2.1140244567230955,0.47508035140347116,4667,2.181545658111572,0.442159383033419,778,2.181566425024892,0.4312,0.9971563122508762,0.08363199292015171,,,0.9590261459159383,,0.959047370506761,0.04095262949323897,0.9790890847079512,0.09949132475134585,5,0.001,0.1,0.9780966856122956,0.9878264485429622,0.9924788122404541,0.9937370444446108,0.9959362044128438,1.0,0.9939778147536751,0.9934927146035946,0.9924994412671928,0.9925197952727232,0.9936139690269294,0.9905588519406778
2,6,2.119088212592261,0.4762182798113631,4453,2.1826355357964835,0.4420485175202156,742,2.1815666794396056,0.4312,0.9971642942383602,0.08360758270441228,,,0.9555223254526576,,0.9555484675384928,0.04445153246150724,0.9790892695261473,0.09949129212377825,5,0.001,0.1,0.9753861400021523,0.9883370298126768,0.9925474690193563,0.9943685179630565,0.9937458272485179,0.9939778147536751,1.0,0.9950230673767991,0.990419174549243,0.9933148365674648,0.996231000218771,0.9914505998701406
2,7,2.128436429109146,0.46817862988075754,4277,2.185150333072828,0.41374474053295934,713,2.1815680992869906,0.4312,0.996296833649623,0.08339463679558684,,,0.9249562607820657,,0.9249765612163038,0.07502343878369622,0.9790881228905387,0.09949052967673161,5,0.001,0.1,0.9726986516612205,0.9858777535712474,0.9911771482193138,0.9928500240998469,0.992449671060165,0.9934927146035946,0.9950230673767991,1.0,0.9904564334409183,0.9945624034750138,0.9940540547480999,0.9918105315127665
2,8,2.1340079654180086,0.4803100024218939,4129,2.1827710433439775,0.4375,688,2.181568359033749,0.4312,0.9945161032399565,0.08331543806314232,,,0.9135881457941761,,0.9136051265694319,0.08639487343056806,0.9790911084597902,0.09949004768423267,5,0.001,0.1,0.968090269368923,0.9821594705939342,0.9876554083950123,0.9913922767260919,0.9938413126663236,0.9924994412671928,0.990419174549243,0.9904564334409183,1.0,0.987824595639998,0.9933520614447544,0.9954667279308862
2,9,2.138608570515163,0.4612346913271682,4001,2.1772488412402926,0.4587706146926537,667,2.1815755161614465,0.4318,0.99411069980654,0.08307445627612058,,,0.8789978363246503,,0.8790220469548912,0.12097795304510883,0.9790293377360254,0.09948781519221256,5,0.001,0.1,0.9666094856305115,0.9811922824317849,0.9885037595329579,0.9905721795653087,0.9914375447816128,0.9925197952727232,0.9933148365674648,0.9945624034750138,0.987824595639998,1.0,0.9931306405234656,0.9886517372006668
2,10,2.140951156029936,0.47307791205965544,3889,2.1822087537674677,0.4382716049382716,648,2.1815681952637984,0.4312,0.9960242508517323,0.08338625686233192,,,0.9237534126821987,,0.9237780419675047,0.07622195803249532,0.9790879822726858,0.09949052113250183,5,0.001,0.1,0.9684599025752995,0.9831918357677275,0.9893554289022699,0.9921537608025817,0.9935870196875929,0.9936139690269294,0.996231000218771,0.9940540547480999,0.9933520614447544,0.9931306405234656,1.0,0.9940124773300633
2,11,2.1484933520565512,0.46457399103139013,3791,2.1819233655929566,0.43354430379746833,632,2.1815739927200464,0.4318,0.993758620513042,0.08312495345280681,,,0.8862461557536887,,0.8862663225756565,0.11373367742434348,0.9790470796483295,0.09948817469590965,5,0.001,0.1,0.9646311588768938,0.980368211555679,0.986006210452171,0.9889978786675048,0.9921561478536123,0.9905588519406778,0.9914505998701406,0.9918105315127665,0.9954667279308862,0.9886517372006668,0.9940124773300633,1.0
3,0,1.7611530387911816,0.5809349890430971,8214,2.1257252083268274,0.47918188458729,1369,2.123217985652887,0.4886,0.9869115628543799,0.08232730429135851,,,0.75,,0.7500024163694532,0.2499975836305468,0.9894426134888146,0.09956874439151144,5,0.001,0.1,1.0,0.9952236015377568,0.9912604487338597,0.9879379463126073,0.9835620592647591,0.9822336751791237,0.9800768912256093,0.978914733659798,0.9754234823919836,0.9743900829150557,0.9750193439235346,0.9725095371128257
3,1,1.8689274093479786,0.562792820200791,6574,2.1236073766435895,0.4635036496350365,1096,2.123097705384032,0.4884,0.9952818782009185,0.0833071858273585,,,0.9160434951836194,,0.9160649906728139,0.08393500932718612,0.9895257871448756,0.09960500130726888,5,0.001,0.1,0.9952236015377568,1.0,0.9973299482971139,0.9957207418353711,0.9923521158463443,0.9908375538268631,0.9907190079885408,0.9898428973927113,0.9861857800103321,0.9864322866263564,0.9870551191116695,0.9847399095212348
3,2,1.926772699171667,0.5818087497838492,5783,2.1185181448536534,0.504149377593361,964,2.1230934816427505,0.4884,0.9976800969305386,0.08361602997030301,,,0.968377944887444,,0.9683938875518311,0.03160611244816891,0.9895517616696015,0.09960709201904301,5,0.001,0.1,0.9912604487338597,0.9973299482971139,1.0,0.9970066820300971,0.9954798733501425,0.9942456799615349,0.9941987192122523,0.9934311775701403,0.9902085521680194,0.9912482000908803,0.9915230404768602,0.9890885083056573
3,3,1.95842939471624,0.543446188764895,5287,2.1219702873911177,0.4767309875141884,881,2.1230940041831508,0.4884,0.9984507019306836,0.0836256022916238,,,0.9699999998305473,,0.9700176878243976,0.029982312175602432,0.98955163704958,0.09960709407478524,5,0.001,0.1,0.9879379463126073,0.9957207418353711,0.9970066820300971,1.0,0.9964348883104496,0.9952999519223016,0.9954176927306662,0.994824895279573,0.9932007188925791,0.992468851116919,0.9941046948937189,0.9917674230029275
3,4,1.9818634525422127,0.550516717325228,4935,2.1171707373399,0.4878345498783455,822,2.123095415651608,0.4884,0.9983739853945762,0.0835506796433478,,,0.9573041606590647,,0.9573220827171591,0.04267791728284087,0.9895507269608074,0.09960701027584519,5,0.001,0.1,0.9835620592647591,0.9923521158463443,0.9954798733501425,0.9964348883104496,1.0,0.9970684800317869,0.9954894751021525,0.994385053535553,0.9950393189746995,0.9936942869319063,0.9954862221406096,0.9942300262246382
3,5,1.9978023530685738,0.5479751446325263,4667,2.1228424549102782,0.5102827763496144,778,2.123094287543251,0.4884,0.9979557626671641,0.08357800668965869,,,0.961934800298452,,0.9619566793284426,0.03804332067155736,0.9895519284982991,0.09960708011128194,5,0.001,0.1,0.9822336751791237,0.9908375538268631,0.9942456799615349,0.9952999519223016,0.9970684800317869,1.0,0.9960487400508224,0.9952609678402736,0.9940681361297117,0.994394901012802,0.9955142826378639,0.9932369574143843
3,6,2.00635137626103,0.531417022232203,4453,2.125260611375173,0.49595687331536387,742,2.123094823794624,0.4884,0.9977375664440417,0.08355597337187698,,,0.9582011968366492,,0.958216139414852,0.04178386058514805,0.9895490022901275,0.09960701164964558,5,0.001,0.1,0.9800768912256093,0.9907190079885408,0.9941987192122523,0.9954176927306662,0.9954894751021525,0.9960487400508224,1.0,0.9960882573185036,0.9926840410281864,0.9943388102292358,0.9970683414399829,0.9934450463173694
3,7,2.0206746850440753,0.5603460369417816,4277,2.126708870348723,0.49368863955119213,713,2.123098037494257,0.4882,0.9972634804155879,0.08340994214886271,,,0.9334558232538291,,0.933472516213839,0.06652748378616102,0.9895411370275526,0.09960573789225899,5,0.001,0.1,0.978914733659798,0.9898428973927113,0.9934311775701403,0.994824895279573,0.994385053535553,0.9952609678402736,0.9960882573185036,1.0,0.9925930093003904,0.9955379588772006,0.9953097643990618,0.9937308434441585
3,8,2.0298357308827915,0.5328651005085977,4129,2.1256378347223457,0.48401162790697677,688,2.1230993415600956,0.4882,0.9956114493071463,0.08330795399728104,,,0.9161736635908692,,0.9161906418843816,0.0838093581156184,0.9895257014113471,0.09960500137142644,5,0.001,0.1,0.9754234823919836,0.9861857800103321,0.9902085521680194,0.9932007188925791,0.9950393189746995,0.9940681361297117,0.9926840410281864,0.9925930093003904,1.0,0.9893834349671755,0.9949292295127419,0.9964387137355527
3,9,2.0354765324365527,0.5412646838290427,4001,2.118621723992484,0.5007496251874063,667,2.123108282637672,0.4882,0.9953119425596479,0.08315035342522138,,,0.8894678334814998,,0.8894849266873508,0.1105150733126492,0.9895081371501336,0.09960357177166392,5,0.001,0.1,0.9743900829150557,0.9864322866263564,0.9912482000908803,0.992468851116919,0.9936942869319063,0.994394901012802,0.9943388102292358,0.9955379588772006,0.9893834349671755,1.0,0.9943592670674872,0.9903211511898331
3,10,2.04109757845519,0.5376703522756493,3889,2.125160671415783,0.4845679012345679,648,2.1230981129046067,0.4882,0.9969259451144195,0.08339389332952779,,,0.9307363087431064,,0.9307565169484153,0.06924348305158468,0.9895410729540925,0.0996057265706993,5,0.001,0.1,0.9750193439235346,0.9870551191116695,0.9915230404768602,0.9941046948937189,0.9954862221406096,0.9955142826378639,0.9970683414399829,0.9953097643990618,0.9949292295127419,0.9943592670674872,1.0,0.9954676414875683
3,11,2.052311135139786,0.5312054866789765,3791,2.1249858140945435,0.5,632,2.1231066639811846,0.4882,0.9951796010823205,0.08317707501357974,,,0.8939958766835296,,0.8940132030426924,0.10598679695730762,0.9895067478832323,0.09960362047918876,5,0.001,0.1,0.9725095371128257,0.9847399095212348,0.9890885083056573,0.9917674230029275,0.9942300262246382,0.9932369574143843,0.9934450463173694,0.9937308434441585,0.9964387137355527,0.9903211511898331,0.9954676414875683,1.0
4,0,1.6024706750992208,0.6161431701972242,8214,2.0563993065856225,0.5230094959824689,1369,2.0535520395150964,0.5444,0.9879685012642548,0.08243442905139232,,,0.75,,0.7500024163694532,0.2499975836305468,0.9945434837490639,0.09961773565074533,5,0.001,0.1,1.0,0.9956414724452072,0.9921712642949576,0.9890608334252777,0.9852374221281587,0.9834787738967256,0.9816981956287698,0.9808238685221231,0.9782750348350475,0.9774326913044225,0.9771571596702954,0.9755980354533367
4,1,1.7083377045335122,0.5998478856099787,6574,2.0530045441218783,0.5273722627737226,1096,2.0533489339267863,0.5447,0.9959627017298424,0.08329398230208532,,,0.9155052427618128,,0.9155237239152918,0.0844762760847082,0.9946610572471807,0.09966571814561946,5,0.001,0.1,0.9956414724452072,1.0,0.9976045667680349,0.9962940438580955,0.9937707472113599,0.9921968706407691,0.991718358818173,0.9909193807586374,0.9889544566250039,0.9887977044187295,0.988609069068174,0.9875447983516834
4,2,1.7696128652899306,0.6146636693757566,5783,2.047555696579718,0.5663900414937759,964,2.0533388426509527,0.5447,0.9980749481297293,0.08355174169600772,,,0.96513629357905,,0.9651511197456046,0.034848880254395365,0.9946697287820404,0.09966949554067137,5,0.001,0.1,0.9921712642949576,0.9976045667680349,1.0,0.9975102699467236,0.9963046592788665,0.9950053121743158,0.995072189266882,0.9942592378150109,0.9926347411910117,0.9927035601842628,0.9925854263596179,0.9913955409026436
4,3,1.8094801255019315,0.5896727822961982,5287,2.052533128431865,0.5323496027241771,881,2.053339604752513,0.5447,0.9986751199773832,0.08357700140639077,,,0.969999999807452,,0.9700176878243976,0.029982312175602432,0.9946697517086467,0.09966951574119691,5,0.001,0.1,0.9890608334252777,0.9962940438580955,0.9975102699467236,1.0,0.9972260610048029,0.9960608556615479,0.9958966732357944,0.9954021072096118,0.9946956064813068,0.9942160767295498,0.994614877787135,0.993406867298135
4,4,1.8379041287206834,0.5975683890577508,4935,2.045326755597041,0.5583941605839416,822,2.0533413578527044,0.5447,0.9987203891233447,0.08353248422949545,,,0.9614283072878914,,0.9614492417432656,0.038550758256734374,0.9946702643578487,0.0996694922733673,5,0.001,0.1,0.9852374221281587,0.9937707472113599,0.9963046592788665,0.9972260610048029,1.0,0.997288319367633,0.9965685803445887,0.9954968342271533,0.9958795916129255,0.9952941732530737,0.9962719694731192,0.9955470347872148
4,5,1.8579513407733343,0.5969573601885579,4667,2.053117723464966,0.5539845758354756,778,2.0533399372435985,0.5447,0.9982561414318564,0.08353425961110242,,,0.9617701534313601,,0.9617923662056234,0.03820763379437664,0.9946697067547237,0.09966949248901548,5,0.001,0.1,0.9834787738967256,0.9921968706407691,0.9950053121743158,0.9960608556615479,0.997288319367633,1.0,0.9970450040040669,0.9964404048111083,0.9950502374665083,0.9958038653140786,0.9962982639191754,0.9946478247723549
4,6,1.8691415762901307,0.5856276667415226,4453,2.0563279489676156,0.5539083557951483,742,2.053340936621157,0.5447,0.9980870310964708,0.08351527578114286,,,0.9581148553058829,,0.9581291501145359,0.04187084988546408,0.9946684874360677,0.0996694355257276,5,0.001,0.1,0.9816981956287698,0.991718358818173,0.995072189266882,0.9958966732357944,0.9965685803445887,0.9970450040040669,1.0,0.9970403354714055,0.994342373936829,0.9956671521002514,0.99745107793942,0.9947728645250025
4,7,1.888567528084143,0.6131400514379238,4277,2.0569671133290166,0.5511921458625526,713,2.053345686330582,0.5447,0.9976912541790882,0.08341287434087954,,,0.9383976647580313,,0.9384309063318546,0.06156909366814545,0.9946529598527036,0.09966912876377575,5,0.001,0.1,0.9808238685221231,0.9909193807586374,0.9942592378150109,0.9954021072096118,0.9954968342271533,0.9964404048111083,0.9970403354714055,1.0,0.9943380108256562,0.9966397703200465,0.9962520567962567,0.994933921139199
4,8,1.9014238671156076,0.5872608379752967,4129,2.0574993870475073,0.5392441860465116,688,2.0533499915759785,0.5447,0.9966820013426642,0.0833176867545909,,,0.9200694872263764,,0.9200858294429786,0.07991417055702144,0.9946657698772988,0.09966618742082692,5,0.001,0.1,0.9782750348350475,0.9889544566250039,0.9926347411910117,0.9946956064813068,0.9958795916129255,0.9950502374665083,0.994342373936829,0.9943380108256562,1.0,0.9932174548185598,0.9961151423265425,0.99696247918067
4,9,1.9095259490467253,0.5991502124468883,4001,2.0488440990448,0.5592203898050975,667,2.053362878366781,0.5447,0.996601338703672,0.08321836335044977,,,0.9009449663185035,,0.9009675143290709,0.09903248567092915,0.9946498187268995,0.09966446425960779,5,0.001,0.1,0.9774326913044225,0.9887977044187295,0.9927035601842628,0.9942160767295498,0.9952941732530737,0.9958038653140786,0.9956671521002514,0.9966397703200465,0.9932174548185598,1.0,0.9960393910640596,0.993680152573439
4,10,1.916571400595493,0.5887374646438673,3889,2.057098627090454,0.5478395061728395,648,2.0533468487163704,0.5447,0.9972854435210575,0.08338991783599833,,,0.9339774360982428,,0.9339944520157354,0.06600554798426461,0.9946734028299136,0.09966704091058842,5,0.001,0.1,0.9771571596702954,0.988609069068174,0.9925854263596179,0.994614877787135,0.9962719694731192,0.9962982639191754,0.99745107793942,0.9962520567962567,0.9961151423265425,0.9960393910640596,1.0,0.9962610389153934
4,11,1.9320126417304286,0.581904510683197,3791,2.056982135772705,0.5458860759493671,632,2.0533614215759424,0.5447,0.9962057134660968,0.08322198364046457,,,0.9016420458505563,,0.9016634287315993,0.09833657126840067,0.994650125391563,0.09966446933787705,5,0.001,0.1,0.9755980354533367,0.9875447983516834,0.9913955409026436,0.993406867298135,0.9955470347872148,0.9946478247723549,0.9947728645250025,0.994933921139199,0.99696247918067,0.993680152573439,0.9962610389153934,1.0
5,0,1.4680269466763805,0.6370830289749209,8214,1.9753247915312302,0.5734112490869248,1369,1.972295467845929,0.5896,0.9884267006754852,0.08250615872732718,,,0.75,,0.7500024163694532,0.2499975836305468,0.9965835832798652,0.09963240707063103,5,0.001,0.1,1.0,0.9958073683333547,0.9926860242721851,0.9896117832595936,0.9861254665274387,0.9839893857714467,0.982101212748888,0.981390040263833,0.980761335201303,0.9784375487733734,0.9778872825533842,0.9765008379030761
5,1,1.5634348986796962,0.6244904167934286,6574,1.9709497588021414,0.5666058394160584,1096,1.9719627585273962,0.5899,0.9960734884570686,0.08328056363438119,,,0.914439830849625,,0.9144605213558732,0.08553947864412681,0.9965959260597362,0.09969162364675387,5,0.001,0.1,0.9958073683333547,1.0,0.997546614334421,0.9964216875276604,0.9944495789279649,0.9924537544025432,0.9919832597783874,0.9909823237036189,0.9906737820927894,0.9893818056793825,0.9889107077495976,0.988048722582009
5,2,1.6200724425895439,0.6347916306415355,5783,1.9648424809978855,0.6068464730290456,964,1.9719409291355754,0.5898,0.9980137056210497,0.08350139273583676,,,0.9613314501553074,,0.9613525869651366,0.03864741303486341,0.9966566169005951,0.09969680360225203,5,0.001,0.1,0.9926860242721851,0.997546614334421,1.0,0.9976185767919568,0.9965735488159077,0.994895393197317,0.9950419076951482,0.9943349317040863,0.9937483638526129,0.9930367730975806,0.9924630796625387,0.9918691464535461
5,3,1.662335620012628,0.6252695290334783,5287,1.9711787019457137,0.5947786606129398,881,1.971942113611264,0.5898,0.998797802341933,0.08354221598004498,,,0.9699999997876565,,0.9700176878243976,0.029982312175602432,0.9966565223797669,0.09969686770164013,5,0.001,0.1,0.9896117832595936,0.9964216875276604,0.9976185767919568,1.0,0.9976729900540503,0.9965670287962182,0.9963342225483769,0.9956622028976032,0.9957520767180799,0.9949219290197098,0.9948465779875862,0.9937446313569387
5,4,1.6925631816925542,0.6310840932117527,4935,1.9618679743546705,0.6046228710462287,822,1.9719441995834008,0.5899,0.9989103710535953,0.08351853463764075,,,0.9649714211929554,,0.9649868066227854,0.035013193377214646,0.9966566259039787,0.0996968066950727,5,0.001,0.1,0.9861254665274387,0.9944495789279649,0.9965735488159077,0.9976729900540503,1.0,0.9973456445703885,0.9971113514696446,0.9961649516371252,0.9968391049799213,0.9958798788878622,0.9966179883410173,0.9956842378032501
5,5,1.7124223689510398,0.6298264409685023,4667,1.9721491098403932,0.596401028277635,778,1.971942380213509,0.5898,0.9984515305099547,0.08350480530927043,,,0.9620560878649642,,0.9620774978011037,0.03792250219889626,0.9966566254601065,0.09969680434653777,5,0.001,0.1,0.9839893857714467,0.9924537544025432,0.994895393197317,0.9965670287962182,0.9973456445703885,1.0,0.997606407280142,0.9968990518361412,0.9967546498522977,0.9962360348979848,0.9965728750075713,0.9956373713011134
5,6,1.7240454758916581,0.6161239613743543,4453,1.9754691918690999,0.5983827493261455,742,1.9719436983711802,0.5899,0.998388737098637,0.08349112836876532,,,0.9591518787584437,,0.9591681889794222,0.04083181102057776,0.9966571553276583,0.09969680155981496,5,0.001,0.1,0.982101212748888,0.9919832597783874,0.9950419076951482,0.9963342225483769,0.9971113514696446,0.997606407280142,1.0,0.9975639670578406,0.9967155493129242,0.9963997952849245,0.9974151472033453,0.9959137331744805
5,7,1.7455984644035796,0.643161094224924,4277,1.9756560014641804,0.5918653576437588,713,1.9719520037928329,0.5899,0.9978378023999271,0.08341049921867501,,,0.9420308046515674,,0.9420506277727839,0.05794937222721608,0.9966503000930014,0.09969605358189779,5,0.001,0.1,0.981390040263833,0.9909823237036189,0.9943349317040863,0.9956622028976032,0.9961649516371252,0.9968990518361412,0.9975639670578406,1.0,0.9961608331866829,0.9964381779117693,0.9962398680156352,0.995762204961165
5,8,1.7642755951331213,0.6226204892225721,4129,1.9778522036292336,0.5741279069767442,688,1.9719625620034555,0.5899,0.997778588224274,0.08335017731428675,,,0.9292218417126987,,0.9292342041928843,0.07076579580711573,0.9965903646396944,0.09969282337134483,5,0.001,0.1,0.980761335201303,0.9906737820927894,0.9937483638526129,0.9957520767180799,0.9968391049799213,0.9967546498522977,0.9967155493129242,0.9961608331866829,1.0,0.9950052948989588,0.9973285081999249,0.9971490968009211
5,9,1.7730610949652537,0.6284928767808048,4001,1.9675336451757521,0.6086956521739131,667,1.9719783749443274,0.59,0.9969607680659024,0.08326281757306268,,,0.910671570479784,,0.9106958177477503,0.08930418225224968,0.9965922170403798,0.0996916049135855,5,0.001,0.1,0.9784375487733734,0.9893818056793825,0.9930367730975806,0.9949219290197098,0.9958798788878622,0.9962360348979848,0.9963997952849245,0.9964381779117693,0.9950052948989588,1.0,0.9965151809611087,0.9948380781125356
5,10,1.7792439124623283,0.6207251221393675,3889,1.9775777544294084,0.5941358024691358,648,1.9719570460030065,0.5899,0.997342118223078,0.0833804038723348,,,0.9356402541572889,,0.935652081460647,0.06434791853935296,0.9966037197869497,0.09969331688580237,5,0.001,0.1,0.9778872825533842,0.9889107077495976,0.9924630796625387,0.9948465779875862,0.9966179883410173,0.9965728750075713,0.9974151472033453,0.9962398680156352,0.9973285081999249,0.9965151809611087,1.0,0.9968425171721003
5,11,1.7983725409547822,0.6193088894750726,3791,1.9775345861911773,0.5854430379746836,632,1.971978024171945,0.59,0.9965354393694076,0.08325130262837424,,,0.9082264470830151,,0.9082504518610878,0.09174954813891223,0.9966001196359964,0.09969080648585434,5,0.001,0.1,0.9765008379030761,0.988048722582009,0.9918691464535461,0.9937446313569387,0.9956842378032501,0.9956373713011134,0.9959137331744805,0.995762204961165,0.9971490968009211,0.9948380781125356,0.9968425171721003,1.0
6,0,1.3550324895502528,0.6530314097881665,8214,1.8830661967743274,0.6026296566837107,1369,1.8799843213047844,0.6186,0.9891447642449374,0.08257282194993744,,,0.97,,0.9700176878243976,0.029982312175602432,0.9966797240273734,0.09969824667999462,5,0.001,0.1,1.0,0.9958232189893607,0.9932759346945345,0.9905319797077137,0.9865276541147395,0.9846745127763168,0.9825162190050162,0.9826644050031407,0.9811066417451977,0.9807912764110822,0.9789122506922077,0.9772435217052254
6,1,1.43755985266954,0.6415272284758138,6574,1.878280646460397,0.6058394160583942,1096,1.8795754981878847,0.6188,0.9960557784886629,0.08327121048742375,,,0.97,,0.9700176878243976,0.029982312175602432,0.9973642317014872,0.09969824667999462,5,0.001,0.1,0.9958232189893607,1.0,0.9974478731311379,0.9964331974423005,0.99433216251928,0.9923293355006954,0.9915946076923957,0.9910218987164753,0.9902958453104402,0.9901491556040188,0.9889740963158503,0.988239477501163
6,2,1.4861594355567385,0.6486598651219091,5783,1.8710755494333082,0.6348547717842323,964,1.8795460976731664,0.6189,0.9978592916885132,0.0834649619497772,,,0.97,,0.9700176878243976,0.029982312175602432,0.997424611497404,0.09969824667999462,5,0.001,0.1,0.9932759346945345,0.9974478731311379,1.0,0.997440151077699,0.9962869554770916,0.9946649258184311,0.9946737572813883,0.9941502367936891,0.9930708480526697,0.9930471388989318,0.9923505448215916,0.991760402018575
6,3,1.5287184580981013,0.6457726498959713,5287,1.878513182912554,0.623155505107832,881,1.8795475278037805,0.6189,0.9985514823301517,0.08351236685647813,,,0.97,,0.9700176878243976,0.029982312175602432,0.9974241477627033,0.09969824667999462,5,0.001,0.1,0.9905319797077137,0.9964331974423005,0.997440151077699,1.0,0.9974351659708163,0.9959474989591331,0.9958257829842034,0.9952443851201701,0.9949495198577119,0.9950760175888731,0.9944098589600655,0.9931204447616387
6,4,1.555652624022576,0.648145896656535,4935,1.8675163159003625,0.6386861313868614,822,1.8795501252713676,0.6189,0.9988483887459565,0.08350742432737034,,,0.97,,0.9700176878243976,0.029982312175602432,0.9974246490049994,0.09969824667999462,5,0.001,0.1,0.9865276541147395,0.99433216251928,0.9962869554770916,0.9974351659708163,1.0,0.997069724589057,0.9969982787889503,0.996006321026439,0.996779680667585,0.9960127621568436,0.996626770831183,0.995849258160884
6,5,1.574418869573776,0.6483394043282623,4667,1.8804857063293456,0.622107969151671,778,1.8795479151387564,0.6189,0.9984127557995668,0.08348493057745611,,,0.97,,0.9700176878243976,0.029982312175602432,0.9974246215217543,0.09969824667999462,5,0.001,0.1,0.9846745127763168,0.9923293355006954,0.9946649258184311,0.9959474989591331,0.997069724589057,1.0,0.9976611842938704,0.9970833053484291,0.996131010868083,0.9966417566061809,0.9966876214034852,0.9958081823912922
6,6,1.5862746863705772,0.6397035706265439,4453,1.8834391882022221,0.628032345013477,742,1.8795495231311543,0.6189,0.9982896941452758,0.08347256373272109,,,0.97,,0.9700176878243976,0.029982312175602432,0.9974245675842217,0.09969824667999462,5,0.001,0.1,0.9825162190050162,0.9915946076923957,0.9946737572813883,0.9958257829842034,0.9969982787889503,0.9976611842938704,1.0,0.9974813234434956,0.9958713665386035,0.9968471313890723,0.9974155880027671,0.9963204237190806
6,7,1.6058749316343621,0.6593874210895487,4277,1.8831931093464727,0.6185133239831697,713,1.879560337279932,0.6188,0.9978299532226047,0.08340824023599706,,,0.97,,0.9700176878243976,0.029982312175602432,0.9974139900616673,0.09969824667999462,5,0.001,0.1,0.9826644050031407,0.9910218987164753,0.9941502367936891,0.9952443851201701,0.996006321026439,0.9970833053484291,0.9974813234434956,1.0,0.9955047852575143,0.9964139052307466,0.9963678458733124,0.9957762108880831
6,8,1.6261481558359587,0.6438847178493582,4129,1.8873462135141545,0.6017441860465116,688,1.879575364505902,0.6188,0.9973683817246379,0.08335631857880639,,,0.97,,0.9700176878243976,0.029982312175602432,0.9973800440104681,0.09969824667999462,5,0.001,0.1,0.9811066417451977,0.9902958453104402,0.9930708480526697,0.9949495198577119,0.996779680667585,0.996131010868083,0.9958713665386035,0.9955047852575143,1.0,0.9951760184179115,0.9967661802943305,0.9965335801657407
6,9,1.6389778731361269,0.6440889777555611,4001,1.8752854778653099,0.6326836581709145,667,1.8795927542086226,0.6186,0.9973776864709053,0.0833030132811827,,,0.97,,0.9700176878243976,0.029982312175602432,0.9973640576706583,0.09969824667999462,5,0.001,0.1,0.9807912764110822,0.9901491556040188,0.9930471388989318,0.9950760175888731,0.9960127621568436,0.9966417566061809,0.9968471313890723,0.9964139052307466,0.9951760184179115,1.0,0.9968607693205377,0.9952791057994372
