round,client_id,client_i_training_loss,client_i_training_accuracy,client_i_training_dataset_size,client_i_evaluation_loss,client_i_evaluation_accuracy,client_i_evaluation_dataset_size,client_i_central_evaluation_loss,client_i_central_evaluation_accuracy,client_i_cosine_similarity,client_i_importance_coefficient,client_i_tanh_val,tanh_normalization_value,client_i_q,client_i_mask_order,client_i_v_nonzero_fraction,client_i_v_sparsity,client_i_v_cosine_similarity,client_i_reward_gradient_norm,local_epochs,learning_rate,gamma,client_0_cosine_similarity,client_1_cosine_similarity,client_2_cosine_similarity,client_3_cosine_similarity,client_4_cosine_similarity,client_5_cosine_similarity,client_6_cosine_similarity,client_7_cosine_similarity,client_8_cosine_similarity,client_9_cosine_similarity,client_10_cosine_similarity,client_11_cosine_similarity
0,0,2.212701234552595,0.18087655222790358,6845,2.296502481807362,0.1154127100073046,1369,2.297818005839481,0.1,0.8982932993853144,0.07849080011096432,,,0.75,,0.7500041260253173,0.2499958739746827,0,0.1428008903803476,10,0.025,0.15,1.0,0.9129244473416125,0.903623929030939,0.8668506771432579,0.8608425035677129,0.8256839830043361,0.8058192347560915,0.7856495128096087,0.788858442805658,0.7826190787588614,0.7564684747126383,0.7740844795219523
0,1,2.261024582663248,0.16403797006206644,5478,2.2981524732377796,0.09580291970802919,1096,2.2978220499014554,0.0999,0.9706295211458238,0.08481137260869048,,,0.9632699256091973,,0.9632948787773762,0.036705121222623815,0,0.14288050309210654,10,0.025,0.15,0.9129244473416125,1.0,0.9789040617942757,0.9577363878543813,0.9494563581195822,0.9298006750729886,0.9110583567829418,0.8931846117726996,0.876362502845142,0.8598068864898928,0.8699674162931083,0.8790239214122352
0,2,2.2604662870105945,0.15821576763485476,4820,2.3010467290878296,0.08921161825726141,964,2.297822043865542,0.0999,0.976709890480628,0.08534266128064821,,,0.9811967661898879,,0.981234836856959,0.018765163143040997,0,0.1428805763945807,10,0.025,0.15,0.903623929030939,0.9789040617942757,1.0,0.9734242910425112,0.9575439906839364,0.9361826036785724,0.9211607388247509,0.9115270929848697,0.8882271239981088,0.8772458450583214,0.8733226527535604,0.8876440598765468
0,3,2.26975925718035,0.14809350885156605,4406,2.3014730725969588,0.09194097616345062,881,2.2978220680091956,0.0999,0.9796957435906626,0.0856035582502469,,,0.9899999999662578,,0.9900232707827895,0.00997672921721049,0,0.14288058602286646,10,0.025,0.15,0.8668506771432579,0.9577363878543813,0.9734242910425112,1.0,0.9575376419365477,0.9577835840369704,0.9427650156949744,0.9449001650435371,0.9002870617442859,0.9026022323770025,0.8876673744859743,0.9083011284428345
0,4,2.280947063185952,0.15644455252918288,4112,2.29922502381461,0.10097323600973236,822,2.2978220468834984,0.0999,0.9782008907379084,0.08547294144998677,,,0.9855927037466808,,0.9856166757439223,0.01438332425607769,0,0.14288058234864756,10,0.025,0.15,0.8608425035677129,0.9494563581195822,0.9575439906839364,0.9575376419365477,1.0,0.9451872477973855,0.9400408159384577,0.9264778265714495,0.9236655464125211,0.9160119627784253,0.9123588999004258,0.9158639645401303
0,5,2.2819109409086167,0.1342761635381846,3889,2.3014349937438965,0.08611825192802057,778,2.2978220800810223,0.0999,0.9721713252919368,0.08494609190485536,,,0.9678156490039598,,0.9678582627783004,0.03214173722169955,0,0.14288053318639737,10,0.025,0.15,0.8256839830043361,0.9298006750729886,0.9361826036785724,0.9577835840369704,0.9451872477973855,1.0,0.9638850077569067,0.9535385864599539,0.9005897525120238,0.9217643907751146,0.9030138251573598,0.9414569937276588
0,6,2.285021550079872,0.1430342225815144,3711,2.2976471185684204,0.09299191374663072,742,2.297822071027152,0.0999,0.9671029714470707,0.08450323081616501,,,0.9528725482841789,,0.9529137990790711,0.047086200920928856,0,0.14288040968780943,10,0.025,0.15,0.8058192347560915,0.9110583567829418,0.9211607388247509,0.9427650156949744,0.9400408159384577,0.9638850077569067,1.0,0.9721129464853624,0.9111422847179199,0.9148428766589685,0.9216143796148124,0.9489607101569313
0,7,2.2858172936098917,0.13453984287317622,3564,2.2949543396631875,0.0967741935483871,713,2.2978221977813336,0.0999,0.9574596134386042,0.08366061639795778,,,0.9244408968233436,,0.9244772325922992,0.07552276740770081,0,0.14287978337505283,10,0.025,0.15,0.7856495128096087,0.8931846117726996,0.9115270929848697,0.9449001650435371,0.9264778265714495,0.9535385864599539,0.9721129464853624,1.0,0.9103126901937331,0.9244081638020438,0.9047740133344634,0.929767666855438
0,8,2.2895349361278394,0.12949723917465852,3441,2.2941851218541465,0.11046511627906977,688,2.297809854338441,0.1,0.9385403947636656,0.08200749863309593,,,0.8686610916139004,,0.8686933703025201,0.13130662969747986,0,0.14286043453307823,10,0.025,0.15,0.788858442805658,0.876362502845142,0.8882271239981088,0.9002870617442859,0.9236655464125211,0.9005897525120238,0.9111422847179199,0.9103126901937331,1.0,0.9083777922654601,0.9091988772036769,0.9208644146369143
0,9,2.2873970923600373,0.12318536292741451,3334,2.2942554155985513,0.09895052473763119,667,2.297810400588603,0.1,0.9324847929334509,0.08147837408866015,,,0.8508072734241058,,0.8508524368305523,0.14914756316944766,0,0.14285816620446745,10,0.025,0.15,0.7826190787588614,0.8598068864898928,0.8772458450583214,0.9026022323770025,0.9160119627784253,0.9217643907751146,0.9148428766589685,0.9244081638020438,0.9083777922654601,1.0,0.8668263461167791,0.8955421860920827
0,10,2.2922417209698605,0.13844492440604753,3241,2.2981069882710776,0.10802469135802469,648,2.2978110524672495,0.1,0.9280776588535825,0.081093288860526,,,0.8378136564713823,,0.8378637091317193,0.16213629086828074,0,0.14285592512555098,10,0.025,0.15,0.7564684747126383,0.8699674162931083,0.8733226527535604,0.8876673744859743,0.9123588999004258,0.9030138251573598,0.9216143796148124,0.9047740133344634,0.9091988772036769,0.8668263461167791,1.0,0.9400200152094874
0,11,2.290098843574524,0.1320354542576765,3159,2.295984220504761,0.11075949367088607,632,2.297809582722338,0.1,0.9452018997274327,0.08258956559820302,,,0.8883013027486699,,0.8883415028634616,0.11165849713653841,0,0.1428621601649081,10,0.025,0.15,0.7740844795219523,0.8790239214122352,0.8876440598765468,0.9083011284428345,0.9158639645401303,0.9414569937276588,0.9489607101569313,0.929767666855438,0.9208644146369143,0.8955421860920827,0.9400200152094874,1.0
1,0,2.1038144912984635,0.23560262965668372,6845,2.285693645477295,0.1358655953250548,1369,2.2865102442005014,0.1218,0.8901971343612014,0.07784995079497242,,,0.75,,0.7500041260253173,0.2499958739746827,0.9176224314145001,0.14488673401912902,10,0.025,0.15,1.0,0.937806622798403,0.9235357992171018,0.8939179038743407,0.8834294247098238,0.8548211193745044,0.8254600728273082,0.8205870609631052,0.8088873088056514,0.8108528748301148,0.7866352751299499,0.7771286536478204
1,1,2.159933338054391,0.21710478276743336,5478,2.2874974409739175,0.11952554744525548,1096,2.2864997477471074,0.1246,0.9521508870135874,0.08380083577281325,,,0.9425046104192509,,0.9425657275833045,0.05743427241669552,0.9187894068031631,0.14495702197013816,10,0.025,0.15,0.937806622798403,1.0,0.9662873149101741,0.9527090196828824,0.9420453491702449,0.9271371406104184,0.9032148452522092,0.9013851458458194,0.8867396494974839,0.8894665769541618,0.8669591814734318,0.8620051589233504
1,2,2.152591224406895,0.21369294605809128,4820,2.288676679134369,0.11618257261410789,964,2.286499762836891,0.1246,0.9679632456834317,0.08464770857175437,,,0.9699000177984693,,0.9699377795382153,0.03006222046178475,0.9187859181772142,0.14495723038106428,10,0.025,0.15,0.9235357992171018,0.9662873149101741,1.0,0.966863246660361,0.9594648703787666,0.9456123931239403,0.9252690973669419,0.9229191183034736,0.9116229680936534,0.9153287644608245,0.8906617287666347,0.890796878911132
1,3,2.173749556200845,0.20646845211075807,4406,2.2901899814605713,0.12031782065834279,881,2.2864997568009775,0.1246,0.9820140275995022,0.08526905827182103,,,0.9899999999676511,,0.9900232707827895,0.00997672921721049,0.918784300697356,0.14495726195115255,10,0.025,0.15,0.8939179038743407,0.9527090196828824,0.966863246660361,1.0,0.9651705889258219,0.9650820635008435,0.9494273663854922,0.9533620823395352,0.9394887545982162,0.9426107442202376,0.926165762985534,0.9262611708199593
1,4,2.1871165253899316,0.21179474708171206,4112,2.288475547518049,0.12408759124087591,822,2.2864997749087177,0.1246,0.9800985288238926,0.08512531693537478,,,0.9853501251882251,,0.985385618326154,0.014614381673845989,0.9187843786352473,0.1449572597694472,10,0.025,0.15,0.8834294247098238,0.9420453491702449,0.9594648703787666,0.9651705889258219,1.0,0.9587747811485932,0.9512300380763568,0.946964853379869,0.9466745007709715,0.9459738979428132,0.9310129028101602,0.9283771388368991
1,5,2.194701704671306,0.18760606839804578,3889,2.290411812918527,0.10925449871465295,778,2.2864997658548476,0.1246,0.9842255773225668,0.08493300360596862,,,0.9791289996424248,,0.9791635721476787,0.020836427852321315,0.9187844336442166,0.14495725196071066,10,0.025,0.15,0.8548211193745044,0.9271371406104184,0.9456123931239403,0.9650820635008435,0.9587747811485932,1.0,0.9662166177598311,0.966963331949131,0.957828646074776,0.9602549394438864,0.9499455346404796,0.9544888539253972
1,6,2.207584157483331,0.19477229857181352,3711,2.2869760592778525,0.12398921832884097,742,2.2864997658548476,0.1246,0.9805162610002535,0.08453669085927329,,,0.9663087164087791,,0.9663398854615372,0.03366011453846285,0.9187863509050692,0.14495721780284074,10,0.025,0.15,0.8254600728273082,0.9032148452522092,0.9252690973669419,0.9494273663854922,0.9512300380763568,0.9662166177598311,1.0,0.9752581786946419,0.9689104682249198,0.9652421251661062,0.9655052520994074,0.9691885236415031
1,7,2.2025861041886468,0.18717732884399552,3564,2.282802104949951,0.11079943899018233,713,2.286499901662899,0.1246,0.9790971402460319,0.08396695830247748,,,0.9478784922828652,,0.9479213084451487,0.05207869155485134,0.9187870622231247,0.14495708362960183,10,0.025,0.15,0.8205870609631052,0.9013851458458194,0.9229191183034736,0.9533620823395352,0.946964853379869,0.966963331949131,0.9752581786946419,1.0,0.967007839759737,0.965768790907401,0.9644910343994562,0.9637074522386294
1,8,2.2057500371226557,0.1938680616099971,3441,2.2823572953542075,0.13517441860465115,688,2.2864880048775973,0.1213,0.9735949691913813,0.0827603555768726,,,0.9088462158251119,,0.9089056130448416,0.09109438695515837,0.9178252401571584,0.14495598392003495,10,0.025,0.15,0.8088873088056514,0.8867396494974839,0.9116229680936534,0.9394887545982162,0.9466745007709715,0.957828646074776,0.9689104682249198,0.967007839759737,1.0,0.9674826255831862,0.9639472901627518,0.9672314843465908
1,9,2.2049948480394153,0.18914217156568686,3334,2.2830983797709146,0.13793103448275862,667,2.2864917954312096,0.1213,0.9735900468059167,0.08243155862598905,,,0.8982099946290101,,0.8982439636249608,0.10175603637503916,0.9177461745197517,0.14495498963901915,10,0.025,0.15,0.8108528748301148,0.8894665769541618,0.9153287644608245,0.9426107442202376,0.9459738979428132,0.9602549394438864,0.9652421251661062,0.965768790907401,0.9674826255831862,1.0,0.9617162252510252,0.9610773016364
1,10,2.223328632574815,0.18734958346189448,3241,2.287046790122986,0.11728395061728394,648,2.286492936218841,0.1213,0.9641163093583144,0.0818826960647173,,,0.8804548919972556,,0.8804855506593389,0.11951444934066113,0.9177543220542537,0.14495335301270063,10,0.025,0.15,0.7866352751299499,0.8669591814734318,0.8906617287666347,0.926165762985534,0.9310129028101602,0.9499455346404796,0.9655052520994074,0.9644910343994562,0.9639472901627518,0.9617162252510252,1.0,0.969688890980711
1,11,2.219806640625,0.1796454574232352,3159,2.2853455543518066,0.12658227848101267,632,2.286487847943849,0.1212,0.9636220217227791,0.08279586661796583,,,0.9099949591055969,,0.9100361439817795,0.08996385601822054,0.9178369631022244,0.1449560278992408,10,0.025,0.15,0.7771286536478204,0.8620051589233504,0.890796878911132,0.9262611708199593,0.9283771388368991,0.9544888539253972,0.9691885236415031,0.9637074522386294,0.9672314843465908,0.9610773016364,0.969688890980711,1.0
2,0,2.0306449793003223,0.270445580715851,6845,2.26957368850708,0.20964207450693936,1369,2.269811871685559,0.2145,0.9042325961050456,0.07781925483647924,,,0.75,,0.7500041260253173,0.2499958739746827,0.9507546493994858,0.14528310822638055,10,0.025,0.15,1.0,0.9317269206367618,0.9155444250801278,0.8941163185345347,0.8870991812806461,0.867236185614913,0.8547850485267565,0.8514937812874971,0.8364071123216199,0.8475617575537153,0.8258796603328952,0.8120039257334476
2,1,2.085159211934999,0.25313983205549473,5478,2.2718612353006997,0.19160583941605838,1096,2.269766303557384,0.2128,0.9602419001091502,0.0833397208923028,,,0.9354741101330459,,0.9355102242907363,0.06448977570926373,0.9520089392344057,0.14540513997030977,10,0.025,0.15,0.9317269206367618,1.0,0.9532938200822795,0.9479202383223945,0.9393552348861532,0.932870600525742,0.9266127067585284,0.9222420213368474,0.9064386257608444,0.9189391442277808,0.896006598133716,0.8922903105583869
2,2,2.0733201466108624,0.2524066390041494,4820,2.2705648839473724,0.21784232365145229,964,2.2697660983363286,0.2128,0.9785479907128233,0.08446279889791743,,,0.9732067746572,,0.9732385997920483,0.026761400207951702,0.9520299341847867,0.14540632485663352,10,0.025,0.15,0.9155444250801278,0.9532938200822795,1.0,0.9652096845431283,0.961966336056526,0.9549122318395092,0.9511933490565722,0.9454547088190156,0.9395536851494973,0.9436444419123337,0.9219891447139723,0.9256608772136358
2,3,2.0996005657741,0.24564230594643668,4406,2.273111275264195,0.22587968217934165,881,2.269766149641592,0.2128,0.9820508622563526,0.08496263378172277,,,0.9899999999664024,,0.9900232707827895,0.00997672921721049,0.952032271678701,0.14540637870886008,10,0.025,0.15,0.8941163185345347,0.9479202383223945,0.9652096845431283,1.0,0.9614313648992785,0.9635524430371576,0.9563545677069617,0.9587017852080139,0.947852926964414,0.951429278518602,0.9337947791788074,0.9372592793065314
2,4,2.1095998283588524,0.25306420233463034,4112,2.2723536491394043,0.21532846715328466,822,2.269766149641592,0.2128,0.9793717640833113,0.08478598710341288,,,0.9840651051339413,,0.9841065504777937,0.015893449522206282,0.9520323531066346,0.14540636963400638,10,0.025,0.15,0.8870991812806461,0.9393552348861532,0.961966336056526,0.9614313648992785,1.0,0.9612915457008797,0.9536522033155369,0.9486894018160893,0.9495761722608321,0.953557629934436,0.934693389418796,0.9350443573077123
2,5,2.1211447127403753,0.2304448444330162,3889,2.274125269481114,0.2133676092544987,778,2.2697661556775057,0.2128,0.9817275034544993,0.08474359941578816,,,0.9826409828654057,,0.982678945718011,0.017321054281989046,0.9520315522936948,0.14540636723119285,10,0.025,0.15,0.867236185614913,0.932870600525742,0.9549122318395092,0.9635524430371576,0.9612915457008797,1.0,0.9645919051693052,0.9591218156430845,0.9547336507377031,0.961465478108068,0.9435917837319454,0.9494042993623152
2,6,2.13922600129555,0.23761789275127998,3711,2.2707517544428506,0.20754716981132076,742,2.269766149641592,0.2128,0.9815361843414193,0.08449149426176868,,,0.9741708684531648,,0.9742123417669291,0.025787658233070943,0.9520293706517549,0.14540633651389123,10,0.025,0.15,0.8547850485267565,0.9266127067585284,0.9511933490565722,0.9563545677069617,0.9536522033155369,0.9645919051693052,1.0,0.9677205461102117,0.9632603023158057,0.9573226757657802,0.9561914657082404,0.9588647499917767
2,7,2.130546355673245,0.23148148148148148,3564,2.26534112294515,0.2187938288920056,713,2.2697662884676,0.2128,0.9785573767800627,0.08404079192579718,,,0.9590283761610484,,0.9590698288524698,0.04093017114753017,0.9520229441013714,0.14540610035737225,10,0.025,0.15,0.8514937812874971,0.9222420213368474,0.9454547088190156,0.9587017852080139,0.9486894018160893,0.9591218156430845,0.9677205461102117,1.0,0.957836070956043,0.9554477412179738,0.9543310620669152,0.9550211729144441
2,8,2.1258277963708947,0.24260389421679746,3441,2.265290896097819,0.23401162790697674,688,2.2697564680365065,0.2136,0.9742530965466896,0.08315172011255363,,,0.9291577453595481,,0.9291974055552805,0.07080259444471948,0.9520111590244535,0.1454046682029493,10,0.025,0.15,0.8364071123216199,0.9064386257608444,0.9395536851494973,0.947852926964414,0.9495761722608321,0.9547336507377031,0.9632603023158057,0.957836070956043,1.0,0.9565768319921959,0.9554880231730355,0.9585030335079259
2,9,2.131392549585413,0.24103179364127175,3334,2.2669180631637573,0.22488755622188905,667,2.2697605302062214,0.2136,0.9750945438840039,0.0829752199982129,,,0.9232277747167263,,0.9232641811490155,0.07673581885098446,0.9520105355742805,0.14540419329394938,10,0.025,0.15,0.8475617575537153,0.9189391442277808,0.9436444419123337,0.951429278518602,0.953557629934436,0.961465478108068,0.9573226757657802,0.9554477412179738,0.9565768319921959,1.0,0.9446385588935824,0.9457364803850814
2,10,2.1568603919102594,0.22925023141005862,3241,2.270056207974752,0.2021604938271605,648,2.2697607897504977,0.2135,0.9655601283312057,0.08232341899886222,,,0.9013288609083772,,0.9013797428661022,0.09862025713389777,0.9520017993629851,0.1454017850556639,10,0.025,0.15,0.8258796603328952,0.896006598133716,0.9219891447139723,0.9337947791788074,0.934693389418796,0.9435917837319454,0.9561914657082404,0.9543310620669152,0.9554880231730355,0.9446385588935824,1.0,0.9594788714030575
2,11,2.1492090101242067,0.2249446027223805,3159,2.2694907665252684,0.21677215189873417,632,2.2697560515584825,0.2136,0.9659718185109675,0.08290335977518211,,,0.9208134475954611,,0.9208545823637174,0.07914541763628258,0.9520169890124008,0.1454039761746411,10,0.025,0.15,0.8120039257334476,0.8922903105583869,0.9256608772136358,0.9372592793065314,0.9350443573077123,0.9494042993623152,0.9588647499917767,0.9550211729144441,0.9585030335079259,0.9457364803850814,0.9594788714030575,1.0
3,0,1.9740207427077823,0.2918480642804967,6845,2.2476271499286997,0.23739956172388604,1369,2.2473474997508376,0.2492,0.9077116060435373,0.07795524829962726,,,0.75,,0.7500041260253173,0.2499958739746827,0.9759974068420547,0.14507984066800647,10,0.025,0.15,1.0,0.927534569258764,0.9102947195513559,0.8922686133218733,0.8911828979203218,0.8684181900679072,0.8623046651715492,0.858732614405617,0.8377294996970838,0.8418036659742661,0.8370594034670983,0.8231274501672713
3,1,2.023273735822633,0.2754107338444688,5478,2.250686036215888,0.2271897810218978,1096,2.2472237031671067,0.2497,0.9569546085255315,0.0829904495650999,,,0.9283531258719033,,0.9283804525424568,0.07161954745754318,0.9769144843765291,0.14519512449516572,10,0.025,0.15,0.927534569258764,1.0,0.9450453731456531,0.9391120071419411,0.9371282973336524,0.9285115086263033,0.9267546246730096,0.9189183626579049,0.8967854047149497,0.9017580426070889,0.8972864710648625,0.8956981374323992
3,2,2.013015108673196,0.2757676348547718,4820,2.2465710937976837,0.24066390041493776,964,2.2472217777107337,0.2495,0.9759892845771353,0.08430936559122687,,,0.9750707809605548,,0.9751118152860986,0.024888184713901418,0.9769263872537488,0.14519765003194116,10,0.025,0.15,0.9102947195513559,0.9450453731456531,1.0,0.9570190613134711,0.9543764308041758,0.947378789268972,0.9507083840995335,0.9435400213188994,0.9321376815829521,0.9331175427479609,0.9276736968347022,0.9317169770324554
3,3,2.0409151015962874,0.26970040853381755,4406,2.249969107764108,0.27014755959137343,881,2.247221943698352,0.2495,0.9793941763546069,0.0847308419295534,,,0.9899999999645788,,0.9900232707827895,0.00997672921721049,0.9769263541990979,0.14519772069108075,10,0.025,0.15,0.8922686133218733,0.9391120071419411,0.9570190613134711,1.0,0.9586612487906297,0.9588287905271862,0.9525871159190575,0.9542617980429993,0.9401929079659934,0.9390224930399269,0.939396063642889,0.9395991313836607
3,4,2.046129561915542,0.2793774319066148,4112,2.250363145555769,0.2639902676399027,822,2.247221940680395,0.2495,0.979687263182065,0.08463077287785586,,,0.9864554290065763,,0.9864831410605536,0.01351685893944643,0.9769273240737791,0.1451977144184433,10,0.025,0.15,0.8911828979203218,0.9371282973336524,0.9543764308041758,0.9586612487906297,1.0,0.9580618089817576,0.9568596491025828,0.948182139282382,0.9467680034969298,0.9435161722163479,0.9397844021529664,0.939929648946058
3,5,2.0599885348350773,0.25996400102854206,3889,2.2520889895302907,0.2686375321336761,778,2.2472218471237375,0.2495,0.9793776061590663,0.08459434714632587,,,0.9851651840415747,,0.9852040732121933,0.014795926787806724,0.9769278076677008,0.14519771196131828,10,0.025,0.15,0.8684181900679072,0.9285115086263033,0.947378789268972,0.9588287905271862,0.9580618089817576,1.0,0.9598080402913888,0.9548378947837598,0.945779096725627,0.9493198100933407,0.9478908063290528,0.9507054354023113
3,6,2.075773642391994,0.26410670978173,3711,2.2484893004099527,0.2358490566037736,742,2.247221931626525,0.2496,0.980451489056145,0.08447294857631932,,,0.9808650948702604,,0.9809130068822103,0.01908699311778972,0.9769244636300008,0.14519769744797995,10,0.025,0.15,0.8623046651715492,0.9267546246730096,0.9507083840995335,0.9525871159190575,0.9568596491025828,0.9598080402913888,1.0,0.9609413657807211,0.95607474260731,0.9496709451458215,0.9516214370448298,0.9545353986321722
3,7,2.0635985127517156,0.2633557800224467,3564,2.242312431335449,0.2538569424964937,713,2.2472223963918565,0.2496,0.9765732436657854,0.08406650496646216,,,0.9664683539086297,,0.9664966744235942,0.033503325576405785,0.9769255780152897,0.14519748442463581,10,0.025,0.15,0.858732614405617,0.9189183626579049,0.9435400213188994,0.9542617980429993,0.948182139282382,0.9548378947837598,0.9609413657807211,1.0,0.9524826766022579,0.9457155650616399,0.9508682457668656,0.9485471155794891
3,8,2.0529401187543517,0.27489102005231036,3441,2.2426606019337973,0.26308139534883723,688,2.247218729574469,0.2502,0.970026466014128,0.08330079176568925,,,0.9393458347323461,,0.9393969401396247,0.060603059860375286,0.9769065856063952,0.14519640999613598,10,0.025,0.15,0.8377294996970838,0.8967854047149497,0.9321376815829521,0.9401929079659934,0.9467680034969298,0.945779096725627,0.95607474260731,0.9524826766022579,1.0,0.9496417482243927,0.9516866118910859,0.9515395801863198
3,9,2.0562973697980245,0.2758248350329934,3334,2.2450934251149497,0.2608695652173913,667,2.2472227253491366,0.2501,0.968688991432058,0.08314754627531909,,,0.9339176878138288,,0.9339588387714347,0.06604116122856529,0.9769081941039847,0.14519552571797703,10,0.025,0.15,0.8418036659742661,0.9017580426070889,0.9331175427479609,0.9390224930399269,0.9435161722163479,0.9493198100933407,0.9496709451458215,0.9457155650616399,0.9496417482243927,1.0,0.9419476416230531,0.9501720586801127
3,10,2.095738880909406,0.2552298673248997,3241,2.2465837399164834,0.25462962962962965,648,2.2472228762469713,0.2501,0.9679307827883782,0.08271820759546564,,,0.9187099748402359,,0.9187585615025334,0.08124143849746657,0.9768919989667679,0.14519424357720395,10,0.025,0.15,0.8370594034670983,0.8972864710648625,0.9276736968347022,0.939396063642889,0.9397844021529664,0.9478908063290528,0.9516214370448298,0.9508682457668656,0.9516866118910859,0.9419476416230531,1.0,0.9519024275039547
3,11,2.0843522877693177,0.259195948084837,3159,2.2480874061584473,0.2389240506329114,632,2.2472179056722905,0.2502,0.9680777657715646,0.08308297541105539,,,0.9316305070489501,,0.9316565166443861,0.06834348335561391,0.9769058350077929,0.14519533334431484,10,0.025,0.15,0.8231274501672713,0.8956981374323992,0.9317169770324554,0.9395991313836607,0.939929648946058,0.9507054354023113,0.9545353986321722,0.9485471155794891,0.9515395801863198,0.9501720586801127,0.9519024275039547,1.0
4,0,1.9296649941691646,0.30807888970051134,6845,2.2200377637689765,0.26369612856099345,1369,2.219342222696618,0.2674,0.9130215855125082,0.07830605936357653,,,0.75,,0.7500041260253173,0.2499958739746827,0.9845198979729749,0.144616480312961,10,0.025,0.15,1.0,0.927914692365878,0.9117728667661644,0.8930032919618027,0.8893551028671373,0.8668951644302495,0.8666875111955463,0.8618736032296054,0.8388515487893922,0.8465325107284069,0.8450172324685973,0.8309340079142952
4,1,1.975101384728454,0.2932092004381161,5478,2.2241575717926025,0.24361313868613138,1096,2.2191041059131864,0.2675,0.9542608277390524,0.08278390568575857,,,0.9229335528053256,,0.9229753593768051,0.07702464062319492,0.9851800719494967,0.14472892855636219,10,0.025,0.15,0.927914692365878,1.0,0.9365855487415007,0.9322638828936912,0.9265715018438552,0.9185808902008308,0.9222885708157678,0.9116604112492269,0.8876473357331226,0.9007697279632382,0.8927826214546022,0.8920802145327408
4,2,1.9656542341960104,0.2919917012448133,4820,2.2168445885181427,0.2645228215767635,964,2.2190970529483844,0.2675,0.972005889749609,0.08418390955801001,,,0.977001429670666,,0.9770510471852255,0.022948952814774493,0.9852132356999086,0.14473346679682006,10,0.025,0.15,0.9117728667661644,0.9365855487415007,1.0,0.9470642081765605,0.9432709085796215,0.9366097102838621,0.9434214037806917,0.9347070000293813,0.9209203723471089,0.9299282593065881,0.9233960821634926,0.9240152330197423
4,3,1.9962630479676382,0.2833182024512029,4406,2.2211738995143344,0.2746878547105562,881,2.2190978587428227,0.2675,0.9742885497932269,0.08452048738935442,,,0.9899999999613802,,0.9900232707827895,0.00997672921721049,0.9852101489822087,0.14473353960349672,10,0.025,0.15,0.8930032919618027,0.9322638828936912,0.9470642081765605,1.0,0.9465324682636904,0.9445881097222986,0.9436903844836741,0.9452492427879762,0.9298950407635478,0.9347834527563709,0.9287648561867168,0.9305957936539835
4,4,1.9983265652801052,0.29547665369649806,4112,2.222846269607544,0.2688564476885645,822,2.2190979372096966,0.2675,0.9751789133986684,0.08448742234363185,,,0.988723034335707,,0.9887607070356984,0.011239292964301595,0.9852091337465547,0.1447335372264591,10,0.025,0.15,0.8893551028671373,0.9265715018438552,0.9432709085796215,0.9465324682636904,1.0,0.9480676919284836,0.9513378723562069,0.9424380210350406,0.9360555523744998,0.9375143166420884,0.9326717233538208,0.9326856877719988
4,5,2.0115956544876097,0.27526356389817436,3889,2.224802221570696,0.2892030848329049,778,2.219097900994216,0.2675,0.9739369034667066,0.0844241638551206,,,0.9862800038303601,,0.9863098479972273,0.013690152002772682,0.9852090912354546,0.14473352898974004,10,0.025,0.15,0.8668951644302495,0.9185808902008308,0.9366097102838621,0.9445881097222986,0.9480676919284836,1.0,0.94911379598257,0.9447178694999061,0.9336866888524945,0.9457146652460644,0.9415165527352772,0.9413989974767473
4,6,2.024333190506902,0.2824306116949609,3711,2.220455288887024,0.25202156334231807,742,2.2190978617607793,0.2675,0.976619427784817,0.08443646008450764,,,0.9867548818143314,,0.9867884669340331,0.013211533065966896,0.9852112128623202,0.14473353206069417,10,0.025,0.15,0.8666875111955463,0.9222885708157678,0.9434214037806917,0.9436903844836741,0.9513378723562069,0.94911379598257,1.0,0.9515996103328548,0.942879398878318,0.9426041470022155,0.9432024987663912,0.9450448930761276
4,7,2.012846273183823,0.2828282828282828,3564,2.2141409317652383,0.2594670406732118,713,2.2190978074375587,0.2675,0.9730540867424793,0.08406727148153831,,,0.972496889875115,,0.9725206713868396,0.02747932861316038,0.985206357694817,0.14473340513373803,10,0.025,0.15,0.8618736032296054,0.9116604112492269,0.9347070000293813,0.9452492427879762,0.9424380210350406,0.9447178694999061,0.9515996103328548,1.0,0.9428977035145829,0.9447643693630838,0.9427072778305947,0.9381160398590177
4,8,1.998733565542433,0.2916884626562046,3441,2.2148240407307944,0.28343023255813954,688,2.219103390657449,0.2678,0.9634847737619409,0.08327844953235575,,,0.9420327398378068,,0.9420953606971333,0.05790463930286671,0.9851944415886806,0.14473223938867893,10,0.025,0.15,0.8388515487893922,0.8876473357331226,0.9209203723471089,0.9298950407635478,0.9360555523744998,0.9336866888524945,0.942879398878318,0.9428977035145829,1.0,0.9381780874784268,0.9387435795858784,0.9398817777105134
4,9,2.0073859656298603,0.28998200359928017,3334,2.2175407807032266,0.29685157421289354,667,2.2191075463838215,0.2678,0.9685383850606832,0.08334850610152386,,,0.9447383108940484,,0.9447772771533726,0.05522272284662744,0.9851838958636209,0.1447323934894729,10,0.025,0.15,0.8465325107284069,0.9007697279632382,0.9299282593065881,0.9347834527563709,0.9375143166420884,0.9457146652460644,0.9426041470022155,0.9447643693630838,0.9381780874784268,1.0,0.9440251737936064,0.9436453572314162
4,10,2.0459828679378216,0.27229250231410057,3241,2.217578172683716,0.2654320987654321,648,2.2191086026686655,0.2677,0.9656444681336103,0.08298705000504154,,,0.9307789468492877,,0.9308065554290241,0.06919344457097587,0.9851655795696326,0.14472968664362326,10,0.025,0.15,0.8450172324685973,0.8927826214546022,0.9233960821634926,0.9287648561867168,0.9326717233538208,0.9415165527352772,0.9432024987663912,0.9427072778305947,0.9387435795858784,0.9440251737936064,1.0,0.9426058267910071
4,11,2.0312604756355284,0.27628996517885407,3159,2.2210254669189453,0.25949367088607594,632,2.2191025154500066,0.2678,0.9645005564877234,0.08317631459958087,,,0.9380883086270265,,0.938126124341899,0.061873875658100985,0.9851731843426333,0.14473195627954935,10,0.025,0.15,0.8309340079142952,0.8920802145327408,0.9240152330197423,0.9305957936539835,0.9326856877719988,0.9413989974767473,0.9450448930761276,0.9381160398590177,0.9398817777105134,0.9436453572314162,0.9426058267910071,1.0
5,0,1.8907604970313885,0.3218553688823959,6845,2.18774752183394,0.27757487216946675,1369,2.1867396680614615,0.2813,0.9173047324960725,0.07875091735286997,,,0.75,,0.7500041260253173,0.2499958739746827,0.9876354508343506,0.14417599550570093,10,0.025,0.15,1.0,0.9248455560261181,0.9120688724788824,0.9003949179002466,0.8898175982089418,0.8697339635743272,0.87296909188962,0.8632967103077195,0.8400322891252286,0.8347784949947553,0.8527862710710798,0.8358154341872731
5,1,1.9341551048811092,0.30651697699890473,5478,2.193386501736111,0.25821167883211676,1096,2.1863506021378916,0.2816,0.9552646521148866,0.08277958729953046,,,0.9203841453071684,,0.9204254757307191,0.07957452426928091,0.9885388012015155,0.1443003061805209,10,0.025,0.15,0.9248455560261181,1.0,0.933107772605874,0.9331174011737418,0.924742027419525,0.9168762405377726,0.9231641665029311,0.9085934413407982,0.8851857617787897,0.8866043871611637,0.8998003503871628,0.8921594162058898
5,2,1.927305018901825,0.3031535269709544,4820,2.182047575712204,0.28734439834024894,964,2.186339812942698,0.2816,0.969975115449861,0.08413221954517604,,,0.9775908890068554,,0.9776451948309155,0.022354805169084502,0.9886025132387369,0.14430310215096992,10,0.025,0.15,0.9120688724788824,0.933107772605874,1.0,0.9436211093526229,0.9380115448777613,0.9293790465617615,0.9405550164394963,0.9293888688673005,0.9139324402117109,0.9120957804383911,0.9230754350026599,0.9201406725519757
5,3,1.9546072592054096,0.2967090331366319,4406,2.1875026566641673,0.28376844494892167,881,2.1863408782814124,0.2815,0.9724688384248977,0.08442326259464455,,,0.989899944324825,,0.9899324982258091,0.010067501774190912,0.9886075409669168,0.14430315829902837,10,0.025,0.15,0.9003949179002466,0.9331174011737418,0.9436211093526229,1.0,0.9421797317416712,0.9365897203205437,0.9380021445068495,0.9376500510838327,0.9221303171293682,0.9166504497594903,0.9278029302257941,0.9249362217192867
5,4,1.9562584179820437,0.30622568093385216,4112,2.190894569669451,0.2944038929440389,822,2.1863408933711956,0.2815,0.9706753181752501,0.08434396695575899,,,0.9865463015998105,,0.986573913617534,0.013426086382466007,0.9886077893592733,0.14430315195042523,10,0.025,0.15,0.8898175982089418,0.924742027419525,0.9380115448777613,0.9421797317416712,1.0,0.9345912855207421,0.9459753755712406,0.9333523794198875,0.9264071761277034,0.9144290173777073,0.927022116007046,0.9251876821626863
5,5,1.9736930704885913,0.29202879917716634,3889,2.193268367222377,0.2943444730077121,778,2.186341020125377,0.2816,0.9691792542928382,0.08425562706772761,,,0.9828101513273777,,0.982835734680068,0.01716426531993198,0.9886071403638419,0.1443031385318925,10,0.025,0.15,0.8697339635743272,0.9168762405377726,0.9293790465617615,0.9365897203205437,0.9345912855207421,1.0,0.9405890761745824,0.9372064151536378,0.9234026770472933,0.9313111803896647,0.9337426757584156,0.9300460497596728
5,6,1.9817778311926744,0.2942064133656696,3711,2.187518040339152,0.2722371967654987,742,2.1863408058504517,0.2816,0.9741376100957153,0.08442562837298889,,,0.989999999957707,,0.9900232707827895,0.00997672921721049,0.9886073378773736,0.14430315831885662,10,0.025,0.15,0.87296909188962,0.9231641665029311,0.9405550164394963,0.9380021445068495,0.9459753755712406,0.9405890761745824,1.0,0.9441445527235367,0.9323683696151064,0.9278327828842451,0.9367717333471092,0.9382460070752424
5,7,1.9737783125468662,0.2962962962962963,3564,2.1817697286605835,0.2720897615708275,713,2.1863413370108304,0.2816,0.969909011049484,0.08405749248478389,,,0.9744304647266815,,0.9744681553366011,0.02553184466339886,0.9885998627111081,0.14430307386918376,10,0.025,0.15,0.8632967103077195,0.9085934413407982,0.9293888688673005,0.9376500510838327,0.9333523794198875,0.9372064151536378,0.9441445527235367,1.0,0.9342761838414455,0.9311083475902178,0.9411972806676642,0.9315003695161543
5,8,1.956974900651861,0.3024120895088637,3441,2.182653268178304,0.2877906976744186,688,2.18635108802892,0.282,0.9587482912777486,0.08320131664729592,,,0.938220303498666,,0.9382746612533215,0.061725338746678515,0.988589436937177,0.14430198591801224,10,0.025,0.15,0.8400322891252286,0.8851857617787897,0.9139324402117109,0.9221303171293682,0.9264071761277034,0.9234026770472933,0.9323683696151064,0.9342761838414455,1.0,0.9251329288162161,0.9324427183425977,0.927394480836595
5,9,1.9641436183894123,0.30146970605878826,3334,2.1851336558659873,0.3073463268365817,667,2.1863574740252916,0.2821,0.9566263719201729,0.08317542199884195,,,0.9371251436560195,,0.9371688864682873,0.06283111353171267,0.9885811040712217,0.14430166794849716,10,0.025,0.15,0.8347784949947553,0.8866043871611637,0.9120957804383911,0.9166504497594903,0.9144290173777073,0.9313111803896647,0.9278327828842451,0.9311083475902178,0.9251329288162161,1.0,0.9301010099522569,0.9280330444756394
5,10,1.999467232135626,0.2912681271212589,3241,2.184117237726847,0.2839506172839506,648,2.186357471007335,0.282,0.9654571384021897,0.08323969986685939,,,0.9398436412617607,,0.9398755590764305,0.0601244409235695,0.9885658029830858,0.14430207449684962,10,0.025,0.15,0.8527862710710798,0.8998003503871628,0.9230754350026599,0.9278029302257941,0.927022116007046,0.9337426757584156,0.9367717333471092,0.9411972806676642,0.9324427183425977,0.9301010099522569,1.0,0.9360916933406616
5,11,1.9871255187988281,0.2916112693890472,3159,2.1892906188964845,0.2721518987341772,632,2.1863502822344816,0.282,0.9611024747925756,0.08321485981352217,,,0.9387930833075765,,0.9388440527471077,0.061155947252892306,0.9885926327928215,0.14430202857600763,10,0.025,0.15,0.8358154341872731,0.8921594162058898,0.9201406725519757,0.9249362217192867,0.9251876821626863,0.9300460497596728,0.9382460070752424,0.9315003695161543,0.927394480836595,0.9280330444756394,0.9360916933406616,1.0
6,0,1.8553636559733637,0.33244704163623084,6845,2.1515001600438897,0.2899926953981008,1369,2.150558347943463,0.2933,0.9240856264750693,0.079304773989742,,,0.75,,0.7500041260253173,0.2499958739746827,0.9887903193674701,0.1439035865932499,10,0.025,0.15,1.0,0.9257032846926591,0.915290448533065,0.9048519871620051,0.8927173667262229,0.8745262297720573,0.8785451525717756,0.8670979020116959,0.8471476494928899,0.838842715793816,0.8634691150093522,0.845434807929396
6,1,1.9005702038143957,0.3167214311792625,5478,2.159122361077203,0.270985401459854,1096,2.149968687492081,0.2931,0.9555569409954093,0.0828440047212706,,,0.9181393781459083,,0.9181891700087472,0.08181082999125278,0.9898458400688622,0.1440245497914473,10,0.025,0.15,0.9257032846926591,1.0,0.9315735847010285,0.9292424508111109,0.920766742648749,0.9153965379195733,0.9211146812647882,0.9064420648054338,0.8854829166714563,0.8827391443291323,0.8983154042511767,0.8939630419005165
6,2,1.8924140274524688,0.31618257261410787,4820,2.1433869004249573,0.2966804979253112,964,2.149948913839799,0.2929,0.9675068259956437,0.08407763326882267,,,0.9767457682296824,,0.9767952336155534,0.023204766384446573,0.9898835365961577,0.1440281129012018,10,0.025,0.15,0.915290448533065,0.9315735847010285,1.0,0.93969042056731,0.9332011319857542,0.9226109884223694,0.9346887194179286,0.9225139840528465,0.9064868551847866,0.9026318042196901,0.9207783303747243,0.9167236047645386
6,3,1.9195245732579913,0.30935088515660464,4406,2.1501075199672153,0.2814982973893303,881,2.14995000030421,0.2929,0.9701214280531523,0.08434449160402424,,,0.9894234934014643,,0.9894621313396379,0.010537868660362104,0.9898825070120273,0.1440281516974806,10,0.025,0.15,0.9048519871620051,0.9292424508111109,0.93969042056731,1.0,0.938535504714061,0.9320239490045632,0.9329857585901915,0.9289608420812789,0.9171241724923742,0.9118896143863683,0.9217504588478213,0.918295848516922
6,4,1.9169001749067596,0.31678015564202333,4112,2.1555818149021695,0.305352798053528,822,2.1499500938608676,0.2929,0.9705880913506308,0.08431041669741622,,,0.9878046858011534,,0.9878364773646251,0.012163522635374902,0.9898822980357321,0.14402815003930086,10,0.025,0.15,0.8927173667262229,0.920766742648749,0.9332011319857542,0.938535504714061,1.0,0.932812129247388,0.9426128301407624,0.9322195322296739,0.9232263177601208,0.9161788514584401,0.9252539994218031,0.9224651414606025
6,5,1.9382969337124978,0.30102854204165597,3889,2.1586219923836842,0.30848329048843187,778,2.14995000030421,0.2929,0.9660382264893591,0.08410634079804133,,,0.9781095860977663,,0.9781485699196251,0.021851430080374934,0.9898841070136892,0.14402811902141463,10,0.025,0.15,0.8745262297720573,0.9153965379195733,0.9226109884223694,0.9320239490045632,0.932812129247388,1.0,0.9326329197806092,0.9292780854772994,0.9167995860928445,0.9188218011142483,0.9264510079418397,0.9255905297587298
6,6,1.943885219508204,0.30762597682565346,3711,2.1507899363835654,0.2816711590296496,742,2.1499498735500286,0.2929,0.9704468374117916,0.08435662671315113,,,0.9899999999524927,,0.9900232707827895,0.00997672921721049,0.9898824965931637,0.14402815188253987,10,0.025,0.15,0.8785451525717756,0.9211146812647882,0.9346887194179286,0.9329857585901915,0.9426128301407624,0.9326329197806092,1.0,0.9342232775165055,0.922340677292395,0.9167624756307093,0.929165518767288,0.932518022662851
6,7,1.9339461624622345,0.3073793490460157,3564,2.1459221839904785,0.28892005610098176,713,2.1499512919896766,0.293,0.9660101996399157,0.08398207379894755,,,0.9722059936121016,,0.9722401016652639,0.027759898334736133,0.989884106154659,0.14402806401866766,10,0.025,0.15,0.8670979020116959,0.9064420648054338,0.9225139840528465,0.9289608420812789,0.9322195322296739,0.9292780854772994,0.9342232775165055,1.0,0.9281985089021705,0.9241047528904879,0.931867988311179,0.9214696923769348
6,8,1.9199299256006876,0.3162452775356001,3441,2.147190888722738,0.29651162790697677,688,2.149968805192392,0.2931,0.955385747812599,0.0831009430317039,,,0.9303458294951418,,0.9303857008466604,0.06961429915333961,0.9898561048496837,0.14402617682645688,10,0.025,0.15,0.8471476494928899,0.8854829166714563,0.9064868551847866,0.9171241724923742,0.9232263177601208,0.9167995860928445,0.922340677292395,0.9281985089021705,1.0,0.9152322821527983,0.9221663686475069,0.9199365482855172
6,9,1.9272480607032776,0.31271745650869825,3334,2.1487364768981934,0.31634182908545727,667,2.1499764315689665,0.2931,0.9522683394029476,0.08298267797766529,,,0.9247273733528782,,0.9247578023138749,0.07524219768612506,0.989859209907036,0.1440255061271088,10,0.025,0.15,0.838842715793816,0.8827391443291323,0.9026318042196901,0.9118896143863683,0.9161788514584401,0.9188218011142483,0.9167624756307093,0.9241047528904879,0.9152322821527983,1.0,0.9226443979374637,0.9182011829518435
