round,client_id,client_i_training_loss,client_i_training_accuracy,client_i_training_dataset_size,client_i_evaluation_loss,client_i_evaluation_accuracy,client_i_evaluation_dataset_size,client_i_central_evaluation_loss,client_i_central_evaluation_accuracy,client_i_cosine_similarity,client_i_importance_coefficient,client_i_tanh_val,tanh_normalization_value,client_i_q,client_i_mask_order,client_i_v_nonzero_fraction,client_i_v_sparsity,client_i_v_cosine_similarity,client_i_reward_gradient_norm,local_epochs,learning_rate,gamma,client_0_cosine_similarity,client_1_cosine_similarity,client_2_cosine_similarity,client_3_cosine_similarity,client_4_cosine_similarity,client_5_cosine_similarity,client_6_cosine_similarity,client_7_cosine_similarity,client_8_cosine_similarity,client_9_cosine_similarity,client_10_cosine_similarity,client_11_cosine_similarity
0,0,2.1283445114291597,0.42300949598246895,8214,2.2614899513333344,0.21256391526661797,1369,2.2620752550923404,0.2063,0.9663529064621664,0.08158872367121292,,,0.7,,0.7000125651211567,0.2999874348788433,0,0.09860054263167375,5,0.001,0.1,1.0,0.9823671050683203,0.9675438037680658,0.9618080207017663,0.9580551327683452,0.9419144587048327,0.9411216014302772,0.9344362474718155,0.9266253739009488,0.9226916292559205,0.9167478511293091,0.9076360678048048
0,1,2.1912468758601586,0.3484636446607849,6574,2.260635144369943,0.2062043795620438,1096,2.2620509158308133,0.2065,0.9897506732451438,0.08356418617131413,,,0.9151179672447256,,0.9151371048027759,0.08486289519722412,0,0.09863101736261648,5,0.001,0.1,0.9823671050683203,1.0,0.9886949868580667,0.9828532783102124,0.9783207501332628,0.9782778727087347,0.9748573762108549,0.9689252800456178,0.9639619106326269,0.9618278845011696,0.9549396651589095,0.9480626397167763
0,2,2.2128396995818416,0.2905066574442331,5783,2.263740155004686,0.20020746887966806,964,2.262051171007248,0.2065,0.993265281336999,0.08386092288778843,,,0.9474311087250402,,0.9474536298701927,0.05254637012980734,0,0.09863125185102792,5,0.001,0.1,0.9675438037680658,0.9886949868580667,1.0,0.9838229318832674,0.9836832361927956,0.9814558848198647,0.979967726549222,0.9795593487900258,0.9731169385245736,0.9771119184034073,0.9688345145980459,0.9668020126777701
0,3,2.224964936957302,0.326990731984112,5287,2.2650445699691772,0.188422247446084,881,2.2620511489173474,0.2065,0.9946323637243556,0.08397634501400333,,,0.9599999998911051,,0.9600139182880506,0.039986081711949395,0,0.09863127998041367,5,0.001,0.1,0.9618080207017663,0.9828532783102124,0.9838229318832674,1.0,0.9906164130210889,0.9869514953211898,0.9902865175149594,0.9833824687080736,0.9813859793367197,0.9760107468644186,0.9771933197019731,0.9641732673410902
0,4,2.2288744828008835,0.3301317122593718,4935,2.2593706846237183,0.22871046228710462,822,2.262051192335427,0.2065,0.994254590122761,0.08394444976560633,,,0.9565267671673368,,0.956544011753221,0.04345598824677899,0,0.09863127102316441,5,0.001,0.1,0.9580551327683452,0.9783207501332628,0.9836832361927956,0.9906164130210889,1.0,0.986454488924648,0.9896753732605075,0.9845193328422814,0.9855646027774957,0.9804457450547744,0.972590326200825,0.97088902240036
0,5,2.23522258784673,0.3061924148275123,4667,2.26638427734375,0.1928020565552699,778,2.2620511816713376,0.2065,0.9924079466194198,0.08378853851878768,,,0.9395488136579677,,0.9395762654526827,0.06042373454731731,0,0.09863123014564878,5,0.001,0.1,0.9419144587048327,0.9782778727087347,0.9814558848198647,0.9869514953211898,0.986454488924648,1.0,0.9908854056750556,0.9847709505346831,0.9839579683985719,0.9821462903221637,0.9794862306074298,0.9777510495006176
0,6,2.2368246926580158,0.3125982483718841,4453,2.2633370955785117,0.19811320754716982,742,2.262051183194779,0.2065,0.9927241101038259,0.08381523205382196,,,0.942455605862253,,0.9424759087965514,0.05752409120344859,0,0.09863123642955052,5,0.001,0.1,0.9411216014302772,0.9748573762108549,0.979967726549222,0.9902865175149594,0.9896753732605075,0.9908854056750556,1.0,0.9865570029235381,0.9898164003067111,0.9841467588287911,0.9815265342762097,0.971676459491805
0,7,2.242264541227426,0.24624736965162497,4277,2.259777732517408,0.2131837307152875,713,2.2620509310652275,0.2065,0.9901033776842891,0.08359396484205708,,,0.9183607152681107,,0.9183798726090024,0.08162012739099755,0,0.09863104574385255,5,0.001,0.1,0.9344362474718155,0.9689252800456178,0.9795593487900258,0.9833824687080736,0.9845193328422814,0.9847709505346831,0.9865570029235381,1.0,0.9867905524673622,0.9923327154996958,0.9858217685816217,0.9709028993106043
0,8,2.2462961670068595,0.26999273431823684,4129,2.263921921903437,0.20348837209302326,688,2.2620517681962764,0.2065,0.987304578648041,0.0833576635491726,,,0.8926286885756235,,0.8926503706710741,0.10734962932892589,0,0.09863051684000625,5,0.001,0.1,0.9266253739009488,0.9639619106326269,0.9731169385245736,0.9813859793367197,0.9855646027774957,0.9839579683985719,0.9898164003067111,0.9867905524673622,1.0,0.9863800174682079,0.9813240644074804,0.9725792579181519
0,9,2.247484521260337,0.21519620094976255,4001,2.262451160521734,0.2128935532233883,667,2.2620516790749545,0.2064,0.9863677391252933,0.0832785666266771,,,0.8840154300694897,,0.8840384299397841,0.1159615700602159,0,0.09863036222662305,5,0.001,0.1,0.9226916292559205,0.9618278845011696,0.9771119184034073,0.9760107468644186,0.9804457450547744,0.9821462903221637,0.9841467588287911,0.9923327154996958,0.9863800174682079,1.0,0.9857239751666963,0.9768281613016598
0,10,2.2473716630310308,0.2649524299305734,3889,2.259127662295387,0.21296296296296297,648,2.262051508449518,0.2066,0.9818894566945039,0.08290046733673448,,,0.8428423120452482,,0.8428538289790356,0.1571461710209644,0,0.09862822137811898,5,0.001,0.1,0.9167478511293091,0.9549396651589095,0.9688345145980459,0.9771933197019731,0.972590326200825,0.9794862306074298,0.9815265342762097,0.9858217685816217,0.9813240644074804,0.9857239751666963,1.0,0.9725741710651417
0,11,2.2496554478877733,0.2081772619361646,3791,2.258576679229736,0.20727848101265822,632,2.2620576791489087,0.2063,0.9751438576108942,0.08233093956282389,,,0.7808235913624801,,0.7808401233314969,0.21915987666850312,0,0.09862095507024464,5,0.001,0.1,0.9076360678048048,0.9480626397167763,0.9668020126777701,0.9641732673410902,0.97088902240036,0.9777510495006176,0.971676459491805,0.9709028993106043,0.9725792579181519,0.9768281613016598,0.9725741710651417,1.0
1,0,1.9262543156916994,0.5132943754565377,8214,2.2130466560984767,0.3338203067932798,1369,2.213262246439632,0.3288,0.9762732563298406,0.08171754351519549,,,0.7,,0.7000125651211567,0.2999874348788433,0.962314810190971,0.099266104880994,5,0.001,0.1,1.0,0.9915784421741802,0.9857366190408311,0.9789796768919709,0.9766007338701478,0.9660639275213292,0.9659043641431336,0.960441447419175,0.9562738621375474,0.9548346568253082,0.9505491401808721,0.9478242775362058
1,1,2.039938955168122,0.4479464557347125,6574,2.21025823865618,0.3284671532846715,1096,2.2131831112761087,0.329,0.9908877276838617,0.08340426299176015,,,0.9046819204336826,,0.9046983887648485,0.09530161123515146,0.9625574135402993,0.09931017214389803,5,0.001,0.1,0.9915784421741802,1.0,0.9946136642540733,0.9913213860304616,0.9884156989958287,0.9858712144428814,0.9842438127244635,0.9795793029451857,0.97718290989459,0.9747294641086257,0.9716117114778875,0.9694724361213354
1,2,2.0880147978745773,0.4275289642054297,5783,2.2154487256080873,0.32987551867219916,964,2.2131820044959314,0.329,0.9957301464592889,0.08374324885308529,,,0.9458175556474346,,0.9458443278143455,0.054155672185654535,0.9625524667525195,0.09931228539738687,5,0.001,0.1,0.9857366190408311,0.9946136642540733,1.0,0.9940369204898167,0.9939780308024767,0.9892352957986678,0.9891450155649096,0.9885397258303391,0.985344679867984,0.9848388537067304,0.9807337223363053,0.9800276745994182
1,3,2.1135209771523993,0.44596179307735956,5287,2.2163882766451155,0.3178206583427923,881,2.213182084476605,0.329,0.9971504875706756,0.08386012192550614,,,0.9599999998786508,,0.9600139182880506,0.039986081711949395,0.9625467353421295,0.0993123902333603,5,0.001,0.1,0.9789796768919709,0.9913213860304616,0.9940369204898167,1.0,0.994977999841432,0.9934668871867248,0.9948602105959903,0.9898636909000024,0.9896454333539302,0.9871959578776484,0.9866691490200399,0.9819862502531019
1,4,2.124000004030043,0.44559270516717325,4935,2.2102976670631995,0.3515815085158151,822,2.213182097425857,0.329,0.9973298165447648,0.08384632106734863,,,0.9583252779165463,,0.9583369578875132,0.04166304211248684,0.9625500520145909,0.0993123525368877,5,0.001,0.1,0.9766007338701478,0.9884156989958287,0.9939780308024767,0.994977999841432,1.0,0.9934312841235092,0.9948209549403794,0.9907648215973958,0.9917384158259506,0.9901559785913134,0.984683907541461,0.9855651031095519
1,5,2.139549148735935,0.4264838225841011,4667,2.217901782989502,0.3149100257069409,778,2.2131820760976773,0.329,0.9968191877044681,0.08373398980385865,,,0.9446939781922449,,0.9447182996491431,0.05528170035085689,0.9625519941059891,0.09931228416691328,5,0.001,0.1,0.9660639275213292,0.9858712144428814,0.9892352957986678,0.9934668871867248,0.9934312841235092,1.0,0.9961353251381495,0.9922279859821594,0.9929542304207287,0.99014473357676,0.9892600548369576,0.9901635501217597
1,6,2.14272621018546,0.4257354592409611,4453,2.2139543096224465,0.3328840970350404,742,2.2131820456288493,0.329,0.9971727359720342,0.0837618297046345,,,0.948072325590645,,0.9480915514058438,0.05190844859415622,0.9625522846722003,0.09931228761617915,5,0.001,0.1,0.9659043641431336,0.9842438127244635,0.9891450155649096,0.9948602105959903,0.9948209549403794,0.9961353251381495,1.0,0.9934038298390688,0.9946999957105093,0.9925217579681765,0.989982748655722,0.9873972990261258
1,7,2.154078087699947,0.3879354687865326,4277,2.2100954055786133,0.3015427769985975,713,2.2131827334626415,0.329,0.9956820320883063,0.08357763375865711,,,0.9257203100465202,,0.925735301224616,0.074264698775384,0.96254859103381,0.09931078616765733,5,0.001,0.1,0.960441447419175,0.9795793029451857,0.9885397258303391,0.9898636909000024,0.9907648215973958,0.9922279859821594,0.9934038298390688,1.0,0.994222492324055,0.9957103280119948,0.992550116378719,0.9880794303685296
1,8,2.1634711918464076,0.3979171712279002,4129,2.2146147814663975,0.30959302325581395,688,2.21318422262661,0.329,0.9948014881084183,0.08340393406575385,,,0.9046420055530003,,0.904659726853597,0.09534027314640303,0.9625543061112263,0.09931017210566698,5,0.001,0.1,0.9562738621375474,0.97718290989459,0.985344679867984,0.9896454333539302,0.9917384158259506,0.9929542304207287,0.9946999957105093,0.994222492324055,1.0,0.9948623820506689,0.9896143049658167,0.9882762259227417
1,9,2.1651576831227257,0.3833541614596351,4001,2.2163688114711215,0.32083958020989506,667,2.2131862145262406,0.3289,0.9940063795412102,0.08332960757306151,,,0.8956225512366541,,0.8956418360541654,0.10435816394583464,0.9625418014855713,0.09930941374399392,5,0.001,0.1,0.9548346568253082,0.9747294641086257,0.9848388537067304,0.9871959578776484,0.9901559785913134,0.99014473357676,0.9925217579681765,0.9957103280119948,0.9948623820506689,1.0,0.9914648627129086,0.9889363447174754
1,10,2.165412006417259,0.41799948572897916,3889,2.2098008678072976,0.345679012345679,648,2.213192124717152,0.329,0.991376912119879,0.08301219764284153,,,0.8571051362279245,,0.8571249069697761,0.14287509303022394,0.9624874031583219,0.09930548654878571,5,0.001,0.1,0.9505491401808721,0.9716117114778875,0.9807337223363053,0.9866691490200399,0.984683907541461,0.9892600548369576,0.989982748655722,0.992550116378719,0.9896143049658167,0.9914648627129086,1.0,0.9869740840568304
1,11,2.1718191046674713,0.36934845687153783,3791,2.2077996492385865,0.3575949367088608,632,2.2132072151659394,0.329,0.9897418459668983,0.08260930909829714,,,0.8082149667813545,,0.8082320874532433,0.19176791254675674,0.962403144513768,0.09929812196838905,5,0.001,0.1,0.9478242775362058,0.9694724361213354,0.9800276745994182,0.9819862502531019,0.9855651031095519,0.9901635501217597,0.9873972990261258,0.9880794303685296,0.9882762259227417,0.9889363447174754,0.9869740840568304,1.0
2,0,1.7286231395799363,0.5565619673727782,8214,2.1530680157417477,0.4214755295836377,1369,2.152792514703525,0.4289,0.9852952661724994,0.0820097725187777,,,0.7,,0.7000125651211567,0.2999874348788433,0.983666760987174,0.09949576162389243,5,0.001,0.1,1.0,0.9937972729698155,0.9917309160409281,0.9863973591923987,0.9847113140402716,0.9779083024753503,0.9782974260686574,0.9762138230020223,0.9737722501568687,0.9715948044891056,0.9691247570495708,0.9678612889385264
2,1,1.853820316884124,0.5141162153939762,6574,2.1478848729814803,0.4397810218978102,1096,2.1526108907815367,0.4295,0.9944887852937048,0.08334242646030406,,,0.9009340704018223,,0.900957848851258,0.09904215114874204,0.9841242740335862,0.0995539273600148,5,0.001,0.1,0.9937972729698155,1.0,0.9969091463440403,0.994376090233128,0.9925217413093169,0.9905834798508528,0.9900253373482526,0.9881693801225141,0.9861038862790606,0.9846349370277673,0.982467476277223,0.9814087075872516
2,2,1.921334063940944,0.5053432474494207,5783,2.155425210152903,0.40975103734439833,964,2.152601211596602,0.4296,0.996967913305341,0.08363065980162847,,,0.9443931385763384,,0.9444090043591304,0.055590995640869556,0.9841749586571222,0.09955739385986596,5,0.001,0.1,0.9917309160409281,0.9969091463440403,1.0,0.9957789943231743,0.9960835501263451,0.9921859145039399,0.9926533917729088,0.9921292720604846,0.9906429210815131,0.9897325095633944,0.9864390499159322,0.9862674497370504
2,3,1.9588645384972354,0.5095139020238321,5287,2.156211188861302,0.4029511918274688,881,2.15260014366418,0.4296,0.9979431078401997,0.08373392725772062,,,0.959963535095687,,0.9599800891157054,0.040019910884294574,0.9841820747345148,0.09955784366667839,5,0.001,0.1,0.9863973591923987,0.994376090233128,0.9957789943231743,1.0,0.9967611018284085,0.9955489991643219,0.9963268717891893,0.9933615473021647,0.992756536913975,0.991354945134424,0.9911157959696035,0.9883095008323579
2,4,1.9765574579854166,0.5093009118541033,4935,2.1492837759164662,0.46472019464720193,822,2.152600180226774,0.4296,0.9982128084398962,0.08373416910270703,,,0.9599999998492226,,0.9600139182880506,0.039986081711949395,0.9841803567914131,0.09955784367068365,5,0.001,0.1,0.9847113140402716,0.9925217413093169,0.9960835501263451,0.9967611018284085,1.0,0.9956649938491846,0.9963769411941236,0.9939176798833141,0.9951529035528799,0.9932742780799222,0.9902978384262932,0.9905271509166533
2,5,2.004130892720941,0.481851296335976,4667,2.1576064586639405,0.4254498714652956,778,2.1526009548967258,0.4296,0.997729307442396,0.0836495785538009,,,0.9472456584710197,,0.9472651530528412,0.0527348469471588,0.9841729747707402,0.09955759642179568,5,0.001,0.1,0.9779083024753503,0.9905834798508528,0.9921859145039399,0.9955489991643219,0.9956649938491846,1.0,0.9974767922725779,0.9948441215487922,0.9953702685837487,0.9934315622725849,0.9929271630320674,0.9935013792557822
2,6,2.009713485070637,0.47567931731417024,4453,2.152349670728048,0.42857142857142855,742,2.1526002472581953,0.4296,0.9980741536598412,0.08367781437363729,,,0.9515029814219136,,0.9515227960294217,0.04847720397057831,0.9841760086915726,0.09955778586482779,5,0.001,0.1,0.9782974260686574,0.9900253373482526,0.9926533917729088,0.9963268717891893,0.9963769411941236,0.9974767922725779,1.0,0.9958039269809414,0.9961961572315345,0.9947233833419661,0.9939717543558723,0.9916912756971452
2,7,2.028600736874253,0.4722936637830255,4277,2.148588698843251,0.4123422159887798,713,2.152607066943623,0.4296,0.9972900607982729,0.08353938858690459,,,0.9306315039062132,,0.9306550294313799,0.0693449705686201,0.9841301152396857,0.0995556776207997,5,0.001,0.1,0.9762138230020223,0.9881693801225141,0.9921292720604846,0.9933615473021647,0.9939176798833141,0.9948441215487922,0.9958039269809414,1.0,0.9960622269344303,0.9968680746837848,0.9949973838989763,0.9918332726700715
2,8,2.044361362457275,0.45337854201985955,4129,2.1536718606948853,0.4055232558139535,688,2.1526107727148283,0.4293,0.9968564594527952,0.08341873274091834,,,0.9124393315077097,,0.9124597674486038,0.0875402325513962,0.9841254919291534,0.09955473065839139,5,0.001,0.1,0.9737722501568687,0.9861038862790606,0.9906429210815131,0.992756536913975,0.9951529035528799,0.9953702685837487,0.9961961572315345,0.9960622269344303,1.0,0.9967723124721451,0.9935244866333037,0.9926293933496874
2,9,2.0474821454002745,0.4646838290427393,4001,2.159443287622361,0.42278860569715143,667,2.1526142712980034,0.4289,0.9960068060107825,0.08334564385953207,,,0.9014191814294095,,0.9014362900029963,0.0985637099970037,0.9841286076119613,0.09955392870766092,5,0.001,0.1,0.9715948044891056,0.9846349370277673,0.9897325095633944,0.991354945134424,0.9932742780799222,0.9934315622725849,0.9947233833419661,0.9968680746837848,0.9967723124721451,1.0,0.9940692729716348,0.9923777535458123
2,10,2.0472843766212465,0.5114425302134225,3889,2.1483875683375766,0.46141975308641975,648,2.152633776679968,0.4287,0.9944245988047207,0.08309964006649526,,,0.8643273739249357,,0.8643401861571027,0.13565981384289727,0.9840956646884894,0.0995472776951759,5,0.001,0.1,0.9691247570495708,0.982467476277223,0.9864390499159322,0.9911157959696035,0.9902978384262932,0.9929271630320674,0.9939717543558723,0.9949973838989763,0.9935244866333037,0.9940692729716348,1.0,0.9910115366315214
2,11,2.0604632666131026,0.4692165655499868,3791,2.145027995109558,0.47468354430379744,632,2.1526635736703112,0.4286,0.9933712954595246,0.08281824667757366,,,0.8218996158563865,,0.8219280695141165,0.17807193048588355,0.9840449282110787,0.09953940253149156,5,0.001,0.1,0.9678612889385264,0.9814087075872516,0.9862674497370504,0.9883095008323579,0.9905271509166533,0.9935013792557822,0.9916912756971452,0.9918332726700715,0.9926293933496874,0.9923777535458123,0.9910115366315214,1.0
3,0,1.5644547562190996,0.593791088385683,8214,2.0802291548529337,0.49159970781592405,1369,2.079311437881031,0.5027,0.9877875837899872,0.08223729081127103,,,0.7,,0.7000125651211567,0.2999874348788433,0.99346311787362,0.09959736729949724,5,0.001,0.1,1.0,0.9944056209150882,0.9928504241631189,0.988427703558341,0.9873016574765426,0.9814412673124954,0.9820380143810576,0.980965726884707,0.9793864022770611,0.9771713123959187,0.9751606044063724,0.9739858688010967
3,1,1.6809629626065783,0.5672649832674171,6574,2.072101381846837,0.5182481751824818,1096,2.078976610598092,0.5033,0.9958305416907561,0.08331495892910325,,,0.8983029126478862,,0.8983143406694309,0.10168565933056906,0.9938845190960964,0.09965380525510834,5,0.001,0.1,0.9944056209150882,1.0,0.9970951614773503,0.9953562848684759,0.9941970154279322,0.9925749978947892,0.9922955484808206,0.9914816476179173,0.9898882428049546,0.9882934421293245,0.9870778786707927,0.986471388702904
3,2,1.750989542481649,0.564827943973716,5783,2.0824897981459096,0.48443983402489627,964,2.0789585555323398,0.5033,0.9975194610097812,0.08354640645103925,,,0.9408918293705676,,0.9409149341297687,0.059085065870231324,0.9938737406595968,0.09965763792682662,5,0.001,0.1,0.9928504241631189,0.9970951614773503,1.0,0.996356221145554,0.9970316350436701,0.9936864983115702,0.9940394506256054,0.9937506166150821,0.9930970904510005,0.9918085803474563,0.9895185717057122,0.9900558244656477
3,3,1.7923219721001316,0.5543030073765841,5287,2.082993141242436,0.47105561861521,881,2.078954835288441,0.5033,0.998349467615398,0.08363659348426625,,,0.9574872459705874,,0.9575057267956042,0.042494273204395805,0.9938889948604471,0.09965824333289164,5,0.001,0.1,0.988427703558341,0.9953562848684759,0.996356221145554,1.0,0.9969904857540594,0.9964271608186819,0.9968175609143498,0.9949067450465104,0.9950079570666882,0.9936105795151211,0.9933902853763553,0.9918457670319293
3,4,1.810786934975655,0.5563931104356636,4935,2.075406679740319,0.5437956204379562,822,2.0789550950351994,0.5033,0.9987676296814726,0.08365024893022512,,,0.9599999998159889,,0.9600139182880506,0.039986081711949395,0.9938890614411159,0.09965844901557765,5,0.001,0.1,0.9873016574765426,0.9941970154279322,0.9970316350436701,0.9969904857540594,1.0,0.9965503829282146,0.9970246618743266,0.9956749195761542,0.9966950048801237,0.9954808864463963,0.9932649815534375,0.9939129643547073
3,5,1.8473600072403478,0.5193914720377116,4667,2.0842107582092284,0.47429305912596403,778,2.0789572484196186,0.5033,0.9981888451074782,0.08357963894705203,,,0.9470069780372553,,0.9470331815853317,0.052966818414668326,0.9938807479391207,0.09965794269598663,5,0.001,0.1,0.9814412673124954,0.9925749978947892,0.9936864983115702,0.9964271608186819,0.9965503829282146,1.0,0.9977127225839169,0.9960003507503734,0.996504141065152,0.9956163389761019,0.9947877366688815,0.9958392293286155
3,6,1.853506530863898,0.5211767347855378,4453,2.07737868030866,0.5094339622641509,742,2.0789565194529085,0.5033,0.9983727008081987,0.08360290647497005,,,0.9512884618075474,,0.9513053227786316,0.04869467722136844,0.9938789400389214,0.09965794466070282,5,0.001,0.1,0.9820380143810576,0.9922955484808206,0.9940394506256054,0.9968175609143498,0.9970246618743266,0.9977127225839169,1.0,0.9965932429813421,0.9969843221265186,0.9961486081791666,0.995219937900803,0.9944594598793927
3,7,1.8781356519727566,0.54070610240823,4277,2.0738172220147173,0.4838709677419355,713,2.0789698541354826,0.5034,0.997881131323656,0.08350207398845949,,,0.9327341634723652,,0.9327524381167783,0.06724756188322167,0.9938798060206777,0.09965633703084091,5,0.001,0.1,0.980965726884707,0.9914816476179173,0.9937506166150821,0.9949067450465104,0.9956749195761542,0.9960003507503734,0.9965932429813421,1.0,0.9966909494528184,0.9973436444076956,0.9958912394091631,0.9941678686120473
3,8,1.9001308507185717,0.516541535480746,4129,2.0797347805716773,0.4898255813953488,688,2.078975173231131,0.5034,0.9977644641274671,0.08342425691743198,,,0.9184149574170503,,0.9184378654758798,0.0815621345241202,0.9938743709858264,0.09965544085479677,5,0.001,0.1,0.9793864022770611,0.9898882428049546,0.9930970904510005,0.9950079570666882,0.9966950048801237,0.996504141065152,0.9969843221265186,0.9966909494528184,1.0,0.9975841111682001,0.9955649118514659,0.9946438720119928
3,9,1.9023414522882491,0.5389652586853286,4001,2.0901564075833274,0.5037481259370314,667,2.07897967728563,0.5036,0.9970764048375753,0.0833571760353308,,,0.9060713294637506,,0.9060902175699056,0.0939097824300944,0.9938823579046054,0.09965446736606329,5,0.001,0.1,0.9771713123959187,0.9882934421293245,0.9918085803474563,0.9936105795151211,0.9954808864463963,0.9956163389761019,0.9961486081791666,0.9973436444076956,0.9975841111682001,1.0,0.9959751352910767,0.9947772788132762
3,10,1.9025902007446915,0.5637953201337105,3889,2.073588325863793,0.5370370370370371,648,2.0790170297835964,0.5033,0.9959021947633301,0.08316827111378328,,,0.8713107241006194,,0.8713234938769198,0.12867650612308024,0.9938317898741605,0.099649504520377,5,0.001,0.1,0.9751606044063724,0.9870778786707927,0.9895185717057122,0.9933902853763553,0.9932649815534375,0.9947877366688815,0.995219937900803,0.9958912394091631,0.9955649118514659,0.9959751352910767,1.0,0.9939235262086986
3,11,1.9208136207917157,0.5355315220258507,3791,2.068532180786133,0.5490506329113924,632,2.0790693318120206,0.5026,0.9954255170911414,0.08298017791706745,,,0.8366994851293585,,0.8367162505678468,0.16328374943215318,0.9937237318224048,0.09964414310320648,5,0.001,0.1,0.9739858688010967,0.986471388702904,0.9900558244656477,0.9918457670319293,0.9939129643547073,0.9958392293286155,0.9944594598793927,0.9941678686120473,0.9946438720119928,0.9947772788132762,0.9939235262086986,1.0
4,0,1.432142196415927,0.6144144144144145,8214,1.9939838620119317,0.5325054784514244,1369,1.9922958342031167,0.5505,0.9885211617330124,0.08239011797011732,,,0.7,,0.7000125651211567,0.2999874348788433,0.9965646586704178,0.09963407916653703,5,0.001,0.1,1.0,0.9945454698966963,0.9929920318927946,0.9895053404157889,0.9880124959565768,0.982692833095561,0.9834176302042413,0.9824176887081351,0.9806439937389064,0.9786214207511493,0.9771968479815024,0.9757086016628042
4,1,1.5336396455186085,0.6025859446303621,6574,1.9823306015559605,0.5748175182481752,1096,1.991790085935745,0.5515,0.9960243800526911,0.08329374755858658,,,0.8954696195547418,,0.895487188409159,0.10451281159084103,0.9966772907055002,0.0996861527516575,5,0.001,0.1,0.9945454698966963,1.0,0.9972285094014276,0.9957115196708702,0.994511043734014,0.9928186381827406,0.992634380773283,0.9921651837646259,0.9909040553593461,0.9893906763744246,0.988081249916099,0.9873728559181346
4,2,1.5984887177772944,0.5991699809787308,5783,1.9961053402193132,0.5300829875518672,964,1.9917543463813612,0.5515,0.9976609288176794,0.0834886281718557,,,0.9376254318703168,,0.9376576681068228,0.06234233189317717,0.9967378404760977,0.09969033314950584,5,0.001,0.1,0.9929920318927946,0.9972285094014276,1.0,0.9966479971771718,0.9970434823182939,0.9941805658868622,0.9946031044827573,0.9943291205058978,0.9937017947154502,0.9925803487294436,0.9906020734184234,0.9909929399832256
4,3,1.6382924619927464,0.5896727822961982,5287,1.9962017961910792,0.5346197502837684,881,1.9917491967685688,0.5515,0.9985907121860391,0.08357399952144645,,,0.956092628427754,,0.9561090652516407,0.043890934748359256,0.9967316253661426,0.09969092065467601,5,0.001,0.1,0.9895053404157889,0.9957115196708702,0.9966479971771718,1.0,0.9972273081299647,0.996671243770736,0.9969828213727985,0.9958667331188756,0.9956328864460339,0.9946691150000802,0.9939011604135405,0.9931530910954959
4,4,1.6540357620485366,0.5965146909827761,4935,1.988152251793788,0.5766423357664233,822,1.991748693271186,0.5515,0.9988905476793113,0.08359206277024388,,,0.9599999997836839,,0.9600139182880506,0.039986081711949395,0.9967335542083909,0.09969104725116218,5,0.001,0.1,0.9880124959565768,0.994511043734014,0.9970434823182939,0.9972273081299647,1.0,0.9968630148206837,0.9972673796093137,0.9963540469496701,0.9969431573794478,0.9962058318522659,0.9943563122496898,0.9947540403543825
4,5,1.6938346111611144,0.5586029569316477,4667,1.9975813579559327,0.5308483290488432,778,1.9917528922565448,0.5515,0.9983758456971189,0.08353211047340103,,,0.9470313533329238,,0.9470525125409575,0.05294748745904254,0.9967315720797245,0.09969066951291893,5,0.001,0.1,0.982692833095561,0.9928186381827406,0.9941805658868622,0.996671243770736,0.9968630148206837,1.0,0.9975781237699295,0.9968684721344114,0.9969835838376221,0.9963015343726358,0.9957838531617089,0.9965890414525496
4,6,1.6969395399093627,0.5652369189310578,4453,1.988871951897939,0.5592991913746631,742,1.9917521019713185,0.5515,0.9984683494536736,0.08354937592063116,,,0.9507661473730715,,0.9507833869767351,0.049216613023264855,0.9967315619427066,0.09969067120270048,5,0.001,0.1,0.9834176302042413,0.992634380773283,0.9946031044827573,0.9969828213727985,0.9972673796093137,0.9975781237699295,1.0,0.9972043993547441,0.9970510759221752,0.9965895233062277,0.9958867727586564,0.9952209449982805
4,7,1.7234497769555048,0.5885433715220949,4277,1.9854093582733818,0.5455820476858345,713,1.9917709381816486,0.5515,0.9981923263221771,0.08347858647118102,,,0.9354532504415427,,0.935468437382202,0.06453156261779802,0.9967380090930181,0.09968927815480169,5,0.001,0.1,0.9824176887081351,0.9921651837646259,0.9943291205058978,0.9958667331188756,0.9963540469496701,0.9968684721344114,0.9972043993547441,1.0,0.9969638031874228,0.9975276627141416,0.996213754870383,0.9952241870862214
4,8,1.7497880051686214,0.5594574957616857,4129,1.9922284375537525,0.5334302325581395,688,1.991779371953239,0.5515,0.9980381682328502,0.08342585603867281,,,0.9240468094475098,,0.9240680063018916,0.07593199369810844,0.9967123594654698,0.09968889131251928,5,0.001,0.1,0.9806439937389064,0.9909040553593461,0.9937017947154502,0.9956328864460339,0.9969431573794478,0.9969835838376221,0.9970510759221752,0.9969638031874228,1.0,0.9978660526678125,0.9966316451042001,0.9959522330834064
4,9,1.755176031589508,0.5878530367408148,4001,2.0076399644215903,0.5337331334332833,667,1.9917879222680965,0.5514,0.9974595205850398,0.08336600409624235,,,0.9110998712708711,,0.9111259315104242,0.0888740684895758,0.9966922314723695,0.09968790563556253,5,0.001,0.1,0.9786214207511493,0.9893906763744246,0.9925803487294436,0.9946691150000802,0.9962058318522659,0.9963015343726358,0.9965895233062277,0.9975276627141416,0.9978660526678125,1.0,0.9967975290114994,0.9957882127146049
4,10,1.7504031322041496,0.5907431216250965,3889,1.984841267267863,0.5833333333333334,648,1.9918375830299937,0.5514,0.9964907263853868,0.08321879563883103,,,0.8792563133212288,,0.879278182116933,0.12072181788306702,0.996661918434673,0.09968481906098109,5,0.001,0.1,0.9771968479815024,0.988081249916099,0.9906020734184234,0.9939011604135405,0.9943563122496898,0.9957838531617089,0.9958867727586564,0.996213754870383,0.9966316451042001,0.9967975290114994,1.0,0.9953059547781489
4,11,1.7712215259295552,0.5863888156159325,3791,1.9779512524604796,0.6028481012658228,632,1.9919145956587867,0.5514,0.9960987718726719,0.08309071536879074,,,0.85155049007605,,0.8515624244884545,0.14843757551154546,0.9966915500088762,0.0996804854374899,5,0.001,0.1,0.9757086016628042,0.9873728559181346,0.9909929399832256,0.9931530910954959,0.9947540403543825,0.9965890414525496,0.9952209449982805,0.9952241870862214,0.9959522330834064,0.9957882127146049,0.9953059547781489,1.0
5,0,1.3234746618957371,0.6354029705381057,8214,1.8953295557997947,0.581446311176041,1369,1.8927514796820692,0.5982,0.9888427441853862,0.08249403902857165,,,0.7,,0.7000125651211567,0.2999874348788433,0.9976232155135385,0.0996381795488898,5,0.001,0.1,1.0,0.9947317917774143,0.9930275157486183,0.9895809948754308,0.9885758262483253,0.9830522572372842,0.9838266582715735,0.9827215583749146,0.9807596230637868,0.9796590364615013,0.9779556938801172,0.9757715102821766
5,1,1.4109104590508543,0.6335260115606937,6574,1.8796635968344553,0.614963503649635,1096,1.8920536258350165,0.5988,0.9961401884330776,0.0832842235239236,,,0.8937539038310417,,0.8937715660973701,0.10622843390262993,0.9976869516443856,0.09968763232767311,5,0.001,0.1,0.9947317917774143,1.0,0.9971660163882232,0.9957208359065144,0.9946538874133815,0.9929135935991373,0.9926610332582986,0.9922888625267587,0.9906632705561308,0.989511430423458,0.9889175579600187,0.9876037713100008
5,2,1.4687659311689725,0.6269756181912503,5783,1.8972012342945221,0.5798755186721992,964,1.892005405486963,0.599,0.9977422317615723,0.08345555031657044,,,0.9357633776962441,,0.9357728999333083,0.06422710006669174,0.9976922025814616,0.09969025168327246,5,0.001,0.1,0.9930275157486183,0.9971660163882232,1.0,0.9965035906599922,0.9969841053908561,0.9943237447358593,0.9949365218395562,0.9945409470966455,0.9935835810163726,0.9927105502561798,0.9911314576015201,0.991049272557458
5,3,1.5046449447970793,0.6179686022318895,5287,1.8968352377414703,0.5720771850170261,881,1.8919948065242829,0.599,0.9984941443533112,0.08353222168620575,,,0.9545632621109557,,0.9545819197572032,0.04541808024279681,0.9977065539373741,0.09969147929849084,5,0.001,0.1,0.9895809948754308,0.9957208359065144,0.9965035906599922,1.0,0.996993105646018,0.9965509711518037,0.9967284819364564,0.9959969232483634,0.9949110468739129,0.9944673973393164,0.994239361587916,0.9932123442247014
5,4,1.5167653916728112,0.6283282674772036,4935,1.8883876662987928,0.6180048661800487,822,1.8919935165502775,0.5989,0.9988374703822971,0.08355439427579758,,,0.9599999997547991,,0.9600139182880506,0.039986081711949395,0.9977065574172137,0.09969158381438234,5,0.001,0.1,0.9885758262483253,0.9946538874133815,0.9969841053908561,0.996993105646018,1.0,0.9967547751531217,0.9969204081761476,0.9960321590265856,0.9964234365743059,0.9962763660518235,0.9947182004087888,0.9946680305376461
5,5,1.5559588064886118,0.5977287336618813,4667,1.898600821495056,0.5886889460154242,778,1.8919986775888802,0.5989,0.9983037107077549,0.083500366613173,,,0.9467523713718656,,0.9467722136843835,0.05322778631561653,0.9977055655836563,0.09969136019779282,5,0.001,0.1,0.9830522572372842,0.9929135935991373,0.9943237447358593,0.9965509711518037,0.9967547751531217,1.0,0.9973464675458019,0.9967896137910582,0.9963226788766032,0.9960399103163741,0.9959159238652227,0.9965551308656148
5,6,1.5554701382773264,0.6074556478778351,4453,1.8876945426066716,0.6091644204851752,742,1.8919979303408736,0.5989,0.9984098273078469,0.08351438855703787,,,0.9501905638181842,,0.9502131237857744,0.04978687621422562,0.9977055673661009,0.09969136145857235,5,0.001,0.1,0.9838266582715735,0.9926610332582986,0.9949365218395562,0.9967284819364564,0.9969204081761476,0.9973464675458019,1.0,0.9970998884892603,0.9961248194112444,0.9962463054497482,0.9962879789573691,0.9956594071502808
5,7,1.5812326744421203,0.6200607902735562,4277,1.884425313576408,0.603085553997195,713,1.8920246374111969,0.599,0.9981357787196685,0.08346209862506544,,,0.9373690284548452,,0.9373773692502488,0.06262263074975116,0.9976952078947943,0.09969025269018239,5,0.001,0.1,0.9827215583749146,0.9922888625267587,0.9945409470966455,0.9959969232483634,0.9960321590265856,0.9967896137910582,0.9970998884892603,1.0,0.9965314433778638,0.9968803566727238,0.9961906473962308,0.995482486522106
5,8,1.6108069346501277,0.5978687333494793,4129,1.892217836596749,0.5872093023255814,688,1.8920352569403358,0.5989,0.9975691736229659,0.08341144177033522,,,0.924947925006831,,0.9249668957384908,0.07503310426150922,0.9977026536292963,0.09968986489634289,5,0.001,0.1,0.9807596230637868,0.9906632705561308,0.9935835810163726,0.9949110468739129,0.9964234365743059,0.9963226788766032,0.9961248194112444,0.9965314433778638,1.0,0.9970887869337963,0.9955909770571078,0.9957633898920072
5,9,1.6134191108128382,0.6122469382654336,4001,1.912834678377424,0.5787106446776612,667,1.8920486776973493,0.5989,0.9974312461968319,0.08337025976928678,,,0.9148500636622404,,0.9148761369018278,0.08512386309817221,0.9976912864597967,0.09968906750930334,5,0.001,0.1,0.9796590364615013,0.989511430423458,0.9927105502561798,0.9944673973393164,0.9962763660518235,0.9960399103163741,0.9962463054497482,0.9968803566727238,0.9970887869337963,1.0,0.9970774377978546,0.9961508213889934
5,10,1.6065240656743285,0.6171766520956544,3889,1.8834521543411982,0.6342592592592593,648,1.892109877766131,0.5986,0.9967533193629299,0.08325803232578641,,,0.8873317999870101,,0.8873488560907008,0.1126511439092992,0.9976909501539053,0.0996870951476998,5,0.001,0.1,0.9779556938801172,0.9889175579600187,0.9911314576015201,0.994239361587916,0.9947182004087888,0.9959159238652227,0.9962879789573691,0.9961906473962308,0.9955909770571078,0.9970774377978546,1.0,0.9959696761067571
5,11,1.6279291968385712,0.6201002374043788,3791,1.8744469821453094,0.6392405063291139,632,1.8922124107043965,0.5987,0.9962438571101494,0.08316298350824634,,,0.8640257498667667,,0.864040556344903,0.13595944365509705,0.9976957467106868,0.09968401494109998,5,0.001,0.1,0.9757715102821766,0.9876037713100008,0.991049272557458,0.9932123442247014,0.9946680305376461,0.9965551308656148,0.9956594071502808,0.995482486522106,0.9957633898920072,0.9961508213889934,0.9959696761067571,1.0
6,0,1.233543054046334,0.6535670805941076,8214,1.786273013713748,0.6165084002921841,1369,1.7826704590465314,0.6297,0.9891692149480587,0.08257062169183087,,,0.96,,0.9600139182880506,0.039986081711949395,0.9976369378788172,0.09968432660672777,5,0.001,0.1,1.0,0.9943718202959457,0.9930845473350194,0.990088850842413,0.9886954108439766,0.9835188196560226,0.9843276162947434,0.983006359165502,0.9816263986992718,0.9798263000247998,0.9785333810744112,0.9756224383847786
6,1,1.3072587845973598,0.6590203833282628,6574,1.766184653554644,0.6441605839416058,1096,1.7819048779460187,0.63,0.9960429353253076,0.08327752655574104,,,0.96,,0.9600139182880506,0.039986081711949395,0.9981081681249857,0.09968432660672777,5,0.001,0.1,0.9943718202959457,1.0,0.996981817112205,0.9956170588581791,0.9944712468903664,0.9926937972819977,0.9924115743079477,0.9920659920324426,0.9910946467600035,0.9892162601653768,0.9888869043637432,0.9869973239737051
6,2,1.3588426383160754,0.6472419159605741,5783,1.7879365874874977,0.6141078838174274,964,1.7818540730796302,0.6299,0.9976570266973812,0.08343479327344529,,,0.96,,0.9600139182880506,0.039986081711949395,0.9981302319126568,0.09968432660672777,5,0.001,0.1,0.9930845473350194,0.996981817112205,1.0,0.9963379153287945,0.9967782771982999,0.994226371724688,0.994619649501767,0.9940672176522529,0.9936607452749942,0.9924777896012741,0.9911533145604798,0.990696588784103
6,3,1.3916774141501231,0.6383960658218272,5287,1.787028091294425,0.6140749148694665,881,1.7818448836811054,0.6299,0.9982213978445437,0.08350007083036348,,,0.96,,0.9600139182880506,0.039986081711949395,0.9981412222014009,0.09968432660672777,5,0.001,0.1,0.990088850842413,0.9956170588581791,0.9963379153287945,1.0,0.9965385013145975,0.9960636421034048,0.9961108773842894,0.9953613349385749,0.9949344309277866,0.9938470052589069,0.9935879721876288,0.9923088015954722
6,4,1.3981158518022108,0.6467274569402229,4935,1.778282853273245,0.648418491484185,822,1.7818437468129606,0.6299,0.998709591106458,0.08352944460823311,,,0.96,,0.9600139182880506,0.039986081711949395,0.9981421040039272,0.09968432660672777,5,0.001,0.1,0.9886954108439766,0.9944712468903664,0.9967782771982999,0.9965385013145975,1.0,0.9966123970764227,0.9968508780044226,0.9954971354403458,0.9966840450505393,0.9954064107149361,0.9947408325520626,0.9943447753942539
6,5,1.4363214511577398,0.6285408185129634,4667,1.7893508100509643,0.6053984575835476,778,1.781848293523819,0.6299,0.9981989293191506,0.08347979714518115,,,0.96,,0.9600139182880506,0.039986081711949395,0.9981394216663337,0.09968432660672777,5,0.001,0.1,0.9835188196560226,0.9926937972819977,0.994226371724688,0.9960636421034048,0.9966123970764227,1.0,0.9969191853674587,0.9963636289126367,0.9965988358241087,0.9956950439041219,0.9955866184112072,0.9961898467050511
6,6,1.4320679197141102,0.6348079946103751,4453,1.776036376754443,0.6536388140161725,742,1.781847735182546,0.6299,0.9982806220852438,0.08349104025301685,,,0.96,,0.9600139182880506,0.039986081711949395,0.9981394387356628,0.09968432660672777,5,0.001,0.1,0.9843276162947434,0.9924115743079477,0.994619649501767,0.9961108773842894,0.9968508780044226,0.9969191853674587,1.0,0.9969826525218993,0.9965536567671918,0.9956266636606891,0.9959744435865927,0.995071530180186
6,7,1.4553328965137253,0.6454991816693945,4277,1.773105517677639,0.638148667601683,713,1.781873269202991,0.63,0.9979173323524518,0.08344721891969574,,,0.96,,0.9600139182880506,0.039986081711949395,0.9981302392101775,0.09968432660672777,5,0.001,0.1,0.983006359165502,0.9920659920324426,0.9940672176522529,0.9953613349385749,0.9954971354403458,0.9963636289126367,0.9969826525218993,1.0,0.9965690960701783,0.9964730382158457,0.9958360349193637,0.994875281878753
6,8,1.4821709191799164,0.6247517558730927,4129,1.781873648816889,0.6090116279069767,688,1.781884230363864,0.6301,0.9979516444455789,0.08341724131614793,,,0.96,,0.9600139182880506,0.039986081711949395,0.9981266044612194,0.09968432660672777,5,0.001,0.1,0.9816263986992718,0.9910946467600035,0.9936607452749942,0.9949344309277866,0.9966840450505393,0.9965988358241087,0.9965536567671918,0.9965690960701783,1.0,0.9973024582481784,0.9965039263771526,0.9959689917133894
6,9,1.488571678456806,0.6360909772556861,4001,1.8077116920834495,0.5997001499250375,667,1.7818995904617798,0.6301,0.9971992913359995,0.0833676706001929,,,0.96,,0.9600139182880506,0.039986081711949395,0.9981209042784562,0.09968432660672777,5,0.001,0.1,0.9798263000247998,0.9892162601653768,0.9924777896012741,0.9938470052589069,0.9954064107149361,0.9956950439041219,0.9956266636606891,0.9964730382158457,0.9973024582481784,1.0,0.9966540116163434,0.9959664082244476
