round,client_id,client_i_training_loss,client_i_training_accuracy,client_i_training_dataset_size,client_i_evaluation_loss,client_i_evaluation_accuracy,client_i_evaluation_dataset_size,client_i_central_evaluation_loss,client_i_central_evaluation_accuracy,client_i_cosine_similarity,client_i_importance_coefficient,client_i_tanh_val,tanh_normalization_value,client_i_q,client_i_mask_order,client_i_v_nonzero_fraction,client_i_v_sparsity,client_i_v_cosine_similarity,client_i_reward_gradient_norm,local_epochs,learning_rate,gamma,client_0_cosine_similarity,client_1_cosine_similarity,client_2_cosine_similarity,client_3_cosine_similarity,client_4_cosine_similarity,client_5_cosine_similarity,client_6_cosine_similarity,client_7_cosine_similarity,client_8_cosine_similarity,client_9_cosine_similarity,client_10_cosine_similarity,client_11_cosine_similarity
0,0,0.28056208786014686,0.9108838568298028,8214,2.192553071088569,0.47552958363769177,1369,2.1922072434958557,0.4719,0.7999179031155957,0.08741203269934969,,,0.9999999999855151,,1.0,0.0,0,0.38395284272128827,5,0.1,0.5,1.0,0.5512165285596273,0.5780796397682691,0.5832074049483258,0.5884418755994532,0.5707952501525093,0.5643243899397833,0.5636801956525973,0.35350554342393603,0.5602653004439521,0.5671561257944261,0.5784665491107523
0,1,0.3131848344479877,0.9014298752662002,6574,2.1892649786812917,0.47536496350364965,1096,2.1922099331316476,0.472,0.7837104633806452,0.08564094438320345,,,0.9743460435812423,,0.974353697103559,0.025646302896440987,0,0.38395252430469334,5,0.1,0.5,0.5512165285596273,1.0,0.5839330833108267,0.5702117064276028,0.5719706298826166,0.5771094304396059,0.5700444273655358,0.5713423263560635,0.3378468319459073,0.5745415078581302,0.5712874819084419,0.5808826163276835
0,2,0.3274185688692809,0.8969738889849559,5783,2.188262170360934,0.4896265560165975,964,2.192208080626905,0.4719,0.7908241442253297,0.08641830078463711,,,0.9856059378796556,,0.9856282315144822,0.0143717684855178,0,0.38395277196375405,5,0.1,0.5,0.5780796397682691,0.5839330833108267,1.0,0.5949525525301846,0.5856648534913711,0.5821421912023474,0.5667274374414556,0.5919743548935152,0.35612135420734325,0.5712785643203386,0.5829895466089656,0.5895761957993354
0,3,0.31131120188363703,0.9012672593153017,5287,2.1888155852045332,0.48127128263337116,881,2.1922072259762797,0.4719,0.7976242445935635,0.08716139028598686,,,0.9963694811193172,,0.9963807037799307,0.00361929622006929,0,0.3839528417910299,5,0.1,0.5,0.5832074049483258,0.5702117064276028,0.5949525525301846,1.0,0.5949857875016742,0.6020195360089868,0.5968833036901099,0.5946090239112389,0.34293374004445376,0.600449039083551,0.6173840326584048,0.6111958273876968
0,4,0.3616660621125371,0.8872948328267477,4935,2.1950943103203406,0.44038929440389296,822,2.1922080745331396,0.4719,0.790972738572324,0.08643453861837955,,,0.9858411405373271,,0.9858541237889664,0.014145876211033581,0,0.38395277357272395,5,0.1,0.5,0.5884418755994532,0.5719706298826166,0.5856648534913711,0.5949857875016742,1.0,0.5957704740209879,0.5883343438771417,0.5885855400519492,0.3588261935138701,0.5917079520021853,0.5973941651770052,0.6046914861497831
0,5,0.3458079005119531,0.8911077780158561,4667,2.1900488567352294,0.4820051413881748,778,2.1922097442249138,0.472,0.7830551655339076,0.08556933588865202,,,0.9733088049632408,,0.9733196124692536,0.02668038753074642,0,0.38395249091998235,5,0.1,0.5,0.5707952501525093,0.5771094304396059,0.5821421912023474,0.6020195360089868,0.5957704740209879,1.0,0.577470306584302,0.579921817350017,0.36299823464078335,0.5775614021207723,0.5882128452202346,0.6042694385659527
0,6,0.3847980545604202,0.8833595328991691,4453,2.1916056275367737,0.48247978436657685,742,2.192211087138508,0.472,0.7753800961985193,0.08473063305539667,,,0.961160316531399,,0.9611766477586466,0.03882335224135336,0,0.38395187171540296,5,0.1,0.5,0.5643243899397833,0.5700444273655358,0.5667274374414556,0.5968833036901099,0.5883343438771417,0.577470306584302,1.0,0.5802092178162193,0.3534025717905131,0.5835613677865096,0.5932597360556993,0.6000881537768219
0,7,0.3678862082341047,0.8862754267009586,4277,2.1978284587030825,0.46563814866760167,713,2.192209396118554,0.472,0.7772851450812622,0.08493880966275047,,,0.9641757243802094,,0.9641885447517695,0.035811455248230484,0,0.3839520761754469,5,0.1,0.5,0.5636801956525973,0.5713423263560635,0.5919743548935152,0.5946090239112389,0.5885855400519492,0.579921817350017,0.5802092178162193,1.0,0.35316626026588277,0.5912415439505675,0.595425776185515,0.5931190053259745
0,8,0.5669950056070229,0.8528457253572294,4129,2.1974078200080176,0.4433139534883721,688,2.1933409558317534,0.4658,0.5156207067861366,0.05634509979899564,,,0.55,,0.5500125495708047,0.4499874504291953,0,0.38121244438748514,5,0.1,0.5,0.35350554342393603,0.3378468319459073,0.35612135420734325,0.34293374004445376,0.3588261935138701,0.36299823464078335,0.3534025717905131,0.35316626026588277,1.0,0.3497729578935089,0.34670661917542356,0.35181931293150676
0,9,0.3933638564780325,0.8747313171707073,4001,2.193550291515532,0.4707646176911544,667,2.1922120636644453,0.472,0.7726302092510459,0.08443013570831162,,,0.9568076562086808,,0.9568244566035842,0.04317554339641583,0,0.38395151375339276,5,0.1,0.5,0.5602653004439521,0.5745415078581302,0.5712785643203386,0.600449039083551,0.5917079520021853,0.5775614021207723,0.5835613677865096,0.5912415439505675,0.3497729578935089,1.0,0.593687464310566,0.5919640375893871
0,10,0.4018657649821434,0.8740550269992285,3889,2.19562037785848,0.4506172839506173,648,2.1922092277782794,0.472,0.7791432041481854,0.08514185139901193,,,0.9671167543688399,,0.9671301641483862,0.03286983585161385,0,0.3839522361207615,5,0.1,0.5,0.5671561257944261,0.5712874819084419,0.5829895466089656,0.6173840326584048,0.5973941651770052,0.5882128452202346,0.5932597360556993,0.595425776185515,0.34670661917542356,0.593687464310566,1.0,0.5990666503015178
0,11,0.3867897492121248,0.8760221577420205,3791,2.192436408996582,0.4873417721518987,632,2.192209441821796,0.472,0.7849548630191189,0.08577692771532497,,,0.9763157423490281,,0.9763315094623763,0.023668490537623654,0,0.38395258419216405,5,0.1,0.5,0.5784665491107523,0.5808826163276835,0.5895761957993354,0.6111958273876968,0.6046914861497831,0.6042694385659527,0.6000881537768219,0.5931190053259745,0.35181931293150676,0.5919640375893871,0.5990666503015178,1.0
1,0,0.25764714862557003,0.9214024835646457,8214,2.0392790007036785,0.7918188458729,1369,2.041313209472754,0.7945,0.7896539165517792,0.08556776675452045,,,0.9851712991439361,,0.9851864866221576,0.014813513377842424,0.9572608202101571,0.4031375255729303,5,0.1,0.5,1.0,0.61029342701063,0.6081405719537255,0.6108166128922625,0.6058629746282107,0.6181521851600895,0.6005182324850751,0.6120143724263702,0.5170694135084855,0.5962089822593551,0.6050407592812757,0.6072852663947688
1,1,0.2864293346922953,0.9145421356860359,6574,2.0385378292628697,0.7928832116788321,1096,2.041317007031304,0.7945,0.8066991909652582,0.08498792695578886,,,0.974606818928388,,0.9746197480046183,0.025380251995381742,0.9572583333923891,0.40313731359698257,5,0.1,0.5,0.61029342701063,1.0,0.6188750731515853,0.6190609456214781,0.6285584796547947,0.6297059618327552,0.6168997895197046,0.6242490412221744,0.5289120852028035,0.6272934370918714,0.6286430228427575,0.6318643233416837
1,2,0.2897082502464892,0.9108075393394433,5783,2.035817446247224,0.8174273858921162,964,2.041314197805362,0.7945,0.8099158490273527,0.08561599044803493,,,0.9860499181300231,,0.986064956578485,0.01393504342151497,0.957260624304442,0.40313753496440863,5,0.1,0.5,0.6081405719537255,0.6188750731515853,1.0,0.6312755844870808,0.6323595102328381,0.6274629168978639,0.6199945213049588,0.6285829535748572,0.5372293284403263,0.625484824673756,0.6292297882837546,0.6352212759154395
1,3,0.27378555855163966,0.915793455645924,5287,2.0345296221120015,0.8127128263337117,881,2.0413129009758704,0.7945,0.8177240899679865,0.08638165165314635,,,0.9999999999817804,,1.0,0.0,0.9572598167731944,0.4031375832069848,5,0.1,0.5,0.6108166128922625,0.6190609456214781,0.6312755844870808,1.0,0.6301066053805794,0.6471843548415755,0.6335334220658466,0.6396330392446771,0.5354147734687097,0.6339910996657048,0.6402831592280122,0.6426375684019555
1,4,0.3179169250327733,0.9005065856129686,4935,2.0436846109536977,0.7652068126520681,822,2.0413139372968825,0.7945,0.8128699562203989,0.08572991724375238,,,0.9881256248718,,0.9881431655037398,0.011856834496260182,0.9572606492292624,0.4031375521932922,5,0.1,0.5,0.6058629746282107,0.6285584796547947,0.6323595102328381,0.6301066053805794,1.0,0.6339930695219433,0.6248132861854734,0.6392201221117059,0.5295035834810851,0.6313684207650009,0.6295157488148897,0.6339523968220824
1,5,0.300596961593383,0.9076065995286051,4667,2.040176343917847,0.8071979434447301,778,2.041316148952935,0.7944,0.8213227081343709,0.08545105268245858,,,0.9830448091929687,,0.9830580794136841,0.01694192058631594,0.9572604516540405,0.4031374997949908,5,0.1,0.5,0.6181521851600895,0.6297059618327552,0.6274629168978639,0.6471843548415755,0.6339930695219433,1.0,0.6321022376527213,0.6478468642678882,0.5380674982202404,0.6418358471517734,0.64484963116563,0.6441165790787965
1,6,0.32991955585245575,0.8988097911520323,4453,2.0411624213059745,0.8032345013477089,742,2.041320915039355,0.7942,0.8094157297092593,0.08447883347433224,,,0.9653313120996432,,0.9653481250941218,0.03465187490587818,0.9572562532597724,0.4031368934307086,5,0.1,0.5,0.6005182324850751,0.6168997895197046,0.6199945213049588,0.6335334220658466,0.6248132861854734,0.6321022376527213,1.0,0.6253155812174862,0.5336671850259196,0.6358416233235581,0.634978507386146,0.6380934542245339
1,7,0.32420893169717113,0.9013794715922375,4277,2.0516860692397407,0.761570827489481,713,2.0413163355745065,0.7944,0.8184968519321485,0.0849340508738715,,,0.973625215384181,,0.9736408814818533,0.02635911851814665,0.9572559310126019,0.4031372821280884,5,0.1,0.5,0.6120143724263702,0.6242490412221744,0.6285829535748572,0.6396330392446771,0.6392201221117059,0.6478468642678882,0.6253155812174862,1.0,0.5382554507372423,0.6371989961549094,0.6399995058108634,0.6490824705724324
1,8,0.39871921952813866,0.8872366190360862,4129,2.047920909794894,0.7819767441860465,688,2.0446991257774183,0.7843,0.695917066975359,0.061683048021456445,,,0.55,,0.5500125495708047,0.4499874504291953,0.9512401750303701,0.4000033426279754,5,0.1,0.5,0.5170694135084855,0.5289120852028035,0.5372293284403263,0.5354147734687097,0.5295035834810851,0.5380674982202404,0.5336671850259196,0.5382554507372423,1.0,0.5394670425792273,0.5362471642634388,0.5504560124587572
1,9,0.34731009020950526,0.8929267683079231,4001,2.043309824807303,0.7991004497751124,667,2.0413220168683477,0.7943,0.8154633056836846,0.08449064042204735,,,0.965546430595847,,0.9655639777119622,0.03443602228803777,0.9572557130758672,0.403136914908815,5,0.1,0.5,0.5962089822593551,0.6272934370918714,0.625484824673756,0.6339910996657048,0.6313684207650009,0.6418358471517734,0.6358416233235581,0.6371989961549094,0.5394670425792273,1.0,0.6439393939900271,0.6434451371341038
1,10,0.3485222265307532,0.8937516070969401,3889,2.046000526064918,0.7777777777777778,648,2.0413164848717638,0.7944,0.8180255226130457,0.08505230192400186,,,0.9757797085429858,,0.975799407660258,0.024200592339742033,0.9572556081874055,0.40313734648276417,5,0.1,0.5,0.6050407592812757,0.6286430228427575,0.6292297882837546,0.6402831592280122,0.6295157488148897,0.64484963116563,0.634978507386146,0.6399995058108634,0.5362471642634388,0.6439393939900271,1.0,0.6431155398987602
1,11,0.3382480642813094,0.8980743867053548,3791,2.0454377055168154,0.7848101265822784,632,2.041316116198945,0.7944,0.8224120601617143,0.08562681954658896,,,0.9862472205533415,,0.986260729883038,0.013739270116961966,0.9572603240152485,0.4031375358201118,5,0.1,0.5,0.6072852663947688,0.6318643233416837,0.6352212759154395,0.6426375684019555,0.6339523968220824,0.6441165790787965,0.6380934542245339,0.6490824705724324,0.5504560124587572,0.6434451371341038,0.6431155398987602,1.0
2,0,0.23671898988840182,0.9284879474068664,8214,1.8429323961568433,0.8845872899926954,1369,1.8483590816918272,0.8789,0.7972085924749297,0.08419502554355902,,,0.9630562356629081,,0.963074142864314,0.03692585713568597,0.9681724649233346,0.40758222178972486,5,0.1,0.5,1.0,0.6236225210071731,0.6092884260724247,0.6256972636844131,0.6165134365268702,0.621807395075286,0.616359037305336,0.6147370726098805,0.6049701861529819,0.6094272047845745,0.6209239627877052,0.6211661234640207
2,1,0.2601645425703485,0.9212655917249771,6574,1.8455410548618862,0.8841240875912408,1096,1.8483643051915275,0.8789,0.810981711991997,0.08429079756609252,,,0.9655922825192051,,0.965609156166859,0.03439084383314095,0.9681726024041478,0.40758242739424516,5,0.1,0.5,0.6236225210071731,1.0,0.6257093746483903,0.62326061061546,0.6351267195955159,0.6360056508851794,0.6321826657124304,0.6334821275209699,0.6167871998704461,0.6254131318634873,0.6352103339307726,0.6353874170400549
2,2,0.26434047479820516,0.9197302438180875,5783,1.8411072569508706,0.8962655601659751,964,1.8483612594513086,0.8789,0.8071253076208942,0.08457145279788672,,,0.973024043898642,,0.9730385020832287,0.02696149791677127,0.9681727295048985,0.4075828610629106,5,0.1,0.5,0.6092884260724247,0.6257093746483903,1.0,0.6307113885006517,0.6223256110567844,0.6347129122902727,0.6257210986572924,0.6255590661399484,0.6195510905518152,0.6233802304091106,0.633109564811228,0.6331789128617171
2,3,0.24004135269065757,0.9260450160771704,5287,1.8390000590256281,0.8864926220204313,881,1.8483562717041648,0.8789,0.8218950820757626,0.08559018077077525,,,0.9999999999735201,,1.0,0.0,0.9681736992324539,0.40758321400659125,5,0.1,0.5,0.6256972636844131,0.62326061061546,0.6307113885006517,1.0,0.6376940713544751,0.6493381540868455,0.6404830932027288,0.6490747236767476,0.6363038146852864,0.6400255770625591,0.6478167991738435,0.6455449992107124
2,4,0.28485424384354585,0.9136778115501519,4935,1.8499841735913203,0.8661800486618005,822,1.8483588086149563,0.8789,0.815739795084113,0.08494600820442176,,,0.9829422855325183,,0.9829526630189247,0.0170473369810753,0.9681741826042539,0.40758312346109254,5,0.1,0.5,0.6165134365268702,0.6351267195955159,0.6223256110567844,0.6376940713544751,1.0,0.6406397983974631,0.6355537659354688,0.6418511654273195,0.6313525598430312,0.6322907031931748,0.6364318460921247,0.6387053894548516
2,5,0.26745587713021324,0.9195628883651168,4667,1.8486379861831665,0.903598971722365,778,1.848360033461842,0.8789,0.825446242530263,0.08509917948397362,,,0.986998266931957,,0.9870086843029968,0.01299131569700318,0.9681743114181652,0.4075831739627529,5,0.1,0.5,0.621807395075286,0.6360056508851794,0.6347129122902727,0.6493381540868455,0.6406397983974631,1.0,0.6503101413348177,0.6398108450269092,0.6430611394469298,0.6430076651856499,0.6528652093517547,0.654118777347853
2,6,0.29811204932630064,0.9124185942061531,4453,1.8477021406094234,0.8881401617250674,742,1.848368977205441,0.8789,0.8174725740236565,0.08418023142298078,,,0.9626644867785092,,0.9626775764268862,0.03732242357311377,0.9681718255367717,0.4075821812620485,5,0.1,0.5,0.616359037305336,0.6321826657124304,0.6257210986572924,0.6404830932027288,0.6355537659354688,0.6503101413348177,1.0,0.6330076750409246,0.6287253088448155,0.6433991067527169,0.6412145312668213,0.6426964786653435
2,7,0.2912808892011309,0.9129763853168108,4277,1.8637474360673323,0.8611500701262272,713,1.8483636881977605,0.8789,0.8173893684894451,0.08447788285580018,,,0.9705463082176455,,0.9705637267205461,0.029436273279453862,0.9681729918513051,0.4075827446694018,5,0.1,0.5,0.6147370726098805,0.6334821275209699,0.6255590661399484,0.6490747236767476,0.6418511654273195,0.6398108450269092,0.6330076750409246,1.0,0.635535015798451,0.6349387210662345,0.6390141015083896,0.641580095518915
2,8,0.302950474921202,0.9073867764591911,4129,1.8580519394441084,0.8691860465116279,688,1.8557589838679986,0.8729,0.8021107482331004,0.06859624785880016,,,0.55,,0.5500125495708047,0.4499874504291953,0.9623948269917267,0.4043206590070939,5,0.1,0.5,0.6049701861529819,0.6167871998704461,0.6195510905518152,0.6363038146852864,0.6313525598430312,0.6430611394469298,0.6287253088448155,0.635535015798451,1.0,0.6299726585111537,0.6474137391293389,0.6483648413494013
2,9,0.30713952756643903,0.9037740564858785,4001,1.8524255525498163,0.8710644677661169,667,1.8483707558232756,0.8789,0.8160983641041231,0.08414027510698724,,,0.961606441987514,,0.9616234124792932,0.03837658752070683,0.9681713708656928,0.40758208807282675,5,0.1,0.5,0.6094272047845745,0.6254131318634873,0.6233802304091106,0.6400255770625591,0.6322907031931748,0.6430076651856499,0.6433991067527169,0.6349387210662345,0.6299726585111537,1.0,0.6475545399860183,0.64745606081933
2,10,0.31737553551487746,0.9037798920030856,3889,1.853744387626648,0.8503086419753086,648,1.8483632978159017,0.8789,0.8229970365573273,0.08475081131538682,,,0.977773464370546,,0.9777822398473972,0.022217760152602795,0.9681732702007413,0.4075830195113045,5,0.1,0.5,0.6209239627877052,0.6352103339307726,0.633109564811228,0.6478167991738435,0.6364318460921247,0.6528652093517547,0.6412145312668213,0.6390141015083896,0.6474137391293389,0.6475545399860183,1.0,0.6435839750433966
2,11,0.3057934125697538,0.9074122922711686,3791,1.8577902674674989,0.8544303797468354,632,1.8483602322709447,0.8789,0.8239118703075258,0.08516190707333582,,,0.9886592959213933,,0.9886702474775363,0.01132975252246371,0.9681738147986679,0.4075831885416675,5,0.1,0.5,0.6211661234640207,0.6353874170400549,0.6331789128617171,0.6455449992107124,0.6387053894548516,0.654118777347853,0.6426964786653435,0.641580095518915,0.6483648413494013,0.64745606081933,0.6435839750433966,1.0
3,0,0.22029413054280475,0.9324324324324325,8214,1.6227277545041816,0.9240321402483564,1369,1.632235725847677,0.9137,0.7914489067119012,0.08381331662745604,,,0.9358683766509284,,0.9358867526730585,0.06411324732694146,0.9687322421251284,0.39701171415078773,5,0.1,0.5,1.0,0.6075388375885916,0.6093529531179589,0.6067175659921131,0.609231643918332,0.6145366749283441,0.5965725956593181,0.6040490250594536,0.6074933051012206,0.46858182271492316,0.6062246396088948,0.6082103659999958
3,1,0.2328042447042552,0.9301186492242166,6574,1.6295218774250575,0.9187956204379562,1096,1.6322226943299412,0.9137,0.8010328496064993,0.08421302920547724,,,0.9514880553076349,,0.9515034385824005,0.048496561417599504,0.968741999344654,0.3970147540627138,5,0.1,0.5,0.6075388375885916,1.0,0.6165012922910046,0.6115587154634593,0.6188753729498118,0.6217835091367758,0.6041253075582609,0.6112541960546892,0.6153047431857648,0.48013301264355107,0.6187874860823981,0.6234831736518989
3,2,0.23877323025436198,0.9278229292754626,5783,1.6235066767661803,0.9221991701244814,964,1.6322268936961604,0.9137,0.8032428696823143,0.08447740334408439,,,0.9618190764394452,,0.9618342452688118,0.03816575473118822,0.9687465677395652,0.3970158929352428,5,0.1,0.5,0.6093529531179589,0.6165012922910046,1.0,0.6199582335847982,0.6115025253098803,0.6227996322916056,0.6116918793702251,0.6128495561920648,0.6135369862535227,0.4872086370697754,0.6190959349272233,0.6239929539120878
3,3,0.22194476188525153,0.9322110837904294,5287,1.620920547417232,0.9205448354143019,881,1.6322196550643482,0.9136,0.8117621578686716,0.08545446540198065,,,0.9999999999609227,,1.0,0.0,0.9687525836784268,0.39701704139494665,5,0.1,0.5,0.6067175659921131,0.6115587154634593,0.6199582335847982,1.0,0.6235326851273493,0.6317766284269019,0.6179281297691879,0.627277140372467,0.6325748981148805,0.49470846690663933,0.6326565864076693,0.6286907219800901
3,4,0.2652377435751259,0.9187841945288754,4935,1.6327729591956506,0.9148418491484185,822,1.6322234750936588,0.9136,0.8047954013509235,0.08478126691621538,,,0.9736932370567104,,0.9737061392500377,0.026293860749962317,0.9687476355036855,0.397016625232817,5,0.1,0.5,0.609231643918332,0.6188753729498118,0.6115025253098803,0.6235326851273493,1.0,0.6188784698557255,0.6079037738788607,0.6219981191403866,0.621158986195033,0.4838125798666715,0.6167930678034799,0.6290328386008279
3,5,0.24545963993678763,0.9263766873794729,4667,1.6348882007598877,0.9241645244215938,778,1.6322225309408511,0.9137,0.8143375980256661,0.08521774279613811,,,0.9907495254015692,,0.9907635158877567,0.009236484112243315,0.9687528956190437,0.3970170155038569,5,0.1,0.5,0.6145366749283441,0.6217835091367758,0.6227996322916056,0.6317766284269019,0.6188784698557255,1.0,0.6219294041419384,0.6274532732743965,0.6389327834038209,0.4919592034203174,0.6332976562258041,0.6316241117128959
3,6,0.27029750557217214,0.9201437233325848,4453,1.6304358293612797,0.9231805929919138,742,1.6322378579039163,0.9137,0.7982973293279879,0.08404351091061084,,,0.9448637421440256,,0.9448722453692083,0.05512775463079167,0.9687363100635114,0.39701370764221167,5,0.1,0.5,0.5965725956593181,0.6041253075582609,0.6116918793702251,0.6179281297691879,0.6079037738788607,0.6219294041419384,1.0,0.6123059808971987,0.6205102555286058,0.4796002484452457,0.613452756256855,0.6191050814145334
3,7,0.2641508433550819,0.9210194061257891,4277,1.6529363808424578,0.8906030855539971,713,1.6322317866090768,0.9137,0.8082994115850102,0.08459232683541987,,,0.9663099734075953,,0.9663269916168867,0.03367300838311327,0.9687458357322941,0.39701622883176346,5,0.1,0.5,0.6040490250594536,0.6112541960546892,0.6128495561920648,0.627277140372467,0.6219981191403866,0.6274532732743965,0.6123059808971987,1.0,0.6297719761807081,0.4953525110670414,0.6263418882650419,0.630585657144777
3,8,0.26495460418249983,0.9195446839428433,4129,1.645147448236292,0.8982558139534884,688,1.6438892832198464,0.9071,0.8061109889842035,0.07393882131946372,,,0.55,,0.5500125495708047,0.4499874504291953,0.9626611004180199,0.3935980234109312,5,0.1,0.5,0.6074933051012206,0.6153047431857648,0.6135369862535227,0.6325748981148805,0.621158986195033,0.6389327834038209,0.6205102555286058,0.6297719761807081,1.0,0.49419038735335774,0.6351779555785481,0.6394137828793413
3,9,0.36752539148761165,0.8968257935516121,4001,1.6376447961443947,0.9070464767616192,667,1.6323934245033387,0.9135,0.6667071883808624,0.07940448185372899,,,0.7635831241901507,,0.7635962050097886,0.23640379499021136,0.9679919536991753,0.3966629970753781,5,0.1,0.5,0.46858182271492316,0.48013301264355107,0.4872086370697754,0.49470846690663933,0.4838125798666715,0.4919592034203174,0.4796002484452457,0.4953525110670414,0.49419038735335774,1.0,0.4824212421628416,0.49096020360682796
3,10,0.2822338967202384,0.9155052712779634,3889,1.6385241122472853,0.8981481481481481,648,1.6322281950959763,0.9137,0.8095227235028714,0.08481696961862688,,,0.9750884014060648,,0.9751066713518398,0.024893328648160185,0.9687472354424682,0.39701668257107664,5,0.1,0.5,0.6062246396088948,0.6187874860823981,0.6190959349272233,0.6326565864076693,0.6167930678034799,0.6332976562258041,0.613452756256855,0.6263418882650419,0.6351779555785481,0.4824212421628416,1.0,0.626217347889659
3,11,0.26660265464867866,0.9199683460828277,3791,1.6470483779907226,0.8987341772151899,632,1.6322235802111154,0.9137,0.813970915535315,0.08524666517079783,,,0.991879733013274,,0.9918929772601777,0.008107022739822334,0.9687523527098212,0.3970170227608242,5,0.1,0.5,0.6082103659999958,0.6234831736518989,0.6239929539120878,0.6286907219800901,0.6290328386008279,0.6316241117128959,0.6191050814145334,0.630585657144777,0.6394137828793413,0.49096020360682796,0.626217347889659,1.0
4,0,0.20973488139423474,0.9362308254200146,8214,1.3774164804192477,0.9371804236669101,1369,1.3906330384385472,0.9285,0.7859453222628948,0.0832224274000632,,,0.8961148257259248,,0.8961297123638372,0.1038702876361628,0.9683404790712881,0.39908750621244377,5,0.1,0.5,1.0,0.6029958340312475,0.5908806195594308,0.5961927675310655,0.592751644848241,0.6030309336964611,0.5870063491024018,0.5925388116407011,0.5898475169046867,0.5860125301419903,0.5952762273162913,0.5885301452441621
4,1,0.21993574064758434,0.9355034986309705,6574,1.387808278628758,0.9297445255474452,1096,1.3906240371850351,0.9288,0.7946310163201084,0.08379208828926049,,,0.9290584269410509,,0.9290748456402791,0.07092515435972091,0.9683844720066829,0.39910545619934984,5,0.1,0.5,0.6029958340312475,1.0,0.6020228035106162,0.6007061058359562,0.5951895812597687,0.6073066784481597,0.5927965569281328,0.6001137104235057,0.603937922377896,0.5998143448798531,0.59945747980878,0.6032715731491526
4,2,0.2227992833805533,0.9341864084385267,5783,1.3803064784696024,0.9294605809128631,964,1.390628140574446,0.9287,0.7950016177251716,0.08398081935036901,,,0.9399727813086602,,0.9399779127553838,0.06002208724461622,0.9683904917173899,0.39910863551855313,5,0.1,0.5,0.5908806195594308,0.6020228035106162,1.0,0.6009192438328039,0.5890041997819788,0.6067080613764434,0.5968929978064775,0.6060166824221208,0.6061545393951623,0.5986764297788368,0.604395423686346,0.608283416217557
4,3,0.2042729908174061,0.9387176092301872,5287,1.3775359221867152,0.927355278093076,881,1.3906291060554334,0.9287,0.8030640970967252,0.08491251153833489,,,0.9938527237053492,,0.9938657697906732,0.006134230209326796,0.9684102340143101,0.3991134497320273,5,0.1,0.5,0.5961927675310655,0.6007061058359562,0.6009192438328039,1.0,0.6022661197107463,0.6231494207473358,0.6030850218255337,0.6131198438995518,0.6145984045108777,0.6073129239299424,0.6119463702904339,0.6096222542593751
4,4,0.24774418696280448,0.924903748733536,4935,1.39022552050077,0.9343065693430657,822,1.3906250060937655,0.9287,0.7908636437362322,0.08403804474246995,,,0.9432821369841204,,0.9432960192761407,0.05670398072385929,0.9683977837976506,0.399109394895569,5,0.1,0.5,0.592751644848241,0.5951895812597687,0.5890041997819788,0.6022661197107463,1.0,0.6031511554534682,0.5857455211063078,0.6047479156102699,0.6033660935363898,0.5979470943050862,0.5983775852537634,0.5965224629720255
4,5,0.22199860892373405,0.9345618170130705,4667,1.3948470735549927,0.9447300771208226,778,1.3906319030938439,0.9287,0.810599718216511,0.08501881026458345,,,0.9999999999421698,,1.0,0.0,0.9684100581916989,0.3991134564760839,5,0.1,0.5,0.6030309336964611,0.6073066784481597,0.6067080613764434,0.6231494207473358,0.6031511554534682,1.0,0.6057116515744634,0.6229328624059817,0.6263481866746466,0.6166602711097228,0.6199398959812745,0.622191320997661
4,6,0.25399611272050865,0.9255333483045138,4453,1.3873578011989594,0.9339622641509434,742,1.3906486533320368,0.9285,0.7923592624418561,0.08359989692222686,,,0.9179439624015111,,0.917955925907334,0.08204407409266601,0.9683725721237861,0.39910085736040807,5,0.1,0.5,0.5870063491024018,0.5927965569281328,0.5968929978064775,0.6030850218255337,0.5857455211063078,0.6057116515744634,1.0,0.5924137269349868,0.611889465664022,0.6045881915184541,0.6029741175007459,0.6050141409370848
4,7,0.23789264382655495,0.9293429974281038,4277,1.4166944700738657,0.908835904628331,713,1.3906390998310174,0.9287,0.8012164713150713,0.08427468737778754,,,0.9569672271074467,,0.9569800712815622,0.04301992871843785,0.968402308647375,0.39911164852573955,5,0.1,0.5,0.5925388116407011,0.6001137104235057,0.6060166824221208,0.6131198438995518,0.6047479156102699,0.6229328624059817,0.5924137269349868,1.0,0.6166295771833009,0.6033674128640533,0.6059294533714714,0.6115294415063534
4,8,0.2448155531300626,0.9284572535722936,4129,1.4078087969259783,0.9244186046511628,688,1.407532797073023,0.9244,0.8025159834989444,0.07723740839440382,,,0.55,,0.5500125495708047,0.4499874504291953,0.9620462297888615,0.39546331128569234,5,0.1,0.5,0.5898475169046867,0.603937922377896,0.6061545393951623,0.6145984045108777,0.6033660935363898,0.6263481866746466,0.611889465664022,0.6166295771833009,1.0,0.6133622100165921,0.6204361229944733,0.6238738492552086
4,9,0.2514341819595309,0.9227693076730817,4001,1.397573368889945,0.9235382308845578,667,1.3913327101320505,0.9285,0.7965910382826702,0.08066381378208545,,,0.7481496971859892,,0.7481602329200341,0.2518397670799659,0.9672953958871576,0.3986425027838169,5,0.1,0.5,0.5860125301419903,0.5998143448798531,0.5986764297788368,0.6073129239299424,0.5979470943050862,0.6166602711097228,0.6045881915184541,0.6033674128640533,0.6133622100165921,1.0,0.6127004794745455,0.6092919032292161
4,10,0.2574201729866203,0.9236821805091283,3889,1.3991463411422003,0.9182098765432098,648,1.390640164716556,0.9287,0.8025647176159724,0.08447121264397252,,,0.9683323218869346,,0.968344962602279,0.03165503739772102,0.9684070297577261,0.39911271146393384,5,0.1,0.5,0.5952762273162913,0.59945747980878,0.604395423686346,0.6119463702904339,0.5983775852537634,0.6199398959812745,0.6029741175007459,0.6059294533714714,0.6204361229944733,0.6127004794745455,1.0,0.6107765480429234
4,11,0.24527800964316776,0.9270377209179635,3791,1.4103834807872773,0.9129746835443038,632,1.3906339205111178,0.9287,0.803461891201334,0.08478827929444263,,,0.9866683486175425,,0.9866823954620751,0.013317604537924854,0.9684106355351959,0.3991133935144057,5,0.1,0.5,0.5885301452441621,0.6032715731491526,0.608283416217557,0.6096222542593751,0.5965224629720255,0.622191320997661,0.6050141409370848,0.6115294415063534,0.6238738492552086,0.6092919032292161,0.6107765480429234,1.0
5,0,0.19314249233607247,0.9419771122473826,8214,1.1274850202161213,0.9466764061358656,1369,1.1438399101979435,0.939,0.770173183846237,0.08287886705383482,,,0.843674263527618,,0.8436875658852467,0.15631243411475326,0.968517475084579,0.39050149079061053,5,0.1,0.5,1.0,0.5754245035759235,0.578017475750965,0.5681730922330799,0.5754975833545836,0.5795264015205918,0.562944965682907,0.5683817215943978,0.5558906880714971,0.518987423156758,0.5665978674507876,0.568022938603587
5,1,0.20071812525337326,0.9394584727715242,6574,1.140905431338719,0.9379562043795621,1096,1.1438408071240678,0.9391,0.7894392306343541,0.08393942374389508,,,0.9256302746945726,,0.9256513227247628,0.0743486772752372,0.9687008264097429,0.3905818176781626,5,0.1,0.5,0.5754245035759235,1.0,0.597681099143898,0.5832362302852926,0.5964982234310117,0.5925875030187184,0.5814197669107688,0.5826390044280668,0.5701543821664175,0.5382742652460104,0.5880201454291949,0.5891303945215552
5,2,0.20604257783157884,0.9395123638250044,5783,1.1328231019358481,0.9439834024896265,964,1.1438550149289946,0.9392,0.7880232717719351,0.08401590647793182,,,0.9315405856317822,,0.9315596606596055,0.06844033934039451,0.9687152440863914,0.390583647253276,5,0.1,0.5,0.578017475750965,0.597681099143898,1.0,0.5917967071444162,0.5785630982434082,0.5938271555165653,0.5707450230208188,0.5809667664646253,0.5730156406397515,0.5349579372603037,0.591565625433422,0.589808081440148
5,3,0.18748257204172122,0.9450728201248345,5287,1.1289039616073882,0.9364358683314415,881,1.1438591845881063,0.9392,0.7890841790531078,0.08467724079797706,,,0.9826461261716644,,0.9826564931479344,0.01734350685206565,0.968735486852248,0.390590262867914,5,0.1,0.5,0.5681730922330799,0.5832362302852926,0.5917967071444162,1.0,0.5835141809866052,0.5937039799276418,0.5729631658320469,0.5886904043603425,0.5824349309818118,0.5447427120752663,0.5901191123643427,0.5879389629159824
5,4,0.22184590524843623,0.9318338399189463,4935,1.1428352273427522,0.9464720194647201,822,1.1438443051359524,0.9392,0.7883563825042418,0.08406597053021383,,,0.9354093557468948,,0.9354299482957683,0.06457005170423169,0.9687244037225891,0.3905846511580028,5,0.1,0.5,0.5754975833545836,0.5964982234310117,0.5785630982434082,0.5835141809866052,1.0,0.5866839758551936,0.5739327245797105,0.5923858696211354,0.5829649683442988,0.543743477845696,0.5814652053186891,0.5898405493145549
5,5,0.20754786370934486,0.9385043925433898,4667,1.1483998680114746,0.9498714652956298,778,1.1438629821466562,0.9392,0.7934358624273942,0.08490180964464353,,,0.9999999999227236,,1.0,0.0,0.9687354915469879,0.39059036926943863,5,0.1,0.5,0.5795264015205918,0.5925875030187184,0.5938271555165653,0.5937039799276418,0.5866839758551936,1.0,0.5795699931910682,0.5882714466942202,0.5838489866814294,0.5459351238578329,0.5947574713917231,0.5888437141850816
5,6,0.2387614088909634,0.9303390972378172,4453,1.138976402580738,0.944743935309973,742,1.143827497959137,0.939,0.7770795319734948,0.08337507838918773,,,0.8820196929822581,,0.8820340344360222,0.11796596556397776,0.9686341723268057,0.3905550894044864,5,0.1,0.5,0.562944965682907,0.5814197669107688,0.5707450230208188,0.5729631658320469,0.5739327245797105,0.5795699931910682,1.0,0.5744551403468882,0.5746267623320049,0.5419538091528857,0.5703052292281114,0.5790492726342431
5,7,0.2207654667573411,0.9327098433481412,4277,1.1739019362822822,0.9228611500701263,713,1.1438657331009643,0.9392,0.786746504758445,0.0841677039757431,,,0.9432709509600417,,0.9432809597911751,0.0567190402088249,0.9687312959776808,0.3905864931719476,5,0.1,0.5,0.5683817215943978,0.5826390044280668,0.5809667664646253,0.5886904043603425,0.5923858696211354,0.5882714466942202,0.5744551403468882,1.0,0.5766198485849298,0.5361319747418767,0.5904146731377343,0.5889852555093209
5,8,0.2231689609750398,0.9328166626301768,4129,1.1653932929039001,0.9316860465116279,688,1.1656865252854345,0.9356,0.7760679949345326,0.07907855758967292,,,0.55,,0.5500125495708047,0.4499874504291953,0.96232383719304,0.38699755373183475,5,0.1,0.5,0.5558906880714971,0.5701543821664175,0.5730156406397515,0.5824349309818118,0.5829649683442988,0.5838489866814294,0.5746267623320049,0.5766198485849298,1.0,0.5371363402320828,0.5864408858596315,0.581085216390607
5,9,0.2595074460317962,0.9249687578105473,4001,1.1545186780747914,0.9355322338830585,667,1.1467128239881497,0.9382,0.7364464394605755,0.0799766465287908,,,0.619401087007505,,0.6194166959489985,0.3805833040510015,0.964354674544109,0.3886268648770272,5,0.1,0.5,0.518987423156758,0.5382742652460104,0.5349579372603037,0.5447427120752663,0.543743477845696,0.5459351238578329,0.5419538091528857,0.5361319747418767,0.5371363402320828,1.0,0.5416744560004549,0.5344526419818213
5,10,0.2341094234370489,0.9294420159424016,3889,1.154315125374567,0.9320987654320988,648,1.1438714267727665,0.9392,0.7884438293054877,0.08435913908053308,,,0.9580643681653244,,0.958079413684052,0.04192058631594797,0.968732919954784,0.39058879882081604,5,0.1,0.5,0.5665978674507876,0.5880201454291949,0.591565625433422,0.5901191123643427,0.5814652053186891,0.5947574713917231,0.5703052292281114,0.5904146731377343,0.5864408858596315,0.5416744560004549,1.0,0.58237098951521
5,11,0.22430575724941593,0.9325771564231073,3791,1.1676299631595612,0.9193037974683544,632,1.143865973423845,0.9392,0.7882220238192009,0.0845636561875763,,,0.9738687155102221,,0.9738768134129813,0.026123186587018732,0.9687348748294945,0.39058998467216843,5,0.1,0.5,0.568022938603587,0.5891303945215552,0.589808081440148,0.5879389629159824,0.5898405493145549,0.5888437141850816,0.5790492726342431,0.5889852555093209,0.581085216390607,0.5344526419818213,0.58237098951521,1.0
6,0,0.18189879584448695,0.9447285122960799,8214,0.9043075691821963,0.9554419284149014,1369,0.9230165902418069,0.946,0.766105451560924,0.08339054955776638,,,0.9253025629246514,,0.9253250338838411,0.07467496611615887,0.9642571188731813,0.3782652030397283,5,0.1,0.5,1.0,0.5708436169076605,0.5649503502835543,0.5490582913136945,0.565223695454571,0.5596464545928367,0.5555507818925443,0.5533398725523925,0.5512764240816166,0.3741505437722221,0.5549441904055996,0.5509343814045207
6,1,0.18760251023453994,0.9442348646181928,6574,0.9203930360930307,0.947992700729927,1096,0.9230025622029655,0.9461,0.7787159669398928,0.08455765521621322,,,0.9736944224923072,,0.9737061392500377,0.026293860749962317,0.9644712250890345,0.3782746968146541,5,0.1,0.5,0.5708436169076605,1.0,0.5747720089312899,0.5621930893340407,0.5711632440438945,0.5741455527964993,0.5631078716300596,0.5625623305703109,0.5676164102229736,0.37837111613750474,0.5665988492051783,0.5674717762240991
6,2,0.19029450975590032,0.9436278748054643,5783,0.9115862884829121,0.9470954356846473,964,0.9230156335206078,0.9461,0.7754055585141192,0.08449149163499392,,,0.9709510729869003,,0.9709703328146178,0.029029667185382246,0.9644705126364338,0.378274524562014,5,0.1,0.5,0.5649503502835543,0.5747720089312899,1.0,0.5678613754770288,0.5551996654636737,0.5648437863307613,0.561534722732318,0.5577650315629903,0.5663028481155025,0.3787099481221725,0.5682157937152273,0.5683998569442096
6,3,0.17467915531057102,0.9462076792131644,5287,0.9069346189498901,0.9432463110102156,881,0.9230170362292768,0.9461,0.7721078089362422,0.08482164763710925,,,0.9846403758997537,,0.9846493649917173,0.01535063500828271,0.9644848086024269,0.378275061146816,5,0.1,0.5,0.5490582913136945,0.5621930893340407,0.5678613754770288,1.0,0.561125137434175,0.5696686709958847,0.5521894357869169,0.5589644883087223,0.5733403368419345,0.37740653082774156,0.5611322065453612,0.5625818894567273
6,4,0.20295224733951112,0.9383586626139817,4935,0.9211873045334449,0.9501216545012166,822,0.9230048266081764,0.9461,0.7736557425366233,0.08446304174757036,,,0.9697714514616744,,0.9697806335023342,0.030219366497665767,0.9644744036423671,0.37827445064467624,5,0.1,0.5,0.565223695454571,0.5711632440438945,0.5551996654636737,0.561125137434175,1.0,0.5647853204605943,0.5571410635344813,0.5662832357913345,0.5677152057075912,0.3844978276265068,0.5598124757963866,0.5600418596915573
6,5,0.18910183874979514,0.9437754446110992,4667,0.9270419907569886,0.9562982005141388,778,0.923021149711487,0.9461,0.7782394039880176,0.08519208812670358,,,0.9999999999585368,,1.0,0.0,0.9644853862239766,0.37827515244122234,5,0.1,0.5,0.5596464545928367,0.5741455527964993,0.5648437863307613,0.5696686709958847,0.5647853204605943,1.0,0.5595886110889545,0.5634665087219781,0.5733626208481175,0.3863612469730937,0.5667566056195655,0.5675367445840547
6,6,0.20893760478273699,0.9372108690770268,4453,0.9166926816105843,0.9487870619946092,742,0.9229978953306668,0.946,0.7676181514660276,0.08378030978053286,,,0.941463243689642,,0.9414788414236233,0.05852115857637674,0.9644044584377063,0.3782703727917867,5,0.1,0.5,0.5555507818925443,0.5631078716300596,0.561534722732318,0.5521894357869169,0.5571410635344813,0.5595886110889545,1.0,0.5564340171443023,0.5673960872691645,0.3831888214186867,0.5491361394824745,0.5569819508064253
6,7,0.19922048983289234,0.9405190554126724,4277,0.9552066637122113,0.9326788218793829,713,0.9230256194885547,0.9461,0.7710143066226428,0.08443780159774318,,,0.968724915719976,,0.968736509211385,0.03126349078861501,0.9644791140841882,0.3782743775897857,5,0.1,0.5,0.5533398725523925,0.5625623305703109,0.5577650315629903,0.5589644883087223,0.5662832357913345,0.5634665087219781,0.5564340171443023,1.0,0.5714563718077855,0.37630715251224045,0.555913879326665,0.5658459734604291
6,8,0.20325399832363472,0.9394042140954226,4129,0.9421708069064401,0.940406976744186,688,0.9442942810896486,0.9441,0.77684181048588,0.08120071337696158,,,0.8345050895590432,,0.8345213593695096,0.16547864063049045,0.9552600470255151,0.3781543954357035,5,0.1,0.5,0.5512764240816166,0.5676164102229736,0.5663028481155025,0.5733403368419345,0.5677152057075912,0.5733626208481175,0.5673960872691645,0.5714563718077855,1.0,0.38594729596920097,0.5704157091010321,0.5721488341256682
6,9,0.32212938896780774,0.9138715321169708,4001,0.9379283643904186,0.9400299850074962,667,0.9285554139377972,0.9461,0.5671693299033456,0.07433907377790763,,,0.55,,0.5500125495708047,0.4499874504291953,0.9576260192348018,0.3746281667416493,5,0.1,0.5,0.3741505437722221,0.37837111613750474,0.3787099481221725,0.37740653082774156,0.3844978276265068,0.3863612469730937,0.3831888214186867,0.37630715251224045,0.38594729596920097,1.0,0.3766068703430248,0.37289072878962265
6,10,0.21610272589185442,0.9340704551298534,3889,0.9352307007426307,0.941358024691358,648,0.923030548202344,0.9461,0.7708346862892785,0.08456097938799134,,,0.973832253075769,,0.9738416746147281,0.026158325385271852,0.964478976267685,0.3782747006665915,5,0.1,0.5,0.5549441904055996,0.5665988492051783,0.5682157937152273,0.5611322065453612,0.5598124757963866,0.5667566056195655,0.5491361394824745,0.555913879326665,0.5704157091010321,0.3766068703430248,1.0,0.5561153281383813
