round,client_id,client_i_training_loss,client_i_training_accuracy,client_i_training_dataset_size,client_i_evaluation_loss,client_i_evaluation_accuracy,client_i_evaluation_dataset_size,client_i_central_evaluation_loss,client_i_central_evaluation_accuracy,client_i_cosine_similarity,client_i_importance_coefficient,client_i_tanh_val,tanh_normalization_value,client_i_q,client_i_mask_order,client_i_v_nonzero_fraction,client_i_v_sparsity,client_i_v_cosine_similarity,client_i_reward_gradient_norm,local_epochs,learning_rate,gamma,client_0_cosine_similarity,client_1_cosine_similarity,client_2_cosine_similarity,client_3_cosine_similarity,client_4_cosine_similarity,client_5_cosine_similarity,client_6_cosine_similarity,client_7_cosine_similarity,client_8_cosine_similarity,client_9_cosine_similarity,client_10_cosine_similarity,client_11_cosine_similarity
0,0,0.2886995217944079,0.9101533966398831,8214,2.1987792336663534,0.3177501826150475,1369,2.2005736393669544,0.3151,0.8005069293927853,0.08482844453465319,,,0.9699999998956599,,0.9700015059484965,0.029998494051503455,0,0.39396757882481304,5,0.1,0.5,1.0,0.5668645207136626,0.5782524986726294,0.5673020027787508,0.5609797635331598,0.5835271933926363,0.5715139863868763,0.5757951332376846,0.5770355545975229,0.5507402127529184,0.5792631487107515,0.5863177834553138
0,1,0.31077567098788844,0.9038637055065409,6574,2.201082134246826,0.3175182481751825,1096,2.200579419303626,0.315,0.7923761529478527,0.08396683910269793,,,0.8800999603035837,,0.8801164600170674,0.11988353998293255,0,0.3939403937430141,5,0.1,0.5,0.5668645207136626,1.0,0.5846443124818981,0.5899375297207708,0.5772336441184985,0.5858169571305459,0.5733449434620791,0.5713098880617811,0.5747068994935661,0.573457239010809,0.5849013152643654,0.5826882890842037
0,2,0.3238548278417541,0.8997752031817395,5783,2.19963579024038,0.33713692946058094,964,2.200575100347257,0.3152,0.7984344298276519,0.08460882505610304,,,0.947084870667604,,0.9471010491441193,0.0528989508558807,0,0.3939658288503561,5,0.1,0.5,0.5782524986726294,0.5846443124818981,1.0,0.6041944123535842,0.5899550792085723,0.591837417576634,0.5919008395036918,0.5829674770549553,0.591605223233749,0.5749320868563417,0.6096397409510879,0.596086574804327
0,3,0.3109903971389699,0.9001702288632495,5287,2.1953481946672713,0.3280363223609535,881,2.200590474917866,0.3149,0.7894376031253802,0.08365544565752564,,,0.8476091216767025,,0.8476281311179158,0.1523718688820842,0,0.3939086058690899,5,0.1,0.5,0.5673020027787508,0.5899375297207708,0.6041944123535842,1.0,0.5833032810428281,0.5859508700818928,0.594476862663034,0.5952549622673958,0.5829860405128263,0.5696907282349309,0.5941842562617594,0.580015389439172
0,4,0.35091994900496737,0.8868895643363729,4935,2.2023259676419773,0.31143552311435524,822,2.2008330981952313,0.3141,0.77903189281418,0.08255276910649706,,,0.7325556854770663,,0.7325736659806235,0.26742633401937654,0,0.39355901706105934,5,0.1,0.5,0.5609797635331598,0.5772336441184985,0.5899550792085723,0.5833032810428281,1.0,0.5836113101973872,0.5828352246022845,0.5825519829206998,0.5778040769883556,0.571811470457233,0.5901087159807391,0.584863245938596
0,5,0.34300825331513196,0.8919220055710306,4667,2.1990694427490234,0.31748071979434445,778,2.200583150973335,0.3148,0.7908810122074543,0.0838084014193857,,,0.8635685487381715,,0.863581145524823,0.136418854475177,0,0.3939263123117655,5,0.1,0.5,0.5835271933926363,0.5858169571305459,0.591837417576634,0.5859508700818928,0.5836113101973872,1.0,0.5901388725197009,0.5940021674999086,0.5877224135008975,0.587691668204091,0.6230281002801838,0.6089333541486243
0,6,0.3735315904087786,0.8827756568605435,4453,2.198771119117737,0.3032345013477089,742,2.2006658966929766,0.314,0.7838301310260671,0.08306123076882128,,,0.7856086513459895,,0.7856282315144822,0.21437176848551776,0,0.39377897256470124,5,0.1,0.5,0.5715139863868763,0.5733449434620791,0.5919008395036918,0.594476862663034,0.5828352246022845,0.5901388725197009,1.0,0.5888161831671014,0.5948706735199628,0.5968571228484869,0.5928253722239155,0.6001964160330969
0,7,0.36138926847462555,0.8841711480009352,4277,2.202912289163341,0.29873772791023845,713,2.2007689849256327,0.3137,0.7802463035318702,0.08268145827635348,,,0.7459831327006867,,0.7460017067416295,0.25399829325837053,0,0.3936258075853257,5,0.1,0.5,0.5757951332376846,0.5713098880617811,0.5829674770549553,0.5952549622673958,0.5825519829206998,0.5940021674999086,0.5888161831671014,1.0,0.5944963359433368,0.5743918363489554,0.5978231921463042,0.5959917735336212
0,8,0.3725749728244801,0.8830225236134658,4129,2.2006033767353403,0.3168604651162791,688,2.200812304743563,0.3137,0.7793242029245597,0.08258374474340263,,,0.7357876880630776,,0.7358064354199086,0.26419356458009136,0,0.3935756912048971,5,0.1,0.5,0.5770355545975229,0.5747068994935661,0.591605223233749,0.5829860405128263,0.5778040769883556,0.5877224135008975,0.5948706735199628,0.5944963359433368,1.0,0.5781172579524829,0.5958366650466977,0.6005847829373175
0,9,0.4019545362987426,0.8718320419895026,4001,2.2077741622924805,0.2863568215892054,667,2.2013615503097874,0.3109,0.7670432368579724,0.08128235032624039,,,0.6,,0.6,0.4,0,0.3921705640310529,5,0.1,0.5,0.5507402127529184,0.573457239010809,0.5749320868563417,0.5696907282349309,0.571811470457233,0.587691668204091,0.5968571228484869,0.5743918363489554,0.5781172579524829,1.0,0.5961768669409798,0.5926338044608275
0,10,0.3956633967729133,0.8734893288763178,3889,2.201249917348226,0.30709876543209874,648,2.200589082492426,0.3149,0.790041211740878,0.083719409101289,,,0.8542830769623861,,0.854294463129361,0.14570553687063903,0,0.3939165033115752,5,0.1,0.5,0.5792631487107515,0.5849013152643654,0.6096397409510879,0.5941842562617594,0.5901087159807391,0.6230281002801838,0.5928253722239155,0.5978231921463042,0.5958366650466977,0.5961768669409798,1.0,0.614293901319174
0,11,0.3808482635515828,0.8821419150619889,3791,2.203890788555145,0.3212025316455696,632,2.2006341542679664,0.3147,0.7856217134666451,0.08325108190703082,,,0.8054177474921289,,0.8054364740725867,0.19456352592741333,0,0.39383222005938384,5,0.1,0.5,0.5863177834553138,0.5826882890842037,0.596086574804327,0.580015389439172,0.584863245938596,0.6089333541486243,0.6001964160330969,0.5959917735336212,0.6005847829373175,0.5926338044608275,0.614293901319174,1.0
1,0,0.2570505972668992,0.9212807401996591,8214,2.034874913304351,0.706355003652301,1369,2.039312074740474,0.6952,0.7967579334564943,0.08377440753154741,,,0.9246027313780092,,0.9246172380904573,0.07538276190954274,0.9602132409806416,0.40622141496884856,5,0.1,0.5,1.0,0.6118242940136749,0.6132669347095813,0.6250662822879715,0.6216997536569826,0.623763685750892,0.6084691083989583,0.6059157176819914,0.6133283190902367,0.6070350255032924,0.6151239816149848,0.6152768654021982
1,1,0.2812750933547188,0.9141162153939763,6574,2.040677993638175,0.6651459854014599,1096,2.0393218403807083,0.6946,0.8026152913658934,0.08340873050802668,,,0.8602069112143059,,0.860227900205813,0.13977209979418703,0.9600859668977878,0.4061828102711084,5,0.1,0.5,0.6118242940136749,1.0,0.6128231529169281,0.6238011017262974,0.6240789085707257,0.6276141555297167,0.6192584290161449,0.6252483377509609,0.6116028184844949,0.6182276738793794,0.6242568229562437,0.6235780995081236
1,2,0.28839504641290364,0.9124675773819817,5783,2.0366886931080974,0.6991701244813278,964,2.0393025345695666,0.6952,0.8083421796056122,0.08403219969816729,,,0.9699999998238997,,0.9700015059484965,0.029998494051503455,0.9602299474667915,0.40622695551836735,5,0.1,0.5,0.6132669347095813,0.6128231529169281,1.0,0.6320034084957329,0.6225327700148615,0.6216582442375347,0.6209408925673092,0.6292335953829503,0.6288935176848862,0.6296831973210646,0.6336280217608623,0.6309011912655316
1,3,0.2744996409706143,0.9151881974654814,5287,2.031316190958023,0.7071509648127128,881,2.039321955781394,0.6952,0.8189575589134546,0.08377136913910053,,,0.9240676696677819,,0.9240801164600171,0.07591988353998291,0.9600772796437702,0.4062212842550537,5,0.1,0.5,0.6250662822879715,0.6238011017262974,0.6320034084957329,1.0,0.6363385210761229,0.6438671343094982,0.6327264469321239,0.6386850853648415,0.6402807300561233,0.6397135538228435,0.6367369055777422,0.6342081283507953
1,4,0.31744544406091013,0.9016413373860183,4935,2.041663545828599,0.7055961070559611,822,2.0399102939965243,0.6942,0.8137262639336287,0.08286067969185498,,,0.763695018126328,,0.7637066412328698,0.2362933587671302,0.9590985604258897,0.40595178168300694,5,0.1,0.5,0.6216997536569826,0.6240789085707257,0.6225327700148615,0.6363385210761229,1.0,0.6393828065233733,0.6329808366603418,0.6346774029063905,0.6268045531589491,0.6286882097788408,0.6317313043295028,0.6381547768457488
1,5,0.2980105612618364,0.907735161774159,4667,2.038719668388367,0.6915167095115681,778,2.0393037967407666,0.6953,0.8208088385708384,0.08393684637092459,,,0.9532082537797752,,0.9532252396968024,0.046774760303197604,0.9601370707070496,0.40622595934874495,5,0.1,0.5,0.623763685750892,0.6276141555297167,0.6216582442375347,0.6438671343094982,0.6393828065233733,1.0,0.6332243379699066,0.6456732915319088,0.64319572469107,0.6306766193836941,0.6477507184515396,0.6440158825013973
1,6,0.3292269175978644,0.9000224567707164,4453,2.0350550015767417,0.6994609164420486,742,2.0394667512692584,0.6937,0.8124881596448321,0.08315364395891721,,,0.8152861027246757,,0.8153054565533858,0.18469454344661418,0.9596776024157462,0.40611170657187,5,0.1,0.5,0.6084691083989583,0.6192584290161449,0.6209408925673092,0.6327264469321239,0.6329808366603418,0.6332243379699066,1.0,0.6320666851511008,0.6388444615643621,0.6386675675506701,0.6317178961341632,0.6345403772682198
1,7,0.31510982015795674,0.9036707972878185,4277,2.045744450195976,0.6760168302945302,713,2.0397366502414496,0.6936,0.8147025520539155,0.082979685077755,,,0.7846518979301113,,0.7846644244766829,0.21533557552331706,0.9593005841841241,0.4060301222830928,5,0.1,0.5,0.6059157176819914,0.6252483377509609,0.6292335953829503,0.6386850853648415,0.6346774029063905,0.6456732915319088,0.6320666851511008,1.0,0.637243965713093,0.6304940007237655,0.6311186109611364,0.6359300902205332
1,8,0.326478020553298,0.8992007750060548,4129,2.039434866471724,0.688953488372093,688,2.0398281812667847,0.6937,0.8156645812107063,0.08294857085684428,,,0.7791726754320458,,0.7791827719491994,0.22081722805080062,0.9591765190498338,0.40601131990998984,5,0.1,0.5,0.6133283190902367,0.6116028184844949,0.6288935176848862,0.6402807300561233,0.6268045531589491,0.64319572469107,0.6388444615643621,0.637243965713093,1.0,0.6341321120347836,0.6452768236884698,0.6364450871342313
1,9,0.33966394969678415,0.8960759810047488,4001,2.0488209554127286,0.6761619190404797,667,2.0418864599051187,0.6884,0.8111396677408559,0.0819311239094853,,,0.6,,0.6,0.4,0.9558249142137093,0.4042819187779567,5,0.1,0.5,0.6070350255032924,0.6182276738793794,0.6296831973210646,0.6397135538228435,0.6286882097788408,0.6306766193836941,0.6386675675506701,0.6304940007237655,0.6341321120347836,1.0,0.6274884648481892,0.6330072361592305
1,10,0.34847645760498575,0.8904088454615583,3889,2.0407971484320506,0.6975308641975309,648,2.0393142445018877,0.6952,0.8173562594869016,0.08375794317273093,,,0.9217033534536073,,0.9217258169770594,0.07827418302294065,0.960095734341496,0.4062206530206369,5,0.1,0.5,0.6151239816149848,0.6242568229562437,0.6336280217608623,0.6367369055777422,0.6317313043295028,0.6477507184515396,0.6317178961341632,0.6311186109611364,0.6452768236884698,0.6274884648481892,1.0,0.6424816187255028
1,11,0.33463407834412673,0.8958058559746769,3791,2.046482872962952,0.7104430379746836,632,2.039366548434614,0.6944,0.8172516715926854,0.08344480008464569,,,0.8665587731578752,,0.8665779830329803,0.13342201696701972,0.9598750685622837,0.4061893443277696,5,0.1,0.5,0.6152768654021982,0.6235780995081236,0.6309011912655316,0.6342081283507953,0.6381547768457488,0.6440158825013973,0.6345403772682198,0.6359300902205332,0.6364450871342313,0.6330072361592305,0.6424816187255028,1.0
2,0,0.23209324983321855,0.9287314341368396,8214,1.8333309639331907,0.8802045288531775,1369,1.841506460223335,0.8652,0.7951064434290108,0.08316464668182962,,,0.8681432953982424,,0.8681542091260479,0.1318457908739521,0.9688259694091623,0.4041597230912449,5,0.1,0.5,1.0,0.6189223708880653,0.624820052214016,0.6187618588374794,0.616443800070635,0.6187292327533346,0.6109331458819532,0.6075766215713193,0.6135020005642089,0.5557542404978008,0.6107830345844468,0.6137958041201395
2,1,0.2553015609995182,0.9229084271372072,6574,1.8438436133520943,0.8613138686131386,1096,1.8415148829499755,0.8651,0.803843740705938,0.08322699642776993,,,0.8746741703654091,,0.8746799859444807,0.1253200140555193,0.9687453707205723,0.4041661721176134,5,0.1,0.5,0.6189223708880653,1.0,0.6181526572460662,0.6193053410856286,0.62663595293607,0.6272644291062248,0.6178245780538115,0.6210959058410118,0.6203453509850895,0.5766180797676522,0.6223614417823652,0.628352952263942
2,2,0.26260282262151247,0.9192460660556805,5783,1.8375440835952759,0.8630705394190872,964,1.8414283522401755,0.8653,0.8122637575171291,0.08393312797301847,,,0.9486384947237649,,0.9486521760955775,0.051347823904422496,0.9689028486919401,0.40419988873282625,5,0.1,0.5,0.624820052214016,0.6181526572460662,1.0,0.6414376579472475,0.6241267523203781,0.6307703283143241,0.6349319957553299,0.6271947128366964,0.6364102243224442,0.5700224924746076,0.6297364904393056,0.6378885898904734
2,3,0.23709192247416105,0.9277473047096653,5287,1.8308882926191603,0.8796821793416572,881,1.8414325531298361,0.8655,0.8201560551495931,0.08403544586064422,,,0.9593558652745304,,0.9593644897344511,0.0406355102655489,0.9688917038344131,0.40420090768298983,5,0.1,0.5,0.6187618588374794,0.6193053410856286,0.6414376579472475,1.0,0.631297401385059,0.6496615077590957,0.6403566814280685,0.6403378475009602,0.642208916680402,0.5832886807585093,0.6425009263116546,0.6441982597858656
2,4,0.2791795673852246,0.9137183383991895,4935,1.8441440921563368,0.8637469586374696,822,1.842279840582095,0.8651,0.810749448239618,0.0831047920523246,,,0.8618737734361552,,0.8618844435520305,0.13811555644796947,0.9681842666579701,0.4041527202163958,5,0.1,0.5,0.616443800070635,0.62663595293607,0.6241267523203781,0.631297401385059,1.0,0.6340592631313899,0.6295421845898217,0.6377379701299928,0.6342682980235231,0.5765814975302063,0.6218761837982458,0.6337620007800865
2,5,0.2639293633146237,0.9193914720377115,4667,1.8420065021514893,0.8663239074550129,778,1.841415338242016,0.8652,0.8199284384008609,0.08413706457064757,,,0.9699999998952542,,0.9700015059484965,0.029998494051503455,0.9689039234133179,0.4042014781944226,5,0.1,0.5,0.6187292327533346,0.6272644291062248,0.6307703283143241,0.6496615077590957,0.6340592631313899,1.0,0.6371783768584499,0.6381847170719075,0.6522392363545009,0.5756223625156838,0.6455863986757922,0.6411432545051513
2,6,0.2926295714798783,0.9116999775432293,4453,1.8340773979822795,0.8773584905660378,742,1.8416687623380472,0.8648,0.8136633273796932,0.08340027005212972,,,0.8928238574047896,,0.8928316851563677,0.10716831484363232,0.9685818315483994,0.40418050153084695,5,0.1,0.5,0.6109331458819532,0.6178245780538115,0.6349319957553299,0.6403566814280685,0.6295421845898217,0.6371783768584499,1.0,0.6277704181669648,0.6463136156383198,0.5838957028327836,0.6246722877992162,0.6398673304394331
2,7,0.28272766972016267,0.9169978957213,4277,1.85213331554247,0.8359046283309958,713,1.8420367115221845,0.8648,0.8144127958985338,0.08331121932869336,,,0.8834961667826764,,0.8835048441343306,0.11649515586566939,0.9683563383400206,0.40417370402435543,5,0.1,0.5,0.6075766215713193,0.6210959058410118,0.6271947128366964,0.6403378475009602,0.6377379701299928,0.6381847170719075,0.6277704181669648,1.0,0.6404373152155308,0.5813037937660939,0.6347281174859428,0.6449565975015807
2,8,0.29642640783328367,0.910050859772342,4129,1.8414304364811291,0.8590116279069767,688,1.8421251842389093,0.8649,0.8204703643225623,0.08350168657868295,,,0.9034468141552083,,0.9034586617137694,0.09654133828623057,0.9683230854008481,0.4041867725550975,5,0.1,0.5,0.6135020005642089,0.6203453509850895,0.6364102243224442,0.642208916680402,0.6342682980235231,0.6522392363545009,0.6463136156383198,0.6404373152155308,1.0,0.587086050117914,0.644020564006005,0.643243182692713
2,9,0.32925211422984757,0.9039240189952512,4001,1.8554654632295882,0.8500749625187406,667,1.846508409268559,0.8619,0.7566586331562503,0.08060470388278199,,,0.6,,0.6,0.4,0.9646112029200851,0.4021597199511296,5,0.1,0.5,0.5557542404978008,0.5766180797676522,0.5700224924746076,0.5832886807585093,0.5765814975302063,0.5756223625156838,0.5838957028327836,0.5813037937660939,0.587086050117914,1.0,0.5763946823042199,0.5810024618888754
2,10,0.3112290113889536,0.9042941630239136,3889,1.8444457962399436,0.8580246913580247,648,1.8414410661203793,0.8653,0.8135573782918396,0.0837966380183526,,,0.9343417431531919,,0.934350685206566,0.06564931479343405,0.9688845702053228,0.40419754556368553,5,0.1,0.5,0.6107830345844468,0.6223614417823652,0.6297364904393056,0.6425009263116546,0.6218761837982458,0.6455863986757922,0.6246722877992162,0.6347281174859428,0.644020564006005,0.5763946823042199,1.0,0.6366982378742909
2,11,0.29997179854598616,0.9109469796887365,3791,1.8524632155895233,0.8607594936708861,632,1.841494272692135,0.865,0.8191274127103615,0.08378340857312498,,,0.9329560141279398,,0.9329702324180513,0.06702976758194867,0.9688031602225305,0.4041972316841585,5,0.1,0.5,0.6137958041201395,0.628352952263942,0.6378885898904734,0.6441982597858656,0.6337620007800865,0.6411432545051513,0.6398673304394331,0.6449565975015807,0.643243182692713,0.5810024618888754,0.6366982378742909,1.0
3,0,0.21928764283729552,0.9339663988312636,8214,1.601496840632239,0.9240321402483564,1369,1.6135589101444037,0.9153,0.7907171087001079,0.08269792021773,,,0.763310995673227,,0.7633251342804076,0.2366748657195924,0.9696803661834211,0.40252724044010363,5,0.1,0.5,1.0,0.614341544297582,0.6096827705207869,0.6008205421382239,0.6003227423183513,0.6102244401020718,0.5907154769194006,0.6061761896633542,0.6032746444882855,0.59987096335401,0.6066253279795877,0.6038703611955633
3,1,0.23339569050981437,0.9300882263462124,6574,1.6161916971206665,0.9124087591240876,1096,1.6131158701527994,0.9153,0.8052882356900888,0.08324750037663865,,,0.8451335616666301,,0.8451533557552332,0.1548466442447668,0.970280471758683,0.40279063172627366,5,0.1,0.5,0.614341544297582,1.0,0.6199476976095921,0.6151097912439082,0.6213373877794228,0.6223359223566244,0.60994218418578,0.6158818294518188,0.6090208475895879,0.6169565068879873,0.6234359577730995,0.6183229401017396
3,2,0.24106426924076035,0.9278229292754626,5783,1.6078813575929212,0.9201244813278008,964,1.6128898607656217,0.9155,0.8054798617348062,0.08372216805048685,,,0.9158030107702947,,0.9158224988705387,0.08417750112946132,0.9704696012643634,0.4028584625198666,5,0.1,0.5,0.6096827705207869,0.6199476976095921,1.0,0.6176729232655971,0.6143241646630611,0.6203861812564078,0.6082925330482746,0.6195369097311346,0.6101860784570773,0.6212031982684618,0.6204905206291997,0.6236372233249107
3,3,0.2219895220327988,0.93236239833554,5287,1.600352202142988,0.9250851305334846,881,1.6128820032357407,0.9156,0.8106612395377282,0.08397071113258348,,,0.9528065896066167,,0.9528236534310527,0.047176346568947314,0.9704876231958751,0.40286734789378686,5,0.1,0.5,0.6008205421382239,0.6151097912439082,0.6176729232655971,1.0,0.6162204835953461,0.6273580460864804,0.6166545181436808,0.6336577088187837,0.6276319506297321,0.6279657876895699,0.6302206881822054,0.6217296033254766
3,4,0.2580778965504179,0.9231205673758865,4935,1.615572480055002,0.9197080291970803,822,1.6141113671251,0.9152,0.8014847848869023,0.08303384141004039,,,0.8133235979858371,,0.8133376838512123,0.1866623161487877,0.9701179140348809,0.40272194368019365,5,0.1,0.5,0.6003227423183513,0.6213373877794228,0.6143241646630611,0.6162204835953461,1.0,0.6186103627686032,0.599753049064677,0.6204335568848468,0.6185123201425572,0.6165357488998384,0.6094529060491735,0.6150208411408986
3,5,0.23990405137676185,0.9264195414613242,4667,1.6151888608932494,0.9138817480719794,778,1.6128724649691353,0.9155,0.8120412510863878,0.08408619464278183,,,0.969999999851118,,0.9700015059484965,0.029998494051503455,0.9704880904375371,0.40286860504664324,5,0.1,0.5,0.6102244401020718,0.6223359223566244,0.6203861812564078,0.6273580460864804,0.6186103627686032,1.0,0.6111552690154329,0.6257707088676038,0.627072938970937,0.6264640537597614,0.630558873008212,0.6279281778068818
3,6,0.2743605500319973,0.9180327868852459,4453,1.6021377593278885,0.9272237196765498,742,1.6133307949803508,0.915,0.7970464807070005,0.08307485394516066,,,0.8194296242079249,,0.8194417950906079,0.18055820490939212,0.9701920622417904,0.40273750859204543,5,0.1,0.5,0.5907154769194006,0.60994218418578,0.6082925330482746,0.6166545181436808,0.599753049064677,0.6111552690154329,1.0,0.6062071578358436,0.6140356526229331,0.6214223556032478,0.6096019743298022,0.618633478938161
3,7,0.25632355558171643,0.9226560673369184,4277,1.6281916887863823,0.9004207573632539,713,1.6136531323289718,0.9152,0.8091106086545904,0.08343664742577267,,,0.8732941432657884,,0.8733045529842879,0.12669544701571211,0.9703650822625162,0.40282892078733795,5,0.1,0.5,0.6061761896633542,0.6158818294518188,0.6195369097311346,0.6336577088187837,0.6204335568848468,0.6257707088676038,0.6062071578358436,1.0,0.6287990299309074,0.6190882681219148,0.6196119788432044,0.627836274362785
3,8,0.2676706064884694,0.9189149915233713,4129,1.6121201623569836,0.9127906976744186,688,1.6137053048648773,0.9152,0.8098209278880174,0.08358765498931185,,,0.8957764438599793,,0.8957933838662717,0.10420661613372828,0.9704304893841166,0.40284797946485346,5,0.1,0.5,0.6032746444882855,0.6090208475895879,0.6101860784570773,0.6276319506297321,0.6185123201425572,0.627072938970937,0.6140356526229331,0.6287990299309074,1.0,0.6308981451499419,0.6297233409665232,0.6302609383813296
3,9,0.2730640617063881,0.9166208447888028,4001,1.6323641822451638,0.9160419790104948,667,1.6214587379949161,0.9145,0.8079088189218593,0.08160100420362137,,,0.6,,0.6,0.4,0.9660039617069412,0.40058465978461844,5,0.1,0.5,0.59987096335401,0.6169565068879873,0.6212031982684618,0.6279657876895699,0.6165357488998384,0.6264640537597614,0.6214223556032478,0.6190882681219148,0.6308981451499419,1.0,0.621458743686551,0.6218997802156745
3,10,0.27817798088319967,0.9158652609925431,3889,1.61769437789917,0.9058641975308642,648,1.6128930333323372,0.9155,0.8091876380539479,0.08376104199736942,,,0.9215906398043181,,0.9216103609256563,0.07838963907434371,0.9704717478271043,0.4028606457633427,5,0.1,0.5,0.6066253279795877,0.6234359577730995,0.6204905206291997,0.6302206881822054,0.6094529060491735,0.630558873008212,0.6096019743298022,0.6196119788432044,0.6297233409665232,0.621458743686551,1.0,0.6204177878299878
3,11,0.2645193935661506,0.9210234766552361,3791,1.6282893598079682,0.8908227848101266,632,1.6129400044584428,0.9154,0.8099957333479817,0.08378046160850285,,,0.9244818693870717,,0.9244917423824105,0.0755082576175895,0.9704741884614158,0.4028615503808683,5,0.1,0.5,0.6038703611955633,0.6183229401017396,0.6236372233249107,0.6217296033254766,0.6150208411408986,0.6279281778068818,0.618633478938161,0.627836274362785,0.6302609383813296,0.6218997802156745,0.6204177878299878,1.0
4,0,0.20579819160455598,0.9383248112977842,8214,1.3756573283395102,0.9474068663257852,1369,1.391115959079121,0.9327,0.7812435017947337,0.08356238105320898,,,0.92086161415646,,0.920882485818985,0.07911751418101498,0.9642164585805554,0.3813370002676726,5,0.1,0.5,1.0,0.5919168535470212,0.5923605976730736,0.5966763957577808,0.5801698166646112,0.5925263605683845,0.5626404099726434,0.5876058335702199,0.2941642134668242,0.5695020845543488,0.5888424795660941,0.5971520336426118
4,1,0.2176741105459124,0.9351688469729237,6574,1.3935648747852871,0.9297445255474452,1096,1.3906261303935188,0.9329,0.7889835657194717,0.08420821990689137,,,0.940287244931854,,0.9403092214246273,0.05969077857537275,0.9648369408369287,0.3813426521591752,5,0.1,0.5,0.5919168535470212,1.0,0.6009037170181695,0.6011253454927781,0.6009056732689617,0.5930414812380507,0.5743568261894565,0.585701036205496,0.2968849729536039,0.575345199342126,0.6019531319012208,0.5996382792687971
4,2,0.22423994470727296,0.9329067957807367,5783,1.3836384627126879,0.9346473029045643,964,1.3903892082147324,0.9328,0.7920356663444654,0.08463698162680751,,,0.9531835995166307,,0.953200140555193,0.046799859444807024,0.9650088867866224,0.38134467944644523,5,0.1,0.5,0.5923605976730736,0.6009037170181695,1.0,0.6091916827258032,0.5889260223675321,0.5960053347318648,0.5773319203497285,0.5956254528270387,0.2957227185895823,0.584370932248276,0.6022144445251739,0.6048110781468725
4,3,0.19982440114702962,0.9407225269529034,5287,1.3760017114026206,0.9375709421112373,881,1.3903773059479345,0.9328,0.8030532359078094,0.08519607208401801,,,0.9699999999699218,,0.9700015059484965,0.029998494051503455,0.9650308479704891,0.3813459719783319,5,0.1,0.5,0.5966763957577808,0.6011253454927781,0.6091916827258032,1.0,0.6034233995525659,0.6141237041925433,0.5856167914689875,0.6095111117082632,0.29856870734603674,0.6004130529453618,0.6164668586755125,0.6121597739998387
4,4,0.24369706771426625,0.9283890577507599,4935,1.3923090879733746,0.9318734793187348,822,1.3917211808335668,0.9328,0.7883960746627509,0.08404315521772046,,,0.935322406276504,,0.9353395913859746,0.06466040861402544,0.9646540004419499,0.3813415661025354,5,0.1,0.5,0.5801698166646112,0.6009056732689617,0.5889260223675321,0.6034233995525659,1.0,0.5960321105967671,0.5730123682896513,0.6040852261078781,0.2956188288105341,0.5797348769129268,0.594810184011522,0.6007210483551155
4,5,0.22209557891785078,0.9337475894578958,4667,1.3943185234069824,0.9383033419023136,778,1.3903758251628937,0.9329,0.796158749833975,0.08502911457397337,,,0.9649782287853388,,0.964986697454947,0.03501330254505297,0.9650334395017615,0.38134570713518945,5,0.1,0.5,0.5925263605683845,0.5930414812380507,0.5960053347318648,0.6141237041925433,0.5960321105967671,1.0,0.5756816869736245,0.6083389098332666,0.29829652983995025,0.5834645110192599,0.6161928352248977,0.6095675509035258
4,6,0.23844047066888638,0.9289018639119695,4453,1.3777256608009338,0.9433962264150944,742,1.390853103357382,0.9328,0.7693003979142121,0.08339254411167454,,,0.9157532350314519,,0.9157773204156417,0.08422267958435825,0.9646874050664324,0.38133483905849347,5,0.1,0.5,0.5626404099726434,0.5743568261894565,0.5773319203497285,0.5856167914689875,0.5730123682896513,0.5756816869736245,1.0,0.5753523208309355,0.2747626651996146,0.5759527180964656,0.5808666176028875,0.5872630223208706
4,7,0.23515446782668134,0.9298106149169979,4277,1.4102351769157078,0.9200561009817672,713,1.3912069450932951,0.9328,0.7927834489337968,0.08447084784329852,,,0.9481866044932374,,0.9482003915466091,0.05179960845339093,0.9649484129151561,0.38134401644978866,5,0.1,0.5,0.5876058335702199,0.585701036205496,0.5956254528270387,0.6095111117082632,0.6040852261078781,0.6083389098332666,0.5753523208309355,1.0,0.2934078456695012,0.5816512779857912,0.6058999089501464,0.6083098082740556
4,8,0.4859464808107721,0.8896585129571325,4129,1.3898392536423423,0.9258720930232558,688,1.393514521205768,0.9324,0.4640170826945525,0.07289477908581367,,,0.6,,0.6,0.4,0.9595020568510723,0.37904440527040045,5,0.1,0.5,0.2941642134668242,0.2968849729536039,0.2957227185895823,0.29856870734603674,0.2956188288105341,0.29829652983995025,0.2747626651996146,0.2934078456695012,1.0,0.29960681716487303,0.30396824483149115,0.2936111840389797
4,9,0.274140697383757,0.9165208697825543,4001,1.4134411414464314,0.9295352323838081,667,1.3997764960645487,0.932,0.7784549151559096,0.08272302931724868,,,0.8956154760207857,,0.8956327493599718,0.10436725064002816,0.9594273531515637,0.38132281552658354,5,0.1,0.5,0.5695020845543488,0.575345199342126,0.584370932248276,0.6004130529453618,0.5797348769129268,0.5834645110192599,0.5759527180964656,0.5816512779857912,0.29960681716487303,1.0,0.6003121937711253,0.5834666092632526
4,10,0.2535003368834369,0.9240421702237079,3889,1.3973242328280495,0.9320987654320988,648,1.3903861301013838,0.9328,0.7999181815823015,0.08494320909250207,,,0.9623943517777398,,0.9624065056975052,0.03759349430249481,0.9650097427229218,0.3813455401166984,5,0.1,0.5,0.5888424795660941,0.6019531319012208,0.6022144445251739,0.6164668586755125,0.594810184011522,0.6161928352248977,0.5808666176028875,0.6058999089501464,0.30396824483149115,0.6003121937711253,1.0,0.6079397277370404
4,11,0.24142310769931108,0.9279873384331311,3791,1.4099482297897339,0.9113924050632911,632,1.3904239293485403,0.9329,0.7983233571809751,0.08489966608684262,,,0.9610846592035496,,0.9611063701621404,0.0388936298378596,0.9650144447048252,0.38134545495084415,5,0.1,0.5,0.5971520336426118,0.5996382792687971,0.6048110781468725,0.6121597739998387,0.6007210483551155,0.6095675509035258,0.5872630223208706,0.6083098082740556,0.2936111840389797,0.5834666092632526,0.6079397277370404,1.0
5,0,0.1932042853634964,0.9414414414414415,8214,1.1241725308950556,0.9532505478451424,1369,1.1427155104688942,0.941,0.774126240372587,0.08316258697655923,,,0.9006934675739189,,0.9007128156217057,0.09928718437829431,0.9645493104678302,0.3916524594833398,5,0.1,0.5,1.0,0.5786714531156587,0.5701464514245619,0.5667550817143049,0.5667106205762025,0.5747843493318345,0.5718123139386481,0.5702679418258114,0.5754167574915348,0.5654005021512933,0.5728030973751221,0.5635444745786287
5,1,0.20367473921878715,0.9392150897474901,6574,1.1442310810089111,0.9379562043795621,1096,1.1422161856017554,0.9411,0.7839903772562664,0.0839419930061381,,,0.9349825243205254,,0.9349932232317655,0.06500677676823452,0.9645929011065794,0.39166636050452325,5,0.1,0.5,0.5786714531156587,1.0,0.5777463928775259,0.5707753585407908,0.5828175190081023,0.5827822310682088,0.5771903262011312,0.5766887209278051,0.578374673319793,0.5849612887696329,0.584361205589852,0.5709536571464409
5,2,0.2067094366910008,0.9381981670413281,5783,1.1339243958073277,0.9408713692946058,964,1.1419877861254513,0.941,0.778415745238123,0.08403255100552773,,,0.938966517595004,,0.9389739470910095,0.06102605290899055,0.9645967574869942,0.39166728056980904,5,0.1,0.5,0.5701464514245619,0.5777463928775259,1.0,0.5739444818485895,0.5631691777163533,0.5764432620785043,0.580107498217157,0.5762265207605579,0.5755763332368652,0.5708012079839339,0.5730857321784714,0.5734705033330535
5,3,0.1854657901439771,0.9425761301305088,5287,1.1266011744737625,0.9443813847900113,881,1.1419704040399374,0.9409,0.7832298352451399,0.08457610198591681,,,0.9628794072878197,,0.9628934290447266,0.037106570955273366,0.9646058695733407,0.3916707135419873,5,0.1,0.5,0.5667550817143049,0.5707753585407908,0.5739444818485895,1.0,0.5760947941901966,0.5847182982889765,0.5759141374976752,0.5829521028418734,0.5824615219303643,0.5840317188079206,0.5797883192610879,0.5761706209869546
5,4,0.22373743809158764,0.9328470111448834,4935,1.1436084921543415,0.940389294403893,822,1.1433588651041635,0.941,0.7826909591123729,0.08378580784813416,,,0.9281113409545612,,0.9281260980874454,0.0718739019125546,0.9645843937584502,0.3916645208116328,5,0.1,0.5,0.5667106205762025,0.5828175190081023,0.5631691777163533,0.5760947941901966,1.0,0.5807213428160736,0.5846212633882508,0.5843172793380175,0.5815487277261177,0.5824575084608994,0.5767964437970414,0.5751999435836651
5,5,0.20221626502142787,0.9394471823441183,4667,1.1468977785110475,0.9473007712082262,778,1.1419725305737016,0.9409,0.7909986797091044,0.08473795633206498,,,0.969999999956006,,0.9700015059484965,0.029998494051503455,0.9646070090608473,0.39167112826542844,5,0.1,0.5,0.5747843493318345,0.5827822310682088,0.5764432620785043,0.5847182982889765,0.5807213428160736,1.0,0.5823809565296955,0.5904038796685207,0.5890660830459264,0.5887666305856596,0.5925667784695369,0.5849498376338809
5,6,0.22178570135296988,0.9353694138782843,4453,1.1270976488788922,0.9528301886792453,742,1.142457094055395,0.941,0.7852958479023507,0.08344226041965687,,,0.9129973736215475,,0.9130063751819688,0.08699362481803119,0.964564564058749,0.39165889667936954,5,0.1,0.5,0.5718123139386481,0.5771903262011312,0.580107498217157,0.5759141374976752,0.5846212633882508,0.5823809565296955,1.0,0.5788835057566999,0.5917255169752714,0.5813616190450995,0.5763569191806185,0.5827869564872635
5,7,0.21519859426988483,0.9354220247837269,4277,1.1661347720933997,0.9312762973352033,713,1.142822297045979,0.9411,0.7861333112326118,0.0841931508532374,,,0.94603192007154,,0.9460519050248481,0.05394809497515185,0.964596916365864,0.3916686960233405,5,0.1,0.5,0.5702679418258114,0.5766887209278051,0.5762265207605579,0.5829521028418734,0.5843172793380175,0.5904038796685207,0.5788835057566999,1.0,0.584776954898849,0.5741346001703899,0.5809747125670934,0.5846427865802335
5,8,0.22263181158280812,0.9316541535480746,4129,1.1441817879676819,0.9375,688,1.1482168287514878,0.9408,0.7826999870709244,0.07632768616800077,,,0.6,,0.6,0.4,0.959591136088732,0.38929727017979665,5,0.1,0.5,0.5754167574915348,0.578374673319793,0.5755763332368652,0.5824615219303643,0.5815487277261177,0.5890660830459264,0.5917255169752714,0.584776954898849,1.0,0.5850767250167082,0.5851977759329445,0.5805603172049149
5,9,0.23931071454954936,0.9265683579105224,4001,1.167656279745556,0.9340329835082459,667,1.1517228756468898,0.9414,0.7843704128473469,0.08296175863243728,,,0.8918582594454347,,0.8918728979468902,0.10812710205310982,0.9645256589346504,0.3916461806577304,5,0.1,0.5,0.5654005021512933,0.5849612887696329,0.5708012079839339,0.5840317188079206,0.5824575084608994,0.5887666305856596,0.5813616190450995,0.5741346001703899,0.5850767250167082,1.0,0.5800834456176608,0.5797359806880439
5,10,0.2384926466836182,0.9282591925944973,3889,1.1503137463615054,0.9367283950617284,648,1.1419784358134284,0.941,0.7855836419194506,0.0844898133810086,,,0.9590832410304432,,0.9590984388333919,0.04090156116660815,0.9646047149666817,0.39167041007897085,5,0.1,0.5,0.5728030973751221,0.584361205589852,0.5730857321784714,0.5797883192610879,0.5767964437970414,0.5925667784695369,0.5763569191806185,0.5809747125670934,0.5851977759329445,0.5800834456176608,1.0,0.575043302613768
5,11,0.22745287406156545,0.9306779213927724,3791,1.164658969640732,0.9208860759493671,632,1.1419972973509718,0.941,0.7823929375098091,0.08434833339131816,,,0.95285899434656,,0.9528738517142714,0.047126148285728586,0.9646043395255282,0.39166969523726425,5,0.1,0.5,0.5635444745786287,0.5709536571464409,0.5734705033330535,0.5761706209869546,0.5751999435836651,0.5849498376338809,0.5827869564872635,0.5846427865802335,0.5805603172049149,0.5797359806880439,0.575043302613768,1.0
6,0,0.1833035272027,0.9439250060871682,8214,0.8845905190290406,0.9598246895544192,1369,0.9054358997664893,0.9464,0.7624552537502456,0.08292377229020713,,,0.8693041448441465,,0.8693137894684002,0.1306862105315998,0.9677706086359256,0.3853585093980491,5,0.1,0.5,1.0,0.5616438616013134,0.551914555081764,0.5581956614277844,0.5471701419490704,0.5553280359313273,0.5482028178046783,0.5489194320201737,0.5508537750523445,0.5362798685424562,0.5474309127633256,0.5473453865719938
6,1,0.18891541112747803,0.9432613325220566,6574,0.9056644695145744,0.9416058394160584,1096,0.9048942575058617,0.9464,0.7698740183874271,0.0837106032329791,,,0.9176102490564071,,0.9176296370664123,0.08237036293358768,0.9678902906080066,0.3853978020996616,5,0.1,0.5,0.5616438616013134,1.0,0.555065243707215,0.5555665482321418,0.5622851703600865,0.5636858679829897,0.5557376232996052,0.5510733943302156,0.5537076242835146,0.5535352800799916,0.5531517990054288,0.5522892943956345
6,2,0.19201208086457947,0.9419332526370396,5783,0.896091063176432,0.9408713692946058,964,0.9046923567692693,0.9463,0.7665275295021491,0.0836530484329748,,,0.9140767731649674,,0.9140956779278149,0.08590432207218512,0.9678896829565108,0.3853962572995267,5,0.1,0.5,0.551914555081764,0.555065243707215,1.0,0.5560156077793337,0.5528509272049064,0.5554743401678529,0.5496022970025537,0.5491043258661606,0.5478442404778686,0.5497926991102032,0.5604396642130547,0.5577144356437892
6,3,0.169855342930497,0.9504823151125402,5287,0.8890027552843094,0.9500567536889898,881,0.9046293363784449,0.9462,0.7781283779398551,0.08442928932988997,,,0.9617327201058713,,0.96174890818734,0.038251091812659954,0.9679060041672733,0.3854077219533354,5,0.1,0.5,0.5581956614277844,0.5555665482321418,0.5560156077793337,1.0,0.5623193930469323,0.5769693777438772,0.5642565043857347,0.5618019215187059,0.5635679582468421,0.566127314662136,0.5644406854670635,0.561703013457801
6,4,0.20965656423640827,0.9367781155015198,4935,0.9053218777363117,0.948905109489051,822,0.9059836517888517,0.9463,0.771110167073068,0.08364931445887529,,,0.9138475323812463,,0.913859745996687,0.08614025400331304,0.9678857377801376,0.38539609720642237,5,0.1,0.5,0.5471701419490704,0.5622851703600865,0.5528509272049064,0.5623193930469323,1.0,0.5613519491738147,0.559449577056373,0.5682608963326219,0.561699468642327,0.553399789599919,0.5535226169583076,0.5481482124340571
6,5,0.1825652843456052,0.9460895650310692,4667,0.9091580486297608,0.9524421593830334,778,0.9046357999594448,0.9462,0.7788572358297118,0.0845639503979067,,,0.9699999999386066,,0.9700015059484965,0.029998494051503455,0.9679061225744041,0.38540830450407715,5,0.1,0.5,0.5553280359313273,0.5636858679829897,0.5554743401678529,0.5769693777438772,0.5613519491738147,1.0,0.5591771063788465,0.559870593265535,0.5634691499724847,0.5593015979697011,0.5709648981088938,0.5710196464317473
6,6,0.20745117193220983,0.9389624971929037,4453,0.887894868850708,0.9568733153638814,742,0.9051193688243342,0.9463,0.771367867243973,0.08342737319954281,,,0.9002218384494026,,0.9002409517594498,0.09975904824055015,0.9678672258928118,0.3853884565218846,5,0.1,0.5,0.5482028178046783,0.5557376232996052,0.5496022970025537,0.5642565043857347,0.559449577056373,0.5591771063788465,1.0,0.5594523105092777,0.5610788341447667,0.5632532511142218,0.5539878708868021,0.5604708870574752
6,7,0.19806082622120297,0.940939911152677,4277,0.932680184426515,0.9354838709677419,713,0.9054609441909546,0.9462,0.7709327946985545,0.08391700695823712,,,0.9302820433645803,,0.9303047035791376,0.06969529642086236,0.967904270531275,0.3854022106684715,5,0.1,0.5,0.5489194320201737,0.5510733943302156,0.5491043258661606,0.5618019215187059,0.5682608963326219,0.559870593265535,0.5594523105092777,1.0,0.562656712929337,0.5557494013998124,0.5528823540601094,0.5570764570568679
6,8,0.20438063098646056,0.9405182852991039,4129,0.9091007357293909,0.9462209302325582,688,0.9134381236359715,0.9463,0.7684012705310008,0.07853722865073189,,,0.6,,0.6,0.4,0.9629770727992135,0.3829885648834644,5,0.1,0.5,0.5508537750523445,0.5537076242835146,0.5478442404778686,0.5635679582468421,0.561699468642327,0.5634691499724847,0.5610788341447667,0.562656712929337,1.0,0.5615317644705698,0.5621594028563528,0.5559936424173869
6,9,0.2155163501740765,0.9343164208947763,4001,0.9311551735514686,0.9400299850074962,667,0.913994229639681,0.9467,0.7694128059316749,0.08303498940883185,,,0.8761321245668885,,0.876150795642789,0.12384920435721103,0.9677919696980014,0.38536694919115355,5,0.1,0.5,0.5362798685424562,0.5535352800799916,0.5497926991102032,0.566127314662136,0.553399789599919,0.5593015979697011,0.5632532511142218,0.5557494013998124,0.5615317644705698,1.0,0.5621395223327388,0.5579793486675282
6,10,0.21750492030815755,0.9343275906402674,3889,0.9146325928824288,0.9398148148148148,648,0.9046439903612715,0.9462,0.7717815600699817,0.08414658210184567,,,0.9443764062179656,,0.9443903418503087,0.05560965814969132,0.967906600360605,0.3854054302751495,5,0.1,0.5,0.5474309127633256,0.5531517990054288,0.5604396642130547,0.5644406854670635,0.5535226169583076,0.5709648981088938,0.5539878708868021,0.5528823540601094,0.5621594028563528,0.5621395223327388,1.0,0.5517858482891913
