round,client_id,client_i_training_loss,client_i_training_accuracy,client_i_training_dataset_size,client_i_evaluation_loss,client_i_evaluation_accuracy,client_i_evaluation_dataset_size,client_i_central_evaluation_loss,client_i_central_evaluation_accuracy,client_i_cosine_similarity,client_i_importance_coefficient,client_i_tanh_val,tanh_normalization_value,client_i_q,client_i_mask_order,client_i_v_nonzero_fraction,client_i_v_sparsity,client_i_v_cosine_similarity,client_i_reward_gradient_norm,local_epochs,learning_rate,gamma,client_0_cosine_similarity,client_1_cosine_similarity,client_2_cosine_similarity,client_3_cosine_similarity,client_4_cosine_similarity,client_5_cosine_similarity,client_6_cosine_similarity,client_7_cosine_similarity,client_8_cosine_similarity,client_9_cosine_similarity,client_10_cosine_similarity,client_11_cosine_similarity
0,0,2.216298453675376,0.17631848064280498,6845,2.3013955896550957,0.10810810810810811,1369,2.298974227301682,0.1025,0.8668906295249977,0.07742904331474443,,,0.8,,0.8000115528708884,0.19998844712911157,0,0.13950123056181582,10,0.025,0.15,1.0,0.8976211268371439,0.8414229034747233,0.8405075057228928,0.7912086036335475,0.7869359987372722,0.7202471747722897,0.7417392923554762,0.6905227769688607,0.7312146568104627,0.7051136873461874,0.656634875772103
0,1,2.2585732626360517,0.15251916757940853,5478,2.2976303100585938,0.09580291970802919,1096,2.2989734184892874,0.1026,0.9179910003479942,0.08199323248820602,,,0.874514706632084,,0.8745440742024393,0.1254559257975607,0,0.13953420748136738,10,0.025,0.15,0.8976211268371439,1.0,0.9059980143061627,0.8968096705019506,0.8773257885330639,0.8724915575099669,0.7738151473534092,0.7822429104798796,0.7574522024730639,0.7946402757284403,0.7931226420589655,0.7201567039546817
0,2,2.2835817995824312,0.14962655601659752,4820,2.2960390746593475,0.11721991701244813,964,2.2989730050292194,0.1025,0.9616231038173761,0.08589037004441115,,,0.9381391644862836,,0.9381921407469757,0.061807859253024344,0,0.13954808895100612,10,0.025,0.15,0.8414229034747233,0.9059980143061627,1.0,0.9502163732670632,0.9149938201602221,0.929871764191489,0.8961531644540771,0.8756282187151299,0.8453497568695382,0.8650238148525955,0.851824323036015,0.8305114712301428
0,3,2.289329197066171,0.1669087607807535,4406,2.2972755091530934,0.08967082860385925,881,2.2989730321908297,0.1025,0.9766147323281456,0.08722939415400957,,,0.959999999983674,,0.9600270667260814,0.0399729332739186,0,0.13954939402771566,10,0.025,0.15,0.8405075057228928,0.8968096705019506,0.9502163732670632,1.0,0.9253923656565749,0.9211015742289141,0.9117853440689166,0.9120750137408635,0.8930148416398591,0.91419371995491,0.9013775420964862,0.8588312248794899
0,4,2.292542763189836,0.12935311284046694,4112,2.299310956682478,0.08394160583941605,822,2.298972914490519,0.1025,0.9607608600298517,0.08581335604829878,,,0.9368818381335011,,0.9369130728986153,0.06308692710138475,0,0.13954589621708952,10,0.025,0.15,0.7912086036335475,0.8773257885330639,0.9149938201602221,0.9253923656565749,1.0,0.9512879550980424,0.9004411325292114,0.8853953519279305,0.8847487047935113,0.8923726785368165,0.8982650742170951,0.8681676602690016
0,5,2.290406773167272,0.1389560298277192,3889,2.2969344684055875,0.10925449871465295,778,2.2989728873289086,0.1025,0.9577916916215381,0.0855481555011178,,,0.9325521882831487,,0.9325972504167286,0.06740274958327142,0,0.13954555491074125,10,0.025,0.15,0.7869359987372722,0.8724915575099669,0.929871764191489,0.9211015742289141,0.9512879550980424,1.0,0.9006741112095438,0.8887812149569908,0.8694664157832186,0.8868583422891435,0.8904999203578717,0.855149150365752
0,6,2.2955732296253073,0.12950687146321746,3711,2.2978576024373374,0.10512129380053908,742,2.2989729175084754,0.1025,0.9381578762322286,0.08379449997591558,,,0.9039221026254434,,0.9039626347147266,0.0960373652852734,0,0.13954214256187128,10,0.025,0.15,0.7202471747722897,0.7738151473534092,0.8961531644540771,0.9117853440689166,0.9004411325292114,0.9006741112095438,1.0,0.9252623006984472,0.9032669878871631,0.9054476021250701,0.9133358978277873,0.8968563259376237
0,7,2.2951502425330026,0.11175645342312009,3564,2.298503359158834,0.09957924263674614,713,2.2989729567419124,0.1025,0.9331261798804075,0.08334507830551954,,,0.8965848686390915,,0.8966265617005826,0.10337343829941736,0,0.13954078578692605,10,0.025,0.15,0.7417392923554762,0.7822429104798796,0.8756282187151299,0.9120750137408635,0.8853953519279305,0.8887812149569908,0.9252623006984472,1.0,0.8679402144830809,0.888338166893077,0.9210747365523152,0.8787943217001926
0,8,2.2959865552407726,0.13804126707352513,3441,2.304290016492208,0.10319767441860465,688,2.2989732132682317,0.1025,0.9184796178962364,0.08203687489016383,,,0.8752272101359952,,0.8752785067089172,0.12472149329108284,0,0.1395369045257743,10,0.025,0.15,0.6905227769688607,0.7574522024730639,0.8453497568695382,0.8930148416398591,0.8847487047935113,0.8694664157832186,0.9032669878871631,0.8679402144830809,1.0,0.9439761336094165,0.8762697488623222,0.9327197450168178
0,9,2.2949443561059457,0.14112177564487102,3334,2.3000592788060508,0.11094452773613193,667,2.298973053316527,0.1025,0.9363346804931539,0.08363165555581911,,,0.9012635133932716,,0.9013137264610256,0.09868627353897441,0,0.13954177445598479,10,0.025,0.15,0.7312146568104627,0.7946402757284403,0.8650238148525955,0.91419371995491,0.8923726785368165,0.8868583422891435,0.9054476021250701,0.888338166893077,0.9439761336094165,1.0,0.8859333768224679,0.9184938462255189
0,10,2.295186727780562,0.11999382906510336,3241,2.2990779479344687,0.11265432098765432,648,2.2989730865140503,0.1025,0.9269866285028167,0.08279670510438221,,,0.8876321572910966,,0.8876730867620604,0.11232691323793964,0,0.13953935450755733,10,0.025,0.15,0.7051136873461874,0.7931226420589655,0.851824323036015,0.9013775420964862,0.8982650742170951,0.8904999203578717,0.9133358978277873,0.9210747365523152,0.8762697488623222,0.8859333768224679,1.0,0.8968007761411046
0,11,2.297434621810913,0.12171573282684393,3159,2.30228705406189,0.09335443037974683,632,2.2989741246911546,0.1026,0.9011792063779362,0.08049163461741182,,,0.8499997006651576,,0.8500189797164596,0.14998102028354043,0,0.13952781874476972,10,0.025,0.15,0.656634875772103,0.7201567039546817,0.8305114712301428,0.8588312248794899,0.8681676602690016,0.855149150365752,0.8968563259376237,0.8787943217001926,0.9327197450168178,0.9184938462255189,0.8968007761411046,1.0
1,0,2.0662522267412258,0.2511468224981738,6845,2.2916763479059394,0.14536157779401024,1369,2.2890247151821472,0.144,0.8980285832655395,0.07747062286347993,,,0.8,,0.8000115528708884,0.19998844712911157,0.8630787568509197,0.14479413271401184,10,0.025,0.15,1.0,0.9523396254265881,0.9282698682520673,0.9123604580038019,0.8841055542679865,0.8797242521340276,0.8348772242591648,0.8311857980695002,0.8129182504336864,0.8164124840810105,0.7880239779099568,0.7684870374803852
1,1,2.1185991467431533,0.22904344651332603,5478,2.287503957748413,0.14507299270072993,1096,2.289022047308427,0.1449,0.9489709002770911,0.08197207576484646,,,0.8821390375396875,,0.8821772210394283,0.1178227789605717,0.863056313646116,0.1448464015027738,10,0.025,0.15,0.9523396254265881,1.0,0.9609942002666153,0.9588963047316599,0.9413374228464948,0.9362863503649134,0.893777056972594,0.8953341912740633,0.8786378895242752,0.8787899309821037,0.8584663675869951,0.8385161984588254
1,2,2.166007676563765,0.2083195020746888,4820,2.2866239845752716,0.1545643153526971,964,2.2890172246136244,0.145,0.9691486229987859,0.08505311616657638,,,0.9383594843074768,,0.9384149461141094,0.06158505388589064,0.8631137927108792,0.14485926849087297,10,0.025,0.15,0.9282698682520673,0.9609942002666153,1.0,0.9715762038574086,0.9589063370809962,0.9547154073181919,0.9332918408010713,0.9260973414561386,0.9155018425362483,0.9091077285680511,0.8868725476183785,0.8785329389248049
1,3,2.1803469586372377,0.2215615070358602,4406,2.2869525296347484,0.13961407491486946,881,2.2890166240402414,0.145,0.9799758483418515,0.08623907798189433,,,0.9599999999817528,,0.9600270667260814,0.0399729332739186,0.8631676724166527,0.14486012622264896,10,0.025,0.15,0.9123604580038019,0.9588963047316599,0.9715762038574086,1.0,0.97226387132687,0.965515333049176,0.9453112184134607,0.9454422075559868,0.9332276180910443,0.9327351866724695,0.9130782371899909,0.8975722280165062
1,4,2.1946911746805364,0.20376945525291829,4112,2.2897651536124095,0.13017031630170317,822,2.2890174811399437,0.145,0.9807048165593096,0.08538314818452268,,,0.9443816537948352,,0.9444389430773548,0.055561056922645236,0.8630693575009517,0.14485956900828428,10,0.025,0.15,0.8841055542679865,0.9413374228464948,0.9589063370809962,0.97226387132687,1.0,0.9676349167370769,0.9493681271881803,0.9572976719021509,0.9433598761525733,0.9399265295307625,0.9259617554592666,0.9155892815406264
1,5,2.1902824148055045,0.20539984571869374,3889,2.2874047415597096,0.14524421593830333,778,2.289017529427251,0.145,0.9851627440909495,0.0853641537013554,,,0.9440350571292452,,0.9440758528494331,0.05592414715056693,0.8630567362727475,0.14485952925478648,10,0.025,0.15,0.8797242521340276,0.9362863503649134,0.9547154073181919,0.965515333049176,0.9676349167370769,1.0,0.9629997432236584,0.9631542453357244,0.9538552919983873,0.9503454959042215,0.9414666055555635,0.9326010043703531
1,6,2.2221654998845066,0.19320937752627323,3711,2.2877410650253296,0.15633423180592992,742,2.2890188362025006,0.145,0.9796597998628509,0.08409468707919032,,,0.9208708102031599,,0.9209205987687941,0.07907940123120594,0.86304018328328,0.14485466730737956,10,0.025,0.15,0.8348772242591648,0.893777056972594,0.9332918408010713,0.9453112184134607,0.9493681271881803,0.9629997432236584,1.0,0.9694575672445066,0.9696351737154941,0.9606935516992069,0.9634525902426174,0.9620793592038144
1,7,2.2272424042224883,0.18602693602693604,3564,2.2884776989618936,0.1458625525946704,713,2.2890188573281978,0.145,0.9806196247331757,0.08384685271172183,,,0.9163485199872744,,0.9163819709197736,0.08361802908022642,0.8630771784107568,0.14485419102659874,10,0.025,0.15,0.8311857980695002,0.8953341912740633,0.9260973414561386,0.9454422075559868,0.9572976719021509,0.9631542453357244,0.9694575672445066,1.0,0.9706029555517733,0.9653285975360951,0.9688101370131428,0.9633345120889153
1,8,2.2255457622033576,0.1980819529206626,3441,2.294214606285095,0.14098837209302326,688,2.2890208280539213,0.145,0.9739963136955099,0.08281750460464961,,,0.897565770359361,,0.8976003036754634,0.1023996963245366,0.8631225683844354,0.14484933201293665,10,0.025,0.15,0.8129182504336864,0.8786378895242752,0.9155018425362483,0.9332276180910443,0.9433598761525733,0.9538552919983873,0.9696351737154941,0.9706029555517733,1.0,0.9689326006620536,0.9634646108902497,0.9697810274808396
1,9,2.2210007398216813,0.20176964607078585,3334,2.289410630861918,0.14842578710644677,667,2.289018972010552,0.145,0.9697213733092696,0.08366853396431276,,,0.9130946971419842,,0.913130662969748,0.08686933703025201,0.8630609273094647,0.14485385206052656,10,0.025,0.15,0.8164124840810105,0.8787899309821037,0.9091077285680511,0.9327351866724695,0.9399265295307625,0.9503454959042215,0.9606935516992069,0.9653285975360951,0.9689326006620536,1.0,0.9478950458754198,0.9598912938768478
1,10,2.2315327836916996,0.19796359148410983,3241,2.288304249445597,0.14351851851851852,648,2.289020118834097,0.145,0.9609336657805526,0.08286243761559933,,,0.8983856732560569,,0.8984255087389216,0.10157449126107843,0.8631168306152034,0.14484945468159444,10,0.025,0.15,0.7880239779099568,0.8584663675869951,0.8868725476183785,0.9130782371899909,0.9259617554592666,0.9414666055555635,0.9634525902426174,0.9688101370131428,0.9634646108902497,0.9478950458754198,1.0,0.9714576227324264
1,11,2.237487057685852,0.1766065210509655,3159,2.291598176956177,0.14240506329113925,632,2.2890249717084665,0.1449,0.9547397445866651,0.08122778936185096,,,0.868557873827552,,0.8685943456949052,0.13140565430509477,0.8630129741741215,0.144837040672166,10,0.025,0.15,0.7684870374803852,0.8385161984588254,0.8785329389248049,0.8975722280165062,0.9155892815406264,0.9326010043703531,0.9620793592038144,0.9633345120889153,0.9697810274808396,0.9598912938768478,0.9714576227324264,1.0
2,0,1.968283701605267,0.29076698319941563,6845,2.2763795852661133,0.21548575602629658,1369,2.2735382182688655,0.2082,0.9185306112398213,0.07796357818834157,,,0.8,,0.8000115528708884,0.19998844712911157,0.9481343666977183,0.14576129698012455,10,0.025,0.15,1.0,0.9514506323590981,0.9335998626605895,0.9217420826406011,0.8958890825198785,0.8960886236957544,0.876844492107539,0.8667439192065359,0.8540807095237393,0.8548706464274588,0.8363512513726885,0.8332592327372601
2,1,2.0195592910744424,0.2708105147864184,5478,2.271715667512682,0.22262773722627738,1096,2.2735302146477037,0.2087,0.9623964318957191,0.082183653799912,,,0.8895628250974532,,0.8896040666105527,0.11039593338944731,0.9487423610228742,0.14581778182999025,10,0.025,0.15,0.9514506323590981,1.0,0.9574841294186636,0.9560297368543188,0.9421014903934443,0.9435301630869376,0.9275805494879166,0.9229267261539049,0.9147166150006582,0.9082159584368191,0.9036543369956669,0.8997992371625696
2,2,2.063680540887933,0.2546265560165975,4820,2.2722772359848022,0.2053941908713693,964,2.273520910287205,0.2088,0.974636179544602,0.08449207792914751,,,0.9385545981288665,,0.9386047432787048,0.0613952567212952,0.9488346060001226,0.1458291711215382,10,0.025,0.15,0.9335998626605895,0.9574841294186636,1.0,0.9677922957860973,0.9567081909670394,0.9538173898745902,0.9483915971367581,0.9411653416201208,0.9374066931163828,0.9308798728480002,0.9191857539519306,0.9203595022890048
2,3,2.072763789721898,0.26543349977303676,4406,2.2708303928375244,0.20771850170261066,881,2.273518746412253,0.2087,0.9830855589572222,0.08550255540379907,,,0.9599999999787769,,0.9600270667260814,0.0399729332739186,0.9488808235717954,0.1458305954869148,10,0.025,0.15,0.9217420826406011,0.9560297368543188,0.9677922957860973,1.0,0.9676794412900344,0.9629862902304777,0.959824720472396,0.9570105184705472,0.9494726497105134,0.9447020645503784,0.9419327803434733,0.9346906552160901
2,4,2.0844898736838138,0.25094844357976653,4112,2.27470976965768,0.20194647201946472,822,2.2735207382636733,0.2088,0.9834910617707899,0.08498538516998952,,,0.9490240764504644,,0.9490683434833556,0.05093165651664444,0.9488661476252233,0.14582996626552214,10,0.025,0.15,0.8958890825198785,0.9421014903934443,0.9567081909670394,0.9676794412900344,1.0,0.9640538852933487,0.9651896775048477,0.9666429120103895,0.9585906640580769,0.9568281581647261,0.9469177741535296,0.9467123173139965
2,5,2.0833866442403486,0.2582411931087683,3889,2.272488900593349,0.20179948586118251,778,2.2735209555565556,0.2088,0.9828835952967693,0.08495380273544641,,,0.9483538012417971,,0.9483916753313198,0.05160832466868015,0.9488627570336542,0.14582996586353986,10,0.025,0.15,0.8960886236957544,0.9435301630869376,0.9538173898745902,0.9629862902304777,0.9640538852933487,1.0,0.9663948201851227,0.9611262015111741,0.9608498711560021,0.9500466035546604,0.9501988702184111,0.9516092579791465
2,6,2.1188098212768294,0.24341147938561034,3711,2.272020618120829,0.22776280323450135,742,2.273524393009234,0.2086,0.9837582657374935,0.08419567703069503,,,0.9322640705956527,,0.9323001765938835,0.06769982340611647,0.9488130884577662,0.1458247656215364,10,0.025,0.15,0.876844492107539,0.9275805494879166,0.9483915971367581,0.959824720472396,0.9651896775048477,0.9663948201851227,1.0,0.9689253202417244,0.9717120524474432,0.9571929870071971,0.9638032572945087,0.9645324658810882
2,7,2.11668144932815,0.23975869809203143,3564,2.2725347677866616,0.20897615708274894,713,2.273524462422238,0.2085,0.982040647964675,0.08398608220517285,,,0.9278158316474914,,0.9278605733524781,0.07213942664752193,0.9488029574494229,0.14582433156961597,10,0.025,0.15,0.8667439192065359,0.9229267261539049,0.9411653416201208,0.9570105184705472,0.9666429120103895,0.9611262015111741,0.9689253202417244,1.0,0.9693924156069319,0.9638879625507848,0.9654114111223566,0.9667912079432684
2,8,2.1243293709225126,0.24655623365300786,3441,2.2788385152816772,0.19476744186046513,688,2.2735289078724534,0.2087,0.9787627511094401,0.0832413180720596,,,0.9120096741440584,,0.9120578963872522,0.08794210361274779,0.948803121284268,0.1458221197211965,10,0.025,0.15,0.8540807095237393,0.9147166150006582,0.9374066931163828,0.9494726497105134,0.9585906640580769,0.9608498711560021,0.9717120524474432,0.9693924156069319,1.0,0.9635356826725653,0.9635462521170683,0.9683826696560315
2,9,2.118276539996818,0.24058188362327534,3334,2.27280064423879,0.17841079460269865,667,2.2735258054129686,0.2086,0.9719423510193712,0.08354623427892095,,,0.9184809223912762,,0.9185357561353996,0.08146424386460038,0.9487936722762517,0.14582314549421183,10,0.025,0.15,0.8548706464274588,0.9082159584368191,0.9308798728480002,0.9447020645503784,0.9568281581647261,0.9500466035546604,0.9571929870071971,0.9638879625507848,0.9635356826725653,1.0,0.9458840291604598,0.9560109915306617
2,10,2.1350724009367137,0.24572662758407898,3241,2.2730688651402793,0.20987654320987653,648,2.273528394819815,0.2087,0.9697318366386256,0.08297462485847212,,,0.9063496339358393,,0.9064052417025631,0.09359475829743691,0.9487946663583131,0.14582113862345047,10,0.025,0.15,0.8363512513726885,0.9036543369956669,0.9191857539519306,0.9419327803434733,0.9469177741535296,0.9501988702184111,0.9638032572945087,0.9654114111223566,0.9635462521170683,0.9458840291604598,1.0,0.9693721988791856
2,11,2.145717869758606,0.22690724912947136,3159,2.275125598907471,0.21677215189873417,632,2.2735351278812073,0.2087,0.970140572632702,0.08197501032804355,,,0.8851347767640432,,0.8851809674704164,0.11481903252958359,0.9486942259749489,0.14581683606377602,10,0.025,0.15,0.8332592327372601,0.8997992371625696,0.9203595022890048,0.9346906552160901,0.9467123173139965,0.9516092579791465,0.9645324658810882,0.9667912079432684,0.9683826696560315,0.9560109915306617,0.9693721988791856,1.0
3,0,1.9032129289927306,0.3148575602629657,6845,2.2546926845203745,0.2322863403944485,1369,2.251692551600782,0.2442,0.9234914502622747,0.07843532210263852,,,0.8,,0.8000115528708884,0.19998844712911157,0.9806382112873261,0.14574417912915885,10,0.025,0.15,1.0,0.9488435834401646,0.9328856902565577,0.9256123724895562,0.8969307264594976,0.8964807369560835,0.8871980993181023,0.875878413030137,0.8586704681488703,0.8597133368135624,0.8500529753526195,0.8443576474474911
3,1,1.9528184846390126,0.2944322745527565,5478,2.2495914565192328,0.25547445255474455,1096,2.251657905457895,0.2446,0.96613246772209,0.08244131886211714,,,0.8979755891905737,,0.8980129062071925,0.10198709379280746,0.9810823001429239,0.14578897620107226,10,0.025,0.15,0.9488435834401646,1.0,0.9563803771555235,0.956614566939529,0.9420723353146006,0.9421175403851854,0.933771905092443,0.9294035078944558,0.9179773214378608,0.9134804658610985,0.9159276369765398,0.9122941828133126
3,2,1.9942168031868182,0.2806639004149378,4820,2.2519920468330383,0.25,964,2.2516399908669387,0.2443,0.9739413087768841,0.08412655993269313,,,0.9391919197897343,,0.9392401511775677,0.06075984882243235,0.9812353891379096,0.14579430151087522,10,0.025,0.15,0.9328856902565577,0.9563803771555235,1.0,0.9635308770987082,0.9517292544933226,0.9492010775031109,0.9487529965664603,0.9405689402189833,0.9364454525254661,0.9281348408561928,0.9224886176801983,0.927108946321559
3,3,2.000322302068983,0.29235133908306854,4406,2.24823226247515,0.24971623155505107,881,2.25163719322108,0.2443,0.9808273003362912,0.084977354528408,,,0.9599999999755428,,0.9600270667260814,0.0399729332739186,0.9812491012319259,0.14579490589414507,10,0.025,0.15,0.9256123724895562,0.956614566939529,0.9635308770987082,1.0,0.9590332888289341,0.9560445445835836,0.9576695745172716,0.9530002355833398,0.9455480940549476,0.9405518880402567,0.9410024475462908,0.9377916776434976
3,4,2.010817305246989,0.27570525291828796,4112,2.253477164677211,0.24087591240875914,822,2.2516401206390766,0.2444,0.9812260524539488,0.08466986626068139,,,0.9524796883006963,,0.9525259526992458,0.04747404730075422,0.9812418116013788,0.14579474651193053,10,0.025,0.15,0.8969307264594976,0.9420723353146006,0.9517292544933226,0.9590332888289341,1.0,0.9578360872995434,0.9611639645212554,0.9619401799901454,0.9559847022259579,0.9510265599617843,0.9499070983887864,0.9519079750040202
3,5,2.007967634739414,0.28840318848032914,3889,2.2518325533185686,0.2467866323907455,778,2.251640724230416,0.2444,0.98001505677919,0.08461079637576924,,,0.9510350024646447,,0.9510818438381938,0.04891815616180617,0.9812372320266132,0.14579472530616416,10,0.025,0.15,0.8964807369560835,0.9421175403851854,0.9492010775031109,0.9560445445835836,0.9578360872995434,1.0,0.9629596021471384,0.9557433712368427,0.9567320488494303,0.949763643187233,0.9479405136836792,0.9506947555628115
3,6,2.043797060950049,0.26882241983292915,3711,2.249945958455404,0.2601078167115903,742,2.251644369922107,0.2446,0.9824446833997657,0.08422022563522825,,,0.941482723538168,,0.9415259692033471,0.05847403079665292,0.9812306368125542,0.14579437200157977,10,0.025,0.15,0.8871980993181023,0.933771905092443,0.9487529965664603,0.9576695745172716,0.9611639645212554,0.9629596021471384,1.0,0.9614133436628001,0.9657669691737226,0.9531459032450115,0.9596372070591783,0.9620871854933888
3,7,2.0384940509285245,0.26717171717171717,3564,2.250235398610433,0.24403927068723702,713,2.2516485648819162,0.2446,0.9803361526763174,0.08402156607356023,,,0.9366240606955903,,0.9366490072783087,0.06335099272169131,0.9812053899260575,0.14579256982475028,10,0.025,0.15,0.875878413030137,0.9294035078944558,0.9405689402189833,0.9530002355833398,0.9619401799901454,0.9557433712368427,0.9614133436628001,1.0,0.9635914790264893,0.9593998945533655,0.9618312040151791,0.965924369288304
3,8,2.041721499849249,0.2740191804707934,3441,2.256764809290568,0.2369186046511628,688,2.251657298848599,0.2446,0.9765370112005768,0.08343611709884173,,,0.9223055997274572,,0.9223399514779422,0.07766004852205777,0.981131092226958,0.14579167471591634,10,0.025,0.15,0.8586704681488703,0.9179773214378608,0.9364454525254661,0.9455480940549476,0.9559847022259579,0.9567320488494303,0.9657669691737226,0.9635914790264893,1.0,0.9581532083044805,0.95854673654396,0.9663263813164735
3,9,2.0425208233020924,0.2710557888422315,3334,2.249561071395874,0.21739130434782608,667,2.2516525123692768,0.2446,0.9709884374200386,0.08344410264853759,,,0.9225009041631413,,0.9225462527438069,0.07745374725619314,0.9811579510956192,0.1457917346165907,10,0.025,0.15,0.8597133368135624,0.9134804658610985,0.9281348408561928,0.9405518880402567,0.9510265599617843,0.949763643187233,0.9531459032450115,0.9593998945533655,0.9581532083044805,1.0,0.9493235065135756,0.9566303570202535
3,10,2.056961122384438,0.2790805307004011,3241,2.2520795265833535,0.24382716049382716,648,2.251654289945771,0.2445,0.971057782099414,0.08309213402849028,,,0.9138927262248704,,0.9139311118813025,0.0860688881186975,0.9811290712863714,0.14579099844531604,10,0.025,0.15,0.8500529753526195,0.9159276369765398,0.9224886176801983,0.9410024475462908,0.9499070983887864,0.9479405136836792,0.9596372070591783,0.9618312040151791,0.95854673654396,0.9493235065135756,1.0,0.9633820497961698
3,11,2.0675909190177917,0.26020892687559355,3159,2.252164840698242,0.2610759493670886,632,2.2516658638097065,0.2444,0.9726511817710506,0.08252463645303446,,,0.9000133067800222,,0.9000759188658382,0.09992408113416185,0.9810716358408442,0.14578954727666615,10,0.025,0.15,0.8443576474474911,0.9122941828133126,0.927108946321559,0.9377916776434976,0.9519079750040202,0.9506947555628115,0.9620871854933888,0.965924369288304,0.9663263813164735,0.9566303570202535,0.9633820497961698,1.0
4,0,1.8538091946531225,0.33178962746530316,6845,2.227021239020608,0.25493060628195763,1369,2.223762672158736,0.2677,0.9309030730837186,0.07900833857582654,,,0.8,,0.8000115528708884,0.19998844712911157,0.9881119151607245,0.14553695625908933,10,0.025,0.15,1.0,0.9498191783580295,0.9326365488565527,0.9296930535551586,0.9049774299869595,0.9015694417704823,0.894582035306243,0.8831863923607445,0.8697975003353879,0.8637803035267426,0.860142997675548,0.8577840650269895
4,1,1.9004793818606887,0.31606425702811247,5478,2.2212100293901234,0.28284671532846717,1096,2.22368473644498,0.2679,0.9625641211088146,0.08252527785444444,,,0.8985495653870865,,0.8985822977009786,0.10141770229902136,0.9884233706168345,0.14559085124890628,10,0.025,0.15,0.9498191783580295,1.0,0.9506404684064415,0.9514981853538316,0.9386761412337175,0.9374292816644192,0.9259729096877246,0.9206385036639061,0.9130052258612784,0.9035545347481473,0.9094436310462817,0.9118806996580442
4,2,1.941021345477355,0.30012448132780084,4820,2.2259257435798645,0.27282157676348545,964,2.223660088792632,0.2684,0.9743517517592388,0.08395480529944487,,,0.9386069269884694,,0.9386625076331468,0.06133749236685315,0.9884335681269881,0.14559450641398344,10,0.025,0.15,0.9326365488565527,0.9506404684064415,1.0,0.9621143256321121,0.9507077984335762,0.9476275119954803,0.9473242420931043,0.9398484301738886,0.935778795575752,0.9246093459815075,0.9229957658107057,0.9328068017980746
4,3,1.944328716823033,0.3105764866091693,4406,2.2193466254643033,0.28036322360953464,881,2.223656177520752,0.2684,0.9815823755884505,0.08471826009876864,,,0.9599999999719786,,0.9600270667260814,0.0399729332739186,0.9884392953786051,0.14559502691720583,10,0.025,0.15,0.9296930535551586,0.9514981853538316,0.9621143256321121,1.0,0.9598614073456918,0.957976239660621,0.9561014376558905,0.9503406673537053,0.9447639288584375,0.9375522370962458,0.9404142340078108,0.9400501338885433
4,4,1.9569163810123096,0.2948443579766537,4112,2.2260526588984897,0.27007299270072993,822,2.2236595727220365,0.2682,0.9797564056937293,0.08446802801900227,,,0.9529881465524982,,0.9530375798385899,0.04696242016141006,0.9884408718647563,0.1455949038771273,10,0.025,0.15,0.9049774299869595,0.9386761412337175,0.9507077984335762,0.9598614073456918,1.0,0.9554863936336119,0.9555537722165002,0.9556805771369143,0.9515232754403735,0.9433340680538375,0.9425679877937391,0.9494771369974743
4,5,1.954427368410172,0.30750835690408845,3889,2.225281204496111,0.2583547557840617,778,2.2236610635926453,0.2682,0.9787965835027919,0.08440008279929186,,,0.9510842263132999,,0.9511231040913667,0.04887689590863331,0.9884418090558673,0.14559486871649557,10,0.025,0.15,0.9015694417704823,0.9374292816644192,0.9476275119954803,0.957976239660621,0.9554863936336119,1.0,0.9581689282258784,0.9507455873277644,0.9521966025763677,0.9427946527068112,0.9418992088154201,0.9506794507490248
4,6,1.984108840597087,0.2897601724602533,3711,2.2219203313191733,0.27628032345013476,742,2.2236669546441186,0.2681,0.9795323672314251,0.0841819343024211,,,0.9449713998317159,,0.9450165866217755,0.054983413378224544,0.9884277543119999,0.1455947051460568,10,0.025,0.15,0.894582035306243,0.9259729096877246,0.9473242420931043,0.9561014376558905,0.9555537722165002,0.9581689282258784,1.0,0.9548155771476499,0.9604182762535189,0.9423287579739646,0.9517648153142937,0.9578693957504226
4,7,1.9754918132509505,0.2850448933782267,3564,2.221938888231913,0.2791023842917251,713,2.223671931254713,0.268,0.9767812653192974,0.08396898825785494,,,0.9390043533517034,,0.9390503540129722,0.06094964598702779,0.988437713886558,0.14559450688455022,10,0.025,0.15,0.8831863923607445,0.9206385036639061,0.9398484301738886,0.9503406673537053,0.9556805771369143,0.9507455873277644,0.9548155771476499,1.0,0.9566440570682881,0.9458780321936473,0.9541763537952648,0.9606131262873207
4,8,1.9819356317873353,0.2941296134844522,3441,2.228923479715983,0.24854651162790697,688,2.2236829075632216,0.2681,0.9744092322373865,0.08352859778063455,,,0.9266639952469891,,0.926697034213002,0.07330296578699802,0.9884517855389856,0.14559388119130126,10,0.025,0.15,0.8697975003353879,0.9130052258612784,0.935778795575752,0.9447639288584375,0.9515232754403735,0.9521966025763677,0.9604182762535189,0.9566440570682881,1.0,0.9491417720052974,0.9508274442208711,0.960395251430794
4,9,1.9947652048534816,0.28968206358728255,3334,2.2194765408833823,0.24437781109445278,667,2.22367620166344,0.2681,0.9654897767062269,0.08324248710373928,,,0.9186467732744463,,0.9186925450974567,0.08130745490254332,0.9884509982491424,0.14559335359011433,10,0.025,0.15,0.8637803035267426,0.9035545347481473,0.9246093459815075,0.9375522370962458,0.9433340680538375,0.9427946527068112,0.9423287579739646,0.9458780321936473,0.9491417720052974,1.0,0.9380003222989217,0.9498338893060703
4,10,1.9955738704938155,0.29753162604134525,3241,2.225822846094767,0.26080246913580246,648,2.2236796270442913,0.2681,0.9676353423881332,0.08309427675055023,,,0.9144937115535775,,0.9145417636282617,0.08545823637173833,0.9884502367255408,0.14559303258061504,10,0.025,0.15,0.860142997675548,0.9094436310462817,0.9229957658107057,0.9404142340078108,0.9425679877937391,0.9418992088154201,0.9517648153142937,0.9541763537952648,0.9508274442208711,0.9380003222989217,1.0,0.9535267018534783
4,11,2.0102241067886353,0.2798670465337132,3159,2.222744083404541,0.2879746835443038,632,2.2236958757231506,0.2682,0.9727377207385469,0.08290892315802116,,,0.9092998442332827,,0.9093512237791092,0.09064877622089085,0.9884324625151806,0.1455925949400449,10,0.025,0.15,0.8577840650269895,0.9118806996580442,0.9328068017980746,0.9400501338885433,0.9494771369974743,0.9506794507490248,0.9578693957504226,0.9606131262873207,0.960395251430794,0.9498338893060703,0.9535267018534783,1.0
5,0,1.8097218849040844,0.34577063550036524,6845,2.1936522180383857,0.2731921110299489,1369,2.1901050006287006,0.2909,0.9328546466436155,0.07947343422466087,,,0.8,,0.8000115528708884,0.19998844712911157,0.9904178210870566,0.14529574765634248,10,0.025,0.15,1.0,0.9443160601423236,0.9326012519431393,0.9270886534224949,0.9018129087959803,0.9014650956626413,0.8956764304870793,0.8864248270144566,0.8736458917198843,0.8655519961146619,0.8672361169245395,0.8573239750827604
5,1,1.857835669850194,0.33271266885724715,5478,2.186957756678263,0.30474452554744524,1096,2.189940588383735,0.2907,0.9613678050124835,0.0825862359946725,,,0.8983758123173629,,0.8984172566882871,0.10158274331171291,0.9911014261022686,0.14535915753050352,10,0.025,0.15,0.9443160601423236,1.0,0.9479279723187746,0.9476383463122137,0.932363032068732,0.9341081831048978,0.9230618606928523,0.9200992328939415,0.909828588886489,0.9009646291868904,0.9124902142677445,0.9080985263321093
5,2,1.9001492672844937,0.3141286307053942,4820,2.194659948348999,0.2966804979253112,964,2.189911118036584,0.291,0.9728773350523379,0.08384887568894366,,,0.9382798006743236,,0.9383159215064943,0.061684078493505656,0.991153182066969,0.14536456051736735,10,0.025,0.15,0.9326012519431393,0.9479279723187746,1.0,0.9566274422729942,0.9451757468409143,0.9434820271603956,0.943506455946613,0.9354068038500326,0.9327473495231041,0.9231051026263893,0.9235896487297411,0.9284097037174859
5,3,1.8972473927906581,0.32598729005901045,4406,2.184634106499808,0.3087400681044268,881,2.1899054865293865,0.2909,0.979420519305053,0.08453614498019466,,,0.9599999999683964,,0.9600270667260814,0.0399729332739186,0.9911678154130773,0.14536531666056846,10,0.025,0.15,0.9270886534224949,0.9476383463122137,0.9566274422729942,1.0,0.9557952520818414,0.9521865705572474,0.950936330721079,0.9470687119952275,0.940606984133057,0.933229971557907,0.9402204373075506,0.936246460935184
5,4,1.9088593714164965,0.3103356031128405,4112,2.192662443433489,0.30656934306569344,822,2.189911854418018,0.2909,0.9770182910104908,0.08430247220783238,,,0.952615093862569,,0.9526744896106683,0.04732551038933175,0.9911588103112376,0.14536514946509213,10,0.025,0.15,0.9018129087959803,0.932363032068732,0.9451757468409143,0.9557952520818414,1.0,0.9515641146148882,0.9494381119818781,0.9486555276163144,0.9468447084766087,0.9367804853829212,0.9443086196088124,0.9457894573426336
5,5,1.9070088259635434,0.32329647724350735,3889,2.1937567506517683,0.2647814910025707,778,2.1899141269394113,0.2909,0.9768263732623093,0.08425405450516418,,,0.9510849190610728,,0.9511231040913667,0.04887689590863331,0.991157350525695,0.14536509696190253,10,0.025,0.15,0.9014650956626413,0.9341081831048978,0.9434820271603956,0.9521865705572474,0.9515641146148882,1.0,0.952640272715815,0.9468918954530096,0.9475246850670306,0.9374562351118333,0.9428024161846792,0.9462636583209798
5,6,1.9350478254515548,0.3050929668552951,3711,2.1881306171417236,0.2857142857142857,742,2.189920917341981,0.291,0.9772919602306038,0.08413392310518115,,,0.9472883316355561,,0.9473271607994587,0.05267283920054133,0.9911586239514275,0.1453649573825787,10,0.025,0.15,0.8956764304870793,0.9230618606928523,0.943506455946613,0.950936330721079,0.9494381119818781,0.952640272715815,1.0,0.9502868158181605,0.9551454919882647,0.9400183541646867,0.9474920816122094,0.9533720491096838
5,7,1.9298315346240997,0.30171156004489336,3564,2.1882426341374717,0.302945301542777,713,2.189926609208312,0.2912,0.974750139407864,0.08391882370813326,,,0.9404904114732703,,0.9405522272284663,0.05944777277153368,0.991152949280307,0.1453646900672048,10,0.025,0.15,0.8864248270144566,0.9200992328939415,0.9354068038500326,0.9470687119952275,0.9486555276163144,0.9468918954530096,0.9502868158181605,1.0,0.951690579951188,0.9416630618443154,0.9512380719907089,0.9524321761259973
5,8,1.9330525950149253,0.3069456553327521,3441,2.1950788497924805,0.27761627906976744,688,2.1899399365050884,0.2909,0.9722234736572047,0.0835631188269759,,,0.9292488486579882,,0.9292881781122609,0.07071182188773906,0.9911461960655613,0.14536397778647775,10,0.025,0.15,0.8736458917198843,0.909828588886489,0.9327473495231041,0.940606984133057,0.9468447084766087,0.9475246850670306,0.9551454919882647,0.951690579951188,1.0,0.9427168433507517,0.9463922840177005,0.9549177561693373
5,9,1.937688093273728,0.3048590281943611,3334,2.1835236152013144,0.27436281859070466,667,2.189929364602777,0.2909,0.9632887397328136,0.08309389384145817,,,0.9144196393088375,,0.9144674951725503,0.08553250482744967,0.991141180417277,0.14536231385519807,10,0.025,0.15,0.8655519961146619,0.9009646291868904,0.9231051026263893,0.933229971557907,0.9367804853829212,0.9374562351118333,0.9400183541646867,0.9416630618443154,0.9427168433507517,1.0,0.9357905102413057,0.9411608651502866
5,10,1.9445966550937066,0.3132675100277692,3241,2.193963567415873,0.2824074074074074,648,2.189933982076524,0.2909,0.9688560129668838,0.08318372630606424,,,0.9172586706160127,,0.9172979485402123,0.0827020514597877,0.9911335497046899,0.1453626735606327,10,0.025,0.15,0.8672361169245395,0.9124902142677445,0.9235896487297411,0.9402204373075506,0.9443086196088124,0.9428024161846792,0.9474920816122094,0.9512380719907089,0.9463922840177005,0.9357905102413057,1.0,0.9515385912703919
5,11,1.9588079466819763,0.29522000633111745,3159,2.187359428405762,0.31170886075949367,632,2.1899540032012554,0.2907,0.9699756844760944,0.0831052966107188,,,0.9147800081249599,,0.9148140812992028,0.08518591870079717,0.9911254640291532,0.14536231679284195,10,0.025,0.15,0.8573239750827604,0.9080985263321093,0.9284097037174859,0.936246460935184,0.9457894573426336,0.9462636583209798,0.9533720491096838,0.9524321761259973,0.9549177561693373,0.9411608651502866,0.9515385912703919,1.0
6,0,1.7748619786015263,0.3562892622352082,6845,2.155501127243042,0.2914536157779401,1369,2.151517572282236,0.3162,0.9377322537033017,0.07999136408803184,,,0.8,,0.8000115528708884,0.19998844712911157,0.9925104942261428,0.14495167454844746,10,0.025,0.15,1.0,0.9415728258576311,0.9298351371158895,0.9256195638145808,0.9030470489873542,0.9028877523419263,0.8985808046668861,0.8920524182720644,0.8817674961554444,0.870761108601265,0.8740388805276292,0.8634625292383774
6,1,1.8151614909948304,0.3474078130704637,5478,2.147805505328708,0.3302919708029197,1096,2.1512825368325923,0.3156,0.9603718154058626,0.08266401345238557,,,0.8973738337520324,,0.8974022544602334,0.10259774553976664,0.9928304036511338,0.14501423214413986,10,0.025,0.15,0.9415728258576311,1.0,0.9433940686305017,0.9431008044919295,0.9279060532403736,0.9291716764191696,0.9179926112772245,0.9183188097557805,0.9093733949874785,0.8960862898305529,0.9109658384879888,0.9051098700799478
6,2,1.8533434039668033,0.3269294605809129,4820,2.1587403416633606,0.31016597510373445,964,2.1512512798550762,0.3157,0.971150869101163,0.08380026589984331,,,0.938771429109942,,0.9388192965952039,0.06118070340479609,0.9929069526910537,0.14502053267706025,10,0.025,0.15,0.9298351371158895,0.9433940686305017,1.0,0.9512400999765058,0.9417134495061543,0.938355609849887,0.9379326159101053,0.9316823495357237,0.9296923542407126,0.9150724746310546,0.9203521679370461,0.9267863706793075
6,3,1.8557197454997472,0.3382660009078529,4406,2.145408868789673,0.3337116912599319,881,2.1512429865100717,0.3157,0.9759223049063779,0.08438293296975205,,,0.9599999999635664,,0.9600270667260814,0.0399729332739186,0.9929232496300301,0.14502163246127195,10,0.025,0.15,0.9256195638145808,0.9431008044919295,0.9512400999765058,1.0,0.949952585869259,0.9469367449720275,0.944795801113065,0.9418787671302787,0.9364576491152105,0.9182807391165279,0.9323721614538802,0.9298712421359082
6,4,1.8696577390034994,0.3243920233463035,4112,2.1541165624346053,0.3236009732360097,822,2.1512514277349544,0.3158,0.9741712827562418,0.08418061840575236,,,0.9526289826564442,,0.9526827416613028,0.047317258338697155,0.9929208189098931,0.14502139155491353,10,0.025,0.15,0.9030470489873542,0.9279060532403736,0.9417134495061543,0.949952585869259,1.0,0.9446714979664651,0.944617388101338,0.9430304914769476,0.9429521791184279,0.9242372400882691,0.9369234021146345,0.9402117082370601
6,5,1.8613490554594225,0.3365389560298277,3889,2.1574414116995677,0.2982005141388175,778,2.151253310939934,0.3158,0.9734681531306641,0.08412757685548329,,,0.9506964960509297,,0.9507352577115413,0.049264742288458674,0.9929222375886895,0.14502128688808522,10,0.025,0.15,0.9028877523419263,0.9291716764191696,0.938355609849887,0.9469367449720275,0.9446714979664651,1.0,0.9464408995287812,0.941479806661668,0.9417942273905772,0.9254392275377122,0.9349202966769858,0.9391015629128948
6,6,1.8929511822503189,0.32026407976286714,3711,2.1494844357172647,0.31536388140161725,742,2.1512612451480915,0.316,0.9743410129855382,0.08408151014017184,,,0.9490181267376683,,0.9490600914327211,0.050939908567278924,0.9929225119662893,0.14502120944000962,10,0.025,0.15,0.8985808046668861,0.9179926112772245,0.9379326159101053,0.944795801113065,0.944617388101338,0.9464408995287812,1.0,0.944753816727667,0.948624783713923,0.9285024489224768,0.94156292685772,0.9473349850173247
6,7,1.8814341281141553,0.31745230078563413,3564,2.149669051170349,0.3267882187938289,713,2.1512704951853694,0.3158,0.972406180108211,0.08388472119619779,,,0.9418484268247875,,0.9419055635325378,0.05809443646746215,0.9929127080733949,0.14502082869901659,10,0.025,0.15,0.8920524182720644,0.9183188097557805,0.9316823495357237,0.9418787671302787,0.9430304914769476,0.941479806661668,0.944753816727667,1.0,0.9464787997535047,0.9317008167370282,0.9421475469898135,0.9451754000083605
6,8,1.8888528987213418,0.3212728857890148,3441,2.1559011538823447,0.30959302325581395,688,2.1512880023521714,0.3154,0.9703687149247937,0.08359727389144832,,,0.9313757301671348,,0.9314172071759832,0.0685827928240168,0.9928993292193548,0.1450197804727736,10,0.025,0.15,0.8817674961554444,0.9093733949874785,0.9296923542407126,0.9364576491152105,0.9429521791184279,0.9417942273905772,0.948624783713923,0.9464787997535047,1.0,0.9326462715713911,0.9376511580493204,0.9473457648484648
6,9,1.9010845996715404,0.31844631073785246,3334,2.142621874809265,0.3103448275862069,667,2.151272152043596,0.3158,0.9570570792651925,0.08287090182665409,,,0.9049114907413631,,0.9049528807908765,0.09504711920912345,0.9928662699557574,0.14501590288259986,10,0.025,0.15,0.870761108601265,0.8960862898305529,0.9150724746310546,0.9182807391165279,0.9242372400882691,0.9254392275377122,0.9285024489224768,0.9317008167370282,0.9326462715713911,1.0,0.9278572961778615,0.9304965697874716
