round,client_id,client_i_training_loss,client_i_training_accuracy,client_i_training_dataset_size,client_i_evaluation_loss,client_i_evaluation_accuracy,client_i_evaluation_dataset_size,client_i_central_evaluation_loss,client_i_central_evaluation_accuracy,client_i_cosine_similarity,client_i_importance_coefficient,client_i_tanh_val,tanh_normalization_value,client_i_q,client_i_mask_order,client_i_v_nonzero_fraction,client_i_v_sparsity,client_i_v_cosine_similarity,client_i_reward_gradient_norm,local_epochs,learning_rate,gamma,client_0_cosine_similarity,client_1_cosine_similarity,client_2_cosine_similarity,client_3_cosine_similarity,client_4_cosine_similarity,client_5_cosine_similarity,client_6_cosine_similarity,client_7_cosine_similarity,client_8_cosine_similarity,client_9_cosine_similarity,client_10_cosine_similarity,client_11_cosine_similarity
0,0,0.2772816755109492,0.9143657170684197,8214,2.194372587425764,0.44777209642074506,1369,2.1989307898682906,0.4332,0.8006348938481898,0.08483387979652404,0.08463095348451308,0.08463095348451308,0.9999999999881839,,0.9999949801716781,5.019828321906061e-06,0,0.3938700059173071,5,0.1,0.5,1.0,0.5747685008924137,0.5583779798860532,0.564260425066771,0.5706884867899059,0.5764344011308297,0.5849390175006396,0.572101603041817,0.5735300351132693,0.5682313474802982,0.5850891441631731,0.5701573281698621
0,1,0.29926554930161287,0.9075752966230606,6574,2.199977902003697,0.43704379562043794,1096,2.198930258187242,0.4332,0.7936834092617956,0.08409731258924794,0.08389961640828929,0.08463095348451308,0.9913585154473181,,0.9913558556297375,0.008644144370262508,0,0.3938699973260865,5,0.1,0.5,0.5747685008924137,1.0,0.5631603778488826,0.5752177230459229,0.5922510453104199,0.5907595632335648,0.5797832452495437,0.5817984424166114,0.5786917275410556,0.5700114116476664,0.5977880746335225,0.5737531110642041
0,2,0.33114590933392063,0.8952100985647587,5783,2.196200893771264,0.45850622406639,964,2.198930533168415,0.4332,0.7772015826518685,0.08235092692932086,0.08216527145641817,0.08463095348451308,0.9708654821014514,,0.9708649164198584,0.029135083580141607,0,0.39386976685498093,5,0.1,0.5,0.5583779798860532,0.5631603778488826,1.0,0.5773848119196657,0.5855202521421978,0.5723599935408579,0.5822136565985851,0.5775820482624807,0.5634974007942265,0.5670264511581133,0.5797555133009787,0.5634175241510743
0,3,0.3399661361935537,0.892831473425383,5287,2.2018194368907382,0.4199772985244041,881,2.1989303716836264,0.4332,0.7870694315897039,0.08339650702715923,0.08320370311470535,0.08463095348451308,0.9831355985957071,,0.9831735354650871,0.016826464534912877,0,0.3938699580034264,5,0.1,0.5,0.564260425066771,0.5752177230459229,0.5773848119196657,1.0,0.5923004771823601,0.5963147698349981,0.595327098964267,0.5935951854840479,0.5842517788574151,0.583213107231252,0.5871642932051045,0.5890101371886092
0,4,0.3288657534062382,0.8954407294832827,4935,2.2019855059110203,0.4209245742092457,822,2.19893068018051,0.4332,0.7949058221279031,0.08422683732885383,0.08402822800603874,0.08463095348451308,0.9928781910796087,,0.9928768636112645,0.007123136388735518,0,0.39387000055152205,5,0.1,0.5,0.5706884867899059,0.5922510453104199,0.5855202521421978,0.5923004771823601,1.0,0.5927916380075955,0.6069859830520709,0.6016834568174447,0.6146597314934287,0.5854164599508855,0.6076081636178357,0.593790885819939
0,5,0.3515149749509276,0.8897793014784658,4667,2.196418514251709,0.4305912596401028,778,2.1989303732070677,0.4332,0.7908314666182104,0.08379512571072005,0.08359954906862538,0.08463095348451308,0.9878129174443927,,0.9878118568344962,0.012188143165503762,0,0.393869986354525,5,0.1,0.5,0.5764344011308297,0.5907595632335648,0.5723599935408579,0.5963147698349981,0.5927916380075955,1.0,0.5941903394885348,0.6113405729929872,0.5998913261880134,0.5798831541282911,0.5973796909932992,0.612947234170608
0,6,0.3687419390971107,0.8816079047832922,4453,2.20584437251091,0.4191374663072776,742,2.198930393773527,0.4332,0.7885588631436597,0.08355432460216664,0.08336042608210179,0.08463095348451308,0.9849874383888539,,0.9849856934892827,0.015014306510717335,0,0.39386997163707954,5,0.1,0.5,0.5849390175006396,0.5797832452495437,0.5822136565985851,0.595327098964267,0.6069859830520709,0.5941903394885348,1.0,0.5963421091707942,0.5997330844230375,0.579168819208083,0.5994835080294001,0.5916859748661559
0,7,0.35719084984608995,0.8855272387187281,4277,2.1935712150905444,0.44039270687237025,713,2.1989303366444743,0.4332,0.7874406831958553,0.08343584420116014,0.08324276783522795,0.08463095348451308,0.9835971876351037,,0.9835952010441243,0.016404798955875655,0,0.3938699614846208,5,0.1,0.5,0.572101603041817,0.5817984424166114,0.5775820482624807,0.5935951854840479,0.6016834568174447,0.6113405729929872,0.5963421091707942,1.0,0.6055965124679339,0.5920033077962699,0.5967158436912933,0.5989832173448435
0,8,0.3713926601453785,0.8817147008961007,4129,2.205002275380221,0.41424418604651164,688,2.1989302566638007,0.4332,0.7837425712250284,0.08304399869352892,0.08285362489228897,0.08463095348451308,0.9789990716159382,,0.9789970383012901,0.021002961698709854,0,0.3938699137412783,5,0.1,0.5,0.5735300351132693,0.5786917275410556,0.5634974007942265,0.5842517788574151,0.6146597314934287,0.5998913261880134,0.5997330844230375,0.6055965124679339,1.0,0.5819808117430904,0.6069609624782324,0.5983700687903061
0,9,0.39689673170269957,0.8790302424393901,4001,2.1985770066579184,0.4452773613193403,667,2.1989303861563196,0.4332,0.7694879226313993,0.0815336009396647,0.0813534090017675,0.08463095348451308,0.9612725090671864,,0.9612720244967622,0.03872797550323781,0,0.39386948477864164,5,0.1,0.5,0.5682313474802982,0.5700114116476664,0.5670264511581133,0.583213107231252,0.5854164599508855,0.5798831541282911,0.579168819208083,0.5920033077962699,0.5819808117430904,1.0,0.5848967217690402,0.5821876012880203
0,10,0.3703079835756025,0.8842890203137054,3889,2.1890924998692105,0.4675925925925926,648,2.1989303716836264,0.4332,0.7870514770392809,0.08339460459424743,0.083201813851764,0.08463095348451308,0.9831132750502012,,0.9831735354650871,0.016826464534912877,0,0.3938699580034264,5,0.1,0.5,0.5850891441631731,0.5977880746335225,0.5797555133009787,0.5871642932051045,0.6076081636178357,0.5973796909932992,0.5994835080294001,0.5967158436912933,0.6069609624782324,0.5848967217690402,1.0,0.5969895704626256
0,11,0.40343557238704014,0.8765497230282248,3791,2.209342157840729,0.375,632,2.198930599438116,0.4332,0.7770704995065965,0.08233703758740635,0.08215147586753906,0.08463095348451308,0.9707024733167108,,0.9706992620852367,0.029300737914763286,0,0.3938697629670089,5,0.1,0.5,0.5701573281698621,0.5737531110642041,0.5634175241510743,0.5890101371886092,0.593790885819939,0.612947234170608,0.5916859748661559,0.5989832173448435,0.5983700687903061,0.5821876012880203,0.5969895704626256,1.0
1,0,0.2516299212456532,0.9222059897735574,8214,2.0328558184379757,0.7246165084002922,1369,2.039706858583152,0.7038,0.798962163656207,0.08407928676476865,0.08388171744314595,0.0841569301853397,0.9967297673217833,,0.9967270719341399,0.0032729280658601034,0.9596213958100169,0.4030884598845425,5,0.1,0.5,1.0,0.6142183566916174,0.6153683752158183,0.6178147152386967,0.6243013352348085,0.6223983335061525,0.6088271590007768,0.6162231371325264,0.6042163059829333,0.569797540645599,0.6200096634046337,0.6079324858966337
1,1,0.26865866231614527,0.9184362640705811,6574,2.039896535873413,0.7016423357664233,1096,2.0397060085028507,0.7037,0.8031456423907458,0.08373710784355416,0.08354193640226591,0.0841569301853397,0.9926922977975541,,0.9926911299633553,0.00730887003664471,0.9596213704411709,0.4030884570265617,5,0.1,0.5,0.6142183566916174,1.0,0.627754127486846,0.6280719315528277,0.6185733616341393,0.6297293539036756,0.6156399643691581,0.6166230420019748,0.6003934282156351,0.563065709600163,0.630723660805616,0.6203178396641744
1,2,0.29067674862601645,0.9113263012277365,5783,2.03779778557439,0.7053941908713693,964,2.03970857626333,0.7038,0.813070638396747,0.082926019823395,0.08273645476964535,0.0841569301853397,0.9831211117902096,,0.9831183173535465,0.01688168264645351,0.9596201154375642,0.40308841515395993,5,0.1,0.5,0.6153683752158183,0.627754127486846,1.0,0.6315427625659589,0.6433150486235147,0.6409096063234652,0.6201798103634424,0.6326815899942849,0.61579434379781,0.5776036958847998,0.6346506609643647,0.6292159788511216
1,3,0.297250658245645,0.9083412142992245,5287,2.0412214483533586,0.6980703745743473,881,2.039706521140882,0.7038,0.8114135813482227,0.08356107583799076,0.08336713040008072,0.0841569301853397,0.9906151545153771,,0.9906129210381005,0.009387078961899498,0.9596213921058115,0.40308845284269856,5,0.1,0.5,0.6178147152386967,0.6280719315528277,0.6315427625659589,1.0,0.6309871387779511,0.6378716171082243,0.6248404859535877,0.6305592546596402,0.6101820749685287,0.577315374396762,0.6322154681966063,0.6270034959013311
1,4,0.28476165251986635,0.91209726443769,4935,2.041634128643916,0.6824817518248175,822,2.0397065995981136,0.7038,0.8184432489551035,0.08435645611560744,0.0841569301853397,0.0841569301853397,0.9999999999881174,,0.9999949801716781,5.019828321906061e-06,0.959621467022258,0.4030884600078099,5,0.1,0.5,0.6243013352348085,0.6185733616341393,0.6433150486235147,0.6309871387779511,1.0,0.6424329501354749,0.641677441523819,0.63722996700934,0.6163134180480739,0.5788455228289666,0.6527285361594837,0.6263915007312753
1,5,0.31189712124481184,0.9061067066638098,4667,2.0381112241744996,0.7146529562982005,778,2.0397061871263547,0.7038,0.8210603105450481,0.08416165759370689,0.08396350813388206,0.0841569301853397,0.9977016503331411,,0.9977009186285829,0.0022990813714171,0.9596212381752296,0.4030884599869188,5,0.1,0.5,0.6223983335061525,0.6297293539036756,0.6409096063234652,0.6378716171082243,0.6424329501354749,1.0,0.6378605061289008,0.6472012951243822,0.6248120347760052,0.5790193469671882,0.6415042619846768,0.6362831497970837
1,6,0.3197934450016224,0.9008309005165057,4453,2.05165688196818,0.6967654986522911,742,2.039706464011829,0.7038,0.8095257206028762,0.08359981168543858,0.0834055969061117,0.0841569301853397,0.9910722351853327,,0.9910697254153908,0.008930274584609155,0.9596214131829653,0.403088453990633,5,0.1,0.5,0.6088271590007768,0.6156399643691581,0.6201798103634424,0.6248404859535877,0.641677441523819,0.6378605061289008,1.0,0.635398516422314,0.6070899977487455,0.5681825431883775,0.6389162935439288,0.6306699911409794
1,7,0.3125333275923978,0.9066635492167407,4277,2.0340692841488384,0.7166900420757363,713,2.0397063924100833,0.7038,0.8154535880356897,0.08372804169505743,0.08353293352191409,0.0841569301853397,0.9925853205072479,,0.9925806937402741,0.007419306259725866,0.9596214426681854,0.40308845686338013,5,0.1,0.5,0.6162231371325264,0.6166230420019748,0.6326815899942849,0.6305592546596402,0.63722996700934,0.6472012951243822,0.635398516422314,1.0,0.6170098689260635,0.5700463578383069,0.6458335694718484,0.6385014526391461
1,8,0.3514764120522495,0.8931460402034391,4129,2.0492795434865085,0.6831395348837209,688,2.039708579310213,0.7038,0.7940549939922453,0.0827220900045707,0.08253391750139348,0.0841569301853397,0.9807144500001062,,0.9807138195873701,0.01928618041262986,0.9596212193018623,0.4030883953872354,5,0.1,0.5,0.6042163059829333,0.6003934282156351,0.61579434379781,0.6101820749685287,0.6163134180480739,0.6248120347760052,0.6070899977487455,0.6170098689260635,1.0,0.5567394926356227,0.626030670103441,0.6034272489158468
1,9,0.3786452285391057,0.8890777305673582,4001,2.0414136421112787,0.712143928035982,667,2.0397137776731302,0.7037,0.7550794529137426,0.08036192243799296,0.08018937468720168,0.0841569301853397,0.9528552729959007,,0.9528537724009839,0.0471462275990161,0.9596190572462732,0.4030876715751005,5,0.1,0.5,0.569797540645599,0.563065709600163,0.5776036958847998,0.577315374396762,0.5788455228289666,0.5790193469671882,0.5681825431883775,0.5700463578383069,0.5567394926356227,1.0,0.5993126155998335,0.5740824086573542
1,10,0.31403067548163843,0.9065055284134739,3889,2.0247209810075306,0.7160493827160493,648,2.039706418308587,0.7038,0.8232527442604467,0.08397271795029287,0.08377589751649486,0.0841569301853397,0.9954723554079127,,0.995472114853672,0.004527885146327959,0.9596213574990574,0.40308845950649674,5,0.1,0.5,0.6200096634046337,0.630723660805616,0.6346506609643647,0.6322154681966063,0.6527285361594837,0.6415042619846768,0.6389162935439288,0.6458335694718484,0.626030670103441,0.5993126155998335,1.0,0.6413863494228106
1,11,0.35751524764825315,0.8917436032709047,3791,2.053339022397995,0.6772151898734177,632,2.039709991540391,0.7038,0.8095437473019693,0.08279381224762454,0.08260515076167385,0.0841569301853397,0.9815608836820696,,0.9815571507454445,0.018442849254555527,0.9596200705636495,0.40308840264484225,5,0.1,0.5,0.6079324858966337,0.6203178396641744,0.6292159788511216,0.6270034959013311,0.6263915007312753,0.6362831497970837,0.6306699911409794,0.6385014526391461,0.6034272489158468,0.5740824086573542,0.6413863494228106,1.0
2,0,0.23073233346915026,0.931263696128561,8214,1.8391033632810725,0.8670562454346238,1369,1.8488245920632214,0.8533,0.8030204971151713,0.08423934270400642,0.08404064507090142,0.08479208320950406,0.9911378738303065,,0.9911349831835751,0.008865016816424931,0.9652350262980915,0.3960704376295618,5,0.1,0.5,1.0,0.6228786647627604,0.6253179238989515,0.6227390938940675,0.6177078213278966,0.6320399178403354,0.6159545822900372,0.6228704410967424,0.6166159608254476,0.3935658494775434,0.6342095626120919,0.6176524067476971
2,1,0.2451120335527343,0.9255552175235777,6574,1.8479607037135533,0.8467153284671532,1096,1.8488231752627193,0.8533,0.8059259030503938,0.0841131520211344,0.08391534432320545,0.08479208320950406,0.9896601327140173,,0.9896591536569449,0.010340846343055099,0.965234983561741,0.3960704350943322,5,0.1,0.5,0.6228786647627604,1.0,0.633857211276798,0.6263969259436559,0.6259546309986008,0.6303795128747461,0.6266892569417772,0.6168332822454946,0.6180637396594706,0.39142793508470813,0.635638715913043,0.6224948106521596
2,2,0.2678146111218063,0.9190731454262494,5783,1.8479042360859532,0.8516597510373444,964,1.8488271407806836,0.8533,0.8118041906111273,0.08377864136992594,0.08358317991243026,0.08479208320950406,0.9857427338461235,,0.9857386677375634,0.014261332262436643,0.9652349828032518,0.39607042148613836,5,0.1,0.5,0.6253179238989515,0.633857211276798,1.0,0.6335147776404144,0.6325210668675818,0.631350955059756,0.6295529155974556,0.631372819432637,0.6271350596321996,0.3885247151126172,0.6453717029655358,0.6312719750704552
2,3,0.26691128487238686,0.9199924342727445,5287,1.8489946595260076,0.8592508513053349,881,1.8488239407920228,0.8533,0.8102935769403385,0.08414905346742461,0.08395099285181624,0.08479208320950406,0.9900805555561156,,0.9900757994076602,0.009924200592339782,0.9652349765537329,0.3960704358925216,5,0.1,0.5,0.6227390938940675,0.6263969259436559,0.6335147776404144,1.0,0.6325192737550724,0.6300377791256465,0.6300373462029627,0.6375693972294477,0.6240508727128241,0.391296647907643,0.6373548386257853,0.6272751309209046
2,4,0.2578374131624737,0.9199189463019251,4935,1.8508059290739207,0.8588807785888077,822,1.8488245417896552,0.8533,0.8138970256733619,0.08480582429831832,0.08460309886482997,0.08479208320950406,0.9977712029411411,,0.9977711962250891,0.002228803774910859,0.9652349992471527,0.39607044186545076,5,0.1,0.5,0.6177078213278966,0.6259546309986008,0.6325210668675818,0.6325192737550724,1.0,0.6341703117324126,0.6391326730675735,0.636614799023341,0.6318737480042349,0.39469650422068714,0.6513965744745885,0.6269962606496712
2,5,0.27870038398222563,0.9148917934433255,4667,1.8497142601013183,0.8611825192802056,778,1.848823938887721,0.8533,0.8171705658908842,0.0847908178376436,0.08458819979674916,0.08479208320950406,0.9975954899793091,,0.9975904824055017,0.002409517594498256,0.9652350139972496,0.39607044184221585,5,0.1,0.5,0.6320399178403354,0.6303795128747461,0.631350955059756,0.6300377791256465,0.6341703117324126,1.0,0.640613769224447,0.6451480808445302,0.6338531914319643,0.4043224170672837,0.647453417009926,0.626376914898322
2,6,0.2759927870772247,0.915742196272176,4453,1.8649220416943233,0.8490566037735849,742,1.8488242397673975,0.8533,0.8143396344181585,0.08431686486710023,0.08411761920649255,0.08479208320950406,0.9920456724440052,,0.9920435721098338,0.007956427890166151,0.9652349414804562,0.3960704389191874,5,0.1,0.5,0.6159545822900372,0.6266892569417772,0.6295529155974556,0.6300373462029627,0.6391326730675735,0.640613769224447,1.0,0.643422354430674,0.63781197409053,0.39350514427846356,0.6469463733751659,0.6273467608783638
2,7,0.27940655120217534,0.9173252279635259,4277,1.8425957534624182,0.8709677419354839,713,1.8488242786151532,0.8533,0.8168607356951496,0.084490832561152,0.0842903534149906,0.08479208320950406,0.994082822634893,,0.9940816224085136,0.00591837759148639,0.9652349786940085,0.3960704408504551,5,0.1,0.5,0.6228704410967424,0.6168332822454946,0.631372819432637,0.6375693972294477,0.636614799023341,0.6451480808445302,0.643422354430674,1.0,0.63778727965954,0.3910629339736936,0.6525937646012556,0.6390593478357245
2,8,0.2861556124580854,0.9128118188423348,4129,1.8622810948978772,0.8357558139534884,688,1.8488269648232019,0.8533,0.8094403371734507,0.08355971909337898,0.08336578308479801,0.08479208320950406,0.9831788526510767,,0.9831785552934089,0.016821444706591082,0.9652347711401681,0.3960704059321483,5,0.1,0.5,0.6166159608254476,0.6180637396594706,0.6271350596321996,0.6240508727128241,0.6318737480042349,0.6338531914319643,0.63781197409053,0.63778727965954,1.0,0.387129654529714,0.6459994841475217,0.6279430097517092
2,9,0.40097077104788725,0.897725568607848,4001,1.8530362333570207,0.8260869565217391,667,1.848946543547292,0.8531,0.558460745470558,0.073178699956106,0.07304835220178518,0.08479208320950406,0.8614996758652103,,0.8614979167712464,0.13850208322875357,0.9651822834221013,0.3960501304422343,5,0.1,0.5,0.3935658494775434,0.39142793508470813,0.3885247151126172,0.391296647907643,0.39469650422068714,0.4043224170672837,0.39350514427846356,0.3910629339736936,0.387129654529714,1.0,0.4045529751069713,0.3898212637052915
2,10,0.2775169671574211,0.9197737207508357,3889,1.8280570961180187,0.8611111111111112,648,1.8488244180100413,0.8533,0.8266123566116576,0.08499617415288692,0.08479208320950406,0.08479208320950406,0.9999999999882064,,0.9999949801716781,5.019828321906061e-06,0.9652349770499901,0.39607044195090907,5,0.1,0.5,0.6342095626120919,0.635638715913043,0.6453717029655358,0.6373548386257853,0.6513965744745885,0.647453417009926,0.6469463733751659,0.6525937646012556,0.6459994841475217,0.4045529751069713,1.0,0.6447316839774151
2,11,0.31612561953042734,0.9063044051701398,3791,1.865609449148178,0.8370253164556962,632,1.8488293989016986,0.8533,0.808680560090072,0.0835808776709225,0.08338679457625588,0.08479208320950406,0.9834266528072033,,0.9834245268811806,0.01657547311881935,0.9652348881637094,0.3960704076783433,5,0.1,0.5,0.6176524067476971,0.6224948106521596,0.6312719750704552,0.6272751309209046,0.6269962606496712,0.626376914898322,0.6273467608783638,0.6390593478357245,0.6279430097517092,0.3898212637052915,0.6447316839774151,1.0
3,0,0.2134691166832811,0.9357195032870709,8214,1.6121184909066488,0.9262235208181154,1369,1.6253508573142104,0.9051,0.7961276002457841,0.08387818343135227,0.08368202573555893,0.08500690080385738,0.9844144998023178,,0.9844134330605894,0.015586566939410629,0.9675301024197824,0.39942554177817624,5,0.1,0.5,1.0,0.6162609651510986,0.6124302505352139,0.6155826008027214,0.6183550371994708,0.6156498292164928,0.5898164437679568,0.6059313424791836,0.6060239182555373,0.5214078740005686,0.6172215292957631,0.5979585209406065
3,1,0.2228395924993872,0.9327654396105871,6574,1.623458422933306,0.8923357664233577,1096,1.6253494892638332,0.9051,0.802547371820498,0.08401894949365049,0.08382180441050793,0.08500690080385738,0.9860588213059317,,0.9860549169218412,0.013945083078158782,0.9675304384654216,0.39942555133619384,5,0.1,0.5,0.6162609651510986,1.0,0.6254083802129836,0.6197217696237555,0.619285291428646,0.6221541965405515,0.6005527139583887,0.6092321739155157,0.6097968589093096,0.5246967824878902,0.6317355552064766,0.5995994227032058
3,2,0.24557135562150023,0.9264741483659,5783,1.625714002117034,0.8973029045643154,964,1.625354853681863,0.9051,0.808439840408241,0.08400273736367939,0.08380570616662548,0.08500690080385738,0.9858694455760789,,0.9858742031022539,0.014125796897746068,0.9675305083338122,0.3994255503294358,5,0.1,0.5,0.6124302505352139,0.6254083802129836,1.0,0.6257553227580926,0.6305343647811218,0.619436471233877,0.5994320094656593,0.6247929281525116,0.6219423371584551,0.5278993592874491,0.6334355200386718,0.615272494012894
3,3,0.24233843316492368,0.9268394174390013,5287,1.624017813376018,0.9103291713961408,881,1.6253517032050477,0.9051,0.8082634161598876,0.08424287097005291,0.08404414841636573,0.08500690080385738,0.9886744207896515,,0.9886702474775363,0.01132975252246371,0.9675303960940483,0.39942556344411095,5,0.1,0.5,0.6155826008027214,0.6197217696237555,0.6257553227580926,1.0,0.630135168239656,0.6194700793141251,0.6172627828199523,0.6245905795831647,0.6191157461996502,0.5259928732575996,0.629661473121833,0.6053940856259086
3,4,0.23283891156195632,0.9272543059777102,4935,1.6271427686397846,0.9111922141119222,822,1.6253528899658982,0.9051,0.8152424561173715,0.08492384576138341,0.08472027439697782,0.08500690080385738,0.9966281983560659,,0.9966266753677024,0.0033733246322975585,0.9675303374056758,0.39942557526966144,5,0.1,0.5,0.6183550371994708,0.619285291428646,0.6305343647811218,0.630135168239656,1.0,0.6299300558807261,0.6196413100081382,0.6280335392204268,0.6301041919863564,0.5343032625314229,0.6403490105705828,0.6164251866594694
3,5,0.2563832186379355,0.922348403685451,4667,1.6292079257965089,0.9190231362467867,778,1.6253521884211337,0.9051,0.8095033442297822,0.08471301123660724,0.08451094940639896,0.08500690080385738,0.994165751324155,,0.9941619396616636,0.005838060338336448,0.9675303152525039,0.3994255743673895,5,0.1,0.5,0.6156498292164928,0.6221541965405515,0.619436471233877,0.6194700793141251,0.6299300558807261,1.0,0.6091770822313236,0.6274864537423783,0.6288880124818504,0.5263278203923802,0.6320722008620285,0.6110644010888594
3,6,0.2688069987110794,0.9199640691668538,4453,1.6446722100178401,0.8935309973045822,742,1.6253503088753063,0.9051,0.7933289169101196,0.08383178476532019,0.08363595180574414,0.08500690080385738,0.9838724975721629,,0.9838712916018272,0.01612870839817282,0.9675300563817155,0.3994255382982536,5,0.1,0.5,0.5898164437679568,0.6005527139583887,0.5994320094656593,0.6172627828199523,0.6196413100081382,0.6091770822313236,1.0,0.6096266751485745,0.6117843481182376,0.5140268319799869,0.6226094286286963,0.5947245076825909
3,7,0.2566793393246385,0.9209258826280103,4277,1.6181466009305872,0.9130434782608695,713,1.6253525833733165,0.9051,0.8107248190328211,0.0845562828208493,0.08435533830091194,0.08500690080385738,0.9923351810526397,,0.9923347221525024,0.007665277847497598,0.9675303599124769,0.39942557238928994,5,0.1,0.5,0.6059313424791836,0.6092321739155157,0.6247929281525116,0.6245905795831647,0.6280335392204268,0.6274864537423783,0.6096266751485745,1.0,0.6279858891454492,0.5333195870868942,0.6366781816627688,0.6279180451007662
3,8,0.26485167998922404,0.9196899975781061,4129,1.6435152671553872,0.8953488372093024,688,1.6253542896276845,0.9051,0.8094817214295985,0.08389362696910495,0.08369736110731672,0.08500690080385738,0.9845949012945802,,0.9845941468801767,0.015405853119823343,0.9675303675604106,0.3994255428812087,5,0.1,0.5,0.6060239182555373,0.6097968589093096,0.6219423371584551,0.6191157461996502,0.6301041919863564,0.6288880124818504,0.6117843481182376,0.6279858891454492,1.0,0.5298296637741065,0.6423929959786788,0.6194333560252562
3,9,0.31400037969366484,0.9108722819295176,4001,1.6324809676124936,0.8905547226386806,667,1.6254855459109663,0.9048,0.7023263379486407,0.07324050243500614,0.07310982462124126,0.08500690080385738,0.8600457601562588,,0.8600421665579037,0.13995783344209634,0.967456341150885,0.39940604279836284,5,0.1,0.5,0.5214078740005686,0.5246967824878902,0.5278993592874491,0.5259928732575996,0.5343032625314229,0.5263278203923802,0.5140268319799869,0.5333195870868942,0.5298296637741065,1.0,0.5309587184335139,0.5214904467018369
3,10,0.24917203908496094,0.9253278477757778,3889,1.5996914136977423,0.9058641975308642,648,1.625352912436659,0.9051,0.8198750763200475,0.08521255137863944,0.08500690080385738,0.08500690080385738,0.9999999999882362,,0.9999949801716781,5.019828321906061e-06,0.9675303102308085,0.39942557539082996,5,0.1,0.5,0.6172215292957631,0.6317355552064766,0.6334355200386718,0.629661473121833,0.6403490105705828,0.6320722008620285,0.6226094286286963,0.6366781816627688,0.6423929959786788,0.5309587184335139,1.0,0.6228020892527015
3,11,0.2899737224327166,0.9145871801635452,3791,1.6452143311500549,0.8892405063291139,632,1.625356054915407,0.9051,0.7974225632876708,0.08348565337435429,0.08329223165767913,0.08500690080385738,0.9798290593946665,,0.9798253099743989,0.020174690025601127,0.9675301509087408,0.39942550303098534,5,0.1,0.5,0.5979585209406065,0.5995994227032058,0.615272494012894,0.6053940856259086,0.6164251866594694,0.6110644010888594,0.5947245076825909,0.6279180451007662,0.6194333560252562,0.5214904467018369,0.6228020892527015,1.0
4,0,0.20186180090821612,0.9389822254687119,8214,1.3714214258415753,0.9495982468955442,1369,1.3877086658447315,0.9293,0.7900552577700314,0.08413948779389496,0.08394149458731862,0.08531208599291328,0.9839343817393886,,0.9839315295416897,0.01606847045831028,0.9672187124191973,0.38997159428669037,5,0.1,0.5,1.0,0.5975825697853997,0.5989158977937803,0.5937750549591884,0.6004246864462529,0.6055976623235552,0.5893290203032892,0.6003196053589097,0.5950476805866758,0.3907143506657447,0.5973740600187746,0.5974878607716356
4,1,0.2103981805472517,0.9362944934590812,6574,1.3852707420076642,0.9242700729927007,1096,1.3877057789232785,0.9293,0.7960541921618622,0.08444563810509031,0.08424547988846506,0.08531208599291328,0.9874975967001403,,0.9874956076502184,0.012504392349781623,0.967218560887381,0.38997161227533494,5,0.1,0.5,0.5975825697853997,1.0,0.6106469974690428,0.6051474683632256,0.6072188055376335,0.6100320248683732,0.5933416144743096,0.6029441063350914,0.5971813362218802,0.39654025067110965,0.6070831965810779,0.5943103851406114
4,2,0.22888889689904057,0.9302784022133841,5783,1.3888422789112214,0.9232365145228216,964,1.3877118365071452,0.9293,0.7964562279822996,0.0844489562352625,0.08424877446794808,0.08531208599291328,0.9875362146690322,,0.9875357662767933,0.012464233723206708,0.9672185493807515,0.38997161244587114,5,0.1,0.5,0.5989158977937803,0.6106469974690428,1.0,0.6030954542030816,0.6103057056838684,0.6030249706543727,0.5902582560320203,0.6066928956761402,0.6014399495090321,0.3920252258264868,0.6042641037737587,0.6047011408861337
4,3,0.23050162029643376,0.9313788537923208,5287,1.3841261735984258,0.9318955732122588,881,1.3877080983628098,0.9293,0.7924130159731573,0.08446728703186551,0.08426697512708627,0.08531208599291328,0.9877495567638379,,0.9877867576928869,0.01221324230711307,0.9672187742875948,0.38997161351164994,5,0.1,0.5,0.5937750549591884,0.6051474683632256,0.6030954542030816,1.0,0.6072777018138723,0.6002964114307696,0.5895674577621804,0.605815453652555,0.5922560505460006,0.39595723657177756,0.6004333338791379,0.5936070158619392
4,4,0.21325616024795077,0.9358865248226951,4935,1.3888215514329763,0.9318734793187348,822,1.3877085896726615,0.9293,0.8027628752548882,0.08528930276373776,0.0850830970728705,0.08531208599291328,0.9973158677533788,,0.9973143918477988,0.002685608152201202,0.9672190056004624,0.3899716279155188,5,0.1,0.5,0.6004246864462529,0.6072188055376335,0.6103057056838684,0.6072777018138723,1.0,0.612221318006292,0.6084579918021787,0.6143094421964175,0.6038895900657704,0.3942904212023346,0.6203673085969944,0.6008277655224281
4,5,0.2354274139739573,0.9312191986286694,4667,1.3940957736968995,0.9383033419023136,778,1.3877080892221616,0.9293,0.8009498687470102,0.08508391293267523,0.08487919052575453,0.08531208599291328,0.994925742781748,,0.994924953566588,0.005075046433411945,0.967219056621704,0.3899716274065544,5,0.1,0.5,0.6055976623235552,0.6100320248683732,0.6030249706543727,0.6002964114307696,0.612221318006292,1.0,0.6028302522715009,0.6090119031799998,0.6087350550845799,0.39807042963198425,0.6112548682724995,0.6033436747431404
4,6,0.23951394580304622,0.9279586795418818,4453,1.4093592166900635,0.9258760107816711,742,1.387708101790553,0.9293,0.7908434620575187,0.0841361920769056,0.083938222091621,0.08531208599291328,0.9838960226293106,,0.9838913709151147,0.016108629084885306,0.9672186808282659,0.38997159403875264,5,0.1,0.5,0.5893290203032892,0.5933416144743096,0.5902582560320203,0.5895674577621804,0.6084579918021787,0.6028302522715009,1.0,0.6071334918655856,0.6062912519238906,0.3870670454920904,0.6051947627933336,0.5939586076761365
4,7,0.23006617976561078,0.9318681318681319,4277,1.3797593531401262,0.9326788218793829,713,1.3877086235692326,0.9293,0.8022557620526161,0.08502489781937661,0.08482060029206186,0.08531208599291328,0.994238967478928,,0.9942372370864916,0.005762762913508412,0.9672190213831265,0.3899716271131536,5,0.1,0.5,0.6003196053589097,0.6029441063350914,0.6066928956761402,0.605815453652555,0.6143094421964175,0.6090119031799998,0.6071334918655856,1.0,0.6108770459474286,0.3954673254757905,0.6135392837075795,0.6108083427370671
4,8,0.2391694491360529,0.9277306853959797,4129,1.410213443365964,0.9229651162790697,688,1.3877115070629424,0.9293,0.7968455631202087,0.0843895240579708,0.08418976383629058,0.08531208599291328,0.9868445116005864,,0.986843029968375,0.01315697003162497,0.9672185307347199,0.3899716093953651,5,0.1,0.5,0.5950476805866758,0.5971813362218802,0.6014399495090321,0.5922560505460006,0.6038895900657704,0.6087350550845799,0.6062912519238906,0.6108770459474286,1.0,0.3968806379113209,0.6150845790561419,0.6023265866994091
4,9,0.3916021356772583,0.8967258185453637,4001,1.3993751264753795,0.9145427286356822,667,1.3880595410593783,0.9292,0.5638143839004952,0.06901967120797478,0.06891028295970006,0.08531208599291328,0.8077435003126822,,0.8077405752723257,0.19225942472767432,0.9670823916622017,0.3899129040401247,5,0.1,0.5,0.3907143506657447,0.39654025067110965,0.3920252258264868,0.39595723657177756,0.3942904212023346,0.39807042963198425,0.3870670454920904,0.3954673254757905,0.3968806379113209,1.0,0.40402803057773956,0.3989602620776677
4,10,0.2250064790019857,0.9328876317819491,3889,1.3588456142516363,0.9305555555555556,648,1.387708852466303,0.9293,0.803812346855042,0.08551996598369466,0.08531208599291328,0.08531208599291328,0.9999999999882783,,0.9999949801716781,5.019828321906061e-06,0.9672189597191634,0.3899716280122233,5,0.1,0.5,0.5973740600187746,0.6070831965810779,0.6042641037737587,0.6004333338791379,0.6203673085969944,0.6112548682724995,0.6051947627933336,0.6135392837075795,0.6150845790561419,0.40402803057773956,1.0,0.6107514053286918
4,11,0.26313296790633883,0.9241888683724611,3791,1.4098318457603454,0.9066455696202531,632,1.387714780938511,0.9293,0.7945577499134517,0.0840351639915514,0.08383790496192381,0.08531208599291328,0.9827201384796211,,0.9827167310877968,0.01728326891220322,0.9672185216879647,0.38997158602465165,5,0.1,0.5,0.5974878607716356,0.5943103851406114,0.6047011408861337,0.5936070158619392,0.6008277655224281,0.6033436747431404,0.5939586076761365,0.6108083427370671,0.6023265866994091,0.3989602620776677,0.6107514053286918,1.0
5,0,0.18931179546573515,0.9430484538592647,8214,1.1179055322048277,0.9569028487947406,1369,1.1372007021127037,0.9407,0.7857411241074159,0.08391756488847876,0.08372113128799352,0.08482332742066524,0.9870059785771832,,0.9870036644746749,0.012996335525325087,0.966710764045945,0.39232577998761875,5,0.1,0.5,1.0,0.5891373853833344,0.5812441790891818,0.5842144964302863,0.5849107078102298,0.591390708652292,0.5691931176836916,0.5806992049572645,0.5810274984926265,0.5769261899327314,0.5812701450169759,0.5733407692139809
5,1,0.1942526400315313,0.9414968055978096,6574,1.1338299819401332,0.9406934306569343,1096,1.1371977498737007,0.9407,0.7846945876567676,0.0840854541009241,0.08388784138187708,0.08482332742066524,0.9889713588440385,,0.9889664173485266,0.011033582651473361,0.9667109335423787,0.3923257851366099,5,0.1,0.5,0.5891373853833344,1.0,0.5961551264086844,0.5797878447305262,0.5824250797915174,0.5930743223091669,0.5680440310850412,0.5703375174699395,0.5757696226244297,0.5775579405972638,0.5810929991129778,0.5689310277125168
5,2,0.214050731211592,0.9351547639633409,5783,1.1397110339133971,0.9346473029045643,964,1.137203760421314,0.9407,0.7875917478982907,0.0841896371524359,0.08399129037506482,0.08482332742066524,0.990190940724781,,0.9901862356307414,0.009813764369258626,0.9667108948025316,0.3923257875125135,5,0.1,0.5,0.5812441790891818,0.5961551264086844,1.0,0.5828783512366801,0.5879276590146328,0.5831706716804415,0.5717668254907255,0.5879999248158077,0.5783092665135383,0.5828962525490008,0.5848630824581974,0.5728363545218119
5,3,0.21235089844530336,0.9352373746926423,5287,1.1312382434095656,0.9443813847900113,881,1.137200111588731,0.9407,0.7853282719908953,0.08412223288885556,0.08392436123853704,0.08482332742066524,0.9894018990948167,,0.9893981225842077,0.010601877415792327,0.966710936636913,0.39232578601459306,5,0.1,0.5,0.5842144964302863,0.5797878447305262,0.5828783512366801,1.0,0.5901302203959168,0.5822007622318593,0.5703508660601768,0.5855528859167176,0.5738682977550182,0.5779784427258997,0.5809190318202369,0.5802367417501706
5,4,0.19569606614299118,0.9422897669706181,4935,1.1374735373717089,0.948905109489051,822,1.1371984790308407,0.9407,0.7914643133623586,0.08488786694867594,0.08468455371422816,0.08482332742066524,0.9983639676530581,,0.9983986747653231,0.0016013252346769313,0.9667108553484371,0.3923257938802973,5,0.1,0.5,0.5849107078102298,0.5824250797915174,0.5879276590146328,0.5901302203959168,1.0,0.5843674900597304,0.578221952934904,0.5897995645556565,0.585769486181988,0.5880074953987448,0.5965474735609728,0.5746354358482418
5,5,0.21716494582567925,0.9364473966145276,4667,1.1460488724708557,0.9421593830334191,778,1.1371980503725168,0.9407,0.7901108385516074,0.08470288859875509,0.0845008990568469,0.08482332742066524,0.9961988243727399,,0.9961949701320215,0.003805029867978482,0.966710849020634,0.39232579350648733,5,0.1,0.5,0.591390708652292,0.5930743223091669,0.5831706716804415,0.5822007622318593,0.5843674900597304,1.0,0.5723673970211052,0.5919781105630284,0.5877700408790052,0.5746972404598014,0.5919477063940465,0.5758363841873739
5,6,0.22239492509381048,0.9351897597125534,4453,1.1605840474367142,0.9326145552560647,742,1.1371995507718655,0.9407,0.7734716142090928,0.08348354126350957,0.08329013419943686,0.08482332742066524,0.9819248634917759,,0.9819235982129411,0.018076401787058938,0.9667107604937253,0.39232575842223877,5,0.1,0.5,0.5691931176836916,0.5680440310850412,0.5717668254907255,0.5703508660601768,0.578221952934904,0.5723673970211052,1.0,0.5777692690758269,0.5738785146347328,0.564282560577049,0.5714120084282013,0.5600599789472055
5,7,0.20875246222339458,0.9378068739770867,4277,1.1283300778140193,0.9453015427769986,713,1.137198683933709,0.9407,0.7900852851468734,0.0846625260696803,0.08446082459579408,0.08482332742066524,0.9957263781451401,,0.9957231062697656,0.004276893730234432,0.9667108574614217,0.3923257933090938,5,0.1,0.5,0.5806992049572645,0.5703375174699395,0.5879999248158077,0.5855528859167176,0.5897995645556565,0.5919781105630284,0.5777692690758269,1.0,0.5896721368289414,0.5860148895607292,0.5880627429736723,0.5830411210304574
5,8,0.2155920063602389,0.9348510535238557,4129,1.1635212193835864,0.9316860465116279,688,1.1372036945324737,0.9407,0.7839331276460904,0.0840211316075725,0.08382397119229414,0.08482332742066524,0.9882183797812693,,0.988213443100246,0.011786556899754053,0.966710852216193,0.39232578338875485,5,0.1,0.5,0.5810274984926265,0.5757696226244297,0.5783092665135383,0.5738682977550182,0.585769486181988,0.5877700408790052,0.5738785146347328,0.5896721368289414,1.0,0.571484270636405,0.5853210365977942,0.5713661127378401
5,9,0.22568207346679023,0.9304673831542114,4001,1.1537910586311704,0.9250374812593704,667,1.137612098322128,0.9406,0.7736088701878491,0.07338001015338437,0.07324858524821053,0.08482332742066524,0.8635429365330657,,0.8635409868982481,0.1364590131017519,0.9665904710140878,0.3923101230317492,5,0.1,0.5,0.5769261899327314,0.5775579405972638,0.5828962525490008,0.5779784427258997,0.5880074953987448,0.5746972404598014,0.564282560577049,0.5860148895607292,0.571484270636405,1.0,0.5948380156937296,0.5614969826993431
5,10,0.20950832514733564,0.9393160195422988,3889,1.10678178639639,0.9490740740740741,648,1.1371987879085845,0.9407,0.7910532870767002,0.08502764471122283,0.08482332742066524,0.08482332742066524,0.9999999999882108,,0.9999949801716781,5.019828321906061e-06,0.9667108630438801,0.39232579392025463,5,0.1,0.5,0.5812701450169759,0.5810929991129778,0.5848630824581974,0.5809190318202369,0.5965474735609728,0.5919477063940465,0.5714120084282013,0.5880627429736723,0.5853210365977942,0.5948380156937296,1.0,0.5827529507495062
5,11,0.2426076687097612,0.928989712476919,3791,1.160902401804924,0.9177215189873418,632,1.1372053472759625,0.9407,0.7764129071759238,0.0835195016165052,0.08332584497962689,0.08482332742066524,0.9823458653703335,,0.9823452637919783,0.017654736208021715,0.9667107825127704,0.3923257604795492,5,0.1,0.5,0.5733407692139809,0.5689310277125168,0.5728363545218119,0.5802367417501706,0.5746354358482418,0.5758363841873739,0.5600599789472055,0.5830411210304574,0.5713661127378401,0.5614969826993431,0.5827529507495062,1.0
6,0,0.17805962345856405,0.9469198928658388,8214,0.8792364250781924,0.9590942293644996,1369,0.9007003425409238,0.9467,0.7710100047981449,0.08376487180318352,0.08356950652618263,0.08447275506908876,0.9893072204978197,,0.989302745846092,0.010697254153907987,0.9685270261172358,0.3850411551403064,5,0.1,0.5,1.0,0.566652245512651,0.5579070042476116,0.5618827886730904,0.5591842773726469,0.5551844132867805,0.550076492275094,0.5534701970429873,0.5585833321659137,0.5444308684853476,0.5572049484536963,0.5556116781657819
6,1,0.1794807166078137,0.9467295406145422,6574,0.8968778150422233,0.9452554744525548,1096,0.9006975011322826,0.9467,0.7727617049191384,0.08393986310746775,0.08374327317234669,0.08447275506908876,0.9913642937638673,,0.9913608754580593,0.008639124541940713,0.968527026692392,0.38504115982247084,5,0.1,0.5,0.566652245512651,1.0,0.5685203166180344,0.560204185725062,0.5613813569990638,0.5589507815497977,0.5528610173196588,0.5540451972661545,0.551569186764087,0.5559017515930299,0.5583434230222937,0.5482841105246831
6,2,0.1983791497875602,0.9396507003285492,5783,0.9049988619742855,0.9408713692946058,964,0.900703425605457,0.9467,0.7715591246541377,0.08396737453644727,0.08377059160249523,0.08447275506908876,0.991687693067298,,0.991687164298981,0.008312835701019039,0.9685269777272728,0.3850411604092192,5,0.1,0.5,0.5579070042476116,0.5685203166180344,1.0,0.5551473435054476,0.5539458013316867,0.5521209675901361,0.5527180177086329,0.5658582217422641,0.557152864159708,0.5499382117372821,0.5580076000570583,0.5531543161354358
6,3,0.19594051816643787,0.940192926045016,5287,0.8922315005745206,0.9545970488081725,881,0.9006996154785156,0.9467,0.7680706639006394,0.08379849013564675,0.0836028899790348,0.08447275506908876,0.989702418367529,,0.9896993122835199,0.010300687716480073,0.9685269910249792,0.3850411562563669,5,0.1,0.5,0.5618827886730904,0.560204185725062,0.5551473435054476,1.0,0.5602795831442257,0.5450943276549849,0.5518453831239958,0.5594780803232402,0.553699223575062,0.5435909441599968,0.551118580741974,0.5498189795731423
