round,client_id,client_i_training_loss,client_i_training_accuracy,client_i_training_dataset_size,client_i_evaluation_loss,client_i_evaluation_accuracy,client_i_evaluation_dataset_size,client_i_central_evaluation_loss,client_i_central_evaluation_accuracy,client_i_cosine_similarity,client_i_importance_coefficient,client_i_tanh_val,tanh_normalization_value,client_i_q,client_i_mask_order,client_i_v_nonzero_fraction,client_i_v_sparsity,client_i_v_cosine_similarity,client_i_reward_gradient_norm,local_epochs,learning_rate,gamma,client_0_cosine_similarity,client_1_cosine_similarity,client_2_cosine_similarity,client_3_cosine_similarity,client_4_cosine_similarity,client_5_cosine_similarity,client_6_cosine_similarity,client_7_cosine_similarity,client_8_cosine_similarity,client_9_cosine_similarity,client_10_cosine_similarity,client_11_cosine_similarity
0,0,1.8162177003311275,0.46712929145361576,8214,2.2463456364565118,0.20233747260774287,1369,2.2464587642742804,0.1992,0.9762464926880694,0.08209906701381907,,,0.7,,0.7000125651211567,0.2999874348788433,0,0.09897952922602488,5,0.001,0.1,1.0,0.9907954751837208,0.9831205178340984,0.9783834514778808,0.9686409025864524,0.9608837241856124,0.9570205601274345,0.9524551482803102,0.9403683657351266,0.9383322131500822,0.9383128254812263,0.9324486869214134
0,1,1.952429884382822,0.40492850623668997,6574,2.2493970326014927,0.18613138686131386,1096,2.24641878460162,0.1997,0.9889638238571073,0.08316855205853245,,,0.8510385970680385,,0.8510549869032775,0.14894501309672248,0,0.09902503780877815,5,0.001,0.1,0.9907954751837208,1.0,0.9925469141547386,0.9895710781212258,0.9817611797578493,0.9783833195949875,0.9751495336885261,0.9722425335848792,0.960396516565002,0.960704927798785,0.9600686723942626,0.9557870326606657
0,2,2.015744579957994,0.3772782292927546,5783,2.2436690791960685,0.1950207468879668,964,2.2464135965219323,0.1998,0.9955754754119283,0.08372456985540734,,,0.9295625076172989,,0.9295724959163356,0.07042750408366438,0,0.09902913434768336,5,0.001,0.1,0.9831205178340984,0.9925469141547386,1.0,0.9939717658827738,0.9914666157455709,0.9882846745534473,0.9868745513031647,0.98447260594792,0.9748079783807942,0.9761773206162011,0.9747604655092522,0.9719701593896782
0,3,2.0660332392497236,0.40068091545299794,5287,2.244585939816066,0.2133938706015891,881,2.2464147368178202,0.1998,0.9972763860442851,0.08386761075443877,,,0.949763535036853,,0.9497830100231005,0.050216989976899495,0,0.09902967010083744,5,0.001,0.1,0.9783834514778808,0.9895710781212258,0.9939717658827738,1.0,0.9947428111667536,0.9917905258343582,0.9909666041462011,0.9875557667904068,0.9815050512791456,0.9822605690854387,0.9815690878837728,0.9772773726610483
0,4,2.0940431233375305,0.3607700101317123,4935,2.248215776223403,0.21046228710462286,822,2.2464147451967476,0.1998,0.9972962961964487,0.08386928513168773,,,0.9499999998587745,,0.95001498149061,0.04998501850938997,0,0.09902967034839655,5,0.001,0.1,0.9686409025864524,0.9817611797578493,0.9914666157455709,0.9947428111667536,1.0,0.9938658148238758,0.9939479584164587,0.990738923766061,0.9887401168246875,0.9882834468364468,0.9888481477938882,0.985199638717227
0,5,2.111709996608839,0.3458324405399614,4667,2.248387546539307,0.19922879177377892,778,2.246413580525797,0.1998,0.9958679701790722,0.08374916768768516,,,0.9330363496280136,,0.9330569006678845,0.06694309933211551,0,0.09902931302129285,5,0.001,0.1,0.9608837241856124,0.9783833195949875,0.9882846745534473,0.9917905258343582,0.9938658148238758,1.0,0.994103393955048,0.9935959139500753,0.9887681636206883,0.9915123825815666,0.989917804130031,0.9869413820196851
0,6,2.12010157091277,0.33608803054120817,4453,2.2437460819880166,0.20889487870619947,742,2.2464135850961218,0.1998,0.9953694194109813,0.08370724123445243,,,0.927115263860978,,0.9271319627685795,0.07286803723142055,0,0.09902912722868216,5,0.001,0.1,0.9570205601274345,0.9751495336885261,0.9868745513031647,0.9909666041462011,0.9939479584164587,0.994103393955048,1.0,0.994970085529833,0.9901299325167131,0.9922544346997708,0.994060214099406,0.9885653623259548
0,7,2.138437166320744,0.36123451017068037,4277,2.2389899855074673,0.22580645161290322,713,2.246415064357721,0.1998,0.9934902540732763,0.08354920971050249,,,0.9047971774249772,,0.9048192072375097,0.09518079276249025,0,0.0990284663775204,5,0.001,0.1,0.9524551482803102,0.9722425335848792,0.98447260594792,0.9875557667904068,0.990738923766061,0.9935959139500753,0.994970085529833,1.0,0.9881972981676993,0.9942413155425633,0.9923798309366783,0.9892337482973501
0,8,2.149019292868101,0.344344877694357,4129,2.2498888319188897,0.19622093023255813,688,2.246418011455109,0.1996,0.9882378630286829,0.08310750117932456,,,0.8424166540208575,,0.8424333806941746,0.15756661930582538,0,0.09902438610930223,5,0.001,0.1,0.9403683657351266,0.960396516565002,0.9748079783807942,0.9815050512791456,0.9887401168246875,0.9887681636206883,0.9901299325167131,0.9881972981676993,1.0,0.9890676910089145,0.9947798085242472,0.9945125948383647
0,9,2.14919969694955,0.3224193951512122,4001,2.247747614270165,0.1889055472263868,667,2.2464185614174546,0.1996,0.9884740799754047,0.08312736623500872,,,0.8452221071275141,,0.8452412019988208,0.1547587980011792,0,0.09902448949928927,5,0.001,0.1,0.9383322131500822,0.960704927798785,0.9761773206162011,0.9822605690854387,0.9882834468364468,0.9915123825815666,0.9922544346997708,0.9942413155425633,0.9890676910089145,1.0,0.992799303597993,0.9892519572475904
0,10,2.1571932976363137,0.3111853947030085,3889,2.2498450846899125,0.1882716049382716,648,2.246418802882917,0.1997,0.9888303448934872,0.08315732692383412,,,0.8494533214205523,,0.8494746812808691,0.15052531871913089,0,0.09902500638746407,5,0.001,0.1,0.9383128254812263,0.9600686723942626,0.9747604655092522,0.9815690878837728,0.9888481477938882,0.989917804130031,0.994060214099406,0.9923798309366783,0.9947798085242472,0.992799303597993,1.0,0.9943051729935508
0,11,2.1675702463678954,0.32276444209970984,3791,2.250429904460907,0.17563291139240506,632,2.2464196339202003,0.1996,0.985450606427179,0.08287310221530728,,,0.8093135350437618,,0.8093291191850069,0.19067088081499306,0,0.09901939706159747,5,0.001,0.1,0.9324486869214134,0.9557870326606657,0.9719701593896782,0.9772773726610483,0.985199638717227,0.9869413820196851,0.9885653623259548,0.9892337482973501,0.9945125948383647,0.9892519572475904,0.9943051729935508,1.0
1,0,1.577592569844732,0.5482103725346968,8214,2.173840045928955,0.34112490869247625,1369,2.1742801056883208,0.3358,0.985521630503311,0.08224914250359415,,,0.7,,0.7000125651211567,0.2999874348788433,0.9788891194850327,0.09950541119553495,5,0.001,0.1,1.0,0.9943530770930357,0.9908378451636091,0.989319343997949,0.9840140669980063,0.9805508753662007,0.9784732914608358,0.9768466184662077,0.9735062220685625,0.9704166212416272,0.969852025271561,0.9666109069924415
1,1,1.7016971181318599,0.5033160937024642,6574,2.178112704413278,0.333029197080292,1096,2.174148096444127,0.3361,0.9938121805077432,0.08317363662980334,,,0.854786958710816,,0.8548100250335875,0.1451899749664125,0.9791387459441856,0.09955781441435968,5,0.001,0.1,0.9943530770930357,1.0,0.9968485774965795,0.9948152751513096,0.9922846954236857,0.9895064082821609,0.9879889830268029,0.9880303609682992,0.9850990970211135,0.9829013840608634,0.9814271435497499,0.9804365013150241
1,2,1.76848277367281,0.49413799066228603,5783,2.1718161798292592,0.3392116182572614,964,2.174133458457435,0.3364,0.9964134771683936,0.08359905523284632,,,0.926014292532865,,0.9260349310368158,0.07396506896318422,0.9791724760784757,0.0995634535751972,5,0.001,0.1,0.9908378451636091,0.9968485774965795,1.0,0.9955586236089152,0.9945361177104463,0.9926657555440498,0.9919177288738144,0.991886721967553,0.9895219118496342,0.9881938363670126,0.9865372079784517,0.9861986514104333
1,3,1.827266327157078,0.504028749763571,5287,2.1704703910010203,0.3507377979568672,881,2.174133462266038,0.3364,0.9976897827592427,0.08372811525134127,,,0.9476226588682024,,0.9476421066875441,0.05235789331245588,0.9791755531216692,0.09956393828174473,5,0.001,0.1,0.989319343997949,0.9948152751513096,0.9955586236089152,1.0,0.9963047236172097,0.9951340130590838,0.9946136568663608,0.9935533227278698,0.9918070278412285,0.9905184617468856,0.9905456774234089,0.9877364256816854
1,4,1.8696101963904597,0.4819047619047619,4935,2.175046966626094,0.36253041362530414,822,2.174133504160677,0.3364,0.9980973964415075,0.08374231436589111,,,0.9499999998325711,,0.95001498149061,0.04998501850938997,0.9791755019624008,0.09956394091477153,5,0.001,0.1,0.9840140669980063,0.9922846954236857,0.9945361177104463,0.9963047236172097,1.0,0.9956664786109809,0.9949715080946681,0.9944894667499768,0.9944863617856202,0.99300789847946,0.9935654814895847,0.9914043046417296
1,5,1.89279952718787,0.46732376258838654,4667,2.1777994537353518,0.3149100257069409,778,2.1741327051156625,0.3364,0.9982581472645174,0.08367376337443459,,,0.9385225883668286,,0.9385517248045158,0.06144827519548424,0.9791714567017398,0.09956385501317894,5,0.001,0.1,0.9805508753662007,0.9895064082821609,0.9926657555440498,0.9951340130590838,0.9956664786109809,1.0,0.9967659254078157,0.9966794029230263,0.9954231882996623,0.9958893091241434,0.9946530311029754,0.9936939415534572
1,6,1.9095375042302267,0.461441724679991,4453,2.172447085380554,0.33557951482479786,742,2.174133277929629,0.3364,0.9978028378097447,0.08363331058272555,,,0.9317496252700486,,0.931766559379863,0.06823344062013703,0.9791705202885346,0.0995636687464679,5,0.001,0.1,0.9784732914608358,0.9879889830268029,0.9919177288738144,0.9946136568663608,0.9949715080946681,0.9967659254078157,1.0,0.9965650514610209,0.9943742471618316,0.995308307467646,0.9963911720673968,0.9937979928342846
1,7,1.9329364773052842,0.48697685293429976,4277,2.1657916877580727,0.37868162692847124,713,2.1741354396929755,0.3364,0.9975779287759345,0.0835290207432567,,,0.914288500728334,,0.9143155391886798,0.0856844608113202,0.9791736251836489,0.09956281434617073,5,0.001,0.1,0.9768466184662077,0.9880303609682992,0.991886721967553,0.9935533227278698,0.9944894667499768,0.9966794029230263,0.9965650514610209,1.0,0.9943170170243635,0.9965812319826289,0.9950740732434787,0.9944542635629249
1,8,1.9567775286160982,0.46776459191087433,4129,2.178318077867681,0.3168604651162791,688,2.1741471938050974,0.336,0.9964508835629055,0.08322141875059523,,,0.8627870627119694,,0.8628033751848523,0.13719662481514772,0.9791238506464646,0.09955843170033486,5,0.001,0.1,0.9735062220685625,0.9850990970211135,0.9895219118496342,0.9918070278412285,0.9944863617856202,0.9954231882996623,0.9943742471618316,0.9943170170243635,1.0,0.9943881006848645,0.9955084870379561,0.9966008918218006
1,9,1.9534328405819241,0.4638340414896276,4001,2.1755113147553944,0.3343328335832084,667,2.1741476302710585,0.336,0.9958155595372971,0.0832130856667312,,,0.8613918643311168,,0.8614115463797953,0.13858845362020467,0.9791248723428894,0.09955841285595933,5,0.001,0.1,0.9704166212416272,0.9829013840608634,0.9881938363670126,0.9905184617468856,0.99300789847946,0.9958893091241434,0.995308307467646,0.9965812319826289,0.9943881006848645,1.0,0.9952294786009506,0.9949577763100456
1,10,1.9716028967841728,0.4356389817433788,3889,2.1774340243566606,0.31635802469135804,648,2.1741474200361455,0.336,0.9955616867512032,0.08322327648922889,,,0.8630981016953789,,0.8631175032137713,0.13688249678622866,0.9791344099895812,0.09955843774833853,5,0.001,0.1,0.969852025271561,0.9814271435497499,0.9865372079784517,0.9905456774234089,0.9935654814895847,0.9946530311029754,0.9963911720673968,0.9950740732434787,0.9955084870379561,0.9952294786009506,1.0,0.9955781340394693
1,11,1.9912485932101722,0.4524927459773147,3791,2.178519380092621,0.29430379746835444,632,2.174155898749257,0.3359,0.994481055738187,0.08301386040955155,,,0.8280358150248173,,0.8280559824474923,0.17194401755250766,0.9790913318308466,0.09955471405499537,5,0.001,0.1,0.9666109069924415,0.9804365013150241,0.9861986514104333,0.9877364256816854,0.9914043046417296,0.9936939415534572,0.9937979928342846,0.9944542635629249,0.9966008918218006,0.9949577763100456,0.9955781340394693,1.0
2,0,1.41621464504806,0.597126856586316,8214,2.08222520074179,0.44558071585098613,1369,2.082955906185479,0.4511,0.9902176065845711,0.08244624039917303,,,0.7,,0.7000125651211567,0.2999874348788433,0.991269242503179,0.0996451479467655,5,0.001,0.1,1.0,0.9960534733265808,0.9936220531343015,0.9915375443250528,0.9886915827940963,0.9870973885192909,0.984781699128986,0.9851388679113817,0.9826230140502982,0.980411866061623,0.9799184695387109,0.9783328862899481
2,1,1.5160100836776993,0.5675387891694554,6574,2.0874780518668037,0.458029197080292,1096,2.08269068874871,0.4527,0.9958104158621546,0.08319412239840504,,,0.8570813139796585,,0.8571007432752438,0.14289925672475623,0.9913645846272117,0.0997019260116797,5,0.001,0.1,0.9960534733265808,1.0,0.9973822993260182,0.9961264288281041,0.9947935193586449,0.992711357226435,0.9918721970120546,0.9917396189379282,0.9903017690890634,0.9886780369125708,0.9882966611679497,0.9870677568560695
2,2,1.5727011467211813,0.5655196264914404,5783,2.0802474867913032,0.4491701244813278,964,2.0826621904921607,0.4528,0.9976972417120226,0.08351609125733757,,,0.9247060080805835,,0.9247300915320749,0.07526990846792514,0.9914073155361997,0.09970861098302274,5,0.001,0.1,0.9936220531343015,0.9973822993260182,1.0,0.9972744916179416,0.996434766811466,0.9951273771460536,0.9947472879429214,0.9947743535825594,0.993360215847474,0.9921012860928151,0.9918762535512442,0.9908413252129431
2,3,1.6266477864190756,0.5653489691696615,5287,2.0769156898771013,0.4699205448354143,881,2.0826620457652276,0.4528,0.9984806990691101,0.0836205832094678,,,0.946652963827308,,0.9466803916451609,0.053319608354839065,0.9913994967125471,0.09970934427678332,5,0.001,0.1,0.9915375443250528,0.9961264288281041,0.9972744916179416,1.0,0.9974544872062749,0.99650539813515,0.9960873906370065,0.9960392333451679,0.9952195561800147,0.9942104113141998,0.9939419545288958,0.9924813927208057
2,4,1.6694412212218008,0.5564741641337386,4935,2.0825833632395816,0.4793187347931874,822,2.0826620648082455,0.4528,0.9987043630028676,0.08363651882831281,,,0.9499999997899651,,0.95001498149061,0.04998501850938997,0.991399588469909,0.0997093476427303,5,0.001,0.1,0.9886915827940963,0.9947935193586449,0.996434766811466,0.9974544872062749,1.0,0.9970031395425968,0.9965765327480371,0.9962161766614627,0.9965450302812819,0.9954210677769787,0.9956251891259353,0.994765934243169
2,5,1.6922235203115907,0.547075208913649,4667,2.0880035400390624,0.4434447300771208,778,2.082661892659367,0.4528,0.9987151254674888,0.08359480384002947,,,0.9412383967845146,,0.9412628913310329,0.058737108668967086,0.9913995554775219,0.09970917503576505,5,0.001,0.1,0.9870973885192909,0.992711357226435,0.9951273771460536,0.99650539813515,0.9970031395425968,1.0,0.9977882522905637,0.9975191270035462,0.996908705806476,0.9968315677831463,0.9967619451077985,0.9953873276900628
2,6,1.70764228446143,0.5434089377947451,4453,2.0821064909299216,0.4501347708894879,742,2.0826623032268246,0.4528,0.9984858548411275,0.08356257802673936,,,0.9344698516117839,,0.9344873913841931,0.06551260861580688,0.9914030082757568,0.0997088781154003,5,0.001,0.1,0.984781699128986,0.9918721970120546,0.9947472879429214,0.9960873906370065,0.9965765327480371,0.9977882522905637,1.0,0.9979403899356611,0.9965685685727081,0.9970883458505301,0.9976877097997204,0.9957360582195862
2,7,1.7289693261260417,0.5582417582417583,4277,2.0732448308364204,0.4796633941093969,713,2.082665077794474,0.4528,0.9984196628260429,0.08349644864926278,,,0.9205803750401531,,0.9206029325059685,0.07939706749403153,0.9913929841546318,0.09970827946091362,5,0.001,0.1,0.9851388679113817,0.9917396189379282,0.9947743535825594,0.9960392333451679,0.9962161766614627,0.9975191270035462,0.9979403899356611,1.0,0.9964278021736088,0.9976612967746266,0.9969978568285457,0.995637037582822
2,8,1.7569679047511173,0.5420682974085735,4129,2.0879435430873525,0.438953488372093,688,2.082685485053748,0.4527,0.9977576604286412,0.08328632653111757,,,0.8764473989178072,,0.8764703608122868,0.1235296391877132,0.9913732202381487,0.09970497804756948,5,0.001,0.1,0.9826230140502982,0.9903017690890634,0.993360215847474,0.9952195561800147,0.9965450302812819,0.996908705806476,0.9965685685727081,0.9964278021736088,1.0,0.9960309087027571,0.9974203089015098,0.996759328237396
2,9,1.7511221405059572,0.5478130467383154,4001,2.0837055842081704,0.4512743628185907,667,2.08268845766878,0.4527,0.9972148729825567,0.08326368435176226,,,0.8716917512512666,,0.8717052802505292,0.12829471974947082,0.9913720702223949,0.09970343005623329,5,0.001,0.1,0.980411866061623,0.9886780369125708,0.9921012860928151,0.9942104113141998,0.9954210677769787,0.9968315677831463,0.9970883458505301,0.9976612967746266,0.9960309087027571,1.0,0.9973622745193774,0.9958484111389955
2,10,1.7736945249995246,0.5304191308819748,3889,2.086392152877081,0.42746913580246915,648,2.0826879275111727,0.4528,0.9973143971132497,0.08327315147136588,,,0.8736801766826394,,0.8736915359410793,0.1263084640589207,0.991372088134995,0.09970344983032849,5,0.001,0.1,0.9799184695387109,0.9882966611679497,0.9918762535512442,0.9939419545288958,0.9956251891259353,0.9967619451077985,0.9976877097997204,0.9969978568285457,0.9974203089015098,0.9973622745193774,1.0,0.9969469496995189
2,11,1.8017731404104154,0.5389606963861778,3791,2.08776216506958,0.4272151898734177,632,2.0827081211077902,0.4526,0.9962243117677289,0.08310945103702637,,,0.8392973738454312,,0.8393162640995158,0.16068373590048424,0.9913580845640437,0.09969952483586718,5,0.001,0.1,0.9783328862899481,0.9870677568560695,0.9908413252129431,0.9924813927208057,0.994765934243169,0.9953873276900628,0.9957360582195862,0.995637037582822,0.996759328237396,0.9958484111389955,0.9969469496995189,1.0
3,0,1.298727097260813,0.6230581933284636,8214,1.9724159379338109,0.5186267348429511,1369,1.9731970922634625,0.533,0.9914534245153914,0.08259832583264226,,,0.95,,0.95001498149061,0.04998501850938997,0.9960890757587066,0.09973633052314038,5,0.001,0.1,1.0,0.9957754692335169,0.9936085023851368,0.9917729820567829,0.9898960044913001,0.9886559898090095,0.9862484568295273,0.9870392319266701,0.985152964990168,0.983209029108388,0.9827972982775792,0.9820544687886776
3,1,1.3778963562932987,0.6010039549741406,6574,1.9788323198046003,0.5346715328467153,1096,1.972863870687759,0.5332,0.9966159339276794,0.0832238768088113,,,0.95,,0.95001498149061,0.04998501850938997,0.9966989033830936,0.09973633052314038,5,0.001,0.1,0.9957754692335169,1.0,0.9972896324852621,0.9963938182333407,0.9954926552960589,0.9938474093937582,0.9928490540362436,0.9929027685499803,0.9920877149220513,0.9906251258003876,0.9905094091184545,0.9901335625400017
3,2,1.4231804204909182,0.6075047553173094,5783,1.9698104896853048,0.5446058091286307,964,1.972829365120909,0.5332,0.9979535188879659,0.08346460641613619,,,0.95,,0.95001498149061,0.04998501850938997,0.9967710601411229,0.09973633052314038,5,0.001,0.1,0.9936085023851368,0.9972896324852621,1.0,0.9973436056044023,0.9967161927059782,0.9954965582344913,0.9951164195865141,0.9952380039581491,0.9941050158919178,0.993083457850292,0.9930915245236961,0.9927813967243957
3,3,1.4693104508770518,0.6018536031776055,5287,1.9643388475690569,0.5505107832009081,881,1.9728276432512668,0.5333,0.9986451987747319,0.08355105044483276,,,0.95,,0.95001498149061,0.04998501850938997,0.9967833719310196,0.09973633052314038,5,0.001,0.1,0.9917729820567829,0.9963938182333407,0.9973436056044023,1.0,0.9975758333730959,0.9967692316526996,0.9962196554512087,0.9962376400394354,0.995931147264549,0.9946222402280179,0.9950050276741785,0.9942485983996847
3,4,1.5080045951566388,0.6019452887537994,4935,1.9717676181059618,0.5523114355231143,822,1.9728276702923515,0.5333,0.9987013143740591,0.08356263945813157,,,0.95,,0.95001498149061,0.04998501850938997,0.9967833907781418,0.09973633052314038,5,0.001,0.1,0.9898960044913001,0.9954926552960589,0.9967161927059782,0.9975758333730959,1.0,0.9969042908062513,0.996493029186715,0.9964579617234839,0.9964393504447724,0.995553907489096,0.9959738784474375,0.9952706208041461
3,5,1.5294763192738572,0.5904863938290122,4667,1.9802935791015626,0.5167095115681234,778,1.972828231299647,0.5332,0.9987083215521111,0.08353727232768525,,,0.95,,0.95001498149061,0.04998501850938997,0.9967804837109855,0.09973633052314038,5,0.001,0.1,0.9886559898090095,0.9938474093937582,0.9954965582344913,0.9967692316526996,0.9969042908062513,1.0,0.9972779823058976,0.9974523350436333,0.9968177776447275,0.9966275655342226,0.996877329847537,0.9961221207038664
3,6,1.540302473987852,0.5880979115203234,4453,1.9732781598965328,0.5646900269541779,742,1.9728290002566937,0.5332,0.9982488786155976,0.08350266492453853,,,0.95,,0.95001498149061,0.04998501850938997,0.9967751420245965,0.09973633052314038,5,0.001,0.1,0.9862484568295273,0.9928490540362436,0.9951164195865141,0.9962196554512087,0.996493029186715,0.9972779823058976,1.0,0.9973472618203709,0.9958315353011642,0.9966092967416235,0.9972169661915473,0.9961179801332168
3,7,1.5579784131761807,0.597474865559972,4277,1.9623451595721038,0.5469845722300141,713,1.9728325932932358,0.5332,0.9984024547734835,0.0834670516993853,,,0.95,,0.95001498149061,0.04998501850938997,0.9967690226181778,0.09973633052314038,5,0.001,0.1,0.9870392319266701,0.9929027685499803,0.9952380039581491,0.9962376400394354,0.9964579617234839,0.9974523350436333,0.9973472618203709,1.0,0.9963583290482841,0.9971325997772628,0.9969272117174811,0.9960826515315323
3,8,1.5871904582243699,0.5857108258658271,4129,1.9793448448181152,0.5101744186046512,688,1.9728579170787677,0.5332,0.9977645390164589,0.08331753648821527,,,0.95,,0.95001498149061,0.04998501850938997,0.996731324446226,0.09973633052314038,5,0.001,0.1,0.985152964990168,0.9920877149220513,0.9941050158919178,0.995931147264549,0.9964393504447724,0.9968177776447275,0.9958315353011642,0.9963583290482841,1.0,0.995430672341958,0.9969687234268199,0.9964149364581445
3,9,1.5821833784618076,0.5878530367408148,4001,1.9732468582334972,0.527736131934033,667,1.9728612332298352,0.5332,0.9972751477452229,0.08328784186929387,,,0.95,,0.95001498149061,0.04998501850938997,0.9967158798773792,0.09973633052314038,5,0.001,0.1,0.983209029108388,0.9906251258003876,0.993083457850292,0.9946222402280179,0.995553907489096,0.9966275655342226,0.9966092967416235,0.9971325997772628,0.995430672341958,1.0,0.9969551033936058,0.9958153332012312
3,10,1.6029787423180752,0.5825147852918489,3889,1.976987600326538,0.5092592592592593,648,1.972860200336566,0.5332,0.9975838441158436,0.08330361836370152,,,0.95,,0.95001498149061,0.04998501850938997,0.9967160695410311,0.09973633052314038,5,0.001,0.1,0.9827972982775792,0.9905094091184545,0.9930915245236961,0.9950050276741785,0.9959738784474375,0.996877329847537,0.9972169661915473,0.9969272117174811,0.9969687234268199,0.9969551033936058,1.0,0.9970307564940806
3,11,1.6316516257133804,0.5809021366394092,3791,1.978314208984375,0.5189873417721519,632,1.972887890788313,0.5331,0.9969747634403757,0.08318351536662599,,,0.95,,0.95001498149061,0.04998501850938997,0.9966729228944919,0.09973633052314038,5,0.001,0.1,0.9820544687886776,0.9901335625400017,0.9927813967243957,0.9942485983996847,0.9952706208041461,0.9961221207038664,0.9961179801332168,0.9960826515315323,0.9964149364581445,0.9958153332012312,0.9970307564940806,1.0
4,0,1.208394141744547,0.6412466520574629,8214,1.846614543781724,0.5734112490869248,1369,1.8476773481399487,0.5808,0.991681070542973,0.08270058935888804,,,0.95,,0.95001498149061,0.04998501850938997,0.9977481233662049,0.09973108237376525,5,0.001,0.1,1.0,0.995547046488332,0.9927344517304184,0.9915948670979119,0.9897843269569041,0.9890212665384178,0.9864376724868061,0.9870117832182426,0.9858358200289116,0.9835245372977819,0.9836085968300096,0.9832144320372008
4,1,1.2708556410757084,0.6228475813811987,6574,1.854898520878383,0.5821167883211679,1096,1.8472884592537682,0.5808,0.996714985569924,0.08324694471966995,,,0.95,,0.95001498149061,0.04998501850938997,0.9977481233662049,0.09973108237376525,5,0.001,0.1,0.995547046488332,1.0,0.9966301508347697,0.9960318584471878,0.9953996901612246,0.9938851412000651,0.9928862998957989,0.9927133921620999,0.9925560014693201,0.9911732441178353,0.9909388260500382,0.9907187843363832
4,2,1.30739511580757,0.6321286529482967,5783,1.8433406429906045,0.5954356846473029,964,1.847249982836909,0.5811,0.9978866385627283,0.08343247708245327,,,0.95,,0.95001498149061,0.04998501850938997,0.9977481233662049,0.09973108237376525,5,0.001,0.1,0.9927344517304184,0.9966301508347697,1.0,0.9966583781515596,0.9962154393607069,0.9954119411629178,0.995271242846181,0.9952074018996704,0.9941301401299083,0.993559265057026,0.9935723959082747,0.9930674804449133
4,3,1.3464126092841826,0.6230376394930963,5287,1.8353651208536965,0.5879682179341658,881,1.847246772565019,0.5811,0.9983971018683648,0.08350199784067679,,,0.95,,0.95001498149061,0.04998501850938997,0.9977481233662049,0.09973108237376525,5,0.001,0.1,0.9915948670979119,0.9960318584471878,0.9966583781515596,1.0,0.9972377696625305,0.9962077825111701,0.9959401260725129,0.9957601786807497,0.9955579074207651,0.9946389841857233,0.9948103373458064,0.9941110837344321
4,4,1.3804242276376293,0.6281256332320162,4935,1.8445441952118506,0.6046228710462287,822,1.847246774850181,0.5811,0.998461207922074,0.08351117827900181,,,0.95,,0.95001498149061,0.04998501850938997,0.9977481233662049,0.09973108237376525,5,0.001,0.1,0.9897843269569041,0.9953996901612246,0.9962154393607069,0.9972377696625305,1.0,0.9963225605311161,0.9960728643309256,0.9959866918108847,0.9963750751828144,0.9952468846170286,0.9957068119940014,0.9949532870956831
4,5,1.3983084712126483,0.612727662309835,4667,1.8570328283309936,0.5629820051413882,778,1.8472480259764308,0.5811,0.9984948075602053,0.08349669946876939,,,0.95,,0.95001498149061,0.04998501850938997,0.9977481233662049,0.09973108237376525,5,0.001,0.1,0.9890212665384178,0.9938851412000651,0.9954119411629178,0.9962077825111701,0.9963225605311161,1.0,0.9971078549813129,0.9968934821250673,0.9963165862556772,0.9961640358723736,0.9963887047912747,0.9959795349357267
4,6,1.409041582260813,0.6140579384684483,4453,1.8493170390526454,0.5956873315363881,742,1.8472491624637153,0.5811,0.9982374890426654,0.08346715712677436,,,0.95,,0.95001498149061,0.04998501850938997,0.9977481233662049,0.09973108237376525,5,0.001,0.1,0.9864376724868061,0.9928862998957989,0.995271242846181,0.9959401260725129,0.9960728643309256,0.9971078549813129,1.0,0.9972236737025307,0.9954054924954694,0.9970119064299259,0.9971902688117876,0.9960508392396972
4,7,1.418173961586027,0.6202010755202244,4277,1.8362441684888757,0.5792426367461431,713,1.8472533976308072,0.5811,0.99823474628634,0.08344521835039624,,,0.95,,0.95001498149061,0.04998501850938997,0.9977481233662049,0.09973108237376525,5,0.001,0.1,0.9870117832182426,0.9927133921620999,0.9952074018996704,0.9957601786807497,0.9959866918108847,0.9968934821250673,0.9972236737025307,1.0,0.996016122926805,0.9972584995229499,0.9966659861525812,0.9958352359088064
4,8,1.449040167056597,0.6190845240978445,4129,1.854918198152022,0.563953488372093,688,1.847282195624452,0.5809,0.9976554584392124,0.08333477831467002,,,0.95,,0.95001498149061,0.04998501850938997,0.9977481233662049,0.09973108237376525,5,0.001,0.1,0.9858358200289116,0.9925560014693201,0.9941301401299083,0.9955579074207651,0.9963750751828144,0.9963165862556772,0.9954054924954694,0.996016122926805,1.0,0.9949857859515233,0.9962730761848699,0.9961897337502091
4,9,1.4417655057377285,0.6074481379655087,4001,1.846837077822004,0.5862068965517241,667,1.8472854931133624,0.5808,0.9973713254422477,0.08330738428731184,,,0.95,,0.95001498149061,0.04998501850938997,0.9977481233662049,0.09973108237376525,5,0.001,0.1,0.9835245372977819,0.9911732441178353,0.993559265057026,0.9946389841857233,0.9952468846170286,0.9961640358723736,0.9970119064299259,0.9972584995229499,0.9949857859515233,1.0,0.9970065362825724,0.9956520170789241
4,10,1.4602866141522517,0.6116225250707122,3889,1.8524547588257563,0.5617283950617284,648,1.8472840370842443,0.5809,0.9975633582619132,0.08332326489152403,,,0.95,,0.95001498149061,0.04998501850938997,0.9977481233662049,0.09973108237376525,5,0.001,0.1,0.9836085968300096,0.9909388260500382,0.9935723959082747,0.9948103373458064,0.9957068119940014,0.9963887047912747,0.9971902688117876,0.9966659861525812,0.9962730761848699,0.9970065362825724,1.0,0.9963580498228369
4,11,1.4900288448614232,0.60633078343445,3791,1.8532532811164857,0.5680379746835443,632,1.8473180003059557,0.581,0.9970286576369825,0.0832323102798643,,,0.95,,0.95001498149061,0.04998501850938997,0.9977481233662049,0.09973108237376525,5,0.001,0.1,0.9832144320372008,0.9907187843363832,0.9930674804449133,0.9941110837344321,0.9949532870956831,0.9959795349357267,0.9960508392396972,0.9958352359088064,0.9961897337502091,0.9956520170789241,0.9963580498228369,1.0
5,0,1.1357599528383189,0.6533235938641344,8214,1.7107009056002596,0.6018991964937911,1369,1.7120479966124025,0.6089,0.9912399385346115,0.08275640125407063,,,0.95,,0.95001498149061,0.04998501850938997,0.9983271702345577,0.0997082361725859,5,0.001,0.1,1.0,0.9948615085979031,0.9918890241770612,0.9902750565139501,0.9887977540393258,0.9881431301052164,0.9857018389592291,0.9861946047834853,0.9852960686419044,0.9828005875120585,0.9834505178489104,0.9829055385575516
5,1,1.1850058252950317,0.6412838454517797,6574,1.720633373941694,0.6067518248175182,1096,1.7116248600018291,0.6091,0.9966138451413987,0.08326519064710024,,,0.95,,0.95001498149061,0.04998501850938997,0.9983271702345577,0.0997082361725859,5,0.001,0.1,0.9948615085979031,1.0,0.9961272239759441,0.9954900953583152,0.9947920065926229,0.9936271601569585,0.9925339182999638,0.9920811908097636,0.99278913828601,0.990664388628899,0.9908750655837525,0.990693921028471
5,2,1.2135042494831823,0.6465156493169635,5783,1.7067854096812587,0.6192946058091287,964,1.7115843166558506,0.6097,0.9977061358271447,0.08341430762018107,,,0.95,,0.95001498149061,0.04998501850938997,0.9983271702345577,0.0997082361725859,5,0.001,0.1,0.9918890241770612,0.9961272239759441,1.0,0.9960967813873577,0.9957311730272588,0.9950837301791098,0.9946682790753456,0.9945338812522597,0.9941285176668955,0.9929246109001967,0.9934904852480261,0.9928908778293267
5,3,1.2490328685346856,0.6407792699073198,5287,1.6963029376098089,0.619750283768445,881,1.7115801862253548,0.6097,0.998196582468091,0.0834728040397775,,,0.95,,0.95001498149061,0.04998501850938997,0.9983271702345577,0.0997082361725859,5,0.001,0.1,0.9902750565139501,0.9954900953583152,0.9960967813873577,1.0,0.9967763127666058,0.9957920078041999,0.9953763280648644,0.9953259584387436,0.995497499758259,0.994348650760383,0.9945408610406284,0.9938930200648588
5,4,1.2759482156845832,0.6424316109422492,4935,1.7071316929963918,0.6338199513381995,822,1.711580183178472,0.6097,0.998183289750568,0.0834780078396402,,,0.95,,0.95001498149061,0.04998501850938997,0.9983271702345577,0.0997082361725859,5,0.001,0.1,0.9887977540393258,0.9947920065926229,0.9957311730272588,0.9967763127666058,1.0,0.9957436082942542,0.9955252196749135,0.9954028629540252,0.9958993437619358,0.9947797453047095,0.9955365113803171,0.9942575671669763
5,5,1.291486305080048,0.6290979215770303,4667,1.7238726377487184,0.6015424164524421,778,1.7115819309466183,0.6097,0.9982907089673746,0.08347259275060999,,,0.95,,0.95001498149061,0.04998501850938997,0.9983271702345577,0.0997082361725859,5,0.001,0.1,0.9881431301052164,0.9936271601569585,0.9950837301791098,0.9957920078041999,0.9957436082942542,1.0,0.9964277910285543,0.9965537238946492,0.996077086416295,0.9958851471090169,0.9958363008611241,0.9953537307358508
5,6,1.299671806693077,0.6319784415001123,4453,1.7152556826670964,0.6293800539083558,742,1.7115832193971823,0.6097,0.9978887977667075,0.08344148614605701,,,0.95,,0.95001498149061,0.04998501850938997,0.9983271702345577,0.0997082361725859,5,0.001,0.1,0.9857018389592291,0.9925339182999638,0.9946682790753456,0.9953763280648644,0.9955252196749135,0.9964277910285543,1.0,0.9965019839091667,0.9949207704278361,0.9961532692639229,0.9965862717949897,0.9953024597385447
5,7,1.304187120430505,0.6397007248071078,4277,1.700296567833942,0.603085553997195,713,1.7115878994091631,0.6097,0.9979446873776336,0.08342982952545462,,,0.95,,0.95001498149061,0.04998501850938997,0.9983271702345577,0.0997082361725859,5,0.001,0.1,0.9861946047834853,0.9920811908097636,0.9945338812522597,0.9953259584387436,0.9954028629540252,0.9965537238946492,0.9965019839091667,1.0,0.9955571258545713,0.9966990540856389,0.9962547870181603,0.9952662229444063
5,8,1.3332469556423334,0.6377331072899007,4129,1.7204919186505405,0.5901162790697675,688,1.7116182349360407,0.6092,0.9975923735792215,0.08335068612905486,,,0.95,,0.95001498149061,0.04998501850938997,0.9983271702345577,0.0997082361725859,5,0.001,0.1,0.9852960686419044,0.99278913828601,0.9941285176668955,0.995497499758259,0.9958993437619358,0.996077086416295,0.9949207704278361,0.9955571258545713,1.0,0.9944480604674006,0.9959314288784157,0.9956129329727881
5,9,1.325233477401355,0.6300924768807799,4001,1.7102739754177274,0.6026986506746627,667,1.711621544231622,0.6091,0.9971013930591424,0.0833180212697978,,,0.95,,0.95001498149061,0.04998501850938997,0.9983271702345577,0.0997082361725859,5,0.001,0.1,0.9828005875120585,0.990664388628899,0.9929246109001967,0.994348650760383,0.9947797453047095,0.9958851471090169,0.9961532692639229,0.9966990540856389,0.9944480604674006,1.0,0.996661586606752,0.9949011805993743
5,10,1.3416230363923995,0.6305476986371817,3889,1.7181737082345145,0.6018518518518519,648,1.7116198513073662,0.6091,0.9974544238096283,0.08333916651256233,,,0.95,,0.95001498149061,0.04998501850938997,0.9983271702345577,0.0997082361725859,5,0.001,0.1,0.9834505178489104,0.9908750655837525,0.9934904852480261,0.9945408610406284,0.9955365113803171,0.9958363008611241,0.9965862717949897,0.9962547870181603,0.9959314288784157,0.996661586606752,1.0,0.995328822514184
5,11,1.3708193758956524,0.6239514639936692,3791,1.7179295897483826,0.5981012658227848,632,1.7116572735027764,0.609,0.9967778126643284,0.08326150626569342,,,0.95,,0.95001498149061,0.04998501850938997,0.9983271702345577,0.0997082361725859,5,0.001,0.1,0.9829055385575516,0.990693921028471,0.9928908778293267,0.9938930200648588,0.9942575671669763,0.9953537307358508,0.9953024597385447,0.9952662229444063,0.9956129329727881,0.9949011805993743,0.995328822514184,1.0
6,0,1.075440747357528,0.6648161675188702,8214,1.5709041357040405,0.6084733382030679,1369,1.5725982448163505,0.6264,0.990644257866883,0.08278482380665582,,,0.95,,0.95001498149061,0.04998501850938997,0.9981363880513019,0.09966638981401493,5,0.001,0.1,1.0,0.994142522016367,0.9906384473358896,0.9893709575296549,0.9875688168440313,0.9871661996929144,0.9845646144603752,0.985133646272552,0.9834112209200342,0.9821384329004675,0.9822581879967764,0.9818243351852
6,1,1.1130264557681038,0.6532704593854579,6574,1.5825237035751343,0.6204379562043796,1096,1.5721566764691386,0.6265,0.9960491488583433,0.08327164237153876,,,0.95,,0.95001498149061,0.04998501850938997,0.9981363880513019,0.09966638981401493,5,0.001,0.1,0.994142522016367,1.0,0.994810706804339,0.9944712841595138,0.9937797885668901,0.992570938338502,0.9915178736707794,0.9907068038497323,0.990819842848008,0.9902476832154717,0.9899837285382186,0.9897314117875937
6,2,1.13542676597669,0.6621476742175342,5783,1.5663903413280365,0.6358921161825726,964,1.5721136285854986,0.6266,0.9973213057876383,0.08340424518301254,,,0.95,,0.95001498149061,0.04998501850938997,0.9981363880513019,0.09966638981401493,5,0.001,0.1,0.9906384473358896,0.994810706804339,1.0,0.995556043321922,0.9947541834906372,0.9942437572870108,0.9940118644457534,0.9937352928298739,0.9932234784344806,0.9920396658063378,0.9925947842098345,0.9923446942462953
6,3,1.1655220060463412,0.6546623794212219,5287,1.5532730690070562,0.637911464245176,881,1.5721085802815593,0.6266,0.998008659555691,0.08346234554893195,,,0.95,,0.95001498149061,0.04998501850938997,0.9981363880513019,0.09966638981401493,5,0.001,0.1,0.9893709575296549,0.9944712841595138,0.995556043321922,1.0,0.9961749302173065,0.9951658638391923,0.994879929654592,0.9944202781123888,0.9948394831518406,0.9940447049486285,0.9939886783180901,0.9932441426202514
6,4,1.1876816146604476,0.6568186423505572,4935,1.5659007292527418,0.6520681265206812,822,1.5721085726643522,0.6266,0.9977803235591148,0.0834581638979787,,,0.95,,0.95001498149061,0.04998501850938997,0.9981363880513019,0.09966638981401493,5,0.001,0.1,0.9875688168440313,0.9937797885668901,0.9947541834906372,0.9961749302173065,1.0,0.9946868367487816,0.9946767038103356,0.9946404539486007,0.9948052409066651,0.9943266504142522,0.9947489899152073,0.9932511158789854
6,5,1.201729282614303,0.6419970002142704,4667,1.5865669775009155,0.6272493573264781,778,1.5721107572793198,0.6266,0.99787258261349,0.08345782062774021,,,0.95,,0.95001498149061,0.04998501850938997,0.9981363880513019,0.09966638981401493,5,0.001,0.1,0.9871661996929144,0.992570938338502,0.9942437572870108,0.9951658638391923,0.9946868367487816,1.0,0.9955902449308991,0.995598655325306,0.994747827662613,0.9951219689484775,0.9949806511574376,0.9946419874592818
6,6,1.2068273112603596,0.6459016393442623,4453,1.5773899604876835,0.6469002695417789,742,1.57211231347471,0.6266,0.9975365919657366,0.083427878219701,,,0.95,,0.95001498149061,0.04998501850938997,0.9981363880513019,0.09966638981401493,5,0.001,0.1,0.9845646144603752,0.9915178736707794,0.9940118644457534,0.994879929654592,0.9946767038103356,0.9955902449308991,1.0,0.9959445036241267,0.9937395281040946,0.9955692368430715,0.995725996204398,0.99425898367935
6,7,1.2073295538105182,0.6560205751695113,4277,1.5610253448071687,0.6213183730715287,713,1.5721173594934872,0.6266,0.9975314317814669,0.08342055792978324,,,0.95,,0.95001498149061,0.04998501850938997,0.9981363880513019,0.09966638981401493,5,0.001,0.1,0.985133646272552,0.9907068038497323,0.9937352928298739,0.9944202781123888,0.9946404539486007,0.995598655325306,0.9959445036241267,1.0,0.9947548044184006,0.9959829461529354,0.9953336865920321,0.9941714394327473
6,8,1.2344374137658338,0.6488738193267135,4129,1.5820779962973162,0.6017441860465116,688,1.5721499957977392,0.6265,0.996998839379627,0.08335478536093067,,,0.95,,0.95001498149061,0.04998501850938997,0.9981363880513019,0.09966638981401493,5,0.001,0.1,0.9834112209200342,0.990819842848008,0.9932234784344806,0.9948394831518406,0.9948052409066651,0.994747827662613,0.9937395281040946,0.9947548044184006,1.0,0.9941686214132909,0.9948024136581086,0.9947373654172111
6,9,1.228918185924727,0.649087728067983,4001,1.569961633001055,0.6266866566716641,667,1.5721531615089686,0.6265,0.9969196512166281,0.08333218132001066,,,0.95,,0.95001498149061,0.04998501850938997,0.9981363880513019,0.09966638981401493,5,0.001,0.1,0.9821384329004675,0.9902476832154717,0.9920396658063378,0.9940447049486285,0.9943266504142522,0.9951219689484775,0.9955692368430715,0.9959829461529354,0.9941686214132909,1.0,0.9955946378145687,0.9938592687144724
6,10,1.2422463650586175,0.6471586526099254,3889,1.5804516190574283,0.6234567901234568,648,1.5721512221680662,0.6265,0.9969875872202956,0.08334735238044265,,,0.95,,0.95001498149061,0.04998501850938997,0.9981363880513019,0.09966638981401493,5,0.001,0.1,0.9822581879967764,0.9899837285382186,0.9925947842098345,0.9939886783180901,0.9947489899152073,0.9949806511574376,0.995725996204398,0.9953336865920321,0.9948024136581086,0.9955946378145687,1.0,0.9938935775487028
6,11,1.2712426554255125,0.641519388024268,3791,1.5788887858390808,0.6234177215189873,632,1.572191517573957,0.6266,0.996322279920208,0.08327820335327371,,,0.95,,0.95001498149061,0.04998501850938997,0.9981363880513019,0.09966638981401493,5,0.001,0.1,0.9818243351852,0.9897314117875937,0.9923446942462953,0.9932441426202514,0.9932511158789854,0.9946419874592818,0.99425898367935,0.9941714394327473,0.9947373654172111,0.9938592687144724,0.9938935775487028,1.0
