round,client_id,client_i_training_loss,client_i_training_accuracy,client_i_training_dataset_size,client_i_evaluation_loss,client_i_evaluation_accuracy,client_i_evaluation_dataset_size,client_i_central_evaluation_loss,client_i_central_evaluation_accuracy,client_i_cosine_similarity,client_i_importance_coefficient,client_i_tanh_val,tanh_normalization_value,client_i_q,client_i_mask_order,client_i_v_nonzero_fraction,client_i_v_sparsity,client_i_v_cosine_similarity,client_i_reward_gradient_norm,local_epochs,learning_rate,gamma,client_0_cosine_similarity,client_1_cosine_similarity,client_2_cosine_similarity,client_3_cosine_similarity,client_4_cosine_similarity,client_5_cosine_similarity,client_6_cosine_similarity,client_7_cosine_similarity,client_8_cosine_similarity,client_9_cosine_similarity,client_10_cosine_similarity,client_11_cosine_similarity
0,0,2.2539559412885595,0.13504747991234478,6845,2.29741755398837,0.09788166544923302,1369,2.2986616877060904,0.1,0.9112891820123183,0.0800418975142221,,,0.7180146900465543,,0.7180604380188477,0.28193956198115233,0,0.1421201482880321,10,0.025,0.15,1.0,0.9387232631115137,0.9113531241697406,0.8705737384957019,0.8569079508924615,0.8334526205454225,0.8191526140649424,0.8074528488124209,0.8151273934002684,0.7995417087361568,0.7485427168470067,0.7677632416870724
0,1,2.274741820956385,0.1263234757210661,5478,2.2977835867140026,0.1031021897810219,1096,2.298651737502859,0.1,0.9576061883970264,0.08411009139975016,,,0.8908477679914604,,0.8908831344589131,0.1091168655410869,0,0.1422736210259981,10,0.025,0.15,0.9387232631115137,1.0,0.9634434005764854,0.9255650465016922,0.9192272178988942,0.909748639664975,0.8619878287046224,0.8800945698908892,0.8660995731916706,0.8549557898507717,0.8279707951928987,0.8306634318774836
0,2,2.286842898318642,0.11178423236514523,4820,2.3005073368549347,0.08921161825726141,964,2.2986545200589337,0.1,0.9814978215628668,0.08620858185816288,,,0.979999999957516,,0.9800300374643098,0.019969962535690167,0,0.14228276068568757,10,0.025,0.15,0.9113531241697406,0.9634434005764854,1.0,0.9605595635937917,0.94231415983864,0.9392734926866607,0.9143732647564669,0.912323144207828,0.9261904279620531,0.9090963642846777,0.8656575059121941,0.8819135148722378
0,3,2.2897092975888933,0.10914661824784384,4406,2.3003744057246616,0.09307604994324631,881,2.298654845998257,0.1,0.967844205351135,0.08500933427453121,,,0.9290511865702336,,0.9290818768463963,0.07091812315360368,0,0.14228005308383793,10,0.025,0.15,0.8705737384957019,0.9255650465016922,0.9605595635937917,1.0,0.9331895998149424,0.9253364974743726,0.942457910733221,0.910735871146802,0.910965016497309,0.9121463030421988,0.8316097308506265,0.8822711365242065
0,4,2.2942831111676765,0.12074416342412451,4112,2.299527883529663,0.10948905109489052,822,2.298654556274414,0.1,0.9708872401982437,0.08527661527399026,,,0.9404063478807674,,0.9404532026208513,0.0595467973791487,0,0.14228204640114125,10,0.025,0.15,0.8569079508924615,0.9192272178988942,0.94231415983864,0.9331895998149424,1.0,0.9269875443162577,0.9025237346772773,0.9333122593660566,0.949841931074268,0.9057861109907364,0.887113979798108,0.9294451183357674
0,5,2.2954093310140795,0.10640267420930831,3889,2.2978432519095287,0.10539845758354756,778,2.2986548429803,0.1,0.9642087321769129,0.08469001722680305,,,0.9154853266943161,,0.9155320097044115,0.08446799029558849,0,0.14227950415575494,10,0.025,0.15,0.8334526205454225,0.909748639664975,0.9392734926866607,0.9253364974743726,0.9269875443162577,1.0,0.9058677165089137,0.9459892803356932,0.9121218094790957,0.9244603816878821,0.9112948499369232,0.8955238373698654
0,6,2.2947630923369835,0.10797628671517111,3711,2.2989704608917236,0.10512129380053908,742,2.2986530684217623,0.1,0.9431436311825674,0.08283979153752963,,,0.8368803708421806,,0.8369229753593768,0.16307702464062324,0,0.1422632788173632,10,0.025,0.15,0.8191526140649424,0.8619878287046224,0.9143732647564669,0.942457910733221,0.9025237346772773,0.9058677165089137,1.0,0.8812493398391879,0.927243316047933,0.9514443241665074,0.8133815048131268,0.872876102789898
0,7,2.2980708846024105,0.10221661054994388,3564,2.2982809940973916,0.09256661991584852,713,2.298651942723914,0.1,0.9527289525128694,0.08368170574292677,,,0.8726482392326126,,0.8726873628096582,0.1273126371903418,0,0.14226984590192804,10,0.025,0.15,0.8074528488124209,0.8800945698908892,0.912323144207828,0.910735871146802,0.9333122593660566,0.9459892803356932,0.8812493398391879,1.0,0.9231665035842984,0.905849490046273,0.9213828156246305,0.9159227095400477
0,8,2.297184756950096,0.1038651554780587,3441,2.2966850201288858,0.10610465116279069,688,2.2986517314669452,0.1,0.9569324876273307,0.08405091777075552,,,0.8883338365712555,,0.8883827631166344,0.11161723688336556,0,0.14227340391101453,10,0.025,0.15,0.8151273934002684,0.8660995731916706,0.9261904279620531,0.910965016497309,0.949841931074268,0.9121218094790957,0.927243316047933,0.9231665035842984,1.0,0.9303442057775849,0.8953082624353621,0.9352312439278794
0,9,2.2979923460218643,0.1053389322135573,3334,2.2994638284047446,0.0944527736131934,667,2.298652971847148,0.1,0.9442500513494414,0.08293697251076257,,,0.8410090056108626,,0.8410407486260336,0.15895925137396638,0,0.142264078253696,10,0.025,0.15,0.7995417087361568,0.8549557898507717,0.9090963642846777,0.9121463030421988,0.9057861109907364,0.9244603816878821,0.9514443241665074,0.905849490046273,0.9303442057775849,1.0,0.8553942301735237,0.8989273818046453
0,10,2.29895060979403,0.11175563097809318,3241,2.2942846218744912,0.10493827160493827,648,2.298673321929159,0.1,0.906461480487667,0.07961786264330209,,,0.7,,0.7000132032810154,0.29998679671898465,0,0.1420182923440704,10,0.025,0.15,0.7485427168470067,0.8279707951928987,0.8656575059121941,0.8316097308506265,0.887113979798108,0.9112948499369232,0.8133815048131268,0.9213828156246305,0.8953082624353621,0.8553942301735237,1.0,0.8950933812194589
0,11,2.2976450996398925,0.12111427666983222,3159,2.2961347579956053,0.10284810126582279,632,2.298655343961112,0.1,0.9283021826161648,0.08153621224726376,,,0.7814991310533496,,0.7815352115000578,0.21846478849994222,0,0.14216847068100275,10,0.025,0.15,0.7677632416870724,0.8306634318774836,0.8819135148722378,0.8822711365242065,0.9294451183357674,0.8955238373698654,0.872876102789898,0.9159227095400477,0.9352312439278794,0.8989273818046453,0.8950933812194589,1.0
1,0,2.1479558719529046,0.19149744338933528,6845,2.2862989685752173,0.1154127100073046,1369,2.2883787275869634,0.1142,0.922346951085339,0.07956058888537948,,,0.7,,0.7000132032810154,0.29998679671898465,0.880038766407897,0.14604330608342092,10,0.025,0.15,1.0,0.9584099502651255,0.9411711417931696,0.9243958505592432,0.9091333382950818,0.8905502073697359,0.88384421454699,0.8692403098345773,0.86223205137262,0.853289338007054,0.8505125731652311,0.8571133664773534
1,1,2.175638502697612,0.189193136181088,5478,2.287065717909071,0.11405109489051095,1096,2.2883407284941852,0.1141,0.9646431456732512,0.08345508063532092,,,0.8858630924366504,,0.8859153999768943,0.11408460002310572,0.8814414951229197,0.14635999296451666,10,0.025,0.15,0.9584099502651255,1.0,0.9763416616073003,0.9608976982829759,0.9502076927901406,0.9463870553877846,0.9301825831952651,0.927426837387195,0.9130882865369953,0.9093330044083345,0.9111593113688674,0.9096335967333441
1,2,2.2078114660162673,0.17421161825726142,4820,2.291060894727707,0.11203319502074689,964,2.2883562407916105,0.1209,0.9853433446874913,0.08542758310947167,,,0.9799999999522753,,0.9800300374643098,0.019969962535690167,0.8809280729466632,0.14638541869104543,10,0.025,0.15,0.9411711417931696,0.9763416616073003,1.0,0.9758798258026493,0.9677822509509129,0.9709934280852666,0.9592741636078884,0.9579853840681433,0.950951934764327,0.9460756371213322,0.944287490240669,0.9444746469941893
1,3,2.216851496696472,0.16529732183386292,4406,2.2907450199127197,0.11691259931895573,881,2.2883565878566308,0.1209,0.9841874187559924,0.08464792748542473,,,0.9427912408572868,,0.9428380452542456,0.05716195474575436,0.8809199741049989,0.14638496536446827,10,0.025,0.15,0.9243958505592432,0.9608976982829759,0.9758798258026493,1.0,0.9655883655749787,0.9682636340925225,0.9692847400329346,0.962759942318754,0.9498715871435404,0.951125466476214,0.9457125057811366,0.948038214063915
1,4,2.2312773047071515,0.1568579766536965,4112,2.290111950465611,0.13503649635036497,822,2.2883564309228825,0.1209,0.9841434781217477,0.08481187191979196,,,0.9506154247343563,,0.9506609892558301,0.04933901074416991,0.8809099089863949,0.1463851074275956,10,0.025,0.15,0.9091333382950818,0.9502076927901406,0.9677822509509129,0.9655883655749787,1.0,0.9688118452760152,0.9583669612943992,0.9569471736605152,0.9648772078852392,0.9561670957919929,0.9562779907797138,0.9675464183505967
1,5,2.235049586911355,0.16330676266392388,3889,2.2871141774313792,0.11696658097686376,778,2.2883566210541546,0.1209,0.987729092383669,0.08456568982883458,,,0.9388664809271068,,0.9389100691521843,0.061089930847815666,0.8809132780498476,0.14638486982508928,10,0.025,0.15,0.8905502073697359,0.9463870553877846,0.9709934280852666,0.9682636340925225,0.9688118452760152,1.0,0.968552666275219,0.9771834365963075,0.9679996135829423,0.9696493056078231,0.9706751402691237,0.9645779615754989
1,6,2.235297007396303,0.14955537590945836,3711,2.288081407546997,0.11859838274932614,742,2.2883428531357004,0.1141,0.9828836516239663,0.08326310460234208,,,0.8767011115019869,,0.8767556237725075,0.12324437622749251,0.881391746914661,0.14635889910644168,10,0.025,0.15,0.88384421454699,0.9301825831952651,0.9592741636078884,0.9692847400329346,0.9583669612943992,0.968552666275219,1.0,0.9711316082842785,0.9710532068517167,0.9742497119553014,0.9573987227837444,0.9641940134643276
1,7,2.2459057067121777,0.14812008978675645,3564,2.289149800936381,0.1150070126227209,713,2.2883549883395813,0.1206,0.9834055342307416,0.08380101904080313,,,0.9023728672581002,,0.9024029971447904,0.09759700285520956,0.8804024920611705,0.14638261719625034,10,0.025,0.15,0.8692403098345773,0.927426837387195,0.9579853840681433,0.962759942318754,0.9569471736605152,0.9771834365963075,0.9711316082842785,1.0,0.9745215382819888,0.974594456109929,0.9728580167620159,0.9689854365005561
1,8,2.246432230207655,0.14181923859343215,3441,2.286526004473368,0.12063953488372094,688,2.288355015501191,0.1209,0.9809804840984773,0.0839504910052436,,,0.9095063581799655,,0.9095492729943391,0.09045072700566092,0.8804564978497907,0.146383434017606,10,0.025,0.15,0.86223205137262,0.9130882865369953,0.950951934764327,0.9498715871435404,0.9648772078852392,0.9679996135829423,0.9710532068517167,0.9745215382819888,1.0,0.978857254436564,0.9745112111344727,0.9777641723703537
1,9,2.246038074405105,0.13470305938812238,3334,2.288520097732544,0.10644677661169415,667,2.288343655912182,0.1141,0.9788943555074708,0.0831933227621964,,,0.873370800529935,,0.8734052912148669,0.12659470878513313,0.8813662990021153,0.14635748163906231,10,0.025,0.15,0.853289338007054,0.9093330044083345,0.9460756371213322,0.951125466476214,0.9561670957919929,0.9696493056078231,0.9742497119553014,0.974594456109929,0.978857254436564,1.0,0.9709691691061366,0.9771177702528074
1,10,2.2536028137573827,0.1626966985498303,3241,2.2832276821136475,0.12654320987654322,648,2.2883775294581548,0.1141,0.9756029017043758,0.08103249698510918,,,0.7702462371893405,,0.7702959185357562,0.22970408146424381,0.8798575657557887,0.1462376601176837,10,0.025,0.15,0.8505125731652311,0.9111593113688674,0.944287490240669,0.9457125057811366,0.9562779907797138,0.9706751402691237,0.9573987227837444,0.9728580167620159,0.9745112111344727,0.9709691691061366,1.0,0.9694814601708566
1,11,2.2460411682128907,0.13795504906616018,3159,2.286055564880371,0.11867088607594936,632,2.28834965259214,0.1141,0.977794900921768,0.08229082374008248,,,0.8302993884069876,,0.8303378389529799,0.16966216104702014,0.8804254404230426,0.14634854331010297,10,0.025,0.15,0.8571133664773534,0.9096335967333441,0.9444746469941893,0.948038214063915,0.9675464183505967,0.9645779615754989,0.9641940134643276,0.9689854365005561,0.9777641723703537,0.9771177702528074,0.9694814601708566,1.0
2,0,2.0795811348491244,0.22650109569028487,6845,2.270332531495528,0.14317019722425128,1369,2.273465044890778,0.1495,0.9198147222147522,0.0791738369348956,,,0.7,,0.7000132032810154,0.29998679671898465,0.9515025717421406,0.14609423433275517,10,0.025,0.15,1.0,0.9506417121256149,0.936557259428644,0.9179057667800374,0.9072332496181071,0.8850385063444322,0.8827914112387338,0.8683037499917886,0.8633930098007597,0.8530647059695124,0.8506767419634792,0.860536880068269
2,1,2.1016832312872245,0.22610441767068273,5478,2.2715003490448,0.1478102189781022,1096,2.273400557192066,0.1524,0.9710118029878397,0.08325037550366908,,,0.9010203560159082,,0.9010661649419881,0.0989338350580119,0.952267774467097,0.14641497117590657,10,0.025,0.15,0.9506417121256149,1.0,0.9733573518426414,0.9625311591337293,0.9577090632704282,0.9516294577151063,0.9398419033135454,0.9408433417888559,0.9291146205689297,0.9158285901024596,0.9223283911210944,0.9282868121286083
2,2,2.135134329921321,0.21238589211618258,4820,2.2772279381752014,0.13900414937759337,964,2.27341432511052,0.1526,0.9827215784400154,0.0848520220783207,,,0.9799999999506884,,0.9800300374643098,0.019969962535690167,0.9525784307366454,0.1464193598629618,10,0.025,0.15,0.936557259428644,0.9733573518426414,1.0,0.9682139092556551,0.9644027840765822,0.9684187120562893,0.9581989628803209,0.9578264705032408,0.9514026878734164,0.9387944375040798,0.9436558246235733,0.9473430256927843
2,3,2.146275045531137,0.20764866091693146,4406,2.2772107805524553,0.14074914869466515,881,2.2734140112430237,0.1526,0.9823779527602234,0.08435847438936447,,,0.9556624080277794,,0.9557029921935601,0.04429700780643986,0.9525897288305915,0.14641901513128872,10,0.025,0.15,0.9179057667800374,0.9625311591337293,0.9682139092556551,1.0,0.9636560997528629,0.9650680213007856,0.966159579844659,0.9631104606054889,0.9536664736978142,0.9432819894333078,0.9460675084332748,0.9541363723880905
2,4,2.1602191654118625,0.2045476653696498,4112,2.276027032307216,0.1678832116788321,822,2.273414192320425,0.1526,0.9819741474709897,0.0844467549913046,,,0.9600156596239353,,0.9600600749286198,0.03993992507138022,0.95257904706695,0.14641911116255044,10,0.025,0.15,0.9072332496181071,0.9577090632704282,0.9644027840765822,0.9636560997528629,1.0,0.9671600778286414,0.9618402315431693,0.9570414143084506,0.9599346731486597,0.9427435309351343,0.9528246993599948,0.9643359884028552
2,5,2.165399955934094,0.2088197480071998,3889,2.2716423783983504,0.16452442159383032,778,2.273414177230642,0.1526,0.9878349058742208,0.08448528577880926,,,0.9619156717276081,,0.9619580465745737,0.03804195342542627,0.9525809748773204,0.14641914128649933,10,0.025,0.15,0.8850385063444322,0.9516294577151063,0.9684187120562893,0.9650680213007856,0.9671600778286414,1.0,0.9723944163770186,0.9792322923923714,0.9717792914690218,0.9626698593314549,0.9725080628083284,0.9710691005696713
2,6,2.1706333970201426,0.18924818108326596,3711,2.2722999652226767,0.1522911051212938,742,2.273402992683121,0.1524,0.9853048013258168,0.08359701471107762,,,0.9181136658685618,,0.9181561618062088,0.08184383819379115,0.9522794759978668,0.14641686210747668,10,0.025,0.15,0.8827914112387338,0.9398419033135454,0.9581989628803209,0.966159579844659,0.9618402315431693,0.9723944163770186,1.0,0.9749265331054752,0.9748926534783748,0.9703688775532666,0.9645404648316704,0.9718612079271429
2,7,2.181413223913738,0.19699775533108865,3564,2.275699178377787,0.14726507713884993,713,2.273412677306163,0.1525,0.9844983415136042,0.08390355231443339,,,0.9332295042494013,,0.9332574144674952,0.06674258553250478,0.9525878475835126,0.1464177418367099,10,0.025,0.15,0.8683037499917886,0.9408433417888559,0.9578264705032408,0.9631104606054889,0.9570414143084506,0.9792322923923714,0.9749265331054752,1.0,0.9759070523632519,0.9665475435699686,0.973250919952473,0.9708157124475051
2,8,2.1899950848685372,0.1869805289160128,3441,2.2713941733042398,0.15406976744186046,688,2.2734129127067857,0.1525,0.9824662184736562,0.0839298574875198,,,0.9345266525946656,,0.9345694905183938,0.06543050948160622,0.9525953892147467,0.14641781561767847,10,0.025,0.15,0.8633930098007597,0.9291146205689297,0.9514026878734164,0.9536664736978142,0.9599346731486597,0.9717792914690218,0.9748926534783748,0.9759070523632519,1.0,0.9711286778470646,0.9767421194380691,0.9763348586161825
2,9,2.1916785257833977,0.1819736052789442,3334,2.272671341896057,0.15742128935532235,667,2.2734061886992634,0.1521,0.9741472010480904,0.08319052616229372,,,0.8980690933925762,,0.8981036787641729,0.10189632123582715,0.9518225050742002,0.14639323071200608,10,0.025,0.15,0.8530647059695124,0.9158285901024596,0.9387944375040798,0.9432819894333078,0.9427435309351343,0.9626698593314549,0.9703688775532666,0.9665475435699686,0.9711286778470646,1.0,0.9701220616835706,0.9728575773108387
2,10,2.196191167831421,0.20296204875038568,3241,2.2672268549601235,0.15432098765432098,648,2.2734466142292264,0.1512,0.9772291784792707,0.08195401920800903,,,0.8370950429885244,,0.837137528675876,0.16286247132412401,0.9519697959082251,0.14637936105118138,10,0.025,0.15,0.8506767419634792,0.9223283911210944,0.9436558246235733,0.9460675084332748,0.9528246993599948,0.9725080628083284,0.9645404648316704,0.973250919952473,0.9767421194380691,0.9701220616835706,1.0,0.9708493908902042
2,11,2.1830128450393675,0.19218106995884773,3159,2.2712170124053954,0.17088607594936708,632,2.2734156137780297,0.1522,0.9810912594893552,0.08285828044030263,,,0.8816855483352544,,0.8817316103051608,0.11826838969483922,0.9517110946624274,0.14639116800266758,10,0.025,0.15,0.860536880068269,0.9282868121286083,0.9473430256927843,0.9541363723880905,0.9643359884028552,0.9710691005696713,0.9718612079271429,0.9708157124475051,0.9763348586161825,0.9728575773108387,0.9708493908902042,1.0
3,0,2.0196506866702326,0.25421475529583637,6845,2.2485240589488638,0.1964937910883857,1369,2.2531414635573763,0.2004,0.9101605968737561,0.07876315450562334,,,0.7,,0.7000132032810154,0.29998679671898465,0.9683560200467473,0.14543424887954115,10,0.025,0.15,1.0,0.9446492311458715,0.9334586055136066,0.9055323026033796,0.8968056339529312,0.8750989412217182,0.8640988944304403,0.8475176581829823,0.8467348862384211,0.829052999668732,0.8307246883913777,0.841240785988721
3,1,2.0413476444954095,0.25089448703906536,5478,2.250294950273302,0.19525547445255476,1096,2.2530134871036194,0.1947,0.9609728704026539,0.08294738618363835,,,0.9041052104956726,,0.9041441798286874,0.09585582017131256,0.9693029161368194,0.14572297719007565,10,0.025,0.15,0.9446492311458715,1.0,0.9622439919789902,0.9491211573835124,0.9461653906591213,0.9361980637302025,0.9215984674073557,0.9187629065177996,0.9137639612022208,0.8977782504241478,0.9018375051928547,0.9104475799836959
3,2,2.0712505811139157,0.23981327800829874,4820,2.258344054222107,0.17946058091286307,964,2.253026657466647,0.1933,0.9727495738770782,0.08432426941795979,,,0.9712690446221943,,0.971307619943556,0.028692380056444033,0.9693142527885795,0.14572854923622938,10,0.025,0.15,0.9334586055136066,0.9622439919789902,1.0,0.9530903601653055,0.9526659385527311,0.9530607890675852,0.9395936091220104,0.9371075696898336,0.9352347869197647,0.9173447461813009,0.9251635978595059,0.9294374705682146
3,3,2.0825047329493933,0.23803903767589651,4406,2.2587840216500417,0.18388195232690124,881,2.2530253054220464,0.1933,0.9780416091759273,0.08419099894564529,,,0.9647681622863691,,0.9648050040435048,0.03519499595649522,0.9693008262859008,0.14572841068061018,10,0.025,0.15,0.9055323026033796,0.9491211573835124,0.9530903601653055,1.0,0.9551467905783116,0.9570660432120114,0.9549254933197286,0.9534373804054324,0.9481174581997391,0.9381956250132666,0.937544864337957,0.9467895418895829
3,4,2.096748530503475,0.23475194552529183,4112,2.2564620631081715,0.19099756690997566,822,2.2530263134195834,0.1933,0.9801807899659603,0.08431549887797778,,,0.9708412210581707,,0.9708867653611922,0.029113234638807772,0.9693084330532318,0.14572854819134684,10,0.025,0.15,0.8968056339529312,0.9461653906591213,0.9526659385527311,0.9551467905783116,1.0,0.9599225532930612,0.9599032564668702,0.9508656657870952,0.955258424635419,0.942135847826502,0.9472955321974851,0.957402759321919
3,5,2.101321642245016,0.2370017999485729,3889,2.2505462169647217,0.2043701799485861,778,2.2530257913130747,0.1933,0.9852043864387383,0.08450325720459358,,,0.9799999999512203,,0.9800300374643098,0.019969962535690167,0.969313252535621,0.14572862594568928,10,0.025,0.15,0.8750989412217182,0.9361980637302025,0.9530607890675852,0.9570660432120114,0.9599225532930612,1.0,0.9674921927462864,0.9722188303398305,0.9684458931834921,0.9574159567331946,0.9669302603489832,0.9672850920235739
3,6,2.1044770832719473,0.22153058474804635,3711,2.2507733503977456,0.1954177897574124,742,2.2530201688597473,0.1947,0.982976173416291,0.0838800137043005,,,0.9495984219301569,,0.9496294829265073,0.050370517073492715,0.9692765009560217,0.14572784682071804,10,0.025,0.15,0.8640988944304403,0.9215984674073557,0.9395936091220104,0.9549254933197286,0.9599032564668702,0.9674921927462864,1.0,0.9726965635629534,0.9735665094259189,0.9655244526604047,0.9651656197603761,0.9706110634989688
3,7,2.1104354172945023,0.232351290684624,3564,2.2571773131688437,0.1879382889200561,713,2.2530262922938866,0.1933,0.9805300670511903,0.08399021228475596,,,0.9549738662628324,,0.9550180719908897,0.04498192800911027,0.96928529756076,0.14572807445128916,10,0.025,0.15,0.8475176581829823,0.9187629065177996,0.9371075696898336,0.9534373804054324,0.9508656657870952,0.9722188303398305,0.9726965635629534,1.0,0.9717467267802236,0.9648272071485423,0.967686461293359,0.9690243704556208
3,8,2.12569440735711,0.21682650392327812,3441,2.2505306005477905,0.18895348837209303,688,2.253026657466647,0.1933,0.9803436303267887,0.08400043457443411,,,0.9554725056181694,,0.9555214470795993,0.044478552920400705,0.9692816237053927,0.14572810762015984,10,0.025,0.15,0.8467348862384211,0.9137639612022208,0.9352347869197647,0.9481174581997391,0.955258424635419,0.9684458931834921,0.9735665094259189,0.9717467267802236,1.0,0.9659199716121365,0.9734988426767268,0.9715803142245918
3,9,2.1277088381625986,0.21652669466106778,3334,2.2515287001927695,0.1934032983508246,667,2.25301975539968,0.1941,0.9709399272943798,0.08323543042485702,,,0.9181558976970785,,0.9182056741100163,0.0817943258899837,0.9694344076823752,0.1457251461235801,10,0.025,0.15,0.829052999668732,0.8977782504241478,0.9173447461813009,0.9381956250132666,0.942135847826502,0.9574159567331946,0.9655244526604047,0.9648272071485423,0.9659199716121365,1.0,0.9667855318484435,0.969384987231965
3,10,2.1289127157284664,0.23076211045973466,3241,2.245795806248983,0.18209876543209877,648,2.2530654895154734,0.1926,0.9741419615084366,0.08257349030323878,,,0.8858667133843887,,0.8859236520275289,0.11407634797247113,0.9693098339785553,0.14571919876127032,10,0.025,0.15,0.8307246883913777,0.9018375051928547,0.9251635978595059,0.937544864337957,0.9472955321974851,0.9669302603489832,0.9651656197603761,0.967686461293359,0.9734988426767268,0.9667855318484435,1.0,0.969234759421138
3,11,2.108989824295044,0.22940804051915162,3159,2.2507740020751954,0.22626582278481014,632,2.253036043311976,0.1945,0.978491756838669,0.08327585357297533,,,0.9201277233010324,,0.920169662161047,0.07983033783895299,0.9694130833524047,0.14572543909623975,10,0.025,0.15,0.841240785988721,0.9104475799836959,0.9294374705682146,0.9467895418895829,0.957402759321919,0.9672850920235739,0.9706110634989688,0.9690243704556208,0.9715803142245918,0.969384987231965,0.969234759421138,1.0
4,0,1.9622336347897849,0.2795763330898466,6845,2.221348068930886,0.2534696859021183,1369,2.2277224214771127,0.2531,0.9126334607281135,0.07874817127619914,,,0.7,,0.7000132032810154,0.29998679671898465,0.9760063233675339,0.1446143750527407,10,0.025,0.15,1.0,0.9453396606758602,0.9337033167009563,0.8955784257479592,0.8995173045336827,0.8732154420459357,0.8632209656678608,0.8441195004662401,0.8505113317945966,0.8227145998243304,0.8252519899704658,0.8361369963157793
4,1,1.988891297994658,0.27254472435195326,5478,2.223763200971815,0.2636861313868613,1096,2.227467220040816,0.2467,0.9539166108687626,0.08269626475102278,,,0.8915284613126248,,0.8915515505603142,0.10844844943968579,0.9774396496911152,0.14493649853623916,10,0.025,0.15,0.9453396606758602,1.0,0.9555270309369335,0.9366140590497278,0.939822103408938,0.9215681631185652,0.9098274364030116,0.9016139913088373,0.9025691827707378,0.8748876018930941,0.8806311323562412,0.8944986006315514
4,2,2.013848435251336,0.26352697095435684,4820,2.234796315431595,0.237551867219917,964,2.2274669091912767,0.2466,0.9656331969008557,0.08393437527934597,,,0.9515912247544894,,0.9516347312307109,0.04836526876928915,0.9775883460074729,0.1449546470187621,10,0.025,0.15,0.9337033167009563,0.9555270309369335,1.0,0.940144043015633,0.9434900948971825,0.938569998603363,0.9278639243678808,0.9199537287950055,0.9235691705599327,0.894338707759975,0.9051020478952773,0.9146456098395983
4,3,2.030730379308973,0.26173399909214706,4406,2.2352521419525146,0.22814982973893302,881,2.227464781531805,0.2466,0.9733934327029261,0.08410526787711316,,,0.9598815037230057,,0.9599197900678319,0.0400802099321681,0.9775905490815795,0.14495517147622416,10,0.025,0.15,0.8955784257479592,0.9366140590497278,0.940144043015633,1.0,0.9439382323722293,0.9488527495486264,0.9459065674250112,0.9435869705146457,0.9418829515534579,0.9256145177742986,0.9241943654499437,0.9381295531943264
4,4,2.0442731846462596,0.2582684824902724,4112,2.231839350291661,0.23722627737226276,822,2.227466085289098,0.2466,0.9747964104299459,0.08422844936166864,,,0.9658572386820595,,0.9658942747272697,0.03410572527273026,0.9776000734023728,0.14495546202522946,10,0.025,0.15,0.8995173045336827,0.939822103408938,0.9434900948971825,0.9439382323722293,1.0,0.9477502800389316,0.9510316647172462,0.9351790631050759,0.9429695011622968,0.9251663350194091,0.9336194490475437,0.9384603998700383
4,5,2.0489123986613365,0.2584726150681409,3889,2.2240843091692244,0.2699228791773779,778,2.2274651285968248,0.2466,0.9801478486966024,0.08451998276146283,,,0.9799999999514883,,0.9800300374643098,0.019969962535690167,0.9776003116391545,0.14495581719131784,10,0.025,0.15,0.8732154420459357,0.9215681631185652,0.938569998603363,0.9488527495486264,0.9477502800389316,1.0,0.9579364531784171,0.9620775804578805,0.9579883702398773,0.9410466876060665,0.9550896644235862,0.9571197919113317
4,6,2.0492157545583,0.24799245486391808,3711,2.223872741063436,0.24528301886792453,742,2.2274663478513306,0.2469,0.9794429044212724,0.08410986869045033,,,0.9601046966906681,,0.9601508474856002,0.0398491525143998,0.9775832896501006,0.14495520849724686,10,0.025,0.15,0.8632209656678608,0.9098274364030116,0.9278639243678808,0.9459065674250112,0.9510316647172462,0.9579364531784171,1.0,0.9626515857692808,0.9651968764159432,0.9528142880254329,0.9556110990047055,0.9607693791318663
4,7,2.0543691532952444,0.26029741863075195,3564,2.2337257862091064,0.23422159887798036,713,2.227467853811723,0.2464,0.9748507221685223,0.08402820232951054,,,0.9561429281683316,,0.9561816111303659,0.04381838886963407,0.9775883404063771,0.14495498113073305,10,0.025,0.15,0.8441195004662401,0.9016139913088373,0.9199537287950055,0.9435869705146457,0.9351790631050759,0.9620775804578805,0.9626515857692808,1.0,0.9617211388449829,0.9500775445449742,0.9572104610411787,0.960536240036255
4,8,2.071972375445896,0.23740191804707933,3441,2.2243150075276694,0.2558139534883721,688,2.227468448349192,0.2464,0.9767904896188542,0.08409795682522264,,,0.959526832657567,,0.9595732039411794,0.0404267960588206,0.9775868343288748,0.1449551693674027,10,0.025,0.15,0.8505113317945966,0.9025691827707378,0.9235691705599327,0.9418829515534579,0.9429695011622968,0.9579883702398773,0.9651968764159432,0.9617211388449829,1.0,0.951210916678075,0.9625538380933113,0.9613733228251582
4,9,2.0765718654349996,0.23869226154769047,3334,2.225128412246704,0.23238380809595202,667,2.227462780626514,0.2467,0.9614889239505975,0.08312267617211626,,,0.9122143756378454,,0.9122641976531168,0.08773580234688316,0.977503422648528,0.1449483129975187,10,0.025,0.15,0.8227145998243304,0.8748876018930941,0.894338707759975,0.9256145177742986,0.9251663350194091,0.9410466876060665,0.9528142880254329,0.9500775445449742,0.951210916678075,1.0,0.9537389823031602,0.9523366124559695
4,10,2.0750432174939375,0.2515581610614008,3241,2.2194015979766846,0.25462962962962965,648,2.227523423448394,0.2469,0.9672591683424172,0.0829001859129605,,,0.9014210098614555,,0.9014705154230827,0.09852948457691735,0.977432229991488,0.1449456738957283,10,0.025,0.15,0.8252519899704658,0.8806311323562412,0.9051020478952773,0.9241943654499437,0.9336194490475437,0.9550896644235862,0.9556110990047055,0.9572104610411787,0.9625538380933113,0.9537389823031602,1.0,0.9578197067409813
4,11,2.0470222425460816,0.2568217790440013,3159,2.2251235485076903,0.26582278481012656,632,2.2274888678442073,0.2478,0.9725273678534345,0.08350859876292716,,,0.930936110691774,,0.9309633443910812,0.0690366556089188,0.9775180364100702,0.14495163934488645,10,0.025,0.15,0.8361369963157793,0.8944986006315514,0.9146456098395983,0.9381295531943264,0.9384603998700383,0.9571197919113317,0.9607693791318663,0.960536240036255,0.9613733228251582,0.9523366124559695,0.9578197067409813,1.0
5,0,1.9115246898598142,0.2993571950328707,6845,2.1904119578274814,0.28049671292914535,1369,2.198320711715312,0.2745,0.919532340398448,0.0790190606888261,,,0.7,,0.7000132032810154,0.29998679671898465,0.9772731071896723,0.14433913388862785,10,0.025,0.15,1.0,0.9441255973938368,0.9298372773476825,0.9001915730456218,0.9059140259252328,0.8820378910478259,0.8689996055859092,0.8482671601305819,0.8613390992666916,0.8308070155119249,0.8335871468334228,0.844833268416136
5,1,1.9370903697124748,0.2901606425702811,5478,2.193140665690104,0.2965328467153285,1096,2.1978656581685514,0.2748,0.9557781744885427,0.08265836054909252,,,0.8866789631479037,,0.8867241009390834,0.11327589906091662,0.980102007951003,0.14466838032133658,10,0.025,0.15,0.9441255973938368,1.0,0.951108102161859,0.9387265401618723,0.9408796640976421,0.9218373386801336,0.910636411692127,0.8979232724245182,0.9067501660301438,0.8748265075424603,0.8836348572298245,0.8939809757840936
5,2,1.9584151101739784,0.2825311203319502,4820,2.207246720790863,0.27074688796680496,964,2.197853281528135,0.2751,0.9674381434497135,0.08380923081786479,,,0.9457131941102372,,0.9457592711788879,0.05424072882111208,0.9803427221758526,0.14468396774048797,10,0.025,0.15,0.9298372773476825,0.951108102161859,1.0,0.9410577178762124,0.9443640084110483,0.9383256394281966,0.9297821540297102,0.9163895712252658,0.9280888267885626,0.8942165722435995,0.9084887395248891,0.9155315942970004
5,3,1.982732949597495,0.2823195642305946,4406,2.2073748111724854,0.26106696935300794,881,2.1978482958636705,0.2751,0.9716638518917134,0.08405366164816792,,,0.95825134587414,,0.9582858840421845,0.04171411595781549,0.9803515951675639,0.1446848459339504,10,0.025,0.15,0.9001915730456218,0.9387265401618723,0.9410577178762124,1.0,0.9382024822147791,0.9444062136614346,0.9399300588732673,0.9360504970591413,0.9389109968061978,0.9171095043200542,0.9171662749090446,0.9321933405117344
5,4,1.9919836297179714,0.281079766536965,4112,2.2034758159092496,0.2615571776155718,822,2.1978494215615187,0.2751,0.9703221898784893,0.08408633192671888,,,0.9599271774790684,,0.959977554422274,0.04002244557772605,0.9803515952686892,0.14468493423987375,10,0.025,0.15,0.9059140259252328,0.9408796640976421,0.9443640084110483,0.9382024822147791,1.0,0.9411070493394957,0.9445161997045259,0.9205114561794723,0.9355472636767264,0.9084526026928481,0.9203243593297835,0.9289786451083203
5,5,2.003739405831983,0.27667780920545126,3889,2.1935907091413225,0.2892030848329049,778,2.197849089586282,0.2751,0.9767463443651903,0.08447765089901799,,,0.9799999999487046,,0.9800300374643098,0.019969962535690167,0.9803431788421655,0.14468556992584777,10,0.025,0.15,0.8820378910478259,0.9218373386801336,0.9383256394281966,0.9444062136614346,0.9411070493394957,1.0,0.9494061988600536,0.9494774943500799,0.9498515064264584,0.9319947158091265,0.9459287343315008,0.9468410812502702
5,6,2.000330359771334,0.2662085691188359,3711,2.192764480908712,0.26549865229110514,742,2.1978563870055767,0.2748,0.9764429427314233,0.08421284498212653,,,0.9664167020895641,,0.9664554141704214,0.033544585829578644,0.9803481888213855,0.14468521671565143,10,0.025,0.15,0.8689996055859092,0.910636411692127,0.9297821540297102,0.9399300588732673,0.9445161997045259,0.9494061988600536,1.0,0.9528041265884686,0.9596960964405704,0.9403090958060553,0.9469231901175943,0.9541041750405682
5,7,2.0062923090798512,0.27794612794612794,3564,2.2061963081359863,0.26788218793828894,713,2.1978539816940885,0.2752,0.9692137340325446,0.0839256228957041,,,0.9516835601817162,,0.9517255037876913,0.048274496212308726,0.9803492497410242,0.14468448036366893,10,0.025,0.15,0.8482671601305819,0.8979232724245182,0.9163895712252658,0.9360504970591413,0.9205114561794723,0.9494774943500799,0.9528041265884686,1.0,0.9512805355927572,0.9416909740790187,0.9451105338897766,0.9531955273923709
5,8,2.0253975824073507,0.25321127579192093,3441,2.1936833461125693,0.27906976744186046,688,2.1978531668457806,0.2752,0.974809603940376,0.08415201539835447,,,0.9632964305913934,,0.963336139030549,0.036663860969450957,0.9803527051847053,0.1446850855141076,10,0.025,0.15,0.8613390992666916,0.9067501660301438,0.9280888267885626,0.9389109968061978,0.9355472636767264,0.9498515064264584,0.9596960964405704,0.9512805355927572,1.0,0.9393997678881064,0.9525673201168388,0.9544752374385743
5,9,2.033265406114084,0.25290941811637674,3334,2.1946068604787192,0.2608695652173913,667,2.197857977468756,0.2741,0.9563713924531383,0.08294277498756403,,,0.9012680859233673,,0.9013137264610256,0.09868627353897441,0.9802278544556361,0.144676739019836,10,0.025,0.15,0.8308070155119249,0.8748265075424603,0.8942165722435995,0.9171095043200542,0.9084526026928481,0.9319947158091265,0.9403090958060553,0.9416909740790187,0.9393997678881064,1.0,0.9402018823688566,0.9454706382585966
5,10,2.0274153062930473,0.267510027769207,3241,2.189575950304667,0.2808641975308642,648,2.1979258422610126,0.2738,0.9634217085977302,0.08303511530708754,,,0.9060047099354743,,0.906050403525276,0.093949596474724,0.980219941383062,0.14467797693790105,10,0.025,0.15,0.8335871468334228,0.8836348572298245,0.9084887395248891,0.9171662749090446,0.9203243593297835,0.9459287343315008,0.9469231901175943,0.9451105338897766,0.9525673201168388,0.9402018823688566,1.0,0.9518787487248773
5,11,1.9941641821861267,0.2765432098765432,3159,2.1955973148345946,0.27848101265822783,632,2.197888914542862,0.2746,0.9699668756267205,0.08362732989947501,,,0.9363825326796154,,0.9364096978099058,0.0635903021900942,0.9802886307298379,0.14468291824830046,10,0.025,0.15,0.844833268416136,0.8939809757840936,0.9155315942970004,0.9321933405117344,0.9289786451083203,0.9468410812502702,0.9541041750405682,0.9531955273923709,0.9544752374385743,0.9454706382585966,0.9518787487248773,1.0
6,0,1.8625306868994678,0.3179401022644266,6845,2.1568331068212334,0.2921840759678597,1369,2.1659955465340914,0.289,0.9295074094841719,0.07949653239154758,,,0.7,,0.7000132032810154,0.29998679671898465,0.9811300592740143,0.14445699963713712,10,0.025,0.15,1.0,0.9436028362199462,0.9290938351474546,0.9092338202614108,0.9078723568826281,0.8962935618670191,0.8813751471547313,0.8657789431273326,0.8760053230590048,0.8526449593176436,0.8514890816081607,0.8567164958303188
6,1,1.8869713957919632,0.30704636728733115,5478,2.1596053176456027,0.31295620437956206,1096,2.1652903285207628,0.2894,0.9567183756330878,0.08264770933459115,,,0.8801577311427882,,0.880204980937763,0.119795019062237,0.9826402306996179,0.1447434004850868,10,0.025,0.15,0.9436028362199462,1.0,0.9446843745329304,0.9407170705313699,0.935934602605468,0.9252189257541066,0.9122240660784341,0.9026905126077747,0.9103045237572912,0.883549424697095,0.8889319352257609,0.8931225811771816
6,2,1.9077726608828494,0.29827800829875517,4820,2.176860898733139,0.28526970954356845,964,2.1652641356745854,0.289,0.970137406883933,0.08380165038189555,,,0.9461303517580247,,0.9461718737106171,0.05382812628938294,0.9827067667208343,0.14475823681198458,10,0.025,0.15,0.9290938351474546,0.9446843745329304,1.0,0.9427941343224381,0.9419660545608319,0.9423001311776082,0.9339159505610807,0.9237849930592871,0.9344162098520202,0.9064781610179973,0.915964224084548,0.9186617269664963
6,3,1.9362269275529045,0.2978665456196096,4406,2.1761181695120677,0.2746878547105562,881,2.1652568593809876,0.2891,0.9725370829108481,0.08403200522963385,,,0.9593000999112945,,0.9593421465234111,0.0406578534765889,0.9827159822214058,0.14475893353364705,10,0.025,0.15,0.9092338202614108,0.9407170705313699,0.9427941343224381,1.0,0.9383022543206874,0.9446251252691146,0.9393660024005331,0.9368050351280119,0.9416175979765494,0.9170177969668264,0.9196714358247382,0.9302735778671652
6,4,1.9422892534371579,0.2993433852140078,4112,2.172361203602382,0.2737226277372263,822,2.165259898463382,0.289,0.9697153811280623,0.08396002719898002,,,0.955185002939877,,0.9552326253073888,0.04476737469261116,0.9827061489951098,0.14475874401031558,10,0.025,0.15,0.9078723568826281,0.935934602605468,0.9419660545608319,0.9383022543206874,1.0,0.9415591943547603,0.9415114983620663,0.9199974895637296,0.9347750209798601,0.9178540244512644,0.9214842719351325,0.9265904675435898
6,5,1.9598158509500565,0.29210593983029054,3889,2.1605472564697266,0.31233933161953725,778,2.165260025217563,0.2891,0.9755526632602002,0.08439407155500835,,,0.9799999999428284,,0.9800300374643098,0.019969962535690167,0.9827228373595773,0.14475948266804028,10,0.025,0.15,0.8962935618670191,0.9252189257541066,0.9423001311776082,0.9446251252691146,0.9415591943547603,1.0,0.9455761177640154,0.9450163485838147,0.9459779659974045,0.9249585204975429,0.9406920072748626,0.94192945136615
6,6,1.951690238508685,0.28186472648881705,3711,2.1588112910588584,0.2803234501347709,742,2.1652717771409433,0.2896,0.9749705376078518,0.08421049573979726,,,0.9695046824919544,,0.9695499331583899,0.030450066841610113,0.9827195289005721,0.14475927442833858,10,0.025,0.15,0.8813751471547313,0.9122240660784341,0.9339159505610807,0.9393660024005331,0.9415114983620663,0.9455761177640154,1.0,0.9486162554024898,0.9555119770335246,0.9356460310427547,0.9431514602058426,0.9498123207605723
6,7,1.961370147551809,0.29500561167227835,3564,2.1753732363382974,0.2791023842917251,713,2.1652652915520005,0.289,0.9681094407932872,0.08380765082443098,,,0.9464734064745878,,0.9465184598372696,0.053481540162730434,0.9827049756844164,0.14475824166021128,10,0.025,0.15,0.8657789431273326,0.9026905126077747,0.9237849930592871,0.9368050351280119,0.9199974895637296,0.9450163485838147,0.9486162554024898,1.0,0.9459422348102186,0.929902587368843,0.9400130359646122,0.9483382201244211
6,8,1.9762017461988661,0.26884626562045916,3441,2.1599530378977456,0.2863372093023256,688,2.1652636467656,0.289,0.9740671672967183,0.08414315609793481,,,0.9656547694870092,,0.9656879734614051,0.034312026538594886,0.9827159797037855,0.14475915676887954,10,0.025,0.15,0.8760053230590048,0.9103045237572912,0.9344162098520202,0.9416175979765494,0.9347750209798601,0.9459779659974045,0.9555119770335246,0.9459422348102186,1.0,0.9333938091194431,0.9483404827359136,0.9497591253769887
6,9,1.9977599320588288,0.2687162567486503,3334,2.1610882679621377,0.2818590704647676,667,2.165275247791145,0.289,0.9562030473681933,0.08280757906461371,,,0.8892977345002184,,0.8893482530408806,0.11065174695911939,0.9826355711195641,0.14474640806372313,10,0.025,0.15,0.8526449593176436,0.883549424697095,0.9064781610179973,0.9170177969668264,0.9178540244512644,0.9249585204975429,0.9356460310427547,0.929902587368843,0.9333938091194431,1.0,0.9337625237717581,0.9346351922982614
