round,client_id,client_i_training_loss,client_i_training_accuracy,client_i_training_dataset_size,client_i_evaluation_loss,client_i_evaluation_accuracy,client_i_evaluation_dataset_size,client_i_central_evaluation_loss,client_i_central_evaluation_accuracy,client_i_cosine_similarity,client_i_importance_coefficient,client_i_tanh_val,tanh_normalization_value,client_i_q,client_i_mask_order,client_i_v_nonzero_fraction,client_i_v_sparsity,client_i_v_cosine_similarity,client_i_reward_gradient_norm,local_epochs,learning_rate,gamma,client_0_cosine_similarity,client_1_cosine_similarity,client_2_cosine_similarity,client_3_cosine_similarity,client_4_cosine_similarity,client_5_cosine_similarity,client_6_cosine_similarity,client_7_cosine_similarity,client_8_cosine_similarity,client_9_cosine_similarity,client_10_cosine_similarity,client_11_cosine_similarity
0,0,2.167983546080413,0.19322132943754566,6845,2.300829757343639,0.10007304601899196,1369,2.299017184897314,0.0997,0.8960037712361393,0.078834639670538,,,0.65,,0.6500140284860788,0.3499859715139212,0,0.141509057566715,10,0.025,0.15,1.0,0.9138610313448776,0.8953027363920891,0.8592334701664384,0.8255879132643341,0.8035561667090411,0.8271489489111286,0.7737688632046011,0.7950438608593217,0.7838759701426129,0.7241171194667338,0.7508548798029566
0,1,2.2164692521095275,0.17163198247535597,5478,2.298347552617391,0.10036496350364964,1096,2.298996916300134,0.0996,0.9516087280942964,0.08372702615208256,,,0.8765169152225807,,0.876565826607912,0.12343417339208795,0,0.14184232294910795,10,0.025,0.15,0.9138610313448776,1.0,0.9445459492704491,0.9096350887326476,0.9228591585177514,0.8956556825298682,0.8620190083584695,0.8745796855971746,0.8484814448078901,0.8554853090355004,0.8325444761734506,0.835285616371408
0,2,2.2587492233828494,0.13975103734439834,4820,2.2974035143852234,0.09854771784232365,964,2.298989404605914,0.0996,0.9770115659193161,0.08596208768958222,,,0.9799999999537001,,0.9800300374643098,0.019969962535690167,0,0.14185446554313902,10,0.025,0.15,0.8953027363920891,0.9445459492704491,1.0,0.967657997165272,0.9351266935116948,0.9299191332566407,0.9280552866703622,0.9145415564507969,0.9159414274682324,0.8971637642612992,0.8566433280580074,0.8633548133455085
0,3,2.2695662239619665,0.13635950975941896,4406,2.2936185768672397,0.1191827468785471,881,2.2989898663532884,0.0996,0.9639941452567858,0.08481675359578193,,,0.9269711669280263,,0.9270106121371161,0.07298938786288389,0,0.14185171307897562,10,0.025,0.15,0.8592334701664384,0.9096350887326476,0.967657997165272,1.0,0.9105789206406126,0.9322567319953127,0.9335720962875665,0.9218454933502641,0.9077197363794678,0.8887482564073091,0.8516796152432681,0.8487235570109162
0,4,2.2786986235416298,0.1403453307392996,4112,2.3007424218314037,0.10218978102189781,822,2.2989897154554537,0.0996,0.9658976418885675,0.08498423221127209,,,0.9347254070089535,,0.9347675397336238,0.06523246026637619,0,0.14185221544396284,10,0.025,0.15,0.8255879132643341,0.9228591585177514,0.9351266935116948,0.9105789206406126,1.0,0.9373652341262882,0.9010897787957778,0.9362614816331963,0.9185626799163574,0.9119901471233075,0.9067274371525218,0.9079343355898352
0,5,2.283156664140763,0.13785034713293906,3889,2.2993830272129605,0.10282776349614396,778,2.2989898603173753,0.0996,0.9640465324791201,0.08482136287079689,,,0.927184575815844,,0.9272169134029806,0.07278308659701938,0,0.14185171393999857,10,0.025,0.15,0.8035561667090411,0.8956556825298682,0.9299191332566407,0.9322567319953127,0.9373652341262882,1.0,0.9158032225106411,0.9560133857408953,0.9119548732956786,0.9176898001787883,0.9350570488647968,0.8898195262169141
0,6,2.2862783621097433,0.12883319859876044,3711,2.302279233932495,0.0876010781671159,742,2.2989964605886724,0.0996,0.9544092727441851,0.08397343128501034,,,0.8879254437221908,,0.8879619085342708,0.11203809146572918,0,0.1418445962220718,10,0.025,0.15,0.8271489489111286,0.8620190083584695,0.9280552866703622,0.9335720962875665,0.9010897787957778,0.9158032225106411,1.0,0.9063316772715462,0.9537768038485129,0.9320403611742246,0.8536130582152972,0.8846547326493454
0,7,2.2863101652690343,0.1259259259259259,3564,2.2983710765838623,0.091164095371669,713,2.2989966688276846,0.0996,0.9538531909886333,0.08392450458823338,,,0.8856601434504819,,0.8857008466603951,0.11429915333960494,0,0.14184416038449757,10,0.025,0.15,0.7737688632046011,0.8745796855971746,0.9145415564507969,0.9218454933502641,0.9362614816331963,0.9560133857408953,0.9063316772715462,1.0,0.916803810584087,0.9051330875273355,0.9407966646748166,0.8954889719500505
0,8,2.291000172826979,0.11775646614356292,3441,2.29668919245402,0.10319767441860465,688,2.298996777474126,0.0996,0.9518560134804475,0.08374878348719524,,,0.8775242772639438,,0.8775808288359658,0.12241917116403422,0,0.14184266989051403,10,0.025,0.15,0.7950438608593217,0.8484814448078901,0.9159414274682324,0.9077197363794678,0.9185626799163574,0.9119548732956786,0.9537768038485129,0.916803810584087,1.0,0.9369662444805458,0.8870348420555999,0.9286605205863921
0,9,2.290363896334613,0.12813437312537493,3334,2.3020629485448203,0.09295352323838081,667,2.298996173882786,0.0996,0.9452419895094887,0.08316685044934263,,,0.850580846466371,,0.850621379412784,0.14937862058721596,0,0.14182807803634662,10,0.025,0.15,0.7838759701426129,0.8554853090355004,0.8971637642612992,0.8887482564073091,0.9119901471233075,0.9176898001787883,0.9320403611742246,0.9051330875273355,0.9369662444805458,1.0,0.890116568929858,0.9359948113626159
0,10,2.290572155438937,0.12360382597963591,3241,2.2944283485412598,0.10185185185185185,648,2.2990011263497268,0.0997,0.9177945453552541,0.0807518947993334,,,0.7387686856113411,,0.7388060933141886,0.26119390668581144,0,0.14170954433591698,10,0.025,0.15,0.7241171194667338,0.8325444761734506,0.8566433280580074,0.8516796152432681,0.9067274371525218,0.9350570488647968,0.8536130582152972,0.9407966646748166,0.8870348420555999,0.890116568929858,1.0,0.9029385648885392
0,11,2.2917491302490234,0.1210193099081988,3159,2.298708915710449,0.08860759493670886,632,2.298995180975033,0.0997,0.9238926315920186,0.08128843320083137,,,0.7636103501168416,,0.7636612698255516,0.2363387301744484,0,0.14174724127610705,10,0.025,0.15,0.7508548798029566,0.835285616371408,0.8633548133455085,0.8487235570109162,0.9079343355898352,0.8898195262169141,0.8846547326493454,0.8954889719500505,0.9286605205863921,0.9359948113626159,0.9029385648885392,1.0
1,0,2.038062310881085,0.2550328707085464,6845,2.2880845720117744,0.09788166544923302,1369,2.2868497764007953,0.0993,0.9128538120413432,0.07858805961577287,,,0.65,,0.6500140284860788,0.3499859715139212,0.8964941887816882,0.1455960367516562,10,0.025,0.15,1.0,0.9476930474203074,0.9387678885435177,0.9063427625250595,0.909919902639668,0.8749618947708704,0.8698789535348185,0.8524529100957269,0.8516621999490157,0.8410191438556007,0.8374872245800484,0.8324487858540137
1,1,2.0670319546100706,0.24227820372398687,5478,2.286195437113444,0.09945255474452555,1096,2.2866820413855056,0.0999,0.9576487745516766,0.08307865384143524,,,0.8772740174421279,,0.8773167632156591,0.1226832367843409,0.9025410242830711,0.14597498264480463,10,0.025,0.15,0.9476930474203074,1.0,0.9627507366046284,0.9530131669831707,0.9535009909013727,0.9267996193744606,0.9226406948140802,0.9130890689830625,0.9095283842381708,0.9005033181925,0.8970662507727898,0.8951530682304993
1,2,2.106885578130421,0.2169917012448133,4820,2.2861255407333374,0.1016597510373444,964,2.286682907539078,0.0998,0.9774446080477395,0.08510836541631892,,,0.9799999999493889,,0.9800300374643098,0.019969962535690167,0.9020366258874328,0.14599061562712362,10,0.025,0.15,0.9387678885435177,0.9627507366046284,1.0,0.9700399529230475,0.9673868297766277,0.9550347784574903,0.9489378079422482,0.9415057512637371,0.9403974692691904,0.9310988030145442,0.9305751624479055,0.9251584028584894
1,3,2.1272807802472795,0.2078302315024966,4406,2.2821829319000244,0.11237230419977298,881,2.2866835805434214,0.0998,0.9825170529170739,0.08456431514583654,,,0.9524650047016792,,0.9525094485979766,0.047490551402023407,0.9020471800237166,0.14599012344336953,10,0.025,0.15,0.9063427625250595,0.9530131669831707,0.9700399529230475,1.0,0.9657171549138787,0.9636402307498938,0.9638449543475135,0.9568241908189261,0.9541511878372387,0.9480231584567264,0.9474035187478446,0.9411378889415808
1,4,2.1405869512846976,0.2214737354085603,4112,2.288079704557146,0.10827250608272507,822,2.286683954770052,0.0998,0.9846138298214357,0.08473640380810778,,,0.9611746051833074,,0.9612153620174614,0.03878463798253862,0.9020283529305299,0.14599039050497392,10,0.025,0.15,0.909919902639668,0.9535009909013727,0.9673868297766277,0.9657171549138787,1.0,0.9644706174296495,0.9660447084571651,0.9570765127614703,0.9594606913961012,0.9495917432477199,0.9500645180669985,0.9518882608138529
1,5,2.150992586920338,0.2131139110311134,3889,2.2865097863333568,0.10154241645244216,778,2.2866838883750047,0.0998,0.9852891149233881,0.08465753798747601,,,0.9571831174217498,,0.9572213695103233,0.04277863048967667,0.9020397573267532,0.14599028402916384,10,0.025,0.15,0.8749618947708704,0.9267996193744606,0.9550347784574903,0.9636402307498938,0.9644706174296495,1.0,0.9694770666826383,0.9762889671270684,0.9731087765461309,0.9577157194596417,0.973213596412536,0.9679287431880583
1,6,2.1586462653916456,0.2012665049851792,3711,2.2895665168762207,0.09164420485175202,742,2.286691478536099,0.0999,0.9853660883002537,0.08413484614713188,,,0.9307290963123926,,0.9307570431252166,0.06924295687478343,0.9022248971959766,0.14598718979672615,10,0.025,0.15,0.8698789535348185,0.9226406948140802,0.9489378079422482,0.9638449543475135,0.9660447084571651,0.9694770666826383,1.0,0.9701857028906127,0.9791558392206523,0.9699185725038394,0.9695904623118715,0.9741556606100853
1,7,2.162462312408856,0.19609988776655443,3564,2.286850690841675,0.09256661991584852,713,2.286691689793068,0.0999,0.9817436628110999,0.08398645205257714,,,0.923218704515822,,0.923255929098381,0.07674407090161905,0.9022256890425135,0.14598643990671145,10,0.025,0.15,0.8524529100957269,0.9130890689830625,0.9415057512637371,0.9568241908189261,0.9570765127614703,0.9762889671270684,0.9701857028906127,1.0,0.9770763888639494,0.961952985599135,0.978482654719204,0.9764516715718118
1,8,2.177319687825662,0.1953792502179599,3441,2.283911426862081,0.10755813953488372,688,2.286692344689671,0.0999,0.9823050727845534,0.08389591369314059,,,0.9186364564551595,,0.9186842930468221,0.08131570695317791,0.9022070194650379,0.14598596108320805,10,0.025,0.15,0.8516621999490157,0.9095283842381708,0.9403974692691904,0.9541511878372387,0.9594606913961012,0.9731087765461309,0.9791558392206523,0.9770763888639494,1.0,0.966688624601556,0.9768132474905574,0.9799911156365819
1,9,2.181810407726853,0.19739052189562087,3334,2.289310892422994,0.0944527736131934,667,2.2866822345347346,0.0999,0.9731306481347846,0.08323638778086395,,,0.8852571092779635,,0.8853047482299351,0.1146952517700649,0.9022599424746864,0.14597701809489275,10,0.025,0.15,0.8410191438556007,0.9005033181925,0.9310988030145442,0.9480231584567264,0.9495917432477199,0.9577157194596417,0.9699185725038394,0.961952985599135,0.966688624601556,1.0,0.9660418149236855,0.968464844189249
1,10,2.1860870517217195,0.18565257636531934,3241,2.2818880875905356,0.09876543209876543,648,2.2867090370081646,0.0999,0.976784937806221,0.081859714247978,,,0.8155821155461291,,0.8156326847221534,0.18436731527784656,0.9014704302356255,0.14594153938221635,10,0.025,0.15,0.8374872245800484,0.8970662507727898,0.9305751624479055,0.9474035187478446,0.9500645180669985,0.973213596412536,0.9695904623118715,0.978482654719204,0.9768132474905574,0.9660418149236855,1.0,0.9775689363439317
1,11,2.1811193146705627,0.2041468819246597,3159,2.286362648010254,0.09177215189873418,632,2.2866965305956106,0.0999,0.9755980797724938,0.0821533502633611,,,0.830443364086565,,0.8304781238137677,0.16952187618623227,0.901585278211128,0.14594987450323826,10,0.025,0.15,0.8324487858540137,0.8951530682304993,0.9251584028584894,0.9411378889415808,0.9518882608138529,0.9679287431880583,0.9741556606100853,0.9764516715718118,0.9799911156365819,0.968464844189249,0.9775689363439317,1.0
2,0,1.9701118025514814,0.28636961285609935,6845,2.2682280973954634,0.14901387874360847,1369,2.267856733708442,0.1368,0.9247320718157378,0.07884198611893642,,,0.65,,0.6500140284860788,0.3499859715139212,0.9722612820592126,0.14548454282537063,10,0.025,0.15,1.0,0.9460714377467547,0.9396240737418572,0.9084663983582102,0.9180003294537509,0.885346845401757,0.882263668552173,0.8671133718138216,0.8700173277757185,0.8676329647063187,0.8558040928098682,0.856246028112844
2,1,1.991630998045899,0.27900693683826217,5478,2.26710573832194,0.1478102189781022,1096,2.267535915857629,0.1377,0.9618085097316006,0.08283307723780416,,,0.8797527666330585,,0.8797841263553993,0.12021587364460073,0.9742918672699153,0.1458741786837174,10,0.025,0.15,0.9460714377467547,1.0,0.957504884397147,0.9513458569296495,0.949219836652416,0.9288633380696623,0.9264993472812318,0.9187313211219071,0.9193155978574725,0.9172022971740289,0.9046917137647156,0.9051767710981214
2,2,2.0265532286543597,0.25811203319502074,4820,2.2683666050434113,0.13692946058091288,964,2.2675199478487427,0.1384,0.9766493689716444,0.08457449627886889,,,0.9799999999424336,,0.9800300374643098,0.019969962535690167,0.9746591751348673,0.14588814849802434,10,0.025,0.15,0.9396240737418572,0.957504884397147,1.0,0.9615571748638133,0.9588829514542238,0.9494741419753523,0.9466898130630348,0.9391189232227715,0.9443671623584986,0.9421173816664875,0.9310000395487101,0.9257130096888697
2,3,2.042488009248461,0.2566046300499319,4406,2.2640388352530345,0.1532349602724177,881,2.2675205997273893,0.1384,0.9796620043231199,0.08433566809075246,,,0.9662515198061856,,0.9662903731577297,0.0337096268422703,0.9746497221827336,0.14588795915919098,10,0.025,0.15,0.9084663983582102,0.9513458569296495,0.9615571748638133,1.0,0.9536677729580767,0.9574891985244044,0.9600686280503958,0.9505409742643938,0.9558304033870219,0.9502540186865559,0.942700150149636,0.9377999150968358
2,4,2.055434216152538,0.26313229571984437,4112,2.2688155514853343,0.1386861313868613,822,2.267521369306347,0.1384,0.9784980039058616,0.08440432931099731,,,0.9702040993995403,,0.9702431054116948,0.029756894588305216,0.9746579106605112,0.14588804770814207,10,0.025,0.15,0.9180003294537509,0.949219836652416,0.9588829514542238,0.9536677729580767,1.0,0.9519696842471267,0.9536693924982381,0.9461180230228469,0.9500690724465234,0.9498938505746073,0.9429721920477622,0.9424631857452753
2,5,2.065325840057865,0.25767549498585757,3889,2.266678844179426,0.13110539845758354,778,2.2675212063366854,0.1384,0.9810040195054631,0.08443718354622315,,,0.9720953996013986,,0.9721328250070143,0.027867174992985744,0.9746563122092516,0.14588807479182656,10,0.025,0.15,0.885346845401757,0.9288633380696623,0.9494741419753523,0.9574891985244044,0.9519696842471267,1.0,0.9629248368273139,0.9637550664551944,0.9675515008136955,0.9568399543488008,0.9622017230360485,0.9582520779983786
2,6,2.067735188993914,0.2455941794664511,3711,2.2697577476501465,0.11994609164420485,742,2.2675298739083205,0.1384,0.981894734886982,0.08414239720699024,,,0.9551256098904569,,0.9551748609529468,0.04482513904705321,0.9746155304129972,0.14588764216011788,10,0.025,0.15,0.882263668552173,0.9264993472812318,0.9466898130630348,0.9600686280503958,0.9536693924982381,0.9629248368273139,1.0,0.9571616719501271,0.9701917000496478,0.9651102206700202,0.9661277995941755,0.9646020305561962
2,7,2.0739298083952495,0.24640852974186309,3564,2.269070784250895,0.12903225806451613,713,2.2675304473200932,0.1384,0.9773773288460719,0.08390315900980695,,,0.941353527006326,,0.9413939363931937,0.05860606360680631,0.9746111385864341,0.14588685822030314,10,0.025,0.15,0.8671133718138216,0.9187313211219071,0.9391189232227715,0.9505409742643938,0.9461180230228469,0.9637550664551944,0.9571616719501271,1.0,0.966641090216627,0.9610058680703583,0.964405670851483,0.9676316597980569
2,8,2.084733422597249,0.23859343214181924,3441,2.2643114725748696,0.13953488372093023,688,2.267530706864369,0.1384,0.9813304115564455,0.08397596692401671,,,0.945544816862725,,0.9455942301661963,0.05440576983380374,0.9746092332419581,0.14588714262881233,10,0.025,0.15,0.8700173277757185,0.9193155978574725,0.9443671623584986,0.9558304033870219,0.9500690724465234,0.9675515008136955,0.9701917000496478,0.966641090216627,1.0,0.9644932081935413,0.969542630574239,0.9702336249142982
2,9,2.0905256637820493,0.24244151169766046,3334,2.2694392601648965,0.13793103448275862,667,2.2675258268283893,0.1383,0.976920929981424,0.08342357942502361,,,0.9137458545320466,,0.91378257496988,0.08621742503011998,0.9744261249629468,0.14588351526638987,10,0.025,0.15,0.8676329647063187,0.9172022971740289,0.9421173816664875,0.9502540186865559,0.9498938505746073,0.9568399543488008,0.9651102206700202,0.9610058680703583,0.9644932081935413,1.0,0.9609169544474894,0.9615835607558997
2,10,2.0918515379612264,0.23609996914532552,3241,2.2625879844029746,0.1388888888888889,648,2.2675951855092107,0.1373,0.9743925648686966,0.08248822631079497,,,0.8599009385999233,,0.8599379445792279,0.1400620554207721,0.974012925914657,0.14586658396078198,10,0.025,0.15,0.8558040928098682,0.9046917137647156,0.9310000395487101,0.942700150149636,0.9429721920477622,0.9622017230360485,0.9661277995941755,0.964405670851483,0.969542630574239,0.9609169544474894,1.0,0.9675055248402256
2,11,2.0790539174079896,0.2546058879392213,3159,2.26722092628479,0.125,632,2.267574135261246,0.1373,0.9734659057990508,0.08263993053978508,,,0.8686340056440804,,0.8686603620999819,0.13133963790001812,0.9740727939944153,0.1458700979446386,10,0.025,0.15,0.856246028112844,0.9051767710981214,0.9257130096888697,0.9377999150968358,0.9424631857452753,0.9582520779983786,0.9646020305561962,0.9676316597980569,0.9702336249142982,0.9615835607558997,0.9675055248402256,1.0
3,0,1.921385591339182,0.30572680788897005,6845,2.2416846318678423,0.18407596785975164,1369,2.2423168375522278,0.1767,0.9245432752063011,0.07911674750213417,,,0.65,,0.6500140284860788,0.3499859715139212,0.9855432790848945,0.14486702489171838,10,0.025,0.15,1.0,0.938732687432743,0.9306682547331414,0.9017529547352203,0.9123807945980191,0.8799710618545675,0.8774732019530976,0.8662934747929365,0.8719357618959969,0.8577309655670543,0.8559513468640295,0.8580020243562465
3,1,1.9403688300487607,0.30383351588170865,5478,2.241333113776313,0.18156934306569342,1096,2.2416691448115094,0.1773,0.9611036033972794,0.08278727981918228,,,0.8826249134972076,,0.8826640920268687,0.11733590797313131,0.98815091491167,0.1452749340897482,10,0.025,0.15,0.938732687432743,1.0,0.9486584007735798,0.942805663820681,0.9413583906661213,0.9238672163987932,0.9225921872831669,0.9193758320232835,0.9188350254555558,0.9048671174567804,0.9029475413912964,0.906802725962067
3,2,1.9709260231570194,0.2867842323651452,4820,2.24435231089592,0.16597510373443983,964,2.241644817062571,0.1781,0.9750627166241476,0.08432373778612107,,,0.9799999999366236,,0.9800300374643098,0.019969962535690167,0.9882710137619243,0.1452842025099441,10,0.025,0.15,0.9306682547331414,0.9486584007735798,1.0,0.9541283183790257,0.9508877575906186,0.9433447032998759,0.9389541790256106,0.939468151843527,0.9430764906651922,0.9288940250195121,0.9281134583981795,0.92476346889734
3,3,1.9906779953411646,0.2809577848388561,4406,2.239396776471819,0.19296254256526674,881,2.241645852221718,0.178,0.976001573991815,0.0842062035371608,,,0.9725511091121639,,0.9725866877919163,0.02741331220808374,0.9882709698178146,0.14528412178438696,10,0.025,0.15,0.9017529547352203,0.942805663820681,0.9541283183790257,1.0,0.943501081643376,0.9501388483854282,0.9509042772788229,0.9470270714458239,0.9505111452810162,0.9323178201657465,0.9351068600492519,0.932121504472629
3,4,2.0005714318969035,0.2901994163424125,4112,2.243201868874686,0.17761557177615572,822,2.2416466761238967,0.178,0.9718043951953521,0.08411173482109069,,,0.9665640274014452,,0.9665956990312092,0.03340430096879077,0.9882707804672731,0.14528401524949697,10,0.025,0.15,0.9123807945980191,0.9413583906661213,0.9508877575906186,0.943501081643376,1.0,0.9398200621176606,0.9425777819896886,0.9340400204505698,0.9393976199100108,0.9257715145281425,0.9298687642322974,0.9328469018798601
3,5,2.009083277948441,0.28158909745435845,3889,2.239963872092111,0.17480719794344474,778,2.241646274735656,0.178,0.9763090572850424,0.08427923716496594,,,0.977179713326231,,0.9772160881979172,0.022783911802082835,0.9882710193887144,0.1452841775187468,10,0.025,0.15,0.8799710618545675,0.9238672163987932,0.9433447032998759,0.9501388483854282,0.9398200621176606,1.0,0.9540251458483169,0.9560090732304105,0.9590265605358547,0.9356959611374275,0.9519285029587166,0.9490723346683586
3,6,2.0109615317706404,0.27297224467798437,3711,2.243008295694987,0.15768194070080863,742,2.241656421106073,0.1777,0.9780334110662108,0.08415263335234338,,,0.9691560267282545,,0.9692033470317374,0.030796652968262617,0.9882769797092562,0.14528405968440894,10,0.025,0.15,0.8774732019530976,0.9225921872831669,0.9389541790256106,0.9509042772788229,0.9425777819896886,0.9540251458483169,1.0,0.9513653565629611,0.9621333822828027,0.9474907934315628,0.9595527872255059,0.9560435394029707
3,7,2.0150786970342907,0.2740740740740741,3564,2.2449750105539956,0.17812061711079943,713,2.2416569160509714,0.1778,0.9746527314098371,0.08389377474539318,,,0.9527505149799681,,0.9528065224208215,0.04719347757917847,0.9882659069330786,0.14528361804460888,10,0.025,0.15,0.8662934747929365,0.9193758320232835,0.939468151843527,0.9470270714458239,0.9340400204505698,0.9560090732304105,0.9513653565629611,1.0,0.9577541534082787,0.9412776919009184,0.954769007716726,0.9560724607995537
3,8,2.02753751233772,0.2680034873583261,3441,2.237909197807312,0.18459302325581395,688,2.2416576343246652,0.1778,0.9781265383848695,0.08405240260326023,,,0.9628037684394679,,0.9628410159924742,0.03715898400752582,0.9882629964927999,0.14528394397748065,10,0.025,0.15,0.8719357618959969,0.9188350254555558,0.9430764906651922,0.9505111452810162,0.9393976199100108,0.9590265605358547,0.9621333822828027,0.9577541534082787,1.0,0.9402376734088103,0.9611980988053385,0.959773585976356
3,9,2.0377691162957086,0.27345530893821235,3334,2.2427053451538086,0.1724137931034483,667,2.2416587811482103,0.1777,0.9634638896401534,0.0832307777009904,,,0.9107321871786382,,0.9107870805895265,0.08921291941047349,0.9882069671573271,0.14527999017525067,10,0.025,0.15,0.8577309655670543,0.9048671174567804,0.9288940250195121,0.9323178201657465,0.9257715145281425,0.9356959611374275,0.9474907934315628,0.9412776919009184,0.9402376734088103,1.0,0.945526541064438,0.9339915317414128
3,10,2.034299378211682,0.2653810552298673,3241,2.2368419965108237,0.18055555555555555,648,2.2417633503298218,0.1773,0.971035974732822,0.08289767247018079,,,0.8896211959628275,,0.8896618309649948,0.11033816903500515,0.9881278856711084,0.1452763594118939,10,0.025,0.15,0.8559513468640295,0.9029475413912964,0.9281134583981795,0.9351068600492519,0.9298687642322974,0.9519285029587166,0.9595527872255059,0.954769007716726,0.9611980988053385,0.945526541064438,1.0,0.9568809569882493
3,11,2.012711998939514,0.2834124723013612,3159,2.2413949489593508,0.16930379746835442,632,2.2417315199405334,0.1774,0.9696884445872387,0.0829477984971772,,,0.892798000220848,,0.8928306184086745,0.1071693815913255,0.9881581639898077,0.14527699129196706,10,0.025,0.15,0.8580020243562465,0.906802725962067,0.92476346889734,0.932121504472629,0.9328469018798601,0.9490723346683586,0.9560435394029707,0.9560724607995537,0.959773585976356,0.9339915317414128,0.9568809569882493,1.0
4,0,1.880247397996761,0.32258582907231553,6845,2.209125193682584,0.23301680058436816,1369,2.21074035801465,0.2259,0.9243301797272868,0.07935016571736873,,,0.65,,0.6500140284860788,0.3499859715139212,0.9895092706837375,0.1445266335704232,10,0.025,0.15,1.0,0.9352772177150614,0.9259290552674749,0.8997586422839604,0.9059063651125013,0.8782711667784797,0.8735766136234399,0.8692414235296088,0.872278822456157,0.8570428676334683,0.8481649012282227,0.8579798905031414
4,1,1.8963502071624578,0.3183096020445418,5478,2.2092978954315186,0.2208029197080292,1096,2.2096064211447026,0.2271,0.9585830628489266,0.08274942301630528,,,0.8831793601940132,,0.8832169794193857,0.1167830205806143,0.9913300970902256,0.1449311756502487,10,0.025,0.15,0.9352772177150614,1.0,0.9443291200851996,0.9394112715790122,0.9371190758900328,0.9178428795765674,0.913622923565156,0.9155124442091749,0.9159716262774126,0.9018828975546179,0.8930745841737702,0.9017469067671325
4,2,1.927483616377178,0.3049170124481328,4820,2.2145629227161407,0.21369294605809128,964,2.2095935827569115,0.2269,0.972570291739629,0.08416086125870027,,,0.9799999999314029,,0.9800300374643098,0.019969962535690167,0.9913889768060664,0.14494359788738487,10,0.025,0.15,0.9259290552674749,0.9443291200851996,1.0,0.9482377916737615,0.9483725363959352,0.93791812912207,0.9292637814807032,0.9364495140918284,0.9389289479810525,0.9304731465058018,0.9161621297806322,0.9197371423600248
4,3,1.9496339668546405,0.3024058102587381,4406,2.208766903196062,0.23269012485811577,881,2.2095945424671415,0.2269,0.9731528436961149,0.08410690753024429,,,0.9762989279691879,,0.976349622881286,0.023650377118713983,0.9913913232652131,0.14494357262557542,10,0.025,0.15,0.8997586422839604,0.9394112715790122,0.9482377916737615,1.0,0.9400858723901451,0.9440752597603397,0.9432538607641356,0.9399850856878232,0.9436407089865687,0.9338013750183708,0.9242955642248686,0.9246020867081712
4,4,1.947586018750162,0.307465953307393,4112,2.2117312295096263,0.22019464720194648,822,2.209595734560037,0.2269,0.9718409987300832,0.08400535603307084,,,0.9693327847634188,,0.9693766400950636,0.030623359904936365,0.9913904149559316,0.14494350587273738,10,0.025,0.15,0.9059063651125013,0.9371190758900328,0.9483725363959352,0.9400858723901451,1.0,0.9346112955689896,0.9392076498482007,0.9338669292055978,0.9401226200314918,0.9320056178746963,0.9247046360676859,0.9305419169291539
4,5,1.9700320805272749,0.2982771920802263,3889,2.206474849155971,0.2185089974293059,778,2.209595266776749,0.2269,0.9724615555326406,0.08412966940349458,,,0.9778603275852098,,0.9779010084005876,0.02209899159941242,0.9913898381728369,0.14494358648036001,10,0.025,0.15,0.8782711667784797,0.9178428795765674,0.93791812912207,0.9440752597603397,0.9346112955689896,1.0,0.9453748192814122,0.9468087042976426,0.948882033706272,0.9395051076901958,0.9413176423000926,0.9374643971335506
4,6,1.9628311769715672,0.29113446510374563,3711,2.209981997807821,0.23315363881401618,742,2.2096070277539988,0.2269,0.9735093691012788,0.08408529110924366,,,0.9748161031120678,,0.9748477496657919,0.025152250334208093,0.9913883024396019,0.14494355754777555,10,0.025,0.15,0.8735766136234399,0.913622923565156,0.9292637814807032,0.9432538607641356,0.9392076498482007,0.9453748192814122,1.0,0.9415352053387142,0.9536209386079553,0.9490108669830104,0.9483346697598568,0.9473952447650152
4,7,1.970430691753115,0.293294051627385,3564,2.214701771736145,0.2187938288920056,713,2.209608482409127,0.2269,0.9720237187790383,0.0838759623902784,,,0.9604567497398411,,0.9604891815616181,0.03951081843838189,0.9913874802410564,0.14494336588860005,10,0.025,0.15,0.8692414235296088,0.9155124442091749,0.9364495140918284,0.9399850856878232,0.9338669292055978,0.9468087042976426,0.9415352053387142,1.0,0.9492356012295526,0.9404937381821333,0.9464568404525376,0.9473586949716758
4,8,1.9821891939198528,0.2888695146759663,3441,2.2050944566726685,0.23982558139534885,688,2.2096088626716712,0.2269,0.9752174692402462,0.0840788750989719,,,0.9743759830980175,,0.9744186430327937,0.025581356967206315,0.9913894361290553,0.14494355734243602,10,0.025,0.15,0.872278822456157,0.9159716262774126,0.9389289479810525,0.9436407089865687,0.9401226200314918,0.948882033706272,0.9536209386079553,0.9492356012295526,1.0,0.9433977514275899,0.9472278309760865,0.9504839851249816
4,9,1.9811085961483144,0.28884223155368927,3334,2.210020899772644,0.2158920539730135,667,2.209608044805406,0.227,0.9676688707612285,0.08332185294255783,,,0.9224464212668051,,0.9224802363387302,0.07751976366126978,0.9913670542528679,0.14493978590345857,10,0.025,0.15,0.8570428676334683,0.9018828975546179,0.9304731465058018,0.9338013750183708,0.9320056178746963,0.9395051076901958,0.9490108669830104,0.9404937381821333,0.9433977514275899,1.0,0.946673172867278,0.9421177724554614
4,10,1.9854916490041292,0.28309163838321505,3241,2.2049988508224487,0.25308641975308643,648,2.2097579225709167,0.2267,0.9647762760035236,0.08302042330730224,,,0.901769207595924,,0.9018088494991006,0.09819115050089944,0.9913266276063291,0.14493702539671963,10,0.025,0.15,0.8481649012282227,0.8930745841737702,0.9161621297806322,0.9242955642248686,0.9247046360676859,0.9413176423000926,0.9483346697598568,0.9464568404525376,0.9472278309760865,0.946673172867278,1.0,0.946428227193708
4,11,1.9623152718544006,0.30471668249446027,3159,2.2095174312591555,0.22784810126582278,632,2.2097143764737286,0.2269,0.9667237444303401,0.08311521219246207,,,0.9082714548962352,,0.9083114653991516,0.09168853460084836,0.9913337139322408,0.14493799018500217,10,0.025,0.15,0.8579798905031414,0.9017469067671325,0.9197371423600248,0.9246020867081712,0.9305419169291539,0.9374643971335506,0.9473952447650152,0.9473586949716758,0.9504839851249816,0.9421177724554614,0.946428227193708,1.0
5,0,1.8462074761037472,0.3340832724616508,6845,2.171166875145652,0.2658875091307524,1369,2.1739419230931922,0.2642,0.9272211419451858,0.07967671520315063,,,0.65,,0.6500140284860788,0.3499859715139212,0.9897771227153875,0.14409080878039537,10,0.025,0.15,1.0,0.9345930134117125,0.9265960218564203,0.8977103014471522,0.9011477370974906,0.8823512985494152,0.868718363321128,0.8735190157386366,0.8667182366202221,0.8611778739679448,0.8487534069934648,0.8642495792069491
5,1,1.8621062996775606,0.330412559328222,5478,2.171970632341173,0.26824817518248173,1096,2.1723465074466755,0.265,0.9561545968659437,0.08273696112011195,,,0.8804432412761736,,0.8804772986087043,0.11952270139129573,0.9916395128859112,0.14450284113462228,10,0.025,0.15,0.9345930134117125,1.0,0.936595931001166,0.9306790402277837,0.9262190612873333,0.9164768649472749,0.9054753877280587,0.9127403922269307,0.9066494011484296,0.8986119340072016,0.8853154401269931,0.9023909392461393
5,2,1.8878681910665411,0.31730290456431537,4820,2.1797458827495575,0.23962655601659752,964,2.172312495074695,0.2646,0.9697397688030218,0.08405905745269616,,,0.9799999999246978,,0.9800300374643098,0.019969962535690167,0.9919344682863597,0.1445196137078526,10,0.025,0.15,0.9265960218564203,0.936595931001166,1.0,0.9415691650791601,0.9395893649555683,0.9350400965100566,0.9185037325634713,0.9327400988120081,0.9282784661739804,0.9227651155074106,0.9115589627269539,0.917433922824361
5,3,1.9093559179987227,0.314593735814798,4406,2.1731627328055247,0.26106696935300794,881,2.1723136750957632,0.2646,0.9702017947662582,0.08404063122414103,,,0.978612464429852,,0.9786601970589691,0.021339802941030883,0.9919329248022325,0.1445196071014915,10,0.025,0.15,0.8977103014471522,0.9306790402277837,0.9415691650791601,1.0,0.9292647520309949,0.937478625641638,0.9366187958248318,0.9338272720541508,0.9383020516453048,0.929621269500721,0.918287213758466,0.9211053895619961
5,4,1.9125455097718673,0.322397859922179,4112,2.1753110885620117,0.24817518248175183,822,2.17231528668464,0.2646,0.9670384074077694,0.08387397669915536,,,0.9660630125383607,,0.9661005759931343,0.03389942400686574,0.9919305632527059,0.1445193840664158,10,0.025,0.15,0.9011477370974906,0.9262190612873333,0.9395893649555683,0.9292647520309949,1.0,0.9287526305417713,0.9278325899899278,0.9273026922106133,0.9324267424140191,0.9218239705727796,0.9177454534211298,0.9262922455301685
5,5,1.9332100418306166,0.3111853947030085,3889,2.1675935813358853,0.26735218508997427,778,2.172314598590513,0.2646,0.9702622238050098,0.08405676060791221,,,0.9798270424660216,,0.9798649964516182,0.020135003548381825,0.9919343744334683,0.14451961365812369,10,0.025,0.15,0.8823512985494152,0.9164768649472749,0.9350400965100566,0.937478625641638,0.9287526305417713,1.0,0.9344969990019724,0.9419079742013619,0.9443830238078214,0.9283952458439371,0.9309979199650817,0.9340937793633987
5,6,1.925029996345783,0.30390730261385074,3711,2.1717193126678467,0.26549865229110514,742,2.1723281130006042,0.2642,0.9678725927929874,0.08395097265486882,,,0.9718609771729758,,0.971901767589246,0.028098232410754043,0.9919344491760564,0.14451951930467521,10,0.025,0.15,0.868718363321128,0.9054753877280587,0.9185037325634713,0.9366187958248318,0.9278325899899278,0.9344969990019724,1.0,0.9315121066804218,0.9452627120834298,0.9395246396959096,0.9400452268425262,0.9383482555801544
5,7,1.9355487597840173,0.30709876543209874,3564,2.1790980895360312,0.2650771388499299,713,2.172330183318899,0.2642,0.9695916085007009,0.08387707629582676,,,0.9662964189779044,,0.9663316334109026,0.03366836658909744,0.991930620401969,0.14451938429775418,10,0.025,0.15,0.8735190157386366,0.9127403922269307,0.9327400988120081,0.9338272720541508,0.9273026922106133,0.9419079742013619,0.9315121066804218,1.0,0.940847643468669,0.9346717281602122,0.9391112753385288,0.9383388369378529
5,8,1.9427699879363731,0.3032839290903807,3441,2.1670068899790444,0.2703488372093023,688,2.172330889520766,0.2642,0.9708786612367396,0.08404535154511518,,,0.9789679149703193,,0.978998531134987,0.021001468865012973,0.99193320747859,0.144519607212905,10,0.025,0.15,0.8667182366202221,0.9066494011484296,0.9282784661739804,0.9383020516453048,0.9324267424140191,0.9443830238078214,0.9452627120834298,0.940847643468669,1.0,0.9337692364133667,0.940360426994566,0.9437220409890802
5,9,1.951833815044827,0.2988902219556089,3334,2.1717249155044556,0.2653673163418291,667,2.1723406314849854,0.2645,0.9639630859011831,0.08334838165657993,,,0.9264845510367969,,0.9265237411496757,0.07347625885032427,0.9918177488022327,0.14451478134574677,10,0.025,0.15,0.8611778739679448,0.8986119340072016,0.9227651155074106,0.929621269500721,0.9218239705727796,0.9283952458439371,0.9395246396959096,0.9346717281602122,0.9337692364133667,1.0,0.936997499307464,0.9341148957113342
5,10,1.947939293201153,0.29947547053378587,3241,2.1684464613596597,0.2993827160493827,648,2.1725345502925824,0.2648,0.9610724382325598,0.0830663798897773,,,0.9052491984047012,,0.9052912148668945,0.09470878513310554,0.991773625889303,0.14451137814190326,10,0.025,0.15,0.8487534069934648,0.8853154401269931,0.9115589627269539,0.918287213758466,0.9177454534211298,0.9309979199650817,0.9400452268425262,0.9391112753385288,0.940360426994566,0.936997499307464,1.0,0.9385645913895317
5,11,1.9269932723045349,0.3153846153846154,3159,2.1726784229278566,0.27848101265822783,632,2.1724803508082524,0.265,0.965424764899403,0.0832677356506647,,,0.9204117296023886,,0.9204584839332575,0.07954151606674253,0.9917944873562831,0.14451395040364856,10,0.025,0.15,0.8642495792069491,0.9023909392461393,0.917433922824361,0.9211053895619961,0.9262922455301685,0.9340937793633987,0.9383482555801544,0.9383388369378529,0.9437220409890802,0.9341148957113342,0.9385645913895317,1.0
6,0,1.8123334970739153,0.3459897735573411,6845,2.129639365456321,0.30314097881665447,1369,2.1335219009013118,0.297,0.9284996050731051,0.07999398527143135,,,0.65,,0.6500140284860788,0.3499859715139212,0.9903648033926351,0.1437199799354127,10,0.025,0.15,1.0,0.9284798836346283,0.9227328504191691,0.8982712768967104,0.8993795158141206,0.8848243069064767,0.8710303033258138,0.8746207346651954,0.8625927977788477,0.852821113553678,0.8543946000529974,0.8648193188434148
6,1,1.8272859986438308,0.34249726177437023,5478,2.130687130822076,0.2956204379562044,1096,2.1314608598057228,0.2968,0.9573635564503534,0.08284375949282513,,,0.8802809627218259,,0.8803205096466472,0.11967949035335279,0.992102775012042,0.14415691559103105,10,0.025,0.15,0.9284798836346283,1.0,0.9341836334421372,0.9298608030717764,0.9250378183112536,0.9180356904820519,0.9062257501454326,0.9135018390743124,0.9053296102597151,0.8890592278435053,0.8899168541642172,0.9030477385003383
6,2,1.8500263107450385,0.32736514522821575,4820,2.1416044533252716,0.25622406639004147,964,2.1313988377776325,0.2964,0.9681000742529864,0.08401815453654041,,,0.9751799969162704,,0.9752273439949828,0.024772656005017213,0.9922115301705258,0.14416915981365885,10,0.025,0.15,0.9227328504191691,0.9341836334421372,1.0,0.9358864491365823,0.9349342984911979,0.9330593762229805,0.9126634001644901,0.9314208152272934,0.9219611923678586,0.91360421801086,0.9080936985553536,0.9161842424145639
6,3,1.875520121370043,0.3278483885610531,4406,2.1339477130344937,0.2985244040862656,881,2.1313994383510155,0.2964,0.9666097712451748,0.08395787627794665,,,0.9703091073854584,,0.9703503820699444,0.029649617930055605,0.9922129050325585,0.14416909354030513,10,0.025,0.15,0.8982712768967104,0.9298608030717764,0.9358864491365823,1.0,0.9248521543304252,0.9325168293046744,0.9276508532648058,0.9265870314387311,0.9295027431424121,0.9169685671664279,0.9100507599010647,0.9142283821469956
6,4,1.8752616770339734,0.3353599221789883,4112,2.13570431300572,0.2725060827250608,822,2.131402178655697,0.2964,0.965340601622311,0.08381259786833278,,,0.9585696328062352,,0.9586159660675678,0.041384033932432174,0.9922046097539226,0.14416877909277676,10,0.025,0.15,0.8993795158141206,0.9250378183112536,0.9349342984911979,0.9248521543304252,1.0,0.9254865108228854,0.9228253404477937,0.9225812310556947,0.9231812057250003,0.9171089087242447,0.9141416674734361,0.9225784681492267
6,5,1.9008366242531807,0.3195165852404217,3889,2.125016348702567,0.29562982005141386,778,2.131401457364046,0.2964,0.9699648888509953,0.08407780306389767,,,0.9799999999191933,,0.9800300374643098,0.019969962535690167,0.992211561353413,0.14416920030231406,10,0.025,0.15,0.8848243069064767,0.9180356904820519,0.9330593762229805,0.9325168293046744,0.9254865108228854,1.0,0.9331796049962163,0.93746350043853,0.9376553673941719,0.9242287628987783,0.9273277225923999,0.9305125876997403
6,6,1.8935176298536103,0.3140662894098626,3711,2.1299842596054077,0.29110512129380056,742,2.1314171084874793,0.2964,0.9652412907232045,0.08385725995922977,,,0.9621786307442886,,0.9622138601442458,0.037786139855754186,0.9922080182846872,0.14416888646638634,10,0.025,0.15,0.8710303033258138,0.9062257501454326,0.9126634001644901,0.9276508532648058,0.9228253404477937,0.9331796049962163,1.0,0.9241873065244263,0.9359162255476442,0.9295907721005063,0.9325106293544491,0.9337811797865049
6,7,1.901202083485467,0.31849046015712684,3564,2.1396470864613852,0.29312762973352036,713,2.1314190701593327,0.2964,0.9663857197318987,0.08384875727843208,,,0.9614915568332716,,0.9615289399415755,0.03847106005842449,0.9922069807692327,0.14416886122715997,10,0.025,0.15,0.8746207346651954,0.9135018390743124,0.9314208152272934,0.9265870314387311,0.9225812310556947,0.93746350043853,0.9241873065244263,1.0,0.9322166439756872,0.9196824132412673,0.929637241601771,0.9309708224485507
6,8,1.9045318086942038,0.3169427492008137,3441,2.1249969800313315,0.3008720930232558,688,2.131420023833649,0.2963,0.9657456325202589,0.08393251080227254,,,0.9682594060041068,,0.9682956214619333,0.031704378538066735,0.9922114644244078,0.14416904228094166,10,0.025,0.15,0.8625927977788477,0.9053296102597151,0.9219611923678586,0.9295027431424121,0.9231812057250003,0.9376553673941719,0.9359162255476442,0.9322166439756872,1.0,0.9209188276018881,0.9278040934652845,0.9376495745975203
6,9,1.9243277827898662,0.3140371925614877,3334,2.1297527551651,0.30434782608695654,667,2.131442878819719,0.2965,0.9569088341588229,0.08320935478589501,,,0.9098235262774487,,0.9098793550197224,0.09012064498027761,0.9921722200460678,0.14416386948740953,10,0.025,0.15,0.852821113553678,0.8890592278435053,0.91360421801086,0.9169685671664279,0.9171089087242447,0.9242287628987783,0.9295907721005063,0.9196824132412673,0.9209188276018881,1.0,0.929003531601554,0.9203926009783461
