round,client_id,client_i_training_loss,client_i_training_accuracy,client_i_training_dataset_size,client_i_evaluation_loss,client_i_evaluation_accuracy,client_i_evaluation_dataset_size,client_i_central_evaluation_loss,client_i_central_evaluation_accuracy,client_i_cosine_similarity,client_i_importance_coefficient,client_i_tanh_val,tanh_normalization_value,client_i_q,client_i_mask_order,client_i_v_nonzero_fraction,client_i_v_sparsity,client_i_v_cosine_similarity,client_i_reward_gradient_norm,local_epochs,learning_rate,gamma,client_0_cosine_similarity,client_1_cosine_similarity,client_2_cosine_similarity,client_3_cosine_similarity,client_4_cosine_similarity,client_5_cosine_similarity,client_6_cosine_similarity,client_7_cosine_similarity,client_8_cosine_similarity,client_9_cosine_similarity,client_10_cosine_similarity,client_11_cosine_similarity
0,0,0.2804544199243594,0.9130752373995618,8214,2.194003387939098,0.4200146092037984,1369,2.197296299492589,0.4004,0.7898661074161314,0.08446083987427243,,,0.9801303174860755,,0.9801515988153205,0.019848401184679454,0,0.39079101144997663,5,0.1,0.5,1.0,0.5628649448145365,0.560180385278815,0.5566869499342482,0.5665462510063768,0.5572095277354634,0.55623627094955,0.572189064714908,0.47251977419767105,0.5727227512172872,0.5800802311002544,0.5604633569575125
0,1,0.30354616816960345,0.9056586553087922,6574,2.194787761143276,0.4096715328467153,1096,2.197294625230491,0.4004,0.7948869823117267,0.08499772493188411,,,0.9954868417947402,,0.9955022338236033,0.004497766176396745,0,0.3907911500153718,5,0.1,0.5,0.5628649448145365,1.0,0.5947721285716921,0.5808721755104761,0.5827222479701011,0.5838151978513889,0.57301389755553,0.5943475940469737,0.49677084373218516,0.5877320245184434,0.579901543158521,0.5845925453883174
0,2,0.3331820774771973,0.8971122254885008,5783,2.202927927817068,0.38900414937759337,964,2.1972945444880962,0.4004,0.7963625767974033,0.08515551110400105,,,0.999999999971397,,1.0,0.0,0,0.39079115233752953,5,0.1,0.5,0.560180385278815,0.5947721285716921,1.0,0.5919441898725933,0.6054620645865754,0.5783181492385877,0.5863812712672751,0.5975756751404026,0.5066637315865943,0.5971016248403892,0.5985148169613178,0.5958365901983778
0,3,0.33752284454495973,0.8929827879704937,5287,2.19696683543069,0.376844494892168,881,2.197296731388226,0.4004,0.7893466510366305,0.08440529410306037,,,0.9785415416880379,,0.9785552934089654,0.02144470659103459,0,0.3907909761797722,5,0.1,0.5,0.5566869499342482,0.5808721755104761,0.5919441898725933,1.0,0.6035256234156255,0.5938723172385655,0.5926065812879973,0.5944830388356404,0.4994748392788068,0.593958394302083,0.5960764841939363,0.5873085515416587
0,4,0.3328322504647076,0.8936575481256332,4935,2.1966510094129124,0.4075425790754258,822,2.197294601617149,0.4004,0.7948948953245094,0.08499857107491936,,,0.9955110440255628,,0.9955323527935345,0.00446764720646553,0,0.39079115026063177,5,0.1,0.5,0.5665462510063768,0.5827222479701011,0.6054620645865754,0.6035256234156255,1.0,0.5959574105453764,0.5892963209997479,0.6119784191095922,0.5091120289542788,0.609280041913226,0.6022107849637208,0.5961860601141746
0,5,0.3586352790259335,0.8845511034926077,4667,2.1949503421783447,0.4087403598971722,778,2.1972965135361058,0.4003,0.7827171367712016,0.08369639630689046,,,0.9582649366961442,,0.958275186988605,0.04172481301139497,0,0.3907898203351383,5,0.1,0.5,0.5572095277354634,0.5838151978513889,0.5783181492385877,0.5938723172385655,0.5959574105453764,1.0,0.6026604871856938,0.596441441138929,0.49641682114080266,0.5879092895572331,0.591468657054007,0.5965462118599542
0,6,0.3622616688680968,0.8867280485066248,4453,2.196796029806137,0.39892183288409705,742,2.197296586661293,0.4003,0.7827406690186841,0.08369891262372929,,,0.9583369109113993,,0.9583504844134331,0.04164951558656693,0,0.3907898247572208,5,0.1,0.5,0.55623627094955,0.57301389755553,0.5863812712672751,0.5926065812879973,0.5892963209997479,0.6026604871856938,1.0,0.5975775789802972,0.5130834518443459,0.5846296731243481,0.6050354264008079,0.6083521958993237
0,7,0.36174459794619634,0.8855740004676175,4277,2.2030799907186758,0.39831697054698456,713,2.197296759571892,0.4004,0.7893401335913782,0.08440459718886861,,,0.9785216078501054,,0.9785352140956779,0.021464785904322103,0,0.39079097586017997,5,0.1,0.5,0.572189064714908,0.5943475940469737,0.5975756751404026,0.5944830388356404,0.6119784191095922,0.596441441138929,0.5975775789802972,1.0,0.5009326369124111,0.6065326127558512,0.5946974321510003,0.5962697358167505
0,8,0.44755400749604,0.8671348994914023,4129,2.199095368385315,0.38808139534883723,688,2.197900683735125,0.4018,0.6819287258821171,0.07291903321540065,,,0.65,,0.650002509914161,0.349997490085839,0,0.38948931485014365,5,0.1,0.5,0.47251977419767105,0.49677084373218516,0.5066637315865943,0.4994748392788068,0.5091120289542788,0.49641682114080266,0.5130834518443459,0.5009326369124111,1.0,0.4950755177194827,0.5040942111774911,0.510283006385437
0,9,0.3845785254629196,0.8783304173956511,4001,2.1992821466355097,0.39280359820089955,667,2.1972969614278774,0.4004,0.7845209106558104,0.08388927489201638,,,0.9637818432278386,,0.9637919783143416,0.0362080216856584,0,0.390790303209807,5,0.1,0.5,0.5727227512172872,0.5877320245184434,0.5971016248403892,0.593958394302083,0.609280041913226,0.5879092895572331,0.5846296731243481,0.6065326127558512,0.4950755177194827,1.0,0.616985669512853,0.5898124257865096
0,10,0.3696674943397768,0.8868603754178452,3889,2.1978080045609247,0.4012345679012346,648,2.1972967153920915,0.4004,0.7858231236543096,0.08402852128139272,,,0.9677647079640337,,0.9677777220019075,0.03222227799809252,0,0.3907905647888223,5,0.1,0.5,0.5800802311002544,0.579901543158521,0.5985148169613178,0.5960764841939363,0.6022107849637208,0.591468657054007,0.6050354264008079,0.5946974321510003,0.5040942111774911,0.616985669512853,1.0,0.5941454163770314
0,11,0.40367029394265735,0.8750197836982326,3791,2.200941729545593,0.3971518987341772,632,2.197295536248448,0.4002,0.7794339514751283,0.0833453234035647,,,0.9482231977846189,,0.9482355303448622,0.05176446965513781,0,0.3907885186439067,5,0.1,0.5,0.5604633569575125,0.5845925453883174,0.5958365901983778,0.5873085515416587,0.5961860601141746,0.5965462118599542,0.6083521958993237,0.5962697358167505,0.510283006385437,0.5898124257865096,0.5941454163770314,1.0
1,0,0.25490850872298565,0.92218164110056,8214,2.033611253250477,0.6807888970051132,1369,2.039906656780182,0.6716,0.79649148464879,0.08353748276733403,,,0.9471811780702352,,0.9472014457105566,0.052798554289443356,0.9576325060985604,0.406024330423325,5,0.1,0.5,1.0,0.6028903422661017,0.6129923787693518,0.6097444065453008,0.6315840593475102,0.6169969034968641,0.613726060847291,0.6223641946706642,0.6127124602274628,0.6100898931662508,0.6126721357467413,0.6102324558167338
1,1,0.2676630526555033,0.9173410404624277,6574,2.0372700316565377,0.6633211678832117,1096,2.0398933514238546,0.6716,0.8054888324691403,0.08420537157337148,,,0.9750879758747687,,0.9751066713518398,0.024893328648160185,0.9576373661267398,0.40602648813728326,5,0.1,0.5,0.6028903422661017,1.0,0.6213752402946322,0.6288232314017134,0.627921169224977,0.623269470955219,0.6234520050241033,0.625734154566077,0.6255095936390814,0.6171119051162669,0.6282288135458161,0.6177595654538528
1,2,0.29553909566232844,0.9100466885699464,5783,2.0459721934410835,0.6773858921161826,964,2.039892863541746,0.6716,0.8093802515232512,0.0844450467834699,,,0.985102468656372,,0.985126248682295,0.014873751317704964,0.9576382274529989,0.40602664588730397,5,0.1,0.5,0.6129923787693518,0.6213752402946322,1.0,0.6240659953277261,0.6312317047154177,0.6262947348505415,0.6174548835420318,0.6327896149467247,0.6258542732402502,0.6247753437939721,0.6396488895078192,0.6224728283373153
1,3,0.29801178281251567,0.9090599583885001,5287,2.0381716064044406,0.6878547105561862,881,2.0398959012838978,0.6716,0.8122397814587208,0.08404863798089927,,,0.9685390823542286,,0.9685507755634757,0.031449224436524315,0.9576375163637668,0.4060262815329087,5,0.1,0.5,0.6097444065453008,0.6288232314017134,0.6240659953277261,1.0,0.6391513976047595,0.6260738305205119,0.6323494211464599,0.6371382571432006,0.6287536503104629,0.6253707585913871,0.63212439645992,0.6266471905751475
1,4,0.29182854917320994,0.9097872340425532,4935,2.0394357488705563,0.6800486618004866,822,2.039892576753903,0.6716,0.8226106991714816,0.08480158695206201,,,0.9999999999582163,,1.0,0.0,0.9576382626045135,0.40602668832988553,5,0.1,0.5,0.6315840593475102,0.627921169224977,0.6312317047154177,0.6391513976047595,1.0,0.6370483857297471,0.6428582738960726,0.6417887796895336,0.6490550796769873,0.6349613659443407,0.6458382460498427,0.6290664576500682
1,5,0.31242225945684804,0.9052924791086351,4667,2.040132412910461,0.6812339331619537,778,2.039906449973012,0.6715,0.8125327755558418,0.08359025322534054,,,0.9493861177073848,,0.9493951106872145,0.050604889312785506,0.9576305888775368,0.4060246381543922,5,0.1,0.5,0.6169969034968641,0.623269470955219,0.6262947348505415,0.6260738305205119,0.6370483857297471,1.0,0.6335182488427572,0.6397489399007571,0.6279209760363831,0.6248227626400561,0.6337407116039115,0.6266971142022132
1,6,0.3135486940839993,0.9028520098809791,4453,2.042118032773336,0.6536388140161725,742,2.03990509829963,0.6715,0.8144391945204398,0.08365823929260123,,,0.9522268202546034,,0.9522463731740375,0.047753626825962514,0.9576322634048243,0.40602500946184517,5,0.1,0.5,0.613726060847291,0.6234520050241033,0.6174548835420318,0.6323494211464599,0.6428582738960726,0.6335182488427572,1.0,0.642550958242926,0.6332674908071757,0.6295107752372684,0.6396950078965407,0.6269034869181603
1,7,0.316457286851008,0.9005377601122282,4277,2.0449633909308393,0.664796633941094,713,2.0398962360601454,0.6716,0.8211099982417126,0.08435676508931045,,,0.981413741780762,,0.9814266352090758,0.018573364790924196,0.9576397525252005,0.4060266013737978,5,0.1,0.5,0.6223641946706642,0.625734154566077,0.6327896149467247,0.6371382571432006,0.6417887796895336,0.6397489399007571,0.642550958242926,1.0,0.642089655047387,0.636984703399246,0.6415784339799658,0.6349672111524307
1,8,0.32427330547925803,0.8991038992492129,4129,2.047306245023554,0.6598837209302325,688,2.041802044874563,0.6715,0.8113434022246028,0.07642509446723718,,,0.65,,0.650002509914161,0.349997490085839,0.9542259173930219,0.4046212870633166,5,0.1,0.5,0.6127124602274628,0.6255095936390814,0.6258542732402502,0.6287536503104629,0.6490550796769873,0.6279209760363831,0.6332674908071757,0.642089655047387,1.0,0.6343869662712563,0.6441526601332422,0.6285281595191261
1,9,0.3384346936447343,0.8959260184953761,4001,2.0439155442374095,0.6491754122938531,667,2.0399050297447667,0.6715,0.8105040505140718,0.08364716724949317,,,0.9517641904493026,,0.9517795291401034,0.04822047085989656,0.9576330468297416,0.40602495105685454,5,0.1,0.5,0.6100898931662508,0.6171119051162669,0.6247753437939721,0.6253707585913871,0.6349613659443407,0.6248227626400561,0.6295107752372684,0.636984703399246,0.6343869662712563,1.0,0.6409557227263633,0.6176270169494301
1,10,0.3176461546452808,0.9035227564926717,3889,2.0356055327824185,0.683641975308642,648,2.0398967810713065,0.6715,0.820369462146346,0.08408241819449613,,,0.9699505412409772,,0.9699613473219216,0.03003865267807837,0.9576369224432973,0.40602633256122017,5,0.1,0.5,0.6126721357467413,0.6282288135458161,0.6396488895078192,0.63212439645992,0.6458382460498427,0.6337407116039115,0.6396950078965407,0.6415784339799658,0.6441526601332422,0.6409557227263633,1.0,0.6336862617843969
1,11,0.35515415125659533,0.892534951200211,3791,2.046491098403931,0.6677215189873418,632,2.0399079239025664,0.6715,0.8080411685905525,0.08320193642438464,,,0.9331608443528678,,0.933176045379248,0.06682395462075197,0.9576226724928192,0.4060213904066618,5,0.1,0.5,0.6102324558167338,0.6177595654538528,0.6224728283373153,0.6266471905751475,0.6290664576500682,0.6266971142022132,0.6269034869181603,0.6349672111524307,0.6285281595191261,0.6176270169494301,0.6336862617843969,1.0
2,0,0.22906266343254408,0.9318967616264914,8214,1.8350288285765537,0.8429510591672754,1369,1.8444846563826736,0.8309,0.7973868141869588,0.08310946357147966,,,0.9231469495231734,,0.9231614878771146,0.0768385121228854,0.9682809496215053,0.40397640176080274,5,0.1,0.5,1.0,0.6118442783496866,0.6147903978313034,0.609291483530821,0.6241154871062553,0.6218614962041492,0.6083893294856367,0.6192751379447506,0.5810417544409111,0.6088524848214881,0.6194427533973098,0.6083939131406026
2,1,0.24257051410352432,0.9249467599634925,6574,1.8415618317467826,0.8293795620437956,1096,1.8444718491916838,0.8309,0.8056880546972184,0.08384105885562405,,,0.9588996697500778,,0.9589076853571608,0.041092314642839245,0.9682997049694275,0.40398510131089976,5,0.1,0.5,0.6118442783496866,1.0,0.6248856310990865,0.6144485334450659,0.6255979312401897,0.6293281345428783,0.6255427981898048,0.6171381264716033,0.5845451640902503,0.619446468300174,0.6350460091820729,0.6167053243412466
2,2,0.2706618469496623,0.9188310565450458,5783,1.8515143586743263,0.8174273858921162,964,1.8444587251248832,0.8309,0.8106494101045483,0.08417268772722464,,,0.9751062179912493,,0.9751267506651272,0.024873249334872782,0.968300073377475,0.40398633585899146,5,0.1,0.5,0.6147903978313034,0.6248856310990865,1.0,0.6211651378971791,0.6315139738465411,0.6296452425965126,0.621155131269794,0.6323320989600462,0.5906312773225274,0.623572493750877,0.6366468400934531,0.6253637248237759
2,3,0.2729876816648631,0.9153773406468697,5287,1.8414423380579268,0.8444948921679909,881,1.8444722544270964,0.8309,0.8056068255970389,0.08373443893359975,,,0.9536892039018628,,0.9537021233873801,0.04629787661261986,0.9682990234891735,0.4039844552016179,5,0.1,0.5,0.609291483530821,0.6144485334450659,0.6211651378971791,1.0,0.6252968801333785,0.624426796144986,0.625059435282402,0.6269153174800305,0.5916489817988058,0.6212304433585127,0.633050916308834,0.6124836391165959
2,4,0.2571547346267729,0.9209726443768997,4935,1.844163899238293,0.8321167883211679,822,1.84445755740705,0.8309,0.8184907777078632,0.08468208039359476,,,0.9999999999511304,,1.0,0.0,0.9683024620363454,0.40398668052040326,5,0.1,0.5,0.6241154871062553,0.6255979312401897,0.6315139738465411,0.6252968801333785,1.0,0.6364389516363554,0.6361413145869941,0.6400606844976653,0.5991003442488937,0.6302039968474717,0.6470762553226898,0.6309590843335109
2,5,0.28439799932482307,0.9144632526248125,4667,1.8469937419891358,0.8367609254498715,778,1.84448542533972,0.831,0.8153921091503523,0.08377193939207273,,,0.9555218338124465,,0.9555393805531851,0.0444606194468149,0.968296789857884,0.40398471723587576,5,0.1,0.5,0.6218614962041492,0.6293281345428783,0.6296452425965126,0.624426796144986,0.6364389516363554,1.0,0.6323225124286229,0.6384222345283519,0.5964571011949896,0.6234922255075208,0.640747724079057,0.6284965516438261
2,6,0.28777633275138215,0.9143947900291938,4453,1.8490620752175648,0.8126684636118598,742,1.844482480527494,0.831,0.8107481459451388,0.0836551055485837,,,0.949812218387325,,0.9498217960945735,0.05017820390542649,0.9683011647232382,0.4039838593925604,5,0.1,0.5,0.6083893294856367,0.6255427981898048,0.621155131269794,0.625059435282402,0.6361413145869941,0.6323225124286229,1.0,0.6342200439249882,0.5968481547972295,0.6207811163437387,0.6361474497449111,0.6200132389887726
2,7,0.2838671404326251,0.9137713350479308,4277,1.8481564988260684,0.8316970546984572,713,1.8444638195129248,0.8309,0.8173091388017033,0.08434633647957229,,,0.9835923515065814,,0.983605240700768,0.016394759299231954,0.9683017634908971,0.40398658223172285,5,0.1,0.5,0.6192751379447506,0.6171381264716033,0.6323320989600462,0.6269153174800305,0.6400606844976653,0.6384222345283519,0.6342200439249882,1.0,0.5977297545488478,0.6318543506784989,0.6438702126776626,0.6351439920344596
2,8,0.28727710319378486,0.9103899249212885,4129,1.8583870963616804,0.8183139534883721,688,1.8482674333615043,0.8281,0.772152225742076,0.0775201540341538,,,0.65,,0.650002509914161,0.349997490085839,0.9648581650120511,0.40241139751799293,5,0.1,0.5,0.5810417544409111,0.5845451640902503,0.5906312773225274,0.5916489817988058,0.5991003442488937,0.5964571011949896,0.5968481547972295,0.5977297545488478,1.0,0.5839996661750764,0.6083990968729955,0.5897397437775548
2,9,0.3076186783957325,0.9064733816545864,4001,1.8510460683277674,0.823088455772114,667,1.8444805301416416,0.831,0.8080292143276463,0.08355301182579337,,,0.9448229457840789,,0.9448320867426334,0.055167913257366585,0.9682947112204853,0.40398292677456205,5,0.1,0.5,0.6088524848214881,0.619446468300174,0.623572493750877,0.6212304433585127,0.6302039968474717,0.6234922255075208,0.6207811163437387,0.6318543506784989,0.5839996661750764,1.0,0.6458861222347023,0.6200612250100759
2,10,0.28362363764527637,0.9173052198508614,3889,1.836375980150132,0.8395061728395061,648,1.8444653966556341,0.831,0.8237823082688689,0.08439027091075127,,,0.9857394066616829,,0.985753727222529,0.014246272777471036,0.968301279840549,0.4039866140856128,5,0.1,0.5,0.6194427533973098,0.6350460091820729,0.6366468400934531,0.633050916308834,0.6470762553226898,0.640747724079057,0.6361474497449111,0.6438702126776626,0.6083990968729955,0.6458861222347023,1.0,0.6349778313353898
2,11,0.32034135022114557,0.9051965180691111,3791,1.8536800622940064,0.8275316455696202,632,1.844483439152995,0.8311,0.8070327906200823,0.08322345232754998,,,0.9287175268534538,,0.92872847748607,0.07127152251392999,0.9682744363435661,0.4039785268589495,5,0.1,0.5,0.6083939131406026,0.6167053243412466,0.6253637248237759,0.6124836391165959,0.6309590843335109,0.6284965516438261,0.6200132389887726,0.6351439920344596,0.5897397437775548,0.6200612250100759,0.6349778313353898,1.0
3,0,0.21330104646715065,0.9361334307280254,8214,1.6105274461036505,0.9101533966398831,1369,1.6234383583068848,0.8963,0.7926806865021421,0.08304947282912817,,,0.9226202595949144,,0.9226344059033181,0.07736559409668187,0.9682051300079029,0.3985181205764023,5,0.1,0.5,1.0,0.6111702811889952,0.6047495804683065,0.5993928975649736,0.6166180476406711,0.6076416333816254,0.5982287092631468,0.6034350424563236,0.5239943579053459,0.6031664980258492,0.6066881240009796,0.6019019381383023
3,1,0.22453121985444455,0.9316397931244296,6574,1.6196254662105016,0.8932481751824818,1096,1.6233836062038287,0.8963,0.801181858678245,0.08383388226796305,,,0.9563109341460707,,0.9563274935997189,0.043672506400281086,0.9682468808760395,0.39852776409677404,5,0.1,0.5,0.6111702811889952,1.0,0.6177673119952801,0.6079225775292612,0.6209505090799894,0.6128812150410256,0.6107357295054803,0.6073062821040384,0.5303532384865632,0.6094523299139333,0.617160852719414,0.6091229375046046
3,2,0.24918585767897453,0.9247103579457029,5783,1.6318535727839316,0.8848547717842323,964,1.6233620441759737,0.8963,0.8019480493746485,0.08408134494013594,,,0.9669395471369086,,0.9669544701571207,0.03304552984287934,0.9682488556381604,0.3985288756997437,5,0.1,0.5,0.6047495804683065,0.6177673119952801,1.0,0.6131302018526407,0.6175221896575138,0.605614106756361,0.6097974449114036,0.6139691105381238,0.5361411461850785,0.6085675427895346,0.6196450815766182,0.6140819761266331
3,3,0.24628606186282023,0.926082844713448,5287,1.6195634475776128,0.8978433598183881,881,1.6233915242905053,0.8963,0.7968996686525326,0.08361300268781063,,,0.9468240747567134,,0.946840018071382,0.05315998192861804,0.9682472202701192,0.3985260409302868,5,0.1,0.5,0.5993928975649736,0.6079225775292612,0.6131302018526407,1.0,0.6179903981933703,0.6035321896134125,0.6082544216066726,0.6176920721903192,0.5174672822090995,0.613348949280752,0.6056330065174714,0.609235682178333
3,4,0.23481317532278836,0.9285106382978724,4935,1.6228420459307158,0.9002433090024331,822,1.6233568062035801,0.8962,0.814252026513797,0.0848510811235091,,,0.9999999999570497,,1.0,0.0,0.968250934167239,0.39852965045361793,5,0.1,0.5,0.6166180476406711,0.6209505090799894,0.6175221896575138,0.6179903981933703,1.0,0.6194132709789604,0.625638088741001,0.6329665898597067,0.5448243638565786,0.6270534482448235,0.6359872708725759,0.617345949151753
3,5,0.2588306541465325,0.9225626740947075,4667,1.6276490306854248,0.897172236503856,778,1.6233994640862217,0.8963,0.8030762892876896,0.08385423217190457,,,0.9571849700218493,,0.9572009437277245,0.04279905627227554,0.9682458357929846,0.3985278939326546,5,0.1,0.5,0.6076416333816254,0.6128812150410256,0.605614106756361,0.6035321896134125,0.6194132709789604,1.0,0.6168036527956007,0.6182189112274996,0.5422900035954182,0.6110149028968886,0.6244335533835548,0.6121637885841039
3,6,0.25235467128588684,0.9250392993487536,4453,1.6309423049290974,0.9016172506738545,742,1.6233991772983782,0.8963,0.802871758413796,0.08376934039011216,,,0.9535388367006031,,0.953551528537724,0.04644847146227604,0.9682428027305123,0.3985273653135932,5,0.1,0.5,0.5982287092631468,0.6107357295054803,0.6097974449114036,0.6082544216066726,0.625638088741001,0.6168036527956007,1.0,0.6214546753551411,0.5363263912901637,0.6090460383372576,0.6212386741528066,0.6144799541888829
3,7,0.24902193702604455,0.9265372924947393,4277,1.6250394271767659,0.8990182328190743,713,1.6233626367946783,0.8963,0.8084642054470935,0.08442504348730608,,,0.9817015264338602,,0.9817177852517444,0.018282214748255643,0.9682508541671483,0.398529527697951,5,0.1,0.5,0.6034350424563236,0.6073062821040384,0.6139691105381238,0.6176920721903192,0.6329665898597067,0.6182189112274996,0.6214546753551411,1.0,0.540005880026038,0.6195286677601262,0.6262720871513903,0.621500472684439
3,8,0.34072986104865916,0.9051101961734076,4129,1.6451092199845747,0.875,688,1.6296628648861529,0.8951,0.7176078817751717,0.07670214058681397,,,0.65,,0.650002509914161,0.349997490085839,0.964437974643148,0.3968356297207092,5,0.1,0.5,0.5239943579053459,0.5303532384865632,0.5361411461850785,0.5174672822090995,0.5448243638565786,0.5422900035954182,0.5363263912901637,0.540005880026038,1.0,0.532710097105246,0.5511197796475165,0.5405347073882315
3,9,0.2762141866937796,0.9167708072981755,4001,1.6334314857210432,0.889055472263868,667,1.623398709221008,0.8963,0.8034629867223976,0.08372211953109357,,,0.9515106833989493,,0.9515285377240098,0.048471462275990196,0.968237550006286,0.3985270125647985,5,0.1,0.5,0.6031664980258492,0.6094523299139333,0.6085675427895346,0.613348949280752,0.6270534482448235,0.6110149028968886,0.6090460383372576,0.6195286677601262,0.532710097105246,1.0,0.6311623255747995,0.612746389979733
3,10,0.2561780957917332,0.9240935973257907,3889,1.6112025408517747,0.904320987654321,648,1.623366058824923,0.8964,0.8127537077450827,0.0846044742524192,,,0.9894081439381959,,0.9894182018974951,0.010581798102504925,0.9682510666185328,0.3985296256128863,5,0.1,0.5,0.6066881240009796,0.617160852719414,0.6196450815766182,0.6056330065174714,0.6359872708725759,0.6244335533835548,0.6212386741528066,0.6262720871513903,0.5511197796475165,0.6311623255747995,1.0,0.6244572031313216
3,11,0.2872341871793781,0.9172777631231865,3791,1.6359547555446625,0.8924050632911392,632,1.6234014864546804,0.8963,0.8032060527068934,0.08349386573180363,,,0.9417070985793115,,0.941724813011395,0.05827518698860501,0.9682242407904303,0.3985248315518798,5,0.1,0.5,0.6019019381383023,0.6091229375046046,0.6140819761266331,0.609235682178333,0.617345949151753,0.6121637885841039,0.6144799541888829,0.621500472684439,0.5405347073882315,0.612746389979733,0.6244572031313216,1.0
4,0,0.19894625829960352,0.9407596785975164,8214,1.369106689164805,0.9379108838568299,1369,1.385509129911185,0.9235,0.7899099284373384,0.08340297544864396,,,0.9160892391535975,,0.9161086290848853,0.08389137091511467,0.9669524425354824,0.39122842030821364,5,0.1,0.5,1.0,0.5911964508450769,0.5886481718657487,0.6012041072520193,0.591628547359233,0.6036756542366307,0.5879897450870049,0.5997053058132807,0.5974646220769655,0.4688131186363627,0.5925305413734931,0.5965190868685006
4,1,0.2108895117077904,0.9382111347733496,6574,1.3811452763421195,0.9306569343065694,1096,1.3854208944704587,0.9235,0.7907692779239709,0.08395820145328833,,,0.9502246866216186,,0.9502434616736107,0.049756538326389266,0.9669953109498276,0.3912407631789651,5,0.1,0.5,0.5911964508450769,1.0,0.5952734632643032,0.5957287993146756,0.5968772556728311,0.5989937383144016,0.5987662026235286,0.5950456414093578,0.5982111288974941,0.46354768589460715,0.5980539334567082,0.5918082338744823
4,2,0.225023924408851,0.9327684592771918,5783,1.3951317148823892,0.9107883817427386,964,1.3853948744722069,0.9235,0.7913100560498535,0.08414286089591902,,,0.9615775999409997,,0.9615983133376839,0.03840168666231614,0.9669961576041639,0.39124241071169114,5,0.1,0.5,0.5886481718657487,0.5952734632643032,1.0,0.597797865830474,0.5919598921935192,0.5942591306582682,0.5995290785858062,0.5978310050718445,0.5954166356940083,0.46471348314655103,0.6000925696345627,0.6016423985866451
4,3,0.2278154527656285,0.9319084547002081,5287,1.3805673548153468,0.9296254256526674,881,1.38544135352674,0.9235,0.7899682775245739,0.08378216661074621,,,0.9394020160876855,,0.9394156919833342,0.06058430801666581,0.9669885018299984,0.39123823492321835,5,0.1,0.5,0.6012041072520193,0.5957287993146756,0.597797865830474,1.0,0.6000595316913891,0.5906980945483782,0.5955512823100834,0.599064701736805,0.5970897723527647,0.45754788822967885,0.5909513595396619,0.5913768274392601
4,4,0.21284684670007517,0.9354812563323202,4935,1.3837606494243329,0.9282238442822385,822,1.385387027987276,0.9235,0.7941970973249523,0.08475968854920014,,,0.999500333709363,,0.9995130766527784,0.0004869233472215573,0.9669954988420313,0.3912437123861734,5,0.1,0.5,0.591628547359233,0.5968772556728311,0.5919598921935192,0.6000595316913891,1.0,0.5978200739562526,0.6037931214549278,0.604968096973826,0.5992784046042765,0.470896985433147,0.6026667672897683,0.5906700913793806
4,5,0.23744791839144205,0.9282194128990786,4667,1.3910088920593262,0.9138817480719794,778,1.3854341663110752,0.9235,0.7974845488669876,0.08420835294421661,,,0.9656040690824574,,0.9656242156518247,0.03437578434817534,0.9669921311785362,0.3912428033162805,5,0.1,0.5,0.6036756542366307,0.5989937383144016,0.5942591306582682,0.5906980945483782,0.5978200739562526,1.0,0.6042912171723368,0.6077751821243906,0.6101638103814788,0.4676213438156292,0.6120464282144551,0.5996744751575797
4,6,0.23261670655837016,0.9299348753649225,4453,1.396236464381218,0.921832884097035,742,1.385437848468939,0.9235,0.7956006529924677,0.08408518346606317,,,0.958031575690576,,0.9580492947141208,0.041950705285879186,0.9669940538598228,0.3912419856218103,5,0.1,0.5,0.5879897450870049,0.5987662026235286,0.5995290785858062,0.5955512823100834,0.6037931214549278,0.6042912171723368,1.0,0.6086189590507756,0.6040143262791452,0.4675655544289183,0.6027602351253916,0.5962766544586835
4,7,0.2335405923120344,0.930278232405892,4277,1.3846253208492114,0.9312762973352033,713,1.38539313698729,0.9235,0.7994866434511615,0.08466088184830534,,,0.9934256705637787,,0.9934390843833141,0.006560915616685925,0.9669951455089452,0.3912437066011934,5,0.1,0.5,0.5997053058132807,0.5950456414093578,0.5978310050718445,0.599064701736805,0.604968096973826,0.6077751821243906,0.6086189590507756,1.0,0.610264782416707,0.4652424158796687,0.6062587870175461,0.6082451256803004
4,8,0.2392275346790512,0.9258416081375636,4129,1.4146472432396628,0.9069767441860465,688,1.3938017725563658,0.9226,0.7953874421948937,0.07934803070178383,,,0.6667901208948448,,0.6668038753074644,0.33319612469253557,0.9633303561793523,0.3897967227031466,5,0.1,0.5,0.5974646220769655,0.5982111288974941,0.5954166356940083,0.5970897723527647,0.5992784046042765,0.6101638103814788,0.6040143262791452,0.610264782416707,1.0,0.4681281689760283,0.6127506383829986,0.6078681774416285
4,9,0.24836687370076857,0.9270682329417645,4001,1.3999344110488892,0.9190404797601199,667,1.3869660860433366,0.9241,0.6542544697837396,0.07907493301496797,,,0.65,,0.650002509914161,0.349997490085839,0.9628567233133307,0.38952920815667413,5,0.1,0.5,0.4688131186363627,0.46354768589460715,0.46471348314655103,0.45754788822967885,0.470896985433147,0.4676213438156292,0.4675655544289183,0.4652424158796687,0.4681281689760283,1.0,0.4823703250047066,0.4643019189900516
4,10,0.22740583664539163,0.9336590383131911,3889,1.37089166754768,0.9274691358024691,648,1.3853978547044457,0.9235,0.7991133646529305,0.08476781580999936,,,0.9999999999385196,,1.0,0.0,0.9669953111035043,0.39124371238788636,5,0.1,0.5,0.5925305413734931,0.5980539334567082,0.6000925696345627,0.5909513595396619,0.6026667672897683,0.6120464282144551,0.6027602351253916,0.6062587870175461,0.6127506383829986,0.4823703250047066,1.0,0.5983329075559727
4,11,0.261989707319739,0.9249802163017673,3791,1.4014808714389801,0.9066455696202531,632,1.3854495153640405,0.9236,0.7929911160579892,0.0838089092568662,,,0.9410461613261086,,0.9410672155012298,0.05893278449877015,0.9669873527330164,0.3912387287789297,5,0.1,0.5,0.5965190868685006,0.5918082338744823,0.6016423985866451,0.5913768274392601,0.5906700913793806,0.5996744751575797,0.5962766544586835,0.6082451256803004,0.6078681774416285,0.4643019189900516,0.5983329075559727,1.0
5,0,0.18706521088391515,0.9442415388361334,8214,1.1190264779467916,0.9503287070854638,1369,1.1383249176957737,0.937,0.7828494471664039,0.08341989333097226,,,0.9053331020926978,,0.9053561568194368,0.09464384318056318,0.966586829122896,0.39086564604954815,5,0.1,0.5,1.0,0.5856099124632834,0.5739316845141461,0.574515172897965,0.5838845419615282,0.5821947955413254,0.554345960125806,0.587604231830524,0.5670168305479902,0.5798015794676642,0.5751493861627628,0.5793075893036377
5,1,0.19453504604459243,0.9413751140857926,6574,1.1331507205963134,0.9452554744525548,1096,1.1382310386663808,0.937,0.7834857820962999,0.08381402284411538,,,0.9364105931570612,,0.9364288941318207,0.06357110586817927,0.9666609618839591,0.39088294577816496,5,0.1,0.5,0.5856099124632834,1.0,0.58369949637426,0.5776058490949989,0.5862900040450121,0.5826884775243506,0.5673576868895767,0.5783374716078511,0.5595152827454659,0.5822717528430021,0.5752845087980906,0.567614193660915
5,2,0.2114312086292949,0.9369531385094242,5783,1.1484023217231996,0.9273858921161826,964,1.138216840382963,0.937,0.7832073401091312,0.08392783609335679,,,0.945384877290464,,0.9454043471713267,0.05459565282867329,0.966666898696713,0.390885583734875,5,0.1,0.5,0.5739316845141461,0.58369949637426,1.0,0.5761038371739355,0.5845379085175104,0.5766186285820232,0.5621084356187143,0.5882719110473804,0.5597386182670767,0.5775554130742634,0.5805703483584791,0.5792168300565494
5,3,0.21452386141810792,0.9364857196898052,5287,1.1316106830324446,0.94211123723042,881,1.1382525553718543,0.937,0.775988147410388,0.08343199076433575,,,0.9062869963450142,,0.9063049043722705,0.09369509562772949,0.9666128560148102,0.39086640968316566,5,0.1,0.5,0.574515172897965,0.5776058490949989,0.5761038371739355,1.0,0.5799259847433387,0.5688976773933798,0.5590009646044318,0.5787094409469578,0.5517101081816079,0.5751195930409636,0.5746505463526352,0.5603098628371914
5,4,0.1938505065176756,0.9415197568389058,4935,1.1348788784100459,0.940389294403893,822,1.1382269868835473,0.937,0.7911450735071491,0.08462047346386083,,,0.9999999999211491,,1.0,0.0,0.9666744299285847,0.39088981837928904,5,0.1,0.5,0.5838845419615282,0.5862900040450121,0.5845379085175104,0.5799259847433387,1.0,0.5805174927063522,0.5702929567755237,0.5867893661560929,0.5765892543100709,0.5978857168923308,0.5938729106736474,0.5746607343794214
5,5,0.21748890289590272,0.9352903364045425,4667,1.1462276840209962,0.9267352185089974,778,1.1382664838157142,0.937,0.7845312467832252,0.0840183294687728,,,0.9525203669508238,,0.952537523216706,0.04746247678329396,0.9666713205912347,0.3908871484117459,5,0.1,0.5,0.5821947955413254,0.5826884775243506,0.5766186285820232,0.5688976773933798,0.5805174927063522,1.0,0.5653474765986961,0.5866065453646699,0.5690784967747314,0.5827068649562119,0.5823910879884993,0.5781829503642014
5,6,0.22391510125648761,0.9350999326296878,4453,1.1521356701850891,0.9339622641509434,742,1.1382510319304542,0.937,0.7686331311650839,0.08337569539253717,,,0.9018480521510535,,0.9018623563074143,0.09813764369258571,0.9665992155047765,0.3908627203366156,5,0.1,0.5,0.554345960125806,0.5673576868895767,0.5621084356187143,0.5590009646044318,0.5702929567755237,0.5653474765986961,1.0,0.5718399173101703,0.5562722450637584,0.5663912255948664,0.5755034381323632,0.5577982124918298
5,7,0.2137014273609688,0.9359831657703999,4277,1.1348423076712566,0.94109396914446,713,1.1382336835510813,0.937,0.7901090736448869,0.0845178213715263,,,0.9919057837412357,,0.9919180764017871,0.008081923598212915,0.9666746302712967,0.39088980754098573,5,0.1,0.5,0.587604231830524,0.5783374716078511,0.5882719110473804,0.5787094409469578,0.5867893661560929,0.5866065453646699,0.5718399173101703,1.0,0.5730008087970512,0.5910793232809823,0.5863490352843107,0.5769754758283218
5,8,0.22848014146844015,0.9327197868733349,4129,1.1742776144634595,0.9244186046511628,688,1.1485382583194648,0.9363,0.7679921125926523,0.0801817197278105,,,0.65,,0.650002509914161,0.349997490085839,0.9630627698433372,0.38918345156824213,5,0.1,0.5,0.5670168305479902,0.5595152827454659,0.5597386182670767,0.5517101081816079,0.5765892543100709,0.5690784967747314,0.5562722450637584,0.5730008087970512,1.0,0.5684889045178714,0.5775171855918907,0.5665091237102651
5,9,0.22829240205076834,0.9322169457635591,4001,1.1574662923812866,0.9280359820089955,667,1.1407877703825124,0.9368,0.7856694161544006,0.08062175450188831,,,0.6846971650266812,,0.6847045831032579,0.3152954168967421,0.9632226615670996,0.38969952463968516,5,0.1,0.5,0.5798015794676642,0.5822717528430021,0.5775554130742634,0.5751195930409636,0.5978857168923308,0.5827068649562119,0.5663912255948664,0.5910793232809823,0.5684889045178714,1.0,0.5944980464305387,0.5751804351034502
5,10,0.20653427479956604,0.9406531241964515,3889,1.1222918998627436,0.9429012345679012,648,1.1382382256916155,0.937,0.789043312543597,0.08455185815840364,,,0.994589617112669,,0.9945986647256664,0.0054013352743336185,0.9666745501247214,0.3908898156390321,5,0.1,0.5,0.5751493861627628,0.5752845087980906,0.5805703483584791,0.5746505463526352,0.5938729106736474,0.5823910879884993,0.5755034381323632,0.5863490352843107,0.5775171855918907,0.5944980464305387,1.0,0.579643334267051
5,11,0.24574994391080837,0.9275652862041678,3791,1.1571802765130996,0.9208860759493671,632,1.1382702623312466,0.937,0.7779381971051786,0.08351860488242017,,,0.9131166028348969,,0.9131318708900156,0.08686812910998443,0.9666299735664104,0.3908714724690099,5,0.1,0.5,0.5793075893036377,0.567614193660915,0.5792168300565494,0.5603098628371914,0.5746607343794214,0.5781829503642014,0.5577982124918298,0.5769754758283218,0.5665091237102651,0.5751804351034502,0.579643334267051,1.0
6,0,0.177759246012841,0.9467738008278549,8214,0.8831576885179032,0.9576333089846604,1369,0.9047332027087958,0.9467,0.7695323981048088,0.08347887695183141,,,0.9088568592095768,,0.9088700366447467,0.09112996335525325,0.9667805389751137,0.38357853534635006,5,0.1,0.5,1.0,0.5642839752055181,0.5460581580990227,0.5553464764045802,0.5665163353938157,0.5619857775275482,0.5531748172740019,0.5466468769464178,0.5289003836197606,0.5519044121220662,0.556971194954527,0.5511532349806327
6,1,0.18250658572244557,0.9442652874961971,6574,0.8995766861098153,0.9498175182481752,1096,0.904621707364774,0.9466,0.7725329293474136,0.08385076287873765,,,0.9385165572174229,,0.9385322021986848,0.06146779780131517,0.9668329668076554,0.38359369078588934,5,0.1,0.5,0.5642839752055181,1.0,0.5567717787273436,0.5562215499322157,0.5663858254382793,0.5670453641397797,0.5552507386526214,0.549600581802759,0.5302745203807603,0.5530975756882732,0.5644730960426498,0.5449348135274995
6,2,0.19983424435714414,0.941206985993429,5783,0.914628513397709,0.9408713692946058,964,0.904614082540567,0.9466,0.7658585406465449,0.08369079270603619,,,0.9257581636636261,,0.9257768184328096,0.07422318156719043,0.9668243974399695,0.3835886695559029,5,0.1,0.5,0.5460581580990227,0.5567717787273436,1.0,0.5544484145339228,0.55973856285787,0.549413685665184,0.5473270953259594,0.554543270306465,0.5262225786339275,0.5441438630480663,0.5562726905081349,0.5512111397847234
6,3,0.19446736386393657,0.940873841498014,5287,0.8965082807200295,0.9580022701475596,881,0.9047108513478654,0.9467,0.7610696955569669,0.08318698221645504,,,0.8855768448961387,,0.885598112544551,0.11440188745544899,0.9667433500961957,0.38355604191496084,5,0.1,0.5,0.5553464764045802,0.5562215499322157,0.5544484145339228,1.0,0.5567261759964843,0.5443137977802077,0.5410316063985064,0.5484637648608489,0.5180244802607018,0.5427203290537747,0.5461977466897333,0.5412047754515287
6,4,0.1804048211325801,0.9453292806484296,4935,0.9000236277396862,0.9537712895377128,822,0.9046202911355625,0.9467,0.7789536549786086,0.08462166847166974,,,0.9999999999202451,,1.0,0.0,0.9668635623566281,0.3835997106946036,5,0.1,0.5,0.5665163353938157,0.5663858254382793,0.55973856285787,0.5567261759964843,1.0,0.5629633871096266,0.565699341790685,0.560241040404396,0.5357700949766266,0.5624117586916522,0.5752047589757834,0.5517896712452545
6,5,0.198127006638591,0.9404328262266981,4667,0.9142408561706543,0.9344473007712082,778,0.9046584063063795,0.9467,0.7723688101685657,0.08398257371425505,,,0.949029107687217,,0.9490437227046835,0.05095627729531649,0.9668491904319791,0.3835964363874771,5,0.1,0.5,0.5619857775275482,0.5670453641397797,0.549413685665184,0.5443137977802077,0.5629633871096266,1.0,0.5569212366374487,0.5577883824386535,0.530524440213758,0.5549267363845314,0.5663686890319273,0.5535426558606225
6,6,0.2000972408907754,0.9413878284302717,4453,0.9206304053465525,0.9433962264150944,742,0.9046789958073308,0.9467,0.7675293965858504,0.0833780871607829,,,0.9008183867950872,,0.9008383113297526,0.09916168867024744,0.9667633997623479,0.3835720661787618,5,0.1,0.5,0.5531748172740019,0.5552507386526214,0.5473270953259594,0.5410316063985064,0.565699341790685,0.5569212366374487,1.0,0.5620071307558961,0.5274820674465313,0.5485312276105723,0.5605178830948394,0.5464861344153552
6,7,0.1956474715774295,0.9407528641571195,4277,0.898460883161296,0.9523141654978962,713,0.9046299686066259,0.9467,0.7699541883009153,0.0842334426524773,,,0.9690371166192061,,0.9690527583956628,0.03094724160433715,0.9668620355245525,0.38359903813506463,5,0.1,0.5,0.5466468769464178,0.549600581802759,0.554543270306465,0.5484637648608489,0.560241040404396,0.5577883824386535,0.5620071307558961,1.0,0.5380001641014792,0.5520707899377945,0.5624173007531429,0.5495053777244279
6,8,0.22600101742033776,0.9347541777670137,4129,0.9455994773994792,0.938953488372093,688,0.9159558455403239,0.9471,0.7395143665320193,0.08023321939329105,,,0.65,,0.650002509914161,0.349997490085839,0.9630743288490312,0.38187435443111356,5,0.1,0.5,0.5289003836197606,0.5302745203807603,0.5262225786339275,0.5180244802607018,0.5357700949766266,0.530524440213758,0.5274820674465313,0.5380001641014792,1.0,0.5266178994337273,0.538178091273403,0.5256552098878355
6,9,0.21051652807564952,0.9379155211197201,4001,0.9281915454637437,0.9355322338830585,667,0.9073815065831803,0.9473,0.7657252684713255,0.08145894991428922,,,0.7477579264540759,,0.74777370613925,0.25222629386075,0.9641530628179595,0.3830232451913259,5,0.1,0.5,0.5519044121220662,0.5530975756882732,0.5441438630480663,0.5427203290537747,0.5624117586916522,0.5549267363845314,0.5485312276105723,0.5520707899377945,0.5266178994337273,1.0,0.5732142627851362,0.5531105018638485
6,10,0.18897015497271644,0.9446644381589098,3889,0.8875767730531239,0.9490740740740741,648,0.9046301879821875,0.9467,0.7783195245255798,0.084552963256263,,,0.9945204273064592,,0.9945283871291601,0.005471612870839859,0.9668639151395186,0.383599707209594,5,0.1,0.5,0.556971194954527,0.5644730960426498,0.5562726905081349,0.5461977466897333,0.5752047589757834,0.5663686890319273,0.5605178830948394,0.5624173007531429,0.538178091273403,0.5732142627851362,1.0,0.5585723169343237
