round,client_id,client_i_training_loss,client_i_training_accuracy,client_i_training_dataset_size,client_i_evaluation_loss,client_i_evaluation_accuracy,client_i_evaluation_dataset_size,client_i_central_evaluation_loss,client_i_central_evaluation_accuracy,client_i_cosine_similarity,client_i_importance_coefficient,client_i_tanh_val,tanh_normalization_value,client_i_q,client_i_mask_order,client_i_v_nonzero_fraction,client_i_v_sparsity,client_i_v_cosine_similarity,client_i_reward_gradient_norm,local_epochs,learning_rate,gamma,client_0_cosine_similarity,client_1_cosine_similarity,client_2_cosine_similarity,client_3_cosine_similarity,client_4_cosine_similarity,client_5_cosine_similarity,client_6_cosine_similarity,client_7_cosine_similarity,client_8_cosine_similarity,client_9_cosine_similarity,client_10_cosine_similarity,client_11_cosine_similarity
0,0,2.2725736180941265,0.15079620160701243,6845,2.3024012608961626,0.08838568298027757,1369,2.299769908567018,0.1032,0.8598103387366733,0.07798811676831083,,,0.65,,0.6500140284860788,0.3499859715139212,0,0.1372833738478005,10,0.025,0.15,1.0,0.912388095953291,0.850797073349323,0.7867878505388464,0.7561422253809317,0.7203639178661986,0.7011210302117493,0.7071555483887435,0.6915245626973098,0.712728734799468,0.6515785077708737,0.6805788088348091
0,1,2.2916362723638843,0.13028477546549835,5478,2.2992623117234974,0.10218978102189781,1096,2.299734743335579,0.1031,0.9431972009133717,0.08555162705819008,,,0.8685746476909637,,0.8686108497961743,0.1313891502038257,0,0.13767522435371238,10,0.025,0.15,0.912388095953291,1.0,0.9283858615915527,0.8582406386472674,0.8600288804511524,0.8487532764754592,0.7780202123286343,0.8423190299439142,0.7906721538792134,0.8219814252278639,0.8052525038641349,0.7948365666571986
0,2,2.297168114938234,0.12522821576763485,4820,2.298758715391159,0.11099585062240663,964,2.299733976774578,0.1031,0.9780762380321635,0.08871529036512742,,,0.9599999999711013,,0.9600270667260814,0.0399729332739186,0,0.13768437342106357,10,0.025,0.15,0.850797073349323,0.9283858615915527,1.0,0.9075057974434751,0.8939462326341383,0.8959388507954892,0.8475957707934993,0.9047692853552395,0.8908619528765176,0.8926611807210932,0.8724756609709661,0.874105156550997
0,3,2.297391804967608,0.11779391738538357,4406,2.298339911869594,0.11237230419977298,881,2.299735304675525,0.1031,0.9336961642301368,0.08468984635506334,,,0.8436704158788052,,0.8437061609810038,0.15629383901899618,0,0.13766946183208892,10,0.025,0.15,0.7867878505388464,0.8582406386472674,0.9075057974434751,1.0,0.8426246379689268,0.8479958950810835,0.8817401472767646,0.8650853143575092,0.8370656401272328,0.8623828881121827,0.7620312106262825,0.8361478559752964
0,4,2.2983178333802656,0.10885214007782101,4112,2.3011315890720914,0.09732360097323602,822,2.2997352563882174,0.1031,0.9342577946073604,0.08474078839828637,,,0.8451425681894899,,0.845183278044594,0.15481672195540597,0,0.13766994285990888,10,0.025,0.15,0.7561422253809317,0.8600288804511524,0.8939462326341383,0.8426246379689268,1.0,0.8137345536579969,0.7952994685785586,0.9004017077061124,0.8998483592899399,0.8447911070634788,0.8569478181211017,0.8996241803280515
0,5,2.2991406640698835,0.10920545127282077,3889,2.2996504987989153,0.10796915167095116,778,2.2997366325764714,0.103,0.9171036557021884,0.08318484178108004,,,0.8001779326370142,,0.8002343582380221,0.19976564176197786,0,0.13765367025689715,10,0.025,0.15,0.7203639178661986,0.8487532764754592,0.8959388507954892,0.8479958950810835,0.8137345536579969,1.0,0.8125924649421997,0.8958379489108981,0.8169547219767179,0.8470250228952648,0.8582805352842111,0.8215016474437601
0,6,2.2993876761403578,0.12072217731069793,3711,2.299463431040446,0.08086253369272237,742,2.299739590174035,0.103,0.8903644366663177,0.08075949139563697,,,0.7300887695754239,,0.7301414401478767,0.26985855985212326,0,0.13755357561325102,10,0.025,0.15,0.7011210302117493,0.7780202123286343,0.8475957707934993,0.8817401472767646,0.7952994685785586,0.8125924649421997,1.0,0.7950732383333137,0.8639353599927561,0.9160047876773788,0.7122471326056324,0.7981653799632862
0,7,2.299739862339837,0.11301907968574636,3564,2.2986865043640137,0.11079943899018233,713,2.2997353982321824,0.1031,0.9309733388576096,0.0844428755831087,,,0.8365333132107249,,0.8365763892327244,0.16342361076727563,0,0.137667459513333,10,0.025,0.15,0.7071555483887435,0.8423190299439142,0.9047692853552395,0.8650853143575092,0.9004017077061124,0.8958379489108981,0.7950732383333137,1.0,0.8699067707058512,0.8367689558208768,0.8756214066704681,0.8793116958713791
0,8,2.300338693018313,0.1066259808195292,3441,2.2991511027018228,0.12063953488372094,688,2.2997364032117624,0.1029,0.9199426428275159,0.08344234887242193,,,0.8076195198909234,,0.807652951758512,0.19234704824148796,0,0.1376566458024322,10,0.025,0.15,0.6915245626973098,0.7906721538792134,0.8908619528765176,0.8370656401272328,0.8998483592899399,0.8169547219767179,0.8639353599927561,0.8699067707058512,1.0,0.8924302552720501,0.8418311970206387,0.9007098681367655
0,9,2.300495469128644,0.10566886622675464,3334,2.3032102584838867,0.11394302848575712,667,2.2997359535362145,0.1031,0.9233372719586498,0.08375025483858299,,,0.8165175626642182,,0.8165569143932268,0.18344308560677325,0,0.1376610402780616,10,0.025,0.15,0.712728734799468,0.8219814252278639,0.8926611807210932,0.8623828881121827,0.8447911070634788,0.8470250228952648,0.9160047876773788,0.8367689558208768,0.8924302552720501,1.0,0.8030728076663887,0.8660067313836909
0,10,2.299914006086496,0.11086084541808083,3241,2.298149267832438,0.08796296296296297,648,2.299741268157959,0.1031,0.8835538137474388,0.08014174160648825,,,0.7122366827335478,,0.7122757505240053,0.28772424947599473,0,0.13753570992590453,10,0.025,0.15,0.6515785077708737,0.8052525038641349,0.8724756609709661,0.7620312106262825,0.8569478181211017,0.8582805352842111,0.7122471326056324,0.8756214066704681,0.8418311970206387,0.8030728076663887,1.0,0.8470576989798324
0,11,2.2999963607788088,0.10997150997150996,3159,2.2985347747802733,0.11550632911392406,632,2.299736228170274,0.103,0.9105762069030585,0.08259277697770294,,,0.7830681052091948,,0.7831031011206285,0.21689689887937147,0,0.13759099111818687,10,0.025,0.15,0.6805788088348091,0.7948365666571986,0.874105156550997,0.8361478559752964,0.8996241803280515,0.8215016474437601,0.7981653799632862,0.8793116958713791,0.9007098681367655,0.8660067313836909,0.8470576989798324,1.0
1,0,2.1253507539078043,0.2202191380569759,6845,2.2931994524869053,0.13002191380569758,1369,2.2915654786025423,0.1324,0.8999596256346625,0.07773983942107351,,,0.65,,0.6500140284860788,0.3499859715139212,0.8126036512946309,0.14529810277124572,10,0.025,0.15,1.0,0.9503744504023746,0.9323154962208818,0.8919523574372412,0.8867820517976815,0.8588259539218652,0.8417512152783219,0.8348478900383433,0.8224637838262959,0.8222393634524849,0.8139030168811485,0.8208925238206731
1,1,2.167725258372551,0.20797736400146039,5478,2.2907796700795493,0.13503649635036497,1096,2.291498507125468,0.1318,0.960341595375441,0.08440129746034934,,,0.8768294514974836,,0.8768794045320262,0.12312059546797383,0.8138661373223727,0.14551837867653356,10,0.025,0.15,0.9503744504023746,1.0,0.9760796677293161,0.953862041712703,0.9513547230678333,0.9340013977046242,0.9129361504944997,0.9149953907447806,0.8949330200714313,0.8964798099111476,0.8945575043451178,0.8948704608898156
1,2,2.2098781808426504,0.19630705394190873,4820,2.2908313870429993,0.13174273858921162,964,2.2914929661569716,0.132,0.9750642778260468,0.08684382472067023,,,0.959999999965949,,0.9600270667260814,0.0399729332739186,0.8144150530257169,0.14552736862344395,10,0.025,0.15,0.9323154962208818,0.9760796677293161,1.0,0.9730140761749355,0.9668804147973263,0.9567426800222456,0.9352755961352395,0.9366101259438234,0.9203436531765951,0.9177248509381472,0.9142105336143576,0.9152486724631024
1,3,2.2321173535074506,0.18361325465274625,4406,2.291167838232858,0.13280363223609534,881,2.2914992344530325,0.1318,0.9816246613628216,0.08456153490967788,,,0.8822857003436446,,0.8823340100014854,0.11766598999851463,0.813823170774213,0.14551914435285238,10,0.025,0.15,0.8919523574372412,0.953862041712703,0.9730140761749355,1.0,0.9666662317434049,0.9685371516067789,0.9598011681261398,0.960102442863137,0.9385429259194183,0.9428307108727282,0.930631505860051,0.9353157034473842
1,4,2.247545274821195,0.18000972762645914,4112,2.2932209287370955,0.12773722627737227,822,2.2914989326573627,0.1318,0.9859930122203746,0.08473571020392602,,,0.8882165470480415,,0.8882589823571158,0.11174101764288424,0.8138330416088938,0.14551995739342966,10,0.025,0.15,0.8867820517976815,0.9513547230678333,0.9668804147973263,0.9666662317434049,1.0,0.9713156729295357,0.9567489295885957,0.9629993261560995,0.9552500332207892,0.9496680440002729,0.9492748139625592,0.9559980801149583
1,5,2.257189666840338,0.1939573155052713,3889,2.29063149860927,0.13239074550128535,778,2.2915020592605013,0.1317,0.9862372987147708,0.08377874728555024,,,0.8556309820562957,,0.8556633823505141,0.1443366176494859,0.8137481198367486,0.14551101489130677,10,0.025,0.15,0.8588259539218652,0.9340013977046242,0.9567426800222456,0.9685371516067789,0.9713156729295357,1.0,0.9681043190208992,0.9748783251295432,0.9626397840371376,0.9632613964900899,0.9594227866203345,0.9584064511576684
1,6,2.2596691855068864,0.1629479924548639,3711,2.2913726965586343,0.11455525606469003,742,2.2915072229844107,0.1321,0.9793601868677534,0.08205017202042697,,,0.7967712283885158,,0.7968097572246703,0.2031902427753297,0.8129013309221315,0.14548534465697252,10,0.025,0.15,0.8417512152783219,0.9129361504944997,0.9352755961352395,0.9598011681261398,0.9567489295885957,0.9681043190208992,1.0,0.9659585882443045,0.972766685358228,0.9759173891806738,0.9434468372057003,0.9650218271284285
1,7,2.2671102149145943,0.18117283950617283,3564,2.290960510571798,0.13744740532959326,713,2.291499883313722,0.1318,0.9805427882247079,0.08437306106318428,,,0.8758679733280716,,0.8759221666584146,0.1240778333415854,0.8138039701349816,0.14551824541062594,10,0.025,0.15,0.8348478900383433,0.9149953907447806,0.9366101259438234,0.960102442863137,0.9629993261560995,0.9748783251295432,0.9659585882443045,1.0,0.965101580043371,0.9637145746075066,0.9656238772697648,0.9654016445684356
1,8,2.2701886221214576,0.15085730892182506,3441,2.2911139726638794,0.1380813953488372,688,2.291501820841922,0.1316,0.9748449926160252,0.08356659788468733,,,0.8484070782278053,,0.8484510900958888,0.15154890990411118,0.8137646616481053,0.14550944075081995,10,0.025,0.15,0.8224637838262959,0.8949330200714313,0.9203436531765951,0.9385429259194183,0.9552500332207892,0.9626397840371376,0.972766685358228,0.965101580043371,1.0,0.9745342934321807,0.961159676919448,0.9779291454059023
1,9,2.270236470081188,0.15746850629874026,3334,2.294925848642985,0.1454272863568216,667,2.2915011810351023,0.1317,0.9739377138204771,0.08372793536578807,,,0.853900784279588,,0.8539387037678863,0.14606129623211372,0.8137458151062033,0.1455106306748288,10,0.025,0.15,0.8222393634524849,0.8964798099111476,0.9177248509381472,0.9428307108727282,0.9496680440002729,0.9632613964900899,0.9759173891806738,0.9637145746075066,0.9745342934321807,1.0,0.9567629614565967,0.9719073839692919
1,10,2.274350885244516,0.17096575131132366,3241,2.2890562216440835,0.12808641975308643,648,2.291512127164044,0.1324,0.9665558719919393,0.08124913499197467,,,0.7694950992405549,,0.7695367298773745,0.23046327012262546,0.8127422901125616,0.14547064704205515,10,0.025,0.15,0.8139030168811485,0.8945575043451178,0.9142105336143576,0.930631505860051,0.9492748139625592,0.9594227866203345,0.9434468372057003,0.9656238772697648,0.961159676919448,0.9567629614565967,1.0,0.9608109206525022
1,11,2.2716697454452515,0.15805634694523582,3159,2.2899718284606934,0.1360759493670886,632,2.2915019687218003,0.1319,0.9727744549836852,0.0829721446726914,,,0.8281653390735626,,0.8282005578386229,0.1717994421613771,0.8129294284537226,0.14550369114328301,10,0.025,0.15,0.8208925238206731,0.8948704608898156,0.9152486724631024,0.9353157034473842,0.9559980801149583,0.9584064511576684,0.9650218271284285,0.9654016445684356,0.9779291454059023,0.9719073839692919,0.9608109206525022,1.0
2,0,2.0204812937312657,0.268736303871439,6845,2.2790034034035425,0.16800584368151936,1369,2.278229939786694,0.162,0.9061939045624724,0.07768227807524068,,,0.65,,0.6500140284860788,0.3499859715139212,0.9395578911410232,0.14572763528506688,10,0.025,0.15,1.0,0.9410525312306275,0.9307350265837244,0.8973219678152257,0.8913024650793736,0.8731538733893417,0.8567804842273332,0.8473402011335404,0.8476365365918435,0.8391735123832593,0.8312937746261758,0.8359844179849076
2,1,2.0555844498235127,0.26277838627236216,5478,2.277084880405002,0.1633211678832117,1096,2.2780779705771916,0.161,0.9639540178114335,0.08369045998262768,,,0.8849243456652081,,0.8849746662045518,0.11502533379544821,0.9418304072957526,0.14604386000992906,10,0.025,0.15,0.9410525312306275,1.0,0.9652661528624356,0.9532712114332801,0.950808096188457,0.9407954626989545,0.9265643661524794,0.9246469568098297,0.9215009626999275,0.9129817996701362,0.9110600676393823,0.912231070181086
2,2,2.0922704260600242,0.24883817427385893,4820,2.278286039829254,0.15975103734439833,964,2.278070996079264,0.1612,0.976452331397518,0.08561051721018907,,,0.9599999999608992,,0.9600270667260814,0.0399729332739186,0.9418071214616707,0.1460517796646979,10,0.025,0.15,0.9307350265837244,0.9652661528624356,1.0,0.9671790885139446,0.960208298959446,0.9597719147756283,0.9429346928821765,0.9420712994630874,0.9411060725236275,0.9362562010816452,0.9302439974140546,0.9286838531683337
2,3,2.1106896805763244,0.24373581479800271,4406,2.2789441517421176,0.16004540295119182,881,2.278079871889911,0.1609,0.9810918261188929,0.08434830453140264,,,0.9106465529073642,,0.9106963080325461,0.08930369196745391,0.9418033396862162,0.14604832707716553,10,0.025,0.15,0.8973219678152257,0.9532712114332801,0.9671790885139446,1.0,0.9609935543559666,0.9680257687483538,0.9590103509504843,0.9564437980268254,0.9546236506013819,0.950109964223039,0.9446211804022365,0.9462175813500019
2,4,2.1251852743553394,0.23837548638132297,4112,2.280056510652815,0.14963503649635038,822,2.2780786616892756,0.1609,0.9799170649378464,0.08441788101522299,,,0.9133670447611619,,0.9134194847419583,0.08658051525804167,0.9418202927388584,0.1460487465923647,10,0.025,0.15,0.8913024650793736,0.950808096188457,0.960208298959446,0.9609935543559666,1.0,0.9651074267466094,0.9529157507852494,0.9525447998303709,0.9561263525384416,0.9510347234909065,0.9477905677841166,0.9551795432539898
2,5,2.140425863573628,0.2454358446901517,3889,2.276226145880563,0.16323907455012854,778,2.278084878680072,0.161,0.9889284349771208,0.0841189538683675,,,0.9016787727582366,,0.9017263289927547,0.09827367100724527,0.9416679993483295,0.14604710753674705,10,0.025,0.15,0.8731538733893417,0.9407954626989545,0.9597719147756283,0.9680257687483538,0.9651074267466094,1.0,0.9745187974835883,0.9748731506358392,0.9758191700535183,0.9729050669697871,0.9727446037473848,0.971402100929837
2,6,2.146288066074766,0.21705739692805173,3711,2.277813752492269,0.13881401617250674,742,2.2780944124052795,0.1615,0.9835550290357363,0.082873288925427,,,0.8529723543858849,,0.8530144740968131,0.14698552590318692,0.9415049009993721,0.14603136184334864,10,0.025,0.15,0.8567804842273332,0.9265643661524794,0.9429346928821765,0.9590103509504843,0.9529157507852494,0.9745187974835883,1.0,0.9733168742396364,0.9770886515830685,0.9766731478676624,0.9716540124538631,0.9755242751339566
2,7,2.1516185666833607,0.23695286195286194,3564,2.2783073584238687,0.182328190743338,713,2.2780814050119136,0.1609,0.9815799345996986,0.08424749135086175,,,0.9067046831640598,,0.9067518278292156,0.0932481721707844,0.9417970999419236,0.1460478642112838,10,0.025,0.15,0.8473402011335404,0.9246469568098297,0.9420712994630874,0.9564437980268254,0.9525447998303709,0.9748731506358392,0.9733168742396364,1.0,0.9751467957679988,0.9663761771896184,0.9755141612518606,0.9745018403386053
2,8,2.1627769041944434,0.2143853530950305,3441,2.2773305972417197,0.1555232558139535,688,2.2780838978441458,0.1611,0.9830450136224009,0.0837957976639608,,,0.889043126727853,,0.8890759353699395,0.11092406463006055,0.9416419770700503,0.14604469985439764,10,0.025,0.15,0.8476365365918435,0.9215009626999275,0.9411060725236275,0.9546236506013819,0.9561263525384416,0.9758191700535183,0.9770886515830685,0.9751467957679988,1.0,0.9740753229170599,0.9763799188154245,0.9807641559795989
2,9,2.1676915376274675,0.21418716256748652,3334,2.2812716960906982,0.16041979010494753,667,2.2780825095840647,0.1611,0.9786533532060434,0.0837525684809414,,,0.8873528337755063,,0.8873925170404846,0.11260748295951539,0.9416990762244942,0.14604436853885086,10,0.025,0.15,0.8391735123832593,0.9129817996701362,0.9362562010816452,0.950109964223039,0.9510347234909065,0.9729050669697871,0.9766731478676624,0.9663761771896184,0.9740753229170599,1.0,0.9742123778114885,0.975043435109012
2,10,2.1732720361306117,0.2273372415921012,3241,2.2749164501825967,0.15895061728395063,648,2.2781055305577533,0.1615,0.9771825374291483,0.08216948936308942,,,0.8254532722059108,,0.8255021372811143,0.17449786271888568,0.9412824220134496,0.14601860086094967,10,0.025,0.15,0.8312937746261758,0.9110600676393823,0.9302439974140546,0.9446211804022365,0.9477905677841166,0.9727446037473848,0.9716540124538631,0.9755141612518606,0.9763799188154245,0.9742123778114885,1.0,0.9766032296245064
2,11,2.1606452589035032,0.22187401076289964,3159,2.2761252880096436,0.17405063291139242,632,2.2780810277673265,0.1616,0.9789131258041424,0.08329296953266907,,,0.8693821757868483,,0.869427802808998,0.130572197191002,0.9416435909918587,0.1460366285768387,10,0.025,0.15,0.8359844179849076,0.912231070181086,0.9286838531683337,0.9462175813500019,0.9551795432539898,0.971402100929837,0.9755242751339566,0.9745018403386053,0.9807641559795989,0.975043435109012,0.9766032296245064,1.0
3,0,1.95461465716362,0.29571950328707086,6845,2.258028810674494,0.21548575602629658,1369,2.258473064326033,0.2051,0.9143097002244462,0.07800444902006365,,,0.65,,0.6500140284860788,0.3499859715139212,0.9756252680824443,0.14517233377159391,10,0.025,0.15,1.0,0.9414758694855283,0.9297590441171535,0.8968704588482995,0.8932407154639243,0.8742824515106462,0.8676830005822737,0.8585119398249484,0.8609450216821315,0.8472522151853675,0.8391881165843275,0.8457260516217583
3,1,1.9822847615840824,0.28818912011683095,5478,2.2568851312001548,0.20164233576642335,1096,2.2581285434433176,0.2055,0.9599166672769277,0.08321815468811532,,,0.8880948027241619,,0.8881269495469625,0.11187305045303753,0.9777633289576145,0.14557274875961493,10,0.025,0.15,0.9414758694855283,1.0,0.956532155584363,0.9450350732254938,0.940321325359747,0.9279612181939383,0.9237317451249307,0.9201991214933741,0.9172495628632159,0.9031234847727688,0.899047097614172,0.9046861956205672
3,2,2.014491537997597,0.2791908713692946,4820,2.2597572803497314,0.19398340248962656,964,2.258114700075946,0.2052,0.9716842121174425,0.08479270621159245,,,0.9599999999543328,,0.9600270667260814,0.0399729332739186,0.9779390755200751,0.14558571105726759,10,0.025,0.15,0.9297590441171535,0.956532155584363,1.0,0.9553392237382622,0.9471930274463195,0.9456755415821142,0.9383277810573964,0.9376596415733813,0.9355892427454505,0.9243843578474422,0.9214157515659535,0.9223660011730972
3,3,2.034070246219635,0.27503404448479346,4406,2.2605350017547607,0.188422247446084,881,2.258126095880436,0.2054,0.9785197958911969,0.08423314671789155,,,0.9344465422511989,,0.9344787179614135,0.06552128203858654,0.9778812417201448,0.1455834803187133,10,0.025,0.15,0.8968704588482995,0.9450350732254938,0.9553392237382622,1.0,0.9515409456672117,0.9568839895768435,0.9566676273578473,0.954048766637363,0.9503193084104875,0.9418366617934276,0.9412344625603035,0.9424503964133877
3,4,2.047843420866764,0.2750243190661479,4112,2.260697569165911,0.18613138686131386,822,2.25812455672252,0.2054,0.9765320708522012,0.08421141984133503,,,0.933454338870936,,0.9335049759865327,0.0664950240134673,0.9778897814931515,0.14558336322403584,10,0.025,0.15,0.8932407154639243,0.940321325359747,0.9471930274463195,0.9515409456672117,1.0,0.9515931951717325,0.9506189885051046,0.9491881705049967,0.9508585271119513,0.9418188286234426,0.942730082672588,0.9500198962609725
3,5,2.058578066672048,0.2699665723836462,3889,2.255110536302839,0.23393316195372751,778,2.258134226255779,0.2055,0.9817483455731855,0.08419629911451264,,,0.9327638191716972,,0.9328035516825931,0.0671964483174069,0.9778619406708049,0.14558324617325039,10,0.025,0.15,0.8742824515106462,0.9279612181939383,0.9456755415821142,0.9568839895768435,0.9515931951717325,1.0,0.964079075540102,0.9660377405898931,0.9647760741539425,0.9562101056386689,0.9610901657975583,0.9602062578836706
3,6,2.0654131112427545,0.25397466990029643,3711,2.257296880086263,0.1967654986522911,742,2.258153381226938,0.2062,0.9812291770689631,0.08340698416628767,,,0.8967180968294375,,0.8967503424601013,0.10324965753989868,0.9777132863283353,0.14557559977776216,10,0.025,0.15,0.8676830005822737,0.9237317451249307,0.9383277810573964,0.9566676273578473,0.9506189885051046,0.964079075540102,1.0,0.9653567232352248,0.9669613020610934,0.9614230049062418,0.962229628421095,0.9659816985126156
3,7,2.067896152819906,0.2660213243546577,3564,2.2597259680430093,0.23562412342215988,713,2.2581289780290823,0.2054,0.9794038188752057,0.08419948699358369,,,0.9329094003546132,,0.932943836543381,0.06705616345661902,0.9778753537764096,0.14558324656286814,10,0.025,0.15,0.8585119398249484,0.9201991214933741,0.9376596415733813,0.954048766637363,0.9491881705049967,0.9660377405898931,0.9653567232352248,1.0,0.9653350599951634,0.9567040328051925,0.9622387244967227,0.9654257276976254
3,8,2.07965055041843,0.25387968613775064,3441,2.256823420524597,0.2136627906976744,688,2.2581339003164556,0.2055,0.9797273746507864,0.08392997407991966,,,0.9206015279705491,,0.9206400290472182,0.0793599709527818,0.97782836736468,0.14558119933893982,10,0.025,0.15,0.8609450216821315,0.9172495628632159,0.9355892427454505,0.9503193084104875,0.9508585271119513,0.9647760741539425,0.9669613020610934,0.9653350599951634,1.0,0.9594231203703882,0.9650412004662066,0.9684691358631202
3,9,2.088134910883727,0.25041991601679664,3334,2.2606122493743896,0.1874062968515742,667,2.2581330009653597,0.2054,0.9717798415608639,0.0836438091741189,,,0.9075332074455296,,0.9075852849433084,0.09241471505669163,0.9778041265090205,0.14557853726395992,10,0.025,0.15,0.8472522151853675,0.9031234847727688,0.9243843578474422,0.9418366617934276,0.9418188286234426,0.9562101056386689,0.9614230049062418,0.9567040328051925,0.9594231203703882,1.0,0.9603771599941099,0.9596059207643555
3,10,2.090149673131796,0.2564949089787103,3241,2.2541565895080566,0.2222222222222222,648,2.2581743771516822,0.2062,0.9726532965957259,0.08269072820413687,,,0.8640087662944768,,0.8640392137446156,0.13596078625538444,0.9775187771225075,0.14556132279452733,10,0.025,0.15,0.8391881165843275,0.899047097614172,0.9214157515659535,0.9412344625603035,0.942730082672588,0.9610901657975583,0.962229628421095,0.9622387244967227,0.9650412004662066,0.9603771599941099,1.0,0.9679100681715437
3,11,2.0703335065841673,0.2645457423235201,3159,2.255928802490234,0.20569620253164558,632,2.2581324034099337,0.2062,0.9752733060007607,0.08347284178844254,,,0.899725623251754,,0.8997540888910894,0.10024591110891057,0.9777628700203663,0.1455763103791358,10,0.025,0.15,0.8457260516217583,0.9046861956205672,0.9223660011730972,0.9424503964133877,0.9500198962609725,0.9602062578836706,0.9659816985126156,0.9654257276976254,0.9684691358631202,0.9596059207643555,0.9679100681715437,1.0
4,0,1.901620348294576,0.3174141709276844,6845,2.2311198061162774,0.24908692476260044,1369,2.2327518795110004,0.2391,0.9226128094981293,0.07854192489931283,,,0.65,,0.6500140284860788,0.3499859715139212,0.9839200313334581,0.14477338417800548,10,0.025,0.15,1.0,0.938986325087105,0.931248448425335,0.9052708076988142,0.8948859573664157,0.8851343523744639,0.8745421323144204,0.8669280459306898,0.8711744693613944,0.854057881886065,0.8491206052991046,0.8559388365243661
4,1,1.9293856970099517,0.30839722526469515,5478,2.230626927481757,0.23175182481751824,1096,2.232107500486736,0.2389,0.9588986479952734,0.0829625871269267,,,0.8889141968718652,,0.8889521546104207,0.11104784538957935,0.9861955789096845,0.14523659396183794,10,0.025,0.15,0.938986325087105,1.0,0.949113907838613,0.942872840631948,0.9356501147051287,0.9250860873034863,0.919821210714473,0.917097808477318,0.9166432553076606,0.8993808286475128,0.896976165155558,0.9011607228163854
4,2,1.9566693607129548,0.30008298755186724,4820,2.2354275286197662,0.23236514522821577,964,2.232080006901222,0.2393,0.9692526792552159,0.08427789751318124,,,0.959999999945955,,0.9600270667260814,0.0399729332739186,0.9863299418707093,0.14525002584945337,10,0.025,0.15,0.931248448425335,0.949113907838613,1.0,0.9489327698611201,0.9419424087221546,0.9387044786949975,0.9307132449104802,0.9337277699163303,0.9341378347124362,0.9199634507940516,0.9146155165736105,0.9179982113131182
4,3,1.979561037676675,0.2970948706309578,4406,2.2361434527805875,0.21793416572077184,881,2.2320949367330045,0.2392,0.9759018882392191,0.08414782416178296,,,0.9529702001821025,,0.9530210757373208,0.046978924262679245,0.9863028788269194,0.1452495954441451,10,0.025,0.15,0.9052708076988142,0.942872840631948,0.9489327698611201,1.0,0.9434380419477056,0.9493033473416623,0.9509691916415063,0.9470490790344217,0.9453433884768307,0.9346071117576552,0.9333297819760039,0.935617087633076
4,4,1.985366522543358,0.2961332684824903,4112,2.2354728834969655,0.21897810218978103,822,2.2320924710623826,0.2392,0.9728788640460645,0.08403560335212462,,,0.9469052390447519,,0.9469475664702679,0.0530524335297321,0.9863024022000533,0.1452491565510882,10,0.025,0.15,0.8948859573664157,0.9356501147051287,0.9419424087221546,0.9434380419477056,1.0,0.9419850015970287,0.945819059649533,0.9417047031854326,0.946719840404886,0.9331032003029727,0.934503049627164,0.9414483963141603
4,5,2.0052051132725133,0.290974543584469,3889,2.2278105531420027,0.2634961439588689,778,2.2321065679381165,0.2392,0.97724604415945,0.08416886009018484,,,0.9541070845855741,,0.9541516066742586,0.04584839332574142,0.9862959205242742,0.1452496533967602,10,0.025,0.15,0.8851343523744639,0.9250860873034863,0.9387044786949975,0.9493033473416623,0.9419850015970287,1.0,0.9537137667864037,0.9555367550395865,0.9587041901298614,0.9419568420717278,0.9518493998112779,0.9491894006448275
4,6,2.006874220535673,0.27790353004580975,3711,2.2304466168085733,0.238544474393531,742,2.2321357485614244,0.2394,0.9773499749885292,0.08368242504280278,,,0.9278177567220556,,0.9278605733524781,0.07213942664752193,0.9862380839384752,0.1452468837295354,10,0.025,0.15,0.8745421323144204,0.919821210714473,0.9307132449104802,0.9509691916415063,0.945819059649533,0.9537137667864037,1.0,0.9558901562167421,0.9604151758117042,0.9502658606030364,0.9541280885100464,0.9558882527727206
4,7,2.009014580505235,0.2898989898989899,3564,2.2355927228927612,0.2664796633941094,713,2.23209875143027,0.2392,0.9753763669267088,0.08410977124545944,,,0.9509136345650158,,0.950958063078675,0.04904193692132497,0.9863000112655916,0.1452494759021914,10,0.025,0.15,0.8669280459306898,0.917097808477318,0.9337277699163303,0.9470490790344217,0.9417047031854326,0.9555367550395865,0.9558901562167421,1.0,0.955274720266753,0.9453963453118615,0.9532005320128015,0.956577300146322
4,8,2.0215149058236017,0.2738157512351061,3441,2.2301557858784995,0.25290697674418605,688,2.23210623596288,0.2392,0.9781114713004153,0.08403185173685153,,,0.9467024834158906,,0.9467495172550379,0.053250482744962135,0.9862829103100783,0.14524915608672642,10,0.025,0.15,0.8711744693613944,0.9166432553076606,0.9341378347124362,0.9453433884768307,0.946719840404886,0.9587041901298614,0.9604151758117042,0.955274720266753,1.0,0.950552472925018,0.9595249626501278,0.962032549111997
4,9,2.0307312930071797,0.27618476304739054,3334,2.2335927883783975,0.2098950524737631,667,2.232105903987643,0.2393,0.9675687243391561,0.08350991888193811,,,0.9184946805048804,,0.9185440081860342,0.08145599181396579,0.9862557843914272,0.145245278924865,10,0.025,0.15,0.854057881886065,0.8993808286475128,0.9199634507940516,0.9346071117576552,0.9331032003029727,0.9419568420717278,0.9502658606030364,0.9453963453118615,0.950552472925018,1.0,0.9564130256584172,0.9521551946141739
4,10,2.030556677396481,0.27318728787411295,3241,2.2273913621902466,0.2345679012345679,648,2.2321734881099267,0.2394,0.9697167578332785,0.08298861885856651,,,0.8903210789039419,,0.8903550032182997,0.10964499678170025,0.9861531543380238,0.1452372148831064,10,0.025,0.15,0.8491206052991046,0.896976165155558,0.9146155165736105,0.9333297819760039,0.934503049627164,0.9518493998112779,0.9541280885100464,0.9532005320128015,0.9595249626501278,0.9564130256584172,1.0,0.9591605640231763
4,11,2.0043326411247255,0.28847736625514403,3159,2.22975435256958,0.2563291139240506,632,2.23210560520993,0.2394,0.9718212787549362,0.08354271709086826,,,0.9202672560471679,,0.9203181990724695,0.07968180092753052,0.9862298793181838,0.14524560748593301,10,0.025,0.15,0.8559388365243661,0.9011607228163854,0.9179982113131182,0.935617087633076,0.9414483963141603,0.9491894006448275,0.9558882527727206,0.956577300146322,0.962032549111997,0.9521551946141739,0.9591605640231763,1.0
5,0,1.8568286882506477,0.33284149013878744,6845,2.199324304407293,0.2680788897005113,1369,2.202107942557033,0.2664,0.9307841630704913,0.07920565453825265,,,0.65,,0.6500140284860788,0.3499859715139212,0.9870965616649238,0.1444336070847749,10,0.025,0.15,1.0,0.9379688970355534,0.9292636681550985,0.9102622922081733,0.9010587331854071,0.8904964799482136,0.882672400196841,0.8789664138882374,0.8788264289145021,0.8583505140121954,0.8631893563664033,0.8671401995246514
5,1,1.8826066460720328,0.3265060240963855,5478,2.1991695827907987,0.26094890510948904,1096,2.2010358134402503,0.2691,0.9590536353001485,0.08287527618069315,,,0.8819853852534043,,0.8820286841280058,0.11797131587199416,0.9890379794313455,0.14491540563048988,10,0.025,0.15,0.9379688970355534,1.0,0.9430985464169336,0.9401961569975297,0.9309677994821054,0.9218965347241812,0.9181871787947885,0.9171715062193997,0.916545750216257,0.8924528660182597,0.8996398933553953,0.9027074932795379
5,2,1.9100439024598974,0.31464730290456433,4820,2.2064546942710876,0.2603734439834025,964,2.2009929282755794,0.2691,0.96937742639147,0.08402964259126551,,,0.9549618832615527,,0.9550098199402551,0.044990180059744866,0.9891844330842611,0.1449323283941749,10,0.025,0.15,0.9292636681550985,0.9430985464169336,1.0,0.944484287252315,0.9386867907261687,0.9379538961243135,0.9280124937581393,0.9356199148828495,0.9318370338315146,0.9154439695681744,0.9162724613572637,0.9178350148520711
5,3,1.9343101259640285,0.31189287335451654,4406,2.20676098551069,0.2395005675368899,881,2.201012701927861,0.2691,0.9710074174639505,0.08400213882591738,,,0.953223155888024,,0.9532686372563582,0.04673136274364176,0.9891771685852405,0.14493219023130732,10,0.025,0.15,0.9102622922081733,0.9401961569975297,0.944484287252315,1.0,0.9349616605344889,0.9392227142362355,0.9411947888067451,0.9394524398260252,0.9370387359496597,0.9162487034165832,0.9265341931283153,0.9266951952837502
5,4,1.9439522941907248,0.31325389105058365,4112,2.205531563077654,0.24939172749391728,822,2.201009004930907,0.2693,0.9709664598117269,0.08393110280716717,,,0.9487324154841509,,0.9487712696605106,0.05122873033948938,0.9891729269804865,0.14493179214584237,10,0.025,0.15,0.9010587331854071,0.9309677994821054,0.9386867907261687,0.9349616605344889,1.0,0.93775632983002,0.9418926941066111,0.938080679422926,0.9411332238813379,0.9240670923774603,0.9309697381345097,0.9357937553583965
5,5,1.9579139167262662,0.30552841347390075,3889,2.1953928470611572,0.2969151670951157,778,2.2010293278513076,0.2692,0.9738871760506522,0.08410933718913152,,,0.9599999999367821,,0.9600270667260814,0.0399729332739186,0.9891786130192342,0.1449326841335498,10,0.025,0.15,0.8904964799482136,0.9218965347241812,0.9379538961243135,0.9392227142362355,0.93775632983002,1.0,0.9459596084882802,0.9484448363832434,0.9508833302970563,0.9266150995129085,0.9455065714661807,0.9435572812461895
5,6,1.9598086032374151,0.2943680948531393,3711,2.1984560092290244,0.26549865229110514,742,2.2010693338852896,0.2692,0.9739158804493467,0.08380816432333706,,,0.9409605157318832,,0.9410143420640029,0.05898565793599708,0.9891597559414329,0.14493091251873752,10,0.025,0.15,0.882672400196841,0.9181871787947885,0.9280124937581393,0.9411947888067451,0.9418926941066111,0.9459596084882802,1.0,0.9475660826768084,0.9529193905920212,0.9371471539249807,0.9456526193215954,0.9472887522848108
5,7,1.961711152962276,0.30224466891133556,3564,2.2066863775253296,0.28190743338008417,713,2.2010175216047068,0.2691,0.9733472463635009,0.08405498954642376,,,0.9565642618526813,,0.9566107177633641,0.04338928223663585,0.9891735238468058,0.1449324540527479,10,0.025,0.15,0.8789664138882374,0.9171715062193997,0.9356199148828495,0.9394524398260252,0.938080679422926,0.9484448363832434,0.9475660826768084,1.0,0.9468463358287929,0.9332156213675519,0.9462245964679762,0.9498183644224505
5,8,1.9691030749568232,0.29389712292938097,3441,2.198097268740336,0.2863372093023256,688,2.2010288932655433,0.2691,0.9748899654931168,0.08405702432406247,,,0.9566928960063934,,0.956734498522883,0.04326550147711705,0.9891716629622379,0.14493251315757105,10,0.025,0.15,0.8788264289145021,0.916545750216257,0.9318370338315146,0.9370387359496597,0.9411332238813379,0.9508833302970563,0.9529193905920212,0.9468463358287929,1.0,0.9378793970145827,0.9514558367351699,0.9539627667922673
5,9,1.9860086145224394,0.29367126574685065,3334,2.201067090034485,0.25487256371814093,667,2.201028322871727,0.2691,0.9586589598064174,0.08320230742053751,,,0.9026595788235994,,0.9027083230182701,0.09729167698172991,0.9891043410884399,0.1449231506688766,10,0.025,0.15,0.8583505140121954,0.8924528660182597,0.9154439695681744,0.9162487034165832,0.9240670923774603,0.9266150995129085,0.9371471539249807,0.9332156213675519,0.9378793970145827,1.0,0.9379983361726083,0.9317897749835963
5,10,1.9834306973677416,0.2889848812095032,3241,2.196094592412313,0.2854938271604938,648,2.201121073734911,0.269,0.9676164716386054,0.08317134572254083,,,0.9007022485760364,,0.9007443349672394,0.09925566503276062,0.98907252252771,0.14492241112116727,10,0.025,0.15,0.8631893563664033,0.8996398933553953,0.9162724613572637,0.9265341931283153,0.9309697381345097,0.9455065714661807,0.9456526193215954,0.9462245964679762,0.9514558367351699,0.9379983361726083,1.0,0.9516445648679924
5,11,1.9503935451507568,0.30693257359924025,3159,2.198602056503296,0.28955696202531644,632,2.201029403300225,0.2694,0.9687647814792683,0.08355301653067083,,,0.924830635121395,,0.92485682692149,0.07514317307851004,0.9891343751513767,0.14492819382079733,10,0.025,0.15,0.8671401995246514,0.9027074932795379,0.9178350148520711,0.9266951952837502,0.9357937553583965,0.9435572812461895,0.9472887522848108,0.9498183644224505,0.9539627667922673,0.9317897749835963,0.9516445648679924,1.0
6,0,1.8196565272631469,0.34720233747260776,6845,2.162944100119851,0.2885317750182615,1369,2.166813092895701,0.2924,0.936372877830605,0.07980551991372298,,,0.65,,0.6500140284860788,0.3499859715139212,0.989766091575966,0.14440655167750038,10,0.025,0.15,1.0,0.9340876085023072,0.9283810361066668,0.9132616321294672,0.9042618579591852,0.8980147349736,0.8872535250273528,0.884661031602901,0.8848252526822818,0.8748015144702114,0.8746424004527895,0.87546908658314
6,1,1.8389951772468034,0.3381343556042351,5478,2.1627405749426947,0.3029197080291971,1096,2.1651804235917105,0.2947,0.9593800813097143,0.08283686661773274,,,0.8739070206283235,,0.8739416745061148,0.12605832549388518,0.9918695636610948,0.14488181175020992,10,0.025,0.15,0.9340876085023072,1.0,0.9369890384607243,0.9366868030566563,0.9294840414399035,0.9219937087236827,0.9159732475335202,0.9162531769024151,0.9181382314637875,0.9045655218254149,0.9031266663873662,0.9047959680937568
6,2,1.8679495202867609,0.3278630705394191,4820,2.1730214655399323,0.28319502074688796,964,2.1651113003115112,0.2952,0.9695094444489247,0.08388498489270199,,,0.9513251001584664,,0.9513706656104042,0.048629334389595824,0.9920493789850898,0.1449003733602142,10,0.025,0.15,0.9283810361066668,0.9369890384607243,1.0,0.940255090199717,0.9366780575385123,0.9377413532427064,0.9251974995725918,0.9332096950414932,0.9326633543223062,0.9247899300681105,0.920883058359547,0.9210423999398464
6,3,1.8913810879843576,0.3257376305038584,4406,2.1726368835994174,0.25879682179341656,881,2.16513666925551,0.295,0.9697065841240978,0.08387434651613036,,,0.9505393084180084,,0.9505784687494843,0.04942153125051574,0.9920493352449913,0.14490031312995413,10,0.025,0.15,0.9132616321294672,0.9366868030566563,0.940255090199717,1.0,0.931833500255047,0.9351041379751376,0.938316252447122,0.934030979326108,0.9353804550215572,0.9276343997209684,0.9224598724017155,0.9243744282060223
6,4,1.8985796704436793,0.32704280155642024,4112,2.1711010932922363,0.2688564476885645,822,2.16513042812106,0.2949,0.9698977494541973,0.08383647449763258,,,0.9477419342952127,,0.9477975276856299,0.05220247231437014,0.9920404025270915,0.1449001111127341,10,0.025,0.15,0.9042618579591852,0.9294840414399035,0.9366780575385123,0.931833500255047,1.0,0.934337210659173,0.9379796800847815,0.9332534593350931,0.9386831253384833,0.9299952528582995,0.9298079993046917,0.9348195753037576
6,5,1.9165672152273117,0.31781949087168937,3889,2.15805755342756,0.3161953727506427,778,2.1651575233362896,0.2948,0.9713546169751842,0.08399480278570187,,,0.959436675518935,,0.9594741793335644,0.04052582066643562,0.992055857719963,0.14490088522466563,10,0.025,0.15,0.8980147349736,0.9219937087236827,0.9377413532427064,0.9351041379751376,0.934337210659173,1.0,0.9396848582096824,0.9421070358601229,0.9425015279606965,0.9325426366404534,0.9366495527220735,0.9367117996750386
6,6,1.9170011080544571,0.30746429533818376,3711,2.1616419156392417,0.29784366576819404,742,2.1652096826818923,0.2949,0.9715091828350552,0.08381279391344433,,,0.945992794533233,,0.9460398409004638,0.05396015909953622,0.9920283653701018,0.14489996193435806,10,0.025,0.15,0.8872535250273528,0.9159732475335202,0.9251974995725918,0.938316252447122,0.9379796800847815,0.9396848582096824,1.0,0.9392251531422889,0.9480211116940727,0.9450307702103955,0.9383376812507216,0.9438464294471447
6,7,1.9158826193639211,0.3196969696969697,3564,2.1728541056315103,0.30575035063113604,713,2.1651420019849947,0.2949,0.9698198136096434,0.08391087412943996,,,0.9532373795611064,,0.9532768893069928,0.046723110693007164,0.9920506910259742,0.1449004890688353,10,0.025,0.15,0.884661031602901,0.9162531769024151,0.9332096950414932,0.934030979326108,0.9332534593350931,0.9421070358601229,0.9392251531422889,1.0,0.940306611608496,0.9367445075682272,0.9371794314515928,0.9420401102805506
6,8,1.9266100940880952,0.3068003487358326,3441,2.161039670308431,0.3125,688,2.1651568744756,0.2949,0.9725818595028467,0.08400242930665805,,,0.959999999926136,,0.9600270667260814,0.0399729332739186,0.9920552886343147,0.14490088693627715,10,0.025,0.15,0.8848252526822818,0.9181382314637875,0.9326633543223062,0.9353804550215572,0.9386831253384833,0.9425015279606965,0.9480211116940727,0.940306611608496,1.0,0.9391997855266002,0.9428485404537026,0.9483774151224194
6,9,1.9331801145165055,0.3058488302339532,3334,2.1635433435440063,0.2908545727136432,667,2.1651590896558157,0.2951,0.9664549691362863,0.08327126743585127,,,0.9059935493037692,,0.9060421514746414,0.0939578485253586,0.9919480355575496,0.14489356981569243,10,0.025,0.15,0.8748015144702114,0.9045655218254149,0.9247899300681105,0.9276343997209684,0.9299952528582995,0.9325426366404534,0.9450307702103955,0.9367445075682272,0.9391997855266002,1.0,0.9439412268846248,0.9410808793557046
