round,client_id,client_i_training_loss,client_i_training_accuracy,client_i_training_dataset_size,client_i_evaluation_loss,client_i_evaluation_accuracy,client_i_evaluation_dataset_size,client_i_central_evaluation_loss,client_i_central_evaluation_accuracy,client_i_cosine_similarity,client_i_importance_coefficient,client_i_tanh_val,tanh_normalization_value,client_i_q,client_i_mask_order,client_i_v_nonzero_fraction,client_i_v_sparsity,client_i_v_cosine_similarity,client_i_reward_gradient_norm,local_epochs,learning_rate,gamma,client_0_cosine_similarity,client_1_cosine_similarity,client_2_cosine_similarity,client_3_cosine_similarity,client_4_cosine_similarity,client_5_cosine_similarity,client_6_cosine_similarity,client_7_cosine_similarity,client_8_cosine_similarity,client_9_cosine_similarity,client_10_cosine_similarity,client_11_cosine_similarity
0,0,1.997949142214853,0.4105429754078403,8214,2.258811595828034,0.22571219868517164,1369,2.256878069033638,0.2394,0.965090474598904,0.08130831321034043,,,0.65,,0.6500178811339539,0.34998211886604613,0,0.0987267308070997,5,0.001,0.1,1.0,0.9871123519614222,0.9720442009051836,0.9634401887597464,0.9570020550517692,0.9435554822425599,0.9347797193953623,0.9357157311909203,0.9258696378534608,0.9191189741654701,0.9171222386704212,0.9074209412288485
0,1,2.1193954709664133,0.3897779129905689,6574,2.2578603540148054,0.23357664233576642,1096,2.256818364603451,0.2397,0.9899875430312454,0.08340587679779313,,,0.9045320312246847,,0.9045534065976552,0.09544659340234485,0,0.09880896076413273,5,0.001,0.1,0.9871123519614222,1.0,0.9924278118920747,0.9886358693373998,0.9853920184157403,0.9763254464533273,0.9705209317665947,0.9716835713600888,0.9651236564974647,0.9604648052148653,0.9557983876060416,0.9501926164159745
0,2,2.1594022504532533,0.3617153726439564,5783,2.253848675758608,0.262448132780083,964,2.2568173659876134,0.2397,0.9954139311386554,0.08386304685122416,,,0.9600080239483246,,0.9600235837658635,0.0399764162341365,0,0.09880995784472704,5,0.001,0.1,0.9720442009051836,0.9924278118920747,1.0,0.9930406480877036,0.992724120338618,0.9850052534593285,0.9833827110711828,0.9836908618776085,0.9790706223426248,0.9756360463720348,0.9711880021494484,0.9672650385454974
0,3,2.177545804718891,0.3523737469264233,5287,2.255517542362213,0.24177071509648126,881,2.2568171085260165,0.2397,0.9973694476622154,0.08402779798510275,,,0.9799999998786535,,0.9800166246218381,0.01998337537816186,0,0.09881000159766148,5,0.001,0.1,0.9634401887597464,0.9886358693373998,0.9930406480877036,1.0,0.9933171757296858,0.9921498666318289,0.9888753418117778,0.990300203255941,0.9884939205565706,0.9831480477553255,0.9777201240798781,0.9756066293966981
0,4,2.1893472553068594,0.3522998986828774,4935,2.2576756110558143,0.23236009732360097,822,2.2568170955767646,0.2397,0.9973508809018815,0.08402623374630416,,,0.9798101849518943,,0.9798281478044867,0.020171852195513318,0,0.09881000153859955,5,0.001,0.1,0.9570020550517692,0.9853920184157403,0.992724120338618,0.9933171757296858,1.0,0.9911892721369125,0.9893929957713568,0.9930089329239672,0.9881789276104505,0.9876961075473194,0.9843837761658076,0.9822200846016
0,5,2.199778380785903,0.30456395971716305,4667,2.254381618499756,0.2493573264781491,778,2.2568172791514534,0.2397,0.9941262625098373,0.08375456151545646,,,0.9468437065296679,,0.9468688684625124,0.05313113153748761,0,0.09880990226679656,5,0.001,0.1,0.9435554822425599,0.9763254464533273,0.9850052534593285,0.9921498666318289,0.9911892721369125,1.0,0.9890278477734146,0.9923282591462531,0.9926002812561947,0.988507945793036,0.9858495979406227,0.9846951139076621
0,6,2.205434262071337,0.30842128901863913,4453,2.2590888937314353,0.24393530997304583,742,2.2568186418697858,0.2397,0.9916466700929705,0.08354565729127127,,,0.9214939069663335,,0.9215114874203806,0.07848851257961942,0,0.09880930723975592,5,0.001,0.1,0.9347797193953623,0.9705209317665947,0.9833827110711828,0.9888753418117778,0.9893929957713568,0.9890278477734146,1.0,0.9921771827194157,0.9929022987700893,0.9917752361301062,0.981553681612078,0.9857976259342113
0,7,2.2110700187398424,0.32476034603694176,4277,2.2544356118077817,0.2482468443197756,713,2.2568174726285113,0.2397,0.9937450162509487,0.08372244173907914,,,0.942946083605287,,0.942968848165009,0.05703115183499097,0,0.09880984356381887,5,0.001,0.1,0.9357157311909203,0.9716835713600888,0.9836908618776085,0.990300203255941,0.9930089329239672,0.9923282591462531,0.9921771827194157,1.0,0.9947180550123739,0.9945211309015148,0.9899134686437966,0.9902529241363934
0,8,2.2157707511461697,0.3239040930007266,4129,2.2560195272619072,0.23401162790697674,688,2.2568183615565682,0.2397,0.9905703196983646,0.083454975394276,,,0.9104899747968478,,0.9105121736693054,0.08948782633069463,0,0.09880913293670289,5,0.001,0.1,0.9258696378534608,0.9651236564974647,0.9790706223426248,0.9884939205565706,0.9881789276104505,0.9926002812561947,0.9929022987700893,0.9947180550123739,1.0,0.9936586272324925,0.9877471347531585,0.9913210761319073
0,9,2.2223963275788323,0.32491877030742317,4001,2.2609966482434953,0.2383808095952024,667,2.2568195437470946,0.2397,0.988025413340783,0.08324056850843535,,,0.8844724464186714,,0.8844975401358967,0.11550245986410335,0,0.09880832689314603,5,0.001,0.1,0.9191189741654701,0.9604648052148653,0.9756360463720348,0.9831480477553255,0.9876961075473194,0.988507945793036,0.9917752361301062,0.9945211309015148,0.9936586272324925,1.0,0.9904847692145694,0.9915409205523112
0,10,2.2224704750248643,0.3633324762149653,3889,2.255324159349714,0.2638888888888889,648,2.256820585781012,0.2397,0.9841767064478762,0.08291631718305228,,,0.84512567811532,,0.8451493799595983,0.15485062004040173,0,0.09880559113444529,5,0.001,0.1,0.9171222386704212,0.9557983876060416,0.9711880021494484,0.9777201240798781,0.9843837761658076,0.9858495979406227,0.981553681612078,0.9899134686437966,0.9877471347531585,0.9904847692145694,1.0,0.9896350670274011
0,11,2.2245581290301155,0.3147454497494065,3791,2.2571308970451356,0.20569620253164558,632,2.2568224832272756,0.2397,0.9820151793499196,0.0827342097776649,,,0.823027579124862,,0.8230492649404123,0.1769507350595877,0,0.09880385235680464,5,0.001,0.1,0.9074209412288485,0.9501926164159745,0.9672650385454974,0.9756066293966981,0.9822200846016,0.9846951139076621,0.9857976259342113,0.9902529241363934,0.9913210761319073,0.9915409205523112,0.9896350670274011,1.0
1,0,1.7626966846128382,0.4978573167762357,8214,2.2003790888675425,0.3798392987582177,1369,2.198653853358552,0.3854,0.9795296513289434,0.08160706925887236,,,0.65,,0.6500178811339539,0.34998211886604613,0.9658419179203921,0.0993259801346044,5,0.001,0.1,1.0,0.9937532035650763,0.9873953816515579,0.9833883331974463,0.979130008607491,0.9735387535396473,0.9698397525918958,0.9685453608887362,0.9645776264092771,0.9589988336336938,0.9572005995818043,0.9534950596477214
1,1,1.9162791652586855,0.48348037724368725,6574,2.198101602281843,0.3704379562043796,1096,2.19842986329295,0.3853,0.9923042738984105,0.08330841014130769,,,0.895326011359736,,0.8953422062419656,0.10465779375803441,0.9666884637153675,0.0994468042703838,5,0.001,0.1,0.9937532035650763,1.0,0.9962345833110845,0.9944937794265729,0.9915963333501628,0.9885102695472952,0.9854547794913237,0.9847443228808566,0.981795664179145,0.9774522299923041,0.9753147797074844,0.9725871691812081
1,2,1.9848359366148216,0.44616980805810136,5783,2.196046598495976,0.4107883817427386,964,2.198428362703171,0.3853,0.9964721279989709,0.08372395021658541,,,0.9552450965239536,,0.9552633359430124,0.04473666405698762,0.9666876852077446,0.09944937237598112,5,0.001,0.1,0.9873953816515579,0.9962345833110845,1.0,0.9964276709036962,0.9962205560043926,0.9927083143922018,0.9913406870757213,0.9910523268882784,0.988773104538124,0.9856341560232311,0.9842639236996266,0.9814372843360833
1,3,2.0171962946294304,0.46926423302439946,5287,2.1965191108839854,0.3927355278093076,881,2.198428835731726,0.3853,0.9978136896316144,0.08386851327789947,,,0.97609046595478,,0.9761069388465219,0.023893061153478112,0.9666801662009521,0.09944948542010865,5,0.001,0.1,0.9833883331974463,0.9944937794265729,0.9964276709036962,1.0,0.9962839656640092,0.995496295614853,0.9940374105248917,0.9942369105267345,0.9926372156401135,0.9885574141152214,0.9863242509436082,0.9855128073332967
1,4,2.0418692102739886,0.44,4935,2.19887545475593,0.38929440389294406,822,2.1984289233296064,0.3853,0.9986820992340322,0.08389562597508235,,,0.9799999998558042,,0.9800166246218381,0.01998337537816186,0.9666792235746917,0.0994495116404776,5,0.001,0.1,0.979130008607491,0.9915963333501628,0.9962205560043926,0.9962839656640092,1.0,0.9948117855173165,0.9954790653848917,0.9959590279080742,0.9941541110055776,0.9928626928691355,0.9913172188434596,0.9898960924990997
1,5,2.0637606628953593,0.4652667666595243,4667,2.197264699935913,0.40616966580976865,778,2.1984284647737447,0.3853,0.9971965881754719,0.08368073610636625,,,0.9490138083653163,,0.9490339354926011,0.050966064507398934,0.9666843002797041,0.09944929032198058,5,0.001,0.1,0.9735387535396473,0.9885102695472952,0.9927083143922018,0.995496295614853,0.9948117855173165,1.0,0.9940561845650211,0.9950511507905736,0.9947381783742586,0.9908722330106452,0.9903943225844387,0.9897168778821076
1,6,2.073386506012508,0.4207051426004941,4453,2.201081246137619,0.38544474393531,742,2.198429355225243,0.3853,0.9971671537353994,0.083551471002058,,,0.9303743383006504,,0.9303892287915253,0.0696107712084747,0.966682930073817,0.09944870346640229,5,0.001,0.1,0.9698397525918958,0.9854547794913237,0.9913406870757213,0.9940374105248917,0.9954790653848917,0.9940561845650211,1.0,0.9966200465128537,0.9966104293827761,0.9945712388569083,0.9890665374625434,0.9924167671145171
1,7,2.0842263743058957,0.42525134440028056,4277,2.1955356183259385,0.37727910238429174,713,2.198428637684344,0.3853,0.9978412551171617,0.08368184788661116,,,0.9491741222776003,,0.9491934158765138,0.050806584123486154,0.9666864066231404,0.09944929035885519,5,0.001,0.1,0.9685453608887362,0.9847443228808566,0.9910523268882784,0.9942369105267345,0.9959590279080742,0.9950511507905736,0.9966200465128537,1.0,0.9972917760953945,0.996152051892809,0.9934673074989989,0.994407548312553
1,8,2.0962364647938654,0.4327440058125454,4129,2.1970610293475064,0.375,688,2.198428892860778,0.3853,0.9966647674661351,0.08347953131101093,,,0.9200009453814346,,0.9200181710982882,0.0799818289017118,0.9666847171141012,0.09944844407664058,5,0.001,0.1,0.9645776264092771,0.981795664179145,0.988773104538124,0.9926372156401135,0.9941541110055776,0.9947381783742586,0.9966104293827761,0.9972917760953945,1.0,0.9957038324450984,0.9920615524882251,0.9951009311523585
1,9,2.107196277096158,0.430142464383904,4001,2.2026242869240895,0.3733133433283358,667,2.19843120163622,0.3853,0.9946361102235534,0.0832822565320886,,,0.8915547738031583,,0.8915775026338427,0.10842249736615728,0.9666900432545008,0.09944675996760519,5,0.001,0.1,0.9589988336336938,0.9774522299923041,0.9856341560232311,0.9885574141152214,0.9928626928691355,0.9908722330106452,0.9945712388569083,0.996152051892809,0.9957038324450984,1.0,0.9930379035819161,0.995372814951659
1,10,2.1084425189456,0.42273077912059653,3889,2.197617144811721,0.4074074074074074,648,2.1984367736231403,0.3853,0.9926704467666619,0.08301954931539818,,,0.8536735271397474,,0.8536888296072916,0.14631117039270836,0.9666940385181991,0.09944139116368927,5,0.001,0.1,0.9572005995818043,0.9753147797074844,0.9842639236996266,0.9863242509436082,0.9913172188434596,0.9903943225844387,0.9890665374625434,0.9934673074989989,0.9920615524882251,0.9930379035819161,1.0,0.9933540926741863
1,11,2.115009218504449,0.4087575837509892,3791,2.198788070678711,0.3512658227848101,632,2.1984403125775125,0.3852,0.9924645546959849,0.08290103897671958,,,0.8365848478556194,,0.8366002648340921,0.1633997351659079,0.9667040074102842,0.0994389580480278,5,0.001,0.1,0.9534950596477214,0.9725871691812081,0.9814372843360833,0.9855128073332967,0.9898960924990997,0.9897168778821076,0.9924167671145171,0.994407548312553,0.9951009311523585,0.995372814951659,0.9933540926741863,1.0
2,0,1.575014025831037,0.5580715850986121,8214,2.1281760127045386,0.49013878743608474,1369,2.1269595790594913,0.4888,0.9860729178110537,0.08194493157679104,,,0.65,,0.6500178811339539,0.34998211886604613,0.9873256843369563,0.09947571724672795,5,0.001,0.1,1.0,0.9947274102649015,0.9911498972290108,0.9880672660341576,0.9857770297044623,0.9817025245904104,0.9800658574355612,0.9784253879149258,0.976624766524425,0.973132756406694,0.9693386641650609,0.9699793972639993
2,1,1.7239578438615335,0.5435047155460907,6574,2.1245177609579904,0.4771897810218978,1096,2.126442801838104,0.4896,0.9953025035323602,0.08328736516561552,,,0.8932711698605951,,0.8932931249456317,0.10670687505436827,0.9877825074962787,0.09962188455884886,5,0.001,0.1,0.9947274102649015,1.0,0.997529334298738,0.9962513422734911,0.9946390320528383,0.9926378489635733,0.9911262221825992,0.9902488934010498,0.9888634449162176,0.9863764222543172,0.9829847924688402,0.9836839950220364
2,2,1.7991327376655453,0.5114992218571676,5783,2.1240546780247844,0.5072614107883817,964,2.12643807459944,0.4894,0.9978007787225392,0.08362312768961964,,,0.954116892650766,,0.9541421405167164,0.04585785948328358,0.9877969326482429,0.09962672353641992,5,0.001,0.1,0.9911498972290108,0.997529334298738,1.0,0.9975490224535003,0.9973092465797794,0.9953327637552819,0.9945759680385108,0.9940903217324397,0.992584466620459,0.9910136698910872,0.9889686380624189,0.9887289682817457
2,3,1.83444480436394,0.5364857196898052,5287,2.124284531388964,0.5017026106696936,881,2.1264392613602903,0.4894,0.998438208706593,0.08373245172919941,,,0.9739282168189461,,0.9739467045553397,0.026053295444660285,0.9877974598823094,0.09962731527831754,5,0.001,0.1,0.9880672660341576,0.9962513422734911,0.9975490224535003,1.0,0.9973625097332022,0.996899288009377,0.9959546813420891,0.9959227947219472,0.9951531240005511,0.9924929692026008,0.9899660161640108,0.9907579829551161
2,4,1.8655186751581008,0.5068287740628166,4935,2.126514645723196,0.4829683698296837,822,2.1264389383907134,0.4894,0.9989602364847658,0.08376595740703088,,,0.9799999998187834,,0.9800166246218381,0.01998337537816186,0.9878003427003298,0.09962745964385065,5,0.001,0.1,0.9857770297044623,0.9946390320528383,0.9973092465797794,0.9973625097332022,1.0,0.9966811978736827,0.9967768088397826,0.9970678710887586,0.9957990839399447,0.9947988285833689,0.992969163937874,0.9934088774712848
2,5,1.8973888865888935,0.5392757660167131,4667,2.126931734085083,0.5051413881748072,778,2.126438375479116,0.4895,0.9981711712181579,0.0836085686437433,,,0.9514785527344554,,0.9514986323348895,0.048501367665110484,0.9877977324940033,0.09962672063908033,5,0.001,0.1,0.9817025245904104,0.9926378489635733,0.9953327637552819,0.996899288009377,0.9966811978736827,1.0,0.9963182766121845,0.9963849062670378,0.9961487215098003,0.994016992694414,0.9932608331881164,0.9937142188621776
2,6,1.9098192385264805,0.5017740848865934,4453,2.1293486456076303,0.5040431266846361,742,2.126439879877499,0.4895,0.9980120198311356,0.08352408515371038,,,0.9361687470015603,,0.9361788500014498,0.06382114999855015,0.9877918811396219,0.09962568789632364,5,0.001,0.1,0.9800658574355612,0.9911262221825992,0.9945759680385108,0.9959546813420891,0.9967768088397826,0.9963182766121845,1.0,0.997210128661926,0.9972650553052784,0.9954115407036718,0.9916791185750111,0.9947865859463422
2,7,1.925016560127486,0.5033902267944821,4277,2.1230919464774756,0.47545582047685836,713,2.126438485166897,0.4895,0.998430478718745,0.0836176279594518,,,0.9531202505799863,,0.9531369308241753,0.04686306917582472,0.9877977341603867,0.09962672237484886,5,0.001,0.1,0.9784253879149258,0.9902488934010498,0.9940903217324397,0.9959227947219472,0.9970678710887586,0.9963849062670378,0.997210128661926,1.0,0.9976598154566728,0.9975892713360113,0.9950540857084544,0.9965034597992626
2,8,1.9403470358481774,0.508113344635505,4129,2.124581521207636,0.4898255813953488,688,2.126439988803559,0.4895,0.9975712559530976,0.08346569017162277,,,0.9255866104067207,,0.9256048172741419,0.0743951827258581,0.9877897736242162,0.09962524534554279,5,0.001,0.1,0.976624766524425,0.9888634449162176,0.992584466620459,0.9951531240005511,0.9957990839399447,0.9961487215098003,0.9972650553052784,0.9976598154566728,1.0,0.9960241861624589,0.9931538033423849,0.9965898987231249
2,9,1.957922895938631,0.48872781804548865,4001,2.1306633949279785,0.47226386806596704,667,2.126442686818278,0.4895,0.9964789810525365,0.08330931827310141,,,0.8972494360367591,,0.8972656363267318,0.10273436367326816,0.9877901615841244,0.09962263136834151,5,0.001,0.1,0.973132756406694,0.9863764222543172,0.9910136698910872,0.9924929692026008,0.9947988285833689,0.994016992694414,0.9954115407036718,0.9975892713360113,0.9960241861624589,1.0,0.995355328748886,0.9965857461021995
2,10,1.9613290524873577,0.47071226536384675,3889,2.1256159941355386,0.4876543209876543,648,2.1264662460778085,0.4895,0.9943896161938248,0.08308057342616466,,,0.8557970863807787,,0.8558152347261286,0.14418476527387136,0.9876695292581054,0.09961483340878051,5,0.001,0.1,0.9693386641650609,0.9829847924688402,0.9889686380624189,0.9899660161640108,0.992969163937874,0.9932608331881164,0.9916791185750111,0.9950540857084544,0.9931538033423849,0.995355328748886,1.0,0.9950822201783845
2,11,1.9737966587563522,0.47132682669480347,3791,2.12747083902359,0.4651898734177215,632,2.126473845765233,0.4895,0.9953947345957318,0.08304030280394933,,,0.8484993835678478,,0.8485226317162989,0.15147736828370106,0.9876448501547714,0.09961376467357448,5,0.001,0.1,0.9699793972639993,0.9836839950220364,0.9887289682817457,0.9907579829551161,0.9934088774712848,0.9937142188621776,0.9947865859463422,0.9965034597992626,0.9965898987231249,0.9965857461021995,0.9950822201783845,1.0
3,0,1.4281358440098595,0.5976138300462625,8214,2.041108333787253,0.5420014609203798,1369,2.040535703253822,0.5374,0.9878359501630589,0.08219062852311919,,,0.65,,0.6500178811339539,0.34998211886604613,0.9946765857489779,0.09952103621367837,5,0.001,0.1,1.0,0.9948203602777205,0.991820515289764,0.9886739746322865,0.9872453835931919,0.9837842496375864,0.9829479271210846,0.9813699389470719,0.9801711350818791,0.9779138056896796,0.9731268500715735,0.9750135144072434
3,1,1.5618420382147853,0.5810769698813508,6574,2.0358350106648038,0.5301094890510949,1096,2.0395956286987937,0.5371,0.9960340361919873,0.08327919770649979,,,0.8935641654773192,,0.8935782565411121,0.10642174345888789,0.9950947878092786,0.0996780460093813,5,0.001,0.1,0.9948203602777205,1.0,0.9974150846177864,0.9962810987772096,0.9949603498567349,0.9937506571805224,0.9927463089262536,0.9917506583132103,0.9911667743307085,0.9892830971220773,0.9853484380942451,0.9872279835893826
3,2,1.6341777288452697,0.5561819125021615,5783,2.036967977400749,0.5508298755186722,964,2.0395801208270625,0.5369,0.9980780756835184,0.08355125752695196,,,0.9544367532191071,,0.954461101284542,0.04553889871545802,0.9951216108266754,0.09968405487969394,5,0.001,0.1,0.991820515289764,0.9974150846177864,1.0,0.9976541758900866,0.9972636560475912,0.9959895611882262,0.9956652961689969,0.9949168201215819,0.9939505063688269,0.9928007178231608,0.9905774208396596,0.9910705037378456
3,3,1.6644049387380302,0.5858142613958767,5287,2.037471354007721,0.5380249716231555,881,2.0395809339639097,0.5369,0.9987423771337182,0.08363980008004633,,,0.9742478900608544,,0.9742704980620717,0.025729501937928334,0.995127310302668,0.09968493200524915,5,0.001,0.1,0.9886739746322865,0.9962810987772096,0.9976541758900866,1.0,0.9975976401503548,0.997352736631019,0.9968640160150468,0.9966881953157875,0.9963876776663446,0.9944519675916267,0.9919813534508193,0.9930747153600022
3,4,1.6957321769960465,0.550435663627153,4935,2.039208458020137,0.5194647201946472,822,2.039580822371827,0.5369,0.9989017441898919,0.08366550816958954,,,0.979999999776253,,0.9800166246218381,0.01998337537816186,0.9951239301132806,0.0996851310689766,5,0.001,0.1,0.9872453835931919,0.9949603498567349,0.9972636560475912,0.9975976401503548,1.0,0.9969434296360139,0.9971296224285752,0.9972249437611892,0.9961524362877686,0.9957178170935017,0.9939559506638792,0.9947099615137284
3,5,1.7302726107100919,0.5852153417613027,4667,2.0419297218322754,0.5514138817480719,778,2.039580706971141,0.5369,0.9984313070598456,0.08355373183100294,,,0.954990371501266,,0.9550120335198771,0.04498796648012293,0.9951215936183793,0.09968405526275909,5,0.001,0.1,0.9837842496375864,0.9937506571805224,0.9959895611882262,0.997352736631019,0.9969434296360139,1.0,0.9971107163504022,0.9966613711617506,0.9969336069137082,0.995176026744601,0.9943717363190732,0.995156060535657
3,6,1.7422367238998413,0.5615540085335728,4453,2.04297869404157,0.5363881401617251,742,2.0395831505711466,0.5369,0.9984543980471572,0.08350263393023917,,,0.9435573659126641,,0.943572940528315,0.056427059471685026,0.9951193726300328,0.099683225097499,5,0.001,0.1,0.9829479271210846,0.9927463089262536,0.9956652961689969,0.9968640160150468,0.9971296224285752,0.9971107163504022,1.0,0.9977092954540532,0.9974645575317053,0.9964668656560376,0.9935559065048739,0.995832661766989
3,7,1.7579575494154176,0.553051204115034,4277,2.035837753959324,0.541374474053296,713,2.039580764861914,0.5369,0.9985507487676628,0.08356314880392468,,,0.9570973916025365,,0.9571191076830883,0.04288089231691172,0.9951215379036668,0.09968405698577204,5,0.001,0.1,0.9813699389470719,0.9917506583132103,0.9949168201215819,0.9966881953157875,0.9972249437611892,0.9966613711617506,0.9977092954540532,1.0,0.9978209018010605,0.9978652738166857,0.9954941734229782,0.9971294711853432
3,8,1.7760152051999019,0.5541293291353838,4129,2.03713659806685,0.5363372093023255,688,2.0395842699197155,0.5369,0.9980647448737578,0.08345421471234861,,,0.9327237077689028,,0.9327379399000589,0.06726206009994107,0.9951221730787616,0.09968222547121665,5,0.001,0.1,0.9801711350818791,0.9911667743307085,0.9939505063688269,0.9963876776663446,0.9961524362877686,0.9969336069137082,0.9974645575317053,0.9978209018010605,1.0,0.9969771323923095,0.9948398727653117,0.9969435596012638
3,9,1.79858418665235,0.5430642339415146,4001,2.043661128906977,0.5337331334332833,667,2.0395935050214824,0.5369,0.9972828519373435,0.08333300309876768,,,0.9056029643575243,,0.9056262746348865,0.09437372536511346,0.9950885337702543,0.09967949398460309,5,0.001,0.1,0.9779138056896796,0.9892830971220773,0.9928007178231608,0.9944519675916267,0.9957178170935017,0.995176026744601,0.9964668656560376,0.9978652738166857,0.9969771323923095,1.0,0.9955525988783163,0.9972433714416123
3,10,1.8008373225321535,0.5139110311133968,3889,2.0384531248183477,0.5385802469135802,648,2.0396410257290727,0.5371,0.9952227826125087,0.08312609744561633,,,0.8593084306597726,,0.8593189704333034,0.1406810295666966,0.9950830935898821,0.09967088770466037,5,0.001,0.1,0.9731268500715735,0.9853484380942451,0.9905774208396596,0.9919813534508193,0.9939559506638792,0.9943717363190732,0.9935559065048739,0.9954941734229782,0.9948398727653117,0.9955525988783163,1.0,0.9959766744231003
3,11,1.8177285214432148,0.5181218675811131,3791,2.041529679298401,0.5189873417721519,632,2.039648430796858,0.5372,0.9964424696906535,0.08314077817189382,,,0.862593200152578,,0.8626100656285943,0.13738993437140568,0.9951005186588413,0.09967188919621825,5,0.001,0.1,0.9750135144072434,0.9872279835893826,0.9910705037378456,0.9930747153600022,0.9947099615137284,0.995156060535657,0.995832661766989,0.9971294711853432,0.9969435596012638,0.9972433714416123,0.9959766744231003,1.0
4,0,1.3115114603988856,0.6276113951789627,8214,1.9398578128149344,0.5821767713659606,1369,1.9401651083851774,0.5658,0.9885658082261759,0.08236349723215322,,,0.65,,0.6500178811339539,0.34998211886604613,0.9968900405815784,0.0995185174482457,5,0.001,0.1,1.0,0.9949782460196329,0.992273677733363,0.9893406955271805,0.988084429822192,0.9842859628146827,0.9839674101779553,0.9820987041860472,0.9815031265272691,0.9785756208083695,0.9742921831049518,0.9766973362079209
4,1,1.429259173036779,0.608457560085184,6574,1.9328125306538173,0.5556569343065694,1096,1.9387157984054126,0.565,0.9961501049272306,0.0832764410472583,,,0.8934293359482329,,0.8934429398517316,0.10655706014826838,0.9971190259603815,0.09968136845521053,5,0.001,0.1,0.9949782460196329,1.0,0.9972985556443165,0.9960776988640854,0.9951691977742861,0.9935437337287408,0.9929048654379974,0.9916825457961105,0.9916313848877775,0.9894463281786778,0.9859621184066784,0.987971326111015
4,2,1.4955206678058561,0.5895555939823621,5783,1.9355913054558538,0.5757261410788381,964,1.9386855554276001,0.5652,0.997943931012983,0.08350132408064229,,,0.9533926399072908,,0.9534172296807493,0.04658277031925073,0.9971347109394596,0.09968809598257926,5,0.001,0.1,0.992273677733363,0.9972985556443165,1.0,0.9973534719565639,0.9968787538652221,0.9957697751676424,0.9953733814441872,0.9945243116692958,0.9940162155644723,0.9925167574582762,0.990718531176084,0.9913416715712933
4,3,1.5202718259340309,0.6140344240590127,5287,1.9365018563611167,0.5675368898978433,881,1.9386847601911892,0.5651,0.998695032540906,0.08357991600424115,,,0.9743485623375933,,0.9743671528402007,0.0256328471597993,0.9971409610856709,0.0996891352336764,5,0.001,0.1,0.9893406955271805,0.9960776988640854,0.9973534719565639,1.0,0.9974343463176282,0.9970707278950819,0.9969249119164628,0.9963249893412751,0.9964856474255841,0.9941186939770612,0.992322167261455,0.9935448957918738
4,4,1.547078198156049,0.588774062816616,4935,1.9379386351658747,0.5486618004866181,822,1.9386836252273463,0.5651,0.9988628259948447,0.08360111084009288,,,0.9799999997333577,,0.9800166246218381,0.01998337537816186,0.9971457756895781,0.09968933340366876,5,0.001,0.1,0.988084429822192,0.9951691977742861,0.9968787538652221,0.9974343463176282,1.0,0.9968097302919057,0.9970421392372568,0.9969389263495979,0.9965304343329409,0.9954261932305418,0.9938284768706056,0.9948509850014844
4,5,1.5808412302846777,0.6138418684379687,4667,1.9433703804016114,0.5732647814910026,778,1.9386863007713049,0.5652,0.9982750477210274,0.08351353650869851,,,0.9566489884392109,,0.9566696629647886,0.043330337035211386,0.9971347170929883,0.09968809833359765,5,0.001,0.1,0.9842859628146827,0.9935437337287408,0.9957697751676424,0.9970707278950819,0.9968097302919057,1.0,0.9969238588792811,0.9964302744169186,0.9966169276073336,0.9946664615488333,0.9947232689226159,0.9950810954136855
4,6,1.5917967131308146,0.5924994385807321,4453,1.9427498430013657,0.5606469002695418,742,1.9386899894037948,0.5652,0.9984350703988234,0.08348734886546702,,,0.949666257961807,,0.9496863552449716,0.05031364475502842,0.9971283434832424,0.09968758896617018,5,0.001,0.1,0.9839674101779553,0.9929048654379974,0.9953733814441872,0.9969249119164628,0.9970421392372568,0.9969238588792811,1.0,0.9973036230167532,0.9976189431961744,0.9960191381682663,0.9939226880234031,0.9958287983740215
4,7,1.6057695415482591,0.5891512742576572,4277,1.9348021953002266,0.5596072931276297,713,1.9386847514314012,0.5652,0.998379640314775,0.08352269320449256,,,0.9590905498362476,,0.9591101961125448,0.04088980388745522,0.9971407039822754,0.099688524796815,5,0.001,0.1,0.9820987041860472,0.9916825457961105,0.9945243116692958,0.9963249893412751,0.9969389263495979,0.9964302744169186,0.9973036230167532,1.0,0.997880101091295,0.997284027420326,0.995677722504741,0.9970059127902106
4,8,1.6240594593378215,0.592879631872124,4129,1.9358476346189326,0.5712209302325582,688,1.938693256423877,0.5652,0.9982053174804791,0.08345021638371014,,,0.9397651717978719,,0.9397889059645663,0.06021109403543368,0.9971088247503376,0.09968702762335897,5,0.001,0.1,0.9815031265272691,0.9916313848877775,0.9940162155644723,0.9964856474255841,0.9965304343329409,0.9966169276073336,0.9976189431961744,0.997880101091295,1.0,0.9966405021415808,0.9951705608921693,0.9969663632167803
4,9,1.6465422161041745,0.5702074481379655,4001,1.942439425559271,0.56071964017991,667,1.938708425329897,0.565,0.9970011240039263,0.08333694377401771,,,0.9095619153626677,,0.9095842877992674,0.09041571220073263,0.997128941871831,0.0996831843940452,5,0.001,0.1,0.9785756208083695,0.9894463281786778,0.9925167574582762,0.9941186939770612,0.9954261932305418,0.9946664615488333,0.9960191381682663,0.997284027420326,0.9966405021415808,1.0,0.9950590836506867,0.9968918955944206
4,10,1.650378435947856,0.5543327333504757,3889,1.9367807706197102,0.5570987654320988,648,1.9387820490632957,0.5651,0.9954357364098043,0.08315942006527562,,,0.862226605325893,,0.8622476102106108,0.1377523897893892,0.9971270327424951,0.09967497392741237,5,0.001,0.1,0.9742921831049518,0.9859621184066784,0.990718531176084,0.992322167261455,0.9938284768706056,0.9947232689226159,0.9939226880234031,0.995677722504741,0.9951705608921693,0.9950590836506867,1.0,0.9962196301873425
4,11,1.6678049914977129,0.5606436296491691,3791,1.9419464230537415,0.5569620253164557,632,1.9387847169900474,0.5651,0.9966470921079903,0.08320755199395069,,,0.875060608077675,,0.8750930302239491,0.12490696977605087,0.9970767384328034,0.09967943402282148,5,0.001,0.1,0.9766973362079209,0.987971326111015,0.9913416715712933,0.9935448957918738,0.9948509850014844,0.9950810954136855,0.9958287983740215,0.9970059127902106,0.9969663632167803,0.9968918955944206,0.9962196301873425,1.0
5,0,1.2148689437469156,0.6524470416362308,8214,1.8269425131553827,0.6238130021913806,1369,1.82824691796836,0.6073,0.9891255577780642,0.08248947088078572,,,0.65,,0.6500178811339539,0.34998211886604613,0.9971785469092994,0.09950709298994471,5,0.001,0.1,1.0,0.994818822180746,0.9927341505460917,0.9892670516935785,0.9885597903183458,0.9848096725304951,0.9842401548637899,0.982754428323356,0.9815778563315672,0.9798935480419851,0.9756894761586918,0.9777292391178973
5,1,1.3190410395270413,0.6292972315181016,6574,1.8178496156420028,0.5958029197080292,1096,1.8262384878560758,0.6066,0.9961668823389029,0.08327712425631999,,,0.8938680610255957,,0.8938827190922183,0.10611728090778172,0.9974852715562894,0.0996750544772849,5,0.001,0.1,0.994818822180746,1.0,0.9971756063324569,0.995799815674187,0.9947877009662602,0.9935007336349562,0.9926070220230165,0.9917562138349014,0.9913105291090961,0.9900503377048074,0.986351193413254,0.988008665484267
5,2,1.379111842094864,0.6161162026629777,5783,1.822182620725324,0.6068464730290456,964,1.8261923287242365,0.6069,0.997850709245238,0.08346950914257216,,,0.953433004994919,,0.9534558915920008,0.04654410840799916,0.9975035956696615,0.09968224028325597,5,0.001,0.1,0.9927341505460917,0.9971756063324569,1.0,0.9970497253268423,0.9965879597001878,0.9956533647133657,0.9950720627634411,0.9943325496139592,0.9937012909600685,0.9923839798996519,0.9906775121438751,0.9908939269522042
5,3,1.3966161248195603,0.6380934367316058,5287,1.8237969407013483,0.6118047673098751,881,1.8261900869802163,0.607,0.9985053942729136,0.08353888248591196,,,0.9749119235809838,,0.9749277505533486,0.02507224944665143,0.9975035803941453,0.09968320976895977,5,0.001,0.1,0.9892670516935785,0.995799815674187,0.9970497253268423,1.0,0.9968530668376605,0.9966975836457456,0.9964407248204957,0.9960318880249032,0.9961070813640361,0.9943613514080161,0.9923483415206527,0.9930866251261247
5,4,1.4209544379480423,0.6169807497467072,4935,1.8252918124198914,0.5961070559610706,822,1.8261878947480419,0.607,0.9986115094112177,0.08355531612755282,,,0.9799999996903865,,0.9800166246218381,0.01998337537816186,0.9975035698048985,0.0996833880127375,5,0.001,0.1,0.9885597903183458,0.9947877009662602,0.9965879597001878,0.9968530668376605,1.0,0.9962281143819016,0.9964530472069113,0.9965104268625876,0.9958028404839928,0.995557192119848,0.993541279624358,0.994427191425956
5,5,1.451006846231957,0.6402399828583673,4667,1.8337777662277222,0.6105398457583547,778,1.8261933105822188,0.6069,0.9981443204236219,0.08348648636466784,,,0.9586893809118828,,0.9587090787833097,0.04129092121669031,0.9975002328662419,0.0996825852202408,5,0.001,0.1,0.9848096725304951,0.9935007336349562,0.9956533647133657,0.9966975836457456,0.9962281143819016,1.0,0.9964888992852066,0.9960616585135177,0.9964748028061198,0.9948391925710522,0.9946675164835871,0.9942624707927088
5,6,1.4564331724814006,0.6173366269930384,4453,1.8311106910308201,0.6078167115902965,742,1.826197924705359,0.6069,0.998126060208995,0.08346982636698648,,,0.9535312219330204,,0.9535525463701298,0.04644745362987024,0.9974974670872566,0.0996822402952083,5,0.001,0.1,0.9842401548637899,0.9926070220230165,0.9950720627634411,0.9964407248204957,0.9964530472069113,0.9964888992852066,1.0,0.9966885985148276,0.9968861936947377,0.9955052557805424,0.9938454592537883,0.9952309517863289
5,7,1.4713692307472228,0.6168342296001871,4277,1.8221840081007585,0.5974754558204769,713,1.8261916725018534,0.6069,0.998245769089141,0.0834953819993053,,,0.9614435888388895,,0.9614637399599849,0.03853626004001509,0.9974959795581653,0.09968258683175953,5,0.001,0.1,0.982754428323356,0.9917562138349014,0.9943325496139592,0.9960318880249032,0.9965104268625876,0.9960616585135177,0.9966885985148276,1.0,0.9976782206414901,0.9972425051656837,0.9953007084120025,0.9965210955300924
5,8,1.4873454378201412,0.626495519496246,4129,1.8231148340485313,0.6119186046511628,688,1.8262030743181514,0.6069,0.9979666774330532,0.08344189205081907,,,0.9448823825686233,,0.9449067764664946,0.05509322353350543,0.9974973111894476,0.09968170711548141,5,0.001,0.1,0.9815778563315672,0.9913105291090961,0.9937012909600685,0.9961070813640361,0.9958028404839928,0.9964748028061198,0.9968861936947377,0.9976782206414901,1.0,0.9966088307188378,0.9951337466393956,0.9962477509926715
5,9,1.512373618947135,0.6040989752561859,4001,1.8293550468626476,0.6131934032983508,667,1.8262246854769917,0.6068,0.9972032900235293,0.08334772581557318,,,0.9157272517499169,,0.9157508626438948,0.08424913735610517,0.9974959584950649,0.09967763924996657,5,0.001,0.1,0.9798935480419851,0.9900503377048074,0.9923839798996519,0.9943613514080161,0.995557192119848,0.9948391925710522,0.9955052557805424,0.9972425051656837,0.9966088307188378,1.0,0.9950164356965956,0.9969394866192318
5,10,1.516606937568696,0.5893031627667781,3889,1.8231107110068911,0.6049382716049383,648,1.8263296646812854,0.6066,0.9955345739516317,0.08318489136235105,,,0.865311518625549,,0.8653260648940181,0.1346739351059819,0.9974545901862163,0.09966854697801775,5,0.001,0.1,0.9756894761586918,0.986351193413254,0.9906775121438751,0.9923483415206527,0.993541279624358,0.9946675164835871,0.9938454592537883,0.9953007084120025,0.9951337466393956,0.9950164356965956,1.0,0.9958485247314527
5,11,1.5310349027649695,0.5963597995251912,3791,1.8311946094036102,0.5965189873417721,632,1.826319402780015,0.6066,0.996434490800509,0.08324349314715454,,,0.883455418057165,,0.8834778322266361,0.11652216777336388,0.9974924614556715,0.09967413959255213,5,0.001,0.1,0.9777292391178973,0.988008665484267,0.9908939269522042,0.9930866251261247,0.994427191425956,0.9942624707927088,0.9952309517863289,0.9965210955300924,0.9962477509926715,0.9969394866192318,0.9958485247314527,1.0
6,0,1.1347224328304544,0.6692476260043828,8214,1.7048877477645874,0.6530314097881665,1369,1.707374583417996,0.6388,0.9894472885139496,0.08258211735833085,,,0.98,,0.9800166246218381,0.01998337537816186,0.996009642455627,0.09966775500661464,5,0.001,0.1,1.0,0.994532990182803,0.9929108838512155,0.9889024752149975,0.9886966400763503,0.9849804361299151,0.9839382065240695,0.9832689618835112,0.9809850137456511,0.9812298465154722,0.9762273796137668,0.9783820873004471
6,1,1.2256858317018713,0.6484940675387891,6574,1.693985836846488,0.635036496350365,1096,1.705176569021548,0.6391,0.9960040167305,0.08327727566768085,,,0.98,,0.9800166246218381,0.01998337537816186,0.9977551767821148,0.09966775500661464,5,0.001,0.1,0.994532990182803,1.0,0.9968169683395697,0.9952153041395332,0.9943657692906895,0.9931309916391322,0.9917928379777804,0.9915956751251502,0.990166753109223,0.9901409840602494,0.9865109434335907,0.9880876909317446
6,2,1.2792869316280218,0.6398063288950372,5783,1.6997887357588737,0.6441908713692946,964,1.7051201422755329,0.6392,0.9975428301709625,0.08344504428401245,,,0.98,,0.9800166246218381,0.01998337537816186,0.9978301341498895,0.09966775500661464,5,0.001,0.1,0.9929108838512155,0.9968169683395697,1.0,0.9963779033629901,0.9960084888566686,0.9950873383842348,0.9941035615293434,0.9938236411717946,0.9925404422169819,0.9921051618033291,0.9902741528322807,0.9906761409734023
6,3,1.2910641088543169,0.6579534707773784,5287,1.70226446219853,0.6469920544835415,881,1.705116643692358,0.6391,0.9982968303524846,0.0835119722474665,,,0.98,,0.9800166246218381,0.01998337537816186,0.9978395494800567,0.09966775500661464,5,0.001,0.1,0.9889024752149975,0.9952153041395332,0.9963779033629901,1.0,0.9962984719033814,0.9963050217111338,0.9957924286273495,0.9955727266805471,0.9956091958135929,0.9940030631425565,0.9925403992178606,0.9930740835207372
6,4,1.3105179435206997,0.6349341438703141,4935,1.7041842020474947,0.6240875912408759,822,1.705114005091853,0.6391,0.9983564257754004,0.08352398238648827,,,0.98,,0.9800166246218381,0.01998337537816186,0.99784098573963,0.09966775500661464,5,0.001,0.1,0.9886966400763503,0.9943657692906895,0.9960084888566686,0.9962984719033814,1.0,0.9958096816681062,0.9957710483953296,0.9961590852043997,0.9949847328906825,0.9950551212877674,0.9932013537221516,0.9940533370683554
6,5,1.338756346457625,0.6549817870152131,4667,1.7161533403396607,0.6246786632390745,778,1.7051211210866324,0.6392,0.9979248649039015,0.08346780270156398,,,0.98,,0.9800166246218381,0.01998337537816186,0.9978337384325497,0.09966775500661464,5,0.001,0.1,0.9849804361299151,0.9931309916391322,0.9950873383842348,0.9963050217111338,0.9958096816681062,1.0,0.9959811239093858,0.9953741787763983,0.9954928762949908,0.994125878971428,0.9946204673110758,0.9943041661231773
6,6,1.3426545128652028,0.6416348529081518,4453,1.7110838790734608,0.6307277628032345,742,1.7051276981640167,0.6392,0.9977533454947805,0.08345203854028586,,,0.98,,0.9800166246218381,0.01998337537816186,0.9978301343070632,0.09966775500661464,5,0.001,0.1,0.9839382065240695,0.9917928379777804,0.9941035615293434,0.9957924286273495,0.9957710483953296,0.9959811239093858,1.0,0.9958936677183462,0.9962650506576215,0.9949865648445463,0.9937549815376747,0.9948705167545867
6,7,1.3543511475200083,0.6413841477671265,4277,1.7012891095617544,0.6157082748948106,713,1.7051194460628132,0.6392,0.9981083826573396,0.08347918946314092,,,0.98,,0.9800166246218381,0.01998337537816186,0.9978337481010697,0.09966775500661464,5,0.001,0.1,0.9832689618835112,0.9915956751251502,0.9938236411717946,0.9955727266805471,0.9961590852043997,0.9953741787763983,0.9958936677183462,1.0,0.9969551684995797,0.9969851945960202,0.9951326251606768,0.9966313822139641
6,8,1.3667943091575916,0.6504238314361831,4129,1.702168963172219,0.6453488372093024,688,1.7051341076628468,0.6391,0.997520329383964,0.08342736907453446,,,0.98,,0.9800166246218381,0.01998337537816186,0.9978247548538689,0.09966775500661464,5,0.001,0.1,0.9809850137456511,0.990166753109223,0.9925404422169819,0.9956091958135929,0.9949847328906825,0.9954928762949908,0.9962650506576215,0.9969551684995797,1.0,0.9956788053106946,0.9953580384698235,0.9963054700110445
6,9,1.3953364880785109,0.6250437390652337,4001,1.7073024624869937,0.6506746626686657,667,1.7051600872899015,0.6393,0.9970089766211592,0.08335306329805199,,,0.98,,0.9800166246218381,0.01998337537816186,0.9977817835943023,0.09966775500661464,5,0.001,0.1,0.9812298465154722,0.9901409840602494,0.9921051618033291,0.9940030631425565,0.9950551212877674,0.994125878971428,0.9949865648445463,0.9969851945960202,0.9956788053106946,1.0,0.9939390893800576,0.9959894904231198
6,10,1.3987135925253884,0.6167138081769092,3889,1.7005229109809512,0.6419753086419753,648,1.7052783238621185,0.6391,0.9955962027511661,0.08320750064054912,,,0.98,,0.9800166246218381,0.01998337537816186,0.9976876391631812,0.09966775500661464,5,0.001,0.1,0.9762273796137668,0.9865109434335907,0.9902741528322807,0.9925403992178606,0.9932013537221516,0.9946204673110758,0.9937549815376747,0.9951326251606768,0.9953580384698235,0.9939390893800576,1.0,0.99575793272773
