round,client_id,client_i_training_loss,client_i_training_accuracy,client_i_training_dataset_size,client_i_evaluation_loss,client_i_evaluation_accuracy,client_i_evaluation_dataset_size,client_i_central_evaluation_loss,client_i_central_evaluation_accuracy,client_i_cosine_similarity,client_i_importance_coefficient,client_i_tanh_val,tanh_normalization_value,client_i_q,client_i_mask_order,client_i_v_nonzero_fraction,client_i_v_sparsity,client_i_v_cosine_similarity,client_i_reward_gradient_norm,local_epochs,learning_rate,gamma,client_0_cosine_similarity,client_1_cosine_similarity,client_2_cosine_similarity,client_3_cosine_similarity,client_4_cosine_similarity,client_5_cosine_similarity,client_6_cosine_similarity,client_7_cosine_similarity,client_8_cosine_similarity,client_9_cosine_similarity,client_10_cosine_similarity,client_11_cosine_similarity
0,0,2.229358685458148,0.17219868517165815,6845,2.2986139167438853,0.14974433893352812,1369,2.2977006737189956,0.1585,0.8932091953240141,0.078437686882225,,,0.55,,0.5500404350481095,0.4499595649518905,0,0.14161794883805134,10,0.025,0.15,1.0,0.926721084393896,0.8717791319594944,0.8687440901318404,0.832761499322064,0.8358062086381168,0.781372270100235,0.7807807166234892,0.7799286367455627,0.769279969559708,0.7393130587461212,0.7457068301438063
0,1,2.2700529298116994,0.16644760861628333,5478,2.2984263632032604,0.1468978102189781,1096,2.297638887091528,0.1491,0.9589714998299032,0.08421264203997535,,,0.864793827878818,,0.8648314106055355,0.13516858939446452,0,0.14209524127411177,10,0.025,0.15,0.926721084393896,1.0,0.9451095556763189,0.9460420667083066,0.9011621736988636,0.9172588191943536,0.8763476228391038,0.8670698528058437,0.8802702927269632,0.8679299731876577,0.8249720366067149,0.844249292195716
0,2,2.2881582272680183,0.15649377593360997,4820,2.2972882986068726,0.13796680497925312,964,2.2976359989069683,0.1492,0.9727339919306994,0.08542120331741468,,,0.9306727170405211,,0.9307075308214091,0.06929246917859089,0,0.14210070319293247,10,0.025,0.15,0.8717791319594944,0.9451095556763189,1.0,0.953934233974576,0.9202121333936787,0.9520708051858042,0.9119892381901937,0.8949747095979922,0.9092593170251645,0.9096391314184423,0.8796893883452709,0.8973441954296025
0,3,2.2874279253823415,0.17137993645029506,4406,2.2976602826799666,0.14074914869466515,881,2.2976359445837478,0.1492,0.9767715763783757,0.08577576615255487,,,0.9499999999454898,,0.9500173293063326,0.04998267069366735,0,0.14210105455358826,10,0.025,0.15,0.8687440901318404,0.9460420667083066,0.953934233974576,1.0,0.9409556450837542,0.9452666245389099,0.9039735665181358,0.91539132915984,0.9261913673062864,0.9146415330327826,0.8940488425657537,0.8981835678535235
0,4,2.290464728528803,0.13854571984435798,4112,2.294071299689157,0.17274939172749393,822,2.29763875731939,0.1491,0.9613733736410538,0.0844235639907523,,,0.8762912207511484,,0.8763430212407783,0.12365697875922166,0,0.14209710356625577,10,0.025,0.15,0.832761499322064,0.9011621736988636,0.9202121333936787,0.9409556450837542,1.0,0.9369343517152061,0.9252306428947602,0.9397132020345458,0.8938607734664096,0.895027693399268,0.8946043321329542,0.8932334596371163
0,5,2.290726177923141,0.15086140395988687,3889,2.2975880759102956,0.14138817480719795,778,2.2976360864277128,0.1492,0.9688187439864714,0.08507738353373653,,,0.9119310397723859,,0.911983627931541,0.08801637206845903,0,0.14210019673991606,10,0.025,0.15,0.8358062086381168,0.9172588191943536,0.9520708051858042,0.9452666245389099,0.9369343517152061,1.0,0.9325936690663599,0.9243734607647839,0.8911367199042569,0.9005633674864079,0.9041009418062961,0.9162290886207516
0,6,2.294576909624297,0.16181622204257612,3711,2.297366738319397,0.14824797843665768,742,2.2976391647435443,0.1491,0.9540086172019805,0.08377682360501061,,,0.8410372878442892,,0.8410737568285719,0.15892624317142812,0,0.14209251950345272,10,0.025,0.15,0.781372270100235,0.8763476228391038,0.9119892381901937,0.9039735665181358,0.9252306428947602,0.9325936690663599,1.0,0.9524402177291643,0.9177556333378407,0.9284557038216175,0.9145166417592971,0.9200524676048419
0,7,2.2952553365911754,0.1510662177328844,3564,2.3009294271469116,0.1458625525946704,713,2.2976393428029893,0.1491,0.9528793709993478,0.0836776581905492,,,0.8356317635486414,,0.8356769157135548,0.16432308428644515,0,0.1420917559979809,10,0.025,0.15,0.7807807166234892,0.8670698528058437,0.8949747095979922,0.91539132915984,0.9397132020345458,0.9243734607647839,0.9524402177291643,1.0,0.9312590458859247,0.9113069011013311,0.9289903435485167,0.9125482222573994
0,8,2.2951218251828793,0.13281022958442312,3441,2.298865040143331,0.15261627906976744,688,2.297639804550364,0.1491,0.9472427364658943,0.08318267383870967,,,0.8086500789122568,,0.8086927101384694,0.19130728986153056,0,0.14208507238138302,10,0.025,0.15,0.7799286367455627,0.8802702927269632,0.9092593170251645,0.9261913673062864,0.8938607734664096,0.8911367199042569,0.9177556333378407,0.9312590458859247,1.0,0.9394177762463499,0.9067416495847402,0.9073097847040904
0,9,2.296050609482659,0.16241751649670066,3334,2.2999550104141235,0.1619190404797601,667,2.297642396975167,0.1492,0.942567116682803,0.08277208155814832,,,0.7862686210195601,,0.7863131488174812,0.21368685118251884,0,0.14207620766834622,10,0.025,0.15,0.769279969559708,0.8679299731876577,0.9096391314184423,0.9146415330327826,0.895027693399268,0.9005633674864079,0.9284557038216175,0.9113069011013311,0.9394177762463499,1.0,0.8935024331078569,0.9096558892635837
0,10,2.297590752748343,0.16010490589324283,3241,2.2947893142700195,0.14351851851851852,648,2.297647415837155,0.1491,0.9262468574712072,0.08133890846882344,,,0.7081461022332433,,0.7081909854598868,0.2918090145401132,0,0.14203094562080826,10,0.025,0.15,0.7393130587461212,0.8249720366067149,0.8796893883452709,0.8940488425657537,0.8946043321329542,0.9041009418062961,0.9145166417592971,0.9289903435485167,0.9067416495847402,0.8935024331078569,1.0,0.9101381981814199
0,11,2.296722668647766,0.13795504906616018,3159,2.2990822315216066,0.1629746835443038,632,2.297645270069943,0.1495,0.9326773784479805,0.08190360842210008,,,0.7389279966443838,,0.7389711343268802,0.2610288656731198,0,0.142050417355083,10,0.025,0.15,0.7457068301438063,0.844249292195716,0.8973441954296025,0.8981835678535235,0.8932334596371163,0.9162290886207516,0.9200524676048419,0.9125482222573994,0.9073097847040904,0.9096558892635837,0.9101381981814199,1.0
1,0,2.097667944872821,0.23915266617969322,6845,2.28793757612055,0.20525931336742148,1369,2.2870404810845097,0.2009,0.8924203450642493,0.07772646272889482,,,0.55,,0.5500404350481095,0.4499595649518905,0.8968274565685734,0.1451975556908218,10,0.025,0.15,1.0,0.9432956918610077,0.9169138357148333,0.8916950909353246,0.8845503773453892,0.8611909855750319,0.837135372348809,0.8250122687294454,0.834136157010302,0.8137329246161892,0.8061691046859393,0.7949904501200381
1,1,2.146895079002824,0.22555677254472437,5478,2.286935806274414,0.20164233576642335,1096,2.286871550958368,0.2007,0.9619197620603526,0.08357285587964193,,,0.8582489249508867,,0.8582792824016768,0.14172071759832316,0.8997921002116315,0.14575228275115773,10,0.025,0.15,0.9432956918610077,1.0,0.968191131408472,0.9567975847157137,0.9569787487800738,0.9458742189472897,0.9280157659892208,0.91014491131228,0.9212593447544926,0.9032302329266589,0.8930923781751863,0.8861136953151144
1,2,2.183849680110028,0.21178423236514524,4820,2.286408841609955,0.19190871369294607,964,2.286871297450005,0.2004,0.977891706607986,0.08484292898824648,,,0.925213061683011,,0.9252611774025845,0.07473882259741549,0.8996729719061244,0.14576284405671364,10,0.025,0.15,0.9169138357148333,0.968191131408472,1.0,0.9685903515663594,0.9667837187935671,0.9666828378467083,0.9483051394557716,0.9368530835390709,0.9505381573083859,0.9336698556916384,0.9261834007505723,0.9149394320111541
1,3,2.182722656726837,0.2243531547889242,4406,2.2874885627201627,0.188422247446084,881,2.2868709956543354,0.2005,0.9855667529976471,0.08531304964193336,,,0.9499999999472752,,0.9500173293063326,0.04998267069366735,0.8996617779275622,0.14576448638129033,10,0.025,0.15,0.8916950909353246,0.9567975847157137,0.9685903515663594,1.0,0.9786301048008095,0.9729736614150467,0.9642681482762272,0.9572211643440646,0.9646532326294195,0.9525312321959996,0.9445519977733616,0.9342105452099665
1,4,2.1943924723249495,0.21252431906614785,4112,2.282207591193063,0.23236009732360097,822,2.2868725921534283,0.2005,0.9861831746967067,0.08449507260809493,,,0.9068724621964162,,0.9069168688419073,0.09308313115809275,0.8997887136899739,0.14576215114266522,10,0.025,0.15,0.8845503773453892,0.9569787487800738,0.9667837187935671,0.9786301048008095,1.0,0.977280035744561,0.9659906372278848,0.9600278746556428,0.9644826780550512,0.9546128268406304,0.9473962265032264,0.9365596555620779
1,5,2.195762930377837,0.21558241193108768,3889,2.287602424621582,0.17737789203084833,778,2.286871541904498,0.2003,0.987249699216151,0.08493509598063038,,,0.930072532400382,,0.9301133831757191,0.06988661682428088,0.8996676035031773,0.14576297994673612,10,0.025,0.15,0.8611909855750319,0.9458742189472897,0.9666828378467083,0.9729736614150467,0.977280035744561,1.0,0.9757759966425295,0.9667023672302071,0.96759497207293,0.960631257252637,0.9584799015996497,0.951771251896669
1,6,2.219603015225509,0.21261115602263542,3711,2.286595582962036,0.2169811320754717,742,2.2868710047082055,0.2009,0.9847802331395962,0.08404846269615572,,,0.8833251191289938,,0.8833572642801736,0.11664273571982642,0.8998308110000013,0.14575792314630126,10,0.025,0.15,0.837135372348809,0.9280157659892208,0.9483051394557716,0.9642681482762272,0.9659906372278848,0.9757759966425295,1.0,0.9769191023428699,0.9738858456618306,0.9722526993844285,0.9684346975017655,0.965718741199375
1,7,2.2282704327787672,0.19862514029180695,3564,2.290172735850016,0.19775596072931276,713,2.2868714875812772,0.2008,0.9808205584444737,0.08385783343924923,,,0.8732742617900371,,0.8732980145566174,0.12670198544338263,0.8998212881574668,0.14575388643383783,10,0.025,0.15,0.8250122687294454,0.91014491131228,0.9368530835390709,0.9572211643440646,0.9600278746556428,0.9667023672302071,0.9769191023428699,1.0,0.9806552868774585,0.9726963739522859,0.976873849200501,0.9679419353345758
1,8,2.221173479821947,0.2063353676256902,3441,2.288918932278951,0.18895348837209303,688,2.286872688728043,0.2006,0.9844029760903615,0.08366790658797084,,,0.8632604385290426,,0.8632965291875031,0.1367034708124969,0.8998055446351634,0.14575286669213175,10,0.025,0.15,0.834136157010302,0.9212593447544926,0.9505381573083859,0.9646532326294195,0.9644826780550512,0.96759497207293,0.9738858456618306,0.9806552868774585,1.0,0.9778960152380533,0.9731966024124755,0.9643221640282972
1,9,2.233138320181105,0.18983203359328135,3334,2.289214531580607,0.19790104947526238,667,2.2868768142748483,0.2005,0.9761792483332267,0.08314516093409413,,,0.8356988665178187,,0.8357346800679969,0.1642653199320031,0.8998140817358775,0.14574889515294256,10,0.025,0.15,0.8137329246161892,0.9032302329266589,0.9336698556916384,0.9525312321959996,0.9546128268406304,0.960631257252637,0.9722526993844285,0.9726963739522859,0.9778960152380533,1.0,0.9713775621188455,0.9642410439230211
1,10,2.2467436918845545,0.19429188522061092,3241,2.2836903731028237,0.21296296296296297,648,2.286882153040246,0.2,0.9726419691593761,0.08214150219048551,,,0.7827813290279937,,0.7828225313990527,0.21717746860094733,0.8999117107540391,0.1457269670837572,10,0.025,0.15,0.8061691046859393,0.8930923781751863,0.9261834007505723,0.9445519977733616,0.9473962265032264,0.9584799015996497,0.9684346975017655,0.976873849200501,0.9731966024124755,0.9713775621188455,1.0,0.9706883737896459
1,11,2.2474325408935547,0.20788224121557455,3159,2.2892295360565185,0.1962025316455696,632,2.2868792799454702,0.2002,0.9653511686067692,0.08225366832460258,,,0.7886952471251827,,0.7887392517040485,0.21126074829595154,0.9000362331071758,0.14572893640520557,10,0.025,0.15,0.7949904501200381,0.8861136953151144,0.9149394320111541,0.9342105452099665,0.9365596555620779,0.951771251896669,0.965718741199375,0.9679419353345758,0.9643221640282972,0.9642410439230211,0.9706883737896459,1.0
2,0,2.015155423570562,0.271263696128561,6845,2.2718125039880928,0.2381300219138057,1369,2.271095456956308,0.2332,0.9074286141615354,0.07773484098394542,,,0.55,,0.5500404350481095,0.4499595649518905,0.9552006803083818,0.14525750478356,10,0.025,0.15,1.0,0.952427610687118,0.9307634640519499,0.9038723532544356,0.900359505023058,0.875281839954586,0.8625716261031198,0.851464045202041,0.8478446937501979,0.8283062301442585,0.8284471684141406,0.819344920642051
2,1,2.058536687562632,0.2559875867104783,5478,2.269881089528402,0.24543795620437955,1096,2.2706873507439336,0.235,0.9596026407914122,0.08305757938413981,,,0.8486854270514732,,0.8487234077668301,0.15127659223316992,0.9599474334609992,0.14593946758236073,10,0.025,0.15,0.952427610687118,1.0,0.9621789056036797,0.9484809306633977,0.9543023008388426,0.9360675790540653,0.9286229811522622,0.916750250416482,0.9148060625160006,0.8971411478377509,0.8977959906643163,0.8953231409819108
2,2,2.0927191131993346,0.24599585062240664,4820,2.270128548145294,0.21784232365145229,964,2.270687812491308,0.2355,0.9745468020366398,0.08433158814098721,,,0.9201764192806581,,0.9202191744648545,0.07978082553514554,0.9600204329481615,0.1459551804100007,10,0.025,0.15,0.9307634640519499,0.9621789056036797,1.0,0.9626520839025908,0.9642943604197953,0.9551900279512708,0.9472693733541989,0.9370433970830804,0.9456882833256013,0.9225420397453208,0.9270420717503137,0.9212521402714311
2,3,2.096062695298876,0.2496368588288697,4406,2.272012369973319,0.22474460839954596,881,2.2706874412826346,0.2354,0.9819154839107487,0.08486306073271863,,,0.949999999943885,,0.9500173293063326,0.04998267069366735,0.9600229158344209,0.14595690394789926,10,0.025,0.15,0.9038723532544356,0.9484809306633977,0.9626520839025908,1.0,0.9733032987752275,0.9648869145005662,0.9618119558509619,0.954706709787803,0.958011499322096,0.9428217329979826,0.9449473309854292,0.9444873331614383
2,4,2.0963657794576704,0.24749513618677044,4112,2.2644900935036794,0.2542579075425791,822,2.2706876797012137,0.2356,0.9879061361169862,0.08455166537910011,,,0.932526051914804,,0.9325642422141902,0.06743575778580979,0.9599951516595542,0.14595601566668318,10,0.025,0.15,0.900359505023058,0.9543023008388426,0.9642943604197953,0.9733032987752275,1.0,0.9734813432395415,0.9708730656143826,0.9655131848181614,0.9666094509622947,0.9546065562256708,0.9549968921787907,0.9514873772571104
2,5,2.1002949430096534,0.2501671380817691,3889,2.272572789873396,0.23136246786632392,778,2.2706882923464233,0.2354,0.9859387658215298,0.08476010344121328,,,0.9442225522714209,,0.9442821541152977,0.0557178458847023,0.9600202603306831,0.14595670686760623,10,0.025,0.15,0.875281839954586,0.9360675790540653,0.9551900279512708,0.9648869145005662,0.9734813432395415,1.0,0.9742395638385564,0.9715749563411716,0.9676608267737248,0.9594398218907952,0.9640186015927197,0.9638322580500367
2,6,2.1250020594432435,0.24443546213958503,3711,2.2701178391774497,0.2371967654986523,742,2.2706854826287377,0.2354,0.9862445271516787,0.08422082888145578,,,0.9139611642285141,,0.9139971282863791,0.08600287171362087,0.9599828373906703,0.1459546496994473,10,0.025,0.15,0.8625716261031198,0.9286229811522622,0.9472693733541989,0.9618119558509619,0.9708730656143826,0.9742395638385564,1.0,0.9786813004863368,0.9730938749293101,0.9703915426179708,0.9690077213775784,0.972516230703312
2,7,2.14212318616254,0.22828282828282828,3564,2.2740373611450195,0.22861150070126227,713,2.2706851234918908,0.2354,0.9836809528237006,0.08401915751432189,,,0.9026443769120003,,0.9026835668663663,0.0973164331336337,0.9599483018774093,0.14595354032325109,10,0.025,0.15,0.851464045202041,0.916750250416482,0.9370433970830804,0.954706709787803,0.9655131848181614,0.9715749563411716,0.9786813004863368,1.0,0.9785478881349801,0.9744246186883991,0.9761823643015102,0.9741836484833611
2,8,2.1238106921867086,0.23734379540831155,3441,2.2743339935938516,0.2238372093023256,688,2.2706861646869516,0.2351,0.9828043386102179,0.08387292246193485,,,0.8944383979988677,,0.8944810285355911,0.10551897146440892,0.9599382130955769,0.14595244489960027,10,0.025,0.15,0.8478446937501979,0.9148060625160006,0.9456882833256013,0.958011499322096,0.9666094509622947,0.9676608267737248,0.9730938749293101,0.9785478881349801,1.0,0.9725078738912296,0.9733291416157297,0.9703255211025293
2,9,2.1408813573695995,0.2249850029994001,3334,2.2735112508138022,0.22788605697151423,667,2.270693480213986,0.2355,0.9734146661280039,0.08324295837840935,,,0.8590879679818613,,0.8591292436170388,0.1408707563829612,0.9599230781042185,0.14594199390319734,10,0.025,0.15,0.8283062301442585,0.8971411478377509,0.9225420397453208,0.9428217329979826,0.9546065562256708,0.9594398218907952,0.9703915426179708,0.9744246186883991,0.9725078738912296,1.0,0.968687494348277,0.9678818615788625
2,10,2.1554426605884847,0.2234186979327368,3241,2.26688818136851,0.2623456790123457,648,2.270701643786853,0.2366,0.9749257773250326,0.08267048885559215,,,0.826963844825562,,0.827012262547243,0.17298773745275697,0.959560998739398,0.14593241107760582,10,0.025,0.15,0.8284471684141406,0.8977959906643163,0.9270420717503137,0.9449473309854292,0.9549968921787907,0.9640186015927197,0.9690077213775784,0.9761823643015102,0.9733291416157297,0.968687494348277,1.0,0.972152888063045
2,11,2.165112626552582,0.2341880341880342,3159,2.274305820465088,0.24050632911392406,632,2.270697635940359,0.2363,0.9729270286445293,0.08267480584618139,,,0.827206092721434,,0.8272515720156459,0.17274842798435408,0.9595848653760539,0.14593242472713436,10,0.025,0.15,0.819344920642051,0.8953231409819108,0.9212521402714311,0.9444873331614383,0.9514873772571104,0.9638322580500367,0.972516230703312,0.9741836484833611,0.9703255211025293,0.9678818615788625,0.972152888063045,1.0
3,0,1.9527204946235375,0.292417823228634,6845,2.2503422390330923,0.26223520818115414,1369,2.2498771540726286,0.2549,0.9188527365256293,0.07814219020377408,,,0.55,,0.5500404350481095,0.4499595649518905,0.9724086455550707,0.14500078951163578,10,0.025,0.15,1.0,0.9531810820671699,0.9334097705673531,0.9108418650677453,0.903685989129794,0.8819831400970811,0.8811363367875744,0.873668755453055,0.8544281758486577,0.8435190081491254,0.8462299477058376,0.841804233853184
3,1,1.9919297537138296,0.2805038335158817,5478,2.2472252580854626,0.24817518248175183,1096,2.2490268327012846,0.2582,0.9596093249921475,0.08277004698691946,,,0.8370179825044003,,0.8370632602201648,0.16293673977983525,0.9759383539743848,0.14577045462428304,10,0.025,0.15,0.9531810820671699,1.0,0.957225993513045,0.9439771510759203,0.9457322635686698,0.9289055351265938,0.9315296526121297,0.9230521006837502,0.9089536285953077,0.9004518057981139,0.8983749590217172,0.902248285944236
3,2,2.0243706188703836,0.27089211618257264,4820,2.248224288225174,0.254149377593361,964,2.2490195111383366,0.2592,0.9746326715905407,0.08404956165276231,,,0.9163730133931056,,0.9164067270716774,0.08359327292832264,0.9761959222394866,0.14579649576469225,10,0.025,0.15,0.9334097705673531,0.957225993513045,1.0,0.9600033572646028,0.959654552873111,0.9488433901480802,0.9507718580878852,0.9413094514152367,0.9390608887696523,0.9235911320105337,0.9271736414080868,0.9248835957766887
3,3,2.0286081307274957,0.2736495687698593,4406,2.251105172293527,0.2542565266742338,881,2.2490195232101633,0.2592,0.9811583429255121,0.08459176070391776,,,0.9499999999379802,,0.9500173293063326,0.04998267069366735,0.9762071746276502,0.1458002324632824,10,0.025,0.15,0.9108418650677453,0.9439771510759203,0.9600033572646028,1.0,0.9666093034788973,0.9595983102882091,0.9611030229614922,0.9556985118378222,0.9520097600147518,0.9397399849497979,0.9436348941234621,0.9467353874357476
3,4,2.025894447890195,0.27388132295719847,4112,2.2409818513052806,0.2737226277372263,822,2.2490187928646423,0.2593,0.9854431695915477,0.08453854146165667,,,0.9466993620271826,,0.9467495172550379,0.053250482744962135,0.976206695493061,0.1458000962132652,10,0.025,0.15,0.903685989129794,0.9457322635686698,0.959654552873111,0.9666093034788973,1.0,0.9647902805724177,0.9686658286676426,0.9648880198451968,0.9598407004526236,0.9470957154765306,0.9553430813133211,0.9531343037166349
3,5,2.0279419814386674,0.27408074055027,3889,2.2520960739680698,0.2544987146529563,778,2.2490213490739652,0.2592,0.9802248196467899,0.08449750950451203,,,0.9441545750750988,,0.9442078856595864,0.055792114340413645,0.976212834526715,0.1457998923505685,10,0.025,0.15,0.8819831400970811,0.9289055351265938,0.9488433901480802,0.9595983102882091,0.9647902805724177,1.0,0.9662111799801647,0.9642246752520285,0.9563277135404749,0.9453404167546153,0.9543450996080732,0.9567323854517135
3,6,2.0509743669937395,0.26909188897871195,3711,2.2480251789093018,0.2668463611859838,742,2.2490163784992845,0.2585,0.9850713249818609,0.08432139185034013,,,0.9332318226753431,,0.9332574144674952,0.06674258553250478,0.976193806200579,0.145798561469376,10,0.025,0.15,0.8811363367875744,0.9315296526121297,0.9507718580878852,0.9611030229614922,0.9686658286676426,0.9662111799801647,1.0,0.9719907799349854,0.9652413154897447,0.9612670231524685,0.959703061407757,0.9662889598212726
3,7,2.0695764303207396,0.2558361391694725,3564,2.2522812684377036,0.25105189340813466,713,2.2490143534503404,0.2586,0.9829075009212414,0.08412583926749997,,,0.9211037231186067,,0.9211434041359278,0.07885659586407223,0.9761881719567496,0.14579720511799082,10,0.025,0.15,0.873668755453055,0.9230521006837502,0.9413094514152367,0.9556985118378222,0.9648880198451968,0.9642246752520285,0.9719907799349854,1.0,0.9704857219781411,0.95937731712477,0.9669046411784684,0.9669362568467652
3,8,2.04908491064001,0.2629468177855275,3441,2.2549486557642617,0.22965116279069767,688,2.2490175041971328,0.2581,0.977484333641104,0.0838583337783136,,,0.9045131306666636,,0.904548530309782,0.095451469690218,0.9761828872317109,0.14579444366931565,10,0.025,0.15,0.8544281758486577,0.9089536285953077,0.9390608887696523,0.9520097600147518,0.9598407004526236,0.9563277135404749,0.9652413154897447,0.9704857219781411,1.0,0.9562272261354419,0.9660906013989252,0.9656824733498632
3,9,2.06701494190428,0.2510497900419916,3334,2.2525429328282676,0.25337331334332835,667,2.249031006535397,0.259,0.9682992821401282,0.08316836024972207,,,0.8617212251610689,,0.8617698998201053,0.13823010017989468,0.976000563777503,0.14578034975950976,10,0.025,0.15,0.8435190081491254,0.9004518057981139,0.9235911320105337,0.9397399849497979,0.9470957154765306,0.9453404167546153,0.9612670231524685,0.95937731712477,0.9562272261354419,1.0,0.9522246247664611,0.9587019020019761
3,10,2.0798452065541193,0.250755939524838,3241,2.244607448577881,0.29012345679012347,648,2.2490462019473694,0.2605,0.9724202720515119,0.0829480079647219,,,0.8480550571605117,,0.8481045039692363,0.1518954960307637,0.9759190593908572,0.14577512221705327,10,0.025,0.15,0.8462299477058376,0.8983749590217172,0.9271736414080868,0.9436348941234621,0.9553430813133211,0.9543450996080732,0.959703061407757,0.9669046411784684,0.9660906013989252,0.9522246247664611,1.0,0.9656391303746167
3,11,2.0910463371276857,0.256093700538145,3159,2.2541097164154054,0.26582278481012656,632,2.2490413762346098,0.2605,0.9735783846598363,0.08298845637586001,,,0.8505636528030237,,0.8506131273621494,0.14938687263785055,0.9759317735494434,0.14577610648730852,10,0.025,0.15,0.841804233853184,0.902248285944236,0.9248835957766887,0.9467353874357476,0.9531343037166349,0.9567323854517135,0.9662889598212726,0.9669362568467652,0.9656824733498632,0.9587019020019761,0.9656391303746167,1.0
4,0,1.9012888347661054,0.31119065010956903,6845,2.2237656983462246,0.27465303140978814,1369,2.223643776736682,0.2721,0.928167125460874,0.07875044523043402,,,0.55,,0.5500404350481095,0.4499595649518905,0.982802261433336,0.14463080345636944,10,0.025,0.15,1.0,0.9529814385802727,0.9351139920758753,0.9153646280292499,0.9075990019845727,0.8850837509771409,0.8940511533732007,0.8861976250248342,0.8615883143741019,0.8571508458300521,0.8607299060722392,0.8566821117040729
4,1,1.9353565928547882,0.3032493610806864,5478,2.219176928202311,0.26733576642335766,1096,2.2221555860736704,0.2722,0.9604105338071179,0.08267260331111081,,,0.8224545233830036,,0.8224983908501262,0.17750160914987378,0.9857948113005547,0.14549290706419815,10,0.025,0.15,0.9529814385802727,1.0,0.9547150513359416,0.9413131597753541,0.9427299229455097,0.9217209795541746,0.9319300755502895,0.9242069802237148,0.9059468846934134,0.900812428175496,0.9025481770501271,0.9042339066282051
4,2,1.9676660606735632,0.2925726141078838,4820,2.220709949731827,0.27074688796680496,964,2.2221296165562885,0.273,0.972354609234912,0.08385587774868353,,,0.9046512289437685,,0.9046805631199353,0.09531943688006472,0.986076692796395,0.14552660236215534,10,0.025,0.15,0.9351139920758753,0.9547150513359416,1.0,0.9531825809424466,0.9532511992635342,0.9403535107477241,0.948401701993695,0.9377656530411621,0.928442206636735,0.921007181315101,0.9252751390325359,0.9220451157578466
4,3,1.975404610293252,0.2876985928279619,4406,2.225041287285941,0.2758229284903519,881,2.222126417522189,0.273,0.9770879739724366,0.08434659010206409,,,0.938738789314457,,0.9387780363420309,0.06122196365796906,0.9861440741206594,0.1455317652839309,10,0.025,0.15,0.9153646280292499,0.9413131597753541,0.9531825809424466,1.0,0.9583294024116262,0.9499204346146021,0.9544744321641008,0.9486133276511637,0.9393524543690002,0.9326411460958619,0.9389468905268813,0.940610756750364
4,4,1.9651409246704794,0.29596303501945526,4112,2.2117914812905446,0.2822384428223844,822,2.222124473958076,0.2724,0.9830661701254815,0.08450870247101148,,,0.9499999999305344,,0.9500173293063326,0.04998267069366735,0.9861375231636466,0.1455326843496156,10,0.025,0.15,0.9075990019845727,0.9427299229455097,0.9532511992635342,0.9583294024116262,1.0,0.9551606730258735,0.9637480060017757,0.9608117362787796,0.9516713948676823,0.9468106901403934,0.9517093704001346,0.9498305853320622
4,5,1.9705868255707526,0.2950115710979686,3889,2.2265473433903287,0.2737789203084833,778,2.2221297312386428,0.273,0.9742073436238491,0.08419412632692531,,,0.9281478227256138,,0.9281824033272268,0.07181759667277321,0.9861381202520713,0.1455303999150342,10,0.025,0.15,0.8850837509771409,0.9217209795541746,0.9403535107477241,0.9499204346146021,0.9551606730258735,1.0,0.9586973938448291,0.9538838323902966,0.9425595304523604,0.9338059197979826,0.9480567259071513,0.9481171680674008
4,6,1.9904035375036042,0.29097278361627593,3711,2.220701813697815,0.2857142857142857,742,2.222123146057129,0.2718,0.9824282392187613,0.08435322394053937,,,0.9391996119694355,,0.9392484032282022,0.060751596771797756,0.9861255314701632,0.14553184717828796,10,0.025,0.15,0.8940511533732007,0.9319300755502895,0.948401701993695,0.9544744321641008,0.9637480060017757,0.9586973938448291,1.0,0.9641540739329274,0.9557797576475959,0.9499861917688008,0.9538198156765607,0.9584039901027952
4,7,2.01349027795451,0.27477553310886643,3564,2.2252721786499023,0.2594670406732118,713,2.222119452078131,0.272,0.9799537326518936,0.08415119649816422,,,0.9251656823341687,,0.9252116650987771,0.07478833490122294,0.9861098245843406,0.14553006900784127,10,0.025,0.15,0.8861976250248342,0.9242069802237148,0.9377656530411621,0.9486133276511637,0.9608117362787796,0.9538838323902966,0.9641540739329274,1.0,0.9600246058403404,0.9533118754143114,0.9585582715777912,0.9569366187566885
4,8,1.9914547558184024,0.2836094158674804,3441,2.230576276779175,0.2543604651162791,688,2.2221259105054636,0.2719,0.9719164228520539,0.08372299289990162,,,0.895420321521126,,0.8954630225611064,0.10453697743889356,0.9860663271118287,0.14552462213652992,10,0.025,0.15,0.8615883143741019,0.9059468846934134,0.928442206636735,0.9393524543690002,0.9516713948676823,0.9425595304523604,0.9557797576475959,0.9600246058403404,1.0,0.9510822302933105,0.9572788877174359,0.9562304706996683
4,9,2.013064862622155,0.27690461907618474,3334,2.22655189037323,0.2638680659670165,667,2.2221427476858793,0.272,0.9668349553680989,0.08312928196472501,,,0.8541779170734938,,0.8542275255400967,0.14577247445990327,0.9860066152973628,0.14550984315150642,10,0.025,0.15,0.8571508458300521,0.900812428175496,0.921007181315101,0.9326411460958619,0.9468106901403934,0.9338059197979826,0.9499861917688008,0.9533118754143114,0.9510822302933105,1.0,0.9515050827913445,0.9532261616964305
4,10,2.019642038528736,0.2755939524838013,3241,2.217975298563639,0.2978395061728395,648,2.2221650896193106,0.2731,0.9715808141440234,0.08314753182656465,,,0.8554456521588849,,0.8554735851859187,0.14452641481408135,0.986006132255175,0.14551020146972987,10,0.025,0.15,0.8607299060722392,0.9025481770501271,0.9252751390325359,0.9389468905268813,0.9517093704001346,0.9480567259071513,0.9538198156765607,0.9585582715777912,0.9572788877174359,0.9515050827913445,1.0,0.9580127005091291
4,11,2.029097578525543,0.2804368471035138,3159,2.229059410095215,0.2689873417721519,632,2.2221584350247925,0.2733,0.9714218919334868,0.08316742767987588,,,0.8568277268024125,,0.8568599296925286,0.14314007030747145,0.9860093861413591,0.14551087043593694,10,0.025,0.15,0.8566821117040729,0.9042339066282051,0.9220451157578466,0.940610756750364,0.9498305853320622,0.9481171680674008,0.9584039901027952,0.9569366187566885,0.9562304706996683,0.9532261616964305,0.9580127005091291,1.0
5,0,1.863185120732696,0.32524470416362306,6845,2.1920168616554956,0.2899926953981008,1369,2.1924593961691556,0.2867,0.9349054973657754,0.07939358952250851,,,0.55,,0.5500404350481095,0.4499595649518905,0.9870069896317283,0.14427517913164134,10,0.025,0.15,1.0,0.9507034876896684,0.9366591404201801,0.9201343654848695,0.9085377204542676,0.8966717070927144,0.9011097672799938,0.8946929306671486,0.8679184483028468,0.85907502164531,0.8704248545558526,0.8668169349964997
5,1,1.8928872978964517,0.318912011683096,5478,2.185815519756741,0.2773722627737226,1096,2.190065033828156,0.2898,0.9614217999043624,0.08269312610145636,,,0.81379581082025,,0.8138502417850836,0.18614975821491642,0.9904236828670266,0.1452474756729845,10,0.025,0.15,0.9507034876896684,1.0,0.9517210549285365,0.9394949121800392,0.9390756471250565,0.9259285480676087,0.9313513943772183,0.924562574992301,0.9057562255077434,0.8987958321073156,0.9026211851700229,0.9069878785588507
5,2,1.9233072268335443,0.30900414937759335,4820,2.1876871585845947,0.2842323651452282,964,2.1900169034547443,0.2906,0.9712867237668413,0.08374947419491907,,,0.8982501561975268,,0.8982852238781337,0.1017147761218663,0.9906732007590018,0.14529204087601733,10,0.025,0.15,0.9366591404201801,0.9517210549285365,1.0,0.9487616476674073,0.9473862485705266,0.9408261060649615,0.9455415086032429,0.9356424057921886,0.9251856343862219,0.9164633724791786,0.9215354015034752,0.9198433149440969
5,3,1.9294448205402919,0.3079664094416705,4406,2.193857431411743,0.29511918274687854,881,2.1900023357777654,0.2906,0.9741504136752118,0.08414746771831816,,,0.9300694804250973,,0.9301133831757191,0.06988661682428088,0.9907485189862578,0.1452982421588359,10,0.025,0.15,0.9201343654848695,0.9394949121800392,0.9487616476674073,1.0,0.9503702694386704,0.9457983815215545,0.9476627589969663,0.9431148161940158,0.9330354580231434,0.9257918088978769,0.9318320294752838,0.9353971215139869
5,4,1.919522894151283,0.31065175097276265,4112,2.1770085947854176,0.30413625304136255,822,2.1900000210049786,0.2904,0.9787039328620427,0.08439675703760853,,,0.9499999999200506,,0.9500173293063326,0.04998267069366735,0.9907771613143802,0.145300225993183,10,0.025,0.15,0.9085377204542676,0.9390756471250565,0.9473862485705266,0.9503702694386704,1.0,0.9497213200299274,0.9563875284464413,0.9548601780765401,0.9433955457483165,0.9355664762437523,0.9433734370451022,0.9446779484735935
5,5,1.923921380119939,0.3107739778863461,3889,2.1959186622074673,0.3097686375321337,778,2.1900134328045424,0.2905,0.9750368233651968,0.08408181478951843,,,0.9248205713219371,,0.9248485748708554,0.07515142512914463,0.9907225626852011,0.1452974471406776,10,0.025,0.15,0.8966717070927144,0.9259285480676087,0.9408261060649615,0.9457983815215545,0.9497213200299274,1.0,0.9554384345377286,0.9531695570985,0.9393606673763985,0.9348602271298808,0.9441047820688251,0.9444218781263028
5,6,1.937850820196086,0.3082996496901105,3711,2.1881139675776162,0.3005390835579515,742,2.189999894250797,0.2899,0.9801899970992708,0.08434881621504427,,,0.9461671622299279,,0.94621313396379,0.05378686603620997,0.990760947646779,0.14529997626882035,10,0.025,0.15,0.9011097672799938,0.9313513943772183,0.9455415086032429,0.9476627589969663,0.9563875284464413,0.9554384345377286,1.0,0.9580625245602482,0.9490383363132955,0.9447032672563478,0.9484671715153846,0.9524522584116523
5,7,1.9651781550475529,0.29259259259259257,3564,2.193018635114034,0.2861150070126227,713,2.1899964417083355,0.2899,0.9776071871300198,0.08413911725750944,,,0.9294018664959739,,0.929444967074318,0.07055503292568199,0.9907247929489847,0.14529813720476828,10,0.025,0.15,0.8946929306671486,0.924562574992301,0.9356424057921886,0.9431148161940158,0.9548601780765401,0.9531695570985,0.9580625245602482,1.0,0.9526325618465917,0.9437719633092666,0.9493531837727189,0.9501650181657355
5,8,1.9424015129054035,0.2990119151409474,3441,2.2011331717173257,0.26744186046511625,688,2.1900136289717276,0.2898,0.9684573213555014,0.08357462366290053,,,0.8842709694958317,,0.8843227542044197,0.11567724579558025,0.9906424394029211,0.14528812447869904,10,0.025,0.15,0.8679184483028468,0.9057562255077434,0.9251856343862219,0.9330354580231434,0.9433955457483165,0.9393606673763985,0.9490383363132955,0.9526325618465917,1.0,0.9409057001759086,0.9483610871476494,0.9472887571984752
5,9,1.9687662416034275,0.2953209358128374,3334,2.1955806811650596,0.27886056971514245,667,2.1900445871715304,0.2902,0.9625847775645405,0.08301446303252386,,,0.8394864901775525,,0.8395306233599049,0.16046937664009508,0.9904543671423054,0.1452658783553266,10,0.025,0.15,0.85907502164531,0.8987958321073156,0.9164633724791786,0.9257918088978769,0.9355664762437523,0.9348602271298808,0.9447032672563478,0.9437719633092666,0.9409057001759086,1.0,0.9378331927096476,0.9471438761688218
5,10,1.9739749101492075,0.2873495834618945,3241,2.1868374347686768,0.3117283950617284,648,2.190071407752701,0.2906,0.9679058025079126,0.0831995533007881,,,0.8542843371549826,,0.8543265501477117,0.14567344985228825,0.9904817118390824,0.14527448087329764,10,0.025,0.15,0.8704248545558526,0.9026211851700229,0.9215354015034752,0.9318320294752838,0.9433734370451022,0.9441047820688251,0.9484671715153846,0.9493531837727189,0.9483610871476494,0.9378331927096476,1.0,0.9490547507409729
5,11,1.9768378586769104,0.2970243748021526,3159,2.199108839035034,0.2721518987341772,632,2.1900607966169527,0.2906,0.9694154191554137,0.08326119716690465,,,0.8592127242951841,,0.8592530243765576,0.1407469756234424,0.9905056467772186,0.14527699552269727,10,0.025,0.15,0.8668169349964997,0.9069878785588507,0.9198433149440969,0.9353971215139869,0.9446779484735935,0.9444218781263028,0.9524522584116523,0.9501650181657355,0.9472887571984752,0.9471438761688218,0.9490547507409729,1.0
6,0,1.8239054982308989,0.33823228634039443,6845,2.1556666547601875,0.30533235938641345,1369,2.1569517896145203,0.3002,0.9380824278552307,0.07998098194353838,,,0.55,,0.5500404350481095,0.4499595649518905,0.9895929396842584,0.1437364829628671,10,0.025,0.15,1.0,0.9455352824569566,0.9335793397661301,0.9175423420757086,0.9064530682684909,0.8945616862743049,0.9058984733092571,0.8940868153829662,0.8732645940948269,0.8620550345083587,0.8728047414113518,0.872183545665529
6,1,1.8521145205165064,0.33377144943410003,5478,2.1479227277967663,0.3001824817518248,1096,2.1534794282309617,0.3035,0.9589917120136738,0.08271398121417967,,,0.800165130474787,,0.800217854136753,0.19978214586324705,0.9919411731993549,0.14482148790765978,10,0.025,0.15,0.9455352824569566,1.0,0.9438949176564195,0.9312765889156217,0.9331453517288384,0.9167223876361553,0.9285535276532741,0.9167312927396074,0.9022496067780398,0.8951774101368707,0.9010160594708078,0.9027618499569976
6,2,1.881483933172728,0.324896265560166,4820,2.1499410271644592,0.29771784232365145,964,2.1533621172361737,0.3034,0.9682722144601912,0.08367350417428183,,,0.8879950794565108,,0.8880279249393475,0.11197207506065254,0.9923453936243116,0.1448775730254027,10,0.025,0.15,0.9335793397661301,0.9438949176564195,1.0,0.9416934623817165,0.9405140768556797,0.932550876752108,0.9419381851165466,0.9289926239134766,0.9213887655315551,0.9070013353130428,0.9173036256283383,0.9139078827978855
6,3,1.8907504153251649,0.3198138901497957,4406,2.1580977780478343,0.3076049943246311,881,2.153341990482958,0.3033,0.9693822613382307,0.08395699969632739,,,0.9139448464481803,,0.91398062418511,0.08601937581489005,0.9923896727227547,0.14488364123070402,10,0.025,0.15,0.9175423420757086,0.9312765889156217,0.9416934623817165,1.0,0.9430459362452408,0.9334153715587913,0.9382532066941879,0.9343189899051402,0.9258520847158218,0.9128334220222939,0.9280332752943616,0.9282258264142725
6,4,1.879528727314689,0.3241488326848249,4112,2.137409516743251,0.3150851581508516,822,2.153338501725016,0.3032,0.9766947180954964,0.08435089435272015,,,0.949999999908465,,0.9500173293063326,0.04998267069366735,0.9924215117474269,0.14488775867916479,10,0.025,0.15,0.9064530682684909,0.9331453517288384,0.9405140768556797,0.9430459362452408,1.0,0.9426439845079376,0.9507252032203505,0.948715794046352,0.9402557606799492,0.9312871098630382,0.9424173271085459,0.939059238399271
6,5,1.8815706122306086,0.3256878374903574,3889,2.1609255586351668,0.32390745501285345,778,2.153355909299247,0.3033,0.9698752755013217,0.08393233773988182,,,0.9116874138838014,,0.9117278143618689,0.0882721856381311,0.9923911224124367,0.14488334194647057,10,0.025,0.15,0.8945616862743049,0.9167223876361553,0.932550876752108,0.9334153715587913,0.9426439845079376,1.0,0.9457760804272904,0.9413668173261693,0.9310711313560144,0.9280319848528371,0.9392831290727185,0.9335925435116603
6,6,1.8973412842586124,0.32379412557262194,3711,2.1509607632954917,0.316711590296496,742,2.153339434273635,0.3032,0.9772715302620025,0.08433997342011579,,,0.9490003521737487,,0.9490435873314519,0.05095641266854811,0.9924198346605161,0.14488770679885316,10,0.025,0.15,0.9058984733092571,0.9285535276532741,0.9419381851165466,0.9382532066941879,0.9507252032203505,0.9457760804272904,1.0,0.9497331363710095,0.941042570695998,0.938546122993805,0.9418509087208436,0.9426275979090033
6,7,1.921363228559494,0.3050224466891134,3564,2.1559773683547974,0.2973352033660589,713,2.153338788430902,0.3032,0.9732087370303758,0.08407690500206211,,,0.9249203804616624,,0.9249475994784704,0.07505240052152962,0.9924041406737851,0.14488530962883026,10,0.025,0.15,0.8940868153829662,0.9167312927396074,0.9289926239134766,0.9343189899051402,0.948715794046352,0.9413668173261693,0.9497331363710095,1.0,0.9458354117078399,0.9327068720951678,0.9432742614813735,0.9417015804661286
6,8,1.903199843565623,0.3142109851787271,3441,2.1673834323883057,0.2747093023255814,688,2.1533787069441397,0.3035,0.966083508590452,0.08349334739946024,,,0.8715044262890161,,0.8715403277714512,0.12845967222854882,0.9922636987328132,0.14487127796344296,10,0.025,0.15,0.8732645940948269,0.9022496067780398,0.9213887655315551,0.9258520847158218,0.9402557606799492,0.9310711313560144,0.941042570695998,0.9458354117078399,1.0,0.9327124436889661,0.9431460145206468,0.9377506108906322
6,9,1.9249646412001715,0.3070485902819436,3334,2.16037654876709,0.29535232383808097,667,2.153441507605058,0.3033,0.9586151992537503,0.08290126541907734,,,0.8173081930644454,,0.8173573633047813,0.18264263669521874,0.9920473016352335,0.1448387505494066,10,0.025,0.15,0.8620550345083587,0.8951774101368707,0.9070013353130428,0.9128334220222939,0.9312871098630382,0.9280319848528371,0.938546122993805,0.9327068720951678,0.9327124436889661,1.0,0.9331003238225121,0.9348985561471952
