round,client_id,client_i_training_loss,client_i_training_accuracy,client_i_training_dataset_size,client_i_evaluation_loss,client_i_evaluation_accuracy,client_i_evaluation_dataset_size,client_i_central_evaluation_loss,client_i_central_evaluation_accuracy,client_i_cosine_similarity,client_i_importance_coefficient,client_i_tanh_val,tanh_normalization_value,client_i_q,client_i_mask_order,client_i_v_nonzero_fraction,client_i_v_sparsity,client_i_v_cosine_similarity,client_i_reward_gradient_norm,local_epochs,learning_rate,gamma,client_0_cosine_similarity,client_1_cosine_similarity,client_2_cosine_similarity,client_3_cosine_similarity,client_4_cosine_similarity,client_5_cosine_similarity,client_6_cosine_similarity,client_7_cosine_similarity,client_8_cosine_similarity,client_9_cosine_similarity,client_10_cosine_similarity,client_11_cosine_similarity
0,0,2.170542195706052,0.29203798392987584,8214,2.279255196105602,0.1446311176040906,1369,2.2762668711689713,0.1436,0.9636717813717878,0.0813294918717648,,,0.8,,0.800016431312282,0.19998356868771805,0,0.0986367411191764,5,0.001,0.1,1.0,0.984983777407664,0.9732512419295836,0.9562547165330747,0.9538674272979436,0.9382159333498489,0.9323084527231733,0.9281763301677273,0.921709113075335,0.9173566831353455,0.9094878274169341,0.9078116044071175
0,1,2.2194605369012335,0.2514755095832066,6574,2.274256535938808,0.15328467153284672,1096,2.2762636688951488,0.1436,0.9884813987134246,0.08342331013118916,,,0.9496072874492534,,0.9496235296391877,0.050376470360812275,0,0.09864225096146706,5,0.001,0.1,0.984983777407664,1.0,0.9895117732358305,0.9839607900794036,0.9806508298069503,0.973898611358559,0.9673497536427647,0.9649403617285247,0.9619714047361027,0.9600075165300759,0.9500455119944782,0.9462903179703873
0,2,2.237826381599047,0.19384402559225317,5783,2.2785875258907193,0.1400414937759336,964,2.2762636011020065,0.1436,0.9944681271401767,0.08392856263555211,,,0.9857085375527198,,0.985724089270353,0.014275910729646957,0,0.09864229031891557,5,0.001,0.1,0.9732512419295836,0.9895117732358305,1.0,0.9854203376682207,0.9918804330300066,0.9808531240222405,0.9811137607606253,0.9785754686879771,0.9762981601436643,0.9723914015352909,0.9647760081818295,0.9668136889650084
0,3,2.243116236594786,0.24456213353508607,5287,2.270289829799107,0.15550510783200908,881,2.2762636011020065,0.1436,0.9941003685823112,0.08389752549487739,,,0.9834908749616016,,0.9835010293733871,0.016498970626612874,0,0.09864229006403227,5,0.001,0.1,0.9562547165330747,0.9839607900794036,0.9854203376682207,1.0,0.9885634543353435,0.9890844827206804,0.9844678438218096,0.9848473918046723,0.9843833437483337,0.9797398571036209,0.9717215177480116,0.9689144556349527
0,4,2.2519251297366236,0.18618034447821682,4935,2.274117341408363,0.15328467153284672,822,2.2762636041488893,0.1436,0.9968381033548513,0.08412857779114094,,,0.999999999928548,,1.0,0.0,0,0.09864229079956185,5,0.001,0.1,0.9538674272979436,0.9806508298069503,0.9918804330300066,0.9885634543353435,1.0,0.9867119079930833,0.9897470767921844,0.9900118366960026,0.9877436465704326,0.9882877265696368,0.9814189473602318,0.9820396740109061
0,5,2.256679556141161,0.23779730019284337,4667,2.276718063354492,0.13239074550128535,778,2.2762636216684653,0.1436,0.9917443191068673,0.08369868569239836,,,0.9692833937955848,,0.9693072752051498,0.03069272479485019,0,0.0986422852396671,5,0.001,0.1,0.9382159333498489,0.973898611358559,0.9808531240222405,0.9890844827206804,0.9867119079930833,1.0,0.9871592901265067,0.9864690236365254,0.9910136418016676,0.9824084205514187,0.9776924912653736,0.9786737768324799
0,6,2.258016083581107,0.1766449584549742,4453,2.277732163667679,0.12264150943396226,742,2.276263668133428,0.1436,0.9908122603762486,0.08362002419745662,,,0.9636628807295791,,0.963677134379138,0.036322865620861955,0,0.09864227802175458,5,0.001,0.1,0.9323084527231733,0.9673497536427647,0.9811137607606253,0.9844678438218096,0.9897470767921844,0.9871592901265067,1.0,0.9900919545237427,0.9907688428694575,0.9863254072245381,0.9760611846324857,0.9848120100652774
0,7,2.2610895466448655,0.16651858779518355,4277,2.2765637066053306,0.1402524544179523,713,2.2762636719420315,0.1436,0.9909630734697173,0.08363275213293893,,,0.9645723158697905,,0.9645856892935503,0.035414310706449736,0,0.09864227867380995,5,0.001,0.1,0.9281763301677273,0.9649403617285247,0.9785754686879771,0.9848473918046723,0.9900118366960026,0.9864690236365254,0.9900919545237427,1.0,0.9925231658299105,0.9907355132923917,0.985315290080452,0.9885471309184242
0,8,2.263707772034865,0.176701380479535,4129,2.271914005279541,0.16715116279069767,688,2.276263662801383,0.1436,0.9894694074098814,0.08350669354741136,,,0.9555651907501279,,0.9555871294497443,0.04441287055025567,0,0.09864226592529024,5,0.001,0.1,0.921709113075335,0.9619714047361027,0.9762981601436643,0.9843833437483337,0.9877436465704326,0.9910136418016676,0.9907688428694575,0.9925231658299105,1.0,0.9896828654360997,0.9843679465899916,0.98744757762726
0,9,2.2655834031483484,0.1552111972006998,4001,2.2806923048836842,0.12743628185907047,667,2.276263693270211,0.1436,0.9869170318111271,0.0832912847178438,,,0.9401738211605437,,0.9401996887716144,0.05980031122838558,0,0.09864222672692145,5,0.001,0.1,0.9173566831353455,0.9600075165300759,0.9723914015352909,0.9797398571036209,0.9882877265696368,0.9824084205514187,0.9863254072245381,0.9907355132923917,0.9896828654360997,1.0,0.987638153854885,0.9869864196908238
0,10,2.267484721981111,0.15988686037541786,3889,2.2771273113432384,0.13271604938271606,648,2.2762639354973935,0.1436,0.9805271408035529,0.08275200713515668,,,0.901641414651589,,0.9016634287315993,0.09833657126840067,0,0.09864193610243312,5,0.001,0.1,0.9094878274169341,0.9500455119944782,0.9647760081818295,0.9717215177480116,0.9814189473602318,0.9776924912653736,0.9760611846324857,0.985315290080452,0.9843679465899916,0.987638153854885,1.0,0.9834240473552895
0,11,2.268915494550176,0.1714587180163545,3791,2.274442267417908,0.14556962025316456,632,2.2762639179778175,0.1436,0.980990169646613,0.08279108465226986,,,0.9044335773950558,,0.9044519190806197,0.09554808091938027,0,0.09864197565144518,5,0.001,0.1,0.9078116044071175,0.9462903179703873,0.9668136889650084,0.9689144556349527,0.9820396740109061,0.9786737768324799,0.9848120100652774,0.9885471309184242,0.98744757762726,0.9869864196908238,0.9834240473552895,1.0
1,0,1.9970429246063826,0.409763817871926,8214,2.232815088227738,0.1862673484295106,1369,2.230286023106438,0.1822,0.9751362498135646,0.08151620528061466,,,0.8,,0.800016431312282,0.19998356868771805,0.9593314994349037,0.0993238738752668,5,0.001,0.1,1.0,0.9918112081478477,0.9847320949949522,0.977865030227864,0.9745877361347994,0.9660766633264027,0.961771733770689,0.9601737637963552,0.9565393136719169,0.9535983389657184,0.9489878798795969,0.947346947964884
1,1,2.099810894600396,0.37258898691816245,6574,2.226988744735718,0.18886861313868614,1096,2.2302755326889576,0.1822,0.9908458315829743,0.0833109655825211,,,0.9452968151497909,,0.9453127265346363,0.05468727346536373,0.9594548230637024,0.09932957033693358,5,0.001,0.1,0.9918112081478477,1.0,0.994451041128649,0.9921004947068433,0.9893770200170213,0.9855773872798149,0.9813882306968273,0.9810435459999375,0.9781663688929126,0.9764126373504907,0.9709206595300883,0.9690131725698544
1,2,2.139464549201628,0.32875670067439045,5783,2.232272717260545,0.16597510373443983,964,2.2302755852476857,0.1822,0.9955155509678274,0.08377247901121394,,,0.9826591477502508,,0.9826746310203845,0.017325368979615452,0.9594524681264545,0.09932961071822104,5,0.001,0.1,0.9847320949949522,0.994451041128649,1.0,0.9939972903156362,0.9955707862670014,0.9887647680480575,0.9888577867939168,0.9881418690866453,0.9860844312792069,0.9849892270061795,0.9800773241500753,0.9800385988044967
1,3,2.151742500713073,0.3711367505201437,5287,2.2248473252568925,0.19296254256526674,881,2.230275574583596,0.1822,0.9970480671733579,0.08380297196500787,,,0.9851277387181148,,0.9851441606015794,0.014855839398420612,0.9594525050595156,0.09932961099166222,5,0.001,0.1,0.977865030227864,0.9921004947068433,0.9939972903156362,1.0,0.9944641477732493,0.9945557060984066,0.9915485810942832,0.9923646006004724,0.9919926378845676,0.9886319854910148,0.9830149029728489,0.9832681941700673
1,4,2.1676382792380546,0.3321175278622087,4935,2.226896909567026,0.19708029197080293,822,2.2302755608726232,0.1822,0.9983381253180142,0.08398667966689723,,,0.9999999999190439,,1.0,0.0,0.9594526867881407,0.09932961150546867,5,0.001,0.1,0.9745877361347994,0.9893770200170213,0.9955707862670014,0.9944641477732493,1.0,0.9926934783162878,0.9934635095310888,0.994563712276439,0.9923530667325635,0.9934681808688882,0.9894609933294853,0.9891540363618317
1,5,2.178933716800115,0.38405828155131777,4667,2.232178611755371,0.17480719794344474,778,2.230275541067885,0.1822,0.996211587645958,0.08365372906627581,,,0.9730456139650453,,0.9730671460743662,0.026932853925633826,0.9594530123617553,0.0993296080811338,5,0.001,0.1,0.9660766633264027,0.9855773872798149,0.9887647680480575,0.9945557060984066,0.9926934783162878,1.0,0.9918836252584803,0.9933989963103026,0.9941599035615661,0.9904986845522248,0.9881191896883279,0.9879532054355917
1,6,2.1819120500768934,0.3143498764877611,4453,2.231092115243276,0.15768194070080863,742,2.2302755852476857,0.1822,0.9958176721584974,0.08359265056742406,,,0.9681009362006308,,0.9681184214341636,0.0318815785658364,0.959454114644591,0.09932960469800908,5,0.001,0.1,0.961771733770689,0.9813882306968273,0.9888577867939168,0.9915485810942832,0.9934635095310888,0.9918836252584803,1.0,0.9949687966508711,0.9948530150128746,0.9931766307507967,0.9857299795464767,0.9912645855985476
1,7,2.187053229559713,0.32265606733691843,4277,2.2306209647137187,0.182328190743338,713,2.230275586771127,0.1822,0.9970028903433305,0.08363880505600749,,,0.971837424125462,,0.9718541286088478,0.02814587139115221,0.959454014845545,0.0993296062800373,5,0.001,0.1,0.9601737637963552,0.9810435459999375,0.9881418690866453,0.9923646006004724,0.994563712276439,0.9933989963103026,0.9949687966508711,1.0,0.9963504576046617,0.9961945326951921,0.9920819313247533,0.9937540829241515
1,8,2.192321607149564,0.32022281424073623,4129,2.2254713882099497,0.19767441860465115,688,2.230275573821875,0.1822,0.9956615781929171,0.08351795930882357,,,0.9620542223399259,,0.9620774978011037,0.03792250219889626,0.9594542838586123,0.09932959933119226,5,0.001,0.1,0.9565393136719169,0.9781663688929126,0.9860844312792069,0.9919926378845676,0.9923530667325635,0.9941599035615661,0.9948530150128746,0.9963504576046617,1.0,0.994120538337847,0.9888292094237888,0.9935309208571705
1,9,2.1958354087102983,0.30487378155461137,4001,2.2346404052916027,0.16941529235382308,667,2.2302755631577855,0.1822,0.9948193366720401,0.08335834822599439,,,0.9491327297188471,,0.9491499212263558,0.050850078773644225,0.9594546370874982,0.09932957557870546,5,0.001,0.1,0.9535983389657184,0.9764126373504907,0.9849892270061795,0.9886319854910148,0.9934681808688882,0.9904986845522248,0.9931766307507967,0.9961945326951921,0.994120538337847,1.0,0.9925752192280375,0.9932879826121553
1,10,2.198824582725275,0.31200822833633324,3889,2.231833980196998,0.1712962962962963,648,2.23027671030916,0.1822,0.9909105732320157,0.08290053736177388,,,0.9120701423407137,,0.9120924792917138,0.08790752070828622,0.9594439834695946,0.09932937976095524,5,0.001,0.1,0.9489878798795969,0.9709206595300883,0.9800773241500753,0.9830149029728489,0.9894609933294853,0.9881191896883279,0.9857299795464767,0.9920819313247533,0.9888292094237888,0.9925752192280375,1.0,0.9906651935149089
1,11,2.2023886744715586,0.29580585597467685,3791,2.2302112102508547,0.19778481012658228,632,2.230276628805045,0.1822,0.9916562779223029,0.08294866890744607,,,0.9159666851196999,,0.9159876668503107,0.08401233314968926,0.9594448261799927,0.09932939581471754,5,0.001,0.1,0.947346947964884,0.9690131725698544,0.9800385988044967,0.9832681941700673,0.9891540363618317,0.9879532054355917,0.9912645855985476,0.9937540829241515,0.9935309208571705,0.9932879826121553,0.9906651935149089,1.0
2,0,1.8040749185280114,0.49547114682249815,8214,2.1767791592797567,0.32140248356464574,1369,2.1747322889943472,0.3199,0.9847143598778116,0.08186972765756025,,,0.8,,0.800016431312282,0.19998356868771805,0.9843769928753179,0.09954309026266368,5,0.001,0.1,1.0,0.9945912298767693,0.9901101284573285,0.9859091206915754,0.9845534123791163,0.9786623168048691,0.9777536742167526,0.9749577805380434,0.9736255094393828,0.9691839879999946,0.9664577000636682,0.9679268095270417
2,1,1.939064240802839,0.4667173714633404,6574,2.1697891099112376,0.33941605839416056,1096,2.174714538616875,0.3204,0.9944154640507212,0.0832851566902395,,,0.9438411544778427,,0.9438629048627019,0.05613709513729814,0.9844269340521491,0.09955070305080359,5,0.001,0.1,0.9945912298767693,1.0,0.9964973058977651,0.9945928039299095,0.9937779084890013,0.9907791744366696,0.9894527233978032,0.987770286426063,0.9861271057189055,0.9838436604559636,0.980735566939655,0.9811559788305825
2,2,2.0003551919157334,0.42330970084731107,5783,2.176240021182645,0.31016597510373445,964,2.174714518050416,0.3204,0.9968196512379384,0.08364620571682671,,,0.9805322973104156,,0.980553058640454,0.019446941359546055,0.9844272491053235,0.09955079516901386,5,0.001,0.1,0.9901101284573285,0.9964973058977651,1.0,0.9957511985165296,0.9969628711360442,0.9927265234704168,0.9927656671137538,0.9913738685927977,0.9905620841818642,0.9882036395620074,0.9862878886149081,0.9866667435958181
2,3,2.022866961467697,0.4573103839606582,5287,2.169852989060538,0.3325766174801362,881,2.1747145226207403,0.3204,0.9978667167833203,0.08369876318583357,,,0.9858733824823577,,0.9858835696542658,0.014116430345734177,0.9844272214177089,0.0995507956072684,5,0.001,0.1,0.9859091206915754,0.9945928039299095,0.9957511985165296,1.0,0.9964724614072582,0.9961636188328405,0.9945745647590328,0.9942897769353868,0.9944244201727979,0.9912367691424574,0.9882546677616197,0.9886373479610108
2,4,2.0482018513833324,0.425694022289767,4935,2.1701943690960226,0.3491484184914842,822,2.1747145119566507,0.3204,0.9986780138534815,0.08383777225105395,,,0.9999999998983763,,1.0,0.0,0.98442685228354,0.0995507977706148,5,0.001,0.1,0.9845534123791163,0.9937779084890013,0.9969628711360442,0.9964724614072582,1.0,0.9948540920307265,0.9954530516441591,0.9954185407000874,0.9946443895476053,0.9939656734595136,0.9918891663727568,0.9919943009414276
2,5,2.0692598971602036,0.46852367688022284,4667,2.1784174156188967,0.29562982005141386,778,2.174714516526975,0.3204,0.9971815128521209,0.08358498937071039,,,0.9743112648919843,,0.9743333236678555,0.025666676332144478,0.9844266198674506,0.099550788877517,5,0.001,0.1,0.9786623168048691,0.9907791744366696,0.9927265234704168,0.9961636188328405,0.9948540920307265,1.0,0.9941674436244192,0.994838608260382,0.9948356384935547,0.9925100739914259,0.9912001704677598,0.9912855150601492
2,6,2.074549458367484,0.4131596676397934,4453,2.174993763367335,0.29514824797843664,742,2.1747144883433087,0.3204,0.9974077702330926,0.08355479998089985,,,0.9712433069915372,,0.9712645344622611,0.02873546553773887,0.9844269238693035,0.09955078214426354,5,0.001,0.1,0.9777536742167526,0.9894527233978032,0.9927656671137538,0.9945745647590328,0.9954530516441591,0.9941674436244192,1.0,0.9965228501230685,0.9963939183312654,0.9939427794209803,0.9899886792498517,0.993693642380476
2,7,2.0841382197479703,0.42529810614916996,4277,2.1751986068228018,0.33660589060308554,713,2.1747144837729846,0.3204,0.9977877900487989,0.08359541796686827,,,0.9753710575600018,,0.9753868607494611,0.024613139250538874,0.9844270020508691,0.09955078911830532,5,0.001,0.1,0.9749577805380434,0.987770286426063,0.9913738685927977,0.9942897769353868,0.9954185407000874,0.994838608260382,0.9965228501230685,1.0,0.9975469653278419,0.9970456490969369,0.993949190507182,0.9955039568667889
2,8,2.0928012778208807,0.42857834826834584,4129,2.169142181223089,0.3226744186046512,688,2.1747144814878228,0.3204,0.9970588756361383,0.08349766686827335,,,0.9654372279233756,,0.9654555822967108,0.0345444177032892,0.9844267643893783,0.09955078000162883,5,0.001,0.1,0.9736255094393828,0.9861271057189055,0.9905620841818642,0.9944244201727979,0.9946443895476053,0.9948356384935547,0.9963939183312654,0.9975469653278419,1.0,0.9954581579682438,0.9918410309361567,0.9950219412488724
2,9,2.1003112777831063,0.39805048737815546,4001,2.1788380032493952,0.3058470764617691,667,2.174714574417748,0.3204,0.9957725174893304,0.08335810117411416,,,0.9512540438075603,,0.9512714936062864,0.04872850639371362,0.9844262585049602,0.09955073378820566,5,0.001,0.1,0.9691839879999946,0.9838436604559636,0.9882036395620074,0.9912367691424574,0.9939656734595136,0.9925100739914259,0.9939427794209803,0.9970456490969369,0.9954581579682438,1.0,0.9948584727822452,0.9948455535012345
2,10,2.1045403357411994,0.41229107739778864,3889,2.1770189149039134,0.32098765432098764,648,2.174715470201291,0.3204,0.9935649808577285,0.0830056801192365,,,0.91543970749997,,0.9154608983095079,0.08453910169049206,0.9844358837399105,0.09955040054539824,5,0.001,0.1,0.9664577000636682,0.980735566939655,0.9862878886149081,0.9882546677616197,0.9918891663727568,0.9912001704677598,0.9899886792498517,0.993949190507182,0.9918410309361567,0.9948584727822452,1.0,0.9933011619080547
2,11,2.1123569406381173,0.40068583487206544,3791,2.1763635993003847,0.30063291139240506,632,2.174715244731964,0.3204,0.9945084318193289,0.08306571901838333,,,0.9215410833849289,,0.9215549820705387,0.07844501792946135,0.9844369972677949,0.09955046494638045,5,0.001,0.1,0.9679268095270417,0.9811559788305825,0.9866667435958181,0.9886373479610108,0.9919943009414276,0.9912855150601492,0.993693642380476,0.9955039568667889,0.9950219412488724,0.9948455535012345,0.9933011619080547,1.0
3,0,1.6312407974603111,0.5560262965668371,8214,2.1093940901201824,0.44777209642074506,1369,2.107819677541812,0.4511,0.9885561260510869,0.08217278700015297,,,0.8,,0.800016431312282,0.19998356868771805,0.99314539878829,0.09965964437619072,5,0.001,0.1,1.0,0.9956027120265399,0.9918917874581951,0.989854530911061,0.988030981627603,0.9838073789645259,0.9834748401936558,0.9817055972987888,0.9818376529708426,0.9782684083338717,0.9734060245983285,0.9757372474128596
3,1,1.767862873632931,0.5317006388804381,6574,2.100851311002459,0.48722627737226276,1096,2.1077875237876236,0.4509,0.9959678199267548,0.08328081965153204,,,0.9436867433167131,,0.9437034244787891,0.05629657552121092,0.9932393094251617,0.09966930262921185,5,0.001,0.1,0.9956027120265399,1.0,0.9972930310444684,0.995979023055292,0.9952567395184326,0.9931992804209571,0.9923561515102388,0.9913809819776357,0.9912250272791945,0.9888322926566016,0.9846600166749367,0.9862867618062533
3,2,1.8383050655133157,0.5018848348607989,5783,2.108639047991845,0.4346473029045643,964,2.1077871299780213,0.4509,0.9976882337497484,0.08355796133942126,,,0.9796257443204609,,0.9796445037260417,0.020355496273958273,0.9932420970332699,0.09966945280056541,5,0.001,0.1,0.9918917874581951,0.9972930310444684,1.0,0.9968552581371087,0.997521492327404,0.9949027845077365,0.9948561678627647,0.9939007039916259,0.993979318373953,0.9919073970561118,0.9894313229815029,0.9900197131228992
3,3,1.86684919179204,0.5231322110837904,5287,2.1034224203654697,0.452894438138479,881,2.1077871269311386,0.4509,0.998463073629187,0.08361524246984174,,,0.987053809796127,,0.987072423425252,0.012927576574747968,0.9932421577365738,0.09966945545981845,5,0.001,0.1,0.989854530911061,0.995979023055292,0.9968552581371087,1.0,0.9971390519189651,0.9969805416952665,0.9962772563888193,0.9960046969999892,0.9963571912332403,0.9940392980691092,0.9903805599349723,0.9919105159368209
3,4,1.8985918684928649,0.500709219858156,4935,2.1024066484891453,0.46228710462287104,822,2.1077871094115626,0.4509,0.9989127714314042,0.08371507632355746,,,0.9999999998703226,,1.0,0.0,0.9932425941118477,0.09966945579257402,5,0.001,0.1,0.988030981627603,0.9952567395184326,0.997521492327404,0.9971390519189651,1.0,0.9963820420101817,0.9963890733118882,0.9967788351241347,0.9964042758453093,0.9958186218493662,0.9934125667994756,0.9940001476895611
3,5,1.92844195872137,0.5310477823012641,4667,2.1136310863494874,0.4074550128534704,778,2.107787187107074,0.4509,0.9979786353352446,0.08352977319157025,,,0.9759703798690611,,0.9759909531127672,0.02400904688723282,0.9932419976109715,0.09966944414378445,5,0.001,0.1,0.9838073789645259,0.9931992804209571,0.9949027845077365,0.9969805416952665,0.9963820420101817,1.0,0.9958057030492251,0.996160304121625,0.9966240121219888,0.9948257554180583,0.9934707928506271,0.9937515718448636
3,6,1.9353619159970965,0.49144397035706266,4453,2.107521817088127,0.431266846361186,742,2.1077870743724105,0.4509,0.9980931898531696,0.08351494625941289,,,0.974047662526375,,0.9740675230280009,0.025932476971999074,0.9932418510101697,0.09966944386920058,5,0.001,0.1,0.9834748401936558,0.9923561515102388,0.9948561678627647,0.9962772563888193,0.9963890733118882,0.9958057030492251,1.0,0.9973953639326558,0.9973551934992648,0.9963408864520757,0.9920387247394185,0.9949818677304693
3,7,1.9513727602674,0.5010053776011223,4277,2.108464344688084,0.4544179523141655,713,2.1077870606614377,0.4509,0.9983946483388311,0.08354961019294689,,,0.9785427897357122,,0.9785619702109973,0.021438029789002666,0.9932420043155149,0.09966944444631198,5,0.001,0.1,0.9817055972987888,0.9913809819776357,0.9939007039916259,0.9960046969999892,0.9967788351241347,0.996160304121625,0.9973953639326558,1.0,0.9980923524059341,0.9981180673378521,0.9947721150066754,0.9965500013024717
3,8,1.965060759324294,0.49309760232501815,4129,2.1013645150444726,0.4680232558139535,688,2.1077871673023356,0.4509,0.9983303116349879,0.08348754304447864,,,0.9704940860993545,,0.9705202926706682,0.029479707329331806,0.9932415447972905,0.09966942731087973,5,0.001,0.1,0.9818376529708426,0.9912250272791945,0.993979318373953,0.9963571912332403,0.9964042758453093,0.9966240121219888,0.9973551934992648,0.9980923524059341,1.0,0.9969561351929533,0.9943433723191198,0.9969184419821293
3,9,1.9773232242417713,0.48672831792051985,4001,2.111526307605562,0.4662668665667166,667,2.1077873356426107,0.4509,0.9972048682804953,0.08336554128349861,,,0.9546732204485943,,0.9546930727520515,0.04530692724794849,0.9932414832678077,0.09966938344184793,5,0.001,0.1,0.9782684083338717,0.9888322926566016,0.9919073970561118,0.9940392980691092,0.9958186218493662,0.9948257554180583,0.9963408864520757,0.9981180673378521,0.9969561351929533,1.0,0.9951105912132722,0.9963867102091077
3,10,1.9814408978477853,0.4883517613782463,3889,2.110864139738537,0.4537037037037037,648,2.107789288694485,0.4509,0.9946264939197816,0.08306598273684676,,,0.9158272604964924,,0.9158523501609303,0.08414764983906975,0.9932301298244521,0.09966892853418355,5,0.001,0.1,0.9734060245983285,0.9846600166749367,0.9894313229815029,0.9903805599349723,0.9934125667994756,0.9934707928506271,0.9920387247394185,0.9947721150066754,0.9943433723191198,0.9951105912132722,1.0,0.994738535164481
3,11,1.994183178508983,0.48040094961751517,3791,2.1109289288520814,0.43670886075949367,632,2.107788482032264,0.4508,0.9959233633380612,0.08314471650674064,,,0.9260372475135891,,0.9260590947313481,0.07394090526865194,0.9932329171677402,0.09966910686824541,5,0.001,0.1,0.9757372474128596,0.9862867618062533,0.9900197131228992,0.9919105159368209,0.9940001476895611,0.9937515718448636,0.9949818677304693,0.9965500013024717,0.9969184419821293,0.9963867102091077,0.994738535164481,1.0
4,0,1.48670150190012,0.5938641344046749,8214,2.0294958574827326,0.5018261504747992,1369,2.028519060284185,0.5042,0.9893534232955528,0.0823745658878976,,,0.8,,0.800016431312282,0.19998356868771805,0.9965299647134515,0.09968899798648215,5,0.001,0.1,1.0,0.9957678093957658,0.99242703416439,0.9905647131398465,0.9885629703000072,0.9852030981250695,0.9850473145372547,0.9832561920562839,0.9830725934865284,0.9796528205985696,0.9756703644900641,0.9775492272639897
4,1,1.6124733769199224,0.5777304533008822,6574,2.0191726991108485,0.5383211678832117,1096,2.028470264075282,0.5041,0.996306254378602,0.08327902131238987,,,0.943800016355228,,0.9438242429514503,0.05617575704854971,0.9965533639581975,0.0997000847992042,5,0.001,0.1,0.9957678093957658,1.0,0.9976400478757858,0.9962973235244923,0.9955154093864599,0.9935441406210124,0.9934338462006418,0.9921726271533107,0.9919622275655885,0.9896466802223535,0.9861027076047965,0.9877287239426813
4,2,1.6819837671617117,0.5513747190039772,5783,2.028299762356666,0.5072614107883817,964,2.028469509590929,0.5041,0.998097031829308,0.08350691487607544,,,0.9800329774252904,,0.9800504537941833,0.01994954620581668,0.9965549239504666,0.09970021580324148,5,0.001,0.1,0.99242703416439,0.9976400478757858,1.0,0.9972842363731751,0.9974590125540538,0.9959035491460606,0.9958941310315971,0.9947962857425419,0.9948197819817889,0.9924958538972135,0.9908308008503818,0.9916189541189099
4,3,1.7094690528260656,0.5686022318895404,5287,2.0246258974075317,0.5153234960272418,881,2.028469496641677,0.5041,0.9986603962576269,0.08356025786070113,,,0.988514016793171,,0.9885319105749992,0.011468089425000771,0.9965549311774713,0.0997002194151843,5,0.001,0.1,0.9905647131398465,0.9962973235244923,0.9972842363731751,1.0,0.9975547067777487,0.9973165802011499,0.9967164350015362,0.9964597931137299,0.9967587778295164,0.994277910588038,0.9917280663555624,0.9929142577148684
4,4,1.7421421838575795,0.5499898682877407,4935,2.022373754244584,0.5121654501216545,822,2.0284694132332604,0.5041,0.9990004800476164,0.08363250096565031,,,0.9999999998410093,,1.0,0.0,0.9965551115168505,0.0997002219153564,5,0.001,0.1,0.9885629703000072,0.9955154093864599,0.9974590125540538,0.9975547067777487,1.0,0.9969757910212016,0.9971950480194297,0.9971235164736546,0.996860864374708,0.9957746996141754,0.9941614168830935,0.9947355652010621
4,5,1.7762743522043098,0.5700021427040926,4667,2.03676775932312,0.45758354755784064,778,2.0284695937610664,0.5041,0.9982738594587088,0.08349532888778188,,,0.9781909128403612,,0.9782091802708267,0.021790819729173294,0.9965544424665279,0.09970020926342046,5,0.001,0.1,0.9852030981250695,0.9935441406210124,0.9959035491460606,0.9973165802011499,0.9969757910212016,1.0,0.9967133871321635,0.9965815208350752,0.9969192071634634,0.9948576796111843,0.9943489595593457,0.994828983782617
4,6,1.7852559202057974,0.5411183471816753,4453,2.0279529690742493,0.48247978436657685,742,2.0284694128524,0.5041,0.9984066821960779,0.08349052041540163,,,0.9774264103693715,,0.977445607523608,0.022554392476392016,0.9965544404628797,0.09970020918831995,5,0.001,0.1,0.9850473145372547,0.9934338462006418,0.9958941310315971,0.9967164350015362,0.9971950480194297,0.9967133871321635,1.0,0.9974554943898714,0.9976289374750495,0.9958288711075973,0.9932623515277376,0.9955998738094068
4,7,1.8029366612434388,0.5441664718260463,4277,2.0294214020604673,0.5049088359046283,713,2.028469334395168,0.5041,0.9985504058828444,0.08351643248972909,,,0.9815461896433793,,0.9815631010719015,0.018436898928098522,0.9965548493562184,0.09970021590710955,5,0.001,0.1,0.9832561920562839,0.9921726271533107,0.9947962857425419,0.9964597931137299,0.9971235164736546,0.9965815208350752,0.9974554943898714,1.0,0.9982599831074502,0.9980110389475272,0.9950964366062477,0.9972676320301719
4,8,1.8186545471044686,0.5514168079438121,4129,2.0211583484302866,0.5087209302325582,688,2.028469541202338,0.5041,0.9984172525931269,0.08347404668387684,,,0.9748072399840251,,0.9748214302974068,0.025178569702593245,0.9965543121503903,0.09970020892669267,5,0.001,0.1,0.9830725934865284,0.9919622275655885,0.9948197819817889,0.9967587778295164,0.996860864374708,0.9969192071634634,0.9976289374750495,0.9982599831074502,1.0,0.9970331962299803,0.9947258606048526,0.9968418273886064
4,9,1.832386733615209,0.5348162959260185,4001,2.0317521890004477,0.5217391304347826,667,2.0284698542695456,0.5041,0.9971132276122425,0.08335706980142218,,,0.9562090015803957,,0.9562250509853955,0.04377494901460455,0.9965534891932821,0.09970015688484851,5,0.001,0.1,0.9796528205985696,0.9896466802223535,0.9924958538972135,0.994277910588038,0.9957746996141754,0.9948576796111843,0.9958288711075973,0.9980110389475272,0.9970331962299803,1.0,0.9949355851946976,0.9967523212391067
4,10,1.839900670676935,0.5375160709694009,3889,2.032126330194019,0.5077160493827161,648,2.0284720457399996,0.5041,0.9952258153926737,0.08311229995983654,,,0.9172928689881892,,0.917316670049584,0.08268332995041605,0.9965533482427413,0.09969987375651354,5,0.001,0.1,0.9756703644900641,0.9861027076047965,0.9908308008503818,0.9917280663555624,0.9941614168830935,0.9943489595593457,0.9932623515277376,0.9950964366062477,0.9947258606048526,0.9949355851946976,1.0,0.9958205897126832
4,11,1.856253600521248,0.5332102347665524,3791,2.033104532957077,0.47310126582278483,632,2.028471309536943,0.5041,0.9964776365436249,0.08320104085923757,,,0.9314018482033996,,0.9314234349175051,0.06857656508249488,0.9965531769263685,0.09969997911924958,5,0.001,0.1,0.9775492272639897,0.9877287239426813,0.9916189541189099,0.9929142577148684,0.9947355652010621,0.994828983782617,0.9955998738094068,0.9972676320301719,0.9968418273886064,0.9967523212391067,0.9958205897126832,1.0
5,0,1.3681514890741282,0.6218407596785975,8214,1.937259036441182,0.5463842220598978,1369,1.9368706606447506,0.5455,0.9894776615599045,0.08250006421226504,,,0.8,,0.800016431312282,0.19998356868771805,0.9975558480645601,0.09969525420104262,5,0.001,0.1,1.0,0.9957567741082495,0.99266667789409,0.9903164770456401,0.9888461431755213,0.9850610400854397,0.9850671673109134,0.9832946213148237,0.9828868962731073,0.9806521220749649,0.9767437171431981,0.977793485050166
5,1,1.4798026875384802,0.6056890781867965,6574,1.9248147419520787,0.5821167883211679,1096,1.9368010169020096,0.5453,0.9962971222522172,0.08327527178179346,,,0.9432162855299464,,0.9432394815437701,0.05676051845622987,0.9975726854531553,0.09970715103528124,5,0.001,0.1,0.9957567741082495,1.0,0.9974429362894732,0.9961473365388521,0.995555872067732,0.9936088169313617,0.993182047003332,0.9921341218897286,0.9919823080162745,0.9901645624593608,0.9867263001780132,0.9878550968918026
5,2,1.5431146021705964,0.5883105654504582,5783,1.9352937436872912,0.5487551867219918,964,1.9368000350440273,0.5452,0.998032253199667,0.08347114313071115,,,0.9794026801633164,,0.9794270304752516,0.020572969524748408,0.9975743989835647,0.09970726453851199,5,0.001,0.1,0.99266667789409,0.9974429362894732,1.0,0.9972507510173617,0.997336307076909,0.9959845803900903,0.9957335558710991,0.9946992045894275,0.9944699339203655,0.9927220686643236,0.9914283356067622,0.9915288093567728
5,3,1.5666269285851215,0.6023075468129374,5287,1.933424481323787,0.5573212258796821,881,1.9368000677980173,0.5452,0.9986826035642475,0.08352487735153216,,,0.9893298478205066,,0.9893438107112825,0.010656189288717477,0.9975742727334892,0.09970727114777748,5,0.001,0.1,0.9903164770456401,0.9961473365388521,0.9972507510173617,1.0,0.9976756058049336,0.9973552956734363,0.9969411973786979,0.9964621883706837,0.9967165274063716,0.9943283632683199,0.9924912269319062,0.993321286698205
5,4,1.59769320595649,0.5845997973657548,4935,1.9300310932672942,0.5450121654501217,822,1.9368000567530672,0.5452,0.9990983813390991,0.08358263323148492,,,0.9999999998152542,,1.0,0.0,0.9975741190693258,0.09970727674049154,5,0.001,0.1,0.9888461431755213,0.995555872067732,0.997336307076909,0.9976756058049336,1.0,0.9973750223324285,0.9972002255628412,0.9972855100347462,0.9968527015252778,0.9962593086218176,0.9945631139327852,0.9950167493069731
5,5,1.6317597737051037,0.6021427040925648,4667,1.9478798627853393,0.506426735218509,778,1.9368001386380425,0.5452,0.9983596324203857,0.08347460659868834,,,0.9800425410705667,,0.9800649520109027,0.019935047989097288,0.9975744601352062,0.09970726457531091,5,0.001,0.1,0.9850610400854397,0.9936088169313617,0.9959845803900903,0.9973552956734363,0.9973750223324285,1.0,0.9969057938596625,0.9965013539573253,0.9969610478528795,0.9951912604495662,0.9950769542443378,0.9950734006124173
5,6,1.6381727296113968,0.5849988771614641,4453,1.9362121870120366,0.5134770889487871,742,1.9367998305220193,0.5452,0.9984730399937678,0.08347531858872247,,,0.9801740781865982,,0.9801906032224703,0.019809396777529686,0.9975744604418219,0.09970726457714212,5,0.001,0.1,0.9850671673109134,0.993182047003332,0.9957335558710991,0.9969411973786979,0.9972002255628412,0.9969057938596625,1.0,0.9975265022957333,0.9976768088214117,0.9964293832614427,0.9938618515677556,0.9959235014965349
5,7,1.658087130980705,0.581108253448679,4277,1.9380701417508333,0.5497896213183731,713,1.9367997493987648,0.5452,0.99848604079284,0.08349163811665261,,,0.9831890412282767,,0.9832013995611874,0.01679860043881265,0.9975744005996934,0.09970726470918469,5,0.001,0.1,0.9832946213148237,0.9921341218897286,0.9946992045894275,0.9964621883706837,0.9972855100347462,0.9965013539573253,0.9975265022957333,1.0,0.9982226159135935,0.9978814856597479,0.9953098892060057,0.9972728349363007
5,8,1.6738432278999915,0.5911358682489707,4129,1.9285733157938176,0.5450581395348837,688,1.9367999965771319,0.5452,0.9983137720341771,0.08346006676990068,,,0.9773563698397097,,0.9773779491789176,0.022622050821082373,0.9975745261002391,0.0997072580435707,5,0.001,0.1,0.9828868962731073,0.9919823080162745,0.9944699339203655,0.9967165274063716,0.9968527015252778,0.9969610478528795,0.9976768088214117,0.9982226159135935,1.0,0.9971627075709711,0.9950315525681097,0.9965606655483953
5,9,1.6937153768917872,0.5716070982254436,4001,1.9395184687205724,0.5502248875562219,667,1.93680032107015,0.5453,0.9973487078126099,0.08335712312263165,,,0.9583379709485003,,0.9583611215820454,0.04163887841795455,0.9975742702887707,0.09970723550966946,5,0.001,0.1,0.9806521220749649,0.9901645624593608,0.9927220686643236,0.9943283632683199,0.9962593086218176,0.9951912604495662,0.9964293832614427,0.9978814856597479,0.9971627075709711,1.0,0.9952846154896476,0.996898127097762
5,10,1.6972809527741104,0.5706351247107225,3889,1.9407673733575004,0.5509259259259259,648,1.9368032476010795,0.5453,0.9956452006898904,0.08315191776025894,,,0.920427157219317,,0.9204482848609621,0.07955171513903792,0.9975725962756504,0.09970693263414213,5,0.001,0.1,0.9767437171431981,0.9867263001780132,0.9914283356067622,0.9924912269319062,0.9945631139327852,0.9950769542443378,0.9938618515677556,0.9953098892060057,0.9950315525681097,0.9952846154896476,1.0,0.9960676268471398
5,11,1.7146921867082099,0.5695067264573991,3791,1.9432464361190795,0.5268987341772152,632,1.9368022428914762,0.5452,0.9965422523751012,0.08323533933535877,,,0.9358389367071294,,0.9358502237558114,0.0641497762441886,0.9975724719185264,0.09970705437448699,5,0.001,0.1,0.977793485050166,0.9878550968918026,0.9915288093567728,0.993321286698205,0.9950167493069731,0.9950734006124173,0.9959235014965349,0.9972728349363007,0.9965606655483953,0.996898127097762,0.9960676268471398,1.0
6,0,1.2681930670478465,0.642317993669345,8214,1.8338086438733479,0.5821767713659606,1369,1.8341777671259432,0.5765,0.9892352584205351,0.08257190016724032,,,1.0,,1.0,0.0,0.9976501708964479,0.09969884271978069,5,0.001,0.1,1.0,0.9955720326106882,0.9927188363613992,0.9897708518071286,0.9887602002604434,0.9847081281340069,0.984573795385631,0.9828868666964401,0.9818059614574903,0.9802036955577583,0.9769550797803922,0.9772249485120226
6,1,1.3670015551511523,0.6278673562519014,6574,1.819121275629316,0.6012773722627737,1096,1.8340971683160947,0.576,0.9960737562449693,0.0832684383726521,,,1.0,,1.0,0.0,0.9977760674207767,0.09969884271978069,5,0.001,0.1,0.9955720326106882,1.0,0.9973715435672279,0.9959121290264346,0.9952895122425096,0.9932643253879322,0.9926532037934286,0.9918038344874832,0.9909992639911308,0.9897229789886706,0.9869012434324725,0.9873943353644811
6,2,1.4235670107504281,0.6123119488154937,5783,1.8310031352504608,0.5840248962655602,964,1.8340961887432745,0.576,0.9978250807647323,0.08344518952284505,,,1.0,,1.0,0.0,0.9977769020276526,0.09969884271978069,5,0.001,0.1,0.9927188363613992,0.9973715435672279,1.0,0.9971150212526587,0.9969476402521623,0.995800343007682,0.9951778805524207,0.994118164087187,0.9938025835426404,0.9925373756588344,0.9913774554914659,0.990823442803427
6,3,1.4422104374471918,0.6295063362965765,5287,1.8310838852609908,0.5993189557321226,881,1.83409619483704,0.576,0.9987221927372889,0.08350713491268018,,,1.0,,1.0,0.0,0.9977771536917102,0.09969884271978069,5,0.001,0.1,0.9897708518071286,0.9959121290264346,0.9971150212526587,1.0,0.9975947329574969,0.997205572432445,0.9969298419804979,0.9964507417158379,0.9965236376465656,0.9946267581828233,0.9930096762468226,0.9933419373845366
6,4,1.4704674577713013,0.6119148936170212,4935,1.8268847098717322,0.5705596107055961,822,1.8340961856963915,0.576,0.9989694452264237,0.08355056033063063,,,1.0,,1.0,0.0,0.9977773221276978,0.09969884271978069,5,0.001,0.1,0.9887602002604434,0.9952895122425096,0.9969476402521623,0.9975947329574969,1.0,0.9969910293244055,0.9969852406111839,0.9969939191374553,0.9964840217163786,0.9961439058540931,0.9945078597225566,0.9947327652989378
6,5,1.5024803101199946,0.6221127062352689,4667,1.848476438522339,0.5359897172236504,778,1.8340962889095465,0.576,0.9982420463211295,0.08346078102245433,,,1.0,,1.0,0.0,0.9977769040247453,0.09969884271978069,5,0.001,0.1,0.9847081281340069,0.9932643253879322,0.995800343007682,0.997205572432445,0.9969910293244055,1.0,0.9968023377068952,0.9961814261214903,0.9966114707788716,0.9950352521136379,0.9951265843182495,0.9949702266160826
6,6,1.505953989795276,0.6117673478553785,4453,1.833687533934911,0.5512129380053908,742,1.8340958680588597,0.576,0.9983928705333717,0.08346608890574256,,,1.0,,1.0,0.0,0.997776904043244,0.09969884271978069,5,0.001,0.1,0.984573795385631,0.9926532037934286,0.9951778805524207,0.9969298419804979,0.9969852406111839,0.9968023377068952,1.0,0.9973928415635508,0.9973920436278827,0.9962065508454903,0.9943673590734777,0.9960156785465704
6,7,1.525880553206401,0.6091185410334347,4277,1.83562912111697,0.5596072931276297,713,1.8340958002657175,0.576,0.9983739689910736,0.0834754924630229,,,1.0,,1.0,0.0,0.9977769064547483,0.09969884271978069,5,0.001,0.1,0.9828868666964401,0.9918038344874832,0.994118164087187,0.9964507417158379,0.9969939191374553,0.9961814261214903,0.9973928415635508,1.0,0.9980764600740017,0.9978921857346951,0.9953525516654342,0.9971094661510282
6,8,1.5362407974554941,0.6182610801646888,4129,1.825056422840465,0.5741279069767442,688,1.8340960744851695,0.576,0.998138629136401,0.08344851914163551,,,1.0,,1.0,0.0,0.9977767882974878,0.09969884271978069,5,0.001,0.1,0.9818059614574903,0.9909992639911308,0.9938025835426404,0.9965236376465656,0.9964840217163786,0.9966114707788716,0.9973920436278827,0.9980764600740017,1.0,0.997111117158744,0.9956231945600162,0.9970043301873542
6,9,1.561107448452995,0.5997500624843789,4001,1.8361472686131795,0.5817091454272864,667,1.8340964050719533,0.576,0.9973597746142392,0.08336019705663,,,1.0,,1.0,0.0,0.9977765559067412,0.09969884271978069,5,0.001,0.1,0.9802036955577583,0.9897229789886706,0.9925373756588344,0.9946267581828233,0.9961439058540931,0.9950352521136379,0.9962065508454903,0.9978921857346951,0.997111117158744,1.0,0.9956310839585164,0.9970042604039456
6,10,1.5655864400941817,0.5973772177937773,3889,1.8378997530255998,0.5802469135802469,648,1.8340995456463993,0.576,0.9959300491377934,0.08318810466844984,,,1.0,,1.0,0.0,0.997773180405338,0.09969884271978069,5,0.001,0.1,0.9769550797803922,0.9869012434324725,0.9913774554914659,0.9930096762468226,0.9945078597225566,0.9951265843182495,0.9943673590734777,0.9953525516654342,0.9956231945600162,0.9956310839585164,1.0,0.9961539442624125
6,11,1.5809716711525155,0.5980480084410446,3791,1.8425179839134216,0.569620253164557,632,1.8340983943055613,0.576,0.9964966727147962,0.08325759343601652,,,1.0,,1.0,0.0,0.9977748899625497,0.09969884271978069,5,0.001,0.1,0.9772249485120226,0.9873943353644811,0.990823442803427,0.9933419373845366,0.9947327652989378,0.9949702266160826,0.9960156785465704,0.9971094661510282,0.9970043301873542,0.9970042604039456,0.9961539442624125,1.0
