round,client_id,client_i_training_loss,client_i_training_accuracy,client_i_training_dataset_size,client_i_evaluation_loss,client_i_evaluation_accuracy,client_i_evaluation_dataset_size,client_i_central_evaluation_loss,client_i_central_evaluation_accuracy,client_i_cosine_similarity,client_i_importance_coefficient,client_i_tanh_val,tanh_normalization_value,client_i_q,client_i_mask_order,client_i_v_nonzero_fraction,client_i_v_sparsity,client_i_v_cosine_similarity,client_i_reward_gradient_norm,local_epochs,learning_rate,gamma,client_0_cosine_similarity,client_1_cosine_similarity,client_2_cosine_similarity,client_3_cosine_similarity,client_4_cosine_similarity,client_5_cosine_similarity,client_6_cosine_similarity,client_7_cosine_similarity,client_8_cosine_similarity,client_9_cosine_similarity,client_10_cosine_similarity,client_11_cosine_similarity
0,0,2.235892779518057,0.16137326515704895,6845,2.2999088113958184,0.10591672753834916,1369,2.298936418340176,0.1102,0.8924624191090028,0.07868516991262185,,,0.6,,0.6000148536911423,0.39998514630885773,0,0.14089054419082692,10,0.025,0.15,1.0,0.9341883872237593,0.880249050070568,0.8706733519423485,0.8182957397882075,0.8166892041538891,0.8061442064572052,0.7766775500659377,0.7714610840755791,0.7340236763696043,0.7427342888711448,0.7215586908311604
0,1,2.2665554784065067,0.14824753559693318,5478,2.296529663933648,0.11131386861313869,1096,2.298860507675364,0.1052,0.9559973808729157,0.08428681672120847,,,0.8909679751284798,,0.8909986631677972,0.10900133683220281,0,0.14159082508538742,10,0.025,0.15,0.9341883872237593,1.0,0.9522283728721023,0.9392080746397492,0.900670671445813,0.8987064389257653,0.8952400408902756,0.8594999458077554,0.8609647241912948,0.8245667883538669,0.8250468988002577,0.8102660044550506
0,2,2.2824312429679066,0.120850622406639,4820,2.299454301595688,0.11099585062240663,964,2.2988580389867854,0.1052,0.9662769821885393,0.08519313183188995,,,0.9380449654483805,,0.938084864088726,0.061915135911273955,0,0.14162020819905957,10,0.025,0.15,0.880249050070568,0.9522283728721023,1.0,0.9576086168928205,0.9161820800341631,0.9193595806496936,0.9248278269195332,0.8974647964779198,0.9160460265406206,0.8515265506412977,0.8361298415737507,0.8420156134540179
0,3,2.2874989673069543,0.13011802088061733,4406,2.298661368233817,0.09875141884222474,881,2.298857863945297,0.1052,0.977621739730747,0.08619335789823492,,,0.9899999999480567,,0.9900232707827895,0.00997672921721049,0,0.14162117214775205,10,0.025,0.15,0.8706733519423485,0.9392080746397492,0.9576086168928205,1.0,0.938599120094908,0.931179075233778,0.9408349384767305,0.9228056333820146,0.9308270810493489,0.8963536753664592,0.8724559501651112,0.8686263433154995
0,4,2.2948560302907772,0.12422178988326849,4112,2.298412493297032,0.10462287104622871,822,2.2988580238970022,0.1052,0.9672423143535714,0.0852782416626249,,,0.9424658502272132,,0.9425162152794969,0.057483784720503084,0,0.14162038061783108,10,0.025,0.15,0.8182957397882075,0.900670671445813,0.9161820800341631,0.938599120094908,1.0,0.9579374103310709,0.9224527587219804,0.9340155578060313,0.9181557172130819,0.8898796983838384,0.9150105871430936,0.9157444070134103
0,5,2.2948990360383066,0.13520185137567498,3889,2.2968649183000838,0.08740359897172237,778,2.2988580661483957,0.1053,0.9658482254137817,0.08515532990437946,,,0.936081408894472,,0.9361126239870607,0.06388737601293926,0,0.14162008113269067,10,0.025,0.15,0.8166892041538891,0.8987064389257653,0.9193595806496936,0.931179075233778,0.9579374103310709,1.0,0.9245732881146703,0.9334715482213326,0.9101827335969565,0.8955959048504746,0.92263137548299,0.903224902686817
0,6,2.2946988056445945,0.10972783616275937,3711,2.2998129526774087,0.09433962264150944,742,2.2988581083997897,0.1052,0.9630416337946314,0.08490788291535258,,,0.9232281977212101,,0.9232641811490155,0.07673581885098446,0,0.14161931888726706,10,0.025,0.15,0.8061442064572052,0.8952400408902756,0.9248278269195332,0.9408349384767305,0.9224527587219804,0.9245732881146703,1.0,0.9365705946528734,0.9416922867868458,0.923403471723184,0.8888956986464264,0.886217696454858
0,7,2.296094231094633,0.11846240179573513,3564,2.2980287869771323,0.09957924263674614,713,2.298861195769491,0.1052,0.9493556665778913,0.08370124089568873,,,0.8605512391117622,,0.8605898565793599,0.13941014342064006,0,0.14158481468895195,10,0.025,0.15,0.7766775500659377,0.8594999458077554,0.8974647964779198,0.9228056333820146,0.9340155578060313,0.9334715482213326,0.9365705946528734,1.0,0.9369734990639138,0.8906136878192147,0.8973252352645998,0.8824655829071126
0,8,2.2946618680600768,0.1055797733217088,3441,2.2961103518803916,0.12645348837209303,688,2.2988617088221295,0.1052,0.9450904318869899,0.08332519064507331,,,0.8410179511864326,,0.8410572527273027,0.1589427472726973,0,0.1415793997714607,10,0.025,0.15,0.7714610840755791,0.8609647241912948,0.9160460265406206,0.9308270810493489,0.9181557172130819,0.9101827335969565,0.9416922867868458,0.9369734990639138,1.0,0.8804513685103973,0.8589727778246029,0.8837769104412189
0,9,2.297860746913486,0.12381523695260947,3334,2.2984071175257363,0.095952023988006,667,2.2988741005523297,0.1049,0.9219250219512193,0.08128278059187305,,,0.7349284496757733,,0.7349771418197422,0.26502285818025784,0,0.14147551495987323,10,0.025,0.15,0.7340236763696043,0.8245667883538669,0.8515265506412977,0.8963536753664592,0.8898796983838384,0.8955959048504746,0.923403471723184,0.8906136878192147,0.8804513685103973,1.0,0.9192197943672972,0.899153962474843
0,10,2.299045426111955,0.1236346806541191,3241,2.295106609662374,0.1388888888888889,648,2.2988739315467543,0.1049,0.9222327107467937,0.08130990839539912,,,0.7363375570921074,,0.7363799904276213,0.26362000957237874,0,0.14147693277927628,10,0.025,0.15,0.7427342888711448,0.8250468988002577,0.8361298415737507,0.8724559501651112,0.9150105871430936,0.92263137548299,0.8888956986464264,0.8973252352645998,0.8589727778246029,0.9192197943672972,1.0,0.9336129742481093
0,11,2.298966025352478,0.10465337132003799,3159,2.3021615028381346,0.09335443037974683,632,2.298878313619879,0.1047,0.9150989273635621,0.08068094862565349,,,0.7036673161980129,,0.703718374015943,0.29628162598405705,0,0.1414424725429775,10,0.025,0.15,0.7215586908311604,0.8102660044550506,0.8420156134540179,0.8686263433154995,0.9157444070134103,0.903224902686817,0.886217696454858,0.8824655829071126,0.8837769104412189,0.899153962474843,0.9336129742481093,1.0
1,0,2.088664400577545,0.22940832724616508,6845,2.29040282422846,0.12344777209642074,1369,2.288613796234131,0.1404,0.8990049512041818,0.07817115413723935,,,0.6,,0.6000148536911423,0.39998514630885773,0.878288673979401,0.144822873971031,10,0.025,0.15,1.0,0.9525999348903001,0.9156746792696264,0.9167730482110509,0.8824277446006896,0.8676880071430438,0.8456763651019945,0.8310417297732015,0.8254017597370117,0.8180861650601718,0.8114739697757646,0.7879676833012617
1,1,2.1212846362313558,0.22166849215041987,5478,2.286937501695421,0.1541970802919708,1096,2.2884584620029114,0.1434,0.9509897115489984,0.08334385486350904,,,0.8785398051987969,,0.8785793269627502,0.1214206730372498,0.8864670544048726,0.14535768994069984,10,0.025,0.15,0.9525999348903001,1.0,0.9605591415633514,0.9573496049303707,0.9411430900708649,0.9284661227338192,0.9079564154048916,0.8964539786956423,0.8913608941541514,0.8852534489278823,0.877241549608241,0.856745686518847
1,2,2.1691337613683,0.19215767634854772,4820,2.2881617844104767,0.1462655601659751,964,2.2884508446802068,0.1435,0.9765803703588586,0.08474173506323307,,,0.9538129166983635,,0.9538627849020481,0.04613721509795188,0.8865568770221346,0.14538321916113264,10,0.025,0.15,0.9156746792696264,0.9605591415633514,1.0,0.9686184401650672,0.9657976963989381,0.957618483002506,0.952654291108291,0.9372986242425833,0.9371955082577953,0.9322264912261639,0.9183478264325523,0.9053688626212842
1,3,2.169029953820365,0.19832047208352246,4406,2.287503174373082,0.13507377979568672,881,2.2884510378294354,0.1435,0.9781570285978458,0.0854137573318773,,,0.989999999946152,,0.9900232707827895,0.00997672921721049,0.8865276343692051,0.1453836691870756,10,0.025,0.15,0.9167730482110509,0.9573496049303707,0.9686184401650672,1.0,0.9646490444185748,0.9547784179924073,0.952898607723465,0.9425069523365193,0.941927765067991,0.9302949980911864,0.9332585612537654,0.9067849021110524
1,4,2.2071615291364264,0.18548151750972763,4112,2.2875023228781566,0.14476885644768855,822,2.288450944272778,0.1435,0.9835407740885812,0.0850218126910461,,,0.9688945485227975,,0.9689310293607961,0.031068970639203886,0.8865462822662482,0.14538354020488084,10,0.025,0.15,0.8824277446006896,0.9411430900708649,0.9657976963989381,0.9646490444185748,1.0,0.9755783135583082,0.9587383502096015,0.9581009757944339,0.9549195783081164,0.9447649960045872,0.9510654581763469,0.9350479924685421
1,5,2.2083156654911655,0.1891745950115711,3889,2.2859083584376743,0.14781491002570693,778,2.288451043865349,0.1435,0.9859538067589514,0.0850243501029154,,,0.9690311831833327,,0.9690630621709495,0.030936937829050493,0.8865449544134053,0.14538354031968012,10,0.025,0.15,0.8676880071430438,0.9284661227338192,0.957618483002506,0.9547784179924073,0.9755783135583082,1.0,0.9663564581231292,0.9703228949738453,0.9654488649742933,0.9604762870436782,0.9627073397206245,0.9517412470818022
1,6,2.217463902358351,0.18019401778496363,3711,2.2904027700424194,0.14150943396226415,742,2.2884508869316003,0.1435,0.9840588392338905,0.08480895832201162,,,0.9574327575505344,,0.9574689310293608,0.042531068970639185,0.88653934579854,0.1453833159945889,10,0.025,0.15,0.8456763651019945,0.9079564154048916,0.952654291108291,0.952898607723465,0.9587383502096015,0.9663564581231292,1.0,0.9747851702129496,0.9788299627011824,0.9728875975496577,0.9692632072249345,0.9594633316892576
1,7,2.2281321346759797,0.1691638608305275,3564,2.2880542278289795,0.1458625525946704,713,2.2884549853167955,0.1434,0.980586136873636,0.08394696477242788,,,0.9110160928159363,,0.9110759023617369,0.08892409763826314,0.8863984336097427,0.1453784645140324,10,0.025,0.15,0.8310417297732015,0.8964539786956423,0.9372986242425833,0.9425069523365193,0.9581009757944339,0.9703228949738453,0.9747851702129496,1.0,0.9786576221697063,0.9687555890488783,0.9767991999425278,0.9649612904417412
1,8,2.2182650680895204,0.16666666666666666,3441,2.2850519816080728,0.1511627906976744,688,2.2884585917750493,0.1435,0.9797348119021275,0.08368586520543556,,,0.8969563924048551,,0.8969979039791388,0.10300209602086119,0.8864231169832056,0.1453607441412845,10,0.025,0.15,0.8254017597370117,0.8913608941541514,0.9371955082577953,0.941927765067991,0.9549195783081164,0.9654488649742933,0.9788299627011824,0.9786576221697063,1.0,0.9715799460953297,0.9748580503429417,0.9697437245859964
1,9,2.224898376729753,0.17333533293341333,3334,2.287988026936849,0.15442278860569716,667,2.288471680653246,0.1433,0.9727099880642724,0.08218937507612048,,,0.8163733292895947,,0.8164166295324388,0.18358337046756124,0.8853783168205804,0.1453336720433326,10,0.025,0.15,0.8180861650601718,0.8852534489278823,0.9322264912261639,0.9302949980911864,0.9447649960045872,0.9604762870436782,0.9728875975496577,0.9687555890488783,0.9715799460953297,1.0,0.9628068147366546,0.9619162337850489
1,10,2.2423880723806526,0.17235421166306694,3241,2.2856791019439697,0.1712962962962963,648,2.2884714784501474,0.1433,0.9730287963565136,0.08221661509418557,,,0.8178401509224273,,0.8178854945453945,0.1821145054546055,0.8853876923123057,0.14533442580588174,10,0.025,0.15,0.8114739697757646,0.877241549608241,0.9183478264325523,0.9332585612537654,0.9510654581763469,0.9627073397206245,0.9692632072249345,0.9767991999425278,0.9748580503429417,0.9628068147366546,1.0,0.9751107595732451
1,11,2.240355208396912,0.1722380500158278,3159,2.2925971031188963,0.11867088607594936,632,2.2884655240215834,0.1428,0.9610588226829497,0.08143555733999862,,,0.7757817202857231,,0.7758247924609265,0.2241752075390735,0.8861479562118756,0.14528720052618851,10,0.025,0.15,0.7879676833012617,0.856745686518847,0.9053688626212842,0.9067849021110524,0.9350479924685421,0.9517412470818022,0.9594633316892576,0.9649612904417412,0.9697437245859964,0.9619162337850489,0.9751107595732451,1.0
2,0,1.9998658665904292,0.26613586559532504,6845,2.2757853377949107,0.14755295836376917,1369,2.2729632492306866,0.1631,0.9159106231049304,0.07830928568155274,,,0.6,,0.6000148536911423,0.39998514630885773,0.9514094896479924,0.14520452832326947,10,0.025,0.15,1.0,0.950246177772965,0.9234088340794216,0.9255997506874405,0.8996094417865618,0.8910253459374448,0.8691995244559967,0.8675516831854366,0.8490818034134653,0.8480813001044751,0.842593174545396,0.8226872363287757
2,1,2.027693725186725,0.2633990507484483,5478,2.2718085183037653,0.1760948905109489,1096,2.2726333654379545,0.1718,0.9591216465071093,0.08292378537368943,,,0.8731678814002743,,0.8731989899490024,0.12680101005099764,0.9554014732472371,0.14581304226755004,10,0.025,0.15,0.950246177772965,1.0,0.9593629554841117,0.9590072668335856,0.943972198029532,0.9386886369631844,0.9200527592208951,0.9212631369933748,0.9090792705350694,0.9073304932683596,0.8968132015828632,0.8823669015178838
2,2,2.0753829796063274,0.23983402489626557,4820,2.2717885076999664,0.1825726141078838,964,2.2726186740247507,0.1718,0.9766354643048306,0.08436115893138618,,,0.9582571252474201,,0.9582858840421845,0.04171411595781549,0.9555227456022735,0.14583763497798166,10,0.025,0.15,0.9234088340794216,0.9593629554841117,1.0,0.9651855785266206,0.9629445820030773,0.9563641466996147,0.9525975958510614,0.9469887925391591,0.9378224365710878,0.9384422043983841,0.9269089525217407,0.9200514784682734
2,3,2.0675234719685145,0.2461870177031321,4406,2.2706899302346364,0.15664018161180476,881,2.2726195492321932,0.1717,0.9803088480002472,0.08489737675007443,,,0.9899999999408022,,0.9900232707827895,0.00997672921721049,0.955526811825434,0.1458382336365384,10,0.025,0.15,0.9255997506874405,0.9590072668335856,0.9651855785266206,1.0,0.9606650149849223,0.9585327282339878,0.9585527642905121,0.9529122127023213,0.944927708557645,0.9400989246873022,0.9414011257493078,0.9260844734446718
2,4,2.11113896261562,0.2340466926070039,4112,2.2710047449384416,0.17274939172749393,822,2.2726191900953463,0.1717,0.9827648518966549,0.08473460672806309,,,0.9803643850237436,,0.9804013797428661,0.01959862025713388,0.9555155663474435,0.1458381650663975,10,0.025,0.15,0.8996094417865618,0.943972198029532,0.9629445820030773,0.9606650149849223,1.0,0.9733886038982942,0.96060114713678,0.9582889177110504,0.953940519703741,0.9513313224356815,0.949920343935569,0.9458782531842899
2,5,2.107506173656833,0.23887888917459502,3889,2.2689735548836842,0.18251928020565553,778,2.272619380226618,0.1718,0.9831534441239153,0.08474885221720005,,,0.9812076855647938,,0.9812430889075935,0.018756911092406514,0.955515959500612,0.14583817422234252,10,0.025,0.15,0.8910253459374448,0.9386886369631844,0.9563641466996147,0.9585327282339878,0.9733886038982942,1.0,0.9594478898559891,0.9624659972895722,0.9608665592124348,0.9592452654397391,0.9551616714810592,0.9497471293279857
2,6,2.117759649506931,0.23152789005658853,3711,2.2756592830022178,0.16711590296495957,742,2.2726190361795546,0.1717,0.9832716913826862,0.0846192414605311,,,0.9735350237015203,,0.9735769338680662,0.026423066131933792,0.9555178687643194,0.1458380606627835,10,0.025,0.15,0.8691995244559967,0.9200527592208951,0.9525975958510614,0.9585527642905121,0.96060114713678,0.9594478898559891,1.0,0.9710438467341379,0.9745291527827695,0.9695552805462981,0.9692149818803902,0.9610626104472754
2,7,2.127588736585208,0.2211560044893378,3564,2.272713820139567,0.17952314165497896,713,2.2726250509672528,0.1717,0.9824661463978624,0.08405883727845836,,,0.9403603713322668,,0.9403954382664093,0.059604561733590744,0.9554424787991039,0.14583659556119755,10,0.025,0.15,0.8675516831854366,0.9212631369933748,0.9469887925391591,0.9529122127023213,0.9582889177110504,0.9624659972895722,0.9710438467341379,1.0,0.9738590720677593,0.9657325559135521,0.9739319875757702,0.9628948095605758
2,8,2.1233430288456105,0.2159546643417611,3441,2.2678022384643555,0.17151162790697674,688,2.272630794138848,0.1717,0.9796530335621885,0.08380530311129224,,,0.9253517255574342,,0.9253932102127379,0.0746067897872621,0.9554459915689717,0.1458343829440472,10,0.025,0.15,0.8490818034134653,0.9090792705350694,0.9378224365710878,0.944927708557645,0.953940519703741,0.9608665592124348,0.9745291527827695,0.9738590720677593,1.0,0.9730033804729524,0.9744117970286198,0.972262535534482
2,9,2.1238810146296467,0.22339532093581282,3334,2.272196888923645,0.17841079460269865,667,2.2726486362988436,0.1721,0.9766207523986042,0.08277911346069337,,,0.8646036333543595,,0.8646333613903054,0.13536663860969456,0.9553730137700939,0.14580936093871177,10,0.025,0.15,0.8480813001044751,0.9073304932683596,0.9384422043983841,0.9400989246873022,0.9513313224356815,0.9592452654397391,0.9695552805462981,0.9657325559135521,0.9730033804729524,1.0,0.9668592668850825,0.9693251389779937
2,10,2.14268846145043,0.21681579759333539,3241,2.2703478733698526,0.18981481481481483,648,2.2726487871966783,0.1721,0.9749587866927164,0.08274179088691949,,,0.8623942219151107,,0.8624218118202374,0.13757818817976264,0.9553821663869012,0.14580822468906526,10,0.025,0.15,0.842593174545396,0.8968132015828632,0.9269089525217407,0.9414011257493078,0.949920343935569,0.9551616714810592,0.9692149818803902,0.9739319875757702,0.9744117970286198,0.9668592668850825,1.0,0.9723309111032883
2,11,2.1500647253990173,0.2229503007280785,3159,2.2781554222106934,0.15348101265822786,632,2.272655007205432,0.1721,0.9676868063681352,0.0820206481201396,,,0.8197042110946351,,0.8197504579888102,0.1802495420111898,0.9545649797088221,0.14578204351762014,10,0.025,0.15,0.8226872363287757,0.8823669015178838,0.9200514784682734,0.9260844734446718,0.9458782531842899,0.9497471293279857,0.9610626104472754,0.9628948095605758,0.972262535534482,0.9693251389779937,0.9723309111032883,1.0
3,0,1.936897549364302,0.2930898466033601,6845,2.2553645914251153,0.19357195032870708,1369,2.251486452319954,0.2067,0.9258811914368571,0.07872313506309657,,,0.6,,0.6000148536911423,0.39998514630885773,0.9749922854509794,0.14513039679889217,10,0.025,0.15,1.0,0.9497382118881186,0.9287836910913875,0.9265538627778606,0.9044196574324516,0.9015152532248222,0.8828117895985322,0.8807843952216035,0.8678929410314229,0.8631331221975871,0.8594270422168788,0.8398280966243233
3,1,1.9596849250238995,0.2920591456736035,5478,2.2508264117770724,0.21715328467153286,1096,2.250855590723738,0.2128,0.962273552212864,0.08276952746883398,,,0.8684294265685774,,0.8684623128847518,0.13153768711524816,0.9786619174376099,0.1457913750155423,10,0.025,0.15,0.9497382118881186,1.0,0.9570702038338805,0.9558936994708661,0.9420014296274016,0.9384401275748944,0.9240364536862334,0.9286658696613346,0.9199136800130737,0.9105976259644211,0.9055766818087738,0.8926581040927927
3,2,2.0089612637695513,0.27010373443983404,4820,2.2496527433395386,0.21991701244813278,964,2.2508244273028795,0.2132,0.9764579897544715,0.08412284474800118,,,0.9582057371155016,,0.958236371738377,0.041763628261623054,0.9790391889190584,0.14581229626325803,10,0.025,0.15,0.9287836910913875,0.9570702038338805,1.0,0.9614345336575929,0.9600823789832101,0.9525135726293954,0.9503665185096738,0.9484902471294591,0.9402752803882419,0.934505216577568,0.9308372589575327,0.9231689615961314
3,3,1.988030412878309,0.2796640944167045,4406,2.2477239881243025,0.19977298524404086,881,2.2508247804038133,0.2132,0.9809651327013066,0.08460212179768245,,,0.9899999999336621,,0.9900232707827895,0.00997672921721049,0.9790608587415294,0.1458128986726781,10,0.025,0.15,0.9265538627778606,0.9558936994708661,0.9614345336575929,1.0,0.957539677804773,0.9581378024622766,0.9563489723544676,0.9568600903865466,0.9486440542482604,0.9371472849302528,0.9469316491180229,0.9342650869857586
3,4,2.0412952318336024,0.26478599221789884,4112,2.248493092400687,0.21532846715328466,822,2.2508240500582923,0.2132,0.980971686760157,0.08450147142413122,,,0.9833230592548587,,0.9833473618194121,0.01665263818058793,0.9790643260406089,0.14581285963764964,10,0.025,0.15,0.9044196574324516,0.9420014296274016,0.9600823789832101,0.957539677804773,1.0,0.9657383026758932,0.958261287989736,0.9575488954517265,0.9541572823209541,0.9429059268808109,0.9497886818015585,0.9461362876504287
3,5,2.0326549580020288,0.27737207508356904,3889,2.2456442969185963,0.22879177377892032,778,2.2508242190638676,0.2132,0.9809898666114519,0.08451089188807855,,,0.9839479936363597,,0.9839910217689096,0.016008978231090376,0.9790624368426528,0.14581286646979494,10,0.025,0.15,0.9015152532248222,0.9384401275748944,0.9525135726293954,0.9581378024622766,0.9657383026758932,1.0,0.955852741504018,0.9575862868240926,0.9602627237344672,0.951110295655377,0.952454969524167,0.9451232607523696
3,6,2.041012569131522,0.2682565346267852,3711,2.255323131879171,0.20485175202156333,742,2.250824155686777,0.2132,0.9816112045648094,0.08445084018107674,,,0.9799642857655897,,0.9800052813124062,0.019994718687593838,0.9790535318618163,0.14581282478782703,10,0.025,0.15,0.8828117895985322,0.9240364536862334,0.9503665185096738,0.9563489723544676,0.958261287989736,0.955852741504018,1.0,0.9664620789951397,0.9708089870838554,0.9537346802722194,0.966527881822571,0.9600432969445478
3,7,2.046517518588475,0.2559203142536476,3564,2.251447916030884,0.21598877980364656,713,2.250835050510455,0.2131,0.98092967412424,0.08408134536769991,,,0.9554527527926207,,0.9554884388770609,0.04451156112293908,0.9790259808529916,0.14581218429202958,10,0.025,0.15,0.8807843952216035,0.9286658696613346,0.9484902471294591,0.9568600903865466,0.9575488954517265,0.9575862868240926,0.9664620789951397,1.0,0.9643310981627735,0.9510832054680802,0.9674250526556742,0.9581856983607192
3,8,2.049956657709899,0.25204882301656495,3441,2.2441145181655884,0.20784883720930233,688,2.250844807564458,0.2128,0.9791739411128974,0.08386697508957239,,,0.9412318653795444,,0.9412784076843096,0.05872159231569041,0.9790274716693641,0.14581141642168577,10,0.025,0.15,0.8678929410314229,0.9199136800130737,0.9402752803882419,0.9486440542482604,0.9541572823209541,0.9602627237344672,0.9708089870838554,0.9643310981627735,1.0,0.9564271304356364,0.9668009412599381,0.9670877673058902
3,9,2.046614744928148,0.2589382123575285,3334,2.250586907068888,0.22488755622188905,667,2.25088028968135,0.2148,0.9693871588016038,0.08291188389481703,,,0.8778730617782521,,0.8779109108613491,0.12208908913865091,0.978626469284455,0.1457972564767198,10,0.025,0.15,0.8631331221975871,0.9105976259644211,0.934505216577568,0.9371472849302528,0.9429059268808109,0.951110295655377,0.9537346802722194,0.9510832054680802,0.9564271304356364,1.0,0.951056503012508,0.9515961954452021
3,10,2.06304453427975,0.253440296204875,3241,2.248245636622111,0.2345679012345679,648,2.250881430468982,0.2148,0.9747177580187643,0.08306261014376255,,,0.8878719339874603,,0.8879041441798287,0.11209585582017134,0.9786097098916724,0.1458002604248082,10,0.025,0.15,0.8594270422168788,0.9055766818087738,0.9308372589575327,0.9469316491180229,0.9497886818015585,0.952454969524167,0.966527881822571,0.9674250526556742,0.9668009412599381,0.951056503012508,1.0,0.9680090846059839
3,11,2.0726899437904356,0.2566951566951567,3159,2.2583920478820803,0.18829113924050633,632,2.2508997705918325,0.2149,0.9679911248787539,0.08239635293324754,,,0.8436737883226598,,0.8437144130316384,0.1562855869683616,0.9783258378274977,0.14578025332056654,10,0.025,0.15,0.8398280966243233,0.8926581040927927,0.9231689615961314,0.9342650869857586,0.9461362876504287,0.9451232607523696,0.9600432969445478,0.9581856983607192,0.9670877673058902,0.9515961954452021,0.9680090846059839,1.0
4,0,1.8900514706417366,0.31317750182615045,6845,2.229298331520774,0.23301680058436816,1369,2.224229954466035,0.2432,0.9306394935895148,0.07915739188731227,,,0.6,,0.6000148536911423,0.39998514630885773,0.9845525540336575,0.14495045363591513,10,0.025,0.15,1.0,0.9473386614659669,0.9289384893818928,0.9262452661720878,0.9052914169549434,0.9081431198410206,0.8909784593704597,0.8833403885552187,0.8743785374708963,0.8735139146231217,0.8650442836669713,0.8484547436184351
4,1,1.908629805542702,0.31109894121942316,5478,2.224256303575304,0.2518248175182482,1096,2.223115540757964,0.2498,0.9625048136767039,0.08270511091062611,,,0.8631336689494351,,0.8631727484279843,0.1368272515720157,0.9881953442813883,0.14567383864615874,10,0.025,0.15,0.9473386614659669,1.0,0.9518294134216524,0.9515896439443643,0.9403045343171186,0.9392860001987333,0.9254976348362025,0.9234050248187661,0.9197412168894213,0.9167468700396139,0.9063557353508415,0.8966701045132439
4,2,1.9558786583574195,0.291701244813278,4820,2.221570909023285,0.24896265560165975,964,2.223051683812202,0.2497,0.9734135288911618,0.08389984661839062,,,0.9517469971592105,,0.9517915201927679,0.048208479807232085,0.9883759115413226,0.1456927907179309,10,0.025,0.15,0.9289384893818928,0.9518294134216524,1.0,0.9568394195486692,0.9529906407679131,0.9482676600953719,0.9456623635447929,0.9427482056223228,0.935907296983008,0.9333179763032773,0.926561601404515,0.9205336292053914
4,3,1.9315331986972264,0.3039037675896505,4406,2.2184948921203613,0.2542565266742338,881,2.2230549914927424,0.2497,0.9801163050141976,0.08441559553853391,,,0.9899999999258302,,0.9900232707827895,0.00997672921721049,0.9883705994407266,0.1456937647115882,10,0.025,0.15,0.9262452661720878,0.9515896439443643,0.9568394195486692,1.0,0.951753151438217,0.9558955991520038,0.9553495209233076,0.9524739432331928,0.9463610130775822,0.9434950735256485,0.9452383757569356,0.9359924283617365
4,4,1.9852298024928932,0.28540856031128403,4112,2.2198582036154613,0.25060827250608275,822,2.2230538808846774,0.2497,0.97822091562701,0.08429137287040714,,,0.9807864274258432,,0.9808222343252299,0.019177765674770142,0.9883652610154058,0.14569372142694692,10,0.025,0.15,0.9052914169549434,0.9403045343171186,0.9529906407679131,0.951753151438217,1.0,0.9577691172704801,0.9540304280335484,0.9513097993514755,0.9488532877948913,0.949068259948607,0.944510737893841,0.9422008464622021
4,5,1.9723468557480843,0.3001542813062484,3889,2.216144221169608,0.2660668380462725,778,2.2230544241168833,0.2497,0.9792208238065803,0.08432983281796455,,,0.9836389946787402,,0.98368569589543,0.01631430410457002,0.9883661617409241,0.1456937432080069,10,0.025,0.15,0.9081431198410206,0.9392860001987333,0.9482676600953719,0.9558955991520038,0.9577691172704801,1.0,0.952749080229665,0.9530219526579695,0.9559822540326929,0.9506385218944274,0.9495591592731112,0.9384907494686748
4,6,1.9853071299092524,0.2910266774454325,3711,2.2289704084396362,0.24393530997304583,742,2.223054249075395,0.2497,0.9800709323400271,0.08432034344359557,,,0.9829351695231019,,0.9829595154395867,0.017040484560413294,0.9883663276332163,0.14569373883729467,10,0.025,0.15,0.8909784593704597,0.9254976348362025,0.9456623635447929,0.9553495209233076,0.9540304280335484,0.952749080229665,1.0,0.9599576294160367,0.9646572847276126,0.9545498327010649,0.9594232904904916,0.9560643239805842
4,7,1.9859355828591756,0.2804713804713805,3564,2.224451462427775,0.2426367461430575,713,2.223067612587651,0.2501,0.9779291144105063,0.08402143821385179,,,0.9607654234823944,,0.9608027594857322,0.03919724051426776,0.9883796967423506,0.14569323162934505,10,0.025,0.15,0.8833403885552187,0.9234050248187661,0.9427482056223228,0.9524739432331928,0.9513097993514755,0.9530219526579695,0.9599576294160367,1.0,0.9582831883616795,0.9533005302153714,0.9603783510923735,0.9556159358139014
4,8,1.991488625826659,0.2774774774774775,3441,2.2141114473342896,0.25,688,2.223079056679448,0.2498,0.9768721792275314,0.08385407974567675,,,0.9483524766082873,,0.9483916753313198,0.05160832466868015,0.9883912616624313,0.14569256191244107,10,0.025,0.15,0.8743785374708963,0.9197412168894213,0.935907296983008,0.9463610130775822,0.9488532877948913,0.9559822540326929,0.9646572847276126,0.9582831883616795,1.0,0.9562726694242252,0.9584069492171154,0.9624316007124996
4,9,1.9927318988022982,0.2832033593281344,3334,2.222958286603292,0.2623688155922039,667,2.2231385315520855,0.2502,0.9735547103463876,0.08315383869748584,,,0.8964157265588532,,0.8964450165866218,0.10355498341337821,0.9883509776032496,0.14568469744993917,10,0.025,0.15,0.8735139146231217,0.9167468700396139,0.9333179763032773,0.9434950735256485,0.949068259948607,0.9506385218944274,0.9545498327010649,0.9533005302153714,0.9562726694242252,1.0,0.9558696759604075,0.9565144378354424
4,10,2.002240158044375,0.2763344646713977,3241,2.219706177711487,0.2716049382716049,648,2.2231375446802453,0.2499,0.9725190201051213,0.0832134783071621,,,0.9008391854646169,,0.9008846198280273,0.09911538017197274,0.9883705321653782,0.1456863530967907,10,0.025,0.15,0.8650442836669713,0.9063557353508415,0.926561601404515,0.9452383757569356,0.944510737893841,0.9495591592731112,0.9594232904904916,0.9603783510923735,0.9584069492171154,0.9558696759604075,1.0,0.959254290542935
4,11,2.012315765380859,0.2778727445394112,3159,2.232689905166626,0.22468354430379747,632,2.2231831852393813,0.2499,0.9675279203756645,0.08263767094899344,,,0.8581316593704351,,0.8581637536927926,0.14183624630720737,0.9881655676091516,0.1456715757420787,10,0.025,0.15,0.8484547436184351,0.8966701045132439,0.9205336292053914,0.9359924283617365,0.9422008464622021,0.9384907494686748,0.9560643239805842,0.9556159358139014,0.9624316007124996,0.9565144378354424,0.959254290542935,1.0
5,0,1.850747170050939,0.32902848794740686,6845,2.1982168501073662,0.2498173849525201,1369,2.1917357806917988,0.2657,0.9342341795087489,0.07961914618235245,,,0.6,,0.6000148536911423,0.39998514630885773,0.9879084397831193,0.1445417047662755,10,0.025,0.15,1.0,0.9430126465954436,0.9261807943563962,0.9241579132283675,0.9041685436720056,0.9111187028387083,0.892918001575707,0.8847444246270023,0.883654153637417,0.872564896933491,0.8672385920685892,0.8560328933130535
5,1,1.866273348830467,0.32603139832055494,5478,2.192613442738851,0.26003649635036497,1096,2.190053638023666,0.2729,0.9624130965787029,0.08274045095032354,,,0.8629166748261734,,0.8629581951114852,0.1370418048885148,0.9909273670760823,0.14530290620672753,10,0.025,0.15,0.9430126465954436,1.0,0.9475293301579555,0.9450065757990886,0.9333623602036233,0.9386159035468034,0.9247978420053494,0.9204233977214881,0.92146591556893,0.9111447027963013,0.9044023539014461,0.8997214493157327
5,2,1.914173967901029,0.30813278008298756,4820,2.1881089210510254,0.27385892116182575,964,2.1899767374690575,0.2714,0.9708103659518724,0.08375591781680693,,,0.948452433676634,,0.9484989519895695,0.05150104801043054,0.9911095465225893,0.145322620959876,10,0.025,0.15,0.9261807943563962,0.9475293301579555,1.0,0.9475529905836413,0.9473228094549778,0.9444673719941821,0.9395893655041766,0.9356759433462665,0.9340728124932705,0.9242059325457587,0.9211685201379497,0.9173020342597911
5,3,1.886339030265808,0.3200635497049478,4406,2.1835643563951765,0.27695800227014755,881,2.1899818649774865,0.2713,0.9760628778905898,0.08424742577225296,,,0.9898535934167899,,0.9898829859220016,0.010117014077998365,0.9911348189980703,0.14532343291964997,10,0.025,0.15,0.9241579132283675,0.9450065757990886,0.9475529905836413,1.0,0.9427045552400024,0.951184843569916,0.9485745462356339,0.9460726312589441,0.9418970841856092,0.9294582192110139,0.9376055498967395,0.9313569542801547
5,4,1.9425774140791459,0.29892996108949416,4112,2.1857616901397705,0.2822384428223844,822,2.1899797674975816,0.2714,0.9739926417969147,0.08410275083985072,,,0.9776671986282341,,0.9777194632866267,0.022280536713373267,0.9911386532029729,0.1453233679882693,10,0.025,0.15,0.9041685436720056,0.9333623602036233,0.9473228094549778,0.9427045552400024,1.0,0.9529132715592211,0.9467420716807498,0.9454609681622643,0.9443197573980828,0.9373009526587999,0.9338880570794289,0.9323283063342532
5,5,1.924917762125692,0.31645667266649524,3889,2.180935416902815,0.2763496143958869,778,2.1899812462963637,0.2713,0.9777455969010979,0.08424916388682337,,,0.989999999915767,,0.9900232707827895,0.00997672921721049,0.9911361276290835,0.14532343292960148,10,0.025,0.15,0.9111187028387083,0.9386159035468034,0.9444673719941821,0.951184843569916,0.9529132715592211,1.0,0.9479743399605518,0.9470382434371369,0.9527144093502264,0.9433883264938929,0.9426670563077392,0.9322812691539225
5,6,1.936002992761546,0.3116680140123956,3711,2.197409510612488,0.27358490566037735,742,2.1899808901774733,0.2714,0.977027325602611,0.08421982150032432,,,0.9875284044570488,,0.9875641596936838,0.01243584030631617,0.9911360747460386,0.14532342827378478,10,0.025,0.15,0.892918001575707,0.9247978420053494,0.9395893655041766,0.9485745462356339,0.9467420716807498,0.9479743399605518,1.0,0.9537407333146928,0.9575753077183233,0.941965181514693,0.9521039437867997,0.9492258186693047
5,7,1.939137053489685,0.29231200897867565,3564,2.1922840674718223,0.25666199158485276,713,2.1899968400786194,0.2722,0.9750951064637559,0.08397127399726866,,,0.9665925177373993,,0.966620455183113,0.033379544816886986,0.9911233514599534,0.14532321369675688,10,0.025,0.15,0.8847444246270023,0.9204233977214881,0.9356759433462665,0.9460726312589441,0.9454609681622643,0.9470382434371369,0.9537407333146928,1.0,0.9513071882449103,0.9438924117804173,0.9540862397521566,0.9501636071942333
5,8,1.9446457386016847,0.2966579482708515,3441,2.1785523494084678,0.2921511627906977,688,2.1900134086608887,0.2726,0.9753145213143108,0.0838746035744561,,,0.9584496838876825,,0.9585086894093182,0.041491310590681785,0.9911070619627548,0.14532303811026429,10,0.025,0.15,0.883654153637417,0.92146591556893,0.9340728124932705,0.9418970841856092,0.9443197573980828,0.9527144093502264,0.9575753077183233,0.9513071882449103,1.0,0.94464754098027,0.9498523231522941,0.9536911400397501
5,9,1.936878569037826,0.30266946610677864,3334,2.1900885502497354,0.29235382308845576,667,2.1900943110260784,0.2728,0.9669014606183354,0.08316542363073774,,,0.898713372788192,,0.8987473387136703,0.1012526612863297,0.991027387857107,0.14531575387506676,10,0.025,0.15,0.872564896933491,0.9111447027963013,0.9242059325457587,0.9294582192110139,0.9373009526587999,0.9433883264938929,0.941965181514693,0.9438924117804173,0.94464754098027,1.0,0.9438816283403411,0.9453590686954966
5,10,1.9500176704846897,0.29293427954335083,3241,2.1856877406438193,0.2932098765432099,648,2.1900924036774456,0.2728,0.9686971725112612,0.08326106440415067,,,0.9067694762426057,,0.9068178442342922,0.09318215576570776,0.9910586774843096,0.1453173982526766,10,0.025,0.15,0.8672385920685892,0.9044023539014461,0.9211685201379497,0.9376055498967395,0.9338880570794289,0.9426670563077392,0.9521039437867997,0.9540862397521566,0.9498523231522941,0.9438816283403411,1.0,0.9512081641372354
5,11,1.9649862270355225,0.29376384931940486,3159,2.201773977279663,0.24208860759493672,632,2.1901455378230614,0.2724,0.9653023935582139,0.0827929574446524,,,0.8673394511719442,,0.8673647901503524,0.1326352098496476,0.9909269995065022,0.14530459284251387,10,0.025,0.15,0.8560328933130535,0.8997214493157327,0.9173020342597911,0.9313569542801547,0.9323283063342532,0.9322812691539225,0.9492258186693047,0.9501636071942333,0.9536911400397501,0.9453590686954966,0.9512081641372354,1.0
6,0,1.817707387385545,0.3400584368151936,6845,2.162782820788297,0.2731921110299489,1369,2.1549385469171067,0.2879,0.9391041109649481,0.0801309959189175,,,0.6,,0.6000148536911423,0.39998514630885773,0.9892725915608563,0.14417489943395545,10,0.025,0.15,1.0,0.9397495804134687,0.9258232930823358,0.9229081530949178,0.9051602504346652,0.912941115186185,0.8994904979920623,0.890924298466064,0.8883910809779619,0.8802414670828465,0.8715635378543127,0.8603613294634025
6,1,1.8281908201616863,0.3375319459656809,5478,2.1565983295440674,0.29105839416058393,1096,2.1524624432189556,0.2941,0.9608621598833266,0.08278026021761438,,,0.8550208852406566,,0.8550692347048241,0.1449307652951759,0.9927465603722488,0.14497169475980823,10,0.025,0.15,0.9397495804134687,1.0,0.9427355105682814,0.9396792798362789,0.9289440787067986,0.934233249934198,0.9234794938145651,0.9173450866727814,0.9188449773924149,0.90699397394525,0.8992237024236918,0.8953876120533263
6,2,1.8771123817092494,0.3221576763485477,4820,2.1500373482704163,0.2966804979253112,964,2.152388373507729,0.2925,0.9679029790245939,0.08364092033522447,,,0.9378689065544276,,0.9379115710253998,0.06208842897460021,0.9929941392876417,0.1449973168226942,10,0.025,0.15,0.9258232930823358,0.9427355105682814,1.0,0.9410311436972127,0.9404177787350207,0.9389038739604882,0.9366952842698234,0.9292965292863342,0.9269496234448141,0.9177013414588224,0.9139490830536748,0.9131604875557171
6,3,1.843053434576307,0.33504312301407174,4406,2.1440908908843994,0.2996594778660613,881,2.152393881278702,0.2925,0.9751351057886193,0.08418248007583957,,,0.989999999903739,,0.9900232707827895,0.00997672921721049,0.9930047608372456,0.1449993303972721,10,0.025,0.15,0.9229081530949178,0.9396792798362789,0.9410311436972127,1.0,0.9408062503833353,0.9478302130035757,0.9470262116231547,0.9411640372038932,0.938759814409918,0.9290559530752996,0.9349313632607719,0.9266135104496014
6,4,1.910276673779343,0.3095330739299611,4112,2.146959066390991,0.29927007299270075,822,2.152391219440895,0.2925,0.9722443585438485,0.08399816980376258,,,0.9722581050059211,,0.9722896139690713,0.02771038603092868,0.9930020818991936,0.1449990966422171,10,0.025,0.15,0.9051602504346652,0.9289440787067986,0.9404177787350207,0.9408062503833353,1.0,0.9472283593335189,0.9435113277979491,0.9425884054093983,0.9393485931382731,0.9268551511576503,0.9302851477760947,0.930411985812407
6,5,1.886150651208816,0.32941630239136027,3889,2.1414622919900075,0.2879177377892031,778,2.1523927223833303,0.2926,0.9740147389044064,0.0841469439629608,,,0.9865792574097508,,0.9866069218200723,0.013393078179927742,0.9930046050289496,0.14499931382420506,10,0.025,0.15,0.912941115186185,0.934233249934198,0.9389038739604882,0.9478302130035757,0.9472283593335189,1.0,0.9407988251330432,0.9398310563472494,0.9450484312645462,0.9311944363225181,0.9348300753973056,0.9234568771459603
6,6,1.898096871787104,0.32363244408515224,3711,2.161157170931498,0.3018867924528302,742,2.152392272707782,0.2925,0.9746803149863241,0.08415047588894317,,,0.9869192442095098,,0.9869617599973594,0.013038240002640644,0.9930044038388648,0.14499931860628543,10,0.025,0.15,0.8994904979920623,0.9234794938145651,0.9366952842698234,0.9470262116231547,0.9435113277979491,0.9407988251330432,1.0,0.9465585275707892,0.9506425431368339,0.9307853869690492,0.9436612420809521,0.9407984479173827
6,7,1.8983051874807904,0.30861391694725027,3564,2.155652324358622,0.2720897615708275,713,2.152410437789144,0.2931,0.9722980271418445,0.08391828315117887,,,0.9645681342956256,,0.9646069548282749,0.035393045171725146,0.99300095358894,0.1449988804200503,10,0.025,0.15,0.890924298466064,0.9173450866727814,0.9292965292863342,0.9411640372038932,0.9425884054093983,0.9398310563472494,0.9465585275707892,1.0,0.9421140702009115,0.938764590651768,0.9464225664258349,0.9407325754429577
6,8,1.9036069715464556,0.3090671316477768,3441,2.138544042905172,0.3168604651162791,688,2.1524344637424133,0.2938,0.9717505603453511,0.08384036349310973,,,0.9570675084848242,,0.9571058408014391,0.04289415919856088,0.99299521864259,0.14499858790139403,10,0.025,0.15,0.8883910809779619,0.9188449773924149,0.9269496234448141,0.938759814409918,0.9393485931382731,0.9450484312645462,0.9506425431368339,0.9421140702009115,1.0,0.9327068972431013,0.9414216444363506,0.945107623875887
6,9,1.8873354699876574,0.3188662267546491,3334,2.1528791586558023,0.3118440779610195,667,2.152544773077663,0.2934,0.9629230369993949,0.08311150006046568,,,0.8869063705780256,,0.8869634104074863,0.11303658959251373,0.992889280697602,0.14498681786541417,10,0.025,0.15,0.8802414670828465,0.90699397394525,0.9177013414588224,0.9290559530752996,0.9268551511576503,0.9311944363225181,0.9307853869690492,0.938764590651768,0.9327068972431013,1.0,0.9360810539254157,0.9372838376657263
