round,client_id,client_i_training_loss,client_i_training_accuracy,client_i_training_dataset_size,client_i_evaluation_loss,client_i_evaluation_accuracy,client_i_evaluation_dataset_size,client_i_central_evaluation_loss,client_i_central_evaluation_accuracy,client_i_cosine_similarity,client_i_importance_coefficient,client_i_tanh_val,tanh_normalization_value,client_i_q,client_i_mask_order,client_i_v_nonzero_fraction,client_i_v_sparsity,client_i_v_cosine_similarity,client_i_reward_gradient_norm,local_epochs,learning_rate,gamma,client_0_cosine_similarity,client_1_cosine_similarity,client_2_cosine_similarity,client_3_cosine_similarity,client_4_cosine_similarity,client_5_cosine_similarity,client_6_cosine_similarity,client_7_cosine_similarity,client_8_cosine_similarity,client_9_cosine_similarity,client_10_cosine_similarity,client_11_cosine_similarity
0,0,2.2032136744923063,0.1960262965668371,6845,2.2947647138075395,0.13659605551497445,1369,2.2988141277168372,0.1362,0.8877736775018109,0.07832486697147713,,,0.7,,0.7000132032810154,0.29998679671898465,0,0.14093152680177193,10,0.025,0.15,1.0,0.9317688652413729,0.8597810511404781,0.8758674758069217,0.818481940983253,0.8021759198383024,0.7739782371393414,0.7496545366759219,0.7617597229198881,0.7544287730218687,0.7473282747109324,0.7206248787150654
0,1,2.2410072002299994,0.17789339174881344,5478,2.3003429571787515,0.14324817518248176,1096,2.2987205559694313,0.1362,0.9419978675802233,0.08310885931339818,,,0.8697608432771492,,0.8697991450875543,0.1302008549124457,0,0.1412922783184487,10,0.025,0.15,0.9317688652413729,1.0,0.9273251281757426,0.9365164152420644,0.9001581732031307,0.8691817870389361,0.84616732838644,0.8101873757521653,0.8391790764410433,0.8302771700057443,0.8185814520572575,0.7916368117100238
0,2,2.2779894508813556,0.13618257261410788,4820,2.2957146167755127,0.1358921161825726,964,2.298712609689447,0.1361,0.95372956925972,0.08414390236173608,,,0.906489535163691,,0.9065372745127164,0.09346272548728363,0,0.14130430152177714,10,0.025,0.15,0.8597810511404781,0.9273251281757426,1.0,0.9360353074412775,0.9209459347463554,0.9088485265640319,0.8832635321280198,0.851776215056854,0.8953908553299535,0.8591813105208223,0.8562639924845677,0.8415715091984332
0,3,2.279844393730164,0.13558783477076713,4406,2.302096503121512,0.1362088535754824,881,2.2987125221687026,0.1362,0.9698126373817418,0.08556284978389368,,,0.9568411439738932,,0.9568747833836708,0.043125216616329176,0,0.14130838626575834,10,0.025,0.15,0.8758674758069217,0.9365164152420644,0.9360353074412775,1.0,0.9416180386772925,0.9096958409750106,0.9071101572948964,0.8774413178375615,0.9173746748293292,0.8975050680770731,0.8868961546376706,0.8582282845794179
0,4,2.291408306902105,0.14375,4112,2.301856960569109,0.12287104622871046,822,2.2987124980250493,0.1362,0.974015775718449,0.0859336765603889,,,0.9699999999645148,,0.9700285520951957,0.029971447904804327,0,0.14130865118972247,10,0.025,0.15,0.818481940983253,0.9001581732031307,0.9209459347463554,0.9416180386772925,1.0,0.9570118332181049,0.9300816942230774,0.9275526276545569,0.9262956812923432,0.9238463232792562,0.930562930316578,0.9126602684019229
0,5,2.292547450527068,0.14913859604011315,3889,2.302150453839983,0.14395886889460155,778,2.29871224149873,0.1361,0.9633605108571932,0.08499360340441046,,,0.9366413320789748,,0.9366737634302124,0.06332623656978764,0,0.14130669430721896,10,0.025,0.15,0.8021759198383024,0.8691817870389361,0.9088485265640319,0.9096958409750106,0.9570118332181049,1.0,0.9190819831764657,0.9391330429478494,0.9070463938753132,0.9296437128466358,0.9425752273358811,0.9112288215574204
0,6,2.2940389271440176,0.13589329021827,3711,2.300309181213379,0.1347708894878706,742,2.2987125372584862,0.1361,0.9532036180155851,0.08409749970047868,,,0.9048429282416162,,0.9048786123351653,0.09512138766483469,0,0.14130396970625939,10,0.025,0.15,0.7739782371393414,0.84616732838644,0.8832635321280198,0.9071101572948964,0.9300816942230774,0.9190819831764657,1.0,0.9350521037170563,0.9414901860580609,0.9416620635437928,0.9331058243839898,0.9071654747422322
0,7,2.296080425807408,0.12859147025813691,3564,2.2959291140238443,0.15988779803646563,713,2.2987208366394043,0.1362,0.9384107535638408,0.08279238200024411,,,0.8585305879340674,,0.8585763562245218,0.14142364377547822,0,0.1412895449052756,10,0.025,0.15,0.7496545366759219,0.8101873757521653,0.851776215056854,0.8774413178375615,0.9275526276545569,0.9391330429478494,0.9350521037170563,1.0,0.9214198923766469,0.9412453404501948,0.9282458758399126,0.9000325806428444
0,8,2.293098717265659,0.13283929090380703,3441,2.3019866943359375,0.1119186046511628,688,2.2987193578406226,0.1361,0.9455215812729578,0.08341974305913577,,,0.8807926098573566,,0.8808321367859914,0.11916786321400863,0,0.14129650069235514,10,0.025,0.15,0.7617597229198881,0.8391790764410433,0.8953908553299535,0.9173746748293292,0.9262956812923432,0.9070463938753132,0.9414901860580609,0.9214198923766469,1.0,0.9125244945078375,0.902319448758886,0.9008573156044908
0,9,2.293663578563266,0.14088182363527293,3334,2.301015853881836,0.1184407796101949,667,2.2987195087384573,0.1361,0.9445411435567451,0.08333324279939358,,,0.8777231323189311,,0.8777706260005611,0.1222293739994389,0,0.14129596566437896,10,0.025,0.15,0.7544287730218687,0.8302771700057443,0.8591813105208223,0.8975050680770731,0.9238463232792562,0.9296437128466358,0.9416620635437928,0.9412453404501948,0.9125244945078375,1.0,0.9435353813702072,0.9139985118097074
0,10,2.2958358113582316,0.14224004936747917,3241,2.3041627407073975,0.13580246913580246,648,2.2987205529514747,0.1362,0.941981598398551,0.08310742394589121,,,0.8697099089986263,,0.8697496327837467,0.13025036721625327,0,0.1412922781929802,10,0.025,0.15,0.7473282747109324,0.8185814520572575,0.8562639924845677,0.8868961546376706,0.930562930316578,0.9425752273358811,0.9331058243839898,0.9282458758399126,0.902319448758886,0.9435353813702072,1.0,0.9435819419638773
0,11,2.2956954975128174,0.1308008863564419,3159,2.2942535400390627,0.1518987341772152,632,2.298725789106345,0.1362,0.9201573034639611,0.08118195009955209,,,0.8013841173792844,,0.801422653529402,0.198577346470598,0,0.14126177043392393,10,0.025,0.15,0.7206248787150654,0.7916368117100238,0.8415715091984332,0.8582282845794179,0.9126602684019229,0.9112288215574204,0.9071654747422322,0.9000325806428444,0.9008573156044908,0.9139985118097074,0.9435819419638773,1.0
1,0,2.0631801550035123,0.24904309715120526,6845,2.284448406913064,0.1701972242512783,1369,2.2876118557362615,0.1683,0.8992135964235367,0.07780091864211451,,,0.7,,0.7000132032810154,0.29998679671898465,0.8906434240060548,0.14594438798730144,10,0.025,0.15,1.0,0.9465218788444824,0.9135407915838517,0.9180747713998069,0.8795889819113718,0.8705754923779189,0.8451485565463658,0.8485857645985203,0.8312103268634433,0.8350681737844111,0.8221692951595827,0.8069802560055932
1,1,2.0958419955053995,0.23667396860167944,5478,2.2892464266883,0.1687956204379562,1096,2.2874905036974558,0.1663,0.9622225865368488,0.08281642009376057,,,0.8776347678064655,,0.8776798534435807,0.12232014655641932,0.890285955233758,0.14613093002151242,10,0.025,0.15,0.9465218788444824,1.0,0.9680596609234284,0.961949681851238,0.9524123557493779,0.9457951948529905,0.9189875588480166,0.9250859533910681,0.9125128717431316,0.9184360196004872,0.9056638365139408,0.8923241852567548
1,2,2.1510041145901933,0.20892116182572615,4820,2.2843667566776276,0.17116182572614108,964,2.2874846398075923,0.1664,0.9773353745027705,0.08394979668590993,,,0.9177757367055297,,0.9178260797808255,0.08217392021917447,0.8899439776334171,0.14613894173455805,10,0.025,0.15,0.9135407915838517,0.9680596609234284,1.0,0.9698007798862788,0.9654347764410753,0.965564251635816,0.9457278063636083,0.9526606297646598,0.9395473832089866,0.9448409923911606,0.9342060269265251,0.922427326618532
1,3,2.140432119369507,0.21627326373127553,4406,2.2900186266217912,0.1543700340522134,881,2.2874839879289457,0.1664,0.9835400062507806,0.08503057659389761,,,0.9560538809461769,,0.9561073426746547,0.04389265732534531,0.8900214797683421,0.14614238833505885,10,0.025,0.15,0.9180747713998069,0.961949681851238,0.9698007798862788,1.0,0.9702216411305936,0.9658357424061385,0.9570148235368039,0.9627568466235951,0.9526141801366047,0.9508352951292147,0.9497747621135597,0.9353851978201966
1,4,2.1822332533923063,0.20530155642023346,4112,2.290137086595808,0.16666666666666666,822,2.287484105629257,0.1665,0.9885773784558034,0.0854243439911554,,,0.9699999999645827,,0.9700285520951957,0.029971447904804327,0.8900308392692741,0.14614272227583236,10,0.025,0.15,0.8795889819113718,0.9524123557493779,0.9654347764410753,0.9702216411305936,1.0,0.9813669444162468,0.9659387801514024,0.9735554967910265,0.9681127359861047,0.9677565175915739,0.9672921927259409,0.9593782777759705
1,5,2.1833158377678163,0.20763692465929545,3889,2.29048330443246,0.17223650385604114,778,2.2874842203116117,0.1665,0.987655732407527,0.08481223626561452,,,0.9483208887635857,,0.9483586671287815,0.051641332871218526,0.8899629213975854,0.14614204576074039,10,0.025,0.15,0.8705754923779189,0.9457951948529905,0.965564251635816,0.9658357424061385,0.9813669444162468,1.0,0.9645238963583127,0.9750442866055222,0.9697344724594764,0.9721132770988852,0.9693411528572289,0.9602031703388122
1,6,2.197211240077841,0.20220964699541902,3711,2.2890647252400718,0.1725067385444744,742,2.287484842010691,0.1664,0.9832709787078673,0.08411449658140889,,,0.9236089376280625,,0.9236437754782063,0.07635622452179369,0.8899197847376232,0.14613966629306363,10,0.025,0.15,0.8451485565463658,0.9189875588480166,0.9457278063636083,0.9570148235368039,0.9659387801514024,0.9645238963583127,1.0,0.983430209482774,0.9834684764959752,0.9772094493445752,0.9777547212281055,0.9696273077741144
1,7,2.208402872937066,0.1988776655443322,3564,2.2852525313695273,0.18513323983169705,713,2.2874908779240863,0.1663,0.9875942086874011,0.08344728296182466,,,0.8999781327056038,,0.8999933983594923,0.10000660164050768,0.8902215732571598,0.14613602592371772,10,0.025,0.15,0.8485857645985203,0.9250859533910681,0.9526606297646598,0.9627568466235951,0.9735554967910265,0.9750442866055222,0.983430209482774,1.0,0.9825589486759596,0.9800288327942563,0.9838523446456723,0.9717022421234869
1,8,2.1990431401464674,0.201743679163034,3441,2.2898932298024497,0.14244186046511628,688,2.287490268296833,0.1664,0.9823206026684919,0.0836638732658611,,,0.9076491440167495,,0.9077008136521926,0.09229918634780743,0.8902271639160756,0.14613744775622473,10,0.025,0.15,0.8312103268634433,0.9125128717431316,0.9395473832089866,0.9526141801366047,0.9681127359861047,0.9697344724594764,0.9834684764959752,0.9825589486759596,1.0,0.9785916193955646,0.9813910394517532,0.9774704677701346
1,9,2.19706308444341,0.2069886022795441,3334,2.2903592189153037,0.14992503748125938,667,2.2874908054931256,0.1664,0.9825827298793479,0.0836188564764365,,,0.9060547776280795,,0.9061081678797182,0.09389183212028185,0.890226714738845,0.1461371620266496,10,0.025,0.15,0.8350681737844111,0.9184360196004872,0.9448409923911606,0.9508352951292147,0.9677565175915739,0.9721132770988852,0.9772094493445752,0.9800288327942563,0.9785916193955646,1.0,0.9801415938013311,0.9754712282452993
1,10,2.21308651979153,0.19774760876272757,3241,2.2919647693634033,0.16666666666666666,648,2.287490766259688,0.1663,0.9800830375768421,0.08339757356996476,,,0.8982175677120604,,0.8982522156755954,0.10174778432440457,0.8902896787154793,0.1461357123696038,10,0.025,0.15,0.8221692951595827,0.9056638365139408,0.9342060269265251,0.9497747621135597,0.9672921927259409,0.9693411528572289,0.9777547212281055,0.9838523446456723,0.9813910394517532,0.9801415938013311,1.0,0.9792409962826472
1,11,2.2222331285476686,0.1908831908831909,3159,2.284207010269165,0.17088607594936708,632,2.287497067753273,0.1661,0.9714376956950398,0.08192362487205172,,,0.8460145054187587,,0.8460579954118599,0.1539420045881401,0.890067962753873,0.14611859685077005,10,0.025,0.15,0.8069802560055932,0.8923241852567548,0.922427326618532,0.9353851978201966,0.9593782777759705,0.9602031703388122,0.9696273077741144,0.9717022421234869,0.9774704677701346,0.9754712282452993,0.9792409962826472,1.0
2,0,1.980447280406952,0.27867056245434624,6845,2.268396724354137,0.19065010956902848,1369,2.270308337634123,0.1968,0.9114785777337503,0.0779147130416733,,,0.7,,0.7000132032810154,0.29998679671898465,0.9665005437481283,0.14577635564505553,10,0.025,0.15,1.0,0.9449812213706107,0.9207794766865793,0.9289475505592079,0.8914957445598592,0.8805620262424098,0.8654719751148917,0.8653248224399759,0.8488383718260234,0.8497903501717834,0.8333440076721985,0.8186922314307502
2,1,2.0112752024517504,0.26998904709748084,5478,2.272341171900431,0.18886861313868614,1096,2.2701450148715248,0.1968,0.9632208484067721,0.08270876625574614,,,0.882658947590692,,0.8827136043306761,0.11728639566932386,0.9674154153442811,0.14593587155108959,10,0.025,0.15,0.9449812213706107,1.0,0.963044488374194,0.9590245583402464,0.9485303585686893,0.9376957322806141,0.9270832770373295,0.9293003662768363,0.9200505629966981,0.9206360706956536,0.9026955554693806,0.8926339108600373
2,2,2.061932362694489,0.24614107883817427,4820,2.2667106688022614,0.20020746887966806,964,2.2701363201382794,0.1967,0.975922875756082,0.08382501799123324,,,0.9251894240259206,,0.9252364212506808,0.07476357874931916,0.9675098332591056,0.14594305456456996,10,0.025,0.15,0.9207794766865793,0.963044488374194,1.0,0.9621507900560613,0.9591691572126132,0.9543442204619476,0.9488352529278961,0.9514676774897377,0.9411464987748959,0.9398772537497891,0.9287904945945088,0.9217275805770524
2,3,2.044553222996848,0.25526554698138904,4406,2.2715064116886685,0.20090805902383654,881,2.270133791090567,0.1967,0.9796922157017337,0.08461744158250425,,,0.9553816752931178,,0.9554224224719843,0.04457757752801572,0.9675550027584038,0.14594483095498792,10,0.025,0.15,0.9289475505592079,0.9590245583402464,0.9621507900560613,1.0,0.960606751186503,0.9572140474415045,0.952120212661096,0.9583701639088336,0.9467771803140702,0.9447927026573356,0.937195289878945,0.9281044443022727
2,4,2.091788789359006,0.23708657587548637,4112,2.272243091038295,0.19951338199513383,822,2.2701344640949106,0.1968,0.9839780940354881,0.0850011130493944,,,0.9699999999618989,,0.9700285520951957,0.029971447904804327,0.967544572976001,0.14594507661741182,10,0.025,0.15,0.8914957445598592,0.9485303585686893,0.9591691572126132,0.960606751186503,1.0,0.9694185780416641,0.9601611753785122,0.9639809231993659,0.9614764832254038,0.9601850024103221,0.9533786652328241,0.9542445967188578
2,5,2.0855372067420714,0.2482129082026228,3889,2.272373914718628,0.2120822622107969,778,2.2701348443574543,0.1966,0.9827183324950363,0.08458084800168934,,,0.9539874177282235,,0.9540360779653744,0.045963922034625626,0.967559260627949,0.14594478944970168,10,0.025,0.15,0.8805620262424098,0.9376957322806141,0.9543442204619476,0.9572140474415045,0.9694185780416641,1.0,0.9585725547260984,0.9661929542190929,0.9668068247913079,0.9625642037362225,0.9584994655235111,0.955606335258066
2,6,2.1019699577627513,0.24168687685260037,3711,2.271771947542826,0.20619946091644206,742,2.2701353513741793,0.1967,0.9817624312875989,0.084117442484144,,,0.9363311339193418,,0.9363684375567328,0.06363156244326718,0.9675277512769161,0.14594384147044062,10,0.025,0.15,0.8654719751148917,0.9270832770373295,0.9488352529278961,0.952120212661096,0.9601611753785122,0.9585725547260984,1.0,0.9725521901345267,0.9734869535091448,0.9681751544501525,0.9664809097286867,0.9630987354521066
2,7,2.106542581319809,0.236672278338945,3564,2.2684514125188193,0.19915848527349228,713,2.270139814932135,0.1969,0.985361846625623,0.08382147095730161,,,0.9250542779488772,,0.9251043884405274,0.07489561155947255,0.9675122550065426,0.14594305170148567,10,0.025,0.15,0.8653248224399759,0.9293003662768363,0.9514676774897377,0.9583701639088336,0.9639809231993659,0.9661929542190929,0.9725521901345267,1.0,0.9748924988953235,0.9737470422811334,0.9735085401837186,0.968636088109682
2,8,2.1031630061290882,0.24013368206916594,3441,2.2711729605992637,0.17877906976744187,688,2.2701407867141916,0.1969,0.9814902129743733,0.08382941281733415,,,0.9253568719608082,,0.9254014622633725,0.0745985377366275,0.967501959785602,0.14594305739163116,10,0.025,0.15,0.8488383718260234,0.9200505629966981,0.9411464987748959,0.9467771803140702,0.9614764832254038,0.9668068247913079,0.9734869535091448,0.9748924988953235,1.0,0.9711982033201021,0.9724321755483137,0.9749181457359934
2,9,2.1006671914347894,0.2504799040191962,3334,2.2736920913060508,0.17991004497751126,667,2.270141559311106,0.1968,0.9798149137335389,0.08374690341390162,,,0.9222131686841984,,0.9222491789209618,0.07775082107903819,0.9674963258419527,0.14594276864404018,10,0.025,0.15,0.8497903501717834,0.9206360706956536,0.9398772537497891,0.9447927026573356,0.9601850024103221,0.9625642037362225,0.9681751544501525,0.9737470422811334,0.9711982033201021,1.0,0.9711372349515355,0.9705793864467788
2,10,2.1164336933539465,0.2330145016970071,3241,2.2731568018595376,0.19598765432098766,648,2.2701409496838534,0.1969,0.9747073063242649,0.08344329138754167,,,0.9106452008844268,,0.9106880559819115,0.08931194401808851,0.9675026369716355,0.1459415613833261,10,0.025,0.15,0.8333440076721985,0.9026955554693806,0.9287904945945088,0.937195289878945,0.9533786652328241,0.9584994655235111,0.9664809097286867,0.9735085401837186,0.9724321755483137,0.9711372349515355,1.0,0.9750255135790602
2,11,2.12623325920105,0.23251028806584362,3159,2.268359088897705,0.21677215189873417,632,2.2701524903502643,0.1968,0.9705169555465615,0.08239357901753641,,,0.8706499508911133,,0.8706903665560892,0.12930963344391078,0.9673666387869964,0.14593184797078645,10,0.025,0.15,0.8186922314307502,0.8926339108600373,0.9217275805770524,0.9281044443022727,0.9542445967188578,0.955606335258066,0.9630987354521066,0.968636088109682,0.9749181457359934,0.9705793864467788,0.9750255135790602,1.0
3,0,1.9236243060341587,0.2968298027757487,6845,2.2464891997250644,0.21037253469685901,1369,2.247029905077777,0.2179,0.9227054792465841,0.07838021207217595,,,0.7,,0.7000132032810154,0.29998679671898465,0.9806364424604849,0.1455964304794333,10,0.025,0.15,1.0,0.9428787783055692,0.9272927483878803,0.9279017550906361,0.9028478861562732,0.8943066198743217,0.8797652704577353,0.8764094465879008,0.8664632292406251,0.8613553265625719,0.8529077024082036,0.8360028484612504
3,1,1.9506669105485428,0.29143848119751736,5478,2.249765078226725,0.20985401459854014,1096,2.246762082546572,0.2205,0.9625528037138494,0.08265083124347643,,,0.8833154986428076,,0.883349012229539,0.11665098777046101,0.981678481986051,0.14577970948865926,10,0.025,0.15,0.9428787783055692,1.0,0.9599102524724569,0.9537986895607918,0.9447038323475344,0.9359658338447501,0.9273672733340663,0.9286291592031295,0.9210154429327638,0.9170619768318335,0.9046859334573496,0.8907213902806156
3,2,1.9980843565965953,0.27296680497925313,4820,2.2428777515888214,0.21265560165975103,964,2.2467558233043814,0.2193,0.9744099043482621,0.08372932448880091,,,0.9296096117723923,,0.9296512683401825,0.07034873165981748,0.981692510624498,0.14578858948916618,10,0.025,0.15,0.9272927483878803,0.9599102524724569,1.0,0.9580053146548225,0.9564069331756877,0.9493312158999598,0.9468953047780987,0.9475133147597206,0.9392630630634604,0.9356771272108838,0.9269393002694143,0.915502300360284
3,3,1.9757110827309745,0.2810031774852474,4406,2.2466098240443637,0.21679909194097616,881,2.246750511700594,0.2194,0.9802138837389048,0.0844097054868373,,,0.9588148339941036,,0.9588552755359707,0.04114472446402928,0.9816968754684648,0.1457909284640727,10,0.025,0.15,0.9279017550906361,0.9537986895607918,0.9580053146548225,1.0,0.9583636364212155,0.953623221219198,0.9545395979008409,0.9567880352028901,0.9484730616505924,0.9445562928916899,0.943510010646256,0.9302816362210173
3,4,2.026818265698173,0.26483463035019456,4112,2.248217446463449,0.23236009732360097,822,2.2467519935173326,0.2194,0.9809132063551808,0.08467028129493478,,,0.9699999999570752,,0.9700285520951957,0.029971447904804327,0.9817064280880246,0.14579131444172513,10,0.025,0.15,0.9028478861562732,0.9447038323475344,0.9564069331756877,0.9583636364212155,1.0,0.9625049397351277,0.957527571785455,0.9575639778159447,0.955051846610118,0.9518210140207105,0.9455733159405424,0.9436605195734753
3,5,2.017203542878551,0.2767806634096169,3889,2.247547149658203,0.2365038560411311,778,2.246752337564396,0.2194,0.9800060589463226,0.08438024943747144,,,0.9575504387949632,,0.9575927117888795,0.0424072882111205,0.9816960288953781,0.14579089182960794,10,0.025,0.15,0.8943066198743217,0.9359658338447501,0.9493312158999598,0.953623221219198,0.9625049397351277,1.0,0.956715581250652,0.9575457399344367,0.9615649426979185,0.9548097762052336,0.9526080247415198,0.9461248955837747
3,6,2.03165700723385,0.27049312853678253,3711,2.248647610346476,0.24123989218328842,742,2.2467538163631775,0.2193,0.98115722266367,0.08413061774777812,,,0.9468350469893198,,0.9468898021158257,0.05311019788417426,0.9817006008007346,0.14579029459267753,10,0.025,0.15,0.8797652704577353,0.9273672733340663,0.9468953047780987,0.9545395979008409,0.957527571785455,0.956715581250652,1.0,0.9653278362917607,0.9693975903244325,0.9604665229391328,0.9623315631754161,0.9575190387543082
3,7,2.034610864520073,0.26156004489337825,3564,2.245835820833842,0.2244039270687237,713,2.2467553977724872,0.2202,0.9813460314709035,0.0839533585036654,,,0.9392262283566637,,0.9392731593801059,0.060726840619894085,0.9816941424802084,0.145789683090053,10,0.025,0.15,0.8764094465879008,0.9286291592031295,0.9475133147597206,0.9567880352028901,0.9575639778159447,0.9575457399344367,0.9653278362917607,1.0,0.9656197241439094,0.963673478105611,0.9659816915882574,0.9548373455452135
3,8,2.0362905109370195,0.26512641673931997,3441,2.2462254762649536,0.22238372093023256,688,2.2467589257638667,0.2201,0.9799991572707764,0.08391434986452556,,,0.9375517900964334,,0.9375979931012857,0.062402006898714335,0.9816958838511292,0.14578952519219854,10,0.025,0.15,0.8664632292406251,0.9210154429327638,0.9392630630634604,0.9484730616505924,0.955051846610118,0.9615649426979185,0.9693975903244325,0.9656197241439094,1.0,0.9652449618552991,0.964982574053122,0.9666525931580042
3,9,2.028808002560227,0.27258548290341933,3334,2.25110924243927,0.20539730134932535,667,2.2467604558679124,0.2201,0.9760241196224934,0.083733565882594,,,0.9297916727773502,,0.929841065504778,0.07015893449522204,0.9816890233126887,0.145788592287558,10,0.025,0.15,0.8613553265625719,0.9170619768318335,0.9356771272108838,0.9445562928916899,0.9518210140207105,0.9548097762052336,0.9604665229391328,0.963673478105611,0.9652449618552991,1.0,0.9634662755318368,0.9591671018013923
3,10,2.0457061084417196,0.25637149028077755,3241,2.248138705889384,0.2222222222222222,648,2.2467585786988464,0.2201,0.9735300052816186,0.08346406416753002,,,0.9182233639911094,,0.918271690515093,0.08172830948490695,0.9816714823670617,0.14578713218513845,10,0.025,0.15,0.8529077024082036,0.9046859334573496,0.9269393002694143,0.943510010646256,0.9455733159405424,0.9526080247415198,0.9623315631754161,0.9659816915882574,0.964982574053122,0.9634662755318368,1.0,0.9649765426539467
3,11,2.055855227947235,0.2586894586894587,3159,2.2467330932617187,0.21677215189873417,632,2.246768607368952,0.2205,0.966475184842098,0.08258343981021006,,,0.8804227344561767,,0.8804607945074351,0.11953920549256492,0.9816426474093054,0.1457789652312828,10,0.025,0.15,0.8360028484612504,0.8907213902806156,0.915502300360284,0.9302816362210173,0.9436605195734753,0.9461248955837747,0.9575190387543082,0.9548373455452135,0.9666525931580042,0.9591671018013923,0.9649765426539467,1.0
4,0,1.8799189106181815,0.3160262965668371,6845,2.219024333086881,0.2337472607742878,1369,2.218079751050925,0.242,0.9309059100141911,0.07895416303407324,,,0.7,,0.7000132032810154,0.29998679671898465,0.9859677479667699,0.14545596207360886,10,0.025,0.15,1.0,0.9444835283973105,0.9324251297604853,0.9285579923549123,0.9073842499867063,0.9076153852111076,0.8896028892380368,0.8807764933818574,0.8758019973849318,0.8748070470653115,0.8661221048909158,0.8481627209748679
4,1,1.902020343237145,0.30728368017524643,5478,2.2216439247131348,0.22627737226277372,1096,2.2176346658151362,0.242,0.9646464384621514,0.08270207554081972,,,0.8842537967390968,,0.8843062501031507,0.11569374989684933,0.9870992864799196,0.14567831014482474,10,0.025,0.15,0.9444835283973105,1.0,0.9569947976896825,0.9514409579158765,0.9448618833458555,0.9390975640898057,0.9292855489598165,0.9247909540264172,0.9225374020416653,0.9216768514092684,0.910800577484514,0.8978928469791458
4,2,1.9494082557527643,0.2903526970954357,4820,2.2130636870861053,0.23651452282157676,964,2.2176275464552866,0.2421,0.9734697392685766,0.08365843552448418,,,0.9312700912023006,,0.9313099305177337,0.0686900694822663,0.9872328890437398,0.1456888289044597,10,0.025,0.15,0.9324251297604853,0.9569947976896825,1.0,0.9557594714206509,0.9544651029342154,0.9478864401642523,0.9443324996341945,0.9422557110429303,0.9371862907233359,0.9322944504728276,0.9257207433562041,0.9154954902397084
4,3,1.921811454977308,0.30093054925102136,4406,2.2157245022909984,0.246311010215664,881,2.217616850816751,0.2423,0.9796363412994704,0.08428135176142679,,,0.9618937200891821,,0.9619250383720355,0.03807496162796453,0.9872830909253594,0.14569150800002192,10,0.025,0.15,0.9285579923549123,0.9514409579158765,0.9557594714206509,1.0,0.9553139073365484,0.9550434259722667,0.9529605607690227,0.9519308726008656,0.9462025212714562,0.9436025219512265,0.9439945200914794,0.9309822997701344
4,4,1.9759047089201032,0.2834387159533074,4112,2.218380928039551,0.26277372262773724,822,2.2176192199127582,0.2423,0.9797396686582948,0.08444624186526388,,,0.9699999999508382,,0.9700285520951957,0.029971447904804327,0.9872927372785751,0.14569174826590767,10,0.025,0.15,0.9073842499867063,0.9448618833458555,0.9544651029342154,0.9553139073365484,1.0,0.9585392759456827,0.9569924076751725,0.9539823403538502,0.9531589545062195,0.9462208184574652,0.9423641012487213,0.9422091014487798
4,5,1.9659259765378891,0.2940601697094369,3889,2.2166499069758823,0.2583547557840617,778,2.2176196273369126,0.2423,0.978011702599397,0.08421009118043654,,,0.9583904279014237,,0.9584426730042416,0.041557326995758426,0.987281976636352,0.14569135998430235,10,0.025,0.15,0.9076153852111076,0.9390975640898057,0.9478864401642523,0.9550434259722667,0.9585392759456827,1.0,0.9512298152678388,0.9526433007262142,0.9548718777571344,0.9466058472871645,0.9465585372100421,0.935389537108688
4,6,1.9777412648858694,0.29000269469145784,3711,2.2200270096460977,0.2574123989218329,742,2.217621776122081,0.2421,0.9798210505716184,0.08411438383726863,,,0.9536852910224929,,0.9537390041425294,0.046260995857470566,0.987267312184532,0.14569107245759072,10,0.025,0.15,0.8896028892380368,0.9292855489598165,0.9443324996341945,0.9529605607690227,0.9569924076751725,0.9512298152678388,1.0,0.9630282620137383,0.9640901453057373,0.9513465290797751,0.959617527794442,0.9531219353316206
4,7,1.9768973363297326,0.27732884399551067,3564,2.2175819873809814,0.23983169705469845,713,2.2176204572750042,0.2424,0.9783145571562112,0.08395536110448594,,,0.9458674611691292,,0.9459243121915796,0.054075687808420425,0.987263998042821,0.14569047105579264,10,0.025,0.15,0.8807764933818574,0.9247909540264172,0.9422557110429303,0.9519308726008656,0.9539823403538502,0.9526433007262142,0.9630282620137383,1.0,0.9579958660177582,0.9554226111561969,0.9615471201119181,0.9532679730172423
4,8,1.9820532613330417,0.2839000290613194,3441,2.2154136896133423,0.2369186046511628,688,2.2176264418831355,0.2423,0.9771187660071902,0.08389216999995928,,,0.9427608782624539,,0.9428215411529766,0.05717845884702344,0.9872647764852481,0.1456901533952705,10,0.025,0.15,0.8758019973849318,0.9225374020416653,0.9371862907233359,0.9462025212714562,0.9531589545062195,0.9548718777571344,0.9640901453057373,0.9579958660177582,1.0,0.9526996023802594,0.957263881832309,0.9617705592387817
4,9,1.968880546534503,0.294001199760048,3334,2.222772717475891,0.2383808095952024,667,2.2176324445990065,0.2422,0.9727649954844844,0.0836380730569237,,,0.9302690374284351,,0.9303114323909492,0.06968856760905084,0.9872311695648489,0.14568871946503775,10,0.025,0.15,0.8748070470653115,0.9216768514092684,0.9322944504728276,0.9436025219512265,0.9462208184574652,0.9466058472871645,0.9513465290797751,0.9554226111561969,0.9526996023802594,1.0,0.9536588544589537,0.9548924134901807
4,10,1.9907742252716651,0.2760259179265659,3241,2.2173792521158853,0.24691358024691357,648,2.2176267376428918,0.2421,0.9721382922205789,0.08345057560526996,,,0.9210513416353985,,0.9210938918321203,0.07890610816787968,0.9872301255202434,0.14568735071286776,10,0.025,0.15,0.8661221048909158,0.910800577484514,0.9257207433562041,0.9439945200914794,0.9423641012487213,0.9465585372100421,0.959617527794442,0.9615471201119181,0.957263881832309,0.9536588544589537,1.0,0.9577777895190249
4,11,1.9989333782196046,0.2771446660335549,3159,2.2195647716522218,0.23575949367088608,632,2.2176410487935514,0.2419,0.9657736737228506,0.0826970774895882,,,0.884008083981916,,0.8840504365334786,0.11594956346652141,0.9870958998995985,0.14567806610143905,10,0.025,0.15,0.8481627209748679,0.8978928469791458,0.9154954902397084,0.9309822997701344,0.9422091014487798,0.935389537108688,0.9531219353316206,0.9532679730172423,0.9617705592387817,0.9548924134901807,0.9577777895190249,1.0
5,0,1.8403093695640564,0.32899926953981007,6845,2.1864406629042192,0.26004382761139516,1369,2.1838210926780217,0.2729,0.934816125296084,0.07953319039340667,,,0.7,,0.7000132032810154,0.29998679671898465,0.9901515568047166,0.1449534101696056,10,0.025,0.15,1.0,0.9390587749560559,0.9289696605359122,0.9253712613700449,0.9086475617186304,0.9106185106519802,0.8961556379719469,0.8865512596393633,0.8853453461858437,0.8654555854237569,0.8670001622966431,0.8522635278839666
5,1,1.8581501927486685,0.32444322745527565,5478,2.188430282804701,0.25,1096,2.183155669441706,0.2735,0.964430976344914,0.08282646732298225,,,0.8844388312951479,,0.8844877952171114,0.1155122047828886,0.9912405238761439,0.145205041221065,10,0.025,0.15,0.9390587749560559,1.0,0.9529613008125803,0.9463586974094682,0.9415971797931479,0.9370717172553353,0.9288211656116144,0.9244930715180951,0.925597762503175,0.9042496210806138,0.9071273466944221,0.8976563785308059
5,2,1.9043835708969519,0.30566390041493774,4820,2.177944004535675,0.27385892116182575,964,2.1831560044348994,0.2733,0.9716669758553965,0.08365633690705203,,,0.9309153892908174,,0.930946840289812,0.069053159710188,0.9913133380955229,0.14521828407327886,10,0.025,0.15,0.9289696605359122,0.9529613008125803,1.0,0.9483731167262257,0.9498345446163665,0.9440309491043628,0.9427287242423747,0.9380913688196992,0.9354371083163217,0.9153793401774633,0.9203043110714674,0.9114205798851743
5,3,1.8758310641561236,0.31822514752610076,4406,2.179154021399362,0.28036322360953464,881,2.1831358837175974,0.2731,0.9764564257834243,0.08419935858093318,,,0.9613271296455775,,0.9613638989288839,0.03863610107111615,0.9913485218954227,0.1452213238346614,10,0.025,0.15,0.9253712613700449,0.9463586974094682,0.9483731167262257,1.0,0.9498887177626586,0.9514144692964813,0.949209389811326,0.9456053045938843,0.9436228953858401,0.9175670922218434,0.938598735554158,0.9263692640358802
5,4,1.933244771307165,0.29803015564202334,4112,2.183080264500209,0.2895377128953771,822,2.183140157144281,0.2731,0.9780646183711418,0.08435421839795985,,,0.9699999999439952,,0.9700285520951957,0.029971447904804327,0.991345079203172,0.1452216662575523,10,0.025,0.15,0.9086475617186304,0.9415971797931479,0.9498345446163665,0.9498887177626586,1.0,0.9553344608528853,0.9533205077616709,0.9472333750521341,0.9497803865283422,0.9309950892541415,0.9368461256087229,0.9364620396185673
5,5,1.9190022053257112,0.31378246335818977,3889,2.18024434362139,0.2879177377892031,778,2.183140802987014,0.2731,0.9763568803835314,0.08415188268377269,,,0.9586682585046991,,0.9587149906751827,0.04128500932481727,0.9913430082841916,0.14522116945896532,10,0.025,0.15,0.9106185106519802,0.9370717172553353,0.9440309491043628,0.9514144692964813,0.9553344608528853,1.0,0.9474933914497746,0.9469108795899805,0.9517150918365955,0.9231450669214634,0.9418243876146423,0.9307643698802667
5,6,1.9312435853070227,0.3026677445432498,3711,2.186070760091146,0.28706199460916443,742,2.183143778692318,0.2731,0.9782988278227042,0.0841559168520747,,,0.9588941907001329,,0.958929543991682,0.041070456008318046,0.9913419421497691,0.14522117100402396,10,0.025,0.15,0.8961556379719469,0.9288211656116144,0.9427287242423747,0.949209389811326,0.9533205077616709,0.9474933914497746,1.0,0.9568220744152476,0.9571709547046827,0.9336706170032916,0.949406778707976,0.9473468643839523
5,7,1.9323228180408478,0.29312570145903477,3564,2.1841599146525064,0.27349228611500703,713,2.1831421942650517,0.2741,0.975486675304765,0.08396537310692789,,,0.948222854393773,,0.948267894571801,0.05173210542819895,0.9913300160652021,0.1452203647362336,10,0.025,0.15,0.8865512596393633,0.9244930715180951,0.9380913688196992,0.9456053045938843,0.9472333750521341,0.9469108795899805,0.9568220744152476,1.0,0.9493739369531888,0.936396090643547,0.9514255133731336,0.9462951717711764
5,8,1.9368591092250966,0.2996222028480093,3441,2.179075280825297,0.2747093023255814,688,2.183150750172289,0.2741,0.97536838334418,0.08392229281549583,,,0.9458101576259347,,0.9458500437358683,0.05414995626413166,0.9913187077254977,0.14522012401564688,10,0.025,0.15,0.8853453461858437,0.925597762503175,0.9354371083163217,0.9436228953858401,0.9497803865283422,0.9517150918365955,0.9571709547046827,0.9493739369531888,1.0,0.9277727643840455,0.9484690810405977,0.9535580427757193
5,9,1.9293105319694237,0.3069886022795441,3334,2.1891485850016275,0.2773613193403298,667,2.1831523496893386,0.2739,0.9555233213665335,0.08311639593347367,,,0.9006761824871579,,0.900711326764701,0.099288673235299,0.9913260750958857,0.1452109109968005,10,0.025,0.15,0.8654555854237569,0.9042496210806138,0.9153793401774633,0.9175670922218434,0.9309950892541415,0.9231450669214634,0.9336706170032916,0.936396090643547,0.9277727643840455,1.0,0.9192155436675258,0.9235096373979667
5,10,1.944553975875561,0.28799753162604136,3241,2.1815654039382935,0.29475308641975306,648,2.183153484441057,0.2739,0.9668409284709555,0.08336970440831308,,,0.9148626356933747,,0.9148966018055487,0.08510339819445134,0.9912843096332387,0.14521493525214993,10,0.025,0.15,0.8670001622966431,0.9071273466944221,0.9203043110714674,0.938598735554158,0.9368461256087229,0.9418243876146423,0.949406778707976,0.9514255133731336,0.9484690810405977,0.9192155436675258,1.0,0.9481651079463719
5,11,1.953744900226593,0.29056663501107943,3159,2.187259578704834,0.25316455696202533,632,2.183164687096318,0.2735,0.9621500349393582,0.08274886259760798,,,0.880092605588324,,0.8801389645326864,0.11986103546731364,0.9912378293791038,0.1452033261533326,10,0.025,0.15,0.8522635278839666,0.8976563785308059,0.9114205798851743,0.9263692640358802,0.9364620396185673,0.9307643698802667,0.9473468643839523,0.9462951717711764,0.9535580427757193,0.9235096373979667,0.9481651079463719,1.0
6,0,1.8101556764708624,0.340409057706355,6845,2.1495122476057573,0.2702702702702703,1369,2.145230151429961,0.2863,0.9365341178758855,0.0799818223901954,,,0.7,,0.7000132032810154,0.29998679671898465,0.9921981409659596,0.14476197294275772,10,0.025,0.15,1.0,0.9331810293457277,0.9238820716415543,0.9207594153813414,0.9070202378691009,0.9098340212903627,0.8949462977057369,0.8850555896773779,0.8884989582057943,0.8782465267921986,0.8688207079413955,0.8620840627982381
6,1,1.8228896872941838,0.3346841913106973,5478,2.1508843898773193,0.25821167883211676,1096,2.144143988814535,0.289,0.9625480821599894,0.0828765357418665,,,0.8841239354498616,,0.8841577131917281,0.11584228680827191,0.9936514890575401,0.14503719341910426,10,0.025,0.15,0.9331810293457277,1.0,0.9486135489394074,0.9404813764904256,0.9374939182851673,0.9331271856069081,0.9247554216802324,0.9173553832666543,0.9242627928502846,0.9117978846962614,0.9018314381376162,0.8972954330070478
6,2,1.868588778219725,0.3213485477178423,4820,2.138052672147751,0.2987551867219917,964,2.144126689886745,0.2892,0.9682283543850956,0.08357738077647556,,,0.9287025621516104,,0.928751794821013,0.071248205178987,0.9937955666207469,0.14505221669846008,10,0.025,0.15,0.9238820716415543,0.9486135489394074,1.0,0.942765454749751,0.9442204441581025,0.9382909142365166,0.9358582828531302,0.9297304321500951,0.9297233844278846,0.91876628567398,0.913524162992142,0.9095017922902271
6,3,1.836572995867048,0.3284384929641398,4406,2.1376908847263882,0.2939841089670829,881,2.1440983965427063,0.2891,0.9746763236175984,0.08412521958339156,,,0.9635489268402934,,0.9635837005495865,0.03641629945041347,0.9938247372218585,0.14505698080848942,10,0.025,0.15,0.9207594153813414,0.9404813764904256,0.942765454749751,1.0,0.9433486380039642,0.9457479607663799,0.946115765445765,0.9386574622524612,0.9387765564926494,0.9321581321999978,0.9339718705695823,0.9262031141145256
6,4,1.8942785776022708,0.31040856031128405,4112,2.1431613990238736,0.30900243309002434,822,2.1441031588783748,0.2891,0.9748377455353238,0.08422664044091484,,,0.969999999936393,,0.9700285520951957,0.029971447904804327,0.9938307246068624,0.14505729584121776,10,0.025,0.15,0.9070202378691009,0.9374939182851673,0.9442204441581025,0.9433486380039642,1.0,0.9485009116854503,0.9466932125469345,0.9413875900075561,0.9444585519131106,0.9330433339968445,0.932049724475966,0.9318358523078386
6,5,1.8758762044291342,0.3280277706351247,3889,2.138993263244629,0.2943444730077121,778,2.144107236137873,0.2891,0.9732969767877482,0.08405067112206031,,,0.9588071253509968,,0.9588470234853361,0.041152976514663875,0.9938206486130137,0.14505661108945786,10,0.025,0.15,0.9098340212903627,0.9331271856069081,0.9382909142365166,0.9457479607663799,0.9485009116854503,1.0,0.9417533163387252,0.9403002763930071,0.9443547661029857,0.9337887221569642,0.933085582385247,0.9236151391422153
6,6,1.892973725549106,0.31775801670708703,3711,2.1478644212086997,0.31805929919137466,742,2.14411020882522,0.289,0.9750817354691182,0.08411149595326874,,,0.9626760083575656,,0.9627089831823208,0.03729101681767921,0.9938248903642442,0.14505692913330565,10,0.025,0.15,0.8949462977057369,0.9247554216802324,0.9358582828531302,0.946115765445765,0.9466932125469345,0.9417533163387252,1.0,0.9487005160601859,0.9505767797556108,0.9348056401022703,0.9442925033139445,0.943940237585777
6,7,1.8882367960044315,0.30617283950617286,3564,2.146100918451945,0.28751753155680226,713,2.144108512733556,0.2893,0.9719040969882078,0.08388936013850468,,,0.9485466230092345,,0.9485897245465498,0.05141027545345023,0.9938192944388636,0.14505550530830955,10,0.025,0.15,0.8850555896773779,0.9173553832666543,0.9297304321500951,0.9386574622524612,0.9413875900075561,0.9403002763930071,0.9487005160601859,1.0,0.9434393044209982,0.9409130384152888,0.9473612684892899,0.9425186434471745
6,8,1.8927938262621562,0.3108398721301947,3441,2.138360778490702,0.29069767441860467,688,2.1441214869293987,0.2894,0.9732584686892592,0.08390686987016273,,,0.9496603639258232,,0.9496954993315839,0.050304500668416074,0.9938186960122622,0.14505561911743622,10,0.025,0.15,0.8884989582057943,0.9242627928502846,0.9297233844278846,0.9387765564926494,0.9444585519131106,0.9443547661029857,0.9505767797556108,0.9434393044209982,1.0,0.9406800547334873,0.9405732850369568,0.9459495611325872
6,9,1.8854067188722117,0.3204859028194361,3334,2.150517225265503,0.29235382308845576,667,2.144124028048938,0.2893,0.9652156149979948,0.08314370692842557,,,0.9011178841873649,,0.9011651895496031,0.09883481045039688,0.9936986154582225,0.14504475948885057,10,0.025,0.15,0.8782465267921986,0.9117978846962614,0.91876628567398,0.9321581321999978,0.9330433339968445,0.9337887221569642,0.9348056401022703,0.9409130384152888,0.9406800547334873,1.0,0.936096360887252,0.9381711937319938
