round,client_id,client_i_training_loss,client_i_training_accuracy,client_i_training_dataset_size,client_i_evaluation_loss,client_i_evaluation_accuracy,client_i_evaluation_dataset_size,client_i_central_evaluation_loss,client_i_central_evaluation_accuracy,client_i_cosine_similarity,client_i_importance_coefficient,client_i_tanh_val,tanh_normalization_value,client_i_q,client_i_mask_order,client_i_v_nonzero_fraction,client_i_v_sparsity,client_i_v_cosine_similarity,client_i_reward_gradient_norm,local_epochs,learning_rate,gamma,client_0_cosine_similarity,client_1_cosine_similarity,client_2_cosine_similarity,client_3_cosine_similarity,client_4_cosine_similarity,client_5_cosine_similarity,client_6_cosine_similarity,client_7_cosine_similarity,client_8_cosine_similarity,client_9_cosine_similarity,client_10_cosine_similarity,client_11_cosine_similarity
0,0,2.213687468899621,0.18189919649379108,6845,2.2940593416040596,0.12636961285609935,1369,2.2984706178496155,0.1159,0.8946833350507154,0.07866535776237243,,,0.8,,0.8000115528708884,0.19998844712911157,0,0.1419696390232702,10,0.025,0.15,1.0,0.9154710171326739,0.8826256351106534,0.855665067302148,0.8681649279922483,0.8165035900944091,0.773370518826858,0.7919655658585656,0.7652399707365991,0.7968794231163263,0.7451596009959799,0.7378577451789389
0,1,2.271184580825096,0.1464585615188025,5478,2.299968057208591,0.11496350364963503,1096,2.298448475101326,0.1158,0.968333685155938,0.08514109159284877,,,0.9710600047536235,,0.9711013186776914,0.02889868132230855,0,0.14203240459891953,10,0.025,0.15,0.9154710171326739,1.0,0.9669577619817491,0.9463280091150398,0.9491709540740383,0.9162706914384726,0.8823690438182832,0.9013164680540187,0.8659169487155787,0.8786532821128377,0.8521305835529516,0.8377169696566525
0,2,2.273244129356585,0.15219917012448134,4820,2.3009803891181946,0.08713692946058091,964,2.2984484630294992,0.1158,0.9720511004056644,0.08546794668125215,,,0.9796940583512088,,0.9797329636414649,0.020267036358535107,0,0.14203244861303949,10,0.025,0.15,0.8826256351106534,0.9669577619817491,1.0,0.9656395380474445,0.9436725712523732,0.9250628834500568,0.8994557896653231,0.9250018432129963,0.8813195917474975,0.8928890219619394,0.8665350582589946,0.8475065452468419
0,3,2.274263479369027,0.14786654561960963,4406,2.297361203602382,0.12031782065834279,881,2.298448478119283,0.1158,0.9685620019632082,0.08516116643120045,,,0.9715902924451443,,0.9716294499183047,0.02837055008169531,0,0.14203240481453172,10,0.025,0.15,0.855665067302148,0.9463280091150398,0.9656395380474445,1.0,0.9398409901242306,0.9449015873242192,0.8998071305882042,0.9300336811034727,0.8856080477080532,0.8947708689350621,0.864583163519139,0.8637308445123296
0,4,2.286684462518403,0.12852626459143968,4112,2.29834931237357,0.11800486618004866,822,2.298448453975629,0.1158,0.9764883515898041,0.08585809360609911,,,0.9899999999735845,,0.9900232707827895,0.00997672921721049,0,0.14203246569657293,10,0.025,0.15,0.8681649279922483,0.9491709540740383,0.9436725712523732,0.9398409901242306,1.0,0.9299943953811725,0.9168966042986924,0.9234885770969039,0.9198963332372844,0.918502073423682,0.903443942977049,0.8930207678637571
0,5,2.289402930198177,0.13165338133196194,3889,2.2971391337258473,0.13239074550128535,778,2.2984483996524085,0.1158,0.9642900562919028,0.08478555405371538,,,0.9616682887371275,,0.9617104850555362,0.038289514944463754,0,0.1420323209577313,10,0.025,0.15,0.8165035900944091,0.9162706914384726,0.9250628834500568,0.9449015873242192,0.9299943953811725,1.0,0.9347220891452516,0.9352002607060482,0.8878125250773232,0.9138733890964295,0.8978688071812738,0.9168748411657692
0,6,2.292072288743381,0.12573430342225816,3711,2.297565499941508,0.11320754716981132,742,2.2984487105019484,0.1158,0.9490414807378721,0.08344481749997551,,,0.9262520089362591,,0.9263009357825419,0.07369906421745809,0,0.14203094345754577,10,0.025,0.15,0.773370518826858,0.8823690438182832,0.8994557896653231,0.8998071305882042,0.9168966042986924,0.9347220891452516,1.0,0.9622828062097198,0.8910617793273886,0.8930257880697059,0.9211143999184906,0.927347184152375
0,7,2.289776631764003,0.12918069584736253,3564,2.2984861532847085,0.1276297335203366,713,2.298448487173153,0.1158,0.9593852106862601,0.08435429371922486,,,0.9502763142058687,,0.9503226551798122,0.04967734482018782,0,0.14203211983843847,10,0.025,0.15,0.7919655658585656,0.9013164680540187,0.9250018432129963,0.9300336811034727,0.9234885770969039,0.9352002607060482,0.9622828062097198,1.0,0.8938836035494208,0.9187931001792118,0.9088008102813458,0.9030346781144558
0,8,2.2911199763969137,0.12176692821854113,3441,2.3008290926615396,0.10174418604651163,688,2.298456170890905,0.116,0.9327384514723357,0.08201136771999146,,,0.8883866592172582,,0.888432275420442,0.11156772457955799,0,0.1420178415996628,10,0.025,0.15,0.7652399707365991,0.8659169487155787,0.8813195917474975,0.8856080477080532,0.9198963332372844,0.8878125250773232,0.8910617793273886,0.8938836035494208,1.0,0.9069918515807482,0.9078478163985563,0.9158312977464581
0,9,2.2907994393949154,0.11814637072585484,3334,2.297770341237386,0.12893553223388307,667,2.298448951938484,0.1158,0.9389087705412941,0.08255389526918303,,,0.9027178172872394,,0.9027578353220775,0.09724216467792246,0,0.1420284364636563,10,0.025,0.15,0.7968794231163263,0.8786532821128377,0.8928890219619394,0.8947708689350621,0.918502073423682,0.9138733890964295,0.8930257880697059,0.9187931001792118,0.9069918515807482,1.0,0.8657984211072798,0.8728434679248289
0,10,2.2957230357023386,0.11332921937673558,3241,2.2983509302139282,0.1111111111111111,648,2.2984566326382794,0.116,0.9259292094000028,0.08141266263325783,,,0.8725715411682912,,0.8725965902526778,0.12740340974732223,0,0.14201452973646328,10,0.025,0.15,0.7451596009959799,0.8521305835529516,0.8665350582589946,0.864583163519139,0.903443942977049,0.8978688071812738,0.9211143999184906,0.9088008102813458,0.9078478163985563,0.8657984211072798,1.0,0.9392923837799122
0,11,2.2953645935058593,0.13314339981006648,3159,2.299147701263428,0.10759493670886076,632,2.2984569947930833,0.116,0.9228708245311499,0.08114375303087913,,,0.8654681488632044,,0.8654833226056675,0.13451667739433248,0,0.14201275797445917,10,0.025,0.15,0.7378577451789389,0.8377169696566525,0.8475065452468419,0.8637308445123296,0.8930207678637571,0.9168748411657692,0.927347184152375,0.9030346781144558,0.9158312977464581,0.8728434679248289,0.9392923837799122,1.0
1,0,2.0894609689712524,0.24153396639883126,6845,2.283233252438632,0.14024835646457268,1369,2.2875470873675767,0.1369,0.8943899012093309,0.07805424799636947,,,0.8,,0.8000115528708884,0.19998844712911157,0.9099003155201211,0.14510225476885813,10,0.025,0.15,1.0,0.9408905306513942,0.9177340012114993,0.896871232634783,0.8918449401293422,0.854352857029126,0.8257932260347345,0.8338385471873564,0.8170788594937185,0.827514690672146,0.7920650150689859,0.7869229998518098
1,1,2.150831118295359,0.21589996349032495,5478,2.290274884965685,0.13412408759124086,1096,2.287510690809805,0.1369,0.9552482730881824,0.08406252599955319,,,0.955564089127156,,0.9556122196365797,0.04438778036342028,0.9094762500225241,0.14515575031188488,10,0.025,0.15,0.9408905306513942,1.0,0.9657493908468153,0.9555772905276694,0.95150069604492,0.9303286530433976,0.9026421315356248,0.9042170730245159,0.8914000391414569,0.9045454884346003,0.8689747502509588,0.8704565878850699
1,2,2.1511828450780164,0.212551867219917,4820,2.2889240980148315,0.13070539419087138,964,2.287510542929927,0.1369,0.969844900629347,0.08474232648999849,,,0.9731652294253047,,0.9731973395388754,0.02680266046112456,0.9094757706110645,0.14515587165637703,10,0.025,0.15,0.9177340012114993,0.9657493908468153,1.0,0.9693496226664856,0.9662970704824484,0.9462147754712437,0.9258285737682549,0.9278396142742885,0.9181716433421186,0.9268292997399061,0.8928737716608439,0.898027044975001
1,3,2.166840443951743,0.20844303222877894,4406,2.2863711970193044,0.1373439273552781,881,2.287510612342931,0.1369,0.9829769206552728,0.08498093588788463,,,0.9793432148014254,,0.9793781254641778,0.020621874535822204,0.9094753565983279,0.14515589047037372,10,0.025,0.15,0.896871232634783,0.9555772905276694,0.9693496226664856,1.0,0.9717488995561697,0.9665515257317078,0.9487499359773934,0.9529277214251777,0.9425542514912648,0.9491920980759427,0.9242994646455129,0.9300570833422441
1,4,2.1843236175450413,0.19669260700389105,4112,2.2874464307512556,0.1362530413625304,822,2.287510603289061,0.1369,0.9823330329412779,0.08539252784523765,,,0.9899999999741084,,0.9900232707827895,0.00997672921721049,0.9094740934753704,0.1451558996855099,10,0.025,0.15,0.8918449401293422,0.95150069604492,0.9662970704824484,0.9717488995561697,1.0,0.963321056565502,0.9476816182782348,0.9462771812581156,0.9457652160710869,0.9568717439851187,0.9292602545062878,0.9298530765110606
1,5,2.199229209653793,0.19660581126253535,3889,2.2875852584838867,0.15681233933161953,778,2.2875104825707933,0.1369,0.9859856828562416,0.08484607036024372,,,0.9758513269508641,,0.9758875080457494,0.02411249195425058,0.9094855970714556,0.14515588233612492,10,0.025,0.15,0.854352857029126,0.9303286530433976,0.9462147754712437,0.9665515257317078,0.963321056565502,1.0,0.968608851545518,0.971217207293463,0.9612482637814713,0.9662171794914719,0.9556429938629758,0.9599938139656032
1,6,2.2151665169617227,0.19291296146591216,3711,2.2868076960245767,0.14150943396226415,742,2.28751114350331,0.1369,0.9782965602329525,0.08376256771298622,,,0.9477976812476926,,0.9478387879388028,0.05216121206119717,0.9095138896753571,0.14515564859063818,10,0.025,0.15,0.8257932260347345,0.9026421315356248,0.9258285737682549,0.9487499359773934,0.9476816182782348,0.968608851545518,1.0,0.9768977044668404,0.9670011120791363,0.957460258865112,0.9677939917873342,0.9672529573581148
1,7,2.2077366339308875,0.19219977553310888,3564,2.2875242233276367,0.13464235624123422,713,2.287510542929927,0.1369,0.9803138791325956,0.08439304970927841,,,0.9641218855225769,,0.9641448399927381,0.035855160007261855,0.9095012217436038,0.1451558234838095,10,0.025,0.15,0.8338385471873564,0.9042170730245159,0.9278396142742885,0.9529277214251777,0.9462771812581156,0.971217207293463,0.9768977044668404,1.0,0.9674265154831505,0.9620034765254043,0.9681976784215971,0.9684007183201495
1,8,2.2051489256046435,0.18111014240046497,3441,2.289692680040995,0.11918604651162791,688,2.287518860418585,0.1368,0.9729518148150528,0.0826981071060202,,,0.9202370649368854,,0.9202769388192966,0.07972306118070338,0.9097705836348537,0.14515464823056887,10,0.025,0.15,0.8170788594937185,0.8914000391414569,0.9181716433421186,0.9425542514912648,0.9457652160710869,0.9612482637814713,0.9670011120791363,0.9674265154831505,1.0,0.9584610161609743,0.9613464931928822,0.9639222544346171
1,9,2.2101220492963436,0.18140371925614876,3334,2.2870742877324424,0.1424287856071964,667,2.28751152678381,0.1368,0.9756497992773548,0.0831230383308279,,,0.9312392254384251,,0.9312686702645607,0.06873132973543927,0.9095173101114798,0.14515510678410978,10,0.025,0.15,0.827514690672146,0.9045454884346003,0.9268292997399061,0.9491920980759427,0.9568717439851187,0.9662171794914719,0.957460258865112,0.9620034765254043,0.9584610161609743,1.0,0.960069139331507,0.9556114580509089
1,10,2.229619867985065,0.17741437827830916,3241,2.288124402364095,0.14969135802469136,648,2.2875196873387202,0.1368,0.9642120142171338,0.08204090502905231,,,0.9032210343168293,,0.9032612104107871,0.09673878958921289,0.9097675389377476,0.14515346639543283,10,0.025,0.15,0.7920650150689859,0.8689747502509588,0.8928737716608439,0.9242994646455129,0.9292602545062878,0.9556429938629758,0.9677939917873342,0.9681976784215971,0.9613464931928822,0.960069139331507,1.0,0.9736301832520984
1,11,2.225434721946716,0.1830642608420386,3159,2.2888628959655763,0.12183544303797468,632,2.2875225423257564,0.1367,0.9651217422900498,0.08190369753254764,,,0.8996685090835002,,0.8996963245366474,0.10030367546335262,0.9096655077150462,0.1451527025010182,10,0.025,0.15,0.7869229998518098,0.8704565878850699,0.898027044975001,0.9300570833422441,0.9298530765110606,0.9599938139656032,0.9672529573581148,0.9684007183201495,0.9639222544346171,0.9556114580509089,0.9736301832520984,1.0
2,0,2.0129201937604835,0.27367421475529585,6845,2.2666726329109887,0.21110299488677867,1369,2.2710645953311195,0.194,0.900736500267763,0.07780444155680208,,,0.8,,0.8000115528708884,0.19998844712911157,0.9570013375094613,0.14546191472483067,10,0.025,0.15,1.0,0.9380972136039245,0.9121065926073468,0.8955121538772963,0.8877749795000973,0.8585092838556998,0.8502983655179955,0.8565856268002572,0.8313844475396783,0.8298242748617582,0.8232945930817744,0.8084372116351667
2,1,2.068477643367856,0.25312157721796275,5478,2.275177690717909,0.18156934306569342,1096,2.27101145514959,0.1959,0.959066504477033,0.08343430210492503,,,0.9490995824229355,,0.9491343598884323,0.05086564011156769,0.9571761319943236,0.1455405554458055,10,0.025,0.15,0.9380972136039245,1.0,0.9552677452842117,0.9472601303771258,0.939030947774144,0.9284123618870861,0.9249984467126585,0.9255756684197326,0.9066071238271349,0.9081345583138588,0.8984437429384667,0.892515287035933
2,2,2.0637519171363428,0.2517219917012448,4820,2.2709795236587524,0.1991701244813278,964,2.271010429044313,0.1959,0.9789076238154816,0.0845034776729087,,,0.9774153158874739,,0.9774553976663201,0.02254460233367994,0.957177551374371,0.1455410891149488,10,0.025,0.15,0.9121065926073468,0.9552677452842117,1.0,0.9646019295427598,0.9612140802040628,0.9501038191076103,0.9524954120604681,0.9545431692763972,0.942639917144719,0.9362872844165364,0.9317732193443544,0.9320608457932528
2,3,2.083733773572104,0.24761688606445756,4406,2.269886084965297,0.1963677639046538,881,2.271010299272175,0.1959,0.9818291039334716,0.08474680540819811,,,0.9838595365592747,,0.9839002492119292,0.0160997507880708,0.9571806707573112,0.1455411145889216,10,0.025,0.15,0.8955121538772963,0.9472601303771258,0.9646019295427598,1.0,0.9626619023789974,0.961059045891683,0.958072774788511,0.9632056699014401,0.9493746720803824,0.9464045006502799,0.9381004907531033,0.9397064953470318
2,4,2.0959348750836924,0.24905155642023347,4112,2.2710550171988353,0.18248175182481752,822,2.2710103626492657,0.1959,0.9811125109160267,0.08497866355401752,,,0.9899999999735163,,0.9900232707827895,0.00997672921721049,0.9571793597526391,0.14554112452015758,10,0.025,0.15,0.8877749795000973,0.939030947774144,0.9612140802040628,0.9626619023789974,1.0,0.9591880462676629,0.9616991930493088,0.9582325768196316,0.9536187888975314,0.9527264277041458,0.9431598208569824,0.9379392085398813
2,5,2.1134414930497445,0.23967600925687838,3889,2.2727936676570346,0.2069408740359897,778,2.2710099974765052,0.1959,0.9820017054911555,0.08466880264205343,,,0.9817937340832465,,0.9818289845026489,0.018171015497351117,0.95718065427966,0.14554110911924473,10,0.025,0.15,0.8585092838556998,0.9284123618870861,0.9501038191076103,0.961059045891683,0.9591880462676629,1.0,0.9670333686334188,0.966370910861743,0.9582282274756786,0.9628106683574984,0.955305129236357,0.9597973631625992
2,6,2.132321327719195,0.23761789275127998,3711,2.2703863382339478,0.19811320754716982,742,2.271011717711823,0.1959,0.9824870453758943,0.08401271364023827,,,0.9644180645854407,,0.9644666699674869,0.03553333003251313,0.9571799905903198,0.1455409566986459,10,0.025,0.15,0.8502983655179955,0.9249984467126585,0.9524954120604681,0.958072774788511,0.9616991930493088,0.9670333686334188,1.0,0.9709117814896927,0.9623261726205681,0.9586682064319031,0.9641068464579801,0.9618889446662331
2,7,2.125164866873196,0.23799102132435465,3564,2.2709675629933677,0.1949509116409537,713,2.271010329451742,0.1959,0.9833830835167475,0.08443295074857075,,,0.9755475014223595,,0.9755904342229044,0.024409565777095632,0.9571761794643178,0.14554107847923747,10,0.025,0.15,0.8565856268002572,0.9255756684197326,0.9545431692763972,0.9632056699014401,0.9582325768196316,0.966370910861743,0.9709117814896927,1.0,0.9646105294586417,0.9592098876527344,0.9630911226648888,0.9607130014772297
2,8,2.114627152902109,0.24030804998546934,3441,2.2732372283935547,0.18604651162790697,688,2.2710203792475445,0.1946,0.9749616292704217,0.08310696819449183,,,0.9404305667446113,,0.9404697067221205,0.05953029327787951,0.957171801662051,0.14554016038244244,10,0.025,0.15,0.8313844475396783,0.9066071238271349,0.942639917144719,0.9493746720803824,0.9536187888975314,0.9582282274756786,0.9623261726205681,0.9646105294586417,1.0,0.9565522785868492,0.9600144833526538,0.9596370523074762
2,9,2.1172710529080145,0.232123575284943,3334,2.2709598541259766,0.20389805097451275,667,2.2710126291347454,0.1959,0.9733972776892157,0.08331942840978131,,,0.9460573010323211,,0.9461058573055404,0.05389414269445958,0.9571791823307998,0.14554044344467373,10,0.025,0.15,0.8298242748617582,0.9081345583138588,0.9362872844165364,0.9464045006502799,0.9527264277041458,0.9628106683574984,0.9586682064319031,0.9592098876527344,0.9565522785868492,1.0,0.9566272672496288,0.9593352018982104
2,10,2.1508160375631773,0.22644245603208887,3241,2.2724236647288003,0.1882716049382716,648,2.2710215683224835,0.1946,0.9709312313808451,0.08256785748701401,,,0.9261529162277656,,0.9261854070736578,0.07381459292634218,0.9571602831018351,0.14553863565073025,10,0.025,0.15,0.8232945930817744,0.8984437429384667,0.9317732193443544,0.9381004907531033,0.9431598208569824,0.955305129236357,0.9641068464579801,0.9630911226648888,0.9600144833526538,0.9566272672496288,1.0,0.9648419528398879
2,11,2.141271698951721,0.2319088319088319,3159,2.273139238357544,0.189873417721519,632,2.2710247703745394,0.195,0.9691180728405359,0.08242358858099882,,,0.9223321406579962,,0.922364707629846,0.07763529237015399,0.9571955714708744,0.1455382486526832,10,0.025,0.15,0.8084372116351667,0.892515287035933,0.9320608457932528,0.9397064953470318,0.9379392085398813,0.9597973631625992,0.9618889446662331,0.9607130014772297,0.9596370523074762,0.9593352018982104,0.9648419528398879,1.0
3,0,1.9504505435625712,0.2992111029948868,6845,2.2442910887978296,0.27757487216946675,1369,2.2489213611506207,0.2533,0.9128618731746247,0.07811409275032635,,,0.8,,0.8000115528708884,0.19998844712911157,0.9786774279446003,0.14508705454148715,10,0.025,0.15,1.0,0.9441744414371819,0.9185574869429893,0.9080252403007778,0.8982147294174484,0.8710131584034705,0.8643354649428895,0.8657484876930036,0.8403641640666121,0.8360846876010976,0.8432837305274147,0.8194342549925235
3,1,2.0063820558925007,0.2787696239503468,5478,2.254555755191379,0.2427007299270073,1096,2.2488429304919664,0.2554,0.9567746037348939,0.08304305122643955,,,0.9412464382015565,,0.9412866597349442,0.05871334026505581,0.979108714048997,0.14519324554810767,10,0.025,0.15,0.9441744414371819,1.0,0.950360811673991,0.9439582105278126,0.9366134317867421,0.9220810098282839,0.9211438699932981,0.9182208335870069,0.8964359334802812,0.8970354647900278,0.8981965047734256,0.8849073962380029
3,2,2.002347530189313,0.27676348547717844,4820,2.2471184134483337,0.262448132780083,964,2.248840863191629,0.2554,0.9772913625625317,0.08437692358793959,,,0.9794704810679002,,0.9795184103249658,0.020481589675034217,0.9791287843871633,0.14519416368488425,10,0.025,0.15,0.9185574869429893,0.950360811673991,1.0,0.9598155502037199,0.9587450596958564,0.9464936291811694,0.9487719513407589,0.9482661066659637,0.9340938981001493,0.925127384045168,0.9318304797337502,0.9261900179832766
3,3,2.0219993918282646,0.27369496141625055,4406,2.247689894267491,0.23382519863791146,881,2.248840682114227,0.2554,0.9782937801568761,0.08456070244252645,,,0.9847369301063642,,0.9847749665791949,0.015225033420805056,0.9791313535652134,0.14519419854602233,10,0.025,0.15,0.9080252403007778,0.9439582105278126,0.9598155502037199,1.0,0.9557976406689752,0.952732786720811,0.9501398239146412,0.9545446942936495,0.9379823647914559,0.9317147922102892,0.934712675222539,0.9296034668209815
3,4,2.0356449463150716,0.27721303501945527,4112,2.2491162845066617,0.24939172749391728,822,2.248840781706798,0.2554,0.9795105103028262,0.08474436337693067,,,0.9899999999713436,,0.9900232707827895,0.00997672921721049,0.9791348819975172,0.14519421977158825,10,0.025,0.15,0.8982147294174484,0.9366134317867421,0.9587450596958564,0.9557976406689752,1.0,0.9553560996141175,0.9573172314127791,0.9496577304173546,0.9462952396638791,0.939586316859608,0.9425745919903809,0.9323421413951741
3,5,2.0504565523516747,0.26469529442015943,3889,2.2524591514042447,0.2853470437017995,778,2.248840141899978,0.2554,0.9785274115358434,0.08451991895337242,,,0.9835682202037844,,0.9836114274397187,0.016388572560281256,0.9791297429147797,0.14519419343658854,10,0.025,0.15,0.8710131584034705,0.9220810098282839,0.9464936291811694,0.952732786720811,0.9553560996141175,1.0,0.9589107791828873,0.9564046213627011,0.9464286504149715,0.9473397380132119,0.9524535334951617,0.9506602391019141
3,6,2.0652622465429635,0.2674211802748585,3711,2.2480732202529907,0.2601078167115903,742,2.2488426075706,0.2554,0.9795173219033072,0.08414502754276756,,,0.9728251642991931,,0.9728755095641267,0.027124490435873283,0.9791267298596437,0.14519408856085556,10,0.025,0.15,0.8643354649428895,0.9211438699932981,0.9487719513407589,0.9501398239146412,0.9573172314127791,0.9589107791828873,1.0,0.9620783633004022,0.950073286102879,0.9466173564378022,0.9583368884861452,0.9535226317748874
3,7,2.0567634667669026,0.2684904601571268,3564,2.24881903330485,0.24123422159887797,713,2.24884066098853,0.2554,0.9787615683784036,0.08438117678070661,,,0.9795923624617561,,0.9796256869832153,0.020374313016784718,0.9791285687574414,0.14519416373179087,10,0.025,0.15,0.8657484876930036,0.9182208335870069,0.9482661066659637,0.9545446942936495,0.9496577304173546,0.9564046213627011,0.9620783633004022,1.0,0.954222695179181,0.9471182294903232,0.9581586550187609,0.948028320875008
3,8,2.0413439317985818,0.27800058122638766,3441,2.2514877716700235,0.24563953488372092,688,2.248851833464224,0.255,0.9684993167150714,0.08322290090211396,,,0.9464002909320721,,0.9464359393309237,0.05356406066907626,0.9791081163720338,0.14519344774819481,10,0.025,0.15,0.8403641640666121,0.8964359334802812,0.9340938981001493,0.9379823647914559,0.9462952396638791,0.9464286504149715,0.950073286102879,0.954222695179181,1.0,0.9414714265484455,0.9500358367355135,0.9456164687404169
3,9,2.054762324138924,0.2661067786442711,3334,2.2493667205174765,0.24887556221889057,667,2.2488438690764996,0.2555,0.9654710481988825,0.08325584583558593,,,0.9473443756778159,,0.9473931772045353,0.05260682279546469,0.9791140279005371,0.1451934804752388,10,0.025,0.15,0.8360846876010976,0.8970354647900278,0.925127384045168,0.9317147922102892,0.939586316859608,0.9473397380132119,0.9466173564378022,0.9471182294903232,0.9414714265484455,1.0,0.9501692237839294,0.9456197565726724
3,10,2.086115655073753,0.2556618327676643,3241,2.2506341536839805,0.25462962962962965,648,2.2488536351843726,0.255,0.9712867508808574,0.08297933870333264,,,0.9394206636487179,,0.939471208595336,0.06052879140466405,0.9790966248908052,0.14519316951932199,10,0.025,0.15,0.8432837305274147,0.8981965047734256,0.9318304797337502,0.934712675222539,0.9425745919903809,0.9524535334951617,0.9583368884861452,0.9581586550187609,0.9500358367355135,0.9501692237839294,1.0,0.9562222751354443
3,11,2.071289077758789,0.26451408673630894,3159,2.2521015644073485,0.24525316455696203,632,2.2488585031485258,0.2548,0.9641502954372605,0.08265665789795823,,,0.9301737781949199,,0.9302206598339687,0.06977934016603127,0.9790755565101145,0.1451922686528464,10,0.025,0.15,0.8194342549925235,0.8849073962380029,0.9261900179832766,0.9296034668209815,0.9323421413951741,0.9506602391019141,0.9535226317748874,0.948028320875008,0.9456164687404169,0.9456197565726724,0.9562222751354443,1.0
4,0,1.9015000447078987,0.3144923301680058,6845,2.2165069580078125,0.29802775748721694,1369,2.2214860644521592,0.2812,0.9267865266258345,0.07876977561386911,,,0.8,,0.8000115528708884,0.19998844712911157,0.983894856560715,0.14505669918099748,10,0.025,0.15,1.0,0.945919178358433,0.9270077145103103,0.9177702982505025,0.9066014289989998,0.8883744226295459,0.8832826079162124,0.8817794572194385,0.8550455840052799,0.8485195669549376,0.8685862317737332,0.8435397079542934
4,1,1.9544335528861645,0.29620299379335524,5478,2.2288378609551325,0.27645985401459855,1096,2.2213436953629118,0.283,0.960105391652133,0.0829180606635889,,,0.9372293247022124,,0.9372679110759023,0.06273208892409765,0.9851762111454702,0.14513554980906235,10,0.025,0.15,0.945919178358433,1.0,0.949989582009234,0.9445368561605275,0.9349490746555009,0.926804872011317,0.9275786836438589,0.9213408922194394,0.8977503073036115,0.8965550110330603,0.9083284715287312,0.8943824331082456
4,2,1.9504028044248882,0.29531120331950206,4820,2.2177796959877014,0.2821576763485477,964,2.221339056763468,0.283,0.9757045110378921,0.08425572469741459,,,0.9814805586073505,,0.9815154065785348,0.018484593421465245,0.9851973272647576,0.1451366454658567,10,0.025,0.15,0.9270077145103103,0.949989582009234,1.0,0.9574375306591209,0.9527133866672859,0.9436832742197422,0.947455062037256,0.9456221596023687,0.9269407448989803,0.9186205642580937,0.9324845578906279,0.9244924569417181
4,3,1.9735502658571515,0.2904675442578302,4406,2.220193454197475,0.2667423382519864,881,2.2213387519498413,0.283,0.9752003591538689,0.08435333593539394,,,0.9847096337819601,,0.9847502104272912,0.015249789572708838,0.9851967745448851,0.14513665515901916,10,0.025,0.15,0.9177702982505025,0.9445368561605275,0.9574375306591209,1.0,0.9519648312108602,0.9475471582247843,0.9436138255398607,0.9490332139487344,0.9294799508222854,0.9231044144792554,0.9325368885159834,0.9228233701813473
4,4,1.9782146497206254,0.2941147859922179,4112,2.221971103123256,0.28102189781021897,822,2.221339195589476,0.283,0.9766056218625555,0.08451325763580478,,,0.989999999966919,,0.9900232707827895,0.00997672921721049,0.9851961529852196,0.14513666463155928,10,0.025,0.15,0.9066014289989998,0.9349490746555009,0.9527133866672859,0.9519648312108602,1.0,0.952385621273566,0.9529028942658774,0.9464303566467861,0.9396695378816982,0.9291675526374775,0.9404647511749222,0.9281047536761706
4,5,1.9990294529545691,0.2817948058626896,3889,2.2267414161137173,0.31362467866323906,778,2.2213378737244427,0.283,0.9771586003528099,0.08439199805386272,,,0.9859886144560063,,0.986021026225017,0.013978973774983028,0.9851965236597028,0.1451366592580802,10,0.025,0.15,0.8883744226295459,0.926804872011317,0.9436832742197422,0.9475471582247843,0.952385621273566,1.0,0.9544617878159665,0.9531139426568224,0.9401799390654388,0.9391473893469026,0.9504882428269391,0.9448135741218758
4,6,2.0115499915747805,0.2863379143088116,3711,2.2200841903686523,0.28975741239892183,742,2.2213409580761874,0.283,0.9776030955460063,0.08417380256614165,,,0.9787704944198593,,0.9788169860210262,0.02118301397897382,0.9851968253034131,0.14513663425640447,10,0.025,0.15,0.8832826079162124,0.9275786836438589,0.947455062037256,0.9436138255398607,0.9529028942658774,0.9544617878159665,1.0,0.9571755403681795,0.9420689484956506,0.9379409073273356,0.9525121455352183,0.9470363773216999
4,7,2.001823201775551,0.28905723905723907,3564,2.2215322653452554,0.26788218793828894,713,2.2213385105133057,0.283,0.976953880305532,0.08429918382690209,,,0.9829182290953317,,0.9829512633889521,0.017048736611047888,0.9851977162411991,0.14513665059506614,10,0.025,0.15,0.8817794572194385,0.9213408922194394,0.9456221596023687,0.9490332139487344,0.9464303566467861,0.9531139426568224,0.9571755403681795,1.0,0.9499129177535964,0.9383581853412807,0.954518770960633,0.9410104141954879
4,8,1.98886302974489,0.2964545190351642,3441,2.2246617476145425,0.26598837209302323,688,2.22135267076613,0.2827,0.9650818441913089,0.08319229303135206,,,0.9463011995103745,,0.9463369147233087,0.05366308527669128,0.9851743826953532,0.14513603602001812,10,0.025,0.15,0.8550455840052799,0.8977503073036115,0.9269407448989803,0.9294799508222854,0.9396695378816982,0.9401799390654388,0.9420689484956506,0.9499129177535964,1.0,0.9380390248148979,0.942836997168474,0.9383624146282648
4,9,1.992606155960648,0.2897720455908818,3334,2.2223799228668213,0.28335832083958024,667,2.221344265756728,0.2829,0.961504143332613,0.08309585467928607,,,0.9431109245483624,,0.9431598752289944,0.05684012477100564,0.9851755689564902,0.1451359144070295,10,0.025,0.15,0.8485195669549376,0.8965550110330603,0.9186205642580937,0.9231044144792554,0.9291675526374775,0.9391473893469026,0.9379409073273356,0.9383581853412807,0.9380390248148979,1.0,0.9466915895608196,0.942792797517963
4,10,2.0348205988223738,0.27309472385066336,3241,2.2228893438975015,0.2932098765432099,648,2.221354119385345,0.2827,0.9718184128414535,0.0832611937759953,,,0.9485805034987808,,0.9486144806984536,0.051385519301546445,0.9851809636518658,0.1451361181141349,10,0.025,0.15,0.8685862317737332,0.9083284715287312,0.9324845578906279,0.9325368885159834,0.9404647511749222,0.9504882428269391,0.9525121455352183,0.954518770960633,0.942836997168474,0.9466915895608196,1.0,0.949773935636972
4,11,2.0197735624313355,0.28154479265590376,3159,2.2258536338806154,0.26582278481012656,632,2.2213597931439364,0.2828,0.9630840216851827,0.08277551952038889,,,0.9325139243405764,,0.9325559901635556,0.06744400983644439,0.9851712276855231,0.14513529783651968,10,0.025,0.15,0.8435397079542934,0.8943824331082456,0.9244924569417181,0.9228233701813473,0.9281047536761706,0.9448135741218758,0.9470363773216999,0.9410104141954879,0.9383624146282648,0.942792797517963,0.949773935636972,1.0
5,0,1.862143612128717,0.32670562454346236,6845,2.1843243945728648,0.31921110299488675,1369,2.189465453353109,0.3037,0.9333530070089203,0.07939906506212611,,,0.8,,0.8000115528708884,0.19998844712911157,0.9877467754146718,0.1450228563798775,10,0.025,0.15,1.0,0.9412800969209998,0.9278741256759463,0.918860750865221,0.9104699718778231,0.8942982135579001,0.8940861710334654,0.8898678050207135,0.8615194506829073,0.8606884030932962,0.8817315567131202,0.8576712824692492
5,1,1.9095934427061747,0.3119569185834246,5478,2.198526382446289,0.30200729927007297,1096,2.1892317458044124,0.3044,0.9621450048639656,0.08291518094167025,,,0.9341219204389877,,0.9341486359360301,0.06585136406396985,0.9882721133113662,0.1450881039831879,10,0.025,0.15,0.9412800969209998,1.0,0.9458682268611983,0.9423468423929722,0.9345450465811086,0.9290118974456505,0.9315425833588118,0.9226487593073127,0.8992432132666043,0.9034761952439242,0.9154240867479617,0.9027215058157319
5,2,1.9057749004740463,0.30817427385892115,4820,2.183739185333252,0.30186721991701243,964,2.189223491692845,0.3045,0.9760395599353687,0.08419963286934984,,,0.9831172224010726,,0.9831410605535476,0.016858939446452448,0.988270269752323,0.14508952458666138,10,0.025,0.15,0.9278741256759463,0.9458682268611983,1.0,0.9564263942827648,0.9518380354893814,0.9423037475116832,0.9479035698436236,0.9442862405838957,0.9265164203666828,0.9200131518625975,0.9374444486271172,0.9265775820919169
5,3,1.9267953470775059,0.30485701316386743,4406,2.188011884689331,0.2973893303064699,881,2.1892230208916,0.3045,0.9748394007234278,0.08422101703184455,,,0.9839329193345712,,0.9839745176676404,0.016025482332359564,0.9882699481310496,0.14508952631805355,10,0.025,0.15,0.918860750865221,0.9423468423929722,0.9564263942827648,1.0,0.9519030464947253,0.9454523998605949,0.9447164975653939,0.9452327170578673,0.9272787569921492,0.9223674911716919,0.9334195128054056,0.9245259415638863
5,4,1.9318440701022292,0.30877918287937745,4112,2.190394537789481,0.3029197080291971,822,2.189223748219164,0.3045,0.976668660869526,0.08438007051442402,,,0.9899999999618551,,0.9900232707827895,0.00997672921721049,0.9882703588344033,0.14508953213957465,10,0.025,0.15,0.9104699718778231,0.9345450465811086,0.9518380354893814,0.9519030464947253,1.0,0.949868078422667,0.9525842494297967,0.9419481729637902,0.9376043989738535,0.9279687030830348,0.9429121000905216,0.9315726209286644
5,5,1.9581435891889756,0.29267163795320134,3889,2.1966939994267056,0.3393316195372751,778,2.189221617541736,0.3045,0.9744893637951044,0.08423358190730633,,,0.9844122053663015,,0.9844448845538116,0.015555115446188372,0.9882701451344533,0.14508952743970005,10,0.025,0.15,0.8942982135579001,0.9290118974456505,0.9423037475116832,0.9454523998605949,0.949868078422667,1.0,0.9498844033628571,0.9459412597589236,0.934521498954745,0.9306570582593495,0.9451411149210581,0.940226797352805
5,6,1.9629523778783864,0.30355699272433306,3711,2.1872779925664267,0.3059299191374663,742,2.1892252028742925,0.3045,0.9768825777287649,0.08417631931259156,,,0.9822279288988662,,0.9822580911356472,0.017741908864352784,0.9882696143579425,0.14508952196826436,10,0.025,0.15,0.8940861710334654,0.9315425833588118,0.9479035698436236,0.9447164975653939,0.9525842494297967,0.9498844033628571,1.0,0.9521861367983913,0.9377177872679696,0.9301890180340023,0.94944507770912,0.9448364611403229
5,7,1.9560817437512534,0.29955106621773286,3564,2.190107305844625,0.27489481065918653,713,2.1892223358154297,0.3045,0.9746741097418873,0.08418199740726268,,,0.9824445193036804,,0.9824808965027809,0.01751910349721908,0.9882699144921931,0.14508952211605788,10,0.025,0.15,0.8898678050207135,0.9226487593073127,0.9442862405838957,0.9452327170578673,0.9419481729637902,0.9459412597589236,0.9521861367983913,1.0,0.9482688538198095,0.9310350122496825,0.9488154586615966,0.9390959317725276
5,8,1.9403607006426211,0.3116826503923278,3441,2.1933486461639404,0.28924418604651164,688,2.189239085475101,0.3048,0.9629117376210353,0.0831104830379922,,,0.941571701140714,,0.9416167417603274,0.05838325823967261,0.9882706618844634,0.14508867815618767,10,0.025,0.15,0.8615194506829073,0.8992432132666043,0.9265164203666828,0.9272787569921492,0.9376043989738535,0.934521498954745,0.9377177872679696,0.9482688538198095,1.0,0.9243030852070183,0.9388746438528051,0.9366936084859158
5,9,1.9537798855039807,0.30068986202759446,3334,2.1904314756393433,0.3028485757121439,667,2.189231232751774,0.3045,0.957951367141047,0.08288853296345329,,,0.9331054357335012,,0.9331336337079764,0.06686636629202358,0.9882777995202814,0.14508805098605976,10,0.025,0.15,0.8606884030932962,0.9034761952439242,0.9200131518625975,0.9223674911716919,0.9279687030830348,0.9306570582593495,0.9301890180340023,0.9310350122496825,0.9243030852070183,1.0,0.9327737499466209,0.9321145725301101
5,10,1.9878836379601406,0.2892317186053687,3241,2.1901270945866904,0.31790123456790126,648,2.1892388500744784,0.3047,0.9711913349478153,0.08342379225036624,,,0.9535228525516509,,0.9535739631298378,0.046426036870162224,0.9882693341598303,0.14508915883434495,10,0.025,0.15,0.8817315567131202,0.9154240867479617,0.9374444486271172,0.9334195128054056,0.9429121000905216,0.9451411149210581,0.94944507770912,0.9488154586615966,0.9388746438528051,0.9327737499466209,1.0,0.9433373843773202
5,11,1.9722269434928894,0.29442861665083886,3159,2.1949041843414308,0.28322784810126583,632,2.1892473697662354,0.3046,0.9634805393135302,0.082870326701613,,,0.9324109595314394,,0.9324404614546715,0.06755953854532848,0.9882732406919099,0.14508800136407116,10,0.025,0.15,0.8576712824692492,0.9027215058157319,0.9265775820919169,0.9245259415638863,0.9315726209286644,0.940226797352805,0.9448364611403229,0.9390959317725276,0.9366936084859158,0.9321145725301101,0.9433373843773202,1.0
6,0,1.825663450691435,0.3383929875821768,6845,2.1479582353071733,0.3316289262235208,1369,2.15323679658431,0.3155,0.9367777762167884,0.07991848177702575,,,0.8,,0.8000115528708884,0.19998844712911157,0.9911170530431285,0.14495160437445342,10,0.025,0.15,1.0,0.9377098819552655,0.9290748221068243,0.9176426960930443,0.9107033586442261,0.8940488200894753,0.8956658376372864,0.8952536979029849,0.8702951063749835,0.8681397656389312,0.8861342715362752,0.8661862596180293
6,1,1.8711388607357824,0.3238225629791895,5478,2.1640803813934326,0.30656934306569344,1096,2.1529033606565453,0.3165,0.9621028719163036,0.08292948767222935,,,0.9307731399534074,,0.9308065554290241,0.06919344457097587,0.9915530050304026,0.14500128941375678,10,0.025,0.15,0.9377098819552655,1.0,0.943876914825398,0.939614580634998,0.9327310581011096,0.9261133958273329,0.9298906706818918,0.9233376922781399,0.9026220824623323,0.9016264553598354,0.9163219304928565,0.9069742955117374
6,2,1.8683644900196477,0.3186514522821577,4820,2.145748883485794,0.3132780082987552,964,2.152888237675534,0.3165,0.974415000114842,0.08412945172240353,,,0.9828896326253271,,0.9829182551864138,0.017081744813586153,0.9916017546934606,0.1450027991026528,10,0.025,0.15,0.9290748221068243,0.943876914825398,1.0,0.9541677741909274,0.9497865307444823,0.9389685376744106,0.9446495103568533,0.942335992418804,0.9248366737006302,0.9147984052175089,0.9339185992300975,0.9253175786299735
6,3,1.8837284105164664,0.31504766227871084,4406,2.151230437414987,0.3087400681044268,881,2.1528878845746005,0.3165,0.9757197626208072,0.08418537209571272,,,0.9853183501567868,,0.9853608621742503,0.01463913782574966,0.9916012547644606,0.1450028096159863,10,0.025,0.15,0.9176426960930443,0.939614580634998,0.9541677741909274,1.0,0.9499097721918013,0.9454376847980063,0.9454206037934103,0.9469907280639042,0.9300456075440336,0.9235640206222805,0.9347129743466915,0.928739792774427
6,4,1.8925342899380309,0.32140077821011676,4112,2.1543661526271274,0.31630170316301703,822,2.1528884127170227,0.3165,0.975996026742618,0.08429316544801307,,,0.9899999999565683,,0.9900232707827895,0.00997672921721049,0.9916017489694094,0.14500282392915467,10,0.025,0.15,0.9107033586442261,0.9327310581011096,0.9497865307444823,0.9499097721918013,1.0,0.9480241520006335,0.9508682321652021,0.9430899655104653,0.937619685020083,0.9286476109123275,0.9371903932698733,0.9304790316277813
6,5,1.9143298368300161,0.30717408074055025,3889,2.1621110098702565,0.34832904884318766,778,2.1528860677646686,0.3165,0.9718488667044237,0.0840666668851749,,,0.9801627796759753,,0.9802115825782707,0.01978841742172932,0.9916011804172086,0.14500278721976553,10,0.025,0.15,0.8940488200894753,0.9261133958273329,0.9389685376744106,0.9454376847980063,0.9480241520006335,1.0,0.946527670922696,0.9427931627244966,0.929185300870464,0.9247234377993417,0.9388232191442969,0.9357593806037203
6,6,1.9179750726140778,0.3147669091888979,3711,2.150064746538798,0.3221024258760108,742,2.1528896470613117,0.3165,0.9759811663262754,0.0841661600713645,,,0.9844839390542113,,0.9845191530095229,0.015480846990477137,0.9916014394122864,0.14500280620188127,10,0.025,0.15,0.8956658376372864,0.9298906706818918,0.9446495103568533,0.9454206037934103,0.9508682321652021,0.946527670922696,1.0,0.9506844477101938,0.936263121110738,0.9293743648177504,0.9442559394810887,0.9447850563506099
6,7,1.9162750410182134,0.3117283950617284,3564,2.1549854278564453,0.2847124824684432,713,2.1528864661349525,0.3165,0.9744864983068737,0.08412083762849112,,,0.9825155077820069,,0.9825551649584922,0.017444835041507845,0.9916014879938588,0.14500279887856327,10,0.025,0.15,0.8952536979029849,0.9233376922781399,0.942335992418804,0.9469907280639042,0.9430899655104653,0.9427931627244966,0.9506844477101938,1.0,0.9460115111131213,0.9297525697437925,0.9449376291002399,0.9359273764777434
6,8,1.8996118739799217,0.3207207207207207,3441,2.1579355001449585,0.3008720930232558,688,2.1529057840757733,0.3167,0.9624066038913719,0.0830606873688714,,,0.9364713673524789,,0.9365004703668862,0.06349952963311378,0.9915868369723309,0.14500164410305058,10,0.025,0.15,0.8702951063749835,0.9026220824623323,0.9248366737006302,0.9300456075440336,0.937619685020083,0.929185300870464,0.936263121110738,0.9460115111131213,1.0,0.9171247036496023,0.9334325251626553,0.933617128487764
6,9,1.9108925956266898,0.31739652069586083,3334,2.1539436976114907,0.3238380809595202,667,2.1529026665265047,0.3165,0.9559316055186804,0.08271125318254147,,,0.9212948425153067,,0.9213332013005232,0.07866679869947679,0.9915449514837292,0.1450006032718598,10,0.025,0.15,0.8681397656389312,0.9016264553598354,0.9147984052175089,0.9235640206222805,0.9286476109123275,0.9247234377993417,0.9293743648177504,0.9297525697437925,0.9171247036496023,1.0,0.9271632900065157,0.9216512331499529
