round,client_id,client_i_training_loss,client_i_training_accuracy,client_i_training_dataset_size,client_i_evaluation_loss,client_i_evaluation_accuracy,client_i_evaluation_dataset_size,client_i_central_evaluation_loss,client_i_central_evaluation_accuracy,client_i_cosine_similarity,client_i_importance_coefficient,client_i_tanh_val,tanh_normalization_value,client_i_q,client_i_mask_order,client_i_v_nonzero_fraction,client_i_v_sparsity,client_i_v_cosine_similarity,client_i_reward_gradient_norm,local_epochs,learning_rate,gamma,client_0_cosine_similarity,client_1_cosine_similarity,client_2_cosine_similarity,client_3_cosine_similarity,client_4_cosine_similarity,client_5_cosine_similarity,client_6_cosine_similarity,client_7_cosine_similarity,client_8_cosine_similarity,client_9_cosine_similarity,client_10_cosine_similarity,client_11_cosine_similarity
0,0,0.27982835888877106,0.9122960798636475,8214,2.1979423456413802,0.30533235938641345,1369,2.1981061837924556,0.3133,0.8041816355659235,0.08532415071028158,,,0.9599999999452334,,0.9600020079313287,0.03999799206867127,0,0.3934564812169087,5,0.1,0.5,1.0,0.5778365547449728,0.5655372067929519,0.5666040900026561,0.5665473010747205,0.5765784527498639,0.5749006643172153,0.5813252876961925,0.5635640855316846,0.5891011539790724,0.58464636604011,0.580257420987165
0,1,0.2987287922391614,0.9069972619409796,6574,2.1950632435934883,0.3156934306569343,1096,2.1981162385056954,0.3134,0.7957698384314437,0.08443165402209049,,,0.911121038515643,,0.9111389990462326,0.08886100095376737,0,0.3934414424855424,5,0.1,0.5,0.5778365547449728,1.0,0.589365065052912,0.5745966992691575,0.568679565241092,0.5787024787370881,0.5797820006161942,0.5772375997970857,0.5795479759161833,0.5833127039599617,0.5976661980642942,0.5794583608058042
0,2,0.3286205606288097,0.8985301746498358,5783,2.199862164835776,0.3153526970954357,964,2.1981490389607585,0.3132,0.7890027082112397,0.08371365747348931,,,0.8717988471058504,,0.8718136639726921,0.1281863360273079,0,0.3934073617512791,5,0.1,0.5,0.5655372067929519,0.589365065052912,1.0,0.5727216693064777,0.5759776760363899,0.5696401374177097,0.5860072925318899,0.5925499435483962,0.5792109258025632,0.5897071025167074,0.5825138956169036,0.5963518699454784
0,3,0.34088755937472703,0.8912048420654436,5287,2.194248608180455,0.3246311010215664,881,2.198240846871568,0.3129,0.7783613769654383,0.08258460588760495,,,0.8099645908574469,,0.8099743988755584,0.19002560112444156,0,0.39327384626524964,5,0.1,0.5,0.5666040900026561,0.5745966992691575,0.5727216693064777,1.0,0.571149669824901,0.5739000217977043,0.5801340539293837,0.5948565220267893,0.5740639806303273,0.5795205011076671,0.5709502528858448,0.5765779153876615
0,4,0.33115611166963654,0.8958459979736575,4935,2.1983667061879086,0.3284671532846715,822,2.1982598358068985,0.3127,0.7766465263554948,0.08240265921608532,,,0.8,,0.8,0.19999999999999996,0,0.3932398826257411,5,0.1,0.5,0.5665473010747205,0.568679565241092,0.5759776760363899,0.571149669824901,1.0,0.5684786824386519,0.5802839678630746,0.5850638664316665,0.5843175010200592,0.5843265329229942,0.58035198408957,0.5921181417666636
0,5,0.35833225177269273,0.8861367045211056,4667,2.2031510734558104,0.2853470437017995,778,2.198221304927009,0.3128,0.7800574435938148,0.08276455956748778,,,0.8198200324456203,,0.819828321871392,0.18017167812860801,0,0.3933041165664742,5,0.1,0.5,0.5765784527498639,0.5787024787370881,0.5696401374177097,0.5739000217977043,0.5684786824386519,1.0,0.5839364710466652,0.5826005104076172,0.5935197347520571,0.5961650831202343,0.6005084803715751,0.5871159908613693
0,6,0.3582596177261855,0.8856950370536717,4453,2.1963009337584176,0.3247978436657682,742,2.1981901261753167,0.3137,0.782454041523263,0.08301884003583035,,,0.8337460955547233,,0.8337583454645852,0.16624165453541484,0,0.3933402368563769,5,0.1,0.5,0.5749006643172153,0.5797820006161942,0.5860072925318899,0.5801340539293837,0.5802839678630746,0.5839364710466652,1.0,0.5978578132067376,0.58946830959902,0.5895433081715102,0.5944235567806831,0.5936152345942732
0,7,0.3587667065130463,0.8880056114098668,4277,2.1980432323787524,0.2959326788218794,713,2.1981704136053213,0.313,0.786417428795518,0.08343935778702609,,,0.8567764005554225,,0.856794337633653,0.14320566236634702,0,0.39338579885888325,5,0.1,0.5,0.5813252876961925,0.5772375997970857,0.5925499435483962,0.5948565220267893,0.5850638664316665,0.5826005104076172,0.5978578132067376,1.0,0.5895289698318423,0.605525228940405,0.6000629111637957,0.5943300416832202
0,8,0.3706164446974603,0.8806975054492613,4129,2.205168929967013,0.30959302325581395,688,2.1982476726507607,0.3127,0.7775735614237017,0.0825010181892018,,,0.8053867812809019,,0.8054063551026555,0.19459364489734454,0,0.3932589931239908,5,0.1,0.5,0.5635640855316846,0.5795479759161833,0.5792109258025632,0.5740639806303273,0.5843175010200592,0.5935197347520571,0.58946830959902,0.5895289698318423,1.0,0.5888805595266343,0.6076295336316484,0.591219826687004
0,9,0.38227426529647635,0.8806298425393652,4001,2.206493536631266,0.2863568215892054,667,2.1981700479793855,0.3129,0.7862346513546407,0.0834199649916399,,,0.8557143241239513,,0.855735153857738,0.14426484614226198,0,0.3933840803536064,5,0.1,0.5,0.5891011539790724,0.5833127039599617,0.5897071025167074,0.5795205011076671,0.5843265329229942,0.5961650831202343,0.5895433081715102,0.605525228940405,0.5888805595266343,1.0,0.6180729522844468,0.5953724795975733
0,10,0.3666570136506782,0.8871175109282592,3889,2.1964392889113653,0.3472222222222222,648,2.198162464288096,0.313,0.7870804329961183,0.08350970292776504,,,0.8606289609810606,,0.8606495657848502,0.1393504342151498,0,0.39339202042437244,5,0.1,0.5,0.58464636604011,0.5976661980642942,0.5825138956169036,0.5709502528858448,0.58035198408957,0.6005084803715751,0.5944235567806831,0.6000629111637957,0.6076295336316484,0.6180729522844468,1.0,0.6047130338799029
0,11,0.4100253815817482,0.8726984964389343,3791,2.193235182762146,0.3259493670886076,632,2.1982035012290884,0.3133,0.7812381120245491,0.08288982919149747,,,0.8266806171416589,,0.826700466844034,0.17329953315596602,0,0.3933229983669907,5,0.1,0.5,0.580257420987165,0.5794583608058042,0.5963518699454784,0.5765779153876615,0.5921181417666636,0.5871159908613693,0.5936152345942732,0.5943300416832202,0.591219826687004,0.5953724795975733,0.6047130338799029,1.0
1,0,0.2514586791425132,0.9235695154614073,8214,2.03938597856566,0.7275383491599707,1369,2.0420464551486908,0.7262,0.7995304949991554,0.08468748597216783,,,0.9599999999760099,,0.9600020079313287,0.03999799206867127,0.957144598690535,0.39937188528395895,5,0.1,0.5,1.0,0.6204429963888173,0.6194032128595554,0.6085222849808131,0.6179749846191114,0.6152692797143902,0.6085237029525341,0.6227160539575133,0.491162203459003,0.607667079179156,0.6222371702618847,0.6189814283733442
1,1,0.26924110125768386,0.9185883784606024,6574,2.038102524621146,0.7281021897810219,1096,2.0420650418954915,0.7261,0.8036566535647404,0.08423858544926047,,,0.9492308542488903,,0.9492445158375583,0.05075548416244169,0.9571011303250619,0.39937031012861346,5,0.1,0.5,0.6204429963888173,1.0,0.6254614465278562,0.6182026118557118,0.6188828751455645,0.6244084449872731,0.6164258380977392,0.6144431865662754,0.4817323868225968,0.6184727006406082,0.6337906339408306,0.624322143640588
1,2,0.2938885496003111,0.9113608853536227,5783,2.0439878625254475,0.7240663900414938,964,2.0421110502066324,0.7263,0.8125776626741876,0.08407342452313833,,,0.9452686354697369,,0.9452888911199236,0.05471110888007635,0.9570470878593345,0.39936951778428664,5,0.1,0.5,0.6194032128595554,0.6254614465278562,1.0,0.6308754998351984,0.6335939378205886,0.6310338460976695,0.6251911134731993,0.6320294337002191,0.4774826043477879,0.630654332429197,0.6418964342306495,0.6380577208911108
1,3,0.29288252725950387,0.9096273879326651,5287,2.038236618041992,0.7150964812712827,881,2.0422562562619535,0.7257,0.8040114031196338,0.08302324051525369,,,0.9200746692253842,,0.9200943727724512,0.07990562722754879,0.9566917152858345,0.39936107196376214,5,0.1,0.5,0.6085222849808131,0.6182026118557118,0.6308754998351984,1.0,0.6295615701457025,0.6167544064589744,0.6172902766064426,0.6280971950306052,0.4747000069560541,0.6272708453123301,0.6324490407241485,0.6249640386341571
1,4,0.287405426071416,0.9096656534954407,4935,2.0418924460044274,0.7445255474452555,822,2.0422682609801854,0.7256,0.8150934604231291,0.08329000256488162,,,0.9264743039780957,,0.9264896340545153,0.07351036594548466,0.956620781597874,0.3993636913438034,5,0.1,0.5,0.6179749846191114,0.6188828751455645,0.6335939378205886,0.6295615701457025,1.0,0.6297523153496994,0.6364642252545468,0.6342476651791198,0.488345626071264,0.63608739557423,0.6518149185245917,0.6390593665143213
1,5,0.31405233361898627,0.9039211484893936,4667,2.0496109390258788,0.7133676092544987,778,2.042220456912495,0.7256,0.8082136429218097,0.08328987274218821,,,0.9264711895252657,,0.9264846142261934,0.07351538577380656,0.9568098828668773,0.3993636908104228,5,0.1,0.5,0.6152692797143902,0.6244084449872731,0.6310338460976695,0.6167544064589744,0.6297523153496994,1.0,0.6234544331577683,0.6348991000900478,0.48021816344757395,0.6183900466561395,0.6413351693662199,0.6324818719815607
1,6,0.31529101040480395,0.9015495171794295,4453,2.043501784404119,0.7102425876010782,742,2.0421766594956856,0.7257,0.8091360627351066,0.08349116685355716,,,0.9313002452040238,,0.9313187089001557,0.06868129109984433,0.9569006614117763,0.3993655195882297,5,0.1,0.5,0.6085237029525341,0.6164258380977392,0.6251911134731993,0.6172902766064426,0.6364642252545468,0.6234544331577683,1.0,0.639952240397355,0.49103503592224107,0.6273607350299906,0.6421968871715659,0.6282356295330274
1,7,0.31390089120910464,0.9054477437456161,4277,2.0390964850135473,0.7335203366058906,713,2.042142522982515,0.7261,0.8154446981862307,0.08399139696527086,,,0.9433007903030766,,0.9433160985894282,0.05668390141057178,0.9569852102583304,0.3993690583978304,5,0.1,0.5,0.6227160539575133,0.6144431865662754,0.6320294337002191,0.6280971950306052,0.6342476651791198,0.6348991000900478,0.639952240397355,1.0,0.48866497569156014,0.6322586165001421,0.6517213086797276,0.6355478239823541
1,8,0.40373625652721296,0.8844272220876725,4129,2.053188779137351,0.7034883720930233,688,2.0424020606488846,0.7249,0.662532369643582,0.07801805410873451,,,0.8,,0.8,0.19999999999999996,0.9563349202849244,0.3991417203510401,5,0.1,0.5,0.491162203459003,0.4817323868225968,0.4774826043477879,0.4747000069560541,0.488345626071264,0.48021816344757395,0.49103503592224107,0.48866497569156014,1.0,0.48814397053300823,0.4959919247901832,0.4979180595772501
1,9,0.33440704025348483,0.8970757310672332,4001,2.0527434121994745,0.7376311844077961,667,2.0421457465845174,0.7261,0.8117754398546182,0.08385013783305544,,,0.9399119767408605,,0.9399226946438431,0.06007730535615685,0.9569788955174604,0.39936817514370926,5,0.1,0.5,0.607667079179156,0.6184727006406082,0.630654332429197,0.6272708453123301,0.63608739557423,0.6183900466561395,0.6273607350299906,0.6322586165001421,0.48814397053300823,1.0,0.654640653017709,0.638718199143395
1,10,0.32010788293097353,0.9039856004114168,3889,2.0358394724982127,0.7561728395061729,648,2.0421265241817927,0.7263,0.8257284811234844,0.08439793299148893,,,0.9530536096611641,,0.9530696250188243,0.04693037498117569,0.9570021436879653,0.3993709684446242,5,0.1,0.5,0.6222371702618847,0.6337906339408306,0.6418964342306495,0.6324490407241485,0.6518149185245917,0.6413351693662199,0.6421968871715659,0.6517213086797276,0.4959919247901832,0.654640653017709,1.0,0.6448778024412646
1,11,0.36049931561965654,0.8905829596412556,3791,2.0409630596637727,0.7199367088607594,632,2.0421964486186117,0.7258,0.8160901484000392,0.08364869948100305,,,0.935079460720979,,0.9351036594548466,0.06489634054515336,0.9568545380575835,0.39936680383929607,5,0.1,0.5,0.6189814283733442,0.624322143640588,0.6380577208911108,0.6249640386341571,0.6390593665143213,0.6324818719815607,0.6282356295330274,0.6355478239823541,0.4979180595772501,0.638718199143395,0.6448778024412646,1.0
2,0,0.23185679820956887,0.9309471633795958,8214,1.836582668991976,0.8897005113221329,1369,1.842445707168823,0.8748,0.806185689127727,0.08407860210234917,,,0.9486946301244761,,0.9487073942071181,0.05129260579288186,0.9670510031204785,0.40526181603202427,5,0.1,0.5,1.0,0.6205745240605344,0.6263284132703758,0.6245547511540942,0.6301486962671777,0.6261605722339179,0.6140885352104795,0.6215912136300902,0.6204618662234139,0.6019522792344421,0.6284069240318485,0.6207950606007923
2,1,0.24130678825279317,0.9273197444478247,6574,1.8367051465170725,0.8768248175182481,1096,1.8424660725334583,0.8749,0.806965629117504,0.08380884123417008,,,0.9396447995002117,,0.939656643742784,0.060343356257215985,0.9670399196972308,0.4052598057813306,5,0.1,0.5,0.6205745240605344,1.0,0.629907078425601,0.6233273736590718,0.63634038296115,0.6265139883787478,0.6178615029005352,0.6219073423023155,0.6191484803894307,0.6017750297131114,0.6307389363746658,0.6164593963868005
2,2,0.2657407076375878,0.9199031644475186,5783,1.84429124862917,0.8630705394190872,964,1.8425266220927619,0.8749,0.8126758819610262,0.08389838342099715,,,0.9426487252733643,,0.942663520907585,0.057336479092415016,0.9670381981111653,0.4052605445035428,5,0.1,0.5,0.6263284132703758,0.629907078425601,1.0,0.6405886553705873,0.6388096614435165,0.6243571273712958,0.6240272226979331,0.6380247641195846,0.6150367770566609,0.6085186801361948,0.628292452529457,0.626457916952463
2,3,0.26306893923263774,0.9186306033667486,5287,1.8385049274989538,0.8728717366628831,881,1.8427157394421367,0.8748,0.8109608962343461,0.08314406927841636,,,0.9173432935629677,,0.9173585663370313,0.08264143366296872,0.9670073393519542,0.40525117866623694,5,0.1,0.5,0.6245547511540942,0.6233273736590718,0.6405886553705873,1.0,0.637967762364312,0.6193980534655343,0.6271311292238729,0.6328159558590344,0.6201776436460318,0.6077869058881036,0.631183414418159,0.6237043723670791
2,4,0.2621276067786159,0.9198784194528875,4935,1.8415808494274433,0.8844282238442822,822,1.842710592876227,0.8749,0.8227119105454466,0.08372958245395286,,,0.9369858573738264,,0.937001154560514,0.06299884543948597,0.9670274758812325,0.40525902623929516,5,0.1,0.5,0.6301486962671777,0.63634038296115,0.6388096614435165,0.637967762364312,1.0,0.6368002997307192,0.636697703064119,0.6396572872514954,0.6361474350510368,0.620058880502038,0.6531706478492706,0.6363072287254589
2,5,0.2829394128313926,0.9145918148703664,4667,1.8531260108947754,0.8663239074550129,778,1.8426678462531239,0.8748,0.8115736247043652,0.08334175523113606,,,0.9239751835067749,,0.9239897595502233,0.07601024044977667,0.9670171434687317,0.40525429027538423,5,0.1,0.5,0.6261605722339179,0.6265139883787478,0.6243571273712958,0.6193980534655343,0.6368002997307192,1.0,0.6309472346244966,0.6337502493385655,0.6265485133827667,0.6064302764194659,0.6337018165179945,0.6291997883672766
2,6,0.2818313859303349,0.9133617785762408,4453,1.8481230586767197,0.8746630727762803,742,1.8426156535316198,0.8749,0.8104976990556643,0.08343744052113886,,,0.9271851956690431,,0.9272024496762211,0.07279755032377888,0.9670206150979092,0.40525569062470196,5,0.1,0.5,0.6140885352104795,0.6178615029005352,0.6240272226979331,0.6271311292238729,0.636697703064119,0.6309472346244966,1.0,0.6348422077894786,0.6242619521389774,0.6092686123335647,0.6366688813908442,0.6267776241715838
2,7,0.27944513946882826,0.91620294599018,4277,1.838315766790639,0.879382889200561,713,1.8425636162011387,0.8749,0.8162714557852793,0.08396929636277363,,,0.9450276845215212,,0.9450529591887957,0.05494704081120427,0.9670390965266534,0.40526109173780067,5,0.1,0.5,0.6215912136300902,0.6219073423023155,0.6380247641195846,0.6328159558590344,0.6396572872514954,0.6337502493385655,0.6348422077894786,1.0,0.6307247104181778,0.6096173182181018,0.6405113973102167,0.6331665786667097
2,8,0.29420940943581697,0.9108258658270768,4129,1.8585210821845315,0.8590116279069767,688,1.8430739012769997,0.8744,0.8055809691853585,0.07964625478212423,,,0.8,,0.8,0.19999999999999996,0.9661397570151029,0.405005450265661,5,0.1,0.5,0.6204618662234139,0.6191484803894307,0.6150367770566609,0.6201776436460318,0.6361474350510368,0.6265485133827667,0.6242619521389774,0.6307247104181778,1.0,0.6011517136317728,0.6418614510467142,0.6238690783291254
2,9,0.33141617008470114,0.9037240689827543,4001,1.856281149955023,0.8710644677661169,667,1.8425736731995408,0.8749,0.7915349591392621,0.08301474814667488,,,0.9130048795213077,,0.9130264544952562,0.08697354550474379,0.9670143708970819,0.405248849010474,5,0.1,0.5,0.6019522792344421,0.6017750297131114,0.6085186801361948,0.6077869058881036,0.620058880502038,0.6064302764194659,0.6092686123335647,0.6096173182181018,0.6011517136317728,1.0,0.62594755680444,0.6033111554276351
2,10,0.2809309960953647,0.9175109282591926,3889,1.8313409033275785,0.8780864197530864,648,1.8425365758780092,0.8749,0.8213677340866019,0.08441559696007395,,,0.9599999999664524,,0.9600020079313287,0.03999799206867127,0.9670446456787665,0.4052633961988077,5,0.1,0.5,0.6284069240318485,0.6307389363746658,0.628292452529457,0.631183414418159,0.6531706478492706,0.6337018165179945,0.6366688813908442,0.6405113973102167,0.6418614510467142,0.62594755680444,1.0,0.6344214980280555
2,11,0.3205155619224455,0.9050910050118702,3791,1.8450625836849213,0.870253164556962,632,1.8426363936628396,0.8749,0.8097448962829904,0.08351542950619269,,,0.9298015392108606,,0.9298127604035942,0.07018723959640583,0.9670240207593077,0.4052566781670466,5,0.1,0.5,0.6207950606007923,0.6164593963868005,0.626457916952463,0.6237043723670791,0.6363072287254589,0.6291997883672766,0.6267776241715838,0.6331665786667097,0.6238690783291254,0.6033111554276351,0.6344214980280555,1.0
3,0,0.21042514493370046,0.9373752130508888,8214,1.604145743126093,0.9254930606281958,1369,1.6129392933921691,0.9167,0.8015960414466486,0.08385577287254724,,,0.9371399526765144,,0.937156769238492,0.062843230761508,0.9692403532645257,0.40049678536715005,5,0.1,0.5,1.0,0.6160752415608484,0.6135773057455016,0.615238108786781,0.6204983580645702,0.6223541431596805,0.6142270743655155,0.6154472835621853,0.5722088077524718,0.5805637535418836,0.6165000256696719,0.6127891112328795
3,1,0.22428053084498686,0.9309704898083359,6574,1.60518354007176,0.9251824817518248,1096,1.6129628423684703,0.9167,0.7996326312672519,0.08360799453896836,,,0.9294893056098531,,0.9294965112193163,0.07050348878068369,0.9692262962982073,0.40049419486829274,5,0.1,0.5,0.6160752415608484,1.0,0.6243956073788587,0.613308875825643,0.6171903907536309,0.6219476907749991,0.6155899238925203,0.6042901801415372,0.5686968705155133,0.5775173714886415,0.619269342348333,0.6034071150788934
3,2,0.24430462551092244,0.9268199896247622,5783,1.6143347063372213,0.9045643153526971,964,1.613036734989276,0.9168,0.8113012612983641,0.08407531597681366,,,0.9439187810849592,,0.9439285176446965,0.05607148235530346,0.9692435368025972,0.40049854251084416,5,0.1,0.5,0.6135773057455016,0.6243956073788587,1.0,0.6308197565814405,0.6266956522109385,0.6321442605210017,0.6256028894824951,0.6237904345275419,0.5695381693872755,0.5954631147775667,0.6326699607235892,0.6185007842697523
3,3,0.24119684941399033,0.92767164743711,5287,1.608589951481138,0.9171396140749148,881,1.613246477830905,0.9168,0.8055775999659355,0.08337430821090176,,,0.9222737771392314,,0.922288037749109,0.07771196225089105,0.9692204312004367,0.40049124140653725,5,0.1,0.5,0.615238108786781,0.613308875825643,0.6308197565814405,1.0,0.6291424612384398,0.6204577259086388,0.6127741454250004,0.6210874282341434,0.5679753609401572,0.5976891613882279,0.6191868832774471,0.6140424102958254
3,4,0.23216485481018262,0.9307801418439716,4935,1.6105983165594249,0.9282238442822385,822,1.6132363020040739,0.9168,0.8124355955351444,0.08400286211348891,,,0.9416816244744225,,0.9416997138697857,0.05830028613021432,0.9692385853811867,0.40049802925288125,5,0.1,0.5,0.6204983580645702,0.6171903907536309,0.6266956522109385,0.6291424612384398,1.0,0.6243132559280754,0.625595409583161,0.624828639162463,0.5849723042543276,0.5968768229552691,0.6365988574119028,0.6187502386961153
3,5,0.2578991380188461,0.9220055710306406,4667,1.626090636253357,0.9048843187660668,778,1.6131960686784201,0.9168,0.8124639910845858,0.08374629463123123,,,0.9337595950250215,,0.9337734049495507,0.06622659505044926,0.9692230213376454,0.40049571862047567,5,0.1,0.5,0.6223541431596805,0.6219476907749991,0.6321442605210017,0.6204577259086388,0.6243132559280754,1.0,0.6243647487000173,0.6312946079368434,0.5880226057465721,0.5961922696086882,0.6286788249163269,0.6178026582299607
3,6,0.2579361571451383,0.9239613743543679,4453,1.6236186275879543,0.9164420485175202,742,1.6131357822936183,0.9168,0.8069269068281614,0.08361630157876977,,,0.9297458019256177,,0.9297575422920537,0.07024245770794635,0.9692208637963076,0.4004943324604436,5,0.1,0.5,0.6142270743655155,0.6155899238925203,0.6256028894824951,0.6127741454250004,0.625595409583161,0.6243647487000173,1.0,0.6220486426572326,0.5770991320157413,0.5885103714900263,0.6305979121351871,0.6171725497112135
3,7,0.2538587215189725,0.9249941547813888,4277,1.6077243089675903,0.9186535764375876,713,1.6130786094421776,0.9168,0.8083200197646688,0.08401820615129726,,,0.942155402048731,,0.9421715777320415,0.05782842226795848,0.969246778693435,0.4004981512895545,5,0.1,0.5,0.6154472835621853,0.6042901801415372,0.6237904345275419,0.6210874282341434,0.624828639162463,0.6312946079368434,0.6220486426572326,1.0,0.578909922602246,0.589095955633402,0.6328883370674914,0.6210117788355021
3,8,0.3005607372025798,0.9120852506660209,4129,1.6347903392531655,0.9098837209302325,688,1.6139335978907137,0.9167,0.7587407558739184,0.0794142781015564,,,0.8,,0.8,0.19999999999999996,0.9683439668097774,0.40024133605953216,5,0.1,0.5,0.5722088077524718,0.5686968705155133,0.5695381693872755,0.5679753609401572,0.5849723042543276,0.5880226057465721,0.5770991320157413,0.578909922602246,1.0,0.5412756042034298,0.5921496125758546,0.570674102913442
3,9,0.292542229464059,0.915071232191952,4001,1.6304133165450323,0.9055472263868066,667,1.6130938598523126,0.9168,0.7749178174291761,0.08221676826592168,,,0.8865324374640011,,0.8865518799257065,0.1134481200742935,0.9691893858617423,0.40046408055195576,5,0.1,0.5,0.5805637535418836,0.5775173714886415,0.5954631147775667,0.5976891613882279,0.5968768229552691,0.5961922696086882,0.5885103714900263,0.589095955633402,0.5412756042034298,1.0,0.6053228379089857,0.5793946235057056
3,10,0.24772623751816325,0.9275906402674209,3889,1.597706743649074,0.9243827160493827,648,1.6130543916751021,0.9168,0.8163745929569778,0.08459613174341706,,,0.959999999969123,,0.9600020079313287,0.03999799206867127,0.9692539396746578,0.40050109962968694,5,0.1,0.5,0.6165000256696719,0.619269342348333,0.6326699607235892,0.6191868832774471,0.6365988574119028,0.6286788249163269,0.6305979121351871,0.6328883370674914,0.5921496125758546,0.6053228379089857,1.0,0.6266951274558866
3,11,0.2892904390604431,0.9149564758638882,3791,1.6188015520572663,0.9098101265822784,632,1.6131548816784502,0.9168,0.8014244284377943,0.08347576581508674,,,0.9254064817249663,,0.9254254304502786,0.07457456954972141,0.9692218312518291,0.40049261087606947,5,0.1,0.5,0.6127891112328795,0.6034071150788934,0.6185007842697523,0.6140424102958254,0.6187502386961153,0.6178026582299607,0.6171725497112135,0.6210117788355021,0.570674102913442,0.5793946235057056,0.6266951274558866,1.0
4,0,0.19651813129948792,0.9402483564645727,8214,1.3488136834876483,0.943754565376187,1369,1.3606447404185043,0.9329,0.7919645581570414,0.08354697556083723,,,0.9188258251916911,,0.9188394156919834,0.08116058430801665,0.9698504202664456,0.3978936720173799,5,0.1,0.5,1.0,0.5971805577773216,0.6056750148852285,0.599949818054134,0.5997842009606136,0.5981155838409854,0.5923078360484465,0.5980761878889419,0.5994670970018909,0.5832996530636271,0.5959454180040071,0.590636076001808
4,1,0.20961380767482288,0.9364770307271068,6574,1.3512377841132028,0.9406934306569343,1096,1.3606713945492388,0.9329,0.790713853538077,0.08333826811248264,,,0.909940743204345,,0.9099492997339491,0.09005070026605089,0.969828592584691,0.3978879037861374,5,0.1,0.5,0.5971805577773216,1.0,0.6095049117910791,0.5949597337445938,0.600217718112668,0.6070056872519292,0.5933621062396506,0.5881524887377135,0.5916288601303353,0.5848711142139839,0.5965570072521533,0.5859010416122861
4,2,0.22700302536234013,0.932180529137126,5783,1.3613048291975451,0.9221991701244814,964,1.3607360722538762,0.933,0.800684657894139,0.0839985218034477,,,0.9380490269427646,,0.9380653581647508,0.061934641835249216,0.969879947672182,0.3979022235195571,5,0.1,0.5,0.6056750148852285,0.6095049117910791,1.0,0.6077286394266732,0.6090108982619223,0.6073026278760051,0.5981345932235075,0.604566804802856,0.5966345527365866,0.5914840074309841,0.6063147449572326,0.6058730463278216
4,3,0.22763401900182467,0.9312653678834878,5287,1.3557702558381217,0.9387060158910329,881,1.3609832807089954,0.933,0.7965175631031747,0.08338603320152475,,,0.9119741959422224,,0.9119873500326289,0.08801264996737113,0.9698286561005289,0.3978893267587744,5,0.1,0.5,0.599949818054134,0.5949597337445938,0.6077286394266732,1.0,0.6101841050060883,0.6009954181958823,0.5973723664245398,0.6050584552561913,0.5980869398024415,0.5908852435761927,0.6043515779984538,0.5963729283023648
4,4,0.21355321508621977,0.9343465045592705,4935,1.357412874698639,0.940389294403893,822,1.3609536314924684,0.933,0.8009721688593342,0.08396037358718852,,,0.9364249831829179,,0.9364389337884644,0.06356106621153557,0.969875192808929,0.3979016202846871,5,0.1,0.5,0.5997842009606136,0.600217718112668,0.6090108982619223,0.6101841050060883,1.0,0.6080470106671528,0.6031526838209496,0.5940399948278884,0.6066330861220955,0.5966706948405646,0.6170653290476912,0.6010269609688481
4,5,0.2345376503602793,0.9307049496464538,4667,1.37611834526062,0.9215938303341902,778,1.3609225978485693,0.9331,0.7989344190727564,0.08371824912463323,,,0.9261172739089735,,0.9261382460719844,0.07386175392801564,0.9698586976105277,0.3978974919767813,5,0.1,0.5,0.5981155838409854,0.6070056872519292,0.6073026278760051,0.6009954181958823,0.6080470106671528,1.0,0.6017097027460124,0.6040160538389636,0.608698695499708,0.5867610062382003,0.6115815158794828,0.5933373580149872
4,6,0.23724865689474556,0.9301145295306535,4453,1.3758351455132167,0.9339622641509434,742,1.3608561540944888,0.933,0.7933742662464572,0.08343698250766794,,,0.9141432069950121,,0.9141559158676773,0.0858440841323227,0.9698350329449795,0.39789088127815975,5,0.1,0.5,0.5923078360484465,0.5933621062396506,0.5981345932235075,0.5973723664245398,0.6031526838209496,0.6017097027460124,1.0,0.5988017021185675,0.6016654016127658,0.5862595830519027,0.6067679111454376,0.595538366396102
4,7,0.23292283573215689,0.9304185176525602,4277,1.3541848504025003,0.938288920056101,713,1.3608052947650702,0.933,0.7957709061018052,0.08378840117719216,,,0.9291037832237141,,0.9291200240951759,0.07087997590482409,0.9698655245952228,0.39789882416583194,5,0.1,0.5,0.5980761878889419,0.5881524887377135,0.604566804802856,0.6050584552561913,0.5940399948278884,0.6040160538389636,0.5988017021185675,1.0,0.6055995343716702,0.589926304118439,0.6074008249213039,0.6005840767457835
4,8,0.2383169111103752,0.9276822475175587,4129,1.388052062554793,0.9229651162790697,688,1.3618611840013497,0.9326,0.7966662610895844,0.08075579875349814,,,0.8,,0.8,0.19999999999999996,0.9690662749902906,0.39763031388921083,5,0.1,0.5,0.5994670970018909,0.5916288601303353,0.5966345527365866,0.5980869398024415,0.6066330861220955,0.608698695499708,0.6016654016127658,0.6055995343716702,1.0,0.5898804605115889,0.6188902338667143,0.6091080190513956
4,9,0.2472073886212745,0.9257185703574107,4001,1.3815025715600877,0.9295352323838081,667,1.3609504162693937,0.9331,0.7846686275199694,0.08220064654088341,,,0.861509980364202,,0.8615280357411776,0.13847196425882236,0.9696776447668402,0.3978259944189078,5,0.1,0.5,0.5832996530636271,0.5848711142139839,0.5914840074309841,0.5908852435761927,0.5966706948405646,0.5867610062382003,0.5862595830519027,0.589926304118439,0.5898804605115889,1.0,0.6099132078343081,0.5886881464952921
4,10,0.2267795196398482,0.9355618410902545,3889,1.3414730514798845,0.9367283950617284,648,1.360748237695176,0.933,0.8055098686488085,0.08451414243287077,,,0.959999999957428,,0.9600020079313287,0.03999799206867127,0.9699003447895518,0.39790682599409893,5,0.1,0.5,0.5959454180040071,0.5965570072521533,0.6063147449572326,0.6043515779984538,0.6170653290476912,0.6115815158794828,0.6067679111454376,0.6074008249213039,0.6188902338667143,0.6099132078343081,1.0,0.6123108105064196
4,11,0.2649014238236832,0.9219730941704036,3791,1.3701152622699737,0.9145569620253164,632,1.3608880507679413,0.933,0.7937212214791124,0.08335560719777373,,,0.9106789017876225,,0.9107022739822298,0.0892977260177702,0.969829897744758,0.3978885245914182,5,0.1,0.5,0.590636076001808,0.5859010416122861,0.6058730463278216,0.5963729283023648,0.6010269609688481,0.5933373580149872,0.595538366396102,0.6005840767457835,0.6091080190513956,0.5886881464952921,0.6123108105064196,1.0
5,0,0.18597922649720125,0.9441928414901388,8214,1.1101360334906467,0.9503287070854638,1369,1.1240728198529812,0.9425,0.7829631375864603,0.0841855350277586,,,0.9477342749494784,,0.9477486069976406,0.05225139300235937,0.9661872284666513,0.3816554090731139,5,0.1,0.5,1.0,0.5835366651907997,0.587640762836612,0.5786543517641421,0.5912954524838832,0.582002535113377,0.5741494240771097,0.5773340431770606,0.5770710382491495,0.36976580271414,0.5766802550910298,0.569573586334881
5,1,0.19483955516027812,0.9418314572558564,6574,1.1135677184377397,0.948905109489051,1096,1.1241032921087246,0.9425,0.7800752008279392,0.08394213049419787,,,0.9438294292938307,,0.9438431805632247,0.05615681943677531,0.9661786638418445,0.3816543902621135,5,0.1,0.5,0.5835366651907997,1.0,0.5915746347603127,0.577527327941045,0.5850789530225968,0.5814359630261663,0.5691627364678357,0.5718751906883608,0.5687693263391118,0.3733191002034277,0.57992436998103,0.5598925063476059
5,2,0.21116068667284527,0.9357081099775203,5783,1.1242438747036843,0.9408713692946058,964,1.1241773271713014,0.9425,0.7868942494325143,0.08462985751672422,,,0.9548623703689127,,0.9548717433863761,0.04512825661362385,0.9662081308875863,0.3816569111881682,5,0.1,0.5,0.587640762836612,0.5915746347603127,1.0,0.5890123062941688,0.591823931259304,0.5774506091090772,0.57558605047721,0.5861335019456567,0.5707120190755719,0.3682340122837414,0.5895112199680829,0.5733586419094578
5,3,0.20725937003651299,0.9381501796860223,5287,1.1179365068674088,0.9511918274687855,881,1.1244167487461345,0.9425,0.7823180207249241,0.08405401853612716,,,0.945624406273327,,0.9456402791024547,0.05435972089754526,0.9661827725357458,0.38165488993344115,5,0.1,0.5,0.5786543517641421,0.577527327941045,0.5890123062941688,1.0,0.5926013605708441,0.5874092599675297,0.574000403478844,0.5809237546817879,0.568465954570557,0.3683847339378892,0.5784808367689049,0.5667736964440563
5,4,0.19475212196519057,0.9405471124620061,4935,1.1197090538648458,0.9440389294403893,822,1.1243968293689692,0.9425,0.7915617479787721,0.08476988579778698,,,0.9571087904210653,,0.9571256463028964,0.04287435369710357,0.9662054981931538,0.3816573316052167,5,0.1,0.5,0.5912954524838832,0.5850789530225968,0.591823931259304,0.5926013605708441,1.0,0.5824487940619452,0.5915309865114248,0.5842129481579239,0.5776528107481329,0.3812207022190059,0.5904702655728723,0.5759750686561743
5,5,0.22178200514897806,0.9324191129205057,4667,1.1410483884811402,0.9344473007712082,778,1.1243553201611431,0.9425,0.7845185318414792,0.08435635246144157,,,0.950474633578252,,0.9504894332613825,0.049510566738617534,0.966197031067948,0.38165601961587575,5,0.1,0.5,0.582002535113377,0.5814359630261663,0.5774506091090772,0.5874092599675297,0.5824487940619452,1.0,0.57680151534751,0.5887790121826135,0.5831028809458256,0.3678266120371347,0.5831703205735586,0.5708090781408248
5,6,0.21272523964023485,0.9364922524141028,4453,1.142452910542488,0.9407008086253369,742,1.1242916747784844,0.9425,0.7786862559978305,0.08395941359483733,,,0.9441066954542463,,0.9441192711209276,0.05588072887907236,0.9661797788914889,0.3816544914388424,5,0.1,0.5,0.5741494240771097,0.5691627364678357,0.57558605047721,0.574000403478844,0.5915309865114248,0.57680151534751,1.0,0.576616963736115,0.580938121174348,0.3595931344581919,0.579889494236287,0.5708833564015064
5,7,0.21093235831332408,0.9372457329904138,4277,1.116845498914304,0.9453015427769986,713,1.1242434679509732,0.9426,0.7840423745415991,0.0843867801382868,,,0.9509627731375377,,0.950976356608604,0.04902364339139598,0.9661968953986816,0.38165612549548583,5,0.1,0.5,0.5773340431770606,0.5718751906883608,0.5861335019456567,0.5809237546817879,0.5842129481579239,0.5887790121826135,0.576616963736115,1.0,0.5835166395522705,0.3689323438859153,0.5837284749297524,0.5744292296846134
5,8,0.22238727450343923,0.9325744732380722,4129,1.1550736752423374,0.9331395348837209,688,1.1253128741115046,0.9428,0.7770862049107891,0.08209331303661115,,,0.9141695593163421,,0.9141810150092867,0.08581898499071328,0.9654874515985425,0.381640285397388,5,0.1,0.5,0.5770710382491495,0.5687693263391118,0.5707120190755719,0.568465954570557,0.5776528107481329,0.5831028809458256,0.580938121174348,0.5835166395522705,1.0,0.353130153219365,0.5881738073087952,0.576312102707918
5,9,0.38342216335267515,0.9068732816795801,4001,1.1477338189170474,0.9370314842578711,667,1.1246902982647808,0.9426,0.5492555809363644,0.07497667110428842,,,0.8,,0.8,0.19999999999999996,0.9654992218631777,0.3813587406872565,5,0.1,0.5,0.36976580271414,0.3733191002034277,0.3682340122837414,0.3683847339378892,0.3812207022190059,0.3678266120371347,0.3595931344581919,0.3689323438859153,0.353130153219365,1.0,0.36634175718085205,0.36239624990243946
5,10,0.2078966362035421,0.939264592440216,3889,1.103428060100192,0.9459876543209876,648,1.1241934017632336,0.9426,0.7861144897214525,0.08495010636913383,,,0.9599999999839574,,0.9600020079313287,0.03999799206867127,0.9662263005526848,0.38165774874360825,5,0.1,0.5,0.5766802550910298,0.57992436998103,0.5895112199680829,0.5784808367689049,0.5904702655728723,0.5831703205735586,0.579889494236287,0.5837284749297524,0.5881738073087952,0.36634175718085205,1.0,0.5755253555450986
5,11,0.2412593884033566,0.9309944605644949,3791,1.1363399386405946,0.9240506329113924,632,1.124325295416311,0.9425,0.7728138227053334,0.08369593592280604,,,0.9398798241304435,,0.9398925756739119,0.060107424326088066,0.9661826257108838,0.38165322912904387,5,0.1,0.5,0.569573586334881,0.5598925063476059,0.5733586419094578,0.5667736964440563,0.5759750686561743,0.5708090781408248,0.5708833564015064,0.5744292296846134,0.576312102707918,0.36239624990243946,0.5755253555450986,1.0
6,0,0.17422925640379552,0.9483321158996835,8214,0.8702555867128594,0.9569028487947406,1369,0.8866647540951689,0.9487,0.7741472007877006,0.0840032803768474,,,0.9465986638602437,,0.9466141257968977,0.05338587420310226,0.9643765821542548,0.38578698756473345,5,0.1,0.5,1.0,0.5690198680453055,0.5697981908760252,0.5587084824205126,0.5658376928297655,0.5661509344710367,0.5550731243554348,0.5601917394438568,0.5528670753687327,0.5503102479878155,0.5608727270886243,0.553084788239479
6,1,0.181130792727712,0.9458777000304229,6574,0.8763392090797424,0.9525547445255474,1096,0.8867007802469662,0.9486,0.7732726375126477,0.08380866422137731,,,0.9424183646005894,,0.9424326088047789,0.05756739119522114,0.9643716034678129,0.385785792609821,5,0.1,0.5,0.5690198680453055,1.0,0.5764194357813606,0.5572456725873536,0.564523715201171,0.5688346188600747,0.5595077031452179,0.5560000399190002,0.5501630652163872,0.5496718678362579,0.5577996736436299,0.5457965457262749
6,2,0.1985530299571914,0.9416911637558361,5783,0.887610254749175,0.9481327800829875,964,0.8867532182425356,0.9486,0.7795369601327575,0.08449278510701298,,,0.9571130852152733,,0.9571306661312183,0.04286933386878167,0.9643818079544183,0.3857891749866169,5,0.1,0.5,0.5697981908760252,0.5764194357813606,1.0,0.5671267156617091,0.5690826526058014,0.5705197094850374,0.5596182718433876,0.569462224453712,0.5508670667491267,0.5523070553883282,0.5643081085874615,0.5597026905524033
6,3,0.19187178542130592,0.9422356724040098,5287,0.8800657497985023,0.9534619750283768,881,0.8869988282267659,0.9486,0.7683005319509277,0.0837079372245203,,,0.9402547775675834,,0.9402740826263741,0.05972591737362587,0.9643723422527961,0.3857851442833109,5,0.1,0.5,0.5587084824205126,0.5572456725873536,0.5671267156617091,1.0,0.566174953302196,0.5593904063000849,0.5501149679242147,0.5603022574642346,0.546967751805926,0.5479905841151699,0.550022876704519,0.5445999898376892
6,4,0.1826449643952712,0.9452887537993921,4935,0.8807428364570324,0.9537712895377128,822,0.8869585699547594,0.9485,0.777836660521499,0.08452676752190592,,,0.9578430177508076,,0.9578535214095678,0.04214647859043219,0.9643835809625357,0.3857892784570045,5,0.1,0.5,0.5658376928297655,0.564523715201171,0.5690826526058014,0.566174953302196,1.0,0.566028172141182,0.5671757012338994,0.5669646690488485,0.5491285441364768,0.5580831472806743,0.568406118805461,0.5520124929519848
6,5,0.19911080673847298,0.9399614313263338,4667,0.9041283178329468,0.9421593830334191,778,0.8869238787184889,0.9486,0.7775581380856134,0.08423885003711015,,,0.9516586326691782,,0.951679132573666,0.04832086742633401,0.9643797759794117,0.38578813384001664,5,0.1,0.5,0.5661509344710367,0.5688346188600747,0.5705197094850374,0.5593904063000849,0.566028172141182,1.0,0.5613814128628414,0.5710432896555445,0.5570134903931135,0.5462551871996739,0.5693339954320037,0.5559310869112155
6,6,0.19793372160888145,0.9403997305187514,4453,0.9069202418128649,0.9528301886792453,742,0.8868818347827314,0.9486,0.7687123200097272,0.08365889767017884,,,0.9392014219907443,,0.9392148988504593,0.06078510114954072,0.9643698771608393,0.3857848059197702,5,0.1,0.5,0.5550731243554348,0.5595077031452179,0.5596182718433876,0.5501149679242147,0.5671757012338994,0.5613814128628414,1.0,0.5592661804592602,0.5524310701305981,0.5440016374942562,0.5599353845579941,0.5440628349197798
6,7,0.19157178408827688,0.9443067570727145,4277,0.8791948453239773,0.9509116409537167,713,0.886824555480823,0.9486,0.7769247842212429,0.08423689554094772,,,0.9516166506515955,,0.9516339541187692,0.048366045881230835,0.9643801760228491,0.38578812885455016,5,0.1,0.5,0.5601917394438568,0.5560000399190002,0.569462224453712,0.5603022574642346,0.5669646690488485,0.5710432896555445,0.5592661804592602,1.0,0.5609777940009035,0.5518393076918804,0.5706922665738169,0.5598602208577725
6,8,0.20608339107917764,0.9373213853233229,4129,0.9206684015013955,0.9316860465116279,688,0.8878662485284166,0.9484,0.763243390337516,0.0822105845495142,,,0.9080920711178027,,0.9081070227398222,0.09189297726017776,0.9643059080584383,0.385768049790525,5,0.1,0.5,0.5528670753687327,0.5501630652163872,0.5508670667491267,0.546967751805926,0.5491285441364768,0.5570134903931135,0.5524310701305981,0.5609777940009035,1.0,0.5401697342040935,0.559531887655078,0.5520227338819111
6,9,0.20730571331713157,0.9404648837790552,4001,0.9124838936896551,0.9400299850074962,667,0.8874675970488843,0.9484,0.7562627677114901,0.07717829810036513,,,0.8,,0.8,0.19999999999999996,0.963517830646313,0.3855017501232783,5,0.1,0.5,0.5503102479878155,0.5496718678362579,0.5523070553883282,0.5479905841151699,0.5580831472806743,0.5462551871996739,0.5440016374942562,0.5518393076918804,0.5401697342040935,1.0,0.5657391886951062,0.5404928581938692
6,10,0.1922215626376574,0.9426587811776806,3889,0.8648911430722191,0.9506172839506173,648,0.8867683652490853,0.9486,0.777250013705746,0.08462718702838151,,,0.9599999999785203,,0.9600020079313287,0.03999799206867127,0.9643907101251971,0.3857896147384214,5,0.1,0.5,0.5608727270886243,0.5577996736436299,0.5643081085874615,0.550022876704519,0.568406118805461,0.5693339954320037,0.5599353845579941,0.5706922665738169,0.559531887655078,0.5657391886951062,1.0,0.5615719945974351
