round,client_id,client_i_training_loss,client_i_training_accuracy,client_i_training_dataset_size,client_i_evaluation_loss,client_i_evaluation_accuracy,client_i_evaluation_dataset_size,client_i_central_evaluation_loss,client_i_central_evaluation_accuracy,client_i_cosine_similarity,client_i_importance_coefficient,client_i_tanh_val,tanh_normalization_value,client_i_q,client_i_mask_order,client_i_v_nonzero_fraction,client_i_v_sparsity,client_i_v_cosine_similarity,client_i_reward_gradient_norm,local_epochs,learning_rate,gamma,client_0_cosine_similarity,client_1_cosine_similarity,client_2_cosine_similarity,client_3_cosine_similarity,client_4_cosine_similarity,client_5_cosine_similarity,client_6_cosine_similarity,client_7_cosine_similarity,client_8_cosine_similarity,client_9_cosine_similarity,client_10_cosine_similarity,client_11_cosine_similarity
0,0,2.268618173952456,0.16191380569758948,6845,2.2972228743813257,0.11906501095690285,1369,2.2987596022931833,0.1269,0.8705586919480739,0.08030882855688909,,,0.6959756698132776,,0.6960192107738773,0.3039807892261227,0,0.1357803481632102,10,0.025,0.15,1.0,0.8741197438264972,0.8746952399593518,0.8297647915991802,0.7503837790974505,0.7311958842660601,0.7328560756202211,0.727124816792292,0.6377982701625431,0.6705859291619986,0.6824720596128357,0.6591975490182186
0,1,2.2941519465557363,0.13725812340270171,5478,2.300403939353095,0.1104014598540146,1096,2.2987403779090205,0.124,0.9610534430078437,0.08865694743201588,,,0.9599999999683732,,0.9600270667260814,0.0399729332739186,0,0.1360171600697662,10,0.025,0.15,0.8741197438264972,1.0,0.9475200937031781,0.8902122976167696,0.8830198940160587,0.8704252514939871,0.8882003620782979,0.8310437860664972,0.7421353199363043,0.7541218469834322,0.8443987581180306,0.8053314229665134
0,2,2.29441266875518,0.13354771784232364,4820,2.2971232533454895,0.14107883817427386,964,2.2987403960167607,0.124,0.9604437304023511,0.08860070159177975,,,0.9582211237311647,,0.9582528758396461,0.041747124160353866,0,0.13601711403667105,10,0.025,0.15,0.8746952399593518,0.9475200937031781,1.0,0.9009419701595056,0.8614995255165211,0.856207747416935,0.8866025840813172,0.854630149408881,0.7432559329940364,0.7768932885803392,0.8407019945985778,0.7906211114278862
0,3,2.295658963067191,0.11768043576940536,4406,2.2965434959956577,0.1441543700340522,881,2.2987404593938514,0.124,0.9516744287896398,0.08779173564118663,,,0.9326361151300042,,0.9326715188724398,0.06732848112756018,0,0.13601571434528523,10,0.025,0.15,0.8297647915991802,0.8902122976167696,0.9009419701595056,1.0,0.8533747102139644,0.8705938241885238,0.8735153312043132,0.9013661138932912,0.7385949176553521,0.7896851423200515,0.8190217914836783,0.8438075490292385
0,4,2.297848023067821,0.15972762645914396,4112,2.3000332287379672,0.13260340632603407,822,2.2987429371363,0.1244,0.9221147615361336,0.08506486349388963,,,0.8463938606918457,,0.8464293376904161,0.15357066230958394,0,0.1359879476020729,10,0.025,0.15,0.7503837790974505,0.8830198940160587,0.8614995255165211,0.8533747102139644,1.0,0.8227132689332557,0.834468600942722,0.7855850414650151,0.8178613598347031,0.783269958778236,0.8510419094803495,0.8008768035996293
0,5,2.2979283125169814,0.1408588326047827,3889,2.2983790806361606,0.12210796915167095,778,2.298743748966652,0.1245,0.9163646149881169,0.08453441386703184,,,0.8296174336300041,,0.829661170800944,0.17033882919905596,0,0.13597976638718123,10,0.025,0.15,0.7311958842660601,0.8704252514939871,0.856207747416935,0.8705938241885238,0.8227132689332557,1.0,0.8759964676666715,0.847055421450324,0.6811679865831599,0.799632320598917,0.7857714953668873,0.8587946806259997
0,6,2.2976002191675122,0.12646187011587173,3711,2.298466960589091,0.11725067385444744,742,2.298742707771591,0.1245,0.9235113269064021,0.08519369631116747,,,0.8504684311181394,,0.8505058507039,0.14949414929610005,0,0.13598966571222337,10,0.025,0.15,0.7328560756202211,0.8882003620782979,0.8866025840813172,0.8735153312043132,0.834468600942722,0.8759964676666715,1.0,0.9055655585465572,0.6746241397697788,0.726265037736916,0.8301073958411956,0.8412417682425565
0,7,2.2972969574587685,0.11212121212121212,3564,2.29910409450531,0.11640953716690042,713,2.2987476028973544,0.1269,0.9055792318020374,0.08353946487941909,,,0.7981503757308127,,0.7981878496806456,0.2018121503193544,0,0.13594753127888926,10,0.025,0.15,0.727124816792292,0.8310437860664972,0.854630149408881,0.9013661138932912,0.7855850414650151,0.847055421450324,0.9055655585465572,1.0,0.6779903415718318,0.7734402566855914,0.788910974904433,0.7978102385472884
0,8,2.2980713385122793,0.11040395233943621,3441,2.3006399472554526,0.12645348837209303,688,2.298818989645077,0.1268,0.8205253033858314,0.07569326057585626,,,0.55,,0.5500404350481095,0.4499595649518905,0,0.13517176076437484,10,0.025,0.15,0.6377982701625431,0.7421353199363043,0.7432559329940364,0.7385949176553521,0.8178613598347031,0.6811679865831599,0.6746241397697788,0.6779903415718318,1.0,0.7849553309800289,0.7821692356074824,0.7625796251826683
0,9,2.297813132074144,0.12105578884223156,3334,2.29862113793691,0.13343328335832083,667,2.2987842137300514,0.1269,0.8407868267986727,0.07756238120507206,,,0.6091143141933608,,0.6091498737436253,0.3908501262563747,0,0.13551519559009195,10,0.025,0.15,0.6705859291619986,0.7541218469834322,0.7768932885803392,0.7896851423200515,0.783269958778236,0.799632320598917,0.726265037736916,0.7734402566855914,0.7849553309800289,1.0,0.6680022472364723,0.69421789618697
0,10,2.2990409245857824,0.14973773526689294,3241,2.303030769030253,0.10648148148148148,648,2.2987516741209393,0.1268,0.8875918748287981,0.08188013555364676,,,0.7456710902418299,,0.7457048076446997,0.2542951923553003,0,0.1358929146024541,10,0.025,0.15,0.6824720596128357,0.8443987581180306,0.8407019945985778,0.8190217914836783,0.8510419094803495,0.7857714953668873,0.8301073958411956,0.788910974904433,0.7821692356074824,0.6680022472364723,1.0,0.8476149449303468
0,11,2.2992766666412354,0.1129471351693574,3159,2.2990819454193114,0.13291139240506328,632,2.298754179024998,0.1269,0.8799326172025375,0.0811735708920454,,,0.7233247072684886,,0.7233665065768844,0.2766334934231156,0,0.13586265466238062,10,0.025,0.15,0.6591975490182186,0.8053314229665134,0.7906211114278862,0.8438075490292385,0.8008768035996293,0.8587946806259997,0.8412417682425565,0.7978102385472884,0.7625796251826683,0.69421789618697,0.8476149449303468,1.0
1,0,2.1052265290860777,0.23931336742147552,6845,2.2887867147272285,0.17092768444119796,1369,2.290284790570223,0.1792,0.9028556774917509,0.079320528302722,,,0.5900503628411334,,0.5900793847271046,0.40992061527289536,0.8064560451673426,0.14473131842264247,10,0.025,0.15,1.0,0.9480309502523149,0.927399836885042,0.9056672350249007,0.8958143015220253,0.8581066460371591,0.8395965719535655,0.8362331556444497,0.8156940784968592,0.8329171926804341,0.8137662708630594,0.8048973961547479
1,1,2.1807207775670427,0.21013143483023,5478,2.2922644350263806,0.1624087591240876,1096,2.2901732891420776,0.1798,0.9593295280194365,0.08634516614695434,,,0.9424408154878974,,0.9424914591275932,0.057508540872406755,0.8097974284979388,0.14528500809210748,10,0.025,0.15,0.9480309502523149,1.0,0.9722306986642761,0.958884462387333,0.9572692310486637,0.9281073800218255,0.9114936863327946,0.903562241881249,0.8871682390069746,0.9005522049106847,0.8870293657229076,0.8796897234010325
1,2,2.1780840337276457,0.22031120331950207,4820,2.2883675396442413,0.19813278008298754,964,2.290173470219479,0.1798,0.9711157759099063,0.08669519524325572,,,0.959999999949835,,0.9600270667260814,0.0399729332739186,0.8097897809510718,0.14528533061209692,10,0.025,0.15,0.927399836885042,0.9722306986642761,1.0,0.9713297930141482,0.9675646091718939,0.9437989149448327,0.929675339089077,0.9268453124051342,0.9081203661462038,0.921884095666522,0.9054111698597133,0.898658576314905
1,3,2.203271999359131,0.19943259192010895,4406,2.2878646509987965,0.2133938706015891,881,2.290173904805244,0.1798,0.9841921223514667,0.08662027447809102,,,0.9562416051493532,,0.9562806357379808,0.04371936426201917,0.8097272681957602,0.1452852893773567,10,0.025,0.15,0.9056672350249007,0.958884462387333,0.9713297930141482,1.0,0.9759501820545151,0.967272472677979,0.95217085788827,0.9565741107347139,0.9309905694690047,0.9473879060286909,0.9334796428318917,0.9296040061412765
1,4,2.2221042582483004,0.21836089494163424,4112,2.291827985218593,0.16423357664233576,822,2.290179569509965,0.1798,0.9846451542514036,0.08494297063850804,,,0.8720997785721862,,0.8721262233665066,0.12787377663349342,0.8099578841034357,0.14527652316981488,10,0.025,0.15,0.8958143015220253,0.9572692310486637,0.9675646091718939,0.9759501820545151,1.0,0.9661757625765034,0.9560792817077179,0.9493604844253513,0.9437533879573684,0.950043433471462,0.9406205563668237,0.9342617107092146
1,5,2.2391234251760666,0.18624325019285162,3889,2.289510590689523,0.19151670951156813,778,2.2901818299595313,0.18,0.9858697194340736,0.08465380548074175,,,0.8575938292130172,,0.857643874502814,0.14235612549718601,0.8098156093792319,0.14527367619501466,10,0.025,0.15,0.8581066460371591,0.9281073800218255,0.9437989149448327,0.967272472677979,0.9661757625765034,1.0,0.9761775254778638,0.9761988907825475,0.9561926946690681,0.965260932273416,0.9572231674600425,0.9619746083579946
1,6,2.251970041209254,0.1788197251414713,3711,2.2897228002548218,0.1778975741239892,742,2.2901794457737403,0.1798,0.98087486524974,0.08489977977570992,,,0.8699331120437286,,0.869964186100246,0.13003581389975405,0.8099398713999182,0.14527609131397437,10,0.025,0.15,0.8395965719535655,0.9114936863327946,0.929675339089077,0.95217085788827,0.9560792817077179,0.9761775254778638,1.0,0.9766909605071923,0.9602922106004301,0.9603284828190756,0.9673116814550663,0.9711770352549526
1,7,2.245872451577868,0.1701178451178451,3564,2.290216644605001,0.1753155680224404,713,2.290190403974509,0.1796,0.978599217167593,0.08379896224460101,,,0.8147106797033246,,0.8147662194055223,0.1852337805944777,0.8100525958975129,0.14526000133890068,10,0.025,0.15,0.8362331556444497,0.903562241881249,0.9268453124051342,0.9565741107347139,0.9493604844253513,0.9761988907825475,0.9766909605071923,1.0,0.9597280354255016,0.9641596687332734,0.9631943894714559,0.9628528686529744
1,8,2.2601786260251644,0.21993606509735542,3441,2.292150894800822,0.18313953488372092,688,2.290422303767144,0.1802,0.9661059804702217,0.07852215453187789,,,0.55,,0.5500404350481095,0.4499595649518905,0.8025678498902672,0.1445119505104045,10,0.025,0.15,0.8156940784968592,0.8871682390069746,0.9081203661462038,0.9309905694690047,0.9437533879573684,0.9561926946690681,0.9602922106004301,0.9597280354255016,1.0,0.9545960458840475,0.9582833840843548,0.9620216852673665
1,9,2.2512194492198803,0.19220155968806238,3334,2.2907307147979736,0.1874062968515742,667,2.2903117711030982,0.1792,0.9722980544982947,0.07988422467766035,,,0.6183281509811954,,0.6183591622518195,0.3816408377481805,0.8066832715697922,0.144861647108275,10,0.025,0.15,0.8329171926804341,0.9005522049106847,0.921884095666522,0.9473879060286909,0.950043433471462,0.965260932273416,0.9603284828190756,0.9641596687332734,0.9545960458840475,1.0,0.9518836806693168,0.9562670464492986
1,10,2.2697157749762904,0.18938599197778463,3241,2.294153928756714,0.16049382716049382,648,2.2902091726472107,0.1796,0.9674023006746908,0.08240361850155026,,,0.7447133611062945,,0.7447475697710881,0.25525243022891186,0.8093347083940716,0.14518398476764716,10,0.025,0.15,0.8137662708630594,0.8870293657229076,0.9054111698597133,0.9334796428318917,0.9406205563668237,0.9572231674600425,0.9673116814550663,0.9631943894714559,0.9582833840843548,0.9518836806693168,1.0,0.9705010265368528
1,11,2.271368996620178,0.17774612219056662,3159,2.290721607208252,0.17563291139240506,632,2.2902208551575867,0.1792,0.9658145282991726,0.0819133199783278,,,0.7201175709229957,,0.7201647109306663,0.27983528906933375,0.8089246776445691,0.14515220835895185,10,0.025,0.15,0.8048973961547479,0.8796897234010325,0.898658576314905,0.9296040061412765,0.9342617107092146,0.9619746083579946,0.9711770352549526,0.9628528686529744,0.9620216852673665,0.9562670464492986,0.9705010265368528,1.0
2,0,2.0021228856510587,0.2784660336011687,6845,2.274498310956088,0.21840759678597516,1369,2.2762927194184894,0.2146,0.9138805918141454,0.07891305824138325,,,0.55,,0.5500404350481095,0.4499595649518905,0.942332283953845,0.14505125357687837,10,0.025,0.15,1.0,0.9466002477075752,0.9237196451265937,0.9075582862661064,0.8970293789425382,0.880339046667771,0.8755359861603274,0.8693831323139253,0.8440792151330011,0.8505963760778837,0.8459537998312596,0.8314055083492765
2,1,2.06368590898292,0.25836071558963125,5478,2.278838634490967,0.1989051094890511,1096,2.2758838919144644,0.2148,0.9621215247062433,0.08483597891750408,,,0.9086438363811102,,0.9086993117789771,0.09130068822102289,0.9484476647396607,0.14602774740513097,10,0.025,0.15,0.9466002477075752,1.0,0.9587818281318546,0.9483994577485281,0.9447372512926108,0.9357785759420637,0.9355863808679779,0.9288702185585397,0.908896880438501,0.9138338369215013,0.9106004191897947,0.9011697524450113
2,2,2.056565622593227,0.26427385892116184,4820,2.2738631069660187,0.21680497925311204,964,2.275883608226535,0.2148,0.9797789913587404,0.08562831407998284,,,0.9566212005752133,,0.9566519780165371,0.04334802198346288,0.9484817980126764,0.1460305391078008,10,0.025,0.15,0.9237196451265937,0.9587818281318546,1.0,0.9638995721521622,0.9653066741409101,0.9558400823650518,0.9607180717040213,0.9505064781539034,0.9411969020752615,0.9419916842869871,0.9420360122300409,0.93632570563688
2,3,2.084125597817557,0.24938719927371766,4406,2.2734060287475586,0.24177071509648126,881,2.2758840216866023,0.2149,0.9829143748710133,0.08568411417630353,,,0.9599999999394481,,0.9600270667260814,0.0399729332739186,0.9484832702607395,0.1460305704509374,10,0.025,0.15,0.9075582862661064,0.9483994577485281,0.9638995721521622,1.0,0.9652613563630197,0.966164310195306,0.9635512311780188,0.9647395457394977,0.9495138525680814,0.9510953831868203,0.9511457524999994,0.9460816991093737
2,4,2.093723886302023,0.2620379377431907,4112,2.2776853016444614,0.20681265206812652,822,2.275893030287344,0.2153,0.9832077658561136,0.08465489476912687,,,0.8976788552116606,,0.8977240844349821,0.10227591556501792,0.9483567053921945,0.14602569976977312,10,0.025,0.15,0.8970293789425382,0.9447372512926108,0.9653066741409101,0.9652613563630197,1.0,0.9657324154258543,0.9679883529204102,0.958164420351917,0.9568659996385571,0.9532873040896582,0.9578508953408864,0.9494899709910593
2,5,2.1145818821845515,0.23455901259964002,3889,2.2748917852129256,0.23136246786632392,778,2.2758965703505503,0.2153,0.9854541477302332,0.08454903211842267,,,0.8912686752929768,,0.8912957369906421,0.10870426300935787,0.9483653793458953,0.146025160906625,10,0.025,0.15,0.880339046667771,0.9357785759420637,0.9558400823650518,0.966164310195306,0.9657324154258543,1.0,0.9729682722817603,0.9710490164670321,0.9617244384115238,0.9657602819345883,0.9680590282312844,0.9655457163564083
2,6,2.136015531934541,0.23624360010778767,3711,2.275200684865316,0.21428571428571427,742,2.2758932988854905,0.2154,0.9860339893013456,0.08472026846472058,,,0.9016373537748215,,0.9016768166889472,0.09832318331105283,0.9484118412800898,0.14602733735919887,10,0.025,0.15,0.8755359861603274,0.9355863808679779,0.9607180717040213,0.9635512311780188,0.9679883529204102,0.9729682722817603,1.0,0.9715980349108573,0.9644935218567061,0.9649810292874776,0.9704860812685635,0.9675729413267683
2,7,2.1236909078700204,0.2340628507295174,3564,2.2757412989934287,0.2187938288920056,713,2.275909242750723,0.2142,0.9830870391845438,0.08394245583693813,,,0.8545393560018253,,0.8545741116667492,0.14542588833325076,0.9482464795782976,0.1460181549383106,10,0.025,0.15,0.8693831323139253,0.9288702185585397,0.9505064781539034,0.9647395457394977,0.958164420351917,0.9710490164670321,0.9715980349108573,1.0,0.9673238729154606,0.9645450985556825,0.9702413644394521,0.9656478332229615
2,8,2.126611389495708,0.26509735541993606,3441,2.278214971224467,0.22093023255813954,688,2.276372372349606,0.2166,0.9752505432685317,0.0804190039588583,,,0.6411878073387753,,0.6412338466108828,0.3587661533891172,0.9425851255284813,0.1456257534052507,10,0.025,0.15,0.8440792151330011,0.908896880438501,0.9411969020752615,0.9495138525680814,0.9568659996385571,0.9617244384115238,0.9644935218567061,0.9673238729154606,1.0,0.9645824036819735,0.9676148736831742,0.9670791772869028
2,9,2.1188481511893094,0.24913017396520695,3334,2.277104655901591,0.2128935532233883,667,2.276153504093991,0.2156,0.9761505743142554,0.08129189414209273,,,0.6940429275021673,,0.6940799788747504,0.30592002112524963,0.945386208999445,0.14580512659333825,10,0.025,0.15,0.8505963760778837,0.9138338369215013,0.9419916842869871,0.9510953831868203,0.9532873040896582,0.9657602819345883,0.9649810292874776,0.9645450985556825,0.9645824036819735,1.0,0.9650259498919395,0.9676406376949879
2,10,2.159715642837378,0.23020672631903732,3241,2.2791311740875244,0.1882716049382716,648,2.275952957853486,0.2154,0.9777512804163009,0.08290437342035337,,,0.7916815396098675,,0.791734746084402,0.20826525391559803,0.9478040982875027,0.14597351007443915,10,0.025,0.15,0.8459537998312596,0.9106004191897947,0.9420360122300409,0.9511457524999994,0.9578508953408864,0.9680590282312844,0.9704860812685635,0.9702413644394521,0.9676148736831742,0.9650259498919395,1.0,0.9718449974004977
2,11,2.159275650501251,0.22668566001899335,3159,2.2767833709716796,0.21677215189873417,632,2.275982591170299,0.2152,0.9733300933867977,0.08245661187431377,,,0.7645687472162419,,0.7646102556485287,0.2353897443514713,0.9473925798209936,0.14595133294325793,10,0.025,0.15,0.8314055083492765,0.9011697524450113,0.93632570563688,0.9460816991093737,0.9494899709910593,0.9655457163564083,0.9675729413267683,0.9656478332229615,0.9670791772869028,0.9676406376949879,0.9718449974004977,1.0
3,0,1.9415135794215732,0.3020598977355734,6845,2.253761573271318,0.26515704894083275,1369,2.2559701491005812,0.2521,0.920361329025238,0.07899794528992804,,,0.55,,0.5500404350481095,0.4499595649518905,0.9763835749571824,0.14436663925781307,10,0.025,0.15,1.0,0.9422428779927978,0.9212319868525601,0.9085690676921124,0.9000095576829585,0.882977616209277,0.8800860063495657,0.8762532078672668,0.8472556107930362,0.8481685615830729,0.8581278785404489,0.842745652841843
3,1,1.9958936860395031,0.2839905074844834,5478,2.2591711945003934,0.23357664233576642,1096,2.255028314228299,0.2504,0.9598680400264322,0.08396177339446598,,,0.8829140818876403,,0.882952913799079,0.11704708620092097,0.9826129890855803,0.14541234231114278,10,0.025,0.15,0.9422428779927978,1.0,0.948005875120988,0.9411587459385004,0.9372816694819174,0.9285785772477096,0.9319393724374513,0.9268072140619832,0.8988108256983964,0.9015580614131694,0.9075815016771659,0.8990160479187309
3,2,1.9874234510095496,0.28854771784232364,4820,2.2523421347141266,0.25622406639004147,964,2.2550257580189763,0.2507,0.9758036001226296,0.08497352324142392,,,0.9507701325619247,,0.950801274116618,0.04919872588338203,0.9826397887079349,0.14541986806208873,10,0.025,0.15,0.9212319868525601,0.948005875120988,1.0,0.9562638915735474,0.9553252667707125,0.9455817241983636,0.9520513257380071,0.9427945511601453,0.9297018718761431,0.9289467656009457,0.9359736286130079,0.931712742353342
3,3,2.012857484476907,0.27818883340898776,4406,2.252429485321045,0.27014755959137343,881,2.2550259783298157,0.2506,0.9789586882206499,0.08511114275814002,,,0.959999999932932,,0.9600270667260814,0.0399729332739186,0.9826449216488858,0.14542001966144905,10,0.025,0.15,0.9085690676921124,0.9411587459385004,0.9562638915735474,1.0,0.9573574769478146,0.954617160513337,0.9535654936348748,0.956351159394563,0.9378370181329315,0.9340279816129504,0.9440948853142925,0.9401252866511594
3,4,2.0237453626863884,0.28854571984435795,4112,2.2571117537362233,0.24330900243309003,822,2.255040217049514,0.2509,0.9785630423166247,0.08445979456721475,,,0.9163153717781366,,0.9163489627172352,0.0836510372827648,0.9826402955678009,0.1454166461268668,10,0.025,0.15,0.9000095576829585,0.9372816694819174,0.9553252667707125,0.9573574769478146,1.0,0.9531660223907279,0.9588951389617545,0.9525227566724073,0.940458325724913,0.9425148920081973,0.943063110252955,0.93918437347538
3,5,2.0391348861878917,0.2672923630753407,3889,2.254178966794695,0.2750642673521851,778,2.25504501861862,0.2508,0.9793309108443383,0.08441919644064012,,,0.9135925361459771,,0.9136340380584576,0.08636596194154245,0.9826314053341118,0.14541644957679187,10,0.025,0.15,0.882977616209277,0.9285785772477096,0.9455817241983636,0.954617160513337,0.9531660223907279,1.0,0.9613789863053162,0.9603462807744557,0.9453878290199349,0.9456391739262129,0.9577236531880993,0.9533481731620973
3,6,2.0560208628917565,0.26933441120991647,3711,2.253942926724752,0.24393530997304583,742,2.2550398066074036,0.251,0.9812418288512988,0.08458780249762218,,,0.9249006091651781,,0.9249228433265666,0.0750771566734334,0.9826313338470354,0.14541720908931158,10,0.025,0.15,0.8800860063495657,0.9319393724374513,0.9520513257380071,0.9535654936348748,0.9588951389617545,0.9613789863053162,1.0,0.962887262479485,0.9495814538419047,0.9436582885969431,0.9603749599179118,0.9561477532365001
3,7,2.0441265101943698,0.26784511784511783,3564,2.254604458808899,0.23842917251051893,713,2.255059284499929,0.2504,0.9799436724286593,0.08406293861923482,,,0.8896990323761729,,0.8897443514713407,0.11025564852865932,0.9825893884716965,0.14541330947598707,10,0.025,0.15,0.8762532078672668,0.9268072140619832,0.9427945511601453,0.956351159394563,0.9525227566724073,0.9603462807744557,0.962887262479485,1.0,0.9563445636953414,0.9460171397379197,0.9599319921523745,0.956026517636559
3,8,2.041282686922285,0.2895669863411799,3441,2.2578977743784585,0.2558139534883721,688,2.2557810439339168,0.2534,0.9674621132480845,0.0814698251023125,,,0.7157840644248434,,0.7158323843475104,0.2841676156524896,0.9796374224988169,0.14526181008394204,10,0.025,0.15,0.8472556107930362,0.8988108256983964,0.9297018718761431,0.9378370181329315,0.940458325724913,0.9453878290199349,0.9495814538419047,0.9563445636953414,1.0,0.9416326524615432,0.9525469344003724,0.9536760839358582
3,9,2.0357911436646074,0.27819436112777446,3334,2.257041414578756,0.24887556221889057,667,2.255443370794948,0.2517,0.9651851597387691,0.0819369470726014,,,0.7471130062401539,,0.7471406644551171,0.25285933554488293,0.9812097539404697,0.14531595929432223,10,0.025,0.15,0.8481685615830729,0.9015580614131694,0.9289467656009457,0.9340279816129504,0.9425148920081973,0.9456391739262129,0.9436582885969431,0.9460171397379197,0.9416326524615432,1.0,0.9477848518228229,0.946347524673412
3,10,2.0786702687923726,0.26124652884912064,3241,2.2576701243718467,0.22685185185185186,648,2.2551301612129695,0.2517,0.9737573544971397,0.08321704053062104,,,0.8329663293875424,,0.8329949992573155,0.16700500074268454,0.9823057213951857,0.14539793000309248,10,0.025,0.15,0.8581278785404489,0.9075815016771659,0.9359736286130079,0.9440948853142925,0.943063110252955,0.9577236531880993,0.9603749599179118,0.9599319921523745,0.9525469344003724,0.9477848518228229,1.0,0.9576860036526798
3,11,2.071495403766632,0.2623615068059513,3159,2.256290912628174,0.25158227848101267,632,2.255183020724526,0.2518,0.9695542789421963,0.08280207048579519,,,0.8051351135245728,,0.8051690845175026,0.19483091548249742,0.9821588689210071,0.14538160287744742,10,0.025,0.15,0.842745652841843,0.8990160479187309,0.931712742353342,0.9401252866511594,0.93918437347538,0.9533481731620973,0.9561477532365001,0.956026517636559,0.9536760839358582,0.946347524673412,0.9576860036526798,1.0
4,0,1.89522293165878,0.3183345507669832,6845,2.226979277350686,0.30094959824689554,1369,2.2297195452678054,0.2786,0.924710458300826,0.07929777648674033,,,0.55,,0.5500404350481095,0.4499595649518905,0.985593740830059,0.143811235990732,10,0.025,0.15,1.0,0.9383359622814363,0.9210019956622157,0.9075070453973451,0.900175588345471,0.88380766334548,0.8834665567813123,0.8772782696083268,0.8492405640925105,0.8458391141913238,0.8653796500836385,0.8502141532983108
4,1,1.9458790313365848,0.30120481927710846,5478,2.233554575178358,0.26094890510948904,1096,2.2279976500740535,0.2795,0.9568567980035325,0.08343185799602675,,,0.8617894722857135,,0.8618194121239128,0.13818058787608722,0.989554047680204,0.14489226136139802,10,0.025,0.15,0.9383359622814363,1.0,0.9401361499577875,0.9332452737832309,0.9276607899472387,0.9215767639034608,0.9256862026976069,0.9202707116898577,0.8922730702532626,0.8906203628055036,0.9045227411905061,0.8961591222723903
4,2,1.9394019108069571,0.30294605809128633,4820,2.224247485399246,0.28734439834024894,964,2.227991149395327,0.2794,0.9725098989546508,0.08457200287730268,,,0.9477783842275203,,0.9478222838375336,0.05217771616246636,0.989641228039616,0.14490521831173706,10,0.025,0.15,0.9210019956622157,0.9401361499577875,1.0,0.9493392300376619,0.9471453448738413,0.9369149338336749,0.9452114156757998,0.9361203164017164,0.9210401030150694,0.9175174979007991,0.931781899245262,0.9241788202191218
4,3,1.9642440356527056,0.2951202905129369,4406,2.2251799447195872,0.3076049943246311,881,2.2279905216603337,0.2794,0.974852108206648,0.08473405182365236,,,0.9599999999245807,,0.9600270667260814,0.0399729332739186,0.989636595394367,0.14490544322473792,10,0.025,0.15,0.9075070453973451,0.9332452737832309,0.9493392300376619,1.0,0.9517982606654211,0.9433892675987892,0.9428836695600274,0.9453549747742185,0.9309493926968572,0.9244806578322579,0.9368776189227911,0.9311774198272675
4,4,1.9685542460643883,0.308681906614786,4112,2.230517421449934,0.25547445255474455,822,2.2280071868172175,0.2792,0.9763669770404119,0.0843790024690461,,,0.9332224313983191,,0.9332491624168606,0.06675083758313938,0.9896102508884259,0.14490428725458251,10,0.025,0.15,0.900175588345471,0.9276607899472387,0.9471453448738413,0.9517982606654211,1.0,0.9451390478949554,0.9539746959995506,0.9457449103764173,0.9402355519806213,0.9273212074581224,0.9401848978776868,0.935357528833679
4,5,1.9880535617951425,0.2821805091283106,3889,2.2279553753989085,0.2969151670951157,778,2.2280142639256733,0.2793,0.9732662844847623,0.08425242081209865,,,0.9236757333150704,,0.923709791883283,0.07629020811671705,0.9896120756975506,0.14490382834814822,10,0.025,0.15,0.88380766334548,0.9215767639034608,0.9369149338336749,0.9433892675987892,0.9451390478949554,1.0,0.9489880389449513,0.9475002239530183,0.9315085689873345,0.9330204247025924,0.9461846208808208,0.940365818994435
4,6,1.9986764048707897,0.2920237132848289,3711,2.2263252337773642,0.2776280323450135,742,2.228009365781953,0.2794,0.9763309031598641,0.08445733276590146,,,0.9391300463946987,,0.9391658827218564,0.060834117278143585,0.9896152266897827,0.14490492691701531,10,0.025,0.15,0.8834665567813123,0.9256862026976069,0.9452114156757998,0.9428836695600274,0.9539746959995506,0.9489880389449513,1.0,0.9508743631063777,0.9362695407112555,0.9322345392662178,0.9486143495696356,0.9453937449273381
4,7,1.9886933714151382,0.2921997755331089,3564,2.2276964584986367,0.27349228611500703,713,2.2280289885364,0.2789,0.9757289393664362,0.0841116451284027,,,0.9130585318806954,,0.9130976547672096,0.08690234523279039,0.9895924484748838,0.14490305289606986,10,0.025,0.15,0.8772782696083268,0.9202707116898577,0.9361203164017164,0.9453549747742185,0.9457449103764173,0.9475002239530183,0.9508743631063777,1.0,0.9465818452426384,0.9403211047986888,0.9516306978050683,0.9455982378209611
4,8,1.9828210345021,0.3057541412380122,3441,2.2315181891123452,0.2703488372093023,688,2.229031940049763,0.2805,0.9628667550117395,0.08208050555722718,,,0.7598714373319093,,0.7599148388374511,0.24008516116254885,0.9886872477114181,0.14481532205669792,10,0.025,0.15,0.8492405640925105,0.8922730702532626,0.9210401030150694,0.9309493926968572,0.9402355519806213,0.9315085689873345,0.9362695407112555,0.9465818452426384,1.0,0.9298786120604112,0.94019845471483,0.9412989560647012
4,9,1.9822601552362795,0.29622075584883023,3334,2.2307174603144326,0.26686656671664166,667,2.22857240181935,0.2808,0.9593376125369166,0.08225527769817031,,,0.7730526272703511,,0.7730933637008797,0.22690663629912033,0.9889206969306802,0.14483178508312772,10,0.025,0.15,0.8458391141913238,0.8906203628055036,0.9175174979007991,0.9244806578322579,0.9273212074581224,0.9330204247025924,0.9322345392662178,0.9403211047986888,0.9298786120604112,1.0,0.9411455346507266,0.9360724077083752
4,10,2.0195118124668414,0.28235112619561864,3241,2.230216463406881,0.25,648,2.228133793118634,0.2796,0.9709050259099653,0.08342853342915056,,,0.861538735828395,,0.8615718506048753,0.1384281493951247,0.9894891287216094,0.14489205869241512,10,0.025,0.15,0.8653796500836385,0.9045227411905061,0.931781899245262,0.9368776189227911,0.9401848978776868,0.9461846208808208,0.9486143495696356,0.9516306978050683,0.94019845471483,0.9411455346507266,1.0,0.9450853106922105
4,11,2.012566229343414,0.28220955998733777,3159,2.229617977142334,0.2848101265822785,632,2.2282040119171143,0.2794,0.9656684249810918,0.08299959295628086,,,0.8291883519819203,,0.8292403162185803,0.1707596837814197,0.9894111652414629,0.14487978614372818,10,0.025,0.15,0.8502141532983108,0.8961591222723903,0.9241788202191218,0.9311774198272675,0.935357528833679,0.940365818994435,0.9453937449273381,0.9455982378209611,0.9412989560647012,0.9360724077083752,0.9450853106922105,1.0
5,0,1.857587226011135,0.33092768444119797,6845,2.194404862143777,0.32432432432432434,1369,2.1977322312849985,0.3046,0.9280461144831732,0.07972193864910124,,,0.55,,0.5500404350481095,0.4499595649518905,0.9874099591775637,0.14310221335141635,10,0.025,0.15,1.0,0.9331894036955151,0.913378641828653,0.9074792926493449,0.8951939250573163,0.8831389370381851,0.8843859564053059,0.8791463447858227,0.8524567561433817,0.8468353263834947,0.866918412417823,0.8532504574744455
5,1,1.9059505573538846,0.3151332603139832,5478,2.2021134164598255,0.2892335766423358,1096,2.1950155783303176,0.3064,0.9549100346645317,0.08317353157774107,,,0.8505662832807996,,0.8506131273621494,0.14938687263785055,0.9912937420997564,0.14425185765174398,10,0.025,0.15,0.9331894036955151,1.0,0.9303715215187145,0.927292309961451,0.9207499160746977,0.9141594214529191,0.9200851420856583,0.9140328657964714,0.8903026179125,0.8803878940022202,0.8987968784519186,0.8918280976213026
5,2,1.8988820408519946,0.3154356846473029,4820,2.190152198076248,0.31431535269709543,964,2.1949945190284827,0.3062,0.9672778573115015,0.08428782867131736,,,0.9475997813818642,,0.9476407387235728,0.052359261276427205,0.9915028279685465,0.1442782068792173,10,0.025,0.15,0.913378641828653,0.9303715215187145,1.0,0.9367213957036142,0.9354280558312081,0.9252685404141561,0.935555727151937,0.9269002818394889,0.9110805066180239,0.9106327903759835,0.9211079999587204,0.9155710249770989
5,3,1.9233916405269078,0.30789832047208354,4406,2.191859483718872,0.318955732122588,881,2.194992388351054,0.3062,0.9685478025115616,0.08443022823166789,,,0.9599999999129195,,0.9600270667260814,0.0399729332739186,0.9915096009114268,0.1442785661646911,10,0.025,0.15,0.9074792926493449,0.927292309961451,0.9367213957036142,1.0,0.9361483645585809,0.9313457985732786,0.9311322277286647,0.9350003217765485,0.9210735321666064,0.9072935596748957,0.9222712117059122,0.9205450485981753
5,4,1.9311041987303532,0.3192850194552529,4112,2.198000805718558,0.2846715328467153,822,2.195012379296218,0.3062,0.9695045666110914,0.08424066754146912,,,0.9434929687284402,,0.9435477216088198,0.056452278391180166,0.9914817731155071,0.1442780107938166,10,0.025,0.15,0.8951939250573163,0.9207499160746977,0.9354280558312081,0.9361483645585809,1.0,0.9318990783752077,0.941673817735063,0.9340830122255905,0.9265359912227169,0.9160040773540485,0.9263635857518382,0.923030941799068
5,5,1.9456792216147145,0.2995371560812548,3889,2.1956314699990407,0.33676092544987146,778,2.1950202320195453,0.3062,0.9673829154719253,0.08409244519975832,,,0.9305856997461885,,0.9306250103150633,0.06937498968493672,0.9914813106134602,0.14427707699191047,10,0.025,0.15,0.8831389370381851,0.9141594214529191,0.9252685404141561,0.9313457985732786,0.9318990783752077,1.0,0.9385670930580208,0.936563413099576,0.920345459205559,0.9210806553162983,0.9328371016367438,0.9271762557180108
5,6,1.955049190439027,0.30778765831312316,3711,2.1926819483439126,0.29245283018867924,742,2.1950150924392893,0.3061,0.9723720272350385,0.0843832917611241,,,0.9559127506939837,,0.9559505537125976,0.04404944628740237,0.9915007411379825,0.1442784885598205,10,0.025,0.15,0.8843859564053059,0.9200851420856583,0.935555727151937,0.9311322277286647,0.941673817735063,0.9385670930580208,1.0,0.9422087485499873,0.9269669863701222,0.9247801030706652,0.9380199524994076,0.9363477065075348
5,7,1.9430518312113625,0.3074635241301908,3564,2.195109724998474,0.30014025245441794,713,2.195034941540489,0.3063,0.9716148111487588,0.08414343276798139,,,0.9350257203949656,,0.9350728656071033,0.06492713439289666,0.9914653598237083,0.14427747308646546,10,0.025,0.15,0.8791463447858227,0.9140328657964714,0.9269002818394889,0.9350003217765485,0.9340830122255905,0.936563413099576,0.9422087485499873,1.0,0.9379425236465212,0.9276827686241368,0.9416571908745225,0.9361376620472622
5,8,1.9371072084815413,0.3191514094739901,3441,2.199558695157369,0.2921511627906977,688,2.196359682686721,0.3071,0.9591273465476916,0.08247089827944708,,,0.7893806558491262,,0.7894241719067189,0.21057582809328113,0.9908088741238247,0.1441978556826464,10,0.025,0.15,0.8524567561433817,0.8903026179125,0.9110805066180239,0.9210735321666064,0.9265359912227169,0.920345459205559,0.9269669863701222,0.9379425236465212,1.0,0.9216959280746772,0.9309195976400201,0.9290038285600289
5,9,1.9387840769909046,0.30602879424115176,3334,2.198312997817993,0.3073463268365817,667,2.1957843032064317,0.3075,0.9541502541797267,0.08241666041089107,,,0.7846575975679242,,0.7847039989437375,0.21529600105626245,0.9908536601110672,0.14419219714123138,10,0.025,0.15,0.8468353263834947,0.8803878940022202,0.9106327903759835,0.9072935596748957,0.9160040773540485,0.9210806553162983,0.9247801030706652,0.9276827686241368,0.9216959280746772,1.0,0.9329738190731522,0.9215403476272446
5,10,1.9706217651183788,0.29870410367170624,3241,2.1964719692866006,0.2839506172839506,648,2.1951747363126732,0.3073,0.9659862697915212,0.08353414346630754,,,0.8819685306761798,,0.8820121800267366,0.11798781997326335,0.9913717849538631,0.14426786610632808,10,0.025,0.15,0.866918412417823,0.8987968784519186,0.9211079999587204,0.9222712117059122,0.9263635857518382,0.9328371016367438,0.9380199524994076,0.9416571908745225,0.9309195976400201,0.9329738190731522,1.0,0.9348794756358094
5,11,1.9642610697746277,0.2974042418486863,3159,2.196832036972046,0.3227848101265823,632,2.1952741296985483,0.3071,0.9610280869517719,0.08310493344319382,,,0.8445927265007453,,0.844630390652077,0.155369609347923,0.9911927597145352,0.1442485830961671,10,0.025,0.15,0.8532504574744455,0.8918280976213026,0.9155710249770989,0.9205450485981753,0.923030941799068,0.9271762557180108,0.9363477065075348,0.9361376620472622,0.9290038285600289,0.9215403476272446,0.9348794756358094,1.0
6,0,1.824831897241098,0.3424689554419284,6845,2.157164617018266,0.3476990504017531,1369,2.1608761865881423,0.3236,0.9308078627622419,0.08017213727114676,,,0.55,,0.5500404350481095,0.4499595649518905,0.9882198183923423,0.14250602973496798,10,0.025,0.15,1.0,0.9288659925183365,0.9119289328759529,0.9033242432634272,0.8967405286988849,0.8791339765610208,0.882686731999562,0.8791433430068348,0.8543326694675376,0.847932714185803,0.8690828430373138,0.8598037797402791
6,1,1.8688282475915066,0.3279846659364732,5478,2.165794955359565,0.3156934306569343,1096,2.1569659740109985,0.3253,0.9537013612576446,0.08307259081059257,,,0.8396778151245141,,0.8397121684738658,0.16028783152613424,0.9924345024316558,0.14377297873253217,10,0.025,0.15,0.9288659925183365,1.0,0.9262672971658256,0.9215972888976229,0.9156672441148931,0.90604743275239,0.9139429854952109,0.909781318222178,0.8858440048172159,0.8771142847505001,0.896532595445237,0.8908835430150258
6,2,1.8633502765705712,0.3262863070539419,4820,2.1504776775836945,0.3278008298755187,964,2.1569084427024743,0.3251,0.9643378250752442,0.08411536255265961,,,0.9438228516877551,,0.943861299532934,0.05613870046706604,0.9927044976103894,0.14381463058039853,10,0.025,0.15,0.9119289328759529,0.9262672971658256,1.0,0.9304184175332794,0.9295252030166807,0.9164497348535005,0.9268124648089991,0.921992107384568,0.905290554689842,0.8990175238954664,0.913366351189306,0.9119476872743593
6,3,1.8881361736570086,0.31954153427144805,4406,2.153201239449637,0.3314415437003405,881,2.1569038101389437,0.325,0.9650517651327637,0.08422746576123329,,,0.9550189670836509,,0.9550675842946972,0.04493241570530282,0.9927169513902769,0.1438152974588987,10,0.025,0.15,0.9033242432634272,0.9215972888976229,0.9304184175332794,1.0,0.9302093358491064,0.9199491788038566,0.9213407360875798,0.927569181902126,0.9144390355883092,0.9021068302306857,0.9159949017462594,0.913883482629412
6,4,1.8910941167311235,0.3317120622568093,4112,2.160597256251744,0.31143552311435524,822,2.156929046292848,0.325,0.9682635408243203,0.08421468432980866,,,0.9537424435748635,,0.9537885164463369,0.04621148355366311,0.9927047901070748,0.14381522256418927,10,0.025,0.15,0.8967405286988849,0.9156672441148931,0.9295252030166807,0.9302093358491064,1.0,0.9248597341279097,0.9372378188511088,0.9319229483854999,0.9222858964693768,0.9074096816736945,0.9234405991627939,0.9182043894201919
6,5,1.9114963581485134,0.3109025456415531,3889,2.159029313496181,0.34190231362467866,778,2.1569368326211276,0.3249,0.9613909834577864,0.08389705500874078,,,0.9220197607271297,,0.9220511297057319,0.07794887029426811,0.9926746780475599,0.1438115185337299,10,0.025,0.15,0.8791339765610208,0.90604743275239,0.9164497348535005,0.9199491788038566,0.9248597341279097,1.0,0.9265455196048791,0.9261745204668272,0.9093746545981375,0.9103872129857892,0.9205577633031132,0.9186879935841545
6,6,1.9133599680045554,0.31972514147130154,3711,2.153887907663981,0.3140161725067385,742,2.156931315796285,0.325,0.967464871406624,0.08427733928798725,,,0.9599999999001266,,0.9600270667260814,0.0399729332739186,0.9927169504761848,0.14381545770496967,10,0.025,0.15,0.882686731999562,0.9139429854952109,0.9268124648089991,0.9213407360875798,0.9372378188511088,0.9265455196048791,1.0,0.9346065158874391,0.9175258376471105,0.9119303883253903,0.927511031749234,0.9275773746273075
6,7,1.9070856596742358,0.31579685746352415,3564,2.158043702443441,0.30434782608695654,713,2.1569569080690796,0.3249,0.9685389165618612,0.08416314634646195,,,0.9485951760152348,,0.9486392368503573,0.05136076314964266,0.9926869891655649,0.1438149587011984,10,0.025,0.15,0.8791433430068348,0.909781318222178,0.921992107384568,0.927569181902126,0.9319229483854999,0.9261745204668272,0.9346065158874391,1.0,0.9301477283250913,0.9189430433178982,0.9351806191355744,0.9248562569833002
6,8,1.8984863413704767,0.3273467015402499,3441,2.162545124689738,0.3066860465116279,688,2.15859872479982,0.3254,0.9553119377973546,0.08268773381475417,,,0.8012408837364824,,0.8012906207192487,0.19870937928075127,0.9921082451649517,0.14372871068451049,10,0.025,0.15,0.8543326694675376,0.8858440048172159,0.905290554689842,0.9144390355883092,0.9222858964693768,0.9093746545981375,0.9175258376471105,0.9301477283250913,1.0,0.9112628113092325,0.9204894376821564,0.9181957108032924
6,9,1.897275577209614,0.3241751649670066,3334,2.1601618925730386,0.33883058470764615,667,2.1579156253911274,0.3258,0.9488639907373249,0.08244256571297785,,,0.776755140698393,,0.7767985344358073,0.22320146556419274,0.9920549592403863,0.14369136996001441,10,0.025,0.15,0.847932714185803,0.8771142847505001,0.8990175238954664,0.9021068302306857,0.9074096816736945,0.9103872129857892,0.9119303883253903,0.9189430433178982,0.9112628113092325,1.0,0.9138136770414546,0.9154232606462201
