round,client_id,client_i_training_loss,client_i_training_accuracy,client_i_training_dataset_size,client_i_evaluation_loss,client_i_evaluation_accuracy,client_i_evaluation_dataset_size,client_i_central_evaluation_loss,client_i_central_evaluation_accuracy,client_i_cosine_similarity,client_i_importance_coefficient,client_i_tanh_val,tanh_normalization_value,client_i_q,client_i_mask_order,client_i_v_nonzero_fraction,client_i_v_sparsity,client_i_v_cosine_similarity,client_i_reward_gradient_norm,local_epochs,learning_rate,gamma,client_0_cosine_similarity,client_1_cosine_similarity,client_2_cosine_similarity,client_3_cosine_similarity,client_4_cosine_similarity,client_5_cosine_similarity,client_6_cosine_similarity,client_7_cosine_similarity,client_8_cosine_similarity,client_9_cosine_similarity,client_10_cosine_similarity,client_11_cosine_similarity
0,0,0.27795284857814007,0.9129291453615778,8214,2.1991519817086154,0.3798392987582177,1369,2.1971297599256228,0.3785,0.8033199159850699,0.0849149664834925,,,0.999999999898775,,1.0,0.0,0,0.39479564614736545,5,0.1,0.5,1.0,0.5700871420270814,0.573179161634402,0.5844271338700873,0.5851917796273718,0.5801887246650433,0.5646388395872804,0.5835240405834149,0.5785595656247635,0.5783684017887308,0.5725961078989055,0.5686808556732577
0,1,0.31030620798215414,0.9021904472163067,6574,2.1967074394226076,0.3886861313868613,1096,2.197149918102228,0.3782,0.7910920983074391,0.08362242448671026,,,0.8691624683548415,,0.8691732342753877,0.13082676572461227,0,0.39475102300784787,5,0.1,0.5,0.5700871420270814,1.0,0.5669683917268852,0.5724996404982656,0.5993574273029177,0.5738160075778004,0.5583205352417826,0.5844572014703974,0.5921595962389911,0.590561660171191,0.5826894028202495,0.5857005004139358
0,2,0.33952595859724843,0.8959363652083694,5783,2.196393935911117,0.3848547717842324,964,2.1972160445996365,0.3775,0.785051199549368,0.08298387102206378,,,0.8045249097446309,,0.8045379248029717,0.1954620751970283,0,0.39463383971338406,5,0.1,0.5,0.573179161634402,0.5669683917268852,1.0,0.5891105869776253,0.5742530132033851,0.5704063684905228,0.583898220938686,0.5791133487939587,0.5868175051849551,0.5917962719908216,0.5701966847648285,0.6008893368784853
0,3,0.3385055410787912,0.8923018725174957,5287,2.1977021864482333,0.36662883087400683,881,2.1971294361943254,0.3785,0.7963841864291593,0.0841818248906359,,,0.9257877603581317,,0.9258069374027408,0.07419306259725922,0,0.3947878931137209,5,0.1,0.5,0.5844271338700873,0.5724996404982656,0.5891105869776253,1.0,0.5980406404869405,0.5929788653908679,0.6028586721983252,0.5955847765771008,0.6041927873709217,0.6129369768836547,0.5898940947670142,0.601260430905425
0,4,0.33157065365223154,0.8954812563323201,4935,2.1921649345984826,0.3953771289537713,822,2.197128147362901,0.3785,0.7964580558330323,0.08418963325916905,,,0.9265781622690991,,0.9266000702775965,0.0733999297224035,0,0.394788171247354,5,0.1,0.5,0.5851917796273718,0.5993574273029177,0.5742530132033851,0.5980406404869405,1.0,0.6019728964506409,0.5851578474601241,0.6078845427558933,0.6059545713833164,0.6127841229571679,0.5972164147432157,0.6005133959174118
0,5,0.3569291511040232,0.8898221555603171,4667,2.1921667003631593,0.36889460154241643,778,2.1972331231394513,0.3774,0.7838649101974564,0.08285847425478238,,,0.7918316250888657,,0.7918477988052809,0.2081522011947191,0,0.3945950660024792,5,0.1,0.5,0.5801887246650433,0.5738160075778004,0.5704063684905228,0.5929788653908679,0.6019728964506409,1.0,0.5798167683862384,0.5904142872149223,0.5921237387134749,0.6028185081687463,0.586923175501305,0.6014605325836805
0,6,0.37556206731591374,0.8833146193577364,4453,2.197483718395233,0.37331536388140163,742,2.1975723889689096,0.3757,0.7752825076148293,0.08195127101837567,,,0.7,,0.7,0.30000000000000004,0,0.3940845085204404,5,0.1,0.5,0.5646388395872804,0.5583205352417826,0.583898220938686,0.6028586721983252,0.5851578474601241,0.5798167683862384,1.0,0.5787852096501064,0.5842305579822399,0.6019581516244948,0.5867735148186686,0.5887976359632232
0,7,0.3771819372842116,0.8830021042787001,4277,2.1997249437415083,0.3758765778401122,713,2.1972123601566107,0.3775,0.785206336517749,0.08300026978202016,,,0.8061848738142048,,0.8062045078058331,0.19379549219416692,0,0.3946380687041575,5,0.1,0.5,0.5835240405834149,0.5844572014703974,0.5791133487939587,0.5955847765771008,0.6078845427558933,0.5904142872149223,0.5787852096501064,1.0,0.6085284266372852,0.60551608825735,0.5807184277135876,0.5969312593029847
0,8,0.37544967419611147,0.8832162751271494,4129,2.1962264559485694,0.38808139534883723,688,2.1971767923702448,0.3782,0.7875506408495139,0.08324807457286097,,,0.8312689076166553,,0.8312835701019026,0.16871642989809743,0,0.3946945343348428,5,0.1,0.5,0.5785595656247635,0.5921595962389911,0.5868175051849551,0.6041927873709217,0.6059545713833164,0.5921237387134749,0.5842305579822399,0.6085284266372852,1.0,0.611426333395058,0.5815976474434617,0.6020252531848185
0,9,0.3730319510306886,0.8838290427393152,4001,2.1998318944658553,0.3613193403298351,667,2.197141583354328,0.3783,0.7941177510237817,0.0839422512380287,,,0.9015369233190856,,0.9015561467797801,0.09844385322021987,0,0.3947772249961089,5,0.1,0.5,0.5783684017887308,0.590561660171191,0.5917962719908216,0.6129369768836547,0.6127841229571679,0.6028185081687463,0.6019581516244948,0.60551608825735,0.611426333395058,1.0,0.6015328069933881,0.6206769303364918
0,10,0.38763997197975636,0.882591925944973,3889,2.199451730364845,0.3734567901234568,648,2.197564221799564,0.3756,0.7755922096031891,0.08198400808045783,,,0.7033138082967468,,0.7033281461774007,0.2966718538225993,0,0.39411372757010144,5,0.1,0.5,0.5725961078989055,0.5826894028202495,0.5701966847648285,0.5898940947670142,0.5972164147432157,0.586923175501305,0.5867735148186686,0.5807184277135876,0.5815976474434617,0.6015328069933881,1.0,0.6103169630497987
0,11,0.4070598862376534,0.8696386177789501,3791,2.2001246213912964,0.3623417721518987,632,2.1971919894599306,0.378,0.7863667459512186,0.08312293091140269,,,0.8186012435915535,,0.818618543245821,0.18138145675417905,0,0.3946682308494858,5,0.1,0.5,0.5686808556732577,0.5857005004139358,0.6008893368784853,0.601260430905425,0.6005133959174118,0.6014605325836805,0.5887976359632232,0.5969312593029847,0.6020252531848185,0.6206769303364918,0.6103169630497987,1.0
1,0,0.24904092712190132,0.9222546871195519,8214,2.036548364994138,0.7121986851716582,1369,2.0370500868501753,0.7074,0.7945047741805809,0.08368373859380428,,,0.9217091433186031,,0.9217258169770594,0.07827418302294065,0.9592448642286955,0.40721670969497864,5,0.1,0.5,1.0,0.606774838193073,0.6130454702222374,0.6242365159058121,0.6163802016139461,0.6216200500218992,0.6066855592183878,0.6187547575121467,0.6129884936384297,0.6084493045955495,0.6146141332662441,0.6140313163890018
1,1,0.27887088672972277,0.9148159415880742,6574,2.0381466252463203,0.7208029197080292,1096,2.0371634529802365,0.7073,0.8059424797686464,0.08322774574785428,,,0.8498818900686875,,0.8498920736910798,0.15010792630892023,0.9590741353805896,0.4071588902572473,5,0.1,0.5,0.606774838193073,1.0,0.6180696202489668,0.6302690555430979,0.6353661676890089,0.6354533130362419,0.6201000508184771,0.6324077539522506,0.6158820220965969,0.6332564914004801,0.6233567575481791,0.6246395784251401
1,2,0.297780921359068,0.9101850250734913,5783,2.031423161106725,0.7074688796680498,964,2.0372889045709237,0.7061,0.8061740399503812,0.08281414013541682,,,0.7847314050687765,,0.784739721901511,0.21526027809848902,0.95856238793404,0.407000455077955,5,0.1,0.5,0.6130454702222374,0.6180696202489668,1.0,0.6348745335942724,0.6368969675740476,0.6391545194359367,0.6137126210212379,0.622191232711878,0.6197619708842086,0.6251601160507625,0.6273776172072811,0.6303560605425051
1,3,0.28819933367376943,0.9114053338377152,5287,2.035602228982108,0.699205448354143,881,2.037066039566796,0.7074,0.8207153110983892,0.084110546931911,,,0.9889393002446378,,0.9889463380352392,0.011053661964760764,0.9592663220518308,0.40722553279065193,5,0.1,0.5,0.6242365159058121,0.6302690555430979,0.6348745335942724,1.0,0.6431828369736423,0.6444111177994006,0.6330262179411112,0.6386855337863869,0.6413038108907143,0.6423984541866475,0.6403710218858271,0.6449508523673047
1,4,0.2970312383458499,0.9092198581560283,4935,2.0351270758188686,0.7141119221411192,822,2.037064634192104,0.7074,0.8225873959246347,0.08418076540275062,,,0.9999999998424816,,1.0,0.0,0.9592661985578477,0.40722556189625997,5,0.1,0.5,0.6163802016139461,0.6353661676890089,0.6368969675740476,0.6431828369736423,1.0,0.6485975785228248,0.6308966474391078,0.6480700538900159,0.6396566425737386,0.6474835435220603,0.6406561949364075,0.648928115492228
1,5,0.3111053091945918,0.9056353117634455,4667,2.031024737358093,0.7339331619537275,778,2.0372336565876923,0.7069,0.8234353477991183,0.08333123663246834,,,0.866183606300102,,0.8662014959088399,0.13379850409116012,0.9587446939799567,0.40717976703642245,5,0.1,0.5,0.6216200500218992,0.6354533130362419,0.6391545194359367,0.6444111177994006,0.6485975785228248,1.0,0.6360083441766197,0.6410644853960493,0.638814043054407,0.6475347619230427,0.6484507767058385,0.6489857186432871
1,6,0.3229009999175157,0.9013698630136986,4453,2.040996809800466,0.6994609164420486,742,2.0382028189710915,0.7062,0.8103156627852659,0.08227622572562839,,,0.7,,0.7,0.30000000000000004,0.9572356137936253,0.40648990030849586,5,0.1,0.5,0.6066855592183878,0.6201000508184771,0.6137126210212379,0.6330262179411112,0.6308966474391078,0.6360083441766197,1.0,0.6411431608469745,0.631780819762945,0.6415635267223663,0.6350333329988815,0.6361979360262023
1,7,0.33345011871919705,0.8982464344166472,4277,2.0425646875215615,0.7040673211781207,713,2.0372113732103343,0.7068,0.818694070340948,0.0832600895834269,,,0.8549766385705152,,0.8549871994377792,0.14501280056222077,0.9588561457179205,0.4071658756908229,5,0.1,0.5,0.6187547575121467,0.6324077539522506,0.622191232711878,0.6386855337863869,0.6480700538900159,0.6410644853960493,0.6411431608469745,1.0,0.6363194370093674,0.6412248049685848,0.6396827925341024,0.6436322208701993
1,8,0.33303679473053377,0.900314846209736,4129,2.0355460806326433,0.7122093023255814,688,2.0371830977570897,0.7069,0.8126234299916841,0.08321274251795187,,,0.8475186056370592,,0.8475327543798002,0.15246724562019975,0.9589613409610453,0.4071556705229584,5,0.1,0.5,0.6129884936384297,0.6158820220965969,0.6197619708842086,0.6413038108907143,0.6396566425737386,0.638814043054407,0.631780819762945,0.6363194370093674,1.0,0.6300150226124827,0.6413451016294394,0.6350319488413672
1,9,0.3213313090578017,0.8996250937265684,4001,2.0420644737425304,0.6911544227886057,667,2.037070416794798,0.7074,0.8195322136959916,0.0839112329494848,,,0.9575436851179345,,0.9575573515385774,0.04244264846142265,0.9592391429035074,0.4072241382179319,5,0.1,0.5,0.6084493045955495,0.6332564914004801,0.6251601160507625,0.6423984541866475,0.6474835435220603,0.6475347619230427,0.6415635267223663,0.6412248049685848,0.6300150226124827,1.0,0.644322337675709,0.6461962064465846
1,10,0.3453003604362001,0.8951401388531757,3889,2.040618368557521,0.6990740740740741,648,2.0379314178856798,0.7053,0.8184205256441925,0.08257951911595045,,,0.7477742827528423,,0.7477887656242157,0.2522112343757843,0.9575329080464423,0.4068343762404447,5,0.1,0.5,0.6146141332662441,0.6233567575481791,0.6273776172072811,0.6403710218858271,0.6406561949364075,0.6484507767058385,0.6350333329988815,0.6396827925341024,0.6413451016294394,0.644322337675709,1.0,0.649816479703979
1,11,0.3502545047207039,0.893801107887101,3791,2.0408854246139527,0.6693037974683544,632,2.0371586042471206,0.7072,0.8207350101034763,0.08341201666335205,,,0.8789079457000581,,0.8789167210481401,0.12108327895185989,0.958953819610388,0.40719215516144663,5,0.1,0.5,0.6140313163890018,0.6246395784251401,0.6303560605425051,0.6449508523673047,0.648928115492228,0.6489857186432871,0.6361979360262023,0.6436322208701993,0.6350319488413672,0.6461962064465846,0.649816479703979,1.0
2,0,0.23030585822239807,0.9300706111516922,8214,1.8512104611064113,0.8517165814463111,1369,1.8541906028509902,0.8529,0.7987724244527088,0.08408137030759151,,,0.9715297615048581,,0.971547613071633,0.028452386928367046,0.964123897722928,0.39210504217331804,5,0.1,0.5,1.0,0.6180064799385104,0.6179470887248142,0.633991595412706,0.6217853463609295,0.629083873798987,0.6102463388005598,0.6140958374319767,0.3517791555988185,0.576925509937426,0.6214146283436495,0.6196296192871997
2,1,0.2592185317629098,0.922056586553088,6574,1.8553531987326486,0.8622262773722628,1096,1.8543319892578614,0.8525,0.8052103988355686,0.08400302188230113,,,0.9694239655463104,,0.9694292455198033,0.03057075448019675,0.9640113803180891,0.39210491311912427,5,0.1,0.5,0.6180064799385104,1.0,0.6263159387426066,0.6371866292952806,0.6316619862516718,0.6393153789803018,0.614946299651148,0.6196753275708788,0.3477772341770262,0.5915637013819002,0.6268512549926829,0.6242044620093851
2,2,0.2718073072796945,0.9191077295521356,5783,1.843750334555103,0.8547717842323651,964,1.85443056467623,0.8524,0.8068321495712274,0.0837834961771909,,,0.9635237021918757,,0.9635359670699262,0.03646403293007383,0.9635653963333572,0.39210451902634613,5,0.1,0.5,0.6179470887248142,0.6263159387426066,1.0,0.640532092388332,0.6343258382027317,0.6417506902488217,0.6154495980779537,0.6222747158532194,0.36088478979948097,0.5823322445203374,0.6289512234548852,0.6239096456821445
2,3,0.25992157459595655,0.9203707206355211,5287,1.851734689303807,0.8558456299659478,881,1.8542077449944834,0.8529,0.8207569647402498,0.08514063644521311,,,0.9999999999731226,,1.0,0.0,0.9641532081460068,0.39210543379693796,5,0.1,0.5,0.633991595412706,0.6371866292952806,0.640532092388332,1.0,0.6457187023068252,0.6504450655561802,0.6276296992069927,0.634164715806771,0.3579456030580804,0.6028914187595544,0.6427139958241866,0.6468536755026294
2,4,0.25855296434293834,0.9218237082066869,4935,1.856183987397414,0.8272506082725061,822,1.8542066644936706,0.8529,0.8183662259567285,0.08510344592601565,,,0.9990004183640215,,0.9990161136489132,0.0009838863510868157,0.9641533193120317,0.3921054337922355,5,0.1,0.5,0.6217853463609295,0.6316619862516718,0.6343258382027317,0.6457187023068252,1.0,0.6488761447283178,0.6250994647546542,0.6444865701813823,0.36021328455969853,0.6050681401641173,0.6399568181987093,0.6400365445733317
2,5,0.2790521065449368,0.9190057853010499,4667,1.846812515258789,0.8830334190231363,778,1.8543826661551723,0.8524,0.8219003029438766,0.0846596969729681,,,0.9870736342777549,,0.9870890015561468,0.012910998443853239,0.9640559019875178,0.3921054019079684,5,0.1,0.5,0.629083873798987,0.6393153789803018,0.6417506902488217,0.6504450655561802,0.6488761447283178,1.0,0.6314335655043353,0.6460013961762409,0.35502380898960595,0.6009483974704464,0.6430958457148988,0.6481963124907256
2,6,0.28635315838136843,0.9130473837862115,4453,1.8606985410054524,0.8679245283018868,742,1.8556171575674234,0.852,0.8018262206589228,0.08324755010373418,,,0.9491189062907216,,0.9491290597861554,0.05087094021384464,0.9622849740731235,0.3921028892416598,5,0.1,0.5,0.6102463388005598,0.614946299651148,0.6154495980779537,0.6276296992069927,0.6250994647546542,0.6314335655043353,1.0,0.6231028010931934,0.3568295183692137,0.588791742285098,0.6281840354271888,0.6285052892865373
2,7,0.2885045652486273,0.9119476268412439,4277,1.8624686469202456,0.8513323983169705,713,1.8543555744158955,0.8525,0.8098391928032818,0.08418758017523396,,,0.9743843984578083,,0.974393855730134,0.02560614426986596,0.9640279069274125,0.3921051622332907,5,0.1,0.5,0.6140958374319767,0.6196753275708788,0.6222747158532194,0.634164715806771,0.6444865701813823,0.6460013961762409,0.6231028010931934,1.0,0.35342714856364327,0.5885799324748391,0.6377144643924072,0.6375008310423699
2,8,0.43027739862983044,0.895761685638169,4129,1.8533008098602295,0.8357558139534884,688,1.8550213483956675,0.8515,0.520706221832643,0.0739788106806613,,,0.7,,0.7,0.30000000000000004,0.9624602436635495,0.3913281633893419,5,0.1,0.5,0.3517791555988185,0.3477772341770262,0.36088478979948097,0.3579456030580804,0.36021328455969853,0.35502380898960595,0.3568295183692137,0.35342714856364327,1.0,0.33675336469133105,0.36207905561768094,0.35851184686399173
2,9,0.32631379434934055,0.905023744063984,4001,1.8606066874095373,0.8350824587706147,667,1.85422099512606,0.8529,0.773884522130133,0.08335749108896477,,,0.9520738256974526,,0.9520907584960594,0.0479092415039406,0.9641393241011404,0.39210331535914195,5,0.1,0.5,0.576925509937426,0.5915637013819002,0.5823322445203374,0.6028914187595544,0.6050681401641173,0.6009483974704464,0.588791742285098,0.5885799324748391,0.33675336469133105,1.0,0.5988457841129421,0.6065377369482706
2,10,0.3073381735134076,0.9092311648238621,3889,1.8590023744673956,0.8533950617283951,648,1.8552727912561582,0.8519,0.8156126923512037,0.0839356511292577,,,0.9676132200341017,,0.9676271271522514,0.03237287284774859,0.9631226002334031,0.39210481205675035,5,0.1,0.5,0.6214146283436495,0.6268512549926829,0.6289512234548852,0.6427139958241866,0.6399568181987093,0.6430958457148988,0.6281840354271888,0.6377144643924072,0.36207905561768094,0.5988457841129421,1.0,0.6484886527730886
2,11,0.3116006515231453,0.905565813769454,3791,1.8587929487228394,0.8481012658227848,632,1.854295388578226,0.8526,0.8164321592847179,0.08452124911086761,,,0.9833525263244007,,0.9833642889413182,0.01663571105868178,0.9640807367328581,0.3921053644411933,5,0.1,0.5,0.6196296192871997,0.6242044620093851,0.6239096456821445,0.6468536755026294,0.6400365445733317,0.6481963124907256,0.6285052892865373,0.6375008310423699,0.35851184686399173,0.6065377369482706,0.6484886527730886,1.0
3,0,0.21438960616118075,0.9349890430971513,8214,1.6272874322048454,0.8991964937910883,1369,1.63324195508378,0.9038,0.7975412842069499,0.08374850934678114,,,0.9437274305848112,,0.9437427839967873,0.05625721600321265,0.9660514905472728,0.3999185553214901,5,0.1,0.5,1.0,0.6199490968059477,0.6236172674555285,0.6252248499171484,0.6032410146855965,0.6175736116669175,0.603152918770753,0.6078828090461744,0.61923048770195,0.5146918670430493,0.6102310786189356,0.6072723193608377
3,1,0.23328308878258522,0.9303316093702464,6574,1.6342467887060983,0.9105839416058394,1096,1.6334054980415125,0.9037,0.8037983326111096,0.0839152459666483,,,0.950349065397694,,0.9503639375533357,0.0496360624466643,0.9660506911104821,0.3999197271807908,5,0.1,0.5,0.6199490968059477,1.0,0.6275598352397167,0.6236183683898296,0.6147890330587166,0.6267382978516001,0.5993819230281913,0.6154817687178714,0.6323534323779189,0.520908482862137,0.6128694161444171,0.6196474127109303
3,2,0.24487568412531804,0.9273387515130556,5783,1.6166307349358835,0.9076763485477178,964,1.6334786769300222,0.9034,0.8108251318151924,0.08401510449625572,,,0.9543147612150771,,0.9543245820992922,0.04567541790070784,0.9660516562470646,0.3999203157443835,5,0.1,0.5,0.6236172674555285,0.6275598352397167,1.0,0.638342402386926,0.6282066668365516,0.6368393372125555,0.6118095542879817,0.6149516437598794,0.6246867298569224,0.5223966937625021,0.6238901643060514,0.6275883780104432
3,3,0.24068422492885266,0.9264233024399471,5287,1.629938883440835,0.9046538024971623,881,1.6332562830501471,0.9037,0.8179387117824936,0.08516548540693057,,,0.9999999999602869,,1.0,0.0,0.9660598191140534,0.39992251209547447,5,0.1,0.5,0.6252248499171484,0.6236183683898296,0.638342402386926,1.0,0.6293442098579987,0.6384633134247198,0.6231311152851511,0.6253939464378969,0.6462136055558203,0.5386285420792286,0.6256328225092889,0.6305121526983758
3,4,0.23469947904108032,0.9289969604863222,4935,1.639953118104201,0.8795620437956204,822,1.6332539925560021,0.9037,0.8085749579062336,0.08481335678835616,,,0.9860158666533846,,0.9860348376085538,0.013965162391446184,0.9660600459844831,0.3999224413136043,5,0.1,0.5,0.6032410146855965,0.6147890330587166,0.6282066668365516,0.6293442098579987,1.0,0.638026974882664,0.6083992716846653,0.626889474963573,0.634088489262457,0.5287820389250004,0.614531035669671,0.6275614816445725
3,5,0.25148087664418023,0.9258624383972573,4667,1.624672966003418,0.9215938303341902,778,1.6334426052654132,0.9036,0.8180452327766463,0.08484968884576227,,,0.9874587267541568,,0.987470508508609,0.012529491491391043,0.9660591562925347,0.3999224578023604,5,0.1,0.5,0.6175736116669175,0.6267382978516001,0.6368393372125555,0.6384633134247198,0.638026974882664,1.0,0.6222428532458402,0.6258230448620589,0.6415443915379043,0.5344354985733649,0.6289474953388621,0.6362132818555131
3,6,0.2654120986815542,0.9205030316640467,4453,1.6414389163255692,0.9002695417789758,742,1.634933720381496,0.9028,0.7974999930549118,0.08319310126420931,,,0.9216704313614599,,0.9216856583504844,0.07831434164951556,0.9660363442127246,0.3999122002152491,5,0.1,0.5,0.603152918770753,0.5993819230281913,0.6118095542879817,0.6231311152851511,0.6083992716846653,0.6222428532458402,1.0,0.6127989385105289,0.626445564898736,0.5283710700085202,0.6084908157608594,0.6122061475533203
3,7,0.26931208314151683,0.9193827449146598,4277,1.6449839965156887,0.9116409537166901,713,1.6334103418234438,0.9037,0.8048647961629406,0.08407515157260502,,,0.9566994191953284,,0.956714020380503,0.043285979619496984,0.9660543969947243,0.39992063609845097,5,0.1,0.5,0.6078828090461744,0.6154817687178714,0.6149516437598794,0.6253939464378969,0.626889474963573,0.6258230448620589,0.6127989385105289,1.0,0.6268046001175778,0.526085945864909,0.6192673278407906,0.6205281279084739
3,8,0.26066216013181615,0.9230806490675708,4129,1.6336848573251204,0.9011627906976745,688,1.6351164446090356,0.9028,0.8139748341986045,0.07761131074054654,,,0.7,,0.7,0.30000000000000004,0.9641219008064645,0.3990351117755826,5,0.1,0.5,0.61923048770195,0.6323534323779189,0.6246867298569224,0.6462136055558203,0.634088489262457,0.6415443915379043,0.626445564898736,0.6268046001175778,1.0,0.5355865693760838,0.6305494975174549,0.6361247871421155
3,9,0.3167714032209164,0.9112721819545113,4001,1.641667990457444,0.8950524737631185,667,1.6333078519223978,0.9039,0.7094332999325885,0.08018673329889157,,,0.8022781179311896,,0.8022990813714171,0.19770091862858286,0.9656717782741013,0.3997152261106384,5,0.1,0.5,0.5146918670430493,0.520908482862137,0.5223966937625021,0.5386285420792286,0.5287820389250004,0.5344354985733649,0.5283710700085202,0.526085945864909,0.5355865693760838,1.0,0.5278257711826726,0.5320631698988059
3,10,0.2718596728259056,0.920699408588326,3889,1.6376533394768125,0.8966049382716049,648,1.6344873360551584,0.9031,0.8054284758737034,0.08392748780240113,,,0.9508352271410416,,0.9508508609005571,0.04914913909944285,0.9660531591399635,0.39991980534343324,5,0.1,0.5,0.6102310786189356,0.6128694161444171,0.6238901643060514,0.6256328225092889,0.614531035669671,0.6289474953388621,0.6084908157608594,0.6192673278407906,0.6305494975174549,0.5278257711826726,1.0,0.6267199193737125
3,11,0.28685077138307713,0.9130044843049328,3791,1.6397827923297883,0.9161392405063291,632,1.6333443676701749,0.9037,0.8106415239652808,0.0844988244706122,,,0.9735248005240036,,0.973535465087094,0.026464534912906013,0.9660574996968257,0.39992205288172655,5,0.1,0.5,0.6072723193608377,0.6196474127109303,0.6275883780104432,0.6305121526983758,0.6275614816445725,0.6362132818555131,0.6122061475533203,0.6205281279084739,0.6361247871421155,0.5320631698988059,0.6267199193737125,1.0
4,0,0.19864672790698215,0.9403214024835647,8214,1.380563223084738,0.9225712198685172,1369,1.3886421983615278,0.924,0.7856312213698481,0.08343646675464594,,,0.9192006879269837,,0.9192159028161236,0.08078409718387636,0.9679314663150267,0.3954246828473629,5,0.1,0.5,1.0,0.5982727990262092,0.6023663370273719,0.6000814946916643,0.5967128103391662,0.5991704854548277,0.573222937861333,0.5883364396817152,0.5862886817008498,0.52688027234198,0.5961718055955283,0.5831830726773507
4,1,0.21725795576801,0.935807727411013,6574,1.3890562261853898,0.9251824817518248,1096,1.3888324095418279,0.9238,0.7941002765433853,0.08384497096423406,,,0.9396366318155293,,0.9396516239144621,0.06034837608553789,0.9679467633682631,0.39543122040959944,5,0.1,0.5,0.5982727990262092,1.0,0.6018431116006688,0.6071137982435225,0.6050671842835674,0.6065244663364073,0.5794535375017548,0.5951856796794199,0.6042185765721744,0.5352868634108926,0.5996907913444292,0.598428959136465
4,2,0.2243009799648879,0.9335293100466886,5783,1.3669097423553467,0.9263485477178424,964,1.3888842533952512,0.9237,0.8012401289385332,0.08416220938995261,,,0.9555068885108315,,0.9555293408965413,0.04447065910345871,0.9679577401480596,0.39543392319140014,5,0.1,0.5,0.6023663370273719,0.6018431116006688,1.0,0.6195737094623176,0.6127554128001178,0.6163439827873216,0.5906000701747175,0.5944849119639745,0.5992084484875713,0.5464472786031089,0.605112810290941,0.6089402101557383
4,3,0.22332035057830163,0.9328541706071496,5287,1.3852602456297194,0.9216799091940976,881,1.3886649730487373,0.924,0.8047190643914319,0.08505160424343673,,,0.9999999999499737,,1.0,0.0,0.96796877904335,0.39543557296278775,5,0.1,0.5,0.6000814946916643,0.6071137982435225,0.6195737094623176,1.0,0.6180000038706162,0.6127296687481886,0.5867845541917769,0.6092852648281764,0.6101954299032315,0.543939061214825,0.6051677385499654,0.6129824040567021
4,4,0.2147961579948183,0.9348733535967578,4935,1.3989623555770287,0.9063260340632603,822,1.3886622830320852,0.924,0.8050914117151526,0.08482981532124556,,,0.9889047263576409,,0.9889162190653079,0.011083780934692089,0.9679680878720259,0.39543554523327445,5,0.1,0.5,0.5967128103391662,0.6050671842835674,0.6127554128001178,0.6180000038706162,1.0,0.6158336261517573,0.5938971186210937,0.6123712345457533,0.6082223256448194,0.5429328235785427,0.609429093361755,0.6155544457633485
4,5,0.23443812157142244,0.9329762159845725,4667,1.3777653741836549,0.9357326478149101,778,1.388868609556375,0.9237,0.804270981218791,0.08482524757103226,,,0.9886762188297746,,0.9886903267908238,0.011309673209176196,0.9679684145355665,0.3954355444382526,5,0.1,0.5,0.5991704854548277,0.6065244663364073,0.6163439827873216,0.6127296687481886,0.6158336261517573,1.0,0.5920266830024982,0.606625428916005,0.5991698343125885,0.5471703154007408,0.6134544895376273,0.6134249564332819
4,6,0.245512833794845,0.9251740399730519,4453,1.3978282411893208,0.9204851752021563,742,1.3905481557114818,0.9234,0.7778109210764341,0.08279150353524228,,,0.8869355806097337,,0.8869484463631344,0.11305155363686559,0.9678831262410231,0.3954036355036791,5,0.1,0.5,0.573222937861333,0.5794535375017548,0.5906000701747175,0.5867845541917769,0.5938971186210937,0.5920266830024982,1.0,0.5829683719202914,0.5831101309652224,0.5245229343116469,0.5831531200761046,0.5900117746383371
4,7,0.24204147505059617,0.929249473930325,4277,1.4024421443109927,0.9368863955119214,713,1.3888225722998475,0.9238,0.794155408844548,0.08395355877850588,,,0.9450688756635823,,0.9450880979870488,0.05491190201295115,0.9679518466051829,0.3954323567370062,5,0.1,0.5,0.5883364396817152,0.5951856796794199,0.5944849119639745,0.6092852648281764,0.6123712345457533,0.606625428916005,0.5829683719202914,1.0,0.5984337279420752,0.5344113739477081,0.6023522586883107,0.605762041075066
4,8,0.250987833929903,0.9269556793412449,4129,1.3906190937215632,0.9229651162790697,688,1.3912737651374012,0.9227,0.7911336560373163,0.07953628703426917,,,0.7240892250580288,,0.7241052156016264,0.27589478439837356,0.9660084364498192,0.39482717631971387,5,0.1,0.5,0.5862886817008498,0.6042185765721744,0.5992084484875713,0.6101954299032315,0.6082223256448194,0.5991698343125885,0.5831101309652224,0.5984337279420752,1.0,0.5333521198603186,0.6042693862302975,0.6062556802233
4,9,0.23907334913011355,0.9298175456135966,4001,1.4003817183630807,0.9160419790104948,667,1.3896361440896225,0.9236,0.7284832507859417,0.07905475557697074,,,0.7,,0.7,0.30000000000000004,0.9660902391349288,0.39461400313553746,5,0.1,0.5,0.52688027234198,0.5352868634108926,0.5464472786031089,0.543939061214825,0.5429328235785427,0.5471703154007408,0.5245229343116469,0.5344113739477081,0.5333521198603186,1.0,0.5470683529039151,0.5481733317375184
4,10,0.24978409181119965,0.9285163281049112,3889,1.393749747957502,0.9182098765432098,648,1.3900178484261607,0.9231,0.7991399715333289,0.08403004814700336,,,0.9488953538393174,,0.9489031675116711,0.05109683248832886,0.96795509638238,0.39543298938505267,5,0.1,0.5,0.5961718055955283,0.5996907913444292,0.605112810290941,0.6051677385499654,0.609429093361755,0.6134544895376273,0.5831531200761046,0.6023522586883107,0.6042693862302975,0.5470683529039151,1.0,0.6129960873932444
4,11,0.2602932976292712,0.9219203376417832,3791,1.3966747224330902,0.9335443037974683,632,1.3887606695437202,0.9238,0.8012029794275165,0.08448353268346134,,,0.9715814959251541,,0.9715978113548517,0.02840218864514832,0.9679695274137566,0.3954351522198106,5,0.1,0.5,0.5831830726773507,0.598428959136465,0.6089402101557383,0.6129824040567021,0.6155544457633485,0.6134249564332819,0.5900117746383371,0.605762041075066,0.6062556802233,0.5481733317375184,0.6129960873932444,1.0
5,0,0.18806936052421303,0.9428536644752861,8214,1.16565468976664,0.9327976625273923,1369,1.1755024880266036,0.9363,0.7769250021759571,0.08461966165970725,,,0.9653326389906903,,0.9653531449224436,0.03464685507755638,0.9607539524502393,0.3725139485301637,5,0.1,0.5,1.0,0.5814162660475648,0.5856280117188662,0.5880750646746613,0.5813924059196985,0.5841805029100265,0.5654198782091737,0.5801368927417282,0.37776383059077845,0.3288003975834287,0.57418601002062,0.5760286285725085
5,1,0.20518788616760697,0.9379677517493155,6574,1.1754592759268625,0.9370437956204379,1096,1.1757128592878103,0.9364,0.7820274205774607,0.08508047740596221,,,0.9750347283827236,,0.9750564730686211,0.024943526931378912,0.960778922582109,0.3725143857711782,5,0.1,0.5,0.5814162660475648,1.0,0.5821755414399619,0.5868870146743419,0.5868487631188085,0.5897718171068936,0.5679126846916277,0.5823999409864551,0.38531366679625756,0.33746086491744204,0.5814016786450995,0.5854633587146951
5,2,0.20924841825340912,0.9384748400484177,5783,1.1493556345662763,0.9377593360995851,964,1.175749407027857,0.936,0.7849691259192905,0.08540177447044867,,,0.9817993688412568,,0.9818131619898599,0.018186838010140094,0.9607877409189104,0.3725145615486085,5,0.1,0.5,0.5856280117188662,0.5821755414399619,1.0,0.5929958658467981,0.5854609946711762,0.5960628561523198,0.5799160272270669,0.5824695679531797,0.382919062325054,0.3293786803127106,0.5822500243566643,0.5917450288089162
5,3,0.2002319645585425,0.9383771515036883,5287,1.173154158251626,0.9353007945516458,881,1.1755303890941242,0.9363,0.7922028368869246,0.08626624160542605,,,0.9999999999789458,,1.0,0.0,0.9607951081102811,0.37251468398111526,5,0.1,0.5,0.5880750646746613,0.5868870146743419,0.5929958658467981,1.0,0.5963823776452832,0.5954525599029804,0.5884158613237532,0.5949641140299814,0.3884118405338334,0.33618843384393005,0.5837973213234372,0.5999777639839579
5,4,0.19502317370366185,0.9413981762917933,4935,1.190197651202862,0.9197080291970803,822,1.1755271765370718,0.9363,0.788173704583595,0.08597095547261216,,,0.9937829978906467,,0.993795492194167,0.006204507805833037,0.9607947228570968,0.37251467890038675,5,0.1,0.5,0.5813924059196985,0.5868487631188085,0.5854609946711762,0.5963823776452832,1.0,0.6007824337061841,0.5819153394746496,0.6002428123289819,0.37983158997478444,0.32445765113085406,0.586630644044553,0.5916599058379657
5,5,0.2158977759995638,0.9369187915148918,4667,1.162873339653015,0.9447300771208226,778,1.175738403591485,0.9361,0.790940088348962,0.0860669443113227,,,0.9958039624548478,,0.995823502836203,0.004176497163796977,0.9607948690000476,0.37251468237327007,5,0.1,0.5,0.5841805029100265,0.5897718171068936,0.5960628561523198,0.5954525599029804,0.6007824337061841,1.0,0.5823004309041054,0.589131816323775,0.38040431400814645,0.33938146156326454,0.5911317997360489,0.5924801474829714
5,6,0.21903927058646722,0.9348753649225241,4453,1.1850164532661438,0.9339622641509434,742,1.177480388754092,0.9362,0.7740190381160907,0.08407658875761678,,,0.953898694110783,,0.9539079363485768,0.046092063651423154,0.9607128793246865,0.3725129216215642,5,0.1,0.5,0.5654198782091737,0.5679126846916277,0.5799160272270669,0.5884158613237532,0.5819153394746496,0.5823004309041054,1.0,0.5712964168898621,0.37508826195520534,0.33650207194036097,0.5740878521481455,0.5780256934244912
5,7,0.22191746267837598,0.9337386018237082,4277,1.189790077831434,0.9453015427769986,713,1.1756962031221236,0.9361,0.7847053526607072,0.08525031369829437,,,0.9786104892016834,,0.9786255710054717,0.02137442899452835,0.9607817279388706,0.3725144895713471,5,0.1,0.5,0.5801368927417282,0.5823999409864551,0.5824695679531797,0.5949641140299814,0.6002428123289819,0.589131816323775,0.5712964168898621,1.0,0.3881558655326338,0.3270333334131195,0.5865126360905434,0.587257395152903
5,8,0.3810094131185458,0.9088399128118189,4129,1.1770186153325168,0.936046511627907,688,1.178010927602506,0.9359,0.5638697432336723,0.07433302802252961,,,0.7487561875519522,,0.7487676321469806,0.2512323678530194,0.9592667777129253,0.37200838944760856,5,0.1,0.5,0.37776383059077845,0.38531366679625756,0.382919062325054,0.3884118405338334,0.37983158997478444,0.38040431400814645,0.37508826195520534,0.3881558655326338,1.0,0.24143713091361024,0.37957327509439653,0.38306320100464997
5,9,0.37435190991372874,0.9127718070482379,4001,1.1886624211356753,0.9370314842578711,667,1.1765912329426969,0.936,0.5083730216024741,0.07201727746165056,,,0.7,,0.7,0.30000000000000004,0.9585471002550383,0.37160011760363904,5,0.1,0.5,0.3288003975834287,0.33746086491744204,0.3293786803127106,0.33618843384393005,0.32445765113085406,0.33938146156326454,0.33650207194036097,0.3270333334131195,0.24143713091361024,1.0,0.3325962086191708,0.3418076035362262
5,10,0.2326143039787402,0.9321162252507071,3889,1.1796092362630934,0.9367283950617284,648,1.1769329945500286,0.9358,0.7815364596776757,0.08518885744199456,,,0.9773165792232021,,0.9773304552984288,0.02266954470157123,0.960785761171533,0.37251445210618717,5,0.1,0.5,0.57418601002062,0.5814016786450995,0.5822500243566643,0.5837973213234372,0.586630644044553,0.5911317997360489,0.5740878521481455,0.5865126360905434,0.37957327509439653,0.3325962086191708,1.0,0.5890651193544372
5,11,0.23982972329592003,0.9260881034027961,3791,1.1863561511039733,0.939873417721519,632,1.175634148783577,0.9363,0.7879674418998361,0.08572787969243512,,,0.9886652410269066,,0.9886752673058581,0.011324732694141915,0.9607959378288612,0.3725146542722448,5,0.1,0.5,0.5760286285725085,0.5854633587146951,0.5917450288089162,0.5999777639839579,0.5916599058379657,0.5924801474829714,0.5780256934244912,0.587257395152903,0.38306320100464997,0.3418076035362262,0.5890651193544372,1.0
6,0,0.17632159912335443,0.946554662770879,8214,0.9466324157493059,0.9430241051862673,1369,0.9581751697741377,0.9455,0.7679590110217398,0.08494000469010907,,,0.9705445842326987,,0.9705637267205461,0.029436273279453862,0.9579829433446495,0.3753422061808303,5,0.1,0.5,1.0,0.5587483775068771,0.5634553488454432,0.5706694414042376,0.5561691201890266,0.5630084956714934,0.5569935059914772,0.5646355938318778,0.4385502520735168,0.40115371329667093,0.5573351633342529,0.5457348466967441
6,1,0.19288635766111062,0.9423790690599331,6574,0.9575164794921875,0.9498175182481752,1096,0.9583925658140701,0.9455,0.769039457187745,0.0852916710560366,,,0.9770097956315473,,0.9770292655991165,0.022970734400883486,0.9579819911145948,0.3753427066652047,5,0.1,0.5,0.5587483775068771,1.0,0.5585862335316831,0.5677802596324334,0.5635208337173725,0.5639581531828926,0.5528657618750028,0.564118974531618,0.4470598378773578,0.40722411280608867,0.5459863983086759,0.555617330509778
6,2,0.19648947692810667,0.941206985993429,5783,0.9283193445974781,0.9491701244813278,964,0.9584247426103099,0.9454,0.7762707293909855,0.08576847253289452,,,0.98577555386674,,0.985793885849104,0.01420611415089601,0.9579853724421322,0.3753430422384093,5,0.1,0.5,0.5634553488454432,0.5585862335316831,1.0,0.5801640523632096,0.5732166930179171,0.5714053206060554,0.5671183727066953,0.5554008574143608,0.44175296462467706,0.4153243481239801,0.5601918734798708,0.5613488491554222
6,3,0.19227256744269686,0.9424626442216758,5287,0.9576733814818519,0.9443813847900113,881,0.9582092057401761,0.9455,0.7814864261009101,0.08654219190012839,,,0.9999999999816156,,1.0,0.0,0.9579859971483806,0.3753431592679752,5,0.1,0.5,0.5706694414042376,0.5677802596324334,0.5801640523632096,1.0,0.5761342634015411,0.5656319387195445,0.5675978297169337,0.5687427598069078,0.4533044586008213,0.40516205491216994,0.5583893733918242,0.575986392315462
6,4,0.18269984155652985,0.9458156028368795,4935,0.976087959913107,0.9318734793187348,822,0.958206372139172,0.9455,0.7781418767746476,0.0862220226413235,,,0.9941138472466884,,0.9941268008634104,0.005873199136589569,0.9579862324803686,0.37534314914343586,5,0.1,0.5,0.5561691201890266,0.5635208337173725,0.5732166930179171,0.5761342634015411,1.0,0.570217712811082,0.5641401821997319,0.574461294606864,0.4391650059660251,0.41224107652340286,0.558974076359098,0.5724531367184021
6,5,0.200325775911955,0.9406470966359546,4667,0.9436763191223144,0.9485861182519281,778,0.9584202705480801,0.9454,0.776167771964278,0.08621664833440439,,,0.9940150432844079,,0.9940264042969731,0.005973595703026913,0.957986219109009,0.3753431489627978,5,0.1,0.5,0.5630084956714934,0.5639581531828926,0.5714053206060554,0.5656319387195445,0.570217712811082,1.0,0.5595573996300106,0.5710100663502257,0.44411648910858953,0.40854058436662605,0.5599827483582214,0.5656127020303094
6,6,0.20508174368147072,0.9382438805299798,4453,0.9667597661415736,0.9420485175202157,742,0.9601253684336385,0.9454,0.7697654840335041,0.08463567672770332,,,0.9649496658607228,,0.9649565784850158,0.035043421514984185,0.9579811377035453,0.375341562266649,5,0.1,0.5,0.5569935059914772,0.5528657618750028,0.5671183727066953,0.5675978297169337,0.5641401821997319,0.5595573996300106,1.0,0.5648415680055862,0.43884689635354024,0.4047620583630971,0.5558784287093301,0.5630651801869743
6,7,0.20471993676706482,0.9383680149637597,4277,0.9723008352777233,0.9509116409537167,713,0.9583785356804967,0.9454,0.7741456451257539,0.08558960511076895,,,0.9824871651880025,,0.9824958586416345,0.017504141358365533,0.9579822587986135,0.3753429412427742,5,0.1,0.5,0.5646355938318778,0.564118974531618,0.5554008574143608,0.5687427598069078,0.574461294606864,0.5710100663502257,0.5648415680055862,1.0,0.44126721049220025,0.39350885481204523,0.563437706543448,0.565266782416793
6,8,0.2911571047598353,0.9251634778396706,4129,0.9599561311981895,0.9447674418604651,688,0.9605855915112237,0.9447,0.6407136358358653,0.07340275910754844,,,0.7584380569139727,,0.7584508809798705,0.24154911902012954,0.9565214668817852,0.37489398016621034,5,0.1,0.5,0.4385502520735168,0.4470598378773578,0.44175296462467706,0.4533044586008213,0.4391650059660251,0.44411648910858953,0.43884689635354024,0.44126721049220025,1.0,0.4014780061072328,0.4388717626100243,0.44174776567875224
6,9,0.2974159110883539,0.921469632591852,4001,0.974674520038423,0.9445277361319341,667,0.9594676618378002,0.9451,0.5958072910289302,0.07022410061689748,,,0.7,,0.7,0.30000000000000004,0.9553133004466239,0.37443068841245414,5,0.1,0.5,0.40115371329667093,0.40722411280608867,0.4153243481239801,0.40516205491216994,0.41224107652340286,0.40854058436662605,0.4047620583630971,0.39350885481204523,0.4014780061072328,1.0,0.3982445283029346,0.39991790130963956
6,10,0.21619355105413277,0.9367960915402417,3889,0.960548616590954,0.9490740740740741,648,0.9595900455983682,0.9453,0.7670721969229064,0.08529495893386614,,,0.977070241631737,,0.9770844837106571,0.022915516289342852,0.9579817152884716,0.3753427080217078,5,0.1,0.5,0.5573351633342529,0.5459863983086759,0.5601918734798708,0.5583893733918242,0.558974076359098,0.5599827483582214,0.5558784287093301,0.563437706543448,0.4388717626100243,0.3982445283029346,1.0,0.5679788633336141
