round,client_id,client_i_training_loss,client_i_training_accuracy,client_i_training_dataset_size,client_i_evaluation_loss,client_i_evaluation_accuracy,client_i_evaluation_dataset_size,client_i_central_evaluation_loss,client_i_central_evaluation_accuracy,client_i_cosine_similarity,client_i_importance_coefficient,client_i_tanh_val,tanh_normalization_value,client_i_q,client_i_mask_order,client_i_v_nonzero_fraction,client_i_v_sparsity,client_i_v_cosine_similarity,client_i_reward_gradient_norm,local_epochs,learning_rate,gamma,client_0_cosine_similarity,client_1_cosine_similarity,client_2_cosine_similarity,client_3_cosine_similarity,client_4_cosine_similarity,client_5_cosine_similarity,client_6_cosine_similarity,client_7_cosine_similarity,client_8_cosine_similarity,client_9_cosine_similarity,client_10_cosine_similarity,client_11_cosine_similarity
0,0,2.253921141447844,0.16536157779401023,6845,2.29681058363481,0.1183345507669832,1369,2.2990416424183904,0.1104,0.8771366604861899,0.07929526104386543,,,0.8,,0.8000115528708884,0.19998844712911157,0,0.1384143567074207,10,0.025,0.15,1.0,0.8904933695086634,0.8755402762447444,0.8439997978714303,0.7915667162656179,0.7573551312215492,0.7180911692859493,0.7518109151407057,0.6993647923735086,0.798314522490816,0.6660516359311254,0.6494049968710127
0,1,2.2867882395899573,0.14852135815991238,5478,2.3004923661549888,0.10492700729927007,1096,2.2990347463873366,0.1104,0.9575061316335676,0.08656085428797435,,,0.9477553660386453,,0.9478057797362645,0.05219422026373555,0,0.13846616395764702,10,0.025,0.15,0.8904933695086634,1.0,0.9678681801774983,0.9061872483974616,0.9177448759217918,0.8622433017186014,0.8347990042334884,0.8251303564485688,0.8188959907983306,0.8453949585869954,0.8214891892840783,0.7908919930417252
0,2,2.292129337787628,0.14425311203319502,4820,2.299884557723999,0.09647302904564316,964,2.299034704135943,0.1104,0.9750451506665726,0.0881464237383546,,,0.9799999999796637,,0.9800300374643098,0.019969962535690167,0,0.13846652455011854,10,0.025,0.15,0.8755402762447444,0.9678681801774983,1.0,0.9396207525511773,0.9312263889462045,0.8746699992800063,0.8627176207820219,0.8667067756422225,0.8564198218498212,0.8695378921709391,0.8534056042250675,0.8279639134747514
0,3,2.294401683126177,0.13645029505220155,4406,2.299323763166155,0.10669693530079455,881,2.29903474336938,0.1104,0.964319674879067,0.08717681496391518,,,0.9602817340971438,,0.9603241405489265,0.03967585945107355,0,0.13846637834853276,10,0.025,0.15,0.8439997978714303,0.9061872483974616,0.9396207525511773,1.0,0.8894951181029201,0.8872000055832459,0.8824512214357761,0.90999842764161,0.8269200337326974,0.8695540197539916,0.85228291156459,0.8546117289297565
0,4,2.2955615787795094,0.12716439688715953,4112,2.298428637640817,0.11435523114355231,822,2.2990349425545222,0.1104,0.9431421623691,0.08526231696333365,,,0.9213479067616348,,0.9213909656549653,0.07860903434503475,0,0.13846455706766692,10,0.025,0.15,0.7915667162656179,0.9177448759217918,0.9312263889462045,0.8894951181029201,1.0,0.84419892281924,0.8474202395366779,0.8152320231113729,0.8748285273387283,0.8534228336234946,0.8563107122963178,0.8235686130999947
0,5,2.2973133102540046,0.11630239136024685,3889,2.2924251215798512,0.13239074550128535,778,2.2990362945991225,0.1104,0.9241535016472108,0.08354569642215026,,,0.8864381770409867,,0.8864847914706805,0.11351520852931951,0,0.13845527924952358,10,0.025,0.15,0.7573551312215492,0.8622433017186014,0.8746699992800063,0.8872000055832459,0.84419892281924,1.0,0.8783411706666291,0.8575477678579551,0.7851928621380789,0.8657675570962713,0.8086461739364004,0.8664432705849827
0,6,2.299118635572236,0.12190784155214228,3711,2.297852079073588,0.11994609164420485,742,2.299036330814603,0.1104,0.9206432949464588,0.08322836530467106,,,0.8799848326486883,,0.8800234358238023,0.11997656417619773,0,0.13845438330974866,10,0.025,0.15,0.7180911692859493,0.8347990042334884,0.8627176207820219,0.8824512214357761,0.8474202395366779,0.8783411706666291,1.0,0.9310107620567175,0.8035652849882594,0.7842291249580875,0.8739021327679403,0.8915594451237007
0,7,2.2976240038871767,0.1255331088664422,3564,2.296958327293396,0.13043478260869565,713,2.299036650718013,0.1104,0.9160331733408922,0.08281159923773374,,,0.8715093481694627,,0.8715403277714512,0.12845967222854882,0,0.1384515169282715,10,0.025,0.15,0.7518109151407057,0.8251303564485688,0.8667067756422225,0.90999842764161,0.8152320231113729,0.8575477678579551,0.9310107620567175,1.0,0.7806020101281226,0.8166046771840287,0.8325086227046689,0.8274150224419213
0,8,2.2976272927390204,0.13423423423423422,3441,2.301115075747172,0.09302325581395349,688,2.2990377220926406,0.1104,0.8924454792539117,0.08067921503318662,,,0.8281445191607165,,0.8281840537373537,0.1718159462626463,0,0.1384396533723166,10,0.025,0.15,0.6993647923735086,0.8188959907983306,0.8564198218498212,0.8269200337326974,0.8748285273387283,0.7851928621380789,0.8035652849882594,0.7806020101281226,1.0,0.825727085807537,0.8730466054288895,0.8573408612982872
0,9,2.2949580916651975,0.12336532693461308,3334,2.3024556636810303,0.10494752623688156,667,2.299037118501301,0.1104,0.9048165590257182,0.08179759036064829,,,0.8508881479774926,,0.8509349573368982,0.14906504266310183,0,0.13844716391369458,10,0.025,0.15,0.798314522490816,0.8453949585869954,0.8695378921709391,0.8695540197539916,0.8534228336234946,0.8657675570962713,0.7842291249580875,0.8166046771840287,0.825727085807537,1.0,0.7359615499495599,0.7555665753932145
0,10,2.299370731757237,0.1331996297439062,3241,2.298640489578247,0.10185185185185185,648,2.299037628535983,0.1104,0.8959475479898216,0.0809958104590962,,,0.8345829023002297,,0.8346289052829629,0.16537109471703715,0,0.13844210067717977,10,0.025,0.15,0.6660516359311254,0.8214891892840783,0.8534056042250675,0.85228291156459,0.8563107122963178,0.8086461739364004,0.8739021327679403,0.8325086227046689,0.8730466054288895,0.7359615499495599,1.0,0.9022384804560439
0,11,2.2999612770080566,0.10724912947135169,3159,2.300468015670776,0.09651898734177215,632,2.299037836774995,0.1104,0.8904636420014606,0.08050005218507073,,,0.8245010077068714,,0.8245448994075028,0.17545510059249725,0,0.13843827635701084,10,0.025,0.15,0.6494049968710127,0.7908919930417252,0.8279639134747514,0.8546117289297565,0.8235686130999947,0.8664432705849827,0.8915594451237007,0.8274150224419213,0.8573408612982872,0.7555665753932145,0.9022384804560439,1.0
1,0,2.109264525440004,0.22823959094229365,6845,2.286629698493264,0.15924032140248356,1369,2.289321286768853,0.1497,0.8939707814397918,0.07837609317439012,,,0.8,,0.8000115528708884,0.19998844712911157,0.8494834115495695,0.14540840584617076,10,0.025,0.15,1.0,0.9392160959718038,0.9187405156161363,0.8931535219490294,0.8740646340165691,0.8578996333267094,0.8448831699007978,0.8478077323168671,0.8116439137734108,0.8218446583564951,0.795405632103919,0.7882115248005083
1,1,2.179639328635016,0.20065717415115006,5478,2.2916932106018066,0.14507299270072993,1096,2.289308445363105,0.1495,0.9669269720221666,0.08526507147646711,,,0.9507991100454354,,0.9508425343697909,0.04915746563020906,0.8494447689122985,0.14543219781477323,10,0.025,0.15,0.9392160959718038,1.0,0.9784896584003464,0.9657795932673314,0.9539784893548288,0.9478476300781473,0.933477168803517,0.9347686774513259,0.9037996298556086,0.9105407480122883,0.8904828328763084,0.8801454287429661
1,2,2.1841704767001304,0.2028838174273859,4820,2.2896616458892822,0.1504149377593361,964,2.2893083095550537,0.1495,0.9776598795022968,0.08659906009939018,,,0.97999999997811,,0.9800300374643098,0.019969962535690167,0.8494315798435845,0.14543243094797578,10,0.025,0.15,0.9187405156161363,0.9784896584003464,1.0,0.9799027675851625,0.9694399083313174,0.959318418349694,0.9473388020169018,0.9532694573743146,0.9244071903198195,0.9291295638582521,0.9037605667687255,0.8993186936312064
1,3,2.200683012008667,0.1963458919655016,4406,2.289738859449114,0.1441543700340522,881,2.2893083487884907,0.1495,0.9859692323334975,0.08626887574859109,,,0.9727722944943489,,0.9728177452096846,0.02718225479031544,0.8494340035264281,0.14543240766169524,10,0.025,0.15,0.8931535219490294,0.9657795932673314,0.9799027675851625,1.0,0.9772863796046403,0.9744023601211377,0.9655644865216956,0.9693570413151733,0.938189713497085,0.9444803384700587,0.9311097660413361,0.922223132912835
1,4,2.2160421284762295,0.18553015564202335,4112,2.288545540400914,0.1435523114355231,822,2.289308665673944,0.1495,0.9866588858283599,0.08510377673518124,,,0.9472683827917895,,0.9473106566981895,0.05268934330181052,0.8494380267298667,0.1454321425268971,10,0.025,0.15,0.8740646340165691,0.9539784893548288,0.9694399083313174,0.9772863796046403,1.0,0.9732090267552668,0.9646959327108292,0.9675792694397628,0.9531147223760302,0.9619597149343145,0.9441723581417147,0.9321219642948008
1,5,2.2354916834062144,0.17706351247107224,3889,2.282921722957066,0.17095115681233933,778,2.2893112430089637,0.1495,0.9873909690722658,0.08406281179255856,,,0.9244817546369773,,0.924518492845472,0.07548150715452795,0.8494841274302252,0.14543144043866818,10,0.025,0.15,0.8578996333267094,0.9478476300781473,0.959318418349694,0.9744023601211377,0.9732090267552668,1.0,0.975326551224404,0.9757801489661091,0.9564973940898002,0.9576555411806777,0.9500031680171102,0.9539215192806463
1,6,2.245179002038364,0.17803826461870115,3711,2.2880218426386514,0.14420485175202155,742,2.2893114210684087,0.1495,0.9833525601681542,0.08373411341122046,,,0.9172865768899061,,0.9173392087933852,0.08266079120661485,0.8494762507118336,0.14543114367001947,10,0.025,0.15,0.8448831699007978,0.933477168803517,0.9473388020169018,0.9655644865216956,0.9646959327108292,0.975326551224404,1.0,0.9757169042834315,0.9529653240060052,0.9517185706159408,0.9662029375001242,0.9586971427701062
1,7,2.241193552528109,0.18035914702581368,3564,2.2868654330571494,0.17110799438990182,713,2.28931185867213,0.1496,0.9837087982783889,0.08348721279076665,,,0.9118819447076746,,0.9119258635770989,0.08807413642290107,0.849483491398804,0.14543089643066429,10,0.025,0.15,0.8478077323168671,0.9347686774513259,0.9532694573743146,0.9693570413151733,0.9675792694397628,0.9757801489661091,0.9757169042834315,1.0,0.9547627604230703,0.957150322672257,0.9538189231511103,0.949857658335138
1,8,2.243374553433171,0.17779715199070037,3441,2.2916548252105713,0.13226744186046513,688,2.2893140195291255,0.1497,0.9697461607424012,0.08170857321995154,,,0.872947685865598,,0.8729761845818685,0.12702381541813146,0.8494425410328311,0.14542702234507576,10,0.025,0.15,0.8116439137734108,0.9037996298556086,0.9244071903198195,0.938189713497085,0.9531147223760302,0.9564973940898002,0.9529653240060052,0.9547627604230703,1.0,0.9611306739992601,0.9601072431481187,0.9656518336080446
1,9,2.222598792446984,0.19577084583083385,3334,2.2931217749913535,0.136431784107946,667,2.289312694646135,0.1496,0.9701477471695321,0.08241544328458547,,,0.8884210074512414,,0.8884652836229803,0.11153471637701973,0.8495074971398257,0.14542907938478777,10,0.025,0.15,0.8218446583564951,0.9105407480122883,0.9291295638582521,0.9444803384700587,0.9619597149343145,0.9576555411806777,0.9517185706159408,0.957150322672257,0.9611306739992601,1.0,0.9479360753948302,0.9411773301286048
1,10,2.2520727570240315,0.1720765195927183,3241,2.289891521135966,0.1419753086419753,648,2.2893140255650386,0.1497,0.9640006347072925,0.08171738144504753,,,0.873140497113843,,0.8731742337970986,0.12682576620290142,0.8494897339015329,0.14542703235888724,10,0.025,0.15,0.795405632103919,0.8904828328763084,0.9037605667687255,0.9311097660413361,0.9441723581417147,0.9500031680171102,0.9662029375001242,0.9538189231511103,0.9601072431481187,0.9479360753948302,1.0,0.9737881858967766
1,11,2.257743579864502,0.16923076923076924,3159,2.2907675743103026,0.14556962025316456,632,2.289314448078976,0.1497,0.9594595119854782,0.08126158682184988,,,0.8631631941629863,,0.8631975045798881,0.1368024954201119,0.8494134307490236,0.14542574886966741,10,0.025,0.15,0.7882115248005083,0.8801454287429661,0.8993186936312064,0.922223132912835,0.9321219642948008,0.9539215192806463,0.9586971427701062,0.949857658335138,0.9656518336080446,0.9411773301286048,0.9737881858967766,1.0
2,0,2.0171061248690996,0.2660189919649379,6845,2.2711583484302866,0.19211102994886778,1369,2.2746650116353093,0.1824,0.9013303392864196,0.07795533658484237,,,0.8,,0.8000115528708884,0.19998844712911157,0.9540498163325977,0.1458415892174337,10,0.025,0.15,1.0,0.9459621243795037,0.9214854122361689,0.8949635774123315,0.8912246339825469,0.8683429223709133,0.8579817134260712,0.8574145771422053,0.8225539870061381,0.8314857480883484,0.8155700970278177,0.8102524002809922
2,1,2.086648429271787,0.23930266520627966,5478,2.278440687391493,0.1624087591240876,1096,2.2746484611607807,0.1817,0.9598821483941675,0.08413320456283935,,,0.9450287158953048,,0.9450743509762176,0.054925649023782386,0.954144133822679,0.14587279437643427,10,0.025,0.15,0.9459621243795037,1.0,0.9649520301645679,0.9507913903862519,0.9469183268644699,0.9406366428552752,0.9309300511966514,0.9254694871705123,0.8972659302791142,0.9038916351159685,0.8947232835978391,0.8944405583322382
2,2,2.0835736406476872,0.2462240663900415,4820,2.274437725543976,0.17738589211618258,964,2.2746484400350835,0.1817,0.9796589363471963,0.0856046876942647,,,0.9795725601102168,,0.9796091828819462,0.020390817118053794,0.954156471264139,0.14587331286087163,10,0.025,0.15,0.9214854122361689,0.9649520301645679,1.0,0.9719794021156635,0.9670966294913272,0.9619165934239128,0.9579315520308637,0.9530182189280675,0.9359026655126741,0.9340808248540403,0.926911558597422,0.9305475944461095
2,3,2.1048747634887697,0.23558783477076714,4406,2.275254692350115,0.18161180476730987,881,2.2746485396276546,0.1817,0.9864907783197466,0.0856228955853453,,,0.9799999999765244,,0.9800300374643098,0.019969962535690167,0.9541565257385722,0.14587331318432586,10,0.025,0.15,0.8949635774123315,0.9507913903862519,0.9719794021156635,1.0,0.9713982434959911,0.9731145844962132,0.9702350506616281,0.9684612317456058,0.9482910526589546,0.9529853025790784,0.9522463777206648,0.9511199348704436
2,4,2.1166842702663304,0.2314931906614786,4112,2.2739394392286028,0.17518248175182483,822,2.274648497376261,0.1816,0.9863758003798595,0.0848972446716243,,,0.9629649612576598,,0.9629895529038967,0.03701044709610335,0.9541486547350281,0.14587316675981807,10,0.025,0.15,0.8912246339825469,0.9469183268644699,0.9670966294913272,0.9713982434959911,1.0,0.969264843992552,0.9705902216554352,0.9668085258644402,0.9554814579508105,0.956161648240615,0.9562054004833345,0.9539093797588227
2,5,2.137468724481521,0.2176137824633582,3889,2.2685799258095876,0.2043701799485861,778,2.2746521732475182,0.1817,0.9867423041132993,0.08426420937415727,,,0.9481041230793386,,0.9481358617616478,0.05186413823835223,0.9541338716058733,0.14587286366061752,10,0.025,0.15,0.8683429223709133,0.9406366428552752,0.9619165934239128,0.9731145844962132,0.969264843992552,1.0,0.975567002998611,0.9747920752535985,0.9592903780600279,0.9609325528746759,0.961214124191664,0.9640119858419062
2,6,2.1537587548124377,0.22753974669900295,3711,2.2730968793233237,0.192722371967655,742,2.274652206445042,0.1817,0.9858114769579257,0.08403019113484379,,,0.9426104212287016,,0.9426647521909195,0.0573352478090805,0.9541348662260946,0.14587272241987737,10,0.025,0.15,0.8579817134260712,0.9309300511966514,0.9579315520308637,0.9702350506616281,0.9705902216554352,0.975567002998611,1.0,0.9752659784223363,0.9598657682712464,0.9618793165076125,0.9709953800341603,0.9672032962585588
2,7,2.1453223202909744,0.223989898989899,3564,2.271962841351827,0.1949509116409537,713,2.2746525112586684,0.1817,0.9857002939714986,0.08387358446386926,,,0.938933996858196,,0.938976085557261,0.061023914442739025,0.9541377575838448,0.1458725932993664,10,0.025,0.15,0.8574145771422053,0.9254694871705123,0.9530182189280675,0.9684612317456058,0.9668085258644402,0.9747920752535985,0.9752659784223363,1.0,0.9671837736454695,0.9678369651637756,0.9717404647260631,0.9699560114917625
2,8,2.150524210929871,0.21778552746294683,3441,2.2771604855855307,0.17005813953488372,688,2.274655191204216,0.182,0.9721441197878194,0.0823294524860669,,,0.9026846825783914,,0.9027330791701738,0.09726692082982624,0.9541163150248093,0.14587054127626006,10,0.025,0.15,0.8225539870061381,0.8972659302791142,0.9359026655126741,0.9482910526589546,0.9554814579508105,0.9592903780600279,0.9598657682712464,0.9671837736454695,1.0,0.9617147763010109,0.9630627638286823,0.9700138281299362
2,9,2.1302443261499757,0.22804439112177566,3334,2.278916080792745,0.1679160419790105,667,2.2746530907063542,0.1818,0.9741388852391826,0.08283248373985574,,,0.9144936071219447,,0.9145417636282617,0.08545823637173833,0.9541377707126505,0.14587141456726835,10,0.025,0.15,0.8314857480883484,0.9038916351159685,0.9340808248540403,0.9529853025790784,0.956161648240615,0.9609325528746759,0.9618793165076125,0.9678369651637756,0.9617147763010109,1.0,0.9676990522611258,0.9651248680515587
2,10,2.1724053057340473,0.20598580684973775,3241,2.276097377141317,0.17746913580246915,648,2.274655230437653,0.1818,0.9733638813067549,0.08237468750607692,,,0.9037465985806297,,0.9037810896007658,0.09621891039923425,0.9541163106213444,0.14587061273818036,10,0.025,0.15,0.8155700970278177,0.8947232835978391,0.926911558597422,0.9522463777206648,0.9562054004833345,0.961214124191664,0.9709953800341603,0.9717404647260631,0.9630627638286823,0.9676990522611258,1.0,0.9744263962506721
2,11,2.1782437806129455,0.2153213042101931,3159,2.27652587890625,0.185126582278481,632,2.2746552757070035,0.182,0.9730494885996549,0.08208202219621417,,,0.8968761257528408,,0.8969236355234276,0.10307636447657242,0.9541285007691114,0.1458700404087752,10,0.025,0.15,0.8102524002809922,0.8944405583322382,0.9305475944461095,0.9511199348704436,0.9539093797588227,0.9640119858419062,0.9672032962585588,0.9699560114917625,0.9700138281299362,0.9651248680515587,0.9744263962506721,1.0
3,0,1.9512875938857044,0.29238860482103723,6845,2.2501126419414175,0.22279035792549307,1369,2.2543389314337623,0.2106,0.9159595583664191,0.07819991250921064,,,0.8,,0.8000115528708884,0.19998844712911157,0.9740429355786441,0.14567659768611504,10,0.025,0.15,1.0,0.9482435667808758,0.9266610418516711,0.9055840562446688,0.9046054827006365,0.8809091478592297,0.8763488623706591,0.8745297567797875,0.8446491473815824,0.8430822140398713,0.8442064226299469,0.8324623728940647
3,1,2.0133394743120947,0.26975173420956555,5478,2.2600384288363986,0.18065693430656934,1096,2.2543124096303044,0.2089,0.9581384055441358,0.08340511509401985,,,0.9353180514670557,,0.9353616873793138,0.0646383126206862,0.9742099435817193,0.14572479624659007,10,0.025,0.15,0.9482435667808758,1.0,0.957579833072712,0.945612348505806,0.9428195739122976,0.9322366073956796,0.9286296899129964,0.9236866584297356,0.8953220012329396,0.9005456960639597,0.8987689987105998,0.89424765663214
3,2,2.0099006185406134,0.27149377593360996,4820,2.2532475292682648,0.20020746887966806,964,2.254312744623498,0.2089,0.9794803989788124,0.08501341328495594,,,0.9771284851302136,,0.9771748279447443,0.022825172055255694,0.9742090918613777,0.14572619967927514,10,0.025,0.15,0.9266610418516711,0.957579833072712,1.0,0.9665369346867768,0.962276411889567,0.957076386905189,0.9561862741141173,0.9515814841509852,0.9344547780220496,0.9348373269706418,0.9338092006173726,0.9333978082991224
3,3,2.032641113485609,0.2608715388107127,4406,2.2550551550728932,0.20658342792281498,881,2.2543128532699392,0.2089,0.982520354574051,0.08512387021457594,,,0.9799999999740032,,0.9800300374643098,0.019969962535690167,0.9742081947840986,0.1457262113256004,10,0.025,0.15,0.9055840562446688,0.945612348505806,0.9665369346867768,1.0,0.9635546217605424,0.9638276190943359,0.9600639070061682,0.9598980441902984,0.9444181480208965,0.9473246487092982,0.9470033144238905,0.9450980738830593
3,4,2.043971639690977,0.26459143968871596,4112,2.2536792755126953,0.20924574209245742,822,2.2543121923374225,0.2089,0.982747159219324,0.08468148984983595,,,0.9684995736239124,,0.9685349309303362,0.03146506906966384,0.9742138057423183,0.14572611637906582,10,0.025,0.15,0.9046054827006365,0.9428195739122976,0.962276411889567,0.9635546217605424,1.0,0.9608002945481329,0.9638702575686712,0.958711217232195,0.9496044667486712,0.9509350089845525,0.9489733707682784,0.9459414474057464
3,5,2.0602925262143534,0.24862432501928516,3889,2.24868038722447,0.2300771208226221,778,2.2543166830569885,0.2095,0.9824107253613172,0.0842781410229807,,,0.9580138381655343,,0.9580465745737816,0.04195342542621838,0.9742127934315873,0.1457259394015645,10,0.025,0.15,0.8809091478592297,0.9322366073956796,0.957076386905189,0.9638276190943359,0.9608002945481329,1.0,0.9662791144334175,0.9645977628558385,0.9510546866960177,0.9565857127583675,0.9576518693237986,0.9564051759589255
3,6,2.076383991488095,0.26019940716787926,3711,2.2524086634318032,0.2196765498652291,742,2.2543164325665823,0.2095,0.9830358050836222,0.08415348149025093,,,0.9547731026147189,,0.9548282748262943,0.04517172517370571,0.9742079663254439,0.14572586589151879,10,0.025,0.15,0.8763488623706591,0.9286296899129964,0.9561862741141173,0.9600639070061682,0.9638702575686712,0.9662791144334175,1.0,0.9681002565627117,0.9551167145080873,0.9584502232399592,0.9634272051927559,0.9582761491762557
3,7,2.067331179550716,0.2531986531986532,3564,2.2517565886179605,0.22720897615708274,713,2.2543165200873267,0.2095,0.982360703278389,0.0840343886159338,,,0.9516770817714122,,0.9517172517370567,0.04828274826294332,0.9742093592992054,0.1457258015836531,10,0.025,0.15,0.8745297567797875,0.9236866584297356,0.9515814841509852,0.9598980441902984,0.958711217232195,0.9645977628558385,0.9681002565627117,1.0,0.9611137972412659,0.9584129986884844,0.9652284559573273,0.9613930270815301
3,8,2.0678850165119878,0.24957861086893346,3441,2.256969173749288,0.2063953488372093,688,2.25432074824466,0.2095,0.97024911522011,0.0826821800969368,,,0.9165241325851827,,0.9165552639830998,0.08344473601690017,0.9742023267643782,0.14572344634783355,10,0.025,0.15,0.8446491473815824,0.8953220012329396,0.9344547780220496,0.9444181480208965,0.9496044667486712,0.9510546866960177,0.9551167145080873,0.9611137972412659,1.0,0.9529072882783757,0.9557017560310914,0.9619658117728386
3,9,2.052594554865802,0.25821835632873424,3334,2.258760611216227,0.19640179910044978,667,2.254317784611183,0.2094,0.9722466121472706,0.08305913681823839,,,0.9263237605886738,,0.9263669521876187,0.07363304781238134,0.9742033773820051,0.1457242595346661,10,0.025,0.15,0.8430822140398713,0.9005456960639597,0.9348373269706418,0.9473246487092982,0.9509350089845525,0.9565857127583675,0.9584502232399592,0.9584129986884844,0.9529072882783757,1.0,0.9644187471201634,0.9615671006440571
3,10,2.0984148231836466,0.23841406973156434,3241,2.256095846494039,0.21141975308641975,648,2.254320956483672,0.2094,0.9734445627384287,0.08281446176434802,,,0.9199630184281928,,0.9200046211483554,0.07999537885164465,0.9741986872763385,0.14572373783405512,10,0.025,0.15,0.8442064226299469,0.8987689987105998,0.9338092006173726,0.9470033144238905,0.9489733707682784,0.9576518693237986,0.9634272051927559,0.9652284559573273,0.9557017560310914,0.9644187471201634,1.0,0.9641773357734397
3,11,2.0977986855506896,0.246565368787591,3159,2.2566468715667725,0.2088607594936709,632,2.2543201386174068,0.2096,0.9710336504913263,0.08255440923871277,,,0.9132025128619452,,0.9132461916786322,0.08675380832136781,0.9741919757122297,0.1457231274738528,10,0.025,0.15,0.8324623728940647,0.89424765663214,0.9333978082991224,0.9450980738830593,0.9459414474057464,0.9564051759589255,0.9582761491762557,0.9613930270815301,0.9619658117728386,0.9615671006440571,0.9641773357734397,1.0
4,0,1.8996213462617662,0.3106062819576333,6845,2.2230371995405718,0.2410518626734843,1369,2.228208065032959,0.2274,0.9291169092120527,0.07881743211522989,,,0.8,,0.8000115528708884,0.19998844712911157,0.9835464158634251,0.14548388044018093,10,0.025,0.15,1.0,0.9425947529642208,0.933218416520406,0.9176441901203771,0.9121151735893588,0.8892022292422672,0.8921205020403257,0.8876660987734764,0.8658666041131513,0.8600909201082471,0.8673792810592823,0.8536431617010831
4,1,1.9537229074988254,0.2930814165753925,5478,2.236163033379449,0.19708029197080293,1096,2.2281646637976924,0.2256,0.9576813073949589,0.08297754740447408,,,0.9261106541685236,,0.9261523988711194,0.07384760112888056,0.9840675115570927,0.1455309974559894,10,0.025,0.15,0.9425947529642208,1.0,0.9527374566176136,0.9415631068361443,0.937003690449008,0.9249123806738258,0.9298748696501752,0.9213233811612629,0.8983305095658898,0.8979950358499609,0.9062162725214049,0.896622058313219
4,2,1.95290430658742,0.2921784232365145,4820,2.2262238562107086,0.21784232365145229,964,2.228165626525879,0.2256,0.9780155231613082,0.08463854458115311,,,0.9764624896247758,,0.9765064118433431,0.02349358815665692,0.9840904775778128,0.14553319346158786,10,0.025,0.15,0.933218416520406,0.9527374566176136,1.0,0.9604011713513959,0.9571854168112642,0.9484755238505344,0.9521807978309385,0.9483812623103309,0.9335745704551126,0.9304644005566146,0.9356828841679599,0.9315730789553206
4,3,1.9761264276504518,0.28517930095324556,4406,2.2290498529161726,0.22474460839954596,881,2.2281657623339304,0.2256,0.9794922932228273,0.08475523932807,,,0.9799999999696858,,0.9800300374643098,0.019969962535690167,0.9840914731663437,0.14553321638780428,10,0.025,0.15,0.9176441901203771,0.9415631068361443,0.9604011713513959,1.0,0.9597375649968778,0.952962869902474,0.9509887451187389,0.9540839976281409,0.9427548297240006,0.9370443595904899,0.9426075821087216,0.9403681490992827
4,4,1.9825230580387694,0.2858463035019455,4112,2.227844442640032,0.21654501216545013,822,2.2281643710558927,0.2256,0.9800038696235731,0.0844976082308555,,,0.9721901139581428,,0.9722318496146293,0.027768150385370727,0.9840878936853201,0.14553314860642064,10,0.025,0.15,0.9121151735893588,0.937003690449008,0.9571854168112642,0.9597375649968778,1.0,0.9541207236226387,0.9596808472063031,0.9522877777029995,0.9477128472168191,0.9402262370419981,0.9438462219271071,0.9421278879143136
4,5,2.0005369778602353,0.2734636153252764,3889,2.223176513399397,0.2544987146529563,778,2.22816933559466,0.2262,0.9770780559171373,0.08415199254886678,,,0.961713043801172,,0.9617517453087092,0.038248254691290784,0.9840874342723261,0.1455329598839057,10,0.025,0.15,0.8892022292422672,0.9249123806738258,0.9484755238505344,0.952962869902474,0.9541207236226387,1.0,0.9577200577124427,0.9546805922074382,0.944567412811068,0.9466397075999995,0.9500954605748685,0.9478332801183259
4,6,2.011714822670509,0.28342764753435734,3711,2.2257343530654907,0.2371967654986523,742,2.2281691454633883,0.2262,0.9803530964661662,0.08418157898894138,,,0.9626099336835203,,0.9626512188278787,0.03734878117212126,0.9840919243395222,0.14553297515919342,10,0.025,0.15,0.8921205020403257,0.9298748696501752,0.9521807978309385,0.9509887451187389,0.9596808472063031,0.9577200577124427,1.0,0.9629107759670829,0.9484657687832213,0.9491869957589082,0.9539535161640891,0.9524104690192706
4,7,2.0060877829790114,0.27522446689113356,3564,2.225878119468689,0.2426367461430575,713,2.22816933559466,0.2262,0.9794982335114171,0.08407982659849142,,,0.959525389234468,,0.9595732039411794,0.0404267960588206,0.984089115327442,0.1455329151521523,10,0.025,0.15,0.8876660987734764,0.9213233811612629,0.9483812623103309,0.9540839976281409,0.9522877777029995,0.9546805922074382,0.9629107759670829,1.0,0.9552076466005137,0.952306119050984,0.9574427180983139,0.9532931504264465
4,8,2.0042407676025675,0.2734379540831154,3441,2.231058716773987,0.20348837209302326,688,2.228175105927866,0.2262,0.9695435918048438,0.08291640119031492,,,0.9242570543205872,,0.9242956874783383,0.07570431252166165,0.9840538392754259,0.14553088176738313,10,0.025,0.15,0.8658666041131513,0.8983305095658898,0.9335745704551126,0.9427548297240006,0.9477128472168191,0.944567412811068,0.9484657687832213,0.9552076466005137,1.0,0.9451674765450958,0.9478917201477184,0.9543490635651767
4,9,1.9938537774262606,0.27654469106178764,3334,2.2323445081710815,0.22788605697151423,667,2.2281700689581374,0.2262,0.9678459509288456,0.08309475144964386,,,0.9296636034932149,,0.92970078064399,0.07029921935601002,0.9840655155615518,0.14553120365530703,10,0.025,0.15,0.8600909201082471,0.8979950358499609,0.9304644005566146,0.9370443595904899,0.9402262370419981,0.9466397075999995,0.9491869957589082,0.952306119050984,0.9451674765450958,1.0,0.9526803772042386,0.952026668080358
4,10,2.035184061068755,0.26143165689601977,3241,2.229899048805237,0.23765432098765432,648,2.2281751481792593,0.2262,0.9717862204399347,0.08307162574992352,,,0.9289625659216416,,0.9289993563400505,0.07100064365994951,0.9840656489040376,0.14553115822996074,10,0.025,0.15,0.8673792810592823,0.9062162725214049,0.9356828841679599,0.9426075821087216,0.9438462219271071,0.9500954605748685,0.9539535161640891,0.9574427180983139,0.9478917201477184,0.9526803772042386,1.0,0.9520976518014813
4,11,2.03133425283432,0.26809116809116806,3159,2.231162929534912,0.2199367088607595,632,2.228174674360058,0.2262,0.9689394930892888,0.08281745181403542,,,0.9212574810625005,,0.9213001930979848,0.07869980690201517,0.9840522619941089,0.145530650789485,10,0.025,0.15,0.8536431617010831,0.896622058313219,0.9315730789553206,0.9403681490992827,0.9421278879143136,0.9478332801183259,0.9524104690192706,0.9532931504264465,0.9543490635651767,0.952026668080358,0.9520976518014813,1.0
5,0,1.8593921723189177,0.3274506939371804,6845,2.1908240751786665,0.26150474799123447,1369,2.197051902360554,0.2487,0.935611777469655,0.07947153320584144,,,0.8,,0.8000115528708884,0.19998844712911157,0.989071777432152,0.14519346606578934,10,0.025,0.15,1.0,0.9406300636246774,0.9311271139012628,0.9215571105037451,0.9055606359483446,0.8978082436715663,0.8979932851489477,0.8926573531706148,0.8760485854608863,0.8616765382553829,0.8838950174113599,0.866101466609263
5,1,1.9077411859534508,0.31307046367287333,5478,2.207341114679972,0.23266423357664234,1096,2.1969882566717605,0.2478,0.9600654401195008,0.08285192398913517,,,0.9214256395420999,,0.9214569820600419,0.0785430179399581,0.9893057338760624,0.14523424126897327,10,0.025,0.15,0.9406300636246774,1.0,0.9488425356119,0.9384432957737898,0.9310749455554865,0.9277868488326521,0.9302667361828717,0.9223694575356524,0.9040231039648673,0.8987615540898531,0.9113397101803751,0.9014176732865883
5,2,1.9075014340250116,0.30732365145228213,4820,2.1940389573574066,0.24273858921161826,964,2.1969867295856718,0.2479,0.9755366548143641,0.08438802730269233,,,0.9766033805811629,,0.976646696704131,0.023353303295869043,0.9893276500281709,0.14523618211916017,10,0.025,0.15,0.9311271139012628,0.9488425356119,1.0,0.9528903437253453,0.9482340733480559,0.9431860354182329,0.94530677590844,0.9438509151714155,0.9303588308791299,0.9241454407594509,0.9372767600097848,0.9274247770512892
5,3,1.9286528706550599,0.3011348161597821,4406,2.1979164396013533,0.2474460839954597,881,2.1969869106630737,0.2479,0.9762145270489242,0.08448258641639901,,,0.9799999999640794,,0.9800300374643098,0.019969962535690167,0.9893279537698864,0.14523619884465105,10,0.025,0.15,0.9215571105037451,0.9384432957737898,0.9528903437253453,1.0,0.9466187771899037,0.9455308001315142,0.9422975951309821,0.946672809744157,0.9391812601011256,0.9296046479800509,0.9419520067012888,0.9352700152030099
5,4,1.9323578668363166,0.3062013618677043,4112,2.19731490952628,0.24574209245742093,822,2.196984626069854,0.2479,0.9740670847527888,0.08425256583716086,,,0.971737524489388,,0.9717862388803618,0.028213761119638248,0.9893282593093918,0.14523615091143485,10,0.025,0.15,0.9055606359483446,0.9310749455554865,0.9482340733480559,0.9466187771899037,1.0,0.9425650558077941,0.9512119646824246,0.9434576981504216,0.9422324198409908,0.9290201305156458,0.9389718042138026,0.9354323203710352
5,5,1.952206297459141,0.28976600668552327,3889,2.192512580326625,0.2712082262210797,778,2.1969907434680795,0.2482,0.9732900561128321,0.08401270438424698,,,0.9631215590023485,,0.9631545939165883,0.03684540608341169,0.9893244602572835,0.1452360443156702,10,0.025,0.15,0.8978082436715663,0.9277868488326521,0.9431860354182329,0.9455308001315142,0.9425650558077941,1.0,0.9492531626556279,0.9475131467666266,0.9359965652541937,0.9350316474353842,0.9427150022531054,0.9378632147146322
5,6,1.9594571520542277,0.30342225815144164,3711,2.193909525871277,0.2587601078167116,742,2.1969905925702444,0.2481,0.9769623145103953,0.08415100875938276,,,0.9680895340913027,,0.9681305804492416,0.03186941955075839,0.9893244088981132,0.14523611058035737,10,0.025,0.15,0.8979932851489477,0.9302667361828717,0.94530677590844,0.9422975951309821,0.9512119646824246,0.9492531626556279,1.0,0.9557565060746451,0.9421483747137105,0.9396456934193658,0.9482487786981492,0.9457284024121594
5,7,1.9544439660651343,0.2932379349046016,3564,2.1951218843460083,0.25245441795231416,713,2.1969907012166856,0.2481,0.976154439421169,0.08406147640385063,,,0.9648734788399607,,0.9649040286511198,0.035095971348880206,0.9893254240991733,0.1452360693325505,10,0.025,0.15,0.8926573531706148,0.9223694575356524,0.9438509151714155,0.946672809744157,0.9434576981504216,0.9475131467666266,0.9557565060746451,1.0,0.947517124366435,0.9436664374542648,0.9519157402396112,0.9429307658914087
5,8,1.9505790136478565,0.2965707643126998,3441,2.200289011001587,0.21511627906976744,688,2.1969997943202153,0.248,0.9681053293499896,0.08307657746915433,,,0.9294953256332756,,0.9295357396312984,0.07046426036870157,0.9893111402263147,0.14523477102580162,10,0.025,0.15,0.8760485854608863,0.9040231039648673,0.9303588308791299,0.9391812601011256,0.9422324198409908,0.9359965652541937,0.9421483747137105,0.947517124366435,1.0,0.9366556069127958,0.945659075238342,0.9453024456147702
5,9,1.9578692648145888,0.2938212357528494,3334,2.2007824579874673,0.25337331334332835,667,2.1969929133789448,0.2481,0.9626452984808068,0.08300892200345172,,,0.9270651012248856,,0.9271013846940965,0.07289861530590347,0.9893090125948841,0.14523462196712253,10,0.025,0.15,0.8616765382553829,0.8987615540898531,0.9241454407594509,0.9296046479800509,0.9290201305156458,0.9350316474353842,0.9396456934193658,0.9436664374542648,0.9366556069127958,1.0,0.9437419834703616,0.9392686885735048
5,10,1.9805039969774394,0.2850046282011725,3241,2.198021133740743,0.2515432098765432,648,2.19699996332579,0.248,0.9718931358287931,0.08329662435180601,,,0.9373995400179783,,0.9374247000379594,0.06257529996204059,0.9893172369312893,0.14523518629739027,10,0.025,0.15,0.8838950174113599,0.9113397101803751,0.9372767600097848,0.9419520067012888,0.9389718042138026,0.9427150022531054,0.9482487786981492,0.9519157402396112,0.945659075238342,0.9437419834703616,1.0,0.9435044572506013
5,11,1.9790930547714234,0.2854067742956632,3159,2.2006757736206053,0.24050632911392406,632,2.1970000629183613,0.248,0.9659890648859023,0.0829460498768788,,,0.9248066971917724,,0.9248403228202208,0.07515967717977923,0.989306739935651,0.14523446898366357,10,0.025,0.15,0.866101466609263,0.9014176732865883,0.9274247770512892,0.9352700152030099,0.9354323203710352,0.9378632147146322,0.9457284024121594,0.9429307658914087,0.9453024456147702,0.9392686885735048,0.9435044572506013,1.0
6,0,1.824302938249376,0.3414755295836377,6845,2.1541554060849277,0.27757487216946675,1369,2.1613724684413476,0.2707,0.9363393975289707,0.07999098136891293,,,0.8,,0.8000115528708884,0.19998844712911157,0.9919450276554074,0.14474977854094084,10,0.025,0.15,1.0,0.9335167513356942,0.9286837074252674,0.9162124386535557,0.9082059997442089,0.8930316088793488,0.896333240597105,0.8904884158691405,0.8764058150724668,0.8598457458324903,0.8806910717901827,0.8671224268584083
6,1,1.8673573128012724,0.32833150784958015,5478,2.17407144440545,0.26186131386861317,1096,2.161289221123804,0.2706,0.9605372684078007,0.0828823808050653,,,0.9211229771377712,,0.921159908237197,0.07884009176280304,0.9921716659071825,0.14479802301597858,10,0.025,0.15,0.9335167513356942,1.0,0.9436953715526999,0.9344870164830552,0.9292098282698668,0.9231469523428403,0.9293418900591467,0.921676630119483,0.9057400944264727,0.8947026490189897,0.9100299583838124,0.9014856026937598
6,2,1.8667753090983943,0.3222614107883817,4820,2.1571635007858276,0.266597510373444,964,2.161287455619136,0.2705,0.9725111048787508,0.0842282560982724,,,0.9775027427042834,,0.9775626743245697,0.02243732567543033,0.9921867931227831,0.14480056916714854,10,0.025,0.15,0.9286837074252674,0.9436953715526999,1.0,0.9479870553106189,0.9421134989239549,0.9350804028477607,0.9379941833008931,0.9384600189351988,0.9248951307211225,0.9137216215821935,0.9305749942661813,0.9208451434089555
6,3,1.8857771372795105,0.3150249659555152,4406,2.1620076383863176,0.2735527809307605,881,2.161287485798703,0.2705,0.9725375933729422,0.08428786962814318,,,0.9799999999581092,,0.9800300374643098,0.019969962535690167,0.992187312126979,0.14480057853846837,10,0.025,0.15,0.9162124386535557,0.9344870164830552,0.9479870553106189,1.0,0.9407482197073739,0.936907062008735,0.9342000302716048,0.9398071288101939,0.9337700838857855,0.917659202568246,0.9354726080074016,0.9265137740000706
6,4,1.8874251860560793,0.3239056420233463,4112,2.162311860493251,0.26034063260340634,822,2.16128425356708,0.2705,0.9718705791596843,0.0841231526149419,,,0.9730998758262701,,0.9731313231337988,0.026868676866201202,0.9921871330063963,0.14480053745172472,10,0.025,0.15,0.9082059997442089,0.9292098282698668,0.9421134989239549,0.9407482197073739,1.0,0.9382359288538964,0.9455661015182801,0.9396446581789298,0.9328467009702563,0.9202031804765425,0.9289906620855768,0.9300089969957425
6,5,1.9097361818436653,0.30609411159681155,3889,2.1575025490352084,0.2969151670951157,778,2.161291237118878,0.2705,0.9691166736104683,0.08388408289066587,,,0.9630850586461328,,0.9631133336634153,0.03688666633658466,0.9921854115568088,0.144800387502996,10,0.025,0.15,0.8930316088793488,0.9231469523428403,0.9350804028477607,0.936907062008735,0.9382359288538964,1.0,0.9421752749751301,0.9401502201530372,0.9282425426857682,0.9237997093028479,0.934708997424207,0.9279970707124855
6,6,1.9107166265619213,0.3200485044462409,3711,2.15741229057312,0.27897574123989216,742,2.161290588258188,0.2705,0.9739509133297523,0.08412808194620983,,,0.9733063693570514,,0.9733376243996633,0.026662375600336685,0.9921874798849363,0.1448005383137799,10,0.025,0.15,0.896333240597105,0.9293418900591467,0.9379941833008931,0.9342000302716048,0.9455661015182801,0.9421752749751301,1.0,0.95071769507469,0.9352983570787033,0.9288477546462817,0.940660683131949,0.9383528530890232
6,7,1.910293412208557,0.3074354657687991,3564,2.1601721048355103,0.26928471248246844,713,2.161290669743019,0.2704,0.9735147884654932,0.0840581968146176,,,0.9703788266971621,,0.9704246505256556,0.02957534947434437,0.9921868953401844,0.14480051231131535,10,0.025,0.15,0.8904884158691405,0.921676630119483,0.9384600189351988,0.9398071288101939,0.9396446581789298,0.9401502201530372,0.95071769507469,1.0,0.9405451593488933,0.9317265192410796,0.9444980453465079,0.936478245385051
6,8,1.9010925005983423,0.3149665794827085,3441,2.1654566129048667,0.24127906976744187,688,2.1613036318670344,0.2706,0.965079189455548,0.08317046809616042,,,0.9331911784166065,,0.9332161542143222,0.06678384578567775,0.992173765853387,0.14479886349700966,10,0.025,0.15,0.8764058150724668,0.9057400944264727,0.9248951307211225,0.9337700838857855,0.9328467009702563,0.9282425426857682,0.9352983570787033,0.9405451593488933,1.0,0.9262788359125778,0.9377435865303696,0.9352142931603786
6,9,1.9142286896705627,0.3089382123575285,3334,2.1645748217900596,0.27136431784107945,667,2.1612942248960083,0.2706,0.9564422163439205,0.08284601682381464,,,0.9195996616059943,,0.9196415309204338,0.08035846907956623,0.9921719084464978,0.14479787687113843,10,0.025,0.15,0.8598457458324903,0.8947026490189897,0.9137216215821935,0.917659202568246,0.9202031804765425,0.9237997093028479,0.9288477546462817,0.9317265192410796,0.9262788359125778,1.0,0.9344184514907379,0.925587916828155
