round,client_id,client_i_training_loss,client_i_training_accuracy,client_i_training_dataset_size,client_i_evaluation_loss,client_i_evaluation_accuracy,client_i_evaluation_dataset_size,client_i_central_evaluation_loss,client_i_central_evaluation_accuracy,client_i_cosine_similarity,client_i_importance_coefficient,client_i_tanh_val,tanh_normalization_value,client_i_q,client_i_mask_order,client_i_v_nonzero_fraction,client_i_v_sparsity,client_i_v_cosine_similarity,client_i_reward_gradient_norm,local_epochs,learning_rate,gamma,client_0_cosine_similarity,client_1_cosine_similarity,client_2_cosine_similarity,client_3_cosine_similarity,client_4_cosine_similarity,client_5_cosine_similarity,client_6_cosine_similarity,client_7_cosine_similarity,client_8_cosine_similarity,client_9_cosine_similarity,client_10_cosine_similarity,client_11_cosine_similarity
0,0,0.28785064996651405,0.9115899683467251,8214,2.2018476197885914,0.4214755295836377,1369,2.204922807864107,0.4194,0.7997341507803873,0.08658261271982995,,,0.970811746359075,,0.9708297776216054,0.029170222378394617,0,0.38755909032972996,5,0.1,0.5,1.0,0.5747872207386784,0.5799817682267192,0.5918994212187378,0.5814796913590323,0.5862099990250901,0.5675986865105557,0.5798386259324618,0.4582229227417949,0.45715739313579007,0.57320779636352,0.5682079253436494
0,1,0.3126595673160356,0.9025555217523578,6574,2.209816244670323,0.416970802919708,1096,2.204922331026949,0.4194,0.8022878498065986,0.08685908701266051,,,0.9755322047470352,,0.9755534360724863,0.024446563927513654,0,0.3875593143775456,5,0.1,0.5,0.5747872207386784,1.0,0.593522746467728,0.6107850949724706,0.5984144015134818,0.5917062989179183,0.5854986250663635,0.5938902698743276,0.489781350205643,0.4705043086463506,0.5982595714802272,0.5966422724242595
0,2,0.32091540941320235,0.9027494380079544,5783,2.2029184756740445,0.4118257261410788,964,2.2049174720106035,0.4194,0.7921402247970002,0.08576046206914051,,,0.9567745355374804,,0.956789317805331,0.04321068219466895,0,0.3875580132051934,5,0.1,0.5,0.5799817682267192,0.593522746467728,1.0,0.5954701355391662,0.5817768678411522,0.5935410268333324,0.6027886021926093,0.5859982858659619,0.48549552943328067,0.47663799677017915,0.5948146441130653,0.5767916803730647
0,3,0.32151855088388887,0.898430111594477,5287,2.2103766798973083,0.39727582292849034,881,2.2049218389553764,0.4194,0.8047048617587232,0.08712076298283859,,,0.9799999999829263,,0.9800010039656644,0.019998996034335637,0,0.38755944661038394,5,0.1,0.5,0.5918994212187378,0.6107850949724706,0.5954701355391662,1.0,0.6139706629539291,0.6029496928564256,0.609867300136336,0.6043570787345993,0.495769408731275,0.4873465752875883,0.6126288345354372,0.6048170380615941
0,4,0.34140960409035603,0.8951165146909827,4935,2.202352918111361,0.4233576642335766,822,2.2049170987674604,0.4194,0.7936174869693112,0.08592039674046353,,,0.9595052232735555,,0.9595201044124291,0.040479895587570924,0,0.38755828772394846,5,0.1,0.5,0.5814796913590323,0.5984144015134818,0.5817768678411522,0.6139706629539291,1.0,0.5979267954090898,0.6076797733118663,0.597507275674623,0.48176539728728485,0.47937710972374775,0.6087999329434104,0.6136325033710107
0,5,0.3449640739709139,0.8922219841439897,4667,2.2059400939941405,0.4305912596401028,778,2.204916655446013,0.4195,0.7892188276546759,0.08544417921798571,,,0.9513743949948781,,0.9513879825309974,0.048612017469002566,0,0.3875573884079677,5,0.1,0.5,0.5862099990250901,0.5917062989179183,0.5935410268333324,0.6029496928564256,0.5979267954090898,1.0,0.6123816311273301,0.5840513977000416,0.48769955980500496,0.4724236657660786,0.604614573976193,0.6017294230037773
0,6,0.36588377677436384,0.8818773860318886,4453,2.1981339355309806,0.40970350404312667,742,2.20491661964514,0.4195,0.7884915700519102,0.0853654432238977,,,0.9500300747692183,,0.9500527081973796,0.049947291802620364,0,0.3875572331031707,5,0.1,0.5,0.5675986865105557,0.5854986250663635,0.6027886021926093,0.609867300136336,0.6076797733118663,0.6123816311273301,1.0,0.5929183515308433,0.48303837571285596,0.4918269335245905,0.6077224548191094,0.6007350183071571
0,7,0.3775925575352427,0.8813654430675707,4277,2.2050281400265903,0.44600280504908835,713,2.2049184691029997,0.4199,0.7811050044931628,0.08456574229268378,,,0.9363761652864954,,0.9363937553335676,0.06360624466643239,0,0.38755474279063085,5,0.1,0.5,0.5798386259324618,0.5938902698743276,0.5859982858659619,0.6043570787345993,0.597507275674623,0.5840513977000416,0.5929183515308433,1.0,0.48261926724124216,0.47593259840002483,0.594626127924107,0.6000273949437156
0,8,0.43178768472618406,0.8728021312666505,4129,2.2000059214505283,0.4433139534883721,688,2.2051578466884627,0.4194,0.6629312052817447,0.07177174533660921,,,0.7179344084470942,,0.7179509060790121,0.28204909392098787,0,0.38706196971011525,5,0.1,0.5,0.4582229227417949,0.489781350205643,0.48549552943328067,0.495769408731275,0.48176539728728485,0.48769955980500496,0.48303837571285596,0.48261926724124216,1.0,0.4099269937185781,0.4872887350016351,0.4974154885179554
0,9,0.4747365853379643,0.8649337665583604,4001,2.2112496353331066,0.383808095952024,667,2.2052061534918153,0.4188,0.653228952317534,0.07072133826059482,,,0.7,,0.7,0.30000000000000004,0,0.38694083356284825,5,0.1,0.5,0.45715739313579007,0.4705043086463506,0.47663799677017915,0.4873465752875883,0.47937710972374775,0.4724236657660786,0.4918269335245905,0.47593259840002483,0.4099269937185781,1.0,0.4841954609581089,0.4816179454514537
0,10,0.37933622557120245,0.8820262278220622,3889,2.2077863897596086,0.41358024691358025,648,2.2049160293115975,0.4195,0.7867550437526184,0.08517743951803788,,,0.9468201428033647,,0.94683499824306,0.053165001756939945,0,0.3875567448762498,5,0.1,0.5,0.57320779636352,0.5982595714802272,0.5948146441130653,0.6126288345354372,0.6087999329434104,0.604614573976193,0.6077224548191094,0.594626127924107,0.4872887350016351,0.4841954609581089,1.0,0.6214244175498558
0,11,0.38466040743280105,0.8753363228699551,3791,2.201419496536255,0.4430379746835443,632,2.2049189802175895,0.4198,0.7824447666166339,0.0847107906252578,,,0.9388526871039443,,0.9388685306962502,0.0611314693037498,0,0.38755528444211623,5,0.1,0.5,0.5682079253436494,0.5966422724242595,0.5767916803730647,0.6048170380615941,0.6136325033710107,0.6017294230037773,0.6007350183071571,0.6000273949437156,0.4974154885179554,0.4816179454514537,0.6214244175498558,1.0
1,0,0.25984969296880384,0.9205746286827368,8214,2.051313098086867,0.6815193571950329,1369,2.056063383151167,0.6728,0.7958704127612581,0.08500077536257233,,,0.9489986077873529,,0.9490035640781085,0.050996435921891514,0.9573216102908234,0.404921714746862,5,0.1,0.5,1.0,0.619578876605434,0.6121815274434,0.622245764672732,0.6212355220196444,0.6051279998764122,0.5793635684472201,0.6184655830525606,0.5946429874758931,0.61881568625311,0.609209703250923,0.6168241409980861
1,1,0.28325578301729076,0.9139336781259507,6574,2.0641065529414586,0.666970802919708,1096,2.056058375218425,0.6728,0.8089701543700081,0.08563987268365021,,,0.9651482198807713,,0.9651674112745344,0.034832588725465574,0.957330408145508,0.40492360916687153,5,0.1,0.5,0.619578876605434,1.0,0.6230989868586791,0.630995360019515,0.6252081919085093,0.6222956116217755,0.5974253983264878,0.6191404847228891,0.6091327227613179,0.6360729937205265,0.6343917539683245,0.6285415288164793
1,2,0.28166421501490785,0.9145426249351548,5783,2.053246209698339,0.6742738589211619,964,2.0560568510153043,0.6728,0.8084546676223333,0.08489503167924241,,,0.9463265273220062,,0.9463430550675167,0.0536569449324833,0.9573260154180094,0.4049212711165368,5,0.1,0.5,0.6121815274434,0.6230989868586791,1.0,0.6385793269459706,0.6235087918195996,0.6163636268098186,0.6054202269375472,0.629742764771508,0.6123550533001835,0.6274254450717278,0.6304691646088815,0.6257623340705727
1,3,0.2812990666933762,0.9126158501986004,5287,2.062756751264845,0.6719636776390465,881,2.056058025969484,0.6728,0.8208761809845515,0.08622761019811072,,,0.9799999999747305,,0.9800010039656644,0.019998996034335637,0.9573357418731925,0.40492435940567273,5,0.1,0.5,0.622245764672732,0.630995360019515,0.6385793269459706,1.0,0.6349705697059619,0.6429817916979966,0.620408638012488,0.6339482616672681,0.6245754040967674,0.6469114747815585,0.6358638435970814,0.6305042176845097
1,4,0.3017288149556806,0.9109625126646403,4935,2.0528503839786234,0.6982968369829684,822,2.056050374865913,0.6728,0.8153313647990322,0.08524031727556301,,,0.9550516905453753,,0.955077556347573,0.044922443652427035,0.9573287577971297,0.4049226140504963,5,0.1,0.5,0.6212355220196444,0.6252081919085093,0.6235087918195996,0.6349705697059619,1.0,0.6354928598634247,0.6081345150355492,0.6350244790941028,0.6211233827780734,0.6398516018026288,0.6354954004999831,0.6329287557290483
1,5,0.2990297638619803,0.9068352260552818,4667,2.0588578891754152,0.6593830334190232,778,2.056054662210873,0.6728,0.8144482931318462,0.0848944832640878,,,0.9463126691947367,,0.9463279955825511,0.053672004417448904,0.9573240464715578,0.4049212694467586,5,0.1,0.5,0.6051279998764122,0.6222956116217755,0.6163636268098186,0.6429817916979966,0.6354928598634247,1.0,0.6134766548147889,0.6381750572371707,0.6254041520971626,0.6329198852747432,0.6357663999252923,0.638338997102082
1,6,0.3285498752498201,0.8970581630361554,4453,2.0460863411426544,0.6859838274932615,742,2.0560576999530245,0.6728,0.7907957609268172,0.08401873731399322,,,0.924183085921634,,0.9241955725114201,0.07580442748857985,0.957317270734326,0.404915623762085,5,0.1,0.5,0.5793635684472201,0.5974253983264878,0.6054202269375472,0.620408638012488,0.6081345150355492,0.6134766548147889,1.0,0.6123491272976213,0.595715693209358,0.6134886829860953,0.6078805403592448,0.6216513840814667
1,7,0.33109060531732304,0.8990881458966565,4277,2.0550509691238403,0.6760168302945302,713,2.0560569058591947,0.6727,0.8156910813984962,0.08435655501520119,,,0.9327195398432336,,0.9327343004869233,0.0672656995130767,0.9573132613111045,0.40491827469591085,5,0.1,0.5,0.6184655830525606,0.6191404847228891,0.629742764771508,0.6339482616672681,0.6350244790941028,0.6381750572371707,0.6123491272976213,1.0,0.617209607099045,0.6352008143885647,0.6335000134912926,0.6482495953694514
1,8,0.3540610816821251,0.8955679341244853,4129,2.0490793043916877,0.6875,688,2.056511460782621,0.6718,0.7943097256212939,0.07514701898325526,,,0.7,,0.7,0.30000000000000004,0.9555502906051794,0.40420380356074626,5,0.1,0.5,0.5946429874758931,0.6091327227613179,0.6123550533001835,0.6245754040967674,0.6211233827780734,0.6254041520971626,0.595715693209358,0.617209607099045,1.0,0.6250497854854299,0.6207619731447614,0.6285328626082863
1,9,0.34103884624878805,0.8963259185203699,4001,2.063608623686291,0.6656671664167916,667,2.0565918703048753,0.6716,0.8148738987738589,0.07516813697848049,,,0.7005336392750056,,0.7005572009437278,0.29944279905627225,0.9554304096146052,0.4042117252989811,5,0.1,0.5,0.61881568625311,0.6360729937205265,0.6274254450717278,0.6469114747815585,0.6398516018026288,0.6329198852747432,0.6134886829860953,0.6352008143885647,0.6250497854854299,1.0,0.6445635924763803,0.6528402076953602
1,10,0.332751899243134,0.8989971715093854,3889,2.060768513452439,0.6358024691358025,648,2.0560524059941594,0.6728,0.8168748604314746,0.08480249884904686,,,0.9439882773180102,,0.9439987952412028,0.05600120475879722,0.9573206935670495,0.40492082593301415,5,0.1,0.5,0.609209703250923,0.6343917539683245,0.6304691646088815,0.6358638435970814,0.6354954004999831,0.6357663999252923,0.6078805403592448,0.6335000134912926,0.6207619731447614,0.6445635924763803,1.0,0.6436657591393389
1,11,0.32899118517564624,0.8989712476919018,3791,2.0526030242443083,0.6582278481012658,632,2.05605430001268,0.6728,0.820183465052641,0.08460896239679633,,,0.9390977253993897,,0.9391094824557,0.06089051754429997,0.9573136819121447,0.4049198607865626,5,0.1,0.5,0.6168241409980861,0.6285415288164793,0.6257623340705727,0.6305042176845097,0.6329287557290483,0.638338997102082,0.6216513840814667,0.6482495953694514,0.6285328626082863,0.6528402076953602,0.6436657591393389,1.0
2,0,0.2398801340123617,0.9272705137570002,8214,1.8603825846383737,0.8422205989773557,1369,1.86687948414312,0.8325,0.8038073224724107,0.08414167071044654,,,0.9293963668361083,,0.9294061543095227,0.07059384569047733,0.9687071747921071,0.40607199420249757,5,0.1,0.5,1.0,0.6221323034618086,0.6226871474288244,0.6272698688083932,0.6304985549710427,0.6216920109539465,0.5994250080977936,0.6103477075003352,0.6266231431979259,0.6235625800938012,0.6222773474056693,0.6203309212005718
2,1,0.25193521424730136,0.9240036507453605,6574,1.878172527040754,0.8257299270072993,1096,1.8668765648485373,0.8326,0.8031251175374686,0.08454034317408127,,,0.9445147156756857,,0.9445258772149993,0.055474122785000746,0.9687185788392808,0.406076258432339,5,0.1,0.5,0.6221323034618086,1.0,0.6171195005261892,0.6238120859596213,0.6211596892357666,0.6198770000649572,0.6062118868792276,0.6153753584458488,0.6267223694457107,0.6290397266888508,0.6177251482994155,0.6191246095959345
2,2,0.25678269153574057,0.9236036659173439,5783,1.8636080103535806,0.83298755186722,964,1.8668732235606866,0.8326,0.8092192222551593,0.08426004020168507,,,0.9338851425197656,,0.9338989006575975,0.06610109934240249,0.9687090364306052,0.40607342669830265,5,0.1,0.5,0.6226871474288244,0.6171195005261892,1.0,0.6268478546743291,0.6317326596057409,0.6219754704288841,0.6121365719446797,0.6240148824811271,0.6310657123319683,0.6368523426514746,0.6258226461637487,0.6311721496102862
2,3,0.2506725339342402,0.9220730092680159,5287,1.875294110604695,0.8217934165720772,881,1.8668811191766026,0.8326,0.8188581466015891,0.08547609388729409,,,0.9799999999620782,,0.9800010039656644,0.019998996034335637,0.9687228722799281,0.4060798223373469,5,0.1,0.5,0.6272698688083932,0.6238120859596213,0.6268478546743291,1.0,0.6439941487980634,0.6419598996343175,0.6236067773937636,0.6355920867767768,0.6382770933791774,0.6413372639537762,0.6353124568108007,0.6312022122067653
2,4,0.27128445493718306,0.9191489361702128,4935,1.8622844998653119,0.8442822384428224,822,1.866870645897838,0.8325,0.8159597179145262,0.08472272897044522,,,0.9514311002879441,,0.9514482204708599,0.04855177952914014,0.9687159740340988,0.406077510982022,5,0.1,0.5,0.6304985549710427,0.6211596892357666,0.6317326596057409,0.6439941487980634,1.0,0.6352668340689166,0.6092112868800157,0.6343171270694046,0.6412632213960544,0.6357408739484876,0.627252055068,0.6347546511440856
2,5,0.2662142751100537,0.9179344332547675,4667,1.871802101135254,0.8303341902313625,778,1.8668705944816906,0.8326,0.817533292618287,0.08454889279533424,,,0.9448389320897573,,0.944847146227599,0.05515285377240098,0.968713593047173,0.40607628860753014,5,0.1,0.5,0.6216920109539465,0.6198770000649572,0.6219754704288841,0.6419598996343175,0.6352668340689166,1.0,0.6328635312963229,0.6287129220794156,0.6453332590857994,0.6418700525329859,0.6356516495839253,0.6379804573568953
2,6,0.2981405059248209,0.9076577588142825,4453,1.8525823950767517,0.862533692722372,742,1.8668995044482783,0.8323,0.799079715163476,0.0833281487343452,,,0.8985462075067419,,0.8985593092716229,0.10144069072837714,0.9686721803132743,0.40605530199364653,5,0.1,0.5,0.5994250080977936,0.6062118868792276,0.6121365719446797,0.6236067773937636,0.6092112868800157,0.6328635312963229,1.0,0.6114855157143925,0.629334870385812,0.6264337548575118,0.6117077532853543,0.6247708830678934
2,7,0.29426400799498853,0.9114800093523497,4277,1.8638448145078577,0.8345021037868162,713,1.866873203375088,0.8325,0.810323710698279,0.08394256141377662,,,0.9218457981893188,,0.9218613523417499,0.07813864765825007,0.9686945427793072,0.4060690919569884,5,0.1,0.5,0.6103477075003352,0.6153753584458488,0.6240148824811271,0.6355920867767768,0.6343171270694046,0.6287129220794156,0.6114855157143925,1.0,0.6373845013966533,0.6301094667524993,0.6287076908152048,0.6381867276819665
2,8,0.29245039760367947,0.9104383627997094,4129,1.8577114343643188,0.8299418604651163,688,1.867869761805184,0.8321,0.8184730804440213,0.07813911357239064,,,0.701769026047981,,0.7017870588825862,0.2982129411174138,0.9669010004099311,0.40527944647709313,5,0.1,0.5,0.6266231431979259,0.6267223694457107,0.6310657123319683,0.6382770933791774,0.6412632213960544,0.6453332590857994,0.629334870385812,0.6373845013966533,1.0,0.6475646684319377,0.6413073528367528,0.6487001353677591
2,9,0.30253059938161947,0.9107223194201449,4001,1.875900382087344,0.8125937031484258,667,1.8679854191911107,0.8319,0.8167308072970979,0.07809246416773236,,,0.7,,0.7,0.30000000000000004,0.9668789249377947,0.40526183382445574,5,0.1,0.5,0.6235625800938012,0.6290397266888508,0.6368523426514746,0.6413372639537762,0.6357408739484876,0.6418700525329859,0.6264337548575118,0.6301094667524993,0.6475646684319377,1.0,0.6404580815310458,0.6437162096430492
2,10,0.2914775376742492,0.9124710722550784,3889,1.8738750616709392,0.8117283950617284,648,1.8668691677788196,0.8326,0.8147856540755412,0.08439251683470103,,,0.9389088854007465,,0.9389187289794689,0.06108127102053107,0.9687124464754623,0.40607485241443464,5,0.1,0.5,0.6222773474056693,0.6177251482994155,0.6258226461637487,0.6353124568108007,0.627252055068,0.6356516495839253,0.6117077532853543,0.6287076908152048,0.6413073528367528,0.6404580815310458,1.0,0.6504245916193058
2,11,0.2943890751879506,0.9085729359008178,3791,1.8645736515522002,0.8275316455696202,632,1.8668718528442871,0.8325,0.8191214035491756,0.08441542553776778,,,0.9397776230137427,,0.9397921791074745,0.06020782089252552,0.9687122021479878,0.40607510217319137,5,0.1,0.5,0.6203309212005718,0.6191246095959345,0.6311721496102862,0.6312022122067653,0.6347546511440856,0.6379804573568953,0.6247708830678934,0.6381867276819665,0.6487001353677591,0.6437162096430492,0.6504245916193058,1.0
3,0,0.22156841883305387,0.933990747504261,8214,1.640468259190404,0.8991964937910883,1369,1.6488593774862563,0.9016,0.7972323584043602,0.08388027659718326,,,0.9336923656871812,,0.9337031273530445,0.0662968726469555,0.9689067994226848,0.3987899592688548,5,0.1,0.5,1.0,0.6105543304185606,0.6113051974931536,0.6220739698181205,0.6198006591485787,0.6108114588709426,0.6071749912532968,0.6110581597808128,0.6120588813633602,0.49999788815155416,0.6059420969202136,0.6086129144633035
3,1,0.23352943590154998,0.9291146942500761,6574,1.6635117019925798,0.8978102189781022,1096,1.6488497306744512,0.9016,0.7964932698725665,0.08411959111594196,,,0.9407216789971993,,0.9407409266603082,0.059259073339691826,0.9689257997752435,0.39879180003328296,5,0.1,0.5,0.6105543304185606,1.0,0.6094151137985384,0.6179012184581447,0.6055901923853994,0.6085368813845442,0.6037664544950369,0.6108671205699701,0.6168839906147376,0.5047924685960912,0.6092198056427512,0.6138185562345864
3,2,0.2347445621608,0.9307971641016773,5783,1.6454556257494035,0.9024896265560166,964,1.648845098270014,0.9017,0.8008985958807415,0.0840873672395142,,,0.9397751767764023,,0.9397871592791527,0.060212840720847316,0.9689145403523124,0.3987915681775918,5,0.1,0.5,0.6113051974931536,0.6094151137985384,1.0,0.6246803829271014,0.6168726803094847,0.6101394640703479,0.6125783189799373,0.6170630471008227,0.6175403113278934,0.5003122245199189,0.6140506750703533,0.6200454930945095
3,3,0.22677366951542222,0.9303953092491015,5287,1.6583880484104156,0.8955732122587968,881,1.6488560053487173,0.9015,0.8169103914287451,0.08545683019845786,,,0.9799999999706273,,0.9800010039656644,0.019998996034335637,0.9689426315478731,0.3987966005492608,5,0.1,0.5,0.6220739698181205,0.6179012184581447,0.6246803829271014,1.0,0.634092464245243,0.6339562460823223,0.6296783674275014,0.6296029683105349,0.6396772557362246,0.5125604106595992,0.6297727238782347,0.6286667119741515
3,4,0.25174633045350353,0.9261195542046606,4935,1.6431113114723792,0.916058394160584,822,1.648841793544757,0.9015,0.8091693841830075,0.0846846961722097,,,0.9573203396809946,,0.9573314592640931,0.04266854073590687,0.9689314738476905,0.39879478289032305,5,0.1,0.5,0.6198006591485787,0.6055901923853994,0.6168726803094847,0.634092464245243,1.0,0.6276793243940919,0.6193700695491438,0.6220078747314624,0.626387451500375,0.5083263815582468,0.6193458983972071,0.6318378696064851
3,5,0.24273198593331322,0.927533747589458,4667,1.6554262781143187,0.9023136246786633,778,1.6488401718413868,0.9015,0.8085000791956757,0.08454563142063101,,,0.9532356326005518,,0.9532503388384117,0.046749661161588296,0.9689311410001538,0.39879420592785275,5,0.1,0.5,0.6108114588709426,0.6085368813845442,0.6101394640703479,0.6339562460823223,0.6276793243940919,1.0,0.6270283346638441,0.6242762235683789,0.6262516799402346,0.5062066066466048,0.621676734062139,0.6290896600734959
3,6,0.2649887820173587,0.9191556254210644,4453,1.630447159210841,0.9056603773584906,742,1.6488921733709951,0.9017,0.8065479019420707,0.08366526972359879,,,0.9273770335206583,,0.9273932031524522,0.07260679684754778,0.9688651044384313,0.39878785833218044,5,0.1,0.5,0.6071749912532968,0.6037664544950369,0.6125783189799373,0.6296783674275014,0.6193700695491438,0.6270283346638441,1.0,0.6253467473690467,0.6234844090912462,0.5136117139555614,0.6150048616352519,0.6359937617521677
3,7,0.26948841995795936,0.9186345569324292,4277,1.643246204956718,0.9116409537166901,713,1.6488492393645997,0.9016,0.8086146289880384,0.08414632112241659,,,0.9415068114298806,,0.941529039706842,0.058470960293158014,0.9689050451801503,0.39879200552528077,5,0.1,0.5,0.6110581597808128,0.6108671205699701,0.6170630471008227,0.6296029683105349,0.6220078747314624,0.6242762235683789,0.6253467473690467,1.0,0.6313208424600802,0.5054933603210222,0.6181912936678259,0.6345922934888051
3,8,0.26605964647283425,0.9198837490917898,4129,1.6380856145511975,0.9171511627906976,688,1.6501057871614402,0.9015,0.8117046685882511,0.08039415384407876,,,0.8312955316135098,,0.8313136890718338,0.16868631092816622,0.9669081063358658,0.3986704218972314,5,0.1,0.5,0.6120588813633602,0.6168839906147376,0.6175403113278934,0.6396772557362246,0.626387451500375,0.6262516799402346,0.6234844090912462,0.6313208424600802,1.0,0.5152031801483464,0.6340921216382596,0.6420192557355474
3,9,0.3626936576782822,0.9028742814296425,4001,1.6599023682730538,0.8845577211394303,667,1.6510125234865913,0.9018,0.684912059600769,0.0759241685727617,,,0.7,,0.7,0.30000000000000004,0.9666102193621308,0.3979454650572192,5,0.1,0.5,0.49999788815155416,0.5047924685960912,0.5003122245199189,0.5125604106595992,0.5083263815582468,0.5062066066466048,0.5136117139555614,0.5054933603210222,0.5152031801483464,1.0,0.5032914445734521,0.5170478182188422
3,10,0.2685229665332581,0.921213679609154,3889,1.6584280729293823,0.8873456790123457,648,1.6488414073523623,0.9015,0.8065921054716886,0.08437481562510002,,,0.9482183116652597,,0.9482305105165403,0.05176948948345972,0.9689208081066591,0.3987933559636791,5,0.1,0.5,0.6059420969202136,0.6092198056427512,0.6140506750703533,0.6297727238782347,0.6193458983972071,0.621676734062139,0.6150048616352519,0.6181912936678259,0.6340921216382596,0.5032914445734521,1.0,0.637987338436108
3,11,0.27108331476612124,0.9181218675811131,3791,1.6481562793254851,0.9034810126582279,632,1.6488438170557966,0.9015,0.8160416437928519,0.08472087836810638,,,0.9583831084278365,,0.9583956628683299,0.04160433713167011,0.9689255999257086,0.39879491533324146,5,0.1,0.5,0.6086129144633035,0.6138185562345864,0.6200454930945095,0.6286667119741515,0.6318378696064851,0.6290896600734959,0.6359937617521677,0.6345922934888051,0.6420192557355474,0.5170478182188422,0.637987338436108,1.0
4,0,0.20783484747618844,0.9377891404918431,8214,1.3928712301476056,0.9306062819576333,1369,1.4030988879097155,0.9278,0.7860563838170007,0.08328903771246222,,,0.9149824522069518,,0.9149942271974298,0.08500577280257016,0.9688436120194678,0.3988528164334825,5,0.1,0.5,1.0,0.5952075624053759,0.5944230548510951,0.5932871671316162,0.6029448953935911,0.596949959498479,0.5884951567183093,0.5931186583670746,0.5878833413102084,0.5921720706684479,0.5862575923261714,0.5909966721138793
4,1,0.2166619568972767,0.9350775783389108,6574,1.4199040276663644,0.927007299270073,1096,1.403103316173005,0.9278,0.7915869921527854,0.08364173910153995,,,0.9302513677259279,,0.9302745846092063,0.06972541539079369,0.9688617348087512,0.39885987967876707,5,0.1,0.5,0.5952075624053759,1.0,0.5927688097692972,0.595125290878269,0.5989299597770879,0.5993562268680773,0.5947385291004174,0.5990453183500912,0.6021115674039432,0.598588299894921,0.5988791440200445,0.5994558011371787
4,2,0.21333682712898153,0.9383365035448729,5783,1.3998690112944572,0.9336099585062241,964,1.403093006664191,0.9278,0.7957348054947889,0.08376547875878358,,,0.9356082232170292,,0.9356307414286431,0.06436925857135689,0.9688693163928795,0.3988617271906023,5,0.1,0.5,0.5944230548510951,0.5927688097692972,1.0,0.6012325301900778,0.6095998979100806,0.5961998906917508,0.6051079636021109,0.6029403312570997,0.6025342918266026,0.6073618247589739,0.5976840533518896,0.6045852594545102
4,3,0.2122821121925421,0.9347077737847551,5287,1.4140789125646864,0.9194097616345063,881,1.4031049862456397,0.9279,0.7990138725097417,0.08479089810177849,,,0.9799999999567086,,0.9800010039656644,0.019998996034335637,0.9688950958178508,0.3988678883107637,5,0.1,0.5,0.5932871671316162,0.595125290878269,0.6012325301900778,1.0,0.6108672939082732,0.6101875476364511,0.6058076881758468,0.6033160039264601,0.6128610271835458,0.602097893934364,0.6046734351334745,0.5994675961674777
4,4,0.23094307232107367,0.9302532928064843,4935,1.396876729451693,0.9416058394160584,822,1.4030863000942877,0.9278,0.8022779468609613,0.08439168748798753,,,0.9627176378084001,,0.9627327945384268,0.03726720546157325,0.9688848534886848,0.3988669627659343,5,0.1,0.5,0.6029448953935911,0.5989299597770879,0.6095998979100806,0.6108672939082732,1.0,0.6070081442019257,0.6029160774748371,0.6059898338542705,0.609838290030503,0.6078981545730456,0.6020000814254538,0.6158099175670713
4,5,0.22248090214976302,0.9319905721019928,4667,1.411444296836853,0.9280205655526992,778,1.4030818508836789,0.9278,0.8026543655240339,0.0843123872420719,,,0.9592846239530084,,0.9592942121379449,0.04070578786205514,0.9688852944670882,0.39886661287399333,5,0.1,0.5,0.596949959498479,0.5993562268680773,0.5961998906917508,0.6101875476364511,0.6070081442019257,1.0,0.6143055700333998,0.6115491453868545,0.6190160734658581,0.6082812914735736,0.6051742873427202,0.6105141839066182
4,6,0.24346321988751046,0.9284976420390748,4453,1.3807362616062164,0.9245283018867925,742,1.4031485102047174,0.9278,0.7988930607321642,0.08359532962565643,,,0.9282422393570307,,0.9282566136238141,0.07174338637618594,0.9688527889337389,0.39885911250470124,5,0.1,0.5,0.5884951567183093,0.5947385291004174,0.6051079636021109,0.6058076881758468,0.6029160774748371,0.6143055700333998,1.0,0.6088614940003452,0.6038638024025308,0.6087125801704575,0.600426707255704,0.6131175956294553
4,7,0.24550035534245865,0.9283142389525368,4277,1.3946453903032385,0.94109396914446,713,1.4030942524583956,0.9278,0.7994226966420394,0.08393375257416366,,,0.9428930220600754,,0.9429044726670348,0.05709552733296519,0.9688739372309711,0.3988636939706573,5,0.1,0.5,0.5931186583670746,0.5990453183500912,0.6029403312570997,0.6033160039264601,0.6059898338542705,0.6115491453868545,0.6088614940003452,1.0,0.6054669883270795,0.6001921063620537,0.60381234559853,0.6141155867754352
4,8,0.23931110911982476,0.9286994429643982,4129,1.3912643140012568,0.934593023255814,688,1.4046923710515324,0.9276,0.8003778371350284,0.08147208936604347,,,0.8363243247854649,,0.836338537222027,0.163661462777973,0.9684477583450724,0.3987435387239404,5,0.1,0.5,0.5878833413102084,0.6021115674039432,0.6025342918266026,0.6128610271835458,0.609838290030503,0.6190160734658581,0.6038638024025308,0.6054669883270795,1.0,0.6084461342868105,0.6024291917585353,0.621114113155779
4,9,0.2549206838881045,0.9274181454636341,4001,1.4162077109018962,0.9145427286356822,667,1.406360901582736,0.9279,0.7953326105583796,0.0783230917403011,,,0.7,,0.7,0.30000000000000004,0.9666840945750882,0.3979570692686434,5,0.1,0.5,0.5921720706684479,0.598588299894921,0.6073618247589739,0.602097893934364,0.6078981545730456,0.6082812914735736,0.6087125801704575,0.6001921063620537,0.6084461342868105,1.0,0.6055889709535525,0.6095399654699303
4,10,0.24259460561557628,0.9282591925944973,3889,1.414528562909081,0.9089506172839507,648,1.403084277725829,0.9278,0.7968062461849053,0.08399412324624944,,,0.9455065493113062,,0.9455298428793735,0.05447015712062653,0.9688798510807924,0.3988643655103698,5,0.1,0.5,0.5862575923261714,0.5988791440200445,0.5976840533518896,0.6046734351334745,0.6020000814254538,0.6051742873427202,0.600426707255704,0.60381234559853,0.6024291917585353,0.6055889709535525,1.0,0.6159417331644996
4,11,0.2340655664028991,0.929622790820364,3791,1.4044980883598328,0.9224683544303798,632,1.403086365983128,0.9278,0.8044105276752596,0.08449038504296243,,,0.9669903871524892,,0.9670046684403394,0.03299533155966061,0.9688845741113563,0.39886729341570243,5,0.1,0.5,0.5909966721138793,0.5994558011371787,0.6045852594545102,0.5994675961674777,0.6158099175670713,0.6105141839066182,0.6131175956294553,0.6141155867754352,0.621114113155779,0.6095399654699303,0.6159417331644996,1.0
5,0,0.19150560200431815,0.9429754078402727,8214,1.151855513106945,0.9466764061358656,1369,1.1637405383701143,0.9401,0.7743494865696955,0.0836327893939834,,,0.939330602138871,,0.939345414386828,0.06065458561317205,0.9664050207721548,0.382769770386264,5,0.1,0.5,1.0,0.576043661975614,0.5729247046335892,0.5756691209990971,0.5867354214486633,0.569590499591788,0.5704348172100204,0.5745428335559815,0.35967509967991323,0.5759856297130375,0.5723409870467752,0.5751342157250706
5,1,0.2037101845596058,0.9400669303316094,6574,1.1804175070353917,0.9397810218978102,1096,1.1637389873163388,0.9401,0.7768491937628257,0.08395928916115387,,,0.947606182582508,,0.9476231112895939,0.05237688871040613,0.9664254597743783,0.3827720976607135,5,0.1,0.5,0.576043661975614,1.0,0.5713371294447435,0.5797759461385951,0.5751869489220719,0.5716710448310488,0.5790255947707313,0.5804779299680775,0.36002608565753486,0.5770282141429305,0.5817174110952623,0.5779030961323786
5,2,0.20174884731979084,0.9406536399792496,5783,1.1612682707848088,0.9439834024896265,964,1.163726369032083,0.9401,0.7816187828515262,0.08421196600681963,,,0.9540106207255209,,0.9540233923999799,0.04597660760002009,0.9664422615242654,0.38277337584623583,5,0.1,0.5,0.5729247046335892,0.5713371294447435,1.0,0.5870210790888539,0.585547591083969,0.5684633783458873,0.5930102651126435,0.5854891055075918,0.3637025684045279,0.5820083844899295,0.5818543040621028,0.5820351736794672
5,3,0.20125501239251525,0.9387176092301872,5287,1.1764469487326485,0.927355278093076,881,1.163748018276958,0.9401,0.7910315711029346,0.0852373353246022,,,0.9799999999746536,,0.9800010039656644,0.019998996034335637,0.9664712417679165,0.3827756357073356,5,0.1,0.5,0.5756691209990971,0.5797759461385951,0.5870210790888539,1.0,0.5965677713980949,0.5939998887168823,0.5947287048123528,0.5855041813757713,0.3706902143852997,0.5951194224740752,0.5900714962117217,0.5859849088132295
5,4,0.2080324210094348,0.9399392097264437,4935,1.156861933378073,0.9537712895377128,822,1.1637298813262307,0.9401,0.7895516025163717,0.08491566378107018,,,0.9718467974226339,,0.971858842427589,0.02814115757241098,0.9664651738622192,0.38277525912251437,5,0.1,0.5,0.5867354214486633,0.5751869489220719,0.585547591083969,0.5965677713980949,1.0,0.588197720433564,0.5857124163067262,0.587932521538186,0.3598468635560827,0.591305452514946,0.5886508735385375,0.5972783858847267
5,5,0.20602338130981343,0.9387615170344975,4667,1.1744551706314086,0.9408740359897172,778,1.1637173028418812,0.9401,0.7847735330860071,0.08469264782724512,,,0.966194154904423,,0.9662115355654837,0.03378846443451633,0.9664631216970438,0.3827748636980534,5,0.1,0.5,0.569590499591788,0.5716710448310488,0.5684633783458873,0.5939998887168823,0.588197720433564,1.0,0.5974957841068418,0.5893094783101782,0.3663192385302108,0.58604703214311,0.5808726048283478,0.5876076757820421
5,6,0.2196448352560401,0.9343364024253312,4453,1.1392742618918419,0.9393530997304582,742,1.1637864760316599,0.9401,0.7904809775679881,0.08441172455565962,,,0.9590737726982035,,0.9590833793484262,0.040916620651573754,0.9664298196009674,0.3827741192247074,5,0.1,0.5,0.5704348172100204,0.5790255947707313,0.5930102651126435,0.5947287048123528,0.5857124163067262,0.5974957841068418,1.0,0.5941475073059155,0.36365768505486307,0.5952188038633456,0.584921701020798,0.597272210298625
5,7,0.22618121363556207,0.9339724105681553,4277,1.1529667636622554,0.9495091164095372,713,1.1637285930660968,0.9401,0.7874977236996691,0.0845340340288373,,,0.9621738725637334,,0.9621856332513428,0.037814366748657235,0.96645078797167,0.3827744745548157,5,0.1,0.5,0.5745428335559815,0.5804779299680775,0.5854891055075918,0.5855041813757713,0.587932521538186,0.5893094783101782,0.5941475073059155,1.0,0.36671476157226124,0.577820087861088,0.5834867276202007,0.600401403029528
5,8,0.32730799263463267,0.9162509082102204,4129,1.1525390256534924,0.9447674418604651,688,1.1660041058787143,0.9403,0.5427767069267784,0.07419038394492611,,,0.7,,0.7,0.30000000000000004,0.9643056343855422,0.3818720590272672,5,0.1,0.5,0.35967509967991323,0.36002608565753486,0.3637025684045279,0.3706902143852997,0.3598468635560827,0.3663192385302108,0.36365768505486307,0.36671476157226124,1.0,0.35484699252449203,0.36076028011621214,0.37349605183202556
5,9,0.22744361964746893,0.9324668832791803,4001,1.1780409415562947,0.9220389805097451,667,1.1672899949664888,0.9399,0.7831108375327325,0.08059556052609539,,,0.8623479076647873,,0.8623613272426083,0.13763867275739172,0.9642224450866115,0.3827001736809862,5,0.1,0.5,0.5759856297130375,0.5770282141429305,0.5820083844899295,0.5951194224740752,0.591305452514946,0.58604703214311,0.5952188038633456,0.577820087861088,0.35484699252449203,1.0,0.5865548684482177,0.5917024376834376
5,10,0.21910582959010708,0.9358704037027513,3889,1.1754774479638963,0.9243827160493827,648,1.163719739967261,0.9401,0.7861484523913665,0.08452685792517704,,,0.9619919844612488,,0.9620049194317555,0.03799508056824452,0.9664539569893124,0.38277443869920375,5,0.1,0.5,0.5723409870467752,0.5817174110952623,0.5818543040621028,0.5900714962117217,0.5886508735385375,0.5808726048283478,0.584921701020798,0.5834867276202007,0.36076028011621214,0.5865548684482177,1.0,0.6023161201151092
5,11,0.22025826489787642,0.9332629912951728,3791,1.1667055130004882,0.939873417721519,632,1.1637283755948369,0.9401,0.7926385345518713,0.0850917475244301,,,0.976309879266827,,0.9763264896340546,0.02367351036594545,0.9664664147596469,0.3827754972703079,5,0.1,0.5,0.5751342157250706,0.5779030961323786,0.5820351736794672,0.5859849088132295,0.5972783858847267,0.5876076757820421,0.597272210298625,0.600401403029528,0.37349605183202556,0.5917024376834376,0.6023161201151092,1.0
6,0,0.1799926422764674,0.9449476503530557,8214,0.9137375687443933,0.9554419284149014,1369,0.9261866927908632,0.9476,0.7655383281864608,0.08328950719732404,,,0.9193185573099902,,0.9193313588675267,0.0806686411324733,0.9651278485488815,0.38624580138479503,5,0.1,0.5,1.0,0.5633405294610678,0.5530883480502798,0.5690958208519461,0.5634259611253242,0.5537507771940953,0.5416229354851486,0.5457208872187982,0.5474684471540561,0.5618179426443898,0.5466395479285031,0.5486483964006154
6,1,0.18667241256453496,0.9423790690599331,6574,0.9424902660506113,0.9425182481751825,1096,0.9261722195262726,0.9476,0.7739262949129998,0.08380566096691151,,,0.9373752928288489,,0.93739270116962,0.06260729883037996,0.9651549280704219,0.3862541896651209,5,0.1,0.5,0.5633405294610678,1.0,0.5655659983141161,0.5690708599147888,0.5571727089687472,0.5599308313609865,0.5538297655807772,0.5521976251889505,0.5619741011915295,0.569082108941122,0.5598112022570855,0.5597351523356007
6,2,0.18721586164159093,0.9451149922185716,5783,0.9249811307076485,0.950207468879668,964,0.9261677543195291,0.9476,0.7721974787933652,0.08391433047728707,,,0.9411769053006197,,0.9411977310375985,0.05880226896240148,0.9651588114726395,0.38625552575660554,5,0.1,0.5,0.5530883480502798,0.5655659983141161,1.0,0.5654398681523962,0.5576007695512166,0.5553337996266207,0.5570628176015829,0.5611571405701515,0.5580519073343214,0.5599810013310061,0.5597210300273313,0.5606330537749991
6,3,0.17801418544735803,0.9463968223945527,5287,0.9393884369305202,0.9364358683314415,881,0.9261817353221174,0.9476,0.7840880053518223,0.08502409290567015,,,0.9799999999650167,,0.9800010039656644,0.019998996034335637,0.9651772477756285,0.386261894065845,5,0.1,0.5,0.5690958208519461,0.5690708599147888,0.5654398681523962,1.0,0.5728339025366587,0.5783989418868798,0.5659644882365025,0.5633000081411776,0.5699194951321851,0.5717164053178972,0.5701173131589218,0.5632484278371618
6,4,0.19789837164563998,0.9415197568389058,4935,0.917879349910296,0.9574209245742092,822,0.9261660215953669,0.9476,0.7718412087310584,0.0843746831576922,,,0.9572815374572672,,0.9572963204658401,0.04270367953415988,0.9651728873830588,0.3862596253218932,5,0.1,0.5,0.5634259611253242,0.5571727089687472,0.5576007695512166,0.5728339025366587,1.0,0.5546001945064347,0.5432117620613529,0.5559694449403237,0.5587603789735349,0.5578591721149962,0.5580664334160047,0.5671143954324632
6,5,0.18822900461007472,0.9432611956288837,4667,0.9371050000190735,0.9460154241645244,778,0.9261535156649142,0.9476,0.7734982079610563,0.08428340830440804,,,0.9540884465948449,,0.9541037096531299,0.04589629034687015,0.9651707964231798,0.386259016438958,5,0.1,0.5,0.5537507771940953,0.5599308313609865,0.5553337996266207,0.5783989418868798,0.5546001945064347,1.0,0.5652698205906603,0.5640041391562556,0.5631918629677197,0.559880629112776,0.5499982584062896,0.5591543994790773
6,6,0.2098819456635309,0.9350101055468224,4453,0.9002469107508659,0.9501347708894878,742,0.9262197958394742,0.9476,0.7671450316155457,0.08386986452787232,,,0.9396213419482126,,0.9396315446011746,0.060368455398825405,0.9651604352764299,0.38625501156952713,5,0.1,0.5,0.5416229354851486,0.5538297655807772,0.5570628176015829,0.5659644882365025,0.5432117620613529,0.5652698205906603,1.0,0.549743942425,0.5511283400634724,0.5599158252093902,0.5540650075067376,0.5635717939440499
6,7,0.2090128658950996,0.9379003974748655,4277,0.912090565847314,0.9565217391304348,713,0.9261595879119044,0.9476,0.7698077627302181,0.08404625933093791,,,0.9457922051551254,,0.9458109532653983,0.054189046734601676,0.9651691904480529,0.38625692903557035,5,0.1,0.5,0.5457208872187982,0.5521976251889505,0.5611571405701515,0.5633000081411776,0.5559694449403237,0.5640041391562556,0.549743942425,1.0,0.5560448881019735,0.5571753656781078,0.5544188507314506,0.5697845328663019
6,8,0.20457148284767754,0.9387745216759505,4129,0.9168997054750269,0.9549418604651163,688,0.9288962091119907,0.948,0.7677149607191965,0.07702026212931012,,,0.7,,0.7,0.30000000000000004,0.9628217994853678,0.38530595184218314,5,0.1,0.5,0.5474684471540561,0.5619741011915295,0.5580519073343214,0.5699194951321851,0.5587603789735349,0.5631918629677197,0.5511283400634724,0.5560448881019735,1.0,0.5715316776967002,0.5582432314929517,0.5690828036712745
6,9,0.2103794048325018,0.9383154211447138,4001,0.9432543005262103,0.9280359820089955,667,0.9296369796362929,0.9477,0.7747142052943295,0.08157277028791377,,,0.8592615236212511,,0.8592741328246574,0.14072586717534263,0.9648431720797432,0.38617753611115924,5,0.1,0.5,0.5618179426443898,0.569082108941122,0.5599810013310061,0.5717164053178972,0.5578591721149962,0.559880629112776,0.5599158252093902,0.5571753656781078,0.5715316776967002,1.0,0.5608408612830509,0.567322919707679
6,10,0.20622230966987667,0.9391103111339676,3889,0.9384004530452547,0.9398148148148148,648,0.9261533814116408,0.9476,0.7714164438235157,0.08409834124764042,,,0.9476141997827416,,0.9476281311179158,0.05237186888208423,0.9651675377969771,0.38625745652750315,5,0.1,0.5,0.5466395479285031,0.5598112022570855,0.5597210300273313,0.5701173131589218,0.5580664334160047,0.5499982584062896,0.5540650075067376,0.5544188507314506,0.5582432314929517,0.5608408612830509,1.0,0.57277649946951
