round,client_id,client_i_training_loss,client_i_training_accuracy,client_i_training_dataset_size,client_i_evaluation_loss,client_i_evaluation_accuracy,client_i_evaluation_dataset_size,client_i_central_evaluation_loss,client_i_central_evaluation_accuracy,client_i_cosine_similarity,client_i_importance_coefficient,client_i_tanh_val,tanh_normalization_value,client_i_q,client_i_mask_order,client_i_v_nonzero_fraction,client_i_v_sparsity,client_i_v_cosine_similarity,client_i_reward_gradient_norm,local_epochs,learning_rate,gamma,client_0_cosine_similarity,client_1_cosine_similarity,client_2_cosine_similarity,client_3_cosine_similarity,client_4_cosine_similarity,client_5_cosine_similarity,client_6_cosine_similarity,client_7_cosine_similarity,client_8_cosine_similarity,client_9_cosine_similarity,client_10_cosine_similarity,client_11_cosine_similarity
0,0,2.086826824770827,0.4192111029948868,8214,2.264052945514058,0.23447772096420746,1369,2.2642116584716896,0.2324,0.9678064749203474,0.08155447665785356,,,0.75,,0.7500024163694532,0.2499975836305468,0,0.09879127500035882,5,0.001,0.1,1.0,0.9879117908780951,0.9754193711559993,0.9632662883647326,0.9575242544372458,0.9494699243000878,0.9415654251711704,0.9370292406658633,0.9237573591712577,0.9234440750879532,0.9214003159610694,0.91970060836953
0,1,2.1685353612436833,0.3765439610587162,6574,2.2644318989345007,0.22354014598540145,1096,2.264198593438243,0.2325,0.9909760805345471,0.08350691767700508,,,0.9498187285681874,,0.9498361701510715,0.05016382984892853,0,0.09881103112037694,5,0.001,0.1,0.9879117908780951,1.0,0.9920321079063625,0.9886110209858137,0.984593440305091,0.9789939984271283,0.9758716691344751,0.971642173554576,0.9597156981288553,0.9609359291764282,0.9604285504900674,0.956884885928624
0,2,2.1939862962585788,0.37731281341864087,5783,2.2631840321325485,0.24273858921161826,964,2.2641986429500887,0.2325,0.9956267501423309,0.08389881723109995,,,0.9899269161434041,,0.9899430703356821,0.010056929664317926,0,0.09881107381085905,5,0.001,0.1,0.9754193711559993,0.9920321079063625,1.0,0.9922743961274371,0.9907299924117924,0.9831735915364371,0.9861691045140721,0.9835074928174456,0.9709800685595236,0.9740679079612307,0.9751588112854046,0.9733817370358785
0,3,2.208713400794799,0.36232267826744846,5287,2.2655349544116428,0.2383654937570942,881,2.2641986368563227,0.2325,0.9967947556620198,0.08399724194860304,,,0.999999999897657,,1.0,0.0,0,0.09881107400808348,5,0.001,0.1,0.9632662883647326,0.9886110209858137,0.9922743961274371,1.0,0.9929706603290838,0.9917386290969489,0.990976077893097,0.9865878583260062,0.9782173357633543,0.9834358144661063,0.9830787868102407,0.9764467107521809
0,4,2.2181751761897917,0.3262816616008105,4935,2.2605337638121386,0.24330900243309003,822,2.264198634571161,0.2325,0.9962867005656795,0.08395442949738566,,,0.9956184439452711,,0.9956312040285712,0.004368795971428807,0,0.09881107398794181,5,0.001,0.1,0.9575242544372458,0.984593440305091,0.9907299924117924,0.9929706603290838,1.0,0.9930059387225055,0.9920355233248781,0.9901271293551366,0.9780558610791478,0.9813437894100224,0.9867187947012496,0.9827702673746038
0,5,2.222028619949132,0.33027640882794085,4667,2.2641859340667723,0.2442159383033419,778,2.2641986399032055,0.2325,0.9930833064627534,0.08368448799940748,,,0.9679918132892357,,0.9680072684393153,0.03199273156068472,0,0.09881106525415342,5,0.001,0.1,0.9494699243000878,0.9789939984271283,0.9831735915364371,0.9917386290969489,0.9930059387225055,1.0,0.9897991497824917,0.9870525625106106,0.9801313119222141,0.9813219556809121,0.9860156335804267,0.9781536061920112
0,6,2.2279829181943622,0.2930159443072086,4453,2.2656592230002084,0.2183288409703504,742,2.264198656661061,0.2325,0.9940241869866973,0.08376377349781676,,,0.9761061313816322,,0.9761214370632412,0.02387856293675883,0,0.09881107144825559,5,0.001,0.1,0.9415654251711704,0.9758716691344751,0.9861691045140721,0.990976077893097,0.9920355233248781,0.9897991497824917,1.0,0.9943346533793147,0.9834712715398229,0.9882729195891603,0.9929421433272895,0.987447129156556
0,7,2.233214922449482,0.31751227495908346,4277,2.2660178619882334,0.2131837307152875,713,2.2641986558993406,0.2325,0.9920722171671488,0.08359928619461052,,,0.9592720024784376,,0.9592890074520833,0.04071099254791666,0,0.09881105833589196,5,0.001,0.1,0.9370292406658633,0.971642173554576,0.9835074928174456,0.9865878583260062,0.9901271293551366,0.9870525625106106,0.9943346533793147,1.0,0.982971111901026,0.987825742110535,0.9924177536757335,0.9919469469752126
0,8,2.237863347713764,0.31712279002179705,4129,2.2628696615045722,0.2441860465116279,688,2.2641990192401145,0.2324,0.9828953714362051,0.08282597782113785,,,0.8801292808992763,,0.8801480751200935,0.11985192487990648,0,0.09880954970062061,5,0.001,0.1,0.9237573591712577,0.9597156981288553,0.9709800685595236,0.9782173357633543,0.9780558610791478,0.9801313119222141,0.9834712715398229,0.982971111901026,1.0,0.9819859697192912,0.984599727159131,0.9804971602850451
0,9,2.2416185409303697,0.28327918020494874,4001,2.262218168803624,0.2593703148425787,667,2.2641989240250266,0.2326,0.9857811874093803,0.08306915785508269,,,0.9050170622557365,,0.9050366804883,0.0949633195117,0,0.0988104220275487,5,0.001,0.1,0.9234440750879532,0.9609359291764282,0.9740679079612307,0.9834358144661063,0.9813437894100224,0.9813219556809121,0.9882729195891603,0.987825742110535,0.9819859697192912,1.0,0.9909437258985858,0.9894396917246452
0,10,2.243958327027618,0.30131139110311134,3889,2.2659663359324136,0.2037037037037037,648,2.2641979817765208,0.2325,0.9874164359327783,0.0832069558973434,,,0.9191197313420914,,0.9191434453562212,0.08085655464377883,0,0.09881068379742435,5,0.001,0.1,0.9214003159610694,0.9604285504900674,0.9751588112854046,0.9830787868102407,0.9867187947012496,0.9860156335804267,0.9929421433272895,0.9924177536757335,0.984599727159131,0.9909437258985858,1.0,0.9931350805803427
0,11,2.24561278840073,0.2968082300184648,3791,2.266669249534607,0.21835443037974683,632,2.26419904742378,0.2325,0.9842304070783567,0.08293847772265403,,,0.8916428616243828,,0.8916644919341588,0.10833550806584125,0,0.09881000615090976,5,0.001,0.1,0.91970060836953,0.956884885928624,0.9733817370358785,0.9764467107521809,0.9827702673746038,0.9781536061920112,0.987447129156556,0.9919469469752126,0.9804971602850451,0.9894396917246452,0.9931350805803427,1.0
1,0,1.8686247737491177,0.5261504747991235,8214,2.2115690541821857,0.40467494521548575,1369,2.2110632326656257,0.4089,0.9778226752424971,0.08171473757451829,,,0.75,,0.7500024163694532,0.2499975836305468,0.9689826608314251,0.0993855162965999,5,0.001,0.1,1.0,0.9945449549060962,0.9858031829106482,0.9804689982045897,0.975489107877665,0.9721185795288737,0.9664738624623365,0.9633011943820843,0.9581972496696299,0.9585508279685252,0.9557135838150398,0.954447216303321
1,1,1.99662546833742,0.4893824155765135,6574,2.211341667175293,0.3987226277372263,1096,2.211012614039948,0.4084,0.9916332746331488,0.0833606661889734,,,0.941460136277253,,0.9414851973207295,0.05851480267927045,0.9691929608684517,0.09941215874181625,5,0.001,0.1,0.9945449549060962,1.0,0.9953335187822995,0.9927482982670731,0.9902404907020278,0.9871932908356489,0.9838798151646022,0.9813536134288755,0.9771100697842079,0.9773343633999733,0.9755130725570452,0.9742981342875865
1,2,2.0460109601363294,0.4834514957634446,5783,2.2099005868357997,0.4024896265560166,964,2.211011856127852,0.4084,0.9965163496828365,0.08375929381447295,,,0.9878298869649436,,0.9878456616502836,0.012154338349716354,0.9692016534639762,0.09941240075338238,5,0.001,0.1,0.9858031829106482,0.9953335187822995,1.0,0.9964383582465888,0.9947183000347907,0.9917265262834436,0.9923783651938283,0.9902938238479968,0.9857381773829071,0.9859095516755355,0.9854575808024812,0.9837816996458374
1,3,2.0771891952997232,0.4757329298278797,5287,2.2118498172078813,0.38933030646992056,881,2.2110118812646347,0.4084,0.9978821686892421,0.08386391683148096,,,0.9999999998836765,,1.0,0.0,0.969202005426109,0.09941240183271763,5,0.001,0.1,0.9804689982045897,0.9927482982670731,0.9964383582465888,1.0,0.9965122472334763,0.9953794601213649,0.9944346691871874,0.9915200305342792,0.9887912510161585,0.9905705492959822,0.990083425062008,0.9868241292077937
1,4,2.094423494185171,0.44680851063829785,4935,2.2061180976720958,0.43309002433090027,822,2.211011875170869,0.4084,0.9978639526254766,0.08383702777018047,,,0.9968721708297632,,0.9968828834053411,0.003117116594658853,0.9692020180528397,0.09941240182623337,5,0.001,0.1,0.975489107877665,0.9902404907020278,0.9947183000347907,0.9965122472334763,1.0,0.9955072252957531,0.9953616971453308,0.9938176455289199,0.9899131030379226,0.990259558367415,0.9920586756231677,0.9895977655774655
1,5,2.1046025635444954,0.4508249410756375,4667,2.21099515914917,0.43573264781491,778,2.211011924682715,0.4084,0.9965766288842104,0.08362957827073142,,,0.9727409241363507,,0.97276268352326,0.027237316476739992,0.9692014702221586,0.09941236806141167,5,0.001,0.1,0.9721185795288737,0.9871932908356489,0.9917265262834436,0.9953794601213649,0.9955072252957531,1.0,0.9940242914809976,0.9927140476428038,0.9904889819583834,0.9899533252497734,0.9915476428881204,0.9874456042309907
1,6,2.117561594077519,0.4254659779923647,4453,2.21135542790095,0.4110512129380054,742,2.2110118812646347,0.4084,0.9976502359084344,0.08371299606070964,,,0.9824443713556976,,0.9824619905085008,0.017538009491499196,0.9692019515190382,0.09941239174185129,5,0.001,0.1,0.9664738624623365,0.9838798151646022,0.9923783651938283,0.9944346691871874,0.9953616971453308,0.9940242914809976,1.0,0.9969204991922009,0.9937965487419729,0.9940011995575316,0.9960981941445239,0.9934773528794352
1,7,2.1281613052780948,0.4667757774140753,4277,2.2145889531011167,0.3955119214586255,713,2.211012099116755,0.4084,0.9965757253707723,0.08357720877512007,,,0.9666491224151441,,0.9666685997622293,0.0333314002377707,0.9691994322207789,0.09941234019910157,5,0.001,0.1,0.9633011943820843,0.9813536134288755,0.9902938238479968,0.9915200305342792,0.9938176455289199,0.9927140476428038,0.9969204991922009,1.0,0.9940744422970921,0.9935645244932906,0.9953186488817422,0.995154749035538
1,8,2.1402469314061676,0.46960523129086945,4129,2.207245696674694,0.42296511627906974,688,2.21101731690355,0.4086,0.994028810530297,0.08301981098953207,,,0.9018106749563236,,0.901832574593325,0.098167425406675,0.9691352786293524,0.09941103808183241,5,0.001,0.1,0.9581972496696299,0.9771100697842079,0.9857381773829071,0.9887912510161585,0.9899131030379226,0.9904889819583834,0.9937965487419729,0.9940744422970921,1.0,0.9921418094381919,0.9946619021056838,0.9927816864963009
1,9,2.1467692471685864,0.45103724068982753,4001,2.2081761019570485,0.4287856071964018,667,2.211015219124742,0.4084,0.9943399986661086,0.08317926016931343,,,0.9203583576578254,,0.9203806265162718,0.07961937348372816,0.9691727216226419,0.0994115743108409,5,0.001,0.1,0.9585508279685252,0.9773343633999733,0.9859095516755355,0.9905705492959822,0.990259558367415,0.9899533252497734,0.9940011995575316,0.9935645244932906,0.9921418094381919,1.0,0.9948809285467636,0.9942170882585968
1,10,2.1502253555860675,0.43980457701208536,3889,2.213927075976417,0.37962962962962965,648,2.211013589042444,0.4084,0.9948828759784102,0.08328146317771089,,,0.9322469667650924,,0.9322643314872271,0.0677356685127729,0.9691732757560497,0.09941182646272219,5,0.001,0.1,0.9557135838150398,0.9755130725570452,0.9854575808024812,0.990083425062008,0.9920586756231677,0.9915476428881204,0.9960981941445239,0.9953186488817422,0.9946619021056838,0.9948809285467636,1.0,0.9964574342321922
1,11,2.1552113070207484,0.45993141651279346,3791,2.213848602771759,0.40664556962025317,632,2.2110163662761164,0.4086,0.9932592845489053,0.08306404037725641,,,0.9069555910400421,,0.9069794415286919,0.09302055847130808,0.9691575541317696,0.09941123530738585,5,0.001,0.1,0.954447216303321,0.9742981342875865,0.9837816996458374,0.9868241292077937,0.9895977655774655,0.9874456042309907,0.9934773528794352,0.995154749035538,0.9927816864963009,0.9942170882585968,0.9964574342321922,1.0
2,0,1.675754667256129,0.5765765765765766,8214,2.146677006122678,0.45069393718042366,1369,2.145365376061144,0.465,0.9849454890653575,0.08198870589992775,,,0.75,,0.7500024163694532,0.2499975836305468,0.9875394181339263,0.09954480064987076,5,0.001,0.1,1.0,0.9963018188361134,0.989892656046717,0.9874712704680992,0.9822285176257314,0.9804709067886851,0.9762264491073648,0.9739305326862027,0.970675496883023,0.9727672580194641,0.9706358826408615,0.9696824497283697
2,1,1.809497329910982,0.5460906601764527,6574,2.1454561369759695,0.44343065693430656,1096,2.145252591123977,0.4648,0.9938643988137495,0.0832873148988881,,,0.9357352528728878,,0.9357439034998695,0.06425609650013053,0.9877297348516985,0.0995824225270707,5,0.001,0.1,0.9963018188361134,1.0,0.9957603160479118,0.9952520928293911,0.9921190132181583,0.9905332609932666,0.9874372851027703,0.9856831060648523,0.9827817868882539,0.9846102879759747,0.9834195706666672,0.982749405136555
2,2,1.8720118782138297,0.5449766557150268,5783,2.144187419645248,0.4553941908713693,964,2.1452499449062654,0.4648,0.9975305196618023,0.08365048634397687,,,0.9876783244546932,,0.9876958467441838,0.012304153255816241,0.9877359494851506,0.09958305523978644,5,0.001,0.1,0.989892656046717,0.9957603160479118,1.0,0.996276405353983,0.995092915337587,0.9943187133800939,0.9944043557171693,0.9933854774423981,0.9900683689053698,0.9916612843890581,0.9899291538490258,0.9894976262219592
2,3,1.9129199102700474,0.5382636655948553,5287,2.145512197698866,0.45970488081725314,881,2.1452499852774625,0.4648,0.9982089897172017,0.0837366360560653,,,0.9999999998569737,,1.0,0.0,0.9877357860358882,0.09958305685871964,5,0.001,0.1,0.9874712704680992,0.9952520928293911,0.996276405353983,1.0,0.9972122443714475,0.9962813049961589,0.9949369163842856,0.9929778097364927,0.9904318914593339,0.9929807209197374,0.9931227614781087,0.991390903520158
2,4,1.9367514361104659,0.5088145896656535,4935,2.1389866517140317,0.48661800486618007,822,2.1452499890860657,0.4648,0.9982201364740824,0.0837204890344022,,,0.997690550935751,,0.9977044490194372,0.002295550980562777,0.9877357832152827,0.09958305685766251,5,0.001,0.1,0.9822285176257314,0.9921190132181583,0.995092915337587,0.9972122443714475,1.0,0.9963791804979073,0.9958980730900188,0.9952359779708562,0.9923205822505654,0.9935793954686545,0.9946454012662582,0.993667551140844
2,5,1.9502338522101101,0.501521319905721,4667,2.145220232009888,0.4845758354755784,778,2.1452501368598815,0.4648,0.9975781283105112,0.08357239230707639,,,0.9765088225467377,,0.9765225543924764,0.023477445607523628,0.9877351297593687,0.09958299849774378,5,0.001,0.1,0.9804709067886851,0.9905332609932666,0.9943187133800939,0.9962813049961589,0.9963791804979073,1.0,0.9960109011603125,0.9946030812416734,0.9926524568169216,0.9937659413896035,0.9941025242081111,0.991569698941644
2,6,1.9722006998743329,0.48942286099258925,4453,2.1444097061951957,0.47304582210242585,742,2.1452499822305797,0.4648,0.998070967671171,0.08363952632308314,,,0.9861107531119566,,0.9861252065995882,0.013874793400411756,0.9877350588234732,0.09958303534438767,5,0.001,0.1,0.9762264491073648,0.9874372851027703,0.9944043557171693,0.9949369163842856,0.9958980730900188,0.9960109011603125,1.0,0.9976938464997134,0.995339378819889,0.996141932847055,0.9970246160457816,0.9954089241389805
2,7,1.9881233096122741,0.528454524199205,4277,2.1505905752596646,0.4782608695652174,713,2.1452504263137477,0.4648,0.9973822350016658,0.08353391329471799,,,0.9710053114079668,,0.9710228975169387,0.02897710248306129,0.9877355017214008,0.09958295245707414,5,0.001,0.1,0.9739305326862027,0.9856831060648523,0.9933854774423981,0.9929778097364927,0.9952359779708562,0.9946030812416734,0.9976938464997134,1.0,0.9953742481243403,0.9959948969848869,0.9967509428730726,0.9966525621526559
2,8,2.0050966106928314,0.5260837975296682,4129,2.138541329990734,0.49273255813953487,688,2.1452600049515502,0.465,0.9952415282080166,0.08312255982551296,,,0.9121709427226257,,0.9121939668087492,0.0878060331912508,0.9877261341232061,0.09958200882765872,5,0.001,0.1,0.970675496883023,0.9827817868882539,0.9900683689053698,0.9904318914593339,0.9923205822505654,0.9926524568169216,0.995339378819889,0.9953742481243403,1.0,0.9933629189259582,0.995417973480951,0.9942998217689791
2,9,2.017620080804068,0.5381154711322169,4001,2.141507932118007,0.4617691154422789,667,2.1452562702349582,0.465,0.9964025579416186,0.0832579590288708,,,0.9315365911160907,,0.9315587516068857,0.06844124839311427,0.9877249592639069,0.0995824166952721,5,0.001,0.1,0.9727672580194641,0.9846102879759747,0.9916612843890581,0.9929807209197374,0.9935793954686545,0.9937659413896035,0.996141932847055,0.9959948969848869,0.9933629189259582,1.0,0.9962358820520893,0.9954889441854303
2,10,2.0230671429243245,0.5043970172280792,3889,2.1493351686568487,0.45524691358024694,648,2.145253793880962,0.4648,0.9965812825142438,0.08332647607501358,,,0.9413363313778783,,0.9413547133702554,0.05864528662974455,0.9877288798347066,0.09958263168361214,5,0.001,0.1,0.9706358826408615,0.9834195706666672,0.9899291538490258,0.9931227614781087,0.9946454012662582,0.9941025242081111,0.9970246160457816,0.9967509428730726,0.995417973480951,0.9962358820520893,1.0,0.9974028747933079
2,11,2.0315719985160507,0.534687417567924,3791,2.148665130138397,0.46044303797468356,632,2.1452583482090275,0.465,0.9956695220141445,0.08316354091246497,,,0.9180323163571309,,0.9180560791022704,0.08194392089772962,0.9877267565654381,0.09958215305107886,5,0.001,0.1,0.9696824497283697,0.982749405136555,0.9894976262219592,0.991390903520158,0.993667551140844,0.991569698941644,0.9954089241389805,0.9966525621526559,0.9942998217689791,0.9954889441854303,0.9974028747933079,1.0
3,0,1.5190192313509692,0.6095933771609447,8214,2.0681517179622206,0.5076698319941563,1369,2.0658799208010348,0.5182,0.9882225641081126,0.08223566532683703,,,0.75,,0.7500024163694532,0.2499975836305468,0.9944137387999026,0.09961920148501684,5,0.001,0.1,1.0,0.9967897266244975,0.9925999497179582,0.9901720301216681,0.9860977301278168,0.9846088901615248,0.9811782781422724,0.9798110464474563,0.9772739063177037,0.9784089181306362,0.9770386068258905,0.9754072922901104
3,1,1.642242955177733,0.5854274414359598,6574,2.0654526267732893,0.5045620437956204,1096,2.065671794330731,0.5185,0.9950629972578668,0.08325356280436357,,,0.9303262190300848,,0.9303409014024608,0.06965909859753916,0.9945048902657555,0.09966680270521783,5,0.001,0.1,0.9967897266244975,1.0,0.9970092744505835,0.9960036128801754,0.9936304681924397,0.992567128229568,0.9897349090130467,0.9888171113345896,0.9865060108600193,0.9876040976386461,0.9867836549165988,0.9855997312315217
3,2,1.7053971514517432,0.5862009337713989,5783,2.064812675599129,0.508298755186722,964,2.065667325315384,0.5184,0.9978468852663679,0.08356635921069616,,,0.9857398481287823,,0.9857530857037917,0.01424691429620828,0.994512312808039,0.09966728014263689,5,0.001,0.1,0.9925999497179582,0.9970092744505835,1.0,0.9973038516775085,0.9966624841030233,0.9948285970785488,0.9941340421018221,0.9938514338566629,0.9914252583105718,0.9925094339461855,0.9920881236648854,0.9918229923313311
3,3,1.7489282266203179,0.5786268205031209,5287,2.06516181571143,0.5255391600454029,881,2.0656674136749853,0.5184,0.9987021601955122,0.08364685428521502,,,0.9999999998228444,,1.0,0.0,0.9945119440629153,0.0996672831329349,5,0.001,0.1,0.9901720301216681,0.9960036128801754,0.9973038516775085,1.0,0.9973837907340991,0.9972629314990107,0.9956108854149667,0.9947962309647647,0.9935128493458127,0.9946192577494427,0.9948102917760766,0.9929379924328048
3,4,1.7753342845363003,0.5529483282674772,4935,2.0578616857528687,0.5413625304136253,822,2.0656674083429403,0.5184,0.9986945258198889,0.08363669831613672,,,0.9982008132201555,,0.9982070538657078,0.0017929461342921504,0.9945119445999258,0.09966728313251201,5,0.001,0.1,0.9860977301278168,0.9936304681924397,0.9966624841030233,0.9973837907340991,1.0,0.9970628043977778,0.9961491948318683,0.9964076286869095,0.9946652828183343,0.9952031027965891,0.9958735345982669,0.9951249954652561
3,5,1.7872492809818215,0.5429612170559246,4667,2.0656487560272216,0.538560411311054,778,2.065667367971743,0.5184,0.9982453635863171,0.08353130391721572,,,0.9795296072451144,,0.9795478489479127,0.02045215105208731,0.9945123764332235,0.09966727983799803,5,0.001,0.1,0.9846088901615248,0.992567128229568,0.9948285970785488,0.9972629314990107,0.9970628043977778,1.0,0.9966362601555878,0.9960521959992223,0.9951360160275189,0.9949668339406903,0.9958121508964562,0.9939409946270283
3,6,1.8165386974811555,0.5465977992364698,4453,2.0638720790545144,0.5188679245283019,742,2.065667246858152,0.5184,0.9980277769739669,0.08356547585224318,,,0.9855833562488125,,0.9855984380587854,0.014401561941214558,0.9945126753381273,0.09966728013633425,5,0.001,0.1,0.9811782781422724,0.9897349090130467,0.9941340421018221,0.9956108854149667,0.9961491948318683,0.9966362601555878,1.0,0.9977276320394713,0.9962461408597182,0.9959715845651503,0.9968783359945609,0.9959643374575841
3,7,1.834202755031301,0.5675005845218611,4277,2.072486400604248,0.5063113604488079,713,2.0656675248862073,0.5184,0.9979052590641556,0.08349670413632355,,,0.973400062958675,,0.9734199360145369,0.026580063985463087,0.9945122094324669,0.0996672759162164,5,0.001,0.1,0.9798110464474563,0.9888171113345896,0.9938514338566629,0.9947962309647647,0.9964076286869095,0.9960521959992223,0.9977276320394713,1.0,0.9963015590330928,0.99633678797673,0.9970633118488157,0.9975909432091564
3,8,1.8604363186542805,0.5711310244611286,4129,2.0558221231807363,0.5348837209302325,688,2.0656819244543203,0.5184,0.9964967278267814,0.08319876237463424,,,0.9206180170623124,,0.9206367616783135,0.07936323832168646,0.9945012690644057,0.09966669060593873,5,0.001,0.1,0.9772739063177037,0.9865060108600193,0.9914252583105718,0.9935128493458127,0.9946652828183343,0.9951360160275189,0.9962461408597182,0.9963015590330928,1.0,0.9950232632549487,0.9962893020873579,0.9955323622979073
3,9,1.8678026110406907,0.5741064733816545,4001,2.0611530258542015,0.5187406296851574,667,2.0656754444963252,0.5185,0.9969604907418194,0.08329683594003144,,,0.9379922965210379,,0.9380201235248065,0.06197987647519354,0.9945070662155041,0.09966705713024054,5,0.001,0.1,0.9784089181306362,0.9876040976386461,0.9925094339461855,0.9946192577494427,0.9952031027965891,0.9949668339406903,0.9959715845651503,0.99633678797673,0.9950232632549487,1.0,0.9968097157498406,0.9960068693612439
3,10,1.8772586029084002,0.5510413988171766,3889,2.0706819125584195,0.5123456790123457,648,2.0656723839025526,0.5185,0.9972653946654292,0.08334873300040731,,,0.9471861504041388,,0.9472119929248702,0.05278800707512976,0.9945119795762614,0.09966712946506835,5,0.001,0.1,0.9770386068258905,0.9867836549165988,0.9920881236648854,0.9948102917760766,0.9958735345982669,0.9958121508964562,0.9968783359945609,0.9970633118488157,0.9962893020873579,0.9968097157498406,1.0,0.9976308923618668
3,11,1.8879327411411189,0.5731469269322078,3791,2.0699964284896852,0.5158227848101266,632,2.065678619348203,0.5184,0.9964698697474906,0.08322304483589628,,,0.9249197905953099,,0.9249427320439586,0.0750572679560414,0.9945069534889164,0.0996667953506796,5,0.001,0.1,0.9754072922901104,0.9855997312315217,0.9918229923313311,0.9929379924328048,0.9951249954652561,0.9939409946270283,0.9959643374575841,0.9975909432091564,0.9955323622979073,0.9960068693612439,0.9976308923618668,1.0
4,0,1.3926997544236683,0.6332359386413441,8214,1.9769685018894285,0.5522279035792549,1369,1.9735099100076352,0.5684,0.9898944930041114,0.08242689010339382,,,0.75,,0.7500024163694532,0.2499975836305468,0.9965409080413923,0.09965724095859732,5,0.001,0.1,1.0,0.9967620262105735,0.9939943854961707,0.9913990563994916,0.9883840965865685,0.986587358678855,0.9848360601348496,0.9825582975776548,0.9802429171256559,0.9808499279516245,0.9803283430758875,0.9786800321546408
4,1,1.5000958587938142,0.6125646486157591,6574,1.9724460567746844,0.5647810218978102,1096,1.973158766667302,0.5684,0.9957952393951723,0.08324202222822406,,,0.9270547268859198,,0.9270691371627956,0.0729308628372044,0.9967634711190446,0.09971139072262998,5,0.001,0.1,0.9967620262105735,1.0,0.9976494628061624,0.9962955358362233,0.9946229340652907,0.9935231602046716,0.9920615615049054,0.990557496967242,0.9883542084558039,0.988816934480975,0.9887590317478904,0.9877087688261978
4,2,1.5580021366888648,0.6154936883970258,5783,1.9727403425401258,0.5560165975103735,964,1.973153380159372,0.5683,0.9982017114858577,0.08351166624545454,,,0.9856240635282558,,0.985637099970037,0.014362900029962988,0.9967656970723883,0.09971171781433621,5,0.001,0.1,0.9939943854961707,0.9976494628061624,1.0,0.9976650946474233,0.9969344642612518,0.9958019454940027,0.9956707683083237,0.9949138808028781,0.9921296019028085,0.9931249935559286,0.9932440753896697,0.9927077827645198
4,3,1.6008081904376845,0.6066578399848686,5287,1.9717926297869002,0.5913734392735528,881,1.9731533896808806,0.5683,0.9987217285229338,0.08357785079568761,,,0.9999999997827902,,1.0,0.0,0.9967661606724987,0.0997117276800565,5,0.001,0.1,0.9913990563994916,0.9962955358362233,0.9976650946474233,1.0,0.997439991329615,0.9975172523744613,0.9966007041034558,0.9953552217181766,0.9938993064079814,0.9948508997689793,0.9952813419171332,0.9937117240620086
4,4,1.6244709928574101,0.5925835866261399,4935,1.9634732604026794,0.597323600973236,822,1.9731533931086238,0.5683,0.9987657080015847,0.08357303947441633,,,0.9989549334092566,,0.9989657938740202,0.0010342061259798196,0.9967661605382089,0.09971172767999635,5,0.001,0.1,0.9883840965865685,0.9946229340652907,0.9969344642612518,0.997439991329615,1.0,0.99723350757601,0.9969795430954665,0.9968220351560305,0.9949109420045278,0.9955061851073347,0.9961302204301211,0.9955404092492074
4,5,1.6349968693027757,0.5827298050139276,4667,1.9732391119003296,0.5719794344473008,778,1.973153449856816,0.5683,0.9985583007200242,0.08350167243002174,,,0.9834533083732286,,0.983467200201042,0.016532799798958053,0.9967656917634192,0.09971171773073155,5,0.001,0.1,0.986587358678855,0.9935231602046716,0.9958019454940027,0.9975172523744613,0.99723350757601,1.0,0.9971692340784432,0.9966657075359294,0.9956894090123574,0.9958035171727585,0.9966001049987744,0.9954139858243554
4,6,1.6675219704423632,0.5904783292162588,4453,1.970060373346011,0.5727762803234502,742,1.9731531954421022,0.5683,0.9986935627900698,0.08352700818386634,,,0.9889564836754394,,0.988971689815486,0.011028310184514,0.9967658881776691,0.09971172557417755,5,0.001,0.1,0.9848360601348496,0.9920615615049054,0.9956707683083237,0.9966007041034558,0.9969795430954665,0.9971692340784432,1.0,0.9980666755606656,0.99637837103435,0.9967371843900866,0.9978395573630244,0.9972640948350606
4,7,1.684575231573475,0.6102408230067805,4277,1.9811530631521475,0.5539971949509116,713,1.9731535949646093,0.5684,0.9981861642067668,0.08346842447657837,,,0.9762315253798803,,0.9762470882748089,0.023752911725191117,0.9967652989539777,0.09971170702863809,5,0.001,0.1,0.9825582975776548,0.990557496967242,0.9949138808028781,0.9953552217181766,0.9968220351560305,0.9966657075359294,0.9980666755606656,1.0,0.9962466547295087,0.9967177797046783,0.9976067536718408,0.9980015426754854
4,8,1.71331052505053,0.5969484136594817,4129,1.9596621285785327,0.5915697674418605,688,1.97317135448273,0.5684,0.996663043074864,0.08323642226407676,,,0.9258383595112719,,0.9258609524361837,0.07413904756381628,0.9967645240889831,0.09971138881133003,5,0.001,0.1,0.9802429171256559,0.9883542084558039,0.9921296019028085,0.9938993064079814,0.9949109420045278,0.9956894090123574,0.99637837103435,0.9962466547295087,1.0,0.9945870587981552,0.9967245893070871,0.9961290295309274
4,9,1.716601328622727,0.6119470132466883,4001,1.9681468918209983,0.5577211394302849,667,1.9731627211403162,0.5684,0.9970939484539143,0.08331051501439822,,,0.9419320347238935,,0.941953972994655,0.058046027005345,0.9967650985475125,0.09971154883544321,5,0.001,0.1,0.9808499279516245,0.988816934480975,0.9931249935559286,0.9948508997689793,0.9955061851073347,0.9958035171727585,0.9967371843900866,0.9967177797046783,0.9945870587981552,1.0,0.9970085059092355,0.996436757386562
4,10,1.730982147670183,0.58400617125225,3889,1.979037392707098,0.5632716049382716,648,1.9731592031332632,0.5684,0.9976864755543917,0.08336149375570466,,,0.9530051194963522,,0.9530209450904206,0.04697905490957943,0.9967660002292796,0.09971163977334024,5,0.001,0.1,0.9803283430758875,0.9887590317478904,0.9932440753896697,0.9952813419171332,0.9961302204301211,0.9966001049987744,0.9978395573630244,0.9976067536718408,0.9967245893070871,0.9970085059092355,1.0,0.9979928412092449
4,11,1.7411492253551963,0.610762331838565,3791,1.9786677062511444,0.555379746835443,632,1.9731664093919457,0.5685,0.9970245095214394,0.08326299502817751,,,0.931610225626156,,0.931626409951576,0.06837359004842403,0.9967644785052164,0.09971146031158329,5,0.001,0.1,0.9786800321546408,0.9877087688261978,0.9927077827645198,0.9937117240620086,0.9955404092492074,0.9954139858243554,0.9972640948350606,0.9980015426754854,0.9961290295309274,0.996436757386562,0.9979928412092449,1.0
5,0,1.2891589248690625,0.6513757000243486,8214,1.8741829201232556,0.5938641344046749,1369,1.8694176083555618,0.6065,0.9906624252234755,0.08256284707211943,,,1.0,,1.0,0.0,0.9971546404671894,0.09973077893140958,5,0.001,0.1,1.0,0.9966479284171309,0.9941947372355817,0.9918242947454216,0.9891421707708057,0.9870875971538328,0.9863641562035824,0.9838282495726004,0.9821401641554004,0.9823754243933603,0.9820176619538235,0.9804339709350103
5,1,1.3818760309983227,0.6341953148767874,6574,1.8676885332380022,0.6021897810218978,1096,1.8690006679620226,0.6072,0.9961376792163931,0.08323977274373744,,,1.0,,1.0,0.0,0.9977340710001386,0.09973077893140958,5,0.001,0.1,0.9966479284171309,1.0,0.9976203611288951,0.9964859370035298,0.9950096672958052,0.9936991965857856,0.9929845110453123,0.9911916388471034,0.98938286298585,0.9898661685847944,0.9897552532363704,0.9888425952311707
5,2,1.4317562063754592,0.6355524814110324,5783,1.8693284911494101,0.6058091286307054,964,1.868996321202848,0.6071,0.9983044629667632,0.08347518071052024,,,1.0,,1.0,0.0,0.9977356093403582,0.09973077893140958,5,0.001,0.1,0.9941947372355817,0.9976203611288951,1.0,0.9976970699177543,0.9968276811619945,0.995986118060998,0.9961841391526217,0.9952419676743258,0.9930608668183493,0.9936063995538117,0.9936577625324396,0.9932863654025276
5,3,1.4717093199850566,0.6323813126536788,5287,1.8665330069405692,0.6208853575482406,881,1.8689963352946808,0.6071,0.9987598829876124,0.08353049421233408,,,1.0,,1.0,0.0,0.9977356455232401,0.09973077893140958,5,0.001,0.1,0.9918242947454216,0.9964859370035298,0.9976970699177543,1.0,0.9974137382182023,0.9974477179140924,0.9969436615834769,0.9956718856601064,0.994394552511531,0.9951561156695508,0.9955287088480929,0.9942162851702745
5,4,1.4924387691866967,0.6153191489361702,4935,1.857445166661189,0.6326034063260341,822,1.8689963360564015,0.6071,0.9987666046589142,0.08352775930781872,,,1.0,,1.0,0.0,0.9977356454743813,0.09973077893140958,5,0.001,0.1,0.9891421707708057,0.9950096672958052,0.9968276811619945,0.9974137382182023,1.0,0.9972996402009837,0.9970875217458748,0.9968668187484041,0.9953512083811178,0.9959348213971083,0.9961709854227583,0.9957277867709262
5,5,1.499564127072896,0.6151703449753589,4667,1.8692824125289917,0.6041131105398457,778,1.8689964080390078,0.6071,0.9985896174152828,0.08347825721470657,,,1.0,,1.0,0.0,0.9977356118192418,0.09973077893140958,5,0.001,0.1,0.9870875971538328,0.9936991965857856,0.995986118060998,0.9974477179140924,0.9972996402009837,1.0,0.9971599962579374,0.9969866221812752,0.9957408887870511,0.9963952186928811,0.9970506596519252,0.9958404992321639
5,6,1.5337327178035463,0.6192679092746463,4453,1.864353100458781,0.6091644204851752,742,1.868996133057835,0.6071,0.9987511636172794,0.08349901844568114,,,1.0,,1.0,0.0,0.9977355879472665,0.09973077893140958,5,0.001,0.1,0.9863641562035824,0.9929845110453123,0.9961841391526217,0.9969436615834769,0.9970875217458748,0.9971599962579374,1.0,0.997892255225532,0.9960526664460203,0.9969246708975606,0.9977968585982558,0.9972291630778308
5,7,1.5479433953762054,0.6337619826981529,4277,1.8779053947199946,0.5918653576437588,713,1.8689964716426861,0.6071,0.9982218948014828,0.08344598368738819,,,1.0,,1.0,0.0,0.9977356474748075,0.09973077893140958,5,0.001,0.1,0.9838282495726004,0.9911916388471034,0.9952419676743258,0.9956718856601064,0.9968668187484041,0.9969866221812752,0.997892255225532,1.0,0.9960688177745947,0.9969616653917966,0.9976008665335545,0.9979540582593744
5,8,1.5798582401642434,0.6227658028578348,4129,1.8514385440132834,0.6438953488372093,688,1.869015729846284,0.6072,0.9968883135518649,0.08326057626057111,,,1.0,,1.0,0.0,0.9977340500175113,0.09973077893140958,5,0.001,0.1,0.9821401641554004,0.98938286298585,0.9930608668183493,0.994394552511531,0.9953512083811178,0.9957408887870511,0.9960526664460203,0.9960688177745947,1.0,0.99571000956172,0.9966619672597918,0.9957492304252843
5,9,1.5786559750163367,0.6350912271932017,4001,1.863884273029509,0.5967016491754122,667,1.8690058617546155,0.6072,0.997471434819976,0.08332486549949492,,,1.0,,1.0,0.0,0.9977348855860785,0.09973077893140958,5,0.001,0.1,0.9823754243933603,0.9898661685847944,0.9936063995538117,0.9951561156695508,0.9959348213971083,0.9963952186928811,0.9969246708975606,0.9969616653917966,0.99571000956172,1.0,0.9973718060325177,0.996979747864823
5,10,1.5937974918084066,0.6146052969915146,3889,1.8755899610973539,0.6095679012345679,648,1.869002405066079,0.6072,0.9978308178953661,0.08336774835450785,,,1.0,,1.0,0.0,0.9977352493729301,0.09973077893140958,5,0.001,0.1,0.9820176619538235,0.9897552532363704,0.9936577625324396,0.9955287088480929,0.9961709854227583,0.9970506596519252,0.9977968585982558,0.9976008665335545,0.9966619672597918,0.9973718060325177,1.0,0.9979605494207955
5,11,1.6026522902881397,0.6348720654180955,3791,1.8759807884693145,0.5822784810126582,632,1.8690094197520053,0.6072,0.9972170860027432,0.08328749649112037,,,1.0,,1.0,0.0,0.9977344559602286,0.09973077893140958,5,0.001,0.1,0.9804339709350103,0.9888425952311707,0.9932863654025276,0.9942162851702745,0.9957277867709262,0.9958404992321639,0.9972291630778308,0.9979540582593744,0.9957492304252843,0.996979747864823,0.9979605494207955,1.0
6,0,1.2018300008681033,0.6662770878987095,8214,1.7624406731405924,0.6099342585829073,1369,1.756278119148157,0.6279,0.9908381024786097,0.08265275820488367,,,1.0,,1.0,0.0,0.9981851307987982,0.09972806555573258,5,0.001,0.1,1.0,0.9962722013892932,0.9938295721599107,0.9917024841639427,0.98920896739782,0.9869724000044894,0.9864091687987245,0.9838221268493187,0.9835540053063558,0.9823808692347891,0.9825692503805294,0.981106362206049
6,1,1.2805761728471923,0.650349863097049,6574,1.7536589077540807,0.6277372262773723,1096,1.7558005709236804,0.6281,0.9962864470309875,0.08324402500359294,,,1.0,,1.0,0.0,0.9981851307987982,0.09972806555573258,5,0.001,0.1,0.9962722013892932,1.0,0.9973471228540789,0.9963521038098759,0.9950164391177869,0.9936897638285279,0.9930992374118479,0.9911901235315926,0.9903630490787132,0.9896976314901679,0.9902919662680141,0.9896225328358378
6,2,1.323628009551138,0.6543662458931351,5783,1.757247540258592,0.6286307053941909,964,1.7557972155439967,0.6281,0.9982985417878593,0.0834534345275235,,,1.0,,1.0,0.0,0.9981851307987982,0.09972806555573258,5,0.001,0.1,0.9938295721599107,0.9973471228540789,1.0,0.9974866888011827,0.9966906916483487,0.9960273575086674,0.9959872467012366,0.9951289691456011,0.9933830499471864,0.9933307758006842,0.9939728684207157,0.993789284068574
6,3,1.360211323255516,0.650501229430679,5287,1.7520846298762731,0.6322360953461975,881,1.7557972079267898,0.6281,0.9986143374042534,0.08349756987193913,,,1.0,,1.0,0.0,0.9981851307987982,0.09972806555573258,5,0.001,0.1,0.9917024841639427,0.9963521038098759,0.9974866888011827,1.0,0.9970324177975578,0.9971863648887945,0.9965973836464748,0.9952176438526845,0.9945113366237975,0.9945149667031665,0.9956331717157649,0.9944925153588735
6,4,1.3781000050421683,0.6373252279635259,4935,1.7423248336865351,0.6545012165450121,822,1.7557972079267898,0.6281,0.9985732021580115,0.08349456352484116,,,1.0,,1.0,0.0,0.9981851307987982,0.09972806555573258,5,0.001,0.1,0.98920896739782,0.9950164391177869,0.9966906916483487,0.9970324177975578,1.0,0.996745617884739,0.9967144738807802,0.9963407957849698,0.995598932856313,0.995230338228433,0.9958824728543321,0.9957511746608666
6,5,1.381287822086517,0.6368545103921148,4667,1.756137900352478,0.6259640102827764,778,1.7557973378001692,0.6281,0.9985314114154104,0.08346284197573801,,,1.0,,1.0,0.0,0.9981851307987982,0.09972806555573258,5,0.001,0.1,0.9869724000044894,0.9936897638285279,0.9960273575086674,0.9971863648887945,0.996745617884739,1.0,0.9970805890860917,0.996797415121636,0.996003515651418,0.99607362817204,0.9970491080593652,0.9960657508939873
6,6,1.4123808345624378,0.6392993487536492,4453,1.7494394779205322,0.6388140161725068,742,1.7557970552017894,0.6281,0.9985880659010862,0.08347740953485035,,,1.0,,1.0,0.0,0.9981851307987982,0.09972806555573258,5,0.001,0.1,0.9864091687987245,0.9930992374118479,0.9959872467012366,0.9965973836464748,0.9967144738807802,0.9970805890860917,1.0,0.99763535858064,0.9961233242015465,0.9963532940173412,0.9972993004604828,0.997064522563674
6,7,1.4258959132343976,0.6552256254383914,4277,1.7652464690415755,0.6171107994389902,713,1.7557973099973636,0.6281,0.9980569420722966,0.08342771890717487,,,1.0,,1.0,0.0,0.9981851307987982,0.09972806555573258,5,0.001,0.1,0.9838221268493187,0.9911901235315926,0.9951289691456011,0.9952176438526845,0.9963407957849698,0.996797415121636,0.99763535858064,1.0,0.9963126207686372,0.9964404921063668,0.9972335280698146,0.9978708476069809
6,8,1.461914286338366,0.6399128118188423,4129,1.7339757084846497,0.6613372093023255,688,1.7558179503431717,0.6282,0.9971874570086448,0.08328588454841213,,,1.0,,1.0,0.0,0.9981851307987982,0.09972806555573258,5,0.001,0.1,0.9835540053063558,0.9903630490787132,0.9933830499471864,0.9945113366237975,0.995598932856313,0.996003515651418,0.9961233242015465,0.9963126207686372,1.0,0.9952266366592811,0.9967898458751924,0.9957325982977946
6,9,1.454523773988088,0.6557360659835041,4001,1.7511462484087263,0.616191904047976,667,1.7558068749241935,0.6281,0.9971125620263471,0.08332291072793549,,,1.0,,1.0,0.0,0.9981851307987982,0.09972806555573258,5,0.001,0.1,0.9823808692347891,0.9896976314901679,0.9933307758006842,0.9945149667031665,0.995230338228433,0.99607362817204,0.9963532940173412,0.9964404921063668,0.9952266366592811,1.0,0.9967641779303865,0.9966752499487849
6,10,1.470455724782631,0.6340447415788121,3889,1.7629414626530238,0.6265432098765432,648,1.755803548870757,0.6281,0.9978247696235326,0.08337222023111779,,,1.0,,1.0,0.0,0.9981851307987982,0.09972806555573258,5,0.001,0.1,0.9825692503805294,0.9902919662680141,0.9939728684207157,0.9956331717157649,0.9958824728543321,0.9970491080593652,0.9972993004604828,0.9972335280698146,0.9967898458751924,0.9967641779303865,1.0,0.9977183937918891
6,11,1.4764865680902945,0.6513848588762859,3791,1.7646179616451263,0.6060126582278481,632,1.7558103594155356,0.6282,0.9973813578207148,0.08330866294199095,,,1.0,,1.0,0.0,0.9981851307987982,0.09972806555573258,5,0.001,0.1,0.981106362206049,0.9896225328358378,0.993789284068574,0.9944925153588735,0.9957511746608666,0.9960657508939873,0.997064522563674,0.9978708476069809,0.9957325982977946,0.9966752499487849,0.9977183937918891,1.0
7,0,1.1273807015632378,0.6788410031653275,8214,1.6450006407360698,0.6289262235208181,1369,1.637363255976107,0.6434,0.9906462440655804,0.08270569715292396,,,1.0,,1.0,0.0,0.9982744983497077,0.09971560677434917,5,0.001,0.1,1.0,0.9956143101757414,0.9934972014969724,0.9914230656101717,0.988510661703042,0.986440579705055,0.9860405464521806,0.9834444260742079,0.9833307356204245,0.9822979698051667,0.9826558530020351,0.9807901662807271
