round,client_id,client_i_training_loss,client_i_training_accuracy,client_i_training_dataset_size,client_i_evaluation_loss,client_i_evaluation_accuracy,client_i_evaluation_dataset_size,client_i_central_evaluation_loss,client_i_central_evaluation_accuracy,client_i_cosine_similarity,client_i_importance_coefficient,client_i_tanh_val,tanh_normalization_value,client_i_q,client_i_mask_order,client_i_v_nonzero_fraction,client_i_v_sparsity,client_i_v_cosine_similarity,client_i_reward_gradient_norm,local_epochs,learning_rate,gamma,client_0_cosine_similarity,client_1_cosine_similarity,client_2_cosine_similarity,client_3_cosine_similarity,client_4_cosine_similarity,client_5_cosine_similarity,client_6_cosine_similarity,client_7_cosine_similarity,client_8_cosine_similarity,client_9_cosine_similarity,client_10_cosine_similarity,client_11_cosine_similarity
0,0,2.2549005172870777,0.17005113221329438,6845,2.2962931502949107,0.1168736303871439,1369,2.299158410180973,0.1016,0.8795749462915147,0.07970220484053876,,,0.6202562122798713,,0.620306646201581,0.37969335379841895,0,0.13802142912109666,10,0.025,0.15,1.0,0.9187501785736827,0.8835154446868004,0.8486388373825917,0.8206897411623187,0.749296879862962,0.7418131707332672,0.7290670297695321,0.6819886674477594,0.7170013965072317,0.6490440912676265,0.6875167924115453
0,1,2.287462536678758,0.15748448338809784,5478,2.300240225262112,0.09762773722627738,1096,2.299131873287732,0.1016,0.951910035418904,0.0862568095562568,,,0.8774729295118762,,0.877514812430889,0.12248518756911098,0,0.13822815451792864,10,0.025,0.15,0.9187501785736827,1.0,0.9468417429891589,0.920172129237895,0.9124355976968064,0.852476756519062,0.8443101122026474,0.8158632882049557,0.7725252588178656,0.7854318369682264,0.7862383388714752,0.804983522098205
0,2,2.292548716695685,0.1478838174273859,4820,2.300816059112549,0.09232365145228216,964,2.2991320875626577,0.1016,0.9716762633730501,0.08804791553985539,,,0.947759761639382,,0.9478057797362645,0.05219422026373555,0,0.13823072828349356,10,0.025,0.15,0.8835154446868004,0.9468417429891589,1.0,0.9473612276124224,0.9292906554424086,0.8761039113655089,0.8862580670516738,0.8778630903539433,0.8047814709797168,0.8386180406853537,0.8314381770884504,0.8348958708284049
0,3,2.29421690259661,0.13290966863368134,4406,2.298602512904576,0.09307604994324631,881,2.299132093598571,0.1016,0.9723062684535407,0.08810500310719409,,,0.9499999999607578,,0.9500173293063326,0.04998267069366735,0,0.13823074407244715,10,0.025,0.15,0.8486388373825917,0.920172129237895,0.9473612276124224,1.0,0.9201438518173362,0.8920085107799874,0.9033805798927678,0.9125272182221931,0.8034737288868926,0.865811253278008,0.833123850898556,0.876901648293083
0,4,2.295167836998448,0.14219357976653696,4112,2.2997708320617676,0.10462287104622871,822,2.299131864233862,0.1016,0.9541925903502029,0.08646364202853356,,,0.8855894783875746,,0.8856265782046838,0.11437342179531618,0,0.13822861192367747,10,0.025,0.15,0.8206897411623187,0.9124355976968064,0.9292906554424086,0.9201438518173362,1.0,0.8556870136600951,0.8716861901399193,0.850659547987525,0.8367929368267412,0.8614513188147684,0.8369102751933993,0.8378476192119212
0,5,2.297035764878796,0.12013371046541528,3889,2.3025850568498885,0.08483290488431877,778,2.2991367472877986,0.1016,0.922745731219523,0.0836141020108324,,,0.7737674294977768,,0.7737947880048192,0.22620521199518084,0,0.13819465504704923,10,0.025,0.15,0.749296879862962,0.852476756519062,0.8761039113655089,0.8920085107799874,0.8556870136600951,1.0,0.8890831112644368,0.8635309634522196,0.7398085971844376,0.8520471308469332,0.8086637050835399,0.8780056795820926
0,6,2.2976547208325617,0.12444085152250067,3711,2.299177805582682,0.09433962264150944,742,2.299135866044443,0.1016,0.9291203991160003,0.08419173907134396,,,0.7964351440130453,,0.7964714231486525,0.2035285768513475,0,0.13820015374624436,10,0.025,0.15,0.7418131707332672,0.8443101122026474,0.8862580670516738,0.9033805798927678,0.8716861901399193,0.8890831112644368,1.0,0.9320377073926107,0.7463444764435949,0.7973393132220181,0.8540168959429567,0.8822325266401994
0,7,2.297678111280714,0.12112794612794613,3564,2.2985441287358603,0.0967741935483871,713,2.2991369675986375,0.1016,0.9205614121951955,0.08341617113177763,,,0.7660001981913294,,0.766046112458946,0.23395388754105395,0,0.13819251258767712,10,0.025,0.15,0.7290670297695321,0.8158632882049557,0.8778630903539433,0.9125272182221931,0.850659547987525,0.8635309634522196,0.9320377073926107,1.0,0.75799146345942,0.8480584045858047,0.8391920865032702,0.8453751064220214
0,8,2.297375813236943,0.11967451322290032,3441,2.3005560636520386,0.1119186046511628,688,2.299183172515676,0.1015,0.8598173293228113,0.07791187913669749,,,0.55,,0.5500404350481095,0.4499595649518905,0,0.13779595221805394,10,0.025,0.15,0.6819886674477594,0.7725252588178656,0.8047814709797168,0.8034737288868926,0.8367929368267412,0.7398085971844376,0.7463444764435949,0.75799146345942,1.0,0.8201624360381443,0.8442074423394847,0.8223609450824032
0,9,2.2973660636831212,0.11532693461307739,3334,2.2954554557800293,0.10344827586206896,667,2.2991527303864685,0.1016,0.8889916712461646,0.08055549624501424,,,0.6537411932086449,,0.6537769635754485,0.34622303642455154,0,0.13807552292680042,10,0.025,0.15,0.7170013965072317,0.7854318369682264,0.8386180406853537,0.865811253278008,0.8614513188147684,0.8520471308469332,0.7973393132220181,0.8480584045858047,0.8201624360381443,1.0,0.7456519357821871,0.7864884906628413
0,10,2.299477947675265,0.10444307312557853,3241,2.298061649004618,0.10802469135802469,648,2.2991570973698097,0.1016,0.881284983105106,0.07985715889530846,,,0.6263369410222276,,0.6263966595699031,0.3736033404300969,0,0.1380395341711189,10,0.025,0.15,0.6490440912676265,0.7862383388714752,0.8314381770884504,0.833123850898556,0.8369102751933993,0.8086637050835399,0.8540168959429567,0.8391920865032702,0.8442074423394847,0.7456519357821871,1.0,0.8865493106729168
0,11,2.298785014152527,0.12659069325735992,3159,2.298249340057373,0.11234177215189874,632,2.2991401062736028,0.1016,0.9035851727372416,0.08187787843664732,,,0.7056343005751757,,0.7056741100163391,0.29432588998366094,0,0.13816062780405636,10,0.025,0.15,0.6875167924115453,0.804983522098205,0.8348958708284049,0.876901648293083,0.8378476192119212,0.8780056795820926,0.8822325266401994,0.8453751064220214,0.8223609450824032,0.7864884906628413,0.8865493106729168,1.0
1,0,2.099012229398445,0.23764791818845873,6845,2.2868196097287266,0.15485756026296568,1369,2.2896559781666044,0.1426,0.8969013303828735,0.07869472033081969,,,0.55,,0.5500404350481095,0.4499595649518905,0.8338715812896307,0.144973823631297,10,0.025,0.15,1.0,0.9484213729726354,0.9269365412126283,0.9031189022711752,0.8838006105450898,0.8525660086035368,0.8392489114639496,0.8381909358086578,0.8245241741583148,0.8159646607943047,0.8037782310349122,0.7972273184182029
1,1,2.16905341009761,0.21277838627236217,5478,2.291314336988661,0.12682481751824817,1096,2.2895511735843708,0.1409,0.9639827548623823,0.08494850539641736,,,0.8567177569231095,,0.8567444009836445,0.14325559901635554,0.8347993797847126,0.14555442110273656,10,0.025,0.15,0.9484213729726354,1.0,0.9768918007343979,0.9657422573952553,0.9550914758426011,0.9346469894253122,0.9209536396151198,0.9206419354953839,0.9104937441089508,0.9024104829422706,0.8915636902096045,0.8874844128495435
1,2,2.175394052580783,0.21398340248962655,4820,2.290466755628586,0.13485477178423236,964,2.2895517017267926,0.1409,0.9771249121708696,0.08648807613084251,,,0.9322262173729278,,0.9322589163407107,0.06774108365928933,0.8346420107851839,0.14556742530418149,10,0.025,0.15,0.9269365412126283,0.9768918007343979,1.0,0.97925882952732,0.970160456118873,0.9509499595961735,0.943529558007367,0.9421412154379077,0.9306970575760516,0.9252140121073256,0.9094949713064387,0.9122887303525049
1,3,2.1897416969708035,0.1997957330912392,4406,2.2887535776410783,0.1441543700340522,881,2.2895513335360755,0.1409,0.9871442449478397,0.08685047254753746,,,0.9499999999509547,,0.9500173293063326,0.04998267069366735,0.834640762538784,0.14556889538303294,10,0.025,0.15,0.9031189022711752,0.9657422573952553,0.97925882952732,1.0,0.9785569091951344,0.9694608108500457,0.9609275896681515,0.9641400968918916,0.9476252249530092,0.9465675255307469,0.9343119530572336,0.936566015761636
1,4,2.2077881195328453,0.20415856031128404,4112,2.2901407309940884,0.145985401459854,822,2.2895519009119347,0.1409,0.9879928553285815,0.08586036860813377,,,0.9014402147601905,,0.9014870195243518,0.09851298047564816,0.8345743357715286,0.14556622735104946,10,0.025,0.15,0.8838006105450898,0.9550914758426011,0.970160456118873,0.9785569091951344,1.0,0.9686776812456726,0.9648990720756591,0.9624673124508836,0.9590933456109564,0.9600169460499515,0.9482913185492078,0.9475044534498048
1,5,2.2256336781286423,0.1931601954229879,3889,2.293024914605277,0.12467866323907455,778,2.289558712440201,0.1409,0.9831984641099138,0.08393691079448838,,,0.8071039592046665,,0.8071248205178987,0.1928751794821013,0.8350955748510839,0.14553483656591804,10,0.025,0.15,0.8525660086035368,0.9346469894253122,0.9509499595961735,0.9694608108500457,0.9686776812456726,1.0,0.9743693548293618,0.9701775842459426,0.9589291986912465,0.9552008106266494,0.9488426696873521,0.9609211586801447
1,6,2.2384819285622957,0.19700889248181083,3711,2.2897555430730185,0.1347708894878706,742,2.2895571400847614,0.1409,0.9824103851099646,0.08426938040507452,,,0.8234099774215453,,0.8234556287237379,0.1765443712762621,0.8351160109232559,0.14554932058972264,10,0.025,0.15,0.8392489114639496,0.9209536396151198,0.943529558007367,0.9609275896681515,0.9648990720756591,0.9743693548293618,1.0,0.9794860496970853,0.9635863822984297,0.9521733264364505,0.9682771410620814,0.9700493502249896
1,7,2.2374410339764186,0.18263187429854097,3564,2.288775642712911,0.13604488078541374,713,2.2895612384699566,0.1409,0.9824219423803593,0.08378883185110474,,,0.7998414068646404,,0.799863015959466,0.20013698404053404,0.834970601720033,0.14552844500343806,10,0.025,0.15,0.8381909358086578,0.9206419354953839,0.9421412154379077,0.9641400968918916,0.9624673124508836,0.9701775842459426,0.9794860496970853,1.0,0.9679722615819386,0.9598694965475626,0.9675136070127694,0.9656230124811919
1,8,2.2450213697221546,0.18683522231909327,3441,2.291258772214254,0.15843023255813954,688,2.2896736241594144,0.1446,0.9756301484786775,0.08015398742535153,,,0.6215699572805408,,0.6216104702018451,0.3783895297981549,0.8328297575911608,0.1452579902274057,10,0.025,0.15,0.8245241741583148,0.9104937441089508,0.9306970575760516,0.9476252249530092,0.9590933456109564,0.9589291986912465,0.9635863822984297,0.9679722615819386,1.0,0.9587190472400003,0.969954302105696,0.9714983489271934
1,9,2.2289430176770244,0.19322135572885424,3334,2.286047339439392,0.15142428785607195,667,2.289595102962059,0.143,0.9683600117573677,0.08155600861658788,,,0.6903322812849686,,0.6903665560891882,0.3096334439108118,0.834031348451655,0.14543670946870144,10,0.025,0.15,0.8159646607943047,0.9024104829422706,0.9252140121073256,0.9465675255307469,0.9600169460499515,0.9552008106266494,0.9521733264364505,0.9598694965475626,0.9587190472400003,1.0,0.9505346288640161,0.9496410605203196
1,10,2.2545389569722687,0.17698241283554458,3241,2.288063168525696,0.15123456790123457,648,2.289609480507766,0.143,0.9673411336209652,0.08108972047701989,,,0.6674631147325559,,0.6675083758313941,0.3324916241686059,0.8337985392537801,0.14537917654346375,10,0.025,0.15,0.8037782310349122,0.8915636902096045,0.9094949713064387,0.9343119530572336,0.9482913185492078,0.9488426696873521,0.9682771410620814,0.9675136070127694,0.969954302105696,0.9505346288640161,1.0,0.9752050385583747
1,11,2.253924391746521,0.1877176321620766,3159,2.289233684539795,0.1439873417721519,632,2.28957104079331,0.1407,0.9679618790937577,0.08236301741662218,,,0.7299121399413477,,0.7299516429832813,0.2700483570167187,0.8348210427056854,0.1454833609656711,10,0.025,0.15,0.7972273184182029,0.8874844128495435,0.9122887303525049,0.936566015761636,0.9475044534498048,0.9609211586801447,0.9700493502249896,0.9656230124811919,0.9714983489271934,0.9496410605203196,0.9752050385583747,1.0
2,0,2.004638845169986,0.2754711468224982,6845,2.271970597180453,0.20160701241782322,1369,2.274861649621891,0.1818,0.917019450211682,0.07860878136237698,,,0.55,,0.5500404350481095,0.4499595649518905,0.9488899019744861,0.1452694267562031,10,0.025,0.15,1.0,0.9533929131217618,0.9364147717949993,0.9208996471140707,0.9090098212336905,0.8800436496245551,0.8708055700859162,0.8733978987741562,0.8579800657642723,0.8478870977086735,0.8406406198433194,0.8275027607228529
2,1,2.066693920035695,0.25489229645856154,5478,2.2774039639367,0.1687956204379562,1096,2.274561046045038,0.1824,0.9640880515165611,0.08401477919523243,,,0.844573397487562,,0.8446221386014424,0.15537786139855758,0.952144046444524,0.14610932274525842,10,0.025,0.15,0.9533929131217618,1.0,0.9684023816814232,0.9605406120251228,0.9539111279435833,0.9374336581973026,0.9302961345518629,0.9323045098329181,0.917143828761823,0.9091128989716026,0.9057121622991898,0.8969597909454132
2,2,2.0700551437704187,0.25398340248962653,4820,2.2742749750614166,0.17946058091286307,964,2.2745563591582867,0.1824,0.9802480432302093,0.08549464850198707,,,0.9252116335739462,,0.9252611774025845,0.07473882259741549,0.952345374175715,0.146129502252813,10,0.025,0.15,0.9364147717949993,0.9684023816814232,1.0,0.9752336804581997,0.969658779558461,0.9545628722241096,0.9541855914116752,0.9521808073837182,0.9466150231455447,0.9357058932651501,0.9309436430323379,0.9298530637108484
2,3,2.0886433134760174,0.24455288243304585,4406,2.2731734343937466,0.1793416572077185,881,2.274555607687069,0.1824,0.9873222067970553,0.08594956349440541,,,0.9499999999455098,,0.9500173293063326,0.04998267069366735,0.9523358468936539,0.14613208558807125,10,0.025,0.15,0.9208996471140707,0.9605406120251228,0.9752336804581997,1.0,0.9741902664534903,0.9662106724251865,0.9652081033306885,0.9660299203942437,0.9581614431693743,0.9539772931369819,0.9496814352264229,0.9466143411099578
2,4,2.1069166927626637,0.2448443579766537,4112,2.2748821803501675,0.17396593673965938,822,2.274557143827028,0.1824,0.98664937251399,0.08531459750903962,,,0.9154006357982546,,0.9154412371474311,0.08455876285256891,0.9523439073672728,0.14612881299023417,10,0.025,0.15,0.9090098212336905,0.9539111279435833,0.969658779558461,0.9741902664534903,1.0,0.9663066023023211,0.9649590155960994,0.9653155169702176,0.9634958974746587,0.9608365930024437,0.9525893187036225,0.9490555364318697
2,5,2.1249358969350016,0.23833890460272564,3889,2.278747660773141,0.15681233933161953,778,2.2745707185962534,0.1825,0.9827449692823402,0.08399641992235315,,,0.8435729987536633,,0.8436153884240234,0.1563846115759766,0.9519556069780024,0.14610903399653727,10,0.025,0.15,0.8800436496245551,0.9374336581973026,0.9545628722241096,0.9662106724251865,0.9663066023023211,1.0,0.9716177079069765,0.9689275993552587,0.9588854484231244,0.9607136165223603,0.9573343377581559,0.9620463924104494
2,6,2.1419293424178814,0.23864187550525465,3711,2.2754740715026855,0.18328840970350405,742,2.2745699309095553,0.1826,0.9840637655656119,0.08424525077990146,,,0.8571318186744309,,0.8571570035153736,0.1428429964846264,0.9521002280354456,0.14611286474831986,10,0.025,0.15,0.8708055700859162,0.9302961345518629,0.9541855914116752,0.9652081033306885,0.9649590155960994,0.9716177079069765,1.0,0.9752610592901751,0.9655866455601739,0.9641087904195784,0.9708313886989595,0.9669625106771335
2,7,2.1382887665714536,0.2287598204264871,3564,2.274241288503011,0.16830294530154277,713,2.2745722094668617,0.1826,0.985210494772141,0.08398508022032256,,,0.8429550971826807,,0.8429882325757951,0.15701176742420486,0.9519317625581314,0.14610877728435198,10,0.025,0.15,0.8733978987741562,0.9323045098329181,0.9521808073837182,0.9660299203942437,0.9653155169702176,0.9689275993552587,0.9752610592901751,1.0,0.9728401669151021,0.9669074375851806,0.9732047691440627,0.9675640395414018
2,8,2.1399699643806174,0.23670444638186575,3441,2.276589870452881,0.1933139534883721,688,2.2747618699375587,0.1824,0.9786890480679837,0.08152198471938206,,,0.7087407610912567,,0.7087933851562113,0.29120661484378874,0.9503689245662826,0.14597300259831014,10,0.025,0.15,0.8579800657642723,0.917143828761823,0.9466150231455447,0.9581614431693743,0.9634958974746587,0.9588854484231244,0.9655866455601739,0.9728401669151021,1.0,0.9638388340320119,0.9662086854408232,0.9680899981543059
2,9,2.131484435664283,0.23542291541691662,3334,2.270909825960795,0.19490254872563717,667,2.27462788171406,0.1827,0.9750067019331721,0.08227007082770608,,,0.7495040527823781,,0.7495337591391461,0.2504662408608539,0.9517188023947205,0.14602555857165825,10,0.025,0.15,0.8478870977086735,0.9091128989716026,0.9357058932651501,0.9539772931369819,0.9608365930024437,0.9607136165223603,0.9641087904195784,0.9669074375851806,0.9638388340320119,1.0,0.9684422224962733,0.9639701269076533
2,10,2.1634506890406975,0.22394322739895095,3241,2.273064891497294,0.19907407407407407,648,2.2746530695806575,0.1828,0.9742212033004632,0.08195576290074544,,,0.7323773803780043,,0.7324190061230216,0.2675809938769784,0.9514192001667844,0.14600598749664734,10,0.025,0.15,0.8406406198433194,0.9057121622991898,0.9309436430323379,0.9496814352264229,0.9525893187036225,0.9573343377581559,0.9708313886989595,0.9732047691440627,0.9662086854408232,0.9684422224962733,1.0,0.9712700359815776
2,11,2.158172486305237,0.2281418170307059,3159,2.274845838546753,0.19145569620253164,632,2.2745932536789133,0.1827,0.9711192405449938,0.08264306056654769,,,0.7698283033639834,,0.7698585598521233,0.23014144014787674,0.9516423735462117,0.14606202870144347,10,0.025,0.15,0.8275027607228529,0.8969597909454132,0.9298530637108484,0.9466143411099578,0.9490555364318697,0.9620463924104494,0.9669625106771335,0.9675640395414018,0.9680899981543059,0.9639701269076533,0.9712700359815776,1.0
3,0,1.9407465135609663,0.2985829072315559,6845,2.2516544081948022,0.23301680058436816,1369,2.2546133361285245,0.2216,0.9236277256414588,0.07881078153608373,,,0.55,,0.5500404350481095,0.4499595649518905,0.9747439032426578,0.14498312231682212,10,0.025,0.15,1.0,0.9512427441666629,0.935251576379966,0.9199180262380672,0.9094215925785176,0.8872458423500166,0.8836891492085945,0.8802742193494313,0.8655303461854446,0.8497700410786113,0.8599278538055016,0.8419763153251282
3,1,1.9975669112316399,0.2839539978094195,5478,2.2582565678490534,0.21806569343065693,1096,2.253971374487575,0.2231,0.9643295708488065,0.08348674421343572,,,0.8374393760004094,,0.8374841148025284,0.16251588519747162,0.9793234778895656,0.14590746141009225,10,0.025,0.15,0.9512427441666629,1.0,0.9622502154376119,0.9538225474425618,0.947703544988207,0.9362088113139586,0.9339965648161075,0.9317013271673824,0.9169516799364738,0.9042435613631813,0.914517847527896,0.9028201634492956
3,2,1.9997300988749453,0.2796265560165975,4820,2.2521732449531555,0.229253112033195,964,2.2539667238163044,0.2233,0.9790601323308634,0.08488377305784058,,,0.923317114339782,,0.923354953705996,0.07664504629400404,0.9794673852177412,0.1459287571470301,10,0.025,0.15,0.935251576379966,0.9622502154376119,1.0,0.9674590540410735,0.9619370348840334,0.9503914927799438,0.9540367027530786,0.9490410284769991,0.9430761203133439,0.9330622359911857,0.9371434718283532,0.9325258592334251
3,3,2.01909412418093,0.27276441216522923,4406,2.251772267477853,0.2224744608399546,881,2.253963425189634,0.2233,0.9837299808435467,0.08531784085648349,,,0.9499999999385282,,0.9500173293063326,0.04998267069366735,0.9795211145844794,0.14593024547909653,10,0.025,0.15,0.9199180262380672,0.9538225474425618,0.9674590540410735,1.0,0.9653980152231054,0.9587441392414191,0.9597417847915668,0.9603743190140681,0.9526029937826462,0.9480299709242663,0.9506178915479443,0.9434171737429294
3,4,2.0324454936114225,0.27558365758754866,4112,2.254016467503139,0.20437956204379562,822,2.2539677710472783,0.2233,0.9826636365991709,0.08488972448512046,,,0.9236829586934863,,0.9237180439339175,0.07628195606608246,0.9794553674728829,0.14592881555999718,10,0.025,0.15,0.9094215925785176,0.947703544988207,0.9619370348840334,0.9653980152231054,1.0,0.959835415905672,0.961313501743651,0.9601725718663146,0.9577337020633278,0.9472503391997279,0.9504551307457242,0.9464173177143365
3,5,2.0510461557296016,0.26613525327847776,3889,2.2593181473868236,0.2095115681233933,778,2.2539866000791138,0.223,0.9791148985586235,0.08395743531180364,,,0.8663735581013753,,0.8663993002261062,0.13360069977389377,0.9793286332220448,0.1459181384325258,10,0.025,0.15,0.8872458423500166,0.9362088113139586,0.9503914927799438,0.9587441392414191,0.959835415905672,1.0,0.9636346611813073,0.9599881004413183,0.9485727590802909,0.9528584998897481,0.9546843098030038,0.954006177848574
3,6,2.0656188196149365,0.26682834815413636,3711,2.255661725997925,0.2210242587601078,742,2.2539869048927406,0.2232,0.9820943016243062,0.08420872233023083,,,0.8818205983704435,,0.8818636431153142,0.11813635688468582,0.9793733823321642,0.14592315163865302,10,0.025,0.15,0.8836891492085945,0.9339965648161075,0.9540367027530786,0.9597417847915668,0.961313501743651,0.9636346611813073,1.0,0.9659017213614,0.9560390638478533,0.9588632871359419,0.9646015692578238,0.9590806266835464
3,7,2.0615713081189564,0.26130751964085297,3564,2.2542934020360312,0.19915848527349228,713,2.253988087931766,0.2231,0.982335761166164,0.08405542435137114,,,0.8723971109677371,,0.8724232971893515,0.12757670281064848,0.9793315182291819,0.14591974076997014,10,0.025,0.15,0.8802742193494313,0.9317013271673824,0.9490410284769991,0.9603743190140681,0.9601725718663146,0.9599881004413183,0.9659017213614,1.0,0.9684513611185221,0.9588700464789465,0.9692937570364705,0.960102468230096
3,8,2.055306394894918,0.2692531240918338,3441,2.2564735809961953,0.22529069767441862,688,2.254252258735367,0.2211,0.9755560080330536,0.0823085361033594,,,0.7650129202463309,,0.7650641184334307,0.2349358815665693,0.9782431654031214,0.14584641100592322,10,0.025,0.15,0.8655303461854446,0.9169516799364738,0.9430761203133439,0.9526029937826462,0.9577337020633278,0.9485727590802909,0.9560390638478533,0.9684513611185221,1.0,0.9554740698544384,0.9603920666634186,0.9608853977867803
3,9,2.045055591177057,0.2624775044991002,3334,2.250013589859009,0.2413793103448276,667,2.254058249389069,0.2228,0.9714499000302679,0.08263808433039291,,,0.7852708100706771,,0.785306398640062,0.21469360135993798,0.9787414446102609,0.14586608194473477,10,0.025,0.15,0.8497700410786113,0.9042435613631813,0.9330622359911857,0.9480299709242663,0.9472503391997279,0.9528584998897481,0.9588632871359419,0.9588700464789465,0.9554740698544384,1.0,0.9665935204929281,0.9623451216224645
3,10,2.0910658520001633,0.25325516815797594,3241,2.252773880958557,0.24228395061728394,648,2.2540930916991413,0.2228,0.9761897585874787,0.08259791617105325,,,0.7828016050208593,,0.7828307834496873,0.21716921655031274,0.9785518082812081,0.14586388910116507,10,0.025,0.15,0.8599278538055016,0.914517847527896,0.9371434718283532,0.9506178915479443,0.9504551307457242,0.9546843098030038,0.9646015692578238,0.9692937570364705,0.9603920666634186,0.9665935204929281,1.0,0.964791491815383
3,11,2.079235685825348,0.2589427033871478,3159,2.254919910430908,0.22784810126582278,632,2.254012847248512,0.2234,0.970709906012595,0.08284501725282505,,,0.7979913286466549,,0.7980310607185885,0.20196893928141146,0.9790194327319156,0.14587621654940489,10,0.025,0.15,0.8419763153251282,0.9028201634492956,0.9325258592334251,0.9434171737429294,0.9464173177143365,0.954006177848574,0.9590806266835464,0.960102468230096,0.9608853977867803,0.9623451216224645,0.964791491815383,1.0
4,0,1.88981806812463,0.3187436084733382,6845,2.225945841182362,0.268809349890431,1369,2.229008683675452,0.2606,0.9319442895216178,0.07925751021501035,,,0.55,,0.5500404350481095,0.4499595649518905,0.9834755374696131,0.14473877570509963,10,0.025,0.15,1.0,0.951754692547132,0.9370688866457174,0.9244212488353455,0.9145088651050552,0.8947542524217575,0.890505133693853,0.8879115762142472,0.8727844615889983,0.8548676655532665,0.8776543705306045,0.8576861440704263
4,1,1.9428073727807333,0.30372398685651697,5478,2.233896096547445,0.2527372262773723,1096,2.2278207585781433,0.2618,0.964107943154925,0.0832053615086853,,,0.8313565394017415,,0.8314023534848409,0.16859764651515907,0.9869343729307988,0.1456476436408003,10,0.025,0.15,0.951754692547132,1.0,0.9578091109101382,0.9485630581686251,0.945101393856112,0.9334194117018062,0.9324410709182678,0.9283853866242323,0.9139188030716644,0.8998418978975204,0.9193219753998976,0.9044037508893044
4,2,1.9428679350175355,0.29900414937759334,4820,2.224262237548828,0.2676348547717842,964,2.227804660797119,0.2621,0.9764118362014998,0.0844727591873398,,,0.9216817817641744,,0.9217292997309832,0.07827070026901684,0.987189866219373,0.14567478412961735,10,0.025,0.15,0.9370688866457174,0.9578091109101382,1.0,0.9601250874399794,0.9570108861626532,0.9453772039264273,0.9480000502370549,0.9456121055993375,0.9366055420967361,0.9223456203378085,0.9382845698593416,0.9284840331402163
4,3,1.9619110982758659,0.2954153427144803,4406,2.22472950390407,0.26106696935300794,881,2.2277998954434937,0.2621,0.9803437604285622,0.0848701059646823,,,0.9499999999287316,,0.9500173293063326,0.04998267069366735,0.9871916401567803,0.14567681646336833,10,0.025,0.15,0.9244212488353455,0.9485630581686251,0.9601250874399794,1.0,0.9607847974776323,0.951422034829681,0.9512292742772624,0.9540165337227045,0.9480250088244876,0.9354519348767014,0.949124166900801,0.9386889306532359
4,4,1.9714425603548686,0.30019455252918287,4112,2.227687733513968,0.25060827250608275,822,2.2278068216541147,0.262,0.9822055500344816,0.08466546822891037,,,0.935415822135601,,0.9354442078856596,0.06455579211434037,0.9871953285870778,0.1456753986649583,10,0.025,0.15,0.9145088651050552,0.945101393856112,0.9570108861626532,0.9607847974776323,1.0,0.9551842965637689,0.9597947396816546,0.9569111325845037,0.9547767965606538,0.9413506391490098,0.9516255901840014,0.9462839745077469
4,5,1.9931900132086968,0.2843918745178709,3889,2.23433974811009,0.2622107969151671,778,2.227831677545475,0.2621,0.9750504346240421,0.08385412989297487,,,0.8775931410106786,,0.8776468452410424,0.12235315475895758,0.9871320885359064,0.14566926142121236,10,0.025,0.15,0.8947542524217575,0.9334194117018062,0.9453772039264273,0.951422034829681,0.9551842965637689,1.0,0.9558067054629427,0.9522334839774875,0.9396085191983206,0.9405978091323034,0.9475440475968642,0.9437272022150532
4,6,2.005079319970361,0.28967933171651844,3711,2.2302458683649697,0.24932614555256064,742,2.2278324380705627,0.262,0.9794011204281193,0.08415183753746429,,,0.8988102503636031,,0.8988463633212853,0.10115363667871469,0.9871579532086762,0.14567257259592672,10,0.025,0.15,0.890505133693853,0.9324410709182678,0.9480000502370549,0.9512292742772624,0.9597947396816546,0.9558067054629427,1.0,0.9615978564368339,0.9497424383912334,0.9461495449605652,0.9604199851105025,0.9544657878965964
4,7,1.9991911504949842,0.2856341189674523,3564,2.228876272837321,0.24684431977559607,713,2.2278341251083567,0.2623,0.9794976773420827,0.08405996212843733,,,0.8922624487325337,,0.8923024871680613,0.10769751283193874,0.9871492541559487,0.1456716779448859,10,0.025,0.15,0.8879115762142472,0.9283853866242323,0.9456121055993375,0.9540165337227045,0.9569111325845037,0.9522334839774875,0.9615978564368339,1.0,0.9623564082830421,0.9470809041933871,0.9631270801457482,0.9522150251162118
4,8,1.9896601217764396,0.2997965707643127,3441,2.2311067978541055,0.2688953488372093,688,2.228193271009228,0.2618,0.9728188412531458,0.0827592128375021,,,0.7995602945979153,,0.7995906982885247,0.2004093017114753,0.98664983745545,0.1456213690676719,10,0.025,0.15,0.8727844615889983,0.9139188030716644,0.9366055420967361,0.9480250088244876,0.9547767965606538,0.9396085191983206,0.9497424383912334,0.9623564082830421,1.0,0.9471780971132986,0.9560272880436461,0.9530951129046588
4,9,1.9933933783460547,0.2874625074985003,3334,2.2234362761179605,0.2773613193403298,667,2.2279360656496845,0.263,0.9646094470873907,0.08269566006443506,,,0.7950309982872429,,0.7950603224901388,0.2049396775098612,0.9867176811520414,0.14561828220405282,10,0.025,0.15,0.8548676655532665,0.8998418978975204,0.9223456203378085,0.9354519348767014,0.9413506391490098,0.9405978091323034,0.9461495449605652,0.9470809041933871,0.9471780971132986,1.0,0.9514878895286336,0.9518683706609326
4,10,2.0309395666305834,0.2763961740203641,3241,2.226539969444275,0.2824074074074074,648,2.227975658223599,0.2628,0.9760455750525213,0.08304386447764765,,,0.8198469250833893,,0.8198989949002327,0.18010100509976734,0.9866811905079137,0.14564142328053611,10,0.025,0.15,0.8776543705306045,0.9193219753998976,0.9382845698593416,0.949124166900801,0.9516255901840014,0.9475440475968642,0.9604199851105025,0.9631270801457482,0.9560272880436461,0.9514878895286336,1.0,0.957090613505575
4,11,2.014525685787201,0.2814181703070592,3159,2.2293292045593263,0.254746835443038,632,2.2278745023510123,0.2625,0.9689066230442896,0.08296412795691055,,,0.8141642410434737,,0.8142050799623707,0.18579492003762932,0.9867043287166696,0.1456380319329212,10,0.025,0.15,0.8576861440704263,0.9044037508893044,0.9284840331402163,0.9386889306532359,0.9462839745077469,0.9437272022150532,0.9544657878965964,0.9522150251162118,0.9530951129046588,0.9518683706609326,0.957090613505575,1.0
5,0,1.8453172758773522,0.3337326515704894,6845,2.1953580379486084,0.295836376917458,1369,2.198562175412721,0.2922,0.9379181451018043,0.07978443339853662,,,0.55,,0.5500404350481095,0.4499595649518905,0.9858535004619525,0.14450068251076983,10,0.025,0.15,1.0,0.9462033138029466,0.93484939126692,0.9233676091323961,0.9193087000435034,0.899646404081984,0.8965716380910794,0.8942696882746853,0.881036389297608,0.8664521519803113,0.886273939245391,0.865337269419478
5,1,1.89429101112277,0.32161372763782403,5478,2.2045867443084717,0.29105839416058393,1096,2.1965572381321388,0.2962,0.9655058879851641,0.0831339712584144,,,0.8342198720848433,,0.8342740671056758,0.16572593289432425,0.989814461253697,0.1453785173994863,10,0.025,0.15,0.9462033138029466,1.0,0.9542688842033052,0.9439211163647341,0.9416397882012046,0.9329769471467849,0.9325334494882538,0.9290271147970381,0.917218815630567,0.9049991420240678,0.9226001760121525,0.9052671687803505
5,2,1.8916695867714128,0.3172199170124481,4820,2.1910622119903564,0.30186721991701243,964,2.196521659440632,0.2964,0.9756969062955618,0.08425285414646895,,,0.9291609548921257,,0.9291974055552805,0.07080259444471948,0.98999681232979,0.14540050972873483,10,0.025,0.15,0.93484939126692,0.9542688842033052,1.0,0.9546311963852399,0.9489883259082263,0.943598214435761,0.9451972694286687,0.944153875272624,0.9340200359564116,0.923224418498031,0.9390858542051344,0.9256971737432768
5,3,1.9152032882826668,0.31286881525192917,4406,2.1925148282732283,0.318955732122588,881,2.1965167311173452,0.2965,0.9756697393980911,0.08449844278091696,,,0.9499999999151465,,0.9500173293063326,0.04998267069366735,0.9900100892178197,0.1454023658528384,10,0.025,0.15,0.9233676091323961,0.9439211163647341,0.9546311963852399,1.0,0.948414153177347,0.9465460570780263,0.9425962206503461,0.943921418676407,0.942353226237361,0.930256927684361,0.940580355565222,0.9301711244565171
5,4,1.9187628211397114,0.3163667315175097,4112,2.196461950029646,0.28102189781021897,822,2.196524550643148,0.2963,0.976137067536897,0.08438676241062491,,,0.9405235342393853,,0.94057698338037,0.05942301661963001,0.9899995648460864,0.1454020195850211,10,0.025,0.15,0.9193087000435034,0.9416397882012046,0.9489883259082263,0.948414153177347,1.0,0.9458990419019065,0.9493009117416247,0.9454462885776622,0.9454102195493347,0.9311505236988917,0.9420865239698986,0.9345301388962309
5,5,1.9444539666175842,0.3004114168166624,3889,2.20434638432094,0.3059125964010283,778,2.1965588406671452,0.2966,0.9732109471129639,0.08378795580263,,,0.8897127225251737,,0.8897526035219752,0.11024739647802484,0.9899570164751075,0.14539644281540715,10,0.025,0.15,0.899646404081984,0.9329769471467849,0.943598214435761,0.9465460570780263,0.9458990419019065,1.0,0.9502925553858009,0.9469706194246512,0.9348692651282338,0.9366592525722556,0.9438462032270484,0.9364538005072687
5,6,1.9508173774028648,0.3086230126650499,3711,2.1995468139648438,0.2803234501347709,742,2.196557204934615,0.2965,0.976549949047213,0.08408163510254892,,,0.9146324268392387,,0.914673796438415,0.08532620356158505,0.9899777795145124,0.14539947024610336,10,0.025,0.15,0.8965716380910794,0.9325334494882538,0.9451972694286687,0.9425962206503461,0.9493009117416247,0.9502925553858009,1.0,0.9573092989068915,0.9446088752123203,0.9405942558973545,0.9529209049271004,0.9444148027341369
5,7,1.949830323457718,0.3015432098765432,3564,2.198354641596476,0.2791023842917251,713,2.196561067919188,0.2969,0.976596416571228,0.08402616152237316,,,0.9099253017010214,,0.9099783796273374,0.09002162037266259,0.9899616947346119,0.14539901115023296,10,0.025,0.15,0.8942696882746853,0.9290271147970381,0.944153875272624,0.943921418676407,0.9454462885776622,0.9469706194246512,0.9573092989068915,1.0,0.9532991662467923,0.9428137139347595,0.9569471558501288,0.9428073818613801
5,8,1.9379109228098834,0.31476315024702123,3441,2.200969179471334,0.29796511627906974,688,2.1970240254945392,0.2954,0.9707188555543521,0.08302741432205618,,,0.8251781474982189,,0.8252380716608078,0.17476192833919224,0.9896877205681839,0.14537439106933128,10,0.025,0.15,0.881036389297608,0.917218815630567,0.9340200359564116,0.942353226237361,0.9454102195493347,0.9348692651282338,0.9446088752123203,0.9532991662467923,1.0,0.9425250559663658,0.949455597605542,0.9442099618645943
5,9,1.941568468235157,0.3038992201559688,3334,2.191560665766398,0.3148425787106447,667,2.1967135381095018,0.2965,0.9636577134943458,0.08275746333991112,,,0.8022718730137599,,0.8023138749979369,0.19768612500206306,0.9895741844059194,0.14535743339897506,10,0.025,0.15,0.8664521519803113,0.9049991420240678,0.923224418498031,0.930256927684361,0.9311505236988917,0.9366592525722556,0.9405942558973545,0.9428137139347595,0.9425250559663658,1.0,0.9456593583859897,0.9425445159334326
5,10,1.9735285791066977,0.2966985498302993,3241,2.195438822110494,0.3101851851851852,648,2.1967444178424302,0.2963,0.973884603704377,0.08330733862639979,,,0.848930692864845,,0.8489792213365022,0.15102077866349783,0.9898259205885727,0.14538398625072937,10,0.025,0.15,0.886273939245391,0.9226001760121525,0.9390858542051344,0.940580355565222,0.9420865239698986,0.9438462032270484,0.9529209049271004,0.9569471558501288,0.949455597605542,0.9456593583859897,1.0,0.9463474729817788
5,11,1.9630843496322632,0.3004115226337449,3159,2.1986280918121337,0.2848101265822785,632,2.196633646759806,0.2971,0.9646247813799375,0.08295556728911906,,,0.8190816782641586,,0.8191315541912165,0.18086844580878347,0.989769841836938,0.14537107792290072,10,0.025,0.15,0.865337269419478,0.9052671687803505,0.9256971737432768,0.9301711244565171,0.9345301388962309,0.9364538005072687,0.9444148027341369,0.9428073818613801,0.9442099618645943,0.9425445159334326,0.9463474729817788,1.0
6,0,1.8107171648078495,0.3445288531775018,6845,2.16025371985002,0.31994156318480643,1369,2.163643604592432,0.3138,0.9393283999337533,0.08025914188681398,,,0.55,,0.5500404350481095,0.4499595649518905,0.9896248422041555,0.1440771102426654,10,0.025,0.15,1.0,0.9396954370983678,0.9315732277474755,0.9226181919969497,0.9157508973073871,0.8969142184772977,0.8962890254425471,0.8949138465488747,0.8820480513020612,0.8541939073045594,0.8870129631135363,0.8717718734284975
6,1,1.853719958593679,0.33671047827674333,5478,2.170611619949341,0.32116788321167883,1096,2.160614104210576,0.3176,0.9626543920678182,0.08310201456083889,,,0.8265592534353525,,0.8265996600155139,0.17340033998448612,0.9927351765247372,0.14488876344173351,10,0.025,0.15,0.9396954370983678,1.0,0.9469656761393491,0.9377883611399727,0.9355813545152487,0.92507814502937,0.9284530421248066,0.9239302276805279,0.9141966980230585,0.884236078328821,0.9190353195220601,0.904987445437352
6,2,1.8532568928442503,0.32896265560165977,4820,2.153173089027405,0.3153526970954357,964,2.1605475763731365,0.3176,0.9723851473355679,0.08411503184548227,,,0.9251072139254137,,0.9251621527949695,0.0748378472050305,0.9929212326420238,0.14491156701138574,10,0.025,0.15,0.9315732277474755,0.9469656761393491,1.0,0.9499190157352388,0.945064021260417,0.935968670621912,0.9403506831686896,0.9389275182014565,0.9281676619785149,0.8963019768809847,0.9338605399256149,0.9242464801927481
6,3,1.8739969631603786,0.3246028143440763,4406,2.1555778980255127,0.33030646992054485,881,2.160540650162516,0.3174,0.9755467837402075,0.08437091560332505,,,0.9499999999027183,,0.9500173293063326,0.04998267069366735,0.9929469851617879,0.14491295703776483,10,0.025,0.15,0.9226181919969497,0.9377883611399727,0.9499190157352388,1.0,0.9479002459359418,0.9422575921230589,0.9395112518369276,0.9420381155101692,0.9402405892632396,0.9114964980297477,0.9413405244793485,0.9324375925301325
6,4,1.876057786652536,0.3317120622568093,4112,2.160848549434117,0.30656934306569344,822,2.1605489133279536,0.3176,0.9757875409666094,0.08430942201102602,,,0.9440178037485731,,0.9440593487481639,0.055940651251836115,0.9929424509907765,0.1449127493790461,10,0.025,0.15,0.9157508973073871,0.9355813545152487,0.945064021260417,0.9479002459359418,1.0,0.9435884907889729,0.9464133856734968,0.944939837120253,0.9415552388572727,0.9164684314544408,0.9381710593365837,0.9346868191915308
6,5,1.904115346170241,0.3150167138081769,3889,2.169677666255406,0.3277634961439589,778,2.1605979943577247,0.3173,0.9689904432684783,0.08371531797630631,,,0.8862224020036218,,0.8862702381541813,0.11372976184581873,0.9928517224964767,0.14490692104799657,10,0.025,0.15,0.8969142184772977,0.92507814502937,0.935968670621912,0.9422575921230589,0.9435884907889729,1.0,0.9447394045861657,0.9401815365218059,0.9269820432207521,0.907818354572945,0.9352171398216251,0.9322615478622239
6,6,1.905794238633123,0.32506063055780116,3711,2.163918614387512,0.284366576819407,742,2.1605912431885925,0.3175,0.9744286908310369,0.08407549061075967,,,0.9212605786347401,,0.9213084451486194,0.07869155485138057,0.9929049385277015,0.1449112772273667,10,0.025,0.15,0.8962890254425471,0.9284530421248066,0.9403506831686896,0.9395112518369276,0.9464133856734968,0.9447394045861657,1.0,0.9520501712951774,0.9390100569992164,0.9178180454704212,0.9463734840373571,0.9428517666755061
6,7,1.9057763695716858,0.3151795735129068,3564,2.1632872025171914,0.30014025245441794,713,2.1606004811540434,0.3173,0.9736399587494856,0.0840152535746153,,,0.9154006222964002,,0.9154412371474311,0.08455876285256891,0.9929025069970749,0.14491079485448402,10,0.025,0.15,0.8949138465488747,0.9239302276805279,0.9389275182014565,0.9420381155101692,0.944939837120253,0.9401815365218059,0.9520501712951774,1.0,0.9461244713328691,0.9108437456106097,0.9504808806349606,0.9402398936870506
6,8,1.8910444246398077,0.32964254577157803,3441,2.1664701302846274,0.311046511627907,688,2.1611874586419213,0.3151,0.9682510764942804,0.08321878308543414,,,0.8379186844369133,,0.8379627337393343,0.16203726626066572,0.9927426483966251,0.14489354815730976,10,0.025,0.15,0.8820480513020612,0.9141966980230585,0.9281676619785149,0.9402405892632396,0.9415552388572727,0.9269820432207521,0.9390100569992164,0.9461244713328691,1.0,0.9230118783346082,0.943508477868586,0.9378727326182428
6,9,1.90314051133615,0.3176064787042591,3334,2.15487011273702,0.3328335832083958,667,2.160840767848341,0.3165,0.9449653355981963,0.08228993088631528,,,0.7475584396439576,,0.7475862751893846,0.2524137248106154,0.9924975297577705,0.14482722416793817,10,0.025,0.15,0.8541939073045594,0.884236078328821,0.8963019768809847,0.9114964980297477,0.9164684314544408,0.907818354572945,0.9178180454704212,0.9108437456106097,0.9230118783346082,1.0,0.9182913327588178,0.9128129009843331
