round,client_id,client_i_training_loss,client_i_training_accuracy,client_i_training_dataset_size,client_i_evaluation_loss,client_i_evaluation_accuracy,client_i_evaluation_dataset_size,client_i_central_evaluation_loss,client_i_central_evaluation_accuracy,client_i_cosine_similarity,client_i_importance_coefficient,client_i_tanh_val,tanh_normalization_value,client_i_q,client_i_mask_order,client_i_v_nonzero_fraction,client_i_v_sparsity,client_i_v_cosine_similarity,client_i_reward_gradient_norm,local_epochs,learning_rate,gamma,client_0_cosine_similarity,client_1_cosine_similarity,client_2_cosine_similarity,client_3_cosine_similarity,client_4_cosine_similarity,client_5_cosine_similarity,client_6_cosine_similarity,client_7_cosine_similarity,client_8_cosine_similarity,client_9_cosine_similarity,client_10_cosine_similarity,client_11_cosine_similarity
0,0,2.061629228462041,0.4356708059410762,8214,2.257177552511526,0.29510591672753833,1369,2.2600850091574674,0.2841,0.967309242242017,0.08149416061414988,,,0.55,,0.5500188476817351,0.44998115231826485,0,0.09860277947569193,5,0.001,0.1,1.0,0.9883290917264034,0.9744659077950687,0.963491316860091,0.955072528038916,0.9494043449353514,0.9395191877441766,0.9336513295456027,0.9277181813420499,0.9252181518079174,0.9209239731741024,0.9184705212044166
0,1,2.156957837794591,0.4190751445086705,6574,2.2586086886269707,0.28558394160583944,1096,2.259871639763585,0.2834,0.9905810577431848,0.08345477154126077,,,0.8656781495257788,,0.8656981857898145,0.1343018142101855,0,0.09882477085708374,5,0.001,0.1,0.9883290917264034,1.0,0.9929557144173616,0.9872266955598948,0.9828159245623896,0.9785250089756723,0.973781769669617,0.9683865626718854,0.9636559479713157,0.9609783218696376,0.9604144164939298,0.957418181944246
0,2,2.1901607616171654,0.39706034929967143,5783,2.2642682829210834,0.26141078838174275,964,2.2598711842546066,0.2834,0.996768268240514,0.08397603351623602,,,0.949606589076413,,0.9496235296391877,0.050376470360812275,0,0.09882627418376208,5,0.001,0.1,0.9744659077950687,0.9929557144173616,1.0,0.993320235651593,0.9911394200265248,0.9840382287103003,0.987168294255296,0.9845141509087816,0.9776308647891003,0.976647505486167,0.9778510193356823,0.97601566432038
0,3,2.205908450735621,0.35619443919046717,5287,2.2583779096603394,0.3178206583427923,881,2.259871175875679,0.2834,0.9967972705097448,0.08397847690815627,,,0.9499999998389899,,0.95001498149061,0.04998501850938997,0,0.0988262746029476,5,0.001,0.1,0.963491316860091,0.9872266955598948,0.993320235651593,1.0,0.9937846046033649,0.9919968852551729,0.9898368450717125,0.9833272127144039,0.9819190383240524,0.982996981451171,0.9843412613296255,0.9779904731574952
0,4,2.213394454833,0.3571225937183384,4935,2.2623696418908925,0.2798053527980535,822,2.2598711134145817,0.2835,0.9962579753914024,0.0839330422104677,,,0.9426845548966696,,0.9427030475251544,0.057296952474845564,0,0.09882624677495838,5,0.001,0.1,0.955072528038916,0.9828159245623896,0.9911394200265248,0.9937846046033649,1.0,0.9937062022809542,0.9928407779731702,0.9897231610041446,0.9854579215771104,0.9804637624859528,0.9868257252692876,0.982770686551443
0,5,2.2156933944519253,0.3532461967002357,4667,2.2588803291320803,0.2866323907455013,778,2.2598708011090944,0.2835,0.992873041480491,0.08364786727802859,,,0.8967685122394076,,0.8967871951749935,0.1032128048250065,0,0.09882576603077153,5,0.001,0.1,0.9494043449353514,0.9785250089756723,0.9840382287103003,0.9919968852551729,0.9937062022809542,1.0,0.9881215768496335,0.9831747610076658,0.9849570260672973,0.9802747190587847,0.9851714541764114,0.9786924070844584
0,6,2.2256647770745412,0.3638445991466427,4453,2.262733221054077,0.25067385444743934,742,2.259870804917698,0.2835,0.9934690139269176,0.0836980769443377,,,0.9048527753278137,,0.9048723673654807,0.09512763263451929,0,0.09882589893439352,5,0.001,0.1,0.9395191877441766,0.973781769669617,0.987168294255296,0.9898368450717125,0.9928407779731702,0.9881215768496335,1.0,0.9931729888254772,0.988932023232881,0.9847878803862152,0.9933938064200263,0.9888850106471717
0,7,2.2287272275383794,0.3424830488660276,4277,2.2600058679995327,0.26227208976157085,713,2.2598716344315406,0.2834,0.9905773853993182,0.08345446215252775,,,0.8656283348168154,,0.8656450256618436,0.13435497433815635,0,0.09882476737993359,5,0.001,0.1,0.9336513295456027,0.9683865626718854,0.9845141509087816,0.9833272127144039,0.9897231610041446,0.9831747610076658,0.9931729888254772,1.0,0.9878874778912157,0.9839417280167214,0.9915772852064438,0.9932129360325892
0,8,2.2321106206453765,0.3055461370791959,4129,2.2590795863758433,0.29651162790697677,688,2.25987344047132,0.2834,0.9871231818896987,0.0831634513740569,,,0.8187726620418473,,0.8187916219638318,0.18120837803616818,0,0.09882176756517634,5,0.001,0.1,0.9277181813420499,0.9636559479713157,0.9776308647891003,0.9819190383240524,0.9854579215771104,0.9849570260672973,0.988932023232881,0.9878874778912157,1.0,0.9809634020702616,0.9902650960965826,0.9860099195457439
0,9,2.2371028181106327,0.33386653336665834,4001,2.25899152528672,0.2893553223388306,667,2.259875663172323,0.2836,0.985154438560775,0.08299758809264808,,,0.7920669995233975,,0.792085906766801,0.20791409323319898,0,0.09881870518612161,5,0.001,0.1,0.9252181518079174,0.9609783218696376,0.976647505486167,0.982996981451171,0.9804637624859528,0.9802747190587847,0.9847878803862152,0.9839417280167214,0.9809634020702616,1.0,0.9893953841132922,0.9883931271633516
0,10,2.2408259501222703,0.3277449215736693,3889,2.2576753071376254,0.2839506172839506,648,2.2598727054108445,0.2834,0.9878121835281869,0.0832214985917804,,,0.8281188500196303,,0.8281333062699955,0.17186669373000452,0,0.0988227030778429,5,0.001,0.1,0.9209239731741024,0.9604144164939298,0.9778510193356823,0.9843412613296255,0.9868257252692876,0.9851714541764114,0.9933938064200263,0.9915772852064438,0.9902650960965826,0.9893953841132922,1.0,0.9936840073592224
0,11,2.2409336370580335,0.32165655499868107,3791,2.2599119663238527,0.28955696202531644,632,2.2598762664551173,0.2836,0.9849524485383089,0.08298057077634997,,,0.7893270398278769,,0.7893505765457516,0.21064942345424842,0,0.09881818962930665,5,0.001,0.1,0.9184705212044166,0.957418181944246,0.97601566432038,0.9779904731574952,0.982770686551443,0.9786924070844584,0.9888850106471717,0.9932129360325892,0.9860099195457439,0.9883931271633516,0.9936840073592224,1.0
1,0,1.8310065379402516,0.5230094959824689,8214,2.2050883381865747,0.36596055514974435,1369,2.2074432517773808,0.3615,0.9799270867738628,0.08174641469012091,,,0.55,,0.5500188476817351,0.44998115231826485,0.9725461983253808,0.09916321884215812,5,0.001,0.1,1.0,0.9943448165810987,0.9879808981956324,0.9824998560196142,0.9779277199477318,0.9735982767108036,0.9697228116348817,0.9652655452619516,0.9611815092113182,0.9624457356611925,0.9584430314055362,0.9565240237947963
1,1,1.9719083596201776,0.49896562214785517,6574,2.2053543772016253,0.36222627737226276,1096,2.206884090892804,0.3619,0.9919762810055672,0.08334042571233717,,,0.8558649340883212,,0.855882893070819,0.144117106929181,0.974481500378361,0.09940315643350832,5,0.001,0.1,0.9943448165810987,1.0,0.9962583579716039,0.9930265527626349,0.9906416108840159,0.9872945010307859,0.9850827454090025,0.9810230236933575,0.9773612678748346,0.9778563515573002,0.9764873268004861,0.9739761327243465
1,2,2.0369651878736295,0.4878090956251081,5783,2.2128431335572274,0.3381742738589212,964,2.2068812199674857,0.3619,0.9965616686243085,0.08380890100843996,,,0.9457577664259926,,0.9457863349474681,0.05421366505253189,0.974516346897259,0.09940941364060439,5,0.001,0.1,0.9879808981956324,0.9962583579716039,1.0,0.995654802438667,0.9947461384663348,0.9905650704257781,0.9922065661023092,0.9895410200120899,0.9848932238681922,0.9860684337060023,0.9858681617277274,0.9841041839528936
1,3,2.0699206385267788,0.4654435407603556,5287,2.2044320106506348,0.3904653802497162,881,2.206881226822972,0.3619,0.9971990280446582,0.08383100935109805,,,0.9499999998081161,,0.95001498149061,0.04998501850938997,0.9745163256501712,0.09940941618941271,5,0.001,0.1,0.9824998560196142,0.9930265527626349,0.995654802438667,1.0,0.9956015834808216,0.9948226321361698,0.9930819258168762,0.9887012631396709,0.9873305101819237,0.9896326245444346,0.989288802121681,0.9857390972870835
1,4,2.088077278906299,0.4602634245187437,4935,2.2073498505812426,0.3491484184914842,822,2.2068811872134955,0.3619,0.9979548533097097,0.0838275357571716,,,0.949333473314537,,0.9493577289993331,0.05064227100066687,0.9745133799370036,0.09940941582572417,5,0.001,0.1,0.9779277199477318,0.9906416108840159,0.9947461384663348,0.9956015834808216,1.0,0.9958453568267008,0.9954024870804105,0.9933384963720272,0.9902955835707259,0.9896724124873795,0.9918046217978952,0.9890347642437247
1,5,2.0934094982604456,0.4713949003642597,4667,2.206121120452881,0.36118251928020567,778,2.2068815703590077,0.362,0.9962250654759127,0.08359642047766033,,,0.9049861891682631,,0.9050076840548612,0.0949923159451388,0.9744948779447805,0.09940743082169816,5,0.001,0.1,0.9735982767108036,0.9872945010307859,0.9905650704257781,0.9948226321361698,0.9958453568267008,1.0,0.993148965111244,0.9897951609329424,0.990590580375548,0.989378925612983,0.9915607837660483,0.9870430666652202
1,6,2.1159413373470306,0.45762407365820795,4453,2.2093534966309867,0.3463611859838275,742,2.2068812915692315,0.362,0.997397396388296,0.08366516923504176,,,0.9181779637871665,,0.9181962285305574,0.08180377146944262,0.9744997464858179,0.099408304233515,5,0.001,0.1,0.9697228116348817,0.9850827454090025,0.9922065661023092,0.9930819258168762,0.9954024870804105,0.993148965111244,1.0,0.9958976436578215,0.9926313156564089,0.9921071095066372,0.9954396791220047,0.9928606973087926
1,7,2.123458858034504,0.43072246902034134,4277,2.207847035449484,0.3436185133239832,713,2.206882952882078,0.362,0.9957288377378483,0.08346156464633146,,,0.879109536255612,,0.8791283672108331,0.1208716327891669,0.9744953900565926,0.09940545603822672,5,0.001,0.1,0.9652655452619516,0.9810230236933575,0.9895410200120899,0.9887012631396709,0.9933384963720272,0.9897951609329424,0.9958976436578215,1.0,0.9918966731641914,0.9923464192038155,0.9943807543077751,0.9955021582355807
1,8,2.129597997848804,0.39200775006054733,4129,2.2046818949959497,0.38808139534883723,688,2.2068902395022945,0.3621,0.9937073486654797,0.08321743293259379,,,0.8322646089053467,,0.8322846289906342,0.16771537100936584,0.9744110182670905,0.09939974660300864,5,0.001,0.1,0.9611815092113182,0.9773612678748346,0.9848932238681922,0.9873305101819237,0.9902955835707259,0.990590580375548,0.9926313156564089,0.9918966731641914,1.0,0.9918074253266183,0.9935658168580215,0.9920247082426109
1,9,2.1413177408869304,0.40644838790302423,4001,2.205723898751395,0.3613193403298351,667,2.2068955791644016,0.3622,0.9941954006256867,0.08313132054266972,,,0.8157410340359013,,0.8157663274083954,0.1842336725916046,0.9743659670257426,0.09939766240215822,5,0.001,0.1,0.9624457356611925,0.9778563515573002,0.9860684337060023,0.9896326245444346,0.9896724124873795,0.989378925612983,0.9921071095066372,0.9923464192038155,0.9918074253266183,1.0,0.9941928777573809,0.9939285583627179
1,10,2.1469850487396367,0.43985600411416814,3889,2.205174934296381,0.37191358024691357,648,2.2068864331839566,0.3619,0.9948020524379492,0.08328848654512137,,,0.8458986479487346,,0.8459177854457235,0.1540822145542765,0.974459288318567,0.09940174038066586,5,0.001,0.1,0.9584430314055362,0.9764873268004861,0.9858681617277274,0.989288802121681,0.9918046217978952,0.9915607837660483,0.9954396791220047,0.9943807543077751,0.9935658168580215,0.9941928777573809,1.0,0.995513305158568
1,11,2.1481273597028077,0.40712213136375625,3791,2.207844376564026,0.370253164556962,632,2.2068970538556765,0.3622,0.9930959615939695,0.08308531910141395,,,0.8069141014729748,,0.8069320806874087,0.19306791931259126,0.9743713159091986,0.09939548485134858,5,0.001,0.1,0.9565240237947963,0.9739761327243465,0.9841041839528936,0.9857390972870835,0.9890347642437247,0.9870430666652202,0.9928606973087926,0.9955021582355807,0.9920247082426109,0.9939285583627179,0.995513305158568,1.0
2,0,1.6320502860072985,0.566617969320672,8214,2.140478627626286,0.4360847333820307,1369,2.1422649694326967,0.4245,0.9869595866943299,0.0820705486213875,,,0.55,,0.5500188476817351,0.44998115231826485,0.986452713529404,0.09929883149630686,5,0.001,0.1,1.0,0.9948117665847928,0.9918641934985114,0.9882893328224973,0.9853962281149585,0.9822264145771429,0.9798989040347662,0.9772519857487993,0.974646174340582,0.9754812164154755,0.9729439004230567,0.9724564010661302
2,1,1.767642414801329,0.554456951627624,6574,2.13925644329616,0.4279197080291971,1096,2.141165475114085,0.4251,0.9942134872017666,0.08328344855578021,,,0.8457088540523566,,0.8457341413672785,0.15426585863272146,0.9882200944086906,0.0995783381080734,5,0.001,0.1,0.9948117665847928,1.0,0.9957152711261508,0.9949556894240065,0.992296867110206,0.9905146121350555,0.9883950656957423,0.9878568315968587,0.9839193415155707,0.9856529277479037,0.9839643850563325,0.9836732016980336
2,2,1.8464327795070838,0.5420370050146982,5783,2.148569853075089,0.3983402489626556,964,2.1411467581130443,0.4247,0.9974493359328871,0.08367558433278124,,,0.9413128012221339,,0.9413353824146297,0.05866461758537034,0.9883647897267063,0.09959024095611568,5,0.001,0.1,0.9918641934985114,0.9957152711261508,1.0,0.9964694371615119,0.9964526663720445,0.9934103737738995,0.9947095812044503,0.9926245878343922,0.9902239979053249,0.9897577156797489,0.98989487055619,0.9891874556476344
2,3,1.8910080786210945,0.5292982787970494,5287,2.1377168127468655,0.452894438138479,881,2.141146240904689,0.4247,0.9980100784116809,0.08370727346362832,,,0.949038711911868,,0.9490580991871334,0.05094190081286665,0.9883691994279437,0.09959051358514619,5,0.001,0.1,0.9882893328224973,0.9949556894240065,0.9964694371615119,1.0,0.9964398363304441,0.9961428753804075,0.9947961989176369,0.9931591301772845,0.9913523554936111,0.9925216714759206,0.992526927031845,0.9902923973630233
2,4,1.9188559889024304,0.5187031408308004,4935,2.1393454991854153,0.41849148418491483,822,2.141146291939976,0.4247,0.9981981117684682,0.08371121634848733,,,0.9499999997561968,,0.95001498149061,0.04998501850938997,0.9883692038190691,0.09959051393341996,5,0.001,0.1,0.9853962281149585,0.992296867110206,0.9964526663720445,0.9964398363304441,1.0,0.9960494207035852,0.9966353748294452,0.9947561048108717,0.9940891382940151,0.9917054465709492,0.9934198543304451,0.9918950566381903
2,5,1.9268013962327617,0.525091064923934,4667,2.1405937385559084,0.40102827763496146,778,2.141150070074648,0.4247,0.9974988376356564,0.08354674629229493,,,0.9099016779874416,,0.9099225795227187,0.09007742047728129,0.988316421307482,0.09958780027364574,5,0.001,0.1,0.9822264145771429,0.9905146121350555,0.9934103737738995,0.9961428753804075,0.9960494207035852,1.0,0.9947655463940873,0.9938352550455454,0.9943984277051621,0.9928740403820934,0.9947022580101584,0.9918423335581571
2,6,1.9640543949604035,0.5130473837862115,4453,2.1433785359064736,0.4029649595687331,742,2.141148280792724,0.4248,0.9977579805388503,0.08359732249776897,,,0.9222323174235239,,0.9222508964730671,0.07774910352693287,0.9883401506568755,0.09958827117976175,5,0.001,0.1,0.9798989040347662,0.9883950656957423,0.9947095812044503,0.9947961989176369,0.9966353748294452,0.9947655463940873,1.0,0.9961739995269695,0.9950746562916685,0.9930947609869427,0.9960335943144341,0.9942352816010225
2,7,1.9768044190620309,0.4889876081365443,4277,2.1429417962613315,0.4179523141654979,713,2.14115622020758,0.425,0.9972921890234464,0.08345728437955816,,,0.8880905796877545,,0.8881075960990131,0.11189240390098687,0.9882841315847498,0.09958518887759873,5,0.001,0.1,0.9772519857487993,0.9878568315968587,0.9926245878343922,0.9931591301772845,0.9947561048108717,0.9938352550455454,0.9961739995269695,1.0,0.9943305303714655,0.9944981686950711,0.9964865214286645,0.9972796244994049
2,8,1.9908645703242376,0.4771615403245338,4129,2.1373322660272773,0.45348837209302323,688,2.141175156584182,0.4251,0.9958344265053429,0.08326031746794332,,,0.840069421413872,,0.8400895023245474,0.15991049767545262,0.9882177498038818,0.09957698267078374,5,0.001,0.1,0.974646174340582,0.9839193415155707,0.9902239979053249,0.9913523554936111,0.9940891382940151,0.9943984277051621,0.9950746562916685,0.9943305303714655,1.0,0.9926711164156291,0.9962007818570693,0.9939083553704172
2,9,2.0051670659156073,0.4810797300674831,4001,2.1396780014038086,0.43478260869565216,667,2.1411824759583884,0.425,0.9955808749256424,0.0831992627393242,,,0.8251840847735664,,0.8252046664926881,0.1747953335073119,0.9882442510228355,0.09957467817170312,5,0.001,0.1,0.9754812164154755,0.9856529277479037,0.9897577156797489,0.9925216714759206,0.9917054465709492,0.9928740403820934,0.9930947609869427,0.9944981686950711,0.9926711164156291,1.0,0.9951697270943196,0.9944044090247153
2,10,2.01509129610218,0.49241450244278734,3889,2.1397790227617537,0.4305555555555556,648,2.1411675744163343,0.4252,0.9964663492786786,0.08332435288532276,,,0.8556814594353926,,0.8556992489923739,0.14430075100762607,0.9882258549948235,0.09958039472636178,5,0.001,0.1,0.9729439004230567,0.9839643850563325,0.98989487055619,0.992526927031845,0.9934198543304451,0.9947022580101584,0.9960335943144341,0.9964865214286645,0.9962007818570693,0.9951697270943196,1.0,0.9969944387425888
2,11,2.018455394175874,0.4559746768662622,3791,2.1431580185890198,0.4240506329113924,632,2.141184477760388,0.4251,0.9954452802465447,0.08316664241572308,,,0.8172311463345578,,0.8172548109915814,0.18274518900841863,0.9882198109392575,0.0995734314998438,5,0.001,0.1,0.9724564010661302,0.9836732016980336,0.9891874556476344,0.9902923973630233,0.9918950566381903,0.9918423335581571,0.9942352816010225,0.9972796244994049,0.9939083553704172,0.9944044090247153,0.9969944387425888,1.0
3,0,1.4704998794696675,0.6020209398587777,8214,2.061854140703068,0.4959824689554419,1369,2.062895427115809,0.4896,0.9892017941684664,0.08231100751745868,,,0.55,,0.5500188476817351,0.44998115231826485,0.9925349749340163,0.09935730052026143,5,0.001,0.1,1.0,0.9960258719999543,0.9934564636702957,0.9906768710898762,0.9875808327186718,0.984970461488314,0.9837616790774173,0.9816240549751949,0.9793081612812733,0.9800788591637584,0.9777793142031226,0.9782049639326584
3,1,1.5875604606947853,0.5936416184971098,6574,2.0587286949157715,0.48813868613138683,1096,2.06100445928665,0.4917,0.9954584961156115,0.08325737627710954,,,0.8378558717525442,,0.8378761079053944,0.16212389209460565,0.9937760036845273,0.09967130857036652,5,0.001,0.1,0.9960258719999543,1.0,0.9972810018680606,0.9959594480616487,0.9943391882030251,0.9924382115267293,0.9915736884492748,0.9900434924517774,0.9875760732799235,0.9886155696990003,0.987104296451153,0.9872121770840206
3,2,1.6598329690938496,0.5906622860107211,5783,2.070066975009057,0.4657676348547718,964,2.0609516830870898,0.4915,0.9980611119340023,0.08358206725191064,,,0.9366167433984303,,0.936623461980843,0.06337653801915699,0.9938814674841373,0.09968548612968854,5,0.001,0.1,0.9934564636702957,0.9972810018680606,1.0,0.9976394389253693,0.9965294753834419,0.9950342435739065,0.9953579296790351,0.9946656086829309,0.9920730883330763,0.9926853727910463,0.9919711959110556,0.9925359337991355
3,3,1.706215022270938,0.5796103650463401,5287,2.0563951390130177,0.5107832009080591,881,2.0609478459190638,0.4916,0.9984324408432655,0.0836135061574688,,,0.9461794782986506,,0.9462067832323291,0.053793216767670904,0.9938983595443802,0.0996871064512596,5,0.001,0.1,0.9906768710898762,0.9959594480616487,0.9976394389253693,1.0,0.997286439252987,0.9964839263438751,0.9965888254531792,0.9948837582957121,0.9931559353770362,0.9941868538793058,0.993900232936118,0.9928590855100436
3,4,1.7383109297290924,0.562917933130699,4935,2.056577572455773,0.5,822,2.060948026066009,0.4916,0.9987464295327941,0.08362606668671511,,,0.9499999996958312,,0.95001498149061,0.04998501850938997,0.9938983797380152,0.09968710766566408,5,0.001,0.1,0.9875808327186718,0.9943391882030251,0.9965294753834419,0.997286439252987,1.0,0.9970090628809026,0.9970440099412173,0.9966446644141866,0.9952787891453574,0.995214285651653,0.9953347118276795,0.9950746836035809
3,5,1.7444295889710726,0.5711592029140775,4667,2.060530128479004,0.4794344473007712,778,2.0609614258757034,0.4916,0.9981355036573705,0.0835054086310011,,,0.913299580903121,,0.9133199949739516,0.08668000502604845,0.993846284658758,0.09968439579185845,5,0.001,0.1,0.984970461488314,0.9924382115267293,0.9950342435739065,0.9964839263438751,0.9970090628809026,1.0,0.9963668503175641,0.9957798513295303,0.995650843319496,0.9959978294292348,0.9959543693862275,0.9943208223559098
3,6,1.7884727644068854,0.5656860543453851,4453,2.062989259759585,0.4609164420485175,742,2.060956559242151,0.4915,0.9984944400525936,0.08354803731720054,,,0.9262658982106902,,0.9262862334599511,0.07371376654004891,0.9938517458903238,0.09968521391777328,5,0.001,0.1,0.9837616790774173,0.9915736884492748,0.9953579296790351,0.9965888254531792,0.9970440099412173,0.9963668503175641,1.0,0.9978204081442286,0.9954911812438071,0.9962698545706771,0.9973575129162108,0.9966473768353183
3,7,1.805340253061323,0.547112462006079,4277,2.063578242840974,0.48807854137447404,713,2.0609758296332803,0.4918,0.9980521900627819,0.0834478196579248,,,0.8957828107443859,,0.8957964836991716,0.10420351630082836,0.9938195767521935,0.09968203644535593,5,0.001,0.1,0.9816240549751949,0.9900434924517774,0.9946656086829309,0.9948837582957121,0.9966446644141866,0.9957798513295303,0.9978204081442286,1.0,0.9959313727403587,0.99654609876492,0.9971944439995232,0.9978425147746681
3,8,1.8260822798655583,0.5286510050859773,4129,2.055058728564869,0.5145348837209303,688,2.06101466596317,0.4917,0.996664246942679,0.08328212440378148,,,0.8453834803139493,,0.8454055151216401,0.15459448487835992,0.9937739429212615,0.09967300061410062,5,0.001,0.1,0.9793081612812733,0.9875760732799235,0.9920730883330763,0.9931559353770362,0.9952787891453574,0.995650843319496,0.9954911812438071,0.9959313727403587,1.0,0.9955515572504775,0.996679369229349,0.9956759922180459
3,9,1.8411083121148366,0.5558110472381904,4001,2.0591838416599093,0.4992503748125937,667,2.061027649873362,0.4915,0.9971710690738554,0.08326102724177564,,,0.8389663813778694,,0.8389779723760644,0.16102202762393558,0.9937295534686664,0.09967133139132273,5,0.001,0.1,0.9800788591637584,0.9886155696990003,0.9926853727910463,0.9941868538793058,0.995214285651653,0.9959978294292348,0.9962698545706771,0.99654609876492,0.9955515572504775,1.0,0.9969395372953964,0.99635523185525
3,10,1.8536634513589203,0.5485728979172023,3889,2.059767938795544,0.5061728395061729,648,2.060999201890379,0.4917,0.9971125894784836,0.08333589989142032,,,0.8617403070956223,,0.8617595035810596,0.13824049641894043,0.9937600655215976,0.09967660848219834,5,0.001,0.1,0.9777793142031226,0.987104296451153,0.9919711959110556,0.993900232936118,0.9953347118276795,0.9959543693862275,0.9973575129162108,0.9971944439995232,0.996679369229349,0.9969395372953964,1.0,0.9974887899112231
3,11,1.859033060474556,0.5230809812714323,3791,2.0640920639038085,0.4873417721518987,632,2.061035459795699,0.4915,0.9968196196981837,0.08322965896623327,,,0.8294251299264221,,0.8294429785136428,0.1705570214863572,0.9936857318309875,0.09966973249981108,5,0.001,0.1,0.9782049639326584,0.9872121770840206,0.9925359337991355,0.9928590855100436,0.9950746836035809,0.9943208223559098,0.9966473768353183,0.9978425147746681,0.9956759922180459,0.99635523185525,0.9974887899112231,1.0
4,0,1.3435756949135302,0.6301680058436815,8214,1.9687171619991923,0.5449233016800584,1369,1.9688891983641603,0.5412,0.989969240270377,0.08247666106905709,,,0.55,,0.5500188476817351,0.44998115231826485,0.9955716513674616,0.09933808118090232,5,0.001,0.1,1.0,0.9960807197816806,0.9935063337002338,0.9911749920963625,0.9884581810590398,0.9860867442322129,0.9858204156859812,0.9829501618063492,0.9809603284641438,0.980967937311838,0.9793482104487538,0.979722443786186
4,1,1.439130555831113,0.6184666869485853,6574,1.9633552483149936,0.541970802919708,1096,1.9659910849488962,0.5425,0.9955986434553732,0.08323915146980591,,,0.830253410147438,,0.8302742096055519,0.16972579039444813,0.9963962583193904,0.09968981928349908,5,0.001,0.1,0.9960807197816806,1.0,0.9970725939151495,0.9957844976642138,0.9943427085969129,0.9929458016693711,0.9924946644795909,0.9905249791384612,0.9884451369942059,0.9888286044577789,0.9878773832988513,0.9879233028409024
4,2,1.5018669721829958,0.6206467231540723,5783,1.976746274578956,0.5197095435684648,964,1.9658906745453613,0.5426,0.9980866451880077,0.08351873063947281,,,0.9330127571875937,,0.9330327369733523,0.06696726302664768,0.9964485179462923,0.09970637115737202,5,0.001,0.1,0.9935063337002338,0.9970725939151495,1.0,0.9973766932638857,0.9965637880216325,0.995825344909997,0.9959743044279842,0.9948838857423007,0.9926926901111147,0.9928228415104734,0.992333678520066,0.9929722869896227
4,3,1.5429871359503413,0.6139209381501797,5287,1.9601734919207436,0.5720771850170261,881,1.9658837767835624,0.5426,0.9984984134101672,0.08355131943142653,,,0.9449907703778546,,0.9450130967224365,0.054986903277563504,0.9964464425245663,0.09970788113165052,5,0.001,0.1,0.9911749920963625,0.9957844976642138,0.9973766932638857,1.0,0.9971860861249017,0.9969535191344211,0.9969800447003057,0.9952018243636278,0.9939579156197369,0.9943129819134915,0.9944525327012753,0.9935345451999367
4,4,1.5744405578797864,0.5985410334346505,4935,1.9586257109275231,0.5523114355231143,822,1.9658841664037003,0.5426,0.99868177411436,0.08356494812989543,,,0.94999999963245,,0.95001498149061,0.04998501850938997,0.9964464476921822,0.09970788269206021,5,0.001,0.1,0.9884581810590398,0.9943427085969129,0.9965637880216325,0.9971860861249017,1.0,0.9971792015366364,0.9971153775352916,0.9967397872899478,0.9954581471624767,0.9954106161838102,0.9953357513039854,0.9952883531038615
4,5,1.5763974628219866,0.611270623526891,4667,1.965530776977539,0.532133676092545,778,1.9659057036756327,0.5426,0.9984937892736065,0.08348484159032342,,,0.9205568343570336,,0.9205739360725298,0.0794260639274702,0.9964447202731804,0.09970598006209802,5,0.001,0.1,0.9860867442322129,0.9929458016693711,0.995825344909997,0.9969535191344211,0.9971792015366364,1.0,0.9971377917026365,0.9966923148154677,0.9963394823488535,0.9958215036660759,0.9963642394792713,0.9954606141208096
4,6,1.6214039262703488,0.6025600718616663,4453,1.9677091439565022,0.522911051212938,742,1.9658985869191326,0.5426,0.9988036719933977,0.0835210060588544,,,0.9338490877703541,,0.9338688008041678,0.06613119919583221,0.9964471118947611,0.09970637158568632,5,0.001,0.1,0.9858204156859812,0.9924946644795909,0.9959743044279842,0.9969800447003057,0.9971153775352916,0.9971377917026365,1.0,0.9978795504963497,0.9964074003452842,0.9964207199316649,0.9974321846340001,0.9968470112460374
4,7,1.639047640295171,0.5907879354687865,4277,1.9695706212002297,0.5357643758765779,713,1.9659255484041696,0.5424,0.9982152952997086,0.08344051119780946,,,0.9042631949052964,,0.904282773218894,0.09571722678110595,0.9964366883636199,0.09970487973298155,5,0.001,0.1,0.9829501618063492,0.9905249791384612,0.9948838857423007,0.9952018243636278,0.9967397872899478,0.9966923148154677,0.9978795504963497,1.0,0.9965466818241375,0.9967630508777648,0.9973262389588967,0.9979398393029643
4,8,1.6654796739724966,0.578590457737951,4129,1.9572902755303816,0.5625,688,1.965993819145349,0.5426,0.9970684892476804,0.0833018050748293,,,0.853281747879416,,0.8533022104947758,0.14669778950522416,0.9963990416470122,0.09969519377029834,5,0.001,0.1,0.9809603284641438,0.9884451369942059,0.9926926901111147,0.9939579156197369,0.9954581471624767,0.9963394823488535,0.9964074003452842,0.9965466818241375,1.0,0.9958084105227724,0.9970044065925401,0.9961034137331116
4,9,1.6736142754554748,0.5963009247688078,4001,1.964030078479222,0.5262368815592204,667,1.9660092215187632,0.5426,0.9971425240083205,0.08329125081099162,,,0.8494025273289647,,0.8494263538918047,0.15057364610819535,0.9963791049841495,0.09969513958735872,5,0.001,0.1,0.980967937311838,0.9888286044577789,0.9928228415104734,0.9943129819134915,0.9954106161838102,0.9958215036660759,0.9964207199316649,0.9967630508777648,0.9958084105227724,1.0,0.9968133800776994,0.996641293070601
4,10,1.6889606493418334,0.5922859346875804,3889,1.964832067489624,0.5601851851851852,648,1.9659706879728518,0.5424,0.9972294652632793,0.08334000031373048,,,0.8673204111110313,,0.8673364842791004,0.13266351572089963,0.9964150199207904,0.09969793323216541,5,0.001,0.1,0.9793482104487538,0.9878773832988513,0.992333678520066,0.9944525327012753,0.9953357513039854,0.9963642394792713,0.9974321846340001,0.9973262389588967,0.9970044065925401,0.9968133800776994,1.0,0.9973383380418462
4,11,1.6946120398385185,0.5821682933262992,3791,1.9702995598316193,0.5300632911392406,632,1.966023509875654,0.5427,0.9970735013872171,0.08326977421380355,,,0.8415088022480874,,0.8415296585186689,0.1584703414813311,0.9964084021695085,0.09969332186298135,5,0.001,0.1,0.979722443786186,0.9879233028409024,0.9929722869896227,0.9935345451999367,0.9952883531038615,0.9954606141208096,0.9968470112460374,0.9979398393029643,0.9961034137331116,0.996641293070601,0.9973383380418462,1.0
5,0,1.2408743334651458,0.6473581689797906,8214,1.8614671867947246,0.5799853907962016,1369,1.8607396831908547,0.5728,0.9900616954680928,0.08258301867127346,,,0.95,,0.95001498149061,0.04998501850938997,0.993397150781316,0.09970233365483196,5,0.001,0.1,1.0,0.9956394768361663,0.9934738319928278,0.9911342587869545,0.9880107923097722,0.9858000322926515,0.9859822563550519,0.982792436743091,0.9813015646623813,0.9817958995879804,0.9797145057995441,0.9798704508709947
5,1,1.3188498863317435,0.6437176756921205,6574,1.854273169381278,0.5757299270072993,1096,1.8573245446141156,0.5736,0.9954961649617743,0.08322639967759914,,,0.95,,0.95001498149061,0.04998501850938997,0.9973067658961217,0.09970233365483196,5,0.001,0.1,0.9956394768361663,1.0,0.9969249563187664,0.9955612521830078,0.9938650605460375,0.9925984604476682,0.992306494945454,0.9901440358523229,0.988567262867381,0.9889524697446738,0.9879694178646151,0.9879066133596183
5,2,1.3718739280384549,0.6453052049109459,5783,1.8699481794911046,0.553941908713693,964,1.8572013667597176,0.5737,0.998155667398283,0.08348384224282573,,,0.95,,0.95001498149061,0.04998501850938997,0.9974780849528874,0.09970233365483196,5,0.001,0.1,0.9934738319928278,0.9969249563187664,1.0,0.9974200843156201,0.9963157428138673,0.9958431354729833,0.9959402036410195,0.9947355782597119,0.9927537448311703,0.9931691064737649,0.9925612827701841,0.9930599669129542
5,3,1.4073435622525503,0.6412710421789295,5287,1.8502388724258967,0.6027241770715096,881,1.8571944122497266,0.5737,0.9983909898926846,0.08351143892407535,,,0.95,,0.95001498149061,0.04998501850938997,0.9974924895957311,0.09970233365483196,5,0.001,0.1,0.9911342587869545,0.9955612521830078,0.9974200843156201,1.0,0.9966624334832567,0.9967062307118221,0.9966747514823409,0.9950213140258444,0.9937871854398779,0.9942157839981395,0.9942876173896145,0.9935121626432372
5,4,1.4361351129316515,0.6259371833839918,4935,1.8470918994683485,0.5948905109489051,822,1.857195040669304,0.5737,0.9984341612010966,0.0835211958835177,,,0.95,,0.95001498149061,0.04998501850938997,0.9974924938313768,0.09970233365483196,5,0.001,0.1,0.9880107923097722,0.9938650605460375,0.9963157428138673,0.9966624334832567,1.0,0.9965475324879911,0.9964527529214217,0.9964343196901777,0.9954809712935145,0.9953746726447825,0.9951816036599584,0.9951429609650434
5,5,1.4338205539200404,0.6389543604028284,4667,1.8566750764846802,0.5591259640102828,778,1.857221085804339,0.5736,0.9984611797259083,0.08347291415638518,,,0.95,,0.95001498149061,0.04998501850938997,0.9974779968857842,0.09970233365483196,5,0.001,0.1,0.9858000322926515,0.9925984604476682,0.9958431354729833,0.9967062307118221,0.9965475324879911,1.0,0.9971359925362225,0.9967562600067074,0.9962685209525721,0.9959578979992733,0.9965370444407596,0.9956199857471931
5,6,1.4747327899081366,0.6334156748259601,4453,1.8586735626061757,0.5498652291105122,742,1.8572128161835595,0.5736,0.9986445584232204,0.08350102737126691,,,0.95,,0.95001498149061,0.04998501850938997,0.9974780879217118,0.09970233365483196,5,0.001,0.1,0.9859822563550519,0.992306494945454,0.9959402036410195,0.9966747514823409,0.9964527529214217,0.9971359925362225,1.0,0.9974893435954065,0.9962680760821346,0.9961526174689784,0.9970651198368171,0.996497695849008
5,7,1.4926192614569593,0.6248772504091653,4277,1.8621851464976436,0.5680224403927069,713,1.8572442226897414,0.5738,0.9980850425697004,0.08343356503493268,,,0.95,,0.95001498149061,0.04998501850938997,0.9974689107588224,0.09970233365483196,5,0.001,0.1,0.982792436743091,0.9901440358523229,0.9947355782597119,0.9950213140258444,0.9964343196901777,0.9967562600067074,0.9974893435954065,1.0,0.9964200669294223,0.9967293148163533,0.9971074020349804,0.9976171501227616
5,8,1.5209911903968225,0.6080406878178736,4129,1.8451897501945496,0.5930232558139535,688,1.8573268301570758,0.5737,0.9970344450002357,0.08331452394070839,,,0.95,,0.95001498149061,0.04998501850938997,0.9973681266252883,0.09970233365483196,5,0.001,0.1,0.9813015646623813,0.988567262867381,0.9927537448311703,0.9937871854398779,0.9954809712935145,0.9962685209525721,0.9962680760821346,0.9964200669294223,1.0,0.9954411682778893,0.9968633349900008,0.9955262053552022
5,9,1.5213537584221553,0.639040239940015,4001,1.8552736441294353,0.5547226386806596,667,1.8573457592973313,0.5736,0.9972107943539705,0.08331374298565981,,,0.95,,0.95001498149061,0.04998501850938997,0.9973680325842623,0.09970233365483196,5,0.001,0.1,0.9817958995879804,0.9889524697446738,0.9931691064737649,0.9942157839981395,0.9953746726447825,0.9959578979992733,0.9961526174689784,0.9967293148163533,0.9954411682778893,1.0,0.9965830986903143,0.9964214464244072
5,10,1.539448659439556,0.6209822576497814,3889,1.8559908072153728,0.5817901234567902,648,1.8573002426769025,0.5736,0.997232545181913,0.08334435869522124,,,0.95,,0.95001498149061,0.04998501850938997,0.9974004936233871,0.09970233365483196,5,0.001,0.1,0.9797145057995441,0.9879694178646151,0.9925612827701841,0.9942876173896145,0.9951816036599584,0.9965370444407596,0.9970651198368171,0.9971074020349804,0.9968633349900008,0.9965830986903143,1.0,0.9971579819404012
5,11,1.5431789289001656,0.6241624901081508,3791,1.8628519952297211,0.560126582278481,632,1.8573640447835953,0.5736,0.9970066695689488,0.08329397241653443,,,0.95,,0.95001498149061,0.04998501850938997,0.9973484766902948,0.09970233365483196,5,0.001,0.1,0.9798704508709947,0.9879066133596183,0.9930599669129542,0.9935121626432372,0.9951429609650434,0.9956199857471931,0.996497695849008,0.9976171501227616,0.9955262053552022,0.9964214464244072,0.9971579819404012,1.0
6,0,1.1570381484838774,0.6635500365230095,8214,1.7433623629947042,0.6106647187728269,1369,1.741397293230977,0.6042,0.9901622818115895,0.08265643850962792,,,0.95,,0.95001498149061,0.04998501850938997,0.9980756872690661,0.09968693487387141,5,0.001,0.1,1.0,0.9949112820964624,0.9930809335740509,0.9909052740413924,0.9879503673407528,0.9854351976802717,0.9861237681086753,0.982853097722502,0.9815456122661775,0.9819553807540273,0.9803449423529047,0.9797731990375831
6,1,1.220152193539351,0.6631274718588378,6574,1.7338641439165388,0.6085766423357665,1096,1.7375173332592169,0.6072,0.9953054396802888,0.08321735791739801,,,0.95,,0.95001498149061,0.04998501850938997,0.9980756872690661,0.09968693487387141,5,0.001,0.1,0.9949112820964624,1.0,0.9963326550418149,0.9950578268043411,0.9934578509702333,0.9919263175496597,0.9920948565545027,0.9900418107570788,0.9874670540571322,0.9892205219233917,0.988274039281704,0.9875272916207337
6,2,1.263103041398591,0.6621476742175342,5783,1.7520133679912937,0.5943983402489627,964,1.7373743022973545,0.6069,0.9978722584586731,0.08345823826146535,,,0.95,,0.95001498149061,0.04998501850938997,0.9980756872690661,0.09968693487387141,5,0.001,0.1,0.9930809335740509,0.9963326550418149,1.0,0.9969930420040888,0.9954607795353556,0.9952195179853716,0.9955243495852972,0.9944427522507547,0.9918981932782451,0.9930139689319596,0.9923766746102224,0.9926236710178136
6,3,1.2937037245336784,0.6601475316814829,5287,1.7292277940682002,0.6311010215664018,881,1.7373678985114296,0.6069,0.9982816042715191,0.08348839366006688,,,0.95,,0.95001498149061,0.04998501850938997,0.9980756872690661,0.09968693487387141,5,0.001,0.1,0.9909052740413924,0.9950578268043411,0.9969930420040888,1.0,0.9961915768235905,0.9963910913703233,0.9967287820553303,0.9948057050347614,0.9933483979501077,0.9938691216567285,0.9942927954693777,0.9932515848255152
6,4,1.3194791789977782,0.6440932117527862,4935,1.7242035636535058,0.6338199513381995,822,1.7373687405936635,0.6069,0.9981844055374814,0.0834912417457085,,,0.95,,0.95001498149061,0.04998501850938997,0.9980756872690661,0.09968693487387141,5,0.001,0.1,0.9879503673407528,0.9934578509702333,0.9954607795353556,0.9961915768235905,1.0,0.9961537630102656,0.9959918082340788,0.9960637408407382,0.9945468052940334,0.9952266323001696,0.9948600660607909,0.9947443225052027
6,5,1.3141728930277368,0.6627812299121492,4667,1.736505889892578,0.5874035989717223,778,1.7373976772204756,0.6069,0.9982815003589969,0.0834647496566229,,,0.95,,0.95001498149061,0.04998501850938997,0.9980756872690661,0.09968693487387141,5,0.001,0.1,0.9854351976802717,0.9919263175496597,0.9952195179853716,0.9963910913703233,0.9961537630102656,1.0,0.9966305109670656,0.9964372602685054,0.9956335701375002,0.9960935961434347,0.9963342317670162,0.9955306656164002
6,6,1.3536966409853526,0.6524590163934426,4453,1.7384548981984456,0.5916442048517521,742,1.737389267443087,0.6069,0.9985221658154131,0.08348977411103937,,,0.95,,0.95001498149061,0.04998501850938997,0.9980756872690661,0.09968693487387141,5,0.001,0.1,0.9861237681086753,0.9920948565545027,0.9955243495852972,0.9967287820553303,0.9959918082340788,0.9966305109670656,1.0,0.9973132458735171,0.9952623205941534,0.9960424370550263,0.9967651215776454,0.9961909489756137
6,7,1.3675312368727441,0.6486789805938742,4277,1.7435936254003774,0.6044880785413744,713,1.73742292749996,0.6071,0.9979602372370149,0.08343022722631106,,,0.95,,0.95001498149061,0.04998501850938997,0.9980756872690661,0.09968693487387141,5,0.001,0.1,0.982853097722502,0.9900418107570788,0.9944427522507547,0.9948057050347614,0.9960637408407382,0.9964372602685054,0.9973132458735171,1.0,0.9950592438845083,0.9966360074452763,0.9970018540129537,0.997268275867248
6,8,1.3975078355349027,0.6337127633809639,4129,1.7215003913099116,0.627906976744186,688,1.7375195681477507,0.607,0.9964240045041166,0.08330756178039092,,,0.95,,0.95001498149061,0.04998501850938997,0.9980756872690661,0.09968693487387141,5,0.001,0.1,0.9815456122661775,0.9874670540571322,0.9918981932782451,0.9933483979501077,0.9945468052940334,0.9956335701375002,0.9952623205941534,0.9950592438845083,1.0,0.9948434761262208,0.9952836550890062,0.9946647154308449
6,9,1.3937333780621726,0.6567858035491128,4001,1.7356404633749098,0.5787106446776612,667,1.737541463428412,0.6068,0.9973106697908586,0.08333571941183213,,,0.95,,0.95001498149061,0.04998501850938997,0.9980756872690661,0.09968693487387141,5,0.001,0.1,0.9819553807540273,0.9892205219233917,0.9930139689319596,0.9938691216567285,0.9952266323001696,0.9960935961434347,0.9960424370550263,0.9966360074452763,0.9948434761262208,1.0,0.996797427708211,0.9964589030693995
6,10,1.4106960352327003,0.6458729750578555,3889,1.7357849734170097,0.6033950617283951,648,1.7374894641839658,0.607,0.9972147730895142,0.08335140948024518,,,0.95,,0.95001498149061,0.04998501850938997,0.9980756872690661,0.09968693487387141,5,0.001,0.1,0.9803449423529047,0.988274039281704,0.9923766746102224,0.9942927954693777,0.9948600660607909,0.9963342317670162,0.9967651215776454,0.9970018540129537,0.9952836550890062,0.996797427708211,1.0,0.996661583883067
