round,client_id,client_i_training_loss,client_i_training_accuracy,client_i_training_dataset_size,client_i_evaluation_loss,client_i_evaluation_accuracy,client_i_evaluation_dataset_size,client_i_central_evaluation_loss,client_i_central_evaluation_accuracy,client_i_cosine_similarity,client_i_importance_coefficient,client_i_tanh_val,tanh_normalization_value,client_i_q,client_i_mask_order,client_i_v_nonzero_fraction,client_i_v_sparsity,client_i_v_cosine_similarity,client_i_reward_gradient_norm,local_epochs,learning_rate,gamma,client_0_cosine_similarity,client_1_cosine_similarity,client_2_cosine_similarity,client_3_cosine_similarity,client_4_cosine_similarity,client_5_cosine_similarity,client_6_cosine_similarity,client_7_cosine_similarity,client_8_cosine_similarity,client_9_cosine_similarity,client_10_cosine_similarity,client_11_cosine_similarity
0,0,2.203266633439947,0.1827173119065011,6845,2.29771841656078,0.11249086924762601,1369,2.2972886652886113,0.1121,0.8928792231437277,0.07819422647171544,,,0.65,,0.6500140284860788,0.3499859715139212,0,0.1422323402360492,10,0.025,0.15,1.0,0.8985403124654459,0.8712136998039471,0.8494306819130013,0.8607338257952437,0.8000422695028769,0.793721165436627,0.7656747028392339,0.7886780038462796,0.8029390087553153,0.7728609643349529,0.7788377815688575
0,1,2.252802179580511,0.16423877327491784,5478,2.298248291015625,0.10675182481751824,1096,2.297265191621418,0.1123,0.9601993370642918,0.08408981021648235,,,0.8978628189022313,,0.8978973774983083,0.10210262250169166,0,0.14242123422249106,10,0.025,0.15,0.8985403124654459,1.0,0.9616287944270262,0.9303010786132144,0.922753749101062,0.894757686599123,0.8853858772872538,0.8724485329507587,0.885493274570681,0.8907241855568916,0.8768224725544778,0.8534862827263819
0,2,2.256722987325568,0.1503734439834025,4820,2.2945526242256165,0.11721991701244813,964,2.2972618175458304,0.1122,0.9735382158370404,0.08525796743259796,,,0.946974620725826,,0.9470218349259791,0.052978165074020866,0,0.14242706407274822,10,0.025,0.15,0.8712136998039471,0.9616287944270262,1.0,0.9584252098617039,0.9424735346374196,0.9220265691197266,0.9167451290287952,0.9075944965921472,0.9107712423139019,0.9118540533808388,0.8937148882927989,0.8790355316072134
0,3,2.26223609651838,0.14035406264185202,4406,2.297025101525443,0.11804767309875142,881,2.29726179943809,0.1122,0.9743599158219838,0.08532992811109628,,,0.9499999999579578,,0.9500173293063326,0.04998267069366735,0,0.14242710810529016,10,0.025,0.15,0.8494306819130013,0.9303010786132144,0.9584252098617039,1.0,0.9480539323725152,0.9539799035028823,0.9319262779967399,0.9351768104280667,0.9056835371581273,0.92313550196852,0.8928635196103439,0.897313716579477
0,4,2.2745720610474094,0.14953793774319066,4112,2.2978264604296004,0.13017031630170317,822,2.297261802456047,0.1122,0.9742372718819423,0.08531918752292444,,,0.9495484428982683,,0.9495882226733343,0.050411777326665685,0,0.14242710589313012,10,0.025,0.15,0.8607338257952437,0.922753749101062,0.9424735346374196,0.9480539323725152,1.0,0.9308111606970595,0.9359233789945757,0.9140253235689489,0.9234824788486743,0.9349274121122305,0.9098855301042389,0.9116334449413032
0,5,2.27708748309843,0.14463872460786834,3889,2.299387352807181,0.12467866323907455,778,2.297265215765072,0.1123,0.9595584882064307,0.08403368764197636,,,0.8955033070840075,,0.8955455430674523,0.10445445693254773,0,0.14242107554711722,10,0.025,0.15,0.8000422695028769,0.894757686599123,0.9220265691197266,0.9539799035028823,0.9308111606970595,1.0,0.9451333188595976,0.9415284597317527,0.8981474965064188,0.9204886179221574,0.8983224211708765,0.9117525853034999
0,6,2.2848092958844943,0.12832120722177312,3711,2.2997602621714273,0.09568733153638814,742,2.2972625328015677,0.1124,0.9609731244272784,0.08415757492948496,,,0.9007117908639708,,0.9007608390685086,0.09923916093149143,0,0.14242519606455262,10,0.025,0.15,0.793721165436627,0.8853858772872538,0.9167451290287952,0.9319262779967399,0.9359233789945757,0.9451333188595976,1.0,0.9608433615883859,0.9169512484381042,0.9174849507635531,0.9263144983358115,0.9303936809286086
0,7,2.284187294755663,0.13709315375982042,3564,2.296770175298055,0.12061711079943899,713,2.2972664470914044,0.1122,0.9489759320084107,0.08310691638943885,,,0.8565398820736516,,0.8565628558696836,0.14343714413031639,0,0.14241356863789825,10,0.025,0.15,0.7656747028392339,0.8724485329507587,0.9075944965921472,0.9351768104280667,0.9140253235689489,0.9415284597317527,0.9608433615883859,1.0,0.9043888527643275,0.9195887489795992,0.913927959570833,0.9016614588488165
0,8,2.2845404386520385,0.12368497529787853,3441,2.295952002207438,0.10465116279069768,688,2.2972667277613774,0.1122,0.9457954216279253,0.08282838202270593,,,0.8448297077654926,,0.8448614480698453,0.1551385519301547,0,0.142411887262054,10,0.025,0.15,0.7886780038462796,0.885493274570681,0.9107712423139019,0.9056835371581273,0.9234824788486743,0.8981474965064188,0.9169512484381042,0.9043888527643275,1.0,0.9095143757296357,0.924902076242917,0.9134395539307696
0,9,2.280568927305716,0.1480503899220156,3334,2.2963051795959473,0.10644677661169415,667,2.2972662177266954,0.1121,0.9517857914015494,0.0833529908595863,,,0.8668853736265044,,0.8669274314667195,0.13307256853328053,0,0.14241491431256673,10,0.025,0.15,0.8029390087553153,0.8907241855568916,0.9118540533808388,0.92313550196852,0.9349274121122305,0.9204886179221574,0.9174849507635531,0.9195887489795992,0.9095143757296357,1.0,0.9043286892335821,0.9014973448527112
0,10,2.289616052004007,0.11749460043196544,3241,2.3009665807088218,0.10648148148148148,648,2.2972675637353825,0.1122,0.93992606186567,0.08231437068209274,,,0.8232195830776384,,0.823274083609777,0.17672591639022295,0,0.14240791048391588,10,0.025,0.15,0.7728609643349529,0.8768224725544778,0.8937148882927989,0.8928635196103439,0.9098855301042389,0.8983224211708765,0.9263144983358115,0.913927959570833,0.924902076242917,0.9043286892335821,1.0,0.9243939990634819
0,11,2.2890842905044555,0.11126938904716682,3159,2.298234987258911,0.09651898734177215,632,2.29726600345177,0.1124,0.9365071443170719,0.08201495771989846,,,0.8106316284257831,,0.8106732022907692,0.18932679770923078,0,0.14240086877662472,10,0.025,0.15,0.7788377815688575,0.8534862827263819,0.8790355316072134,0.897313716579477,0.9116334449413032,0.9117525853034999,0.9303936809286086,0.9016614588488165,0.9134395539307696,0.9014973448527112,0.9243939990634819,1.0
1,0,2.0947325624801496,0.23732651570489408,6845,2.285916870290583,0.1555880204528853,1369,2.285749661771557,0.1554,0.8927642109641097,0.07780242891498447,,,0.65,,0.6500140284860788,0.3499859715139212,0.9285149023723644,0.14444978082581558,10,0.025,0.15,1.0,0.9407590190639213,0.9169212886302006,0.8895123337453634,0.878851502102781,0.8493796641978038,0.8250211062193514,0.8256558802197417,0.8126146690283003,0.8303356031646972,0.7871556125174163,0.7816541187795488
1,1,2.150851864315743,0.21816356334428624,5478,2.2885547743903265,0.14507299270072993,1096,2.28568040871922,0.155,0.950231795401623,0.08334646666932538,,,0.8756787605293329,,0.8757241174431847,0.12427588255681532,0.9299381793381535,0.1446899244362234,10,0.025,0.15,0.9407590190639213,1.0,0.9630505521577528,0.9432177990588477,0.93792893518938,0.912920741047365,0.8939925907442792,0.8944667311799072,0.8869477255179699,0.9034219609489109,0.8622727968222302,0.8576920711559195
1,2,2.1497717760111157,0.20900414937759337,4820,2.282216340303421,0.16804979253112035,964,2.285675220851657,0.155,0.9682382378375137,0.08466150920888829,,,0.9292096316240565,,0.9292551699097226,0.07074483009027743,0.9299925648923845,0.14469606400619972,10,0.025,0.15,0.9169212886302006,0.9630505521577528,1.0,0.9608944711762555,0.9572766865422649,0.9332920875656174,0.9214341471707859,0.9199829827906126,0.9184004634100391,0.9286942087711042,0.8904321739457663,0.892566415844267
1,3,2.166894509792328,0.2063322741715842,4406,2.284356560025896,0.16912599318955732,881,2.2856746564937542,0.155,0.9824844526645908,0.08517224662479246,,,0.9499999999592934,,0.9500173293063326,0.04998267069366735,0.9299953613018511,0.14469756462378647,10,0.025,0.15,0.8895123337453634,0.9432177990588477,0.9608944711762555,1.0,0.962691773713517,0.9636488672280509,0.9490061779535574,0.9544724222720877,0.9400655604182717,0.9468758168730612,0.9239370833600179,0.932597933046502
1,4,2.182405037590952,0.20911964980544748,4112,2.285862445831299,0.1630170316301703,822,2.285674801355676,0.155,0.9778695998268908,0.08501461317383929,,,0.943583282865111,,0.9436302421151657,0.05636975788483434,0.9299886871307167,0.14469737901146146,10,0.025,0.15,0.878851502102781,0.93792893518938,0.9572766865422649,0.962691773713517,1.0,0.9515030897442157,0.9453913479865389,0.939623366331027,0.9441434066163668,0.9482308672931136,0.9239572007461078,0.9233560776911793
1,5,2.1890564180189562,0.20136281820519414,3889,2.2881976876940047,0.16580976863753213,778,2.285679406757596,0.155,0.9793012662405177,0.08426248690268497,,,0.9129668022138466,,0.9129986301595947,0.0870013698404053,0.9299649941539891,0.14469492487037522,10,0.025,0.15,0.8493796641978038,0.912920741047365,0.9332920875656174,0.9636488672280509,0.9515030897442157,1.0,0.9603201885516301,0.9603534418842704,0.949798911213811,0.9540533007701456,0.9439977288565735,0.9505646759063279
1,6,2.2062852695070463,0.1925895984909728,3711,2.289397676785787,0.13611859838274934,742,2.285676286190371,0.155,0.9767003773308183,0.0842544062062988,,,0.912637864781338,,0.9126850522354805,0.08731494776451953,0.9299840376043241,0.14469491914037966,10,0.025,0.15,0.8250211062193514,0.8939925907442792,0.9214341471707859,0.9490061779535574,0.9453913479865389,0.9603201885516301,1.0,0.9726118341848066,0.9596056279646431,0.950518365954811,0.9584811157558791,0.9631941655920131
1,7,2.1995700214590346,0.19121773288439955,3564,2.2848946253458657,0.14726507713884993,713,2.285681555542765,0.155,0.977203625186318,0.08361786763607502,,,0.8867265629607944,,0.8867736132428908,0.11322638675710917,0.929890323799307,0.14469177882074843,10,0.025,0.15,0.8256558802197417,0.8944667311799072,0.9199829827906126,0.9544724222720877,0.939623366331027,0.9603534418842704,0.9726118341848066,1.0,0.9599870119621126,0.9551166112325153,0.9610011233516842,0.9625728690740472
1,8,2.1981753830556516,0.1942458587619878,3441,2.2844967047373452,0.16279069767441862,688,2.2856809821309922,0.1548,0.9704568908733743,0.08322405952816256,,,0.8706959856779288,,0.8707233747586275,0.1292766252413725,0.929857754606134,0.1446837815076698,10,0.025,0.15,0.8126146690283003,0.8869477255179699,0.9184004634100391,0.9400655604182717,0.9441434066163668,0.949798911213811,0.9596056279646431,0.9599870119621126,1.0,0.9536643383147093,0.9504088738422881,0.951696400894099
1,9,2.1990914004820366,0.20440911817636473,3334,2.284816781679789,0.15592203898050974,667,2.285681145100654,0.155,0.9733412958275081,0.08364446475290105,,,0.8878092403567504,,0.8878463798253866,0.11215362017461339,0.9299037132365857,0.14469190932579484,10,0.025,0.15,0.8303356031646972,0.9034219609489109,0.9286942087711042,0.9468758168730612,0.9482308672931136,0.9540533007701456,0.950518365954811,0.9551166112325153,0.9536643383147093,1.0,0.9424611201562204,0.9473789040871378
1,10,2.2169523019057054,0.18198087010182043,3241,2.2889332373936973,0.1404320987654321,648,2.285683668112453,0.1548,0.9600747085932289,0.08256497848429308,,,0.8438670570775811,,0.8439124622468683,0.15608753775313167,0.9298272443627801,0.14467774268769404,10,0.025,0.15,0.7871556125174163,0.8622727968222302,0.8904321739457663,0.9239370833600179,0.9239572007461078,0.9439977288565735,0.9584811157558791,0.9610011233516842,0.9504088738422881,0.9424611201562204,1.0,0.9637752463836367
1,11,2.215380747795105,0.1807534029756252,3159,2.2871282577514647,0.14556962025316456,632,2.2856822889062425,0.1548,0.9617739110530162,0.08243447189775452,,,0.8385545815866136,,0.8385981416381971,0.16140185836180287,0.9298145335769046,0.14467624013503705,10,0.025,0.15,0.7816541187795488,0.8576920711559195,0.892566415844267,0.932597933046502,0.9233560776911793,0.9505646759063279,0.9631941655920131,0.9625728690740472,0.951696400894099,0.9473789040871378,0.9637752463836367,1.0
2,0,2.0249421448619276,0.2691161431701972,6845,2.268671599301425,0.19357195032870708,1369,2.268733323374881,0.1909,0.9055059235362068,0.07789320150837825,,,0.65,,0.6500140284860788,0.3499859715139212,0.9550147934362204,0.14477396834078368,10,0.025,0.15,1.0,0.9379579545644597,0.9170225202418504,0.8974760120751619,0.8845148307130035,0.8683460799905242,0.8524016948196381,0.8593416850139073,0.8329175649195504,0.8409743425183058,0.8205302636470851,0.8057231552223244
2,1,2.0760430693626404,0.2495983935742972,5478,2.273522827360365,0.18248175182481752,1096,2.2685735919807533,0.1905,0.9564788153981881,0.08300088700343927,,,0.8686781638474345,,0.8687181264544239,0.13128187354557608,0.9570648780273585,0.14507886857356922,10,0.025,0.15,0.9379579545644597,1.0,0.9523299901256589,0.9434627381458977,0.9320607831591863,0.9252183626859063,0.9162447224264689,0.9235372226252219,0.8984334321607014,0.9078745304797986,0.8856726995204584,0.8791100508812509
2,2,2.069386789986962,0.2488174273858921,4820,2.2639811635017395,0.20850622406639005,964,2.2685671244995502,0.1903,0.9749115651404379,0.08441966311083933,,,0.9294210099715474,,0.9294614711755871,0.07053852882441292,0.9571249478804741,0.14509440630874187,10,0.025,0.15,0.9170225202418504,0.9523299901256589,1.0,0.9618922447141206,0.9519242246539544,0.9492770619173985,0.9412730165633644,0.943497531126124,0.931786135220394,0.934316132419658,0.916445222618359,0.913138597685316
2,3,2.09313243831907,0.24607353608715388,4406,2.266103574207851,0.20771850170261066,881,2.268567640570146,0.1903,0.9799172711376378,0.08490032842649466,,,0.9499999999571864,,0.9500173293063326,0.04998267069366735,0.9571779939327637,0.1450988650590885,10,0.025,0.15,0.8974760120751619,0.9434627381458977,0.9618922447141206,1.0,0.9576521230521559,0.9619086397672117,0.9492578903583391,0.958438364532413,0.9423483830074255,0.9428261357965371,0.9255755045901506,0.9284772387756688
2,4,2.1068740443749863,0.24311770428015564,4112,2.268477371760777,0.19951338199513383,822,2.268568265287182,0.1903,0.9788795258545503,0.08476855037161643,,,0.94435811321533,,0.944414186925451,0.05558581307454902,0.9571768237418884,0.1450986088660347,10,0.025,0.15,0.8845148307130035,0.9320607831591863,0.9519242246539544,0.9576521230521559,1.0,0.9538787807465798,0.9532929046755646,0.9540166233841509,0.9515520951361371,0.9522910580705435,0.9333090202224394,0.9323066211973603
2,5,2.1180697414182847,0.23643610182566213,3889,2.271676540374756,0.2043701799485861,778,2.2685716604884667,0.1905,0.9787547484308736,0.08429750966795511,,,0.9241911870657729,,0.9242296710732617,0.0757703289267383,0.9571266574957364,0.14509396285431633,10,0.025,0.15,0.8683460799905242,0.9252183626859063,0.9492770619173985,0.9619086397672117,0.9538787807465798,1.0,0.9538616397564267,0.9570384543330527,0.9478568656893062,0.9544566018979913,0.9407681930810907,0.9421781626512379
2,6,2.1370252868224835,0.23581244947453517,3711,2.273520549138387,0.1711590296495957,742,2.2685681385330008,0.1903,0.9782154940728492,0.08427487164115961,,,0.9232219727048737,,0.9232641811490155,0.07673581885098446,0.9571321028318315,0.14509380375590056,10,0.025,0.15,0.8524016948196381,0.9162447224264689,0.9412730165633644,0.9492578903583391,0.9532929046755646,0.9538616397564267,1.0,0.9663668145106477,0.955738562233318,0.9506896012836064,0.9518906396937731,0.9571343370676989
2,7,2.1280516398804528,0.23386644219977554,3564,2.2673614025115967,0.17391304347826086,713,2.268573875668683,0.1905,0.9806322958761821,0.08395864492700675,,,0.9096831835062584,,0.9097308181082999,0.09026918189170008,0.9570926601556802,0.14509215781869794,10,0.025,0.15,0.8593416850139073,0.9235372226252219,0.943497531126124,0.958438364532413,0.9540166233841509,0.9570384543330527,0.9663668145106477,1.0,0.9582422608702954,0.9552084404746696,0.9509752541775172,0.9498712518941739
2,8,2.11911206068816,0.24365010171461784,3441,2.2676975329717,0.18604651162790697,688,2.26857527600059,0.1904,0.9714447203160944,0.0834139262874193,,,0.8863618431391509,,0.8864022709643347,0.11359772903566534,0.9570783901819437,0.14508734729436837,10,0.025,0.15,0.8329175649195504,0.8984334321607014,0.931786135220394,0.9423483830074255,0.9515520951361371,0.9478568656893062,0.955738562233318,0.9582422608702954,1.0,0.9507370445793543,0.9497566332734534,0.949779150854877
2,9,2.1289615118945084,0.2383623275344931,3334,2.26807435353597,0.18440779610194902,667,2.2685743132724037,0.1905,0.9727384063042737,0.08371721152433943,,,0.8993465617158645,,0.8993827466125333,0.10061725338746674,0.9570827422713555,0.14509029035953047,10,0.025,0.15,0.8409743425183058,0.9078745304797986,0.934316132419658,0.9428261357965371,0.9522910580705435,0.9544566018979913,0.9506896012836064,0.9552084404746696,0.9507370445793543,1.0,0.9471614317539305,0.9477960732558494
2,10,2.151320249759234,0.22218451095340944,3241,2.2713988622029624,0.17901234567901234,648,2.268578897548627,0.1904,0.9633453363668734,0.08274006943672291,,,0.8575116371214171,,0.8575613539964682,0.14243864600353184,0.9570275816239002,0.14507496611405907,10,0.025,0.15,0.8205302636470851,0.8856726995204584,0.916445222618359,0.9255755045901506,0.9333090202224394,0.9407681930810907,0.9518906396937731,0.9509752541775172,0.9497566332734534,0.9471614317539305,1.0,0.9538090457088282
2,11,2.1462512726783753,0.22421652421652422,3159,2.2706563472747803,0.18354430379746836,632,2.268577874461307,0.1905,0.9620016482125568,0.08261513609462891,,,0.8521627968533824,,0.8521975210839894,0.14780247891601062,0.9570343120629049,0.14507262467322005,10,0.025,0.15,0.8057231552223244,0.8791100508812509,0.913138597685316,0.9284772387756688,0.9323066211973603,0.9421781626512379,0.9571343370676989,0.9498712518941739,0.949779150854877,0.9477960732558494,0.9538090457088282,1.0
3,0,1.9687538270597105,0.28905770635500366,6845,2.245835954492742,0.2308254200146092,1369,2.246199900590921,0.2301,0.9100770129205029,0.0781228638822339,,,0.65,,0.6500140284860788,0.3499859715139212,0.9738614689887232,0.14461679342032507,10,0.025,0.15,1.0,0.9327169647538524,0.9129914633072808,0.8969901318627457,0.8862519078418006,0.8704388173678896,0.8663434245404474,0.8646870936867997,0.8336545660874174,0.8391613716761115,0.8382761712579633,0.8206132744486447
3,1,2.0146274020505506,0.2720700985761227,5478,2.25298187467787,0.2116788321167883,1096,2.2458673127089877,0.23,0.9538721368694106,0.08272650137874865,,,0.8608146821572444,,0.8608621742503012,0.1391378257496988,0.9759927497363697,0.14495322275157846,10,0.025,0.15,0.9327169647538524,1.0,0.94700194997098,0.9336689425869604,0.926368740565767,0.9171287384534811,0.9197564612919821,0.9191369876439895,0.8926079880065516,0.8973817131765242,0.8968857762317632,0.8805178601379007
3,2,2.008048733912016,0.27269709543568466,4820,2.240036904811859,0.22614107883817428,964,2.245853810370723,0.2303,0.9759100127042495,0.08432797567108193,,,0.9341511023634037,,0.934189896189203,0.065810103810797,0.9762596098669383,0.1449735264347368,10,0.025,0.15,0.9129914633072808,0.94700194997098,1.0,0.9543323172508867,0.9509641469217887,0.942182401060698,0.9490876187053942,0.9442486103696085,0.930397238926208,0.9295300264195108,0.9318959269685236,0.9227539236912654
3,3,2.033355268410274,0.26756695415342713,4406,2.2421946866171703,0.246311010215664,881,2.2458535146109666,0.2304,0.9773657088852572,0.08467407385779656,,,0.9499999999542068,,0.9500173293063326,0.04998267069366735,0.9762697530570922,0.14497493011371032,10,0.025,0.15,0.8969901318627457,0.9336689425869604,0.9543323172508867,1.0,0.9548203150901544,0.9537938504528249,0.9498577775679898,0.954037513926567,0.9351914310623979,0.9338420059939079,0.9329837984987344,0.9311624032141744
3,4,2.0433841347694397,0.26780155642023346,4112,2.2455643926348006,0.23114355231143552,822,2.2458548153503033,0.2304,0.9783770796436336,0.08462529177079606,,,0.947766118556342,,0.947814031786899,0.05218596821310095,0.976268563398107,0.14497483061831828,10,0.025,0.15,0.8862519078418006,0.926368740565767,0.9509641469217887,0.9548203150901544,1.0,0.9495167737958369,0.9577139706984625,0.9527535042696077,0.9451603384181287,0.9403925590584248,0.941413070861276,0.936476681253106
3,5,2.0556592264483053,0.25968115196708663,3889,2.2494701657976424,0.2467866323907455,778,2.2458586994605727,0.23,0.9752040890118682,0.08422903817893221,,,0.9296204511171299,,0.9296595203908171,0.07034047960918288,0.9762473204744075,0.144973118537857,10,0.025,0.15,0.8704388173678896,0.9171287384534811,0.942182401060698,0.9537938504528249,0.9495167737958369,1.0,0.9526302029097795,0.9508806053726887,0.9396667541723889,0.9434364491241392,0.943242639100972,0.9415840131939088
3,6,2.0737098048473226,0.25898679601185665,3711,2.2517263491948447,0.22506738544474394,742,2.245855443085296,0.2304,0.9791303687556118,0.0843433161490214,,,0.9348535899036146,,0.9348913204931425,0.0651086795068575,0.9762482518455148,0.14497359515537284,10,0.025,0.15,0.8663434245404474,0.9197564612919821,0.9490876187053942,0.9498577775679898,0.9577139706984625,0.9526302029097795,1.0,0.9619792989313368,0.9485924038894249,0.9421632033176326,0.9502003102696434,0.9513603860442452
3,7,2.059131266389574,0.2606060606060606,3564,2.2439169883728027,0.24123422159887797,713,2.245862257631519,0.23,0.978711660107694,0.08413323796383167,,,0.9252334654102174,,0.9252776815038537,0.0747223184961463,0.976251203818687,0.14497265516988703,10,0.025,0.15,0.8646870936867997,0.9191369876439895,0.9442486103696085,0.954037513926567,0.9527535042696077,0.9508806053726887,0.9619792989313368,1.0,0.9520279618870852,0.9488178880801862,0.9504548548706101,0.9458486973144875
3,8,2.0471634423291243,0.27271142109851787,3441,2.2456534703572593,0.22093023255813954,688,2.2458653872526146,0.23,0.9675040375713033,0.08342860094229895,,,0.8929659747915258,,0.8930121635226353,0.10698783647736465,0.9761849638916693,0.14496619837347655,10,0.025,0.15,0.8336545660874174,0.8926079880065516,0.930397238926208,0.9351914310623979,0.9451603384181287,0.9396667541723889,0.9485924038894249,0.9520279618870852,1.0,0.9443266032306563,0.9477973873074041,0.944583053297692
3,9,2.0550629417101542,0.2659868026394721,3334,2.245774229367574,0.24887556221889057,667,2.2458621338952947,0.23,0.9661584385183545,0.0835729723882132,,,0.8995771861447295,,0.899605551979667,0.10039444802033304,0.9762242746542427,0.1449677464303667,10,0.025,0.15,0.8391613716761115,0.8973817131765242,0.9295300264195108,0.9338420059939079,0.9403925590584248,0.9434364491241392,0.9421632033176326,0.9488178880801862,0.9443266032306563,1.0,0.9419748750898332,0.9376190392897434
3,10,2.088138258915681,0.24831842024066647,3241,2.2478092511494956,0.22993827160493827,648,2.245876097980934,0.23,0.9682319809905393,0.0830338975926958,,,0.8748912977006424,,0.874907164430361,0.12509283556963902,0.9760105612514325,0.1449585261634786,10,0.025,0.15,0.8382761712579633,0.8968857762317632,0.9318959269685236,0.9329837984987344,0.941413070861276,0.943242639100972,0.9502003102696434,0.9504548548706101,0.9477973873074041,0.9419748750898332,1.0,0.9481448569630347
3,11,2.0811719660758974,0.25058562836340614,3159,2.2487914085388185,0.21518987341772153,632,2.2458757931673072,0.23,0.9629063417251617,0.08278223022434977,,,0.8633666769399103,,0.8634120578963872,0.1365879421036128,0.9759800450776224,0.1449545206939227,10,0.025,0.15,0.8206132744486447,0.8805178601379007,0.9227539236912654,0.9311624032141744,0.936476681253106,0.9415840131939088,0.9513603860442452,0.9458486973144875,0.944583053297692,0.9376190392897434,0.9481448569630347,1.0
4,0,1.9212865436518634,0.3062527392257122,6845,2.217927000739358,0.26077428780131484,1369,2.218473727190042,0.2566,0.9198551258689012,0.07864951718591293,,,0.65,,0.6500140284860788,0.3499859715139212,0.9821637824852965,0.14429752841156715,10,0.025,0.15,1.0,0.9362089890419385,0.9174835998302734,0.9019961846013912,0.8925546253981028,0.8787373107964802,0.8790901500292969,0.8679063136553561,0.8403822971113682,0.8408669410214125,0.8580664055911918,0.8380730035771562
4,1,1.9690753875776779,0.28968601679445055,5478,2.2272935973273382,0.2363138686131387,1096,2.217878000645698,0.2563,0.9543046788153138,0.08263790662444838,,,0.8542724315188941,,0.8543182980970772,0.14568170190292284,0.9845237878216874,0.14462925524294865,10,0.025,0.15,0.9362089890419385,1.0,0.9388057031271796,0.9323402335655862,0.9231645400919939,0.9139527309231457,0.922308078321385,0.9139090691472941,0.8861675549037717,0.8907965570978578,0.9011668133040198,0.8853802735328303
4,2,1.961226174705907,0.2903526970954357,4820,2.210350900888443,0.25,964,2.217850603634798,0.257,0.9724474664907159,0.08422682873137105,,,0.9356518923958144,,0.9356835173540625,0.06431648264593748,0.9846984722271456,0.14464763828567578,10,0.025,0.15,0.9174835998302734,0.9388057031271796,1.0,0.9488633803519633,0.9428786730012572,0.9361116621503953,0.9451592108518321,0.933277103452798,0.9182672876586521,0.919624343995204,0.929951872683673,0.9203204918617941
4,3,1.987736791542598,0.28613254652746256,4406,2.2128025804247176,0.2735527809307605,881,2.217848370346842,0.2569,0.9744351751395296,0.0845069734391112,,,0.9499999999487831,,0.9500173293063326,0.04998267069366735,0.9847159826267873,0.14464858845541462,10,0.025,0.15,0.9019961846013912,0.9323402335655862,0.9488633803519633,1.0,0.9463510804537493,0.9439049039223737,0.9446963298743632,0.9438499109155752,0.9268228294083446,0.9251027355523245,0.9316487290127708,0.9267303040151035
4,4,1.9919779221216838,0.2872324902723735,4112,2.2173822607312883,0.25669099756691,822,2.2178504527369634,0.2569,0.9724751894271011,0.08441253454798414,,,0.9451631448177162,,0.9452146358370055,0.05478536416299451,0.9847094078505203,0.14464839324427958,10,0.025,0.15,0.8925546253981028,0.9231645400919939,0.9428786730012572,0.9463510804537493,1.0,0.9367281576267886,0.94905742548921,0.9435392089986882,0.9297449430538709,0.9270572150044378,0.9318624947490174,0.9261483324157436
4,5,2.004096717219199,0.27724350732836206,3889,2.222330161503383,0.2827763496143959,778,2.21785666067389,0.2565,0.9707574242160596,0.08411004619900773,,,0.9296706680915128,,0.9297090326946246,0.07029096730537543,0.984702286164398,0.1446471979331517,10,0.025,0.15,0.8787373107964802,0.9139527309231457,0.9361116621503953,0.9439049039223737,0.9367281576267886,1.0,0.945259289083998,0.9390454762262911,0.9289944867757187,0.9370133462776973,0.9366101041160818,0.9324615268900752
4,6,2.0215357542037964,0.27960118566424147,3711,2.224499781926473,0.24932614555256064,742,2.217853368083133,0.257,0.9775011727088665,0.08440168826287245,,,0.944607633108828,,0.9446534963938539,0.055346503606146125,0.9846997107323514,0.1446483539067201,10,0.025,0.15,0.8790901500292969,0.922308078321385,0.9451592108518321,0.9446963298743632,0.94905742548921,0.945259289083998,1.0,0.9530507001578855,0.9414091923762944,0.9354058854833226,0.9460925777624,0.9449973385430718
4,7,2.007778522372246,0.2764590347923681,3564,2.215543190638224,0.2496493688639551,713,2.217861018603361,0.2566,0.9731022995423521,0.0841272100452763,,,0.930549744888182,,0.9305837500618904,0.06941624993810958,0.9846921139393359,0.14464726801994449,10,0.025,0.15,0.8679063136553561,0.9139090691472941,0.933277103452798,0.9438499109155752,0.9435392089986882,0.9390454762262911,0.9530507001578855,1.0,0.9420282286240222,0.9379571108157334,0.9433886589469629,0.9372677241737596
4,8,1.9928618166181775,0.2913106655042139,3441,2.218608816464742,0.2441860465116279,688,2.2178713520870934,0.2567,0.9614634403193126,0.08330848985071496,,,0.8886175395571799,,0.8886633328382103,0.11133666716178969,0.9846163725769845,0.14464030060256783,10,0.025,0.15,0.8403822971113682,0.8861675549037717,0.9182672876586521,0.9268228294083446,0.9297449430538709,0.9289944867757187,0.9414091923762944,0.9420282286240222,1.0,0.9308073164415315,0.939227040106826,0.9361657898451857
4,9,2.000385734328517,0.2802039592081584,3334,2.21815558274587,0.2698650674662669,667,2.2178655334665804,0.2566,0.961683082056255,0.08340541018854127,,,0.8935814863774489,,0.8936228152695945,0.10637718473040547,0.984631155018105,0.1446413666895667,10,0.025,0.15,0.8408669410214125,0.8907965570978578,0.919624343995204,0.9251027355523245,0.9270572150044378,0.9370133462776973,0.9354058854833226,0.9379571108157334,0.9308073164415315,1.0,0.9432448753621405,0.9347100607355641
4,10,2.0355240555909964,0.2646713977167541,3241,2.218897024790446,0.25771604938271603,648,2.2178861129133005,0.2564,0.9685658532419598,0.08329550419299321,,,0.8879524560896369,,0.8879866646861745,0.11201333531382551,0.9846029233306307,0.14464012350871264,10,0.025,0.15,0.8580664055911918,0.9011668133040198,0.929951872683673,0.9316487290127708,0.9318624947490174,0.9366101041160818,0.9460925777624,0.9433886589469629,0.939227040106826,0.9432448753621405,1.0,0.9420504027805797
4,11,2.026415718078613,0.26992719214941435,3159,2.2217459201812746,0.25158227848101267,632,2.2178880504415006,0.2566,0.9618044956480841,0.08291789073176657,,,0.8686123136367084,,0.8686438579987127,0.1313561420012873,0.9845680293091613,0.14463450226183894,10,0.025,0.15,0.8380730035771562,0.8853802735328303,0.9203204918617941,0.9267303040151035,0.9261483324157436,0.9324615268900752,0.9449973385430718,0.9372677241737596,0.9361657898451857,0.9347100607355641,0.9420504027805797,1.0
5,0,1.8813104035677732,0.32077428780131484,6845,2.1850826090032403,0.2695398100803506,1369,2.1859932217416884,0.2718,0.926158820681256,0.07926270516301265,,,0.65,,0.6500140284860788,0.3499859715139212,0.9876935384747166,0.14389577035032983,10,0.025,0.15,1.0,0.9338685079346348,0.9185594776324167,0.9035047779433669,0.8980720191143061,0.8770331185840854,0.8849970215790627,0.8746418327512597,0.8473100399554936,0.8439985917926254,0.8634322295050757,0.8488708093751876
5,1,1.9280469692030617,0.3050018254837532,5478,2.196870591905382,0.2490875912408759,1096,2.1850915317293964,0.2718,0.9562388743148013,0.08272922358155434,,,0.8520711172728557,,0.852106748527009,0.14789325147299104,0.9891023398699703,0.14423224788573594,10,0.025,0.15,0.9338685079346348,1.0,0.9364209708374883,0.9301078640369729,0.9247836915821503,0.9063813974168028,0.9232595199702176,0.9155679503788232,0.8902021946193616,0.885816349193824,0.900522153490957,0.8894568846388312
5,2,1.9208974361419677,0.30489626556016597,4820,2.17573145031929,0.2645228215767635,964,2.185041282750383,0.2719,0.9692278159614734,0.08414316374937533,,,0.9344928542930082,,0.9345282302652209,0.06547176973477908,0.98931511427125,0.14425275812746413,10,0.025,0.15,0.9185594776324167,0.9364209708374883,1.0,0.9427664213540459,0.937834281602587,0.924155185284623,0.9380029604121737,0.9276770371160996,0.912524992657451,0.9074331518549299,0.9238156410058803,0.9143268013845056
5,3,1.9473099531446185,0.2981162051747617,4406,2.1787255832127164,0.2883087400681044,881,2.1850334481347966,0.2718,0.9720288299576273,0.08440918794291527,,,0.9499999999417077,,0.9500173293063326,0.04998267069366735,0.9893284550698718,0.14425374333256438,10,0.025,0.15,0.9035047779433669,0.9301078640369729,0.9427664213540459,1.0,0.9430197842601146,0.9328187689826223,0.936644945054425,0.9379797522280978,0.9214129795610505,0.9165257102850647,0.9271476449221694,0.922630771888536
5,4,1.9439065673134543,0.3018725680933852,4112,2.1844429629189626,0.2737226277372263,822,2.1850360918648635,0.2718,0.9714875704551623,0.08433270544879186,,,0.9455416641784626,,0.9455859781155617,0.054414021884438335,0.9893315023915273,0.14425352284698661,10,0.025,0.15,0.8980720191143061,0.9247836915821503,0.937834281602587,0.9430197842601146,1.0,0.9279739888798038,0.9457236090611767,0.9370707642607249,0.9255355833759508,0.9190924553336696,0.9253699618453032,0.9235448053511364
5,5,1.9679381097516706,0.28611468243764465,3889,2.190406322479248,0.2994858611825193,778,2.185051121289217,0.2718,0.9633239207369567,0.08387717230565729,,,0.9189876177047266,,0.9190308791734746,0.08096912082652541,0.9892960105176443,0.14425116656457113,10,0.025,0.15,0.8770331185840854,0.9063813974168028,0.924155185284623,0.9328187689826223,0.9279739888798038,1.0,0.9344926158018682,0.9295562682931342,0.9163668961899868,0.9175091197802738,0.928956532877253,0.9179694063321465
5,6,1.9772227098201882,0.2951226084613312,3711,2.1924103498458862,0.2587601078167116,742,2.185041644905187,0.272,0.9738625809557848,0.08440373018337023,,,0.9496818549224361,,0.9497120034328531,0.050287996567146886,0.9893330339143456,0.14425373975749306,10,0.025,0.15,0.8849970215790627,0.9232595199702176,0.9380029604121737,0.936644945054425,0.9457236090611767,0.9344926158018682,1.0,0.947269378853095,0.9310397893573092,0.9208377308657973,0.9361062203346139,0.9363137907279898
5,7,1.9638872231755937,0.2930976430976431,3564,2.1826236645380654,0.26367461430575034,713,2.185053258002559,0.2719,0.9710739858534758,0.08414163825255401,,,0.9344039296689727,,0.9344374577082405,0.0655625422917595,0.989311550428106,0.14425275654597422,10,0.025,0.15,0.8746418327512597,0.9155679503788232,0.9276770371160996,0.9379797522280978,0.9370707642607249,0.9295562682931342,0.947269378853095,1.0,0.9356515578033651,0.9279502090531978,0.9389826874194597,0.9299007868425015
5,8,1.954068202442593,0.3049985469340308,3441,2.1872266133626304,0.2616279069767442,688,2.185076849370063,0.2718,0.9578907339258609,0.08320054091188368,,,0.8795452593458629,,0.8795860771401693,0.12041392285983066,0.989184176400303,0.14424302395006625,10,0.025,0.15,0.8473100399554936,0.8902021946193616,0.912524992657451,0.9214129795610505,0.9255355833759508,0.9163668961899868,0.9310397893573092,0.9356515578033651,1.0,0.9176635011231339,0.9277538236662369,0.9243842732156434
5,9,1.9582838530893678,0.29622075584883023,3334,2.1852121353149414,0.2983508245877061,667,2.1850699291953557,0.2716,0.9534856279807614,0.08311659154262636,,,0.8746516627189296,,0.8746761070125926,0.12532389298740743,0.9891740249438756,0.144241266976525,10,0.025,0.15,0.8439985917926254,0.885816349193824,0.9074331518549299,0.9165257102850647,0.9190924553336696,0.9175091197802738,0.9208377308657973,0.9279502090531978,0.9176635011231339,1.0,0.9250519505992727,0.9171751124874932
5,10,1.9913753935923943,0.280407281703178,3241,2.185013214747111,0.2700617283950617,648,2.1850880278816707,0.2718,0.9645885628878572,0.08341179140886602,,,0.8918595236293989,,0.8918981366869667,0.10810186331303329,0.9892260297659845,0.14424645138579625,10,0.025,0.15,0.8634322295050757,0.900522153490957,0.9238156410058803,0.9271476449221694,0.9253699618453032,0.928956532877253,0.9361062203346139,0.9389826874194597,0.9277538236662369,0.9250519505992727,1.0,0.9306166061609044
5,11,1.9874961786270142,0.28138651471984805,3159,2.18983998298645,0.27689873417721517,632,2.1851097269903255,0.2719,0.9583192495086511,0.08297154950939278,,,0.8661968379730781,,0.86622600716278,0.13377399283722002,0.9891281266839379,0.1442382465478805,10,0.025,0.15,0.8488708093751876,0.8894568846388312,0.9143268013845056,0.922630771888536,0.9235448053511364,0.9179694063321465,0.9363137907279898,0.9299007868425015,0.9243842732156434,0.9171751124874932,0.9306166061609044,1.0
6,0,1.8468263800497409,0.3314243973703433,6845,2.1484064839103003,0.2892622352081812,1369,2.149873253665393,0.2856,0.9313395496296197,0.07988438142568301,,,0.65,,0.6500140284860788,0.3499859715139212,0.9897400010831973,0.14350831674259446,10,0.025,0.15,1.0,0.929997364739089,0.9177894855959244,0.9055481219544897,0.8992812050600193,0.878986095124337,0.8891011380526216,0.8784897346119316,0.8544951401256651,0.8476340953733814,0.8685146036889826,0.8573893489268064
6,1,1.8931722244551015,0.3167214311792625,5478,2.1628708044687905,0.26094890510948904,1096,2.148577201215527,0.2872,0.9549605174025039,0.08281727788672069,,,0.8453841241889801,,0.8454308395636315,0.15456916043636848,0.9914619879175481,0.14388268582210473,10,0.025,0.15,0.929997364739089,1.0,0.9296930424234786,0.9252702076917292,0.9201007850554697,0.9067025486675327,0.9212962494292417,0.9109524028444433,0.8879400894910798,0.8801561212948644,0.8951863202509073,0.8876754573203254
6,2,1.8869435991111554,0.31811203319502074,4820,2.137284994125366,0.2800829875518672,964,2.1484977293618117,0.2871,0.9675888651206749,0.08411168180291585,,,0.931614913060094,,0.9316482645937515,0.0683517354062485,0.9916797660343074,0.14390675496656716,10,0.025,0.15,0.9177894855959244,0.9296930424234786,1.0,0.9380851443067335,0.9322361411472897,0.9188232711770644,0.9328594374054374,0.924462092265433,0.9112275186923547,0.9037334580335074,0.9171898764184844,0.9119819230243359
6,3,1.9103302352769034,0.30937358147980026,4406,2.140781947544643,0.30192962542565266,881,2.148481586311437,0.2872,0.967954648660127,0.08428933218599065,,,0.9434496521891477,,0.9435064613556469,0.056493538644353136,0.9916893721905108,0.14390777605027882,10,0.025,0.15,0.9055481219544897,0.9252702076917292,0.9380851443067335,1.0,0.9348231349241514,0.9232060521911135,0.9300831256865241,0.9293352914408713,0.91518743067102,0.9064104648033185,0.9197817122308839,0.9136811685516102
6,4,1.9118789997967807,0.31446984435797665,4112,2.1475416251591275,0.29075425790754256,822,2.148485298398175,0.2872,0.9679073374296243,0.08424015347005923,,,0.9401734573187703,,0.9402138931524484,0.05978610684755159,0.991686593572808,0.143907538737761,10,0.025,0.15,0.8992812050600193,0.9201007850554697,0.9322361411472897,0.9348231349241514,1.0,0.921421242363669,0.9392005851979506,0.9305200433140873,0.9200585960930374,0.9101481898160804,0.9168306246833262,0.915932763997381
6,5,1.9309625933247228,0.29933144767292363,3889,2.1549209526606967,0.30719794344473006,778,2.1485124268109286,0.287,0.9595036854387842,0.08368104588309744,,,0.9029267465476398,,0.9029641365879421,0.09703586341205794,0.9916611337793354,0.14390280064406874,10,0.025,0.15,0.878986095124337,0.9067025486675327,0.9188232711770644,0.9232060521911135,0.921421242363669,1.0,0.9277861855920384,0.9215027059723843,0.9074468473123155,0.91222330454788,0.9147457932046177,0.9107808477970806
6,6,1.9402598985310258,0.3096469954190245,3711,2.156583031018575,0.2722371967654987,742,2.148494026328944,0.2873,0.9710583681063852,0.0843876589655966,,,0.9499999999333818,,0.9500173293063326,0.04998267069366735,0.9916895778738163,0.14390811662013445,10,0.025,0.15,0.8891011380526216,0.9212962494292417,0.9328594374054374,0.9300831256865241,0.9392005851979506,0.9277861855920384,1.0,0.9406665911886554,0.9235278908928192,0.9146974989005325,0.9270273657247292,0.9300278423941255
6,7,1.9272830541644776,0.3048260381593715,3564,2.146440784136454,0.28190743338008417,713,2.1485106794140005,0.2872,0.9680286023681925,0.08412514437106218,,,0.932511764388311,,0.9325559901635556,0.06744400983644439,0.991680219153239,0.14390689203524842,10,0.025,0.15,0.8784897346119316,0.9109524028444433,0.924462092265433,0.9293352914408713,0.9305200433140873,0.9215027059723843,0.9406665911886554,1.0,0.9299068220593466,0.922117487531516,0.9317320571592731,0.921525648391896
6,8,1.9174445849877817,0.3160127869805289,3441,2.15261173248291,0.2688953488372093,688,2.148558384255518,0.2873,0.9554916689550962,0.08312819080903497,,,0.8660965665927323,,0.8661352346057996,0.13386476539420045,0.991572574459696,0.14389203931581976,10,0.025,0.15,0.8544951401256651,0.8879400894910798,0.9112275186923547,0.91518743067102,0.9200585960930374,0.9074468473123155,0.9235278908928192,0.9299068220593466,1.0,0.9124435225389276,0.9189409147537192,0.915865654526285
6,9,1.920882675824342,0.30701859628074385,3334,2.148245414098104,0.31334332833583206,667,2.148545814465873,0.2873,0.9509168921788566,0.08292597295321202,,,0.8526251879811053,,0.8526761400207952,0.14732385997920483,0.9915450740569026,0.14388646898919252,10,0.025,0.15,0.8476340953733814,0.8801561212948644,0.9037334580335074,0.9064104648033185,0.9101481898160804,0.91222330454788,0.9146974989005325,0.922117487531516,0.9124435225389276,1.0,0.9206357271041387,0.9143236416086524
