round,client_id,client_i_training_loss,client_i_training_accuracy,client_i_training_dataset_size,client_i_evaluation_loss,client_i_evaluation_accuracy,client_i_evaluation_dataset_size,client_i_central_evaluation_loss,client_i_central_evaluation_accuracy,client_i_cosine_similarity,client_i_importance_coefficient,client_i_tanh_val,tanh_normalization_value,client_i_q,client_i_mask_order,client_i_v_nonzero_fraction,client_i_v_sparsity,client_i_v_cosine_similarity,client_i_reward_gradient_norm,local_epochs,learning_rate,gamma,client_0_cosine_similarity,client_1_cosine_similarity,client_2_cosine_similarity,client_3_cosine_similarity,client_4_cosine_similarity,client_5_cosine_similarity,client_6_cosine_similarity,client_7_cosine_similarity,client_8_cosine_similarity,client_9_cosine_similarity,client_10_cosine_similarity,client_11_cosine_similarity
0,0,2.2280136872220924,0.15257852447041637,6845,2.2989459471269087,0.09642074506939372,1369,2.2980129930037485,0.1075,0.8873282931827585,0.07863757458140565,,,0.75,,0.7500041260253173,0.2499958739746827,0,0.14080556250027318,10,0.025,0.15,1.0,0.9125782961495631,0.8651539652385366,0.8522112711238691,0.8215685592549679,0.8173444655131049,0.7884370794197367,0.7585471123950557,0.7568146533286426,0.7362931083043351,0.7390882426423364,0.7169536937532361
0,1,2.2753980669864386,0.14718875502008033,5478,2.2981468041737876,0.09945255474452555,1096,2.2980040266544006,0.1074,0.9590469406518307,0.08499348651676993,,,0.9518593154803798,,0.9518987968510175,0.048101203148982474,0,0.14089864736146063,10,0.025,0.15,0.9125782961495631,1.0,0.9479702304035001,0.9407868474874578,0.901350881869887,0.9044756142265482,0.8815492815385764,0.850075071539099,0.867290888170832,0.8508137741151678,0.8234403724825152,0.8196499772887816
0,2,2.285722263863212,0.11844398340248963,4820,2.2983113527297974,0.11618257261410789,964,2.2980040236364436,0.1074,0.9612849273207426,0.08519182330478949,,,0.9581583530805462,,0.9581951114852041,0.04180488851479591,0,0.14089871998863746,10,0.025,0.15,0.8651539652385366,0.9479702304035001,1.0,0.9381299211413959,0.9112609887269544,0.938656448610769,0.8861348146798826,0.8450460093649514,0.8751153206640949,0.8510772017817247,0.8580142040876508,0.8712620675552737
0,3,2.2912925073078703,0.1399682251475261,4406,2.299807241984776,0.09988649262202043,881,2.2980039994927903,0.1074,0.9725979541312154,0.08619441614036671,,,0.9899999999682407,,0.9900232707827895,0.00997672921721049,0,0.14089889226217897,10,0.025,0.15,0.8522112711238691,0.9407868474874578,0.9381299211413959,1.0,0.9226011955476845,0.9369975518876729,0.9020810321323558,0.8878475592732334,0.908983367951274,0.8966582764684872,0.8965816145706031,0.8837608538829054
0,4,2.293509403142062,0.14197470817120622,4112,2.2951720782688687,0.12287104622871046,822,2.2980040326903137,0.1074,0.9563948618314086,0.08475845169635567,,,0.944394774051022,,0.9444471951279894,0.05555280487201064,0,0.14089851277075383,10,0.025,0.15,0.8215685592549679,0.901350881869887,0.9112609887269544,0.9226011955476845,1.0,0.9252376039986785,0.9067006933531171,0.9200284440553506,0.8814696856429687,0.85508729480579,0.8902815867587743,0.878896211681632
0,5,2.293026238103067,0.10766263821033685,3889,2.298534938267299,0.10668380462724936,778,2.29800397233118,0.1074,0.9618700931273877,0.08524368237444395,,,0.9598053608440826,,0.9598455216121207,0.04015447838787933,0,0.14089873674888226,10,0.025,0.15,0.8173444655131049,0.9044756142265482,0.938656448610769,0.9369975518876729,0.9252376039986785,1.0,0.9214366491057343,0.8908958117493917,0.8740968062034765,0.8553431651282979,0.904391230064905,0.9162734765769417
0,6,2.2953585032759043,0.11678792778226893,3711,2.29725190003713,0.12398921832884097,742,2.2980043737194205,0.1074,0.9479611949196879,0.08401103598126972,,,0.9206573739484384,,0.9207060454522948,0.07929395454770516,0,0.14089681537421106,10,0.025,0.15,0.7884370794197367,0.8815492815385764,0.8861348146798826,0.9020810321323558,0.9067006933531171,0.9214366491057343,1.0,0.9311775748732283,0.889820610156128,0.8926707923415299,0.8939184688357245,0.878045752243058
0,7,2.2962849489280157,0.11818181818181818,3564,2.298967798550924,0.09817671809256662,713,2.2980035256735887,0.1074,0.9356589315205694,0.08292077416610971,,,0.8860314216160794,,0.8860886930402205,0.11391130695977947,0,0.14088675342424617,10,0.025,0.15,0.7585471123950557,0.850075071539099,0.8450460093649514,0.8878475592732334,0.9200284440553506,0.8908958117493917,0.9311775748732283,1.0,0.9117284182728287,0.8796240887776182,0.9194857725850603,0.8841607573211732
0,8,2.295370654706602,0.14809648358035454,3441,2.2979530096054077,0.11627906976744186,688,2.2980035649070256,0.1074,0.9364478612234921,0.08299069137581631,,,0.8882519432713821,,0.888291990559654,0.11170800944034598,0,0.1408869584493299,10,0.025,0.15,0.7568146533286426,0.867290888170832,0.8751153206640949,0.908983367951274,0.8814696856429687,0.8740968062034765,0.889820610156128,0.9117284182728287,1.0,0.9214349262550738,0.8945646063149395,0.8987651660543747
0,9,2.2966550332528572,0.13944211157768446,3334,2.299922982851664,0.11394302848575712,667,2.298004102103318,0.1074,0.9182357526566952,0.08137668215655752,,,0.8369921398801746,,0.837038504068261,0.16296149593173903,0,0.14087562945865703,10,0.025,0.15,0.7362931083043351,0.8508137741151678,0.8510772017817247,0.8966582764684872,0.85508729480579,0.8553431651282979,0.8926707923415299,0.8796240887776182,0.9214349262550738,1.0,0.8722196191803346,0.8707914538367387
0,10,2.297677611387693,0.12992903424868868,3241,2.304955085118612,0.08487654320987655,648,2.2980036886432504,0.1074,0.9271719998059609,0.08216863797164559,,,0.8621441023916282,,0.8621825023518345,0.13781749764816553,0,0.1408818222265923,10,0.025,0.15,0.7390882426423364,0.8234403724825152,0.8580142040876508,0.8965816145706031,0.8902815867587743,0.904391230064905,0.8939184688357245,0.9194857725850603,0.8945646063149395,0.8722196191803346,1.0,0.9149836024433022
0,11,2.2973686084747316,0.11009813232035454,3159,2.2961005687713625,0.12025316455696203,632,2.2980039240438725,0.1074,0.9197710401873611,0.08151274373446979,,,0.8413133603847781,,0.8413460744995132,0.15865392550048685,0,0.14087671968932877,10,0.025,0.15,0.7169536937532361,0.8196499772887816,0.8712620675552737,0.8837608538829054,0.878896211681632,0.9162734765769417,0.878045752243058,0.8841607573211732,0.8987651660543747,0.8707914538367387,0.9149836024433022,1.0
1,0,2.092112214697732,0.22468955441928415,6845,2.289314486763694,0.13951789627465302,1369,2.288290482533129,0.1475,0.9154059286362841,0.07858644400647127,,,0.75,,0.7500041260253173,0.2499958739746827,0.8633084680531081,0.145728707607089,10,0.025,0.15,1.0,0.9486780629110553,0.9303823875887145,0.91523686893846,0.9079651936604511,0.8917848845983248,0.8791116280974003,0.8579297156630988,0.858755036113403,0.8421669564418073,0.8247202012595606,0.8206915082621092
1,1,2.14490863362024,0.20702811244979918,5478,2.2878456910451255,0.14051094890510948,1096,2.2882495952557913,0.1473,0.9619109664750578,0.08404186592658515,,,0.9405393397075639,,0.9405852354310046,0.059414764568995415,0.865450899990204,0.14581251489038127,10,0.025,0.15,0.9486780629110553,1.0,0.9652730874110921,0.9606029565849171,0.9572191330144415,0.9457100430540025,0.9338368852813812,0.9161205201343494,0.921740933719544,0.9053993845249324,0.8818967613122571,0.8787540683801363
1,2,2.1683910928274455,0.1912655601659751,4820,2.2879002690315247,0.1566390041493776,964,2.288249628453315,0.1473,0.9791869322916136,0.08472822748451123,,,0.9645116153560732,,0.9645574425244673,0.03544255747553271,0.865448999300077,0.14581299331669512,10,0.025,0.15,0.9303823875887145,0.9652730874110921,1.0,0.9710511162353997,0.9711473871288121,0.9695568978716329,0.955032828942909,0.9396898656133204,0.9480076431718741,0.9359515525579735,0.9191934877483785,0.9112135138081432
1,3,2.1831314883913313,0.20156604630049932,4406,2.2905427047184537,0.13053348467650397,881,2.2882495318787006,0.1473,0.9825129685939431,0.0854579974748851,,,0.9899999999650734,,0.9900232707827895,0.00997672921721049,0.8654540684426485,0.14581312865239054,10,0.025,0.15,0.91523686893846,0.9606029565849171,0.9710511162353997,1.0,0.9697416755109539,0.9720084049684012,0.9630957838188665,0.9488927379738744,0.9589547015339975,0.9448513461186703,0.9270760624693588,0.923252812439362
1,4,2.1961680181098706,0.1927772373540856,4112,2.2840378625052318,0.15936739659367397,822,2.288249688812449,0.1473,0.9836247064118736,0.08460441167436851,,,0.9601871500708185,,0.9602251159413114,0.039774884058688564,0.8654404118053912,0.14581294288139812,10,0.025,0.15,0.9079651936604511,0.9572191330144415,0.9711473871288121,0.9697416755109539,1.0,0.9722493681919333,0.9601560127287608,0.9557815992421974,0.9602413023837347,0.9512598622869336,0.9358655019135007,0.9266889805034443
1,5,2.1999716870246395,0.17120082283363333,3889,2.289858545575823,0.14781491002570693,778,2.2882495560223544,0.1473,0.9866019122393912,0.08500220318355221,,,0.9740806550299282,,0.974113317159314,0.02588668284068596,0.8654508500174669,0.1458130703619815,10,0.025,0.15,0.8917848845983248,0.9457100430540025,0.9695568978716329,0.9720084049684012,0.9722493681919333,1.0,0.974295714839999,0.9632919044640507,0.9671005592428426,0.9565827067561496,0.9469132169379072,0.9432569191956913
1,6,2.224827084870174,0.1658852061438965,3711,2.2875428597132363,0.1522911051212938,742,2.2882501837573472,0.1473,0.9846228561010238,0.08417380426981758,,,0.9451474974577333,,0.9451981317357363,0.0548018682642637,0.8654516578149342,0.14581266578798552,10,0.025,0.15,0.8791116280974003,0.9338368852813812,0.955032828942909,0.9630957838188665,0.9601560127287608,0.974295714839999,1.0,0.9749741648407066,0.9727751252534316,0.9640488929962002,0.9530105417160405,0.9505680140170893
1,7,2.2338193118572236,0.16719977553310886,3564,2.2890718380610147,0.1458625525946704,713,2.288248602348038,0.1471,0.9808671341034544,0.0833756929686755,,,0.9172721832181371,,0.9173309567427506,0.08266904325724944,0.8652871621098114,0.14581071609212856,10,0.025,0.15,0.8579297156630988,0.9161205201343494,0.9396898656133204,0.9488927379738744,0.9557815992421974,0.9632919044640507,0.9749741648407066,1.0,0.978371117295766,0.9717527378786249,0.9700192042960651,0.9615975614387219
1,8,2.2170057314413567,0.1790177274048242,3441,2.288774291674296,0.15406976744186046,688,2.288248339785805,0.1471,0.9836060532479121,0.08350834938542387,,,0.9219054208348305,,0.9219438530474823,0.07805614695251772,0.865303420115733,0.1458110758098672,10,0.025,0.15,0.858755036113403,0.921740933719544,0.9480076431718741,0.9589547015339975,0.9602413023837347,0.9671005592428426,0.9727751252534316,0.978371117295766,1.0,0.9756134537144685,0.966415579384511,0.9616770647679029
1,9,2.237190638206623,0.17159568086382723,3334,2.2903146743774414,0.1619190404797601,667,2.2882524170453036,0.1469,0.9755601972049504,0.08224575722274717,,,0.8778073692965287,,0.8778531465069069,0.12214685349309307,0.865048660329034,0.14580535828208294,10,0.025,0.15,0.8421669564418073,0.9053993845249324,0.9359515525579735,0.9448513461186703,0.9512598622869336,0.9565827067561496,0.9640488929962002,0.9717527378786249,0.9756134537144685,1.0,0.9653479421865321,0.9639052635078034
1,10,2.2465279606672435,0.16118481950015429,3241,2.296530803044637,0.12345679012345678,648,2.288250476499147,0.1469,0.9655458278763585,0.08240990161078757,,,0.8835403746940775,,0.8835965737485765,0.11640342625142353,0.8651215180542303,0.14580636880214384,10,0.025,0.15,0.8247202012595606,0.8818967613122571,0.9191934877483785,0.9270760624693588,0.9358655019135007,0.9469132169379072,0.9530105417160405,0.9700192042960651,0.966415579384511,0.9653479421865321,1.0,0.9704137714135138
1,11,2.253053282737732,0.14887622665400443,3159,2.2867626667022707,0.16455696202531644,632,2.2882526946973196,0.1469,0.9613112942157436,0.08186534479217494,,,0.8645208564659558,,0.8645590929345942,0.1354409070654058,0.8650967103807227,0.14580160010109036,10,0.025,0.15,0.8206915082621092,0.8787540683801363,0.9112135138081432,0.923252812439362,0.9266889805034443,0.9432569191956913,0.9505680140170893,0.9615975614387219,0.9616770647679029,0.9639052635078034,0.9704137714135138,1.0
2,0,2.013873744010925,0.2632432432432432,6845,2.2740062800320713,0.183345507669832,1369,2.2729973974107187,0.1863,0.921083541250337,0.07864609644838363,,,0.75,,0.7500041260253173,0.2499958739746827,0.9622208362936607,0.14619203521581325,10,0.025,0.15,1.0,0.9490162306516228,0.9294912978481742,0.9144798463703958,0.9084940994213219,0.8896816922856168,0.8891478368450842,0.8764270377291519,0.8662123404676579,0.8564819746179005,0.8510851408260871,0.8498058999730344
2,1,2.0577102367268054,0.2474990872581234,5478,2.2716543674468994,0.18156934306569342,1096,2.2729182454604135,0.188,0.9641107816843809,0.08342436896331071,,,0.932538944380703,,0.9325724942648248,0.0674275057351752,0.9626264759773879,0.14626181885648956,10,0.025,0.15,0.9490162306516228,1.0,0.9563133902222773,0.9513387107939727,0.9542207340296085,0.9392216635305549,0.9384058545014231,0.9309319086827451,0.9258244336160514,0.9139170305031644,0.9079398620729359,0.9120675923531985
2,2,2.07572886504625,0.24143153526970954,4820,2.2718606293201447,0.20643153526970953,964,2.2729185834715637,0.188,0.979999603946496,0.08436678585293933,,,0.9685410316752113,,0.9685761911835091,0.03142380881649087,0.9626514473259496,0.1462628545040577,10,0.025,0.15,0.9294912978481742,0.9563133902222773,1.0,0.9644047070448933,0.9636420835239163,0.9622904842034813,0.9617387530247008,0.9508902321085229,0.9521538483835551,0.9424467827143372,0.9384488236892975,0.9418155356369592
2,3,2.0851359074456353,0.24373581479800271,4406,2.2755895342145647,0.16912599318955732,881,2.2729184868969496,0.188,0.9833774560182142,0.08492851145462046,,,0.9899999999617981,,0.9900232707827895,0.00997672921721049,0.9626511753846824,0.14626294428260622,10,0.025,0.15,0.9144798463703958,0.9513387107939727,0.9644047070448933,1.0,0.9672173130139236,0.9647010847960424,0.9678849610380105,0.9570042035351499,0.9617491787251098,0.9511505347595096,0.9466498584207608,0.9557166862749332
2,4,2.0877655256878245,0.2394455252918288,4112,2.2665915489196777,0.20681265206812652,822,2.2729185864895203,0.188,0.98559837383218,0.08447253669235308,,,0.9725809114714463,,0.9726196959944546,0.027380304005545364,0.9626571748011549,0.14626289143829574,10,0.025,0.15,0.9084940994213219,0.9542207340296085,0.9636420835239163,0.9672173130139236,1.0,0.966349718467495,0.9688220542680115,0.9658323290411178,0.9667621472220612,0.9554892748900171,0.9533190923710387,0.9582357861435288
2,5,2.0929988934147743,0.23322190794548728,3889,2.2755281584603444,0.18251928020565553,778,2.272918529148343,0.188,0.983170070253686,0.08463964351867982,,,0.9789647046898535,,0.978998531134987,0.021001468865012973,0.962653896171824,0.14626292436055763,10,0.025,0.15,0.8896816922856168,0.9392216635305549,0.9622904842034813,0.9647010847960424,0.966349718467495,1.0,0.972259569579039,0.9623780757339291,0.965868680069433,0.9563161719980373,0.9568213162616757,0.9631700643193777
2,6,2.121409202033076,0.22939908380490434,3711,2.2723512252171836,0.192722371967655,742,2.2729194164276123,0.188,0.9865404457346241,0.08423670294457657,,,0.9635716213495482,,0.9636002046508557,0.03639979534914428,0.962634730792873,0.14626279557009192,10,0.025,0.15,0.8891478368450842,0.9384058545014231,0.9617387530247008,0.9678849610380105,0.9688220542680115,0.972259569579039,1.0,0.9719585609670734,0.9717980393373525,0.9666718858479794,0.9615848766805493,0.9686324911295444
2,7,2.1348080009222032,0.22225028058361393,3564,2.273982803026835,0.18092566619915848,713,2.2729180372214017,0.187,0.9829930938167656,0.08362715610686651,,,0.9402857924315449,,0.9403294218613325,0.059670578138667496,0.9626038816434593,0.14626226460874614,10,0.025,0.15,0.8764270377291519,0.9309319086827451,0.9508902321085229,0.9570042035351499,0.9658323290411178,0.9623780757339291,0.9719585609670734,1.0,0.9754876676802153,0.9683752058923436,0.969853447437896,0.9686753825220098
2,8,2.109527321215029,0.23010752688172043,3441,2.274617830912272,0.18895348837209303,688,2.2729179919520512,0.187,0.9831658169111027,0.08371488992992072,,,0.9436373885150187,,0.9436880064696077,0.05631199353039229,0.9626003234352157,0.1462623844480678,10,0.025,0.15,0.8662123404676579,0.9258244336160514,0.9521538483835551,0.9617491787251098,0.9667621472220612,0.965868680069433,0.9717980393373525,0.9754876676802153,1.0,0.969514372079302,0.9701499823701726,0.9736175634734574
2,9,2.1344140821033055,0.21685662867426514,3334,2.2753066221872964,0.20089955022488756,667,2.2729236204412917,0.1868,0.9759216080019133,0.08269742523084024,,,0.90476833457668,,0.9048208479807233,0.09517915201927674,0.9625899768856794,0.1462596306067113,10,0.025,0.15,0.8564819746179005,0.9139170305031644,0.9424467827143372,0.9511505347595096,0.9554892748900171,0.9563161719980373,0.9666718858479794,0.9683752058923436,0.969514372079302,1.0,0.9650433181823339,0.9697015166650959
2,10,2.1426731714835534,0.21443998765813022,3241,2.283703406651815,0.1574074074074074,648,2.272920336904405,0.1869,0.9739390999103966,0.08273443935891062,,,0.9061823434771836,,0.9062319486392368,0.09376805136076316,0.9626043110585218,0.1462597937279692,10,0.025,0.15,0.8510851408260871,0.9079398620729359,0.9384488236892975,0.9466498584207608,0.9533190923710387,0.9568213162616757,0.9615848766805493,0.969853447437896,0.9701499823701726,0.9650433181823339,1.0,0.9709656408432739
2,11,2.1578556203842165,0.21253561253561254,3159,2.2723052501678467,0.19936708860759494,632,2.272925346712523,0.1871,0.9774402996788341,0.08251144349859824,,,0.8976634846604195,,0.8977075803337129,0.1022924196662871,0.9625600268830836,0.14625879308815665,10,0.025,0.15,0.8498058999730344,0.9120675923531985,0.9418155356369592,0.9557166862749332,0.9582357861435288,0.9631700643193777,0.9686324911295444,0.9686753825220098,0.9736175634734574,0.9697015166650959,0.9709656408432739,1.0
3,0,1.9631416543766305,0.28549306062819574,6845,2.2520399527116255,0.20452885317750183,1369,2.251276800904093,0.2061,0.9249645274278776,0.078941486772278,,,0.75,,0.7500041260253173,0.2499958739746827,0.9845778352080464,0.14553617365473043,10,0.025,0.15,1.0,0.9506162084310301,0.9288009699269114,0.9099028893681883,0.9096108052596544,0.8861233603718497,0.8899389200389726,0.8846233811319035,0.8627575545418907,0.8532293418126438,0.8545063131078221,0.8492589628471641
3,1,1.9984301303708276,0.2753742241694049,5478,2.2485191822052,0.20985401459854014,1096,2.2511515104317965,0.2066,0.9579470386078368,0.08298017735709458,,,0.9237528502282861,,0.9237923123896288,0.07620768761037122,0.9851357136416659,0.14561385809639502,10,0.025,0.15,0.9506162084310301,1.0,0.9474800843194021,0.937134240214607,0.9470697184323413,0.9272747565290266,0.9263196968848831,0.9239330559564577,0.9088119156602059,0.8964455831086297,0.8966057401138293,0.8975208319143702
3,2,2.0176919209329705,0.2712863070539419,4820,2.249324858188629,0.21473029045643152,964,2.251150260997724,0.2066,0.9733561653844771,0.0840672704129384,,,0.970521849474318,,0.9705649353864435,0.029435064613556494,0.985157524785824,0.14561509448336957,10,0.025,0.15,0.9288009699269114,0.9474800843194021,1.0,0.951555929811918,0.9543759085138137,0.9481720241832702,0.9496662992189019,0.9400763194673557,0.9360026268627445,0.926744740375624,0.9251042977832965,0.9285195999080577
3,3,2.026218877179282,0.2697231048570132,4406,2.2541640826634,0.1872871736662883,881,2.2511500557766686,0.2066,0.9765582858887784,0.08452001822605688,,,0.989999999956978,,0.9900232707827895,0.00997672921721049,0.9851593229099985,0.14561518007059127,10,0.025,0.15,0.9099028893681883,0.937134240214607,0.951555929811918,1.0,0.9585879220998145,0.9511870807761866,0.955027381774884,0.9471440885536332,0.9483705372910973,0.9307550552326835,0.9370239637890145,0.9457756451071307
3,4,2.025257940725847,0.2693579766536965,4112,2.2418740476880754,0.23357664233576642,822,2.2511502459079407,0.2066,0.9845608433358832,0.08449845054488503,,,0.989072113554758,,0.9890990411117163,0.010900958888283685,0.9851603595395697,0.1456151795473665,10,0.025,0.15,0.9096108052596544,0.9470697184323413,0.9543759085138137,0.9585879220998145,1.0,0.958557142118387,0.9632105827613394,0.9646134098992072,0.9571102572708563,0.9485802037697685,0.9526802484677158,0.9514550851355029
3,5,2.027864875716548,0.2682180509128311,3889,2.254504782812936,0.2185089974293059,778,2.251150031633015,0.2066,0.9789537826854557,0.08441909169230259,,,0.9856579310276579,,0.9856909441996337,0.014309055800366344,0.9851577705836109,0.14561517607525648,10,0.025,0.15,0.8861233603718497,0.9272747565290266,0.9481720241832702,0.9511870807761866,0.958557142118387,1.0,0.964633349503424,0.9562839907316399,0.9554328455603214,0.9452046799873102,0.9526156056839645,0.953904181737285
3,6,2.0512120140009915,0.26588520614389655,3711,2.250936269760132,0.20350404312668463,742,2.25115120561817,0.2066,0.9823524197598126,0.08428017520681151,,,0.9796814555361917,,0.9797164595401957,0.020283540459804295,0.9851600801632282,0.1456151599102404,10,0.025,0.15,0.8899389200389726,0.9263196968848831,0.9496662992189019,0.955027381774884,0.9632105827613394,0.964633349503424,1.0,0.9635868824592698,0.961480559073951,0.948635849926234,0.9564930644804345,0.9602824083375626
3,7,2.0680962192160743,0.25390011223344555,3564,2.2525672912597656,0.19635343618513323,713,2.251151450072663,0.2062,0.9803787774800726,0.083837865127775,,,0.9606523580345856,,0.960687230776848,0.03931276922315197,0.9851500847812432,0.14561499224243868,10,0.025,0.15,0.8846233811319035,0.9239330559564577,0.9400763194673557,0.9471440885536332,0.9646134098992072,0.9562839907316399,0.9635868824592698,1.0,0.9668945889077311,0.9497419960468442,0.960004821628802,0.9597360868362923
3,8,2.0399678331834297,0.25905260098808486,3441,2.2548527320226035,0.2005813953488372,688,2.251151407821269,0.2063,0.9767148825556107,0.08377270319301475,,,0.9578489563742683,,0.9578897856117246,0.042110214388275446,0.9851511004168583,0.14561495906164498,10,0.025,0.15,0.8627575545418907,0.9088119156602059,0.9360026268627445,0.9483705372910973,0.9571102572708563,0.9554328455603214,0.961480559073951,0.9668945889077311,1.0,0.9511945020900393,0.9610390503093096,0.9638392439940776
3,9,2.065771030055152,0.2533593281343731,3334,2.254238168398539,0.2128935532233883,667,2.2511614817607253,0.2063,0.9662564364606684,0.08280062589611294,,,0.9160281737637161,,0.9160683929956595,0.08393160700434055,0.985109110475871,0.14561339905548767,10,0.025,0.15,0.8532293418126438,0.8964455831086297,0.926744740375624,0.9307550552326835,0.9485802037697685,0.9452046799873102,0.948635849926234,0.9497419960468442,0.9511945020900393,1.0,0.9480635021386521,0.9533105916279152
3,10,2.07313449382782,0.24850354828756557,3241,2.265282074610392,0.17901234567901234,648,2.251156167138981,0.2063,0.9711217959097492,0.08298233407674582,,,0.9238456367834028,,0.9238913369972438,0.0761086630027562,0.9851122149865443,0.14561385852302502,10,0.025,0.15,0.8545063131078221,0.8966057401138293,0.9251042977832965,0.9370239637890145,0.9526802484677158,0.9526156056839645,0.9564930644804345,0.960004821628802,0.9610390503093096,0.9480635021386521,1.0,0.9641643774911883
3,11,2.082698795795441,0.2547008547008547,3159,2.2520955085754393,0.21360759493670886,632,2.2511634947378423,0.2062,0.9728294241882405,0.08289980149398453,,,0.9202949137977429,,0.9203429552243733,0.07965704477562674,0.9850797710308745,0.1456136676860982,10,0.025,0.15,0.8492589628471641,0.8975208319143702,0.9285195999080577,0.9457756451071307,0.9514550851355029,0.953904181737285,0.9602824083375626,0.9597360868362923,0.9638392439940776,0.9533105916279152,0.9641643774911883,1.0
4,0,1.919481259805185,0.30505478451424395,6845,2.2236456004056064,0.2264426588750913,1369,2.223271149623243,0.2248,0.9272661506145363,0.0792788828490258,,,0.75,,0.7500041260253173,0.2499958739746827,0.9878038731881135,0.1451344147127105,10,0.025,0.15,1.0,0.9510546280857147,0.9299401065081672,0.9122483254020229,0.9061994995243298,0.885446496699789,0.8907879586513664,0.886893078092675,0.8589532527514001,0.8519904023894229,0.8586422722695978,0.8457941414386873
4,1,1.9508064644281253,0.29330047462577585,5478,2.218722343444824,0.23448905109489052,1096,2.22308483908448,0.2256,0.9578188088678908,0.08278325623948476,,,0.9122482528400332,,0.9122889538050205,0.08771104619497949,0.9884034483932664,0.145224064893626,10,0.025,0.15,0.9510546280857147,1.0,0.945778857069543,0.9362843762926715,0.9408034982553449,0.9233339729010296,0.9245280273122253,0.9240946180890053,0.9026893844916674,0.8915069074417462,0.89689355704611,0.891932391904598
4,2,1.9735228817713888,0.2895228215767635,4820,2.220393121242523,0.22406639004149378,964,2.2230809066869037,0.2256,0.971748773485251,0.0839129078888317,,,0.9645497589875837,,0.9645904507270057,0.035409549272994334,0.9884326033214358,0.14522732341938205,10,0.025,0.15,0.9299401065081672,0.945778857069543,1.0,0.9492282946281594,0.948458938669113,0.9409486326233575,0.945249171427203,0.9366561777250944,0.9272335583722775,0.9224580158485883,0.9220135529195713,0.9204461340724631
4,3,1.97971542767116,0.2899001361779392,4406,2.22651938029698,0.2122587968217934,881,2.2230809549742108,0.2257,0.9747176254019919,0.0842908569552214,,,0.9820483439988743,,0.982084798072321,0.017915201927679036,0.9884268291855166,0.14522745535270923,10,0.025,0.15,0.9122483254020229,0.9362843762926715,0.9492282946281594,1.0,0.9539524274049427,0.9445694364662631,0.9471038874997033,0.9401765079455521,0.9369774717892821,0.930017472917112,0.9345745514793004,0.9364898747078293
4,4,1.9717085003852843,0.28647859922178986,4112,2.210402114050729,0.25790754257907544,822,2.223081172267093,0.2256,0.9803854988412481,0.08446260346743595,,,0.9899999999537011,,0.9900232707827895,0.00997672921721049,0.9884268942288686,0.14522746835656464,10,0.025,0.15,0.9061994995243298,0.9408034982553449,0.948458938669113,0.9539524274049427,1.0,0.9504000442797226,0.9553263419125565,0.9555626096577587,0.9468431266062516,0.9414647202068707,0.9454087558638127,0.9426082780260086
4,5,1.9798595528448781,0.287040370275135,3889,2.2271949904305592,0.2352185089974293,778,2.223080758807025,0.2257,0.9746155456173773,0.08422488740445688,,,0.9789940335246178,,0.97903979138816,0.020960208611840003,0.9884276750332438,0.14522744343521288,10,0.025,0.15,0.885446496699789,0.9233339729010296,0.9409486326233575,0.9445694364662631,0.9504000442797226,1.0,0.9590695963246857,0.9477461729846427,0.9429208515846755,0.9386879734133267,0.9436122923444081,0.9423342739380632
4,6,2.0003853304632777,0.28574508218808947,3711,2.223065495491028,0.21159029649595687,742,2.2230822345878503,0.2257,0.9794117961164541,0.08429533683679592,,,0.9822557571017062,,0.9822910993381856,0.01770890066181441,0.9884273046289593,0.14522745540974355,10,0.025,0.15,0.8907879586513664,0.9245280273122253,0.945249171427203,0.9471038874997033,0.9553263419125565,0.9590695963246857,1.0,0.9567509928928922,0.9522211395457956,0.9441718794271403,0.9500831968831843,0.9497104262578365
4,7,2.017255589365959,0.27530864197530863,3564,2.224733829498291,0.2187938288920056,713,2.2230845191810706,0.2254,0.9774493533576182,0.08395673810584765,,,0.9665790450653172,,0.9666122031324784,0.03338779686752158,0.9884290301125885,0.1452273430386534,10,0.025,0.15,0.886893078092675,0.9240946180890053,0.9366561777250944,0.9401765079455521,0.9555626096577587,0.9477461729846427,0.9567509928928922,1.0,0.9586072224133353,0.9458489936489375,0.9522260752780483,0.947958090639544
4,8,1.9910598428161055,0.2803545480964836,3441,2.2296820481618247,0.21220930232558138,688,2.2230844829655902,0.2254,0.9710502966393962,0.08370728409067035,,,0.9550296256351156,,0.9550758363453318,0.044924163654668225,0.9884275192708465,0.14522718287908823,10,0.025,0.15,0.8589532527514001,0.9026893844916674,0.9272335583722775,0.9369774717892821,0.9468431266062516,0.9429208515846755,0.9522211395457956,0.9586072224133353,1.0,0.9467866464945057,0.9530850785879366,0.9507152091970903
4,9,2.0053914335038927,0.27615476904619074,3334,2.226885676383972,0.23238380809595202,667,2.2230988846549504,0.2255,0.9648465262262927,0.08290137457413489,,,0.9177169889848558,,0.9177600633757489,0.08223993662425111,0.9884087736881728,0.1452246139645956,10,0.025,0.15,0.8519904023894229,0.8915069074417462,0.9224580158485883,0.930017472917112,0.9414647202068707,0.9386879734133267,0.9441718794271403,0.9458489936489375,0.9467866464945057,1.0,0.9429627742955322,0.9496589999942233
4,10,2.022318227016009,0.26976241900647946,3241,2.2406877676645913,0.20679012345679013,648,2.2230900239340867,0.2256,0.9689607920569444,0.08314852869367133,,,0.9291599260263769,,0.9291974055552805,0.07080259444471948,0.9884158709792371,0.14522547644250675,10,0.025,0.15,0.8586422722695978,0.89689355704611,0.9220135529195713,0.9345745514793004,0.9454087558638127,0.9436122923444081,0.9500831968831843,0.9522260752780483,0.9530850785879366,0.9429627742955322,1.0,0.9538043642730196
4,11,2.026829861164093,0.2797404241848686,3159,2.226118803024292,0.22626582278481014,632,2.2231014378463168,0.2253,0.9671249138468413,0.08303734289442334,,,0.9240121578925006,,0.9240563780099355,0.07594362199006455,0.9884126611047721,0.14522510975167865,10,0.025,0.15,0.8457941414386873,0.891932391904598,0.9204461340724631,0.9364898747078293,0.9426082780260086,0.9423342739380632,0.9497104262578365,0.947958090639544,0.9507152091970903,0.9496589999942233,0.9538043642730196,1.0
5,0,1.8792176986182179,0.31983929875821765,6845,2.189818599007346,0.25639152666179693,1369,2.190086591092846,0.2591,0.9315227267097527,0.07971102456132813,,,0.75,,0.7500041260253173,0.2499958739746827,0.9887812666841728,0.1447288571046633,10,0.025,0.15,1.0,0.9488837028545867,0.9311784111588017,0.9136600761374547,0.9046792021189514,0.8891539740457877,0.8945285993843283,0.8895265059037835,0.8604211519815538,0.8498363101806916,0.8649693225263295,0.850065668677904
5,1,1.9107139595719271,0.311482292807594,5478,2.183490938610501,0.27007299270072993,1096,2.1898081574258925,0.2585,0.9568391612618268,0.08271592283154096,,,0.902079851139548,,0.9021141753725801,0.0978858246274199,0.9894913244098028,0.14481493391333786,10,0.025,0.15,0.9488837028545867,1.0,0.9404309066382902,0.9320023173082287,0.937864116848508,0.9196960509487498,0.9231616846393518,0.9209596920335261,0.8969711632603831,0.8794717399564833,0.8971074995514895,0.8900958944799788
5,2,1.929575740663629,0.309253112033195,4820,2.186281979084015,0.25933609958506226,964,2.1898006064982356,0.2585,0.9699207811021027,0.08384546305276301,,,0.9592466146211667,,0.9592926342196035,0.040707365780396465,0.989539897332902,0.14481936432279066,10,0.025,0.15,0.9311784111588017,0.9404309066382902,1.0,0.9440539557637977,0.9422497929490526,0.9361221216271202,0.941696092994847,0.9333165251199653,0.920579162256843,0.9117075750557205,0.9196222708598215,0.9150970330661985
5,3,1.9395848890713283,0.30442578302315026,4406,2.193786587033953,0.24517593643586832,881,2.1897997946678838,0.2585,0.9726099707752428,0.08416819607598837,,,0.9755803423271807,,0.9756151903748081,0.02438480962519185,0.9895523967358053,0.14481969678413126,10,0.025,0.15,0.9136600761374547,0.9320023173082287,0.9440539557637977,1.0,0.9477380080081573,0.9399635970522229,0.9416272456899695,0.9353554593993569,0.9319760233673355,0.9162785522399852,0.9320570402802625,0.9312633179690991
5,4,1.9336185057957966,0.3033073929961089,4112,2.173471621104649,0.28832116788321166,822,2.1897999244400217,0.2585,0.9780603656893289,0.08445310958636705,,,0.9899999999493894,,0.9900232707827895,0.00997672921721049,0.9895535787291356,0.14481976293587728,10,0.025,0.15,0.9046792021189514,0.937864116848508,0.9422497929490526,0.9477380080081573,1.0,0.9471229379758976,0.9514620170063834,0.9498939647248805,0.9387984935179365,0.9291699077928397,0.9424492605186267,0.9369811352489571
5,5,1.9384943043032,0.3058884031884803,3889,2.1945258549281528,0.2686375321336761,778,2.1897995079619976,0.2585,0.973216734725868,0.08414705189748492,,,0.9745102217340317,,0.9745424237923124,0.025457576207687627,0.9895520823299299,0.14481968600268402,10,0.025,0.15,0.8891539740457877,0.9196960509487498,0.9361221216271202,0.9399635970522229,0.9471229379758976,1.0,0.9535412664131918,0.9434969182721843,0.9366238711502141,0.9289608442830734,0.9387279551654512,0.9383195553574254
5,6,1.9564605889649227,0.303260576663972,3711,2.1898444493611655,0.238544474393531,742,2.189801007886476,0.2585,0.9768464299157535,0.0843095014675183,,,0.9827318998764367,,0.9827614662243568,0.017238533775643217,0.9895537804329473,0.1448197495515448,10,0.025,0.15,0.8945285993843283,0.9231616846393518,0.941696092994847,0.9416272456899695,0.9514620170063834,0.9535412664131918,1.0,0.9513193556480712,0.9429295921054673,0.9274059579014854,0.9435437837064876,0.9426251308537209
5,7,1.9720626656498228,0.29118967452300787,3564,2.1913997332255044,0.26227208976157085,713,2.1898072399670565,0.2582,0.9739594304530477,0.08400474713327113,,,0.9673080852848174,,0.9673466356389563,0.03265336436104371,0.9895441022309601,0.14481955916598555,10,0.025,0.15,0.8895265059037835,0.9209596920335261,0.9333165251199653,0.9353554593993569,0.9498939647248805,0.9434969182721843,0.9513193556480712,1.0,0.9497465971009981,0.9227076406151603,0.9438815910281686,0.9403254933468732
5,8,1.9486910166563811,0.296803254867771,3441,2.1998263200124106,0.23401162790697674,688,2.189808800250669,0.2582,0.9663548897398987,0.0836011219299051,,,0.9468803518561815,,0.9469310623689987,0.05306893763100129,0.9895366538555133,0.14481890248522913,10,0.025,0.15,0.8604211519815538,0.8969711632603831,0.920579162256843,0.9319760233673355,0.9387984935179365,0.9366238711502141,0.9429295921054673,0.9497465971009981,1.0,0.9252514894378621,0.9458758579483226,0.9423021244288768
5,9,1.9748746717417682,0.29067186562687464,3334,2.1944791873296103,0.2593703148425787,667,2.1898290175425856,0.2582,0.953352737505766,0.08267530662005787,,,0.9000242383231571,,0.9000841709164727,0.09991582908352725,0.9894943023813226,0.14481470763057902,10,0.025,0.15,0.8498363101806916,0.8794717399564833,0.9117075750557205,0.9162785522399852,0.9291699077928397,0.9289608442830734,0.9274059579014854,0.9227076406151603,0.9252514894378621,1.0,0.9213538906845359,0.9295227539341745
5,10,1.9798263325141026,0.2817957420549213,3241,2.210652748743693,0.24691358024691357,648,2.189817467822304,0.2583,0.9666818883495413,0.08326468427693604,,,0.929853023946791,,0.9298905778085854,0.07010942219141458,0.9895100850881603,0.14481778171257953,10,0.025,0.15,0.8649693225263295,0.8971074995514895,0.9196222708598215,0.9320570402802625,0.9424492605186267,0.9387279551654512,0.9435437837064876,0.9438815910281686,0.9458758579483226,0.9213538906845359,1.0,0.9462248634303566
5,11,1.983924518585205,0.296232985121874,3159,2.195389175415039,0.2610759493670886,632,2.189832895616942,0.2581,0.9638762140301442,0.0831038705668391,,,0.921714137737173,,0.921754055882887,0.07824594411711305,0.9895067941225819,0.1448171526148791,10,0.025,0.15,0.850065668677904,0.8900958944799788,0.9150970330661985,0.9312633179690991,0.9369811352489571,0.9383195553574254,0.9426251308537209,0.9403254933468732,0.9423021244288768,0.9295227539341745,0.9462248634303566,1.0
6,0,1.8421055418473702,0.3337618699780862,6845,2.151212540539828,0.28195763330898466,1369,2.1521988277193866,0.2865,0.9352630848861861,0.08012530046962509,,,0.75,,0.7500041260253173,0.2499958739746827,0.9903275329692218,0.14461026164953575,10,0.025,0.15,1.0,0.9461332846115101,0.9312748802229773,0.9161170669062555,0.9021914205728091,0.8909723621959255,0.9001650688981447,0.8933961839436024,0.864159908416073,0.8596150204978346,0.870518103737804,0.8562773108695584
6,1,1.8712377573168555,0.32535596933187294,5478,2.1434562471177845,0.30383211678832117,1096,2.1517989514749263,0.2862,0.9560743332097689,0.08267333566577817,,,0.895000025231375,,0.8950504200293773,0.10494957997062271,0.9908111390556583,0.14469421470675156,10,0.025,0.15,0.9461332846115101,1.0,0.9370350251951433,0.9320970288622679,0.9315885281122881,0.9174785034508175,0.9201808209314375,0.9188170034817642,0.8932988625560285,0.8855565363471073,0.8948172754141464,0.89172925845553
6,2,1.8963107620414934,0.3213278008298755,4820,2.1471450328826904,0.2946058091286307,964,2.1517878272865394,0.2862,0.9692242573466688,0.083805372133248,,,0.9594203741314928,,0.9594576752322952,0.04054232476770481,0.9908706517325734,0.14470129817126792,10,0.025,0.15,0.9312748802229773,0.9370350251951433,1.0,0.9404572318090676,0.9369733078698962,0.9340229998511129,0.9402587236325535,0.9310089985496793,0.9174436426020758,0.9150805760844852,0.9218447775984993,0.9136449009179242
6,3,1.9001544850213188,0.3183613254652746,4406,2.1562351499285017,0.2758229284903519,881,2.151788017417811,0.2861,0.9704267952524761,0.0840452622566586,,,0.9730717059497547,,0.973106566981895,0.026893433018104984,0.9908631281065188,0.1447015029583823,10,0.025,0.15,0.9161170669062555,0.9320970288622679,0.9404572318090676,1.0,0.9404472175838229,0.936402826132064,0.9361688321659561,0.9322662309446221,0.9245897917175792,0.9168105102021112,0.9297148970460795,0.9269698445025456
6,4,1.896891102285096,0.31532101167315174,4112,2.131581885474069,0.3150851581508516,822,2.151788379572615,0.2862,0.974108520803109,0.08434273730079757,,,0.9899999999430933,,0.9900232707827895,0.00997672921721049,0.99086326145309,0.1447015802823229,10,0.025,0.15,0.9021914205728091,0.9315885281122881,0.9369733078698962,0.9404472175838229,1.0,0.9429295062436075,0.946623372923534,0.9474395135264646,0.9341607383042598,0.926911514535877,0.9320189194452368,0.932343534450386
6,5,1.8984119180710084,0.3217536641810234,3889,2.157026086534773,0.29048843187660667,778,2.1517878242685824,0.2862,0.9716225827995665,0.08407123338079767,,,0.9745496343791329,,0.9745836840454853,0.025416315954514657,0.99086290413561,0.14470151700167241,10,0.025,0.15,0.8909723621959255,0.9174785034508175,0.9340229998511129,0.936402826132064,0.9429295062436075,1.0,0.9501633743650858,0.9426828891351602,0.9296483862758195,0.9308257184372009,0.9336572754752348,0.935795361490782
6,6,1.9153272649337505,0.31835084882780923,3711,2.151624083518982,0.27088948787061995,742,2.15178951734229,0.2861,0.9752357834230369,0.08429036346977847,,,0.9870195831769915,,0.9870525325543398,0.012947467445660221,0.9908625614648513,0.144701574990569,10,0.025,0.15,0.9001650688981447,0.9201808209314375,0.9402587236325535,0.9361688321659561,0.946623372923534,0.9501633743650858,1.0,0.9461563715312237,0.9367068849761226,0.9337736383734394,0.9386223677241953,0.937805691069605
6,7,1.9359214616673333,0.30454545454545456,3564,2.153612732887268,0.2861150070126227,713,2.151798393152937,0.2861,0.9731666422440234,0.08403330177737678,,,0.9723910757134602,,0.9724216467792246,0.027578353220775398,0.9908663553027344,0.1447014949472666,10,0.025,0.15,0.8933961839436024,0.9188170034817642,0.9310089985496793,0.9322662309446221,0.9474395135264646,0.9426828891351602,0.9461563715312237,1.0,0.9444798913342982,0.9341201100018527,0.937415702047496,0.9349089943709981
6,8,1.911772874991099,0.31069456553327524,3441,2.1658337910970054,0.25726744186046513,688,2.151799253270596,0.2861,0.9629083348845457,0.08344695298274367,,,0.939023958122405,,0.9390668581142414,0.0609331418857586,0.9908618540447074,0.14470039615541588,10,0.025,0.15,0.864159908416073,0.8932988625560285,0.9174436426020758,0.9245897917175792,0.9341607383042598,0.9296483862758195,0.9367068849761226,0.9444798913342982,1.0,0.9326340686332016,0.9345559657473437,0.9316248336420171
6,9,1.935741984402692,0.3050989802039592,3334,2.157813469568888,0.28785607196401797,667,2.1518260768697233,0.2865,0.9593703968101882,0.08275590037138365,,,0.8996985020868324,,0.8997293327391856,0.10027066726081435,0.9908093502545127,0.14469483268130265,10,0.025,0.15,0.8596150204978346,0.8855565363471073,0.9150805760844852,0.9168105102021112,0.926911514535877,0.9308257184372009,0.9337736383734394,0.9341201100018527,0.9326340686332016,1.0,0.9298921063219548,0.9379307813847498
