round,client_id,client_i_training_loss,client_i_training_accuracy,client_i_training_dataset_size,client_i_evaluation_loss,client_i_evaluation_accuracy,client_i_evaluation_dataset_size,client_i_central_evaluation_loss,client_i_central_evaluation_accuracy,client_i_cosine_similarity,client_i_importance_coefficient,client_i_tanh_val,tanh_normalization_value,client_i_q,client_i_mask_order,client_i_v_nonzero_fraction,client_i_v_sparsity,client_i_v_cosine_similarity,client_i_reward_gradient_norm,local_epochs,learning_rate,gamma,client_0_cosine_similarity,client_1_cosine_similarity,client_2_cosine_similarity,client_3_cosine_similarity,client_4_cosine_similarity,client_5_cosine_similarity,client_6_cosine_similarity,client_7_cosine_similarity,client_8_cosine_similarity,client_9_cosine_similarity,client_10_cosine_similarity,client_11_cosine_similarity
0,0,0.27592400072345413,0.9138300462624787,8214,2.204630435899247,0.2556610664718773,1369,2.210356850974476,0.2414,0.789876147260501,0.08583096258137718,,,0.9553836095101677,,0.9554038451884945,0.04459615481150547,0,0.38485754517664517,5,0.1,0.5,1.0,0.5393579102210373,0.5464582634631022,0.5463582882819756,0.5615356191442702,0.5642491023766529,0.5547292944238426,0.5707827882517006,0.5054385864313705,0.5084154045750654,0.5411197496711584,0.5615762272068192
0,1,0.3166807101316099,0.9006693033160937,6574,2.2120194094521657,0.2509124087591241,1096,2.210382332817053,0.2412,0.7774767391091709,0.08448359547735822,,,0.8943687501920757,,0.8943777922795041,0.10562220772049591,0,0.38483465077878287,5,0.1,0.5,0.5393579102210373,1.0,0.5567202194729661,0.5671512787982556,0.5649303862123127,0.5584503114924901,0.5362311725819376,0.5599407288058896,0.5212040851293022,0.5022879830473697,0.5493045644119324,0.5827249113774601
0,2,0.33796367134219707,0.8941725747881722,5783,2.2049222146311114,0.24896265560165975,964,2.210389755785275,0.2415,0.7704374526409696,0.08371867969208319,,,0.8597299135383296,,0.8597409768585914,0.1402590231414086,0,0.38479954286976814,5,0.1,0.5,0.5464582634631022,0.5567202194729661,1.0,0.5602175887470713,0.5757653850908896,0.5620796638344427,0.543235761689943,0.5543357565303435,0.5105108310482711,0.4981880976522372,0.5514059388057626,0.5770878936180798
0,3,0.3420483004144696,0.8926423302439948,5287,2.2157216327530995,0.23155505107832008,881,2.21037668161118,0.2413,0.7805291247685515,0.08481527937517293,,,0.9093888930342718,,0.9094021384468651,0.09059786155313487,0,0.3848439468147436,5,0.1,0.5,0.5463582882819756,0.5671512787982556,0.5602175887470713,1.0,0.597185863135976,0.578401734019702,0.5545340290458173,0.5819199940307913,0.5278820983699402,0.5132220816014212,0.5857582171878307,0.5772982353356014
0,4,0.33409125057740074,0.8935359675785207,4935,2.213971789066608,0.2396593673965937,822,2.2103553823769664,0.2414,0.7908142877388626,0.08593290451312637,,,0.9599999999547154,,0.9600020079313287,0.03999799206867127,0,0.38485805550802277,5,0.1,0.5,0.5615356191442702,0.5649303862123127,0.5757653850908896,0.597185863135976,1.0,0.5854397919156645,0.5910971536355063,0.5964241360014795,0.5295652759553487,0.5304288176916955,0.5936619606195399,0.5911690557518579
0,5,0.3618187635116381,0.8878937218770088,4667,2.205232410430908,0.2365038560411311,778,2.21038204641007,0.2412,0.7780115331565702,0.08454170824355615,,,0.8970003583436894,,0.8970182219768084,0.10298177802319164,0,0.3848366505009633,5,0.1,0.5,0.5642491023766529,0.5584503114924901,0.5620796638344427,0.578401734019702,0.5854397919156645,1.0,0.5657380957542087,0.5807335623738277,0.520596239867158,0.5153988965786073,0.5835636335049831,0.6004202439849669
0,6,0.3735358774924784,0.8805748933303391,4453,2.2177308797836304,0.238544474393531,742,2.2104195931468147,0.2414,0.7640007540933281,0.08301924341450179,,,0.8280562843163426,,0.8280758998042267,0.1719241001957733,0,0.3847435259872585,5,0.1,0.5,0.5547292944238426,0.5362311725819376,0.543235761689943,0.5545340290458173,0.5910971536355063,0.5657380957542087,1.0,0.5699242228166821,0.5218323201152566,0.5205384137754071,0.5826338256662882,0.5744532246916018
0,7,0.3776437258542474,0.8839373392564882,4277,2.2023376796556557,0.2426367461430575,713,2.210383082350222,0.2414,0.7766246757186576,0.08439100701112619,,,0.8901759268518187,,0.8901962752873852,0.10980372471261479,0,0.3848315685927982,5,0.1,0.5,0.5707827882517006,0.5599407288058896,0.5543357565303435,0.5819199940307913,0.5964241360014795,0.5807335623738277,0.5699242228166821,1.0,0.5268532886911012,0.5152066172699626,0.5786811278273212,0.5960029822457402
0,8,0.4225786344993573,0.8740615161055946,4129,2.2096538760445337,0.2441860465116279,688,2.2113273524628663,0.2387,0.7183414551667032,0.07805772939581022,,,0.6033765523025303,,0.603393403945585,0.39660659605441495,0,0.38282749770890356,5,0.1,0.5,0.5054385864313705,0.5212040851293022,0.5105108310482711,0.5278820983699402,0.5295652759553487,0.520596239867158,0.5218323201152566,0.5268532886911012,1.0,0.4999071343747494,0.531582868117148,0.5374418406048772
0,9,0.4295328802022841,0.8698825293676581,4001,2.2146188758668446,0.21889055472263869,667,2.2118937656902276,0.2396,0.7074942998162418,0.076879036016818,,,0.55,,0.5500125495708047,0.4499874504291953,0,0.3816024260278339,5,0.1,0.5,0.5084154045750654,0.5022879830473697,0.4981880976522372,0.5132220816014212,0.5304288176916955,0.5153988965786073,0.5205384137754071,0.5152066172699626,0.4999071343747494,1.0,0.5074831313436577,0.5324357935531249
0,10,0.39415185661284163,0.8773977886346105,3889,2.2161315963381814,0.22067901234567902,648,2.2104053497314453,0.2416,0.7671842745757871,0.08336517692364073,,,0.8437217138274,,0.8437327443401436,0.15626725565985644,0,0.38477491094909144,5,0.1,0.5,0.5411197496711584,0.5493045644119324,0.5514059388057626,0.5857582171878307,0.5936619606195399,0.5835636335049831,0.5826338256662882,0.5786811278273212,0.531582868117148,0.5074831313436577,1.0,0.5941327417700131
0,11,0.4014490544044671,0.8745449749406489,3791,2.2146254658699034,0.23417721518987342,632,2.2103700858716384,0.2413,0.7819039887745493,0.08496467735542913,,,0.9161543073898321,,0.9161738868530697,0.08382611314693034,0,0.384847241712653,5,0.1,0.5,0.5615762272068192,0.5827249113774601,0.5770878936180798,0.5772982353356014,0.5911690557518579,0.6004202439849669,0.5744532246916018,0.5960029822457402,0.5374418406048772,0.5324357935531249,0.5941327417700131,1.0
1,0,0.25106154515802975,0.9210616021426832,8214,2.0592857571535332,0.6026296566837107,1369,2.066619697089393,0.5914,0.7967863015675247,0.08474802212194414,,,0.9311479933554063,,0.9311681140504995,0.06883188594950052,0.954583540350704,0.40210587997120806,5,0.1,0.5,1.0,0.6067169549619014,0.6114859297814627,0.6227647562463795,0.608959167211446,0.6224115876658665,0.6015502632790244,0.6194682852286232,0.6260612774863059,0.534282003796479,0.6095630600796669,0.609282705458495
1,1,0.2786600999244787,0.9138119866139337,6574,2.067672266278948,0.5793795620437956,1096,2.0666656589355714,0.5911,0.8028177326706464,0.08406487302511485,,,0.9003597690125951,,0.9003815069524622,0.09961849304753778,0.954513197045123,0.4020903067588157,5,0.1,0.5,0.6067169549619014,1.0,0.6095271353898487,0.6216815197924328,0.6206858849530014,0.6279080170311174,0.6157400830341854,0.6292983134786564,0.6271074114465084,0.5378151359515513,0.6233802348375679,0.6169477597336526
1,2,0.30313659621742217,0.9067957807366419,5783,2.0590972246662265,0.6141078838174274,964,2.0666942124168712,0.5915,0.799889068048187,0.08345526233060509,,,0.8728857799354582,,0.8728979468902164,0.12710205310978362,0.9544275245035728,0.40206484336966486,5,0.1,0.5,0.6114859297814627,0.6095271353898487,1.0,0.6210195140785819,0.6142246229099912,0.6275168858290755,0.6232777037988858,0.6115464090985914,0.620396798166655,0.5460351705994307,0.6141196900510477,0.6135899080956722
1,3,0.2936458688582776,0.90728201248345,5287,2.0712109208106995,0.5709421112372304,881,2.0666451103771077,0.5912,0.8142074777590356,0.08468250179186491,,,0.9281951172836133,,0.9282064153405953,0.07179358465940466,0.9545642471133806,0.4021048187419472,5,0.1,0.5,0.6227647562463795,0.6216815197924328,0.6210195140785819,1.0,0.6291295714846972,0.6339411362355428,0.6285667362052277,0.6359028520434442,0.6377199768574415,0.5419977976780467,0.6336781755561857,0.6384698630570738
1,4,0.30048964578418,0.9075582573454913,4935,2.071995102442228,0.5802919708029197,822,2.0666252717423363,0.5914,0.8131873171351425,0.0853882091632855,,,0.9599999999549318,,0.9600020079313287,0.03999799206867127,0.9545928737012317,0.40211179896347476,5,0.1,0.5,0.608959167211446,0.6206858849530014,0.6142246229099912,0.6291295714846972,1.0,0.6319895587328702,0.6191536558832436,0.6446383728490652,0.6382869134217495,0.551253771840802,0.6337863801082337,0.6390275016987412
1,5,0.3101173586428982,0.9039640025712449,4667,2.0618095874786375,0.6233933161953727,778,2.0666501624896503,0.5911,0.8204728385079864,0.08471976915235482,,,0.9298746860055118,,0.9298830380001004,0.07011696199989959,0.9545544929434536,0.4021053938449887,5,0.1,0.5,0.6224115876658665,0.6279080170311174,0.6275168858290755,0.6339411362355428,0.6319895587328702,1.0,0.6359485625121706,0.6444034605821602,0.6490773369588508,0.5587024243088637,0.6384425229135654,0.6379439089102411
1,6,0.3249914098664054,0.8989894453177633,4453,2.075211316347122,0.5673854447439353,742,2.0667591148291153,0.5911,0.8079420391158838,0.08327245945694464,,,0.8646472037433934,,0.8646553887857036,0.13534461121429642,0.9542568225776867,0.40205461438161194,5,0.1,0.5,0.6015502632790244,0.6157400830341854,0.6232777037988858,0.6285667362052277,0.6191536558832436,0.6359485625121706,1.0,0.6310851622920925,0.635937080474834,0.551697237122255,0.6285165989867479,0.6229332747473527
1,7,0.33132465378895626,0.8975450081833061,4277,2.057183970575747,0.6129032258064516,713,2.066655020744275,0.5912,0.8189061943359232,0.08456511644153035,,,0.9229047838594249,,0.9229205361176648,0.07707946388233522,0.9545525727866317,0.4021026536122232,5,0.1,0.5,0.6194682852286232,0.6292983134786564,0.6115464090985914,0.6359028520434442,0.6446383728490652,0.6444034605821602,0.6310851622920925,1.0,0.6509491402992404,0.5490472023656754,0.6404796366029668,0.6360916571925801
1,8,0.32875582052681307,0.8991523371276338,4129,2.067253746769645,0.5886627906976745,688,2.0683910446806837,0.5922,0.817923042080208,0.08032992526496818,,,0.732032810692965,,0.7320516038351489,0.2679483961648511,0.9495533085778908,0.40155017953767325,5,0.1,0.5,0.6260612774863059,0.6271074114465084,0.620396798166655,0.6377199768574415,0.6382869134217495,0.6490773369588508,0.635937080474834,0.6509491402992404,1.0,0.5518929018286312,0.6355309888990739,0.637100758399487
1,9,0.37960956092127685,0.8884778805298675,4001,2.073725155421666,0.5877061469265368,667,2.0710026791301397,0.5905,0.7246208313733805,0.07629086316013357,,,0.55,,0.5500125495708047,0.4499874504291953,0.9470893884766827,0.3984716446574229,5,0.1,0.5,0.534282003796479,0.5378151359515513,0.5460351705994307,0.5419977976780467,0.551253771840802,0.5587024243088637,0.551697237122255,0.5490472023656754,0.5518929018286312,1.0,0.5520091948953306,0.5539238782480794
1,10,0.3437842766830667,0.89632296220108,3889,2.0746411028362455,0.566358024691358,648,2.066711988311987,0.5913,0.8137970107324177,0.08370631788550666,,,0.8842003740448464,,0.8842126399277145,0.11578736007228552,0.9543707963430786,0.40207685425483314,5,0.1,0.5,0.6095630600796669,0.6233802348375679,0.6141196900510477,0.6336781755561857,0.6337863801082337,0.6384425229135654,0.6285165989867479,0.6404796366029668,0.6355309888990739,0.5520091948953306,1.0,0.6385491332197822
1,11,0.3641875120615508,0.8857821155367976,3791,2.073894512653351,0.5949367088607594,632,2.0666336064902358,0.5913,0.8140666206799595,0.08477668020574732,,,0.9324395584287738,,0.9324531901008986,0.06754680989910145,0.9545655130407096,0.40210625810605777,5,0.1,0.5,0.609282705458495,0.6169477597336526,0.6135899080956722,0.6384698630570738,0.6390275016987412,0.6379439089102411,0.6229332747473527,0.6360916571925801,0.637100758399487,0.5539238782480794,0.6385491332197822,1.0
2,0,0.22876216705040536,0.9302167031896762,8214,1.8756983640582063,0.8524470416362309,1369,1.8855665366108807,0.8417,0.7991301101936014,0.08419455631613143,,,0.9219965870809576,,0.922011947191406,0.077988052808594,0.9652434740561703,0.4011925186511452,5,0.1,0.5,1.0,0.6143928235575342,0.620096981796439,0.6204964854104655,0.6245891034483758,0.626645646934211,0.6091392769864028,0.6284651426093615,0.6223925412499294,0.4807161201996907,0.6140680496398065,0.6153741019503662
2,1,0.2566584933178445,0.9218436264070581,6574,1.8855190924235752,0.8467153284671532,1096,1.8856278737893881,0.8414,0.8085247229569645,0.08406927067915573,,,0.9174589310060043,,0.9174740223884343,0.08252597761156566,0.9651871067930928,0.4011905844772359,5,0.1,0.5,0.6143928235575342,1.0,0.6181390974212811,0.6265602457914577,0.6312069251622207,0.6353054911611201,0.6209796815862435,0.6436604793049595,0.6369033453271413,0.490998220045945,0.618590558732426,0.6336958736252225
2,2,0.269741121829791,0.9169289296213038,5783,1.8745257546824794,0.8661825726141079,964,1.8856930222374182,0.8414,0.8076696319655823,0.08363463503461167,,,0.9017170860470392,,0.9017368605993675,0.09826313940063247,0.9651498145689918,0.401181822162215,5,0.1,0.5,0.620096981796439,0.6181390974212811,1.0,0.6227112407583677,0.6301840973746773,0.643313857820971,0.626436976069256,0.6331001130032171,0.6311011412532305,0.4920948386959388,0.6150578933442014,0.6326906908455378
2,3,0.27113152243398936,0.9160204274635899,5287,1.890075445175171,0.8263337116912599,881,1.8855993907672528,0.8417,0.8127110295993625,0.08462563941174243,,,0.9376097640965192,,0.937628633100748,0.062371366899252045,0.9652466852868286,0.4011976403858548,5,0.1,0.5,0.6204964854104655,0.6265602457914577,0.6227112407583677,1.0,0.6327522348710642,0.638308759303905,0.6230148631684531,0.6441640047856538,0.6396522415972957,0.4969092080383774,0.6301288351938568,0.6336201976919814
2,4,0.2640743179150647,0.9201215805471125,4935,1.8941728289310749,0.8333333333333334,822,1.8855903506659852,0.8417,0.8169932037759157,0.08524383852518999,,,0.9599999999637815,,0.9600020079313287,0.03999799206867127,0.9652576173704003,0.4012014816852541,5,0.1,0.5,0.6245891034483758,0.6312069251622207,0.6301840973746773,0.6327522348710642,1.0,0.6433172856437303,0.6305093541561274,0.6482625847993873,0.6410360469719296,0.501426135776571,0.6271663287103425,0.6361324115704396
2,5,0.28240759584236225,0.9171202056995928,4667,1.880598750114441,0.8419023136246787,778,1.885614731822151,0.8416,0.8236171451878359,0.08503149786460662,,,0.952309342744689,,0.9523266904271874,0.04767330957281257,0.9652464571067476,0.40120053363340724,5,0.1,0.5,0.626645646934211,0.6353054911611201,0.643313857820971,0.638308759303905,0.6433172856437303,1.0,0.6401633788394516,0.6573298820926747,0.6470833281540226,0.49647393393002914,0.6366570583188227,0.6478725827513292
2,6,0.2893285114597529,0.9116999775432293,4453,1.8949774702390034,0.8423180592991913,742,1.8857963416523065,0.8412,0.8081697176561983,0.08353073754640875,,,0.8979540763366136,,0.8979669695296421,0.10203303047035794,0.9651210891957402,0.4011791597565391,5,0.1,0.5,0.6091392769864028,0.6209796815862435,0.626436976069256,0.6230148631684531,0.6305093541561274,0.6401633788394516,1.0,0.6414885428767046,0.6352897555836554,0.4906970431598514,0.6223053341090361,0.6306497780376517
2,7,0.2935345467152213,0.9097498246434417,4277,1.8760773047156956,0.8429172510518934,713,1.8856204028327626,0.8415,0.8272054588816434,0.0850542090680292,,,0.953131908145382,,0.9531499422719742,0.04685005772802575,0.9652363794447048,0.40120067073453636,5,0.1,0.5,0.6284651426093615,0.6436604793049595,0.6331001130032171,0.6441640047856538,0.6482625847993873,0.6573298820926747,0.6414885428767046,1.0,0.6539526337449648,0.5109938999535513,0.6411435382743396,0.6462749138320167
2,8,0.29152052928133626,0.9121336885444418,4129,1.8878856247121638,0.8343023255813954,688,1.8880655948346414,0.8419,0.8190519412747126,0.08195730503661341,,,0.8409667331826113,,0.840981878419758,0.15901812158024198,0.9638868887592869,0.40110393194371075,5,0.1,0.5,0.6223925412499294,0.6369033453271413,0.6311011412532305,0.6396522415972957,0.6410360469719296,0.6470833281540226,0.6352897555836554,0.6539526337449648,1.0,0.4968729156704766,0.6319548300100565,0.6510227661020871
2,9,0.37778151400520227,0.8963259185203699,4001,1.897932080995469,0.8215892053973014,667,1.8937695056866533,0.8381,0.665900150428397,0.0739236524407859,,,0.55,,0.5500125495708047,0.4499874504291953,0.9583670268608994,0.39747725723084704,5,0.1,0.5,0.4807161201996907,0.490998220045945,0.4920948386959388,0.4969092080383774,0.501426135776571,0.49647393393002914,0.4906970431598514,0.5109938999535513,0.4968729156704766,1.0,0.49148678181764516,0.5056030897790939
2,10,0.3059051359683031,0.9073797891488815,3889,1.8947056758971441,0.8441358024691358,648,1.8856920072445855,0.8412,0.808098079039049,0.08381629688458525,,,0.9082966031969562,,0.9083078158726972,0.09169218412730284,0.965162184845801,0.40118588793253307,5,0.1,0.5,0.6140680496398065,0.618590558732426,0.6150578933442014,0.6301288351938568,0.6271663287103425,0.6366570583188227,0.6223053341090361,0.6411435382743396,0.6319548300100565,0.49148678181764516,1.0,0.6392409589165896
2,11,0.3154082846960851,0.9009759957794777,3791,1.8958394229412079,0.810126582278481,632,1.8855937327058931,0.8417,0.8192982743539822,0.08491836119213945,,,0.9482117037693593,,0.9482254906882185,0.051774509311781514,0.9652467629239738,0.4011998734764346,5,0.1,0.5,0.6153741019503662,0.6336958736252225,0.6326906908455378,0.6336201976919814,0.6361324115704396,0.6478725827513292,0.6306497780376517,0.6462749138320167,0.6510227661020871,0.5056030897790939,0.6392409589165896,1.0
3,0,0.20817811392747765,0.9365960555149744,8214,1.6503805393396422,0.9130752373995618,1369,1.662916548335895,0.9071,0.797337223422768,0.0834587277425198,,,0.8905558473147158,,0.8905777822398474,0.1094222177601526,0.9687955009060287,0.4050149911296169,5,0.1,0.5,1.0,0.6180890495851206,0.6114046917139786,0.6248331189171359,0.6052134547230875,0.6228431816269658,0.6034541442273875,0.6170736308555124,0.6193579462482522,0.6103112594708273,0.603027398746205,0.611038772809991
3,1,0.23089561899581434,0.9319440219044721,6574,1.6611861842019218,0.9151459854014599,1096,1.6629684093280341,0.9072,0.8036507945205805,0.08359566998954758,,,0.8979348101054356,,0.8979468902163547,0.10205310978364535,0.9688114894910255,0.40502177401148126,5,0.1,0.5,0.6180890495851206,1.0,0.6124392631196535,0.6255754041584877,0.6150087413621492,0.62582312086845,0.6099668129281911,0.620402677980167,0.6292002275147426,0.6193592733005525,0.6090836827754318,0.6241626373849661
3,2,0.24867086087389545,0.923292408784368,5783,1.647965265858558,0.9377593360995851,964,1.6630853669711958,0.9072,0.8043187475200574,0.08333140082705723,,,0.8836949947155545,,0.8837056372672054,0.11629436273279459,0.9687744135626036,0.4050073105739478,5,0.1,0.5,0.6114046917139786,0.6124392631196535,1.0,0.6306004958780993,0.6149237635649322,0.6233671341949345,0.6154239725779197,0.6177550162564531,0.6242025563982799,0.6269539434958076,0.6162813477159662,0.6250742546872934
3,3,0.2383745732509632,0.9282769056175525,5287,1.6672203923974718,0.9046538024971623,881,1.6629261201182113,0.9071,0.8205403956426323,0.08455177971690232,,,0.9494535945209202,,0.9494653882837207,0.050534611716279265,0.9688402185030707,0.40504612830183107,5,0.1,0.5,0.6248331189171359,0.6255754041584877,0.6306004958780993,1.0,0.6352979096059629,0.6407594479625314,0.6324152582145698,0.6365636009128228,0.6421440225267183,0.6407644056813012,0.6252724141281036,0.6375620480974011
3,4,0.23780273222394527,0.9283080040526849,4935,1.675195492230929,0.8832116788321168,822,1.6629224737612203,0.9069,0.8070928369574537,0.0844925281448138,,,0.9462608971961551,,0.9462777972993324,0.05372220270066763,0.9688464579097178,0.40504554324189174,5,0.1,0.5,0.6052134547230875,0.6150087413621492,0.6149237635649322,0.6352979096059629,1.0,0.6292554483736554,0.6174013278052659,0.6292317679621912,0.6218202900835021,0.6294223945824425,0.6137509855472422,0.6264661512996442
3,5,0.25010956275429935,0.9265052496250268,4667,1.6570809936523438,0.9061696658097687,778,1.6629424148474257,0.907,0.8184505432764905,0.08474750484764951,,,0.9599999999461162,,0.9600020079313287,0.03999799206867127,0.9688482608143805,0.405047616024802,5,0.1,0.5,0.6228431816269658,0.62582312086845,0.6233671341949345,0.6407594479625314,0.6292554483736554,1.0,0.6271790089883225,0.6322579834887428,0.637681581249673,0.6359779585204665,0.6341380644754806,0.6400120204945379
3,6,0.26765236063195125,0.9193352795867954,4453,1.6732350240151088,0.9123989218328841,742,1.663230205496279,0.9071,0.8041900533250474,0.08325818844861493,,,0.8797500366907587,,0.8797600522062146,0.12023994779378544,0.9687596691194355,0.40500246370851395,5,0.1,0.5,0.6034541442273875,0.6099668129281911,0.6154239725779197,0.6324152582145698,0.6174013278052659,0.6271790089883225,1.0,0.623970356892629,0.62793327118651,0.6229991041315076,0.6142815416672803,0.6221258000450096
3,7,0.26836794777008804,0.9208791208791208,4277,1.6541885396708613,0.9130434782608695,713,1.6629433746155078,0.9072,0.8136982802110999,0.08459706712098754,,,0.9518938500073466,,0.9519050248481502,0.048094975151849795,0.9688502818791208,0.4050465465737599,5,0.1,0.5,0.6170736308555124,0.620402677980167,0.6177550162564531,0.6365636009128228,0.6292317679621912,0.6322579834887428,0.623970356892629,1.0,0.6386243066960904,0.6279824626305839,0.6300282204137821,0.6286605630010429
3,8,0.25904274551959344,0.9252603535965125,4129,1.666936289180409,0.8895348837209303,688,1.6660394817114639,0.9063,0.817569716157433,0.08268315809241715,,,0.8487652405886672,,0.8487776718036243,0.1512223281963757,0.9685604253768125,0.4049526980725549,5,0.1,0.5,0.6193579462482522,0.6292002275147426,0.6242025563982799,0.6421440225267183,0.6218202900835021,0.637681581249673,0.62793327118651,0.6386243066960904,1.0,0.6402838154442164,0.6343033039910936,0.6390690720289908
3,9,0.2649851689342851,0.920319920019995,4001,1.6826284329096477,0.8785607196401799,667,1.676539358239585,0.9034,0.810960892476434,0.07713853284624289,,,0.55,,0.5500125495708047,0.4499874504291953,0.9620182304862374,0.40110055367880615,5,0.1,0.5,0.6103112594708273,0.6193592733005525,0.6269539434958076,0.6407644056813012,0.6294223945824425,0.6359779585204665,0.6229991041315076,0.6279824626305839,0.6402838154442164,1.0,0.6339541779789697,0.6373622737399305
3,10,0.2758807951019558,0.917665209565441,3889,1.6722942136582875,0.9058641975308642,648,1.6630560734782356,0.9072,0.807439439718988,0.08356023075544086,,,0.8960252110190993,,0.8960443752823654,0.10395562471763464,0.9688008004068543,0.4050202660637352,5,0.1,0.5,0.603027398746205,0.6090836827754318,0.6162813477159662,0.6252724141281036,0.6137509855472422,0.6341380644754806,0.6142815416672803,0.6300282204137821,0.6343033039910936,0.6339541779789697,1.0,0.6343420685116549
3,11,0.29004250981320606,0.9104194144025323,3791,1.6770723938941956,0.8987341772151899,632,1.6629155923764165,0.9072,0.8159388814114378,0.08458521146780623,,,0.9512550228697519,,0.9512725264795944,0.04872747352040563,0.9688485009015451,0.4050464563459352,5,0.1,0.5,0.611038772809991,0.6241626373849661,0.6250742546872934,0.6375620480974011,0.6264661512996442,0.6400120204945379,0.6221258000450096,0.6286605630010429,0.6390690720289908,0.6373622737399305,0.6343420685116549,1.0
4,0,0.1976511600525173,0.939663988312637,8214,1.4049967305604802,0.9306062819576333,1369,1.4199201668413302,0.9289,0.7844865069705104,0.08289330696039365,,,0.8310468617851251,,0.831067717484062,0.16893228251593795,0.9705911238445766,0.399591292820894,5,0.1,0.5,1.0,0.5976816177323246,0.5922529309717256,0.6026054050758264,0.5890400090207428,0.5992176671597214,0.5858458585600836,0.5917044472615627,0.5862402747575359,0.5924429257263305,0.5893004117068149,0.5987599135535187
4,1,0.21669775646415004,0.9346516580468512,6574,1.4164984396525793,0.9324817518248175,1096,1.4199449098148285,0.929,0.798882794827168,0.08348778626150179,,,0.8774449136379521,,0.8774559510064756,0.12254404899352445,0.9707856957432165,0.3996819415433542,5,0.1,0.5,0.5976816177323246,1.0,0.5947926997751495,0.6141239622187386,0.6083313059258235,0.6117659252704765,0.5993630989711198,0.6081915895043205,0.6193524281303174,0.6042794308734343,0.600241334156371,0.6045534123399822
4,2,0.23218338509496733,0.9301746498357254,5783,1.4004900263201805,0.946058091286307,964,1.4201077306613374,0.9289,0.788464183669833,0.08294781131265984,,,0.8353008295144257,,0.835324531901009,0.16467546809899103,0.9706239378523926,0.3996023765663483,5,0.1,0.5,0.5922529309717256,0.5947926997751495,1.0,0.6019774741384093,0.6011948955679198,0.6059960781430196,0.5919995510207795,0.5896853226584936,0.5945380820845242,0.6006817791209922,0.5881404189302544,0.6030025351441037
4,3,0.21906940729963223,0.9327785133345943,5287,1.4241184421948023,0.9262202043132803,881,1.4198246729640533,0.9289,0.8065943627768233,0.08439280782172318,,,0.9480802363494494,,0.9480949751518498,0.05190502484815018,0.9709232355031145,0.3997306660537227,5,0.1,0.5,0.6026054050758264,0.6141239622187386,0.6019774741384093,1.0,0.612616473457755,0.6149855579744352,0.6008218286644732,0.6141527235951597,0.6224309910972587,0.6240219982625195,0.6052618319953613,0.6202645163658914
4,4,0.2162158090361364,0.9357244174265451,4935,1.4364028985683734,0.916058394160584,822,1.419833050368312,0.9289,0.8030815037156409,0.08423058027040987,,,0.935418664577714,,0.9354349681240901,0.0645650318759099,0.9709227574614386,0.39972729795700895,5,0.1,0.5,0.5890400090207428,0.6083313059258235,0.6011948955679198,0.612616473457755,1.0,0.618065211744743,0.6058308080905213,0.6176806079382972,0.6177086512896404,0.611210425690797,0.596259569897089,0.6208628933583421
4,5,0.23128611905092042,0.9332761945575316,4667,1.4126613283157348,0.9318766066838047,778,1.4198555519786507,0.9288,0.8072424585648333,0.0845455308873474,,,0.9599999999219517,,0.9600020079313287,0.03999799206867127,0.9709333714712812,0.39973259081334567,5,0.1,0.5,0.5992176671597214,0.6117659252704765,0.6059960781430196,0.6149855579744352,0.618065211744743,1.0,0.6043061427172626,0.6183501318140189,0.62189033677129,0.6181518503502765,0.6076947294312984,0.6176212323304163
4,6,0.24115827684656585,0.9271951493375252,4453,1.430541917681694,0.9339622641509434,742,1.4202772976872258,0.929,0.7932481678503831,0.0830664732336686,,,0.8445621813456128,,0.844576075498218,0.155423924501782,0.9706679969872635,0.3996251558901791,5,0.1,0.5,0.5858458585600836,0.5993630989711198,0.5919995510207795,0.6008218286644732,0.6058308080905213,0.6043061427172626,1.0,0.6050705399421078,0.6031099680189986,0.6099812128975328,0.5990291149756175,0.6055904915085573
4,7,0.2425994486812113,0.9263502454991817,4277,1.4127856544826343,0.9354838709677419,713,1.4198500607341242,0.9289,0.8023770412389828,0.08427540801424308,,,0.9389173902338319,,0.9389287686361126,0.06107123136388737,0.970923014561563,0.39972836699471714,5,0.1,0.5,0.5917044472615627,0.6081915895043205,0.5896853226584936,0.6141527235951597,0.6176806079382972,0.6183501318140189,0.6050705399421078,1.0,0.6130234556521871,0.6089819205794696,0.6107366022509474,0.6138179394726959
4,8,0.23753251063084183,0.9299588278033422,4129,1.4249760183421047,0.9186046511627907,688,1.4234514594458925,0.9291,0.8051261588494846,0.08309978210527717,,,0.8471618795170595,,0.8471763465689474,0.15282365343105264,0.9706283049048686,0.3996307895336721,5,0.1,0.5,0.5862402747575359,0.6193524281303174,0.5945380820845242,0.6224309910972587,0.6177086512896404,0.62189033677129,0.6031099680189986,0.6130234556521871,1.0,0.6163870525699324,0.6090978759530911,0.623083468134249
4,9,0.2376143717724416,0.92831792051987,4001,1.4478849002293177,0.9070464767616192,667,1.4397261363629716,0.9272,0.8016070915199572,0.0792923682291164,,,0.55,,0.5500125495708047,0.4499874504291953,0.9636784997406911,0.395542911956001,5,0.1,0.5,0.5924429257263305,0.6042794308734343,0.6006817791209922,0.6240219982625195,0.611210425690797,0.6181518503502765,0.6099812128975328,0.6089819205794696,0.6163870525699324,1.0,0.6128540593435438,0.6199070176484178
4,10,0.2527600507801551,0.9264078169195166,3889,1.4288376796813238,0.9274691358024691,648,1.420029148507042,0.9291,0.7952184200852144,0.08333608276933717,,,0.8656047259601165,,0.8656242156518247,0.13437578434817532,0.9707491887775923,0.39966470311002683,5,0.1,0.5,0.5893004117068149,0.600241334156371,0.5881404189302544,0.6052618319953613,0.596259569897089,0.6076947294312984,0.5990291149756175,0.6107366022509474,0.6090978759530911,0.6128540593435438,1.0,0.6098935872378523
4,11,0.25860805408324766,0.9237140596148773,3791,1.4374424874782563,0.9224683544303798,632,1.4198174331896602,0.9289,0.807081574174423,0.0844320621343218,,,0.9511439656130307,,0.9511620902565132,0.048837909743486785,0.9709251267231481,0.39973124423596434,5,0.1,0.5,0.5987599135535187,0.6045534123399822,0.6030025351441037,0.6202645163658914,0.6208628933583421,0.6176212323304163,0.6055904915085573,0.6138179394726959,0.623083468134249,0.6199070176484178,0.6098935872378523,1.0
5,0,0.18356186793537282,0.9447285122960799,8214,1.1610575886659844,0.9386413440467495,1369,1.1776616584759552,0.9401,0.7791026474541581,0.08301430458057021,,,0.818144768029597,,0.8181617388685307,0.18183826113146928,0.9677922066256793,0.3897383695986581,5,0.1,0.5,1.0,0.5830182909828487,0.5754608386730788,0.5907167381050451,0.5781554711031527,0.5882028905291881,0.5689381313601514,0.5884879334454406,0.4835046373892688,0.5806877203665609,0.5739662666530921,0.581221703704045
5,1,0.2027983670249509,0.9382415576513539,6574,1.1725005047661918,0.9416058394160584,1096,1.1776506285697887,0.9401,0.78421598008243,0.08359293308827186,,,0.8670828348624877,,0.8671000451784548,0.13289995482154515,0.9681525769969804,0.3898505907533443,5,0.1,0.5,0.5830182909828487,1.0,0.5819276400968021,0.5855667402543219,0.5861780013515517,0.5884219467999285,0.580802281436312,0.5881961091108071,0.49324622089791864,0.5866209875081334,0.5734719647928452,0.5900319883577705
5,2,0.21833499371799645,0.9343247449420716,5783,1.1538137466676774,0.9553941908713693,964,1.1778699454788963,0.94,0.7822997022543302,0.08316356464511437,,,0.8307685826479914,,0.8307866070980372,0.1692133929019628,0.9678836173971554,0.3897752025727879,5,0.1,0.5,0.5754608386730788,0.5819276400968021,1.0,0.5922128092507128,0.5924340399644797,0.5933422164507125,0.5825510237292273,0.5789154364000051,0.4811073908273667,0.5902407438457654,0.5727405898031521,0.5814281749177531
5,3,0.20143580387826135,0.9389824096841309,5287,1.1820753514766693,0.9341657207718501,881,1.1774839720786952,0.94,0.7948513326486831,0.08457435929604211,,,0.9500879075613538,,0.9501079263089203,0.04989207369107973,0.9683550196873753,0.3899108890228323,5,0.1,0.5,0.5907167381050451,0.5855667402543219,0.5922128092507128,1.0,0.6025153512659558,0.5975173080671629,0.5898116441181757,0.5934991708110197,0.49541335973163353,0.6045320503487941,0.5837100461578746,0.5975352722492469
5,4,0.1983485102536337,0.940709219858156,4935,1.1984115013709435,0.9318734793187348,822,1.1774939239596407,0.94,0.7954965350816997,0.08448841646616283,,,0.9428192094304129,,0.9428341950705286,0.05716580492947143,0.9683411289409589,0.3899093124258732,5,0.1,0.5,0.5781554711031527,0.5861780013515517,0.5924340399644797,0.6025153512659558,1.0,0.5989877016864446,0.5885099248937643,0.6001537243398605,0.4972142716644141,0.6061954476179511,0.585311984838399,0.604019074667432
5,5,0.21002090885559072,0.9394471823441183,4667,1.168760290145874,0.9357326478149101,778,1.1775190765484453,0.94,0.7952730188184853,0.0846915567984817,,,0.959999999915424,,0.9600020079313287,0.03999799206867127,0.9683609246440619,0.38991234775209327,5,0.1,0.5,0.5882028905291881,0.5884219467999285,0.5933422164507125,0.5975173080671629,0.5989877016864446,1.0,0.5896410138508408,0.5933856809359664,0.4962138068657296,0.6065309531418503,0.5854726923000976,0.5986327962870255
5,6,0.21889992625693724,0.932809342016618,4453,1.1872526655594509,0.9474393530997305,742,1.1780520367165344,0.9401,0.7828738738223002,0.08326331784149732,,,0.8392053059106831,,0.8392199186787812,0.1607800813212188,0.9679541412399859,0.38979626505590514,5,0.1,0.5,0.5689381313601514,0.580802281436312,0.5825510237292273,0.5898116441181757,0.5885099248937643,0.5896410138508408,1.0,0.5814371555347583,0.4879518533355474,0.5907393980307103,0.5764080319004206,0.5903405880936984
5,7,0.22220601342034652,0.933037175590367,4277,1.1720425667970076,0.9537166900420757,713,1.1775190148490686,0.94,0.7901891870551182,0.08433129309728245,,,0.9295303482268411,,0.929546709502535,0.07045329049746496,0.9683230776381871,0.38990531479764706,5,0.1,0.5,0.5884879334454406,0.5881961091108071,0.5789154364000051,0.5934991708110197,0.6001537243398605,0.5933856809359664,0.5814371555347583,1.0,0.49283418497494935,0.5901294317538418,0.5893247831427557,0.5929467387207343
5,8,0.2788388549380537,0.9258416081375636,4129,1.1872392730279402,0.9316860465116279,688,1.1849063947177922,0.9399,0.6852733882583322,0.07984384409828794,,,0.55,,0.5500125495708047,0.4499874504291953,0.9581443896129197,0.38590348316277057,5,0.1,0.5,0.4835046373892688,0.49324622089791864,0.4811073908273667,0.49541335973163353,0.4972142716644141,0.4962138068657296,0.4879518533355474,0.49283418497494935,1.0,0.4984389847201105,0.4931159735313931,0.4951151183527264
5,9,0.2203886167826618,0.9337665583604099,4001,1.2100217569442022,0.9340329835082459,667,1.1991885487263956,0.94,0.7935916643420732,0.08111255442630955,,,0.6573024055985752,,0.6573214196074494,0.3426785803925506,0.9606462174043824,0.3883753106085018,5,0.1,0.5,0.5806877203665609,0.5866209875081334,0.5902407438457654,0.6045320503487941,0.6061954476179511,0.6065309531418503,0.5907393980307103,0.5901294317538418,0.4984389847201105,1.0,0.5922026648026194,0.5989250925599854
5,10,0.22700560144225104,0.9331447672923631,3889,1.1847026915777297,0.9351851851851852,648,1.1777701111266408,0.94,0.7812669438678552,0.08338729404530348,,,0.8496907135025997,,0.8497013202148487,0.15029867978515132,0.9680690420509921,0.3898195163845292,5,0.1,0.5,0.5739662666530921,0.5734719647928452,0.5727405898031521,0.5837100461578746,0.585311984838399,0.5854726923000976,0.5764080319004206,0.5893247831427557,0.4931159735313931,0.5922026648026194,1.0,0.5852290764975329
5,11,0.2377793000979709,0.9275652862041678,3791,1.1982219755649566,0.9335443037974683,632,1.1774744296226258,0.94,0.7930336542289389,0.08453656161667612,,,0.9468911321962958,,0.9469052758395663,0.053094724160433704,0.9683529351225805,0.3899102355541954,5,0.1,0.5,0.581221703704045,0.5900319883577705,0.5814281749177531,0.5975352722492469,0.604019074667432,0.5986327962870255,0.5903405880936984,0.5929467387207343,0.4951151183527264,0.5989250925599854,0.5852290764975329,1.0
6,0,0.17555786574690635,0.9465303140978817,8214,0.9303875496221143,0.9430241051862673,1369,0.9483419298744811,0.9471,0.7640781837804287,0.08334453820457063,,,0.8788504278943978,,0.8788615029365996,0.12113849706340041,0.962554203998734,0.3790173334963335,5,0.1,0.5,1.0,0.5631932278239058,0.5592822925368791,0.5689451645554076,0.5556723657381575,0.5601229678917033,0.5457399960370285,0.556655268945446,0.5451094179633922,0.3985596048472524,0.5476129690489694,0.5472725468629535
6,1,0.18961114338147048,0.9433221782780651,6574,0.9416962589536394,0.9507299270072993,1096,0.9483438874966801,0.9472,0.7723983776119796,0.08403205938777368,,,0.9111294580497862,,0.9111540585311982,0.08884594146880176,0.9628769700416911,0.37904801452295905,5,0.1,0.5,0.5631932278239058,1.0,0.5576305529973025,0.5689511953548693,0.5670886904313245,0.5655249486031652,0.5515723563539022,0.5698717170821271,0.5615293908391553,0.41331031403888885,0.5496462612580676,0.5530999954330562
6,2,0.19824490143830029,0.9414836590005188,5783,0.9198862717997643,0.9605809128630706,964,0.948529694788753,0.947,0.7683078760968308,0.08359605206285062,,,0.8906589708371686,,0.8906781788062849,0.10932182119371514,0.9626629664617815,0.37903081831682306,5,0.1,0.5,0.5592822925368791,0.5576305529973025,1.0,0.5706332251421536,0.5638341207559235,0.5678751140214829,0.5594208815420765,0.5516136043821055,0.5487976537285932,0.410745556162914,0.5442770895065483,0.5519842557310347
6,3,0.18455732836982752,0.9452997919425005,5287,0.9540158361196518,0.9409761634506243,881,0.9481346329180197,0.9471,0.7829929347776896,0.08507296838136366,,,0.9599999999530501,,0.9600020079313287,0.03999799206867127,0.9630636883349166,0.3790649205851893,5,0.1,0.5,0.5689451645554076,0.5689511953548693,0.5706332251421536,1.0,0.5733926363100781,0.5791155964375306,0.5632025042447651,0.5673331347363137,0.5751710456332896,0.418762894576774,0.5581479218146026,0.5693283520361763
6,4,0.18266461963555025,0.9435055724417426,4935,0.9726652159140661,0.9452554744525548,822,0.9481465565129972,0.9471,0.7792813765751486,0.08488272234644337,,,0.9510679733505742,,0.9510867928316852,0.04891320716831482,0.9630506615331934,0.3790636729068198,5,0.1,0.5,0.5556723657381575,0.5670886904313245,0.5638341207559235,0.5733926363100781,1.0,0.5730754377868841,0.5632523283599127,0.5736843896984488,0.5671678321684057,0.4156778210395258,0.5508018689717329,0.5754721638504214
6,5,0.19905414536646376,0.9412470537818727,4667,0.9376993155479432,0.9408740359897172,778,0.9481670567021964,0.9472,0.779821515018601,0.08503934126299859,,,0.9584212111182273,,0.958430801666583,0.04156919833341699,0.9630653608515517,0.3790647372611544,5,0.1,0.5,0.5601229678917033,0.5655249486031652,0.5678751140214829,0.5791155964375306,0.5730754377868841,1.0,0.5666654862974251,0.5741656752780894,0.5547111075009009,0.41414343071261817,0.5632738513700956,0.5638584209079409
6,6,0.20146799272658036,0.9382438805299798,4453,0.9562374701102575,0.9528301886792453,742,0.9487070149887865,0.947,0.7683741721256013,0.08366587896254234,,,0.8939373346983452,,0.8939460870438231,0.10605391295617694,0.9627105232117518,0.37903390663446956,5,0.1,0.5,0.5457399960370285,0.5515723563539022,0.5594208815420765,0.5632025042447651,0.5632523283599127,0.5666654862974251,1.0,0.5635291376507092,0.5588880476069776,0.40874062591641735,0.5512494372300624,0.5542046086945732
6,7,0.20392598626134334,0.9396305821837737,4277,0.9449205165324004,0.9579242636746143,713,0.9481719696102813,0.9471,0.7752758884520949,0.08463387117812057,,,0.9393844433550733,,0.9393956126700467,0.060604387329953324,0.9630256188977386,0.37906086620883733,5,0.1,0.5,0.556655268945446,0.5698717170821271,0.5516136043821055,0.5673331347363137,0.5736843896984488,0.5741656752780894,0.5635291376507092,1.0,0.5582538172462473,0.40752267995497654,0.5638962381880904,0.5566727343388775
6,8,0.21292408773272584,0.9368370065391136,4129,0.95849763805216,0.938953488372093,688,0.9555912575782678,0.9469,0.7659916513538471,0.08126834552924787,,,0.7813734517481261,,0.7813864765825009,0.21861352341749907,0.9531723953641442,0.37873622632288845,5,0.1,0.5,0.5451094179633922,0.5615293908391553,0.5487976537285932,0.5751710456332896,0.5671678321684057,0.5547111075009009,0.5588880476069776,0.5582538172462473,1.0,0.40905740619850217,0.5507820772027933,0.5534134484876599
6,9,0.2824334188719236,0.926018495376156,4001,0.9868675640651158,0.9385307346326837,667,0.9725560043185664,0.9458,0.6034440095075145,0.07634024984167995,,,0.55,,0.5500125495708047,0.4499874504291953,0.9553181802738621,0.37505493307457693,5,0.1,0.5,0.3985596048472524,0.41331031403888885,0.410745556162914,0.418762894576774,0.4156778210395258,0.41414343071261817,0.40874062591641735,0.40752267995497654,0.40905740619850217,1.0,0.40214689465943,0.4066582705594697
