round,client_id,client_i_training_loss,client_i_training_accuracy,client_i_training_dataset_size,client_i_evaluation_loss,client_i_evaluation_accuracy,client_i_evaluation_dataset_size,client_i_central_evaluation_loss,client_i_central_evaluation_accuracy,client_i_cosine_similarity,client_i_importance_coefficient,client_i_tanh_val,tanh_normalization_value,client_i_q,client_i_mask_order,client_i_v_nonzero_fraction,client_i_v_sparsity,client_i_v_cosine_similarity,client_i_reward_gradient_norm,local_epochs,learning_rate,gamma,client_0_cosine_similarity,client_1_cosine_similarity,client_2_cosine_similarity,client_3_cosine_similarity,client_4_cosine_similarity,client_5_cosine_similarity,client_6_cosine_similarity,client_7_cosine_similarity,client_8_cosine_similarity,client_9_cosine_similarity,client_10_cosine_similarity,client_11_cosine_similarity
0,0,2.222970665384222,0.17779401022644267,6845,2.2972079623829234,0.13805697589481372,1369,2.299904482274116,0.1218,0.90065884315595,0.07913110132262062,,,0.8,,0.8000115528708884,0.19998844712911157,0,0.14212180572214456,10,0.025,0.15,1.0,0.9383446924655323,0.9062640523638276,0.87375606551566,0.8492003095825185,0.8298128706090194,0.8015945393362884,0.7834386799286427,0.7727090911640647,0.769983330470683,0.7286718275114024,0.7622120102436986
0,1,2.270510700691578,0.1508762322015334,5478,2.2980601257748074,0.125,1096,2.2999016695384737,0.1219,0.9610273975573378,0.08443502992037627,,,0.9316003476696486,,0.9316317604924824,0.06836823950751758,0,0.14217662214271826,10,0.025,0.15,0.9383446924655323,1.0,0.9700673689406378,0.9438006997352651,0.9321441105153337,0.9092510448395215,0.8864869958900271,0.8540017691501652,0.8588934984946863,0.8354207312765778,0.8303685352479859,0.8471473461047437
0,2,2.283943458607322,0.1300414937759336,4820,2.2996144890785217,0.11618257261410789,964,2.299901524676552,0.1219,0.9780657233779045,0.08593200238350195,,,0.9687430227581839,,0.968774240398739,0.03122575960126095,0,0.14217798080045457,10,0.025,0.15,0.9062640523638276,0.9700673689406378,1.0,0.9671853778293608,0.955656844884927,0.9267900066176427,0.9162706403319764,0.8965851450961055,0.9000222763030957,0.8816807255189774,0.8678322732358567,0.8786079277608512
0,3,2.286968804768154,0.1222650930549251,4406,2.303748437336513,0.11237230419977298,881,2.299901491479029,0.1219,0.9786423320180011,0.08598266271629021,,,0.969999999975188,,0.9700285520951957,0.029971447904804327,0,0.14217798469624646,10,0.025,0.15,0.87375606551566,0.9438006997352651,0.9671853778293608,1.0,0.9510253650857652,0.9357896777151089,0.9326126658468051,0.9226903350123251,0.9054434877096229,0.9021663153037528,0.8873647706370709,0.9062815043047375
0,4,2.2895910414782437,0.133852140077821,4112,2.30400242124285,0.13017031630170317,822,2.299901527694509,0.1219,0.9737159214295701,0.08554983257378701,,,0.9592606779452069,,0.9593091383208727,0.04069086167912728,0,0.14217793024532213,10,0.025,0.15,0.8492003095825185,0.9321441105153337,0.955656844884927,0.9510253650857652,1.0,0.9270942036907499,0.9293803580409908,0.9040254456237451,0.9332906047137204,0.9110726094095282,0.9068337265267754,0.903795991572702
0,5,2.293281828972601,0.12591925944973,3889,2.3030721800667897,0.12467866323907455,778,2.299901630305037,0.1219,0.9627412837532675,0.08458561046844519,,,0.9353365315403255,,0.9353781914805829,0.06462180851941712,0,0.14217671239796692,10,0.025,0.15,0.8298128706090194,0.9092510448395215,0.9267900066176427,0.9357896777151089,0.9270942036907499,1.0,0.9387848033682842,0.9111300514744407,0.8902707062488053,0.9165223483703023,0.891235679242237,0.929347434245812
0,6,2.2951103078907935,0.10398814335758555,3711,2.298446297645569,0.1078167115902965,742,2.2999016755743873,0.1219,0.9576934795258365,0.08414211478657531,,,0.9243325776128987,,0.9243699559340496,0.07563004406595042,0,0.14217643833503885,10,0.025,0.15,0.8015945393362884,0.8864869958900271,0.9162706403319764,0.9326126658468051,0.9293803580409908,0.9387848033682842,1.0,0.9524879625014302,0.8971963101375844,0.8889651936832075,0.9133654290000637,0.9273678022973305
0,7,2.2957534338746752,0.10911896745230079,3564,2.2975875536600747,0.12482468443197756,713,2.299901917010923,0.1219,0.9411631855212621,0.08268977755621493,,,0.8882973857873759,,0.8883415028634616,0.11165849713653841,0,0.1421745457851581,10,0.025,0.15,0.7834386799286427,0.8540017691501652,0.8965851450961055,0.9226903350123251,0.9040254456237451,0.9111300514744407,0.9524879625014302,1.0,0.8860510035619918,0.911392496340672,0.8925115085113329,0.898047409556746
0,8,2.2942083570692273,0.14835803545480966,3441,2.299404740333557,0.11627906976744186,688,2.2999019230468365,0.1219,0.9397539175083245,0.08256596049632604,,,0.8852252539084314,,0.8852717400273968,0.11472825997260316,0,0.1421743671085901,10,0.025,0.15,0.7727090911640647,0.8588934984946863,0.9000222763030957,0.9054434877096229,0.9332906047137204,0.8902707062488053,0.8971963101375844,0.8860510035619918,1.0,0.9286569243725088,0.9204950489451972,0.9205270765934253
0,9,2.295393698303788,0.13818236352729454,3334,2.301093578338623,0.11244377811094453,667,2.299902227860463,0.1219,0.9308451172876266,0.0817832410701149,,,0.8658045270417913,,0.8658381607829546,0.1341618392170454,0,0.14217140315384047,10,0.025,0.15,0.769983330470683,0.8354207312765778,0.8816807255189774,0.9021663153037528,0.9110726094095282,0.9165223483703023,0.8889651936832075,0.911392496340672,0.9286569243725088,1.0,0.8726287613490666,0.8952469004189302
0,10,2.297219149882977,0.1201172477630361,3241,2.3064777851104736,0.1095679012345679,648,2.2999026262307467,0.1219,0.9210310779521649,0.08092098812390788,,,0.8444104254039905,,0.8444570975887508,0.15554290241124924,0,0.14216911148662498,10,0.025,0.15,0.7286718275114024,0.8303685352479859,0.8678322732358567,0.8873647706370709,0.9068337265267754,0.891235679242237,0.9133654290000637,0.8925115085113329,0.9204950489451972,0.8726287613490666,1.0,0.9299883156230497
0,11,2.296666955947876,0.12193732193732194,3159,2.298799514770508,0.12974683544303797,632,2.299901959262317,0.1219,0.936518261540545,0.08228167858183963,,,0.8781716901032105,,0.878207984684194,0.12179201531580597,0,0.14217381061663806,10,0.025,0.15,0.7622120102436986,0.8471473461047437,0.8786079277608512,0.9062815043047375,0.903795991572702,0.929347434245812,0.9273678022973305,0.898047409556746,0.9205270765934253,0.8952469004189302,0.9299883156230497,1.0
1,0,2.090582255301652,0.23316289262235207,6845,2.28638202493841,0.17823228634039445,1369,2.289289042919497,0.1624,0.8922961647747968,0.07811331499260821,,,0.8,,0.8000115528708884,0.19998844712911157,0.8904563447658775,0.14591582141339568,10,0.025,0.15,1.0,0.9477020293696807,0.9202260652977886,0.8908883093171304,0.8836309499882505,0.8533789781303731,0.8316853011033299,0.8339157548673858,0.8228237637774449,0.8332886328261382,0.8026549107949397,0.7973265575732649
1,1,2.1549251076787015,0.2086162833150785,5478,2.2888262271881104,0.1633211678832117,1096,2.289284217206738,0.1603,0.9642165246122261,0.08374394020093631,,,0.9300762402396862,,0.9301216352263537,0.06987836477364628,0.8914268181382151,0.14594572819798246,10,0.025,0.15,0.9477020293696807,1.0,0.976907270062202,0.9602763116160911,0.9538469944938667,0.94055954036083,0.923050485309791,0.9261206897812678,0.9112777915245767,0.9214576920115408,0.8994598970060367,0.892388751228053
1,2,2.1589371273392124,0.20321576763485477,4820,2.288581997156143,0.1566390041493776,964,2.2892838610878474,0.1603,0.9805116241063374,0.08520258416965357,,,0.9637731950677936,,0.9638065059167203,0.036193494083279654,0.8914364287326347,0.14594678859716873,10,0.025,0.15,0.9202260652977886,0.976907270062202,1.0,0.9788679856719208,0.9730189834815568,0.9618280569349915,0.946780864576663,0.9530465029399933,0.941694755876081,0.9468062519813615,0.923402489745002,0.9192662852414752
1,3,2.1757881266730172,0.1915796640944167,4406,2.2924605097089494,0.14642451759364358,881,2.2892838097825834,0.1603,0.987816060990207,0.08547212459167024,,,0.9699999999768985,,0.9700285520951957,0.029971447904804327,0.8914371197236086,0.14594682000735199,10,0.025,0.15,0.8908883093171304,0.9602763116160911,0.9788679856719208,1.0,0.9760888515914306,0.9761921123234062,0.9659170910731661,0.9715220064132207,0.95415359887477,0.9630005821189431,0.9486354644750654,0.9414007819138063
1,4,2.1870986515825446,0.19489299610894942,4112,2.293117114475795,0.15085158150851583,822,2.289283845998064,0.1603,0.9878193389171334,0.08520409989911697,,,0.9638082107867457,,0.9638395141192586,0.03616048588074139,0.891434054051626,0.14594678859742527,10,0.025,0.15,0.8836309499882505,0.9538469944938667,0.9730189834815568,0.9760888515914306,1.0,0.973098945122224,0.9639192373621907,0.9662275157612854,0.9636526903061968,0.9709827296507447,0.9550181676348849,0.9480515562869067
1,5,2.2108105586421107,0.18544613011056826,3889,2.2916907582964217,0.16195372750642673,778,2.2892839003212844,0.1603,0.9871837709352346,0.0845860569002548,,,0.9495304518125655,,0.9495634665214305,0.05043653347856947,0.8914287896247022,0.1459466656732486,10,0.025,0.15,0.8533789781303731,0.94055954036083,0.9618280569349915,0.9761921123234062,0.973098945122224,1.0,0.9763057304433881,0.9764417557780006,0.9654879045420388,0.9709375523523669,0.9630447900092263,0.9625375313281499
1,6,2.229761948256657,0.17844246833737537,3711,2.287740627924601,0.16307277628032346,742,2.289284005949769,0.1603,0.9828587846856834,0.08417030440811282,,,0.9399259196252482,,0.9399663316334109,0.06003366836658908,0.8914227865848661,0.1459465276578828,10,0.025,0.15,0.8316853011033299,0.923050485309791,0.946780864576663,0.9659170910731661,0.9639192373621907,0.9763057304433881,1.0,0.9805269548089712,0.9671162309405027,0.9682456233729358,0.9750426371319025,0.9714856838872051
1,7,2.2266350635460443,0.18285634118967453,3564,2.2874613602956138,0.14866760168302945,713,2.2892846397206754,0.1603,0.9850977993181688,0.08334360583020183,,,0.920827890747903,,0.920862834414352,0.07913716558564798,0.8914081759879556,0.14594544415154959,10,0.025,0.15,0.8339157548673858,0.9261206897812678,0.9530465029399933,0.9715220064132207,0.9662275157612854,0.9764417557780006,0.9805269548089712,1.0,0.9705790256886956,0.9783170867504665,0.9723550493885413,0.9672276076126243
1,8,2.2171315378612944,0.1934612031386225,3441,2.2886087894439697,0.17005813953488372,688,2.2892845159844506,0.1603,0.9781549273242822,0.08304053457270902,,,0.91382647114692,,0.9138650954762259,0.08613490452377415,0.89140739022901,0.14594519471803577,10,0.025,0.15,0.8228237637774449,0.9112777915245767,0.941694755876081,0.95415359887477,0.9636526903061968,0.9654879045420388,0.9671162309405027,0.9705790256886956,1.0,0.9714777050933364,0.9737100318685773,0.9741931468583348
1,9,2.2117277030591613,0.19358128374325134,3334,2.290775458017985,0.15292353823088456,667,2.289285032055046,0.1603,0.9816343259812786,0.08266909588636254,,,0.9052456571143935,,0.9052912148668945,0.09470878513310554,0.8913687111086602,0.14594480681934596,10,0.025,0.15,0.8332886328261382,0.9214576920115408,0.9468062519813615,0.9630005821189431,0.9709827296507447,0.9709375523523669,0.9682456233729358,0.9783170867504665,0.9714777050933364,1.0,0.9701325223890221,0.9618781872743818
1,10,2.2388762813348038,0.16516507250848503,3241,2.295197049776713,0.16358024691358025,648,2.2892786188970637,0.1606,0.9735745453386692,0.08187215884802138,,,0.8868351663039158,,0.8868808899011404,0.11311911009885955,0.8917614526968387,0.1459418971594436,10,0.025,0.15,0.8026549107949397,0.8994598970060367,0.923402489745002,0.9486354644750654,0.9550181676348849,0.9630447900092263,0.9750426371319025,0.9723550493885413,0.9737100318685773,0.9701325223890221,1.0,0.9798852661522736
1,11,2.2421274337768553,0.1829059829059829,3159,2.289272117614746,0.16455696202531644,632,2.2892846306668053,0.1603,0.9694982362860837,0.0825821797003523,,,0.9032377574098521,,0.9032694624614217,0.0967305375385783,0.8913891450919452,0.14594467959350463,10,0.025,0.15,0.7973265575732649,0.892388751228053,0.9192662852414752,0.9414007819138063,0.9480515562869067,0.9625375313281499,0.9714856838872051,0.9672276076126243,0.9741931468583348,0.9618781872743818,0.9798852661522736,1.0
2,0,2.0027975250173498,0.2710591672753835,6845,2.269774566997181,0.2191380569758948,1369,2.272959404353854,0.1944,0.910996429343102,0.07809530789147279,,,0.8,,0.8000115528708884,0.19998844712911157,0.9541063393401511,0.14589797623201003,10,0.025,0.15,1.0,0.9530679622252717,0.9281515697340645,0.9063449352088153,0.9009031069599596,0.876379090166697,0.865833436520089,0.8643701256818868,0.846801944307058,0.8503087231350124,0.8256409117985501,0.8208147833839556
2,1,2.0632638454437258,0.24990872581234028,5478,2.274186266793145,0.19525547445255476,1096,2.2729477490050884,0.1943,0.9568211749099174,0.08307766110892878,,,0.9206706176560113,,0.9207142975029294,0.07928570249707056,0.9547043204616634,0.14592839786072653,10,0.025,0.15,0.9530679622252717,1.0,0.9652251068376501,0.9513558725043809,0.9444226295703184,0.9322970136256409,0.9227084153093488,0.9189881595861528,0.9044714857453149,0.907963713170606,0.8857453976935166,0.8820614192728348
2,2,2.0633339508583672,0.24562240663900414,4820,2.271740645170212,0.18360995850622408,964,2.2729477580589585,0.1943,0.9790722123791012,0.08470680931400594,,,0.9601279406477006,,0.9601756036375039,0.03982439636249613,0.9547055219855326,0.1459296619417787,10,0.025,0.15,0.9281515697340645,0.9652251068376501,1.0,0.9708086000790764,0.9680302026173172,0.9587972740170642,0.9547012044265348,0.9501575387307524,0.9430212147702136,0.9396824848356657,0.9239750229456121,0.9230298657893058
2,3,2.0845580571038385,0.23683613254652747,4406,2.275691100529262,0.17707150964812712,881,2.2729478214360492,0.1944,0.9864520493715769,0.08511441546960205,,,0.9699999999757803,,0.9700285520951957,0.029971447904804327,0.9547080202658663,0.14592974948742146,10,0.025,0.15,0.9063449352088153,0.9513558725043809,0.9708086000790764,1.0,0.9705838442281135,0.9728128139719997,0.9650023162443734,0.9665776421239717,0.9552325005876724,0.9582594216342617,0.9490579434500707,0.944760385446132
2,4,2.0970724665757383,0.2444795719844358,4112,2.27661885534014,0.19708029197080293,822,2.272947809364222,0.1943,0.984381850411514,0.08488087230576952,,,0.9643436772304812,,0.964384149461141,0.03561585053885896,0.9547062765301831,0.1459297065872196,10,0.025,0.15,0.9009031069599596,0.9444226295703184,0.9680302026173172,0.9705838442281135,1.0,0.9650555060155862,0.9664311271267318,0.9612736561516988,0.961992131503059,0.9552256652290012,0.9479680512802147,0.944674867795592
2,5,2.1161603116220045,0.22584211879660582,3889,2.2743685245513916,0.18766066838046272,778,2.272947646394561,0.1943,0.9848453608193358,0.08451310363371638,,,0.9554364659441157,,0.9554719347757917,0.04452806522420827,0.9547072409671832,0.14592959806077588,10,0.025,0.15,0.876379090166697,0.9322970136256409,0.9587972740170642,0.9728128139719997,0.9650555060155862,1.0,0.9707012042276009,0.9708961866472199,0.9625488473120994,0.9647225641761038,0.9585544907778059,0.9584832895520323
2,6,2.1372211205548255,0.22950687146321747,3711,2.2712295850118003,0.1967654986522911,742,2.2729476162149935,0.1943,0.9845577570605522,0.08424616472834759,,,0.9489713115920686,,0.9490105791289135,0.05098942087108649,0.9547084019454884,0.14592948594287355,10,0.025,0.15,0.865833436520089,0.9227084153093488,0.9547012044265348,0.9650023162443734,0.9664311271267318,0.9707012042276009,1.0,0.974782986106722,0.9668427636156608,0.9659814950964826,0.969636899894094,0.9653439316207241
2,7,2.125103804894856,0.2266273849607183,3564,2.271549105644226,0.1935483870967742,713,2.2729483224168607,0.1943,0.9844889270519139,0.08373177526565113,,,0.9365130029434862,,0.9365499826706937,0.06345001732930633,0.9547035312811917,0.1459289589155328,10,0.025,0.15,0.8643701256818868,0.9189881595861528,0.9501575387307524,0.9665776421239717,0.9612736561516988,0.9708961866472199,0.974782986106722,1.0,0.9679986490362278,0.9735129048639865,0.9716951524523614,0.967378923072625
2,8,2.1200130347852353,0.23295553618134263,3441,2.271845897038778,0.19040697674418605,688,2.2729479270645334,0.1943,0.9773621537167549,0.08331164783139287,,,0.9263376832153385,,0.9263834562888877,0.07361654371111226,0.9547069503553338,0.1459286360633414,10,0.025,0.15,0.846801944307058,0.9044714857453149,0.9430212147702136,0.9552325005876724,0.961992131503059,0.9625488473120994,0.9668427636156608,0.9679986490362278,1.0,0.9639839486793954,0.9663895741193869,0.9646826483067279
2,9,2.11222606588293,0.23215356928614278,3334,2.2746837536493936,0.1904047976011994,667,2.272948808307889,0.1943,0.9787409674423789,0.08312649617954586,,,0.921853383685925,,0.9218943407436748,0.07810565925632518,0.9546968377375817,0.1459284688683977,10,0.025,0.15,0.8503087231350124,0.907963713170606,0.9396824848356657,0.9582594216342617,0.9552256652290012,0.9647225641761038,0.9659814950964826,0.9735129048639865,0.9639839486793954,1.0,0.9714887388492031,0.969553562292918
2,10,2.153624130670841,0.21453255168157975,3241,2.27791162331899,0.2052469135802469,648,2.272943762284291,0.195,0.9721707115496477,0.08241856122942454,,,0.9047074801413673,,0.9047383274743774,0.09526167252562256,0.9546147929426144,0.1459275800391044,10,0.025,0.15,0.8256409117985501,0.8857453976935166,0.9239750229456121,0.9490579434500707,0.9479680512802147,0.9585544907778059,0.969636899894094,0.9716951524523614,0.9663895741193869,0.9714887388492031,1.0,0.9735160800209618
2,11,2.151245454788208,0.2191832858499525,3159,2.2742647171020507,0.17721518987341772,632,2.2729485336738295,0.1943,0.9696791530338584,0.08277718504214254,,,0.9133932065638171,,0.9134442408938621,0.08655575910613789,0.9546954697615528,0.14592808337613616,10,0.025,0.15,0.8208147833839556,0.8820614192728348,0.9230298657893058,0.944760385446132,0.944674867795592,0.9584832895520323,0.9653439316207241,0.967378923072625,0.9646826483067279,0.969553562292918,0.9735160800209618,1.0
3,0,1.9408226397302415,0.29590942293644995,6845,2.247175866907293,0.2498173849525201,1369,2.2506747909739047,0.2203,0.9199339736407947,0.07836156079883423,,,0.8,,0.8000115528708884,0.19998844712911157,0.9757892318339476,0.14597005408405525,10,0.025,0.15,1.0,0.9519106362260714,0.9291527438862505,0.9103724882825406,0.9082619937233203,0.8816834005063493,0.8807935097803133,0.875097478129583,0.8572805815572757,0.8580213728935685,0.8529337999098234,0.8437658248805147
3,1,1.9958050819330437,0.27657904344651335,5478,2.2539194424947104,0.21806569343065693,1096,2.2506540244138695,0.2214,0.9609498371462136,0.08278471815495286,,,0.9175273384815721,,0.917578518261788,0.08242148173821195,0.9758612013855779,0.1459890921409481,10,0.025,0.15,0.9519106362260714,1.0,0.9592708454673985,0.9492432289085401,0.9464223280788311,0.9315558260467566,0.9318000721250181,0.9255638785370793,0.9089773444242323,0.9134969261515345,0.905655137086053,0.8990925652803383
3,2,1.9943166723376826,0.2724688796680498,4820,2.248780459165573,0.20850622406639005,964,2.2506532940683486,0.2214,0.9799966119693944,0.08441472658647255,,,0.960838154090252,,0.9608852799920781,0.03911472000792193,0.9758659915303772,0.14599000650447586,10,0.025,0.15,0.9291527438862505,0.9592708454673985,1.0,0.9650190056879137,0.9662818476515992,0.9537949539868388,0.9580053602420483,0.9521438988456573,0.9436431526797057,0.9418244556967853,0.9389391230646503,0.9343832429065275
3,3,2.0190442286218917,0.26305038583749435,4406,2.2529990673065186,0.2054483541430193,881,2.2506534570380103,0.2214,0.9828290767623892,0.0847595339014119,,,0.969999999973429,,0.9700285520951957,0.029971447904804327,0.975866967867396,0.14599007839415254,10,0.025,0.15,0.9103724882825406,0.9492432289085401,0.9650190056879137,1.0,0.966760522898547,0.9629060045533141,0.9601755719210259,0.9590633843353396,0.9509859119987718,0.9533708759009364,0.9512437169856871,0.9450587032660039
3,4,2.0247055808703105,0.2745136186770428,4112,2.254159314291818,0.22019464720194648,822,2.250653378571136,0.2214,0.9844818483858316,0.08466875822355827,,,0.9675880071461243,,0.9676354574111666,0.03236454258883337,0.9758651373097467,0.1459900637552974,10,0.025,0.15,0.9082619937233203,0.9464223280788311,0.9662818476515992,0.966760522898547,1.0,0.9614095037075336,0.9674782753119145,0.9601981231914616,0.9575325242357483,0.9577569547354152,0.9524323195345866,0.9488860631976251
3,5,2.047695694815728,0.25358704037027513,3889,2.2512305804661343,0.21979434447300772,778,2.250652950021285,0.2214,0.9812281802659385,0.08433489494478212,,,0.9587169543184394,,0.9587562509283557,0.0412437490716443,0.9758654509741587,0.1459899813771204,10,0.025,0.15,0.8816834005063493,0.9315558260467566,0.9537949539868388,0.9629060045533141,0.9614095037075336,1.0,0.9660556518399201,0.963103084462387,0.9553853178178674,0.9605315567356062,0.961567343096237,0.9563277531503251
3,6,2.0647037645866133,0.2614389652384802,3711,2.248522321383158,0.23180592991913745,742,2.250652937949458,0.2214,0.9839204972949651,0.08425732303714821,,,0.956655797748339,,0.95669323826971,0.04330676173029002,0.9758655092390598,0.14598995412776972,10,0.025,0.15,0.8807935097803133,0.9318000721250181,0.9580053602420483,0.9601755719210259,0.9674782753119145,0.9660556518399201,1.0,0.9687362236086945,0.9619800247349906,0.9650354382451013,0.9650366904571964,0.9606504186146438
3,7,2.0522045186587743,0.2568742985409652,3564,2.249617099761963,0.20897615708274894,713,2.2506539942343022,0.2214,0.9820788113874598,0.08387867375822422,,,0.9465947399140878,,0.9466422405967883,0.053357759403211746,0.9758636555205079,0.14598982185854537,10,0.025,0.15,0.875097478129583,0.9255638785370793,0.9521438988456573,0.9590633843353396,0.9601981231914616,0.963103084462387,0.9687362236086945,1.0,0.964889942006026,0.9661771751199663,0.967097320645017,0.9623178192257209
3,8,2.0443188556918392,0.26210403952339434,3441,2.249330441157023,0.20348837209302326,688,2.250653638115412,0.2214,0.9752568059769736,0.08339605265446187,,,0.9337710555516574,,0.9338185539106468,0.06618144608935317,0.9758590082054858,0.14598956117846223,10,0.025,0.15,0.8572805815572757,0.9089773444242323,0.9436431526797057,0.9509859119987718,0.9575325242357483,0.9553853178178674,0.9619800247349906,0.964889942006026,1.0,0.961720261939813,0.9610160581185544,0.9607651217513465
3,9,2.0394306359467684,0.25566886622675467,3334,2.2527849276860556,0.22638680659670166,667,2.2506549992138827,0.2214,0.9773011190710551,0.08334801464722638,,,0.9324946417409357,,0.9325229819610173,0.06747701803898265,0.9758612933219959,0.14598952147840508,10,0.025,0.15,0.8580213728935685,0.9134969261515345,0.9418244556967853,0.9533708759009364,0.9577569547354152,0.9605315567356062,0.9650354382451013,0.9661771751199663,0.961720261939813,1.0,0.9679045481315821,0.962306380509721
3,10,2.0850299537181853,0.24310398025300833,3241,2.2543460925420127,0.22530864197530864,648,2.250651395773586,0.2217,0.9756744122661908,0.08285649236180023,,,0.9194344448364316,,0.9194764899077421,0.08052351009225789,0.9758624530129707,0.14598915251553793,10,0.025,0.15,0.8529337999098234,0.905655137086053,0.9389391230646503,0.9512437169856871,0.9524323195345866,0.961567343096237,0.9650366904571964,0.967097320645017,0.9610160581185544,0.9679045481315821,1.0,0.9654436240695099
3,11,2.0781852111816406,0.247451725229503,3159,2.2533116817474363,0.22151898734177214,632,2.2506546944002563,0.2214,0.9713991831061449,0.08293925093112706,,,0.9216334157539074,,0.9216715353765411,0.07832846462345888,0.9758546451422603,0.1459892101569373,10,0.025,0.15,0.8437658248805147,0.8990925652803383,0.9343832429065275,0.9450587032660039,0.9488860631976251,0.9563277531503251,0.9606504186146438,0.9623178192257209,0.9607651217513465,0.962306380509721,0.9654436240695099,1.0
4,0,1.8910580114082054,0.314536157779401,6845,2.21866757219488,0.2724616508400292,1369,2.2224498579773724,0.2476,0.9281709003751706,0.07885474872265098,,,0.8,,0.8000115528708884,0.19998844712911157,0.9855237658179844,0.14566629986898474,10,0.025,0.15,1.0,0.949081102774223,0.9302714045162304,0.9186577533628675,0.9099318839350036,0.8896902650205591,0.8917116253330639,0.8825692300063858,0.865309824200365,0.8594001033241261,0.8678542775630838,0.8587821878950916
4,1,1.9427751588266948,0.2989594742606791,5478,2.227861589855618,0.24543795620437955,1096,2.222424540338637,0.2497,0.9605936169153211,0.08265428672388664,,,0.9137253342116495,,0.9137660708686108,0.08623392913138916,0.9856767650377328,0.14568650913325668,10,0.025,0.15,0.949081102774223,1.0,0.952033771023085,0.9477277917084603,0.9378063297300688,0.9307501862910587,0.9312944802679093,0.9244636115177106,0.9064853900979415,0.9044073427694637,0.9092149357630945,0.9031541423529409
4,2,1.94207217191395,0.2909958506224066,4820,2.219335287809372,0.24066390041493776,964,2.2224229468575007,0.2497,0.9774947740160144,0.08421606469571549,,,0.9604714706505708,,0.9605139377135218,0.03948606228647822,0.985695408940151,0.14568775535167758,10,0.025,0.15,0.9302714045162304,0.952033771023085,1.0,0.9605304492897758,0.9561492173540297,0.9480776528293723,0.9513235650041525,0.948973748269629,0.9372215606503296,0.9340672423586222,0.939013986310462,0.9328583421939803
4,3,1.9647797458512442,0.2845665002269632,4406,2.224068914140974,0.23269012485811577,881,2.2224233784253085,0.2497,0.9807013163289005,0.08453441073089128,,,0.9699999999700686,,0.9700285520951957,0.029971447904804327,0.9856943416492159,0.14568780718088603,10,0.025,0.15,0.9186577533628675,0.9477277917084603,0.9605304492897758,1.0,0.9578568292201273,0.9564629163973314,0.9515666125094877,0.954134216101401,0.9459329975307772,0.9440970562462793,0.9480005125142266,0.9419631435226239
4,4,1.9690006881049185,0.29674124513618677,4112,2.2258781024387906,0.24817518248175183,822,2.222423260724997,0.2497,0.9786816282463501,0.08441225069197612,,,0.9663435840457072,,0.9663728936640755,0.03362710633592447,0.9856942078358373,0.1456877899064025,10,0.025,0.15,0.9099318839350036,0.9378063297300688,0.9561492173540297,0.9578568292201273,1.0,0.9487143749479868,0.960038336349418,0.9533295436790465,0.9483929255083066,0.9435864850917005,0.946167156895124,0.9409218105405881
4,5,1.9948151753794763,0.2768578040627411,3889,2.2225524357386996,0.2583547557840617,778,2.2224223040327242,0.2497,0.9774144053598524,0.08416395782197514,,,0.9589118411301083,,0.9589543001435857,0.041045699856414264,0.985696122623267,0.1456877427392917,10,0.025,0.15,0.8896902650205591,0.9307501862910587,0.9480776528293723,0.9564629163973314,0.9487143749479868,1.0,0.9570793706074744,0.9563394754178517,0.9459502042596579,0.9501117299616462,0.9536239067241113,0.950507059295764
4,6,2.004111219685653,0.2876583131231474,3711,2.2199381987253823,0.2560646900269542,742,2.2224224126791654,0.2497,0.9804326509521604,0.08421434243181593,,,0.9604199209522877,,0.9604644254097143,0.03953557459028567,0.9856958862134041,0.14568775530399433,10,0.025,0.15,0.8917116253330639,0.9312944802679093,0.9513235650041525,0.9515666125094877,0.960038336349418,0.9570793706074744,1.0,0.962376110696975,0.952387299084808,0.953694234773771,0.9569308864525482,0.95409762544871
4,7,1.9944906660488673,0.2766273849607183,3564,2.221942186355591,0.2370266479663394,713,2.222423173204253,0.2497,0.9798901938090006,0.08396193338495789,,,0.9528649752713552,,0.9529137990790711,0.047086200920928856,0.9856955552386626,0.14568768678617924,10,0.025,0.15,0.8825692300063858,0.9244636115177106,0.948973748269629,0.954134216101401,0.9533295436790465,0.9563394754178517,0.962376110696975,1.0,0.9601405329884483,0.9583429347171463,0.9596228026374185,0.9555848550174714
4,8,1.9820531575768083,0.286631793083406,3441,2.2212575674057007,0.2369186046511628,688,2.222422841229016,0.2497,0.972007480698475,0.08340560357496066,,,0.9362132682603284,,0.9362529088478487,0.06374709115215127,0.9856908552595883,0.1456873841185866,10,0.025,0.15,0.865309824200365,0.9064853900979415,0.9372215606503296,0.9459329975307772,0.9483929255083066,0.9459502042596579,0.952387299084808,0.9601405329884483,1.0,0.9521319143949013,0.9546141563796782,0.9550975112444905
4,9,1.9846277267844588,0.28173365326934613,3334,2.2251083056131997,0.2518740629685157,667,2.2224246852005582,0.2497,0.9714617795847484,0.08335802324010012,,,0.9347891241980354,,0.9348253040880659,0.06517469591193414,0.9856906374296664,0.14568734213120343,10,0.025,0.15,0.8594001033241261,0.9044073427694637,0.9340672423586222,0.9440970562462793,0.9435864850917005,0.9501117299616462,0.953694234773771,0.9583429347171463,0.9521319143949013,1.0,0.9616546182111415,0.955611171606406
4,10,2.025925795848553,0.2673557543967911,3241,2.224628289540609,0.25,648,2.2224223704277715,0.2495,0.9745323593616197,0.08315352163916723,,,0.928668113457954,,0.9287105345678401,0.07128946543215986,0.9856856316193497,0.1456871596901896,10,0.025,0.15,0.8678542775630838,0.9092149357630945,0.939013986310462,0.9480005125142266,0.946167156895124,0.9536239067241113,0.9569308864525482,0.9596228026374185,0.9546141563796782,0.9616546182111415,1.0,0.9567019588736392
4,11,2.017089880943298,0.2708135485913264,3159,2.2264570713043215,0.2468354430379747,632,2.2224247817751728,0.2497,0.9704261057895739,0.08307085634190244,,,0.9261938288064815,,0.9262431714280999,0.07375682857190013,0.9856814907959313,0.14568707094540398,10,0.025,0.15,0.8587821878950916,0.9031541423529409,0.9328583421939803,0.9419631435226239,0.9409218105405881,0.950507059295764,0.95409762544871,0.9555848550174714,0.9550975112444905,0.955611171606406,0.9567019588736392,1.0
5,0,1.8513722514664686,0.33002191380569756,6845,2.1851414116946133,0.29656683710737763,1369,2.18910715549807,0.2746,0.9328457289291716,0.07940654336827532,,,0.8,,0.8000115528708884,0.19998844712911157,0.9890648419964292,0.14519883992830623,10,0.025,0.15,1.0,0.9435393326906221,0.931215268192645,0.9213241968701172,0.9118357542018066,0.8915123420755492,0.8939384811599701,0.8883266574222038,0.8672553377187042,0.8551909911676161,0.8750032196754343,0.8638721248352297
5,1,1.8953062650769257,0.3184921504198613,5478,2.196585178375244,0.26733576642335766,1096,2.1890585573413706,0.275,0.9604905276248246,0.08266748660796422,,,0.9112355318180096,,0.9112822036276015,0.08871779637239852,0.9892438040588283,0.14522519816586058,10,0.025,0.15,0.9435393326906221,1.0,0.9478568236392472,0.943727680207822,0.9345605109792205,0.928128833868527,0.9283066368155245,0.9251709143088253,0.9067587545255331,0.8909547690773736,0.9093684550812771,0.9015972942991917
5,2,1.8976666199533563,0.30887966804979256,4820,2.1844543516635895,0.25933609958506226,964,2.189058789724036,0.275,0.9744055698690397,0.08409122804893791,,,0.9598014296939742,,0.9598372695614861,0.04016273043851393,0.9892556869858337,0.1452270174281602,10,0.025,0.15,0.931215268192645,0.9478568236392472,1.0,0.9557565270659806,0.9521687525523833,0.9409385485691419,0.9442953975285103,0.9430037962490474,0.9293379177671233,0.9140867459256744,0.9334710792531222,0.9271404321079738
5,3,1.918603036744254,0.30288243304584656,4406,2.1899166788373674,0.2690124858115778,881,2.1890593812435486,0.275,0.9775104073913127,0.08439020588667687,,,0.9699999999658885,,0.9700285520951957,0.029971447904804327,0.9892563762004527,0.14522711862822268,10,0.025,0.15,0.9213241968701172,0.943727680207822,0.9557565270659806,1.0,0.9529901810167257,0.9480019396712123,0.9433944814647774,0.9485700090535227,0.9396352272906188,0.9245340672218371,0.9409924443560925,0.9356001879165371
5,4,1.9214252778978058,0.3142023346303502,4112,2.1926382950374057,0.27858880778588807,822,2.189059139807013,0.275,0.9768764445571143,0.08429368662582157,,,0.9667075871507103,,0.9667524879932663,0.033247512006733704,0.9892566911943109,0.1452270966413895,10,0.025,0.15,0.9118357542018066,0.9345605109792205,0.9521687525523833,0.9529901810167257,1.0,0.9488594767224531,0.9544664635761303,0.9499916401115668,0.9412173481600472,0.9228375372616138,0.9390150246248661,0.9386090563577305
5,5,1.9446886516386463,0.29380303419902287,3889,2.189098221915109,0.2866323907455013,778,2.1890578903729403,0.275,0.9738418962015349,0.08404047941738611,,,0.9580703198264381,,0.9581043389282237,0.041895661071776336,0.9892540611690275,0.14522699633152117,10,0.025,0.15,0.8915123420755492,0.928128833868527,0.9409385485691419,0.9480019396712123,0.9488594767224531,1.0,0.9510071595422658,0.9491229452395622,0.9379811937428653,0.9266113521183261,0.94473013945327,0.9436735774165649
5,6,1.9539829217154405,0.3061169496092697,3711,2.1861393451690674,0.27897574123989216,742,2.1890581046478657,0.2751,0.9767792505283596,0.08416769073197174,,,0.962409683375909,,0.9624449175620141,0.03755508243798589,0.9892547690325055,0.14522704664744845,10,0.025,0.15,0.8939384811599701,0.9283066368155245,0.9442953975285103,0.9433944814647774,0.9544664635761303,0.9510071595422658,1.0,0.9569921071263265,0.9427148000794893,0.9331594632048442,0.946777231190971,0.9496603237403938
5,7,1.9462168404034206,0.29710998877665545,3564,2.1894661585489907,0.2664796633941094,713,2.189058976837351,0.275,0.9778986430767417,0.08404760917948985,,,0.958313526414548,,0.9583436483966266,0.04165635160337344,0.9892535141529635,0.14522699648577736,10,0.025,0.15,0.8883266574222038,0.9251709143088253,0.9430037962490474,0.9485700090535227,0.9499916401115668,0.9491229452395622,0.9569921071263265,1.0,0.9532911242243396,0.9420449542289989,0.953349739162565,0.9476689846164894
5,8,1.9337174146263687,0.3054344667247893,3441,2.188446124394735,0.27180232558139533,688,2.1890578692472435,0.275,0.9683893670492805,0.08339175122731537,,,0.935941254729697,,0.9359888432275421,0.06401115677245794,0.9892430511182319,0.14522651018681512,10,0.025,0.15,0.8672553377187042,0.9067587545255331,0.9293379177671233,0.9396352272906188,0.9412173481600472,0.9379811937428653,0.9427148000794893,0.9532911242243396,1.0,0.9358811791500853,0.9459414630011992,0.9466993686522276
5,9,1.9438435435295105,0.2969406118776245,3334,2.1922399202982583,0.27136431784107945,667,2.1890583068509644,0.2751,0.9577152838952199,0.08301357551794757,,,0.9230411295020666,,0.9230743839844201,0.0769256160155799,0.9892446318805617,0.1452259346032113,10,0.025,0.15,0.8551909911676161,0.8909547690773736,0.9140867459256744,0.9245340672218371,0.9228375372616138,0.9266113521183261,0.9331594632048442,0.9420449542289989,0.9358811791500853,1.0,0.942341133471767,0.9351899417691047
5,10,1.9780480559055622,0.289108299907436,3241,2.189411679903666,0.2762345679012346,648,2.189056734495525,0.2758,0.9712251011420576,0.08332793353067841,,,0.9337643399835542,,0.9338103018600122,0.06618969813998776,0.989242038222015,0.14522642585881246,10,0.025,0.15,0.8750032196754343,0.9093684550812771,0.9334710792531222,0.9409924443560925,0.9390150246248661,0.94473013945327,0.946777231190971,0.953349739162565,0.9459414630011992,0.942341133471767,1.0,0.9491312831287422
5,11,1.9661674418449402,0.28847736625514403,3159,2.1942975997924803,0.26582278481012656,632,2.1890582344200036,0.275,0.9677097512484503,0.08316180985753506,,,0.9280976191082088,,0.9281328910234193,0.07186710897658066,0.9892437088178485,0.14522618774129217,10,0.025,0.15,0.8638721248352297,0.9015972942991917,0.9271404321079738,0.9356001879165371,0.9386090563577305,0.9436735774165649,0.9496603237403938,0.9476689846164894,0.9466993686522276,0.9351899417691047,0.9491312831287422,1.0
6,0,1.8160911246582314,0.342045288531775,6845,2.146942962299694,0.3338203067932798,1369,2.1511024221589294,0.3055,0.9363880280413285,0.07990726091242895,,,0.8,,0.8000115528708884,0.19998844712911157,0.991553605220377,0.14497677385371396,10,0.025,0.15,1.0,0.9389116515780803,0.9283392559112046,0.9182646206706656,0.9057922133236671,0.8976759125192204,0.8968425034085465,0.891175834519124,0.8726958443776941,0.8660263822361862,0.8815336990963452,0.8704591563190753
6,1,1.8573500952055289,0.3321285140562249,5478,2.160685486263699,0.2956204379562044,1096,2.1510155080239985,0.3062,0.9612256684141021,0.08274377499209826,,,0.9114105547234435,,0.9114637487415623,0.08853625125843767,0.9917579832675086,0.14501316161753794,10,0.025,0.15,0.9389116515780803,1.0,0.9432434903412277,0.9398060151121913,0.9274674612405597,0.9287871708389928,0.9289824254829849,0.9235479371285304,0.9073432462911826,0.8976533364761691,0.9125998360923947,0.9037782233498329
6,2,1.855023339547609,0.3262448132780083,4820,2.144461154937744,0.28734439834024894,964,2.1510097407087496,0.3061,0.9716934263593252,0.08396990603671722,,,0.9595696457795189,,0.9596144641943523,0.04038553580564774,0.9917870087954636,0.14501563897155742,10,0.025,0.15,0.9283392559112046,0.9432434903412277,1.0,0.9490755461019782,0.9428147167783415,0.9388616497456664,0.9393874807672815,0.9372392165904849,0.9233309917993473,0.9154519359962565,0.9316196972138593,0.9222231369570871
6,3,1.8747411479268756,0.31838402178847025,4406,2.150860548019409,0.2973893303064699,881,2.1510100394864624,0.3061,0.9741387243351973,0.08423546298115901,,,0.9699999999607227,,0.9700285520951957,0.029971447904804327,0.9917917164708029,0.14501582109176675,10,0.025,0.15,0.9182646206706656,0.9398060151121913,0.9490755461019782,1.0,0.946371134862885,0.9443023347911077,0.9366179087281573,0.9415848113766122,0.9324129789605243,0.9241027873073913,0.9369273332686675,0.9297513233960125
6,4,1.8822245980754042,0.3280398832684825,4112,2.1550516060420444,0.3150851581508516,822,2.1510108120833773,0.3061,0.9723910681672204,0.08411841738912079,,,0.9654027675935799,,0.9654404119423676,0.03455958805763237,0.9917894601049961,0.1450157591577647,10,0.025,0.15,0.9057922133236671,0.9274674612405597,0.9428147167783415,0.946371134862885,1.0,0.9402308033219184,0.9471761702578274,0.9440632935967217,0.9349394496827593,0.9242150379153902,0.9355044026631835,0.9297058865639826
6,5,1.905524141942301,0.30755978400617123,3889,2.151466029030936,0.3149100257069409,778,2.151009097883973,0.3061,0.9719456745594678,0.08394663837954233,,,0.9586557555183883,,0.9586984865739137,0.041301513426086345,0.9917864636934407,0.14501561880984723,10,0.025,0.15,0.8976759125192204,0.9287871708389928,0.9388616497456664,0.9443023347911077,0.9402308033219184,1.0,0.9448220442146275,0.9428057568202646,0.9304809451676365,0.9271241371236858,0.9414555777135154,0.9365020044166026
6,6,1.9090512201703829,0.31929399083804905,3711,2.1477007468541465,0.3018867924528302,742,2.1510096501700486,0.3061,0.9743584954646595,0.08410447937023992,,,0.9648553201381296,,0.9648957766004852,0.0351042233995148,0.9917891433312752,0.14501574481850385,10,0.025,0.15,0.8968425034085465,0.9289824254829849,0.9393874807672815,0.9366179087281573,0.9471761702578274,0.9448220442146275,1.0,0.9539019264657053,0.9360148065388557,0.9316686633778227,0.9423117581771844,0.9431373085260575
6,7,1.9040299641234535,0.3121773288439955,3564,2.152602473894755,0.2917251051893408,713,2.1510107577601567,0.3061,0.9753978482902387,0.08406388388044268,,,0.9632608397616715,,0.9632948787773762,0.036705121222623815,0.9917875317444035,0.14501571193163743,10,0.025,0.15,0.891175834519124,0.9235479371285304,0.9372392165904849,0.9415848113766122,0.9440632935967217,0.9428057568202646,0.9539019264657053,1.0,0.9478050428014302,0.9394462077997129,0.9485919814213384,0.9425450849344222
6,8,1.890188452049538,0.32586457425167104,3441,2.151423970858256,0.3023255813953488,688,2.1510103382641756,0.3061,0.9658665042393982,0.08334515533937442,,,0.9350311383722387,,0.9350728656071033,0.06492713439289666,0.9917835088048709,0.145014754069634,10,0.025,0.15,0.8726958443776941,0.9073432462911826,0.9233309917993473,0.9324129789605243,0.9349394496827593,0.9304809451676365,0.9360148065388557,0.9478050428014302,1.0,0.9348362977499646,0.9419633912161828,0.9403278037981377
6,9,1.8945555656044573,0.31499700059988,3334,2.154531558354696,0.3118440779610195,667,2.1510141378716576,0.3062,0.9601558717361618,0.08292370979023363,,,0.9184779039807578,,0.918527504084765,0.08147249591523498,0.9917737401876202,0.1450137461296696,10,0.025,0.15,0.8660263822361862,0.8976533364761691,0.9154519359962565,0.9241027873073913,0.9242150379153902,0.9271241371236858,0.9316686633778227,0.9394462077997129,0.9348362977499646,1.0,0.9397689976810749,0.9359455344726563
