round,client_id,client_i_training_loss,client_i_training_accuracy,client_i_training_dataset_size,client_i_evaluation_loss,client_i_evaluation_accuracy,client_i_evaluation_dataset_size,client_i_central_evaluation_loss,client_i_central_evaluation_accuracy,client_i_cosine_similarity,client_i_importance_coefficient,client_i_tanh_val,tanh_normalization_value,client_i_q,client_i_mask_order,client_i_v_nonzero_fraction,client_i_v_sparsity,client_i_v_cosine_similarity,client_i_reward_gradient_norm,local_epochs,learning_rate,gamma,client_0_cosine_similarity,client_1_cosine_similarity,client_2_cosine_similarity,client_3_cosine_similarity,client_4_cosine_similarity,client_5_cosine_similarity,client_6_cosine_similarity,client_7_cosine_similarity,client_8_cosine_similarity,client_9_cosine_similarity,client_10_cosine_similarity,client_11_cosine_similarity
0,0,1.8885850623423952,0.45485756026296564,8214,2.2565198887226194,0.26369612856099345,1369,2.261344785507495,0.2472,0.9722711536145846,0.0818889630874365,,,,,,,0,0,5,0.001,0.1,1.0,0.9914035675787611,0.9800756374114937,0.9720822579718769,0.9624896493195336,0.9568121094131823,0.9472186720557557,0.9408413368291213,0.9372262388750109,0.9322825873465622,0.925018816324453,0.9208224632021931
0,1,2.0348015473884287,0.41846668694858535,6574,2.2601358890533447,0.2545620437956204,1096,2.261344785507495,0.2472,0.9894651141906852,0.08333711425155227,,,,,,,0,0,5,0.001,0.1,0.9914035675787611,1.0,0.992510293247532,0.9899010344863243,0.9840182084617348,0.9804795729017161,0.9731741964353692,0.9660054923884498,0.9621683770613189,0.957848391588753,0.9526524857124226,0.9512722990994966
0,2,2.1034176893655765,0.38582050838665055,5783,2.2704258657270864,0.21784232365145229,964,2.261344785507495,0.2472,0.9962506357299596,0.08390862079146441,,,,,,,0,0,5,0.001,0.1,0.9800756374114937,0.992510293247532,1.0,0.9940211452429718,0.9920327496186307,0.9863506017557844,0.9854698846811393,0.9835413705886938,0.9779027423619133,0.9742323420571065,0.9724003497390951,0.9712522457406386
0,3,2.1283736234687898,0.39421221864951767,5287,2.258614889213017,0.2508513053348468,881,2.261344785507495,0.2472,0.9972492439453406,0.08399272797800812,,,,,,,0,0,5,0.001,0.1,0.9720822579718769,0.9899010344863243,0.9940211452429718,1.0,0.9951094453348666,0.9937101791036403,0.9902726652803462,0.9838204002805853,0.9805855859428763,0.980374156021101,0.9781611335892528,0.9751714277585131
0,4,2.1517959813148746,0.38261398176291794,4935,2.2711372650586643,0.21532846715328466,822,2.261344785507495,0.2472,0.9964847856294387,0.08392834192831401,,,,,,,0,0,5,0.001,0.1,0.9624896493195336,0.9840182084617348,0.9920327496186307,0.9951094453348666,1.0,0.9946073623837943,0.992034421914211,0.9891772493099905,0.9843681820517237,0.980090886647999,0.9820903759453862,0.9806116211645655
0,5,2.15460415474356,0.3949003642596957,4667,2.262586431503296,0.2506426735218509,778,2.261344785507495,0.2472,0.9943724164729467,0.0837504288849825,,,,,,,0,0,5,0.001,0.1,0.9568121094131823,0.9804795729017161,0.9863506017557844,0.9937101791036403,0.9946073623837943,1.0,0.991757444999231,0.9850219930892101,0.984266834861445,0.9813491142821898,0.9826766652795212,0.9801858304126673
0,6,2.174702664102827,0.34556478778351674,4453,2.2609858214855194,0.2358490566037736,742,2.261344785507495,0.2472,0.9938195477874804,0.08370386384681591,,,,,,,0,0,5,0.001,0.1,0.9472186720557557,0.9731741964353692,0.9854698846811393,0.9902726652803462,0.992034421914211,0.991757444999231,1.0,0.9907992680581375,0.9889055815378884,0.9875888632134844,0.9905274317981703,0.9887307575546174
0,7,2.186208571426904,0.32569558101472995,4277,2.2641647276671035,0.2482468443197756,713,2.261344785507495,0.2472,0.9907127531012316,0.08344219590116447,,,,,,,0,0,5,0.001,0.1,0.9408413368291213,0.9660054923884498,0.9835413705886938,0.9838204002805853,0.9891772493099905,0.9850219930892101,0.9907992680581375,1.0,0.9880882627552702,0.9872188864010342,0.9899670715364237,0.9925927243622257
0,8,2.1900407813145564,0.3330588520222814,4129,2.2564212517304854,0.27906976744186046,688,2.261344785507495,0.2472,0.9881025230443856,0.08322235081784578,,,,,,,0,0,5,0.001,0.1,0.9372262388750109,0.9621683770613189,0.9779027423619133,0.9805855859428763,0.9843681820517237,0.984266834861445,0.9889055815378884,0.9880882627552702,1.0,0.9882253884398834,0.9912445672793941,0.9868488250890648
0,9,2.193230007754432,0.29747563109222697,4001,2.263499203182402,0.24587706146926536,667,2.261344785507495,0.2472,0.9859592584115604,0.0830418356212861,,,,,,,0,0,5,0.001,0.1,0.9322825873465622,0.957848391588753,0.9742323420571065,0.980374156021101,0.980090886647999,0.9813491142821898,0.9875888632134844,0.9872188864010342,0.9882253884398834,1.0,0.9913346993975384,0.9893959442163175
0,10,2.204001012591065,0.3194137310362561,3889,2.2591500395820256,0.24845679012345678,648,2.261344785507495,0.2472,0.9850904356720267,0.0829686595397139,,,,,,,0,0,5,0.001,0.1,0.925018816324453,0.9526524857124226,0.9724003497390951,0.9781611335892528,0.9820903759453862,0.9826766652795212,0.9905274317981703,0.9899670715364237,0.9912445672793941,0.9913346993975384,1.0,0.9926068010583645
0,11,2.2065574806277493,0.3063571616987602,3791,2.2555889964103697,0.25316455696202533,632,2.261344785507495,0.2472,0.9832648106480654,0.08281489735141603,,,,,,,0,0,5,0.001,0.1,0.9208224632021931,0.9512722990994966,0.9712522457406386,0.9751714277585131,0.9806116211645655,0.9801858304126673,0.9887307575546174,0.9925927243622257,0.9868488250890648,0.9893959442163175,0.9926068010583645,1.0
1,0,1.6422991371804174,0.5411249086924763,8214,2.1917353840761407,0.3046018991964938,1369,2.1964242458343506,0.2779,0.9843546823287621,0.08209458630951089,,,,,,,0,0,5,0.001,0.1,1.0,0.9959119047697249,0.9921764081944011,0.987667387151234,0.9832989603426333,0.9798916051481108,0.9763944087233738,0.9730875923191101,0.9696066904469396,0.9697994954945417,0.9646000597290538,0.9638830601279936
1,1,1.785914025781224,0.5145117128080317,6574,2.1950327941349577,0.29014598540145986,1096,2.1964242458343506,0.2779,0.9929834290537904,0.08326266082943651,,,,,,,0,0,5,0.001,0.1,0.9959119047697249,1.0,0.9972557735748474,0.9949184922211841,0.9922793750729292,0.9897930933354536,0.9869861431788534,0.9847493607143261,0.9811995843589268,0.9816279117679408,0.9775480073675061,0.976957983272958
1,2,1.8721377773179533,0.4997060349299671,5783,2.205374317784463,0.237551867219917,964,2.1964242458343506,0.2779,0.9970371046337018,0.08374459036588096,,,,,,,0,0,5,0.001,0.1,0.9921764081944011,0.9972557735748474,1.0,0.9974845887053946,0.9958580660622149,0.9934817959523367,0.9929269016415805,0.9913223988597194,0.98792301535434,0.9883946477434503,0.9858161986971021,0.9849371986169516
1,3,1.9133417089301419,0.5023264611310763,5287,2.193694932120187,0.27695800227014755,881,2.1964242458343506,0.2779,0.9980441413236787,0.08382878004485952,,,,,,,0,0,5,0.001,0.1,0.987667387151234,0.9949184922211841,0.9974845887053946,1.0,0.9972247279262947,0.9961508128365394,0.9949876613267222,0.9929067021003569,0.9900490754628758,0.9910491210492316,0.9895433678734554,0.9875520437742459
1,4,1.9505498456954955,0.4880243161094225,4935,2.204491147628197,0.2384428223844282,822,2.1964242458343506,0.2779,0.9984035166131664,0.08380085895418853,,,,,,,0,0,5,0.001,0.1,0.9832989603426333,0.9922793750729292,0.9958580660622149,0.9972247279262947,1.0,0.9970216970100853,0.99588852923143,0.9950759689913524,0.9926299752843459,0.9926179280649636,0.9916033497903354,0.9902890339030486
1,5,1.9567367890109755,0.4951789157917292,4667,2.1974263858795164,0.2827763496143959,778,2.1964242458343506,0.2779,0.9975243260395242,0.08366320095459275,,,,,,,0,0,5,0.001,0.1,0.9798916051481108,0.9897930933354536,0.9934817959523367,0.9961508128365394,0.9970216970100853,1.0,0.995069157401546,0.9942855311181086,0.9923665893922656,0.9923468394876523,0.9925720062993738,0.9902880717060358
1,6,1.9977605262824467,0.44832697058163035,4453,2.19617552558581,0.26819407008086255,742,2.1964242458343506,0.2779,0.9979476824772348,0.08364829028966915,,,,,,,0,0,5,0.001,0.1,0.9763944087233738,0.9869861431788534,0.9929269016415805,0.9949876613267222,0.99588852923143,0.995069157401546,1.0,0.996775604705602,0.9938013182116174,0.9953108222684859,0.995781662382494,0.994413344809368
1,7,2.0151185097979076,0.46700958615852234,4277,2.2006267153698467,0.27489481065918653,713,2.1964242458343506,0.2779,0.9973079704145389,0.08346694328817238,,,,,,,0,0,5,0.001,0.1,0.9730875923191101,0.9847493607143261,0.9913223988597194,0.9929067021003569,0.9950759689913524,0.9942855311181086,0.996775604705602,1.0,0.995004087685797,0.9952727613072718,0.9959200564495687,0.9962992739935047
1,8,2.030221533041734,0.45148946476144347,4129,2.189551754431291,0.30523255813953487,688,2.1964242458343506,0.2779,0.9950439682383179,0.08325878381607611,,,,,,,0,0,5,0.001,0.1,0.9696066904469396,0.9811995843589268,0.98792301535434,0.9900490754628758,0.9926299752843459,0.9923665893922656,0.9938013182116174,0.995004087685797,1.0,0.9936952677783797,0.9945461752699011,0.9928445167757242
1,9,2.0356022726921807,0.4385403649087728,4001,2.1978258405412947,0.2683658170914543,667,2.1964242458343506,0.2779,0.995651311970264,0.08316756920622118,,,,,,,0,0,5,0.001,0.1,0.9697994954945417,0.9816279117679408,0.9883946477434503,0.9910491210492316,0.9926179280649636,0.9923468394876523,0.9953108222684859,0.9952727613072718,0.9936952677783797,1.0,0.9955469015541017,0.99527666242643
1,10,2.055801403131641,0.45296991514528157,3889,2.19463696933928,0.2762345679012346,648,2.1964242458343506,0.2779,0.9947545140436594,0.08309365424961782,,,,,,,0,0,5,0.001,0.1,0.9646000597290538,0.9775480073675061,0.9858161986971021,0.9895433678734554,0.9916033497903354,0.9925720062993738,0.995781662382494,0.9959200564495687,0.9945461752699011,0.9955469015541017,1.0,0.9967068482698077
1,11,2.061220694590016,0.441519388024268,3791,2.1916653513908386,0.3037974683544304,632,2.1964242458343506,0.2779,0.9938523017096826,0.08297008169177433,,,,,,,0,0,5,0.001,0.1,0.9638830601279936,0.976957983272958,0.9849371986169516,0.9875520437742459,0.9902890339030486,0.9902880717060358,0.994413344809368,0.9962992739935047,0.9928445167757242,0.99527666242643,0.9967068482698077,1.0
2,0,1.464172687094499,0.588945702459216,8214,2.1102508278780205,0.36449963476990505,1369,2.1147687922651395,0.3326,0.9891651704202715,0.08232792552707942,,,,,,,0,0,5,0.001,0.1,1.0,0.9963889484588223,0.9942844618494624,0.9909212533745372,0.9878909552096202,0.985171440747669,0.9843070768683829,0.9812124334043592,0.978935043243402,0.979388276735428,0.9768355118766343,0.9763808053140661
2,1,1.583424183060822,0.5772436872528142,6574,2.1132955074310305,0.33667883211678834,1096,2.1147687922651395,0.3326,0.9953274958294911,0.08324377640003015,,,,,,,0,0,5,0.001,0.1,0.9963889484588223,1.0,0.9979251951123729,0.9960755643087958,0.9945452785936819,0.9924556397108074,0.9915969297357158,0.9897780870081467,0.9872254855029897,0.9877135262819302,0.9858398974809072,0.9857648608710893
2,2,1.662879542092592,0.5662804772609372,5783,2.123843877546249,0.29564315352697096,964,2.1147687922651395,0.3326,0.9976060145979999,0.08361311675489126,,,,,,,0,0,5,0.001,0.1,0.9942844618494624,0.9979251951123729,1.0,0.9975608074568663,0.9964412755358875,0.9946868128939824,0.9948351942106743,0.9936345754070108,0.9912102909016899,0.991412744795118,0.9902501585800371,0.9902750896900628
2,3,1.7041956864207624,0.5623605069037261,5287,2.111822315624782,0.3507377979568672,881,2.1147687922651395,0.3326,0.9985995208809528,0.08369687059511546,,,,,,,0,0,5,0.001,0.1,0.9909212533745372,0.9960755643087958,0.9975608074568663,1.0,0.997728474599621,0.9969426074957273,0.996740354107812,0.9952073538871697,0.9933120638641024,0.993913835722334,0.993510858008166,0.9924327481851638
2,4,1.7426031286485733,0.5480445795339413,4935,2.120673023737394,0.2956204379562044,822,2.1147687922651395,0.3326,0.9989005437635536,0.08368945878111668,,,,,,,0,0,5,0.001,0.1,0.9878909552096202,0.9945452785936819,0.9964412755358875,0.997728474599621,1.0,0.9976309918513637,0.9972041479678707,0.9967154233724073,0.9950507510291376,0.9952172728400223,0.9950155934337154,0.9944767998059936
2,5,1.7474797549313061,0.5604885365331048,4667,2.115441427230835,0.33161953727506427,778,2.1147687922651395,0.3326,0.9982666727093653,0.08358450856623843,,,,,,,0,0,5,0.001,0.1,0.985171440747669,0.9924556397108074,0.9946868128939824,0.9969426074957273,0.9976309918513637,1.0,0.9968431680735602,0.9963340800832307,0.9948478664621283,0.9952159165961743,0.9956785779730333,0.9945068485613561
2,6,1.7969230890274048,0.5250392993487536,4453,2.1147385636965432,0.3247978436657682,742,2.1147687922651395,0.3326,0.9986418802610774,0.08358747696684113,,,,,,,0,0,5,0.001,0.1,0.9843070768683829,0.9915969297357158,0.9948351942106743,0.996740354107812,0.9972041479678707,0.9968431680735602,1.0,0.9978383380282767,0.9959270915435077,0.9961897804461803,0.9970945690691176,0.9962271667877688
2,7,1.8173175164123079,0.5465980827682956,4277,2.1204046684762705,0.3338008415147265,713,2.1147687922651395,0.3326,0.998131434012463,0.08345970241887422,,,,,,,0,0,5,0.001,0.1,0.9812124334043592,0.9897780870081467,0.9936345754070108,0.9952073538871697,0.9967154233724073,0.9963340800832307,0.9978383380282767,1.0,0.9963331002062097,0.996634995490808,0.9974226127050697,0.9975722549510202
2,8,1.8367688210193927,0.5309760232501817,4129,2.1055457158522173,0.35174418604651164,688,2.1147687922651395,0.3326,0.9965200549343942,0.08327991517459186,,,,,,,0,0,5,0.001,0.1,0.978935043243402,0.9872254855029897,0.9912102909016899,0.9933120638641024,0.9950507510291376,0.9948478664621283,0.9959270915435077,0.9963331002062097,1.0,0.9953567821003513,0.99605451759949,0.9951579740914488
2,9,1.8477494171687534,0.5275681079730068,4001,2.1151851131802513,0.32083958020989506,667,2.1147687922651395,0.3326,0.9969100259289153,0.08323653470596205,,,,,,,0,0,5,0.001,0.1,0.979388276735428,0.9877135262819302,0.991412744795118,0.993913835722334,0.9952172728400223,0.9952159165961743,0.9961897804461803,0.996634995490808,0.9953567821003513,1.0,0.9966711414239605,0.9963720892538622
2,10,1.871216006943437,0.5253278477757778,3889,2.1131018570491245,0.3256172839506173,648,2.1147687922651395,0.3326,0.9967287577806068,0.08318532034869366,,,,,,,0,0,5,0.001,0.1,0.9768355118766343,0.9858398974809072,0.9902501585800371,0.993510858008166,0.9950155934337154,0.9956785779730333,0.9970945690691176,0.9974226127050697,0.99605451759949,0.9966711414239605,1.0,0.9975165104123348
2,11,1.878985846944216,0.5327354260089686,3791,2.1113851189613344,0.34335443037974683,632,2.1147687922651395,0.3326,0.9962924111928037,0.0830953937605658,,,,,,,0,0,5,0.001,0.1,0.9763808053140661,0.9857648608710893,0.9902750896900628,0.9924327481851638,0.9944767998059936,0.9945068485613561,0.9962271667877688,0.9975722549510202,0.9951579740914488,0.9963720892538622,0.9975165104123348,1.0
3,0,1.3316782559402258,0.6227416605794984,8214,2.0115518874900284,0.4777209642074507,1369,2.015774345245605,0.4556,0.9904946314728984,0.0825017993586289,,,,,,,0,0,5,0.001,0.1,1.0,0.9963491265114061,0.994467154267127,0.9917479919884521,0.9889395534607046,0.9864036130627158,0.986332939223944,0.9834285980726786,0.9814754216496847,0.9820728745353372,0.980380947718852,0.9805427991538407
3,1,1.4286427547630753,0.6169455430483723,6574,2.0142718621662685,0.4552919708029197,1096,2.015774345245605,0.4556,0.9960131448038821,0.0832419630449921,,,,,,,0,0,5,0.001,0.1,0.9963491265114061,1.0,0.9977663107945077,0.9962590314864341,0.9949608269634375,0.9930979586744955,0.9928261247521575,0.9910843849739537,0.9887372634954813,0.9897498458110028,0.9883859701541303,0.9888609298327408
3,2,1.4957004020227254,0.608403942590351,5783,2.024998426437378,0.4139004149377593,964,2.015774345245605,0.4556,0.9978849704610506,0.08352903212516286,,,,,,,0,0,5,0.001,0.1,0.994467154267127,0.9977663107945077,1.0,0.9975320950248809,0.9964689526370918,0.9952897724843123,0.9954210460469635,0.9944039977861181,0.9916713559013247,0.9926197716171231,0.9921581951579581,0.992635542240957
3,3,1.5310662630092666,0.6089275581615283,5287,2.0125700448240553,0.4676503972758229,881,2.015774345245605,0.4556,0.9985521902353134,0.08360196906517268,,,,,,,0,0,5,0.001,0.1,0.9917479919884521,0.9962590314864341,0.9975320950248809,1.0,0.997128751864275,0.9968544714180658,0.9969473982658731,0.9954733571116477,0.9935835937179784,0.9944921048315822,0.9943761155022018,0.993983569234071
3,4,1.5663710756455698,0.5866261398176292,4935,2.0192261980130124,0.44038929440389296,822,2.015774345245605,0.4556,0.9987533919714507,0.0836039188769945,,,,,,,0,0,5,0.001,0.1,0.9889395534607046,0.9949608269634375,0.9964689526370918,0.997128751864275,1.0,0.9973958617405569,0.9968853938249802,0.9967279093209319,0.995476844778926,0.9958380075628253,0.9955126440430182,0.9954253871027596
3,5,1.5684299289363703,0.6063424041139919,4667,2.015919179916382,0.4640102827763496,778,2.015774345245605,0.4556,0.9984400472351677,0.08352940418822312,,,,,,,0,0,5,0.001,0.1,0.9864036130627158,0.9930979586744955,0.9952897724843123,0.9968544714180658,0.9973958617405569,1.0,0.9969382215263934,0.9969075318552828,0.9957185955585713,0.9960201645291938,0.996499382146383,0.9958639153938426
3,6,1.6174260731254304,0.5738154053447114,4453,2.0158592810233436,0.4366576819407008,742,2.015774345245605,0.4556,0.9986824299259619,0.0835390530057917,,,,,,,0,0,5,0.001,0.1,0.986332939223944,0.9928261247521575,0.9954210460469635,0.9969473982658731,0.9968853938249802,0.9969382215263934,1.0,0.9978409926847808,0.996216364161425,0.9963446585354618,0.9973488398705029,0.9967913304492251
3,7,1.636195693176184,0.5927051671732523,4277,2.0230214388474175,0.4417952314165498,713,2.015774345245605,0.4556,0.998246707338091,0.08344658166356415,,,,,,,0,0,5,0.001,0.1,0.9834285980726786,0.9910843849739537,0.9944039977861181,0.9954733571116477,0.9967279093209319,0.9969075318552828,0.9978409926847808,1.0,0.9964989607285657,0.996929206068234,0.9975518919098376,0.997813859237938
3,8,1.6632626019074366,0.5780576410753209,4129,2.003640288656408,0.4796511627906977,688,2.015774345245605,0.4556,0.9968301581893242,0.08329052162899542,,,,,,,0,0,5,0.001,0.1,0.9814754216496847,0.9887372634954813,0.9916713559013247,0.9935835937179784,0.995476844778926,0.9957185955585713,0.996216364161425,0.9964989607285657,1.0,0.9960494281343035,0.9965857413566197,0.995700978433212
3,9,1.6657931609759256,0.591102224443889,4001,2.014973981039865,0.4587706146926537,667,2.015774345245605,0.4556,0.9973162038145689,0.08327960040395427,,,,,,,0,0,5,0.001,0.1,0.9820728745353372,0.9897498458110028,0.9926197716171231,0.9944921048315822,0.9958380075628253,0.9960201645291938,0.9963446585354618,0.996929206068234,0.9960494281343035,1.0,0.9967666600324755,0.9966504913668706
3,10,1.6914247186457525,0.5799948572897917,3889,2.014204638344901,0.4506172839506173,648,2.015774345245605,0.4556,0.9972930591837431,0.08324742875234832,,,,,,,0,0,5,0.001,0.1,0.980380947718852,0.9883859701541303,0.9921581951579581,0.9943761155022018,0.9955126440430182,0.996499382146383,0.9973488398705029,0.9975518919098376,0.9965857413566197,0.9967666600324755,1.0,0.9976712426731834
3,11,1.6982813999432476,0.5830123977842258,3791,2.014007902145386,0.4778481012658228,632,2.015774345245605,0.4556,0.9971839514814035,0.08318872788617182,,,,,,,0,0,5,0.001,0.1,0.9805427991538407,0.9888609298327408,0.992635542240957,0.993983569234071,0.9954253871027596,0.9958639153938426,0.9967913304492251,0.997813859237938,0.995700978433212,0.9966504913668706,0.9976712426731834,1.0
4,0,1.229971761972524,0.6446067689310933,8214,1.8967208335565966,0.5551497443389335,1369,1.9005255017417688,0.5337,0.9908097077490621,0.0826172453378781,,,,,,,0,0,5,0.001,0.1,1.0,0.995932261318354,0.9941944774118683,0.9915105670791722,0.9890352987810316,0.9862359410038696,0.9871220328837849,0.9838006287895305,0.9831742311873842,0.9825193941521472,0.9812148135152398,0.981676932328953
4,1,1.3067096533705886,0.6386066321874049,6574,1.899198395865304,0.5346715328467153,1096,1.9005255017417688,0.5337,0.9961091128037158,0.08324252392641429,,,,,,,0,0,5,0.001,0.1,0.995932261318354,1.0,0.9972814958106917,0.995933074938398,0.994705902294519,0.9928411483208415,0.993206010299721,0.9911722920902691,0.989848475683612,0.9899993219530557,0.9889523933468947,0.9898723116750502
4,2,1.3621185461460557,0.6417430399446654,5783,1.9099896607860443,0.4948132780082988,964,1.9005255017417688,0.5337,0.9977579954473934,0.08347190920132051,,,,,,,0,0,5,0.001,0.1,0.9941944774118683,0.9972814958106917,1.0,0.9971303710316526,0.9959879365284245,0.995024744265656,0.9953736478401629,0.994442384193234,0.9923767399983061,0.9924552715592098,0.9920246515984867,0.9931460672178802
4,3,1.3913048175444085,0.6330243994703991,5287,1.8969876723630088,0.5448354143019296,881,1.9005255017417688,0.5337,0.9984812386189269,0.0835400171250115,,,,,,,0,0,5,0.001,0.1,0.9915105670791722,0.995933074938398,0.9971303710316526,1.0,0.9969440900717669,0.9964994137949748,0.996881566869036,0.9955982290501527,0.9942896279252624,0.9944642127211328,0.9944928267368932,0.994312561888262
4,4,1.4233348490345863,0.6228976697061803,4935,1.901133390573355,0.5291970802919708,822,1.9005255017417688,0.5337,0.9985715577903129,0.0835441301743598,,,,,,,0,0,5,0.001,0.1,0.9890352987810316,0.994705902294519,0.9959879365284245,0.9969440900717669,1.0,0.9969996669147703,0.9965866888714817,0.9965002115095761,0.9959165650074489,0.9956666184201843,0.9952177753202872,0.9955559820413242
4,5,1.4215310086942698,0.634840368545104,4667,1.8998077392578125,0.5334190231362468,778,1.9005255017417688,0.5337,0.9983223710871141,0.08349036301374539,,,,,,,0,0,5,0.001,0.1,0.9862359410038696,0.9928411483208415,0.995024744265656,0.9964994137949748,0.9969996669147703,1.0,0.9967808966161261,0.9968352511260625,0.996082498139351,0.9963898145182852,0.9963217499184945,0.9961018698820292
4,6,1.465194052202361,0.6134291488883898,4453,1.9005159934361775,0.5134770889487871,742,1.9005255017417688,0.5337,0.9986849057065137,0.08350799067807543,,,,,,,0,0,5,0.001,0.1,0.9871220328837849,0.993206010299721,0.9953736478401629,0.996881566869036,0.9965866888714817,0.9967808966161261,1.0,0.9975978698634773,0.99661705449578,0.9966175982027935,0.9971217722106951,0.9965552103610981
4,7,1.483424281718126,0.6239887771802666,4277,1.909272665562837,0.5133239831697055,713,1.9005255017417688,0.5337,0.9981724784117209,0.0834347049264452,,,,,,,0,0,5,0.001,0.1,0.9838006287895305,0.9911722920902691,0.994442384193234,0.9955982290501527,0.9965002115095761,0.9968352511260625,0.9975978698634773,1.0,0.9966923694374933,0.9967447397289975,0.9972059611544282,0.9977145405417154
4,8,1.5141446026471945,0.6056187938968273,4129,1.884977313605222,0.5697674418604651,688,1.9005255017417688,0.5337,0.9972777929460521,0.08331005858696164,,,,,,,0,0,5,0.001,0.1,0.9831742311873842,0.989848475683612,0.9923767399983061,0.9942896279252624,0.9959165650074489,0.996082498139351,0.99661705449578,0.9966923694374933,1.0,0.9959865916651673,0.9966385837934248,0.9959852369603902
4,9,1.5088547222198,0.6128467883029243,4001,1.8985391230810256,0.5262368815592204,667,1.9005255017417688,0.5337,0.9973824161493358,0.0833067362548058,,,,,,,0,0,5,0.001,0.1,0.9825193941521472,0.9899993219530557,0.9924552715592098,0.9944642127211328,0.9956666184201843,0.9963898145182852,0.9966175982027935,0.9967447397289975,0.9959865916651673,1.0,0.9969504585966171,0.9970615208840358
4,10,1.5346187705876397,0.6167652352789921,3889,1.8989862373897008,0.5354938271604939,648,1.9005255017417688,0.5337,0.997249114456203,0.08328269189148482,,,,,,,0,0,5,0.001,0.1,0.9812148135152398,0.9889523933468947,0.9920246515984867,0.9944928267368932,0.9952177753202872,0.9963217499184945,0.9971217722106951,0.9972059611544282,0.9966385837934248,0.9969504585966171,1.0,0.9971075193510053
4,11,1.539073602391892,0.6165127934581904,3791,1.9009092032909394,0.5490506329113924,632,1.9005255017417688,0.5337,0.9974025269365266,0.08325162888349767,,,,,,,0,0,5,0.001,0.1,0.981676932328953,0.9898723116750502,0.9931460672178802,0.994312561888262,0.9955559820413242,0.9961018698820292,0.9965552103610981,0.9977145405417154,0.9959852369603902,0.9970615208840358,0.9971075193510053,1.0
5,0,1.147908895535228,0.6609934258582907,8214,1.7692647534747457,0.6033601168736303,1369,1.7724449722149882,0.5934,0.9907099443000198,0.08269069232699383,,,,,,,0,0,5,0.001,0.1,1.0,0.9950919105808568,0.993790098351144,0.9908905119599198,0.9884433912240201,0.9858006745228645,0.9866940967150142,0.9836632488354667,0.9834434355975734,0.9823359776677894,0.9813167537016424,0.981579465734464
5,1,1.2094015747019389,0.6567386674779434,6574,1.7713552032198225,0.6012773722627737,1096,1.7724449722149882,0.5934,0.9959951002553145,0.08324505962347135,,,,,,,0,0,5,0.001,0.1,0.9950919105808568,1.0,0.9969453011391327,0.9953993856158455,0.9943374914349827,0.9925411174846954,0.9925363638648012,0.9910511449813345,0.9898531834482555,0.9896491723158076,0.989182947537109,0.9896083850321086
5,2,1.2546131541057186,0.6625626837281687,5783,1.7818922842702558,0.5549792531120332,964,1.7724449722149882,0.5934,0.9976169022715565,0.083438190847242,,,,,,,0,0,5,0.001,0.1,0.993790098351144,0.9969453011391327,1.0,0.996674057193981,0.9954393428341036,0.9947789585643907,0.9947885434317368,0.994213337286987,0.9920035217426544,0.9919664888467966,0.9920729742868931,0.9928951810663237
5,3,1.2788164651537517,0.6497446567051258,5287,1.768526324204036,0.5981838819523269,881,1.7724449722149882,0.5934,0.9983625894614867,0.08350406526086339,,,,,,,0,0,5,0.001,0.1,0.9908905119599198,0.9953993856158455,0.996674057193981,1.0,0.9964164964346371,0.9962923285946976,0.9964810187232859,0.9954319073832747,0.9940292651097087,0.9943429306348613,0.9942430372529041,0.9942526479599954
5,4,1.3066453686837227,0.6423505572441742,4935,1.769969330384181,0.5815085158150851,822,1.7724449722149882,0.5934,0.9983639301209777,0.08350663238732348,,,,,,,0,0,5,0.001,0.1,0.9884433912240201,0.9943374914349827,0.9954393428341036,0.9964164964346371,1.0,0.9966476783634224,0.9958495089163704,0.9960570155553714,0.9954415968389702,0.99554724935604,0.9949928636694074,0.9952788168329049
5,5,1.3023949214856918,0.6560102849796443,4667,1.7707043600082397,0.6053984575835476,778,1.7724449722149882,0.5934,0.9981325070384373,0.08346616611481526,,,,,,,0,0,5,0.001,0.1,0.9858006745228645,0.9925411174846954,0.9947789585643907,0.9962923285946976,0.9966476783634224,1.0,0.9958791728765307,0.9965448524461782,0.9955894293559009,0.9957031566156874,0.9961243772644269,0.9957604330492474
5,6,1.3423379546403884,0.634987648776106,4453,1.7722116162379582,0.5741239892183289,742,1.7724449722149882,0.5934,0.998279654241106,0.08348173491272592,,,,,,,0,0,5,0.001,0.1,0.9866940967150142,0.9925363638648012,0.9947885434317368,0.9964810187232859,0.9958495089163704,0.9958791728765307,1.0,0.9970583037700035,0.9960185580058564,0.9956806751533577,0.9966146070895157,0.995830004743314
5,7,1.356527727308558,0.646481178396072,4277,1.7826505588448567,0.5750350631136045,713,1.7724449722149882,0.5934,0.9980541130924753,0.08342948169839655,,,,,,,0,0,5,0.001,0.1,0.9836632488354667,0.9910511449813345,0.994213337286987,0.9954319073832747,0.9960570155553714,0.9965448524461782,0.9970583037700035,1.0,0.9960639866787155,0.9961801615514573,0.997204037073433,0.9972430787505494
5,8,1.3848803175412692,0.6324533785420199,4129,1.7530696392059326,0.626453488372093,688,1.7724449722149882,0.5934,0.9970349977401821,0.08332008395190706,,,,,,,0,0,5,0.001,0.1,0.9834434355975734,0.9898531834482555,0.9920035217426544,0.9940292651097087,0.9954415968389702,0.9955894293559009,0.9960185580058564,0.9960639866787155,1.0,0.9948825304385505,0.9962365976136678,0.9949683167948861
5,9,1.3789684131031945,0.6452886778305423,4001,1.7695950780596053,0.5847076461769115,667,1.7724449722149882,0.5934,0.9970647692920239,0.08331900680683763,,,,,,,0,0,5,0.001,0.1,0.9823359776677894,0.9896491723158076,0.9919664888467966,0.9943429306348613,0.99554724935604,0.9957031566156874,0.9956806751533577,0.9961801615514573,0.9948825304385505,1.0,0.9961793442820243,0.9964101382650437
5,10,1.4017864727583087,0.6428902031370533,3889,1.7708246140252977,0.6003086419753086,648,1.7724449722149882,0.5934,0.9972253530476464,0.08330943896032644,,,,,,,0,0,5,0.001,0.1,0.9813167537016424,0.989182947537109,0.9920729742868931,0.9942430372529041,0.9949928636694074,0.9961243772644269,0.9966146070895157,0.997204037073433,0.9962365976136678,0.9961793442820243,1.0,0.9966214236020512
5,11,1.4038849112366427,0.6436824056977051,3791,1.775037258863449,0.620253164556962,632,1.7724449722149882,0.5934,0.9971965217905824,0.08328944710909716,,,,,,,0,0,5,0.001,0.1,0.981579465734464,0.9896083850321086,0.9928951810663237,0.9942526479599954,0.9952788168329049,0.9957604330492474,0.995830004743314,0.9972430787505494,0.9949683167948861,0.9964101382650437,0.9966214236020512,1.0
6,0,1.0812273054735206,0.6706111516922327,8214,1.6341058237608088,0.6442658875091307,1369,1.6361578661031997,0.6357,0.9906228834133107,0.08274482293495435,,,,,,,0,0,5,0.001,0.1,1.0,0.9946872512697862,0.9931522871235499,0.9903973062181881,0.9879720466885312,0.9853511184178001,0.9863008784390291,0.9831468556491904,0.983113491264859,0.9811058671414571,0.9812422657156075,0.9811293899614837
6,1,1.1296347471116817,0.6727106784301795,6574,1.6353713512420653,0.6395985401459854,1096,1.6361578661031997,0.6357,0.995844942262538,0.08325371326508811,,,,,,,0,0,5,0.001,0.1,0.9946872512697862,1.0,0.9964337447398552,0.9947843162157399,0.993829062789256,0.9919965337281124,0.9921860202908213,0.9904959253166551,0.9887992759946296,0.9885325646822551,0.9888729164183923,0.9893536622476189
6,2,1.1666337729817595,0.6781601245028532,5783,1.6454518879613569,0.6016597510373444,964,1.6361578661031997,0.6357,0.9974131219529958,0.08342289097194108,,,,,,,0,0,5,0.001,0.1,0.9931522871235499,0.9964337447398552,1.0,0.9960751088147597,0.9948236858033899,0.9944644175950677,0.9939773376782033,0.993681299222985,0.9910767693372137,0.9906940049062735,0.991635480141085,0.9926796852155548
6,3,1.1876158948404243,0.668091545299792,5287,1.6319924678121294,0.637911464245176,881,1.6361578661031997,0.6357,0.9980571089552904,0.08348411919492,,,,,,,0,0,5,0.001,0.1,0.9903973062181881,0.9947843162157399,0.9960751088147597,1.0,0.9957037426158576,0.9955979920184985,0.9960673167092833,0.994947843391101,0.9929024640961395,0.9922217092264564,0.9940017378781033,0.9936629780882168
6,4,1.2111174188121672,0.6616008105369807,4935,1.6304353521420405,0.6289537712895377,822,1.6361578661031997,0.6357,0.998021639974444,0.08348454899455955,,,,,,,0,0,5,0.001,0.1,0.9879720466885312,0.993829062789256,0.9948236858033899,0.9957037426158576,1.0,0.9957892473882072,0.9950519298875956,0.9954175926888206,0.9942478360884949,0.9938590410709579,0.9945966859481487,0.9946313128985911
6,5,1.2035155429415507,0.6743518320119991,4667,1.633150315284729,0.6452442159383034,778,1.6361578661031997,0.6357,0.9978496211824087,0.08345415847970679,,,,,,,0,0,5,0.001,0.1,0.9853511184178001,0.9919965337281124,0.9944644175950677,0.9955979920184985,0.9957892473882072,1.0,0.9949304981536088,0.9961158080927762,0.9943091059095912,0.9943081082128477,0.995876626459769,0.9951061187478693
6,6,1.238706058519227,0.6516505726476532,4453,1.6354032059510548,0.6347708894878706,742,1.6361578661031997,0.6357,0.997814045833479,0.08346256401048066,,,,,,,0,0,5,0.001,0.1,0.9863008784390291,0.9921860202908213,0.9939773376782033,0.9960673167092833,0.9950519298875956,0.9949304981536088,1.0,0.9964245104195989,0.9944596166069218,0.9932545995415908,0.9958690021251064,0.9949055368427714
6,7,1.251494314510431,0.6633621697451485,4277,1.6476216108902642,0.6143057503506312,713,1.6361578661031997,0.6357,0.9977840420231755,0.08342952691971922,,,,,,,0,0,5,0.001,0.1,0.9831468556491904,0.9904959253166551,0.993681299222985,0.994947843391101,0.9954175926888206,0.9961158080927762,0.9964245104195989,1.0,0.9946195659122209,0.9945350599035199,0.9968227735719788,0.9968388601904824
6,8,1.2797519609561334,0.6479534996367159,4129,1.61241891709241,0.6729651162790697,688,1.6361578661031997,0.6357,0.9962117561363524,0.08331160408155976,,,,,,,0,0,5,0.001,0.1,0.983113491264859,0.9887992759946296,0.9910767693372137,0.9929024640961395,0.9942478360884949,0.9943091059095912,0.9944596166069218,0.9946195659122209,1.0,0.9925715910270321,0.9947978348238004,0.9933630903110009
6,9,1.269125363514537,0.6600849787553111,4001,1.6326211861201696,0.6281859070464768,667,1.6361578661031997,0.6357,0.9959314673292609,0.08330188965915769,,,,,,,0,0,5,0.001,0.1,0.9811058671414571,0.9885325646822551,0.9906940049062735,0.9922217092264564,0.9938590410709579,0.9943081082128477,0.9932545995415908,0.9945350599035199,0.9925715910270321,1.0,0.9950073985915747,0.9948086229033251
6,10,1.29078972759794,0.6608382617639496,3889,1.6344359602246965,0.6265432098765432,648,1.6361578661031997,0.6357,0.9971150628120172,0.0833342481724086,,,,,,,0,0,5,0.001,0.1,0.9812422657156075,0.9888729164183923,0.991635480141085,0.9940017378781033,0.9945966859481487,0.995876626459769,0.9958690021251064,0.9968227735719788,0.9947978348238004,0.9950073985915747,1.0,0.996318209340314
6,11,1.2916934978060362,0.661777895014508,3791,1.6409974575042725,0.6582278481012658,632,1.6361578661031997,0.6357,0.9969272682786336,0.0833159133155043,,,,,,,0,0,5,0.001,0.1,0.9811293899614837,0.9893536622476189,0.9926796852155548,0.9936629780882168,0.9946313128985911,0.9951061187478693,0.9949055368427714,0.9968388601904824,0.9933630903110009,0.9948086229033251,0.996318209340314,1.0
7,0,1.024813765519324,0.681227173119065,8214,1.497095828832582,0.6698319941563184,1369,1.497760854209193,0.6646,0.9900332159604813,0.08277262543277712,,,,,,,0,0,5,0.001,0.1,1.0,0.9934687408729183,0.991938906923723,0.9891115219304821,0.9863027867741034,0.9842297864719299,0.9854990850339802,0.9817308795127547,0.9816165910762197,0.9807800827661479,0.980781452023676,0.9800395693005961
7,1,1.0637503905203736,0.6806510495892911,6574,1.4971652609961374,0.6733576642335767,1096,1.497760854209193,0.6646,0.9954645714744814,0.08326044704318092,,,,,,,0,0,5,0.001,0.1,0.9934687408729183,1.0,0.9954962274999339,0.9937820338091552,0.992452010080897,0.9913106457794907,0.9913185733299799,0.9891491973568997,0.9875649288778502,0.9883944096876586,0.9886673590205516,0.9887396756094236
7,2,1.0919575981672298,0.6886045305204911,5783,1.5069136196567166,0.6296680497925311,964,1.497760854209193,0.6646,0.9970314572129546,0.08341490803857618,,,,,,,0,0,5,0.001,0.1,0.991938906923723,0.9954962274999339,1.0,0.9952963169159283,0.9933554742975825,0.993943898665305,0.9935033751300454,0.9926143491052063,0.9894980115990897,0.9902163031857101,0.991076191225515,0.9921024970625805
7,3,1.1074821210051158,0.6810667675430301,5287,1.4932545551231928,0.6617480136208853,881,1.497760854209193,0.6646,0.9977729889107835,0.08347644572190502,,,,,,,0,0,5,0.001,0.1,0.9891115219304821,0.9937820338091552,0.9952963169159283,1.0,0.9942937239449462,0.9948806033689387,0.9955820008050495,0.9941697777433994,0.9914884809920678,0.9927046937265473,0.99361767190417,0.9929478718247543
7,4,1.1306991310273447,0.6757446808510639,4935,1.4890771141419044,0.6690997566909975,822,1.497760854209193,0.6646,0.9972066906070151,0.08345841499312952,,,,,,,0,0,5,0.001,0.1,0.9863027867741034,0.992452010080897,0.9933554742975825,0.9942937239449462,1.0,0.9946634831409298,0.9933413960063538,0.9938976672381978,0.9922928869792078,0.9934685510514172,0.9936171789376261,0.9934053433123584
7,5,1.120494553569245,0.687208056567388,4667,1.4932858085632323,0.6658097686375322,778,1.497760854209193,0.6646,0.9974567004109944,0.08344783785484375,,,,,,,0,0,5,0.001,0.1,0.9842297864719299,0.9913106457794907,0.993943898665305,0.9948806033689387,0.9946634831409298,1.0,0.9940071947494178,0.9950344907411112,0.9928599810199847,0.9936487777131352,0.9951470399730457,0.9943359256742901
7,6,1.1517194136551447,0.6698405569279138,4453,1.49636909365654,0.6698113207547169,742,1.497760854209193,0.6646,0.9974461871094765,0.08345265756782386,,,,,,,0,0,5,0.001,0.1,0.9854990850339802,0.9913185733299799,0.9935033751300454,0.9955820008050495,0.9933413960063538,0.9940071947494178,1.0,0.995950839742273,0.9925181805065066,0.9932946929235433,0.9952960792342989,0.99363326908888
7,7,1.1624622015810724,0.6747252747252748,4277,1.5104009535001672,0.6591865357643759,713,1.497760854209193,0.6646,0.9972589152631944,0.08342632935408012,,,,,,,0,0,5,0.001,0.1,0.9817308795127547,0.9891491973568997,0.9926143491052063,0.9941697777433994,0.9938976672381978,0.9950344907411112,0.995950839742273,1.0,0.9935429430688554,0.9939149618309356,0.9959470686786159,0.9957286259591339
7,8,1.1908891609081855,0.6616129813514168,4129,1.4693230173804543,0.6991279069767442,688,1.497760854209193,0.6646,0.9953183395166507,0.08329125657644444,,,,,,,0,0,5,0.001,0.1,0.9816165910762197,0.9875649288778502,0.9894980115990897,0.9914884809920678,0.9922928869792078,0.9928599810199847,0.9925181805065066,0.9935429430688554,1.0,0.9914551850941846,0.9937450225904759,0.9919245844101552
7,9,1.17764197777188,0.673981504623844,4001,1.4942170892442976,0.6551724137931034,667,1.497760854209193,0.6646,0.9960460533072767,0.0833088029702164,,,,,,,0,0,5,0.001,0.1,0.9807800827661479,0.9883944096876586,0.9902163031857101,0.9927046937265473,0.9934685510514172,0.9936487777131352,0.9932946929235433,0.9939149618309356,0.9914551850941846,1.0,0.9948699328744478,0.9944472104656624
7,10,1.1966541760280485,0.6724607868346618,3889,1.4957983437038602,0.6512345679012346,648,1.497760854209193,0.6646,0.9969585022790689,0.08335814186929087,,,,,,,0,0,5,0.001,0.1,0.980781452023676,0.9886673590205516,0.991076191225515,0.99361767190417,0.9936171789376261,0.9951470399730457,0.9952960792342989,0.9959470686786159,0.9937450225904759,0.9948699328744478,1.0,0.9953263130287722
7,11,1.1964495884270228,0.6758111316275389,3791,1.5043656170368194,0.6740506329113924,632,1.497760854209193,0.6646,0.996501760064798,0.08333213257773195,,,,,,,0,0,5,0.001,0.1,0.9800395693005961,0.9887396756094236,0.9921024970625805,0.9929478718247543,0.9934053433123584,0.9943359256742901,0.99363326908888,0.9957286259591339,0.9919245844101552,0.9944472104656624,0.9953263130287722,1.0
8,0,0.977304889279117,0.6896031166301436,8214,1.3643699052721956,0.6837107377647919,1369,1.3633561576136386,0.6813,0.9893207082055543,0.08278246237291716,,,,,,,0,0,5,0.001,0.1,1.0,0.9923959102649462,0.9905000958763397,0.9874701084780519,0.9853338376808101,0.9828214754779555,0.9840852154461013,0.9800655095307104,0.9818386487985364,0.9790216367068258,0.9794072773315629,0.9782074542895247
8,1,1.0075989209911198,0.6914207484027989,6574,1.3628912006105696,0.6861313868613139,1096,1.3633561576136386,0.6813,0.994998855157855,0.08326541674795418,,,,,,,0,0,5,0.001,0.1,0.9923959102649462,1.0,0.9940419566931291,0.9928463544116566,0.9910443632603794,0.9898809227098287,0.9906992312985335,0.9879368870630099,0.9880317771896746,0.9869291266487763,0.9878939861532013,0.9872021341644005
8,2,1.029321087262907,0.6981843333909735,5783,1.3723678088957263,0.6504149377593361,964,1.3633561576136386,0.6813,0.9965351118347493,0.08340988263177829,,,,,,,0,0,5,0.001,0.1,0.9905000958763397,0.9940419566931291,1.0,0.9938581691506675,0.9926527969157384,0.9932589203042731,0.9920321012440166,0.9909981536513681,0.9896823812924609,0.9889577130441094,0.9899479212846837,0.99129158638151
8,3,1.0408602266067482,0.6920749006998298,5287,1.3588083173547472,0.6833144154370034,881,1.3633561576136386,0.6813,0.9972215649605447,0.08346984235962142,,,,,,,0,0,5,0.001,0.1,0.9874701084780519,0.9928463544116566,0.9938581691506675,1.0,0.993136302219723,0.993681272120471,0.9947918776293107,0.9927683788230783,0.9910553701397956,0.9912057818627715,0.9928600666319497,0.9917175921938487
8,4,1.0625564989736003,0.6847011144883486,4935,1.352140752168802,0.6897810218978102,822,1.3633561576136386,0.6813,0.9968346968482544,0.08344627256437903,,,,,,,0,0,5,0.001,0.1,0.9853338376808101,0.9910443632603794,0.9926527969157384,0.993136302219723,1.0,0.9936611241688285,0.9923781876337021,0.9926105595397303,0.9927356413881878,0.9924808404445538,0.992548869294455,0.9921778993524537
