round,client_id,client_i_training_loss,client_i_training_accuracy,client_i_training_dataset_size,client_i_evaluation_loss,client_i_evaluation_accuracy,client_i_evaluation_dataset_size,client_i_central_evaluation_loss,client_i_central_evaluation_accuracy,client_i_cosine_similarity,client_i_importance_coefficient,client_i_tanh_val,tanh_normalization_value,client_i_q,client_i_mask_order,client_i_v_nonzero_fraction,client_i_v_sparsity,client_i_v_cosine_similarity,client_i_reward_gradient_norm,local_epochs,learning_rate,gamma,client_0_cosine_similarity,client_1_cosine_similarity,client_2_cosine_similarity,client_3_cosine_similarity,client_4_cosine_similarity,client_5_cosine_similarity,client_6_cosine_similarity,client_7_cosine_similarity,client_8_cosine_similarity,client_9_cosine_similarity,client_10_cosine_similarity,client_11_cosine_similarity
0,0,2.0291573429849823,0.42074506939371803,8214,2.25819833888564,0.2907231555880205,1369,2.2585568169054513,0.2811,0.9624553076454254,0.08129055404293609,,,0.8,,0.800016431312282,0.19998356868771805,0,0.09856344007558547,5,0.001,0.1,1.0,0.9857727539923847,0.9690086591771768,0.9588036072474075,0.9476056341002028,0.9406225596286649,0.9334935838673486,0.9243381562328038,0.9156455946700419,0.9101928584915069,0.9081071036527375,0.9033384252347947
0,1,2.1414400608794204,0.38996045025859444,6574,2.256859050478254,0.29927007299270075,1096,2.258549334523015,0.281,0.9891196177177968,0.08354266541032879,,,0.9261279761264504,,0.9261460840316641,0.0738539159683359,0,0.09857144339834671,5,0.001,0.1,0.9857727539923847,1.0,0.9907718279513683,0.9867325408611796,0.9788534873204179,0.9728584813308438,0.9713202756889003,0.9627683666615463,0.9562595410611742,0.9530092610635781,0.9532695482245859,0.9494275128693825
0,2,2.1785649335186785,0.39761369531385093,5783,2.2581134688469673,0.2842323651452282,964,2.258549558468901,0.281,0.994290961701239,0.08397944560596099,,,0.9505895559953816,,0.9506094083761031,0.04939059162389692,0,0.09857170150774401,5,0.001,0.1,0.9690086591771768,0.9907718279513683,1.0,0.9914408885664948,0.9885407839675665,0.9768753259231504,0.9835717475024853,0.9747733376555955,0.9663081707148918,0.9703826017270288,0.9720823938935003,0.9677173442229139
0,3,2.1936231142067046,0.3726877246075279,5287,2.2580176762172153,0.30192962542565266,881,2.2585495272383525,0.281,0.9962803934123524,0.08414747627163692,,,0.9599999999439957,,0.9600139182880506,0.039986081711949395,0,0.09857171871767988,5,0.001,0.1,0.9588036072474075,0.9867325408611796,0.9914408885664948,1.0,0.9905105031430573,0.9862569462873692,0.9893440444755096,0.9793054971511496,0.975557730732749,0.9794536694624981,0.9808767651943918,0.9743135579835042
0,4,2.20750383100202,0.3706180344478217,4935,2.256022489987887,0.291970802919708,822,2.258549547804811,0.281,0.9949317519135977,0.08403356779841413,,,0.9536206328313126,,0.9536443684093523,0.046355631590647706,0,0.09857170886959732,5,0.001,0.1,0.9476056341002028,0.9788534873204179,0.9885407839675665,0.9905105031430573,1.0,0.9901460231021436,0.9896130488557018,0.9855101497674144,0.9785424559572179,0.9789407147394954,0.9843149383067795,0.9781641750160996
0,5,2.2083389520645142,0.3566745232483394,4667,2.256017999649048,0.2917737789203085,778,2.2585493368081773,0.281,0.9900779609682815,0.08362360865327872,,,0.9306611477813701,,0.9306840258648186,0.06931597413518142,0,0.09857147638071538,5,0.001,0.1,0.9406225596286649,0.9728584813308438,0.9768753259231504,0.9862569462873692,0.9901460231021436,1.0,0.9821363992932499,0.9836593085567751,0.9820204059365486,0.9751285628491149,0.9778913399303555,0.9700860103075809
0,6,2.220444656099592,0.36537165955535594,4453,2.261890083551407,0.2668463611859838,742,2.258549502101569,0.281,0.9928169223470091,0.08385494582416896,,,0.9436170297993112,,0.9436357661340988,0.05636423386590117,0,0.0985716855404051,5,0.001,0.1,0.9334935838673486,0.9713202756889003,0.9835717475024853,0.9893440444755096,0.9896130488557018,0.9821363992932499,1.0,0.9871068038871976,0.9825011357274638,0.986329385594894,0.9920862865891038,0.9873157146258008
0,7,2.224394592598303,0.35403320084171147,4277,2.258061243140179,0.2861150070126227,713,2.2585493604215188,0.281,0.9879583839816485,0.0834445857041492,,,0.9206350884217761,,0.9206560926339393,0.07934390736606067,0,0.0985714020471532,5,0.001,0.1,0.9243381562328038,0.9627683666615463,0.9747733376555955,0.9793054971511496,0.9855101497674144,0.9836593085567751,0.9871068038871976,1.0,0.986310431120006,0.9825866545744405,0.9841806848286541,0.9855825521645252
0,8,2.2284034263170684,0.2978445144102688,4129,2.2615580450404775,0.25290697674418605,688,2.2585502523964585,0.281,0.9828668609748529,0.08301454731913854,,,0.8965510791035001,,0.8965697219242034,0.10343027807579663,0,0.09857099990118451,5,0.001,0.1,0.9156455946700419,0.9562595410611742,0.9663081707148918,0.975557730732749,0.9785424559572179,0.9820204059365486,0.9825011357274638,0.986310431120006,1.0,0.9777334247608204,0.9821438592195558,0.9786551696464897
0,9,2.233155894657922,0.3699075231192202,4001,2.258168413525536,0.25787106446776614,667,2.2585502653457104,0.281,0.9830750563087516,0.0830321318385519,,,0.8975358882372203,,0.8975507679222122,0.10244923207778778,0,0.09857100768447545,5,0.001,0.1,0.9101928584915069,0.9530092610635781,0.9703826017270288,0.9794536694624981,0.9789407147394954,0.9751285628491149,0.986329385594894,0.9825866545744405,0.9777334247608204,1.0,0.9901755800966634,0.9878881308674267
0,10,2.2358588801055657,0.31817948058626894,3889,2.2601081984383717,0.2638888888888889,648,2.2585500033137897,0.281,0.9848614112821842,0.0831830103098473,,,0.905985735123599,,0.9059983955306831,0.09400160446931694,0,0.09857113030204614,5,0.001,0.1,0.9081071036527375,0.9532695482245859,0.9720823938935003,0.9808767651943918,0.9843149383067795,0.9778913399303555,0.9920862865891038,0.9841806848286541,0.9821438592195558,0.9901755800966634,1.0,0.9917759746350765
0,11,2.2371185763543395,0.31928251121076234,3791,2.263315570354462,0.25158227848101267,632,2.2585507482766345,0.281,0.9809596508272502,0.0828534612215885,,,0.8875295610026361,,0.8875469983858653,0.11245300161413474,0,0.09857078384869342,5,0.001,0.1,0.9033384252347947,0.9494275128693825,0.9677173442229139,0.9743135579835042,0.9781641750160996,0.9700860103075809,0.9873157146258008,0.9855825521645252,0.9786551696464897,0.9878881308674267,0.9917759746350765,1.0
1,0,1.765526620840748,0.5280983686389091,8214,2.204926374346711,0.4112490869247626,1369,2.204266063702373,0.4131,0.9791871258461621,0.08160963171378664,,,0.8,,0.800016431312282,0.19998356868771805,0.9650510928043449,0.09935975614262292,5,0.001,0.1,1.0,0.9946016952348627,0.9891942986979402,0.982640760285922,0.9772339981731105,0.9733542384619854,0.9688557623294072,0.9658215109510959,0.9587409337808492,0.9587851638755417,0.9543634666772445,0.9529753779466367
1,1,1.9163669846590283,0.5079403711591116,6574,2.2021322318485805,0.4279197080291971,1096,2.204244123861051,0.4131,0.9912882780828606,0.0833846614716035,,,0.9210509162878927,,0.9210668754409874,0.07893312455901258,0.9650807179300975,0.09937155276497549,5,0.001,0.1,0.9946016952348627,1.0,0.9965391471956007,0.9931542380624422,0.9897576527966843,0.9871180059071152,0.984282128308974,0.9816221740115926,0.9754959197495904,0.9746713751454588,0.972474486655049,0.970832671139548
1,2,1.9898991086864999,0.5074874632543662,5783,2.2038087691030195,0.41804979253112035,964,2.2042436455004513,0.4131,0.9958536159867929,0.08380065240109351,,,0.9494200650080532,,0.9494398855607427,0.05056011443925734,0.9650902318776124,0.09937179750961099,5,0.001,0.1,0.9891942986979402,0.9965391471956007,1.0,0.9963265861632079,0.9937297567866843,0.9907344203081371,0.9909978151527311,0.9889162320098592,0.9830191350630939,0.9832011998917364,0.9815844319090149,0.9805992456556942
1,3,2.0256490509194065,0.49703045205220353,5287,2.203471166746957,0.4211123723041998,881,2.2042436325511994,0.4131,0.9974585686524251,0.08395579124598056,,,0.9599999999318034,,0.9600139182880506,0.039986081711949395,0.9650909923466557,0.09937181335259473,5,0.001,0.1,0.982640760285922,0.9931542380624422,0.9963265861632079,1.0,0.9953206023744684,0.9951812005898252,0.9939290427666085,0.9904642247989868,0.9872828927113335,0.9878608521711436,0.9871954592285654,0.9844816691693604
1,4,2.0558783317381337,0.48433637284701114,4935,2.199122814031748,0.4172749391727494,822,2.2042436401684062,0.4131,0.9974765343132636,0.08388638607090898,,,0.9552668060230606,,0.9552826668986382,0.044717333101361834,0.9650903989691919,0.09937180858043168,5,0.001,0.1,0.9772339981731105,0.9897576527966843,0.9937297567866843,0.9953206023744684,1.0,0.995703246381818,0.9945065076651647,0.9930354862793018,0.9889227808117534,0.9888764173346347,0.9895948678363132,0.9872945745147048
1,5,2.0599541322825705,0.4817227340904221,4667,2.2018212509155273,0.4190231362467866,778,2.2042439753255145,0.4131,0.9963038320418934,0.08359658250277509,,,0.935503200758631,,0.9355167647712664,0.06448323522873356,0.9650836596256108,0.09937164149736434,5,0.001,0.1,0.9733542384619854,0.9871180059071152,0.9907344203081371,0.9951812005898252,0.995703246381818,1.0,0.9935047274416667,0.9907306161578973,0.9894864585125468,0.9886606914735422,0.9894623097287498,0.9860163184373307
1,6,2.0903267994948798,0.4752301818998428,4453,2.2074339588483176,0.37735849056603776,742,2.2042436165550647,0.4131,0.9974811852436737,0.08377678992329693,,,0.9477927262046023,,0.9478160852881762,0.05218391471182382,0.965089991383061,0.09937179586785529,5,0.001,0.1,0.9688557623294072,0.984282128308974,0.9909978151527311,0.9939290427666085,0.9945065076651647,0.9935047274416667,1.0,0.99578417111464,0.9923131615828785,0.992421109911752,0.9944236935075857,0.9929391441737611
1,7,2.0979259206287897,0.46607435118073415,4277,2.204480979753577,0.4109396914446003,713,2.204244070540602,0.4131,0.9963211622848482,0.0834871500069183,,,0.9280402814262655,,0.928055015899711,0.07194498410028904,0.9650819070145304,0.09937159912389347,5,0.001,0.1,0.9658215109510959,0.9816221740115926,0.9889162320098592,0.9904642247989868,0.9930354862793018,0.9907306161578973,0.99578417111464,1.0,0.9922921058871924,0.9923412919883186,0.9941222871283426,0.9950305348122725
1,8,2.112055270121648,0.41317510293049164,4129,2.206380172209306,0.4186046511627907,688,2.204245748611304,0.413,0.9933564747525696,0.08312706183785327,,,0.9034835084382108,,0.9035047022549559,0.09649529774504406,0.9650806347152132,0.09937114774528777,5,0.001,0.1,0.9587409337808492,0.9754959197495904,0.9830191350630939,0.9872828927113335,0.9889227808117534,0.9894864585125468,0.9923131615828785,0.9922921058871924,1.0,0.9911305580181303,0.994039023682971,0.9920824050293805
1,9,2.117418324379694,0.4830292426893277,4001,2.2024371851058233,0.42128935532233885,667,2.2042457288065656,0.413,0.9935285452083639,0.0831434301614161,,,0.9045997717327556,,0.904616232203439,0.09538376779656099,0.9650809890640925,0.09937115328775097,5,0.001,0.1,0.9587851638755417,0.9746713751454588,0.9832011998917364,0.9878608521711436,0.9888764173346347,0.9886606914735422,0.992421109911752,0.9923412919883186,0.9911305580181303,1.0,0.994995403408174,0.9939222568195092
1,10,2.12689365754362,0.44890717408074055,3889,2.206633976527623,0.4074074074074074,648,2.2042447210500797,0.4131,0.9936185656324199,0.08323904191995024,,,0.9111201643782797,,0.91114526246605,0.08885473753395001,0.9650822408279655,0.09937141122183597,5,0.001,0.1,0.9543634666772445,0.972474486655049,0.9815844319090149,0.9871954592285654,0.9895948678363132,0.9894623097287498,0.9944236935075857,0.9941222871283426,0.994039023682971,0.994995403408174,1.0,0.9955884318964331
1,11,2.1309221195573564,0.44668952782906884,3791,2.210431528091431,0.39556962025316456,632,2.204245903240606,0.4131,0.9922658202779979,0.08299282074441695,,,0.8943287281916298,,0.8943466620272373,0.10565333797276266,0.9650851574381163,0.09937064710397836,5,0.001,0.1,0.9529753779466367,0.970832671139548,0.9805992456556942,0.9844816691693604,0.9872945745147048,0.9860163184373307,0.9929391441737611,0.9950305348122725,0.9920824050293805,0.9939222568195092,0.9955884318964331,1.0
2,0,1.5529203711780593,0.5805210616021427,8214,2.136145131532536,0.48940832724616506,1369,2.13433233998454,0.4948,0.9868737302703551,0.08197757884421653,,,0.8,,0.800016431312282,0.19998356868771805,0.98313412243446,0.09959307966211788,5,0.001,0.1,1.0,0.9959765528207549,0.9924276890922842,0.9880461470897466,0.9851916716065211,0.9827430442761568,0.9809112184549931,0.9771329873369137,0.9753424264518532,0.9752609384035624,0.971766620294349,0.9717716002142779
2,1,1.6877771185439767,0.5708548828719197,6574,2.1315007073538643,0.510036496350365,1096,2.1342866679730887,0.4947,0.9945897086569699,0.083316430214218,,,0.9186499622762426,,0.9186698369433893,0.08133016305661067,0.9831871758278465,0.09961066501100034,5,0.001,0.1,0.9959765528207549,1.0,0.997300645682025,0.9946754825018961,0.9933827051543115,0.9916528922656247,0.9903763652852693,0.9875880367044445,0.9858759754970527,0.9855700691358634,0.9831867951266604,0.9830105286176601
2,2,1.7654252106313548,0.5686667819470863,5783,2.133973167788598,0.4979253112033195,964,2.134285496446652,0.4947,0.9975202342290522,0.08366645551113928,,,0.9496694534654664,,0.949691187983878,0.05030881201612203,0.9831897912694685,0.09961086375591591,5,0.001,0.1,0.9924276890922842,0.997300645682025,1.0,0.9969960818242442,0.9958385400628627,0.9939801857119482,0.9944200842407641,0.9929770122768449,0.9906343201241523,0.9904971240112471,0.9892815840563657,0.9891679860255514
2,3,1.8120133295116654,0.5622470209948931,5287,2.133111068180629,0.5062429057888763,881,2.1342854827356796,0.4947,0.9981808045957336,0.08378302584960912,,,0.9599999999113793,,0.9600139182880506,0.039986081711949395,0.9831897961374545,0.09961088008900318,5,0.001,0.1,0.9880461470897466,0.9946754825018961,0.9969960818242442,1.0,0.9962822157632533,0.9958681804899435,0.9956291658123472,0.9943716826809467,0.9921359260512624,0.99332471162806,0.992834091560528,0.9911633796034278
2,4,1.8497150922590686,0.5560283687943263,4935,2.126293585850642,0.5024330900243309,822,2.134285474356752,0.4947,0.998351763498089,0.0837459458482414,,,0.9567139437724681,,0.9567324885705725,0.04326751142942753,0.9831898962582107,0.09961087382985064,5,0.001,0.1,0.9851916716065211,0.9933827051543115,0.9958385400628627,0.9962822157632533,1.0,0.9971919487146561,0.9966316447364763,0.9951922766625243,0.9939997334774597,0.9935789836440888,0.9931634830899188,0.9928702359494439
2,5,1.8554870830823298,0.5550889222198414,4667,2.131928653717041,0.5012853470437018,778,2.1342860844950327,0.4947,0.997704655851453,0.08354714883473555,,,0.9390964108023425,,0.939126820734383,0.06087317926561697,0.983189120417141,0.0996108356025138,5,0.001,0.1,0.9827430442761568,0.9916528922656247,0.9939801857119482,0.9958681804899435,0.9971919487146561,1.0,0.9961612510276848,0.994271965763615,0.9940420354059276,0.9937664719246876,0.9937885808768497,0.9920977875736696
2,6,1.8981830539022173,0.5583651470918481,4453,2.137132743994395,0.45148247978436656,742,2.134285478927076,0.4947,0.9983297145037728,0.08367795980901412,,,0.9506889725393886,,0.950706063154232,0.049293936845767994,0.9831897874453102,0.09961086429874186,5,0.001,0.1,0.9809112184549931,0.9903763652852693,0.9944200842407641,0.9956291658123472,0.9966316447364763,0.9961612510276848,1.0,0.9969681857026245,0.9953593962915608,0.9953506431687258,0.995919491303566,0.9952833697440556
2,7,1.9153510081234264,0.5194295066635493,4277,2.135425215182097,0.48807854137447404,713,2.1342863655699706,0.4947,0.9974293925097524,0.08347108265796613,,,0.9323553720235723,,0.9323754844820754,0.06762451551792459,0.9831893461304605,0.09961074757583742,5,0.001,0.1,0.9771329873369137,0.9875880367044445,0.9929770122768449,0.9943716826809467,0.9951922766625243,0.994271965763615,0.9969681857026245,1.0,0.9949376800380748,0.9954369038606097,0.9964919362037056,0.9968536503607226
2,8,1.9383423100985013,0.4792928069750545,4129,2.1348401416431773,0.502906976744186,688,2.134288632450774,0.4947,0.9961701603632509,0.08320936675829471,,,0.9091619225347973,,0.9091831704700322,0.09081682952996784,0.9831824798842539,0.09961033713008892,5,0.001,0.1,0.9753424264518532,0.9858759754970527,0.9906343201241523,0.9921359260512624,0.9939997334774597,0.9940420354059276,0.9953593962915608,0.9949376800380748,1.0,0.9947888202791317,0.9956239344424104,0.9944507353353067
2,9,1.9466331705214486,0.5259685078730317,4001,2.1311513923463368,0.5052473763118441,667,2.1342886240718464,0.4947,0.9963686896250941,0.08322582805312118,,,0.9106207342101933,,0.9106474903586859,0.08935250964131414,0.9831805739398406,0.09961053213171614,5,0.001,0.1,0.9752609384035624,0.9855700691358634,0.9904971240112471,0.99332471162806,0.9935789836440888,0.9937664719246876,0.9953506431687258,0.9954369038606097,0.9947888202791317,1.0,0.9960106524077788,0.99597758010337
2,10,1.9626263970234354,0.5075854975572126,3889,2.137613750639416,0.5061728395061729,648,2.1342876643037645,0.4947,0.9959974032573492,0.08327252253660972,,,0.9147588326045042,,0.9147794821236988,0.08522051787630125,0.9831862314061623,0.09961054252604318,5,0.001,0.1,0.971766620294349,0.9831867951266604,0.9892815840563657,0.992834091560528,0.9931634830899188,0.9937885808768497,0.995919491303566,0.9964919362037056,0.9956239344424104,0.9960106524077788,1.0,0.996996667715873
2,11,1.970885312256693,0.5017145871801636,3791,2.142351269721985,0.46835443037974683,632,2.134290165794543,0.4948,0.9955415007155808,0.08310665508283413,,,0.9000595406783899,,0.9000831231091909,0.09991687689080908,0.9831723162807656,0.09961006204817671,5,0.001,0.1,0.9717716002142779,0.9830105286176601,0.9891679860255514,0.9911633796034278,0.9928702359494439,0.9920977875736696,0.9952833697440556,0.9968536503607226,0.9944507353353067,0.99597758010337,0.996996667715873,1.0
3,0,1.3968164716713158,0.6184562941319698,8214,2.0492428014444752,0.547845142439737,1369,2.04612670196131,0.5491,0.9889127140071897,0.08224304558061776,,,0.8,,0.800016431312282,0.19998356868771805,0.9937776224841968,0.09966994817870539,5,0.001,0.1,1.0,0.9959320862468114,0.993227306112335,0.9905466675594139,0.9871001404203174,0.985070694320605,0.9842514372329583,0.9809762965838226,0.979196657743972,0.9798873018368152,0.9770900179840042,0.9773327236042002
3,1,1.5067711944140276,0.6120778825676909,6574,2.042585737364633,0.5620437956204379,1096,2.046038389586793,0.5492,0.9955472821131459,0.08327888847168494,,,0.9164288911016376,,0.9164467770464233,0.0835532229535767,0.9938845218124787,0.09969232858167837,5,0.001,0.1,0.9959320862468114,1.0,0.9975892805199722,0.9960940142168972,0.9942636149279537,0.9929535158105287,0.9922889979714596,0.9899398450928467,0.9880433658575452,0.9887112010766611,0.9870149789743997,0.9869920719920452
3,2,1.5738288264906868,0.6144907487463255,5783,2.045923686796619,0.5487551867219918,964,2.046036474240093,0.5491,0.9979089482101322,0.08356995081710633,,,0.9491443409165623,,0.9491644194430752,0.05083558055692483,0.993885615460748,0.09969254393105333,5,0.001,0.1,0.993227306112335,0.9975892805199722,1.0,0.9975514600390359,0.9964211925053557,0.995304688289504,0.9956353494384583,0.9942556632465002,0.9918826130405819,0.9928065310697992,0.9914775641174645,0.9918519804744623
3,3,1.6163166625672076,0.6097976167959145,5287,2.0442711285182407,0.5561861520998865,881,2.046036306661539,0.5491,0.9986845273823357,0.08366653128838457,,,0.9599999998875999,,0.9600139182880506,0.039986081711949395,0.9938862541921074,0.0996925623367792,5,0.001,0.1,0.9905466675594139,0.9960940142168972,0.9975514600390359,1.0,0.9972580140016871,0.997132361442493,0.9969622525255212,0.9953583537302527,0.9939893641072759,0.9947557395730823,0.9941681523012347,0.9934139654734957
3,4,1.6553367860086503,0.5993515704154002,4935,2.0347192333294797,0.5498783454987834,822,2.046036382833609,0.5491,0.9987335538395393,0.08364536102772692,,,0.9576204595210455,,0.9576362107460782,0.04236378925392181,0.9938858324415049,0.09969255467771881,5,0.001,0.1,0.9871001404203174,0.9942636149279537,0.9964211925053557,0.9972580140016871,1.0,0.9973991925249152,0.997024529947073,0.9966139461535606,0.995637242867986,0.9955603830593841,0.9953366748892406,0.995157283510899
3,5,1.6574980195254496,0.5998714377544461,4667,2.043916096687317,0.5681233933161953,778,2.0460373902092344,0.5491,0.9983855400808233,0.08351213218548176,,,0.9426455183411351,,0.9426643856139029,0.05733561438609713,0.9938855521480979,0.09969251861479358,5,0.001,0.1,0.985070694320605,0.9929535158105287,0.995304688289504,0.997132361442493,0.9973991925249152,1.0,0.9970072210194826,0.9963832464740546,0.9957203632829169,0.9958126585199987,0.9960699302841152,0.9947333635231767
3,6,1.705471613577434,0.6014372333258478,4453,2.0484600265820823,0.5053908355795148,742,2.0460363999723246,0.5491,0.9987558094619094,0.08360436107713684,,,0.9530120591317675,,0.9530306105682335,0.04696938943176654,0.9938859105710867,0.0996925528036698,5,0.001,0.1,0.9842514372329583,0.9922889979714596,0.9956353494384583,0.9969622525255212,0.997024529947073,0.9970072210194826,1.0,0.9978211771818986,0.9963371536744678,0.9966919109762857,0.9973083986188699,0.9966775370183881
3,7,1.7226265853910303,0.5708206686930091,4277,2.047967122948688,0.5568022440392707,713,2.0460378438139113,0.5492,0.9980819174294518,0.0834556491817825,,,0.9362968205381128,,0.936309333951924,0.06369066604807605,0.9938847949006937,0.09969248674083174,5,0.001,0.1,0.9809762965838226,0.9899398450928467,0.9942556632465002,0.9953583537302527,0.9966139461535606,0.9963832464740546,0.9978211771818986,1.0,0.9964424199780066,0.9970101826842122,0.9973444808539886,0.9977715326657927
3,8,1.7518238137318538,0.5383870186485832,4129,2.0448086261749268,0.565406976744186,688,2.0460407341631077,0.5492,0.9968737561056131,0.08325603109421446,,,0.9138597185607739,,0.9138805926870995,0.08611940731290046,0.9938812270244274,0.09969232413292373,5,0.001,0.1,0.979196657743972,0.9880433658575452,0.9918826130405819,0.9939893641072759,0.995637242867986,0.9957203632829169,0.9963371536744678,0.9964424199780066,1.0,0.9955316005441393,0.996814561981387,0.9958723583116201
3,9,1.756372790866428,0.5802049487628093,4001,2.0415746711549305,0.5502248875562219,667,2.046040533068843,0.5492,0.99728883088499,0.0832795378838279,,,0.9165018851206391,,0.9165241008689264,0.08347589913107356,0.9938855336750689,0.09969232892250869,5,0.001,0.1,0.9798873018368152,0.9887112010766611,0.9928065310697992,0.9947557395730823,0.9955603830593841,0.9958126585199987,0.9966919109762857,0.9970101826842122,0.9955316005441393,1.0,0.99693753525937,0.9967310653998117
3,10,1.7773681410023423,0.5737721779377732,3889,2.050265982037499,0.5509259259259259,648,2.046039580917968,0.5492,0.9970121775848747,0.08329925635474524,,,0.9187182441099448,,0.9187374952880796,0.08126250471192042,0.9938850080057202,0.09969239977083104,5,0.001,0.1,0.9770900179840042,0.9870149789743997,0.9914775641174645,0.9941681523012347,0.9953366748892406,0.9960699302841152,0.9973083986188699,0.9973444808539886,0.996814561981387,0.99693753525937,1.0,0.9975265130656166
3,11,1.786335153138938,0.5519388024268003,3791,2.056022959947586,0.5174050632911392,632,2.046043734580945,0.5492,0.9967576947116454,0.08318925503729081,,,0.9063540800833493,,0.9063801819042925,0.09361981809570752,0.9938809316771633,0.09969214231175787,5,0.001,0.1,0.9773327236042002,0.9869920719920452,0.9918519804744623,0.9934139654734957,0.995157283510899,0.9947333635231767,0.9966775370183881,0.9977715326657927,0.9958723583116201,0.9967310653998117,0.9975265130656166,1.0
4,0,1.279696231361493,0.6460676893109325,8214,1.9455774939337442,0.5909422936449964,1369,1.9409339069939269,0.5985,0.9894881546677442,0.08242082682686412,,,0.8,,0.800016431312282,0.19998356868771805,0.9968086752481579,0.09967633369443014,5,0.001,0.1,1.0,0.9957487405976349,0.9933756551050158,0.9906541416962305,0.9876131032138853,0.9853898867671111,0.9849961673781772,0.9816564769688033,0.9812888156459264,0.9811071176260248,0.9784965244230205,0.9784946582443004
4,1,1.36829248597321,0.6390021296014603,6574,1.9366083996636527,0.6140510948905109,1096,1.9407793146352799,0.5985,0.9958084711521845,0.08326054555971396,,,0.9149228689876329,,0.914943795246518,0.08505620475348197,0.9968045829733664,0.09970352287796766,5,0.001,0.1,0.9957487405976349,1.0,0.9973409009146795,0.9960184319071421,0.9943544963781442,0.9931352727900608,0.9926066393290373,0.9903270599623325,0.9894465530629338,0.9895851489798033,0.9878416416375368,0.9879038061923496
4,2,1.424130515433148,0.6461352239322151,5783,1.9410422002115557,0.6047717842323651,964,1.9407757653976783,0.5985,0.9980566026519867,0.08351174799253518,,,0.9493021237870486,,0.949323899826988,0.05067610017301205,0.9968082634165037,0.09970379774291435,5,0.001,0.1,0.9933756551050158,0.9973409009146795,1.0,0.9975051448213872,0.9963221920623583,0.9956058681335577,0.9957493637914708,0.9944310167911237,0.9928357444851418,0.9932465058004785,0.9921076563894825,0.9926265428092048
4,3,1.4598920087498355,0.6404388121808209,5287,1.9384814713682448,0.6038592508513053,881,1.940775472516069,0.5985,0.9986419711672236,0.08358991526265239,,,0.9599999998631412,,0.9600139182880506,0.039986081711949395,0.9968081538452953,0.09970381059840253,5,0.001,0.1,0.9906541416962305,0.9960184319071421,0.9975051448213872,1.0,0.9970280287657959,0.9970490083517307,0.99693564364508,0.9954534893355481,0.9944932988868688,0.9947949203855235,0.994373257125479,0.993799875549567
4,4,1.4962386304332365,0.6310840932117527,4935,1.9259386429419885,0.6021897810218978,822,1.9407756442840869,0.5985,0.9986181514928196,0.08357615573450676,,,0.9581168878298477,,0.9581339828534423,0.04186601714655769,0.996808148404923,0.0997038067113027,5,0.001,0.1,0.9876131032138853,0.9943544963781442,0.9963221920623583,0.9970280287657959,1.0,0.9971080854886905,0.9967953237686414,0.9964639304588773,0.9958514189444087,0.9953438274869761,0.9954251498753159,0.9954817324744658
4,5,1.4946283551928115,0.6342404113991857,4667,1.9388384580612184,0.6246786632390745,778,1.9407769723441273,0.5985,0.9984795446102286,0.0834899289526067,,,0.9463159969221334,,0.9463420999217096,0.05365790007829041,0.9968080383652315,0.09970379650993984,5,0.001,0.1,0.9853898867671111,0.9931352727900608,0.9956058681335577,0.9970490083517307,0.9971080854886905,1.0,0.9969038251229493,0.9967234475641301,0.9961638349224909,0.9963332102106922,0.9963799484137431,0.9953135294330339
4,6,1.538445279768535,0.6343139456546149,4453,1.942363366484642,0.5606469002695418,742,1.9407756800849598,0.5985,0.99862332709517,0.08355116493522957,,,0.9546966778965984,,0.9547220691854902,0.045277930814509815,0.9968081272204962,0.09970380575791937,5,0.001,0.1,0.9849961673781772,0.9926066393290373,0.9957493637914708,0.99693564364508,0.9967953237686414,0.9969038251229493,1.0,0.9975341720010571,0.9962543008092518,0.9964576642298184,0.9970207106758245,0.9965660807537123
4,7,1.5559965494853347,0.6129062426934767,4277,1.9435862613760906,0.6044880785413744,713,1.9407777100706254,0.5985,0.9980504040974049,0.08344141127491145,,,0.939675927456929,,0.9397019166642503,0.06029808333574971,0.9968075957871632,0.09970378070759824,5,0.001,0.1,0.9816564769688033,0.9903270599623325,0.9944310167911237,0.9954534893355481,0.9964639304588773,0.9967234475641301,0.9975341720010571,1.0,0.9963871728870864,0.9969322832205696,0.9973618480815793,0.9976672673296559
4,8,1.5901627511244554,0.5857108258658271,4129,1.937329108064825,0.6046511627906976,688,1.9407816005591005,0.5985,0.9971691543422107,0.08329046362655684,,,0.9190174186762875,,0.9190371251002794,0.08096287489972065,0.9968061292746488,0.0997036310271881,5,0.001,0.1,0.9812888156459264,0.9894465530629338,0.9928357444851418,0.9944932988868688,0.9958514189444087,0.9961638349224909,0.9962543008092518,0.9963871728870864,1.0,0.9956317738244232,0.9964320433001738,0.9956240738503994
4,9,1.5922517051772467,0.6186953261684579,4001,1.935068964958191,0.6026986506746627,667,1.9407811275305458,0.5985,0.9973646686314864,0.08331120178579983,,,0.9218556175451372,,0.9218691100994577,0.07813088990054229,0.9968061107165405,0.09970363454615176,5,0.001,0.1,0.9811071176260248,0.9895851489798033,0.9932465058004785,0.9947949203855235,0.9953438274869761,0.9963332102106922,0.9964576642298184,0.9969322832205696,0.9956317738244232,1.0,0.996823368005667,0.996488272057456
4,10,1.6092945874714462,0.6194908716893803,3889,1.9457098359153384,0.595679012345679,648,1.940779819656104,0.5985,0.9971130667307909,0.08331517568190361,,,0.9223994800593808,,0.9224200423347928,0.0775799576652072,0.9968078274263806,0.09970363528773005,5,0.001,0.1,0.9784965244230205,0.9878416416375368,0.9921076563894825,0.994373257125479,0.9954251498753159,0.9963799484137431,0.9970207106758245,0.9973618480815793,0.9964320433001738,0.996823368005667,1.0,0.9974400579404645
4,11,1.6169238328933715,0.6008441044579267,3791,1.9527215659618378,0.5632911392405063,632,1.9407859678847341,0.5985,0.9969206080416251,0.08324146236671948,,,0.912311166756187,,0.9123292834981297,0.0876707165018703,0.9968062285317383,0.09970351872702465,5,0.001,0.1,0.9784946582443004,0.9879038061923496,0.9926265428092048,0.993799875549567,0.9954817324744658,0.9953135294330339,0.9965660807537123,0.9976672673296559,0.9956240738503994,0.996488272057456,0.9974400579404645,1.0
5,0,1.1867540696251717,0.6659849038227417,8214,1.8277274619701296,0.623082542001461,1369,1.8215150589379259,0.6287,0.9894450755992509,0.08253207612751122,,,0.8,,0.800016431312282,0.19998356868771805,0.9975708999552396,0.09966117951099457,5,0.001,0.1,1.0,0.9953825279381683,0.9929697381883621,0.9903549385324039,0.9874792149868646,0.9848839764866592,0.9852325431450178,0.9814310867899287,0.9815471944683153,0.9804645133019952,0.9786247038651485,0.9785886599835611
5,1,1.2581723008341001,0.6584727715241862,6574,1.8162035839898245,0.6414233576642335,1096,1.8212470063767112,0.6287,0.9957339407644472,0.08325046646801253,,,0.9141287909888925,,0.914156058804767,0.08584394119523298,0.9977156361019621,0.09969228416759268,5,0.001,0.1,0.9953825279381683,1.0,0.997061105011864,0.9956733713599479,0.9940807573884404,0.9926555552348728,0.9925652879336218,0.9900278511853638,0.9894689476331024,0.9890832080849314,0.9879437156070542,0.988134212651404
5,2,1.3036759477293953,0.6658827598132457,5783,1.8217934293131675,0.6317427385892116,964,1.821241795826263,0.6287,0.9979306564060866,0.08347555969409874,,,0.9498887620028157,,0.9499086612346681,0.050091338765331894,0.9977155434528975,0.09969250557276714,5,0.001,0.1,0.9929697381883621,0.997061105011864,1.0,0.9970240229455927,0.9959012275321705,0.9954452498007197,0.9955794348952932,0.994170816434825,0.9929220107818035,0.9924930173489501,0.9920655147479582,0.9926692809515687
5,3,1.3349259110100298,0.6655191980329109,5287,1.8184527031012945,0.6333711691259932,881,1.8212413292723342,0.6287,0.9984161425571414,0.08353920547121264,,,0.9599999998411326,,0.9600139182880506,0.039986081711949395,0.997715739885151,0.09969251938964685,5,0.001,0.1,0.9903549385324039,0.9956733713599479,0.9970240229455927,1.0,0.9966447292876464,0.9967107622833341,0.996656787091638,0.9948894788758482,0.9944601478298264,0.9940300359958163,0.9941907453614902,0.9934358989713369
5,4,1.3654527115052746,0.652806484295846,4935,1.8028947848540087,0.6386861313868614,822,1.8212416240582452,0.6287,0.9983803152147781,0.08352960503313875,,,0.9584748034004722,,0.9584916055325196,0.04150839446748045,0.9977156793609235,0.09969251899409041,5,0.001,0.1,0.9874792149868646,0.9940807573884404,0.9959012275321705,0.9966447292876464,1.0,0.9966837190055503,0.9962178837134977,0.9959846046988051,0.99567755106968,0.9948485906402016,0.9949942407272698,0.9951025047321777
5,5,1.361057076633793,0.6629526462395543,4667,1.819298186302185,0.6491002570694088,778,1.8212433600197204,0.6287,0.9983699218351103,0.08347635753892316,,,0.9500155135194686,,0.9500343124462358,0.04996568755376418,0.9977155365557794,0.09969250559362387,5,0.001,0.1,0.9848839764866592,0.9926555552348728,0.9954452498007197,0.9967107622833341,0.9966837190055503,1.0,0.9968709485961987,0.9965946219400418,0.9961601880925929,0.9958155492936621,0.9962840493996805,0.9953591784752639
5,6,1.4019926173346384,0.6596002694812486,4453,1.8219186216592789,0.6037735849056604,742,1.8212417204159137,0.6287,0.9985913751505956,0.0835210863095373,,,0.9571214561036215,,0.9571432713776206,0.042856728622379436,0.9977155608869175,0.09969251395507053,5,0.001,0.1,0.9852325431450178,0.9925652879336218,0.9955794348952932,0.996656787091638,0.9962178837134977,0.9968709485961987,1.0,0.9973866556396721,0.9963270263826269,0.9959200393406815,0.9969419242741357,0.996417607954452
5,7,1.4160544759301996,0.6453588964227263,4277,1.8251480589742246,0.6297335203366059,713,1.821244256184124,0.6287,0.9978986593529566,0.08343136518362126,,,0.9428676959266479,,0.9428866916035994,0.05711330839640061,0.9977157305907879,0.0996924960076157,5,0.001,0.1,0.9814310867899287,0.9900278511853638,0.994170816434825,0.9948894788758482,0.9959846046988051,0.9965946219400418,0.9973866556396721,1.0,0.9963769193939587,0.9961133037687818,0.9972273816931163,0.9975970830735847
5,8,1.4463258169247555,0.6276580285783483,4129,1.814929273995486,0.627906976744186,688,1.8212495429066424,0.6287,0.9972822904188402,0.08331883170495628,,,0.9249897970439231,,0.9250103903886489,0.07498960961135115,0.9977153058254088,0.09969237297943775,5,0.001,0.1,0.9815471944683153,0.9894689476331024,0.9929220107818035,0.9944601478298264,0.99567755106968,0.9961601880925929,0.9963270263826269,0.9963769193939587,1.0,0.9954001908772587,0.9966031049308125,0.9954960172527172
5,9,1.4471727888735513,0.6497375656085979,4001,1.814739499773298,0.6296851574212894,667,1.8212485880897449,0.6287,0.9969381243341067,0.0833204419797583,,,0.9252456171822973,,0.9252665255506906,0.07473347444930944,0.9977153610131166,0.09969237323052732,5,0.001,0.1,0.9804645133019952,0.9890832080849314,0.9924930173489501,0.9940300359958163,0.9948485906402016,0.9958155492936621,0.9959200393406815,0.9961133037687818,0.9954001908772587,1.0,0.9960584265465868,0.9960890391470395
5,10,1.4645909582982297,0.6436616096682952,3889,1.8268465541657948,0.6234567901234568,648,1.8212467432022095,0.6287,0.9970930815482586,0.08332788509670457,,,0.9264280856682651,,0.9264408811049574,0.07355911889504263,0.9977153720063091,0.09969237437344147,5,0.001,0.1,0.9786247038651485,0.9879437156070542,0.9920655147479582,0.9941907453614902,0.9949942407272698,0.9962840493996805,0.9969419242741357,0.9972273816931163,0.9966031049308125,0.9960584265465868,1.0,0.9972114026976143
5,11,1.470506151584016,0.6390925877077288,3791,1.83506680727005,0.6028481012658228,632,1.8212548197267917,0.6287,0.9969217759692535,0.0832771193925252,,,0.9183630712672539,,0.9183847053479088,0.08161529465209116,0.9977151905830323,0.09969233477455873,5,0.001,0.1,0.9785886599835611,0.988134212651404,0.9926692809515687,0.9934358989713369,0.9951025047321777,0.9953591784752639,0.996417607954452,0.9975970830735847,0.9954960172527172,0.9960890391470395,0.9972114026976143,1.0
6,0,1.1112407585526254,0.6767470172875578,8214,1.6991823551266692,0.635500365230095,1369,1.691526924078457,0.6515,0.9892347761649626,0.08260064075017699,,,0.96,,0.9600139182880506,0.039986081711949395,0.9979243503908535,0.09967025700425061,5,0.001,0.1,1.0,0.9946605563541884,0.9925054197043738,0.9896881048081158,0.9869595840249019,0.9842244748182087,0.984645496575517,0.9812707368587125,0.9809871668748493,0.9799454852908999,0.9786448506479368,0.9782686855804853
6,1,1.169513630924873,0.6712808031639793,6574,1.685481412070138,0.6633211678832117,1096,1.6912051698270316,0.6515,0.9956007630569109,0.08324712593114261,,,0.96,,0.9600139182880506,0.039986081711949395,0.9982574250157925,0.09967025700425061,5,0.001,0.1,0.9946605563541884,1.0,0.996533196636239,0.995172186270647,0.9937679279180349,0.9921867350852892,0.9921877629091302,0.9898014468860324,0.9890391128649011,0.988579689068854,0.9880644052652001,0.9878341225169569
6,2,1.2047530755153677,0.679716410167733,5783,1.6922850762644122,0.6524896265560166,964,1.6911993251441004,0.6515,0.997815172078421,0.08345678705094245,,,0.96,,0.9600139182880506,0.039986081711949395,0.9982591566571194,0.09967025700425061,5,0.001,0.1,0.9925054197043738,0.996533196636239,1.0,0.9965293702563299,0.9954668902946466,0.995148584893344,0.9950767458190665,0.9940317627018965,0.9924121424958656,0.9922220672987716,0.9919181104018072,0.9924186252999161
6,3,1.2308511213365807,0.6770191034613202,5287,1.6877611492361342,0.662883087400681,881,1.6911987789903586,0.6515,0.9982011545495965,0.08350831271405652,,,0.96,,0.9600139182880506,0.039986081711949395,0.9982591830104293,0.09967025700425061,5,0.001,0.1,0.9896881048081158,0.995172186270647,0.9965293702563299,1.0,0.9957638384896975,0.9962479336894572,0.996340740139413,0.994609599395339,0.9935747930091734,0.9937611499084092,0.993973926729728,0.993181674196395
6,4,1.2596524097842554,0.6676798378926039,4935,1.6697816344407888,0.656934306569343,822,1.6911991739425416,0.6515,0.9980173126150232,0.08349648305666561,,,0.96,,0.9600139182880506,0.039986081711949395,0.9982591816060523,0.09967025700425061,5,0.001,0.1,0.9869595840249019,0.9937679279180349,0.9954668902946466,0.9957638384896975,1.0,0.9957021816690569,0.9952909809528036,0.9954821928704328,0.9952912788168372,0.994299059177994,0.9943129048075359,0.9942857427440774
6,5,1.2511253325906517,0.6792800514248982,4667,1.6888227081298828,0.6568123393316195,778,1.6912010923361245,0.6515,0.9981171171415286,0.08346702931822633,,,0.96,,0.9600139182880506,0.039986081711949395,0.9982591568948916,0.09967025700425061,5,0.001,0.1,0.9842244748182087,0.9921867350852892,0.995148584893344,0.9962479336894572,0.9957021816690569,1.0,0.9962962121943033,0.9962356376438259,0.9951774231009067,0.9952984002402678,0.9962355982881455,0.9950349436719296
6,6,1.2873831913300924,0.6720413204581182,4453,1.6907849411169689,0.6442048517520216,742,1.6911992619212823,0.6515,0.9982858476358617,0.08349992873135349,,,0.96,,0.9600139182880506,0.039986081711949395,0.9982592319343399,0.09967025700425061,5,0.001,0.1,0.984645496575517,0.9921877629091302,0.9950767458190665,0.996340740139413,0.9952909809528036,0.9962962121943033,1.0,0.9967047542294855,0.9954705888212436,0.9953568848947081,0.9965540786657274,0.9958849940603611
6,7,1.3003320095254414,0.666635492167407,4277,1.696576159933339,0.6507713884992987,713,1.6912021218016506,0.6515,0.9977344336387728,0.08342705759608254,,,0.96,,0.9600139182880506,0.039986081711949395,0.9982590209454161,0.09967025700425061,5,0.001,0.1,0.9812707368587125,0.9898014468860324,0.9940317627018965,0.994609599395339,0.9954821928704328,0.9962356376438259,0.9967047542294855,1.0,0.9956978628688323,0.9956590850739394,0.9967764643329383,0.9969197857333804
6,8,1.331894895526079,0.6506175829498668,4129,1.6809814355590127,0.6497093023255814,688,1.691208444464321,0.6515,0.9968087271450512,0.08332809737057961,,,0.96,,0.9600139182880506,0.039986081711949395,0.9982577910632147,0.09967025700425061,5,0.001,0.1,0.9809871668748493,0.9890391128649011,0.9924121424958656,0.9935747930091734,0.9952912788168372,0.9951774231009067,0.9954705888212436,0.9956978628688323,1.0,0.9943634250090468,0.9955340123736902,0.9945805053064601
6,9,1.3259237654625424,0.6686828292926769,4001,1.684262445994786,0.6626686656671664,667,1.6912070924100784,0.6515,0.9967696777514771,0.08332782430602859,,,0.96,,0.9600139182880506,0.039986081711949395,0.9982577950471545,0.09967025700425061,5,0.001,0.1,0.9799454852908999,0.988579689068854,0.9922220672987716,0.9937611499084092,0.994299059177994,0.9952984002402678,0.9953568848947081,0.9956590850739394,0.9943634250090468,1.0,0.9962498497769003,0.9959188306794723
