round,client_id,client_i_training_loss,client_i_training_accuracy,client_i_training_dataset_size,client_i_evaluation_loss,client_i_evaluation_accuracy,client_i_evaluation_dataset_size,client_i_central_evaluation_loss,client_i_central_evaluation_accuracy,client_i_cosine_similarity,client_i_importance_coefficient,client_i_tanh_val,tanh_normalization_value,client_i_q,client_i_mask_order,client_i_v_nonzero_fraction,client_i_v_sparsity,client_i_v_cosine_similarity,client_i_reward_gradient_norm,local_epochs,learning_rate,gamma,client_0_cosine_similarity,client_1_cosine_similarity,client_2_cosine_similarity,client_3_cosine_similarity,client_4_cosine_similarity,client_5_cosine_similarity,client_6_cosine_similarity,client_7_cosine_similarity,client_8_cosine_similarity,client_9_cosine_similarity,client_10_cosine_similarity,client_11_cosine_similarity
0,0,2.2324605685693246,0.16818115412710008,6845,2.3005217855626885,0.08692476260043827,1369,2.2980524316618713,0.1003,0.9030703181057527,0.07962039141542833,,,0.6,,0.6000148536911423,0.39998514630885773,0,0.1407712348969985,10,0.025,0.15,1.0,0.9439749702497966,0.8859040761139171,0.8673503427651301,0.8534807307373116,0.8189940272219077,0.7974046351361782,0.7929059616123387,0.7820942504750936,0.7755661561767516,0.7454629844391067,0.7475416116559908
0,1,2.2608463797458382,0.14863088718510406,5478,2.2965522607167563,0.10948905109489052,1096,2.2979552836357793,0.1002,0.9449415140832952,0.08331202089978222,,,0.8228439439036541,,0.8229027413312208,0.17709725866877923,0,0.14163320540339266,10,0.025,0.15,0.9439749702497966,1.0,0.9386751049789159,0.9066652258121982,0.9194210050947622,0.8884305737400862,0.8353347219080627,0.8601420099255168,0.828013928580853,0.8216703812210965,0.8164241926351539,0.7990873726777229
0,2,2.2869333938548437,0.1208298755186722,4820,2.2989762127399445,0.1037344398340249,964,2.2979530744914767,0.1002,0.9744703040789758,0.08591546580362054,,,0.9799999999396354,,0.9800300374643098,0.019969962535690167,0,0.1416561206141942,10,0.025,0.15,0.8859040761139171,0.9386751049789159,1.0,0.9533459981576164,0.938715200003435,0.9358351012946482,0.8917885915234494,0.9171643813653226,0.903119934812512,0.8922737151580891,0.8925314657980078,0.8654267341053177
0,3,2.290286650657654,0.13220608261461644,4406,2.299509286880493,0.1112372304199773,881,2.297953059401693,0.1002,0.9704036216178564,0.0855569213549493,,,0.9583565876347722,,0.9584096648017032,0.0415903351982968,0,0.14165597516644587,10,0.025,0.15,0.8673503427651301,0.9066652258121982,0.9533459981576164,1.0,0.9281061723815721,0.9335680887375193,0.927685717957802,0.931288451295272,0.9051513750199546,0.9044306435623259,0.8722918964134205,0.8706831561002283
0,4,2.2901537671233667,0.11357003891050584,4112,2.2992968559265137,0.08880778588807786,822,2.297953068455563,0.1002,0.9712838045062119,0.08563452384578858,,,0.9630410352990533,,0.9630638213596079,0.036936178640392114,0,0.14165602028765825,10,0.025,0.15,0.8534807307373116,0.9194210050947622,0.938715200003435,0.9281061723815721,1.0,0.9294859284916062,0.8986745107939726,0.9426125275900853,0.9301552647193538,0.8935143368055408,0.8952639149175573,0.9078344785810699
0,5,2.2915044692254836,0.11195680123425045,3889,2.297382490975516,0.09383033419023136,778,2.297953231425225,0.1002,0.961837876476008,0.08480171108252077,,,0.9127685793317175,,0.9128088329949993,0.08719116700500074,0,0.141653830211562,10,0.025,0.15,0.8189940272219077,0.8884305737400862,0.9358351012946482,0.9335680887375193,0.9294859284916062,1.0,0.9016111338049965,0.9497940133078384,0.8918434975266142,0.9173795590253271,0.9174678417974963,0.8790761942128446
0,6,2.29578715850567,0.12586903799514956,3711,2.2928103605906167,0.11320754716981132,742,2.2979435950894898,0.1001,0.9393951568008946,0.08282301895951157,,,0.7933255099957279,,0.7933604000594148,0.20663959994058523,0,0.1414753655580266,10,0.025,0.15,0.7974046351361782,0.8353347219080627,0.8917885915234494,0.927685717957802,0.8986745107939726,0.9016111338049965,1.0,0.9052631989789001,0.9308742029577591,0.9423946459103263,0.8294555887797667,0.8751523047800295
0,7,2.2947527621473585,0.10819304152637486,3564,2.300870656967163,0.09256661991584852,713,2.297953481915631,0.1002,0.957380307866488,0.0844087036385428,,,0.8890448201704233,,0.8890759353699395,0.11092406463006055,0,0.14164870739564112,10,0.025,0.15,0.7929059616123387,0.8601420099255168,0.9171643813653226,0.931288451295272,0.9426125275900853,0.9497940133078384,0.9052631989789001,1.0,0.9277573197307404,0.9161825949993025,0.913105707803778,0.9001050938756262
0,8,2.297385078889352,0.1050566695727986,3441,2.2983041604359946,0.1002906976744186,688,2.297955298725563,0.1002,0.9450064477254827,0.08331774586040083,,,0.8231895291820119,,0.8232328233566041,0.17676717664339592,0,0.14163322145158785,10,0.025,0.15,0.7820942504750936,0.828013928580853,0.903119934812512,0.9051513750199546,0.9301552647193538,0.8918434975266142,0.9308742029577591,0.9277573197307404,1.0,0.9237541676273533,0.8934588452541693,0.9246221463997343
0,9,2.298349392855609,0.12120575884823036,3334,2.2990291118621826,0.08545727136431784,667,2.2979437761668917,0.1001,0.9383201940678515,0.08272824344552787,,,0.7876044186968488,,0.7876582330709181,0.2123417669290819,0,0.14147303804105577,10,0.025,0.15,0.7755661561767516,0.8216703812210965,0.8922737151580891,0.9044306435623259,0.8935143368055408,0.9173795590253271,0.9423946459103263,0.9161825949993025,0.9237541676273533,1.0,0.8659093020057097,0.9140102044729363
0,10,2.2944879981187674,0.11033631595186671,3241,2.2948792775472007,0.11882716049382716,648,2.2979772573784936,0.1003,0.9173485982169323,0.08087925490412746,,,0.6759908614466835,,0.6760244920862835,0.32397550791371654,0,0.14115648476421389,10,0.025,0.15,0.7454629844391067,0.8164241926351539,0.8925314657980078,0.8722918964134205,0.8952639149175573,0.9174678417974963,0.8294555887797667,0.913105707803778,0.8934588452541693,0.8659093020057097,1.0,0.890004483202935
0,11,2.298005694389343,0.10572966128521684,3159,2.297816514968872,0.1060126582278481,632,2.2979762252373033,0.1003,0.9187407837853414,0.08100199878979979,,,0.6834002538814355,,0.6834430856067732,0.31655691439322675,0,0.14116472771246288,10,0.025,0.15,0.7475416116559908,0.7990873726777229,0.8654267341053177,0.8706831561002283,0.9078344785810699,0.8790761942128446,0.8751523047800295,0.9001050938756262,0.9246221463997343,0.9140102044729363,0.890004483202935,1.0
1,0,2.1013373030556575,0.23057706355003652,6845,2.2895437587391245,0.14097881665449233,1369,2.287518202504025,0.1527,0.9103607024416057,0.07904308367772499,,,0.6,,0.6000148536911423,0.39998514630885773,0.8818560551476925,0.14533163007321515,10,0.025,0.15,1.0,0.9590890696644186,0.9384952034122573,0.9164601986772914,0.898585355857583,0.8821902822061611,0.8641588937373144,0.8388547172630936,0.8391293050121826,0.8361130640424267,0.8159267618479319,0.8242423428750038
1,1,2.13285340542017,0.21876597298284045,5478,2.285699076122708,0.17062043795620438,1096,2.287314737899394,0.154,0.9529970718558558,0.08272187976829837,,,0.8296657913999799,,0.8297024310541169,0.1702975689458831,0.8843955498885891,0.14571478084237213,10,0.025,0.15,0.9590890696644186,1.0,0.9689597991783665,0.9566618432379843,0.9456879468548991,0.9343062161063127,0.9135311186477113,0.8962629209922693,0.8916388389379376,0.890180295142732,0.8737326489909011,0.877428991400018
1,2,2.1737663827444376,0.1941701244813278,4820,2.288979649543762,0.14522821576763487,964,2.2873042987871774,0.154,0.9752915385897034,0.08506268810016344,,,0.9758015338595922,,0.9758379957419419,0.024162004258058145,0.88462722793285,0.14574650838931533,10,0.025,0.15,0.9384952034122573,0.9689597991783665,1.0,0.9780064911792219,0.9605607315597106,0.9606621744090436,0.9442046933025258,0.9329854549782394,0.9271779228480707,0.9273005165901778,0.9134149304856152,0.9145236462706605
1,3,2.189089414392199,0.19450748978665455,4406,2.2895786421639577,0.1611804767309875,881,2.2873042867153504,0.154,0.9803015237562398,0.08500389514431553,,,0.9721311127758698,,0.9721740852601871,0.027825914739812885,0.8846186773060202,0.14574649059951106,10,0.025,0.15,0.9164601986772914,0.9566618432379843,0.9780064911792219,1.0,0.9628283297305178,0.9650912617796662,0.95695999843252,0.9471804430165819,0.9406975915562104,0.942897842731793,0.9281332786797207,0.9296250054612676
1,4,2.201708938858726,0.19053988326848248,4112,2.289031539644514,0.14476885644768855,822,2.287304271625567,0.154,0.9826910915095283,0.08512993930244273,,,0.9799999999375704,,0.9800300374643098,0.019969962535690167,0.8846203190492996,0.14574652524645265,10,0.025,0.15,0.898585355857583,0.9456879468548991,0.9605607315597106,0.9628283297305178,1.0,0.9692455064708639,0.9608468788178701,0.9535436795709488,0.9532957921460617,0.9542108336815421,0.9444828155733472,0.9498223504736942
1,5,2.215918557874618,0.178272049370018,3889,2.285125119345529,0.15938303341902313,778,2.2873044768466224,0.154,0.9891281811820913,0.08482375650656276,,,0.9608851285509723,,0.9609265402452509,0.039073459754749074,0.8846385935148571,0.1457463852320066,10,0.025,0.15,0.8821902822061611,0.9343062161063127,0.9606621744090436,0.9650912617796662,0.9692455064708639,1.0,0.9763368774573981,0.9761028717148342,0.9707681480931238,0.966493133594758,0.9638128456340761,0.9635145175217752
1,6,2.2241416606409796,0.1782807868499057,3711,2.2821151415506997,0.1711590296495957,742,2.287308529962467,0.1505,0.9855749532982814,0.08348149655549889,,,0.8770883683240317,,0.8771352181016983,0.12286478189830174,0.8823632740288518,0.14573735026569382,10,0.025,0.15,0.8641588937373144,0.9135311186477113,0.9442046933025258,0.95695999843252,0.9608468788178701,0.9763368774573981,1.0,0.975949194672579,0.979299046974834,0.9757932319402098,0.9667759834643741,0.9744135339435184
1,7,2.2250364882605416,0.16562850729517395,3564,2.291014472643534,0.13183730715287517,713,2.2873063811772987,0.154,0.9800738577670315,0.08428482638195786,,,0.9272399330768781,,0.9272746777574227,0.07272532224257733,0.8845162012451793,0.14574299006756614,10,0.025,0.15,0.8388547172630936,0.8962629209922693,0.9329854549782394,0.9471804430165819,0.9535436795709488,0.9761028717148342,0.975949194672579,1.0,0.9800944307831116,0.9718754886885724,0.9764387472490764,0.9743187362899637
1,8,2.235716546906365,0.16602731764022086,3441,2.287359595298767,0.16424418604651161,688,2.287310796447947,0.154,0.9794401165991498,0.08358800000938174,,,0.8837373370139557,,0.8837863709131719,0.11621362908682809,0.8844704703796499,0.14573834615104056,10,0.025,0.15,0.8391293050121826,0.8916388389379376,0.9271779228480707,0.9406975915562104,0.9532957921460617,0.9707681480931238,0.979299046974834,0.9800944307831116,1.0,0.974805165832137,0.9775618588935892,0.982786514374934
1,9,2.234748574980983,0.1773845230953809,3334,2.2890445788701377,0.136431784107946,667,2.2873113004467154,0.1505,0.977048126606579,0.083144611537529,,,0.8560567693014312,,0.856100741034147,0.14389925896585298,0.8823476759533303,0.14572131467079955,10,0.025,0.15,0.8361130640424267,0.890180295142732,0.9273005165901778,0.942897842731793,0.9542108336815421,0.966493133594758,0.9757932319402098,0.9718754886885724,0.974805165832137,1.0,0.9743309879656545,0.9751715396686276
1,10,2.238128019296206,0.15766738660907129,3241,2.2835463285446167,0.17592592592592593,648,2.287384763548646,0.1527,0.9702368230253785,0.08177646084585163,,,0.7706436603325297,,0.7706837649155815,0.22931623508441845,0.8810812380918761,0.14566612005378188,10,0.025,0.15,0.8159267618479319,0.8737326489909011,0.9134149304856152,0.9281332786797207,0.9444828155733472,0.9638128456340761,0.9667759834643741,0.9764387472490764,0.9775618588935892,0.9743309879656545,1.0,0.9758548503172786
1,11,2.2422651405334473,0.17913896802785692,3159,2.2869284629821776,0.15822784810126583,632,2.2873821801777128,0.1526,0.9728985991363432,0.08193936217027299,,,0.7808135258733798,,0.7808420392467528,0.21915796075324723,0.881140320721307,0.14567132265426674,10,0.025,0.15,0.8242423428750038,0.877428991400018,0.9145236462706605,0.9296250054612676,0.9498223504736942,0.9635145175217752,0.9744135339435184,0.9743187362899637,0.982786514374934,0.9751715396686276,0.9758548503172786,1.0
2,0,2.0196479865798245,0.26677867056245436,6845,2.273491534319791,0.1891891891891892,1369,2.2718008469931688,0.199,0.9188680566479347,0.07890580943230227,,,0.6,,0.6000148536911423,0.39998514630885773,0.9474407955836125,0.14541697704832962,10,0.025,0.15,1.0,0.9495837999030797,0.9357820852621567,0.9083939253412394,0.9019459215633423,0.8906728679660494,0.8747523495250316,0.8595873518102362,0.8618049418711231,0.8573061759056032,0.8413934923565094,0.8561703761387022
2,1,2.0445062570793686,0.2598758671047828,5478,2.2694189813401966,0.2071167883211679,1096,2.2714097258410875,0.1974,0.9619696543676033,0.08258916752026264,,,0.8416542841144712,,0.8416761565248965,0.15832384347510353,0.9493288766018109,0.14597715663869168,10,0.025,0.15,0.9495837999030797,1.0,0.9607395159525447,0.951917269808539,0.9502368371727392,0.9411648568704116,0.9241909310249271,0.9188088995886764,0.9153501088531164,0.9125024705843657,0.9018483640616275,0.9102221161548414
2,2,2.0813106307857914,0.24188796680497926,4820,2.2739362120628357,0.1908713692946058,964,2.271371234821368,0.1975,0.9783141767984802,0.08457168017879477,,,0.9717211051524293,,0.9717697347790926,0.028230265220907436,0.9495884778767086,0.1460215292539494,10,0.025,0.15,0.9357820852621567,0.9607395159525447,1.0,0.9667652135863344,0.961502401480733,0.9603205982075571,0.946592833620028,0.9450798570766509,0.9443149153849435,0.9372364268335202,0.9306236052406316,0.9364475093704667
2,3,2.0937669362340654,0.2428052655469814,4406,2.2746024131774902,0.1952326901248581,881,2.271371186534061,0.1975,0.9810926885339746,0.08462583741887485,,,0.9752742022905938,,0.9753181165519632,0.02468188344803679,0.9495918229198833,0.1460215639010782,10,0.025,0.15,0.9083939253412394,0.951917269808539,0.9667652135863344,1.0,0.9601547096586581,0.9657841103306245,0.9592600833286686,0.9550733176325407,0.9532748841719729,0.9479013218801788,0.9410187211860505,0.9470306424887219
2,4,2.106937223853487,0.24190175097276265,4112,2.2738402911594937,0.16909975669099755,822,2.2713710899594464,0.1975,0.980103790218129,0.08467166610479948,,,0.9782808875013594,,0.9783136109323167,0.021686389067683276,0.9495887076393918,0.14602158127680498,10,0.025,0.15,0.9019459215633423,0.9502368371727392,0.961502401480733,0.9601547096586581,1.0,0.962892453162227,0.9532374448115766,0.953134405243067,0.9547761192785978,0.9478636850020401,0.9460237017958791,0.9532363366025164
2,5,2.119494478933273,0.2346618668038056,3889,2.2669837134225026,0.21079691516709512,778,2.2713715849043448,0.1974,0.9867251287093183,0.08469786926816375,,,0.9799999999343929,,0.9800300374643098,0.019969962535690167,0.9495897769842625,0.14602159040170085,10,0.025,0.15,0.8906728679660494,0.9411648568704116,0.9603205982075571,0.9657841103306245,0.962892453162227,1.0,0.9694247705218261,0.9721278633998331,0.9707716285762125,0.9586686136523161,0.963230630946421,0.9669766451970495
2,6,2.1274623246028503,0.22921045540285637,3711,2.265600323677063,0.2169811320754717,742,2.2713993501059617,0.1984,0.982021155715754,0.08371323094239588,,,0.915400777148301,,0.9154412371474311,0.08455876285256891,0.9495893441010566,0.14601777537421423,10,0.025,0.15,0.8747523495250316,0.9241909310249271,0.946592833620028,0.9592600833286686,0.9532374448115766,0.9694247705218261,1.0,0.9674228052505907,0.9725407523097157,0.9631046536063989,0.9651898008338893,0.9717144031969753
2,7,2.1304922197546277,0.22241863075196408,3564,2.276456872622172,0.15568022440392706,713,2.2713757708102844,0.1972,0.9807378751807984,0.08416892896758371,,,0.9452977834722562,,0.9453466686471588,0.05465333135284123,0.9495962557676985,0.14602084755037031,10,0.025,0.15,0.8595873518102362,0.9188088995886764,0.9450798570766509,0.9550733176325407,0.953134405243067,0.9721278633998331,0.9674228052505907,1.0,0.974278563870792,0.9618111261134407,0.9714176771446906,0.9727585367400708
2,8,2.1402441960793954,0.22124382446963092,3441,2.2708874146143594,0.2136627906976744,688,2.271384972560255,0.1972,0.9813456966593516,0.08375717444084586,,,0.9182837807569173,,0.9183377069201697,0.0816622930798303,0.9496120536906031,0.14601807434572533,10,0.025,0.15,0.8618049418711231,0.9153501088531164,0.9443149153849435,0.9532748841719729,0.9547761192785978,0.9707716285762125,0.9725407523097157,0.974278563870792,1.0,0.9608228357880927,0.9731791170831642,0.977939845088708
2,9,2.1469408022032845,0.22381523695260946,3334,2.2736864487330117,0.1889055472263868,667,2.2714137276516686,0.1984,0.974160074560663,0.08324834363915357,,,0.884900889335021,,0.8849416580020135,0.11505834199798648,0.9494225361689652,0.14601070908766187,10,0.025,0.15,0.8573061759056032,0.9125024705843657,0.9372364268335202,0.9479013218801788,0.9478636850020401,0.9586686136523161,0.9631046536063989,0.9618111261134407,0.9608228357880927,1.0,0.963421212746268,0.9648078983754753
2,10,2.1508196340157437,0.21373033014501697,3241,2.267401377360026,0.22685185185185186,648,2.2715329278873493,0.1998,0.973866247520125,0.08239142546647889,,,0.8286810099159532,,0.8287369411298707,0.17126305887012927,0.9494376822106215,0.14597099998976756,10,0.025,0.15,0.8413934923565094,0.9018483640616275,0.9306236052406316,0.9410187211860505,0.9460237017958791,0.963230630946421,0.9651898008338893,0.9714176771446906,0.9731791170831642,0.963421212746268,1.0,0.9746170392450563
2,11,2.138607808113098,0.23526432415321305,3159,2.270930624008179,0.21044303797468356,632,2.271528419060043,0.1998,0.9789757302874055,0.08265886662034416,,,0.846227036948,,0.8462642966777244,0.1537357033222756,0.9494935066011571,0.1459794977779052,10,0.025,0.15,0.8561703761387022,0.9102221161548414,0.9364475093704667,0.9470306424887219,0.9532363366025164,0.9669766451970495,0.9717144031969753,0.9727585367400708,0.977939845088708,0.9648078983754753,0.9746170392450563,1.0
3,0,1.9598664296997919,0.2905624543462381,6845,2.2517069469798696,0.22717311906501095,1369,2.250455460970915,0.2292,0.9195205704513271,0.07894137835150929,,,0.6,,0.6000148536911423,0.39998514630885773,0.9761291063894737,0.14490131892741623,10,0.025,0.15,1.0,0.946231079133964,0.9308983040458625,0.9036996474042283,0.899411446595759,0.8864950754208598,0.8699189636167836,0.8583827768997402,0.8610686155336761,0.8544150363701872,0.8431759636836703,0.8573566378935857
3,1,1.981801166922547,0.2834246075209931,5478,2.2473556995391846,0.2363138686131387,1096,2.2497474754912945,0.2268,0.9605020503889252,0.08256300995070032,,,0.8447747767621719,,0.8448201878166725,0.15517981218332755,0.9792151885042862,0.14550749981496622,10,0.025,0.15,0.946231079133964,1.0,0.9522727656744057,0.9456770564819168,0.9428272996643362,0.9338574838316035,0.9201219740475958,0.9151066597059745,0.9126875440710506,0.9068586659017109,0.8993202275688259,0.9084598763543957
3,2,2.014376303083018,0.26954356846473027,4820,2.2537295818328857,0.22510373443983403,964,2.249670970289013,0.2268,0.9748070754446215,0.0842592720964469,,,0.9594198411988715,,0.9594576752322952,0.04054232476770481,0.9798297392559496,0.14553608562832782,10,0.025,0.15,0.9308983040458625,0.9522727656744057,1.0,0.9551932750595965,0.9542863001558632,0.9497525138049466,0.9374375895831832,0.9394898450825704,0.938485852504212,0.9330834262335227,0.9246934161424333,0.9318859745559932
3,3,2.0304166524750844,0.27149341806627325,4406,2.2539822033473422,0.21112372304199772,881,2.249670490433898,0.2268,0.9770928459720153,0.08436745757796026,,,0.9667317602500125,,0.9667854961958047,0.03321450380419533,0.9798333356954361,0.14553622565383056,10,0.025,0.15,0.9036996474042283,0.9456770564819168,0.9551932750595965,1.0,0.9500843309459375,0.9579186099662971,0.9516054859710166,0.9483126095614419,0.9466232498464302,0.9356598621479262,0.936687437094992,0.9410493094468704
3,4,2.040610977375146,0.27144941634241243,4112,2.2531205245426724,0.20559610705596107,822,2.249670408949067,0.2268,0.9761071714101355,0.08436370656321494,,,0.9664782408702057,,0.9665049264742288,0.03349507352577119,0.9798334903898497,0.14553621254404106,10,0.025,0.15,0.899411446595759,0.9428272996643362,0.9542863001558632,0.9500843309459375,1.0,0.9519816266807227,0.9462824565647882,0.945540335163902,0.9475564871792497,0.9410992185330784,0.9368563235621085,0.9450258480476502
3,5,2.0492372289780647,0.26461815376703524,3889,2.2427711146218434,0.2326478149100257,778,2.249671021594277,0.2268,0.9817392150858277,0.08456377141689028,,,0.9799999999324132,,0.9800300374643098,0.019969962535690167,0.9798367176162286,0.14553634211245894,10,0.025,0.15,0.8864950754208598,0.9338574838316035,0.9497525138049466,0.9579186099662971,0.9519816266807227,1.0,0.9603773179782695,0.9612837707771562,0.9605309117382697,0.9477034228694643,0.9583864689882452,0.9574649191837045
3,6,2.058685540330821,0.25804365400161683,3711,2.2429863611857095,0.24528301886792453,742,2.2497304270539105,0.2296,0.9780307347912701,0.08383214892206516,,,0.9305519188838034,,0.9305837500618904,0.06941624993810958,0.9797801465598213,0.14553473969510214,10,0.025,0.15,0.8699189636167836,0.9201219740475958,0.9374375895831832,0.9516054859710166,0.9462824565647882,0.9603773179782695,1.0,0.9600246927841957,0.9637090417097098,0.9500572770031314,0.9592154582013589,0.9637204875664883
3,7,2.0601577218089786,0.25757575757575757,3564,2.256778836250305,0.19214586255259467,713,2.2496797253813923,0.2267,0.9772275014598402,0.08408851758843225,,,0.9478790769229697,,0.9479213084451487,0.05207869155485134,0.9798228926841902,0.1455357448241502,10,0.025,0.15,0.8583827768997402,0.9151066597059745,0.9394898450825704,0.9483126095614419,0.945540335163902,0.9612837707771562,0.9600246927841957,1.0,0.9654182489607391,0.9521323225152218,0.9619939428761646,0.9646069164672261
3,8,2.0704869164360895,0.25492589363557105,3441,2.248373786608378,0.2543604651162791,688,2.2496948362905766,0.2266,0.9780046207949905,0.08385854655490466,,,0.9323360525010334,,0.9323661929989603,0.06763380700103971,0.9797792930845238,0.1455348629030145,10,0.025,0.15,0.8610686155336761,0.9126875440710506,0.938485852504212,0.9466232498464302,0.9475564871792497,0.9605309117382697,0.9637090417097098,0.9654182489607391,1.0,0.9510418212075307,0.9654000509613737,0.9691889380078641
3,9,2.0742907298935784,0.2550989802039592,3334,2.2521052757898965,0.2158920539730135,667,2.2497530315495746,0.2296,0.9692731407857452,0.08325804017819824,,,0.8917497006657426,,0.8917908600287171,0.1082091399712829,0.9797652170581975,0.14552918570703632,10,0.025,0.15,0.8544150363701872,0.9068586659017109,0.9330834262335227,0.9356598621479262,0.9410992185330784,0.9477034228694643,0.9500572770031314,0.9521323225152218,0.9510418212075307,1.0,0.9519841348797863,0.9564136070662699
3,10,2.076827919483185,0.2510027769207035,3241,2.2452720006306968,0.24537037037037038,648,2.2499382646777963,0.2303,0.971187578907792,0.08278913670298678,,,0.8600579782129316,,0.8601029855919196,0.13989701440808044,0.9791834353077479,0.14551286370166505,10,0.025,0.15,0.8431759636836703,0.8993202275688259,0.9246934161424333,0.936687437094992,0.9368563235621085,0.9583864689882452,0.9592154582013589,0.9619939428761646,0.9654000509613737,0.9519841348797863,1.0,0.9647097311569471
3,11,2.0557100853919983,0.2702754036087369,3159,2.2493941307067873,0.24367088607594936,632,2.2499186902106563,0.2303,0.9760909445832393,0.0831150140966908,,,0.8820830141976952,,0.8821194566849863,0.11788054331501374,0.9794673420296076,0.14552722089271575,10,0.025,0.15,0.8573566378935857,0.9084598763543957,0.9318859745559932,0.9410493094468704,0.9450258480476502,0.9574649191837045,0.9637204875664883,0.9646069164672261,0.9691889380078641,0.9564136070662699,0.9647097311569471,1.0
4,0,1.914135268220195,0.30609203798392987,6845,2.224429867484353,0.2468955441928415,1369,2.223629082305522,0.2499,0.9219422674420402,0.07912190480884033,,,0.6,,0.6000148536911423,0.39998514630885773,0.9840045661951345,0.14456093063207567,10,0.025,0.15,1.0,0.9444452995197207,0.9287521394320871,0.90374745816887,0.899772206025145,0.884408796604405,0.8698691076344867,0.8603890531585143,0.8630500073684194,0.853498970440078,0.8457996378872598,0.8575083965609308
4,1,1.9352454964504686,0.3020627966411099,5478,2.2193128797743054,0.26277372262773724,1096,2.2224369441406635,0.2506,0.9579102417390365,0.08254506718839505,,,0.8446359361481628,,0.8446799029558846,0.15532009704411542,0.9867776793049232,0.1451268037837256,10,0.025,0.15,0.9444452995197207,1.0,0.9454290677141066,0.9404560664001486,0.9373517264264194,0.9265895090359542,0.914409079824423,0.9108886359937434,0.9094661107903593,0.9003941574612665,0.8934143708884754,0.9013594265665271
4,2,1.963254305563475,0.29105809128630705,4820,2.228500872850418,0.24688796680497926,964,2.222329006919378,0.2506,0.9711170924609789,0.08402947023315484,,,0.9507186421994109,,0.9507600138634451,0.04923998613655489,0.9869155264166275,0.1451472338625,10,0.025,0.15,0.9287521394320871,0.9454290677141066,1.0,0.9482336502521729,0.9490831307566351,0.9416030674659793,0.9301930476950039,0.9337960708153492,0.9336409929426942,0.9265303985208728,0.9156629751778209,0.9220019072650453
4,3,1.9803095276015146,0.28903767589650475,4406,2.2277656623295377,0.23609534619750283,881,2.2223292875893508,0.2506,0.9746858342731707,0.08421321678830694,,,0.9638500702619857,,0.9638807743724316,0.03611922562756842,0.9869166733744295,0.14514758118380056,10,0.025,0.15,0.90374745816887,0.9404560664001486,0.9482336502521729,1.0,0.9455385086201444,0.9497264798746945,0.9444913409351273,0.9427027033533714,0.9436712374014422,0.9309449075386945,0.9309885448526329,0.9342646957519902
4,4,1.9863366639975346,0.29129377431906617,4112,2.227049861635481,0.22262773722627738,822,2.2223289737218543,0.2506,0.9742022238480962,0.08419508869211291,,,0.9625545477914484,,0.9625934544734367,0.037406545526563306,0.98691661414862,0.1451475632579344,10,0.025,0.15,0.899772206025145,0.9373517264264194,0.9490831307566351,0.9455385086201444,1.0,0.9428286186348116,0.9405671466255777,0.9413071264601445,0.9441647398857862,0.9376305887668378,0.9318473336270361,0.9389725332474129
4,5,1.9979344552563083,0.2868860889688866,3889,2.2129283291952953,0.2480719794344473,778,2.222329504882233,0.2507,0.9778729788455235,0.08443920088752573,,,0.9799999999285351,,0.9800300374643098,0.019969962535690167,0.9869181254892925,0.14514771967877288,10,0.025,0.15,0.884408796604405,0.9265895090359542,0.9416030674659793,0.9497264798746945,0.9428286186348116,1.0,0.9538819689635588,0.9547800663209507,0.9549528307967813,0.9410165565419858,0.9509999636835088,0.9497712797917289
4,6,2.006130953081723,0.2733495014820803,3711,2.214510520299276,0.27358490566037735,742,2.2224215917949435,0.2514,0.9744283433296667,0.08387251910527234,,,0.939502146502809,,0.9395537291016818,0.06044627089831822,0.9869255158565736,0.14514671310613547,10,0.025,0.15,0.8698691076344867,0.914409079824423,0.9301930476950039,0.9444913409351273,0.9405671466255777,0.9538819689635588,1.0,0.9517236649981958,0.9558106848061514,0.9423915381349492,0.9506357532397728,0.9563714731202604
4,7,2.0078618109226225,0.2812570145903479,3564,2.232093652089437,0.2300140252454418,713,2.222342225569713,0.2506,0.9743463788461044,0.08402897856881746,,,0.9506835054597211,,0.9507187536102721,0.04928124638972786,0.9869244700708409,0.14514723371411112,10,0.025,0.15,0.8603890531585143,0.9108886359937434,0.9337960708153492,0.9427027033533714,0.9413071264601445,0.9547800663209507,0.9517236649981958,1.0,0.9569089688263277,0.9456866358598337,0.9530704921767967,0.9574334292828105
4,8,2.01979981219327,0.27230456262714325,3441,2.2197659413019815,0.27180232558139533,688,2.222363052488882,0.2507,0.9757725379574553,0.08393282033258544,,,0.9438115673128559,,0.9438530474822994,0.05614695251770063,0.9869266320837224,0.14514694864233435,10,0.025,0.15,0.8630500073684194,0.9094661107903593,0.9336409929426942,0.9436712374014422,0.9441647398857862,0.9549528307967813,0.9558106848061514,0.9569089688263277,1.0,0.9465599518329574,0.9562884054590565,0.9609375665605798
4,9,2.026329013153359,0.27051589682063587,3334,2.224372665087382,0.24287856071964017,667,2.222453132460389,0.2514,0.9665999162161507,0.08326039192037908,,,0.8957565422006313,,0.8957931045864898,0.10420689541351025,0.9868525675088331,0.1451412738996556,10,0.025,0.15,0.853498970440078,0.9003941574612665,0.9265303985208728,0.9309449075386945,0.9376305887668378,0.9410165565419858,0.9423915381349492,0.9456866358598337,0.9465599518329574,1.0,0.9502783191857553,0.9444295256729054
4,10,2.0258657693862916,0.27102746066029004,3241,2.2173571983973184,0.27469135802469136,648,2.222704694240908,0.2498,0.9680857643507332,0.08301786976719978,,,0.8784247222630088,,0.8784637982538661,0.12153620174613389,0.9868612421652029,0.1451376672555538,10,0.025,0.15,0.8457996378872598,0.8934143708884754,0.9156629751778209,0.9309885448526329,0.9318473336270361,0.9509999636835088,0.9506357532397728,0.9530704921767967,0.9562884054590565,0.9502783191857553,1.0,0.957339182510783
4,11,1.9975556750297547,0.2913263691041469,3159,2.222334098815918,0.25949367088607594,632,2.222674249093744,0.2499,0.9718603863411274,0.08334347170741006,,,0.901693830363385,,0.9017428330940238,0.09825716690597619,0.9868541168710939,0.14514266914769147,10,0.025,0.15,0.8575083965609308,0.9013594265665271,0.9220019072650453,0.9342646957519902,0.9389725332474129,0.9497712797917289,0.9563714731202604,0.9574334292828105,0.9609375665605798,0.9444295256729054,0.957339182510783,1.0
5,0,1.8741534811479075,0.3205551497443389,6845,2.1914287263696846,0.25493060628195763,1369,2.1915847711925265,0.2639,0.9246175990745613,0.07941284501875483,,,0.6,,0.6000148536911423,0.39998514630885773,0.9856728821865591,0.1441413607432072,10,0.025,0.15,1.0,0.9408178828986498,0.9277204490705062,0.9039817697371615,0.9000512286632733,0.8820886305934569,0.8702136951653345,0.8623285476114366,0.8647805356781354,0.8464782988165064,0.8502387467002035,0.8606889500813295
5,1,1.8923658856125765,0.3174151150054765,5478,2.1858419842190213,0.2846715328467153,1096,2.189795469935936,0.2675,0.9566963457861646,0.08258940723732722,,,0.8473851467397395,,0.847419583766566,0.152580416233434,0.9884381166366963,0.14467801188644666,10,0.025,0.15,0.9408178828986498,1.0,0.9416595113354577,0.9349171638069191,0.9330765636817265,0.9199384990385152,0.9101994209205834,0.9060429164911862,0.9061148291226304,0.8932828166635849,0.8916597249307469,0.8985800390546869
5,2,1.9213067239836643,0.3045020746887967,4820,2.19843128323555,0.26141078838174275,964,2.1896518755562697,0.2672,0.9701747355427408,0.08395274342042665,,,0.9535594000692476,,0.9535987192817416,0.04640128071825844,0.9885727069681288,0.1447007124861737,10,0.025,0.15,0.9277204490705062,0.9416595113354577,1.0,0.9426448303721464,0.9423684602974454,0.9360516946923728,0.9257664072681004,0.929385438437591,0.9300288067183552,0.9173886804154542,0.9161447222702161,0.9207082517839725
5,3,1.942912324496678,0.30292782569223786,4406,2.196420873914446,0.2508513053348468,881,2.189651612994037,0.2672,0.9713856129149554,0.08410653843576016,,,0.9655366886656032,,0.965572444752521,0.03442755524747898,0.9885695832646151,0.14470095055013935,10,0.025,0.15,0.9039817697371615,0.9349171638069191,0.9426448303721464,1.0,0.938033214304898,0.9393949956938138,0.9375959207886696,0.9344402306717604,0.9359927056577811,0.9222250389365957,0.925847040718691,0.9273006221212197
5,4,1.943351738019423,0.3088035019455253,4112,2.195809943335397,0.23114355231143552,822,2.189650846433036,0.2672,0.9707249609931466,0.08407366409661242,,,0.9629764922474482,,0.9630060570051658,0.03699394299483416,0.9885704793935338,0.14470091055921241,10,0.025,0.15,0.9000512286632733,0.9330765636817265,0.9423684602974454,0.938033214304898,1.0,0.9334138842805542,0.9327622892913113,0.9347808029737515,0.9360497514241447,0.9254730157940223,0.926785913443465,0.9318436233724952
5,5,1.9555485175501917,0.3019799434301877,3889,2.1780851909092496,0.2712082262210797,778,2.1896517276763916,0.2673,0.9727699434542442,0.08429225535813159,,,0.9799999999221216,,0.9800300374643098,0.019969962535690167,0.9885674047310367,0.14470107341596256,10,0.025,0.15,0.8820886305934569,0.9199384990385152,0.9360516946923728,0.9393949956938138,0.9334138842805542,1.0,0.9440031194926221,0.9440632253305413,0.9460020277710668,0.9304206879226168,0.9416263140944042,0.939957558699993
5,6,1.9618499147480932,0.2893559687415791,3711,2.1806610425313315,0.29110512129380056,742,2.189768893809258,0.2667,0.9704310316203204,0.08386358877525002,,,0.946616191196902,,0.9466587446980574,0.05334125530194256,0.9885714573039268,0.1447004842879699,10,0.025,0.15,0.8702136951653345,0.9101994209205834,0.9257664072681004,0.9375959207886696,0.9327622892913113,0.9440031194926221,1.0,0.9411990360270027,0.9478412613207498,0.9335223309314982,0.940025411424081,0.9465630141395741
5,7,1.9654650730746133,0.2948092031425365,3564,2.201891859372457,0.25105189340813466,713,2.1896682358995267,0.2674,0.9700519842364362,0.08394842292564322,,,0.9532229274417836,,0.9532686372563582,0.04673136274364176,0.9885723799336188,0.14470069188331094,10,0.025,0.15,0.8623285476114366,0.9060429164911862,0.929385438437591,0.9344402306717604,0.9347808029737515,0.9440632253305413,0.9411990360270027,1.0,0.946282505305985,0.9315013694035645,0.9456028549564417,0.9491405451701324
5,8,1.9748773252522505,0.287794245858762,3441,2.1856096585591636,0.2936046511627907,688,2.1896947758107244,0.2673,0.9721475331320532,0.0839572064092162,,,0.9539069698823446,,0.9539618095096631,0.04603819049033686,0.9885753407110128,0.144700713305118,10,0.025,0.15,0.8647805356781354,0.9061148291226304,0.9300288067183552,0.9359927056577811,0.9360497514241447,0.9460020277710668,0.9478412613207498,0.946282505305985,1.0,0.9366358803997719,0.9471800280326343,0.9522104820874479
5,9,1.984667060993336,0.2880323935212957,3334,2.1911652088165283,0.2623688155922039,667,2.1898082147670697,0.2667,0.9602006853555057,0.08314856706695718,,,0.8909315428075439,,0.8909656549652588,0.10903434503474119,0.9885607825741033,0.1446954153358741,10,0.025,0.15,0.8464782988165064,0.8932828166635849,0.9173886804154542,0.9222250389365957,0.9254730157940223,0.9304206879226168,0.9335223309314982,0.9315013694035645,0.9366358803997719,1.0,0.9395562018878665,0.9345581166288787
5,10,1.9835809148274934,0.283585313174946,3241,2.1845202843348184,0.2978395061728395,648,2.190126346636422,0.2655,0.965597760943448,0.08317437873379492,,,0.8929417105766239,,0.8929874073707317,0.10701259262926832,0.9885653756670064,0.14469568147740144,10,0.025,0.15,0.8502387467002035,0.8916597249307469,0.9161447222702161,0.925847040718691,0.926785913443465,0.9416263140944042,0.940025411424081,0.9456028549564417,0.9471800280326343,0.9395562018878665,1.0,0.9487755973131831
5,11,1.9502159214019776,0.3045267489711934,3159,2.189827299118042,0.2737341772151899,632,2.1900865156439284,0.2657,0.9687669508362515,0.08348038252212538,,,0.9167727539720425,,0.9168358337046756,0.08316416629532442,0.9885541957229295,0.14469863892305954,10,0.025,0.15,0.8606889500813295,0.8985800390546869,0.9207082517839725,0.9273006221212197,0.9318436233724952,0.939957558699993,0.9465630141395741,0.9491405451701324,0.9522104820874479,0.9345581166288787,0.9487755973131831,1.0
6,0,1.838909512537497,0.33323593864134404,6845,2.1543063900687476,0.268809349890431,1369,2.155445648145072,0.2783,0.9306501049218341,0.07986372149882438,,,0.6,,0.6000148536911423,0.39998514630885773,0.987871994284614,0.14379955661080002,10,0.025,0.15,1.0,0.9363352617365507,0.9278520855871657,0.9089269403918805,0.8985346015698081,0.8853195463286856,0.8745552294422018,0.8729221085189526,0.8696810844808976,0.8531835022560859,0.8587007051376782,0.866199875422117
6,1,1.8552015348922375,0.3314530850675429,5478,2.1480433146158853,0.2965328467153285,1096,2.1530146659175053,0.2796,0.9554465968143642,0.08265138533503734,,,0.8451387860660282,,0.8451750259939595,0.15482497400604045,0.9901113372383832,0.14432128495257396,10,0.025,0.15,0.9363352617365507,1.0,0.9367780890378731,0.9315644624972661,0.9267515901462335,0.9174468973353849,0.9063111132365553,0.9052943505023946,0.904277805596154,0.8842978078666109,0.8894923222197166,0.8960539628959138
6,2,1.8822678776163804,0.3186099585062241,4820,2.164577215909958,0.26348547717842324,964,2.1528242177601102,0.2799,0.9690414498103885,0.0839444716347899,,,0.9588489119722348,,0.9588965357891436,0.04110346421085642,0.9903286690800019,0.14434520963855704,10,0.025,0.15,0.9278520855871657,0.9367780890378731,1.0,0.9407249313671235,0.9341091641750321,0.9321705919827052,0.92053434344349,0.9286332010851492,0.9272942054276907,0.9121176598497197,0.9139189906490793,0.9153449994347139
6,3,1.901128658907754,0.31677258284157966,4406,2.16102739742824,0.26220204313280365,881,2.152822971343994,0.2799,0.9691636637087191,0.08404413600942787,,,0.9676130977737669,,0.9676519615124358,0.03234803848756418,0.9903316266574174,0.14434540946429106,10,0.025,0.15,0.9089269403918805,0.9315644624972661,0.9407249313671235,1.0,0.930868767978621,0.93395186193908,0.9318816721713714,0.9302413514364979,0.9311287687258405,0.9101270355872424,0.9195863265185577,0.9207335417293574
6,4,1.9051411365017747,0.31996595330739297,4112,2.1606850964682445,0.24695863746958638,822,2.1528230075594745,0.2799,0.9667339993921975,0.08394414564563073,,,0.9588202454645623,,0.9588552755359707,0.04114472446402928,0.9903330906484498,0.1443452094816406,10,0.025,0.15,0.8985346015698081,0.9267515901462335,0.9341091641750321,0.930868767978621,1.0,0.9289310106056683,0.9297644452454773,0.928088949379357,0.9269480597042948,0.9079793153911397,0.9225982116107765,0.926757973130148
6,5,1.9180980563163756,0.3152481357675495,3889,2.1392910139901296,0.2930591259640103,778,2.1528218909154964,0.2799,0.9699377446518761,0.08418499710973672,,,0.979999999912063,,0.9800300374643098,0.019969962535690167,0.9903372243018347,0.14434560396683319,10,0.025,0.15,0.8853195463286856,0.9174468973353849,0.9321705919827052,0.93395186193908,0.9289310106056683,1.0,0.9371516548422838,0.9390357471491074,0.9370578495180073,0.9204526680366505,0.9342016564121289,0.9315408023014454
6,6,1.924624119955918,0.302209646995419,3711,2.1428990761439004,0.29784366576819404,742,2.1529641724839994,0.2798,0.9680429822670534,0.08385632813741685,,,0.9510978375187971,,0.9511478602432705,0.04885213975672953,0.9903245929478575,0.14434498569866175,10,0.025,0.15,0.8745552294422018,0.9063111132365553,0.92053434344349,0.9318816721713714,0.9297644452454773,0.9371516548422838,1.0,0.9354357135461975,0.9423864963920688,0.9196341288740126,0.9358933969989367,0.9416181101219041
6,7,1.9250863581895827,0.3106341189674523,3564,2.1671329736709595,0.26227208976157085,713,2.1528449149071416,0.2799,0.967829096954154,0.0839020944167575,,,0.9551223866823602,,0.9551666089023122,0.0448333910976878,0.99032527635092,0.14434511766970326,10,0.025,0.15,0.8729221085189526,0.9052943505023946,0.9286332010851492,0.9302413514364979,0.928088949379357,0.9390357471491074,0.9354357135461975,1.0,0.936583398713122,0.9186393989559173,0.9372052054286221,0.9404593757210742
6,8,1.9360123515129088,0.3009299622202848,3441,2.1471458276112876,0.31540697674418605,688,2.152875806711897,0.2799,0.9684519112809232,0.08392794749031547,,,0.9573958283311518,,0.9574276707761878,0.042572329223812155,0.9903262440669605,0.14434516507106077,10,0.025,0.15,0.8696810844808976,0.904277805596154,0.9272942054276907,0.9311287687258405,0.9269480597042948,0.9370578495180073,0.9423864963920688,0.936583398713122,1.0,0.9228685230589644,0.9383887542874049,0.9429453038879009
6,9,1.9549714958226239,0.2976004799040192,3334,2.153513272603353,0.27436281859070466,667,2.1530294267437124,0.2798,0.9524440145905703,0.08290089514434273,,,0.8670799293883102,,0.8671172286313149,0.1328827713686851,0.9901688471938664,0.14432904767688326,10,0.025,0.15,0.8531835022560859,0.8842978078666109,0.9121176598497197,0.9101270355872424,0.9079793153911397,0.9204526680366505,0.9196341288740126,0.9186393989559173,0.9228685230589644,1.0,0.9223633815495577,0.9237848758152919
