round,client_id,client_i_training_loss,client_i_training_accuracy,client_i_training_dataset_size,client_i_evaluation_loss,client_i_evaluation_accuracy,client_i_evaluation_dataset_size,client_i_central_evaluation_loss,client_i_central_evaluation_accuracy,client_i_cosine_similarity,client_i_importance_coefficient,client_i_tanh_val,tanh_normalization_value,client_i_q,client_i_mask_order,client_i_v_nonzero_fraction,client_i_v_sparsity,client_i_v_cosine_similarity,client_i_reward_gradient_norm,local_epochs,learning_rate,gamma,client_0_cosine_similarity,client_1_cosine_similarity,client_2_cosine_similarity,client_3_cosine_similarity,client_4_cosine_similarity,client_5_cosine_similarity,client_6_cosine_similarity,client_7_cosine_similarity,client_8_cosine_similarity,client_9_cosine_similarity,client_10_cosine_similarity,client_11_cosine_similarity
0,0,2.20610362401715,0.1835500365230095,6845,2.2977120226079766,0.09934258582907232,1369,2.2977353953108004,0.1023,0.9064994833736688,0.07952356974541372,,,0.6998748712550298,,0.6998976745721311,0.30010232542786885,0,0.1421410234132525,10,0.025,0.15,1.0,0.9477059462660165,0.8978553183364865,0.8648829372364519,0.8650266028428728,0.8208637050923381,0.8251809944721269,0.7971234994881112,0.8013191649236353,0.7980433117840443,0.7204899967506582,0.7706028396973045
0,1,2.2436141396677773,0.17984665936473165,5478,2.298074139489068,0.10583941605839416,1096,2.2976792582982704,0.1023,0.9547228755868963,0.08375401484148473,,,0.883101845426262,,0.8831344589130399,0.11686554108696012,0,0.14232904019177556,10,0.025,0.15,0.9477059462660165,1.0,0.946643946021295,0.9171949320725263,0.9307309229361781,0.8954820489374603,0.8779222657063457,0.8678079207629802,0.8629508398356506,0.862652934600002,0.7994296521645406,0.8347939443693948
0,2,2.275519529141878,0.15085062240663902,4820,2.298907548189163,0.0995850622406639,964,2.2976748762251455,0.1023,0.9752892743986503,0.08555822265441333,,,0.9612448140339926,,0.961281378422538,0.038718621577461976,0,0.14235472038735508,10,0.025,0.15,0.8978553183364865,0.946643946021295,1.0,0.9530661507030469,0.9497657778703814,0.9326778335569651,0.9227903988729105,0.9082768599996748,0.914161111745276,0.9154926093296673,0.8402985505793509,0.8904112152680608
0,3,2.2821981007712226,0.13697231048570133,4406,2.295807191303798,0.12258796821793416,881,2.297675558283359,0.1023,0.9670763130324438,0.08483773244123503,,,0.9300392934131833,,0.9300803749731809,0.06991962502681914,0,0.14235143985030332,10,0.025,0.15,0.8648829372364519,0.9171949320725263,0.9530661507030469,1.0,0.9409115587553327,0.9303917540268969,0.9383416051164187,0.9180636159979434,0.9234766520360762,0.906696321836943,0.8195439633103575,0.9011666270958486
0,4,2.281995117303097,0.1542558365758755,4112,2.294684818812779,0.10827250608272507,822,2.2976748490635353,0.1023,0.977593546280886,0.0857603671995568,,,0.9699999999566884,,0.9700285520951957,0.029971447904804327,0,0.14235476297574604,10,0.025,0.15,0.8650266028428728,0.9307309229361781,0.9497657778703814,0.9409115587553327,1.0,0.9420723664288877,0.9255115451920377,0.9394207763653472,0.9432704420970206,0.924441495788385,0.870968204113182,0.9294466280978312
0,5,2.2888739778149514,0.15500128567755206,3889,2.2954819543021068,0.09897172236503857,778,2.297675642786147,0.1023,0.9665154506563881,0.08478853023086659,,,0.9279082712810868,,0.9279513459094585,0.07204865409054151,0,0.14235136206871885,10,0.025,0.15,0.8208637050923381,0.8954820489374603,0.9326778335569651,0.9303917540268969,0.9420723664288877,1.0,0.9253064259372803,0.9509468357541466,0.9199881572274868,0.9462600349020608,0.9009390134532839,0.9235160315814483
0,6,2.289366263356702,0.13139315548369712,3711,2.297208309173584,0.09299191374663072,742,2.2976794393756723,0.1023,0.9533980918833855,0.08363779687205837,,,0.8780682694316005,,0.878108960076579,0.12189103992342099,0,0.142328633916994,10,0.025,0.15,0.8251809944721269,0.8779222657063457,0.9227903988729105,0.9383416051164187,0.9255115451920377,0.9253064259372803,1.0,0.9070265052851044,0.9325439117885845,0.9426783579671567,0.8135704643967933,0.9066294920441149
0,7,2.2928614718573432,0.14612794612794613,3564,2.300652186075846,0.091164095371669,713,2.2976791345620455,0.1023,0.9568877497743659,0.08394393058506196,,,0.8913273834613622,,0.8913535013450843,0.10864649865491571,0,0.1423296534776093,10,0.025,0.15,0.7971234994881112,0.8678079207629802,0.9082768599996748,0.9180636159979434,0.9394207763653472,0.9509468357541466,0.9070265052851044,1.0,0.9429104072301706,0.9309612292628365,0.9246643490876603,0.9295624339070764
0,8,2.2922420475218033,0.13772159256030223,3441,2.296427051226298,0.10755813953488372,688,2.297679092310652,0.1023,0.9555294838068391,0.0838247753506878,,,0.8861665900802315,,0.8862042217491046,0.11379577825089537,0,0.14232929931390798,10,0.025,0.15,0.8013191649236353,0.8629508398356506,0.914161111745276,0.9234766520360762,0.9432704420970206,0.9199881572274868,0.9325439117885845,0.9429104072301706,1.0,0.9328332346525768,0.8819561464100225,0.9391526052504671
0,9,2.292725839438262,0.13329334133173365,3334,2.2952877283096313,0.10044977511244378,667,2.297679481627066,0.1023,0.9528945143941745,0.08359362003542471,,,0.876154903835068,,0.8761944843293559,0.12380551567064413,0,0.14232848835121611,10,0.025,0.15,0.7980433117840443,0.862652934600002,0.9154926093296673,0.906696321836943,0.924441495788385,0.9462600349020608,0.9426783579671567,0.9309612292628365,0.9328332346525768,1.0,0.8785928682673259,0.9280276966642336
0,10,2.294840384446658,0.13582227707497685,3241,2.2978093226750693,0.10339506172839506,648,2.29774255994,0.1024,0.893372947343729,0.07837203130260326,,,0.65,,0.6500140284860788,0.3499859715139212,0,0.14208522729891154,10,0.025,0.15,0.7204899967506582,0.7994296521645406,0.8402985505793509,0.8195439633103575,0.870968204113182,0.9009390134532839,0.8135704643967933,0.9246643490876603,0.8819561464100225,0.8785928682673259,1.0,0.8910794967044019
0,11,2.2931582164764404,0.12880658436213993,3159,2.301126480102539,0.09335443037974683,632,2.297681784328026,0.1023,0.9393499397755121,0.08240540874119372,,,0.8246916759302247,,0.8247346965720982,0.1752653034279018,0,0.14231779521041382,10,0.025,0.15,0.7706028396973045,0.8347939443693948,0.8904112152680608,0.9011666270958486,0.9294466280978312,0.9235160315814483,0.9066294920441149,0.9295624339070764,0.9391526052504671,0.9280276966642336,0.8910794967044019,1.0
1,0,2.0876939281269355,0.2398100803506209,6845,2.285231286829168,0.1446311176040906,1369,2.286334692677365,0.1416,0.9091395800903903,0.07896291956695999,,,0.65,,0.6500140284860788,0.3499859715139212,0.9151141796946555,0.14546868851614375,10,0.025,0.15,1.0,0.953096807528177,0.9270289222581476,0.9013277173569,0.886756042576676,0.8750108184022605,0.8637458576298248,0.8495712506078121,0.8455880973263032,0.836626466016822,0.822297775331508,0.8323917867293802
1,1,2.119665898833164,0.23404527199707922,5478,2.28631681866116,0.14963503649635038,1096,2.286270274391657,0.1415,0.9561541896901925,0.0831195167360052,,,0.870435911571559,,0.8704675611889554,0.1295324388110446,0.9152692748063977,0.14563315344617397,10,0.025,0.15,0.953096807528177,1.0,0.9602883196943328,0.94848215222448,0.9324617131072672,0.932221503964735,0.9172149034022938,0.9124373530261392,0.9053181777570191,0.8946424904015885,0.8898731042996424,0.8922757378305719
1,2,2.1630431510900197,0.21265560165975103,4820,2.2884335219860077,0.12863070539419086,964,2.2862638733055016,0.1416,0.9792620235792648,0.08499197259474231,,,0.9697374549523026,,0.9697727385255236,0.030227261474476408,0.9152853087411595,0.14565167772425888,10,0.025,0.15,0.9270289222581476,0.9602883196943328,1.0,0.9662835323508078,0.9532301583919259,0.9612593222665248,0.949720832842879,0.949546363547365,0.9427329999042033,0.9357654760196716,0.9273128854165407,0.9328553874932066
1,3,2.1768109032085965,0.2029959146618248,4406,2.2855989933013916,0.1532349602724177,881,2.286264839051645,0.1416,0.9784951128760072,0.08452029305540579,,,0.9447229767638419,,0.9447690251027381,0.05523097489726192,0.9152390520898366,0.14565146592962833,10,0.025,0.15,0.9013277173569,0.94848215222448,0.9662835323508078,1.0,0.9512565001421789,0.9616212949934477,0.9595172903386172,0.9542419504377448,0.9468376027992836,0.9398291518983812,0.9297040154461608,0.9372988634505932
1,4,2.184688758850098,0.20175097276264592,4112,2.284255027770996,0.15936739659367397,822,2.286263852179805,0.1416,0.975573005729414,0.08499692321178919,,,0.9699999999469672,,0.9700285520951957,0.029971447904804327,0.9152899443111951,0.1456516777673444,10,0.025,0.15,0.886756042576676,0.9324617131072672,0.9532301583919259,0.9512565001421789,1.0,0.9579257998201737,0.9485036699192995,0.9530478406120666,0.9483892549393741,0.9471386986477945,0.9346750292701683,0.9486944895974573
1,5,2.1995267614241567,0.20105425559269735,3889,2.283461093902588,0.14524421593830333,778,2.2862647907643376,0.1416,0.9859988479535872,0.08473462373405806,,,0.9560895289229766,,0.9561320988265584,0.04386790117344164,0.9152405656949198,0.14565159132796687,10,0.025,0.15,0.8750108184022605,0.932221503964735,0.9612593222665248,0.9616212949934477,0.9579257998201737,1.0,0.9696082827698421,0.9728398506751492,0.9660446092929067,0.9625167206698971,0.9627640399024502,0.962758368449622
1,6,2.205210902773101,0.19385610347615198,3711,2.2857003211975098,0.13881401617250674,742,2.2862689344188833,0.1415,0.9824777903592912,0.0839063590066374,,,0.9121643461866662,,0.9122064332986747,0.08779356670132532,0.915340738209506,0.1456459934053475,10,0.025,0.15,0.8637458576298248,0.9172149034022938,0.949720832842879,0.9595172903386172,0.9485036699192995,0.9696082827698421,1.0,0.9714386248049189,0.971922572141566,0.9693810922887238,0.9568269133861768,0.9658992799349041
1,7,2.2108547874859403,0.19570707070707072,3564,2.289731740951538,0.11921458625525946,713,2.2862682372708862,0.1415,0.982080349839603,0.08408317409135645,,,0.9215413420307448,,0.9215807628195607,0.0784192371804393,0.9153190437886644,0.14564629969093124,10,0.025,0.15,0.8495712506078121,0.9124373530261392,0.949546363547365,0.9542419504377448,0.9530478406120666,0.9728398506751492,0.9714386248049189,1.0,0.9756791071002469,0.9642114906273531,0.9688231053691542,0.9672164987231133
1,8,2.21754502720303,0.18837547224644,3441,2.2852017879486084,0.1511627906976744,688,2.2862681497501423,0.1415,0.9803342226114337,0.08395233279952798,,,0.9146024643232293,,0.9146407882358766,0.08535921176412342,0.9153066739361067,0.14564608149015681,10,0.025,0.15,0.8455880973263032,0.9053181777570191,0.9427329999042033,0.9468376027992836,0.9483892549393741,0.9660446092929067,0.971922572141566,0.9756791071002469,1.0,0.9697177036781517,0.9720335585401689,0.9751628232232706
1,9,2.218430185317993,0.18878224355128975,3334,2.2838321129480996,0.14842578710644677,667,2.2862694233278686,0.1415,0.9748492499729269,0.08363006727954975,,,0.8975118272527141,,0.8975507913716558,0.10244920862834417,0.9153161687660876,0.14564530933805803,10,0.025,0.15,0.836626466016822,0.8946424904015885,0.9357654760196716,0.9398291518983812,0.9471386986477945,0.9625167206698971,0.9693810922887238,0.9642114906273531,0.9697177036781517,1.0,0.9668839740658323,0.9686546073763079
1,10,2.2316621464032393,0.1916075285405739,3241,2.2850794394810996,0.13580246913580246,648,2.286337686490409,0.1416,0.9697053863111401,0.08022519008130832,,,0.7169417170257543,,0.7169876714363519,0.2830123285636481,0.9147655611522775,0.14555659876741636,10,0.025,0.15,0.822297775331508,0.8898731042996424,0.9273128854165407,0.9297040154461608,0.9346750292701683,0.9627640399024502,0.9568269133861768,0.9688231053691542,0.9720335585401689,0.9668839740658323,1.0,0.9664211782728016
1,11,2.2192560834884643,0.19449192782526115,3159,2.2893474102020264,0.11234177215189874,632,2.28627444822577,0.1415,0.9743335488334668,0.08287662784265952,,,0.8575548378379785,,0.857602614249641,0.14239738575035898,0.9153183841454975,0.1456318979775871,10,0.025,0.15,0.8323917867293802,0.8922757378305719,0.9328553874932066,0.9372988634505932,0.9486944895974573,0.962758368449622,0.9658992799349041,0.9672164987231133,0.9751628232232706,0.9686546073763079,0.9664211782728016,1.0
2,0,2.013046795129776,0.27307523739956174,6845,2.2676030072298916,0.19722425127830534,1369,2.269900503037851,0.1836,0.9114111695764665,0.07875083578248798,,,0.65,,0.6500140284860788,0.3499859715139212,0.968445211074815,0.1450248627415991,10,0.025,0.15,1.0,0.9429006922592656,0.9261119471196357,0.8981296775239991,0.8910907321234817,0.8742658185211397,0.859080664985202,0.8477458326034595,0.8499925302701963,0.8439848917796636,0.8313712783931438,0.8372280204033933
2,1,2.0424425441165304,0.2680357794815626,5478,2.2693333095974393,0.1906934306569343,1096,2.269810386850864,0.1839,0.9580392051867643,0.08285223481917606,,,0.8725281249290417,,0.8725635820501395,0.1274364179498605,0.9692284517456041,0.14533017759831215,10,0.025,0.15,0.9429006922592656,1.0,0.9564455501332939,0.9469934759556167,0.934370009187729,0.9323636900500795,0.9116512253673538,0.9097522942444081,0.9117985489988946,0.8976567241458148,0.8994989378970379,0.8959725612763773
2,2,2.0829896622582487,0.2536514522821577,4820,2.2733935713768005,0.17116182572614108,964,2.269806816608091,0.184,0.9746966174618509,0.08455786388744535,,,0.9650698247225165,,0.9651020778663498,0.03489792213365017,0.9694189602662958,0.14535154730251246,10,0.025,0.15,0.9261119471196357,0.9564455501332939,1.0,0.9574169034935021,0.9474217323120507,0.9520116869187812,0.9318603970646665,0.9372871100065454,0.9395491043910481,0.9293085294035048,0.9275785104296751,0.9260147119750615
2,3,2.0994678446224757,0.2425329096686337,4406,2.270587989262172,0.19296254256526674,881,2.2698072904272926,0.1841,0.9773367046353788,0.08435143375164392,,,0.9538696194662548,,0.9539205492564903,0.04607945074350972,0.9694243150526032,0.14535126702076545,10,0.025,0.15,0.8981296775239991,0.9469934759556167,0.9574169034935021,1.0,0.9425167370780368,0.9568341101192482,0.9502588963700161,0.9495818664286977,0.9491070488377666,0.9364376377287218,0.9382607120228922,0.9350488842534809
2,4,2.1103672157634388,0.23995622568093386,4112,2.268644707543509,0.19464720194647203,822,2.2698065329201613,0.184,0.9705964151484784,0.08442704908838364,,,0.9579722534577416,,0.9580135663712432,0.04198643362875676,0.9694221468853299,0.14535139356940385,10,0.025,0.15,0.8910907321234817,0.934370009187729,0.9474217323120507,0.9425167370780368,1.0,0.9416252248269039,0.9328491037683,0.9393814902098736,0.9410323134084071,0.9361378164809886,0.9322217946682343,0.94337933072218
2,5,2.122034571632262,0.23407045512985344,3889,2.2660582065582275,0.18123393316195371,778,2.2698079302341125,0.1841,0.9823690252105374,0.08464873157402517,,,0.9699999999457434,,0.9700285520951957,0.029971447904804327,0.9694207941144531,0.1453515961997393,10,0.025,0.15,0.8742658185211397,0.9323636900500795,0.9520116869187812,0.9568341101192482,0.9416252248269039,1.0,0.9622162410592429,0.9645088619821061,0.9638856107462688,0.9557406693352994,0.9610703795970394,0.9538642558665211
2,6,2.126387619972229,0.23540824575586095,3711,2.269031047821045,0.18194070080862534,742,2.2698110206217708,0.184,0.976869832723833,0.08395529306582478,,,0.9323763574756775,,0.9324157053027677,0.06758429469723226,0.9694172194915817,0.14534520364960357,10,0.025,0.15,0.859080664985202,0.9116512253673538,0.9318603970646665,0.9502588963700161,0.9328491037683,0.9622162410592429,1.0,0.965971961649382,0.9649376801904285,0.9582554212514953,0.9576002817852458,0.9598286052288788
2,7,2.1284648171492986,0.23367003367003367,3564,2.274185538291931,0.15427769985974754,713,2.2698085338254517,0.184,0.9780577849376636,0.08410378318559301,,,0.9404329322266185,,0.9404697067221205,0.05953029327787951,0.9693904986579929,0.14535057820992087,10,0.025,0.15,0.8477458326034595,0.9097522942444081,0.9372871100065454,0.9495818664286977,0.9393814902098736,0.9645088619821061,0.965971961649382,1.0,0.9687358519667483,0.9544568065170729,0.9643603886881816,0.9658734059230564
2,8,2.1411105080887123,0.22830572507991864,3441,2.2685296138127646,0.1816860465116279,688,2.26980802379077,0.1839,0.9794743979877035,0.08406886438679477,,,0.9385383555829319,,0.9385882391774356,0.06141176082256439,0.9693883189183808,0.14535046452483877,10,0.025,0.15,0.8499925302701963,0.9117985489988946,0.9395491043910481,0.9491070488377666,0.9410323134084071,0.9638856107462688,0.9649376801904285,0.9687358519667483,1.0,0.9587252057778646,0.9700011438489534,0.966681563015415
2,9,2.1362342529826694,0.22438512297540492,3334,2.2670845190684,0.20239880059970014,667,2.2698102812223797,0.1839,0.9709917054923072,0.08359193489388754,,,0.9126617644903212,,0.9127098083873842,0.08729019161261575,0.9694119021109797,0.14534325090599692,10,0.025,0.15,0.8439848917796636,0.8976567241458148,0.9293085294035048,0.9364376377287218,0.9361378164809886,0.9557406693352994,0.9582554212514953,0.9544568065170729,0.9587252057778646,1.0,0.9598022508566372,0.9554625273027468
2,10,2.154527351489434,0.22172169083616167,3241,2.267378568649292,0.1712962962962963,648,2.269893661330018,0.1834,0.9724023868918709,0.08152555204607928,,,0.8005467772883879,,0.8005891964153092,0.19941080358469077,0.9687772687356236,0.1452849258408431,10,0.025,0.15,0.8313712783931438,0.8994989378970379,0.9275785104296751,0.9382607120228922,0.9322217946682343,0.9610703795970394,0.9576002817852458,0.9643603886881816,0.9700011438489534,0.9598022508566372,1.0,0.9614535098646563
2,11,2.138055314540863,0.23156062044950934,3159,2.272447633743286,0.16772151898734178,632,2.2698161602020264,0.184,0.9722759726540595,0.08316642351865854,,,0.8895749476215705,,0.8896123186611873,0.11038768133881272,0.969292503018384,0.14533943874625763,10,0.025,0.15,0.8372280204033933,0.8959725612763773,0.9260147119750615,0.9350488842534809,0.94337933072218,0.9538642558665211,0.9598286052288788,0.9658734059230564,0.966681563015415,0.9554625273027468,0.9614535098646563,1.0
3,0,1.9548415696179424,0.29763330898466034,6845,2.2445672425356777,0.22425127830533237,1369,2.248355452018448,0.2135,0.9148016058672105,0.078780860161109,,,0.65,,0.6500140284860788,0.3499859715139212,0.9755232627179019,0.14478167130664146,10,0.025,0.15,1.0,0.9415292881100361,0.9283708832739386,0.898317465549758,0.8901191586288061,0.878567372609687,0.8633031922791438,0.8498459242601301,0.8573808190691851,0.8364239984532919,0.8390626890848244,0.8419192547695495
3,1,1.983149790209393,0.2907995618838992,5478,2.247058974372016,0.21624087591240876,1096,2.2482015422627897,0.2136,0.9588012715007173,0.08276476135746773,,,0.8699043879864921,,0.8699311778977076,0.13006882210229243,0.9777833473168038,0.1450880558895181,10,0.025,0.15,0.9415292881100361,1.0,0.9505468023076925,0.9448034368537327,0.9363425402485066,0.9285927789464994,0.9127493169777731,0.9121179203905007,0.9152799149563979,0.8885029218485156,0.8999193774850839,0.8998615735188286
3,2,2.017944395228436,0.2792946058091286,4820,2.253617078065872,0.20435684647302904,964,2.248192497446567,0.2138,0.9683964647326231,0.08413716804992515,,,0.9456588404436104,,0.9457097588750805,0.054290241124919536,0.9779162253383296,0.14510134378564762,10,0.025,0.15,0.9283708832739386,0.9505468023076925,1.0,0.9480852533689937,0.9427318236228298,0.9397218576168609,0.923725141269185,0.9275146284403807,0.933361254709366,0.9091664596205219,0.9183034563593516,0.918052660975914
3,3,2.0373766882078987,0.26917839310031777,4406,2.2505596365247453,0.21679909194097616,881,2.2481924431233464,0.2137,0.9753614957079144,0.0842365924762964,,,0.9511468951303237,,0.9511891204964433,0.04881087950355667,0.9779121396202287,0.145101511334413,10,0.025,0.15,0.898317465549758,0.9448034368537327,0.9480852533689937,1.0,0.9414057222876666,0.9518266708924646,0.9469786868662671,0.9461286253261789,0.9466839375617503,0.9229426474365174,0.9372116834463963,0.9342530171016459
3,4,2.049914992939342,0.2666099221789883,4112,2.2479938438960483,0.22019464720194648,822,2.2481924038899095,0.2138,0.9703293419325212,0.08411911189126943,,,0.9446621720216621,,0.9447112607482959,0.05528873925170408,0.9779120989026125,0.14510131680733152,10,0.025,0.15,0.8901191586288061,0.9363425402485066,0.9427318236228298,0.9414057222876666,1.0,0.9419406192383548,0.9341445824802054,0.9356474041366891,0.9419491162272071,0.925972337434789,0.93045372028121,0.9392865466960388
3,5,2.057865470070993,0.2627924916430959,3889,2.243402821677072,0.2043701799485861,778,2.2481921926329407,0.2137,0.9801659632872308,0.08457814503699423,,,0.9699999999448017,,0.9700285520951957,0.029971447904804327,0.9779200804212298,0.14510182199353183,10,0.025,0.15,0.878567372609687,0.9285927789464994,0.9397218576168609,0.9518266708924646,0.9419406192383548,1.0,0.9572736044957283,0.9592266389952187,0.9623178110820338,0.9433398065427833,0.9584849298062637,0.9519781939859207
3,6,2.0639740508178184,0.261519805982215,3711,2.246993899345398,0.20485175202156333,742,2.248196399664577,0.2136,0.9753726500101475,0.08399102530180713,,,0.9375920159920076,,0.9376392533544586,0.062360746645541365,0.9778726776851069,0.14510108253252282,10,0.025,0.15,0.8633031922791438,0.9127493169777731,0.923725141269185,0.9469786868662671,0.9341445824802054,0.9572736044957283,1.0,0.9591878443531093,0.962488043243306,0.9453688481754342,0.9553675133669262,0.9567978831274506
3,7,2.0635064095258713,0.25993265993265996,3564,2.253904382387797,0.18934081346423562,713,2.2481928565834144,0.2137,0.9756776283415199,0.08409317584905968,,,0.9432305477900822,,0.9432836559885132,0.05671634401148684,0.9779029815089498,0.14510126242776347,10,0.025,0.15,0.8498459242601301,0.9121179203905007,0.9275146284403807,0.9461286253261789,0.9356474041366891,0.9592266389952187,0.9591878443531093,1.0,0.9639091473154576,0.9453084925646984,0.9600592812314083,0.961164920953102
3,8,2.0792796580879775,0.25225225225225223,3441,2.2464852333068848,0.22529069767441862,688,2.248191682598259,0.2136,0.9793212688988246,0.0841905523893325,,,0.9486055627408818,,0.9486474889009919,0.05135251109900807,0.9779021004585137,0.14510144321762453,10,0.025,0.15,0.8573808190691851,0.9152799149563979,0.933361254709366,0.9466839375617503,0.9419491162272071,0.9623178110820338,0.962488043243306,0.9639091473154576,1.0,0.951497470105827,0.9662201235995287,0.9616334043073039
3,9,2.0801615993181866,0.2517396520695861,3334,2.2451048294703164,0.24437781109445278,667,2.2481970153277433,0.2136,0.9629160761363577,0.08335843109581094,,,0.9026739206736448,,0.9027165750689046,0.09728342493109543,0.9778217035236213,0.14509798746512864,10,0.025,0.15,0.8364239984532919,0.8885029218485156,0.9091664596205219,0.9229426474365174,0.925972337434789,0.9433398065427833,0.9453688481754342,0.9453084925646984,0.951497470105827,1.0,0.952735900121984,0.9511397908141455
3,10,2.0903891604680283,0.24572662758407898,3241,2.2446683645248413,0.21604938271604937,648,2.248308851749082,0.2134,0.9718449761485116,0.08236733045836882,,,0.8479668964861637,,0.8480054793616214,0.1519945206383786,0.9774215762185011,0.14508225088262336,10,0.025,0.15,0.8390626890848244,0.8999193774850839,0.9183034563593516,0.9372116834463963,0.93045372028121,0.9584849298062637,0.9553675133669262,0.9600592812314083,0.9662201235995287,0.952735900121984,1.0,0.9586787204055486
3,11,2.069882194519043,0.25742323520101296,3159,2.250453805923462,0.18829113924050633,632,2.2482063076164147,0.2136,0.9717480019170464,0.08338284593255912,,,0.9040215770205962,,0.9040616593223416,0.09593834067765838,0.9777975550947182,0.1450980720777194,10,0.025,0.15,0.8419192547695495,0.8998615735188286,0.918052660975914,0.9342530171016459,0.9392865466960388,0.9519781939859207,0.9567978831274506,0.961164920953102,0.9616334043073039,0.9511397908141455,0.9586787204055486,1.0
4,0,1.9012033506676003,0.3164499634769905,6845,2.216503858566284,0.2483564645726808,1369,2.221868059303187,0.2357,0.9196740270642326,0.07901162316691202,,,0.65,,0.6500140284860788,0.3499859715139212,0.9807445996376665,0.14449799677720823,10,0.025,0.15,1.0,0.9392692688515026,0.9277229664072355,0.9019603909732566,0.9002883291352719,0.8809757228793652,0.8659546317863996,0.8555436453769304,0.8610382287457119,0.8430606349448498,0.8410869061397677,0.8458297886992995
4,1,1.9313609198082324,0.3092369477911647,5478,2.2195188204447427,0.24726277372262773,1096,2.221540979192227,0.237,0.9566274258590864,0.08269481179771904,,,0.865245618611855,,0.8652770213398029,0.1347229786601971,0.9818378423293456,0.14481940682409883,10,0.025,0.15,0.9392692688515026,1.0,0.9444468694640967,0.9393824001099472,0.9373470854313525,0.9206663867707701,0.9077582298659804,0.9070521952885982,0.9116999921377538,0.8909288885053915,0.8911274398307117,0.8960454319844734
4,2,1.962128444094407,0.2972406639004149,4820,2.2292710542678833,0.22717842323651452,964,2.221525460858888,0.2378,0.9651938551929284,0.0838274918177006,,,0.931439462052559,,0.9314749715304254,0.06852502846957464,0.9818946246622942,0.14483590994982287,10,0.025,0.15,0.9277229664072355,0.9444468694640967,1.0,0.941607859080178,0.9417489925549785,0.9332647445079918,0.9185077858185982,0.9223726455471707,0.9267158764288299,0.9084385559508837,0.9070152531558318,0.9111361178620069
4,3,1.9844097123827253,0.28871992737176577,4406,2.225511312484741,0.2383654937570942,881,2.2215212477913386,0.2378,0.9737208068030461,0.08416805990234286,,,0.951342267856511,,0.9513871697116734,0.048612830288326636,0.9819762517356542,0.1448408571742652,10,0.025,0.15,0.9019603909732566,0.9393824001099472,0.941607859080178,1.0,0.9424891409209369,0.9464917213575801,0.9426308520921121,0.9400321379299612,0.9427864059141866,0.9239820633521123,0.9300912561161802,0.9283477261691787
4,4,1.9934378681760845,0.29046692607003893,4112,2.222647496632167,0.22871046228710462,822,2.2215215405331383,0.2378,0.9715840553447695,0.08402521238641732,,,0.9429942561159821,,0.9430525985707449,0.05694740142925514,0.9819626054823648,0.1448404570920151,10,0.025,0.15,0.9002883291352719,0.9373470854313525,0.9417489925549785,0.9424891409209369,1.0,0.9389360816741389,0.9350589018533297,0.9347098674201509,0.9390849087400831,0.9270031469317619,0.9245550079883881,0.9339865259389104
4,5,2.0039511076865657,0.2803805605554127,3889,2.215595381600516,0.2275064267352185,778,2.2215207136130033,0.2378,0.9769957218936075,0.08448732283152803,,,0.9699999999415599,,0.9700285520951957,0.029971447904804327,0.9819802889320525,0.14484143350487738,10,0.025,0.15,0.8809757228793652,0.9206663867707701,0.9332647445079918,0.9464917213575801,0.9389360816741389,1.0,0.9490076618476131,0.9519019820491653,0.9573412138993269,0.9419770042400764,0.9497942690100163,0.9459175325592407
4,6,2.0098977208137514,0.27825383993532743,3711,2.2196183602015176,0.22371967654986524,742,2.221524594705316,0.2372,0.9722967204581835,0.08396894222439234,,,0.939705826701005,,0.9397517783169117,0.0602482216830883,0.9819494367425078,0.14484025801723166,10,0.025,0.15,0.8659546317863996,0.9077582298659804,0.9185077858185982,0.9426308520921121,0.9350589018533297,0.9490076618476131,1.0,0.948089978425561,0.9556859777685047,0.9408457010566468,0.9484781460587998,0.9495136566984688
4,7,2.0069099771124974,0.282996632996633,3564,2.228753368059794,0.21458625525946703,713,2.2215204027634634,0.2372,0.9720780063664096,0.08402525051781085,,,0.9429964845153966,,0.9430525985707449,0.05694740142925514,0.9819643782328292,0.1448404570920151,10,0.025,0.15,0.8555436453769304,0.9070521952885982,0.9223726455471707,0.9400321379299612,0.9347098674201509,0.9519019820491653,0.948089978425561,1.0,0.9547091789752958,0.9418666729898856,0.9508832064511956,0.9511860751656278
4,8,2.027569963755431,0.2702121476315025,3441,2.219152092933655,0.2441860465116279,688,2.2215190235572524,0.2372,0.9765374251228668,0.08423155197303868,,,0.9550527457613245,,0.9551005924972356,0.044899407502764443,0.9819811479240199,0.14484102858863684,10,0.025,0.15,0.8610382287457119,0.9116999921377538,0.9267158764288299,0.9427864059141866,0.9390849087400831,0.9573412138993269,0.9556859777685047,0.9547091789752958,1.0,0.9498424726266593,0.9562798552096597,0.9549189190835374
4,9,2.0289220249211346,0.267876424715057,3334,2.2178800900777182,0.27586206896551724,667,2.221533503713487,0.2371,0.9641278921581435,0.08330885981444663,,,0.9011305972177306,,0.9011734416002377,0.09882655839976229,0.9818420432826814,0.14483183347252693,10,0.025,0.15,0.8430606349448498,0.8909288885053915,0.9084385559508837,0.9239820633521123,0.9270031469317619,0.9419770042400764,0.9408457010566468,0.9418666729898856,0.9498424726266593,1.0,0.9504501351435555,0.9481856321013152
4,10,2.0352240401964923,0.26414686825053996,3241,2.216824014981588,0.22839506172839505,648,2.221682693384871,0.2353,0.9670256282409092,0.08278789945946943,,,0.8706856634607676,,0.8707151227079929,0.1292848772920071,0.9818629806333239,0.1448209007983582,10,0.025,0.15,0.8410869061397677,0.8911274398307117,0.9070152531558318,0.9300912561161802,0.9245550079883881,0.9497942690100163,0.9484781460587998,0.9508832064511956,0.9562798552096597,0.9504501351435555,1.0,0.9505230525122369
4,11,2.0072700214385986,0.28005698005698004,3159,2.2234036922454834,0.2231012658227848,632,2.2215463179576247,0.237,0.9683774786607274,0.08346297410822216,,,0.91013703968532,,0.9101929329438365,0.08980706705616348,0.9818688805566885,0.14483336501861,10,0.025,0.15,0.8458297886992995,0.8960454319844734,0.9111361178620069,0.9283477261691787,0.9339865259389104,0.9459175325592407,0.9495136566984688,0.9511860751656278,0.9549189190835374,0.9481856321013152,0.9505230525122369,1.0
5,0,1.8552718593014612,0.3337472607742878,6845,2.184122757478194,0.27903579254930605,1369,2.1911296301250216,0.2634,0.9295253266094609,0.07953163521257578,,,0.65,,0.6500140284860788,0.3499859715139212,0.9827430873692753,0.14414368562361382,10,0.025,0.15,1.0,0.9411942995800895,0.9284074670170025,0.9078588712683054,0.906564285866779,0.8950888914209097,0.8778270615901262,0.8669787249185277,0.8719850675885658,0.8486279655542561,0.853091118338832,0.8586273485558867
5,1,1.882972022544506,0.3271814530850675,5478,2.1873301929897733,0.2737226277372263,1096,2.190440633628942,0.265,0.9557595425938655,0.08267968928659636,,,0.8555192474601021,,0.85554785364163,0.14445214635837,0.9854584278456439,0.1445434847597105,10,0.025,0.15,0.9411942995800895,1.0,0.9408027015570066,0.9331676275594813,0.9331242346323068,0.9212345574308299,0.9074500945612541,0.9040014904070707,0.9093455444302486,0.8820287796449735,0.8887009883765111,0.8943571572466937
5,2,1.9115334764907235,0.31659751037344397,4820,2.2008270621299744,0.254149377593361,964,2.190411507328854,0.266,0.9637783330775475,0.08364619971075096,,,0.9186174314061317,,0.918667788945553,0.08133221105444699,0.9857417287766319,0.14456406553994144,10,0.025,0.15,0.9284074670170025,0.9408027015570066,1.0,0.9366982389629406,0.9375095356460819,0.9312445333815335,0.9165656231042265,0.9201087214182845,0.9237014371920383,0.8985353212842528,0.9035794029267278,0.9090396701280965
5,3,1.9346667347635542,0.3072174307762143,4406,2.1962223393576488,0.27014755959137343,881,2.1904032743429838,0.266,0.9700315419790316,0.08406251661782832,,,0.9457964872405127,,0.9458417916852337,0.054158208314766254,0.9857638093636364,0.14456863826085128,10,0.025,0.15,0.9078588712683054,0.9331676275594813,0.9366982389629406,1.0,0.9376141470810375,0.9411228944162767,0.9364674245396234,0.9321699279140695,0.9372295980193108,0.913065766933434,0.9211352628595327,0.9201684257396984
5,4,1.9425368305408592,0.30642023346303504,4112,2.193049907684326,0.25547445255474455,822,2.1904027039491676,0.266,0.9711134134509559,0.08400911160641794,,,0.942309965885547,,0.9423594263174399,0.05764057368256015,0.985775117053511,0.14456843363315258,10,0.025,0.15,0.906564285866779,0.9331242346323068,0.9375095356460819,0.9376141470810375,1.0,0.9379724872008312,0.935396231667189,0.9326056596235498,0.9363566510494153,0.9198691549198377,0.9225013267326625,0.9297851667763247
5,5,1.9519466753928891,0.3026484957572641,3889,2.183516332081386,0.2583547557840617,778,2.1904034584383423,0.266,0.9752965343522398,0.08443325545462455,,,0.9699999999347154,,0.9700285520951957,0.029971447904804327,0.9857707451675802,0.14456953030658173,10,0.025,0.15,0.8950888914209097,0.9212345574308299,0.9312445333815335,0.9411228944162767,0.9379724872008312,1.0,0.9427690599449474,0.9440972914313229,0.9492335836623452,0.9304519347926041,0.9427464810477542,0.9405176570215085
5,6,1.9616194433179395,0.2973053085421719,3711,2.187605698903402,0.25471698113207547,742,2.1904051002067857,0.2659,0.9700317733587572,0.08393874041358314,,,0.9377158152597265,,0.9377630341139773,0.06223696588602268,0.9857750830172122,0.1445681324845151,10,0.025,0.15,0.8778270615901262,0.9074500945612541,0.9165656231042265,0.9364674245396234,0.935396231667189,0.9427690599449474,1.0,0.9378643473856464,0.9497919748682503,0.930031514480988,0.9389337743738418,0.9420208339268874
5,7,1.9576941034623554,0.3031425364758698,3564,2.199203928311666,0.2594670406732118,713,2.1904025379615493,0.2659,0.9684982829636758,0.08392357080154092,,,0.9367254741862021,,0.9367645359871928,0.06323546401280722,0.9857426758222133,0.14456595380567674,10,0.025,0.15,0.8669787249185277,0.9040014904070707,0.9201087214182845,0.9321699279140695,0.9326056596235498,0.9440972914313229,0.9378643473856464,1.0,0.9457353029517922,0.9276615438776338,0.9417443679745735,0.9438692233264429
5,8,1.975840836542624,0.2903516419645452,3441,2.1870606342951455,0.2558139534883721,688,2.190398421468614,0.266,0.9732309262689601,0.08420666790970073,,,0.9552073373496349,,0.955249129408658,0.044750870591341974,0.9857701585438248,0.14456912844857417,10,0.025,0.15,0.8719850675885658,0.9093455444302486,0.9237014371920383,0.9372295980193108,0.9363566510494153,0.9492335836623452,0.9497919748682503,0.9457353029517922,1.0,0.9351185147469975,0.9471410011917121,0.9458690736534946
5,9,1.9830702702204386,0.286502699460108,3334,2.1860823233922324,0.30884557721139433,667,2.1904208599766597,0.2653,0.9566282304745871,0.08308984185447302,,,0.8822958672740628,,0.88234226205212,0.11765773794788004,0.9857095177334925,0.1445560827959542,10,0.025,0.15,0.8486279655542561,0.8820287796449735,0.8985353212842528,0.913065766933434,0.9198691549198377,0.9304519347926041,0.930031514480988,0.9276615438776338,0.9351185147469975,1.0,0.9396776221633671,0.9347751107520782
5,10,1.9863118304656102,0.28488120950323975,3241,2.1847963333129883,0.24691358024691357,648,2.1906226133998437,0.2646,0.9638198513321861,0.08300128370486404,,,0.8765143896259195,,0.876565826607912,0.12343417339208795,0.9855198014948869,0.14455445173646192,10,0.025,0.15,0.853091118338832,0.8887009883765111,0.9035794029267278,0.9211352628595327,0.9225013267326625,0.9427464810477542,0.9389337743738418,0.9417443679745735,0.9471410011917121,0.9396776221633671,1.0,0.9437955128588392
5,11,1.9535177073478698,0.30402025957581513,3159,2.192020130157471,0.25158227848101267,632,2.1904379989527447,0.2654,0.9655477719076593,0.0834774874270442,,,0.9076031283575166,,0.9076513013483851,0.09234869865161488,0.9857371460244558,0.1445623582669939,10,0.025,0.15,0.8586273485558867,0.8943571572466937,0.9090396701280965,0.9201684257396984,0.9297851667763247,0.9405176570215085,0.9420208339268874,0.9438692233264429,0.9458690736534946,0.9347751107520782,0.9437955128588392,1.0
6,0,1.81586270486867,0.3477428780131483,6845,2.1481624083085493,0.3126369612856099,1369,2.156703085838994,0.2946,0.9357651321324606,0.08010199488111283,,,0.65,,0.6500140284860788,0.3499859715139212,0.987182542501764,0.14391891421770847,10,0.025,0.15,1.0,0.9381636284720755,0.9276289775471962,0.9098434470808069,0.9076254444540397,0.899534721403385,0.8861550078437875,0.8764740354453726,0.8779953988321271,0.8554527014181968,0.8642658167847042,0.868497438738331
6,1,1.8404261084490043,0.34005111354508943,5478,2.1512891981336804,0.3093065693430657,1096,2.1555629168884662,0.2971,0.9582620947606385,0.08279654123483544,,,0.8538868333191885,,0.8539304517172517,0.14606954828274832,0.9893806394023725,0.14433185894203635,10,0.025,0.15,0.9381636284720755,1.0,0.9386101174623847,0.9315409359805404,0.9317368692621399,0.9214164155338963,0.9097437695177247,0.9071031359240029,0.9111351410547105,0.8855168332994667,0.894245405479557,0.8986001238301938
6,2,1.8640913235513787,0.3323858921161826,4820,2.168865591287613,0.2769709543568465,964,2.1555018847501732,0.2974,0.9647156172595504,0.08360897179321114,,,0.9153605925700239,,0.9153917248436236,0.08460827515637637,0.9895326287816303,0.1443515654762606,10,0.025,0.15,0.9276289775471962,0.9386101174623847,1.0,0.9330784485390213,0.9363277956902767,0.9306932060572776,0.9178771716356906,0.9219201795042667,0.9214133642757539,0.8951204800628749,0.90662027058125,0.9114688913120135
6,3,1.8919549492427281,0.3254879709487063,4406,2.163278784070696,0.2985244040862656,881,2.1554759303225746,0.2974,0.9653778818090285,0.08388959898551797,,,0.9365946639392724,,0.9366242511264049,0.0633757488735951,0.9895488090074681,0.14435420077746586,10,0.025,0.15,0.9098434470808069,0.9315409359805404,0.9330784485390213,1.0,0.930551112929558,0.9309832295512471,0.9301524092694661,0.9254403113100907,0.9288102585007976,0.9010833480116174,0.912749033951374,0.9128642247541525
6,4,1.8926829984693816,0.32558365758754865,4112,2.1596744741712297,0.2822384428223844,822,2.1554730059225347,0.2973,0.9711014918319584,0.08404375268199549,,,0.9482589312753407,,0.9482926507237048,0.05170734927629517,0.9895631594615385,0.14435568669196652,10,0.025,0.15,0.9076254444540397,0.9317368692621399,0.9363277956902767,0.930551112929558,1.0,0.9372048473944755,0.9378007883497419,0.9335414017812733,0.9356343484498131,0.9134779963988855,0.9216722936843819,0.9273361416646375
6,5,1.9111173695133579,0.31702237078940604,3889,2.147630453109741,0.2917737789203085,778,2.1554726045342942,0.2971,0.9718197214786946,0.0843310802955568,,,0.9699999999243335,,0.9700285520951957,0.029971447904804327,0.9896031239649017,0.14435673350362976,10,0.025,0.15,0.899534721403385,0.9214164155338963,0.9306932060572776,0.9309832295512471,0.9372048473944755,1.0,0.936759904275513,0.9390783214703684,0.9408590712985234,0.9149143839995622,0.9346146991792206,0.9343496865683042
6,6,1.9153971869370032,0.3149285906763676,3711,2.151803731918335,0.27897574123989216,742,2.155476558057568,0.2975,0.9686540782999686,0.08391986225770391,,,0.9388845791687299,,0.9389183212028189,0.06108167879718107,0.9895543877702683,0.14435500321868033,10,0.025,0.15,0.8861550078437875,0.9097437695177247,0.9178771716356906,0.9301524092694661,0.9378007883497419,0.936759904275513,1.0,0.9308093221136109,0.946512146559206,0.9164071889488412,0.9334850671608383,0.9378640825502924
6,7,1.9117241105863025,0.3186868686868687,3564,2.16556978225708,0.29312762973352036,713,2.1554789362074454,0.2975,0.9664371512513138,0.08383785226200247,,,0.9326791716050458,,0.9327210311762473,0.06727896882375273,0.9895518351697107,0.14435388398118296,10,0.025,0.15,0.8764740354453726,0.9071031359240029,0.9219201795042667,0.9254403113100907,0.9335414017812733,0.9390783214703684,0.9308093221136109,1.0,0.9395118751408884,0.9146591106078231,0.9334134050953229,0.935665438394156
6,8,1.9292410868185539,0.3090380703283929,3441,2.1507834593454995,0.30377906976744184,688,2.155469873283483,0.2975,0.9704336265927697,0.08414476804924458,,,0.9559024083736425,,0.955942301661963,0.044057698338036966,0.9895743200800216,0.1443561906135569,10,0.025,0.15,0.8779953988321271,0.9111351410547105,0.9214133642757539,0.9288102585007976,0.9356343484498131,0.9408590712985234,0.946512146559206,0.9395118751408884,1.0,0.9203963279059683,0.941219964534984,0.9400358908079489
6,9,1.9469904974654868,0.30536892621475703,3334,2.1507567962010703,0.32233883058470764,667,2.1555309416372563,0.2972,0.949170395525594,0.08275402296939934,,,0.850669625908369,,0.8507121519697645,0.14928784803023554,0.9894077099597919,0.14433025777073913,10,0.025,0.15,0.8554527014181968,0.8855168332994667,0.8951204800628749,0.9010833480116174,0.9134779963988855,0.9149143839995622,0.9164071889488412,0.9146591106078231,0.9203963279059683,1.0,0.9222996434645675,0.9196915271466076
