round,client_id,client_i_training_loss,client_i_training_accuracy,client_i_training_dataset_size,client_i_evaluation_loss,client_i_evaluation_accuracy,client_i_evaluation_dataset_size,client_i_central_evaluation_loss,client_i_central_evaluation_accuracy,client_i_cosine_similarity,client_i_importance_coefficient,client_i_tanh_val,tanh_normalization_value,client_i_q,client_i_mask_order,client_i_v_nonzero_fraction,client_i_v_sparsity,client_i_v_cosine_similarity,client_i_reward_gradient_norm,local_epochs,learning_rate,gamma,client_0_cosine_similarity,client_1_cosine_similarity,client_2_cosine_similarity,client_3_cosine_similarity,client_4_cosine_similarity,client_5_cosine_similarity,client_6_cosine_similarity,client_7_cosine_similarity,client_8_cosine_similarity,client_9_cosine_similarity,client_10_cosine_similarity,client_11_cosine_similarity
0,0,2.0693839152963247,0.3261261261261261,8214,2.267984251643336,0.14317019722425128,1369,2.2636870713279653,0.1537,0.9707735268762389,0.08173731664400773,,,0.75,,0.7500024163694532,0.2499975836305468,0,0.098866665606512,5,0.001,0.1,1.0,0.9893002997313948,0.9775035236646533,0.9673572144083041,0.9609151460455194,0.9552531265085906,0.9469097521376005,0.9382271958916208,0.9365472373420903,0.9301509378341477,0.9288697321885668,0.9208142696189229
0,1,2.1578598781696803,0.2908731365987222,6574,2.264992243903024,0.14507299270072993,1096,2.263665450647616,0.1537,0.9917365315947974,0.08350236246268,,,0.9361279367983172,,0.9361401880901983,0.06385981190980172,0,0.0989004335606198,5,0.001,0.1,0.9893002997313948,1.0,0.9941928003832877,0.987368439323746,0.9857436314526837,0.981254919814334,0.9770881695885438,0.9702133583528447,0.9689789342970754,0.9624538200664825,0.9646577093157129,0.9582163211242982
0,2,2.1870237404470285,0.2749438007954349,5783,2.2568230552058064,0.1690871369294606,964,2.2636637596276623,0.1537,0.9966777042178825,0.083918399962781,,,0.9799999998945478,,0.9800166246218381,0.01998337537816186,0,0.09890108028147332,5,0.001,0.1,0.9775035236646533,0.9941928003832877,1.0,0.9922434485298599,0.9914785907164436,0.9847052810448584,0.987558617401405,0.9834047477955501,0.9798487478713729,0.9773819089373924,0.9792325231119676,0.974093684346899
0,3,2.201198371921677,0.2798562511821449,5287,2.2652030331747874,0.1611804767309875,881,2.263664183906092,0.1537,0.9953941329805367,0.08381032566351608,,,0.9686033289807952,,0.9686161935415277,0.031383806458472274,0,0.09890097004868119,5,0.001,0.1,0.9673572144083041,0.987368439323746,0.9922434485298599,1.0,0.9913589879250814,0.9893865793430553,0.9887533043856654,0.9824540079992975,0.9797357104090647,0.9822361044906539,0.983383086248926,0.9736391676612336
0,4,2.2096428342019356,0.23756838905775077,4935,2.2626017882273746,0.15450121654501217,822,2.2636641244918776,0.1537,0.9964365977382403,0.08389809924780904,,,0.9778592451598613,,0.9778757212862818,0.02212427871371825,0,0.0989010328426029,5,0.001,0.1,0.9609151460455194,0.9857436314526837,0.9914785907164436,0.9913589879250814,1.0,0.9927448189063304,0.9931783754691282,0.9893461992975493,0.9853497532963226,0.9828622168797779,0.9871881604489965,0.980915078259957
0,5,2.2119141673388545,0.24855367473751874,4667,2.264949769973755,0.15038560411311053,778,2.263664376621429,0.1537,0.9930066367787976,0.08360930294542049,,,0.9474050442830825,,0.947424633436754,0.05257536656324602,0,0.09890070811383089,5,0.001,0.1,0.9552531265085906,0.981254919814334,0.9847052810448584,0.9893865793430553,0.9927448189063304,1.0,0.9890586072415821,0.9826671473002618,0.9848669245707942,0.9809672552352285,0.9859147897688353,0.9770802187404861
0,6,2.2251717025893076,0.23871547271502358,4453,2.263229509194692,0.1280323450134771,742,2.263664120683274,0.1537,0.9942714452826941,0.08371579745759541,,,0.9586351231976189,,0.9586559186553387,0.041344081344661276,0,0.09890088888550792,5,0.001,0.1,0.9469097521376005,0.9770881695885438,0.987558617401405,0.9887533043856654,0.9931783754691282,0.9890586072415821,1.0,0.9928626564954934,0.9885672541196012,0.9881383696954508,0.9936804160786533,0.9876978488691508
0,7,2.230368661880493,0.224269347673603,4277,2.260433051897132,0.16269284712482468,713,2.263665184045371,0.1537,0.9906425832928474,0.08341025406018124,,,0.9264149045713237,,0.9264312156271445,0.07356878437285552,0,0.09890025781895682,5,0.001,0.1,0.9382271958916208,0.9702133583528447,0.9834047477955501,0.9824540079992975,0.9893461992975493,0.9826671473002618,0.9928626564954934,1.0,0.9887249436400183,0.9879781999072895,0.9918124010877055,0.9918529319161794
0,8,2.2337263272358823,0.23904093000726567,4129,2.262375983324918,0.15988372093023256,688,2.263664773477914,0.1537,0.9886400251607548,0.08324164240812312,,,0.9086344375796281,,0.9086564019292294,0.09134359807077064,0,0.09889969200632752,5,0.001,0.1,0.9365472373420903,0.9689789342970754,0.9798487478713729,0.9797357104090647,0.9853497532963226,0.9848669245707942,0.9885672541196012,0.9887249436400183,1.0,0.9853614733570746,0.990356268678877,0.9877383830739436
0,9,2.237191957140726,0.235391152211947,4001,2.2592052278064547,0.16491754122938532,667,2.2636642410351446,0.1537,0.9865607833698193,0.08306657413530771,,,0.8901731058265019,,0.8901905065676922,0.10980949343230784,0,0.0988990615567425,5,0.001,0.1,0.9301509378341477,0.9624538200664825,0.9773819089373924,0.9822361044906539,0.9828622168797779,0.9809672552352285,0.9881383696954508,0.9879781999072895,0.9853614733570746,1.0,0.9917716464080193,0.9890695717787389
0,10,2.2395612024870073,0.22267935201851374,3889,2.2571458589463007,0.16512345679012347,648,2.2636652815456206,0.1537,0.9889222744664301,0.08326540727215354,,,0.9111404943989352,,0.9111645934216758,0.08883540657832423,0,0.09889986054027262,5,0.001,0.1,0.9288697321885668,0.9646577093157129,0.9792325231119676,0.983383086248926,0.9871881604489965,0.9859147897688353,0.9936804160786533,0.9918124010877055,0.990356268678877,0.9917716464080193,1.0,0.9928109457430094
0,11,2.2423218045915876,0.21340015826958586,3791,2.264383590221405,0.15031645569620253,632,2.2636659518598368,0.1537,0.9836859405218824,0.08282451774042465,,,0.8646477302856486,,0.8646639796638347,0.13533602033616532,0,0.09889725299924765,5,0.001,0.1,0.9208142696189229,0.9582163211242982,0.974093684346899,0.9736391676612336,0.980915078259957,0.9770802187404861,0.9876978488691508,0.9918529319161794,0.9877383830739436,0.9890695717787389,0.9928109457430094,1.0
1,0,1.856556458232004,0.4330411492573655,8214,2.214572163515313,0.3089846603360117,1369,2.2090189616901044,0.3278,0.9803989642493552,0.08190345427211253,,,0.75,,0.7500024163694532,0.2499975836305468,0.9751906925495012,0.09937703677774412,5,0.001,0.1,1.0,0.9947903864197948,0.9878530886850602,0.9836254573711694,0.9778455516051487,0.9749635320779356,0.9705757220909437,0.9662115122731091,0.964016300823109,0.9629508047203504,0.9593476995141694,0.9560675787587246
1,1,1.987838401609254,0.39555825981137815,6574,2.2099557876586915,0.3074817518248175,1096,2.2089437311068894,0.3279,0.9925043542162566,0.08337900693589712,,,0.9287934813191763,,0.9288040904302104,0.0711959095697896,0.975753823760567,0.09943232628961464,5,0.001,0.1,0.9947903864197948,1.0,0.9959124016903306,0.9941657047873808,0.990787624314863,0.9883375373614106,0.9860000270677827,0.982001659873739,0.9801391470291002,0.978587416389913,0.9774923675815668,0.9742236673783746
1,2,2.044512363428569,0.37541068649489884,5783,2.201317148823892,0.35892116182572614,964,2.208942548154642,0.3279,0.9969376104746464,0.0837778855484043,,,0.9771258096082969,,0.9771459777114082,0.02285402228859179,0.9757508309761509,0.09943329385888838,5,0.001,0.1,0.9878530886850602,0.9959124016903306,1.0,0.9966985225733737,0.9950777940538905,0.9914533377528062,0.9924970739888183,0.9905269086770838,0.987638892157314,0.9868117308229443,0.9865762301162089,0.9841472866270398
1,3,2.0704150995576236,0.36731605825609986,5287,2.2103028978620256,0.300794551645857,881,2.2089434386061404,0.3279,0.9977136151793584,0.08373658780043498,,,0.9721217400746901,,0.9721392602043282,0.02786073979567183,0.975748301582943,0.09943320259058419,5,0.001,0.1,0.9836254573711694,0.9941657047873808,0.9966985225733737,1.0,0.9964442559396113,0.995231168286002,0.9942470665089094,0.9903339770466875,0.9892870450202721,0.9892610270051724,0.9898733180108719,0.9852010178540056
1,4,2.0886118739651094,0.3330496453900709,4935,2.205220424211942,0.3418491484184915,822,2.2089426258501534,0.3279,0.9980570290351471,0.08380160575944677,,,0.9799999998788295,,0.9800166246218381,0.01998337537816186,0.9757548355040514,0.09943330857169155,5,0.001,0.1,0.9778455516051487,0.990787624314863,0.9950777940538905,0.9964442559396113,1.0,0.9960935151287279,0.9961432711307844,0.9937121127081511,0.9913427656495071,0.990136275191347,0.9920889312517075,0.9887114912212559
1,5,2.0939808678953615,0.34801799871437755,4667,2.2104029941558836,0.34061696658097684,778,2.208943119445167,0.3279,0.996314117217673,0.08356786315537736,,,0.9516772873522629,,0.9517016073689603,0.048298392631039744,0.975751728956781,0.09943298683481032,5,0.001,0.1,0.9749635320779356,0.9883375373614106,0.9914533377528062,0.995231168286002,0.9960935151287279,1.0,0.9938951390766051,0.9903692632886236,0.9908312535257916,0.9887448888331277,0.991444344893084,0.9862114859942832
1,6,2.1176997796126775,0.34075903885021336,4453,2.2081695199012756,0.31266846361185985,742,2.2089432268477855,0.3279,0.997630617885285,0.08367583986267872,,,0.9647608809600144,,0.9647741661109017,0.03522583388909828,0.9757489604639187,0.09943310200633729,5,0.001,0.1,0.9705757220909437,0.9860000270677827,0.9924970739888183,0.9942470665089094,0.9961432711307844,0.9938951390766051,1.0,0.9955309443503718,0.9929355149924046,0.9929806060668648,0.9958543760510875,0.9925887208153188
1,7,2.127302585253075,0.33013794715922373,4277,2.2071193404819653,0.3225806451612903,713,2.208944429604771,0.3279,0.9960032518717589,0.08343554574643335,,,0.9356443183062414,,0.9356569141995534,0.06434308580044656,0.9757460819647108,0.09943252940625322,5,0.001,0.1,0.9662115122731091,0.982001659873739,0.9905269086770838,0.9903339770466875,0.9937121127081511,0.9903692632886236,0.9955309443503718,1.0,0.9928123188496236,0.9926199941671682,0.9945951081933385,0.9951354620477679
1,8,2.1366863107681273,0.3451683216275127,4129,2.2056360353123057,0.3386627906976744,688,2.2089437257748443,0.3279,0.9944533380596482,0.08328186700381372,,,0.917022985383266,,0.9170460366708229,0.08295396332917715,0.9757336951558385,0.09943207276317718,5,0.001,0.1,0.964016300823109,0.9801391470291002,0.987638892157314,0.9892870450202721,0.9913427656495071,0.9908312535257916,0.9929355149924046,0.9928123188496236,1.0,0.9903007173319595,0.9941812288373043,0.9918718076025046
1,9,2.1444861220935034,0.33951512121969507,4001,2.2037873154594783,0.3448275862068966,667,2.2089430798356906,0.328,0.9940211042010382,0.08316035610714471,,,0.9022994470325953,,0.9023158484839698,0.09768415151603016,0.9757235519292914,0.09943122715089263,5,0.001,0.1,0.9629508047203504,0.978587416389913,0.9868117308229443,0.9892610270051724,0.990136275191347,0.9887448888331277,0.9929806060668648,0.9926199941671682,0.9903007173319595,1.0,0.9943673804746304,0.9934727935928442
1,10,2.1464149066659273,0.32440215993828747,3889,2.2027445634206138,0.3472222222222222,648,2.2089438446032736,0.3279,0.9949856257528322,0.0833136732766259,,,0.9208769679509161,,0.9208928968403554,0.07910710315964464,0.9757427017198795,0.09943210272541965,5,0.001,0.1,0.9593476995141694,0.9774923675815668,0.9865762301162089,0.9898733180108719,0.9920889312517075,0.991444344893084,0.9958543760510875,0.9945951081933385,0.9941812288373043,0.9943673804746304,1.0,0.9958206618212033
1,11,2.1512832996224156,0.3301503561065682,3791,2.210791325569153,0.3322784810126582,632,2.208948222973857,0.328,0.992618151975728,0.08296631453163053,,,0.8787873287203589,,0.8788094064430075,0.12119059355699247,0.9756720348658247,0.09942966390884654,5,0.001,0.1,0.9560675787587246,0.9742236673783746,0.9841472866270398,0.9852010178540056,0.9887114912212559,0.9862114859942832,0.9925887208153188,0.9951354620477679,0.9918718076025046,0.9934727935928442,0.9958206618212033,1.0
2,0,1.6679148335865035,0.4970294618943268,8214,2.149954452071079,0.3506208911614317,1369,2.143036584884595,0.3677,0.9877425351455522,0.0821840233968997,,,0.75,,0.7500024163694532,0.2499975836305468,0.9879422995698212,0.09953718761791615,5,0.001,0.1,1.0,0.9964462753511516,0.9927896433810169,0.9892587851128214,0.985545650887308,0.9833579870326845,0.9809451636421193,0.9785040122310897,0.9762710561259613,0.9775570808222571,0.9739142395269135,0.9730214376976387
2,1,1.8018402688711592,0.4693945847277152,6574,2.1434588841029574,0.3585766423357664,1096,2.142838840667432,0.3677,0.9948595969251365,0.0833196693483915,,,0.9222387716396231,,0.92226056195088,0.07773943804911998,0.9883560893489979,0.09961420535079007,5,0.001,0.1,0.9964462753511516,1.0,0.9973414943068374,0.9956346794329038,0.9935174112013785,0.991570189168398,0.9899932115381086,0.9877921319130919,0.9856941864835841,0.9865701346418333,0.9845295703228343,0.9834377517815103
2,2,1.8727453317431455,0.4523949507176206,5783,2.1346965451394357,0.39107883817427386,964,2.1428360573399945,0.3678,0.9979161287211975,0.08366325314101722,,,0.9743487186872927,,0.9743671528402007,0.0256328471597993,0.9883771602112666,0.09961663319303482,5,0.001,0.1,0.9927896433810169,0.9973414943068374,1.0,0.9975991884284999,0.9962594361499507,0.9940855981238319,0.9945740697345375,0.9933467057597074,0.9909046745261717,0.9914993549867319,0.9906622643577475,0.9899126944374306
2,3,1.9081619923373303,0.43544543219216947,5287,2.143964239529201,0.33938706015891035,881,2.142836646911816,0.3677,0.9982978777404826,0.08365023670562564,,,0.9723745692263394,,0.97239539536637,0.027604604633630014,0.9883790398254354,0.09961663240518895,5,0.001,0.1,0.9892587851128214,0.9956346794329038,0.9975991884284999,1.0,0.9973146006271133,0.9963320884366519,0.9954823583967559,0.9934410757293497,0.9921490821783472,0.9926395654379263,0.993044655122436,0.9905745248443557
2,4,1.9361815287989954,0.40494427558257345,4935,2.1362120463297916,0.38564476885644766,822,2.1428360664806427,0.3677,0.9986188262161139,0.08370051452247149,,,0.9799999998483341,,0.9800166246218381,0.01998337537816186,0.9883761025222377,0.09961664639785374,5,0.001,0.1,0.985545650887308,0.9935174112013785,0.9962594361499507,0.9973146006271133,1.0,0.9970588857253646,0.9967957492901144,0.9957063296501109,0.993906978426519,0.9933074311131919,0.99453663043887,0.9933052473752705
2,5,1.9429460483054593,0.41825583886865225,4667,2.1445340728759765,0.37532133676092544,778,2.1428366590993475,0.3677,0.9974973833788833,0.0835208095568526,,,0.9527448835023639,,0.9527648099283789,0.047235190071621136,0.9883719608160443,0.09961649110708173,5,0.001,0.1,0.9833579870326845,0.991570189168398,0.9940855981238319,0.9963320884366519,0.9970588857253646,1.0,0.9955176897494671,0.9937583697037754,0.9932268759907458,0.9926742143828521,0.9943746040846042,0.9918798448613965
2,6,1.9786710342339107,0.40938693015944305,4453,2.1414370437463126,0.37331536388140163,742,2.1428364046846333,0.3677,0.998095901688561,0.08360642345211586,,,0.9657295924568206,,0.9657503793700042,0.034249620629995814,0.9883748717582187,0.09961660170925889,5,0.001,0.1,0.9809451636421193,0.9899932115381086,0.9945740697345375,0.9954823583967559,0.9967957492901144,0.9955176897494671,1.0,0.9969674554170959,0.9941345765237218,0.9943506635448955,0.9968183539098919,0.9953845003124168
2,7,1.9928682957122574,0.4025718961889175,4277,2.1421463593192724,0.3534361851332398,713,2.142839111840001,0.3677,0.9972751297824247,0.08343241058814531,,,0.9393377738619416,,0.939363624940799,0.06063637505920105,0.9883628254163913,0.09961616418317858,5,0.001,0.1,0.9785040122310897,0.9877921319130919,0.9933467057597074,0.9934410757293497,0.9957063296501109,0.9937583697037754,0.9969674554170959,1.0,0.9947345853251284,0.9942643056864321,0.9958206432962043,0.9968185060882795
2,8,2.0082575548612156,0.41356260595785904,4129,2.1373507976531982,0.38226744186046513,688,2.1428409148328984,0.3678,0.995694822870411,0.0832870260985122,,,0.91728790358594,,0.9173118373106774,0.08268816268932255,0.9883477988691814,0.09961417230091678,5,0.001,0.1,0.9762710561259613,0.9856941864835841,0.9909046745261717,0.9921490821783472,0.993906978426519,0.9932268759907458,0.9941345765237218,0.9947345853251284,1.0,0.9934517717095387,0.9943093749905741,0.993478293769494
2,9,2.023011077964117,0.40769807548112974,4001,2.136911358152117,0.3793103448275862,667,2.1428449153900146,0.3679,0.9960035132057388,0.0832224131452786,,,0.9074883215222309,,0.9075110428084012,0.09248895719159878,0.9883177903322625,0.09961282620785404,5,0.001,0.1,0.9775570808222571,0.9865701346418333,0.9914993549867319,0.9926395654379263,0.9933074311131919,0.9926742143828521,0.9943506635448955,0.9942643056864321,0.9934517717095387,1.0,0.9949012580064065,0.9947717975564074
2,10,2.0252001557193817,0.3825147852918488,3889,2.136657703490484,0.375,648,2.1428405248319,0.3677,0.9963345044375299,0.08332721504406562,,,0.9233831964071934,,0.9233962555938953,0.07660374440610473,0.9883484429369042,0.09961421199454061,5,0.001,0.1,0.9739142395269135,0.9845295703228343,0.9906622643577475,0.993044655122436,0.99453663043887,0.9943746040846042,0.9968183539098919,0.9958206432962043,0.9943093749905741,0.9949012580064065,1.0,0.9969507718101509
2,11,2.0318618209422135,0.3908731205486679,3791,2.146236801147461,0.36550632911392406,632,2.1428501712628445,0.3678,0.9954679521433739,0.08308600500062416,,,0.8867998567361249,,0.886822087549898,0.113177912450102,0.9883482234524931,0.09961043417645034,5,0.001,0.1,0.9730214376976387,0.9834377517815103,0.9899126944374306,0.9905745248443557,0.9933052473752705,0.9918798448613965,0.9953845003124168,0.9968185060882795,0.993478293769494,0.9947717975564074,0.9969507718101509,1.0
3,0,1.5104172171321824,0.5442171901631361,8214,2.07288213663323,0.3718042366691015,1369,2.0645089362756894,0.3891,0.9902579489808462,0.08240666804721597,,,0.75,,0.7500024163694532,0.2499975836305468,0.99363946985086,0.09961494289964395,5,0.001,0.1,1.0,0.9965371385769446,0.9943165727659955,0.9911449440051961,0.988261424716777,0.986702494002379,0.9855258860472611,0.9830573425409324,0.9809822222440413,0.9832803343802885,0.9797625811433883,0.9794797816802651
3,1,1.6293245611260239,0.5198052935807728,6574,2.064538165501186,0.38777372262773724,1096,2.0641200329168155,0.389,0.9959624592389932,0.08328770929039116,,,0.9176904841662294,,0.9177129546399126,0.08228704536008735,0.9939361683962638,0.09970880288088915,5,0.001,0.1,0.9965371385769446,1.0,0.997694898758715,0.9962273597147889,0.9946752619765443,0.9935678907944047,0.9924507922244563,0.9907889652439713,0.9889514693287819,0.9901081539746064,0.9883239911186852,0.9878657235348064
3,2,1.7010151067491395,0.5113954694795089,5783,2.0555490139992005,0.4149377593360996,964,2.064114811321417,0.389,0.9982100423297223,0.08357111201553707,,,0.9716311374124681,,0.9716511535747769,0.028348846425223062,0.9939679023248323,0.09971255302867202,5,0.001,0.1,0.9943165727659955,0.997694898758715,1.0,0.9977319269148699,0.9966132177139788,0.995347538889325,0.9959459600975331,0.9947649942234853,0.9926307101966168,0.9938935265719032,0.9925889699676356,0.9925033927704179
3,3,1.7381685347442168,0.4947607338755438,5287,2.064877016203744,0.36322360953461974,881,2.064115205511879,0.3891,0.9987361799183823,0.08358011643435388,,,0.9733449679087389,,0.973366775886566,0.02663322411343405,0.9939677083754155,0.09971257667049836,5,0.001,0.1,0.9911449440051961,0.9962273597147889,0.9977319269148699,1.0,0.9975643133118733,0.9973402894480884,0.9968118482101409,0.99534170828132,0.9944891651695567,0.9952570750878865,0.9948657045649493,0.9935030348555763
3,4,1.7698179757210517,0.4674366767983789,4935,2.054358395246359,0.4051094890510949,822,2.0641148520734744,0.389,0.9988636172084618,0.0836150817909662,,,0.9799999998096678,,0.9800166246218381,0.01998337537816186,0.993967556014126,0.09971257940664728,5,0.001,0.1,0.988261424716777,0.9946752619765443,0.9966132177139788,0.9975643133118733,1.0,0.9974083605020918,0.997452487577983,0.996868444977583,0.9960210685885824,0.9954309468984328,0.9959957887233623,0.995476799265351
3,5,1.7761562670746895,0.48009427898007284,4667,2.065908842086792,0.38303341902313626,778,2.0641158739217933,0.3891,0.9982314317601443,0.08348440104882816,,,0.9551272516947732,,0.9551473502092576,0.04485264979074244,0.993957344151602,0.09971223908534713,5,0.001,0.1,0.986702494002379,0.9935678907944047,0.995347538889325,0.9973402894480884,0.9974083605020918,1.0,0.99665139572737,0.9959022845467214,0.9955566205316082,0.9952303133538594,0.9960220187153208,0.9944645028969068
3,6,1.8189632189273834,0.46732539860768024,4453,2.0621424863735833,0.40161725067385445,742,2.0641152123673656,0.3891,0.9986774581739309,0.08355133676652553,,,0.9678672715243025,,0.9678767844888412,0.03212321551115882,0.9939666699606697,0.09971254792097488,5,0.001,0.1,0.9855258860472611,0.9924507922244563,0.9959459600975331,0.9968118482101409,0.997452487577983,0.99665139572737,1.0,0.9978880412753075,0.9963575675714934,0.9962584556774388,0.9974770575365254,0.9966969315804741
3,7,1.8360435736713125,0.4644844517184943,4277,2.0645086143327798,0.39270687237026647,713,2.064116483679214,0.389,0.9980431627077357,0.08342408049030352,,,0.9436463094091192,,0.9436647625675375,0.05633523743246249,0.9939611508874341,0.09971169561443506,5,0.001,0.1,0.9830573425409324,0.9907889652439713,0.9947649942234853,0.99534170828132,0.996868444977583,0.9959022845467214,0.9978880412753075,1.0,0.9963441999819441,0.9960612431541898,0.9972153185041702,0.9976814624976429
3,8,1.8546823325523962,0.46296924194720274,4129,2.0562678683887827,0.3938953488372093,688,2.064123026860027,0.3889,0.9970103976090158,0.08330152202323213,,,0.920319491463792,,0.9203371318661138,0.07966286813388623,0.9939363912681944,0.09970881711928634,5,0.001,0.1,0.9809822222440413,0.9889514693287819,0.9926307101966168,0.9944891651695567,0.9960210685885824,0.9955566205316082,0.9963575675714934,0.9963441999819441,1.0,0.9953831628126042,0.9968762535629895,0.995956633712075
3,9,1.871297792593638,0.47428142964258935,4001,2.057294277917771,0.383808095952024,667,2.0641298221703916,0.3889,0.9972969936313187,0.08327113163671684,,,0.9145352235101368,,0.9145571761340022,0.08544282386599777,0.993924965623431,0.0997081088731098,5,0.001,0.1,0.9832803343802885,0.9901081539746064,0.9938935265719032,0.9952570750878865,0.9954309468984328,0.9952303133538594,0.9962584556774388,0.9960612431541898,0.9953831628126042,1.0,0.9961349393200732,0.9959717195680424
3,10,1.8774418270001645,0.44391874517870916,3889,2.057884727205549,0.39351851851851855,648,2.0641219166521068,0.3889,0.9972860900190345,0.08333508473520211,,,0.926707554978157,,0.9267260127004379,0.07327398729956214,0.9939302410406352,0.09970951947959211,5,0.001,0.1,0.9797625811433883,0.9883239911186852,0.9925889699676356,0.9948657045649493,0.9959957887233623,0.9960220187153208,0.9974770575365254,0.9972153185041702,0.9968762535629895,0.9961349393200732,1.0,0.9975656906800391
3,11,1.8860772219024786,0.4500659456607755,3791,2.0691747069358826,0.3876582278481013,632,2.0641441752735417,0.389,0.9968115346512368,0.08317175572072746,,,0.8956207906208604,,0.8956370033152589,0.10436299668474114,0.9939069496118281,0.09970544537267856,5,0.001,0.1,0.9794797816802651,0.9878657235348064,0.9925033927704179,0.9935030348555763,0.995476799265351,0.9944645028969068,0.9966969315804741,0.9976814624976429,0.995956633712075,0.9959717195680424,0.9975656906800391,1.0
4,0,1.3837180865413947,0.5806428049671293,8214,1.9826192939004232,0.408327246165084,1369,1.9727513618743457,0.4398,0.9912285351264866,0.0825651958227196,,,0.98,,0.9800166246218381,0.01998337537816186,0.9957718896119703,0.09974174596696475,5,0.001,0.1,1.0,0.996448039666493,0.9948334539854319,0.9919124709838035,0.9893406695567721,0.9876989930320307,0.9870066131275002,0.9846428452763243,0.9834689483709297,0.9845616252061613,0.9822769831501447,0.9819278218662458
4,1,1.4840756876376069,0.5662914511712808,6574,1.9725462811333792,0.43704379562043794,1096,1.9722392833270965,0.4399,0.9963637470252042,0.08327154893710212,,,0.98,,0.9800166246218381,0.01998337537816186,0.9968215401908039,0.09974174596696475,5,0.001,0.1,0.996448039666493,1.0,0.9977154527416723,0.9964601095210679,0.9951187871724639,0.9939994053767278,0.9933934701672774,0.9916136722672959,0.9903458170265337,0.991468812164014,0.9897174253164088,0.9892081193202058
4,2,1.548957051295602,0.5591907314542625,5783,1.9633774065202283,0.45850622406639,964,1.972230846127763,0.4399,0.9981894823185996,0.08350437546998933,,,0.98,,0.9800166246218381,0.01998337537816186,0.9968634243289475,0.09974174596696475,5,0.001,0.1,0.9948334539854319,0.9977154527416723,1.0,0.9976699578605969,0.9965766038656352,0.9957199048313583,0.9959986417805479,0.9949250183660154,0.9932058525764825,0.9942906230188563,0.993230156958086,0.9931386594473328
4,3,1.5838407721146044,0.5439001324002269,5287,1.9724482766219549,0.41543700340522133,881,1.9722309935207185,0.4399,0.9988144105954929,0.08353007905106549,,,0.98,,0.9800166246218381,0.01998337537816186,0.9968639288937311,0.09974174596696475,5,0.001,0.1,0.9919124709838035,0.9964601095210679,0.9976699578605969,1.0,0.9976281523202594,0.9974598765377155,0.9971342750351817,0.9958668417874795,0.9949536440011625,0.9959033658482316,0.9955133907148145,0.9942418495079454
4,4,1.6150218166074446,0.5214184397163121,4935,1.9592436643747182,0.46228710462287104,822,1.9722308564109925,0.4399,0.9988877009575962,0.08355389751344212,,,0.98,,0.9800166246218381,0.01998337537816186,0.9968639475273525,0.09974174596696475,5,0.001,0.1,0.9893406695567721,0.9951187871724639,0.9965766038656352,0.9976281523202594,1.0,0.997547850000016,0.9974239222999567,0.9970557924760357,0.9963021760150692,0.996444855822922,0.9962514717812493,0.9959055748446568
4,5,1.6185615297866194,0.5346046710949218,4667,1.9740079593658448,0.448586118251928,778,1.9722324095594996,0.4399,0.9985107466834596,0.0834615504746261,,,0.98,,0.9800166246218381,0.01998337537816186,0.99686246487201,0.09974174596696475,5,0.001,0.1,0.9876989930320307,0.9939994053767278,0.9957199048313583,0.9974598765377155,0.997547850000016,1.0,0.9971668563041187,0.9966381725144825,0.9962864554931412,0.9965888199450698,0.9966021822572283,0.9953636601635956
4,6,1.6624917508874621,0.5199640691668538,4453,1.9695264846086502,0.4784366576819407,742,1.9722314014221534,0.4399,0.9987905463884107,0.08351165161373544,,,0.98,,0.9800166246218381,0.01998337537816186,0.9968633850610149,0.09974174596696475,5,0.001,0.1,0.9870066131275002,0.9933934701672774,0.9959986417805479,0.9971342750351817,0.9974239222999567,0.9971668563041187,1.0,0.9979477081268147,0.9969051077564695,0.9968814871258248,0.9977657594998518,0.9967893105542766
4,7,1.6801686005805856,0.5220481646013561,4277,1.9737732306770657,0.4375876577840112,713,1.97223320403419,0.4399,0.9982231963875036,0.08341525758650474,,,0.98,,0.9800166246218381,0.01998337537816186,0.9968538123467829,0.09974174596696475,5,0.001,0.1,0.9846428452763243,0.9916136722672959,0.9949250183660154,0.9958668417874795,0.9970557924760357,0.9966381725144825,0.9979477081268147,1.0,0.9967639267940662,0.996954782892878,0.9974465442927057,0.9977540008414433
4,8,1.7023655469600971,0.5190118672802131,4129,1.9616149934855374,0.44040697674418605,688,1.972243910780349,0.4399,0.9973730719416695,0.0833126148412178,,,0.98,,0.9800166246218381,0.01998337537816186,0.996821505282569,0.09974174596696475,5,0.001,0.1,0.9834689483709297,0.9903458170265337,0.9932058525764825,0.9949536440011625,0.9963021760150692,0.9962864554931412,0.9969051077564695,0.9967639267940662,1.0,0.9962019234802444,0.9969615855193289,0.996039378058874
4,9,1.711933750387222,0.5246188452886779,4001,1.9647702830178397,0.43478260869565216,667,1.9722538142920303,0.4401,0.9978121411353176,0.08330814751930969,,,0.98,,0.9800166246218381,0.01998337537816186,0.9968138963607558,0.09974174596696475,5,0.001,0.1,0.9845616252061613,0.991468812164014,0.9942906230188563,0.9959033658482316,0.996444855822922,0.9965888199450698,0.9968814871258248,0.996954782892878,0.9962019234802444,1.0,0.9970638083105416,0.9963375768459298
4,10,1.7250266739579498,0.5048598611468244,3889,1.9658844811575753,0.45524691358024694,648,1.9722420853166915,0.4399,0.9976211221576384,0.08334121582714457,,,0.98,,0.9800166246218381,0.01998337537816186,0.9968298501017943,0.09974174596696475,5,0.001,0.1,0.9822769831501447,0.9897174253164088,0.993230156958086,0.9955133907148145,0.9962514717812493,0.9966021822572283,0.9977657594998518,0.9974465442927057,0.9969615855193289,0.9970638083105416,1.0,0.9975580654517272
4,11,1.733798712642253,0.5028752308098127,3791,1.979113471508026,0.4287974683544304,632,1.9722724711171353,0.4402,0.9971087366323409,0.08322446534314307,,,0.98,,0.9800166246218381,0.01998337537816186,0.9967793841802925,0.09974174596696475,5,0.001,0.1,0.9819278218662458,0.9892081193202058,0.9931386594473328,0.9942418495079454,0.9959055748446568,0.9953636601635956,0.9967893105542766,0.9977540008414433,0.996039378058874,0.9963375768459298,0.9975580654517272,1.0
5,0,1.279789434935796,0.6143900657414171,8214,1.8799033608547477,0.49159970781592405,1369,1.8685032612980363,0.5213,0.9912157561054515,0.08266508023253805,,,0.98,,0.9800166246218381,0.01998337537816186,0.9978977633626291,0.0997320924838446,5,0.001,0.1,1.0,0.9959107958803705,0.9946926644497701,0.991659036897249,0.9888277809596642,0.9874124514316105,0.9873396480920945,0.9846662048883483,0.9833040114401943,0.9840165858249126,0.9825516909943108,0.9824358316820798
5,1,1.3636011014864282,0.6025555217523578,6574,1.8679366043635777,0.5136861313868614,1096,1.8678683556687719,0.522,0.9964016677877748,0.08326591818487707,,,0.98,,0.9800166246218381,0.01998337537816186,0.9978977633626291,0.0997320924838446,5,0.001,0.1,0.9959107958803705,1.0,0.997474977007091,0.9962357564896731,0.9948485410216805,0.9940093179524978,0.9937162381673863,0.9916968439073942,0.9901842502402199,0.991061432480311,0.9901326251240131,0.989524737340618
5,2,1.419610652475726,0.6023171364343767,5783,1.8591242913276917,0.5435684647302904,964,1.8678569557567755,0.522,0.9980745345807998,0.08346278634352981,,,0.98,,0.9800166246218381,0.01998337537816186,0.9978977633626291,0.0997320924838446,5,0.001,0.1,0.9946926644497701,0.997474977007091,1.0,0.9973501503762164,0.9960497537347932,0.9956742845221627,0.995983057452174,0.9947107914532974,0.992876184460114,0.9934854368914044,0.9931803154564194,0.9933101198786651
5,3,1.4509895771382804,0.5888783809343673,5287,1.8674409687519073,0.5028376844494892,881,1.867856777894992,0.522,0.9986358814163665,0.08349668333866606,,,0.98,,0.9800166246218381,0.01998337537816186,0.9978977633626291,0.0997320924838446,5,0.001,0.1,0.991659036897249,0.9962357564896731,0.9973501503762164,1.0,0.9971595583383372,0.9972612207093844,0.997117880228163,0.9955460861713668,0.994545297168918,0.9951965904996196,0.9955146343805972,0.99388277516145
5,4,1.4796918749040173,0.5683080040526849,4935,1.8515054262601411,0.5389294403892944,822,1.86785687349094,0.522,0.9986847543579178,0.08351287512370575,,,0.98,,0.9800166246218381,0.01998337537816186,0.9978977633626291,0.0997320924838446,5,0.001,0.1,0.9888277809596642,0.9948485410216805,0.9960497537347932,0.9971595583383372,1.0,0.9973480408196208,0.9972263623123465,0.9966070352360388,0.996330657573647,0.9957871475376878,0.9962323819747116,0.9956127683874639
5,5,1.4800928481637614,0.5785301049925006,4667,1.869445071220398,0.5308483290488432,778,1.8678589446095233,0.5219,0.9985344777528479,0.08345136377218274,,,0.98,,0.9800166246218381,0.01998337537816186,0.9978977633626291,0.0997320924838446,5,0.001,0.1,0.9874124514316105,0.9940093179524978,0.9956742845221627,0.9972612207093844,0.9973480408196208,1.0,0.9971953703785196,0.9965380457940767,0.9961930931430092,0.9964181476715814,0.9968551912438008,0.9953160204647679
5,6,1.5228937044313975,0.571120592858747,4453,1.8644066005945206,0.5444743935309974,742,1.8678577456611414,0.5219,0.9987906410750045,0.0834903747942483,,,0.98,,0.9800166246218381,0.01998337537816186,0.9978977633626291,0.0997320924838446,5,0.001,0.1,0.9873396480920945,0.9937162381673863,0.995983057452174,0.997117880228163,0.9972263623123465,0.9971953703785196,1.0,0.9977472551096379,0.9964432932589594,0.9964044121717524,0.9975910218023976,0.9965201958138373
5,7,1.5389847449402312,0.5703062894552257,4277,1.8704625782759294,0.5329593267882188,713,1.8678598350610216,0.522,0.9980970946493382,0.08340883738695305,,,0.98,,0.9800166246218381,0.01998337537816186,0.9978977633626291,0.0997320924838446,5,0.001,0.1,0.9846662048883483,0.9916968439073942,0.9947107914532974,0.9955460861713668,0.9966070352360388,0.9965380457940767,0.9977472551096379,1.0,0.9964605340694066,0.9963829673446452,0.9971462746730523,0.9974691498417813
5,8,1.5688242352925814,0.5609106321143134,4129,1.8541965159502896,0.5319767441860465,688,1.8678748219157941,0.522,0.9971869981915801,0.08331647338456051,,,0.98,,0.9800166246218381,0.01998337537816186,0.9978977633626291,0.0997320924838446,5,0.001,0.1,0.9833040114401943,0.9901842502402199,0.992876184460114,0.994545297168918,0.996330657573647,0.9961930931430092,0.9964432932589594,0.9964605340694066,1.0,0.9954230929310505,0.9967318222570737,0.9955851979608277
5,9,1.5706732292970023,0.5760559860034992,4001,1.8600331999006725,0.5082458770614693,667,1.8678886684746787,0.522,0.99740615923057,0.08332080956554247,,,0.98,,0.9800166246218381,0.01998337537816186,0.9978977633626291,0.0997320924838446,5,0.001,0.1,0.9840165858249126,0.991061432480311,0.9934854368914044,0.9951965904996196,0.9957871475376878,0.9964181476715814,0.9964044121717524,0.9963829673446452,0.9954230929310505,1.0,0.9967069709855715,0.9958237804063941
5,10,1.5835272601393402,0.5566983800462844,3889,1.8614439453397478,0.5432098765432098,648,1.867872176459803,0.522,0.9976784940287424,0.08334989245381402,,,0.98,,0.9800166246218381,0.01998337537816186,0.9978977633626291,0.0997320924838446,5,0.001,0.1,0.9825516909943108,0.9901326251240131,0.9931803154564194,0.9955146343805972,0.9962323819747116,0.9968551912438008,0.9975910218023976,0.9971462746730523,0.9967318222570737,0.9967069709855715,1.0,0.9973043955624394
5,11,1.5899564961425396,0.5577947771036665,3791,1.8765968918800353,0.5063291139240507,632,1.8679134072587131,0.522,0.9970790862550684,0.08325890541938209,,,0.98,,0.9800166246218381,0.01998337537816186,0.9978977633626291,0.0997320924838446,5,0.001,0.1,0.9824358316820798,0.989524737340618,0.9933101198786651,0.99388277516145,0.9956127683874639,0.9953160204647679,0.9965201958138373,0.9974691498417813,0.9955851979608277,0.9958237804063941,0.9973043955624394,1.0
6,0,1.1938064460160667,0.637399561723886,8214,1.767230330511581,0.5566106647187729,1369,1.7543570130777817,0.58,0.9911051441223874,0.08272750515724452,,,0.98,,0.9800166246218381,0.01998337537816186,0.9981647086911163,0.0997171677588857,5,0.001,0.1,1.0,0.9952858649181435,0.9945013456175834,0.9910556398380196,0.9885716626976147,0.9869310472221646,0.986853829506534,0.9842103597543214,0.9836054045618566,0.9834521228500083,0.9827314559239111,0.9825335321347889
6,1,1.263100872282843,0.629814420444174,6574,1.7534704004015242,0.5757299270072993,1096,1.7536072871936397,0.58,0.9963161115351311,0.08326444493599695,,,0.98,,0.9800166246218381,0.01998337537816186,0.9981647086911163,0.0997171677588857,5,0.001,0.1,0.9952858649181435,1.0,0.9968579766678365,0.995884802702086,0.994678752266444,0.9937694885661206,0.993455631153563,0.9914953055044162,0.9905488144271388,0.990637406478721,0.9900556977113968,0.9893354927766481
6,2,1.3105048990381356,0.6329932560954522,5783,1.7449599389106996,0.5819502074688797,964,1.7535934943360643,0.5801,0.9979147232556556,0.08343686317214188,,,0.98,,0.9800166246218381,0.01998337537816186,0.9981647086911163,0.0997171677588857,5,0.001,0.1,0.9945013456175834,0.9968579766678365,1.0,0.9968368034941104,0.9956066468800407,0.9952973698358817,0.9953149802271386,0.994449563911088,0.9928024699134511,0.9928257199047983,0.9931189009958176,0.9935005474384652
6,3,1.3371429006737399,0.6227728390391526,5287,1.7523970305919647,0.5732122587968218,881,1.7535929599889932,0.5801,0.9984760764215199,0.08347578958346107,,,0.98,,0.9800166246218381,0.01998337537816186,0.9981647086911163,0.0997171677588857,5,0.001,0.1,0.9910556398380196,0.995884802702086,0.9968368034941104,1.0,0.9968513758849396,0.9968655307501758,0.9966179934995136,0.9956512635145209,0.9946079534034497,0.9945647726951884,0.9951985031603182,0.9936570850968639
6,4,1.3632666846244565,0.6010942249240122,4935,1.734254016326024,0.5888077858880778,822,1.7535932997164254,0.5801,0.998506444417527,0.08348670515801601,,,0.98,,0.9800166246218381,0.01998337537816186,0.9981647086911163,0.0997171677588857,5,0.001,0.1,0.9885716626976147,0.994678752266444,0.9956066468800407,0.9968513758849396,1.0,0.9968716416727623,0.9964713337188646,0.9965934210262211,0.9959074554172961,0.9953503584665052,0.995916761503734,0.99531724035673
6,5,1.360965555579695,0.6171416327405186,4667,1.75481173992157,0.5989717223650386,778,1.7535956755232887,0.5801,0.9983849789974527,0.08344504074476426,,,0.98,,0.9800166246218381,0.01998337537816186,0.9981647086911163,0.0997171677588857,5,0.001,0.1,0.9869310472221646,0.9937694885661206,0.9952973698358817,0.9968655307501758,0.9968716416727623,1.0,0.9967603508911552,0.9966564916410001,0.9957700351406434,0.996186915690439,0.9966039527126367,0.9949582691263962
6,6,1.4001311500583375,0.6076353020435661,4453,1.7493719259897869,0.601078167115903,742,1.753594476574907,0.5801,0.9984761556385311,0.08347192137170022,,,0.98,,0.9800166246218381,0.01998337537816186,0.9981647086911163,0.0997171677588857,5,0.001,0.1,0.986853829506534,0.993455631153563,0.9953149802271386,0.9966179934995136,0.9964713337188646,0.9967603508911552,1.0,0.9972753217903138,0.99605668850707,0.9963225821745163,0.9970964535321816,0.9955358218495606
6,7,1.4154855929203887,0.6100070142623334,4277,1.7574101997458416,0.576437587657784,713,1.753596632244488,0.5801,0.9980514844308412,0.08340817789166957,,,0.98,,0.9800166246218381,0.01998337537816186,0.9981647086911163,0.0997171677588857,5,0.001,0.1,0.9842103597543214,0.9914953055044162,0.994449563911088,0.9956512635145209,0.9965934210262211,0.9966564916410001,0.9972753217903138,1.0,0.9962885729012086,0.9960027762655418,0.9971185465308934,0.9969219517666656
6,8,1.4394346737861634,0.5984015500121095,4129,1.7365410869771785,0.5973837209302325,688,1.7536155438651673,0.58,0.9971576240667238,0.08332263973348032,,,0.98,,0.9800166246218381,0.01998337537816186,0.9981647086911163,0.0997171677588857,5,0.001,0.1,0.9836054045618566,0.9905488144271388,0.9928024699134511,0.9946079534034497,0.9959074554172961,0.9957700351406434,0.99605668850707,0.9962885729012086,1.0,0.9953379780327241,0.9962896808069053,0.9947587775663775
6,9,1.4412297927197957,0.6186953261684579,4001,1.7456505298614502,0.5697151424287856,667,1.7536337817438876,0.58,0.9971516747329564,0.0833251081844542,,,0.98,,0.9800166246218381,0.01998337537816186,0.9981647086911163,0.0997171677588857,5,0.001,0.1,0.9834521228500083,0.990637406478721,0.9928257199047983,0.9945647726951884,0.9953503584665052,0.996186915690439,0.9963225821745163,0.9960027762655418,0.9953379780327241,1.0,0.9962201972031911,0.9950010567955797
6,10,1.456416108569161,0.5980457701208537,3889,1.7471832491102672,0.5925925925925926,648,1.7536122890326162,0.58,0.9976097139049257,0.08335774441002995,,,0.98,,0.9800166246218381,0.01998337537816186,0.9981647086911163,0.0997171677588857,5,0.001,0.1,0.9827314559239111,0.9900556977113968,0.9931189009958176,0.9951985031603182,0.995916761503734,0.9966039527126367,0.9970964535321816,0.9971185465308934,0.9962896808069053,0.9962201972031911,1.0,0.9970211212063019
