round,client_id,client_i_training_loss,client_i_training_accuracy,client_i_training_dataset_size,client_i_evaluation_loss,client_i_evaluation_accuracy,client_i_evaluation_dataset_size,client_i_central_evaluation_loss,client_i_central_evaluation_accuracy,client_i_cosine_similarity,client_i_importance_coefficient,client_i_tanh_val,tanh_normalization_value,client_i_q,client_i_mask_order,client_i_v_nonzero_fraction,client_i_v_sparsity,client_i_v_cosine_similarity,client_i_reward_gradient_norm,local_epochs,learning_rate,gamma,client_0_cosine_similarity,client_1_cosine_similarity,client_2_cosine_similarity,client_3_cosine_similarity,client_4_cosine_similarity,client_5_cosine_similarity,client_6_cosine_similarity,client_7_cosine_similarity,client_8_cosine_similarity,client_9_cosine_similarity,client_10_cosine_similarity,client_11_cosine_similarity
0,0,2.0069871269775272,0.4371317263209155,8214,2.2549332130786985,0.1468224981738495,1369,2.2578119241391508,0.14,0.9687160063007019,0.0816968343019178,,,0.7,,0.7000125651211567,0.2999874348788433,0,0.09866793328264785,5,0.001,0.1,1.0,0.986615267268177,0.9791077329288125,0.9653030751851743,0.9569841677014649,0.9491928993833082,0.9427141190314362,0.9365562914240115,0.9268295710407911,0.9228649155469395,0.9220668821556519,0.9127499512384935
0,1,2.1126991474512713,0.36434438697900823,6574,2.2626437664031984,0.12317518248175183,1096,2.257757099291768,0.1401,0.9870476388853364,0.08324283575126894,,,0.8780308749105814,,0.8780506664346952,0.1219493335653048,0,0.09873028501829921,5,0.001,0.1,0.986615267268177,1.0,0.9887578189000072,0.9867253074825877,0.9796145579300028,0.9715386673398992,0.9712087546776973,0.9630048668559144,0.9576042884663845,0.9510192765141204,0.9550331420714078,0.9430760021690373
0,2,2.155435237700109,0.3402732145945011,5783,2.255038015304073,0.13485477178423236,964,2.2577545033476225,0.1401,0.994564938892224,0.08387680856586684,,,0.951036456438179,,0.9510540203554962,0.048945979644503756,0,0.09873406821833255,5,0.001,0.1,0.9791077329288125,0.9887578189000072,1.0,0.9899166446871519,0.9877567729881654,0.9838334159866217,0.9815874190537435,0.9799925089730227,0.9709675452275504,0.9725370408542777,0.9708692372603409,0.96410644934362
0,3,2.179189608614129,0.3114431624739928,5287,2.2580555932862416,0.14188422247446084,881,2.2577546191291686,0.1401,0.9965175929537265,0.08404148598863467,,,0.9699999998848443,,0.9700176878243976,0.029982312175602432,0,0.09873428378938165,5,0.001,0.1,0.9653030751851743,0.9867253074825877,0.9899166446871519,1.0,0.9911665035334021,0.9908076041900403,0.9905288439501995,0.9848540831423729,0.982081067927696,0.9778040785059668,0.981526621784155,0.9717663098133245
0,4,2.1922684137282835,0.3110840932117528,4935,2.261411566000718,0.13260340632603407,822,2.2577545102031085,0.1401,0.9957269530551317,0.08397480723411026,,,0.9623215614131908,,0.962338465702052,0.03766153429794805,0,0.09873422011501906,5,0.001,0.1,0.9569841677014649,0.9796145579300028,0.9877567729881654,0.9911665035334021,1.0,0.9917029514343204,0.988404908151063,0.9847289649594904,0.988954531655092,0.9811658003446655,0.9853664521883171,0.980442138710426
0,5,2.2018201044161025,0.2935504606813799,4667,2.2528672218322754,0.16709511568123395,778,2.2577545025859016,0.1401,0.9941379382833321,0.08384079739462102,,,0.9468895649031566,,0.946917195851577,0.053082804148423035,0,0.09873406465979098,5,0.001,0.1,0.9491928993833082,0.9715386673398992,0.9838334159866217,0.9908076041900403,0.9917029514343204,1.0,0.9914950108456781,0.9885556289892797,0.9869283021588089,0.9860505620499291,0.9874833511789428,0.9805020056124174
0,6,2.208770351409912,0.28425780372782394,4453,2.2528236409028373,0.14690026954177898,742,2.257755702296004,0.1401,0.9930875015701879,0.08375220863017384,,,0.936688063961227,,0.9367007858033461,0.06329921419665385,0,0.0987331565425898,5,0.001,0.1,0.9427141190314362,0.9712087546776973,0.9815874190537435,0.9905288439501995,0.988404908151063,0.9914950108456781,1.0,0.9908050420019181,0.9852172620955153,0.9853796691995707,0.9927129796537142,0.9819543203013741
0,7,2.215487500446946,0.2889876081365443,4277,2.257938882578974,0.14866760168302945,713,2.257756264445881,0.1402,0.9902410009845072,0.08351214850401084,,,0.9090437727415257,,0.909062351997371,0.09093764800262905,0,0.09873230434830481,5,0.001,0.1,0.9365562914240115,0.9630048668559144,0.9799925089730227,0.9848540831423729,0.9847289649594904,0.9885556289892797,0.9908050420019181,1.0,0.9832896726544348,0.990881752499123,0.9886715912602401,0.9846579607584328
0,8,2.2190323980037983,0.2729474449019133,4129,2.256180318919095,0.14534883720930233,688,2.2577573643705717,0.1401,0.9865484419803949,0.0832007358927327,,,0.8731828363450531,,0.8731937638337152,0.12680623616628484,0,0.09872849334102374,5,0.001,0.1,0.9268295710407911,0.9576042884663845,0.9709675452275504,0.982081067927696,0.988954531655092,0.9869283021588089,0.9852172620955153,0.9832896726544348,1.0,0.9790769604035601,0.9896000611284995,0.9902551091064208
0,9,2.2209537210918606,0.27353161709572604,4001,2.259669224421183,0.12743628185907047,667,2.2577593044731943,0.1401,0.98412094693144,0.08299601267200209,,,0.8496077911104699,,0.849624496186969,0.150375503813031,0,0.09872542523563584,5,0.001,0.1,0.9228649155469395,0.9510192765141204,0.9725370408542777,0.9778040785059668,0.9811658003446655,0.9860505620499291,0.9853796691995707,0.990881752499123,0.9790769604035601,1.0,0.9868171529773941,0.9819263027801453
0,10,2.226797773798958,0.24448444330161995,3889,2.2557419481731595,0.14660493827160495,648,2.257757327807978,0.1401,0.9866257369653468,0.08320725457884601,,,0.8739335001898416,,0.8739428383642145,0.1260571616357855,0,0.09872850193143748,5,0.001,0.1,0.9220668821556519,0.9550331420714078,0.9708692372603409,0.981526621784155,0.9853664521883171,0.9874833511789428,0.9927129796537142,0.9886715912602401,0.9896000611284995,0.9868171529773941,1.0,0.9887646469130587
0,11,2.2320554601044216,0.24922184120284885,3791,2.2620424389839173,0.11867088607594936,632,2.2577681305309456,0.1401,0.980113814858808,0.08265807048581496,,,0.8106918230165586,,0.8107064497733445,0.1892935502266555,0,0.09871539402208296,5,0.001,0.1,0.9127499512384935,0.9430760021690373,0.96410644934362,0.9717663098133245,0.980442138710426,0.9805020056124174,0.9819543203013741,0.9846579607584328,0.9902551091064208,0.9819263027801453,0.9887646469130587,1.0
1,0,1.741902427682617,0.5349646944241538,8214,2.1977143398551053,0.29510591672753833,1369,2.200656717958542,0.286,0.9828244629933397,0.08194309829691623,,,0.7,,0.7000125651211567,0.2999874348788433,0.9716054570440038,0.0993877649990719,5,0.001,0.1,1.0,0.9952107395428357,0.9909880917969466,0.9858637907936286,0.9807929069908259,0.9770813157834908,0.9738362240141126,0.9723500075971022,0.9674234310917958,0.9645767692759012,0.9635576355624116,0.9606095242999773
1,1,1.8764052408412821,0.49437176756921203,6574,2.205324820109776,0.26277372262773724,1096,2.2004800673110037,0.2858,0.9924210137677381,0.08320277834162311,,,0.8768182751714915,,0.8768424817080832,0.12315751829191679,0.9720124226749821,0.09947022252782454,5,0.001,0.1,0.9952107395428357,1.0,0.9970016301300352,0.9947104577212815,0.9903915967448367,0.9873804349868716,0.9863935291496233,0.9845269361886142,0.9794308057437595,0.9790315962170245,0.9778797613164262,0.974673392912818
1,2,1.9455069292974736,0.46996368666781946,5783,2.1981813599986415,0.29564315352697096,964,2.20046905130624,0.2855,0.9960299275491222,0.0837087890987857,,,0.9478457949576992,,0.9478692454161471,0.052130754583852856,0.9720574107001051,0.09947671951504314,5,0.001,0.1,0.9909880917969466,0.9970016301300352,1.0,0.9965712927795685,0.9940492056047384,0.9921505697686349,0.9916006143277847,0.9899177462513805,0.9854629351079468,0.9856126006102618,0.9848554700256895,0.9813858734992539
1,3,1.993518603709807,0.46007187440892755,5287,2.200313380786351,0.2735527809307605,881,2.200468777086788,0.2855,0.997783822035172,0.08386661899388136,,,0.9699999998596324,,0.9700176878243976,0.029982312175602432,0.9720647579187331,0.09947695207181015,5,0.001,0.1,0.9858637907936286,0.9947104577212815,0.9965712927795685,1.0,0.9957281632212658,0.9949054174301101,0.9944943969965481,0.9932378841604994,0.9898284687587566,0.9895254191440247,0.98953060262215,0.9860431214708811
1,4,2.024497940309586,0.4573049645390071,4935,2.202464277927692,0.2956204379562044,822,2.2004686544497556,0.2855,0.9981229046455775,0.08383662846035805,,,0.9657903003955934,,0.9658083722368815,0.03419162776311846,0.972062931481415,0.09947695119013751,5,0.001,0.1,0.9807929069908259,0.9903915967448367,0.9940492056047384,0.9957281632212658,1.0,0.9965859112314497,0.9942341527533172,0.9933230521765831,0.9936447580851775,0.9917909247309878,0.9926200026351913,0.991295010486237
1,5,2.044623111535425,0.42866938075851724,4667,2.196599340438843,0.2982005141388175,778,2.200469067302375,0.2855,0.9980682454343053,0.08375255903796346,,,0.953989676638046,,0.9540116565662423,0.045988343433757684,0.9720599443784034,0.09947685076634515,5,0.001,0.1,0.9770813157834908,0.9873804349868716,0.9921505697686349,0.9949054174301101,0.9965859112314497,1.0,0.9961532102444851,0.9951821907118431,0.9939470994795484,0.9947782604316021,0.9942598665440666,0.991329331306843
1,6,2.0577618547848293,0.436559622726252,4453,2.196684241294861,0.29380053908355797,742,2.2004714088318065,0.2855,0.9973675883964593,0.08367550398014165,,,0.9431736424597302,,0.9431959868936121,0.05680401310638794,0.9720346913045909,0.09947655274004318,5,0.001,0.1,0.9738362240141126,0.9863935291496233,0.9916006143277847,0.9944943969965481,0.9942341527533172,0.9961532102444851,1.0,0.9957774459462974,0.9918695881086605,0.9948794197237267,0.99566836354835,0.990437963086252
1,7,2.074483906688975,0.4450783259293898,4277,2.2003457649894385,0.2720897615708275,713,2.2004750551887975,0.2855,0.996773452247785,0.08350886540842196,,,0.9197829846872866,,0.9198055305864046,0.08019446941359543,0.9720266654532993,0.09947477642067033,5,0.001,0.1,0.9723500075971022,0.9845269361886142,0.9899177462513805,0.9932378841604994,0.9933230521765831,0.9951821907118431,0.9957774459462974,1.0,0.9921720663217107,0.9959646124749117,0.9941886653348583,0.9916398609986977
1,8,2.0852367228728075,0.4065391135868249,4129,2.198906649242748,0.2819767441860465,688,2.200479754243796,0.2859,0.994911466174882,0.08325742363070605,,,0.8844887037080824,,0.8845120383526159,0.11548796164738406,0.9719745743044367,0.09947122331920887,5,0.001,0.1,0.9674234310917958,0.9794308057437595,0.9854629351079468,0.9898284687587566,0.9936447580851775,0.9939470994795484,0.9918695881086605,0.9921720663217107,1.0,0.9912986396641467,0.9952307035013095,0.9957708509690361
1,9,2.0899462414166283,0.42279430142464386,4001,2.2026346638089134,0.2848575712143928,667,2.2004881720192517,0.2859,0.9947666533239709,0.08312701121601672,,,0.866183024957981,,0.8661959578971786,0.13380404210282137,0.9719683050210098,0.09946629481133122,5,0.001,0.1,0.9645767692759012,0.9790315962170245,0.9856126006102618,0.9895254191440247,0.9917909247309878,0.9947782604316021,0.9948794197237267,0.9959646124749117,0.9912986396641467,1.0,0.9953575186581184,0.991452703666992
1,10,2.1020726135519685,0.40596554384160455,3889,2.1986676170712425,0.2993827160493827,648,2.2004796864506537,0.2859,0.9951054129808705,0.08326769621725867,,,0.8859306421141214,,0.885947361807831,0.11405263819216904,0.9719744327148669,0.09947123127841302,5,0.001,0.1,0.9635576355624116,0.9778797613164262,0.9848554700256895,0.98953060262215,0.9926200026351913,0.9942598665440666,0.99566836354835,0.9941886653348583,0.9952307035013095,0.9953575186581184,1.0,0.9951685775347597
1,11,2.114307119866379,0.40617251384858877,3791,2.2055629014968874,0.2737341772151899,632,2.2005079706636863,0.286,0.9927113461594678,0.08285302731792694,,,0.8277245604545851,,0.8277466871574797,0.17225331284252032,0.971893225877378,0.09945873326366984,5,0.001,0.1,0.9606095242999773,0.974673392912818,0.9813858734992539,0.9860431214708811,0.991295010486237,0.991329331306843,0.990437963086252,0.9916398609986977,0.9957708509690361,0.991452703666992,0.9951685775347597,1.0
2,0,1.542608954470445,0.5964937910883856,8214,2.124710382417191,0.4543462381300219,1369,2.12766172710699,0.4406,0.9887235812845879,0.08222924934312413,,,0.7,,0.7000125651211567,0.2999874348788433,0.9900719155544705,0.09954285166852411,5,0.001,0.1,1.0,0.9962416858285743,0.9936223104358906,0.9904992850988037,0.9866877500719232,0.9845830249295981,0.9819352900889704,0.982393015104633,0.9796004410987993,0.9762548903034594,0.9763285324225631,0.9751805344627548
2,1,1.6616801632260814,0.5702768481898388,6574,2.1321299144199917,0.4233576642335766,1096,2.1272683425452383,0.441,0.9952540761078914,0.08321330978472415,,,0.8777072788140026,,0.8777317056668696,0.12226829433313036,0.9903177533098975,0.09964283022962267,5,0.001,0.1,0.9962416858285743,1.0,0.9975139136004744,0.9963631924946453,0.9934063178405038,0.9916234090944618,0.9905615361124257,0.9903787381028,0.9883507975279116,0.98584225784566,0.9860085615910059,0.9849841098181841
2,2,1.7288359958822557,0.553242261801833,5783,2.1251575562261764,0.4460580912863071,964,2.127239669092928,0.4408,0.9973868718532516,0.08359276095362266,,,0.9462307473096043,,0.9462599433603001,0.05374005663969994,0.9903860931414792,0.09965003121795293,5,0.001,0.1,0.9936223104358906,0.9975139136004744,1.0,0.9975725779764021,0.9958823126503681,0.9944161834835473,0.9936397289255325,0.9935678940866,0.9917162886908852,0.9897116866938009,0.9898686846738555,0.9891920776211632
2,3,1.7861972415303609,0.5518819746548137,5287,2.12629177740642,0.43813847900113506,881,2.1272387961610058,0.4407,0.9984628744102609,0.08372438404344436,,,0.9699999998194142,,0.9700176878243976,0.029982312175602432,0.9903879196751596,0.09965028385552947,5,0.001,0.1,0.9904992850988037,0.9963631924946453,0.9975725779764021,1.0,0.9972350889405314,0.9961793034177258,0.9954651970841413,0.9952693012439598,0.9943680223325505,0.9922376035221157,0.9927170478924339,0.9916021224486014
2,4,1.824802385145618,0.5504761904761905,4935,2.127555727958679,0.4537712895377129,822,2.127238787020357,0.4407,0.9984665816349998,0.08370609748484553,,,0.9666977081815282,,0.9667169271512938,0.03328307284870624,0.9903879398172581,0.09965028335661975,5,0.001,0.1,0.9866877500719232,0.9934063178405038,0.9958823126503681,0.9972350889405314,1.0,0.9970312215476252,0.9956905750360102,0.9952080870069583,0.9958283237582315,0.992830864680513,0.9949601841361408,0.9947503682264756
2,5,1.852025743869886,0.527105206770945,4667,2.124742946624756,0.44087403598971725,778,2.1272399265545245,0.4408,0.99859093349266,0.08365851775322634,,,0.9581054873429395,,0.958119484636723,0.04188051536327697,0.9903838553525321,0.09965013246255944,5,0.001,0.1,0.9845830249295981,0.9916234090944618,0.9944161834835473,0.9961793034177258,0.9970312215476252,1.0,0.9973565183738418,0.9969122230358881,0.9961418265115903,0.9957876515028178,0.9961536284991137,0.9947899056659621
2,6,1.8696737432479857,0.5362676847069392,4453,2.1244230469067893,0.4380053908355795,742,2.127242501932211,0.4408,0.9980147312749484,0.08359261372668253,,,0.9462041602243076,,0.9462309469268614,0.05376905307313862,0.9903876706113011,0.09965003121219868,5,0.001,0.1,0.9819352900889704,0.9905615361124257,0.9936397289255325,0.9954651970841413,0.9956905750360102,0.9973565183738418,1.0,0.9976641605845885,0.99480073258257,0.9959657679061458,0.9970497151671027,0.9939215252723234
2,7,1.8906305941183175,0.5431377133504793,4277,2.1264205704564634,0.4488078541374474,713,2.1272493269496833,0.4409,0.9979639908493722,0.08348870240330074,,,0.9274392574444379,,0.9274557562753115,0.07254424372468848,0.9903714858676831,0.09964862579457577,5,0.001,0.1,0.982393015104633,0.9903787381028,0.9935678940866,0.9952693012439598,0.9952080870069583,0.9969122230358881,0.9976641605845885,1.0,0.994921775069441,0.9965918877807609,0.9962330243783966,0.9943259796342612
2,8,1.9135195998045114,0.5190118672802131,4129,2.126213550567627,0.4476744186046512,688,2.1272639009518364,0.441,0.9970271138172524,0.08330412023649142,,,0.8941063510551279,,0.8941243560375407,0.1058756439624593,0.9903367060329391,0.09964484963508156,5,0.001,0.1,0.9796004410987993,0.9883507975279116,0.9917162886908852,0.9943680223325505,0.9958283237582315,0.9961418265115903,0.99480073258257,0.994921775069441,1.0,0.9936494530578835,0.9962592444485192,0.996623484109005
2,9,1.9158546754292078,0.5163709072731817,4001,2.1296243099939254,0.4257871064467766,667,2.127290770649529,0.4408,0.9958023315355499,0.08318451839999029,,,0.8725079654201813,,0.8725171803868125,0.12748281961318753,0.9902197229808596,0.0996392860447107,5,0.001,0.1,0.9762548903034594,0.98584225784566,0.9897116866938009,0.9922376035221157,0.992830864680513,0.9957876515028178,0.9959657679061458,0.9965918877807609,0.9936494530578835,1.0,0.9956795473236025,0.9930260145918545
2,10,1.9330388340793672,0.520442273077912,3889,2.1259377910977317,0.4506172839506173,648,2.127263859057198,0.441,0.9966276202689888,0.08329752048008864,,,0.892914529189728,,0.8929306695276481,0.1070693304723519,0.9903367050773412,0.09964484495816915,5,0.001,0.1,0.9763285324225631,0.9860085615910059,0.9898686846738555,0.9927170478924339,0.9949601841361408,0.9961536284991137,0.9970497151671027,0.9962330243783966,0.9962592444485192,0.9956795473236025,1.0,0.9961808889543593
2,11,1.953471351270916,0.5253495120021102,3791,2.1334794998168944,0.4129746835443038,632,2.1273273385751743,0.4407,0.995549750290341,0.08300820539045922,,,0.8406683508815362,,0.8406887619489469,0.15931123805105307,0.9901908184345467,0.09963415657110979,5,0.001,0.1,0.9751805344627548,0.9849841098181841,0.9891920776211632,0.9916021224486014,0.9947503682264756,0.9947899056659621,0.9939215252723234,0.9943259796342612,0.996623484109005,0.9930260145918545,0.9961808889543593,1.0
3,0,1.3929951890897194,0.6313123934745556,8214,2.034789437471434,0.547845142439737,1369,2.0378564771371908,0.5419,0.9907737110863504,0.08244803584491006,,,0.7,,0.7000125651211567,0.2999874348788433,0.9948098323218503,0.09960336173635376,5,0.001,0.1,1.0,0.99614274847371,0.9942566125046065,0.9916266565232527,0.9888073989642837,0.9874995142898049,0.9849844811886654,0.985880456353587,0.9839225388419776,0.9812975855362386,0.9813067432738501,0.9806135853137756
3,1,1.4897725075772665,0.6127776087617889,6574,2.041981158937727,0.531934306569343,1096,2.0371640718783053,0.5404,0.9962045558200349,0.0832271994878059,,,0.8785921791459186,,0.8786112641478432,0.12138873585215681,0.9950127754922404,0.09971440231856797,5,0.001,0.1,0.99614274847371,1.0,0.9975103541699145,0.9965876423412734,0.9946266500601801,0.9933989256780685,0.9921173913608262,0.9922801039630103,0.9911491022452639,0.9893597458091304,0.9891641242091013,0.9888809534651344
3,2,1.5469646109401851,0.6071243299325609,5783,2.035245014775184,0.5383817427385892,964,2.0371144789095506,0.5404,0.9978274116369982,0.0835124244860471,,,0.9439686304822092,,0.9439885560742696,0.05601144392573043,0.995049868082222,0.09972121468422193,5,0.001,0.1,0.9942566125046065,0.9975103541699145,1.0,0.997524153972625,0.9961488536271408,0.9953862257429329,0.9948414788331741,0.9951119225156175,0.993418384532125,0.9921441113796984,0.9923433564184747,0.9919023100102862
3,3,1.5991037442023495,0.6060147531681482,5287,2.0349182954856326,0.547105561861521,881,2.0371123403786853,0.5404,0.9988434385748339,0.08362599438939591,,,0.9699999997707899,,0.9700176878243976,0.029982312175602432,0.9950485700334157,0.09972201754938341,5,0.001,0.1,0.9916266565232527,0.9965876423412734,0.997524153972625,1.0,0.997615745871672,0.9970415234314708,0.9965455684453163,0.9965154660537073,0.9956389366429349,0.9947889678156746,0.994847895280049,0.9939672517946138
3,4,1.6388530157458399,0.6170618034447821,4935,2.035489559173584,0.5498783454987834,822,2.03711247634583,0.5404,0.9986970386218155,0.08361004670036108,,,0.9663446283182839,,0.9663593044722166,0.03364069552778337,0.9950485697969458,0.09972201698407471,5,0.001,0.1,0.9888073989642837,0.9946266500601801,0.9961488536271408,0.997615745871672,1.0,0.9974285870320905,0.9966220890591486,0.9962247372382407,0.9966828842104448,0.9945797049717503,0.9962629779254536,0.9959199037498361
3,5,1.6643852576817553,0.5879151489179344,4667,2.03634626865387,0.5282776349614395,778,2.0371138337321173,0.5404,0.9987777876097624,0.08358346103016448,,,0.9602509241038271,,0.9602700534500923,0.03972994654990769,0.9950495014076436,0.09972183493226493,5,0.001,0.1,0.9874995142898049,0.9933989256780685,0.9953862257429329,0.9970415234314708,0.9974285870320905,1.0,0.9976063810962147,0.9974002663213712,0.9968554775716493,0.9963245468283791,0.9967953603514553,0.9961354508123403
3,6,1.6804474809340069,0.5943408937794745,4453,2.0352535992860794,0.5485175202156334,742,2.0371181153641724,0.5404,0.9983828715090063,0.08353027158055847,,,0.9480593648603728,,0.9480818859280309,0.05191811407196911,0.9950477074355762,0.09972143540004634,5,0.001,0.1,0.9849844811886654,0.9921173913608262,0.9948414788331741,0.9965455684453163,0.9966220890591486,0.9976063810962147,1.0,0.9979370033491786,0.9961292356643108,0.9966385834117935,0.9975592673004332,0.9961389623118619
3,7,1.701544024962098,0.6027589431844751,4277,2.035511742467466,0.5553997194950911,713,2.037124999795859,0.5404,0.9983500628231761,0.08346545566706129,,,0.9332029026263647,,0.9332212137907038,0.06677878620929623,0.9950504123288976,0.09972005069790042,5,0.001,0.1,0.985880456353587,0.9922801039630103,0.9951119225156175,0.9965154660537073,0.9962247372382407,0.9974002663213712,0.9979370033491786,1.0,0.9957789549609531,0.9968107314138529,0.996769744483759,0.9960344417603292
3,8,1.7290605103052579,0.5861467667716154,4129,2.037275357679887,0.5348837209302325,688,2.037153770367558,0.5403,0.9976065862122991,0.0833281933392706,,,0.901740990281904,,0.9017649162486348,0.09823508375136525,0.9949892383569384,0.09971685762453224,5,0.001,0.1,0.9839225388419776,0.9911491022452639,0.993418384532125,0.9956389366429349,0.9966828842104448,0.9968554775716493,0.9961292356643108,0.9957789549609531,1.0,0.9943527261540891,0.9969151835085971,0.9969997890490783
3,9,1.7300282558751485,0.5815546113471632,4001,2.0396779037657238,0.527736131934033,667,2.037193573701877,0.5404,0.9967791012556945,0.0832280878381339,,,0.8787957980164477,,0.8788142391819139,0.12118576081808607,0.9950033372516335,0.09971440361939347,5,0.001,0.1,0.9812975855362386,0.9893597458091304,0.9921441113796984,0.9947889678156746,0.9945797049717503,0.9963245468283791,0.9966385834117935,0.9968107314138529,0.9943527261540891,1.0,0.9965959268857721,0.9950272078910868
3,10,1.7497575693443173,0.5868346618668038,3889,2.036767079716637,0.5524691358024691,648,2.0371537006701144,0.5403,0.9974334871638576,0.08331855407923978,,,0.8995315744936359,,0.8995515218294816,0.10044847817051838,0.9949892194167119,0.09971685118516908,5,0.001,0.1,0.9813067432738501,0.9891641242091013,0.9923433564184747,0.994847895280049,0.9962629779254536,0.9967953603514553,0.9975592673004332,0.996769744483759,0.9969151835085971,0.9965959268857721,1.0,0.9971815374695798
3,11,1.7756087531562612,0.5943550514376154,3791,2.0446106255054475,0.5126582278481012,632,2.037251022296211,0.5404,0.9968524094230395,0.08312227555705132,,,0.8545425541295719,,0.8545635553493587,0.14543644465064132,0.9950234781244683,0.09970938440035042,5,0.001,0.1,0.9806135853137756,0.9888809534651344,0.9919023100102862,0.9939672517946138,0.9959199037498361,0.9961354508123403,0.9961389623118619,0.9960344417603292,0.9969997890490783,0.9950272078910868,0.9971815374695798,1.0
4,0,1.2769651334109473,0.6528122717311906,8214,1.928105071533558,0.5865595325054784,1369,1.931171385624919,0.5791,0.9912329549376647,0.0825919352563369,,,0.97,,0.9700176878243976,0.029982312175602432,0.9959071771098499,0.09973790823533275,5,0.001,0.1,1.0,0.9957159075178287,0.9939640705029035,0.991865258925534,0.9890495358423264,0.9878718248158759,0.9856982085850657,0.9865652219256689,0.9851215212855478,0.9829802128341786,0.9829208623483245,0.9819639332162823
4,1,1.3547122366220048,0.6374201399452388,6574,1.935268463407244,0.5793795620437956,1096,1.9303010839242905,0.5792,0.9966773153567251,0.0832457767758084,,,0.97,,0.9700176878243976,0.029982312175602432,0.9970934085935305,0.09973790823533275,5,0.001,0.1,0.9957159075178287,1.0,0.9971560395365382,0.9966553116493567,0.9950577675465754,0.9938714373530941,0.992989972969257,0.9927748505361718,0.9925531635412441,0.9910394201088719,0.9908084697854747,0.9901593489233839
4,2,1.4004449451825896,0.6341345322496974,5783,1.9282428333836217,0.5860995850622407,964,1.9302405766404855,0.5791,0.9978851398862816,0.08345977185210549,,,0.97,,0.9700176878243976,0.029982312175602432,0.9971594713874852,0.09973790823533275,5,0.001,0.1,0.9939640705029035,0.9971560395365382,1.0,0.9971780632776533,0.996372535533335,0.9953622097546678,0.9950141710788194,0.9951094344205287,0.9941695739966953,0.9929833273001555,0.99323305489991,0.9926569247904089
4,3,1.4454818533127567,0.6375638358237186,5287,1.926522902079991,0.5891032917139614,881,1.9302370433990186,0.5791,0.9987581639830886,0.08355764083099962,,,0.97,,0.9700176878243976,0.029982312175602432,0.9971710745826237,0.09973790823533275,5,0.001,0.1,0.991865258925534,0.9966553116493567,0.9971780632776533,1.0,0.9976003775169588,0.9966803043168813,0.9965442865099116,0.9961929132089635,0.996273027393195,0.9947917962184487,0.995287925987248,0.9945463912169022
4,4,1.4823708008950756,0.6474569402228977,4935,1.926519751548767,0.5948905109489051,822,1.9302374067397925,0.5791,0.9987642004938141,0.08354805141285863,,,0.97,,0.9700176878243976,0.029982312175602432,0.9971710677570039,0.09973790823533275,5,0.001,0.1,0.9890495358423264,0.9950577675465754,0.996372535533335,0.9976003775169588,1.0,0.997166013383691,0.9969476140793857,0.9964420383403655,0.9968529176012667,0.995343478366042,0.996775431406001,0.99605244208223
4,5,1.5040681598937675,0.6245553889007928,4667,1.9313222360610962,0.5616966580976864,778,1.930239279049273,0.5791,0.9986185113564126,0.08352703594356087,,,0.97,,0.9700176878243976,0.029982312175602432,0.9971683468613043,0.09973790823533275,5,0.001,0.1,0.9878718248158759,0.9938714373530941,0.9953622097546678,0.9966803043168813,0.997166013383691,1.0,0.9976850098495555,0.9973932083743617,0.9966195360212311,0.996205296595536,0.9968796854586373,0.9961723675207702
4,6,1.5173839902877808,0.6233101280035931,4453,1.9291630337635677,0.5700808625336927,742,1.9302446602251584,0.5791,0.9984300629823967,0.08348831759467668,,,0.97,,0.9700176878243976,0.029982312175602432,0.9971629830673013,0.09973790823533275,5,0.001,0.1,0.9856982085850657,0.992989972969257,0.9950141710788194,0.9965442865099116,0.9969476140793857,0.9976850098495555,1.0,0.9976969658233008,0.9965518645634378,0.9966759878379395,0.9973369610272178,0.9964906073082905
4,7,1.533430549635816,0.629646948795885,4277,1.9277826495792554,0.5848527349228612,713,1.9302528681465612,0.5791,0.9983011201181411,0.08344438757989846,,,0.97,,0.9700176878243976,0.029982312175602432,0.9971469270353536,0.09973790823533275,5,0.001,0.1,0.9865652219256689,0.9927748505361718,0.9951094344205287,0.9961929132089635,0.9964420383403655,0.9973932083743617,0.9976969658233008,1.0,0.9963128700667876,0.9967483317017252,0.9966973233045091,0.9961686924544888
4,8,1.5637861551688268,0.627803342213611,4129,1.9319630048491738,0.5697674418604651,688,1.9302903638480189,0.5791,0.997899216281124,0.08334719555396022,,,0.97,,0.9700176878243976,0.029982312175602432,0.9971164999623678,0.09973790823533275,5,0.001,0.1,0.9851215212855478,0.9925531635412441,0.9941695739966953,0.996273027393195,0.9968529176012667,0.9966195360212311,0.9965518645634378,0.9963128700667876,1.0,0.994868296562729,0.9972118767346582,0.9967520454940133
4,9,1.564795707615595,0.6130467383154211,4001,1.9329949106488908,0.5712143928035982,667,1.9303385868620948,0.5793,0.9971089678637459,0.08326026025542989,,,0.97,,0.9700176878243976,0.029982312175602432,0.9970934308877787,0.09973790823533275,5,0.001,0.1,0.9829802128341786,0.9910394201088719,0.9929833273001555,0.9947917962184487,0.995343478366042,0.996205296595536,0.9966759878379395,0.9967483317017252,0.994868296562729,1.0,0.996796807059483,0.9953865889080652
4,10,1.5820432366894894,0.6245307276934945,3889,1.9307388748441423,0.5879629629629629,648,1.9302903086232681,0.5791,0.9977134397229713,0.0833352827105947,,,0.97,,0.9700176878243976,0.029982312175602432,0.9971162707923499,0.09973790823533275,5,0.001,0.1,0.9829208623483245,0.9908084697854747,0.99323305489991,0.995287925987248,0.996775431406001,0.9968796854586373,0.9973369610272178,0.9966973233045091,0.9972118767346582,0.996796807059483,1.0,0.9970953296840205
4,11,1.6090048623686077,0.6270113426536534,3791,1.9392340660095215,0.5522151898734177,632,1.930409645120176,0.5795,0.9970780830511695,0.08319434423377012,,,0.97,,0.9700176878243976,0.029982312175602432,0.9970472940762544,0.09973790823533275,5,0.001,0.1,0.9819639332162823,0.9901593489233839,0.9926569247904089,0.9945463912169022,0.99605244208223,0.9961723675207702,0.9964906073082905,0.9961686924544888,0.9967520454940133,0.9953865889080652,0.9970953296840205,1.0
5,0,1.1865006661600639,0.6636961285609935,8214,1.807220600372137,0.6092037983929875,1369,1.810138481493575,0.6063,0.9913091759717246,0.08268680889544118,,,0.97,,0.9700176878243976,0.029982312175602432,0.9983447285686593,0.09972482174384248,5,0.001,0.1,1.0,0.9953464102725966,0.9934549453671345,0.9913363368924409,0.9886936809369431,0.9877610020415338,0.985483784456061,0.9866291169443927,0.9852745605369634,0.9836647254266334,0.9831602564331537,0.9822712066554016
5,1,1.2482183793216075,0.6546090660176452,6574,1.8144548279898507,0.6140510948905109,1096,1.8091029858055967,0.6061,0.9965122394724174,0.08325599857720527,,,0.97,,0.9700176878243976,0.029982312175602432,0.9983447285686593,0.09972482174384248,5,0.001,0.1,0.9953464102725966,1.0,0.9965691329039088,0.9960998640685673,0.9946887026333862,0.9934931506005749,0.9924786089222953,0.9922038114215469,0.9924422419772878,0.9910338555439466,0.9907887396282629,0.9901114127418792
5,2,1.2842887367332838,0.6531558014871174,5783,1.806548664646764,0.6141078838174274,964,1.8090304220065523,0.6059,0.9977455711705548,0.08342712434101786,,,0.97,,0.9700176878243976,0.029982312175602432,0.9983447285686593,0.09972482174384248,5,0.001,0.1,0.9934549453671345,0.9965691329039088,1.0,0.9968836893906414,0.9958620693100334,0.9950464810565331,0.9945324563300735,0.9946725694607085,0.9940184611106497,0.9930324690633594,0.9931176902969148,0.9927896446984767
5,3,1.3241816150854868,0.656440325326272,5287,1.803292691707611,0.6072644721906924,881,1.8090254624430744,0.6059,0.9986243533590545,0.08351555072076032,,,0.97,,0.9700176878243976,0.029982312175602432,0.9983447285686593,0.09972482174384248,5,0.001,0.1,0.9913363368924409,0.9960998640685673,0.9968836893906414,1.0,0.9973059287313717,0.9964415419157793,0.9961294044938273,0.9958375496849357,0.9958334125021298,0.994904030081796,0.9952081850368697,0.9944856751109539
5,4,1.3543092644599177,0.6639108409321175,4935,1.8032553150103643,0.6253041362530414,822,1.8090260573469412,0.6059,0.9985709669883386,0.08350794307680931,,,0.97,,0.9700176878243976,0.029982312175602432,0.9983447285686593,0.09972482174384248,5,0.001,0.1,0.9886936809369431,0.9946887026333862,0.9958620693100334,0.9973059287313717,1.0,0.9967197136038889,0.9965190584740315,0.9959250745396729,0.9965980932918163,0.9951022294557449,0.996626755926475,0.9957629589068828
5,5,1.372640274158896,0.6478251553460467,4667,1.8122212934494017,0.596401028277635,778,1.8090285237985677,0.6059,0.9984617934014186,0.08349152337882687,,,0.97,,0.9700176878243976,0.029982312175602432,0.9983447285686593,0.09972482174384248,5,0.001,0.1,0.9877610020415338,0.9934931506005749,0.9950464810565331,0.9964415419157793,0.9967197136038889,1.0,0.9970858320477571,0.9968683870344616,0.9964515107532738,0.9960809169510323,0.9965867715696822,0.995956211485852
5,6,1.3833920394522803,0.6480574893330339,4453,1.808845539887746,0.601078167115903,742,1.8090350799286328,0.6058,0.9980870416156483,0.08345566574914841,,,0.97,,0.9700176878243976,0.029982312175602432,0.9983447285686593,0.09972482174384248,5,0.001,0.1,0.985483784456061,0.9924786089222953,0.9945324563300735,0.9961294044938273,0.9965190584740315,0.9970858320477571,1.0,0.9969833268138761,0.9960265463322042,0.9959139505549977,0.996861154485366,0.9959747061594905
5,7,1.3938157466810142,0.6533551554828151,4277,1.8056753718334695,0.603085553997195,713,1.8090458034326473,0.606,0.9980593868959524,0.08342781910020626,,,0.97,,0.9700176878243976,0.029982312175602432,0.9983447285686593,0.09972482174384248,5,0.001,0.1,0.9866291169443927,0.9922038114215469,0.9946725694607085,0.9958375496849357,0.9959250745396729,0.9968683870344616,0.9969833268138761,1.0,0.9958125315588803,0.996675428021214,0.9961736412236428,0.9958911292918974
5,8,1.425155555835137,0.6503269556793413,4129,1.8124852722341365,0.5886627906976745,688,1.8090923613252732,0.606,0.9977573650701411,0.08335843311693766,,,0.97,,0.9700176878243976,0.029982312175602432,0.9983447285686593,0.09972482174384248,5,0.001,0.1,0.9852745605369634,0.9924422419772878,0.9940184611106497,0.9958334125021298,0.9965980932918163,0.9964515107532738,0.9960265463322042,0.9958125315588803,1.0,0.9949829207130295,0.9966799600363127,0.9959317077769565
5,9,1.4199911906605676,0.6306923269182705,4001,1.811672227723258,0.6026986506746627,667,1.8091477513694154,0.6063,0.9971895528770931,0.08328675718871037,,,0.97,,0.9700176878243976,0.029982312175602432,0.9983447285686593,0.09972482174384248,5,0.001,0.1,0.9836647254266334,0.9910338555439466,0.9930324690633594,0.994904030081796,0.9951022294557449,0.9960809169510323,0.9959139505549977,0.996675428021214,0.9949829207130295,1.0,0.9965811651928262,0.9952813753344002
5,10,1.4388602672053166,0.6466958086911803,3889,1.8106159255618142,0.6141975308641975,648,1.8090923186689138,0.606,0.9976085574299526,0.08334631852361686,,,0.97,,0.9700176878243976,0.029982312175602432,0.9983447285686593,0.09972482174384248,5,0.001,0.1,0.9831602564331537,0.9907887396282629,0.9931176902969148,0.9952081850368697,0.996626755926475,0.9965867715696822,0.996861154485366,0.9961736412236428,0.9966799600363127,0.9965811651928262,1.0,0.9964697008434901
5,11,1.4665062637890087,0.6465312582432076,3791,1.8195589005947113,0.5822784810126582,632,1.80923153417179,0.6062,0.996995806456236,0.08324005733131955,,,0.97,,0.9700176878243976,0.029982312175602432,0.9983447285686593,0.09972482174384248,5,0.001,0.1,0.9822712066554016,0.9901114127418792,0.9927896446984767,0.9944856751109539,0.9957629589068828,0.995956211485852,0.9959747061594905,0.9958911292918974,0.9959317077769565,0.9952813753344002,0.9964697008434901,1.0
6,0,1.1132207566662058,0.6733382030679328,8214,1.6765596561653668,0.6318480642804967,1369,1.6790611286894581,0.6243,0.990914946399448,0.08274409626063203,,,0.97,,0.9700176878243976,0.029982312175602432,0.998627164436721,0.09968788254028409,5,0.001,0.1,1.0,0.9949043205146537,0.992675369333021,0.9904469509035295,0.9878482970949716,0.986868339913397,0.98469242878568,0.985814132700136,0.9851541260939838,0.9818532876241172,0.9821942845925091,0.9815201516468492
6,1,1.160664473691033,0.6665652570733192,6574,1.6838821479252406,0.6268248175182481,1096,1.6779100696880596,0.6253,0.9962309077210809,0.08326506723506592,,,0.97,,0.9700176878243976,0.029982312175602432,0.998627164436721,0.09968788254028409,5,0.001,0.1,0.9949043205146537,1.0,0.9961176656136236,0.9952348097633016,0.9941098078636205,0.9926526707494417,0.9918493857570455,0.9913605225766442,0.99232596577532,0.9892125055067524,0.9899621356016756,0.9897543347874521
6,2,1.1894493368449133,0.666712778834515,5783,1.6747802995866345,0.6338174273858921,964,1.6778305369063307,0.6252,0.997471389911093,0.08341014180238211,,,0.97,,0.9700176878243976,0.029982312175602432,0.998627164436721,0.09968788254028409,5,0.001,0.1,0.992675369333021,0.9961176656136236,1.0,0.9959603839915576,0.9952898777383014,0.9941088711523167,0.9941883474570021,0.9939664071134424,0.9940126028023076,0.9916179677407385,0.9922406679926453,0.9921099504376132
6,3,1.2240100378731646,0.6687346321165122,5287,1.6697368323802948,0.6288308740068105,881,1.6778246491861801,0.6251,0.9982648088086776,0.08349002940467065,,,0.97,,0.9700176878243976,0.029982312175602432,0.998627164436721,0.09968788254028409,5,0.001,0.1,0.9904469509035295,0.9952348097633016,0.9959603839915576,1.0,0.996971264458458,0.9958977644169843,0.9954512276590398,0.9947968045412771,0.995527065628008,0.9929160512516199,0.9946628485793146,0.9938840323000699
6,4,1.2488317598835115,0.6759473150962513,4935,1.6698982486358056,0.648418491484185,822,1.6778254025279524,0.6251,0.9983276208421391,0.08348738965677845,,,0.97,,0.9700176878243976,0.029982312175602432,0.998627164436721,0.09968788254028409,5,0.001,0.1,0.9878482970949716,0.9941098078636205,0.9952898777383014,0.996971264458458,1.0,0.9962831501470338,0.99610904849446,0.9952731524657736,0.9960599853388986,0.9934882205526782,0.9959729536796231,0.9950737143187116
6,5,1.264741259894959,0.6635954574673237,4667,1.6833543920516967,0.6079691516709511,778,1.6778281313923602,0.6251,0.9981689775157082,0.08347219005904119,,,0.97,,0.9700176878243976,0.029982312175602432,0.998627164436721,0.09968788254028409,5,0.001,0.1,0.986868339913397,0.9926526707494417,0.9941088711523167,0.9958977644169843,0.9962831501470338,1.0,0.9966971047621117,0.9962898985356746,0.9960054129579659,0.9939766289763065,0.9961031662588817,0.9956930833566318
6,6,1.2727732453175953,0.6653492027846396,4453,1.678335726261139,0.6226415094339622,742,1.6778352439593964,0.6251,0.9979831975622493,0.08344418602713696,,,0.97,,0.9700176878243976,0.029982312175602432,0.998627164436721,0.09968788254028409,5,0.001,0.1,0.98469242878568,0.9918493857570455,0.9941883474570021,0.9954512276590398,0.99610904849446,0.9966971047621117,1.0,0.9969109135370301,0.9956797542497787,0.9945661545715485,0.9962318096907408,0.995962562981435
6,7,1.277634479038751,0.6703296703296703,4277,1.6736481189727783,0.6297335203366059,713,1.6778484110634166,0.6252,0.9976726723242727,0.08341706898261918,,,0.97,,0.9700176878243976,0.029982312175602432,0.998627164436721,0.09968788254028409,5,0.001,0.1,0.985814132700136,0.9913605225766442,0.9939664071134424,0.9947968045412771,0.9952731524657736,0.9962898985356746,0.9969109135370301,1.0,0.9955992378399456,0.9941114641868701,0.9952786928440394,0.9952354257030672
6,8,1.307517343392739,0.6639864373940422,4129,1.6831047264012424,0.6002906976744186,688,1.6779003946925886,0.6253,0.9976781077785261,0.08337466613700105,,,0.97,,0.9700176878243976,0.029982312175602432,0.998627164436721,0.09968788254028409,5,0.001,0.1,0.9851541260939838,0.99232596577532,0.9940126028023076,0.995527065628008,0.9960599853388986,0.9960054129579659,0.9956797542497787,0.9955992378399456,1.0,0.9930692154279874,0.9958790114835407,0.9953872790850815
6,9,1.3089342446554275,0.6547363159210198,4001,1.6799727791831607,0.623688155922039,667,1.6779594242382354,0.6252,0.9958405267746497,0.08327133393363262,,,0.97,,0.9700176878243976,0.029982312175602432,0.998627164436721,0.09968788254028409,5,0.001,0.1,0.9818532876241172,0.9892125055067524,0.9916179677407385,0.9929160512516199,0.9934882205526782,0.9939766289763065,0.9945661545715485,0.9941114641868701,0.9930692154279874,1.0,0.9948177149979467,0.993084285325783
6,10,1.3189814783510614,0.660221136538956,3889,1.6806584369568598,0.6311728395061729,648,1.6779003550831122,0.6253,0.9972106861979707,0.08335213569567113,,,0.97,,0.9700176878243976,0.029982312175602432,0.998627164436721,0.09968788254028409,5,0.001,0.1,0.9821942845925091,0.9899621356016756,0.9922406679926453,0.9946628485793146,0.9959729536796231,0.9961031662588817,0.9962318096907408,0.9952786928440394,0.9958790114835407,0.9948177149979467,1.0,0.9957450650215274
