round,client_id,client_i_training_loss,client_i_training_accuracy,client_i_training_dataset_size,client_i_evaluation_loss,client_i_evaluation_accuracy,client_i_evaluation_dataset_size,client_i_central_evaluation_loss,client_i_central_evaluation_accuracy,client_i_cosine_similarity,client_i_importance_coefficient,client_i_tanh_val,tanh_normalization_value,client_i_q,client_i_mask_order,client_i_v_nonzero_fraction,client_i_v_sparsity,client_i_v_cosine_similarity,client_i_reward_gradient_norm,local_epochs,learning_rate,gamma,client_0_cosine_similarity,client_1_cosine_similarity,client_2_cosine_similarity,client_3_cosine_similarity,client_4_cosine_similarity,client_5_cosine_similarity,client_6_cosine_similarity,client_7_cosine_similarity,client_8_cosine_similarity,client_9_cosine_similarity,client_10_cosine_similarity,client_11_cosine_similarity
0,0,0.2770063979065604,0.9123204285366447,8214,2.2068083896193396,0.24616508400292184,1369,2.208361685847322,0.2405,0.7976146239953678,0.08460782970234021,,,0.9899999998969131,,0.9900005019828322,0.009999498017167818,0,0.39355508591489397,5,0.1,0.5,1.0,0.565949465813368,0.5685649694982221,0.5667277534008673,0.5533545151992257,0.5871797932230176,0.5782599162273626,0.5665317451068006,0.5500437358076876,0.5782334034310559,0.5786866721258377,0.5659216975651258
0,1,0.3057566255448585,0.9024946759963492,6574,2.209673295702253,0.2271897810218978,1096,2.20836095459545,0.2405,0.7958669228944971,0.08442244042703785,,,0.9708887940312811,,0.9709050750464334,0.02909492495356658,0,0.39355473369919275,5,0.1,0.5,0.565949465813368,1.0,0.5834648853495976,0.5842669302045134,0.5754067733437545,0.586893958913429,0.5928814985602432,0.593572624132516,0.5730759320513595,0.5703200987937888,0.5766357083635261,0.5940643016286403
0,2,0.31473963908460095,0.9016081618537092,5783,2.212172500548824,0.241701244813278,964,2.2083637920050574,0.2405,0.7901534254286787,0.0838163750339897,,,0.9084113908714282,,0.9084232719241002,0.09157672807589978,0,0.3935428333963507,5,0.1,0.5,0.5685649694982221,0.5834648853495976,1.0,0.5997858318173055,0.5886336647538324,0.5823244022688989,0.5886639500666014,0.5830857725173969,0.5518489642173267,0.5898376921145522,0.5828062414765418,0.583872120649326
0,3,0.3377825867889606,0.8910156988840552,5287,2.208933481148311,0.24290578887627695,881,2.2083647312066805,0.2405,0.7924253590809421,0.08405737284140556,,,0.9332551079806234,,0.9332714221173636,0.06672857788263642,0,0.3935505508004085,5,0.1,0.5,0.5667277534008673,0.5842669302045134,0.5997858318173055,1.0,0.579879915226339,0.5974025551666398,0.5911242442929043,0.6003749891201765,0.5729528166960582,0.5968503606671756,0.6020027516255324,0.5874853631363786
0,4,0.3310338819231237,0.897548125633232,4935,2.206149834852952,0.25547445255474455,822,2.2083776888375084,0.24,0.778626597078765,0.08259365431060027,,,0.7823649007346143,,0.7823753827619095,0.21762461723809046,0,0.3933235007297139,5,0.1,0.5,0.5533545151992257,0.5754067733437545,0.5886336647538324,0.579879915226339,1.0,0.5722403856536971,0.5849472730699556,0.592576027545619,0.5639955461509611,0.5921444736303003,0.5888865329275104,0.5911563761722262
0,5,0.35378841513589226,0.8908935076065996,4667,2.212209520339966,0.22879177377892032,778,2.208363760012788,0.2405,0.7907448151934725,0.08387910733979514,,,0.9148782698681682,,0.9148888108026706,0.0851111891973294,0,0.3935454031128562,5,0.1,0.5,0.5871797932230176,0.586893958913429,0.5823244022688989,0.5974025551666398,0.5722403856536971,1.0,0.5934967699722903,0.6035303925679164,0.5808483046137861,0.6112276201697301,0.6011059228576975,0.5909052698182802
0,6,0.3646566404309124,0.8869526162137884,4453,2.204875340064367,0.238544474393531,742,2.2083621634462007,0.2405,0.7859289182197553,0.08336825588502211,,,0.8622161765350875,,0.8622308117062396,0.1377691882937604,0,0.39350670598929743,5,0.1,0.5,0.5782599162273626,0.5928814985602432,0.5886639500666014,0.5911242442929043,0.5849472730699556,0.5934967699722903,1.0,0.5930704594685201,0.5825985958255104,0.5849318703870092,0.5932117794516546,0.5910904736332214
0,7,0.35592361570739034,0.8852934299742811,4277,2.2089501671169116,0.2314165497896213,713,2.2083625983887205,0.2407,0.7880958814776322,0.0835981188448752,,,0.8859120367161639,,0.8859294212137945,0.11407057878620552,0,0.39352958233612867,5,0.1,0.5,0.5665317451068006,0.593572624132516,0.5830857725173969,0.6003749891201765,0.592576027545619,0.6035303925679164,0.5930704594685201,1.0,0.5845037600906009,0.6215362428426627,0.6047049444423199,0.5820182668905368
0,8,0.40940864059671117,0.8733833858077016,4129,2.207699277184226,0.2369186046511628,688,2.209203816831302,0.2375,0.7619495051142425,0.08082461383113083,,,0.6,,0.6,0.4,0,0.39163937875591825,5,0.1,0.5,0.5500437358076876,0.5730759320513595,0.5518489642173267,0.5729528166960582,0.5639955461509611,0.5808483046137861,0.5825985958255104,0.5845037600906009,1.0,0.5801116185573949,0.5719113420888855,0.5844707260657198
0,9,0.4107543609178965,0.8738315421144713,4001,2.206346716199602,0.2608695652173913,667,2.208376614049601,0.2403,0.7853941612251301,0.08331153096126538,,,0.8563685799367455,,0.8563827117112595,0.14361728828874054,0,0.3934993213815486,5,0.1,0.5,0.5782334034310559,0.5703200987937888,0.5898376921145522,0.5968503606671756,0.5921444736303003,0.6112276201697301,0.5849318703870092,0.6215362428426627,0.5801116185573949,1.0,0.6026164290012672,0.593071105064607
0,10,0.39758290873504565,0.8722550784263307,3889,2.208780606587728,0.23765432098765432,648,2.2083573181408283,0.2405,0.7826287777549706,0.0830181899333227,,,0.8261289624361893,,0.82615330555695,0.17384669444305,0,0.39344850875061493,5,0.1,0.5,0.5786866721258377,0.5766357083635261,0.5828062414765418,0.6020027516255324,0.5888865329275104,0.6011059228576975,0.5932117794516546,0.6047049444423199,0.5719113420888855,0.6026164290012672,1.0,0.5968640991006723
0,11,0.3886269204287218,0.8765497230282248,3791,2.2084649324417116,0.23575949367088608,632,2.208397708380946,0.2399,0.7777673701486624,0.08250251088921508,,,0.7729692078794068,,0.7729782641433663,0.22702173585663366,0,0.39328673735664965,5,0.1,0.5,0.5659216975651258,0.5940643016286403,0.583872120649326,0.5874853631363786,0.5911563761722262,0.5909052698182802,0.5910904736332214,0.5820182668905368,0.5844707260657198,0.593071105064607,0.5968640991006723,1.0
1,0,0.24623224029520432,0.9229851473094717,8214,2.0472868015599803,0.4850255661066472,1369,2.0494503163682007,0.483,0.7959611403320889,0.08361010329439356,,,0.9438519494886544,,0.9438632598765122,0.056136740123487794,0.95840273206408,0.4060901595887449,5,0.1,0.5,1.0,0.6108213532483697,0.6121132305879763,0.6144064933264874,0.6174920615137157,0.6198910460908296,0.6097781180061912,0.6192643874166686,0.6133534258282897,0.6140774140740715,0.6112589167053741,0.6092105890488096
1,1,0.269874680599252,0.9139945238819592,6574,2.0499156747545513,0.4771897810218978,1096,2.049435993733878,0.4829,0.8041989882406999,0.0837741381507089,,,0.9740903867349762,,0.9741027056874655,0.025897294312534513,0.9584140569287671,0.40609271197605185,5,0.1,0.5,0.6108213532483697,1.0,0.6260112355546158,0.632477936174361,0.6282933290824119,0.6235343658644062,0.6176113144333745,0.6257682875107954,0.6133167733935481,0.607637842024395,0.6250620101141231,0.6222765417217065
1,2,0.27779154431959874,0.9150268026975619,5783,2.054163336753845,0.483402489626556,964,2.0494553513420275,0.4829,0.8124844476293089,0.0836617847560531,,,0.953378989474509,,0.9533908940314241,0.046609105968575926,0.9583982333730531,0.4060913797738354,5,0.1,0.5,0.6121132305879763,0.6260112355546158,1.0,0.6347886354074517,0.6300924902984014,0.6382872231901049,0.6317599038350923,0.6379284896013601,0.62671537741794,0.6257360494753406,0.6243946543341833,0.6287608213406476
1,3,0.3060417821440083,0.9069793833932287,5287,2.0481465799467906,0.47105561861521,881,2.049445687772367,0.4829,0.8119705254495097,0.08380319382312783,,,0.9794465539961608,,0.9794538426785804,0.020546157321419622,0.9584093469064024,0.4060928530492984,5,0.1,0.5,0.6144064933264874,0.632477936174361,0.6347886354074517,1.0,0.6285205124633393,0.6287747478687734,0.6315927794041872,0.6378115608172535,0.6262947835368492,0.6278267759651245,0.6173432348525425,0.630594335980477
1,4,0.29340542004113235,0.9113272543059777,4935,2.050307264694801,0.4854014598540146,822,2.0494940402789616,0.4824,0.8166002102580924,0.08299680518928063,,,0.8307956352313136,,0.8308117062396466,0.16918829376035338,0.9577529085898465,0.40598815499253804,5,0.1,0.5,0.6174920615137157,0.6282933290824119,0.6300924902984014,0.6285205124633393,1.0,0.6280309436879575,0.6365127127593874,0.6439771695173401,0.6473217114817986,0.6313766250798347,0.6337480684395296,0.6374957713699773
1,5,0.3046441017190785,0.9054638954360403,4667,2.055058898925781,0.461439588688946,778,2.0494510464774915,0.4829,0.8164219633298165,0.08384022052218236,,,0.9862721125448055,,0.9862858290246473,0.013714170975352657,0.958401961793735,0.4060929541264076,5,0.1,0.5,0.6198910460908296,0.6235343658644062,0.6382872231901049,0.6287747478687734,0.6280309436879575,1.0,0.6335120617704851,0.6373050987912372,0.6365820499623988,0.6324943924206399,0.636449148498305,0.6402381071956618
1,6,0.31265118649096363,0.9048282057040198,4453,2.0474998156229653,0.46900269541778977,742,2.0494865415195305,0.4829,0.814557780888526,0.08343772623675202,,,0.912075698042568,,0.91209778625571,0.08790221374428997,0.9582753540412775,0.40608084920810905,5,0.1,0.5,0.6097781180061912,0.6176113144333745,0.6317599038350923,0.6315927794041872,0.6365127127593874,0.6335120617704851,1.0,0.6486757513825334,0.6360170415141597,0.6257995165277047,0.6334238088451953,0.6346931574765425
1,7,0.30619066771564646,0.9055412672433949,4277,2.053283795066502,0.46984572230014027,713,2.049450891086469,0.4829,0.822342080076225,0.083860443242287,,,0.9899999998156584,,0.9900005019828322,0.009999498017167818,0.9583542672086417,0.40609297658784266,5,0.1,0.5,0.6192643874166686,0.6257682875107954,0.6379284896013601,0.6378115608172535,0.6439771695173401,0.6373050987912372,0.6486757513825334,1.0,0.6494203020862763,0.6440170390624397,0.6376640032728588,0.6325454032345705
1,8,0.3374544488409069,0.8962945023007992,4129,2.044271458279003,0.5130813953488372,688,2.0523356633445324,0.4744,0.8142211754607057,0.08174480500967536,,,0.6,,0.6,0.4,0.9538513222107823,0.4039241992777897,5,0.1,0.5,0.6133534258282897,0.6133167733935481,0.62671537741794,0.6262947835368492,0.6473217114817986,0.6365820499623988,0.6360170415141597,0.6494203020862763,1.0,0.6320829819128871,0.6252440059399551,0.641041382597892
1,9,0.348380261383182,0.895426143464134,4001,2.0460092340196883,0.487256371814093,667,2.049491079851461,0.483,0.8120012139285947,0.08331129963665092,,,0.888770024484542,,0.8887806837006175,0.11121931629938253,0.9582288219332988,0.4060673331339581,5,0.1,0.5,0.6140774140740715,0.607637842024395,0.6257360494753406,0.6278267759651245,0.6313766250798347,0.6324943924206399,0.6257995165277047,0.6440170390624397,0.6320829819128871,1.0,0.6354993748644042,0.6381984687164305
1,10,0.3503136434577039,0.8906659809719722,3889,2.052048751286098,0.49691358024691357,648,2.0494660546604435,0.4833,0.8112883722204718,0.08309261946099837,,,0.8484581851778278,,0.8484714622759901,0.15152853772400987,0.9580344744138399,0.4060212962179759,5,0.1,0.5,0.6112589167053741,0.6250620101141231,0.6243946543341833,0.6173432348525425,0.6337480684395296,0.636449148498305,0.6334238088451953,0.6376640032728588,0.6252440059399551,0.6354993748644042,1.0,0.6286197966333338
1,11,0.33137399169984233,0.896333421260881,3791,2.0504101634025576,0.5015822784810127,632,2.049548398572416,0.4821,0.8145964666083493,0.08286686067788977,,,0.8068414645052917,,0.8068570854876763,0.19314291451232368,0.957561539172592,0.40592963169984436,5,0.1,0.5,0.6092105890488096,0.6222765417217065,0.6287608213406476,0.630594335980477,0.6374957713699773,0.6402381071956618,0.6346931574765425,0.6325454032345705,0.641041382597892,0.6381984687164305,0.6286197966333338,1.0
2,0,0.22961226946924332,0.928609690771853,8214,1.851107813591181,0.7348429510591673,1369,1.854645152823232,0.7316,0.7988769552000091,0.08328360702993087,,,0.8997970829091644,,0.899804226695447,0.10019577330455298,0.9685079221351394,0.4028186200186883,5,0.1,0.5,1.0,0.6221244517412502,0.6177902666932459,0.6230277330338746,0.6178319269925331,0.6205766667115385,0.6145197270142408,0.6196526337367653,0.5455716890919637,0.6111011148594288,0.6184066729905263,0.6102661191108054
2,1,0.24494728989067296,0.9240949193793733,6574,1.8531708547047205,0.7235401459854015,1096,1.8546107165729657,0.7315,0.807702977865912,0.08370021135582198,,,0.9380461190695221,,0.9380603383364289,0.06193966166357112,0.9685510580300204,0.40283439161581264,5,0.1,0.5,0.6221244517412502,1.0,0.6354738115594014,0.6219048845271827,0.6279061241309556,0.6221614574640172,0.6220153112114393,0.6274820700057613,0.5546469948703676,0.6166353287345006,0.6300358852280291,0.6252706841095473
2,2,0.25460490371944455,0.9223932215113263,5783,1.8606850024192565,0.7178423236514523,964,1.8546341520528824,0.7315,0.8132499299434908,0.08381924262425614,,,0.9489745492551973,,0.9489834847648211,0.051016515235178916,0.9685557584405909,0.40283605532632105,5,0.1,0.5,0.6177902666932459,0.6354738115594014,1.0,0.6367783678563866,0.630290259295274,0.6327510485090561,0.6216579669382317,0.6417821949659215,0.5594413466640838,0.6266270620222756,0.6272057727202519,0.6298762999035542
2,3,0.27646978501797126,0.9153016833743144,5287,1.8516917100974493,0.7287173666288309,881,1.854618725685266,0.7315,0.8113914496403302,0.08384813646347065,,,0.9516273337613682,,0.9516490136037348,0.04835098639626523,0.9685566374141049,0.40283638216429923,5,0.1,0.5,0.6230277330338746,0.6219048845271827,0.6367783678563866,1.0,0.6289498557589978,0.6351777112199186,0.619381050641176,0.6392982352174963,0.5610132695158927,0.6284731039430861,0.6291232415843685,0.6179848045691602
2,4,0.2628494877848894,0.9188247213779128,4935,1.8582833042511573,0.732360097323601,822,1.854734378120008,0.7314,0.8129903828517995,0.08336944742419929,,,0.9076782116933386,,0.9076953968174288,0.09230460318257117,0.9682844469814718,0.40282348539294016,5,0.1,0.5,0.6178319269925331,0.6279061241309556,0.630290259295274,0.6289498557589978,1.0,0.6287292594140994,0.6276830874097391,0.6383146634723318,0.5641733338369185,0.6304485869108611,0.633598629555242,0.632436422668832
2,5,0.2753081285228876,0.9164345403899722,4667,1.8619587373733522,0.7313624678663239,778,1.8546293490230086,0.7315,0.8172591425832717,0.08407736384866227,,,0.9726730262812053,,0.9726871141006977,0.027312885899302253,0.9685596196212174,0.4028377919106953,5,0.1,0.5,0.6205766667115385,0.6221614574640172,0.6327510485090561,0.6351777112199186,0.6287292594140994,1.0,0.6244251394445122,0.6465596527255242,0.5742738592457559,0.6356924333656297,0.64279921848625,0.6348915785876954
2,6,0.2918246357375756,0.913496519200539,4453,1.8550752997398376,0.7237196765498652,742,1.8546982580861344,0.7316,0.8066539128919242,0.08344064597860382,,,0.9142150523182146,,0.9142261934641835,0.08577380653581645,0.9685011825424326,0.40282671008379445,5,0.1,0.5,0.6145197270142408,0.6220153112114393,0.6216579669382317,0.619381050641176,0.6276830874097391,0.6244251394445122,1.0,0.6365931486447883,0.5627505369536971,0.6185198651761794,0.6244168545934349,0.6252379230925791
2,7,0.2755735355332049,0.9145195230301614,4277,1.8613966858905295,0.7237026647966339,713,1.8546316482769414,0.7315,0.822284997211748,0.08426608735367659,,,0.9899999999081885,,0.9900005019828322,0.009999498017167818,0.968559762785412,0.4028380970213489,5,0.1,0.5,0.6196526337367653,0.6274820700057613,0.6417821949659215,0.6392982352174963,0.6383146634723318,0.6465596527255242,0.6365931486447883,1.0,0.5675512575173688,0.6455758280067283,0.6473323895074345,0.6362353744587904
2,8,0.3585409574755109,0.8975538871397433,4129,1.845637023448944,0.7718023255813954,688,1.8604451494095045,0.7238,0.7407105029197936,0.08001824993424178,,,0.6,,0.6,0.4,0.9638534734609794,0.4004925142448829,5,0.1,0.5,0.5455716890919637,0.5546469948703676,0.5594413466640838,0.5610132695158927,0.5641733338369185,0.5742738592457559,0.5627505369536971,0.5675512575173688,1.0,0.5569243288542447,0.5615120989165244,0.5617678652812459
2,9,0.3091597702620285,0.9091727068232942,4001,1.8497850724628992,0.7451274362818591,667,1.8546995065463618,0.7317,0.8101075715708934,0.08347732798490932,,,0.9175828795307928,,0.9175995180964811,0.0824004819035189,0.9684766344585977,0.40282819852691437,5,0.1,0.5,0.6111011148594288,0.6166353287345006,0.6266270620222756,0.6284731039430861,0.6304485869108611,0.6356924333656297,0.6185198651761794,0.6455758280067283,0.5569243288542447,1.0,0.635626020989138,0.6253226365042491
2,10,0.31106069687998195,0.9045512985343276,3889,1.8605238880429948,0.7314814814814815,648,1.8546694124849459,0.7321,0.81544073182763,0.08351842917782831,,,0.9213564385566853,,0.9213744289945284,0.07862557100547163,0.9683706717235696,0.4028296151884531,5,0.1,0.5,0.6184066729905263,0.6300358852280291,0.6272057727202519,0.6291232415843685,0.633598629555242,0.64279921848625,0.6244168545934349,0.6473323895074345,0.5615120989165244,0.635626020989138,1.0,0.6333897922421692
2,11,0.2979667138903081,0.909997362173569,3791,1.8575359106063842,0.7167721518987342,632,1.854828182119912,0.7315,0.8100643469087968,0.08318125082439903,,,0.8903996139840633,,0.8904121279052256,0.10958787209477439,0.9681288534453948,0.4028114977994055,5,0.1,0.5,0.6102661191108054,0.6252706841095473,0.6298762999035542,0.6179848045691602,0.632436422668832,0.6348915785876954,0.6252379230925791,0.6362353744587904,0.5617678652812459,0.6253226365042491,0.6333897922421692,1.0
3,0,0.21451547043760405,0.9335037740443146,8214,1.620019793510437,0.8772826880934989,1369,1.6247799354620254,0.8647,0.8011632562309667,0.08311320199993676,,,0.852189163349596,,0.8522062145474625,0.14779378545253752,0.9689126751413699,0.4032107292804276,5,0.1,0.5,1.0,0.621380655650742,0.6241970837411852,0.6121969728424296,0.6138386225880825,0.6244141360490846,0.6055620531817212,0.6171447934202825,0.594797476206748,0.6157003525769552,0.6120265567816843,0.6126150890581259
3,1,0.22433515025700615,0.9299969577121996,6574,1.6203533853803362,0.8713503649635036,1096,1.6247128164425444,0.8647,0.805246606889522,0.08353159501440101,,,0.8950534900651159,,0.8950755484162441,0.10492445158375585,0.9690256288785134,0.40326991838481463,5,0.1,0.5,0.621380655650742,1.0,0.6296069227415897,0.6181490805873602,0.6192756723556321,0.6243503586135961,0.6093925004324344,0.6268435256981462,0.6010310433861102,0.6098944973610926,0.6210846094785538,0.6105461596119178
3,2,0.23194438688745156,0.9289296213038215,5783,1.631730802597538,0.8506224066390041,964,1.624713566737434,0.8646,0.8108668156098375,0.0838064293489234,,,0.9232102429274824,,0.9232267456452989,0.07677325435470106,0.9690613490432864,0.403288252222347,5,0.1,0.5,0.6241970837411852,0.6296069227415897,1.0,0.6268346106979208,0.6236997278347449,0.6232688330259645,0.6161125940884496,0.6383343504413987,0.6023428753597855,0.6217159555815683,0.618102016804095,0.6210861435489777
3,3,0.2538879772906293,0.9228295819935691,5287,1.6201503787721907,0.8603859250851306,881,1.6247087351430338,0.8646,0.8046771275331026,0.0836097409165445,,,0.9030595307138745,,0.9030771547613071,0.09692284523869288,0.969043140762006,0.40327663560778504,5,0.1,0.5,0.6121969728424296,0.6181490805873602,0.6268346106979208,1.0,0.6130384836261343,0.625868686138249,0.6071811028186083,0.635789815048083,0.6053270000602947,0.623666478764186,0.6102006338850987,0.6071799241689713
3,4,0.23023392802585035,0.930982776089159,4935,1.6309902943097627,0.8698296836982968,822,1.6249107986974258,0.8643,0.8060273486874965,0.08333968133709202,,,0.8753919510791388,,0.8754078610511521,0.12459213894884791,0.9689701008639245,0.403248301869505,5,0.1,0.5,0.6138386225880825,0.6192756723556321,0.6236997278347449,0.6130384836261343,1.0,0.6222400123337307,0.6108707424261286,0.6322022403123209,0.6092128925008522,0.621652959232389,0.6130650213070855,0.6218888895413618
3,5,0.24828683731643714,0.9256053139061495,4667,1.6342598628997802,0.8534704370179949,778,1.624683057919097,0.8645,0.8160478413551735,0.08415809948705608,,,0.9592388169616666,,0.959249033683048,0.040750966316951964,0.9690726870904327,0.4032977266739703,5,0.1,0.5,0.6244141360490846,0.6243503586135961,0.6232688330259645,0.625868686138249,0.6222400123337307,1.0,0.6187748293742643,0.641863761586606,0.6180624595010289,0.6348931575506411,0.6276974665413035,0.6334393284044734
3,6,0.25315273563510604,0.9253087805973501,4453,1.6271528899669647,0.8598382749326146,742,1.624852186955583,0.8645,0.8003013837109584,0.08318719040803278,,,0.859769269106979,,0.8597761156568445,0.14022388434315547,0.9689446818212861,0.4032245509061052,5,0.1,0.5,0.6055620531817212,0.6093925004324344,0.6161125940884496,0.6071811028186083,0.6108707424261286,0.6187748293742643,1.0,0.6261805722176781,0.6052532214985291,0.6159524854684395,0.6161613663132277,0.6138367618462913
3,7,0.2417160515645658,0.928781856441431,4277,1.6354941285174827,0.8513323983169705,713,1.6246871026560141,0.8645,0.821072944867976,0.08445835531849483,,,0.98999999989755,,0.9900005019828322,0.009999498017167818,0.9690745529437864,0.4032993031715403,5,0.1,0.5,0.6171447934202825,0.6268435256981462,0.6383343504413987,0.635789815048083,0.6322022403123209,0.641863761586606,0.6261805722176781,1.0,0.6285795090512447,0.6314216376890338,0.6319386191502144,0.6326372362306144
3,8,0.2868413686018903,0.9135868248970695,4129,1.6117696545340798,0.8909883720930233,688,1.6340295179202533,0.8583,0.7926107765498536,0.08065161698614831,,,0.6,,0.6,0.4,0.9641711372932572,0.4007473715615122,5,0.1,0.5,0.594797476206748,0.6010310433861102,0.6023428753597855,0.6053270000602947,0.6092128925008522,0.6180624595010289,0.6052532214985291,0.6285795090512447,1.0,0.6103019995634051,0.6022883635228,0.6099902515533103
3,9,0.2859912769483575,0.9154211447138215,4001,1.619175258136931,0.8680659670164917,667,1.624821678137246,0.8643,0.8090892299585819,0.08351792056656908,,,0.8936525441141594,,0.8936649766577983,0.10633502334220168,0.9690092267575801,0.4032685914013937,5,0.1,0.5,0.6157003525769552,0.6098944973610926,0.6217159555815683,0.623666478764186,0.621652959232389,0.6348931575506411,0.6159524854684395,0.6314216376890338,0.6103019995634051,1.0,0.6211610359368922,0.6236775918225642
3,10,0.2816425800842584,0.9146824376446387,3889,1.6347441332680839,0.8595679012345679,648,1.624791602357127,0.8647,0.8050517929698984,0.08340436761843514,,,0.8820190547870106,,0.8820340344360222,0.11796596556397776,0.968995133824215,0.4032566190595426,5,0.1,0.5,0.6120265567816843,0.6210846094785538,0.618102016804095,0.6102006338850987,0.6130650213070855,0.6276974665413035,0.6161613663132277,0.6319386191502144,0.6022883635228,0.6211610359368922,1.0,0.6168299257230314
3,11,0.2638773642120366,0.9226061725138486,3791,1.6296055972576142,0.8449367088607594,632,1.6250506982254906,0.8644,0.8062224672190973,0.08322180099836617,,,0.8633151209749095,,0.8633251342804076,0.13667486571959242,0.9689273504029015,0.40323053283315285,5,0.1,0.5,0.6126150890581259,0.6105461596119178,0.6210861435489777,0.6071799241689713,0.6218888895413618,0.6334393284044734,0.6138367618462913,0.6326372362306144,0.6099902515533103,0.6236775918225642,0.6168299257230314,1.0
4,0,0.19918616590640917,0.9381300219138057,8214,1.377621007520099,0.9254930606281958,1369,1.3838367504052842,0.9169,0.7831281641146854,0.08307554849357988,,,0.897694222311979,,0.8977059384569048,0.10229406154309517,0.9694519493522563,0.3932968387327825,5,0.1,0.5,1.0,0.5977402586817362,0.5941192697472802,0.5904498589558869,0.5877207515800374,0.6022273200873445,0.5802989843202077,0.5954736230907482,0.46852839622894443,0.5926134372497568,0.5942361879167237,0.5861005971882088
4,1,0.20824518000494543,0.935442652874962,6574,1.3750807694026401,0.9315693430656934,1096,1.38372452342853,0.9167,0.7967606499199117,0.08383453275754002,,,0.9366650313494969,,0.9366849053762362,0.06331509462376383,0.9696115151034255,0.39332020379357213,5,0.1,0.5,0.5977402586817362,1.0,0.6135811171284847,0.6030852421638915,0.6091618321872457,0.6040549549976082,0.6036780284316904,0.6147655621789312,0.4792698665410961,0.5912346625836565,0.608363995930085,0.5911939339955867
4,2,0.21077185880331045,0.9373335638941726,5783,1.391372230745131,0.9076763485477178,964,1.3837510069338277,0.9167,0.8017262203392035,0.08419279938651568,,,0.9550605911065289,,0.9550825761758948,0.04491742382410524,0.9696572627047477,0.3933243964625147,5,0.1,0.5,0.5941192697472802,0.6135811171284847,1.0,0.6101943920416395,0.6109548744532989,0.611363989851454,0.6062546730711592,0.6186912005712181,0.48186142009000144,0.6109476295809168,0.6053769949919431,0.5982813220702186
4,3,0.22787196766500956,0.9311897106109325,5287,1.3776239028998785,0.9103291713961408,881,1.3837165954394843,0.9168,0.7937695890027506,0.08378156028215498,,,0.9339451064175839,,0.9339541187691381,0.06604588123086186,0.9696208331088854,0.39331926858208094,5,0.1,0.5,0.5904498589558869,0.6030852421638915,0.6101943920416395,1.0,0.599107306558813,0.608503659489129,0.5985993314080246,0.6056041402287452,0.479190833877297,0.6039569818777161,0.5986002129237993,0.5902780247447112
4,4,0.21183283318615248,0.9368996960486322,4935,1.3927605427228487,0.9221411192214112,822,1.383966970748414,0.9169,0.799720049948623,0.08381037406779032,,,0.9354245791694743,,0.935439987952412,0.06456001204758799,0.969562430293918,0.3933197673502907,5,0.1,0.5,0.5877207515800374,0.6091618321872457,0.6109548744532989,0.599107306558813,1.0,0.6064582829447346,0.6037902318301274,0.6212445856779546,0.48770354380509756,0.6035030411992723,0.6124502052323428,0.6030182857655948
4,5,0.22828123506719936,0.9314763231197771,4667,1.3961907720565796,0.9125964010282777,778,1.383719780193731,0.9169,0.8024778927099535,0.0844542139766655,,,0.9684831856926066,,0.9684955574519352,0.03150444254806484,0.9696759863249835,0.3933258515023973,5,0.1,0.5,0.6022273200873445,0.6040549549976082,0.611363989851454,0.608503659489129,0.6064582829447346,1.0,0.6075633978036985,0.6167044861248093,0.4800664728226285,0.6081092725694265,0.6111336510085105,0.6109367182036755
4,6,0.2387646016157565,0.9307433191107118,4453,1.3881721993287404,0.9016172506738545,742,1.3838758255346133,0.9168,0.7941331151018728,0.08351200340114721,,,0.920104437732713,,0.9201295115707043,0.07987048842929567,0.9695088617636514,0.39331337025501545,5,0.1,0.5,0.5802989843202077,0.6036780284316904,0.6062546730711592,0.5985993314080246,0.6037902318301274,0.6075633978036985,1.0,0.611876803203388,0.48163348299594655,0.6018440994969882,0.6044136185013672,0.5930847748182634
4,7,0.2232490187427446,0.9322422258592471,4277,1.397223156431447,0.9074333800841514,713,1.3837234844414952,0.9168,0.808688998944737,0.08487326926020275,,,0.989999999948654,,0.9900005019828322,0.009999498017167818,0.9696832187496842,0.3933266376395999,5,0.1,0.5,0.5954736230907482,0.6147655621789312,0.6186912005712181,0.6056041402287452,0.6212445856779546,0.6167044861248093,0.611876803203388,1.0,0.49132565091758745,0.6189400021981651,0.6195360938507171,0.6104725415313038
4,8,0.31694095232546365,0.9120852506660209,4129,1.3684867349537937,0.9316860465116279,688,1.3968911475647752,0.9121,0.6650358375435276,0.07727774147373788,,,0.6,,0.6,0.4,0.9643237858420326,0.3907420696765004,5,0.1,0.5,0.46852839622894443,0.4792698665410961,0.48186142009000144,0.479190833877297,0.48770354380509756,0.4800664728226285,0.48163348299594655,0.49132565091758745,1.0,0.483487716427063,0.48564537348617054,0.47564674535600593
4,9,0.25363086144059216,0.9279180204948763,4001,1.3777369544619607,0.9265367316341829,667,1.3838502023928463,0.9166,0.7983012878965207,0.08387957617197835,,,0.938977830686488,,0.9389890065759751,0.06101099342402494,0.9696120406712995,0.3933208385604806,5,0.1,0.5,0.5926134372497568,0.5912346625836565,0.6109476295809168,0.6039569818777161,0.6035030411992723,0.6081092725694265,0.6018440994969882,0.6189400021981651,0.483487716427063,1.0,0.609338106173852,0.6068200074780639
4,10,0.2533280263349536,0.9220365132424788,3889,1.3980576140539986,0.9027777777777778,648,1.3838204065450845,0.9168,0.8002341731299747,0.0838716768109903,,,0.9385722300657617,,0.9385874203102254,0.06141257968977465,0.9695860919781302,0.39332078521964114,5,0.1,0.5,0.5942361879167237,0.608363995930085,0.6053769949919431,0.5986002129237993,0.6124502052323428,0.6111336510085105,0.6044136185013672,0.6195360938507171,0.48564537348617054,0.609338106173852,1.0,0.6005187536910439
4,11,0.24451071165126412,0.9280928514903719,3791,1.3909839987754822,0.9066455696202531,632,1.3841226150433477,0.9166,0.7913343497060686,0.08343670391769707,,,0.9162381101558434,,0.9162592239345414,0.0837407760654586,0.9695155736442176,0.3933111482273897,5,0.1,0.5,0.5861005971882088,0.5911939339955867,0.5982813220702186,0.5902780247447112,0.6030182857655948,0.6109367182036755,0.5930847748182634,0.6104725415313038,0.47564674535600593,0.6068200074780639,0.6005187536910439,1.0
5,0,0.18707544061315431,0.9416605794984173,8214,1.134930779767591,0.9401022644265887,1369,1.1425489564292348,0.9335,0.7762145984566888,0.08328166827151971,,,0.913784691673137,,0.9137995080568244,0.08620049194317558,0.9664502374111708,0.38678023200363293,5,0.1,0.5,1.0,0.5812381655286135,0.5762003527663736,0.5796863607568525,0.5708935193984419,0.5859955201169845,0.5729583784025752,0.57904488543178,0.45470968012516694,0.5511188699109221,0.5758806350721547,0.5704279898908567
5,1,0.1921044267701591,0.9408275022817159,6574,1.129303731237139,0.9425182481751825,1096,1.1424244906955634,0.9335,0.7910693494709908,0.08431711237738919,,,0.9532185021814528,,0.9532302595251242,0.04676974047487581,0.9665377277740747,0.3867944447694317,5,0.1,0.5,0.5812381655286135,1.0,0.6043561987376946,0.5919235654764373,0.5977675510537982,0.5859508739386688,0.5853543405499813,0.5981996300771368,0.46462751931256135,0.5555573270050029,0.5903212126904442,0.5766430130451763
5,2,0.19527212183984274,0.9405498876015909,5783,1.1503677022072576,0.9284232365145229,964,1.1424460361559932,0.9336,0.7893070456264385,0.0844955406791242,,,0.9600137582460286,,0.9600371467295818,0.03996285327041815,0.9665519258354606,0.386795382413639,5,0.1,0.5,0.5762003527663736,0.6043561987376946,1.0,0.5922959790679609,0.5874517789550026,0.5864545157176916,0.5885110427221244,0.5965918828082122,0.4637236101852185,0.5576016951350037,0.5820667334658163,0.578654380029079
5,3,0.21391781467428228,0.9342160015131454,5287,1.136344660605703,0.9375709421112373,881,1.1424116429429465,0.9335,0.7842092840583346,0.08403888046486405,,,0.9426223295308107,,0.9426384217659756,0.057361578234024435,0.9665351647070812,0.38679240011937044,5,0.1,0.5,0.5796863607568525,0.5919235654764373,0.5922959790679609,1.0,0.5844040132322343,0.5832975202021539,0.5741409383053822,0.594979148815618,0.4637605685445201,0.5602944307838646,0.568667013076038,0.575429115288373
5,4,0.19641916366414197,0.9419250253292807,4935,1.1525988234923437,0.9367396593673966,822,1.1426968873499301,0.9336,0.7870121018117753,0.08415737658047312,,,0.9471351306973941,,0.947151247427338,0.05284875257266197,0.966534905556764,0.3867933752344964,5,0.1,0.5,0.5708935193984419,0.5977675510537982,0.5874517789550026,0.5844040132322343,1.0,0.5856735635784903,0.5784128362506521,0.6009327397868502,0.4726782528433756,0.5572756926010999,0.5759020609216475,0.5838090082433552
5,5,0.21064345626517722,0.9373044782515535,4667,1.1571404075622558,0.9267352185089974,778,1.1424173823179908,0.9337,0.7890531704939252,0.08466223495322481,,,0.9663621360874235,,0.9663771899001055,0.03362281009989454,0.9665607280583406,0.38679595086058943,5,0.1,0.5,0.5859955201169845,0.5859508739386688,0.5864545157176916,0.5832975202021539,0.5856735635784903,1.0,0.5787214425281102,0.594977965182647,0.4679623620250245,0.568638466391213,0.5886884740208093,0.5843296593935514
5,6,0.21195561980196673,0.9396811138558275,4453,1.149310365319252,0.931266846361186,742,1.1425788463495028,0.9336,0.7810010278851661,0.08374426228014713,,,0.9314021027676527,,0.931419105466593,0.06858089453340699,0.9665026694252595,0.38678910541003575,5,0.1,0.5,0.5729583784025752,0.5853543405499813,0.5885110427221244,0.5741409383053822,0.5784128362506521,0.5787214425281102,1.0,0.5936202765034224,0.4609812207480691,0.5526261088648935,0.5800060256373579,0.5750951106631085
5,7,0.20562166580165833,0.9379939209726443,4277,1.1583552619685298,0.9228611500701263,713,1.1424220518563122,0.9338,0.798639745030821,0.0852829126536217,,,0.989999999961916,,0.9900005019828322,0.009999498017167818,0.9665666637196605,0.3867966953045859,5,0.1,0.5,0.57904488543178,0.5981996300771368,0.5965918828082122,0.594979148815618,0.6009327397868502,0.594977965182647,0.5936202765034224,1.0,0.47936293182419154,0.5743427899110433,0.596781617592275,0.5891640529209174
5,8,0.32693618048340656,0.9111649309760232,4129,1.1251407238570126,0.9433139534883721,688,1.1584979775614632,0.9315,0.6534208389400752,0.07504238058116311,,,0.6,,0.6,0.4,0.9608015697662778,0.384102658381896,5,0.1,0.5,0.45470968012516694,0.46462751931256135,0.4637236101852185,0.4637605685445201,0.4726782528433756,0.4679623620250245,0.4609812207480691,0.47936293182419154,1.0,0.4537423304323166,0.46255338457785916,0.46030488792664165
5,9,0.25472403791187276,0.9273681579605099,4001,1.136235739503588,0.9355322338830585,667,1.1425700673280053,0.9336,0.7603099369304159,0.08325945172838815,,,0.9129385977632547,,0.9129511570704282,0.08704884292957182,0.9665212307305989,0.3867796095040134,5,0.1,0.5,0.5511188699109221,0.5555573270050029,0.5576016951350037,0.5602944307838646,0.5572756926010999,0.568638466391213,0.5526261088648935,0.5743427899110433,0.4537423304323166,1.0,0.5532685371138707,0.5626901067628228
5,10,0.23528911576102504,0.9282591925944973,3889,1.1607856409890311,0.9182098765432098,648,1.142525701667554,0.9336,0.7826117982701852,0.08404293829120216,,,0.9427768676212644,,0.9427940364439537,0.057205963556046346,0.9665372067521889,0.38679242094060723,5,0.1,0.5,0.5758806350721547,0.5903212126904442,0.5820667334658163,0.568667013076038,0.5759020609216475,0.5886884740208093,0.5800060256373579,0.596781617592275,0.46255338457785916,0.5532685371138707,1.0,0.5794338740841065
5,11,0.222957997366066,0.9342126088103403,3791,1.1514034390449523,0.9256329113924051,632,1.142864478853183,0.9336,0.780480260624916,0.08367524113888268,,,0.9287735044780285,,0.9287836955976105,0.07121630440238946,0.96649380358054,0.3867880907690355,5,0.1,0.5,0.5704279898908567,0.5766430130451763,0.578654380029079,0.575429115288373,0.5838090082433552,0.5843296593935514,0.5750951106631085,0.5891640529209174,0.46030488792664165,0.5626901067628228,0.5794338740841065,1.0
6,0,0.17612207131387833,0.9453372291210129,8214,0.9085737466812134,0.9452154857560263,1369,0.9176540671826933,0.9427,0.7677572108565063,0.08374834105756891,,,0.9061923312014852,,0.906209527634155,0.09379047236584503,0.9636287105333543,0.37763887061213386,5,0.1,0.5,1.0,0.5688057304787314,0.5622559212321812,0.5538482932349174,0.5534058920247782,0.5707700668382487,0.5444206794570646,0.5501623947000245,0.5371131132449483,0.4116508045330906,0.5498266156737968,0.5546156726285618
6,1,0.18165495764210965,0.9432309096440523,6574,0.9006646513938904,0.9516423357664233,1096,0.9175356717917104,0.9427,0.7750233550613266,0.08470835840472571,,,0.9542779351936269,,0.9542894433010392,0.04571055669896085,0.9637056199243801,0.37765591993489056,5,0.1,0.5,0.5688057304787314,1.0,0.5793998852724347,0.5679227266671666,0.560728045269361,0.5649713502389399,0.5449136007300319,0.5706824545731842,0.5458628729878906,0.40394021976340266,0.5594197758117286,0.5507068957527476
6,2,0.18149275948005364,0.9454608334774338,5783,0.9257502209755682,0.9408713692946058,964,0.9175597916776761,0.9427,0.778847787085653,0.08496545638284772,,,0.9671555270410752,,0.9671703227749611,0.032829677225038933,0.9637108193088347,0.3776570165926747,5,0.1,0.5,0.5622559212321812,0.5793998852724347,1.0,0.5785106868008142,0.5649933896940504,0.5672666404784487,0.551035804839642,0.5697069518267882,0.5494814142155268,0.4209783931879497,0.5551279234922618,0.5525839307007073
6,3,0.1995807231056044,0.9401550974087384,5287,0.9120626960481916,0.9443813847900113,881,0.917522887642772,0.9427,0.7708712198304114,0.08437200709960035,,,0.9374306816430551,,0.9374479192811606,0.06255208071883944,0.9636912984130483,0.377652921408357,5,0.1,0.5,0.5538482932349174,0.5679227266671666,0.5785106868008142,1.0,0.5532541149499278,0.5703070554982231,0.5445001089300676,0.560034693616276,0.5412228053550767,0.41778338576945406,0.5523159211027228,0.5413548752192814
6,4,0.18332315266793292,0.9452887537993921,4935,0.9276490142712226,0.9464720194647201,822,0.917815691937273,0.9426,0.7664918031155223,0.08429617415624721,,,0.9336323410251098,,0.933647909241504,0.06635209075849602,0.963692094318112,0.3776519211187376,5,0.1,0.5,0.5534058920247782,0.560728045269361,0.5649933896940504,0.5532541149499278,1.0,0.5659350597414692,0.5368240739990987,0.5534078409395612,0.5494521776141252,0.40372862467439014,0.5476680281935775,0.552663349635972
6,5,0.19365406518878595,0.9421469895007499,4667,0.9344600319862366,0.9357326478149101,778,0.917532481895849,0.9427,0.7828310167400074,0.08522026835476773,,,0.9799186168024119,,0.9799257065408363,0.020074293459163672,0.9637159920861027,0.37765750636153844,5,0.1,0.5,0.5707700668382487,0.5649713502389399,0.5672666404784487,0.5703070554982231,0.5659350597414692,1.0,0.5557043368767842,0.5719370309239459,0.5576903192669562,0.42377062731134324,0.5670845602829234,0.5719399119633718
6,6,0.19877254703281713,0.9429598023804177,4453,0.927243580420812,0.9407008086253369,742,0.9177021970764135,0.9427,0.7539041652341999,0.08356788922714184,,,0.8971538119671487,,0.8971688168264645,0.10283118317353546,0.9636255029569742,0.37763188819393106,5,0.1,0.5,0.5444206794570646,0.5449136007300319,0.551035804839642,0.5445001089300676,0.5368240739990987,0.5557043368767842,1.0,0.5514843337843924,0.535380780556293,0.39242554894254134,0.5376806770433156,0.5352994849052253
6,7,0.19047025712137458,0.9422024783726911,4277,0.9341843724250793,0.9396914446002805,713,0.9175377526222327,0.9427,0.7766861562128414,0.08542154070868296,,,0.9899999999499117,,0.9900005019828322,0.009999498017167818,0.9637180083690559,0.37765762645780715,5,0.1,0.5,0.5501623947000245,0.5706824545731842,0.5697069518267882,0.560034693616276,0.5534078409395612,0.5719370309239459,0.5514843337843924,1.0,0.563387193389219,0.42053474048730277,0.5631100906820354,0.554830665916612
6,8,0.22440998817937305,0.9334463550496488,4129,0.8990944786505266,0.9593023255813954,688,0.9351866071978316,0.9413,0.7527618266980244,0.07763528589935892,,,0.6,,0.6,0.4,0.9577530310980096,0.37503709250064077,5,0.1,0.5,0.5371131132449483,0.5458628729878906,0.5494814142155268,0.5412228053550767,0.5494521776141252,0.5576903192669562,0.535380780556293,0.563387193389219,1.0,0.40169661158329806,0.5391790187307345,0.5469124537325278
6,9,0.29456567274196205,0.92191952011997,4001,0.9130859375,0.9370314842578711,667,0.9192489886436218,0.9425,0.6080511088921826,0.078042021480404,,,0.6203726798662242,,0.6203905426434416,0.3796094573565584,0.9580778346318931,0.3754741710220464,5,0.1,0.5,0.4116508045330906,0.40394021976340266,0.4209783931879497,0.41778338576945406,0.40372862467439014,0.42377062731134324,0.39242554894254134,0.42053474048730277,0.40169661158329806,1.0,0.4049419354232663,0.4090727535324208
6,10,0.2221279117889458,0.9322705065569555,3889,0.9380100057238624,0.9305555555555556,648,0.917639752165578,0.9427,0.7646873965283796,0.0841543882254555,,,0.9265305296464932,,0.9265498719943778,0.07345012800562223,0.9636775571491062,0.3776496025655774,5,0.1,0.5,0.5498266156737968,0.5594197758117286,0.5551279234922618,0.5523159211027228,0.5476680281935775,0.5670845602829234,0.5376806770433156,0.5631100906820354,0.5391790187307345,0.4049419354232663,1.0,0.5488762267465789
