round,client_id,client_i_training_loss,client_i_training_accuracy,client_i_training_dataset_size,client_i_evaluation_loss,client_i_evaluation_accuracy,client_i_evaluation_dataset_size,client_i_central_evaluation_loss,client_i_central_evaluation_accuracy,client_i_cosine_similarity,client_i_importance_coefficient,client_i_tanh_val,tanh_normalization_value,client_i_q,client_i_mask_order,client_i_v_nonzero_fraction,client_i_v_sparsity,client_i_v_cosine_similarity,client_i_reward_gradient_norm,local_epochs,learning_rate,gamma,client_0_cosine_similarity,client_1_cosine_similarity,client_2_cosine_similarity,client_3_cosine_similarity,client_4_cosine_similarity,client_5_cosine_similarity,client_6_cosine_similarity,client_7_cosine_similarity,client_8_cosine_similarity,client_9_cosine_similarity,client_10_cosine_similarity,client_11_cosine_similarity
0,0,2.2070373669672567,0.361017774531288,8214,2.271690230036891,0.1570489408327246,1369,2.271740988039742,0.1508,0.9682783211883155,0.08177064690312381,,,0.75,,0.7500024163694532,0.2499975836305468,0,0.09858200821269852,5,0.001,0.1,1.0,0.9830779254275295,0.9744684380249107,0.9615406004051072,0.9543092983989845,0.94544608935929,0.942228993761749,0.9367896027178458,0.927625703133415,0.9194511152954652,0.9261898972787662,0.9123969247044258
0,1,2.2354184870581024,0.2993611195619106,6574,2.270716721670968,0.14324817518248176,1096,2.271722627523989,0.1512,0.9879805718287387,0.08343449266426584,,,0.9342291852339999,,0.9342409216999642,0.0657590783000358,0,0.09861078027864963,5,0.001,0.1,0.9830779254275295,1.0,0.9883608870780431,0.9837237711430381,0.973530968844552,0.9652549407562796,0.9716715212897513,0.9684285424126563,0.9580082269929192,0.95443371779633,0.9593642953698426,0.9513529681391973
0,2,2.2452366665581973,0.2624243472246239,5783,2.273266407751268,0.13900414937759337,964,2.271722409671869,0.1512,0.9931917029559616,0.0838745702267244,,,0.9829567371892112,,0.9829742608325842,0.017025739167415788,0,0.098611134114336,5,0.001,0.1,0.9744684380249107,0.9883608870780431,1.0,0.9867148710029047,0.9843396390827195,0.978051257165672,0.9797103850971257,0.977983071563387,0.9684383953341302,0.9695845603304994,0.9719481914324225,0.9592901458318176
0,3,2.253701820718237,0.27039909211272933,5287,2.270765253475734,0.1543700340522134,881,2.2717223852968065,0.1512,0.9950143817732224,0.08402849459198451,,,0.999999999889275,,1.0,0.0,0,0.09861113992762215,5,0.001,0.1,0.9615406004051072,0.9837237711430381,0.9867148710029047,1.0,0.9869669390892257,0.9851311303348698,0.9853412827617019,0.9819109112508273,0.9810193148745339,0.9756674879356145,0.9814868761590976,0.9724379523743866
0,4,2.25787895571801,0.2734346504559271,4935,2.272749735758855,0.14720194647201945,822,2.271722413480472,0.1512,0.9934251877950754,0.08389428791111185,,,0.9851399761733992,,0.9851538260793923,0.01484617392060772,0,0.0986111354145751,5,0.001,0.1,0.9543092983989845,0.973530968844552,0.9843396390827195,0.9869669390892257,1.0,0.991659818332388,0.983324787491021,0.9769028037292921,0.9836692323966917,0.9780748608663191,0.9825459527458529,0.9792802759994071
0,5,2.261628042508478,0.26573816155988855,4667,2.2689159297943116,0.17609254498714652,778,2.2717224355703727,0.1512,0.9907687748973889,0.08366995509653531,,,0.9603007437061308,,0.9603232135780633,0.03967678642193673,0,0.09861106711989989,5,0.001,0.1,0.94544608935929,0.9652549407562796,0.978051257165672,0.9851311303348698,0.991659818332388,1.0,0.983231648692041,0.9786317583200222,0.9833328166431933,0.9836383374549121,0.9836968695503164,0.9755921586166751
0,6,2.2628386575835093,0.22470244778800808,4453,2.2700975139935813,0.15902964959568733,742,2.271722440140697,0.1512,0.9913606981275397,0.08371994273375413,,,0.9658356207311956,,0.965856699625946,0.034143300374054,0,0.09861109440322298,5,0.001,0.1,0.942228993761749,0.9716715212897513,0.9797103850971257,0.9853412827617019,0.983324787491021,0.983231648692041,1.0,0.9844910216314727,0.9819686774782621,0.9835078556567338,0.9905122205723688,0.9776682259234851
0,7,2.2653654525529094,0.19873743277998598,4277,2.2696788725645645,0.16830294530154277,713,2.271722619906782,0.1512,0.9878197896099253,0.08342091468182505,,,0.9327257642435411,,0.9327427726389654,0.06725722736103457,0,0.09861076227813571,5,0.001,0.1,0.9367896027178458,0.9684285424126563,0.977983071563387,0.9819109112508273,0.9769028037292921,0.9786317583200222,0.9844910216314727,1.0,0.9747568645947956,0.9838200067509172,0.9844913266477584,0.9756776650466726
0,8,2.2659403012349055,0.21220634536207314,4129,2.273926756598733,0.14680232558139536,688,2.2717232970764845,0.1512,0.9850644806183154,0.08318823013882565,,,0.9069617873326625,,0.9069842742675984,0.09301572573240158,0,0.09861002970981952,5,0.001,0.1,0.927625703133415,0.9580082269929192,0.9684383953341302,0.9810193148745339,0.9836692323966917,0.9833328166431933,0.9819686774782621,0.9747568645947956,1.0,0.9724041462524017,0.9844229080781627,0.9878750823777626
0,9,2.2684158291135517,0.23064233941514622,4001,2.273834682646252,0.14392803598200898,667,2.271724006238456,0.1512,0.9823426197883979,0.08295837027728348,,,0.8815105730441168,,0.8815302384473377,0.11846976155266231,0,0.09860863764012084,5,0.001,0.1,0.9194511152954652,0.95443371779633,0.9695845603304994,0.9756674879356145,0.9780748608663191,0.9836383374549121,0.9835078556567338,0.9838200067509172,0.9724041462524017,1.0,0.9856348221130588,0.9695824747989716
0,10,2.2680748325879456,0.19953715608125483,3889,2.2704133419763473,0.15123456790123457,648,2.271722665610024,0.1512,0.9871925723522083,0.08336794648064774,,,0.9268608645189964,,0.9268758276065377,0.07312417239346225,0,0.0986106496509604,5,0.001,0.1,0.9261898972787662,0.9593642953698426,0.9719481914324225,0.9814868761590976,0.9825459527458529,0.9836968695503164,0.9905122205723688,0.9844913266477584,0.9844229080781627,0.9856348221130588,1.0,0.9828606083770751
0,11,2.27150778449884,0.17652334476391454,3791,2.277312862873077,0.125,632,2.2717250817880843,0.1512,0.9789533529544393,0.08267214829391822,,,0.8498186674463003,,0.8498371366988527,0.15016286330114725,0,0.09860592967495138,5,0.001,0.1,0.9123969247044258,0.9513529681391973,0.9592901458318176,0.9724379523743866,0.9792802759994071,0.9755921586166751,0.9776682259234851,0.9756776650466726,0.9878750823777626,0.9695824747989716,0.9828606083770751,1.0
1,0,2.060467562137411,0.4623082542001461,8214,2.2298120731531186,0.32432432432432434,1369,2.2299770044442564,0.3368,0.973992485971886,0.08178000276883451,,,0.75,,0.7500024163694532,0.2499975836305468,0.9426714655998448,0.09919011731082268,5,0.001,0.1,1.0,0.9916050136315143,0.9835978281612368,0.976487274637432,0.9717314809515136,0.9658645301304646,0.9624827317282083,0.9569763628381804,0.9503415199757523,0.9479114132757158,0.9488375076970897,0.9428048543045268
1,1,2.1321827900062487,0.4319135990264679,6574,2.228569841384888,0.333029197080292,1096,2.229920340803104,0.3368,0.9904915326376902,0.08333663944186971,,,0.931669674530915,,0.9316892355573598,0.06831076444264017,0.9432105534180876,0.09923421722552388,5,0.001,0.1,0.9916050136315143,1.0,0.9949894646223336,0.9915073915880824,0.9876854572145044,0.9825149487390243,0.9827372535390286,0.9789477520461548,0.9721545949735958,0.9718681435823806,0.9731019435110184,0.9676775491110639
1,2,2.1572238387323877,0.38979768286356564,5783,2.231863006468742,0.3454356846473029,964,2.2299197771297856,0.3369,0.9952752439541873,0.08376194347538181,,,0.9813054351957167,,0.9813214641265791,0.018678535873420943,0.9432095540283211,0.09923530007205392,5,0.001,0.1,0.9835978281612368,0.9949894646223336,1.0,0.9944874988752815,0.9927711475625016,0.9891578873728543,0.9896566932668505,0.9866255927809701,0.980195589625738,0.9817169697769982,0.982039734576846,0.9763372757229247
1,3,2.1766630435564434,0.4040854927179875,5287,2.2290299023900713,0.36435868331441545,881,2.2299198571104593,0.3369,0.9973016177598752,0.08392212785978306,,,0.9999999998832935,,1.0,0.0,0.9432078126733037,0.09923531031490194,5,0.001,0.1,0.976487274637432,0.9915073915880824,0.9944874988752815,1.0,0.9940722556498504,0.9919499422103156,0.9929873526845008,0.9905907873642482,0.9872254865376492,0.9852639662886988,0.9879783878994765,0.9830559694043093
1,4,2.1858250719501124,0.414387031408308,4935,2.2298063589976382,0.3309002433090024,822,2.229919796934524,0.3369,0.997473792675456,0.08384519721750029,,,0.9910216910800489,,0.9910352693285392,0.008964730671460752,0.9432093907408636,0.09923530923493859,5,0.001,0.1,0.9717314809515136,0.9876854572145044,0.9927711475625016,0.9940722556498504,1.0,0.9949873125539932,0.9917237573200179,0.9894458926078199,0.9898853523197159,0.987902844588982,0.9900399525057252,0.9873921611821239
1,5,2.1936088584873774,0.3884722519820013,4667,2.2272459125518798,0.35218508997429304,778,2.2299197100983643,0.3368,0.9964393331062672,0.08367382319776508,,,0.9710212228091544,,0.9710373957336581,0.028962604266341896,0.943211659164656,0.09923525683697147,5,0.001,0.1,0.9658645301304646,0.9825149487390243,0.9891578873728543,0.9919499422103156,0.9949873125539932,1.0,0.9924606593373642,0.990722799807679,0.988936979224583,0.9916504770663348,0.9913313512514966,0.9856894651137028
1,6,2.196031224727631,0.3717493824388053,4453,2.229368180036545,0.33423180592991913,742,2.229919703242878,0.3368,0.9961137352846416,0.0836940177301401,,,0.9733780567367019,,0.9733957723200046,0.026604227679995374,0.9432125836538265,0.09923528025262482,5,0.001,0.1,0.9624827317282083,0.9827372535390286,0.9896566932668505,0.9929873526845008,0.9917237573200179,0.9924606593373642,1.0,0.9931298631945296,0.987472052223936,0.9888221417503629,0.9929123699298188,0.986937485293234
1,7,2.202846009695708,0.39354687865326166,4277,2.226568201313848,0.35624123422159887,713,2.229920039923427,0.3368,0.9945699625323722,0.0834602475950396,,,0.9460955539572016,,0.9461246266709195,0.053875373329080545,0.9432126651377936,0.09923500451798714,5,0.001,0.1,0.9569763628381804,0.9789477520461548,0.9866255927809701,0.9905907873642482,0.9894458926078199,0.990722799807679,0.9931298631945296,1.0,0.9864489938401133,0.9910724225905932,0.9909565852691705,0.9880275284202727
1,8,2.2055993932944076,0.3855170743521434,4129,2.2331338795748623,0.32558139534883723,688,2.229921030922058,0.3368,0.9917930079602968,0.0832273621850257,,,0.9189163043782169,,0.9189404703221504,0.08105952967784957,0.9432249545975765,0.09923374019727119,5,0.001,0.1,0.9503415199757523,0.9721545949735958,0.980195589625738,0.9872254865376492,0.9898853523197159,0.988936979224583,0.987472052223936,0.9864489938401133,1.0,0.9829655974217544,0.9904294388387458,0.993852303778991
1,9,2.209313494061667,0.3844538865283679,4001,2.2324409371330622,0.33883058470764615,667,2.229923064716327,0.3368,0.9911540493791228,0.083065386689042,,,0.9000127052615602,,0.9000396284590328,0.09996037154096715,0.9431901413056046,0.09923252183965793,5,0.001,0.1,0.9479114132757158,0.9718681435823806,0.9817169697769982,0.9852639662886988,0.987902844588982,0.9916504770663348,0.9888221417503629,0.9910724225905932,0.9829655974217544,1.0,0.9904998344156999,0.9825349111908063
1,10,2.208752483227214,0.3622525070712265,3889,2.228869142986479,0.35030864197530864,648,2.229920487815199,0.3368,0.9934094042180792,0.08339013718316383,,,0.9379132106221546,,0.9379379669633968,0.06206203303660318,0.9432052460200693,0.09923486832768778,5,0.001,0.1,0.9488375076970897,0.9731019435110184,0.982039734576846,0.9879783878994765,0.9900399525057252,0.9913313512514966,0.9929123699298188,0.9909565852691705,0.9904294388387458,0.9904998344156999,1.0,0.9909310140150354
1,11,2.2149530022084214,0.3688208915853337,3791,2.2368800163269045,0.2848101265822785,632,2.22992745298928,0.3369,0.9897223416469368,0.08284311465645423,,,0.8740721062014026,,0.8740781550535951,0.1259218449464049,0.9431302523299232,0.09922847395211622,5,0.001,0.1,0.9428048543045268,0.9676775491110639,0.9763372757229247,0.9830559694043093,0.9873921611821239,0.9856894651137028,0.986937485293234,0.9880275284202727,0.993852303778991,0.9825349111908063,0.9909310140150354,1.0
2,0,1.8606456667996567,0.534672510348186,8214,2.178121794101804,0.4550766983199416,1369,2.1783424040760857,0.4611,0.9831097937036584,0.08199007337598324,,,0.75,,0.7500024163694532,0.2499975836305468,0.9762656655101374,0.09946117805702623,5,0.001,0.1,1.0,0.9945233768629544,0.9886499483264338,0.9850836332130027,0.9807839963820623,0.9780617223840716,0.9746915742201393,0.9725613476983285,0.9687861838145786,0.9676183305639049,0.9662282382362222,0.9637171626392814
2,1,1.9727038905458543,0.501886218436264,6574,2.1764397757393974,0.4635036496350365,1096,2.178214920214571,0.4617,0.9934805058975978,0.08328109914254132,,,0.9292015311982833,,0.9292148732372585,0.07078512676274151,0.9766464847810066,0.09951540364497405,5,0.001,0.1,0.9945233768629544,1.0,0.9960990768469135,0.994416836005794,0.9913552844266762,0.9885672022158036,0.9881119109179576,0.9860746903948922,0.9822715953366299,0.9815831669077729,0.9817298169776604,0.9795735975363268
2,2,2.0197299845310863,0.4605568044267681,5783,2.1805743555868826,0.47925311203319504,964,2.1782102622924904,0.4618,0.9971379498868006,0.08366046224232233,,,0.9818592318591521,,0.9818772291008206,0.018122770899179352,0.9766941386624901,0.09951852280234283,5,0.001,0.1,0.9886499483264338,0.9960990768469135,1.0,0.9965455059833496,0.9955455531867088,0.9936295038457702,0.993535956005118,0.9918644764240409,0.988230011812513,0.9891776870303478,0.988573299443853,0.9859753927894258
2,3,2.0562543102057584,0.47546812937393607,5287,2.1774424655096873,0.4733257661748014,881,2.1782102935230387,0.4618,0.9981383059704915,0.08379115419991434,,,0.9999999998611945,,1.0,0.0,0.9766956637347366,0.09951852733106387,5,0.001,0.1,0.9850836332130027,0.994416836005794,0.9965455059833496,1.0,0.9961844435137152,0.9948896244495502,0.9950095535141523,0.9935841116285707,0.991873697301476,0.9910473235326178,0.9919152034061074,0.9891589292550624
2,4,2.073727839069982,0.4742046605876393,4935,2.176516340329097,0.4805352798053528,822,2.178210222683014,0.4618,0.9982986367603061,0.08374909631721782,,,0.9941621326602411,,0.9941813823566368,0.005818617643363222,0.9766952890865869,0.09951852723165608,5,0.001,0.1,0.9807839963820623,0.9913552844266762,0.9955455531867088,0.9961844435137152,1.0,0.9968111614846749,0.9949256045734609,0.9938466737589382,0.9937017687211076,0.9924848277843643,0.9935304290882755,0.9923994885002629
2,5,2.0892113341044074,0.45545318191557743,4667,2.1757225131988527,0.45758354755784064,778,2.178210349890371,0.4618,0.9979440087404758,0.0836324023619627,,,0.9779643649587866,,0.9779820415422237,0.02201795845777632,0.9766900657754571,0.099518502578327,5,0.001,0.1,0.9780617223840716,0.9885672022158036,0.9936295038457702,0.9948896244495502,0.9968111614846749,1.0,0.9957565511953411,0.9951242126669284,0.9937209609203237,0.994620347221825,0.9943512729195125,0.9917736610612237
2,6,2.0943788974625726,0.451695486189086,4453,2.1787199278672538,0.45417789757412397,742,2.178210309519174,0.4618,0.9975275370352782,0.08363134310009984,,,0.9778173335418452,,0.9778322266361238,0.02216777336387621,0.9766899658645647,0.09951850233654184,5,0.001,0.1,0.9746915742201393,0.9881119109179576,0.993535956005118,0.9950095535141523,0.9949256045734609,0.9957565511953411,1.0,0.9959109849721366,0.9923250730002267,0.993728695526086,0.9961981091494426,0.9920807011756971
2,7,2.107628057252115,0.4878653261631985,4277,2.173258926557458,0.47124824684431976,713,2.17821076274299,0.4617,0.9968446885167539,0.08346572693975572,,,0.9548288926496304,,0.9548477203970578,0.045152279602942214,0.9766867831151563,0.09951821832682112,5,0.001,0.1,0.9725613476983285,0.9860746903948922,0.9918644764240409,0.9935841116285707,0.9938466737589382,0.9951242126669284,0.9959109849721366,1.0,0.9917941041753706,0.9954355545776464,0.9949915259317664,0.9929427322950894
2,8,2.11511220070032,0.4694599176556067,4129,2.1825644102963535,0.4375,688,2.1782160452760446,0.4618,0.9950805047841397,0.08326570678560245,,,0.9270649867514983,,0.9270788026406085,0.07292119735939151,0.976628795241712,0.09951537416630422,5,0.001,0.1,0.9687861838145786,0.9822715953366299,0.988230011812513,0.991873697301476,0.9937017687211076,0.9937209609203237,0.9923250730002267,0.9917941041753706,1.0,0.9909733663196999,0.9943015319844373,0.9950882262016414
2,9,2.117995924419827,0.4583354161459635,4001,2.1812427043914795,0.46326836581709147,667,2.1782205219085986,0.4618,0.9948476733018058,0.0831587203255981,,,0.9122146731893002,,0.9122374614589073,0.08776253854109273,0.9766011103438963,0.09951478667671373,5,0.001,0.1,0.9676183305639049,0.9815831669077729,0.9891776870303478,0.9910473235326178,0.9924848277843643,0.994620347221825,0.993728695526086,0.9954355545776464,0.9909733663196999,1.0,0.9937507747476529,0.9898242768510713
2,10,2.1207966562177316,0.44715865260992543,3889,2.1777419249216714,0.4675925925925926,648,2.1782113683109467,0.4617,0.9957188655972423,0.08338629033154982,,,0.9438026511969538,,0.9438242429514503,0.05617575704854971,0.9766912983407944,0.09951796967786979,5,0.001,0.1,0.9662282382362222,0.9817298169776604,0.988573299443853,0.9919152034061074,0.9935304290882755,0.9943512729195125,0.9961981091494426,0.9949915259317664,0.9943015319844373,0.9937507747476529,1.0,0.9950444329207985
2,11,2.1310770357356352,0.47248747032445265,3791,2.1869699001312255,0.42563291139240506,632,2.17823050197321,0.4617,0.9937861037548303,0.08298792487745241,,,0.8885073184468746,,0.8885232116449676,0.11147678835503239,0.9765359573747397,0.09951247693901062,5,0.001,0.1,0.9637171626392814,0.9795735975363268,0.9859753927894258,0.9891589292550624,0.9923994885002629,0.9917736610612237,0.9920807011756971,0.9929427322950894,0.9950882262016414,0.9898242768510713,0.9950444329207985,1.0
3,0,1.6739739110961498,0.5761626491356221,8214,2.1148127788721127,0.5193571950328707,1369,2.1150958934150186,0.529,0.9871260796601554,0.08220846118336599,,,0.75,,0.7500024163694532,0.2499975836305468,0.9907884375094698,0.09957947258481664,5,0.001,0.1,1.0,0.9955112043090805,0.99142957983411,0.9887713188758462,0.9843758882984188,0.9832314808378834,0.9800908083611366,0.9793841276603402,0.9770184115051173,0.97633265377736,0.9743864929223761,0.9730219431156576
3,1,1.7914673677925925,0.5451171280803164,6574,2.112584045955113,0.5428832116788321,1096,2.114845792325541,0.5294,0.9954364098591141,0.08326927744156126,,,0.9298216732365332,,0.9298382965561902,0.07016170344380979,0.9911912441527662,0.09964096339266368,5,0.001,0.1,0.9955112043090805,1.0,0.9970333538477796,0.9961827026245567,0.9932530367679389,0.9919787451121805,0.9908606963419416,0.9898824013943766,0.9881460170090174,0.9877697262564066,0.9865556044500372,0.985563817207531
3,2,1.849340590982806,0.5110842123465329,5783,2.117419365913637,0.5394190871369294,964,2.1148350657746433,0.5294,0.9979928152403252,0.08358469125325806,,,0.9832882740197099,,0.9832980543393163,0.016701945660683726,0.9911943955250839,0.09964432847206346,5,0.001,0.1,0.99142957983411,0.9970333538477796,1.0,0.9975978316061901,0.9964000850016099,0.9953039056519345,0.9948869929385387,0.9941936900380303,0.9922397359445104,0.9926111880092772,0.991301018570859,0.9902014012124234
3,3,1.8997458175004247,0.5192358615471913,5287,2.1141569018363953,0.5346197502837684,881,2.1148351518490824,0.5294,0.9985616364416895,0.08368327820400484,,,0.9999999998304875,,1.0,0.0,0.9911941031431741,0.09964433801679642,5,0.001,0.1,0.9887713188758462,0.9961827026245567,0.9975978316061901,1.0,0.9971145866454405,0.9962604061457541,0.9958974095762405,0.9950498669322472,0.9940478825260192,0.9937159013041881,0.99337589701574,0.9919370935673467
3,4,1.9261612230731595,0.5131104356636271,4935,2.1111290546563954,0.5413625304136253,822,2.1148350223565635,0.5294,0.9986623649155498,0.08366071889546281,,,0.9961759138233701,,0.9961918017417191,0.003808198258280937,0.991194116474486,0.09964433799876198,5,0.001,0.1,0.9843758882984188,0.9932530367679389,0.9964000850016099,0.9971145866454405,1.0,0.9972769786108114,0.9963564421285723,0.9954369359527315,0.9960906920320011,0.9946632724727895,0.9954646697239355,0.9946639357665119
3,5,1.947935478981227,0.5008356545961002,4667,2.1128132057189943,0.5282776349614395,778,2.11483516022801,0.5294,0.9983384737652723,0.0835786351607805,,,0.9822616903166638,,0.9822783464300557,0.017721653569944262,0.9911956759813719,0.09964432764849233,5,0.001,0.1,0.9832314808378834,0.9919787451121805,0.9953039056519345,0.9962604061457541,0.9972769786108114,1.0,0.9968736523476762,0.9964825266123212,0.9952650894373611,0.9955387826216124,0.9952098187461978,0.9937900238365314
3,6,1.9570589653083257,0.5021783067594879,4453,2.116556485493978,0.5094339622641509,742,2.1148350581574364,0.5294,0.9980146318050428,0.08356752405295366,,,0.9803782180513227,,0.9803935782565412,0.019606421743458835,0.9911956073557937,0.09964432557048394,5,0.001,0.1,0.9800908083611366,0.9908606963419416,0.9948869929385387,0.9958974095762405,0.9963564421285723,0.9968736523476762,1.0,0.996979669651541,0.9944364863883459,0.9956745727597881,0.9967821311371586,0.9944577938490808
3,7,1.9771505652968564,0.5300444236614449,4277,2.1082229614257812,0.541374474053296,713,2.1148355685103053,0.5294,0.9976335599425762,0.08345356711747307,,,0.9610610868735916,,0.9610819535863755,0.03891804641362451,0.9911894839689309,0.0996442353624979,5,0.001,0.1,0.9793841276603402,0.9898824013943766,0.9941936900380303,0.9950498669322472,0.9954369359527315,0.9964825266123212,0.996979669651541,1.0,0.9944157545229715,0.9964785494971629,0.9958103200832678,0.9946366085211074
3,8,1.9911524919363168,0.5093242915960281,4129,2.120442758906971,0.5203488372093024,688,2.1148470781100825,0.5294,0.9966772262506244,0.08329991212291553,,,0.9350146363134415,,0.9350286581417152,0.06497134185828479,0.9911899420020307,0.09964122862495947,5,0.001,0.1,0.9770184115051173,0.9881460170090174,0.9922397359445104,0.9940478825260192,0.9960906920320011,0.9952650894373611,0.9944364863883459,0.9944157545229715,1.0,0.9931945581251806,0.9957346851435084,0.9967253318874455
3,9,1.9968453460269504,0.5069232691827044,4001,2.118517591839745,0.5292353823088456,667,2.1148543753943887,0.5294,0.9964358112960122,0.08322645059134802,,,0.9225619844777113,,0.9225795227187056,0.07742047728129442,0.9911892382398555,0.09964046356237777,5,0.001,0.1,0.97633265377736,0.9877697262564066,0.9926111880092772,0.9937159013041881,0.9946632724727895,0.9955387826216124,0.9956745727597881,0.9964785494971629,0.9931945581251806,1.0,0.9955371254033295,0.9928921242860975
3,10,2.0010723760870635,0.4888146052969915,3889,2.1151528244926814,0.5524691358024691,648,2.114836679099086,0.5294,0.9966360005517015,0.08337258882637294,,,0.947334249931789,,0.9473569750920636,0.052643024907936375,0.9911836641488814,0.09964408828878969,5,0.001,0.1,0.9743864929223761,0.9865556044500372,0.991301018570859,0.99337589701574,0.9954646697239355,0.9952098187461978,0.9967821311371586,0.9958103200832678,0.9957346851435084,0.9955371254033295,1.0,0.99661890146314
3,11,2.0166468097382233,0.5170667370087049,3791,2.125707197189331,0.4873417721518987,632,2.1148706312758474,0.5296,0.9956083468003288,0.08309489515050333,,,0.900261685709377,,0.9002860981432617,0.09971390185673834,0.9911713102025664,0.09963835904784439,5,0.001,0.1,0.9730219431156576,0.985563817207531,0.9902014012124234,0.9919370935673467,0.9946639357665119,0.9937900238365314,0.9944577938490808,0.9946366085211074,0.9967253318874455,0.9928921242860975,0.99661890146314,1.0
4,0,1.5158995243825801,0.6047236425614804,8214,2.0385425867036333,0.5514974433893353,1369,2.0389086255631126,0.5553,0.9885934467646449,0.08237252081415529,,,0.75,,0.7500024163694532,0.2499975836305468,0.9943650708938749,0.09962891342648666,5,0.001,0.1,1.0,0.9960677890921796,0.9926559981573136,0.9898699723173707,0.9860277611608418,0.9844913868937558,0.9819356366424473,0.9822307323779043,0.9800693660954666,0.97930969059132,0.9779398577799573,0.9768823532667309
4,1,1.623294036191644,0.5780955278369334,6574,2.035900729043143,0.5547445255474452,1096,2.0384994680508255,0.5557,0.9958504936101543,0.08325783480238522,,,0.929261930674136,,0.9292776988430423,0.07072230115695766,0.9944541772378177,0.09969416336323587,5,0.001,0.1,0.9960677890921796,1.0,0.9973335116522597,0.9962605919822272,0.9939866453501359,0.9923753219755204,0.9914977277157999,0.9913046767132772,0.9898258542108818,0.9892145915597024,0.9884606059928561,0.9878326222848649
4,2,1.6797723064765087,0.5510980459968874,5783,2.0410331949110954,0.5736514522821576,964,2.038480911011132,0.5557,0.9982100936614049,0.08352758534775774,,,0.9838821040891765,,0.9838973139637158,0.016102686036284175,0.994528359775529,0.09969829772521688,5,0.001,0.1,0.9926559981573136,0.9973335116522597,1.0,0.9977497134618979,0.9967337977222595,0.9955320225674833,0.9951885970658143,0.9950465177909396,0.9937464163727388,0.9932475715642543,0.9928402395496222,0.9922343508733927
4,3,1.7311809104609202,0.5606582182712313,5287,2.0377504783017293,0.5664018161180476,881,2.038480831411319,0.5557,0.9988016741426908,0.08360718617810561,,,0.999999999797516,,1.0,0.0,0.9945292640177787,0.0996983151835477,5,0.001,0.1,0.9898699723173707,0.9962605919822272,0.9977497134618979,1.0,0.9976292372024264,0.9967440924890502,0.9964163232701381,0.9960010519921624,0.9953889238500547,0.9948680992759437,0.9948644307472219,0.9935463797373396
4,4,1.762288968639989,0.5568794326241134,4935,2.032640686401954,0.5778588807785888,822,2.038480659643301,0.5557,0.9988934407605159,0.08359630696314962,,,0.9977971326756164,,0.9978059365364726,0.0021940634635273515,0.994529263493803,0.09969831517212524,5,0.001,0.1,0.9860277611608418,0.9939866453501359,0.9967337977222595,0.9976292372024264,1.0,0.9976784910765525,0.9972203690152293,0.9964545618905871,0.9966452723786537,0.9954566341146154,0.9965889278064076,0.9959667977685003
4,5,1.7867976722651966,0.5435611742018427,4667,2.0369993543624876,0.5526992287917738,778,2.0384809212943615,0.5557,0.9985441158266891,0.08353465674864283,,,0.9853139497304793,,0.9853326374189308,0.014667362581069154,0.9945283821458997,0.09969829871195776,5,0.001,0.1,0.9844913868937558,0.9923753219755204,0.9955320225674833,0.9967440924890502,0.9976784910765525,1.0,0.9975824212689611,0.9973054470193053,0.9963646475453853,0.9961989980521184,0.9964064821449131,0.9955149701470721
4,6,1.7976258041177477,0.5430496294632832,4453,2.0413643767436347,0.5377358490566038,742,2.0384807754248477,0.5557,0.9983597541138063,0.08352188458792277,,,0.9827277913505181,,0.9827422893650748,0.017257710634925205,0.994528343641085,0.09969829694675848,5,0.001,0.1,0.9819356366424473,0.9914977277157999,0.9951885970658143,0.9964163232701381,0.9972203690152293,0.9975824212689611,1.0,0.9976986996107762,0.9963209414492594,0.9965775299513933,0.9975009849358503,0.9960195735982749
4,7,1.8215179788532543,0.5598316577039981,4277,2.0302764073662134,0.5610098176718092,713,2.038481663972044,0.5557,0.9980806705667766,0.08344294476562353,,,0.9667437392056645,,0.9667604218014517,0.03323957819854828,0.9945251174676782,0.09969822005573449,5,0.001,0.1,0.9822307323779043,0.9913046767132772,0.9950465177909396,0.9960010519921624,0.9964545618905871,0.9973054470193053,0.9976986996107762,1.0,0.9956411660057078,0.9968320777722345,0.9963259389404162,0.995791969715562
4,8,1.8387353440431449,0.5374182610801647,4129,2.04552284154025,0.5479651162790697,688,2.0384958852975132,0.5557,0.9974527360530546,0.08332837884765469,,,0.9435459721788381,,0.9435632750505021,0.05643672494949792,0.9944878236133277,0.09969770641839194,5,0.001,0.1,0.9800693660954666,0.9898258542108818,0.9937464163727388,0.9953889238500547,0.9966452723786537,0.9963646475453853,0.9963209414492594,0.9956411660057078,1.0,0.994990986496804,0.9971914832019743,0.9969258850291105
4,9,1.8475306191141643,0.5285678580354911,4001,2.0427957489376976,0.5472263868065967,667,2.038509770323293,0.5557,0.9969903872480601,0.0832683692014251,,,0.9313949780849826,,0.9314137694396922,0.06858623056030777,0.9944510199979445,0.09969451322448163,5,0.001,0.1,0.97930969059132,0.9892145915597024,0.9932475715642543,0.9948680992759437,0.9954566341146154,0.9961989980521184,0.9965775299513933,0.9968320777722345,0.994990986496804,1.0,0.9963577161735522,0.9945192076142628
4,10,1.854988651588315,0.526819233736179,3889,2.0396972724369595,0.5740740740740741,648,2.0384825936521587,0.5557,0.9973251305673825,0.08336885378294437,,,0.9517414995740903,,0.9517644329747441,0.04823556702525589,0.9945248828304512,0.09969803557025596,5,0.001,0.1,0.9779398577799573,0.9884606059928561,0.9928402395496222,0.9948644307472219,0.9965889278064076,0.9964064821449131,0.9975009849358503,0.9963259389404162,0.9971914832019743,0.9963577161735522,1.0,0.9970783039478893
4,11,1.8763759100136637,0.5512529675547349,3791,2.0516177654266357,0.5126582278481012,632,2.038530375629949,0.5556,0.9965517610922586,0.0831734779602331,,,0.9121810186013506,,0.9122036322865621,0.0877963677134379,0.9944284112999293,0.09969301784352165,5,0.001,0.1,0.9768823532667309,0.9878326222848649,0.9922343508733927,0.9935463797373396,0.9959667977685003,0.9955149701470721,0.9960195735982749,0.995791969715562,0.9969258850291105,0.9945192076142628,0.9970783039478893,1.0
5,0,1.388650617015037,0.6280983686389092,8214,1.9488303467284802,0.5748721694667641,1369,1.949229058366233,0.5768,0.9891805193932308,0.082485131684722,,,0.75,,0.7500024163694532,0.2499975836305468,0.9968813146601067,0.09964653830825632,5,0.001,0.1,1.0,0.995951515943258,0.9930517414111554,0.9907506327118261,0.9867279178231946,0.9851329172080965,0.9824244976487593,0.9828017435542917,0.9815519833489802,0.9811663821225315,0.9794755820040099,0.978032200170515
5,1,1.4805045847175191,0.6056890781867965,6574,1.945749943596976,0.5821167883211679,1096,1.9486237691995054,0.5767,0.9959968903194625,0.08324845649917517,,,0.9284503660671537,,0.928465798706759,0.07153420129324095,0.9969997603176834,0.09971513203075734,5,0.001,0.1,0.995951515943258,1.0,0.9973238907681661,0.9965556936556714,0.9943600408098708,0.992602260729331,0.9914029521478667,0.9914222775426016,0.9906470533047264,0.9906270005168483,0.9892426383422414,0.9883770024380353
5,2,1.5300132589445588,0.5888639114646377,5783,1.9509940685764435,0.5902489626556017,964,1.94859670069271,0.5766,0.9981903246515341,0.08348480043841586,,,0.9837029422662746,,0.9837185026241773,0.01628149737582274,0.9970073821631561,0.09971995930518654,5,0.001,0.1,0.9930517414111554,0.9973238907681661,1.0,0.9977590784517053,0.9967401137310288,0.9954164981128244,0.9951028130136548,0.994982712463421,0.9943250055080829,0.9940835027613063,0.9932678758190799,0.9926425789668784
5,3,1.5797744607350912,0.5946283336485719,5287,1.9475591438157218,0.5743473325766175,881,1.9485964637975723,0.5766,0.9987882331251804,0.08355294952335847,,,0.9996348613194534,,0.9996423773209229,0.00035762267907712975,0.9970089637869105,0.09972002860220391,5,0.001,0.1,0.9907506327118261,0.9965556936556714,0.9977590784517053,1.0,0.9978914183312807,0.9966515573180732,0.9960954650259847,0.9958273917351792,0.9957928717795697,0.995440903115921,0.9950707593798931,0.9939784517555021
5,4,1.6087361924879013,0.5944072948328267,4935,1.9406517881613512,0.5948905109489051,822,1.948596228425876,0.5766,0.9990433040412529,0.08355451140996745,,,0.9999999997662197,,1.0,0.0,0.9970089604814382,0.09972002860220543,5,0.001,0.1,0.9867279178231946,0.9943600408098708,0.9967401137310288,0.9978914183312807,1.0,0.9976931896669803,0.9973509763089355,0.9968106008947609,0.9971789103155595,0.9967478681450236,0.9970245136916758,0.9962932938420146
5,5,1.6317873976002,0.5789586458110135,4667,1.9479038667678834,0.5732647814910026,778,1.9485964805554277,0.5766,0.9986025435076705,0.08350245109960183,,,0.9878293205659516,,0.9878456616502836,0.012154338349716354,0.9970087880867095,0.09972002372736433,5,0.001,0.1,0.9851329172080965,0.992602260729331,0.9954164981128244,0.9966515573180732,0.9976931896669803,1.0,0.9978293597887641,0.9976066926807006,0.9964443335841046,0.9972740748842653,0.9967738878176698,0.9961066225402586
5,6,1.6424827159302575,0.5767347855378396,4453,1.9524981280167897,0.5646900269541779,742,1.9485964805554277,0.5766,0.9983845430762349,0.08348757455152349,,,0.9843514754859409,,0.9843612568987348,0.01563874310126523,0.9970073321753886,0.09971995964487534,5,0.001,0.1,0.9824244976487593,0.9914029521478667,0.9951028130136548,0.9960954650259847,0.9973509763089355,0.9978293597887641,1.0,0.9977728209934302,0.9967383280718144,0.9976015536245437,0.9977817593720967,0.9967947891802224
5,7,1.6650905902705975,0.5830254851531447,4277,1.9387508216111555,0.5792426367461431,713,1.9485978847875383,0.5766,0.9981489697603476,0.08343153199675989,,,0.9712498256724631,,0.9712693672011676,0.028730632798832367,0.9970073720020002,0.0997197563573737,5,0.001,0.1,0.9828017435542917,0.9914222775426016,0.994982712463421,0.9958273917351792,0.9968106008947609,0.9976066926807006,0.9977728209934302,1.0,0.996154079573997,0.9976875387181393,0.9967697939213536,0.9962499975890712
5,8,1.6865170887800363,0.5771857592637443,4129,1.9573422074317932,0.5712209302325582,688,1.9486137110585222,0.5766,0.9977256721174251,0.0833475681063622,,,0.9516207153721195,,0.9516484472409894,0.048351552759010596,0.9970076772280289,0.0997194368239278,5,0.001,0.1,0.9815519833489802,0.9906470533047264,0.9943250055080829,0.9957928717795697,0.9971789103155595,0.9964443335841046,0.9967383280718144,0.996154079573997,1.0,0.9956235287813107,0.9975010507974975,0.9970585934137236
5,9,1.6954299673201545,0.5614596350912272,4001,1.9535541647956485,0.5712143928035982,667,1.9486307488462795,0.5766,0.9977635862961652,0.08331197232979343,,,0.9432991211584011,,0.9433168053662733,0.05668319463372673,0.9969749431861924,0.0997190093374705,5,0.001,0.1,0.9811663821225315,0.9906270005168483,0.9940835027613063,0.995440903115921,0.9967478681450236,0.9972740748842653,0.9976015536245437,0.9976875387181393,0.9956235287813107,1.0,0.9974136648178699,0.9957968266251206
5,10,1.7032824477211375,0.5668295191565955,3889,1.9508744364693051,0.5895061728395061,648,1.9485986129925275,0.5766,0.9976078065058647,0.08336859607525349,,,0.9565366419544201,,0.9565536772310339,0.043446322768966095,0.9970080837411718,0.09971945407395261,5,0.001,0.1,0.9794755820040099,0.9892426383422414,0.9932678758190799,0.9950707593798931,0.9970245136916758,0.9967738878176698,0.9977817593720967,0.9967697939213536,0.9975010507974975,0.9974136648178699,1.0,0.9972604986677829
5,11,1.7260445704981058,0.585439198100765,3791,1.9640474796295166,0.5474683544303798,632,1.9486603934924824,0.5765,0.9968564727574282,0.08322445628506649,,,0.9228395868650481,,0.9228598215752796,0.07714017842472043,0.9969887876579279,0.09971459012460487,5,0.001,0.1,0.978032200170515,0.9883770024380353,0.9926425789668784,0.9939784517555021,0.9962932938420146,0.9961066225402586,0.9967947891802224,0.9962499975890712,0.9970585934137236,0.9957968266251206,0.9972604986677829,1.0
6,0,1.2844863279320387,0.6448259069880692,8214,1.8467208701510762,0.5931336742147553,1369,1.8471201311665983,0.5944,0.9895242460800998,0.08256658371539814,,,1.0,,1.0,0.0,0.9970255306283116,0.09971594368756585,5,0.001,0.1,1.0,0.9958742561554457,0.9931533641056257,0.990711039161858,0.987276019153567,0.9855343544770191,0.9823885947914383,0.983171768040914,0.9827111968928214,0.9814330736095082,0.9800613379347678,0.9783728650246915
6,1,1.3623598496312077,0.6260115606936416,6574,1.8435363394873483,0.5967153284671532,1096,1.8464140625426564,0.5945,0.9959337435542952,0.08324193062236049,,,1.0,,1.0,0.0,0.9977293399276088,0.09971594368756585,5,0.001,0.1,0.9958742561554457,1.0,0.9969615214244446,0.9962612785912756,0.994400137266528,0.9924555827754098,0.991029155774739,0.991000798696758,0.9912858604632281,0.9902807368232903,0.9893586086700588,0.9883678376791761
6,2,1.403642602059064,0.61774165657963,5783,1.8484013542052238,0.6016597510373444,964,1.8463812929372818,0.5945,0.9979260631241629,0.08345128580741473,,,1.0,,1.0,0.0,0.997785119096347,0.09971594368756585,5,0.001,0.1,0.9931533641056257,0.9969615214244446,1.0,0.9973043697422435,0.9964842594845199,0.9950662099460555,0.9944477215648962,0.9945513916426497,0.9942177271076675,0.993662419212597,0.9928408535928991,0.9923695785973015
6,3,1.4476329551403782,0.6189899754113865,5287,1.8447008175509316,0.5947786606129398,881,1.8463812080054238,0.5945,0.9987298925082213,0.08351905931315695,,,1.0,,1.0,0.0,0.9977853988741449,0.09971594368756585,5,0.001,0.1,0.990711039161858,0.9962612785912756,0.9973043697422435,1.0,0.9977601324461549,0.9965849352749753,0.9959418566554845,0.9956913837210408,0.9957184036286663,0.9955742613307337,0.9951281082781099,0.9939651962506667
6,4,1.4752097005228841,0.6250455927051671,4935,1.8362731887744024,0.6155717761557178,822,1.8463809402605977,0.5945,0.999015088748038,0.08352922768953568,,,1.0,,1.0,0.0,0.9977853988737042,0.09971594368756585,5,0.001,0.1,0.987276019153567,0.994400137266528,0.9964842594845199,0.9977601324461549,1.0,0.9975003190435802,0.9971978935734105,0.9966009319677083,0.9971003672328347,0.9965503545215114,0.9969639821612137,0.9961806687009775
6,5,1.4945790748890133,0.6135847439468609,4667,1.8465507268905639,0.5976863753213367,778,1.8463811600170197,0.5945,0.9985665473411061,0.08348279948487991,,,1.0,,1.0,0.0,0.9977854190385101,0.09971594368756585,5,0.001,0.1,0.9855343544770191,0.9924555827754098,0.9950662099460555,0.9965849352749753,0.9975003190435802,1.0,0.9976390371773691,0.9976126803330626,0.9962961499824777,0.9969421386847208,0.9968555532399143,0.9961466556842964
6,6,1.5064348524808884,0.6076802155849989,4453,1.8511272768179576,0.5754716981132075,742,1.8463810050068572,0.5945,0.9982334986452188,0.0834629161695775,,,1.0,,1.0,0.0,0.9977851380502893,0.09971594368756585,5,0.001,0.1,0.9823885947914383,0.991029155774739,0.9944477215648962,0.9959418566554845,0.9971978935734105,0.9976390371773691,1.0,0.9978032187761602,0.9961732563849381,0.9973852790587965,0.9976766601736111,0.9969368778912306
6,7,1.52279259010927,0.6117371989712416,4277,1.8350710246873938,0.6086956521739131,713,1.846383143156862,0.5945,0.9980602631029462,0.08342293517795772,,,1.0,,1.0,0.0,0.9977815745491698,0.09971594368756585,5,0.001,0.1,0.983171768040914,0.991000798696758,0.9945513916426497,0.9956913837210408,0.9966009319677083,0.9976126803330626,0.9978032187761602,1.0,0.995777477580894,0.9973060156282465,0.9967015905660395,0.9963405833621684
6,8,1.5498270181509164,0.6115766529426011,4129,1.856996926394376,0.5799418604651163,688,1.846401665919124,0.5945,0.9976995014650917,0.08335976631226369,,,1.0,,1.0,0.0,0.9977751240480924,0.09971594368756585,5,0.001,0.1,0.9827111968928214,0.9912858604632281,0.9942177271076675,0.9957184036286663,0.9971003672328347,0.9962961499824777,0.9961732563849381,0.995777477580894,1.0,0.9955442213463028,0.9968668048649755,0.9965540449779914
6,9,1.5537100675560178,0.5846538365408648,4001,1.851919514792306,0.5997001499250375,667,1.8464222586573884,0.5945,0.9976740534128719,0.08333710365169934,,,1.0,,1.0,0.0,0.9977696621075953,0.09971594368756585,5,0.001,0.1,0.9814330736095082,0.9902807368232903,0.993662419212597,0.9955742613307337,0.9965503545215114,0.9969421386847208,0.9973852790587965,0.9973060156282465,0.9955442213463028,1.0,0.9973925190750779,0.9958542087763338
6,10,1.5627868284944628,0.6004628439187452,3889,1.8498380808603196,0.5972222222222222,648,1.8463845016857305,0.5945,0.9975929677200315,0.08336922828321196,,,1.0,,1.0,0.0,0.997775293758795,0.09971594368756585,5,0.001,0.1,0.9800613379347678,0.9893586086700588,0.9928408535928991,0.9951281082781099,0.9969639821612137,0.9968555532399143,0.9976766601736111,0.9967015905660395,0.9968668048649755,0.9973925190750779,1.0,0.9970955879288738
6,11,1.585013786884917,0.6135584278554471,3791,1.864146202802658,0.5664556962025317,632,1.8464549300007926,0.5946,0.9968614545681576,0.0832571637725441,,,1.0,,1.0,0.0,0.9977232412926998,0.09971594368756585,5,0.001,0.1,0.9783728650246915,0.9883678376791761,0.9923695785973015,0.9939651962506667,0.9961806687009775,0.9961466556842964,0.9969368778912306,0.9963405833621684,0.9965540449779914,0.9958542087763338,0.9970955879288738,1.0
