round,client_id,client_i_training_loss,client_i_training_accuracy,client_i_training_dataset_size,client_i_evaluation_loss,client_i_evaluation_accuracy,client_i_evaluation_dataset_size,client_i_central_evaluation_loss,client_i_central_evaluation_accuracy,client_i_cosine_similarity,client_i_importance_coefficient,client_i_tanh_val,tanh_normalization_value,client_i_q,client_i_mask_order,client_i_v_nonzero_fraction,client_i_v_sparsity,client_i_v_cosine_similarity,client_i_reward_gradient_norm,local_epochs,learning_rate,gamma,client_0_cosine_similarity,client_1_cosine_similarity,client_2_cosine_similarity,client_3_cosine_similarity,client_4_cosine_similarity,client_5_cosine_similarity,client_6_cosine_similarity,client_7_cosine_similarity,client_8_cosine_similarity,client_9_cosine_similarity,client_10_cosine_similarity,client_11_cosine_similarity
0,0,2.21032565302319,0.19133674214755295,6845,2.2989224087108266,0.09130752373995617,1369,2.297987270958816,0.1006,0.8890488607409427,0.07843756663889002,,,0.75,,0.7500041260253173,0.2499958739746827,0,0.14132086888652623,10,0.025,0.15,1.0,0.92989259323994,0.8586416515282194,0.8590030753557485,0.8323416658335062,0.8123824317925993,0.7788366917519907,0.7779524022712082,0.7486222462057859,0.7646196655676761,0.7463812533896944,0.71916012963247
0,1,2.259540814022685,0.15700985761226724,5478,2.2988761266072593,0.09397810218978102,1096,2.2979634140111225,0.1006,0.9510802191107073,0.08391036911430656,,,0.9002562224424597,,0.9003069762836065,0.09969302371639355,0,0.14146383707561888,10,0.025,0.15,0.92989259323994,1.0,0.9302088528657325,0.9456090340232286,0.9150320167746356,0.9045994823110151,0.8530607641678913,0.8561309936204661,0.8279482160836835,0.8344635449749758,0.837515567114694,0.7952869045296344
0,2,2.2808254932102403,0.15678423236514522,4820,2.2997456789016724,0.1016597510373444,964,2.297963347616075,0.1006,0.9652742892427937,0.08516266060358953,,,0.9346379837835135,,0.934685019227278,0.06531498077272202,0,0.14146498934995091,10,0.025,0.15,0.8586416515282194,0.9302088528657325,1.0,0.9458704459737733,0.9351768222291279,0.9368523819367142,0.9151241612118761,0.8977692949549713,0.8827728287101061,0.8732661163306505,0.8684501983850315,0.8575048632763701
0,3,2.285224731990269,0.14618701770313208,4406,2.2996082646506175,0.11804767309875142,881,2.2979632540594173,0.1006,0.9798730450430018,0.08645065604623525,,,0.9699999999725448,,0.9700285520951957,0.029971447904804327,0,0.14146565195708696,10,0.025,0.15,0.8590030753557485,0.9456090340232286,0.9458704459737733,1.0,0.965926744436547,0.9432629785336931,0.9171401884611242,0.9220595640703683,0.9097312510447957,0.9135750618375718,0.9003364115104231,0.8727177363502611
0,4,2.2875052733854813,0.15559338521400778,4112,2.298016684395926,0.09975669099756691,822,2.2979633385622047,0.1006,0.9711178041575124,0.08567821279736501,,,0.9487925098159429,,0.9488290340149527,0.051170965985047334,0,0.14146552952455926,10,0.025,0.15,0.8323416658335062,0.9150320167746356,0.9351768222291279,0.965926744436547,1.0,0.9475473197937576,0.9144158830329412,0.9258058561900051,0.9007104357008866,0.9099655014048023,0.8877562807493659,0.892549037721217
0,5,2.2907855618384576,0.15052712779634866,3889,2.3010338033948625,0.10925449871465295,778,2.2979633234724215,0.1006,0.9660727427014487,0.08523310526544885,,,0.9365720475159,,0.9365994949745011,0.06340050502549888,0,0.14146501649316537,10,0.025,0.15,0.8123824317925993,0.9045994823110151,0.9368523819367142,0.9432629785336931,0.9475473197937576,1.0,0.9297158653034472,0.933179054530585,0.8935393361867526,0.8968412897910379,0.906462960397962,0.8875138625806527
0,6,2.2946198340119985,0.13330638641875506,3711,2.2951311667760215,0.11185983827493262,742,2.29796025421046,0.1006,0.948480179846748,0.08368097705045467,,,0.8939582452858766,,0.8939941575481507,0.1060058424518493,0,0.1414595489755783,10,0.025,0.15,0.7788366917519907,0.8530607641678913,0.9151241612118761,0.9171401884611242,0.9144158830329412,0.9297158653034472,1.0,0.928002501985837,0.896170810419382,0.8977459803103176,0.9185838838659793,0.8932234732883593
0,7,2.294755118233817,0.1228675645342312,3564,2.29756228129069,0.0967741935483871,713,2.297960211959066,0.1006,0.9493829702740839,0.08376062698583177,,,0.8961450405267624,,0.8961809509663151,0.10381904903368488,0,0.1414596709759706,10,0.025,0.15,0.7779524022712082,0.8561309936204661,0.8977692949549713,0.9220595640703683,0.9258058561900051,0.933179054530585,0.928002501985837,1.0,0.8903465582274889,0.8925919419730424,0.9438861362219843,0.8929959156653274
0,8,2.2950023818899083,0.11174077303109561,3441,2.2978024085362754,0.08866279069767442,688,2.2979607401014883,0.1006,0.9333397779365301,0.08234519412983707,,,0.8572842201302582,,0.8573302965786999,0.14266970342130014,0,0.1414556698965647,10,0.025,0.15,0.7486222462057859,0.8279482160836835,0.8827728287101061,0.9097312510447957,0.9007104357008866,0.8935393361867526,0.896170810419382,0.8903465582274889,1.0,0.9512752117641535,0.8758712261819713,0.9369919879786527
0,9,2.2948394236741243,0.13728254349130173,3334,2.2943156162897744,0.1184407796101949,667,2.297960631455047,0.1006,0.9354045261610905,0.08252735940062039,,,0.8622855819683769,,0.8623227872126223,0.13767721278737766,0,0.14145625669986475,10,0.025,0.15,0.7646196655676761,0.8344635449749758,0.8732661163306505,0.9135750618375718,0.9099655014048023,0.8968412897910379,0.8977459803103176,0.8925919419730424,0.9512752117641535,1.0,0.8675376802473005,0.9206999129439485
0,10,2.295582999632909,0.11471767972847886,3241,2.2975854873657227,0.08796296296296297,648,2.2979610479330717,0.1006,0.9284529245553397,0.08191404472436777,,,0.8454469792897327,,0.8454968559687083,0.15450314403129173,0,0.14145407721338565,10,0.025,0.15,0.7463812533896944,0.837515567114694,0.8684501983850315,0.9003364115104231,0.8877562807493659,0.906462960397962,0.9185838838659793,0.9438861362219843,0.8758712261819713,0.8675376802473005,1.0,0.8977206869689234
0,11,2.2970333700180054,0.11190250079138968,3159,2.2957149505615235,0.0949367088607595,632,2.2979620287689984,0.1006,0.91695049830369,0.08089922724305322,,,0.817585085516691,,0.8176461850769916,0.1823538149230084,0,0.1414487838024047,10,0.025,0.15,0.71916012963247,0.7952869045296344,0.8575048632763701,0.8727177363502611,0.892549037721217,0.8875138625806527,0.8932234732883593,0.8929959156653274,0.9369919879786527,0.9206999129439485,0.8977206869689234,1.0
1,0,2.071145369609197,0.2512490869247626,6845,2.287639682943171,0.13732651570489407,1369,2.2867226298851304,0.1458,0.8921277466508494,0.0778211570055102,,,0.75,,0.7500041260253173,0.2499958739746827,0.8990684956443112,0.14519227586596722,10,0.025,0.15,1.0,0.9508770972321321,0.9126673510592269,0.8927241974678263,0.8714781888667105,0.8593815118029744,0.8375029921204177,0.8373400228556777,0.8110781359973325,0.8145648223028265,0.79634808619333,0.7836766762534979
1,1,2.1241050321002337,0.2323658269441402,5478,2.2875888877444797,0.13138686131386862,1096,2.286687307719943,0.1462,0.9466188406087046,0.08299763521300511,,,0.8921931758939574,,0.8922364707629846,0.10776352923701538,0.899214545233156,0.14525271556085356,10,0.025,0.15,0.9508770972321321,1.0,0.9553369150924478,0.9451402196822566,0.928062332956277,0.9228106948919259,0.8999677949031795,0.9015951801441124,0.8807795030766564,0.8823263771464038,0.871924371574897,0.8571898452077978
1,2,2.168227820019973,0.21280082987551868,4820,2.288347691297531,0.1483402489626556,964,2.2866869334933124,0.1462,0.9774499077321358,0.08478191825706656,,,0.9412058178020194,,0.9412536515324058,0.05874634846759419,0.8992375024151609,0.14525441237822675,10,0.025,0.15,0.9126673510592269,0.9553369150924478,1.0,0.9707627809911411,0.9653177309785546,0.9537876166600049,0.9515722782251614,0.9494710304042617,0.930384313070757,0.9344710525464046,0.9163659336354342,0.9114874849465335
1,3,2.1755272592817034,0.21157512482977758,4406,2.2877416951315745,0.1532349602724177,881,2.286686740344084,0.1462,0.9850691197584556,0.0858301574258678,,,0.9699999999725308,,0.9700285520951957,0.029971447904804327,0.8992267950414582,0.145254606989159,10,0.025,0.15,0.8927241974678263,0.9451402196822566,0.9707627809911411,1.0,0.9711057651920767,0.96726739592188,0.9619677013353055,0.9630460965505548,0.9496458870826896,0.9485479768628005,0.9393470535907207,0.9297611189273954
1,4,2.183853661291527,0.20362354085603113,4112,2.2874879155840193,0.15450121654501217,822,2.2866868429546114,0.1462,0.9825317401531004,0.08526787796210136,,,0.95455469150448,,0.954597217408526,0.04540278259147401,0.899238498357715,0.1452545364521451,10,0.025,0.15,0.8714781888667105,0.928062332956277,0.9653177309785546,0.9711057651920767,1.0,0.9631093439818972,0.9627368395093021,0.9721888806018525,0.9455170504930402,0.9543679776851316,0.943292318574554,0.9320994313571118
1,5,2.1913065514256878,0.2127539213165338,3889,2.289297308240618,0.15038560411311053,778,2.2866869002957886,0.1462,0.9835522608291193,0.08502496799913965,,,0.9478821744561519,,0.9479213084451487,0.05207869155485134,0.8992352288257044,0.14525448149141465,10,0.025,0.15,0.8593815118029744,0.9228106948919259,0.9537876166600049,0.96726739592188,0.9631093439818972,1.0,0.9663237440474344,0.9677129834250675,0.9608141947062433,0.9551700427556864,0.9561087875293504,0.9494912220145815
1,6,2.2192158571605023,0.19442198868229588,3711,2.2838184436162314,0.16442048517520216,742,2.2866850080369394,0.1457,0.9829528220417519,0.08404209859221429,,,0.9208836405383665,,0.9209288508194287,0.07907114918057134,0.8990676538024983,0.1452539207967805,10,0.025,0.15,0.8375029921204177,0.8999677949031795,0.9515722782251614,0.9619677013353055,0.9627368395093021,0.9663237440474344,1.0,0.9713640687752947,0.9682021944520054,0.9678473001514689,0.9637672884206238,0.9642706942962451
1,7,2.209096471752439,0.19553872053872054,3564,2.285770575205485,0.13464235624123422,713,2.2866849929471558,0.1457,0.9837283001274297,0.08411686187740151,,,0.9229373203830233,,0.9229753593768051,0.07702464062319492,0.8990706435521104,0.1452539618977574,10,0.025,0.15,0.8373400228556777,0.9015951801441124,0.9494710304042617,0.9630460965505548,0.9721888806018525,0.9677129834250675,0.9713640687752947,1.0,0.9669070146830107,0.9682868039662609,0.9668303406350355,0.9593490530930717
1,8,2.2155120469905714,0.1975588491717524,3441,2.2869072755177817,0.13372093023255813,688,2.2866857715799838,0.1456,0.9745687248372245,0.0829392167769756,,,0.8905884742769842,,0.890627320889241,0.10937267911075899,0.8990124935922646,0.14525260976581178,10,0.025,0.15,0.8110781359973325,0.8807795030766564,0.930384313070757,0.9496458870826896,0.9455170504930402,0.9608141947062433,0.9682021944520054,0.9669070146830107,1.0,0.9711750725709126,0.9631191815095858,0.9713511627916039
1,9,2.2151589155197144,0.20242951409718057,3334,2.282300670941671,0.17091454272863568,667,2.286685732346547,0.1456,0.9742878658640178,0.08304309893276163,,,0.8934420231683015,,0.8934907824594411,0.10650921754055886,0.8990144888554651,0.1452528079318343,10,0.025,0.15,0.8145648223028265,0.8823263771464038,0.9344710525464046,0.9485479768628005,0.9543679776851316,0.9551700427556864,0.9678473001514689,0.9682868039662609,0.9711750725709126,1.0,0.9545480746234891,0.9640003313207982
1,10,2.223618012208205,0.19333539031163222,3241,2.287604252497355,0.1419753086419753,648,2.2866860643217835,0.1456,0.9678598939197035,0.08245249450326096,,,0.8772186535023874,,0.877258998861217,0.12274100113878295,0.8989989652791469,0.14525165790350072,10,0.025,0.15,0.79634808619333,0.871924371574897,0.9163659336354342,0.9393470535907207,0.943292318574554,0.9561087875293504,0.9637672884206238,0.9668303406350355,0.9631191815095858,0.9545480746234891,1.0,0.9694142872986826
1,11,2.2335762844085694,0.18657803102247547,3159,2.2845232009887697,0.14082278481012658,632,2.28668800486794,0.1456,0.9635690439533322,0.08168251545469536,,,0.8560680252376284,,0.8561089930847816,0.1438910069152184,0.8990339608863789,0.14524634720745613,10,0.025,0.15,0.7836766762534979,0.8571898452077978,0.9114874849465335,0.9297611189273954,0.9320994313571118,0.9494912220145815,0.9642706942962451,0.9593490530930717,0.9713511627916039,0.9640003313207982,0.9694142872986826,1.0
2,0,1.9847256693575117,0.284572680788897,6845,2.2711366306651724,0.20306793279766253,1369,2.270137491105478,0.202,0.9072274564876315,0.07792061369942851,,,0.75,,0.7500041260253173,0.2499958739746827,0.9613743752177404,0.14522517563991919,10,0.025,0.15,1.0,0.9523309546424793,0.9259331939321892,0.9103404625251059,0.8866906816566834,0.8815896131980593,0.8637663389291593,0.8464756273491024,0.8327778853368435,0.828707458850603,0.8156847784826449,0.8058680884041052
2,1,2.033590702955113,0.27228915662650605,5478,2.270793358484904,0.1843065693430657,1096,2.270079959796954,0.2022,0.9469691311603878,0.08243075525323866,,,0.8830996282455768,,0.8831344589130399,0.11686554108696012,0.9617615892268022,0.14530041798164609,10,0.025,0.15,0.9523309546424793,1.0,0.9534089267823722,0.944566372243088,0.9258872421786006,0.9252842275181884,0.9066287846542573,0.8941103106250856,0.888712145176177,0.8796046565776048,0.8715750918947843,0.8651610850351243
2,2,2.0851265232813985,0.2469917012448133,4820,2.271841198205948,0.18983402489626555,964,2.270079470887969,0.2023,0.9765164145705744,0.08450297321683532,,,0.9442532389045409,,0.944315162317836,0.055684837682164035,0.9617985734861707,0.14530400341771843,10,0.025,0.15,0.9259331939321892,0.9534089267823722,1.0,0.9665538103023067,0.9598438866447628,0.95417560021215,0.9511020101791202,0.9426558769213493,0.9339294413277438,0.9286450492213865,0.9177444246352457,0.9129529748692857
2,3,2.0897651147842407,0.25254198819791196,4406,2.2703772953578403,0.22360953461975028,881,2.2700789970687674,0.2023,0.9833128886706421,0.08537541394781394,,,0.9699999999704888,,0.9700285520951957,0.029971447904804327,0.9618034887601323,0.14530430546768278,10,0.025,0.15,0.9103404625251059,0.944566372243088,0.9665538103023067,1.0,0.9658772816494022,0.9649379489604853,0.9602560539246323,0.9557219402045714,0.9492015113616072,0.9413551679074296,0.9363496993875996,0.9293811467212479
2,4,2.098261175733624,0.241147859922179,4112,2.2716174125671387,0.20316301703163017,822,2.2700792747207834,0.2023,0.982811256417484,0.0850101164393615,,,0.9592196370940776,,0.9592678780676999,0.040732121932300136,0.9618037464081304,0.1453042263864255,10,0.025,0.15,0.8866906816566834,0.9258872421786006,0.9598438866447628,0.9658772816494022,1.0,0.960481859230001,0.9649562367242366,0.9677435875071667,0.9522323724045724,0.9544603621538068,0.9413795126874702,0.9380875773084963
2,5,2.1035673272225166,0.25353561326819235,3889,2.2728371960776195,0.21079691516709512,778,2.2700794346724886,0.2023,0.9824626834857292,0.0848479978969759,,,0.9544353265650636,,0.9544734366490073,0.0455265633509927,0.9618031688987286,0.14530416494520143,10,0.025,0.15,0.8815896131980593,0.9252842275181884,0.95417560021215,0.9649379489604853,0.960481859230001,1.0,0.9630922560962449,0.9596316341493119,0.9597417693999643,0.9478098411852722,0.9495624188474209,0.9475621836845208
2,6,2.1342600436046206,0.2322824036647804,3711,2.2671645482381186,0.215633423180593,742,2.270078722434708,0.2014,0.9824094208528831,0.08423635307738886,,,0.9363849622618425,,0.9364096978099058,0.0635903021900942,0.9618017546639512,0.14530376875715634,10,0.025,0.15,0.8637663389291593,0.9066287846542573,0.9511020101791202,0.9602560539246323,0.9649562367242366,0.9630922560962449,1.0,0.9664182580569647,0.9653628536184388,0.9576569646467504,0.9578330154953241,0.9556940695377699
2,7,2.123121993456568,0.23939393939393938,3564,2.268423080444336,0.2061711079943899,713,2.2700787435604046,0.2014,0.9799234450796537,0.0842015549747673,,,0.9353580289677716,,0.9353946955818521,0.06460530441814794,0.9618024485659984,0.14530374561726433,10,0.025,0.15,0.8464756273491024,0.8941103106250856,0.9426558769213493,0.9557219402045714,0.9677435875071667,0.9596316341493119,0.9664182580569647,1.0,0.965440824890136,0.963819483081422,0.9614033460745768,0.9596499833439582
2,8,2.132879078388214,0.23597791339726823,3441,2.2707231839497886,0.19476744186046513,688,2.270079528229146,0.2013,0.9760031439368935,0.08334274839501386,,,0.9100136278805213,,0.9100691521843178,0.08993084781568217,0.9617691647931594,0.14530269378531852,10,0.025,0.15,0.8327778853368435,0.888712145176177,0.9339294413277438,0.9492015113616072,0.9522323724045724,0.9597417693999643,0.9653628536184388,0.965440824890136,1.0,0.9639083045402858,0.9629252903604123,0.9636373776724614
2,9,2.1304248209352847,0.24112177564487103,3334,2.2647233406702676,0.20089955022488756,667,2.270079208325736,0.2013,0.970217144651986,0.08321824161136837,,,0.9063392849758585,,0.9063887376012939,0.0936112623987061,0.9617782212691868,0.14530244218441676,10,0.025,0.15,0.828707458850603,0.8796046565776048,0.9286450492213865,0.9413551679074296,0.9544603621538068,0.9478098411852722,0.9576569646467504,0.963819483081422,0.9639083045402858,1.0,0.950347918816173,0.9542239802724276
2,10,2.1432748886255117,0.2355445850046282,3241,2.2724591890970864,0.19135802469135801,648,2.270079706288591,0.2013,0.9668390604177681,0.08274142323106597,,,0.8922678088588187,,0.8923107392186959,0.10768926078130414,0.9617544402477303,0.14530132327598014,10,0.025,0.15,0.8156847784826449,0.8715750918947843,0.9177444246352457,0.9363496993875996,0.9413795126874702,0.9495624188474209,0.9578330154953241,0.9614033460745768,0.9629252903604123,0.950347918816173,1.0,0.9667970011926471
2,11,2.1534943470954895,0.22503956948401393,3159,2.267724084854126,0.2088607594936709,632,2.2700831045078327,0.2013,0.964027781032552,0.08217180825674174,,,0.8754577951550093,,0.8755013120760509,0.12449868792394914,0.9616924343137953,0.14529951871456137,10,0.025,0.15,0.8058680884041052,0.8651610850351243,0.9129529748692857,0.9293811467212479,0.9380875773084963,0.9475621836845208,0.9556940695377699,0.9596499833439582,0.9636373776724614,0.9542239802724276,0.9667970011926471,1.0
3,0,1.9210172483214625,0.30685171658144633,6845,2.2492696805433794,0.2308254200146092,1369,2.2481088215791725,0.2384,0.9224180071377073,0.07845889235389773,,,0.75,,0.7500041260253173,0.2499958739746827,0.973884023603815,0.14529269215563653,10,0.025,0.15,1.0,0.9516007769790822,0.9318455167586783,0.9240578780164209,0.9040344636808222,0.8948365220602161,0.8846136371827812,0.8671561202083841,0.852732006876744,0.8519152533768839,0.8365188566920837,0.8341308769760206
3,1,1.9653651739275733,0.29713399050748446,5478,2.248300075531006,0.21076642335766424,1096,2.2480124914193453,0.2334,0.9520265204464291,0.08222366336623824,,,0.8764961786002393,,0.8765493225066429,0.12345067749335714,0.9742901543710977,0.14537542997586017,10,0.025,0.15,0.9516007769790822,1.0,0.9520985877244545,0.9446466499518658,0.9313969942543507,0.9259827527282601,0.9155097863781255,0.901640950182174,0.8971458173609684,0.8916981119166867,0.8808911953929356,0.8809962345052303
3,2,2.0149291436923176,0.2713278008298755,4820,2.250201851129532,0.23651452282157676,964,2.2480080429511733,0.2335,0.9734859168452746,0.08420991159412139,,,0.9432340518347966,,0.9432836559885132,0.05671634401148684,0.9743105723052743,0.1453827434348207,10,0.025,0.15,0.9318455167586783,0.9520985877244545,1.0,0.9618992028785838,0.9545454152424288,0.9480154093089336,0.9469976625754721,0.93826030092246,0.9310578269063297,0.9252261691917102,0.9155241515134797,0.9139868732818934
3,3,2.0194846599442617,0.2786200635497049,4406,2.247483117239816,0.26220204313280365,881,2.2480075812037987,0.2335,0.9813066911443911,0.08500651799566433,,,0.9699999999664,,0.9700285520951957,0.029971447904804327,0.9743202728979996,0.1453832177144337,10,0.025,0.15,0.9240578780164209,0.9446466499518658,0.9618992028785838,1.0,0.9637991020527331,0.9589234068348773,0.9577448465075526,0.9500016914791138,0.9481006246762163,0.9396623660022574,0.9315001032607022,0.9288114727245378
3,4,2.028929354205276,0.2660262645914397,4112,2.2501961503710066,0.22871046228710462,822,2.2480077592632437,0.2335,0.9812472208752894,0.08477795264472737,,,0.962320211910453,,0.9623541450050338,0.0376458549949662,0.9743222183315374,0.14538314491786042,10,0.025,0.15,0.9040344636808222,0.9313969942543507,0.9545454152424288,0.9637991020527331,1.0,0.9573004690439212,0.958303659812363,0.9592660514753001,0.9505823325946663,0.9477256090822385,0.9400599988836417,0.9404197741534556
3,5,2.0316404581069945,0.27721779377732064,3889,2.2511372225625172,0.22879177377892032,778,2.2480081697053547,0.2335,0.9797713428860452,0.08462918761157703,,,0.9573217118313853,,0.9573534023204766,0.04264659767952339,0.9743194128338787,0.14538307653926763,10,0.025,0.15,0.8948365220602161,0.9259827527282601,0.9480154093089336,0.9589234068348773,0.9573004690439212,1.0,0.9610842427662668,0.9538246558949413,0.9569605732196357,0.9416908961183483,0.9441569536645132,0.9472728004284897
3,6,2.0617581671681897,0.25968741579089194,3711,2.245089292526245,0.24797843665768193,742,2.2480087702787377,0.233,0.9819268556941498,0.08432011591037822,,,0.946936913131286,,0.9469805746728062,0.053019425327193836,0.9743191474491208,0.14538286296780029,10,0.025,0.15,0.8846136371827812,0.9155097863781255,0.9469976625754721,0.9577448465075526,0.958303659812363,0.9610842427662668,1.0,0.9609107012795924,0.9650862740214688,0.9524158194429625,0.9553090240369859,0.9568266965802807
3,7,2.0511084015880314,0.26531986531986534,3564,2.2455046574274697,0.2300140252454418,713,2.2480087008657335,0.233,0.9780802411059761,0.08417292964039017,,,0.9419914594410397,,0.9420541004439603,0.05794589955603968,0.9743135766264591,0.14538271650705825,10,0.025,0.15,0.8671561202083841,0.901640950182174,0.93826030092246,0.9500016914791138,0.9592660514753001,0.9538246558949413,0.9609107012795924,1.0,0.961714771181555,0.9580094706564675,0.956795340475449,0.9617277633413509
3,8,2.0619119750128854,0.2597791339726824,3441,2.2491677602132163,0.22674418604651161,688,2.2480110428001305,0.2329,0.975246889906829,0.08354762904587223,,,0.9209813806278261,,0.9210278754270437,0.07897212457295633,0.9743275555128442,0.1453817061278062,10,0.025,0.15,0.852732006876744,0.8971458173609684,0.9310578269063297,0.9481006246762163,0.9505823325946663,0.9569605732196357,0.9650862740214688,0.961714771181555,1.0,0.955987215966894,0.9560535706828803,0.9605375427036907
3,9,2.0565344474933767,0.2685962807438512,3334,2.2413305838902793,0.239880059970015,667,2.248011220859576,0.2329,0.9687341030361699,0.0832577343919767,,,0.9112409300680916,,0.9112904556782361,0.08870954432176392,0.9743238259476523,0.14538099640679655,10,0.025,0.15,0.8519152533768839,0.8916981119166867,0.9252261691917102,0.9396623660022574,0.9477256090822385,0.9416908961183483,0.9524158194429625,0.9580094706564675,0.955987215966894,1.0,0.9464199562864144,0.9499975882645829
3,10,2.0771958612478696,0.26235729713051525,3241,2.25213094552358,0.22376543209876543,648,2.2480115105834186,0.2329,0.9655640317110353,0.08285841747410101,,,0.8978238951418963,,0.8978726213464046,0.10212737865359545,0.9743198911409812,0.14537833883742998,10,0.025,0.15,0.8365188566920837,0.8808911953929356,0.9155241515134797,0.9315001032607022,0.9400599988836417,0.9441569536645132,0.9553090240369859,0.956795340475449,0.9560535706828803,0.9464199562864144,1.0,0.9604108066411463
3,11,2.084263949871063,0.2506805951250396,3159,2.245222043991089,0.25,632,2.248018373416949,0.2329,0.9665443406489779,0.08253704797105553,,,0.8870258907159542,,0.8870706870657359,0.11292931293426411,0.9743080078112794,0.1453770604077411,10,0.025,0.15,0.8341308769760206,0.8809962345052303,0.9139868732818934,0.9288114727245378,0.9404197741534556,0.9472728004284897,0.9568266965802807,0.9617277633413509,0.9605375427036907,0.9499975882645829,0.9604108066411463,1.0
4,0,1.8697144386944948,0.3266471877282688,6845,2.2221263538707388,0.25931336742147554,1369,2.2206821894343896,0.2699,0.9328327151229349,0.07915967710520216,,,0.75,,0.7500041260253173,0.2499958739746827,0.9835156005437339,0.14515697173132106,10,0.025,0.15,1.0,0.9456447210459954,0.9326493179822913,0.9309780282300768,0.9100456155782253,0.9064130279215223,0.8987795254753489,0.8799833281964557,0.8691871315738766,0.8557375643286189,0.8591823353965582,0.8547820425690879
4,1,1.9102674376132875,0.3187294633077766,5478,2.220227532916599,0.2645985401459854,1096,2.220539793183532,0.2701,0.9580743054056067,0.08232051717650456,,,0.8755543826313059,,0.8756085887343005,0.12439141126569953,0.984118559821849,0.14523000610987047,10,0.025,0.15,0.9456447210459954,1.0,0.9492848961268158,0.9465527950862443,0.9346978056683362,0.9327609359493042,0.9231886587718375,0.9122125210719739,0.9062628317914467,0.8906796753829971,0.8960593940159679,0.8954612720752666
4,2,1.959423698249616,0.2919917012448133,4820,2.2236154675483704,0.254149377593361,964,2.2205308962471877,0.2704,0.9732341820618136,0.08404832665223759,,,0.9441861536594414,,0.9442408938621247,0.05575910613787527,0.9842134901945034,0.1452370260513433,10,0.025,0.15,0.9326493179822913,0.9492848961268158,1.0,0.9572207626537899,0.9509861443758637,0.9456594539252328,0.9460363642767758,0.9355391941427305,0.9302016877312421,0.9179946729681151,0.9203574873967907,0.9201842777584903
4,3,1.9612664447511945,0.30088515660463006,4406,2.2193401881626675,0.282633371169126,881,2.220530413374116,0.2704,0.977994929003376,0.08469819197809983,,,0.9699999999602781,,0.9700285520951957,0.029971447904804327,0.9842108226446419,0.14523732156014169,10,0.025,0.15,0.9309780282300768,0.9465527950862443,0.9572207626537899,1.0,0.954588315029414,0.952180343269764,0.9527197630674391,0.944175105557565,0.9428411257568734,0.9236973519442822,0.9278966213756163,0.9277943976759081
4,4,1.9646641449494795,0.2897130350194553,4112,2.2232248101915633,0.2737226277372263,822,2.2205306487747385,0.2704,0.9767680468539487,0.08451627317337422,,,0.9627738503604544,,0.9628080077899358,0.037191992210064195,0.9842107569061059,0.14523727748835585,10,0.025,0.15,0.9100456155782253,0.9346978056683362,0.9509861443758637,0.954588315029414,1.0,0.9518693837074512,0.9531285400818318,0.9495736138380004,0.9413917725272836,0.9283532012931929,0.9328755779214354,0.9377645764561091
4,5,1.9689997111597368,0.29989714579583443,3889,2.2243871688842773,0.2712082262210797,778,2.2205311165580266,0.2704,0.9775912061795734,0.08445083754708398,,,0.960174626902249,,0.9602168638906768,0.03978313610932316,0.9842087514482654,0.14523725479945523,10,0.025,0.15,0.9064130279215223,0.9327609359493042,0.9456594539252328,0.952180343269764,0.9518693837074512,1.0,0.9555160089070688,0.9455154802929346,0.9487151776478164,0.9325774257659383,0.9413625676246368,0.942310468737884
4,6,1.9989418564171626,0.28146052277014283,3711,2.2176517248153687,0.28706199460916443,742,2.2205332804329787,0.2709,0.9797241540145367,0.08432869827227472,,,0.955323030207136,,0.9553729101681768,0.044627089831823175,0.9842081917827407,0.14523720221430106,10,0.025,0.15,0.8987795254753489,0.9231886587718375,0.9460363642767758,0.9527197630674391,0.9531285400818318,0.9555160089070688,1.0,0.953735553092922,0.958299813114219,0.9382630126271213,0.9488347071927055,0.9507362032273919
4,7,1.9887100364480699,0.2895061728395062,3564,2.2167377869288125,0.2664796633941094,713,2.220533045032356,0.2709,0.9750940341085306,0.08408612373237236,,,0.9456875232177029,,0.9457345150269842,0.054265484973015754,0.9842132458405086,0.14523704425405778,10,0.025,0.15,0.8799833281964557,0.9122125210719739,0.9355391941427305,0.944175105557565,0.9495736138380004,0.9455154802929346,0.953735553092922,1.0,0.9536412977204121,0.9437684653530146,0.9511596643200286,0.9555480341295496
4,8,2.0002439830038283,0.2791920953211276,3441,2.222267468770345,0.2616279069767442,688,2.22053567367264,0.2707,0.9724898374574888,0.08361300791221485,,,0.9268944924496185,,0.9269363436814049,0.07306365631859513,0.9841980338335216,0.1452365137216365,10,0.025,0.15,0.8691871315738766,0.9062628317914467,0.9302016877312421,0.9428411257568734,0.9413917725272836,0.9487151776478164,0.958299813114219,0.9536412977204121,1.0,0.9436608336323915,0.9480734476704751,0.9520257439942533
4,9,1.9993332739229555,0.28818236352729454,3334,2.2123407125473022,0.28785607196401797,667,2.2205377922782414,0.2707,0.9600350892421351,0.08302629658206821,,,0.9035892390430453,,0.9036325526893433,0.09636744731065672,0.9841634376417834,0.145235050317821,10,0.025,0.15,0.8557375643286189,0.8906796753829971,0.9179946729681151,0.9236973519442822,0.9283532012931929,0.9325774257659383,0.9382630126271213,0.9437684653530146,0.9436608336323915,1.0,0.9384405904988644,0.9367438058766888
4,10,2.0145411385939673,0.2871336007405122,3241,2.2266486485799155,0.25,648,2.220538788203952,0.2707,0.9656716102268442,0.0829625880223842,,,0.9010586178477247,,0.9010991731445264,0.09890082685547363,0.9841405654304735,0.14523481884665534,10,0.025,0.15,0.8591823353965582,0.8960593940159679,0.9203574873967907,0.9278966213756163,0.9328755779214354,0.9413625676246368,0.9488347071927055,0.9511596643200286,0.9480734476704751,0.9384405904988644,1.0,0.9513372731138011
4,11,2.02348029088974,0.27299778410889525,3159,2.2171374797821044,0.2911392405063291,632,2.220546897453598,0.2706,0.9664772019708241,0.0827894618461832,,,0.8941817276287021,,0.8942334670165536,0.1057665329834464,0.9841374049757108,0.1452325820880384,10,0.025,0.15,0.8547820425690879,0.8954612720752666,0.9201842777584903,0.9277943976759081,0.9377645764561091,0.942310468737884,0.9507362032273919,0.9555480341295496,0.9520257439942533,0.9367438058766888,0.9513372731138011,1.0
5,0,1.8279049021226388,0.34176771365960557,6845,2.1900992826981978,0.2724616508400292,1369,2.1882528806034522,0.2933,0.9392750081614857,0.07984756996948492,,,0.75,,0.7500041260253173,0.2499958739746827,0.9889781818219746,0.14492535728873823,10,0.025,0.15,1.0,0.9404136932061625,0.9325107893486668,0.9319249448288679,0.9105292597292094,0.9122020468253365,0.9047003787603692,0.889246855507143,0.876783167953138,0.8632722869473185,0.8729413224134785,0.8667656481587787
5,1,1.865664264213207,0.3322380430814166,5478,2.1870401170518665,0.2947080291970803,1096,2.188029874729205,0.295,0.958220088448666,0.08242933164090496,,,0.8722990527458375,,0.8723242725817366,0.12767572741826339,0.9893675309927589,0.14501224113224256,10,0.025,0.15,0.9404136932061625,1.0,0.9421597319668302,0.9422421213020988,0.9301107451587964,0.931385174616242,0.9215591014212656,0.9128604951756223,0.9052783178244662,0.8917373282375748,0.9005129690790677,0.8997124837622068
5,2,1.9095215671940853,0.31031120331950207,4820,2.192082107067108,0.27593360995850624,964,2.1880100045023085,0.295,0.9717367882398376,0.08394389332613664,,,0.9440444278048341,,0.9440841049000677,0.05591589509993233,0.9894052793421294,0.14502156743281452,10,0.025,0.15,0.9325107893486668,0.9421597319668302,1.0,0.9499908744790542,0.9431817165068167,0.9422343847855439,0.9416920755115461,0.9315935158058234,0.926610543988819,0.9160546552916375,0.9243214277311878,0.9222484993447359
5,3,1.910209380217961,0.3192464820699047,4406,2.185940674373082,0.3087400681044268,881,2.1880073426645015,0.295,0.9761557666571936,0.08449182153838714,,,0.9699999999526296,,0.9700285520951957,0.029971447904804327,0.9894060436376247,0.14502210268079715,10,0.025,0.15,0.9319249448288679,0.9422421213020988,0.9499908744790542,1.0,0.9470246954666698,0.947990835297082,0.9478714961365878,0.9410848982169493,0.9395785028408896,0.9195883780123175,0.9287111957101072,0.9271697937744109
5,4,1.918248964800979,0.3084873540856031,4112,2.191089596067156,0.29927007299270075,822,2.188007795358006,0.295,0.9733490366625928,0.08428713997298388,,,0.960304154731725,,0.9603406446501955,0.03965935534980447,0.9894064815614296,0.14502198460293822,10,0.025,0.15,0.9105292597292094,0.9301107451587964,0.9431817165068167,0.9470246954666698,1.0,0.9447424349451929,0.945207493081607,0.9447505759500582,0.9362881184069599,0.9235667888093226,0.9320040267629384,0.9322798435589937
5,5,1.9183149287777563,0.31596811519670864,3889,2.1925747394561768,0.29562982005141386,778,2.188008426110956,0.295,0.9748648677805436,0.08429604707116788,,,0.9607260874308874,,0.9607697512831939,0.03923024871680614,0.9894067194282367,0.1450219852382234,10,0.025,0.15,0.9122020468253365,0.931385174616242,0.9422343847855439,0.947990835297082,0.9447424349451929,1.0,0.9505508584267708,0.9382437682322126,0.941686202016164,0.9224900637646295,0.9376195036977452,0.9382988558642165
5,6,1.9458420852134968,0.30468876313662085,3711,2.1853870948155723,0.32075471698113206,742,2.1880114018162593,0.2954,0.976845893497366,0.08428494824027576,,,0.9602003315023993,,0.9602416200425806,0.039758379957419376,0.9894070665241609,0.14502198449334036,10,0.025,0.15,0.9047003787603692,0.9215591014212656,0.9416920755115461,0.9478714961365878,0.945207493081607,0.9505508584267708,1.0,0.9459938409414115,0.9516380388496336,0.931856568620376,0.9434550110318229,0.9454839905504514
5,7,1.9357556611299516,0.3057800224466891,3564,2.182970881462097,0.28892005610098176,713,2.188012080856516,0.2954,0.9724943043364922,0.08399211805770389,,,0.9463288520624585,,0.9463699229258471,0.053630077074152904,0.9894032770956879,0.14502164657294633,10,0.025,0.15,0.889246855507143,0.9128604951756223,0.9315935158058234,0.9410848982169493,0.9447505759500582,0.9382437682322126,0.9459938409414115,1.0,0.9460092828036175,0.935090755209401,0.9439595050113603,0.9504011732593931
5,8,1.9459315489839624,0.2986050566695728,3441,2.190245032310486,0.2936046511627907,688,2.1880145827426185,0.2953,0.9693133955743801,0.0835943977088179,,,0.9274886847205415,,0.9275222392764602,0.07247776072353984,0.9893984916619118,0.1450207446540153,10,0.025,0.15,0.876783167953138,0.9052783178244662,0.926610543988819,0.9395785028408896,0.9362881184069599,0.941686202016164,0.9516380388496336,0.9460092828036175,1.0,0.9349905538489218,0.9400059035724944,0.9430600848724191
5,9,1.9463835451338025,0.30689862027594483,3334,2.178099433581034,0.3118440779610195,667,2.188021092475215,0.2953,0.9568698458826702,0.08282343942716161,,,0.8909680915934226,,0.8909986631677972,0.10900133683220281,0.9893901791131209,0.1450157282654898,10,0.025,0.15,0.8632722869473185,0.8917373282375748,0.9160546552916375,0.9195883780123175,0.9235667888093226,0.9224900637646295,0.931856568620376,0.935090755209401,0.9349905538489218,1.0,0.929270361574788,0.9303201097352186
5,10,1.9637380036023946,0.3050910212897254,3241,2.1963440577189126,0.28858024691358025,648,2.188020832930939,0.2952,0.965132189317083,0.08305389557284712,,,0.9018848886892955,,0.9019243782079847,0.09807562179201534,0.9894116938922558,0.1450186350575319,10,0.025,0.15,0.8729413224134785,0.9005129690790677,0.9243214277311878,0.9287111957101072,0.9320040267629384,0.9376195036977452,0.9434550110318229,0.9439595050113603,0.9400059035724944,0.929270361574788,1.0,0.9412322188729902
5,11,1.9685515213012694,0.2930674264007597,3159,2.183727979660034,0.31170886075949367,632,2.1880319359936293,0.2953,0.9654075778643659,0.08295539747412817,,,0.897218995511027,,0.8972537175488109,0.10274628245118911,0.9894109487113556,0.14501653635225564,10,0.025,0.15,0.8667656481587787,0.8997124837622068,0.9222484993447359,0.9271697937744109,0.9322798435589937,0.9382988558642165,0.9454839905504514,0.9504011732593931,0.9430600848724191,0.9303201097352186,0.9412322188729902,1.0
6,0,1.7928860553988704,0.3527100073046019,6845,2.1533090851523657,0.27903579254930605,1369,2.150997708115397,0.3112,0.9402318061392452,0.08037105153202594,,,0.75,,0.7500041260253173,0.2499958739746827,0.9923596201901427,0.1445909776744495,10,0.025,0.15,1.0,0.9331485150641465,0.9265377447007589,0.9258578187024405,0.906029048390243,0.9096151152911038,0.9034966638777511,0.8869277158365501,0.87855718300673,0.8688437526445931,0.8762778346645136,0.872810086138239
6,1,1.8267804508985475,0.3462212486308872,5478,2.1489628420935736,0.3193430656934307,1096,2.1506781396986563,0.3124,0.9587982437250061,0.08258266769863033,,,0.8724218142502399,,0.8724480533412553,0.1275519466587447,0.992915481312836,0.14468981933824754,10,0.025,0.15,0.9331485150641465,1.0,0.9360903647563606,0.937931018018412,0.9250052503196486,0.926525081645816,0.9184005466967002,0.9140035253343416,0.9059557144287987,0.896540635648759,0.9031426419235715,0.9034989533752757
6,2,1.8721273048927909,0.3215560165975104,4820,2.156275361776352,0.29149377593361,964,2.1506467046616953,0.3128,0.9696783816200126,0.08387970643729699,,,0.944218104193357,,0.9442656500140285,0.05573434998597149,0.9929869333061864,0.14470478425152494,10,0.025,0.15,0.9265377447007589,0.9360903647563606,1.0,0.9446481234412601,0.9362717211751597,0.9366133554328344,0.9354456255779199,0.9258689433690853,0.9237561161342317,0.9140109171374429,0.9222659650830026,0.9228243645556794
6,3,1.8699735845838275,0.3342260553790286,4406,2.147697925567627,0.3178206583427923,881,2.1506402854677997,0.3129,0.9735084220881136,0.08434547030298115,,,0.9699999999446459,,0.9700285520951957,0.029971447904804327,0.9929905648437443,0.14470557070676918,10,0.025,0.15,0.9258578187024405,0.937931018018412,0.9446481234412601,1.0,0.9402443410567927,0.9411665398106758,0.940565215180359,0.9363312689061805,0.9356818612398592,0.9200649397223513,0.9221531738462062,0.9234175874915004
6,4,1.8749051383047393,0.3204523346303502,4112,2.1538744313376292,0.3236009732360097,822,2.1506428507309927,0.313,0.9694637106451119,0.08408598735618156,,,0.9556365793864681,,0.9556782360416564,0.04432176395834364,0.9929887139305997,0.1447052403374135,10,0.025,0.15,0.906029048390243,0.9250052503196486,0.9362717211751597,0.9402443410567927,1.0,0.9381756605627058,0.9384587584899584,0.9361256412951897,0.9276493219650608,0.9180716637533342,0.9278917237096009,0.9266609753541396
6,5,1.8741693200603609,0.33178194908716896,3889,2.1559206417628696,0.32390745501285345,778,2.1506427330306814,0.3129,0.9719774765716831,0.08417373914384918,,,0.9604939923554039,,0.960530441814791,0.03946955818520903,0.9929884270587819,0.14470537836115946,10,0.025,0.15,0.9096151152911038,0.926525081645816,0.9366133554328344,0.9411665398106758,0.9381756605627058,1.0,0.9428252326077782,0.9328899307872661,0.9359507251454215,0.9196037291187776,0.9337037430285641,0.9327663221056859
6,6,1.9033122486081617,0.31773106979250876,3711,2.148341178894043,0.3261455525606469,742,2.150646037693265,0.3129,0.9725818622764592,0.08418660944316204,,,0.961206414979011,,0.961240118169365,0.038759881830634946,0.9929904615742482,0.14470539721808912,10,0.025,0.15,0.9034966638777511,0.9184005466967002,0.9354456255779199,0.940565215180359,0.9384587584899584,0.9428252326077782,1.0,0.9364581183194373,0.9418541223233138,0.9256247796711567,0.9345488891907661,0.9388519295013038
6,7,1.8931112234081542,0.32152076318742984,3564,2.144463896751404,0.30575035063113604,713,2.150649381589286,0.3129,0.9691629113454784,0.08389281522344258,,,0.9449437280185011,,0.9449918304698718,0.055008169530128215,0.9929880601375913,0.14470478834930753,10,0.025,0.15,0.8869277158365501,0.9140035253343416,0.9258689433690853,0.9363312689061805,0.9361256412951897,0.9328899307872661,0.9364581183194373,1.0,0.9387029869932098,0.9306347079361821,0.9368159211531183,0.9420072385422764
6,8,1.9020430410349811,0.3133391455972101,3441,2.1530487537384033,0.33430232558139533,688,2.1506509599806387,0.3128,0.9663050007164907,0.08355218933547627,,,0.926088720619338,,0.9261193906685812,0.07388060933141882,0.9929750254022482,0.14470337082133425,10,0.025,0.15,0.87855718300673,0.9059557144287987,0.9237561161342317,0.9356818612398592,0.9276493219650608,0.9359507251454215,0.9418541223233138,0.9387029869932098,1.0,0.9307867955899608,0.9310542337183434,0.9335553876275761
6,9,1.9076506928161339,0.3213257348530294,3334,2.1388623317082724,0.328335832083958,667,2.1506736369072637,0.3127,0.9566566582719749,0.08275753221682874,,,0.8821012658156131,,0.8821359607862553,0.11786403921374466,0.9929159611045891,0.14469412796503356,10,0.025,0.15,0.8688437526445931,0.896540635648759,0.9140109171374429,0.9200649397223513,0.9180716637533342,0.9196037291187776,0.9256247796711567,0.9306347079361821,0.9307867955899608,1.0,0.9220150871799588,0.9265195416468472
