round,client_id,client_i_training_loss,client_i_training_accuracy,client_i_training_dataset_size,client_i_evaluation_loss,client_i_evaluation_accuracy,client_i_evaluation_dataset_size,client_i_central_evaluation_loss,client_i_central_evaluation_accuracy,client_i_cosine_similarity,client_i_importance_coefficient,client_i_tanh_val,tanh_normalization_value,client_i_q,client_i_mask_order,client_i_v_nonzero_fraction,client_i_v_sparsity,client_i_v_cosine_similarity,client_i_reward_gradient_norm,local_epochs,learning_rate,gamma,client_0_cosine_similarity,client_1_cosine_similarity,client_2_cosine_similarity,client_3_cosine_similarity,client_4_cosine_similarity,client_5_cosine_similarity,client_6_cosine_similarity,client_7_cosine_similarity,client_8_cosine_similarity,client_9_cosine_similarity,client_10_cosine_similarity,client_11_cosine_similarity
0,0,2.2823924033730116,0.15111760409057706,6845,2.3011920885606245,0.13221329437545654,1369,2.2998345290558246,0.139,0.8821834287624635,0.08120334913251462,,,0.8639680229778773,,0.863989701440808,0.136010298559192,0,0.1362876801306479,10,0.025,0.15,1.0,0.8843567184367761,0.874915794375142,0.8491231207141218,0.7843292737572034,0.7040806606107546,0.7375984536153303,0.6962858883206694,0.7262278486701167,0.7089985959635211,0.6999567652871781,0.6741940593377312
0,1,2.2968763362529665,0.162504563709383,5478,2.3000737296210394,0.13594890510948904,1096,2.2998294920860967,0.139,0.9562690719406948,0.08802279523925925,,,0.9899671191194417,,0.9899902625802512,0.010009737419748754,0,0.13633575478932963,10,0.025,0.15,0.8843567184367761,1.0,0.9407680484640094,0.8762833030237579,0.8924206384318514,0.8223627527932817,0.8800752103476365,0.8068351614326106,0.7977427660168313,0.7344604514993637,0.8595459723637285,0.8047570671808644
0,2,2.297440828775105,0.14846473029045643,4820,2.296912670135498,0.13278008298755187,964,2.2998295041579233,0.139,0.9621682605409272,0.08856580461337005,,,0.9999999999815236,,1.0,0.0,0,0.13633575838440504,10,0.025,0.15,0.874915794375142,0.9407680484640094,1.0,0.9139560310264956,0.8954259176343715,0.816404200376041,0.8807478100738135,0.851167927425099,0.8013838487277949,0.7819265955566976,0.8391994633185116,0.7893030841253043
0,3,2.297558971132551,0.12387653200181571,4406,2.2990659986223494,0.14301929625425652,881,2.299829558481144,0.139,0.9431885297092587,0.08681875557695008,,,0.9677207508961477,,0.9677592381706854,0.03224076182931457,0,0.13633558933703382,10,0.025,0.15,0.8491231207141218,0.8762833030237579,0.9139560310264956,1.0,0.8530591088634659,0.8106400473106576,0.8794872702083004,0.8906470985239924,0.7561357726182562,0.7853910702527567,0.791433431131176,0.809069719965568
0,4,2.298908886042508,0.15379377431906616,4112,2.299750804901123,0.12895377128953772,822,2.299829606768451,0.139,0.9364120123070335,0.0861949897131009,,,0.9561957774864704,,0.956239375484808,0.043760624515192026,0,0.13633541635847643,10,0.025,0.15,0.7843292737572034,0.8924206384318514,0.8954259176343715,0.8530591088634659,1.0,0.805946795211657,0.8558131822946369,0.8187602273699228,0.8364834502312308,0.8204575862432344,0.8566767814449929,0.7891704876040277
0,5,2.300861753186872,0.108768320905117,3889,2.2990168843950545,0.14395886889460155,778,2.2998340612725365,0.139,0.8922500312456544,0.08212996122855853,,,0.8810885170396902,,0.8811374626594709,0.1188625373405291,0,0.1362910683933868,10,0.025,0.15,0.7040806606107546,0.8223627527932817,0.816404200376041,0.8106400473106576,0.805946795211657,1.0,0.8676719198158103,0.8189451982879932,0.6992480653414027,0.8067418024706822,0.7894642636824074,0.8614425765892241
0,6,2.2999295949935914,0.10706009161950956,3711,2.298059026400248,0.16981132075471697,742,2.299829649019845,0.139,0.9298528927234044,0.08559123491541838,,,0.9450405373674977,,0.9450908550774868,0.0549091449225132,0,0.1363351494605122,10,0.025,0.15,0.7375984536153303,0.8800752103476365,0.8807478100738135,0.8794872702083004,0.8558131822946369,0.8676719198158103,1.0,0.9192341363349581,0.7391134510402205,0.7299432299657981,0.836143524446845,0.8546279106265097
0,7,2.299687377044133,0.11301907968574636,3564,2.3003232876459756,0.14446002805049088,713,2.2998339315003986,0.139,0.8961753073611514,0.08249127561789744,,,0.8877643211690927,,0.8878051195722136,0.11219488042778636,0,0.13629196090676654,10,0.025,0.15,0.6962858883206694,0.8068351614326106,0.851167927425099,0.8906470985239924,0.8187602273699228,0.8189451982879932,0.9192341363349581,1.0,0.7039411201050763,0.7629164373918196,0.7795849000792292,0.7897486100560768
0,8,2.298156898110001,0.15138041267073526,3441,2.3018393516540527,0.1308139534883721,688,2.299835950513429,0.139,0.8586231088917462,0.07903466536703128,,,0.8238984645429878,,0.8239424997111783,0.17605750028882172,0,0.1362767316785841,10,0.025,0.15,0.7262278486701167,0.7977427660168313,0.8013838487277949,0.7561357726182562,0.8364834502312308,0.6992480653414027,0.7391134510402205,0.7039411201050763,1.0,0.7921500398834059,0.7930587028650146,0.766714908775552
0,9,2.299365088674757,0.12135572885422916,3334,2.301448861757914,0.1454272863568216,667,2.299842964244794,0.1389,0.8445711579583034,0.07774120933460273,,,0.8,,0.8000115528708884,0.19998844712911157,0,0.1362090847513277,10,0.025,0.15,0.7089985959635211,0.7344604514993637,0.7819265955566976,0.7853910702527567,0.8204575862432344,0.8067418024706822,0.7299432299657981,0.7629164373918196,0.7921500398834059,1.0,0.6510932177496556,0.6859720685800658
0,10,2.2997202038764955,0.14625115705029312,3241,2.3030899365743003,0.125,648,2.2998343811759465,0.139,0.886809510273573,0.0816291713592924,,,0.8718357023833828,,0.8718786618474691,0.1281213381525309,0,0.13628915220699842,10,0.025,0.15,0.6999567652871781,0.8595459723637285,0.8391994633185116,0.791433431131176,0.8566767814449929,0.7894642636824074,0.836143524446845,0.7795849000792292,0.7930587028650146,0.6510932177496556,1.0,0.8403223175203755
0,11,2.300812394142151,0.10899018676796454,3159,2.301116943359375,0.14240506329113925,632,2.299834779546231,0.139,0.8753765428326833,0.08057678790200438,,,0.85239140113999,,0.8524368305523923,0.14756316944760772,0,0.13628521842598287,10,0.025,0.15,0.6741940593377312,0.8047570671808644,0.7893030841253043,0.809069719965568,0.7891704876040277,0.8614425765892241,0.8546279106265097,0.7897486100560768,0.766714908775552,0.6859720685800658,0.8403223175203755,1.0
1,0,2.1253926160158936,0.22622352081811542,6845,2.2929815379056064,0.14828341855368882,1369,2.291836189318307,0.1497,0.8983911817077067,0.07973324526839273,,,0.8,,0.8000115528708884,0.19998844712911157,0.7836737665814649,0.14519891281958838,10,0.025,0.15,1.0,0.9452686614862813,0.9257891419467177,0.9035586713933141,0.8867289719637225,0.8384116719450729,0.8352681003872612,0.8302732912452591,0.8156138942477255,0.8373170132035502,0.8106491118312095,0.7961687958022946
1,1,2.19641887199047,0.20253742241694048,5478,2.2924025853474936,0.15054744525547445,1096,2.2918343694904184,0.1505,0.9615850644219582,0.08602904366908008,,,0.9768720134149697,,0.9769107623244376,0.02308923767556237,0.7828333241828423,0.1452597990617814,10,0.025,0.15,0.9452686614862813,1.0,0.976164353473677,0.9608994008858487,0.9564358141821226,0.920111605020858,0.9161367712223342,0.9097480355690188,0.8945839269571256,0.9108262910346031,0.8928769527542053,0.8770804470962716
1,2,2.2048729818118247,0.19238589211618257,4820,2.2885688841342926,0.13900414937759337,964,2.2918344358854656,0.1505,0.9764738433422521,0.08685228946113571,,,0.9999999999719064,,1.0,0.0,0.7828325742806709,0.14525983480111118,10,0.025,0.15,0.9257891419467177,0.976164353473677,1.0,0.977029326131538,0.9731755537825418,0.9420620062320979,0.93617788324006,0.9358479442893887,0.9194470420998725,0.9379157619767462,0.9105003724704638,0.9014439073503602
1,3,2.223587844371796,0.18191103041307308,4406,2.2911408969334195,0.16004540295119182,881,2.291834453993206,0.1505,0.9833753379256274,0.08599355840053134,,,0.9758751023807628,,0.9759205162482877,0.024079483751712316,0.782831726480477,0.14525979505250844,10,0.025,0.15,0.9035586713933141,0.9608994008858487,0.977029326131538,1.0,0.9747360939325062,0.9579336509005983,0.9505596129594979,0.9549525302354389,0.9344519579175175,0.9518196650808501,0.9316065192453302,0.9217690083479024
1,4,2.2383018565900397,0.18582198443579767,4112,2.2923172201429094,0.14476885644768855,822,2.291834580747387,0.1505,0.9851824685470849,0.08566549995224201,,,0.9666587402017596,,0.9666864715881897,0.033313528411810345,0.7828286581088423,0.14525972792426062,10,0.025,0.15,0.8867289719637225,0.9564358141821226,0.9731755537825418,0.9747360939325062,1.0,0.9612446942257344,0.9586437417576109,0.9542559858468673,0.947846236347065,0.9645752340472592,0.9380525175894413,0.9265319831969884
1,5,2.256383519787942,0.18338904602725636,3889,2.2917839118412564,0.14010282776349614,778,2.291835359380215,0.1509,0.9815407432918806,0.08302398670946443,,,0.8924489679095957,,0.8924840322820221,0.10751596771797789,0.7825171095869637,0.14525294094307076,10,0.025,0.15,0.8384116719450729,0.920111605020858,0.9420620062320979,0.9579336509005983,0.9612446942257344,1.0,0.9779639984283448,0.9740624421599056,0.9598192217911067,0.964127597503806,0.9548232811145385,0.9562946274091103
1,6,2.260623046447491,0.1628671517111291,3711,2.2898221413294473,0.18328840970350405,742,2.2918346984476985,0.1505,0.9820446984256573,0.08518835522922127,,,0.9532539990585565,,0.9532933934082619,0.04670660659173809,0.7828196045349718,0.14525953947137246,10,0.025,0.15,0.8352681003872612,0.9161367712223342,0.93617788324006,0.9505596129594979,0.9586437417576109,0.9779639984283448,1.0,0.98022031380569,0.9653698872368484,0.958401529933383,0.9678996232862923,0.9666388263755246
1,7,2.2547345076288496,0.1776374859708193,3564,2.2918315728505454,0.16690042075736325,713,2.291835027404978,0.1509,0.9781171943444774,0.08313638625826861,,,0.895606682505692,,0.8956445676750673,0.10435543232493272,0.7825360349772293,0.1452533055000049,10,0.025,0.15,0.8302732912452591,0.9097480355690188,0.9358479442893887,0.9549525302354389,0.9542559858468673,0.9740624421599056,0.98022031380569,1.0,0.9595509001397068,0.9617093941256294,0.9561164789873435,0.9509635732757985
1,8,2.2620183026349103,0.16692821854112178,3441,2.2937165101369223,0.15261627906976744,688,2.2918419385258155,0.151,0.9698430927228593,0.08072113274074959,,,0.8277533737808546,,0.8278044594081629,0.17219554059183706,0.7823473528170312,0.14523562211275828,10,0.025,0.15,0.8156138942477255,0.8945839269571256,0.9194470420998725,0.9344519579175175,0.947846236347065,0.9598192217911067,0.9653698872368484,0.9595509001397068,1.0,0.9591038237672697,0.9614753378907203,0.9589463925540689
1,9,2.2613585728186147,0.1724355128974205,3334,2.293754498163859,0.1454272863568216,667,2.291853627072105,0.151,0.9748434571915826,0.08008178849936919,,,0.8097918546785479,,0.8098397451766765,0.19016025482332355,0.7815791680852682,0.14522061007516796,10,0.025,0.15,0.8373170132035502,0.9108262910346031,0.9379157619767462,0.9518196650808501,0.9645752340472592,0.964127597503806,0.958401529933383,0.9617093941256294,0.9591038237672697,1.0,0.9439282887361573,0.9417523907042529
1,10,2.275847226839799,0.16244986115396481,3241,2.2961456775665283,0.1404320987654321,648,2.2918368351610403,0.151,0.9663051881467141,0.08221561444496742,,,0.8697388331640494,,0.8697661368850159,0.13023386311498408,0.7824710648981242,0.14524574270483426,10,0.025,0.15,0.8106491118312095,0.8928769527542053,0.9105003724704638,0.9316065192453302,0.9380525175894413,0.9548232811145385,0.9678996232862923,0.9561164789873435,0.9614753378907203,0.9439282887361573,1.0,0.9659930572579057
1,11,2.277837611198425,0.14590060145615702,3159,2.2932460784912108,0.13924050632911392,632,2.291838099684896,0.151,0.9600758851784268,0.0813590993665777,,,0.8456761906215994,,0.845719661335842,0.15428033866415802,0.7824267935483442,0.14524079761083564,10,0.025,0.15,0.7961687958022946,0.8770804470962716,0.9014439073503602,0.9217690083479024,0.9265319831969884,0.9562946274091103,0.9666388263755246,0.9509635732757985,0.9589463925540689,0.9417523907042529,0.9659930572579057,1.0
2,0,2.015648250888895,0.2675529583637692,6845,2.279513944279064,0.20014609203798392,1369,2.278800146489204,0.1919,0.9073362204826032,0.07895656711259613,,,0.8,,0.8000115528708884,0.19998844712911157,0.9409826306946577,0.14592279571633573,10,0.025,0.15,1.0,0.9393397175051629,0.9201315319620483,0.9080778630124705,0.8873741290685692,0.8690676921290119,0.8671983589345482,0.8613592235554163,0.8461317960536066,0.8443853228454581,0.8345842148488438,0.8179025760496179
2,1,2.0750516902568727,0.2541621029572837,5478,2.2800570329030356,0.1906934306569343,1096,2.2787656844416753,0.1908,0.9632774653547909,0.08467919040967581,,,0.9688355094661771,,0.9688815170569887,0.03111848294301134,0.9420145187432194,0.14602364857097258,10,0.025,0.15,0.9393397175051629,1.0,0.9644038515350226,0.9538276402855205,0.9474842962837002,0.9346141388290473,0.9375062587862929,0.9323902806964929,0.915822193450987,0.9151968284297916,0.906719550171834,0.8988313840889294
2,2,2.0793347728879827,0.24634854771784231,4820,2.274999588727951,0.1950207468879668,964,2.27876584439338,0.1908,0.9800417865095357,0.08573550042387555,,,0.9999999999704968,,1.0,0.0,0.9420182490225459,0.14602382468634437,10,0.025,0.15,0.9201315319620483,0.9644038515350226,1.0,0.9695020177558462,0.9648267239190013,0.956065270659333,0.9589497598056101,0.9548403329512607,0.9437506498896431,0.944242180472513,0.9327336812150598,0.9331891805950794
2,3,2.1038751513617377,0.23558783477076714,4406,2.278000865663801,0.20204313280363223,881,2.278765943985951,0.1908,0.9847841894069332,0.08535824948873769,,,0.9888699027189274,,0.9889009918964863,0.011099008103513719,0.9420152021348842,0.1460238161011242,10,0.025,0.15,0.9080778630124705,0.9538276402855205,0.9695020177558462,1.0,0.968298670161975,0.9667415849541128,0.9651612293228575,0.9635362562800293,0.954028207915151,0.9552246673472744,0.9516973983105301,0.9431411745394966
2,4,2.1144020062504394,0.23540856031128404,4112,2.279977594103132,0.1873479318734793,822,2.2787661884404438,0.1908,0.9840449273480506,0.0851309771017015,,,0.9821646475831527,,0.9822003267812052,0.01779967321879483,0.9420111276682297,0.14602379296465293,10,0.025,0.15,0.8873741290685692,0.9474842962837002,0.9648267239190013,0.968298670161975,1.0,0.9671530144913668,0.971140925705378,0.9640547522792888,0.9603709200896516,0.9605756580050535,0.9503582647903227,0.9489943214163737
2,5,2.1330573116579363,0.23191051684237593,3889,2.2792972155979703,0.19151670951156813,778,2.278767917729631,0.192,0.9850975842053111,0.08352933039932176,,,0.9349109978244654,,0.9349408327969501,0.06505916720304994,0.9418478155439264,0.14602197818149995,10,0.025,0.15,0.8690676921290119,0.9346141388290473,0.956065270659333,0.9667415849541128,0.9671530144913668,1.0,0.9749270559088292,0.9720078122100017,0.9659202928970397,0.9678210927749489,0.9662683884352962,0.9643982150314547
2,6,2.149760896173017,0.23265966046887632,3711,2.276367743810018,0.21024258760107817,742,2.2787663302844083,0.1908,0.9874262605961573,0.08494568710317149,,,0.9766980058566622,,0.9767539733623806,0.023246026637619432,0.941997484870677,0.14602376010411872,10,0.025,0.15,0.8671983589345482,0.9375062587862929,0.9589497598056101,0.9651612293228575,0.971140925705378,0.9749270559088292,1.0,0.9772194772327004,0.9706234206625355,0.9691364729326101,0.969924881650146,0.9697792105370059
2,7,2.1384671432631355,0.23005050505050506,3564,2.2784818410873413,0.19775596072931276,713,2.278767163240457,0.1921,0.9844378404048091,0.0835774373255316,,,0.9363303044909791,,0.9363684375567328,0.06363156244326718,0.9418466299471812,0.14602212831148634,10,0.025,0.15,0.8613592235554163,0.9323902806964929,0.9548403329512607,0.9635362562800293,0.9640547522792888,0.9720078122100017,0.9772194772327004,1.0,0.9680756317350663,0.9679702386141026,0.9672978385361147,0.9686033588576428
2,8,2.141659214761522,0.22409183376925312,3441,2.280647873878479,0.1875,688,2.2787776868554612,0.1926,0.9783410512297788,0.08188287497793864,,,0.8863353489565023,,0.8863857668630655,0.11361423313693453,0.9417770651001554,0.14600323916556032,10,0.025,0.15,0.8461317960536066,0.915822193450987,0.9437506498896431,0.954028207915151,0.9603709200896516,0.9659202928970397,0.9706234206625355,0.9680756317350663,1.0,0.9657619594859492,0.9678668868465672,0.9695269921347873
2,9,2.133888226085239,0.21934613077384524,3334,2.2812530994415283,0.19940029985007496,667,2.2787973458253883,0.1926,0.9775763194586379,0.0814619848248992,,,0.8739177565816951,,0.8739581786073839,0.1260418213926161,0.9416857058082182,0.14599355855539267,10,0.025,0.15,0.8443853228454581,0.9151968284297916,0.944242180472513,0.9552246673472744,0.9605756580050535,0.9678210927749489,0.9691364729326101,0.9679702386141026,0.9657619594859492,1.0,0.9646345364723685,0.9640049771327914
2,10,2.17612160215011,0.21200246837395864,3241,2.284220894177755,0.1743827160493827,648,2.278772538221335,0.1921,0.9745102659430793,0.08268357836608972,,,0.9099586345463069,,0.9100113878298757,0.08998861217012433,0.9417308109824827,0.1460186178076622,10,0.025,0.15,0.8345842148488438,0.906719550171834,0.9327336812150598,0.9516973983105301,0.9503582647903227,0.9662683884352962,0.969924881650146,0.9672978385361147,0.9678668868465672,0.9646345364723685,1.0,0.9710896301641838
2,11,2.174675166130066,0.21253561253561254,3159,2.2803489208221435,0.15031645569620253,632,2.2787700121915795,0.1928,0.9716113520756845,0.08205862246646084,,,0.8915204564188769,,0.8915432985096796,0.10845670149032038,0.9417627765121308,0.1460044255671211,10,0.025,0.15,0.8179025760496179,0.8988313840889294,0.9331891805950794,0.9431411745394966,0.9489943214163737,0.9643982150314547,0.9697792105370059,0.9686033588576428,0.9695269921347873,0.9640049771327914,0.9710896301641838,1.0
3,0,1.949914417222694,0.2963623082542001,6845,2.259465889497237,0.2352081811541271,1369,2.2594536407084407,0.2369,0.9118930764415565,0.07871926189333009,,,0.8,,0.8000115528708884,0.19998844712911157,0.9776680207311538,0.14546360885846105,10,0.025,0.15,1.0,0.9372912292108297,0.9208537585443654,0.9079941677669512,0.8897594308197322,0.8691283800625625,0.8725903151910211,0.8648532222971514,0.8463378583642507,0.8370008101154335,0.8469721010053224,0.8275107438756044
3,1,2.0017676162165263,0.28110624315443594,5478,2.2615661091274686,0.229014598540146,1096,2.2593690413462966,0.2372,0.9609094550320201,0.08386740318377546,,,0.9613491686391423,,0.9613886550807875,0.038611344919212476,0.9789952728478394,0.14556743476016898,10,0.025,0.15,0.9372912292108297,1.0,0.9554323457457268,0.9463983935308974,0.9389628164469085,0.9274304712732219,0.9323252837014829,0.929260534995376,0.9087893244278488,0.9000804756947899,0.9100490695078859,0.9004199887833769
3,2,2.0028811272821927,0.279045643153527,4820,2.2548897862434387,0.24896265560165975,964,2.2593692707110056,0.2372,0.9786273181249819,0.0851006288790534,,,0.9999999999686587,,1.0,0.0,0.9789907199822535,0.14556780364295313,10,0.025,0.15,0.9208537585443654,0.9554323457457268,1.0,0.9636195304250903,0.960633117971638,0.9496036726090564,0.9553669797170422,0.9488625576150734,0.9376748356160907,0.9315079796237382,0.937066498805792,0.9311706808989862
3,3,2.0286800578662327,0.26895142986836135,4406,2.258736644472395,0.23155505107832008,881,2.2593693491778795,0.2372,0.9812247683438324,0.08495147386095496,,,0.9953252956801024,,0.9953623475433645,0.004637652456635499,0.9789912210189853,0.1455678034432198,10,0.025,0.15,0.9079941677669512,0.9463983935308974,0.9636195304250903,1.0,0.963735167384356,0.9559005272492543,0.9580375216805304,0.9564039021999918,0.9437446340633532,0.9398904558581511,0.9474577066186249,0.9388301401703866
3,4,2.0354465213688937,0.2714737354085603,4112,2.2611917427607944,0.23479318734793186,822,2.259369783763644,0.2372,0.982676797716481,0.08485793549056539,,,0.9923936864940399,,0.992424617517453,0.007575382482546966,0.9789934524811751,0.1455677994652792,10,0.025,0.15,0.8897594308197322,0.9389628164469085,0.960633117971638,0.963735167384356,1.0,0.9604327982818411,0.9679661943497583,0.9599362940032252,0.9534311582382539,0.947529505325968,0.9500989964507134,0.9460414673831498
3,5,2.0545635923262564,0.25944973000771404,3889,2.2609688554491316,0.2506426735218509,778,2.2593718178664584,0.2388,0.9793063380437236,0.08375479547142542,,,0.9578199024933673,,0.9578567774091862,0.04214322259081382,0.9790040776560635,0.14556733555483073,10,0.025,0.15,0.8691283800625625,0.9274304712732219,0.9496036726090564,0.9559005272492543,0.9604327982818411,1.0,0.9637918017720171,0.9611973375080365,0.9507351481739433,0.9504929243405794,0.9566893877613235,0.9545233502819291
3,6,2.067824597194277,0.2692805173807599,3711,2.25629723072052,0.2574123989218329,742,2.2593697867816007,0.2372,0.9835783654300378,0.08477246475996539,,,0.9897149272006839,,0.9897509531118482,0.010249046888151758,0.9789934745150183,0.14556779328995817,10,0.025,0.15,0.8725903151910211,0.9323252837014829,0.9553669797170422,0.9580375216805304,0.9679661943497583,0.9637918017720171,1.0,0.9667626930402411,0.9566613600731037,0.9527598619315024,0.9634086064648305,0.9593759241357804
3,7,2.056299003958702,0.26262626262626265,3564,2.2588210105895996,0.24123422159887797,713,2.259370544288732,0.2388,0.9807582965484842,0.08383201095871495,,,0.9602399321656988,,0.9602911323463881,0.03970886765361192,0.9790055124205355,0.1455674125179605,10,0.025,0.15,0.8648532222971514,0.929260534995376,0.9488625576150734,0.9564039021999918,0.9599362940032252,0.9611973375080365,0.9667626930402411,1.0,0.9592577995210961,0.9502009196576587,0.9618410319418426,0.9581819631638321
3,8,2.0537669031708328,0.2641964545190352,3441,2.26177716255188,0.22529069767441862,688,2.259391525123693,0.2388,0.9719929216511566,0.08249518990391634,,,0.918342293067997,,0.9183872192239771,0.08161278077602285,0.9788862674168304,0.14556402723126527,10,0.025,0.15,0.8463378583642507,0.9087893244278488,0.9376748356160907,0.9437446340633532,0.9534311582382539,0.9507351481739433,0.9566613600731037,0.9592577995210961,1.0,0.9456238486707768,0.9559151412317575,0.9575287914406743
3,9,2.050861326411918,0.2574085182963407,3334,2.2627012729644775,0.2413793103448276,667,2.2594217077086243,0.238,0.9668018800789016,0.08206479320430926,,,0.9048531237253612,,0.9048951164364345,0.0951048835635655,0.9787783433330554,0.14556175701086452,10,0.025,0.15,0.8370008101154335,0.9000804756947899,0.9315079796237382,0.9398904558581511,0.947529505325968,0.9504929243405794,0.9527598619315024,0.9502009196576587,0.9456238486707768,1.0,0.953053901805681,0.9473556148306569
3,10,2.091610430754148,0.2500462820117248,3241,2.2658196687698364,0.2175925925925926,648,2.259378475478933,0.2386,0.9744523698996038,0.08307195260334659,,,0.936418755388068,,0.9364592101137132,0.06354078988628675,0.9789879647907561,0.14556594116012755,10,0.025,0.15,0.8469721010053224,0.9100490695078859,0.937066498805792,0.9474577066186249,0.9500989964507134,0.9566893877613235,0.9634086064648305,0.9618410319418426,0.9559151412317575,0.953053901805681,1.0,0.9614520944099031
3,11,2.0815045256614684,0.25378284267173157,3159,2.261075830459595,0.2199367088607595,632,2.259381336501882,0.2388,0.9691715554424882,0.0825120897906428,,,0.9188719565950004,,0.9189153504645905,0.0810846495354095,0.9788784539213711,0.14556403257687095,10,0.025,0.15,0.8275107438756044,0.9004199887833769,0.9311706808989862,0.9388301401703866,0.9460414673831498,0.9545233502819291,0.9593759241357804,0.9581819631638321,0.9575287914406743,0.9473556148306569,0.9614520944099031,1.0
4,0,1.898409824680399,0.3156610664718773,6845,2.2323145216161553,0.28341855368882396,1369,2.233192268806168,0.2744,0.9209784911182504,0.07893624497783559,,,0.8,,0.8000115528708884,0.19998844712911157,0.9869579982690095,0.14513805971970348,10,0.025,0.15,1.0,0.937138847105081,0.9234806407541796,0.9148061619298473,0.8961382871102651,0.8719610671447724,0.8771117176413226,0.8751243379984213,0.858769752236494,0.8447688726883692,0.86228427867711,0.8421375337879689
4,1,1.9476984811383624,0.30105878057685287,5478,2.2364646858639188,0.25821167883211676,1096,2.2330320605748817,0.2751,0.9585259075878089,0.08335765495758511,,,0.9542070936568376,,0.9542506312818736,0.045749368718126404,0.987357272325261,0.1452303455506455,10,0.025,0.15,0.937138847105081,1.0,0.948441700933939,0.9405231362990841,0.9316689026488679,0.9182554027897153,0.9240565060942997,0.9232432162541172,0.9044157667809335,0.899563900799504,0.9103380430291456,0.8974147094908674
4,2,1.949495300807451,0.2973651452282158,4820,2.2276024222373962,0.28319502074688796,964,2.2330345654789405,0.275,0.9752913694831431,0.0846706244724879,,,0.9999999999651226,,1.0,0.0,0.9873649502362288,0.1452313423293115,10,0.025,0.15,0.9234806407541796,0.948441700933939,1.0,0.9569704500119316,0.9517482507431322,0.9394319341691197,0.9452247644029826,0.9421587746276503,0.9320220759311928,0.927471976359907,0.9351570850599064,0.926012461663541
4,3,1.974365748677935,0.2891738538356786,4406,2.2322610105787004,0.2656072644721907,881,2.2330346077303345,0.275,0.9777144750670895,0.08465720497765628,,,0.9995319634550941,,0.9995626413163671,0.00043735868363292685,0.9873650991976921,0.14523134232923587,10,0.025,0.15,0.9148061619298473,0.9405231362990841,0.9569704500119316,1.0,0.9553305601656001,0.9439731397537444,0.9476298031719265,0.9504887749360448,0.9388480169433501,0.9346442993006997,0.940850920415137,0.931929305714515
4,4,1.9765875668236703,0.29294747081712064,4112,2.2355449540274486,0.2749391727493917,822,2.233035208303717,0.275,0.978885651706708,0.08463740914041491,,,0.9988415369754245,,0.9988694690630622,0.0011305309369378236,0.9873643142472934,0.14523134217005637,10,0.025,0.15,0.8961382871102651,0.9316689026488679,0.9517482507431322,0.9553305601656001,1.0,0.9494521022926831,0.9585451009544753,0.953856364886917,0.9494477107941419,0.9390177754565397,0.9440797654286764,0.9395228707652759
4,5,1.9999446422823013,0.2801748521470815,3889,2.2357114042554582,0.2699228791773779,778,2.233037725279603,0.2751,0.9733452798343628,0.08377182338090956,,,0.9686521935543406,,0.9686917198923932,0.03130828010760678,0.987359655995207,0.14523096518037665,10,0.025,0.15,0.8719610671447724,0.9182554027897153,0.9394319341691197,0.9439731397537444,0.9494521022926831,1.0,0.953063808309381,0.9516814429898449,0.9410697365974785,0.9463565623320995,0.9455447753606602,0.9437261826724651
4,6,2.0074194061345065,0.2898949070331447,3711,2.2292035023371377,0.28706199460916443,742,2.2330351660523236,0.275,0.9780349293202582,0.0845565776960641,,,0.9960223498458635,,0.9960555197966695,0.0039444802033304915,0.987363138113849,0.14523134074189792,10,0.025,0.15,0.8771117176413226,0.9240565060942997,0.9452247644029826,0.9476298031719265,0.9585451009544753,0.953063808309381,1.0,0.9569433833961407,0.9461182719668486,0.9450118030683027,0.95418277180926,0.9505224415493927
4,7,1.999427357316017,0.2817901234567901,3564,2.232353409131368,0.28892005610098176,713,2.2330372001551373,0.275,0.9781271515611604,0.08397593694274738,,,0.9757711350890811,,0.9758049875394036,0.02419501246059641,0.9873556549954212,0.1452311410930946,10,0.025,0.15,0.8751243379984213,0.9232432162541172,0.9421587746276503,0.9504887749360448,0.953856364886917,0.9516814429898449,0.9569433833961407,1.0,0.9537721052824759,0.9475352656058793,0.9555634601460196,0.9497098154259124
4,8,1.9899046107574745,0.2883464109270561,3441,2.236571272214254,0.2601744186046512,688,2.23306518868555,0.2753,0.9697123606245763,0.08287143808644312,,,0.9372491343341025,,0.9372761631265369,0.06272383687346306,0.9873336713568693,0.14522745669407502,10,0.025,0.15,0.858769752236494,0.9044157667809335,0.9320220759311928,0.9388480169433501,0.9494477107941419,0.9410697365974785,0.9461182719668486,0.9537721052824759,1.0,0.9424362777745539,0.9478875367472163,0.9481240470944693
4,9,1.99063081741333,0.27969406118776247,3334,2.237047870953878,0.2623688155922039,667,2.2331087709982183,0.2749,0.96580019262839,0.08247654510513137,,,0.9234763109061745,,0.923511742668053,0.07648825733194697,0.987313107637142,0.14522570120002853,10,0.025,0.15,0.8447688726883692,0.899563900799504,0.927471976359907,0.9346442993006997,0.9390177754565397,0.9463565623320995,0.9450118030683027,0.9475352656058793,0.9424362777745539,1.0,0.9452480610589008,0.9453188462574952
4,10,2.028116034544431,0.2744214748534403,3241,2.239866256713867,0.2762345679012346,648,2.2330462962766235,0.275,0.9722290338019491,0.08331158511590178,,,0.95260029934829,,0.9526579855093991,0.04734201449060094,0.9873411231204048,0.14523024271687413,10,0.025,0.15,0.86228427867711,0.9103380430291456,0.9351570850599064,0.940850920415137,0.9440797654286764,0.9455447753606602,0.95418277180926,0.9555634601460196,0.9478875367472163,0.9452480610589008,1.0,0.9506989347130016
4,11,2.017887424468994,0.27733459955682177,3159,2.234914255142212,0.27056962025316456,632,2.2330538985095445,0.2753,0.9664986540223015,0.08277695514682278,,,0.9339538191324497,,0.9339918469739731,0.06600815302602692,0.9873338002942132,0.1452271001295818,10,0.025,0.15,0.8421375337879689,0.8974147094908674,0.926012461663541,0.931929305714515,0.9395228707652759,0.9437261826724651,0.9505224415493927,0.9497098154259124,0.9481240470944693,0.9453188462574952,0.9506989347130016,1.0
5,0,1.8618579138208318,0.3287070854638422,6845,2.1996802633458916,0.3089846603360117,1369,2.201360337341888,0.2967,0.9277663749412173,0.07938816995029102,,,0.8,,0.8000115528708884,0.19998844712911157,0.9896626664302067,0.14467914277669994,10,0.025,0.15,1.0,0.9375074770849986,0.9264770076441791,0.9156124361078721,0.8976864645392152,0.875434934201719,0.8812578185552451,0.8820398929961824,0.8655860476580981,0.8455576572638352,0.8702534244924337,0.8511525860041139
5,1,1.9018871163212976,0.3177071924059876,5478,2.206063058641222,0.2874087591240876,1096,2.2011053863959975,0.2966,0.9578803177717197,0.08312025263928588,,,0.9464024584932748,,0.9464359393309237,0.05356406066907626,0.9904164704796813,0.14476140129868686,10,0.025,0.15,0.9375074770849986,1.0,0.9443680379989823,0.937385698751885,0.9290707778349676,0.9138144981265601,0.9199199905513257,0.9206049225383796,0.9001402784488541,0.8868483394974687,0.9083635755099503,0.8947023499349359
5,2,1.9080178778422505,0.31107883817427384,4820,2.194130599498749,0.3039419087136929,964,2.2011039438126963,0.2967,0.9724941174348386,0.08441398788560098,,,0.9971532152378807,,0.9971777986829727,0.002822201317027262,0.9904370673756164,0.14476271588450926,10,0.025,0.15,0.9264770076441791,0.9443680379989823,1.0,0.9511774132798025,0.9451136316703985,0.9306622194665038,0.9379900687535687,0.9367837343908161,0.9258538736297515,0.9119783815555563,0.9304797022527784,0.9192477359881709
5,3,1.9302615080560956,0.3054698138901498,4406,2.2000260012490407,0.2917139614074915,881,2.20110395890248,0.2967,0.9749681568402289,0.08448655795097379,,,0.9999999999607719,,1.0,0.0,0.9904371256738638,0.14476271592391407,10,0.025,0.15,0.9156124361078721,0.937385698751885,0.9511774132798025,1.0,0.9454046084604547,0.9337745149178796,0.9405171339463413,0.9450058519630569,0.9332248794631733,0.9224000411753175,0.9359368699009057,0.9278664237432825
5,4,1.9355444145925118,0.31082198443579767,4112,2.204383339200701,0.2749391727493917,822,2.2011048069483117,0.2967,0.9744816707668388,0.08445834817250397,,,0.9988933843614685,,0.998910729316235,0.0010892706837649646,0.9904370029087228,0.14476271592259377,10,0.025,0.15,0.8976864645392152,0.9290707778349676,0.9451136316703985,0.9454046084604547,1.0,0.9393621820915954,0.9505598413878921,0.9456475440006407,0.9393811696359516,0.9245460218789769,0.9348618846163207,0.9300935925171224
5,5,1.9573529081959877,0.29452301362818206,3889,2.205031156539917,0.2943444730077121,778,2.2011078520666194,0.2965,0.9677689614245581,0.08370098621531019,,,0.96918352481591,,0.9692363552342758,0.03076364476572424,0.9904260602769588,0.14476251116987973,10,0.025,0.15,0.875434934201719,0.9138144981265601,0.9306622194665038,0.9337745149178796,0.9393621820915954,1.0,0.9435946615457588,0.9431626871094985,0.9290643773587105,0.9275853533756411,0.9358990425089501,0.9316160131743302
5,6,1.9592853969541089,0.30565885206143895,3711,2.196289380391439,0.31536388140161725,742,2.2011047194275677,0.2967,0.9744204964263483,0.08440612251096993,,,0.9968446716500468,,0.9968807248601277,0.003119275139872313,0.9904375230417398,0.14476271588193615,10,0.025,0.15,0.8812578185552451,0.9199199905513257,0.9379900687535687,0.9405171339463413,0.9505598413878921,0.9435946615457588,1.0,0.9491210341449031,0.9370863848395485,0.9313527766813156,0.945294171858591,0.9438035658213778
5,7,1.9508680918387005,0.2996632996632997,3564,2.2007975578308105,0.3141654978962132,713,2.2011074597322486,0.2965,0.9748094169773991,0.08405805689424685,,,0.9831907239078113,,0.9832153290092588,0.016784670990741213,0.9904338170394098,0.14476268862803104,10,0.025,0.15,0.8820398929961824,0.9206049225383796,0.9367837343908161,0.9450058519630569,0.9456475440006407,0.9431626871094985,0.9491210341449031,1.0,0.945490440277089,0.9311786855932488,0.94661042469881,0.9397974908459831
5,8,1.9432380362793251,0.3057250799186283,3441,2.206131935119629,0.27906976744186046,688,2.201149418384214,0.2968,0.9655909972232586,0.08307030083503268,,,0.9444429448494834,,0.9444884553811622,0.05551154461883778,0.9903845928428439,0.14476126871004596,10,0.025,0.15,0.8655860476580981,0.9001402784488541,0.9258538736297515,0.9332248794631733,0.9393811696359516,0.9290643773587105,0.9370863848395485,0.945490440277089,1.0,0.9258110327416769,0.9393509965888502,0.9381984985992212
5,9,1.9452209839114436,0.29994001199760045,3334,2.2056435346603394,0.29685157421289354,667,2.201205268690858,0.2961,0.9559968647455698,0.08251117554464896,,,0.9225095302015915,,0.9225462527438069,0.07745374725619314,0.9903768251993984,0.14475900103947667,10,0.025,0.15,0.8455576572638352,0.8868483394974687,0.9119783815555563,0.9224000411753175,0.9245460218789769,0.9275853533756411,0.9313527766813156,0.9311786855932488,0.9258110327416769,1.0,0.9320882731273479,0.9287946615280211
5,10,1.9828722279805404,0.29065103363159517,3241,2.2079861958821616,0.2962962962962963,648,2.20112098319621,0.2964,0.9692405056492678,0.0834631383443539,,,0.9598532082186721,,0.9598950339159281,0.04010496608407188,0.9904213604451652,0.14476216966858216,10,0.025,0.15,0.8702534244924337,0.9083635755099503,0.9304797022527784,0.9359368699009057,0.9348618846163207,0.9358990425089501,0.945294171858591,0.94661042469881,0.9393509965888502,0.9320882731273479,1.0,0.9421171974303328
5,11,1.9687708888053894,0.2938588160810383,3159,2.203390884399414,0.2927215189873418,632,2.2011358073995084,0.2968,0.9628790000531974,0.08292290305678171,,,0.9386608122145281,,0.9387037678863197,0.06129623211368029,0.9903858380684901,0.1447607744215252,10,0.025,0.15,0.8511525860041139,0.8947023499349359,0.9192477359881709,0.9278664237432825,0.9300935925171224,0.9316160131743302,0.9438035658213778,0.9397974908459831,0.9381984985992212,0.9287946615280211,0.9421171974303328,1.0
6,0,1.8248995763284188,0.3412417823228634,6845,2.1619700518521396,0.32724616508400295,1369,2.1645201942588708,0.3102,0.9315583565099148,0.07985406255715811,,,0.8,,0.8000115528708884,0.19998844712911157,0.991504197732343,0.14437704874394736,10,0.025,0.15,1.0,0.9339384334771625,0.9239368567669636,0.915776628771147,0.9006603024526352,0.8775385768460703,0.8846108103720405,0.8853624199411392,0.8687119591451291,0.8478020432437836,0.875463592535561,0.8562382603695118
6,1,1.8659471949865651,0.32900693683826215,5478,2.1707619031270347,0.30383211678832117,1096,2.1641254153432725,0.3104,0.9575836835067321,0.08302654457128418,,,0.9400382718440716,,0.940081860342295,0.05991813965770498,0.9920817507478609,0.14446190694860406,10,0.025,0.15,0.9339384334771625,1.0,0.9399348209208389,0.9341749664462333,0.9268741545802489,0.9114473576604285,0.918193795869251,0.9194096083612059,0.8998753067342545,0.8829902740839252,0.9061803186776668,0.8937282022163161
6,2,1.867909195234901,0.32352697095435684,4820,2.155588775873184,0.3132780082987552,964,2.1641215131252625,0.3104,0.9699149869097115,0.08423460817651178,,,0.9933640712656311,,0.9934066115429684,0.006593388457031613,0.9921027022652987,0.144463875749555,10,0.025,0.15,0.9239368567669636,0.9399348209208389,1.0,0.9466279401158295,0.9415838846440766,0.9256653223528284,0.933038411103718,0.9316102456815049,0.9204084569751294,0.9054333595437676,0.9259041679512537,0.9133332296153488
6,3,1.8924016969544546,0.31783931003177485,4406,2.1623784473964145,0.30419977298524403,881,2.164121576502353,0.3104,0.9726219663873195,0.08436832844936556,,,0.9992666913081029,,0.9992903236454259,0.0007096763545740847,0.9921025726897109,0.1444638854339686,10,0.025,0.15,0.915776628771147,0.9341749664462333,0.9466279401158295,1.0,0.9427315746396013,0.9290887820109768,0.9351749082200115,0.9386341443430957,0.9278999838147317,0.9142160348647459,0.9324149439445806,0.9215957858610033
6,4,1.893471719640674,0.32371108949416344,4112,2.1681745052337646,0.291970802919708,822,2.164122665984721,0.3104,0.9736655505518969,0.08438494111149837,,,0.9999999999558584,,1.0,0.0,0.9921025741608118,0.14446388543449218,10,0.025,0.15,0.9006603024526352,0.9268741545802489,0.9415838846440766,0.9427315746396013,1.0,0.9349179349835534,0.9475764639483422,0.9429857850826026,0.9358055242855114,0.9161961372176011,0.9340870516942482,0.926169384746507
6,5,1.9165826885930954,0.30763692465929543,3889,2.169184820992606,0.3149100257069409,778,2.164125723174856,0.3108,0.9642521343734932,0.0836059077440793,,,0.9656122600107713,,0.9656467132082323,0.034353286791767745,0.9921037732315772,0.14446334299407698,10,0.025,0.15,0.8775385768460703,0.9114473576604285,0.9256653223528284,0.9290887820109768,0.9349179349835534,1.0,0.9348067692726031,0.93625253856914,0.9220872635201589,0.9218392021959012,0.9252665894061773,0.9219669741975989
6,6,1.918569066606719,0.3194287254109405,3711,2.158334175745646,0.3194070080862534,742,2.1641225422484967,0.3104,0.9715205928060116,0.08428226545461745,,,0.9954677373658624,,0.9954943803535179,0.004505619646482106,0.9921025758146271,0.14446388036407154,10,0.025,0.15,0.8846108103720405,0.918193795869251,0.933038411103718,0.9351749082200115,0.9475764639483422,0.9348067692726031,1.0,0.9428923090084403,0.9307817093471006,0.9191199266818822,0.9389557299405692,0.939184897555537
6,7,1.9094095928328378,0.3132435465768799,3564,2.1643914381663003,0.3155680224403927,713,2.1641256839414185,0.3108,0.9728385307261521,0.08410896077022585,,,0.9878178000623195,,0.9878529814658943,0.012147018534105714,0.9921059142116383,0.14446384778155963,10,0.025,0.15,0.8853624199411392,0.9194096083612059,0.9316102456815049,0.9386341443430957,0.9429857850826026,0.93625253856914,0.9428923090084403,1.0,0.9408618629135119,0.9274990999172187,0.9409180936844233,0.933528212635835
6,8,1.9030632707807753,0.3212438244696309,3441,2.1708895365397134,0.29069767441860467,688,2.164178096795384,0.3114,0.9633581556916663,0.08318446970081968,,,0.9470093317657444,,0.9470465910778828,0.052953408922117196,0.9920891644566764,0.14446240724935624,10,0.025,0.15,0.8687119591451291,0.8998753067342545,0.9204084569751294,0.9278999838147317,0.9358055242855114,0.9220872635201589,0.9307817093471006,0.9408618629135119,1.0,0.9216559729223913,0.9318446645525688,0.9308711671752354
6,9,1.901767658745801,0.3146370725854829,3334,2.1686126788457236,0.3193403298350825,667,2.1642510770242427,0.3114,0.9516565541413169,0.0824538184547516,,,0.9147572536248766,,0.914789325147299,0.08521067485270095,0.9919869375658518,0.1444534495952208,10,0.025,0.15,0.8478020432437836,0.8829902740839252,0.9054333595437676,0.9142160348647459,0.9161961372176011,0.9218392021959012,0.9191199266818822,0.9274990999172187,0.9216559729223913,1.0,0.9203359302237558,0.9188461679660055
