round,client_id,client_i_training_loss,client_i_training_accuracy,client_i_training_dataset_size,client_i_evaluation_loss,client_i_evaluation_accuracy,client_i_evaluation_dataset_size,client_i_central_evaluation_loss,client_i_central_evaluation_accuracy,client_i_cosine_similarity,client_i_importance_coefficient,client_i_tanh_val,tanh_normalization_value,client_i_q,client_i_mask_order,client_i_v_nonzero_fraction,client_i_v_sparsity,client_i_v_cosine_similarity,client_i_reward_gradient_norm,local_epochs,learning_rate,gamma,client_0_cosine_similarity,client_1_cosine_similarity,client_2_cosine_similarity,client_3_cosine_similarity,client_4_cosine_similarity,client_5_cosine_similarity,client_6_cosine_similarity,client_7_cosine_similarity,client_8_cosine_similarity,client_9_cosine_similarity,client_10_cosine_similarity,client_11_cosine_similarity
0,0,0.27807774874653507,0.9141709276844412,8214,2.2203151126240575,0.25712198685171656,1369,2.2185417714591225,0.2696,0.7961785411274386,0.08452427894967432,,,0.9475000170115133,,0.9475227147231565,0.05247728527684348,0,0.3931685705953229,5,0.1,0.5,1.0,0.5603843587297659,0.5763235343028347,0.5643475514822881,0.5760536364745595,0.5692493302534354,0.5658874643200165,0.5788239778510117,0.5177540185820219,0.5802573138259819,0.5715224181154863,0.5730712506079819
0,1,0.29852714336486263,0.9063279586248859,6574,2.219418498447963,0.2728102189781022,1096,2.218547218523848,0.2694,0.788247711651106,0.08368232251863238,,,0.9121031295234672,,0.9121228853973194,0.08787711460268055,0,0.3931567730102302,5,0.1,0.5,0.5603843587297659,1.0,0.5765907481020851,0.5772601697313001,0.5887145916387605,0.5785100638618919,0.5572817916879063,0.5864379478011251,0.5217491226139293,0.5856794008232153,0.593288073484618,0.5873662289102751
0,2,0.3273693175420412,0.8964551270966626,5783,2.217193172823998,0.2717842323651452,964,2.2185426657192244,0.2696,0.7974989365960509,0.08466445539144934,,,0.9533932076269052,,0.9534059535163898,0.04659404648361021,0,0.3931694814952949,5,0.1,0.5,0.5763235343028347,0.5765907481020851,1.0,0.5826808728594779,0.5932065898698446,0.5840990597571394,0.5984006600759887,0.6098620767301649,0.5468447763815374,0.5923034209995877,0.6098892691427961,0.6099426928258136
0,3,0.3375977240929223,0.8935880461509362,5287,2.216825306415558,0.2849035187287174,881,2.2185496225143773,0.2694,0.7856567844709625,0.08340726329460127,,,0.9005393002721963,,0.9005622207720496,0.09943777922795038,0,0.39314974109245504,5,0.1,0.5,0.5643475514822881,0.5772601697313001,0.5826808728594779,1.0,0.6108516085043053,0.5828993479249942,0.5644338460782501,0.5991834197604191,0.5420804453204716,0.5948629032955655,0.607016429326201,0.5778382822328998
0,4,0.3281245659604188,0.8953596757852077,4935,2.2183035978904138,0.28345498783454987,822,2.218543245388677,0.2696,0.7989792176908456,0.08482160568590864,,,0.9599999999579587,,0.9600020079313287,0.03999799206867127,0,0.39317026801257554,5,0.1,0.5,0.5760536364745595,0.5887145916387605,0.5932065898698446,0.6108516085043053,1.0,0.5983827111912243,0.5939287681159634,0.6150057376521519,0.5518815366913588,0.6134045098722515,0.6248840463489169,0.5983606994888725
0,5,0.35430227722589896,0.8873794728947932,4667,2.2192630481719973,0.2686375321336761,778,2.21854764508744,0.2693,0.786261052070774,0.08347141383437139,,,0.9032362681375408,,0.9032528487525726,0.09674715124742739,0,0.39315148950078294,5,0.1,0.5,0.5692493302534354,0.5785100638618919,0.5840990597571394,0.5828993479249942,0.5983827111912243,1.0,0.5907131744776773,0.6086835488759256,0.5550697753119316,0.5990347547919644,0.6075484054677922,0.5941710496600788
0,6,0.36372919201584797,0.8855153828879407,4453,2.2166070540746055,0.2668463611859838,742,2.2186363939279183,0.2684,0.7741015791513975,0.08218053417883207,,,0.848966094238891,,0.8489734451081773,0.1510265548918227,0,0.39309102766780907,5,0.1,0.5,0.5658874643200165,0.5572817916879063,0.5984006600759887,0.5644338460782501,0.5939287681159634,0.5907131744776773,1.0,0.5859100812309277,0.5377489915367357,0.5906286362491502,0.5883455995415712,0.592904578115886
0,7,0.3586808879428835,0.8878185644143091,4277,2.226969356122224,0.23983169705469845,713,2.2185425042344358,0.2696,0.7960384832205168,0.08450941005660292,,,0.9468749103958791,,0.9468851965262788,0.05311480347372122,0,0.39316842031671523,5,0.1,0.5,0.5788239778510117,0.5864379478011251,0.6098620767301649,0.5991834197604191,0.6150057376521519,0.6086835488759256,0.5859100812309277,1.0,0.5556921916696714,0.6138502109641878,0.6240931947761788,0.6103243279648912
0,8,0.4000481903119586,0.8787599903124244,4129,2.21796913580461,0.28488372093023256,688,2.2192082625989333,0.2694,0.7295223441688454,0.07744789256845588,,,0.65,,0.650002509914161,0.349997490085839,0,0.3919018849621298,5,0.1,0.5,0.5177540185820219,0.5217491226139293,0.5468447763815374,0.5420804453204716,0.5518815366913588,0.5550697753119316,0.5377489915367357,0.5556921916696714,1.0,0.5387762138291126,0.5681482608638109,0.5614845117135957
0,9,0.3841758906678666,0.8806798300424894,4001,2.216267642520723,0.27886056971514245,667,2.2185431775955347,0.2694,0.7872910741803668,0.08358076352369141,,,0.9078334640339172,,0.9078510114954068,0.09214898850459319,0,0.39315430777070726,5,0.1,0.5,0.5802573138259819,0.5856794008232153,0.5923034209995877,0.5948629032955655,0.6134045098722515,0.5990347547919644,0.5906286362491502,0.6138502109641878,0.5387762138291126,1.0,0.6148077837770312,0.5969625209056744
0,10,0.367607587262927,0.883620467986629,3889,2.220818144934518,0.25462962962962965,648,2.2185419611275767,0.2696,0.7956962777814386,0.08447308068260374,,,0.9453475786759127,,0.9453641885447518,0.05463581145524821,0,0.39316813304452297,5,0.1,0.5,0.5715224181154863,0.593288073484618,0.6098892691427961,0.607016429326201,0.6248840463489169,0.6075484054677922,0.5883455995415712,0.6240931947761788,0.5681482608638109,0.6148077837770312,1.0,0.6086146966140966
0,11,0.40127123775383255,0.8776576101292535,3791,2.218141794204712,0.2721518987341772,632,2.2185510819712384,0.2694,0.784052790305023,0.08323697931517682,,,0.8933803516158569,,0.8933939059284173,0.10660609407158272,0,0.39314417520182854,5,0.1,0.5,0.5730712506079819,0.5873662289102751,0.6099426928258136,0.5778382822328998,0.5983606994888725,0.5941710496600788,0.592904578115886,0.6103243279648912,0.5614845117135957,0.5969625209056744,0.6086146966140966,1.0
1,0,0.24843288236931835,0.9247382517652788,8214,2.0582422822020776,0.6581446311176041,1369,2.059066577079578,0.6589,0.8035369488126214,0.08411916781960943,,,0.9342948168649692,,0.9343055067516691,0.06569449324833088,0.9588814464151288,0.4021818406869499,5,0.1,0.5,1.0,0.622722076583791,0.6358906489494409,0.6132089831488461,0.6204575125273933,0.6292291977140622,0.6201634161585061,0.6267517337103194,0.513714758106997,0.611436045848569,0.6306448121277511,0.6184749004853453
1,1,0.2683258944525591,0.9172801947064192,6574,2.058661964961461,0.6852189781021898,1096,2.0590663230457245,0.6587,0.8072959895278624,0.08369191644650915,,,0.9199335936951185,,0.919943777922795,0.08005622207720497,0.9588435555906473,0.402177393814043,5,0.1,0.5,0.622722076583791,1.0,0.6349676346910487,0.6159716592134585,0.620434395639967,0.6283040772180238,0.6176278468081065,0.6216288820517718,0.5207098872625745,0.6257940436781708,0.6451885365194744,0.629757965484275
1,2,0.29334827120009377,0.9089399965415874,5783,2.05882966133856,0.6587136929460581,964,2.059069530651592,0.6589,0.8201748391786009,0.08479300291353459,,,0.9569444717819713,,0.9569549721399528,0.04304502786004716,0.9588920244570174,0.4021855650088489,5,0.1,0.5,0.6358906489494409,0.6349676346910487,1.0,0.6337549717160209,0.6389448350016341,0.6375324494805561,0.6357025043023843,0.6413229728464693,0.5215956487462865,0.6313430549902092,0.6496285066305204,0.6418561482241855
1,3,0.2943500669459891,0.9090221297522224,5287,2.0567517450877597,0.637911464245176,881,2.0590711226478553,0.6585,0.8045133231793955,0.0834123176190861,,,0.9105354234106929,,0.9105566989608955,0.08944330103910447,0.9588237798510637,0.402173166740774,5,0.1,0.5,0.6132089831488461,0.6159716592134585,0.6337549717160209,1.0,0.6309492590214447,0.6252493535274851,0.6143682013222501,0.6294325823000249,0.5100774712189587,0.6244837933125976,0.63836036509689,0.6208116800953519
1,4,0.28972295622010863,0.910435663627153,4935,2.0572653458668637,0.6690997566909975,822,2.0590702935148735,0.659,0.8150270436845655,0.08471752637592257,,,0.9544074749014969,,0.9544199588374077,0.04558004116259229,0.9588922799119216,0.40218530669758157,5,0.1,0.5,0.6204575125273933,0.620434395639967,0.6389448350016341,0.6309492590214447,1.0,0.637026940531811,0.6289595108739375,0.632844978423247,0.5246258391964806,0.6386471309156371,0.6466563186537501,0.6331567963154701
1,5,0.31210912244062716,0.9045211056353117,4667,2.062776961326599,0.6362467866323908,778,2.0590747910947464,0.6585,0.8147846288684011,0.08381345640299304,,,0.9240189227285944,,0.9240349380051203,0.07596506199487973,0.9588236057094075,0.40217895921767166,5,0.1,0.5,0.6292291977140622,0.6283040772180238,0.6375324494805561,0.6252493535274851,0.637026940531811,1.0,0.6250765328638098,0.6366845628491908,0.5252676796779926,0.6399374702302526,0.6386096494524358,0.6332397188654467
1,6,0.31780814364552495,0.9003817651021783,4453,2.0611690680185952,0.6428571428571429,742,2.0591541677237317,0.6583,0.8070794386032841,0.08268819270152092,,,0.8861953739720159,,0.8862105315998193,0.11378946840018067,0.958664601493649,0.4021562688318046,5,0.1,0.5,0.6201634161585061,0.6176278468081065,0.6357025043023843,0.6143682013222501,0.6289595108739375,0.6250765328638098,1.0,0.638007625685366,0.5200111898720166,0.6274073903546509,0.6349630203874144,0.6253492095836556
1,7,0.3154475421033132,0.9033902267944821,4277,2.0676858010499375,0.6493688639551192,713,2.0590703654974796,0.6589,0.8187351783650181,0.08463989781123933,,,0.951798141820408,,0.9518096481100347,0.048190351889965344,0.9588895821793353,0.4021850065351849,5,0.1,0.5,0.6267517337103194,0.6216288820517718,0.6413229728464693,0.6294325823000249,0.632844978423247,0.6366845628491908,0.638007625685366,1.0,0.5247825880230416,0.6426914012720814,0.6486447716628847,0.6470616990412537
1,8,0.39430238518577354,0.886703802373456,4129,2.0631040117957373,0.6468023255813954,688,2.0608425658350935,0.6638,0.6957222027469647,0.07566129835861198,,,0.65,,0.650002509914161,0.349997490085839,0.9554853767204329,0.4007396126305404,5,0.1,0.5,0.513714758106997,0.5207098872625745,0.5215956487462865,0.5100774712189587,0.5246258391964806,0.5252676796779926,0.5200111898720166,0.5247825880230416,1.0,0.5273682649923929,0.5289127863086835,0.5320642574686083
1,9,0.32980153280202235,0.9008247938015496,4001,2.058276040213449,0.6626686656671664,667,2.0590733122140072,0.6587,0.8148909991664198,0.08388970359408728,,,0.9265818236256305,,0.9266050901059184,0.0733949098940816,0.9588363857129326,0.4021797662106032,5,0.1,0.5,0.611436045848569,0.6257940436781708,0.6313430549902092,0.6244837933125976,0.6386471309156371,0.6399374702302526,0.6274073903546509,0.6426914012720814,0.5273682649923929,1.0,0.6527599346325905,0.6350832227607237
1,10,0.31497066054096234,0.9076883517613783,3889,2.056415625980922,0.6959876543209876,648,2.0590707360746,0.6589,0.8264147727649241,0.08488390593738557,,,0.9599999999663869,,0.9600020079313287,0.03999799206867127,0.9588845432050651,0.40218583121766266,5,0.1,0.5,0.6306448121277511,0.6451885365194744,0.6496285066305204,0.63836036509689,0.6466563186537501,0.6386096494524358,0.6349630203874144,0.6486447716628847,0.5289127863086835,0.6527599346325905,1.0,0.6494431412488992
1,11,0.3528285147137001,0.894434186230546,3791,2.0605657279491423,0.6613924050632911,632,2.0590776258383316,0.6585,0.8156915599806679,0.08368961401950016,,,0.9198562020933818,,0.919868480497967,0.08013151950203301,0.958803312316091,0.40217737982088747,5,0.1,0.5,0.6184749004853453,0.629757965484275,0.6418561482241855,0.6208116800953519,0.6331567963154701,0.6332397188654467,0.6253492095836556,0.6470616990412537,0.5320642574686083,0.6350832227607237,0.6494431412488992,1.0
2,0,0.22950382411719122,0.9313610908205503,8214,1.8516106439191242,0.8721694667640614,1369,1.8554574140725426,0.8645,0.8057779194299795,0.08362742652794791,,,0.9111806636691413,,0.911204256814417,0.08879574318558303,0.9688793750484359,0.4061163717934409,5,0.1,0.5,1.0,0.6288138400452487,0.6225697119813781,0.6254189010983635,0.6284411807335621,0.6297778864160166,0.6144652273867343,0.630169741123852,0.6293858490537373,0.6001806119856065,0.6203707328700737,0.6213538458950184
2,1,0.23967596824570261,0.9270459385457864,6574,1.8534875971930367,0.8795620437956204,1096,1.8554639115501135,0.8644,0.8112557012485924,0.08353559122850032,,,0.906671489220287,,0.9066914311530546,0.09330856884694538,0.9688541952865761,0.4061137925204912,5,0.1,0.5,0.6288138400452487,1.0,0.6336069910860564,0.629806748202353,0.6278743179925166,0.6296887656440584,0.6274520551498602,0.6320758369127457,0.629941456617149,0.6161129766835322,0.6256253291220495,0.6249597218276786
2,2,0.26340496690521914,0.9195227390627702,5783,1.8557954180625178,0.8537344398340249,964,1.8554621877761694,0.8645,0.8107488848326654,0.08424571014303629,,,0.9415388015101666,,0.9415591586767732,0.0584408413232268,0.9689148679640155,0.4061272197358724,5,0.1,0.5,0.6225697119813781,0.6336069910860564,1.0,0.6292899903753301,0.6255736208841075,0.6201084950709368,0.6225411427854064,0.6349013496714909,0.6301086522587952,0.6192666568191927,0.629327326028702,0.6288621701649156
2,3,0.2667367895661169,0.9215812369964063,5287,1.8519282042980194,0.8694665153234961,881,1.8554600210616383,0.8644,0.8139799701853662,0.083445560826586,,,0.9022509364440221,,0.9022689624014859,0.09773103759851409,0.9688387202816716,0.40611090203589156,5,0.1,0.5,0.6254189010983635,0.629806748202353,0.6292899903753301,1.0,0.6389071983077466,0.6297364613295358,0.6264327557992286,0.6401919919102019,0.6285507939073335,0.6153143943308298,0.6387217670366591,0.6307806298045616
2,4,0.2556240203592085,0.9221073961499493,4935,1.8518613164241498,0.8722627737226277,822,1.855459332846986,0.8645,0.8158799991351181,0.08437431671770267,,,0.9478534700954335,,0.9478690828773656,0.0521309171226344,0.9689172655861693,0.4061283426294033,5,0.1,0.5,0.6284411807335621,0.6278743179925166,0.6255736208841075,0.6389071983077466,1.0,0.6340362549524271,0.6277464645564881,0.6386319162062671,0.6323015942917434,0.6220186225224845,0.6430744999614268,0.6276977186805527
2,5,0.2801142489001767,0.9138632954788943,4667,1.862156162261963,0.8521850899742931,778,1.8554697478541171,0.8644,0.8132219889306023,0.08368432114438246,,,0.9139742272797268,,0.9139852417047337,0.08601475829526628,0.968868897545544,0.4061177543534371,5,0.1,0.5,0.6297778864160166,0.6296887656440584,0.6201084950709368,0.6297364613295358,0.6340362549524271,1.0,0.6324726117309275,0.6409411893539444,0.6359861445871012,0.6068251123795021,0.6359839389631102,0.6294582422466066
2,6,0.28510100474448075,0.9142600494048956,4453,1.8620800077915192,0.8517520215633423,742,1.8555503904629058,0.8642,0.8091369844435709,0.08279849071388135,,,0.8704793623720042,,0.8704984689523618,0.12950153104763817,0.9687433157962538,0.4060784386226494,5,0.1,0.5,0.6144652273867343,0.6274520551498602,0.6225411427854064,0.6264327557992286,0.6277464645564881,0.6324726117309275,1.0,0.6371221048456349,0.6290587300242106,0.6091590347625729,0.6382808756487766,0.6250315094448702
2,7,0.2745781990866274,0.9162964694879588,4277,1.8634787849757983,0.8709677419354839,713,1.8554587722205507,0.8645,0.8226039222714435,0.08455690866228657,,,0.956818856347092,,0.9568344962602279,0.043165503739772126,0.9689153366437648,0.4061295533041436,5,0.1,0.5,0.630169741123852,0.6320758369127457,0.6349013496714909,0.6401919919102019,0.6386319162062671,0.6409411893539444,0.6371221048456349,1.0,0.6487873079925833,0.6273439923719717,0.6448774691288253,0.6383729916895251
2,8,0.2903113915187008,0.9106321143133931,4129,1.8668491027571938,0.8430232558139535,688,1.859132657035852,0.8674,0.8135635381149239,0.07830813699279356,,,0.65,,0.650002509914161,0.349997490085839,0.9656630782692173,0.40457270119613675,5,0.1,0.5,0.6293858490537373,0.629941456617149,0.6301086522587952,0.6285507939073335,0.6323015942917434,0.6359861445871012,0.6290587300242106,0.6487873079925833,1.0,0.6151539668739177,0.6468724083077119,0.6372238325148625
2,9,0.3082518419319217,0.909372656835791,4001,1.8571769282931374,0.8650674662668666,667,1.8554715363743206,0.8642,0.7982328083736973,0.08321329951755044,,,0.8908467512727387,,0.8908588926258721,0.10914110737412785,0.9688297667598278,0.4061018305474091,5,0.1,0.5,0.6001806119856065,0.6161129766835322,0.6192666568191927,0.6153143943308298,0.6220186225224845,0.6068251123795021,0.6091590347625729,0.6273439923719717,0.6151539668739177,1.0,0.6251865661667926,0.6209095447265456
2,10,0.280448720511049,0.917408074055027,3889,1.8479254983720326,0.8703703703703703,648,1.8554570240715442,0.8645,0.8198302375977338,0.08462169685772125,,,0.9599999999508992,,0.9600020079313287,0.03999799206867127,0.9689134869735049,0.4061298729683179,5,0.1,0.5,0.6203707328700737,0.6256253291220495,0.629327326028702,0.6387217670366591,0.6430744999614268,0.6359839389631102,0.6382808756487766,0.6448774691288253,0.6468724083077119,0.6251865661667926,1.0,0.6370463560438567
2,11,0.317845545007902,0.9066209443418624,3791,1.8597854912281035,0.865506329113924,632,1.8554784733647356,0.8645,0.8128215877229201,0.08358854066761126,,,0.909271341993201,,0.9092816625671402,0.09071833743285984,0.9688562099919553,0.40611528605049324,5,0.1,0.5,0.6213538458950184,0.6249597218276786,0.6288621701649156,0.6307806298045616,0.6276977186805527,0.6294582422466066,0.6250315094448702,0.6383729916895251,0.6372238325148625,0.6209095447265456,0.6370463560438567,1.0
3,0,0.21216549276218455,0.936790844898953,8214,1.610849751982578,0.926953981008035,1369,1.6179621794734138,0.9157,0.7951604533448574,0.08312329194057144,,,0.8606507846655531,,0.8606746649264595,0.1393253350735405,0.9707522144982978,0.4033190424043302,5,0.1,0.5,1.0,0.610522566003782,0.6071883534427772,0.6033915406936555,0.6091531686819768,0.6116420453668705,0.6057371532267259,0.6079575681256904,0.6065072978751828,0.6167875407279202,0.6117904929633734,0.6060330740877409
3,1,0.2208172732105171,0.9338606632187405,6574,1.6151678357805526,0.927007299270073,1096,1.617918164585345,0.9158,0.8021226586840898,0.08330519932117228,,,0.8730653025905819,,0.8730786607098038,0.12692133929019622,0.970802954491136,0.40333895851825846,5,0.1,0.5,0.610522566003782,1.0,0.6183570689069783,0.6101083845459663,0.6158131165180034,0.6218075560957935,0.6133944968576213,0.6106933472004876,0.6138653923059991,0.6202633984829927,0.6207968892751659,0.6089737393321056
3,2,0.2424235622455155,0.9262666436105828,5783,1.6181000586478942,0.9087136929460581,964,1.617857908288511,0.9156,0.8034142998151952,0.08382065420319418,,,0.9082432258351923,,0.9082576175894784,0.09174238241052157,0.9708940682397,0.40337338372450215,5,0.1,0.5,0.6071883534427772,0.6183570689069783,1.0,0.615710211685059,0.6146789902359869,0.6142908297513608,0.6131136801597126,0.6108138616544356,0.6093032451189068,0.6265692114472174,0.6260349989891019,0.6174617036990864
3,3,0.2440192642458995,0.9261206733497257,5287,1.6134199457509177,0.9148694665153235,881,1.6179413349864582,0.9157,0.8004752306210524,0.08318811922916514,,,0.8650750116189576,,0.8650971336780282,0.1349028663219718,0.9707570793963128,0.4033266688384055,5,0.1,0.5,0.6033915406936555,0.6101083845459663,0.615710211685059,1.0,0.6227174274509661,0.6093638992443854,0.6065407920162297,0.6166430388154996,0.6152681203527232,0.61781888507239,0.6192099195016271,0.6122799816917734
3,4,0.23262953486413726,0.9314690982776089,4935,1.6127863388795118,0.9221411192214112,822,1.6178523104030864,0.9156,0.810876543537455,0.08416602833525252,,,0.9318137557340755,,0.9318307313889865,0.06816926861101347,0.9709222882370652,0.40338447766387153,5,0.1,0.5,0.6091531686819768,0.6158131165180034,0.6146789902359869,0.6227174274509661,1.0,0.6243123950153661,0.6250329317443637,0.6286878105246637,0.6230749140501783,0.6322887556198316,0.6291117037950272,0.6208436189729218
3,5,0.256861327897298,0.9242768373687594,4667,1.6274089908599854,0.9074550128534704,778,1.6178673898069242,0.9156,0.806896356093473,0.08357016547788237,,,0.8911482802638269,,0.8911651021535063,0.1088348978464937,0.9708394737741617,0.40336013780231506,5,0.1,0.5,0.6116420453668705,0.6218075560957935,0.6142908297513608,0.6093638992443854,0.6243123950153661,1.0,0.6163595907233189,0.6251553834654147,0.6199321608212486,0.6225728883128898,0.6271767787916731,0.6175099569603291
3,6,0.2529545151189502,0.9235122389400404,4453,1.6290580679972966,0.9137466307277629,742,1.618038609005011,0.9155,0.8061841848084502,0.08295851370559777,,,0.8494052687058462,,0.849415190000502,0.15058480999949797,0.9706566973479303,0.40329698766730504,5,0.1,0.5,0.6057371532267259,0.6133944968576213,0.6131136801597126,0.6065407920162297,0.6250329317443637,0.6163595907233189,1.0,0.630843235701487,0.6286611471102718,0.6227636316927482,0.6278215301868159,0.61752064915444
3,7,0.25264106466254194,0.9242459667991583,4277,1.6237507903057595,0.9172510518934082,713,1.6178476387700333,0.9156,0.8107718772095237,0.08428333766814805,,,0.9398196915635861,,0.9398273179057276,0.0601726820942724,0.9709244769972981,0.40338679238283853,5,0.1,0.5,0.6079575681256904,0.6106933472004876,0.6108138616544356,0.6166430388154996,0.6286878105246637,0.6251553834654147,0.630843235701487,1.0,0.632408803248188,0.6272748533530358,0.6340097943515116,0.6199836635388938
3,8,0.25953406528068834,0.9200775006054734,4129,1.637700080871582,0.9011627906976745,688,1.6241703406690409,0.9161,0.8076986971559535,0.08003666927093336,,,0.65,,0.650002509914161,0.349997490085839,0.9675939125311663,0.4017435151465925,5,0.1,0.5,0.6065072978751828,0.6138653923059991,0.6093032451189068,0.6152681203527232,0.6230749140501783,0.6199321608212486,0.6286611471102718,0.632408803248188,1.0,0.6260800595605848,0.6412410311010125,0.6259027307099616
3,9,0.2577027802414719,0.9250687328167958,4001,1.6232615822837466,0.8995502248875562,667,1.6178709405679672,0.9156,0.8140590124144624,0.08350786856406536,,,0.8868967421970329,,0.8869082877365594,0.11309171226344061,0.9707891764351756,0.40335579684292366,5,0.1,0.5,0.6167875407279202,0.6202633984829927,0.6265692114472174,0.61781888507239,0.6322887556198316,0.6225728883128898,0.6227636316927482,0.6272748533530358,0.6260800595605848,1.0,0.6473039390415477,0.6216750101731925
3,10,0.24769343286905376,0.9264592440215994,3889,1.6062442575182234,0.9212962962962963,648,1.6178364308116535,0.9156,0.8180218930842806,0.08457903558063562,,,0.9599999999317536,,0.9600020079313287,0.03999799206867127,0.9709302068862931,0.40338998527731423,5,0.1,0.5,0.6117904929633734,0.6207968892751659,0.6260349989891019,0.6192099195016271,0.6291117037950272,0.6271767787916731,0.6278215301868159,0.6340097943515116,0.6412410311010125,0.6473039390415477,1.0,0.6301688688116386
3,11,0.2831896558278749,0.9167501978369823,3791,1.625642603635788,0.9113924050632911,632,1.6178861323256082,0.9156,0.8055885278364495,0.0834611167033819,,,0.8837060975372819,,0.8837206967521711,0.11627930324782887,0.9708251569951311,0.40335239865278305,5,0.1,0.5,0.6060330740877409,0.6089737393321056,0.6174617036990864,0.6122799816917734,0.6208436189729218,0.6175099569603291,0.61752064915444,0.6199836635388938,0.6259027307099616,0.6216750101731925,0.6301688688116386,1.0
4,0,0.19765553425975751,0.9412953494034575,8214,1.3548351664875828,0.943754565376187,1369,1.3652603957599725,0.9342,0.788685696919509,0.08294085492548646,,,0.8166868262092299,,0.816705988655188,0.18329401134481205,0.9708276967494264,0.39776528558569113,5,0.1,0.5,1.0,0.5944860946413961,0.5972808176500477,0.5872393776938353,0.6021492806027817,0.6044924384260144,0.592311895886932,0.5893374290045772,0.5950261280803758,0.5873048768466279,0.5962079707027145,0.5878787892277907
4,1,0.20422072702548602,0.9390021296014603,6574,1.3613562311444964,0.9406934306569343,1096,1.3650980056665194,0.9344,0.7932026897706849,0.0832201196555945,,,0.8432595587664767,,0.8432759399628532,0.15672406003714678,0.9709721652809754,0.3978429631341659,5,0.1,0.5,0.5944860946413961,1.0,0.6037161321989897,0.590195782910053,0.6034735046971803,0.6101597949677335,0.5941368981257966,0.5939831330669118,0.5984837899994044,0.5943380025592331,0.6014739187624967,0.5914560191213625
4,2,0.2289879966640423,0.9310738371087671,5783,1.3652319177504508,0.9284232365145229,964,1.3648060480245767,0.9343,0.796254769844935,0.08367004470892571,,,0.8860710448726872,,0.8860850358917725,0.11391496410822755,0.9711579923077741,0.3979185135737754,5,0.1,0.5,0.5972808176500477,0.6037161321989897,1.0,0.6003252243582213,0.6028068816644319,0.5986105029119644,0.6023393573229692,0.5991193079690597,0.5983964580118566,0.5978107624952085,0.6001631838017407,0.6020688591239578
4,3,0.2341651957594307,0.9315301683374314,5287,1.3593716195651464,0.9375709421112373,881,1.3652441581598105,0.9343,0.7871489783930402,0.08293017221323389,,,0.815670339610425,,0.8156919833341699,0.18430801666583008,0.9708235741188276,0.39776168102715775,5,0.1,0.5,0.5872393776938353,0.590195782910053,0.6003252243582213,1.0,0.6052322008676053,0.5891067333307661,0.5898948559045778,0.5939275345359974,0.5886751246892561,0.5896452382515046,0.5958592141334036,0.5882943765426751
4,4,0.21236489001721626,0.9341438703140831,4935,1.3583478698363671,0.9452554744525548,822,1.3647340734164937,0.9344,0.8058381090822202,0.08423554355496024,,,0.939879664354616,,0.9398925756739119,0.060107424326088066,0.9712547709486586,0.3979540695937777,5,0.1,0.5,0.6021492806027817,0.6034735046971803,0.6028068816644319,0.6052322008676053,1.0,0.6141888946433788,0.6147229179530987,0.6089530244570177,0.613155476741578,0.612622424611673,0.6183511233615706,0.5970750052265317
4,5,0.23204775049721132,0.9301907006642383,4667,1.3769346857070923,0.9241645244215938,778,1.3648374987105591,0.9343,0.8004139926977785,0.08364902733618337,,,0.8840711896646127,,0.8840821243913458,0.11591787560865419,0.9711382497941456,0.39791611049466447,5,0.1,0.5,0.6044924384260144,0.6101597949677335,0.5986105029119644,0.5891067333307661,0.6141888946433788,1.0,0.6062406555668826,0.6095466657938294,0.6028790546733146,0.5968720696222387,0.6117219208048299,0.5995462473692833
4,6,0.23149767578646008,0.9306085784864137,4453,1.3800528943538666,0.9299191374663073,742,1.365264146091839,0.9344,0.795895186743094,0.08308371265722048,,,0.830280094136885,,0.8302996837508158,0.16970031624918425,0.9708467766148567,0.39780900792353946,5,0.1,0.5,0.592311895886932,0.5941368981257966,0.6023393573229692,0.5898948559045778,0.6147229179530987,0.6062406555668826,1.0,0.6024560604256736,0.6046781833271259,0.5996505230542298,0.6070714957316953,0.5897618726284218
4,7,0.2278391213656695,0.9347205985503858,4277,1.3687747976054316,0.938288920056101,713,1.3647479138816128,0.9343,0.7974457350812607,0.08401966535123791,,,0.919338317188316,,0.9193514381808142,0.08064856181918578,0.9712340652051156,0.39794590441479666,5,0.1,0.5,0.5893374290045772,0.5939831330669118,0.5991193079690597,0.5939275345359974,0.6089530244570177,0.6095466657938294,0.6024560604256736,1.0,0.6066775996955235,0.6027488429935737,0.6090975342435357,0.5960061089469918
4,8,0.23988009229517326,0.9271978687333495,4129,1.3930597684600137,0.9258720930232558,688,1.3732148801175932,0.9354,0.7973166142610114,0.08118906852438515,,,0.65,,0.650002509914161,0.349997490085839,0.9678131215821397,0.3962804876792504,5,0.1,0.5,0.5950261280803758,0.5984837899994044,0.5983964580118566,0.5886751246892561,0.613155476741578,0.6028790546733146,0.6046781833271259,0.6066775996955235,1.0,0.601029852938511,0.6171279632086086,0.6044026551395524
4,9,0.24084383465496578,0.9302174456385903,4001,1.3743055377687727,0.9235382308845578,667,1.3649493703446067,0.9343,0.7944229265260248,0.08339773118788205,,,0.8601597371195888,,0.8601827217509161,0.13981727824908385,0.9710341873407645,0.3978789900223195,5,0.1,0.5,0.5873048768466279,0.5943380025592331,0.5978107624952085,0.5896452382515046,0.612622424611673,0.5968720696222387,0.5996505230542298,0.6027488429935737,0.601029852938511,1.0,0.6155462434797826,0.5887833432195543
4,10,0.22413237800852198,0.9337618925173566,3889,1.349490756080264,0.941358024691358,648,1.3647089800514733,0.9344,0.8040281422188548,0.08444699715932756,,,0.9599999999048475,,0.9600020079313287,0.03999799206867127,0.9712751112951484,0.39795790622424093,5,0.1,0.5,0.5962079707027145,0.6014739187624967,0.6001631838017407,0.5958592141334036,0.6183511233615706,0.6117219208048299,0.6070714957316953,0.6090975342435357,0.6171279632086086,0.6155462434797826,1.0,0.6010310270842452
4,11,0.2622907550301121,0.9230282247428119,3791,1.3760012209415435,0.9224683544303798,632,1.3650678838022983,0.9343,0.7901529816929449,0.08321706272556256,,,0.8429686842827796,,0.8429797700918629,0.15702022990813713,0.970989965395737,0.3978419997098818,5,0.1,0.5,0.5878787892277907,0.5914560191213625,0.6020688591239578,0.5882943765426751,0.5970750052265317,0.5995462473692833,0.5897618726284218,0.5960061089469918,0.6044026551395524,0.5887833432195543,0.6010310270842452,1.0
5,0,0.18665894238053593,0.9438032627221816,8214,1.1063666814981505,0.9532505478451424,1369,1.1200246323411838,0.9428,0.7830337247131076,0.08339299062650127,,,0.8978927555098293,,0.8979017117614577,0.10209828823854228,0.9675609594676823,0.3870673370230009,5,0.1,0.5,1.0,0.5855534180298486,0.5814895298345222,0.5908769127898647,0.5855114450523781,0.5768045969004251,0.5744158765727649,0.5795111321839834,0.46360434374515475,0.57649006312053,0.5836488538100845,0.5756561245359783
5,1,0.19248662931998306,0.9425616063279586,6574,1.1149211611066545,0.947992700729927,1096,1.1198486203964526,0.9428,0.7797406806456448,0.08346415438797988,,,0.9009407596749226,,0.9009587872094774,0.09904121279052258,0.9677314701269374,0.3870699383397493,5,0.1,0.5,0.5855534180298486,1.0,0.5857029179539238,0.5820754732265176,0.5792640780234655,0.5839937144882434,0.5738790983091,0.5694977825123739,0.45409395266722613,0.578029763688198,0.5861775276853416,0.5630766586528337
5,2,0.21275143184138268,0.9361577036140412,5783,1.1209285643792921,0.9377593360995851,964,1.1195750428845708,0.9428,0.7842279863176104,0.08392500332829429,,,0.9206793100321757,,0.9207017719993976,0.07929822800060238,0.9678997613204634,0.38708322067261725,5,0.1,0.5,0.5814895298345222,0.5857029179539238,1.0,0.5869978777120759,0.5846679350559132,0.5802426753927565,0.578068091305555,0.5824411068589014,0.45691660662047606,0.5832910777933913,0.5893811444488296,0.5715009449667704
5,3,0.2062519222868225,0.9384528087762436,5287,1.1129572753395354,0.9466515323496028,881,1.1200022564147607,0.9428,0.7860250124623739,0.08349156413342973,,,0.9021147422829159,,0.9021334270367953,0.09786657296320467,0.967558869819493,0.3870710340872359,5,0.1,0.5,0.5908769127898647,0.5820754732265176,0.5869978777120759,1.0,0.5939830593387571,0.5816014094135947,0.5856855534308928,0.5858936360583907,0.458604754978252,0.5858901639093197,0.5865180752886496,0.5629301758700893
5,4,0.1944005616126402,0.9413981762917933,4935,1.1115961418702052,0.9586374695863747,822,1.119518821993575,0.9428,0.7919724636211699,0.084578631191702,,,0.9486747449093282,,0.9486873148938306,0.051312685106169376,0.9679830767056096,0.38709319503011397,5,0.1,0.5,0.5855114450523781,0.5792640780234655,0.5846679350559132,0.5939830593387571,1.0,0.5885391422967681,0.5911810583056457,0.5905415767710278,0.46869735867214213,0.591638782792007,0.6018657786606221,0.5740584897292643
5,5,0.2182595667863035,0.9357188772230555,4667,1.1340275621414184,0.929305912596401,778,1.1196063065681214,0.9428,0.7835763009542012,0.08388784747140532,,,0.9190878932183071,,0.9191004467647207,0.08089955323527931,0.9678889263546154,0.3870824048789819,5,0.1,0.5,0.5768045969004251,0.5839937144882434,0.5802426753927565,0.5816014094135947,0.5885391422967681,1.0,0.5808280955559313,0.5847664572052228,0.45627243834840087,0.5773601506667136,0.5881862773752586,0.5760635046896452
5,6,0.21067226923070848,0.9365820794969684,4453,1.137943868835767,0.9380053908355795,742,1.1200121328853572,0.9428,0.7847918040284302,0.0835510995976196,,,0.9046646966283733,,0.9046784799959842,0.09532152000401584,0.9676646354816362,0.3870730131137451,5,0.1,0.5,0.5744158765727649,0.5738790983091,0.578068091305555,0.5856855534308928,0.5911810583056457,0.5808280955559313,1.0,0.5865226313841948,0.4700357674032684,0.5829770942746565,0.5909554479295747,0.5745168518928216
5,7,0.21156578137845133,0.9379471592237549,4277,1.122016816035561,0.9481065918653576,713,1.1195208453141843,0.9428,0.7865108934066625,0.08424054769729454,,,0.9341943425571714,,0.9342051101852317,0.06579488981476833,0.9679631911965335,0.3870890576953815,5,0.1,0.5,0.5795111321839834,0.5694977825123739,0.5824411068589014,0.5858936360583907,0.5905415767710278,0.5847664572052228,0.5865226313841948,1.0,0.46101450872785715,0.5902091424912332,0.5936832213420971,0.5760326350821057
5,8,0.2991008507990941,0.919060305158634,4129,1.1555592797019265,0.9258720930232558,688,1.1297931994873875,0.9429,0.6526024707917537,0.0776052751347025,,,0.65,,0.650002509914161,0.349997490085839,0.9644314346592875,0.3853847426856491,5,0.1,0.5,0.46360434374515475,0.45409395266722613,0.45691660662047606,0.458604754978252,0.46869735867214213,0.45627243834840087,0.4700357674032684,0.46101450872785715,1.0,0.4640820512468008,0.4760808100783085,0.4471012739706871
5,9,0.21663522746159633,0.936515871032242,4001,1.13384667464665,0.9310344827586207,667,1.1197081450075388,0.9428,0.7857521600198861,0.08379597494651078,,,0.915152915180077,,0.9151749410170172,0.08482505898298276,0.9677776832365814,0.3870801840926361,5,0.1,0.5,0.57649006312053,0.578029763688198,0.5832910777933913,0.5858901639093197,0.591638782792007,0.5773601506667136,0.5829770942746565,0.5902091424912332,0.4640820512468008,1.0,0.5966715838431502,0.5695128202528505
5,10,0.20629312993622706,0.939264592440216,3889,1.1005064334188188,0.9506172839506173,648,1.1194934094675815,0.9428,0.795434355142064,0.0848430493831661,,,0.9599999999571691,,0.9600020079313287,0.03999799206867127,0.9679979839236595,0.3870950677483276,5,0.1,0.5,0.5836488538100845,0.5861775276853416,0.5893811444488296,0.5865180752886496,0.6018657786606221,0.5881862773752586,0.5909554479295747,0.5936832213420971,0.4760808100783085,0.5966715838431502,1.0,0.5880577065960632
5,11,0.2419410741629721,0.9295700342917436,3791,1.1330332428216934,0.9319620253164557,632,1.1198381257895083,0.9428,0.7730016938111685,0.08322386210139412,,,0.8906488375626647,,0.8906631193213193,0.10933688067868075,0.9677184426663578,0.3870604895445552,5,0.1,0.5,0.5756561245359783,0.5630766586528337,0.5715009449667704,0.5629301758700893,0.5740584897292643,0.5760635046896452,0.5745168518928216,0.5760326350821057,0.4471012739706871,0.5695128202528505,0.5880577065960632,1.0
6,0,0.17606590275402662,0.9473338203067933,8214,0.8760316815487174,0.95836376917458,1369,0.8922393916133112,0.949,0.7675397946062047,0.08371601528178674,,,0.9193399277781868,,0.9193514381808142,0.08064856181918578,0.9637645164605567,0.37936502735313443,5,0.1,0.5,1.0,0.5613676066768757,0.5598342722965393,0.5591908555381847,0.5621126183781882,0.5603236298445782,0.5441649207759215,0.559252125806131,0.4355173931594988,0.5432851061552151,0.549231792018938,0.5456525675371283
6,1,0.17942211777785594,0.9458472771524186,6574,0.8860212666647774,0.9534671532846716,1096,0.8920637504361308,0.949,0.769504944745908,0.08383408804633709,,,0.9229283195842564,,0.9229456352592741,0.07705436474072591,0.9637806858382841,0.3793669072904259,5,0.1,0.5,0.5613676066768757,1.0,0.5657889475624506,0.5578476374375823,0.5629311363862906,0.561998813146469,0.5472554381573005,0.5538088994212758,0.42754781459027363,0.5527475267720476,0.5633341317896499,0.5419506388545635
6,2,0.1969310708169038,0.9416565796299499,5783,0.8938649681306654,0.941908713692946,964,0.8918281812637378,0.9489,0.7724339700483839,0.08425000295991997,,,0.9355685391438359,,0.9355905828020682,0.0644094171979318,0.9638063569798101,0.37937223556412886,5,0.1,0.5,0.5598342722965393,0.5657889475624506,1.0,0.5645980348247104,0.5659068679060882,0.557199833232064,0.5515763458111556,0.5581941808313301,0.4307127259405549,0.5529866760150749,0.5628425850519644,0.5513600926288906
6,3,0.19386431466499118,0.9423869869491205,5287,0.8831749707460403,0.9545970488081725,881,0.8922146513058354,0.949,0.7689748391565099,0.08383375630028354,,,0.9229182373707606,,0.9229305757743085,0.07706942422569152,0.9637772999031204,0.3793669022011382,5,0.1,0.5,0.5591908555381847,0.5578476374375823,0.5645980348247104,1.0,0.5647342185652008,0.5539127414977266,0.5500391207051459,0.5620648774002521,0.42535444560241975,0.5466260203022872,0.5624079846721918,0.5446738523415444
6,4,0.18065733408044662,0.9445997973657548,4935,0.8827522809688861,0.9635036496350365,822,0.8917826109419996,0.9489,0.7792807352691236,0.08493573537851104,,,0.9564088794322958,,0.9564228703378345,0.04357712966216554,0.963835061959688,0.37937692430893083,5,0.1,0.5,0.5621126183781882,0.5629311363862906,0.5659068679060882,0.5647342185652008,1.0,0.5658444249367303,0.5637873308831168,0.5674442117825907,0.44204894980382187,0.5618127545254341,0.5757091492139423,0.5479095111631568
6,5,0.2023116688052677,0.9388472251982001,4667,0.9082076406478882,0.9370179948586118,778,0.891864068020647,0.9489,0.7719235054585942,0.08420670617407583,,,0.9342526909705173,,0.9342653481250941,0.0657346518749059,0.9638024228383377,0.37937175762100317,5,0.1,0.5,0.5603236298445782,0.561998813146469,0.557199833232064,0.5539127414977266,0.5658444249367303,1.0,0.5552935639257071,0.5609176046449038,0.43611923780864337,0.543518194764727,0.5716622721315296,0.5500099454435383
6,6,0.19538898117574197,0.9433191107118797,4453,0.9119883626699448,0.9487870619946092,742,0.8922141112458591,0.949,0.7642284853868131,0.0837050795959649,,,0.9190075774216396,,0.9190251493398925,0.08097485066010746,0.9637747708274336,0.37936493734280047,5,0.1,0.5,0.5441649207759215,0.5472554381573005,0.5515763458111556,0.5500391207051459,0.5637873308831168,0.5552935639257071,1.0,0.5588931437199682,0.435415309574146,0.539410529718963,0.5573092037996067,0.5457521593869007
6,7,0.19366744681845294,0.9416413373860182,4277,0.8928331007128176,0.9523141654978962,713,0.8917717975549424,0.9489,0.7745415338800523,0.08453841331910285,,,0.9443337219835763,,0.9443451633954119,0.05565483660458814,0.9638218179693693,0.3793746664068252,5,0.1,0.5,0.559252125806131,0.5538088994212758,0.5581941808313301,0.5620648774002521,0.5674442117825907,0.5609176046449038,0.5588931437199682,1.0,0.4381724533230169,0.5591059819813986,0.5654037108943762,0.5556552319606896
6,8,0.26581318807131116,0.9264713005570356,4129,0.9336456168781627,0.934593023255814,688,0.9029707192612914,0.9492,0.6285171341108926,0.07485363023710713,,,0.65,,0.650002509914161,0.349997490085839,0.9600947305683782,0.37766503557555736,5,0.1,0.5,0.4355173931594988,0.42754781459027363,0.4307127259405549,0.42535444560241975,0.44204894980382187,0.43611923780864337,0.435415309574146,0.4381724533230169,1.0,0.42542007761632333,0.4377986756704277,0.4273383872557994
6,9,0.2115245332187485,0.9370657335666084,4001,0.9109790012949989,0.9370314842578711,667,0.8919370050628346,0.949,0.7615349362378745,0.08377481008808266,,,0.9211267818588479,,0.9211485367200442,0.07885146327995585,0.9637847199851945,0.37936605664309686,5,0.1,0.5,0.5432851061552151,0.5527475267720476,0.5529866760150749,0.5466260203022872,0.5618127545254341,0.543518194764727,0.539410529718963,0.5591059819813986,0.42542007761632333,1.0,0.5611204167238304,0.536310887890369
