round,client_id,client_i_training_loss,client_i_training_accuracy,client_i_training_dataset_size,client_i_evaluation_loss,client_i_evaluation_accuracy,client_i_evaluation_dataset_size,client_i_central_evaluation_loss,client_i_central_evaluation_accuracy,client_i_cosine_similarity,client_i_importance_coefficient,client_i_tanh_val,tanh_normalization_value,client_i_q,client_i_mask_order,client_i_v_nonzero_fraction,client_i_v_sparsity,client_i_v_cosine_similarity,client_i_reward_gradient_norm,local_epochs,learning_rate,gamma,client_0_cosine_similarity,client_1_cosine_similarity,client_2_cosine_similarity,client_3_cosine_similarity,client_4_cosine_similarity,client_5_cosine_similarity,client_6_cosine_similarity,client_7_cosine_similarity,client_8_cosine_similarity,client_9_cosine_similarity,client_10_cosine_similarity,client_11_cosine_similarity
0,0,0.28550942074761143,0.9108351594838081,8214,2.2149446287820505,0.2768444119795471,1369,2.213805865936767,0.2864,0.7935978064280925,0.08537472572528687,,,0.9599999999853726,,0.9600020079313287,0.03999799206867127,0,0.38851982141818187,5,0.1,0.5,1.0,0.5595466148450252,0.5504299952521117,0.5626265943365614,0.5558164267156416,0.5616014562412056,0.5523655516447804,0.5616590402939285,0.5701272029256583,0.49295843601551537,0.5753028209563122,0.5697006884530301
0,1,0.3077936033935295,0.9035898996045025,6574,2.207878405707223,0.31113138686131386,1096,2.2138063298246733,0.2864,0.787142218534797,0.08468023786087828,,,0.9498414589999311,,0.9498519150645048,0.05014808493549516,0,0.3885187825609009,5,0.1,0.5,0.5595466148450252,1.0,0.5743135498885964,0.5509228499277469,0.5721092173981738,0.5864573114834832,0.5594887439300112,0.5772078059336005,0.5881947831007851,0.4898151998090905,0.571576635911284,0.5704825735251607
0,2,0.3240429267174055,0.8975618191250216,5783,2.211199983473747,0.279045643153527,964,2.213809077351238,0.2862,0.7836260291889,0.08430196854287791,,,0.9443083682616011,,0.9443200642538025,0.05567993574619745,0,0.3885179974157301,5,0.1,0.5,0.5504299952521117,0.5743135498885964,1.0,0.5701957142332527,0.5728802747146678,0.5859176908914004,0.5627867900185499,0.5994563872631709,0.5852035657452243,0.4910714532407399,0.5828084515003733,0.5700305764793934
0,3,0.3468534353817533,0.8914696425193872,5287,2.2123440333775113,0.28717366628830876,881,2.2138161499279376,0.2864,0.7782775201542999,0.08372657948790631,,,0.9358919313487962,,0.935906831986346,0.06409316801365395,0,0.38851647013881097,5,0.1,0.5,0.5626265943365614,0.5509228499277469,0.5701957142332527,1.0,0.5842929069436879,0.5805304825771656,0.5573081444148829,0.5854148449874508,0.5664507860342937,0.5077355047811579,0.5948148448325852,0.579196207706996
0,4,0.33546397952723406,0.8934549138804458,4935,2.2168187086398783,0.2725060827250608,822,2.2138095793251793,0.2864,0.7826956072543272,0.08420187436818448,,,0.9428442522876048,,0.9428542743838161,0.05714572561618392,0,0.38851775799772525,5,0.1,0.5,0.5558164267156416,0.5721092173981738,0.5728802747146678,0.5842929069436879,1.0,0.5897215160194806,0.5605935671480284,0.5943872775526187,0.5917254222273393,0.5153190432799719,0.6007916511237247,0.5790911825023599
0,5,0.3546924810320751,0.8893936147418041,4667,2.219703435897827,0.2750642673521851,778,2.213808760475427,0.2863,0.7851243734760786,0.08446315942763562,,,0.946666169302063,,0.946684403393404,0.053315596606596016,0,0.38851836311129095,5,0.1,0.5,0.5616014562412056,0.5864573114834832,0.5859176908914004,0.5805304825771656,0.5897215160194806,1.0,0.5708279769104374,0.5931184678473623,0.5927600823066608,0.5188924992815253,0.5822746608442316,0.5894155660943855
0,6,0.3703632860218308,0.8852009880979115,4453,2.2105045715967813,0.3005390835579515,742,2.2138150560970122,0.2863,0.7627681890353142,0.08205809593144875,,,0.9114863809274898,,0.9115054465137292,0.08849455348627078,0,0.38850905015884823,5,0.1,0.5,0.5523655516447804,0.5594887439300112,0.5627867900185499,0.5573081444148829,0.5605935671480284,0.5708279769104374,1.0,0.5773009057449399,0.5711978623222524,0.4932287813390631,0.582711326439098,0.5790356970534029
0,7,0.3656330593764337,0.8852934299742811,4277,2.221642121024754,0.27349228611500703,713,2.2138067655289135,0.2864,0.7867521424695915,0.0846382737364702,,,0.9492276336192952,,0.9492394960092365,0.050760503990763484,0,0.38851871123075354,5,0.1,0.5,0.5616590402939285,0.5772078059336005,0.5994563872631709,0.5854148449874508,0.5943872775526187,0.5931184678473623,0.5773009057449399,1.0,0.601545135678041,0.5068120128251908,0.6038170907448719,0.607147643714495
0,8,0.39553263279251183,0.8754662145798014,4129,2.2036206939003686,0.311046511627907,688,2.2138094391685703,0.2863,0.7833642832032777,0.08427381008332675,,,0.9438964836483531,,0.9439034185030872,0.05609658149691277,0,0.38851792470607394,5,0.1,0.5,0.5701272029256583,0.5881947831007851,0.5852035657452243,0.5664507860342937,0.5917254222273393,0.5927600823066608,0.5711978623222524,0.601545135678041,1.0,0.5242430015938631,0.5988661607857916,0.5895851056871032
0,9,0.45964122361245763,0.8669332666833292,4001,2.2185667128789994,0.272863568215892,667,2.213944673538208,0.2861,0.6919204037072562,0.07443633816998119,,,0.8,,0.8,0.19999999999999996,0,0.3883525184926043,5,0.1,0.5,0.49295843601551537,0.4898151998090905,0.4910714532407399,0.5077355047811579,0.5153190432799719,0.5188924992815253,0.4932287813390631,0.5068120128251908,0.5242430015938631,1.0,0.5187470469958303,0.5153877927749713
0,10,0.40583364361683366,0.8710208279763435,3889,2.2187957763671875,0.2808641975308642,648,2.213808904440639,0.2862,0.7841395697412361,0.08435721489493356,,,0.9451164778923307,,0.9451382962702676,0.054861703729732425,0,0.38851813728129736,5,0.1,0.5,0.5753028209563122,0.571576635911284,0.5828084515003733,0.5948148448325852,0.6007916511237247,0.5822746608442316,0.582711326439098,0.6038170907448719,0.5988661607857916,0.5187470469958303,1.0,0.5970342183957482
0,11,0.39493005706169526,0.8741229227116856,3791,2.2094114780426026,0.29430379746835444,632,2.213816932976817,0.2863,0.776057226519159,0.08348772177106996,,,0.9323980676968556,,0.9324130314743235,0.06758696852567647,0,0.3885157137150975,5,0.1,0.5,0.5697006884530301,0.5704825735251607,0.5700305764793934,0.579196207706996,0.5790911825023599,0.5894155660943855,0.5790356970534029,0.607147643714495,0.5895851056871032,0.5153877927749713,0.5970342183957482,1.0
1,0,0.25287617795162104,0.920891161431702,8214,2.0602209290792777,0.6413440467494521,1369,2.0596426283589566,0.6402,0.7940169548880146,0.0847848183638926,,,0.9554438206202697,,0.9554590633000352,0.04454093669996484,0.9538932400369855,0.3966994222796338,5,0.1,0.5,1.0,0.6199894038211433,0.6091717934171266,0.6128475711739839,0.611245239977693,0.6117355811082434,0.6051558145293177,0.6166889028133474,0.6088600499009873,0.41661699153564863,0.604926459249984,0.6119507107598973
1,1,0.2727337662858473,0.9144812899300274,6574,2.0528583083833967,0.6587591240875912,1096,2.0596429684672493,0.6403,0.8104513462780627,0.0848984826125282,,,0.9566608245365165,,0.9566788815822499,0.043321118417750104,0.9538906438923037,0.39669957373349435,5,0.1,0.5,0.6199894038211433,1.0,0.6296753047269142,0.6250620807385123,0.628030317672773,0.6247596087898125,0.625646435373189,0.6394227578763764,0.6173808094685064,0.4282588077128201,0.6227003343123719,0.6281071510499203
1,2,0.28244946711279906,0.9116029742348262,5783,2.056594867860117,0.6327800829875518,964,2.05964860634301,0.6403,0.8079525099932344,0.08455859216731688,,,0.9530216151291404,,0.9530344862205713,0.0469655137794287,0.9538897076460926,0.3966991620412459,5,0.1,0.5,0.6091717934171266,0.6296753047269142,1.0,0.6203748149982709,0.6241732547796064,0.6393768924699165,0.616089516624593,0.6339408794299319,0.6256055897243391,0.4252704128798056,0.6194936227490746,0.6234557873812812
1,3,0.30630724742582227,0.9048231511254019,5287,2.05809725182397,0.6367763904653803,881,2.0596625591619326,0.6403,0.8059136817364859,0.08410341819586101,,,0.9481480641886748,,0.9481602329200342,0.05183976707996585,0.9538899890586343,0.3966984800044218,5,0.1,0.5,0.6128475711739839,0.6250620807385123,0.6203748149982709,1.0,0.6274358376400034,0.6292673963485413,0.6187838079126764,0.6343526281996861,0.6143731149414663,0.42134832931222493,0.615666373558769,0.6301907281185248
1,4,0.2989282574132085,0.9081256332320162,4935,2.06458972967588,0.6459854014598541,822,2.059648440668758,0.6403,0.8122443254752126,0.08464246073751648,,,0.9539195965050622,,0.9539280156618644,0.04607198433813564,0.953892132009932,0.39669924570412707,5,0.1,0.5,0.611245239977693,0.628030317672773,0.6241732547796064,0.6274358376400034,1.0,0.6312093904263701,0.6289741753135164,0.638158632266385,0.6390559764209528,0.41520375631040507,0.6222768424567393,0.6410684691029698
1,5,0.31490913084134053,0.9020784229697879,4667,2.0673828983306883,0.6298200514138818,778,2.0596454017840253,0.6403,0.8164297757402799,0.08496353931982614,,,0.9573573871629368,,0.9573716178906682,0.04262838210933184,0.9538915929385867,0.3966996374215912,5,0.1,0.5,0.6117355811082434,0.6247596087898125,0.6393768924699165,0.6292673963485413,0.6312093904263701,1.0,0.6332148740906577,0.6404245440974348,0.6335732076919958,0.4332868137016404,0.6309711944658104,0.6394785386797299
1,6,0.3191113866253623,0.9037053671682013,4453,2.0555089861154556,0.6401617250673854,742,2.0596610639041986,0.6403,0.8088040258026572,0.08309241493207133,,,0.9373232450732571,,0.9373374830580794,0.0626625169419206,0.9538497003727918,0.39669643275249133,5,0.1,0.5,0.6051558145293177,0.625646435373189,0.616089516624593,0.6187838079126764,0.6289741753135164,0.6332148740906577,1.0,0.6414087026097343,0.6275170319380832,0.4228860754777514,0.6363956522775948,0.6285945375522388
1,7,0.31917631035920846,0.9010053776011223,4277,2.068105593971584,0.6227208976157083,713,2.0596436551584603,0.6402,0.8201360613165322,0.08521035085209215,,,0.959999999989293,,0.9600020079313287,0.03999799206867127,0.9538891049405945,0.39669989119493765,5,0.1,0.5,0.6166889028133474,0.6394227578763764,0.6339408794299319,0.6343526281996861,0.638158632266385,0.6404245440974348,0.6414087026097343,1.0,0.6439464641823032,0.42498409932306475,0.637806127908469,0.6293606655461954
1,8,0.3500966351789136,0.8920319689997578,4129,2.0448625846342607,0.6627906976744186,688,2.0596487708746816,0.6403,0.80991543794916,0.08460869930749894,,,0.9535581126344288,,0.9535716078510115,0.04642839214898853,0.9538900348829505,0.39669922477105146,5,0.1,0.5,0.6088600499009873,0.6173808094685064,0.6256055897243391,0.6143731149414663,0.6390559764209528,0.6335732076919958,0.6275170319380832,0.6439464641823032,1.0,0.41874820126855594,0.6221541751318377,0.6336569853861334
1,9,0.4504929141754965,0.8804798800299926,4001,2.065313214347476,0.6446776611694153,667,2.060032431309977,0.6396,0.5881241543827165,0.07026686584132348,,,0.8,,0.8,0.19999999999999996,0.9532749189607392,0.3965085422165093,5,0.1,0.5,0.41661699153564863,0.4282588077128201,0.4252704128798056,0.42134832931222493,0.41520375631040507,0.4332868137016404,0.4228860754777514,0.42498409932306475,0.41874820126855594,1.0,0.4300329360289018,0.42431527764876126
1,10,0.34986538413728846,0.8890203137053228,3889,2.066662107195173,0.6095679012345679,648,2.05964820339276,0.6403,0.8092625489713167,0.0846413972502214,,,0.9539082097390517,,0.9539179760052207,0.04608202399477934,0.9538905250509085,0.3966992453989227,5,0.1,0.5,0.604926459249984,0.6227003343123719,0.6194936227490746,0.615666373558769,0.6222768424567393,0.6309711944658104,0.6363956522775948,0.637806127908469,0.6221541751318377,0.4300329360289018,1.0,0.6375687139863594
1,11,0.34119131946075365,0.8935900817726193,3791,2.0565227031707765,0.6518987341772152,632,2.0596615841594366,0.6403,0.8140295903170841,0.08422896041985142,,,0.9494922456712839,,0.9495005270819737,0.050499472918026256,0.953883285773061,0.3966986520338552,5,0.1,0.5,0.6119507107598973,0.6281071510499203,0.6234557873812812,0.6301907281185248,0.6410684691029698,0.6394785386797299,0.6285945375522388,0.6293606655461954,0.6336569853861334,0.42431527764876126,0.6375687139863594,1.0
2,0,0.2306864698040607,0.9289505721938154,8214,1.8671825292498567,0.8422205989773557,1369,1.8675941560215081,0.8332,0.793062673576319,0.08392026945871253,,,0.9453817144617981,,0.9453993273430049,0.054600672656995086,0.9655554526454623,0.4027492735771623,5,0.1,0.5,1.0,0.6132195735046413,0.6176221190908544,0.6235041287831139,0.6089877434706776,0.6199377602574345,0.6048186943837014,0.6155333766988249,0.6060717102337134,0.5055256311467995,0.6141222105822591,0.6126200172356547
2,1,0.24867211880650625,0.9235777304533008,6574,1.8588698625564575,0.8512773722627737,1096,1.8675918007811037,0.8332,0.8138103055994351,0.08471993810953186,,,0.9540935028886759,,0.9541037096531299,0.04589629034687015,0.9655579574938918,0.40275056294316575,5,0.1,0.5,0.6132195735046413,1.0,0.6318077825736798,0.6365433023607091,0.6384820489522873,0.6394450455570827,0.6297869187435285,0.6399338994205884,0.6329639837614082,0.5203058132141628,0.6299462034531685,0.6293745938290292
2,2,0.2544999536569359,0.9224278056372125,5783,1.864949522479888,0.8122406639004149,964,1.8676004223168468,0.8332,0.8165481595747777,0.08459007448164729,,,0.9526787363484119,,0.9526981577230059,0.04730184227699408,0.9655560573193223,0.40275039444172467,5,0.1,0.5,0.6176221190908544,0.6318077825736798,1.0,0.6457138303316227,0.6334621767801549,0.6373753089375057,0.6329398647597825,0.6398842940766625,0.6367261995358341,0.5222988544643145,0.6320471234701741,0.6399737693200278
2,3,0.2765746114455747,0.9147342538301494,5287,1.8653249740600586,0.8229284903518729,881,1.8676195959694468,0.8331,0.8173512866810857,0.08431620736816584,,,0.9496951601543401,,0.9497063400431706,0.05029365995682944,0.9655548676576168,0.4027499989833656,5,0.1,0.5,0.6235041287831139,0.6365433023607091,0.6457138303316227,1.0,0.6343602474960245,0.6464663443970051,0.6323584803595486,0.640652829594872,0.634607293805681,0.5214708348504227,0.6296368636351296,0.633839389728138
2,4,0.26397757808828065,0.9202836879432624,4935,1.8749795189270606,0.8333333333333334,822,1.8675998529306235,0.8332,0.8154123150216451,0.0846060508618737,,,0.952852786993285,,0.9528688318859495,0.04713116811405049,0.9655559731369755,0.4027504058108869,5,0.1,0.5,0.6089877434706776,0.6384820489522873,0.6334621767801549,0.6343602474960245,1.0,0.6384201119786013,0.6308328024450357,0.6465127768615446,0.6401439958049723,0.514515084186487,0.6344650457159109,0.636996634572977
2,5,0.2772594691687965,0.9171202056995928,4667,1.8769387769699097,0.8123393316195373,778,1.8675924741422025,0.8332,0.8196925281969848,0.08496843064806996,,,0.956800642175909,,0.9568194367752623,0.043180563224737734,0.9655573407320599,0.40275083952789714,5,0.1,0.5,0.6199377602574345,0.6394450455570827,0.6373753089375057,0.6464663443970051,0.6384201119786013,1.0,0.6298809244285207,0.6370298529745131,0.6392361221894586,0.5228191265174483,0.6448393595678527,0.6426334943216648
2,6,0.2840544383360871,0.9152032337749831,4453,1.8640421330928802,0.8207547169811321,742,1.8676271773755742,0.833,0.8111847079450726,0.08343036982908644,,,0.9400446265075117,,0.9400632498368556,0.05993675016314437,0.9655459460049146,0.40274821935911415,5,0.1,0.5,0.6048186943837014,0.6297869187435285,0.6329398647597825,0.6323584803595486,0.6308328024450357,0.6298809244285207,1.0,0.6455424754731917,0.6336626602786684,0.5124286296145502,0.6347598770113368,0.6363946828980729
2,7,0.27973687220920823,0.9162964694879588,4277,1.8770117293233457,0.8218793828892006,713,1.8675908867162638,0.8332,0.823415675420998,0.0852621046930082,,,0.9599999999891057,,0.9600020079313287,0.03999799206867127,0.9655582884635207,0.40275112942134905,5,0.1,0.5,0.6155333766988249,0.6399338994205884,0.6398842940766625,0.640652829594872,0.6465127768615446,0.6370298529745131,0.6455424754731917,1.0,0.6465482358799315,0.5359455262204519,0.6471727643034846,0.6401790606982684
2,8,0.30881666040961414,0.9065633325260354,4129,1.8475949005647139,0.8662790697674418,688,1.8676006493096153,0.8332,0.8161358213398493,0.08460891476421137,,,0.9528839870549799,,0.9528989508558807,0.04710104914411928,0.965556060959563,0.40275040761478414,5,0.1,0.5,0.6060717102337134,0.6329639837614082,0.6367261995358341,0.634607293805681,0.6401439958049723,0.6392361221894586,0.6336626602786684,0.6465482358799315,1.0,0.5160912077635329,0.6410652837631416,0.6374356247175779
2,9,0.3757289775164931,0.8950262434391402,4001,1.8723592247281755,0.8305847076461769,667,1.8680826859733166,0.8329,0.6866291437465054,0.07057545508066955,,,0.8,,0.8,0.19999999999999996,0.9648318776561495,0.4025311702650145,5,0.1,0.5,0.5055256311467995,0.5203058132141628,0.5222988544643145,0.5214708348504227,0.514515084186487,0.5228191265174483,0.5124286296145502,0.5359455262204519,0.5160912077635329,1.0,0.5241240602965627,0.5166119002323376
2,10,0.3139150477823664,0.9048084340447415,3889,1.8789707706088112,0.8209876543209876,648,1.8675994256053108,0.8332,0.8166974170302504,0.08465020707252853,,,0.9533338356933476,,0.9533457155765273,0.04665428442347275,0.965555515121522,0.4027504641966228,5,0.1,0.5,0.6141222105822591,0.6299462034531685,0.6320471234701741,0.6296368636351296,0.6344650457159109,0.6448393595678527,0.6347598770113368,0.6471727643034846,0.6410652837631416,0.5241240602965627,1.0,0.6389047239205583
2,11,0.30499373361656146,0.9076233183856502,3791,1.866163682937622,0.8607594936708861,632,1.8676193107050447,0.833,0.815990656938029,0.08435197763249454,,,0.9500848502772251,,0.9501079263089203,0.04989207369107973,0.9655541446830493,0.40275006264210006,5,0.1,0.5,0.6126200172356547,0.6293745938290292,0.6399737693200278,0.633839389728138,0.636996634572977,0.6426334943216648,0.6363946828980729,0.6401790606982684,0.6374356247175779,0.5166119002323376,0.6389047239205583,1.0
3,0,0.21549238649664396,0.9352081811541271,8214,1.639817016069279,0.9094229364499635,1369,1.6410340980980724,0.8994,0.7954393596402713,0.08329805102427719,,,0.9359081599515916,,0.9359269112996336,0.06407308870036643,0.9697844453105977,0.4039085941052197,5,0.1,0.5,1.0,0.6160077926649609,0.6113672118063662,0.6162261443262121,0.6075155225726646,0.6157979944216034,0.6031406086452427,0.605263182802147,0.6056275339795304,0.6051879910467756,0.6094525272719483,0.6117745661966498
3,1,0.22750395662784215,0.9300273805902038,6574,1.6290231466293335,0.916970802919708,1096,1.6410216039742906,0.8994,0.8076706340874164,0.08425391691218038,,,0.9504513657147191,,0.950469353948095,0.04953064605190505,0.9697947889517881,0.4039116676636644,5,0.1,0.5,0.6160077926649609,1.0,0.633996817451235,0.626729725732762,0.6221890777548128,0.6216121914240441,0.6182844194820925,0.6243488693345278,0.6094216249921443,0.6010153077927896,0.6279235744302477,0.6183838411248271
3,2,0.23558605753749773,0.9285491959190731,5783,1.6393884381940287,0.8993775933609959,964,1.64103215837631,0.8993,0.8107418963529593,0.08427496352114473,,,0.950771583402847,,0.9507856031323729,0.049214396867627075,0.9697956580211059,0.4039117299711462,5,0.1,0.5,0.6113672118063662,0.633996817451235,1.0,0.6318765806092574,0.6236420495374195,0.6276190110529157,0.6204514627141359,0.627937660749127,0.6205366461173695,0.612238382627628,0.6205072388593201,0.6214572051262436
3,3,0.2540168455162321,0.9240022697181767,5287,1.6378013108457838,0.8808172531214529,881,1.6410555622448175,0.8994,0.8109629887336052,0.08410130833737588,,,0.9481294731430864,,0.9481451734350685,0.051854826564931455,0.9697933127301379,0.403911314081522,5,0.1,0.5,0.6162261443262121,0.626729725732762,0.6318765806092574,1.0,0.6261615672192257,0.6268482689580066,0.618459851141374,0.6329286737565064,0.6176385959499547,0.6174678925850935,0.6174828795774555,0.623975277993789
3,4,0.2469426712613823,0.9270111448834853,4935,1.6507913241019616,0.902676399026764,822,1.6410313974173305,0.8993,0.8112436130185109,0.08430303020122465,,,0.9511986093158498,,0.9512122885397319,0.04878771146026806,0.969795581421058,0.4039117989078519,5,0.1,0.5,0.6075155225726646,0.6221890777548128,0.6236420495374195,0.6261615672192257,1.0,0.6274850135735932,0.6237375669307185,0.6274322699821184,0.6283263022630555,0.6124320705796805,0.6333267259784738,0.6241500003896975
3,5,0.2521983139344478,0.9252624812513391,4667,1.6527225589752197,0.884318766066838,778,1.6410190000320777,0.8993,0.8137305775115676,0.08462968670040522,,,0.9561685875748992,,0.9561869384067065,0.043813061593293456,0.9697954318166774,0.40391245677973103,5,0.1,0.5,0.6157979944216034,0.6216121914240441,0.6276190110529157,0.6268482689580066,0.6274850135735932,1.0,0.624433352535338,0.6347534162862667,0.6200719288901221,0.6181218217696226,0.6360097806945031,0.6267698902155254
3,6,0.2598895833455026,0.922883449359982,4453,1.6395493348439534,0.8935309973045822,742,1.641075986642807,0.8993,0.8060737415732867,0.08334427729094808,,,0.9366114783944441,,0.9366296872646955,0.06337031273530447,0.9697824698922641,0.40390882637372644,5,0.1,0.5,0.6031406086452427,0.6182844194820925,0.6204514627141359,0.618459851141374,0.6237375669307185,0.624433352535338,1.0,0.6262981103579118,0.6195995853534532,0.607016754543345,0.6237122837613258,0.6262082664021469
3,7,0.2560131992616538,0.9227963525835866,4277,1.652198921079221,0.8920056100981767,713,1.6410162787848768,0.8993,0.8153758904748791,0.08488150988744864,,,0.9599999999847852,,0.9600020079313287,0.03999799206867127,0.9697937571708266,0.40391286378552216,5,0.1,0.5,0.605263182802147,0.6243488693345278,0.627937660749127,0.6329286737565064,0.6274322699821184,0.6347534162862667,0.6262981103579118,1.0,0.6269120049547396,0.6265826603360537,0.6302034442758242,0.6326856188945831
3,8,0.2866769764492682,0.9137805764107532,4129,1.6150144988840276,0.8997093023255814,688,1.6410335412802406,0.8993,0.8047478989990904,0.08407852615087262,,,0.9477828491760175,,0.9477988052808594,0.05220119471914064,0.9697941007507095,0.40391123900689807,5,0.1,0.5,0.6056275339795304,0.6094216249921443,0.6205366461173695,0.6176385959499547,0.6283263022630555,0.6200719288901221,0.6195995853534532,0.6269120049547396,1.0,0.6103184538084458,0.6180000488094171,0.6174989336163033
3,9,0.2950937213734072,0.9151212196950762,4001,1.6444993302935647,0.9115442278860569,667,1.6416948032074463,0.8994,0.7927008189255241,0.07436535928482677,,,0.8,,0.8,0.19999999999999996,0.9690924925241196,0.4036823031934842,5,0.1,0.5,0.6051879910467756,0.6010153077927896,0.612238382627628,0.6174678925850935,0.6124320705796805,0.6181218217696226,0.607016754543345,0.6265826603360537,0.6103184538084458,1.0,0.6188562074054028,0.6141541492900737
3,10,0.28459090812467647,0.9126253535613268,3889,1.6569724082946777,0.8919753086419753,648,1.6410311483346616,0.8994,0.812274239777877,0.08436819276230514,,,0.9521900376593435,,0.9522062145474625,0.04779378545253754,0.9697956732221343,0.40391194291506755,5,0.1,0.5,0.6094525272719483,0.6279235744302477,0.6205072388593201,0.6174828795774555,0.6333267259784738,0.6360097806945031,0.6237122837613258,0.6302034442758242,0.6180000488094171,0.6188562074054028,1.0,0.6315799605246462
3,11,0.26905537283815006,0.9185966763386969,3791,1.64072687625885,0.8955696202531646,632,1.641056035273372,0.8993,0.8102796120755358,0.08410117792699075,,,0.9481274889891496,,0.9481451734350685,0.051854826564931455,0.9697932603331927,0.403911314081522,5,0.1,0.5,0.6117745661966498,0.6183838411248271,0.6214572051262436,0.623975277993789,0.6241500003896975,0.6267698902155254,0.6262082664021469,0.6326856188945831,0.6174989336163033,0.6141541492900737,0.6315799605246462,1.0
4,0,0.19993749945007758,0.9387143900657414,8214,1.3931475018346033,0.926953981008035,1369,1.395728762157428,0.9242,0.7882133943336677,0.08300957873519715,,,0.9261553480720386,,0.9261784046985593,0.07382159530144072,0.9709915898881473,0.3984856436991331,5,0.1,0.5,1.0,0.6095364110941884,0.6036475519111446,0.5892440455175063,0.5873212436573703,0.6006969286832935,0.5931575978934552,0.59734302952598,0.5917027308505145,0.5815312325263922,0.5898657769700443,0.5929079905223626
4,1,0.2102432260054697,0.9359598418010344,6574,1.3805881977081298,0.9379562043795621,1096,1.3957173203507933,0.9242,0.7992053642950026,0.08403030394123377,,,0.9466458772936193,,0.9466643240801165,0.05333567591988353,0.9710003719392706,0.3984913721225493,5,0.1,0.5,0.6095364110941884,1.0,0.6172806529429296,0.5990506616949384,0.5969867289608585,0.6080314669993612,0.6083978625436406,0.6139095711946981,0.5968339527901765,0.5815807627182824,0.6066434827414238,0.5982708675710735
4,2,0.21707467203702552,0.9332526370395988,5783,1.3952735624005717,0.9294605809128631,964,1.3957281394507557,0.9242,0.8036139630613247,0.0841986595186207,,,0.9500255282101061,,0.9500527081973796,0.049947291802620364,0.9710012863636458,0.3984919424774649,5,0.1,0.5,0.6036475519111446,0.6172806529429296,1.0,0.6102676499249687,0.5980337992870257,0.6150174803328794,0.6112683614404538,0.6166151395590146,0.6045316386350792,0.5945976809994992,0.6014881316232813,0.6068802334457156
4,3,0.23482128138350974,0.9282390769812748,5287,1.3919781574181147,0.9080590238365494,881,1.395753293753432,0.9242,0.7936933476148668,0.08373579610022013,,,0.9407337851001614,,0.9407559861452738,0.05924401385472622,0.9709989061476451,0.39849016511287827,5,0.1,0.5,0.5892440455175063,0.5990506616949384,0.6102676499249687,1.0,0.5969650454969903,0.6143111265928521,0.5960557099142009,0.604320322345261,0.5935464244977317,0.5913814368282113,0.6020675271147373,0.5887124993469096
4,4,0.22042194841489676,0.9335764944275583,4935,1.4071185680536122,0.9233576642335767,822,1.395724412732231,0.9242,0.792720797228166,0.0838359367476121,,,0.9427440566693536,,0.9427588976457005,0.05724110235429947,0.9710008555183889,0.39849060568400857,5,0.1,0.5,0.5873212436573703,0.5969867289608585,0.5980337992870257,0.5969650454969903,1.0,0.607476038842345,0.600867593995973,0.6037748330396481,0.6041973332361514,0.5804722004309051,0.5989785584054679,0.5995177457402647
4,5,0.23038554378874498,0.9319905721019928,4667,1.409577865600586,0.9151670951156813,778,1.3957214610645186,0.9242,0.8085548672293794,0.08460762449049786,,,0.9582352879547393,,0.9582500878469956,0.04174991215300439,0.9710052248113409,0.398492969989157,5,0.1,0.5,0.6006969286832935,0.6080314669993612,0.6150174803328794,0.6143111265928521,0.607476038842345,1.0,0.6139192831312591,0.619070761039289,0.6152827383260622,0.6018697533230998,0.6186957398117644,0.6112130681368879
4,6,0.23607886336864406,0.9302492701549517,4453,1.3965133726596832,0.9204851752021563,742,1.3957803184612871,0.9242,0.7989279380089109,0.08341546957246362,,,0.9343033961584323,,0.9343155464083128,0.06568445359168718,0.9709980062990249,0.39848843087842134,5,0.1,0.5,0.5931575978934552,0.6083978625436406,0.6112683614404538,0.5960557099142009,0.600867593995973,0.6139192831312591,1.0,0.6163726837304102,0.6036995656017338,0.5856092954543092,0.6045037101080026,0.6045391101542543
4,7,0.23018068492051158,0.9292962356792144,4277,1.4075284418852434,0.9270687237026648,713,1.3957184530294742,0.9242,0.8062810156124836,0.08469553271512323,,,0.9599999999799255,,0.9600020079313287,0.03999799206867127,0.9710084756287047,0.3984931295976223,5,0.1,0.5,0.59734302952598,0.6139095711946981,0.6166151395590146,0.604320322345261,0.6037748330396481,0.619070761039289,0.6163726837304102,1.0,0.6153973266923636,0.5954494051532498,0.6156549791347226,0.6042388793399447
4,8,0.2632624457678041,0.9205134415112618,4129,1.365081711248918,0.9244186046511628,688,1.395727325933048,0.9242,0.7966175644740892,0.0838230239111641,,,0.942484838173517,,0.9424978665729632,0.057502133427036806,0.9709996237120581,0.39849052745397545,5,0.1,0.5,0.5917027308505145,0.5968339527901765,0.6045316386350792,0.5935464244977317,0.6041973332361514,0.6152827383260622,0.6036995656017338,0.6153973266923636,1.0,0.5871433980408628,0.6013273784777371,0.5995752098145923
4,9,0.27726319886971307,0.9211197200699826,4001,1.3977761211849393,0.9340329835082459,667,1.3964884791511316,0.9242,0.778443805891052,0.07672521476094547,,,0.8,,0.8,0.19999999999999996,0.9703585311692638,0.39824703010788937,5,0.1,0.5,0.5815312325263922,0.5815807627182824,0.5945976809994992,0.5913814368282113,0.5804722004309051,0.6018697533230998,0.5856092954543092,0.5954494051532498,0.5871433980408628,1.0,0.5943695326913664,0.5948275720884807
4,10,0.2564745605969038,0.9223965029570583,3889,1.417072784333002,0.9197530864197531,648,1.395727680514034,0.9242,0.799418697661691,0.08411379312241274,,,0.9483218793130817,,0.9483309070829777,0.051669092917022263,0.9710018837324674,0.39849165143855936,5,0.1,0.5,0.5898657769700443,0.6066434827414238,0.6014881316232813,0.6020675271147373,0.5989785584054679,0.6186957398117644,0.6045037101080026,0.6156549791347226,0.6013273784777371,0.5943695326913664,1.0,0.6056181948779618
4,11,0.24962048216120286,0.9256132946452124,3791,1.3966591238975525,0.9193037974683544,632,1.395751846484102,0.9242,0.7957885331193711,0.08380906638450919,,,0.9422046480634934,,0.9422217760152602,0.05777822398473975,0.9709996123637524,0.3984904963582848,5,0.1,0.5,0.5929079905223626,0.5982708675710735,0.6068802334457156,0.5887124993469096,0.5995177457402647,0.6112130681368879,0.6045391101542543,0.6042388793399447,0.5995752098145923,0.5948275720884807,0.6056181948779618,1.0
5,0,0.18734678007691286,0.942464085707329,8214,1.1402001727459044,0.9430241051862673,1369,1.1439627995506263,0.938,0.7763620291746804,0.08276690905971254,,,0.9116386701794714,,0.9116560413633854,0.0883439586366146,0.9693136003342968,0.39317902102912167,5,0.1,0.5,1.0,0.5912248552398374,0.5769321423356657,0.5818720067062683,0.5644992386181532,0.5797509648531309,0.5693272266291332,0.5720401189891011,0.5735599601357688,0.573449949984903,0.5754251190562271,0.5696297620758959
5,1,0.19732000550607817,0.9392150897474901,6574,1.1252265283039637,0.9461678832116789,1096,1.1439130650922513,0.938,0.7944606080733891,0.08408540004030388,,,0.9476190672418418,,0.9476331509462377,0.05236684905376232,0.9693666327623396,0.39319233386344693,5,0.1,0.5,0.5912248552398374,1.0,0.5992755983922272,0.5966296516577293,0.5863294052013165,0.588920923636995,0.5916064726323655,0.5970444215784836,0.5907602767751307,0.5747393163945392,0.5921630430954404,0.583560237030414
5,2,0.20262481111631786,0.9394431955732319,5783,1.144029644227797,0.9377593360995851,964,1.1439304742188499,0.938,0.7885108338177269,0.08398865518326724,,,0.9449789897432767,,0.9449877014206114,0.05501229857938861,0.9693635454386732,0.39319173504824345,5,0.1,0.5,0.5769321423356657,0.5992755983922272,1.0,0.59160782826136,0.5803914022742531,0.5918902242578965,0.5844766454596213,0.5925822898523155,0.5860399455422843,0.5801176903997134,0.5773742917892823,0.5752893881009433
5,3,0.21587163202397255,0.9347834310573104,5287,1.1401664380516325,0.9341657207718501,881,1.1439641799789648,0.938,0.7884089526031831,0.08367580014420636,,,0.9364414656387694,,0.936459013101752,0.06354098689824805,0.9693533723383737,0.39318952294746556,5,0.1,0.5,0.5818720067062683,0.5966296516577293,0.59160782826136,1.0,0.5772554185851527,0.5972862684562894,0.5799915910507257,0.5876602084991396,0.5836912980675063,0.5829024478996936,0.5784495032527198,0.5801973180108256
5,4,0.2053799483865019,0.9384397163120567,4935,1.155750966989077,0.9343065693430657,822,1.1439516633844222,0.938,0.7781331484966191,0.08338134283585004,,,0.928405998556677,,0.9284222679584359,0.07157773204156415,0.9693507134198301,0.39318683698819046,5,0.1,0.5,0.5644992386181532,0.5863294052013165,0.5803914022742531,0.5772554185851527,1.0,0.5854112315437151,0.5658192833512772,0.5819781401389205,0.587067498383685,0.568099122903235,0.5716821376267062,0.5708794337796309
5,5,0.21203343874889694,0.9377330190700665,4667,1.1597475337982177,0.929305912596401,778,1.1439034576994924,0.938,0.795167741545498,0.0844960169448701,,,0.9588244220636004,,0.9588323879323327,0.04116761206766728,0.9693686311785923,0.39319403311570983,5,0.1,0.5,0.5797509648531309,0.588920923636995,0.5918902242578965,0.5972862684562894,0.5854112315437151,1.0,0.5879584696575463,0.5962174911877814,0.594256063427381,0.591194194350654,0.5918337021102446,0.5926468539241028
5,6,0.2195303546532523,0.9346058836739277,4453,1.1481467559933662,0.9272237196765498,742,1.14401108559709,0.938,0.7838963238364723,0.08330307177344491,,,0.9262700537946075,,0.9262888409216404,0.07371115907835957,0.9693482005878414,0.39318605077512786,5,0.1,0.5,0.5693272266291332,0.5916064726323655,0.5844766454596213,0.5799915910507257,0.5658192833512772,0.5879584696575463,1.0,0.5913612381380339,0.5859780681806672,0.5805518290303602,0.582077024914632,0.5774262916860536
5,7,0.21064437441249836,0.9371054477437456,4277,1.156102092369743,0.94109396914446,713,1.1438971344655313,0.938,0.7947224630767628,0.08453909564873927,,,0.9599999999727109,,0.9600020079313287,0.03999799206867127,0.9693709592561275,0.3931941551212214,5,0.1,0.5,0.5720401189891011,0.5970444215784836,0.5925822898523155,0.5876602084991396,0.5819781401389205,0.5962174911877814,0.5913612381380339,1.0,0.6040979252814004,0.5938385489096867,0.5871916056437645,0.5889019566731006
5,8,0.2367108011196363,0.9290869459917656,4129,1.1108102337880568,0.940406976744186,688,1.143935843207204,0.938,0.7900016473168385,0.08379009346749794,,,0.9395604245199022,,0.9395763264896341,0.06042367351036593,0.969357836069463,0.393190456598535,5,0.1,0.5,0.5735599601357688,0.5907602767751307,0.5860399455422843,0.5836912980675063,0.587067498383685,0.594256063427381,0.5859780681806672,0.6040979252814004,1.0,0.5838285393082582,0.581505262408079,0.5811790802256294
5,9,0.2428792338034818,0.9279180204948763,4001,1.1447627260571434,0.9490254872563718,667,1.144866575638707,0.9382,0.7794350175608165,0.0786759430967275,,,0.8,,0.8,0.19999999999999996,0.9686424879146548,0.39295872341251226,5,0.1,0.5,0.573449949984903,0.5747393163945392,0.5801176903997134,0.5829024478996936,0.568099122903235,0.591194194350654,0.5805518290303602,0.5938385489096867,0.5838285393082582,1.0,0.5783197306093012,0.5812181102218998
5,10,0.2395602276564011,0.9277449215736693,3889,1.169565649259658,0.9320987654320988,648,1.1439364784822676,0.938,0.7842501357251791,0.08378211421228482,,,0.9393426780392237,,0.9393504342151499,0.060649565784850146,0.969355336016053,0.39319035863199336,5,0.1,0.5,0.5754251190562271,0.5921630430954404,0.5773742917892823,0.5784495032527198,0.5716821376267062,0.5918337021102446,0.582077024914632,0.5871916056437645,0.581505262408079,0.5783197306093012,1.0,0.580296079695118
5,11,0.22842722853661335,0.9320495911369032,3791,1.1460601419210434,0.935126582278481,632,1.1439722683102178,0.938,0.7824601906099133,0.0835155575930955,,,0.9320685949099379,,0.932086742633402,0.06791325736659803,0.9693550816198256,0.3931881892750747,5,0.1,0.5,0.5696297620758959,0.583560237030414,0.5752893881009433,0.5801973180108256,0.5708794337796309,0.5926468539241028,0.5774262916860536,0.5889019566731006,0.5811790802256294,0.5812181102218998,0.580296079695118,1.0
6,0,0.17652122882848917,0.9457511565619674,8214,0.9000430287316789,0.9525200876552228,1369,0.9049687973988323,0.9456,0.7667608205063575,0.08277290637711102,,,0.8991475733663657,,0.8991566688419256,0.10084333115807442,0.9683704137783207,0.38591124720633746,5,0.1,0.5,1.0,0.5661960047730484,0.5573301936631054,0.5520110746586333,0.546999476692659,0.5587911448309145,0.5490762317206664,0.5521793761912895,0.5472089605051833,0.5635253216799375,0.5536288847943954,0.5585832358408207
6,1,0.184198663028373,0.9430179494980225,6574,0.8833006688526699,0.9525547445255474,1096,0.9049114325937753,0.9456,0.7757174615347961,0.08397621500420638,,,0.9435007583135804,,0.9435168917223031,0.05648310827769687,0.9684310523416874,0.3859324644753039,5,0.1,0.5,0.5661960047730484,1.0,0.5737095736251083,0.564717838263525,0.5658490366361612,0.556308675183251,0.5613035992409996,0.5710201681745012,0.5582425460886548,0.5530992499786216,0.5549511502553754,0.5551608935721345
6,2,0.18552317408155342,0.94293619228774,5783,0.9057293572733479,0.9450207468879668,964,0.9049255861261021,0.9456,0.7767216363979217,0.08394670626743034,,,0.9424130851844135,,0.942427588976457,0.057572411023543046,0.9684297021981689,0.38593217494347987,5,0.1,0.5,0.5573301936631054,0.5737095736251083,1.0,0.564983394891162,0.5702552539091144,0.5615018200773441,0.564793270853499,0.5692438698441481,0.55673533012324,0.5621967650701252,0.5526619106345998,0.5573582516349834
6,3,0.20317603398103223,0.9376962360506904,5287,0.9022320274795804,0.9432463110102156,881,0.9049739612938877,0.9456,0.7664073679792107,0.08337142904419985,,,0.9212087353581739,,0.9212288539731941,0.0787711460268059,0.968402911415006,0.385924947835955,5,0.1,0.5,0.5520110746586333,0.564717838263525,0.564983394891162,1.0,0.5557234980294842,0.562125366640021,0.5469883980434195,0.5629028224763492,0.5504171976972277,0.5542767705487631,0.5428123755960415,0.5397219304835454
6,4,0.18788259993577677,0.9420466058763931,4935,0.9163283659861639,0.940389294403893,822,0.9049628571199533,0.9456,0.772504007708815,0.08338918964029826,,,0.9218633795498534,,0.9218814316550374,0.07811856834496256,0.9684052382005129,0.3859252110313076,5,0.1,0.5,0.546999476692659,0.5658490366361612,0.5702552539091144,0.5557234980294842,1.0,0.5603324712793776,0.5571125569104022,0.5663682793745585,0.5736629100939362,0.5550350469483866,0.5501401707994731,0.5529811372704457
6,5,0.19741268649263538,0.9428755088922219,4667,0.921994354724884,0.9447300771208226,778,0.9049123251400055,0.9456,0.777176452615299,0.0843038880489591,,,0.9555785767791688,,0.9555996184930475,0.04440038150695247,0.968439760164575,0.38593453321448595,5,0.1,0.5,0.5587911448309145,0.556308675183251,0.5615018200773441,0.562125366640021,0.5603324712793776,1.0,0.564979854034772,0.5694511803977708,0.5625738165767403,0.5641096240450904,0.560731761636465,0.571588747387699
6,6,0.1959698932864038,0.9410734336402425,4453,0.9122170135378838,0.9366576819407008,742,0.9050156310343513,0.9456,0.7713865883762829,0.08329703180192922,,,0.9184665006798132,,0.9184779880528086,0.08152201194719144,0.9684021508993396,0.3859236022574704,5,0.1,0.5,0.5490762317206664,0.5613035992409996,0.564793270853499,0.5469883980434195,0.5571125569104022,0.564979854034772,1.0,0.5696136547365793,0.5609883050624338,0.5532966057376514,0.5548128654253262,0.5615110849450068
6,7,0.19134810412886427,0.9417816226326865,4277,0.9154228334841521,0.9467040673211781,713,0.9049012676214638,0.9456,0.7797480999265106,0.08442384192978286,,,0.9599999999631406,,0.9600020079313287,0.03999799206867127,0.9684394763880356,0.3859350292130558,5,0.1,0.5,0.5521793761912895,0.5710201681745012,0.5692438698441481,0.5629028224763492,0.5663682793745585,0.5694511803977708,0.5696136547365793,1.0,0.5676649357140542,0.5655611890965033,0.5598614994121425,0.5620598947746204
6,8,0.21986075746217887,0.932041656575442,4129,0.8713706867261366,0.9476744186046512,688,0.9049391219029411,0.9456,0.7710823815048004,0.083613682753738,,,0.9301380518621458,,0.9301591285578034,0.06984087144219664,0.968413631971552,0.3859285885264356,5,0.1,0.5,0.5472089605051833,0.5582425460886548,0.55673533012324,0.5504171976972277,0.5736629100939362,0.5625738165767403,0.5609883050624338,0.5676649357140542,1.0,0.5518966669062615,0.5546989520737464,0.5550563224103948
6,9,0.22520801235252674,0.934466383404149,4001,0.9048311965806144,0.9490254872563718,667,0.90600720876322,0.9456,0.7684674028550228,0.08008301769089142,,,0.8,,0.8,0.19999999999999996,0.9676542857493734,0.3856784379352723,5,0.1,0.5,0.5635253216799375,0.5530992499786216,0.5621967650701252,0.5542767705487631,0.5550350469483866,0.5641096240450904,0.5532966057376514,0.5655611890965033,0.5518966669062615,1.0,0.5560128602557914,0.5635046097859288
6,10,0.2176847445152578,0.9329390588840318,3889,0.9338643976620266,0.9398148148148148,648,0.9049412945208077,0.9456,0.7661206573761525,0.08343275710198865,,,0.9234692482709137,,0.9234777370613925,0.07652226293860753,0.9684083306621475,0.3859258905687463,5,0.1,0.5,0.5536288847943954,0.5549511502553754,0.5526619106345998,0.5428123755960415,0.5501401707994731,0.560731761636465,0.5548128654253262,0.5598614994121425,0.5546989520737464,0.5560128602557914,1.0,0.5534384355802056
