round,client_id,client_i_training_loss,client_i_training_accuracy,client_i_training_dataset_size,client_i_evaluation_loss,client_i_evaluation_accuracy,client_i_evaluation_dataset_size,client_i_central_evaluation_loss,client_i_central_evaluation_accuracy,client_i_cosine_similarity,client_i_importance_coefficient,client_i_tanh_val,tanh_normalization_value,client_i_q,client_i_mask_order,client_i_v_nonzero_fraction,client_i_v_sparsity,client_i_v_cosine_similarity,client_i_reward_gradient_norm,local_epochs,learning_rate,gamma,client_0_cosine_similarity,client_1_cosine_similarity,client_2_cosine_similarity,client_3_cosine_similarity,client_4_cosine_similarity,client_5_cosine_similarity,client_6_cosine_similarity,client_7_cosine_similarity,client_8_cosine_similarity,client_9_cosine_similarity,client_10_cosine_similarity,client_11_cosine_similarity
0,0,2.1997574046806054,0.17216946676406136,6845,2.2993521040136162,0.09130752373995617,1369,2.2986242861687383,0.1,0.886602720059876,0.07804350322269048,0.07788543948338832,0.08568676793274856,0.9089552723427252,,0.9089551253486491,0.09104487465135092,0,0.14160955740212947,10,0.025,0.15,1.0,0.9278260033075363,0.8591371343381996,0.8527873647537588,0.8261876879234553,0.7806874757714756,0.7703462348291609,0.7729459995988135,0.7712943544348523,0.7968615139218855,0.7228736197751942,0.735649725020377
0,1,2.242531021805697,0.1486856516976999,5478,2.3014702796936035,0.09306569343065693,1096,2.298624310312392,0.1,0.9393482629320524,0.08268644740951778,0.08249851759414219,0.08568676793274856,0.9627918006888593,,0.9627915036886666,0.03720849631133338,0,0.14160956558768303,10,0.025,0.15,0.9278260033075363,1.0,0.9374114205993039,0.9273508536034891,0.8996678029000934,0.8546121257987211,0.8208090777783307,0.8331575305580512,0.826459013086429,0.8574760026228412,0.804863216008978,0.809555249881715
0,2,2.276866978720615,0.15973029045643153,4820,2.2972816824913025,0.1016597510373444,964,2.298624307294435,0.1,0.967488493446248,0.0851635006839241,0.08495820435494889,0.08568676793274856,0.9914973618871588,,0.9901305474410391,0.009869452558960878,0,0.14160956563764468,10,0.025,0.15,0.8591371343381996,0.9374114205993039,1.0,0.9519794990878445,0.9460892492778772,0.919919339407596,0.9062853576632212,0.8955657422673657,0.8836041934223393,0.9001873211407515,0.856548561863308,0.8855650511543919
0,3,2.2838619014195034,0.12873354516568317,4406,2.298957347869873,0.11691259931895573,881,2.298624307294435,0.1,0.9758259383332724,0.08589740707986382,0.08568676793274856,0.08568676793274856,0.9999999999883296,,0.9901305474410391,0.009869452558960878,0,0.14160956563764468,10,0.025,0.15,0.8527873647537588,0.9273508536034891,0.9519794990878445,1.0,0.9557680164707879,0.9329570251452929,0.9096627343516817,0.9244221076975814,0.9031302404757277,0.9264724090126066,0.8999353408452647,0.8889490607215984
0,4,2.28932310740153,0.12497568093385214,4112,2.3015854699271068,0.09975669099756691,822,2.298624307294435,0.1,0.9757152201107138,0.08588766107101052,0.08567709347317894,0.08568676793274856,0.9998870950462607,,0.9901305474410391,0.009869452558960878,0,0.14160956563764468,10,0.025,0.15,0.8261876879234553,0.8996678029000934,0.9460892492778772,0.9557680164707879,1.0,0.9459127410555815,0.9264787233485202,0.9435581528931696,0.9075993607132471,0.9268017452509202,0.9256312096363489,0.9171684727304749
0,5,2.2912620390615155,0.13977886346104398,3889,2.3004104750497,0.10668380462724936,778,2.298624307294435,0.1,0.9582286992187109,0.08434840417644957,0.08414893526772894,0.08568676793274856,0.9820528571318194,,0.9820517898697826,0.017948210130217412,0,0.14160956563716953,10,0.025,0.15,0.7806874757714756,0.8546121257987211,0.919919339407596,0.9329570251452929,0.9459127410555815,1.0,0.9406570422343231,0.9363835445153667,0.9018125113039981,0.9195107539586369,0.9256848869832767,0.9135443363765339
0,6,2.2937387737734563,0.138291565615737,3711,2.294915040334066,0.1105121293800539,742,2.298624310312392,0.1,0.948416884506631,0.08348471587978955,0.08329130066700009,0.08568676793274856,0.9720439068421789,,0.9720420524500338,0.027957947549966167,0,0.14160956562735888,10,0.025,0.15,0.7703462348291609,0.8208090777783307,0.9062853576632212,0.9096627343516817,0.9264787233485202,0.9406570422343231,1.0,0.9301658363191564,0.9203702085511428,0.9213324551049251,0.9237241976631909,0.9167795454076152
0,7,2.2934688542570387,0.10867003367003367,3564,2.299310048421224,0.0967741935483871,713,2.298624310312392,0.1,0.9485666189888142,0.08349789630804497,0.08330438964244517,0.08568676793274856,0.972196660595888,,0.9721905893614563,0.027809410638543697,0,0.14160956562767255,10,0.025,0.15,0.7729459995988135,0.8331575305580512,0.8955657422673657,0.9244221076975814,0.9435581528931696,0.9363835445153667,0.9301658363191564,1.0,0.8845185680405591,0.9097330760977328,0.9428009161025949,0.905741643940981
0,8,2.2941786492312395,0.13289741354257484,3441,2.2973982095718384,0.08866279069767442,688,2.298624310312392,0.1,0.9397554095046949,0.082722286623785,0.08253411278126449,0.08568676793274856,0.9632072112356759,,0.9632041062203958,0.03679589377960424,0,0.14160956559066387,10,0.025,0.15,0.7712943544348523,0.826459013086429,0.8836041934223393,0.9031302404757277,0.9075993607132471,0.9018125113039981,0.9203702085511428,0.8845185680405591,1.0,0.9585728310682187,0.8850567727833144,0.9502910649500096
0,9,2.293778219929448,0.1362027594481104,3334,2.2959997256596885,0.11694152923538231,667,2.2986243042764785,0.1,0.9563356927381276,0.08418177164304384,0.08398348034803928,0.08568676793274856,0.9801219298290462,,0.9801208100212903,0.019879189978709744,0,0.1416095656365595,10,0.025,0.15,0.7968615139218855,0.8574760026228412,0.9001873211407515,0.9264724090126066,0.9268017452509202,0.9195107539586369,0.9213324551049251,0.9097330760977328,0.9585728310682187,1.0,0.8991458621054457,0.9415837481475762
0,10,2.2948957635806155,0.1120950323974082,3241,2.2927112181981406,0.08796296296296297,648,2.298624316348305,0.1,0.9286079086151453,0.08174102410122049,0.08155945587869938,0.08568676793274856,0.951832562313001,,0.9518245283953062,0.04817547160469382,0,0.14160956542203215,10,0.025,0.15,0.7228736197751942,0.804863216008978,0.856548561863308,0.8999353408452647,0.9256312096363489,0.9256848869832767,0.9237241976631909,0.9428009161025949,0.8850567727833144,0.8991458621054457,1.0,0.9192671622889412
0,11,2.2958329973220826,0.13200379867046533,3159,2.2970582962036135,0.0949367088607595,632,2.298624301258522,0.1,0.9354736329622835,0.08234538180065976,0.08215976376114234,0.08568676793274856,0.9588384034354845,,0.9588305193840669,0.04116948061593306,0,0.14160956554950227,10,0.025,0.15,0.735649725020377,0.809555249881715,0.8855650511543919,0.8889490607215984,0.9171684727304749,0.9135443363765339,0.9167795454076152,0.905741643940981,0.9502910649500096,0.9415837481475762,0.9192671622889412,1.0
1,0,2.069742965698242,0.23704894083272463,6845,2.288216157393022,0.11176040905770636,1369,2.287606963628455,0.1258,0.896373427180209,0.07768444503038954,0.0775285494237165,0.0852010246475626,0.9099485568807,,0.909945371424799,0.09005462857520097,0.8868048239730507,0.14540626338152948,10,0.025,0.15,1.0,0.9459137905573873,0.9139187582010124,0.9139222353702505,0.8786779402172024,0.8664635736620538,0.8354413629050699,0.8418797707140563,0.820393524697748,0.8272136659450272,0.802924289538918,0.7845139826677936
1,1,2.1139699553334435,0.21761591821832785,5478,2.290240420235528,0.11222627737226278,1096,2.2876069757002817,0.1258,0.9487745766103352,0.0822758037107846,0.08209065494420248,0.0852010246475626,0.9634937523675356,,0.9634929279926061,0.03650707200739389,0.8868050381102545,0.14540627105982576,10,0.025,0.15,0.9459137905573873,1.0,0.9542887722400559,0.9514056771435901,0.9402600102456129,0.9312946790296898,0.8962046150869928,0.8988718369943203,0.8907907738843553,0.8926980304056392,0.8774895437529345,0.8557670150484878
1,2,2.16263088395721,0.20365145228215767,4820,2.2869608998298645,0.12966804979253113,964,2.287606984754152,0.1258,0.9751601557170881,0.08467404293709273,0.08447225929500206,0.0852010246475626,0.9914465189055347,,0.9908072155930748,0.00919278440692517,0.8868050347390177,0.14540627107388363,10,0.025,0.15,0.9139187582010124,0.9542887722400559,1.0,0.9644753802238748,0.9653536373897105,0.9575515859724626,0.9461354133620343,0.9386785097447342,0.9367220252981373,0.9322266621044739,0.9162049540100895,0.9126577257549436
1,3,2.1767835000583102,0.19432591920108944,4406,2.287656545639038,0.14982973893303064,881,2.287606984754152,0.1258,0.979972150021777,0.08528646149145135,0.08508027636825131,0.0852010246475626,0.9985827837070111,,0.9908072155930748,0.00919278440692517,0.8868050347390177,0.14540627107388363,10,0.025,0.15,0.9139222353702505,0.9514056771435901,0.9644753802238748,1.0,0.966420246637959,0.9656661539199756,0.9467087782422262,0.9565765226619465,0.9414052155161324,0.9436257774720567,0.9282436433168586,0.9154174158082276
1,4,2.1818112814065183,0.1823443579766537,4112,2.2912629331861223,0.12287104622871046,822,2.287606984754152,0.1258,0.9838824201865535,0.08540809145807354,0.0852010246475626,0.0852010246475626,0.9999999999882629,,0.9908072155930748,0.00919278440692517,0.8868050347390177,0.14540627107388363,10,0.025,0.15,0.8786779402172024,0.9402600102456129,0.9653536373897105,0.966420246637959,1.0,0.9723522619647652,0.9619853056499371,0.9616248354082704,0.9569234912302217,0.9574781319099138,0.9422023574437371,0.934077469368148
1,5,2.1905243723623213,0.19164309591154538,3889,2.2901663099016463,0.13239074550128535,778,2.287606984754152,0.1258,0.9878517374666197,0.08458277377390952,0.08438164069025356,0.0852010246475626,0.9903829330493519,,0.9903781089600766,0.009621891039923391,0.8868050345952053,0.14540627107388363,10,0.025,0.15,0.8664635736620538,0.9312946790296898,0.9575515859724626,0.9656661539199756,0.9723522619647652,1.0,0.9718200344547417,0.9712235318271139,0.9671663064055078,0.9658219498651731,0.9616685824783443,0.9529089635079272
1,6,2.211889759425459,0.17973592023713283,3711,2.2838448683420816,0.1347708894878706,742,2.287606972682325,0.1258,0.9824046481270621,0.08386910451754384,0.08367301039164256,0.0852010246475626,0.9820657760487881,,0.9820600419204172,0.01793995807958282,0.8868050362239898,0.14540627107378606,10,0.025,0.15,0.8354413629050699,0.8962046150869928,0.9461354133620343,0.9467087782422262,0.9619853056499371,0.9718200344547417,1.0,0.9719412410806302,0.9767163665500347,0.9709751164997319,0.9700788878309385,0.9721747090322496
1,7,2.2139830095427375,0.17051066217732885,3564,2.2877721786499023,0.1276297335203366,713,2.287606972682325,0.1258,0.9816051988530485,0.08385117815466639,0.08365520950762834,0.0852010246475626,0.9818568479978914,,0.9818537406545527,0.018146259345447335,0.8868050361952361,0.14540627107377718,10,0.025,0.15,0.8418797707140563,0.8988718369943203,0.9386785097447342,0.9565765226619465,0.9616248354082704,0.9712235318271139,0.9719412410806302,1.0,0.9669193355996346,0.9697722171158674,0.9701389821407552,0.9633963651879549
1,8,2.215957650873396,0.17320546352804417,3441,2.286102215449015,0.11482558139534883,688,2.287606972682325,0.1258,0.9784116000873025,0.083265730817617,0.08307383083764944,0.0852010246475626,0.9750332367517007,,0.9750292947797528,0.024970705220247247,0.8868050384891851,0.14540627107286444,10,0.025,0.15,0.820393524697748,0.8907907738843553,0.9367220252981373,0.9414052155161324,0.9569234912302217,0.9671663064055078,0.9767163665500347,0.9669193355996346,1.0,0.974105228024882,0.9666813624117531,0.9756610817242478
1,9,2.2124329350612784,0.17495500899820035,3334,2.2844065030415854,0.14392803598200898,667,2.2876069787182387,0.1258,0.9778247676398726,0.08415200294629083,0.08395392154271096,0.0852010246475626,0.985362815635191,,0.9853608621742503,0.01463913782574966,0.8868050345999765,0.14540627107386686,10,0.025,0.15,0.8272136659450272,0.8926980304056392,0.9322266621044739,0.9436257774720567,0.9574781319099138,0.9658219498651731,0.9709751164997319,0.9697722171158674,0.974105228024882,1.0,0.962247407557838,0.9703756001665108
1,10,2.2242320656776426,0.16390003085467447,3241,2.281601389249166,0.11728395061728394,648,2.2876069787182387,0.1258,0.9696913936686061,0.08237224886488603,0.08218644940768004,0.0852010246475626,0.9646180870087291,,0.9646152068789094,0.03538479312109055,0.8868050241322282,0.14540627106249096,10,0.025,0.15,0.802924289538918,0.8774895437529345,0.9162049540100895,0.9282436433168586,0.9422023574437371,0.9616685824783443,0.9700788878309385,0.9701389821407552,0.9666813624117531,0.962247407557838,1.0,0.9748374746543296
1,11,2.2254156322479246,0.16932573599240267,3159,2.2858791828155516,0.125,632,2.287606987772109,0.1258,0.9645135892294223,0.08257811629729471,0.08239092282288409,0.0852010246475626,0.9670179808603284,,0.967016553613573,0.03298344638642703,0.8868050384403717,0.1454062710668167,10,0.025,0.15,0.7845139826677936,0.8557670150484878,0.9126577257549436,0.9154174158082276,0.934077469368148,0.9529089635079272,0.9721747090322496,0.9633963651879549,0.9756610817242478,0.9703756001665108,0.9748374746543296,1.0
2,0,1.9924022451595025,0.273308984660336,6845,2.2717328505082564,0.1643535427319211,1369,2.2712446375738216,0.1682,0.9114836715815494,0.07787102473405694,0.07771400497242789,0.0847500524664214,0.9169788420166676,,0.9169761185654636,0.08302388143453643,0.9597374963039814,0.14580761982583165,10,0.025,0.15,1.0,0.9419511352208314,0.9193422046773244,0.9180251338766486,0.8909927674250594,0.8862738954681921,0.8643928581944157,0.8664473820993658,0.8452055391236596,0.8477134746306736,0.8353950077077907,0.8228317463198509
2,1,2.0314310417618864,0.2596385542168675,5478,2.2736529774136014,0.15967153284671534,1096,2.271244616448125,0.1682,0.9625561130451809,0.08238212806975177,0.08219626187437802,0.0847500524664214,0.9698667963182078,,0.969863511082504,0.030136488917495985,0.9597375950940584,0.145807625336874,10,0.025,0.15,0.9419511352208314,1.0,0.9553674890976794,0.9611388791235173,0.9448751309605858,0.9443949024299452,0.921378054362639,0.9219163582343288,0.9159571384442958,0.9112628409626248,0.9132787016629655,0.8960733486209412
2,2,2.0768046269291327,0.2424896265560166,4820,2.2715774476528168,0.17116182572614108,964,2.2712446104122113,0.1682,0.9766599683362456,0.08432835564988048,0.08412902867206373,0.0847500524664214,0.992672290136972,,0.9857982208578832,0.014201779142116844,0.9597375954543126,0.1458076253411894,10,0.025,0.15,0.9193422046773244,0.9553674890976794,1.0,0.9671121419692931,0.9554239770477386,0.956829321662955,0.9533208505074838,0.9419980064399023,0.943785782552161,0.9337682191201189,0.9319459510210867,0.9298021612311903
2,3,2.0857058208329335,0.24337267362687245,4406,2.271021604537964,0.1872871736662883,881,2.2712446104122113,0.1682,0.9832696555205784,0.08492346087597151,0.08471989227407808,0.0847500524664214,0.9996441277324883,,0.9857982208578832,0.014201779142116844,0.9597375954543126,0.1458076253411894,10,0.025,0.15,0.9180251338766486,0.9611388791235173,0.9671121419692931,1.0,0.9664538908683793,0.9673279146293673,0.9554112844552863,0.9516689178326775,0.9521072962789286,0.9449180542632538,0.9471414708633442,0.9338362782363804
2,4,2.0946197361657113,0.23042315175097275,4112,2.275495324816023,0.17153284671532848,822,2.2712446104122113,0.1682,0.9818900704853494,0.08495383918504851,0.0847500524664214,0.0847500524664214,0.9999999999882005,,0.9857982208578832,0.014201779142116844,0.9597375954543126,0.1458076253411894,10,0.025,0.15,0.8909927674250594,0.9448751309605858,0.9554239770477386,0.9664538908683793,1.0,0.965773710750762,0.9582800805193245,0.9587655808446897,0.9575126356902589,0.9531214258507537,0.9506127683743799,0.9453663103250638
2,5,2.1014218426519826,0.23419902288506042,3889,2.2748351437704906,0.16838046272493573,778,2.271244616448125,0.1682,0.9851964193352981,0.08455022269870571,0.08434932129844963,0.0847500524664214,0.9952716115529744,,0.9857982208578832,0.014201779142116844,0.9597375954543126,0.1458076253411894,10,0.025,0.15,0.8862738954681921,0.9443949024299452,0.956829321662955,0.9673279146293673,0.965773710750762,1.0,0.9673606704685774,0.9617285374500514,0.9664042545967559,0.9537365973075822,0.9617552953194681,0.9542638710832809
2,6,2.1239184770090827,0.22177310697925087,3711,2.2674739758173623,0.16846361185983827,742,2.2712446134301683,0.1682,0.9820292510853338,0.08400465365805324,0.08380760900179876,0.0847500524664214,0.988879730003885,,0.9857982208578832,0.014201779142116844,0.9597375954546747,0.1458076253411894,10,0.025,0.15,0.8643928581944157,0.921378054362639,0.9533208505074838,0.9554112844552863,0.9582800805193245,0.9673606704685774,1.0,0.9623870777928573,0.972484080836435,0.9557790626161401,0.967123744643039,0.9702010468736408
2,7,2.121558990223067,0.21877104377104378,3564,2.2705188592274985,0.1514726507713885,713,2.2712446134301683,0.1682,0.9789415621331992,0.08389283553405115,0.0836965752164099,0.0847500524664214,0.9875695976540373,,0.9857982208578832,0.014201779142116844,0.9597375954540704,0.1458076253411894,10,0.025,0.15,0.8664473820993658,0.9219163582343288,0.9419980064399023,0.9516689178326775,0.9587655808446897,0.9617285374500514,0.9623870777928573,1.0,0.9639772037579385,0.9577457904887637,0.9638157937187406,0.9620092912822075
2,8,2.125480231532344,0.22205754141238013,3441,2.2696156899134317,0.1686046511627907,688,2.271244616448125,0.1682,0.9794861227546664,0.08354778971195101,0.08335393659904597,0.0847500524664214,0.9835266666187362,,0.9835206548827383,0.01647934511726168,0.9597375950086646,0.14580762534118683,10,0.025,0.15,0.8452055391236596,0.9159571384442958,0.943785782552161,0.9521072962789286,0.9575126356902589,0.9664042545967559,0.972484080836435,0.9639772037579385,1.0,0.9625199531700358,0.9672086792305981,0.970311606455076
2,9,2.1342300070656672,0.2187762447510498,3334,2.2671593030293784,0.17541229385307347,667,2.271244616448125,0.1682,0.9724814808233995,0.08386855562672717,0.08367246534368024,0.0847500524664214,0.9872851155560595,,0.9857982208578832,0.014201779142116844,0.9597375954537868,0.1458076253411894,10,0.025,0.15,0.8477134746306736,0.9112628409626248,0.9337682191201189,0.9449180542632538,0.9531214258507537,0.9537365973075822,0.9557790626161401,0.9577457904887637,0.9625199531700358,1.0,0.9521744961287575,0.9632775692729957
2,10,2.1367785797669336,0.21909904350509102,3241,2.2657887935638428,0.16203703703703703,648,2.2712446224840384,0.1682,0.9745542177872619,0.08283322982624249,0.08264429924257996,0.0847500524664214,0.9751533696613237,,0.9751530755392716,0.024846924460728448,0.9597375946410793,0.14580762534040984,10,0.025,0.15,0.8353950077077907,0.9132787016629655,0.9319459510210867,0.9471414708633442,0.9506127683743799,0.9617552953194681,0.967123744643039,0.9638157937187406,0.9672086792305981,0.9521744961287575,1.0,0.969827153941294
2,11,2.142524176597595,0.21009813232035454,3159,2.269267702102661,0.17246835443037975,632,2.271244616448125,0.1682,0.9709700147699005,0.08284390442956005,0.08265490092814765,0.0847500524664214,0.9752784632188971,,0.9752768562987902,0.02472314370120976,0.9597375950072803,0.14580762534044725,10,0.025,0.15,0.8228317463198509,0.8960733486209412,0.9298021612311903,0.9338362782363804,0.9453663103250638,0.9542638710832809,0.9702010468736408,0.9620092912822075,0.970311606455076,0.9632775692729957,0.969827153941294,1.0
3,0,1.931738911072413,0.30138787436084735,6845,2.2496280670166016,0.21256391526661797,1369,2.249182357063776,0.2165,0.914749683071152,0.07811700445892253,0.07795849443235998,0.08446977094592859,0.9229158971123579,,0.9229093429717284,0.07709065702827156,0.9823441241032801,0.14568348618213642,10,0.025,0.15,1.0,0.9421073746056263,0.9174631049939201,0.9200178932062787,0.8922573329191692,0.8887871539459687,0.8731515675718252,0.8659921474680291,0.8471001829807873,0.8496746492610505,0.8367522151656888,0.8347106150526036
3,1,1.9762394724890242,0.2842278203723987,5478,2.2512613932291665,0.20894160583941607,1096,2.2491823359380794,0.2165,0.9636731536434342,0.08250962125619139,0.08232289236039902,0.08446977094592859,0.9745840605170052,,0.9745836840454853,0.025416315954514657,0.9823441981334176,0.14568349003552408,10,0.025,0.15,0.9421073746056263,1.0,0.9510205776443561,0.9559123283804797,0.9427996864088913,0.942046148527216,0.9241095070846028,0.926764615511244,0.916767848870476,0.9099767417693745,0.9136823855762013,0.9065326494035352
3,2,2.0184862701516404,0.2683402489626556,4820,2.2509798109531403,0.21887966804979253,964,2.2491823449919495,0.2165,0.9766974385064735,0.08414101891021519,0.08394301491493064,0.08446977094592859,0.9937639699256565,,0.9858559852123253,0.014144014787674686,0.9823441981453058,0.145683490036424,10,0.025,0.15,0.9174631049939201,0.9510205776443561,1.0,0.9632714519641076,0.9547110995942218,0.9549733863705985,0.9528527973649569,0.9469826589106684,0.9412296418024514,0.9288257902995564,0.9312621826921764,0.9373360348133197
3,3,2.024548759801047,0.27428506581933726,4406,2.2488057953970775,0.23609534619750283,881,2.2491823449919495,0.2165,0.9816508976848326,0.08467153670517132,0.08446977094592859,0.08446977094592859,0.9999999999881614,,0.9858559852123253,0.014144014787674686,0.9823441981453058,0.145683490036424,10,0.025,0.15,0.9200178932062787,0.9559123283804797,0.9632714519641076,1.0,0.9611796057841815,0.9616639224623534,0.9554674155212982,0.9518871825706628,0.9472837730319134,0.9396069422773087,0.9415736307021491,0.9394686692485998
3,4,2.0301216009891396,0.25982490272373543,4112,2.2538072041102817,0.22141119221411193,822,2.2491823449919495,0.2165,0.9807383502628958,0.08466059518042969,0.08445890748048204,0.08446977094592859,0.9998713922587363,,0.9858559852123253,0.014144014787674686,0.9823441981453058,0.145683490036424,10,0.025,0.15,0.8922573329191692,0.9427996864088913,0.9547110995942218,0.9611796057841815,1.0,0.9612410718573051,0.9571211299938466,0.9598558363897365,0.951503277102355,0.9471301532110142,0.9473376038613663,0.949653901630671
3,5,2.0323265498684298,0.26778092054512725,3889,2.254132236753191,0.2262210796915167,778,2.249182348009906,0.2165,0.9820371149905318,0.08445276764319137,0.08425255882183712,0.08446977094592859,0.9974285223855058,,0.9858559852123253,0.014144014787674686,0.9823441981453058,0.145683490036424,10,0.025,0.15,0.8887871539459687,0.942046148527216,0.9549733863705985,0.9616639224623534,0.9612410718573051,1.0,0.9629088449545026,0.9601776872951605,0.9589843162533769,0.9422174139386257,0.9538493664143536,0.9530398360527059
3,6,2.058866483178632,0.25268121800053894,3711,2.2455665270487466,0.215633423180593,742,2.249182341973993,0.2165,0.980774441721708,0.08407337377477253,0.08387584605487806,0.08446977094592859,0.9929687877048503,,0.9858559852123253,0.014144014787674686,0.9823441981453058,0.145683490036424,10,0.025,0.15,0.8731515675718252,0.9241095070846028,0.9528527973649569,0.9554674155212982,0.9571211299938466,0.9629088449545026,1.0,0.9628043900429037,0.9626403519258498,0.947885978694788,0.959670399168546,0.9658442878297117
3,7,2.05136425452573,0.2518518518518518,3564,2.2472360134124756,0.211781206171108,713,2.249182341973993,0.2165,0.9808036066002854,0.08400500939859268,0.08380796224370739,0.08446977094592859,0.9921651414961571,,0.9858559852123253,0.014144014787674686,0.9823441981453058,0.145683490036424,10,0.025,0.15,0.8659921474680291,0.926764615511244,0.9469826589106684,0.9518871825706628,0.9598558363897365,0.9601776872951605,0.9628043900429037,1.0,0.9653531881599982,0.9583928706936523,0.9620766885960318,0.9641755304677548
3,8,2.0575663893311114,0.25495495495495496,3441,2.24747900168101,0.2194767441860465,688,2.2491823359380794,0.2165,0.9758273277508263,0.0836287585986943,0.08343434238094154,0.08446977094592859,0.9877420223308335,,0.9858559852123253,0.014144014787674686,0.9823441981521356,0.145683490036424,10,0.025,0.15,0.8471001829807873,0.916767848870476,0.9412296418024514,0.9472837730319134,0.951503277102355,0.9589843162533769,0.9626403519258498,0.9653531881599982,1.0,0.9510360458893302,0.9602837608470356,0.963444401666407
3,9,2.0618622885810005,0.2518596280743851,3334,2.2438316345214844,0.21889055472263869,667,2.249182348009906,0.2165,0.9681545862501408,0.08357726820478768,0.08338321020695072,0.08446977094592859,0.9871366912944449,,0.9858559852123253,0.014144014787674686,0.9823441981453058,0.145683490036424,10,0.025,0.15,0.8496746492610505,0.9099767417693745,0.9288257902995564,0.9396069422773087,0.9471301532110142,0.9422174139386257,0.947885978694788,0.9583928706936523,0.9510360458893302,1.0,0.946660375634918,0.9553600780397256
3,10,2.069068395632964,0.25880900956494907,3241,2.244899868965149,0.21450617283950618,648,2.2491823449919495,0.2165,0.9718076381450468,0.0830546564081186,0.0828642094352716,0.08446977094592859,0.980992472293245,,0.9809872753379215,0.019012724662078484,0.9823441983449147,0.14568349003639372,10,0.025,0.15,0.8367522151656888,0.9136823855762013,0.9312621826921764,0.9415736307021491,0.9473376038613663,0.9538493664143536,0.959670399168546,0.9620766885960318,0.9602837608470356,0.946660375634918,1.0,0.9657284414504114
3,11,2.0772937383651735,0.23918961696739474,3159,2.2466923713684084,0.19145569620253164,632,2.249182341973993,0.2165,0.9732517476691049,0.08310838946091278,0.08291757329362717,0.08446977094592859,0.9816242232469572,,0.9816226832367844,0.018377316763215634,0.9823441983103822,0.1456834900364068,10,0.025,0.15,0.8347106150526036,0.9065326494035352,0.9373360348133197,0.9394686692485998,0.949653901630671,0.9530398360527059,0.9658442878297117,0.9641755304677548,0.963444401666407,0.9553600780397256,0.9657284414504114,1.0
4,0,1.8837402215710393,0.32132943754565374,6845,2.2219387834722344,0.24178232286340395,1369,2.221565819993804,0.2534,0.9213782123678854,0.07856641597976977,0.0784051589634588,0.08435814829604124,0.9294319582191298,,0.9294284629730488,0.07057153702695118,0.9877332960407964,0.14527951592063665,10,0.025,0.15,1.0,0.9418271075862021,0.9229705369338296,0.9199759483141267,0.8931171115415347,0.8943115161415004,0.8827600953009763,0.8719913458679563,0.8552868709051349,0.8473137890653648,0.842621397460655,0.8430765663831412
4,1,1.9280989436216132,0.3064804673238408,5478,2.2232087983025446,0.2363138686131387,1096,2.221565798868107,0.2534,0.9612656043840212,0.08259490584522096,0.08240759837585486,0.08435814829604124,0.9768777532394604,,0.9768695020712647,0.02313049792873534,0.9877333308765962,0.14527951769559455,10,0.025,0.15,0.9418271075862021,1.0,0.9483017681184803,0.9512285098058846,0.9339607302830797,0.9375816458794796,0.9212498260445582,0.9190439084699664,0.9113476825745725,0.8939368442108747,0.9099508609578464,0.9046987707674826
4,2,1.969545240778672,0.285954356846473,4820,2.2252789735794067,0.25311203319502074,964,2.221565801886064,0.2534,0.9738931834157859,0.08401966060352252,0.08382251052401243,0.08435814829604124,0.9936504323074669,,0.9845439091614266,0.015456090838573355,0.9877333308320775,0.1452795176957737,10,0.025,0.15,0.9229705369338296,0.9483017681184803,1.0,0.9588439938606323,0.947762810886663,0.9482434807312025,0.9466397276007168,0.9422915302069163,0.9320470143847575,0.9142271153164352,0.9227191874511746,0.9327377617475134
4,3,1.9709742372376577,0.2985020426690876,4406,2.2209671224866594,0.2735527809307605,881,2.221565801886064,0.2534,0.980330673500476,0.08455911295538618,0.08435814829604124,0.08435814829604124,0.9999999999881457,,0.9845439091614266,0.015456090838573355,0.9877333308320775,0.1452795176957737,10,0.025,0.15,0.9199759483141267,0.9512285098058846,0.9588439938606323,1.0,0.9559656000226674,0.956733234655177,0.9521484936275676,0.9477588028382942,0.9462229506768364,0.925618520038773,0.9383372787690151,0.9379950424198161
4,4,1.9774720141381927,0.2819795719844358,4112,2.226207528795515,0.26277372262773724,822,2.221565801886064,0.2534,0.9764552290555276,0.08442575217275837,0.08422573505950227,0.08435814829604124,0.998430344427752,,0.9845439091614266,0.015456090838573355,0.9877333308320775,0.1452795176957737,10,0.025,0.15,0.8931171115415347,0.9339607302830797,0.947762810886663,0.9559656000226674,1.0,0.9513520280243678,0.9523340495977848,0.9518277921145006,0.9446340023937999,0.932929504315943,0.93782387053598,0.9423724780589058
4,5,1.980372356983923,0.2918488043198766,3889,2.228179795401437,0.2609254498714653,778,2.221565807921977,0.2534,0.9785295944561124,0.08436453605380567,0.08416495289281788,0.08435814829604124,0.9977098192868922,,0.9845439091614266,0.015456090838573355,0.9877333308320775,0.1452795176957737,10,0.025,0.15,0.8943115161415004,0.9375816458794796,0.9482434807312025,0.956733234655177,0.9513520280243678,1.0,0.9536910311922442,0.9512216577730505,0.9527344800364853,0.9279488420078545,0.9456241110789546,0.9489844978928921
4,6,2.009276568067485,0.2731878199946106,3711,2.2182238896687827,0.25067385444743934,742,2.221565807921977,0.2534,0.9782945473010537,0.08412143195899649,0.08392356594981253,0.08435814829604124,0.9948483654987486,,0.9845439091614266,0.015456090838573355,0.9877333308320775,0.1452795176957737,10,0.025,0.15,0.8827600953009763,0.9212498260445582,0.9466397276007168,0.9521484936275676,0.9523340495977848,0.9536910311922442,1.0,0.955367908508083,0.9566545587233414,0.9369647380788825,0.9486175390033326,0.9586289473442744
4,7,1.9973113017422812,0.27657126823793493,3564,2.2183812856674194,0.23562412342215988,713,2.221565807921977,0.2534,0.9771665384214873,0.08404216888601036,0.08384486061633546,0.08435814829604124,0.9939153752059801,,0.9845439091614266,0.015456090838573355,0.9877333308320775,0.1452795176957737,10,0.025,0.15,0.8719913458679563,0.9190439084699664,0.9422915302069163,0.9477588028382942,0.9518277921145006,0.9512216577730505,0.955367908508083,1.0,0.9577499052978397,0.9407056977726522,0.9549089868189364,0.958579924290038
4,8,2.0033461504512364,0.2817785527462947,3441,2.2199759085973105,0.2558139534883721,688,2.221565810939934,0.2534,0.9735814407051073,0.08369160325411304,0.08349674922921471,0.08435814829604124,0.9897887864395342,,0.9845439091614266,0.015456090838573355,0.9877333308320775,0.1452795176957737,10,0.025,0.15,0.8552868709051349,0.9113476825745725,0.9320470143847575,0.9462229506768364,0.9446340023937999,0.9527344800364853,0.9566545587233414,0.9577499052978397,1.0,0.9403818473618317,0.9523462064431802,0.9596457332962041
4,9,2.0200793734303226,0.2778644271145771,3334,2.2148009141286216,0.28785607196401797,667,2.221565807921977,0.2534,0.9584381968783822,0.08316507656253988,0.08297387038838944,0.08435814829604124,0.9835904659289403,,0.9835866712878151,0.016413328712184927,0.9877333308316016,0.14527951769577369,10,0.025,0.15,0.8473137890653648,0.8939368442108747,0.9142271153164352,0.925618520038773,0.932929504315943,0.9279488420078545,0.9369647380788825,0.9407056977726522,0.9403818473618317,1.0,0.9327889886319894,0.9408197425064216
4,10,2.0178756191180303,0.2806849737735267,3241,2.219150106112162,0.2515432098765432,648,2.22156578679628,0.2534,0.9678652385568127,0.0831486623285896,0.08295756913871098,0.08435814829604124,0.9833972273383887,,0.9833968741232196,0.016603125876780367,0.9877333307949061,0.14527951769577363,10,0.025,0.15,0.842621397460655,0.9099508609578464,0.9227191874511746,0.9383372787690151,0.93782387053598,0.9456241110789546,0.9486175390033326,0.9549089868189364,0.9523462064431802,0.9327889886319894,1.0,0.9569289220041673
4,11,2.027424973011017,0.2668249446027224,3159,2.218309926986694,0.24525316455696203,632,2.221565807921977,0.2534,0.9714986914909433,0.08330067339928726,0.08310853217068499,0.08435814829604124,0.9851867762441143,,0.9845439091614266,0.015456090838573355,0.9877333308304442,0.1452795176957737,10,0.025,0.15,0.8430765663831412,0.9046987707674826,0.9327377617475134,0.9379950424198161,0.9423724780589058,0.9489844978928921,0.9586289473442744,0.958579924290038,0.9596457332962041,0.9408197425064216,0.9569289220041673,1.0
5,0,1.8415532021610825,0.3377209642074507,6845,2.189220666885376,0.268809349890431,1369,2.188852352432058,0.2789,0.9294337515898046,0.07916749365930109,0.07900251337291062,0.08431384662121713,0.9370052077791579,,0.9370038454555957,0.06299615454440433,0.9903629172615754,0.14498323629168067,10,0.025,0.15,1.0,0.9434983005594947,0.9277390102781805,0.9257328494333487,0.8992409798250979,0.9027733406485472,0.8882760317762828,0.8785273119608453,0.8632374109085685,0.8538971944464637,0.851915694962037,0.8510541049794776
5,1,1.884269070902536,0.3244614822928076,5478,2.1899680296579995,0.2664233576642336,1096,2.188852292072924,0.2789,0.9588022974030769,0.08262907101707968,0.08244153143606157,0.08431384662121713,0.9777935029515994,,0.9777854796917034,0.022214520308296626,0.9903629170537893,0.14498323718436068,10,0.025,0.15,0.9434983005594947,1.0,0.944326033992556,0.9468686954448634,0.9293343964996132,0.9336232869984369,0.9154825401084102,0.9116835864022325,0.9060027616960347,0.8885900864235576,0.9027449109218146,0.8998968722551953
5,2,1.929431120345467,0.30105809128630706,4820,2.1945169866085052,0.27800829875518673,964,2.188852310180664,0.2789,0.9728459308952171,0.08397284779292834,0.08377602644784124,0.08431384662121713,0.9936212117472745,,0.9830667920978363,0.016933207902163683,0.9903629170212653,0.14498323718443543,10,0.025,0.15,0.9277390102781805,0.944326033992556,1.0,0.9560235758536679,0.9444307360324646,0.9458777886016277,0.940822450287638,0.9358903547468692,0.9277450140064055,0.9134456135636172,0.9179054291611176,0.9279509968490472
5,3,1.9260686234065465,0.3162732637312755,4406,2.1879914147513255,0.2849035187287174,881,2.188852310180664,0.2789,0.9791684524550952,0.08451449392500297,0.08431384662121713,0.08431384662121713,0.9999999999881395,,0.9830667920978363,0.016933207902163683,0.9903629170212653,0.14498323718443543,10,0.025,0.15,0.9257328494333487,0.9468686954448634,0.9560235758536679,1.0,0.951258009069097,0.9507620224638412,0.9490049969875546,0.9438196056609027,0.9430176356820786,0.9203865252931569,0.9342828955126401,0.9336481668392739
5,4,1.9319228685263432,0.30026750972762645,4112,2.1932081154414584,0.28832116788321166,822,2.188852310180664,0.2789,0.9740677006932108,0.08426496302075238,0.08406608438092489,0.08431384662121713,0.9970614288018148,,0.9830667920978363,0.016933207902163683,0.9903629170212653,0.14498323718443543,10,0.025,0.15,0.8992409798250979,0.9293343964996132,0.9444307360324646,0.951258009069097,1.0,0.947262196833171,0.94525792794445,0.9469004020334105,0.9372623884842359,0.9241778823911084,0.9322437753914272,0.9368587703036201
5,5,1.9359371939013081,0.3084083311905374,3889,2.196695463997977,0.28406169665809766,778,2.1888523131986206,0.2789,0.9755889352383867,0.08427666815228332,0.08407770677960717,0.08431384662121713,0.9971992756579114,,0.9830667920978363,0.016933207902163683,0.9903629170212653,0.14498323718443543,10,0.025,0.15,0.9027733406485472,0.9336232869984369,0.9458777886016277,0.9507620224638412,0.947262196833171,1.0,0.94910914415994,0.9423277811958596,0.9444416314241241,0.919606108019647,0.9352420135642615,0.9410913019893697
5,6,1.9642545913827831,0.29267043923470765,3711,2.1861199935277305,0.28975741239892183,742,2.1888522950908804,0.2789,0.9748515055571134,0.08410159833308525,0.08390387198262138,0.08431384662121713,0.9951375170743576,,0.9830667920978363,0.016933207902163683,0.9903629170212653,0.14498323718443543,10,0.025,0.15,0.8882760317762828,0.9154825401084102,0.940822450287638,0.9490049969875546,0.94525792794445,0.94910914415994,1.0,0.9473492737892613,0.9498098919026496,0.9240472289872446,0.941641384634543,0.9519763499616856
5,7,1.9500348682914461,0.2924523007856341,3564,2.1842435201009116,0.2664796633941094,713,2.1888522950908804,0.2789,0.973636955662387,0.08401267942665436,0.0838155783943254,0.08431384662121713,0.9940903155548777,,0.9830667920978363,0.016933207902163683,0.9903629170212653,0.14498323718443543,10,0.025,0.15,0.8785273119608453,0.9116835864022325,0.9358903547468692,0.9438196056609027,0.9469004020334105,0.9423277811958596,0.9473492737892613,1.0,0.9496564577140935,0.9359777292465428,0.9449983448506091,0.9512291541784083
5,8,1.956811456768601,0.2984888113920372,3441,2.187867760658264,0.2761627906976744,688,2.1888522981088374,0.2789,0.9702441432696105,0.08368408701990578,0.08348928539130705,0.08431384662121713,0.9902203343348255,,0.9830667920978363,0.016933207902163683,0.9903629170212653,0.14498323718443543,10,0.025,0.15,0.8632374109085685,0.9060027616960347,0.9277450140064055,0.9430176356820786,0.9372623884842359,0.9444416314241241,0.9498098919026496,0.9496564577140935,1.0,0.9300579265844977,0.9439818992174793,0.953224102374742
5,9,1.9709384807833918,0.28908218356328735,3334,2.1801977157592773,0.30134932533733133,667,2.188852310180664,0.2789,0.9545834122491343,0.08284525594066906,0.08265624320580899,0.08431384662121713,0.9803400807481204,,0.9803353633377895,0.019664636662210522,0.9903629170224458,0.14498323718443035,10,0.025,0.15,0.8538971944464637,0.8885900864235576,0.9134456135636172,0.9203865252931569,0.9241778823911084,0.919606108019647,0.9240472289872446,0.9359777292465428,0.9300579265844977,1.0,0.92627287110069,0.9313294868935074
5,10,1.9745132524233597,0.30567726010490587,3241,2.1892678340276084,0.2808641975308642,648,2.1888522950908804,0.2789,0.9642551107466875,0.08315117430296398,0.08296006382526266,0.08431384662121713,0.9839435294297468,,0.9830667920978363,0.016933207902163683,0.9903629170217936,0.14498323718443543,10,0.025,0.15,0.851915694962037,0.9027449109218146,0.9179054291611176,0.9342828955126401,0.9322437753914272,0.9352420135642615,0.941641384634543,0.9449983448506091,0.9439818992174793,0.92627287110069,1.0,0.9479279285917436
5,11,1.982455274105072,0.28360240582462803,3159,2.1846815586090087,0.27531645569620256,632,2.1888522950908804,0.2789,0.9683578380219947,0.08337966740937375,0.08318698005174305,0.08431384662121713,0.9866348575516521,,0.9830667920978363,0.016933207902163683,0.9903629170212653,0.14498323718443543,10,0.025,0.15,0.8510541049794776,0.8998968722551953,0.9279509968490472,0.9336481668392739,0.9368587703036201,0.9410913019893697,0.9519763499616856,0.9512291541784083,0.953224102374742,0.9313294868935074,0.9479279285917436,1.0
6,0,1.8034084955851237,0.351263696128561,6845,2.1520390293814917,0.27903579254930605,1369,2.151643125316765,0.2966,0.9343457507578289,0.0797199313047506,0.07955147902074934,0.08422391005814822,0.9445236983759414,,0.9445214635837006,0.05547853641629941,0.9920721910464367,0.14488596354558045,10,0.025,0.15,1.0,0.9398851662070967,0.926350039721628,0.927391171054814,0.899441794811801,0.9073660474510503,0.8947263761914328,0.8829998964106277,0.8757292794078629,0.865562276370622,0.8603268560824356,0.8548024712002803
6,1,1.84585662026738,0.34220518437385905,5478,2.1522095998128257,0.2801094890510949,1096,2.151643074011501,0.2966,0.9586496100451919,0.08266460902974636,0.08247682780742792,0.08422391005814822,0.9792566950347784,,0.9792543447046591,0.020745655295340892,0.9920722006953223,0.1448859640888806,10,0.025,0.15,0.9398851662070967,1.0,0.9401066412473912,0.9443969862870938,0.9265975182701817,0.9317725671840221,0.9140737073108823,0.9112804607324945,0.9068730538583033,0.8958085323151931,0.9051002400125711,0.8966776958942849
6,2,1.8884203562611028,0.31775933609958507,4820,2.159544289112091,0.3008298755186722,964,2.1516430951371976,0.2966,0.9722665554424731,0.08394445155681189,0.08374782944143937,0.08422391005814822,0.9943474410369393,,0.9823983759964351,0.01760162400356491,0.9920722007043392,0.14488596408890175,10,0.025,0.15,0.926350039721628,0.9401066412473912,1.0,0.9531044112317107,0.9385165285374572,0.9431674513512956,0.9382387108957703,0.9347030819718545,0.928252873807924,0.9182136921790023,0.9212916809192965,0.9260782726091048
6,3,1.883655380180904,0.329505220154335,4406,2.150672435760498,0.3098751418842225,881,2.1516430951371976,0.2966,0.9766414102195637,0.08442391413267747,0.08422391005814822,0.08422391005814822,0.9999999999881268,,0.9823983759964351,0.01760162400356491,0.9920722007043392,0.14488596408890175,10,0.025,0.15,0.927391171054814,0.9443969862870938,0.9531044112317107,1.0,0.9464682296493137,0.9476242885637487,0.9448656291277264,0.9396868530584583,0.9386146777373856,0.9212087240849623,0.9290756647621702,0.9258286587798867
