round,client_id,client_i_training_loss,client_i_training_accuracy,client_i_training_dataset_size,client_i_evaluation_loss,client_i_evaluation_accuracy,client_i_evaluation_dataset_size,client_i_central_evaluation_loss,client_i_central_evaluation_accuracy,client_i_cosine_similarity,client_i_importance_coefficient,client_i_tanh_val,tanh_normalization_value,client_i_q,client_i_mask_order,client_i_v_nonzero_fraction,client_i_v_sparsity,client_i_v_cosine_similarity,client_i_reward_gradient_norm,local_epochs,learning_rate,gamma,client_0_cosine_similarity,client_1_cosine_similarity,client_2_cosine_similarity,client_3_cosine_similarity,client_4_cosine_similarity,client_5_cosine_similarity,client_6_cosine_similarity,client_7_cosine_similarity,client_8_cosine_similarity,client_9_cosine_similarity,client_10_cosine_similarity,client_11_cosine_similarity
0,0,2.04261405495818,0.39060141222303385,8214,2.2614319047262503,0.16362308254200147,1369,2.2626647377928224,0.1541,0.964468323998141,0.08141103760767344,,,0.75,,0.7500024163694532,0.2499975836305468,0,0.09862115336760303,5,0.001,0.1,1.0,0.9885968801020796,0.9767759457458814,0.9615529695718376,0.9527051697646749,0.9423564062668988,0.9362190531282446,0.9280472354209133,0.9152395338953078,0.9121562817481739,0.913337306147693,0.9000651938678863
0,1,2.1411596940559092,0.3375114085792516,6574,2.26309860093253,0.1541970802919708,1096,2.262661847062766,0.1541,0.986326737983638,0.08325611236932091,,,0.8861465968336669,,0.8861696677975276,0.1138303322024724,0,0.09863069595372767,5,0.001,0.1,0.9885968801020796,1.0,0.9921478846533195,0.9828910047595628,0.9786640183198476,0.9682085240244225,0.9676406744606627,0.96114063380238,0.9497912841420187,0.9488979596122117,0.9502644670577206,0.9388533555478219
0,2,2.1783453226089478,0.31851979941206987,5783,2.262003844784152,0.15145228215767634,964,2.262661597980097,0.1541,0.9947001931207771,0.08396291803013296,,,0.9383012234876071,,0.9383294188148191,0.06167058118518087,0,0.09863107243733704,5,0.001,0.1,0.9767759457458814,0.9921478846533195,1.0,0.9909257437847633,0.989960671540348,0.9830362223681721,0.9817694486795691,0.9771868248962013,0.96775715611238,0.9686544778684258,0.9687140855517733,0.9586070252515599
0,3,2.202789870945804,0.3020616606771326,5287,2.260435904775347,0.16345062429057888,881,2.2626615637026655,0.1541,0.9965784383686637,0.08412146123026447,,,0.9499999999262108,,0.95001498149061,0.04998501850938997,0,0.0986310939009049,5,0.001,0.1,0.9615529695718376,0.9828910047595628,0.9909257437847633,1.0,0.9909010628246699,0.9900879782789167,0.9885832976196839,0.9857761436689503,0.9801016177989859,0.9810974889884404,0.9795119339910384,0.9728965477179915
0,4,2.216700591118105,0.2982370820668693,4935,2.26064971777109,0.145985401459854,822,2.262661562940945,0.1541,0.9960829079399454,0.08407963336991452,,,0.9469135554320076,,0.9469413595461091,0.05305864045389086,0,0.09863109148078134,5,0.001,0.1,0.9527051697646749,0.9786640183198476,0.989960671540348,0.9909010628246699,1.0,0.9914828512562514,0.9890187116611714,0.9849244909798306,0.9862570541941219,0.9826027322058974,0.9844424694775454,0.9793601876398529
0,5,2.2240763367038885,0.2890507820869938,4667,2.25809684753418,0.15552699228791775,778,2.2626617823165063,0.1541,0.9934127937370507,0.08385424829258246,,,0.9302825701225275,,0.9302974067523028,0.06970259324769723,0,0.09863102186481644,5,0.001,0.1,0.9423564062668988,0.9682085240244225,0.9830362223681721,0.9900879782789167,0.9914828512562514,1.0,0.9892918168605077,0.9891726937114994,0.9849869633839404,0.9879462800100388,0.9866730119954982,0.978873560414026
0,6,2.226198229108538,0.27603862564563214,4453,2.264256159464518,0.16711590296495957,742,2.2626617746992994,0.1541,0.9925758204617026,0.08378359914724452,,,0.9250694259687484,,0.9250925469500585,0.07490745304994151,0,0.09863101380600177,5,0.001,0.1,0.9362190531282446,0.9676406744606627,0.9817694486795691,0.9885832976196839,0.9890187116611714,0.9892918168605077,1.0,0.9909866807209017,0.9856140843840621,0.9869731173947183,0.9906529929654508,0.9821484331406447
0,7,2.2330843135492127,0.2712649053074585,4277,2.2577581716620405,0.18092566619915848,713,2.262661294053538,0.1541,0.9897944567281453,0.08354882346630293,,,0.9077455154996878,,0.9077671779704429,0.09223282202955707,0,0.09863090332957838,5,0.001,0.1,0.9280472354209133,0.96114063380238,0.9771868248962013,0.9857761436689503,0.9849244909798306,0.9891726937114994,0.9909866807209017,1.0,0.9831031649355721,0.9915194900525314,0.9894891121616947,0.9836390816101584
0,8,2.2391326860281136,0.25919108743037056,4129,2.2683453884991733,0.14098837209302326,688,2.262661926281719,0.1541,0.9846592779552671,0.08311536160778604,,,0.8757607102652498,,0.8757841118875712,0.12421588811242879,0,0.09863060253189104,5,0.001,0.1,0.9152395338953078,0.9497912841420187,0.96775715611238,0.9801016177989859,0.9862570541941219,0.9849869633839404,0.9856140843840621,0.9831031649355721,1.0,0.9830538094224021,0.9905694386731161,0.9914223283840915
0,9,2.23971481815217,0.2843789052736816,4001,2.2658742382412864,0.1469265367316342,667,2.2626616421598977,0.1541,0.9842651315239329,0.08308209159865682,,,0.8733057427952462,,0.8733145823063763,0.12668541769362374,0,0.09863047506211017,5,0.001,0.1,0.9121562817481739,0.9488979596122117,0.9686544778684258,0.9810974889884404,0.9826027322058974,0.9879462800100388,0.9869731173947183,0.9915194900525314,0.9830538094224021,1.0,0.9881786316018516,0.9837886239285394
0,10,2.243262391793923,0.24263306762663925,3889,2.2629230930691673,0.15123456790123457,648,2.2626618866722423,0.1541,0.985539210241647,0.08318963693511014,,,0.8812414274990887,,0.8812547723296701,0.11874522767032991,0,0.09863063797341641,5,0.001,0.1,0.913337306147693,0.9502644670577206,0.9687140855517733,0.9795119339910384,0.9844424694775454,0.9866730119954982,0.9906529929654508,0.9894891121616947,0.9905694386731161,0.9881786316018516,1.0,0.9901734006912192
0,11,2.2479955957717253,0.23508309153257714,3791,2.2686782121658324,0.11234177215189874,632,2.262661495147803,0.1541,0.9784955110983958,0.0825950763450109,,,0.8373692751960837,,0.8373880012758431,0.16261199872415688,0,0.0986295614419808,5,0.001,0.1,0.9000651938678863,0.9388533555478219,0.9586070252515599,0.9728965477179915,0.9793601876398529,0.978873560414026,0.9821484331406447,0.9836390816101584,0.9914223283840915,0.9837886239285394,0.9901734006912192,1.0
1,0,1.7531407682812168,0.508254200146092,8214,2.2064975139706635,0.3557341124908692,1369,2.207988840322525,0.3573,0.980981312385034,0.08170696716220736,,,0.75,,0.7500024163694532,0.2499975836305468,0.9593352141735978,0.09945945200825627,5,0.001,0.1,1.0,0.9953411734750748,0.99011153754724,0.9847201079373363,0.979855327295074,0.9744099918785969,0.9704133748007149,0.9695326887884731,0.9646628468283751,0.9612222689248339,0.9611908819007112,0.9593831571707413
1,1,1.8824019868397017,0.4702768481898388,6574,2.2091228212629046,0.3594890510948905,1096,2.2079593244071205,0.3574,0.9915618954319203,0.08318211329102707,,,0.8829043842662874,,0.8829317327302075,0.11706826726979247,0.9596368183845072,0.09947849290583752,5,0.001,0.1,0.9953411734750748,1.0,0.9967062764721488,0.9938990535244872,0.9904217843266572,0.9861237720422654,0.9844268435718394,0.9832801895522428,0.978476070088366,0.9764953653334197,0.9768414357457028,0.9748669213168186
1,2,1.9503524669626142,0.4563375410686495,5783,2.2072778440290883,0.3651452282157676,964,2.207957096374073,0.3574,0.9963093721259529,0.08376964995761162,,,0.9358389358884819,,0.9358502237558114,0.0641497762441886,0.959656670745962,0.09948068118088108,5,0.001,0.1,0.99011153754724,0.9967062764721488,1.0,0.9969933948858695,0.9953831814017657,0.9922625799766017,0.9912950605924225,0.9901514977630597,0.9864430710276909,0.9856006633488944,0.9851048263737799,0.9833227987143688
1,3,2.0031035474984042,0.4472101380745224,5287,2.204610960824149,0.3620885357548241,881,2.2079570803779385,0.3574,0.9981597090313608,0.08392682790841055,,,0.9499999999099042,,0.95001498149061,0.04998501850938997,0.9596568648005792,0.09948095291125572,5,0.001,0.1,0.9847201079373363,0.9938990535244872,0.9969933948858695,1.0,0.9969186071545555,0.9952342191846474,0.9946311420296876,0.993696565996055,0.9910941433665525,0.9897907735596612,0.9902497757941078,0.9881198786627323
1,4,2.037380058380865,0.4400405268490375,4935,2.204754013281602,0.3771289537712895,822,2.2079570895185867,0.3574,0.9987549185037945,0.08392037873455203,,,0.9494189568091924,,0.9494398855607427,0.05056011443925734,0.9596568258330481,0.09948095268582356,5,0.001,0.1,0.979855327295074,0.9904217843266572,0.9953831814017657,0.9969186071545555,1.0,0.9970545955534772,0.995415206758728,0.9943804595264966,0.9946027708999351,0.9931235282923284,0.9931795645839022,0.9920581380521222
1,5,2.0529739458267002,0.4410113563316906,4667,2.2046457958221435,0.3740359897172236,778,2.207957238815844,0.3574,0.9980582218222486,0.08375943977255601,,,0.9349190416952564,,0.9349320033635863,0.06506799663641372,0.959659443006044,0.09948068064140776,5,0.001,0.1,0.9744099918785969,0.9861237720422654,0.9922625799766017,0.9952342191846474,0.9970545955534772,1.0,0.9964665582614746,0.9956392768320821,0.9947544654531697,0.995106783375765,0.9948263829692456,0.9921162380198523
1,6,2.064492495230266,0.41468672804850665,4453,2.2100390990575156,0.33962264150943394,742,2.207957263952627,0.3574,0.9974805163511322,0.0836973774498198,,,0.9293274907104114,,0.9293405244488261,0.07065947555117391,0.9596593921099014,0.09948056608754863,5,0.001,0.1,0.9704133748007149,0.9844268435718394,0.9912950605924225,0.9946311420296876,0.995415206758728,0.9964665582614746,1.0,0.9968703306327846,0.9938567217143738,0.9945325102452495,0.996190450574368,0.9929394835567672
1,7,2.0840940769038983,0.44877250409165304,4277,2.2017435509225596,0.3955119214586255,713,2.207957230436916,0.3573,0.9970000434407428,0.08353766038926351,,,0.9149376637127031,,0.9149631262021438,0.08503687379785618,0.9596492644987397,0.09948017361235241,5,0.001,0.1,0.9695326887884731,0.9832801895522428,0.9901514977630597,0.993696565996055,0.9943804595264966,0.9956392768320821,0.9968703306327846,1.0,0.9932355563044727,0.9957256729797881,0.9952626253894518,0.9935522213136819
1,8,2.0986755147347083,0.40062969241947205,4129,2.2142975221980703,0.3183139534883721,688,2.2079593914385423,0.3574,0.9954488981840978,0.08322131319561211,,,0.8864361287357941,,0.886454799393008,0.11354520060699202,0.9596376036993667,0.09947850640858458,5,0.001,0.1,0.9646628468283751,0.978476070088366,0.9864430710276909,0.9910941433665525,0.9946027708999351,0.9947544654531697,0.9938567217143738,0.9932355563044727,1.0,0.9934419972216035,0.9960606689074268,0.9961903417977857
1,9,2.0981201378125993,0.443139215196201,4001,2.2106450625828336,0.34632683658170915,667,2.207959427239415,0.3574,0.9946218572387387,0.08317414772765261,,,0.8821867209277656,,0.8822116546331468,0.11778834536685323,0.9596328024095647,0.09947848937283463,5,0.001,0.1,0.9612222689248339,0.9764953653334197,0.9856006633488944,0.9897907735596612,0.9931235282923284,0.995106783375765,0.9945325102452495,0.9957256729797881,0.9934419972216035,1.0,0.9949881657587465,0.9928273566674678
1,10,2.1103243497551465,0.39763435330419133,3889,2.208577905382429,0.35648148148148145,648,2.20795907380101,0.3574,0.9952279533834997,0.08325978737812116,,,0.8899024887367555,,0.8899198731889311,0.11008012681106893,0.9596406210186713,0.09947889713545661,5,0.001,0.1,0.9611908819007112,0.9768414357457028,0.9851048263737799,0.9902497757941078,0.9931795645839022,0.9948263829692456,0.996190450574368,0.9952626253894518,0.9960606689074268,0.9949881657587465,1.0,0.9962186341227112
1,11,2.1248994370468526,0.3960960168820892,3791,2.215077805519104,0.3259493670886076,632,2.2079652886802017,0.3573,0.9936717024428882,0.08284433703316593,,,0.8524721818601951,,0.852495143097399,0.14750485690260096,0.959561932480755,0.09947539765375386,5,0.001,0.1,0.9593831571707413,0.9748669213168186,0.9833227987143688,0.9881198786627323,0.9920581380521222,0.9921162380198523,0.9929394835567672,0.9935522213136819,0.9961903417977857,0.9928273566674678,0.9962186341227112,1.0
2,0,1.550441658218547,0.5672023374726077,8214,2.1334796284520348,0.4390065741417093,1369,2.1351440318476276,0.4475,0.9875868791031925,0.08204827291240936,,,0.75,,0.7500024163694532,0.2499975836305468,0.989708694806253,0.09962752391287048,5,0.001,0.1,1.0,0.9963521709851157,0.9932997425810844,0.9901249312463817,0.9869860714989056,0.983540779697089,0.9802818284269115,0.9803651339691071,0.9767858978543854,0.9745661829142062,0.9738832277572116,0.9733868031979211
2,1,1.664406189062063,0.5405536963796775,6574,2.137080526351929,0.43613138686131386,1096,2.135078590898849,0.4478,0.9944301860575164,0.08317468648658591,,,0.8807317770008414,,0.8807521674833996,0.11924783251660043,0.9897306609865438,0.09964624395899079,5,0.001,0.1,0.9963521709851157,1.0,0.9975153805766065,0.9959347123395538,0.993805328796131,0.9907446132430533,0.9891385229050061,0.9887032293500372,0.9864049927043796,0.9846840716890054,0.9841652557319995,0.9837861029655112
2,2,1.7294643848640483,0.5364343766211309,5783,2.1341185339035524,0.4574688796680498,964,2.135073723503576,0.4476,0.9972351489557955,0.0836258891164877,,,0.9330984413830922,,0.9331148935347618,0.06688510646523815,0.9897729835277915,0.09964824983086838,5,0.001,0.1,0.9932997425810844,0.9975153805766065,1.0,0.997682773966123,0.9965646125787756,0.9942910270077016,0.9930269008417495,0.9931710477884127,0.9910656939748596,0.9897923669793506,0.9893173779814725,0.98894458967046
2,3,1.786439190858818,0.5306979383393229,5287,2.129970465387617,0.4642451759364359,881,2.1350733213150463,0.4476,0.998590613636482,0.08376614039370664,,,0.9493760317085399,,0.9493963909105847,0.0506036090894153,0.9897775711287712,0.09964858333639723,5,0.001,0.1,0.9901249312463817,0.9959347123395538,0.997682773966123,1.0,0.9978108277053539,0.9966313273903518,0.9955363237703416,0.9953622935527193,0.9942323586739503,0.9927525992703321,0.9928384378163309,0.9918974464684258
2,4,1.8295422793972878,0.5228368794326241,4935,2.130533300913297,0.4902676399026764,822,2.135073331979136,0.4476,0.9988795837275084,0.08377151663993192,,,0.9499999998839398,,0.95001498149061,0.04998501850938997,0.9897775688836309,0.0996485834884473,5,0.001,0.1,0.9869860714989056,0.993805328796131,0.9965646125787756,0.9978108277053539,1.0,0.9975277756208062,0.9963954377771312,0.9958630937446249,0.9957958800213399,0.994416516876647,0.9948021086489298,0.9942439604243436
2,5,1.848020663490034,0.5235054638954361,4667,2.1333946704864504,0.4640102827763496,778,2.1350737897732768,0.4476,0.9987096774715143,0.08366725324587836,,,0.9378991702302085,,0.9379283014855839,0.062071698514416074,0.9897708755983987,0.09964845650497957,5,0.001,0.1,0.983540779697089,0.9907446132430533,0.9942910270077016,0.9966313273903518,0.9975277756208062,1.0,0.9973054525471566,0.997322289148292,0.9966825217659196,0.9962421843829019,0.9965118874034452,0.9953373766542352
2,6,1.864715793643679,0.5007410734336403,4453,2.1377007563908896,0.4326145552560647,742,2.1350738865118055,0.4476,0.9979868674931077,0.0836058146046047,,,0.9307685896562892,,0.930785513381854,0.069214486618146,0.9897714577599319,0.09964824876275283,5,0.001,0.1,0.9802818284269115,0.9891385229050061,0.9930269008417495,0.9955363237703416,0.9963954377771312,0.9973054525471566,1.0,0.9975090431844625,0.9957728822883004,0.9963135641069736,0.9971084315379156,0.9950608319518017
2,7,1.889791271935648,0.5251812017769465,4277,2.1274033525715703,0.48246844319775595,713,2.1350749331160475,0.4476,0.9980596866308811,0.08351014171334328,,,0.9196647754159851,,0.9196847121137434,0.08031528788625664,0.9897621860052898,0.09964795956022483,5,0.001,0.1,0.9803651339691071,0.9887032293500372,0.9931710477884127,0.9953622935527193,0.9958630937446249,0.997322289148292,0.9975090431844625,1.0,0.9960656927481526,0.9972422450447969,0.996737987786784,0.995995005841987
2,8,1.9148530684984648,0.4928069750544926,4129,2.142269112847068,0.4127906976744186,688,2.1350771695280226,0.4478,0.9971407295108848,0.08328630170892933,,,0.8936858612659977,,0.8937039077526797,0.10629609224732028,0.9897445106792759,0.09964693349317498,5,0.001,0.1,0.9767858978543854,0.9864049927043796,0.9910656939748596,0.9942323586739503,0.9957958800213399,0.9966825217659196,0.9957728822883004,0.9960656927481526,1.0,0.9957029617861326,0.9974204574580119,0.9973961587990868
2,9,1.9139216966099208,0.5135216195951012,4001,2.1374789646693637,0.4302848575712144,667,2.1350782427924893,0.4478,0.9964229765558813,0.08323416925023952,,,0.8876353580403744,,0.8876533186418071,0.11234668135819292,0.9897374562848711,0.09964659506028879,5,0.001,0.1,0.9745661829142062,0.9846840716890054,0.9897923669793506,0.9927525992703321,0.994416516876647,0.9962421843829019,0.9963135641069736,0.9972422450447969,0.9957029617861326,1.0,0.9970539270948883,0.9959471817252555
2,10,1.9301467821246288,0.48727179223450756,3889,2.13630595661345,0.4367283950617284,648,2.1350768023786455,0.4478,0.9966180884274349,0.08329303247131235,,,0.8944670348483091,,0.8944819787166178,0.10551802128338217,0.9897518071626393,0.0996469347642224,5,0.001,0.1,0.9738832277572116,0.9841652557319995,0.9893173779814725,0.9928384378163309,0.9948021086489298,0.9965118874034452,0.9971084315379156,0.996737987786784,0.9974204574580119,0.9970539270948883,1.0,0.9971957025681808
2,11,1.9535719404701426,0.491268794513321,3791,2.1433459520339966,0.4208860759493671,632,2.1350877429730595,0.4479,0.9959595710402247,0.08301678145657089,,,0.8624052887158209,,0.8624215888112429,0.13757841118875713,0.9896978645115315,0.09964505617726035,5,0.001,0.1,0.9733868031979211,0.9837861029655112,0.98894458967046,0.9918974464684258,0.9942439604243436,0.9953373766542352,0.9950608319518017,0.995995005841987,0.9973961587990868,0.9959471817252555,0.9971957025681808,1.0
3,0,1.4021009007316618,0.6044801558315072,8214,2.042379390361697,0.49086924762600437,1369,2.0441905911357257,0.5019,0.9904683648284087,0.08232840355373647,,,0.75,,0.7500024163694532,0.2499975836305468,0.994861507227983,0.09969609995995651,5,0.001,0.1,1.0,0.9962798068336353,0.9941861495879866,0.9918743274625365,0.9892234046093418,0.9873435109595984,0.9844804431063083,0.9855594150196091,0.9832182367187337,0.9805156126673594,0.979594997194363,0.979982305141179
3,1,1.496254512580853,0.5845756008518406,6574,2.047121402195522,0.4936131386861314,1096,2.0440804992620936,0.5021,0.9960277437819033,0.08319907436639938,,,0.8808828460990354,,0.8809019823894995,0.11909801761050054,0.9949203196478296,0.09971621921176056,5,0.001,0.1,0.9962798068336353,1.0,0.9976800033378064,0.9965818741563462,0.9949407982185465,0.9933355738494302,0.9919446603846767,0.9920720781406018,0.9909457156156086,0.9887216387809528,0.9876132174648085,0.9885386348951317
3,2,1.5506350987523958,0.5798028704824486,5783,2.042600016440115,0.516597510373444,964,2.044070539763941,0.5022,0.9978280058077053,0.08353405773142623,,,0.9312389342702383,,0.931259121794686,0.06874087820531405,0.9949341879778772,0.09971791134542742,5,0.001,0.1,0.9941861495879866,0.9976800033378064,1.0,0.9976659217114954,0.9967012092682722,0.9954905300661437,0.9947537569807443,0.9950646692035463,0.9936306578948958,0.9918315742803745,0.9911991254938383,0.9919286050964917
3,3,1.6046612205993698,0.5772271609608474,5287,2.0367025903293063,0.5153234960272418,881,2.0440692296043372,0.5022,0.9987470733481594,0.08364979227561513,,,0.9486366307533541,,0.9486618145968045,0.05133818540319546,0.9949375039477588,0.09971808398411448,5,0.001,0.1,0.9918743274625365,0.9965818741563462,0.9976659217114954,1.0,0.9979459330352155,0.9970709382452433,0.9961770878463795,0.9963271683279635,0.9958620178738489,0.9941739942470654,0.9936024236848572,0.99379868656542
3,4,1.6462391346500767,0.5707801418439716,4935,2.0379642890049863,0.5328467153284672,822,2.044069217416806,0.5022,0.998925772147092,0.08365886180393327,,,0.9499999998496759,,0.95001498149061,0.04998501850938997,0.9949375053690379,0.09971808428074189,5,0.001,0.1,0.9892234046093418,0.9949407982185465,0.9967012092682722,0.9979459330352155,1.0,0.9975997974197386,0.9962977995404949,0.996631453752918,0.9971254135937668,0.9953978214188386,0.9956466386302707,0.9956748234665102
3,5,1.6615886108516014,0.5707306620955646,4667,2.043899154663086,0.512853470437018,778,2.044069888492743,0.5022,0.9988106132942917,0.08359116950005871,,,0.9398242120993023,,0.9398468988314437,0.06015310116855632,0.9949375339914085,0.0997180451094943,5,0.001,0.1,0.9873435109595984,0.9933355738494302,0.9954905300661437,0.9970709382452433,0.9975997974197386,1.0,0.9974666896521536,0.9976010710318984,0.9970933401710194,0.9964886729881872,0.9959848039454325,0.996309881658562
3,6,1.6788577621323721,0.5578261845946553,4453,2.047187695900599,0.49865229110512127,742,2.0440706456431186,0.5022,0.9982069804487183,0.08353397890042653,,,0.9312270840675538,,0.9312494563168731,0.06875054368312694,0.994934182760324,0.09971791134405136,5,0.001,0.1,0.9844804431063083,0.9919446603846767,0.9947537569807443,0.9961770878463795,0.9962977995404949,0.9974666896521536,1.0,0.9979040601806831,0.995997969140723,0.9969957851823594,0.9961299768809649,0.9963822281802014
3,7,1.7013629107332942,0.5660042085574001,4277,2.034849120223004,0.520336605890603,713,2.044072789886889,0.5022,0.9985098592871475,0.08348505738662436,,,0.9238729992989159,,0.9238988604401659,0.07610113955983411,0.9949314715969527,0.09971780625356863,5,0.001,0.1,0.9855594150196091,0.9920720781406018,0.9950646692035463,0.9963271683279635,0.996631453752918,0.9976010710318984,0.9979040601806831,1.0,0.9965035595033552,0.9973491418249748,0.9964715750840089,0.996687725412518
3,8,1.7318807029724121,0.5584887381932672,4129,2.0522519891912285,0.4738372093023256,688,2.044077547213521,0.5021,0.9977835127090346,0.08332425849598236,,,0.899701043433732,,0.8997158349523009,0.1002841650476991,0.9949196641027482,0.09971678331791102,5,0.001,0.1,0.9832182367187337,0.9909457156156086,0.9936306578948958,0.9958620178738489,0.9971254135937668,0.9970933401710194,0.995997969140723,0.9965035595033552,1.0,0.9953471768135108,0.9965402098780778,0.9971998796472415
3,9,1.7275591603347233,0.5563609097725568,4001,2.0462958358582997,0.49775112443778113,667,2.044079213477552,0.5021,0.9970154230622329,0.0832674670647114,,,0.8911639200448729,,0.8911860507824204,0.10881394921757959,0.9949243484352945,0.09971660848734075,5,0.001,0.1,0.9805156126673594,0.9887216387809528,0.9918315742803745,0.9941739942470654,0.9953978214188386,0.9964886729881872,0.9969957851823594,0.9973491418249748,0.9953471768135108,1.0,0.9969233749173769,0.9965043543633735
3,10,1.7473422501907974,0.5447158652609926,3889,2.046265130951291,0.4876543209876543,648,2.0440773423106524,0.5021,0.9967264054500586,0.08329425070547793,,,0.895190147961823,,0.895206889552585,0.10479311044741502,0.9949212405229914,0.09971661499521509,5,0.001,0.1,0.979594997194363,0.9876132174648085,0.9911991254938383,0.9936024236848572,0.9956466386302707,0.9959848039454325,0.9961299768809649,0.9964715750840089,0.9965402098780778,0.9969233749173769,1.0,0.9970793347748199
3,11,1.7744942336523233,0.548984436824057,3791,2.0539080917835237,0.4810126582278481,632,2.0440916702770195,0.5021,0.997001330503492,0.08313362821560813,,,0.8710447093920204,,0.8710576932370652,0.12894230676293483,0.994921231705429,0.09971590370830462,5,0.001,0.1,0.979982305141179,0.9885386348951317,0.9919286050964917,0.99379868656542,0.9956748234665102,0.996309881658562,0.9963822281802014,0.996687725412518,0.9971998796472415,0.9965043543633735,0.9970793347748199,1.0
4,0,1.2885772156344313,0.6264670075480886,8214,1.933829939642618,0.5266617969320672,1369,1.9357104575672088,0.5325,0.9914654263689047,0.0825255064018233,,,0.75,,0.7500024163694532,0.2499975836305468,0.9963782758965821,0.09971781740791445,5,0.001,0.1,1.0,0.9960808216316525,0.9939925493230516,0.9920654101209946,0.9900571746242434,0.9884439291730368,0.9860819623008346,0.9870489441321356,0.9839071237493953,0.9833328989150671,0.9829758899827438,0.9827330442660673
4,1,1.3647998993257875,0.6112868877395802,6574,1.939893184389387,0.5264598540145985,1096,1.9355358064365082,0.5329,0.996419718986486,0.08321966080803067,,,0.8815246358112666,,0.881544736664057,0.11845526333594303,0.9964938601434712,0.09973837328260722,5,0.001,0.1,0.9960808216316525,1.0,0.9972694731364559,0.9963311651205577,0.9952922382659266,0.9936900626348952,0.992594860403556,0.9927642407275257,0.990623329229034,0.9905819107707039,0.9903576865836659,0.990331031825136
4,2,1.4075502690689339,0.6072626664361058,5783,1.9331384089685255,0.5487551867219918,964,1.9355190409639011,0.5327,0.9978499419402093,0.08347136380769482,,,0.9292159636590662,,0.9292293714539779,0.07077062854602212,0.9964999595443532,0.09973945845753282,5,0.001,0.1,0.9939925493230516,0.9972694731364559,1.0,0.9973718500714039,0.9965926535393045,0.9955838925361004,0.9949714173833374,0.9952729848969372,0.9929894208364601,0.9930374611878107,0.9929080098567195,0.9929935416515946
4,3,1.4571109061499676,0.6059012672593153,5287,1.9255331158638,0.5539160045402951,881,1.9355171435176375,0.5327,0.9986408237157134,0.08356790777323193,,,0.9475085939348307,,0.9475309536926958,0.0524690463073042,0.9964990783520822,0.09973960305707678,5,0.001,0.1,0.9920654101209946,0.9963311651205577,0.9973718500714039,1.0,0.9977028764475757,0.9967608394105586,0.9961763201401791,0.9962522311005889,0.9954123120094466,0.9948603402503308,0.9948898614962008,0.9945913231090522
4,4,1.4921725842260545,0.6020263424518744,4935,1.9278382383860075,0.5450121654501217,822,1.9355171576094703,0.5327,0.998875710396571,0.08358105679550899,,,0.9499999998105253,,0.95001498149061,0.04998501850938997,0.9964990772792972,0.09973960361901771,5,0.001,0.1,0.9900571746242434,0.9952922382659266,0.9965926535393045,0.9977028764475757,1.0,0.9973048361848356,0.9969486111445581,0.9967059350037656,0.9964984397623062,0.9957088801517208,0.9963824844491702,0.9960079530587489
4,5,1.5055249379105764,0.5993143346903793,4667,1.936931562423706,0.532133676092545,778,1.9355179844572903,0.5327,0.9987359301135388,0.08353501238670695,,,0.9412757533825273,,0.9412967205033781,0.05870327949662191,0.9964998047538843,0.09973956362538287,5,0.001,0.1,0.9884439291730368,0.9936900626348952,0.9955838925361004,0.9967608394105586,0.9973048361848356,1.0,0.9975203645149071,0.997540246566171,0.9961973587812066,0.9969772704521958,0.9968804303362779,0.996615779293766
4,6,1.5204391849040986,0.5920503031664047,4453,1.9390457918246586,0.5377358490566038,742,1.9355191765501858,0.5327,0.9984690774557259,0.08349130776221289,,,0.9329948366751687,,0.9330134060177265,0.06698659398227347,0.9964994056400116,0.09973951558208886,5,0.001,0.1,0.9860819623008346,0.992594860403556,0.9949714173833374,0.9961763201401791,0.9969486111445581,0.9975203645149071,1.0,0.9978652083777395,0.996236185896642,0.9975463343610222,0.997452807229872,0.9969044046577918
4,7,1.5375372846624744,0.5982698152910919,4277,1.9245616508566814,0.5385694249649369,713,1.9355221373585467,0.5328,0.9984699540859006,0.08346132158065266,,,0.927313216600712,,0.9273301050637438,0.0726698949362562,0.9965009452297553,0.09973945764712097,5,0.001,0.1,0.9870489441321356,0.9927642407275257,0.9952729848969372,0.9962522311005889,0.9967059350037656,0.997540246566171,0.9978652083777395,1.0,0.995966565383447,0.9972483149146572,0.9970122433949343,0.9966440173614421
4,8,1.5679571171907278,0.5880842819084524,4129,1.9447268410162493,0.5072674418604651,688,1.9355297922707213,0.5329,0.997300808757432,0.08332491519369305,,,0.9014676695484132,,0.9014846173920608,0.09851538260793924,0.9964918206396618,0.09973908914628446,5,0.001,0.1,0.9839071237493953,0.990623329229034,0.9929894208364601,0.9954123120094466,0.9964984397623062,0.9961973587812066,0.996236185896642,0.995966565383447,1.0,0.9951588644688318,0.9966988729013982,0.9966214071717611
4,9,1.5630293536280828,0.5850037490627343,4001,1.937619300115676,0.5172413793103449,667,1.9355337006596331,0.5329,0.9974621334727168,0.08329528161537819,,,0.8958528588365704,,0.8958738075216748,0.10412619247832522,0.9964855992677852,0.09973888289408551,5,0.001,0.1,0.9833328989150671,0.9905819107707039,0.9930374611878107,0.9948603402503308,0.9957088801517208,0.9969772704521958,0.9975463343610222,0.9972483149146572,0.9951588644688318,1.0,0.9974153342518012,0.9963663239295969
4,10,1.5830615975817697,0.581691951658524,3889,1.9391032003221058,0.5385802469135802,648,1.9355314314936678,0.5329,0.9976222463730606,0.08331688416065919,,,0.8999459926916203,,0.8999574718976232,0.1000425281023768,0.9964855965852347,0.09973888830551686,5,0.001,0.1,0.9829758899827438,0.9903576865836659,0.9929080098567195,0.9948898614962008,0.9963824844491702,0.9968804303362779,0.997452807229872,0.9970122433949343,0.9966988729013982,0.9974153342518012,1.0,0.9971717895185124
4,11,1.610211464537292,0.5829068847269849,3791,1.9469535648822784,0.5126582278481012,632,1.9355486974167748,0.5329,0.9973572534708336,0.08320978171440745,,,0.8796527983939415,,0.8796696339683552,0.12033036603164482,0.9964914300112179,0.09973836840600721,5,0.001,0.1,0.9827330442660673,0.990331031825136,0.9929935416515946,0.9945913231090522,0.9960079530587489,0.996615779293766,0.9969044046577918,0.9966440173614421,0.9966214071717611,0.9963663239295969,0.9971717895185124,1.0
5,0,1.201209798536412,0.6431214998782566,8214,1.8107230358345563,0.545653761869978,1369,1.8127223135183415,0.5549,0.9915116614909985,0.08264839829755594,,,0.95,,0.95001498149061,0.04998501850938997,0.9978214216658754,0.09973797219003067,5,0.001,0.1,1.0,0.995613454512938,0.9933512443699042,0.9919180092825958,0.9897062759990488,0.9883378478225666,0.9859935447059155,0.9868653994152777,0.9854498465154539,0.9830797774974415,0.9835489719051891,0.9832030793948602
5,1,1.2608253878297158,0.632035290538485,6574,1.8184477397373744,0.551094890510949,1096,1.812520032111829,0.555,0.9966460077643049,0.08324007321141237,,,0.95,,0.95001498149061,0.04998501850938997,0.9980276907675498,0.09973797219003067,5,0.001,0.1,0.995613454512938,1.0,0.9970926435562589,0.9961341242415562,0.995432551944771,0.9937599812472103,0.9928060710399393,0.9925875962340929,0.9923449850024526,0.9904592702893729,0.9911404757951321,0.9910578115507085
5,2,1.2958026424955926,0.6305377831575307,5783,1.8090042529567596,0.5798755186721992,964,1.8125014267028712,0.5553,0.9979790699475783,0.08343754550438677,,,0.95,,0.95001498149061,0.04998501850938997,0.9980337986116696,0.09973797219003067,5,0.001,0.1,0.9933512443699042,0.9970926435562589,1.0,0.9969209255780345,0.9966601303011187,0.9955427546787742,0.9952907611457802,0.9952225363613288,0.9942405909241266,0.9927359261673481,0.9936405866270861,0.9936416154743498
5,3,1.3383478290345296,0.6296198222054095,5287,1.799568887267794,0.5788876276958003,881,1.8124990718433271,0.5553,0.9984831576892026,0.08351305525368496,,,0.95,,0.95001498149061,0.04998501850938997,0.9980355867062849,0.09973797219003067,5,0.001,0.1,0.9919180092825958,0.9961341242415562,0.9969209255780345,1.0,0.9974379131582113,0.9964043475475028,0.9959129000622795,0.9957634849797095,0.9956865165682016,0.9947459289420224,0.9949084386044471,0.9945177704498822
5,4,1.370114723251712,0.6253698074974671,4935,1.8029697399873,0.5705596107055961,822,1.8124990718433271,0.5553,0.9987719906631961,0.08353044920340341,,,0.95,,0.95001498149061,0.04998501850938997,0.998035596858837,0.09973797219003067,5,0.001,0.1,0.9897062759990488,0.995432551944771,0.9966601303011187,0.9974379131582113,1.0,0.9971892903943239,0.9968315878925371,0.9963683737487953,0.9966469890598882,0.9950028310231028,0.9964904727203338,0.9960166683157337
5,5,1.3789889876156638,0.6229697878722948,4667,1.8156282377243043,0.5526992287917738,778,1.8124998952634037,0.5553,0.9986715097457656,0.0834989551068738,,,0.95,,0.95001498149061,0.04998501850938997,0.9980351316108309,0.09973797219003067,5,0.001,0.1,0.9883378478225666,0.9937599812472103,0.9955427546787742,0.9964043475475028,0.9971892903943239,1.0,0.997499513941589,0.9972306097692815,0.9970347502726318,0.9962346756303737,0.9968278308423212,0.996508443155423
5,6,1.3920551742826188,0.6165730967886818,4453,1.8165364066759746,0.5539083557951483,742,1.8125013630991926,0.5552,0.9983335244842143,0.08346122730543411,,,0.95,,0.95001498149061,0.04998501850938997,0.9980345989337677,0.09973797219003067,5,0.001,0.1,0.9859935447059155,0.9928060710399393,0.9952907611457802,0.9959129000622795,0.9968315878925371,0.997499513941589,1.0,0.9974918576152368,0.9961792133033637,0.9966376321510902,0.9971424368904193,0.9967195488975659
5,7,1.403269561635914,0.6202945990180033,4277,1.800021995668826,0.5596072931276297,713,1.8125050178351112,0.5553,0.9982365319954801,0.08343969800614687,,,0.95,,0.95001498149061,0.04998501850938997,0.9980337854510228,0.09973797219003067,5,0.001,0.1,0.9868653994152777,0.9925875962340929,0.9952225363613288,0.9957634849797095,0.9963683737487953,0.9972306097692815,0.9974918576152368,1.0,0.9962176159734868,0.9966537431616714,0.9965635145489186,0.9963905012684298
5,8,1.4345436791273263,0.6173891983531121,4129,1.8227275880900295,0.5218023255813954,688,1.8125137083065777,0.555,0.997807095245064,0.08334214213945786,,,0.95,,0.95001498149061,0.04998501850938997,0.9980329213219912,0.09973797219003067,5,0.001,0.1,0.9854498465154539,0.9923449850024526,0.9942405909241266,0.9956865165682016,0.9966469890598882,0.9970347502726318,0.9961792133033637,0.9962176159734868,1.0,0.9950344908146284,0.99670595207356,0.9966703602587195
5,9,1.4324551891712916,0.6073481629592602,4001,1.8145548502604167,0.5442278860569715,667,1.812518040593059,0.555,0.9970314480197079,0.0832989148101445,,,0.95,,0.95001498149061,0.04998501850938997,0.9980329878478632,0.09973797219003067,5,0.001,0.1,0.9830797774974415,0.9904592702893729,0.9927359261673481,0.9947459289420224,0.9950028310231028,0.9962346756303737,0.9966376321510902,0.9966537431616714,0.9950344908146284,1.0,0.9966011299558334,0.9957277462661097
5,10,1.4470839071469228,0.6078683466186681,3889,1.8177834522156489,0.5617283950617284,648,1.8125153182032772,0.555,0.9976405186642,0.08333183598035236,,,0.95,,0.95001498149061,0.04998501850938997,0.9980330450044749,0.09973797219003067,5,0.001,0.1,0.9835489719051891,0.9911404757951321,0.9936405866270861,0.9949084386044471,0.9964904727203338,0.9968278308423212,0.9971424368904193,0.9965635145489186,0.99670595207356,0.9966011299558334,1.0,0.9966305151328763
5,11,1.4722003304657816,0.6055394355051438,3791,1.8256567060947417,0.5316455696202531,632,1.8125346529598054,0.555,0.9973797460614353,0.08325770518114706,,,0.95,,0.95001498149061,0.04998501850938997,0.9980276606380922,0.09973797219003067,5,0.001,0.1,0.9832030793948602,0.9910578115507085,0.9936416154743498,0.9945177704498822,0.9960166683157337,0.996508443155423,0.9967195488975659,0.9963905012684298,0.9966703602587195,0.9957277462661097,0.9966305151328763,1.0
6,0,1.1299003932726521,0.6571219868517166,8214,1.6781435123709745,0.5704894083272462,1369,1.6803211499326907,0.5784,0.9913191029960229,0.08272335516015397,,,0.95,,0.95001498149061,0.04998501850938997,0.9985469761690582,0.09971979136042852,5,0.001,0.1,1.0,0.9948285255631387,0.9926603554156508,0.9914666517003166,0.989281068581026,0.9877585805667247,0.9849387480070116,0.986641683665147,0.9850331418732289,0.9839115837604976,0.9831923761509158,0.9828879988816946
6,1,1.1766469314839076,0.6477030727106784,6574,1.6878320353371756,0.5693430656934306,1096,1.680105304184813,0.5787,0.9963808689630098,0.08324984924614867,,,0.95,,0.95001498149061,0.04998501850938997,0.9985469761690582,0.09971979136042852,5,0.001,0.1,0.9948285255631387,1.0,0.996348930062241,0.9955502790253474,0.9946254853279222,0.9932360534427243,0.9918117677935596,0.9919979953435857,0.9921950819609038,0.9911278832948185,0.9907799376823905,0.9905881326463617
6,2,1.205061533174462,0.6501815666609027,5783,1.675204550066302,0.6006224066390041,964,1.6800868069401944,0.5787,0.9978531309691886,0.08341855621472771,,,0.95,,0.95001498149061,0.04998501850938997,0.9985469761690582,0.09971979136042852,5,0.001,0.1,0.9926603554156508,0.996348930062241,1.0,0.9965450106993867,0.995969817639021,0.9952462216920727,0.9944410211445242,0.9948813565783966,0.9942824678548149,0.9935235323626402,0.9934444260612753,0.9933243844191486
6,3,1.242424169146871,0.6454321921694723,5287,1.6639024785586767,0.6027241770715096,881,1.6800842247070216,0.5787,0.9982785178157503,0.08347862378215137,,,0.95,,0.95001498149061,0.04998501850938997,0.9985469761690582,0.09971979136042852,5,0.001,0.1,0.9914666517003166,0.9955502790253474,0.9965450106993867,1.0,0.9969420039063218,0.9958153717034673,0.9951688806037354,0.9952843929120394,0.9956570151477117,0.994917593456646,0.9944471962238107,0.9939455873073324
6,4,1.2672620302631008,0.6420668693009118,4935,1.6686049974881685,0.6009732360097324,822,1.6800842273730439,0.5787,0.9983830488756072,0.08349267181793639,,,0.95,,0.95001498149061,0.04998501850938997,0.9985469761690582,0.09971979136042852,5,0.001,0.1,0.989281068581026,0.9946254853279222,0.995969817639021,0.9969420039063218,1.0,0.996354284026236,0.995772724031797,0.9957478660260985,0.9959541781329652,0.9952787622765518,0.9957880356878652,0.9952564408272553
6,5,1.2751298897070427,0.6419970002142704,4667,1.6852108478546142,0.5732647814910026,778,1.680084958624916,0.5787,0.9983695930379003,0.08347291346483914,,,0.95,,0.95001498149061,0.04998501850938997,0.9985469761690582,0.09971979136042852,5,0.001,0.1,0.9877585805667247,0.9932360534427243,0.9952462216920727,0.9958153717034673,0.996354284026236,1.0,0.9963942668092151,0.9968617055426836,0.9963955157328066,0.9965423883609804,0.9963617509598031,0.9958327868465149
6,6,1.2855540653637478,0.6391196945879183,4453,1.6846709301074345,0.5768194070080862,742,1.6800865513828998,0.5787,0.9977839180332857,0.08343085154615797,,,0.95,,0.95001498149061,0.04998501850938997,0.9985469761690582,0.09971979136042852,5,0.001,0.1,0.9849387480070116,0.9918117677935596,0.9944410211445242,0.9951688806037354,0.995772724031797,0.9963942668092151,1.0,0.9968243630894186,0.9952878700113112,0.9967127433350732,0.9962779470400364,0.9961413310604448
6,7,1.2920194064503285,0.6431143324760346,4277,1.666369863178419,0.5792426367461431,713,1.6800906338249912,0.5787,0.9980673172391205,0.08342679367159618,,,0.95,,0.95001498149061,0.04998501850938997,0.9985469761690582,0.09971979136042852,5,0.001,0.1,0.986641683665147,0.9919979953435857,0.9948813565783966,0.9952843929120394,0.9957478660260985,0.9968617055426836,0.9968243630894186,1.0,0.9959378032820929,0.9969758004282225,0.9961179685605333,0.9959051712630935
6,8,1.3193063187140686,0.6357955921530637,4129,1.691270026293668,0.5479651162790697,688,1.680099354003565,0.5787,0.9977371587516348,0.08335627449828634,,,0.95,,0.95001498149061,0.04998501850938997,0.9985469761690582,0.09971979136042852,5,0.001,0.1,0.9850331418732289,0.9921950819609038,0.9942824678548149,0.9956570151477117,0.9959541781329652,0.9963955157328066,0.9952878700113112,0.9959378032820929,1.0,0.9958049762702013,0.9965694798641646,0.9961019708353007
6,9,1.3183371771186116,0.6298425393651587,4001,1.6822167918795632,0.5712143928035982,667,1.68010365772552,0.5787,0.9975870913029175,0.08332490537180812,,,0.95,,0.95001498149061,0.04998501850938997,0.9985469761690582,0.09971979136042852,5,0.001,0.1,0.9839115837604976,0.9911278832948185,0.9935235323626402,0.994917593456646,0.9952787622765518,0.9965423883609804,0.9967127433350732,0.9969758004282225,0.9958049762702013,1.0,0.996782428834661,0.9958379092751425
6,10,1.3320013526033183,0.6296734379017742,3889,1.6873656681605749,0.5833333333333334,648,1.6801008290757005,0.5787,0.997449670003997,0.08334066703757226,,,0.95,,0.95001498149061,0.04998501850938997,0.9985469761690582,0.09971979136042852,5,0.001,0.1,0.9831923761509158,0.9907799376823905,0.9934444260612753,0.9944471962238107,0.9957880356878652,0.9963617509598031,0.9962779470400364,0.9961179685605333,0.9965694798641646,0.996782428834661,1.0,0.9960041465402456
