round,client_id,client_i_training_loss,client_i_training_accuracy,client_i_training_dataset_size,client_i_evaluation_loss,client_i_evaluation_accuracy,client_i_evaluation_dataset_size,client_i_central_evaluation_loss,client_i_central_evaluation_accuracy,client_i_cosine_similarity,client_i_importance_coefficient,client_i_tanh_val,tanh_normalization_value,client_i_q,client_i_mask_order,client_i_v_nonzero_fraction,client_i_v_sparsity,client_i_v_cosine_similarity,client_i_reward_gradient_norm,local_epochs,learning_rate,gamma,client_0_cosine_similarity,client_1_cosine_similarity,client_2_cosine_similarity,client_3_cosine_similarity,client_4_cosine_similarity,client_5_cosine_similarity,client_6_cosine_similarity,client_7_cosine_similarity,client_8_cosine_similarity,client_9_cosine_similarity,client_10_cosine_similarity,client_11_cosine_similarity
0,0,0.2715187389726102,0.9147309471633795,8214,2.193094808001851,0.39006574141709277,1369,2.1964003917889094,0.3796,0.7936418170224627,0.08493335626064336,,,0.9880023036661432,,0.9880176697956929,0.011982330204307057,0,0.3904557150382334,5,0.1,0.5,1.0,0.5682538535240327,0.5554824709938252,0.5703720410947174,0.5664514033061261,0.5787454992543306,0.5418178840573632,0.5572081785500237,0.563395439627701,0.5191814377529779,0.5701696061740833,0.5526237922241771
0,1,0.31160105123338333,0.902464253118345,6574,2.1957688195364815,0.38594890510948904,1096,2.196400889954247,0.3796,0.7888675631171053,0.08442242878791542,,,0.9670847746110977,,0.9671000451784549,0.03289995482154506,0,0.39045515408086395,5,0.1,0.5,0.5682538535240327,1.0,0.5752676192049345,0.5785620477132136,0.5682163563227431,0.5763694855371075,0.564191426189212,0.5624097234843528,0.5728119258668716,0.5369751382666483,0.5648612002134135,0.5836770237953471
0,2,0.3345073801460187,0.8961784540895729,5783,2.201301113251717,0.3796680497925311,964,2.1964014681002584,0.3796,0.7902365235606098,0.08456893115530721,,,0.9730826269289403,,0.9730987400230912,0.026901259976908842,0,0.39045543344914435,5,0.1,0.5,0.5554824709938252,0.5752676192049345,1.0,0.5841372475507961,0.588380303977074,0.594010510646731,0.5752200879443321,0.5839231058554499,0.5817651070061899,0.5420411314636893,0.5771210417747834,0.5962476413056425
0,3,0.3290237395175598,0.8954416493285418,5287,2.1988243460655212,0.3677639046538025,881,2.196401466576817,0.3796,0.7901270688584106,0.08455721761524808,,,0.9726030709692339,,0.9726218563325134,0.027378143667486587,0,0.3904554154390982,5,0.1,0.5,0.5703720410947174,0.5785620477132136,0.5841372475507961,1.0,0.5823630661090085,0.5884822056165737,0.5776123516831998,0.5924265129570816,0.5922809282294014,0.5391786103987303,0.5877006062868169,0.5942803448536408
0,4,0.33288817519502295,0.892806484295846,4935,2.196807677929218,0.3759124087591241,822,2.1964014909518794,0.3794,0.7843797138476389,0.08394215154864686,,,0.9474220756114947,,0.9474323578133628,0.05256764218663723,0,0.3904531628108959,5,0.1,0.5,0.5664514033061261,0.5682163563227431,0.588380303977074,0.5823630661090085,1.0,0.5978866330101111,0.5650205152679364,0.5976894966250588,0.5798469494161154,0.5437000991366497,0.5814592829699029,0.5944359631534784
0,5,0.3545294934934745,0.891536318834369,4667,2.192036943435669,0.37017994858611825,778,2.1964001884094824,0.3796,0.7940977747650372,0.0849821515994968,,,0.9899999999590596,,0.9900005019828322,0.009999498017167818,0,0.39045572466499534,5,0.1,0.5,0.5787454992543306,0.5763694855371075,0.594010510646731,0.5884822056165737,0.5978866330101111,1.0,0.5906512014325483,0.6112827640129798,0.5891233707398335,0.5514602709902403,0.6111650242690432,0.5908646399566236
0,6,0.37339057364434536,0.8826409162362452,4453,2.1973850230375924,0.3706199460916442,742,2.196444977586643,0.3788,0.7642747759235036,0.08179057659545814,,,0.8593359303174479,,0.8593444104211636,0.1406555895788364,0,0.390390101839242,5,0.1,0.5,0.5418178840573632,0.564191426189212,0.5752200879443321,0.5776123516831998,0.5650205152679364,0.5906512014325483,1.0,0.5594810358789042,0.565966215237652,0.5336669307363704,0.5716653322536123,0.5760772136593331
0,7,0.3728797687787507,0.8823474397942483,4277,2.1935694839643394,0.40252454417952316,713,2.1963968665455096,0.3794,0.7777509400204049,0.08323275847362979,,,0.9183793033000143,,0.9183926509713368,0.08160734902866318,0,0.3904449685618315,5,0.1,0.5,0.5572081785500237,0.5624097234843528,0.5839231058554499,0.5924265129570816,0.5976894966250588,0.6112827640129798,0.5594810358789042,1.0,0.5927131618875465,0.5330654570571678,0.5939417752635254,0.5796182624998238
0,8,0.366158606420045,0.8866553644950351,4129,2.197422060099515,0.36627906976744184,688,2.196400074913098,0.3793,0.7774092837893684,0.08319619536699037,,,0.916882398384353,,0.9169017619597409,0.08309823804025906,0,0.39044429551175713,5,0.1,0.5,0.563395439627701,0.5728119258668716,0.5817651070061899,0.5922809282294014,0.5798469494161154,0.5891233707398335,0.565966215237652,0.5927131618875465,1.0,0.5419467832839754,0.5947016398753824,0.5960826357810134
0,9,0.42221557256314785,0.8720819795051237,4001,2.1988666284651983,0.383808095952024,667,2.19679705022623,0.3784,0.7279076607838524,0.07789866833145545,,,0.7,,0.7,0.30000000000000004,0,0.38961756743772,5,0.1,0.5,0.5191814377529779,0.5369751382666483,0.5420411314636893,0.5391786103987303,0.5437000991366497,0.5514602709902403,0.5336669307363704,0.5330654570571678,0.5419467832839754,1.0,0.5301830785237579,0.5571750536211115
0,10,0.39157122357397295,0.8784263306762664,3889,2.193967887333461,0.3888888888888889,648,2.1963984539714483,0.3794,0.776443658945198,0.08309285686195575,,,0.9126516879666384,,0.9126700466844034,0.08732995331559656,0,0.390442346865445,5,0.1,0.5,0.5701696061740833,0.5648612002134135,0.5771210417747834,0.5877006062868169,0.5814592829699029,0.6111650242690432,0.5716653322536123,0.5939417752635254,0.5947016398753824,0.5301830785237579,1.0,0.5974895902577552
0,11,0.40106103908301904,0.8726984964389343,3791,2.202673637866974,0.36075949367088606,632,2.1964002386830486,0.3794,0.7791521061370645,0.08338270740325282,,,0.9245182589435932,,0.9245319010089855,0.07546809899101448,0,0.3904474830450263,5,0.1,0.5,0.5526237922241771,0.5836770237953471,0.5962476413056425,0.5942803448536408,0.5944359631534784,0.5908646399566236,0.5760772136593331,0.5796182624998238,0.5960826357810134,0.5571750536211115,0.5974895902577552,1.0
1,0,0.2515510846842588,0.9222546871195519,8214,2.0334218574124714,0.733382030679328,1369,2.0395432897269155,0.7347,0.7881734503623194,0.08384577606075655,,,0.9344602880197398,,0.9344711610862908,0.0655288389137092,0.9561817137880615,0.4020109271270692,5,0.1,0.5,1.0,0.6017621249359645,0.6016063428092638,0.6133278962557652,0.6144597668626507,0.6151352263744081,0.6077517101635206,0.5966266421065282,0.5613895362408211,0.569897220915808,0.6086105041210998,0.6038750774259721
1,1,0.2793399080905376,0.9138728323699422,6574,2.039793314252581,0.739963503649635,1096,2.0395424461212404,0.7347,0.8010483813937342,0.08395634048354154,,,0.9397478076716054,,0.9397570403092215,0.06024295969077853,0.9561783593204686,0.4020125017054563,5,0.1,0.5,0.6017621249359645,1.0,0.613786754681703,0.6282837644287241,0.6286978284846677,0.622322089143118,0.6205271486982937,0.6185305342722984,0.5670521955187467,0.5851145928220522,0.621539845948617,0.6141390844131753
1,2,0.29575125561172955,0.9081445616462044,5783,2.0401055582108034,0.7427385892116183,964,2.0395493389318546,0.7347,0.8013977533665275,0.08406570434704375,,,0.944977913006631,,0.9449877014206114,0.05501229857938861,0.9561761044255683,0.4020137013479594,5,0.1,0.5,0.6016063428092638,0.613786754681703,1.0,0.6250396715670259,0.6268286338195104,0.6330276423919738,0.6146237545129525,0.6095789974581798,0.5634203295288092,0.5887855314837181,0.6272443430701811,0.6204843928121053
1,3,0.28711056783290423,0.9106865897484395,5287,2.042150173868452,0.7264472190692395,881,2.0395431876563417,0.7348,0.8209687309107687,0.0847411189930144,,,0.977278250889029,,0.9772953165001756,0.022704683499824352,0.9561813105483522,0.40201755024547664,5,0.1,0.5,0.6133278962557652,0.6282837644287241,0.6250396715670259,1.0,0.6385071176209381,0.6471397881977698,0.6325883996170933,0.637714396334742,0.5927679404351133,0.6179298089780494,0.6375475314533864,0.6440141776262672
1,4,0.2915258378727782,0.9081256332320162,4935,2.0422876523091245,0.7262773722627737,822,2.039546766981911,0.7348,0.8193707387648429,0.0842773924907453,,,0.9551014698587796,,0.9551227348024698,0.044877265197530214,0.956170273215538,0.4020155597768105,5,0.1,0.5,0.6144597668626507,0.6286978284846677,0.6268286338195104,0.6385071176209381,1.0,0.6386656745916207,0.6379749261875574,0.6359874709974931,0.588912947687506,0.6105537229523572,0.6390310947062329,0.6422209055369382
1,5,0.3056160185945361,0.9097493036211699,4667,2.034282965660095,0.7455012853470437,778,2.0395418904459897,0.7348,0.8205155168746445,0.0850071365087103,,,0.9899999999521769,,0.9900005019828322,0.009999498017167818,0.956182156283105,0.40201780448846675,5,0.1,0.5,0.6151352263744081,0.622322089143118,0.6330276423919738,0.6471397881977698,0.6386656745916207,1.0,0.6355481618615763,0.6402183734040078,0.5847159470435012,0.6047745047645487,0.6431829327094807,0.6430851218071808
1,6,0.3148142362060025,0.9044688973725579,4453,2.0422632743914924,0.7520215633423181,742,2.039645818475717,0.7344,0.8102970655478778,0.08253361233917463,,,0.8717087148683891,,0.8717233070628985,0.12827669293710153,0.9559494298964267,0.40196143025209513,5,0.1,0.5,0.6077517101635206,0.6205271486982937,0.6146237545129525,0.6325883996170933,0.6379749261875574,0.6355481618615763,1.0,0.6300695863866422,0.5755968042407595,0.607265861673687,0.6317915171813245,0.6302105446699192
1,7,0.32770037164272214,0.8974047229366379,4277,2.0374641262966655,0.7433380084151473,713,2.0395468423922605,0.735,0.8106766033736368,0.08350339124734371,,,0.9180864275697,,0.9181015009286683,0.08189849907133173,0.956154713437606,0.4020040419846312,5,0.1,0.5,0.5966266421065282,0.6185305342722984,0.6095789974581798,0.637714396334742,0.6359874709974931,0.6402183734040078,0.6300695863866422,1.0,0.5791123974357452,0.6026367028064047,0.6388302362960845,0.6317875161573205
1,8,0.37431962331264423,0.8918382174860741,4129,2.0414376800710503,0.7194767441860465,688,2.039650334336887,0.7344,0.7610373460232182,0.08174633352227223,,,0.8340586995107018,,0.834074594648863,0.16592540535113698,0.9558946111024862,0.4018875220373624,5,0.1,0.5,0.5613895362408211,0.5670521955187467,0.5634203295288092,0.5927679404351133,0.588912947687506,0.5847159470435012,0.5755968042407595,0.5791123974357452,1.0,0.5595875181698918,0.5852518161377284,0.5847225718934632
1,9,0.35309821460343793,0.8947763059235191,4001,2.045985221862793,0.719640179910045,667,2.0405436396217955,0.7301,0.7813870492443218,0.07894310559942598,,,0.7,,0.7,0.30000000000000004,0.9537883847252672,0.4011133082902336,5,0.1,0.5,0.569897220915808,0.5851145928220522,0.5887855314837181,0.6179298089780494,0.6105537229523572,0.6047745047645487,0.607265861673687,0.6026367028064047,0.5595875181698918,1.0,0.6059474581595844,0.6133343117395754
1,10,0.33811435875956153,0.9002828490614554,3889,2.0338694822220575,0.7361111111111112,648,2.0395497411203842,0.735,0.8164702072684207,0.08361284434685418,,,0.9233208004361382,,0.9233321620400582,0.07666783795994181,0.9561652048605589,0.40200659855717885,5,0.1,0.5,0.6086105041210998,0.621539845948617,0.6272443430701811,0.6375475314533864,0.6390310947062329,0.6431829327094807,0.6317915171813245,0.6388302362960845,0.5852518161377284,0.6059474581595844,1.0,0.6382653694615985
1,11,0.3453115229894008,0.8921656554998681,3791,2.048927277326584,0.7231012658227848,632,2.0395477934005544,0.7349,0.8153860937462052,0.08376724406111737,,,0.9307046541464462,,0.9307263691581747,0.06927363084182525,0.956163258583555,0.4020096876372923,5,0.1,0.5,0.6038750774259721,0.6141390844131753,0.6204843928121053,0.6440141776262672,0.6422209055369382,0.6430851218071808,0.6302105446699192,0.6317875161573205,0.5847225718934632,0.6133343117395754,0.6382653694615985,1.0
2,0,0.2286190944560713,0.930435841246652,8214,1.8481734991073608,0.8626734842951059,1369,1.8573162928937723,0.8617,0.7935005697150266,0.08400694847035847,,,0.940870212151398,,0.9408865016816425,0.05911349831835755,0.9628034390759779,0.39251925745471566,5,0.1,0.5,1.0,0.6143095303035914,0.6073920097064318,0.6237983247445161,0.6097477140691032,0.6252664361629304,0.6139229763002313,0.6175676888507668,0.4732940773890684,0.45712825350936204,0.6045988813735984,0.6146483970501235
2,1,0.25471947277145623,0.9226346212351688,6574,1.8571194887161255,0.8704379562043796,1096,1.857317344830059,0.8617,0.8068482841969703,0.08455073139189215,,,0.9565321264001045,,0.9565533858742031,0.04344661412579687,0.9628054384098743,0.39252296618990645,5,0.1,0.5,0.6143095303035914,1.0,0.618890917843099,0.6239275789641617,0.6316104713535156,0.6376428414267916,0.6269897800515222,0.6290789505624779,0.48376677676607877,0.4774862649996574,0.6132928434811794,0.6305725373210675
2,2,0.26656884455394764,0.9190385613003631,5783,1.8534229147818782,0.8661825726141079,964,1.8573211191561276,0.8617,0.801030228568648,0.08441907889754101,,,0.9527403006632086,,0.9527533758345464,0.047246624165453555,0.9628065008919988,0.3925222342910598,5,0.1,0.5,0.6073920097064318,0.618890917843099,1.0,0.6256339120306948,0.6245570464575263,0.6294356135139149,0.6272978987202639,0.6211892237183755,0.47373598514225984,0.4712233117459152,0.6088242795493365,0.6238848465324885
2,3,0.26320329907305356,0.9205598638169094,5287,1.860401715551104,0.8581157775255391,881,1.8573163309798073,0.8616,0.8125815784426681,0.08527740039123874,,,0.9774614846132329,,0.9774710104914411,0.02252898950855886,0.9628297277619521,0.3925250996487938,5,0.1,0.5,0.6237983247445161,0.6239275789641617,0.6256339120306948,1.0,0.6310413286593117,0.6316445582108573,0.6301227897045173,0.6357180210198087,0.48893082202286325,0.47979355272341817,0.619664828456475,0.6478964662082322
2,4,0.2650658866342518,0.9174062816616008,4935,1.8629199816630437,0.8503649635036497,822,1.857319207618031,0.8617,0.8127766305246961,0.08497412711891347,,,0.968726675561697,,0.9687415290397069,0.031258470960293105,0.9628235504325601,0.3925245093278311,5,0.1,0.5,0.6097477140691032,0.6316104713535156,0.6245570464575263,0.6310413286593117,1.0,0.6444862419004386,0.6348140705343572,0.6449443929401358,0.4817615984514268,0.4798455189893661,0.620699220336851,0.638274752660866
2,5,0.2785876183910933,0.9186629526462395,4667,1.8518011283874511,0.8727506426735219,778,1.8573114967193847,0.8616,0.8198948579617678,0.08571273865224424,,,0.9899999999711981,,0.9900005019828322,0.009999498017167818,0.9628322432374803,0.3925253970931748,5,0.1,0.5,0.6252664361629304,0.6376428414267916,0.6294356135139149,0.6316445582108573,0.6444862419004386,1.0,0.6439874273391469,0.6392927027150265,0.4915825422255526,0.4744675959418684,0.6388152286585463,0.6488001067687886
2,6,0.28105130051927907,0.9137210869077027,4453,1.8610247770945232,0.8679245283018868,742,1.8574484106831657,0.8614,0.8139682493982898,0.08384983630905625,,,0.9363451027735523,,0.9363586165353145,0.06364138346468551,0.9626422825378996,0.3925177957053024,5,0.1,0.5,0.6139229763002313,0.6269897800515222,0.6272978987202639,0.6301227897045173,0.6348140705343572,0.6439874273391469,1.0,0.6397111421771167,0.4848673925456639,0.48594980836089285,0.6330983366052328,0.6402380771309575
2,7,0.29322196879882867,0.9107318213701192,4277,1.856690992479739,0.8625525946704067,713,1.8573223367666665,0.8618,0.8146629369369575,0.08452287482747493,,,0.9557298078536973,,0.9557502133427037,0.044249786657296286,0.9627786083486313,0.39252280700515896,5,0.1,0.5,0.6175676888507668,0.6290789505624779,0.6211892237183755,0.6357180210198087,0.6449443929401358,0.6392927027150265,0.6397111421771167,1.0,0.4816502841870646,0.47685381745578553,0.6342915593019206,0.6423984531675797
2,8,0.3829987204172917,0.900314846209736,4129,1.8599677302620627,0.8546511627906976,688,1.857775399098381,0.8611,0.6599907131309546,0.07790331807934193,,,0.7650748129132471,,0.7650921138497063,0.23490788615029368,0.961814577447155,0.39209832965153557,5,0.1,0.5,0.4732940773890684,0.48376677676607877,0.47373598514225984,0.48893082202286325,0.4817615984514268,0.4915825422255526,0.4848673925456639,0.4816502841870646,1.0,0.3814119206324512,0.4938116394980666,0.48703637318071213
2,9,0.3859043039015627,0.8936265933516621,4001,1.8668557519004458,0.8515742128935532,667,1.8591337078295576,0.8598,0.6490642164178472,0.07564391534463821,,,0.7,,0.7,0.30000000000000004,0.9603867773611039,0.39155252426054615,5,0.1,0.5,0.45712825350936204,0.4774862649996574,0.4712233117459152,0.47979355272341817,0.4798455189893661,0.4744675959418684,0.48594980836089285,0.47685381745578553,0.3814119206324512,1.0,0.4740694911621781,0.48229350170050284
2,10,0.2963431996949872,0.9113396760092569,3889,1.8501715433029902,0.8719135802469136,648,1.857323075254885,0.8617,0.806264521884608,0.0843004537153423,,,0.9493236846611954,,0.9493298529190302,0.05067014708096984,0.9627899270334193,0.3925214973218423,5,0.1,0.5,0.6045988813735984,0.6132928434811794,0.6088242795493365,0.619664828456475,0.620699220336851,0.6388152286585463,0.6330983366052328,0.6342915593019206,0.4938116394980666,0.4740694911621781,1.0,0.642812564656322
2,11,0.309466477568817,0.9053547876549723,3791,1.8698987007141112,0.8370253164556962,632,1.8573239516145506,0.8618,0.8186185744386139,0.08483857680195821,,,0.96482258560876,,0.964831082776969,0.03516891722303095,0.9628107656573677,0.39252411668701426,5,0.1,0.5,0.6146483970501235,0.6305725373210675,0.6238848465324885,0.6478964662082322,0.638274752660866,0.6488001067687886,0.6402380771309575,0.6423984531675797,0.48703637318071213,0.48229350170050284,0.642812564656322,1.0
3,0,0.2126255700034941,0.9346481616751887,8214,1.6310234735178393,0.9116143170197224,1369,1.6429121711383612,0.9112,0.7954684806127624,0.08418630876311926,,,0.961254569807312,,0.9612720244967622,0.03872797550323781,0.9635162492497785,0.3930988780075745,5,0.1,0.5,1.0,0.6143748471575605,0.6039259533517557,0.6229853269332387,0.6119135015276149,0.6114858930913909,0.6075309977133448,0.6195434104718543,0.6183100261741257,0.3552712031485693,0.6077816936098145,0.6051624790697862
3,1,0.23262136629217495,0.9299969577121996,6574,1.6426596641540527,0.9187956204379562,1096,1.6429165057100046,0.9112,0.802742988454735,0.0848060679679021,,,0.9719915618655615,,0.9720044174489233,0.027995582551076703,0.9635145054102136,0.3930998255057972,5,0.1,0.5,0.6143748471575605,1.0,0.6103423105208841,0.6200310003827815,0.6171708725517082,0.620820105697301,0.6147005270577915,0.6200278286633975,0.6260771238568866,0.36760064973321366,0.6134328857753857,0.6206833173101112
3,2,0.24715380678210633,0.9249524468269065,5783,1.634308422765424,0.9221991701244814,964,1.6429189169368805,0.9112,0.7990058165616992,0.08458646518734306,,,0.9681870628074827,,0.9681993875809447,0.031800612419055296,0.9635128018741859,0.39309957461340683,5,0.1,0.5,0.6039259533517557,0.6103423105208841,1.0,0.6275021749827238,0.6193547756370733,0.6172065120799258,0.6077006922358248,0.6127753267674877,0.6179551382511517,0.36322462425085783,0.610519087509571,0.6193545041229662
3,3,0.23423365515050848,0.928995649706828,5287,1.646434451852526,0.9069239500567536,881,1.642916985974906,0.9112,0.8158048768678003,0.08575186481135909,,,0.9883769791672267,,0.9883891370915114,0.011610862908488562,0.9635207800986072,0.39310041551133845,5,0.1,0.5,0.6229853269332387,0.6200310003827815,0.6275021749827238,1.0,0.6363985831247636,0.6289504226161603,0.6279644744828231,0.633172480298677,0.6316368602225846,0.37478888090040774,0.6248313761958124,0.6363542233923244
3,4,0.23498599087519031,0.9299290780141845,4935,1.6512115368476281,0.9099756690997567,822,1.6429168492460404,0.9112,0.8118889029105067,0.0854111853869832,,,0.9824748929284033,,0.9824858189849908,0.017514181015009234,0.9635215529095824,0.39310028956993004,5,0.1,0.5,0.6119135015276149,0.6171708725517082,0.6193547756370733,0.6363985831247636,1.0,0.6270161691229843,0.6293427280126058,0.6332869279148953,0.6333284629057002,0.36750107347995403,0.623373644038118,0.6301565259386427
3,5,0.25096855339887614,0.9259910006428113,4667,1.637182822227478,0.9177377892030848,778,1.6429117293403552,0.9112,0.8101948588497291,0.08584554859956267,,,0.9899999999826756,,0.9900005019828322,0.009999498017167818,0.963519863006413,0.3931004315438178,5,0.1,0.5,0.6114858930913909,0.620820105697301,0.6172065120799258,0.6289504226161603,0.6270161691229843,1.0,0.6241436428520307,0.6282733805753867,0.6261335350921559,0.37265877400889724,0.6252250844913276,0.6279231733541231
3,6,0.2579939853113943,0.9219402649898945,4453,1.647369588414828,0.9150943396226415,742,1.6430599982746112,0.9111,0.807566245297552,0.08450708097699254,,,0.9668117744220805,,0.9668289744490739,0.0331710255509261,0.9635130351405197,0.39309945865437684,5,0.1,0.5,0.6075309977133448,0.6147005270577915,0.6077006922358248,0.6279644744828231,0.6293427280126058,0.6241436428520307,1.0,0.6272894440243538,0.6308600393324248,0.375589585946761,0.6210940313117718,0.6280832232069998
3,7,0.26703316969345253,0.920551788636895,4277,1.643318419871123,0.9130434782608695,713,1.6429211803899406,0.9111,0.8128454105432933,0.0851430506451308,,,0.9778296039652183,,0.9778424777872596,0.022157522212740366,0.9635196127151567,0.39310012887799994,5,0.1,0.5,0.6195434104718543,0.6200278286633975,0.6127753267674877,0.633172480298677,0.6332869279148953,0.6282733805753867,0.6272894440243538,1.0,0.6344612874488792,0.3683649993675205,0.6308237177034051,0.631904207467084
3,8,0.2613440378578287,0.9224025187696779,4129,1.6461316563866355,0.9098837209302325,688,1.6434901967977944,0.9106,0.8104314540556444,0.0806308141756992,,,0.8996575546219476,,0.8996686913307564,0.10033130866924356,0.9624336125847006,0.39306972921418715,5,0.1,0.5,0.6183100261741257,0.6260771238568866,0.6179551382511517,0.6316368602225846,0.6333284629057002,0.6261335350921559,0.6308600393324248,0.6344612874488792,1.0,0.36195482169025867,0.6317754698081294,0.6329982359248784
3,9,0.39691655200920883,0.8999250187453137,4001,1.655189485776992,0.8905547226386806,667,1.645942486513156,0.9101,0.5259641811089445,0.06910620778593164,,,0.7,,0.7,0.30000000000000004,0.9606148218964976,0.3920805626151064,5,0.1,0.5,0.3552712031485693,0.36760064973321366,0.36322462425085783,0.37478888090040774,0.36750107347995403,0.37265877400889724,0.375589585946761,0.3683649993675205,0.36195482169025867,1.0,0.35140714981676474,0.3618636869479437
3,10,0.2733877843215329,0.9196708665466701,3889,1.6352179561342512,0.9151234567901234,648,1.6429186884206706,0.9112,0.8052717946552068,0.08472769440107109,,,0.9706337823309499,,0.9706540836303399,0.029345916369660108,0.9635140325412171,0.3930997508530997,5,0.1,0.5,0.6077816936098145,0.6134328857753857,0.610519087509571,0.6248313761958124,0.623373644038118,0.6252250844913276,0.6210940313117718,0.6308237177034051,0.6317754698081294,0.35140714981676474,1.0,0.6282538285645773
3,11,0.2826988507030892,0.9127407016618306,3791,1.6585595428943634,0.8924050632911392,632,1.6429257564270459,0.9112,0.8112407387270949,0.0852977112989051,,,0.9805090159021176,,0.9805280859394608,0.019471914060539164,0.9635206948781424,0.39310023592418997,5,0.1,0.5,0.6051624790697862,0.6206833173101112,0.6193545041229662,0.6363542233923244,0.6301565259386427,0.6279231733541231,0.6280832232069998,0.631904207467084,0.6329982359248784,0.3618636869479437,0.6282538285645773,1.0
4,0,0.20009280891404108,0.9391283175066959,8214,1.383590204771175,0.929145361577794,1369,1.39750474710434,0.9323,0.7877834040378706,0.08358143651758553,,,0.9455575371498779,,0.9455800411625922,0.0544199588374078,0.968702810565523,0.39856608978981034,5,0.1,0.5,1.0,0.5914037012742501,0.6006980403060229,0.6077309670766023,0.587806723890304,0.5928948581184588,0.5948471342717377,0.5911358847829898,0.6002864478130894,0.5816103262081027,0.5933366471275597,0.5878214576906953
4,1,0.21592425198895512,0.9366899908731366,6574,1.3960961648396084,0.9406934306569343,1096,1.397515039855299,0.9324,0.7924061940437364,0.08415554659907658,,,0.9593030987943754,,0.9593142914512324,0.04068570854876763,0.9687063600264144,0.3985688144128665,5,0.1,0.5,0.5914037012742501,1.0,0.5990061450320086,0.6091487589921931,0.5920327820248363,0.6022509679989648,0.5965052930158576,0.5975292264009529,0.6059105199206125,0.5842173760811692,0.5919086974093045,0.6006243865760689
4,2,0.22891228004713743,0.9334255576690299,5783,1.3834260086859427,0.9398340248962656,964,1.3975160080023086,0.9323,0.7971966501337137,0.08417718321646601,,,0.9598211309064966,,0.9598263139400632,0.040173686059936764,0.9687070074851875,0.39856888587323025,5,0.1,0.5,0.6006980403060229,0.5990061450320086,1.0,0.6160851816419746,0.5976005371951697,0.6081881501175702,0.6022580637792182,0.600159859468873,0.6015941192290448,0.5955252165048298,0.5948020488203524,0.6024480160680049
4,3,0.21779391559076508,0.9341025156043125,5287,1.4021931546075004,0.9228149829738933,881,1.3975128445762415,0.9324,0.8110569208301934,0.08543766230265666,,,0.9899999999760576,,0.9900005019828322,0.009999498017167818,0.968708112587689,0.39857070628570684,5,0.1,0.5,0.6077309670766023,0.6091487589921931,0.6160851816419746,1.0,0.6081336376490408,0.613936369128514,0.6136385685185666,0.6117592974396012,0.625504849462184,0.6121306689325986,0.6081207302773302,0.621235869139447
4,4,0.21922117138822234,0.9340222897669707,4935,1.4083867852504437,0.9294403892944039,822,1.397510312997495,0.9324,0.7930533893960002,0.08458072931714433,,,0.9694829849343236,,0.9694894834596657,0.03051051654033432,0.9687073366437174,0.3985699381981976,5,0.1,0.5,0.587806723890304,0.5920327820248363,0.5976005371951697,0.6081336376490408,1.0,0.5961179089048918,0.602240592537556,0.5954282914728573,0.6071979906820735,0.591896999098957,0.5873511826723931,0.6094186519109933
4,5,0.2329750848079279,0.930876365973859,4667,1.3903662586212158,0.9357326478149101,778,1.3975061562876352,0.9324,0.8000907476482904,0.085116049293314,,,0.9822998191429488,,0.9823101249937252,0.017689875006274836,0.9687068028979768,0.3985705970966096,5,0.1,0.5,0.5928948581184588,0.6022509679989648,0.6081881501175702,0.613936369128514,0.5961179089048918,1.0,0.6070593866089992,0.6040072994725849,0.6045561047803947,0.5939637119953579,0.6024441455938294,0.6141080807556872
4,6,0.23948493430524,0.9283629014147765,4453,1.402325913310051,0.9380053908355795,742,1.397658823397213,0.9325,0.7997670627164707,0.08421436833369961,,,0.9607114311079228,,0.9607298830380001,0.03927011696199989,0.9687067899114419,0.398569017457826,5,0.1,0.5,0.5948471342717377,0.5965052930158576,0.6022580637792182,0.6136385685185666,0.602240592537556,0.6070593866089992,1.0,0.6034624191579919,0.6146884062747897,0.5967323068061479,0.6062807366045987,0.6059958978432606
4,7,0.23902734361533354,0.9288286181903204,4277,1.399056491644486,0.94109396914446,713,1.397510747178294,0.9326,0.7972886025953791,0.0845506431327948,,,0.9687626500805092,,0.9687716480096381,0.03122835199036189,0.9687076615457542,0.39856988628351936,5,0.1,0.5,0.5911358847829898,0.5975292264009529,0.600159859468873,0.6117592974396012,0.5954282914728573,0.6040072994725849,0.6034624191579919,1.0,0.6104812842343311,0.5913021404427147,0.6047129729444075,0.6063186520966487
4,8,0.23604397629673504,0.9295713247759748,4129,1.40187499739907,0.9302325581395349,688,1.3982142301413198,0.9319,0.8036982105965166,0.08177350743777051,,,0.9022714123862523,,0.9022890417147733,0.09771095828522669,0.9686115683695464,0.3985407801980548,5,0.1,0.5,0.6002864478130894,0.6059105199206125,0.6015941192290448,0.625504849462184,0.6071979906820735,0.6045561047803947,0.6146884062747897,0.6104812842343311,1.0,0.5982981544585849,0.6110498926634141,0.618796942225412
4,9,0.2533021001825257,0.9245688577855536,4001,1.4134556282134283,0.9115442278860569,667,1.4021124154234086,0.9313,0.7813594708567378,0.07332524900703058,,,0.7,,0.7,0.30000000000000004,0.96605106412888,0.39747936303839776,5,0.1,0.5,0.5816103262081027,0.5842173760811692,0.5955252165048298,0.6121306689325986,0.591896999098957,0.5939637119953579,0.5967323068061479,0.5913021404427147,0.5982981544585849,1.0,0.5997301860590506,0.5979309654450972
4,10,0.25401328289728675,0.9259449730007714,3889,1.3901477938606626,0.9398148148148148,648,1.397509401217817,0.9326,0.7959515859569304,0.08422753853269092,,,0.9610267570148208,,0.961046132222278,0.03895386777772203,0.9687050154121508,0.3985690711977601,5,0.1,0.5,0.5933366471275597,0.5919086974093045,0.5948020488203524,0.6081207302773302,0.5873511826723931,0.6024441455938294,0.6062807366045987,0.6047129729444075,0.6110498926634141,0.5997301860590506,1.0,0.607638800927419
4,11,0.25939696396411466,0.9210234766552361,3791,1.415558749437332,0.9224683544303798,632,1.3975175737192074,0.9325,0.8031886263944481,0.0848600863097705,,,0.9761714561644257,,0.9761859344410421,0.02381406555895793,0.96870670051861,0.39857039294171387,5,0.1,0.5,0.5878214576906953,0.6006243865760689,0.6024480160680049,0.621235869139447,0.6094186519109933,0.6141080807556872,0.6059958978432606,0.6063186520966487,0.618796942225412,0.5979309654450972,0.607638800927419,1.0
5,0,0.18690559375371624,0.9425614803993182,8214,1.1422295209973357,0.9386413440467495,1369,1.1586460267392973,0.9427,0.7727064700815184,0.08352466685084778,,,0.9266343473259262,,0.9266552883891371,0.07334471161086287,0.9669432602019332,0.3861619723113633,5,0.1,0.5,1.0,0.5715547256172941,0.576709335463991,0.583866041808163,0.5738901947904335,0.5807175910670764,0.5566691306876204,0.5693625348909495,0.4542502673403098,0.5589679112921865,0.5683252982974306,0.5620958887270712
5,1,0.20027457629194828,0.9400060845756009,6574,1.1551519462040492,0.948905109489051,1096,1.1586300073721159,0.9426,0.7819946451533791,0.08423922101861679,,,0.950488094044389,,0.9505044927463481,0.04949550725365193,0.9669781834913432,0.3861709506427082,5,0.1,0.5,0.5715547256172941,1.0,0.5751500050781412,0.5865482872100867,0.581066244251034,0.5891424575626459,0.5820970643025517,0.5807178671932333,0.45628980461600244,0.5695437119589593,0.5723973169862019,0.5752830230785005
5,2,0.21420482197231022,0.9362614559916999,5783,1.1394285117426226,0.946058091286307,964,1.1586322799658242,0.9426,0.7799827272359754,0.0841825831168158,,,0.9485973680152564,,0.9486120174690026,0.05138798253099741,0.9669762780807167,0.38617054867060024,5,0.1,0.5,0.576709335463991,0.5751500050781412,1.0,0.5900627685500495,0.5880668390600867,0.5828196080354875,0.5725075202823497,0.5696423556951571,0.4463356801258433,0.5718999597616685,0.5730997651885723,0.5750229646032892
5,3,0.19965711847811668,0.9404955551352374,5287,1.1651983644281114,0.9318955732122588,881,1.1586284355614513,0.9427,0.791088016830165,0.08542282531300517,,,0.9899999999666174,,0.9900005019828322,0.009999498017167818,0.9669953138282196,0.3861744587866544,5,0.1,0.5,0.583866041808163,0.5865482872100867,0.5900627685500495,1.0,0.5933192804770198,0.5908518952815902,0.5800377796948282,0.5876121577972122,0.4528101235501209,0.5906030595957144,0.5764768729834729,0.5872348886934233
5,4,0.20044274011326413,0.9412765957446808,4935,1.1722478729027968,0.9379562043795621,822,1.1586224332023352,0.9427,0.7920409086974574,0.08488048335246291,,,0.9718951615301399,,0.9719090407108076,0.028090959289192363,0.9669896971918575,0.38617387472119746,5,0.1,0.5,0.5738901947904335,0.581066244251034,0.5880668390600867,0.5933192804770198,1.0,0.596091963310447,0.5875384298048542,0.5905122074186615,0.4576141632664446,0.5915147907580506,0.5846462181878315,0.5881417797132236
5,5,0.21260305880122396,0.9371330619241482,4667,1.1500905418395997,0.9485861182519281,778,1.1586222694323847,0.9427,0.7936755727881142,0.08529817655679141,,,0.9858388880543071,,0.9858541237889664,0.014145876211033581,0.966994534622362,0.38617440595521174,5,0.1,0.5,0.5807175910670764,0.5891424575626459,0.5828196080354875,0.5908518952815902,0.596091963310447,1.0,0.583900511484462,0.5934668565872995,0.45159981891843165,0.5900212609369506,0.5957765434351237,0.5901322016978682
5,6,0.2280057768563607,0.9303840107792499,4453,1.1640537281831105,0.954177897574124,742,1.1587624496545275,0.9427,0.7801712818222907,0.0842142512120632,,,0.9496545345075411,,0.9496661814165955,0.050333818583404466,0.9669779640897029,0.3861707936598886,5,0.1,0.5,0.5566691306876204,0.5820970643025517,0.5725075202823497,0.5800377796948282,0.5875384298048542,0.583900511484462,1.0,0.5774730651825717,0.4501161825529758,0.5769108536993213,0.5783149164768274,0.5779851415977637
5,7,0.22282323957796193,0.934860883797054,4277,1.1608000890068386,0.9481065918653576,713,1.1586179085813773,0.9427,0.7854276960946075,0.08462627970759017,,,0.9634091577627323,,0.9634205110185232,0.03657948898147678,0.9669890826673583,0.3861730920689122,5,0.1,0.5,0.5693625348909495,0.5807178671932333,0.5696423556951571,0.5876121577972122,0.5905122074186615,0.5934668565872995,0.5774730651825717,1.0,0.4510920992533049,0.5761822443684869,0.5874654032505587,0.5862812000488992
5,8,0.28287554400579,0.9253572293533543,4129,1.1656101237643848,0.938953488372093,688,1.160175435459271,0.9427,0.6430852543981573,0.07772325889647178,,,0.7329676916737333,,0.7329802720746951,0.26701972792530493,0.9651574922922448,0.38541933917806587,5,0.1,0.5,0.4542502673403098,0.45628980461600244,0.4463356801258433,0.4528101235501209,0.4576141632664446,0.45159981891843165,0.4501161825529758,0.4510920992533049,1.0,0.44702835824916026,0.44975150348556,0.4529592995131418
5,9,0.23124906438521095,0.9315171207198201,4001,1.1780831813812256,0.9250374812593704,667,1.1646621851875378,0.9414,0.7756893884991363,0.07673569070581279,,,0.7,,0.7,0.30000000000000004,0.9641584582767574,0.3850820797231041,5,0.1,0.5,0.5589679112921865,0.5695437119589593,0.5718999597616685,0.5906030595957144,0.5915147907580506,0.5900212609369506,0.5769108536993213,0.5761822443684869,0.44702835824916026,1.0,0.5827157946058784,0.5814251677890854
5,10,0.22528220527179418,0.9319619439444587,3889,1.1521361413456144,0.9475308641975309,648,1.1586157757634172,0.9427,0.7835487346612592,0.0843426006066463,,,0.953939183716729,,0.9539480949751519,0.04605190502484813,0.9669803612107117,0.38617167507148653,5,0.1,0.5,0.5683252982974306,0.5723973169862019,0.5730997651885723,0.5764768729834729,0.5846462181878315,0.5957765434351237,0.5783149164768274,0.5874654032505587,0.44975150348556,0.5827157946058784,1.0,0.5861461735759562
5,11,0.23466355892821772,0.9281456080189924,3791,1.1787285327911377,0.9382911392405063,632,1.1586316751595884,0.9426,0.7847399184456223,0.08480996266287599,,,0.9695409905747456,,0.96955474122785,0.030445258772149986,0.9669897852545105,0.3861737129422512,5,0.1,0.5,0.5620958887270712,0.5752830230785005,0.5750229646032892,0.5872348886934233,0.5881417797132236,0.5901322016978682,0.5779851415977637,0.5862812000488992,0.4529592995131418,0.5814251677890854,0.5861461735759562,1.0
6,0,0.17395665230689722,0.9466764061358656,8214,0.9020852654479271,0.9459459459459459,1369,0.9187752985344908,0.9489,0.7629777572312584,0.08313292100873107,,,0.9072309238973231,,0.9072486320967823,0.0927513679032177,0.9652667741512501,0.386101333488691,5,0.1,0.5,1.0,0.5525779263021351,0.5533086119982785,0.5555770173593928,0.5538426733903851,0.5556283090853833,0.5540172877107942,0.5535348974255532,0.5598904060398981,0.549379308908458,0.5426841281501663,0.5394886042368876
6,1,0.1908507550227935,0.9431396410100396,6574,0.9130491427012852,0.9507299270072993,1096,0.9187313144961105,0.9488,0.7682239392604612,0.08379880298225785,,,0.9401166009739362,,0.9401385472616837,0.059861452738316334,0.9653545389914412,0.38612170969004744,5,0.1,0.5,0.5525779263021351,1.0,0.5579775626137271,0.5567200084656624,0.5592782252239467,0.5617440709975724,0.5550302456211342,0.5567172940593362,0.5608805601170842,0.553437247122625,0.5468229739058835,0.553236104098842
6,2,0.2005225594284126,0.9396161162026629,5783,0.8957683886251142,0.9512448132780082,964,0.9187290076249705,0.9488,0.7717916800028229,0.08388694784240681,,,0.9444697799486866,,0.9444756789317805,0.05552432106821947,0.9653496536739096,0.3861231455597304,5,0.1,0.5,0.5533086119982785,0.5579775626137271,1.0,0.5646311941961016,0.5707671588130425,0.5672005056122367,0.5625411822693348,0.5521781222697411,0.5622301326522284,0.5585190417762201,0.5445504047389736,0.5538402976795728
6,3,0.19372835566951746,0.9399281255910724,5287,0.9274645852191108,0.9387060158910329,881,0.9187182526999769,0.9488,0.7735320657301374,0.08478215017497491,,,0.9886808203394374,,0.9886953466191456,0.011304653380854401,0.9653864406750855,0.3861281880768783,5,0.1,0.5,0.5555770173593928,0.5567200084656624,0.5646311941961016,1.0,0.5618314253146585,0.560156816568254,0.5571292010808764,0.5575104507683406,0.5697894225711008,0.5669039636298399,0.5500939568576022,0.5583893882643457
6,4,0.18869362611804277,0.9436676798378926,4935,0.9340996581774491,0.9452554744525548,822,0.9187120498178866,0.9488,0.7812634822929433,0.0846911235408998,,,0.9841853202169302,,0.9841975804427489,0.015802419557251146,0.9653843020223786,0.3861281334663769,5,0.1,0.5,0.5538426733903851,0.5592782252239467,0.5707671588130425,0.5618314253146585,1.0,0.5686558857104915,0.5698027798669508,0.5735144849669925,0.5790733911593041,0.5772732655902841,0.5536755087140635,0.5661140053393581
6,5,0.20143692591929271,0.9412041997000214,4667,0.9084373903274536,0.9537275064267352,778,0.9187122829044208,0.9488,0.7766554483741097,0.08480886143656395,,,0.9899999999506133,,0.9900005019828322,0.009999498017167818,0.9653863738541126,0.3861281960760645,5,0.1,0.5,0.5556283090853833,0.5617440709975724,0.5672005056122367,0.560156816568254,0.5686558857104915,1.0,0.5672507190921705,0.5619835501763341,0.5604861426751491,0.5657426712447468,0.5600769172527754,0.558190194017949
6,6,0.20158915494236032,0.9392319784415001,4453,0.9228229224681854,0.9595687331536388,742,0.9188449874091834,0.9489,0.7756175558689633,0.08404357983870725,,,0.9522053088486806,,0.9522212740324281,0.04777872596757193,0.9653573311402651,0.3861252057958364,5,0.1,0.5,0.5540172877107942,0.5550302456211342,0.5625411822693348,0.5571292010808764,0.5698027798669508,0.5672507190921705,1.0,0.5585243099502447,0.571265748141308,0.5735040159253755,0.558503759443912,0.5571669331145372
6,7,0.20215119995357497,0.9401917231704465,4277,0.9211511689683666,0.9565217391304348,713,0.9187121511267397,0.9489,0.7726467426908474,0.0842154293468882,,,0.9606923796157134,,0.9607098037247126,0.0392901962752874,0.9653764751717795,0.3861266639451476,5,0.1,0.5,0.5535348974255532,0.5567172940593362,0.5521781222697411,0.5575104507683406,0.5735144849669925,0.5619835501763341,0.5585243099502447,1.0,0.5648807914369853,0.5641467907734025,0.5597325989836309,0.5513509156230916
6,8,0.20053082675386508,0.9392104625817389,4129,0.9276241849769246,0.9476744186046512,688,0.9210074414460423,0.9487,0.7768500981362213,0.07972423752516171,,,0.7388874805340245,,0.7388986496661815,0.26110135033381854,0.9633182895828571,0.38539789320705187,5,0.1,0.5,0.5598904060398981,0.5608805601170842,0.5622301326522284,0.5697894225711008,0.5790733911593041,0.5604861426751491,0.571265748141308,0.5648807914369853,1.0,0.5734182819248328,0.5591865810693806,0.5677465851751172
6,9,0.20693329447248188,0.9394651337165708,4001,0.9409134501502627,0.9370314842578711,667,0.9257383180883365,0.9478,0.7733559419356374,0.07893682870206968,,,0.7,,0.7,0.30000000000000004,0.9625836276753754,0.38498665203913285,5,0.1,0.5,0.549379308908458,0.553437247122625,0.5585190417762201,0.5669039636298399,0.5772732655902841,0.5657426712447468,0.5735040159253755,0.5641467907734025,0.5734182819248328,1.0,0.558166236785449,0.561271464361619
6,10,0.2146455457624903,0.9370017999485729,3889,0.9120078200385684,0.9567901234567902,648,0.91871907212102,0.9489,0.7653025861346817,0.08376494266853732,,,0.9384443536583518,,0.9384569047738567,0.06154309522614332,0.9653602259922367,0.38612098808316814,5,0.1,0.5,0.5426841281501663,0.5468229739058835,0.5445504047389736,0.5500939568576022,0.5536755087140635,0.5600769172527754,0.558503759443912,0.5597325989836309,0.5591865810693806,0.558166236785449,1.0,0.5539281887604527
