round,client_id,client_i_training_loss,client_i_training_accuracy,client_i_training_dataset_size,client_i_evaluation_loss,client_i_evaluation_accuracy,client_i_evaluation_dataset_size,client_i_central_evaluation_loss,client_i_central_evaluation_accuracy,client_i_cosine_similarity,client_i_importance_coefficient,client_i_tanh_val,tanh_normalization_value,client_i_q,client_i_mask_order,client_i_v_nonzero_fraction,client_i_v_sparsity,client_i_v_cosine_similarity,client_i_reward_gradient_norm,local_epochs,learning_rate,gamma,client_0_cosine_similarity,client_1_cosine_similarity,client_2_cosine_similarity,client_3_cosine_similarity,client_4_cosine_similarity,client_5_cosine_similarity,client_6_cosine_similarity,client_7_cosine_similarity,client_8_cosine_similarity,client_9_cosine_similarity,client_10_cosine_similarity,client_11_cosine_similarity
0,0,2.0975740149791138,0.47272948624299976,8214,2.2624059610588607,0.28195763330898466,1369,2.2597195751750814,0.2913,0.9680693870867328,0.08164390991842184,,,0.55,,0.5500188476817351,0.44998115231826485,0,0.09848398256659224,5,0.001,0.1,1.0,0.9878918830085622,0.9708673716485985,0.9621226318299804,0.9551566225608462,0.947265417995961,0.9464277036730641,0.9377753216301393,0.9302450428240093,0.9209481345290548,0.9227424319774274,0.9140577168585293
0,1,2.1680484683768264,0.4351080012169151,6574,2.262500510896955,0.2782846715328467,1096,2.259552284551505,0.2908,0.9894346325062763,0.0834457871347519,,,0.8671719310672019,,0.8671770038951876,0.1328229961048124,0,0.09872779185201612,5,0.001,0.1,0.9878918830085622,1.0,0.9884520727015433,0.9849331329948922,0.9798818169752156,0.9724932691217635,0.9742979794378216,0.9702997172943383,0.9633203822483664,0.9565048593967593,0.9583196272770261,0.951803652398963
0,2,2.1926270204354386,0.430434030779872,5783,2.2582939747841126,0.3029045643153527,964,2.2595495225522466,0.2907,0.9950203762589375,0.08391687109407639,,,0.9500935684127529,,0.9501164690076453,0.04988353099235465,0,0.09873387703039908,5,0.001,0.1,0.9708673716485985,0.9884520727015433,1.0,0.9922173176417287,0.991586010354633,0.9867473043636789,0.9777677678969255,0.9836265884048031,0.9743858147251858,0.9753291891468255,0.9749353099738898,0.9673688088196414
0,3,2.2076983348432795,0.40253451863060336,5287,2.256067063127245,0.3030646992054484,881,2.259549318411099,0.2907,0.9951301668427105,0.0839261304846232,,,0.9517234346176324,,0.9517451020191183,0.04825489798088167,0,0.09873400594197158,5,0.001,0.1,0.9621226318299804,0.9849331329948922,0.9922173176417287,1.0,0.9914640836416254,0.9877729431074371,0.9821442980923769,0.985690294872264,0.9825013893307752,0.9755359765383923,0.9794407549838704,0.972899992564204
0,4,2.217889534119637,0.41454913880445793,4935,2.254895173586332,0.3102189781021898,822,2.2595491180785547,0.2907,0.9956876904743552,0.08397315026416234,,,0.959999999823977,,0.9600139182880506,0.039986081711949395,0,0.09873414868087554,5,0.001,0.1,0.9551566225608462,0.9798818169752156,0.991586010354633,0.9914640836416254,1.0,0.9921499981460606,0.9816257113089062,0.9873883549343078,0.9866512996837261,0.9810706345744717,0.9862869915274061,0.9831412116251018
0,5,2.2246339683663354,0.3646453824726805,4667,2.257679624557495,0.30205655526992287,778,2.2595495804430197,0.2907,0.9935018628711758,0.08378880447830062,,,0.9275508915517992,,0.9275717420090662,0.07242825799093378,0,0.09873305835492477,5,0.001,0.1,0.947265417995961,0.9724932691217635,0.9867473043636789,0.9877729431074371,0.9921499981460606,1.0,0.9839393267655843,0.9897864390200096,0.9854225101052043,0.9883671857440122,0.9865307994901522,0.9799428284093613
0,6,2.2274204778671263,0.3993712104199416,4453,2.260476380586624,0.27628032345013476,742,2.2595518526558678,0.2908,0.9900069735418386,0.08349405656726716,,,0.875668464007202,,0.8756971225872551,0.12430287741274493,0,0.09872935491932378,5,0.001,0.1,0.9464277036730641,0.9742979794378216,0.9777677678969255,0.9821442980923769,0.9816257113089062,0.9839393267655843,1.0,0.9863171707759907,0.9837144228406964,0.9793945734537591,0.9858733162695987,0.9760879893654139
0,7,2.231244305710294,0.36441430909516015,4277,2.2621497485948647,0.2847124824684432,713,2.2595509759153423,0.2908,0.9916351370541339,0.08363137072770178,,,0.8998389219236549,,0.8998559843805879,0.10014401561941211,0,0.09873108737573746,5,0.001,0.1,0.9377753216301393,0.9702997172943383,0.9836265884048031,0.985690294872264,0.9873883549343078,0.9897864390200096,0.9863171707759907,1.0,0.9857842435322991,0.9894851911986579,0.9887513341507713,0.9834076798167168
0,8,2.237252708581778,0.3738435456527004,4129,2.2594803788445215,0.2558139534883721,688,2.259554843171336,0.2908,0.9876183003709207,0.08329260342786166,,,0.8402080671134936,,0.840224819013928,0.15977518098607202,0,0.09872415228177821,5,0.001,0.1,0.9302450428240093,0.9633203822483664,0.9743858147251858,0.9825013893307752,0.9866512996837261,0.9854225101052043,0.9837144228406964,0.9857842435322991,1.0,0.9766941227108042,0.9895839588679768,0.9901900656341628
0,9,2.2370027458856976,0.3791552111972007,4001,2.259983812059675,0.2938530734632684,667,2.259562382682825,0.2907,0.9833815729284487,0.08293529123694213,,,0.7773128839341307,,0.7773218894076028,0.22267811059239717,0,0.0987075766506559,5,0.001,0.1,0.9209481345290548,0.9565048593967593,0.9753291891468255,0.9755359765383923,0.9810706345744717,0.9883671857440122,0.9793945734537591,0.9894851911986579,0.9766941227108042,1.0,0.9843510705018783,0.9749153144549997
0,10,2.2414347167874946,0.36878374903574185,3889,2.2553028719765797,0.30401234567901236,648,2.259554147720337,0.2908,0.9867456239943309,0.08321900466270223,,,0.8272529876784351,,0.8272682460057413,0.17273175399425866,0,0.09872252245883174,5,0.001,0.1,0.9227424319774274,0.9583196272770261,0.9749353099738898,0.9794407549838704,0.9862869915274061,0.9865307994901522,0.9858733162695987,0.9887513341507713,0.9895839588679768,0.9843510705018783,1.0,0.9907159075856256
0,11,2.24562855488112,0.38190451068319703,3791,2.257210206985474,0.3022151898734177,632,2.259572439681227,0.291,0.9809831994370183,0.08273302000318856,,,0.741708483574583,,0.7417191018838016,0.25828089811619837,0,0.09869364679853126,5,0.001,0.1,0.9140577168585293,0.951803652398963,0.9673688088196414,0.972899992564204,0.9831412116251018,0.9799428284093613,0.9760879893654139,0.9834076798167168,0.9901900656341628,0.9749153144549997,0.9907159075856256,1.0
1,0,1.8824510259850944,0.5594838081324568,8214,2.2107600389524946,0.4178232286340394,1369,2.207869677497937,0.4263,0.9776416600308252,0.081770499492802,,,0.55,,0.5500188476817351,0.44998115231826485,0.967808919597111,0.09907641811228245,5,0.001,0.1,1.0,0.9934138508025268,0.98630078415408,0.9810039840792157,0.9737549554035791,0.9711322336206047,0.9676608742154175,0.9639922637246343,0.9589868563010596,0.9569272618650021,0.9558876401846387,0.9513837193130559
1,1,1.9966702464714792,0.5170976574383936,6574,2.209314925330026,0.4005474452554745,1096,2.207312776638677,0.4242,0.9919511334402904,0.08334019309150609,,,0.8577010429797417,,0.8577193338552691,0.1422806661447309,0.9696246802876568,0.09938342707530494,5,0.001,0.1,0.9934138508025268,1.0,0.9957300407991132,0.99391063500997,0.9890961594304845,0.9858150130695559,0.9852348223131474,0.9825220281924351,0.9784600416904254,0.9764459021749622,0.9768065937380017,0.9733691922990092
1,2,2.0457353875123334,0.5133667646550233,5783,2.2066859122245543,0.42531120331950206,964,2.207300812291642,0.4241,0.9963582188917046,0.08377210997608436,,,0.9423680607818259,,0.9423937522351418,0.05760624776485823,0.9697062210080091,0.09939104054114943,5,0.001,0.1,0.98630078415408,0.9957300407991132,1.0,0.9960717772748809,0.9944643783893377,0.9920975745162639,0.9914583659910081,0.9895328790152137,0.985152707434635,0.9859904116885386,0.9849596005938029,0.9814306520393321
1,3,2.0757472989070846,0.5140155097408738,5287,2.203875780105591,0.4370034052213394,881,2.207299954594134,0.4241,0.9977675330053425,0.08382336835192622,,,0.952416044490881,,0.9524361836827404,0.04756381631725959,0.9697073584908366,0.09939117482013418,5,0.001,0.1,0.9810039840792157,0.99391063500997,0.9960717772748809,1.0,0.9957155943050834,0.993722388017685,0.9936393192540838,0.9922142434625727,0.990067996288915,0.988072259061058,0.9893299142015118,0.9861646882520164
1,4,2.09789831853682,0.5393718338399189,4935,2.2007859303401065,0.43309002433090027,822,2.2072995234602177,0.4241,0.998070656799054,0.08386205683342286,,,0.9599999998039738,,0.9600139182880506,0.039986081711949395,0.9697075591515274,0.09939123928507437,5,0.001,0.1,0.9737549554035791,0.9890961594304845,0.9944643783893377,0.9957155943050834,1.0,0.9964579869426302,0.994613469986211,0.9926284825413003,0.9922902645228941,0.9916875012012261,0.9924179040516943,0.9903039183368233
1,5,2.1134657015539196,0.5101349903578316,4667,2.205684700012207,0.44601542416452444,778,2.2073008130533625,0.4241,0.9974146902688039,0.08372759171510412,,,0.933641316054973,,0.9336609930311905,0.06633900696880946,0.9696695150225524,0.09939078200252946,5,0.001,0.1,0.9711322336206047,0.9858150130695559,0.9920975745162639,0.993722388017685,0.9964579869426302,1.0,0.9947844126099841,0.9937884007312218,0.991360506799798,0.9939574047923748,0.9928362717195125,0.9896463282309201
1,6,2.119434111118317,0.49934875364922526,4453,2.2093505561351776,0.4393530997304582,742,2.2073085269988915,0.4243,0.9969005700199634,0.08352988653935951,,,0.8948859253027064,,0.8949024270014788,0.10509757299852118,0.9696318557627309,0.09938843884737437,5,0.001,0.1,0.9676608742154175,0.9852348223131474,0.9914583659910081,0.9936393192540838,0.994613469986211,0.9947844126099841,1.0,0.994692737858182,0.9907613028303682,0.9922564797688895,0.9947333546102409,0.9895901222597605
1,7,2.1285924007643513,0.5032967032967033,4277,2.2094049868376358,0.41374474053295934,713,2.2073043017341685,0.4243,0.9961067868266781,0.08358858006844405,,,0.9063913937141113,,0.906418843815544,0.09358115618445595,0.969643999477594,0.09938969743432008,5,0.001,0.1,0.9639922637246343,0.9825220281924351,0.9895328790152137,0.9922142434625727,0.9926284825413003,0.9937884007312218,0.994692737858182,1.0,0.9910567668200375,0.9941805786612198,0.9938002806581085,0.9915360999679951
1,8,2.1421129731031563,0.5182852991038992,4129,2.208461728962985,0.39825581395348836,688,2.2073169645790855,0.4242,0.9940357971365691,0.08331349021403744,,,0.8524665798625798,,0.8524903103584925,0.14750968964150746,0.9696053488195957,0.09938198211782893,5,0.001,0.1,0.9589868563010596,0.9784600416904254,0.985152707434635,0.990067996288915,0.9922902645228941,0.991360506799798,0.9907613028303682,0.9910567668200375,1.0,0.9882100697373731,0.9937579380433655,0.9951468896890818
1,9,2.142076015661633,0.4974756310922269,4001,2.2078992979867116,0.4272863568215892,667,2.2073462085602,0.4246,0.9935547851377725,0.08307841861158832,,,0.8063863911504452,,0.8064053121466059,0.19359468785339407,0.9692572323210847,0.0993688553611474,5,0.001,0.1,0.9569272618650021,0.9764459021749622,0.9859904116885386,0.988072259061058,0.9916875012012261,0.9939574047923748,0.9922564797688895,0.9941805786612198,0.9882100697373731,1.0,0.9929230862116116,0.9888128279965243
1,10,2.1487831143082166,0.490974543584469,3889,2.2037793681735085,0.4367283950617284,648,2.207317963956644,0.4243,0.9946142684961358,0.08328697880843848,,,0.8472696502449812,,0.8472951160340612,0.15270488396593884,0.9695602730040377,0.09938177804457166,5,0.001,0.1,0.9558876401846387,0.9768065937380017,0.9849596005938029,0.9893299142015118,0.9924179040516943,0.9928362717195125,0.9947333546102409,0.9938002806581085,0.9937579380433655,0.9929230862116116,1.0,0.9946420324885571
1,11,2.1574680422534462,0.5267739382748615,3791,2.2061805605888365,0.4287974683544304,632,2.2073688941260876,0.4245,0.9920911876203262,0.0829068262972865,,,0.7727498049265047,,0.7727646166188226,0.22723538338117744,0.9692535656604849,0.09935611200099954,5,0.001,0.1,0.9513837193130559,0.9733691922990092,0.9814306520393321,0.9861646882520164,0.9903039183368233,0.9896463282309201,0.9895901222597605,0.9915360999679951,0.9951468896890818,0.9888128279965243,0.9946420324885571,1.0
2,0,1.6877123914803975,0.5982468955441929,8214,2.1473099630932477,0.5427319211102994,1369,2.1441836699891015,0.5444,0.9841516419288083,0.08200623945296014,,,0.55,,0.5500188476817351,0.44998115231826485,0.9861497577239563,0.09920378321720073,5,0.001,0.1,1.0,0.9953340617565449,0.9908491209908641,0.9867709385855902,0.9809547153926196,0.9795379204487564,0.9756202401695754,0.9742127129601402,0.9716135381688982,0.9692162821793786,0.9681317698482721,0.9652108428213312
2,1,1.8069655432284457,0.5625798600547611,6574,2.144035257611956,0.5091240875912408,1096,2.1429240596941868,0.5446,0.99369496369019,0.08327836173355294,,,0.8484408145292679,,0.8484646388494215,0.15153536115057853,0.9874992480629459,0.09954554020988002,5,0.001,0.1,0.9953340617565449,1.0,0.9964706239137961,0.9952369576519234,0.991207828156416,0.9895865770704182,0.9875898189048298,0.98642608157485,0.9840851584038154,0.9827144763880962,0.982482628631558,0.980111200730321
2,2,1.8674271430758482,0.5578765346705862,5783,2.142909149969778,0.5601659751037344,964,2.142897851931782,0.5444,0.9970359147317515,0.08365150376593493,,,0.9359802073833063,,0.9359903731840984,0.06400962681590161,0.9875767291874908,0.09955455289964445,5,0.001,0.1,0.9908491209908641,0.9964706239137961,1.0,0.9969445102576672,0.9952325220278881,0.9937554950476354,0.9929651922151684,0.9914602101565186,0.9895114203467105,0.9888426371923739,0.9886984293007921,0.9862976232193708
2,3,1.9098774301000387,0.5698127482504256,5287,2.139267521245139,0.5675368898978433,881,2.142894865986638,0.5444,0.9984087116357808,0.08372733527760083,,,0.9537703353087537,,0.9537893505765458,0.04621064942345421,0.9875851254459368,0.09955492657641161,5,0.001,0.1,0.9867709385855902,0.9952369576519234,0.9969445102576672,1.0,0.9967765347745153,0.9956023250233896,0.9947805474466688,0.9940734671849805,0.9930640353289714,0.9918026428995503,0.9922914444283318,0.990006442290578
2,4,1.9416435061731647,0.5903546099290781,4935,2.1341896882423987,0.5571776155717761,822,2.1428942718444923,0.5444,0.9984953891222549,0.08375388960452296,,,0.9599999997653992,,0.9600139182880506,0.039986081711949395,0.9875857047868228,0.0995549650782276,5,0.001,0.1,0.9809547153926196,0.991207828156416,0.9952325220278881,0.9967765347745153,1.0,0.9971644159055246,0.995818541191751,0.9947055401266296,0.9948923454428744,0.993398727369421,0.9948338703862293,0.9933109485422317
2,5,1.9638737327431979,0.579901435611742,4667,2.14185884475708,0.5642673521850899,778,2.1428972676920055,0.5444,0.9981666340217361,0.08366070913682687,,,0.938139794106176,,0.9381651056919998,0.061834894308000155,0.9875855614431281,0.09955473241522471,5,0.001,0.1,0.9795379204487564,0.9895865770704182,0.9937554950476354,0.9956023250233896,0.9971644159055246,1.0,0.9959262894248581,0.9957813614586494,0.9948662440509003,0.9945970637759294,0.9949723745988489,0.9925676193430476
2,6,1.9753010329178402,0.5456546148663822,4453,2.1457979877789817,0.5336927223719676,742,2.1429111805205907,0.5446,0.9973125726628103,0.08351172663894614,,,0.9031883914804705,,0.9032099051816627,0.09679009481833734,0.9875487888671325,0.09955300365543322,5,0.001,0.1,0.9756202401695754,0.9875898189048298,0.9929651922151684,0.9947805474466688,0.995818541191751,0.9959262894248581,1.0,0.995844140997855,0.992904914532853,0.9942365471421464,0.9959011858138526,0.9925195355841299
2,7,1.9911582719034224,0.5547346270750526,4277,2.1443325332973315,0.541374474053296,713,2.142905516365466,0.5446,0.9971770905657854,0.08354338452366959,,,0.9106153543183023,,0.9106426576197795,0.08935734238022053,0.9875532511797134,0.09955360687128871,5,0.001,0.1,0.9742127129601402,0.98642608157485,0.9914602101565186,0.9940734671849805,0.9947055401266296,0.9957813614586494,0.995844140997855,1.0,0.9942101740021547,0.9960660306286313,0.9956050277645059,0.9941081312475298
2,8,2.0086553760675283,0.584403003148462,4129,2.145465525713834,0.5218023255813954,688,2.142931891706424,0.5447,0.9960516871227141,0.08333812227707853,,,0.8624606816116827,,0.8624795816781202,0.13752041832187978,0.9874649202388257,0.0995475862598308,5,0.001,0.1,0.9716135381688982,0.9840851584038154,0.9895114203467105,0.9930640353289714,0.9948923454428744,0.9948662440509003,0.992904914532853,0.9942101740021547,1.0,0.99257199128004,0.99542697107394,0.9958965376836951
2,9,2.0111486641187515,0.5469132716820795,4001,2.14379206157866,0.5502248875562219,667,2.142989073317653,0.5445,0.9953838311334452,0.08317221509225145,,,0.8235387350886033,,0.8235615352644958,0.17643846473550417,0.9874128958483093,0.0995399613267489,5,0.001,0.1,0.9692162821793786,0.9827144763880962,0.9888426371923739,0.9918026428995503,0.993398727369421,0.9945970637759294,0.9942365471421464,0.9960660306286313,0.99257199128004,1.0,0.9952744024145614,0.9923144725262091
2,10,2.023143630731301,0.5466700951401389,3889,2.140243643806094,0.5493827160493827,648,2.1429358336110464,0.5447,0.9961105868133394,0.08332374845007497,,,0.8590885713167145,,0.8591014971825132,0.14089850281748684,0.9874727783639968,0.09954674829584553,5,0.001,0.1,0.9681317698482721,0.982482628631558,0.9886984293007921,0.9922914444283318,0.9948338703862293,0.9949723745988489,0.9959011858138526,0.9956050277645059,0.99542697107394,0.9952744024145614,1.0,0.9960716839801221
2,11,2.037883771367434,0.5867581113162754,3791,2.143400192260742,0.5379746835443038,632,2.1430434944530647,0.5444,0.99432858875451,0.08303276404658097,,,0.7908234181007878,,0.790843892867844,0.20915610713215604,0.9872234961082552,0.09952705431292114,5,0.001,0.1,0.9652108428213312,0.980111200730321,0.9862976232193708,0.990006442290578,0.9933109485422317,0.9925676193430476,0.9925195355841299,0.9941081312475298,0.9958965376836951,0.9923144725262091,0.9960716839801221,1.0
3,0,1.526474733389769,0.6206476747017288,8214,2.0709854003994965,0.5631848064280497,1369,2.067530116334129,0.5709,0.9868873689086167,0.08221298887662445,,,0.55,,0.5500188476817351,0.44998115231826485,0.9920034629379382,0.0992595210998984,5,0.001,0.1,1.0,0.9958275917500845,0.9924148704567538,0.9889648894177465,0.9838878532074534,0.982484063379246,0.9794279556490803,0.9791391786849362,0.977040127059203,0.9748329245607565,0.9738967465054577,0.9719253485204704
3,1,1.632845780513819,0.5877091572862793,6574,2.0657524653843473,0.541970802919708,1096,2.0652900370546043,0.5721,0.9947989981051375,0.08324935314875402,,,0.8412554789031722,,0.8412735233566271,0.15872647664337292,0.9929919031976894,0.0996271830554072,5,0.001,0.1,0.9958275917500845,1.0,0.9971322107754267,0.9955976744593275,0.9925980213384853,0.9908878647944579,0.9896465925004152,0.989227509413563,0.9875238131494578,0.9857771516700836,0.9857591683852468,0.9842881093531434
3,2,1.690775897489727,0.5862701020231713,5783,2.0655777377467,0.5871369294605809,964,2.065235287998431,0.5722,0.9975295767645121,0.08356658398129209,,,0.9304087047895386,,0.9304230579638705,0.06957694203612952,0.9930830000659986,0.0996364182141295,5,0.001,0.1,0.9924148704567538,0.9971322107754267,1.0,0.9973040007173761,0.9957261522282467,0.9945027628042693,0.9938959454719369,0.9934631948354714,0.9921125292442194,0.9901007604617924,0.990807973657023,0.9893552649977118
3,3,1.735601555511176,0.5986759977302818,5287,2.0611726897103444,0.6038592508513053,881,2.0652321946506684,0.5722,0.9986057911625226,0.08364789270049926,,,0.953259367040781,,0.9532819129913688,0.046718087008631226,0.9930795961371037,0.09963696434816181,5,0.001,0.1,0.9889648894177465,0.9955976744593275,0.9973040007173761,1.0,0.9972875884839426,0.9963840473258884,0.9954840624189922,0.9949912596497209,0.994937771891521,0.992791394090036,0.9936062328443592,0.992269390210211
3,4,1.7719281082768594,0.6134954407294833,4935,2.0542737612357507,0.583941605839416,822,2.0652314778714898,0.5722,0.9988437433787738,0.08367187766004586,,,0.9599999997189641,,0.9600139182880506,0.039986081711949395,0.9930801613137563,0.09963699928271127,5,0.001,0.1,0.9838878532074534,0.9925980213384853,0.9957261522282467,0.9972875884839426,1.0,0.9974931052224864,0.9965006386516764,0.9961437768192286,0.9966060902064728,0.9945213563555404,0.9962109455737976,0.9954156335534896
3,5,1.7959003012474268,0.6079708592243411,4667,2.0649759864807127,0.5796915167095116,778,2.065236713558721,0.5722,0.9984197268720642,0.08360098905685354,,,0.9400777632748898,,0.9401030339934855,0.05989696600651451,0.9930782830684756,0.09963676614162634,5,0.001,0.1,0.982484063379246,0.9908878647944579,0.9945027628042693,0.9963840473258884,0.9974931052224864,1.0,0.9964682440168461,0.9967382918387453,0.9962270854024066,0.9954581849365716,0.996051017956973,0.9946125139635422
3,6,1.8092959209850856,0.5743992813833371,4453,2.0686850249767303,0.5579514824797843,742,2.0652560963036533,0.5721,0.9977869136241027,0.08348910597680854,,,0.9086346105765575,,0.9086564019292294,0.09134359807077064,0.9930587991347222,0.09963544563175111,5,0.001,0.1,0.9794279556490803,0.9896465925004152,0.9938959454719369,0.9954840624189922,0.9965006386516764,0.9964682440168461,1.0,0.9969604366383545,0.9954388038580317,0.9944428093361946,0.9965962564736119,0.9948460711212893
3,7,1.8292934085006145,0.5791910217442132,4277,2.0659981188566787,0.5680224403927069,713,2.065247551701701,0.5722,0.997804285910235,0.0835090978064402,,,0.9142530307306531,,0.9142768772774282,0.08572312272257177,0.9930723655261208,0.0996358171441009,5,0.001,0.1,0.9791391786849362,0.989227509413563,0.9934631948354714,0.9949912596497209,0.9961437768192286,0.9967382918387453,0.9969604366383545,1.0,0.9956650549656229,0.9959824108423221,0.9962039071592969,0.9954041302689133
3,8,1.853151155618521,0.6080406878178736,4129,2.0693890073082666,0.5566860465116279,688,2.0652932518968186,0.5721,0.9972005842274927,0.0833636123479765,,,0.8733664061934899,,0.8733774079121601,0.12662259208783988,0.9930340532837634,0.09963110780685823,5,0.001,0.1,0.977040127059203,0.9875238131494578,0.9921125292442194,0.994937771891521,0.9966060902064728,0.9962270854024066,0.9954388038580317,0.9956650549656229,1.0,0.9937853497673627,0.9965729939782043,0.9967766172124485
3,9,1.858789921563769,0.5684078980254936,4001,2.066437210355486,0.5757121439280359,667,2.0653778413614146,0.5721,0.9958470226813728,0.08321805860960829,,,0.832460592557646,,0.8324779385468921,0.16752206145310788,0.993029551138258,0.09962491589687514,5,0.001,0.1,0.9748329245607565,0.9857771516700836,0.9901007604617924,0.992791394090036,0.9945213563555404,0.9954581849365716,0.9944428093361946,0.9959824108423221,0.9937853497673627,1.0,0.9953044882811823,0.9935024347878898
3,10,1.870680788110514,0.578400617125225,3889,2.063464403152466,0.5756172839506173,648,2.0653007708418483,0.5721,0.9967911146680164,0.08334156276992173,,,0.8671696850321577,,0.8671770038951876,0.1328229961048124,0.9930317288008065,0.09963040105038566,5,0.001,0.1,0.9738967465054577,0.9857591683852468,0.990807973657023,0.9936062328443592,0.9962109455737976,0.996051017956973,0.9965962564736119,0.9962039071592969,0.9965729939782043,0.9953044882811823,1.0,0.9967430144910444
3,11,1.8921320740916148,0.6065418095489317,3791,2.0676339626312257,0.5743670886075949,632,2.065463889521151,0.5719,0.9957358662757465,0.08312887706517555,,,0.807397384444818,,0.8074153545780536,0.19258464542194642,0.9929323167605794,0.09961674124968026,5,0.001,0.1,0.9719253485204704,0.9842881093531434,0.9893552649977118,0.992269390210211,0.9954156335534896,0.9946125139635422,0.9948460711212893,0.9954041302689133,0.9967766172124485,0.9935024347878898,0.9967430144910444,1.0
4,0,1.3962285541838708,0.6343559775992208,8214,1.9811564767083456,0.5989773557341125,1369,1.9773362273225388,0.6059,0.988237489485893,0.08237018545581312,,,0.55,,0.5500188476817351,0.44998115231826485,0.9943042925306605,0.09928859638731967,5,0.001,0.1,1.0,0.9958667519968832,0.992906572765655,0.9899169306008478,0.985605192258354,0.9839783080316956,0.981522323867163,0.9814514695809728,0.9799736506913964,0.9780027740736994,0.976559264683669,0.9750773761791552
4,1,1.4851613170313605,0.6138424094919379,6574,1.9739195380892072,0.583029197080292,1096,1.9738295497223972,0.607,0.9952320260607355,0.08323208392034648,,,0.8349924487695204,,0.8350102937338707,0.1649897062661293,0.9955336670738537,0.09966856523379071,5,0.001,0.1,0.9958667519968832,1.0,0.9971895819484254,0.9958457317543501,0.9933551395197571,0.9913910946035739,0.9906012161479695,0.9900882012822715,0.9893206729661684,0.9876392119421107,0.9869948331183448,0.9860923163357992
4,2,1.5357967480111516,0.6094414663669375,5783,1.9740411120076333,0.6286307053941909,964,1.9737457958654092,0.6069,0.9976369216219265,0.08350443339408596,,,0.9250466101771854,,0.9250683832555262,0.0749316167444738,0.9955650861707258,0.09967738567100676,5,0.001,0.1,0.992906572765655,0.9971895819484254,1.0,0.9973104377231142,0.9959367989645966,0.994545177129144,0.9943745314185406,0.9940683595509179,0.9929997046869183,0.9918262909213383,0.9912600483696931,0.9906563101845671
4,3,1.579597053829446,0.6195195763192737,5287,1.968989040170397,0.6220204313280363,881,1.9737382041760527,0.6069,0.9986809194268329,0.08358804962697357,,,0.9526948726444162,,0.9527164825393143,0.04728351746068571,0.995577318556933,0.09967810132628367,5,0.001,0.1,0.9899169306008478,0.9958457317543501,0.9973104377231142,1.0,0.9974823279609828,0.996299171691468,0.9961136488330009,0.9955815813555262,0.9953307508671491,0.9945143875563249,0.9940837979151352,0.9930286104715368
4,4,1.613649213544784,0.630435663627153,4935,1.9604850915762095,0.6313868613138686,822,1.9737372482165743,0.6068,0.9989092256296356,0.08361014241502178,,,0.9599999996693434,,0.9600139182880506,0.039986081711949395,0.995576810482427,0.09967817869617578,5,0.001,0.1,0.985605192258354,0.9933551395197571,0.9959367989645966,0.9974823279609828,1.0,0.997389091060303,0.997228410696099,0.9965130162920002,0.9967031473370868,0.9957559558955076,0.9964805467995592,0.9957313204283808
4,5,1.6353242653689972,0.6251982001285622,4667,1.9744216203689575,0.5989717223650386,778,1.973744913031118,0.6069,0.9984915532052017,0.08355315002529189,,,0.9411550876771368,,0.9411759020307169,0.05882409796928312,0.9955733531008495,0.0996778722669474,5,0.001,0.1,0.9839783080316956,0.9913910946035739,0.994545177129144,0.996299171691468,0.997389091060303,1.0,0.9972994456299307,0.9972804261595112,0.9965437075480321,0.9965206546204031,0.9963538643404374,0.9955697702030151
4,6,1.6489255430017198,0.5978441500112284,4453,1.9776910891135533,0.605121293800539,742,1.9737717861565538,0.607,0.9982666188493102,0.0834772256833389,,,0.9160502000079023,,0.9160698234117204,0.08393017658827961,0.9955714825469486,0.09967702785741922,5,0.001,0.1,0.981522323867163,0.9906012161479695,0.9943745314185406,0.9961136488330009,0.997228410696099,0.9972994456299307,1.0,0.9977378573297049,0.9962514511794935,0.9960385936959248,0.997144939203628,0.9961391979070973
4,7,1.6665232444877056,0.6021042787000234,4277,1.973809786464857,0.6016830294530154,713,1.9737611807192477,0.607,0.9980372471531891,0.0834820857275823,,,0.9176572058990238,,0.9176791254675675,0.08232087453243253,0.9955666514109639,0.09967719336021019,5,0.001,0.1,0.9814514695809728,0.9900882012822715,0.9940683595509179,0.9955815813555262,0.9965130162920002,0.9972804261595112,0.9977378573297049,1.0,0.9960368060399677,0.9966725691352266,0.9963120388248913,0.995970126165909
4,8,1.6941718145517202,0.6209251634778397,4129,1.9797355099157854,0.5828488372093024,688,1.9738173995155115,0.6071,0.9975535787967269,0.08337718390380733,,,0.8829707215064527,,0.8829945583359914,0.11700544166400861,0.9955497857139387,0.09967562012230347,5,0.001,0.1,0.9799736506913964,0.9893206729661684,0.9929997046869183,0.9953307508671491,0.9967031473370868,0.9965437075480321,0.9962514511794935,0.9960368060399677,1.0,0.9953581601484099,0.9967688751864713,0.9966345280104065
4,9,1.6969184343777006,0.5966008497875531,4001,1.975254808153425,0.6071964017991005,667,1.9739335828695814,0.6068,0.9968803994853386,0.0832661192718398,,,0.8462464636749361,,0.8462705753858942,0.15372942461410577,0.995526010876052,0.09966999022850773,5,0.001,0.1,0.9780027740736994,0.9876392119421107,0.9918262909213383,0.9945143875563249,0.9957559558955076,0.9965206546204031,0.9960385936959248,0.9966725691352266,0.9953581601484099,1.0,0.9962137324883494,0.9953130310006688
4,10,1.7127962458329122,0.6051427102082798,3889,1.9730709734417142,0.6033950617283951,648,1.9738360205397438,0.6071,0.9969969601795341,0.08334567482528878,,,0.8725520355301005,,0.8725606750369704,0.12743932496302957,0.9955544492897963,0.09967299166996627,5,0.001,0.1,0.976559264683669,0.9869948331183448,0.9912600483696931,0.9940837979151352,0.9964805467995592,0.9963538643404374,0.997144939203628,0.9963120388248913,0.9967688751864713,0.9962137324883494,1.0,0.9970552386562002
4,11,1.7362849776484386,0.6243207596940121,3791,1.978004479408264,0.620253164556962,632,1.9740402927033056,0.6069,0.9963315969166815,0.08319366575061016,,,0.822289225917946,,0.8223146886266323,0.17768531137336774,0.9955088809460894,0.09966594734449344,5,0.001,0.1,0.9750773761791552,0.9860923163357992,0.9906563101845671,0.9930286104715368,0.9957313204283808,0.9955697702030151,0.9961391979070973,0.995970126165909,0.9966345280104065,0.9953130310006688,0.9970552386562002,1.0
5,0,1.290854925311493,0.647163379595812,8214,1.8779164414073146,0.6281957633308984,1369,1.8738735095380594,0.6298,0.9888572453906467,0.08248396265357631,,,0.55,,0.5500188476817351,0.44998115231826485,0.9962532990323761,0.09929267181164597,5,0.001,0.1,1.0,0.9956312910567959,0.9927889543051204,0.9902230604137668,0.9861627056826232,0.984731415206535,0.9815752066543663,0.9821635981458268,0.9817415995958124,0.9793380948011265,0.9782344706025532,0.9766489677914139
5,1,1.364053321810602,0.631335564344387,6574,1.8690130880900793,0.6058394160583942,1096,1.8688770311709029,0.6307,0.9953368406449135,0.08322214062510279,,,0.8297445677316553,,0.8297716047592812,0.17022839524071876,0.9971435163252326,0.09967611043191464,5,0.001,0.1,0.9956312910567959,1.0,0.9969174666180565,0.9957626283274557,0.9933658239490697,0.9915768785032024,0.9900045435139749,0.9901239335108547,0.9902444280281933,0.9884431452914108,0.9875253115612258,0.9870328945083937
5,2,1.4055163733208378,0.6265260245547294,5783,1.8691443435607418,0.6524896265560166,964,1.8687536655523527,0.6307,0.9974959859723972,0.08345900262502806,,,0.9195072812465682,,0.9195252317298306,0.08047476827016942,0.9971587503132812,0.09968543717650569,5,0.001,0.1,0.9927889543051204,0.9969174666180565,1.0,0.9970639588841739,0.9957030838192803,0.9943138404733033,0.9937361512043927,0.9937882294606887,0.9935763036319252,0.9917857759499373,0.9914870102856153,0.9912286191311768
5,3,1.4441054636455444,0.6356345753735578,5287,1.8628392645290919,0.6435868331441543,881,1.8687433838463439,0.6307,0.9986599869936434,0.083547907908645,,,0.9531993868008015,,0.9532239201244913,0.04677607987550869,0.9971606438106203,0.09968628299565638,5,0.001,0.1,0.9902230604137668,0.9957626283274557,0.9970639588841739,1.0,0.9974431518108927,0.9962119705192106,0.9956375763567161,0.9953556262556228,0.9957814771878921,0.9949221797633377,0.9943378392633898,0.9935280833442353
5,4,1.476436772115769,0.6448632218844985,4935,1.853419725711529,0.6545012165450121,822,1.8687432703499596,0.6307,0.9987958470915224,0.0835658530741847,,,0.9599999996210338,,0.9600139182880506,0.039986081711949395,0.9971611014485962,0.09968634850508569,5,0.001,0.1,0.9861627056826232,0.9933658239490697,0.9957030838192803,0.9974431518108927,1.0,0.9971858345821416,0.996758361084624,0.9960895137024038,0.9970172228393801,0.9958021137706488,0.9965705653146738,0.9957442903854749
5,5,1.4942047309385587,0.6392543389757874,4667,1.8706464433670045,0.6143958868894601,778,1.8687519562511017,0.6307,0.9984491015856625,0.08351968072039455,,,0.9425022339731808,,0.9425242361856159,0.05747576381438413,0.9971588555804601,0.09968612376065396,5,0.001,0.1,0.984731415206535,0.9915768785032024,0.9943138404733033,0.9962119705192106,0.9971858345821416,1.0,0.997134874199891,0.9969724231195902,0.9969211011557236,0.9963075090663168,0.9964570974941086,0.9958701024719548
5,6,1.5059853328125818,0.621423759263418,4453,1.872995023926099,0.6388140161725068,742,1.8687835680410123,0.6306,0.998026822789854,0.08345945124565597,,,0.9196772933418502,,0.9196943775915563,0.08030562240844374,0.9971583968483703,0.09968543723227907,5,0.001,0.1,0.9815752066543663,0.9900045435139749,0.9937361512043927,0.9956375763567161,0.996758361084624,0.997134874199891,1.0,0.9974876201894063,0.9963104434471792,0.9964804194214266,0.9971654603026521,0.996309684146939
5,7,1.5198206525240372,0.6233341126958148,4277,1.8679455518722534,0.6283309957924264,713,1.8687717503252121,0.6307,0.9978887109706245,0.08345797296328947,,,0.9191170741568373,,0.9191386126173148,0.08086138738268522,0.9971568908812902,0.09968543395643562,5,0.001,0.1,0.9821635981458268,0.9901239335108547,0.9937882294606887,0.9953556262556228,0.9960895137024038,0.9969724231195902,0.9974876201894063,1.0,0.9963869259543192,0.996592033058765,0.9959560163243454,0.9960422587356202
5,8,1.5459560698270798,0.6350690239767498,4129,1.8766596588221462,0.6061046511627907,688,1.868840588548313,0.6307,0.9978913618817558,0.08339368556755929,,,0.8947543182594428,,0.8947719430510047,0.10522805694899529,0.997158737963114,0.09968434483496354,5,0.001,0.1,0.9817415995958124,0.9902444280281933,0.9935763036319252,0.9957814771878921,0.9970172228393801,0.9969211011557236,0.9963104434471792,0.9963869259543192,1.0,0.9953949578206027,0.99690570724937,0.9967077686829768
5,9,1.552170248164071,0.6145963509122719,4001,1.8705258142380488,0.623688155922039,667,1.8689893602182308,0.6307,0.9970987514172917,0.08329993151080682,,,0.8592246911356852,,0.8592368138718938,0.14076318612810623,0.9971437247671092,0.0996802570771581,5,0.001,0.1,0.9793380948011265,0.9884431452914108,0.9917857759499373,0.9949221797633377,0.9958021137706488,0.9963075090663168,0.9964804194214266,0.996592033058765,0.9953949578206027,1.0,0.9967188986021891,0.9957071135645358
5,10,1.5664626574907146,0.6238107482643354,3889,1.8690804981050038,0.6373456790123457,648,1.868865684960216,0.6307,0.9971580354113362,0.08335066550029951,,,0.8784511629451692,,0.8784711147195562,0.12152888528044381,0.9971300052210541,0.09968356536040214,5,0.001,0.1,0.9782344706025532,0.9875253115612258,0.9914870102856153,0.9943378392633898,0.9965705653146738,0.9964570974941086,0.9971654603026521,0.9959560163243454,0.99690570724937,0.9967188986021891,1.0,0.9968265247380317
5,11,1.5902389592483264,0.6359799525191242,3791,1.8750130712985993,0.629746835443038,632,1.8691144008606007,0.6307,0.996611876034962,0.08323974560545762,,,0.8364162618342331,,0.8364407844501793,0.16355921554982067,0.9971338232060596,0.09967730119011355,5,0.001,0.1,0.9766489677914139,0.9870328945083937,0.9912286191311768,0.9935280833442353,0.9957442903854749,0.9958701024719548,0.996309684146939,0.9960422587356202,0.9967077686829768,0.9957071135645358,0.9968265247380317,1.0
6,0,1.204477140087098,0.6559532505478451,8214,1.76270129514295,0.6457268078889701,1369,1.7584488959358142,0.6437,0.9894698440418084,0.0825757234596551,,,0.96,,0.9600139182880506,0.039986081711949395,0.9939190052793871,0.0996795019580325,5,0.001,0.1,1.0,0.9955866427290444,0.9929169920317682,0.9903877211640396,0.9866113860118936,0.9853534877372435,0.9818644923391684,0.9826592485198519,0.9824206742960887,0.9811288866198848,0.9791784392873283,0.9776279057374837
6,1,1.26313012005056,0.6435351384240949,6574,1.7534397057124547,0.6204379562043796,1096,1.7528742346139,0.6438,0.9954196917256001,0.08322088773068395,,,0.96,,0.9600139182880506,0.039986081711949395,0.9977766920351657,0.0996795019580325,5,0.001,0.1,0.9955866427290444,1.0,0.9965159105594371,0.9956506065603983,0.993305369981677,0.9913687610590931,0.9898775205626794,0.9896501887133278,0.9902474834899097,0.9894757784843248,0.9879357526878891,0.9871850983512761
6,2,1.2977794485856156,0.6412588621822584,5783,1.7529024808637557,0.66701244813278,964,1.7527463047649152,0.6439,0.9974504362760178,0.08343183133930056,,,0.96,,0.9600139182880506,0.039986081711949395,0.9978682781581216,0.0996795019580325,5,0.001,0.1,0.9929169920317682,0.9965159105594371,1.0,0.9968000267628642,0.9955009449139981,0.9941288456556824,0.9934630408186358,0.9933665391596282,0.9932995056935973,0.9923169205576121,0.9915686046042778,0.9911519181973144
6,3,1.3328541847596687,0.650728201248345,5287,1.7452973510537828,0.659477866061294,881,1.7527373214118398,0.6438,0.9983851006320569,0.08351657749030743,,,0.96,,0.9600139182880506,0.039986081711949395,0.997874832560751,0.0996795019580325,5,0.001,0.1,0.9903877211640396,0.9956506065603983,0.9968000267628642,1.0,0.9967931628525287,0.9955927443790433,0.9949088106397853,0.9947111051837982,0.9951582426290095,0.9950661175923782,0.9938879885579242,0.9932129243709972
6,4,1.3590227963078407,0.6569402228976697,4935,1.7353109488120446,0.6666666666666666,822,1.752736931029981,0.6438,0.9985920121553568,0.08353427270335378,,,0.96,,0.9600139182880506,0.039986081711949395,0.9978758859734962,0.0996795019580325,5,0.001,0.1,0.9866113860118936,0.993305369981677,0.9955009449139981,0.9967931628525287,1.0,0.9968581149220971,0.9963208205998408,0.995541022601753,0.9963839620335442,0.9959335847574722,0.9961152079690188,0.9952355673274329
6,5,1.3744786620140075,0.6529247910863509,4667,1.7560590076446534,0.6311053984575835,778,1.7527486740971525,0.6439,0.9982647218158636,0.083495367400478,,,0.96,,0.9600139182880506,0.039986081711949395,0.9978747260934803,0.0996795019580325,5,0.001,0.1,0.9853534877372435,0.9913687610590931,0.9941288456556824,0.9955927443790433,0.9968581149220971,1.0,0.9967570198129164,0.9967787598702454,0.9963356667216664,0.9959695264649455,0.9961453575005152,0.9953851542006199
6,6,1.384178872874805,0.6407814956209297,4453,1.7568928400675456,0.6455525606469003,742,1.7527756146348703,0.6439,0.9977206487007384,0.08344083402191008,,,0.96,,0.9600139182880506,0.039986081711949395,0.9978682787542846,0.0996795019580325,5,0.001,0.1,0.9818644923391684,0.9898775205626794,0.9934630408186358,0.9949088106397853,0.9963208205998408,0.9967570198129164,1.0,0.9969593430497619,0.9956301944241758,0.9958844822418252,0.9964254454285388,0.9960442526306506
6,7,1.3935938239097596,0.6437689969604863,4277,1.7509928734406182,0.6451612903225806,713,1.7527672547501878,0.6439,0.9976530222533142,0.08343774263649692,,,0.96,,0.9600139182880506,0.039986081711949395,0.997868252002783,0.0996795019580325,5,0.001,0.1,0.9826592485198519,0.9896501887133278,0.9933665391596282,0.9947111051837982,0.995541022601753,0.9967787598702454,0.9969593430497619,1.0,0.9960965718511438,0.995988023610062,0.9959194708844941,0.9956662495518364
6,8,1.4195264744758607,0.6434972148219908,4129,1.7626779838041826,0.6206395348837209,688,1.7528361063034008,0.6437,0.9976524121457438,0.08339827193509873,,,0.96,,0.9600139182880506,0.039986081711949395,0.9978568981208875,0.0996795019580325,5,0.001,0.1,0.9824206742960887,0.9902474834899097,0.9932995056935973,0.9951582426290095,0.9963839620335442,0.9963356667216664,0.9956301944241758,0.9960965718511438,1.0,0.9951920224092232,0.996439560987642,0.9961264069466683
6,9,1.4298597841981857,0.6295926018495376,4001,1.7548353444962275,0.6341829085457271,667,1.752994130594662,0.644,0.9972739063375957,0.083328513185411,,,0.96,,0.9600139182880506,0.039986081711949395,0.9978177013624896,0.0996795019580325,5,0.001,0.1,0.9811288866198848,0.9894757784843248,0.9923169205576121,0.9950661175923782,0.9959335847574722,0.9959695264649455,0.9958844822418252,0.995988023610062,0.9951920224092232,1.0,0.9964300315212942,0.9954113830789661
6,10,1.4385138845834575,0.6418102339933145,3889,1.754229051726205,0.6450617283950617,648,1.7528653331457997,0.6437,0.9970825279315644,0.08335346573420133,,,0.96,,0.9600139182880506,0.039986081711949395,0.9978509727645641,0.0996795019580325,5,0.001,0.1,0.9791784392873283,0.9879357526878891,0.9915686046042778,0.9938879885579242,0.9961152079690188,0.9961453575005152,0.9964254454285388,0.9959194708844941,0.996439560987642,0.9964300315212942,1.0,0.996440404111858
