round,client_id,client_i_training_loss,client_i_training_accuracy,client_i_training_dataset_size,client_i_evaluation_loss,client_i_evaluation_accuracy,client_i_evaluation_dataset_size,client_i_central_evaluation_loss,client_i_central_evaluation_accuracy,client_i_cosine_similarity,client_i_importance_coefficient,client_i_tanh_val,tanh_normalization_value,client_i_q,client_i_mask_order,client_i_v_nonzero_fraction,client_i_v_sparsity,client_i_v_cosine_similarity,client_i_reward_gradient_norm,local_epochs,learning_rate,gamma,client_0_cosine_similarity,client_1_cosine_similarity,client_2_cosine_similarity,client_3_cosine_similarity,client_4_cosine_similarity,client_5_cosine_similarity,client_6_cosine_similarity,client_7_cosine_similarity,client_8_cosine_similarity,client_9_cosine_similarity,client_10_cosine_similarity,client_11_cosine_similarity
0,0,0.28448245209725104,0.9119308497686877,8214,2.200069083723911,0.408327246165084,1369,2.2025826998031177,0.3961,0.7989216959425915,0.08430428594214706,,,0.8795100559855675,,0.8795241202750866,0.12047587972491336,0,0.3953131846449053,5,0.1,0.5,1.0,0.564486294737986,0.5632705500864317,0.5854270693314542,0.5662480247796918,0.5813174351228071,0.5819424762457491,0.5597316798660016,0.5718142071689629,0.5767186767198914,0.5837360067511714,0.5785632863320304
0,1,0.3123609699399292,0.903529053848494,6574,2.202860675539289,0.39324817518248173,1096,2.202790636604967,0.3959,0.7896451286015745,0.08332539853722312,,,0.789303672735088,,0.7893127855027358,0.21068721449726424,0,0.39513719992688906,5,0.1,0.5,0.564486294737986,1.0,0.5766440277419922,0.5880088245627333,0.5938387512431089,0.5749497628961828,0.5750439280217596,0.5700121284852041,0.5765400904961667,0.5810449566016533,0.5872029544452454,0.5820344227555118
0,2,0.32642380623404166,0.8974926508732491,5783,2.201148748397827,0.4045643153526971,964,2.202769762410904,0.396,0.790004112501152,0.08336327944779584,,,0.7927944725143182,,0.7928065860147583,0.20719341398524171,0,0.3951486728308791,5,0.1,0.5,0.5632705500864317,0.5766440277419922,1.0,0.601338176506773,0.5769939086378201,0.5795592450490508,0.5978767754532388,0.5851253514174743,0.5996946833328027,0.5905290628392792,0.5898052323383809,0.5933904453899523
0,3,0.3066059181741607,0.9024021184036316,5287,2.201299343790327,0.37343927355278095,881,2.202571321219301,0.3961,0.8061706808602532,0.08506921759989589,,,0.949999999907848,,0.9500025099141609,0.04999749008583909,0,0.3953454943495805,5,0.1,0.5,0.5854270693314542,0.5880088245627333,0.601338176506773,1.0,0.6039976524204128,0.627388861504606,0.6142236650625594,0.5933251841263204,0.6187172041111452,0.6105396342641348,0.6088905968514641,0.5962455432577145
0,4,0.35067666239555806,0.8894427558257345,4935,2.202081166780912,0.3978102189781022,822,2.202811315798531,0.3965,0.78758091354103,0.08310757721932173,,,0.7692310135263771,,0.769243511871894,0.230756488128106,0,0.39506318127077583,5,0.1,0.5,0.5662480247796918,0.5938387512431089,0.5769939086378201,0.6039976524204128,1.0,0.58537942433444,0.5894627407673826,0.5963495695881066,0.591514582492529,0.6156189798201893,0.5927196786872861,0.5872042700607524
0,5,0.34918569991594717,0.8906363831154918,4667,2.201613712310791,0.41259640102827766,778,2.2027493193507577,0.3961,0.7908474398983537,0.0834522695383111,,,0.800995082891094,,0.8010140053210181,0.19898599467898193,0,0.3951740797871678,5,0.1,0.5,0.5813174351228071,0.5749497628961828,0.5795592450490508,0.627388861504606,0.58537942433444,1.0,0.6088142833381469,0.5932570618255757,0.5974171239129416,0.598411244941289,0.6013222847468049,0.6046283542045237
0,6,0.3689341149369388,0.8860992589265664,4453,2.2006589074929557,0.39622641509433965,742,2.202657542670497,0.3962,0.7937145679867437,0.08375481631783148,,,0.8288753586075175,,0.8288891119923698,0.1711108880076302,0,0.395241481075155,5,0.1,0.5,0.5819424762457491,0.5750439280217596,0.5978767754532388,0.6142236650625594,0.5894627407673826,0.6088142833381469,1.0,0.5941884492345318,0.6128502631570262,0.61757244428688,0.6081659397359029,0.6010723617005348
0,7,0.3682122059597342,0.8869768529342997,4277,2.20761223461317,0.40813464235624125,713,2.2033914476156995,0.395,0.7753195359504451,0.08181372490852458,,,0.65,,0.650002509914161,0.349997490085839,0,0.39417478449682225,5,0.1,0.5,0.5597316798660016,0.5700121284852041,0.5851253514174743,0.5933251841263204,0.5963495695881066,0.5932570618255757,0.5941884492345318,1.0,0.5823175252431596,0.5882946844426435,0.5888871787240799,0.5892772698420945
0,8,0.380174642189623,0.8819568902882053,4129,2.203964493491433,0.38808139534883723,688,2.2028327719472087,0.3962,0.7865999182900582,0.08300406006042389,,,0.759691705469528,,0.7597008182320165,0.24029918176798348,0,0.39502261352772106,5,0.1,0.5,0.5718142071689629,0.5765400904961667,0.5996946833328027,0.6187172041111452,0.591514582492529,0.5974171239129416,0.6128502631570262,0.5823175252431596,1.0,0.6067940321251929,0.6028891061679138,0.596977187805754
0,9,0.3837466292460227,0.878780304923769,4001,2.2141778696151007,0.3568215892053973,667,2.2027809749396083,0.396,0.789802016542511,0.08334195375896856,,,0.7908292687025651,,0.7908488529692285,0.20915114703077153,0,0.39514224075521365,5,0.1,0.5,0.5767186767198914,0.5810449566016533,0.5905290628392792,0.6105396342641348,0.6156189798201893,0.598411244941289,0.61757244428688,0.5882946844426435,0.6067940321251929,1.0,0.6119748921230909,0.6030603750303488
0,10,0.39795229706730023,0.8741064541013114,3889,2.2008021899632046,0.38117283950617287,648,2.2028283311155277,0.3966,0.7868015998875006,0.08302534202478462,,,0.7616528799864236,,0.7616736107625119,0.23832638923748806,0,0.3950314033158137,5,0.1,0.5,0.5837360067511714,0.5872029544452454,0.5898052323383809,0.6088905968514641,0.5927196786872861,0.6013222847468049,0.6081659397359029,0.5888871787240799,0.6028891061679138,0.6119748921230909,1.0,0.5953562819372809
0,11,0.3866812802256406,0.8768662621999472,3791,2.2019351363182067,0.41930379746835444,632,2.2029243185878182,0.397,0.7812362760612218,0.08243807464477224,,,0.7075350457131157,,0.7075548416244164,0.2924451583755836,0,0.39471952825681655,5,0.1,0.5,0.5785632863320304,0.5820344227555118,0.5933904453899523,0.5962455432577145,0.5872042700607524,0.6046283542045237,0.6010723617005348,0.5892772698420945,0.596977187805754,0.6030603750303488,0.5953562819372809,1.0
1,0,0.2617849064664734,0.9211346481616752,8214,2.0418964430343274,0.7231555880204529,1369,2.0473247237098864,0.7001,0.7936147211847598,0.08333110199348354,,,0.7655061915234209,,0.7655288389137092,0.23447116108629085,0.9592353695881578,0.4057176060775894,5,0.1,0.5,1.0,0.6072360994556458,0.6072916780913229,0.6143995188357875,0.6111717246200158,0.6153182148347243,0.613984545384582,0.618204919062062,0.609569914026904,0.6093140560156217,0.6048306411247186,0.618182246142853
1,1,0.2787857936505337,0.9165804685123212,6574,2.0478600229535786,0.6879562043795621,1096,2.0478659647341355,0.699,0.8018625878185353,0.08297101135033115,,,0.7144501983931705,,0.7144621253953115,0.2855378746046885,0.9584865632093023,0.4053968416871793,5,0.1,0.5,0.6072360994556458,1.0,0.6204384001123643,0.6186898872350999,0.6241696404827554,0.6259914656100276,0.6141192596355975,0.613377482016902,0.6196495575998011,0.6215100743516929,0.6261931696648458,0.6231272328436833
1,2,0.2849211138246056,0.9135396852844544,5783,2.045173979574634,0.6898340248962656,964,2.0476726038387407,0.6997,0.8073055262470679,0.08318539866947446,,,0.7448474267064907,,0.7448571858842428,0.25514281411575723,0.9588642855282403,0.4056059763128181,5,0.1,0.5,0.6072916780913229,0.6204384001123643,1.0,0.6290775392158094,0.6181941936648808,0.6266878233748792,0.6259494052672218,0.6342776212534933,0.6197459865157319,0.6245274430584713,0.6288224287113398,0.63255800783141
1,3,0.27084984525320044,0.9170796292793645,5287,2.0438969135284424,0.6923950056753689,881,2.047015142136108,0.7017,0.8164849403059722,0.08463231052999022,,,0.9499999998582134,,0.9500025099141609,0.04999749008583909,0.9599276571903456,0.40604833359188985,5,0.1,0.5,0.6143995188357875,0.6186898872350999,0.6290775392158094,1.0,0.633431948774055,0.6350211456300684,0.6373093799087111,0.6406604204076052,0.640193953530613,0.6277811519833911,0.6386695475907334,0.6343394887148258
1,4,0.31270764653420735,0.9020466058763931,4935,2.046424471415006,0.6982968369829684,822,2.0478417953363244,0.6991,0.8089849557988612,0.08307481057096112,,,0.7291675269219393,,0.7291802620350384,0.2708197379649616,0.9585824520201967,0.405506534460669,5,0.1,0.5,0.6111717246200158,0.6241696404827554,0.6181941936648808,0.633431948774055,1.0,0.6215636542205237,0.6219382106626107,0.6332348682720605,0.6334479130953196,0.6261509566651005,0.6254510905254131,0.6363091185488055
1,5,0.29662380492416757,0.9106063852581958,4667,2.047577266693115,0.705655526992288,778,2.0473412918968323,0.7004,0.8185755174665937,0.08363627940993631,,,0.8087762302601034,,0.8087947392199186,0.19120526078008138,0.959294054433025,0.40588268087650886,5,0.1,0.5,0.6153182148347243,0.6259914656100276,0.6266878233748792,0.6350211456300684,0.6215636542205237,1.0,0.6362861131386666,0.6398774726986912,0.6440494011310725,0.6430408147761332,0.6428101500574981,0.646491781704262
1,6,0.32570121363503857,0.9002021109364473,4453,2.044107352693876,0.7021563342318059,742,2.0472423999835128,0.7005,0.8142401777245036,0.08368543659668093,,,0.8157460558761311,,0.8157622609306762,0.18423773906932384,0.9594217231075174,0.4059021319992044,5,0.1,0.5,0.613984545384582,0.6141192596355975,0.6259494052672218,0.6373093799087111,0.6219382106626107,0.6362861131386666,1.0,0.6356260141831177,0.6339285944977026,0.6388473074815963,0.6348611068476665,0.6404757251197696
1,7,0.31573524249217183,0.9040448912789338,4277,2.058966014696204,0.6900420757363254,713,2.0492645513516266,0.6959,0.8175178772353885,0.08251645328637401,,,0.65,,0.650002509914161,0.349997490085839,0.9566297485519755,0.40471267951846346,5,0.1,0.5,0.618204919062062,0.613377482016902,0.6342776212534933,0.6406604204076052,0.6332348682720605,0.6398774726986912,0.6356260141831177,1.0,0.6469959198266764,0.6341258862611447,0.6329221138635366,0.6444432504682299
1,8,0.3287985499383649,0.8991523371276338,4129,2.0469799529422414,0.690406976744186,688,2.0476922383323646,0.6996,0.8178530537181888,0.08331489219237694,,,0.7632078605068299,,0.7632197178856484,0.23678028211435165,0.9588636395896046,0.40570588901692545,5,0.1,0.5,0.609569914026904,0.6196495575998011,0.6197459865157319,0.640193953530613,0.6334479130953196,0.6440494011310725,0.6339285944977026,0.6469959198266764,1.0,0.6434429546839598,0.6428107330904297,0.6382232071111122
1,9,0.3363664527510529,0.8951762059485129,4001,2.058493182772682,0.679160419790105,667,2.0475412523403715,0.6999,0.8145856975910919,0.08342456576087919,,,0.7787580922790319,,0.7787711460268059,0.22122885397319414,0.9591379783627877,0.4057770134102932,5,0.1,0.5,0.6093140560156217,0.6215100743516929,0.6245274430584713,0.6277811519833911,0.6261509566651005,0.6430408147761332,0.6388473074815963,0.6341258862611447,0.6434429546839598,1.0,0.6294834395566941,0.6405045616280162
1,10,0.34565863124415525,0.8957058369760864,3889,2.046710933957781,0.7083333333333334,648,2.047726932044227,0.6995,0.8149343315200168,0.08322742240350021,,,0.7508058250057175,,0.7508257617589479,0.24917423824105212,0.9587735714069442,0.40564060769659005,5,0.1,0.5,0.6048306411247186,0.6261931696648458,0.6288224287113398,0.6386695475907334,0.6254510905254131,0.6428101500574981,0.6348611068476665,0.6329221138635366,0.6428107330904297,0.6294834395566941,1.0,0.6364544223800713
1,11,0.3322796822924699,0.8981798997625956,3791,2.0511330246925352,0.7246835443037974,632,2.048021292534118,0.6985,0.8195641548018431,0.08300031723601202,,,0.7186053774472543,,0.7186235630741429,0.2813764369258571,0.9579877345661639,0.4054303392031303,5,0.1,0.5,0.618182246142853,0.6231272328436833,0.63255800783141,0.6343394887148258,0.6363091185488055,0.646491781704262,0.6404757251197696,0.6444432504682299,0.6382232071111122,0.6405045616280162,0.6364544223800713,1.0
2,0,0.23633286566491662,0.9295349403457511,8214,1.8615775246952855,0.8641344046749452,1369,1.8708346126178583,0.8444,0.7935765839647628,0.08401821352877828,,,0.9113508633621177,,0.9113699111490388,0.08863008885096124,0.9617390606620355,0.3870610464806641,5,0.1,0.5,1.0,0.6119734563328749,0.6202568025930189,0.6095728775101328,0.6177716039614335,0.610149488296875,0.6134229550698737,0.6144665268003888,0.35426094333593316,0.4857355538332013,0.6183159821282653,0.6164461523158693
2,1,0.25561321607194115,0.923364770307271,6574,1.8717949322291783,0.8312043795620438,1096,1.8715129028113124,0.8434,0.8042885997015524,0.08415502180443245,,,0.9151555689242288,,0.915179960845339,0.08482003915466096,0.9609808235889394,0.3870627979881353,5,0.1,0.5,0.6119734563328749,1.0,0.6291039670254995,0.6188033999683835,0.6286427968282001,0.6216762182052172,0.6215940729492163,0.6266821477160216,0.36234062449174703,0.49114131627434937,0.634048910512963,0.6275636444996137
2,2,0.26136695811864585,0.9229119833996196,5783,1.868359265788909,0.8319502074688797,964,1.8712428610164897,0.844,0.8093750801103484,0.08447880650914134,,,0.9241601811163052,,0.9241754931981326,0.07582450680186736,0.9614021500342685,0.3870662898627455,5,0.1,0.5,0.6202568025930189,0.6291039670254995,1.0,0.6319424012531139,0.6265765469735562,0.6225289064575534,0.6291340480134814,0.6275162075352361,0.3635353982415018,0.4947537322071344,0.6396017604808119,0.6347131097217701
2,3,0.2454771068463304,0.9252506147153395,5287,1.8662098135266985,0.8422247446083996,881,1.8703887820624696,0.8449,0.8081690169872943,0.0854079457035362,,,0.9499999999721895,,0.9500025099141609,0.04999749008583909,0.9624739255818762,0.3870723565053905,5,0.1,0.5,0.6095728775101328,0.6188033999683835,0.6319424012531139,1.0,0.6267517670151368,0.6306696605668943,0.6282123031744248,0.6355136550138804,0.35379223679839844,0.4973512532370541,0.6332856477335239,0.6361740305186936
2,4,0.28574127302054436,0.9148936170212766,4935,1.8690098707492535,0.829683698296837,822,1.8714647449243564,0.8434,0.8097642366482881,0.08441828961596341,,,0.9224771764956066,,0.9224938507103058,0.07750614928969424,0.9612090835901251,0.38706565045105973,5,0.1,0.5,0.6177716039614335,0.6286427968282001,0.6265765469735562,0.6267517670151368,1.0,0.625918118203107,0.6313285859073183,0.6339225440509377,0.365871499066494,0.4961026991144547,0.639994727243679,0.6309974666504059
2,5,0.2720351157977871,0.919305763874009,4667,1.8716429948806763,0.8624678663239075,778,1.8708114719238524,0.8442,0.8099054381466431,0.08480037320141653,,,0.9331031092896114,,0.9331208272677074,0.0668791727322926,0.9620731820254811,0.38706901700530555,5,0.1,0.5,0.610149488296875,0.6216762182052172,0.6225289064575534,0.6306696605668943,0.625918118203107,1.0,0.630023216204629,0.6349458815367649,0.3626886572644883,0.4999692099191402,0.646822221727847,0.6372235049014259
2,6,0.29073645220021715,0.9130473837862115,4453,1.8664344251155853,0.8571428571428571,742,1.8706965834949725,0.8445,0.8110701877427353,0.0848745599450558,,,0.9351662791878472,,0.9351889965363185,0.06481100346368152,0.9621258452399948,0.38706954563529045,5,0.1,0.5,0.6134229550698737,0.6215940729492163,0.6291340480134814,0.6282123031744248,0.6313285859073183,0.630023216204629,1.0,0.6318816862384986,0.3620501151075624,0.5049079103847904,0.6409778266507122,0.639717892005471
2,7,0.28358171147697453,0.9134440028057049,4277,1.8885025200636492,0.8246844319775596,713,1.8732569998445603,0.8423,0.8106428198415394,0.08407434345496433,,,0.9129118642689691,,0.9129260579288189,0.08707394207118113,0.9592665320663435,0.38706174802785226,5,0.1,0.5,0.6144665268003888,0.6266821477160216,0.6275162075352361,0.6355136550138804,0.6339225440509377,0.6349458815367649,0.6318816862384986,1.0,0.3594408816871911,0.4931701360750911,0.6381605166219608,0.6386441720485597
2,8,0.4258825131305135,0.8975538871397433,4129,1.8692686449397693,0.8575581395348837,688,1.8722179088348778,0.8418,0.5280283730129858,0.07462065033404326,,,0.65,,0.650002509914161,0.349997490085839,0.9597446314705557,0.3857090456746776,5,0.1,0.5,0.35426094333593316,0.36234062449174703,0.3635353982415018,0.35379223679839844,0.365871499066494,0.3626886572644883,0.3620501151075624,0.3594408816871911,1.0,0.29713327110865956,0.36314484623736043,0.36134134242084964
2,9,0.41497086902901564,0.885178705323669,4001,1.882838005111331,0.8425787106446777,667,1.8711612472138084,0.8437,0.6732677597335678,0.07982827367071646,,,0.7948265711973889,,0.7948345966567943,0.20516540334320565,0.9617265955005262,0.38686356095239244,5,0.1,0.5,0.4857355538332013,0.49114131627434937,0.4947537322071344,0.4973512532370541,0.4961026991144547,0.4999692099191402,0.5049079103847904,0.4931701360750911,0.29713327110865956,1.0,0.4943236958279149,0.49921806151904646
2,10,0.3093149959674624,0.908254049884289,3889,1.8708242121196927,0.8425925925925926,648,1.8713253858371284,0.8439,0.8173917758281886,0.08479040691089931,,,0.9328259418391543,,0.9328447367100046,0.06715526328999544,0.9614967185381824,0.3870689126283838,5,0.1,0.5,0.6183159821282653,0.634048910512963,0.6396017604808119,0.6332856477335239,0.639994727243679,0.646822221727847,0.6409778266507122,0.6381605166219608,0.36314484623736043,0.4943236958279149,1.0,0.645329331981465
2,11,0.302244518755176,0.9105249274597731,3791,1.879563444852829,0.8370253164556962,632,1.8716945240672784,0.8433,0.8144280186327416,0.0845331153210527,,,0.9256705359377717,,0.9256914813513378,0.07430851864866217,0.9610506962621682,0.3870667964184199,5,0.1,0.5,0.6164461523158693,0.6275636444996137,0.6347131097217701,0.6361740305186936,0.6309974666504059,0.6372235049014259,0.639717892005471,0.6386441720485597,0.36134134242084964,0.49921806151904646,0.645329331981465,1.0
3,0,0.2228473500504452,0.9319698076454833,8214,1.6381095509196437,0.9116143170197224,1369,1.6514141323467413,0.9023,0.7929274984795751,0.08345126633626253,,,0.890459430142079,,0.89047738567341,0.10952261432659005,0.9636012160450491,0.40133125820740906,5,0.1,0.5,1.0,0.6121885333148254,0.6090291054281334,0.6026023680491365,0.6039508859405002,0.60838500754463,0.6058397314988925,0.6071464123165723,0.6106218352306823,0.5522822193838135,0.6114664857423584,0.6092369198080873
3,1,0.23755328978312393,0.9289625798600548,6574,1.6525454657418388,0.8968978102189781,1096,1.6522172438070035,0.9022,0.7982915662912288,0.0837294085787792,,,0.9022296838419495,,0.9022488830881984,0.0977511169118016,0.9636279919848969,0.40134000206717274,5,0.1,0.5,0.6121885333148254,1.0,0.6146689126911399,0.5988293835985367,0.6142907912213527,0.6136376428973814,0.6145799093420101,0.6093561507191039,0.6092910935916201,0.5683687004976834,0.6122248449495221,0.6163761953512844
3,2,0.23984007533557342,0.9281341864084385,5783,1.6484274556559901,0.8993775933609959,964,1.6518604766827423,0.9023,0.8044932562057335,0.08416088847497731,,,0.9204887868055751,,0.9205059986948446,0.07949400130515538,0.9636516900717265,0.401348966212463,5,0.1,0.5,0.6090291054281334,0.6146689126911399,1.0,0.6196262676732458,0.6186466611773276,0.6209728169234797,0.6143806426040196,0.6131854957264438,0.6142909871973491,0.5700602478148117,0.6233953549296676,0.6233865277332757
3,3,0.21593226744226707,0.9341025156043125,5287,1.6449278167315893,0.8944381384790011,881,1.6508122553078892,0.9026,0.8068060744311149,0.08485826639178508,,,0.9499999999576825,,0.9500025099141609,0.04999749008583909,0.9636857341801568,0.4013558722237563,5,0.1,0.5,0.6026023680491365,0.5988293835985367,0.6196262676732458,1.0,0.617609423427633,0.6198487075097017,0.6218808020151076,0.6208403494816227,0.6340305375987996,0.5744052678189712,0.623695185009935,0.628515120464294
3,4,0.2569285919679509,0.922998986828774,4935,1.648659742795504,0.9087591240875912,822,1.652135375208748,0.9022,0.8073755630811645,0.0842213998142301,,,0.9230494687368053,,0.9230661111389991,0.07693388886100094,0.9636477203414687,0.40134993390822665,5,0.1,0.5,0.6039508859405002,0.6142907912213527,0.6186466611773276,0.617609423427633,1.0,0.6175443574642013,0.6245904026295905,0.6258579305342316,0.6234140494551643,0.5779958309059258,0.6234131067604651,0.6235106250867256
3,5,0.24685040643464212,0.9253053353331905,4667,1.6527951288223266,0.9151670951156813,778,1.6513392171158958,0.9025,0.8100560038924169,0.08456857981800767,,,0.9377412202917279,,0.9377541288087947,0.06224587119120528,0.9636723749470496,0.401353880750991,5,0.1,0.5,0.60838500754463,0.6136376428973814,0.6209728169234797,0.6198487075097017,0.6175443574642013,1.0,0.6209499143221745,0.6227814626611645,0.6278051410121557,0.5767372424331171,0.6299905825858543,0.6363209134117827
3,6,0.26409699239468737,0.9209970806198069,4453,1.6452171156803768,0.9164420485175202,742,1.6512090123880405,0.9024,0.8089234057156041,0.08457825297752534,,,0.9381505631537549,,0.93817077455951,0.061829225440489965,0.9636740928267478,0.4013539724189619,5,0.1,0.5,0.6058397314988925,0.6145799093420101,0.6143806426040196,0.6218808020151076,0.6245904026295905,0.6209499143221745,1.0,0.6174047275996833,0.6284121226412368,0.5875382780930605,0.6224548795150044,0.6264937847688203
3,7,0.25934529682037544,0.9240589198036007,4277,1.6761317408603171,0.8863955119214586,713,1.6542435747365982,0.9019,0.8069215614410121,0.08397729251161884,,,0.9127194848561532,,0.9127353044525878,0.08726469554741223,0.9636285135864258,0.4013457567439037,5,0.1,0.5,0.6071464123165723,0.6093561507191039,0.6131854957264438,0.6208403494816227,0.6258579305342316,0.6227814626611645,0.6174047275996833,1.0,0.6245854739696977,0.5767042559747284,0.6237301470363098,0.6264802581363388
3,8,0.2699114296255432,0.9196415596996852,4129,1.6493765820156445,0.9011627906976745,688,1.654571420087601,0.9015,0.8087930619389053,0.07776898226325787,,,0.65,,0.650002509914161,0.349997490085839,0.9603520836461725,0.3999056222934541,5,0.1,0.5,0.6106218352306823,0.6092910935916201,0.6142909871973491,0.6340305375987996,0.6234140494551643,0.6278051410121557,0.6284121226412368,0.6245854739696977,1.0,0.5903967913680812,0.6353285625888866,0.6301999760345626
3,9,0.30831674447131624,0.9081229692576855,4001,1.6638509262175787,0.9070464767616192,667,1.6525054046521173,0.902,0.7601048360198072,0.07952431846600869,,,0.7242812463436084,,0.7242959690778575,0.27570403092214246,0.9622875127176165,0.40074083459958987,5,0.1,0.5,0.5522822193838135,0.5683687004976834,0.5700602478148117,0.5744052678189712,0.5779958309059258,0.5767372424331171,0.5875382780930605,0.5767042559747284,0.5903967913680812,1.0,0.5801732685099916,0.5863668205765861
3,10,0.279725171089722,0.9159166880946259,3889,1.653328464144752,0.8996913580246914,648,1.6519712727671614,0.9022,0.8119718846607172,0.084628882826932,,,0.940293086227239,,0.9403092214246273,0.05969077857537275,0.963673874932959,0.40135437549961567,5,0.1,0.5,0.6114664857423584,0.6122248449495221,0.6233953549296676,0.623695185009935,0.6234131067604651,0.6299905825858543,0.6224548795150044,0.6237301470363098,0.6353285625888866,0.5801732685099916,1.0,0.6283926240455423
3,11,0.2719121600055144,0.9176470588235294,3791,1.6652777433395385,0.879746835443038,632,1.6524027947800608,0.9021,0.8140998097243772,0.08453246154061546,,,0.9362127890679697,,0.9362331208272677,0.06376687917273227,0.9636626571865655,0.4013535590162126,5,0.1,0.5,0.6092369198080873,0.6163761953512844,0.6233865277332757,0.628515120464294,0.6235106250867256,0.6363209134117827,0.6264937847688203,0.6264802581363388,0.6301999760345626,0.5863668205765861,0.6283926240455423,1.0
4,0,0.2061288911591969,0.938081324567811,8214,1.3991799409999404,0.9342585829072315,1369,1.4165407822916682,0.9249,0.7846171758515631,0.08331733234095293,,,0.8922654932124381,,0.8922795040409618,0.10772049595903821,0.967970423328277,0.3939466680080188,5,0.1,0.5,1.0,0.5942588156064402,0.5940932486306025,0.5903449918446745,0.5859925919184913,0.5980436267862997,0.5964849195837928,0.5933821790857894,0.5107640994289062,0.5579314426260397,0.5903915759979305,0.5994728864413457
4,1,0.21649540079671672,0.9355339215089747,6574,1.4175404071807862,0.9233576642335767,1096,1.4173850144821996,0.9248,0.7894213440090635,0.08367197790104372,,,0.9054658381963552,,0.9054866723558054,0.09451332764419462,0.9680176187160876,0.3939571273223882,5,0.1,0.5,0.5942588156064402,1.0,0.5965969821382845,0.5944207872397557,0.6020016246022046,0.60132531332256,0.601036813218615,0.5920629276732972,0.5088065293374878,0.5658728121905505,0.6008997706248091,0.5976676807043015
4,2,0.2204691360179767,0.9352931004668857,5783,1.412859655195667,0.9284232365145229,964,1.4170028911992765,0.9249,0.7962973268051595,0.08420186504638423,,,0.9251888910360612,,0.9252095778324382,0.07479042216756182,0.9680395659814666,0.39396755958794066,5,0.1,0.5,0.5940932486306025,0.5965969821382845,1.0,0.6048764154244419,0.5968086801608713,0.608188402638923,0.6064176192893151,0.599232055369682,0.522865025610441,0.5733991866935599,0.6068956285976841,0.6091545478318545
4,3,0.20252314528383045,0.9387932665027425,5287,1.4083118310996465,0.923950056753689,881,1.4158225752675115,0.925,0.802009989539595,0.08486844986916803,,,0.9499999999627786,,0.9500025099141609,0.04999749008583909,0.9680638223505322,0.39397426194280943,5,0.1,0.5,0.5903449918446745,0.5944207872397557,0.6048764154244419,1.0,0.6025136904827854,0.6163533531888239,0.6107599779668484,0.6130523567205131,0.5350175043590972,0.5779498963619206,0.6120197685995642,0.6124822668812653
4,4,0.23554147182573235,0.9282674772036474,4935,1.413447916507721,0.9355231143552312,822,1.4173067164497253,0.9247,0.7954308083221422,0.08421182003022924,,,0.9255594278081269,,0.9255810451282566,0.07441895487174344,0.9680384521404732,0.3939677312452581,5,0.1,0.5,0.5859925919184913,0.6020016246022046,0.5968086801608713,0.6025136904827854,1.0,0.6026932237693063,0.6064781015065457,0.6034925411882933,0.5209018333243544,0.5786188609768822,0.6069962431939215,0.6038038655871744
4,5,0.22206724934688168,0.9341761302764088,4667,1.4188137865066528,0.929305912596401,778,1.4164266472045606,0.9249,0.8038768503343834,0.08474059500564766,,,0.9452410843121546,,0.9452587721499924,0.05474122785000757,0.9680626951492458,0.3939734298728021,5,0.1,0.5,0.5980436267862997,0.60132531332256,0.608188402638923,0.6163533531888239,0.6026932237693063,1.0,0.6088893510578355,0.6128184969907827,0.5247125968824478,0.5835376469429652,0.6155499516717063,0.6160766513508865
4,6,0.24523112740168082,0.9269256680889288,4453,1.408135195573171,0.9339622641509434,742,1.4162841521132106,0.9251,0.8014635952377189,0.08466222450161745,,,0.9423240375302988,,0.9423372320666633,0.05766276793333669,0.9680623008888513,0.3939728040341153,5,0.1,0.5,0.5964849195837928,0.601036813218615,0.6064176192893151,0.6107599779668484,0.6064781015065457,0.6088893510578355,1.0,0.6086936000826868,0.5221893548202918,0.5858552600932009,0.6091288205376623,0.6096360164984772
4,7,0.23497094153357087,0.9314940378770166,4277,1.4475009700526362,0.906030855539972,713,1.419624365556735,0.9243,0.797581069556349,0.08412436928664692,,,0.9223044033152467,,0.9223231765473621,0.07767682345263793,0.9680346439420006,0.393966357421643,5,0.1,0.5,0.5933821790857894,0.5920629276732972,0.599232055369682,0.6130523567205131,0.6034925411882933,0.6128184969907827,0.6086936000826868,1.0,0.5192266975319157,0.5765539266783953,0.6007357564735405,0.6119543940002284
4,8,0.31631200512006985,0.9123758779365464,4129,1.4148201617327603,0.9200581395348837,688,1.421773959653446,0.9246,0.707419863053129,0.07680853415153613,,,0.65,,0.650002509914161,0.349997490085839,0.9646725987111723,0.39245394217517243,5,0.1,0.5,0.5107640994289062,0.5088065293374878,0.522865025610441,0.5350175043590972,0.5209018333243544,0.5247125968824478,0.5221893548202918,0.5192266975319157,1.0,0.5018603900946319,0.5249853273152413,0.5283228981046842
4,9,0.27673800468134385,0.9192701824543864,4001,1.4285721551804316,0.9235382308845578,667,1.4180229212910223,0.9241,0.7666485738004389,0.08006292422995602,,,0.7711324110088447,,0.7711510466342051,0.22884895336579492,0.9666567723624867,0.39362954137201367,5,0.1,0.5,0.5579314426260397,0.5658728121905505,0.5733991866935599,0.5779498963619206,0.5786188609768822,0.5835376469429652,0.5858552600932009,0.5765539266783953,0.5018603900946319,1.0,0.5844574048736381,0.5770245825502873
4,10,0.2595007540093216,0.9206479814862433,3889,1.4205606154033117,0.9197530864197531,648,1.417140404256388,0.9249,0.8007922825086105,0.08467244163079767,,,0.942704331674936,,0.9427237588474474,0.05727624115255259,0.9680611360659432,0.3939729046751016,5,0.1,0.5,0.5903915759979305,0.6008997706248091,0.6068956285976841,0.6120197685995642,0.6069962431939215,0.6155499516717063,0.6091288205376623,0.6007357564735405,0.5249853273152413,0.5844574048736381,1.0,0.6070236682911462
4,11,0.24665273677189872,0.9282511210762332,3791,1.4351711452007294,0.9034810126582279,632,1.4176114508138298,0.9249,0.8021982640118852,0.08465746600602003,,,0.942146920457483,,0.9421615380753978,0.05783846192460218,0.9680604323934218,0.3939727844199036,5,0.1,0.5,0.5994728864413457,0.5976676807043015,0.6091545478318545,0.6124822668812653,0.6038038655871744,0.6160766513508865,0.6096360164984772,0.6119543940002284,0.5283228981046842,0.5770245825502873,0.6070236682911462,1.0
5,0,0.19324989004553467,0.9416605794984173,8214,1.1469103818716004,0.9444850255661067,1369,1.1679282470252186,0.9368,0.7723666985940879,0.08287940984350971,,,0.8563903536164572,,0.8564078108528689,0.14359218914713112,0.9670934683969372,0.3924026005659693,5,0.1,0.5,1.0,0.575203103773743,0.5703965563564761,0.5720084969661594,0.5719946225866649,0.5749595285578276,0.5700255133851663,0.5717408714744256,0.5763905066072129,0.5552179241989825,0.5718248599785707,0.5654148209846258
5,1,0.2029884450182825,0.9400973532096136,6574,1.168358472415379,0.9379562043795621,1096,1.1687847998576424,0.9367,0.7827713357405617,0.08348261782136367,,,0.8893614035269078,,0.8893680036142764,0.11063199638572363,0.9672325982495065,0.3924456896783113,5,0.1,0.5,0.575203103773743,1.0,0.583297667378683,0.5802957001990602,0.5855356527817052,0.5846933090952903,0.5769671153874767,0.5741727139597879,0.5798661780475695,0.5805121573905077,0.5806284531751152,0.5705177127710177
5,2,0.20031282984348045,0.9407573923569081,5783,1.163782279337606,0.9387966804979253,964,1.1683740450170474,0.9369,0.7817267244981949,0.08380011907230682,,,0.906715864966096,,0.9067366096079514,0.09326339039204856,0.9672813527829114,0.39245952737120965,5,0.1,0.5,0.5703965563564761,0.583297667378683,1.0,0.5859332646586708,0.5766183799009408,0.5827888523186951,0.5742269560996935,0.5710769087278181,0.5776765041515571,0.5778375684987798,0.5830388925654196,0.5760010364134754
5,3,0.18567649334422257,0.943900132400227,5287,1.157932615705899,0.9330306469920545,881,1.1671120035000884,0.9369,0.7915666808032594,0.08459200576092914,,,0.9499999999453405,,0.9500025099141609,0.04999749008583909,0.967327740879753,0.39247662511170345,5,0.1,0.5,0.5720084969661594,0.5802957001990602,0.5859332646586708,1.0,0.5841043692524243,0.5917049200608153,0.5846734936289654,0.5824997356966222,0.5934049023396049,0.5881746899109712,0.5955565971897722,0.5906235076146877
5,4,0.22101199977340236,0.9325227963525836,4935,1.1647768800075238,0.9440389294403893,822,1.1686749823938924,0.9368,0.7858930099959673,0.08395337376146611,,,0.9150926905234411,,0.9151147030771548,0.08488529692284519,0.9672895134773586,0.3924646263589832,5,0.1,0.5,0.5719946225866649,0.5855356527817052,0.5766183799009408,0.5841043692524243,1.0,0.5796049880978902,0.577635755948463,0.5867496068762936,0.5893703179951237,0.5844537427880259,0.5803563251631676,0.5826508436072053
5,5,0.2047025115426936,0.9387615170344975,4667,1.170173363685608,0.9395886889460154,778,1.1677504520827588,0.9366,0.7925797721905904,0.08454217560069338,,,0.9472763080173523,,0.9472918026203504,0.0527081973796496,0.9673239543715759,0.39247613799192366,5,0.1,0.5,0.5749595285578276,0.5846933090952903,0.5827888523186951,0.5917049200608153,0.5796049880978902,1.0,0.5867570164971427,0.5846663664110558,0.5954356101829064,0.5903305584309878,0.5967780654462815,0.5916465672954999
5,6,0.22862371782406365,0.9324500336851561,4453,1.1582087129354477,0.9460916442048517,742,1.1676045475295558,0.9366,0.7847166228138687,0.08421309976932896,,,0.929289185733525,,0.9293007379147633,0.07069926208523669,0.9673188175121578,0.39247100231893867,5,0.1,0.5,0.5700255133851663,0.5769671153874767,0.5742269560996935,0.5846734936289654,0.577635755948463,0.5867570164971427,1.0,0.5758772063118478,0.589210298322684,0.592045172819893,0.5782317568618341,0.5804464017124528
5,7,0.2129475791938603,0.9390694411971008,4277,1.2040317576864492,0.9186535764375876,713,1.1710495986877538,0.9365,0.7819039162206742,0.08375454384511291,,,0.9042247455750088,,0.9042367351036594,0.09576326489634057,0.967282847627577,0.3924578195928211,5,0.1,0.5,0.5717408714744256,0.5741727139597879,0.5710769087278181,0.5824997356966222,0.5867496068762936,0.5846663664110558,0.5758772063118478,1.0,0.5855006882007956,0.5743607813905833,0.574321678766648,0.5804748814013366
5,8,0.2274875901648976,0.9334947929280698,4129,1.167441113428636,0.934593023255814,688,1.1755713068258267,0.9352,0.7887236700051232,0.07910348192517896,,,0.65,,0.650002509914161,0.349997490085839,0.963656218133913,0.39092149873618404,5,0.1,0.5,0.5763905066072129,0.5798661780475695,0.5776765041515571,0.5934049023396049,0.5893703179951237,0.5954356101829064,0.589210298322684,0.5855006882007956,1.0,0.5952086041151458,0.591630066720853,0.5880805651663208
5,9,0.23160856979490588,0.9276680829792552,4001,1.1802232379005069,0.9370314842578711,667,1.1699892362466635,0.9364,0.7845817276796168,0.08113347386318852,,,0.760958355928989,,0.7609758546257718,0.23902414537422823,0.9661186630863667,0.39206880990999277,5,0.1,0.5,0.5552179241989825,0.5805121573905077,0.5778375684987798,0.5881746899109712,0.5844537427880259,0.5903305584309878,0.592045172819893,0.5743607813905833,0.5952086041151458,1.0,0.5846307762361258,0.5846328215550813
5,10,0.23246026280809376,0.9305734121882232,3889,1.1742387385595412,0.9243827160493827,648,1.16850182023673,0.9368,0.7877683776857739,0.08432731268485393,,,0.9355320072419359,,0.9355554440038151,0.06444455599618493,0.9673234738262209,0.3924731976081813,5,0.1,0.5,0.5718248599785707,0.5806284531751152,0.5830388925654196,0.5955565971897722,0.5803563251631676,0.5967780654462815,0.5782317568618341,0.574321678766648,0.591630066720853,0.5846307762361258,1.0,0.577252740053252
5,11,0.23142626447790937,0.9333157478237932,3791,1.1906069815158844,0.9208860759493671,632,1.1689707676823529,0.9367,0.7849572680375154,0.08421838605206788,,,0.9295781313350834,,0.9295918879574319,0.07040811204256814,0.9673167995692777,0.3924711528510439,5,0.1,0.5,0.5654148209846258,0.5705177127710177,0.5760010364134754,0.5906235076146877,0.5826508436072053,0.5916465672954999,0.5804464017124528,0.5804748814013366,0.5880805651663208,0.5846328215550813,0.577252740053252,1.0
6,0,0.18394625029718714,0.9439980521061602,8214,0.9111934165621913,0.9547114682249818,1369,0.934801946813687,0.9442,0.7633638356130251,0.08289678199392113,,,0.846760517618414,,0.8467797801315196,0.15322021986848045,0.9664451304729724,0.38350117643821413,5,0.1,0.5,1.0,0.5558745009357893,0.5626163436851542,0.5464423573600857,0.5455908264883896,0.5545882199896299,0.5501195141543345,0.5512293379112658,0.5340779602739245,0.5247559017528489,0.5539648857175358,0.5493223578745298
6,1,0.19026725726084584,0.9435351384240949,6574,0.9348890406744821,0.9443430656934306,1096,0.9356096539253624,0.9443,0.766136647646787,0.0834014426224035,,,0.881105124039042,,0.8811254455097636,0.11887455449023643,0.9666109513732498,0.38355544326836505,5,0.1,0.5,0.5558745009357893,1.0,0.5582070101320908,0.5472306039195654,0.5586464481129902,0.5602869193466213,0.5509297061261452,0.5452740858478015,0.5351570299796446,0.5363610780117267,0.5584899653268943,0.5446485791313282
6,2,0.19404434588897293,0.9422099256441293,5783,0.930522661055288,0.9429460580912863,964,0.9351954353503145,0.9443,0.7741527742015155,0.08389954002614905,,,0.9150030711450453,,0.915029365995683,0.08497063400431704,0.9666712768110706,0.38358135296314294,5,0.1,0.5,0.5626163436851542,0.5582070101320908,1.0,0.5601627151017566,0.5563878796276832,0.5600623710272714,0.557418188913406,0.5549073139949191,0.5441978543926976,0.5427029208297947,0.5631883412977454,0.5634846322192795
6,3,0.1719164750294715,0.9488556837526008,5287,0.9230927782399314,0.94211123723042,881,0.933986696001059,0.9444,0.7690617226724702,0.08425248907867544,,,0.9390229681043263,,0.939034185030872,0.06096581496912801,0.9667156523573353,0.38358939481227816,5,0.1,0.5,0.5464423573600857,0.5472306039195654,0.5601627151017566,1.0,0.5511849528416143,0.5591603962270922,0.5543015777535748,0.5609563920715377,0.541939539300754,0.5351662690529285,0.5634701991005457,0.5520615538825407
6,4,0.2049924643602102,0.9393313069908814,4935,0.9316180944442749,0.9501216545012166,822,0.9354825042688046,0.9444,0.7696721370906482,0.0838439180125575,,,0.9112177230173949,,0.9112343757843482,0.08876562421565182,0.9666702647992654,0.383579425257673,5,0.1,0.5,0.5455908264883896,0.5586464481129902,0.5563878796276832,0.5511849528416143,1.0,0.5511081969886186,0.5583025622469572,0.5612452346439417,0.5418739324447382,0.5410544629866623,0.5624621190813983,0.5534971572560509
6,5,0.19192822610398066,0.9428326548103707,4667,0.9355140709877015,0.9460154241645244,778,0.934618464864481,0.9443,0.7745578119703662,0.084413785898128,,,0.9499999999319451,,0.9500025099141609,0.04999749008583909,0.9667102397236353,0.38359128434733814,5,0.1,0.5,0.5545882199896299,0.5602869193466213,0.5600623710272714,0.5591603962270922,0.5511081969886186,1.0,0.5574152371764065,0.5603384555962204,0.5496739211209556,0.5349880009305806,0.5727646161057801,0.56270847382406
6,6,0.20477049244567752,0.9398158544801257,4453,0.9245787163575491,0.9555256064690026,742,0.9344746403800793,0.9443,0.7707595482868861,0.08405743637756698,,,0.9257486846100975,,0.9257667787761659,0.07423322122383413,0.9667012506455248,0.38358565331150607,5,0.1,0.5,0.5501195141543345,0.5509297061261452,0.557418188913406,0.5543015777535748,0.5583025622469572,0.5574152371764065,1.0,0.5529558916631234,0.541952196319287,0.5488506000990867,0.5572066375743792,0.560668338979749
6,7,0.2027027286436242,0.9407528641571195,4277,0.9738771604455035,0.9242636746143057,713,0.9377479458007568,0.9443,0.7706448548275211,0.08374446444044024,,,0.904449424484251,,0.9044576075498219,0.09554239245017815,0.9666591275335343,0.38357541852795973,5,0.1,0.5,0.5512293379112658,0.5452740858478015,0.5549073139949191,0.5609563920715377,0.5612452346439417,0.5603384555962204,0.5529558916631234,1.0,0.5483265924933008,0.5363650000280621,0.557035164852839,0.5627305348767229
6,8,0.2214806536739119,0.9345119883749092,4129,0.9341464530337941,0.9476744186046512,688,0.9435345585734699,0.9439,0.7535611234870149,0.08000557732365346,,,0.65,,0.650002509914161,0.349997490085839,0.9631056322026836,0.3819814578741196,5,0.1,0.5,0.5340779602739245,0.5351570299796446,0.5441978543926976,0.541939539300754,0.5418739324447382,0.5496739211209556,0.541952196319287,0.5483265924933008,1.0,0.5257474665780724,0.5535756993398214,0.5434268463716897
6,9,0.23188027694746519,0.929017745563609,4001,0.94771447068169,0.9445277361319341,667,0.9373796266107894,0.9442,0.7470815846306786,0.08114334491812582,,,0.7274306098492547,,0.7274484212639928,0.2725515787360072,0.9651502159960367,0.3829183081436,5,0.1,0.5,0.5247559017528489,0.5363610780117267,0.5427029208297947,0.5351662690529285,0.5410544629866623,0.5349880009305806,0.5488506000990867,0.5363650000280621,0.5257474665780724,1.0,0.5347474291224807,0.5286509527054145
6,10,0.21299665398804135,0.9374132167652353,3889,0.9433078879401797,0.941358024691358,648,0.9353352406154425,0.9443,0.775853548711027,0.08431498441813264,,,0.9432760794342819,,0.9432909994478189,0.05670900055218109,0.9667106711259884,0.38359021723251,5,0.1,0.5,0.5539648857175358,0.5584899653268943,0.5631883412977454,0.5634701991005457,0.5624621190813983,0.5727646161057801,0.5572066375743792,0.557035164852839,0.5535756993398214,0.5347474291224807,1.0,0.5592997434186776
