round,client_id,client_i_training_loss,client_i_training_accuracy,client_i_training_dataset_size,client_i_evaluation_loss,client_i_evaluation_accuracy,client_i_evaluation_dataset_size,client_i_central_evaluation_loss,client_i_central_evaluation_accuracy,client_i_cosine_similarity,client_i_importance_coefficient,client_i_tanh_val,tanh_normalization_value,client_i_q,client_i_mask_order,client_i_v_nonzero_fraction,client_i_v_sparsity,client_i_v_cosine_similarity,client_i_reward_gradient_norm,local_epochs,learning_rate,gamma,client_0_cosine_similarity,client_1_cosine_similarity,client_2_cosine_similarity,client_3_cosine_similarity,client_4_cosine_similarity,client_5_cosine_similarity,client_6_cosine_similarity,client_7_cosine_similarity,client_8_cosine_similarity,client_9_cosine_similarity,client_10_cosine_similarity,client_11_cosine_similarity
0,0,2.2720957270375006,0.12803506208911614,6845,2.2996820536526767,0.09788166544923302,1369,2.2991630276547204,0.1,0.879992067538016,0.07946866799372097,,,0.55,,0.5500404350481095,0.4499595649518905,0,0.13752378210877522,10,0.025,0.15,1.0,0.9196620459100145,0.8393232166295331,0.8363011672874667,0.8074670254971611,0.7843508179537034,0.7348992543386518,0.7229359405747736,0.6854979903858722,0.7389351936100415,0.727008372531251,0.6688180820329475
0,1,2.2859885032786877,0.14563709382986492,5478,2.3013613753848605,0.08759124087591241,1096,2.299057130572162,0.1,0.9350151648157592,0.08443759034069691,,,0.8679116337735564,,0.8679506857454077,0.13204931425459232,0,0.13832902774823638,10,0.025,0.15,0.9196620459100145,1.0,0.8840877648492553,0.886180029817253,0.8869118818426066,0.8590868171274567,0.7999861461209337,0.8152092221852355,0.7592609363151214,0.8208132869966154,0.8063003566649821,0.7448097216606844
0,2,2.294132755932055,0.10609958506224067,4820,2.2997234165668488,0.10580912863070539,964,2.2990565179269526,0.1,0.9387651325751978,0.08477623537382285,,,0.889578141767164,,0.8896123186611873,0.11038768133881272,0,0.1383337991401611,10,0.025,0.15,0.8393232166295331,0.8840877648492553,1.0,0.9049162837424026,0.8630193441301759,0.8719719768779148,0.861167367821503,0.836061495530519,0.8526684115352929,0.8128464339368973,0.8088821565551071,0.7954944557327426
0,3,2.2948091098240444,0.11162051747616886,4406,2.2990899426596507,0.09875141884222474,881,2.299056013928184,0.1,0.948683013779203,0.08567188072981717,,,0.9468815284017209,,0.9469310623689987,0.05306893763100129,0,0.13833833865858192,10,0.025,0.15,0.8363011672874667,0.886180029817253,0.9049162837424026,1.0,0.8912785501107788,0.8694243405759899,0.850480067248503,0.8841196896108681,0.8461789099081412,0.8616651381982742,0.8407244079020859,0.8032143054308194
0,4,2.298069467689052,0.1430690661478599,4112,2.2980526856013705,0.10340632603406326,822,2.2990559173535696,0.1,0.9544150496260569,0.0861895186386635,,,0.9799999999360199,,0.9800300374643098,0.019969962535690167,0,0.1383388081734762,10,0.025,0.15,0.8074670254971611,0.8869118818426066,0.8630193441301759,0.8912785501107788,1.0,0.9356180983844499,0.8702438510316713,0.9133892565709298,0.8603325933702652,0.8358848390552637,0.8884982999603914,0.847188650668618
0,5,2.298496593967561,0.1368218050912831,3889,2.3017654418945312,0.08611825192802057,778,2.2990559777127038,0.1,0.9489106972141518,0.08569244193709058,,,0.9481970343686483,,0.9482266343186282,0.05177336568137181,0,0.13833836025175156,10,0.025,0.15,0.7843508179537034,0.8590868171274567,0.8719719768779148,0.8694243405759899,0.9356180983844499,1.0,0.8673406696993436,0.9013941860935137,0.852027276121203,0.8627299050860648,0.9118186552776466,0.860278040013701
0,6,2.299266343281187,0.10908111021288062,3711,2.297111392021179,0.10377358490566038,742,2.299058714999428,0.1,0.9238562120309185,0.08342986862736702,,,0.8034376022023517,,0.8034856661880477,0.19651433381195227,0,0.1383076603225272,10,0.025,0.15,0.7348992543386518,0.7999861461209337,0.861167367821503,0.850480067248503,0.8702438510316713,0.8673406696993436,1.0,0.8965170935733258,0.8970733155345189,0.8690564365986597,0.8628502799000658,0.8396653491731393
0,7,2.2995668862547194,0.11823793490460158,3564,2.303144176801046,0.09396914446002805,713,2.2990573056136507,0.1,0.9324150779462872,0.08420278658756424,,,0.8528888904980451,,0.8529319535904673,0.14706804640953275,0,0.13832636971378637,10,0.025,0.15,0.7229359405747736,0.8152092221852355,0.836061495530519,0.8841196896108681,0.9133892565709298,0.9013941860935137,0.8965170935733258,1.0,0.8807750773617952,0.8639635320562162,0.8984760775753761,0.848822776495213
0,8,2.2995272548110397,0.1054925893635571,3441,2.297970692316691,0.10174418604651163,688,2.2991028073467787,0.1,0.897686791443208,0.08106660982880635,,,0.652236312824707,,0.6522668383093199,0.34773316169068014,0,0.13800655908750792,10,0.025,0.15,0.6854979903858722,0.7592609363151214,0.8526684115352929,0.8461789099081412,0.8603325933702652,0.852027276121203,0.8970733155345189,0.8807750773617952,1.0,0.8107234223563822,0.8039726228987567,0.834574971840229
0,9,2.2977400373529506,0.10767846430713857,3334,2.298334280649821,0.10794602698650675,667,2.2990704548509817,0.1,0.9094408309416296,0.08212807151345364,,,0.7201486275662767,,0.7201977191332046,0.27980228086679537,0,0.1382269271980101,10,0.025,0.15,0.7389351936100415,0.8208132869966154,0.8128464339368973,0.8616651381982742,0.8358848390552637,0.8627299050860648,0.8690564365986597,0.8639635320562162,0.8107234223563822,1.0,0.8869335776974998,0.8146102161046272
0,10,2.3002806562643783,0.12406664609688368,3241,2.2991756200790405,0.10030864197530864,648,2.299065580850915,0.1,0.9210073002082912,0.08317259445851098,,,0.7869772018101951,,0.7870228251720552,0.21297717482794476,0,0.1382764609690108,10,0.025,0.15,0.727008372531251,0.8063003566649821,0.8088821565551071,0.8407244079020859,0.8884982999603914,0.9118186552776466,0.8628502799000658,0.8984760775753761,0.8039726228987567,0.8869335776974998,1.0,0.9198327521999736
0,11,2.3006494760513307,0.12067109844887623,3159,2.296381616592407,0.12341772151898735,632,2.299154480801353,0.1,0.883259464935112,0.07976373397048578,,,0.5688783201253645,,0.5689211269000347,0.4310788730999653,0,0.1376094316521899,10,0.025,0.15,0.6688180820329475,0.7448097216606844,0.7954944557327426,0.8032143054308194,0.847188650668618,0.860278040013701,0.8396653491731393,0.848822776495213,0.834574971840229,0.8146102161046272,0.9198327521999736,1.0
1,0,2.1247978137599097,0.20737764791818847,6845,2.2910385782068428,0.10445580715850986,1369,2.2901111041443256,0.1084,0.9057147994634117,0.07877921843192394,,,0.55,,0.5500404350481095,0.4499595649518905,0.824347251568429,0.14518009239223686,10,0.025,0.15,1.0,0.9613282399744622,0.9235843951781458,0.9144168179747993,0.8870738567906249,0.8706425695882466,0.8524445675845066,0.8479349997793932,0.8307853228590845,0.8414121076983305,0.8255811728361397,0.8103079933948175
1,1,2.1520424926003745,0.20890836071558963,5478,2.292262077331543,0.09397810218978102,1096,2.2898332257814045,0.1084,0.9570014894171917,0.08353072584092514,,,0.8488902543455343,,0.8489297090326946,0.1510702909673054,0.8351087207300631,0.14582217009478232,10,0.025,0.15,0.9613282399744622,1.0,0.96464098032885,0.9581666952775735,0.9445774762328112,0.9346135638461011,0.9122591679750666,0.9115817894321171,0.8980740235895283,0.9086498019476679,0.8906368083391614,0.8763642474059908
1,2,2.199169397981543,0.17682572614107883,4820,2.2902750968933105,0.11203319502074689,964,2.289831746982623,0.1084,0.9760565066898512,0.08436199293610178,,,0.9011805302768618,,0.9012229539040452,0.09877704609595483,0.8350285772798716,0.14583801135550142,10,0.025,0.15,0.9235843951781458,0.96464098032885,1.0,0.9668746042237198,0.9638143533433535,0.957789034735623,0.9453700976813233,0.9456259133366202,0.9346292133329491,0.9439145369590836,0.9216896030024141,0.9146390466949803
1,3,2.2043032693862914,0.17240127099409897,4406,2.2894676412854875,0.10669693530079455,881,2.2898313576662086,0.1084,0.981533966145212,0.08509560042802954,,,0.947327597087007,,0.9473684210526315,0.052631578947368474,0.8347222241590955,0.1458422042992105,10,0.025,0.15,0.9144168179747993,0.9581666952775735,0.9668746042237198,1.0,0.971467597367973,0.9609940525491747,0.957604686599388,0.9562948008384377,0.9486641374507805,0.9477797005014916,0.9415405950874915,0.9223063048565581
1,4,2.2347716414567196,0.17772373540856032,4112,2.288421528679984,0.1192214111922141,822,2.2898311222655865,0.1084,0.9876252447683026,0.08561499897634285,,,0.9799999999370956,,0.9800300374643098,0.019969962535690167,0.8347185095370002,0.14584256451049135,10,0.025,0.15,0.8870738567906249,0.9445774762328112,0.9638143533433535,0.971467597367973,1.0,0.9798487165376838,0.9656856067193085,0.9700460012854467,0.9622206001737251,0.959833201473261,0.963264585626905,0.9491849286832996
1,5,2.2405662505857404,0.17904345590125997,3889,2.291818312236241,0.09383033419023136,778,2.2898312399658978,0.1084,0.9865143501365788,0.08527076331307341,,,0.9583460960087349,,0.9584014127510686,0.041598587248931396,0.8347263950618049,0.14584241074262586,10,0.025,0.15,0.8706425695882466,0.9346135638461011,0.957789034735623,0.9609940525491747,0.9798487165376838,1.0,0.9638548014162877,0.9749734601982619,0.9660214117198519,0.9687052913603224,0.9684718743326721,0.9586262243167181
1,6,2.2458735597544703,0.1572082996496901,3711,2.288478891054789,0.11320754716981132,742,2.2898349550705923,0.1084,0.9827254009964794,0.08374522427521816,,,0.8623831285145,,0.8624135597696028,0.13758644023039723,0.8348418428365253,0.14582445072442815,10,0.025,0.15,0.8524445675845066,0.9122591679750666,0.9453700976813233,0.957604686599388,0.9656856067193085,0.9638548014162877,1.0,0.9796908749271079,0.9824232782821837,0.9761689245376605,0.9677129779198139,0.958861512125972
1,7,2.2536226774965016,0.1564253647586981,3564,2.2940403620402017,0.09817671809256662,713,2.2898311011398893,0.1084,0.9853975489647149,0.08431129741582753,,,0.897991563987923,,0.8980294103084616,0.10197058969153838,0.8351582465829217,0.14583141242112677,10,0.025,0.15,0.8479349997793932,0.9115817894321171,0.9456259133366202,0.9562948008384377,0.9700460012854467,0.9749734601982619,0.9796908749271079,1.0,0.9817447964309022,0.9786442384443548,0.9785142083455668,0.9678032420328112
1,8,2.2492233452973545,0.14373728567276955,3441,2.2882214387257895,0.1119186046511628,688,2.2899162890035893,0.1084,0.9791219779536958,0.08216334732578999,,,0.7628762640482376,,0.7629185852684393,0.23708141473156075,0.8313519044991059,0.14576500888352759,10,0.025,0.15,0.8307853228590845,0.8980740235895283,0.9346292133329491,0.9486641374507805,0.9622206001737251,0.9660214117198519,0.9824232782821837,0.9817447964309022,1.0,0.9739330972863197,0.971619678756407,0.9705489929996418
1,9,2.2495089583926733,0.1533593281343731,3334,2.2892703215281167,0.11544227886056972,667,2.2898574207402485,0.1084,0.9802836852338825,0.08285895344833034,,,0.8066328812633419,,0.8066544536317275,0.1933455463682725,0.8342694339419571,0.14580107560233105,10,0.025,0.15,0.8414121076983305,0.9086498019476679,0.9439145369590836,0.9477797005014916,0.959833201473261,0.9687052913603224,0.9761689245376605,0.9786442384443548,0.9739330972863197,1.0,0.9702855178273757,0.9645634251388727
1,10,2.265380156040192,0.1684048133292194,3241,2.2891891400019326,0.11419753086419752,648,2.2898426931115647,0.1084,0.9752201522706483,0.08334104351197481,,,0.8369584199475886,,0.8370137479163572,0.1629862520836428,0.8348819615455866,0.1458197759784992,10,0.025,0.15,0.8255811728361397,0.8906368083391614,0.9216896030024141,0.9415405950874915,0.963264585626905,0.9684718743326721,0.9677129779198139,0.9785142083455668,0.971619678756407,0.9702855178273757,1.0,0.9754918411169442
1,11,2.2709157972335814,0.1549224438113327,3159,2.287669610977173,0.13132911392405064,632,2.29000313976143,0.1085,0.9659612207909352,0.08092683409646237,,,0.6850942631372805,,0.6851347559868627,0.3148652440131373,0.8295596941309503,0.1456350443002857,10,0.025,0.15,0.8103079933948175,0.8763642474059908,0.9146390466949803,0.9223063048565581,0.9491849286832996,0.9586262243167181,0.958861512125972,0.9678032420328112,0.9705489929996418,0.9645634251388727,0.9754918411169442,1.0
2,0,2.027286892246317,0.2555880204528853,6845,2.2772280302914707,0.1468224981738495,1369,2.275647093978109,0.153,0.9143223120937473,0.07859577815528139,,,0.55,,0.5500404350481095,0.4499595649518905,0.9476875287771042,0.1451827599603875,10,0.025,0.15,1.0,0.9517640710083549,0.9229485178233132,0.9272272815289073,0.9004843634445651,0.8871423082524234,0.8684010981542165,0.8634743386288043,0.8518554548545655,0.8538168055808875,0.8349928169649607,0.820898219001005
2,1,2.0491465222003846,0.2537604965315809,5478,2.277869621912638,0.12773722627737227,1096,2.275063852720623,0.1481,0.9604733346307456,0.0830429903905595,,,0.8441198944769926,,0.8441600237659058,0.15583997623409418,0.9500358365822342,0.14600127999018134,10,0.025,0.15,0.9517640710083549,1.0,0.9598927255041616,0.9634549366425651,0.9498273047141943,0.9403855454265031,0.9198145185893188,0.9199776445585016,0.9132428353955749,0.9152573345042809,0.8961604616413711,0.8880174693644188
2,2,2.097119819490533,0.2290871369294606,4820,2.2752887308597565,0.1441908713692946,964,2.27505510970007,0.1481,0.9768533203141372,0.08409177166002896,,,0.9134818722703717,,0.9135267614002079,0.08647323859979206,0.9502448707389005,0.14601792319648854,10,0.025,0.15,0.9229485178233132,0.9598927255041616,1.0,0.9680607706169038,0.9641054172380444,0.9622575119458718,0.947518869979168,0.9496311911451231,0.9403057480792162,0.9435922238798041,0.925350615250052,0.9235869884702436
2,3,2.0932366739000594,0.22787108488424876,4406,2.274185827800206,0.15550510783200908,881,2.275053175189827,0.1483,0.9850037294643603,0.08481180755969599,,,0.9611020153230834,,0.9611410935617501,0.03885890643824985,0.9503701719126314,0.14602155155705743,10,0.025,0.15,0.9272272815289073,0.9634549366425651,0.9680607706169038,1.0,0.9684233614183293,0.966767291346781,0.9599981279175338,0.960559363469588,0.9546953079417583,0.9508807135833222,0.9462246726695721,0.936309868316997
2,4,2.131417441368103,0.22835603112840466,4112,2.273067133767264,0.15815085158150852,822,2.2750525685805307,0.1483,0.9839011253677062,0.08509755276075628,,,0.9799999999338642,,0.9800300374643098,0.019969962535690167,0.9503770250438933,0.14602164595532782,10,0.025,0.15,0.9004843634445651,0.9498273047141943,0.9641054172380444,0.9684233614183293,1.0,0.9745079384330899,0.9585483318429522,0.959366585142714,0.9601143244217674,0.9534665918972827,0.9514411446718084,0.9481317289751656
2,5,2.1349976166602103,0.2309334019028028,3889,2.2760886464800154,0.12467866323907455,778,2.2750529367712478,0.1483,0.985477507850698,0.08493573762454924,,,0.9692982280668827,,0.9693518839431599,0.030648116056840147,0.9503727801051752,0.1460216166447302,10,0.025,0.15,0.8871423082524234,0.9403855454265031,0.9622575119458718,0.966767291346781,0.9745079384330899,1.0,0.961769757244696,0.9660498597355289,0.9661853123856918,0.9659726454638013,0.9580803839512085,0.9575018273632174
2,6,2.1422709173169627,0.2103745621126381,3711,2.2742828925450644,0.16442048517520216,742,2.275064109246942,0.1482,0.9816402024570533,0.08386581756776587,,,0.8985382198748597,,0.8985740456503442,0.10142595434965584,0.9500653482177956,0.14601644618200715,10,0.025,0.15,0.8684010981542165,0.9198145185893188,0.947518869979168,0.9599981279175338,0.9585483318429522,0.961769757244696,1.0,0.9760596986644471,0.9745649073497803,0.9664568091380872,0.9669759392907596,0.9623134521402917
2,7,2.1487613788672855,0.2068742985409652,3564,2.279562989870707,0.12201963534361851,713,2.275056039230733,0.1481,0.9843090089388651,0.08430340751656859,,,0.9274785768349093,,0.9275057351751911,0.07249426482480892,0.9500791786167051,0.14601886027584157,10,0.025,0.15,0.8634743386288043,0.9199776445585016,0.9496311911451231,0.960559363469588,0.959366585142714,0.9660498597355289,0.9760596986644471,1.0,0.9781153609106019,0.9719110348899662,0.9777043170594073,0.9704717909031028
2,8,2.1455509163715223,0.2015402499273467,3441,2.2723038593928018,0.1555232558139535,688,2.275181474564951,0.1491,0.9817451489522946,0.08288951090986979,,,0.8339694077728164,,0.8340182535360037,0.16598174646399633,0.9499279301251626,0.14599791762553543,10,0.025,0.15,0.8518554548545655,0.9132428353955749,0.9403057480792162,0.9546953079417583,0.9601143244217674,0.9661853123856918,0.9745649073497803,0.9781153609106019,1.0,0.9701445925519651,0.9775293984973302,0.9769629913903733
2,9,2.1428920533921985,0.21136772645470905,3334,2.274799942970276,0.17841079460269865,667,2.275100982641872,0.1481,0.978765593285955,0.08322320620460198,,,0.8560386097091535,,0.8560759848822432,0.14392401511775677,0.9499363716888689,0.1460048026512728,10,0.025,0.15,0.8538168055808875,0.9152573345042809,0.9435922238798041,0.9508807135833222,0.9534665918972827,0.9659726454638013,0.9664568091380872,0.9719110348899662,0.9701445925519651,1.0,0.9686595172551377,0.9687071522061969
2,10,2.1623294899096854,0.21144708423326133,3241,2.273211638132731,0.1728395061728395,648,2.2750746570055997,0.1482,0.9747024341764229,0.08338933905508335,,,0.8670259370206608,,0.8670594642768727,0.13294053572312725,0.9500644894152767,0.14600740387550734,10,0.025,0.15,0.8349928169649607,0.8961604616413711,0.925350615250052,0.9462246726695721,0.9514411446718084,0.9580803839512085,0.9669759392907596,0.9777043170594073,0.9775293984973302,0.9686595172551377,1.0,0.9779801137138978
2,11,2.1756668281555176,0.2111111111111111,3159,2.2738905429840086,0.1629746835443038,632,2.275333407558972,0.1521,0.970375980125902,0.08175308059523899,,,0.7588106911349619,,0.75885032430559,0.24114967569441004,0.9486440203664531,0.14593172243903413,10,0.025,0.15,0.820898219001005,0.8880174693644188,0.9235869884702436,0.936309868316997,0.9481317289751656,0.9575018273632174,0.9623134521402917,0.9704717909031028,0.9769629913903733,0.9687071522061969,0.9779801137138978,1.0
3,0,1.9632423405294066,0.2835208181154127,6845,2.258367668498646,0.21402483564645727,1369,2.2558301189277747,0.2175,0.9192913536437943,0.07869855190552513,,,0.55,,0.5500404350481095,0.4499595649518905,0.974188042400501,0.14466661085605953,10,0.025,0.15,1.0,0.9465011802871294,0.9226978248721912,0.9273807336944015,0.9013010138447938,0.8878577367551693,0.8776673561745563,0.8674265855220531,0.8604822769806904,0.8605182935049756,0.8451710947395673,0.8263864433137311
3,1,1.9803013923556305,0.2823658269441402,5478,2.25801067882114,0.18795620437956204,1096,2.254682507696031,0.2105,0.9609011143590128,0.0828121124584005,,,0.8417282273315949,,0.8417751811325114,0.15822481886748863,0.9790285912083433,0.14572328877059862,10,0.025,0.15,0.9465011802871294,1.0,0.9563328308855478,0.9571490022016973,0.9416732417637187,0.9325902386195638,0.9259097730392284,0.9194331305617167,0.9187311623095755,0.9170543765224585,0.8997172839143381,0.8886887353388808
3,2,2.0295690718450046,0.2625726141078838,4820,2.2546704411506653,0.20228215767634855,964,2.2546663736995263,0.2108,0.9765711820592646,0.08397327157258276,,,0.9240760828392849,,0.9241141423643775,0.0758858576356225,0.9791438979953497,0.14575046651769016,10,0.025,0.15,0.9226978248721912,0.9563328308855478,1.0,0.9624420664720698,0.9587026619163055,0.9545274163342496,0.9512975142363962,0.9464949278381983,0.942197004885231,0.9410877231461926,0.9276353549987995,0.9205680929554637
3,3,2.0174105419431414,0.26543349977303676,4406,2.252889973776681,0.21452894438138478,881,2.254663413084006,0.2111,0.9814797271647399,0.0845796458192292,,,0.9670793355688563,,0.9671238302718226,0.03287616972817742,0.9791558835365052,0.14575252450380993,10,0.025,0.15,0.9273807336944015,0.9571490022016973,0.9624420664720698,1.0,0.9598045795712099,0.9581322965980824,0.957977888040451,0.9520567498680045,0.9504803675213861,0.9442996337502322,0.9427912321718639,0.9286392370986107
3,4,2.058406682809194,0.2557392996108949,4112,2.2518578938075473,0.21532846715328466,822,2.2546628698518005,0.2111,0.981635847366779,0.08476183571465111,,,0.9799999999290813,,0.9800300374643098,0.019969962535690167,0.9791577564632843,0.1457525966269075,10,0.025,0.15,0.9013010138447938,0.9416732417637187,0.9587026619163055,0.9598045795712099,1.0,0.966844370834227,0.9612379039335774,0.9555499055103309,0.9573847624760351,0.946632174582291,0.9464955681682722,0.9458422037365394
3,5,2.0571470491347776,0.2624582154795577,3889,2.2543582235063826,0.20565552699228792,778,2.2546631082703796,0.2111,0.980939005137325,0.08463881622318034,,,0.9712756216896712,,0.9713158719941906,0.02868412800580944,0.9791567110139657,0.14575256170324993,10,0.025,0.15,0.8878577367551693,0.9325902386195638,0.9545274163342496,0.9581322965980824,0.966844370834227,1.0,0.959588008303301,0.9570523819198937,0.9614196589778161,0.9542028920895396,0.9530890283853864,0.9474253085270894
3,6,2.0675144429864556,0.2534087846941525,3711,2.2545701265335083,0.24663072776280323,742,2.254681747170943,0.2108,0.9819926666007014,0.08401007818590818,,,0.926686358759983,,0.9267217903649057,0.07327820963509435,0.9791440814400107,0.1457506952660296,10,0.025,0.15,0.8776673561745563,0.9259097730392284,0.9512975142363962,0.957977888040451,0.9612379039335774,0.959588008303301,1.0,0.968309397631982,0.9687340380460192,0.9575771507437784,0.9616785607044658,0.9551579699342888
3,7,2.0704881293433055,0.24483726150392818,3564,2.2596081097920737,0.1767180925666199,713,2.254668821262408,0.2109,0.9803904905854861,0.08422902241191269,,,0.9422135912185244,,0.9422686537604594,0.05773134623954057,0.9791498519984714,0.1457519920306123,10,0.025,0.15,0.8674265855220531,0.9194331305617167,0.9464949278381983,0.9520567498680045,0.9555499055103309,0.9570523819198937,0.968309397631982,1.0,0.968151472347603,0.9621751166081974,0.9692535275788168,0.9601907377070137
3,8,2.0714792556232875,0.24181923859343213,3441,2.2504611810048423,0.22529069767441862,688,2.2548380230046527,0.2125,0.9799894247600687,0.08333964411149383,,,0.8791400684945139,,0.8791734746084402,0.1208265253915598,0.9790230402821261,0.14573917069273337,10,0.025,0.15,0.8604822769806904,0.9187311623095755,0.942197004885231,0.9504803675213861,0.9573847624760351,0.9614196589778161,0.9687340380460192,0.968151472347603,1.0,0.9594808386213992,0.9677772849774743,0.9667857290756896
3,9,2.068050679454097,0.25437912417516495,3334,2.2547627687454224,0.2413793103448276,667,2.254730954954896,0.2105,0.9743259743508829,0.0833617197979339,,,0.8807056467300858,,0.880741364229011,0.11925863577098905,0.9790630430134426,0.14573956088685558,10,0.025,0.15,0.8605182935049756,0.9170543765224585,0.9410877231461926,0.9442996337502322,0.946632174582291,0.9542028920895396,0.9575771507437784,0.9621751166081974,0.9594808386213992,1.0,0.9582616395899554,0.954532754476729
3,10,2.08659889789728,0.24443073125578524,3241,2.2512980699539185,0.21604938271604937,648,2.2546911028367056,0.2105,0.9727581712276565,0.08341354333588771,,,0.8843809029143541,,0.8844300308626694,0.11556996913733064,0.9790982361259973,0.14574046339882862,10,0.025,0.15,0.8451710947395673,0.8997172839143381,0.9276353549987995,0.9427912321718639,0.9464955681682722,0.9530890283853864,0.9616785607044658,0.9692535275788168,0.9677772849774743,0.9582616395899554,1.0,0.9649618455596283
3,11,2.0964340653419495,0.24817980373535928,3159,2.2546902656555177,0.21835443037974683,632,2.255072412611563,0.2154,0.9660850414695025,0.08218175846329465,,,0.7970243628278669,,0.7970573187437078,0.20294268125629222,0.9788222416818171,0.14567858443999535,10,0.025,0.15,0.8263864433137311,0.8886887353388808,0.9205680929554637,0.9286392370986107,0.9458422037365394,0.9474253085270894,0.9551579699342888,0.9601907377070137,0.9667857290756896,0.954532754476729,0.9649618455596283,1.0
4,0,1.9093853645854526,0.30695398100803506,6845,2.234505631706931,0.2366691015339664,1369,2.2309093626239633,0.2441,0.925924153305539,0.07905104502571639,,,0.55,,0.5500404350481095,0.4499595649518905,0.9807987663924852,0.1442153963178569,10,0.025,0.15,1.0,0.9426276085223837,0.9261257515566056,0.9259771346718177,0.8990235206638924,0.8961798500625054,0.8843048178723414,0.8736890526789759,0.8688140692649657,0.8676475295506635,0.8566832523397825,0.8336247024420615
4,1,1.9290513218835343,0.3037787513691128,5478,2.232969601949056,0.22354014598540145,1096,2.2288506513909447,0.2418,0.9599858951396903,0.08271496066634157,,,0.8379153136090475,,0.8379544816886997,0.16204551831130032,0.9860462707941116,0.14535616702546722,10,0.025,0.15,0.9426276085223837,1.0,0.9525490295030988,0.9511954365257694,0.9338192389358834,0.9322849930992296,0.9231625417744463,0.917560907386262,0.9169644598933714,0.9126788106787531,0.8979385839048319,0.885398301407518
4,2,1.976722564822749,0.2841286307053942,4820,2.228625565767288,0.22821576763485477,964,2.2288072712813753,0.2417,0.9731334065194496,0.08386453705991684,,,0.9282505397272189,,0.9282814279348418,0.07171857206515819,0.9863021147590821,0.14539080507600805,10,0.025,0.15,0.9261257515566056,0.9525490295030988,1.0,0.9558800217094818,0.9515969982285254,0.9478298956180243,0.9440320295217456,0.9401275265123432,0.9359053567059681,0.930536045694737,0.9221928217406049,0.9100291303174132
4,3,1.9601477571896144,0.2910349523377213,4406,2.225829941885812,0.25198637911464244,881,2.2288029616392113,0.2421,0.977704923369096,0.08438995453455117,,,0.9695385364560971,,0.9695829413609282,0.030417058639071848,0.9863187921104649,0.14539284468697294,10,0.025,0.15,0.9259771346718177,0.9511954365257694,0.9558800217094818,1.0,0.9502230243613624,0.9534764004393754,0.9505394252154608,0.9453085117115504,0.9441183801682712,0.9364862837024978,0.936535696571539,0.9198456221812196
4,4,2.002094580549182,0.27794260700389106,4112,2.2250754152025496,0.25669099756691,822,2.228803094429306,0.2421,0.9783208305751789,0.08452308367983334,,,0.9799999999214186,,0.9800300374643098,0.019969962535690167,0.9863162760073614,0.1453929714707458,10,0.025,0.15,0.8990235206638924,0.9338192389358834,0.9515969982285254,0.9502230243613624,1.0,0.9584354989499932,0.956077000485697,0.9507620435490474,0.9522510721769238,0.9414727011177235,0.9419934119583134,0.9394942870383098
4,5,1.999738580949845,0.28822319362303933,3889,2.2267254420689175,0.2390745501285347,778,2.2288027654720257,0.2421,0.9774565031804863,0.08441854960461977,,,0.9717855746998781,,0.9718274991335347,0.028172500866465278,0.9863184440721926,0.14539288193058408,10,0.025,0.15,0.8961798500625054,0.9322849930992296,0.9478298956180243,0.9534764004393754,0.9584354989499932,1.0,0.9511269639794047,0.9480148385344681,0.9539942621743532,0.9465362719449699,0.9445067281291488,0.9325531286346106
4,6,2.0147132848871165,0.2788197251414713,3711,2.229596654574076,0.2695417789757412,742,2.228830132303359,0.2417,0.978972799819412,0.08407802346492031,,,0.9450265824303625,,0.9450743509762176,0.054925649023782386,0.9863135313687706,0.14539203275082424,10,0.025,0.15,0.8843048178723414,0.9231625417744463,0.9440320295217456,0.9505394252154608,0.956077000485697,0.9511269639794047,1.0,0.9594313770977763,0.9625312317034528,0.9496279529315802,0.9541560729302216,0.9474226630702444
4,7,2.0104940584727697,0.268658810325477,3564,2.234481771787008,0.20196353436185133,713,2.228812093976178,0.2417,0.9765046898724778,0.08413326100935023,,,0.9493672213771751,,0.9494066775593735,0.05059332244062653,0.9863184416826571,0.14539222997801973,10,0.025,0.15,0.8736890526789759,0.917560907386262,0.9401275265123432,0.9453085117115504,0.9507620435490474,0.9480148385344681,0.9594313770977763,1.0,0.9568795644931859,0.951550049910316,0.9592334508821969,0.9507033319218718
4,8,2.015375577520441,0.268323161871549,3441,2.222767472267151,0.25,688,2.22903491273711,0.2418,0.9773945109373441,0.0836105946171868,,,0.9082954083299275,,0.9083362215510554,0.09166377844894458,0.9861772389660592,0.14538825328512467,10,0.025,0.15,0.8688140692649657,0.9169644598933714,0.9359053567059681,0.9441183801682712,0.9522510721769238,0.9539942621743532,0.9625312317034528,0.9568795644931859,1.0,0.9561694983945859,0.9574758340579735,0.9587087621033082
4,9,2.001307475566864,0.276004799040192,3334,2.2292909622192383,0.2638680659670165,667,2.22890892209886,0.2419,0.9712535117967728,0.08342378807012193,,,0.8936159039805245,,0.8936640755227674,0.10633592447723261,0.9860824430392061,0.14537929699053131,10,0.025,0.15,0.8676475295506635,0.9126788106787531,0.930536045694737,0.9364862837024978,0.9414727011177235,0.9465362719449699,0.9496279529315802,0.951550049910316,0.9561694983945859,1.0,0.9533502834594778,0.9466819086960112
4,10,2.023707792850641,0.26849737735266893,3241,2.223877747853597,0.25462962962962965,648,2.2288544781600375,0.2418,0.9700917976935483,0.08341800691140017,,,0.8931616129188127,,0.8932102127378654,0.10678978726213462,0.9860851737992337,0.1453791193799875,10,0.025,0.15,0.8566832523397825,0.8979385839048319,0.9221928217406049,0.936535696571539,0.9419934119583134,0.9445067281291488,0.9541560729302216,0.9592334508821969,0.9574758340579735,0.9533502834594778,1.0,0.954502599087558
4,11,2.0339747953414915,0.27125672681228236,3159,2.2300713062286377,0.2468354430379747,632,2.2293700719181495,0.2449,0.9615255695960658,0.08237419535604164,,,0.8111375269989419,,0.8111848294301134,0.18881517056988661,0.9859422584728822,0.14533018579092144,10,0.025,0.15,0.8336247024420615,0.885398301407518,0.9100291303174132,0.9198456221812196,0.9394942870383098,0.9325531286346106,0.9474226630702444,0.9507033319218718,0.9587087621033082,0.9466819086960112,0.954502599087558,1.0
5,0,1.864371038807763,0.32322863403944485,6845,2.2057060328396885,0.25712198685171656,1369,2.200924840154527,0.2666,0.9287128455788097,0.07942590085238298,,,0.55,,0.5500404350481095,0.4499595649518905,0.9863775993915717,0.14384536503265713,10,0.025,0.15,1.0,0.9403660921315431,0.9232551486444305,0.9245941101057018,0.899214884783148,0.8974175325486768,0.8879238846543058,0.876964841078201,0.8742562924945912,0.8602152372173925,0.8581713618148318,0.8408987229569111
5,1,1.884427403571994,0.3201350857977364,5478,2.2025791274176703,0.2518248175182482,1096,2.1976628876939603,0.268,0.9606802355135065,0.08274522547981855,,,0.8397541978749736,,0.839786436929577,0.160213563070423,0.990035034173442,0.14502785915067054,10,0.025,0.15,0.9403660921315431,1.0,0.946743957257906,0.9455605820915911,0.933531021296468,0.9286081533419787,0.9230030349890929,0.9165073537185792,0.9166264474299338,0.9101963622744058,0.8993693919826581,0.8894674068927524
5,2,1.9311011458698073,0.30387966804979255,4820,2.19709575176239,0.2676348547717842,964,2.1975771505621413,0.2674,0.9708283749918892,0.08379054570669926,,,0.9310034602576975,,0.931045864897427,0.06895413510257298,0.9902984589908473,0.14506958087795666,10,0.025,0.15,0.9232551486444305,0.946743957257906,1.0,0.9517130684785727,0.9468141169012797,0.9418883254185701,0.9402539165049193,0.932271849914969,0.9314806509294858,0.926325026067143,0.9170531746720448,0.9077228040512425
5,3,1.9096517314229693,0.31059918293236494,4406,2.193303278514317,0.2758229284903519,881,2.197567939758301,0.2674,0.9763441770202698,0.0842969881613927,,,0.975212401443091,,0.975260352197521,0.024739647802478948,0.9903133207886788,0.14507214849792255,10,0.025,0.15,0.9245941101057018,0.9455605820915911,0.9517130684785727,1.0,0.944423292871655,0.9495099710896592,0.948229596082343,0.9429832037585644,0.9414343176448942,0.9270542762214199,0.9336958864655561,0.919945131413938
5,4,1.9626910849051042,0.2904426070038911,4112,2.19278723852975,0.2773722627737226,822,2.197568000117435,0.2673,0.9754931555727413,0.08435183324603,,,0.9799999999127068,,0.9800300374643098,0.019969962535690167,0.9903173452460077,0.14507217863701988,10,0.025,0.15,0.899214884783148,0.933531021296468,0.9468141169012797,0.944423292871655,1.0,0.9518724500707884,0.9519973353123399,0.9413276395181035,0.944597330169342,0.9359637848313487,0.9344802868209535,0.9336821005201548
5,5,1.9488565833337845,0.30750835690408845,3889,2.1934443541935513,0.2544987146529563,778,2.197567260718044,0.2674,0.9751246009605925,0.08427489011775594,,,0.973283394302406,,0.9733211202983941,0.026678879701605873,0.990315003147125,0.14507211687251656,10,0.025,0.15,0.8974175325486768,0.9286081533419787,0.9418883254185701,0.9495099710896592,0.9518724500707884,1.0,0.9471587091163008,0.9422842310350763,0.9494675280372696,0.9385354338722298,0.9392514890733706,0.927470159845997
5,6,1.9643685895821144,0.30134734572891403,3711,2.1994194984436035,0.29380053908355797,742,2.1976053775111333,0.2674,0.9766665041643264,0.08411385788527934,,,0.9592263885586438,,0.9592761301183345,0.04072386988166554,0.9903017750201267,0.14507179385817534,10,0.025,0.15,0.8879238846543058,0.9230030349890929,0.9402539165049193,0.948229596082343,0.9519973353123399,0.9471587091163008,1.0,0.9505007184155998,0.9568733195268679,0.9359221968663798,0.9480634780442867,0.9411924404419255
5,7,1.9618820692811694,0.287317620650954,3564,2.2041996717453003,0.2187938288920056,713,2.1975827186922485,0.2674,0.9728776308460269,0.08402434552991976,,,0.9514125759195494,,0.9514614381673846,0.0485385618326154,0.9903066984502141,0.1450714724467384,10,0.025,0.15,0.876964841078201,0.9165073537185792,0.932271849914969,0.9429832037585644,0.9413276395181035,0.9422842310350763,0.9505007184155998,1.0,0.9477036472175039,0.9425448711392509,0.9498077335907978,0.9439925377557449
5,8,1.9678200077127528,0.29040976460331297,3441,2.1893598238627114,0.2805232558139535,688,2.197861022587064,0.2672,0.9744310970701301,0.08375060915238734,,,0.9275172738916833,,0.9275634995296331,0.07243650047036687,0.9902702830449919,0.14506915598612338,10,0.025,0.15,0.8742562924945912,0.9166264474299338,0.9314806509294858,0.9414343176448942,0.944597330169342,0.9494675280372696,0.9568733195268679,0.9477036472175039,1.0,0.9432190576050397,0.9492737537190422,0.9500724637909672
5,9,1.9603284553245262,0.2993101379724055,3334,2.1986624797185264,0.29685157421289354,667,2.197713453558427,0.2678,0.9653871667946616,0.08333910723304377,,,0.8915959881042413,,0.8916258190160254,0.10837418098397456,0.9902320348663418,0.14505713637437445,10,0.025,0.15,0.8602152372173925,0.9101963622744058,0.926325026067143,0.9270542762214199,0.9359637848313487,0.9385354338722298,0.9359221968663798,0.9425448711392509,0.9432190576050397,1.0,0.9392484673930515,0.9407972865509402
5,10,1.9745194435119628,0.2846960814563406,3241,2.191233197848002,0.2762345679012346,648,2.1976432106162926,0.2677,0.9664652114676244,0.0833707445867082,,,0.8943577113650985,,0.8944067600798798,0.10559323992012015,0.9902423738034607,0.14505819404891235,10,0.025,0.15,0.8581713618148318,0.8993693919826581,0.9170531746720448,0.9336958864655561,0.9344802868209535,0.9392514890733706,0.9480634780442867,0.9498077335907978,0.9492737537190422,0.9392484673930515,1.0,0.9437598556080067
5,11,1.9849524297714234,0.29006014561570115,3159,2.200398635864258,0.2579113924050633,632,2.198311193079888,0.2667,0.9601382873654519,0.08251595204858203,,,0.8197402050847278,,0.8197834661913486,0.18021653380865144,0.9899493902156729,0.14501107794419507,10,0.025,0.15,0.8408987229569111,0.8894674068927524,0.9077228040512425,0.919945131413938,0.9336821005201548,0.927470159845997,0.9411924404419255,0.9439925377557449,0.9500724637909672,0.9407972865509402,0.9437598556080067,1.0
6,0,1.8258605612648857,0.3385975164353543,6845,2.172806154597889,0.2717311906501096,1369,2.166665602333938,0.2841,0.9326014838562364,0.07983989389914253,,,0.55,,0.5500404350481095,0.4499595649518905,0.9885068873739262,0.14356446540548384,10,0.025,0.15,1.0,0.9361161435301485,0.9203257698514385,0.9206918892491375,0.9004076870041714,0.8999435571782279,0.8925661407565472,0.8825483480683635,0.8798545447269456,0.8648327474857931,0.8606997555251591,0.8501210109107272
6,1,1.842855158517527,0.3370573201898503,5478,2.167547994189792,0.2718978102189781,1096,2.1618564611748803,0.286,0.9602829477569076,0.08280724456754897,,,0.8397750125155283,,0.8398111930814808,0.16018880691851922,0.9917238974351218,0.1447532230256383,10,0.025,0.15,0.9361161435301485,1.0,0.9398497720306798,0.9417489345838252,0.9281635415072113,0.9257511938733348,0.9222827262557363,0.914998564231509,0.9169225766196225,0.9073245939619793,0.8988168959294879,0.8929480421804852
6,2,1.8914440104835912,0.3187966804979253,4820,2.1606379747390747,0.2894190871369295,964,2.161698311190062,0.2858,0.9677883860781954,0.08370209077727937,,,0.9271607314954007,,0.9271921572510768,0.07280784274892316,0.9919440692471502,0.14480062815154232,10,0.025,0.15,0.9203257698514385,0.9398497720306798,1.0,0.944456585105111,0.9407536216328264,0.9342824890875207,0.9354523530770932,0.9272194227190862,0.9273721127732322,0.9215538398270702,0.9123273379152926,0.9063469017497535
6,3,1.8678681751659938,0.32467090331366316,4406,2.1559625693729947,0.30419977298524403,881,2.1616836982437326,0.2859,0.9747136150435427,0.08424317483095378,,,0.9799999999023454,,0.9800300374643098,0.019969962535690167,0.9919988917776328,0.14480548258831616,10,0.025,0.15,0.9206918892491375,0.9417489345838252,0.944456585105111,1.0,0.9393514228736806,0.9443115169363847,0.9437486405157194,0.9392830117127271,0.9384080745632106,0.9284523554661533,0.9306857413462007,0.9185013252895395
6,4,1.9171729774186106,0.30629863813229574,4112,2.155728714806693,0.29927007299270075,822,2.1616835020765475,0.2859,0.9726586813456963,0.08421005519654273,,,0.9767657200519206,,0.9768117377168226,0.023188262283177385,0.9919978318365756,0.14480544157005573,10,0.025,0.15,0.9004076870041714,0.9281635415072113,0.9407536216328264,0.9393514228736806,1.0,0.9423338934956765,0.947228551771273,0.9382177554484762,0.9402245124579168,0.9290478316753232,0.9292509949545544,0.929889625132347
6,5,1.9056636402683873,0.3224479300591412,3889,2.155458859034947,0.2814910025706941,778,2.1616830101496056,0.2859,0.9706446109007116,0.0840963952912283,,,0.9656663239354879,,0.9656962255120397,0.03430377448796029,0.9919932762619513,0.14480517193546086,10,0.025,0.15,0.8999435571782279,0.9257511938733348,0.9342824890875207,0.9443115169363847,0.9423338934956765,1.0,0.9384095564435083,0.9351536674606781,0.9409234055701561,0.9338999202136001,0.9295538071540852,0.9169442011500597
6,6,1.921861625128779,0.31352735111829694,3711,2.164512554804484,0.30727762803234504,742,2.1617319251917584,0.2861,0.9746356660807989,0.08412685213944712,,,0.9686405708513516,,0.9686752157911241,0.031324784208875855,0.9919956129664458,0.14480526432308655,10,0.025,0.15,0.8925661407565472,0.9222827262557363,0.9354523530770932,0.9437486405157194,0.947228551771273,0.9384095564435083,1.0,0.9452345674636439,0.9516687530477359,0.9337237217240338,0.9406841310870548,0.9364803591761234
6,7,1.91730945791517,0.3049943883277217,3564,2.169604937235514,0.24123422159887797,713,2.1617042927802363,0.2859,0.9705094302775179,0.08393631852340952,,,0.9500341144052802,,0.9500915977620439,0.04990840223795612,0.9919804962381138,0.14480438485796016,10,0.025,0.15,0.8825483480683635,0.914998564231509,0.9272194227190862,0.9392830117127271,0.9382177554484762,0.9351536674606781,0.9452345674636439,1.0,0.9402952741852778,0.9377398182559352,0.9425387751115997,0.9362854812512151
6,8,1.9236224077366018,0.3074106364428945,3441,2.1514261960983276,0.3008720930232558,688,2.162037523486946,0.2867,0.9720348264436728,0.08381613181555814,,,0.938297346943773,,0.9383489297090327,0.06165107029096728,0.9919540993304197,0.14480316785870587,10,0.025,0.15,0.8798545447269456,0.9169225766196225,0.9273721127732322,0.9384080745632106,0.9402245124579168,0.9409234055701561,0.9516687530477359,0.9402952741852778,1.0,0.9389993183609523,0.9397476239999225,0.9427768875125623
6,9,1.9143694745169746,0.31580683863227355,3334,2.163549462954203,0.30134932533733133,667,2.161874982375133,0.2862,0.9643257681397337,0.08330840164047121,,,0.8887152333746549,,0.8887541053951907,0.11124589460480927,0.9918723186805671,0.14478704895040745,10,0.025,0.15,0.8648327474857931,0.9073245939619793,0.9215538398270702,0.9284523554661533,0.9290478316753232,0.9338999202136001,0.9337237217240338,0.9377398182559352,0.9389993183609523,1.0,0.939376642220157,0.9329220174898293
