round,client_id,client_i_training_loss,client_i_training_accuracy,client_i_training_dataset_size,client_i_evaluation_loss,client_i_evaluation_accuracy,client_i_evaluation_dataset_size,client_i_central_evaluation_loss,client_i_central_evaluation_accuracy,client_i_cosine_similarity,client_i_importance_coefficient,client_i_tanh_val,tanh_normalization_value,client_i_q,client_i_mask_order,client_i_v_nonzero_fraction,client_i_v_sparsity,client_i_v_cosine_similarity,client_i_reward_gradient_norm,local_epochs,learning_rate,gamma,client_0_cosine_similarity,client_1_cosine_similarity,client_2_cosine_similarity,client_3_cosine_similarity,client_4_cosine_similarity,client_5_cosine_similarity,client_6_cosine_similarity,client_7_cosine_similarity,client_8_cosine_similarity,client_9_cosine_similarity,client_10_cosine_similarity,client_11_cosine_similarity
0,0,2.1050805072376235,0.4072072072072072,8214,2.265025477076686,0.22279035792549307,1369,2.2641674184951537,0.2273,0.9638615749647488,0.0813479060619784,,,,,,,0,0,5,0.001,0.1,1.0,0.9823145915040687,0.9692110134532759,0.9601227908021644,0.9535585791458213,0.938032369124484,0.938165462075216,0.928670958114603,0.9237892262546605,0.9179257301714076,0.9143600475610077,0.9020881212843572
0,1,2.1764482742374383,0.4226346212351689,6574,2.258965962273734,0.229014598540146,1096,2.2641674184951537,0.2273,0.98887010416185,0.08345857375194046,,,,,,,0,0,5,0.001,0.1,0.9823145915040687,1.0,0.9904249664070987,0.9846518869573785,0.9793082834662415,0.9746000773110065,0.9718228033039675,0.967434004293953,0.9638584467816721,0.9591601932953976,0.9539086917712503,0.9440834072398986
0,2,2.200621739145142,0.41400657098391835,5783,2.2694601320451304,0.20850622406639005,964,2.2641674184951537,0.2273,0.993742821458439,0.08386982092602145,,,,,,,0,0,5,0.001,0.1,0.9692110134532759,0.9904249664070987,1.0,0.9876651750179908,0.9886238991169141,0.9792140863085266,0.9777460757651674,0.9813030724782308,0.9759743424590661,0.9743954578913689,0.9675204352897849,0.9626961528090924
0,3,2.212804911797305,0.37824853414034426,5287,2.2641136816569736,0.22701475595913734,881,2.2641674184951537,0.2273,0.9959092496532188,0.0840526629459302,,,,,,,0,0,5,0.001,0.1,0.9601227908021644,0.9846518869573785,0.9876651750179908,1.0,0.9917634810362296,0.9891883852828971,0.9908257518720611,0.9839954999958027,0.9828781279745815,0.9795690060810978,0.9782944085769603,0.9690371107050264
0,4,2.2164113158564414,0.3576899696048632,4935,2.260094486750089,0.23722627737226276,822,2.2641674184951537,0.2273,0.9955049817767042,0.08401854358055992,,,,,,,0,0,5,0.001,0.1,0.9535585791458213,0.9793082834662415,0.9886238991169141,0.9917634810362296,1.0,0.9890226939238574,0.9897245442219458,0.9863884509258074,0.9867289134143499,0.9840361140315207,0.9760443481289351,0.9777141225961827
0,5,2.2273729650941614,0.3569316477394472,4667,2.2677824783325193,0.23393316195372751,778,2.2641674184951537,0.2273,0.9927686617252233,0.08378760387688772,,,,,,,0,0,5,0.001,0.1,0.938032369124484,0.9746000773110065,0.9792140863085266,0.9891883852828971,0.9890226939238574,1.0,0.9940671477870366,0.9871383590823937,0.9896242112061722,0.9841255303828309,0.9822530480085894,0.9799557220592578
0,6,2.2266562015669686,0.36658432517404,4453,2.259456475575765,0.25067385444743934,742,2.2641674184951537,0.2273,0.9926773796964925,0.08377989986410081,,,,,,,0,0,5,0.001,0.1,0.938165462075216,0.9718228033039675,0.9777460757651674,0.9908257518720611,0.9897245442219458,0.9940671477870366,1.0,0.9874722123659728,0.9904511047839036,0.986265831054403,0.9836337153064855,0.977482932984572
0,7,2.234801404155902,0.36927753097965865,4277,2.2644962331523066,0.20897615708274894,713,2.2641674184951537,0.2273,0.9906081240258808,0.0836052590025048,,,,,,,0,0,5,0.001,0.1,0.928670958114603,0.967434004293953,0.9813030724782308,0.9839954999958027,0.9863884509258074,0.9871383590823937,0.9874722123659728,1.0,0.9903929173320704,0.9934612842572574,0.9883543231112306,0.9785393154546144
0,8,2.2393344277601974,0.343715185274885,4129,2.2654866955497046,0.22674418604651161,688,2.2641674184951537,0.2273,0.9890802806686255,0.08347631221062965,,,,,,,0,0,5,0.001,0.1,0.9237892262546605,0.9638584467816721,0.9759743424590661,0.9828781279745815,0.9867289134143499,0.9896242112061722,0.9904511047839036,0.9903929173320704,1.0,0.991798956401025,0.9848635752474764,0.9798582288397217
0,9,2.238955493389614,0.3519120219945014,4001,2.267523243313744,0.22338830584707647,667,2.2641674184951537,0.2273,0.9867170984563651,0.08327686456212544,,,,,,,0,0,5,0.001,0.1,0.9179257301714076,0.9591601932953976,0.9743954578913689,0.9795690060810978,0.9840361140315207,0.9841255303828309,0.986265831054403,0.9934612842572574,0.991798956401025,1.0,0.9880094755597952,0.9796166141837489
0,10,2.239829483188567,0.33376189251735666,3889,2.2629671891530356,0.2330246913580247,648,2.2641674184951537,0.2273,0.9825803322114964,0.08292773012142501,,,,,,,0,0,5,0.001,0.1,0.9143600475610077,0.9539086917712503,0.9675204352897849,0.9782944085769603,0.9760443481289351,0.9822530480085894,0.9836337153064855,0.9883543231112306,0.9848635752474764,0.9880094755597952,1.0,0.973598127555001
0,11,2.2456351079860655,0.2962806647322606,3791,2.2613278150558473,0.23417721518987342,632,2.2641674184951537,0.2273,0.976313506385056,0.08239882309589627,,,,,,,0,0,5,0.001,0.1,0.9020881212843572,0.9440834072398986,0.9626961528090924,0.9690371107050264,0.9777141225961827,0.9799557220592578,0.977482932984572,0.9785393154546144,0.9798582288397217,0.9796166141837489,0.973598127555001,1.0
1,0,1.9186674642191788,0.4928414901387874,8214,2.2134894825691402,0.36596055514974435,1369,2.2124189576401876,0.3707,0.9748582188560294,0.08154445238381196,,,,,,,0,0,5,0.001,0.1,1.0,0.9917430396122678,0.983901404415266,0.977845695809793,0.9740955029498615,0.9660906589813147,0.9656612213235513,0.9572830068975589,0.9534289640310911,0.9501501152727457,0.9464680762194218,0.9438322949454109
1,1,2.0362798110952656,0.5216610891390325,6574,2.206137956891741,0.3886861313868613,1096,2.2124189576401876,0.3707,0.9897914604546989,0.08332502401318864,,,,,,,0,0,5,0.001,0.1,0.9917430396122678,1.0,0.9942943414369003,0.9906405670485824,0.9867325281929943,0.983693439561271,0.9832893351188003,0.9773904063438006,0.974907512364408,0.9723944538169044,0.9674666472255775,0.9653744259336461
1,2,2.0794682219542193,0.5085249870309528,5783,2.2185824148116575,0.3433609958506224,964,2.2124189576401876,0.3707,0.9947374827109529,0.08373783785715767,,,,,,,0,0,5,0.001,0.1,0.983901404415266,0.9942943414369003,1.0,0.9935330256440487,0.9930247183420206,0.9868898724555981,0.9880149279345309,0.987135571647011,0.9836314058006679,0.9828870842903784,0.9765367207149669,0.9767814727120789
1,3,2.1031582509178715,0.47611121619065633,5287,2.2119992205074857,0.3677639046538025,881,2.2124189576401876,0.3707,0.9965011149113443,0.08390729037303062,,,,,,,0,0,5,0.001,0.1,0.977845695809793,0.9906405670485824,0.9935330256440487,1.0,0.9941636073473812,0.992180923882493,0.9941322634949052,0.9882924631468708,0.9872265866716025,0.9858383576052665,0.9836571359364101,0.9799627573746434
1,4,2.112873797724324,0.476838905775076,4935,2.2095272907843957,0.37834549878345497,822,2.2124189576401876,0.3707,0.9973914397162185,0.08391512161346967,,,,,,,0,0,5,0.001,0.1,0.9740955029498615,0.9867325281929943,0.9930247183420206,0.9941636073473812,1.0,0.993335225536832,0.99410825576843,0.9909838254972623,0.9910579325719951,0.9900639899929594,0.984148328570682,0.9863404536692806
1,5,2.1353364194909186,0.47216627383758303,4667,2.2160581970214843,0.39331619537275064,778,2.2124189576401876,0.3707,0.9964019855598325,0.08374115011152843,,,,,,,0,0,5,0.001,0.1,0.9660906589813147,0.983693439561271,0.9868898724555981,0.992180923882493,0.993335225536832,1.0,0.9957965122896496,0.9909022141894145,0.9914557915791269,0.9895967127268102,0.987412740317588,0.9888391856779605
1,6,2.1341957177434647,0.48681787558949025,4453,2.207823713620504,0.3881401617250674,742,2.2124189576401876,0.3707,0.9971210030546603,0.08375967671422899,,,,,,,0,0,5,0.001,0.1,0.9656612213235513,0.9832893351188003,0.9880149279345309,0.9941322634949052,0.99410825576843,0.9957965122896496,1.0,0.9927655161254876,0.9926318562124663,0.9921626727540891,0.989042211085112,0.9870941463651149
1,7,2.1446756217017104,0.48590133270984337,4277,2.2127869543821914,0.3548387096774194,713,2.2124189576401876,0.3707,0.995302633972502,0.0835934945949009,,,,,,,0,0,5,0.001,0.1,0.9572830068975589,0.9773904063438006,0.987135571647011,0.9882924631468708,0.9909838254972623,0.9909022141894145,0.9927655161254876,1.0,0.9930006285388202,0.9957526819655478,0.9917570252183764,0.9877343097293546
1,8,2.155690267086029,0.4660692661661419,4129,2.2123642184517602,0.37790697674418605,688,2.2124189576401876,0.3707,0.9941070663670005,0.0834755502807661,,,,,,,0,0,5,0.001,0.1,0.9534289640310911,0.974907512364408,0.9836314058006679,0.9872265866716025,0.9910579325719951,0.9914557915791269,0.9926318562124663,0.9930006285388202,1.0,0.9947706819010206,0.9890260136378548,0.9875570073048645
1,9,2.1532760656069194,0.4810797300674831,4001,2.2181092898050943,0.3193403298350825,667,2.2124189576401876,0.3707,0.9937555511435993,0.08334157627494598,,,,,,,0,0,5,0.001,0.1,0.9501501152727457,0.9723944538169044,0.9828870842903784,0.9858383576052665,0.9900639899929594,0.9895967127268102,0.9921626727540891,0.9957526819655478,0.9947706819010206,1.0,0.9924186141019125,0.9884660545643807
1,10,2.1563020239110853,0.4523013628182052,3889,2.211532331648327,0.38580246913580246,648,2.2124189576401876,0.3707,0.990255550418579,0.0830137264236896,,,,,,,0,0,5,0.001,0.1,0.9464680762194218,0.9674666472255775,0.9765367207149669,0.9836571359364101,0.984148328570682,0.987412740317588,0.989042211085112,0.9917570252183764,0.9890260136378548,0.9924186141019125,1.0,0.9849557322033556
1,11,2.1673097973110296,0.43255077815879717,3791,2.2070135474205017,0.3860759493670886,632,2.2124189576401876,0.3707,0.9889108404456688,0.08264509935928147,,,,,,,0,0,5,0.001,0.1,0.9438322949454109,0.9653744259336461,0.9767814727120789,0.9799627573746434,0.9863404536692806,0.9888391856779605,0.9870941463651149,0.9877343097293546,0.9875570073048645,0.9884660545643807,0.9849557322033556,1.0
2,0,1.7288247253180478,0.548672997321646,8214,2.151895905649939,0.4762600438276114,1369,2.1505325777462114,0.4837,0.9852995356990646,0.0819213697235353,,,,,,,0,0,5,0.001,0.1,1.0,0.9947638186498272,0.9905720191151839,0.9862015847375889,0.9847060028611364,0.980893945269236,0.9793529486699862,0.9737986424310777,0.9719721534181234,0.9683251353622394,0.9668480506237269,0.9674978030162281
2,1,1.8634225821032107,0.5711286887739581,6574,2.1425963401794434,0.5082116788321168,1096,2.1505325777462114,0.4837,0.9932084932686259,0.08327042818266696,,,,,,,0,0,5,0.001,0.1,0.9947638186498272,1.0,0.9960751541750514,0.9933470846840559,0.9910421238724735,0.990716536712042,0.9891472136736176,0.9842748769956594,0.9833152296090469,0.9801066478019657,0.9775757216720121,0.9787534846501074
2,2,1.9245708152075498,0.5610236901262321,5783,2.1577394700819448,0.4512448132780083,964,2.1505325777462114,0.4837,0.9967736250249607,0.08363916148945864,,,,,,,0,0,5,0.001,0.1,0.9905720191151839,0.9960751541750514,1.0,0.9955380126335133,0.9953612865163843,0.9929621372804358,0.9925837780657689,0.9912039040850532,0.9894604641444701,0.9877035093049539,0.9843256319008995,0.9857683613667393
2,3,1.9591678189944073,0.5226404388121808,5287,2.149719374520438,0.4801362088535755,881,2.1505325777462114,0.4837,0.9973207937754488,0.08376090586832496,,,,,,,0,0,5,0.001,0.1,0.9862015847375889,0.9933470846840559,0.9955380126335133,1.0,0.9957176522469363,0.9946684448185482,0.9959043473972837,0.9914968625086689,0.9909628350460444,0.9894334399476402,0.9880432594366909,0.9866610709672585
2,4,1.9753816024718747,0.5468287740628166,4935,2.148625346330496,0.4805352798053528,822,2.1505325777462114,0.4837,0.998076013243775,0.08379012416579966,,,,,,,0,0,5,0.001,0.1,0.9847060028611364,0.9910421238724735,0.9953612865163843,0.9957176522469363,1.0,0.9958824656858036,0.9957871738180869,0.9933733117882309,0.9936072051614484,0.992123855206861,0.9889334347846472,0.9904444127206647
2,5,2.011416141627586,0.5491322048425112,4667,2.1544816398620608,0.4832904884318766,778,2.1505325777462114,0.4837,0.9978303908546844,0.08367535088859757,,,,,,,0,0,5,0.001,0.1,0.980893945269236,0.990716536712042,0.9929621372804358,0.9946684448185482,0.9958824656858036,1.0,0.9968832265378352,0.9935119874215859,0.9940219572890361,0.9924162674871688,0.9899270682198545,0.9921185523849122
2,6,2.0087298371110642,0.5530653492027846,4453,2.145890245834986,0.5026954177897575,742,2.1505325777462114,0.4837,0.9977804736080184,0.08368511457857646,,,,,,,0,0,5,0.001,0.1,0.9793529486699862,0.9891472136736176,0.9925837780657689,0.9959043473972837,0.9957871738180869,0.9968832265378352,1.0,0.9942208936531409,0.9942862340381368,0.9937070532049874,0.990818742790953,0.9906636234872729
2,7,2.0261636824750187,0.5485620762216507,4277,2.1508282267529033,0.48807854137447404,713,2.1505325777462114,0.4837,0.9966123815025841,0.08354530987351072,,,,,,,0,0,5,0.001,0.1,0.9737986424310777,0.9842748769956594,0.9912039040850532,0.9914968625086689,0.9933733117882309,0.9935119874215859,0.9942208936531409,1.0,0.9951340241844894,0.996926771461676,0.9936712145304752,0.9917759759884244
2,8,2.043150313083942,0.5328651005085977,4129,2.1492192420092495,0.5,688,2.1505325777462114,0.4837,0.9958847646618735,0.0834493640952506,,,,,,,0,0,5,0.001,0.1,0.9719721534181234,0.9833152296090469,0.9894604641444701,0.9909628350460444,0.9936072051614484,0.9940219572890361,0.9942862340381368,0.9951340241844894,1.0,0.9953226917678076,0.9913376114231027,0.9912421731191896
2,9,2.041663786153945,0.5497125718570357,4001,2.159040507816133,0.4362818590704648,667,2.1505325777462114,0.4837,0.9952053027736051,0.08334513100290046,,,,,,,0,0,5,0.001,0.1,0.9683251353622394,0.9801066478019657,0.9877035093049539,0.9894334399476402,0.992123855206861,0.9924162674871688,0.9937070532049874,0.996926771461676,0.9953226917678076,1.0,0.9950717535503067,0.9913915997190026
2,10,2.044861998128109,0.5005399845718693,3889,2.1501167501722063,0.4984567901234568,648,2.1505325777462114,0.4837,0.9929973852299303,0.08307243950761069,,,,,,,0,0,5,0.001,0.1,0.9668480506237269,0.9775757216720121,0.9843256319008995,0.9880432594366909,0.9889334347846472,0.9899270682198545,0.990818742790953,0.9936712145304752,0.9913376114231027,0.9950717535503067,1.0,0.9896785388770667
2,11,2.0624621038677313,0.5292007385914007,3791,2.1422961235046385,0.5063291139240507,632,2.1505325777462114,0.4837,0.9929736308393167,0.0828453006237679,,,,,,,0,0,5,0.001,0.1,0.9674978030162281,0.9787534846501074,0.9857683613667393,0.9866610709672585,0.9904444127206647,0.9921185523849122,0.9906636234872729,0.9917759759884244,0.9912421731191896,0.9913915997190026,0.9896785388770667,1.0
3,0,1.5625440866566818,0.5891404918431945,8214,2.0790031067160673,0.5281227173119065,1369,2.077116551109777,0.5415,0.9896743406205236,0.08224633538993281,,,,,,,0,0,5,0.001,0.1,1.0,0.9957021061304242,0.9932678961383556,0.9899505924866675,0.9891729888516515,0.9859631384137829,0.9849928329371258,0.9821572319321759,0.9799797030127061,0.9772026625566334,0.977993030035869,0.9784223435953521
3,1,1.691395994876195,0.6024034073623364,6574,2.067015951020377,0.5812043795620438,1096,2.077116551109777,0.5415,0.9951762034993977,0.08325202032480682,,,,,,,0,0,5,0.001,0.1,0.9957021061304242,1.0,0.9968020634845194,0.994911024956589,0.993496642024571,0.9931797644308707,0.991858654388537,0.989329409453363,0.9880062532799158,0.9855727918916598,0.985405410424142,0.9861802174629989
3,2,1.7589253320219767,0.5830883624416393,5783,2.085534264964442,0.5145228215767634,964,2.077116551109777,0.5415,0.9976334272157571,0.08355769778492192,,,,,,,0,0,5,0.001,0.1,0.9932678961383556,0.9968020634845194,1.0,0.9963817691074297,0.996632773539981,0.9949104297749798,0.9946587524293414,0.9936673668872307,0.9924188315967871,0.9905129684729157,0.9895667693608623,0.9909324829539892
3,3,1.7980950816568122,0.5589559296387365,5287,2.0759993621281216,0.5357548240635641,881,2.077116551109777,0.5415,0.9980360108764703,0.08364542078566652,,,,,,,0,0,5,0.001,0.1,0.9899505924866675,0.994911024956589,0.9963817691074297,1.0,0.9965853998703734,0.996327675519927,0.9968159711249135,0.9941862992218141,0.9935210575139103,0.991824212428711,0.9923132930838423,0.9916813215813173
3,4,1.817448699243607,0.5811144883485309,4935,2.0760271824323215,0.5498783454987834,822,2.077116551109777,0.5415,0.9984711570817824,0.08367740910897326,,,,,,,0,0,5,0.001,0.1,0.9891729888516515,0.993496642024571,0.996632773539981,0.9965853998703734,1.0,0.9967121706550714,0.9969993909287433,0.9951581699950341,0.9955268824857328,0.9934865379113206,0.9921331356504296,0.9937856122912992
3,5,1.862853762221663,0.5829869295050354,4667,2.0812884044647215,0.5308483290488432,778,2.077116551109777,0.5415,0.9982519365137935,0.08359988748536612,,,,,,,0,0,5,0.001,0.1,0.9859631384137829,0.9931797644308707,0.9949104297749798,0.996327675519927,0.9967121706550714,1.0,0.9973657971532489,0.9951138877270463,0.995439327044287,0.9939861697788331,0.9931119337257136,0.9949238320680994
3,6,1.8599690740449089,0.5914215135863463,4453,2.072189509868622,0.555256064690027,742,2.077116551109777,0.5415,0.9984361071562448,0.08361182885744402,,,,,,,0,0,5,0.001,0.1,0.9849928329371258,0.991858654388537,0.9946587524293414,0.9968159711249135,0.9969993909287433,0.9973657971532489,1.0,0.9963563503774914,0.9962333507127991,0.9953338906428099,0.9942436691048977,0.9943526441960711
3,7,1.8836114294493376,0.5776478840308628,4277,2.0773442776306816,0.544179523141655,713,2.077116551109777,0.5415,0.9976155823880378,0.0834995213289799,,,,,,,0,0,5,0.001,0.1,0.9821572319321759,0.989329409453363,0.9936673668872307,0.9941862992218141,0.9951581699950341,0.9951138877270463,0.9963563503774914,1.0,0.9966385539879556,0.9971343066800933,0.9952382210722138,0.9944148347040624
3,8,1.9071348505753738,0.568321627512715,4129,2.074383334680037,0.5552325581395349,688,2.077116551109777,0.5415,0.9972289671012805,0.08342814764410042,,,,,,,0,0,5,0.001,0.1,0.9799797030127061,0.9880062532799158,0.9924188315967871,0.9935210575139103,0.9955268824857328,0.995439327044287,0.9962333507127991,0.9966385539879556,1.0,0.997432292593855,0.9947062925219413,0.9948408067156497
3,9,1.9057761273686848,0.5621094726318421,4001,2.0888542220706032,0.4992503748125937,667,2.077116551109777,0.5415,0.9962155189712006,0.08333143988304505,,,,,,,0,0,5,0.001,0.1,0.9772026625566334,0.9855727918916598,0.9905129684729157,0.991824212428711,0.9934865379113206,0.9939861697788331,0.9953338906428099,0.9971343066800933,0.997432292593855,1.0,0.995812941160533,0.9943157127040241
3,10,1.9095445802954376,0.5342761635381846,3889,2.0771326905205134,0.5524691358024691,648,2.077116551109777,0.5415,0.9954814867679235,0.08314036893111758,,,,,,,0,0,5,0.001,0.1,0.977993030035869,0.985405410424142,0.9895667693608623,0.9923132930838423,0.9921331356504296,0.9931119337257136,0.9942436691048977,0.9952382210722138,0.9947062925219413,0.995812941160533,1.0,0.9933586801278295
3,11,1.9328467619519274,0.5746241097335796,3791,2.0658913969993593,0.5522151898734177,632,2.077116551109777,0.5415,0.9957587668659271,0.08300992247564556,,,,,,,0,0,5,0.001,0.1,0.9784223435953521,0.9861802174629989,0.9909324829539892,0.9916813215813173,0.9937856122912992,0.9949238320680994,0.9943526441960711,0.9944148347040624,0.9948408067156497,0.9943157127040241,0.9933586801278295,1.0
4,0,1.424814932355621,0.6150474799123448,8214,1.9942026249198026,0.5704894083272462,1369,1.9915543390919987,0.5782,0.9913442746228879,0.08247856902447752,,,,,,,0,0,5,0.001,0.1,1.0,0.996032174181383,0.9942408869495193,0.9915112668401475,0.9905818224899305,0.987798773036544,0.9871889267624243,0.9855368369035856,0.9834578671930926,0.981801850485903,0.9824479972700035,0.9819513479080163
4,1,1.5391666402515856,0.6253726802555521,6574,1.9787062134061542,0.6085766423357665,1096,1.9915543390919987,0.5782,0.9961621412990447,0.0832512210752451,,,,,,,0,0,5,0.001,0.1,0.996032174181383,1.0,0.9971873655340528,0.9956480451732388,0.9945493586702334,0.9941803389925854,0.9930647020893082,0.9916477234935189,0.9906133286649647,0.9890246357585526,0.9888147608142484,0.9893335120844262
4,2,1.6037777107064894,0.6023517205602629,5783,2.0012250369594944,0.558091286307054,964,1.9915543390919987,0.5782,0.9979823560143904,0.08349755920520151,,,,,,,0,0,5,0.001,0.1,0.9942408869495193,0.9971873655340528,1.0,0.9967233425498507,0.9972106086929458,0.9954788385921408,0.9954009480137069,0.9947503353206719,0.9937201847232074,0.9926313113904983,0.9916613503098413,0.9928213344095818
4,3,1.643707799911499,0.5821448836769434,5287,1.990243830851146,0.5618615209988649,881,1.9915543390919987,0.5782,0.9985651317365839,0.08357020399808217,,,,,,,0,0,5,0.001,0.1,0.9915112668401475,0.9956480451732388,0.9967233425498507,1.0,0.9969815764430323,0.9968081309053185,0.9973511323034622,0.9955094046301901,0.9954270054907192,0.9943693871277063,0.9943905870866123,0.99403737933352
4,4,1.6592490543088605,0.6069300911854103,4935,1.9911957612404456,0.5827250608272506,822,1.9915543390919987,0.5782,0.9987491301934668,0.08359577328967342,,,,,,,0,0,5,0.001,0.1,0.9905818224899305,0.9945493586702334,0.9972106086929458,0.9969815764430323,1.0,0.9970124077710505,0.9973786298670214,0.9961482205094092,0.9964374005548322,0.9954574139914733,0.9939143944133388,0.9952720330263649
4,5,1.7096236336721133,0.6076708806513821,4667,1.9960683059692383,0.5758354755784062,778,1.9915543390919987,0.5782,0.9983447902892454,0.08353515016453347,,,,,,,0,0,5,0.001,0.1,0.987798773036544,0.9941803389925854,0.9954788385921408,0.9968081309053185,0.9970124077710505,1.0,0.9973405994652288,0.9959177634562498,0.9959171251881074,0.995281513425085,0.9946914854274085,0.9956544364345115
4,6,1.7048243124144418,0.6159892207500561,4453,1.9861775487661362,0.5876010781671159,742,1.9915543390919987,0.5782,0.9986714973753353,0.08355302766283648,,,,,,,0,0,5,0.001,0.1,0.9871889267624243,0.9930647020893082,0.9954009480137069,0.9973511323034622,0.9973786298670214,0.9973405994652288,1.0,0.9969149373790153,0.9970532853375766,0.9965807028366248,0.9957663273993571,0.9959381841105261
4,7,1.7321464730732477,0.595884966097732,4277,1.991749996724336,0.5708274894810659,713,1.9915543390919987,0.5782,0.9979975451271931,0.08346235393428955,,,,,,,0,0,5,0.001,0.1,0.9855368369035856,0.9916477234935189,0.9947503353206719,0.9955094046301901,0.9961482205094092,0.9959177634562498,0.9969149373790153,1.0,0.9967874637870721,0.9973798573444262,0.9957911270990076,0.9955284704573788
4,8,1.7608481159577003,0.6011625090821022,4129,1.987248794599013,0.5828488372093024,688,1.9915543390919987,0.5782,0.9977012180394427,0.0834089911670893,,,,,,,0,0,5,0.001,0.1,0.9834578671930926,0.9906133286649647,0.9937201847232074,0.9954270054907192,0.9964374005548322,0.9959171251881074,0.9970532853375766,0.9967874637870721,1.0,0.9977367166400066,0.9953772578088016,0.9958148619477629
4,9,1.7604612203817518,0.5889527618095476,4001,2.006972466196333,0.5472263868065967,667,1.9915543390919987,0.5782,0.9971754597710463,0.08333267482181855,,,,,,,0,0,5,0.001,0.1,0.981801850485903,0.9890246357585526,0.9926313113904983,0.9943693871277063,0.9954574139914733,0.995281513425085,0.9965807028366248,0.9973798573444262,0.9977367166400066,1.0,0.9957496652361498,0.9960327598645872
4,10,1.7624058483076877,0.5641553098482901,3889,1.9918259268715268,0.6018518518518519,648,1.9915543390919987,0.5782,0.9964541877710221,0.08319214548193848,,,,,,,0,0,5,0.001,0.1,0.9824479972700035,0.9888147608142484,0.9916613503098413,0.9943905870866123,0.9939143944133388,0.9946914854274085,0.9957663273993571,0.9957911270990076,0.9953772578088016,0.9957496652361498,1.0,0.9948428198273359
4,11,1.787390353900044,0.5944605644948563,3791,1.9771420240402222,0.5933544303797469,632,1.9915543390919987,0.5782,0.9967707753140038,0.08312233017481432,,,,,,,0,0,5,0.001,0.1,0.9819513479080163,0.9893335120844262,0.9928213344095818,0.99403737933352,0.9952720330263649,0.9956544364345115,0.9959381841105261,0.9955284704573788,0.9958148619477629,0.9960327598645872,0.9948428198273359,1.0
5,0,1.311468615095903,0.6354760165570976,8214,1.8977629140365955,0.5887509130752374,1369,1.8941515238521198,0.597,0.9919569910728984,0.0826333218392297,,,,,,,0,0,5,0.001,0.1,1.0,0.9959273497854805,0.9942562268910525,0.9919548489355949,0.9908821849115939,0.988190612282358,0.9878961680420966,0.9867632373607168,0.985661784443571,0.9832725767944616,0.984596189033358,0.9832314242773955
5,1,1.4095662335168968,0.6444782476422269,6574,1.8779870748519898,0.6240875912408759,1096,1.8941515238521198,0.597,0.9965489204345913,0.08325563707563655,,,,,,,0,0,5,0.001,0.1,0.9959273497854805,1.0,0.9970526129146917,0.9957872529256434,0.9948221046896385,0.9942958392232847,0.9934178681808827,0.9927298526508008,0.9919581854831635,0.990329012669409,0.9908842675560252,0.9903059567534768
5,2,1.4673858433797216,0.623932215113263,5783,1.9050638560325868,0.5746887966804979,964,1.8941515238521198,0.597,0.99801255160195,0.08345403248252077,,,,,,,0,0,5,0.001,0.1,0.9942562268910525,0.9970526129146917,1.0,0.9967112262687781,0.9972006000603567,0.9954325139926966,0.9956209131717831,0.9951141293396953,0.994571327445081,0.9930894858685112,0.9927856733345282,0.9931533794068721
5,3,1.5041697256536368,0.6070361263476451,5287,1.8927888657365526,0.5891032917139614,881,1.8941515238521198,0.597,0.9986272535320386,0.08351845076492846,,,,,,,0,0,5,0.001,0.1,0.9919548489355949,0.9957872529256434,0.9967112262687781,1.0,0.9969243651953956,0.9968586332212214,0.9972354227390482,0.9961040788033595,0.9958702841946664,0.9949057642469722,0.9953927409403361,0.9945714751617235
5,4,1.517046928175034,0.6298682877406282,4935,1.894361207118401,0.6046228710462287,822,1.8941515238521198,0.597,0.9986973093181696,0.083536400230703,,,,,,,0,0,5,0.001,0.1,0.9908821849115939,0.9948221046896385,0.9972006000603567,0.9969243651953956,1.0,0.9971474125993495,0.9972565188909245,0.9960743397135916,0.9969259233480448,0.9954304687391193,0.9948391512022163,0.9956377446015132
5,5,1.5657878402161272,0.6268266552389115,4667,1.8992120265960692,0.5925449871465296,778,1.8941515238521198,0.597,0.9984274696537518,0.08349049332349101,,,,,,,0,0,5,0.001,0.1,0.988190612282358,0.9942958392232847,0.9954325139926966,0.9968586332212214,0.9971474125993495,1.0,0.9975496548438941,0.9962122016322852,0.9963282338788498,0.9958609565762712,0.9955066236230288,0.9965089892556896
5,6,1.55918813092368,0.6356613518975971,4453,1.8883628745873768,0.5970350404312669,742,1.8941515238521198,0.597,0.9986986970934593,0.08351021966434416,,,,,,,0,0,5,0.001,0.1,0.9878961680420966,0.9934178681808827,0.9956209131717831,0.9972354227390482,0.9972565188909245,0.9975496548438941,1.0,0.997221713769248,0.9972455373906373,0.9968440184610549,0.9965319826344754,0.9963107939614947
5,7,1.5873414562709296,0.615337853635726,4277,1.8942701090937075,0.5946704067321178,713,1.8941515238521198,0.597,0.9981189475676479,0.08343586886998365,,,,,,,0,0,5,0.001,0.1,0.9867632373607168,0.9927298526508008,0.9951141293396953,0.9961040788033595,0.9960743397135916,0.9962122016322852,0.997221713769248,1.0,0.996839261853451,0.9973743555038391,0.996163212330955,0.9955951318584757
5,8,1.6161295382793133,0.6170501332041657,4129,1.888387149030512,0.6017441860465116,688,1.8941515238521198,0.597,0.9980635483466782,0.0834013407677256,,,,,,,0,0,5,0.001,0.1,0.985661784443571,0.9919581854831635,0.994571327445081,0.9958702841946664,0.9969259233480448,0.9963282338788498,0.9972455373906373,0.996839261853451,1.0,0.9975427577874403,0.9962303471379328,0.9963454994369041
5,9,1.6216867954011946,0.6056485878530368,4001,1.9136305423009963,0.5697151424287856,667,1.8941515238521198,0.597,0.997360173115172,0.08333180659102102,,,,,,,0,0,5,0.001,0.1,0.9832725767944616,0.990329012669409,0.9930894858685112,0.9949057642469722,0.9954304687391193,0.9958609565762712,0.9968440184610549,0.9973743555038391,0.9975427577874403,1.0,0.9964241763063649,0.9960143640701542
5,10,1.6178540829752313,0.590845975829262,3889,1.894466099284944,0.6234567901234568,648,1.8941515238521198,0.597,0.9971833523792749,0.0832398791100564,,,,,,,0,0,5,0.001,0.1,0.984596189033358,0.9908842675560252,0.9927856733345282,0.9953927409403361,0.9948391512022163,0.9955066236230288,0.9965319826344754,0.996163212330955,0.9962303471379328,0.9964241763063649,1.0,0.9956422746070656
5,11,1.642122899183706,0.6099182273806384,3791,1.8762656688690185,0.6075949367088608,632,1.8941515238521198,0.597,0.9970440980570673,0.08319254928035968,,,,,,,0,0,5,0.001,0.1,0.9832314242773955,0.9903059567534768,0.9931533794068721,0.9945714751617235,0.9956377446015132,0.9965089892556896,0.9963107939614947,0.9955951318584757,0.9963454994369041,0.9960143640701542,0.9956422746070656,1.0
6,0,1.2170148699663956,0.6544436328220112,8214,1.790983003239299,0.6070124178232287,1369,1.7862252789183546,0.6098,0.9919663851127853,0.08273029256411919,,,,,,,0,0,5,0.001,0.1,1.0,0.995653553657373,0.993999345012002,0.9919384926952834,0.9905283386479822,0.988030639340833,0.988046705660478,0.9867441801158773,0.9858239390474697,0.9831135075690957,0.9851332230580017,0.9830695691857527
6,1,1.2993686088080545,0.6609978703985397,6574,1.766320824623108,0.6423357664233577,1096,1.7862252789183546,0.6098,0.9963182437628583,0.08325263171727429,,,,,,,0,0,5,0.001,0.1,0.995653553657373,1.0,0.9966207999532976,0.9952829257657168,0.9941686059417592,0.9938956543072817,0.9931687063023953,0.9923452898235696,0.9917815687046652,0.9898631003805439,0.9912735119310084,0.9900440383906012
6,2,1.3510338146383591,0.6407055161680788,5783,1.7984802607567079,0.5850622406639004,964,1.7862252789183546,0.6098,0.997979683392587,0.08342800422522292,,,,,,,0,0,5,0.001,0.1,0.993999345012002,0.9966207999532976,1.0,0.9964408817565695,0.9969075393838863,0.9953295393479338,0.9955313691211781,0.9948650138855842,0.9946633867635177,0.9931529936791531,0.9931761308719685,0.9932583849415797
6,3,1.3851411883371423,0.6312464535653489,5287,1.784967873777662,0.5993189557321226,881,1.7862252789183546,0.6098,0.9984574845147534,0.08348295589491386,,,,,,,0,0,5,0.001,0.1,0.9919384926952834,0.9952829257657168,0.9964408817565695,1.0,0.9964580768262129,0.9965726667664575,0.996726494150338,0.9958764622678862,0.9959367228278105,0.9947307970318805,0.9952937207821722,0.9943834643622215
6,4,1.3911878541208083,0.646322188449848,4935,1.7868924324329083,0.6192214111922141,822,1.7862252789183546,0.6098,0.9985541623474765,0.08349709036758955,,,,,,,0,0,5,0.001,0.1,0.9905283386479822,0.9941686059417592,0.9969075393838863,0.9964580768262129,1.0,0.9967953807941604,0.9971019925427894,0.995909270962669,0.9967549338585248,0.995310262169064,0.9952505010004382,0.9955986256125673
6,5,1.4378544767425485,0.6422969787872295,4667,1.7919698667526245,0.6079691516709511,778,1.7862252789183546,0.6098,0.9984016859348037,0.08346400122621754,,,,,,,0,0,5,0.001,0.1,0.988030639340833,0.9938956543072817,0.9953295393479338,0.9965726667664575,0.9967953807941604,1.0,0.9971996108108158,0.996305570200919,0.9964478002292699,0.995920889659063,0.996001686750727,0.9964436262251165
6,6,1.4313327124289104,0.6509319559847294,4453,1.779849295814832,0.6078167115902965,742,1.7862252789183546,0.6098,0.9985579851758924,0.08348115112612652,,,,,,,0,0,5,0.001,0.1,0.988046705660478,0.9931687063023953,0.9955313691211781,0.996726494150338,0.9971019925427894,0.9971996108108158,1.0,0.9968392735654283,0.9970190906500056,0.996251488109099,0.9966153041136157,0.9963104017754264
6,7,1.4561510242632965,0.6346504559270517,4277,1.7863068943438323,0.5960729312762973,713,1.7862252789183546,0.6098,0.9980215911587991,0.08341821347512905,,,,,,,0,0,5,0.001,0.1,0.9867441801158773,0.9923452898235696,0.9948650138855842,0.9958764622678862,0.995909270962669,0.996305570200919,0.9968392735654283,1.0,0.9967303878539852,0.996752068687293,0.9963327900777343,0.9956879166119673
6,8,1.486508285174003,0.6323080649067571,4129,1.7789861668239941,0.622093023255814,688,1.7862252789183546,0.6098,0.9981030741347723,0.08339966047791496,,,,,,,0,0,5,0.001,0.1,0.9858239390474697,0.9917815687046652,0.9946633867635177,0.9959367228278105,0.9967549338585248,0.9964478002292699,0.9970190906500056,0.9967303878539852,1.0,0.9975750106112942,0.9965594813991935,0.9960625512401086
6,9,1.4866772856031145,0.6247938015496126,4001,1.8099687553587414,0.5802098950524738,667,1.7862252789183546,0.6098,0.9972307427314474,0.08332883013424652,,,,,,,0,0,5,0.001,0.1,0.9831135075690957,0.9898631003805439,0.9931529936791531,0.9947307970318805,0.995310262169064,0.995920889659063,0.996251488109099,0.996752068687293,0.9975750106112942,1.0,0.9962218188167706,0.9960107244270111
6,10,1.4839975628696505,0.6168680894831576,3889,1.7863278332210721,0.6311728395061729,648,1.7862252789183546,0.6098,0.9974594578329139,0.08327981494386814,,,,,,,0,0,5,0.001,0.1,0.9851332230580017,0.9912735119310084,0.9931761308719685,0.9952937207821722,0.9952505010004382,0.996001686750727,0.9966153041136157,0.9963327900777343,0.9965594813991935,0.9962218188167706,1.0,0.9958031690679454
6,11,1.5070519516448013,0.6264310208388288,3791,1.764629638195038,0.615506329113924,632,1.7862252789183546,0.6098,0.9970437853577334,0.08323735384737743,,,,,,,0,0,5,0.001,0.1,0.9830695691857527,0.9900440383906012,0.9932583849415797,0.9943834643622215,0.9955986256125673,0.9964436262251165,0.9963104017754264,0.9956879166119673,0.9960625512401086,0.9960107244270111,0.9958031690679454,1.0
7,0,1.138075284688853,0.6665936206476747,8214,1.676607381465823,0.6223520818115412,1369,1.670465255697695,0.6248,0.9917325706212406,0.08278839257025003,,,,,,,0,0,5,0.001,0.1,1.0,0.9952088534608435,0.9934738644746217,0.9918332973765958,0.9895999344160408,0.9875836073611708,0.986968624470548,0.9863951550221094,0.985336559847901,0.9832116294757909,0.985094048068834,0.9822848492996661
7,1,1.2067021005361982,0.6748707027684819,6574,1.6462728432246616,0.6578467153284672,1096,1.670465255697695,0.6248,0.9959454523014467,0.08324493912565223,,,,,,,0,0,5,0.001,0.1,0.9952088534608435,1.0,0.9960888839316975,0.9949796890209809,0.9931295076053054,0.9931245806780773,0.991888442663042,0.991843483585067,0.9910808483954536,0.9896494475624417,0.9910891144904624,0.9892573549148198
7,2,1.251762328622091,0.6590696870136608,5783,1.6840612772972352,0.6058091286307054,964,1.670465255697695,0.6248,0.9977428420468896,0.08341058860836174,,,,,,,0,0,5,0.001,0.1,0.9934738644746217,0.9960888839316975,1.0,0.996052171640846,0.996368654376493,0.994749539986629,0.9947956089573596,0.9944685485337198,0.9941737665801246,0.9928479809631376,0.993085270212702,0.9927067086147785
7,3,1.2806834248893233,0.6466805371666351,5287,1.6693433821201324,0.6140749148694665,881,1.670465255697695,0.6248,0.9982106533361642,0.08345941322819551,,,,,,,0,0,5,0.001,0.1,0.9918332973765958,0.9949796890209809,0.996052171640846,1.0,0.9958271322324493,0.996100004901096,0.9960758694464704,0.9954340966541558,0.9951316334178669,0.994313507511652,0.994953274987797,0.9936898681493355
7,4,1.284153481837242,0.6617629179331307,4935,1.6714238937084491,0.6374695863746959,822,1.670465255697695,0.6248,0.9983136604575251,0.0834714123433602,,,,,,,0,0,5,0.001,0.1,0.9895999344160408,0.9931295076053054,0.996368654376493,0.9958271322324493,1.0,0.9964270984188975,0.9964381243475857,0.9954989809778514,0.9962567241361113,0.9954725431710355,0.9954477394793463,0.9951375827718599
7,5,1.3274037855945222,0.657253053353332,4667,1.6772240352630616,0.6208226221079691,778,1.670465255697695,0.6248,0.9981795547642631,0.08344677872882857,,,,,,,0,0,5,0.001,0.1,0.9875836073611708,0.9931245806780773,0.994749539986629,0.996100004901096,0.9964270984188975,1.0,0.9966497113631381,0.9960070274854607,0.9956848463353052,0.9956705307323814,0.9958861573687184,0.9961053719664311
7,6,1.3181009532724108,0.6664271277790254,4453,1.663409988085429,0.6185983827493261,742,1.670465255697695,0.6248,0.998234456002754,0.08345907453379262,,,,,,,0,0,5,0.001,0.1,0.986968624470548,0.991888442663042,0.9947956089573596,0.9960758694464704,0.9964381243475857,0.9966497113631381,1.0,0.996638096802363,0.9965623409941963,0.9963991669723709,0.9965228953752492,0.9956988054728203
7,7,1.3407984905278505,0.6502221183072247,4277,1.6703661939372187,0.6115007012622721,713,1.670465255697695,0.6248,0.9978928566503767,0.08340942572357238,,,,,,,0,0,5,0.001,0.1,0.9863951550221094,0.991843483585067,0.9944685485337198,0.9954340966541558,0.9954989809778514,0.9960070274854607,0.996638096802363,1.0,0.9962440265699993,0.9966757308430058,0.9961353812583552,0.9952118174964082
7,8,1.3680351164707771,0.6487769435698716,4129,1.6620169173587451,0.6293604651162791,688,1.670465255697695,0.6248,0.9978631830748248,0.08339708370032116,,,,,,,0,0,5,0.001,0.1,0.985336559847901,0.9910808483954536,0.9941737665801246,0.9951316334178669,0.9962567241361113,0.9956848463353052,0.9965623409941963,0.9962440265699993,1.0,0.9973527201201191,0.9966127280714143,0.9957545150567901
7,9,1.3755349392928775,0.6425893526618346,4001,1.6985704785301572,0.5967016491754122,667,1.670465255697695,0.6248,0.9973360589858344,0.08333660080908256,,,,,,,0,0,5,0.001,0.1,0.9832116294757909,0.9896494475624417,0.9928479809631376,0.994313507511652,0.9954725431710355,0.9956705307323814,0.9963991669723709,0.9966757308430058,0.9973527201201191,1.0,0.9965032159299674,0.9957765835472961
7,10,1.3641769658346645,0.6451529956286963,3889,1.670112133026123,0.6342592592592593,648,1.670465255697695,0.6248,0.997575276827481,0.08331425128288303,,,,,,,0,0,5,0.001,0.1,0.985094048068834,0.9910891144904624,0.993085270212702,0.994953274987797,0.9954477394793463,0.9958861573687184,0.9965228953752492,0.9961353812583552,0.9966127280714143,0.9965032159299674,1.0,0.9954215501530053
7,11,1.3856791956084116,0.6393563703508309,3791,1.6450167775154114,0.6424050632911392,632,1.670465255697695,0.6248,0.9967652536835413,0.08326203934569999,,,,,,,0,0,5,0.001,0.1,0.9822848492996661,0.9892573549148198,0.9927067086147785,0.9936898681493355,0.9951375827718599,0.9961053719664311,0.9956988054728203,0.9952118174964082,0.9957545150567901,0.9957765835472961,0.9954215501530053,1.0
8,0,1.0710370398217137,0.6825420014609204,8214,1.5581493183623913,0.6420745069393718,1369,1.5504623822891674,0.6447,0.9914018340101683,0.0828226534154066,,,,,,,0,0,5,0.001,0.1,1.0,0.9946518525150732,0.9927623229925309,0.9913034503843708,0.988809222533496,0.9870866364905188,0.986358282695778,0.9856240473003094,0.9847594051474622,0.9827154564113323,0.9843223389819081,0.9811922825134897
8,1,1.1273500439032769,0.6891086096744752,6574,1.5218352147511074,0.677007299270073,1096,1.5504623822891674,0.6447,0.9957016229573521,0.08324168450026345,,,,,,,0,0,5,0.001,0.1,0.9946518525150732,1.0,0.995313073388968,0.9943850672333207,0.9925941646332617,0.992639767338785,0.9914728796181147,0.9911161874424047,0.9903728499776154,0.9893029906830033,0.9907583970124381,0.9883538608488253
8,2,1.1668085403863897,0.6745633754106864,5783,1.5651915150303994,0.6286307053941909,964,1.5504623822891674,0.6447,0.997508070073384,0.08340167857320108,,,,,,,0,0,5,0.001,0.1,0.9927623229925309,0.995313073388968,1.0,0.995408160954549,0.9959920092672067,0.9941986195791906,0.9943648586294151,0.9937307275845556,0.9938646682096143,0.9923076014200336,0.9926761272142955,0.9919152714616266
8,3,1.1932239339294204,0.6642708530357481,5287,1.5495822599955968,0.637911464245176,881,1.5504623822891674,0.6447,0.9976824859787643,0.08343727292693548,,,,,,,0,0,5,0.001,0.1,0.9913034503843708,0.9943850672333207,0.995408160954549,1.0,0.9950834935039583,0.995206409757251,0.9949124387661396,0.994481655277793,0.994450042039436,0.9930597595169207,0.9938701227479451,0.992444922665419
8,4,1.1913541223156836,0.6777710233029381,4935,1.5516032255612886,0.6605839416058394,822,1.5504623822891674,0.6447,0.9981389312478367,0.08345937813455676,,,,,,,0,0,5,0.001,0.1,0.988809222533496,0.9925941646332617,0.9959920092672067,0.9950834935039583,1.0,0.9958532477710856,0.9957060501537853,0.9948632225605205,0.9962553708382107,0.9952077499749632,0.9951346877727121,0.9945452038126467
