round,client_id,client_i_training_loss,client_i_training_accuracy,client_i_training_dataset_size,client_i_evaluation_loss,client_i_evaluation_accuracy,client_i_evaluation_dataset_size,client_i_central_evaluation_loss,client_i_central_evaluation_accuracy,client_i_cosine_similarity,client_i_importance_coefficient,client_i_tanh_val,tanh_normalization_value,client_i_q,client_i_mask_order,client_i_v_nonzero_fraction,client_i_v_sparsity,client_i_v_cosine_similarity,client_i_reward_gradient_norm,local_epochs,learning_rate,gamma,client_0_cosine_similarity,client_1_cosine_similarity,client_2_cosine_similarity,client_3_cosine_similarity,client_4_cosine_similarity,client_5_cosine_similarity,client_6_cosine_similarity,client_7_cosine_similarity,client_8_cosine_similarity,client_9_cosine_similarity,client_10_cosine_similarity,client_11_cosine_similarity
0,0,2.2536102100654887,0.1383199415631848,6845,2.2991918433796275,0.13732651570489407,1369,2.2988529537297504,0.1391,0.8771122646922551,0.07811154404625671,,,0.7,,0.7000132032810154,0.29998679671898465,0,0.1397545300844876,10,0.025,0.15,1.0,0.9135391210939241,0.8465113907166508,0.8368244799186499,0.8045932513155756,0.7788767875451713,0.7543263259171501,0.7491395499706707,0.7420182110670526,0.7149521096887796,0.7175738053646854,0.7255843270281176
0,1,2.288701116207034,0.1455093099671413,5478,2.2980255285898843,0.1395985401459854,1096,2.298815443545957,0.1389,0.9561370315933593,0.08514912271095197,,,0.9519217673393436,,0.9519648132560942,0.04803518674390583,0,0.1401577851434335,10,0.025,0.15,0.9135391210939241,1.0,0.9296950532377483,0.9222075145461653,0.8806985641071302,0.8706518836227025,0.8741409258660016,0.8407691362512358,0.8666046426022642,0.8559112470980416,0.8119446001096795,0.8482367529118522
0,2,2.294916490504616,0.10823651452282158,4820,2.296613723039627,0.14730290456431536,964,2.2988154375100436,0.1389,0.9614919003449026,0.08562600244822809,,,0.9689924662184337,,0.9690383060190457,0.030961693980954275,0,0.14015791264119057,10,0.025,0.15,0.8465113907166508,0.9296950532377483,1.0,0.9271491028723867,0.8899017987224113,0.9239517288251397,0.8879879742779839,0.8498945866581792,0.8739280445781956,0.8625770504477744,0.8561105686631069,0.9159375553825547
0,3,2.2963766077586585,0.10122560145256468,4406,2.2984158311571394,0.1452894438138479,881,2.298815392240693,0.1389,0.9680817058823904,0.08621285991929349,,,0.9899999999642033,,0.9900232707827895,0.00997672921721049,0,0.14015796507906553,10,0.025,0.15,0.8368244799186499,0.9222075145461653,0.9271491028723867,1.0,0.9154967660923801,0.906328036165139,0.8754104289139436,0.8858064772399661,0.9087930915864665,0.8932077964786943,0.8964832897750223,0.9078308760526363
0,4,2.2973383780681726,0.12607003891050583,4112,2.2957354273114885,0.15815085158150852,822,2.298815491833264,0.1389,0.9519190063154284,0.0847734849727191,,,0.9384751932541817,,0.938522222772359,0.06147777722764103,0,0.1401575809889742,10,0.025,0.15,0.8045932513155756,0.8806985641071302,0.8899017987224113,0.9154967660923801,1.0,0.9153856117812711,0.9160961690918776,0.9305084007724261,0.8533082830087739,0.859028868932944,0.8727198978549127,0.8868241873755739
0,5,2.2977781049666866,0.10771406531241964,3889,2.2979491097586497,0.14395886889460155,778,2.2988155310667016,0.1389,0.94641977043042,0.08428374856913191,,,0.9209442687416045,,0.9209948672245053,0.0790051327754947,0,0.1401570986763655,10,0.025,0.15,0.7788767875451713,0.8706518836227025,0.9239517288251397,0.906328036165139,0.9153856117812711,1.0,0.9107244444764189,0.8911137642233548,0.8267577335548558,0.8342141822778028,0.8951854466698015,0.9282641408045548
0,6,2.2979206372951637,0.130423066558879,3711,2.298819343249003,0.14420485175202155,742,2.298815582371965,0.1389,0.9436549819100082,0.08403752934613826,,,0.9121304444470851,,0.912181677146771,0.08781832285322899,0,0.14015673053779024,10,0.025,0.15,0.7543263259171501,0.8741409258660016,0.8879879742779839,0.8754104289139436,0.9160961690918776,0.9107244444764189,1.0,0.9333249916713033,0.8806625482806064,0.8704638024815347,0.8904939408510467,0.8968380692402115
0,7,2.298560323034014,0.12244668911335578,3564,2.3010509411493936,0.11921458625525946,713,2.2988230005095276,0.1389,0.9331127816735668,0.08309868996233125,,,0.878523136012589,,0.8785710749121156,0.12142892508788439,0,0.14006494745856815,10,0.025,0.15,0.7491395499706707,0.8407691362512358,0.8498945866581792,0.8858064772399661,0.9305084007724261,0.8911137642233548,0.9333249916713033,1.0,0.8781300331676615,0.8487299055535003,0.9038072687969124,0.874180768450188
0,8,2.2975752768693147,0.11316477768090671,3441,2.3014075756073,0.13226744186046513,688,2.298823347574548,0.1389,0.9237614630780615,0.08226590496573828,,,0.8487122197655202,,0.8487564159693683,0.15124358403063165,0,0.14006077374579298,10,0.025,0.15,0.7420182110670526,0.8666046426022642,0.8739280445781956,0.9087930915864665,0.8533082830087739,0.8267577335548558,0.8806625482806064,0.8781300331676615,1.0,0.9075370231436186,0.8529683555088465,0.8742013353409379
0,9,2.2990479504620587,0.13275344931013797,3334,2.302468498547872,0.13943028485757122,667,2.2988243193566045,0.139,0.9132941823323958,0.08133373756377352,,,0.8153437459554649,,0.815385123203116,0.18461487679688404,0,0.14005320196464294,10,0.025,0.15,0.7149521096887796,0.8559112470980416,0.8625770504477744,0.8932077964786943,0.859028868932944,0.8342141822778028,0.8704638024815347,0.8487299055535003,0.9075370231436186,1.0,0.8438698162403999,0.8766364648095726
0,10,2.3000206736417916,0.12684356680037026,3241,2.305275241533915,0.11419753086419752,648,2.298823773106442,0.139,0.9176721083024244,0.08172361531489483,,,0.8293000648526865,,0.8293475928768299,0.1706524071231701,0,0.14005680241758012,10,0.025,0.15,0.7175738053646854,0.8119446001096795,0.8561105686631069,0.8964832897750223,0.8727198978549127,0.8951854466698015,0.8904939408510467,0.9038072687969124,0.8529683555088465,0.8438698162403999,1.0,0.9027278541176196
0,11,2.299441758155823,0.10541310541310542,3159,2.3010094165802,0.13765822784810128,632,2.29882288884513,0.1389,0.9363138268935104,0.08338376018054261,,,0.8887276959342975,,0.8887623574458253,0.11123764255417468,0,0.1400658639974991,10,0.025,0.15,0.7255843270281176,0.8482367529118522,0.9159375553825547,0.9078308760526363,0.8868241873755739,0.9282641408045548,0.8968380692402115,0.874180768450188,0.8742013353409379,0.8766364648095726,0.9027278541176196,1.0
1,0,2.093678422106637,0.22447041636230824,6845,2.2897197116505015,0.15777940102264426,1369,2.289488550982898,0.1532,0.9013543400842001,0.07774791222048755,,,0.7,,0.7000132032810154,0.29998679671898465,0.8573349738043623,0.1459511254353057,10,0.025,0.15,1.0,0.9499182771324118,0.92210176556984,0.9030514409387324,0.893100125758298,0.8737829255534291,0.8465901300071453,0.8432118035946297,0.8399077372407812,0.8238011675378514,0.8203012876907306,0.819940681176012
1,1,2.1526922761007796,0.2154801022270902,5478,2.2878330283694797,0.15693430656934307,1096,2.289417876472956,0.1529,0.9658017080372879,0.08420643338226985,,,0.939660525809527,,0.9397022660131042,0.06029773398689575,0.8598955342709352,0.1460941285468166,10,0.025,0.15,0.9499182771324118,1.0,0.9738031019534584,0.9638006030437293,0.9616901267149016,0.949505523271003,0.9290267074220222,0.9203721014936169,0.9219392179834199,0.9094581976855404,0.9022986029399241,0.9014879168713923
1,2,2.186925781714289,0.19029045643153528,4820,2.2871086597442627,0.1690871369294606,964,2.2894178523293025,0.1529,0.9820060138020419,0.08502987680831879,,,0.970216574093315,,0.9702513574623294,0.029748642537670622,0.8599004602245441,0.14609431983023752,10,0.025,0.15,0.92210176556984,0.9738031019534584,1.0,0.979163499266386,0.9782690945647873,0.9713343166715773,0.9490639428003612,0.9453312827155141,0.9522067149409389,0.9389140917401065,0.9335580788213044,0.927567325208997
1,3,2.19634279523577,0.1939854743531548,4406,2.2895445823669434,0.15096481271282633,881,2.2894178312036058,0.1529,0.9872134871267414,0.08556301289403682,,,0.9899999999628923,,0.9900232707827895,0.00997672921721049,0.859895965987167,0.14609434662573648,10,0.025,0.15,0.9030514409387324,0.9638006030437293,0.979163499266386,1.0,0.9828717305504379,0.9783123931818217,0.9592515473934247,0.9591011381525567,0.9662645278366306,0.9517938164494673,0.9471672340722984,0.9408129151352159
1,4,2.2114158019875036,0.19270428015564203,4112,2.285224403653826,0.18004866180048662,822,2.2894179519218736,0.1529,0.9879514871072843,0.08469572955100621,,,0.9578171554989745,,0.9578567774091862,0.04214322259081382,0.859905962207856,0.14609426552256685,10,0.025,0.15,0.893100125758298,0.9616901267149016,0.9782690945647873,0.9828717305504379,1.0,0.9820729281335417,0.9652162959500578,0.9644948961356486,0.9647770569472667,0.9532312871141827,0.95252477239137,0.9417510723038004
1,5,2.2171232081228687,0.18837747492928775,3889,2.2892320496695384,0.16323907455012854,778,2.2894180484964877,0.1529,0.9889461252140208,0.08442487657725341,,,0.9477664388595702,,0.947814031786899,0.05218596821310095,0.8599009725847618,0.14609419756533293,10,0.025,0.15,0.8737829255534291,0.949505523271003,0.9713343166715773,0.9783123931818217,0.9820729281335417,1.0,0.9754917200623253,0.9688916483871264,0.9701294783745956,0.958270742233375,0.963857682497844,0.959806670876365
1,6,2.243626802543114,0.17844246833737537,3711,2.289299726486206,0.13611859838274934,742,2.28941793683209,0.1529,0.9840666792928665,0.08411337269417624,,,0.9362072626116469,,0.9362364047465795,0.06376359525342046,0.8598919733899721,0.1460937580447139,10,0.025,0.15,0.8465901300071453,0.9290267074220222,0.9490639428003612,0.9592515473934247,0.9652162959500578,0.9754917200623253,1.0,0.9822341571609849,0.9747483110538705,0.9702821755804328,0.9723342416405165,0.9711072395863013
1,7,2.2484197182314736,0.1776374859708193,3564,2.291752815246582,0.1458625525946704,713,2.2894284845907475,0.1529,0.9830383199945044,0.08349847761457366,,,0.9133899528275944,,0.9134359888432275,0.08656401115677248,0.8596011367494408,0.14609339752971626,10,0.025,0.15,0.8432118035946297,0.9203721014936169,0.9453312827155141,0.9591011381525567,0.9644948961356486,0.9688916483871264,0.9822341571609849,1.0,0.9824646643185471,0.9750086496778938,0.9748567475526381,0.9679959138233669
1,8,2.2365135930202626,0.17977332170880558,3441,2.2926079829533896,0.1380813953488372,688,2.2894323777548875,0.1531,0.9832773228042462,0.08299056313046599,,,0.8945424412567062,,0.8945883051938407,0.1054116948061593,0.8590673592963549,0.14608049247009466,10,0.025,0.15,0.8399077372407812,0.9219392179834199,0.9522067149409389,0.9662645278366306,0.9647770569472667,0.9701294783745956,0.9747483110538705,0.9824646643185471,1.0,0.9782035825383328,0.9701234973722485,0.9655199386944864
1,9,2.253935286733839,0.18086382723455308,3334,2.2937031586964927,0.1424287856071964,667,2.28943391993076,0.1529,0.9748029694286883,0.08213711812306919,,,0.8628731048716896,,0.8629004307570431,0.13709956924295685,0.8590633317412839,0.1460772831074187,10,0.025,0.15,0.8238011675378514,0.9094581976855404,0.9389140917401065,0.9517938164494673,0.9532312871141827,0.958270742233375,0.9702821755804328,0.9750086496778938,0.9782035825383328,1.0,0.9633677859469594,0.9655021020768091
1,10,2.2622186183929442,0.1698858377044122,3241,2.2970948219299316,0.1404320987654321,648,2.2894329089152663,0.153,0.9735153825812081,0.08233658553184761,,,0.8702748711386453,,0.8703190242775329,0.12968097572246706,0.859054082145149,0.14607781960774907,10,0.025,0.15,0.8203012876907306,0.9022986029399241,0.9335580788213044,0.9471672340722984,0.95252477239137,0.963857682497844,0.9723342416405165,0.9748567475526381,0.9701234973722485,0.9633677859469594,1.0,0.9722905841688251
1,11,2.2625136842727662,0.16559037670148782,3159,2.2918633460998534,0.13291139240506328,632,2.2894282491901254,0.1529,0.9701835219880891,0.08325604147249478,,,0.9043937179573471,,0.9044330016008978,0.09556699839910221,0.8596023766185125,0.14609314710507992,10,0.025,0.15,0.819940681176012,0.9014879168713923,0.927567325208997,0.9408129151352159,0.9417510723038004,0.959806670876365,0.9711072395863013,0.9679959138233669,0.9655199386944864,0.9655021020768091,0.9722905841688251,1.0
2,0,1.9991990442629213,0.27325054784514247,6845,2.2748813412406226,0.1731190650109569,1369,2.274892994120151,0.1646,0.9133236597134828,0.07784884291672592,,,0.7,,0.7000132032810154,0.29998679671898465,0.9610630815908259,0.1462957696898216,10,0.025,0.15,1.0,0.9555243125141851,0.9336556138115356,0.9147318375214886,0.9048345794148108,0.8870390430317522,0.8745623507495919,0.8644523396172744,0.8474972134943337,0.8436270578371965,0.8348780423538722,0.8398751643077171
2,1,2.044927099416422,0.25879883169039797,5478,2.2722745736440024,0.1760948905109489,1096,2.274794029284127,0.163,0.9619407825125748,0.08342825169718604,,,0.9245024363917137,,0.9245349969467412,0.07546500305325876,0.9616701178604163,0.14640199901208162,10,0.025,0.15,0.9555243125141851,1.0,0.9664606937704107,0.9560936773490696,0.9531367709792433,0.9417448942436679,0.9353707533937365,0.924008783032591,0.9137298497498435,0.910900787018842,0.8993721165700896,0.9084100815878382
2,2,2.076182717712302,0.24603734439834024,4820,2.2723631262779236,0.17427385892116182,964,2.274793821045115,0.163,0.9819646876594208,0.08458983990147116,,,0.9712420448712307,,0.9712828637916522,0.028717136208347815,0.9616760689799351,0.1464033733388749,10,0.025,0.15,0.9336556138115356,0.9664606937704107,1.0,0.9722223847089596,0.9718330723347204,0.9677628542349078,0.9612078919527388,0.9520194967421236,0.9494575583731549,0.9436447358331762,0.9378066543930605,0.941141757172323
2,3,2.085986077104296,0.24198819791193826,4406,2.275579963411604,0.16345062429057888,881,2.2747937697398513,0.163,0.9861502346662271,0.08505601880360932,,,0.9899999999597623,,0.9900232707827895,0.00997672921721049,0.9616737589579848,0.14640341870814075,10,0.025,0.15,0.9147318375214886,0.9560936773490696,0.9722223847089596,1.0,0.9756089168285739,0.9712342404522435,0.9683594076119688,0.9626483062104216,0.9614698720550742,0.955350432674117,0.9509585592181359,0.9564135991307703
2,4,2.088415967695641,0.24557392996108948,4112,2.2686846937452043,0.18369829683698297,822,2.2747938059553316,0.163,0.9887638382516449,0.08460450584513643,,,0.9718321683438766,,0.9718770114373422,0.028122988562657825,0.9616776521763761,0.14640337749723842,10,0.025,0.15,0.9048345794148108,0.9531367709792433,0.9718330723347204,0.9756089168285739,1.0,0.9773227196394939,0.9749941048620923,0.9707591289640456,0.9656199714948797,0.9608718372509326,0.9588276272993567,0.9615604292912282
2,5,2.093308674520062,0.24420159424016458,3889,2.2755459376743863,0.17609254498714652,778,2.2747940353200407,0.163,0.9873287364810336,0.08439018250332984,,,0.9632082954024098,,0.9632453664735687,0.03675463352643127,0.9616748658700063,0.1464033141858625,10,0.025,0.15,0.8870390430317522,0.9417448942436679,0.9677628542349078,0.9712342404522435,0.9773227196394939,1.0,0.9776217953303113,0.9698041559134469,0.9678623780770806,0.9647391638941458,0.9628670623641407,0.9698608235974463
2,6,2.1248470076199237,0.2342225815144166,3711,2.274641990661621,0.15902964959568733,742,2.274794002122517,0.163,0.9885835446110821,0.08423830482219505,,,0.9570970906511649,,0.9571305969533429,0.042869403046657095,0.961665664337216,0.14640325892837738,10,0.025,0.15,0.8745623507495919,0.9353707533937365,0.9612078919527388,0.9683594076119688,0.9749941048620923,0.9776217953303113,1.0,0.9804200103472444,0.9773454685887919,0.9742931678878697,0.9716054367041913,0.976603906049203
2,7,2.1412879564932417,0.2212682379349046,3564,2.277110536893209,0.15568022440392706,713,2.2748096170304697,0.1629,0.9854214223240159,0.08375486635032785,,,0.9376446506077374,,0.9376887656582661,0.06231123434173391,0.9616660784700679,0.14640296471557446,10,0.025,0.15,0.8644523396172744,0.924008783032591,0.9520194967421236,0.9626483062104216,0.9707591289640456,0.9698041559134469,0.9804200103472444,1.0,0.981470694743871,0.9754331557431536,0.9775030557631437,0.9770311911727355
2,8,2.1177261330463266,0.23010752688172043,3441,2.279143730799357,0.13226744186046513,688,2.274812200401403,0.1637,0.9816726858185381,0.08331851809267307,,,0.9200870112926454,,0.9201366539585087,0.07986334604149126,0.9617511692941931,0.14640186409684788,10,0.025,0.15,0.8474972134943337,0.9137298497498435,0.9494575583731549,0.9614698720550742,0.9656199714948797,0.9678623780770806,0.9773454685887919,0.981470694743871,1.0,0.9739565337023349,0.9769368423379671,0.9755745203854391
2,9,2.14043452695564,0.2239352129574085,3334,2.27989395459493,0.1469265367316342,667,2.2748142194144334,0.1637,0.9778308601026576,0.0826653434831436,,,0.8938047837308067,,0.8938456206367282,0.10615437936327177,0.9616874246790078,0.14640037586099994,10,0.025,0.15,0.8436270578371965,0.910900787018842,0.9436447358331762,0.955350432674117,0.9608718372509326,0.9647391638941458,0.9742931678878697,0.9754331557431536,0.9739565337023349,1.0,0.9698074055452461,0.9736912004467647
2,10,2.1480365166297326,0.22024066646096885,3241,2.284311056137085,0.1527777777777778,648,2.2748127044001714,0.1637,0.9754943948359482,0.08271267462980027,,,0.8957092790204958,,0.8957518443333168,0.10424815566668322,0.9616959597047896,0.14640049104314268,10,0.025,0.15,0.8348780423538722,0.8993721165700896,0.9378066543930605,0.9509585592181359,0.9588276272993567,0.9628670623641407,0.9716054367041913,0.9775030557631437,0.9769368423379671,0.9698074055452461,1.0,0.9781812548969961
2,11,2.1608056707382204,0.22611585944919277,3159,2.2778171062469483,0.13765822784810128,632,2.2748094842403748,0.1629,0.9789050232659512,0.08339265095440143,,,0.9230699452789474,,0.9231073921869585,0.07689260781304152,0.9616659984373838,0.14640194791497035,10,0.025,0.15,0.8398751643077171,0.9084100815878382,0.941141757172323,0.9564135991307703,0.9615604292912282,0.9698608235974463,0.976603906049203,0.9770311911727355,0.9755745203854391,0.9736912004467647,0.9781812548969961,1.0
3,0,1.9343292914055012,0.2985682980277575,6845,2.2540002085945825,0.22132943754565376,1369,2.254374808902982,0.2137,0.9201918216874725,0.07821271533491228,,,0.7,,0.7000132032810154,0.29998679671898465,0.9804146205126236,0.1458910322029889,10,0.025,0.15,1.0,0.9539791813930629,0.9372198233152863,0.9141382403950242,0.9034364916259148,0.8891962208050552,0.8890445381365868,0.8787388502780495,0.8496424680747927,0.8446855432498401,0.8459569578186601,0.8479605244207775
3,1,1.9716667812924051,0.2894304490690033,5478,2.25046976407369,0.23175182481751824,1096,2.2542239140860643,0.2175,0.9610758575969018,0.08300110777331648,,,0.9137042314985196,,0.9137495667673416,0.08625043323265835,0.9812399465745878,0.1460111855442452,10,0.025,0.15,0.9539791813930629,1.0,0.9610999167036705,0.9481214748730695,0.943929621143629,0.9352436755003624,0.9374247028998763,0.928882572282756,0.908484474966166,0.901384712265937,0.9013205774131067,0.9064090236127076
3,2,2.0031482345179508,0.2799585062240664,4820,2.251536101102829,0.2354771784232365,964,2.2542223417306246,0.2176,0.9772134065942959,0.08424659820911702,,,0.9692900214782176,,0.9693353798418907,0.030664620158109335,0.9812568423152243,0.146013519610548,10,0.025,0.15,0.9372198233152863,0.9610999167036705,1.0,0.961109692463113,0.9608069393786345,0.9557640842508125,0.9570098893452121,0.9479859689937443,0.9381800272137174,0.9313453011414075,0.9305473715251127,0.9314195810836565
3,3,2.013051257474082,0.2731048570131639,4406,2.25575624193464,0.21566401816118047,881,2.2542223930358887,0.2176,0.9825913211946499,0.08471063911108764,,,0.9899999999553704,,0.9900232707827895,0.00997672921721049,0.9812575736954402,0.14601356437553292,10,0.025,0.15,0.9141382403950242,0.9481214748730695,0.961109692463113,1.0,0.9658780236613256,0.9613672657572194,0.964787213770493,0.9597177544204996,0.9539809310872099,0.9442294559399835,0.9474865324143269,0.9526949092725514
3,4,2.0095590996019768,0.277602140077821,4112,2.2457517896379744,0.2518248175182482,822,2.254222368892235,0.2176,0.9841309305284722,0.08448117824461092,,,0.9797592440523861,,0.9797824759452723,0.020217524054727654,0.9812575457864738,0.14601355133863117,10,0.025,0.15,0.9034364916259148,0.943929621143629,0.9608069393786345,0.9658780236613256,1.0,0.9657138014024713,0.9685187644568797,0.9648807207643862,0.9581204707565368,0.9548924074651902,0.9519092145859581,0.9528964814680299
3,5,2.012864016332934,0.2788377474929288,3889,2.256153038569859,0.23393316195372751,778,2.2542225469516803,0.2175,0.9828693729129389,0.084307310950999,,,0.9719996093018881,,0.9720338003993992,0.02796619960060076,0.9812567384332987,0.14601352887354904,10,0.025,0.15,0.8891962208050552,0.9352436755003624,0.9557640842508125,0.9613672657572194,0.9657138014024713,1.0,0.9721720642404867,0.9665426627172737,0.9603054180971065,0.9522631319775516,0.9560671357763886,0.9608977695036411
3,6,2.0385161202529383,0.27332255456750204,3711,2.2539270718892417,0.215633423180593,742,2.254222598256944,0.2175,0.9868697068180898,0.08434364642601729,,,0.973621248477207,,0.973659454374412,0.026340545625587963,0.981254876346506,0.14601353468764636,10,0.025,0.15,0.8890445381365868,0.9374247028998763,0.9570098893452121,0.964787213770493,0.9685187644568797,0.9721720642404867,1.0,0.9735622456362096,0.968269245099539,0.962224718728339,0.9625610776909138,0.9666830002401652
3,7,2.0620928960187093,0.25446127946127944,3564,2.256510019302368,0.2187938288920056,713,2.254243032841743,0.2164,0.9842373944247326,0.08395841642805708,,,0.9564285722871791,,0.9564704329025763,0.04352956709742373,0.9812492844909955,0.146013414321921,10,0.025,0.15,0.8787388502780495,0.928882572282756,0.9479859689937443,0.9597177544204996,0.9648807207643862,0.9665426627172737,0.9735622456362096,1.0,0.9712340830960854,0.9637892870023247,0.9679799595385428,0.9681001038727766
3,8,2.0372853879575374,0.2623946527172334,3441,2.2602959871292114,0.17296511627906977,688,2.254244638394706,0.2167,0.9769606413746257,0.08345095333154327,,,0.9337806768923554,,0.9338185539106468,0.06618144608935317,0.9812387119021222,0.14601205373814927,10,0.025,0.15,0.8496424680747927,0.908484474966166,0.9381800272137174,0.9539809310872099,0.9581204707565368,0.9603054180971065,0.968269245099539,0.9712340830960854,1.0,0.9642453877099604,0.9667586728381449,0.9659538068057124
3,9,2.0587738116582233,0.25773845230953807,3334,2.2604297002156577,0.1889055472263868,667,2.2542481422424316,0.2167,0.971870758084335,0.08288048406442544,,,0.9083208387752506,,0.9083527256523246,0.09164727434767539,0.9812331034691969,0.146010828332142,10,0.025,0.15,0.8446855432498401,0.901384712265937,0.9313453011414075,0.9442294559399835,0.9548924074651902,0.9522631319775516,0.962224718728339,0.9637892870023247,0.9642453877099604,1.0,0.9620533948889415,0.9650931256920263
3,10,2.065366584062576,0.2552915766738661,3241,2.265725096066793,0.19444444444444445,648,2.254245854631255,0.2166,0.9733156447254679,0.08295689928728046,,,0.9117312226744582,,0.911785578716311,0.08821442128368895,0.9812329886557637,0.14601108815929575,10,0.025,0.15,0.8459569578186601,0.9013205774131067,0.9305473715251127,0.9474865324143269,0.9519092145859581,0.9560671357763886,0.9625610776909138,0.9679799595385428,0.9667586728381449,0.9620533948889415,1.0,0.9704193809742916
3,11,2.0741628851890566,0.26546375435264324,3159,2.258282470703125,0.18354430379746836,632,2.254243696792216,0.2164,0.9755244313609944,0.08345005083863313,,,0.9337403989585238,,0.9337855457081085,0.06621445429189154,0.9812403100100341,0.14601205372642465,10,0.025,0.15,0.8479605244207775,0.9064090236127076,0.9314195810836565,0.9526949092725514,0.9528964814680299,0.9608977695036411,0.9666830002401652,0.9681001038727766,0.9659538068057124,0.9650931256920263,0.9704193809742916,1.0
4,0,1.883830894805767,0.31964937910883856,6845,2.226570324464278,0.28195763330898466,1369,2.2276827957056744,0.2782,0.9313530075151535,0.07883557161451384,,,0.7,,0.7000132032810154,0.29998679671898465,0.9873052979426445,0.14567696277144357,10,0.025,0.15,1.0,0.9515265839946475,0.9412375355431021,0.9237755650779577,0.9127780678775386,0.8993863587984445,0.9017153045375098,0.8910655246386119,0.8629102021812469,0.8600691089675294,0.8631463990526416,0.8635219313914136
4,1,1.9171417086623437,0.31323475721066085,5478,2.222166485256619,0.2947080291970803,1096,2.227441193182257,0.2809,0.9611110468496316,0.08277303779831548,,,0.9044400193730286,,0.9044742618540708,0.09552573814592924,0.9880356103249999,0.14583253628523063,10,0.025,0.15,0.9515265839946475,1.0,0.9540183150231516,0.9438182087269107,0.9420858549728269,0.9330164756544455,0.9372068768496425,0.9276857503508431,0.9056893537230122,0.902758745087273,0.9064268897527374,0.9096286400964573
4,2,1.9461394344505512,0.3078630705394191,4820,2.2242797911167145,0.29045643153526973,964,2.227437574652177,0.2808,0.9761492811633015,0.08403519742177738,,,0.9699735187930216,,0.9700120479939265,0.029987952006073515,0.9880771587128359,0.14583650299888817,10,0.025,0.15,0.9412375355431021,0.9540183150231516,1.0,0.9570882802750187,0.9576598930303335,0.9517265507273013,0.9541603782424211,0.9457313322562848,0.9346343695057765,0.9283490113447422,0.9323874749696134,0.9301923572133053
4,3,1.95585490158626,0.29843395369950065,4406,2.2297914368765697,0.2667423382519864,881,2.227437695370445,0.2807,0.9791596755798552,0.08442090268912378,,,0.9899999999480782,,0.9900232707827895,0.00997672921721049,0.9880744088700293,0.14583661950025315,10,0.025,0.15,0.9237755650779577,0.9438182087269107,0.9570882802750187,1.0,0.9619919126369614,0.9543367057757856,0.956182809978091,0.9543933349455794,0.9459324459866286,0.934807618008298,0.9433104025702745,0.9451854842482523
4,4,1.9458314440467142,0.29953793774319065,4112,2.216109650475638,0.31143552311435524,822,2.2274374871314326,0.2807,0.9825145052080807,0.08438813022347356,,,0.98829839714067,,0.9883398524533347,0.011660147546665334,0.9880740532404707,0.1458366181944015,10,0.025,0.15,0.9127780678775386,0.9420858549728269,0.9576598930303335,0.9619919126369614,1.0,0.9592067847009247,0.9631235031046786,0.9609624743936269,0.9520361209996934,0.948227854313793,0.9510002016048728,0.950208052513775
4,5,1.9549670900067975,0.30989971715093856,3889,2.2303175585610524,0.29048843187660667,778,2.2274378704119333,0.2809,0.9799889783146579,0.0841980359051747,,,0.9784283730435489,,0.9784703998943738,0.021529600105626212,0.988074170625359,0.14583658014523895,10,0.025,0.15,0.8993863587984445,0.9330164756544455,0.9517265507273013,0.9543367057757856,0.9592067847009247,1.0,0.9647602004571322,0.9593161365602054,0.951874960043014,0.9490407562851897,0.9534551061401321,0.953117320575515
4,6,1.9733374283231537,0.300862301266505,3711,2.2270663579305015,0.2830188679245283,742,2.2274380575252484,0.281,0.9840861396915727,0.08435416601741917,,,0.9865349171208759,,0.9865656615668994,0.013434338433100601,0.9880739366036722,0.1458366156199651,10,0.025,0.15,0.9017153045375098,0.9372068768496425,0.9541603782424211,0.956182809978091,0.9631235031046786,0.9647602004571322,1.0,0.9653166178936424,0.959288627793461,0.957333447021499,0.9582788541834671,0.9597074954546889
4,7,1.9997235349246434,0.2807800224466891,3564,2.229703108469645,0.2861150070126227,713,2.227462297753443,0.2799,0.9813876466501211,0.08402746554553935,,,0.9695720664746761,,0.9696159495634665,0.030384050436533472,0.9880755621172606,0.14583650299491924,10,0.025,0.15,0.8910655246386119,0.9276857503508431,0.9457313322562848,0.9543933349455794,0.9609624743936269,0.9593161365602054,0.9653166178936424,1.0,0.9634112529640098,0.9574892125607747,0.9600743178589254,0.9598313159244495
4,8,1.9767501363047848,0.287794245858762,3441,2.235777417818705,0.23255813953488372,688,2.2274638097497483,0.2799,0.9730135866386367,0.08343993609095614,,,0.9390665262439166,,0.9391081183674143,0.06089188163258574,0.9880634109417684,0.14583566945321375,10,0.025,0.15,0.8629102021812469,0.9056893537230122,0.9346343695057765,0.9459324459866286,0.9520361209996934,0.951874960043014,0.959288627793461,0.9634112529640098,1.0,0.9538201131724352,0.9599075196031658,0.9570055058537679
4,9,1.992773703292564,0.2846730653869226,3334,2.235296448071798,0.24737631184407796,667,2.2274695710290837,0.2799,0.9692461519300305,0.08296359680659574,,,0.9143341709735656,,0.9143849746662045,0.0856150253337955,0.9880335274622561,0.14583344047381097,10,0.025,0.15,0.8600691089675294,0.902758745087273,0.9283490113447422,0.934807618008298,0.948227854313793,0.9490407562851897,0.957333447021499,0.9574892125607747,0.9538201131724352,1.0,0.9527817294193838,0.958380691776726
4,10,2.003535715891765,0.289787102746066,3241,2.241323947906494,0.2808641975308642,648,2.22746631163585,0.28,0.9726074721176513,0.08312056419464615,,,0.9224841878514193,,0.9225132445412685,0.07748675545873152,0.9880359145265787,0.14583399856876103,10,0.025,0.15,0.8631463990526416,0.9064268897527374,0.9323874749696134,0.9433104025702745,0.9510002016048728,0.9534551061401321,0.9582788541834671,0.9600743178589254,0.9599075196031658,0.9527817294193838,1.0,0.9613479228363844
4,11,2.0085059366226194,0.29616967394745175,3159,2.2330469131469726,0.26582278481012656,632,2.2274640662760676,0.2798,0.9731368183745998,0.08344339569246473,,,0.9392461547071016,,0.9392896634813751,0.0607103365186249,0.9880631526861348,0.14583570755332406,10,0.025,0.15,0.8635219313914136,0.9096286400964573,0.9301923572133053,0.9451854842482523,0.950208052513775,0.953117320575515,0.9597074954546889,0.9598313159244495,0.9570055058537679,0.958380691776726,0.9613479228363844,1.0
5,0,1.843775357581951,0.33503287070854637,6845,2.1929512240669946,0.310445580715851,1369,2.195217367968982,0.3117,0.9393648665636903,0.07954694625816808,,,0.7,,0.7000132032810154,0.29998679671898465,0.9906710718403419,0.14534728340262112,10,0.025,0.15,1.0,0.947356909828095,0.9413629533423548,0.926383978070409,0.9164619046190136,0.9029731812571378,0.909309409102807,0.8994846792322334,0.8727779614400623,0.8740260602443831,0.8758440042571165,0.8739450057713339
5,1,1.8726681900578876,0.3308871851040526,5478,2.18796616130405,0.3284671532846715,1096,2.1947933782505085,0.3121,0.9619042296455652,0.08272430671527269,,,0.8927720937627768,,0.8928141143074054,0.10718588569259457,0.9915957585228727,0.14550846907203446,10,0.025,0.15,0.947356909828095,1.0,0.9471999741466046,0.939940278922286,0.9390529714500602,0.9267693696671564,0.9353662567091842,0.9287718827642916,0.9086204092414127,0.9055334550343154,0.9093769679369172,0.9106450390140761
5,2,1.9007374167442321,0.3209128630705394,4820,2.1909379065036774,0.31016597510373445,964,2.1947781918924067,0.3124,0.9729189000757398,0.08386650054809605,,,0.9620695812870392,,0.9621065834859963,0.037893416514003686,0.9916535122532991,0.1455150991019505,10,0.025,0.15,0.9413629533423548,0.9471999741466046,1.0,0.9484985621756912,0.9510009230324519,0.9441032313781165,0.9482746026553018,0.9397413527410217,0.9274088900179495,0.9228021747922474,0.9290030326030791,0.9257293612465418
5,3,1.9112819531985692,0.3151384475714934,4406,2.1982205595288957,0.2985244040862656,881,2.194778107389619,0.3122,0.9759031898434627,0.0842030873184927,,,0.9824904738291902,,0.9825221567559539,0.01747784324404611,0.9916605103443918,0.14551531734557108,10,0.025,0.15,0.926383978070409,0.939940278922286,0.9484985621756912,1.0,0.954309424952993,0.9463875163692208,0.9497537830738203,0.9472419831753451,0.9388065284834688,0.9299046046773296,0.9382164495909171,0.9392035805274453
5,4,1.9038760304450988,0.32037937743190664,4112,2.1801791531699046,0.34306569343065696,822,2.194777371008185,0.3123,0.9788620704299185,0.08427933660778343,,,0.9871165574425969,,0.9871598092125893,0.012840190787410721,0.9916618798866852,0.14551533176996603,10,0.025,0.15,0.9164619046190136,0.9390529714500602,0.9510009230324519,0.954309424952993,1.0,0.9503196677494256,0.9544477629030785,0.9535452079148441,0.9444743562555685,0.9409880807529013,0.9455829774769186,0.942269695030503
5,5,1.9072287067290274,0.32136796091540243,3889,2.198852300643921,0.31233933161953725,778,2.1947779232942604,0.3123,0.975776381628253,0.08406074344903898,,,0.9738543980300051,,0.9738987638428149,0.02610123615718507,0.9916606497121464,0.145515262283277,10,0.025,0.15,0.9029731812571378,0.9267693696671564,0.9441032313781165,0.9463875163692208,0.9503196677494256,1.0,0.9576457179989486,0.9515519339575625,0.9445443692872666,0.9397590687208958,0.9463339918271053,0.9455773477916214
5,6,1.9214398347098252,0.31689571544058204,3711,2.194399833679199,0.3018867924528302,742,2.194778644585911,0.3124,0.9809635484487158,0.08432686286529624,,,0.9899999999393294,,0.9900232707827895,0.00997672921721049,0.9916612396533312,0.14551533469509964,10,0.025,0.15,0.909309409102807,0.9353662567091842,0.9482746026553018,0.9497537830738203,0.9544477629030785,0.9576457179989486,1.0,0.9594783239103718,0.9518301502095449,0.9463631089221517,0.9515002729356814,0.9525280739526915
5,7,1.9494195806128638,0.2978114478114478,3564,2.196937918663025,0.33099579242636745,713,2.1948076652575144,0.3129,0.9782129446617446,0.08403449346724727,,,0.9722617981284396,,0.9722978660197059,0.027702133980294086,0.9916567262597825,0.14551524594857942,10,0.025,0.15,0.8994846792322334,0.9287718827642916,0.9397413527410217,0.9472419831753451,0.9535452079148441,0.9515519339575625,0.9594783239103718,1.0,0.9553173632513512,0.9460506124024979,0.9523284695637778,0.9507274543284652
5,8,1.9294302860895793,0.3049113629758791,3441,2.205758571624756,0.28343023255813954,688,2.194811190230937,0.3127,0.9695953634646707,0.08338889061160779,,,0.9330927406982162,,0.9331171296067072,0.06688287039329277,0.991636127573948,0.14551359289467086,10,0.025,0.15,0.8727779614400623,0.9086204092414127,0.9274088900179495,0.9388065284834688,0.9444743562555685,0.9445443692872666,0.9518301502095449,0.9553173632513512,1.0,0.9392025917196819,0.9519763182252433,0.9481664760282039
5,9,1.9538805171295448,0.30293941211757647,3334,2.2043235301971436,0.2848575712143928,667,2.194824897790257,0.3127,0.9651960168445077,0.08294991470297988,,,0.9064598464578407,,0.9065125183608127,0.0934874816391873,0.9916021196572239,0.14551081986639838,10,0.025,0.15,0.8740260602443831,0.9055334550343154,0.9228021747922474,0.9299046046773296,0.9409880807529013,0.9397590687208958,0.9463631089221517,0.9460506124024979,0.9392025917196819,1.0,0.9416213246032383,0.9464234553802234
5,10,1.9511249945713924,0.30206726319037336,3241,2.2113314867019653,0.3287037037037037,648,2.1948164897628977,0.3126,0.9704367473480067,0.0832183015519496,,,0.9227430146764802,,0.9227938142628443,0.07720618573715565,0.9916221724574154,0.14551274918356522,10,0.025,0.15,0.8758440042571165,0.9093769679369172,0.9290030326030791,0.9382164495909171,0.9455829774769186,0.9463339918271053,0.9515002729356814,0.9523284695637778,0.9519763182252433,0.9416213246032383,1.0,0.9514879249160095
5,11,1.9557462153434753,0.3104463437796771,3159,2.202214813232422,0.30537974683544306,632,2.1948117696786227,0.3128,0.9698888825430184,0.08340061590406742,,,0.9338041202246938,,0.9338433100625505,0.0661566899374495,0.9916378515737637,0.14551365866098015,10,0.025,0.15,0.8739450057713339,0.9106450390140761,0.9257293612465418,0.9392035805274453,0.942269695030503,0.9455773477916214,0.9525280739526915,0.9507274543284652,0.9481664760282039,0.9464234553802234,0.9514879249160095,1.0
6,0,1.8105756090746985,0.34493791088385684,6845,2.1537716605446557,0.3418553688823959,1369,2.157522799093512,0.3316,0.9399951656013642,0.08010164674880355,,,0.7,,0.7000132032810154,0.29998679671898465,0.9933129372556241,0.14487906376585694,10,0.025,0.15,1.0,0.941771723881747,0.9374208515103862,0.9240947296008194,0.9107427342063403,0.9027768285833309,0.9081417226755156,0.8980754836759102,0.8752293677414344,0.8660381695371374,0.8772547684101945,0.8712336189638654
6,1,1.8350531428359276,0.3434100036509675,5478,2.1484923362731934,0.3403284671532847,1096,2.156854873971094,0.3299,0.9595206171643874,0.082712309504255,,,0.8791946865317707,,0.8792394910135168,0.12076050898648316,0.994039786648614,0.14505436127375043,10,0.025,0.15,0.941771723881747,1.0,0.9406142903128419,0.9352710875199054,0.9302085481620117,0.9226297231408324,0.9307308457188574,0.9244575056955833,0.9055435516023892,0.8936532897001724,0.9052483782859765,0.9061216303518054
6,2,1.8607843728441942,0.3371576763485477,4820,2.151999443769455,0.3257261410788382,964,2.156823200515554,0.3299,0.9696112498180307,0.0837511567664653,,,0.9505006831096292,,0.9505537125975805,0.04944628740241952,0.9941184696730373,0.14506379495515886,10,0.025,0.15,0.9374208515103862,0.9406142903128419,1.0,0.9420871503201834,0.93749023960305,0.9376411811862656,0.9437731839420898,0.9330097747471404,0.9238598777451444,0.9157651147748415,0.922987667993107,0.9172857370462844
6,3,1.873203352519444,0.3278483885610531,4406,2.1612865924835205,0.31441543700340524,881,2.156820952137814,0.3299,0.9730433800951139,0.08407227341500645,,,0.9725419816478286,,0.9725866877919163,0.02741331220808374,0.9941249003389524,0.14506444875816268,10,0.025,0.15,0.9240947296008194,0.9352710875199054,0.9420871503201834,1.0,0.9460295688115365,0.9410776469390731,0.9429404703858656,0.9396334941262078,0.9331902539118184,0.9212375174601325,0.9337665356053485,0.931408282862165
6,4,1.859573664448478,0.32757782101167315,4112,2.138598714556013,0.36496350364963503,822,2.1568193677105483,0.3299,0.9727727493095042,0.08411076925508618,,,0.9751843183423938,,0.9752273439949828,0.024772656005017213,0.9941255346178957,0.145064471230225,10,0.025,0.15,0.9107427342063403,0.9302085481620117,0.93749023960305,0.9460295688115365,1.0,0.9426218012033485,0.9450514989797324,0.9430209228989632,0.9340850462715745,0.9265229237874637,0.940053017349384,0.9310716040408481
6,5,1.8700432127521884,0.33445615839547443,3889,2.162045887538365,0.3277634961439589,778,2.1568211060536058,0.3298,0.9730222676138336,0.0839832100723942,,,0.9664287149198505,,0.966463666221056,0.03353633377894405,0.9941217252514293,0.14506435673698723,10,0.025,0.15,0.9027768285833309,0.9226297231408324,0.9376411811862656,0.9410776469390731,0.9426218012033485,1.0,0.9520643643617241,0.9440355735867293,0.937666174554856,0.9304662460268621,0.9404894258691445,0.9380271289573714
6,6,1.8752133032371259,0.33166262462947993,3711,2.156614581743876,0.33153638814016173,742,2.156821075874039,0.3298,0.9784754336088214,0.08432661688354856,,,0.9899999999313605,,0.9900232707827895,0.00997672921721049,0.9941250655122353,0.14506452628734426,10,0.025,0.15,0.9081417226755156,0.9307308457188574,0.9437731839420898,0.9429404703858656,0.9450514989797324,0.9520643643617241,1.0,0.9524166600124641,0.9461606758959263,0.9398414195906101,0.9458662693057613,0.94582557628683
6,7,1.9035857034581047,0.311672278338945,3564,2.1590060790379844,0.33660589060308554,713,2.156854925276358,0.3299,0.9748062122676321,0.08402520516733646,,,0.9693112388530298,,0.9693601359937944,0.030639864006205553,0.9941238360933893,0.14506440926138658,10,0.025,0.15,0.8980754836759102,0.9244575056955833,0.9330097747471404,0.9396334941262078,0.9430209228989632,0.9440355735867293,0.9524166600124641,1.0,0.9482374457871438,0.9395195557975814,0.9444756743366035,0.9432062461783728
6,8,1.8879053155581156,0.3225806451612903,3441,2.170837958653768,0.3023255813953488,688,2.156862666335287,0.3306,0.9672169226870538,0.08337639790635828,,,0.9247774079291596,,0.9248073146176825,0.07519268538231749,0.994096730395137,0.14506159734556584,10,0.025,0.15,0.8752293677414344,0.9055435516023892,0.9238598777451444,0.9331902539118184,0.9340850462715745,0.937666174554856,0.9461606758959263,0.9482374457871438,1.0,0.937349522330838,0.9415841256242985,0.9386791852708707
6,9,1.9073208623462252,0.3109178164367127,3334,2.1684577465057373,0.31634182908545727,667,2.156884612916391,0.3305,0.9609186179307843,0.0828980582220495,,,0.8919443927852345,,0.8919806571933125,0.10801934280668746,0.9940778643420153,0.14505703450313354,10,0.025,0.15,0.8660381695371374,0.8936532897001724,0.9157651147748415,0.9212375174601325,0.9265229237874637,0.9304662460268621,0.9398414195906101,0.9395195557975814,0.937349522330838,1.0,0.9375106930119945,0.9408799571090929
