round,client_id,client_i_training_loss,client_i_training_accuracy,client_i_training_dataset_size,client_i_evaluation_loss,client_i_evaluation_accuracy,client_i_evaluation_dataset_size,client_i_central_evaluation_loss,client_i_central_evaluation_accuracy,client_i_cosine_similarity,client_i_importance_coefficient,client_i_tanh_val,tanh_normalization_value,client_i_q,client_i_mask_order,client_i_v_nonzero_fraction,client_i_v_sparsity,client_i_v_cosine_similarity,client_i_reward_gradient_norm,local_epochs,learning_rate,gamma,client_0_cosine_similarity,client_1_cosine_similarity,client_2_cosine_similarity,client_3_cosine_similarity,client_4_cosine_similarity,client_5_cosine_similarity,client_6_cosine_similarity,client_7_cosine_similarity,client_8_cosine_similarity,client_9_cosine_similarity,client_10_cosine_similarity,client_11_cosine_similarity
0,0,0.28601812849306874,0.9104212320428536,8214,2.200431557588799,0.3557341124908692,1369,2.2037751156682024,0.3545,0.8042373569347157,0.08552920885341764,,,0.9999999999363709,,1.0,0.0,0,0.39298573660032343,5,0.1,0.5,1.0,0.5716674777629552,0.5939600411433055,0.5837462863984011,0.5786414171248224,0.5823487877730723,0.5694602975653661,0.5791453933847467,0.5551170968325908,0.5339660662787288,0.5831862040744757,0.567254489917789
0,1,0.3152836541853194,0.901399452388196,6574,2.205535902295794,0.3494525547445255,1096,2.203773707246628,0.3541,0.7888846780125673,0.08389647882580903,,,0.8961109015160971,,0.8961297123638372,0.1038702876361628,0,0.39296475585321505,5,0.1,0.5,0.5716674777629552,1.0,0.5829159185680617,0.586469287360158,0.5757475973589331,0.5906520149956764,0.5673218443684975,0.5687920085116511,0.5755781060481563,0.5275970741889817,0.5893239938883291,0.5604999453138426
0,2,0.323629134313013,0.8989797682863566,5783,2.2102340882824314,0.3506224066390041,964,2.2037750174062323,0.3543,0.7911908019728746,0.08414173099687798,,,0.9117160698581568,,0.9117363586165353,0.08826364138346465,0,0.39297295325266757,5,0.1,0.5,0.5939600411433055,0.5829159185680617,1.0,0.5792279344252717,0.5860547628238845,0.5852686479264355,0.5817347197195124,0.5847143004676018,0.5758145823365594,0.5462631655066831,0.5939614053699835,0.5716115484149907
0,3,0.32388445881043887,0.8973709097787025,5287,2.2076318689755032,0.3473325766174801,881,2.2037699702448736,0.3544,0.7985551903921634,0.08492492057363644,,,0.9615496967565145,,0.9615631745394307,0.03843682546056926,0,0.39298478438445567,5,0.1,0.5,0.5837462863984011,0.586469287360158,0.5792279344252717,1.0,0.5997906507807754,0.6069735386772095,0.6080261826234131,0.5944103169411298,0.5927001558681123,0.5613492907037532,0.6166092288093339,0.590272643539102
0,4,0.35107840382644245,0.8917527862208713,4935,2.204537419172434,0.3442822384428224,822,2.2037736683988722,0.3541,0.7886011080960171,0.08386632167082483,,,0.8941920296945153,,0.8942020982882385,0.10579790171176151,0,0.39296349437937184,5,0.1,0.5,0.5786414171248224,0.5757475973589331,0.5860547628238845,0.5997906507807754,1.0,0.5984893574554524,0.5920048916443661,0.5954284418622813,0.5876186778753149,0.5487834534699044,0.6014431500137369,0.5853174007140836
0,5,0.34301104431984664,0.8923505463895436,4667,2.204006567001343,0.35218508997429304,778,2.2037786584311783,0.3545,0.7915394549460336,0.08417880961888125,,,0.9140753482112518,,0.9140956779278149,0.08590432207218512,0,0.39297401351295336,5,0.1,0.5,0.5823487877730723,0.5906520149956764,0.5852686479264355,0.6069735386772095,0.5984893574554524,1.0,0.5924780231159283,0.5990433312427775,0.5890597405723813,0.5563627373141377,0.607991788932106,0.5866358497219336
0,6,0.3690568593171026,0.8830900516505726,4453,2.203611840804418,0.37735849056603776,742,2.2037863099156096,0.3547,0.7811345401476721,0.08307226548335023,,,0.8436669704276125,,0.843677526228603,0.15632247377139696,0,0.39290981284784826,5,0.1,0.5,0.5694602975653661,0.5673218443684975,0.5817347197195124,0.6080261826234131,0.5920048916443661,0.5924780231159283,1.0,0.5945128334632389,0.5792168672595076,0.5594600729279582,0.5947386224389718,0.5871132556400686
0,7,0.37315806600807316,0.8845452419920505,4277,2.2039845922718877,0.3548387096774194,713,2.20378176168131,0.3546,0.7840373440688427,0.0833809735043014,,,0.8633097756859309,,0.8633201144520858,0.13667988554791421,0,0.3929361843531422,5,0.1,0.5,0.5791453933847467,0.5687920085116511,0.5847143004676018,0.5944103169411298,0.5954284418622813,0.5990433312427775,0.5945128334632389,1.0,0.5909623845050758,0.5649521441080203,0.5978053123260503,0.5986832851402927
0,8,0.3852847335788493,0.8787599903124244,4129,2.2040084817192773,0.3386627906976744,688,2.2038338732795593,0.354,0.7743553913707153,0.08235131509899772,,,0.7977935656579134,,0.7978063350233422,0.2021936649766578,0,0.3928113386519814,5,0.1,0.5,0.5551170968325908,0.5755781060481563,0.5758145823365594,0.5927001558681123,0.5876186778753149,0.5890597405723813,0.5792168672595076,0.5909623845050758,1.0,0.5558920097632444,0.6074104983003432,0.5906012643832177
0,9,0.43518239107455997,0.8701324668832792,4001,2.202120610645839,0.3523238380809595,667,2.2054083857673428,0.346,0.7377365823679621,0.07845697005750753,,,0.55,,0.5500125495708047,0.4499874504291953,0,0.3900180596994308,5,0.1,0.5,0.5339660662787288,0.5275970741889817,0.5462631655066831,0.5613492907037532,0.5487834534699044,0.5563627373141377,0.5594600729279582,0.5649521441080203,0.5558920097632444,1.0,0.5677042698189012,0.5520004747769015
0,10,0.3780574721452154,0.881563383903317,3889,2.203428484144665,0.35648148148148145,648,2.203777543272073,0.3545,0.7916759662472506,0.0841933273523488,,,0.914999098136559,,0.9150042668540735,0.08499573314592646,0,0.3929743024926913,5,0.1,0.5,0.5831862040744757,0.5893239938883291,0.5939614053699835,0.6166092288093339,0.6014431500137369,0.607991788932106,0.5947386224389718,0.5978053123260503,0.6074104983003432,0.5677042698189012,1.0,0.605512538257864
0,11,0.38333469754037985,0.8753890793985756,3791,2.2022081136703493,0.370253164556962,632,2.20384520158981,0.3541,0.7711241464561167,0.08200767796404716,,,0.7759282532485935,,0.7759449826815923,0.2240550173184077,0,0.3927432596415596,5,0.1,0.5,0.567254489917789,0.5604999453138426,0.5716115484149907,0.590272643539102,0.5853174007140836,0.5866358497219336,0.5871132556400686,0.5986832851402927,0.5906012643832177,0.5520004747769015,0.605512538257864,1.0
1,0,0.2565960894733783,0.9218164110056002,8214,2.043383556743001,0.7246165084002922,1369,2.048100356095896,0.7124,0.7937015763054113,0.08427269711604626,,,0.9759643236479932,,0.9759801214798454,0.024019878520154636,0.9594868153113503,0.40420187189665596,5,0.1,0.5,1.0,0.6083251738564798,0.6085948732216656,0.6189758345622739,0.5979014998293752,0.6091805025997452,0.6081275966526835,0.6112306533048179,0.5995675917190377,0.610035904775787,0.6094406952869853,0.6077063121397676
1,1,0.28002130335052183,0.9144204441740189,6574,2.0516962800707135,0.7162408759124088,1096,2.048102649636924,0.7127,0.8022325010887362,0.08348908263339039,,,0.8927099923869439,,0.8927212489332865,0.10727875106671347,0.9593935845051763,0.4041755041319834,5,0.1,0.5,0.6083251738564798,1.0,0.6184642667477368,0.6176614407372388,0.6046697610926083,0.6145407939947604,0.6263196808318997,0.6181422790245552,0.6066562432565877,0.6165731892666486,0.6250758132893299,0.623530400537122
1,2,0.2845890292753748,0.9148192979422445,5783,2.0557834755989814,0.7105809128630706,964,2.0481094441855676,0.7126,0.8064747610912378,0.08379924194671164,,,0.9256625561622188,,0.925681441694694,0.07431855830530598,0.9594486813458875,0.40419340776505697,5,0.1,0.5,0.6085948732216656,0.6184642667477368,1.0,0.6179781828438471,0.6159725146105828,0.6161894724078014,0.6206027306965792,0.6161381286981715,0.6109066542910621,0.6241970905870858,0.6361442471949091,0.6352510582778882
1,3,0.28829392457089154,0.9112540192926045,5287,2.0541171431541443,0.6946651532349603,881,2.0480938570948837,0.7126,0.8116762303978764,0.08449892803666408,,,0.9999999998937559,,1.0,0.0,0.9594840308359079,0.4042022044704046,5,0.1,0.5,0.6189758345622739,0.6176614407372388,0.6179781828438471,1.0,0.6140092962465069,0.6257626271530174,0.6286549242773907,0.6244989350199229,0.6225499389263071,0.6383106475782857,0.6326142526186127,0.6268247019796565
1,4,0.3163272007458633,0.9060182370820669,4935,2.0466090257351217,0.7226277372262774,822,2.0480952476160215,0.713,0.8003247534833905,0.08340265057491711,,,0.8835271054100211,,0.8835450027609055,0.11645499723909447,0.9593816718066059,0.40416789593275104,5,0.1,0.5,0.5979014998293752,0.6046697610926083,0.6159725146105828,0.6140092962465069,1.0,0.6156378673683048,0.6126539897000195,0.6205112298954747,0.6123047699666171,0.6249756335420542,0.619480115021607,0.6244221392336227
1,5,0.30602610774261696,0.90512106278123,4667,2.0500281047821045,0.7146529562982005,778,2.0481117609590767,0.7125,0.8109080754517991,0.08397825002152526,,,0.9446810887299493,,0.944691531549621,0.055308468450378956,0.9594551263395004,0.4041984923447765,5,0.1,0.5,0.6091805025997452,0.6145407939947604,0.6161894724078014,0.6257626271530174,0.6156378673683048,1.0,0.6391748733948079,0.6285070533487227,0.6153632150440881,0.6289168857854592,0.6282033494683146,0.6422361515463768
1,6,0.3315781005318942,0.8957107567931731,4453,2.0432253827651343,0.7088948787061995,742,2.0481130699761,0.7131,0.8132789749389013,0.08332833937797753,,,0.8756319871556408,,0.8756538326389237,0.12434616736107629,0.9592849371953452,0.4041600984042588,5,0.1,0.5,0.6081275966526835,0.6263196808318997,0.6206027306965792,0.6286549242773907,0.6126539897000195,0.6391748733948079,1.0,0.63218764703771,0.6228501026336676,0.6304395169668174,0.6325766214288628,0.6378455071183913
1,7,0.33221540211964007,0.8977788169277531,4277,2.0471602522808574,0.7096774193548387,713,2.048112193997295,0.7129,0.8114318444203763,0.08346834306021542,,,0.8905065373289545,,0.8905275839566287,0.10947241604337132,0.9593162836809815,0.4041738801952119,5,0.1,0.5,0.6112306533048179,0.6181422790245552,0.6161381286981715,0.6244989350199229,0.6205112298954747,0.6285070533487227,0.63218764703771,1.0,0.6168334909156054,0.6306246405828752,0.6348410765970187,0.6387214197064244
1,8,0.3518996082009891,0.8949866795834343,4129,2.04701228575273,0.7151162790697675,688,2.0482978717968487,0.7126,0.8024569248518028,0.08247402620288986,,,0.7848663445422415,,0.7848752572662014,0.21512474273379856,0.9588697801957936,0.4039627108564431,5,0.1,0.5,0.5995675917190377,0.6066562432565877,0.6109066542910621,0.6225499389263071,0.6123047699666171,0.6153632150440881,0.6228501026336676,0.6168334909156054,1.0,0.628436744558423,0.6263263277288027,0.6285388512754313
1,9,0.34682914039557444,0.8962259435141214,4001,2.0510008221580867,0.7076461769115442,667,2.0529836317220815,0.7008,0.8130009353028252,0.08026339444014516,,,0.55,,0.5500125495708047,0.4499874504291953,0.952956528203197,0.40086538901922797,5,0.1,0.5,0.610035904775787,0.6165731892666486,0.6241970905870858,0.6383106475782857,0.6249756335420542,0.6289168857854592,0.6304395169668174,0.6306246405828752,0.628436744558423,1.0,0.6388050904830899,0.6377100710091002
1,10,0.33265436852320296,0.8973515042427359,3889,2.0504138810294017,0.691358024691358,648,2.0481077192690424,0.7123,0.8175145509856119,0.08421803894758757,,,0.9701572216052143,,0.970177199939762,0.029822800060237964,0.9594617118657065,0.4042015941136956,5,0.1,0.5,0.6094406952869853,0.6250758132893299,0.6361442471949091,0.6326142526186127,0.619480115021607,0.6282033494683146,0.6325766214288628,0.6348410765970187,0.6263263277288027,0.6388050904830899,1.0,0.6445217138073558
1,11,0.33826367582092765,0.8949089949881298,3791,2.045989936590195,0.7072784810126582,632,2.0482339942798067,0.7129,0.8185431119196523,0.08280700764193001,,,0.8202436220724776,,0.8202650469353948,0.17973495306460519,0.9588700858115696,0.404068905571421,5,0.1,0.5,0.6077063121397676,0.623530400537122,0.6352510582778882,0.6268247019796565,0.6244221392336227,0.6422361515463768,0.6378455071183913,0.6387214197064244,0.6285388512754313,0.6377100710091002,0.6445217138073558,1.0
2,0,0.23909057203194684,0.9281227173119065,8214,1.8487446807151617,0.8655953250547845,1369,1.8552862660953413,0.8558,0.7990928265915203,0.08361073811469756,,,0.8866576485016238,,0.8866723558054315,0.11332764419456853,0.9674907528552447,0.40446160758529753,5,0.1,0.5,1.0,0.6150617048783295,0.6221317568701258,0.6205471266818929,0.6193128445299626,0.6275071395341001,0.6041921703525994,0.6138637575711559,0.5813598668162746,0.620595814695546,0.6135413884706443,0.6146324646647526
2,1,0.2550893922517239,0.9231518101612413,6574,1.8611480270113263,0.8622262773722628,1096,1.855437107360401,0.8555,0.8053771556074311,0.08331101578655613,,,0.8358628089498952,,0.8358817328447367,0.16411826715526334,0.9673028979661307,0.4043899983188656,5,0.1,0.5,0.6150617048783295,1.0,0.6221537688276262,0.6241228463764709,0.6115922289228594,0.6277551567926977,0.620942477305805,0.6183972122442264,0.5879999543085523,0.6314948217509633,0.6302718728169325,0.6279049120341793
2,2,0.25643710680408865,0.9246757738198167,5783,1.8635307050520373,0.8516597510373444,964,1.8552826304024401,0.8559,0.8097419429667636,0.08366833474283031,,,0.8964187213681836,,0.8964309020631495,0.10356909793685054,0.9674894648857101,0.4044690106035687,5,0.1,0.5,0.6221317568701258,0.6221537688276262,1.0,0.6280395234998689,0.6175688566979448,0.6375009867901358,0.6277096812876688,0.622270108865622,0.5959057635282762,0.6312574378290318,0.6288679333301322,0.6251065541657492
2,3,0.25683078537190174,0.920484206544354,5287,1.8635737299919128,0.8433598183881952,881,1.855213232695485,0.8559,0.8139939647486699,0.08427953112038719,,,0.9999999998305269,,1.0,0.0,0.9675386380687956,0.4044914991525095,5,0.1,0.5,0.6205471266818929,0.6241228463764709,0.6280395234998689,1.0,0.6241309914686946,0.6446323459164685,0.6332760456397913,0.6226656543125932,0.593941927137023,0.6411482836030203,0.6353672912936985,0.6290482810221579
2,4,0.2795321372199443,0.918257345491388,4935,1.85189943588697,0.8637469586374696,822,1.8554634735607112,0.8554,0.8052303126494154,0.08324869625156092,,,0.8253013309290581,,0.8253250338838412,0.17467496611615885,0.9672627631384423,0.4043671057634089,5,0.1,0.5,0.6193128445299626,0.6115922289228594,0.6175688566979448,0.6241309914686946,1.0,0.6252642718139912,0.6190188183883267,0.6269729240775697,0.5904609256932158,0.6268517092907674,0.6284079679887198,0.6269436686435473
2,5,0.27632483126059787,0.915406042425541,4667,1.858661675453186,0.8688946015424165,778,1.8552312424388557,0.8558,0.8207758689612116,0.08417116384009458,,,0.9816346726650357,,0.98165252748356,0.018347472516439978,0.9675344990309293,0.40449140698229047,5,0.1,0.5,0.6275071395341001,0.6277551567926977,0.6375009867901358,0.6446323459164685,0.6252642718139912,1.0,0.6439634228575278,0.6376678442559034,0.6032451702365254,0.6433020226980591,0.6352725258921142,0.638943180923237
2,6,0.291635778819743,0.9100830900516506,4453,1.8453601797421773,0.8544474393530997,742,1.8553734206543944,0.8557,0.8125487089331658,0.08345444169305162,,,0.8601696263737941,,0.8601877415792379,0.13981225842076206,0.9673862402254396,0.40443195246682,5,0.1,0.5,0.6041921703525994,0.620942477305805,0.6277096812876688,0.6332760456397913,0.6190188183883267,0.6439634228575278,1.0,0.6239900432737502,0.5963458385269251,0.6383310816155179,0.6390313363085878,0.6414001079131473
2,7,0.29578676414467503,0.9101239186345569,4277,1.852853749109351,0.8569424964936886,713,1.8553834692738689,0.8557,0.8097550696772446,0.08344978896303969,,,0.8593811143003054,,0.8593895888760604,0.14061041112393957,0.9673880545823261,0.40443063834631227,5,0.1,0.5,0.6138637575711559,0.6183972122442264,0.622270108865622,0.6226656543125932,0.6269729240775697,0.6376678442559034,0.6239900432737502,1.0,0.5951004551568693,0.6306812931452617,0.6306910208614062,0.638038231743676
2,8,0.3281820669497672,0.9026883022523613,4129,1.85628141598268,0.8590116279069767,688,1.8589870533623254,0.8523,0.7773749212792164,0.0816637829735358,,,0.5567013365279015,,0.5567190402088249,0.4432809597911751,0.960293697759639,0.4011798304662532,5,0.1,0.5,0.5813598668162746,0.5879999543085523,0.5959057635282762,0.593941927137023,0.5904609256932158,0.6032451702365254,0.5963458385269251,0.5951004551568693,1.0,0.6000811183996345,0.603692968725741,0.6029007556646059
2,9,0.30525976368078284,0.9109222694326419,4001,1.8646866707574754,0.848575712143928,667,1.865161569354633,0.8469,0.8182417578982528,0.08162424076406083,,,0.55,,0.5500125495708047,0.4499874504291953,0.9614693147208264,0.40098214987918074,5,0.1,0.5,0.620595814695546,0.6314948217509633,0.6312574378290318,0.6411482836030203,0.6268517092907674,0.6433020226980591,0.6383310816155179,0.6306812931452617,0.6000811183996345,1.0,0.6449742658167225,0.6477206056811837
2,10,0.29577173577835325,0.9113396760092569,3889,1.8613806508836293,0.8348765432098766,648,1.855229828304376,0.8557,0.8179820759131907,0.08423254789441686,,,0.9920376119777969,,0.9920536117664775,0.00794638823352245,0.9675384145819445,0.4044914931059697,5,0.1,0.5,0.6135413884706443,0.6302718728169325,0.6288679333301322,0.6353672912936985,0.6284079679887198,0.6352725258921142,0.6390313363085878,0.6306910208614062,0.603692968725741,0.6449742658167225,1.0,0.6472219129719591
2,11,0.2975842491543593,0.9097335795304669,3791,1.8538189470767974,0.8354430379746836,632,1.8556221609298413,0.8556,0.8176103344065881,0.08328571785576859,,,0.8315754929420689,,0.8315998192861804,0.16840018071381957,0.9671238293905899,0.40438131582343,5,0.1,0.5,0.6146324646647526,0.6279049120341793,0.6251065541657492,0.6290482810221579,0.6269436686435473,0.638943180923237,0.6414001079131473,0.638038231743676,0.6029007556646059,0.6477206056811837,0.6472219129719591,1.0
3,0,0.21995424347121545,0.9328950572193816,8214,1.6288375743599826,0.9138056975894814,1369,1.6368014241178956,0.9054,0.7926018059570801,0.08337289004869824,,,0.9043099467156599,,0.9043220721851313,0.09567792781486872,0.9686673880434488,0.39842302193161844,5,0.1,0.5,1.0,0.6060347343700718,0.6062900745710008,0.6091233492485538,0.6056375639161987,0.6106638259804802,0.5993700305113799,0.6027224100631524,0.5283632947909772,0.6066660292572225,0.5941647609497515,0.6075042354993309
3,1,0.23534181909545243,0.9298448433221783,6574,1.6446930851255144,0.9078467153284672,1096,1.6369719935682254,0.9053,0.8006891310834681,0.08345666191274695,,,0.911948696057219,,0.9119622508910196,0.08803774910898043,0.9684812367120468,0.3984272853683267,5,0.1,0.5,0.6060347343700718,1.0,0.610341699543237,0.60483366422193,0.6131433117937347,0.6160216805130462,0.6072252378167708,0.6151445336504864,0.5357072150518799,0.6137723767593415,0.6171278874918994,0.6159481089719047
3,2,0.24047222385049197,0.930416738716929,5783,1.6464871091227378,0.9045643153526971,964,1.6367567469136783,0.9054,0.8016538724103313,0.08372814488637736,,,0.9367039096317691,,0.9367250640028111,0.06327493599718892,0.9686925548539655,0.39843665333486267,5,0.1,0.5,0.6062900745710008,0.610341699543237,1.0,0.6060608972307621,0.6133579402010085,0.6130690396930938,0.6099248631230236,0.62058352451317,0.5309728305115473,0.6149186663578066,0.6170738391242514,0.6201969686799131
3,3,0.23436931180487197,0.9275203328919992,5287,1.6468785873481206,0.8933030646992054,881,1.6366530279762828,0.9054,0.8004241890600153,0.08409168536388825,,,0.9698533997947414,,0.9698659705838061,0.03013402941619392,0.9687652626331998,0.39844117872358753,5,0.1,0.5,0.6091233492485538,0.60483366422193,0.6060608972307621,1.0,0.613636124899011,0.6217531168099052,0.6082375686285628,0.6112734272392384,0.5374547667648586,0.6161791928309492,0.6094021484132588,0.6103382343167301
3,4,0.253342127901532,0.9244579533941236,4935,1.6314200896483202,0.9221411192214112,822,1.6369954176223316,0.9052,0.803459514904776,0.08351220329812868,,,0.9170132451851616,,0.9170322774961096,0.0829677225038904,0.968410866513889,0.3984298390987631,5,0.1,0.5,0.6056375639161987,0.6131433117937347,0.6133579402010085,0.613636124899011,1.0,0.6231846739621643,0.6077379067847275,0.6168816489425819,0.5334169734613202,0.6209710118880895,0.6131026745880909,0.6209741064350787
3,5,0.24685006789633468,0.924362545532462,4667,1.6424275970458984,0.9074550128534704,778,1.6366699553145387,0.9054,0.8119256532022322,0.08442229405038448,,,0.9999999999088147,,1.0,0.0,0.9687671719270222,0.398441700184506,5,0.1,0.5,0.6106638259804802,0.6160216805130462,0.6130690396930938,0.6217531168099052,0.6231846739621643,1.0,0.6196295204368727,0.6270358178971063,0.5470824716960999,0.6240094500135994,0.6266600871441027,0.6297777706415172
3,6,0.2802793912276892,0.9166404671008309,4453,1.6219214051961899,0.9110512129380054,742,1.6368726682358277,0.9053,0.8018776037451331,0.08359368711684009,,,0.9244433587871179,,0.9244515837558356,0.07554841624416442,0.9685922916361965,0.3984328059211865,5,0.1,0.5,0.5993700305113799,0.6072252378167708,0.6099248631230236,0.6082375686285628,0.6077379067847275,0.6196295204368727,1.0,0.6198174762832734,0.5318029928594676,0.6190237730859203,0.6189293290679155,0.6242423090601957
3,7,0.27278695205754755,0.918260462941314,4277,1.631502338077711,0.906030855539972,713,1.6368746140513557,0.9055,0.8073396831458449,0.08378183507962272,,,0.9415996575413861,,0.9416143767883138,0.058385623211686166,0.9685787083667364,0.39843779154987624,5,0.1,0.5,0.6027224100631524,0.6151445336504864,0.62058352451317,0.6112734272392384,0.6168816489425819,0.6270358178971063,0.6198174762832734,1.0,0.5324629539643485,0.6195611151862006,0.6209386652144806,0.6316276111051087
3,8,0.3171255316967962,0.9116008718818116,4129,1.639524752443487,0.8997093023255814,688,1.6450802327725833,0.902,0.718617371407537,0.07948727954360085,,,0.55,,0.5500125495708047,0.4499874504291953,0.9624399022570931,0.394807091811309,5,0.1,0.5,0.5283632947909772,0.5357072150518799,0.5309728305115473,0.5374547667648586,0.5334169734613202,0.5470824716960999,0.5318029928594676,0.5324629539643485,1.0,0.5290766077539902,0.5331378478535889,0.5414872839486631
3,9,0.27792152382825164,0.9170707323169208,4001,1.6497175579979306,0.8950524737631185,667,1.6484916834785535,0.9005,0.8056292934621587,0.08250751286488421,,,0.8254004050917978,,0.8254204106219567,0.1745795893780433,0.9601548128891844,0.39830815142576215,5,0.1,0.5,0.6066660292572225,0.6137723767593415,0.6149186663578066,0.6161791928309492,0.6209710118880895,0.6240094500135994,0.6190237730859203,0.6195611151862006,0.5290766077539902,1.0,0.6228449759984257,0.6229002356846153
3,10,0.26560899479253613,0.9208536898945744,3889,1.6463905970255535,0.9012345679012346,648,1.63667273140563,0.9055,0.8058727989355895,0.08425120157535601,,,0.9843989082319049,,0.9844033934039456,0.015596606596054441,0.9687663824074526,0.39844162117221177,5,0.1,0.5,0.5941647609497515,0.6171278874918994,0.6170738391242514,0.6094021484132588,0.6131026745880909,0.6266600871441027,0.6189293290679155,0.6209386652144806,0.5331378478535889,0.6228449759984257,1.0,0.6272231381741287
3,11,0.267719733801146,0.9182801371669744,3791,1.636346024274826,0.8860759493670886,632,1.6371688797070196,0.9054,0.8108217336143014,0.08379460425947222,,,0.9427640170226417,,0.942778976958988,0.057221023041011954,0.9684558223491812,0.3984380154323227,5,0.1,0.5,0.6075042354993309,0.6159481089719047,0.6201969686799131,0.6103382343167301,0.6209741064350787,0.6297777706415172,0.6242423090601957,0.6316276111051087,0.5414872839486631,0.6229002356846153,0.6272231381741287,1.0
4,0,0.20776639831205287,0.9386656927197468,8214,1.3827480188635892,0.9327976625273923,1369,1.3921316538375026,0.928,0.7847440889827494,0.08293339384330509,,,0.8333667950168147,,0.8333768385121229,0.16662316148787715,0.9687781943287641,0.3983538087291961,5,0.1,0.5,1.0,0.5953069449954627,0.601951923357287,0.5964581004382689,0.6002710483312922,0.5936978594888431,0.5802384672529372,0.5846646603111527,0.5793683390050477,0.5980470311193105,0.5907434150496128,0.5833737303920926
4,1,0.21523042489159672,0.934621235168847,6574,1.4013937405177526,0.927007299270073,1096,1.3921614786306509,0.928,0.7983325259344451,0.0834648536525051,,,0.897674492150238,,0.8976858591436173,0.10231414085638268,0.9689754659873867,0.3984513940072378,5,0.1,0.5,0.5953069449954627,1.0,0.6005619760157519,0.6092516076667935,0.5998339548107611,0.6081877374985418,0.599239901231405,0.6081028679260888,0.5966319006462898,0.6036301158026559,0.6127978616450568,0.6001541982436366
4,2,0.2179940571535111,0.935189348089227,5783,1.4019068864084059,0.9242738589211619,964,1.391925234002427,0.9279,0.7963849479853046,0.08357725764368247,,,0.9112755993197589,,0.9112996335525325,0.08870036644746748,0.9690141973851442,0.3984599751666823,5,0.1,0.5,0.601951923357287,0.6005619760157519,1.0,0.6032099918878652,0.6030625043225649,0.6020448048807207,0.6008538006279102,0.6021113749786746,0.5919652263344832,0.606250063754968,0.6051416662764538,0.5966854693796205
4,3,0.21326212013948215,0.935048231511254,5287,1.4035862130778176,0.9160045402951191,881,1.391835367717682,0.9279,0.8036346714846272,0.08407289808064877,,,0.9712490809560931,,0.9712614828572863,0.028738517142713693,0.9690611041675161,0.3984750556016431,5,0.1,0.5,0.5964581004382689,0.6092516076667935,0.6032099918878652,1.0,0.6051830957507548,0.6234565695720664,0.6031640697968015,0.6075076429120443,0.605922685650856,0.6150846467236213,0.6116561176485983,0.6008514249410334
4,4,0.22836146166578175,0.932644376899696,4935,1.3854069205430837,0.9367396593673966,822,1.3922063302689087,0.928,0.7956480393929496,0.08340781487788806,,,0.8907726866337398,,0.890788615029366,0.10921138497063398,0.9689736027610042,0.3984458005216282,5,0.1,0.5,0.6002710483312922,0.5998339548107611,0.6030625043225649,0.6051830957507548,1.0,0.6041013456561907,0.5911306997906666,0.6003193642351335,0.5986859587728428,0.607928572622517,0.601950875520053,0.5957169828154449
4,5,0.2269593413944726,0.9330619241482752,4667,1.3997551918029785,0.9318766066838047,778,1.391846726877621,0.9279,0.8041398817713133,0.08431050506342394,,,0.999999999878998,,1.0,0.0,0.9690637480397655,0.39847560351854944,5,0.1,0.5,0.5936978594888431,0.6081877374985418,0.6020448048807207,0.6234565695720664,0.6041013456561907,1.0,0.6084239957335713,0.6106596965058277,0.6103118095818796,0.6124658583423699,0.6068703132665664,0.6050470884661463
4,6,0.2580240534432232,0.9237368066472041,4453,1.37257053454717,0.931266846361186,742,1.3920634973544281,0.928,0.7925651654130382,0.08335408523383259,,,0.8842712925166429,,0.8842778976958988,0.11572210230410118,0.9689762906197609,0.39843966794903546,5,0.1,0.5,0.5802384672529372,0.599239901231405,0.6008538006279102,0.6031640697968015,0.5911306997906666,0.6084239957335713,1.0,0.6023986401024629,0.5911389811694088,0.6026805622268042,0.5996045303823614,0.5990070039625023
4,7,0.24138105858200745,0.9282674772036474,4277,1.383179063382356,0.94109396914446,713,1.3920661904179632,0.9279,0.7980705547649838,0.08367198570545041,,,0.9227378837686594,,0.922754881783043,0.07724511821695701,0.9690404008532824,0.39846537472266313,5,0.1,0.5,0.5846646603111527,0.6081028679260888,0.6021113749786746,0.6075076429120443,0.6003193642351335,0.6106596965058277,0.6023986401024629,1.0,0.6012095791988059,0.6044924305573377,0.6042069531025818,0.6042534268317343
4,8,0.2520301992043208,0.9259869217728264,4129,1.398533284664154,0.9331395348837209,688,1.406221966773938,0.9257,0.7916807648540038,0.08059155811404861,,,0.55,,0.5500125495708047,0.4499874504291953,0.9619729221490512,0.39458199532738875,5,0.1,0.5,0.5793683390050477,0.5966319006462898,0.5919652263344832,0.605922685650856,0.5986859587728428,0.6103118095818796,0.5911389811694088,0.6012095791988059,1.0,0.6008087000112011,0.6038430007187697,0.6095472108123455
4,9,0.2524745092584901,0.926718320419895,4001,1.408889656975156,0.9130434782608695,667,1.4050421650036455,0.9254,0.8007920014167388,0.08291959089378562,,,0.8316966105891679,,0.8317152753375835,0.1682847246624165,0.9686099628985627,0.3983498235756933,5,0.1,0.5,0.5980470311193105,0.6036301158026559,0.606250063754968,0.6150846467236213,0.607928572622517,0.6124658583423699,0.6026805622268042,0.6044924305573377,0.6008087000112011,1.0,0.6103104965200898,0.6001106344913051
4,10,0.2413552200635437,0.9274877860632553,3889,1.4052701166697912,0.9259259259259259,648,1.3918533161425362,0.9279,0.8013869761932045,0.08410031508549384,,,0.9745665932370995,,0.9745795893780432,0.025420410621956768,0.9690635492105765,0.39847523028130566,5,0.1,0.5,0.5907434150496128,0.6127978616450568,0.6051416662764538,0.6116561176485983,0.601950875520053,0.6068703132665664,0.5996045303823614,0.6042069531025818,0.6038430007187697,0.6103104965200898,1.0,0.6124152863239587
4,11,0.2452042399287349,0.9244526510155632,3791,1.3930944204330444,0.9129746835443038,632,1.3923852356097188,0.928,0.7956501835737959,0.08359574180593549,,,0.9135122198268133,,0.9135284373274434,0.08647156267255662,0.9690234700495005,0.3984612067990285,5,0.1,0.5,0.5833737303920926,0.6001541982436366,0.5966854693796205,0.6008514249410334,0.5957169828154449,0.6050470884661463,0.5990070039625023,0.6042534268317343,0.6095472108123455,0.6001106344913051,0.6124152863239587,1.0
5,0,0.19291285005133554,0.942464085707329,8214,1.1500879221184308,0.9379108838568299,1369,1.1602839284811537,0.937,0.7859466977039766,0.08387764990852865,,,0.9587150291112,,0.9587269715375735,0.04127302846242653,0.9654996036175547,0.38156054851479365,5,0.1,0.5,1.0,0.5888947611331894,0.5873028250877398,0.5891328097187016,0.5897058565381121,0.5847618789787636,0.5765553055624941,0.5834916357339097,0.5795278738501701,0.3612341800893063,0.5753223313984449,0.58213156465782
5,1,0.2015780277997798,0.9395193185275327,6574,1.1704994201660157,0.9388686131386861,1096,1.1603224774519094,0.9372,0.7780597653605243,0.08395616899403058,,,0.962385597100937,,0.9624014858691833,0.03759851413081672,0.9657197964321871,0.3815609737109026,5,0.1,0.5,0.5888947611331894,1.0,0.5717068274730086,0.5767403564110487,0.5707339588462667,0.5711713531557662,0.5773625473575494,0.5776797585273166,0.5799342365269263,0.355939172308456,0.5786814990318339,0.574705084519614
5,2,0.204290963104252,0.9412415701193152,5783,1.1697803274277718,0.9356846473029046,964,1.160067558098144,0.9371,0.7807682170418075,0.08412821339825344,,,0.9704282364021594,,0.9704482706691431,0.029551729330856924,0.9657449208799711,0.3815617041854588,5,0.1,0.5,0.5873028250877398,0.5717068274730086,1.0,0.5765305565784669,0.5809649244983719,0.5755685945076234,0.5742587033752262,0.5829627149932997,0.5816371507283317,0.35838270880456213,0.5817361774221207,0.5766699707980153
5,3,0.20120961991452938,0.9387176092301872,5287,1.1727241149970464,0.9216799091940976,881,1.1599860897841163,0.9373,0.7855616026203798,0.08463291651955462,,,0.9940218265404845,,0.9940314241252949,0.005968575874705118,0.9657896953225886,0.3815623913105951,5,0.1,0.5,0.5891328097187016,0.5767403564110487,0.5765305565784669,1.0,0.5857382955032222,0.589939678188157,0.580972427730876,0.5801977645053731,0.5875528818581187,0.3628093260470392,0.5815424844527722,0.5779932057412552
5,4,0.2178791724535967,0.9349949341438704,4935,1.1528300872215858,0.940389294403893,822,1.160365683773455,0.9372,0.7828308742636538,0.08408712998731534,,,0.9685076911979631,,0.9685256764218664,0.03147432357813362,0.9657091640850094,0.3815615723930423,5,0.1,0.5,0.5897058565381121,0.5707339588462667,0.5809649244983719,0.5857382955032222,1.0,0.5772095374119807,0.5770682057705384,0.5832527215050345,0.5773815291635196,0.36447323216144445,0.5744993493447158,0.5862712071433707
5,5,0.20942090900921045,0.9358474394686094,4667,1.1693124437332154,0.9473007712082262,778,1.1599941402197647,0.9372,0.7846477578842317,0.08476079882841116,,,0.9999999999532525,,1.0,0.0,0.9657911859014109,0.381562400076706,5,0.1,0.5,0.5847618789787636,0.5711713531557662,0.5755685945076234,0.589939678188157,0.5772095374119807,1.0,0.592230098894188,0.5879392469747534,0.5798335339314344,0.3579541953193933,0.5800848538345384,0.5826038907323102
5,6,0.22035783041118912,0.9336177857624074,4453,1.137445407609145,0.9407008086253369,742,1.1602222650957565,0.9371,0.7830036435377538,0.08405700901709517,,,0.967099612278001,,0.9671151046634205,0.032884895336579456,0.9657071566754952,0.38156145064129304,5,0.1,0.5,0.5765553055624941,0.5773625473575494,0.5742587033752262,0.580972427730876,0.5770682057705384,0.592230098894188,1.0,0.5859621371492275,0.5769324957440592,0.3599941035637574,0.5844786858331374,0.5830214953924849
5,7,0.22491260635902854,0.9317746083703531,4277,1.1469301244486934,0.9509116409537167,713,1.16021692619537,0.9372,0.7851631172524653,0.08434822602414088,,,0.9807132683374925,,0.9807288790723357,0.019271120927664254,0.9657626346366966,0.38156220281619113,5,0.1,0.5,0.5834916357339097,0.5776797585273166,0.5829627149932997,0.5801977645053731,0.5832527215050345,0.5879392469747534,0.5859621371492275,1.0,0.5817312417276772,0.35583099189427625,0.5786013531706417,0.5896120651523095
5,8,0.22889781941074314,0.9322838459675467,4129,1.165194267576391,0.9433139534883721,688,1.1749764785599024,0.9358,0.782875849170551,0.08218830188722785,,,0.8797422961651394,,0.8797500125495709,0.12024998745042914,0.9560825906432261,0.3815159276194576,5,0.1,0.5,0.5795278738501701,0.5799342365269263,0.5816371507283317,0.5875528818581187,0.5773815291635196,0.5798335339314344,0.5769324957440592,0.5817312417276772,1.0,0.36274328523971605,0.582541978280219,0.5919703243381967
5,9,0.3384041508073717,0.9202699325168708,4001,1.1849439655031477,0.9235382308845578,667,1.177480864067809,0.9353,0.540037561045407,0.07513460784898007,,,0.55,,0.5500125495708047,0.4499874504291953,0.9564607057423943,0.37774207737776727,5,0.1,0.5,0.3612341800893063,0.355939172308456,0.35838270880456213,0.3628093260470392,0.36447323216144445,0.3579541953193933,0.3599941035637574,0.35583099189427625,0.36274328523971605,1.0,0.3571013454822643,0.35227799204824883
5,10,0.2256713754543271,0.9321162252507071,3889,1.1763523476464408,0.9351851851851852,648,1.1600036531591569,0.9373,0.7825985846585529,0.08454618289089989,,,0.9899672495043574,,0.989970383012901,0.010029616987099033,0.9657895381136535,0.38156236570368646,5,0.1,0.5,0.5753223313984449,0.5786814990318339,0.5817361774221207,0.5815424844527722,0.5744993493447158,0.5800848538345384,0.5844786858331374,0.5786013531706417,0.582541978280219,0.3571013454822643,1.0,0.5871129310008947
5,11,0.22099567916979934,0.9317330519651806,3791,1.1634351760149002,0.9224683544303798,632,1.160561554348126,0.9373,0.7847694496394854,0.08428279469556224,,,0.9776545197711859,,0.977671803624316,0.02232819637568395,0.9657521269569809,0.3815621035439358,5,0.1,0.5,0.58213156465782,0.574705084519614,0.5766699707980153,0.5779932057412552,0.5862712071433707,0.5826038907323102,0.5830214953924849,0.5896120651523095,0.5919703243381967,0.35227799204824883,0.5871129310008947,1.0
6,0,0.18564185723897925,0.9433893352812271,8214,0.9167573521303576,0.9444850255661067,1369,0.9267460103994741,0.9432,0.7648633350560559,0.0835938065474292,,,0.9444326629218616,,0.9444455599618493,0.05555444003815069,0.9631066989105979,0.38405965111232954,5,0.1,0.5,1.0,0.5573673524226355,0.5632717432261498,0.5578294802304029,0.5648971029743793,0.5612092115735005,0.5445139383083785,0.5441817123328163,0.5397065776397928,0.5252741885933817,0.5418986827334257,0.5441601818548567
6,1,0.1911835543870094,0.9423182233039246,6574,0.936543321609497,0.9452554744525548,1096,0.9267860313954825,0.9433,0.7689617236144597,0.08379194210451951,,,0.9559494421121187,,0.9559610461322223,0.044038953867777675,0.9631120646527336,0.38406177632553945,5,0.1,0.5,0.5573673524226355,1.0,0.5576173748538369,0.5599252417356352,0.5543067490380048,0.5530654647498139,0.5485187747962227,0.5550355838660914,0.5500536635257797,0.537442055465572,0.5578578036104673,0.5515920349322636
6,2,0.187031466740271,0.9453916652256614,5783,0.9362981242518271,0.9408713692946058,964,0.9265375434400175,0.9433,0.7721800465091605,0.08402186707948034,,,0.969314005271988,,0.9693238291250439,0.03067617087495611,0.9631189186449006,0.3840631273851247,5,0.1,0.5,0.5632717432261498,0.5576173748538369,1.0,0.5538396575922114,0.5649274742235607,0.5564246850688901,0.5590202665842982,0.556313475569086,0.5541194651759929,0.5289455007902452,0.5583693002703262,0.5576245327217286
6,3,0.182618347750079,0.9427652733118971,5287,0.9402224357639041,0.9307604994324631,881,0.9264657916352391,0.943,0.7758449836393363,0.08449163978235687,,,0.9966198991160363,,0.9966367150243461,0.0033632849756538574,0.9631227845567469,0.38406377372487405,5,0.1,0.5,0.5578294802304029,0.5599252417356352,0.5538396575922114,1.0,0.5679756491301451,0.5765813516730468,0.5546726981923413,0.5578123574532533,0.5589917475902317,0.5475815025275201,0.5529290363492357,0.5550877663656325
6,4,0.19329591565014373,0.9443566362715299,4935,0.9177962908378015,0.948905109489051,822,0.9268255218530235,0.9433,0.7736081589558044,0.08404481743452709,,,0.9706480120262171,,0.9706641232869836,0.029335876713016407,0.9631184105839848,0.3840632156813693,5,0.1,0.5,0.5648971029743793,0.5543067490380048,0.5649274742235607,0.5679756491301451,1.0,0.5618715079172977,0.5512300822054197,0.5513578493250446,0.5555099936115603,0.5332210493200586,0.5544620550349909,0.564340600587677
6,5,0.19317186212562637,0.9435611742018427,4667,0.936760618686676,0.9511568123393316,778,0.9264692860289504,0.943,0.7750559226384128,0.08454979129755787,,,0.9999999999418743,,1.0,0.0,0.9631225894236036,0.3840637752327646,5,0.1,0.5,0.5612092115735005,0.5530654647498139,0.5564246850688901,0.5765813516730468,0.5618715079172977,1.0,0.5629574230760539,0.5587880633763765,0.5545755320244757,0.5392687126976698,0.5539894308590319,0.5556477195824918
6,6,0.206525254267534,0.9382887940714125,4453,0.9019220570723215,0.9487870619946092,742,0.9266850601750821,0.9433,0.7684562759889613,0.08384193498190325,,,0.9588553159409725,,0.9588675267305858,0.04113247326941416,0.9631144566255252,0.3840621623322067,5,0.1,0.5,0.5445139383083785,0.5485187747962227,0.5590202665842982,0.5546726981923413,0.5512300822054197,0.5629574230760539,1.0,0.5564207272528943,0.5509868554615097,0.532048687826799,0.5561008436321064,0.5605066779069527
6,7,0.2122510333045094,0.9364507832592939,4277,0.908835724644039,0.9551192145862553,713,0.926680542980901,0.9432,0.7684515676678788,0.08403787886938015,,,0.9702447026764566,,0.9702625370212339,0.029737462978766116,0.963118165954334,0.3840631889856648,5,0.1,0.5,0.5441817123328163,0.5550355838660914,0.556313475569086,0.5578123574532533,0.5513578493250446,0.5587880633763765,0.5564207272528943,1.0,0.5486870201150155,0.5259675077139899,0.555237322949657,0.5649148735606352
6,8,0.20894843344975156,0.9380963913780577,4129,0.9304134710268541,0.9505813953488372,688,0.940800484948265,0.9424,0.7647253299628042,0.08245127791640801,,,0.8780223216623131,,0.8780332312634908,0.12196676873650925,0.9629789417656469,0.384013833680164,5,0.1,0.5,0.5397065776397928,0.5500536635257797,0.5541194651759929,0.5589917475902317,0.5555099936115603,0.5545755320244757,0.5509868554615097,0.5486870201150155,1.0,0.5298512551478002,0.5449175689455442,0.5653458984694866
6,9,0.23381981630129506,0.9327168207948013,4001,0.9586426189967564,0.9310344827586207,667,0.9475464013437874,0.9428,0.7395232947982634,0.07680795660522062,,,0.55,,0.5500125495708047,0.4499874504291953,0.9557311609507615,0.3801412991082591,5,0.1,0.5,0.5252741885933817,0.537442055465572,0.5289455007902452,0.5475815025275201,0.5332210493200586,0.5392687126976698,0.532048687826799,0.5259675077139899,0.5298512551478002,1.0,0.5313169777228777,0.5314191022870601
6,10,0.20987636309697247,0.9377732064798149,3889,0.9434007718449547,0.9367283950617284,648,0.9264843355352506,0.943,0.7690140423090365,0.0841911223974021,,,0.9791520987061377,,0.9791677124642337,0.02083228753576627,0.9631220606364108,0.3840635575481165,5,0.1,0.5,0.5418986827334257,0.5578578036104673,0.5583693002703262,0.5529290363492357,0.5544620550349909,0.5539894308590319,0.5561008436321064,0.555237322949657,0.5449175689455442,0.5313169777228777,1.0,0.5722635923994215
