round,client_id,client_i_training_loss,client_i_training_accuracy,client_i_training_dataset_size,client_i_evaluation_loss,client_i_evaluation_accuracy,client_i_evaluation_dataset_size,client_i_central_evaluation_loss,client_i_central_evaluation_accuracy,client_i_cosine_similarity,client_i_importance_coefficient,client_i_tanh_val,tanh_normalization_value,client_i_q,client_i_mask_order,client_i_v_nonzero_fraction,client_i_v_sparsity,client_i_v_cosine_similarity,client_i_reward_gradient_norm,local_epochs,learning_rate,gamma,client_0_cosine_similarity,client_1_cosine_similarity,client_2_cosine_similarity,client_3_cosine_similarity,client_4_cosine_similarity,client_5_cosine_similarity,client_6_cosine_similarity,client_7_cosine_similarity,client_8_cosine_similarity,client_9_cosine_similarity,client_10_cosine_similarity,client_11_cosine_similarity
0,0,0.28171195297317164,0.913927440954468,8214,2.1740554709767186,0.5514974433893353,1369,2.1779852987478336,0.523,0.8052922691490435,0.08533154008396876,,,0.9799999999491713,,0.9800010039656644,0.019998996034335637,0,0.39421235981727804,5,0.1,0.5,1.0,0.5821760503836872,0.5766171943325519,0.5692008793306189,0.5747144206698114,0.5869742048687067,0.5748201901735603,0.5736698999397946,0.5753559857396693,0.5787078446650651,0.5854520601878946,0.5678781286760362
0,1,0.29644685863580517,0.9073927593550349,6574,2.1809661184038434,0.5036496350364964,1096,2.1779898111812606,0.5231,0.7991478287357276,0.0846804540329671,,,0.9469061694907973,,0.9469203353245319,0.0530796646754681,0,0.3942096043207357,5,0.1,0.5,0.5821760503836872,1.0,0.5938491304679155,0.5699623201712446,0.5846564478783346,0.5887189461097966,0.5807815316212402,0.5777156621355926,0.5860650807331853,0.5876531386324668,0.6061848793202318,0.5755787694254513
0,2,0.33061487385745864,0.8975272349991354,5783,2.175858820638349,0.5373443983402489,964,2.1779920354057043,0.523,0.7965315049608899,0.08440321936225414,,,0.932814703123728,,0.932829677225039,0.06717032277496104,0,0.39420666016692407,5,0.1,0.5,0.5766171943325519,0.5938491304679155,1.0,0.5871803480022454,0.5863782317899185,0.5926786563703316,0.5816959177393127,0.5889701115203351,0.5823130632732346,0.5967292153095122,0.6033718227437207,0.5922134892699797
0,3,0.3325309178904148,0.8966143370531492,5287,2.1789603659084866,0.5062429057888763,881,2.178048193264312,0.5223,0.7812734505354253,0.0827864234079285,,,0.8506351339010079,,0.8506550875960042,0.14934491240399583,0,0.3941426376426778,5,0.1,0.5,0.5692008793306189,0.5699623201712446,0.5871803480022454,1.0,0.5796758460979579,0.5813236603665715,0.5838661275239789,0.5879766018645939,0.5712270667747482,0.5764477059623493,0.5833934373778554,0.5885705842652075
0,4,0.3256197245322889,0.8968591691995947,4935,2.176688157595121,0.5316301703163017,822,2.1780303667147702,0.5224,0.7833157351114268,0.08300283090969689,,,0.8616348368779424,,0.8616535314492244,0.1383464685507756,0,0.39415731585591357,5,0.1,0.5,0.5747144206698114,0.5846564478783346,0.5863782317899185,0.5796758460979579,1.0,0.5826368565008564,0.5924336373936148,0.5945111071600004,0.5681103028648888,0.5855106240857381,0.5941038698059073,0.5806687898365779
0,5,0.3547016583185337,0.8881937004499678,4667,2.1805618000030518,0.5244215938303342,778,2.178005244404363,0.5228,0.7879326177658557,0.0834920516837963,,,0.8865012724740555,,0.8865217609557753,0.11347823904422472,0,0.3941819930415171,5,0.1,0.5,0.5869742048687067,0.5887189461097966,0.5926786563703316,0.5813236603665715,0.5826368565008564,1.0,0.5800083772818814,0.6034710954628104,0.5868081705844945,0.6055421453315643,0.6020886407699079,0.5770567217827083
0,6,0.3601649117240283,0.8846620256007186,4453,2.183168133099874,0.5148247978436657,742,2.1780395347851154,0.5223,0.7822360960194127,0.08288842863615492,,,0.8558199227988804,,0.8558355504241755,0.14416444957582453,0,0.3941498191292953,5,0.1,0.5,0.5748201901735603,0.5807815316212402,0.5816959177393127,0.5838661275239789,0.5924336373936148,0.5800083772818814,1.0,0.5971908134558304,0.577231571123431,0.5916462010507524,0.6121596701031367,0.5920852255625249
0,7,0.3554448482274676,0.888613514145429,4277,2.1742446940878164,0.5329593267882188,713,2.178029301067511,0.5226,0.783546488568399,0.08302728234008742,,,0.8628776702800162,,0.8628934290447267,0.13710657095527334,0,0.39415864865755873,5,0.1,0.5,0.5736698999397946,0.5777156621355926,0.5889701115203351,0.5879766018645939,0.5945111071600004,0.6034710954628104,0.5971908134558304,1.0,0.581444905855961,0.6024803810255746,0.5937830324773277,0.5893570336809685
0,8,0.37659212151184107,0.882877209978203,4129,2.1842400269074873,0.5145348837209303,688,2.1781236500785757,0.5219,0.771872164592828,0.08179023079689138,,,0.8,,0.8,0.19999999999999996,0,0.39402427779820315,5,0.1,0.5,0.5753559857396693,0.5860650807331853,0.5823130632732346,0.5712270667747482,0.5681103028648888,0.5868081705844945,0.577231571123431,0.581444905855961,1.0,0.581091918088909,0.5906883666649783,0.5794765201111288
0,9,0.3772438938916099,0.8804798800299926,4001,2.1778886999402727,0.49325337331334335,667,2.1780397930084328,0.5222,0.7826045668681519,0.0829274730753027,,,0.8578044992577232,,0.8578183826113147,0.1421816173886853,0,0.3941524424811397,5,0.1,0.5,0.5787078446650651,0.5876531386324668,0.5967292153095122,0.5764477059623493,0.5855106240857381,0.6055421453315643,0.5916462010507524,0.6024803810255746,0.581091918088909,1.0,0.6056230418634807,0.586556397988465
0,10,0.3665298416615143,0.8843918745178709,3889,2.1733973821004233,0.5138888888888888,648,2.1779990546619548,0.5231,0.790568423900396,0.08377135077238779,,,0.9006976704322137,,0.9007178354500276,0.09928216454997241,0,0.39419231887614087,5,0.1,0.5,0.5854520601878946,0.6061848793202318,0.6033718227437207,0.5833934373778554,0.5941038698059073,0.6020886407699079,0.6121596701031367,0.5937830324773277,0.5906883666649783,0.6056230418634807,1.0,0.5993450042138082
0,11,0.4044351561824564,0.8738063835399631,3791,2.178683638572693,0.5237341772151899,632,2.178094649848085,0.5222,0.772895952612085,0.0818987148985642,,,0.8055141013429276,,0.8055368706390241,0.19446312936097587,0,0.3940425791551709,5,0.1,0.5,0.5678781286760362,0.5755787694254513,0.5922134892699797,0.5885705842652075,0.5806687898365779,0.5770567217827083,0.5920852255625249,0.5893570336809685,0.5794765201111288,0.586556397988465,0.5993450042138082,1.0
1,0,0.24980675179333742,0.9246652057462869,8214,2.0166107582491497,0.8130021913805697,1369,2.022590631494126,0.7888,0.7981960490415381,0.0848683171379438,,,0.9799999999779602,,0.9800010039656644,0.019998996034335637,0.9574185391899751,0.3963285172465093,5,0.1,0.5,1.0,0.6156753751615914,0.6124453280073926,0.6181459964247009,0.6132657598525271,0.6197628065871883,0.6115023531792966,0.6125292515139712,0.4559988302146739,0.5903348531141586,0.6164846008434726,0.6138819153353487
1,1,0.26865907705759684,0.9184058411925768,6574,2.024151226452419,0.7746350364963503,1096,2.022597167057732,0.7888,0.8044174310861699,0.08465262060608651,,,0.9752460833546248,,0.9752622860298178,0.024737713970182207,0.957408729210871,0.3963283817416027,5,0.1,0.5,0.6156753751615914,1.0,0.6246732497097103,0.6244835658523981,0.6158410685420446,0.6288581364499132,0.61896689170181,0.6137163464553808,0.45003538186724107,0.6046943810831905,0.6266105975080584,0.6185604281814896
1,2,0.2936288972585899,0.9094241743039945,5783,2.020674786260051,0.7987551867219918,964,2.0225987342980725,0.7888,0.8082921960989697,0.08460376927221643,,,0.9741694078691295,,0.9741780031122935,0.025821996887706478,0.9574025600212243,0.3963283412233034,5,0.1,0.5,0.6124453280073926,0.6246732497097103,1.0,0.6308308687521628,0.6257731628058962,0.625011549852516,0.6257743148160612,0.6284546718378197,0.4509937716933535,0.6037205356953642,0.628322818047155,0.6245841362532328
1,3,0.29175302992597313,0.9101569888405523,5287,2.0226006039551327,0.7911464245175936,881,2.0226714828143866,0.789,0.8096813639415916,0.08357496630813824,,,0.9514947571876621,,0.9515084584107224,0.0484915415892776,0.9572613027639255,0.3963264405539,5,0.1,0.5,0.6181459964247009,0.6244835658523981,0.6308308687521628,1.0,0.6254767804869185,0.6231517584542081,0.6218990187438381,0.6319101773461535,0.45925085098046436,0.6115644630103315,0.6366536656247272,0.6174790351835974
1,4,0.286427567942789,0.9122998986828774,4935,2.0201847644952626,0.7846715328467153,822,2.022649055090956,0.789,0.8077719997958054,0.08365221884367859,,,0.9531973905575072,,0.9532101802118368,0.04678981978816321,0.9572779134788528,0.39632667949389705,5,0.1,0.5,0.6132657598525271,0.6158410685420446,0.6257731628058962,0.6254767804869185,1.0,0.6303157266512995,0.620374986871104,0.6210077562253224,0.4471885352633813,0.6186419570237783,0.6438298404602639,0.6200742882812684
1,5,0.3107053659103607,0.9056353117634455,4667,2.0269296979904174,0.7892030848329049,778,2.0226179734586527,0.789,0.8119013896711004,0.08412311122228414,,,0.9635757823062256,,0.9635911851814668,0.0364088148185332,0.9573476011121296,0.39632773146768446,5,0.1,0.5,0.6197628065871883,0.6288581364499132,0.625011549852516,0.6231517584542081,0.6303157266512995,1.0,0.629036531999566,0.6308163778711289,0.4606558880480055,0.6078485114181043,0.6335826476110116,0.6299898819070692
1,6,0.3249432172267033,0.9003368515607456,4453,2.032065530618032,0.7884097035040432,742,2.0226616996545763,0.789,0.8057473320852713,0.08350495524700903,,,0.9499517247408553,,0.949962351287586,0.05003764871241401,0.9572665050609821,0.39632622761038483,5,0.1,0.5,0.6115023531792966,0.61896689170181,0.6257743148160612,0.6218990187438381,0.620374986871104,0.629036531999566,1.0,0.6255841765398833,0.4574710140499603,0.5993897357868441,0.6283695192528176,0.6249330921291305
1,7,0.31280174774409675,0.9022211830722469,4277,2.0181830499483193,0.782608695652174,713,2.0226478572851554,0.789,0.8106292826902141,0.08376873929024628,,,0.9557654823257287,,0.9557853521409568,0.044214647859043166,0.9572841037798199,0.3963269814985599,5,0.1,0.5,0.6125292515139712,0.6137163464553808,0.6284546718378197,0.6319101773461535,0.6210077562253224,0.6308163778711289,0.6255841765398833,1.0,0.4637225027826742,0.603929498707558,0.6416843174101003,0.63611024512748
1,8,0.4304746060132031,0.8777427948655849,4129,2.0346490794962104,0.751453488372093,688,2.0228678064224437,0.7884,0.6326485866150235,0.07670128796898927,,,0.8,,0.8,0.19999999999999996,0.9567340137326734,0.3961284081535118,5,0.1,0.5,0.4559988302146739,0.45003538186724107,0.4509937716933535,0.45925085098046436,0.4471885352633813,0.4606558880480055,0.4574710140499603,0.4637225027826742,1.0,0.4466590618366809,0.4649933737699607,0.471128762871611
1,9,0.35377005063337347,0.8918270432391902,4001,2.0251681350526356,0.7901049475262368,667,2.0226574378272595,0.789,0.7901817293646739,0.08298498423422519,,,0.9384916478446671,,0.9385020832287536,0.061497916771246386,0.957272488410302,0.3963241373421179,5,0.1,0.5,0.5903348531141586,0.6046943810831905,0.6037205356953642,0.6115644630103315,0.6186419570237783,0.6078485114181043,0.5993897357868441,0.603929498707558,0.4466590618366809,1.0,0.6236132497339559,0.6050494758227595
1,10,0.3130458092939139,0.9037284649010028,3889,2.013180761110215,0.7916666666666666,648,2.0226097796290827,0.7888,0.8194226373423245,0.08457307483939046,,,0.9734929075415686,,0.9735003262888409,0.026499673711159133,0.9573833700130969,0.396328307265124,5,0.1,0.5,0.6164846008434726,0.6266105975080584,0.628322818047155,0.6366536656247272,0.6438298404602639,0.6335826476110116,0.6283695192528176,0.6416843174101003,0.4649933737699607,0.6236132497339559,1.0,0.6458800095233465
1,11,0.3521533125401044,0.8915853336850436,3791,2.025299769639969,0.7927215189873418,632,2.0227240826756048,0.7886,0.8099268638568976,0.08299195502979195,,,0.9386452830498202,,0.9386576979067316,0.06134230209326841,0.9570019960837304,0.39632420654202477,5,0.1,0.5,0.6138819153353487,0.6185604281814896,0.6245841362532328,0.6174790351835974,0.6200742882812684,0.6299898819070692,0.6249330921291305,0.63611024512748,0.471128762871611,0.6050494758227595,0.6458800095233465,1.0
2,0,0.23203076502409717,0.9310445580715851,8214,1.8219419856404149,0.8955441928414901,1369,1.830693507346863,0.8778,0.7965067286688392,0.08465968762760555,,,0.9710537451261962,,0.971075749209377,0.028924250790622996,0.963947450685575,0.39470013576342156,5,0.1,0.5,1.0,0.608735510815328,0.6192693686000009,0.6015493173927677,0.6163184991670791,0.6219871274835712,0.6120464012724565,0.6166894102551642,0.41863258385575497,0.5697842402340417,0.6229397468963938,0.6141770058712959
2,1,0.24687791079716775,0.9256464861575905,6574,1.8313124350139074,0.8777372262773723,1096,1.8307032246178332,0.8779,0.8040599185699145,0.08478110518725031,,,0.9726882495590479,,0.9727021735856634,0.027297826414336646,0.9639471700343151,0.3947002049772861,5,0.1,0.5,0.608735510815328,1.0,0.6312084702995411,0.6153460348141889,0.6220871357330933,0.6305963184873518,0.6238315231141972,0.6215843620083001,0.41978152175405825,0.5787985521713345,0.6319779855031271,0.6103479571549144
2,2,0.2699787283105292,0.9186235517897285,5783,1.8282648709512526,0.8869294605809128,964,1.83070426589003,0.8779,0.8143237149791495,0.08510918704836941,,,0.9771048368953965,,0.9771246423372321,0.022875357662767937,0.9639475146716312,0.39470036187332025,5,0.1,0.5,0.6192693686000009,0.6312084702995411,1.0,0.6288095144170528,0.6367203033797549,0.6333777654285664,0.6276145428492594,0.6414244646244852,0.4221703195953074,0.5868263804543216,0.6376360228077291,0.6264600429514865
2,3,0.26669168816318356,0.9209003215434084,5287,1.8305835000106268,0.8728717366628831,881,1.8307927728841862,0.8776,0.802716637822374,0.08401432987323079,,,0.9623660387237041,,0.9623763867275739,0.03762361327242614,0.9639427795034446,0.394699555438455,5,0.1,0.5,0.6015493173927677,0.6153460348141889,0.6288095144170528,1.0,0.6242971545722369,0.6257830102447448,0.6239043214585259,0.6283855515562056,0.4194791423925727,0.5843415160508233,0.6258660382026816,0.609038484859434
2,4,0.2581602475221359,0.9195947315096251,4935,1.8282382763349092,0.8819951338199513,822,1.8307666588134277,0.8778,0.8108911025257277,0.0843531880518515,,,0.9669276951816669,,0.9669444305004768,0.03305556949952315,0.9639449025550603,0.39469989462546057,5,0.1,0.5,0.6163184991670791,0.6220871357330933,0.6367203033797549,0.6242971545722369,1.0,0.6307518873875971,0.6293177839221368,0.6324127663622447,0.42010107793739476,0.5914785271205862,0.6385412841828232,0.6212225746333044
2,5,0.2802378996658101,0.91437754446111,4667,1.8355947732925415,0.87146529562982,778,1.830729610242021,0.8779,0.8153064520645781,0.08482277971314303,,,0.9732492655892493,,0.973259374529391,0.02674062547060896,0.9639443079090715,0.3947002262143052,5,0.1,0.5,0.6219871274835712,0.6305963184873518,0.6333777654285664,0.6257830102447448,0.6307518873875971,1.0,0.6322799570492689,0.649185681894134,0.4248307842151645,0.5902612223133552,0.6375754726072582,0.6264800534259334
2,6,0.2810042452226792,0.9136761733662699,4453,1.8440952350695927,0.866576819407008,742,1.8307818658054826,0.8776,0.8093748057216889,0.0842015703662091,,,0.9648866413175776,,0.9648963405451534,0.035103659454846614,0.9639421495195964,0.3946997564836847,5,0.1,0.5,0.6120464012724565,0.6238315231141972,0.6276145428492594,0.6239043214585259,0.6293177839221368,0.6322799570492689,1.0,0.6326038644963549,0.422059702901045,0.5787881349172492,0.6396670005479675,0.6277154722258828
2,7,0.2773416219084565,0.9153144727612813,4277,1.8255091957424,0.8653576437587658,713,1.8307648322071892,0.8778,0.8179590353351068,0.08467937922685022,,,0.9713188303935127,,0.9713317604537924,0.028668239546207563,0.9639443340029379,0.3947001416050677,5,0.1,0.5,0.6166894102551642,0.6215843620083001,0.6414244646244852,0.6283855515562056,0.6324127663622447,0.649185681894134,0.6326038644963549,1.0,0.4303882630643886,0.5964721009933358,0.6452971442846124,0.6357794059929885
2,8,0.42233518471341364,0.8858319205618794,4129,1.8486663590778003,0.8633720930232558,688,1.8311533832702394,0.8776,0.5901131214588636,0.07195312783866431,,,0.8,,0.8,0.19999999999999996,0.9632208082565608,0.39450322193150505,5,0.1,0.5,0.41863258385575497,0.41978152175405825,0.4221703195953074,0.4194791423925727,0.42010107793739476,0.4248307842151645,0.422059702901045,0.4303882630643886,1.0,0.4001636214433459,0.4390556010954431,0.419050306937583
2,9,0.29625174040634844,0.9112221944513872,4001,1.8362291199820382,0.863568215892054,667,1.8307764659674404,0.8777,0.7682339359599193,0.08240856258492352,,,0.9407494475276237,,0.9407660258019176,0.059233974198082406,0.9639246948771025,0.3946965711504215,5,0.1,0.5,0.5697842402340417,0.5787985521713345,0.5868263804543216,0.5843415160508233,0.5914785271205862,0.5902612223133552,0.5787881349172492,0.5964721009933358,0.4001636214433459,1.0,0.6040203977758177,0.5833682095312427
2,10,0.27638420558336085,0.9200822833633325,3889,1.8176378806432087,0.8888888888888888,648,1.830719016992246,0.8778,0.8210265992449407,0.08532425140074115,,,0.9799999999865381,,0.9800010039656644,0.019998996034335637,0.9639468526720948,0.3947004314977104,5,0.1,0.5,0.6229397468963938,0.6319779855031271,0.6376360228077291,0.6258660382026816,0.6385412841828232,0.6375754726072582,0.6396670005479675,0.6452971442846124,0.4390556010954431,0.6040203977758177,1.0,0.6338520544219652
2,11,0.32238725606555574,0.9033500395673965,3791,1.8359546899795531,0.8813291139240507,632,1.8308596180650754,0.8778,0.8046455533125833,0.08369283108116123,,,0.958038071646029,,0.9580543145424426,0.04194568545755739,0.9639332971138111,0.3946991625542763,5,0.1,0.5,0.6141770058712959,0.6103479571549144,0.6264600429514865,0.609038484859434,0.6212225746333044,0.6264800534259334,0.6277154722258828,0.6357794059929885,0.419050306937583,0.5833682095312427,0.6338520544219652,1.0
3,0,0.21618882210541096,0.9337716094472851,8214,1.5929484783216965,0.9284149013878744,1369,1.6046257723634616,0.9144,0.7975500189542682,0.08433023100918037,,,0.9645553494576373,,0.9645700517042317,0.03542994829576829,0.9667380291906907,0.39779293454728987,5,0.1,0.5,1.0,0.6044189379639539,0.6100156406608181,0.6048309061261722,0.6077095657881276,0.6104692210995213,0.6035506620082371,0.6144321796611445,0.5086112803704808,0.609183782011756,0.6164642761544705,0.604530642420608
3,1,0.22307993947501176,0.9328871311226042,6574,1.6041480643408639,0.9096715328467153,1096,1.604637557706132,0.9144,0.797127154093851,0.08439626525790624,,,0.9654480645884015,,0.9654635811455248,0.034536418854475226,0.9667386316350206,0.39779299834407433,5,0.1,0.5,0.6044189379639539,1.0,0.6062116891843465,0.6043964407736653,0.6059683168556215,0.6152510170780178,0.6098828589947045,0.6061627277077042,0.5085208410557394,0.6089447817702099,0.6178135903448078,0.6020838004151159
3,2,0.24933777994460823,0.9261628912329241,5783,1.6022591975427443,0.9097510373443983,964,1.6046387707463468,0.9144,0.7987486564532581,0.08467157518436014,,,0.9691699716553731,,0.9691782541037096,0.030821745896290387,0.9667403168959467,0.39779330858753514,5,0.1,0.5,0.6100156406608181,0.6062116891843465,1.0,0.6031562166815239,0.6150797387816906,0.6107825453873842,0.6048022341224714,0.6125282489866626,0.5079050796768396,0.6124003894912428,0.6178917160345254,0.6026014103555348
3,3,0.24665212215047824,0.9260071874408927,5287,1.6031781051840102,0.9182746878547106,881,1.6047340117323512,0.9145,0.7985150521666744,0.08393429358773319,,,0.9592026827160349,,0.9592138948847949,0.040786105115205085,0.966735028822766,0.39779236020547365,5,0.1,0.5,0.6048309061261722,0.6043964407736653,0.6031562166815239,1.0,0.6205203908774408,0.6114474485233806,0.6014863290674253,0.6167629522943147,0.5035316124669524,0.6224136560303867,0.6141972023199244,0.6032166097577703
3,4,0.24014926358216232,0.9292401215805471,4935,1.6016071668038,0.9148418491484185,822,1.604706973694384,0.9145,0.8075931560386885,0.08447812428200767,,,0.966554714407472,,0.9665729632046584,0.03342703679534165,0.9667378808151361,0.3977931131837929,5,0.1,0.5,0.6077095657881276,0.6059683168556215,0.6150797387816906,0.6205203908774408,1.0,0.6189361181142097,0.6175125839492651,0.6216724481529294,0.523081094249829,0.6193500917344956,0.635581509645277,0.607074854187609
3,5,0.2530630676854045,0.9230769230769231,4667,1.611302194595337,0.9125964010282777,778,1.6046700073888127,0.9145,0.8067193527801656,0.08476021195556699,,,0.9703682496448287,,0.9703830129009587,0.02961698709904126,0.9667405090241519,0.39779338553076443,5,0.1,0.5,0.6104692210995213,0.6152510170780178,0.6107825453873842,0.6114474485233806,0.6189361181142097,1.0,0.6128928587873744,0.6235229901661946,0.518026663886193,0.6216721328148633,0.6307563702243895,0.607666758055915
3,6,0.25676493166147596,0.9240512014372333,4453,1.6214434206485748,0.9083557951482479,742,1.6047183652274526,0.9145,0.7998120398578034,0.08410443972720831,,,0.9615028835372954,,0.9615230159128558,0.03847698408714417,0.9667358650047281,0.39779263399370035,5,0.1,0.5,0.6035506620082371,0.6098828589947045,0.6048022341224714,0.6014863290674253,0.6175125839492651,0.6128928587873744,1.0,0.6204217541802554,0.512866997942978,0.6085380480141864,0.6232946841959282,0.6029443219551051
3,7,0.2568324526758003,0.9217675941080197,4277,1.5987937709559565,0.9214586255259467,713,1.6047079422222539,0.9145,0.8099550431423259,0.08477812470825165,,,0.9706104116390026,,0.9706289844887305,0.029371015511269527,0.9667401891083011,0.3977934112642103,5,0.1,0.5,0.6144321796611445,0.6061627277077042,0.6125282489866626,0.6167629522943147,0.6216724481529294,0.6235229901661946,0.6204217541802554,1.0,0.5176970777183632,0.6237430243097074,0.6307695589172696,0.6250552216543942
3,8,0.3262685575629943,0.9090821022039235,4129,1.6289990002458745,0.9040697674418605,688,1.6053391809280688,0.9144,0.6916817900294651,0.0721580514405917,,,0.8,,0.8,0.19999999999999996,0.9659209108017514,0.39755742553253753,5,0.1,0.5,0.5086112803704808,0.5085208410557394,0.5079050796768396,0.5035316124669524,0.523081094249829,0.518026663886193,0.512866997942978,0.5176970777183632,1.0,0.5181897066386508,0.5317594188759466,0.5194695998603487
3,9,0.2713804040436766,0.9170207448137966,4001,1.613334990683056,0.9115442278860569,667,1.6047086273900235,0.9144,0.8075220087008526,0.08318065364307727,,,0.9490142457348617,,0.9490286632197179,0.050971336780282095,0.9667182896606589,0.39779084401925235,5,0.1,0.5,0.609183782011756,0.6089447817702099,0.6124003894912428,0.6224136560303867,0.6193500917344956,0.6216721328148633,0.6085380480141864,0.6237430243097074,0.5181897066386508,1.0,0.6407477800630494,0.6146602002108686
3,10,0.25148767399922256,0.9268192337361789,3889,1.58854683807918,0.9212962962962963,648,1.6046625543326234,0.9144,0.8175191295667136,0.08547267372058903,,,0.979999999986481,,0.9800010039656644,0.019998996034335637,0.9667397844300321,0.39779384307902477,5,0.1,0.5,0.6164642761544705,0.6178135903448078,0.6178917160345254,0.6141972023199244,0.635581509645277,0.6307563702243895,0.6232946841959282,0.6307695589172696,0.5317594188759466,0.6407477800630494,1.0,0.6243043876481897
3,11,0.2889652306542677,0.9142178844632023,3791,1.6122735619544983,0.9018987341772152,632,1.6048041665896822,0.9143,0.7989474887204467,0.08373535548352717,,,0.9565132441423108,,0.9565333065609156,0.04346669343908438,0.9667297482268749,0.39779203388057777,5,0.1,0.5,0.604530642420608,0.6020838004151159,0.6026014103555348,0.6032166097577703,0.607074854187609,0.607666758055915,0.6029443219551051,0.6250552216543942,0.5194695998603487,0.6146602002108686,0.6243043876481897,1.0
4,0,0.19929638571769057,0.9401266130995861,8214,1.340649455092674,0.9466764061358656,1369,1.3551350866262906,0.9337,0.794623083794629,0.08393404812078568,,,0.9602777531103919,,0.9602981778023192,0.039701822197680814,0.9693365269809175,0.39823393203072677,5,0.1,0.5,1.0,0.6059233382983991,0.5990695765149829,0.5978208755931432,0.6079715241925033,0.6073439139101373,0.592831636066053,0.5979234683282689,0.6028260497740867,0.5868706069920081,0.5956897883870413,0.5959849574307154
4,1,0.20861869719223056,0.9363249163370855,6574,1.3533943891525269,0.9288321167883211,1096,1.355147457351319,0.9337,0.794352558074833,0.08396851000183884,,,0.960954747812284,,0.9609708347974499,0.039029165202550065,0.9693358212374007,0.3982340012820701,5,0.1,0.5,0.6059233382983991,1.0,0.6075257790939074,0.6015995989389622,0.6020544840453755,0.6024933646817232,0.5961372938792123,0.5942300920691678,0.5972107139395608,0.5860471872784607,0.6023372142416286,0.5909327162144994
4,2,0.22793229908697843,0.9325609545218745,5783,1.3534386734808646,0.9242738589211619,964,1.355146460639783,0.9337,0.7937580965756772,0.08413086742429839,,,0.9641442172045209,,0.9641534059535164,0.035846594046483604,0.9693385991923213,0.39823437989480504,5,0.1,0.5,0.5990695765149829,0.6075257790939074,1.0,0.6009157761602479,0.6044454631702649,0.5906021885288404,0.5921571874921985,0.6016842903706784,0.5931000839030928,0.5948940858026902,0.5969650692637661,0.5978886072106616
4,3,0.22544846911914646,0.931681482882542,5287,1.3527030008179801,0.9387060158910329,881,1.3552439726960546,0.9337,0.7961756808844432,0.08372498443412019,,,0.9561707512896777,,0.9561869384067065,0.043813061593293456,0.9693366290577377,0.39823338642724415,5,0.1,0.5,0.5978208755931432,0.6015995989389622,0.6009157761602479,1.0,0.6115359489263202,0.5992775211525392,0.6024750469909227,0.608116425770135,0.5957336154683055,0.5947504390728501,0.59985635550107,0.5937400599039971
4,4,0.21798110758465145,0.9349544072948328,4935,1.3512540046985333,0.9416058394160584,822,1.3552232565590367,0.9337,0.8054228045725842,0.08441062946681181,,,0.9696400698621265,,0.9696501179659656,0.030349882034034437,0.9693375408850209,0.39823485127903707,5,0.1,0.5,0.6079715241925033,0.6020544840453755,0.6044454631702649,0.6115359489263202,1.0,0.606631492248191,0.6112990032355824,0.6091133423739561,0.6122639785296368,0.6087072516740164,0.6175176400326021,0.6014701312361455
4,5,0.23390060274746932,0.9310049282194129,4667,1.3636825895309448,0.9305912596401028,778,1.355184355863748,0.9337,0.7976430538331367,0.08432588344481719,,,0.9679752562726336,,0.9679885547914261,0.03201144520857391,0.9693386642852503,0.39823470917160886,5,0.1,0.5,0.6073439139101373,0.6024933646817232,0.5906021885288404,0.5992775211525392,0.606631492248191,1.0,0.6013873007443633,0.6095539025992894,0.6066776930574362,0.596118429763406,0.6051503777587619,0.5920736437109333
4,6,0.23473795106567974,0.9299348753649225,4453,1.374910295009613,0.9326145552560647,742,1.3552269844201426,0.9337,0.7961416157608744,0.08383699623696701,,,0.958371194061786,,0.9583806033833643,0.04161939661663572,0.9693362206558336,0.3982336817815503,5,0.1,0.5,0.592831636066053,0.5961372938792123,0.5921571874921985,0.6024750469909227,0.6112990032355824,0.6013873007443633,1.0,0.6116556405095611,0.6041924467031243,0.5914151340634646,0.6073906074812213,0.594848379300733
4,7,0.22829939820039183,0.9322422258592471,4277,1.348349312077398,0.9424964936886395,713,1.3552245339646507,0.9337,0.8020554596005244,0.08449231417019341,,,0.9712447446426373,,0.9712614828572863,0.028738517142713693,0.9693395085376304,0.39823496124967134,5,0.1,0.5,0.5979234683282689,0.5942300920691678,0.6016842903706784,0.608116425770135,0.6091133423739561,0.6095539025992894,0.6116556405095611,1.0,0.6092582313649303,0.6045970876903726,0.6083845057004983,0.6049449246549076
4,8,0.23931566634589288,0.9272947444901913,4129,1.3858362382108516,0.9244186046511628,688,1.3562306352316762,0.9332,0.7929039798672708,0.07577523558101106,,,0.8,,0.8,0.19999999999999996,0.968454784027586,0.39798648370754114,5,0.1,0.5,0.6028260497740867,0.5972107139395608,0.5931000839030928,0.5957336154683055,0.6122639785296368,0.6066776930574362,0.6041924467031243,0.6092582313649303,1.0,0.5962766482224814,0.6133145764829401,0.6004010620109128
4,9,0.24894988628465586,0.9260684828792802,4001,1.3664727154232206,0.9205397301349325,667,1.3552283101950209,0.9337,0.7903868647401053,0.08302084762055842,,,0.9423381664852339,,0.9423522915516289,0.05764770844837108,0.9693339679435194,0.3982305442240607,5,0.1,0.5,0.5868706069920081,0.5860471872784607,0.5948940858026902,0.5947504390728501,0.6087072516740164,0.596118429763406,0.5914151340634646,0.6045970876903726,0.5962766482224814,1.0,0.6032101716100015,0.5919498027685842
4,10,0.23093804337969814,0.9309848290048856,3889,1.3364012014298212,0.9367283950617284,648,1.3551855407202968,0.9337,0.8015862560499365,0.08493799353399821,,,0.9799999999803553,,0.9800010039656644,0.019998996034335637,0.9693409632105228,0.398235385113222,5,0.1,0.5,0.5956897883870413,0.6023372142416286,0.5969650692637661,0.59985635550107,0.6175176400326021,0.6051503777587619,0.6073906074812213,0.6083845057004983,0.6133145764829401,0.6032101716100015,1.0,0.6025084174920664
4,11,0.2658591513060221,0.9222368768135056,3791,1.365845936536789,0.9272151898734177,632,1.355325772739447,0.9337,0.7918654887945676,0.08344168996459975,,,0.9506055050210593,,0.950624968626073,0.04937503137392696,0.9693312956516128,0.39823243908940537,5,0.1,0.5,0.5959849574307154,0.5909327162144994,0.5978886072106616,0.5937400599039971,0.6014701312361455,0.5920736437109333,0.594848379300733,0.6049449246549076,0.6004010620109128,0.5919498027685842,0.6025084174920664,1.0
5,0,0.18847852572237037,0.9432188945702459,8214,1.0920068455296894,0.9554419284149014,1369,1.1089563257397173,0.9417,0.7793601958119617,0.0839637309971242,,,0.9586586303509685,,0.9586717534260328,0.041328246573967165,0.9685831156884834,0.3866402080527529,5,0.1,0.5,1.0,0.5784268220224135,0.5778945016994728,0.5716829477218582,0.5809743943060031,0.5811305794396675,0.5714014991991812,0.5835148297173672,0.5425553342217107,0.4949992695884936,0.5710092876398895,0.5719008194553966
5,1,0.19443252483310486,0.9415272284758138,6574,1.1065690415246145,0.9443430656934306,1096,1.1089673558363138,0.9417,0.7815886370974433,0.08406570013647098,,,0.9610647143976843,,0.9610812710205311,0.03891872897946891,0.968583744560928,0.38664049840903963,5,0.1,0.5,0.5784268220224135,1.0,0.5868285842820612,0.5800068732472983,0.5802921465358314,0.5849381964247906,0.5762245122692623,0.574851788668229,0.5462320035336187,0.4943670191099404,0.5756993783617779,0.5683028502159221
5,2,0.21259282156001796,0.9373335638941726,5783,1.1089335603098716,0.9315352697095436,964,1.1089645603213447,0.9418,0.7822224468277077,0.08419721382947871,,,0.9641679375953855,,0.9641785050951257,0.035821494904874296,0.9685883476911143,0.3866408148232662,5,0.1,0.5,0.5778945016994728,0.5868285842820612,1.0,0.5787313152906816,0.5770536570926355,0.5791356041928807,0.5743953250214482,0.582962768432044,0.5427162221160066,0.49660137501489354,0.5814622477306369,0.5730564027227278
5,3,0.2071788720646312,0.9372422924153584,5287,1.1057276172297341,0.945516458569807,881,1.1090621070359081,0.9417,0.7782183667631971,0.08378286560942212,,,0.9543908947719415,,0.9543998795241203,0.04560012047587969,0.9685825984720915,0.3866395886261096,5,0.1,0.5,0.5716829477218582,0.5800068732472983,0.5787313152906816,1.0,0.581758661015057,0.5788485014073966,0.5731571583179451,0.5839402507612029,0.533129070332544,0.5006298195729216,0.5710431796828841,0.5622001585646194
5,4,0.1951524823615628,0.9409118541033434,4935,1.1036281677392812,0.948905109489051,822,1.1090355694484406,0.9417,0.7863441632392053,0.08453097388494692,,,0.9720434060953395,,0.9720596355604638,0.02794036443953618,0.9685901390434417,0.3866414128982325,5,0.1,0.5,0.5809743943060031,0.5802921465358314,0.5770536570926355,0.581758661015057,1.0,0.5856186107675828,0.5853227700693394,0.5860515911307597,0.5466884209218398,0.5065199855225885,0.5876670725109312,0.5698272389497168
5,5,0.21892407946224796,0.9333619027212342,4667,1.1194395327568054,0.9383033419023136,778,1.108998731111947,0.9418,0.7902561630174975,0.08461238126734331,,,0.9739643108447924,,0.9739721901510968,0.026027809848903183,0.9685906230154243,0.3866415065745323,5,0.1,0.5,0.5811305794396675,0.5849381964247906,0.5791356041928807,0.5788485014073966,0.5856186107675828,1.0,0.588617195342456,0.5965497957791998,0.5634363693399582,0.5122769571196975,0.5848483834839939,0.5704821215869613
5,6,0.21181294578925838,0.9378396586570851,4453,1.1306868692239125,0.9407008086253369,742,1.1090478093479388,0.9417,0.7824860327258637,0.08400906551563558,,,0.9597283526459152,,0.9597409768585914,0.04025902314140861,0.9685827226059621,0.3866403362087518,5,0.1,0.5,0.5714014991991812,0.5762245122692623,0.5743953250214482,0.5731571583179451,0.5853227700693394,0.588617195342456,1.0,0.5830061306173454,0.5498432725960449,0.5018174705338226,0.5788155880167559,0.572834499597724
5,7,0.2103080073760739,0.9393032499415478,4277,1.1011603941088137,0.9523141654978962,713,1.1090349699742497,0.9417,0.7895350423843559,0.08469871299547709,,,0.9760014114334483,,0.9760252999347422,0.023974700065257815,0.96859046769422,0.38664161007482684,5,0.1,0.5,0.5835148297173672,0.574851788668229,0.582962768432044,0.5839402507612029,0.5860515911307597,0.5965497957791998,0.5830061306173454,1.0,0.5546643578771181,0.5078684724114048,0.5853842262571693,0.5787849820475058
5,8,0.21892136489444125,0.9341729232259627,4129,1.143286406993866,0.9316860465116279,688,1.1104767541534983,0.9413,0.7442565678923538,0.07723982456961984,,,0.8,,0.8,0.19999999999999996,0.9677230155476929,0.3863978400244124,5,0.1,0.5,0.5425553342217107,0.5462320035336187,0.5427162221160066,0.533129070332544,0.5466884209218398,0.5634363693399582,0.5498432725960449,0.5546643578771181,1.0,0.47216084987058404,0.555004647415145,0.5403177133323689
5,9,0.22464437758009434,0.9322669332666833,4001,1.1230011809439886,0.9265367316341829,667,1.1091587722491913,0.9417,0.7003251389201414,0.08055490545443596,,,0.8782233064005949,,0.8782340243963657,0.12176597560363434,0.968497962468929,0.3865960782063425,5,0.1,0.5,0.4949992695884936,0.4943670191099404,0.49660137501489354,0.5006298195729216,0.5065199855225885,0.5122769571196975,0.5018174705338226,0.5078684724114048,0.47216084987058404,1.0,0.5107552481471761,0.4995069865606971
5,10,0.2121033777757624,0.9383903317048085,3889,1.0878925550551641,0.9429012345679012,648,1.1089955604495332,0.9418,0.785858653945676,0.08486817201037876,,,0.9799999999764037,,0.9800010039656644,0.019998996034335637,0.9685935513585978,0.3866417515652228,5,0.1,0.5,0.5710092876398895,0.5756993783617779,0.5814622477306369,0.5710431796828841,0.5876670725109312,0.5848483834839939,0.5788155880167559,0.5853842262571693,0.555004647415145,0.5107552481471761,1.0,0.5799004806003621
5,11,0.24431947337760895,0.9267739382748615,3791,1.123200187087059,0.9256329113924051,632,1.1091568384307642,0.9416,0.7749370467566529,0.08347645372966656,,,0.947160739253057,,0.9471763465689473,0.052823653431052664,0.9685793611787519,0.386638316021552,5,0.1,0.5,0.5719008194553966,0.5683028502159221,0.5730564027227278,0.5622001585646194,0.5698272389497168,0.5704821215869613,0.572834499597724,0.5787849820475058,0.5403177133323689,0.4995069865606971,0.5799004806003621,1.0
6,0,0.17497494288589732,0.948599951302654,8214,0.8605490922927856,0.9576333089846604,1369,0.8795013355370909,0.947,0.7710581123534298,0.08394057944248644,,,0.9639038476055339,,0.9639174740223885,0.036082525977611524,0.9658388415123278,0.3830577514110555,5,0.1,0.5,1.0,0.5674844000506433,0.5625670666640002,0.5530080559275729,0.5615606424017134,0.5605296026725977,0.5441789336088663,0.5529352578930256,0.5383287173630619,0.5451084188829429,0.5510536480925862,0.546847204564399
6,1,0.18076749625977453,0.9451171280803164,6574,0.8769509043012347,0.9470802919708029,1096,0.8795112398104926,0.947,0.7732140367361078,0.08408577960608135,,,0.9682281372888483,,0.9682445660358415,0.031755433964158475,0.9658393636737923,0.38305825106405184,5,0.1,0.5,0.5674844000506433,1.0,0.5624131770870925,0.5634374713099267,0.5621185289138579,0.5651846778007347,0.553471518211921,0.5523988199907385,0.5347485474854717,0.5415306190831478,0.5519207148764622,0.5475855596413475
6,2,0.2012574707219655,0.9400657098391838,5783,0.8805886122488207,0.9367219917012448,964,0.8795085935927809,0.947,0.7712930411126578,0.0841062742502187,,,0.9688385000874302,,0.9688469454344661,0.031153054565533855,0.9658437653206813,0.38305830545121866,5,0.1,0.5,0.5625670666640002,0.5624131770870925,1.0,0.5645231635502076,0.5589725490595552,0.5595822510561658,0.5434110960806381,0.5550950955675059,0.5295116123278791,0.5474775670559537,0.5538649331917339,0.5465057206665366
6,3,0.19271551959261476,0.9418952146775109,5287,0.8748750665358135,0.9534619750283768,881,0.879599918001376,0.947,0.7692623596986334,0.0837549813884259,,,0.9583764450837551,,0.958390643040008,0.04160935695999202,0.9658354437473943,0.38305693789282,5,0.1,0.5,0.5530080559275729,0.5634374713099267,0.5645231635502076,1.0,0.5646252053362179,0.5534753976294987,0.5480210470364694,0.5571801421896513,0.5318072600648727,0.5405740174773113,0.5503860042141825,0.5403993347371109
6,4,0.1851478697158276,0.9441945288753799,4935,0.8727321785229903,0.9574209245742092,822,0.8795688310370278,0.947,0.7755169865825466,0.08448105293703954,,,0.9799999999702185,,0.9800010039656644,0.019998996034335637,0.9658450914029243,0.38305911322644876,5,0.1,0.5,0.5615606424017134,0.5621185289138579,0.5589725490595552,0.5646252053362179,1.0,0.5543673768436046,0.557896454493078,0.5538960994098389,0.5416641307375893,0.5552164353299237,0.5623093350321559,0.5493417751532828
6,5,0.19644358236317153,0.9401757017355903,4667,0.8921116781234741,0.9447300771208226,778,0.8795371381238627,0.9471,0.7720523997877448,0.08441302248664895,,,0.9779739459528414,,0.9779830329802721,0.022016967019727884,0.9658442268162138,0.3830590138064158,5,0.1,0.5,0.5605296026725977,0.5651846778007347,0.5595822510561658,0.5534753976294987,0.5543673768436046,1.0,0.5486108614010206,0.5587841094309136,0.5405428425517188,0.5479568590368041,0.5548739423232344,0.5456230124514648
6,6,0.20447079311058458,0.9389175836514709,4453,0.9015638704101244,0.9474393530997305,742,0.8795815782425122,0.947,0.761770084380383,0.08364166590015719,,,0.9550017312766333,,0.9550273580643542,0.04497264193564576,0.9658361496305774,0.38305636978874247,5,0.1,0.5,0.5441789336088663,0.553471518211921,0.5434110960806381,0.5480210470364694,0.557896454493078,0.5486108614010206,1.0,0.5514637327329687,0.5313559683043381,0.540252021157793,0.5395301114337289,0.5399341012717898
6,7,0.19479766554935876,0.9414542903904606,4277,0.8708603796751603,0.9565217391304348,713,0.8795706441227239,0.947,0.7692406724354242,0.08437146935070881,,,0.9767364280836701,,0.9767531750414136,0.02324682495858643,0.9658430459379157,0.3830589496724742,5,0.1,0.5,0.5529352578930256,0.5523988199907385,0.5550950955675059,0.5571801421896513,0.5538960994098389,0.5587841094309136,0.5514637327329687,1.0,0.538402388782527,0.5431693629988663,0.5524677048971183,0.5473369625193556
6,8,0.22164349532050368,0.9332041656575442,4129,0.9165193953297355,0.9375,688,0.8809555702316113,0.947,0.7436622631707807,0.07843704771148576,,,0.8,,0.8,0.19999999999999996,0.965007844576866,0.3827962505380901,5,0.1,0.5,0.5383287173630619,0.5347485474854717,0.5295116123278791,0.5318072600648727,0.5416641307375893,0.5405428425517188,0.5313559683043381,0.538402388782527,1.0,0.5161286511241305,0.5389577169152047,0.5285108022096042
6,9,0.20798757509218707,0.9393151712071982,4001,0.8965942859649658,0.9310344827586207,667,0.8796595742527288,0.9471,0.756213001306904,0.08111652949354525,,,0.879799189890131,,0.8798052306611114,0.12019476933888862,0.9656739471859833,0.3830072731212804,5,0.1,0.5,0.5451084188829429,0.5415306190831478,0.5474775670559537,0.5405740174773113,0.5552164353299237,0.5479568590368041,0.540252021157793,0.5431693629988663,0.5161286511241305,1.0,0.5556074271367316,0.5319568881344131
6,10,0.19487667826050128,0.9436358961172538,3889,0.8577677749452137,0.9506172839506173,648,0.8795336522995093,0.947,0.7689453775185718,0.08447520551509723,,,0.9798258545302057,,0.9798353496310426,0.020164650368957426,0.9658452439666191,0.38305911047203256,5,0.1,0.5,0.5510536480925862,0.5519207148764622,0.5538649331917339,0.5503860042141825,0.5623093350321559,0.5548739423232344,0.5395301114337289,0.5524677048971183,0.5389577169152047,0.5556074271367316,1.0,0.5490893260958287
