round,client_id,client_i_training_loss,client_i_training_accuracy,client_i_training_dataset_size,client_i_evaluation_loss,client_i_evaluation_accuracy,client_i_evaluation_dataset_size,client_i_central_evaluation_loss,client_i_central_evaluation_accuracy,client_i_cosine_similarity,client_i_importance_coefficient,client_i_tanh_val,tanh_normalization_value,client_i_q,client_i_mask_order,client_i_v_nonzero_fraction,client_i_v_sparsity,client_i_v_cosine_similarity,client_i_reward_gradient_norm,local_epochs,learning_rate,gamma,client_0_cosine_similarity,client_1_cosine_similarity,client_2_cosine_similarity,client_3_cosine_similarity,client_4_cosine_similarity,client_5_cosine_similarity,client_6_cosine_similarity,client_7_cosine_similarity,client_8_cosine_similarity,client_9_cosine_similarity,client_10_cosine_similarity,client_11_cosine_similarity
0,0,2.241905039850376,0.35157048940832725,8214,2.2768555962762167,0.20087655222790357,1369,2.2750854225585253,0.2178,0.974820015278022,0.0824628020577489,,,0.5609231378749489,,0.5609311721324943,0.4390688278675057,0,0.09838963205508883,5,0.001,0.1,1.0,0.9793502261080984,0.9744387998222438,0.9693808645041267,0.9611082762446003,0.9495776372677281,0.9495988539447016,0.9442645923855937,0.9437544292990763,0.938897121954755,0.9205722921290784,0.9290648813259864
0,1,2.257716007834499,0.2519622756312747,6574,2.2768452167510986,0.2116788321167883,1096,2.2750266268611337,0.2177,0.9868181593054508,0.08347775924008789,,,0.8056108764163619,,0.8056369066604807,0.1943630933395193,0,0.09849239601338786,5,0.001,0.1,0.9793502261080984,1.0,0.9730675218534335,0.9828647886640857,0.9634865807771996,0.9799314481565023,0.9637693461159202,0.968206088282509,0.9612491206290174,0.962010188217912,0.9563057913000474,0.9440997974306823
0,2,2.2632875608475826,0.31558014871174134,5783,2.274358618643976,0.22406639004149378,964,2.275025712034573,0.2176,0.9885766482495313,0.08362651482926718,,,0.8414731466136074,,0.8414958293463237,0.15850417065367628,0,0.09849447093705233,5,0.001,0.1,0.9744387998222438,0.9730675218534335,1.0,0.9840303117195192,0.9732877749173242,0.9731049753843145,0.978484708001406,0.9708219132752584,0.9661774265187976,0.9656706510930473,0.950319199124682,0.9584678829003501
0,3,2.267805107530341,0.22943067902402117,5287,2.274897115571158,0.2224744608399546,881,2.2750244430078865,0.2176,0.9948788998646797,0.08415964024658834,,,0.9699999997589182,,0.9700176878243976,0.029982312175602432,0,0.09849672185941925,5,0.001,0.1,0.9693808645041267,0.9828647886640857,0.9840303117195192,1.0,0.9849250902163388,0.9853622950940043,0.9812254845180151,0.9796782571736089,0.9797880124219526,0.9742609508711993,0.9656905309103104,0.9696641451823259
0,4,2.2715368015535415,0.23963525835866262,4935,2.274870982536903,0.21046228710462286,822,2.275025972543052,0.2177,0.987846553462522,0.08356475403141635,,,0.8265837402232727,,0.8266061607755579,0.17339383922444207,0,0.09849383110344986,5,0.001,0.1,0.9611082762446003,0.9634865807771996,0.9732877749173242,0.9849250902163388,1.0,0.9713650415653743,0.9814177979656039,0.970808290269877,0.9838953603138169,0.9686239347269182,0.9514693026328302,0.9724292211716024
0,5,2.2736291522849097,0.20509963574030426,4667,2.274186735153198,0.2326478149100257,778,2.27502525195527,0.2176,0.990203933712237,0.08376417154219822,,,0.8746596793740498,,0.8746677492001818,0.12533225079981825,0,0.09849547639897197,5,0.001,0.1,0.9495776372677281,0.9799314481565023,0.9731049753843145,0.9853622950940043,0.9713650415653743,1.0,0.980301226161323,0.9819966994439299,0.9778180776868413,0.97790188361072,0.9733691624062245,0.9703883863885522
0,6,2.2746234348842074,0.24720413204581182,4453,2.2731644411881766,0.238544474393531,742,2.2750252527169907,0.2176,0.9900999300062427,0.08375537357243328,,,0.8725386486911811,,0.8725461768202512,0.12745382317974885,0,0.09849544700902806,5,0.001,0.1,0.9495988539447016,0.9637693461159202,0.978484708001406,0.9812254845180151,0.9814177979656039,0.980301226161323,1.0,0.9792549177146663,0.9880352947796148,0.980412542309042,0.968849974855098,0.9762876651044855
0,7,2.275219026252405,0.22525134440028058,4277,2.271492916604747,0.22300140252454417,713,2.2750265849664952,0.2177,0.9869637659726098,0.08349007652285194,,,0.8085803495300592,,0.8085945428712268,0.19140545712877322,0,0.09849251316474612,5,0.001,0.1,0.9442645923855937,0.968206088282509,0.9708219132752584,0.9796782571736089,0.970808290269877,0.9819966994439299,0.9792549177146663,1.0,0.9743604766208117,0.9754179454130465,0.9800675054847027,0.9664537061632608
0,8,2.2778311945841865,0.2088641317510293,4129,2.2728090286254883,0.21656976744186046,688,2.275027067135698,0.218,0.9860336915989308,0.08341139888208375,,,0.7896125996305252,,0.7896308754023255,0.21036912459767454,0,0.09849093084327082,5,0.001,0.1,0.9437544292990763,0.9612491206290174,0.9661774265187976,0.9797880124219526,0.9838953603138169,0.9778180776868413,0.9880352947796148,0.9743604766208117,1.0,0.9687908802845041,0.9636453661047482,0.9746921540472226
0,9,2.2779850509431627,0.17220694826293426,4001,2.2765652452196394,0.23388305847076463,667,2.275030421753661,0.2178,0.9831846636972104,0.08317039149586428,,,0.7315100970501514,,0.7315316882690096,0.2684683117309904,0,0.09848382788291417,5,0.001,0.1,0.938897121954755,0.962010188217912,0.9656706510930473,0.9742609508711993,0.9686239347269182,0.97790188361072,0.980412542309042,0.9754179454130465,0.9687908802845041,1.0,0.9659442418822076,0.974197318841694
0,10,2.2777591576341725,0.23121625096425816,3889,2.273644458679926,0.2191358024691358,648,2.2750935912513124,0.2179,0.9742844045349731,0.0824174932192025,,,0.55,,0.5500188476817351,0.44998115231826485,0,0.0983767855261667,5,0.001,0.1,0.9205722921290784,0.9563057913000474,0.950319199124682,0.9656905309103104,0.9514693026328302,0.9733691624062245,0.968849974855098,0.9800675054847027,0.9636453661047482,0.9659442418822076,1.0,0.9632758010319032
0,11,2.2805508469333167,0.19409126879451333,3791,2.278441846370697,0.19145569620253164,632,2.275053377730397,0.2178,0.9776195699231305,0.08269962436025732,,,0.6180166928005016,,0.618034815051082,0.38196518494891796,0,0.09844230843202952,5,0.001,0.1,0.9290648813259864,0.9440997974306823,0.9584678829003501,0.9696641451823259,0.9724292211716024,0.9703883863885522,0.9762876651044855,0.9664537061632608,0.9746921540472226,0.974197318841694,0.9632758010319032,1.0
1,0,2.163865625069763,0.4565863160457755,8214,2.2425122482832087,0.393718042366691,1369,2.2416393376006103,0.4045,0.9790510145433872,0.08240191475578185,,,0.55,,0.5500188476817351,0.44998115231826485,0.9477548114450913,0.09896088282211887,5,0.001,0.1,1.0,0.9874899288573479,0.98491191525449,0.9798008116893134,0.9753101068655454,0.9660556035783502,0.9694610021455667,0.9598730792154111,0.9620185665777395,0.9597381652630442,0.9474035002533377,0.9542613863724871
1,1,2.1992765920833475,0.3662306054152723,6574,2.2420196533203125,0.39507299270072993,1096,2.241443822939937,0.4046,0.9910480013528936,0.08341439954148487,,,0.8145292220966632,,0.8145581426817835,0.1854418573182165,0.9491119712243982,0.09912622400625225,5,0.001,0.1,0.9874899288573479,1.0,0.9868628191749079,0.9902703484815114,0.980382997786794,0.9873567464537221,0.9816902012500013,0.9781905305100251,0.9766252273088185,0.9776968840808198,0.9743225192139469,0.9680877626352895
1,2,2.211349863242049,0.4762925817049974,5783,2.2414145392756306,0.4211618257261411,964,2.241440193340801,0.4044,0.9927198539556464,0.08355999407945679,,,0.8525683219577951,,0.8525869651366216,0.14741303486337842,0.9491581584725574,0.09912865329324454,5,0.001,0.1,0.98491191525449,0.9868628191749079,1.0,0.9916471475887972,0.9848907374931519,0.9838240394534502,0.9888994671569202,0.9818629891116867,0.9790743246998049,0.9819350246979072,0.9711366390448324,0.9737309876925915
1,3,2.2193109351468374,0.380177794590505,5287,2.241937347820827,0.4199772985244041,881,2.2414382524764576,0.4043,0.9964770300667909,0.0840094634657514,,,0.9699999997387326,,0.9700176878243976,0.029982312175602432,0.9491342762198246,0.09913121057664553,5,0.001,0.1,0.9798008116893134,0.9902703484815114,0.9916471475887972,1.0,0.9910330028494269,0.9903897795261623,0.9901648951712981,0.9860294538425574,0.9877501788461902,0.9845953115215412,0.9802228781006084,0.9815450749780141
1,4,2.226010989219912,0.39700101317122594,4935,2.24178161070897,0.40875912408759124,822,2.2414414471330733,0.4044,0.992822301534616,0.08352532853571822,,,0.8435113470301621,,0.8435255796870318,0.1564744203129682,0.9491413183408397,0.09912803294344126,5,0.001,0.1,0.9753101068655454,0.980382997786794,0.9848907374931519,0.9910330028494269,1.0,0.983299536742448,0.9884702016263739,0.9816778878067008,0.9892676818162023,0.9808350166807649,0.9713202853169534,0.9835054257254734
1,5,2.2297732676545237,0.3482751232054853,4667,2.2404586696624755,0.39588688946015427,778,2.2414386234344383,0.4043,0.9949422127289159,0.08371658141797414,,,0.8934794817431944,,0.8934960999797025,0.10650390002029753,0.9491685281653983,0.09913033950818848,5,0.001,0.1,0.9660556035783502,0.9873567464537221,0.9838240394534502,0.9903897795261623,0.983299536742448,1.0,0.9894791342308167,0.9889423698076428,0.9880393666684598,0.9879857222150524,0.9861188415084887,0.9837418668021903
1,6,2.2317251971789767,0.41360880305412084,4453,2.2389950156211853,0.4191374663072776,742,2.2414386417157353,0.4043,0.9956673963861795,0.08373464304931905,,,0.898198396394487,,0.8982128531523956,0.10178714684760437,0.9491651864878281,0.099130446743993,5,0.001,0.1,0.9694610021455667,0.9816902012500013,0.9888994671569202,0.9901648951712981,0.9884702016263739,0.9894791342308167,1.0,0.9865864781449997,0.9917502902465662,0.9910934391234776,0.981719068631607,0.9845265974031043
1,7,2.232803447922664,0.3892447977554361,4277,2.2379284837971563,0.39691444600280507,713,2.2414431472936758,0.4046,0.9924030848856787,0.0834658346846877,,,0.8279675459233535,,0.827988324102802,0.172011675897198,0.9491216797364744,0.09912723234015713,5,0.001,0.1,0.9598730792154111,0.9781905305100251,0.9818629891116867,0.9860294538425574,0.9816778878067008,0.9889423698076428,0.9865864781449997,1.0,0.984735903728765,0.9856472680262647,0.9903339316994045,0.9812310037824831
1,8,2.236876189892109,0.3664809881327198,4129,2.240080725062977,0.4331395348837209,688,2.2414452862054013,0.4044,0.9928156441804743,0.08343080312266712,,,0.8188149423672428,,0.8188399493528963,0.18116005064710372,0.9490720941624697,0.09912638099988003,5,0.001,0.1,0.9620185665777395,0.9766252273088185,0.9790743246998049,0.9877501788461902,0.9892676818162023,0.9880393666684598,0.9917502902465662,0.984735903728765,1.0,0.9819987888812347,0.9819595951152318,0.9867310547299739
1,9,2.238279818353199,0.3680079980004999,4001,2.2431393464406333,0.4122938530734633,667,2.241454113024873,0.4041,0.9917624750671957,0.0832485008932072,,,0.7711853210371457,,0.7712036419520399,0.22879635804796006,0.9489782798271689,0.09912046577889186,5,0.001,0.1,0.9597381652630442,0.9776968840808198,0.9819350246979072,0.9845953115215412,0.9808350166807649,0.9879857222150524,0.9910934391234776,0.9856472680262647,0.9819987888812347,1.0,0.9820846842129548,0.9838649276362793
1,10,2.236524543996717,0.3630753407045513,3889,2.238888456707909,0.4104938271604938,648,2.2415909371056113,0.4043,0.9872552400396492,0.0826395988651435,,,0.6120990986156079,,0.6121195426295899,0.3878804573704101,0.9477544794968713,0.09904457497260691,5,0.001,0.1,0.9474035002533377,0.9743225192139469,0.9711366390448324,0.9802228781006084,0.9713202853169534,0.9861188415084887,0.981719068631607,0.9903339316994045,0.9819595951152318,0.9820846842129548,1.0,0.9773820343578223
1,11,2.2420990815683575,0.3751516750197837,3791,2.2478225946426393,0.3449367088607595,632,2.2415098069955746,0.4044,0.9884859442721092,0.08285293758880813,,,0.6678375426998965,,0.6678555204376528,0.33214447956234716,0.9484527953929108,0.09908586003230982,5,0.001,0.1,0.9542613863724871,0.9680877626352895,0.9737309876925915,0.9815450749780141,0.9835054257254734,0.9837418668021903,0.9845265974031043,0.9812310037824831,0.9867310547299739,0.9838649276362793,0.9773820343578223,1.0
2,0,2.037939212851023,0.5059654248843438,8214,2.201169202494067,0.44777209642074506,1369,2.2011368693635105,0.4614,0.9830607731359462,0.08241587165020532,,,0.55,,0.5500188476817351,0.44998115231826485,0.9722432719007645,0.09915115707205163,5,0.001,0.1,1.0,0.9909853789196263,0.9882019967408084,0.9827576179031637,0.9790088529619575,0.9742482243358345,0.9758182978354936,0.9682370765958989,0.9706086783133849,0.9686631910644933,0.9583698362579616,0.9661276540689059
2,1,2.1066771745681763,0.41971402494675997,6574,2.2002522264208113,0.4625912408759124,1096,2.2006783211193146,0.4615,0.9934519099658057,0.0833739478589458,,,0.8282456870717554,,0.8282734556982825,0.17172654430171752,0.9737329883545712,0.09936874274322217,5,0.001,0.1,0.9909853789196263,1.0,0.9918469865421232,0.9929947617665713,0.9859778163452729,0.9907742484135841,0.9869828026572305,0.9833896615872599,0.9840358980752214,0.9828010924516951,0.9793236496301897,0.977696765799115
2,2,2.131122038377583,0.5441812208196438,5783,2.201438550026186,0.48443983402489627,964,2.2006697639489707,0.4614,0.9952097459123327,0.08352024232769995,,,0.8707327090872692,,0.8707483979470525,0.1292516020529475,0.9737579652164317,0.09937227253469282,5,0.001,0.1,0.9882019967408084,0.9918469865421232,1.0,0.9942032360936507,0.989287273895892,0.98979363228864,0.9924361000586338,0.9875561010933105,0.9860544806594559,0.9859765101130323,0.9797905420879341,0.9825661561436391
2,3,2.14546619481351,0.4560242103272177,5287,2.201741303716387,0.46878547105561863,881,2.200665051183,0.4614,0.9972400751784606,0.08386204683310755,,,0.9699999997095787,,0.9700176878243976,0.029982312175602432,0.9737850202405168,0.09937543582523138,5,0.001,0.1,0.9827576179031637,0.9929947617665713,0.9942032360936507,1.0,0.9933354030451522,0.9935728322652535,0.9925823526416202,0.9901467558878888,0.9905454617451109,0.9890252537995714,0.9858542321583291,0.9868551831899306
2,4,2.1585655660014,0.47104356636271527,4935,2.2014098259118886,0.45985401459854014,822,2.200672589932768,0.4615,0.9946197378096112,0.0834798652821217,,,0.8590063571683382,,0.85902417336001,0.14097582663998998,0.9737467695101399,0.09937159093822157,5,0.001,0.1,0.9790088529619575,0.9859778163452729,0.989287273895892,0.9933354030451522,1.0,0.9880128637746483,0.9912320327752595,0.9870746255706571,0.9923556370955238,0.9862087808270608,0.9795645665747142,0.9885741126024647
2,5,2.1659099567426394,0.44173987572316264,4667,2.199575414657593,0.448586118251928,778,2.200665418332377,0.4614,0.9967312730298078,0.0836656493020007,,,0.9129619838570986,,0.9129817032505002,0.08701829674949979,0.9737661047002559,0.09937503364645864,5,0.001,0.1,0.9742482243358345,0.9907742484135841,0.98979363228864,0.9935728322652535,0.9880128637746483,1.0,0.9936620904074529,0.9924926445875962,0.9923388783639087,0.9919914894269707,0.9904209751484485,0.9884910559762663
2,6,2.169507179260254,0.4730743319110712,4453,2.1973603467146554,0.46630727762803237,742,2.2006652675116785,0.4614,0.9971469574423346,0.08369018800791464,,,0.9200885454234827,,0.9201051603986043,0.07989483960139565,0.9737666212903114,0.09937510523845516,5,0.001,0.1,0.9758182978354936,0.9869828026572305,0.9924361000586338,0.9925823526416202,0.9912320327752595,0.9936620904074529,1.0,0.9915879918957706,0.99489219238625,0.9929148004582283,0.9884604923262025,0.9901930167361929
2,7,2.172678657076252,0.45606733691840073,4277,2.1967424724413003,0.4670406732117812,713,2.2006758958006056,0.4615,0.9946334150562809,0.08344375495340438,,,0.848519150479898,,0.8485419626719247,0.15145803732807528,0.9737336082795378,0.09937108481837371,5,0.001,0.1,0.9682370765958989,0.9833896615872599,0.9875561010933105,0.9901467558878888,0.9870746255706571,0.9924926445875962,0.9915879918957706,1.0,0.9906668287439686,0.989557095871734,0.9927985737486319,0.9872955089876297
2,8,2.178749204415541,0.44432065875514654,4129,2.199865525419062,0.47819767441860467,688,2.2006784308070952,0.4615,0.9954221893209423,0.08344773798484408,,,0.8496759074366582,,0.8496969872705658,0.15030301272943425,0.9737310545938775,0.09937111024725646,5,0.001,0.1,0.9706086783133849,0.9840358980752214,0.9860544806594559,0.9905454617451109,0.9923556370955238,0.9923388783639087,0.99489219238625,0.9906668287439686,1.0,0.9886503884785365,0.9884839866823137,0.9915676761723556
2,9,2.1822692273155093,0.449087728067983,4001,2.2026881036304293,0.46026986506746626,667,2.2006954979210995,0.4614,0.9940775821790507,0.08329225293051658,,,0.8045197441001117,,0.8045350421898106,0.19546495781018935,0.9736948819398842,0.09936416417854181,5,0.001,0.1,0.9686631910644933,0.9828010924516951,0.9859765101130323,0.9890252537995714,0.9862087808270608,0.9919914894269707,0.9929148004582283,0.989557095871734,0.9886503884785365,1.0,0.9870875377194949,0.9913202808825091
2,10,2.1792126448428046,0.425662123939316,3889,2.19702486764817,0.4660493827160494,648,2.20093598228674,0.4614,0.9907602039154811,0.08281087551148535,,,0.6647175138837303,,0.664738403842994,0.335261596157006,0.972925604225583,0.09930421446379938,5,0.001,0.1,0.9583698362579616,0.9793236496301897,0.9797905420879341,0.9858542321583291,0.9795645665747142,0.9904209751484485,0.9884604923262025,0.9927985737486319,0.9884839866823137,0.9870875377194949,1.0,0.9845071026418886
2,11,2.188715136952761,0.46647322606172514,3791,2.2102591753005982,0.4287974683544304,632,2.2007987240252023,0.4616,0.9924801825293571,0.08299756735775407,,,0.7189367926444737,,0.7189617343733388,0.28103826562666123,0.9732499521391137,0.09933881962662722,5,0.001,0.1,0.9661276540689059,0.977696765799115,0.9825661561436391,0.9868551831899306,0.9885741126024647,0.9884910559762663,0.9901930167361929,0.9872955089876297,0.9915676761723556,0.9913202808825091,0.9845071026418886,1.0
3,0,1.8743336302760973,0.5291940589237887,8214,2.1507426472597344,0.44923301680058436,1369,2.1515345230650977,0.4714,0.9847891784698307,0.08243665772577041,,,0.55,,0.5500188476817351,0.44998115231826485,0.9848725941497339,0.0992640861687198,5,0.001,0.1,1.0,0.9926412118418515,0.990331596584793,0.9846775349600332,0.981577355362549,0.977795245910345,0.9782025269120943,0.9719615774586677,0.9741921730294577,0.9737278007725113,0.9635124916879472,0.9711883325698366
3,1,1.9759915292841717,0.4495892911469425,6574,2.1493331227983745,0.48083941605839414,1096,2.1506687962589934,0.4718,0.9949045648289186,0.08335190394359182,,,0.842748451015571,,0.8427620069398131,0.15723799306018693,0.9862769745553884,0.09950596497272633,5,0.001,0.1,0.9926412118418515,1.0,0.994864297102151,0.9945119962463308,0.9901605691576854,0.992197534815654,0.9894589484220853,0.9863665951374576,0.9874597726196445,0.9868161388874784,0.9826417106748091,0.9833410433376416
3,2,2.0152333322809546,0.5531385094241743,5783,2.1521379178570164,0.48443983402489627,964,2.150652173989878,0.4714,0.9965567070210563,0.0834951347902848,,,0.8885619246913494,,0.8885763717729386,0.11142362822706142,0.9862844462144311,0.09951058050590267,5,0.001,0.1,0.990331596584793,0.994864297102151,1.0,0.9953371403855327,0.9925264513937355,0.9926263313053473,0.9939620987095242,0.9898638242111284,0.989428448003188,0.9899459210160603,0.9840998903682726,0.987156588999101
3,3,2.0406786065503777,0.47951579345564593,5287,2.152615521635328,0.48240635641316687,881,2.1506447555919808,0.4713,0.9979402815585342,0.08374974208149873,,,0.9699999996801424,,0.9700176878243976,0.029982312175602432,0.9863356820834136,0.09951161867538998,5,0.001,0.1,0.9846775349600332,0.9945119962463308,0.9953371403855327,1.0,0.9960160828119653,0.9950211823464167,0.993747398215291,0.992091593202175,0.9938251783118155,0.9916394443621509,0.9893490728452279,0.9903895871793176
3,4,2.062692962000447,0.48745694022289765,4935,2.1516908682309666,0.4659367396593674,822,2.1506565272236786,0.4715,0.9963302540744595,0.08346302174427313,,,0.8782903231329351,,0.8783164670745498,0.1216835329254502,0.9862822864937169,0.09951014046894839,5,0.001,0.1,0.981577355362549,0.9901605691576854,0.9925264513937355,0.9960160828119653,1.0,0.9920385152147247,0.9928716095001976,0.99035819541353,0.9942503168429448,0.9901692636337218,0.9857760916332011,0.9916275698493489
3,5,2.074548758872568,0.46843796871652027,4667,2.1498057556152346,0.4473007712082262,778,2.150645214147842,0.4713,0.9976914247790368,0.08362109783585113,,,0.9288521610853597,,0.9288669160359943,0.07113308396400575,0.9863296971817322,0.09951144846898786,5,0.001,0.1,0.977795245910345,0.992197534815654,0.9926263313053473,0.9950211823464167,0.9920385152147247,1.0,0.995615214722724,0.9944332097097051,0.9946106891116921,0.9939715213640501,0.9926874541681467,0.9926066120551146
3,6,2.0815084317752293,0.4836739276891983,4453,2.1463158826033273,0.4757412398921833,742,2.150644478325646,0.4713,0.9975272834929022,0.08363086132057948,,,0.931975085796857,,0.931993698108466,0.068006301891534,0.9863334871855711,0.09951148104867005,5,0.001,0.1,0.9782025269120943,0.9894589484220853,0.9939620987095242,0.993747398215291,0.9928716095001976,0.995615214722724,1.0,0.9933801345361938,0.9956209414378671,0.9942735174221877,0.9913738372093,0.9931394242818538
3,7,2.0880616017241977,0.469721767594108,4277,2.1459956998410434,0.485273492286115,713,2.1506634101319237,0.4718,0.9956717305814056,0.08341956451308531,,,0.8643901978246422,,0.864407844501793,0.13559215549820702,0.9862839919598191,0.09950852931447574,5,0.001,0.1,0.9719615774586677,0.9863665951374576,0.9898638242111284,0.992091593202175,0.99035819541353,0.9944332097097051,0.9933801345361938,1.0,0.9919180209576932,0.9933284197674331,0.9947161391907784,0.9910684834357304
3,8,2.0969702667456405,0.4575441995640591,4129,2.149970672347329,0.5,688,2.1506654675395342,0.4717,0.9964227886752076,0.08344628407031639,,,0.8729366510510084,,0.8729472941494862,0.12705270585051376,0.9862800860328248,0.0995090298441307,5,0.001,0.1,0.9741921730294577,0.9874597726196445,0.989428448003188,0.9938251783118155,0.9942503168429448,0.9946106891116921,0.9956209414378671,0.9919180209576932,1.0,0.9914023354919621,0.9913178393825888,0.9944168642990253
3,9,2.1038264647362723,0.4554361409647588,4001,2.1532559394836426,0.48575712143928035,667,2.150690921198446,0.4718,0.9957439822694858,0.08332886715945735,,,0.8353799607225447,,0.835401745585293,0.164598254414707,0.9862453295115357,0.09950516180376054,5,0.001,0.1,0.9737278007725113,0.9868161388874784,0.9899459210160603,0.9916394443621509,0.9901692636337218,0.9939715213640501,0.9942735174221877,0.9933284197674331,0.9914023354919621,1.0,0.9918356134596626,0.9932628822554742
3,10,2.099379331362052,0.4444330161995372,3889,2.1456501370384577,0.470679012345679,648,2.1510657883299804,0.4714,0.9929474987020461,0.08294288837011381,,,0.7119217147282013,,0.7119445974811764,0.28805540251882356,0.9858582428667918,0.09946028794117413,5,0.001,0.1,0.9635124916879472,0.9826417106748091,0.9840998903682726,0.9893490728452279,0.9857760916332011,0.9926874541681467,0.9913738372093,0.9947161391907784,0.9913178393825888,0.9918356134596626,1.0,0.9896421273862658
3,11,2.1135844106433774,0.47491427064099184,3791,2.163740396499634,0.44145569620253167,632,2.150856219160671,0.4716,0.9946940273452717,0.08311397644517768,,,0.7666455343812395,,0.7666657001188854,0.23333429988111465,0.9859611195859275,0.09948960901270451,5,0.001,0.1,0.9711883325698366,0.9833410433376416,0.987156588999101,0.9903895871793176,0.9916275698493489,0.9926066120551146,0.9931394242818538,0.9910684834357304,0.9944168642990253,0.9932628822554742,0.9896421273862658,1.0
4,0,1.7076343387945152,0.5554175797419041,8214,2.0896424637284388,0.46822498173849525,1369,2.091228401318145,0.4885,0.9869205345183636,0.08249151014201064,,,0.55,,0.5500188476817351,0.44998115231826485,0.9906524201011615,0.09934621746854516,5,0.001,0.1,1.0,0.9943746745797013,0.9924904905764035,0.9880341189750286,0.9844910294191782,0.9817603077083616,0.9823066501318017,0.9769683505402655,0.976286587917005,0.9762284671315181,0.9684928851016584,0.9737269405909988
4,1,1.824133573689507,0.4893824155765135,6574,2.087540878568377,0.49635036496350365,1096,2.0897653818892215,0.489,0.9957789568992195,0.0833395561262177,,,0.85261092106284,,0.8526304597867795,0.14736954021322046,0.9918234515795562,0.09959212647986218,5,0.001,0.1,0.9943746745797013,1.0,0.996689236979992,0.9961992279792355,0.992728937859906,0.9934071871470768,0.9921836704519741,0.9890554913361329,0.9887574892482798,0.9882507323976972,0.9840722040007721,0.9851876887183186
4,2,1.8698808158958815,0.562441639287567,5783,2.091954961899788,0.5031120331950207,964,2.089737940139283,0.4888,0.9969507764055293,0.0834653411279473,,,0.8974951796268114,,0.8975072732720542,0.10249272672794585,0.9918912341093473,0.09959458568079564,5,0.001,0.1,0.9924904905764035,0.996689236979992,1.0,0.9968264780976465,0.9947270649635523,0.9936473554004936,0.9949532786391775,0.9911602168574495,0.9905674004412234,0.9906859799574141,0.9856020310819782,0.9875278092630613
4,3,1.9064276005848344,0.4974087384149801,5287,2.0929121375083923,0.5028376844494892,881,2.0897268372983597,0.4888,0.998402217124273,0.08366853082524761,,,0.9699999996431667,,0.9700176878243976,0.029982312175602432,0.9918927155398243,0.09959511919410201,5,0.001,0.1,0.9880341189750286,0.9961992279792355,0.9968264780976465,1.0,0.9970269654003063,0.9962291309418408,0.9959006537708172,0.9937283491773344,0.9942304395385326,0.9925713490545767,0.9906066854897579,0.9908218969271695
4,4,1.937725516596148,0.5015602836879433,4935,2.0908810908977804,0.4854014598540146,822,2.089743835857501,0.4888,0.9975899876824948,0.08346628013311326,,,0.897830247799345,,0.897850397734412,0.102149602265588,0.9918852849348672,0.09959458746557906,5,0.001,0.1,0.9844910294191782,0.992728937859906,0.9947270649635523,0.9970269654003063,1.0,0.9945304298010309,0.9956456412632497,0.9933801887749408,0.9950571979350379,0.9923896751332658,0.9895981533153153,0.992876363941729
4,5,1.9558440113720827,0.4937647310906364,4667,2.0892879581451416,0.45758354755784064,778,2.089728095660956,0.4888,0.9982815797024188,0.08358566255971812,,,0.940429855304584,,0.9404558239336561,0.05954417606634388,0.9918923488072199,0.09959509464471776,5,0.001,0.1,0.9817603077083616,0.9934071871470768,0.9936473554004936,0.9962291309418408,0.9945304298010309,1.0,0.9967036065085604,0.9959628445198068,0.9957370511239158,0.9951479144382467,0.9941221187506664,0.9934508649175751
4,6,1.966739124229976,0.5009207275993712,4453,2.0841177105903625,0.4919137466307278,742,2.089726864720305,0.4888,0.9984558478485139,0.08359728645598992,,,0.9445776468426053,,0.9446023139153884,0.0553976860846116,0.9918932525213214,0.09959510187535549,5,0.001,0.1,0.9823066501318017,0.9921836704519741,0.9949532786391775,0.9959006537708172,0.9956456412632497,0.9967036065085604,1.0,0.9952495028939036,0.9969019116095699,0.9957657748329268,0.9932390594573921,0.9939312668450977
4,7,1.9775838161582378,0.4861819032031798,4277,2.084185621012812,0.5077138849929874,713,2.0897556341494234,0.489,0.9968515239233179,0.08341574420568693,,,0.8797973535577114,,0.8798194488744551,0.12018055112554493,0.9918531849247268,0.09959384489642965,5,0.001,0.1,0.9769683505402655,0.9890554913361329,0.9911602168574495,0.9937283491773344,0.9933801887749408,0.9959628445198068,0.9952495028939036,1.0,0.9946230927926245,0.9951224198759437,0.995854273723075,0.9924934737559412
4,8,1.9857040276894202,0.4695083555340276,4129,2.0888462608510796,0.5130813953488372,688,2.0897565025110216,0.489,0.9968524828809625,0.0834321774744807,,,0.8856612886489286,,0.8856815611679764,0.11431843883202364,0.9918634578011389,0.0995941806400867,5,0.001,0.1,0.976286587917005,0.9887574892482798,0.9905674004412234,0.9942304395385326,0.9950571979350379,0.9957370511239158,0.9969019116095699,0.9946230927926245,1.0,0.9928903685938031,0.9940985829148312,0.9944382341708448
4,9,1.9988030649366832,0.4747313171707073,4001,2.0933555421375094,0.4947526236881559,667,2.089792665962975,0.4891,0.9962120023112345,0.0833394057774117,,,0.8525572716245875,,0.8525772996588087,0.14742270034119132,0.9918139498397266,0.09959212643028813,5,0.001,0.1,0.9762284671315181,0.9882507323976972,0.9906859799574141,0.9925713490545767,0.9923896751332658,0.9951479144382467,0.9957657748329268,0.9951224198759437,0.9928903685938031,1.0,0.9935900144969961,0.9933129576389311
4,10,1.9951048303823002,0.4637696065826691,3889,2.083142939068022,0.48919753086419754,648,2.090355617169755,0.4889,0.9941333128319251,0.08303530561050745,,,0.7440442507318573,,0.7440629802534289,0.2559370197465711,0.9916376917848339,0.09955971678624236,5,0.001,0.1,0.9684928851016584,0.9840722040007721,0.9856020310819782,0.9906066854897579,0.9895981533153153,0.9941221187506664,0.9932390594573921,0.995854273723075,0.9940985829148312,0.9935900144969961,1.0,0.9918140061250305
4,11,2.014924551859623,0.492534951200211,3791,2.1066134333610536,0.4588607594936709,632,2.0900652012505088,0.4891,0.994841119663178,0.08316319956166854,,,0.7896810523675718,,0.7896985337470158,0.21030146625298418,0.9917846065680107,0.09958105774052045,5,0.001,0.1,0.9737269405909988,0.9851876887183186,0.9875278092630613,0.9908218969271695,0.992876363941729,0.9934508649175751,0.9939312668450977,0.9924934737559412,0.9944382341708448,0.9933129576389311,0.9918140061250305,1.0
5,0,1.5595179472915857,0.5822741660579498,8214,2.018228522566862,0.49086924762600437,1369,2.020388841248168,0.5122,0.9885789850624004,0.08255386961639104,,,0.55,,0.5500188476817351,0.44998115231826485,0.9941950216990738,0.09943294351247249,5,0.001,0.1,1.0,0.9948958158039299,0.9931069484525454,0.9894769157131266,0.9862542261321275,0.9845441616090105,0.984801762533327,0.9811319664953791,0.9801579986142138,0.979455048690662,0.9729687916284078,0.977393028231413
5,1,1.676567372535039,0.5274414359598418,6574,2.015164293561663,0.5228102189781022,1096,2.018263066919467,0.5121,0.9966828292102473,0.08333604808212872,,,0.8637022653031702,,0.8637167628381709,0.1362832371618291,0.9947827186071494,0.09967110698212196,5,0.001,0.1,0.9948958158039299,1.0,0.9973243255056495,0.9966871907028604,0.9940446486315625,0.9949158153369791,0.9940517842404725,0.9916959229116131,0.9912972407967741,0.9909027789367341,0.9866957466942492,0.9884896903952626
5,2,1.7189439012200793,0.5789728514611793,5783,2.021045857860196,0.5259336099585062,964,2.0182270885656437,0.5119,0.9974097940288745,0.08343672053144457,,,0.9040781856172366,,0.9040991291404491,0.0959008708595509,0.9947885116685782,0.099672412842588,5,0.001,0.1,0.9931069484525454,0.9973243255056495,1.0,0.9974330815941372,0.9957797813975958,0.9951071792812507,0.995520653872814,0.9932117625766739,0.9922786164349227,0.9923161546475423,0.9875134959669337,0.9900742657761464
5,3,1.7617311787892538,0.5250236428976736,5287,2.022852190903255,0.5266742338251986,881,2.0182134331986545,0.5121,0.9986381232874415,0.0836010885613312,,,0.9699999995989377,,0.9700176878243976,0.029982312175602432,0.9948003323786458,0.09967265287209495,5,0.001,0.1,0.9894769157131266,0.9966871907028604,0.9974330815941372,1.0,0.9973258226058497,0.9969528141089814,0.9967525001139109,0.9952898381238042,0.9950944008570483,0.994151130809479,0.99214683479114,0.9930096333613675
5,4,1.7989624148030434,0.5260790273556231,4935,2.0189930567374597,0.5048661800486618,822,2.018234818126447,0.5119,0.997927190299346,0.0834540082228001,,,0.9110116262291228,,0.9110341094712017,0.08896589052879833,0.9947899565444307,0.0996724856808366,5,0.001,0.1,0.9862542261321275,0.9940446486315625,0.9957797813975958,0.9973258226058497,1.0,0.9957530272299249,0.9964539858771688,0.9946618515568504,0.9954458817093144,0.9942516960238513,0.9912351457832878,0.9945923238031368
5,5,1.8218588314644277,0.523205485322477,4667,2.0184865951538087,0.4768637532133676,778,2.0182145243635574,0.512,0.9987637318589117,0.08355429075122243,,,0.9512311639873616,,0.9512473299117542,0.0487526700882458,0.9948002711622584,0.09967263398691252,5,0.001,0.1,0.9845441616090105,0.9949158153369791,0.9951071792812507,0.9969528141089814,0.9957530272299249,1.0,0.9975841387184196,0.9968644342364071,0.9969660163745584,0.9967700177439975,0.9948936032775585,0.9954390300477517
5,6,1.8329151739392961,0.5171794295980238,4453,2.011420488357544,0.522911051212938,742,2.0182127994470322,0.512,0.9987773324707411,0.08356186342777298,,,0.9542682787794123,,0.9542919554228163,0.04570804457718369,0.9948002462731182,0.09967263953738137,5,0.001,0.1,0.984801762533327,0.9940517842404725,0.995520653872814,0.9967525001139109,0.9964539858771688,0.9975841387184196,1.0,0.9960897792189723,0.9974382100862074,0.997287831759359,0.9940472767836054,0.9959244830599465
5,7,1.8489071241065638,0.514706570025719,4277,2.011774876843328,0.5329593267882188,713,2.018250984886584,0.5119,0.997588780305593,0.08341206483536465,,,0.8941897163590022,,0.8942065125989503,0.10579348740104966,0.9947888720535895,0.09967224416495746,5,0.001,0.1,0.9811319664953791,0.9916959229116131,0.9932117625766739,0.9952898381238042,0.9946618515568504,0.9968644342364071,0.9960897792189723,1.0,0.9961037140914806,0.995993236118551,0.9960609277607981,0.9946254631126225
5,8,1.8605650443297166,0.49057883264713004,4129,2.01667798649181,0.5377906976744186,688,2.0182506767705606,0.5118,0.9976377047719425,0.08342372987173635,,,0.8988681222407043,,0.8988846038603918,0.10111539613960818,0.9947882200550232,0.0996723210044894,5,0.001,0.1,0.9801579986142138,0.9912972407967741,0.9922786164349227,0.9950944008570483,0.9954458817093144,0.9969660163745584,0.9974382100862074,0.9961037140914806,1.0,0.995821989993597,0.9954567132429918,0.9962402919747115
5,9,1.8729428153189402,0.49797550612346914,4001,2.0231261934552873,0.5067466266866567,667,2.0182931366058203,0.5122,0.997312365783025,0.08335628928745359,,,0.8718202489105181,,0.8718309314620968,0.12816906853790322,0.9947872800329661,0.09967139294500904,5,0.001,0.1,0.979455048690662,0.9909027789367341,0.9923161546475423,0.994151130809479,0.9942516960238513,0.9967700177439975,0.997287831759359,0.995993236118551,0.995821989993597,1.0,0.9953642087309158,0.9960994715345822
5,10,1.8733636359699437,0.49051169966572383,3889,2.009767089571272,0.5200617283950617,648,2.019011809422185,0.5124,0.9949961527474127,0.0830948565269975,,,0.7669694344583571,,0.7669894936256174,0.2330105063743826,0.9946002650643393,0.09965632901910472,5,0.001,0.1,0.9729687916284078,0.9866957466942492,0.9875134959669337,0.99214683479114,0.9912351457832878,0.9948936032775585,0.9940472767836054,0.9960609277607981,0.9954567132429918,0.9953642087309158,1.0,0.9943121008700205
5,11,1.895610052597623,0.5097863360590873,3791,2.0387665152549745,0.48417721518987344,632,2.0186507541912433,0.5124,0.9962911543210183,0.0832151702853571,,,0.8152227426198799,,0.8152492243454055,0.18475077565459452,0.9947165212676645,0.09966760469636454,5,0.001,0.1,0.977393028231413,0.9884896903952626,0.9900742657761464,0.9930096333613675,0.9945923238031368,0.9954390300477517,0.9959244830599465,0.9946254631126225,0.9962402919747115,0.9960994715345822,0.9943121008700205,1.0
6,0,1.432634520206006,0.6078646213781349,8214,1.935276053672613,0.5273922571219869,1369,1.9378608667050687,0.5364,0.9896960039864994,0.08261605502133607,,,0.97,,0.9700176878243976,0.029982312175602432,0.994362633938533,0.09971043926037196,5,0.001,0.1,1.0,0.9950751764349836,0.9932898597083007,0.9905648851131412,0.9869606196321227,0.9863161283600175,0.9860366397508146,0.9835434420193706,0.9825283983328978,0.9812111366403062,0.9769522139566493,0.9795620372701593
6,1,1.5431642465221072,0.5630057803468208,6574,1.931592777797154,0.5492700729927007,1096,1.935412230963905,0.5367,0.9971059100286006,0.08333529223696626,,,0.97,,0.9700176878243976,0.029982312175602432,0.9966388494228199,0.09971043926037196,5,0.001,0.1,0.9950751764349836,1.0,0.9973442931977445,0.9968315209717767,0.9942528841692974,0.9956606910748003,0.9947150433845897,0.9932101947473985,0.992641973899255,0.9917997499253747,0.9890480150428447,0.9900182941348032
6,2,1.5768127755565537,0.6076430918208542,5783,1.9386601140422206,0.5477178423236515,964,1.935370582742051,0.5368,0.9979656532840478,0.08342482898130357,,,0.97,,0.9700176878243976,0.029982312175602432,0.9966510399568614,0.09971043926037196,5,0.001,0.1,0.9932898597083007,0.9973442931977445,1.0,0.9978100492444961,0.996496175398699,0.9959733536235171,0.996085571231768,0.9947196954590647,0.993553384169997,0.9933646410911021,0.9904211527658939,0.9917994290788785
6,3,1.6218269343835763,0.5559674673728012,5287,1.941568455525807,0.547105561861521,881,1.9353547172424512,0.5367,0.9986420315765971,0.08354752722075218,,,0.97,,0.9700176878243976,0.029982312175602432,0.9966515411112542,0.09971043926037196,5,0.001,0.1,0.9905648851131412,0.9968315209717767,0.9978100492444961,1.0,0.997589575297653,0.9968726301166111,0.9968277368497466,0.9958913046837787,0.9952940456269499,0.9943685508087233,0.9933161891786321,0.9935558644740845
6,4,1.659113563029997,0.5571631205673759,4935,1.9353871437219472,0.5425790754257908,822,1.9353804976795428,0.5367,0.9980662180915806,0.08343868425980747,,,0.97,,0.9700176878243976,0.029982312175602432,0.9966510336731123,0.09971043926037196,5,0.001,0.1,0.9869606196321227,0.9942528841692974,0.996496175398699,0.997589575297653,1.0,0.9961062032077272,0.996668000112859,0.9954259821624781,0.9958047345493832,0.9947029127295299,0.9929247153682219,0.995076350912838
6,5,1.6849736870151677,0.5531604885365331,4667,1.9368009281158447,0.5,778,1.9353557832705708,0.5366,0.9988006588254761,0.08352393518711686,,,0.97,,0.9700176878243976,0.029982312175602432,0.9966512179545948,0.09971043926037196,5,0.001,0.1,0.9863161283600175,0.9956606910748003,0.9959733536235171,0.9968726301166111,0.9961062032077272,1.0,0.9978295382101727,0.9971855634565301,0.9972677952202216,0.9966596541333071,0.9951391121014812,0.9957778040082856
6,6,1.6944578765119824,0.5449359982034584,4453,1.9273697684208553,0.545822102425876,742,1.9353532901587196,0.5366,0.9988679144735761,0.08353075370473449,,,0.97,,0.9700176878243976,0.029982312175602432,0.9966513040300162,0.09971043926037196,5,0.001,0.1,0.9860366397508146,0.9947150433845897,0.996085571231768,0.9968277368497466,0.996668000112859,0.9978295382101727,1.0,0.9969249748638582,0.9974541498599933,0.9973076365150989,0.9954438366399122,0.9962979627419493
6,7,1.7142308854345065,0.5533785363572598,4277,1.9280020102210667,0.5539971949509116,713,1.935400228530835,0.5368,0.9980406051744879,0.08341212094718421,,,0.97,,0.9700176878243976,0.029982312175602432,0.9966504041801314,0.09971043926037196,5,0.001,0.1,0.9835434420193706,0.9932101947473985,0.9947196954590647,0.9958913046837787,0.9954259821624781,0.9971855634565301,0.9969249748638582,1.0,0.9963147203838137,0.9964072097441734,0.9965278180622243,0.995535190201704
6,8,1.7288635956324063,0.5311697747638653,4129,1.932766318321228,0.5581395348837209,688,1.9353987424137493,0.5368,0.9978676190763173,0.08341369205451148,,,0.97,,0.9700176878243976,0.029982312175602432,0.9966499128789079,0.09971043926037196,5,0.001,0.1,0.9825283983328978,0.992641973899255,0.993553384169997,0.9952940456269499,0.9958047345493832,0.9972677952202216,0.9974541498599933,0.9963147203838137,1.0,0.9955900500391791,0.9960395861634628,0.9971196663035253
6,9,1.7390488788249001,0.5375656085978505,4001,1.9417837120237804,0.5262368815592204,667,1.9354454975920363,0.5366,0.9973478314323754,0.08335552479073596,,,0.97,,0.9700176878243976,0.029982312175602432,0.9966399965923279,0.09971043926037196,5,0.001,0.1,0.9812111366403062,0.9917997499253747,0.9933646410911021,0.9943685508087233,0.9947029127295299,0.9966596541333071,0.9973076365150989,0.9964072097441734,0.9955900500391791,1.0,0.9957341769263593,0.9962392776354404
6,10,1.7432880288264792,0.5238364618153767,3889,1.924624999364217,0.5277777777777778,648,1.9362872286726491,0.5364,0.9959868346548014,0.08315115901902406,,,0.97,,0.9700176878243976,0.029982312175602432,0.9965087843736485,0.09971043926037196,5,0.001,0.1,0.9769522139566493,0.9890480150428447,0.9904211527658939,0.9933161891786321,0.9929247153682219,0.9951391121014812,0.9954438366399122,0.9965278180622243,0.9960395861634628,0.9957341769263593,1.0,0.995544310094662
