round,client_id,client_i_training_loss,client_i_training_accuracy,client_i_training_dataset_size,client_i_evaluation_loss,client_i_evaluation_accuracy,client_i_evaluation_dataset_size,client_i_central_evaluation_loss,client_i_central_evaluation_accuracy,client_i_cosine_similarity,client_i_importance_coefficient,client_i_tanh_val,tanh_normalization_value,client_i_q,client_i_mask_order,client_i_v_nonzero_fraction,client_i_v_sparsity,client_i_v_cosine_similarity,client_i_reward_gradient_norm,local_epochs,learning_rate,gamma,client_0_cosine_similarity,client_1_cosine_similarity,client_2_cosine_similarity,client_3_cosine_similarity,client_4_cosine_similarity,client_5_cosine_similarity,client_6_cosine_similarity,client_7_cosine_similarity,client_8_cosine_similarity,client_9_cosine_similarity,client_10_cosine_similarity,client_11_cosine_similarity
0,0,0.28475814351543843,0.9097881665449233,8214,2.167955758959748,0.46676406135865595,1369,2.176929230126329,0.4282,0.8015969407893727,0.08533139182849778,,,0.9899999999403479,,0.9900005019828322,0.009999498017167818,0,0.39273634182064227,5,0.1,0.5,1.0,0.5784077740246176,0.5774015983488497,0.5822081446079238,0.5850778693535226,0.5900178797881493,0.5761947974115963,0.5713390926113935,0.5325672711217972,0.5228330027936019,0.57541278735909,0.5711585479473976
0,1,0.31062653431289117,0.9029510191664132,6574,2.174625246865409,0.4279197080291971,1096,2.1769312730612467,0.4282,0.7930774076902648,0.08442447267738433,,,0.935900376089283,,0.9359218914713117,0.06407810852868834,0,0.3927297460242492,5,0.1,0.5,0.5784077740246176,1.0,0.5799101176502202,0.5910320353607121,0.5954610024832081,0.5849401805425652,0.5792207772682746,0.572366451843591,0.5275135672212834,0.5564638404902541,0.5939734548516854,0.570487552184854
0,2,0.32337238667584256,0.9002939650700329,5783,2.176941325587611,0.42012448132780084,964,2.176930681204263,0.4281,0.7932521342182282,0.08444307262089933,,,0.9370099016148792,,0.9370312735304452,0.06296872646955476,0,0.3927301220245686,5,0.1,0.5,0.5774015983488497,0.5799101176502202,1.0,0.590380621809378,0.5907889007163125,0.5951445355036594,0.5850010413576316,0.5876785678922208,0.5412192738611038,0.5620597309401764,0.6149770449750457,0.5904757013817041
0,3,0.29983522613274766,0.9053527520332892,5287,2.181242746966226,0.39727582292849034,881,2.1769303460471545,0.4282,0.7993664235117702,0.08509394937567616,,,0.9758360611061608,,0.9758546257717986,0.0241453742282014,0,0.39273603170684207,5,0.1,0.5,0.5822081446079238,0.5910320353607121,0.590380621809378,1.0,0.6010761584873291,0.6021212216448745,0.6011766428309337,0.5969137585620876,0.5618356937036334,0.570578738852615,0.6130996250813779,0.6094590903979984
0,4,0.35178477330674085,0.8902532928064842,4935,2.1769126195174,0.40632603406326034,822,2.176933234492049,0.4282,0.7949127858368189,0.08461985188083145,,,0.947555154138498,,0.9475729130063751,0.05242708699362486,0,0.3927327049474772,5,0.1,0.5,0.5850778693535226,0.5954610024832081,0.5907889007163125,0.6010761584873291,1.0,0.6053722056927828,0.5999312694758683,0.5993501359803274,0.545495631081104,0.5648051944940642,0.5990759645998174,0.6096011605295295
0,5,0.33729512218564545,0.895736018855796,4667,2.1767921447753906,0.44087403598971725,778,2.1769320675359367,0.4282,0.7960978977277053,0.0847460091077069,,,0.9550806965329617,,0.9551026554891823,0.04489734451081773,0,0.39273407156168577,5,0.1,0.5,0.5900178797881493,0.5849401805425652,0.5951445355036594,0.6021212216448745,0.6053722056927828,1.0,0.5981782775493188,0.6080324380289606,0.564014727451562,0.5659430155339519,0.6145346812086389,0.6067049758447549
0,6,0.3638356659202171,0.886683134965192,4453,2.177844285964966,0.41509433962264153,742,2.176967888213575,0.4278,0.784883976682488,0.08355226766241027,,,0.8838715230507539,,0.883881331258471,0.11611866874152899,0,0.3926985041378741,5,0.1,0.5,0.5761947974115963,0.5792207772682746,0.5850010413576316,0.6011766428309337,0.5999312694758683,0.5981782775493188,1.0,0.5814503309013688,0.5558015009349884,0.5740907755599587,0.6041147252380367,0.5947480237028643
0,7,0.36076939529947827,0.8873977086743045,4277,2.1860921486564306,0.4319775596072931,713,2.1769744192068567,0.4279,0.7812771583030143,0.08316831555788998,,,0.8609679771218026,,0.8609808744540937,0.13901912554590634,0,0.39267139560267855,5,0.1,0.5,0.5713390926113935,0.572366451843591,0.5876785678922208,0.5969137585620876,0.5993501359803274,0.6080324380289606,0.5814503309013688,1.0,0.5504446764918774,0.5595460033745269,0.5999319056185827,0.6077096508799892
0,8,0.3713582876510918,0.8839428433034633,4129,2.17868773503737,0.42005813953488375,688,2.178860453371042,0.4204,0.7323063561927203,0.07795528829893575,,,0.55,,0.5500125495708047,0.4499874504291953,0,0.38943785927779045,5,0.1,0.5,0.5325672711217972,0.5275135672212834,0.5412192738611038,0.5618356937036334,0.545495631081104,0.564014727451562,0.5558015009349884,0.5504446764918774,1.0,0.5063778925706697,0.5572389122443268,0.5523844620652582
0,9,0.43670457618418224,0.8667833041739565,4001,2.1845784073784236,0.4062968515742129,667,2.1778963213911453,0.4228,0.7440163461234175,0.0792018371419242,,,0.6243592451817348,,0.6243712665026856,0.3756287334973144,0,0.39106501881930184,5,0.1,0.5,0.5228330027936019,0.5564638404902541,0.5620597309401764,0.570578738852615,0.5648051944940642,0.5659430155339519,0.5740907755599587,0.5595460033745269,0.5063778925706697,1.0,0.5762119425671381,0.5628047148975062
0,10,0.39551598985114544,0.8767806634096169,3889,2.1737808159419467,0.4382716049382716,648,2.1769407671480514,0.4282,0.7914053175780814,0.08424647576986773,,,0.9252824883409887,,0.9253049545705537,0.07469504542944627,0,0.3927260460615201,5,0.1,0.5,0.57541278735909,0.5939734548516854,0.6149770449750457,0.6130996250813779,0.5990759645998174,0.6145346812086389,0.6041147252380367,0.5999319056185827,0.5572389122443268,0.5762119425671381,1.0,0.6047951457138572
0,11,0.3792101575233856,0.8800844104457927,3791,2.1770653247833254,0.43829113924050633,632,2.1769711506633334,0.4279,0.7817351359607012,0.08321706807797606,,,0.863876166892865,,0.8638873550524572,0.13611264494754283,0,0.39267548785471346,5,0.1,0.5,0.5711585479473976,0.570487552184854,0.5904757013817041,0.6094590903979984,0.6096011605295295,0.6067049758447549,0.5947480237028643,0.6077096508799892,0.5523844620652582,0.5628047148975062,0.6047951457138572,1.0
1,0,0.25192996050133315,0.9219868517165815,8214,1.9976546708927598,0.7794010226442659,1369,2.0098445621161414,0.7481,0.7940172071770353,0.0840686862738639,,,0.9360404047532647,,0.936062446664324,0.06393755333567597,0.9594667592215301,0.40538551768012887,5,0.1,0.5,1.0,0.6090214351118515,0.619066511815549,0.6056098724392035,0.6082999110668683,0.6222299664208982,0.604014547553809,0.6069766628776647,0.6098835610135558,0.6099565548015495,0.6100894685612104,0.6106104001825332
1,1,0.27640284935319887,0.9160937024642531,6574,2.0081395149230956,0.7445255474452555,1096,2.0098764191801175,0.7483,0.8026053780989134,0.08376784324142844,,,0.9079551555225763,,0.9079714873751318,0.09202851262486822,0.9594299020977476,0.4053736724660073,5,0.1,0.5,0.6090214351118515,1.0,0.6203972630648991,0.6162669563418057,0.6134145448377939,0.6281465720584416,0.6184347172577435,0.6296695377741212,0.6109983993464968,0.6176134242229807,0.6224223289382386,0.6170968417309575
1,2,0.28705866005302544,0.9132284281514784,5783,2.007650790675994,0.741701244813278,964,2.0098491541493817,0.7481,0.8097049000853267,0.08402725355427865,,,0.9321724466143088,,0.9321871391998394,0.06781286080016058,0.959447193079797,0.40538429778122675,5,0.1,0.5,0.619066511815549,0.6203972630648991,1.0,0.6224460117603964,0.6217151885532006,0.6290888910310803,0.6134318155632239,0.6285945321820741,0.6333824951240651,0.6264994719658845,0.6306403254685047,0.6285153696923617
1,3,0.2659921663863786,0.9174957442784187,5287,2.0126342943736484,0.7423382519863791,881,2.009844870993885,0.748,0.8103307191262378,0.08447947660367532,,,0.9743898014499816,,0.974398875558456,0.025601124441544054,0.9594856709534336,0.4053910977094121,5,0.1,0.5,0.6056098724392035,0.6162669563418057,0.6224460117603964,1.0,0.6203751285536023,0.6300525589609649,0.6305026927761004,0.6348428750761017,0.6350333897459152,0.6292975869220098,0.6248022524103534,0.6283460759784351
1,4,0.31486776861091775,0.902208713272543,4935,2.0114948061796336,0.7639902676399026,822,2.009856570642977,0.7482,0.8047792312649127,0.0839727164949069,,,0.9270811307464796,,0.9271020531097837,0.07289794689021634,0.9594591266377552,0.4053825256033444,5,0.1,0.5,0.6082999110668683,0.6134145448377939,0.6217151885532006,0.6203751285536023,1.0,0.6254604433302233,0.6151686948547856,0.6285498434122224,0.6288877329733796,0.6258970240637973,0.6190107380120272,0.6185161006739298
1,5,0.29284002873153514,0.9117205913863295,4667,2.01168270111084,0.7442159383033419,778,2.009847848940962,0.7479,0.82174565475123,0.08464668962721118,,,0.9899999999066449,,0.9900005019828322,0.009999498017167818,0.9594773618399709,0.40539139829473636,5,0.1,0.5,0.6222299664208982,0.6281465720584416,0.6290888910310803,0.6300525589609649,0.6254604433302233,1.0,0.6346101119847919,0.6433609962056438,0.6504127171855557,0.6354813626078754,0.6471458236066022,0.6445529551483058
1,6,0.3234206240837063,0.9024477880080845,4453,2.0087501853704453,0.7398921832884097,742,2.009947495338635,0.7476,0.8098333954218737,0.08344261527598112,,,0.877593446984961,,0.8776065458561317,0.12239345414386826,0.9592913902697833,0.40534862956668133,5,0.1,0.5,0.604014547553809,0.6184347172577435,0.6134318155632239,0.6305026927761004,0.6151686948547856,0.6346101119847919,1.0,0.635493967554689,0.63273058685408,0.6429245457882078,0.6254111784201113,0.6275030971879937
1,7,0.31498210130454,0.9046995557633856,4277,2.0237397681111875,0.7180925666199158,713,2.009970032368986,0.7476,0.8183829193996894,0.08348627776993303,,,0.8816695660652187,,0.8816826464534913,0.11831735354650874,0.9592109846932491,0.4053529810271631,5,0.1,0.5,0.6069766628776647,0.6296695377741212,0.6285945321820741,0.6348428750761017,0.6285498434122224,0.6433609962056438,0.635493967554689,1.0,0.6402508295396238,0.6380522347047584,0.635436639113225,0.6431480586778257
1,8,0.32520297458368497,0.8980867038023734,4129,2.014713775027882,0.7281976744186046,688,2.0156327470803794,0.7397,0.8153584493408416,0.07993350609245821,,,0.55,,0.5500125495708047,0.4499874504291953,0.9523703901533819,0.4017708589593255,5,0.1,0.5,0.6098835610135558,0.6109983993464968,0.6333824951240651,0.6350333897459152,0.6288877329733796,0.6504127171855557,0.63273058685408,0.6402508295396238,1.0,0.635464468928366,0.640537258002109,0.6396734981467156
1,9,0.3388781894665463,0.8950762309422644,4001,2.0182311818713234,0.7286356821589205,667,2.0126034074698014,0.7413,0.8135896784841568,0.08069631406351166,,,0.6212120596869346,,0.621233873801516,0.37876612619848404,0.955524355466035,0.40348214959054035,5,0.1,0.5,0.6099565548015495,0.6176134242229807,0.6264994719658845,0.6292975869220098,0.6258970240637973,0.6354813626078754,0.6429245457882078,0.6380522347047584,0.635464468928366,1.0,0.6394761467521475,0.6343269116864192
1,10,0.3484811903450821,0.8932887631781949,3889,2.0098742303394137,0.7438271604938271,648,2.009866036165256,0.748,0.8153041622959463,0.08409213021209117,,,0.9382290173421337,,0.9382460719843382,0.06175392801566182,0.9594358244993899,0.40538610099171213,5,0.1,0.5,0.6100894685612104,0.6224223289382386,0.6306403254685047,0.6248022524103534,0.6190107380120272,0.6471458236066022,0.6254111784201113,0.635436639113225,0.640537258002109,0.6394761467521475,1.0,0.6351254875757802
1,11,0.33344557207985587,0.8976523344763915,3791,2.0118888139724733,0.7389240506329114,632,2.009975081434646,0.7477,0.8145897175136798,0.08338649079066036,,,0.8723539367147144,,0.8723708649164199,0.1276291350835801,0.959216810875068,0.40534227947964446,5,0.1,0.5,0.6106104001825332,0.6170968417309575,0.6285153696923617,0.6283460759784351,0.6185161006739298,0.6445529551483058,0.6275030971879937,0.6431480586778257,0.6396734981467156,0.6343269116864192,0.6351254875757802,1.0
2,0,0.23020839192668985,0.92899926953981,8214,1.7921537244042685,0.8882395909422937,1369,1.8074336112878573,0.8664,0.7947910163255493,0.08336383605740934,,,0.8664284247906664,,0.8664424476682897,0.1335575523317103,0.9682175874098685,0.40391830527939426,5,0.1,0.5,1.0,0.6085530509356607,0.6194954558860165,0.6123930711995298,0.6116321185800255,0.6237848428850183,0.6087642693295987,0.6049080639271777,0.6089547122853023,0.5725435699289314,0.6111021672777077,0.6188020347153116
2,1,0.25133969018380475,0.9228171585031945,6574,1.8060530049460275,0.8686131386861314,1096,1.8074906980648588,0.8664,0.8015481612601936,0.08340011903479352,,,0.8702992899756095,,0.8703127353044526,0.12968726469554737,0.9682007850892802,0.40392424029430873,5,0.1,0.5,0.6085530509356607,1.0,0.6237308777513312,0.613517614527483,0.6227192608139646,0.6218550691458808,0.6078774419157695,0.6206002030837509,0.620850079831243,0.5799364975301013,0.6282416980827259,0.6204081349505974
2,2,0.25864418703362924,0.9216669548677158,5783,1.8030809740866385,0.8609958506224067,964,1.8073845743752135,0.8667,0.81192595325961,0.08393354907200995,,,0.927208504944388,,0.9272275488178304,0.07277245118216957,0.9683152759320891,0.4039726586403708,5,0.1,0.5,0.6194954558860165,0.6237308777513312,1.0,0.6283608010535904,0.6245553803787676,0.6366958401152165,0.6200552131236672,0.6239444356764493,0.6374827554402848,0.5888450214833155,0.6339504311423897,0.630951892405625
2,3,0.23838242536020768,0.9274825042557215,5287,1.808563849755696,0.8660612939841089,881,1.8073736337807993,0.8666,0.8135832995309983,0.08429074403320638,,,0.9653160043618699,,0.9653330656091562,0.034666934390843784,0.9683652422486263,0.40398062904932874,5,0.1,0.5,0.6123930711995298,0.613517614527483,0.6283608010535904,1.0,0.6267974492919823,0.6320627674948837,0.6210109793791966,0.6352398873636685,0.6374340859233325,0.5976713227688962,0.6404190542004666,0.6375771574001412
2,4,0.2790043480141509,0.9162310030395137,4935,1.8107986954542308,0.8746958637469586,822,1.8074029063264403,0.8666,0.8110078244051361,0.08386544114884306,,,0.9199423816101879,,0.9199487977511169,0.08005120224888307,0.9682979017288516,0.40396951344637083,5,0.1,0.5,0.6116321185800255,0.6227192608139646,0.6245553803787676,0.6267974492919823,1.0,0.6244968897397545,0.6233581478268141,0.630606838632581,0.6402403677525176,0.5935665514525197,0.6285595500985071,0.6334607528445497
2,5,0.26315874255912963,0.9200342832654811,4667,1.8103388881683349,0.87146529562982,778,1.8073793044105506,0.8666,0.8170453833494302,0.08452211578314552,,,0.9899999998933146,,0.9900005019828322,0.009999498017167818,0.9683739639080429,0.40398151943620286,5,0.1,0.5,0.6237848428850183,0.6218550691458808,0.6366958401152165,0.6320627674948837,0.6244968897397545,1.0,0.6269395145375936,0.6373657265826205,0.644242368113556,0.5951023820173426,0.6395200941363949,0.6332472312837714
2,6,0.292409357383315,0.9140354816977319,4453,1.8051424026489258,0.8571428571428571,742,1.8075714016113038,0.8667,0.8063948972896041,0.0833536784844495,,,0.865344759712207,,0.8653631845790873,0.13463681542091266,0.9681794988300062,0.4039166481694943,5,0.1,0.5,0.6087642693295987,0.6078774419157695,0.6200552131236672,0.6210109793791966,0.6233581478268141,0.6269395145375936,1.0,0.630408120666204,0.6310753894290545,0.5971264926029034,0.623678067966229,0.6273393852468212
2,7,0.27822916656593555,0.9186345569324292,4277,1.8261192881542703,0.847124824684432,713,1.8075800185767226,0.8666,0.8143570490928227,0.08366006798024726,,,0.8980320560098027,,0.898047286782792,0.101952713217208,0.9682321586600803,0.4039550974196194,5,0.1,0.5,0.6049080639271777,0.6206002030837509,0.6239444356764493,0.6352398873636685,0.630606838632581,0.6373657265826205,0.630408120666204,1.0,0.6380569647407804,0.600375320912878,0.6355530398044744,0.6373710250469752
2,8,0.28434996479567,0.9149430854928554,4129,1.8138528303666548,0.8677325581395349,688,1.8158215002510876,0.8615,0.81769296516318,0.08142387597408446,,,0.6594629415777435,,0.6594699061292104,0.3405300938707896,0.9612450379714353,0.40253915123878076,5,0.1,0.5,0.6089547122853023,0.620850079831243,0.6374827554402848,0.6374340859233325,0.6402403677525176,0.644242368113556,0.6310753894290545,0.6380569647407804,1.0,0.5964822490809405,0.6436245337420753,0.6431970067095906
2,9,0.33153464984156134,0.9019745063734067,4001,1.8188492230006628,0.8545727136431784,667,1.8142287754022275,0.8613,0.7737579118246248,0.08039784142007296,,,0.55,,0.5500125495708047,0.4499874504291953,0.9616622947796808,0.40010731137956945,5,0.1,0.5,0.5725435699289314,0.5799364975301013,0.5888450214833155,0.5976713227688962,0.5935665514525197,0.5951023820173426,0.5971264926029034,0.600375320912878,0.5964822490809405,1.0,0.5990633706377256,0.5944288835049144
2,10,0.30325292613601584,0.9101054255592698,3889,1.811218363898141,0.8626543209876543,648,1.8074122553054517,0.8666,0.8167868900370848,0.08414590898526662,,,0.9498642144303762,,0.9498719943777922,0.05012800562220776,0.9683301378039484,0.40397871763899357,5,0.1,0.5,0.6111021672777077,0.6282416980827259,0.6339504311423897,0.6404190542004666,0.6285595500985071,0.6395200941363949,0.623678067966229,0.6355530398044744,0.6436245337420753,0.5990633706377256,1.0,0.6315575392136071
2,11,0.29507147458953265,0.9128989712476919,3791,1.8103255569934844,0.8512658227848101,632,1.8075913944945168,0.8666,0.8157581351003449,0.0836428220264715,,,0.8961921639484405,,0.8962050097886652,0.10379499021133476,0.9682038605309076,0.40395350596049157,5,0.1,0.5,0.6188020347153116,0.6204081349505974,0.630951892405625,0.6375771574001412,0.6334607528445497,0.6332472312837714,0.6273393852468212,0.6373710250469752,0.6431970067095906,0.5944288835049144,0.6315575392136071,1.0
3,0,0.2150363110898222,0.9346481616751887,8214,1.5610420010810675,0.9233016800584368,1369,1.5793175594494366,0.909,0.7932012088245566,0.08310239616686732,,,0.83339757025427,,0.8334069574820541,0.16659304251794593,0.9687385076301647,0.40012179207572607,5,0.1,0.5,1.0,0.6145345794833866,0.6084806460153119,0.6032686689531415,0.6026328414678658,0.6141953127721176,0.5950870860853027,0.6134446168321784,0.5882867813199933,0.5652757945590248,0.608620846592613,0.6037399080791245
3,1,0.23534815506376688,0.9283845451779739,6574,1.5789407457624163,0.9051094890510949,1096,1.5793751070674615,0.9089,0.79894966359829,0.08332745865426612,,,0.856794765033306,,0.8568093971186186,0.1431906028813814,0.9688264685121905,0.40017688263529044,5,0.1,0.5,0.6145345794833866,1.0,0.6138859352145797,0.6041049533242475,0.61035722925008,0.6174009841559117,0.6030039551377154,0.6131490370069282,0.593910306979775,0.5703548151205801,0.6216226417448227,0.6103081242108072
3,2,0.23821931298698673,0.9296904720733183,5783,1.5727461999462498,0.9056016597510373,964,1.5791817933987504,0.9087,0.8030886119368105,0.0838264727734872,,,0.9086716045717238,,0.9086843029968376,0.09131569700316244,0.9690411193335253,0.40024077055967977,5,0.1,0.5,0.6084806460153119,0.6138859352145797,1.0,0.6177885718313456,0.6096819251543071,0.6223565668177723,0.60645527043564,0.6164193426541181,0.5967080968502857,0.5810123737822531,0.6236910832770434,0.6136129593519797
3,3,0.2189434247097023,0.93527520332892,5287,1.5782541973250253,0.9069239500567536,881,1.5791468639343311,0.9088,0.8064091297270306,0.0841798148252385,,,0.9454045710647141,,0.9454244264846142,0.05457557351538578,0.9691223605902795,0.400256116370121,5,0.1,0.5,0.6032686689531415,0.6041049533242475,0.6177885718313456,1.0,0.6137805449245337,0.6311207053278085,0.6147027827383749,0.6186873896067755,0.607245162091117,0.5840571259136091,0.6246298758150611,0.6211256860008374
3,4,0.25794063099389597,0.9221073961499493,4935,1.5839427847128649,0.9063260340632603,822,1.5791852969331102,0.9088,0.8015407810881927,0.08372712240842274,,,0.8983432736728361,,0.8983534963104262,0.10164650368957384,0.9690097141976931,0.4002322124834249,5,0.1,0.5,0.6026328414678658,0.61035722925008,0.6096819251543071,0.6137805449245337,1.0,0.6174076806214374,0.6093116402865392,0.6228112576899758,0.601949135334592,0.5853039076312572,0.6129256524981137,0.6098671160320374
3,5,0.2383228933260049,0.9286479537175916,4667,1.583556890487671,0.9113110539845758,778,1.5791347925655377,0.9089,0.8142836763629316,0.08460878753902672,,,0.9899999998960414,,0.9900005019828322,0.009999498017167818,0.9691390404216622,0.4002601374672873,5,0.1,0.5,0.6141953127721176,0.6174009841559117,0.6223565668177723,0.6311207053278085,0.6174076806214374,1.0,0.6173777228111539,0.6247145168025442,0.6153128042404449,0.5965994305334874,0.6293718693453878,0.6297279978294504
3,6,0.26414829900937287,0.9222995733213564,4453,1.5762160023053486,0.9043126684636119,742,1.5794712655460492,0.9091,0.7980314710705438,0.08326451211803283,,,0.8502509274265253,,0.850273580643542,0.14972641935645803,0.9687966974556159,0.40016350563748204,5,0.1,0.5,0.5950870860853027,0.6030039551377154,0.60645527043564,0.6147027827383749,0.6093116402865392,0.6173777228111539,1.0,0.6104734529077759,0.6063038332834737,0.590985460171497,0.603778589959685,0.6077043790329297
3,7,0.2494052573232286,0.9268178629880758,4277,1.6018578902534817,0.9032258064516129,713,1.579402741532737,0.9089,0.8086689009066962,0.08383990235104864,,,0.9100677254696876,,0.9100898549269615,0.08991014507303852,0.9689985805242431,0.40024173894564946,5,0.1,0.5,0.6134446168321784,0.6131490370069282,0.6164193426541181,0.6186873896067755,0.6228112576899758,0.6247145168025442,0.6104734529077759,1.0,0.6123529414489567,0.5887919373476694,0.6218468644397553,0.6227524057905494
3,8,0.28269935046452493,0.9175102930491644,4129,1.5860713828693738,0.9084302325581395,688,1.5898595736049617,0.9056,0.7934402019901974,0.08182217558363467,,,0.7003075529341063,,0.7003313086692435,0.29966869133075646,0.9659651241512155,0.39926195362682987,5,0.1,0.5,0.5882867813199933,0.593910306979775,0.5967080968502857,0.607245162091117,0.601949135334592,0.6153128042404449,0.6063038332834737,0.6123529414489567,1.0,0.5897647400723505,0.6097685111074291,0.6087236261732181
3,9,0.2994917325170097,0.9106723319170208,4001,1.5952125844501315,0.9010494752623688,667,1.5916055760825405,0.9039,0.7715771365902319,0.08037633594099138,,,0.55,,0.5500125495708047,0.4499874504291953,0.9615383811118426,0.39612217713339853,5,0.1,0.5,0.5652757945590248,0.5703548151205801,0.5810123737822531,0.5840571259136091,0.5853039076312572,0.5965994305334874,0.590985460171497,0.5887919373476694,0.5897647400723505,1.0,0.5858215836889834,0.5885722752159145
3,10,0.2741696183981954,0.9189508871175109,3889,1.5863868111655826,0.9151234567901234,648,1.579196323221103,0.9087,0.8092030172391201,0.0841812838736793,,,0.9455572913732236,,0.9455800411625922,0.0544199588374078,0.9691145979780564,0.40025619027388604,5,0.1,0.5,0.608620846592613,0.6216226417448227,0.6236910832770434,0.6246298758150611,0.6129256524981137,0.6293718693453878,0.603778589959685,0.6218468644397553,0.6097685111074291,0.5858215836889834,1.0,0.6259891827970108
3,11,0.26232083710614873,0.9223951463993669,3791,1.583860832452774,0.9003164556962026,632,1.57941512787304,0.9089,0.8062458207090166,0.08374373776530461,,,0.9000705839224533,,0.9000953767381156,0.09990462326188443,0.9689902600499251,0.4002343634180399,5,0.1,0.5,0.6037399080791245,0.6103081242108072,0.6136129593519797,0.6211256860008374,0.6098671160320374,0.6297279978294504,0.6077043790329297,0.6227524057905494,0.6087236261732181,0.5885722752159145,0.6259891827970108,1.0
4,0,0.2034440999165728,0.9388604821037253,8214,1.3276736597682155,0.9364499634769905,1369,1.3484274830681067,0.9255,0.7847424789116263,0.08364076920682657,,,0.9087721947172812,,0.9087846995632749,0.0912153004367251,0.965821383696649,0.3861304292106482,5,0.1,0.5,1.0,0.6002945806742026,0.5986376676844242,0.5923161396539439,0.5907073747623263,0.5905031801878771,0.5894272510782744,0.5912954225207684,0.4708678776004156,0.451536775177396,0.596712914314993,0.5943077130276793
4,1,0.21546800620763482,0.9367508366291452,6574,1.3484548602785382,0.9215328467153284,1096,1.3484722954777484,0.9254,0.7909136791086172,0.08401045738940578,,,0.9292311626905968,,0.9292455198032227,0.07075448019677733,0.965956372309021,0.38614236093689874,5,0.1,0.5,0.6002945806742026,1.0,0.6015123015351564,0.5961816137855993,0.6021194872197395,0.6004718386015553,0.5931154258590963,0.5929218440309603,0.4714361556181369,0.4672486962400513,0.6019045159686228,0.5957518052157917
4,2,0.2172767499904277,0.9356389417257479,5783,1.340123926439593,0.9221991701244814,964,1.3482693094795886,0.9253,0.7962661516758616,0.08453535978356605,,,0.9582798631286766,,0.9582952663018924,0.041704733698107566,0.96611205910845,0.3861504049013746,5,0.1,0.5,0.5986376676844242,0.6015123015351564,1.0,0.6056839109562869,0.5978432159117844,0.6001428750585552,0.5962305020373216,0.6035435687673338,0.4731226279858365,0.4747881097053617,0.6069796349607285,0.6117224733695168
4,3,0.19480724995619203,0.9423113296765652,5287,1.3456162810325623,0.9250851305334846,881,1.3482335067023865,0.9254,0.7986641700297366,0.08485777725861332,,,0.9761228159382814,,0.9761407559861452,0.023859244013854752,0.966159612274663,0.38615210378945297,5,0.1,0.5,0.5923161396539439,0.5961816137855993,0.6056839109562869,1.0,0.6047697670567448,0.608628675815777,0.6016692785922696,0.6068029127908902,0.4756859347297658,0.4779364395628199,0.6104886982865732,0.6105281656079661
4,4,0.23554751630031293,0.929483282674772,4935,1.3538782596588135,0.9257907542579076,822,1.348266300301963,0.9253,0.7943185730401793,0.08439964726461334,,,0.9507693766980302,,0.9507856031323729,0.049214396867627075,0.9660905811263829,0.38614915789893045,5,0.1,0.5,0.5907073747623263,0.6021194872197395,0.5978432159117844,0.6047697670567448,1.0,0.6033251057602426,0.5964394185157395,0.6073434013139145,0.47764750632075315,0.47166172060723455,0.5999704941038506,0.6008212083255904
4,5,0.21665920062143712,0.9356760231412042,4667,1.35360737323761,0.9305912596401028,778,1.348218873666879,0.9254,0.7976000829683867,0.08510853433205545,,,0.9899999999446589,,0.9900005019828322,0.009999498017167818,0.9661732499080288,0.38615248959358556,5,0.1,0.5,0.5905031801878771,0.6004718386015553,0.6001428750585552,0.608628675815777,0.6033251057602426,1.0,0.603706229172872,0.6057957870405699,0.4747866699878878,0.46771167347894804,0.6175331686482647,0.605825138522523
4,6,0.2402491638297215,0.9302941836963845,4453,1.3437426785628002,0.9231805929919138,742,1.3485643132426106,0.9255,0.7904340379952868,0.08395116420486481,,,0.9259498098621232,,0.9259625520807189,0.07403744791928113,0.965916828823241,0.3861407853572814,5,0.1,0.5,0.5894272510782744,0.5931154258590963,0.5962305020373216,0.6016692785922696,0.5964394185157395,0.603706229172872,1.0,0.597879323395708,0.463252318991533,0.4752771190413998,0.5956777651004921,0.6061868509964375
4,7,0.2305261829617753,0.9320084171148001,4277,1.3744146875713183,0.9228611500701263,713,1.3485029707320582,0.9253,0.79586022300147,0.08453002479739744,,,0.9579846188760737,,0.9579940766025802,0.04200592339741982,0.9661107055785564,0.38615034806045156,5,0.1,0.5,0.5912954225207684,0.5929218440309603,0.6035435687673338,0.6068029127908902,0.6073434013139145,0.6057957870405699,0.597879323395708,1.0,0.47161376878484773,0.4618162853619159,0.6107668827994337,0.6158927071782505
4,8,0.30286763143188394,0.9165899733591669,4129,1.3561253114180132,0.9229651162790697,688,1.3620549844095882,0.9233,0.659529330987594,0.07834928487074892,,,0.6159353834136942,,0.6159530144069073,0.3840469855930927,0.9614011819069956,0.3837291248244702,5,0.1,0.5,0.4708678776004156,0.4714361556181369,0.4731226279858365,0.4756859347297658,0.47764750632075315,0.4747866699878878,0.463252318991533,0.47161376878484773,1.0,0.3872792325467863,0.47312016554905834,0.4798786061331694
4,9,0.3345956942374219,0.9082729317670583,4001,1.3692824783779325,0.9190404797601199,667,1.365835347495521,0.9219,0.6533303308265294,0.07715784979476344,,,0.55,,0.5500125495708047,0.4499874504291953,0.9580061172359432,0.38190606062629623,5,0.1,0.5,0.451536775177396,0.4672486962400513,0.4747881097053617,0.4779364395628199,0.47166172060723455,0.46771167347894804,0.4752771190413998,0.4618162853619159,0.3872792325467863,1.0,0.46532522042606717,0.47153006105397316
4,10,0.24979821890210885,0.9256878374903574,3889,1.3582576399757749,0.9305555555555556,648,1.3482910588907357,0.9254,0.7985513800498713,0.08485477378854187,,,0.9759566004602209,,0.9759700818232017,0.024029918176798337,0.9661598198609769,0.3861520858305188,5,0.1,0.5,0.596712914314993,0.6019045159686228,0.6069796349607285,0.6104886982865732,0.5999704941038506,0.6175331686482647,0.5956777651004921,0.6107668827994337,0.47312016554905834,0.46532522042606717,1.0,0.6105281310991876
4,11,0.24261842401338224,0.9295700342917436,3791,1.3556288838386537,0.9145569620253164,632,1.3485176852716805,0.9253,0.7997879867802312,0.08460435730860304,,,0.9620982652889007,,0.9621153556548366,0.037884644345163365,0.9660938225209748,0.386150909562867,5,0.1,0.5,0.5943077130276793,0.5957518052157917,0.6117224733695168,0.6105281656079661,0.6008212083255904,0.605825138522523,0.6061868509964375,0.6158927071782505,0.4798786061331694,0.47153006105397316,0.6105281310991876,1.0
5,0,0.19099749444679498,0.94163623082542,8214,1.0786670474118965,0.9459459459459459,1369,1.1010790745290324,0.9369,0.7725001767533624,0.08313774441525887,,,0.8640588616074404,,0.8640730887003665,0.13592691129963352,0.9648713325937903,0.3919148682028383,5,0.1,0.5,1.0,0.5726529398816773,0.5721475505784225,0.5692379879101681,0.5697286736916396,0.5747422848531808,0.5765587243770789,0.5624953981634891,0.572409608740548,0.54815601320254,0.5712277353757506,0.5749621225265232
5,1,0.20228990040294537,0.9384545177973836,6574,1.1010165963854108,0.9343065693430657,1096,1.101053344555937,0.9369,0.7826170683289808,0.08374115574953946,,,0.9060892209336067,,0.9061091310677175,0.09389086893228249,0.9650281597101024,0.3919678662225207,5,0.1,0.5,0.5726529398816773,1.0,0.5739447348989003,0.5721383398169662,0.584309253261146,0.5889905415472052,0.5878766244821628,0.5709612153262217,0.579133880490724,0.5667130506306327,0.5869439784488218,0.5746572183641654
5,2,0.20263390056583105,0.9400657098391838,5783,1.0912720887891707,0.9367219917012448,964,1.1008071648046232,0.937,0.7807610239585244,0.0840269010522232,,,0.9259926882124914,,0.9260077305356157,0.07399226946438431,0.9650468369138544,0.3919802734800976,5,0.1,0.5,0.5721475505784225,0.5739447348989003,1.0,0.576447307665496,0.5713371053389399,0.5812965332191884,0.5840008541902871,0.5700024572484166,0.5846116884774447,0.5619772173954105,0.5868248313505023,0.5758426861493081
5,3,0.1833765093153006,0.9455645923964441,5287,1.0962201484612055,0.9353007945516458,881,1.1007508511741322,0.937,0.7855079183360687,0.0844096558098995,,,0.9526533077351829,,0.9526730585813965,0.047326941418603496,0.9650681638875859,0.3919897668784085,5,0.1,0.5,0.5692379879101681,0.5721383398169662,0.576447307665496,1.0,0.5784996278808303,0.5917600102857667,0.5870021149814882,0.5798509231968019,0.5940762181221154,0.5656425002378858,0.5859627104769027,0.5811541036690286
5,4,0.21962516552558348,0.9342654508611955,4935,1.106065394786688,0.9452554744525548,822,1.1008033335399323,0.937,0.7834778398959,0.0840317688382059,,,0.9263317517705528,,0.926349078861503,0.07365092113849703,0.9650425205502503,0.3919804906543778,5,0.1,0.5,0.5697286736916396,0.584309253261146,0.5713371053389399,0.5784996278808303,1.0,0.5896010842691659,0.5813567131396313,0.5764208956309265,0.5840870854704969,0.5701788385574014,0.5848598689748147,0.5745805082470805
5,5,0.20158475458698527,0.9400471394900364,4667,1.106439127922058,0.9357326478149101,778,1.1007190872305117,0.937,0.79597439159704,0.08494582580058573,,,0.9899999999303454,,0.9900005019828322,0.009999498017167818,0.9650764209401926,0.3919931448424841,5,0.1,0.5,0.5747422848531808,0.5889905415472052,0.5812965332191884,0.5917600102857667,0.5896010842691659,1.0,0.5948279591044983,0.5899964783934462,0.6006416875566256,0.5747110992288686,0.6036225424650026,0.5888716895888281
5,6,0.22290034775755235,0.9347855378396587,4453,1.095010903974374,0.9353099730458221,742,1.1010938595278195,0.937,0.7906726275189516,0.08398507607771914,,,0.9230793874384693,,0.9230962301089303,0.07690376989106973,0.9650393954732718,0.3919788694106766,5,0.1,0.5,0.5765587243770789,0.5878766244821628,0.5840008541902871,0.5870021149814882,0.5813567131396313,0.5948279591044983,1.0,0.5750088972786828,0.5968539115179533,0.5812436706130375,0.5869875343856875,0.5840991237224807
5,7,0.21065524809910402,0.9391629646948796,4277,1.1295439911925274,0.9340813464235624,713,1.1010348353142174,0.9368,0.7804475017621246,0.08401229583902083,,,0.9249753683113613,,0.9249887053862758,0.07501129461372424,0.965047833068099,0.3919797565759383,5,0.1,0.5,0.5624953981634891,0.5709612153262217,0.5700024572484166,0.5798509231968019,0.5764208956309265,0.5899964783934462,0.5750088972786828,1.0,0.5872865663592596,0.563429738627178,0.5789385208787479,0.5812626478899515
5,8,0.2146702698104155,0.935916686849116,4129,1.1093601150946184,0.9316860465116279,688,1.116429487927653,0.9351,0.7917185469833923,0.08027505246231091,,,0.6646592736531014,,0.6646704482706691,0.3353295517293309,0.9603998254952896,0.39045343511206226,5,0.1,0.5,0.572409608740548,0.579133880490724,0.5846116884774447,0.5940762181221154,0.5840870854704969,0.6006416875566256,0.5968539115179533,0.5872865663592596,1.0,0.5821464497743386,0.6014696916969038,0.5893747659344007
5,9,0.24485253147080555,0.9273681579605099,4001,1.1269918481508892,0.9310344827586207,667,1.1233343733385348,0.9328,0.7675950704176041,0.07862893983296709,,,0.55,,0.5500125495708047,0.4499874504291953,0.9573067933306724,0.38770282041699256,5,0.1,0.5,0.54815601320254,0.5667130506306327,0.5619772173954105,0.5656425002378858,0.5701788385574014,0.5747110992288686,0.5812436706130375,0.563429738627178,0.5821464497743386,1.0,0.5776906580839885,0.5622995699954006
5,10,0.2275739897363132,0.9327847775777834,3889,1.1133727800278437,0.933641975308642,648,1.1007999570224993,0.937,0.7918728791908343,0.08463171185156426,,,0.9681205266810178,,0.9681341298127604,0.03186587018723963,0.9650731651509633,0.3919921355896825,5,0.1,0.5,0.5712277353757506,0.5869439784488218,0.5868248313505023,0.5859627104769027,0.5848598689748147,0.6036225424650026,0.5869875343856875,0.5789385208787479,0.6014696916969038,0.5776906580839885,1.0,0.5779252721476461
5,11,0.2200045651137954,0.9330519651806911,3791,1.1107670724391938,0.9319620253164557,632,1.1010424102457186,0.9368,0.7836250485965733,0.08417387227070504,,,0.936229905799332,,0.9362481803122333,0.06375181968776666,0.9650476816525863,0.3919849571361738,5,0.1,0.5,0.5749621225265232,0.5746572183641654,0.5758426861493081,0.5811541036690286,0.5745805082470805,0.5888716895888281,0.5840991237224807,0.5812626478899515,0.5893747659344007,0.5622995699954006,0.5779252721476461,1.0
6,0,0.17902624186940114,0.9459702946189432,8214,0.845192973003831,0.9539810080350621,1369,0.8684365581780576,0.9452,0.7622076667435149,0.08288858177850598,,,0.8171769705459404,,0.8171979318307314,0.18280206816926858,0.9681670369718934,0.3853298244696677,5,0.1,0.5,1.0,0.5556564399159621,0.5544867285937072,0.5509622641027682,0.5488835480447385,0.5500228986369524,0.5538165218552774,0.5512716190895796,0.5516350579099497,0.5362828689240668,0.5545848618998456,0.5453672388910401
6,1,0.18942446628703002,0.9434742926680864,6574,0.8679438250405448,0.9425182481751825,1096,0.8683352479919458,0.9451,0.7708825293647708,0.08360142303676049,,,0.8827996025267748,,0.8828070879975904,0.11719291200240955,0.9686058182301494,0.38548975335089664,5,0.1,0.5,0.5556564399159621,1.0,0.5569196918075408,0.5536708595244456,0.5663662236647371,0.5642904214243877,0.5567939261909932,0.5515899235905874,0.5579763875851002,0.5527013997674984,0.5625737057906128,0.5519477399152873
6,2,0.1892025918519711,0.9426595192806502,5783,0.8582928719059113,0.941908713692946,964,0.8680881471298754,0.9451,0.7710964283293856,0.08380115839467203,,,0.9011868096840654,,0.9012097786255711,0.09879022137442894,0.9686701301360331,0.38551216295564905,5,0.1,0.5,0.5544867285937072,0.5569196918075408,1.0,0.5638677065470936,0.5582888880187363,0.5639396641884097,0.554356407629461,0.5492966304934689,0.558149214518488,0.5541881362081019,0.5665605624978244,0.550909435096835
6,3,0.1697224831764014,0.9477964819368262,5287,0.8616377924169812,0.94211123723042,881,0.8679290084412303,0.9451,0.774888695183731,0.08419278871592428,,,0.9372394541494014,,0.9372571658049295,0.06274283419507054,0.9687511037840345,0.38553622910094176,5,0.1,0.5,0.5509622641027682,0.5536708595244456,0.5638677065470936,1.0,0.5653540450879252,0.5702562403692701,0.5583779432906788,0.5575324686580656,0.5666685701526464,0.5617589260415984,0.569070386839916,0.5469986290177369
6,4,0.20289136265434565,0.9385612968591692,4935,0.8717693227988023,0.9513381995133819,822,0.8680623605990181,0.9451,0.7719135937317007,0.08383335545509586,,,0.9041508017686866,,0.9041664575071533,0.0958335424928467,0.96867390255428,0.3855149827051878,5,0.1,0.5,0.5488835480447385,0.5663662236647371,0.5582888880187363,0.5653540450879252,1.0,0.5649112737731989,0.5556655749264864,0.5622138103727039,0.5604334101902164,0.5553068245083023,0.5604425984290531,0.5407641390113285
6,5,0.1835973034006837,0.9457895864581102,4667,0.8733608961105347,0.9485861182519281,778,0.867870859825573,0.9451,0.7808937509969239,0.0847659125405782,,,0.9899999999079421,,0.9900005019828322,0.009999498017167818,0.9687796261984787,0.38554459892378395,5,0.1,0.5,0.5500228986369524,0.5642904214243877,0.5639396641884097,0.5702562403692701,0.5649112737731989,1.0,0.5597001742134623,0.5620451872570245,0.5784275117435499,0.5625997800899144,0.5795000365266835,0.5616951592528389
6,6,0.2084419272640454,0.9387828430271727,4453,0.8613027011354765,0.9433962264150944,742,0.8683702648638155,0.9451,0.7705439863105658,0.08375347738176299,,,0.8967973982598934,,0.8968073891872897,0.10319261081271025,0.9686594630029833,0.3855074881868834,5,0.1,0.5,0.5538165218552774,0.5567939261909932,0.554356407629461,0.5583779432906788,0.5556655749264864,0.5597001742134623,1.0,0.5498973851780805,0.5651103458459743,0.5656981651290505,0.5562447067453999,0.5516414666879937
6,7,0.19474861283244482,0.942997428103811,4277,0.8983527188715728,0.9396914446002805,713,0.8683147588476967,0.9451,0.7674447662865324,0.08366208625351222,,,0.8883841276950011,,0.8883941569198334,0.11160584308016663,0.968639058850486,0.38549737393906824,5,0.1,0.5,0.5512716190895796,0.5515899235905874,0.5492966304934689,0.5575324686580656,0.5622138103727039,0.5620451872570245,0.5498973851780805,1.0,0.5599530536036543,0.5499596275503819,0.5519274747465175,0.5517517965860068
6,8,0.1999596266042835,0.9386776459191087,4129,0.8762419982389971,0.938953488372093,688,0.8836845858409382,0.9434,0.7755814431452512,0.08143677732647228,,,0.6835269774223242,,0.6835450027609056,0.3164549972390944,0.965460891749173,0.3842604390296359,5,0.1,0.5,0.5516350579099497,0.5579763875851002,0.558149214518488,0.5666685701526464,0.5604334101902164,0.5784275117435499,0.5651103458459743,0.5599530536036543,1.0,0.562669004492084,0.5704167234640573,0.5607195035604298
6,9,0.21409913937871655,0.9359660084978755,4001,0.8979888870602563,0.9445277361319341,667,0.8933918062871257,0.9416,0.7658779660901055,0.07998630916139701,,,0.55,,0.5500125495708047,0.4499874504291953,0.9610195048987586,0.38115121125944734,5,0.1,0.5,0.5362828689240668,0.5527013997674984,0.5541881362081019,0.5617589260415984,0.5553068245083023,0.5625997800899144,0.5656981651290505,0.5499596275503819,0.562669004492084,1.0,0.5631833309903018,0.5474215370487377
