round,client_id,client_i_training_loss,client_i_training_accuracy,client_i_training_dataset_size,client_i_evaluation_loss,client_i_evaluation_accuracy,client_i_evaluation_dataset_size,client_i_central_evaluation_loss,client_i_central_evaluation_accuracy,client_i_cosine_similarity,client_i_importance_coefficient,client_i_tanh_val,tanh_normalization_value,client_i_q,client_i_mask_order,client_i_v_nonzero_fraction,client_i_v_sparsity,client_i_v_cosine_similarity,client_i_reward_gradient_norm,local_epochs,learning_rate,gamma,client_0_cosine_similarity,client_1_cosine_similarity,client_2_cosine_similarity,client_3_cosine_similarity,client_4_cosine_similarity,client_5_cosine_similarity,client_6_cosine_similarity,client_7_cosine_similarity,client_8_cosine_similarity,client_9_cosine_similarity,client_10_cosine_similarity,client_11_cosine_similarity
0,0,2.0780516467669594,0.44818602386169953,8214,2.260651932206265,0.25639152666179693,1369,2.2626078296393253,0.2532,0.96797273008645,0.08176085432499856,,,0.75,,0.7500024163694532,0.2499975836305468,0,0.09854817750868962,5,0.001,0.1,1.0,0.9827804567383586,0.9731895989296929,0.9654211571496657,0.954999731531541,0.9440856219499519,0.9402372211907165,0.9316914290587879,0.9339059456408315,0.9192366842480016,0.9155780978701495,0.9156021164686557
0,1,2.158860420949251,0.4003954974140554,6574,2.2571979999542235,0.27645985401459855,1096,2.2625786641154426,0.2532,0.9880255999302324,0.08345464147326793,,,0.9056500345816475,,0.9056697692850446,0.09433023071495539,0,0.09859484135403758,5,0.001,0.1,0.9827804567383586,1.0,0.9859315110434601,0.9866757195321234,0.9752310839976895,0.9772781643856515,0.9632577831774007,0.9648936504223052,0.9548517007985872,0.9575056384910217,0.9568749608745316,0.9496294950187427
0,2,2.1841262668535855,0.41497492650873247,5783,2.2624201236232633,0.245850622406639,964,2.262579284917813,0.2532,0.9931434403754549,0.08388692535285931,,,0.9453746250511378,,0.9454045485738587,0.054595451426141306,0,0.09859639098320307,5,0.001,0.1,0.9731895989296929,0.9859315110434601,1.0,0.9910975766525165,0.985012912465122,0.9836533155643331,0.9799534095635637,0.974993044230091,0.9654735164737409,0.970974224399732,0.9620897630856461,0.9643215929114303
0,3,2.199374801135925,0.36625685644032535,5287,2.2644130757876804,0.25198637911464244,881,2.2625792971053444,0.2532,0.9963160027085657,0.08415489923134996,,,0.9699999999081053,,0.9700176878243976,0.029982312175602432,0,0.09859660261398716,5,0.001,0.1,0.9654211571496657,0.9866757195321234,0.9910975766525165,1.0,0.9905945396687076,0.9896702488748469,0.9834381064673339,0.9819885224651974,0.9739361308069677,0.9778861407497993,0.9745740343644805,0.9745574540863526
0,4,2.2133077030797157,0.3219858156028369,4935,2.2649245812342715,0.2591240875912409,822,2.262579137143997,0.2532,0.9927039268643599,0.08384980137298098,,,0.9419631286551622,,0.9419829694280937,0.058017030571906325,0,0.09859633300560502,5,0.001,0.1,0.954999731531541,0.9752310839976895,0.985012912465122,0.9905945396687076,1.0,0.9857699721643128,0.9838993665107396,0.9791991372446363,0.9769543959846119,0.977996670034269,0.9681123289507048,0.9814046023781187
0,5,2.2195728138701556,0.36528819370044996,4667,2.26143253326416,0.2570694087403599,778,2.262579298628786,0.2532,0.9930320936908377,0.08387752033577815,,,0.9445103539794041,,0.9445346555706982,0.055465344429301844,0,0.09859637946023679,5,0.001,0.1,0.9440856219499519,0.9772781643856515,0.9836533155643331,0.9896702488748469,0.9857699721643128,1.0,0.9840691977926663,0.9876664398888035,0.9760093196469836,0.9840310870574225,0.981615438445622,0.9820486570764391
0,6,2.224069936956678,0.36424882101953737,4453,2.263335406780243,0.25067385444743934,742,2.2625797556612057,0.2532,0.9900255035384968,0.08362356547546039,,,0.9211732523660019,,0.921192526652555,0.07880747334744498,0,0.09859562499406413,5,0.001,0.1,0.9402372211907165,0.9632577831774007,0.9799534095635637,0.9834381064673339,0.9838993665107396,0.9840691977926663,1.0,0.982829528412664,0.9886841494780567,0.9839730105681088,0.9776289286954049,0.9812553150806359
0,7,2.2294827528853913,0.3315875613747954,4277,2.264463828957599,0.2370266479663394,713,2.2625789901319022,0.2532,0.9882682063935064,0.0834751334882654,,,0.9075331418222834,,0.9075545374585593,0.0924454625414407,0,0.0985949758459636,5,0.001,0.1,0.9316914290587879,0.9648936504223052,0.974993044230091,0.9819885224651974,0.9791991372446363,0.9876664398888035,0.982829528412664,1.0,0.9773042156711085,0.9836698359222608,0.9893334923235909,0.982295546585959
0,8,2.2289322581657998,0.3053039476870913,4129,2.2639425667849453,0.24127906976744187,688,2.2625803124790376,0.2532,0.9827748665530196,0.0830111326497132,,,0.8648939314348656,,0.8649104493480635,0.1350895506519365,0,0.09859056260582225,5,0.001,0.1,0.9339059456408315,0.9548517007985872,0.9654735164737409,0.9739361308069677,0.9769543959846119,0.9760093196469836,0.9886841494780567,0.9773042156711085,1.0,0.9701958121295329,0.9730993680838538,0.9770961847992844
0,9,2.235846349928114,0.32781804548862786,4001,2.2641992455437068,0.25037481259370314,667,2.262580196697491,0.2532,0.9841178210281997,0.08312456673912241,,,0.8753179212244454,,0.8753443326470844,0.12465566735291556,0,0.09859227570704504,5,0.001,0.1,0.9192366842480016,0.9575056384910217,0.970974224399732,0.9778861407497993,0.977996670034269,0.9840310870574225,0.9839730105681088,0.9836698359222608,0.9701958121295329,1.0,0.9838009157674182,0.9884828570031879
0,10,2.234766962879994,0.3496528670609411,3889,2.26039373307001,0.27314814814814814,648,2.2625807847458717,0.2532,0.9809043982673029,0.08285314154079597,,,0.8503753884221344,,0.8503929016730942,0.14960709832690577,0,0.098588081022937,5,0.001,0.1,0.9155780978701495,0.9568749608745316,0.9620897630856461,0.9745740343644805,0.9681123289507048,0.981615438445622,0.9776289286954049,0.9893334923235909,0.9730993680838538,0.9838009157674182,1.0,0.9797498873481539
0,11,2.2408366828405555,0.30308625692429436,3791,2.268159568309784,0.2231012658227848,632,2.262580237830409,0.2532,0.9817884985081813,0.0829278180154077,,,0.8572377594512381,,0.8572602236591566,0.14273977634084345,0,0.09858934641211396,5,0.001,0.1,0.9156021164686557,0.9496294950187427,0.9643215929114303,0.9745574540863526,0.9814046023781187,0.9820486570764391,0.9812553150806359,0.982295546585959,0.9770961847992844,0.9884828570031879,0.9797498873481539,1.0
1,0,1.8597217937387844,0.5480155831507183,8214,2.2071950934654057,0.3929875821767714,1369,2.209231685144833,0.3883,0.9788464273055195,0.0818929485471718,,,0.75,,0.7500024163694532,0.2499975836305468,0.9692184543992147,0.09928191990762678,5,0.001,0.1,1.0,0.9913320665511872,0.9884034785329204,0.9827933382270613,0.977279089548305,0.9714440737820671,0.9700626088862562,0.9628007842322199,0.9638098561204841,0.9575497982500447,0.9509814536339057,0.9538435798727078
1,1,1.9945384733885236,0.48947368421052634,6574,2.204094886779785,0.41514598540145986,1096,2.209130303166545,0.3885,0.9916633611332963,0.08334818208356323,,,0.9047564824759814,,0.9047805453262582,0.09521945467374182,0.9697562922219103,0.09935047088882555,5,0.001,0.1,0.9913320665511872,1.0,0.9941599413859805,0.9935663011520093,0.987704612900436,0.9887965532168016,0.9838825981901643,0.9805593916417327,0.9805795791396948,0.9759316612381086,0.9746509898873402,0.97170364534165
1,2,2.0411053545567213,0.5388898495590524,5783,2.2081470489501953,0.4024896265560166,964,2.209125460908055,0.3885,0.9951631473586217,0.08372697836937026,,,0.9450394881245638,,0.945061424111501,0.05493857588849904,0.9698114120302482,0.09935376269604475,5,0.001,0.1,0.9884034785329204,0.9941599413859805,1.0,0.9953553283616718,0.9917345143327443,0.9905955624649642,0.9908158460545019,0.9863115291175787,0.9861717506009938,0.9831668071443616,0.9785916921760222,0.9792122404796071
1,3,2.072232768765415,0.47338755437866464,5287,2.212626951081412,0.3779795686719637,881,2.2091251158485776,0.3885,0.9973294676796259,0.08396169146978925,,,0.9699999998936553,,0.9700176878243976,0.029982312175602432,0.969812839553911,0.09935414416692093,5,0.001,0.1,0.9827933382270613,0.9935663011520093,0.9953553283616718,1.0,0.9952146780862974,0.9944343717744439,0.9920930088234979,0.9901511173403722,0.9907080626759768,0.9859326512802304,0.985529380149426,0.9844809456386455
1,4,2.0997944761091665,0.47181357649442757,4935,2.210944331609286,0.39172749391727496,822,2.209125467763541,0.3885,0.9964663580100729,0.08374631259521223,,,0.9470955820145648,,0.9471201708856477,0.052879829114352295,0.9698093323163434,0.09935379534357885,5,0.001,0.1,0.977279089548305,0.987704612900436,0.9917345143327443,0.9952146780862974,1.0,0.9927327835721154,0.9932099073591567,0.9896574471129034,0.992765570494455,0.9875304410108869,0.9835022775394725,0.9886119280240284
1,5,2.1122737572617725,0.47285193914720375,4667,2.2072317790985108,0.38303341902313626,778,2.209125985733617,0.3885,0.997513534372337,0.08379720940399639,,,0.9525081916746067,,0.9525328384608693,0.047467161539130664,0.9698054796742284,0.09935397293422557,5,0.001,0.1,0.9714440737820671,0.9887965532168016,0.9905955624649642,0.9944343717744439,0.9927327835721154,1.0,0.9940751420465284,0.9934151129310337,0.9936259343977083,0.9919316692973764,0.9913833008451477,0.9899517340197517
1,6,2.1200371716703685,0.49687850887042445,4453,2.208487610022227,0.37601078167115903,742,2.209128964823275,0.3885,0.9971829341283022,0.08363047618943747,,,0.9347769855473517,,0.9347918539352993,0.06520814606470071,0.969786964338486,0.09935256534544369,5,0.001,0.1,0.9700626088862562,0.9838825981901643,0.9908158460545019,0.9920930088234979,0.9932099073591567,0.9940751420465284,1.0,0.993234158464409,0.9955575726359179,0.9936117013591422,0.9899835019516345,0.9919500571131562
1,7,2.130031371472487,0.4412906242693477,4277,2.2099915276403013,0.3632538569424965,713,2.2091295551568173,0.3885,0.9953171674021166,0.08347893495648728,,,0.9186613672806099,,0.9186843351601086,0.08131566483989139,0.9697723448559399,0.0993516704824374,5,0.001,0.1,0.9628007842322199,0.9805593916417327,0.9863115291175787,0.9901511173403722,0.9896574471129034,0.9934151129310337,0.993234158464409,1.0,0.9936262228322508,0.9931446300873503,0.9935797578367094,0.9897077695945392
1,8,2.1344009199509255,0.4613223540808913,4129,2.2110377766869287,0.39098837209302323,688,2.2091356367348864,0.3883,0.995804938768045,0.08320960518217124,,,0.8900195531271536,,0.8900406916615923,0.10995930833840772,0.9696812359522897,0.09934881086409908,5,0.001,0.1,0.9638098561204841,0.9805795791396948,0.9861717506009938,0.9907080626759768,0.992765570494455,0.9936259343977083,0.9955575726359179,0.9936262228322508,1.0,0.9912287879413042,0.9913041131511543,0.9926435078657645
1,9,2.1442737480950735,0.48007998000499874,4001,2.211816356295631,0.3808095952023988,667,2.2091343288604444,0.3883,0.9935552596638612,0.08320655133464025,,,0.8896947923996856,,0.8897120654159538,0.11028793458404618,0.9697174470359875,0.09934877431960618,5,0.001,0.1,0.9575497982500447,0.9759316612381086,0.9831668071443616,0.9859326512802304,0.9875304410108869,0.9919316692973764,0.9936117013591422,0.9931446300873503,0.9912287879413042,1.0,0.9915822537453334,0.9935898074813666
1,10,2.1446988549388823,0.4289020313705323,3889,2.205821854727609,0.4058641975308642,648,2.209142228665824,0.3884,0.9914416522810098,0.08297142228138837,,,0.8646900462203202,,0.8647026415750863,0.13529735842491375,0.969622551072735,0.09934282836126127,5,0.001,0.1,0.9509814536339057,0.9746509898873402,0.9785916921760222,0.985529380149426,0.9835022775394725,0.9913833008451477,0.9899835019516345,0.9935797578367094,0.9913041131511543,0.9915822537453334,1.0,0.9888694688245624
1,11,2.1544356602580605,0.43471379583223424,3791,2.2163414001464843,0.3575949367088608,632,2.2091403236023535,0.3884,0.9918244853718554,0.0830296875867722,,,0.870886256990689,,0.8709030455920589,0.1290969544079411,0.9696390870901685,0.09934414257553434,5,0.001,0.1,0.9538435798727078,0.97170364534165,0.9792122404796071,0.9844809456386455,0.9886119280240284,0.9899517340197517,0.9919500571131562,0.9897077695945392,0.9926435078657645,0.9935898074813666,0.9888694688245624,1.0
2,0,1.6567956515323328,0.6037009982955929,8214,2.1423390244328697,0.45361577794010227,1369,2.144236123599945,0.446,0.9871556889677553,0.08216791262069545,,,0.75,,0.7500024163694532,0.2499975836305468,0.9858322129463014,0.09948957658958966,5,0.001,0.1,1.0,0.994246519299289,0.9926518175566122,0.9889969826785359,0.9860906822867765,0.9824424928934137,0.9822522836653337,0.9776986970933689,0.9775864048661231,0.9741578308864416,0.9687342612033872,0.9722456880301854
2,1,1.8022994004406976,0.5534529966534835,6574,2.1393773691994804,0.47992700729927007,1096,2.143992059147015,0.446,0.9952714640708257,0.08332348170948259,,,0.9056845036815633,,0.9057035984573898,0.09429640154261021,0.9865205583235042,0.09958381765646386,5,0.001,0.1,0.994246519299289,1.0,0.9966204359433183,0.9958408372473034,0.9928054195411061,0.9934791881451006,0.9913076234569039,0.988506976338686,0.9883650964498525,0.9860532105260446,0.9831967390220795,0.9834905345611872
2,2,1.857662862967391,0.5996541587411378,5783,2.1422784559188353,0.46887966804979253,964,2.1439821506841494,0.4461,0.9968603354484038,0.08360735618684005,,,0.9439296052026205,,0.943949894163018,0.056050105836982,0.9865460928064536,0.09958693166503219,5,0.001,0.1,0.9926518175566122,0.9966204359433183,1.0,0.9970063593518679,0.9953600344066882,0.9942147505442187,0.9940578734360304,0.991148652024825,0.9902821420598361,0.9893369463322771,0.9850438189758267,0.9871238028559813
2,3,1.9052568437105202,0.5505201437488179,5287,2.1494065523147583,0.43132803632236094,881,2.1439798632368876,0.4461,0.9983899067011666,0.08380086383527155,,,0.9699999998652746,,0.9700176878243976,0.029982312175602432,0.9865570065365469,0.09958760934964091,5,0.001,0.1,0.9889969826785359,0.9958408372473034,0.9970063593518679,1.0,0.9972113171101925,0.9961820504476376,0.9957597557454488,0.9941070956595655,0.9937147332663347,0.9913439301840021,0.9902829329792746,0.9906206292942138
2,4,1.9472365065543882,0.5508409321175278,4935,2.145047270334684,0.4537712895377129,822,2.1439815176942476,0.4461,0.9978562770112843,0.08365140395908208,,,0.9498639587833102,,0.9498796648012294,0.05012033519877057,0.9865458259465646,0.09958724757345831,5,0.001,0.1,0.9860906822867765,0.9928054195411061,0.9953600344066882,0.9972113171101925,1.0,0.9951280290079322,0.9956186817724579,0.9937473872679995,0.994869617570186,0.9916405766512966,0.9894622908893433,0.992734026199214
2,5,1.9668966619935755,0.5472466252410542,4667,2.1417487621307374,0.42159383033419023,778,2.1439811779668156,0.4461,0.9983585154517662,0.08369887612290064,,,0.9562596648769545,,0.9562830438522728,0.04371695614772719,0.9865561080236034,0.09958740652652573,5,0.001,0.1,0.9824424928934137,0.9934791881451006,0.9942147505442187,0.9961820504476376,0.9951280290079322,1.0,0.996479678915553,0.9957997694062382,0.9952930308714193,0.9947288605631112,0.9934350411859241,0.9934527420467719
2,6,1.9782554103646959,0.5717493824388054,4453,2.1418377260367074,0.4326145552560647,742,2.143985800088023,0.446,0.9982293192602932,0.08359234639447541,,,0.9419074049747611,,0.9419298093001227,0.05807019069987729,0.9865464766747359,0.09958689988903219,5,0.001,0.1,0.9822522836653337,0.9913076234569039,0.9940578734360304,0.9957597557454488,0.9956186817724579,0.996479678915553,1.0,0.995342255333508,0.9962411402144062,0.9951828726855605,0.9924602330015746,0.9943970157005292
2,7,1.9957179548135444,0.5350479307926116,4277,2.143669729647429,0.42075736325385693,713,2.1439891615614726,0.4461,0.9970085877615308,0.08345987547631979,,,0.9240602080002,,0.9240825045186108,0.07591749548138915,0.9865255121060015,0.0995858770794208,5,0.001,0.1,0.9776986970933689,0.988506976338686,0.991148652024825,0.9941070956595655,0.9937473872679995,0.9957997694062382,0.995342255333508,1.0,0.9946726243111123,0.9945129028006224,0.9952480749531818,0.9937023515553683
2,8,2.0037738508444565,0.5338822959554371,4129,2.146154111081904,0.44622093023255816,688,2.1440012515924227,0.4459,0.9968915273670687,0.08329075511993948,,,0.9012754009289479,,0.9012961405747093,0.0987038594252907,0.98649817938329,0.09958309461252607,5,0.001,0.1,0.9775864048661231,0.9883650964498525,0.9902821420598361,0.9937147332663347,0.994869617570186,0.9952930308714193,0.9962411402144062,0.9946726243111123,1.0,0.9933659213809123,0.9931117548441013,0.9955976804539336
2,9,2.016078387744843,0.5574606348412897,4001,2.1478765919094993,0.424287856071964,667,2.1440014146006527,0.4459,0.9955748009674218,0.08324633715263915,,,0.8952911726722423,,0.895303544330714,0.10469645566928598,0.9864779447032008,0.0995816602859191,5,0.001,0.1,0.9741578308864416,0.9860532105260446,0.9893369463322771,0.9913439301840021,0.9916405766512966,0.9947288605631112,0.9951828726855605,0.9945129028006224,0.9933659213809123,1.0,0.9926489836711435,0.9943730007741451
2,10,2.02085933001315,0.4935973257906917,3889,2.1390836125328425,0.4645061728395062,648,2.1440281639464747,0.4458,0.9937634970029396,0.08304347141085446,,,0.8679600051720006,,0.8679744058147515,0.1320255941852485,0.9862711586247889,0.0995702181423052,5,0.001,0.1,0.9687342612033872,0.9831967390220795,0.9850438189758267,0.9902829329792746,0.9894622908893433,0.9934350411859241,0.9924602330015746,0.9952480749531818,0.9931117548441013,0.9926489836711435,1.0,0.9920482348488371
2,11,2.0355096346189994,0.5268266948034819,3791,2.152819776535034,0.42563291139240506,632,2.144016818878369,0.4459,0.9949420926938248,0.08311732001149945,,,0.8779092871756069,,0.877929847962034,0.122070152037966,0.9863604509098756,0.09957805323131928,5,0.001,0.1,0.9722456880301854,0.9834905345611872,0.9871238028559813,0.9906206292942138,0.992734026199214,0.9934527420467719,0.9943970157005292,0.9937023515553683,0.9955976804539336,0.9943730007741451,0.9920482348488371,1.0
3,0,1.4867383397506833,0.637399561723886,8214,2.0641790600710137,0.5018261504747992,1369,2.065793631556697,0.4955,0.9900393619553423,0.0823945472703651,,,0.75,,0.7500024163694532,0.2499975836305468,0.992151157224361,0.09958564154088217,5,0.001,0.1,1.0,0.995106376240103,0.9939476167451955,0.9914795477411277,0.9888829484461672,0.9864664509440344,0.986512240761697,0.9834016631318057,0.9830341728537295,0.9800752361759528,0.9766271083220065,0.9790815694049936
3,1,1.6242434616227752,0.5928202007909948,6574,2.0611152035849436,0.5145985401459854,1096,2.065337761522482,0.4954,0.9968283763821943,0.0833228905766475,,,0.9094885752120703,,0.9095069639767642,0.09049303602323577,0.9925272815764613,0.09969272915841287,5,0.001,0.1,0.995106376240103,1.0,0.9973414703054393,0.9969537305684162,0.9950586042256335,0.9953121042130965,0.9941796696779971,0.9923364585009272,0.9918183641493508,0.990310619795139,0.9883523154179269,0.9889390255972687
3,2,1.6713992640458417,0.6392529828808576,5783,2.06302132145051,0.529045643153527,964,2.0653209084519943,0.4954,0.9977132286587426,0.08352566003884015,,,0.9443241930301473,,0.9443413460144402,0.0556586539855598,0.9925662063827406,0.09969606960464987,5,0.001,0.1,0.9939476167451955,0.9973414703054393,1.0,0.9976779144844742,0.9966570663017509,0.9955999661211032,0.995743789032904,0.9939219873230813,0.9930765127366487,0.9919173552819734,0.9894497632976601,0.9909287505979607
3,3,1.7252974314861986,0.6026480045394363,5287,2.072920160634177,0.47219069239500566,881,2.0653175820176974,0.4954,0.9986641663891553,0.0836751125205786,,,0.9699999998282008,,0.9700176878243976,0.029982312175602432,0.9925855347121592,0.09969722802086654,5,0.001,0.1,0.9914795477411277,0.9969537305684162,0.9976779144844742,1.0,0.9979173663924215,0.9970038395244571,0.9968210047121023,0.9955031187347368,0.9951710411929204,0.9934894194615014,0.9925768080763459,0.9930074503926355
3,4,1.7743491182019633,0.603323201621074,4935,2.0653181626246524,0.4927007299270073,822,2.0653197102653333,0.4954,0.9984143926319882,0.0835753336205023,,,0.9528580712962621,,0.9528759629232271,0.04712403707677293,0.9925846871085781,0.09969670315846677,5,0.001,0.1,0.9888829484461672,0.9950586042256335,0.9966570663017509,0.9979173663924215,1.0,0.9965314216795528,0.9969459077641895,0.9954795207269578,0.9954647430349322,0.9944860876456838,0.9925528243853923,0.9946140765256349
3,5,1.7982508897781373,0.5925862438397257,4667,2.063240089416504,0.480719794344473,778,2.065319266943886,0.4954,0.9988314660126941,0.08361793349842668,,,0.9601766933926228,,0.9601975623664956,0.03980243763350444,0.9925831486492377,0.09969699277263597,5,0.001,0.1,0.9864664509440344,0.9953121042130965,0.9955999661211032,0.9970038395244571,0.9965314216795528,1.0,0.9977168224722495,0.9969655601870187,0.9968435739015128,0.9961632734656417,0.9953540703926934,0.9956062082229754
3,6,1.8092888517039163,0.6128452728497642,4453,2.0614776561657586,0.4838274932614555,742,2.0653248198877887,0.4954,0.9987378761616059,0.08354954169527616,,,0.9484270409021651,,0.9484491740849209,0.05155082591507909,0.9925692873110251,0.09969641732526704,5,0.001,0.1,0.986512240761697,0.9941796696779971,0.995743789032904,0.9968210047121023,0.9969459077641895,0.9977168224722495,1.0,0.9966408516689317,0.9972927814949976,0.9963485867808427,0.9943669118653483,0.9958756193242977
3,7,1.8340029412241123,0.595884966097732,4277,2.0635937815127163,0.485273492286115,713,2.065329486950518,0.4954,0.9978632946898571,0.08344000883374873,,,0.9296093902489095,,0.9296208233054001,0.07037917669459992,0.9925621293179916,0.09969485166359969,5,0.001,0.1,0.9834016631318057,0.9923364585009272,0.9939219873230813,0.9955031187347368,0.9954795207269578,0.9969655601870187,0.9966408516689317,1.0,0.9961772249355948,0.9960608531733787,0.9961392288899112,0.9953422887995155
3,8,1.8453110969983615,0.5761685638169048,4129,2.0673715634779497,0.48546511627906974,688,2.065348936726872,0.4954,0.9976708689425533,0.0833300178984343,,,0.9107130429161645,,0.9107344796590019,0.0892655203409981,0.9925290525854289,0.09969331118880038,5,0.001,0.1,0.9830341728537295,0.9918183641493508,0.9930765127366487,0.9951710411929204,0.9954647430349322,0.9968435739015128,0.9972927814949976,0.9961772249355948,1.0,0.9953334310583509,0.995186979239785,0.9962719099563734
3,9,1.862075836885543,0.6096475881029743,4001,2.0706894511268255,0.47976011994003,667,2.0653518175545593,0.4954,0.9968485997546415,0.08327620594053826,,,0.9014681952007433,,0.9014846173920608,0.09851538260793924,0.9925165334037662,0.09969164770606248,5,0.001,0.1,0.9800752361759528,0.990310619795139,0.9919173552819734,0.9934894194615014,0.9944860876456838,0.9961632734656417,0.9963485867808427,0.9960608531733787,0.9953334310583509,1.0,0.9951732443953116,0.996459681514967
3,10,1.868948531737093,0.5507842633067627,3889,2.0583084651402066,0.5123456790123457,648,2.0654014482284886,0.4954,0.9955494692650178,0.08310976586800542,,,0.8728739350312387,,0.8728893012826089,0.1271106987173911,0.9924989204022071,0.09968115208905474,5,0.001,0.1,0.9766271083220065,0.9883523154179269,0.9894497632976601,0.9925768080763459,0.9925528243853923,0.9953540703926934,0.9943669118653483,0.9961392288899112,0.995186979239785,0.9951732443953116,1.0,0.9944844192871681
3,11,1.8875517446453831,0.5838565022421525,3791,2.075889563560486,0.48575949367088606,632,2.065377495921077,0.4954,0.9964133863984845,0.08318298223863652,,,0.8854524440323045,,0.8854737533949991,0.11452624660500088,0.9925084566895447,0.0996891578255298,5,0.001,0.1,0.9790815694049936,0.9889390255972687,0.9909287505979607,0.9930074503926355,0.9946140765256349,0.9956062082229754,0.9958756193242977,0.9953422887995155,0.9962719099563734,0.996459681514967,0.9944844192871681,1.0
4,0,1.3520769581256673,0.6598490382274166,8214,1.9718906796255777,0.5544192841490139,1369,1.9732548840129718,0.5501,0.9911352278737366,0.08255848013052793,,,0.75,,0.7500024163694532,0.2499975836305468,0.9961960397188516,0.0996048881344422,5,0.001,0.1,1.0,0.995513988596341,0.9941553663652246,0.9921299867532216,0.9897993415134458,0.9879427646869257,0.9877800206496153,0.9854123012914435,0.985044517692519,0.982272067578756,0.9800255921951909,0.9815169426904985
4,1,1.4752516313663964,0.6266808640097353,6574,1.9687658514295305,0.5684306569343066,1096,1.9724754407383,0.55,0.9971646669156656,0.08332276347083252,,,0.9138701189598428,,0.9138902581649124,0.08610974183508757,0.9964114968995771,0.09972553997463397,5,0.001,0.1,0.995513988596341,1.0,0.9971389130805322,0.9969347957602498,0.9952191598568343,0.9956340547150434,0.9947151031167425,0.9933386011541583,0.9930426757452792,0.9912550807517666,0.9903257355491838,0.9905364654318328
4,2,1.509551931744781,0.6621476742175342,5783,1.9695380733859154,0.5705394190871369,964,1.9724497421861837,0.55,0.9979254278858953,0.08347173827786554,,,0.9458118322788736,,0.9458394950754391,0.054160504924560926,0.9964290232647091,0.09972904557663642,5,0.001,0.1,0.9941553663652246,0.9971389130805322,1.0,0.9976843104818253,0.9968945570216662,0.9960801953039164,0.9960608874328892,0.9946636526761716,0.9943443918004822,0.9927303009814596,0.9911073113234519,0.9918678263299281
4,3,1.5610150962708944,0.637072063552109,5287,1.9824785164424352,0.5380249716231555,881,1.9724428882233251,0.5501,0.9985793573726051,0.08358455087344564,,,0.9699999997855898,,0.9700176878243976,0.029982312175602432,0.9964439461143454,0.09972991654564513,5,0.001,0.1,0.9921299867532216,0.9969347957602498,0.9976843104818253,1.0,0.9977871056537102,0.9970507127989681,0.9968869258388481,0.9958682018179241,0.9957050940298924,0.9936333510242122,0.9934299315293499,0.9934163856557494
4,4,1.6112911138996002,0.6331914893617021,4935,1.9711480828431935,0.5523114355231143,822,1.972448963326768,0.5502,0.9984751662804731,0.08351996740002765,,,0.9561526464367278,,0.9561670581185181,0.0438329418814819,0.996427288970599,0.09972942542156416,5,0.001,0.1,0.9897993415134458,0.9952191598568343,0.9968945570216662,0.9977871056537102,1.0,0.996741480606049,0.9970794878186129,0.9960073517701296,0.9962394137537546,0.9948172708192076,0.993670871531396,0.9950065696877676
4,5,1.6346406899086416,0.6221127062352689,4667,1.9709664916992187,0.538560411311054,778,1.972445716111424,0.5501,0.9988912911513937,0.08355954184563288,,,0.9646378099449563,,0.9646533476382405,0.03534665236175949,0.9964405135010068,0.09972973736404792,5,0.001,0.1,0.9879427646869257,0.9956340547150434,0.9960801953039164,0.9970507127989681,0.996741480606049,1.0,0.9979324982952631,0.9972819870251737,0.997230218991283,0.9963877309141043,0.995790830497236,0.9961575651567808
4,6,1.6417913600376675,0.6407814956209297,4453,1.966805060704549,0.5283018867924528,742,1.972453387781454,0.55,0.9987865506842467,0.08351419805980752,,,0.9549156412341597,,0.9549395424362803,0.04506045756371968,0.9964296795965134,0.09972941701833804,5,0.001,0.1,0.9877800206496153,0.9947151031167425,0.9960608874328892,0.9968869258388481,0.9970794878186129,0.9979324982952631,1.0,0.997174873394258,0.9976994606656209,0.9962850664689648,0.9951652866678152,0.9961948926378977
4,7,1.6705313364071632,0.6338087444470423,4277,1.9691683364951091,0.5301542776998598,713,1.97246076123783,0.55,0.9981351328756026,0.08342595909460603,,,0.9359963099313221,,0.9360145368786306,0.06398546312136943,0.9964121451476013,0.09972775665003591,5,0.001,0.1,0.9854123012914435,0.9933386011541583,0.9946636526761716,0.9958682018179241,0.9960073517701296,0.9972819870251737,0.997174873394258,1.0,0.9970650945774364,0.9961485700863378,0.9963222408064191,0.9958877465701973
4,8,1.6817344095156743,0.6214579801404698,4129,1.9741036837751216,0.5465116279069767,688,1.9724904519681352,0.55,0.9982088272643517,0.0833608543270347,,,0.9220371858157635,,0.9220575869168093,0.07794241308319072,0.996401107214831,0.09972646792628426,5,0.001,0.1,0.985044517692519,0.9930426757452792,0.9943443918004822,0.9957050940298924,0.9962394137537546,0.997230218991283,0.9976994606656209,0.9970650945774364,1.0,0.996159946698787,0.9962879845574206,0.9972353568189518
4,9,1.6990360231626602,0.6363909022744314,4001,1.9794701508113317,0.5427286356821589,667,1.9724939318891532,0.55,0.9970190740846705,0.08328941883039725,,,0.9067206890211732,,0.9067474700611825,0.0932525299388175,0.9964045634359583,0.0997245663113666,5,0.001,0.1,0.982272067578756,0.9912550807517666,0.9927303009814596,0.9936333510242122,0.9948172708192076,0.9963877309141043,0.9962850664689648,0.9961485700863378,0.996159946698787,1.0,0.9957006566430475,0.9964176479232159
4,10,1.7108013424717012,0.5896117253792749,3889,1.96271090280442,0.5740740740740741,648,1.9725630005327657,0.5501,0.9963334508559165,0.08316516011534521,,,0.8800783571220361,,0.8800997477310291,0.11990025226897094,0.9963476255110677,0.09971906812497185,5,0.001,0.1,0.9800255921951909,0.9903257355491838,0.9911073113234519,0.9934299315293499,0.993670871531396,0.995790830497236,0.9951652866678152,0.9963222408064191,0.9962879845574206,0.9957006566430475,1.0,0.9957706034381993
4,11,1.7297673864524905,0.6180954893168029,3791,1.9850373566150665,0.5411392405063291,632,1.9725282782563767,0.5499,0.9968687507306316,0.083227367574477,,,0.8934162688499752,,0.8934332743739187,0.10656672562608127,0.9963996256622891,0.09972201426300015,5,0.001,0.1,0.9815169426904985,0.9905364654318328,0.9918678263299281,0.9934163856557494,0.9950065696877676,0.9961575651567808,0.9961948926378977,0.9958877465701973,0.9972353568189518,0.9964176479232159,0.9957706034381993,1.0
5,0,1.243562846007514,0.680618456294132,8214,1.8666413772937864,0.5982468955441929,1369,1.867774109109141,0.5982,0.9914331684630461,0.0826657914748706,,,0.97,,0.9700176878243976,0.029982312175602432,0.9963222939390922,0.09973875502186086,5,0.001,0.1,1.0,0.9954411695960018,0.9939266466577424,0.9921243864820134,0.9898119721654203,0.9880820867319999,0.9882062266806132,0.9860044104336279,0.9849838347470926,0.9832691202870832,0.9819551120290335,0.9824052680001882
5,1,1.352080540633896,0.6457560085184059,6574,1.863787978036063,0.6122262773722628,1096,1.8668291938190642,0.5995,0.9972319667073061,0.08332194571013794,,,0.97,,0.9700176878243976,0.029982312175602432,0.997631158167346,0.09973875502186086,5,0.001,0.1,0.9954411695960018,1.0,0.9973491557121579,0.996650434750646,0.9951434829344035,0.995462189405122,0.9950478958224386,0.9936812335479664,0.9928588210066719,0.9918483450771787,0.9912741147134746,0.9907722055645898
5,2,1.3737712234423305,0.6802697561819125,5783,1.863146343538838,0.6161825726141079,964,1.8668044896933218,0.5995,0.9981798119304057,0.08344395206096515,,,0.97,,0.9700176878243976,0.029982312175602432,0.9976728523677811,0.09973875502186086,5,0.001,0.1,0.9939266466577424,0.9973491557121579,1.0,0.9974515551683006,0.9970191222887447,0.9961940557473506,0.9964040878481579,0.9949916246149385,0.9941908945017038,0.993561921435093,0.9929600972783075,0.9927989591223817
5,3,1.4210662986140654,0.6621902780404766,5287,1.879480323621205,0.5698070374574348,881,1.8667958932943618,0.5995,0.9984402530480323,0.08352157520184655,,,0.97,,0.9700176878243976,0.029982312175602432,0.9976771756898346,0.09973875502186086,5,0.001,0.1,0.9921243864820134,0.996650434750646,0.9974515551683006,1.0,0.9974834176508655,0.9968410978395877,0.9968303831137627,0.9957231383280547,0.9951777363387349,0.9939106181509141,0.994257293998896,0.9934937223922586
5,4,1.4695210151518545,0.656048632218845,4935,1.8638820694043086,0.6143552311435523,822,1.8668041335888945,0.5995,0.9983806928499721,0.08348002841053949,,,0.97,,0.9700176878243976,0.029982312175602432,0.997677288458598,0.09973875502186086,5,0.001,0.1,0.9898119721654203,0.9951434829344035,0.9970191222887447,0.9974834176508655,1.0,0.9965755040147883,0.9971183825920612,0.9960645440554724,0.9953858333352588,0.9949881890132608,0.9948258986885788,0.9947985795096413
5,5,1.4900175717595505,0.6430683522605528,4667,1.8665613174438476,0.5745501285347043,778,1.8667998538611414,0.5995,0.9988152409210128,0.08351834019485824,,,0.97,,0.9700176878243976,0.029982312175602432,0.9976748102027859,0.09973875502186086,5,0.001,0.1,0.9880820867319999,0.995462189405122,0.9961940557473506,0.9968410978395877,0.9965755040147883,1.0,0.9981427413118216,0.997020686071551,0.9967488802634364,0.996706747749359,0.9963150001216015,0.996314641271455
5,6,1.493632984501975,0.6534471143049629,4453,1.8592787732680638,0.5902964959568733,742,1.8668032781765485,0.5995,0.9988815718186718,0.08349266254427655,,,0.97,,0.9700176878243976,0.029982312175602432,0.9976771482904787,0.09973875502186086,5,0.001,0.1,0.9882062266806132,0.9950478958224386,0.9964040878481579,0.9968303831137627,0.9971183825920612,0.9981427413118216,1.0,0.997221316657545,0.9971778087498322,0.9966052977856713,0.9961185524997196,0.9963246082941073
5,7,1.521760233569501,0.6570960953939677,4277,1.8619038436723792,0.6002805049088359,713,1.8668110801008182,0.5995,0.9980685592402716,0.08341227297326431,,,0.97,,0.9700176878243976,0.029982312175602432,0.997659123368123,0.09973875502186086,5,0.001,0.1,0.9860044104336279,0.9936812335479664,0.9949916246149385,0.9957231383280547,0.9960645440554724,0.997020686071551,0.997221316657545,1.0,0.9966187687758037,0.9960931825763604,0.9964501766477123,0.9955905708248952
5,8,1.5326085869165567,0.6454831678372487,4129,1.8679975433783098,0.5973837209302325,688,1.8668494277868788,0.5994,0.9978456490828216,0.08336513165985747,,,0.97,,0.9700176878243976,0.029982312175602432,0.9976443339406351,0.09973875502186086,5,0.001,0.1,0.9849838347470926,0.9928588210066719,0.9941908945017038,0.9951777363387349,0.9953858333352588,0.9967488802634364,0.9971778087498322,0.9966187687758037,1.0,0.9962428565892313,0.9966345593190594,0.9967720469191125
5,9,1.5482289362521398,0.6611347163209198,4001,1.875590097336542,0.5907046476761619,667,1.8668489886548953,0.5994,0.9973105516803591,0.0833040255233918,,,0.97,,0.9700176878243976,0.029982312175602432,0.9976252595615263,0.09973875502186086,5,0.001,0.1,0.9832691202870832,0.9918483450771787,0.993561921435093,0.9939106181509141,0.9949881890132608,0.996706747749359,0.9966052977856713,0.9960931825763604,0.9962428565892313,1.0,0.996450830577147,0.9967049121577309
5,10,1.5628545198284212,0.6172280791977373,3889,1.8537608839216686,0.6203703703703703,648,1.866949739166723,0.5992,0.9970621364657563,0.08321976823276064,,,0.97,,0.9700176878243976,0.029982312175602432,0.9975510651778945,0.09973875502186086,5,0.001,0.1,0.9819551120290335,0.9912741147134746,0.9929600972783075,0.994257293998896,0.9948258986885788,0.9963150001216015,0.9961185524997196,0.9964501766477123,0.9966345593190594,0.996450830577147,1.0,0.9961614057017947
5,11,1.5812859882827566,0.6346082827749934,3791,1.881331241130829,0.6060126582278481,632,1.8669054169243517,0.5994,0.9969559753642873,0.08325450601323127,,,0.97,,0.9700176878243976,0.029982312175602432,0.9975930667256873,0.09973875502186086,5,0.001,0.1,0.9824052680001882,0.9907722055645898,0.9927989591223817,0.9934937223922586,0.9947985795096413,0.996314641271455,0.9963246082941073,0.9955905708248952,0.9967720469191125,0.9967049121577309,0.9961614057017947,1.0
6,0,1.1552801433704243,0.690844898953007,8214,1.7511434749115344,0.6289262235208181,1369,1.7520265788696825,0.6385,0.9915215785453153,0.08273637358539193,,,0.97,,0.9700176878243976,0.029982312175602432,0.998167194598997,0.09973273309546156,5,0.001,0.1,1.0,0.9953689033537985,0.9936465102358131,0.9918919008102001,0.989774658357453,0.9880028960504478,0.9881321354751916,0.9861299776126521,0.985280073849598,0.9833254607335358,0.9825342887892431,0.9824670564056706
6,1,1.2520821714285508,0.6608153331305141,6574,1.7487993240356445,0.656934306569343,1096,1.7509300350762023,0.6391,0.9971402749024427,0.08332038566640397,,,0.97,,0.9700176878243976,0.029982312175602432,0.998167194598997,0.09973273309546156,5,0.001,0.1,0.9953689033537985,1.0,0.9970225757452468,0.9963259664314865,0.995050632497283,0.9950363094260488,0.9946468672910913,0.9934033710344066,0.9929874845906077,0.9917348458919371,0.9914768826212486,0.9906690930703901
6,2,1.261487597194166,0.6924433684938613,5783,1.746424686524176,0.6441908713692946,964,1.7509046690151715,0.6394,0.9980920569479798,0.08342597574107218,,,0.97,,0.9700176878243976,0.029982312175602432,0.998167194598997,0.09973273309546156,5,0.001,0.1,0.9936465102358131,0.9970225757452468,1.0,0.9973380300175224,0.9970585435985244,0.9959023517720645,0.9960648396651691,0.9947991347183618,0.9942163631849231,0.9932542932838498,0.9931670820038756,0.9926183738150921
6,3,1.3039729147072299,0.6774730470966521,5287,1.766392516238349,0.6072644721906924,881,1.7508947620757471,0.6394,0.99835940569386,0.08348223362452485,,,0.97,,0.9700176878243976,0.029982312175602432,0.998167194598997,0.09973273309546156,5,0.001,0.1,0.9918919008102001,0.9963259664314865,0.9973380300175224,1.0,0.9974542935370964,0.9966294128512883,0.9965172808365323,0.9957518062977581,0.9949798766872743,0.993703980873742,0.9942967633911294,0.9933798231465224
6,4,1.3481703449064686,0.6703951367781155,4935,1.7459733898823078,0.6435523114355232,822,1.7509052250712824,0.6394,0.9982869980774651,0.08345440491499202,,,0.97,,0.9700176878243976,0.029982312175602432,0.998167194598997,0.09973273309546156,5,0.001,0.1,0.989774658357453,0.995050632497283,0.9970585435985244,0.9974542935370964,1.0,0.9962746890186568,0.9968081099445095,0.9957341138393419,0.995215238795774,0.9946001926697957,0.9948148650122444,0.994604069556905
6,5,1.3662115123173961,0.6603814013284766,4667,1.7525048732757569,0.6169665809768637,778,1.7508999307315571,0.6394,0.9987229492843602,0.08349198819208332,,,0.97,,0.9700176878243976,0.029982312175602432,0.998167194598997,0.09973273309546156,5,0.001,0.1,0.9880028960504478,0.9950363094260488,0.9959023517720645,0.9966294128512883,0.9962746890186568,1.0,0.9978217579606055,0.9969855791947124,0.9967148422325622,0.9966608166281204,0.996376424228108,0.9961899211298245
6,6,1.367309850028583,0.6704693465079722,4453,1.7415421456098557,0.6428571428571429,742,1.7509012546021336,0.6394,0.9987095305698376,0.08347580065271448,,,0.97,,0.9700176878243976,0.029982312175602432,0.998167194598997,0.09973273309546156,5,0.001,0.1,0.9881321354751916,0.9946468672910913,0.9960648396651691,0.9965172808365323,0.9968081099445095,0.9978217579606055,1.0,0.9970858183330487,0.9970084789124389,0.996379109235187,0.9960201559651473,0.9959495852054013
6,7,1.3929063049714956,0.6710778583119008,4277,1.7445568727410359,0.6535764375876578,713,1.750907914707074,0.6391,0.997997613897912,0.08340348969097205,,,0.97,,0.9700176878243976,0.029982312175602432,0.998167194598997,0.09973273309546156,5,0.001,0.1,0.9861299776126521,0.9934033710344066,0.9947991347183618,0.9957518062977581,0.9957341138393419,0.9969855791947124,0.9970858183330487,1.0,0.9964961963583749,0.9959024948280765,0.9962363179424616,0.9953826855645609
6,8,1.4032090702423683,0.6563332526035359,4129,1.751141298900951,0.6351744186046512,688,1.7509547776688401,0.639,0.9978483539859327,0.08336974685020793,,,0.97,,0.9700176878243976,0.029982312175602432,0.998167194598997,0.09973273309546156,5,0.001,0.1,0.985280073849598,0.9929874845906077,0.9942163631849231,0.9949798766872743,0.995215238795774,0.9967148422325622,0.9970084789124389,0.9964961963583749,1.0,0.9958626811539066,0.9965835504037829,0.9967774485089005
6,9,1.4188677558350185,0.6753811547113222,4001,1.7613466523942494,0.631184407796102,667,1.750950583634666,0.639,0.997177100449808,0.0833105800930244,,,0.97,,0.9700176878243976,0.029982312175602432,0.998167194598997,0.09973273309546156,5,0.001,0.1,0.9833254607335358,0.9917348458919371,0.9932542932838498,0.993703980873742,0.9946001926697957,0.9966608166281204,0.996379109235187,0.9959024948280765,0.9958626811539066,1.0,0.9964862643378978,0.9961721895348117
6,10,1.4315727487939303,0.639650295705837,3889,1.7339159420558385,0.6697530864197531,648,1.7510743167834542,0.639,0.9971794079021509,0.08325895950690528,,,0.97,,0.9700176878243976,0.029982312175602432,0.998167194598997,0.09973273309546156,5,0.001,0.1,0.9825342887892431,0.9914768826212486,0.9931670820038756,0.9942967633911294,0.9948148650122444,0.996376424228108,0.9960201559651473,0.9962363179424616,0.9965835504037829,0.9964862643378978,1.0,0.9961135992955222
