round,client_id,client_i_training_loss,client_i_training_accuracy,client_i_training_dataset_size,client_i_evaluation_loss,client_i_evaluation_accuracy,client_i_evaluation_dataset_size,client_i_central_evaluation_loss,client_i_central_evaluation_accuracy,client_i_cosine_similarity,client_i_importance_coefficient,client_i_tanh_val,tanh_normalization_value,client_i_q,client_i_mask_order,client_i_v_nonzero_fraction,client_i_v_sparsity,client_i_v_cosine_similarity,client_i_reward_gradient_norm,local_epochs,learning_rate,gamma,client_0_cosine_similarity,client_1_cosine_similarity,client_2_cosine_similarity,client_3_cosine_similarity,client_4_cosine_similarity,client_5_cosine_similarity,client_6_cosine_similarity,client_7_cosine_similarity,client_8_cosine_similarity,client_9_cosine_similarity,client_10_cosine_similarity,client_11_cosine_similarity
0,0,2.2036652955744,0.19072315558802044,6845,2.298815748908303,0.13659605551497445,1369,2.2976540342161926,0.1434,0.9019500833499167,0.07921038483732222,,,0.6,,0.6000148536911423,0.39998514630885773,0,0.14175003555951846,10,0.025,0.15,1.0,0.9394742443229369,0.8811466372415915,0.8864513756652979,0.8470742194461701,0.824786144453766,0.8006383653075123,0.7874146241401234,0.7813279321106219,0.7760906241227726,0.7742683185249088,0.7368863095285463
0,1,2.2452657624732617,0.18278568820737495,5478,2.2976873450809054,0.1322992700729927,1096,2.2976218839234943,0.1439,0.9458207990994955,0.08306316598537246,,,0.8102061520197974,,0.810244095657771,0.189755904342229,0,0.14209173652681184,10,0.025,0.15,0.9394742443229369,1.0,0.9452812216651156,0.9206800696407286,0.9036185535444952,0.8904923429689959,0.8585103365059156,0.8421870476262675,0.8313264215265318,0.8507500347546704,0.8358562844823557,0.7946248278484523
0,2,2.2821072578430175,0.14910788381742737,4820,2.2978506684303284,0.14522821576763487,964,2.2976199946826017,0.1437,0.9709536595018672,0.08527036523207648,,,0.9306300335126372,,0.9306662705682363,0.06933372943176375,0,0.14211088078353343,10,0.025,0.15,0.8811466372415915,0.9452812216651156,1.0,0.9440894860870207,0.9452159006996391,0.9354384213078809,0.9179060620072219,0.8923459905417579,0.9000620012713777,0.8994328889197907,0.8835083857387479,0.8656521934826293
0,3,2.285773742539542,0.13683613254652746,4406,2.2967025211879184,0.15777525539160045,881,2.297620003736472,0.1437,0.9695410633029011,0.08514630926644669,,,0.9238615911412513,,0.9238995890478784,0.07610041095212161,0,0.14211069171423374,10,0.025,0.15,0.8864513756652979,0.9206800696407286,0.9440894860870207,1.0,0.9452494993427093,0.9215491902358279,0.9126309128496549,0.9039034987662421,0.9143535478308514,0.9044085096102829,0.8983478262939075,0.8571328485445826
0,4,2.2917223598017835,0.1525535019455253,4112,2.2973431178501675,0.145985401459854,822,2.297619861892507,0.1437,0.9770832681577872,0.08580867513358933,,,0.9599999999454404,,0.9600270667260814,0.0399729332739186,0,0.14211135108329548,10,0.025,0.15,0.8470742194461701,0.9036185535444952,0.9452159006996391,0.9452494993427093,1.0,0.9629722902720321,0.935118519830259,0.9350605941682073,0.9206430933972675,0.9205938392819495,0.9344418100100336,0.9149898105002274
0,5,2.292025263078751,0.15140138853175625,3889,2.295515401022775,0.15167095115681234,778,2.2976199946826017,0.1437,0.9705869048833379,0.08523815638259484,,,0.9288727319555665,,0.9289168358337047,0.07108316416629534,0,0.1421108387094102,10,0.025,0.15,0.824786144453766,0.8904923429689959,0.9354384213078809,0.9215491902358279,0.9629722902720321,1.0,0.9353461480735004,0.9445796894473864,0.907439652216283,0.9346442510297758,0.9495456112156562,0.9122694318356755
0,6,2.294849056211011,0.16707087038534088,3711,2.2985939582188926,0.14824797843665768,742,2.297620670704902,0.1437,0.9576003286419271,0.08409765900830468,,,0.8666476651205242,,0.8666716178970474,0.13332838210295261,0,0.14210467640817492,10,0.025,0.15,0.8006383653075123,0.8585103365059156,0.9179060620072219,0.9126309128496549,0.935118519830259,0.9353461480735004,1.0,0.9423091050011069,0.9357129063651203,0.9325793181073101,0.9274181084801909,0.9010492304834002
0,7,2.2953767844608852,0.11820987654320987,3564,2.2972031037012735,0.1388499298737728,713,2.2976211022727098,0.1438,0.9490820192640576,0.08334957042065426,,,0.8258322600047936,,0.8258734795596706,0.1741265204403294,0,0.14209752801281103,10,0.025,0.15,0.7874146241401234,0.8421870476262675,0.8923459905417579,0.9039034987662421,0.9350605941682073,0.9445796894473864,0.9423091050011069,1.0,0.9310153715347572,0.9187743036902459,0.9292078898323047,0.8906885239279817
0,8,2.294916460249159,0.14786399302528336,3441,2.297112782796224,0.1555232558139535,688,2.2976195600968374,0.144,0.9381008761077282,0.08238519268908846,,,0.7732162083122088,,0.7732501526629367,0.22674984733706327,0,0.14206501532254787,10,0.025,0.15,0.7813279321106219,0.8313264215265318,0.9000620012713777,0.9143535478308514,0.9206430933972675,0.907439652216283,0.9357129063651203,0.9310153715347572,1.0,0.8845890541966683,0.8910558192133637,0.8818415020329976
0,9,2.2937881893581813,0.1374625074985003,3334,2.298383633295695,0.1469265367316342,667,2.2976221102702468,0.1439,0.944310997702083,0.08293057333759224,,,0.8029719517875571,,0.8030152993018765,0.19698470069812346,0,0.14208956172819043,10,0.025,0.15,0.7760906241227726,0.8507500347546704,0.8994328889197907,0.9044085096102829,0.9205938392819495,0.9346442510297758,0.9325793181073101,0.9187743036902459,0.8845890541966683,1.0,0.9402086148107834,0.9050064079198167
0,10,2.2962572033588704,0.14282628818265966,3241,2.300591468811035,0.13271604938271606,648,2.2976219020312345,0.1439,0.9452643248876362,0.08301429572382794,,,0.8075398106853896,,0.8075786833028007,0.1924213166971993,0,0.14209091053318015,10,0.025,0.15,0.7742683185249088,0.8358562844823557,0.8835083857387479,0.8983478262939075,0.9344418100100336,0.9495456112156562,0.9274181084801909,0.9292078898323047,0.8910558192133637,0.9402086148107834,1.0,0.934466000147363
0,11,2.2965016355514525,0.10810383032605254,3159,2.2977372646331786,0.1360759493670886,632,2.2976346227187143,0.1438,0.9164712513863713,0.08048565198313028,,,0.6695780500413947,,0.6696209007938473,0.3303790992061527,0,0.14193584876721446,10,0.025,0.15,0.7368863095285463,0.7946248278484523,0.8656521934826293,0.8571328485445826,0.9149898105002274,0.9122694318356755,0.9010492304834002,0.8906885239279817,0.8818415020329976,0.9050064079198167,0.934466000147363,1.0
1,0,2.0567118728602374,0.25931336742147554,6845,2.2886657498099585,0.17092768444119796,1369,2.2868767086463637,0.1814,0.9039269442441883,0.07849775990172016,,,0.6,,0.6000148536911423,0.39998514630885773,0.8923793781142562,0.14576790742227227,10,0.025,0.15,1.0,0.9483447886149123,0.9121642028719646,0.9159468136352688,0.8869439302984491,0.8763258138105436,0.8591829496492998,0.8544993283607693,0.8336378808018758,0.8469522817816549,0.8294136404312964,0.8070569486728822
1,1,2.0865433088568754,0.2553121577217963,5478,2.2868422667185464,0.16697080291970803,1096,2.2867632727079754,0.186,0.9591240178249538,0.08268182907875284,,,0.8193826828955,,0.8194368800646961,0.18056311993530394,0.8961808899725356,0.14613467173833897,10,0.025,0.15,0.9483447886149123,1.0,0.9604366443028503,0.957539773610735,0.9475389221412274,0.9411831094289084,0.9256552609278366,0.920072988836267,0.906238143723598,0.9178313166622403,0.9033584391941772,0.8833998411780858
1,2,2.142607889677349,0.22618257261410787,4820,2.286767899990082,0.20020746887966806,964,2.286758048624932,0.1858,0.9772601831887608,0.0846393800794363,,,0.9220226661902495,,0.9220593817563665,0.07794061824363352,0.8963026846123284,0.14615460448473655,10,0.025,0.15,0.9121642028719646,0.9604366443028503,1.0,0.9620662162063995,0.9675803725278758,0.9638471730013328,0.9570806030868653,0.949440011999682,0.938718767145444,0.9487744302990956,0.9365688393146503,0.9246921170143688
1,3,2.1385945888928006,0.23433953699500681,4406,2.285238368170602,0.2122587968217934,881,2.286757918852794,0.1858,0.9826557019880696,0.08473839188769917,,,0.9272141377496294,,0.927249921605519,0.072750078394481,0.8963010537692424,0.14615484823355912,10,0.025,0.15,0.9159468136352688,0.957539773610735,0.9620662162063995,1.0,0.9725606365868105,0.9667546398068692,0.9607846431215706,0.9627511940995358,0.9517791023655027,0.954382597081772,0.9488844442884197,0.9314430791264023
1,4,2.174891835270506,0.22769941634241245,4112,2.2861272607530867,0.1922141119221411,822,2.2867573152614544,0.1858,0.9892596029630815,0.08536368424739821,,,0.959999999947567,,0.9600270667260814,0.0399729332739186,0.8963114843365615,0.14615576285853518,10,0.025,0.15,0.8869439302984491,0.9475389221412274,0.9675803725278758,0.9725606365868105,1.0,0.9802972028628026,0.9730075794076394,0.9728919245902214,0.9673511733591975,0.9692683096660974,0.9662083709488887,0.9574267359881522
1,5,2.1774973234822674,0.2329904859861147,3889,2.2839207649230957,0.19408740359897173,778,2.286757680434215,0.1858,0.9881112693393723,0.08497303433408437,,,0.9395171105808902,,0.9395619811523164,0.06043801884768363,0.8963121844869031,0.1461553403000945,10,0.025,0.15,0.8763258138105436,0.9411831094289084,0.9638471730013328,0.9667546398068692,0.9802972028628026,1.0,0.9701500282418061,0.9732831848703613,0.969583963424885,0.9749470914200873,0.9705511106808967,0.9607357036877938
1,6,2.1920978480371938,0.22937213689032607,3711,2.2878536383310952,0.20080862533692723,742,2.286760254751278,0.1859,0.9863599699343741,0.08420984040319623,,,0.8995006756120629,,0.8995312835239557,0.10046871647604427,0.8962618582306653,0.14615305321891137,10,0.025,0.15,0.8591829496492998,0.9256552609278366,0.9570806030868653,0.9607846431215706,0.9730075794076394,0.9701500282418061,1.0,0.9803498590524224,0.9791759290760716,0.9770270963718405,0.9771351811059064,0.9680391995748483
1,7,2.2016779822962627,0.2032828282828283,3564,2.2865565617879233,0.16269284712482468,713,2.2867613563054725,0.1859,0.986407744826861,0.08374822685783333,,,0.8752969605782597,,0.8753445231139938,0.1246554768860062,0.8961588016602053,0.1461503998720348,10,0.025,0.15,0.8544993283607693,0.920072988836267,0.949440011999682,0.9627511940995358,0.9728919245902214,0.9732831848703613,0.9803498590524224,1.0,0.9815668330487095,0.9794390510505043,0.9822000570227565,0.9718336333946607
1,8,2.200738113897818,0.21694274920081372,3441,2.2851821184158325,0.18895348837209303,688,2.2867618391785443,0.1856,0.9808973777961094,0.08297158151322165,,,0.8345752296149,,0.8346289052829629,0.16537109471703715,0.8955319808293847,0.1461397840330935,10,0.025,0.15,0.8336378808018758,0.906238143723598,0.938718767145444,0.9517791023655027,0.9673511733591975,0.969583963424885,0.9791759290760716,0.9815668330487095,1.0,0.976955367381899,0.9806311371712103,0.9783487458196841
1,9,2.188568178371147,0.22489502099580083,3334,2.28774360815684,0.191904047976012,667,2.28676309464853,0.1861,0.9838672988884288,0.083406026130973,,,0.8573544002689082,,0.8574045650344111,0.1425954349655889,0.8961784071214455,0.14614582912065055,10,0.025,0.15,0.8469522817816549,0.9178313166622403,0.9487744302990956,0.954382597081772,0.9692683096660974,0.9749470914200873,0.9770270963718405,0.9794390510505043,0.976955367381899,1.0,0.9796510717647448,0.9734072406411802
1,10,2.2120988538632025,0.2170009256402345,3241,2.289732019106547,0.18364197530864199,648,2.2867626751525494,0.186,0.9800515517294554,0.08333352105814013,,,0.8535527524642006,,0.8535921176412339,0.14640788235876612,0.896194019899297,0.14614509255436403,10,0.025,0.15,0.8294136404312964,0.9033584391941772,0.9365688393146503,0.9488844442884197,0.9662083709488887,0.9705511106808967,0.9771351811059064,0.9822000570227565,0.9806311371712103,0.9796510717647448,1.0,0.979320003117661
1,11,2.221115533828735,0.20968660968660968,3159,2.287648916244507,0.16139240506329114,632,2.2867856206773203,0.1852,0.9698872527065847,0.0814367245075445,,,0.7540982983024955,,0.7541466554438778,0.24585334455612218,0.8945329549026103,0.14609328342479586,10,0.025,0.15,0.8070569486728822,0.8833998411780858,0.9246921170143688,0.9314430791264023,0.9574267359881522,0.9607357036877938,0.9680391995748483,0.9718336333946607,0.9783487458196841,0.9734072406411802,0.979320003117661,1.0
2,0,1.9728120415299026,0.2883710737764792,6845,2.2724004008553247,0.20745069393718044,1369,2.2697134229201303,0.2208,0.9185645653322788,0.07859287517530501,,,0.6,,0.6000148536911423,0.39998514630885773,0.966398320483533,0.1453977670644708,10,0.025,0.15,1.0,0.9491836163725493,0.9272970820739707,0.9251593902496078,0.9026448252653348,0.8923266178947548,0.8760243611454387,0.8698192887286553,0.8554279408339178,0.8568879158486467,0.8459523746961569,0.8217450259919511
2,1,1.994737558586653,0.28656443957648775,5478,2.269646485646566,0.20437956204379562,1096,2.2694474594502507,0.2205,0.9600820588500002,0.08253927138102751,,,0.8219406800391676,,0.8219950157614168,0.17800498423858324,0.9685939170501104,0.1458314685035267,10,0.025,0.15,0.9491836163725493,1.0,0.95654611651913,0.953687260162077,0.9451610672627945,0.936555686673399,0.9272441815787117,0.923444330637693,0.9149781660020411,0.9138162866643155,0.9007549457242502,0.8809102726633017
2,2,2.050127633935527,0.26464730290456434,4820,2.2693057358264923,0.22510373443983403,964,2.269431087035167,0.2206,0.9756473857632074,0.08425978076088593,,,0.9187001035420177,,0.9187503094518988,0.08124969054810116,0.9687792581750935,0.1458581657648036,10,0.025,0.15,0.9272970820739707,0.95654611651913,1.0,0.9580904536442137,0.9602891761634068,0.9581282057784346,0.9516179798359284,0.946261274032438,0.9393557894667335,0.9391341339696161,0.9283034060807297,0.9162474924655052
2,3,2.034430419376918,0.2709714026327735,4406,2.2666677747453963,0.24517593643586832,881,2.269430278222772,0.2207,0.9801558789221995,0.08446815490453168,,,0.9304188202477188,,0.9304599693023716,0.06954003069762837,0.9687773199884139,0.1458589448188162,10,0.025,0.15,0.9251593902496078,0.953687260162077,0.9580904536442137,1.0,0.9617733145520225,0.959866358213086,0.9567577712104223,0.9560134629238145,0.9484231955725158,0.9442087627337784,0.9439509956396874,0.9258329132873598
2,4,2.0781581676367558,0.25967898832684827,4112,2.268252577100481,0.22749391727493917,822,2.2694291253633136,0.2206,0.98440468251463,0.08499414705384227,,,0.9599999999437612,,0.9600270667260814,0.0399729332739186,0.9687798269556638,0.14586018037743592,10,0.025,0.15,0.9026448252653348,0.9451610672627945,0.9602891761634068,0.9617733145520225,1.0,0.9688188230831761,0.9658518858659453,0.9640190792040347,0.9613101806838197,0.9516897185879006,0.9530733998727232,0.9472415860563648
2,5,2.0759408993105732,0.2692723065055284,3889,2.265486410685948,0.2185089974293059,778,2.269429415087157,0.2207,0.9833212712122494,0.0847167669693856,,,0.9444004703059697,,0.9444554471786238,0.05554455282137616,0.968786226343647,0.14585976084265764,10,0.025,0.15,0.8923266178947548,0.936555686673399,0.9581282057784346,0.959866358213086,0.9688188230831761,1.0,0.9625775033253193,0.962688011568249,0.964062200444447,0.9590793299018346,0.95616984848195,0.9485815571976334
2,6,2.0876619433534556,0.26356777149016436,3711,2.2710381348927817,0.21293800539083557,742,2.2694351401510118,0.2205,0.983295170218541,0.08424303608557997,,,0.9177584027013743,,0.9178095756795563,0.08219042432044366,0.968787975450938,0.14585810364233828,10,0.025,0.15,0.8760243611454387,0.9272441815787117,0.9516179798359284,0.9567577712104223,0.9658518858659453,0.9625775033253193,1.0,0.970943388973367,0.9712722672206542,0.96173482864083,0.9656607115379405,0.9586319918444133
2,7,2.093360565815653,0.24640852974186309,3564,2.2694013913472495,0.21598877980364656,713,2.2694372195231765,0.2204,0.9831514595695058,0.08395233093378363,,,0.901409486952111,,0.9014622633724481,0.09853773662755194,0.9687502993457078,0.14585656881957615,10,0.025,0.15,0.8698192887286553,0.923444330637693,0.946261274032438,0.9560134629238145,0.9640190792040347,0.962688011568249,0.970943388973367,1.0,0.9719443336052653,0.9655507992413414,0.9728539143153155,0.9631137942240016
2,8,2.0938693700013338,0.25268817204301075,3441,2.266130566596985,0.24563953488372092,688,2.2694405302216736,0.2219,0.9801876207476213,0.0833744633315658,,,0.8689108928112453,,0.8689409318215576,0.13105906817844237,0.968658165576438,0.14584757419607822,10,0.025,0.15,0.8554279408339178,0.9149781660020411,0.9393557894667335,0.9484231955725158,0.9613101806838197,0.964062200444447,0.9712722672206542,0.9719443336052653,1.0,0.9645682574014852,0.9704640219750755,0.9700514326167076
2,9,2.085703636981823,0.2597780443911218,3334,2.271128018697103,0.22488755622188905,667,2.2694409587715247,0.2206,0.975416224883088,0.08348804862691582,,,0.8752987961991208,,0.8753527751646284,0.1246472248353716,0.9687086753158707,0.14585199322363981,10,0.025,0.15,0.8568879158486467,0.9138162866643155,0.9391341339696161,0.9442087627337784,0.9516897185879006,0.9590793299018346,0.96173482864083,0.9655507992413414,0.9645682574014852,1.0,0.9610492182731872,0.9586320495751033
2,10,2.104057574730653,0.25319345880900956,3241,2.2721070845921836,0.21296296296296297,648,2.269439869289157,0.2206,0.9748014944962775,0.0834230771499053,,,0.8716448767649911,,0.8716806126322391,0.12831938736776094,0.968710930824563,0.14584815216597483,10,0.025,0.15,0.8459523746961569,0.9007549457242502,0.9283034060807297,0.9439509956396874,0.9530733998727232,0.95616984848195,0.9656607115379405,0.9728539143153155,0.9704640219750755,0.9610492182731872,1.0,0.9706618503790431
2,11,2.113902970790863,0.25311807534029757,3159,2.2716516494750976,0.2231012658227848,632,2.2694929370397254,0.222,0.9656093837921852,0.08194804762727119,,,0.7886909516480557,,0.7887392517040485,0.21126074829595154,0.9682342642560064,0.14580785449788053,10,0.025,0.15,0.8217450259919511,0.8809102726633017,0.9162474924655052,0.9258329132873598,0.9472415860563648,0.9485815571976334,0.9586319918444133,0.9631137942240016,0.9700514326167076,0.9586320495751033,0.9706618503790431,1.0
3,0,1.9191052154258446,0.3054200146092038,6845,2.250435612418435,0.23593864134404674,1369,2.2466006580787368,0.2527,0.9235537907247101,0.07890197147314855,,,0.6,,0.6000148536911423,0.39998514630885773,0.9818704062004833,0.14489098953592947,10,0.025,0.15,1.0,0.9453386338822615,0.9279140674944222,0.9235530117848508,0.9050884027637465,0.8984563626448459,0.8787081609741877,0.8707884815858284,0.8605414888681604,0.8638036998576727,0.8502986235205956,0.8251096603414539
3,1,1.9338976582815481,0.3073932092004381,5478,2.246389389038086,0.2545620437956204,1096,2.2460082271431068,0.2526,0.9599986382095033,0.08253971298626221,,,0.826323546398418,,0.8263768546483802,0.17362314535161982,0.9841651427961144,0.14540399278891875,10,0.025,0.15,0.9453386338822615,1.0,0.9504440336867114,0.9480506017014667,0.9395041665480786,0.9346130450918254,0.9264244170500788,0.9212530036156733,0.9148179246639337,0.9137378747108187,0.897391841627944,0.8773770917820234
3,2,1.9902272073846115,0.28473029045643156,4820,2.2457218766212463,0.26867219917012447,964,2.2459765325618695,0.252,0.9718145592482234,0.08399268913672822,,,0.9167210400137138,,0.9167863214008681,0.08321367859913187,0.9845077037952649,0.1454251213506824,10,0.025,0.15,0.9279140674944222,0.9504440336867114,1.0,0.9546269105143578,0.9518247889199006,0.9516257882762237,0.9418939130876107,0.9387162796044615,0.9325101873565143,0.9293785167019314,0.9203597878516908,0.9045869161332332
3,3,1.9673859575816564,0.2924194280526555,4406,2.241760492324829,0.2792281498297389,881,2.2459739401370666,0.2521,0.9786487169254179,0.08434505735412938,,,0.9386437699033532,,0.9386872637850506,0.06131273621494937,0.9845381282127197,0.14542681304652452,10,0.025,0.15,0.9235530117848508,0.9480506017014667,0.9546269105143578,1.0,0.9543024047056752,0.955525945853309,0.954275593996622,0.9508219324674323,0.9435517827857789,0.940186987617159,0.938476210800069,0.9194993209460858
3,4,2.014756118890011,0.2795476653696498,4112,2.2440298965999057,0.2664233576642336,822,2.245970222014415,0.2521,0.9791692263602388,0.0846883201113464,,,0.9599999999377845,,0.9600270667260814,0.0399729332739186,0.9845618082264843,0.1454276225923118,10,0.025,0.15,0.9050884027637465,0.9395041665480786,0.9518247889199006,0.9543024047056752,1.0,0.9592897581454055,0.95735162154573,0.9529451163996384,0.9503810907822269,0.9428523743953036,0.9410331239853272,0.9330671302467408
3,5,2.007137369725012,0.2918488043198766,3889,2.2404827730996266,0.2377892030848329,778,2.2459716917593266,0.252,0.9804582691975732,0.08455834640250107,,,0.9519136335430338,,0.9519565612054596,0.04804343879454043,0.9845476859992179,0.14542741430336256,10,0.025,0.15,0.8984563626448459,0.9346130450918254,0.9516257882762237,0.955525945853309,0.9592897581454055,1.0,0.9543639734338631,0.9550712148910402,0.9587917901192067,0.9518395066148723,0.9474944470972058,0.935288305206299
3,6,2.019628347610605,0.28679601185664244,3711,2.2482431332270303,0.23450134770889489,742,2.245982191230677,0.2521,0.9797935279768556,0.08424279224264333,,,0.9322813050000838,,0.9323249327457873,0.06767506725421268,0.9845116307157203,0.14542631178212168,10,0.025,0.15,0.8787081609741877,0.9264244170500788,0.9418939130876107,0.954275593996622,0.95735162154573,0.9543639734338631,1.0,0.9626752521943865,0.9633796920430358,0.9513882328746855,0.9567334930679943,0.9467770165499729
3,7,2.02386380136013,0.2696969696969697,3564,2.246281623840332,0.24123422159887797,713,2.2459847323502165,0.2522,0.978972499678014,0.0840356654971024,,,0.9193948315011289,,0.9194434817052037,0.08055651829479626,0.984499957679091,0.14542534930024828,10,0.025,0.15,0.8707884815858284,0.9212530036156733,0.9387162796044615,0.9508219324674323,0.9529451163996384,0.9550712148910402,0.9626752521943865,1.0,0.9602955716876138,0.9609801070892525,0.9602111983868985,0.9504917451005832
3,8,2.028141751995793,0.27294391165358906,3441,2.2405940691630044,0.2703488372093023,688,2.245992150487779,0.253,0.9766614444005778,0.0836017686939547,,,0.8923997679691772,,0.8924345199782145,0.10756548002178545,0.9843442905391342,0.14542174518987924,10,0.025,0.15,0.8605414888681604,0.9148179246639337,0.9325101873565143,0.9435517827857789,0.9503810907822269,0.9587917901192067,0.9633796920430358,0.9602955716876138,1.0,0.9540455067054435,0.9581803411467232,0.9608349139221378
3,9,2.021277059890606,0.28254349130173967,3334,2.2485859394073486,0.24587706146926536,667,2.2459928023664255,0.2524,0.972340468531577,0.0835311578683873,,,0.8880066871527075,,0.8880444290406166,0.11195557095938335,0.9844220271941543,0.14542113730572911,10,0.025,0.15,0.8638036998576727,0.9137378747108187,0.9293785167019314,0.940186987617159,0.9428523743953036,0.9518395066148723,0.9513882328746855,0.9609801070892525,0.9540455067054435,1.0,0.9514451098017913,0.9477758537452562
3,10,2.0344668507575987,0.27235421166306695,3241,2.2481428384780884,0.2330246913580247,648,2.245991933194897,0.2525,0.969816075076368,0.08340844248648732,,,0.8803719004783053,,0.8804112822036276,0.11958871779637237,0.984339611142586,0.14541985424265425,10,0.025,0.15,0.8502986235205956,0.897391841627944,0.9203597878516908,0.938476210800069,0.9410331239853272,0.9474944470972058,0.9567334930679943,0.9602111983868985,0.9581803411467232,0.9514451098017913,1.0,0.9558658148197682
3,11,2.043955063343048,0.2741690408357075,3159,2.2497840404510496,0.25,632,2.2460827736914912,0.253,0.9594195714762737,0.082154075747309,,,0.8023309709972921,,0.8023633873017445,0.1976366126982555,0.9840362179738328,0.1453905988944586,10,0.025,0.15,0.8251096603414539,0.8773770917820234,0.9045869161332332,0.9194993209460858,0.9330671302467408,0.935288305206299,0.9467770165499729,0.9504917451005832,0.9608349139221378,0.9477758537452562,0.9558658148197682,1.0
4,0,1.8743650712348796,0.321227173119065,6845,2.2229865247553047,0.25858290723155586,1369,2.2177474136593975,0.2719,0.9330287986470207,0.07943285297462813,,,0.6,,0.6000148536911423,0.39998514630885773,0.9862970128786708,0.14468012810416306,10,0.025,0.15,1.0,0.9429693890993318,0.9314736136569892,0.9266004350260191,0.9086555475407162,0.9092796619529427,0.8920334985771791,0.8851384261301846,0.8770711324585314,0.869266184488017,0.8630511274431254,0.8424217241002706
4,1,1.88887445538543,0.32174151150054764,5478,2.217355383767022,0.2655109489051095,1096,2.2166175027436847,0.2702,0.9594956711986456,0.08255455846002391,,,0.8232006507638429,,0.8232410754072387,0.17675892459276132,0.9893594062646454,0.1452384875765476,10,0.025,0.15,0.9429693890993318,1.0,0.9470702422664034,0.9425078084762942,0.9358325169423529,0.9342457952784747,0.9249093770918072,0.9199673229369558,0.9165403374354318,0.9068935790143147,0.8987308944785111,0.8819302245173054
4,2,1.940263913807116,0.3029668049792531,4820,2.2162216007709503,0.28112033195020747,964,2.2165783658812317,0.2704,0.9695466183845507,0.08378442594119953,,,0.9111356668747186,,0.9111914310706211,0.08880856892937894,0.989350550948311,0.14526868110192226,10,0.025,0.15,0.9314736136569892,0.9470702422664034,1.0,0.9477565436073562,0.9451684329323654,0.9484138439222098,0.9376499425829314,0.9365744732135562,0.9300388934788089,0.9221198134077209,0.9172340932134081,0.9028710872719015
4,3,1.9147333550453185,0.31044030866999545,4406,2.210378885269165,0.2996594778660613,881,2.216570504104035,0.2703,0.9766081779238045,0.08423370545117577,,,0.9432589659721808,,0.9433084121404169,0.05669158785958306,0.9893787761641258,0.1452718895722819,10,0.025,0.15,0.9266004350260191,0.9425078084762942,0.9477565436073562,1.0,0.9490743011565673,0.9523205649337045,0.9505969601159107,0.9487659420424407,0.9403471241832791,0.9361992879332598,0.9364414436906585,0.9170571685751474
4,4,1.963176622174003,0.29433365758754865,4112,2.213705199105399,0.2749391727493917,822,2.2165641603590567,0.2705,0.9772554045167329,0.0844678471409683,,,0.9599999999285004,,0.9600270667260814,0.0399729332739186,0.9893830497848299,0.1452724725673304,10,0.025,0.15,0.9086555475407162,0.9358325169423529,0.9451684329323654,0.9490743011565673,1.0,0.9520010145656264,0.9538175654060943,0.9509235076158152,0.9480274523252422,0.9394627777654648,0.9378167923083126,0.9333507353265891
4,5,1.956148994738056,0.309154024170738,3889,2.209083216530936,0.26735218508997427,778,2.2165668674662142,0.2704,0.9771255140024929,0.08438295284512924,,,0.9539300928965706,,0.9539783136109323,0.04602168638906767,0.9893801700600836,0.14527230461602825,10,0.025,0.15,0.9092796619529427,0.9342457952784747,0.9484138439222098,0.9523205649337045,0.9520010145656264,1.0,0.9477367846668682,0.9477339342547881,0.9507868441878092,0.9447048664810109,0.9398372299313512,0.9255480615939586
4,6,1.9706579960625747,0.3014281864726489,3711,2.2195752064387,0.261455525606469,742,2.216582174542584,0.2703,0.978014635400611,0.0842161811344682,,,0.9420059845773568,,0.9420623524945949,0.05793764750540509,0.9893758241978041,0.14527184953121677,10,0.025,0.15,0.8920334985771791,0.9249093770918072,0.9376499425829314,0.9505969601159107,0.9538175654060943,0.9477367846668682,1.0,0.9579424761285319,0.9587910869722329,0.9469577861842161,0.9502766267977949,0.9415987306727531
4,7,1.9688390897853034,0.2871773288439955,3564,2.217397093772888,0.2594670406732118,713,2.2165863302689566,0.2701,0.9768991409715181,0.08405122217984369,,,0.930211487564822,,0.9302536680365071,0.06974633196349289,0.9893641450625477,0.14527054440371096,10,0.025,0.15,0.8851384261301846,0.9199673229369558,0.9365744732135562,0.9487659420424407,0.9509235076158152,0.9477339342547881,0.9579424761285319,1.0,0.9532941516225122,0.9511378377746198,0.9539818564280634,0.943689502021182
4,8,1.9760725573257163,0.2918337692531241,3441,2.209071636199951,0.29651162790697677,688,2.2166014743756643,0.2708,0.975132115452893,0.08372426778908416,,,0.9068343838857509,,0.9068838606393689,0.09311613936063112,0.989340995290776,0.14526812982957477,10,0.025,0.15,0.8770711324585314,0.9165403374354318,0.9300388934788089,0.9403471241832791,0.9480274523252422,0.9507868441878092,0.9587910869722329,0.9532941516225122,1.0,0.9513790192751927,0.9499141107571719,0.9524791088758621
4,9,1.958615772150181,0.29727054589082186,3334,2.219934900601705,0.2608695652173913,667,2.2166041060339046,0.2702,0.969566317420121,0.08349867680305885,,,0.8907047217113824,,0.8907428495981251,0.10925715040187489,0.9893484323504731,0.1452651793811077,10,0.025,0.15,0.869266184488017,0.9068935790143147,0.9221198134077209,0.9361992879332598,0.9394627777654648,0.9447048664810109,0.9469577861842161,0.9511378377746198,0.9513790192751927,1.0,0.9485177397363477,0.9472968008766226
4,10,1.9793822274758266,0.29117556309780934,3241,2.2182342211405435,0.25462962962962965,648,2.216606206531766,0.2703,0.9678792527693527,0.08336743027237138,,,0.8813206490635985,,0.8813602680266046,0.11863973197339539,0.9893325705320636,0.1452631521851308,10,0.025,0.15,0.8630511274431254,0.8987308944785111,0.9172340932134081,0.9364414436906585,0.9378167923083126,0.9398372299313512,0.9502766267977949,0.9539818564280634,0.9499141107571719,0.9485177397363477,1.0,0.9482871514836457
4,11,1.9906213846206664,0.28863564419119975,3159,2.222155284881592,0.26582278481012656,632,2.2167126498644865,0.2708,0.9585960429175691,0.08228587900804882,,,0.8039901810996588,,0.8040385535805648,0.19596144641943525,0.9893168478243728,0.1452242794737038,10,0.025,0.15,0.8424217241002706,0.8819302245173054,0.9028710872719015,0.9170571685751474,0.9333507353265891,0.9255480615939586,0.9415987306727531,0.943689502021182,0.9524791088758621,0.9472968008766226,0.9482871514836457,1.0
5,0,1.8372744809698176,0.33472607742878013,6845,2.190224625847556,0.2695398100803506,1369,2.183518249777299,0.2878,0.9383403317896827,0.07998569336470256,,,0.6,,0.6000148536911423,0.39998514630885773,0.9892685032190349,0.14438770554597027,10,0.025,0.15,1.0,0.9427165903182674,0.9319489469397509,0.9248522263192287,0.9086714161689718,0.9115329397387284,0.8975021680702119,0.8905381309075661,0.8840789764137279,0.8730226597952887,0.8729606532883338,0.8528481934335107
5,1,1.849079890306606,0.33473895582329316,5478,2.18310989273919,0.2791970802919708,1096,2.181724684147895,0.2877,0.9611830162226283,0.08267049763715281,,,0.824521018961225,,0.8245696555594065,0.17543034444059347,0.9911550987035098,0.14497864544977013,10,0.025,0.15,0.9427165903182674,1.0,0.9434066852133339,0.9403184018120289,0.9300640550417338,0.9335017664017132,0.9252598476437048,0.9203852039524494,0.9202061486282208,0.9058074881289393,0.9036919800279813,0.8870243603767722
5,2,1.8990386313513705,0.31933609958506226,4820,2.180984765291214,0.29356846473029047,964,2.181628522993643,0.2877,0.9668944770541822,0.08362078898991426,,,0.9039906417644251,,0.9040369031704378,0.09596309682956217,0.9916005700912943,0.1450186216235065,10,0.025,0.15,0.9319489469397509,0.9434066852133339,1.0,0.9425647575366225,0.9387548881061687,0.9426982891018263,0.9323199730080579,0.9295106791309791,0.9254062462950711,0.9167625286361725,0.9139345155661054,0.8996974225480094
5,3,1.8679981872013638,0.32657739446209716,4406,2.173223154885428,0.322360953461975,881,2.1816082694862464,0.2877,0.9751990799762053,0.0841711451219115,,,0.95001504690097,,0.9500750936607747,0.049924906339225306,0.9916506298509266,0.14502436092019103,10,0.025,0.15,0.9248522263192287,0.9403184018120289,0.9425647575366225,1.0,0.9443479562479764,0.9478077711124218,0.946351575652701,0.94430913956549,0.937443551517387,0.9297326952822369,0.9372061138093855,0.9174651957047276
5,4,1.9224374449614323,0.30323443579766535,4112,2.1777755532945906,0.3029197080291971,822,2.18159821365453,0.2879,0.9744040088273138,0.08429054438635453,,,0.9599999999163733,,0.9600270667260814,0.0399729332739186,0.9916690386835759,0.14502475485326566,10,0.025,0.15,0.9086714161689718,0.9300640550417338,0.9387548881061687,0.9443479562479764,1.0,0.9494696450519085,0.9483255373014975,0.94340575985452,0.9445646159533955,0.9331079850748875,0.9318746061037227,0.9296811222302135
5,5,1.9111555972406942,0.32383646181537673,3889,2.1720517362867082,0.2892030848329049,778,2.181601868400091,0.2878,0.9759668885016725,0.08428890674259454,,,0.9598630493574589,,0.9599032859665627,0.040096714033437286,0.99166768144053,0.14502475481499402,10,0.025,0.15,0.9115329397387284,0.9335017664017132,0.9426982891018263,0.9478077711124218,0.9494696450519085,1.0,0.9457704273172518,0.9427477631412117,0.9481254722334109,0.9398884962644685,0.9370018858688139,0.9219174024149377
5,6,1.9259609699249267,0.3151172190784155,3711,2.185576876004537,0.2749326145552561,742,2.1816234890418715,0.2877,0.9752116436945296,0.08416067459919112,,,0.9491394328182754,,0.9491756201416052,0.05082437985839483,0.9916501186017,0.14502426546071545,10,0.025,0.15,0.8975021680702119,0.9252598476437048,0.9323199730080579,0.946351575652701,0.9483255373014975,0.9457704273172518,1.0,0.9486114936337224,0.953052147436834,0.9343394438767286,0.9433031075327509,0.936443433059512
5,7,1.9259097099304199,0.2996913580246914,3564,2.1832481225331626,0.26788218793828894,713,2.1816324674630465,0.2877,0.9733560327960432,0.08399760838011143,,,0.9355027614073973,,0.9355349804426399,0.06446501955736006,0.9916355170048475,0.14502252135528382,10,0.025,0.15,0.8905381309075661,0.9203852039524494,0.9295106791309791,0.94430913956549,0.94340575985452,0.9427477631412117,0.9486114936337224,1.0,0.9458923955025554,0.9425537646585593,0.9459131870692155,0.9357630071734475
5,8,1.9285457465383742,0.304068584713746,3441,2.1720274289449057,0.3183139534883721,688,2.1816541062125676,0.2878,0.973101647793845,0.08378628444894876,,,0.9178304622225357,,0.917875592084633,0.08212440791536701,0.9916150001970062,0.14502071666848007,10,0.025,0.15,0.8840789764137279,0.9202061486282208,0.9254062462950711,0.937443551517387,0.9445646159533955,0.9481254722334109,0.953052147436834,0.9458923955025554,1.0,0.9408313109905769,0.9420475341674698,0.9450263065119708
5,9,1.9241809756667525,0.31061787642471506,3334,2.185577472050985,0.280359820089955,667,2.1816796652878385,0.2877,0.9640977804429377,0.08335196799533305,,,0.8815100593842203,,0.8815500651912,0.11844993480879995,0.9915379144286547,0.14501181922732495,10,0.025,0.15,0.8730226597952887,0.9058074881289393,0.9167625286361725,0.9297326952822369,0.9331079850748875,0.9398884962644685,0.9343394438767286,0.9425537646585593,0.9408313109905769,1.0,0.9332863318837871,0.9328544889268708
5,10,1.9374336178486165,0.30271521135452023,3241,2.1829266945521035,0.27314814814814814,648,2.1816845936111258,0.2877,0.9655700362339844,0.08331858801744872,,,0.8787186057485135,,0.878760872076711,0.12123912792328895,0.9915366943504937,0.14501109169455742,10,0.025,0.15,0.8729606532883338,0.9036919800279813,0.9139345155661054,0.9372061138093855,0.9318746061037227,0.9370018858688139,0.9433031075327509,0.9459131870692155,0.9420475341674698,0.9332863318837871,1.0,0.9380542791367154
5,11,1.9471057071685791,0.3007280785058563,3159,2.189088773727417,0.28955696202531644,632,2.181831160678139,0.288,0.9567040787035588,0.08235730031633673,,,0.798329395859636,,0.7983611427439719,0.20163885725602815,0.9910016672745671,0.1449464730161113,10,0.025,0.15,0.8528481934335107,0.8870243603767722,0.8996974225480094,0.9174651957047276,0.9296811222302135,0.9219174024149377,0.936443433059512,0.9357630071734475,0.9450263065119708,0.9328544889268708,0.9380542791367154,1.0
6,0,1.8043035549146158,0.34426588750913073,6845,2.1534069668162954,0.28122717311906503,1369,2.1450858961177777,0.3025,0.9362336372760656,0.08032847563172653,,,0.6,,0.6000148536911423,0.39998514630885773,0.9907878773160601,0.14408212274756532,10,0.025,0.15,1.0,0.9326255825565403,0.9226670980343022,0.9164099015813653,0.9020253343552689,0.9066577253780269,0.8943766749204929,0.8868697500874104,0.8817777968536049,0.8719382616712867,0.8674163015217308,0.8584720599211143
6,1,1.8127662611562152,0.3437751004016064,5478,2.1444914076063366,0.29927007299270075,1096,2.1424640522727483,0.3013,0.9603215210620771,0.08278478477103585,,,0.8295795015561953,,0.8296199105477711,0.17038008945222893,0.99313498028286,0.14465996246588847,10,0.025,0.15,0.9326255825565403,1.0,0.9393190539710276,0.934887657334353,0.9261444306606373,0.9282051641490816,0.9233067135741675,0.9170706308880484,0.9189760410597771,0.9071745606742535,0.8973766575947868,0.8917018115762122
6,2,1.8620359279607472,0.3304564315352697,4820,2.141352951526642,0.3039419087136929,964,2.1422846769984765,0.3017,0.9665757670749906,0.083579897992759,,,0.9038949426391816,,0.9039296265121883,0.09607037348781167,0.9935596193407669,0.1446904110218634,10,0.025,0.15,0.9226670980343022,0.9393190539710276,1.0,0.937277146565561,0.9365072090940086,0.9364663897437926,0.9302609644998076,0.9292390647776774,0.9239100012119611,0.9176435217474969,0.9114793015366687,0.9030257367955131
6,3,1.8319282828058516,0.33617793917385386,4406,2.1314572947365895,0.33938706015891035,881,2.142245841931693,0.3016,0.9737446995807668,0.08415639129459138,,,0.957777022368925,,0.9578155171560133,0.04218448284398668,0.9936020896491835,0.14469533696647216,10,0.025,0.15,0.9164099015813653,0.934887657334353,0.937277146565561,1.0,0.9410287258526228,0.9438946029826756,0.9425299204084668,0.9401547812841622,0.9344766823754244,0.9281120869346282,0.9314880624690198,0.9196123438239261
6,4,1.8838541182604702,0.316147859922179,4112,2.1372734137943814,0.3126520681265207,822,2.1422331182262564,0.3016,0.9714309213874138,0.08415491316979949,,,0.957638869093538,,0.9576752322952253,0.04232476770477467,0.9935988188939294,0.14469533686475355,10,0.025,0.15,0.9020253343552689,0.9261444306606373,0.9365072090940086,0.9410287258526228,1.0,0.9407117710279917,0.9400870952532322,0.9372147586347378,0.9376519228118196,0.929731633020039,0.924185305608352,0.9272254077582495
6,5,1.8716545247262524,0.3326562098225765,3889,2.1303674834115163,0.2994858611825193,778,2.1422375666944284,0.3016,0.972234400663646,0.08418017529971857,,,0.9599999999065347,,0.9600270667260814,0.0399729332739186,0.9935993042089463,0.14469538276871788,10,0.025,0.15,0.9066577253780269,0.9282051641490816,0.9364663897437926,0.9438946029826756,0.9407117710279917,1.0,0.9366900346124044,0.9386024082964215,0.9409569062430483,0.932044658691912,0.93252520471504,0.9150981282216211
6,6,1.889199172628337,0.3267582861762328,3711,2.147235552469889,0.2857142857142857,742,2.142266207103488,0.3014,0.9715953340086121,0.08407958399222187,,,0.9505982100966128,,0.9506444851545609,0.0493555148454391,0.9935983710595581,0.14469510089996163,10,0.025,0.15,0.8943766749204929,0.9233067135741675,0.9302609644998076,0.9425299204084668,0.9400870952532322,0.9366900346124044,1.0,0.9408103574321113,0.9444609369728816,0.9259022081699589,0.9355040301453911,0.9302768735882061
6,7,1.885474447267396,0.3130471380471381,3564,2.145008087158203,0.28751753155680226,713,2.1422768272931063,0.3014,0.971046929500723,0.08396031061748123,,,0.9394502965528061,,0.9394959647472397,0.06050403525276027,0.9935932305906265,0.14469461915457435,10,0.025,0.15,0.8868697500874104,0.9170706308880484,0.9292390647776774,0.9401547812841622,0.9372147586347378,0.9386024082964215,0.9408103574321113,1.0,0.9394551440309549,0.9358375173859095,0.9402149405196578,0.9322402518702253
6,8,1.8874228852766533,0.3182214472537053,3441,2.130782961845398,0.32848837209302323,688,2.142306910285467,0.3015,0.9702204532710391,0.08380195276772025,,,0.9246493435156571,,0.9246835338581637,0.07531646614183629,0.9935822397804226,0.14469265043131288,10,0.025,0.15,0.8817777968536049,0.9189760410597771,0.9239100012119611,0.9344766823754244,0.9376519228118196,0.9409569062430483,0.9444609369728816,0.9394551440309549,1.0,0.9298223331710688,0.9382029277169243,0.9384975131220094
6,9,1.8878644033714578,0.3258848230353929,3334,2.146907687187195,0.3028485757121439,667,2.142379863352715,0.3013,0.9614813968564991,0.08324621665302732,,,0.8727073390805585,,0.8727368751134656,0.12726312488653435,0.993380798606395,0.1446768847747336,10,0.025,0.15,0.8719382616712867,0.9071745606742535,0.9176435217474969,0.9281120869346282,0.929731633020039,0.932044658691912,0.9259022081699589,0.9358375173859095,0.9298223331710688,1.0,0.9236727325141875,0.9253603279509444
