round,client_id,client_i_training_loss,client_i_training_accuracy,client_i_training_dataset_size,client_i_evaluation_loss,client_i_evaluation_accuracy,client_i_evaluation_dataset_size,client_i_central_evaluation_loss,client_i_central_evaluation_accuracy,client_i_cosine_similarity,client_i_importance_coefficient,client_i_tanh_val,tanh_normalization_value,client_i_q,client_i_mask_order,client_i_v_nonzero_fraction,client_i_v_sparsity,client_i_v_cosine_similarity,client_i_reward_gradient_norm,local_epochs,learning_rate,gamma,client_0_cosine_similarity,client_1_cosine_similarity,client_2_cosine_similarity,client_3_cosine_similarity,client_4_cosine_similarity,client_5_cosine_similarity,client_6_cosine_similarity,client_7_cosine_similarity,client_8_cosine_similarity,client_9_cosine_similarity,client_10_cosine_similarity,client_11_cosine_similarity
0,0,2.1349598611839085,0.4148526905283662,8214,2.2650895839513736,0.23447772096420746,1369,2.2637189866635747,0.2418,0.9632465775131596,0.08130255574491473,,,0.65,,0.6500178811339539,0.34998211886604613,0,0.09851366663216951,5,0.001,0.1,1.0,0.9838260248584865,0.9705210097961907,0.9582656172888683,0.953012148444341,0.9356080901025108,0.9337749448636016,0.9302909974791719,0.9220793503051361,0.9177586033492928,0.9089032017589364,0.9047402741691811
0,1,2.2019338054564392,0.38655308792211746,6574,2.264687708445958,0.23905109489051096,1096,2.263613425123806,0.2433,0.9908682771425391,0.08363395751296954,,,0.8978166567235996,,0.8978358995176926,0.1021641004823074,0,0.09864178232471715,5,0.001,0.1,0.9838260248584865,1.0,0.9927958439904241,0.9867953641496878,0.9851849256910808,0.9737096858922394,0.9737296992400185,0.9706175405328318,0.9656503940927867,0.9625068498763129,0.951438678090381,0.9496745310881523
0,2,2.221268420719969,0.31914231367802176,5783,2.265288891330842,0.21991701244813278,964,2.2636129292436302,0.2433,0.9941420209528252,0.08391027693609951,,,0.9271880660474401,,0.9272044538521762,0.0727955461478238,0,0.09864310108422539,5,0.001,0.1,0.9705210097961907,0.9927958439904241,1.0,0.9877014137503166,0.9919932303993559,0.9791824984855447,0.9809608540023483,0.9791508571266629,0.9744087288438217,0.9723905289028494,0.964839670004861,0.9624136255366544
0,3,2.2308551457991084,0.3073576697560053,5287,2.263274839946202,0.2690124858115778,881,2.263613077017446,0.2434,0.9956587205361965,0.08403829353673327,,,0.9407956074025485,,0.9408231120905461,0.05917688790945386,0,0.0986434421100921,5,0.001,0.1,0.9582656172888683,0.9867953641496878,0.9877014137503166,1.0,0.9904765251054406,0.9893769354021941,0.9877441913784797,0.9884023573771393,0.9874700593923731,0.9789868105154255,0.9672138120811136,0.9720570885602839
0,4,2.237927835833642,0.32243161094224926,4935,2.2611652245888343,0.25060827250608275,822,2.26361302674388,0.2434,0.9966846441687038,0.08412488633163037,,,0.9499999998937048,,0.95001498149061,0.04998501850938997,0,0.09864353649763168,5,0.001,0.1,0.953012148444341,0.9851849256910808,0.9919932303993559,0.9904765251054406,1.0,0.986671614538673,0.9890871905907542,0.9891093760973255,0.9857465255944128,0.9871659133724666,0.9788284322206111,0.9788722532061235
0,5,2.244753056029751,0.24268266552389114,4667,2.261061010360718,0.2802056555269923,778,2.2636134289324095,0.2433,0.9908858636868699,0.08363544190028448,,,0.8979744398679343,,0.897990547162699,0.102009452837301,0,0.09864178276346884,5,0.001,0.1,0.9356080901025108,0.9737096858922394,0.9791824984855447,0.9893769354021941,0.986671614538673,1.0,0.9866993026584266,0.9883159899610777,0.9903916944888904,0.9812779044697981,0.9733270632515466,0.9784651733459994
0,6,2.2436943967001777,0.31421513586346284,4453,2.2646313110987344,0.24528301886792453,742,2.263613196607596,0.2433,0.9912045958380898,0.08366234439762753,,,0.9008340443515634,,0.9008563613342225,0.09914363866577747,0,0.09864191370517066,5,0.001,0.1,0.9337749448636016,0.9737296992400185,0.9809608540023483,0.9877441913784797,0.9890871905907542,0.9866993026584266,1.0,0.9904300600032189,0.9914583534767923,0.9843737595690917,0.9695865808050425,0.9815720352297304
0,7,2.2483127522824415,0.30516717325227966,4277,2.2635356654291567,0.23562412342215988,713,2.263613062544753,0.2433,0.9919907015473618,0.08372869542834126,,,0.9078868358639248,,0.9079121601376364,0.09208783986236357,0,0.09864237539590767,5,0.001,0.1,0.9302909974791719,0.9706175405328318,0.9791508571266629,0.9884023573771393,0.9891093760973255,0.9883159899610777,0.9904300600032189,1.0,0.9933856504186575,0.9907868160951524,0.9814480987920907,0.9860232148334548
0,8,2.2507443288656384,0.27246306611770404,4129,2.2581909786571157,0.25726744186046513,688,2.263615392648374,0.2433,0.9890601030817322,0.08348133909126197,,,0.8815940615706598,,0.8816123950087472,0.11838760499125278,0,0.09864014561000284,5,0.001,0.1,0.9220793503051361,0.9656503940927867,0.9744087288438217,0.9874700593923731,0.9857465255944128,0.9903916944888904,0.9914583534767923,0.9933856504186575,1.0,0.987314927050084,0.9739940333828898,0.9873934191541075
0,9,2.253401840300787,0.27803049237690575,4001,2.265608617237636,0.19940029985007496,667,2.263616582456107,0.2432,0.9865497960585958,0.08326945733486653,,,0.8590720624840534,,0.8590869989657939,0.14091300103420612,0,0.09863691375212064,5,0.001,0.1,0.9177586033492928,0.9625068498763129,0.9723905289028494,0.9789868105154255,0.9871659133724666,0.9812779044697981,0.9843737595690917,0.9907868160951524,0.987314927050084,1.0,0.985015851796625,0.9876717208514005
0,10,2.255900707792063,0.2899460015428131,3889,2.267472255797613,0.24382716049382716,648,2.2636336503318324,0.2432,0.9776232334837577,0.08251601333797744,,,0.7789846340125095,,0.7790036825470467,0.22099631745295334,0,0.09861527250584634,5,0.001,0.1,0.9089032017589364,0.951438678090381,0.964839670004861,0.9672138120811136,0.9788284322206111,0.9733270632515466,0.9695865808050425,0.9814480987920907,0.9739940333828898,0.985015851796625,1.0,0.9781235136903819
0,11,2.2573891403294413,0.23529411764705882,3791,2.2631473422050474,0.25158227848101267,632,2.263628466060748,0.2432,0.9797644065554303,0.08269673844729328,,,0.7981948332112628,,0.7982089869612704,0.2017910130387296,0,0.09862085098423015,5,0.001,0.1,0.9047402741691811,0.9496745310881523,0.9624136255366544,0.9720570885602839,0.9788722532061235,0.9784651733459994,0.9815720352297304,0.9860232148334548,0.9873934191541075,0.9876717208514005,0.9781235136903819,1.0
1,0,1.9104717214747626,0.5243973703433162,8214,2.217586689217146,0.3725346968590212,1369,2.2168174757363315,0.3666,0.976092849197833,0.08152549829310231,,,0.65,,0.6500178811339539,0.34998211886604613,0.9610729799017151,0.09918981280535014,5,0.001,0.1,1.0,0.9925001872872891,0.9858080106896255,0.9797871083353831,0.9759007001253911,0.968526259343189,0.9639799206738593,0.9621233264271553,0.9576176169801313,0.9535612225629461,0.9489469398065772,0.947834755223911
1,1,2.04937842852861,0.524885914207484,6574,2.2169155529567175,0.36496350364963503,1096,2.2165041145044393,0.3674,0.9918452763273282,0.08346752034225592,,,0.886625998333619,,0.8866432762103594,0.11335672378964057,0.9625654914757701,0.09934141852923808,5,0.001,0.1,0.9925001872872891,1.0,0.9960350542922101,0.9932573909782192,0.9912364230743049,0.9868345094112247,0.9835180761528125,0.9824690748526093,0.9790354168052744,0.9762976454552049,0.9720056735285959,0.9707896650023005
1,2,2.097912667469425,0.4658135915614733,5783,2.217110195467549,0.3620331950207469,964,2.216500047677622,0.3677,0.9957178472845291,0.08376255190156516,,,0.9225741675585251,,0.922594020935425,0.07740597906457503,0.9626072217237978,0.0993442827905431,5,0.001,0.1,0.9858080106896255,0.9960350542922101,1.0,0.9943083375679065,0.9957954190011483,0.9903155748479038,0.9892005845144287,0.9888369321633058,0.985374940191135,0.9837160165161276,0.9812456077336822,0.9793663450285803
1,3,2.1192082198269397,0.49642519387176093,5287,2.2163752743176053,0.3688989784335982,881,2.2164971013419543,0.3676,0.9970805999086673,0.08388528664072042,,,0.9375288021856079,,0.9375610133286939,0.062438986671306096,0.9626494474888164,0.09934515745631786,5,0.001,0.1,0.9797871083353831,0.9932573909782192,0.9943083375679065,1.0,0.9949672299459298,0.9948475729996454,0.9917868136707654,0.9928900996810781,0.9910768637910117,0.9871914488029828,0.9822566914927949,0.9837316592352752
1,4,2.1368278900269537,0.47825734549138804,4935,2.2137365891383243,0.3710462287104623,822,2.2164969543298594,0.3676,0.998600178001418,0.08398763947206118,,,0.9499999998781548,,0.95001498149061,0.04998501850938997,0.9626485039603501,0.09934530505430669,5,0.001,0.1,0.9759007001253911,0.9912364230743049,0.9957954190011483,0.9949672299459298,1.0,0.9937638024253369,0.9941708962962144,0.9948475097051238,0.9925369137525559,0.9924887284347663,0.9895765633750534,0.9889279117844256
1,5,2.1516468314275348,0.4577244482536962,4667,2.214825916290283,0.37660668380462725,778,2.216502830243339,0.3676,0.9963610129126977,0.08361447404071158,,,0.9045315960692591,,0.9045534065976552,0.09544659340234485,0.9625693725714541,0.09934345739927948,5,0.001,0.1,0.968526259343189,0.9868345094112247,0.9903155748479038,0.9948475729996454,0.9937638024253369,1.0,0.9917656338403931,0.9934709688321621,0.9926880617024686,0.9901544709675806,0.9865360500023932,0.9885076871499047
1,6,2.153322983128684,0.4751852683584101,4453,2.2183629075686135,0.37331536388140163,742,2.2165027380751345,0.3677,0.9962026730228791,0.0836258840453278,,,0.9059218499721329,,0.9059404026638057,0.09405959733619429,0.9625688192296195,0.09934347146307727,5,0.001,0.1,0.9639799206738593,0.9835180761528125,0.9892005845144287,0.9917868136707654,0.9941708962962144,0.9917656338403931,1.0,0.9953989284716797,0.995776744661477,0.9932201266354012,0.9854984388056591,0.9911326337914449
1,7,2.161370828436382,0.468459200374094,4277,2.2169218685316,0.3632538569424965,713,2.216501279379994,0.3677,0.9971520658207748,0.08369735876654992,,,0.9146306992213851,,0.9146538309121311,0.08534616908786885,0.9625775412101176,0.09934402383984321,5,0.001,0.1,0.9621233264271553,0.9824690748526093,0.9888369321633058,0.9928900996810781,0.9948475097051238,0.9934709688321621,0.9953989284716797,1.0,0.9964939703519807,0.9959585969765367,0.9907837589186548,0.9935000100936234
1,8,2.1674180819438056,0.4778396706224267,4129,2.2095024585723877,0.3953488372093023,688,2.2165048472797526,0.3675,0.995476899728706,0.083491189559416,,,0.8895099780200073,,0.8895284213375089,0.11047157866249113,0.9625887735951255,0.09934215502090064,5,0.001,0.1,0.9576176169801313,0.9790354168052744,0.985374940191135,0.9910768637910117,0.9925369137525559,0.9926880617024686,0.995776744661477,0.9964939703519807,1.0,0.9943102613159389,0.9879637031571228,0.9938777603370164
1,9,2.1754876920155115,0.45368657835541115,4001,2.218679439453852,0.3493253373313343,667,2.2165108618264,0.3674,0.9942827080847698,0.08332237345815817,,,0.8689405521927714,,0.8689602845516669,0.13103971544833315,0.9624935514945215,0.09933858081370134,5,0.001,0.1,0.9535612225629461,0.9762976454552049,0.9837160165161276,0.9871914488029828,0.9924887284347663,0.9901544709675806,0.9932201266354012,0.9959585969765367,0.9943102613159389,1.0,0.9917764658107217,0.9938701815966382
1,10,2.1782578913891903,0.4427873489328876,3889,2.2206817468007407,0.3410493827160494,648,2.2165559602621645,0.3676,0.9904109634943591,0.08273418931041722,,,0.7972731572608398,,0.7972859338301389,0.2027140661698611,0.9621585706684908,0.09931826583395255,5,0.001,0.1,0.9489469398065772,0.9720056735285959,0.9812456077336822,0.9822566914927949,0.9895765633750534,0.9865360500023932,0.9854984388056591,0.9907837589186548,0.9879637031571228,0.9917764658107217,1.0,0.9899113788770144
1,11,2.1819054451309334,0.40327090477446587,3791,2.2165644645690916,0.3639240506329114,632,2.2165468653170066,0.3673,0.991672365434663,0.08288603416971421,,,0.8157747192995604,,0.8158049893196471,0.18419501068035293,0.9621655087254644,0.0993269408838578,5,0.001,0.1,0.947834755223911,0.9707896650023005,0.9793663450285803,0.9837316592352752,0.9889279117844256,0.9885076871499047,0.9911326337914449,0.9935000100936234,0.9938777603370164,0.9938701815966382,0.9899113788770144,1.0
2,0,1.6907366904767107,0.5892135378621866,8214,2.158216803572899,0.4974433893352812,1369,2.1583361930359666,0.4984,0.9858132664676832,0.08189980466886237,,,0.65,,0.6500178811339539,0.34998211886604613,0.9828014094111237,0.09942324593912912,5,0.001,0.1,1.0,0.9951212343433032,0.9912761945691538,0.9874398665100383,0.9857020654618281,0.9806304832355734,0.9789659062213308,0.9772028252234841,0.9755268454104217,0.9721443146922183,0.9678361264910392,0.9690455147026519
2,1,1.84859259151718,0.5800121691512017,6574,2.157067503247942,0.5145985401459854,1096,2.157713313453114,0.4975,0.9949062632143469,0.08338579619793234,,,0.8802449052664048,,0.8802640608538483,0.11973593914615166,0.9840328788383472,0.09958220737100164,5,0.001,0.1,0.9951212343433032,1.0,0.9971933588505338,0.9960000015793292,0.9942051331645225,0.9919137380490124,0.9899323452518488,0.9892098583144291,0.9873165035942477,0.9849493508813655,0.9812725804742801,0.9821911296842184
2,2,1.9207968640722624,0.5410340653639979,5783,2.156989082213371,0.508298755186722,964,2.157703110204337,0.4973,0.9972800214979528,0.08364361079413314,,,0.9201916318239263,,0.9202114806545462,0.07978851934545383,0.9840691267343307,0.09958480934035076,5,0.001,0.1,0.9912761945691538,0.9971933588505338,1.0,0.9965407715570457,0.9972893619665086,0.9940112659102984,0.9935570210705174,0.9927213434273015,0.9912546054492252,0.9893018067565126,0.98770577640106,0.9867282693311152
2,3,1.954029778974602,0.5863060336674862,5287,2.1581523844173978,0.4948921679909194,881,2.157698370016421,0.4973,0.9979967143292436,0.0837421133577234,,,0.9354539755039952,,0.935468437382202,0.06453156261779802,0.9840809926312661,0.09958524754724755,5,0.001,0.1,0.9874398665100383,0.9960000015793292,0.9965407715570457,1.0,0.9968005226646065,0.9968148711505063,0.9949204918360316,0.9953425683182656,0.9938694091007307,0.9911617766961276,0.9882799944918662,0.9888768878943032
2,4,1.984058666536885,0.5592299898682878,4935,2.1548235691510715,0.5048661800486618,822,2.157698661755449,0.4973,0.9989575786339432,0.08383599282457828,,,0.9499999998450563,,0.95001498149061,0.04998501850938997,0.9840791804687531,0.09958556358791366,5,0.001,0.1,0.9857020654618281,0.9942051331645225,0.9972893619665086,0.9968005226646065,1.0,0.9963264189599258,0.9960836855197781,0.9965285056345138,0.994897664541994,0.9941764950068935,0.9930185392260319,0.9925031536301983
2,5,2.0108937562328495,0.5631026355260339,4667,2.1575154495239257,0.5,778,2.1577084590070927,0.4975,0.9976641862125237,0.08356511916856534,,,0.9080298552999533,,0.9080571423048298,0.09194285769517019,0.9840648559482603,0.09958410622517887,5,0.001,0.1,0.9806304832355734,0.9919137380490124,0.9940112659102984,0.9968148711505063,0.9963264189599258,1.0,0.9948737472502597,0.9958529131941728,0.9950846331210105,0.9926204989213019,0.9917984035230396,0.9920706025185768
2,6,2.018562673160008,0.5650572647653267,4453,2.160309304793676,0.4973045822102426,742,2.1577080202559693,0.4975,0.9978100583870417,0.083576836856347,,,0.9098454362507533,,0.9098694193947477,0.09013058060525225,0.9840623682134502,0.09958444120471449,5,0.001,0.1,0.9789659062213308,0.9899323452518488,0.9935570210705174,0.9949204918360316,0.9960836855197781,0.9948737472502597,1.0,0.9972020906633123,0.9970841205860944,0.9957695972756347,0.991029249227346,0.9943028923736918
2,7,2.0310835726225553,0.5580079494973113,4277,2.158618501994921,0.47545582047685836,713,2.1577054981987316,0.4974,0.9981569786844008,0.08363192379726721,,,0.9183808062346782,,0.9183992035646282,0.08160079643537177,0.9840699146563232,0.09958480131567178,5,0.001,0.1,0.9772028252234841,0.9892098583144291,0.9927213434273015,0.9953425683182656,0.9965285056345138,0.9958529131941728,0.9972020906633123,1.0,0.9972750058481754,0.9970445598769127,0.9936684282142326,0.9958008978710318
2,8,2.0437614739858185,0.5763623153305886,4129,2.1493741165507925,0.5218023255813954,688,2.157712796244758,0.4973,0.9970869041863697,0.0834707835118108,,,0.8934131472449032,,0.8934284416350122,0.10657155836498777,0.9840482133999487,0.0995832211164353,5,0.001,0.1,0.9755268454104217,0.9873165035942477,0.9912546054492252,0.9938694091007307,0.994897664541994,0.9950846331210105,0.9970841205860944,0.9972750058481754,1.0,0.9953162785064663,0.991805578669395,0.9956226233592806
2,9,2.057752798852466,0.5324668832791802,4001,2.159654833021618,0.48125937031484256,667,2.1577234656666033,0.4976,0.9959684787200381,0.0833310118325508,,,0.8717564174314534,,0.8717729385952194,0.12822706140478057,0.9839802318327106,0.09957858950497772,5,0.001,0.1,0.9721443146922183,0.9849493508813655,0.9893018067565126,0.9911617766961276,0.9941764950068935,0.9926204989213019,0.9957695972756347,0.9970445598769127,0.9953162785064663,1.0,0.9938120505486954,0.995391720386387
2,10,2.063169279841126,0.5259964001028542,3889,2.161865302494594,0.4845679012345679,648,2.157820157730541,0.4983,0.993656980562843,0.08289524435410017,,,0.8042370272927754,,0.8042499105943303,0.19575008940566974,0.9837123800123777,0.09955973448355283,5,0.001,0.1,0.9678361264910392,0.9812725804742801,0.98770577640106,0.9882799944918662,0.9930185392260319,0.9917984035230396,0.991029249227346,0.9936684282142326,0.991805578669395,0.9938120505486954,1.0,0.9938637844395033
2,11,2.0718974892832653,0.5219203376417831,3791,2.15886994600296,0.47310126582278483,632,2.1577864706325838,0.4982,0.9946876671796308,0.08302176263612912,,,0.8238402277756578,,0.823865997815602,0.176134002184398,0.9838832232771795,0.09957080480669421,5,0.001,0.1,0.9690455147026519,0.9821911296842184,0.9867282693311152,0.9888768878943032,0.9925031536301983,0.9920706025185768,0.9943028923736918,0.9958008978710318,0.9956226233592806,0.995391720386387,0.9938637844395033,1.0
3,0,1.5102307905946724,0.6260774287801315,8214,2.0845595736836278,0.5843681519357194,1369,2.0857622014067045,0.5764,0.9890357011581224,0.0821997449832862,,,0.65,,0.6500178811339539,0.34998211886604613,0.9930778974008933,0.09953668547266574,5,0.001,0.1,1.0,0.9958259177688158,0.9931855089089167,0.9900002817255367,0.9889789822180879,0.9849005692302599,0.9839667067393559,0.9825079724420966,0.9816524578763483,0.9790054884442161,0.9749301080652149,0.9769478268027539
3,1,1.6577575658710257,0.6136598722239124,6574,2.0826198509761267,0.5866788321167883,1096,2.084718485609792,0.5759,0.9961814638674011,0.08334239465882108,,,0.876892857481045,,0.87691497279168,0.12308502720832004,0.9936180255449054,0.09968834639939951,5,0.001,0.1,0.9958259177688158,1.0,0.9980459954143786,0.9966674238621591,0.9956646351233744,0.9938098299015978,0.9926369876572061,0.9917751771118406,0.9909638094724862,0.9890083221452531,0.9856071237697738,0.9872116188064965
3,2,1.733207989200044,0.588587238457548,5783,2.0823318804464033,0.5933609958506224,964,2.0847033913524005,0.576,0.9980715251474577,0.0835616430689617,,,0.9204284216527103,,0.9204482848609621,0.07955171513903792,0.9936344791295394,0.09969018444462792,5,0.001,0.1,0.9931855089089167,0.9980459954143786,1.0,0.9977448438299776,0.9974863484955369,0.9958942638314674,0.9954335956866447,0.9946229162729392,0.9942259927660282,0.9921327148076163,0.9902244492927736,0.9907713158470688
3,3,1.7664590877222728,0.6269718176659731,5287,2.085877444062914,0.5754824063564131,881,2.0846979869440343,0.576,0.9986933467559465,0.08364217107497394,,,0.9364186501388082,,0.9364301524245852,0.06356984757541484,0.9936368360568167,0.09969046666198549,5,0.001,0.1,0.9900002817255367,0.9966674238621591,0.9977448438299776,1.0,0.9978231063276606,0.9977190552025824,0.9964412265298915,0.9963981794011747,0.9960819403776456,0.9939227862572979,0.9915991823095908,0.9927473471362144
3,4,1.803037201666063,0.5963120567375887,4935,2.081919706784762,0.5498783454987834,822,2.0846986465941604,0.576,0.9990273886200828,0.08371056778414149,,,0.9499999998014327,,0.95001498149061,0.04998501850938997,0.9936412559766072,0.09969115349842618,5,0.001,0.1,0.9889789822180879,0.9956646351233744,0.9974863484955369,0.9978231063276606,1.0,0.9974803837235261,0.9968703000264606,0.99712733785741,0.9960838858029738,0.9953696376227602,0.9937460355910482,0.994507122650734
3,5,1.8369330482940152,0.6141418470109278,4667,2.086535959243774,0.577120822622108,778,2.084710951430348,0.5759,0.998348469894209,0.08352242189955478,,,0.9126403800586673,,0.9126627424826746,0.08733725751732535,0.9936343538561418,0.09969001366272794,5,0.001,0.1,0.9849005692302599,0.9938098299015978,0.9958942638314674,0.9977190552025824,0.9974803837235261,1.0,0.9965109290652491,0.9968773251751122,0.9963355182171457,0.9946755200341243,0.9942108071408977,0.9945514544385319
3,6,1.8484170617376054,0.6039074781046485,4453,2.088078260421753,0.568733153638814,742,2.0847103565264815,0.5759,0.9983395403016128,0.08352932394543577,,,0.9140109006529795,,0.9140255748542929,0.08597442514570708,0.9936383472195388,0.09969001921128613,5,0.001,0.1,0.9839667067393559,0.9926369876572061,0.9954335956866447,0.9964412265298915,0.9968703000264606,0.9965109290652491,1.0,0.9977230414911024,0.9976499355645994,0.9965410325857069,0.9932522359270931,0.9958232552755433
3,7,1.8638229685043222,0.6019639934533552,4277,2.0859709304312,0.5525946704067322,713,2.084707295932709,0.576,0.9985262195398668,0.0835691566549366,,,0.9219203741104706,,0.921946433921961,0.07805356607803904,0.9936343811612068,0.0996901898427969,5,0.001,0.1,0.9825079724420966,0.9917751771118406,0.9946229162729392,0.9963981794011747,0.99712733785741,0.9968773251751122,0.9977230414911024,1.0,0.9979914405867941,0.9979456465193807,0.9952131020386397,0.9968887163632956
3,8,1.879302489207341,0.606490675708404,4129,2.0749680454080757,0.6046511627906976,688,2.0847159170875913,0.5759,0.9980518220205423,0.08345495296203721,,,0.8992432555048059,,0.8992615574950947,0.10073844250490527,0.9936321556794651,0.09968949072509072,5,0.001,0.1,0.9816524578763483,0.9909638094724862,0.9942259927660282,0.9960819403776456,0.9960838858029738,0.9963355182171457,0.9976499355645994,0.9979914405867941,1.0,0.9967704688246982,0.9948796107169093,0.9967590467326448
3,9,1.9045033574104309,0.5848537865533616,4001,2.0862511907305037,0.5772113943028486,667,2.0847323969149363,0.5758,0.9970364370884989,0.0833363897145886,,,0.8757004719362054,,0.8757261190206937,0.12427388097930625,0.9935858738345394,0.09968833298908297,5,0.001,0.1,0.9790054884442161,0.9890083221452531,0.9921327148076163,0.9939227862572979,0.9953696376227602,0.9946755200341243,0.9965410325857069,0.9979456465193807,0.9967704688246982,1.0,0.9950690802351396,0.9967993747681629
3,10,1.9093208479099586,0.5759835433273335,3889,2.08856133052281,0.5817901234567902,648,2.084878797348315,0.5761,0.9951334566766659,0.08300752502532856,,,0.8103986995133529,,0.8104164854389577,0.18958351456104228,0.9936124390906035,0.09967161137728336,5,0.001,0.1,0.9749301080652149,0.9856071237697738,0.9902244492927736,0.9915991823095908,0.9937460355910482,0.9942108071408977,0.9932522359270931,0.9952131020386397,0.9948796107169093,0.9950690802351396,1.0,0.9957490598398974
3,11,1.9241830240778561,0.5804273278818254,3791,2.087540030479431,0.5427215189873418,632,2.0848166302751046,0.5757,0.9963269633694707,0.08312370822793388,,,0.8334688840106984,,0.8334879809783396,0.16651201902166035,0.9936150835299083,0.09968102712549498,5,0.001,0.1,0.9769478268027539,0.9872116188064965,0.9907713158470688,0.9927473471362144,0.994507122650734,0.9945514544385319,0.9958232552755433,0.9968887163632956,0.9967590467326448,0.9967993747681629,0.9957490598398974,1.0
4,0,1.3700535458349532,0.643608473338203,8214,1.995802873788878,0.6216216216216216,1369,1.9982626716168925,0.6145,0.990434652459264,0.082416609166951,,,0.65,,0.6500178811339539,0.34998211886604613,0.996312321612032,0.09957879115730751,5,0.001,0.1,1.0,0.9958035919183045,0.9938186850815771,0.9909355909052061,0.9904046028686893,0.9866689123943059,0.9855469040397323,0.984696390074575,0.9837980573915852,0.9822985468500876,0.9786618481488316,0.9805328076575589
4,1,1.498909793779688,0.6324612108305445,6574,1.9926243373325894,0.6213503649635036,1096,1.996715231444508,0.613,0.9966364906411183,0.08331794939495718,,,0.8751700567122213,,0.875199350479891,0.12480064952010905,0.9968190101128925,0.09972680153611332,5,0.001,0.1,0.9958035919183045,1.0,0.9981220951806244,0.9968338831211436,0.9959255128269225,0.9944352758330921,0.9932911479617156,0.9927161302637209,0.9922320651410586,0.9907772416011548,0.9877856267041671,0.9893346276305928
4,2,1.5687754967594674,0.6104444060176379,5783,1.9922836326783704,0.6473029045643154,964,1.9966934530879743,0.613,0.9981215276843316,0.08350042364407748,,,0.9207552150644956,,0.9207720783676941,0.07922792163230585,0.9968336353427446,0.09972816111851257,5,0.001,0.1,0.9938186850815771,0.9981220951806244,1.0,0.9978306937285211,0.9975933349458798,0.9964117463753039,0.9954484196858695,0.9948661438638817,0.9946429211767173,0.9928105238701185,0.9913495523259931,0.9920937830650044
4,3,1.5969831221793072,0.6441838471723095,5287,1.998547694512776,0.6129398410896708,881,1.996687459107786,0.613,0.9988649176903156,0.08357383699495563,,,0.939095113658875,,0.939126820734383,0.06087317926561697,0.9968263057940246,0.09972937466193658,5,0.001,0.1,0.9909355909052061,0.9968338831211436,0.9978306937285211,1.0,0.9977085112589913,0.9978507741265893,0.9967660953963728,0.9968034964291137,0.996836191146504,0.9947370470089701,0.9932957982763823,0.9942425710544294
4,4,1.6320922579303865,0.6151165146909828,4935,1.9943855588252728,0.5948905109489051,822,1.9966877089521755,0.6129,0.9989171548255084,0.08361748850288452,,,0.949999999750183,,0.95001498149061,0.04998501850938997,0.996833093409125,0.09972942399790433,5,0.001,0.1,0.9904046028686893,0.9959255128269225,0.9975933349458798,0.9977085112589913,1.0,0.997360448571666,0.9969512143937445,0.9969681127741528,0.9965911514930119,0.995740478066099,0.9941086321468406,0.9951113444618886
4,5,1.6667463492857266,0.6356545961002785,4667,2.0010668992996217,0.6015424164524421,778,1.996702193071286,0.6131,0.9986610445207399,0.08349378165137021,,,0.9190959327778441,,0.919119281661689,0.08088071833831101,0.9968325685583433,0.09972815580839836,5,0.001,0.1,0.9866689123943059,0.9944352758330921,0.9964117463753039,0.9978507741265893,0.997360448571666,1.0,0.9971458805410485,0.9971633693124878,0.9972151721752374,0.9958758846634567,0.9954945861472739,0.9957393685665361
4,6,1.6777469168390546,0.6242533123736806,4453,2.0006664941708245,0.605121293800539,742,1.996701427922843,0.613,0.9983666681060368,0.08348851038436196,,,0.9177790809894595,,0.9177999439402287,0.08220005605977132,0.9968325684572716,0.09972815110333534,5,0.001,0.1,0.9855469040397323,0.9932911479617156,0.9954484196858695,0.9967660953963728,0.9969512143937445,0.9971458805410485,1.0,0.9977257688357108,0.9974704843354725,0.9964268143758545,0.9944845191132407,0.9965705003789026
4,7,1.6941652826408842,0.6189385083002105,4277,1.9983433225880498,0.5750350631136045,713,1.9966979963710894,0.613,0.9986158708864061,0.08352099692146368,,,0.9258947682452694,,0.9259141125641546,0.07408588743584543,0.9968366215779766,0.09972827416880566,5,0.001,0.1,0.984696390074575,0.9927161302637209,0.9948661438638817,0.9968034964291137,0.9969681127741528,0.9971633693124878,0.9977257688357108,1.0,0.9980880612340708,0.9980755546296539,0.9959617109167145,0.9977418635447179
4,8,1.7139971135212826,0.6303221118914991,4129,1.9857781312682412,0.6438953488372093,688,1.9967088912622617,0.6131,0.9982651944358434,0.0834396034259689,,,0.9055612943503923,,0.9055779472458221,0.09442205275417792,0.9968253415751255,0.09972785704174923,5,0.001,0.1,0.9837980573915852,0.9922320651410586,0.9946429211767173,0.996836191146504,0.9965911514930119,0.9972151721752374,0.9974704843354725,0.9980880612340708,1.0,0.9969745142438113,0.9956082809460428,0.9971432507188772
4,9,1.740337647426696,0.6058985253686578,4001,1.9977188621248518,0.6116941529235382,667,1.9967327243603838,0.6132,0.9974670866203238,0.08334108667998257,,,0.8809501424328565,,0.8809696407341897,0.11903035926581029,0.9968192720612525,0.09972685995218909,5,0.001,0.1,0.9822985468500876,0.9907772416011548,0.9928105238701185,0.9947370470089701,0.995740478066099,0.9958758846634567,0.9964268143758545,0.9980755546296539,0.9969745142438113,1.0,0.9958468206482289,0.9974933899470831
4,10,1.7447223585160052,0.5962972486500385,3889,1.9999740748178392,0.625,648,1.9969167450365548,0.6136,0.9959748345207409,0.08309112458997316,,,0.8185053782533775,,0.8185258213239771,0.1814741786760229,0.9967686438536508,0.0997172879378053,5,0.001,0.1,0.9786618481488316,0.9877856267041671,0.9913495523259931,0.9932957982763823,0.9941086321468406,0.9954945861472739,0.9944845191132407,0.9959617109167145,0.9956082809460428,0.9958468206482289,1.0,0.996595973812673
4,11,1.762024250551432,0.6079134792930625,3791,2.0016930758953095,0.5838607594936709,632,1.9968360887167933,0.6134,0.9970952382110285,0.08319858864305374,,,0.8453517190410362,,0.8453765186882014,0.1546234813117986,0.9968268016464671,0.09972055017086938,5,0.001,0.1,0.9805328076575589,0.9893346276305928,0.9920937830650044,0.9942425710544294,0.9951113444618886,0.9957393685665361,0.9965705003789026,0.9977418635447179,0.9971432507188772,0.9974933899470831,0.996595973812673,1.0
5,0,1.2586911691301992,0.6607986364743121,8214,1.8924185398013094,0.6435354273192111,1369,1.8963226864513116,0.6379,0.9907658481735463,0.0825568402069544,,,0.65,,0.6500178811339539,0.34998211886604613,0.997811502255957,0.0995886414906383,5,0.001,0.1,1.0,0.995595600840906,0.9937074991720495,0.9906917528959059,0.9906868230303484,0.9868393490667382,0.986296202390565,0.985511106485659,0.9839139578333279,0.9833060579904591,0.980051153514837,0.9818031251310106
5,1,1.3704092792515616,0.6456038941283846,6574,1.8877442019326347,0.6423357664233577,1096,1.894284676058224,0.6381,0.9967855429217412,0.08330421185171914,,,0.8738366402547155,,0.8738461835860856,0.12615381641391443,0.9979611663539643,0.09973350805669598,5,0.001,0.1,0.995595600840906,1.0,0.9978066374269772,0.9965413405686032,0.9960173012094706,0.9944812914922063,0.9936915746690375,0.9931713158056764,0.9922820127740003,0.9915768314608804,0.9889811063850262,0.9901977918752175
5,2,1.4324113532324523,0.6317482275635483,5783,1.8875013935950495,0.6649377593360996,964,1.894252921445682,0.638,0.9980678914557093,0.0834575716292359,,,0.9197676540816664,,0.9197910323696852,0.08020896763031482,0.9979995197033014,0.09973858048136852,5,0.001,0.1,0.9937074991720495,0.9978066374269772,1.0,0.9976652545828208,0.9974294289563657,0.9962084630106364,0.9956073504800971,0.995053211246898,0.9943148765042121,0.9932591028852104,0.9920882393528261,0.9925162281568055
5,3,1.4551203490739846,0.6570077548704369,5287,1.8966223044054848,0.6424517593643587,881,1.8942450814353773,0.638,0.9988684063687269,0.083528461452053,,,0.9409990452894892,,0.941026087124617,0.058973912875383006,0.998000784965877,0.09974020284744213,5,0.001,0.1,0.9906917528959059,0.9965413405686032,0.9976652545828208,1.0,0.9978022905777273,0.9975298216141553,0.9970999213788785,0.9969885090084427,0.9966851675620572,0.9952161591417967,0.9941606377013033,0.9948167880403326
5,4,1.4861768660237713,0.6295440729483283,4935,1.8926579585442176,0.6338199513381995,822,1.8942442854372457,0.638,0.9989697445188689,0.08355851487894038,,,0.9499999997005015,,0.95001498149061,0.04998501850938997,0.998001471611648,0.09974023663059534,5,0.001,0.1,0.9906868230303484,0.9960173012094706,0.9974294289563657,0.9978022905777273,1.0,0.9973237236427788,0.9972363695930458,0.9971246044335631,0.9964786163806206,0.9959494707793162,0.994827475234909,0.9955367431240749
5,5,1.5172860217421023,0.6524533961859867,4667,1.901612401008606,0.6195372750642674,778,1.8942624829447687,0.638,0.998579658052856,0.08347002188456472,,,0.9234964861060533,,0.9235170740665565,0.07648292593344352,0.9979994895917992,0.09973859153966153,5,0.001,0.1,0.9868393490667382,0.9944812914922063,0.9962084630106364,0.9975298216141553,0.9973237236427788,1.0,0.9972574303701995,0.9970065515472684,0.9970134677434664,0.9960129470158483,0.9960781475932524,0.99596123211758
5,6,1.5245063099690845,0.6384010779249943,4453,1.899049351612727,0.6172506738544474,742,1.8942615536455147,0.638,0.9984801260488422,0.0834635738963952,,,0.9215653237206741,,0.9215791457650709,0.07842085423492906,0.9979993975710374,0.09973858586948062,5,0.001,0.1,0.986296202390565,0.9936915746690375,0.9956073504800971,0.9970999213788785,0.9972363695930458,0.9972574303701995,1.0,0.9976598497491743,0.9972925921840263,0.9965000015474672,0.995088536309033,0.9967846935609284
5,7,1.541639784912565,0.6370353051204115,4277,1.8962438832158628,0.6002805049088359,713,1.8942588297322915,0.638,0.9986265517924892,0.08348823327607573,,,0.9289507694184347,,0.9289684035530297,0.07103159644697032,0.9979997964946724,0.09973868069203563,5,0.001,0.1,0.985511106485659,0.9931713158056764,0.995053211246898,0.9969885090084427,0.9971246044335631,0.9970065515472684,0.9976598497491743,1.0,0.9980008678973773,0.998009025143165,0.9961244308087968,0.9976135554293128
5,8,1.5552867587713095,0.6449503511746185,4129,1.8825378959829158,0.6686046511627907,688,1.894270380084126,0.638,0.9981720215009102,0.08342361951957294,,,0.909599050268892,,0.9096229497105189,0.09037705028948106,0.9980000660010528,0.09973837530096936,5,0.001,0.1,0.9839139578333279,0.9922820127740003,0.9943148765042121,0.9966851675620572,0.9964786163806206,0.9970134677434664,0.9972925921840263,0.9980008678973773,1.0,0.9970654090109248,0.9964400822364518,0.9973257662932664
5,9,1.5868441171116299,0.6169957510622345,4001,1.8945323966798329,0.6431784107946027,667,1.8942991278042047,0.6381,0.9976209108864676,0.0833453816354742,,,0.886166926184476,,0.8861889987531534,0.11381100124684662,0.9979997810062168,0.09973785358821531,5,0.001,0.1,0.9833060579904591,0.9915768314608804,0.9932591028852104,0.9952161591417967,0.9959494707793162,0.9960129470158483,0.9965000015474672,0.998009025143165,0.9970654090109248,1.0,0.9960499953912432,0.9972786502762727
5,10,1.5922386155753838,0.6111082540498843,3889,1.896701176961263,0.6404320987654321,648,1.8945216507957385,0.6381,0.99648693619012,0.08315540767560131,,,0.829270021931149,,0.8292931636075429,0.1707068363924571,0.9979798648679544,0.09972973720103084,5,0.001,0.1,0.980051153514837,0.9889811063850262,0.9920882393528261,0.9941606377013033,0.994827475234909,0.9960781475932524,0.995088536309033,0.9961244308087968,0.9964400822364518,0.9960499953912432,1.0,0.9967529651775205
5,11,1.6081016768928336,0.6244790292798734,3791,1.9016277313232421,0.6265822784810127,632,1.8944228898983795,0.6381,0.9973176067460969,0.08324816209341297,,,0.8570498251885763,,0.8570717468418051,0.1429282531581949,0.9979783100913093,0.09973254982213682,5,0.001,0.1,0.9818031251310106,0.9901977918752175,0.9925162281568055,0.9948167880403326,0.9955367431240749,0.99596123211758,0.9967846935609284,0.9976135554293128,0.9973257662932664,0.9972786502762727,0.9967529651775205,1.0
6,0,1.1681335888484108,0.6693206720233748,8214,1.7762583078340042,0.6566837107377648,1369,1.7817090593587857,0.6522,0.9911611153471261,0.08266008346286677,,,0.95,,0.95001498149061,0.04998501850938997,0.9967964765688562,0.09972620198114474,5,0.001,0.1,1.0,0.9950723404629539,0.9937469834556504,0.9906993489046814,0.9907520948858354,0.9868851805094304,0.9863944337557519,0.9859025621327189,0.9845722936404585,0.9837843599035344,0.9810263974478995,0.9826217155633433
6,1,1.264875553533869,0.6587161545482203,6574,1.770185364995684,0.656021897810219,1096,1.7795145865827322,0.6525,0.9967154608455143,0.08329799990052646,,,0.95,,0.95001498149061,0.04998501850938997,0.9982972148703542,0.09972620198114474,5,0.001,0.1,0.9950723404629539,1.0,0.9976052970039553,0.996201536967083,0.9955587311676236,0.9942435343627468,0.9933870649961727,0.9930697822332785,0.9925420644713143,0.9906368717129568,0.9892632582995776,0.9902505346289023
6,2,1.3203652504399337,0.6475877572194363,5783,1.7701849091437556,0.6732365145228216,964,1.7794798734469917,0.6525,0.9980407411053467,0.08343489096654252,,,0.95,,0.95001498149061,0.04998501850938997,0.99834619599589,0.09972620198114474,5,0.001,0.1,0.9937469834556504,0.9976052970039553,1.0,0.9973674572488785,0.9971967179999935,0.9960342472805778,0.9953422460036124,0.9948854981377161,0.9942498633099823,0.9923271447282003,0.9922497733725988,0.9926590777971878
6,3,1.3365166251199792,0.6677889162095706,5287,1.7820786663464137,0.662883087400681,881,1.7794701165665452,0.6524,0.9987666874237079,0.0835018282827407,,,0.95,,0.95001498149061,0.04998501850938997,0.9983659494175875,0.09972620198114474,5,0.001,0.1,0.9906993489046814,0.996201536967083,0.9973674572488785,1.0,0.9974279044849477,0.9973286403159266,0.9966047615017231,0.996730991665175,0.9964795327955942,0.9942295738555775,0.9944231550926952,0.9948237950270242
6,4,1.3626559260583693,0.6423910840932118,4935,1.778739699950585,0.6593673965936739,822,1.7794681722744585,0.6524,0.9987495531142053,0.08351971440162957,,,0.95,,0.95001498149061,0.04998501850938997,0.998366189837039,0.09972620198114474,5,0.001,0.1,0.9907520948858354,0.9955587311676236,0.9971967179999935,0.9974279044849477,1.0,0.9968871782772459,0.9969119678744035,0.996750621609327,0.9959333893986639,0.9947907360852586,0.994699602178085,0.9952039956354243
6,5,1.3915915159329977,0.6621384186843797,4667,1.7903190231323243,0.6362467866323908,778,1.7794901414420277,0.6525,0.9983823236141574,0.08345356038698597,,,0.95,,0.95001498149061,0.04998501850938997,0.9983462983697282,0.09972620198114474,5,0.001,0.1,0.9868851805094304,0.9942435343627468,0.9960342472805778,0.9973286403159266,0.9968871782772459,1.0,0.9969079053855007,0.9967266342936418,0.9965867358549432,0.9945083255826909,0.9959871356747253,0.9955940431195411
6,6,1.3956557147843498,0.6508870424432966,4453,1.7853540281454723,0.6293800539083558,742,1.779489127591776,0.6525,0.9983146967194403,0.0834474203603818,,,0.95,,0.95001498149061,0.04998501850938997,0.9983462550247733,0.09972620198114474,5,0.001,0.1,0.9863944337557519,0.9933870649961727,0.9953422460036124,0.9966047615017231,0.9969119678744035,0.9969079053855007,1.0,0.9972549813682391,0.9969653975614696,0.9954678141609314,0.9951846192557003,0.9964547297242935
6,7,1.4104415589304113,0.6493336450783259,4277,1.7819827587708184,0.6115007012622721,713,1.7794870347641527,0.6524,0.9985233061623122,0.08346928673416473,,,0.95,,0.95001498149061,0.04998501850938997,0.998346939720383,0.09972620198114474,5,0.001,0.1,0.9859025621327189,0.9930697822332785,0.9948854981377161,0.996730991665175,0.996750621609327,0.9967266342936418,0.9972549813682391,1.0,0.9978534030362389,0.9969531490907764,0.9959680103864144,0.9972736926722483
6,8,1.4284677867706006,0.6525066602082829,4129,1.7671558640219949,0.6686046511627907,688,1.779498325750089,0.6525,0.9979607040215644,0.08341147489815114,,,0.95,,0.95001498149061,0.04998501850938997,0.9983451478962783,0.09972620198114474,5,0.001,0.1,0.9845722936404585,0.9925420644713143,0.9942498633099823,0.9964795327955942,0.9959333893986639,0.9965867358549432,0.9969653975614696,0.9978534030362389,1.0,0.9951267163671423,0.9955811969274753,0.9967383917697659
6,9,1.4574996614266955,0.6330417395651087,4001,1.7788536378315516,0.6611694152923538,667,1.7795323518137582,0.6525,0.9967382255277694,0.08332399494687678,,,0.95,,0.95001498149061,0.04998501850938997,0.9983401981017497,0.09972620198114474,5,0.001,0.1,0.9837843599035344,0.9906368717129568,0.9923271447282003,0.9942295738555775,0.9947907360852586,0.9945083255826909,0.9954678141609314,0.9969531490907764,0.9951267163671423,1.0,0.9943162095407583,0.9958701256541557
6,10,1.459544627881441,0.6312162509642582,3889,1.7806543963296073,0.6574074074074074,648,1.7797787699836511,0.6527,0.9964943877447253,0.08319956140229894,,,0.95,,0.95001498149061,0.04998501850938997,0.9982617483304235,0.09972620198114474,5,0.001,0.1,0.9810263974478995,0.9892632582995776,0.9922497733725988,0.9944231550926952,0.994699602178085,0.9959871356747253,0.9951846192557003,0.9959680103864144,0.9955811969274753,0.9943162095407583,1.0,0.9963801890731737
