round,client_id,client_i_training_loss,client_i_training_accuracy,client_i_training_dataset_size,client_i_evaluation_loss,client_i_evaluation_accuracy,client_i_evaluation_dataset_size,client_i_central_evaluation_loss,client_i_central_evaluation_accuracy,client_i_cosine_similarity,client_i_importance_coefficient,client_i_tanh_val,tanh_normalization_value,client_i_q,client_i_mask_order,client_i_v_nonzero_fraction,client_i_v_sparsity,client_i_v_cosine_similarity,client_i_reward_gradient_norm,local_epochs,learning_rate,gamma,client_0_cosine_similarity,client_1_cosine_similarity,client_2_cosine_similarity,client_3_cosine_similarity,client_4_cosine_similarity,client_5_cosine_similarity,client_6_cosine_similarity,client_7_cosine_similarity,client_8_cosine_similarity,client_9_cosine_similarity,client_10_cosine_similarity,client_11_cosine_similarity
0,0,2.0154705720189017,0.47489651813976136,8214,2.255849056465681,0.2410518626734843,1369,2.255685239554213,0.2448,0.9668721131434321,0.08165280751966672,,,0.65,,0.6500178811339539,0.34998211886604613,0,0.09855613975479814,5,0.001,0.1,1.0,0.9871013027998311,0.9742858949775226,0.9640014790839324,0.9541059795055968,0.9446225940377151,0.9415653885541511,0.9327109700944748,0.9233247991285073,0.916472428440099,0.9178845622406391,0.9021261692995433
0,1,2.127643002931354,0.41347733495588684,6574,2.2576060226985386,0.2198905109489051,1096,2.2556373974004873,0.2451,0.9870880635115885,0.08336005409529873,,,0.8924079319133632,,0.8924280646813775,0.10757193531862252,0,0.0986024538832689,5,0.001,0.1,0.9871013027998311,1.0,0.985459311217813,0.9842262045511555,0.9736061984276623,0.9748249963350664,0.9725453512181657,0.9624217025820349,0.9577577024605396,0.9496725179493606,0.9512639999309029,0.9386840742840467
0,2,2.1678301969285827,0.425834342037005,5783,2.255567927514353,0.25622406639004147,964,2.2556354496806574,0.2451,0.9921794232663701,0.08379002183603641,,,0.9534580416686564,,0.9534800552865331,0.046519944713466876,0,0.09860326057039391,5,0.001,0.1,0.9742858949775226,0.985459311217813,1.0,0.985215541749743,0.9892981571766473,0.9785118117717625,0.9766826432123856,0.9763780917847236,0.967264831096615,0.9689369213119841,0.9617508349111358,0.9605452159026744
0,3,2.1872302352663984,0.3771136750520144,5287,2.256429595606668,0.2304199772985244,881,2.2556356164974907,0.2451,0.9952268912567132,0.08404738195001141,,,0.9899999998580123,,0.9900107286803723,0.00998927131962768,0,0.09860329164367578,5,0.001,0.1,0.9640014790839324,0.9842262045511555,0.985215541749743,1.0,0.988634313101181,0.9896715978863941,0.9910645305535439,0.9816260367226729,0.9806469357425703,0.9730486097284927,0.9773822956602388,0.963821123670243
0,4,2.1980146421924713,0.3882877406281662,4935,2.2575201254624586,0.24574209245742093,822,2.2556355563215553,0.2451,0.9936856734055399,0.08391722537311047,,,0.9715193731683389,,0.9715351678410222,0.02846483215897777,0,0.09860328071920896,5,0.001,0.1,0.9541059795055968,0.9736061984276623,0.9892981571766473,0.988634313101181,1.0,0.987876191957769,0.9873870623108183,0.9820524426367345,0.98116312977708,0.9822603555666697,0.9723054545030795,0.9754261038405424
0,5,2.2103594946534666,0.31142061281337047,4667,2.252930717468262,0.26735218508997427,778,2.2556356065951215,0.2451,0.9939775866003345,0.08394187758055652,,,0.9750196822094528,,0.9750389035481969,0.02496109645180311,0,0.09860328643106703,5,0.001,0.1,0.9446225940377151,0.9748249963350664,0.9785118117717625,0.9896715978863941,0.987876191957769,1.0,0.9948090449293695,0.9877958432941881,0.9898209560065475,0.982408408100723,0.9825695464072606,0.9789672825177373
0,6,2.2115981422151836,0.3040197619582304,4453,2.2555841207504272,0.25202156334231807,742,2.255635544895745,0.2451,0.9936362192888221,0.08391304894954986,,,0.9709263725950342,,0.9709455736944356,0.02905442630556443,0,0.09860328061213107,5,0.001,0.1,0.9415653885541511,0.9725453512181657,0.9766826432123856,0.9910645305535439,0.9873870623108183,0.9948090449293695,1.0,0.9888459962814791,0.9909275980389693,0.9852573193069977,0.9861863437545683,0.9768875212419342
0,7,2.2193143346416417,0.33902267944821135,4277,2.2535596930462383,0.25666199158485276,713,2.2556357086656953,0.2451,0.9899245656990271,0.0835995980473805,,,0.9264202151156297,,0.926436048366051,0.07356395163394902,0,0.09860316894326915,5,0.001,0.1,0.9327109700944748,0.9624217025820349,0.9763780917847236,0.9816260367226729,0.9820524426367345,0.9877958432941881,0.9888459962814791,1.0,0.9905932421570757,0.9901748137665966,0.9881660194498829,0.9785714044788862
0,8,2.226144464566157,0.2869459917655607,4129,2.25691358609633,0.2136627906976744,688,2.255637396638767,0.2451,0.9871581318055588,0.0833659713958838,,,0.8932481155270303,,0.8932689612510994,0.10673103874890055,0,0.098602457385985,5,0.001,0.1,0.9233247991285073,0.9577577024605396,0.967264831096615,0.9806469357425703,0.98116312977708,0.9898209560065475,0.9909275980389693,0.9905932421570757,1.0,0.9900636019144092,0.9849325413494184,0.9791122307009231
0,9,2.2276476424837868,0.3407648087978005,4001,2.2580718199412027,0.24437781109445278,667,2.2556386915639566,0.2451,0.9839514720620509,0.08309516746301779,,,0.8547973010652983,,0.8548196905114004,0.1451803094885996,0,0.09860067917289407,5,0.001,0.1,0.916472428440099,0.9496725179493606,0.9689369213119841,0.9730486097284927,0.9822603555666697,0.982408408100723,0.9852573193069977,0.9901748137665966,0.9900636019144092,1.0,0.9837239767912409,0.9823880402470351
0,10,2.2282901189366324,0.3747492928773464,3889,2.253950595855713,0.25925925925925924,648,2.25563909756109,0.2451,0.9822157770632598,0.08294858719896572,,,0.8339847136070266,,0.8340099167802361,0.16599008321976394,0,0.09859994821733636,5,0.001,0.1,0.9178845622406391,0.9512639999309029,0.9617508349111358,0.9773822956602388,0.9723054545030795,0.9825695464072606,0.9861863437545683,0.9881660194498829,0.9849325413494184,0.9837239767912409,1.0,0.9744047263248177
0,11,2.2310058385384184,0.35821682933262994,3791,2.253158390522003,0.2689873417721519,632,2.2556481300451505,0.2451,0.9753439551993469,0.08236825859052205,,,0.7515852173591493,,0.7516165511642068,0.24838344883579322,0,0.09859195663756351,5,0.001,0.1,0.9021261692995433,0.9386840742840467,0.9605452159026744,0.963821123670243,0.9754261038405424,0.9789672825177373,0.9768875212419342,0.9785714044788862,0.9791122307009231,0.9823880402470351,0.9744047263248177,1.0
1,0,1.7478735926550186,0.5580472364256148,8214,2.2010529983875364,0.42074506939371803,1369,2.200406488899987,0.4246,0.9823892577426361,0.08192073138324248,,,0.65,,0.6500178811339539,0.34998211886604613,0.9673038444532529,0.09936865028370952,5,0.001,0.1,1.0,0.9936969247994578,0.9901448768196494,0.9841636956971508,0.9815108872488757,0.9758624097823311,0.9746354114699621,0.9707716428858707,0.9656620792640335,0.9635668129372793,0.9613600520984755,0.9587483647289485
1,1,1.893747652271419,0.5453605111043505,6574,2.2005006790161135,0.4306569343065693,1096,2.2002933817549635,0.4258,0.9919315075168745,0.08327799596524875,,,0.8872810669451721,,0.88729569596273,0.11270430403727005,0.9675784344550199,0.09941779536451573,5,0.001,0.1,0.9936969247994578,1.0,0.9957860650520646,0.9923682478922731,0.9901207367944466,0.9881557809228557,0.986626260249357,0.9822664028261825,0.9795072363263168,0.9773338805918411,0.9748259402338795,0.9730376379530828
1,2,1.969723855329482,0.5467404461352239,5783,2.2006458005597516,0.4367219917012448,964,2.200290924443985,0.4258,0.9956274762642424,0.08366161798181544,,,0.9543470190088814,,0.9543692792453194,0.045630720754680554,0.9675742135137974,0.09941832088670535,5,0.001,0.1,0.9901448768196494,0.9957860650520646,1.0,0.9940040620644947,0.9946765969753136,0.9907086539795029,0.9905859621433237,0.9891492606824276,0.985562427706728,0.9847883575368841,0.9817499257450389,0.9805934906839997
1,3,2.012287686100925,0.5131832797427652,5287,2.2015471373285567,0.4120317820658343,881,2.2002908223734114,0.4258,0.9970453847599837,0.08386555556827315,,,0.989999999825177,,0.9900107286803723,0.00998927131962768,0.9675783516727825,0.0994183521708082,5,0.001,0.1,0.9841636956971508,0.9923682478922731,0.9940040620644947,1.0,0.9957037514988233,0.994291144702077,0.9953571244810911,0.9906904234877804,0.9893253565881709,0.9876364527730133,0.9875278568904459,0.9834544590217279
1,4,2.0342889755002913,0.5301317122593718,4935,2.2028361558914185,0.4124087591240876,822,2.200290874170419,0.4258,0.9978786032564141,0.0838125401601277,,,0.9807316870908303,,0.9807512009356183,0.019248799064381705,0.9675773508839125,0.09941834938052442,5,0.001,0.1,0.9815108872488757,0.9901207367944466,0.9946765969753136,0.9957037514988233,1.0,0.9951992219331828,0.9958075452301896,0.9926229415660963,0.9925322944622758,0.9906859578521136,0.9874346472498936,0.9881643418945046
1,5,2.065522609998102,0.4827083779730019,4667,2.197550039291382,0.42930591259640105,778,2.2002909137798956,0.4258,0.9975006289344763,0.0838154634765509,,,0.9812427500398775,,0.9812586385207953,0.018741361479204688,0.9675777460219904,0.09941834940151034,5,0.001,0.1,0.9758624097823311,0.9881557809228557,0.9907086539795029,0.994291144702077,0.9951992219331828,1.0,0.9969089617950657,0.993020916594438,0.9934628163484769,0.9914653604793664,0.9894725975920047,0.9913602478307479
1,6,2.068962710755212,0.49404895576016167,4453,2.1992319424947104,0.44339622641509435,742,2.200290866553212,0.4258,0.9978784218418075,0.08380996874232655,,,0.9802821441148276,,0.9803017562173186,0.01969824378268137,0.9675773471611102,0.09941834935789168,5,0.001,0.1,0.9746354114699621,0.986626260249357,0.9905859621433237,0.9953571244810911,0.9958075452301896,0.9969089617950657,1.0,0.9941541676485344,0.9947275573852192,0.993629099500504,0.9917682111398863,0.9901780232777421
1,7,2.0865238111410567,0.5256020575169511,4277,2.1985523286073105,0.4431977559607293,713,2.2002913532927395,0.4258,0.9962141268295331,0.08356360892562265,,,0.9372127817112867,,0.9372227216052426,0.06277727839475744,0.9675703306909679,0.09941820229657498,5,0.001,0.1,0.9707716428858707,0.9822664028261825,0.9891492606824276,0.9906904234877804,0.9926229415660963,0.993020916594438,0.9941541676485344,1.0,0.9931833850806512,0.995826447747791,0.9928732699638569,0.9900182610441416
1,8,2.104156635724581,0.46447081617825137,4129,2.201612797650424,0.41424418604651164,688,2.2002930641174316,0.4258,0.9950032401670321,0.0833809439442958,,,0.9052787415562811,,0.9052976483892481,0.09470235161075191,0.9675785467533143,0.09941801700353321,5,0.001,0.1,0.9656620792640335,0.9795072363263168,0.985562427706728,0.9893253565881709,0.9925322944622758,0.9934628163484769,0.9947275573852192,0.9931833850806512,1.0,0.9954883849515643,0.9906403009173935,0.9899690390542131
1,9,2.106430645216079,0.5026743314171457,4001,2.2045043877192905,0.4002998500749625,667,2.2002964469190602,0.4258,0.9945960817768619,0.08320142673298342,,,0.8738950040006619,,0.8739041764529629,0.12609582354703708,0.9675540865789709,0.09941730905746156,5,0.001,0.1,0.9635668129372793,0.9773338805918411,0.9847883575368841,0.9876364527730133,0.9906859578521136,0.9914653604793664,0.993629099500504,0.995826447747791,0.9954883849515643,1.0,0.9940962692482651,0.9907296738115365
1,10,2.108933111683267,0.5239393160195422,3889,2.1975442681993758,0.4212962962962963,648,2.200296744751854,0.4258,0.9925241921701707,0.08304439651743183,,,0.8464425105202565,,0.8464638849421521,0.15353611505784792,0.9675515095315729,0.09941658094708904,5,0.001,0.1,0.9613600520984755,0.9748259402338795,0.9817499257450389,0.9875278568904459,0.9874346472498936,0.9894725975920047,0.9917682111398863,0.9928732699638569,0.9906403009173935,0.9940962692482651,1.0,0.9888031345893995
1,11,2.1146172621670893,0.5118438406752835,3791,2.195906627178192,0.4462025316455696,632,2.2003121261779492,0.4255,0.9912203935846651,0.08264575060208122,,,0.7767500353892074,,0.7767661244333613,0.22323387556663865,0.9675188824392649,0.09941133052128816,5,0.001,0.1,0.9587483647289485,0.9730376379530828,0.9805934906839997,0.9834544590217279,0.9881643418945046,0.9913602478307479,0.9901780232777421,0.9900182610441416,0.9899690390542131,0.9907296738115365,0.9888031345893995,1.0
2,0,1.5434020994702202,0.6012661309958607,8214,2.1304842649504194,0.537618699780862,1369,2.1290714337041203,0.5478,0.9886948194863712,0.0822152108883417,,,0.65,,0.6500178811339539,0.34998211886604613,0.9879445097326363,0.09958168221800906,5,0.001,0.1,1.0,0.9953065076076922,0.9928073557688182,0.98957918556604,0.9878265691591286,0.9836187645305123,0.9837907620578034,0.9817158108984836,0.9792850495198192,0.9778372662477027,0.9761128496726837,0.974859478744612
2,1,1.6730252517079844,0.6108305445695162,6574,2.126725380761283,0.5492700729927007,1096,2.1288573079215833,0.5482,0.9955735843554683,0.08327042033929642,,,0.8883709314350732,,0.8883878949555871,0.11161210504441288,0.9881725722824021,0.09964739370723258,5,0.001,0.1,0.9953065076076922,1.0,0.9966334973067261,0.9954846554508224,0.9940122474364456,0.9928725413413186,0.9923739975442494,0.9904498115583206,0.9891330467170557,0.9874766676531841,0.9857994218079573,0.9852900769627537
2,2,1.7511723895099283,0.6003804253847485,5783,2.1297469677463656,0.5477178423236515,964,2.1288544941253176,0.5483,0.9972715116725666,0.08356071205037717,,,0.9539475859045642,,0.9539729946549907,0.04602700534500925,0.9881775318397146,0.09964853500642899,5,0.001,0.1,0.9928073557688182,0.9966334973067261,1.0,0.9958846040936713,0.9963115759130746,0.9939241999117427,0.9942730750498215,0.9938434571439873,0.9921037391447426,0.9914138960163249,0.9887207838349531,0.9891665148888402
2,3,1.8012761187840658,0.5810856818611689,5287,2.130749923842294,0.5300794551645857,881,2.1288544050039957,0.5483,0.998337386796216,0.08372030721416596,,,0.9899999997741008,,0.9900107286803723,0.00998927131962768,0.9881761530512663,0.09964865119410764,5,0.001,0.1,0.98957918556604,0.9954846554508224,0.9958846040936713,1.0,0.9969049279723065,0.9967538809325623,0.997159310923279,0.9947935985325902,0.9947546458287048,0.9927342395974517,0.992502875033168,0.9912023514861739
2,4,1.825949811012514,0.5959067882472138,4935,2.132021197905907,0.5535279805352799,822,2.1288544689885343,0.5483,0.9985252152895725,0.08369383671056455,,,0.9840203351745136,,0.9840326306530963,0.01596736934690368,0.9881765057375693,0.09964864271361094,5,0.001,0.1,0.9878265691591286,0.9940122474364456,0.9963115759130746,0.9969049279723065,1.0,0.9967898621490795,0.997209917734059,0.9954292844679307,0.9963241378465635,0.9942952606786079,0.9918985266133913,0.9929794761660116
2,5,1.8724922059333489,0.5756160274266123,4667,2.126029758453369,0.5616966580976864,778,2.128854472797138,0.5483,0.9982579268029157,0.08368699686456714,,,0.9824752196907592,,0.9824909869419395,0.01750901305806052,0.9881765045610846,0.09964864267824179,5,0.001,0.1,0.9836187645305123,0.9928725413413186,0.9939241999117427,0.9967538809325623,0.9967898621490795,1.0,0.9978469881933416,0.9957043311029999,0.9962786928740783,0.9943841850286926,0.9935452509459894,0.9950234054881629
2,6,1.8760723803724562,0.594251066696609,4453,2.1264201601346335,0.5539083557951483,742,2.1288544735588584,0.5483,0.9986180637784879,0.08369525773470912,,,0.9843413433389381,,0.9843515914209219,0.01564840857907812,0.9881765060781027,0.09964864271863469,5,0.001,0.1,0.9837907620578034,0.9923739975442494,0.9942730750498215,0.997159310923279,0.997209917734059,0.9978469881933416,1.0,0.9965382866480234,0.9971122650345698,0.9956133991296581,0.9948063114272937,0.9943183152740268
2,7,1.904814114499448,0.6032265606733692,4277,2.1271734134010645,0.5553997194950911,713,2.1288550768416528,0.5483,0.9978278846663284,0.08351853185934713,,,0.9444191160687004,,0.9444331680536627,0.05556683194633727,0.9881764158082723,0.09964841718317032,5,0.001,0.1,0.9817158108984836,0.9904498115583206,0.9938434571439873,0.9947935985325902,0.9954292844679307,0.9957043311029999,0.9965382866480234,1.0,0.9961176945166247,0.997334672924144,0.9953899506887863,0.9942952429073122
2,8,1.9291554905818058,0.5823686122547832,4129,2.130108269778165,0.5436046511627907,688,2.1288564365131024,0.5482,0.9974078519815534,0.08339285472073282,,,0.9160287556862362,,0.9160504924560946,0.0839495075439054,0.9881760830613472,0.09964804044458726,5,0.001,0.1,0.9792850495198192,0.9891330467170557,0.9921037391447426,0.9947546458287048,0.9963241378465635,0.9962786928740783,0.9971122650345698,0.9961176945166247,1.0,0.9964437668781659,0.9946843726161774,0.994310094306651
2,9,1.9364864063641383,0.5858035491127218,4001,2.135912372952416,0.5367316341829086,667,2.1288610746304446,0.5482,0.9966522770827395,0.08325827074671853,,,0.8856263486446815,,0.8856428992567248,0.11435710074327521,0.988171336495506,0.09964738732693863,5,0.001,0.1,0.9778372662477027,0.9874766676531841,0.9914138960163249,0.9927342395974517,0.9942952606786079,0.9943841850286926,0.9956133991296581,0.997334672924144,0.9964437668781659,1.0,0.9957580343512423,0.9942497775410218
2,10,1.9398026765369978,0.5884289020313705,3889,2.124669154485067,0.5432098765432098,648,2.128862994166609,0.5482,0.9953832221323282,0.0831209014460958,,,0.8545947386544572,,0.8546118827384231,0.14538811726157685,0.98816684846307,0.09964595966643561,5,0.001,0.1,0.9761128496726837,0.9857994218079573,0.9887207838349531,0.992502875033168,0.9918985266133913,0.9935452509459894,0.9948063114272937,0.9953899506887863,0.9946843726161774,0.9957580343512423,1.0,0.9931579930135758
2,11,1.9514242677127613,0.6005803218148246,3791,2.121991455554962,0.5806962025316456,632,2.1288838516028163,0.5483,0.9950880004435771,0.0828666994250836,,,0.7971707149532551,,0.79718927905201,0.20281072094799002,0.98814842396568,0.0996398187721851,5,0.001,0.1,0.974859478744612,0.9852900769627537,0.9891665148888402,0.9912023514861739,0.9929794761660116,0.9950234054881629,0.9943183152740268,0.9942952429073122,0.994310094306651,0.9942497775410218,0.9931579930135758,1.0
3,0,1.391231476193736,0.6242025809593377,8214,2.0431498205939005,0.5843681519357194,1369,2.040753735140109,0.6152,0.9898793291973425,0.08241700625712484,,,0.65,,0.6500178811339539,0.34998211886604613,0.9952997997379999,0.09961745056798994,5,0.001,0.1,1.0,0.9950486372783666,0.9934903566490496,0.9901738421905018,0.9888614394747001,0.9851378631342802,0.9854151794300734,0.9840974982365195,0.9820020507269531,0.9798868834847706,0.9803084359924596,0.9788187551040398
3,1,1.498044782934837,0.6376026772132644,6574,2.035055943897792,0.6195255474452555,1096,2.040371578341475,0.616,0.9960429056750054,0.0832635529658368,,,0.8898950571861116,,0.8899150404500247,0.11008495954997533,0.9954388147050799,0.09969985383874595,5,0.001,0.1,0.9950486372783666,1.0,0.9966168423582841,0.995711873973334,0.9945801243892709,0.9934381985721539,0.9932037451810727,0.9919245591403332,0.9904090832688408,0.9888220260301954,0.9889557475913997,0.9881407146651114
3,2,1.5666254110099203,0.6210271485388207,5783,2.0420976108120334,0.6151452282157677,964,2.0403649848870957,0.616,0.9976747102476929,0.08349437986950659,,,0.9553069626203763,,0.9553261615487961,0.04467383845120387,0.9954556413981931,0.09970180114161403,5,0.001,0.1,0.9934903566490496,0.9966168423582841,1.0,0.9960507060651892,0.9969406882132467,0.9948311651623086,0.9949984123060852,0.9946485427063768,0.9937450945111967,0.9920115924244183,0.9912163494782223,0.9917875255864473
3,3,1.6150033354759217,0.609078872706639,5287,2.0431112221309116,0.6208853575482406,881,2.040364743421634,0.616,0.99843319795264,0.08361680538637024,,,0.9899999997166192,,0.9900107286803723,0.00998927131962768,0.995457171923725,0.09970192828481585,5,0.001,0.1,0.9901738421905018,0.995711873973334,0.9960507060651892,1.0,0.9969838626507115,0.9968059111888399,0.9970079344246467,0.9954886340100797,0.9952688945698157,0.9942540196936456,0.9942322630085554,0.9933796834819251
3,4,1.6322437412508073,0.6175075987841945,4935,2.0441861977944007,0.621654501216545,822,2.0403648531094145,0.616,0.9987465715317372,0.08361068326443484,,,0.9882651080955431,,0.9882757754129575,0.011724224587042475,0.9954570077648744,0.09970192826756838,5,0.001,0.1,0.9888614394747001,0.9945801243892709,0.9969406882132467,0.9969838626507115,1.0,0.9973642029501757,0.9974160905957976,0.9962685321865259,0.9966189358772787,0.994885916504781,0.9942671403723362,0.9949023771250782
3,5,1.681767000482507,0.6176987358045853,4667,2.0378193283081054,0.622107969151671,778,2.0403648192128436,0.616,0.9985047020012825,0.08359867495102881,,,0.9848621830098953,,0.9848783599617247,0.015121640038275319,0.9954567959483966,0.0997019105027789,5,0.001,0.1,0.9851378631342802,0.9934381985721539,0.9948311651623086,0.9968059111888399,0.9973642029501757,1.0,0.9976852583059033,0.9965784238935367,0.9966539303417675,0.9956671839779192,0.9956928475527659,0.9963068376873294
3,6,1.6826084748336247,0.6314394790029194,4453,2.036431203285853,0.6320754716981132,742,2.040364851585973,0.616,0.9986106281133003,0.08360716486850474,,,0.9872680623517359,,0.9872850639371358,0.012714936062864224,0.9954570075285342,0.09970192825594501,5,0.001,0.1,0.9854151794300734,0.9932037451810727,0.9949984123060852,0.9970079344246467,0.9974160905957976,0.9976852583059033,1.0,0.9970387009186586,0.9969003302681445,0.9961852939663637,0.9959657416802995,0.9956102182016344
3,7,1.7130152537751553,0.6274491465980828,4277,2.038642593052076,0.6171107994389902,713,2.0403655359920223,0.6159,0.9981479555451683,0.08348378119738852,,,0.95230350276672,,0.9523250306878921,0.04767496931210791,0.995455072188883,0.09970180061049358,5,0.001,0.1,0.9840974982365195,0.9919245591403332,0.9946485427063768,0.9954886340100797,0.9962685321865259,0.9965784238935367,0.9970387009186586,1.0,0.9969337152798925,0.9971380462054917,0.9962143084569807,0.9955669536367651
3,8,1.7488093962119176,0.62460644223783,4129,2.04141319881786,0.6133720930232558,688,2.040367497803685,0.6159,0.9977896059228126,0.08339509089636093,,,0.9271703770715802,,0.9271851228965504,0.07281487710344958,0.9954463145086012,0.09970121385377698,5,0.001,0.1,0.9820020507269531,0.9904090832688408,0.9937450945111967,0.9952688945698157,0.9966189358772787,0.9966539303417675,0.9969003302681445,0.9969337152798925,1.0,0.9972551674245154,0.99600361445181,0.9957981985361828
3,9,1.7508243574036493,0.6074981254686328,4001,2.050897416614351,0.6011994002998501,667,2.0403755880392396,0.616,0.9970630948655892,0.08328904529271304,,,0.8971190923761918,,0.8971351523762577,0.10286484762374226,0.9954355535500271,0.09970018881087413,5,0.001,0.1,0.9798868834847706,0.9888220260301954,0.9920115924244183,0.9942540196936456,0.994885916504781,0.9956671839779192,0.9961852939663637,0.9971380462054917,0.9972551674245154,1.0,0.9971980811239274,0.9955931882206869
3,10,1.7531242573847536,0.6171252249935716,3889,2.034453448795137,0.6111111111111112,648,2.040381840623606,0.6161,0.9967762249460772,0.08319548898942881,,,0.8706070352203156,,0.8706227467354849,0.1293772532645151,0.9954267809982087,0.09969820976944142,5,0.001,0.1,0.9803084359924596,0.9889557475913997,0.9912163494782223,0.9942322630085554,0.9942671403723362,0.9956928475527659,0.9959657416802995,0.9962143084569807,0.99600361445181,0.9971980811239274,1.0,0.9954288869024442
3,11,1.7681042989762892,0.6245317858084938,3791,2.030227339267731,0.6598101265822784,632,2.040414123108593,0.6158,0.9964300138997018,0.08302832606130181,,,0.8232362761237022,,0.8232570727133895,0.17674292728661045,0.9954019708227456,0.0996937394975335,5,0.001,0.1,0.9788187551040398,0.9881407146651114,0.9917875255864473,0.9933796834819251,0.9949023771250782,0.9963068376873294,0.9956102182016344,0.9955669536367651,0.9957981985361828,0.9955931882206869,0.9954288869024442,1.0
4,0,1.275344221044607,0.6376917457998539,8214,1.9392619437949603,0.623082542001461,1369,1.9358806381591211,0.6419,0.9902909171012965,0.08254924124905176,,,0.65,,0.6500178811339539,0.34998211886604613,0.9964625524136799,0.09962154423180695,5,0.001,0.1,1.0,0.9952945657573814,0.9933613843761984,0.9906353062027475,0.9889839861530572,0.9859140625777815,0.9859456546178985,0.9845311383721211,0.9822243972106435,0.9816312269645423,0.9818367281083613,0.9795873528049291
4,1,1.3614842720402098,0.654456951627624,6574,1.9260121209280832,0.6541970802919708,1096,1.9352314525518934,0.6428,0.9962339355829005,0.08326058451765982,,,0.8903780869673386,,0.890393481601763,0.10960651839823699,0.9968801963250321,0.09971450944946428,5,0.001,0.1,0.9952945657573814,1.0,0.9966990291404174,0.9956837577465668,0.9944179278340552,0.9935725680688702,0.992953775852095,0.9923019684590365,0.9906015494861538,0.9901181044780812,0.9904237602281795,0.9888887305653127
4,2,1.4206922844628602,0.6300881895210099,5783,1.9380335384799587,0.6483402489626556,964,1.935220374466893,0.643,0.997919615079864,0.08345665131246102,,,0.9566332455272206,,0.9566551647480693,0.04334483525193067,0.996889888653511,0.09971676434568526,5,0.001,0.1,0.9933613843761984,0.9966990291404174,1.0,0.9963271828749511,0.9969479156769931,0.99527413260558,0.9955090377987644,0.9948482506679781,0.9937146214074568,0.9935437910334322,0.9925438874690764,0.9923135302010708
4,3,1.4629072261862008,0.6236050690372612,5287,1.938825820173536,0.637911464245176,881,1.9352199444755578,0.6429,0.998379256154088,0.08354661230778163,,,0.9870329876927144,,0.9870530924696262,0.012946907530373752,0.9968898791666839,0.09971691608253998,5,0.001,0.1,0.9906353062027475,0.9956837577465668,0.9963271828749511,1.0,0.996695759933761,0.9968603036562494,0.9969527672238155,0.9956529373388606,0.9946106312237437,0.9946929271696243,0.9947384118353418,0.9936948589686372
4,4,1.4729182540216754,0.6322188449848024,4935,1.9396758446326623,0.6447688564476886,822,1.935220087298189,0.6429,0.9987674630555478,0.08355539249244369,,,0.9899999996620786,,0.9900107286803723,0.00998927131962768,0.9968898773163307,0.09971691611520465,5,0.001,0.1,0.9889839861530572,0.9944179278340552,0.9969479156769931,0.996695759933761,1.0,0.9971898455171183,0.9973817395281754,0.9964741242467823,0.9958002893362028,0.9961189425745663,0.9955379599913083,0.9956257990716378
4,5,1.5197164278324335,0.6363402614098993,4667,1.9332403802871705,0.6491002570694088,778,1.9352199993194483,0.6429,0.9985170146789722,0.0835399365920579,,,0.9847771207356157,,0.9847913706614086,0.01520862933859135,0.9968898793405814,0.09971689981981514,5,0.001,0.1,0.9859140625777815,0.9935725680688702,0.99527413260558,0.9968603036562494,0.9971898455171183,1.0,0.9975913425654206,0.9967559608040847,0.99567802440217,0.9964083433317275,0.9962872210320687,0.9966181458906718
4,6,1.5162349643877575,0.6431169997754322,4453,1.9297355711460114,0.6536388140161725,742,1.9352200884407702,0.6429,0.9986898436500893,0.08355072707701551,,,0.9884234561211127,,0.9884400885357768,0.011559911464223194,0.996889877085706,0.09971691610024999,5,0.001,0.1,0.9859456546178985,0.992953775852095,0.9955090377987644,0.9969527672238155,0.9973817395281754,0.9975913425654206,1.0,0.9974102966059709,0.9964094370316576,0.9971088382025162,0.9968795306698072,0.9960714112259892
4,7,1.5452010726750787,0.6365676876315174,4277,1.9334302415018496,0.6507713884992987,713,1.9352207640870311,0.643,0.9982300530964053,0.08346017335251844,,,0.9578234181043535,,0.957839185780149,0.04216081421985096,0.9968898854171889,0.09971676451356598,5,0.001,0.1,0.9845311383721211,0.9923019684590365,0.9948482506679781,0.9956529373388606,0.9964741242467823,0.9967559608040847,0.9974102966059709,1.0,0.9962789796352977,0.9975694744856652,0.9968267280846232,0.9960614370480648
4,8,1.5777606313962202,0.6332768224751756,4129,1.9357602000236511,0.6293604651162791,688,1.9352234792404663,0.6429,0.9972621366967224,0.08337449751107218,,,0.9288717209772128,,0.92888624699162,0.07111375300837997,0.9968906331411824,0.09971587845610928,5,0.001,0.1,0.9822243972106435,0.9906015494861538,0.9937146214074568,0.9946106312237437,0.9958002893362028,0.99567802440217,0.9964094370316576,0.9962789796352977,1.0,0.9970312487953207,0.9958167295062873,0.9949491139396941
4,9,1.5818635810935309,0.6204448887778056,4001,1.9498783009392875,0.6221889055472264,667,1.935233460828519,0.6429,0.9976130987378512,0.08332076412015749,,,0.9107140602747846,,0.9107344796590019,0.0892655203409981,0.9968846515356075,0.09971550606497395,5,0.001,0.1,0.9816312269645423,0.9901181044780812,0.9935437910334322,0.9946929271696243,0.9961189425745663,0.9964083433317275,0.9971088382025162,0.9975694744856652,0.9970312487953207,1.0,0.9969968557013499,0.9960899065800798
4,10,1.5818655619855786,0.6295191565955258,3889,1.9277940364111037,0.6388888888888888,648,1.9352453832809156,0.6429,0.9973466650026707,0.08325475597864025,,,0.888408499116906,,0.8884265568668387,0.11157344313316131,0.9968643981391263,0.09971408388456791,5,0.001,0.1,0.9818367281083613,0.9904237602281795,0.9925438874690764,0.9947384118353418,0.9955379599913083,0.9962872210320687,0.9968795306698072,0.9968267280846232,0.9958167295062873,0.9969968557013499,1.0,0.9962472464360235
4,11,1.596054266981718,0.634555526246373,3791,1.9214093744754792,0.6708860759493671,632,1.935296098645122,0.6428,0.9966801212787976,0.08313066348914033,,,0.8464749959133484,,0.8464928813755908,0.15350711862440924,0.9968580733227611,0.0997098675629384,5,0.001,0.1,0.9795873528049291,0.9888887305653127,0.9923135302010708,0.9936948589686372,0.9956257990716378,0.9966181458906718,0.9960714112259892,0.9960614370480648,0.9949491139396941,0.9960899065800798,0.9962472464360235,1.0
5,0,1.1837605879464501,0.650645239834429,8214,1.8207220892573512,0.6391526661796932,1369,1.8162672515875233,0.6554,0.9902706335406412,0.0826297937025917,,,0.99,,0.9900107286803723,0.00998927131962768,0.9968912154237506,0.09971654897343472,5,0.001,0.1,1.0,0.995002706962756,0.9927958208643346,0.9909626036799495,0.9884634205872486,0.9858886143655505,0.985851593228885,0.9843960290465512,0.983373333072969,0.9814432745541963,0.9821620031971373,0.9793193244538889
5,1,1.2531343990737953,0.6616063279586248,6574,1.8014166968209402,0.6706204379562044,1096,1.8154630154466476,0.6558,0.9960746883734928,0.08325369207978721,,,0.99,,0.9900107286803723,0.00998927131962768,0.9979017349126488,0.09971654897343472,5,0.001,0.1,0.995002706962756,1.0,0.9962284104338038,0.9956254312485512,0.9936302138332804,0.9932774270909953,0.9926776701669963,0.9920193869059931,0.9911931062195732,0.9899301268036063,0.9906602823188196,0.9887724535088955
5,2,1.30319802899387,0.642642227217707,5783,1.8196793063994376,0.6514522821576764,964,1.8154495025214297,0.6559,0.9978162161080179,0.08343023454163863,,,0.99,,0.9900107286803723,0.00998927131962768,0.9979284776015332,0.09971654897343472,5,0.001,0.1,0.9927958208643346,0.9962284104338038,1.0,0.9964789332462406,0.9967322852523525,0.9950359244191679,0.9953564788277667,0.9945009365766556,0.9943511663371702,0.9930898609708041,0.9928983342625383,0.9923426563596605
5,3,1.3404031567544823,0.63381880083223,5287,1.8198431857994624,0.6515323496027242,881,1.8154490051178125,0.6559,0.9982740158748007,0.0835002166326991,,,0.99,,0.9900107286803723,0.00998927131962768,0.9979303292077188,0.09971654897343472,5,0.001,0.1,0.9909626036799495,0.9956254312485512,0.9964789332462406,1.0,0.9963829372688547,0.9964329142927106,0.9963453304190055,0.9954017624613225,0.9951910156126795,0.9943595867449934,0.9946640373666072,0.9934202836906066
5,4,1.343340934553454,0.6433232016210739,4935,1.8203546221439655,0.6654501216545012,822,1.8154491654600198,0.6559,0.9986108021131693,0.08351647999627558,,,0.99,,0.9900107286803723,0.00998927131962768,0.997930331072055,0.09971654897343472,5,0.001,0.1,0.9884634205872486,0.9936302138332804,0.9967322852523525,0.9963829372688547,1.0,0.9968276856861027,0.9970225363273226,0.9961176855275761,0.9969349416003953,0.9959993900116435,0.9958325258792589,0.9953264688443664
5,5,1.38638026322404,0.6453824726805228,4667,1.8141611194610596,0.6580976863753213,778,1.8154489898833985,0.6559,0.9984211067409114,0.08350087065099267,,,0.99,,0.9900107286803723,0.00998927131962768,0.9979301694276076,0.09971654897343472,5,0.001,0.1,0.9858886143655505,0.9932774270909953,0.9950359244191679,0.9964329142927106,0.9968276856861027,1.0,0.9971789588344042,0.9966363385332652,0.9964486413893204,0.9964048942393601,0.9963117620327001,0.9965379759478963
5,6,1.378361042397363,0.6536267684706939,4453,1.808264250556628,0.6657681940700808,742,1.8154491730772269,0.6559,0.9985283214708387,0.08351095380403914,,,0.99,,0.9900107286803723,0.00998927131962768,0.9979303312386123,0.09971654897343472,5,0.001,0.1,0.985851593228885,0.9926776701669963,0.9953564788277667,0.9963453304190055,0.9970225363273226,0.9971789588344042,1.0,0.9972077892092083,0.9969651076250186,0.9968105087163995,0.9968527640838093,0.9959914398049894
5,7,1.4044609874042113,0.642927285480477,4277,1.8135623776394387,0.6563814866760168,713,1.8154498399636996,0.6559,0.9980707316406316,0.08344061480694555,,,0.99,,0.9900107286803723,0.00998927131962768,0.9979284785324333,0.09971654897343472,5,0.001,0.1,0.9843960290465512,0.9920193869059931,0.9945009365766556,0.9954017624613225,0.9961176855275761,0.9966363385332652,0.9972077892092083,1.0,0.9967868763406341,0.9973359654428898,0.9965320856662448,0.9958455194007678
5,8,1.4377879095077515,0.6435456527004118,4129,1.8153943527828564,0.6409883720930233,688,1.815453660754731,0.6559,0.9980107479895216,0.08338610890050294,,,0.99,,0.9900107286803723,0.00998927131962768,0.9979162202081997,0.09971654897343472,5,0.001,0.1,0.983373333072969,0.9911931062195732,0.9943511663371702,0.9951910156126795,0.9969349416003953,0.9964486413893204,0.9969651076250186,0.9967868763406341,1.0,0.9975169154117163,0.9967480887600197,0.9965479996734405
5,9,1.4400417396000453,0.6287428142964259,4001,1.8349415517988659,0.6356821589205397,667,1.81546460668119,0.6558,0.9975720765544173,0.08333897299623619,,,0.99,,0.9900107286803723,0.00998927131962768,0.9979121556099357,0.09971654897343472,5,0.001,0.1,0.9814432745541963,0.9899301268036063,0.9930898609708041,0.9943595867449934,0.9959993900116435,0.9964048942393601,0.9968105087163995,0.9973359654428898,0.9975169154117163,1.0,0.9972842020640373,0.9966225194735858
5,10,1.4350605485869237,0.6387246078683466,3889,1.8065578994296847,0.6496913580246914,648,1.8154796670420101,0.6558,0.9975117022913442,0.08329652214534194,,,0.99,,0.9900107286803723,0.00998927131962768,0.9978975629004634,0.09971654897343472,5,0.001,0.1,0.9821620031971373,0.9906602823188196,0.9928983342625383,0.9946640373666072,0.9958325258792589,0.9963117620327001,0.9968527640838093,0.9965320856662448,0.9967480887600197,0.9972842020640373,1.0,0.9961387689798261
5,11,1.4506209785196962,0.6411500923239251,3791,1.7977776110172272,0.6914556962025317,632,1.815544318086423,0.6556,0.9967424482650707,0.08319553974294944,,,0.99,,0.9900107286803723,0.00998927131962768,0.997848476765483,0.09971654897343472,5,0.001,0.1,0.9793193244538889,0.9887724535088955,0.9923426563596605,0.9934202836906066,0.9953264688443664,0.9965379759478963,0.9959914398049894,0.9958455194007678,0.9965479996734405,0.9966225194735858,0.9961387689798261,1.0
6,0,1.1098728591366036,0.6612369125882639,8214,1.6910613664360934,0.6428049671292915,1369,1.6854269435992255,0.6617,0.9899856324115925,0.08268154229103411,,,0.99,,0.9900107286803723,0.00998927131962768,0.998489698910866,0.09968048982562978,5,0.001,0.1,1.0,0.9943916408873598,0.9923566349462277,0.9906257433196599,0.9878069126804483,0.9852328817739054,0.9851740484173345,0.9835895284657156,0.9827099377295703,0.9799920566865791,0.9816237484145351,0.9784683050816021
6,1,1.166118498855424,0.6713112260419836,6574,1.6648903267724173,0.6806569343065694,1096,1.6844851121354028,0.662,0.9955381000845535,0.08324374012651514,,,0.99,,0.9900107286803723,0.00998927131962768,0.998489698910866,0.09968048982562978,5,0.001,0.1,0.9943916408873598,1.0,0.995699017002227,0.9950966467257369,0.9926470642059007,0.9924076997204608,0.9914550438251947,0.9908842084782653,0.9901206035148081,0.9880614290041239,0.9898480346726122,0.9876877485960927
6,2,1.2093719936866127,0.654193325263704,5783,1.6904439041691441,0.6545643153526971,964,1.6844689929828096,0.6622,0.9976520646433314,0.08342035482799698,,,0.99,,0.9900107286803723,0.00998927131962768,0.998489698910866,0.09968048982562978,5,0.001,0.1,0.9923566349462277,0.995699017002227,1.0,0.996146113770381,0.9963364165075704,0.9944927782149513,0.9948419924653669,0.9939326724088454,0.9937637245981258,0.9916074975889951,0.9924832897476341,0.9918792335692296
6,3,1.23954563772822,0.6455078494420277,5287,1.689497777393886,0.6583427922814983,881,1.6844683919851773,0.6623,0.9980144187034153,0.08347500363604161,,,0.99,,0.9900107286803723,0.00998927131962768,0.998489698910866,0.09968048982562978,5,0.001,0.1,0.9906257433196599,0.9950966467257369,0.996146113770381,1.0,0.9956108157420658,0.9959087234609766,0.9956519795328032,0.9947893542046056,0.9943726333124284,0.9928640316708042,0.9939240969817477,0.9928628750107718
6,4,1.2369895029067992,0.6557244174265451,4935,1.6897328771077669,0.6751824817518248,822,1.684468610599018,0.6623,0.9984009777809701,0.08349746898963233,,,0.99,,0.9900107286803723,0.00998927131962768,0.998489698910866,0.09968048982562978,5,0.001,0.1,0.9878069126804483,0.9926470642059007,0.9963364165075704,0.9956108157420658,1.0,0.9962615986984004,0.9965243455870877,0.9955968481691297,0.9963754036159429,0.9949975912268757,0.9954838566492481,0.9948077149134031
6,5,1.2782680057499507,0.6584958217270195,4667,1.6843811225891114,0.6683804627249358,778,1.684468310100202,0.6622,0.998104912238637,0.08347832775133639,,,0.99,,0.9900107286803723,0.00998927131962768,0.998489698910866,0.09968048982562978,5,0.001,0.1,0.9852328817739054,0.9924076997204608,0.9944927782149513,0.9959087234609766,0.9962615986984004,1.0,0.9964376985910022,0.9959864850573741,0.995495713589375,0.9949552723140712,0.9957369015333297,0.9959739505558498
6,6,1.2669179712023053,0.6591062205254884,4453,1.6754709084828694,0.6698113207547169,742,1.68446862354827,0.6623,0.9982084363461168,0.08348785904640138,,,0.99,,0.9900107286803723,0.00998927131962768,0.998489698910866,0.09968048982562978,5,0.001,0.1,0.9851740484173345,0.9914550438251947,0.9948419924653669,0.9956519795328032,0.9965243455870877,0.9964376985910022,1.0,0.9968207728975316,0.9961896255527163,0.9953475168634824,0.9963127659684617,0.9953676387910892
6,7,1.2894335197868632,0.6532148702361469,4277,1.6825413030126821,0.6521739130434783,713,1.684469278628072,0.6622,0.9977536090247772,0.0834300045086922,,,0.99,,0.9900107286803723,0.00998927131962768,0.998489698910866,0.09968048982562978,5,0.001,0.1,0.9835895284657156,0.9908842084782653,0.9939326724088454,0.9947893542046056,0.9955968481691297,0.9959864850573741,0.9968207728975316,1.0,0.9959449158280919,0.9959409418172748,0.9960440656519799,0.9951472692830292
6,8,1.323566311597824,0.6558004359409058,4129,1.6837937831878662,0.6497093023255814,688,1.6844742797053278,0.6621,0.9975802432795788,0.08339095683351166,,,0.99,,0.9900107286803723,0.00998927131962768,0.998489698910866,0.09968048982562978,5,0.001,0.1,0.9827099377295703,0.9901206035148081,0.9937637245981258,0.9943726333124284,0.9963754036159429,0.995495713589375,0.9961896255527163,0.9959449158280919,1.0,0.9957605805101444,0.9962044685496009,0.9956627966907964
6,9,1.3242625120140257,0.6418395401149712,4001,1.7085745675223214,0.6416791604197901,667,1.6844862093940711,0.662,0.99659605630529,0.08333024388641141,,,0.99,,0.9900107286803723,0.00998927131962768,0.998489698910866,0.09968048982562978,5,0.001,0.1,0.9799920566865791,0.9880614290041239,0.9916074975889951,0.9928640316708042,0.9949975912268757,0.9949552723140712,0.9953475168634824,0.9959409418172748,0.9957605805101444,1.0,0.9964622791344342,0.9948263551872089
6,10,1.312825370030325,0.6521470815119568,3889,1.674332198642549,0.6589506172839507,648,1.6845044339426791,0.662,0.9973534642580797,0.0833286561701486,,,0.99,,0.9900107286803723,0.00998927131962768,0.998489698910866,0.09968048982562978,5,0.001,0.1,0.9816237484145351,0.9898480346726122,0.9924832897476341,0.9939240969817477,0.9954838566492481,0.9957369015333297,0.9963127659684617,0.9960440656519799,0.9962044685496009,0.9964622791344342,1.0,0.9957624815758598
