round,client_id,client_i_training_loss,client_i_training_accuracy,client_i_training_dataset_size,client_i_evaluation_loss,client_i_evaluation_accuracy,client_i_evaluation_dataset_size,client_i_central_evaluation_loss,client_i_central_evaluation_accuracy,client_i_cosine_similarity,client_i_importance_coefficient,client_i_tanh_val,tanh_normalization_value,client_i_q,client_i_mask_order,client_i_v_nonzero_fraction,client_i_v_sparsity,client_i_v_cosine_similarity,client_i_reward_gradient_norm,local_epochs,learning_rate,gamma,client_0_cosine_similarity,client_1_cosine_similarity,client_2_cosine_similarity,client_3_cosine_similarity,client_4_cosine_similarity,client_5_cosine_similarity,client_6_cosine_similarity,client_7_cosine_similarity,client_8_cosine_similarity,client_9_cosine_similarity,client_10_cosine_similarity,client_11_cosine_similarity
0,0,2.181973079840342,0.18742147552958363,6845,2.3007268038663,0.13878743608473337,1369,2.297239342822304,0.1445,0.9054644393537257,0.07931810713760619,,,0.6,,0.6000148536911423,0.39998514630885773,0,0.14216285168422135,10,0.025,0.15,1.0,0.9371827313963239,0.9146238837281183,0.8770019538504148,0.8582217501724573,0.8163571378838389,0.8110832357296099,0.8022455716426862,0.7750723192291048,0.7967944654708459,0.769232238339466,0.7511027859181112
0,1,2.239270956571712,0.16872946330777655,5478,2.298175811767578,0.15054744525547445,1096,2.2971899086915992,0.1445,0.9623809716426245,0.0843039590493766,,,0.9002630785180195,,0.900315228334241,0.09968477166575895,0,0.1425108850173159,10,0.025,0.15,0.9371827313963239,1.0,0.9690473556994743,0.9423976633969136,0.9343926440249603,0.8927129774470408,0.8936604929909342,0.8728413732289847,0.8585128197230716,0.8797375768136565,0.8529639064971779,0.8258034926675183
0,2,2.2501376020280937,0.17977178423236514,4820,2.2932509779930115,0.13796680497925312,964,2.297189516357229,0.1445,0.9648360896547589,0.0845190258207022,,,0.913215049813578,,0.9132626957799013,0.08673730422009873,0,0.14251183529026284,10,0.025,0.15,0.9146238837281183,0.9690473556994743,1.0,0.9477107152771803,0.9430012521286263,0.883313885220625,0.8947148446753365,0.8907035901296914,0.8853873709353843,0.8975007116886575,0.8551334893699919,0.8393691423975882
0,3,2.2630839756556917,0.1721516114389469,4406,2.295134033475603,0.15777525539160045,881,2.297188924837716,0.1445,0.9774955474510068,0.08562798624603207,,,0.9799999999397769,,0.9800300374643098,0.019969962535690167,0,0.142513858487125,10,0.025,0.15,0.8770019538504148,0.9423976633969136,0.9477107152771803,1.0,0.9425307072342144,0.9394376929634471,0.938892408504051,0.9377941025340409,0.8968624445629283,0.9203287389373771,0.9058268338775161,0.9022194297503553
0,4,2.2681983998327544,0.1493920233463035,4112,2.2987376621791293,0.13990267639902676,822,2.2971889882148067,0.1445,0.9713271848071264,0.08508764161427589,,,0.9474588123026602,,0.9475004538627849,0.05249954613721508,0,0.1425135347349865,10,0.025,0.15,0.8582217501724573,0.9343926440249603,0.9430012521286263,0.9425307072342144,1.0,0.9224505166012261,0.9246398437565794,0.9106232720175327,0.9294315226879378,0.9499119245459725,0.9068519415432515,0.8771292440294941
0,5,2.2809231619681083,0.13800462843918745,3889,2.300471408026559,0.14910025706940874,778,2.2971955552885803,0.1445,0.9574122327272144,0.08386870069079039,,,0.8740505040147009,,0.8740737073162681,0.1259262926837319,0,0.14250076826912367,10,0.025,0.15,0.8163571378838389,0.8927129774470408,0.883313885220625,0.9394376929634471,0.9224505166012261,1.0,0.9540125401459423,0.9294677207420877,0.8890140724465329,0.9282917483852385,0.917617279069837,0.9317599251564512
0,6,2.285631877800514,0.1542710859606575,3711,2.2967230081558228,0.15768194070080863,742,2.297189772883548,0.1445,0.9636902713487884,0.08441865286821157,,,0.907170287103392,,0.9072221947153868,0.09277780528461321,0,0.1425114523812502,10,0.025,0.15,0.8110832357296099,0.8936604929909342,0.8947148446753365,0.938892408504051,0.9246398437565794,0.9540125401459423,1.0,0.9639419763135008,0.9100820085551704,0.9266845566509322,0.9415659281497774,0.9343424502611024
0,7,2.287476176023483,0.14548260381593714,3564,2.2989770571390786,0.15568022440392706,713,2.2971959446049945,0.1445,0.9547474007617947,0.0836352631109692,,,0.8599921870812526,,0.8600287171362083,0.13997128286379168,0,0.14249866823867396,10,0.025,0.15,0.8022455716426862,0.8728413732289847,0.8907035901296914,0.9377941025340409,0.9106232720175327,0.9294677207420877,0.9639419763135008,1.0,0.9082190249129003,0.9325503564155375,0.9272451240685416,0.9234357515202773
0,8,2.2837080778899015,0.14251671025864573,3441,2.2961365381876626,0.12936046511627908,688,2.2972079651265203,0.1447,0.9387287545971604,0.08223203992796631,,,0.7754858438860953,,0.7755277186380816,0.22447228136191844,0,0.14246282881530836,10,0.025,0.15,0.7750723192291048,0.8585128197230716,0.8853873709353843,0.8968624445629283,0.9294315226879378,0.8890140724465329,0.9100820085551704,0.9082190249129003,1.0,0.9484979041805507,0.920538396056267,0.9136913609887898
0,9,2.281486406149688,0.15236952609478105,3334,2.296546697616577,0.13343328335832083,667,2.2971959325331675,0.1445,0.9544008116166914,0.08360490212300632,,,0.8581637565795244,,0.858196761895331,0.141803238104669,0,0.14249837158138678,10,0.025,0.15,0.7967944654708459,0.8797375768136565,0.8975007116886575,0.9203287389373771,0.9499119245459725,0.9282917483852385,0.9266845566509322,0.9325503564155375,0.9484979041805507,1.0,0.9122683692902993,0.9025415497498438
0,10,2.2875517707604627,0.13958654736192533,3241,2.297134757041931,0.14814814814814814,648,2.2972078957135165,0.1447,0.9381748604392254,0.0821835191531545,,,0.7725637761081336,,0.7725982406628047,0.2274017593371953,0,0.14246137351201743,10,0.025,0.15,0.769232238339466,0.8529639064971779,0.8551334893699919,0.9058268338775161,0.9068519415432515,0.917617279069837,0.9415659281497774,0.9272451240685416,0.920538396056267,0.9122683692902993,1.0,0.9402920261203027
0,11,2.289982250213623,0.13364988920544477,3159,2.2977371215820312,0.13765822784810128,632,2.2972151961507676,0.1448,0.9269496999633705,0.08120020225790882,,,0.7133454592888504,,0.7133897773596739,0.2866102226403261,0,0.14241582692202534,10,0.025,0.15,0.7511027859181112,0.8258034926675183,0.8393691423975882,0.9022194297503553,0.8771292440294941,0.9317599251564512,0.9343424502611024,0.9234357515202773,0.9136913609887898,0.9025415497498438,0.9402920261203027,1.0
1,0,2.0628161907196043,0.24544923301680058,6845,2.288732745430686,0.1789627465303141,1369,2.285772326626355,0.1751,0.9081050125903974,0.07875944340676135,,,0.6,,0.6000148536911423,0.39998514630885773,0.9020690319475715,0.14549660409094067,10,0.025,0.15,1.0,0.9436289417468285,0.927848827503355,0.9060695050702081,0.8928151141332854,0.8671339914336292,0.8640528494170033,0.8660232166508857,0.8427166457054011,0.8356880707025938,0.8321564115897794,0.8195154003902951
1,1,2.1204060529553614,0.22816721431179263,5478,2.2878812419043646,0.1551094890510949,1096,2.2856499937516226,0.1756,0.9630889786529371,0.08364174335435999,,,0.8855358656553716,,0.8855770659008764,0.11442293409912363,0.9055063451872805,0.1458519208006066,10,0.025,0.15,0.9436289417468285,1.0,0.9677451136931529,0.955072706240118,0.9431835004284937,0.9368457933015012,0.93474445330729,0.9320940329111743,0.9152175245454377,0.9038466054775565,0.9043195254775153,0.8983389188454344
1,2,2.1163086097491415,0.23118257261410788,4820,2.2812030017375946,0.18983402489626555,964,2.28564877147916,0.1756,0.9755675360702906,0.08418193216074969,,,0.9171282053529131,,0.9171824198313281,0.08281758016867191,0.9055231794493998,0.14585491669906442,10,0.025,0.15,0.927848827503355,0.9677451136931529,1.0,0.9686144837014848,0.9630666159277873,0.9504338163067475,0.9485817614627492,0.9482947051674289,0.939227323776285,0.9235538119528837,0.9207449028955441,0.921650697552888
1,3,2.13827675649098,0.22069904675442578,4406,2.283224310193743,0.20658342792281498,881,2.2856467132326923,0.1756,0.9874628850989352,0.08525695984149595,,,0.9799999999415161,,0.9800300374643098,0.019969962535690167,0.9055503112557587,0.14585993162610855,10,0.025,0.15,0.9060695050702081,0.955072706240118,0.9686144837014848,1.0,0.9707175170160544,0.9720254541443779,0.9693498949631074,0.9697516338009705,0.9537613958388589,0.9497619412827116,0.9521387090052251,0.9506170773721102
1,4,2.1525803887482846,0.2163910505836576,4112,2.286939791270665,0.1654501216545012,822,2.285647217231461,0.1755,0.983820935787262,0.08480339549192868,,,0.9534737949614627,,0.9535244508260303,0.04647554917396968,0.9055394975952556,0.1458596227303568,10,0.025,0.15,0.8928151141332854,0.9431835004284937,0.9630666159277873,0.9707175170160544,1.0,0.9631277956772674,0.9652633252533017,0.9612507658485222,0.9590401877122707,0.9569963180688149,0.9546359972900735,0.9451362062451275
1,5,2.1764073598769405,0.19933144767292363,3889,2.2895117487226213,0.17994858611825193,778,2.2856545931176293,0.1755,0.9837136698832659,0.0840446401392656,,,0.9090988346418168,,0.9091449225132445,0.09085507748675548,0.9056054263537864,0.14585433867316555,10,0.025,0.15,0.8671339914336292,0.9368457933015012,0.9504338163067475,0.9720254541443779,0.9631277956772674,1.0,0.9751416232621603,0.9690403171806408,0.9595774247006584,0.954876040535127,0.958479567211482,0.9672967808290949
1,6,2.1895706106876505,0.206332524925896,3711,2.285031716028849,0.1765498652291105,742,2.285649269442015,0.1756,0.9847239700456226,0.08441833769620036,,,0.9309541193555602,,0.931004604644254,0.06899539535574595,0.9055354007273659,0.14585558880017072,10,0.025,0.15,0.8640528494170033,0.93474445330729,0.9485817614627492,0.9693498949631074,0.9652633252533017,0.9751416232621603,1.0,0.973472312548949,0.961177709999131,0.9576071169531492,0.9696012062908106,0.9666761274653745
1,7,2.1852802391563144,0.20996071829405163,3564,2.2872381607691445,0.17251051893408134,713,2.2856549522544762,0.1754,0.9848220790389902,0.0839361477978489,,,0.9027537810900307,,0.9027990955752504,0.0972009044247496,0.9056036860353835,0.14585378669369667,10,0.025,0.15,0.8660232166508857,0.9320940329111743,0.9482947051674289,0.9697516338009705,0.9612507658485222,0.9690403171806408,0.973472312548949,1.0,0.9689570103769303,0.9627789845613537,0.9687284953743006,0.9669956888124429
1,8,2.184521077738868,0.2054635280441732,3441,2.2849652767181396,0.16569767441860464,688,2.2856689163401156,0.1754,0.9770081511903417,0.08281189210410407,,,0.8370029410808457,,0.8370467561188956,0.16295324388110444,0.9057000129862265,0.14583799114152718,10,0.025,0.15,0.8427166457054011,0.9152175245454377,0.939227323776285,0.9537613958388589,0.9590401877122707,0.9595774247006584,0.961177709999131,0.9689570103769303,1.0,0.9659344925917118,0.9635961151903817,0.9673636094107126
1,9,2.1729411716814395,0.20656868626274746,3334,2.2854367097218833,0.16491754122938532,667,2.285655386840241,0.1755,0.9715250007897045,0.08348371047998915,,,0.8762934893020549,,0.8763512732914129,0.12364872670858706,0.905588633329842,0.14585065683463228,10,0.025,0.15,0.8356880707025938,0.9038466054775565,0.9235538119528837,0.9497619412827116,0.9569963180688149,0.954876040535127,0.9576071169531492,0.9627789845613537,0.9659344925917118,1.0,0.9645790053430613,0.9564062027836301
1,10,2.202094327486478,0.19188522061092256,3241,2.2853107849756875,0.1712962962962963,648,2.285668074330197,0.1754,0.9737685848509576,0.08267618438985275,,,0.8290662268107767,,0.829108283408427,0.17089171659157298,0.9057122405482199,0.14583568032248606,10,0.025,0.15,0.8321564115897794,0.9043195254775153,0.9207449028955441,0.9521387090052251,0.9546359972900735,0.958479567211482,0.9696012062908106,0.9687284953743006,0.9635961151903817,0.9645790053430613,1.0,0.9697921043838864
1,11,2.209228398323059,0.18679962013295345,3159,2.286854553222656,0.17088607594936708,632,2.28568566298183,0.1752,0.9712753198074106,0.0819856131374436,,,0.7886789375270971,,0.7887227476027793,0.21127725239722073,0.9052121271551122,0.1458080133568812,10,0.025,0.15,0.8195154003902951,0.8983389188454344,0.921650697552888,0.9506170773721102,0.9451362062451275,0.9672967808290949,0.9666761274653745,0.9669956888124429,0.9673636094107126,0.9564062027836301,0.9697921043838864,1.0
2,0,1.9905550912574486,0.27631848064280495,6845,2.2705747214230625,0.1964937910883857,1369,2.268256688419777,0.1886,0.9097996320627104,0.0785197647084823,,,0.6,,0.6000148536911423,0.39998514630885773,0.9674491779834157,0.1452453535769658,10,0.025,0.15,1.0,0.9374928690628535,0.9196938761643914,0.8981327624162551,0.8946469592617735,0.8692276754931934,0.8698433256361705,0.8705871725800707,0.8456496343973753,0.8329098123458266,0.8406841626098983,0.823609870431068
2,1,2.0460772650186407,0.2610989412194231,5478,2.2718640168507895,0.1678832116788321,1096,2.2679994498627094,0.1875,0.9607003751718922,0.08320780476015341,,,0.8791661242397569,,0.879198230760344,0.12080176923965602,0.9693940375547714,0.1456036342933258,10,0.025,0.15,0.9374928690628535,1.0,0.9561615515587121,0.9438576503299007,0.9413840076462668,0.9320092410099582,0.9343561087025734,0.92945691771037,0.9129264194612647,0.8987762867617698,0.9067467545106137,0.8965398613028374
2,2,2.0345423585490177,0.2612448132780083,4820,2.262570708990097,0.19813278008298754,964,2.2679956291295307,0.1877,0.9768839223713539,0.08407082433592118,,,0.9305577137856372,,0.9306002541631595,0.0693997458368405,0.9694649522365469,0.14560873405753025,10,0.025,0.15,0.9196938761643914,0.9561615515587121,1.0,0.9630701708708614,0.9614554270553658,0.9509269563048333,0.9536915428157072,0.9496127733847414,0.9376488230992108,0.9243819786421354,0.9322754876473222,0.927503917099854
2,3,2.0581442206246514,0.25245120290512935,4406,2.265169586454119,0.2213393870601589,881,2.267991494528855,0.1877,0.9819023806476298,0.08490110923660951,,,0.9799999999404514,,0.9800300374643098,0.019969962535690167,0.9694831447323241,0.14561232357120868,10,0.025,0.15,0.8981327624162551,0.9438576503299007,0.9630701708708614,1.0,0.9621087961077145,0.9606888257891351,0.9614810247813621,0.960811944199598,0.9495582319006298,0.9426728011729025,0.94665141756472,0.9443851683322918
2,4,2.0717208244583825,0.2541099221789883,4112,2.2693244389125278,0.17274939172749393,822,2.2679921946948087,0.1876,0.9819215960998416,0.08462052382872265,,,0.9632915375607229,,0.96331963492928,0.036680365070720033,0.9694777656423467,0.14561215330498792,10,0.025,0.15,0.8946469592617735,0.9413840076462668,0.9614554270553658,0.9621087961077145,1.0,0.9584452735468283,0.9631496440004229,0.9599435291656359,0.9536039083803316,0.9471811597702524,0.9479463507760232,0.9438403728903818
2,5,2.088825172378171,0.2390845975829262,3889,2.272684778485979,0.18637532133676094,778,2.2680018762998944,0.1875,0.9796933496097425,0.08407737938870678,,,0.9309480578655029,,0.930988100542985,0.06901189945701502,0.96946098706637,0.14560877491117352,10,0.025,0.15,0.8692276754931934,0.9320092410099582,0.9509269563048333,0.9606888257891351,0.9584452735468283,1.0,0.9669614916170954,0.963060210948104,0.9519883627888597,0.9454935134323983,0.9525397228798692,0.9557142163192532
2,6,2.104184235375503,0.24176771759633522,3711,2.2669050296147666,0.192722371967655,742,2.26799555669857,0.1876,0.9827226567306185,0.08440792594275429,,,0.9506316355135556,,0.9506774933570993,0.04932250664290072,0.9694557656139876,0.14561186299747658,10,0.025,0.15,0.8698433256361705,0.9343561087025734,0.9536915428157072,0.9614810247813621,0.9631496440004229,0.9669614916170954,1.0,0.9671469488233337,0.9572659524381375,0.9490751677377125,0.9623984000283408,0.9568143036517673
2,7,2.097056769473212,0.24323793490460158,3564,2.269466996192932,0.182328190743338,713,2.2680022022392174,0.1875,0.9836743401163222,0.08414002071047305,,,0.9346782595749594,,0.9347180274298164,0.06528197257018364,0.9694569430486648,0.14560895036463614,10,0.025,0.15,0.8705871725800707,0.92945691771037,0.9496127733847414,0.960811944199598,0.9599435291656359,0.963060210948104,0.9671469488233337,1.0,0.965900913217496,0.9598991702762466,0.9669319049260279,0.960443408464582
2,8,2.093865281122702,0.24612031386224933,3441,2.267717878023783,0.17732558139534885,688,2.2680228058295913,0.1868,0.9751931079939565,0.08316621736351894,,,0.8766896538581679,,0.8767473717218729,0.12325262827812711,0.9693409930077213,0.14560335028659804,10,0.025,0.15,0.8456496343973753,0.9129264194612647,0.9376488230992108,0.9495582319006298,0.9536039083803316,0.9519883627888597,0.9572659524381375,0.965900913217496,1.0,0.9554504605972375,0.9594801561553491,0.96542312750007
2,9,2.0889171216222975,0.2438512297540492,3334,2.2682300011316934,0.18590704647676162,667,2.2680051658726947,0.1875,0.968390189583471,0.08336075654962918,,,0.8882741859868546,,0.8883084946609232,0.11169150533907679,0.9693909337465855,0.14560493610882816,10,0.025,0.15,0.8329098123458266,0.8987762867617698,0.9243819786421354,0.9426728011729025,0.9471811597702524,0.9454935134323983,0.9490751677377125,0.9598991702762466,0.9554504605972375,1.0,0.9616196347551703,0.9576874635024091
2,10,2.120490076450201,0.22937365010799135,3241,2.2669060627619424,0.18981481481481483,648,2.2680236418035964,0.1868,0.9739338916428946,0.08304098722850638,,,0.8692323772470143,,0.8692792658975755,0.13072073410242446,0.9692680673062284,0.1455973496067671,10,0.025,0.15,0.8406841626098983,0.9067467545106137,0.9322754876473222,0.94665141756472,0.9479463507760232,0.9525397228798692,0.9623984000283408,0.9669319049260279,0.9594801561553491,0.9616196347551703,1.0,0.9628597631426201
2,11,2.121281635284424,0.22757201646090536,3159,2.2702160358428953,0.16930379746835442,632,2.2680515971364854,0.187,0.9700682471235266,0.08248668594652259,,,0.8362245234644119,,0.8362710633592447,0.16372893664075527,0.9692687956455617,0.1455902797081081,10,0.025,0.15,0.823609870431068,0.8965398613028374,0.927503917099854,0.9443851683322918,0.9438403728903818,0.9557142163192532,0.9568143036517673,0.960443408464582,0.96542312750007,0.9576874635024091,0.9628597631426201,1.0
3,0,1.9422754643140017,0.29491599707815924,6845,2.245931712063876,0.20818115412710006,1369,2.2440804620332355,0.2037,0.9133623692773463,0.07859795101752567,,,0.6,,0.6000148536911423,0.39998514630885773,0.9824303199188169,0.14468237539933257,10,0.025,0.15,1.0,0.9325504220078743,0.914125492276111,0.8971698281067956,0.8897795894705978,0.8668789510207888,0.8673437182864383,0.8716763883885462,0.8467815763465389,0.8395731428293464,0.8494061826252975,0.8307580985008612
3,1,1.9928953841675159,0.28043081416575394,5478,2.249623113208347,0.19434306569343066,1096,2.243567222281347,0.2042,0.9560847935753835,0.08290473144968145,,,0.8701540753858252,,0.8701869914673797,0.12981300853262034,0.9843210125123829,0.14505745019321817,10,0.025,0.15,0.9325504220078743,1.0,0.944292525892801,0.9334309491841261,0.9299507430768439,0.9207601285925521,0.9239155880565042,0.919572864114848,0.9026637821324238,0.8964075386436454,0.9028559498127863,0.8892990776946552
3,2,1.9783945579277842,0.2812240663900415,4820,2.2367038130760193,0.21784232365145229,964,2.2435554613040973,0.2042,0.9740588039310999,0.08402791357793074,,,0.9406086142523876,,0.9406595038867158,0.05934049611328418,0.9843865112088456,0.14506920108208884,10,0.025,0.15,0.914125492276111,0.944292525892801,1.0,0.9546212566210532,0.9485038741720448,0.9417084736814897,0.9451825793161259,0.941902747758445,0.9306033020410852,0.925198592972493,0.9308951246106619,0.9247659782651548
3,3,2.0032103163855415,0.27648660916931456,4406,2.240267378943307,0.23496027241770714,881,2.24355051487307,0.2041,0.977500554088102,0.08465588873921925,,,0.9799999999372724,,0.9800300374643098,0.019969962535690167,0.9843961835348067,0.14506983912406976,10,0.025,0.15,0.8971698281067956,0.9334309491841261,0.9546212566210532,1.0,0.9468670894516324,0.9483516705693048,0.9500174055888209,0.9513497915510111,0.9422239284415641,0.9382267425611888,0.9417245386987969,0.9362987395931892
3,4,2.012790290153388,0.2764591439688716,4112,2.245077235358102,0.19099756690997566,822,2.243550846848307,0.2042,0.9749642084742002,0.08439879695906292,,,0.9638732451023009,,0.9638972784737008,0.03610272152629923,0.9843960856604543,0.1450697039038027,10,0.025,0.15,0.8897795894705978,0.9299507430768439,0.9485038741720448,0.9468670894516324,1.0,0.9454892412032516,0.9525237610804894,0.9471018036765623,0.9421139270822292,0.9365126879630743,0.9386076186696272,0.9331889071336439
3,5,2.0276605148469247,0.2670609411159681,3889,2.2487905706678117,0.1953727506426735,778,2.243562137024312,0.2042,0.9739107495627606,0.08402714537560274,,,0.9405604267506333,,0.9406099915829084,0.05939000841709163,0.9843858168073883,0.14506920107666305,10,0.025,0.15,0.8668789510207888,0.9207601285925521,0.9417084736814897,0.9483516705693048,0.9454892412032516,1.0,0.9549406215886013,0.9510542153096073,0.9406591004990532,0.9403448802884361,0.9437747326188044,0.9435518652867461
3,6,2.0429452793351537,0.26949609269738617,3711,2.2416118383407593,0.20619946091644206,742,2.24355507500564,0.2042,0.9782485284601661,0.08437412389658709,,,0.9623255626780174,,0.9623623970556683,0.037637602944331716,0.9843977269519045,0.1450696831706431,10,0.025,0.15,0.8673437182864383,0.9239155880565042,0.9451825793161259,0.9500174055888209,0.9525237610804894,0.9549406215886013,1.0,0.9581924286091881,0.9476866861267343,0.9452864157773627,0.9547745510301753,0.9476988218673286
3,7,2.0347958658422742,0.2663019079685746,3564,2.245265007019043,0.1949509116409537,713,2.243562215491186,0.2042,0.9782098586119119,0.08420652358760736,,,0.9518123946119744,,0.9518575365978446,0.048142463402155444,0.9843886384982501,0.14506950714095918,10,0.025,0.15,0.8716763883885462,0.919572864114848,0.941902747758445,0.9513497915510111,0.9471018036765623,0.9510542153096073,0.9581924286091881,1.0,0.954899380031022,0.9506742590682096,0.9561746226742995,0.9450060771249641
3,8,2.031279109142445,0.2738157512351061,3441,2.2437195777893066,0.19767441860465115,688,2.2435919393467,0.2033,0.9705975440283002,0.08335315588648448,,,0.8982826719124637,,0.8983182320806721,0.10168176791932793,0.9843558284896489,0.14506453439746064,10,0.025,0.15,0.8467815763465389,0.9026637821324238,0.9306033020410852,0.9422239284415641,0.9421139270822292,0.9406591004990532,0.9476866861267343,0.954899380031022,1.0,0.9478600510795878,0.9509800855975458,0.9524866420494374
3,9,2.0259772662763242,0.26661667666466704,3334,2.244067668914795,0.20389805097451275,667,2.243569434443607,0.2042,0.9673329920824801,0.08336726266281741,,,0.8991675563817165,,0.899209453549207,0.100790546450793,0.9843777896562435,0.14506467124860034,10,0.025,0.15,0.8395731428293464,0.8964075386436454,0.925198592972493,0.9382267425611888,0.9365126879630743,0.9403448802884361,0.9452864157773627,0.9506742590682096,0.9478600510795878,1.0,0.9503699596704073,0.9503297766368324
3,10,2.058058143579043,0.2556618327676643,3241,2.241587003072103,0.2052469135802469,648,2.2435943597479713,0.2034,0.9715962594478568,0.08330803900937005,,,0.8954525977043284,,0.8954960307636448,0.10450396923635519,0.9843155949631484,0.1450642685635807,10,0.025,0.15,0.8494061826252975,0.9028559498127863,0.9308951246106619,0.9417245386987969,0.9386076186696272,0.9437747326188044,0.9547745510301753,0.9561746226742995,0.9509800855975458,0.9503699596704073,1.0,0.95112609877829
3,11,2.0579129104614258,0.2555872111427667,3159,2.2470398426055906,0.18670886075949367,632,2.2436372539665124,0.2033,0.9659221586574112,0.08277846783811088,,,0.8622338598614762,,0.8622732749088149,0.1377267250911851,0.9842747554401048,0.14505577299685143,10,0.025,0.15,0.8307580985008612,0.8892990776946552,0.9247659782651548,0.9362987395931892,0.9331889071336439,0.9435518652867461,0.9476988218673286,0.9450060771249641,0.9524866420494374,0.9503297766368324,0.95112609877829,1.0
4,0,1.8982192664234727,0.3125346968590212,6845,2.2155121889981357,0.24032140248356465,1369,2.2140954385829876,0.2388,0.9167238067905521,0.07889530398440746,,,0.6,,0.6000148536911423,0.39998514630885773,0.9869585691616429,0.1439681846312848,10,0.025,0.15,1.0,0.9281573849650095,0.9090466871570909,0.8956301240554612,0.8919518756527548,0.85807588413586,0.8663494820630685,0.8714412454642033,0.8480561873594085,0.8412904237096184,0.8508300043138405,0.8349628507120556
4,1,1.9476978313091189,0.29903249361080686,5478,2.221645858552721,0.22536496350364962,1096,2.213239090352119,0.2419,0.9526501767506352,0.0827500778338627,,,0.8610395541962901,,0.8610849796174349,0.1389150203825651,0.9887282201361313,0.14437728361977248,10,0.025,0.15,0.9281573849650095,1.0,0.9316577267999375,0.927055986992223,0.9228284326880065,0.9043261419997374,0.9136404473059516,0.9121465772188263,0.895062270663463,0.890462149528992,0.8969245033117038,0.8826242912837313
4,2,1.9370287914025157,0.2968672199170124,4820,2.2050311267375946,0.2676348547717842,964,2.2132190812992145,0.2419,0.9700204716033581,0.08401729329016655,,,0.9468535009291058,,0.9468980541664603,0.053101945833539665,0.9888244551263163,0.14438879103976315,10,0.025,0.15,0.9090466871570909,0.9316577267999375,1.0,0.9444547805213025,0.9423808441313295,0.925583204326938,0.9340158801735511,0.9360012464337624,0.9232660268040696,0.9165355550432783,0.9236022797880471,0.915986794087962
4,3,1.960117037636893,0.291942805265547,4406,2.2094666276659285,0.2656072644721907,881,2.213212870344331,0.242,0.9730413616534898,0.0845067679904733,,,0.9799999999322815,,0.9800300374643098,0.019969962535690167,0.9888331254510127,0.1443893015163878,10,0.025,0.15,0.8956301240554612,0.927055986992223,0.9444547805213025,1.0,0.9394564225820595,0.9326510447602754,0.936123979670208,0.9415196471632521,0.9327803169635681,0.9283840900248304,0.9316309485389821,0.9264934997053222
4,4,1.9694406047011868,0.29209630350194554,4112,2.215176139559065,0.23357664233576642,822,2.2132137153722065,0.242,0.9719501848116394,0.08431114331264201,,,0.9667525875845797,,0.9668020002970739,0.03319799970292614,0.9888293332627326,0.14438920495850593,10,0.025,0.15,0.8919518756527548,0.9228284326880065,0.9423808441313295,0.9394564225820595,1.0,0.9272184351078689,0.9430578297643161,0.9427426319215763,0.9335253429811409,0.9304821590429372,0.926078267480793,0.9237524125493511
4,5,1.982678452999361,0.2841604525584983,3889,2.2188922677721297,0.2352185089974293,778,2.2132211184199853,0.2414,0.9641249303078323,0.08382382206811537,,,0.9337519174052917,,0.9338020498093776,0.06619795019062236,0.9888509233830597,0.14438779518825137,10,0.025,0.15,0.85807588413586,0.9043261419997374,0.925583204326938,0.9326510447602754,0.9272184351078689,1.0,0.9383698297617651,0.9355558455724238,0.9206519944467091,0.9274616563857693,0.9294721006709613,0.9324675118768716
4,6,1.992579187606943,0.28706548100242524,3711,2.2101594607035318,0.24393530997304583,742,2.213218495815615,0.242,0.9718515631131458,0.08429256887327413,,,0.965494754165189,,0.9655394365499826,0.034460563450017356,0.9888273715000243,0.1443891883580861,10,0.025,0.15,0.8663494820630685,0.9136404473059516,0.9340158801735511,0.936123979670208,0.9430578297643161,0.9383698297617651,1.0,0.9464424707132177,0.9326253482286618,0.9328294676198338,0.9401899136210877,0.9372902491335504
4,7,1.9872078852994102,0.2839506172839506,3564,2.2153218189875283,0.2300140252454418,713,2.213227308249172,0.2414,0.9736688605845539,0.0842478159129931,,,0.9624641502291436,,0.9624944298658217,0.03750557013417832,0.98882766816468,0.14438914565823735,10,0.025,0.15,0.8714412454642033,0.9121465772188263,0.9360012464337624,0.9415196471632521,0.9427426319215763,0.9355558455724238,0.9464424707132177,1.0,0.9431756854476898,0.9395978586344408,0.942037784340765,0.9315374142949205
4,8,1.9812004522041038,0.2923859343214182,3441,2.213898539543152,0.2369186046511628,688,2.21325976939141,0.2413,0.9645054782930277,0.08341707537315937,,,0.9062076359328177,,0.906248452740506,0.09375154725949397,0.9888176758167385,0.14438567731654958,10,0.025,0.15,0.8480561873594085,0.895062270663463,0.9232660268040696,0.9327803169635681,0.9335253429811409,0.9206519944467091,0.9326253482286618,0.9431756854476898,1.0,0.9346988253145485,0.9354182828821931,0.9369511236957798
4,9,1.9837768413402417,0.28818236352729454,3334,2.213689843813578,0.23388305847076463,667,2.213232444811471,0.2414,0.9624891592342967,0.08335984423715204,,,0.9023320284878795,,0.9023617368916176,0.09763826310838242,0.9888128404965718,0.1443852572375303,10,0.025,0.15,0.8412904237096184,0.890462149528992,0.9165355550432783,0.9283840900248304,0.9304821590429372,0.9274616563857693,0.9328294676198338,0.9395978586344408,0.9346988253145485,1.0,0.9359268647502166,0.9349623118214103
4,10,2.0108821479173806,0.27510027769207035,3241,2.2094706694285073,0.25462962962962965,648,2.213262561001355,0.2413,0.965802390207298,0.08343146888066624,,,0.9071823428623684,,0.9072304467660214,0.09276955323397862,0.9888289570345551,0.14438584760513726,10,0.025,0.15,0.8508300043138405,0.8969245033117038,0.9236022797880471,0.9316309485389821,0.926078267480793,0.9294721006709613,0.9401899136210877,0.942037784340765,0.9354182828821931,0.9359268647502166,1.0,0.9392529281221677
4,11,2.0101659808158874,0.27258626147515036,3159,2.2178115844726562,0.21835443037974683,632,2.2133270577539372,0.2414,0.9610591892724752,0.08294681824308778,,,0.8743625222152223,,0.8743872852403822,0.12561271475961777,0.9887483939996127,0.14437996542744705,10,0.025,0.15,0.8349628507120556,0.8826242912837313,0.915986794087962,0.9264934997053222,0.9237524125493511,0.9324675118768716,0.9372902491335504,0.9315374142949205,0.9369511236957798,0.9349623118214103,0.9392529281221677,1.0
5,0,1.8622071990260372,0.32612125639152667,6845,2.180548993023959,0.27976625273922573,1369,2.179528818854803,0.2755,0.9229065121524529,0.07940330807023718,,,0.6,,0.6000148536911423,0.39998514630885773,0.9890984503449913,0.14332149859640128,10,0.025,0.15,1.0,0.924438071497285,0.9089164071192981,0.8994505381592927,0.8925409955988329,0.8597558879542531,0.8714905245122586,0.8738553347514939,0.8530077995977007,0.8347160681730516,0.8589914926356502,0.8461203612558044
5,1,1.907146715286166,0.3131252281854692,5478,2.1891803211636014,0.26824817518248173,1096,2.1782234590264817,0.2775,0.9525085483979727,0.08277503911949034,,,0.8573398057523294,,0.8573715568318727,0.14262844316812728,0.9907015906565056,0.14378570415971373,10,0.025,0.15,0.924438071497285,1.0,0.9259347830144651,0.9222457860275503,0.9180491566332296,0.8990832978519523,0.9101688653534012,0.9076854447748526,0.8924945149000117,0.8762973443033509,0.8967001359196524,0.8855078274097795
5,2,1.8974512777830426,0.3101867219917012,4820,2.1681943833827972,0.2925311203319502,964,2.1781904274904273,0.2778,0.9667719727739871,0.08403204487324874,,,0.9532779490314014,,0.9533181495601657,0.046681850439834305,0.9907932254300766,0.14379863046389865,10,0.025,0.15,0.9089164071192981,0.9259347830144651,1.0,0.9359560496180361,0.930378032916661,0.9175759392008708,0.927675797184052,0.9271617698287282,0.9151135361636403,0.8987004706767626,0.9213913641776991,0.9111316190009527
5,3,1.925968837056841,0.3061053109396278,4406,2.1737106187003,0.29511918274687854,881,2.1781844217565993,0.2777,0.9681510977525709,0.08438216392470992,,,0.9799999999236773,,0.9800300374643098,0.019969962535690167,0.9907977175547439,0.1437990205396755,10,0.025,0.15,0.8994505381592927,0.9222457860275503,0.9359560496180361,1.0,0.9284670826633287,0.9221950403923094,0.9232972434707476,0.9315574301490084,0.9236667954801591,0.9065691465240588,0.9241109635776271,0.9173910614594538
5,4,1.9303527376868508,0.3097033073929961,4112,2.180873325892857,0.2664233576642336,822,2.1781852939460853,0.2777,0.9647727802596632,0.08414954604295448,,,0.9622459621220198,,0.9622798765493225,0.037720123450677545,0.9908006463240118,0.14379882433304655,10,0.025,0.15,0.8925409955988329,0.9180491566332296,0.930378032916661,0.9284670826633287,1.0,0.9170995035454772,0.9336234915580628,0.9262661829480692,0.9170818125074988,0.9063934572167593,0.9149719993051648,0.9109445950798927
5,5,1.9458802896161234,0.29884289020313703,3889,2.1846658842904225,0.2699228791773779,778,2.178192186959182,0.2774,0.9597254440593472,0.08368050498354183,,,0.9264474558485576,,0.9264824808965028,0.07351751910349724,0.9907638441949405,0.14379735689327278,10,0.025,0.15,0.8597558879542531,0.8990832978519523,0.9175759392008708,0.9221950403923094,0.9170995035454772,1.0,0.9277086490703889,0.9319482293716371,0.9146138373849666,0.9079754827529561,0.9164784244127867,0.9221752929764203
5,6,1.9501238605071758,0.30417677175963354,3711,2.1738699674606323,0.27897574123989216,742,2.178190551226652,0.2778,0.9679966698709206,0.08424367185576993,,,0.969429903555182,,0.9694756647026787,0.030524335297321348,0.9907987635742755,0.14379893601973506,10,0.025,0.15,0.8714905245122586,0.9101688653534012,0.927675797184052,0.9232972434707476,0.9336234915580628,0.9277086490703889,1.0,0.9391920515824982,0.9245921974781294,0.9163640979828204,0.9299080608060699,0.9276611960552867
5,7,1.9458207947867256,0.29873737373737375,3564,2.1813576221466064,0.2762973352033661,713,2.1782004561605333,0.2777,0.969344677899675,0.08425998916281992,,,0.9706752853977147,,0.970713472297866,0.029286527702134024,0.9907978622839332,0.14379894672754978,10,0.025,0.15,0.8738553347514939,0.9076854447748526,0.9271617698287282,0.9315574301490084,0.9262661829480692,0.9319482293716371,0.9391920515824982,1.0,0.932656890244027,0.9187932461646117,0.935708310279425,0.9224151254073751
5,8,1.940528302722507,0.31101424004649814,3441,2.179601788520813,0.2688953488372093,688,2.178241162360469,0.2776,0.96015521218949,0.08344122405472318,,,0.9081848759325026,,0.9082206928421713,0.09177930715782867,0.9907403422658213,0.14379578514320035,10,0.025,0.15,0.8530077995977007,0.8924945149000117,0.9151135361636403,0.9236667954801591,0.9170818125074988,0.9146138373849666,0.9245921974781294,0.932656890244027,1.0,0.9145650788661214,0.9278452730852716,0.925956995486115
5,9,1.949392533743823,0.3027294541091782,3334,2.178085764249166,0.27436281859070466,667,2.178213300584238,0.2772,0.9490000187577933,0.08303984711486535,,,0.8775506817374004,,0.8775973329372349,0.12240266706276515,0.9907428121766495,0.1437909609360661,10,0.025,0.15,0.8347160681730516,0.8762973443033509,0.8987004706767626,0.9065691465240588,0.9063934572167593,0.9079754827529561,0.9163640979828204,0.9187932461646117,0.9145650788661214,1.0,0.9166354585513756,0.9159812699618229
5,10,1.9664825393603398,0.2925640234495526,3241,2.17293373743693,0.2808641975308642,648,2.1782437427134456,0.2777,0.9625649257138517,0.08352919327502191,,,0.9148989292579817,,0.9149378620587216,0.08506213794127837,0.9907372255922131,0.14379645778498742,10,0.025,0.15,0.8589914926356502,0.8967001359196524,0.9213913641776991,0.9241109635776271,0.9149719993051648,0.9164784244127867,0.9299080608060699,0.935708310279425,0.9278452730852716,0.9166354585513756,1.0,0.9267745097560977
5,11,1.9699062428474425,0.2908198797087686,3159,2.183954048156738,0.2674050632911392,632,2.178329274624209,0.2772,0.9575679697049411,0.08306346752261734,,,0.8793534563519514,,0.8793880279249393,0.12061197207506069,0.9907108266368412,0.1437913036915297,10,0.025,0.15,0.8461203612558044,0.8855078274097795,0.9111316190009527,0.9173910614594538,0.9109445950798927,0.9221752929764203,0.9276611960552867,0.9224151254073751,0.925956995486115,0.9159812699618229,0.9267745097560977,1.0
6,0,1.829720181889004,0.33699050401753106,6845,2.142962195656516,0.3126369612856099,1369,2.1422608019430425,0.3011,0.9271568901258216,0.07995416763153038,,,0.6,,0.6000148536911423,0.39998514630885773,0.9898769553087644,0.1427825911752312,10,0.025,0.15,1.0,0.9214016516207187,0.9076659718327509,0.8976014227948411,0.8909140502474515,0.8591195591854565,0.8753035238353786,0.8722766105329768,0.8569081688569622,0.8443549618096509,0.8603659115920309,0.8512939606120384
6,1,1.8709321806597154,0.3262139466958744,5478,2.1536848545074463,0.28832116788321166,1096,2.14039748228049,0.3017,0.9534212312578118,0.08291909908586995,,,0.85883568702251,,0.8588899341486359,0.1411100658513641,0.9916129366656895,0.14332026363380912,10,0.025,0.15,0.9214016516207187,1.0,0.9219480586714033,0.9181359143506509,0.9154155767225165,0.892552356036927,0.9069691794566674,0.9030860105530436,0.8934341788576633,0.8813328839726926,0.8947380912184824,0.8848509199760712
6,2,1.8658204128867701,0.3212240663900415,4820,2.1284410655498505,0.3288381742738589,964,2.140355448179607,0.302,0.9647516437403786,0.08407495958530577,,,0.9597412057776791,,0.9597877572576785,0.04021224274232149,0.9917793190869232,0.14333775562009188,10,0.025,0.15,0.9076659718327509,0.9219480586714033,1.0,0.9304703868977247,0.9218722244278139,0.9087040718405671,0.9225725812692234,0.9203243272886525,0.9097843419517501,0.8957856259706628,0.9165846225089145,0.9056516519115968
6,3,1.8898654648235866,0.3199046754425783,4406,2.1352594920567105,0.3132803632236095,881,2.140348168868053,0.302,0.9651691981393281,0.08430702161913456,,,0.9799999999127009,,0.9800300374643098,0.019969962535690167,0.9917865681816991,0.14333801077428332,10,0.025,0.15,0.8976014227948411,0.9181359143506509,0.9304703868977247,1.0,0.9221202790203966,0.9090663174972676,0.9165432533878568,0.9235407187858098,0.9175083747905066,0.9019305120583669,0.91754629373612,0.9109488938499551
6,4,1.8917979204293454,0.3226896887159533,4112,2.1437996115003313,0.29683698296836986,822,2.1403497864928425,0.302,0.9615233552688894,0.0840422742186424,,,0.95688780445418,,0.9569325477381129,0.04306745226188713,0.9917806090799459,0.14333769390033843,10,0.025,0.15,0.8909140502474515,0.9154155767225165,0.9218722244278139,0.9221202790203966,1.0,0.9051643716940393,0.9256974686407313,0.9213883562895309,0.9158542366889989,0.8925860241095392,0.9099104123050402,0.902538339841937
6,5,1.9122762845408532,0.3119053741321677,3889,2.1477147170475552,0.2994858611825193,778,2.140358445010608,0.302,0.9522641280716472,0.08344582295426459,,,0.9048181781683127,,0.9048621082338961,0.09513789176610388,0.9917465983003156,0.14333341328578372,10,0.025,0.15,0.8591195591854565,0.892552356036927,0.9087040718405671,0.9090663174972676,0.9051643716940393,1.0,0.9151730049320189,0.921228878326047,0.9018294772785077,0.8925438209389749,0.9040468972281334,0.9071760606886139
6,6,1.9158027973668328,0.314874696847211,3711,2.134588837623596,0.29380053908355797,742,2.140355348587036,0.302,0.9630677299815108,0.08415167002458573,,,0.9664379539347967,,0.9664719182716905,0.033528081728309456,0.9917846695070552,0.14333787684751323,10,0.025,0.15,0.8753035238353786,0.9069691794566674,0.9225725812692234,0.9165432533878568,0.9256974686407313,0.9151730049320189,1.0,0.9290599444239174,0.9132709806631405,0.9013499594093841,0.9169886235205291,0.9173684413133271
6,7,1.9088920278208596,0.3139169472502806,3564,2.145052154858907,0.2917251051893408,713,2.1403665784039076,0.3021,0.9650907249309622,0.08422824998300311,,,0.9731233112371068,,0.9731560792857025,0.02684392071429753,0.9917858757550582,0.14333796046307914,10,0.025,0.15,0.8722766105329768,0.9030860105530436,0.9203243272886525,0.9235407187858098,0.9213883562895309,0.921228878326047,0.9290599444239174,1.0,0.9248391282399413,0.9057759300908874,0.9288491158734419,0.912848908195988
6,8,1.9047500084947657,0.31990700377797154,3441,2.1429484287897744,0.28343023255813954,688,2.1404173796689965,0.3016,0.956979644068515,0.08345137612138089,,,0.905302964359101,,0.9053489792213365,0.0946510207786635,0.9917446715875836,0.14333350651544063,10,0.025,0.15,0.8569081688569622,0.8934341788576633,0.9097843419517501,0.9175083747905066,0.9158542366889989,0.9018294772785077,0.9132709806631405,0.9248391282399413,1.0,0.9031732486420838,0.9186002760758581,0.9154495706439875
6,9,1.9065832866562737,0.31490701859628073,3334,2.139573017756144,0.3118440779610195,667,2.140385839003551,0.3018,0.9441924742053528,0.08278132204587808,,,0.8468078828889519,,0.8468584443234144,0.1531415556765856,0.9916262013750544,0.14331599734554987,10,0.025,0.15,0.8443549618096509,0.8813328839726926,0.8957856259706628,0.9019305120583669,0.8925860241095392,0.8925438209389749,0.9013499594093841,0.9057759300908874,0.9031732486420838,1.0,0.9064593282925867,0.8994207994311924
