round,client_id,client_i_training_loss,client_i_training_accuracy,client_i_training_dataset_size,client_i_evaluation_loss,client_i_evaluation_accuracy,client_i_evaluation_dataset_size,client_i_central_evaluation_loss,client_i_central_evaluation_accuracy,client_i_cosine_similarity,client_i_importance_coefficient,client_i_tanh_val,tanh_normalization_value,client_i_q,client_i_mask_order,client_i_v_nonzero_fraction,client_i_v_sparsity,client_i_v_cosine_similarity,client_i_reward_gradient_norm,local_epochs,learning_rate,gamma,client_0_cosine_similarity,client_1_cosine_similarity,client_2_cosine_similarity,client_3_cosine_similarity,client_4_cosine_similarity,client_5_cosine_similarity,client_6_cosine_similarity,client_7_cosine_similarity,client_8_cosine_similarity,client_9_cosine_similarity,client_10_cosine_similarity,client_11_cosine_similarity
0,0,0.289893819109794,0.910299488677867,8214,2.1975890037625336,0.3769174579985391,1369,2.204081613034867,0.3643,0.7935700182796029,0.08437931651903022,,,0.9700723465350038,,0.9700918628582903,0.0299081371417097,0,0.3926485320671033,5,0.1,0.5,1.0,0.5601784504204826,0.5559198414946331,0.5726462951386982,0.5698289955667337,0.583221269599084,0.571778329976148,0.5593575851375147,0.5682526706190177,0.5162889413673148,0.5762622741395882,0.560981167205402
0,1,0.3126988942165253,0.9017949498022513,6574,2.2056610652378628,0.3476277372262774,1096,2.204082714482999,0.3644,0.7951937801140265,0.08455196910244735,,,0.9799999999424992,,0.9800010039656644,0.019998996034335637,0,0.39264880587647316,5,0.1,0.5,0.5601784504204826,1.0,0.5809405926317567,0.5797724055588689,0.5830212393975495,0.5792532115706853,0.5875147149623494,0.5824548663678891,0.5935767322128398,0.5426768477436081,0.5966006918052534,0.5901981198589512
0,2,0.32365841151251157,0.9000864603147155,5783,2.202516855732087,0.38589211618257263,964,2.2040817379570616,0.3643,0.7888047552777554,0.08387263200995436,,,0.9409376061593031,,0.9409567792781487,0.05904322072185131,0,0.3926457464073985,5,0.1,0.5,0.5559198414946331,0.5809405926317567,1.0,0.584856086019145,0.5770496961080241,0.5878251114275036,0.5909976288029579,0.5826617503941555,0.5788079671009749,0.5465951057290929,0.5975966066507137,0.6041896661213947
0,3,0.3233269130766212,0.8972574238698695,5287,2.209238205637251,0.34619750283768447,881,2.2040812634050657,0.3643,0.7923583975535486,0.08425048638887184,,,0.9626645171510386,,0.9626775764268862,0.03732242357311377,0,0.3926481635072206,5,0.1,0.5,0.5726462951386982,0.5797724055588689,0.584856086019145,1.0,0.5828913865086284,0.5958152830115648,0.6114477546327665,0.5973193620675256,0.6042669711851973,0.5495120679701041,0.5862681360026976,0.5912726307769117
0,4,0.3454891251736591,0.8917933130699088,4935,2.205723138955923,0.3637469586374696,822,2.2040780192366043,0.3643,0.7811252716159721,0.083056082029897,,,0.8939853681361887,,0.89399126549872,0.10600873450128001,0,0.39262855962537335,5,0.1,0.5,0.5698289955667337,0.5830212393975495,0.5770496961080241,0.5828913865086284,1.0,0.5927386855187926,0.583576942708077,0.5810785530455617,0.5895357344394786,0.540964853545842,0.5800770862594393,0.5890299352936281
0,5,0.34497701333172315,0.8924791086350975,4667,2.206885566711426,0.36118251928020567,778,2.204085537419913,0.3644,0.7894695261734782,0.08394331627540134,,,0.9450020045878265,,0.9450278600471864,0.05497213995281358,0,0.39264643603008714,5,0.1,0.5,0.583221269599084,0.5792532115706853,0.5878251114275036,0.5958152830115648,0.5927386855187926,1.0,0.5916711597957758,0.5894616163377214,0.5981662916301391,0.5538600892077497,0.5986269397879385,0.6035817332235276
0,6,0.36405876350722144,0.8847967662250168,4453,2.19861634572347,0.37735849056603776,742,2.204082037313297,0.3644,0.7907583081272119,0.08408035086326779,,,0.9528815964610058,,0.9528939310275588,0.047106068972441184,0,0.3926473693826747,5,0.1,0.5,0.571778329976148,0.5875147149623494,0.5909976288029579,0.6114477546327665,0.583576942708077,0.5916711597957758,1.0,0.5947391499035678,0.60880840958508,0.5537138661501473,0.6107710283905277,0.608553845954733
0,7,0.3734200711987579,0.884030862754267,4277,2.1989000569219175,0.3814866760168303,713,2.204077147066403,0.3644,0.7803575315589452,0.08297444918114516,,,0.8892914179326354,,0.8892977260177702,0.11070227398222976,0,0.39262559109647377,5,0.1,0.5,0.5593575851375147,0.5824548663678891,0.5826617503941555,0.5973193620675256,0.5810785530455617,0.5894616163377214,0.5947391499035678,1.0,0.5965204717683736,0.5422050193676644,0.5953077166672018,0.6135699686516117
0,8,0.3763427950392585,0.883458464519254,4129,2.2007273110476406,0.373546511627907,688,2.2040874935186707,0.3643,0.7861298030428793,0.083588207654068,,,0.9245829917654492,,0.9245971587771699,0.07540284122283014,0,0.39264203840844947,5,0.1,0.5,0.5682526706190177,0.5935767322128398,0.5788079671009749,0.6042669711851973,0.5895357344394786,0.5981662916301391,0.60880840958508,0.5965204717683736,1.0,0.5487517956214749,0.5998828605341937,0.6088401860428383
0,9,0.4154760072429088,0.8750312421894526,4001,2.208412601834252,0.34632683658170915,667,2.205307508809879,0.3596,0.7330411775139245,0.07794335989787465,,,0.6,,0.6,0.4,0,0.3908420735693669,5,0.1,0.5,0.5162889413673148,0.5426768477436081,0.5465951057290929,0.5495120679701041,0.540964853545842,0.5538600892077497,0.5537138661501473,0.5422050193676644,0.5487517956214749,1.0,0.566022378969769,0.5691039324117764
0,10,0.37605314908213305,0.8804834147595783,3889,2.208693515686762,0.3333333333333333,648,2.2040865855475964,0.3643,0.7865340545053814,0.08363119121105987,,,0.927054578622656,,0.9270769539681742,0.07292304603182576,0,0.39264273635362223,5,0.1,0.5,0.5762622741395882,0.5966006918052534,0.5975966066507137,0.5862681360026976,0.5800770862594393,0.5986269397879385,0.6107710283905277,0.5953077166672018,0.5998828605341937,0.566022378969769,1.0,0.6056185370699594
0,11,0.37786779393668934,0.8801899235030335,3791,2.2062843084335326,0.36550632911392406,632,2.2040866853330083,0.3643,0.7874505295526077,0.08372863886698234,,,0.9326578921336611,,0.9326740625470609,0.06732593745293913,0,0.39264412849457386,5,0.1,0.5,0.560981167205402,0.5901981198589512,0.6041896661213947,0.5912726307769117,0.5890299352936281,0.6035817332235276,0.608553845954733,0.6135699686516117,0.6088401860428383,0.5691039324117764,0.6056185370699594,1.0
1,0,0.26108857947745967,0.9195032870708546,8214,2.032319609508958,0.718772826880935,1369,2.0403332759777957,0.7036,0.7960743285242227,0.0835138614329421,,,0.9256074026655544,,0.9256312434114753,0.07436875658852471,0.9580492161616153,0.4053778843292796,5,0.1,0.5,1.0,0.6178369850744341,0.6075687421160457,0.6217767486915924,0.6194056530769736,0.6127434682089425,0.6122931028923833,0.6107208643895519,0.6053856564106989,0.6093802157559707,0.6104900492536999,0.6124108770851223
1,1,0.2784595522708576,0.9157590508062062,6574,2.044452691078186,0.6934306569343066,1096,2.0403449638202167,0.7036,0.8027269208284455,0.0838596076577942,,,0.9546733499186246,,0.954680989910145,0.04531901008985495,0.9580631198485006,0.4053828599452689,5,0.1,0.5,0.6178369850744341,1.0,0.6197277491643247,0.6204460492923173,0.6175777975569614,0.6133972253424901,0.6220296573772087,0.6237839367635615,0.6104419579105064,0.6158492709872684,0.6238663874316086,0.619205078141379
1,2,0.28231187610274683,0.9156147328376275,5783,2.039384553509374,0.7053941908713693,964,2.0403298417600197,0.7037,0.8049171449964074,0.08348656548100414,,,0.9233127060290536,,0.9233271422117364,0.0766728577882636,0.9580501276650362,0.4053772570848635,5,0.1,0.5,0.6075687421160457,0.6197277491643247,1.0,0.6167796540063994,0.6212090852966222,0.6176246533930813,0.6270310647414478,0.6217224984015051,0.6233844961380509,0.620072554131359,0.6275657098290027,0.6261690308576793
1,3,0.2818761302792209,0.9129184792888216,5287,2.045397528580257,0.699205448354143,881,2.040335689489834,0.7038,0.8171102170292792,0.0841608740692577,,,0.9799999999159326,,0.9800010039656644,0.019998996034335637,0.9580652146560384,0.40538400834613825,5,0.1,0.5,0.6217767486915924,0.6204460492923173,0.6167796540063994,1.0,0.6409147573836018,0.6360512813325545,0.6348004395894588,0.6284353998087835,0.6329883850207503,0.636811534467459,0.6453771645709155,0.6320282157439387
1,4,0.30264363241892667,0.9087335359675786,4935,2.0416258848630466,0.6861313868613139,822,2.040322611887996,0.7037,0.8141797585671383,0.08326895241479658,,,0.9050185658495812,,0.9050399076351588,0.09496009236484115,0.9579935089527534,0.40537071926470736,5,0.1,0.5,0.6194056530769736,0.6175777975569614,0.6212090852966222,0.6409147573836018,1.0,0.6346422703974484,0.628477700729921,0.6286206305656633,0.6268867974363949,0.6238193523473133,0.6407274430963005,0.6400315917309957
1,5,0.30374641718649087,0.904992500535676,4667,2.04326536655426,0.7107969151670951,778,2.0403446080966496,0.7036,0.8128071220329889,0.08380794573698777,,,0.9503302723744109,,0.9503488780683701,0.049651121931629905,0.958062450561632,0.40538243825007086,5,0.1,0.5,0.6127434682089425,0.6133972253424901,0.6176246533930813,0.6360512813325545,0.6346422703974484,1.0,0.6349015226135867,0.6343135754004287,0.6338713304471059,0.6247412739487858,0.6326291361546342,0.6304538484895845
1,6,0.3186694464566452,0.9011452953065349,4453,2.030266359448433,0.7223719676549866,742,2.0403354484052323,0.7038,0.8151667752537286,0.08398070797576875,,,0.96485392515436,,0.9648662215752222,0.03513377842477783,0.958062890772617,0.4053835301332004,5,0.1,0.5,0.6122931028923833,0.6220296573772087,0.6270310647414478,0.6348004395894588,0.628477700729921,0.6349015226135867,1.0,0.630267922009698,0.6298744288207446,0.6316821738072323,0.6382795811184718,0.6382873623346874
1,7,0.32809068217539966,0.9009118541033435,4277,2.0327465275059575,0.7279102384291725,713,2.0403389153769984,0.7036,0.8102884165685772,0.08307951526860273,,,0.8890930988357391,,0.8891019527132172,0.11089804728678276,0.957971482806401,0.40536168533860073,5,0.1,0.5,0.6107208643895519,0.6237839367635615,0.6217224984015051,0.6284353998087835,0.6286206305656633,0.6343135754004287,0.630267922009698,1.0,0.6259311087920986,0.6179866494162978,0.6305362010345786,0.6323356225562367
1,8,0.32837973050055624,0.8981351416807943,4129,2.0365561951290476,0.7063953488372093,688,2.040336514433352,0.7036,0.8114868925484615,0.08352714047999427,,,0.9267237361305245,,0.9267406254706089,0.07325937452939113,0.9580434942939527,0.40537815788021253,5,0.1,0.5,0.6053856564106989,0.6104419579105064,0.6233844961380509,0.6329883850207503,0.6268867974363949,0.6338713304471059,0.6298744288207446,0.6259311087920986,1.0,0.6246792444094464,0.6378811181193901,0.6427942928695889
1,9,0.34707641203865586,0.8935266183454137,4001,2.048102867035639,0.6596701649175413,667,2.043416698138935,0.6998,0.807084491313385,0.07964068540068248,,,0.6,,0.6,0.4,0.9537615757279552,0.40341948598451544,5,0.1,0.5,0.6093802157559707,0.6158492709872684,0.620072554131359,0.636811534467459,0.6238193523473133,0.6247412739487858,0.6316821738072323,0.6179866494162978,0.6246792444094464,1.0,0.6386985422351283,0.6328900086359028
1,10,0.3295751214012137,0.8976600668552327,3889,2.0485542104357766,0.6867283950617284,648,2.0403449341131092,0.7035,0.8196179544826758,0.08383859253861835,,,0.9529066658550648,,0.9529190301691682,0.047080969830831765,0.9580564301656201,0.4053826947550695,5,0.1,0.5,0.6104900492536999,0.6238663874316086,0.6275657098290027,0.6453771645709155,0.6407274430963005,0.6326291361546342,0.6382795811184718,0.6305362010345786,0.6378811181193901,0.6386985422351283,1.0,0.647450099674776
1,11,0.33214274432291,0.8959113690319177,3791,2.0432636380195617,0.7056962025316456,632,2.04034485870276,0.7035,0.8176790838498359,0.0838355515435509,,,0.9526510176487397,,0.9526680387530746,0.0473319612469254,0.9580609849838968,0.40538267807656747,5,0.1,0.5,0.6124108770851223,0.619205078141379,0.6261690308576793,0.6320282157439387,0.6400315917309957,0.6304538484895845,0.6382873623346874,0.6323356225562367,0.6427942928695889,0.6328900086359028,0.647450099674776,1.0
2,0,0.23869326306789648,0.9279522766009253,8214,1.8252893630848375,0.8685171658144631,1369,1.8343348929676384,0.8598,0.7949841814844467,0.08289006022475784,,,0.8304292603693098,,0.8304502786004718,0.16954972139952817,0.9680451111095235,0.4054702595167353,5,0.1,0.5,1.0,0.6066252835958684,0.608388289370186,0.6185236860961821,0.6174257123366276,0.6230732795824134,0.6024632362900995,0.606742197659671,0.6117251150993864,0.6170596577866689,0.6155671754666968,0.6098951444347561
2,1,0.25059214621755177,0.92464253118345,6574,1.8412105049405778,0.8567518248175182,1096,1.8343699831551257,0.8599,0.8010342915934867,0.08332923925298026,,,0.8852503786234982,,0.8852718237036293,0.11472817629637067,0.9681555076015207,0.40554302532734476,5,0.1,0.5,0.6066252835958684,1.0,0.6074205231315184,0.6201000799006066,0.6180779583502068,0.6232671265033067,0.6148589141574797,0.6156191206302418,0.6193234685946246,0.6191203262455655,0.6260558555301728,0.6241185922823493
2,2,0.26134415937289185,0.9224278056372125,5783,1.8346205411418792,0.8661825726141079,964,1.834333495210154,0.8598,0.8003329896995902,0.08305816130515999,,,0.8514127058782692,,0.8514281411575724,0.14857185884242763,0.9680929004986575,0.40550569714055446,5,0.1,0.5,0.608388289370186,0.6074205231315184,1.0,0.6225568818063344,0.6138338383579197,0.6178741812641706,0.6145515412633888,0.6233096480881697,0.6179699122372386,0.6272554254944505,0.6278748878258644,0.6089522798384802
2,3,0.25468196153910044,0.9216947229052392,5287,1.839281018291201,0.8592508513053349,881,1.834312633965343,0.8598,0.8171206713110617,0.0840882906534426,,,0.9799999998751736,,0.9800010039656644,0.019998996034335637,0.9682145968719064,0.40557073525878745,5,0.1,0.5,0.6185236860961821,0.6201000799006066,0.6225568818063344,1.0,0.6399543184064841,0.6478403024698925,0.6320092103052188,0.6260937210745556,0.6386142890363862,0.6346118922629845,0.635636756263376,0.6340980959950038
2,4,0.27387764234937007,0.920081053698075,4935,1.8350190474436834,0.8540145985401459,822,1.8343462010922904,0.8601,0.8122972015038971,0.08333064736030174,,,0.8854261475309934,,0.8854424978665729,0.11455750213342708,0.968157103819647,0.40554310951951034,5,0.1,0.5,0.6174257123366276,0.6180779583502068,0.6138338383579197,0.6399543184064841,1.0,0.642008347730487,0.6192519557710977,0.6257874223889789,0.6326923408698282,0.6337189182456886,0.6302548988803579,0.6341062352740722
2,5,0.26754347708407944,0.9214056138847225,4667,1.8378526163101196,0.8598971722365039,778,1.8343190507005198,0.8598,0.8219318353071516,0.08402235877484422,,,0.9717699636460029,,0.9717835450027609,0.028216454997239127,0.9682070645438515,0.4055704955304318,5,0.1,0.5,0.6230732795824134,0.6232671265033067,0.6178741812641706,0.6478403024698925,0.642008347730487,1.0,0.6392221958246954,0.6394507954233641,0.6432021733774084,0.6378158190664829,0.6446133654962037,0.6399998161983178
2,6,0.2926258161151782,0.9118796317089602,4453,1.8189680973688762,0.8571428571428571,742,1.8343181354930986,0.86,0.8091930382659803,0.08369325820363009,,,0.9306895381869946,,0.9307113096732091,0.06928869032679086,0.9682083539274797,0.40556524709814473,5,0.1,0.5,0.6024632362900995,0.6148589141574797,0.6145515412633888,0.6320092103052188,0.6192519557710977,0.6392221958246954,1.0,0.6264392894645567,0.6314287959065918,0.6369928084890542,0.6276791608428128,0.629089887544108
2,7,0.29821835273821184,0.911620294599018,4277,1.8240628501643306,0.879382889200561,713,1.8343625076281758,0.8602,0.8095030988876791,0.08310814266743499,,,0.8576516972592416,,0.8576677877616585,0.14233221223834147,0.9681011146102552,0.405514492372808,5,0.1,0.5,0.606742197659671,0.6156191206302418,0.6233096480881697,0.6260937210745556,0.6257874223889789,0.6394507954233641,0.6264392894645567,1.0,0.633353300349301,0.6202294468726429,0.6285337088088178,0.6347320260938303
2,8,0.29639453129125637,0.9099539840155001,4129,1.8299779837781733,0.8575581395348837,688,1.8343208616914841,0.86,0.8167224331507859,0.08365537992036479,,,0.9259613300697772,,0.9259776115656845,0.07402238843431552,0.9682042637127516,0.40556393773352695,5,0.1,0.5,0.6117251150993864,0.6193234685946246,0.6179699122372386,0.6386142890363862,0.6326923408698282,0.6432021733774084,0.6314287959065918,0.633353300349301,1.0,0.6409152855916056,0.6404744383890965,0.6395049293697866
2,9,0.30423137865487543,0.9093226693326668,4001,1.8462888513292586,0.856071964017991,667,1.8399981374557788,0.8599,0.8155319508877483,0.08104406178718906,,,0.6,,0.6,0.4,0.9639772607077377,0.4034433623985522,5,0.1,0.5,0.6170596577866689,0.6191203262455655,0.6272554254944505,0.6346118922629845,0.6337189182456886,0.6378158190664829,0.6369928084890542,0.6202294468726429,0.6409152855916056,1.0,0.6476269445899222,0.6389372455849469
2,10,0.29279099547182075,0.912059655438416,3889,1.8451155253819056,0.8425925925925926,648,1.8343243526574522,0.8598,0.8191541383234919,0.08394595374991368,,,0.9622326027117045,,0.9622508910195271,0.0377491089804729,0.9682064129652018,0.405569967394341,5,0.1,0.5,0.6155671754666968,0.6260558555301728,0.6278748878258644,0.635636756263376,0.6302548988803579,0.6446133654962037,0.6276791608428128,0.6285337088088178,0.6404744383890965,0.6476269445899222,1.0,0.6474273651877072
2,11,0.2953670612778984,0.9094697968873648,3791,1.8383317112922668,0.8544303797468354,632,1.834327523319866,0.8598,0.8160078771896333,0.08383444609998095,,,0.9483135089700221,,0.9483258872546559,0.05167411274534406,0.968204873533541,0.40556853883061594,5,0.1,0.5,0.6098951444347561,0.6241185922823493,0.6089522798384802,0.6340980959950038,0.6341062352740722,0.6399998161983178,0.629089887544108,0.6347320260938303,0.6395049293697866,0.6389372455849469,0.6474273651877072,1.0
3,0,0.22184882766751984,0.9322132943754565,8214,1.5943641745766928,0.914536157779401,1369,1.604212853474358,0.9096,0.7912586849668172,0.08282704065909406,,,0.8303619419133582,,0.8303800010039657,0.1696199989960343,0.9694138035700363,0.39858838576391686,5,0.1,0.5,1.0,0.6145875531163789,0.6024126953999906,0.6027721226541118,0.6074331626999124,0.6072425226222719,0.5947079651312479,0.5992836839660541,0.5815942558860866,0.573819421530146,0.5910995645337307,0.5978559664006056
3,1,0.23446195742603645,0.9297231518101612,6574,1.6134222711835589,0.9078467153284672,1096,1.6041877993379539,0.9097,0.798221904825484,0.08336287919612652,,,0.889223431680447,,0.8892324682495859,0.1107675317504141,0.9696247114926433,0.3986691994285416,5,0.1,0.5,0.6145875531163789,1.0,0.6030645026324748,0.6084528539092198,0.6068879988449095,0.6109377535014081,0.6041964884728297,0.6094192134286882,0.5830969021394597,0.5753124009701137,0.6117815176123443,0.6093897685569991
3,2,0.2365611973172311,0.9306934117240186,5783,1.6055478088317379,0.9139004149377593,964,1.6042016706527613,0.9097,0.7960005909336682,0.08310483180307746,,,0.8608771054354174,,0.8608955373726218,0.1391044626273782,0.9695153570518038,0.3986404058299565,5,0.1,0.5,0.6024126953999906,0.6030645026324748,1.0,0.6045470892245097,0.6047107325531541,0.6037504358735161,0.6061342065165256,0.6135539785652916,0.5859553681573189,0.5816389222293074,0.6068135972864975,0.6048409667993654
3,3,0.2275922843109233,0.9301683374314356,5287,1.6091693810054235,0.9069239500567536,881,1.6040707476222857,0.9097,0.804819549843577,0.084098664528868,,,0.970048937575916,,0.9700667637166809,0.02993323628331912,0.9697381085174077,0.3986948115033487,5,0.1,0.5,0.6027721226541118,0.6084528539092198,0.6045470892245097,1.0,0.6196654865053554,0.6252546550731946,0.6104328387149235,0.616374288412735,0.598191964849744,0.5850272491064838,0.6166900132329677,0.60927184665391
3,4,0.2516193612833177,0.9262816616008105,4935,1.604335904121399,0.9136253041362531,822,1.6041409565617863,0.9098,0.8025002260474006,0.08351357701979047,,,0.9057774825604805,,0.9057979017117614,0.09420209828823856,0.9696482033023593,0.3986797699083339,5,0.1,0.5,0.6074331626999124,0.6068879988449095,0.6047107325531541,0.6196654865053554,1.0,0.6205868968492847,0.5999048737947504,0.6158885113150364,0.5897203855474862,0.5830778804228635,0.6129727881755096,0.6171637662129067
3,5,0.24386478827130814,0.9254767516605956,4667,1.609034857749939,0.910025706940874,778,1.604079768680536,0.9097,0.8086601461082865,0.08418925283530532,,,0.9799999998901507,,0.9800010039656644,0.019998996034335637,0.9697387459280689,0.3986951263373129,5,0.1,0.5,0.6072425226222719,0.6109377535014081,0.6037504358735161,0.6252546550731946,0.6205868968492847,1.0,0.6136974611872696,0.6280623595998628,0.6017448061376293,0.5798248053848643,0.6234237536521868,0.618975188492763
3,6,0.2720467010246856,0.9178980462609477,4453,1.5845526903867722,0.9070080862533693,742,1.6040991179097575,0.9096,0.7967793194707353,0.08355448698127485,,,0.9102714133117493,,0.9102906480598364,0.0897093519401636,0.9696909246871928,0.398681975724314,5,0.1,0.5,0.5947079651312479,0.6041964884728297,0.6061342065165256,0.6104328387149235,0.5999048737947504,0.6136974611872696,1.0,0.6140145762905641,0.5894125848834038,0.5664280595129368,0.6065855597725252,0.6156874065544841
3,7,0.26695849451083525,0.9205985503857844,4277,1.5913502237071162,0.9228611500701263,713,1.6041570943765366,0.9099,0.8067577886019004,0.08351462622900789,,,0.9058927374616247,,0.9059083379348426,0.0940916620651574,0.9695899306662772,0.39867980236718303,5,0.1,0.5,0.5992836839660541,0.6094192134286882,0.6135539785652916,0.616374288412735,0.6158885113150364,0.6280623595998628,0.6140145762905641,1.0,0.6030160089490414,0.5719436053515411,0.6169387462317033,0.6307075786054248
3,8,0.288586501629,0.9173649794139017,4129,1.5988524935462258,0.9142441860465116,688,1.6041937567555486,0.9098,0.7834327332604124,0.0830621014388845,,,0.8561832047155903,,0.8562019978916721,0.14379800210832794,0.9695863821100166,0.3986340045891992,5,0.1,0.5,0.5815942558860866,0.5830969021394597,0.5859553681573189,0.598191964849744,0.5897203855474862,0.6017448061376293,0.5894125848834038,0.6030160089490414,1.0,0.5585996884234886,0.5997667332154281,0.6025370616770684
3,9,0.28869975889637506,0.9167708072981755,4001,1.6200644345510573,0.8950524737631185,667,1.612390100765533,0.9099,0.7664243280439993,0.08072996825349846,,,0.6,,0.6,0.4,0.9654794871747143,0.3965107162553168,5,0.1,0.5,0.573819421530146,0.5753124009701137,0.5816389222293074,0.5850272491064838,0.5830778804228635,0.5798248053848643,0.5664280595129368,0.5719436053515411,0.5585996884234886,1.0,0.5891583059171959,0.5803599088963143
3,10,0.26313147247295643,0.9223450758549756,3889,1.616725660505749,0.8981481481481481,648,1.6040790362860828,0.9097,0.8057881963222226,0.0840379049745984,,,0.9633745428940791,,0.9633853722202701,0.0366146277797299,0.9697356744956733,0.3986944389926967,5,0.1,0.5,0.5910995645337307,0.6117815176123443,0.6068135972864975,0.6166900132329677,0.6129727881755096,0.6234237536521868,0.6065855597725252,0.6169387462317033,0.5997667332154281,0.5891583059171959,1.0,0.6313266089144517
3,11,0.26680566891245233,0.9195462938538644,3791,1.6091810464859009,0.9098101265822784,632,1.604083632889647,0.9097,0.8069572862140748,0.08400466608047406,,,0.9597232735449124,,0.9597309372019477,0.04026906279805231,0.9697299654099985,0.39869417151923936,5,0.1,0.5,0.5978559664006056,0.6093897685569991,0.6048409667993654,0.60927184665391,0.6171637662129067,0.618975188492763,0.6156874065544841,0.6307075786054248,0.6025370616770684,0.5803599088963143,0.6313266089144517,1.0
4,0,0.21059521374977574,0.9379839298758218,8214,1.3488805210867594,0.9298758217677137,1369,1.3597811132955093,0.9287,0.7844861782421902,0.08300160982593818,,,0.8568898118904176,,0.8569047738567341,0.14309522614326586,0.9675096276111952,0.3921054864726666,5,0.1,0.5,1.0,0.5944240132299327,0.5907367111767249,0.592752457176974,0.5993007400123577,0.5955666240112312,0.5792789512672354,0.5857102127113769,0.49305601024358675,0.5839788310980409,0.581834081747125,0.5889685620522742
4,1,0.21849575759797782,0.9334651658046851,6574,1.3705613885607038,0.9306569343065694,1096,1.359724535728796,0.9286,0.7881674531548591,0.08348951820114572,,,0.9005382942539315,,0.9005622207720496,0.09943777922795038,0.9677242334857943,0.39214885394330906,5,0.1,0.5,0.5944240132299327,1.0,0.5894898749809413,0.5918376416782913,0.5896684922156825,0.5884812163931482,0.5871523621834824,0.5904168734802905,0.5062993209798223,0.5939527914556354,0.5923246285771995,0.593894144898608
4,2,0.2201259915835291,0.9345322496973889,5783,1.3637056466071837,0.9315352697095436,964,1.3597426966737254,0.9287,0.787708125953145,0.08330078376889818,,,0.8836540349217559,,0.8836654786406305,0.1163345213593695,0.9676405229780609,0.39213597440333375,5,0.1,0.5,0.5907367111767249,0.5894898749809413,1.0,0.5879146959344914,0.5937895990863788,0.5901986230711401,0.5917978145023294,0.5907943017197076,0.49886068906357434,0.591414045012717,0.5977616848404048,0.5919711936750348
4,3,0.21350790698092476,0.9361074333270286,5287,1.3647523820400238,0.9296254256526674,881,1.3596814059601805,0.9288,0.795894500282366,0.08425353879455333,,,0.9688878883401737,,0.9688971437176849,0.031102856282315128,0.9678243207384478,0.39216735424683946,5,0.1,0.5,0.592752457176974,0.5918376416782913,0.5879146959344914,1.0,0.6008331369046788,0.6070357553955388,0.5961781504174476,0.6018160335260904,0.5117512057026463,0.6044531061420677,0.5981082258544667,0.5943991466951032
4,4,0.22888409997066184,0.9323606889564336,4935,1.3590789437294006,0.9330900243309003,822,1.3597155775125034,0.9287,0.7920644226985608,0.08372745808518905,,,0.9218244933847093,,0.9218412730284624,0.07815872697153758,0.9677744923341574,0.3921590160388959,5,0.1,0.5,0.5993007400123577,0.5896684922156825,0.5937895990863788,0.6008331369046788,1.0,0.593690680664541,0.5861047183098061,0.5954426931887462,0.5035681972163476,0.594090627598342,0.5943568906424949,0.6028352675374143
4,5,0.22037220516254843,0.9322476965931005,4667,1.3654446983337403,0.9305912596401028,778,1.3596910619126341,0.9288,0.7977023888501503,0.0843777514133626,,,0.9799999999105395,,0.9800010039656644,0.019998996034335637,0.9678252858853329,0.39216774332927956,5,0.1,0.5,0.5955666240112312,0.5884812163931482,0.5901986230711401,0.6070357553955388,0.593690680664541,1.0,0.6028785709402582,0.613344396006068,0.5096795681211939,0.5993740016427939,0.604809119083947,0.5983529570750056
4,6,0.24579591051209718,0.927060408713227,4453,1.3363126267989476,0.9272237196765498,742,1.3596487334741951,0.9288,0.7893198355493445,0.08365821506316361,,,0.9156299843759459,,0.915651824707595,0.08434817529240501,0.9677727964387189,0.3921566396075865,5,0.1,0.5,0.5792789512672354,0.5871523621834824,0.5917978145023294,0.5961781504174476,0.5861047183098061,0.6028785709402582,1.0,0.5998355996918942,0.5021754099671716,0.5918469718817863,0.5948801145179885,0.5953112635757992
4,7,0.2448629024897271,0.926163198503624,4277,1.3447493573893672,0.9396914446002805,713,1.359747907605034,0.9287,0.7943667142851822,0.08380919353893779,,,0.9291365804336511,,0.9291501430651071,0.07084985693489287,0.9677819893086413,0.39216137826586356,5,0.1,0.5,0.5857102127113769,0.5904168734802905,0.5907943017197076,0.6018160335260904,0.5954426931887462,0.613344396006068,0.5998355996918942,1.0,0.51167385648025,0.5877736681121247,0.5936294823215863,0.6043923639674098
4,8,0.3068609427363397,0.9163962218454832,4129,1.355523331598802,0.9244186046511628,688,1.3613537999387748,0.9289,0.6984350613459049,0.08013006231867374,,,0.6,,0.6,0.4,0.962390720429985,0.3899534101268913,5,0.1,0.5,0.49305601024358675,0.5062993209798223,0.49886068906357434,0.5117512057026463,0.5035681972163476,0.5096795681211939,0.5021754099671716,0.51167385648025,1.0,0.5122667163559076,0.5100851635194122,0.5157795012522933
4,9,0.252390967174018,0.9262184453886528,4001,1.378793790226891,0.9130434782608695,667,1.3691618362554727,0.9293,0.7915160335089478,0.08184663650772316,,,0.7535654274934622,,0.7535816475076552,0.24641835249234478,0.9627417464869714,0.39177438582489454,5,0.1,0.5,0.5839788310980409,0.5939527914556354,0.591414045012717,0.6044531061420677,0.594090627598342,0.5993740016427939,0.5918469718817863,0.5877736681121247,0.5122667163559076,1.0,0.6052151612293641,0.5975005809543485
4,10,0.24149941567362088,0.9282077654924145,3889,1.3740360339482625,0.9212962962962963,648,1.3596866549775242,0.9288,0.7953663522549345,0.08419431700889649,,,0.9635898832266542,,0.9636012248381105,0.036398775161889496,0.9678216637887787,0.3921670454907262,5,0.1,0.5,0.581834081747125,0.5923246285771995,0.5977616848404048,0.5981082258544667,0.5943568906424949,0.604809119083947,0.5948801145179885,0.5936294823215863,0.5100851635194122,0.6052151612293641,1.0,0.6093139417080309
4,11,0.23797399412151896,0.9302031126351886,3791,1.3655709624290466,0.9272151898734177,632,1.3596933585005446,0.9289,0.796469478463543,0.08421091547351824,,,0.9650747886456188,,0.9650921138497064,0.03490788615029361,0.9678214451454888,0.39216714513283096,5,0.1,0.5,0.5889685620522742,0.593894144898608,0.5919711936750348,0.5943991466951032,0.6028352675374143,0.5983529570750056,0.5953112635757992,0.6043923639674098,0.5157795012522933,0.5975005809543485,0.6093139417080309,1.0
5,0,0.19431049567484207,0.9409301193084977,8214,1.0969643149265023,0.9430241051862673,1369,1.1080736485533058,0.9385,0.7740310108200446,0.08285042830028358,,,0.7959009450269521,,0.7959188795743185,0.2040811204256815,0.9666937480648703,0.39050553158087375,5,0.1,0.5,1.0,0.5740465064406399,0.5676048416890859,0.574064989249519,0.5768080229289623,0.5726581548010574,0.5614367302356235,0.5688832603457212,0.5717093562899025,0.5670909860025841,0.5650988946677357,0.5605128344306851
5,1,0.2030852972651895,0.9391846668694859,6574,1.1198742389678955,0.9406934306569343,1096,1.1080143805890799,0.9386,0.7742132108623131,0.083183529011747,,,0.8421627545629784,,0.8421816173886854,0.15781838261131464,0.9670260901838805,0.39062475827409743,5,0.1,0.5,0.5740465064406399,1.0,0.5652925122318847,0.5664987428146508,0.5713985857552639,0.5653403225245998,0.5633352074327498,0.5697801087745814,0.5763814669068917,0.5703533580617512,0.5714306090098685,0.5655781945325937
5,2,0.2076523516316852,0.9374719003977174,5783,1.1142232841061008,0.9387966804979253,964,1.108037919663012,0.9386,0.7747533055011027,0.08307619419308115,,,0.8272558427287522,,0.8272727272727273,0.17272727272727273,0.9669576583641893,0.3905950209808305,5,0.1,0.5,0.5676048416890859,0.5652925122318847,1.0,0.5647695239349382,0.5692285225920484,0.5676106933956987,0.5672960037688746,0.5722824120782752,0.57356600649194,0.5731064035725841,0.5720770252977776,0.5724579584640735
5,3,0.19432821370442455,0.9420087005863439,5287,1.1122570314577647,0.9375709421112373,881,1.1079411729456137,0.9386,0.7841465054782315,0.0840451257261809,,,0.9618233308640433,,0.9618342452688118,0.03816575473118822,0.9672172863939567,0.39070889518170204,5,0.1,0.5,0.574064989249519,0.5664987428146508,0.5647695239349382,1.0,0.5810434070044388,0.5859713630904643,0.5771593103663114,0.5789109381759874,0.586885432740512,0.5845697138927064,0.5806479945089466,0.5682086965724228
5,4,0.2211692775515539,0.9345896656534954,4935,1.1058203807243934,0.9440389294403893,822,1.1079889834879306,0.9386,0.783380832616911,0.0836659053113789,,,0.9091563085551756,,0.909171226344059,0.090828773655941,0.9671782580410784,0.39069473464220505,5,0.1,0.5,0.5768080229289623,0.5713985857552639,0.5692285225920484,0.5810434070044388,1.0,0.579880473443752,0.5672391202578896,0.5819913115870681,0.582049694495224,0.576843496602686,0.5791322517645255,0.5782672784686644
5,5,0.20311061882299103,0.9398757231626312,4667,1.114621617794037,0.9383033419023136,778,1.1079550534010696,0.9386,0.7855004194828606,0.08417600390487051,,,0.9799999998611176,,0.9800010039656644,0.019998996034335637,0.967220971562684,0.39070976412550956,5,0.1,0.5,0.5726581548010574,0.5653403225245998,0.5676106933956987,0.5859713630904643,0.579880473443752,1.0,0.5921355287886105,0.5796401881830655,0.5929543674968654,0.5753146397520508,0.5729162054674536,0.5763892998315845
5,6,0.2262664514354297,0.9302941836963845,4453,1.0818574105699856,0.9366576819407008,742,1.1079118617426473,0.9386,0.7782571356437418,0.0834389865628982,,,0.8776412995470972,,0.8776567441393505,0.12234325586064954,0.9671335156616933,0.3906718043145566,5,0.1,0.5,0.5614367302356235,0.5633352074327498,0.5672960037688746,0.5771593103663114,0.5672391202578896,0.5921355287886105,1.0,0.5775483818798102,0.5750533861963893,0.5740719074762343,0.5676888609899807,0.5729558187683296
5,7,0.22844938965125092,0.9319616553659107,4277,1.0904604870340098,0.9481065918653576,713,1.1080220473079254,0.9386,0.7833990417634391,0.0837212731355925,,,0.9168459220865928,,0.916861603333166,0.08313839666683398,0.967193836375558,0.39069823916908103,5,0.1,0.5,0.5688832603457212,0.5697801087745814,0.5722824120782752,0.5789109381759874,0.5819913115870681,0.5796401881830655,0.5775483818798102,1.0,0.580088437450707,0.5747764691029964,0.5777800792976084,0.581785013751123
5,8,0.22135133106494323,0.933349479292807,4129,1.1056884906508706,0.936046511627907,688,1.1117321031923872,0.939,0.7885628896097624,0.0814398750854549,,,0.6,,0.6,0.4,0.9622825578089731,0.38845889602440603,5,0.1,0.5,0.5717093562899025,0.5763814669068917,0.57356600649194,0.586885432740512,0.582049694495224,0.5929543674968654,0.5750533861963893,0.580088437450707,1.0,0.5869130833585692,0.5879565625048597,0.5965788196594232
5,9,0.23097506360855832,0.9316170957260684,4001,1.1305235340481712,0.9205397301349325,667,1.1179139452239575,0.9386,0.7830704387343687,0.08239565919744911,,,0.7327415433980298,,0.7327543798002109,0.26724562019978915,0.9659073128914195,0.39018113646568836,5,0.1,0.5,0.5670909860025841,0.5703533580617512,0.5731064035725841,0.5845697138927064,0.576843496602686,0.5753146397520508,0.5740719074762343,0.5747764691029964,0.5869130833585692,1.0,0.5867345671159131,0.5808266099221107
5,10,0.21939152737346584,0.9343275906402674,3889,1.1233033395948864,0.9351851851851852,648,1.1079399713312095,0.9386,0.7843646877836621,0.08401316231082497,,,0.9573841766310155,,0.9573967170322775,0.04260328296772253,0.9672127683082371,0.3907084333780332,5,0.1,0.5,0.5650988946677357,0.5714306090098685,0.5720770252977776,0.5806479945089466,0.5791322517645255,0.5729162054674536,0.5676888609899807,0.5777800792976084,0.5879565625048597,0.5867345671159131,1.0,0.5896390633045931
5,11,0.21952133099665913,0.9307306779213927,3791,1.1142334073781968,0.9367088607594937,632,1.1079513120194213,0.9386,0.7835014940416654,0.0839938572602381,,,0.9547030458420439,,0.9547161287083982,0.04528387129160183,0.9672112985706681,0.39070812032995295,5,0.1,0.5,0.5605128344306851,0.5655781945325937,0.5724579584640735,0.5682086965724228,0.5782672784686644,0.5763892998315845,0.5729558187683296,0.581785013751123,0.5965788196594232,0.5808266099221107,0.5896390633045931,1.0
6,0,0.1854783684736415,0.9432432432432433,8214,0.8614190872325453,0.9488677867056245,1369,0.8724464673203782,0.9457,0.7566162548497842,0.08258485789144616,,,0.6800305818114308,,0.680051202248883,0.31994879775111695,0.9650186426072632,0.3832398011398637,5,0.1,0.5,1.0,0.5536026484427987,0.5499473620714921,0.5444290055667368,0.5544685530298178,0.5412576613438559,0.5380918704239386,0.5446455783084073,0.544024120424673,0.5394694565299334,0.5306406589848376,0.5403461851707912
6,1,0.18906994749027875,0.9418618801338606,6574,0.8839600937707084,0.947992700729927,1096,0.871791095969776,0.946,0.7704049230485922,0.0832976714664077,,,0.8227433903207939,,0.8227599016113649,0.17724009838863508,0.9670420599612417,0.3841508039742629,5,0.1,0.5,0.5536026484427987,1.0,0.554648510960643,0.5604909648122857,0.5461949963616952,0.5568868708463625,0.5497199493803832,0.5583009765062634,0.5532284685650019,0.5637013244823911,0.5518453777624424,0.5575362449800981
6,2,0.18927575662958523,0.9432128652948297,5783,0.8789629167126071,0.9481327800829875,964,0.8719400216977056,0.9458,0.7642415112703523,0.08300702777640649,,,0.764553452961878,,0.7645650318759099,0.23543496812409015,0.9666461315737217,0.38393473813992,5,0.1,0.5,0.5499473620714921,0.554648510960643,1.0,0.5537478471719277,0.5527350539280442,0.5461321987723025,0.5454201155442615,0.5526775707719508,0.5535591564524868,0.5504774819661509,0.5425411998663492,0.5481587668599474
6,3,0.1830693269580468,0.9442027614904482,5287,0.8761229110615594,0.9432463110102156,881,0.87165140172544,0.9459,0.7747724510649726,0.08403246316836051,,,0.969856452050462,,0.9698659705838061,0.03013402941619392,0.9674356283513097,0.3842856014381326,5,0.1,0.5,0.5444290055667368,0.5604909648122857,0.5537478471719277,1.0,0.5599508933364848,0.5671381920747017,0.5588859931818124,0.5498578786073114,0.5674259812240999,0.5675345376894338,0.5558268404850094,0.5567577500316713
6,4,0.19669508404849517,0.9416008105369807,4935,0.8677088045156919,0.9525547445255474,822,0.8717274604894863,0.9459,0.7683721374035921,0.08355038801984851,,,0.8733399142440266,,0.8733497314391848,0.12665026856081518,0.967294118411652,0.3842407169809371,5,0.1,0.5,0.5544685530298178,0.5461949963616952,0.5527350539280442,0.5599508933364848,1.0,0.565239353618102,0.5377288242984866,0.5542329242829409,0.5538683633254486,0.552727725621592,0.5507046252143621,0.5567897237902817
6,5,0.18765315532633295,0.9434754660381401,4667,0.8785705232620239,0.9485861182519281,778,0.8716623973541747,0.9459,0.7737156559009913,0.08408312756638836,,,0.9799999997997895,,0.9800010039656644,0.019998996034335637,0.9674351260787704,0.38428596576397456,5,0.1,0.5,0.5412576613438559,0.5568868708463625,0.5461321987723025,0.5671381920747017,0.565239353618102,1.0,0.5607999220631364,0.5634065290956578,0.5596839442085784,0.5588724089108076,0.5583042386124952,0.5534953757794459
6,6,0.20611773666792682,0.9369413878284303,4453,0.8443557197848955,0.9474393530997305,742,0.8717181711151196,0.9461,0.7639243893217891,0.083240028662499,,,0.8112026919879808,,0.8112243361277044,0.1887756638722956,0.9670434294438561,0.38411943893139405,5,0.1,0.5,0.5380918704239386,0.5497199493803832,0.5454201155442615,0.5588859931818124,0.5377288242984866,0.5607999220631364,1.0,0.5546280872147498,0.5502725813111262,0.5539760242891314,0.5418058036325263,0.5535215331793778
6,7,0.20961212113555241,0.9383212532148703,4277,0.8516918654027192,0.9537166900420757,713,0.8717312690929864,0.9458,0.770097252563353,0.08364878738661782,,,0.8930405070504259,,0.89305255760253,0.10694744239747,0.9673483376229768,0.38425987186603866,5,0.1,0.5,0.5446455783084073,0.5583009765062634,0.5526775707719508,0.5498578786073114,0.5542329242829409,0.5634065290956578,0.5546280872147498,1.0,0.5619866470155942,0.5497217216652517,0.5491818594216493,0.561787040081801
6,8,0.20625942896702046,0.937854201985953,4129,0.8715396496382627,0.9447674418604651,688,0.8773945823264199,0.9462,0.7721352153388649,0.08218512583009083,,,0.6,,0.6,0.4,0.9621872053140796,0.38195851866992525,5,0.1,0.5,0.544024120424673,0.5532284685650019,0.5535591564524868,0.5674259812240999,0.5538683633254486,0.5596839442085784,0.5502725813111262,0.5619866470155942,1.0,0.5597409585624784,0.5560761312831438,0.5712140441849684
6,9,0.20844736920271462,0.939715071232192,4001,0.8976721281097049,0.9250374812593704,667,0.8815950252377568,0.9464,0.7706622241310505,0.08277638247039203,,,0.7183758259538595,,0.7183926509713368,0.28160734902866325,0.9658743475124809,0.3836264998875238,5,0.1,0.5,0.5394694565299334,0.5637013244823911,0.5504774819661509,0.5675345376894338,0.552727725621592,0.5588724089108076,0.5539760242891314,0.5497217216652517,0.5597409585624784,1.0,0.55997760162809,0.556379361053346
6,10,0.20653380304956656,0.9386474672152224,3889,0.8868622609547206,0.9459876543209876,648,0.8716503893986297,0.9459,0.7657401029013345,0.08369090742609478,,,0.9014733839475951,,0.9014908890115958,0.0985091109884042,0.9673881775413439,0.3842659283785108,5,0.1,0.5,0.5306406589848376,0.5518453777624424,0.5425411998663492,0.5558268404850094,0.5507046252143621,0.5583042386124952,0.5418058036325263,0.5491818594216493,0.5560761312831438,0.55997760162809,1.0,0.5616471075586392
