round,client_id,client_i_training_loss,client_i_training_accuracy,client_i_training_dataset_size,client_i_evaluation_loss,client_i_evaluation_accuracy,client_i_evaluation_dataset_size,client_i_central_evaluation_loss,client_i_central_evaluation_accuracy,client_i_cosine_similarity,client_i_importance_coefficient,client_i_tanh_val,tanh_normalization_value,client_i_q,client_i_mask_order,client_i_v_nonzero_fraction,client_i_v_sparsity,client_i_v_cosine_similarity,client_i_reward_gradient_norm,local_epochs,learning_rate,gamma,client_0_cosine_similarity,client_1_cosine_similarity,client_2_cosine_similarity,client_3_cosine_similarity,client_4_cosine_similarity,client_5_cosine_similarity,client_6_cosine_similarity,client_7_cosine_similarity,client_8_cosine_similarity,client_9_cosine_similarity,client_10_cosine_similarity,client_11_cosine_similarity
0,0,0.27903531267079396,0.9130752373995618,8214,2.195921066195466,0.38787436084733384,1369,2.199018703101161,0.3721,0.8038495401042156,0.08514631953317817,,,0.9899999999757678,,0.9900005019828322,0.009999498017167818,0,0.39438971647777593,5,0.1,0.5,1.0,0.565902375588452,0.5719819000881498,0.580553570860452,0.5701932430078089,0.5865384602193388,0.5769613759679248,0.5865129808825066,0.5912920539308937,0.5395064463105443,0.5927260200794189,0.5798141413866086
0,1,0.2996097553204926,0.9072406449650137,6574,2.1985962050301686,0.3822992700729927,1096,2.19901777684879,0.3721,0.7947292972354684,0.08418027417919083,,,0.9665906544720397,,0.9666081020029115,0.03339189799708853,0,0.3943891068115739,5,0.1,0.5,0.565902375588452,1.0,0.5966547153303229,0.5773219713731333,0.5861741946686215,0.5932016356567411,0.5852529656573546,0.5770436451229005,0.5928317664116539,0.5453804049234392,0.5952659146040101,0.5820744802005484
0,2,0.33122484406651875,0.8964897112225488,5783,2.199281415631694,0.36618257261410786,964,2.199017645071109,0.3721,0.7968061946817087,0.0844002658129141,,,0.9719215223660798,,0.9719341398524171,0.028065860147582944,0,0.3943893527974567,5,0.1,0.5,0.5719819000881498,0.5966547153303229,1.0,0.5960462270836695,0.5820627384478932,0.5957892084612413,0.6054090302472404,0.589675329716698,0.5977417243688335,0.5492127688312142,0.6066958331875844,0.5959975347795303
0,3,0.33246370608390996,0.8950255343294874,5287,2.195782789162227,0.38933030646992056,881,2.1990204078320876,0.3723,0.7899105263359636,0.08366985452190867,,,0.954222094279814,,0.9542342251894985,0.04576577481050148,0,0.39438807885868427,5,0.1,0.5,0.580553570860452,0.5773219713731333,0.5960462270836695,1.0,0.592078396209859,0.5912925042964184,0.6034569266442704,0.5940039932669781,0.5977270272117847,0.5407732377397327,0.59115023740836,0.5924942498615622
0,4,0.3309910174963936,0.8959270516717325,4935,2.1957783790735097,0.39172749391727496,822,2.1990289558617833,0.3723,0.7849378376667031,0.08314313140116524,,,0.9414584662913432,,0.9414738215953015,0.05852617840469854,0,0.39438614420124357,5,0.1,0.5,0.5701932430078089,0.5861741946686215,0.5820627384478932,0.592078396209859,1.0,0.5988310277725862,0.6008001846661872,0.5920452212064703,0.5994368944921135,0.5337158932984313,0.5942965149821143,0.5951281961655932
0,5,0.35384901955417575,0.888793657595886,4667,2.2046091461181643,0.36118251928020567,778,2.199017713625972,0.3721,0.7947634257920856,0.08418388918528583,,,0.966678253802989,,0.9666984589127052,0.03330154108729477,0,0.39438910996470944,5,0.1,0.5,0.5865384602193388,0.5932016356567411,0.5957892084612413,0.5912925042964184,0.5988310277725862,1.0,0.6128570399245096,0.5926182470800485,0.6226080514154938,0.5476347071535315,0.6107985440538665,0.6070417201271222
0,6,0.3637530911208263,0.8857399505951045,4453,2.2063244183858237,0.3611859838274933,742,2.199019176129716,0.3721,0.7942473303375291,0.08412922270071262,,,0.965353567938535,,0.9653732242357311,0.03462677576426887,0,0.39438902467713155,5,0.1,0.5,0.5769613759679248,0.5852529656573546,0.6054090302472404,0.6034569266442704,0.6008001846661872,0.6128570399245096,1.0,0.6057460308631352,0.6163473286292626,0.5442500295676288,0.6275089185718242,0.6012227064863035
0,7,0.3620724087136228,0.8881926584054244,4277,2.195732645366503,0.36746143057503505,713,2.1990290975418336,0.3723,0.7845239203331288,0.08309928795063558,,,0.9403960456945377,,0.9404146378193866,0.05958536218061339,0,0.3943859485215969,5,0.1,0.5,0.5865129808825066,0.5770436451229005,0.589675329716698,0.5940039932669781,0.5920452212064703,0.5926182470800485,0.6057460308631352,1.0,0.6073632457814152,0.5551178938958755,0.5936084488932378,0.5982683438640247
0,8,0.37176250114822046,0.8800193751513684,4129,2.1995291384783657,0.35755813953488375,688,2.1990177425713586,0.3721,0.7947385689405411,0.08418125626790687,,,0.9666144525825263,,0.9666332011445209,0.03336679885547911,0,0.394389107655614,5,0.1,0.5,0.5912920539308937,0.5928317664116539,0.5977417243688335,0.5977270272117847,0.5994368944921135,0.6226080514154938,0.6163473286292626,0.6073632457814152,1.0,0.5517909205457618,0.6124377113280529,0.6110867903086258
0,9,0.41904822632796057,0.8733816545863534,4001,2.1985994974772134,0.3613193403298351,667,2.1990631670235827,0.3713,0.7298258496697694,0.07730549300494594,,,0.8,,0.8,0.19999999999999996,0,0.3942301918957398,5,0.1,0.5,0.5395064463105443,0.5453804049234392,0.5492127688312142,0.5407732377397327,0.5337158932984313,0.5476347071535315,0.5442500295676288,0.5551178938958755,0.5517909205457618,1.0,0.5473226569993195,0.5520787173577786
0,10,0.3690799790663553,0.8848547184366161,3889,2.20086137453715,0.35648148148148145,648,2.1990199645106405,0.3723,0.7902934055027057,0.08371041031033369,,,0.955204847790815,,0.955228151197229,0.044771848802770964,0,0.39438818659376307,5,0.1,0.5,0.5927260200794189,0.5952659146040101,0.6066958331875844,0.59115023740836,0.5942965149821143,0.6107985440538665,0.6275089185718242,0.5936084488932378,0.6124377113280529,0.5473226569993195,1.0,0.5966673494050633
0,11,0.4094173826449433,0.8733315747823793,3791,2.201741886138916,0.3560126582278481,632,2.1990324719645344,0.3724,0.7821760606825156,0.08285059513182244,,,0.9343696866878269,,0.9343808041764972,0.06561919582350284,0,0.3943847241338702,5,0.1,0.5,0.5798141413866086,0.5820744802005484,0.5959975347795303,0.5924942498615622,0.5951281961655932,0.6070417201271222,0.6012227064863035,0.5982683438640247,0.6110867903086258,0.5520787173577786,0.5966673494050633,1.0
1,0,0.25085673385665747,0.9225468711955198,8214,2.040898467219153,0.7355734112490869,1369,2.046041952154507,0.7303,0.7997657445923237,0.08443161790608997,,,0.9872948248966582,,0.9873048541739873,0.012695145826012721,0.9604334706759295,0.40174538778342406,5,0.1,0.5,1.0,0.6108041003159065,0.6230951210598924,0.6135521744047169,0.6251730378902339,0.622573787451109,0.6042286326577149,0.6221664940768182,0.6206138191035597,0.513193311121751,0.6255883523061946,0.614430020444659
1,1,0.2668029340246276,0.919014298752662,6574,2.0445084367479596,0.7445255474452555,1096,2.046039722598018,0.7303,0.8063730225414286,0.08402133922665417,,,0.978822577135149,,0.9788313839666684,0.021168616033331644,0.9604311986352797,0.40174522810494395,5,0.1,0.5,0.6108041003159065,1.0,0.6325632969679428,0.6230327487220279,0.6277080797390654,0.6280347880951634,0.6209580741167086,0.6283518981443275,0.6223190663306597,0.5130708258014459,0.6325618622790096,0.6238776458676039
1,2,0.29835478838286184,0.9094587584298807,5783,2.0462647791831725,0.7116182572614108,964,2.0460395230271944,0.7303,0.817691749881311,0.0845626192285031,,,0.9899999999793501,,0.9900005019828322,0.009999498017167818,0.9604333585383665,0.4017454085171704,5,0.1,0.5,0.6230951210598924,0.6325632969679428,1.0,0.6385420483783951,0.6449101543043337,0.6384057495886342,0.6367628633566014,0.6322907634600202,0.6261220147493132,0.5160335466495387,0.6417889195301786,0.6406262064921338
1,3,0.3008983682100493,0.9074333270285606,5287,2.042142493384225,0.7275822928490352,881,2.0460412220452158,0.7303,0.8071195512929454,0.08370871435029674,,,0.9723668787484971,,0.9723809045730636,0.027619095426936413,0.9604290171268066,0.40174499489347143,5,0.1,0.5,0.6135521744047169,0.6230327487220279,0.6385420483783951,1.0,0.6266009123953608,0.6321563643863615,0.6200482535313904,0.6328150218248263,0.6187290352273074,0.5115315654242732,0.6360469429638208,0.6194583108543968
1,4,0.29102355060437995,0.9093414387031409,4935,2.0414567635609555,0.745742092457421,822,2.04604848467123,0.7303,0.8165323668813425,0.08368793692772272,,,0.9719378253252612,,0.9719491993373827,0.028050800662617337,0.9604115324017702,0.40174497405633863,5,0.1,0.5,0.6251730378902339,0.6277080797390654,0.6449101543043337,0.6266009123953608,1.0,0.638957352208916,0.636944699916238,0.6409170713843751,0.6300214756140752,0.5121394795220485,0.6476903184171516,0.6339386422527459
1,5,0.3086356660989049,0.9062781229912149,4667,2.0543859338760377,0.7429305912596401,778,2.0460396262403493,0.7303,0.8184586026190791,0.08444582105780256,,,0.9875881197382739,,0.9876010240449776,0.012398975955022373,0.9604321229467712,0.4017453915652605,5,0.1,0.5,0.622573787451109,0.6280347880951634,0.6384057495886342,0.6321563643863615,0.638957352208916,1.0,0.6299573275764225,0.6484952767024459,0.6443039547753138,0.5138004353443125,0.6458164707601567,0.6367649366617786
1,6,0.325302079522184,0.9002470244778801,4453,2.0563084880510965,0.7102425876010782,742,2.0460413500142933,0.7303,0.8105244169388834,0.08413244865185412,,,0.981116984878265,,0.9811354851664074,0.018864514833592638,0.9604307735371479,0.40174528909917284,5,0.1,0.5,0.6042286326577149,0.6209580741167086,0.6367628633566014,0.6200482535313904,0.636944699916238,0.6299573275764225,1.0,0.6338215087304147,0.6298166507291961,0.5161134458245087,0.6432553700004804,0.6318950704420936
1,7,0.314127150647787,0.9019406125789105,4277,2.041802888331206,0.7307152875175316,713,2.0460487082362557,0.7302,0.8182200818264143,0.08371778654096029,,,0.9725542193316026,,0.9725716580492947,0.027428341950705315,0.9604120103557444,0.40174500883400005,5,0.1,0.5,0.6221664940768182,0.6283518981443275,0.6322907634600202,0.6328150218248263,0.6409170713843751,0.6484952767024459,0.6338215087304147,1.0,0.6365658336732434,0.5218817549131661,0.6459649278643451,0.6389953667399849
1,8,0.3238038398453948,0.89842576895132,4129,2.0500089038502085,0.7369186046511628,688,2.046040168585488,0.7303,0.8126094254700946,0.08423979426200119,,,0.9833336699044696,,0.9833442096280307,0.016655790371969292,0.9604309497244156,0.40174533209391367,5,0.1,0.5,0.6206138191035597,0.6223190663306597,0.6261220147493132,0.6187290352273074,0.6300214756140752,0.6443039547753138,0.6298166507291961,0.6365658336732434,1.0,0.5173378046287472,0.6478249426178585,0.629691425610851
1,9,0.40790407158552655,0.8868782804298925,4001,2.047608909152803,0.7451274362818591,667,2.046215081367249,0.7295,0.6890392174919885,0.07536164313825211,,,0.8,,0.8,0.19999999999999996,0.9598498507643104,0.4015576598765241,5,0.1,0.5,0.513193311121751,0.5130708258014459,0.5160335466495387,0.5115315654242732,0.5121394795220485,0.5138004353443125,0.5161134458245087,0.5218817549131661,0.5173378046287472,1.0,0.5305501082080961,0.5130388302106894
1,10,0.31803723484522006,0.9049112882489072,3889,2.045302635147458,0.7052469135802469,648,2.046041225472959,0.7303,0.8245182873893946,0.08434326822471716,,,0.9854704054769844,,0.9854826564931479,0.014517343506852076,0.9604291500722494,0.4017453655202197,5,0.1,0.5,0.6255883523061946,0.6325618622790096,0.6417889195301786,0.6360469429638208,0.6476903184171516,0.6458164707601567,0.6432553700004804,0.6459649278643451,0.6478249426178585,0.5305501082080961,1.0,0.6435476535214177
1,11,0.35130831407336127,0.8922184120284885,3791,2.051639771461487,0.7151898734177216,632,2.046056608803356,0.7303,0.8123287473877968,0.0833470104851457,,,0.9648977000768945,,0.9649013603734752,0.03509863962652482,0.9604139632083183,0.40174457707378136,5,0.1,0.5,0.614430020444659,0.6238776458676039,0.6406262064921338,0.6194583108543968,0.6339386422527459,0.6367649366617786,0.6318950704420936,0.6389953667399849,0.629691425610851,0.5130388302106894,0.6435476535214177,1.0
2,0,0.2306593834745049,0.9321889457024592,8214,1.8420746880908345,0.8860482103725347,1369,1.8495128596552646,0.8732,0.8057504613439209,0.08396977385920842,,,0.9711412611205528,,0.971156066462527,0.028843933537473054,0.9674905892506358,0.40414975815254994,5,0.1,0.5,1.0,0.6236265125265109,0.6295983765175696,0.6246436574204082,0.622424211938256,0.6326346030862063,0.6207376313300419,0.6334473869605836,0.5428998114311081,0.6216861404504179,0.6359529803824717,0.6231664121107415
2,1,0.24065088251316288,0.9275022817158504,6574,1.8470641033990043,0.8740875912408759,1096,1.849510251904448,0.8733,0.8107981248187702,0.0838740383148338,,,0.968293363584809,,0.9683048039757041,0.031695196024295935,0.9674913315987785,0.40414960744600953,5,0.1,0.5,0.6236265125265109,1.0,0.6422575752817121,0.6276265460154177,0.6324448508672237,0.6402760680304184,0.6340077675947843,0.6285201509396637,0.5380110592727335,0.6299670793458764,0.6360741163320959,0.6292128857387559
2,2,0.26529943924911775,0.9213211136088535,5783,1.8491489887237549,0.8651452282157677,964,1.8495131990018363,0.8733,0.8189562515125587,0.08451662729349675,,,0.987408808958673,,0.9874203102253903,0.01257968977460966,0.9674932144466771,0.4041501351952772,5,0.1,0.5,0.6295983765175696,0.6422575752817121,1.0,0.6370933332303096,0.6365227003709992,0.6417306030212068,0.6398554985438507,0.6450919226215267,0.5494109555576695,0.6355604789288348,0.646218166025517,0.63548836074383
2,3,0.26925684122076954,0.9165878570077549,5287,1.8450207497392381,0.8774120317820658,881,1.8495127499674837,0.8732,0.8115971270748054,0.08369491530014048,,,0.962964893417617,,0.9629737462978766,0.037026253702123424,0.9674906893771602,0.4041492549759606,5,0.1,0.5,0.6246436574204082,0.6276265460154177,0.6370933332303096,1.0,0.6379951192292852,0.6355310194534941,0.6316410869465534,0.6399570977128625,0.5359612874623958,0.6360527385203532,0.6373192753738758,0.6280124111487202
2,4,0.26217843576003946,0.9207700101317122,4935,1.843788674244514,0.8710462287104623,822,1.8495145704799567,0.8732,0.8159245328205244,0.08383193983724642,,,0.9670410371749806,,0.9670598865518799,0.03294011344812009,0.967491125411359,0.40414954066690795,5,0.1,0.5,0.622424211938256,0.6324448508672237,0.6365227003709992,0.6379951192292852,1.0,0.6362143842955594,0.6384858828928307,0.6433545319893692,0.5494027136813671,0.6400458828640381,0.6494589905071126,0.6275448449886766
2,5,0.28226776699446243,0.9165202485536748,4667,1.8605729866027831,0.8804627249357326,778,1.8495132119510882,0.8733,0.8202332896394946,0.08448380081931031,,,0.9864323018990078,,0.9864464635309472,0.013553536469052774,0.9674929475339134,0.4041501277697911,5,0.1,0.5,0.6326346030862063,0.6402760680304184,0.6417306030212068,0.6355310194534941,0.6362143842955594,1.0,0.6460328515888084,0.6482333986308818,0.5527684715975344,0.6344616529806523,0.6450338061399428,0.6385832111614645
2,6,0.28355430221584227,0.9135863462834044,4453,1.8631427387396495,0.8652291105121294,742,1.8495133170685447,0.8733,0.8179613275284208,0.08419718151540098,,,0.9779060808947608,,0.9779177752120878,0.02208222478791222,0.9674916359434065,0.4041499922590297,5,0.1,0.5,0.6207376313300419,0.6340077675947843,0.6398554985438507,0.6316410869465534,0.6384858828928307,0.6460328515888084,1.0,0.6456658053879761,0.5546808541453414,0.6399557397382956,0.6441063197322228,0.6363968489318343
2,7,0.2842280017726346,0.9130231470657002,4277,1.8437932004099307,0.8892005610098177,713,1.8495156704046476,0.8732,0.8224100479459321,0.08407767513605714,,,0.9743510593459496,,0.9743637367602028,0.025636263239797175,0.9674914682525284,0.4041498830607083,5,0.1,0.5,0.6334473869605836,0.6285201509396637,0.6450919226215267,0.6399570977128625,0.6433545319893692,0.6482333986308818,0.6456658053879761,1.0,0.5560943439960074,0.6438677040752274,0.6549175072932615,0.6372710878692187
2,8,0.2946676372867212,0.9093242915960281,4129,1.8571214567531238,0.8808139534883721,688,1.8495853758467653,0.8732,0.7263366660701269,0.08107577384866337,,,0.8850518619082586,,0.8850760503990763,0.11492394960092367,0.9674082118355195,0.4041202956981321,5,0.1,0.5,0.5428998114311081,0.5380110592727335,0.5494109555576695,0.5359612874623958,0.5494027136813671,0.5527684715975344,0.5546808541453414,0.5560943439960074,1.0,0.5574098654173898,0.5629291165399862,0.5414252222856485
2,9,0.2998460443553995,0.9097725568607848,4001,1.8542480639048986,0.8650674662668666,667,1.8499012678956832,0.8733,0.8129641015751075,0.07821665191830349,,,0.8,,0.8,0.19999999999999996,0.9668647080664581,0.4039545956602416,5,0.1,0.5,0.6216861404504179,0.6299670793458764,0.6355604789288348,0.6360527385203532,0.6400458828640381,0.6344616529806523,0.6399557397382956,0.6438677040752274,0.5574098654173898,1.0,0.649468452387313,0.6326403790638432
2,10,0.2806696030662441,0.9156595525842118,3889,1.8455437875929332,0.8595679012345679,648,1.8495132511797043,0.8732,0.8256238833769277,0.08460373333539563,,,0.9899999999702525,,0.9900005019828322,0.009999498017167818,0.967492955298016,0.40415014991397313,5,0.1,0.5,0.6359529803824717,0.6360741163320959,0.646218166025517,0.6373192753738758,0.6494589905071126,0.6450338061399428,0.6441063197322228,0.6549175072932615,0.5629291165399862,0.649468452387313,1.0,0.6439169208107512
2,11,0.3196161311479802,0.9046689527829069,3791,1.8591860830783844,0.8481012658227848,632,1.8495297824231962,0.8732,0.8116667878259497,0.08345788882194298,,,0.9559139372907768,,0.955930927162291,0.044069072837709,0.9674854192359219,0.40414858293792555,5,0.1,0.5,0.6231664121107415,0.6292128857387559,0.63548836074383,0.6280124111487202,0.6275448449886766,0.6385832111614645,0.6363968489318343,0.6372710878692187,0.5414252222856485,0.6326403790638432,0.6439169208107512,1.0
3,0,0.2128600161725561,0.9352325298271245,8214,1.6102297111999158,0.9306062819576333,1369,1.620076724134695,0.916,0.7974724720287855,0.08336798508131187,,,0.9484023848569677,,0.9484162441644496,0.051583755835550416,0.9708854595522256,0.4043137255262565,5,0.1,0.5,1.0,0.6332011159201023,0.6170299386051713,0.6062619734471731,0.6178827111100832,0.6165170870007309,0.6038168564904632,0.611782995806483,0.6098672611619522,0.5993527039040821,0.6113547280351216,0.6073114786828518
3,1,0.22312755705427054,0.9324612108305446,6574,1.6163415227617537,0.916970802919708,1096,1.6200763847881232,0.916,0.8123760994931567,0.08382385114952748,,,0.9664717473869665,,0.9664826062948647,0.03351739370513529,0.9708915639786002,0.4043158495876246,5,0.1,0.5,0.6332011159201023,1.0,0.6342884107828496,0.6248599336344849,0.6285929435346057,0.6325127910258749,0.620204817400842,0.6218094783988827,0.6215216967590471,0.6163258109196192,0.6268724418023105,0.6194626778760446
3,2,0.24669076238465573,0.9236728341691164,5783,1.6203301452821302,0.9097510373443983,964,1.6200792656158105,0.916,0.8093146252605437,0.08414255534222934,,,0.9791043647263135,,0.979117514181015,0.020882485818984997,0.9708950286983116,0.40431646392320836,5,0.1,0.5,0.6170299386051713,0.6342884107828496,1.0,0.6233112775034133,0.6234799796456281,0.627190273786406,0.6200222149785514,0.6286592380654302,0.6135312268951898,0.6118614873192305,0.6281527753989689,0.6192631485963623
3,3,0.2434042579617845,0.9264989597125024,5287,1.6149326477731978,0.9216799091940976,881,1.6200736029841267,0.916,0.8055895940830716,0.08346883953137811,,,0.9523999967611481,,0.9524120275086592,0.047587972491340835,0.9708883163237875,0.40431436079632455,5,0.1,0.5,0.6062619734471731,0.6248599336344849,0.6233112775034133,1.0,0.6289140902476056,0.6217575065793007,0.6186606213853149,0.6233155650559316,0.6178488860102516,0.6209221510279123,0.6190980594975024,0.6104802759466835
3,4,0.2340245146250292,0.929564336372847,4935,1.612922122845283,0.9184914841849149,822,1.6200758462515883,0.916,0.8145485587660816,0.08387167178546426,,,0.9683672348281332,,0.9683750815722102,0.031624918427789805,0.9708918620967697,0.4043159740823977,5,0.1,0.5,0.6178827111100832,0.6285929435346057,0.6234799796456281,0.6289140902476056,1.0,0.6314150039348784,0.627551084547134,0.6340671749301475,0.6273978802281885,0.623359155758799,0.6339763884035712,0.6248411255344322
3,5,0.2535196088637187,0.923934004713949,4667,1.6331056547164917,0.9177377892030848,778,1.620077322466305,0.916,0.8128051005163739,0.08424243298362738,,,0.9830632584385098,,0.9830781587269716,0.016921841273028426,0.9708947849426305,0.4043165718783906,5,0.1,0.5,0.6165170870007309,0.6325127910258749,0.627190273786406,0.6217575065793007,0.6314150039348784,1.0,0.6240830776963217,0.6335276311183246,0.6333184791742797,0.6124441169645181,0.6277394291267274,0.620766609769164
3,6,0.25609433761132616,0.9239613743543679,4453,1.638210008541743,0.9110512129380054,742,1.6200798140547146,0.916,0.8080181423537954,0.08388592735849737,,,0.9689322892052148,,0.9689423221725817,0.031057677827418306,0.9708929642336581,0.40431600556565533,5,0.1,0.5,0.6038168564904632,0.620204817400842,0.6200222149785514,0.6186606213853149,0.627551084547134,0.6240830776963217,1.0,0.628118942628411,0.6276262110227352,0.6139951443080303,0.631457267565857,0.6208257646843146
3,7,0.2537828762139847,0.9242459667991583,4277,1.612633176471876,0.9242636746143057,713,1.620078213679524,0.916,0.8143502124800224,0.08402742724192311,,,0.9745409819109042,,0.9745544902364339,0.025445509763566077,0.9708924005272186,0.40431630110671196,5,0.1,0.5,0.611782995806483,0.6218094783988827,0.6286592380654302,0.6233155650559316,0.6340671749301475,0.6335276311183246,0.628118942628411,1.0,0.6291057195394305,0.6214238665025265,0.6357492077326402,0.6308117268444461
3,8,0.2597043396425047,0.9194478081860015,4129,1.6324748288501392,0.9127906976744186,688,1.620109850987078,0.9161,0.808180134709906,0.08182533867046607,,,0.8872558350330614,,0.8872697153757342,0.11273028462426582,0.9707730796546609,0.40428357569420476,5,0.1,0.5,0.6098672611619522,0.6215216967590471,0.6135312268951898,0.6178488860102516,0.6273978802281885,0.6333184791742797,0.6276262110227352,0.6291057195394305,1.0,0.6156930400592285,0.6316074394097384,0.6243662380687313
3,9,0.2710848069881433,0.9182204448887779,4001,1.6291071744192214,0.8995502248875562,667,1.620767805523004,0.9158,0.7993184748795967,0.07962398959800411,,,0.8,,0.8,0.19999999999999996,0.9702438322432655,0.4041044069212245,5,0.1,0.5,0.5993527039040821,0.6163258109196192,0.6118614873192305,0.6209221510279123,0.623359155758799,0.6124441169645181,0.6139951443080303,0.6214238665025265,0.6156930400592285,1.0,0.6359510582618975,0.6083552779849545
3,10,0.2546327057676237,0.9258935458986887,3889,1.6121834402992612,0.9182098765432098,648,1.620076432395667,0.916,0.8155495178389458,0.0844174377785417,,,0.9899999999603626,,0.9900005019828322,0.009999498017167818,0.9708948669358316,0.4043166629593483,5,0.1,0.5,0.6113547280351216,0.6268724418023105,0.6281527753989689,0.6190980594975024,0.6339763884035712,0.6277394291267274,0.631457267565857,0.6357492077326402,0.6316074394097384,0.6359510582618975,1.0,0.6267585003338784
3,11,0.2932749569619528,0.9148509628066473,3791,1.6332420706748962,0.8939873417721519,632,1.6200941580172163,0.916,0.8053199277099948,0.08330254347902918,,,0.94580844747352,,0.9458260127503639,0.05417398724963607,0.9708838775765984,0.40431326665407885,5,0.1,0.5,0.6073114786828518,0.6194626778760446,0.6192631485963623,0.6104802759466835,0.6248411255344322,0.620766609769164,0.6208257646843146,0.6308117268444461,0.6243662380687313,0.6083552779849545,0.6267585003338784,1.0
4,0,0.20096780682301532,0.9407109812515217,8214,1.3675617839014806,0.9474068663257852,1369,1.3800327252275266,0.9314,0.7922934745096151,0.08357074312243032,,,0.9519657553961602,,0.9519803222729782,0.04801967772702176,0.9692463060374196,0.3932073551973964,5,0.1,0.5,1.0,0.6052950683495321,0.6009346730052563,0.6011347139297601,0.6028411099925456,0.6040103250558783,0.5779381635940971,0.59726283991971,0.4836671095996021,0.5955129019360006,0.6104613492322655,0.5952933945714721
4,1,0.20633299331027039,0.937085488287192,6574,1.3754498413630893,0.9315693430656934,1096,1.380030142613493,0.9314,0.7975930926028832,0.08406173523159641,,,0.9654291523457414,,0.9654485216605592,0.03455147833944083,0.9692571491322003,0.3932087155113664,5,0.1,0.5,0.6052950683495321,1.0,0.6152448300886779,0.6057095119070908,0.6138377238035727,0.6154337493115948,0.582956495006125,0.5965374948793161,0.4702695174578969,0.6045734756661225,0.6184727736188633,0.5935611778202999
4,2,0.22825345244382134,0.9323880338924434,5783,1.3808471810433172,0.9190871369294605,964,1.380036920404282,0.9314,0.7988476701116041,0.08431881655971073,,,0.9724785283013087,,0.9724913407961447,0.027508659203855257,0.9692602854097431,0.3932091164130766,5,0.1,0.5,0.6009346730052563,0.6152448300886779,1.0,0.6083874745050697,0.6108363525283085,0.6089930677430676,0.5861949704309833,0.6074777119287863,0.467552037827516,0.6042593955303347,0.617964905054606,0.6043363468676352
4,3,0.2340608020341136,0.9285038774352184,5287,1.3745403928416116,0.9387060158910329,881,1.3800271315315662,0.9314,0.7948055348467553,0.0837264802772053,,,0.9562361929355643,,0.9562521961748908,0.04374780382510923,0.9692488835831999,0.3932079032857194,5,0.1,0.5,0.6011347139297601,0.6057095119070908,0.6083874745050697,1.0,0.6103528823590034,0.6023132076281746,0.5854274033526908,0.6035900934997563,0.4734867050003092,0.6019509838757661,0.6109082062704387,0.5942030851422914
4,4,0.2188844548297986,0.9347517730496454,4935,1.371352507517888,0.9379562043795621,822,1.3800292350232792,0.9314,0.8035407753305284,0.08430286116341527,,,0.9720410185535892,,0.9720596355604638,0.02794036443953618,0.9692590676736845,0.39320910693525535,5,0.1,0.5,0.6028411099925456,0.6138377238035727,0.6108363525283085,0.6103528823590034,1.0,0.6115748559342247,0.59379536481931,0.6054567378393966,0.48926332058284894,0.6133102362230253,0.6255706469206679,0.6015348760428223
4,5,0.2319778850812414,0.9298907220912792,4667,1.3948194313049316,0.9357326478149101,778,1.3800336568119427,0.9314,0.8021754303096348,0.08450258806991189,,,0.9775176903238195,,0.9775312484313037,0.02246875156869632,0.9692625392454369,0.39320930614317584,5,0.1,0.5,0.6040103250558783,0.6154337493115948,0.6089930677430676,0.6023132076281746,0.6115748559342247,1.0,0.5907392769156733,0.6121085864700331,0.48956125887222035,0.6095223135605913,0.6166429236758008,0.6028009257680899
4,6,0.251656237957733,0.9263417920503032,4453,1.402476891875267,0.9285714285714286,742,1.3800424009847183,0.9314,0.7785998655406516,0.08343524866250736,,,0.9482503887652988,,0.9482656493147934,0.0517343506852066,0.9692539291351105,0.3932068332403804,5,0.1,0.5,0.5779381635940971,0.582956495006125,0.5861949704309833,0.5854274033526908,0.59379536481931,0.5907392769156733,1.0,0.5931439968304342,0.4640112619798122,0.5849748753671455,0.6026123291290093,0.5805168652098158
4,7,0.23332172426214415,0.9312134673836802,4277,1.370783515598463,0.94109396914446,713,1.3800327381767785,0.9314,0.800104501043681,0.0842860885090709,,,0.971581098935492,,0.9715978113548517,0.02840218864514832,0.9692595717667087,0.393209085701184,5,0.1,0.5,0.59726283991971,0.5965374948793161,0.6074777119287863,0.6035900934997563,0.6054567378393966,0.6121085864700331,0.5931439968304342,1.0,0.488487199989664,0.6140336108113491,0.6142523764293145,0.6131737746233321
4,8,0.265947020159127,0.9229353354323081,4129,1.3972622481259434,0.9258720930232558,688,1.3800512312319333,0.9315,0.6640205645178646,0.07802875494200316,,,0.8,,0.8,0.19999999999999996,0.9686832099782399,0.39298712213893794,5,0.1,0.5,0.4836671095996021,0.4702695174578969,0.467552037827516,0.4734867050003092,0.48926332058284894,0.48956125887222035,0.4640112619798122,0.488487199989664,1.0,0.4789404197349331,0.49245173656570373,0.4779485657835979
4,9,0.24264990594706937,0.9281679580104973,4001,1.3942485082717169,0.9160419790104948,667,1.3806947816294222,0.9309,0.7971226736956609,0.08123882544388315,,,0.8880227046344088,,0.8880327292806586,0.11196727071934143,0.9687011718185551,0.3931790869902166,5,0.1,0.5,0.5955129019360006,0.6045734756661225,0.6042593955303347,0.6019509838757661,0.6133102362230253,0.6095223135605913,0.5849748753671455,0.6140336108113491,0.4789404197349331,1.0,0.6261298938485679,0.6042600912805963
4,10,0.22720106108511082,0.9332476214965286,3889,1.3670992170061385,0.9290123456790124,648,1.3800315068552669,0.9314,0.8117940592590632,0.08495780123525641,,,0.9899999999725793,,0.9900005019828322,0.009999498017167818,0.9692640445967026,0.3932094905311643,5,0.1,0.5,0.6104613492322655,0.6184727736188633,0.617964905054606,0.6109082062704387,0.6255706469206679,0.6166429236758008,0.6026123291290093,0.6142523764293145,0.49245173656570373,0.6261298938485679,1.0,0.6186882840942755
4,11,0.25971528104107294,0.923292007385914,3791,1.3964639961719514,0.9082278481012658,632,1.3800488919876635,0.9314,0.7935173492930563,0.08357005678300902,,,0.9519469354194263,,0.9519602429596907,0.04803975704030927,0.9692448006212523,0.393207353563775,5,0.1,0.5,0.5952933945714721,0.5935611778202999,0.6043363468676352,0.5942030851422914,0.6015348760428223,0.6028009257680899,0.5805168652098158,0.6131737746233321,0.4779485657835979,0.6042600912805963,0.6186882840942755,1.0
5,0,0.18754689962266136,0.9432675919162405,8214,1.1292434556539668,0.9525200876552228,1369,1.1441611580955335,0.9409,0.7840723259909355,0.08405567264856818,,,0.9685651606613345,,0.968580894533407,0.03141910546659299,0.9643711818595305,0.3845436498911059,5,0.1,0.5,1.0,0.5898235374062034,0.5849716926441815,0.5837806817143244,0.5927658219829048,0.5902012138823534,0.570134639234822,0.586687447118419,0.4616202859318348,0.5139539963816813,0.575582913056603,0.5759215445217812
5,1,0.1948938534387107,0.9411621539397627,6574,1.1388717072350638,0.9425182481751825,1096,1.144153655717929,0.9409,0.7837472183914969,0.08437474612670903,,,0.9749351768089423,,0.974941017017218,0.025058982982781974,0.9643731564599429,0.3845440565362575,5,0.1,0.5,0.5898235374062034,1.0,0.5953817477630792,0.5870453317068515,0.5883364860428442,0.5927412219963573,0.5702243985368236,0.5748735359103647,0.45698956731961854,0.5122260188697643,0.5816292605728794,0.5703276730531656
5,2,0.2092033024913328,0.9369531385094242,5783,1.1462445682094944,0.9325726141078838,964,1.1441651552249068,0.9409,0.7896488695848942,0.08475698598082738,,,0.9825662530650463,,0.9825811957231063,0.017418804276893685,0.9643758572388273,0.3845443482560211,5,0.1,0.5,0.5849716926441815,0.5953817477630792,1.0,0.5987372375648936,0.5925423876626446,0.5894697047745501,0.576743373720719,0.5909564960477682,0.46149002235279213,0.5156514645697154,0.5883305594360764,0.5785250232397661
5,3,0.20912612008087966,0.9375070928693021,5287,1.1381769052573614,0.9466515323496028,881,1.144151107190897,0.9409,0.7851245624346866,0.08419782254488906,,,0.9714030559957283,,0.9714170975352643,0.028582902464735715,0.9643722888153454,0.38454384267509817,5,0.1,0.5,0.5837806817143244,0.5870453317068515,0.5987372375648936,1.0,0.5915376832352808,0.5823801851650151,0.5749892020507287,0.5929401293751931,0.46087524007747543,0.5142542820648545,0.5791261759747356,0.5685310678150205
5,4,0.1952185479665716,0.9405876393110436,4935,1.134848837669079,0.9525547445255474,822,1.1441540493371007,0.9409,0.7911828480912685,0.0848006038349024,,,0.9834370444463945,,0.9834446061944682,0.016555393805531837,0.9643757734875106,0.3845443632091683,5,0.1,0.5,0.5927658219829048,0.5883364860428442,0.5925423876626446,0.5915376832352808,1.0,0.5900990973131385,0.5825521452670877,0.5967214985572628,0.4642555467228726,0.5149441739431146,0.6001746663752436,0.5730398802458133
5,5,0.21443412789232927,0.9352474823226913,4667,1.1603744840621948,0.9434447300771208,778,1.1441631199071964,0.9409,0.7910159142417464,0.08492916809084525,,,0.9860037146414008,,0.98602479795191,0.013975202048089996,0.9643768917896528,0.38454441829266883,5,0.1,0.5,0.5902012138823534,0.5927412219963573,0.5894697047745501,0.5823801851650151,0.5900990973131385,1.0,0.5837683929032258,0.5944450775307962,0.46845587548504625,0.5207932684696958,0.5946348527103777,0.5780384890986754
5,6,0.21872968282949712,0.9331237368066472,4453,1.1690500676631927,0.9380053908355795,742,1.144178010975591,0.9409,0.7767735471027648,0.0837057883800867,,,0.9615800346865673,,0.9615983133376839,0.03840168666231614,0.9643679014706659,0.3845430011727807,5,0.1,0.5,0.570134639234822,0.5702243985368236,0.576743373720719,0.5749892020507287,0.5825521452670877,0.5837683929032258,1.0,0.5826161366582019,0.4585640232094743,0.5146870066988201,0.5730667441253683,0.5718858127496071
5,7,0.21241691885446545,0.9378536357259761,4277,1.1331043087917825,0.9481065918653576,713,1.1441580653190613,0.9409,0.7909726118011661,0.0847818601515046,,,0.9830628435989742,,0.9830781587269716,0.016921841273028426,0.9643754488470568,0.38454435982339064,5,0.1,0.5,0.586687447118419,0.5748735359103647,0.5909564960477682,0.5929401293751931,0.5967214985572628,0.5944450775307962,0.5826161366582019,1.0,0.46508199655606036,0.5206837588639512,0.5943148911577907,0.5861492273702842
5,8,0.3050619509520206,0.9181884233470574,4129,1.1649166291410273,0.9316860465116279,688,1.1443386131201307,0.9407,0.6511105332115369,0.07561226044061303,,,0.8,,0.8,0.19999999999999996,0.9635466904335194,0.38431935523842287,5,0.1,0.5,0.4616202859318348,0.45698956731961854,0.46149002235279213,0.46087524007747543,0.4642555467228726,0.46845587548504625,0.4585640232094743,0.46508199655606036,1.0,0.41849847086973796,0.4649384595102644,0.46137956939960517
5,9,0.2632601507335147,0.9263184203949013,4001,1.16370343594324,0.9295352323838081,667,1.1448018779389013,0.9411,0.7110761164757755,0.07989871645280709,,,0.8855752542416999,,0.885598112544551,0.11440188745544899,0.9642768914239176,0.3845087378629918,5,0.1,0.5,0.5139539963816813,0.5122260188697643,0.5156514645697154,0.5142542820648545,0.5149441739431146,0.5207932684696958,0.5146870066988201,0.5206837588639512,0.41849847086973796,1.0,0.5208050999976894,0.501921129821579
5,10,0.20810205642988935,0.9395731550527128,3889,1.1278259754180908,0.933641975308642,648,1.1441607884705638,0.9409,0.7880154406831763,0.08512934162778682,,,0.9899999999800358,,0.9900005019828322,0.009999498017167818,0.9643781769373335,0.3845444601167269,5,0.1,0.5,0.575582913056603,0.5816292605728794,0.5883305594360764,0.5791261759747356,0.6001746663752436,0.5946348527103777,0.5730667441253683,0.5943148911577907,0.4649384595102644,0.5208050999976894,1.0,0.5823469502914974
5,11,0.24171390551604144,0.928989712476919,3791,1.1630805909633637,0.9240506329113924,632,1.1441791244208241,0.9409,0.7756582542359588,0.08375703372046044,,,0.96260310199875,,0.9626223583153456,0.037377641684654406,0.9643698833840476,0.38454310959204757,5,0.1,0.5,0.5759215445217812,0.5703276730531656,0.5785250232397661,0.5685310678150205,0.5730398802458133,0.5780384890986754,0.5718858127496071,0.5861492273702842,0.46137956939960517,0.501921129821579,0.5823469502914974,1.0
6,0,0.17866164108861513,0.9463355247139031,8214,0.9108427388723507,0.9576333089846604,1369,0.9278038153633142,0.9479,0.7719337346789673,0.08477532621525048,,,0.9791362324881798,,0.9791476331509462,0.020852366849053783,0.9607359192744193,0.3732647784659665,5,0.1,0.5,1.0,0.5733712814713113,0.5664148390591155,0.5606092754598868,0.5645440009966745,0.5655696322154011,0.5449025183087763,0.5550251321235625,0.5611591368675053,0.29576705766268074,0.5577413507673147,0.5553159891042361
6,1,0.17875923171133093,0.946364466078491,6574,0.9223429220063346,0.9470802919708029,1096,0.927798190436805,0.9479,0.774995273424085,0.08510182993916184,,,0.9833427200768982,,0.9833542492846744,0.01664575071532559,0.9607357749381384,0.3732648906911701,5,0.1,0.5,0.5733712814713113,1.0,0.5752657816185878,0.5665653417071477,0.5715068974575759,0.5761205900947045,0.5520278270407517,0.5537884966323627,0.5529944726487592,0.2838134627835738,0.5633758185374313,0.5554637390153406
6,2,0.19998236974207323,0.9396852844544354,5783,0.9309595111877688,0.941908713692946,964,0.9278094397185329,0.9479,0.7764105509799774,0.08541236979125036,,,0.9873435382542964,,0.987355052457206,0.012644947542793994,0.9607359701089269,0.3732649566535375,5,0.1,0.5,0.5664148390591155,0.5752657816185878,1.0,0.5701535446558911,0.5687834780847613,0.5620712238424187,0.5546531420348431,0.5655666133125388,0.5510179857693452,0.3012348251431406,0.5692916033978892,0.5511241268639655
6,3,0.1982204594464232,0.9399281255910724,5287,0.9216661070074353,0.9523269012485811,881,0.9277922558708313,0.9479,0.7711894726702081,0.08484534344290906,,,0.9800382944788182,,0.9800612419055268,0.019938758094473208,0.9607357736236075,0.37326480809120866,5,0.1,0.5,0.5606092754598868,0.5665653417071477,0.5701535446558911,1.0,0.5719949079060381,0.5615903166895813,0.5556207786831632,0.5625914463672559,0.5489137171714863,0.28553517352701824,0.5605956155838488,0.5470442428657405
6,4,0.18300806029038805,0.9458156028368795,4935,0.918251979809541,0.9598540145985401,822,0.9277960303873299,0.9479,0.7754068620445307,0.08540610914469471,,,0.9872628796580691,,0.9872747352040561,0.012725264795943936,0.9607359412316367,0.3732649562026685,5,0.1,0.5,0.5645440009966745,0.5715068974575759,0.5687834780847613,0.5719949079060381,1.0,0.5684565853657431,0.559726375137889,0.566754320203474,0.5546975716539547,0.2758506908456933,0.5702386548610475,0.5529500800376654
6,5,0.1998460146413529,0.9395757445896722,4667,0.9444023489952087,0.9498714652956298,778,0.9278069879300297,0.9479,0.7765572256763061,0.08553468913674084,,,0.9889194308735352,,0.9889262587219517,0.011073741278048277,0.9607366591710241,0.37326497374382045,5,0.1,0.5,0.5655696322154011,0.5761205900947045,0.5620712238424187,0.5615903166895813,0.5684565853657431,1.0,0.5615022539268858,0.5659603283821795,0.5644666345139596,0.2895206966918453,0.5675019502984089,0.5540667114882372
6,6,0.20255438460303204,0.9390972378172019,4453,0.9530196040868759,0.9433962264150944,742,0.9278185525641274,0.9479,0.763785431090089,0.0842458415827101,,,0.9723146547477592,,0.9723256864615231,0.027674313538476936,0.9607313788470414,0.3732644680517035,5,0.1,0.5,0.5449025183087763,0.5520278270407517,0.5546531420348431,0.5556207786831632,0.559726375137889,0.5615022539268858,1.0,0.5587604088950234,0.5532773003545156,0.2871141490425635,0.5541591518028126,0.5472401770022556
6,7,0.1974335130755859,0.9405190554126724,4277,0.9160538341688074,0.9551192145862553,713,0.9278000595089727,0.9479,0.7732551925391771,0.08531636651856311,,,0.9861066868940809,,0.9861251945183475,0.013874805481652541,0.9607359192646179,0.3732649411308886,5,0.1,0.5,0.5550251321235625,0.5537884966323627,0.5655666133125388,0.5625914463672559,0.566754320203474,0.5659603283821795,0.5587604088950234,1.0,0.5605839992173266,0.2942107448252101,0.5661921250260923,0.5587602810794717
6,8,0.20672002183723426,0.9370307580527973,4129,0.9520539289171045,0.936046511627907,688,0.9278838167937038,0.9479,0.7612662103110232,0.07865271656129565,,,0.9002560249015732,,0.9002811103860248,0.09971888961397524,0.9600794352274071,0.3732400239316636,5,0.1,0.5,0.5611591368675053,0.5529944726487592,0.5510179857693452,0.5489137171714863,0.5546975716539547,0.5644666345139596,0.5532773003545156,0.5605839992173266,1.0,0.28679696497736157,0.5606525639860167,0.555028547154322
6,9,0.3838291396638231,0.9150212446888278,4001,0.9508792161941528,0.9370314842578711,667,0.9283859386992531,0.9475,0.46236672059161793,0.070870935494663,,,0.8,,0.8,0.19999999999999996,0.9601440863438915,0.3730282450117748,5,0.1,0.5,0.29576705766268074,0.2838134627835738,0.3012348251431406,0.28553517352701824,0.2758506908456933,0.2895206966918453,0.2871141490425635,0.2942107448252101,0.28679696497736157,1.0,0.29383702622221336,0.2773941366414739
