round,client_id,client_i_training_loss,client_i_training_accuracy,client_i_training_dataset_size,client_i_evaluation_loss,client_i_evaluation_accuracy,client_i_evaluation_dataset_size,client_i_central_evaluation_loss,client_i_central_evaluation_accuracy,client_i_cosine_similarity,client_i_importance_coefficient,client_i_tanh_val,tanh_normalization_value,client_i_q,client_i_mask_order,client_i_v_nonzero_fraction,client_i_v_sparsity,client_i_v_cosine_similarity,client_i_reward_gradient_norm,local_epochs,learning_rate,gamma,client_0_cosine_similarity,client_1_cosine_similarity,client_2_cosine_similarity,client_3_cosine_similarity,client_4_cosine_similarity,client_5_cosine_similarity,client_6_cosine_similarity,client_7_cosine_similarity,client_8_cosine_similarity,client_9_cosine_similarity,client_10_cosine_similarity,client_11_cosine_similarity
0,0,2.065842655938887,0.38422205989773556,8214,2.2632917858833492,0.18261504747991233,1369,2.260749778808496,0.1877,0.9686269124189926,0.08167026859691594,,,0.8,,0.800016431312282,0.19998356868771805,0,0.09874955329182034,5,0.001,0.1,1.0,0.9879387902962804,0.9758803891121256,0.9675886760383078,0.9575873729332137,0.9506008979736811,0.9439055232814643,0.9331985270604358,0.9308150039969529,0.920121864436842,0.9181681215971916,0.9169670344427321
0,1,2.143916801804478,0.32287800425920293,6574,2.2617404869624544,0.19251824817518248,1096,2.2607409832195735,0.1877,0.9882331543682613,0.08332337881473348,,,0.9275419548667687,,0.9275620765312533,0.07243792346874667,0,0.09875832872853918,5,0.001,0.1,0.9879387902962804,1.0,0.9911201174553513,0.9868391973895655,0.9800515939587845,0.9723111032640016,0.972614441876991,0.963348611989889,0.9601442413235316,0.9533535243853848,0.952749963597118,0.9523456095904357
0,2,2.1758621344908824,0.32702749438007955,5783,2.257624287759104,0.18672199170124482,964,2.260740297670943,0.1877,0.9951908384885073,0.08391001947444209,,,0.9728028792365584,,0.9728255091290438,0.027174490870956247,0,0.09875874055823929,5,0.001,0.1,0.9758803891121256,0.9911201174553513,1.0,0.9916918518561306,0.9898437545037457,0.9860105738789313,0.9840384385388394,0.9790849073512993,0.973995565078531,0.9721554817669251,0.9698729550196032,0.9690298808543266
0,3,2.1927457042487273,0.3054662379421222,5287,2.2615036198071072,0.18501702610669693,881,2.2607402382567288,0.1877,0.9962972076802048,0.08400330355306389,,,0.9799999999228473,,0.9800166246218381,0.01998337537816186,0,0.09875875264344489,5,0.001,0.1,0.9675886760383078,0.9868391973895655,0.9916918518561306,1.0,0.9920814733508869,0.9887069852950604,0.9879434031099681,0.9834947500626449,0.9827684756797049,0.9768812087902323,0.9762988966777651,0.9758701516102224
0,4,2.206547510393204,0.30034447821681864,4935,2.2599176351840677,0.1873479318734793,822,2.260740275581043,0.1877,0.996123039291488,0.08398861845717691,,,0.9788670047863802,,0.9788809309788229,0.021119069021177106,0,0.09875874546859743,5,0.001,0.1,0.9575873729332137,0.9800515939587845,0.9898437545037457,0.9920814733508869,1.0,0.9923415279498125,0.9894117343871713,0.9857955558364708,0.9876531562683719,0.9821613313051601,0.9816105928901192,0.9850059060289353
0,5,2.213739688429114,0.2949646453824727,4667,2.2606184768676756,0.18637532133676094,778,2.260740412690769,0.1877,0.9943470125474114,0.0838388718629368,,,0.9673136472678241,,0.9673306849924126,0.03266931500758741,0,0.09875871966130911,5,0.001,0.1,0.9506008979736811,0.9723111032640016,0.9860105738789313,0.9887069852950604,0.9923415279498125,1.0,0.98874000568946,0.9888608326378471,0.9890613775959328,0.9875455011165298,0.985454207618063,0.9830727034984509
0,6,2.216841439179012,0.26763979339770944,4453,2.26235959927241,0.18463611859838275,742,2.2607407874573533,0.1877,0.9929601291975546,0.08372193609102796,,,0.9582917340388333,,0.958303128715168,0.041696871284832016,0,0.09875866127720113,5,0.001,0.1,0.9439055232814643,0.972614441876991,0.9840384385388394,0.9879434031099681,0.9894117343871713,0.98874000568946,1.0,0.9900259065225452,0.9848946400549253,0.9852244659588894,0.9906486917869963,0.9842434144106165
0,7,2.2249229061069773,0.27322889876081363,4277,2.2561452285103174,0.20476858345021037,713,2.2607407745081014,0.1877,0.9896206615408719,0.08344036718457369,,,0.9365679261693935,,0.9365751345917785,0.06342486540822145,0,0.09875843257008968,5,0.001,0.1,0.9331985270604358,0.963348611989889,0.9790849073512993,0.9834947500626449,0.9857955558364708,0.9888608326378471,0.9900259065225452,1.0,0.9849193984375287,0.9912523214740221,0.9879829333066779,0.9864409764611489
0,8,2.227806357237009,0.2883506902397675,4129,2.2650944969870825,0.1686046511627907,688,2.260741047965833,0.1877,0.9876628696994695,0.08327529497411355,,,0.9238321556264834,,0.9238553657900078,0.07614463420999218,0,0.09875829774416524,5,0.001,0.1,0.9308150039969529,0.9601442413235316,0.973995565078531,0.9827684756797049,0.9876531562683719,0.9890613775959328,0.9848946400549253,0.9849193984375287,1.0,0.9809992969032711,0.9868577364974122,0.9912635332040062
0,9,2.230173808809311,0.26318420394901276,4001,2.2549616495768228,0.2143928035982009,667,2.260741692381545,0.1877,0.9839744300813497,0.0829643023200244,,,0.8998382255036019,,0.8998559843805879,0.10014401561941211,0,0.09875772934389676,5,0.001,0.1,0.920121864436842,0.9533535243853848,0.9721554817669251,0.9768812087902323,0.9821613313051601,0.9875455011165298,0.9852244659588894,0.9912523214740221,0.9809992969032711,1.0,0.9876750015433295,0.9808597421355844
0,10,2.232241849430272,0.2570326562098226,3889,2.265150195076352,0.17901234567901234,648,2.260741674861969,0.1877,0.9840913015781831,0.08297415639945925,,,0.9005984945655114,,0.9006147243889001,0.09938527561109989,0,0.09875773996899803,5,0.001,0.1,0.9181681215971916,0.952749963597118,0.9698729550196032,0.9762988966777651,0.9816105928901192,0.985454207618063,0.9906486917869963,0.9879829333066779,0.9868577364974122,0.9876750015433295,1.0,0.9868522497978284
0,11,2.2376202871819504,0.26404642574518594,3791,2.2607336044311523,0.18354430379746836,632,2.2607425950205746,0.1877,0.9830870482494632,0.08288948227153206,,,0.8940656550209527,,0.8940808613873826,0.10591913861261737,0,0.09875750241332243,5,0.001,0.1,0.9169670344427321,0.9523456095904357,0.9690298808543266,0.9758701516102224,0.9850059060289353,0.9830727034984509,0.9842434144106165,0.9864409764611489,0.9912635332040062,0.9808597421355844,0.9868522497978284,1.0
1,0,1.8418811278120553,0.4913805697589481,8214,2.2073758036591284,0.2658875091307524,1369,2.2048982141878657,0.2709,0.9794470202632959,0.08184056210666446,,,0.8,,0.800016431312282,0.19998356868771805,0.9673772855546872,0.09939656473296009,5,0.001,0.1,1.0,0.9936994368894322,0.988097078575754,0.9822863384347856,0.9767801609276974,0.9736338949000429,0.9702186597277117,0.9667906114364825,0.96241988801539,0.9574446386582544,0.9572455449536835,0.954950177695941
1,1,1.9583589521426599,0.43808944326133253,6574,2.2056958539145333,0.2755474452554745,1096,2.204875227742302,0.2712,0.991365593895408,0.08324147302968828,,,0.9245757590658257,,0.9245996075816008,0.07540039241839924,0.9674909756976622,0.09940489735330268,5,0.001,0.1,0.9936994368894322,1.0,0.9959785470252313,0.9924070695103624,0.9888214385934844,0.9853331531927016,0.9849785443376464,0.9822791639137639,0.9786270654617306,0.9748422350695759,0.9752893618616421,0.9732308152686631
1,2,2.016429446810517,0.4209925644129345,5783,2.2023621297651723,0.25103734439834025,964,2.204873155100277,0.2713,0.9963304172630868,0.08376238890864991,,,0.9708981125892155,,0.9709165772609969,0.029083422739003106,0.9674989821560461,0.0994052001183995,5,0.001,0.1,0.988097078575754,0.9959785470252313,1.0,0.9952975392975124,0.9943767433580818,0.9920211627009208,0.9917855309258147,0.9896582708720928,0.9861779082095233,0.9841531010402664,0.9845476631717691,0.9824635479869454
1,3,2.0495234018348785,0.42065443540760356,5287,2.205265666757311,0.2746878547105562,881,2.204873030939803,0.2713,0.9973796790640207,0.08385362145197507,,,0.9790109505644565,,0.9790307458849228,0.020969254115077218,0.9674994153893914,0.09940520969966786,5,0.001,0.1,0.9822863384347856,0.9924070695103624,0.9952975392975124,1.0,0.9953908110408125,0.9940949755458744,0.9939720215347202,0.9916430182582248,0.9902493604862084,0.9869260085500874,0.9885300549229407,0.9861732316120182
1,4,2.0755216298564787,0.41831813576494425,4935,2.202593840085543,0.2737226277372263,822,2.2048732198465366,0.2713,0.9980026889854972,0.08386474376054841,,,0.9799999999110751,,0.9800166246218381,0.01998337537816186,0.9674985962094795,0.09940521365134777,5,0.001,0.1,0.9767801609276974,0.9888214385934844,0.9943767433580818,0.9953908110408125,1.0,0.9961662156148029,0.9947445385253397,0.9922203627500138,0.9931097719404242,0.9899402041800863,0.9919527686345206,0.9908339437149273
1,5,2.0900502665402136,0.4230554960359974,4667,2.2050872611999512,0.2802056555269923,778,2.2048731611940426,0.2713,0.9975369120126544,0.08375769061323671,,,0.970480317490472,,0.9705009617150424,0.02949903828495759,0.9674988180316076,0.09940519973218621,5,0.001,0.1,0.9736338949000429,0.9853331531927016,0.9920211627009208,0.9940949755458744,0.9961662156148029,1.0,0.9952998965349368,0.9941572461494804,0.9924683821385455,0.9921319923760398,0.9928307857351165,0.9906204060004196
1,6,2.0973808022907803,0.38508870424432967,4453,2.2076532344023385,0.28975741239892183,742,2.204873673070353,0.2713,0.9974118046371307,0.08368180885312554,,,0.9637325452304801,,0.9637447927238283,0.03625520727617171,0.9674996574147678,0.09940517215707247,5,0.001,0.1,0.9702186597277117,0.9849785443376464,0.9917855309258147,0.9939720215347202,0.9947445385253397,0.9952998965349368,1.0,0.9947093087987552,0.9920850601006602,0.9926111947617836,0.9952572219729946,0.991572646098043
1,7,2.1116592830686427,0.392331073182137,4277,2.1993035440859585,0.2791023842917251,713,2.2048740044188575,0.2713,0.9962126957662952,0.08347006307119954,,,0.944903088568467,,0.9449261074221205,0.055073892577879535,0.9674958694687457,0.09940511808774469,5,0.001,0.1,0.9667906114364825,0.9822791639137639,0.9896582708720928,0.9916430182582248,0.9922203627500138,0.9941572461494804,0.9947093087987552,1.0,0.99109266403401,0.9945785320111125,0.9937632830689218,0.9920519429626874
1,8,2.1194355064172012,0.42262048922257206,4129,2.2106625600294634,0.25,688,2.204875219363374,0.2712,0.994573784180103,0.08331566410908406,,,0.9311731878385938,,0.9311914634499957,0.0688085365500043,0.9674921422534751,0.09940496597584052,5,0.001,0.1,0.96241988801539,0.9786270654617306,0.9861779082095233,0.9902493604862084,0.9931097719404242,0.9924683821385455,0.9920850601006602,0.99109266403401,1.0,0.9872662904470456,0.9941754372282954,0.9956921572508028
1,9,2.124104663114699,0.38195451137215697,4001,2.199595496768043,0.30134932533733133,667,2.2048770078835775,0.2712,0.9927790949553108,0.08306658569315473,,,0.9090239332205096,,0.9090430210417452,0.09095697895825483,0.9674844917654336,0.09940458310745566,5,0.001,0.1,0.9574446386582544,0.9748422350695759,0.9841531010402664,0.9869260085500874,0.9899402041800863,0.9921319923760398,0.9926111947617836,0.9945785320111125,0.9872662904470456,1.0,0.9931591151384993,0.9888703259245442
1,10,2.128930504986497,0.3782463358189766,3889,2.20927095413208,0.2638888888888889,648,2.2048768022189886,0.2712,0.9944365879475189,0.0831262309321765,,,0.914327875679436,,0.9143542010999314,0.08564579890006863,0.9674844791416161,0.09940470667457446,5,0.001,0.1,0.9572455449536835,0.9752893618616421,0.9845476631717691,0.9885300549229407,0.9919527686345206,0.9928307857351165,0.9952572219729946,0.9937632830689218,0.9941754372282954,0.9931591151384993,1.0,0.994929386884965
1,11,2.1389233613214573,0.394302294908995,3791,2.2062700510025026,0.2563291139240506,632,2.2048778465380683,0.2712,0.9927341151097866,0.08301916747049679,,,0.9048072760554594,,0.9048288727153226,0.09517112728467736,0.9674863149849552,0.09940446907336631,5,0.001,0.1,0.954950177695941,0.9732308152686631,0.9824635479869454,0.9861732316120182,0.9908339437149273,0.9906204060004196,0.991572646098043,0.9920519429626874,0.9956921572508028,0.9888703259245442,0.994929386884965,1.0
2,0,1.650009704656638,0.5552471390309228,8214,2.138555460197981,0.38130021913805695,1369,2.1361193237975002,0.4046,0.9862526629665749,0.08209896239329946,,,0.8,,0.800016431312282,0.19998356868771805,0.9871363639695492,0.09960303404313833,5,0.001,0.1,1.0,0.9954792265838766,0.9917094574038207,0.9876895930571581,0.9836392816326007,0.9817799850616383,0.9797554275173107,0.9782893821239083,0.9753602519022762,0.9730167729773628,0.9720723463580326,0.9704509722993038
2,1,1.766464706532006,0.5164283541222999,6574,2.1366960525512697,0.39963503649635035,1096,2.136076260679446,0.405,0.9946854365423075,0.08323132067228649,,,0.924434793100058,,0.9244546254144074,0.07554537458559263,0.9872167016104594,0.0996114097970011,5,0.001,0.1,0.9954792265838766,1.0,0.9971424440459461,0.9953066036518284,0.9927888356678959,0.9905597671479321,0.9903228535672574,0.9889635827349857,0.9865266045763955,0.98505261131945,0.98442044732897,0.9832838010876728
2,2,1.8321779094348296,0.49666263185197995,5783,2.1338644719892934,0.41597510373443985,964,2.1360732153200876,0.405,0.9975778642311538,0.08364451997841164,,,0.9698412436209717,,0.9698678729182977,0.03013212708170232,0.9872185594985597,0.09961173086923962,5,0.001,0.1,0.9917094574038207,0.9971424440459461,1.0,0.9969309433698077,0.9959432299558191,0.9944178878997042,0.9944275240759392,0.9935865086527446,0.9911829343387204,0.9902569332017896,0.9897540979995756,0.9889614537206618
2,3,1.8785068661333566,0.4956686211462077,5287,2.135848207133157,0.42338251986379116,881,2.1360729890890395,0.405,0.9982505629805617,0.0837222540806112,,,0.9783834401178904,,0.9784024898270846,0.021597510172915446,0.9872187207645051,0.09961174027711148,5,0.001,0.1,0.9876895930571581,0.9953066036518284,0.9969309433698077,1.0,0.9968899992808313,0.9957138429763647,0.9957752850791454,0.9945575290661701,0.9936751954376503,0.9925760668671766,0.9922770902675355,0.9908865311023264
2,4,1.9126778893316945,0.4940628166160081,4935,2.132164102334243,0.39659367396593675,822,2.1360731498121073,0.405,0.9984945824322591,0.0837369647961269,,,0.97999999989011,,0.9800166246218381,0.01998337537816186,0.9872195748805183,0.09961174524611077,5,0.001,0.1,0.9836392816326007,0.9927888356678959,0.9959432299558191,0.9968899992808313,1.0,0.99701121843092,0.9960931164411139,0.9947953525763816,0.995486636311592,0.9941724924374845,0.9943776270020346,0.9939409997157955
2,5,1.933195222730506,0.4986072423398329,4667,2.1368033409118654,0.4203084832904884,778,2.136073242742033,0.405,0.9981996955922161,0.0836617254441402,,,0.971731951365908,,0.971747808352906,0.028252191647094027,0.9872185698924709,0.0996117320444628,5,0.001,0.1,0.9817799850616383,0.9905597671479321,0.9944178878997042,0.9957138429763647,0.99701121843092,1.0,0.9966116445972735,0.9960438458779765,0.9951449471164651,0.9956385085598536,0.9949412983617465,0.9937352413961016
2,6,1.9456960701942443,0.46269930384010777,4453,2.140175720055898,0.42452830188679247,742,2.1360736624501384,0.405,0.9980610691538377,0.08361066832287879,,,0.9661212869336827,,0.96613699848252,0.03386300151748001,0.987218422935682,0.09961172595374856,5,0.001,0.1,0.9797554275173107,0.9903228535672574,0.9944275240759392,0.9957752850791454,0.9960931164411139,0.9966116445972735,1.0,0.9964394953337536,0.9949046221192683,0.9952625792062585,0.9961411265354109,0.994182197163249
2,7,1.9645708308291079,0.4758007949497311,4277,2.129473167917003,0.43338008415147267,713,2.136074280205626,0.405,0.9974545878688309,0.0834610988031369,,,0.949685100093766,,0.9497056862005974,0.050294313799402635,0.9872179008431846,0.09961167131572835,5,0.001,0.1,0.9782893821239083,0.9889635827349857,0.9935865086527446,0.9945575290661701,0.9947953525763816,0.9960438458779765,0.9964394953337536,1.0,0.994121923643995,0.9958606363903977,0.9953831737107693,0.9946308651734144
2,8,1.9781707923228924,0.49595543715185275,4129,2.1436010274020108,0.38226744186046513,688,2.136076149468224,0.405,0.996656849304246,0.08334055158466452,,,0.9364381724492608,,0.936449483380211,0.06355051661978905,0.9872176845156236,0.09961153113276049,5,0.001,0.1,0.9753602519022762,0.9865266045763955,0.9911829343387204,0.9936751954376503,0.995486636311592,0.9951449471164651,0.9949046221192683,0.994121923643995,1.0,0.9934908049656788,0.9963752335546577,0.9968508988665129
2,9,1.9863546420657445,0.460284928767808,4001,2.1312793436504545,0.4272863568215892,667,2.1360781924031413,0.405,0.9959762139968211,0.08316567047306207,,,0.9172204960802354,,0.9172441789659872,0.0827558210340128,0.9872160327000349,0.09961128404318365,5,0.001,0.1,0.9730167729773628,0.98505261131945,0.9902569332017896,0.9925760668671766,0.9941724924374845,0.9956385085598536,0.9952625792062585,0.9958606363903977,0.9934908049656788,1.0,0.9958724370285136,0.993760394469759
2,10,1.9953825004765244,0.46310105425559267,3889,2.140793595995222,0.37962962962962965,648,2.136077926562617,0.405,0.9962386754316774,0.08321076184382185,,,0.9221755844963423,,0.9221977363450963,0.07780226365490372,0.9872157310279999,0.09961131581704655,5,0.001,0.1,0.9720723463580326,0.98442044732897,0.9897540979995756,0.9922770902675355,0.9943776270020346,0.9949412983617465,0.9961411265354109,0.9953831737107693,0.9963752335546577,0.9958724370285136,1.0,0.9964767596576488
2,11,2.0106820545276674,0.4829860195199156,3791,2.1388792991638184,0.3876582278481013,632,2.136079582543419,0.405,0.995324274680545,0.08311550160755976,,,0.9117074420277411,,0.9117300238737301,0.08826997612626986,0.9872131282931419,0.0996111582344595,5,0.001,0.1,0.9704509722993038,0.9832838010876728,0.9889614537206618,0.9908865311023264,0.9939409997157955,0.9937352413961016,0.994182197163249,0.9946308651734144,0.9968508988665129,0.993760394469759,0.9964767596576488,1.0
3,0,1.4946721602970523,0.595300706111517,8214,2.056377355442491,0.4674945215485756,1369,2.053787077577731,0.4754,0.9878766254584922,0.08228825855847433,,,0.8,,0.800016431312282,0.19998356868771805,0.9938754590340309,0.0996712637232101,5,0.001,0.1,1.0,0.995688198297683,0.9926231485173598,0.9891600105529806,0.9856090895206991,0.9838413491145684,0.981783671160135,0.9811619072265841,0.9784054072245955,0.9769055101327089,0.976600050270601,0.9748951201740841
3,1,1.5974785278723078,0.5668390629753575,6574,2.0541696446282525,0.479014598540146,1096,2.053718333807997,0.4752,0.9956507995244802,0.08323424334268983,,,0.9255655251699695,,0.9255854863185161,0.07441451368148388,0.9939367723469816,0.09967926567245633,5,0.001,0.1,0.995688198297683,1.0,0.9973391728065504,0.9959560184247104,0.9939991234723379,0.9921921755878506,0.9915585886692148,0.9906756153745157,0.9890440946233556,0.9882623413147109,0.9879846753853394,0.9868057506073852
3,2,1.6591720202351143,0.5497146809614387,5783,2.0515437664524203,0.49896265560165975,964,2.0537138708864155,0.4752,0.9979140240182386,0.0835609088790214,,,0.9689255562284166,,0.9689496525260727,0.03105034747392732,0.9939414761275683,0.0996794563211015,5,0.001,0.1,0.9926231485173598,0.9973391728065504,1.0,0.9974107564967406,0.9963723983935883,0.9950615648714197,0.9950907765156526,0.9944787437391549,0.9926626062734392,0.9922124306166763,0.992056265910976,0.9911888404307232
3,3,1.7058225340153799,0.549952714204653,5287,2.052513803754534,0.49375709421112374,881,2.053713645036228,0.4752,0.9986911590409275,0.08363371196356906,,,0.9785890917289386,,0.9786054648611554,0.021394535138844595,0.993941492266872,0.09967946507802972,5,0.001,0.1,0.9891600105529806,0.9959560184247104,0.9974107564967406,1.0,0.9976259745018307,0.9966199297786935,0.9962558999232376,0.9958392524899228,0.9948894459967704,0.9944715479721764,0.9944697137714255,0.9930330234525795
3,4,1.743297308029667,0.5501519756838906,4935,2.0479488372802734,0.46715328467153283,822,2.053713775671328,0.4752,0.9987407590127145,0.08364434145465728,,,0.9799999998672647,,0.9800166246218381,0.01998337537816186,0.9939414546350939,0.09967946757821984,5,0.001,0.1,0.9856090895206991,0.9939991234723379,0.9963723983935883,0.9976259745018307,1.0,0.9975375000383637,0.9969292494293223,0.9960090601951409,0.995964671282919,0.9951749584195725,0.9959066959826137,0.9951474548170514
3,5,1.7639381493607613,0.5475894578958646,4667,2.0551182937622072,0.4601542416452442,778,2.053713931824072,0.4752,0.9984939204798295,0.0835901970022665,,,0.9728131225380198,,0.9728351746068566,0.027164825393143355,0.9939414859928858,0.09967946320763917,5,0.001,0.1,0.9838413491145684,0.9921921755878506,0.9950615648714197,0.9966199297786935,0.9975375000383637,1.0,0.9973857046911672,0.9970514944831932,0.9961727493543969,0.9960722331279235,0.9962299826122789,0.9951414708375617
3,6,1.7786561926773616,0.5263417920503032,4453,2.059045890967051,0.4865229110512129,742,2.0537142178501946,0.4752,0.998345789662869,0.08355408050430378,,,0.9680191902151555,,0.968036264872754,0.03196373512724604,0.9939414596709362,0.09967945574690364,5,0.001,0.1,0.981783671160135,0.9915585886692148,0.9950907765156526,0.9962558999232376,0.9969292494293223,0.9973857046911672,1.0,0.9974209313230247,0.9958158030466193,0.9964779779340835,0.9970993481391344,0.9956942183650451
3,7,1.7999922515741036,0.5359831657703998,4277,2.0461462528809258,0.48667601683029454,713,2.053715247696581,0.4752,0.9980433469559806,0.08345252608461004,,,0.9545393391066084,,0.9545577560626709,0.045442243937329097,0.9939407723163697,0.09967942926762934,5,0.001,0.1,0.9811619072265841,0.9906756153745157,0.9944787437391549,0.9958392524899228,0.9960090601951409,0.9970514944831932,0.9974209313230247,1.0,0.9959231651548583,0.997051353629894,0.9964674499486638,0.9958204030934422
3,8,1.8197974326060369,0.5360620004843788,4129,2.0632386207580566,0.46511627906976744,688,2.0537173736590546,0.4752,0.9972276313559705,0.08335220387252293,,,0.9412230453806181,,0.9412483931143136,0.05875160688568637,0.9939383030219726,0.09967938236012923,5,0.001,0.1,0.9784054072245955,0.9890440946233556,0.9926626062734392,0.9948894459967704,0.995964671282919,0.9961727493543969,0.9958158030466193,0.9959231651548583,1.0,0.9952328913203361,0.9968584900764337,0.9971565539273867
3,9,1.828279549545712,0.5165708572856785,4001,2.049327952521188,0.48425787106446777,667,2.0537202925727773,0.4752,0.9968946501102799,0.08323413019524548,,,0.9255505065158542,,0.9255661553628903,0.07443384463710967,0.9939360814642026,0.09967926469157389,5,0.001,0.1,0.9769055101327089,0.9882623413147109,0.9922124306166763,0.9944715479721764,0.9951749584195725,0.9960722331279235,0.9964779779340835,0.997051353629894,0.9952328913203361,1.0,0.9971888417574669,0.9950786281083281
3,10,1.8395820670440548,0.5184366160966829,3889,2.0589801243373325,0.4506172839506173,648,2.0537198869565043,0.4752,0.9971992381801019,0.08327163900881172,,,0.9305292481959904,,0.9305438764365317,0.06945612356346831,0.9939365057161487,0.09967928705910081,5,0.001,0.1,0.976600050270601,0.9879846753853394,0.992056265910976,0.9944697137714255,0.9959066959826137,0.9962299826122789,0.9970993481391344,0.9964674499486638,0.9968584900764337,0.9971888417574669,1.0,0.9969040392482281
3,11,1.8595779360843305,0.5356897916117119,3791,2.0581230759620666,0.4525316455696203,632,2.0537219904482176,0.4752,0.9962883016740931,0.08318375913382764,,,0.9188644911741333,,0.9188873101941795,0.08111268980582054,0.9939371594052158,0.0996791751823653,5,0.001,0.1,0.9748951201740841,0.9868057506073852,0.9911888404307232,0.9930330234525795,0.9951474548170514,0.9951414708375617,0.9956942183650451,0.9958204030934422,0.9971565539273867,0.9950786281083281,0.9969040392482281,1.0
4,0,1.369688898209004,0.6243486729973217,8214,1.9608091587244079,0.5178962746530315,1369,1.958055447846556,0.5175,0.988679194934184,0.08242415586507185,,,0.8,,0.800016431312282,0.19998356868771805,0.9963388953301797,0.09968997049074714,5,0.001,0.1,1.0,0.9954899967142868,0.9929845961878384,0.9898445259079522,0.9862300179133612,0.9847095604509564,0.9821727751792254,0.9822042605249739,0.9811326721167678,0.978843467818905,0.9785018631455977,0.9764112916704075
4,1,1.457611391266573,0.5999391542439915,6574,1.9584257704871042,0.5200729927007299,1096,1.957960091079005,0.5176,0.9957628253493792,0.08323340503287542,,,0.9256803302317296,,0.9256966393133644,0.07430336068663557,0.9963889513769627,0.09969838581683778,5,0.001,0.1,0.9954899967142868,1.0,0.9969292185031633,0.9959596375349269,0.9941329120425878,0.9921874398075502,0.9914891315436594,0.9905734401507247,0.9907840862817539,0.988918503418594,0.9889817030505518,0.987690864980637
4,2,1.5102974629533883,0.590973543143697,5783,1.955544102576471,0.5363070539419087,964,1.9579550382047415,0.5176,0.9979016536603237,0.08350292953672561,,,0.9675387960752893,,0.9675529909821092,0.03244700901789077,0.9963896438917842,0.09969851383467662,5,0.001,0.1,0.9929845961878384,0.9969292185031633,1.0,0.9974213424822141,0.9962377586601323,0.995219664050547,0.9948122686081559,0.9944610187152733,0.993763956699092,0.9925122374181204,0.9925439872781394,0.9917727239214249
4,3,1.5528392136815083,0.5889918668432003,5287,1.9555422748838152,0.5300794551645857,881,1.9579548371104767,0.5176,0.9987452385822866,0.08357484743294158,,,0.9787079950137649,,0.9787214505949101,0.021278549405089886,0.9963896563482519,0.09969851831769909,5,0.001,0.1,0.9898445259079522,0.9959596375349269,0.9974213424822141,1.0,0.9976649807999037,0.9965966940338762,0.9963013741619097,0.9957215145110342,0.9956061281302178,0.9949505327894362,0.9949909197903246,0.9936431733821438
4,4,1.5892581757422417,0.5910030395136778,4935,1.9501949044374318,0.5097323600973236,822,1.9579548477745665,0.5176,0.9988008699206478,0.08358316658544779,,,0.9799999998446951,,0.9800166246218381,0.01998337537816186,0.9963897337742049,0.09969851912087507,5,0.001,0.1,0.9862300179133612,0.9941329120425878,0.9962377586601323,0.9976649807999037,1.0,0.9973990939061027,0.9969784782324477,0.9959262015560829,0.9971093397400567,0.9955897788359772,0.9964478636208014,0.9956058575787866
4,5,1.6075454564943705,0.581915577458753,4667,1.9604267120361327,0.5089974293059126,778,1.9579551269452031,0.5176,0.9985453415451597,0.08354168984536323,,,0.9735584604546558,,0.9735842491373561,0.026415750862643916,0.9963897117076288,0.09969851711446458,5,0.001,0.1,0.9847095604509564,0.9921874398075502,0.995219664050547,0.9965966940338762,0.9973990939061027,1.0,0.9975000540401303,0.9972650762154535,0.9966043271468296,0.9963963025622554,0.9966097083737507,0.9957623841756782
4,6,1.6211647816215242,0.5707163709858523,4453,1.9643273800611496,0.5161725067385444,742,1.9579552842405277,0.5176,0.9983629639331003,0.0835136379225983,,,0.9692018604641989,,0.9692251186437402,0.03077488135625983,0.9963896168972936,0.09969851503055381,5,0.001,0.1,0.9821727751792254,0.9914891315436594,0.9948122686081559,0.9963013741619097,0.9969784782324477,0.9975000540401303,1.0,0.9976269235249594,0.9965006320524714,0.9968602158618163,0.99744127333237,0.9963591754216212
4,7,1.6406066848270928,0.5808276829553425,4277,1.9491542370423027,0.520336605890603,713,1.9579568073010674,0.5176,0.9979711566510343,0.08343866813804818,,,0.9575586884295152,,0.9575733851402944,0.04242661485970556,0.9963889781396481,0.09969850385072096,5,0.001,0.1,0.9822042605249739,0.9905734401507247,0.9944610187152733,0.9957215145110342,0.9959262015560829,0.9972650762154535,0.9976269235249594,1.0,0.9961138966174623,0.9969555842653359,0.9964795076932149,0.9960361738997231
4,8,1.6636765696452214,0.5808186001453136,4129,1.9697986787015742,0.5087209302325582,688,1.9579588144351119,0.5176,0.9977858081140661,0.08337112223227036,,,0.9470684808621745,,0.9470960071911155,0.05290399280888447,0.9963892161100747,0.0996984876307987,5,0.001,0.1,0.9811326721167678,0.9907840862817539,0.993763956699092,0.9956061281302178,0.9971093397400567,0.9966043271468296,0.9965006320524714,0.9961138966174623,1.0,0.9951959206663915,0.9972886248818752,0.9970412592322364
4,9,1.6728236397107443,0.5641589602599351,4001,1.9538841190792264,0.5352323838080959,667,1.9579620407031366,0.5176,0.9970780683317875,0.08327581254732695,,,0.9322664234062721,,0.9322836624428529,0.06771633755714712,0.9963887996559893,0.09969842303255799,5,0.001,0.1,0.978843467818905,0.988918503418594,0.9925122374181204,0.9949505327894362,0.9955897788359772,0.9963963025622554,0.9968602158618163,0.9969555842653359,0.9951959206663915,1.0,0.9969086775441456,0.9955251633130621
4,10,1.6834241276881734,0.5648752892774492,3889,1.964024504025777,0.49537037037037035,648,1.9579614667465892,0.5176,0.997460998489873,0.08331119584868016,,,0.9377616221357679,,0.9377929847962034,0.06220701520379657,0.9963887312400834,0.09969846505124456,5,0.001,0.1,0.9785018631455977,0.9889817030505518,0.9925439872781394,0.9949909197903246,0.9964478636208014,0.9966097083737507,0.99744127333237,0.9964795076932149,0.9972886248818752,0.9969086775441456,1.0,0.9970352497359514
4,11,1.7055155151030597,0.5825375890266421,3791,1.9641578912734985,0.5,632,1.9579637126800733,0.5176,0.9965970552339405,0.08322936901265046,,,0.9250535166681499,,0.9250732159944327,0.07492678400556729,0.9963883500019621,0.09969838328170713,5,0.001,0.1,0.9764112916704075,0.987690864980637,0.9917727239214249,0.9936431733821438,0.9956058575787866,0.9957623841756782,0.9963591754216212,0.9960361738997231,0.9970412592322364,0.9955251633130621,0.9970352497359514,1.0
5,0,1.2681405807747452,0.6446067689310933,8214,1.8530991964561994,0.5514974433893353,1369,1.8501630556850006,0.5564,0.988747101549335,0.08251069397431253,,,0.8,,0.800016431312282,0.19998356868771805,0.9974299127127438,0.09968693252609996,5,0.001,0.1,1.0,0.9953928406842051,0.9927379052060403,0.9899225943977602,0.9860211449221779,0.9844327334994566,0.9818846073595334,0.9820720227649248,0.9814732320984394,0.9793033366900005,0.9788313029990134,0.976889180581774
5,1,1.340636817054841,0.62957103742014,6574,1.8507736785071236,0.5775547445255474,1096,1.8500427959826047,0.557,0.9957494592571058,0.08323342276336403,,,0.9258884257547296,,0.9259092798252482,0.07409072017475182,0.9974559562741405,0.09969520430753669,5,0.001,0.1,0.9953928406842051,1.0,0.9969480253699569,0.9958124144707822,0.9938437335006789,0.9921438771197745,0.9911032749264825,0.9903709051460956,0.9908509137882473,0.9893570621994924,0.9889429210869963,0.9878427370552839
5,2,1.385778766969291,0.6198858723845755,5783,1.8471400430125575,0.5601659751037344,964,1.8500371169739258,0.557,0.997823325459595,0.08346578895797957,,,0.9663631029530162,,0.9663786354278424,0.033621364572157586,0.9974567201839145,0.09969535530586221,5,0.001,0.1,0.9927379052060403,0.9969480253699569,1.0,0.9971405899266311,0.9959844884977112,0.99487700689942,0.9944305639735193,0.9941021737205472,0.9938897855493838,0.9928359706233801,0.9924971339607451,0.9919148373708183
5,3,1.4243079157478837,0.619708719500662,5287,1.8461715195860182,0.5709421112372304,881,1.8500369189265438,0.557,0.9986116054464026,0.08353537836686913,,,0.9784845256319241,,0.9784991446052136,0.02150085539478641,0.9974567664733879,0.0996953610972017,5,0.001,0.1,0.9899225943977602,0.9958124144707822,0.9971405899266311,1.0,0.997445485147754,0.9964455462997268,0.9959702239722099,0.9954149843809087,0.9952895387791799,0.9947961736330041,0.9948480455234858,0.9936591090686651
5,4,1.4560019989936583,0.6251671732522797,4935,1.8401384903834417,0.5523114355231143,822,1.8500369078815935,0.557,0.9987229342318185,0.08354407874438535,,,0.9799999998258151,,0.9800166246218381,0.01998337537816186,0.9974567325266784,0.09969536153174186,5,0.001,0.1,0.9860211449221779,0.9938437335006789,0.9959844884977112,0.997445485147754,1.0,0.9971093848686996,0.9968224723461888,0.9960628714670678,0.9968292478459895,0.9958277510055101,0.9965237334655236,0.9955619499040618
5,5,1.4714572846889495,0.6141418470109278,4667,1.8537619829177856,0.5488431876606684,778,1.8500372335171928,0.557,0.9985259799157972,0.08351226652347792,,,0.9744587920166522,,0.9744783058350489,0.025521694164951092,0.9974567727577132,0.09969536026535235,5,0.001,0.1,0.9844327334994566,0.9921438771197745,0.99487700689942,0.9964455462997268,0.9971093848686996,1.0,0.9974891388745546,0.9972692901160937,0.9966085276817203,0.9965743245731368,0.9967373690917241,0.9959742533302148
5,6,1.484108550633703,0.6082191780821918,4453,1.857336754600207,0.5566037735849056,742,1.8500372868376418,0.557,0.9981726131435182,0.08348364062214393,,,0.9694725928928082,,0.9694957520225013,0.030504247977498733,0.9974567364290741,0.09969535680602636,5,0.001,0.1,0.9818846073595334,0.9911032749264825,0.9944305639735193,0.9959702239722099,0.9968224723461888,0.9974891388745546,1.0,0.9973944044371458,0.995977686815098,0.9967664132940581,0.9971565322311222,0.9964145154371084
5,7,1.498868818069572,0.6154313771335048,4277,1.8399222363596377,0.5610098176718092,713,1.8500392155144543,0.557,0.997857404793428,0.08342745693295966,,,0.9596862438616831,,0.9597046229980379,0.04029537700196206,0.9974569261187163,0.09969534773950144,5,0.001,0.1,0.9820720227649248,0.9903709051460956,0.9941021737205472,0.9954149843809087,0.9960628714670678,0.9972692901160937,0.9973944044371458,1.0,0.9959010598179673,0.9966808435855011,0.9963784414671367,0.9959997260337274
5,8,1.5213426718345056,0.6046500363284089,4129,1.864270188591697,0.5377906976744186,688,1.8500410021303562,0.557,0.9977071977706614,0.08338115767797583,,,0.9516216137932147,,0.9516484472409894,0.048351552759010596,0.9974566595475763,0.09969533412286495,5,0.001,0.1,0.9814732320984394,0.9908509137882473,0.9938897855493838,0.9952895387791799,0.9968292478459895,0.9966085276817203,0.995977686815098,0.9959010598179673,1.0,0.9956390791733847,0.9967799615097465,0.9966114289053781
5,9,1.5284077288612488,0.596100974756311,4001,1.846286762328375,0.5637181409295352,667,1.8500447661731951,0.5567,0.9972768107293671,0.08330877299374093,,,0.9390132964200495,,0.9390349986951605,0.060965001304839506,0.9974559287230781,0.09969529709653846,5,0.001,0.1,0.9793033366900005,0.9893570621994924,0.9928359706233801,0.9947961736330041,0.9958277510055101,0.9965743245731368,0.9967664132940581,0.9966808435855011,0.9956390791733847,1.0,0.997006916663846,0.9958963398693684
5,10,1.5419017344224648,0.5998971457958344,3889,1.8570045005707514,0.5462962962962963,648,1.850044122900064,0.5568,0.9974423011709052,0.08333582993807195,,,0.943726206960166,,0.9437420863900406,0.056257913609959354,0.9974561703542908,0.09969530646861438,5,0.001,0.1,0.9788313029990134,0.9889429210869963,0.9924971339607451,0.9948480455234858,0.9965237334655236,0.9967373690917241,0.9971565322311222,0.9963784414671367,0.9967799615097465,0.997006916663846,1.0,0.9969531560814576
5,11,1.564549767069456,0.6118174624109733,3791,1.8581924736499786,0.5443037974683544,632,1.850046140317338,0.5569,0.9966958956464222,0.08326151250471905,,,0.9307812339181941,,0.9308048443374798,0.06919515566252021,0.997455786840301,0.09969523887637584,5,0.001,0.1,0.976889180581774,0.9878427370552839,0.9919148373708183,0.9936591090686651,0.9955619499040618,0.9959742533302148,0.9964145154371084,0.9959997260337274,0.9966114289053781,0.9958963398693684,0.9969531560814576,1.0
6,0,1.1831965937224806,0.6609934258582907,8214,1.7357612127481505,0.5938641344046749,1369,1.7327886739858804,0.6071,0.9885104889486362,0.0825631225416038,,,0.98,,0.9800166246218381,0.01998337537816186,0.9976610348996482,0.09967349005589402,5,0.001,0.1,1.0,0.9949271769623029,0.9924150891312679,0.9893969717600329,0.9858401759501404,0.983896857191415,0.9813824742645217,0.9815236097895295,0.9806267038387144,0.9785210991166743,0.9784439698758063,0.9765624533337423
6,1,1.243965909839834,0.6480377243687253,6574,1.7339274712971278,0.6295620437956204,1096,1.7326621647460012,0.6073,0.9956322942461449,0.0832366744698401,,,0.98,,0.9800166246218381,0.01998337537816186,0.9977444879106262,0.09967349005589402,5,0.001,0.1,0.9949271769623029,1.0,0.9965993622548646,0.995493944414202,0.9937673753474587,0.9918305394416397,0.9906541184568828,0.989762423768643,0.9901475053545863,0.9889510413373059,0.9887445131428837,0.9877195810179322
6,2,1.280486617760105,0.6437143351201798,5783,1.7292895432441466,0.6234439834024896,964,1.7326562179924963,0.6073,0.9974856455269623,0.08343913452530899,,,0.98,,0.9800166246218381,0.01998337537816186,0.9977462681167693,0.09967349005589402,5,0.001,0.1,0.9924150891312679,0.9965993622548646,1.0,0.9965438951760148,0.9957431336487721,0.9941665003145067,0.9937600949875826,0.9934107645002158,0.9927868082602906,0.9918841699258882,0.9920480346535433,0.9913531472751431
6,3,1.3142987265644304,0.645129563079251,5287,1.7269972009318215,0.6208853575482406,881,1.7326560443201766,0.6073,0.9983762357838973,0.08351060537820526,,,0.98,,0.9800166246218381,0.01998337537816186,0.997746343961042,0.09967349005589402,5,0.001,0.1,0.9893969717600329,0.995493944414202,0.9965438951760148,1.0,0.9971169962373513,0.9958092329763066,0.9951987228287115,0.9946525693469884,0.9949362677820685,0.9946802214126192,0.9944037345956546,0.9930866422313324
6,4,1.3444860609885185,0.6453900709219859,4935,1.7206116318702698,0.6131386861313869,822,1.7326560256580195,0.6073,0.9985747529724147,0.08352235653798813,,,0.98,,0.9800166246218381,0.01998337537816186,0.9977463428093838,0.09967349005589402,5,0.001,0.1,0.9858401759501404,0.9937673753474587,0.9957431336487721,0.9971169962373513,1.0,0.9966682519289644,0.9963649665597266,0.9955048404029654,0.9958487331796299,0.9954652818813567,0.9961600238820514,0.9951741818579395
6,5,1.3556329653687673,0.6361688450824942,4667,1.737910680770874,0.6002570694087404,778,1.7326563680514742,0.6073,0.9983724727609287,0.08349630054113504,,,0.98,,0.9800166246218381,0.01998337537816186,0.9977463074710174,0.09967349005589402,5,0.001,0.1,0.983896857191415,0.9918305394416397,0.9941665003145067,0.9958092329763066,0.9966682519289644,1.0,0.9971758841897663,0.9969407882568598,0.9959462959150392,0.9963314266719376,0.9964814987027161,0.9959704820937472
6,6,1.3657231946502413,0.6349427352346733,4453,1.7406821151574452,0.6024258760107817,742,1.7326562979731697,0.6073,0.9979443182920829,0.08346490441690872,,,0.98,,0.9800166246218381,0.01998337537816186,0.9977462912632427,0.09967349005589402,5,0.001,0.1,0.9813824742645217,0.9906541184568828,0.9937600949875826,0.9951987228287115,0.9963649665597266,0.9971758841897663,1.0,0.9970264242879459,0.9950810981714115,0.9965501357742895,0.9966962840669834,0.9961847505027023
6,7,1.377153452207793,0.6409165302782324,4277,1.7213426413743391,0.6086956521739131,713,1.7326585103909429,0.6073,0.9976191585326799,0.08341992323176986,,,0.98,,0.9800166246218381,0.01998337537816186,0.9977461582900026,0.09967349005589402,5,0.001,0.1,0.9815236097895295,0.989762423768643,0.9934107645002158,0.9946525693469884,0.9955048404029654,0.9969407882568598,0.9970264242879459,1.0,0.9951826205392218,0.9964333076467223,0.9959561904929021,0.9957987230845426
6,8,1.4015631617032565,0.6303221118914991,4129,1.7493305206298828,0.5828488372093024,688,1.7326602238816575,0.6073,0.9971874752472427,0.08337756733199905,,,0.98,,0.9800166246218381,0.01998337537816186,0.9977458674215582,0.09967349005589402,5,0.001,0.1,0.9806267038387144,0.9901475053545863,0.9927868082602906,0.9949362677820685,0.9958487331796299,0.9959462959150392,0.9950810981714115,0.9951826205392218,1.0,0.9947978954967419,0.996047328772018,0.9956264483260244
6,9,1.4047298870389424,0.6276430892276931,4001,1.729347439039321,0.6011994002998501,667,1.732664064477427,0.6073,0.9971337260864236,0.08333141019526676,,,0.98,,0.9800166246218381,0.01998337537816186,0.9977456875003828,0.09967349005589402,5,0.001,0.1,0.9785210991166743,0.9889510413373059,0.9918841699258882,0.9946802214126192,0.9954652818813567,0.9963314266719376,0.9965501357742895,0.9964333076467223,0.9947978954967419,1.0,0.9970616087437173,0.9956890920970825
