round,client_id,client_i_training_loss,client_i_training_accuracy,client_i_training_dataset_size,client_i_evaluation_loss,client_i_evaluation_accuracy,client_i_evaluation_dataset_size,client_i_central_evaluation_loss,client_i_central_evaluation_accuracy,client_i_cosine_similarity,client_i_importance_coefficient,client_i_tanh_val,tanh_normalization_value,client_i_q,client_i_mask_order,client_i_v_nonzero_fraction,client_i_v_sparsity,client_i_v_cosine_similarity,client_i_reward_gradient_norm,local_epochs,learning_rate,gamma,client_0_cosine_similarity,client_1_cosine_similarity,client_2_cosine_similarity,client_3_cosine_similarity,client_4_cosine_similarity,client_5_cosine_similarity,client_6_cosine_similarity,client_7_cosine_similarity,client_8_cosine_similarity,client_9_cosine_similarity,client_10_cosine_similarity,client_11_cosine_similarity
0,0,2.083163615423418,0.3896518139761383,8214,2.264333403387735,0.1877282688093499,1369,2.2628891909846103,0.197,0.9662431372172605,0.08167555621573884,,,0.8,,0.800016431312282,0.19998356868771805,0,0.09850471997959058,5,0.001,0.1,1.0,0.981809515592254,0.9631020440729545,0.9668756705263375,0.9569508564046688,0.947403012887366,0.9379114057076288,0.923164927694572,0.9242004012390652,0.9190286971951562,0.9163672474357587,0.9063976756051909
0,1,2.15949719195227,0.35902038332826286,6574,2.2650037493024553,0.1852189781021898,1096,2.2628840135690123,0.197,0.986893057361794,0.08342107310341648,,,0.9169056210660514,,0.916930050937068,0.08306994906293197,0,0.0985116786881812,5,0.001,0.1,0.981809515592254,1.0,0.98911252612182,0.9788874121834684,0.9754604237867169,0.9656267647253046,0.972545540129974,0.9641530108687734,0.955378575794613,0.9438871311231765,0.9511778584841062,0.950440519908509
0,2,2.1902420735490913,0.3341518243126405,5783,2.2619125227774344,0.2053941908713693,964,2.2628838505607822,0.197,0.9910947674126243,0.08377623940912206,,,0.9406928085996465,,0.9407167918346043,0.05928320816539567,0,0.09851179674098566,5,0.001,0.1,0.9631020440729545,0.98911252612182,1.0,0.9791511809409369,0.9785167160744489,0.9748912987338477,0.9839729908128474,0.9797666191406464,0.966343200703141,0.9633535669988956,0.9674893256525474,0.962746485464735
0,3,2.2056547331522744,0.3652733118971061,5287,2.262201496532985,0.19977298524404086,881,2.262883773626992,0.197,0.9939746589171736,0.08401967372851342,,,0.9569967701929957,,0.9570127874271465,0.04298721257285354,0,0.09851183659742388,5,0.001,0.1,0.9668756705263375,0.9788874121834684,0.9791511809409369,1.0,0.9908719291380481,0.9858251408347167,0.9796668760082488,0.9729341268450277,0.9796019415145261,0.9773662604296516,0.9753217154965292,0.9658888300161087
0,4,2.216011092893539,0.30958459979736574,4935,2.2606488374563365,0.20316301703163017,822,2.262883711165894,0.197,0.9945051420003803,0.084064514927602,,,0.9599999999330252,,0.9600139182880506,0.039986081711949395,0,0.0985118471224072,5,0.001,0.1,0.9569508564046688,0.9754604237867169,0.9785167160744489,0.9908719291380481,1.0,0.9913502862412246,0.9827040480052107,0.9740481768057074,0.9878802672770732,0.9784841077056907,0.982417484403172,0.9743205433638209
0,5,2.2214680603105728,0.29140775658881507,4667,2.2619250869750975,0.1953727506426735,778,2.2628838558928273,0.197,0.9915024500613828,0.08381070041154921,,,0.9430008268833684,,0.9430268410318864,0.05697315896811361,0,0.09851180081007567,5,0.001,0.1,0.947403012887366,0.9656267647253046,0.9748912987338477,0.9858251408347167,0.9913502862412246,1.0,0.9843021772535054,0.9746598007567846,0.9844265896023744,0.9845881988231504,0.9856546817626605,0.9698558102327317
0,6,2.225999711241041,0.3016393442622951,4453,2.2618924379348755,0.20080862533692723,742,2.262883855131107,0.197,0.9915537680472754,0.08381503826905133,,,0.9432913539638917,,0.9433119726273669,0.05668802737263312,0,0.09851180119118344,5,0.001,0.1,0.9379114057076288,0.972545540129974,0.9839729908128474,0.9796668760082488,0.9827040480052107,0.9843021772535054,1.0,0.9864195254771181,0.9815448040994937,0.9768725020447662,0.9892870325540412,0.980388113671523
0,7,2.2326855182647707,0.3303717559036708,4277,2.2644963990087095,0.2061711079943899,713,2.2628838277091616,0.197,0.9852733094334097,0.08328415744742428,,,0.9077357242232139,,0.90775751249263,0.09224248750736996,0,0.09851157829255922,5,0.001,0.1,0.923164927694572,0.9641530108687734,0.9797666191406464,0.9729341268450277,0.9740481768057074,0.9746598007567846,0.9864195254771181,1.0,0.9782167476496858,0.9751184395281269,0.9805865664369617,0.9829481929848659
0,8,2.235532386486347,0.319738435456527,4129,2.2610500942577016,0.2005813953488372,688,2.2628839259711317,0.197,0.9859674028375319,0.08334282846164812,,,0.9116652028807014,,0.9116816964846657,0.08831830351533432,0,0.09851162720155379,5,0.001,0.1,0.9242004012390652,0.955378575794613,0.966343200703141,0.9796019415145261,0.9878802672770732,0.9844265896023744,0.9815448040994937,0.9782167476496858,1.0,0.9744206695917409,0.9888817663565427,0.9866934658604767
0,9,2.235990812286498,0.24548862784303924,4001,2.261565367380778,0.18590704647676162,667,2.2628834575129013,0.197,0.9801839248861866,0.08285395691333575,,,0.8789231352556677,,0.8789495558712945,0.12105044412870547,0,0.09851028594980364,5,0.001,0.1,0.9190286971951562,0.9438871311231765,0.9633535669988956,0.9773662604296516,0.9784841077056907,0.9845881988231504,0.9768725020447662,0.9751184395281269,0.9744206695917409,1.0,0.9829428909982539,0.9633046525964102
0,10,2.2405111606003807,0.2764206736950373,3889,2.2597271033695767,0.2021604938271605,648,2.2628838855999347,0.197,0.9848882183536614,0.08325160608750182,,,0.9055556038387342,,0.9055731145069157,0.09442688549308431,0,0.09851156321310459,5,0.001,0.1,0.9163672474357587,0.9511778584841062,0.9674893256525474,0.9753217154965292,0.982417484403172,0.9856546817626605,0.9892870325540412,0.9805865664369617,0.9888817663565427,0.9829428909982539,1.0,0.9838861612872831
0,11,2.245303666892172,0.28752308098127144,3791,2.2619593739509583,0.20253164556962025,632,2.2628837568691362,0.197,0.9781810393815344,0.0826846550250967,,,0.8675841774191874,,0.8675974521800485,0.13240254781995153,0,0.09850996122844727,5,0.001,0.1,0.9063976756051909,0.950440519908509,0.962746485464735,0.9658888300161087,0.9743205433638209,0.9698558102327317,0.980388113671523,0.9829481929848659,0.9866934658604767,0.9633046525964102,0.9838861612872831,1.0
1,0,1.854839256487004,0.48388117847577305,8214,2.210597509561583,0.36376917457998537,1369,2.209127916695592,0.3806,0.9797699436677813,0.08187538471559529,,,0.8,,0.800016431312282,0.19998356868771805,0.969834246269026,0.09933212247939636,5,0.001,0.1,1.0,0.9922973490925803,0.9871609385429848,0.9829384791392944,0.9771645654726139,0.9722189877651914,0.9702992749946908,0.965138710778943,0.9629055276331759,0.9567420120189257,0.9584067311511464,0.9542903810061897
1,1,1.973230798499098,0.4492850623668999,6574,2.211219699042184,0.3585766423357664,1096,2.209117158152425,0.3809,0.990409893019958,0.08329208743539548,,,0.9112048363941272,,0.9112274190274596,0.08877258097254037,0.9699058005959466,0.09933834144339512,5,0.001,0.1,0.9922973490925803,1.0,0.9936124350150014,0.99219402945475,0.9874817692744673,0.9820000019498417,0.9838302837325162,0.9792419987117299,0.9765829710384893,0.9746938965630503,0.973935633999296,0.9702806102588581
1,2,2.032374292842591,0.4434722462389763,5783,2.208652873193064,0.3848547717842324,964,2.2091172457503054,0.3809,0.995354390651019,0.08367024304524637,,,0.9408883628935466,,0.9409149341297687,0.059085065870231324,0.9699046512448481,0.09933852814334274,5,0.001,0.1,0.9871609385429848,0.9936124350150014,1.0,0.9957433201099406,0.9919159949918464,0.9897650336544286,0.9894332648671393,0.9881705033942778,0.9843617376378854,0.9827007559526311,0.9827381318875461,0.9793456245194866
1,3,2.0656675344490143,0.45628901078116135,5287,2.2080832719802856,0.3927355278093076,881,2.20911718557437,0.3809,0.9972448056397581,0.08388096811457701,,,0.9574293397206121,,0.9574429011898203,0.04255709881017966,0.9699049070576181,0.09933856170535413,5,0.001,0.1,0.9829384791392944,0.99219402945475,0.9957433201099406,1.0,0.9943572758825195,0.9930380504027105,0.9927010339345523,0.9906520363537061,0.9886081696084075,0.9863347635244539,0.9872687212515914,0.9835518737874249
1,4,2.0895204620976604,0.44243161094224925,4935,2.205245623221764,0.3880778588807786,822,2.2091171825274873,0.3809,0.9974054333069443,0.08391371724147091,,,0.9599999999215044,,0.9600139182880506,0.039986081711949395,0.9699044146072204,0.09933856984186408,5,0.001,0.1,0.9771645654726139,0.9874817692744673,0.9919159949918464,0.9943572758825195,1.0,0.9945282428488875,0.9941279433642752,0.9893359812519361,0.9928477609532895,0.9880580794332132,0.9906919795972207,0.9887359287638565
1,5,2.1030262011371246,0.4318405828155132,4667,2.208681287765503,0.39460154241645246,778,2.2091172807894575,0.3809,0.9961084575789791,0.08371580629279368,,,0.9444648743368216,,0.9444863281816337,0.055513671818366306,0.9699055681783253,0.09933854410698678,5,0.001,0.1,0.9722189877651914,0.9820000019498417,0.9897650336544286,0.9930380504027105,0.9945282428488875,1.0,0.9932748894917992,0.9916875409965663,0.989782881416351,0.9912169035781605,0.9901062686377123,0.9861161734611409
1,6,2.1111871922016143,0.4146418145070739,4453,2.208835164705912,0.3908355795148248,742,2.2091172785042956,0.3809,0.9968974743994063,0.08374398965970163,,,0.9466771427698746,,0.9466997226007867,0.05330027739921328,0.9699056088935083,0.09933854610844502,5,0.001,0.1,0.9702992749946908,0.9838302837325162,0.9894332648671393,0.9927010339345523,0.9941279433642752,0.9932748894917992,1.0,0.9934873562848283,0.991756126655891,0.9897275878871682,0.9946382538730747,0.9898579640620376
1,7,2.125012462530563,0.4470890811316343,4277,2.2097485687421714,0.40392706872370265,713,2.2091170629373376,0.3809,0.99531853444076,0.08336670667829489,,,0.9170621137060903,,0.9170846985820744,0.08291530141792558,0.9699038456591026,0.0993383892419738,5,0.001,0.1,0.965138710778943,0.9792419987117299,0.9881705033942778,0.9906520363537061,0.9893359812519361,0.9916875409965663,0.9934873562848283,1.0,0.9913503197675655,0.9919958401392238,0.9930217961072869,0.9902629813024452
1,8,2.1344014457555915,0.4535238556551223,4129,2.208239934661172,0.36627906976744184,688,2.2091171132109038,0.3809,0.9945370294222431,0.08337748422684595,,,0.917908103133935,,0.9179255951517963,0.08207440484820372,0.9699055207772069,0.09933839165726081,5,0.001,0.1,0.9629055276331759,0.9765829710384893,0.9843617376378854,0.9886081696084075,0.9928477609532895,0.989782881416351,0.991756126655891,0.9913503197675655,1.0,0.9863332938936761,0.9945858841115187,0.9959067169864284
1,9,2.1357120012480113,0.4070982254436391,4001,2.2076772508167086,0.3823088455772114,667,2.209117813232227,0.3806,0.9917635993351809,0.08298738394203976,,,0.8872869729964196,,0.8873053614405428,0.11269463855945716,0.9698874767796314,0.0993378530960912,5,0.001,0.1,0.9567420120189257,0.9746938965630503,0.9827007559526311,0.9863347635244539,0.9880580794332132,0.9912169035781605,0.9897275878871682,0.9919958401392238,0.9863332938936761,1.0,0.9892251462063208,0.9848739534628173
1,10,2.142092984035367,0.4171766520956544,3889,2.206582614353725,0.3904320987654321,648,2.2091169273510527,0.3809,0.9940279101221527,0.0833049639189671,,,0.9122155828470709,,0.9122374614589073,0.08776253854109273,0.9699048213022841,0.09933834540884605,5,0.001,0.1,0.9584067311511464,0.973935633999296,0.9827381318875461,0.9872687212515914,0.9906919795972207,0.9901062686377123,0.9946382538730747,0.9930217961072869,0.9945858841115187,0.9892251462063208,1.0,0.9942780447391185
1,11,2.153551645439212,0.4213136375626484,3791,2.209872531890869,0.37341772151898733,632,2.209118303018637,0.3806,0.9913899027442294,0.08287126472907196,,,0.8781721333763466,,0.8781956486018886,0.12180435139811141,0.9698853484582615,0.09933770725819742,5,0.001,0.1,0.9542903810061897,0.9702806102588581,0.9793456245194866,0.9835518737874249,0.9887359287638565,0.9861161734611409,0.9898579640620376,0.9902629813024452,0.9959067169864284,0.9848739534628173,0.9942780447391185,1.0
2,0,1.6547154623710691,0.5417579741904066,8214,2.143969225329022,0.4368151935719503,1369,2.142379660956776,0.4498,0.9857209629937249,0.08210301795224705,,,0.8,,0.800016431312282,0.19998356868771805,0.9837520841836701,0.09960727013520287,5,0.001,0.1,1.0,0.9952074222876921,0.9912718589000523,0.9876538880970457,0.9827191672143365,0.9815191718385894,0.9783777992626599,0.9769479519414607,0.9746629871992243,0.9733092631683783,0.9719159926573593,0.969359816125602
2,1,1.7731068201435423,0.5146942500760572,6574,2.144464261191232,0.4352189781021898,1096,2.142356399530039,0.4495,0.9949275589852864,0.0832700674749802,,,0.9120173773315747,,0.9120393191637428,0.08796068083625719,0.983810203180082,0.09961205556842766,5,0.001,0.1,0.9952074222876921,1.0,0.9971542278946564,0.9960603838694784,0.9929569631594992,0.991308587799334,0.9901100098791514,0.9885153087024412,0.9868314245404702,0.9860185702969637,0.9852958198219582,0.9833265116911499
2,2,1.8388535070155865,0.503164447518589,5783,2.1422597977422897,0.45954356846473027,964,2.142355909743629,0.4495,0.9974635361362039,0.08358411983669578,,,0.9421611897567571,,0.942181111723258,0.057818888276741975,0.9838121520835366,0.09961223721742028,5,0.001,0.1,0.9912718589000523,0.9971542278946564,1.0,0.9971398974900443,0.9958745674781618,0.9947804410701047,0.9938372678501757,0.9929086721864563,0.9908449747740813,0.9910361152309475,0.9901402205693765,0.9880118057139379
2,3,1.8834163957331553,0.5043313788537923,5287,2.140807100704738,0.46538024971623154,881,2.1423558213840277,0.4495,0.9983363686169741,0.08374166751179116,,,0.9572831507576411,,0.9573027517615333,0.042697248238466656,0.9838126085945916,0.09961225255727324,5,0.001,0.1,0.9876538880970457,0.9960603838694784,0.9971398974900443,1.0,0.9968175336126495,0.9960439732168765,0.9956272316382813,0.994322944389312,0.9933105483212311,0.9931522352064966,0.9929029960930803,0.9903302442218275
2,4,1.9190332015868157,0.5099898682877406,4935,2.136558670264024,0.4708029197080292,822,2.142355818337145,0.4495,0.9985902788787195,0.08376997291917657,,,0.9599999999040165,,0.9600139182880506,0.039986081711949395,0.9838126264640463,0.0996122541249903,5,0.001,0.1,0.9827191672143365,0.9929569631594992,0.9958745674781618,0.9968175336126495,1.0,0.9975857928727977,0.9956379550400783,0.9949341548139067,0.9958657663204273,0.9949334560366082,0.9949738770802562,0.9940336536360852
2,5,1.9385353916311918,0.4884079708592243,4667,2.142477855682373,0.44601542416452444,778,2.1423558838451253,0.4495,0.9984639323767858,0.0836444075088773,,,0.9479478053130399,,0.9479707329331826,0.05202926706681743,0.983811544071588,0.09961224593218247,5,0.001,0.1,0.9815191718385894,0.991308587799334,0.9947804410701047,0.9960439732168765,0.9975857928727977,1.0,0.996399782883556,0.9962425096492262,0.9958466479782877,0.9958974639662632,0.9955023631280111,0.9936872965529107
2,6,1.9511372678620476,0.4809791152032338,4453,2.1428873240947723,0.47035040431266845,742,2.142355894509215,0.4495,0.9978478860255364,0.08364180479535352,,,0.9476979880283397,,0.9477194305100473,0.052280569489952744,0.9838115104391836,0.09961224574407183,5,0.001,0.1,0.9783777992626599,0.9901100098791514,0.9938372678501757,0.9956272316382813,0.9956379550400783,0.996399782883556,1.0,0.9968754206308088,0.9944964933510473,0.995590973360932,0.9969428333501983,0.9935164515050251
2,7,1.9735635761004775,0.5013327098433481,4277,2.141817631928817,0.45582047685834504,713,2.1423559973415096,0.4495,0.9974053594475969,0.08339592078905365,,,0.924097205904727,,0.9241211664298624,0.07587883357013758,0.9838121060754255,0.09961213057555175,5,0.001,0.1,0.9769479519414607,0.9885153087024412,0.9929086721864563,0.994322944389312,0.9949341548139067,0.9962425096492262,0.9968754206308088,1.0,0.9942617607286672,0.9967313512444366,0.9961657259755345,0.9942315389466809
2,8,1.9884828840769255,0.5060789537418261,4129,2.1428821086883545,0.438953488372093,688,2.1423560628494895,0.4496,0.996588002591516,0.08337613017230254,,,0.922197635285785,,0.9222170673007221,0.07778293269927794,0.9838123623984752,0.09961210888017809,5,0.001,0.1,0.9746629871992243,0.9868314245404702,0.9908449747740813,0.9933105483212311,0.9958657663204273,0.9958466479782877,0.9944964933510473,0.9942617607286672,1.0,0.9936340854253924,0.9961795741836015,0.9964125618711565
2,9,1.9931077419765413,0.484928767808048,4001,2.140686182748704,0.44227886056971516,667,2.14235777138902,0.4497,0.9963944124709967,0.08313042087130885,,,0.8986136219708845,,0.8986333014372565,0.1013666985627435,0.9838097362962086,0.09961189681152328,5,0.001,0.1,0.9733092631683783,0.9860185702969637,0.9910361152309475,0.9931522352064966,0.9949334560366082,0.9958974639662632,0.995590973360932,0.9967313512444366,0.9936340854253924,1.0,0.9962570229774752,0.9934617366429291
2,10,2.002159653726171,0.4758035484700437,3889,2.1410383383433023,0.4506172839506173,648,2.1423560179079684,0.4495,0.9965773794562095,0.08333127187599551,,,0.9178919836351952,,0.917911096935077,0.082088903064923,0.9838117920510406,0.09961210020505519,5,0.001,0.1,0.9719159926573593,0.9852958198219582,0.9901402205693765,0.9929029960930803,0.9949738770802562,0.9955023631280111,0.9969428333501983,0.9961657259755345,0.9961795741836015,0.9962570229774752,1.0,0.9959065050661531
2,11,2.0223448226431837,0.4824584542337114,3791,2.144732987880707,0.42563291139240506,632,2.1423577013107153,0.4497,0.9949103540786554,0.08301119829221783,,,0.8871702338640913,,0.887189375706788,0.11281062429321198,0.9838106149817527,0.09961170724890568,5,0.001,0.1,0.969359816125602,0.9833265116911499,0.9880118057139379,0.9903302442218275,0.9940336536360852,0.9936872965529107,0.9935164515050251,0.9942315389466809,0.9964125618711565,0.9934617366429291,0.9959065050661531,1.0
3,0,1.495430401466236,0.5776235695154615,8214,2.061883427375971,0.4747991234477721,1369,2.06032762055199,0.49,0.9871248018851161,0.08226730555472907,,,0.8,,0.800016431312282,0.19998356868771805,0.9929216803561313,0.09967181036403595,5,0.001,0.1,1.0,0.9954466225058537,0.9922290971280093,0.9888761875995962,0.9843436742218854,0.9828316634800786,0.980669253520802,0.9801066426922426,0.9775406296309439,0.9764206574636213,0.9753092634988982,0.9736132535638101
3,1,1.598911391994328,0.5504411317310618,6574,2.062709563119071,0.4854014598540146,1096,2.0602872234563856,0.4893,0.995527809564227,0.08325489960671156,,,0.9127321381332403,,0.9127497317829907,0.08725026821700932,0.9929776247418878,0.09967679971538067,5,0.001,0.1,0.9954466225058537,1.0,0.9971883675141601,0.9962990852187462,0.993652493072258,0.991988813372938,0.9911621489782291,0.9903936611847207,0.9890937000137113,0.9883250064048918,0.9875604423479633,0.9866159564251576
3,2,1.6587517802227927,0.5434895383019194,5783,2.060388122835467,0.49066390041493774,964,2.0602867668048264,0.4892,0.9977531034952016,0.08351949944620006,,,0.9429357482049816,,0.9429543499482896,0.05704565005171036,0.9929790082939322,0.09967688995285026,5,0.001,0.1,0.9922290971280093,0.9971883675141601,1.0,0.9973561732397306,0.9961125287131544,0.9951103627000334,0.9945246894448119,0.9941589955205447,0.992761781090067,0.9922172053841367,0.9916356661216899,0.990970116880914
3,3,1.7036349253482128,0.5412899564970682,5287,2.058159806898662,0.5062429057888763,881,2.0602866803495266,0.4892,0.9988062013781418,0.08365019603878399,,,0.9578545362425752,,0.9578730149524942,0.04212698504750578,0.9929788272217048,0.09967690805366658,5,0.001,0.1,0.9888761875995962,0.9962990852187462,0.9973561732397306,1.0,0.997793659793967,0.9967444314107469,0.9965885377274016,0.9957460796590891,0.9949429213129679,0.994708114259697,0.9944717345541922,0.9932693954275771
3,4,1.7393826666185932,0.5431003039513678,4935,2.052578330039978,0.5072992700729927,822,2.0602867207207236,0.4892,0.9988503243659532,0.08366899145212335,,,0.9599999998858517,,0.9600139182880506,0.039986081711949395,0.9929785243045091,0.09967691320163316,5,0.001,0.1,0.9843436742218854,0.993652493072258,0.9961125287131544,0.997793659793967,1.0,0.9976652880528476,0.9970239333893846,0.9961694139384416,0.99680408432865,0.9959074075873751,0.9962111354518169,0.9955801067898272
3,5,1.7611217142784432,0.5244053996143133,4667,2.0610949850082396,0.48586118251928023,778,2.060286737478579,0.4892,0.9985798694068975,0.08358319986000466,,,0.9502070393126485,,0.9502276220024937,0.049772377997506334,0.9929783930592426,0.09967690003137533,5,0.001,0.1,0.9828316634800786,0.991988813372938,0.9951103627000334,0.9967444314107469,0.9976652880528476,1.0,0.9974058146772617,0.9972137278774654,0.9961898192250189,0.9966321545352501,0.9965835128695711,0.9956514194783159
3,6,1.7734614746911186,0.5187514035481697,4453,2.0616255750258765,0.49865229110512127,742,2.060286729480512,0.4892,0.9983765013090917,0.08357503412736603,,,0.9492749351774222,,0.9492997361324557,0.05070026386754434,0.9929784037406655,0.09967689975064908,5,0.001,0.1,0.980669253520802,0.9911621489782291,0.9945246894448119,0.9965885377274016,0.9970239333893846,0.9974058146772617,1.0,0.9978570688179905,0.9961903093609271,0.9967229448292411,0.9973804595781149,0.9960339652456189
3,7,1.7986512575576554,0.5355623100303951,4277,2.0584682329841284,0.5021037868162693,713,2.0602872550677946,0.4892,0.9980311665607867,0.08341298759138606,,,0.9307776057925035,,0.9308000115985734,0.0691999884014266,0.992976436159267,0.09967687155133353,5,0.001,0.1,0.9801066426922426,0.9903936611847207,0.9941589955205447,0.9957460796590891,0.9961694139384416,0.9972137278774654,0.9978570688179905,1.0,0.995902821881043,0.9971358201588293,0.9967516390158405,0.9960014948450184
3,8,1.8155271584254045,0.5189634294017922,4129,2.0621995384042915,0.4738372093023256,688,2.0602871012002133,0.4892,0.9973304851223148,0.08337821153682035,,,0.9268079798321595,,0.9268275002174733,0.07317249978252671,0.9929767145957291,0.09967685430952257,5,0.001,0.1,0.9775406296309439,0.9890937000137113,0.992761781090067,0.9949429213129679,0.99680408432865,0.9961898192250189,0.9961903093609271,0.995902821881043,1.0,0.9952280225825155,0.9972013555674397,0.99717772779633
3,9,1.8273348231164237,0.520769807548113,4001,2.0585711002349854,0.4917541229385307,667,2.0602889628456045,0.49,0.9970995139395482,0.08321996600136108,,,0.9087445280256694,,0.9087675549240777,0.09123244507592232,0.992978741024205,0.09967677252840906,5,0.001,0.1,0.9764206574636213,0.9883250064048918,0.9922172053841367,0.994708114259697,0.9959074075873751,0.9966321545352501,0.9967229448292411,0.9971358201588293,0.9952280225825155,1.0,0.9972783145533443,0.9956889637924953
3,10,1.8350708650760963,0.5092311648238622,3889,2.060449543453398,0.4845679012345679,648,2.0602869328599387,0.4893,0.9971939626401876,0.08334627366265847,,,0.9231623272135847,,0.9231787823431051,0.07682121765689487,0.9929773074631429,0.09967683321535362,5,0.001,0.1,0.9753092634988982,0.9875604423479633,0.9916356661216899,0.9944717345541922,0.9962111354518169,0.9965835128695711,0.9973804595781149,0.9967516390158405,0.9972013555674397,0.9972783145533443,1.0,0.9969906333275359
3,11,1.8608377590900709,0.5156423107359536,3791,2.064421808719635,0.4778481012658228,632,2.0602886966242195,0.49,0.9963760455760846,0.08312343512185527,,,0.8977256965323774,,0.8977440774784702,0.10225592252152982,0.9929760666143312,0.09967670795141052,5,0.001,0.1,0.9736132535638101,0.9866159564251576,0.990970116880914,0.9932693954275771,0.9955801067898272,0.9956514194783159,0.9960339652456189,0.9960014948450184,0.99717772779633,0.9956889637924953,0.9969906333275359,1.0
4,0,1.3733313801687514,0.6026053080107134,8214,1.9648170609806859,0.508400292184076,1369,1.9633005347114783,0.5163,0.9877434173937294,0.08238575187155703,,,0.8,,0.800016431312282,0.19998356868771805,0.9969744278487519,0.09967813118640671,5,0.001,0.1,1.0,0.9954473970065468,0.9925258731030424,0.9893184900634913,0.9847990624513553,0.9834917987594124,0.9810586768147006,0.981069521381227,0.9789720748736092,0.977667504207878,0.9766935958647283,0.9745799167891975
4,1,1.4608252413643217,0.5819592333434743,6574,1.96623672076634,0.5054744525547445,1096,1.963254029758441,0.5159,0.9955928479672552,0.08324531437327247,,,0.9127866029361463,,0.912807724649868,0.08719227535013196,0.9969803920623586,0.09968370283658069,5,0.001,0.1,0.9954473970065468,1.0,0.9970262876953334,0.996257382059599,0.9937649957371189,0.992115218599975,0.9909264827406483,0.9905167615311607,0.9894862479535403,0.9890098750173782,0.9878276357517831,0.9869904353780717
4,2,1.511733163259306,0.5692892962130383,5783,1.9633806520892727,0.5259336099585062,964,1.963254003479077,0.5159,0.9976689434948272,0.08347474101204029,,,0.9428905815974296,,0.9429060225592252,0.057093977440774824,0.9969810780226702,0.09968391382579353,5,0.001,0.1,0.9925258731030424,0.9970262876953334,1.0,0.997198931167858,0.9961918204628701,0.9949685821888528,0.9942172512956768,0.9940769796605029,0.9927729802155121,0.9923225135311039,0.9917355808234143,0.9910971423740566
4,3,1.5532715334231595,0.5723094382447512,5287,1.9603035237107957,0.5346197502837684,881,1.9632543443490902,0.5159,0.9987328484560554,0.08358930556750706,,,0.9579230510248407,,0.9579406732971845,0.042059326702815536,0.9969807174456903,0.09968396718070298,5,0.001,0.1,0.9893184900634913,0.996257382059599,0.997198931167858,1.0,0.9976262727022973,0.9965911475096352,0.9962781238683045,0.995684750740551,0.9949487022952698,0.994886787414261,0.9946168710853465,0.9933963574861466
4,4,1.5876093530654907,0.5762917933130699,4935,1.9534152792050288,0.5340632603406326,822,1.963254254846908,0.5159,0.9988658233300751,0.08360513428561507,,,0.959999999868786,,0.9600139182880506,0.039986081711949395,0.9969809544493712,0.09968397875388718,5,0.001,0.1,0.9847990624513553,0.9937649957371189,0.9961918204628701,0.9976262727022973,1.0,0.9976149224432506,0.9971179886790819,0.9964207516861218,0.9966992787444843,0.9958011705815223,0.996620165113926,0.995679129504533
4,5,1.605589400415551,0.5587743732590529,4667,1.9650147008895873,0.512853470437018,778,1.9632543432065093,0.5159,0.9986215903389905,0.08354459952595511,,,0.9520569941094872,,0.9520785610036632,0.04792143899633683,0.9969809268585366,0.09968396576343401,5,0.001,0.1,0.9834917987594124,0.992115218599975,0.9949685821888528,0.9965911475096352,0.9976149224432506,1.0,0.9975657500859302,0.9973388795023619,0.9968211781230146,0.9963775100951826,0.9965981180813759,0.9959209202495196
4,6,1.6179301341942378,0.5519874242083989,4453,1.9653297315041225,0.5215633423180593,742,1.9632542019073194,0.5159,0.998357663546042,0.08353106433428123,,,0.950280987959917,,0.9503001130860904,0.049699886913909586,0.9969810831109592,0.09968395000112133,5,0.001,0.1,0.9810586768147006,0.9909264827406483,0.9942172512956768,0.9962781238683045,0.9971179886790819,0.9975657500859302,1.0,0.9979290900172891,0.9965573674518474,0.9968477791334767,0.9974909889553242,0.9962311378968333
4,7,1.6398253826952691,0.5607201309328969,4277,1.9599206758582073,0.5231416549789621,713,1.963254889360251,0.5159,0.99807146241281,0.08342237973782123,,,0.936020051260438,,0.9360338678342564,0.06396613216574365,0.996980544164052,0.09968385500487942,5,0.001,0.1,0.981069521381227,0.9905167615311607,0.9940769796605029,0.995684750740551,0.9964207516861218,0.9973388795023619,0.9979290900172891,1.0,0.9961010803728199,0.996954887293957,0.9966766962159792,0.9960375456884403
4,8,1.6643761425751906,0.5547590215548559,4129,1.9669023968956687,0.49709302325581395,688,1.9632546783636173,0.5159,0.9974500519443772,0.0833809690333194,,,0.930586388581305,,0.9306115347812219,0.06938846521877806,0.9969799973820503,0.09968385146333177,5,0.001,0.1,0.9789720748736092,0.9894862479535403,0.9927729802155121,0.9949487022952698,0.9966992787444843,0.9968211781230146,0.9965573674518474,0.9961010803728199,1.0,0.9951681230081365,0.9970632158475391,0.9967666256922008
4,9,1.6691785681815374,0.5448137965508623,4001,1.9614584559486026,0.5187406296851574,667,1.9632561183966006,0.516,0.9971455054466775,0.08327402443298479,,,0.9165537636703385,,0.9165772609968974,0.0834227390031026,0.9969795862221084,0.09968370882314281,5,0.001,0.1,0.977667504207878,0.9890098750173782,0.9923225135311039,0.994886787414261,0.9958011705815223,0.9963775100951826,0.9968477791334767,0.996954887293957,0.9951681230081365,1.0,0.9969981782148711,0.9956733623864308
4,10,1.6787951739107976,0.543070197994343,3889,1.9649506693794614,0.5138888888888888,648,1.9632547248285799,0.5159,0.997257634273019,0.08335515548830622,,,0.9271992910218301,,0.9272141193299891,0.0727858806700109,0.996979230940656,0.09968381406785162,5,0.001,0.1,0.9766935958647283,0.9878276357517831,0.9917355808234143,0.9946168710853465,0.996620165113926,0.9965981180813759,0.9974909889553242,0.9966766962159792,0.9970632158475391,0.9969981782148711,1.0,0.9967081816735984
4,11,1.7054777690342495,0.5455025059351095,3791,1.9693777084350585,0.49683544303797467,632,1.96325637890508,0.516,0.9964263442596051,0.0831915603373399,,,0.9057333228141747,,0.9057519258464543,0.09424807415354575,0.996977210254121,0.09968362656053832,5,0.001,0.1,0.9745799167891975,0.9869904353780717,0.9910971423740566,0.9933963574861466,0.995679129504533,0.9959209202495196,0.9962311378968333,0.9960375456884403,0.9967666256922008,0.9956733623864308,0.9967081816735984,1.0
5,0,1.2753500074264141,0.6241295349403457,8214,1.8552229653957277,0.5595325054784515,1369,1.8536063946854955,0.5616,0.9884125040315418,0.08247958751712092,,,0.8,,0.800016431312282,0.19998356868771805,0.9975471651170175,0.09967729043351162,5,0.001,0.1,1.0,0.9953003534801128,0.9928744509741607,0.9900386550378093,0.9856490785062875,0.9843962747616077,0.9812964638598173,0.9816362447985685,0.9799358398945289,0.9794982972303717,0.9775670553842752,0.9755707615066931
5,1,1.3481375193132938,0.606814724672954,6574,1.8574973140444075,0.5474452554744526,1096,1.853548881344902,0.5613,0.9955433475796986,0.08323736964432561,,,0.9121015812681293,,0.9121214757251525,0.08787852427484755,0.997567322210263,0.09968440784170861,5,0.001,0.1,0.9953003534801128,1.0,0.9968510017546036,0.9960277667345603,0.9938561524520668,0.9920767838892967,0.9904092228899192,0.9900114175940014,0.9899142295243525,0.9896853004853073,0.9878244526391077,0.9869753906335428
5,2,1.3903668356863834,0.5996195746152516,5783,1.8532020930320985,0.5726141078838174,964,1.8535487503289414,0.5613,0.9975472321135292,0.08344287861473544,,,0.9425033019219395,,0.9425290689245223,0.05747093107547774,0.997571562465879,0.09968487848690757,5,0.001,0.1,0.9928744509741607,0.9968510017546036,1.0,0.9971250081633668,0.9958005872871346,0.9947757472309045,0.9939265967886991,0.9938069769249291,0.9926731326791318,0.9925001826836395,0.9916557715885193,0.990854346868927
5,3,1.4280974418283945,0.597881596368451,5287,1.8494466883795602,0.5675368898978433,881,1.8535501534184708,0.5613,0.9986706930542163,0.08354946656516551,,,0.9582712612843707,,0.9582837977595422,0.0417162022404578,0.9975713697632608,0.09968503429908257,5,0.001,0.1,0.9900386550378093,0.9960277667345603,0.9971250081633668,1.0,0.9975228067962331,0.9965914351131883,0.9957711623937135,0.9950772909026147,0.9952528693046595,0.9951098098043383,0.9944857350773975,0.9932310206153389
5,4,1.4565411639982655,0.6007700101317123,4935,1.8414495083001943,0.5705596107055961,822,1.8535504878138582,0.5613,0.9987317673052646,0.08356115245910554,,,0.9599999998520662,,0.9600139182880506,0.039986081711949395,0.9975707182890698,0.09968508902300736,5,0.001,0.1,0.9856490785062875,0.9938561524520668,0.9958005872871346,0.9975228067962331,1.0,0.9973085312880067,0.9968731975094682,0.9959110733509977,0.9963356167317106,0.9961586964739574,0.9962407927857522,0.9952549673418442
5,5,1.473271666732553,0.5868009427898008,4667,1.8564150142669678,0.5539845758354756,778,1.8535501214262016,0.5613,0.998695489434764,0.08352283341591546,,,0.9543313186044151,,0.9543547810286002,0.04564521897139984,0.9975713871475177,0.0996850334519958,5,0.001,0.1,0.9843962747616077,0.9920767838892967,0.9947757472309045,0.9965914351131883,0.9973085312880067,1.0,0.9975455495034112,0.9973631272599779,0.9968301373159645,0.996632895181195,0.9968385263804292,0.9961071587173235
5,6,1.483987969670977,0.5850887042443297,4453,1.8562409033377965,0.5633423180592992,742,1.853549246970838,0.5613,0.9981214069607862,0.08349598604652507,,,0.9503596855274328,,0.9503774369085936,0.049622563091406446,0.9975715263396064,0.09968496173100785,5,0.001,0.1,0.9812964638598173,0.9904092228899192,0.9939265967886991,0.9957711623937135,0.9968731975094682,0.9975455495034112,1.0,0.9975379604798579,0.9960480418197492,0.9967210415762532,0.9972296614753855,0.9962091277459753
5,7,1.5013286073706043,0.589010989010989,4277,1.848597474720167,0.5708274894810659,713,1.8535499637500166,0.5613,0.9978204211656239,0.08341957027964794,,,0.9390552115985711,,0.939083326084225,0.060916673915775044,0.9975711658333251,0.09968487699810677,5,0.001,0.1,0.9816362447985685,0.9900114175940014,0.9938069769249291,0.9950772909026147,0.9959110733509977,0.9973631272599779,0.9975379604798579,1.0,0.9958982824792921,0.9966825383780236,0.996196265555595,0.9958587099132712
5,8,1.5262518027195564,0.5755388713974328,4129,1.8591906807639382,0.5479651162790697,688,1.8535491361404761,0.5613,0.9974946857556021,0.08338363800907607,,,0.9337396146676696,,0.9337576478093195,0.06624235219068053,0.997572769584563,0.09968470649033266,5,0.001,0.1,0.9799358398945289,0.9899142295243525,0.9926731326791318,0.9952528693046595,0.9963356167317106,0.9968301373159645,0.9960480418197492,0.9958982824792921,1.0,0.9955932929544173,0.9968595766052221,0.9967303692670731
5,9,1.5341582537643492,0.57535616095976,4001,1.8515504598617554,0.56071964017991,667,1.8535510792899816,0.5616,0.9974348081982297,0.08331607720051286,,,0.9237450882730882,,0.9237683764896918,0.07623162351030821,0.9975694628674667,0.09968461498037746,5,0.001,0.1,0.9794982972303717,0.9896853004853073,0.9925001826836395,0.9951098098043383,0.9961586964739574,0.996632895181195,0.9967210415762532,0.9966825383780236,0.9955932929544173,1.0,0.9970208710776169,0.9957502971018789
5,10,1.5397278767140186,0.5748007199794292,3889,1.8570733694803148,0.5725308641975309,648,1.8535489316184681,0.5613,0.9972088930030072,0.08335856703715315,,,0.9300307707987129,,0.9300461043291676,0.06995389567083243,0.9975725620286426,0.09968462057523628,5,0.001,0.1,0.9775670553842752,0.9878244526391077,0.9916557715885193,0.9944857350773975,0.9962407927857522,0.9968385263804292,0.9972296614753855,0.996196265555595,0.9968595766052221,0.9970208710776169,1.0,0.9967080183433858
5,11,1.5670615404593844,0.5769453969928778,3791,1.861584722995758,0.5522151898734177,632,1.8535523734534511,0.5615,0.996425455205223,0.08323287321071642,,,0.9114364068076053,,0.9114545577560627,0.08854544224393734,0.9975678859679069,0.09968440672244476,5,0.001,0.1,0.9755707615066931,0.9869753906335428,0.990854346868927,0.9932310206153389,0.9952549673418442,0.9961071587173235,0.9962091277459753,0.9958587099132712,0.9967303692670731,0.9957502971018789,0.9967080183433858,1.0
6,0,1.193515185205853,0.6403700998295593,8214,1.7359861773113872,0.6040905770635501,1369,1.7343177041306663,0.6004,0.9888266795220567,0.08255610599535584,,,0.96,,0.9600139182880506,0.039986081711949395,0.9977759408938072,0.09966750373534325,5,0.001,0.1,1.0,0.9951608814323177,0.9927200373934475,0.9899632363090369,0.9858696472506273,0.9846176706959547,0.9812461435609302,0.981674490062692,0.9812238033524208,0.9794116673411769,0.9783332483699647,0.9764116238071473
6,1,1.2542186721436028,0.6234864618192881,6574,1.739592238834926,0.5875912408759124,1096,1.7342531955280243,0.5998,0.9953813716580318,0.08323286755191912,,,0.96,,0.9600139182880506,0.039986081711949395,0.9978607376361406,0.09966750373534325,5,0.001,0.1,0.9951608814323177,1.0,0.9962899170252233,0.9955424584659928,0.9938183535236541,0.9916795035614764,0.9897110315866594,0.9894428393036439,0.9900466926547304,0.9884887379386187,0.9877767058614235,0.9869511315000776
6,2,1.2880034967022047,0.620612139028186,5783,1.7331885599320935,0.6037344398340249,964,1.7342519923901787,0.5998,0.9973847075512642,0.08342369449535135,,,0.96,,0.9600139182880506,0.039986081711949395,0.9978684170063828,0.09966750373534325,5,0.001,0.1,0.9927200373934475,0.9962899170252233,1.0,0.996744315846433,0.9953746220115786,0.9943752100487158,0.9930691128410027,0.9931994967320855,0.9929187238065174,0.9918281867654861,0.9913340105449795,0.9909593765921454
6,3,1.3214607808963361,0.6214110081331568,5287,1.7287042396409171,0.6095346197502838,881,1.7342529875782733,0.5998,0.9983320446613859,0.08351970567345461,,,0.96,,0.9600139182880506,0.039986081711949395,0.9978724704874204,0.09966750373534325,5,0.001,0.1,0.9899632363090369,0.9955424584659928,0.996744315846433,1.0,0.9972756260196634,0.9960472730896527,0.9949798842845751,0.9942481650214382,0.9949161125131539,0.9934177126801611,0.9940573121436609,0.9929047438793714
6,4,1.346730737224702,0.6232218844984803,4935,1.7196763020295363,0.6180048661800487,822,1.7342530603226,0.5998,0.9986002576420754,0.08353554044800754,,,0.96,,0.9600139182880506,0.039986081711949395,0.9978741702637411,0.09966750373534325,5,0.001,0.1,0.9858696472506273,0.9938183535236541,0.9953746220115786,0.9972756260196634,1.0,0.997004502702714,0.9962828085853427,0.9952269621216532,0.9963423534486784,0.9949016146103309,0.9959454594752509,0.9952161738427883
6,5,1.3596495594880351,0.6148275123205486,4667,1.7382854509353638,0.589974293059126,778,1.7342528896971632,0.5998,0.998548346314191,0.08351034753460371,,,0.96,,0.9600139182880506,0.039986081711949395,0.9978724596544111,0.09966750373534325,5,0.001,0.1,0.9846176706959547,0.9916795035614764,0.9943752100487158,0.9960472730896527,0.997004502702714,1.0,0.9972591366138996,0.9967218862953703,0.9966755521951886,0.995623286093625,0.9965295744904776,0.996091624228788
6,6,1.3684228903906686,0.6118571749382439,4453,1.7372360328833263,0.6078167115902965,742,1.7342523721079477,0.5998,0.9977595523371381,0.08346839362373927,,,0.96,,0.9600139182880506,0.039986081711949395,0.9978700598014463,0.09966750373534325,5,0.001,0.1,0.9812461435609302,0.9897110315866594,0.9930691128410027,0.9949798842845751,0.9962828085853427,0.9972591366138996,1.0,0.9967616809801916,0.9957749828972938,0.9952051159196423,0.9966953567365295,0.9961768950014621
6,7,1.3817733506658183,0.613841477671265,4277,1.7277999027915623,0.6016830294530154,713,1.7342533577745334,0.5998,0.99748197304436,0.08341253194269997,,,0.96,,0.9600139182880506,0.039986081711949395,0.9978684260130042,0.09966750373534325,5,0.001,0.1,0.981674490062692,0.9894428393036439,0.9931994967320855,0.9942481650214382,0.9952269621216532,0.9967218862953703,0.9967616809801916,1.0,0.9952878378612917,0.9962622041552426,0.995579205417025,0.9954503575879009
6,8,1.4044378992227409,0.6056672317752483,4129,1.7421587163751775,0.5799418604651163,688,1.7342526078605043,0.5998,0.9975310465131102,0.08339206555944098,,,0.96,,0.9600139182880506,0.039986081711949395,0.997865406378916,0.09966750373534325,5,0.001,0.1,0.9812238033524208,0.9900466926547304,0.9929187238065174,0.9949161125131539,0.9963423534486784,0.9966755521951886,0.9957749828972938,0.9952878378612917,1.0,0.9945107283261879,0.9966443926944667,0.9960966939258157
6,9,1.4151543559536102,0.6009497625593602,4001,1.732129142397926,0.6086956521739131,667,1.7342560226544024,0.6,0.9966698375355489,0.08332278704428772,,,0.96,,0.9600139182880506,0.039986081711949395,0.9978628313405156,0.09966750373534325,5,0.001,0.1,0.9794116673411769,0.9884887379386187,0.9918281867654861,0.9934177126801611,0.9949016146103309,0.995623286093625,0.9952051159196423,0.9962622041552426,0.9945107283261879,1.0,0.9956531045180536,0.9948299696972805
