round,client_id,client_i_training_loss,client_i_training_accuracy,client_i_training_dataset_size,client_i_evaluation_loss,client_i_evaluation_accuracy,client_i_evaluation_dataset_size,client_i_central_evaluation_loss,client_i_central_evaluation_accuracy,client_i_cosine_similarity,client_i_importance_coefficient,client_i_tanh_val,tanh_normalization_value,client_i_q,client_i_mask_order,client_i_v_nonzero_fraction,client_i_v_sparsity,client_i_v_cosine_similarity,client_i_reward_gradient_norm,local_epochs,learning_rate,gamma,client_0_cosine_similarity,client_1_cosine_similarity,client_2_cosine_similarity,client_3_cosine_similarity,client_4_cosine_similarity,client_5_cosine_similarity,client_6_cosine_similarity,client_7_cosine_similarity,client_8_cosine_similarity,client_9_cosine_similarity,client_10_cosine_similarity,client_11_cosine_similarity
0,0,2.2519188872090092,0.1741709276844412,6845,2.2968083078211006,0.10299488677867057,1369,2.2986335844933232,0.1074,0.889765093322559,0.0801021543649416,,,0.764702129228878,,0.7647505405093166,0.23524945949068343,0,0.1389693013221629,10,0.025,0.15,1.0,0.9188430158968138,0.8906630197186699,0.861489125137547,0.8119361951541973,0.7808685202396503,0.734484635088784,0.7347792107229312,0.7351784747278381,0.7826028212081753,0.6857871025574469,0.7001614124045301
0,1,2.2870608906413232,0.12882438846294267,5478,2.300908406575521,0.09854014598540146,1096,2.298618093321595,0.1072,0.9586475204434075,0.08630337629607189,,,0.9224699471966114,,0.9225049924906339,0.07749500750936611,0,0.1391152356814368,10,0.025,0.15,0.9188430158968138,1.0,0.9532232875867471,0.9239595399243535,0.9108475413797917,0.8764733965517337,0.8430560390097678,0.8224349398787724,0.8137400567279308,0.8393739052705026,0.8160131223219173,0.8118675201540644
0,2,2.2916388210497405,0.14811203319502075,4820,2.299054831266403,0.10684647302904564,964,2.2986181174652485,0.1072,0.9750333788435487,0.08777853256913819,,,0.9599999999745585,,0.9600270667260814,0.0399729332739186,0,0.139116640087787,10,0.025,0.15,0.8906630197186699,0.9532232875867471,1.0,0.9401967569412744,0.92666570167021,0.8936598692355341,0.8803553211908727,0.8674842836021176,0.8557205244993096,0.8693821042416862,0.8516885503845171,0.8501699553301991
0,3,2.292803841318403,0.1226963231956423,4406,2.297715527670724,0.12372304199772985,881,2.2986180571061148,0.1072,0.9655181231898354,0.08692191043042352,,,0.9382063265423237,,0.9382581571520523,0.0617418428479477,0,0.13911611457213993,10,0.025,0.15,0.861489125137547,0.9239595399243535,0.9401967569412744,1.0,0.901228439554344,0.9047104464800406,0.8857457699104526,0.8958927215506429,0.8152607254534576,0.8820317578213738,0.8411249272383227,0.8549727869012811
0,4,2.2952610716675266,0.13723249027237355,4112,2.3002571719033376,0.10462287104622871,822,2.298618180842339,0.1072,0.9535303980969232,0.08584270130760752,,,0.9107497268062588,,0.9107953326401611,0.0892046673598389,0,0.13911438685972277,10,0.025,0.15,0.8119361951541973,0.9108475413797917,0.92666570167021,0.901228439554344,1.0,0.8775603996753012,0.8800069872191495,0.8597943088462254,0.868406599609269,0.8703969126999951,0.862292227453055,0.8525125261987277
0,5,2.2965076869533907,0.12939058884031884,3889,2.297978639602661,0.11053984575835475,778,2.298624415940876,0.1072,0.937203019651412,0.08437280976158905,,,0.8733536160977546,,0.8733805350629631,0.1266194649370369,0,0.13907095405847317,10,0.025,0.15,0.7808685202396503,0.8764733965517337,0.8936598692355341,0.9047104464800406,0.8775603996753012,1.0,0.9057844175283232,0.8695969212523942,0.7713666328676205,0.8780819249984081,0.831162393846976,0.8820979525177404
0,6,2.2976524681880557,0.1286176232821342,3711,2.2973175843556723,0.09299191374663072,742,2.2986249742628653,0.1072,0.9257070629500845,0.083337872669571,,,0.8470233591653443,,0.8470647455892789,0.1529352544107211,0,0.13906522816077319,10,0.025,0.15,0.734484635088784,0.8430560390097678,0.8803553211908727,0.8857457699104526,0.8800069872191495,0.9057844175283232,1.0,0.928614588268947,0.7780911030557113,0.79935486144483,0.871759472465432,0.8882022612281824
0,7,2.2977704627173288,0.13493265993265993,3564,2.2968955437342324,0.10799438990182328,713,2.2986257468597797,0.1073,0.9155646303670617,0.08242478818637608,,,0.8237932041840015,,0.8238352230529287,0.17616477694707133,0,0.13905769665278087,10,0.025,0.15,0.7347792107229312,0.8224349398787724,0.8674842836021176,0.8958927215506429,0.8597943088462254,0.8695969212523942,0.928614588268947,1.0,0.7699486790826042,0.83997120214973,0.8499223108237467,0.8425131109421211
0,8,2.296023805053146,0.13795408311537344,3441,2.2996371189753213,0.11627906976744186,688,2.298635582380657,0.1073,0.8833460507182136,0.07952427246619419,,,0.75,,0.7500041260253173,0.2499958739746827,0,0.13895283181028148,10,0.025,0.15,0.7351784747278381,0.8137400567279308,0.8557205244993096,0.8152607254534576,0.868406599609269,0.7713666328676205,0.7780911030557113,0.7699486790826042,1.0,0.8401190992686848,0.8235450490350396,0.8365944667430277
0,9,2.295580659972297,0.15917816436712656,3334,2.2965462605158486,0.11694152923538231,667,2.2986260818529733,0.1074,0.9097114654107691,0.08189785009184865,,,0.8103871570692653,,0.8104256407717317,0.18957435922826826,0,0.13905006018983923,10,0.025,0.15,0.7826028212081753,0.8393739052705026,0.8693821042416862,0.8820317578213738,0.8703969126999951,0.8780819249984081,0.79935486144483,0.83997120214973,0.8401190992686848,1.0,0.7733140830629284,0.7814429525312852
0,10,2.2988245780651386,0.12255476704720765,3241,2.301673968633016,0.10339506172839506,648,2.2986329627942435,0.1074,0.8927996539330352,0.08037534427121501,,,0.7716524651275498,,0.7716905150930006,0.22830948490699943,0,0.13897396545762153,10,0.025,0.15,0.6857871025574469,0.8160131223219173,0.8516885503845171,0.8411249272383227,0.862292227453055,0.831162393846976,0.871759472465432,0.8499223108237467,0.8235450490350396,0.7733140830629284,1.0,0.8642867268462002
0,11,2.298289315223694,0.12883823994935106,3159,2.298606014251709,0.10917721518987342,632,2.298631698270387,0.1074,0.9010532896647458,0.08111838758502346,,,0.7905565333220106,,0.7905959630968296,0.20940403690317044,0,0.1389867495910564,10,0.025,0.15,0.7001614124045301,0.8118675201540644,0.8501699553301991,0.8549727869012811,0.8525125261987277,0.8820979525177404,0.8882022612281824,0.8425131109421211,0.8365944667430277,0.7814429525312852,0.8642867268462002,1.0
1,0,2.1134030401706694,0.2337472607742878,6845,2.2868850881403144,0.18407596785975164,1369,2.2888573513755315,0.188,0.9033355648983925,0.07910163754809675,,,0.75,,0.7500041260253173,0.2499958739746827,0.8657580007265178,0.14564104270528141,10,0.025,0.15,1.0,0.9434929102793758,0.9301511902186822,0.9047138840765505,0.8792693020341816,0.8653877578418248,0.8491160955329342,0.8576111356061757,0.8353229755969185,0.8357384922376194,0.8144394567863164,0.8133224049044095
1,1,2.173061056192531,0.19903249361080685,5478,2.2920669184790716,0.16605839416058393,1096,2.2888380998297584,0.1889,0.9691513637453623,0.08509111827732285,,,0.9251979510891154,,0.9252446733013153,0.07475532669868468,0.8656038711356466,0.14579757278297797,10,0.025,0.15,0.9434929102793758,1.0,0.9772017228115341,0.9674070529643731,0.9516877630536253,0.948107536612027,0.9303876746513786,0.9352713651779516,0.9163690109112156,0.9188644586453528,0.9020199462774152,0.9043367430196628
1,2,2.179418274603392,0.21068464730290457,4820,2.2887000739574432,0.18775933609958506,964,2.2888388935523696,0.1887,0.9776022115501924,0.086280893613269,,,0.959999999970749,,0.9600270667260814,0.0399729332739186,0.8655342901380637,0.14580450261279054,10,0.025,0.15,0.9301511902186822,0.9772017228115341,1.0,0.9791315892170992,0.9621390251169523,0.9593174292414257,0.9428627341885978,0.9491714345615649,0.9298800684927481,0.9341146484499946,0.9107339823196987,0.9188625471370112
1,3,2.1946099328994753,0.20206536541080344,4406,2.2879365171704973,0.20317820658342792,881,2.2888387758520583,0.1887,0.9878803348448559,0.0860852756366761,,,0.9542779899594233,,0.9543248997375848,0.04567510026241517,0.8655233808243445,0.14580436958441506,10,0.025,0.15,0.9047138840765505,0.9674070529643731,0.9791315892170992,1.0,0.9736142096982616,0.9747366624752161,0.9615242932681346,0.967925233597626,0.9455980504857513,0.9575891421221895,0.9389586338546398,0.9442992696690167
1,4,2.2138976129618557,0.19528210116731518,4112,2.289894001824515,0.17639902676399027,822,2.288838489146172,0.1889,0.9843675816962585,0.08530192516236333,,,0.9313642509745719,,0.9314007030747141,0.06859929692528588,0.8655913676320366,0.14579816279337543,10,0.025,0.15,0.8792693020341816,0.9516877630536253,0.9621390251169523,0.9736142096982616,1.0,0.9725821446453278,0.9599163996473447,0.9642598210981967,0.9603891408881541,0.9573364328831235,0.9472026556064865,0.9479984725091364
1,5,2.226485635003736,0.1888403188480329,3889,2.2880656719207764,0.19023136246786632,778,2.2888412898099877,0.1888,0.9868242808127239,0.08447116759035843,,,0.9070638097431942,,0.9071149180571372,0.09288508194286282,0.8661138851277197,0.1457950991313604,10,0.025,0.15,0.8653877578418248,0.948107536612027,0.9593174292414257,0.9747366624752161,0.9725821446453278,1.0,0.9747115679037587,0.9737182567646769,0.9551989254624851,0.9677746823811563,0.9502742814788399,0.9639962859409449
1,6,2.2436699513731333,0.17933171651845864,3711,2.2877320845921836,0.19137466307277629,742,2.2888436045827745,0.1885,0.9824499729074078,0.0836871522105988,,,0.8841306216479403,,0.8841742172929973,0.11582578270700272,0.8659461572106371,0.1457899698639946,10,0.025,0.15,0.8491160955329342,0.9303876746513786,0.9428627341885978,0.9615242932681346,0.9599163996473447,0.9747115679037587,1.0,0.9802239017710397,0.9591086179149814,0.9626463421764498,0.9671502151312885,0.9702021092167318
1,7,2.2436274996825625,0.19228395061728396,3564,2.2869383096694946,0.19775596072931276,713,2.288846640647212,0.1883,0.9851529884887172,0.08320947879018471,,,0.8701582243184156,,0.8702034955686488,0.12979650443135116,0.8658700517989002,0.14577309898506666,10,0.025,0.15,0.8576111356061757,0.9352713651779516,0.9491714345615649,0.967925233597626,0.9642598210981967,0.9737182567646769,0.9802239017710397,1.0,0.9610881789784698,0.9717006056739537,0.9643563039877556,0.9636677912146547
1,8,2.242957004794368,0.19462365591397848,3441,2.2901403506596885,0.19186046511627908,688,2.2888612234139742,0.1889,0.9724257284137044,0.0809969383070532,,,0.8054393318349854,,0.8054744103909821,0.1945255896090179,0.8651281359869477,0.1457253544535327,10,0.025,0.15,0.8353229755969185,0.9163690109112156,0.9298800684927481,0.9455980504857513,0.9603891408881541,0.9551989254624851,0.9591086179149814,0.9610881789784698,1.0,0.9501128720417525,0.9646350022496648,0.9660396331284419
1,9,2.2274449547131856,0.20899820035992803,3334,2.2869230111440024,0.19490254872563717,667,2.2888502682311627,0.1884,0.9739882314298489,0.08251879373848497,,,0.8499550361997507,,0.8499859715139212,0.1500140284860788,0.8657189720608814,0.14576491270337447,10,0.025,0.15,0.8357384922376194,0.9188644586453528,0.9341146484499946,0.9575891421221895,0.9573364328831235,0.9677746823811563,0.9626463421764498,0.9717006056739537,0.9501128720417525,1.0,0.9516177184606485,0.951437097464954
1,10,2.258286469716292,0.16747917309472385,3241,2.2913878361384072,0.2021604938271605,648,2.288856388647345,0.1889,0.9670833794301138,0.08135009958302533,,,0.8157696316976129,,0.8158059777854797,0.1841940222145203,0.8652893043748199,0.145745942419498,10,0.025,0.15,0.8144394567863164,0.9020199462774152,0.9107339823196987,0.9389586338546398,0.9472026556064865,0.9502742814788399,0.9671502151312885,0.9643563039877556,0.9646350022496648,0.9516177184606485,1.0,0.9713474447191242
1,11,2.256608630180359,0.17230136119025008,3159,2.289255952835083,0.189873417721519,632,2.2888532077209858,0.1886,0.969994874899783,0.08190551954256624,,,0.8320161885035715,,0.8320460134343385,0.16795398656566152,0.8654175129658602,0.14575597509905944,10,0.025,0.15,0.8133224049044095,0.9043367430196628,0.9188625471370112,0.9442992696690167,0.9479984725091364,0.9639962859409449,0.9702021092167318,0.9636677912146547,0.9660396331284419,0.951437097464954,0.9713474447191242,1.0
2,0,2.026283562845654,0.2687801314828342,6845,2.271613186055964,0.2322863403944485,1369,2.2738227029389972,0.2201,0.9046687933784437,0.0784978436015784,,,0.75,,0.7500041260253173,0.2499958739746827,0.9596538217215331,0.14567734936600266,10,0.025,0.15,1.0,0.9395704580482441,0.927232850525536,0.9034378626983279,0.8845067053005212,0.8609821009635066,0.856314838570525,0.8653056877739221,0.8527392199593719,0.8300091900830172,0.8264176997656127,0.8144567035717584
2,1,2.0848689029383105,0.244596568090544,5478,2.2783190409342446,0.20255474452554745,1096,2.273756431627877,0.2215,0.962482758626901,0.08409318220965321,,,0.9168731293563273,,0.916926606261656,0.08307339373834399,0.9618699633259055,0.1459146759393183,10,0.025,0.15,0.9395704580482441,1.0,0.9651680301776446,0.9549347405532449,0.9460403298946009,0.9331221265219303,0.92790460499094,0.9347366535576744,0.9212782520972583,0.9066288110155105,0.9041444122371378,0.8983551813613054
2,2,2.081771074470721,0.250850622406639,4820,2.2727350294589996,0.21265560165975103,964,2.273759684985197,0.2213,0.9774199824595289,0.0853172398358981,,,0.953378931937995,,0.9534336782690499,0.0465663217309501,0.9618991225504541,0.14593613094826785,10,0.025,0.15,0.927232850525536,0.9651680301776446,1.0,0.9709336849370755,0.9619012218016446,0.9516115451237944,0.9461238952272348,0.9522677536317321,0.9458862529519878,0.9314597549279623,0.9265213440861298,0.9267910278638837
2,3,2.1022372109549385,0.24148887880163414,4406,2.2729992866516113,0.2213393870601589,881,2.2737590572502038,0.2213,0.9879459007218547,0.08553924752359507,,,0.9599999999701764,,0.9600270667260814,0.0399729332739186,0.9619099528422212,0.1459364968448858,10,0.025,0.15,0.9034378626983279,0.9549347405532449,0.9709336849370755,1.0,0.9710315201273524,0.9679616494602981,0.964362960366819,0.9704570251197437,0.9614374876209205,0.9568689613327267,0.954543535340115,0.953208258315695
2,4,2.1166452248891194,0.24105058365758755,4112,2.274192912237985,0.21776155717761558,822,2.2737592111659954,0.2215,0.9846460957472989,0.08494639041801028,,,0.9423188679780397,,0.9423676783680744,0.057632321631925554,0.9618001264397197,0.14593496533276104,10,0.025,0.15,0.8845067053005212,0.9460403298946009,0.9619012218016446,0.9710315201273524,1.0,0.9673318487123125,0.9649806247580668,0.9644842723315781,0.9631580648453333,0.9564333726071801,0.9545452395739358,0.9561488733721311
2,5,2.134951195409221,0.22530213422473644,3889,2.2728913852146695,0.24293059125964012,778,2.2737555594383916,0.2203,0.9829533173810553,0.08437656138255535,,,0.9253245158923171,,0.9253767061114687,0.07462329388853128,0.9618629360772569,0.1459162140284063,10,0.025,0.15,0.8609821009635066,0.9331221265219303,0.9516115451237944,0.9679616494602981,0.9673318487123125,1.0,0.9691184624789441,0.9705648071251244,0.9622082030848595,0.9624533553127247,0.9592352368094772,0.9663892229485016
2,6,2.152425632394593,0.23317165184586364,3711,2.2727588415145874,0.2169811320754717,742,2.2737597996675514,0.2207,0.9824818236525816,0.08387550717744262,,,0.9103812766996711,,0.9104239903616048,0.08957600963839518,0.9617371826621735,0.14591328744849202,10,0.025,0.15,0.856314838570525,0.92790460499094,0.9461238952272348,0.964362960366819,0.9649806247580668,0.9691184624789441,1.0,0.9747755253895232,0.9640800167358474,0.9623657486689909,0.9705216887910987,0.9657735206126641
2,7,2.1479385158845354,0.22668350168350168,3564,2.271971662839254,0.22861150070126227,713,2.273764426195169,0.2206,0.98634882713674,0.08370567875218894,,,0.9053163820148633,,0.9053654833226057,0.09463451667739431,0.9615142162271556,0.14591212563852793,10,0.025,0.15,0.8653056877739221,0.9347366535576744,0.9522677536317321,0.9704570251197437,0.9644842723315781,0.9705648071251244,0.9747755253895232,1.0,0.9722470953609978,0.9684122654086802,0.9709705995462232,0.9676080836350057
2,8,2.147447329097324,0.24277826213310083,3441,2.2752782503763833,0.22093023255813954,688,2.2737953029101408,0.2206,0.9800228826569962,0.08212880276501767,,,0.8582882664676873,,0.8583205426548497,0.1416794573451503,0.960872887843338,0.1458716783618658,10,0.025,0.15,0.8527392199593719,0.9212782520972583,0.9458862529519878,0.9614374876209205,0.9631580648453333,0.9622082030848595,0.9640800167358474,0.9722470953609978,1.0,0.9622860176669021,0.9628337518380516,0.9707168180089861
2,9,2.128173503169307,0.24484103179364128,3334,2.271761933962504,0.20689655172413793,667,2.273774140997778,0.2205,0.9745871449907255,0.08289433333875973,,,0.881119142560499,,0.8811704708620092,0.11882952913799083,0.9613573112478051,0.14590438517303253,10,0.025,0.15,0.8300091900830172,0.9066288110155105,0.9314597549279623,0.9568689613327267,0.9564333726071801,0.9624533553127247,0.9623657486689909,0.9684122654086802,0.9622860176669021,1.0,0.969963238811971,0.9679345375447673
2,10,2.175872223652326,0.2193150262264733,3241,2.275677720705668,0.22376543209876543,648,2.2737860106214693,0.2205,0.9741770235458653,0.08215697947291946,,,0.859128597277291,,0.8591705038702118,0.14082949612978823,0.9612230690447275,0.14587217931195795,10,0.025,0.15,0.8264176997656127,0.9041444122371378,0.9265213440861298,0.954543535340115,0.9545452395739358,0.9592352368094772,0.9705216887910987,0.9709705995462232,0.9628337518380516,0.969963238811971,1.0,0.9709986574034126
2,11,2.1692827444076537,0.22006964229186451,3159,2.2748878479003904,0.21835443037974683,632,2.273780928382391,0.2205,0.9731704877083218,0.08246823352238113,,,0.8684113129262673,,0.8684458087834827,0.13155419121651735,0.9613714857223721,0.1458778029800974,10,0.025,0.15,0.8144567035717584,0.8983551813613054,0.9267910278638837,0.953208258315695,0.9561488733721311,0.9663892229485016,0.9657735206126641,0.9676080836350057,0.9707168180089861,0.9679345375447673,0.9709986574034126,1.0
3,0,1.9618487881289588,0.29196493791088385,6845,2.2507850040089,0.2527392257121987,1369,2.253405655486674,0.2389,0.9141675803050457,0.07851278354088191,,,0.75,,0.7500041260253173,0.2499958739746827,0.9764165564833553,0.1452736602161998,10,0.025,0.15,1.0,0.9388216659716409,0.9265705927025732,0.9095416086403275,0.8933428377744181,0.8685800321193454,0.8694585282766605,0.8737729776311115,0.8604486474936175,0.8363899028974618,0.8425689854023475,0.8278892732537225
3,1,2.0186167231825896,0.2712668857247171,5478,2.259350617726644,0.21624087591240876,1096,2.2532228970829444,0.2394,0.9599313178029557,0.08347608289221982,,,0.906957411687787,,0.9070076413988877,0.09299235860111232,0.9775460138338501,0.14552330610382402,10,0.025,0.15,0.9388216659716409,1.0,0.9566993178639137,0.9463574421649632,0.9393963347074727,0.9253860076815638,0.9260612097460017,0.929601886363951,0.9138637997038039,0.8986736256138932,0.9044496693060559,0.8955978910339315
3,2,2.013096873383773,0.2725103734439834,4820,2.2512764036655426,0.22614107883817428,964,2.25322312946561,0.2389,0.9749700627540316,0.084725949755897,,,0.9464827060515497,,0.9465267118879042,0.05347328811209584,0.9775462982920535,0.1455473485962191,10,0.025,0.15,0.9265705927025732,0.9566993178639137,1.0,0.9624248333220242,0.9549380302001889,0.9447598965384217,0.9440265968624016,0.9473823746607737,0.9390003322920506,0.9205079522480231,0.9270171109953463,0.9252841939568751
3,3,2.0389330734525406,0.2623694961416251,4406,2.252511126654489,0.23269012485811577,881,2.253222353850739,0.2389,0.9838487482578815,0.08515339294196765,,,0.9599999999683764,,0.9600270667260814,0.0399729332739186,0.9775375518578926,0.14554798346698464,10,0.025,0.15,0.9095416086403275,0.9463574421649632,0.9624248333220242,1.0,0.9599453330789527,0.9579979379029758,0.957312079813232,0.9627397844634411,0.951808206151088,0.9479037946593534,0.9492211103311171,0.9461896535649256
3,4,2.0533893061406685,0.26901750972762645,4112,2.2530246462140764,0.23114355231143552,822,2.2532229242445547,0.239,0.9805851137937479,0.08467924313312991,,,0.945005674323406,,0.9450578468749484,0.054942153125051574,0.977540324874089,0.1455472892869917,10,0.025,0.15,0.8933428377744181,0.9393963347074727,0.9549380302001889,0.9599453330789527,1.0,0.9558990727913877,0.9591614466115701,0.9578358259837805,0.9561929672897719,0.9429208738680449,0.9461800668821676,0.9472557990143631
3,5,2.0686522372307317,0.25019285163281046,3889,2.2519637857164656,0.2622107969151671,778,2.253215460837642,0.2392,0.9769570756574961,0.08420748006759332,,,0.930086826102704,,0.9301381393276229,0.0698618606723771,0.9775463160638953,0.14552740043976328,10,0.025,0.15,0.8685800321193454,0.9253860076815638,0.9447598965384217,0.9579979379029758,0.9558990727913877,1.0,0.9576632517324036,0.9602761672498408,0.9501131806643343,0.9470787074121488,0.948607115218464,0.9537839951647858
3,6,2.0825779100944257,0.26065750471571003,3711,2.25245467821757,0.24932614555256064,742,2.2532224202457862,0.2389,0.9796414336821074,0.08398438325608659,,,0.923031700950832,,0.9230743839844201,0.0769256160155799,0.9775767553863902,0.14552634316436053,10,0.025,0.15,0.8694585282766605,0.9260612097460017,0.9440265968624016,0.957312079813232,0.9591614466115701,0.9576632517324036,1.0,0.9675768107785082,0.9544997752296931,0.9507048952706165,0.9600284005300017,0.9554085034435361
3,7,2.077128645351955,0.24915824915824916,3564,2.2516233126322427,0.24544179523141654,713,2.2532295003721985,0.2388,0.9832946598060689,0.08399830254278941,,,0.9234718789571867,,0.923511742668053,0.07648825733194697,0.9775723429125803,0.1455264694313818,10,0.025,0.15,0.8737729776311115,0.929601886363951,0.9473823746607737,0.9627397844634411,0.9578358259837805,0.9602761672498408,0.9675768107785082,1.0,0.9658581583367444,0.9558616935505388,0.9653915860979196,0.958494543464805
3,8,2.0734872420628867,0.2657948270851497,3441,2.2550655603408813,0.24127906976744187,688,2.2532811858986,0.2396,0.9758711195726194,0.0827781895232633,,,0.8848875083691491,,0.8849334059513789,0.11506659404862107,0.9772984815596503,0.14551675361144972,10,0.025,0.15,0.8604486474936175,0.9138637997038039,0.9390003322920506,0.951808206151088,0.9561929672897719,0.9501131806643343,0.9544997752296931,0.9658581583367444,1.0,0.9506765789091636,0.9547245106146103,0.9617724639148425
3,9,2.056259458594852,0.2594481103779244,3334,2.2513824701309204,0.22338830584707647,667,2.253249488299406,0.2392,0.9680579871320787,0.08299790109877256,,,0.8918355801594359,,0.8918816325856975,0.10811836741430247,0.9775452784791278,0.14551930434955573,10,0.025,0.15,0.8363899028974618,0.8986736256138932,0.9205079522480231,0.9479037946593534,0.9429208738680449,0.9470787074121488,0.9507048952706165,0.9558616935505388,0.9506765789091636,1.0,0.9591267326413624,0.9573522315056434
3,10,2.109373562152569,0.24202406664609688,3241,2.254427989323934,0.25,648,2.2532671705076965,0.2394,0.9724886684247248,0.0826852685144911,,,0.8819490112131452,,0.8819956759254675,0.11800432407453254,0.977302024738466,0.14551579525150782,10,0.025,0.15,0.8425689854023475,0.9044496693060559,0.9270171109953463,0.9492211103311171,0.9461800668821676,0.948607115218464,0.9600284005300017,0.9653915860979196,0.9547245106146103,0.9591267326413624,1.0,0.9618696308429339
3,11,2.0983433289527893,0.24245014245014246,3159,2.2553285121917725,0.24208860759493672,632,2.253260941445073,0.2396,0.9701215432491355,0.08280102273290728,,,0.8856095767419299,,0.885643082305953,0.11435691769404699,0.9773030682615047,0.14551705087525993,10,0.025,0.15,0.8278892732537225,0.8955978910339315,0.9252841939568751,0.9461896535649256,0.9472557990143631,0.9537839951647858,0.9554085034435361,0.958494543464805,0.9617724639148425,0.9573522315056434,0.9618696308429339,1.0
4,0,1.9113180760984068,0.31050401753104456,6845,2.2251908779144287,0.2710007304601899,1369,2.228166930283172,0.2592,0.9237314048307131,0.07889062015044672,,,0.75,,0.7500041260253173,0.2499958739746827,0.9816315698094397,0.1449942614213486,10,0.025,0.15,1.0,0.9367517180358459,0.927199527760596,0.9165779610497232,0.9010735317688764,0.8751379750466514,0.8812725720122673,0.8813241517799828,0.8714839375456231,0.8478772867078073,0.8570257531825427,0.8435699578625062
4,1,1.9636047413182813,0.2915845198977729,5478,2.2355342970954046,0.24635036496350365,1096,2.227807298491273,0.2598,0.9592981547883744,0.08313222210288337,,,0.899273669906974,,0.899308478156822,0.10069152184317798,0.9834979640179404,0.14524201518408955,10,0.025,0.15,0.9367517180358459,1.0,0.9496781187531901,0.9423860575659508,0.9366389878599005,0.9209993642352721,0.9250441225245988,0.9250692230137944,0.9096345788956549,0.8993114281982496,0.9044077301770514,0.8974251222893814
4,2,1.9591710256902795,0.2910788381742739,4820,2.2247835099697113,0.254149377593361,964,2.2278021257134935,0.2594,0.9738981971340007,0.08438467139302609,,,0.9433508143463731,,0.9433991846973973,0.05660081530260275,0.9835700250231965,0.14526459948834874,10,0.025,0.15,0.927199527760596,0.9496781187531901,1.0,0.9572061856989736,0.9515376244158632,0.9379105191918335,0.943101670025866,0.9434004678506344,0.9331652268781393,0.9197427035879173,0.9273949735532964,0.9249378095070233
4,3,1.9872645708492824,0.27791647753064,4406,2.2269859654562816,0.2599318955732123,881,2.227800384352479,0.2594,0.980261718080048,0.08485775695640535,,,0.9599999999648072,,0.9600270667260814,0.0399729332739186,0.9835884452388212,0.1452655181920723,10,0.025,0.15,0.9165779610497232,0.9423860575659508,0.9572061856989736,1.0,0.9546537430344247,0.9481298212719352,0.9502828966818956,0.9544222164773691,0.9428206204320003,0.9410857835286405,0.9415883164721845,0.9393028624021398
4,4,1.9914797259099555,0.28878891050583655,4112,2.2270680495670865,0.2518248175182482,822,2.227802937543845,0.2595,0.9789446861400621,0.08452050851374121,,,0.9481312972266901,,0.9481771220148206,0.05182287798517937,0.9835737782569699,0.14526490858633112,10,0.025,0.15,0.9010735317688764,0.9366389878599005,0.9515376244158632,0.9546537430344247,1.0,0.9488663703055622,0.9551016249168258,0.9518931895056819,0.9500955620998457,0.937394097848857,0.9433834382467318,0.9420181137419232
4,5,2.0130239525148945,0.2717408074055027,3889,2.2261556557246616,0.2763496143958869,778,2.227795133107825,0.2591,0.9719857412811169,0.08400047341549974,,,0.9298298280022278,,0.9298658216566816,0.07013417834331837,0.9835633374690294,0.14524775945603569,10,0.025,0.15,0.8751379750466514,0.9209993642352721,0.9379105191918335,0.9481298212719352,0.9488663703055622,1.0,0.9478469854908932,0.949060710799386,0.9365243475021645,0.9405648311045699,0.9402815244403278,0.9456488591684133
4,6,2.02359121750141,0.2808137968202641,3711,2.2273226181666055,0.261455525606469,742,2.22780408436739,0.2591,0.9763807606026481,0.08400557433064314,,,0.9300093432730802,,0.9300556188212771,0.06994438117872293,0.9835569500068885,0.1452478495484568,10,0.025,0.15,0.8812725720122673,0.9250441225245988,0.943101670025866,0.9502828966818956,0.9551016249168258,0.9478469854908932,1.0,0.9589899029308705,0.9438410062311046,0.9401525585204104,0.9501465657649844,0.946570707733104
4,7,2.017816650015967,0.2697811447811448,3564,2.226649204889933,0.26788218793828894,713,2.227813738810865,0.259,0.9796356747130361,0.08412051909145174,,,0.9340545663927609,,0.934090871581588,0.06590912841841201,0.9835625751567413,0.14524822656020664,10,0.025,0.15,0.8813241517799828,0.9250692230137944,0.9434004678506344,0.9544222164773691,0.9518931895056819,0.949060710799386,0.9589899029308705,1.0,0.9585971753228795,0.949480593744156,0.958816122555254,0.9492835188648239
4,8,2.012318585978614,0.28401627433885496,3441,2.2302433252334595,0.2543604651162791,688,2.2278855933418757,0.2597,0.9712158209147063,0.0830883816439991,,,0.8977308032586075,,0.8977735967387895,0.10222640326121046,0.983444325231738,0.14524159424968333,10,0.025,0.15,0.8714839375456231,0.9096345788956549,0.9331652268781393,0.9428206204320003,0.9500955620998457,0.9365243475021645,0.9438410062311046,0.9585971753228795,1.0,0.9423301260490474,0.9446009069389444,0.950026416916502
4,9,2.008969599229318,0.27780443911217756,3334,2.226120710372925,0.24887556221889057,667,2.227840794792658,0.2589,0.96542222188458,0.0830355016964335,,,0.8958698120750593,,0.8959168853460084,0.10408311465399156,0.9834603739253757,0.14524115599683163,10,0.025,0.15,0.8478772867078073,0.8993114281982496,0.9197427035879173,0.9410857835286405,0.937394097848857,0.9405648311045699,0.9401525585204104,0.949480593744156,0.9423301260490474,1.0,0.9484142708000576,0.9484835542466773
4,10,2.050166320342284,0.2650725084850355,3241,2.228191057840983,0.2700617283950617,648,2.227865279475345,0.2596,0.9698322834272439,0.0829855325036324,,,0.8941112583787547,,0.8941509465102078,0.10584905348979223,0.983444543355546,0.14524051610234792,10,0.025,0.15,0.8570257531825427,0.9044077301770514,0.9273949735532964,0.9415883164721845,0.9433834382467318,0.9402815244403278,0.9501465657649844,0.958816122555254,0.9446009069389444,0.9484142708000576,1.0,0.9503842959156362
4,11,2.0392709670066833,0.26283634061411837,3159,2.2308072090148925,0.25949367088607594,632,2.2278586007371732,0.2594,0.9674096162262329,0.08297823820183764,,,0.8938545517828689,,0.8939033849911703,0.10609661500882972,0.9834567995362623,0.14524050679420525,10,0.025,0.15,0.8435699578625062,0.8974251222893814,0.9249378095070233,0.9393028624021398,0.9420181137419232,0.9456488591684133,0.946570707733104,0.9492835188648239,0.950026416916502,0.9484835542466773,0.9503842959156362,1.0
5,0,1.8654559700577347,0.32610664718772825,6845,2.195213491266424,0.29510591672753833,1369,2.198430239399777,0.2778,0.9307126091889268,0.07945093709994347,,,0.75,,0.7500041260253173,0.2499958739746827,0.9858449647874356,0.14454719172617225,10,0.025,0.15,1.0,0.9329273015604663,0.926032508110185,0.919757652041519,0.9034926704250427,0.8831177769477512,0.8859993215308818,0.885070815441387,0.875407120397232,0.8512389289862772,0.867910458605981,0.8537308069992567
5,1,1.9164554512777994,0.31014968966776196,5478,2.207242806752523,0.270985401459854,1096,2.1978415929818453,0.2792,0.9596966939428461,0.08303410931374376,,,0.8948167422986212,,0.8948523708141474,0.10514762918585263,0.9876389311238936,0.14476565801869118,10,0.025,0.15,0.9329273015604663,1.0,0.9443792392852374,0.9379183835031567,0.9316689596708643,0.9202131026205037,0.9224699310613382,0.9220813763118125,0.9052941720714384,0.8917224052854202,0.9074637476218482,0.899534854396151
5,2,1.9117849255862989,0.30757261410788383,4820,2.1934588253498077,0.2821576763485477,964,2.1978116669232333,0.2797,0.9724888652211845,0.08423058855802432,,,0.9431733983692645,,0.9432258916340711,0.05677410836592889,0.9877394133178871,0.14478259284700082,10,0.025,0.15,0.926032508110185,0.9443792392852374,1.0,0.9513224515952207,0.9428225907245527,0.9358682759809811,0.9386140861344638,0.9395429797075434,0.9262656806053651,0.9092038214345229,0.9262579366857631,0.921801621264905
5,3,1.9398404152052744,0.29607353608715387,4406,2.196903705596924,0.282633371169126,881,2.1978087274334097,0.2795,0.9762319637248149,0.08464692585655845,,,0.9599999999595842,,0.9600270667260814,0.0399729332739186,0.987747053496272,0.14478378487632826,10,0.025,0.15,0.919757652041519,0.9379183835031567,0.9513224515952207,1.0,0.9423933886874063,0.9398714484037867,0.9420187799709951,0.9464119211263858,0.9340870427913834,0.9256960954432122,0.9350636926320178,0.9303359768041335
5,4,1.9448873234517647,0.306079766536965,4112,2.1967737674713135,0.26520681265206814,822,2.1978135531461693,0.2796,0.9704560055981108,0.0842485100783314,,,0.9438977108033457,,0.9439438200392798,0.05605617996072021,0.9877403345156782,0.14478267529433422,10,0.025,0.15,0.9034926704250427,0.9316689596708643,0.9428225907245527,0.9423933886874063,1.0,0.9337893852142212,0.9430055933154362,0.9379141213297332,0.9353322089954665,0.9117337873483623,0.9286949169226736,0.9266182792080774
5,5,1.9656172252470447,0.2891231679094883,3889,2.196005174091884,0.2879177377892031,778,2.1978165590310397,0.2782,0.968239699839914,0.08385292965098094,,,0.9279100145979123,,0.9279513459094585,0.07204865409054151,0.9877202773396772,0.1447739007142232,10,0.025,0.15,0.8831177769477512,0.9202131026205037,0.9358682759809811,0.9398714484037867,0.9337893852142212,1.0,0.9389354104131391,0.9411304509043287,0.924287912952442,0.926394507459617,0.932104333003467,0.9355904168188921
5,6,1.9698036424044905,0.30072756669361356,3711,2.1975277264912925,0.27088948787061995,742,2.197824749765517,0.2783,0.9725745024300256,0.08399785034619175,,,0.933767099248003,,0.9338103018600122,0.06618969813998776,0.9877334598362703,0.14477486614033444,10,0.025,0.15,0.8859993215308818,0.9224699310613382,0.9386140861344638,0.9420187799709951,0.9430055933154362,0.9389354104131391,1.0,0.9505395226111213,0.9332374478916858,0.9236102148819758,0.9427802035491849,0.9402433789213557
5,7,1.965370438354356,0.2890011223344557,3564,2.1971770524978638,0.27489481065918653,713,2.197833589360684,0.2782,0.9759091287159826,0.08417831210413812,,,0.941060604091176,,0.9411051146209833,0.05889488537901666,0.9876862739834118,0.1447824186634544,10,0.025,0.15,0.885070815441387,0.9220813763118125,0.9395429797075434,0.9464119211263858,0.9379141213297332,0.9411304509043287,0.9505395226111213,1.0,0.9502562246307609,0.9348607467883066,0.9515420067266248,0.940700803179443
5,8,1.9587699249938682,0.3020924149956408,3441,2.2013054688771567,0.2703488372093023,688,2.1979462647739845,0.2778,0.9658548140686991,0.08320824591259757,,,0.9018546108285918,,0.901899622056081,0.09810037794391901,0.9876441841921509,0.14476797961975468,10,0.025,0.15,0.875407120397232,0.9052941720714384,0.9262656806053651,0.9340870427913834,0.9353322089954665,0.924287912952442,0.9332374478916858,0.9502562246307609,1.0,0.9252881620898431,0.936158491707273,0.9386373346432443
5,9,1.9653757276358428,0.29379124175164967,3334,2.1965373754501343,0.2698650674662669,667,2.1978874176363403,0.2782,0.9561256327428633,0.08285723901101842,,,0.8876683889620427,,0.8877143470152333,0.11228565298476667,0.9876066790453133,0.14476341798802828,10,0.025,0.15,0.8512389289862772,0.8917224052854202,0.9092038214345229,0.9256960954432122,0.9117337873483623,0.926394507459617,0.9236102148819758,0.9348607467883066,0.9252881620898431,1.0,0.9342271087263102,0.9372086370103155
5,10,1.997192477262937,0.28361616784942917,3241,2.197057048479716,0.29012345679012347,648,2.1979165047029907,0.2781,0.967621550705372,0.08320211788374049,,,0.9016069416899508,,0.9016520605370435,0.0983479394629565,0.9876274328798309,0.14476776850476905,10,0.025,0.15,0.867910458605981,0.9074637476218482,0.9262579366857631,0.9350636926320178,0.9286949169226736,0.932104333003467,0.9427802035491849,0.9515420067266248,0.936158491707273,0.9342271087263102,1.0,0.9421689973082997
5,11,1.9878416562080383,0.28034188034188035,3159,2.2015518665313722,0.2674050632911392,632,2.197912762436686,0.2781,0.9643998647135842,0.08309223418473138,,,0.8971659049848398,,0.8971959531943688,0.10280404680563116,0.9876094471978247,0.14476641646182067,10,0.025,0.15,0.8537308069992567,0.899534854396151,0.921801621264905,0.9303359768041335,0.9266182792080774,0.9355904168188921,0.9402433789213557,0.940700803179443,0.9386373346432443,0.9372086370103155,0.9421689973082997,1.0
6,0,1.8280257439171825,0.3387289992695398,6845,2.1614929979497735,0.3046018991964938,1369,2.1648325769207144,0.2981,0.931991969626066,0.07989365048021004,,,0.75,,0.7500041260253173,0.2499958739746827,0.9893112853411989,0.14431035189439234,10,0.025,0.15,1.0,0.9271244757757793,0.9229282427100324,0.9152888015864126,0.9030965350473008,0.8800420820542644,0.8853281655677614,0.8840918648065055,0.8761341412657466,0.8554086915897111,0.8714736452553977,0.8590644021219727
6,1,1.8744707010513129,0.3259401241328952,5478,2.1749739117092557,0.28558394160583944,1096,2.1639517409892024,0.2981,0.9591709056008499,0.0830107586302284,,,0.8931812338266405,,0.8932267168391346,0.10677328316086543,0.9902730327362342,0.14451310843099793,10,0.025,0.15,0.9271244757757793,1.0,0.9385732629880222,0.9318932093086434,0.9283818596937232,0.915691932928706,0.9193826072173903,0.9193762330302702,0.9054032506397123,0.895419437029527,0.9065077363459151,0.9022325960784359
6,2,1.865947350389079,0.3225311203319502,4820,2.158197343349457,0.30601659751037347,964,2.163895534563668,0.2987,0.9711997507366271,0.08414825244642499,,,0.9454308704240237,,0.9454787014573122,0.054521298542687835,0.9903494252980012,0.14452486317864052,10,0.025,0.15,0.9229282427100324,0.9385732629880222,1.0,0.9455212433340082,0.9389442877853544,0.9300577117675943,0.9346890274113039,0.9349650265183919,0.923032948803236,0.9117197686312989,0.9251355919345073,0.9219263087637347
6,3,1.8934797259739466,0.31450295052201543,4406,2.162805046354021,0.3064699205448354,881,2.163890699797039,0.2987,0.9729822585433274,0.08446542775762361,,,0.9599999999540659,,0.9600270667260814,0.0399729332739186,0.9903651561053767,0.1445258866636632,10,0.025,0.15,0.9152888015864126,0.9318932093086434,0.9455212433340082,1.0,0.9379750291820199,0.9340243452801147,0.9375652885945185,0.9402490890603333,0.9276874397032201,0.9194293617957704,0.9302591115006614,0.9275427273670097
6,4,1.8987614396846655,0.32079280155642026,4112,2.162768602371216,0.28588807785888076,822,2.163898229598999,0.2987,0.9701994627144737,0.08412666290179815,,,0.9444391763638074,,0.9444884553811622,0.05551154461883778,0.9903539370940434,0.14452478451761147,10,0.025,0.15,0.9030965350473008,0.9283818596937232,0.9389442877853544,0.9379750291820199,1.0,0.9314406384404481,0.9426891929950438,0.9354433218461182,0.9316033118207357,0.9127684622943079,0.9265208004121455,0.9261658601667039
6,5,1.9184898061137046,0.3042941630239136,3889,2.162310634340559,0.3213367609254499,778,2.1639173785342445,0.2979,0.9640271830778816,0.08367874887284255,,,0.923864695072952,,0.923907841098513,0.07609215890148702,0.9903694119289292,0.14452155791851118,10,0.025,0.15,0.8800420820542644,0.915691932928706,0.9300577117675943,0.9340243452801147,0.9314406384404481,1.0,0.9309986352933904,0.9340551744741388,0.9157501253598943,0.9207218049587287,0.9238378041307317,0.9265339841579974
6,6,1.92214840116172,0.3193209377526273,3711,2.1636071602503457,0.29110512129380056,742,2.163921552368357,0.2979,0.970864574659151,0.08399258546419908,,,0.9382804638585523,,0.9383159215064943,0.061684078493505656,0.990376834852637,0.14452406294556705,10,0.025,0.15,0.8853281655677614,0.9193826072173903,0.9346890274113039,0.9375652885945185,0.9426891929950438,0.9309986352933904,1.0,0.9439190625167324,0.92868127236103,0.9243256423935485,0.9377149203227879,0.936817023503575
6,7,1.9208005892378943,0.30614478114478116,3564,2.1642003059387207,0.2903225806451613,713,2.16393425193014,0.2979,0.9727920423710975,0.0841678544294847,,,0.9463312678388269,,0.9463781749764817,0.05362182502351831,0.9903484738833293,0.1445249383080447,10,0.025,0.15,0.8840918648065055,0.9193762330302702,0.9349650265183919,0.9402490890603333,0.9354433218461182,0.9340551744741388,0.9439190625167324,1.0,0.9426895326287148,0.9318268653361369,0.9448384130207866,0.9328416291562214
6,8,1.9117026567459106,0.3167974426038942,3441,2.16859237353007,0.2936046511627907,688,2.164081784743297,0.2984,0.9632301252963728,0.08325185108614386,,,0.9042555737734488,,0.9042927167401099,0.09570728325989009,0.9903232235157648,0.1445169515945698,10,0.025,0.15,0.8761341412657466,0.9054032506397123,0.923032948803236,0.9276874397032201,0.9316033118207357,0.9157501253598943,0.92868127236103,0.9426895326287148,1.0,0.9187766508381023,0.9337692571712704,0.9309654127553952
6,9,1.9168057918548584,0.3115476904619076,3334,2.1627551714579263,0.3028485757121439,667,2.164019373398793,0.298,0.955346481415052,0.08277564962984403,,,0.8823817379032848,,0.8824247825584658,0.11757521744153421,0.9902834277945639,0.1445087326232128,10,0.025,0.15,0.8554086915897111,0.895419437029527,0.9117197686312989,0.9194293617957704,0.9127684622943079,0.9207218049587287,0.9243256423935485,0.9318268653361369,0.9187766508381023,1.0,0.9254306894846049,0.9274043490448595
