round,client_id,client_i_training_loss,client_i_training_accuracy,client_i_training_dataset_size,client_i_evaluation_loss,client_i_evaluation_accuracy,client_i_evaluation_dataset_size,client_i_central_evaluation_loss,client_i_central_evaluation_accuracy,client_i_cosine_similarity,client_i_importance_coefficient,client_i_tanh_val,tanh_normalization_value,client_i_q,client_i_mask_order,client_i_v_nonzero_fraction,client_i_v_sparsity,client_i_v_cosine_similarity,client_i_reward_gradient_norm,local_epochs,learning_rate,gamma,client_0_cosine_similarity,client_1_cosine_similarity,client_2_cosine_similarity,client_3_cosine_similarity,client_4_cosine_similarity,client_5_cosine_similarity,client_6_cosine_similarity,client_7_cosine_similarity,client_8_cosine_similarity,client_9_cosine_similarity,client_10_cosine_similarity,client_11_cosine_similarity
0,0,2.1435293733841716,0.41572924275626977,8214,2.2694255196770956,0.2498173849525201,1369,2.2679692381106245,0.247,0.965693938519247,0.08155416851718471,,,0.75,,0.7500024163694532,0.2499975836305468,0,0.0985744156030273,5,0.001,0.1,1.0,0.9806153918803973,0.9726212629374734,0.9633280071400704,0.9561710440993576,0.9426997733749687,0.9383881169791092,0.928581598468872,0.921358000007299,0.9182005148160401,0.9155354679356403,0.9099863768742706
0,1,2.20543141006266,0.4293885001521144,6574,2.2653772830963135,0.26186131386861317,1096,2.267938480590479,0.2471,0.9894213486307725,0.08355798062113025,,,0.9471270554722614,,0.9471540000579929,0.052845999942007116,0,0.09860780052085831,5,0.001,0.1,0.9806153918803973,1.0,0.9891887485357548,0.9849448371172397,0.9781168561271341,0.9776926444770404,0.9742394424449881,0.9662653110475712,0.9632738957637381,0.9585147569751042,0.952890246403341,0.9504628563396524
0,2,2.224271559056656,0.35874113781774164,5783,2.268448075940532,0.2520746887966805,964,2.2679387106301303,0.2471,0.994581796711971,0.08399378749083429,,,0.989999999901624,,0.9900107286803723,0.00998927131962768,0,0.09860802177253995,5,0.001,0.1,0.9726212629374734,0.9891887485357548,1.0,0.9888666545248331,0.9872471860898299,0.9813970694487868,0.9792118083196791,0.9793947106289654,0.9742723549115566,0.973809416212966,0.9654370445890066,0.967016162750814
0,3,2.2328438905348262,0.3560809532816342,5287,2.268669741494315,0.23609534619750283,881,2.2679387075832476,0.2471,0.994547101281481,0.08399085741446942,,,0.9897117506566082,,0.9897255970848919,0.01027440291510806,0,0.09860802175583845,5,0.001,0.1,0.9633280071400704,0.9849448371172397,0.9888666545248331,1.0,0.9890956869245497,0.9871992730840329,0.989275401590233,0.9783130874540072,0.9765007331680404,0.9742146671862275,0.9729229335948968,0.964742447131634
0,4,2.2379080046376876,0.33288753799392096,4935,2.2673516181799083,0.23236009732360097,822,2.2679387121535717,0.2471,0.9943012599467875,0.08397009577888453,,,0.9876693036219896,,0.9876910140052774,0.012308985994722632,0,0.09860802161104586,5,0.001,0.1,0.9561710440993576,0.9781168561271341,0.9872471860898299,0.9890956869245497,1.0,0.9882997049307775,0.9895903375248009,0.9822514315335388,0.9851020275888296,0.980776159573938,0.9682923909523219,0.9740253451807328
0,5,2.2462779368439767,0.33751874866080994,4667,2.270090036392212,0.2159383033419023,778,2.2679387281497068,0.2471,0.9930150625130183,0.08386147465362322,,,0.9769835898553711,,0.9770009955442147,0.022999004455785288,0,0.09860800522467127,5,0.001,0.1,0.9426997733749687,0.9776926444770404,0.9813970694487868,0.9871992730840329,0.9882997049307775,1.0,0.9935004019004112,0.9842716759659191,0.9878840337723753,0.9802580105333691,0.9772430905553883,0.9777347158625407
0,6,2.247553769520351,0.3367168201212666,4453,2.2678880294164023,0.24393530997304583,742,2.2679387281497068,0.2471,0.9924797038951773,0.08381626288911376,,,0.9725358364992026,,0.9725548757502828,0.027445124249717234,0,0.09860800347867962,5,0.001,0.1,0.9383881169791092,0.9742394424449881,0.9792118083196791,0.989275401590233,0.9895903375248009,0.9935004019004112,1.0,0.9866987207723898,0.9879150862460818,0.9847000339233735,0.9788502333606347,0.974726016277995
0,7,2.252926376684388,0.30830021042787,4277,2.268687258596006,0.24544179523141654,713,2.267938498871776,0.2471,0.9886794707008134,0.08349532801940444,,,0.9409635420013298,,0.9409874252133654,0.059012574786634575,0,0.09860770430600156,5,0.001,0.1,0.928581598468872,0.9662653110475712,0.9793947106289654,0.9783130874540072,0.9822514315335388,0.9842716759659191,0.9866987207723898,1.0,0.98642044842719,0.9911323074535703,0.9822778821768569,0.9783575958174736
0,8,2.2567924947005054,0.29474449019132964,4129,2.2681825052608144,0.23982558139534885,688,2.2679392362174133,0.2471,0.986800037889521,0.08333660735844235,,,0.9253492354121734,,0.9253728458066325,0.07462715419336752,0,0.09860699329441773,5,0.001,0.1,0.921358000007299,0.9632738957637381,0.9742723549115566,0.9765007331680404,0.9851020275888296,0.9878840337723753,0.9879150862460818,0.98642044842719,1.0,0.9892922409824559,0.9762296388475328,0.979296360663928
0,9,2.2577875178957743,0.2773306673331667,4001,2.265396992365519,0.2698650674662669,667,2.2679390853967147,0.2471,0.9848448202195916,0.08317148656293886,,,0.9091053090725986,,0.9091300103420613,0.09086998965793869,0,0.09860640316192233,5,0.001,0.1,0.9182005148160401,0.9585147569751042,0.973809416212966,0.9742146671862275,0.980776159573938,0.9802580105333691,0.9847000339233735,0.9911323074535703,0.9892922409824559,1.0,0.9793628721952283,0.9783979018729974
0,10,2.256554796265774,0.3041398817176652,3889,2.267061029161726,0.2515432098765432,648,2.2679428642931074,0.2471,0.9791811488310361,0.0826931817994685,,,0.8620515910839618,,0.8620736316099786,0.13792636839002137,0,0.09860208498935082,5,0.001,0.1,0.9155354679356403,0.952890246403341,0.9654370445890066,0.9729229335948968,0.9682923909523219,0.9772430905553883,0.9788502333606347,0.9822778821768569,0.9762296388475328,0.9793628721952283,1.0,0.971768356510019
0,11,2.257371940532652,0.24953838037457135,3791,2.2663148403167725,0.26582278481012656,632,2.2679443336523377,0.2471,0.9775895474458277,0.08255876889450556,,,0.8488285847348909,,0.8488512579619374,0.1511487420380626,0,0.09860067790035416,5,0.001,0.1,0.9099863768742706,0.9504628563396524,0.967016162750814,0.964742447131634,0.9740253451807328,0.9777347158625407,0.974726016277995,0.9783575958174736,0.979296360663928,0.9783979018729974,0.971768356510019,1.0
1,0,1.9401396974051508,0.5140004869734599,8214,2.22230032432911,0.39590942293645,1369,2.2209168356447555,0.3959,0.9783067801054809,0.08175242404987221,,,0.75,,0.7500024163694532,0.2499975836305468,0.9635891701623812,0.09931004614529443,5,0.001,0.1,1.0,0.991794991877438,0.9867332335509854,0.9799233495779717,0.9765663946016404,0.9689703626486772,0.9671736162211858,0.9644459225767424,0.9598839232060123,0.9577663389442839,0.9567586979460374,0.9525510886558242
1,1,2.05746732521983,0.5353209613629449,6574,2.216451590401786,0.41788321167883213,1096,2.2208527025704186,0.3964,0.9916965050209932,0.08341675509792978,,,0.9405293260573488,,0.9405476459728787,0.059452354027121346,0.9636661574421941,0.09934237703681906,5,0.001,0.1,0.991794991877438,1.0,0.9946872255464074,0.9915740280878731,0.9883380569390726,0.9869857200104615,0.9851984441342676,0.9810208925087229,0.9790488996272734,0.9769207027803571,0.9747473546116059,0.9715299329342498
1,2,2.102903919325349,0.5002939650700329,5783,2.222402472649851,0.3900414937759336,964,2.2208524207337597,0.3963,0.9959789430391665,0.08382304600781153,,,0.9870407057094561,,0.9870627579474391,0.01293724205256086,0.9636777306941788,0.0993425617748565,5,0.001,0.1,0.9867332335509854,0.9946872255464074,1.0,0.9942270565815372,0.9941507415986461,0.9897637656962991,0.9894926296709322,0.9891025637224407,0.9869082412436023,0.9854481108989122,0.9814113918313108,0.9808675266343159
1,3,2.12322198353618,0.4694533762057878,5287,2.2212008578436717,0.3995459704880817,881,2.220852416925156,0.3963,0.9967122652485944,0.08384496182535751,,,0.98954958514898,,0.9895612839620727,0.010438716037927342,0.9636777470970591,0.09934256191901703,5,0.001,0.1,0.9799233495779717,0.9915740280878731,0.9942270565815372,1.0,0.9949421234897157,0.9932911247131315,0.9945379463574647,0.9890897405265734,0.9887043011252278,0.9865928932456837,0.9865162713694989,0.9819930824347078
1,4,2.1344268348140103,0.4633029381965552,4935,2.2204418090673594,0.39172749391727496,822,2.2208524207337597,0.3963,0.997228393779843,0.08384889633374025,,,0.989999999885522,,0.9900107286803723,0.00998927131962768,0.9636777483654956,0.09934256193728425,5,0.001,0.1,0.9765663946016404,0.9883380569390726,0.9941507415986461,0.9949421234897157,1.0,0.9942378472704608,0.9942496136385763,0.9909923689399317,0.9923435875567056,0.9898407600679235,0.9851210389618097,0.9867325973206746
1,5,2.1538621884502778,0.4538675808870795,4667,2.2233887004852293,0.36118251928020567,778,2.2208523392296446,0.3963,0.9968883251119431,0.08377115307629851,,,0.9811001055627158,,0.9811136563536018,0.018886343646398185,0.9636793531980665,0.09934255271851518,5,0.001,0.1,0.9689703626486772,0.9869857200104615,0.9897637656962991,0.9932911247131315,0.9942378472704608,1.0,0.9965934941222099,0.9919794107339347,0.9936080892634724,0.9909154284262132,0.9879139955705518,0.9891289365701632
1,6,2.1574556284291404,0.45331237368066474,4453,2.219684213399887,0.38274932614555257,742,2.2208523620812657,0.3963,0.9969846650577283,0.08374648722302122,,,0.9782764074727017,,0.9782913368322363,0.021708663167763653,0.9636793964689819,0.09934254197328121,5,0.001,0.1,0.9671736162211858,0.9851984441342676,0.9894926296709322,0.9945379463574647,0.9942496136385763,0.9965934941222099,1.0,0.992805747501396,0.9942116247230428,0.9930255210026298,0.9898003574779249,0.9874091603580495
1,7,2.1692155434124505,0.4855740004676175,4277,2.220708722653596,0.3899018232819074,713,2.2208527178048327,0.3963,0.995724794823044,0.08350853495173878,,,0.9510361021655508,,0.9510540203554962,0.048945979644503756,0.9636667917795128,0.09934244301053037,5,0.001,0.1,0.9644459225767424,0.9810208925087229,0.9891025637224407,0.9890897405265734,0.9909923689399317,0.9919794107339347,0.992805747501396,1.0,0.9941449384612854,0.9955250655986135,0.9918808895520077,0.988604458558181
1,8,2.1764525945370012,0.44126907241462826,4129,2.2211191979321567,0.3938953488372093,688,2.220853956362691,0.3964,0.9952312643056667,0.0833950436117083,,,0.9380438380636524,,0.9380732836527774,0.06192671634722258,0.9636539787681693,0.09934237338758914,5,0.001,0.1,0.9598839232060123,0.9790488996272734,0.9869082412436023,0.9887043011252278,0.9923435875567056,0.9936080892634724,0.9942116247230428,0.9941449384612854,1.0,0.9959441172457929,0.989135410576605,0.9896758241185197
1,9,2.178396281174251,0.4704323919020245,4001,2.221006120954241,0.4002998500749625,667,2.220853336322041,0.3964,0.9941666565192334,0.08325915040098016,,,0.922487052118921,,0.9225021988962024,0.07749780110379756,0.9636483856104932,0.09934187663096261,5,0.001,0.1,0.9577663389442839,0.9769207027803571,0.9854481108989122,0.9865928932456837,0.9898407600679235,0.9909154284262132,0.9930255210026298,0.9955250655986135,0.9959441172457929,1.0,0.9904942210604166,0.9884810020651895
1,10,2.177753806895897,0.46207251221393675,3889,2.2197860195523216,0.3966049382716049,648,2.220858818425919,0.3964,0.9915567429867521,0.08288083643290861,,,0.8791784174221902,,0.8792008582944297,0.12079914170557027,0.9636226176029518,0.09934063750426289,5,0.001,0.1,0.9567586979460374,0.9747473546116059,0.9814113918313108,0.9865162713694989,0.9851210389618097,0.9879139955705518,0.9898003574779249,0.9918808895520077,0.989135410576605,0.9904942210604166,1.0,0.9861928323482624
1,11,2.1820242941880426,0.4358744394618834,3791,2.2178611040115355,0.435126582278481,632,2.2208623893725608,0.3963,0.9901488694674477,0.08275271098863315,,,0.8645108700150252,,0.8645238302355477,0.13547616976445231,0.9636448030288611,0.09933838477294524,5,0.001,0.1,0.9525510886558242,0.9715299329342498,0.9808675266343159,0.9819930824347078,0.9867325973206746,0.9891289365701632,0.9874091603580495,0.988604458558181,0.9896758241185197,0.9884810020651895,0.9861928323482624,1.0
2,0,1.734503352966754,0.5699050401753104,8214,2.163218243177547,0.48794740686632576,1369,2.161796574394543,0.49,0.9855741469783581,0.08203997389802456,,,0.75,,0.7500024163694532,0.2499975836305468,0.9862750932300816,0.09952103282123861,5,0.001,0.1,1.0,0.9938797548172207,0.9910610302226273,0.9863667136526812,0.9840959781283871,0.9782166160337249,0.9783689700731867,0.9774898570311381,0.9731202211815181,0.9720163159043967,0.9714357864596835,0.9687521714240662
2,1,1.8675543776993613,0.5929723151810161,6574,2.1551771777016775,0.5082116788321168,1096,2.161675786057981,0.4903,0.9943496470808536,0.08334537093379737,,,0.9350812674107813,,0.9350914837474991,0.06490851625250094,0.9864418117018589,0.09955824493011574,5,0.001,0.1,0.9938797548172207,1.0,0.9965508551614565,0.9941373982570016,0.9915865146881391,0.990601286542573,0.9899566123092559,0.9879968739308151,0.9851511054525195,0.9839654415221668,0.9836322359490467,0.9819531701509718
2,2,1.9350347159317185,0.5608161853709147,5783,2.1643570238544094,0.4699170124481328,964,2.1616745132226916,0.4903,0.9970367967503364,0.08368164787486218,,,0.9827591468204345,,0.9827712857985135,0.017228714201486528,0.9864487493708033,0.099558477124358,5,0.001,0.1,0.9910610302226273,0.9965508551614565,1.0,0.9957217086531208,0.9955258303521496,0.9925308524391819,0.992791246051873,0.9925801507129584,0.990497009854083,0.989456761002575,0.9876474585355148,0.9870719495194197
2,3,1.9678125525095376,0.5325137128806506,5287,2.161732111658369,0.4869466515323496,881,2.161674458378801,0.4903,0.997989646863366,0.08372589325893778,,,0.9890323277281431,,0.9890441808990827,0.010955819100917252,0.986449191850285,0.09955847826644014,5,0.001,0.1,0.9863667136526812,0.9941373982570016,0.9957217086531208,1.0,0.9960074243460537,0.9952457143487446,0.9963133088834204,0.9932034314256643,0.9929254650479736,0.9917939612671938,0.9921019162367185,0.9889150596750246
2,4,1.986191236742081,0.5411550151975684,4935,2.161365454013531,0.5,822,2.161674458378801,0.4903,0.9981261055320569,0.08373271834906101,,,0.9899999998582184,,0.9900107286803723,0.00998927131962768,0.9864491953921152,0.09955847830101888,5,0.001,0.1,0.9840959781283871,0.9915865146881391,0.9955258303521496,0.9960074243460537,1.0,0.9956599845959775,0.9958496807825776,0.9947261756350574,0.9952471739525282,0.9934128995429571,0.9908819348607144,0.9913361034648307
2,5,2.019088918705509,0.5298478680094278,4667,2.1648519325256346,0.45629820051413883,778,2.161674506367205,0.4903,0.9975778058134134,0.08366726973504249,,,0.9807205912944809,,0.9807415354578054,0.019258464542194598,0.9864473669203858,0.09955847692398775,5,0.001,0.1,0.9782166160337249,0.990601286542573,0.9925308524391819,0.9952457143487446,0.9956599845959775,1.0,0.9974954399485881,0.9943634262082276,0.9951116970380582,0.992977145548477,0.9920959346941507,0.9934101915661623
2,6,2.024507878337588,0.5408488659330788,4453,2.1589532593886056,0.49595687331536387,742,2.1616745383594744,0.4903,0.9979862839860427,0.0836653253289859,,,0.9804449103120277,,0.9804612366012314,0.019538763398768588,0.9864471209375301,0.09955847687882,5,0.001,0.1,0.9783689700731867,0.9899566123092559,0.992791246051873,0.9963133088834204,0.9958496807825776,0.9974954399485881,1.0,0.994909679800782,0.9961394128494654,0.9948180931682966,0.9938838502156271,0.9920571199362369
2,7,2.0458166520986985,0.5720364741641337,4277,2.1606956564861797,0.48667601683029454,713,2.161675645901372,0.4903,0.9971983701088128,0.0834937723296939,,,0.9561218532903092,,0.9561380616850794,0.04386193831492058,0.9864449399885502,0.09955839738819408,5,0.001,0.1,0.9774898570311381,0.9879968739308151,0.9925801507129584,0.9932034314256643,0.9947261756350574,0.9943634262082276,0.994909679800782,1.0,0.9955303628062103,0.9961760886183855,0.994353953226773,0.9918867781572698
2,8,2.0586993189958425,0.5347057398885929,4129,2.1618846329775723,0.4694767441860465,688,2.16167766750811,0.4903,0.9965819819911244,0.08340417571713932,,,0.9434187030970053,,0.9434376238389345,0.05656237616106552,0.9864443715970906,0.09955831649181808,5,0.001,0.1,0.9731202211815181,0.9851511054525195,0.990497009854083,0.9929254650479736,0.9952471739525282,0.9951116970380582,0.9961394128494654,0.9955303628062103,1.0,0.9965219747888947,0.9932828147928312,0.9922492945461486
2,9,2.0626432329889326,0.5598600349912521,4001,2.1649426846277144,0.5052473763118441,667,2.1616777200668382,0.4903,0.9958835204935934,0.08329817321399043,,,0.9283894996486479,,0.9284078058398817,0.0715921941601183,0.9864315076761455,0.09955818627136541,5,0.001,0.1,0.9720163159043967,0.9839654415221668,0.989456761002575,0.9917939612671938,0.9934128995429571,0.992977145548477,0.9948180931682966,0.9961760886183855,0.9965219747888947,1.0,0.9943982627154274,0.9919255909401632
2,10,2.0632406332453743,0.5449215736693237,3889,2.1603561015356156,0.5046296296296297,648,2.1616849000461564,0.4902,0.9948127510156288,0.0830313039615858,,,0.8905523527006506,,0.8905674602023951,0.10943253979760492,0.9864259585193818,0.09955756963214787,5,0.001,0.1,0.9714357864596835,0.9836322359490467,0.9876474585355148,0.9921019162367185,0.9908819348607144,0.9920959346941507,0.9938838502156271,0.994353953226773,0.9932828147928312,0.9943982627154274,1.0,0.9910041079475036
2,11,2.071398179871695,0.5248219467159061,3791,2.1568137764930726,0.5189873417721519,632,2.161693134246924,0.4902,0.9936285759696012,0.0829143753988793,,,0.8739740351549644,,0.8739863330143726,0.12601366698562744,0.9863722031634395,0.09955561725244806,5,0.001,0.1,0.9687521714240662,0.9819531701509718,0.9870719495194197,0.9889150596750246,0.9913361034648307,0.9934101915661623,0.9920571199362369,0.9918867781572698,0.9922492945461486,0.9919255909401632,0.9910041079475036,1.0
3,0,1.561909253912677,0.6008765522279036,8214,2.0910881730013116,0.5617238860482103,1369,2.0893943081267725,0.5631,0.9876465525278951,0.08225339166587692,,,0.75,,0.7500024163694532,0.2499975836305468,0.9933333831636175,0.099613472047243,5,0.001,0.1,1.0,0.9944961103719762,0.9924430512215926,0.988608083926843,0.9868962693272015,0.9808768184142023,0.9818835079253717,0.9812894181891092,0.9778478430314022,0.9766240161223444,0.9759093748311005,0.973777240135826
3,1,1.6854415387204549,0.6226346212351689,6574,2.0803610937935963,0.5793795620437956,1096,2.0891882375406383,0.5647,0.9957520381297789,0.08331637885695882,,,0.9323918496357001,,0.9324093136544205,0.06759068634557952,0.9935807393960603,0.09965193341723001,5,0.001,0.1,0.9944961103719762,1.0,0.9972456319872016,0.9955679857805182,0.9941901665553445,0.9922349540503597,0.9923053625013413,0.9914375265856157,0.9890545154717131,0.9873630194643392,0.9872993268669636,0.9862027376763162
3,2,1.7571191237117705,0.5964378350337195,5783,2.0931559147373324,0.5383817427385892,964,2.089186137476668,0.5646,0.997570092794353,0.08358148960806568,,,0.9778806764610495,,0.977899884980814,0.022100115019185962,0.993581499150217,0.09965210297975234,5,0.001,0.1,0.9924430512215926,0.9972456319872016,1.0,0.9964235408856281,0.9967218690879189,0.9937174305345821,0.9941922069875313,0.9943374917772231,0.9923437915404537,0.9915787121873025,0.9899041425660207,0.9901804649749897
3,3,1.7964092967021896,0.5735577832419141,5287,2.0890637125287737,0.5595913734392736,881,2.089186069683526,0.5646,0.9984682050772212,0.08363765508340386,,,0.9875177868783189,,0.987536366360271,0.012463633639729021,0.9935816986945424,0.09965211522752342,5,0.001,0.1,0.988608083926843,0.9955679857805182,0.9964235408856281,1.0,0.997125241347942,0.9961288860280919,0.9967686498991025,0.9954664755049879,0.9945018556237047,0.9934076886487855,0.9936562404101477,0.9921105695572635
3,4,1.8146857981528006,0.5827355623100304,4935,2.088846179155203,0.5681265206812652,822,2.0891860734921295,0.5646,0.9987863813616449,0.08365212152242929,,,0.9899999998284157,,0.9900107286803723,0.00998927131962768,0.993581702725074,0.09965211529597061,5,0.001,0.1,0.9868962693272015,0.9941901665553445,0.9967218690879189,0.997125241347942,1.0,0.9968306425319406,0.996774041804638,0.9961474326297326,0.9960642548121048,0.9950283782126249,0.993501666501849,0.9942677322484517
3,5,1.8572395545162568,0.5773301907006643,4667,2.093037233352661,0.5411311053984575,778,2.0891861763244237,0.5646,0.9980784158405377,0.08358908499137316,,,0.9791839245356888,,0.9792095572244613,0.020790442775538653,0.9935817514522396,0.09965210950235759,5,0.001,0.1,0.9808768184142023,0.9922349540503597,0.9937174305345821,0.9961288860280919,0.9968306425319406,1.0,0.9978170948572525,0.9962692156842675,0.9962000466737434,0.9946732255475219,0.9945558492130979,0.9957105187409225
3,6,1.8630297103949955,0.5878284302717269,4453,2.084593415260315,0.5633423180592992,742,2.089186224312828,0.5646,0.9982692440891417,0.0835940557323023,,,0.9800368253417688,,0.9800601192719962,0.01993988072800379,0.9935817473645606,0.09965210957558158,5,0.001,0.1,0.9818835079253717,0.9923053625013413,0.9941922069875313,0.9967686498991025,0.996774041804638,0.9978170948572525,1.0,0.9961526050317513,0.9964617536335066,0.9951999035383507,0.9953769959338706,0.994371941247958
3,7,1.890734260295754,0.6077156885667524,4277,2.087210878081944,0.5680224403927069,713,2.089187910762458,0.5647,0.9980720503501125,0.08348239822272452,,,0.9608781563865201,,0.960893476769024,0.039106523230975965,0.9935813296785693,0.0996520686360165,5,0.001,0.1,0.9812894181891092,0.9914375265856157,0.9943374917772231,0.9954664755049879,0.9961474326297326,0.9962692156842675,0.9961526050317513,1.0,0.9966170758730876,0.9970835343550468,0.9956232712951377,0.9945378705074573
3,8,1.91066490650177,0.587696778881085,4129,2.089326652613553,0.5566860465116279,688,2.089190475476055,0.5647,0.9973602528997659,0.0834044174804232,,,0.9474978899603301,,0.9475212882148829,0.052478711785117094,0.9935815490865422,0.09965200967834037,5,0.001,0.1,0.9778478430314022,0.9890545154717131,0.9923437915404537,0.9945018556237047,0.9960642548121048,0.9962000466737434,0.9964617536335066,0.9966170758730876,1.0,0.9973169310268125,0.9956532399176733,0.994350910845136
3,9,1.9163593023542373,0.5873031742064484,4001,2.096126817521595,0.5622188905547226,667,2.0891914428613436,0.5647,0.9966306480677127,0.08331579268541045,,,0.9322912718358847,,0.932307826137385,0.06769217386261495,0.9935812296839951,0.09965193326066737,5,0.001,0.1,0.9766240161223444,0.9873630194643392,0.9915787121873025,0.9934076886487855,0.9950283782126249,0.9946732255475219,0.9951999035383507,0.9970835343550468,0.9973169310268125,1.0,0.9958234753544991,0.9935935705880076
3,10,1.9161224658371971,0.587040370275135,3889,2.0874022529238747,0.5740740740740741,648,2.089200092961613,0.5642,0.9960588732479603,0.08313353678058986,,,0.9010190308661499,,0.9010400054126676,0.0989599945873324,0.9935777806182635,0.09965157084717882,5,0.001,0.1,0.9759093748311005,0.9872993268669636,0.9899041425660207,0.9936562404101477,0.993501666501849,0.9945558492130979,0.9953769959338706,0.9956232712951377,0.9956532399176733,0.9958234753544991,1.0,0.993570758199817
3,11,1.9298181113074808,0.5773674492218412,3791,2.0818391919136046,0.6123417721518988,632,2.089210401327846,0.5642,0.9953748099784732,0.08303967737044196,,,0.8849142352804494,,0.8849324866374769,0.11506751336252308,0.9935702852525278,0.0996513293550078,5,0.001,0.1,0.973777240135826,0.9862027376763162,0.9901804649749897,0.9921105695572635,0.9942677322484517,0.9957105187409225,0.994371941247958,0.9945378705074573,0.994350910845136,0.9935935705880076,0.993570758199817,1.0
4,0,1.4216997534384523,0.6270757243730217,8214,2.005310951277267,0.6165084002921841,1369,2.0031692734160744,0.6169,0.9883673840067839,0.08239564169468354,,,0.75,,0.7500024163694532,0.2499975836305468,0.9959332381453626,0.09965151431700162,5,0.001,0.1,1.0,0.994686696085082,0.9928516826942921,0.9893705737245666,0.9878589180627635,0.9822227858483726,0.9833641216388793,0.9822009145290793,0.9798855581335605,0.9783173381535931,0.9777890732294129,0.9751351880543732
4,1,1.5286644985953581,0.6442348646181929,6574,1.991280038016183,0.6322992700729927,1096,2.002855621587735,0.6169,0.9961906047325682,0.08330060424628462,,,0.9312172090134576,,0.9312397908390602,0.06876020916093983,0.9960143356539964,0.09968925628629179,5,0.001,0.1,0.994686696085082,1.0,0.9974116411234152,0.9958696709645245,0.9948200780931665,0.9927731614398966,0.9930230505009909,0.9922012268601154,0.9907095873888516,0.9892749755546513,0.9889276946873465,0.9874229787388594
4,2,1.5947592636498298,0.6189175168597614,5783,2.0081972652865994,0.5850622406639004,964,2.002852641736357,0.6169,0.9976066664705968,0.08350902245816234,,,0.9729526008230249,,0.9729753240351436,0.02702467596485636,0.996016099729661,0.09968937190836351,5,0.001,0.1,0.9928516826942921,0.9974116411234152,1.0,0.9965215128716769,0.9967662142164813,0.9939833225491409,0.994856216646063,0.9944645570470481,0.9933443506362927,0.9921655123491216,0.9910098762209738,0.9906452015328553
4,3,1.633920231281993,0.6080196708908644,5287,2.0026159414223264,0.6129398410896708,881,2.0028526447832395,0.6169,0.9985017212913977,0.08357239568853571,,,0.9856429822251169,,0.9856564309256628,0.014343569074337204,0.9960159807874119,0.09968937368805407,5,0.001,0.1,0.9893705737245666,0.9958696709645245,0.9965215128716769,1.0,0.9970837982755857,0.9964263257070296,0.9970908679103313,0.9957703021751286,0.995285064333837,0.994145926704093,0.9943348904082925,0.9927768838109359
4,4,1.6501212964519378,0.6164133738601824,4935,2.0024834137696486,0.6204379562043796,822,2.0028526512578653,0.6169,0.9989005451547014,0.08359415376417972,,,0.9899999997997517,,0.9900107286803723,0.00998927131962768,0.9960159918576701,0.09968937391158744,5,0.001,0.1,0.9878589180627635,0.9948200780931665,0.9967662142164813,0.9970837982755857,1.0,0.9969178671697484,0.9976011354277099,0.9964293446673504,0.996811797941884,0.9958977978280411,0.9947041856646704,0.9945365302527813
4,5,1.6947051092369916,0.6227983715448897,4667,2.007486252784729,0.596401028277635,778,2.002852775037479,0.6169,0.9983176595217191,0.08353664629552593,,,0.9784842271874685,,0.9784991446052136,0.02150085539478641,0.9960160388320818,0.09968937247963254,5,0.001,0.1,0.9822227858483726,0.9927731614398966,0.9939833225491409,0.9964263257070296,0.9969178671697484,1.0,0.9979777611221958,0.996898620143889,0.996769803768232,0.9960623549879196,0.9959016099117367,0.9964684483028282
4,6,1.6986717160258975,0.6266786436110487,4453,1.996355136235555,0.6212938005390836,742,2.0028528493052473,0.6169,0.9987179250303637,0.08355262395474473,,,0.981683726222072,,0.9816984177612821,0.018301582238717917,0.9960160321043005,0.0996893734736998,5,0.001,0.1,0.9833641216388793,0.9930230505009909,0.994856216646063,0.9970908679103313,0.9976011354277099,0.9979777611221958,1.0,0.9970797346765954,0.9972603029683097,0.9966654422975961,0.9963896250149707,0.9958876576148672
4,7,1.7269142401752187,0.6298339957914426,4277,1.9998089748880137,0.6409537166900421,713,2.002855139418532,0.6169,0.9981967070169399,0.08346727220075721,,,0.9645921829149405,,0.964605020249176,0.03539497975082395,0.9960153147471784,0.09968935284835075,5,0.001,0.1,0.9822009145290793,0.9922012268601154,0.9944645570470481,0.9957703021751286,0.9964293446673504,0.996898620143889,0.9970797346765954,1.0,0.9967438039898476,0.9975240311332118,0.9962152087617787,0.9954340434675422
4,8,1.751955879376485,0.6149673044320659,4129,2.00282621383667,0.6148255813953488,688,2.0028574931354948,0.6169,0.99776999898581,0.08340563838336601,,,0.9522501159987813,,0.9522670378210146,0.04773296217898537,0.9960143479484909,0.09968933175167957,5,0.001,0.1,0.9798855581335605,0.9907095873888516,0.9933443506362927,0.995285064333837,0.996811797941884,0.996769803768232,0.9972603029683097,0.9967438039898476,1.0,0.997318303544112,0.995932500662065,0.9957728094766731
4,9,1.7546511476948148,0.6171957010747313,4001,2.0139172133945284,0.5967016491754122,667,2.0028597025063855,0.6168,0.9972511456659606,0.08333449688703808,,,0.9380041525754548,,0.9380346217415257,0.06196537825847426,0.9960141596686777,0.0996892853733548,5,0.001,0.1,0.9783173381535931,0.9892749755546513,0.9921655123491216,0.994145926704093,0.9958977978280411,0.9960623549879196,0.9966654422975961,0.9975240311332118,0.997318303544112,1.0,0.9969427805080656,0.9953093502523119
4,10,1.7556005122231655,0.6093083054769863,3889,2.0003640481403897,0.6141975308641975,648,2.0028696109692508,0.6169,0.9967460866028043,0.08320634474410153,,,0.9123419043078697,,0.9123631126704749,0.08763688732952513,0.996014940733492,0.09968913315984354,5,0.001,0.1,0.9777890732294129,0.9889276946873465,0.9910098762209738,0.9943348904082925,0.9947041856646704,0.9959016099117367,0.9963896250149707,0.9962152087617787,0.995932500662065,0.9969427805080656,1.0,0.9954469370586133
4,11,1.7725119384396977,0.6102347665523609,3791,1.9926073968410491,0.6598101265822784,632,2.0028803062895997,0.6171,0.9960157162592813,0.08312515968262044,,,0.8960847340756196,,0.8961009462502779,0.10389905374972208,0.9960139241873234,0.09968896650273269,5,0.001,0.1,0.9751351880543732,0.9874229787388594,0.9906452015328553,0.9927768838109359,0.9945365302527813,0.9964684483028282,0.9958876576148672,0.9954340434675422,0.9957728094766731,0.9953093502523119,0.9954469370586133,1.0
5,0,1.3080329074933834,0.6434867299732164,8214,1.9063709641611852,0.6325785244704164,1369,1.9035573915932507,0.6369,0.9888978469637916,0.08249676220235426,,,0.75,,0.7500024163694532,0.2499975836305468,0.9972722480364097,0.09966220288531949,5,0.001,0.1,1.0,0.9946973549664653,0.9931908301584816,0.9898802595615891,0.988498073457936,0.9829495242134685,0.9843374828953695,0.9824391906597314,0.9811328119669229,0.9798148100609949,0.9784602362077733,0.9758219924799229
5,1,1.3984539621663326,0.6563127471858838,6574,1.8882901191711425,0.6496350364963503,1096,1.9031129850747106,0.6373,0.9962491034400593,0.08328947910793699,,,0.929831996942243,,0.9298527947729096,0.07014720522709039,0.9973557972163937,0.09969938690070558,5,0.001,0.1,0.9946973549664653,1.0,0.9973048761304985,0.9956058500141465,0.9949791163655198,0.992754438730105,0.993081599431409,0.9920855616285567,0.9911360363698428,0.9902930171593628,0.9893416953411636,0.9877651706971171
5,2,1.457601785923236,0.6341691163755836,5783,1.9099332901739305,0.6078838174273858,964,1.9031092088443402,0.6373,0.9975641092712442,0.08345983766059685,,,0.9684787301016574,,0.9684905423299601,0.031509457670039875,0.9973563745977102,0.09969945964235928,5,0.001,0.1,0.9931908301584816,0.9973048761304985,1.0,0.9962679935624499,0.9968547893482944,0.9939865165841334,0.9950054692556932,0.9940140984269614,0.9934572352074351,0.9926471655738135,0.9911576646956258,0.9908565364230257
5,3,1.4927112427820641,0.6303385662946851,5287,1.9028907716274261,0.6311010215664018,881,1.9031092583561857,0.6373,0.9983211090204758,0.083523172579091,,,0.9828465892816068,,0.982863107837736,0.017136892162263995,0.9973563803099034,0.09969946639160292,5,0.001,0.1,0.9898802595615891,0.9956058500141465,0.9962679935624499,1.0,0.9968985454118271,0.9961346958438898,0.9967040446420558,0.9954622162724673,0.9951771501315897,0.9947646001538532,0.9941714559204605,0.9926877730309766
5,4,1.5055945471025283,0.6395542046605877,4935,1.9028084323956416,0.656934306569343,822,1.9031092537858616,0.6373,0.9988840855478682,0.08355470550718853,,,0.9899999997731447,,0.9900107286803723,0.00998927131962768,0.9973563646537761,0.09969946765180493,5,0.001,0.1,0.988498073457936,0.9949791163655198,0.9968547893482944,0.9968985454118271,1.0,0.9969067809433204,0.9975234775204653,0.9961651505930423,0.9968930656741022,0.9962481192285957,0.9949339889942778,0.994570231602729
5,5,1.5486472302103695,0.6434111849153632,4667,1.908894248008728,0.6272493573264781,778,1.903109435075388,0.6373,0.998301953086118,0.08350061740462475,,,0.977729829392822,,0.9777500700747142,0.02224992992528585,0.9973563490508486,0.09969946472361856,5,0.001,0.1,0.9829495242134685,0.992754438730105,0.9939865165841334,0.9961346958438898,0.9969067809433204,1.0,0.9975915467402344,0.9968653647030172,0.9968591685604827,0.9968209202654214,0.9960397793745663,0.9965504211191565
5,6,1.5490993250267846,0.6468897372557826,4453,1.894875963528951,0.6495956873315364,742,1.9031095005833685,0.6373,0.9986689241357212,0.08352227321250072,,,0.9826425632430866,,0.9826601328036652,0.017339867196334846,0.9973563619145654,0.09969946638464332,5,0.001,0.1,0.9843374828953695,0.993081599431409,0.9950054692556932,0.9967040446420558,0.9975234775204653,0.9975915467402344,1.0,0.997097992839114,0.9971899495277025,0.9970031858062074,0.9964328781392375,0.9958898063981583
5,7,1.5756577414363178,0.6433481412204817,4277,1.8985777989677761,0.6577840112201964,713,1.9031123391355569,0.6373,0.9980455165097111,0.08344976630523174,,,0.9661939901970735,,0.9662094895661167,0.03379051043388326,0.9973562984602478,0.0996994592078631,5,0.001,0.1,0.9824391906597314,0.9920855616285567,0.9940140984269614,0.9954622162724673,0.9961651505930423,0.9968653647030172,0.997097992839114,1.0,0.9969133449995063,0.9973361576367271,0.996346036314421,0.9956663510437808
5,8,1.6038769467977376,0.6372971663841124,4129,1.9029579650272022,0.6308139534883721,688,1.9031151666427955,0.6373,0.9979863428129705,0.08341003554339599,,,0.9571808580301656,,0.9572012642444979,0.04279873575550208,0.9973561049584625,0.09969944484449648,5,0.001,0.1,0.9811328119669229,0.9911360363698428,0.9934572352074351,0.9951771501315897,0.9968930656741022,0.9968591685604827,0.9971899495277025,0.9969133449995063,1.0,0.9979000756163546,0.99689629071146,0.9961170398065381
5,9,1.608185757341839,0.6298925268682829,4001,1.918606162071228,0.6026986506746627,667,1.9031181240234132,0.6373,0.997737537850258,0.08335834640094271,,,0.9454549043610281,,0.9454818723963619,0.054518127603638056,0.9973559730633728,0.09969943092240514,5,0.001,0.1,0.9798148100609949,0.9902930171593628,0.9926471655738135,0.9947646001538532,0.9962481192285957,0.9968209202654214,0.9970031858062074,0.9973361576367271,0.9979000756163546,1.0,0.9975420945997897,0.996318268682562
5,10,1.6027764404406313,0.625404988428902,3889,1.899706658862886,0.6311728395061729,648,1.9031290036801713,0.6372,0.9969612465152693,0.08325463885225919,,,0.9219283018041755,,0.9219512666608674,0.07804873333913265,0.9973559229468121,0.09969936222212797,5,0.001,0.1,0.9784602362077733,0.9893416953411636,0.9911576646956258,0.9941714559204605,0.9949339889942778,0.9960397793745663,0.9964328781392375,0.996346036314421,0.99689629071146,0.9975420945997897,1.0,0.9960811897000611
5,11,1.6212731641881606,0.6299129517277763,3791,1.8894179046154023,0.6787974683544303,632,1.9031418280098766,0.6372,0.9962039672940297,0.08318036522387733,,,0.9050789387869489,,0.9050946733551773,0.09490532664482265,0.9973546844590719,0.09969923341836365,5,0.001,0.1,0.9758219924799229,0.9877651706971171,0.9908565364230257,0.9926877730309766,0.994570231602729,0.9965504211191565,0.9958898063981583,0.9956663510437808,0.9961170398065381,0.996318268682562,0.9960811897000611,1.0
6,0,1.2149349065142383,0.6552471390309228,8214,1.7958204663077066,0.6471877282688093,1369,1.7922587489929442,0.6499,0.9893706574866431,0.08257564363285534,,,0.99,,0.9900107286803723,0.00998927131962768,0.9973927173186892,0.09969442892986409,5,0.001,0.1,1.0,0.9947091471867265,0.9931830935037381,0.9901271855739726,0.9887774388295592,0.983756222877269,0.9848318225549052,0.9830431639286452,0.9824558105605855,0.9802345152558601,0.9788499008685241,0.9763100202788546
6,1,1.290396602119057,0.6639184666869485,6574,1.7731580223355974,0.6614963503649635,1096,1.7917740805842244,0.6497,0.996083025144685,0.08327886434544203,,,0.99,,0.9900107286803723,0.00998927131962768,0.9977705224909715,0.09969442892986409,5,0.001,0.1,0.9947091471867265,1.0,0.9969528131644713,0.9954275905079417,0.9947834388647094,0.9926073164334768,0.9927904445414374,0.9917718449076387,0.9913983305902375,0.9895002097978101,0.9890856094830287,0.9874408513405644
6,2,1.3419283681152934,0.646584817568736,5783,1.8002596785945277,0.6172199170124482,964,1.7917699246360852,0.6497,0.9976580796188143,0.08343427016216744,,,0.99,,0.9900107286803723,0.00998927131962768,0.9977709678218079,0.09969442892986409,5,0.001,0.1,0.9931830935037381,0.9969528131644713,1.0,0.9962539381044692,0.9968892604157618,0.9940954955683272,0.9951595399864018,0.9940145547647367,0.9940726523770974,0.9926373408548402,0.9911753837755374,0.9908407157188452
6,3,1.3731153652610548,0.6440703612634765,5287,1.7915962381022317,0.6435868331441543,881,1.7917699817651378,0.6497,0.9980522069087623,0.08348586330775433,,,0.99,,0.9900107286803723,0.00998927131962768,0.9977710964805502,0.09969442892986409,5,0.001,0.1,0.9901271855739726,0.9954275905079417,0.9962539381044692,1.0,0.9964124157236348,0.995717359851557,0.996326719635559,0.9950190104862044,0.9947621013604827,0.9939330731444329,0.9937090858776045,0.992265000859782
6,4,1.3794624919276084,0.6520770010131712,4935,1.7915422916412354,0.6739659367396593,822,1.7917699703393273,0.6497,0.99886247399977,0.0835313815709663,,,0.99,,0.9900107286803723,0.00998927131962768,0.9977711121927269,0.09969442892986409,5,0.001,0.1,0.9887774388295592,0.9947834388647094,0.9968892604157618,0.9964124157236348,1.0,0.9967098279991854,0.9972995544229238,0.9960375727054269,0.9970262226584221,0.9961272808285462,0.994976884485693,0.9945879644216905
6,5,1.4222708411412697,0.6538247268052282,4667,1.7992484617233275,0.6388174807197944,778,1.791770232371248,0.6497,0.9981874168933421,0.08347638954569195,,,0.99,,0.9900107286803723,0.00998927131962768,0.99777105736207,0.09969442892986409,5,0.001,0.1,0.983756222877269,0.9926073164334768,0.9940954955683272,0.995717359851557,0.9967098279991854,1.0,0.9972142623962804,0.996696237708479,0.9961803727621121,0.9963341403258438,0.9958851236392969,0.9963159961079597
6,6,1.419856788771493,0.6596451830226814,4453,1.7822326918443043,0.660377358490566,742,1.7917702929280437,0.6497,0.9985995889893357,0.08350298988056604,,,0.99,,0.9900107286803723,0.00998927131962768,0.9977710964489777,0.09969442892986409,5,0.001,0.1,0.9848318225549052,0.9927904445414374,0.9951595399864018,0.996326719635559,0.9972995544229238,0.9972142623962804,1.0,0.9969128788738316,0.9969995410317578,0.9965781345496422,0.9965637482617123,0.9957707718317786
6,7,1.4425469454544693,0.6530278232405892,4277,1.7855582859205164,0.6633941093969145,713,1.7917736041279266,0.6497,0.9979597767653501,0.08343783378822703,,,0.99,,0.9900107286803723,0.00998927131962768,0.9977709651992844,0.09969442892986409,5,0.001,0.1,0.9830431639286452,0.9917718449076387,0.9940145547647367,0.9950190104862044,0.9960375727054269,0.996696237708479,0.9969128788738316,1.0,0.9965723916212552,0.9971034413783589,0.9959226405049467,0.995692183765457
6,8,1.4743506638820354,0.6495035117461855,4129,1.7915161577138035,0.6453488372093024,688,1.7917763508927709,0.6497,0.9979872377096551,0.08341434065168164,,,0.99,,0.9900107286803723,0.00998927131962768,0.9977710358644988,0.09969442892986409,5,0.001,0.1,0.9824558105605855,0.9913983305902375,0.9940726523770974,0.9947621013604827,0.9970262226584221,0.9961803727621121,0.9969995410317578,0.9965723916212552,1.0,0.9974812861501868,0.9964007420938565,0.9957597075583616
6,9,1.4690440266378342,0.6379405148712822,4001,1.8118387120110648,0.6116941529235382,667,1.7917801598771312,0.6498,0.997478887898397,0.08336620474239793,,,0.99,,0.9900107286803723,0.00998927131962768,0.9977709167219875,0.09969442892986409,5,0.001,0.1,0.9802345152558601,0.9895002097978101,0.9926373408548402,0.9939330731444329,0.9961272808285462,0.9963341403258438,0.9965781345496422,0.9971034413783589,0.9974812861501868,1.0,0.996813104018542,0.9962710276807335
