round,client_id,client_i_training_loss,client_i_training_accuracy,client_i_training_dataset_size,client_i_evaluation_loss,client_i_evaluation_accuracy,client_i_evaluation_dataset_size,client_i_central_evaluation_loss,client_i_central_evaluation_accuracy,client_i_cosine_similarity,client_i_importance_coefficient,client_i_tanh_val,tanh_normalization_value,client_i_q,client_i_mask_order,client_i_v_nonzero_fraction,client_i_v_sparsity,client_i_v_cosine_similarity,client_i_reward_gradient_norm,local_epochs,learning_rate,gamma,client_0_cosine_similarity,client_1_cosine_similarity,client_2_cosine_similarity,client_3_cosine_similarity,client_4_cosine_similarity,client_5_cosine_similarity,client_6_cosine_similarity,client_7_cosine_similarity,client_8_cosine_similarity,client_9_cosine_similarity,client_10_cosine_similarity,client_11_cosine_similarity
0,0,2.1493711503099373,0.3749695641587533,8214,2.269432827483776,0.21475529583637692,1369,2.2683356120563545,0.2197,0.9675870799883933,0.08160359318999452,,,0.6,,0.600013531668938,0.399986468331062,0,0.09850033453672717,5,0.001,0.1,1.0,0.987066063321251,0.9740616153686066,0.9596483587327032,0.9566998712047552,0.9498130853662851,0.942424869568726,0.9346411126381733,0.9321752509413938,0.9167841984242353,0.9199579833135724,0.9151967714742466
0,1,2.2060109594493236,0.3309704898083359,6574,2.269807175227574,0.20894160583941607,1096,2.268162714406705,0.2192,0.9908646535838,0.08356675876487231,,,0.8958665199893247,,0.8958834729994878,0.10411652700051222,0,0.09873370341711782,5,0.001,0.1,0.987066063321251,1.0,0.993201736528483,0.9853866346334729,0.9834217453630364,0.9761958264706458,0.9764850534102338,0.9666034209413035,0.9668158538442405,0.9556003258437833,0.9604272170349939,0.9559166676501885
0,2,2.222701034756655,0.3104271139546948,5783,2.2727574917577926,0.22510373443983403,964,2.268161935166429,0.2192,0.9956870433903662,0.08397346565887437,,,0.9571608677121588,,0.9571819332888721,0.04281806671112787,0,0.09873673110631355,5,0.001,0.1,0.9740616153686066,0.993201736528483,1.0,0.9908162341857775,0.989295281155466,0.9786466416826649,0.9869632031974801,0.9797059684920921,0.9769728197006909,0.9727513406053627,0.9745782122655565,0.9718659383679271
0,3,2.2335581655961922,0.30459617930773597,5287,2.2653577412877763,0.2383654937570942,881,2.2681619443070775,0.2192,0.9953756766424309,0.0839472058565714,,,0.9532032818506235,,0.9532287528633978,0.04677124713660219,0,0.09873671857678375,5,0.001,0.1,0.9596483587327032,0.9853866346334729,0.9908162341857775,1.0,0.9923568349484163,0.9877540323305841,0.9903158829201456,0.9793308317643228,0.9787841083716134,0.9808239580676592,0.982729606865134,0.9754164356674105
0,4,2.238938587557885,0.2947517730496454,4935,2.266456915782048,0.23357664233576642,822,2.2681620692292723,0.2192,0.9959104147514503,0.08399230417590005,,,0.9599999998492911,,0.9600139182880506,0.039986081711949395,0,0.09873686537022439,5,0.001,0.1,0.9566998712047552,0.9834217453630364,0.989295281155466,0.9923568349484163,1.0,0.9929289466664915,0.9919344863576565,0.9869812328793108,0.9827402631001503,0.9756676191158892,0.9854869292375062,0.9779998700853212
0,5,2.2406811965654976,0.29453610456395973,4667,2.2709672546386717,0.2095115681233933,778,2.2681630670833894,0.2192,0.990513621308445,0.08353715368271787,,,0.891404770688542,,0.8914228549888363,0.10857714501116367,0,0.09873321875313332,5,0.001,0.1,0.9498130853662851,0.9761958264706458,0.9786466416826649,0.9877540323305841,0.9929289466664915,1.0,0.9861868273780118,0.979666610653367,0.9811854767359297,0.9688381168980469,0.9824028825924581,0.9713476895325485
0,6,2.246487669604165,0.27078374129800137,4453,2.265955905119578,0.23045822102425875,742,2.2681615306927374,0.2192,0.9937038665292145,0.08380621005868263,,,0.9319539605563346,,0.9319695344139337,0.06803046558606629,0,0.09873598306336623,5,0.001,0.1,0.942424869568726,0.9764850534102338,0.9869632031974801,0.9903158829201456,0.9919344863576565,0.9861868273780118,1.0,0.9871341674707953,0.9865961685387185,0.9825597593943489,0.9912217047444511,0.9846769042399277
0,7,2.2500353774028037,0.24208557400046762,4277,2.2700505360313086,0.2187938288920056,713,2.2681654863083325,0.2192,0.9888539420659325,0.08339718096859948,,,0.8703096372216426,,0.8703231169232851,0.12967688307671488,0,0.09873065391359757,5,0.001,0.1,0.9346411126381733,0.9666034209413035,0.9797059684920921,0.9793308317643228,0.9869812328793108,0.979666610653367,0.9871341674707953,1.0,0.9853080678483188,0.9800539487754611,0.9899727989916485,0.9896791757722556
0,8,2.2514831631000227,0.23860498910147734,4129,2.2634333155371924,0.2136627906976744,688,2.268166535959457,0.2192,0.9874276341552475,0.08327689014112313,,,0.8521807391971963,,0.8522003460241057,0.14779965397589434,0,0.09872829193065846,5,0.001,0.1,0.9321752509413938,0.9668158538442405,0.9769728197006909,0.9787841083716134,0.9827402631001503,0.9811854767359297,0.9865961685387185,0.9853080678483188,1.0,0.9790007071448432,0.9896303212045117,0.9836156961841322
0,9,2.255915307241773,0.2577855536115971,4001,2.2666557289305187,0.2158920539730135,667,2.268181646212983,0.2196,0.9815173110286727,0.08277842998800886,,,0.7770583589239746,,0.7770705869844676,0.22292941301553237,0,0.09870948504093972,5,0.001,0.1,0.9167841984242353,0.9556003258437833,0.9727513406053627,0.9808239580676592,0.9756676191158892,0.9688381168980469,0.9825597593943489,0.9800539487754611,0.9790007071448432,1.0,0.9875057667048713,0.9856112701382079
0,10,2.2575633369508337,0.24525584983286192,3889,2.267058940160842,0.2052469135802469,648,2.2681665115843948,0.2191,0.9871843030327514,0.08325636827354005,,,0.849087911152946,,0.8491073931239791,0.1508926068760209,0,0.09872811772046687,5,0.001,0.1,0.9199579833135724,0.9604272170349939,0.9745782122655565,0.982729606865134,0.9854869292375062,0.9824028825924581,0.9912217047444511,0.9899727989916485,0.9896303212045117,0.9875057667048713,1.0,0.9914234520834662
0,11,2.2587049335992635,0.22363492482194672,3791,2.2658926844596863,0.21518987341772153,632,2.2681781331571145,0.2195,0.9825371367350171,0.08286443924111526,,,0.7900207186602685,,0.7900416582093736,0.20995834179062645,0,0.09871407453980839,5,0.001,0.1,0.9151967714742466,0.9559166676501885,0.9718659383679271,0.9754164356674105,0.9779998700853212,0.9713476895325485,0.9846769042399277,0.9896791757722556,0.9836156961841322,0.9856112701382079,0.9914234520834662,1.0
1,0,1.9728030368975629,0.46744582420258096,8214,2.2235610540523085,0.295836376917458,1369,2.2213264326698865,0.3113,0.9781163512714054,0.08176064722772322,,,0.6,,0.600013531668938,0.399986468331062,0.9637144065426377,0.09905872523655204,5,0.001,0.1,1.0,0.9939185057127685,0.9857397831302386,0.979846398153996,0.9754627103085999,0.9726156802118109,0.9671677497044875,0.9638436393189567,0.9622242802673014,0.9565946572743473,0.9560536909729253,0.9527671913440086
1,1,2.07835415370256,0.4340736233647703,6574,2.22204681124006,0.29288321167883213,1096,2.220762341928939,0.3091,0.9923535023478256,0.08342708256176343,,,0.8838325336263437,,0.883854785861339,0.11614521413866097,0.9656992005624391,0.09938273010397097,5,0.001,0.1,0.9939185057127685,1.0,0.9960216560410056,0.9924614981140606,0.9906421276735065,0.9871780186872982,0.9852557179916279,0.9823847494479505,0.9812987142445795,0.9753830647078867,0.977128628818202,0.9740593530940526
1,2,2.1154629925996558,0.41300363133321805,5783,2.224627302538964,0.3049792531120332,964,2.220756283964212,0.3091,0.9966205689761869,0.08381491925096829,,,0.9498901044673213,,0.9499086612346681,0.050091338765331894,0.9657362805069374,0.09939125741376863,5,0.001,0.1,0.9857397831302386,0.9960216560410056,1.0,0.9949883667678421,0.9945859233358721,0.9893199337836717,0.9921320496936346,0.9904071718740658,0.9874001510806114,0.9851171391336101,0.9863963575359183,0.9843633939034424
1,3,2.138299175630133,0.4108189899754114,5287,2.2181587644985745,0.32917139614074914,881,2.2207562832024914,0.3091,0.9973419690772787,0.08382211251980458,,,0.951115284753141,,0.9511313441779995,0.048868655822000506,0.9657361572114673,0.09939126032292261,5,0.001,0.1,0.979846398153996,0.9924614981140606,0.9949883667678421,1.0,0.996142711634001,0.9946750234537963,0.9934677496514198,0.9898043155020925,0.9894208074914372,0.9889436339497213,0.9901449815023287,0.9850716553325652
1,4,2.1493542295886625,0.3993110435663627,4935,2.2169658037332387,0.3260340632603406,822,2.2207560767761816,0.3091,0.9980983558184299,0.08387427638892576,,,0.9599999998296768,,0.9600139182880506,0.039986081711949395,0.965737745064795,0.0993919483745169,5,0.001,0.1,0.9754627103085999,0.9906421276735065,0.9945859233358721,0.996142711634001,1.0,0.9957165427747248,0.9955166394741448,0.9939194736406808,0.9919590246699812,0.988850371890338,0.9922901700681829,0.9888249372672602
1,5,2.1545337668836932,0.4010713520462824,4667,2.223514747619629,0.2969151670951157,778,2.220762230717717,0.3092,0.9957887333903659,0.0835199711400206,,,0.8996536098920295,,0.8996723403021428,0.10032765969785717,0.9656824292882138,0.09938490235663587,5,0.001,0.1,0.9726156802118109,0.9871780186872982,0.9893199337836717,0.9946750234537963,0.9957165427747248,1.0,0.9929889877040354,0.9898979747019289,0.9912724367861142,0.9867732083788638,0.9905888532422312,0.9853440806373917
1,6,2.165678735630853,0.3811363125982484,4453,2.2175854047139487,0.32075471698113206,742,2.2207578515854127,0.3091,0.997265307987603,0.08373301203864877,,,0.935939409159778,,0.9359517112728468,0.06404828872715318,0.9657107415605272,0.099388821698505,5,0.001,0.1,0.9671677497044875,0.9852557179916279,0.9921320496936346,0.9934677496514198,0.9955166394741448,0.9929889877040354,1.0,0.9955047294709667,0.9931284396457345,0.9903302771974628,0.9957705010202363,0.9926442191612567
1,7,2.172078259667354,0.3827916764086977,4277,2.2236087840536367,0.3169705469845722,713,2.2207658869770768,0.3091,0.9961270573739933,0.0834449175528106,,,0.8868702456771608,,0.8868897458945882,0.11311025410541176,0.9656720740191305,0.0993828010799421,5,0.001,0.1,0.9638436393189567,0.9823847494479505,0.9904071718740658,0.9898043155020925,0.9939194736406808,0.9898979747019289,0.9955047294709667,1.0,0.9933699329979274,0.9906745070156845,0.9951472500645476,0.9954162845086196
1,8,2.177627246930049,0.3770404456284815,4129,2.2143615267493506,0.3183139534883721,688,2.2207734561956727,0.3092,0.9948715612604013,0.08333042020333521,,,0.8673686951931652,,0.8673848116681648,0.13261518833183517,0.9656499147661886,0.09937632890444828,5,0.001,0.1,0.9622242802673014,0.9812987142445795,0.9874001510806114,0.9894208074914372,0.9919590246699812,0.9912724367861142,0.9931284396457345,0.9933699329979274,1.0,0.9895736411868685,0.9939688550068778,0.9917809757595247
1,9,2.1852296189656335,0.40439890027493125,4001,2.2188145433153426,0.3103448275862069,667,2.220809030837525,0.3092,0.9925367321530314,0.0829486923384209,,,0.8023515986150942,,0.8023748078986285,0.19762519210137153,0.9656429033910694,0.09935086127741233,5,0.001,0.1,0.9565946572743473,0.9753830647078867,0.9851171391336101,0.9889436339497213,0.988850371890338,0.9867732083788638,0.9903302771974628,0.9906745070156845,0.9895736411868685,1.0,0.9936626719631754,0.9916821391341374
1,10,2.1869936216072956,0.37973772177937776,3889,2.2207139900752475,0.30092592592592593,648,2.220773724321359,0.3092,0.9950017137742665,0.0833220208844488,,,0.865938096650535,,0.8659543209518562,0.1340456790481438,0.9656469461482425,0.09937628187780888,5,0.001,0.1,0.9560536909729253,0.977128628818202,0.9863963575359183,0.9901449815023287,0.9922901700681829,0.9905888532422312,0.9957705010202363,0.9951472500645476,0.9939688550068778,0.9936626719631754,1.0,0.9957171776723397
1,11,2.1896568963507645,0.3688736481139541,3791,2.219563627243042,0.314873417721519,632,2.2208014288649394,0.3091,0.9925489548197813,0.08300192789312963,,,0.8114188465684528,,0.8114361933482181,0.18856380665178185,0.9656603800842377,0.09935408994111321,5,0.001,0.1,0.9527671913440086,0.9740593530940526,0.9843633939034424,0.9850716553325652,0.9888249372672602,0.9853440806373917,0.9926442191612567,0.9954162845086196,0.9917809757595247,0.9916821391341374,0.9957171776723397,1.0
2,0,1.7848405237791602,0.5224251278305332,8214,2.1681364636088527,0.3681519357195033,1369,2.1645720477302235,0.3844,0.9859829748946949,0.08205133805302803,,,0.6,,0.600013531668938,0.399986468331062,0.9842615222031168,0.09915054829139405,5,0.001,0.1,1.0,0.9959408016131103,0.9911615301539018,0.9870192941731334,0.9831641158623126,0.9827260715879564,0.9782464459813223,0.9759181678718036,0.9732440535370345,0.9737997936229319,0.9719030906848256,0.9691389245029813
2,1,1.9116223741503595,0.4946151505932461,6574,2.1641360895974295,0.3531021897810219,1096,2.1633288380437006,0.3824,0.9946621831562257,0.08335480596067978,,,0.8764102642576758,,0.8764365316399416,0.12356346836005838,0.985810072853147,0.09955736169254023,5,0.001,0.1,0.9959408016131103,1.0,0.9970969818075731,0.9946835360244007,0.9928186078399043,0.9919806741238364,0.9890856915477751,0.9872929149473645,0.9855755652166552,0.9848619556988338,0.9844773550510415,0.9819543248918604
2,2,1.9672688818768242,0.4708974580667474,5783,2.1666928798921647,0.3744813278008299,964,2.1632973477482413,0.3823,0.9978370744783344,0.08369548483413898,,,0.948653805419738,,0.9486763128135239,0.051323687186476064,0.9859415930706072,0.09957581458368164,5,0.001,0.1,0.9911615301539018,0.9970969818075731,1.0,0.9964311576593868,0.9957631398659879,0.9937909747419124,0.994322498901835,0.9930736593743213,0.9907824781740695,0.9910289535088912,0.9909023920464543,0.98924181714976
2,3,2.002836509066892,0.4622281066767543,5287,2.1606013008526395,0.3995459704880817,881,2.1632973599357728,0.3823,0.9979632726528337,0.08370397839908245,,,0.9504549303394473,,0.9504740916867226,0.04952590831327741,0.9859414295944856,0.09957581843732252,5,0.001,0.1,0.9870192941731334,0.9946835360244007,0.9964311576593868,1.0,0.997067447082635,0.9964506485795352,0.99519393429761,0.9926052760975801,0.991272420142573,0.9923377502993538,0.9928467281289337,0.9891074529823846
2,4,2.022214713865711,0.45483282674772035,4935,2.157240500816932,0.4075425790754258,822,2.1632945773700554,0.3823,0.9983652413593621,0.08374899008392647,,,0.9599999997879424,,0.9600139182880506,0.039986081711949395,0.9859713818026662,0.0995779782472118,5,0.001,0.1,0.9831641158623126,0.9928186078399043,0.9957631398659879,0.997067447082635,1.0,0.9971708922320452,0.9966761807606581,0.9952546493908515,0.9932089443921747,0.9924306298296072,0.9944297897642537,0.9917649882897509
2,5,2.0319608116803103,0.4675808870794943,4667,2.166376829147339,0.37532133676092544,778,2.1633205962257263,0.3825,0.9971418998250535,0.083491952626736,,,0.9054932558558009,,0.9055151216400382,0.09448487835996178,0.9858365086977672,0.09956599365581975,5,0.001,0.1,0.9827260715879564,0.9919806741238364,0.9937909747419124,0.9964506485795352,0.9971708922320452,1.0,0.9949363646009767,0.9926001487065179,0.9922719995403081,0.9908131777602035,0.9931634876534932,0.9892404213779054
2,6,2.0513706273691996,0.44949472265888163,4453,2.159078369537989,0.3894878706199461,742,2.163303894737658,0.3822,0.9979206109028911,0.08364790061063701,,,0.9385632096210494,,0.9385903867157673,0.06140961328423267,0.9858690811234774,0.09957466241143392,5,0.001,0.1,0.9782464459813223,0.9890856915477751,0.994322498901835,0.99519393429761,0.9966761807606581,0.9949363646009767,1.0,0.9966251889633249,0.9939920287723574,0.9937768975104511,0.9970515884990372,0.9944863435287266
2,7,2.0630451020909777,0.4597147533317746,4277,2.1673144153926684,0.3814866760168303,713,2.163328654469012,0.3824,0.9971516744697608,0.08344619258060965,,,0.8957894907166828,,0.8958013164380781,0.10419868356192186,0.9858152917307814,0.09956211275467924,5,0.001,0.1,0.9759181678718036,0.9872929149473645,0.9930736593743213,0.9926052760975801,0.9952546493908515,0.9926001487065179,0.9966251889633249,1.0,0.9941387414815527,0.9941199727194224,0.996677792212527,0.9969159798113215
2,8,2.0735823046244106,0.43744248001937514,4129,2.154916774142872,0.4127906976744186,688,2.16335442043341,0.3826,0.9955184231930017,0.0833231301777656,,,0.8696931740443473,,0.8697093590821662,0.13029064091783382,0.9857741394205622,0.09955057131971053,5,0.001,0.1,0.9732440535370345,0.9855755652166552,0.9907824781740695,0.991272420142573,0.9932089443921747,0.9922719995403081,0.9939920287723574,0.9941387414815527,1.0,0.9924388421418676,0.9952165975838081,0.9935500104216356
2,9,2.0853847166848563,0.4701824543864034,4001,2.160923515047346,0.38830584707646176,667,2.1634328037786026,0.3818,0.9954535089265988,0.083086687584145,,,0.8195537272648862,,0.8195793584055828,0.18042064159441717,0.9854091049716804,0.09952556090773801,5,0.001,0.1,0.9737997936229319,0.9848619556988338,0.9910289535088912,0.9923377502993538,0.9924306298296072,0.9908131777602035,0.9937768975104511,0.9941199727194224,0.9924388421418676,1.0,0.9953279628374444,0.9940295982304408
2,10,2.0884884554831706,0.4456158395474415,3889,2.1641485804603215,0.38425925925925924,648,2.1633466676401256,0.3825,0.9966200567658252,0.08335356851097532,,,0.8761478536545406,,0.8761755637389934,0.12382443626100659,0.9857968346667894,0.09955735597545377,5,0.001,0.1,0.9719030906848256,0.9844773550510415,0.9909023920464543,0.9928467281289337,0.9944297897642537,0.9931634876534932,0.9970515884990372,0.996677792212527,0.9952165975838081,0.9953279628374444,1.0,0.9968238119860255
2,11,2.0937730093964007,0.45275652862041676,3791,2.162959885597229,0.37816455696202533,632,2.163422146544289,0.3819,0.9947293359867839,0.08309597057827577,,,0.821522256636207,,0.821546283140507,0.17845371685949296,0.9854666830918865,0.09952571258957803,5,0.001,0.1,0.9691389245029813,0.9819543248918604,0.98924181714976,0.9891074529823846,0.9917649882897509,0.9892404213779054,0.9944863435287266,0.9969159798113215,0.9935500104216356,0.9940295982304408,0.9968238119860255,1.0
3,0,1.6190795150712307,0.566009252495739,8214,2.1011514053788294,0.4214755295836377,1369,2.0962993931084775,0.448,0.9889348416542977,0.08229550828378303,,,0.6,,0.600013531668938,0.399986468331062,0.9911203758411895,0.09919092512904158,5,0.001,0.1,1.0,0.9959618147928272,0.9933333223478469,0.9901799148552886,0.9867541927771577,0.9854469567872278,0.9835648012989602,0.9813485525106738,0.9779752218690875,0.9792169717379728,0.9781619053652678,0.9764973757533317
3,1,1.739689518872974,0.5479768786127167,6574,2.094305828639439,0.42427007299270075,1096,2.0939980931937123,0.4499,0.9954444333285973,0.08330568188255462,,,0.8673045023548711,,0.867321986062381,0.13267801393761902,0.9923955962930618,0.09963899016111938,5,0.001,0.1,0.9959618147928272,1.0,0.9971241384711929,0.9961865310733277,0.9941605234092198,0.9931061205877832,0.9912429708934474,0.9898810289365227,0.9870832821368516,0.9877350853078596,0.9876267897350156,0.9860445586676915
3,2,1.8018352346525666,0.5204219263358119,5783,2.0970883677082677,0.45954356846473027,964,2.093900186185258,0.4497,0.9981666433581383,0.08360267669769239,,,0.9458930255145714,,0.9459168188979422,0.05408318110205779,0.9925999901803234,0.09966861265719051,5,0.001,0.1,0.9933333223478469,0.9971241384711929,1.0,0.9973051033718944,0.9965979637774004,0.9950882114553142,0.9956642328206815,0.9946630465523916,0.9914550171428984,0.9929948525035697,0.9927663700288967,0.9916545799677553
3,3,1.8438738613243562,0.5081520711178362,5287,2.090941778251103,0.46878547105561863,881,2.093900248646355,0.4497,0.998395506215219,0.08361528116349139,,,0.9492283239840096,,0.9492514087433912,0.0507485912566088,0.9926001908537019,0.09966861822568807,5,0.001,0.1,0.9901799148552886,0.9961865310733277,0.9973051033718944,1.0,0.9972115575865864,0.9970388393718219,0.9958157070466039,0.9942672601087725,0.9931126083715496,0.9939468579065475,0.9943250894535723,0.9919428295207794
3,4,1.8689194408539802,0.5099493414387032,4935,2.0855649342903724,0.4732360097323601,822,2.0938928652876103,0.4497,0.9988006047261778,0.08365598853041828,,,0.9599999997353875,,0.9600139182880506,0.039986081711949395,0.9926295928745585,0.09967057456441086,5,0.001,0.1,0.9867541927771577,0.9941605234092198,0.9965979637774004,0.9972115575865864,1.0,0.9975771281341744,0.9974612950021081,0.9966392172564743,0.9947446141029009,0.9946951266369792,0.9957769686017304,0.9945072625808581
3,5,1.8796719510261326,0.5141632740518535,4667,2.097273139953613,0.43573264781491,778,2.093950277700211,0.4501,0.9979502522430638,0.08347078274357217,,,0.910992244289845,,0.9110147785155759,0.08898522148442412,0.9925638601596743,0.09965966532643164,5,0.001,0.1,0.9854469567872278,0.9931061205877832,0.9950882114553142,0.9970388393718219,0.9975771281341744,1.0,0.9962736697795949,0.9951542288417121,0.9944557288066458,0.9935463585409524,0.9954695738762953,0.992791468348702
3,6,1.9082061561516352,0.5124185942061532,4453,2.08855731288592,0.45417789757412397,742,2.0939150968679603,0.4497,0.9985420712450346,0.08358560099406354,,,0.9413745818862478,,0.941393375281507,0.05860662471849298,0.992596784457916,0.09966752681565201,5,0.001,0.1,0.9835648012989602,0.9912429708934474,0.9956642328206815,0.9958157070466039,0.9974612950021081,0.9962736697795949,1.0,0.997746434172337,0.9951255746204933,0.9960970789137785,0.9977165608226253,0.9963001393259678
3,7,1.924102779822563,0.5252747252747253,4277,2.099004890607751,0.453015427769986,713,2.093966810086284,0.45,0.9979394094635965,0.08344235027014549,,,0.9034686580772581,,0.9034902040382367,0.09650979596176334,0.9925291131781635,0.09965728161447916,5,0.001,0.1,0.9813485525106738,0.9898810289365227,0.9946630465523916,0.9942672601087725,0.9966392172564743,0.9951542288417121,0.997746434172337,1.0,0.9954347665712422,0.99581603341785,0.9973793862050994,0.9974620560252637
3,8,1.9385907481266902,0.4924194720271252,4129,2.0832661281932485,0.47819767441860467,688,2.0940339496722236,0.4501,0.9961193889196183,0.08330804346297076,,,0.8679294059146895,,0.8679405766424063,0.13205942335759369,0.9923896322715707,0.09963900790809938,5,0.001,0.1,0.9779752218690875,0.9870832821368516,0.9914550171428984,0.9931126083715496,0.9947446141029009,0.9944557288066458,0.9951255746204933,0.9954347665712422,1.0,0.9936573909070174,0.9961827853435576,0.9947779496462669
3,9,1.9508589807010832,0.5007748062984254,4001,2.091318119139898,0.4512743628185907,667,2.094158766749568,0.4498,0.9966002290472333,0.08317847291769277,,,0.8336434275764134,,0.8336667923178782,0.1663332076821218,0.9924249131656437,0.09962333066408673,5,0.001,0.1,0.9792169717379728,0.9877350853078596,0.9929948525035697,0.9939468579065475,0.9946951266369792,0.9935463585409524,0.9960970789137785,0.99581603341785,0.9936573909070174,1.0,0.9965919844919954,0.9954846001121248
3,10,1.960026958340504,0.48958601182823347,3889,2.0954933166503906,0.45524691358024694,648,2.093999851245088,0.4502,0.9974124783559205,0.0833684887928186,,,0.8839239922256992,,0.8839514406394681,0.11604855936053193,0.992523192773321,0.09965044651137558,5,0.001,0.1,0.9781619053652678,0.9876267897350156,0.9927663700288967,0.9943250894535723,0.9957769686017304,0.9954695738762953,0.9977165608226253,0.9973793862050994,0.9961827853435576,0.9965919844919954,1.0,0.9974608077633239
3,11,1.968293053162198,0.5203903983117911,3791,2.094640851020813,0.4509493670886076,632,2.0941456971457972,0.4498,0.996196334050814,0.08317112426079698,,,0.8316988815331442,,0.8317191985385798,0.16828080146142022,0.9924617855723759,0.0996193758360704,5,0.001,0.1,0.9764973757533317,0.9860445586676915,0.9916545799677553,0.9919428295207794,0.9945072625808581,0.992791468348702,0.9963001393259678,0.9974620560252637,0.9947779496462669,0.9954846001121248,0.9974608077633239,1.0
4,0,1.4787124518290569,0.5992938884830776,8214,2.0217055082321167,0.4806428049671293,1369,2.0155115561744275,0.5094,0.9901004900184485,0.08247084136912662,,,0.6,,0.600013531668938,0.399986468331062,0.9936425669424096,0.09920967838299931,5,0.001,0.1,1.0,0.9967141855665109,0.9937671317408657,0.9915526037642202,0.98807705360902,0.9864809828668865,0.9856374371023834,0.9832754210992467,0.9799806340408207,0.9818195039931686,0.9802658806460978,0.9792692547527847
4,1,1.5851009007217816,0.5878916945543048,6574,2.0114934478487285,0.5009124087591241,1096,2.0117674144312216,0.5112,0.9958016011774113,0.0832747927815903,,,0.8591114045255643,,0.8591256608770454,0.14087433912295455,0.9946621474208408,0.09967580597843263,5,0.001,0.1,0.9967141855665109,1.0,0.9974478479421938,0.99630535559563,0.9944684624454634,0.9930321482117722,0.9924733322738504,0.990979013906614,0.9879625479989831,0.9892528940587814,0.988542331782012,0.9877719538923503
4,2,1.644413803295536,0.5605740964897112,5783,2.0149155470632736,0.516597510373444,964,2.0115809360632118,0.5109,0.998247711827038,0.08353602302783768,,,0.9433052189282137,,0.9433264708440862,0.05667352915591384,0.9947697714310563,0.09970629900942214,5,0.001,0.1,0.9937671317408657,0.9974478479421938,1.0,0.997816515427646,0.9966100194374177,0.9959952745013271,0.9959582180489486,0.9951312424529613,0.9925179420597785,0.9934098845393838,0.9930270072362084,0.9924734399375723
4,3,1.68598691584116,0.5495365992055986,5287,2.0082698379244124,0.5198637911464246,881,2.0115791943888315,0.5109,0.9987140109269335,0.08355881593653251,,,0.9506513128507846,,0.9506674012429804,0.04933259875701956,0.9947598379325503,0.09970730162942021,5,0.001,0.1,0.9915526037642202,0.99630535559563,0.997816515427646,1.0,0.9974421898561703,0.9970841914674092,0.9969545918748726,0.9953546393957315,0.9936033627180805,0.9951908542488961,0.9950076286522523,0.9933899153774155
4,4,1.7113426317707185,0.5542046605876393,4935,2.0008245293910685,0.5389294403892944,822,2.0115660105269555,0.5109,0.9988387561931182,0.08358782234014081,,,0.9599999996777027,,0.9600139182880506,0.039986081711949395,0.9947636836194838,0.09970867587552441,5,0.001,0.1,0.98807705360902,0.9944684624454634,0.9966100194374177,0.9974421898561703,1.0,0.9974087870515013,0.9975601974701285,0.9969503205779926,0.9951797625975578,0.9955034902922959,0.9962137195294869,0.9957398699577877
4,5,1.7209245854861115,0.5628883651167774,4667,2.0151901388168336,0.5038560411311054,778,2.0116633751902717,0.5108,0.9982574364241645,0.08345540765204296,,,0.9173230974657804,,0.917350499221929,0.08264950077807098,0.9946855823580919,0.09970125369399628,5,0.001,0.1,0.9864809828668865,0.9930321482117722,0.9959952745013271,0.9970841914674092,0.9974087870515013,1.0,0.9969556153480874,0.9961205853243027,0.9957503501058175,0.9948304813441474,0.9961141434360159,0.9944136188280976
4,6,1.754117387533188,0.5557601616887492,4453,2.0049769431352615,0.5161725067385444,742,2.0116006989067734,0.5109,0.9988133808300729,0.08354381343992702,,,0.9458160480492381,,0.9458443278143455,0.054155672185654535,0.9947706093039655,0.09970729480581808,5,0.001,0.1,0.9856374371023834,0.9924733322738504,0.9959582180489486,0.9969545918748726,0.9975601974701285,0.9969556153480874,1.0,0.9978746232816532,0.996004206368159,0.996586851044304,0.9978394435906023,0.9969840452477688
4,7,1.7725781156055962,0.5676408697685293,4277,2.0175868117290996,0.5021037868162693,713,2.0116883798148306,0.5109,0.9981819179771209,0.0834355228109218,,,0.9109142659968721,,0.9109374546930727,0.08906254530692725,0.9946796713603042,0.09969965268900642,5,0.001,0.1,0.9832754210992467,0.990979013906614,0.9951312424529613,0.9953546393957315,0.9969503205779926,0.9961205853243027,0.9978746232816532,1.0,0.9958095884080761,0.9965509242768263,0.9974122835197816,0.997801564504082
4,8,1.7933890874569232,0.5390651489464762,4129,1.9983474991538308,0.5334302325581395,688,2.011803635393088,0.5113,0.9965193254135718,0.08329942034846857,,,0.8670488039068522,,0.8670610181614328,0.13293898183856723,0.994707410299261,0.0996793305212513,5,0.001,0.1,0.9799806340408207,0.9879625479989831,0.9925179420597785,0.9936033627180805,0.9951797625975578,0.9957503501058175,0.996004206368159,0.9958095884080761,1.0,0.9943011777502646,0.9966239151738492,0.9956176208577137
4,9,1.8045846817985414,0.546813296675831,4001,2.008904604684739,0.5112443778110944,667,2.011986042363956,0.5114,0.9971428155731115,0.08324005182886683,,,0.8479144877527582,,0.8479378703086187,0.15206212969138133,0.9945917571823975,0.09967164403629009,5,0.001,0.1,0.9818195039931686,0.9892528940587814,0.9934098845393838,0.9951908542488961,0.9955034902922959,0.9948304813441474,0.996586851044304,0.9965509242768263,0.9943011777502646,1.0,0.9968853147688757,0.9965029831653491
4,10,1.8142231583595276,0.539264592440216,3889,2.0139662595022294,0.5138888888888888,648,2.01174256976801,0.5112,0.9975580586411699,0.08337005460475957,,,0.8898140370682617,,0.889832883888615,0.11016711611138497,0.9946679596939374,0.09969265263639948,5,0.001,0.1,0.9802658806460978,0.988542331782012,0.9930270072362084,0.9950076286522523,0.9962137195294869,0.9961141434360159,0.9978394435906023,0.9974122835197816,0.9966239151738492,0.9968853147688757,1.0,0.9978398413152586
4,11,1.8239387724579883,0.576576101292535,3791,2.0136130273342134,0.5158227848101266,632,2.0119741675191034,0.5113,0.9968917237932348,0.0832274338597854,,,0.8438477498376757,,0.843873536888296,0.15612646311170397,0.994584039083192,0.09966767108570966,5,0.001,0.1,0.9792692547527847,0.9877719538923503,0.9924734399375723,0.9933899153774155,0.9957398699577877,0.9944136188280976,0.9969840452477688,0.997801564504082,0.9956176208577137,0.9965029831653491,0.9978398413152586,1.0
5,0,1.36470718430174,0.6225712198685172,8214,1.9285511776458386,0.5368882395909423,1369,1.9209863773930949,0.5588,0.9904602960122671,0.08258512532869894,,,0.96,,0.9600139182880506,0.039986081711949395,0.9919773008949503,0.09972435082702936,5,0.001,0.1,1.0,0.9963679923413445,0.9940689840962863,0.9918199539972996,0.9883829483971235,0.9867332595450706,0.9864954081004605,0.9838952896719089,0.9810737729504448,0.9819992315343057,0.9813564710007554,0.9807452184950446
5,1,1.4549950334053594,0.6167021600243383,6574,1.9156943491527012,0.5492700729927007,1096,1.9166695923089219,0.5587,0.9960205452044315,0.08325795077042117,,,0.96,,0.9600139182880506,0.039986081711949395,0.9968031078966728,0.09972435082702936,5,0.001,0.1,0.9963679923413445,1.0,0.9975504257041714,0.9962932930905163,0.9947607880322731,0.993360094560548,0.9932492574935823,0.9914364076264333,0.9886277956952859,0.9894827201837503,0.989255870398376,0.9890007546054842
5,2,1.508203514636551,0.5978903683209407,5783,1.9203514014520953,0.5570539419087137,964,1.916455484045961,0.5586,0.9982988569587061,0.08349180316449,,,0.96,,0.9600139182880506,0.039986081711949395,0.9970882515703648,0.09972435082702936,5,0.001,0.1,0.9940689840962863,0.9975504257041714,1.0,0.9978249459593438,0.9967181596460147,0.9958336280068688,0.996284368103785,0.9954066865764326,0.9925336140922945,0.9934195277618099,0.9933338648247945,0.9936280817270852
5,3,1.5473489906414446,0.5880083222999811,5287,1.9126224092074804,0.5743473325766175,881,1.916453549275383,0.5586,0.9986971424157783,0.0835186495846594,,,0.96,,0.9600139182880506,0.039986081711949395,0.9970982780888906,0.09972435082702936,5,0.001,0.1,0.9918199539972996,0.9962932930905163,0.9978249459593438,1.0,0.9974052452999692,0.9970590568698894,0.9970200542588761,0.995756234808742,0.9937216445510592,0.9950359717580098,0.9951993562982446,0.9942040794244424
5,4,1.5700544588796554,0.5931509625126646,4935,1.9031927172954266,0.5827250608272506,822,1.916437817838626,0.5586,0.9988588659167764,0.08354166916042312,,,0.96,,0.9600139182880506,0.039986081711949395,0.9971110034869772,0.09972435082702936,5,0.001,0.1,0.9883829483971235,0.9947607880322731,0.9967181596460147,0.9974052452999692,1.0,0.9974428249699385,0.9974897977150196,0.9972472418828711,0.9951647698999502,0.9960719940724757,0.996264401750597,0.9962925035741064
5,5,1.5760410127574451,0.5958860081422755,4667,1.9201578760147096,0.5488431876606684,778,1.9165490191584578,0.5588,0.9985055140692686,0.08344901442781241,,,0.96,,0.9600139182880506,0.039986081711949395,0.9970547360987899,0.09972435082702936,5,0.001,0.1,0.9867332595450706,0.993360094560548,0.9958336280068688,0.9970590568698894,0.9974428249699385,1.0,0.9972895269460185,0.996746087722941,0.9958862653817221,0.9960072087482279,0.9968791661757861,0.9957644872510215
5,6,1.6125874434198653,0.5957332135638895,4453,1.9085584034522374,0.5700808625336927,742,1.9164793510406544,0.5587,0.9988316968649082,0.08351378978501467,,,0.96,,0.9600139182880506,0.039986081711949395,0.9970982274818833,0.09972435082702936,5,0.001,0.1,0.9864954081004605,0.9932492574935823,0.996284368103785,0.9970200542588761,0.9974897977150196,0.9972895269460185,1.0,0.9977716066337738,0.9957351118891271,0.9967662825687816,0.9976283732414598,0.9971696863863828
5,7,1.6280308460121724,0.602291325695581,4277,1.9233304521311885,0.544179523141655,713,1.9165786089607701,0.5588,0.9983006434887034,0.08343019813228016,,,0.96,,0.9600139182880506,0.039986081711949395,0.9970386406043744,0.09972435082702936,5,0.001,0.1,0.9838952896719089,0.9914364076264333,0.9954066865764326,0.995756234808742,0.9972472418828711,0.996746087722941,0.9977716066337738,1.0,0.9957943717962624,0.9970983240444786,0.9974017872845746,0.997973638389932
5,8,1.6517947661876677,0.5802373456042625,4129,1.90023888241161,0.5741279069767442,688,1.9167104110169335,0.5587,0.9965454299210845,0.08329001107070692,,,0.96,,0.9600139182880506,0.039986081711949395,0.9968268168188058,0.09972435082702936,5,0.001,0.1,0.9810737729504448,0.9886277956952859,0.9925336140922945,0.9937216445510592,0.9951647698999502,0.9958862653817221,0.9957351118891271,0.9957943717962624,1.0,0.9948637269854115,0.9964753678104401,0.9956424857973349
5,9,1.6596238040734852,0.5845038740314922,4001,1.913646107628232,0.5652173913043478,667,1.916923368700777,0.5587,0.9973558508589687,0.08327975557807515,,,0.96,,0.9600139182880506,0.039986081711949395,0.9967535072182401,0.09972435082702936,5,0.001,0.1,0.9819992315343057,0.9894827201837503,0.9934195277618099,0.9950359717580098,0.9960719940724757,0.9960072087482279,0.9967662825687816,0.9970983240444786,0.9948637269854115,1.0,0.9972739853686425,0.9972008663241524
5,10,1.6719500375575707,0.5826690665980973,3889,1.9194631746837072,0.5601851851851852,648,1.9166404492558,0.5587,0.9976624667769154,0.08336942124085488,,,0.96,,0.9600139182880506,0.039986081711949395,0.9969720854738537,0.09972435082702936,5,0.001,0.1,0.9813564710007554,0.989255870398376,0.9933338648247945,0.9951993562982446,0.996264401750597,0.9968791661757861,0.9976283732414598,0.9974017872845746,0.9964753678104401,0.9972739853686425,1.0,0.9978061809193969
5,11,1.6811055507980475,0.6089686098654709,3791,1.9199306666851044,0.5632911392405063,632,1.916910173413091,0.5587,0.9973743701817053,0.08327261175656314,,,0.96,,0.9600139182880506,0.039986081711949395,0.996709455902482,0.09972435082702936,5,0.001,0.1,0.9807452184950446,0.9890007546054842,0.9936280817270852,0.9942040794244424,0.9962925035741064,0.9957644872510215,0.9971696863863828,0.997973638389932,0.9956424857973349,0.9972008663241524,0.9978061809193969,1.0
6,0,1.2702906363205224,0.6477233990747504,8214,1.8243522449981335,0.5902118334550767,1369,1.8153600563256505,0.6046,0.9903124415313679,0.08265121332760418,,,0.96,,0.9600139182880506,0.039986081711949395,0.9978715722933342,0.09972211154436084,5,0.001,0.1,1.0,0.9960990026214106,0.993766843868182,0.991541912338145,0.9883266417608984,0.9863098593005916,0.9862953273434436,0.9834131911543007,0.9815110487605657,0.9816407561361461,0.9813848873914408,0.9805906629370462
6,1,1.3466166663517072,0.6404320048676605,6574,1.8087537731443133,0.6021897810218978,1096,1.810471860364603,0.6038,0.995957857804392,0.08324634097453332,,,0.96,,0.9600139182880506,0.039986081711949395,0.9978715722933342,0.09972211154436084,5,0.001,0.1,0.9960990026214106,1.0,0.9972837726118674,0.9961590162713738,0.9945793758226431,0.9930555293720945,0.993065464430471,0.991120072965484,0.9892765049727458,0.9894366928234608,0.9894192921028222,0.9888570034516059
6,2,1.3930167385886387,0.6273906277018848,5783,1.8148396245894893,0.6026970954356846,964,1.8102222254481941,0.6034,0.9982630160465301,0.08346426436463332,,,0.96,,0.9600139182880506,0.039986081711949395,0.9978715722933342,0.09972211154436084,5,0.001,0.1,0.993766843868182,0.9972837726118674,1.0,0.9975670639889154,0.9967099916613573,0.9956642974377207,0.99626573859618,0.9952139263834644,0.9929217274567805,0.9935918029397338,0.9933948049232304,0.9935108276741079
6,3,1.426774653756475,0.6178551163230566,5287,1.8056910293442863,0.6072644721906924,881,1.8102201558530522,0.6034,0.9985553300628429,0.0834901759963336,,,0.96,,0.9600139182880506,0.039986081711949395,0.9978715722933342,0.09972211154436084,5,0.001,0.1,0.991541912338145,0.9961590162713738,0.9975670639889154,1.0,0.9971790662253278,0.9968026571773101,0.9970763862183568,0.9954512790425761,0.9936628823485391,0.9946719693952166,0.9951909371604022,0.994059804322008
6,4,1.4474637300737443,0.6233839918946302,4935,1.7943746126615083,0.6180048661800487,822,1.8102014563715876,0.6034,0.9987169956398275,0.08350952060860875,,,0.96,,0.9600139182880506,0.039986081711949395,0.9978715722933342,0.09972211154436084,5,0.001,0.1,0.9883266417608984,0.9945793758226431,0.9967099916613573,0.9971790662253278,1.0,0.9969859649190179,0.9972661825353669,0.9969018461748237,0.9954076255369061,0.9957578057504406,0.9961221595769051,0.9960317603548895
6,5,1.450084390705579,0.6245125348189415,4667,1.813859028816223,0.6079691516709511,778,1.8103321486006911,0.6035,0.998398103608672,0.08344237311071227,,,0.96,,0.9600139182880506,0.039986081711949395,0.9978715722933342,0.09972211154436084,5,0.001,0.1,0.9863098593005916,0.9930555293720945,0.9956642974377207,0.9968026571773101,0.9969859649190179,1.0,0.9970729511719123,0.9968204826834359,0.9957612902409457,0.9961091551873227,0.9969111124546203,0.9959462401556225
6,6,1.4855369710922242,0.6198068717718392,4453,1.8009551415840785,0.6185983827493261,742,1.8102515791170894,0.6034,0.9987737505381443,0.08349424761369165,,,0.96,,0.9600139182880506,0.039986081711949395,0.9978715722933342,0.09972211154436084,5,0.001,0.1,0.9862953273434436,0.993065464430471,0.99626573859618,0.9970763862183568,0.9972661825353669,0.9970729511719123,1.0,0.9976914528430803,0.9960083902456904,0.996794966005141,0.9974842881253158,0.9969088123912493
6,7,1.499426758200375,0.6297404722936638,4277,1.8178925358730813,0.5806451612903226,713,1.8103663563347472,0.6033,0.9982440130249869,0.08342585209622966,,,0.96,,0.9600139182880506,0.039986081711949395,0.9978715722933342,0.09972211154436084,5,0.001,0.1,0.9834131911543007,0.991120072965484,0.9952139263834644,0.9954512790425761,0.9969018461748237,0.9968204826834359,0.9976914528430803,1.0,0.996377889347887,0.9973823663817261,0.9974028703917914,0.9977981735870134
6,8,1.5279508293592012,0.6200532816662631,4129,1.790956117890098,0.625,688,1.8105192146362208,0.6038,0.9969054267148552,0.08329661168352612,,,0.96,,0.9600139182880506,0.039986081711949395,0.9978715722933342,0.09972211154436084,5,0.001,0.1,0.9815110487605657,0.9892765049727458,0.9929217274567805,0.9936628823485391,0.9954076255369061,0.9957612902409457,0.9960083902456904,0.996377889347887,1.0,0.995887883683074,0.9967067171049403,0.9960357041407194
6,9,1.5283478509812127,0.6087978005498625,4001,1.8074169329234533,0.5982008995502249,667,1.8107649308804887,0.6035,0.9974474579247972,0.08330782300396605,,,0.96,,0.9600139182880506,0.039986081711949395,0.9978715722933342,0.09972211154436084,5,0.001,0.1,0.9816407561361461,0.9894366928234608,0.9935918029397338,0.9946719693952166,0.9957578057504406,0.9961091551873227,0.996794966005141,0.9973823663817261,0.995887883683074,1.0,0.9973091705192204,0.9974562691429891
6,10,1.5416579963730983,0.6142453072769349,3889,1.8137506303333102,0.6018518518518519,648,1.810438846246884,0.6037,0.9977020776600424,0.08337106098347366,,,0.96,,0.9600139182880506,0.039986081711949395,0.9978715722933342,0.09972211154436084,5,0.001,0.1,0.9813848873914408,0.9894192921028222,0.9933948049232304,0.9951909371604022,0.9961221595769051,0.9969111124546203,0.9974842881253158,0.9974028703917914,0.9967067171049403,0.9973091705192204,1.0,0.9977506707218438
