round,client_id,client_i_training_loss,client_i_training_accuracy,client_i_training_dataset_size,client_i_evaluation_loss,client_i_evaluation_accuracy,client_i_evaluation_dataset_size,client_i_central_evaluation_loss,client_i_central_evaluation_accuracy,client_i_cosine_similarity,client_i_importance_coefficient,client_i_tanh_val,tanh_normalization_value,client_i_q,client_i_mask_order,client_i_v_nonzero_fraction,client_i_v_sparsity,client_i_v_cosine_similarity,client_i_reward_gradient_norm,local_epochs,learning_rate,gamma,client_0_cosine_similarity,client_1_cosine_similarity,client_2_cosine_similarity,client_3_cosine_similarity,client_4_cosine_similarity,client_5_cosine_similarity,client_6_cosine_similarity,client_7_cosine_similarity,client_8_cosine_similarity,client_9_cosine_similarity,client_10_cosine_similarity,client_11_cosine_similarity
0,0,2.2393393487841995,0.1545799853907962,6845,2.2992420196533203,0.09642074506939372,1369,2.2982135664058636,0.1,0.8982883876821919,0.07942298941223787,,,0.7,,0.7000132032810154,0.29998679671898465,0,0.14114391574465376,10,0.025,0.15,1.0,0.932106900389656,0.8807027538876805,0.8544071109446413,0.8372394470021084,0.833832012599766,0.783541276585599,0.8041338550446014,0.7605375518256595,0.7613741338789745,0.7337340199434013,0.7465732789821434
0,1,2.280750389431798,0.11779846659364732,5478,2.296037435531616,0.10218978102189781,1096,2.298186585872988,0.1,0.9551556226298761,0.08445095800349064,,,0.8918129114367122,,0.8918651284844283,0.10813487151557166,0,0.14129999005037838,10,0.025,0.15,0.932106900389656,1.0,0.9296430087992871,0.9315500490646008,0.9079494728935175,0.9115925280424895,0.846399534632428,0.8744499321738216,0.8398430348476129,0.8422847001342187,0.8345545625590416,0.8254482050678885
0,2,2.2908436147790208,0.11062240663900415,4820,2.2974341809749603,0.1016597510373444,964,2.2981834683237197,0.1,0.9618206522755812,0.08504025269575419,,,0.914294024547466,,0.9143437144130316,0.08565628558696836,0,0.14130616505618215,10,0.025,0.15,0.8807027538876805,0.9296430087992871,1.0,0.9271736811466297,0.9317785581955627,0.9458889754161891,0.9122636289235879,0.8825123726836219,0.8652849056241749,0.85520232630647,0.8221658502810424,0.868625419943808
0,3,2.294849840572902,0.11007716749886519,4406,2.3007893902914867,0.08626560726447219,881,2.2981833687311486,0.1,0.9783359367168216,0.08650046667525493,,,0.9699999999618507,,0.9700285520951957,0.029971447904804327,0,0.14130747213864547,10,0.025,0.15,0.8544071109446413,0.9315500490646008,0.9271736811466297,1.0,0.9478013651599395,0.9303122110493811,0.9200376539456265,0.9298106634056671,0.917969718337272,0.9271069779214571,0.9071344290843777,0.8934681657633584
0,4,2.295677145322164,0.13900778210116732,4112,2.295221839632307,0.1192214111922141,822,2.2981833596772785,0.1,0.9708517129735178,0.08583874218758011,,,0.9447557490787624,,0.9448020333052763,0.055197966694723655,0,0.141307211643011,10,0.025,0.15,0.8372394470021084,0.9079494728935175,0.9317785581955627,0.9478013651599395,1.0,0.947161740219771,0.9216733409775996,0.9339056990260619,0.8915067955767518,0.8927915749150235,0.9041127082871717,0.8986879115009931
0,5,2.2948241887554044,0.11367960915402417,3889,2.2971599102020264,0.08997429305912596,778,2.2981834924673734,0.1,0.9616790571526561,0.08502773343345144,,,0.9138164248752031,,0.9138568434255913,0.08614315657440874,0,0.14130613954569016,10,0.025,0.15,0.833832012599766,0.9115925280424895,0.9458889754161891,0.9303122110493811,0.947161740219771,1.0,0.910586769245182,0.9114681385661689,0.8713022106597683,0.8770699732028456,0.8676931250387899,0.8838811699854571
0,6,2.298023274027068,0.11096739423336029,3711,2.3004723389943442,0.09568733153638814,742,2.298187273967115,0.1,0.943711152263229,0.08343908468839167,,,0.8532107676381385,,0.853253783565216,0.14674621643478403,0,0.14129404878949525,10,0.025,0.15,0.783541276585599,0.846399534632428,0.9122636289235879,0.9200376539456265,0.9216733409775996,0.910586769245182,1.0,0.9215453856379082,0.8716824325506344,0.8901616207190419,0.8973236839540761,0.8858431536227167
0,7,2.2972820580005644,0.12084736251402918,3564,2.298554460207621,0.10238429172510519,713,2.2981872015361544,0.1,0.9462930734439867,0.08366736761113062,,,0.8619195754294239,,0.8619679490353352,0.13803205096466475,0,0.1412952838601947,10,0.025,0.15,0.8041338550446014,0.8744499321738216,0.8825123726836219,0.9298106634056671,0.9339056990260619,0.9114681385661689,0.9215453856379082,1.0,0.8488804215373973,0.8652473391302181,0.9344637972044665,0.8625131089399706
0,8,2.2974545355196354,0.1030804998546934,3441,2.299565315246582,0.10319767441860465,688,2.298191734507114,0.1,0.924398687616347,0.08173155546258119,,,0.7880699167712925,,0.7881038438051856,0.2118961561948144,0,0.1412679913091081,10,0.025,0.15,0.7605375518256595,0.8398430348476129,0.8652849056241749,0.917969718337272,0.8915067955767518,0.8713022106597683,0.8716824325506344,0.8488804215373973,1.0,0.9467122161014974,0.8386873987821362,0.9147152700306419
0,9,2.2985342220023828,0.10446910617876425,3334,2.3004183371861777,0.08995502248875563,667,2.2981891541541377,0.1,0.9300492069415442,0.08223115129693985,,,0.8071290914241934,,0.8071578287204371,0.19284217127956294,0,0.14128016943119534,10,0.025,0.15,0.7613741338789745,0.8422847001342187,0.85520232630647,0.9271069779214571,0.8927915749150235,0.8770699732028456,0.8901616207190419,0.8652473391302181,0.9467122161014974,1.0,0.8686478705569685,0.9176811209981881
0,10,2.299117259795849,0.10416538105522986,3241,2.2957183519999185,0.1111111111111111,648,2.298193340060077,0.1,0.9159824933243559,0.08098742994642164,,,0.759682133685848,,0.7597250416728557,0.2402749583271443,0,0.14125592736914486,10,0.025,0.15,0.7337340199434013,0.8345545625590416,0.8221658502810424,0.9071344290843777,0.9041127082871717,0.8676931250387899,0.8973236839540761,0.9344637972044665,0.8386873987821362,0.8686478705569685,1.0,0.8913364002036269
0,11,2.2989450540542604,0.10034821145932257,3159,2.298669147491455,0.1060126582278481,632,2.298191876351079,0.1,0.9236150405083193,0.08166226858676572,,,0.7854266788247305,,0.7854631876021191,0.21453681239788092,0,0.14126713688123044,10,0.025,0.15,0.7465732789821434,0.8254482050678885,0.868625419943808,0.8934681657633584,0.8986879115009931,0.8838811699854571,0.8858431536227167,0.8625131089399706,0.9147152700306419,0.9176811209981881,0.8913364002036269,1.0
1,0,2.100128451762376,0.22089116143170198,6845,2.289621873335405,0.09642074506939372,1369,2.28865742381615,0.1005,0.8901425285371911,0.07829732469010857,,,0.7,,0.7000132032810154,0.29998679671898465,0.8922167293079791,0.14547562830700966,10,0.025,0.15,1.0,0.948923469833536,0.9109822556954814,0.8934764724330333,0.8682844236027446,0.8627994933757256,0.8295403027053846,0.826390964341462,0.810451369178277,0.8230522119206002,0.7994142329742021,0.7925419198923178
1,1,2.153670596799185,0.19204089083607156,5478,2.286549859576755,0.1031021897810219,1096,2.2885970103589792,0.1005,0.9512261886087866,0.08340846428817623,,,0.8819770947823231,,0.8820204320773712,0.11797956792262876,0.8940865725144156,0.14558286897660225,10,0.025,0.15,0.948923469833536,1.0,0.9622732664752589,0.9568623821220148,0.9384875692041784,0.9358271711028142,0.9006218850299588,0.9014304401221801,0.88295327739275,0.896934038940576,0.8792436263020658,0.8693679290235697
1,2,2.1975155143361342,0.1696265560165975,4820,2.2880460917949677,0.1016597510373444,964,2.2885919100121606,0.1005,0.9785709668036392,0.08466626386229885,,,0.9267598106376701,,0.9267960588206169,0.07320394117938311,0.8939502778257211,0.14558610809360736,10,0.025,0.15,0.9109822556954814,0.9622732664752589,1.0,0.9776256203471,0.9715751810737706,0.965073921578402,0.9502774913145713,0.9471825941342173,0.9296005883570918,0.9399040089240283,0.9160944083008866,0.9196571244743668
1,3,2.209263015474592,0.17206082614616433,4406,2.2908849716186523,0.08626560726447219,881,2.2885915629471403,0.1005,0.9880407329494965,0.08588073892664766,,,0.969999999964396,,0.9700285520951957,0.029971447904804327,0.8939724986857902,0.14558660839322995,10,0.025,0.15,0.8934764724330333,0.9568623821220148,0.9776256203471,1.0,0.9802860540174673,0.9766557961754809,0.9639189330945298,0.9646129330609791,0.9483123571474493,0.9567426986214027,0.9450856066188256,0.9369817392895133
1,4,2.218206085580768,0.17074416342412452,4112,2.286667449133737,0.12043795620437957,822,2.288591626324231,0.1005,0.9851029883212411,0.08537455274230056,,,0.9519777390812733,,0.9520143255599016,0.04798567444009838,0.8939702790548826,0.14558652228132132,10,0.025,0.15,0.8682844236027446,0.9384875692041784,0.9715751810737706,0.9802860540174673,1.0,0.9742576381777345,0.962181120315742,0.9714335658593952,0.9496630425311777,0.9611651873661109,0.9461553382948322,0.942448368305053
1,5,2.223222827526831,0.1735150424273592,3889,2.2880421366010393,0.08997429305912596,778,2.2885918436171133,0.1005,0.9878351419561009,0.0849608378658647,,,0.9372478281020291,,0.9372761631265369,0.06272383687346306,0.8939513079290587,0.14558627095402274,10,0.025,0.15,0.8627994933757256,0.9358271711028142,0.965073921578402,0.9766557961754809,0.9742576381777345,1.0,0.9734217303523652,0.9707670324735165,0.9602666377475233,0.9611453198445405,0.9609108716131052,0.9578492238119664
1,6,2.2502002107686008,0.16205874427378064,3711,2.290777603785197,0.09703504043126684,742,2.2885981300209144,0.1005,0.983622319136095,0.08383828537006956,,,0.897280451354449,,0.8973114819032529,0.10268851809674706,0.8940770210334892,0.1455836596617762,10,0.025,0.15,0.8295403027053846,0.9006218850299588,0.9502774913145713,0.9639189330945298,0.962181120315742,0.9734217303523652,1.0,0.9783441971074629,0.9717649029272291,0.9723267067751031,0.9756811137562852,0.973465878401757
1,7,2.245621260574886,0.16349607182940518,3564,2.2886147499084473,0.10378681626928471,713,2.2885959842537025,0.1005,0.9836108500857951,0.08397946152164602,,,0.9023068892795933,,0.9023452327903484,0.0976547672096516,0.8942181600985026,0.14558535080632146,10,0.025,0.15,0.826390964341462,0.9014304401221801,0.9471825941342173,0.9646129330609791,0.9714335658593952,0.9707670324735165,0.9783441971074629,1.0,0.9717056469660372,0.9743429897001616,0.9756914556422266,0.9690408212901862
1,8,2.248358733565719,0.15135135135135136,3441,2.2894263664881387,0.10319767441860465,688,2.2886037494562848,0.1005,0.9745120138949206,0.08248218958998767,,,0.848997995833342,,0.8490369856909442,0.1509630143090558,0.8941782458730668,0.1455796785408447,10,0.025,0.15,0.810451369178277,0.88295327739275,0.9296005883570918,0.9483123571474493,0.9496630425311777,0.9602666377475233,0.9717649029272291,0.9717056469660372,1.0,0.9757793037283251,0.9696898880458199,0.9768009160676977
1,9,2.2490603031935517,0.14601079784043192,3334,2.290290872255961,0.08995502248875563,667,2.2886015674735924,0.1005,0.9787598560227238,0.08293060042360716,,,0.8649632222188324,,0.8649881995675925,0.13501180043240746,0.8939429837166497,0.14558126342911135,10,0.025,0.15,0.8230522119206002,0.896934038940576,0.9399040089240283,0.9567426986214027,0.9611651873661109,0.9611453198445405,0.9723267067751031,0.9743429897001616,0.9757793037283251,1.0,0.9613698459723984,0.972736389674594
1,10,2.257642376422882,0.1539031163221228,3241,2.2865428924560547,0.11265432098765432,648,2.2886059042773668,0.1005,0.9710486233280343,0.08190775486314092,,,0.8285458127677163,,0.8285884042184483,0.17141159578155174,0.894137343290022,0.14557686379510484,10,0.025,0.15,0.7994142329742021,0.8792436263020658,0.9160944083008866,0.9450856066188256,0.9461553382948322,0.9609108716131052,0.9756811137562852,0.9756914556422266,0.9696898880458199,0.9613698459723984,1.0,0.9774084724815153
1,11,2.263098484992981,0.13719531497309276,3159,2.2889259338378904,0.1060126582278481,632,2.2886042655268803,0.1005,0.96943460984662,0.08227352585615218,,,0.8415687289660919,,0.8416018880691852,0.15839811193081477,0.8941731968618677,0.14557867820301715,10,0.025,0.15,0.7925419198923178,0.8693679290235697,0.9196571244743668,0.9369817392895133,0.942448368305053,0.9578492238119664,0.973465878401757,0.9690408212901862,0.9768009160676977,0.972736389674594,0.9774084724815153,1.0
2,0,2.002236642219402,0.2639444850255661,6845,2.27514030716636,0.127100073046019,1369,2.2741714338713055,0.1267,0.9023781776443718,0.07794015271171242,,,0.7,,0.7000132032810154,0.29998679671898465,0.9517918471129052,0.14577808542535153,10,0.025,0.15,1.0,0.9508654616140961,0.9237674572458386,0.9073512998834179,0.8901476582669255,0.8790317053951775,0.8548518482572465,0.8461709174338117,0.832843060438783,0.8281942794862854,0.8144121806585608,0.8064955990047104
2,1,2.053557725008144,0.24353778751369112,5478,2.2718668513827853,0.12408759124087591,1096,2.274073172219192,0.1238,0.958986522599542,0.08295304935580487,,,0.8815832749313293,,0.8816243336469113,0.11837566635308872,0.9521736986632116,0.1458758939634072,10,0.025,0.15,0.9508654616140961,1.0,0.9663285284825769,0.9597578914723012,0.945403352447808,0.9446857416276112,0.9190342803509937,0.9139693766183323,0.9102230382449631,0.899546554065014,0.8935542846837732,0.8860572789831512
2,2,2.103979407486163,0.22062240663900415,4820,2.2739409804344177,0.1275933609958506,964,2.274067323419112,0.1238,0.978447692905273,0.0843670228473771,,,0.932801952573197,,0.9328283078344969,0.06717169216550312,0.9521945758345001,0.14587869091429814,10,0.025,0.15,0.9237674572458386,0.9663285284825769,1.0,0.9733688592696597,0.9670363142477015,0.9614668573108459,0.9525928429910158,0.9483188265623094,0.9418440109058215,0.9339972699486948,0.9226311980624451,0.9227570296167338
2,3,2.1118256310054235,0.22197004085338176,4406,2.276085581098284,0.10329171396140749,881,2.2740663818166227,0.1239,0.9868628121671023,0.08539393442280467,,,0.9699999999637767,,0.9700285520951957,0.029971447904804327,0.9522038631534245,0.14587953179070218,10,0.025,0.15,0.9073512998834179,0.9597578914723012,0.9733688592696597,1.0,0.9712206650356726,0.9731094553595131,0.9662117721751476,0.9608793984974184,0.9603722692991294,0.9517868402514108,0.9472117668890835,0.940078456754945
2,4,2.1152336062807024,0.22140077821011672,4112,2.273317950112479,0.1362530413625304,822,2.2740666323070284,0.1238,0.9859189178156086,0.08504952011613193,,,0.9575242035971109,,0.9575679556369758,0.04243204436302417,0.9521998891792719,0.14587942594303097,10,0.025,0.15,0.8901476582669255,0.945403352447808,0.9670363142477015,0.9712206650356726,1.0,0.9677359485809821,0.9687001525995654,0.9716311107012116,0.9605896070521314,0.9600536998901915,0.9488749319602936,0.948371633007689
2,5,2.125769037585105,0.22545641553098483,3889,2.274104561124529,0.11568123393316196,778,2.274066988425919,0.1238,0.9859794985275755,0.0847951576113661,,,0.9483103737668979,,0.9483421630275123,0.051657836972487714,0.9521975750057621,0.14587926726966302,10,0.025,0.15,0.8790317053951775,0.9446857416276112,0.9614668573108459,0.9731094553595131,0.9677359485809821,1.0,0.9722934510817342,0.9652170672333215,0.9679566043650628,0.9539344467366077,0.9581952323869459,0.9567050233180475
2,6,2.1571875761295187,0.207006197790353,3711,2.276019016901652,0.1347708894878706,742,2.2740747204309777,0.1239,0.9861457759020223,0.08410504556544492,,,0.9233122909686804,,0.9233384496047268,0.07666155039527323,0.9521970905594141,0.1458783595292126,10,0.025,0.15,0.8548518482572465,0.9190342803509937,0.9525928429910158,0.9662117721751476,0.9687001525995654,0.9722934510817342,1.0,0.9768172802704413,0.9784692676063468,0.9697378519373748,0.9712341705109904,0.9721061548561011
2,7,2.14990659568991,0.2107182940516274,3564,2.2735867500305176,0.12201963534361851,713,2.274072553538069,0.1239,0.9828502897823416,0.08408505074570247,,,0.9225880141466609,,0.9226287732501527,0.07737122674984731,0.9521827329160755,0.14587835589260612,10,0.025,0.15,0.8461709174338117,0.9139693766183323,0.9483188265623094,0.9608793984974184,0.9716311107012116,0.9652170672333215,0.9768172802704413,1.0,0.9725897164081386,0.9688472230028601,0.969791129259343,0.9689669925458482
2,8,2.1567209053922585,0.2037489102005231,3441,2.2745089530944824,0.125,688,2.2740819182577012,0.1239,0.980829173750059,0.08309143008587573,,,0.8865958710284914,,0.886633328382103,0.11336667161789704,0.9521653364979861,0.1458762812302487,10,0.025,0.15,0.832843060438783,0.9102230382449631,0.9418440109058215,0.9603722692991294,0.9605896070521314,0.9679566043650628,0.9784692676063468,0.9725897164081386,1.0,0.9718448315369403,0.9700975127939292,0.9728677421681832
2,9,2.14548847189656,0.20383923215356928,3334,2.2750406662623086,0.10944527736131934,667,2.274080581302884,0.124,0.9744021180646694,0.08315967586003531,,,0.8890679529507716,,0.8891006915218431,0.11089930847815688,0.9521802337787795,0.14587646789920963,10,0.025,0.15,0.8281942794862854,0.899546554065014,0.9339972699486948,0.9517868402514108,0.9600536998901915,0.9539344467366077,0.9697378519373748,0.9688472230028601,0.9718448315369403,1.0,0.9584790932356453,0.9683472853229833
2,10,2.1678292544988484,0.2015735883986424,3241,2.2729469935099282,0.13425925925925927,648,2.2740850176992295,0.1239,0.9715441289530224,0.08243271926071037,,,0.8627352416641891,,0.8627766499975243,0.13722335000247565,0.9521440126718456,0.14587375144099707,10,0.025,0.15,0.8144121806585608,0.8935542846837732,0.9226311980624451,0.9472117668890835,0.9488749319602936,0.9581952323869459,0.9712341705109904,0.969791129259343,0.9700975127939292,0.9584790932356453,1.0,0.9772069563602146
2,11,2.1736494145393372,0.1868945868945869,3159,2.2743426322937013,0.13132911392405064,632,2.2740829051295415,0.1239,0.9705594834504165,0.08262724141703398,,,0.8697814611855055,,0.869823901239458,0.13017609876054204,0.9521639628374516,0.14587448004444464,10,0.025,0.15,0.8064955990047104,0.8860572789831512,0.9227570296167338,0.940078456754945,0.948371633007689,0.9567050233180475,0.9721061548561011,0.9689669925458482,0.9728677421681832,0.9683472853229833,0.9772069563602146,1.0
3,0,1.9329186066433235,0.2949744338933528,6845,2.2550981911745938,0.19065010956902848,1369,2.2540991668459736,0.1969,0.9214485593671927,0.07834757872004643,,,0.7,,0.7000132032810154,0.29998679671898465,0.9717142512405413,0.1457213802777101,10,0.025,0.15,1.0,0.9521559456832764,0.9307867530843227,0.9231827508349282,0.9032865756336158,0.8979767001124955,0.8845762013723791,0.8768465759869197,0.8580407681696469,0.8504696308359537,0.8415485379565181,0.8359207483769185
3,1,1.9811613692793735,0.2778021175611537,5478,2.251395728853014,0.21076642335766424,1096,2.2539460206333595,0.1942,0.9632866175085323,0.08281832645734274,,,0.8822149130205836,,0.8822597415457741,0.11774025845422587,0.9726151204164004,0.14582787313499332,10,0.025,0.15,0.9521559456832764,1.0,0.9615789278336647,0.9598965334214695,0.948075893434023,0.9464549364513002,0.928551476226274,0.926336452317831,0.9165184239404623,0.8990821529696186,0.9017393322715576,0.89715258180606
3,2,2.0304300985838237,0.2570746887966805,4820,2.2544270157814026,0.2074688796680498,964,2.253938871093943,0.1942,0.9750992404653043,0.08407975198258036,,,0.9336270158430341,,0.9336700169992244,0.06632998300077564,0.9726429057547114,0.14583106482653216,10,0.025,0.15,0.9307867530843227,0.9615789278336647,1.0,0.9682104222727623,0.9579956701240088,0.9553462577247241,0.9506304881963121,0.9489162945112689,0.9376185361221957,0.9238946824124716,0.9177750774311934,0.9200735772545958
3,3,2.0344945049285887,0.25823876532001816,4406,2.255494083677019,0.18047673098751418,881,2.2539366528957703,0.1942,0.982951878464034,0.08497218407686172,,,0.9699999999592428,,0.9700285520951957,0.029971447904804327,0.9726451788266348,0.14583171355240682,10,0.025,0.15,0.9231827508349282,0.9598965334214695,0.9682104222727623,1.0,0.9660588177670193,0.9658102403601462,0.9619712069447577,0.9582307319244598,0.9540921689036527,0.937678470080015,0.9370787950412625,0.9311787383630339
3,4,2.037058838930997,0.2527966926070039,4112,2.2544287272862027,0.20437956204379562,822,2.253937168966366,0.1942,0.9832692922570088,0.08476911802198386,,,0.9617236073508382,,0.9617682494099784,0.038231750590021596,0.9726420746218387,0.1458316636177907,10,0.025,0.15,0.9032865756336158,0.948075893434023,0.9579956701240088,0.9660588177670193,1.0,0.9637575776866718,0.9636523190892313,0.9671364943540987,0.9554580794048066,0.951671533341892,0.9438626691093183,0.9452273464469847
3,5,2.048643184092737,0.2649781434816148,3889,2.254902022225516,0.17352185089974292,778,2.25393791440167,0.1942,0.9829439412239894,0.08460089024919237,,,0.9548671236510028,,0.9549190473832747,0.04508095261672529,0.9726460399875388,0.1458315991464974,10,0.025,0.15,0.8979767001124955,0.9464549364513002,0.9553462577247241,0.9658102403601462,0.9637575776866718,1.0,0.9662354958321252,0.9598121697123098,0.9616948860966859,0.9450977098006383,0.9504359018982402,0.9497196300891136
3,6,2.0808199126144937,0.24408515225006736,3711,2.255696415901184,0.1954177897574124,742,2.253947713707067,0.1942,0.9852094248627005,0.08424714411546325,,,0.94044944124609,,0.9404862108233896,0.05951378917661043,0.9726370698158905,0.1458313831396873,10,0.025,0.15,0.8845762013723791,0.928551476226274,0.9506304881963121,0.9619712069447577,0.9636523190892313,0.9662354958321252,1.0,0.971376995505409,0.9739783126427247,0.9576117811702494,0.9632898293022014,0.9666235623615738
3,7,2.069440469145775,0.24750280583613918,3564,2.2530821164449057,0.20476858345021037,713,2.253945586047595,0.1942,0.9829219074754941,0.08416015047599082,,,0.9369038288829558,,0.9369295769998844,0.06307042300011556,0.9726444856786157,0.14583115252785933,10,0.025,0.15,0.8768465759869197,0.926336452317831,0.9489162945112689,0.9582307319244598,0.9671364943540987,0.9598121697123098,0.971376995505409,1.0,0.9682426823715599,0.9583314428567985,0.9603366043325241,0.9658413080808543
3,8,2.078571085135142,0.24126707352513804,3441,2.2542444467544556,0.1744186046511628,688,2.253958816769757,0.1942,0.9788351721130254,0.08341116620221069,,,0.9063773683622454,,0.9064299978544669,0.09357000214553313,0.9726170546063405,0.14582991705161244,10,0.025,0.15,0.8580407681696469,0.9165184239404623,0.9376185361221957,0.9540921689036527,0.9554580794048066,0.9616948860966859,0.9739783126427247,0.9682426823715599,1.0,0.9580492829841126,0.962664846161697,0.9669482978058916
3,9,2.073631848229302,0.2415116976604679,3334,2.2539479732513428,0.17691154422788605,667,2.2539582614657245,0.1942,0.9680826777551058,0.08310277947629993,,,0.89380840591112,,0.8938456206367282,0.10615437936327177,0.9726196566047726,0.14582895501964965,10,0.025,0.15,0.8504696308359537,0.8990821529696186,0.9238946824124716,0.937678470080015,0.951671533341892,0.9450977098006383,0.9576117811702494,0.9583314428567985,0.9580492829841126,1.0,0.9508977879729618,0.9554349558276629
3,10,2.092618314119486,0.24443073125578524,3241,2.2540458043416343,0.21604938271604937,648,2.2539637179314336,0.1942,0.9688801815403377,0.082678326600622,,,0.8765089185842501,,0.8765575745572775,0.12344242544272255,0.9725687948120605,0.14582723015047008,10,0.025,0.15,0.8415485379565181,0.9017393322715576,0.9177750774311934,0.9370787950412625,0.9438626691093183,0.9504359018982402,0.9632898293022014,0.9603366043325241,0.962664846161697,0.9508977879729618,1.0,0.9679640748980779
3,11,2.0988092246055605,0.2270971826527382,3159,2.2540736198425293,0.1930379746835443,632,2.253960352909716,0.1942,0.9693008801901299,0.08281258362140577,,,0.8819808514245742,,0.8820286841280058,0.11797131587199416,0.9725942061583925,0.1458278687327242,10,0.025,0.15,0.8359207483769185,0.89715258180606,0.9200735772545958,0.9311787383630339,0.9452273464469847,0.9497196300891136,0.9666235623615738,0.9658413080808543,0.9669482978058916,0.9554349558276629,0.9679640748980779,1.0
4,0,1.8776909989339334,0.3202921840759679,6845,2.2295477390289307,0.2425127830533236,1369,2.228550485417813,0.2483,0.9317994654304574,0.07891991182690784,,,0.7,,0.7000132032810154,0.29998679671898465,0.9828759473040912,0.14576897804533032,10,0.025,0.15,1.0,0.9522050464902182,0.9360736471930079,0.9294083766261736,0.9089770860282834,0.9085842599707493,0.9013918724143826,0.8863867008723562,0.873649036888315,0.86596371739438,0.8601943840247422,0.8580672518478332
4,1,1.9226811372956565,0.3077400511135451,5478,2.225291040208605,0.25821167883211676,1096,2.228299288810054,0.2486,0.9645587860588726,0.08275776455356296,,,0.8799108822450202,,0.8799491673680909,0.12005083263190908,0.9835975371029075,0.14590024191288978,10,0.025,0.15,0.9522050464902182,1.0,0.9571697947864485,0.9561981805928276,0.9421942042688151,0.943894684509559,0.9328251926167911,0.928101471696012,0.9196392905877444,0.9079617344746713,0.9099138763354295,0.9088099654965212
4,2,1.9698645296849702,0.2842738589211618,4820,2.229798048734665,0.26141078838174275,964,2.2282879714724384,0.2486,0.976560170769079,0.08393055599187887,,,0.9348890060514328,,0.9349243286956809,0.06507567130431913,0.9836243210578977,0.1459039048527887,10,0.025,0.15,0.9360736471930079,0.9571697947864485,1.0,0.9658835130414869,0.9566729258936354,0.9549983066698761,0.9544279719720875,0.9467555201062932,0.9409503136167106,0.9293927332151689,0.9247186749041293,0.9295960318465053
4,3,1.9725096113341196,0.2887426236949614,4406,2.2292639868600026,0.24404086265607264,881,2.2282858649386634,0.2486,0.9825747106594745,0.0846795425011977,,,0.9699999999531219,,0.9700285520951957,0.029971447904804327,0.9836261255028761,0.1459045543424604,10,0.025,0.15,0.9294083766261736,0.9561981805928276,0.9658835130414869,1.0,0.9637478583527317,0.962474861740032,0.9620178346288275,0.9562454523696847,0.9532024078738734,0.9406454384123455,0.9383730959834597,0.9376404781871209
4,4,1.9756008610580906,0.28339007782101167,4112,2.229973929268973,0.24087591240875914,822,2.2282861637163767,0.2486,0.9804887517202445,0.08448572487910708,,,0.960914216347416,,0.9609595484477893,0.0390404515522107,0.9836256732090886,0.1459044672500851,10,0.025,0.15,0.9089770860282834,0.9421942042688151,0.9566729258936354,0.9637478583527317,1.0,0.9590147351223328,0.9613119068015552,0.9635497487229969,0.954934783249405,0.941249576444305,0.9404802745862686,0.9482892830646235
4,5,1.9854207250379747,0.2909231164823862,3889,2.230264186859131,0.2377892030848329,778,2.228287078157256,0.2486,0.9817412848219755,0.08442234532299954,,,0.9579431091508294,,0.957980558168705,0.042019441831295024,0.9836237909597957,0.14590442823879615,10,0.025,0.15,0.9085842599707493,0.943894684509559,0.9549983066698761,0.962474861740032,0.9590147351223328,1.0,0.9645015751088624,0.9566862540467485,0.9589457427802197,0.948084102248944,0.9474330495961997,0.9506523174351205
4,6,2.0184600456007598,0.27019671247642146,3711,2.2300018072128296,0.25202156334231807,742,2.228300118748146,0.2486,0.9842762630696908,0.0842858497322881,,,0.9515444680625735,,0.9515852189269033,0.04841478107309671,0.9836235616004589,0.14590433431222977,10,0.025,0.15,0.9013918724143826,0.9328251926167911,0.9544279719720875,0.9620178346288275,0.9613119068015552,0.9645015751088624,1.0,0.9649872169580394,0.9677477406367185,0.9547152099527788,0.9567086079950561,0.9639341124858753
4,7,2.0018498701708656,0.27497194163860833,3564,2.227030038833618,0.2538569424964937,713,2.228297562538823,0.2486,0.9806170344310063,0.08411264262651753,,,0.9434248643597372,,0.9434734531531086,0.0565265468468914,0.98360987712853,0.14590418958101642,10,0.025,0.15,0.8863867008723562,0.928101471696012,0.9467555201062932,0.9562454523696847,0.9635497487229969,0.9566862540467485,0.9649872169580394,1.0,0.963649638848663,0.9536841399914168,0.9570318101709867,0.9641565006014768
4,8,2.012933259098618,0.2692821854112177,3441,2.2288437287012735,0.23255813953488372,688,2.2283155405068698,0.2481,0.977950279245491,0.08356168251196894,,,0.9175969529336918,,0.9176527867174993,0.08234721328250072,0.9836066701657732,0.1459032452046222,10,0.025,0.15,0.873649036888315,0.9196392905877444,0.9409503136167106,0.9532024078738734,0.954934783249405,0.9589457427802197,0.9677477406367185,0.963649638848663,1.0,0.9567679405194401,0.9578014635689795,0.9625311363533994
4,9,2.0078261702149,0.27399520095980806,3334,2.226941784222921,0.2368815592203898,667,2.228316467019576,0.2486,0.9682023029625856,0.08305278857768908,,,0.893741020148792,,0.8937796042316516,0.10622039576834841,0.9836126292525156,0.1459016398939289,10,0.025,0.15,0.86596371739438,0.9079617344746713,0.9293927332151689,0.9406454384123455,0.941249576444305,0.948084102248944,0.9547152099527788,0.9536841399914168,0.9567679405194401,1.0,0.9460397878018917,0.9519961290104861
4,10,2.029253846865434,0.2740203640851589,3241,2.230307857195536,0.25462962962962965,648,2.2283255842667593,0.248,0.9685631146269854,0.08280159795101535,,,0.8819657045034893,,0.8820121800267366,0.11798781997326335,0.9835973193508393,0.14590052350926647,10,0.025,0.15,0.8601943840247422,0.9099138763354295,0.9247186749041293,0.9383730959834597,0.9404802745862686,0.9474330495961997,0.9567086079950561,0.9570318101709867,0.9578014635689795,0.9460397878018917,1.0,0.9620753989452139
4,11,2.0331685304641725,0.258309591642925,3159,2.2281280040740965,0.2689873417721519,632,2.22831946083262,0.248,0.9717778881758355,0.08298959352486705,,,0.8907785620982871,,0.8908088660032017,0.10919113399679825,0.9835987356215653,0.14590135274316293,10,0.025,0.15,0.8580672518478332,0.9088099654965212,0.9295960318465053,0.9376404781871209,0.9482892830646235,0.9506523174351205,0.9639341124858753,0.9641565006014768,0.9625311363533994,0.9519961290104861,0.9620753989452139,1.0
5,0,1.832657136078234,0.3362308254200146,6845,2.198665965687145,0.26296566837107377,1369,2.1977287696886667,0.2754,0.9373990940992413,0.07949816215559345,,,0.7,,0.7000132032810154,0.29998679671898465,0.9888034865522748,0.1455276684701941,10,0.025,0.15,1.0,0.9500833744613364,0.9358512990429095,0.9317651564937823,0.9090345029334157,0.9148018723595194,0.9062873961769061,0.8933970598839259,0.8812880586559315,0.868532614858782,0.8699286638957375,0.8692804246546474
5,1,1.871369999785756,0.32820372398685654,5478,2.1937745147281222,0.2983576642335766,1096,2.1973352039916607,0.2747,0.9635426803730225,0.08272988383744617,,,0.8751436394083607,,0.8751959862025713,0.12480401379742867,0.9895995341965106,0.14569052975855093,10,0.025,0.15,0.9500833744613364,1.0,0.9543147774200811,0.9526743201454919,0.9366651402754103,0.9399388705393493,0.9296871115776991,0.9270622323200907,0.9178725751200242,0.9036918015200601,0.9087995778716869,0.91055804592384
5,2,1.9216284846004688,0.30184647302904566,4820,2.2002256512641907,0.28319502074688796,964,2.197318478475643,0.2747,0.9765064444666728,0.08387973894023273,,,0.9374602085068662,,0.937490716443036,0.06250928355696395,0.9896145404452303,0.14569591813059252,10,0.025,0.15,0.9358512990429095,0.9543147774200811,1.0,0.9607532554720358,0.9516333449787763,0.953176341696305,0.9503083575791037,0.945071823259268,0.9381610273540837,0.9281219637287376,0.9286009296317381,0.9343969898098424
5,3,1.9171353326525007,0.31339083068542894,4406,2.1973608902522495,0.27128263337116915,881,2.1973167672941956,0.2747,0.9806804939889537,0.08448015782995899,,,0.9699999999458049,,0.9700285520951957,0.029971447904804327,0.9896292361967308,0.14569666881979892,10,0.025,0.15,0.9317651564937823,0.9526743201454919,0.9607532554720358,1.0,0.956719504872809,0.9578507564294837,0.9585197685416297,0.9533664108726781,0.9494402816428188,0.9351860243996764,0.9350172558698869,0.9369098644989365
5,4,1.9217483950383736,0.3013375486381323,4112,2.2001658848353793,0.26520681265206814,822,2.1973167491864554,0.2747,0.9773310913651927,0.08425075519409606,,,0.9575674898195394,,0.9576092158901487,0.04239078410985131,0.9896264858208867,0.14569655185033897,10,0.025,0.15,0.9090345029334157,0.9366651402754103,0.9516333449787763,0.956719504872809,1.0,0.9536108271474947,0.9544845398131581,0.9583048177099164,0.9497472989060348,0.9400997878608138,0.9335122449760984,0.9442943407972877
5,5,1.9294686098252574,0.31051684237593213,3889,2.200586727687291,0.2699228791773779,778,2.197318149518363,0.2747,0.9800144541608133,0.08429900949010369,,,0.960182638601479,,0.9602251159413114,0.039774884058688564,0.9896273168920826,0.1456965797609144,10,0.025,0.15,0.9148018723595194,0.9399388705393493,0.953176341696305,0.9578507564294837,0.9536108271474947,1.0,0.9599991378480073,0.9535937880058306,0.9540563182218477,0.9390828560860748,0.9445165536261453,0.9491456338164774
5,6,1.9634472690779587,0.29191592562651575,3711,2.1989772717158,0.2776280323450135,742,2.1973349263396442,0.2747,0.9812260156899065,0.0842539292953738,,,0.9577395107125379,,0.9577825089534749,0.04221749104652506,0.9896250006975031,0.14569655229540662,10,0.025,0.15,0.9062873961769061,0.9296871115776991,0.9503083575791037,0.9585197685416297,0.9544845398131581,0.9599991378480073,1.0,0.9578109351205333,0.96238455768864,0.943852520573856,0.9514453730361785,0.9586937404134397
5,7,1.9473376584904534,0.29335016835016836,3564,2.195754607518514,0.2776998597475456,713,2.197330674038658,0.2747,0.9789381312488902,0.08407193167419613,,,0.9478761224400531,,0.9479213084451487,0.05207869155485134,0.9896313334831913,0.14569638219163722,10,0.025,0.15,0.8933970598839259,0.9270622323200907,0.945071823259268,0.9533664108726781,0.9583048177099164,0.9535937880058306,0.9578109351205333,1.0,0.9591352389091777,0.9490998105795578,0.9505463626814744,0.9589785040992461
5,8,1.9539693103896247,0.2922115664051148,3441,2.198319435119629,0.2543604651162791,688,2.197355949425999,0.2748,0.9753847385247953,0.08361450439599022,,,0.9230857827522262,,0.9231238962882277,0.07687610371177234,0.9896165824734802,0.14569533875379817,10,0.025,0.15,0.8812880586559315,0.9178725751200242,0.9381610273540837,0.9494402816428188,0.9497472989060348,0.9540563182218477,0.96238455768864,0.9591352389091777,1.0,0.9491552998467301,0.9472890518316548,0.9561258621142251
5,9,1.963858214131108,0.2950509898020396,3334,2.194124460220337,0.25787106446776614,667,2.1973583517195303,0.2748,0.9643523220340258,0.08293916334679015,,,0.8864855736862799,,0.8865260517238533,0.11347394827614665,0.9896011075581234,0.14569214497451527,10,0.025,0.15,0.868532614858782,0.9036918015200601,0.9281219637287376,0.9351860243996764,0.9400997878608138,0.9390828560860748,0.943852520573856,0.9490998105795578,0.9491552998467301,1.0,0.9337824758384854,0.9458046639956826
5,10,1.9751350136903616,0.29657513113236655,3241,2.202080170313517,0.27469135802469136,648,2.1973710452454,0.2748,0.9663101337197633,0.08284733589676578,,,0.8815089713120194,,0.8815500651912,0.11844993480879995,0.9895949829935391,0.14569145644666123,10,0.025,0.15,0.8699286638957375,0.9087995778716869,0.9286009296317381,0.9350172558698869,0.9335122449760984,0.9445165536261453,0.9514453730361785,0.9505463626814744,0.9472890518316548,0.9337824758384854,1.0,0.9560664035523991
5,11,1.9779399065971375,0.2807534029756252,3159,2.1967960357666017,0.3037974683544304,632,2.1973618706570397,0.2748,0.9715691767227321,0.08313542794345287,,,0.8971221628268449,,0.8971546929411959,0.10284530705880413,0.9895972804426787,0.14569339059196282,10,0.025,0.15,0.8692804246546474,0.91055804592384,0.9343969898098424,0.9369098644989365,0.9442943407972877,0.9491456338164774,0.9586937404134397,0.9589785040992461,0.9561258621142251,0.9458046639956826,0.9560664035523991,1.0
6,0,1.799105375342899,0.34657414170927686,6845,2.1629042625427246,0.2841490138787436,1369,2.161908729166924,0.2903,0.9426918244608443,0.08007196000807344,,,0.7,,0.7000132032810154,0.29998679671898465,0.9920096049547807,0.1453024942526111,10,0.025,0.15,1.0,0.9456640875744703,0.9328614609703705,0.9291296671548618,0.9116762340158612,0.9152954513352921,0.9115113901057948,0.8969231737573162,0.89070551490083,0.8760470537641131,0.8857888460306711,0.8798182749645009
6,1,1.8348364577736966,0.34076305220883535,5478,2.1571986145443387,0.30656934306569344,1096,2.1613102261024184,0.2894,0.9635283878480955,0.08275628075077544,,,0.870015182454544,,0.8700549586572264,0.12994504134277363,0.992765709284267,0.14547520277341527,10,0.025,0.15,0.9456640875744703,1.0,0.9465648393670275,0.9469770590076425,0.9368917826051184,0.9363558167377811,0.9269782571308444,0.9249098443014867,0.9182318124975085,0.9034409386327097,0.9155451508526542,0.9132789125620432
6,2,1.8797317592721237,0.3163070539419087,4820,2.1660450994968414,0.2987551867219917,964,2.161286118664319,0.2893,0.974893814512567,0.08384035485454858,,,0.9386765214723667,,0.9387202719875889,0.061279728012411105,0.9928307441046359,0.14548327859518606,10,0.025,0.15,0.9328614609703705,0.9465648393670275,1.0,0.9538510557988279,0.9474372094653056,0.9484099942589305,0.9483999895716169,0.9408285890659837,0.9382655672812676,0.9216908307278805,0.9328684358944691,0.9340539742409419
6,3,1.8731748972620283,0.3290285973672265,4406,2.1604101998465404,0.2883087400681044,881,2.161283737496485,0.2892,0.9786375622548931,0.08433491223325663,,,0.9699999999366635,,0.9700285520951957,0.029971447904804327,0.9928407913010731,0.14548386506242714,10,0.025,0.15,0.9291296671548618,0.9469770590076425,0.9538510557988279,1.0,0.9532661364528917,0.9522370716828903,0.9528823819359911,0.9499088829311427,0.945905733955529,0.9313688310463053,0.9373430463532401,0.9352436360954145
6,4,1.8846624471924522,0.31634241245136185,4112,2.1650551046643938,0.2761557177615572,822,2.1612831520128855,0.2892,0.9770045846012541,0.08413934326034522,,,0.9576133674143098,,0.9576504761433217,0.04234952385667834,0.9928434218546985,0.14548372390107564,10,0.025,0.15,0.9116762340158612,0.9368917826051184,0.9474372094653056,0.9532661364528917,1.0,0.9515982465139964,0.948824740722578,0.9530570909785998,0.9456140878304873,0.9332944219514511,0.9386962793078023,0.948118824701553
6,5,1.8814818432254177,0.32581640524556443,3889,2.1664583001817976,0.27892030848329047,778,2.1612849054457266,0.2893,0.9767338121730421,0.08416043087442542,,,0.9589489807403708,,0.9589955603967586,0.041004439603241405,0.9928429060391762,0.14548373711268722,10,0.025,0.15,0.9152954513352921,0.9363558167377811,0.9484099942589305,0.9522370716828903,0.9515982465139964,1.0,0.9518853817942402,0.9466371279676786,0.9480630901817784,0.9278550556184529,0.9430253195333481,0.9441083163471812
6,6,1.916742914298485,0.30711398544866614,3711,2.1628293991088867,0.2991913746630728,742,2.161305913442298,0.2893,0.977493565177256,0.08415727224268227,,,0.9587489244119393,,0.9587892591308941,0.04121074086910592,0.992843371109571,0.14548373664876835,10,0.025,0.15,0.9115113901057948,0.9269782571308444,0.9483999895716169,0.9528823819359911,0.948824740722578,0.9518853817942402,1.0,0.9497799158244953,0.9543430929785816,0.9347837442993447,0.9440789603556916,0.9506566854742482
6,7,1.9004070000989097,0.30883838383838386,3564,2.159628947575887,0.30014025245441794,713,2.161301111873192,0.2893,0.9757278954949257,0.08398677118345,,,0.947950003018929,,0.9479955769008599,0.05200442309914011,0.9928367588044873,0.14548353722150711,10,0.025,0.15,0.8969231737573162,0.9249098443014867,0.9408285890659837,0.9499088829311427,0.9530570909785998,0.9466371279676786,0.9497799158244953,1.0,0.9530679037173004,0.9340909462071189,0.9493597493497359,0.9545804351453705
6,8,1.9075803831771567,0.3066259808195292,3441,2.1623337666193643,0.2747093023255814,688,2.161333923098407,0.2894,0.9725986443978536,0.08360094990050437,,,0.9235134762017868,,0.9235530029212259,0.07644699707877411,0.9928256092861305,0.14548255001862348,10,0.025,0.15,0.89070551490083,0.9182318124975085,0.9382655672812676,0.945905733955529,0.9456140878304873,0.9480630901817784,0.9543430929785816,0.9530679037173004,1.0,0.9328530004350966,0.9421262767438442,0.9474922486006981
6,9,1.9162131247697054,0.3058488302339532,3334,2.155991315841675,0.27436281859070466,667,2.1613412114638315,0.2896,0.9590292296117066,0.08273921481066766,,,0.8689342874351724,,0.8689574359228268,0.13104256407717318,0.9927766916209114,0.1454748639305611,10,0.025,0.15,0.8760470537641131,0.9034409386327097,0.9216908307278805,0.9313688310463053,0.9332944219514511,0.9278550556184529,0.9347837442993447,0.9340909462071189,0.9328530004350966,1.0,0.9301257105318805,0.9339102320364864
