round,client_id,client_i_training_loss,client_i_training_accuracy,client_i_training_dataset_size,client_i_evaluation_loss,client_i_evaluation_accuracy,client_i_evaluation_dataset_size,client_i_central_evaluation_loss,client_i_central_evaluation_accuracy,client_i_cosine_similarity,client_i_importance_coefficient,client_i_tanh_val,tanh_normalization_value,client_i_q,client_i_mask_order,client_i_v_nonzero_fraction,client_i_v_sparsity,client_i_v_cosine_similarity,client_i_reward_gradient_norm,local_epochs,learning_rate,gamma,client_0_cosine_similarity,client_1_cosine_similarity,client_2_cosine_similarity,client_3_cosine_similarity,client_4_cosine_similarity,client_5_cosine_similarity,client_6_cosine_similarity,client_7_cosine_similarity,client_8_cosine_similarity,client_9_cosine_similarity,client_10_cosine_similarity,client_11_cosine_similarity
0,0,0.27677233946991625,0.9138787436084733,8214,2.1915309595507244,0.32432432432432434,1369,2.1935065836190417,0.3287,0.8008397182242514,0.08537745288219849,,,0.9599999999417768,,0.9600020079313287,0.03999799206867127,0,0.3916165273794892,5,0.1,0.5,1.0,0.568592518196364,0.5686023766125103,0.5552591259642283,0.5708223854787682,0.5789519257282766,0.5638404062525336,0.5732417160546086,0.5641744294701098,0.5594480612584813,0.5783059674483498,0.5699193513876841
0,1,0.30361875370506525,0.9053240036507454,6574,2.189718805040632,0.3284671532846715,1096,2.193509753138874,0.3287,0.7874787874989667,0.08395304521671743,,,0.8770664203185586,,0.8770844837106571,0.12291551628934294,0,0.3915814715278947,5,0.1,0.5,0.568592518196364,1.0,0.5666167133723996,0.5507336590027451,0.5929349723170808,0.5769805628186572,0.5586817861591097,0.577608043524517,0.5677334534720155,0.5560326772394841,0.5778403483740315,0.5752435799117939
0,2,0.3410269707780928,0.8946567525505793,5783,2.1978398984478367,0.29979253112033194,964,2.193519721777675,0.3284,0.7847312356626739,0.08366012895381698,,,0.8600118966727701,,0.86003212690126,0.13996787309874004,0,0.3915625431776969,5,0.1,0.5,0.5686023766125103,0.5666167133723996,1.0,0.5657899931781923,0.5843243688969089,0.5605943840225013,0.5637059816488301,0.5850978691066671,0.5761830589403202,0.5817899546419789,0.5840107559933373,0.5849044869670061
0,3,0.34128693320216186,0.8940041611499906,5287,2.1938510622297014,0.3348467650397276,881,2.1936470677677433,0.3277,0.7712364151294543,0.08222144730752774,,,0.7762472401376656,,0.7762612318658701,0.22373876813412985,0,0.3913451429037254,5,0.1,0.5,0.5552591259642283,0.5507336590027451,0.5657899931781923,1.0,0.5791789304921557,0.5746893954723533,0.5664724699116482,0.5733978524342347,0.5549857205537714,0.5767881953005035,0.583186223277481,0.5593923062375942
0,4,0.3341937161753735,0.8948733535967579,4935,2.1917323149167576,0.3442822384428224,822,2.1935049383023295,0.3287,0.792278849342415,0.08446477939341306,,,0.9068612242341749,,0.9068771648009638,0.09312283519903619,0,0.3916027737725808,5,0.1,0.5,0.5708223854787682,0.5929349723170808,0.5843243688969089,0.5791789304921557,1.0,0.5872428474335463,0.5924910099703949,0.5871104825400402,0.5821612565227043,0.5945664757687085,0.6100243263632126,0.5867567542728486
0,5,0.35954821924997926,0.8875508892221984,4667,2.1931099033355714,0.34318766066838047,778,2.193518868650491,0.3285,0.7845527840566003,0.08364110424357525,,,0.8589042170667996,,0.8589177250138045,0.14108227498619552,0,0.39156080936061316,5,0.1,0.5,0.5789519257282766,0.5769805628186572,0.5605943840225013,0.5746893954723533,0.5872428474335463,1.0,0.5724066209005799,0.5969837321146172,0.5764977492128548,0.5980036544321348,0.6107309836616982,0.5869431218886458
0,6,0.3627754994455193,0.8858297776779699,4453,2.193552573521932,0.34097035040431267,742,2.1936484921854524,0.3276,0.7707860036437972,0.08217342897811776,,,0.7734514590968834,,0.7734651874905878,0.2265348125094122,0,0.39133293737007097,5,0.1,0.5,0.5638404062525336,0.5586817861591097,0.5637059816488301,0.5664724699116482,0.5924910099703949,0.5724066209005799,1.0,0.5846196469898497,0.5576000678933838,0.5802711980264929,0.5983939220617591,0.5706821306930359
0,7,0.3689302438550365,0.8834229600187047,4277,2.194410282632579,0.3141654978962132,713,2.193522495964465,0.3284,0.783109611331524,0.08348724772455882,,,0.8499461974073846,,0.8499523116309422,0.1500476883690578,0,0.3915476052556999,5,0.1,0.5,0.5732417160546086,0.577608043524517,0.5850978691066671,0.5733978524342347,0.5871104825400402,0.5969837321146172,0.5846196469898497,1.0,0.5798881206486363,0.5936463704938982,0.6011518937959885,0.5827794078982705
0,8,0.39284796305501424,0.8791474933397917,4129,2.198714397170327,0.313953488372093,688,2.193718987151076,0.3277,0.7670078799715303,0.08177064354119247,,,0.75,,0.750002509914161,0.24999749008583905,0,0.39121927643893195,5,0.1,0.5,0.5641744294701098,0.5677334534720155,0.5761830589403202,0.5549857205537714,0.5821612565227043,0.5764977492128548,0.5576000678933838,0.5798881206486363,1.0,0.5746010823257534,0.5809171914264818,0.5798849730678517
0,9,0.3788454985630418,0.8832291927018245,4001,2.1941129707154774,0.3238380809595202,667,2.193519735488648,0.3289,0.7754379684934708,0.08266937454715538,,,0.8023269996709176,,0.802344259826314,0.19765574017368603,0,0.3914384495530585,5,0.1,0.5,0.5594480612584813,0.5560326772394841,0.5817899546419789,0.5767881953005035,0.5945664757687085,0.5980036544321348,0.5802711980264929,0.5936463704938982,0.5746010823257534,1.0,0.6039213889242128,0.581946413432586
0,10,0.37564011224713484,0.8824890717408074,3889,2.1904705933162143,0.3395061728395062,648,2.1935046381843737,0.3291,0.7894099530785382,0.08415892661161525,,,0.8890534949956187,,0.8890668139149641,0.11093318608503588,0,0.391591674933448,5,0.1,0.5,0.5783059674483498,0.5778403483740315,0.5840107559933373,0.583186223277481,0.6100243263632126,0.6107309836616982,0.5983939220617591,0.6011518937959885,0.5809171914264818,0.6039213889242128,1.0,0.6034357571437691
0,11,0.417936764219228,0.8718543919810077,3791,2.193950426578522,0.34810126582278483,632,2.1935929391330804,0.328,0.7731215427547227,0.08242242060011139,,,0.7879485493671388,,0.7879574318558306,0.21204256814416944,0,0.39139048951217037,5,0.1,0.5,0.5699193513876841,0.5752435799117939,0.5849044869670061,0.5593923062375942,0.5867567542728486,0.5869431218886458,0.5706821306930359,0.5827794078982705,0.5798849730678517,0.581946413432586,0.6034357571437691,1.0
1,0,0.25228681768968353,0.9225955685415145,8214,2.036682736041934,0.7246165084002922,1369,2.0411138256517845,0.7243,0.793663089472956,0.08444853112481661,,,0.9564535876249636,,0.9564680487927313,0.043531951207268715,0.9572026292027005,0.400324288356745,5,0.1,0.5,1.0,0.6089631451250094,0.6072563049038117,0.5999812070694877,0.6137650151232312,0.6240923293341025,0.6015270013969044,0.617560700265488,0.6088861117422483,0.5174469341608327,0.6107349960271533,0.6044203025720113
1,1,0.2714689842976847,0.9166108913903255,6574,2.0353858504976543,0.7463503649635036,1096,2.041137533446851,0.7239,0.8045403410422167,0.08388271192702702,,,0.9306758227854295,,0.9306962501882435,0.06930374981175647,0.9571055218106066,0.4003187022871044,5,0.1,0.5,0.6089631451250094,1.0,0.6132998510208908,0.620427858640641,0.619556911756019,0.6277573099353361,0.6162408519820903,0.6249193491960772,0.6302052880444364,0.5261417036757754,0.6294428235941003,0.6095576813453508
1,2,0.2980827121146394,0.9082483140238631,5783,2.046461835984261,0.720954356846473,964,2.04115010031496,0.724,0.8038579231907822,0.08366431130500934,,,0.9207258601521833,,0.9207469504542944,0.07925304954570556,0.9570424629207033,0.4003149498329872,5,0.1,0.5,0.6072563049038117,0.6132998510208908,1.0,0.6230432448189651,0.6276043518845047,0.631005161297821,0.6137221288008756,0.6125664891411303,0.6176542409071076,0.5238050567737746,0.6293137056040334,0.6218701057729138
1,3,0.30088453404156557,0.9070172120295064,5287,2.0408972459180013,0.7309875141884222,881,2.0413752870437816,0.7227,0.8057182940387922,0.08277381540162908,,,0.8801563742146608,,0.8801766979569299,0.11982330204307012,0.9564559816535546,0.4002852063728371,5,0.1,0.5,0.5999812070694877,0.620427858640641,0.6230432448189651,1.0,0.6264203277826443,0.6274507911890551,0.6098758598215501,0.6303203673867784,0.6282443291029433,0.5359956818639229,0.623611861160675,0.6205572371434034
1,4,0.3002827702336494,0.9057345491388045,4935,2.0388394685891957,0.7372262773722628,822,2.0411081424536417,0.7241,0.8124891461205126,0.08450045026319669,,,0.9588189356814829,,0.9588273681040108,0.04117263189598919,0.9571631285966664,0.40032458328552134,5,0.1,0.5,0.6137650151232312,0.619556911756019,0.6276043518845047,0.6264203277826443,1.0,0.6306477378583555,0.622795160005807,0.6372297011774591,0.6282848466723737,0.5391668106514775,0.6321465563971842,0.6230825685299763
1,5,0.3180022111660099,0.9019070066423827,4667,2.0416824865341185,0.7442159383033419,778,2.041139672358577,0.7238,0.8178177655798076,0.08413965948150622,,,0.9423819184098503,,0.9423974700065257,0.05760252999347426,0.9570449997585172,0.40032183485175826,5,0.1,0.5,0.6240923293341025,0.6277573099353361,0.631005161297821,0.6274507911890551,0.6306477378583555,1.0,0.6234476608197828,0.643297301348293,0.6343044932622061,0.5409914774952097,0.6450110976455768,0.6272715434718223
1,6,0.31590766406950677,0.9031214911295755,4453,2.045536001523336,0.7021563342318059,742,2.041381424608322,0.7226,0.8012528815920409,0.08258582903260826,,,0.8715920334630793,,0.8716078510114954,0.1283921489885046,0.9564169302260287,0.4002751728342914,5,0.1,0.5,0.6015270013969044,0.6162408519820903,0.6137221288008756,0.6098758598215501,0.622795160005807,0.6234476608197828,1.0,0.6288830297170969,0.6197700986200336,0.5276353390413198,0.6266856814415268,0.612419345400602
1,7,0.3178017652524051,0.9020341360766893,4277,2.0402977362923,0.7124824684431977,713,2.0411537809493825,0.7235,0.8161730556518118,0.08397997988002949,,,0.9351071860702307,,0.9351287585964561,0.06487124140354394,0.9570037768285117,0.400320043438286,5,0.1,0.5,0.617560700265488,0.6249193491960772,0.6125664891411303,0.6303203673867784,0.6372297011774591,0.643297301348293,0.6288830297170969,1.0,0.6364149944956583,0.5401588019121265,0.644668902048977,0.6243968576390181
1,8,0.32926353344127374,0.8960038750302737,4129,2.0509541739117014,0.6991279069767442,688,2.041483316939479,0.7228,0.8124298432324167,0.08270901621178449,,,0.8772042328166106,,0.8772200190753476,0.12277998092465237,0.9560840177273542,0.40028189189610025,5,0.1,0.5,0.6088861117422483,0.6302052880444364,0.6176542409071076,0.6282443291029433,0.6282848466723737,0.6343044932622061,0.6197700986200336,0.6364149944956583,1.0,0.5432628232474104,0.6395524449998682,0.6256045376216778
1,9,0.4052606349456168,0.8815296175956011,4001,2.0438705058324906,0.6956521739130435,667,2.0416246168910503,0.7224,0.7154792802052719,0.07991689682456164,,,0.75,,0.750002509914161,0.24999749008583905,0.9560783980997697,0.3998598658568409,5,0.1,0.5,0.5174469341608327,0.5261417036757754,0.5238050567737746,0.5359956818639229,0.5391668106514775,0.5409914774952097,0.5276353390413198,0.5401588019121265,0.5432628232474104,1.0,0.5508463079774881,0.53279153678216
1,10,0.31892132623976127,0.9056312676780663,3889,2.0346718231836953,0.7299382716049383,648,2.0411168085500453,0.7241,0.8190419683499466,0.08452637449842901,,,0.9599999999544416,,0.9600020079313287,0.03999799206867127,0.9571260369664051,0.4003247054965602,5,0.1,0.5,0.6107349960271533,0.6294428235941003,0.6293137056040334,0.623611861160675,0.6321465563971842,0.6450110976455768,0.6266856814415268,0.644668902048977,0.6395524449998682,0.5508463079774881,1.0,0.6333547347546786
1,11,0.3616889782562977,0.891005011870219,3791,2.044563579559326,0.7151898734177216,632,2.041299688168608,0.723,0.8047207172406803,0.082872424049402,,,0.8846488172836922,,0.8846543848200391,0.11534561517996089,0.9565885372029677,0.40028986495223823,5,0.1,0.5,0.6044203025720113,0.6095576813453508,0.6218701057729138,0.6205572371434034,0.6230825685299763,0.6272715434718223,0.612419345400602,0.6243968576390181,0.6256045376216778,0.53279153678216,0.6333547347546786,1.0
2,0,0.22960506728904662,0.9303871439006575,8214,1.8413124389426654,0.885317750182615,1369,1.848349284821044,0.8736,0.8029273080895017,0.08385649254396907,,,0.9121278656768163,,0.9121479845389288,0.08785201546107124,0.9660302014858289,0.404553795033734,5,0.1,0.5,1.0,0.627048005490915,0.6147048134829118,0.6120578281760978,0.6239883899633383,0.6317114666163831,0.6157823101050197,0.6197257107869218,0.5836695625962833,0.6222218322617,0.6249668922750221,0.6146086490210512
2,1,0.24854850333581852,0.9251292972315182,6574,1.8404361588614329,0.8877737226277372,1096,1.8484046146892512,0.8737,0.8122915491064004,0.08380820399157606,,,0.9091424084846145,,0.9091561668590934,0.0908438331409066,0.9660231599894713,0.404552109279471,5,0.1,0.5,0.627048005490915,1.0,0.6322552636629377,0.6227586633501999,0.6344500305872325,0.6333718144174117,0.626021865292713,0.6229077016284273,0.5933805057449029,0.6299002938724902,0.6362584409758001,0.6257829959220826
2,2,0.2703946375735721,0.9180010375237766,5783,1.8545284271240234,0.8744813278008299,964,1.8484373431617078,0.8736,0.8061500857968257,0.08344974434339975,,,0.886980511270299,,0.8869936248180312,0.11300637518196877,0.9659799552771133,0.4045347164964262,5,0.1,0.5,0.6147048134829118,0.6322552636629377,1.0,0.6188871923207659,0.6235842442933054,0.6273980560978709,0.6207173487179422,0.6293439364878877,0.584609787026698,0.6295886186867339,0.6302806337290082,0.6142932468860706
2,3,0.26944562931690946,0.9181766597314167,5287,1.8474146681172507,0.8774120317820658,881,1.84879677707014,0.8734,0.8050025005439604,0.08282043272708821,,,0.8480730933017044,,0.848084935495206,0.15191506450479397,0.9657901365425463,0.40447860724127593,5,0.1,0.5,0.6120578281760978,0.6227586633501999,0.6188871923207659,1.0,0.6328983054390495,0.6298784815460066,0.6261024359460808,0.6279226131533925,0.5904432553993005,0.6191304135265248,0.6275859620507648,0.6105637381078982
2,4,0.26332826994599834,0.9181762917933131,4935,1.845618798182561,0.889294403892944,822,1.8483728791197267,0.8736,0.8164405082412939,0.08436154612807133,,,0.9433529859254713,,0.943366296872647,0.05663370312735305,0.9660559194191891,0.4045649540302688,5,0.1,0.5,0.6239883899633383,0.6344500305872325,0.6235842442933054,0.6328983054390495,1.0,0.6346493648654659,0.6328942721889566,0.6391217943044768,0.5977961334689756,0.6372317927478655,0.6451634211663975,0.6201750614291137
2,5,0.28168254006934695,0.9135633169059353,4667,1.850957341194153,0.8637532133676092,778,1.8484120730774851,0.8735,0.8183924868070147,0.08419076278182525,,,0.9327942438615365,,0.9328095979117514,0.06719040208824856,0.9660466748562303,0.4045622988340665,5,0.1,0.5,0.6317114666163831,0.6333718144174117,0.6273980560978709,0.6298784815460066,0.6346493648654659,1.0,0.6326462329553714,0.6432965890679094,0.5977119598004719,0.6333118824999571,0.6486364401828466,0.6295498052111465
2,6,0.28665279169034746,0.9134066921176734,4453,1.8582650572061539,0.8517520215633423,742,1.8488221823597868,0.8735,0.8116543981498986,0.08292772101674545,,,0.8547062305593575,,0.8547161287083982,0.1452838712916018,0.9657973425394171,0.40449097517997007,5,0.1,0.5,0.6157823101050197,0.626021865292713,0.6207173487179422,0.6261024359460808,0.6328942721889566,0.6326462329553714,1.0,0.6383738198479612,0.5952621911134153,0.6344914889879104,0.6403803602522498,0.6213434186705836
2,7,0.27908715534566053,0.9162964694879588,4277,1.8452645643897678,0.8681626928471248,713,1.8484244384704687,0.8736,0.8179871791279258,0.08407096755982117,,,0.9253878609943789,,0.9254053511369911,0.07459464886300893,0.9660361361060664,0.40455976918983605,5,0.1,0.5,0.6197257107869218,0.6229077016284273,0.6293439364878877,0.6279226131533925,0.6391217943044768,0.6432965890679094,0.6383738198479612,1.0,0.6043983988179997,0.6436355944277187,0.6406473048336735,0.6303260053456587
2,8,0.32288432348089724,0.9043836279970937,4129,1.8632831248370083,0.8546511627906976,688,1.8491280669221482,0.8736,0.7761158959292515,0.08177136720243774,,,0.7832142383464312,,0.7832237337483058,0.21677626625169422,0.9653932837768642,0.4042630190770618,5,0.1,0.5,0.5836695625962833,0.5933805057449029,0.584609787026698,0.5904432553993005,0.5977961334689756,0.5977119598004719,0.5952621911134153,0.6043983988179997,1.0,0.5891528254321254,0.6140792534973488,0.5878219728397662
2,9,0.29944292167985825,0.9100724818795302,4001,1.8538847253436135,0.8545727136431784,667,1.849430170683815,0.8739,0.8137428357314436,0.08123414044441384,,,0.75,,0.750002509914161,0.24999749008583905,0.9647508109822291,0.40407540553838317,5,0.1,0.5,0.6222218322617,0.6299002938724902,0.6295886186867339,0.6191304135265248,0.6372317927478655,0.6333118824999571,0.6344914889879104,0.6436355944277187,0.5891528254321254,1.0,0.6500863838265128,0.6267924106363303
2,10,0.28194391270030716,0.9179737721779377,3889,1.8387985910688127,0.8904320987654321,648,1.8483920630555564,0.8736,0.8236781375748289,0.08463080478983992,,,0.9599999999381746,,0.9600020079313287,0.03999799206867127,0.9660642284174457,0.40456728068174524,5,0.1,0.5,0.6249668922750221,0.6362584409758001,0.6302806337290082,0.6275859620507648,0.6451634211663975,0.6486364401828466,0.6403803602522498,0.6406473048336735,0.6140792534973488,0.6500863838265128,1.0,0.6345935354072011
2,11,0.3206335470863,0.9034027960960169,3791,1.8551565766334535,0.8686708860759493,632,1.848712931806668,0.8737,0.8047763752738089,0.08287781647081238,,,0.8516208639828893,,0.851638973947091,0.14836102605290902,0.9658121822734409,0.4044854896668532,5,0.1,0.5,0.6146086490210512,0.6257829959220826,0.6142932468860706,0.6105637381078982,0.6201750614291137,0.6295498052111465,0.6213434186705836,0.6303260053456587,0.5878219728397662,0.6267924106363303,0.6345935354072011,1.0
3,0,0.21295199537656997,0.9349890430971513,8214,1.6218499804652013,0.9254930606281958,1369,1.6312432746155956,0.9151,0.7975269142417943,0.08387139540904998,,,0.9234376247310799,,0.9234526379197832,0.07654736208021684,0.968426353011207,0.3961902010625476,5,0.1,0.5,1.0,0.6104734827945731,0.6062625253607848,0.6156238616906008,0.6158262921144884,0.6151697860583948,0.6028775189877514,0.6158008216082126,0.5049216926122644,0.5701466371614694,0.6087880649341058,0.6120825731721885
3,1,0.22418299281327686,0.931457255856404,6574,1.6217891897474017,0.9251824817518248,1096,1.6313238810426511,0.9152,0.8036595975253941,0.08405434928121411,,,0.9296588229747524,,0.9296722052105818,0.0703277947894182,0.9684293792906012,0.3961927566295218,5,0.1,0.5,0.6104734827945731,1.0,0.6212292907901747,0.6191756390840146,0.6193122799858115,0.6281213125651193,0.6101040362665664,0.613003533853214,0.5037175550315223,0.5752140517955889,0.6256177003830625,0.6102623714086134
3,2,0.24656322087927912,0.9253328722116548,5783,1.6382395836614794,0.9066390041493776,964,1.631357821793602,0.9152,0.803467034608136,0.08380866743391424,,,0.9213046107416659,,0.9213242307113096,0.07867576928869036,0.9683854645950356,0.3961892463695582,5,0.1,0.5,0.6062625253607848,0.6212292907901747,1.0,0.6221762863012296,0.6191553114037218,0.614873109404386,0.6102317349290356,0.617160156897378,0.5084697425137398,0.5796710473754044,0.6244416447585962,0.6127388351551435
3,3,0.24201291223808405,0.9270663892566673,5287,1.6298397055694036,0.9080590238365494,881,1.6318320203513001,0.9154,0.8070458717345123,0.08351475682621302,,,0.9113104185729035,,0.9113297525224637,0.08867024747753627,0.9682103936096339,0.39618358848551344,5,0.1,0.5,0.6156238616906008,0.6191756390840146,0.6221762863012296,1.0,0.6263933104596898,0.6163677050251299,0.611174292407533,0.625891011433189,0.5106000450070737,0.5886273043543775,0.6253506110998349,0.6119359199319432
3,4,0.23791029100937228,0.9298480243161095,4935,1.627538460951585,0.927007299270073,822,1.6312518215027099,0.9149,0.8069939182584701,0.084540143143357,,,0.9461778497993881,,0.9461974800461824,0.053802519953817574,0.9684830495694845,0.39619731043661,5,0.1,0.5,0.6158262921144884,0.6193122799858115,0.6191553114037218,0.6263933104596898,1.0,0.6198310891677338,0.6057193920154568,0.6198526982743342,0.5161483623121101,0.5878438595163975,0.6305618239163131,0.6052281904187503
3,5,0.2558774816204015,0.9229912149132204,4667,1.636014609336853,0.9048843187660668,778,1.6313234632388471,0.915,0.8074485545647397,0.08444225879268279,,,0.9428493717338834,,0.942859294212138,0.05714070578786201,0.9684667374136402,0.3961965758574254,5,0.1,0.5,0.6151697860583948,0.6281213125651193,0.614873109404386,0.6163677050251299,0.6198310891677338,1.0,0.6137509289391958,0.6237525994258886,0.5103589456137426,0.5832853913978052,0.6284397761822861,0.6167998553608658
3,6,0.25928530712445663,0.921670783741298,4453,1.6467079867919285,0.9002695417789758,742,1.6318713438015777,0.9155,0.7983249965836552,0.0832803323860824,,,0.9033390053529298,,0.9033532453190101,0.09664675468098993,0.9682283033974765,0.3961776902218973,5,0.1,0.5,0.6028775189877514,0.6101040362665664,0.6102317349290356,0.611174292407533,0.6057193920154568,0.6137509289391958,1.0,0.6204199105321121,0.5020318621929367,0.5765983774460531,0.6250181797115683,0.611984604015933
3,7,0.25865900374448564,0.9244330137947159,4277,1.6256671677465024,0.9228611500701263,713,1.6313445903241826,0.9152,0.8086327723300099,0.08440395427145925,,,0.9415468575135404,,0.9415641785050951,0.058435821494904894,0.9684564979787117,0.39619631108020775,5,0.1,0.5,0.6158008216082126,0.613003533853214,0.617160156897378,0.625891011433189,0.6198526982743342,0.6237525994258886,0.6204199105321121,1.0,0.5146872373601978,0.5849463077826189,0.62909634813336,0.618231637908443
3,8,0.33708538500752183,0.9043836279970937,4129,1.6522551504048435,0.9084302325581395,688,1.6329113332608256,0.9155,0.6917523628971545,0.07877091736918458,,,0.75,,0.750002509914161,0.24999749008583905,0.967091003093025,0.3956647563578805,5,0.1,0.5,0.5049216926122644,0.5037175550315223,0.5084697425137398,0.5106000450070737,0.5161483623121101,0.5103589456137426,0.5020318621929367,0.5146872373601978,1.0,0.4993177387729394,0.513922647466467,0.5022977391338855
3,9,0.30238667818332376,0.9133216695826043,4001,1.640396135193961,0.9085457271364318,667,1.632948515133355,0.9156,0.7677318742395447,0.08107826462147226,,,0.8284594745313558,,0.8284724662416545,0.1715275337583455,0.9671823620854385,0.3960488377226525,5,0.1,0.5,0.5701466371614694,0.5752140517955889,0.5796710473754044,0.5886273043543775,0.5878438595163975,0.5832853913978052,0.5765983774460531,0.5849463077826189,0.4993177387729394,1.0,0.5893903867310003,0.5740226157206902
3,10,0.25480632402124953,0.9255849832861919,3889,1.6172714233398438,0.933641975308642,648,1.631285350162762,0.9151,0.8134650461836164,0.08494662687777055,,,0.9599999999659957,,0.9600020079313287,0.03999799206867127,0.9684866948989601,0.3961993412673395,5,0.1,0.5,0.6087880649341058,0.6256177003830625,0.6244416447585962,0.6253506110998349,0.6305618239163131,0.6284397761822861,0.6250181797115683,0.62909634813336,0.513922647466467,0.5893903867310003,1.0,0.6256111699656273
3,11,0.2966841127159966,0.9131627538907939,3791,1.6416350722312927,0.9018987341772152,632,1.6317411984879369,0.9154,0.7995012616079393,0.08328833358759992,,,0.9036110797301444,,0.903629335876713,0.09637066412328699,0.968218002204618,0.3961780026139865,5,0.1,0.5,0.6120825731721885,0.6102623714086134,0.6127388351551435,0.6119359199319432,0.6052281904187503,0.6167998553608658,0.611984604015933,0.618231637908443,0.5022977391338855,0.5740226157206902,0.6256111699656273,1.0
4,0,0.20263920562841897,0.9404187971755539,8214,1.3989361496858819,0.9430241051862673,1369,1.4104834924490688,0.9287,0.793339705531568,0.0848415979351153,,,0.9492214952534441,,0.9492294563525927,0.050770543647407296,0.9630610599337172,0.38103443868652104,5,0.1,0.5,1.0,0.6018174661775489,0.6024428025158389,0.5964135053058213,0.6111182132276961,0.6052871428063351,0.5922234438869307,0.6059837744384763,0.6015336353973338,0.24008682980762241,0.5955979169702388,0.5900140496928488
4,1,0.2095809144071909,0.9358685731670217,6574,1.399769163131714,0.9416058394160584,1096,1.4105798687797766,0.9287,0.7900521325361539,0.08484829991570902,,,0.9493028713550619,,0.9493147934340646,0.05068520656593545,0.9630670967372728,0.38103444732128794,5,0.1,0.5,0.6018174661775489,1.0,0.6013093462293754,0.5957233286502592,0.6025707941926202,0.5997212992000981,0.5904145595820804,0.5946520225315521,0.5981086058882812,0.23424192284728282,0.6007648309597454,0.5921615725130028
4,2,0.22949298227833614,0.93186927200415,5783,1.4174190452021938,0.91701244813278,964,1.4106167646261831,0.9287,0.7936110464941422,0.08480887934022192,,,0.9488242228851352,,0.9488328899151649,0.0511671100848351,0.9630600208354831,0.38103436255392686,5,0.1,0.5,0.6024428025158389,0.6013093462293754,1.0,0.6026084657339639,0.610436483716113,0.5997883858197525,0.596026722467669,0.6116888135975204,0.595875089940565,0.23603699468870562,0.5995013653725995,0.589092564925421
4,3,0.22819807452867819,0.9312653678834878,5287,1.408470298562731,0.927355278093076,881,1.4111605657937047,0.9286,0.7910680628066372,0.0845199971253921,,,0.9453165868750381,,0.9453340695748206,0.05466593042517942,0.9630511979986329,0.3810337083348489,5,0.1,0.5,0.5964135053058213,0.5957233286502592,0.6026084657339639,1.0,0.608683369566765,0.5957564400854418,0.5908465808908067,0.6156592351286136,0.5967182332867452,0.23185069438293385,0.5975481618605758,0.5912291002929919
4,4,0.21414350062368379,0.9352786220871327,4935,1.4059968544886663,0.940389294403893,822,1.4104877230458366,0.9287,0.80433799550191,0.08568416804005048,,,0.9594520635937036,,0.9594648863008886,0.04053511369911145,0.9630899105060319,0.38103587037354425,5,0.1,0.5,0.6111182132276961,0.6025707941926202,0.610436483716113,0.608683369566765,1.0,0.6084958491064433,0.6084338379740781,0.6210871121289371,0.6133499038694948,0.23868690769656878,0.6165480706567888,0.600469582221032
4,5,0.23329864189870758,0.9286479537175916,4667,1.417472586631775,0.910025706940874,778,1.410577564574659,0.9287,0.7971772997110537,0.08536353679638281,,,0.9555589277808483,,0.95557953917976,0.04442046082023998,0.9630864693286161,0.3810354070352992,5,0.1,0.5,0.6052871428063351,0.5997212992000981,0.5997883858197525,0.5957564400854418,0.6084958491064433,1.0,0.606410004489323,0.6176321518657891,0.6083990278571233,0.23310766688871457,0.6059397448322175,0.5942927216121825
4,6,0.23741945633132544,0.9284976420390748,4453,1.4306152413288753,0.9164420485175202,742,1.4112039412172457,0.9285,0.792710351207995,0.08442005328881136,,,0.9441030590696506,,0.9441192711209276,0.05588072887907236,0.9630447911609055,0.3810334837122226,5,0.1,0.5,0.5922234438869307,0.5904145595820804,0.596026722467669,0.5908465808908067,0.6084338379740781,0.606410004489323,1.0,0.6116698585731205,0.6103083912538443,0.22976401881295927,0.6069283269840908,0.5967134964533632
4,7,0.23073798913592056,0.9311667056347908,4277,1.4017184817272683,0.9368863955119214,713,1.4106046361283373,0.9287,0.8049669414408189,0.08561454860331216,,,0.958606737606952,,0.9586215551428141,0.04137844485718589,0.9630872893928066,0.3810357913218818,5,0.1,0.5,0.6059837744384763,0.5946520225315521,0.6116888135975204,0.6156592351286136,0.6210871121289371,0.6176321518657891,0.6116698585731205,1.0,0.6158769007856347,0.2272921365947338,0.6160513746726206,0.6084613809237571
4,8,0.2392929939520008,0.9284088156938726,4129,1.4362828623164783,0.9156976744186046,688,1.4123804005571068,0.9286,0.795802780988831,0.08148453946039284,,,0.9084597640375743,,0.908473470207319,0.09152652979268106,0.9618121088272704,0.38101934922368624,5,0.1,0.5,0.6015336353973338,0.5981086058882812,0.595875089940565,0.5967182332867452,0.6133499038694948,0.6083990278571233,0.6103083912538443,0.6158769007856347,1.0,0.2217995353729164,0.6176936438198525,0.6087358402950317
4,9,0.5526635423720268,0.8879780054986254,4001,1.4234264975502378,0.9220389805097451,667,1.4130515153415668,0.9286,0.38480772672518543,0.06843409538215531,,,0.75,,0.750002509914161,0.24999749008583905,0.9617954256086025,0.3805292729771163,5,0.1,0.5,0.24008682980762241,0.23424192284728282,0.23603699468870562,0.23185069438293385,0.23868690769656878,0.23310766688871457,0.22976401881295927,0.2272921365947338,0.2217995353729164,1.0,0.22252438129710417,0.2238936142950744
4,10,0.231372490036683,0.9353047055798406,3889,1.3937722614833288,0.9398148148148148,648,1.4105259755168098,0.9287,0.7978843876383359,0.08572929503688638,,,0.9599999999878579,,0.9600020079313287,0.03999799206867127,0.9630974720783577,0.38103592879340803,5,0.1,0.5,0.5955979169702388,0.6007648309597454,0.5995013653725995,0.5975481618605758,0.6165480706567888,0.6059397448322175,0.6069283269840908,0.6160513746726206,0.6176936438198525,0.22252438129710417,1.0,0.5999947072273853
4,11,0.2610052251030041,0.923925085729359,3791,1.4243209302425384,0.9177215189873418,632,1.411064328857885,0.9287,0.7878019501277286,0.08425098907557034,,,0.9420502649136231,,0.9420711811656042,0.05792881883439582,0.9630438452426059,0.3810330501867343,5,0.1,0.5,0.5900140496928488,0.5921615725130028,0.589092564925421,0.5912291002929919,0.600469582221032,0.5942927216121825,0.5967134964533632,0.6084613809237571,0.6087358402950317,0.2238936142950744,0.5999947072273853,1.0
5,0,0.18512332685117824,0.9447528609690772,8214,1.1524641028670377,0.9517896274653032,1369,1.1662142821394217,0.9382,0.7825744354683662,0.0846379882467438,,,0.945180044808807,,0.9452035540384519,0.05479644596154809,0.9628612658879722,0.3873207171349362,5,0.1,0.5,1.0,0.5855816515576713,0.5797306815920432,0.5714081824171515,0.5831952559794923,0.5829301453438162,0.572979706795463,0.5757547551395197,0.4849339327866966,0.5747066780438898,0.576665583606219,0.5763147677219085
5,1,0.19780589653748692,0.9395193185275327,6574,1.1539214883531843,0.9498175182481752,1096,1.1663106986508964,0.9382,0.7845568251968952,0.08471255840653405,,,0.9464729440637152,,0.9464836102605291,0.053516389739470926,0.962862462200566,0.38732096380902437,5,0.1,0.5,0.5855816515576713,1.0,0.5866802301555804,0.5818956326970126,0.5860131387914088,0.5852682766369952,0.5728832405542518,0.5772603949985203,0.4785120980298733,0.5778316469135157,0.5762707316952705,0.5743987613892695
5,2,0.21655225188764665,0.9353968528445443,5783,1.173964258163206,0.9294605809128631,964,1.1663480698110196,0.9382,0.7811579055885511,0.08456594687849983,,,0.9439309898035986,,0.9439435771296621,0.05605642287033785,0.9628608382870694,0.3873204047428621,5,0.1,0.5,0.5797306815920432,0.5866802301555804,1.0,0.5761981804880532,0.5774732036720877,0.5746197460241667,0.5736117974945577,0.5799010331752714,0.47553580798404205,0.57699624042706,0.5766382614426653,0.5741923803181886
5,3,0.2120025020765971,0.9369018346888595,5287,1.1627440324851446,0.9432463110102156,881,1.1669202875405456,0.938,0.777502864616497,0.08424275115766719,,,0.9383274144883595,,0.9383414487224537,0.06165855127754627,0.9628629119010178,0.3873188877907294,5,0.1,0.5,0.5714081824171515,0.5818956326970126,0.5761981804880532,1.0,0.5838997224557669,0.5678041948611299,0.5693400860706197,0.57644739017016,0.4795378993162107,0.5757450464650365,0.5723442348020021,0.5649129698437959
5,4,0.1946997799099453,0.9421276595744681,4935,1.1609100149228022,0.948905109489051,822,1.166204068988276,0.9381,0.7907485123770017,0.08549275432476826,,,0.959999999982662,,0.9600020079313287,0.03999799206867127,0.9628719740372997,0.3873231423721137,5,0.1,0.5,0.5831952559794923,0.5860131387914088,0.5774732036720877,0.5838997224557669,1.0,0.5798690267493675,0.5836055783728488,0.5905696899420274,0.49219998401847426,0.593443096920591,0.5917443983155647,0.5764196736340568
5,5,0.21513184393717819,0.935076065995286,4667,1.1758220028877258,0.9254498714652957,778,1.1663047170486693,0.9383,0.7838524889354328,0.0850336814953533,,,0.9520405840343962,,0.9520556196978064,0.04794438030219361,0.9628716092861068,0.38732205631410876,5,0.1,0.5,0.5829301453438162,0.5852682766369952,0.5746197460241667,0.5678041948611299,0.5798690267493675,1.0,0.5726903614422238,0.586191158687689,0.49020890494325076,0.5753694262913543,0.5850096958306507,0.573494816137197
5,6,0.2150906724795433,0.9355041545025825,4453,1.1902851462364197,0.9258760107816711,742,1.1669642755779595,0.938,0.7807920658974818,0.08429189141041578,,,0.9391794093928006,,0.9391948195371719,0.06080518046282812,0.9628629504736814,0.3873191757104809,5,0.1,0.5,0.572979706795463,0.5728832405542518,0.5736117974945577,0.5693400860706197,0.5836055783728488,0.5726903614422238,1.0,0.589778580709703,0.4870250653383847,0.5772397662340774,0.5812379462442374,0.5700601176202724
5,7,0.2086151828600177,0.9379939209726443,4277,1.155462814413983,0.9467040673211781,713,1.166330965372701,0.9382,0.7883599920746336,0.08536157554603052,,,0.9577256191074318,,0.9577430851864867,0.04225691481351335,0.9628731460774017,0.38732288278642646,5,0.1,0.5,0.5757547551395197,0.5772603949985203,0.5799010331752714,0.57644739017016,0.5905696899420274,0.586191158687689,0.589778580709703,1.0,0.4856969437641819,0.5815164145041047,0.5895290483490151,0.5817766603303722
5,8,0.22535592241508243,0.9309760232501817,4129,1.1969495253129439,0.9244186046511628,688,1.1683250998917478,0.938,0.679692231433323,0.07874702148864648,,,0.8430423190260413,,0.8430600873450128,0.1569399126549872,0.9626494204392217,0.38720522584615247,5,0.1,0.5,0.4849339327866966,0.4785120980298733,0.47553580798404205,0.4795378993162107,0.49219998401847426,0.49020890494325076,0.4870250653383847,0.4856969437641819,1.0,0.4854129978638353,0.48991551576442055,0.480693788918672
5,9,0.2274213377423289,0.9322169457635591,4001,1.1839199349993752,0.9280359820089955,667,1.169597213451093,0.9379,0.7758260582054548,0.0733806477586845,,,0.75,,0.750002509914161,0.24999749008583905,0.9612688426191048,0.3867626934407567,5,0.1,0.5,0.5747066780438898,0.5778316469135157,0.57699624042706,0.5757450464650365,0.593443096920591,0.5753694262913543,0.5772397662340774,0.5815164145041047,0.4854129978638353,1.0,0.5956924898123326,0.5705880623198997
5,10,0.20904357227970097,0.939007456929802,3889,1.1474000016848247,0.9429012345679012,648,1.166242603105478,0.9382,0.7885622929640709,0.08544578649711754,,,0.9591856706377191,,0.9591988353998293,0.04080116460017069,0.962873219804019,0.3873230653929241,5,0.1,0.5,0.576665583606219,0.5762707316952705,0.5766382614426653,0.5723442348020021,0.5917443983155647,0.5850096958306507,0.5812379462442374,0.5895290483490151,0.48991551576442055,0.5956924898123326,1.0,0.5835231479621013
5,11,0.24493527166670612,0.9288841994196781,3791,1.1815935671329498,0.9240506329113924,632,1.1668344530434653,0.938,0.7782187559486994,0.08408739678953871,,,0.9356338766527825,,0.9356558405702525,0.06434415942974747,0.9628586037206839,0.38731803126480374,5,0.1,0.5,0.5763147677219085,0.5743987613892695,0.5741923803181886,0.5649129698437959,0.5764196736340568,0.573494816137197,0.5700601176202724,0.5817766603303722,0.480693788918672,0.5705880623198997,0.5835231479621013,1.0
6,0,0.17825152109946027,0.9466277087898709,8214,0.9206131530362506,0.9569028487947406,1369,0.9363797718343644,0.9446,0.778841542173835,0.08498893034452898,,,0.9545901193633326,,0.9546006726569951,0.04539932734300489,0.9642120277942414,0.379361289944367,5,0.1,0.5,1.0,0.5667723576937107,0.5671144600121601,0.567085624746045,0.5609136619109921,0.5708391888128233,0.5605677327038985,0.562554612589445,0.5683095754357074,0.43116774298756627,0.5633156149920742,0.5500761465943041
6,1,0.18163975903773408,0.9455734712503803,6574,0.9235484787396022,0.9552919708029197,1096,0.936473366741936,0.9446,0.7669223722879787,0.08461498979507322,,,0.9489933138197423,,0.9490035640781085,0.050996435921891514,0.9642111412336309,0.37936028547186335,5,0.1,0.5,0.5667723576937107,1.0,0.5643311693022872,0.5537824115924698,0.5443087139367113,0.5551297157466585,0.5506635660643598,0.5415499921953474,0.5600851891069358,0.4184482276607263,0.5579405546249506,0.5465550727896018
6,2,0.20144227849967902,0.9392356908179146,5783,0.9445382106688714,0.9356846473029046,964,0.9365092668289574,0.9447,0.7737697743519101,0.0847596114540624,,,0.9511578806310493,,0.9511771497414788,0.04882285025852118,0.9642066894874406,0.3793607335844979,5,0.1,0.5,0.5671144600121601,0.5643311693022872,1.0,0.5575751547111708,0.5634343713135849,0.5600993323295371,0.5561132552176293,0.5580884110474583,0.5598720146895966,0.4223025566399231,0.561171297781554,0.5517855575886048
6,3,0.19493852963626204,0.9403820692264044,5287,0.931684496147292,0.9534619750283768,881,0.937070357723358,0.9446,0.7670703767605923,0.08430243318905935,,,0.944315247887149,,0.9443250840821243,0.055674915917875656,0.9642069592945457,0.379359271296003,5,0.1,0.5,0.567085624746045,0.5537824115924698,0.5575751547111708,1.0,0.5513316483064021,0.55536838005192,0.5499788035172832,0.5612606917784198,0.5567651948322024,0.4197974681033575,0.5480577910910795,0.5421322392386492
6,4,0.18567952224263742,0.9448834853090172,4935,0.9296472095526181,0.9549878345498783,822,0.9363706089056338,0.9446,0.7676114057011927,0.0851673286252473,,,0.9572602242448289,,0.9572762411525526,0.04272375884744739,0.9642264341831486,0.3793616580552644,5,0.1,0.5,0.5609136619109921,0.5443087139367113,0.5634343713135849,0.5513316483064021,1.0,0.555663109949241,0.5568505167638294,0.5529661512767717,0.5615369338499387,0.4131485982227336,0.5578263386223943,0.5428492589775861
6,5,0.2018298240378499,0.9392757660167131,4667,0.9487916541099548,0.9305912596401028,778,0.9364711927910583,0.9446,0.7729997304643125,0.08504861791632418,,,0.9554834692105021,,0.9554992219266101,0.044500778073389924,0.9642198420755669,0.37936139669497076,5,0.1,0.5,0.5708391888128233,0.5551297157466585,0.5600993323295371,0.55536838005192,0.555663109949241,1.0,0.5606407766323883,0.5634970869956495,0.5713518845670105,0.4136394165526168,0.5586681594776111,0.5473468599934906
6,6,0.20089514701228056,0.9384235346957107,4453,0.963276281952858,0.9339622641509434,742,0.937108333689717,0.9447,0.769657306510637,0.08442778558254174,,,0.9461914096774808,,0.9462075197028261,0.05379248029717387,0.9642068766117288,0.37935971933276946,5,0.1,0.5,0.5605677327038985,0.5506635660643598,0.5561132552176293,0.5499788035172832,0.5568505167638294,0.5606407766323883,1.0,0.5603662311433079,0.5700968390631656,0.4192562564941636,0.5572202654802288,0.5450261866615418
6,7,0.19525018125188662,0.9428571428571428,4277,0.9242691682732623,0.9523141654978962,713,0.9364969595171773,0.9446,0.7719559893837883,0.08523327659396746,,,0.9582472740779072,,0.9582601275036394,0.041739872496360575,0.9642266579263856,0.37936178640270574,5,0.1,0.5,0.562554612589445,0.5415499921953474,0.5580884110474583,0.5612606917784198,0.5529661512767717,0.5634970869956495,0.5603662311433079,1.0,0.5709735678624497,0.4153692498520767,0.5659259154236835,0.5488526281374371
6,8,0.201142679427531,0.940421409542262,4129,0.9702310968529094,0.936046511627907,688,0.9384938478469849,0.9449,0.7746847799235635,0.08085566570437422,,,0.8927271347664171,,0.8927413282465739,0.10725867175342607,0.9639053576849775,0.3793304573619395,5,0.1,0.5,0.5683095754357074,0.5600851891069358,0.5598720146895966,0.5567651948322024,0.5615369338499387,0.5713518845670105,0.5700968390631656,0.5709735678624497,1.0,0.4147205714000358,0.5705952033099145,0.554877454105894
6,9,0.2831266538681987,0.9226693326668333,4001,0.9585205657141549,0.9340329835082459,667,0.940348990237751,0.9447,0.6088201657032082,0.07131960754028026,,,0.75,,0.750002509914161,0.24999749008583905,0.9626613460344541,0.37884097985787113,5,0.1,0.5,0.43116774298756627,0.4184482276607263,0.4223025566399231,0.4197974681033575,0.4131485982227336,0.4136394165526168,0.4192562564941636,0.4153692498520767,0.4147205714000358,1.0,0.42695350766213624,0.4174107182283294
