round,client_id,client_i_training_loss,client_i_training_accuracy,client_i_training_dataset_size,client_i_evaluation_loss,client_i_evaluation_accuracy,client_i_evaluation_dataset_size,client_i_central_evaluation_loss,client_i_central_evaluation_accuracy,client_i_cosine_similarity,client_i_importance_coefficient,client_i_tanh_val,tanh_normalization_value,client_i_q,client_i_mask_order,client_i_v_nonzero_fraction,client_i_v_sparsity,client_i_v_cosine_similarity,client_i_reward_gradient_norm,local_epochs,learning_rate,gamma,client_0_cosine_similarity,client_1_cosine_similarity,client_2_cosine_similarity,client_3_cosine_similarity,client_4_cosine_similarity,client_5_cosine_similarity,client_6_cosine_similarity,client_7_cosine_similarity,client_8_cosine_similarity,client_9_cosine_similarity,client_10_cosine_similarity,client_11_cosine_similarity
0,0,1.9038044471221212,0.42130508887265644,8214,2.2564236563305524,0.21256391526661797,1369,2.252290654867983,0.238,0.9699372408328625,0.08168484749390571,,,0.55,,0.5500188476817351,0.44998115231826485,0,0.09869560310589551,5,0.001,0.1,1.0,0.9869745801752839,0.9795814606594938,0.9698001808453411,0.9603495698469849,0.9488663087732929,0.9487166712684256,0.9386981927309336,0.9347350359267987,0.927641885786778,0.9206105609998125,0.919258930666715
0,1,2.036832816623947,0.3630970489808336,6574,2.254379517691476,0.22536496350364962,1096,2.252132427197295,0.238,0.9898560770748711,0.08336234479186225,,,0.8413230622765624,,0.8413363489624109,0.15866365103758906,0,0.09886627800193798,5,0.001,0.1,0.9869745801752839,1.0,0.9921711254898742,0.9900365511804764,0.9822250979711693,0.9785726543653797,0.9756412281069284,0.9679174952688381,0.966175606236008,0.9599482280629698,0.9578731671179214,0.952950799417417
0,2,2.092070736806037,0.3684938613176552,5783,2.25076566203948,0.24688796680497926,964,2.2521292721501553,0.238,0.9934306096297785,0.08366337988394602,,,0.8936024101988415,,0.8936169184523637,0.10638308154763632,0,0.09886807168775924,5,0.001,0.1,0.9795814606594938,0.9921711254898742,1.0,0.9920350294488021,0.9893944057618143,0.9832925582272463,0.9852144330534882,0.9758768355515027,0.9751876162902451,0.9693433263658094,0.9634626396271658,0.9629170176192708
0,3,2.122395153648882,0.3302439947039909,5287,2.249928985323225,0.25539160045402953,881,2.252128387792423,0.238,0.997286721615748,0.08398812864730197,,,0.9499999998263347,,0.95001498149061,0.04998501850938997,0,0.09886875339408852,5,0.001,0.1,0.9698001808453411,0.9900365511804764,0.9920350294488021,1.0,0.9943790488154431,0.9913030817462946,0.9907013276952724,0.9855518540193908,0.9853479817613893,0.9783950041681732,0.9804282357168836,0.9774597980375423
0,4,2.149212162263932,0.31736575481256335,4935,2.2494122156730065,0.24574209245742093,822,2.252128804453646,0.238,0.9960097681471032,0.0838805879271895,,,0.9313239089970045,,0.931346111095002,0.06865388890499802,0,0.09886860832887505,5,0.001,0.1,0.9603495698469849,0.9822250979711693,0.9893944057618143,0.9943790488154431,1.0,0.9908773404551849,0.9929159569533246,0.9871110564763305,0.9906520862982918,0.9821108945647757,0.9797166445556694,0.9832457408674227
0,5,2.1636651615573936,0.30332119134347546,4667,2.251428928375244,0.2275064267352185,778,2.2521289369930475,0.238,0.9953752200360904,0.08382714842255608,,,0.9220433216867803,,0.9220624196557157,0.07793758034428433,0,0.09886850148714736,5,0.001,0.1,0.9488663087732929,0.9785726543653797,0.9832925582272463,0.9913030817462946,0.9908773404551849,1.0,0.995127165006659,0.9940806549781671,0.9925446370256341,0.9900677219100378,0.9897084840111261,0.9876043780422774
0,6,2.1712302044459753,0.31637098585223444,4453,2.2476685543855033,0.2601078167115903,742,2.252128836445915,0.238,0.9955511925574876,0.08384196823559996,,,0.9246170088835162,,0.9246382694928523,0.07536173050714767,0,0.09886855773345471,5,0.001,0.1,0.9487166712684256,0.9756412281069284,0.9852144330534882,0.9907013276952724,0.9929159569533246,0.995127165006659,1.0,0.9933519367346217,0.9949178088720525,0.9912160419043575,0.988916646142631,0.9891321144039533
0,7,2.182460803594162,0.29745148468552723,4277,2.2494571830915366,0.2370266479663394,713,2.252130874810508,0.238,0.9914788289694211,0.08349900749069103,,,0.8650566301161524,,0.8650747624708828,0.13492523752911723,0,0.09886723515842354,5,0.001,0.1,0.9386981927309336,0.9679174952688381,0.9758768355515027,0.9855518540193908,0.9871110564763305,0.9940806549781671,0.9933519367346217,1.0,0.9920910882774633,0.9925940936727664,0.9921637106724264,0.9893815775252317
0,8,2.186586983020489,0.30288205376604505,4129,2.2521176554939966,0.2558139534883721,688,2.2521319793055232,0.238,0.9907008309327283,0.08343348711648287,,,0.8536780150333858,,0.853693662346198,0.14630633765380197,0,0.09886674422740012,5,0.001,0.1,0.9347350359267987,0.966175606236008,0.9751876162902451,0.9853479817613893,0.9906520862982918,0.9925446370256341,0.9949178088720525,0.9920910882774633,1.0,0.9882973625235854,0.9901673777060045,0.9924843430199162
0,9,2.1888664544574796,0.2765308672831792,4001,2.2494388080778576,0.24737631184407796,667,2.2521361550584005,0.238,0.9864675994139109,0.08307697861627922,,,0.7917648613529187,,0.7917862769546012,0.20821372304539876,0,0.09886291671146856,5,0.001,0.1,0.927641885786778,0.9599482280629698,0.9693433263658094,0.9783950041681732,0.9821108945647757,0.9900677219100378,0.9912160419043575,0.9925940936727664,0.9882973625235854,1.0,0.987831069223711,0.99176317451422
0,10,2.194154028814347,0.29910002571355104,3889,2.2562256313505626,0.22530864197530864,648,2.2521421018119057,0.238,0.9843717300285926,0.08290047155592563,,,0.7611117107348638,,0.761137046809909,0.238862953190091,0,0.09885870602465349,5,0.001,0.1,0.9206105609998125,0.9578731671179214,0.9634626396271658,0.9804282357168836,0.9797166445556694,0.9897084840111261,0.988916646142631,0.9921637106724264,0.9901673777060045,0.987831069223711,1.0,0.98900378226988
0,11,2.2008555600623123,0.2679504088630968,3791,2.2537022709846495,0.2389240506329114,632,2.252142227495821,0.238,0.9836732725339287,0.08284164981825978,,,0.7508964163399833,,0.7509254695005848,0.2490745304994152,0,0.09885732707550253,5,0.001,0.1,0.919258930666715,0.952950799417417,0.9629170176192708,0.9774597980375423,0.9832457408674227,0.9876043780422774,0.9891321144039533,0.9893815775252317,0.9924843430199162,0.99176317451422,0.98900378226988,1.0
1,0,1.6465225618637025,0.5120525931336742,8214,2.1928505564844887,0.3089846603360117,1369,2.188108183705388,0.3207,0.984124983672192,0.08195920792992767,,,0.55,,0.5500188476817351,0.44998115231826485,0.9736567293865784,0.09931729779748658,5,0.001,0.1,1.0,0.9940092081271527,0.9920501495631115,0.987799931484698,0.9836650730082818,0.9793903826817952,0.978124360216541,0.9735586078006169,0.9718887784410151,0.9677186109264394,0.9618289955573885,0.9646452867504461
1,1,1.7944331986232869,0.4640401581989656,6574,2.1902909891945974,0.29744525547445255,1096,2.1875888295828725,0.322,0.9940556424924248,0.08331014025808241,,,0.8408714933575758,,0.8408917369830178,0.15910826301698222,0.9752161345637502,0.09953121776035113,5,0.001,0.1,0.9940092081271527,1.0,0.9967246311113799,0.995805461042816,0.9923307574137353,0.9918327714346806,0.9898884562241113,0.9868367084484664,0.9854005253462829,0.982248770997729,0.9787035836370543,0.9792841341041072
1,2,1.8554802192508846,0.4796472419159606,5783,2.1860691885794363,0.3257261410788382,964,2.1875831098221363,0.3221,0.996104414389503,0.08356118941541457,,,0.8949253062521942,,0.8949410889127304,0.10505891108726961,0.9752385783639821,0.09953369682702949,5,0.001,0.1,0.9920501495631115,0.9967246311113799,1.0,0.9971176661145378,0.9955038179742364,0.9936186452082791,0.9930175314998585,0.9899149629725513,0.9884321234809667,0.986138888406147,0.9814301042259297,0.9835174018013961
1,3,1.9091200748121882,0.43907698127482503,5287,2.1861807874270847,0.33938706015891035,881,2.1875806334681402,0.322,0.9978493441861004,0.08381697998154199,,,0.9499999997846883,,0.95001498149061,0.04998501850938997,0.9752531481336421,0.09953502821696875,5,0.001,0.1,0.987799931484698,0.995805461042816,0.9971176661145378,1.0,0.9971685800399064,0.9959253130703207,0.9951812539122606,0.9929301563302837,0.9922969450687503,0.9885356561794865,0.987258999434529,0.9882096873027288
1,4,1.9537741861035747,0.41608915906788246,4935,2.1835462680229774,0.33211678832116787,822,2.187581142297568,0.3221,0.9979975610689527,0.08375573827851833,,,0.9368139465361263,,0.9368264370149139,0.06317356298508614,0.9752455186614614,0.09953475876433635,5,0.001,0.1,0.9836650730082818,0.9923307574137353,0.9955038179742364,0.9971685800399064,1.0,0.996027884679695,0.9962976572637893,0.9939800503938997,0.9945749659330723,0.9910360663163486,0.9881113410306418,0.9912510694123314
1,5,1.9789012120194631,0.41328476537390185,4667,2.1880987548828124,0.31876606683804626,778,2.1875813228253738,0.3221,0.9988154407881144,0.08374935670076723,,,0.9354399183840467,,0.9354539391654827,0.0645460608345173,0.9752447548482901,0.09953475758216473,5,0.001,0.1,0.9793903826817952,0.9918327714346806,0.9936186452082791,0.9959253130703207,0.996027884679695,1.0,0.99788729380634,0.9967261769805283,0.9962374533440161,0.9950813236952032,0.9932286999303211,0.9937321555434635
1,6,1.9916847453798567,0.4249719290366045,4453,2.1808175345261893,0.3328840970350404,742,2.187581195618017,0.3221,0.9985624350246355,0.08375028000679538,,,0.9356387169453337,,0.935652081460647,0.06434791853935296,0.9752442366641199,0.09953475777007997,5,0.001,0.1,0.978124360216541,0.9898884562241113,0.9930175314998585,0.9951812539122606,0.9962976572637893,0.99788729380634,1.0,0.9964080458449854,0.9970041277047557,0.9954008560808519,0.9930984500201948,0.994343448250805
1,7,2.016466015488354,0.4106149169978957,4277,2.1832902949789297,0.33520336605890605,713,2.187585395745957,0.3221,0.9972371483089502,0.08349686843764038,,,0.8810762492198909,,0.8810904592068509,0.11890954079314908,0.975231408188087,0.09953323527187047,5,0.001,0.1,0.9735586078006169,0.9868367084484664,0.9899149629725513,0.9929301563302837,0.9939800503938997,0.9967261769805283,0.9964080458449854,1.0,0.99568569731896,0.9952469665793473,0.9952514630796139,0.9942726063464077
1,8,2.0222719843571,0.4093000726568176,4129,2.186482537876476,0.3444767441860465,688,2.1875875377045655,0.322,0.9968478002988802,0.08344405559217358,,,0.8697050273538957,,0.8697238572988856,0.13027614270111443,0.9752230495865296,0.09953260002036722,5,0.001,0.1,0.9718887784410151,0.9854005253462829,0.9884321234809667,0.9922969450687503,0.9945749659330723,0.9962374533440161,0.9970041277047557,0.99568569731896,1.0,0.9946759841955254,0.9935860335933102,0.9963573013928613
1,9,2.031711326705085,0.3855036240939765,4001,2.185636077608381,0.3313343328335832,667,2.1875957383896214,0.322,0.9950981537189024,0.0831686116568534,,,0.8103987341124683,,0.8104164854389577,0.18958351456104228,0.9752156182691065,0.09952852524419017,5,0.001,0.1,0.9677186109264394,0.982248770997729,0.986138888406147,0.9885356561794865,0.9910360663163486,0.9950813236952032,0.9954008560808519,0.9952469665793473,0.9946759841955254,1.0,0.993553974372457,0.9956209270769156
1,10,2.0450019136804047,0.4066340961686809,3889,2.190884067898705,0.3055555555555556,648,2.1876092848305504,0.3221,0.9929660037906453,0.08299133002640385,,,0.7722279304985235,,0.7722475135558327,0.22775248644416735,0.9751990428170878,0.0995239177203964,5,0.001,0.1,0.9618289955573885,0.9787035836370543,0.9814301042259297,0.987258999434529,0.9881113410306418,0.9932286999303211,0.9930984500201948,0.9952514630796139,0.9935860335933102,0.993553974372457,1.0,0.9937007796741448
1,11,2.05561260836465,0.3872329200738591,3791,2.1915732741355898,0.310126582278481,632,2.187609648933045,0.3221,0.994235603607456,0.08299624171588127,,,0.7732854745541581,,0.7733010506374383,0.22669894936256174,0.9751852469691417,0.09952396644855888,5,0.001,0.1,0.9646452867504461,0.9792841341041072,0.9835174018013961,0.9882096873027288,0.9912510694123314,0.9937321555434635,0.994343448250805,0.9942726063464077,0.9963573013928613,0.9956209270769156,0.9937007796741448,1.0
2,0,1.4668064892060098,0.5715120525931336,8214,2.111286950665851,0.42658875091307524,1369,2.1060701338246988,0.4364,0.9884504393585701,0.08222314874977774,,,0.55,,0.5500188476817351,0.44998115231826485,0.990633825193443,0.09942882186638949,5,0.001,0.1,1.0,0.994763784729739,0.9930125424686365,0.9905865316110583,0.9870659043866107,0.9846001701231689,0.9843747614355977,0.9810822373591094,0.9788759502301679,0.97816903975572,0.9745680807460737,0.9756241553129502
2,1,1.5987683216344963,0.5317006388804381,6574,2.1083567346845355,0.4206204379562044,1096,2.1050074687019324,0.4369,0.9962284484595664,0.08330341715150245,,,0.8459126951202822,,0.8459322836624429,0.15406771633755711,0.9914513137261232,0.09966823248275093,5,0.001,0.1,0.994763784729739,1.0,0.99751980078751,0.9966986709579061,0.9939502511808985,0.9944641222117172,0.9933489636216921,0.9913607154235845,0.9898679261655853,0.9894552445529258,0.9873274870636833,0.9868205006543813
2,2,1.644166074405059,0.5573231886564067,5783,2.1032568716233775,0.45435684647302904,964,2.104996874690437,0.4369,0.9974525844059959,0.08349702050952436,,,0.8989455260029888,,0.898961927682895,0.10103807231710504,0.9914622091985218,0.09967150347988436,5,0.001,0.1,0.9930125424686365,0.99751980078751,1.0,0.9978794378452834,0.9962155038467086,0.9954320373064017,0.9952764400173956,0.9933236771175669,0.9915047818727688,0.991397756994512,0.9890547037879754,0.9895491515681292
2,3,1.699016791007605,0.5205598638169094,5287,2.1049922023500716,0.4426787741203178,881,2.1049901913530147,0.4369,0.9983630284905997,0.08368340161327294,,,0.9499999997260749,,0.95001498149061,0.04998501850938997,0.9914777367601689,0.09967282280733865,5,0.001,0.1,0.9905865316110583,0.9966986709579061,0.9978794378452834,1.0,0.9974063434721178,0.9965493275555501,0.9965164769222115,0.9948242931816164,0.9936837877707414,0.9930710365142417,0.9920589638661809,0.9917346382447636
2,4,1.7499447184224282,0.5035055724417427,4935,2.0992515362226047,0.43309002433090027,822,2.1049919882521464,0.4369,0.9981066698438894,0.08363753840420483,,,0.937436912829763,,0.9374450275949392,0.0625549724050608,0.9914733772975719,0.09967252895090407,5,0.001,0.1,0.9870659043866107,0.9939502511808985,0.9962155038467086,0.9974063434721178,1.0,0.996401368266003,0.9967671504599092,0.9949656514859975,0.995116534054289,0.9942464030301138,0.9924727843288472,0.9932906277403364
2,5,1.7787962859624054,0.5041354188986501,4667,2.1073825645446775,0.42159383033419023,778,2.1049917536421705,0.4369,0.9989293374858964,0.08366019359787533,,,0.9436427403878072,,0.9436599298286311,0.05634007017136888,0.9914738833000666,0.0996727146062096,5,0.001,0.1,0.9846001701231689,0.9944641222117172,0.9954320373064017,0.9965493275555501,0.996401368266003,1.0,0.9982569420783859,0.9974330918859078,0.9965710873007874,0.9966721149891591,0.9957808979543993,0.9955572743345686
2,6,1.7897665359292712,0.5110262744217382,4453,2.095661769310633,0.4555256064690027,742,2.1049917483101255,0.4369,0.9988329301471829,0.08365764634085739,,,0.942944982600817,,0.9429640154261026,0.05703598457389736,0.9914738822885496,0.09967271428323374,5,0.001,0.1,0.9843747614355977,0.9933489636216921,0.9952764400173956,0.9965164769222115,0.9967671504599092,0.9982569420783859,1.0,0.9970151171159775,0.9968698699782343,0.9967820008576634,0.9956457997456317,0.9957072152020485
2,7,1.8239966495713191,0.49230769230769234,4277,2.099131677461707,0.44039270687237025,713,2.104999248212138,0.4368,0.9978885046232182,0.08347162761751169,,,0.891989773987683,,0.8920076163965166,0.1079923836034834,0.9914619572145754,0.09967128070168547,5,0.001,0.1,0.9810822373591094,0.9913607154235845,0.9933236771175669,0.9948242931816164,0.9949656514859975,0.9974330918859078,0.9970151171159775,1.0,0.9958964147408157,0.9970066061265976,0.9966476667960091,0.9956976732245009
2,8,1.832975362447592,0.48287720997820294,4129,2.1024442477659746,0.4578488372093023,688,2.105002069625611,0.4368,0.9971874865656661,0.08341657494147255,,,0.8769094608781662,,0.8769343037473057,0.12306569625269426,0.9914659588121105,0.09967071761554817,5,0.001,0.1,0.9788759502301679,0.9898679261655853,0.9915047818727688,0.9936837877707414,0.995116534054289,0.9965710873007874,0.9968698699782343,0.9958964147408157,1.0,0.995765778880691,0.995962023873403,0.9967348769734917
2,9,1.8454888483834646,0.48422894276430895,4001,2.1040845144362676,0.44677661169415295,667,2.1050187939653,0.4369,0.9971109985744924,0.08324506895495076,,,0.8299296560260603,,0.8299552488377263,0.1700447511622737,0.9914300869673576,0.09966715884259417,5,0.001,0.1,0.97816903975572,0.9894552445529258,0.991397756994512,0.9930710365142417,0.9942464030301138,0.9966721149891591,0.9967820008576634,0.9970066061265976,0.995765778880691,1.0,0.996457554192368,0.9969216718568678
2,10,1.861013527190099,0.482334790434559,3889,2.10660221463158,0.4398148148148148,648,2.10504358264204,0.4369,0.9959399963855364,0.08309845171059152,,,0.7897675038607427,,0.7897855230473318,0.21021447695266815,0.9914180483755372,0.09966163119646229,5,0.001,0.1,0.9745680807460737,0.9873274870636833,0.9890547037879754,0.9920589638661809,0.9924727843288472,0.9957808979543993,0.9956457997456317,0.9966476667960091,0.995962023873403,0.996457554192368,1.0,0.9959386153203272
2,11,1.8757446980276027,0.4723292007385914,3791,2.1119673252105713,0.40664556962025317,632,2.105044451765359,0.4369,0.9960775998081401,0.08310591040845826,,,0.791810628869593,,0.7918297716047593,0.2081702283952407,0.9914105164290458,0.09966242791555259,5,0.001,0.1,0.9756241553129502,0.9868205006543813,0.9895491515681292,0.9917346382447636,0.9932906277403364,0.9955572743345686,0.9957072152020485,0.9956976732245009,0.9967348769734917,0.9969216718568678,0.9959386153203272,1.0
3,0,1.3330386237411647,0.607572437302167,8214,2.0120634699976723,0.4996347699050402,1369,2.006321059248318,0.5002,0.9896351102677622,0.08241013901296038,,,0.55,,0.5500188476817351,0.44998115231826485,0.9954468599922845,0.09944949004711134,5,0.001,0.1,1.0,0.9949400364566408,0.9928727867517201,0.9911067180562263,0.988162286510923,0.9858474328103851,0.9854747433971399,0.9834523220045935,0.9820833095372178,0.9800808774909631,0.9786125728400593,0.9791323280206968
3,1,1.4495154423621095,0.5707027684818984,6574,2.0088057381766182,0.48813868613138683,1096,2.004497949307719,0.5016,0.9968389123265262,0.08330561496688704,,,0.8524781252889015,,0.8524999758363054,0.14750002416369457,0.9960314192381472,0.09970927257490748,5,0.001,0.1,0.9949400364566408,1.0,0.9972754744126712,0.9969614938241829,0.9951956137283775,0.9948927448007673,0.9943220710433963,0.9928905574736426,0.9917863257740915,0.9905903723525488,0.989970206839019,0.9889891489397951
3,2,1.4769387765483961,0.6031125713297596,5783,2.0024811529344126,0.524896265560166,964,2.004477117389155,0.5015,0.9979111151892988,0.08345903279104473,,,0.9043003273632639,,0.9043214351301456,0.09567856486985438,0.9960475641500686,0.09971294945907325,5,0.001,0.1,0.9928727867517201,0.9972754744126712,1.0,0.9976550379608603,0.9970824554245077,0.9960672462556197,0.9958307412370363,0.9946958422100763,0.993534394534163,0.9925861947692105,0.9913561457619392,0.9916417275645895
3,3,1.5296507532338062,0.5642141100813316,5287,2.0063078105449677,0.5096481271282634,881,2.0044678274434977,0.5014,0.998559273763258,0.08359432507906375,,,0.9499999996622153,,0.95001498149061,0.04998501850938997,0.9960484126355545,0.09971387942916568,5,0.001,0.1,0.9911067180562263,0.9969614938241829,0.9976550379608603,1.0,0.9978873261240689,0.9968102792222662,0.9967259652157753,0.9957718702001928,0.9950092550454699,0.9935422081229732,0.9936850421180374,0.9931687696373249
3,4,1.576843223802505,0.5502330293819655,4935,1.9969139878566449,0.5060827250608273,822,2.004469508941943,0.5014,0.998503849654181,0.08356439422990512,,,0.9398898151261504,,0.9399193899150404,0.060080610084959574,0.9960485779323752,0.09971380158943735,5,0.001,0.1,0.988162286510923,0.9951956137283775,0.9970824554245077,0.9978873261240689,1.0,0.9967606005571865,0.9971700918321241,0.9960147437789918,0.9954378647714612,0.9949893500419094,0.9943657726393905,0.9945619892106964
3,5,1.6043468713760376,0.5547889436468824,4667,2.0092150020599364,0.4845758354755784,778,2.0044693836388876,0.5015,0.9988827254307334,0.08359053051895098,,,0.9487182551059534,,0.9487391384193078,0.05126086158069221,0.9960494587655853,0.09971387896188438,5,0.001,0.1,0.9858474328103851,0.9948927448007673,0.9960672462556197,0.9968102792222662,0.9967606005571865,1.0,0.9983575669937307,0.9973040498388593,0.9972756620057144,0.9965565229056738,0.9961913095397715,0.996075213338584
3,6,1.6105303341150283,0.5603413429148888,4453,1.99241607884566,0.5121293800539084,742,2.0044695485514192,0.5015,0.9988035735052119,0.08358641143093103,,,0.9473268899702277,,0.9473521423531572,0.052647857646842766,0.9960494514289958,0.09971387845488339,5,0.001,0.1,0.9854747433971399,0.9943220710433963,0.9958307412370363,0.9967259652157753,0.9971700918321241,0.9983575669937307,1.0,0.9970020275920212,0.9975794736078782,0.9967233256838827,0.9961422511759128,0.9958571092549185
3,7,1.6471868902000029,0.5477203647416413,4277,1.996696290762528,0.5007012622720898,713,2.004480436587105,0.5015,0.9981122691147354,0.08344994814502096,,,0.90123167243609,,0.9012478131856448,0.09875218681435516,0.9960466724286159,0.0997127380164277,5,0.001,0.1,0.9834523220045935,0.9928905574736426,0.9946958422100763,0.9957718702001928,0.9960147437789918,0.9973040498388593,0.9970020275920212,1.0,0.9965053405535866,0.9964755878943704,0.9967998674980924,0.9959981040438954
3,8,1.6497415861716638,0.532719786873335,4129,1.9997771003029563,0.5203488372093024,688,2.0044864096199744,0.5015,0.9978249928785426,0.08340689135253847,,,0.8866877443563359,,0.8867012690772368,0.11329873092276321,0.9960327582853791,0.0997121808314654,5,0.001,0.1,0.9820833095372178,0.9917863257740915,0.993534394534163,0.9950092550454699,0.9954378647714612,0.9972756620057144,0.9975794736078782,0.9965053405535866,1.0,0.9962432628086078,0.9967729247231225,0.9972372336185626
3,9,1.6684954540124015,0.5385153711572107,4001,2.0049044347944713,0.4962518740629685,667,2.004514850747471,0.5016,0.9970835908101959,0.08327771501461306,,,0.8430539467585036,,0.8430713022298257,0.15692869777017426,0.9960246224797935,0.09970861615721102,5,0.001,0.1,0.9800808774909631,0.9905903723525488,0.9925861947692105,0.9935422081229732,0.9949893500419094,0.9965565229056738,0.9967233256838827,0.9964755878943704,0.9962432628086078,1.0,0.9961918425137655,0.99660725838173
3,10,1.6862807819100678,0.5314991000257135,3889,2.0034792707079934,0.4984567901234568,648,2.0045501664042855,0.5016,0.9967298518667796,0.08317632921623526,,,0.8088073697401462,,0.8088216815998299,0.19117831840017008,0.9959915958821061,0.09970456111351388,5,0.001,0.1,0.9786125728400593,0.989970206839019,0.9913561457619392,0.9936850421180374,0.9943657726393905,0.9961913095397715,0.9961422511759128,0.9967998674980924,0.9967729247231225,0.9961918425137655,1.0,0.9962588259075998
3,11,1.7015468519274928,0.5242416249010815,3791,2.0148050248622895,0.47310126582278483,632,2.004550912890571,0.5016,0.9966605658121583,0.08317866824184916,,,0.8095974569329893,,0.8096142507804873,0.19038574921951268,0.9960024839018394,0.0997045761781246,5,0.001,0.1,0.9791323280206968,0.9889891489397951,0.9916417275645895,0.9931687696373249,0.9945619892106964,0.996075213338584,0.9958571092549185,0.9959981040438954,0.9972372336185626,0.99660725838173,0.9962588259075998,1.0
4,0,1.2298832611815012,0.632554175797419,8214,1.8975912498873333,0.5383491599707816,1369,1.8914893282868992,0.5423,0.9901831149121495,0.0825411338889146,,,0.55,,0.5500188476817351,0.44998115231826485,0.9972713437160822,0.09943515031595732,5,0.001,0.1,1.0,0.9951025244696362,0.9929199279596997,0.9907558172027808,0.98793203870171,0.9865423660718348,0.9860057860371609,0.9842631443982013,0.983468308181942,0.9811649272260469,0.9807526850348192,0.9799099082123425
4,1,1.3318050617153205,0.5984180103437785,6574,1.893930469240461,0.5346715328467153,1096,1.8886872728030903,0.5452,0.9968726376810272,0.08330660249766206,,,0.8559158757162069,,0.8559360531987898,0.14406394680121015,0.9976107223400632,0.09971386313166852,5,0.001,0.1,0.9951025244696362,1.0,0.9970731480585104,0.9964377340793162,0.9946475513339966,0.9948895471676422,0.9940710820003675,0.9929097445333698,0.992288403185746,0.9910271313184355,0.9908980784669835,0.9893983948367426
4,2,1.3452676299527204,0.6315061386823448,5783,1.8864559550439157,0.5695020746887967,964,1.8886547039111201,0.5451,0.9980384626672844,0.08343838420865847,,,0.9085818074894425,,0.9086032418012584,0.0913967581987416,0.997638262484464,0.09971730366313847,5,0.001,0.1,0.9929199279596997,0.9970731480585104,1.0,0.9973129840711183,0.9968314258066151,0.9961377547088197,0.9955519007184823,0.9949489093400452,0.9940202840883794,0.9929361659250022,0.9928925244189801,0.9920276033703503
4,3,1.3915277800646173,0.6018157745413277,5287,1.8928165648664748,0.5539160045402951,881,1.8886425438018652,0.5451,0.9982835217417584,0.08352930989590242,,,0.9449198243858441,,0.9449454383777462,0.05505456162225375,0.9976428713700015,0.09971813977930678,5,0.001,0.1,0.9907558172027808,0.9964377340793162,0.9973129840711183,1.0,0.9971887625213921,0.9963815781974906,0.9961692238587116,0.9956009100538513,0.9951521862629233,0.9932376719929165,0.9941875787330451,0.9931312140850859
4,4,1.4366443635571386,0.5865450861195542,4935,1.8790239600034861,0.5389294403892944,822,1.888644501043204,0.5451,0.9983426629031203,0.08351285495899281,,,0.9383436873933769,,0.9383729134649771,0.06162708653502291,0.9976406260127045,0.09971806101131955,5,0.001,0.1,0.98793203870171,0.9946475513339966,0.9968314258066151,0.9971887625213921,1.0,0.9963346695176382,0.9966574484539845,0.9960228110878523,0.9958979000865817,0.9952069818848752,0.9951729920716237,0.9943434661690713
4,5,1.4598803256472497,0.5941718448682237,4667,1.896283836364746,0.5154241645244216,778,1.8886440459150857,0.5451,0.9987492503510739,0.08354202160837743,,,0.9499999996003547,,0.95001498149061,0.04998501850938997,0.997642880511096,0.09971814149884216,5,0.001,0.1,0.9865423660718348,0.9948895471676422,0.9961377547088197,0.9963815781974906,0.9963346695176382,1.0,0.9977806171359332,0.9971765786602883,0.9969911187329134,0.9964968803635631,0.9963477777614324,0.9960097445392622
4,6,1.4612526671375548,0.5916011677520773,4453,1.8739134867986043,0.5539083557951483,742,1.8886444199199495,0.5451,0.9984675615705052,0.08353039755404136,,,0.9453545017694132,,0.9453852176182329,0.05461478238176709,0.997642876723032,0.09971813995222598,5,0.001,0.1,0.9860057860371609,0.9940710820003675,0.9955519007184823,0.9961692238587116,0.9966574484539845,0.9977806171359332,1.0,0.9968340231203171,0.9969110477435704,0.9963006457435823,0.9959233346555721,0.9955060156963271
4,7,1.4967989733859675,0.5872808043020808,4277,1.8791843756385471,0.5596072931276297,713,1.8886585681202313,0.5451,0.9980796047784904,0.08343413871996157,,,0.9068851181964861,,0.9069069504450953,0.09309304955490472,0.9976357545294177,0.09971730133652437,5,0.001,0.1,0.9842631443982013,0.9929097445333698,0.9949489093400452,0.9956009100538513,0.9960228110878523,0.9971765786602883,0.9968340231203171,1.0,0.9965904089586328,0.9962313863452307,0.9966475392299468,0.995837329985666
4,8,1.5043020512507512,0.5709372729474449,4129,1.8813468380407854,0.5625,688,1.8886665894200627,0.5451,0.9980202900461387,0.08340580469602589,,,0.8955615607758493,,0.8955741777094751,0.10442582229052488,0.9976402171486356,0.09971678187955742,5,0.001,0.1,0.983468308181942,0.992288403185746,0.9940202840883794,0.9951521862629233,0.9958979000865817,0.9969911187329134,0.9969110477435704,0.9965904089586328,1.0,0.9966074456366856,0.9971214692550011,0.997304549916212
4,9,1.5207630458332244,0.5788052986753311,4001,1.8905734277906872,0.5442278860569715,667,1.8887084756796353,0.5452,0.9971479335836958,0.08329837403766405,,,0.8526274109544627,,0.8526449580034989,0.14735504199650107,0.9976080244233824,0.09971345865708062,5,0.001,0.1,0.9811649272260469,0.9910271313184355,0.9929361659250022,0.9932376719929165,0.9952069818848752,0.9964968803635631,0.9963006457435823,0.9962313863452307,0.9966074456366856,1.0,0.9964505160420843,0.9962441118469132
4,10,1.5351663664716189,0.5661609668295191,3889,1.8842338437125796,0.5385802469135802,648,1.8887548736109139,0.5451,0.9972291233920813,0.08323878819175096,,,0.8288142120531766,,0.8288388861503369,0.17116111384966315,0.9976029468174864,0.09971165799690249,5,0.001,0.1,0.9807526850348192,0.9908980784669835,0.9928925244189801,0.9941875787330451,0.9951729920716237,0.9963477777614324,0.9959233346555721,0.9966475392299468,0.9971214692550011,0.9964505160420843,1.0,0.9964787997769967
4,11,1.5491295780454364,0.5596412556053811,3791,1.9026453256607057,0.5284810126582279,632,1.8887566354708931,0.5451,0.9966706929034393,0.08322218974204834,,,0.8221807208580045,,0.8222035356317839,0.17779646436821606,0.9976091907828442,0.09971101294742402,5,0.001,0.1,0.9799099082123425,0.9893983948367426,0.9920276033703503,0.9931312140850859,0.9943434661690713,0.9960097445392622,0.9955060156963271,0.995837329985666,0.997304549916212,0.9962441118469132,0.9964787997769967,1.0
5,0,1.1478900394551022,0.6489895300706111,8214,1.7705455768940062,0.5639152666179693,1369,1.7640746584334694,0.5744,0.9899215624124215,0.08261803178886742,,,0.95,,0.95001498149061,0.04998501850938997,0.9950833435020832,0.09970251948745104,5,0.001,0.1,1.0,0.9946786134611477,0.992498403003261,0.9902901799835998,0.9871717741949957,0.986019550246922,0.9855167412039774,0.9840511663284011,0.9830413231090066,0.9800086911782736,0.9805377260615602,0.980014411555913
5,1,1.2373334414750627,0.6220870094310922,6574,1.7668912274496895,0.5748175182481752,1096,1.7608783888740662,0.5765,0.9966411415599387,0.08330474313186303,,,0.95,,0.95001498149061,0.04998501850938997,0.9980725472214536,0.09970251948745104,5,0.001,0.1,0.9946786134611477,1.0,0.9966839431210742,0.9960627209652526,0.994239059506661,0.9943508344869577,0.9936207617324055,0.9925973575724161,0.9917592017053795,0.9901954101686857,0.990866087305464,0.9890568352745487
5,2,1.237747492381881,0.6562337886909908,5783,1.75822748291877,0.6099585062240664,964,1.7608411723432449,0.5765,0.9979588116351102,0.08342816049210218,,,0.95,,0.95001498149061,0.04998501850938997,0.9981079649388779,0.09970251948745104,5,0.001,0.1,0.992498403003261,0.9966839431210742,1.0,0.9971057072963168,0.9961291505383458,0.9957176650056396,0.9953930030885138,0.9945596368226336,0.9938608180043238,0.9923466980366593,0.9930758012545019,0.9924686562661552
5,3,1.280159715787474,0.6302250803858521,5287,1.7674353931631361,0.5788876276958003,881,1.7608282314702726,0.5765,0.9982416789882852,0.08349308882739787,,,0.95,,0.95001498149061,0.04998501850938997,0.998116039468974,0.09970251948745104,5,0.001,0.1,0.9902901799835998,0.9960627209652526,0.9971057072963168,1.0,0.9969267809495743,0.9961813056305459,0.9961057131753873,0.9955058929627814,0.9950007538029135,0.9929319646386645,0.994052719855245,0.9930311086492621
5,4,1.3213092847024241,0.617791286727457,4935,1.7487302605922406,0.5766423357664233,822,1.7608302763094916,0.5765,0.9981398600629615,0.08347970361391041,,,0.95,,0.95001498149061,0.04998501850938997,0.9981153366889667,0.09970251948745104,5,0.001,0.1,0.9871717741949957,0.994239059506661,0.9961291505383458,0.9969267809495743,1.0,0.995872033285112,0.9967763590933819,0.9956314033802017,0.9950525107156032,0.9946790449364297,0.9952930487841668,0.9941797611852649
5,5,1.340295963499644,0.6201414184701093,4667,1.7719988250732421,0.5475578406169666,778,1.7608297507222088,0.5765,0.9986101650581264,0.08351278926101449,,,0.95,,0.95001498149061,0.04998501850938997,0.9981160499245024,0.09970251948745104,5,0.001,0.1,0.986019550246922,0.9943508344869577,0.9957176650056396,0.9961813056305459,0.995872033285112,1.0,0.997563582227474,0.9968864737101889,0.9963902522805195,0.9961956713527963,0.996384319735878,0.9960057872972142
5,6,1.3404001319408416,0.6220076353020436,4453,1.743423506617546,0.5754716981132075,742,1.7608302736434693,0.5765,0.9984602648588897,0.08350081553122242,,,0.95,,0.95001498149061,0.04998501850938997,0.9981160394070191,0.09970251948745104,5,0.001,0.1,0.9855167412039774,0.9936207617324055,0.9953930030885138,0.9961057131753873,0.9967763590933819,0.997563582227474,1.0,0.9968488466644627,0.9965543617182002,0.9956885169057001,0.9960790288907625,0.9956199022482858
5,7,1.3715305166458016,0.6159457563712882,4277,1.7498334905375605,0.5918653576437588,713,1.7608455819443773,0.5765,0.9979118855373617,0.08342403991766778,,,0.95,,0.95001498149061,0.04998501850938997,0.998107931039583,0.09970251948745104,5,0.001,0.1,0.9840511663284011,0.9925973575724161,0.9945596368226336,0.9955058929627814,0.9956314033802017,0.9968864737101889,0.9968488466644627,1.0,0.9956936023457581,0.9957726947111238,0.9963754991093127,0.9952799344268174
5,8,1.3802819486764761,0.6013078227173649,4129,1.7505858052860608,0.6002906976744186,688,1.760854600336605,0.5765,0.997634104666614,0.08339768281054133,,,0.95,,0.95001498149061,0.04998501850938997,0.9981021284660646,0.09970251948745104,5,0.001,0.1,0.9830413231090066,0.9917592017053795,0.9938608180043238,0.9950007538029135,0.9950525107156032,0.9963902522805195,0.9965543617182002,0.9956936023457581,1.0,0.995201740175819,0.9964997117813119,0.9968235884698382
5,9,1.391358987490336,0.6095476130967258,4001,1.764244658606393,0.5652173913043478,667,1.760902623398997,0.5763,0.996731259640774,0.08330260444876027,,,0.95,,0.95001498149061,0.04998501850938997,0.9980678632851275,0.09970251948745104,5,0.001,0.1,0.9800086911782736,0.9901954101686857,0.9923466980366593,0.9929319646386645,0.9946790449364297,0.9961956713527963,0.9956885169057001,0.9957726947111238,0.995201740175819,1.0,0.9963842975046749,0.9956564045977898
5,10,1.4053033372417825,0.5953201337104654,3889,1.7525343156996227,0.5740740740740741,648,1.7609548241185684,0.5763,0.9972957028519718,0.0832842707778945,,,0.95,,0.95001498149061,0.04998501850938997,0.9980491907841552,0.09970251948745104,5,0.001,0.1,0.9805377260615602,0.990866087305464,0.9930758012545019,0.994052719855245,0.9952930487841668,0.996384319735878,0.9960790288907625,0.9963754991093127,0.9964997117813119,0.9963842975046749,1.0,0.9962665770104955
5,11,1.4190867339863498,0.5945660775520971,3791,1.7788619518280029,0.5537974683544303,632,1.7609569504619025,0.5763,0.9966759111775182,0.08325406939875829,,,0.95,,0.95001498149061,0.04998501850938997,0.9980427239962686,0.09970251948745104,5,0.001,0.1,0.980014411555913,0.9890568352745487,0.9924686562661552,0.9930311086492621,0.9941797611852649,0.9960057872972142,0.9956199022482858,0.9952799344268174,0.9968235884698382,0.9956564045977898,0.9962665770104955,1.0
6,0,1.078129152031724,0.6652300949598247,8214,1.63583290022473,0.5924032140248356,1369,1.629255785728796,0.6026,0.9896829649712222,0.08266619153882891,,,0.95,,0.95001498149061,0.04998501850938997,0.9982824770857633,0.09967533874397727,5,0.001,0.1,1.0,0.9940980195420626,0.9915528393115669,0.9893588874502388,0.9861126565723674,0.9855137723409818,0.985035973711355,0.9835625465328091,0.98244909261007,0.9797848442148479,0.9806165168726115,0.9796642306265596
6,1,1.1586072595952783,0.6429266808640097,6574,1.6325549227850777,0.5958029197080292,1096,1.6258033030330183,0.6036,0.9962553301806695,0.08329988873939015,,,0.95,,0.95001498149061,0.04998501850938997,0.9982824770857633,0.09967533874397727,5,0.001,0.1,0.9940980195420626,1.0,0.9963291398504398,0.9952136594893795,0.9933098629514527,0.9938146509908605,0.9925521392873309,0.9919271141682738,0.9908768310913261,0.989711531288315,0.990138936670416,0.9882807834875096
6,2,1.1497453819980938,0.6740446135223932,5783,1.6224459486622964,0.6369294605809128,964,1.62576447927152,0.6038,0.9977105475758041,0.08342262866330154,,,0.95,,0.95001498149061,0.04998501850938997,0.9982824770857633,0.09967533874397727,5,0.001,0.1,0.9915528393115669,0.9963291398504398,1.0,0.9965556651676268,0.9956397463187536,0.995208981867757,0.9944457871259864,0.9939925954120349,0.9932912610897063,0.99211945618097,0.992864253180554,0.9916196625003311
6,3,1.186948522243155,0.6514469453376206,5287,1.6350152960845403,0.5970488081725313,881,1.6257517859577753,0.6038,0.9978688940347595,0.0834675880033723,,,0.95,,0.95001498149061,0.04998501850938997,0.9982824770857633,0.09967533874397727,5,0.001,0.1,0.9893588874502388,0.9952136594893795,0.9965556651676268,1.0,0.9960345420697971,0.9956643926237216,0.9950254789629353,0.9951197476082825,0.994232604024413,0.9924498450397364,0.9935499464554871,0.992283073322658
6,4,1.2250817616524234,0.6419452887537994,4935,1.6111496274287884,0.610705596107056,822,1.6257539835219947,0.6038,0.9978576413766707,0.08345901037467622,,,0.95,,0.95001498149061,0.04998501850938997,0.9982824770857633,0.09967533874397727,5,0.001,0.1,0.9861126565723674,0.9933098629514527,0.9956397463187536,0.9960345420697971,1.0,0.9954870096597717,0.9961686440185352,0.9953031849383064,0.9944967765567531,0.9945138154942038,0.9949244987078731,0.9933359259485492
6,5,1.2412310046692416,0.6437111634883222,4667,1.6408825731277465,0.570694087403599,778,1.6257532492232398,0.6038,0.9983807375743817,0.08349620957906062,,,0.95,,0.95001498149061,0.04998501850938997,0.9982824770857633,0.09967533874397727,5,0.001,0.1,0.9855137723409818,0.9938146509908605,0.995208981867757,0.9956643926237216,0.9954870096597717,1.0,0.9967843396339757,0.996087275232602,0.996034975540671,0.9956976851251934,0.9958874584151018,0.9953970247615318
6,6,1.2362300728048596,0.641949247698181,4453,1.6061062167088191,0.6091644204851752,742,1.6257538650744259,0.6038,0.9981354891746024,0.08348094037888037,,,0.95,,0.95001498149061,0.04998501850938997,0.9982824770857633,0.09967533874397727,5,0.001,0.1,0.985035973711355,0.9925521392873309,0.9944457871259864,0.9950254789629353,0.9961686440185352,0.9967843396339757,1.0,0.9961107583457084,0.9960333392263604,0.9954999441552147,0.9959056272575939,0.9950785415876247
6,7,1.2664043666711493,0.6412438625204583,4277,1.6134809618410857,0.6185133239831697,713,1.6257689360993357,0.6038,0.9975781075767604,0.08341582232274877,,,0.95,,0.95001498149061,0.04998501850938997,0.9982824770857633,0.09967533874397727,5,0.001,0.1,0.9835625465328091,0.9919271141682738,0.9939925954120349,0.9951197476082825,0.9953031849383064,0.996087275232602,0.9961107583457084,1.0,0.9951082487243441,0.9947762969324078,0.9957949015876735,0.9941846465534957
6,8,1.2685353365082008,0.6254298861709857,4129,1.6120957407084378,0.6308139534883721,688,1.6257781970996064,0.6038,0.9973779844125884,0.08339318387911522,,,0.95,,0.95001498149061,0.04998501850938997,0.9982824770857633,0.09967533874397727,5,0.001,0.1,0.98244909261007,0.9908768310913261,0.9932912610897063,0.994232604024413,0.9944967765567531,0.996034975540671,0.9960333392263604,0.9951082487243441,1.0,0.9948395678989224,0.9958301364899006,0.996378744217729
6,9,1.2801756440410539,0.6346413396650837,4001,1.6307979424794514,0.5982008995502249,667,1.6258286401486626,0.6036,0.9966025528452469,0.08330979113180612,,,0.95,,0.95001498149061,0.04998501850938997,0.9982824770857633,0.09967533874397727,5,0.001,0.1,0.9797848442148479,0.989711531288315,0.99211945618097,0.9924498450397364,0.9945138154942038,0.9956976851251934,0.9954999441552147,0.9947762969324078,0.9948395678989224,1.0,0.9960398091608487,0.9948519819363817
6,10,1.2973491356021067,0.6187708922602211,3889,1.6127840677897136,0.6064814814814815,648,1.6258831785890622,0.6036,0.997198541515356,0.08331778987715191,,,0.95,,0.95001498149061,0.04998501850938997,0.9982824770857633,0.09967533874397727,5,0.001,0.1,0.9806165168726115,0.990138936670416,0.992864253180554,0.9935499464554871,0.9949244987078731,0.9958874584151018,0.9959056272575939,0.9957949015876735,0.9958301364899006,0.9960398091608487,1.0,0.9958636827975453
