round,client_id,client_i_training_loss,client_i_training_accuracy,client_i_training_dataset_size,client_i_evaluation_loss,client_i_evaluation_accuracy,client_i_evaluation_dataset_size,client_i_central_evaluation_loss,client_i_central_evaluation_accuracy,client_i_cosine_similarity,client_i_importance_coefficient,client_i_tanh_val,tanh_normalization_value,client_i_q,client_i_mask_order,client_i_v_nonzero_fraction,client_i_v_sparsity,client_i_v_cosine_similarity,client_i_reward_gradient_norm,local_epochs,learning_rate,gamma,client_0_cosine_similarity,client_1_cosine_similarity,client_2_cosine_similarity,client_3_cosine_similarity,client_4_cosine_similarity,client_5_cosine_similarity,client_6_cosine_similarity,client_7_cosine_similarity,client_8_cosine_similarity,client_9_cosine_similarity,client_10_cosine_similarity,client_11_cosine_similarity
0,0,2.0852177950194837,0.44200146092037984,8214,2.263110083202983,0.2089116143170197,1369,2.264446519815122,0.1928,0.9616026785678158,0.08127694870953626,,,0.65,,0.6500178811339539,0.34998211886604613,0,0.09843851902038281,5,0.001,0.1,1.0,0.9825369373794004,0.9746095335944968,0.9586621939238251,0.9460422064105954,0.9366218604896946,0.9331253185063877,0.9215828014754082,0.9189417574013136,0.908544890590452,0.8974315311877485,0.8959499608057421
0,1,2.1662474035059365,0.36239732278673564,6574,2.2632470199040005,0.1989051094890511,1096,2.264408608214162,0.1934,0.9880630002981401,0.08351343812459952,,,0.8789407734087236,,0.8789640540880138,0.12103594591198619,0,0.09849843838281629,5,0.001,0.1,0.9825369373794004,1.0,0.9882978744405436,0.9857416498728544,0.9713988133343985,0.9769742653064397,0.9685772320432531,0.9639380486831686,0.9590980994207596,0.9533642030129299,0.9505331236989981,0.939736008022027
0,2,2.1961152163658353,0.4170153899360194,5783,2.2647952879628828,0.19190871369294607,964,2.2644086828627907,0.1934,0.99231651664545,0.08387295545717433,,,0.9157431725701741,,0.9157653608606141,0.08423463913938589,0,0.0984993208680645,5,0.001,0.1,0.9746095335944968,0.9882978744405436,1.0,0.9891530857862113,0.9788504359014845,0.9800715754737398,0.9811256590434883,0.9733257768329876,0.9676759764483194,0.966194737118443,0.9555013815522939,0.9540818930173572
0,3,2.2098933555993687,0.326763760166446,5287,2.264932232243674,0.18047673098751418,881,2.2644081930763806,0.1935,0.9962758230592818,0.08420760546543098,,,0.9499999998976338,,0.95001498149061,0.04998501850938997,0,0.09849973365019117,5,0.001,0.1,0.9586621939238251,0.9857416498728544,0.9891530857862113,1.0,0.9868285547268112,0.9902987409329219,0.9865520269737181,0.9828582393495482,0.9811629233982341,0.9762356323724399,0.9739666302704508,0.9718771955968732
0,4,2.223811368326987,0.3289159067882472,4935,2.263905066710252,0.1897810218978102,822,2.264408602882117,0.1934,0.9907700150711287,0.08374224146070071,,,0.9023624861933648,,0.9023835068286601,0.09761649317133991,0,0.09849903442735675,5,0.001,0.1,0.9460422064105954,0.9713988133343985,0.9788504359014845,0.9868285547268112,1.0,0.9832033475387161,0.9856527871894095,0.9801454489983815,0.9863559289047666,0.9728204444977852,0.9646792821883873,0.9755269316772187
0,5,2.2281157562177474,0.32337690164988214,4667,2.2622731208801268,0.21979434447300772,778,2.2644083934089245,0.1935,0.9934203909153406,0.08396625753964075,,,0.9252941459736873,,0.9253148529397551,0.07468514706024487,0,0.09849953712975827,5,0.001,0.1,0.9366218604896946,0.9769742653064397,0.9800715754737398,0.9902987409329219,0.9832033475387161,1.0,0.9894188679336756,0.9874761913964928,0.9858248179155216,0.9845920937419581,0.9825862721914206,0.9791633814808507
0,6,2.2349723308426994,0.3461486638221424,4453,2.2615466813246408,0.18059299191374664,742,2.2644086630580524,0.1934,0.9931565727190598,0.08394395899733668,,,0.9230115304215651,,0.9230338001759117,0.07696619982408825,0,0.09849944530047892,5,0.001,0.1,0.9331253185063877,0.9685772320432531,0.9811256590434883,0.9865520269737181,0.9856527871894095,0.9894188679336756,1.0,0.9896448546694342,0.9911040065339787,0.9897786619251593,0.9833451472404678,0.9837649851592324
0,7,2.237507855714257,0.30839373392564884,4277,2.2660292957140054,0.17251051893408134,713,2.2644084071198973,0.1934,0.9887769536286326,0.08357378316056581,,,0.8851180613996477,,0.8851354616715478,0.11486453832845223,0,0.09849863985246966,5,0.001,0.1,0.9215828014754082,0.9639380486831686,0.9733257768329876,0.9828582393495482,0.9801454489983815,0.9874761913964928,0.9896448546694342,1.0,0.9864098914118582,0.9860136645431958,0.9871732534534773,0.9807934518505497
0,8,2.2411151930002067,0.3114555582465488,4129,2.269049882888794,0.1569767441860465,688,2.2644085609874787,0.1936,0.9872984800388717,0.08344881905137429,,,0.8723259687503606,,0.8723383690472738,0.1276616309527262,0,0.09849816775558057,5,0.001,0.1,0.9189417574013136,0.9590980994207596,0.9676759764483194,0.9811629233982341,0.9863559289047666,0.9858248179155216,0.9911040065339787,0.9864098914118582,1.0,0.9804789095086547,0.9832906390996855,0.9854322470632295
0,9,2.2438803687928215,0.3020744813796551,4001,2.261815059752691,0.2128935532233883,667,2.26440956341192,0.1936,0.9832423796253315,0.08310598778372116,,,0.8372316575336096,,0.8372478518475561,0.16275214815244388,0,0.09849647413796206,5,0.001,0.1,0.908544890590452,0.9533642030129299,0.966194737118443,0.9762356323724399,0.9728204444977852,0.9845920937419581,0.9897786619251593,0.9860136645431958,0.9804789095086547,1.0,0.9832859947685301,0.985606320229854
0,10,2.2444398102213126,0.29935716122396505,3889,2.264396372295561,0.19444444444444445,648,2.2644117297455906,0.1932,0.9787576125109629,0.0827269245855283,,,0.7984284236883897,,0.7984409584287799,0.20155904157122007,0,0.098492656326656,5,0.001,0.1,0.8974315311877485,0.9505331236989981,0.9555013815522939,0.9739666302704508,0.9646792821883873,0.9825862721914206,0.9833451472404678,0.9871732534534773,0.9832906390996855,0.9832859947685301,1.0,0.980903680406509
0,11,2.2495080963904117,0.27533632286995513,3791,2.269558644294739,0.20253164556962025,632,2.2644117602144185,0.1932,0.9775053415867438,0.08262107966439124,,,0.7875934883905541,,0.7876156232783368,0.21238437672166322,0,0.09849162036657717,5,0.001,0.1,0.8959499608057421,0.939736008022027,0.9540818930173572,0.9718771955968732,0.9755269316772187,0.9791633814808507,0.9837649851592324,0.9807934518505497,0.9854322470632295,0.985606320229854,0.980903680406509,1.0
1,0,1.8270984788813016,0.5415631848064281,8214,2.210420530895854,0.42366691015339664,1369,2.210862257990974,0.4162,0.9763503328740769,0.08152415738960908,,,0.65,,0.6500178811339539,0.34998211886604613,0.958721997087445,0.0992306948169723,5,0.001,0.1,1.0,0.9913940195393754,0.9889846419444105,0.9803744793515126,0.9751163057830694,0.9685621979259974,0.9672737575501281,0.9608409785322058,0.9583045012196456,0.9515615533245225,0.9460970073053933,0.948897920937356
1,1,1.9656972969619972,0.47417097657438395,6574,2.20972318649292,0.4023722627737226,1096,2.210709389025411,0.416,0.9914715214483587,0.08338758257201792,,,0.8744173897094932,,0.8744309449937657,0.12556905500623428,0.9593820226835555,0.09932277842017813,5,0.001,0.1,0.9913940195393754,1.0,0.9949905826124781,0.9936622700424143,0.9881082506462473,0.9878653771454227,0.985386937154467,0.9810395458853693,0.9793421910289484,0.9739680707350765,0.9717737087537258,0.9696946113506818
1,2,2.0227075960096075,0.5393394431955733,5783,2.210503262858237,0.43983402489626555,964,2.2107078846270283,0.4161,0.9937530434274314,0.08368230332070607,,,0.9099114153018291,,0.9099322450005316,0.0900677549994684,0.9593892000748366,0.09932537090253411,5,0.001,0.1,0.9889846419444105,0.9949905826124781,1.0,0.9943142976685393,0.9914035049871959,0.9887818240315178,0.9894178948973427,0.9843518074942773,0.9826054529144599,0.979129729656914,0.9739080454940007,0.9764644899189318
1,3,2.058059623729752,0.47198789483639114,5287,2.2124346494674683,0.376844494892168,881,2.210707205933885,0.4161,0.9976866018274297,0.08401517448601989,,,0.9499999998795672,,0.95001498149061,0.04998501850938997,0.9593871941274869,0.09932632938622417,5,0.001,0.1,0.9803744793515126,0.9936622700424143,0.9943142976685393,1.0,0.9954274369491988,0.9950175465626339,0.9940045943156356,0.9915765205895762,0.9909625716784719,0.9859869939187904,0.9854242820303113,0.9842899122354267
1,4,2.0913671298180856,0.4878622087132725,4935,2.2090195142305813,0.4391727493917275,822,2.210708109334635,0.4161,0.9968783610181042,0.0837030594925037,,,0.9124111378231079,,0.9124307710151651,0.08756922898483488,0.9593853522522904,0.09932537620508643,5,0.001,0.1,0.9751163057830694,0.9881082506462473,0.9914035049871959,0.9954274369491988,1.0,0.9931317396370708,0.9944137046889195,0.9911333212474406,0.9929614503716724,0.9874642411189656,0.9833775308437496,0.9888342908063404
1,5,2.1028551255186945,0.4670666380972788,4667,2.2090769004821778,0.43444730077120824,778,2.2107070924375005,0.4161,0.9977419400957357,0.0838686519029069,,,0.932353884572055,,0.9323754844820754,0.06762451551792459,0.959391255640659,0.09932602524246059,5,0.001,0.1,0.9685621979259974,0.9878653771454227,0.9887818240315178,0.9950175465626339,0.9931317396370708,1.0,0.9960176764136532,0.9950008694951632,0.9938977835377978,0.9920297199671206,0.9912671279239147,0.9899902156555013
1,6,2.1141240426472256,0.4848416797664496,4453,2.20575421055158,0.42452830188679247,742,2.210707144234508,0.4161,0.9979646871382559,0.08386215337782905,,,0.9315712494286105,,0.9315925807792308,0.0684074192207692,0.9593979959725365,0.09932602443617985,5,0.001,0.1,0.9672737575501281,0.985386937154467,0.9894178948973427,0.9940045943156356,0.9944137046889195,0.9960176764136532,1.0,0.9946151599414291,0.9959213326595092,0.9942989063419176,0.9905974798229055,0.9922634999409495
1,7,2.122753670856134,0.46616787467851295,4277,2.210875998372617,0.40392706872370265,713,2.210707804646355,0.4161,0.9958369299788783,0.08356585601283822,,,0.8958873476241462,,0.89590763669402,0.10409236330598004,0.9593890826493338,0.09932449325933146,5,0.001,0.1,0.9608409785322058,0.9810395458853693,0.9843518074942773,0.9915765205895762,0.9911333212474406,0.9950008694951632,0.9946151599414291,1.0,0.992734463694831,0.9932011652714043,0.9934239492859006,0.9908990306728543
1,8,2.1301337895026573,0.45386292080406876,4129,2.214579376307401,0.38372093023255816,688,2.210708826875534,0.4161,0.9953630806213011,0.0834737377427495,,,0.8847932924868515,,0.8848165009037222,0.11518349909627779,0.9593753390059351,0.09932372472451431,5,0.001,0.1,0.9583045012196456,0.9793421910289484,0.9826054529144599,0.9909625716784719,0.9929614503716724,0.9938977835377978,0.9959213326595092,0.992734463694831,1.0,0.9916802613959863,0.9911609413604363,0.9935596449121272
1,9,2.1355794594401405,0.4694826293426643,4001,2.209016413915725,0.43478260869565216,667,2.210714193197866,0.416,0.9930569285813138,0.0831884742536171,,,0.8504382305209298,,0.8504557272788781,0.14954427272112192,0.9593528573636524,0.09932063970472606,5,0.001,0.1,0.9515615533245225,0.9739680707350765,0.979129729656914,0.9859869939187904,0.9874642411189656,0.9920297199671206,0.9942989063419176,0.9932011652714043,0.9916802613959863,1.0,0.9925261243390239,0.9938143443572477
1,10,2.1393475579433754,0.4289020313705323,3889,2.210140443983532,0.42592592592592593,648,2.210720038642518,0.4164,0.9908641054999231,0.08288461102758489,,,0.8138431513846147,,0.8138718937570679,0.18612810624293208,0.9593610382625098,0.09931597217289477,5,0.001,0.1,0.9460970073053933,0.9717737087537258,0.9739080454940007,0.9854242820303113,0.9833775308437496,0.9912671279239147,0.9905974798229055,0.9934239492859006,0.9911609413604363,0.9925261243390239,1.0,0.9899317143388223
1,11,2.1508551629651493,0.46721181746241097,3791,2.2175706028938293,0.3987341772151899,632,2.2107215727480076,0.4165,0.9916268947716489,0.08284423842161748,,,0.8089809680608581,,0.808995660200462,0.19100433979953801,0.9593311525332646,0.09931412080492369,5,0.001,0.1,0.948897920937356,0.9696946113506818,0.9764644899189318,0.9842899122354267,0.9888342908063404,0.9899902156555013,0.9922634999409495,0.9908990306728543,0.9935596449121272,0.9938143443572477,0.9899317143388223,1.0
2,0,1.6173810443989498,0.5926223520818116,8214,2.14440617450448,0.535427319211103,1369,2.144019799491468,0.5311,0.9865322423283952,0.08192201000511494,,,0.65,,0.6500178811339539,0.34998211886604613,0.9857462714730111,0.09946003722209572,5,0.001,0.1,1.0,0.9944388912277513,0.9928756955074726,0.9889106835532554,0.9849817720240157,0.9820029577882428,0.9817081697097046,0.9776739588241676,0.9757261032315587,0.9722061091249936,0.9685784609813741,0.9704382406444835
2,1,1.7612430453300476,0.5301490721022208,6574,2.142915882383074,0.5301094890510949,1096,2.1436421703606747,0.5307,0.995453093110545,0.0833541858188024,,,0.8750973866194662,,0.8751268593962943,0.12487314060370569,0.9863983581269694,0.09958306885927808,5,0.001,0.1,0.9944388912277513,1.0,0.9972269429268235,0.99631963605719,0.9930508852389685,0.9935478626316017,0.9920780732149712,0.9893078562551024,0.9882980424852688,0.9851285355769657,0.9834350542927948,0.983060495709067
2,2,1.8185974617689353,0.5898668511153381,5783,2.1427349505885953,0.5477178423236515,964,2.1436373844695167,0.5309,0.9964353918944472,0.08356685076126968,,,0.9085222792321354,,0.908545248934381,0.09145475106561896,0.9864133364948734,0.09958471712831894,5,0.001,0.1,0.9928756955074726,0.9972269429268235,1.0,0.9970824201608081,0.99514041054448,0.9939130786549946,0.9938957593259856,0.9909682609871869,0.9893400001445228,0.9873586151503231,0.9841828655904327,0.9855902666092646
2,3,1.8708456988794258,0.5362209192358616,5287,2.1467409304210117,0.49148694665153236,881,2.143635339249437,0.5308,0.9982785867751887,0.08383075159618228,,,0.9499999998428283,,0.95001498149061,0.04998501850938997,0.9864170496419415,0.09958598045491175,5,0.001,0.1,0.9889106835532554,0.99631963605719,0.9970824201608081,1.0,0.9969608708404714,0.9964534014653373,0.9959711937307545,0.9940462130264986,0.9938263859310835,0.9902178504832364,0.9898866808604824,0.9898355479419269
2,4,1.917966146776753,0.5411144883485309,4935,2.1406722252185526,0.5571776155717761,822,2.1436371513829826,0.5308,0.9975558248312631,0.08361579412798999,,,0.916214787257901,,0.9162293037956332,0.08377069620436683,0.9864165585778589,0.09958501385164535,5,0.001,0.1,0.9849817720240157,0.9930508852389685,0.99514041054448,0.9969608708404714,1.0,0.9952702924584929,0.99580240306353,0.9936481957706782,0.9944323966450332,0.9909013251757698,0.9886071739643265,0.9920301854106376
2,5,1.938342822414555,0.5265052496250268,4667,2.142770709991455,0.5308483290488432,778,2.143635248604674,0.5308,0.9986471135634423,0.0837527096735416,,,0.9377340247682013,,0.9377639883627648,0.062236011637235245,0.9864158371241624,0.09958584860107544,5,0.001,0.1,0.9820029577882428,0.9935478626316017,0.9939130786549946,0.9964534014653373,0.9952702924584929,1.0,0.9978134935084177,0.9961875536259146,0.9961124096807408,0.9950459261370638,0.9937743599690223,0.9937029256299651
2,6,1.951703190633229,0.5344262295081967,4453,2.1363175014654794,0.545822102425876,742,2.1436349637211323,0.5307,0.9986637165003087,0.0837492567227211,,,0.9371913189087717,,0.9372033906496168,0.06279660935038323,0.9864168979815954,0.09958561536586084,5,0.001,0.1,0.9817081697097046,0.9920780732149712,0.9938957593259856,0.9959711937307545,0.99580240306353,0.9978134935084177,1.0,0.9960606470825619,0.9966196687328347,0.9956896793721021,0.9936859360264606,0.9947000275289
2,7,1.970840530075244,0.5263034837502922,4277,2.142522842987724,0.5035063113604488,713,2.1436385247654046,0.5307,0.9972160251170661,0.0835205870200679,,,0.9012509322786154,,0.9012671441412706,0.09873285585872937,0.9864059564638392,0.09958436144456702,5,0.001,0.1,0.9776739588241676,0.9893078562551024,0.9909682609871869,0.9940462130264986,0.9936481957706782,0.9961875536259146,0.9960606470825619,1.0,0.994719382060487,0.9948280043817811,0.9953128061792776,0.9939540788615663
2,8,1.981015571814317,0.5122305643012836,4129,2.1465904279188677,0.5218023255813954,688,2.14364169733212,0.5307,0.9969372825812961,0.08345503013322408,,,0.8909472504523902,,0.8909685775316303,0.10903142246836972,0.986391261631171,0.09958395713591417,5,0.001,0.1,0.9757261032315587,0.9882980424852688,0.9893400001445228,0.9938263859310835,0.9944323966450332,0.9961124096807408,0.9966196687328347,0.994719382060487,1.0,0.9939588908187347,0.9945076489652342,0.9958062608071032
2,9,1.9938826814530388,0.5326168457885528,4001,2.1429978211720786,0.545727136431784,667,2.1436520635891267,0.5309,0.9953877888577929,0.08322984479526895,,,0.8555545070515547,,0.8555784305197127,0.14442156948028728,0.9863635293270715,0.0995809734416112,5,0.001,0.1,0.9722061091249936,0.9851285355769657,0.9873586151503231,0.9902178504832364,0.9909013251757698,0.9950459261370638,0.9956896793721021,0.9948280043817811,0.9939588908187347,1.0,0.9940187461093474,0.9954842531766367
2,10,1.9999114968737617,0.48634610439701725,3889,2.14206634249006,0.5524691358024691,648,2.1436715644007673,0.5314,0.9941176651350231,0.08300226770113571,,,0.8197858474678209,,0.8198113298730922,0.18018867012690776,0.9862576926292983,0.09957540823076015,5,0.001,0.1,0.9685784609813741,0.9834350542927948,0.9841828655904327,0.9898866808604824,0.9886071739643265,0.9937743599690223,0.9936859360264606,0.9953128061792776,0.9945076489652342,0.9940187461093474,1.0,0.9936479503561672
2,11,2.0172769358178146,0.5243998944869428,3791,2.152453899383545,0.504746835443038,632,2.143675759958383,0.5314,0.9948365846057328,0.0830007116446814,,,0.819541279560759,,0.8195696929277699,0.18043030707223007,0.9862160321791827,0.09957540463557607,5,0.001,0.1,0.9704382406444835,0.983060495709067,0.9855902666092646,0.9898355479419269,0.9920301854106376,0.9937029256299651,0.9947000275289,0.9939540788615663,0.9958062608071032,0.9954842531766367,0.9936479503561672,1.0
3,0,1.4546199351897036,0.6170684197711225,8214,2.063776038413824,0.5726807888970051,1369,2.0625842904892213,0.5747,0.9895289982595702,0.08223077618167186,,,0.65,,0.6500178811339539,0.34998211886604613,0.9942966311528155,0.09953853849916029,5,0.001,0.1,1.0,0.99520347423088,0.9937199390535967,0.9912120875804251,0.9880797965638521,0.9857976562505131,0.9856695068821869,0.9827867372004427,0.9818189400888826,0.9788457540484903,0.9764867541414726,0.9776203988743861
3,1,1.586297470620535,0.5693945847277152,6574,2.061521690232413,0.5821167883211679,1096,2.0618558550795045,0.5763,0.9967578460421205,0.08334310568757576,,,0.8778850307802211,,0.8779105170064082,0.12208948299359179,0.9946025369737812,0.09968379600338258,5,0.001,0.1,0.99520347423088,1.0,0.9974211190104071,0.9969866116812626,0.9947024631931237,0.9949665827547918,0.9940943469723413,0.9923727661164206,0.9915425173553608,0.9896953638938075,0.988372971081762,0.9881863296040304
3,2,1.6295473711925317,0.6175341518243126,5783,2.0601329572739138,0.5975103734439834,964,2.061848405070198,0.5763,0.9974016732664412,0.08349440173447267,,,0.9088813354912169,,0.9089077043523647,0.09109229564763532,0.9946028364055766,0.09968524854125724,5,0.001,0.1,0.9937199390535967,0.9974211190104071,1.0,0.9975428811665341,0.9963691178261344,0.9951984612596433,0.9950130430408709,0.9935571284696068,0.9926354609869062,0.9910062018296623,0.9889853083906538,0.989757240982525
3,3,1.6845984915652907,0.5807452241346699,5287,2.066763324396951,0.547105561861521,881,2.061845491869381,0.5761,0.9986018073433589,0.08369510602554438,,,0.9499999997951281,,0.95001498149061,0.04998501850938997,0.9946044932911958,0.09968638774113256,5,0.001,0.1,0.9912120875804251,0.9969866116812626,0.9975428811665341,1.0,0.9977630578019101,0.996854500510189,0.9965825118194164,0.9955889181490868,0.9950943781246753,0.9927383514000601,0.9925642210866963,0.9925833083540178
3,4,1.735563528460841,0.5744275582573455,4935,2.057302942642799,0.5936739659367397,822,2.061847426259099,0.5761,0.9982042623312631,0.08355035744969252,,,0.9203450877494501,,0.920361295560646,0.07963870443935395,0.9946011088859972,0.09968567000774488,5,0.001,0.1,0.9880797965638521,0.9947024631931237,0.9963691178261344,0.9977630578019101,1.0,0.9961644230564466,0.9967647112107415,0.9954490465185326,0.9955327303639584,0.9935673777915633,0.9921843116383461,0.9941427691051166
3,5,1.760152272083988,0.5638740089993571,4667,2.0620744800567627,0.5591259640102828,778,2.0618449121999283,0.5761,0.9988192118509909,0.08365423711759033,,,0.9416271100195456,,0.9416543431824552,0.05834565681754478,0.9946040541664277,0.09968627138999876,5,0.001,0.1,0.9857976562505131,0.9949665827547918,0.9951984612596433,0.996854500510189,0.9961644230564466,1.0,0.9980034037988843,0.9969872005574819,0.9970383507693446,0.9962144585589786,0.9954524949956528,0.9953715619466216
3,6,1.7725876636164528,0.5710756793173142,4453,2.0521826843420663,0.5902964959568733,742,2.061844215606348,0.5761,0.9987637651924394,0.08365032742592768,,,0.9408261241604488,,0.9408521085239849,0.05914789147601507,0.9946014013963413,0.09968627110441514,5,0.001,0.1,0.9856695068821869,0.9940943469723413,0.9950130430408709,0.9965825118194164,0.9967647112107415,0.9980034037988843,1.0,0.9967644446304391,0.9974105724852229,0.9961486001993799,0.9948082247182372,0.9961250157786854
3,7,1.7977916938155445,0.5601122281973345,4277,2.059243704961694,0.5694249649368864,713,2.0618504750462003,0.5763,0.997896185303734,0.08348198340416814,,,0.9063371688853081,,0.9063656836875731,0.09363431631242691,0.9945995703591595,0.099685245060017,5,0.001,0.1,0.9827867372004427,0.9923727661164206,0.9935571284696068,0.9955889181490868,0.9954490465185326,0.9969872005574819,0.9967644446304391,1.0,0.9962788923889246,0.9958086660672248,0.9961679381079547,0.9952274365292958
3,8,1.8117438945403466,0.5509808670380237,4129,2.0637724182822486,0.5799418604651163,688,2.061854565105499,0.5763,0.9976895474323686,0.08343508047432764,,,0.89672807773592,,0.8967437005248354,0.10325629947516457,0.9946007221548074,0.09968488668726685,5,0.001,0.1,0.9818189400888826,0.9915425173553608,0.9926354609869062,0.9950943781246753,0.9955327303639584,0.9970383507693446,0.9974105724852229,0.9962788923889246,1.0,0.9950655898817337,0.9954772230607637,0.996613014056652
3,9,1.825277384500655,0.5603099225193702,4001,2.062601327896118,0.5787106446776612,667,2.0618715495728077,0.5763,0.996553595338161,0.08326020690489072,,,0.8609014017893928,,0.8609186070113376,0.1390813929886624,0.9945985510332532,0.09968170756304741,5,0.001,0.1,0.9788457540484903,0.9896953638938075,0.9910062018296623,0.9927383514000601,0.9935673777915633,0.9962144585589786,0.9961486001993799,0.9958086660672248,0.9950655898817337,1.0,0.9955260709335448,0.9963017203162458
3,10,1.8368994603391553,0.5208536898945745,3889,2.0584909234728133,0.5802469135802469,648,2.0619055447867884,0.5765,0.9957538646496509,0.08309472471825946,,,0.8269987560410913,,0.827016943582606,0.17298305641739398,0.994582795675716,0.09967829932079818,5,0.001,0.1,0.9764867541414726,0.988372971081762,0.9889853083906538,0.9925642210866963,0.9921843116383461,0.9954524949956528,0.9948082247182372,0.9961679381079547,0.9954772230607637,0.9955260709335448,1.0,0.9953151131052479
3,11,1.8568474603300336,0.5477710366657874,3791,2.0728148102760313,0.5569620253164557,632,2.0619131448550725,0.5765,0.9962468770760755,0.08310969287587884,,,0.8300653105482863,,0.8300857327882004,0.16991426721179959,0.9945827628329503,0.09967833699360362,5,0.001,0.1,0.9776203988743861,0.9881863296040304,0.989757240982525,0.9925833083540178,0.9941427691051166,0.9953715619466216,0.9961250157786854,0.9952274365292958,0.996613014056652,0.9963017203162458,0.9953151131052479,1.0
4,0,1.3268667356049504,0.6383004626247869,8214,1.9681922058726466,0.6033601168736303,1369,1.966285280907116,0.6063,0.990366429806942,0.08243871804076768,,,0.65,,0.6500178811339539,0.34998211886604613,0.9963853766199388,0.09955264421594144,5,0.001,0.1,1.0,0.9951712793769517,0.9937569648086282,0.99163838961673,0.9887563672128649,0.9866914488791098,0.9865786918560966,0.983902907506967,0.983020032408178,0.9812365370770327,0.9796956554407772,0.9799385585819289
4,1,1.4440091995938311,0.5929418923030119,6574,1.9652677127293179,0.6167883211678832,1096,1.9650661945343018,0.6073,0.9969915767906478,0.08333518221485652,,,0.8816936190248841,,0.8817090497868763,0.11829095021312375,0.9971409609497095,0.09970990746622528,5,0.001,0.1,0.9951712793769517,1.0,0.997200924094935,0.9968483152057508,0.9949864734888899,0.9951031594965386,0.994289515300534,0.9926229840606458,0.9919966338583206,0.9913509029485765,0.9904763174915328,0.9894810593282002
4,2,1.472122408606071,0.6419851288258689,5783,1.9624951116500362,0.6255186721991701,964,1.965055011712705,0.6072,0.9977863795049275,0.08345368295649593,,,0.912320459986458,,0.9123389489759426,0.08766105102405741,0.9971503307449855,0.09971172741979735,5,0.001,0.1,0.9937569648086282,0.997200924094935,1.0,0.9975666455043211,0.9968748042678902,0.9955027728326639,0.995377822092377,0.9940446114359807,0.9934079151942844,0.9923579983624897,0.9916890165580671,0.9912256153228999
4,3,1.5240449545613255,0.6121051636088519,5287,1.971977059330259,0.5902383654937571,881,1.9650506082053383,0.6073,0.9984874153611502,0.08359947185490735,,,0.9499999997415471,,0.95001498149061,0.04998501850938997,0.997154214174034,0.09971277630946151,5,0.001,0.1,0.99163838961673,0.9968483152057508,0.9975666455043211,1.0,0.9977457089983532,0.9967978430089129,0.9965272785355352,0.9956989054221248,0.9941741415734527,0.9934284169670129,0.9937616891098832,0.9931687659958672
4,4,1.5724673722636315,0.6027558257345491,4935,1.9585699759996855,0.6277372262773723,822,1.9650535983399462,0.6072,0.998381950301706,0.08350725007473797,,,0.9261650282859644,,0.9261847459429157,0.07381525405708433,0.9971462997712011,0.09971212881641019,5,0.001,0.1,0.9887563672128649,0.9949864734888899,0.9968748042678902,0.9977457089983532,1.0,0.99639301024477,0.9968935997646785,0.9958688077692456,0.9951462251088785,0.9945012309709179,0.9942282504993033,0.9946720007147085
4,5,1.5969571328326448,0.5958860081422755,4667,1.9670006895065308,0.577120822622108,778,1.9650501808800256,0.6073,0.9988061176043678,0.08358468740463332,,,0.9461789181096292,,0.9462019504934226,0.053798049506577406,0.9971504186313668,0.09971277533481387,5,0.001,0.1,0.9866914488791098,0.9951031594965386,0.9955027728326639,0.9967978430089129,0.99639301024477,1.0,0.9980374914081537,0.9971048713149923,0.9966911934086483,0.9963850765755968,0.99632655271709,0.9960864081639766
4,6,1.605942890899522,0.5977992364697956,4453,1.9528741737206776,0.6253369272237197,742,1.9650489735527161,0.6072,0.9987135574740467,0.08357929932450577,,,0.9447863540558369,,0.9448101216883656,0.055189878311634355,0.9971504235044929,0.0997127749396383,5,0.001,0.1,0.9865786918560966,0.994289515300534,0.995377822092377,0.9965272785355352,0.9968935997646785,0.9980374914081537,1.0,0.9969950055946335,0.996694583174262,0.9962201544680883,0.9959206318295647,0.9964762591308512
4,7,1.6328893417742716,0.5934533551554828,4277,1.9609040281046992,0.603085553997195,713,1.9650577489560404,0.6072,0.9979085648685121,0.08345000908936541,,,0.9113709389728035,,0.9113917321502788,0.0886082678497212,0.9971502787306734,0.09971172661115094,5,0.001,0.1,0.983902907506967,0.9926229840606458,0.9940446114359807,0.9956989054221248,0.9958688077692456,0.9971048713149923,0.9969950055946335,1.0,0.9957248287822428,0.995828707459231,0.9968936648335356,0.9956783367959189
4,8,1.649001299051138,0.5774279486558489,4129,1.9658382101492449,0.5959302325581395,688,1.9650641477907809,0.6073,0.9974798557019611,0.08340738528574843,,,0.9003547002852257,,0.9003730874435778,0.0996269125564222,0.9971440115450405,0.09971116813703662,5,0.001,0.1,0.983020032408178,0.9919966338583206,0.9934079151942844,0.9941741415734527,0.9951462251088785,0.9966911934086483,0.996694583174262,0.9957248287822428,1.0,0.9957095732985947,0.9961351695828983,0.9965368844947958
4,9,1.6590206850142706,0.5928017995501125,4001,1.967194222268604,0.6116941529235382,667,1.965088474864777,0.607,0.9969968469969988,0.08328448677295064,,,0.8685912433329869,,0.8686074946114961,0.1313925053885039,0.9971260001802349,0.09970869032867882,5,0.001,0.1,0.9812365370770327,0.9913509029485765,0.9923579983624897,0.9934284169670129,0.9945012309709179,0.9963850765755968,0.9962201544680883,0.995828707459231,0.9957095732985947,1.0,0.9962986706721944,0.9961350613511789
4,10,1.6750988330997405,0.5548984314733865,3889,1.9594840095156716,0.6126543209876543,648,1.9651324189128205,0.6069,0.996845562712621,0.08317806342387972,,,0.8410858375312975,,0.8411043774949014,0.1588956225050986,0.9971227280161934,0.0997063436741746,5,0.001,0.1,0.9796956554407772,0.9904763174915328,0.9916890165580671,0.9937616891098832,0.9942282504993033,0.99632655271709,0.9959206318295647,0.9968936648335356,0.9961351695828983,0.9962986706721944,1.0,0.9962032627476369
4,11,1.6937638925904988,0.5728303877604853,3791,1.9784239888191224,0.5886075949367089,632,1.9651442244410895,0.6069,0.9966757439726697,0.08318176355715129,,,0.8420421471009865,,0.8420612597983781,0.1579387402016219,0.9971230718339177,0.09970635185945884,5,0.001,0.1,0.9799385585819289,0.9894810593282002,0.9912256153228999,0.9931687659958672,0.9946720007147085,0.9960864081639766,0.9964762591308512,0.9956783367959189,0.9965368844947958,0.9961350613511789,0.9962032627476369,1.0
5,0,1.225060645754699,0.6530070611151693,8214,1.8583970707516337,0.6223520818115412,1369,1.8558695876179412,0.6294,0.9907056100333899,0.08257363582750757,,,0.95,,0.95001498149061,0.04998501850938997,0.9960774828386553,0.09972383296201585,5,0.001,0.1,1.0,0.9948350494171574,0.9934242035385167,0.9914745315486633,0.988680607409985,0.9873806480404633,0.9874434001786833,0.9847988423383167,0.9839877092108927,0.9814335625927733,0.9812505175161594,0.9810457367554076
5,1,1.3282966390396784,0.6191664131426833,6574,1.8554535048348564,0.6450729927007299,1096,1.8544062193209372,0.6293,0.9970555870092627,0.0833287282621045,,,0.95,,0.95001498149061,0.04998501850938997,0.9977219023481145,0.09972383296201585,5,0.001,0.1,0.9948350494171574,1.0,0.9968783816378087,0.9965971976740353,0.9948600907446458,0.9951992909636187,0.9948423683945798,0.9931490754245043,0.992665031583999,0.9912364551373745,0.9912711240878244,0.9900964602001509
5,2,1.3429710053607244,0.6575479854746671,5783,1.8510674392023394,0.6441908713692946,964,1.8543934410753342,0.6294,0.9979200337553693,0.08342935089192938,,,0.95,,0.95001498149061,0.04998501850938997,0.9977398277439032,0.09972383296201585,5,0.001,0.1,0.9934242035385167,0.9968783816378087,1.0,0.997455776637547,0.996985985994799,0.9956187192080227,0.9959376576356211,0.9945842997637222,0.9940201963116587,0.9922775996882758,0.9926933796190935,0.9920714404951936
5,3,1.390220680509705,0.6361263476451674,5287,1.8635993897914886,0.6072644721906924,881,1.8543880983663443,0.6293,0.9984189273397756,0.08353491177232436,,,0.95,,0.95001498149061,0.04998501850938997,0.997747871326344,0.09972383296201585,5,0.001,0.1,0.9914745315486633,0.9965971976740353,0.997455776637547,1.0,0.9977044567524641,0.9965923037776759,0.9967044381611023,0.9956534470936943,0.9949761589339075,0.9933603381703323,0.99410076918541,0.9932694420768606
5,4,1.4339536633799153,0.6257345491388044,4935,1.8456376470052278,0.6508515815085159,822,1.854392085974209,0.6294,0.9982934147840079,0.08347427501332338,,,0.95,,0.95001498149061,0.04998501850938997,0.9977442378468121,0.09972383296201585,5,0.001,0.1,0.988680607409985,0.9948600907446458,0.996985985994799,0.9977044567524641,1.0,0.9961664353045561,0.9969030923983792,0.9958215342416766,0.9954093892356579,0.9946144172238935,0.9947454932164489,0.9944728290424025
5,5,1.457097848147562,0.6179987143775445,4667,1.8584852361679076,0.5989717223650386,778,1.85438807208698,0.6293,0.9987711810686516,0.08353721582615092,,,0.95,,0.95001498149061,0.04998501850938997,0.9977478713708483,0.09972383296201585,5,0.001,0.1,0.9873806480404633,0.9951992909636187,0.9956187192080227,0.9965923037776759,0.9961664353045561,1.0,0.9979258086773345,0.9969996667668317,0.996976566282252,0.996533923859644,0.9965023368165639,0.9961754442303125
5,6,1.4601004020656858,0.6226364248821019,4453,1.839651236931483,0.6482479784366577,742,1.8543863814478865,0.6294,0.9988120137000848,0.08353522850775488,,,0.95,,0.95001498149061,0.04998501850938997,0.9977478619616182,0.09972383296201585,5,0.001,0.1,0.9874434001786833,0.9948423683945798,0.9959376576356211,0.9967044381611023,0.9969030923983792,0.9979258086773345,1.0,0.9968478396298488,0.9972445449062567,0.9965323304709415,0.9959833729994114,0.9961924266189325
5,7,1.4879764760608103,0.6189385083002105,4277,1.8486029479814612,0.6283309957924264,713,1.8543966825777731,0.6292,0.9980018747660592,0.08342973961582956,,,0.95,,0.95001498149061,0.04998501850938997,0.997739817287728,0.09972383296201585,5,0.001,0.1,0.9847988423383167,0.9931490754245043,0.9945842997637222,0.9956534470936943,0.9958215342416766,0.9969996667668317,0.9968478396298488,1.0,0.9965892043571669,0.9959109090654292,0.9969179979308764,0.995577361107226
5,8,1.4997477679069227,0.6078953741826107,4129,1.8537316484884783,0.626453488372093,688,1.854404495546993,0.6293,0.9978818512150772,0.08339971146230768,,,0.95,,0.95001498149061,0.04998501850938997,0.997734535375574,0.09972383296201585,5,0.001,0.1,0.9839877092108927,0.992665031583999,0.9940201963116587,0.9949761589339075,0.9954093892356579,0.996976566282252,0.9972445449062567,0.9965892043571669,1.0,0.9962265241555344,0.9967544529300062,0.996561545578011
5,9,1.5131471286690423,0.6129467633091727,4001,1.857938249905904,0.6341829085457271,667,1.8544354377844083,0.6293,0.9969842936689903,0.08329532129910547,,,0.95,,0.95001498149061,0.04998501850938997,0.9977108851236128,0.09972383296201585,5,0.001,0.1,0.9814335625927733,0.9912364551373745,0.9922775996882758,0.9933603381703323,0.9946144172238935,0.996533923859644,0.9965323304709415,0.9959109090654292,0.9962265241555344,1.0,0.9963455906173148,0.9961891621470349
5,10,1.528102177283803,0.5856518385188995,3889,1.8458833637691678,0.6404320987654321,648,1.8544920606735034,0.6291,0.9971829814700082,0.08323644030911954,,,0.95,,0.95001498149061,0.04998501850938997,0.9976854859166657,0.09972383296201585,5,0.001,0.1,0.9812505175161594,0.9912711240878244,0.9926933796190935,0.99410076918541,0.9947454932164489,0.9965023368165639,0.9959833729994114,0.9969179979308764,0.9967544529300062,0.9963455906173148,1.0,0.9964732689464622
5,11,1.54615823511316,0.5966235821682934,3791,1.8704490065574646,0.6028481012658228,632,1.8545080042494753,0.629,0.9967720721157193,0.0832254412125426,,,0.95,,0.95001498149061,0.04998501850938997,0.9976856097046798,0.09972383296201585,5,0.001,0.1,0.9810457367554076,0.9900964602001509,0.9920714404951936,0.9932694420768606,0.9944728290424025,0.9961754442303125,0.9961924266189325,0.995577361107226,0.996561545578011,0.9961891621470349,0.9964732689464622,1.0
6,0,1.1421585959683132,0.668127587046506,8214,1.7373491137526755,0.6420745069393718,1369,1.7342190868176592,0.6474,0.9909246410004091,0.0826692496874333,,,0.95,,0.95001498149061,0.04998501850938997,0.9980967275894888,0.09970573889825163,5,0.001,0.1,1.0,0.994791352097424,0.9930449362753332,0.9912118349435975,0.9881395535627848,0.9874925563914534,0.9878496259562741,0.9849310866617381,0.9834369115850872,0.982046283226695,0.982016598193779,0.9812540222279595
6,1,1.2338426249119843,0.6392759355034986,6574,1.7343871082578386,0.6605839416058394,1096,1.7325523021502998,0.6468,0.9969194646492409,0.08332617896503544,,,0.95,,0.95001498149061,0.04998501850938997,0.9980967275894888,0.09970573889825163,5,0.001,0.1,0.994791352097424,1.0,0.9965747609165133,0.996101558163556,0.9943625513879192,0.9949003943867563,0.9945316437740057,0.9928062085450368,0.9917794916338694,0.9910128088832918,0.9912634961396534,0.9897189527763796
6,2,1.2365336894989014,0.6717274770880166,5783,1.7285072765042704,0.6566390041493776,964,1.7325380465473992,0.6469,0.9979584377755925,0.08342147485420372,,,0.95,,0.95001498149061,0.04998501850938997,0.9980967275894888,0.09970573889825163,5,0.001,0.1,0.9930449362753332,0.9965747609165133,1.0,0.9973059387057477,0.9966648319442111,0.9955017599501703,0.9959244611163746,0.9946467692379388,0.9928600558994229,0.992649708264144,0.9930903325784255,0.991981779253959
6,3,1.2782568743429987,0.6543975789672782,5287,1.7441626020840235,0.6220204313280363,881,1.7325327529693946,0.647,0.9981814657250506,0.08349345000173865,,,0.95,,0.95001498149061,0.04998501850938997,0.9980967275894888,0.09970573889825163,5,0.001,0.1,0.9912118349435975,0.996101558163556,0.9973059387057477,1.0,0.9970337289725235,0.9963279259050399,0.9962966407419317,0.9954791358815449,0.9935420964437681,0.9929227392434015,0.9939580504359666,0.9927110245621706
6,4,1.319628785810163,0.6461195542046606,4935,1.7211676010718713,0.6763990267639902,822,1.7325369618571222,0.6469,0.9980712736250767,0.08345268445629407,,,0.95,,0.95001498149061,0.04998501850938997,0.9980967275894888,0.09970573889825163,5,0.001,0.1,0.9881395535627848,0.9943625513879192,0.9966648319442111,0.9970337289725235,1.0,0.995973222659104,0.9964640236486135,0.9954569099811087,0.9940296968334218,0.9945166520242463,0.9948163450160131,0.9940931481903924
6,5,1.3390370944591419,0.6373259052924791,4667,1.7391326379776002,0.615681233933162,778,1.7325328596102925,0.647,0.9986197869828121,0.08350901931722843,,,0.95,,0.95001498149061,0.04998501850938997,0.9980967275894888,0.09970573889825163,5,0.001,0.1,0.9874925563914534,0.9949003943867563,0.9955017599501703,0.9963279259050399,0.995973222659104,1.0,0.9975541514980544,0.9966579488627375,0.9956413756092745,0.9960313487551558,0.9962508158872555,0.9957753291074275
6,6,1.3394379652397974,0.6450482820570402,4453,1.7155169596274693,0.6657681940700808,742,1.7325306791847888,0.647,0.9986501747369305,0.08350878126198451,,,0.95,,0.95001498149061,0.04998501850938997,0.9980967275894888,0.09970573889825163,5,0.001,0.1,0.9878496259562741,0.9945316437740057,0.9959244611163746,0.9962966407419317,0.9964640236486135,0.9975541514980544,1.0,0.9966572479238338,0.9962006014688237,0.9953963922505811,0.9959788893612009,0.9956175292704401
6,7,1.3637214043247166,0.638812251578209,4277,1.7253688159196272,0.6493688639551192,713,1.7325417911663603,0.6467,0.9978476152945787,0.08341813437550935,,,0.95,,0.95001498149061,0.04998501850938997,0.9980967275894888,0.09970573889825163,5,0.001,0.1,0.9849310866617381,0.9928062085450368,0.9946467692379388,0.9954791358815449,0.9954569099811087,0.9966579488627375,0.9966572479238338,1.0,0.9950974560562227,0.9955758728187475,0.9965321140094491,0.9950137618198558
6,8,1.3782035678166609,0.6286752240251877,4129,1.730169502171603,0.6424418604651163,688,1.7325508941095857,0.6467,0.996921146437628,0.08336978878916504,,,0.95,,0.95001498149061,0.04998501850938997,0.9980967275894888,0.09970573889825163,5,0.001,0.1,0.9834369115850872,0.9917794916338694,0.9928600558994229,0.9935420964437681,0.9940296968334218,0.9956413756092745,0.9962006014688237,0.9950974560562227,1.0,0.9944546762097644,0.9951075664124394,0.9956191057644124
6,9,1.3886420736237177,0.6405898525368657,4001,1.737536487125215,0.6536731634182908,667,1.7325847065105986,0.6469,0.9967829493529283,0.08330127160156357,,,0.95,,0.95001498149061,0.04998501850938997,0.9980967275894888,0.09970573889825163,5,0.001,0.1,0.982046283226695,0.9910128088832918,0.992649708264144,0.9929227392434015,0.9945166520242463,0.9960313487551558,0.9953963922505811,0.9955758728187475,0.9944546762097644,1.0,0.9962754174929636,0.9952300846816511
6,10,1.4014744296425679,0.610182566212394,3889,1.720409012976147,0.6527777777777778,648,1.7326426921180262,0.6467,0.9972284099523161,0.08327952814946264,,,0.95,,0.95001498149061,0.04998501850938997,0.9980967275894888,0.09970573889825163,5,0.001,0.1,0.982016598193779,0.9912634961396534,0.9930903325784255,0.9939580504359666,0.9948163450160131,0.9962508158872555,0.9959788893612009,0.9965321140094491,0.9951075664124394,0.9962754174929636,1.0,0.9961486372116609
