round,client_id,client_i_training_loss,client_i_training_accuracy,client_i_training_dataset_size,client_i_evaluation_loss,client_i_evaluation_accuracy,client_i_evaluation_dataset_size,client_i_central_evaluation_loss,client_i_central_evaluation_accuracy,client_i_cosine_similarity,client_i_importance_coefficient,client_i_tanh_val,tanh_normalization_value,client_i_q,client_i_mask_order,client_i_v_nonzero_fraction,client_i_v_sparsity,client_i_v_cosine_similarity,client_i_reward_gradient_norm,local_epochs,learning_rate,gamma,client_0_cosine_similarity,client_1_cosine_similarity,client_2_cosine_similarity,client_3_cosine_similarity,client_4_cosine_similarity,client_5_cosine_similarity,client_6_cosine_similarity,client_7_cosine_similarity,client_8_cosine_similarity,client_9_cosine_similarity,client_10_cosine_similarity,client_11_cosine_similarity
0,0,2.2695100846113982,0.16674945215485756,6845,2.300974715839733,0.12929145361577793,1369,2.2996499296985093,0.1224,0.8814675854847883,0.08031046491276454,,,0.8044053609635842,,0.8044429040616593,0.1955570959383407,0,0.13749242143266058,10,0.025,0.15,1.0,0.8700280934848905,0.8711609663286747,0.8616933670878318,0.809336821356442,0.7414454424274198,0.7257547619954534,0.7029295520044573,0.7235310036792932,0.7580680568933786,0.6611398839138697,0.7069131013024598
0,1,2.295052607114925,0.14315443592552027,5478,2.299908902910021,0.11587591240875912,1096,2.2996468785442885,0.1225,0.9569857155799685,0.08719091773616701,,,0.9369232807342639,,0.9369625852024228,0.06303741479757718,0,0.13752945281653303,10,0.025,0.15,0.8700280934848905,1.0,0.9356428003026497,0.8907915046499102,0.9069294739651838,0.8616915818842497,0.855151116692318,0.8018803607769033,0.8134250111227513,0.8351553107284445,0.8347265055425932,0.8240270516724599
0,2,2.295723971567656,0.13632780082987553,4820,2.299725830554962,0.13485477178423236,964,2.2996468996699853,0.1225,0.9701364705061029,0.08838908231925921,,,0.9599999999807399,,0.9600270667260814,0.0399729332739186,0,0.1375303219091142,10,0.025,0.15,0.8711609663286747,0.9356428003026497,1.0,0.9397616006604649,0.918488005231353,0.8503925739093781,0.8706188632469088,0.8616196628428038,0.8347130946881925,0.8469815919942069,0.8325598358638194,0.8373698138585709
0,3,2.2959774923324585,0.12337721289151157,4406,2.300279583249773,0.13393870601589103,881,2.2996469902086862,0.1225,0.9580559271989484,0.0872884246599503,,,0.9388012697321756,,0.9388440527471077,0.061155947252892306,0,0.1375297517976869,10,0.025,0.15,0.8616933670878318,0.8907915046499102,0.9397616006604649,1.0,0.8764454454572075,0.8455238801254505,0.8615339429495241,0.8858684882760056,0.8100921459276803,0.8621750904345724,0.7994277935052262,0.8570520794901311
0,4,2.2969361890446054,0.1456955252918288,4112,2.3004280839647566,0.11313868613138686,822,2.299647062639647,0.1225,0.9360485878064787,0.08528333713636292,,,0.9001831679293139,,0.9002327078278952,0.09976729217210478,0,0.13752674181309224,10,0.025,0.15,0.809336821356442,0.9069294739651838,0.918488005231353,0.8764454454572075,1.0,0.7921045813786295,0.8255221884409347,0.7976229282032267,0.8539046637986442,0.8609125383416499,0.8260261722763397,0.8010489265156274
0,5,2.2992458528087987,0.12355361275392132,3889,2.3031694207872664,0.11182519280205655,778,2.29964897904215,0.1225,0.9025284267103197,0.08222931703861568,,,0.8413625640128441,,0.841387334752686,0.158612665247314,0,0.13750958811605474,10,0.025,0.15,0.7414454424274198,0.8616915818842497,0.8503925739093781,0.8455238801254505,0.7921045813786295,1.0,0.8660272741596517,0.8156560152579966,0.7186923220677742,0.8328484519612944,0.7794417215052836,0.858629055872224
0,6,2.2995012086013267,0.12737806521153328,3711,2.3010841608047485,0.10646900269541779,742,2.299648698372177,0.1225,0.9139087569804561,0.08326617832529908,,,0.8613325724307039,,0.8613738013896454,0.13862619861035463,0,0.13751451627499742,10,0.025,0.15,0.7257547619954534,0.855151116692318,0.8706188632469088,0.8615339429495241,0.8255221884409347,0.8660272741596517,1.0,0.9037879507639527,0.751373739703697,0.7774461532706806,0.830442895422602,0.8510969352307676
0,7,2.2996029206684656,0.11961279461279462,3564,2.2975624799728394,0.12622720897615708,713,2.299649084670634,0.1225,0.8960417851276805,0.08163831946842401,,,0.829979916591014,,0.8300242610288657,0.16997573897113427,0,0.13750609996556726,10,0.025,0.15,0.7029295520044573,0.8018803607769033,0.8616196628428038,0.8858684882760056,0.7976229282032267,0.8156560152579966,0.9037879507639527,1.0,0.7502656530873415,0.811097374422952,0.811099396913441,0.8017774261362504
0,8,2.29795693203255,0.11845393780877651,3441,2.2969510157903037,0.12645348837209303,688,2.299650068524518,0.1224,0.879780279604716,0.0801567345636172,,,0.8014445055377124,,0.8014886699344788,0.19851133006552124,0,0.1374911010283197,10,0.025,0.15,0.7235310036792932,0.8134250111227513,0.8347130946881925,0.8100921459276803,0.8539046637986442,0.7186923220677742,0.751373739703697,0.7502656530873415,1.0,0.8573950225334378,0.8193705898491583,0.8254056002548625
0,9,2.2983342894801386,0.14853029394121176,3334,2.2971426248550415,0.12893553223388307,667,2.2996489428266695,0.1225,0.9043117327906545,0.08239179396091188,,,0.844491878944007,,0.8445396180950966,0.1554603819049034,0,0.13751064442347627,10,0.025,0.15,0.7580680568933786,0.8351553107284445,0.8469815919942069,0.8621750904345724,0.8609125383416499,0.8328484519612944,0.7774461532706806,0.811097374422952,0.8573950225334378,1.0,0.7675473182899508,0.7866090139224455
0,10,2.300403671998244,0.11687750694230176,3241,2.29827880859375,0.10648148148148148,648,2.299652878242203,0.1224,0.8789570976734803,0.08008173450156844,,,0.8,,0.8000115528708884,0.19998844712911157,0,0.13747488070307312,10,0.025,0.15,0.6611398839138697,0.8347265055425932,0.8325598358638194,0.7994277935052262,0.8260261722763397,0.7794417215052836,0.830442895422602,0.811099396913441,0.8193705898491583,0.7675473182899508,1.0,0.836114335178425
0,11,2.299222420692444,0.1319721430832542,3159,2.298894834518433,0.12974683544303797,632,2.29964896998828,0.1225,0.8975276372572575,0.08177369537705974,,,0.8325872644298733,,0.8326319090293938,0.16736809097060623,0,0.13750703958409596,10,0.025,0.15,0.7069131013024598,0.8240270516724599,0.8373698138585709,0.8570520794901311,0.8010489265156274,0.858629055872224,0.8510969352307676,0.8017774261362504,0.8254056002548625,0.7866090139224455,0.836114335178425,1.0
1,0,2.1169902284940085,0.23672753834915997,6845,2.291773102500222,0.14390065741417093,1369,2.290705360943758,0.1411,0.9133947624800822,0.07963051247743944,,,0.8,,0.8000115528708884,0.19998844712911157,0.8366168183219861,0.14535795405320287,10,0.025,0.15,1.0,0.9490544613755543,0.936529501631321,0.9114657487382918,0.9015239961415488,0.8727497582774658,0.8494688769799839,0.8617861633367636,0.8471088520294977,0.8520545512193902,0.8270055119513892,0.8093987823182598
1,1,2.1814140380815017,0.20653523183643666,5478,2.291918648613824,0.125,1096,2.290686863887159,0.1406,0.9662437078682677,0.08562338448508594,,,0.9378657224630847,,0.9379115710253998,0.06208842897460021,0.8374989446722145,0.14544279506024393,10,0.025,0.15,0.9490544613755543,1.0,0.9779457623232671,0.9636740507332855,0.9570117333535754,0.9394009179879399,0.9189931589261725,0.9262784323426391,0.9155496893126902,0.9144953412645761,0.8908646729638016,0.8786634241437147
1,2,2.186166734758176,0.20927385892116182,4820,2.2905479669570923,0.1462655601659751,964,2.2906869785695134,0.1406,0.9729518707634185,0.08658553729401283,,,0.959999999976995,,0.9600270667260814,0.0399729332739186,0.83750823024054,0.14544408463680733,10,0.025,0.15,0.936529501631321,0.9779457623232671,1.0,0.9732916875263511,0.9663765643820481,0.9480290967922533,0.929295084169467,0.9430204668952888,0.9242909046695057,0.922462450445685,0.8990821685455525,0.8896263931896463
1,3,2.2059013782228742,0.20093054925102133,4406,2.2911855152675082,0.1532349602724177,881,2.2906870992877817,0.1406,0.9821682832209141,0.08620371975044697,,,0.9512163063780621,,0.9512633889521546,0.048736611047845435,0.8375056015540246,0.14544368587240508,10,0.025,0.15,0.9114657487382918,0.9636740507332855,0.9732916875263511,1.0,0.9754082899659611,0.9618660989180666,0.9484898082070129,0.9615134911936324,0.9426779221582544,0.9420212349577661,0.9250511071602874,0.9145992145480641
1,4,2.2248796130671646,0.19888132295719843,4112,2.2910804407937184,0.12408759124087591,822,2.2906870389286476,0.1406,0.9859653914769151,0.08508401397884076,,,0.9254575307940666,,0.9254922348203528,0.07450776517964719,0.8375505688323559,0.14543681382871668,10,0.025,0.15,0.9015239961415488,0.9570117333535754,0.9663765643820481,0.9754082899659611,1.0,0.9696705664027157,0.956812516099293,0.9586734101631281,0.9558865303109703,0.9591316643169258,0.9345555314955825,0.9315863058937106
1,5,2.246437520365561,0.1848032913345333,3889,2.293797322681972,0.14910025706940874,778,2.2906939923008784,0.1412,0.9839675906322327,0.0831245301193432,,,0.8803797020669227,,0.8804195342542622,0.11958046574573777,0.8373006625956086,0.14542519366596765,10,0.025,0.15,0.8727497582774658,0.9394009179879399,0.9480290967922533,0.9618660989180666,0.9696705664027157,1.0,0.9729847829381455,0.9672803996781438,0.9590762336054571,0.9617457994387605,0.9420445342806797,0.9521994219233771
1,6,2.2584522033559864,0.1748854756130423,3711,2.292100707689921,0.12398921832884097,742,2.2906926342203646,0.1412,0.9792724083943103,0.08361437289643706,,,0.8916485107902195,,0.891675331319833,0.10832466868016699,0.8373723415212485,0.1454284697387741,10,0.025,0.15,0.8494688769799839,0.9189931589261725,0.929295084169467,0.9484898082070129,0.956812516099293,0.9729847829381455,1.0,0.972438436343132,0.9668792502509326,0.9550583273141732,0.9603739571346195,0.964735291761973
1,7,2.2556582501956393,0.18625140291806958,3564,2.2887009382247925,0.15287517531556802,713,2.2906971400297143,0.1412,0.9799726077885019,0.08262754612298484,,,0.8689466099496351,,0.8689656879734614,0.1310343120265386,0.837125342097409,0.14541424030316338,10,0.025,0.15,0.8617861633367636,0.9262784323426391,0.9430204668952888,0.9615134911936324,0.9586734101631281,0.9672803996781438,0.972438436343132,1.0,0.9579224120033477,0.9571561300440145,0.9505158695687304,0.9450996357661037
1,8,2.2469496568044027,0.18183667538506249,3441,2.287997603416443,0.14970930232558138,688,2.2907011267505113,0.141,0.9746694152839325,0.08153546607112439,,,0.8438233626743454,,0.8438629499430609,0.15613705005693912,0.8369154657057928,0.14540277214976846,10,0.025,0.15,0.8471088520294977,0.9155496893126902,0.9242909046695057,0.9426779221582544,0.9558865303109703,0.9590762336054571,0.9668792502509326,0.9579224120033477,1.0,0.9593178860222198,0.9516584305784713,0.9627042042935552
1,9,2.241996621644055,0.21040791841631673,3334,2.288706103960673,0.1454272863568216,667,2.2906962497324885,0.1411,0.9730800186407538,0.0828698831808999,,,0.8745215619136364,,0.8745523262530739,0.1254476737469261,0.8372290482723123,0.14541643723400588,10,0.025,0.15,0.8520545512193902,0.9144953412645761,0.922462450445685,0.9420212349577661,0.9591316643169258,0.9617457994387605,0.9550583273141732,0.9571561300440145,0.9593178860222198,1.0,0.9524929841219922,0.9476059070088075
1,10,2.266465480511005,0.16732489972230793,3241,2.2897184689839682,0.1419753086419753,648,2.29070292847066,0.141,0.9621234648055974,0.08107938565416657,,,0.8333312553667096,,0.8333498374346024,0.16665016256539755,0.837052730073475,0.1453968542804246,10,0.025,0.15,0.8270055119513892,0.8908646729638016,0.8990821685455525,0.9250511071602874,0.9345555314955825,0.9420445342806797,0.9603739571346195,0.9505158695687304,0.9516584305784713,0.9524929841219922,1.0,0.96638054870357
1,11,2.2688766078948976,0.17049699271921495,3159,2.290392827987671,0.14240506329113925,632,2.2906973543046396,0.1412,0.9588401996135075,0.0820216479692182,,,0.8550079530583305,,0.855052730603555,0.14494726939644498,0.8371265426741767,0.14540847811412805,10,0.025,0.15,0.8093987823182598,0.8786634241437147,0.8896263931896463,0.9145992145480641,0.9315863058937106,0.9521994219233771,0.964735291761973,0.9450996357661037,0.9627042042935552,0.9476059070088075,0.96638054870357,1.0
2,0,2.0205476994867677,0.27196493791088383,6845,2.277298407121138,0.20087655222790357,1369,2.276492737516572,0.1899,0.9120552320981642,0.07905661527734222,,,0.8,,0.8000115528708884,0.19998844712911157,0.95147874631995,0.14585364326612302,10,0.025,0.15,1.0,0.9324061329723302,0.9226740643065624,0.9033027286899271,0.9002391786847544,0.8753320666100635,0.870935134836917,0.8711362539574469,0.8483545417447548,0.8526544784923394,0.847356746261576,0.8247664087633723
2,1,2.0734092862107034,0.25098576122672506,5478,2.2788584762149386,0.18156934306569342,1096,2.2764447369152987,0.1896,0.9642843784193292,0.08447130292164272,,,0.9338346972091207,,0.9338845703157235,0.06611542968427653,0.9524544194594057,0.1459642943423739,10,0.025,0.15,0.9324061329723302,1.0,0.9648225779222526,0.9529996510571888,0.9465921689191665,0.9400510465890621,0.9376848959671149,0.9315435487257361,0.9170006164497948,0.9166656369254849,0.9146687421778649,0.9007553422249994
2,2,2.070691959795199,0.25197095435684647,4820,2.275732785463333,0.18360995850622408,964,2.276442995554284,0.1897,0.9784755650024503,0.08552989941830416,,,0.959999999975283,,0.9600270667260814,0.0399729332739186,0.9525107653870417,0.14597161459751612,10,0.025,0.15,0.9226740643065624,0.9648225779222526,1.0,0.9683850966373958,0.965572500911372,0.955076639887784,0.9574056129869356,0.9510425921736466,0.9373759234914594,0.9336609617078592,0.9369730015434202,0.927856250358305
2,3,2.0948385858535765,0.2453926463912846,4406,2.2769499165671214,0.2054483541430193,881,2.2764433094217806,0.1897,0.9852057709034877,0.0855128062414304,,,0.9595775083559095,,0.9596227162449869,0.04037728375501315,0.9525214018319286,0.14597161395540478,10,0.025,0.15,0.9033027286899271,0.9529996510571888,0.9683850966373958,1.0,0.9685534403077998,0.9677657530123842,0.9663278898988447,0.9643191282146689,0.951299383593993,0.9541264329442632,0.9549070106884884,0.9483348833808258
2,4,2.1085585435231526,0.24958657587548638,4112,2.276714324951172,0.17639902676399027,822,2.2764435025710092,0.1897,0.9843067163446918,0.08478994696210523,,,0.9417106138776806,,0.9417735307223846,0.058226469277615434,0.9524258913371471,0.14596995805812804,10,0.025,0.15,0.9002391786847544,0.9465921689191665,0.965572500911372,0.9685534403077998,1.0,0.9680456745421743,0.9654465582586222,0.9636673138498509,0.9528251059036768,0.9560034398829135,0.955007900862439,0.9484880324023692
2,5,2.1272916605395658,0.23682180509128312,3889,2.2794768469674245,0.19665809768637532,778,2.276455698134024,0.1901,0.9849834271542943,0.08359829626781126,,,0.9122566138823632,,0.9122972058556551,0.0877027941443449,0.9523699205399502,0.14596036497236842,10,0.025,0.15,0.8753320666100635,0.9400510465890621,0.955076639887784,0.9677657530123842,0.9680456745421743,1.0,0.9738612343968068,0.9697868059924571,0.9614003329174419,0.9613805464820526,0.962347979979472,0.9642417359419997
2,6,2.1471874117851257,0.23109673942333603,3711,2.2777394453684487,0.16846361185983827,742,2.276452855218815,0.1901,0.9853444474556449,0.0839134760406043,,,0.9200469043347768,,0.9200953937053358,0.07990460629466423,0.952398475210565,0.14596209026665033,10,0.025,0.15,0.870935134836917,0.9376848959671149,0.9574056129869356,0.9663278898988447,0.9654465582586222,0.9738612343968068,1.0,0.9719186917839334,0.9633331350814531,0.9585248975968649,0.9710483855027954,0.9670722980088226
2,7,2.1373032480478287,0.23529741863075196,3564,2.2747933069864907,0.20476858345021037,713,2.276462280297581,0.1902,0.9836044544755144,0.08324550775020069,,,0.9035367490379037,,0.9035747883349012,0.09642521166509876,0.9523733464387429,0.14595804220150832,10,0.025,0.15,0.8711362539574469,0.9315435487257361,0.9510425921736466,0.9643191282146689,0.9636673138498509,0.9697868059924571,0.9719186917839334,1.0,0.9656270078090166,0.9604155298978398,0.9710651758774909,0.963577767484488
2,8,2.128315027996346,0.24176111595466435,3441,2.273639758427938,0.19186046511627908,688,2.2764731479596487,0.1899,0.9747251074595603,0.08227960084639867,,,0.8796624525882064,,0.879693353798419,0.12030664620158105,0.9522335611130934,0.14594884806460356,10,0.025,0.15,0.8483545417447548,0.9170006164497948,0.9373759234914594,0.951299383593993,0.9528251059036768,0.9614003329174419,0.9633331350814531,0.9656270078090166,1.0,0.9541359885700723,0.9625612802321015,0.9673449532126392
2,9,2.1273066246951067,0.24592081583683265,3334,2.2749235232671103,0.191904047976012,667,2.2764618909811674,0.1898,0.9735160043166872,0.08306672677387775,,,0.8991178241793077,,0.8991516891947648,0.10084831080523515,0.9523464936050169,0.14595644368094088,10,0.025,0.15,0.8526544784923394,0.9166656369254849,0.9336609617078592,0.9541264329442632,0.9560034398829135,0.9613805464820526,0.9585248975968649,0.9604155298978398,0.9541359885700723,1.0,0.9625274480395415,0.9562869815796512
2,10,2.1657421639332406,0.21663066954643628,3241,2.2758774757385254,0.18364197530864199,648,2.276472339147254,0.1898,0.9770572764315979,0.08207313210334889,,,0.8745591699014755,,0.8745853344556123,0.12541466554438774,0.9522148077029207,0.1459352756393529,10,0.025,0.15,0.847356746261576,0.9146687421778649,0.9369730015434202,0.9549070106884884,0.955007900862439,0.962347979979472,0.9710483855027954,0.9710651758774909,0.9625612802321015,0.9625274480395415,1.0,0.9702136998707385
2,11,2.1668335933685303,0.21788540677429566,3159,2.2766969203948975,0.19462025316455697,632,2.2764640337304223,0.19,0.9711038308381201,0.0824626893969336,,,0.8841878476493772,,0.8842402336980739,0.11575976630192608,0.9522871152209282,0.1459511195119473,10,0.025,0.15,0.8247664087633723,0.9007553422249994,0.927856250358305,0.9483348833808258,0.9484880324023692,0.9642417359419997,0.9670722980088226,0.963577767484488,0.9673449532126392,0.9562869815796512,0.9702136998707385,1.0
3,0,1.957658287110152,0.294609203798393,6845,2.256255106492476,0.2366691015339664,1369,2.255674015117597,0.2313,0.9122926004720375,0.0788199944495712,,,0.8,,0.8000115528708884,0.19998844712911157,0.9806951645655498,0.14532290133609796,10,0.025,0.15,1.0,0.9295745018732672,0.9154305953046497,0.8977832179656356,0.8957011387722923,0.8687481790111696,0.8688589220716342,0.8709378415136191,0.8507805876210056,0.8422158980326994,0.8491968751163574,0.8276291411637975
3,1,2.006221403354822,0.27866009492515514,5478,2.2594913641611734,0.22171532846715328,1096,2.2555751166766203,0.231,0.9604090706230909,0.08374942767117478,,,0.9268093975663925,,0.926853823175059,0.07314617682494096,0.9810490234407754,0.1454302576357783,10,0.025,0.15,0.9295745018732672,1.0,0.9531981057220772,0.9396814211122932,0.9413497655634859,0.9270845981962595,0.9281333493273132,0.9271833720493793,0.9109725581093007,0.9044253173863616,0.9126317850856837,0.8970943803965545
3,2,2.0028887711073224,0.278402489626556,4820,2.2539192140102386,0.21887966804979253,964,2.255572982981235,0.231,0.9766284186064043,0.08493555232284236,,,0.9573223887673732,,0.9573534023204766,0.04264659767952339,0.9810986484497362,0.1454358268164776,10,0.025,0.15,0.9154305953046497,0.9531981057220772,1.0,0.9590018765823748,0.9587691223498184,0.9445107883172582,0.9501487486145063,0.9484509152970355,0.9347497106227117,0.9286532755876767,0.9374393238485536,0.9284519384645273
3,3,2.025492136478424,0.2714707217430776,4406,2.2559774262564525,0.23723041997729852,881,2.2555734809440904,0.231,0.9801414963442101,0.0850396385017151,,,0.959999999974275,,0.9600270667260814,0.0399729332739186,0.9811025736970835,0.1454359439417476,10,0.025,0.15,0.8977832179656356,0.9396814211122932,0.9590018765823748,1.0,0.9597377415826056,0.9547452060084377,0.9527972447954048,0.9573277010633577,0.9441568023542893,0.9422165280499503,0.9497320311836431,0.9422198356753434
3,4,2.0350318814768937,0.27534046692607006,4112,2.2557483400617326,0.22871046228710462,822,2.2555743380437923,0.2311,0.9824950086091603,0.08466809796124333,,,0.9504421400762582,,0.9504876961925038,0.04951230380749616,0.9810637184856417,0.14543545524216173,10,0.025,0.15,0.8957011387722923,0.9413497655634859,0.9587691223498184,0.9597377415826056,1.0,0.9581367897793389,0.9622561039801132,0.9580837244844359,0.9514017247474335,0.9465304551029139,0.950143346225746,0.9449628163716995
3,5,2.0505931954230032,0.2636410388274621,3889,2.2585901532854353,0.2416452442159383,778,2.2555903996093365,0.2312,0.9775785259862665,0.0837684385089266,,,0.9272984503183345,,0.9273324421118648,0.07266755788813517,0.980990649010896,0.14543026104725673,10,0.025,0.15,0.8687481790111696,0.9270845981962595,0.9445107883172582,0.9547452060084377,0.9581367897793389,1.0,0.9583957758455188,0.956924811836774,0.9478147171190229,0.9488640507983144,0.9537196736758605,0.9509462318745124
3,6,2.0687715637272803,0.2659390999730531,3711,2.256678024927775,0.2210242587601078,742,2.255587728717659,0.2311,0.9792480337682349,0.08401844075064094,,,0.9337297441886123,,0.9337690416068393,0.06623095839316073,0.9810314211910204,0.14543114997816464,10,0.025,0.15,0.8688589220716342,0.9281333493273132,0.9501487486145063,0.9527972447954048,0.9622561039801132,0.9583957758455188,1.0,0.9600030302193575,0.9502455290455868,0.9458486317428515,0.9594388087039862,0.9529857318336042
3,7,2.056768873333931,0.2641694725028058,3564,2.2544873158137,0.22720897615708274,713,2.255599199971066,0.2313,0.9798769648181802,0.08362464683623276,,,0.9235994174742629,,0.9236355234275717,0.07636447657242829,0.9809851205861201,0.14542974831905908,10,0.025,0.15,0.8709378415136191,0.9271833720493793,0.9484509152970355,0.9573277010633577,0.9580837244844359,0.956924811836774,0.9600030302193575,1.0,0.9558305224191443,0.9521813121406125,0.959079560312613,0.95093480060155
3,8,2.046572219000922,0.2766056378959605,3441,2.2527308464050293,0.22819767441860464,688,2.255617389196082,0.2312,0.9716411800094226,0.08275664866044345,,,0.9012702123075961,,0.9013137264610256,0.09868627353897441,0.9809519481060415,0.14542514404017606,10,0.025,0.15,0.8507805876210056,0.9109725581093007,0.9347497106227117,0.9441568023542893,0.9514017247474335,0.9478147171190229,0.9502455290455868,0.9558305224191443,1.0,0.9455656431366749,0.9548291471602421,0.9553467894602711
3,9,2.039465673323031,0.27075584883023396,3334,2.25463859240214,0.25037481259370314,667,2.2555986869184275,0.2313,0.9680739155995127,0.08312842798090508,,,0.9108342148076737,,0.9108943572477761,0.08910564275222388,0.9809627354286962,0.14542748038063064,10,0.025,0.15,0.8422158980326994,0.9044253173863616,0.9286532755876767,0.9422165280499503,0.9465304551029139,0.9488640507983144,0.9458486317428515,0.9521813121406125,0.9455656431366749,1.0,0.9542426017298404,0.9488238912560067
3,10,2.085387110710144,0.2503548287565566,3241,2.255230188369751,0.24228395061728394,648,2.255614208269723,0.2312,0.9749778473745193,0.08273751018209989,,,0.9007778760084758,,0.900810351372316,0.09918964862768398,0.9808497585772523,0.14542492838871368,10,0.025,0.15,0.8491968751163574,0.9126317850856837,0.9374393238485536,0.9497320311836431,0.950143346225746,0.9537196736758605,0.9594388087039862,0.959079560312613,0.9548291471602421,0.9542426017298404,1.0,0.9598713751372723
3,11,2.081934790611267,0.25584045584045584,3159,2.2564889907836916,0.22626582278481014,632,2.2556018105036095,0.2314,0.9680561303676309,0.08275317617420441,,,0.901180882790746,,0.9012229539040452,0.09877704609595483,0.9809512771793321,0.1454251428754544,10,0.025,0.15,0.8276291411637975,0.8970943803965545,0.9284519384645273,0.9422198356753434,0.9449628163716995,0.9509462318745124,0.9529857318336042,0.95093480060155,0.9553467894602711,0.9488238912560067,0.9598713751372723,1.0
4,0,1.910617768543738,0.31195032870708544,6845,2.2286520437760786,0.26223520818115414,1369,2.228183272518689,0.2596,0.9170042974370607,0.07896354029934347,,,0.8,,0.8000115528708884,0.19998844712911157,0.9871821449350664,0.14462474069303372,10,0.025,0.15,1.0,0.925655273619279,0.9153834700560903,0.8982038977073221,0.894606797341283,0.8678983234765348,0.8702462752121145,0.871809627899385,0.8505723726364653,0.8436136652221231,0.8548269572775622,0.831978439175882
4,1,1.9573704165081645,0.2960021905805038,5478,2.2335609330071344,0.25364963503649635,1096,2.227984947494314,0.2599,0.9562932004631188,0.08331130973740335,,,0.9208805995649988,,0.9209288508194287,0.07907114918057134,0.9880878889183903,0.14476241962883793,10,0.025,0.15,0.925655273619279,1.0,0.9443064029587823,0.928961607834953,0.9294854572413692,0.9166502389239215,0.9178485035675472,0.9191567045156658,0.8986055096365234,0.9008073600641736,0.9020054844940334,0.890608748621769
4,2,1.9531371041348107,0.2944605809128631,4820,2.225064605474472,0.258298755186722,964,2.227980022188983,0.2599,0.9737767275380117,0.08462007032573099,,,0.9572679395235504,,0.9573121420673038,0.04268785793269625,0.988147557418242,0.14477007747847487,10,0.025,0.15,0.9153834700560903,0.9443064029587823,1.0,0.9488170789905193,0.9476997584757797,0.9331032981392048,0.9427145711677646,0.9399385931860669,0.9245298320100115,0.9243706449200829,0.9312417334117712,0.9227341635559488
4,3,1.9784784974370684,0.2869723104857013,4406,2.2279104505266463,0.2542565266742338,881,2.2279803783078735,0.2598,0.97480389273452,0.0847183356302075,,,0.9599999999721971,,0.9600270667260814,0.0399729332739186,0.9881453372478726,0.1447702144697489,10,0.025,0.15,0.8982038977073221,0.928961607834953,0.9488170789905193,1.0,0.9455285656086512,0.9416891055858659,0.939297508281565,0.9474118829937755,0.933563853659895,0.9332899251535562,0.9373806061164082,0.9318578276114139
4,4,1.9795833992235587,0.2946498054474708,4112,2.22805118560791,0.2639902676399027,822,2.2279817484602145,0.2598,0.9748000539457535,0.08448735254890866,,,0.9535780004263253,,0.9536317274842798,0.04636827251572018,0.9881578533399512,0.14476985957323987,10,0.025,0.15,0.894606797341283,0.9294854572413692,0.9476997584757797,0.9455285656086512,1.0,0.942714825757708,0.9508252229915093,0.9439223896948854,0.9334958220354387,0.9306277150575406,0.937217811907707,0.9297894307299782
4,5,1.9982090338583915,0.2824890717408074,3889,2.23112906728472,0.25578406169665807,778,2.2280039425137677,0.2593,0.9705624992264441,0.08378976745686695,,,0.934183111765616,,0.9342229043917414,0.06577709560825862,0.9881123899569838,0.1447653693787556,10,0.025,0.15,0.8678983234765348,0.9166502389239215,0.9331032981392048,0.9416891055858659,0.942714825757708,1.0,0.9454056848997826,0.9436147809061551,0.9320322970099245,0.9356514020736898,0.9393967045182461,0.9383977774176095
4,6,2.0117705702781676,0.2839935327405012,3711,2.228960315386454,0.2722371967654987,742,2.2279986852332008,0.2594,0.9739366375179321,0.08405545050356655,,,0.9415698709847605,,0.9416167417603274,0.05838325823967261,0.9881132623794856,0.14476849440315417,10,0.025,0.15,0.8702462752121145,0.9178485035675472,0.9427145711677646,0.939297508281565,0.9508252229915093,0.9454056848997826,1.0,0.9523455681290542,0.9343122300225757,0.935609438696704,0.9447240937867308,0.9420438132684701
4,7,2.000202832903181,0.2819023569023569,3564,2.2276604970296225,0.2552594670406732,713,2.2280146290984333,0.2593,0.975747107782501,0.08386997313203368,,,0.9364130621438025,,0.9364509580630787,0.06354904193692135,0.988113342249475,0.1447656724386807,10,0.025,0.15,0.871809627899385,0.9191567045156658,0.9399385931860669,0.9474118829937755,0.9439223896948854,0.9436147809061551,0.9523455681290542,1.0,0.9452882793161294,0.9431305670195903,0.9493036277992948,0.9408485103441477
4,8,1.9904503915044995,0.2947108398721302,3441,2.2254262367884317,0.24709302325581395,688,2.228043824811525,0.2593,0.9646699540899925,0.08296838715753241,,,0.9113463573173987,,0.9113977323364856,0.08860226766351442,0.9880161855578464,0.14475947384703614,10,0.025,0.15,0.8505723726364653,0.8986055096365234,0.9245298320100115,0.933563853659895,0.9334958220354387,0.9320322970099245,0.9343122300225757,0.9452882793161294,1.0,0.9330934699730068,0.9417988752697515,0.9415906430616062
4,9,1.9820003544842755,0.2912117576484703,3334,2.2275763750076294,0.280359820089955,667,2.2280188482018968,0.2594,0.9639757594730793,0.08317669099418619,,,0.9171378080889084,,0.9171906718819627,0.08280932811803732,0.9880369322718385,0.14476127987069154,10,0.025,0.15,0.8436136652221231,0.9008073600641736,0.9243706449200829,0.9332899251535562,0.9306277150575406,0.9356514020736898,0.935609438696704,0.9431305670195903,0.9330934699730068,1.0,0.9412958000519864,0.9386755858938183
4,10,2.030417864597761,0.2738043813637766,3241,2.227691650390625,0.2700617283950617,648,2.22803906851177,0.2594,0.9694681595173079,0.08311340992819188,,,0.9153784109296337,,0.9154164809955274,0.08458351900447258,0.988017625108234,0.14476078505454248,10,0.025,0.15,0.8548269572775622,0.9020054844940334,0.9312417334117712,0.9373806061164082,0.937217811907707,0.9393967045182461,0.9447240937867308,0.9493036277992948,0.9417988752697515,0.9412958000519864,1.0,0.9451294685663795
4,11,2.0243867082595823,0.2764798987021209,3159,2.229651355743408,0.24525316455696203,632,2.2280212354056443,0.2593,0.9634309990808417,0.0829257122860283,,,0.9101598721260223,,0.9102176890957403,0.0897823109042597,0.9880180326087868,0.14475919245951865,10,0.025,0.15,0.831978439175882,0.890608748621769,0.9227341635559488,0.9318578276114139,0.9297894307299782,0.9383977774176095,0.9420438132684701,0.9408485103441477,0.9415906430616062,0.9386755858938183,0.9451294685663795,1.0
5,0,1.875252828112355,0.3227757487216947,6845,2.19490122795105,0.28195763330898466,1369,2.1947816776323923,0.2832,0.9207123653668341,0.0792923010866272,,,0.8,,0.8000115528708884,0.19998844712911157,0.988932998982535,0.1440528841532697,10,0.025,0.15,1.0,0.9217168500409897,0.9151103929685614,0.9017185949626396,0.8910856682640788,0.8649867746035949,0.8689679135704602,0.8707166543829783,0.8556895801386026,0.8411284651323505,0.8575365107517589,0.8373228828648188
5,1,1.9176891859187637,0.310478276743337,5478,2.202046102947659,0.27645985401459855,1096,2.1944463192662105,0.2834,0.954550688758024,0.0831060936852438,,,0.9158529150205267,,0.9158868478816986,0.08411315211830139,0.9899422848690894,0.14418356841707639,10,0.025,0.15,0.9217168500409897,1.0,0.9365485916595817,0.925045158394836,0.9244849707089917,0.9097068001880906,0.9129650614593905,0.9108583748453292,0.8949415867613596,0.8873521266847071,0.8999170737028184,0.8872527438910844
5,2,1.9156865336393054,0.30892116182572615,4820,2.1899797916412354,0.26348547717842324,964,2.1944405519509615,0.2833,0.9701676914584523,0.08443199215083153,,,0.9561301976171999,,0.9561733590797313,0.04382664092026867,0.989995366613924,0.14419287863135014,10,0.025,0.15,0.9151103929685614,0.9365485916595817,1.0,0.9431591751798009,0.9392792349720935,0.9234059605546601,0.9332958013189705,0.9304810085222099,0.9185946460819624,0.9078932383629006,0.9253537401299351,0.9159418212258298
5,3,1.9383395756993975,0.29954607353608714,4406,2.1937643459865024,0.29511918274687854,881,2.194441728954074,0.2833,0.9721902617631679,0.08455938319288829,,,0.9599999999696226,,0.9600270667260814,0.0399729332739186,0.9899950150015073,0.14419323624174174,10,0.025,0.15,0.9017185949626396,0.925045158394836,0.9431591751798009,1.0,0.9370236274494441,0.93175629466984,0.9307399253945652,0.9378424300584134,0.9286733241136423,0.9230695579459047,0.929898020460737,0.9227750327346596
5,4,1.9343789653344587,0.30727140077821014,4112,2.1947712898254395,0.28588807785888076,822,2.194443053837064,0.2832,0.9700821548489046,0.08434660298156829,,,0.953536300881988,,0.9535822151804724,0.04641778481952763,0.9899846840216525,0.14419259560720052,10,0.025,0.15,0.8910856682640788,0.9244849707089917,0.9392792349720935,0.9370236274494441,1.0,0.930548726245593,0.941682025005702,0.9353028978898996,0.929280655811544,0.9133140343939801,0.9240749708497694,0.9208706553717435
5,5,1.957019547493227,0.29465158138338904,3889,2.1979591846466064,0.28406169665809766,778,2.194474730310561,0.2832,0.9638395700784418,0.08370805453395096,,,0.9341388907907485,,0.9341733920879338,0.06582660791206618,0.9899586816672061,0.14418793126431656,10,0.025,0.15,0.8649867746035949,0.9097068001880906,0.9234059605546601,0.93175629466984,0.930548726245593,1.0,0.933702101953869,0.9324655544414862,0.9173952328191926,0.9184695887946758,0.928492897552063,0.9236174656385897
5,6,1.9677523670525385,0.2975747776879547,3711,2.194949984550476,0.28975741239892183,742,2.194464831412593,0.2831,0.9688565085145856,0.08403769679099538,,,0.9441525492173747,,0.9442078856595864,0.055792114340413645,0.9899689113519277,0.1441912840954473,10,0.025,0.15,0.8689679135704602,0.9129650614593905,0.9332958013189705,0.9307399253945652,0.941682025005702,0.933702101953869,1.0,0.9432825354657716,0.92410644750567,0.917251838705981,0.9345912699854282,0.9315563553512665
5,7,1.9571946046182087,0.29421997755331086,3564,2.194857120513916,0.2805049088359046,713,2.1944854772543607,0.2831,0.9713104136767292,0.08400264716308846,,,0.9430878343807907,,0.9431433711277253,0.05685662887227472,0.9899517613299291,0.1441911494054241,10,0.025,0.15,0.8707166543829783,0.9108583748453292,0.9304810085222099,0.9378424300584134,0.9353028978898996,0.9324655544414862,0.9432825354657716,1.0,0.9366566300785661,0.9312796554838491,0.9426576009705772,0.9292343093946311
5,8,1.9474748805717186,0.309299622202848,3441,2.192695736885071,0.2819767441860465,688,2.194523062887071,0.2833,0.9614837745101689,0.08311976934234948,,,0.9162683452516013,,0.9162994504134278,0.08370054958657225,0.9899415218429071,0.14418357572631893,10,0.025,0.15,0.8556895801386026,0.8949415867613596,0.9185946460819624,0.9286733241136423,0.929280655811544,0.9173952328191926,0.92410644750567,0.9366566300785661,1.0,0.9238682909881503,0.9302091993605702,0.9285170266306946
5,9,1.9493314809269375,0.302129574085183,3334,2.1946234703063965,0.30134932533733133,667,2.1944914135751845,0.2833,0.9553690156549041,0.08304912457024834,,,0.9141223442388964,,0.9141539172484362,0.0858460827515638,0.9899488429131008,0.14418282474767322,10,0.025,0.15,0.8411284651323505,0.8873521266847071,0.9078932383629006,0.9230695579459047,0.9133140343939801,0.9184695887946758,0.917251838705981,0.9312796554838491,0.9238682909881503,1.0,0.9293630260415281,0.923992965811027
5,10,1.985233222062771,0.28790496760259177,3241,2.1941522359848022,0.29475308641975306,648,2.1945184967185876,0.2833,0.9656323516005743,0.08334588680601106,,,0.9231371947301347,,0.9231816606426697,0.07681833935733029,0.9899494781583422,0.1441854409930104,10,0.025,0.15,0.8575365107517589,0.8999170737028184,0.9253537401299351,0.929898020460737,0.9240749708497694,0.928492897552063,0.9345912699854282,0.9426576009705772,0.9302091993605702,0.9293630260415281,1.0,0.9334628317911065
5,11,1.9808154058456422,0.2866729977841089,3159,2.19681339263916,0.27056962025316456,632,2.1944945552681068,0.2833,0.9586513676027651,0.08300044769619723,,,0.9126436697679895,,0.9126850522354805,0.08731494776451953,0.9899364874339209,0.14418254737276753,10,0.025,0.15,0.8373228828648188,0.8872527438910844,0.9159418212258298,0.9227750327346596,0.9208706553717435,0.9236174656385897,0.9315563553512665,0.9292343093946311,0.9285170266306946,0.923992965811027,0.9334628317911065,1.0
6,0,1.841078961999328,0.3356464572680789,6845,2.1566214344718238,0.30168005843681517,1369,2.1567363708834106,0.3,0.9228445858812149,0.07966657504686465,,,0.8,,0.8000115528708884,0.19998844712911157,0.9903039073102016,0.1435629999703211,10,0.025,0.15,1.0,0.9196883944181328,0.9122596687218572,0.9011881355018635,0.8921811595769729,0.8629774057557222,0.8676735515442832,0.871698963146344,0.8532798975164205,0.8369151138115343,0.8592670411303066,0.8375943730378425
6,1,1.8826710795247277,0.3215954728002921,5478,2.16603774494595,0.291970802919708,1096,2.156203758867481,0.3001,0.9553548093513625,0.08310890157955088,,,0.9147961240905983,,0.9148388374511066,0.08516116254889339,0.9908484457351958,0.143695624363596,10,0.025,0.15,0.9196883944181328,1.0,0.9321487994618182,0.9218010870822452,0.9202311592418493,0.9063276962598098,0.908764052151147,0.909018546880782,0.8943191261889483,0.8841709485641479,0.8987617402678698,0.8882965509645725
6,2,1.8787762205851706,0.31850622406639006,4820,2.1500295102596283,0.2883817427385892,964,2.156175070171115,0.3004,0.9677692261361391,0.08434212054617737,,,0.9559220185051706,,0.9559588057632321,0.04404119423676789,0.9909596688797645,0.14370916837656392,10,0.025,0.15,0.9122596687218572,0.9321487994618182,1.0,0.9396279078826172,0.9305045644527979,0.9160559333671505,0.9262011308127488,0.9252804948656054,0.9120085286711681,0.8993601869403132,0.9200789948193713,0.9107636457656295
6,3,1.9023816238130842,0.30941897412619157,4406,2.15435985156468,0.31214528944381387,881,2.1561747864831853,0.3004,0.9690777987471835,0.08446440467289214,,,0.9599999999666515,,0.9600270667260814,0.0399729332739186,0.9909711361150899,0.14370951712186278,10,0.025,0.15,0.9011881355018635,0.9218010870822452,0.9396279078826172,1.0,0.9300342479393159,0.9219562827348171,0.9211339804619232,0.9325303343034952,0.9217502499808904,0.9084707070621136,0.9236290055955235,0.9165975951525449
6,4,1.8984926780064901,0.3205982490272374,4112,2.1566169261932373,0.2980535279805353,822,2.1561808405043204,0.3002,0.9661196577404008,0.08423482399696254,,,0.9523438489558259,,0.9523856678384579,0.047614332161542094,0.9909586295111358,0.14370864712890513,10,0.025,0.15,0.8921811595769729,0.9202311592418493,0.9305045644527979,0.9300342479393159,1.0,0.9185239631230085,0.9331779000348651,0.9282751540449972,0.9207836230473794,0.9029005901572911,0.9149041872208672,0.9129646685820023
6,5,1.9218222906512599,0.30578554898431476,3889,2.1600681373051236,0.3097686375321337,778,2.1562338418598417,0.3,0.9581815075034147,0.0835766554183757,,,0.9303949719092813,,0.9304352131504678,0.06956478684953216,0.9908898432393717,0.14370205250008783,10,0.025,0.15,0.8629774057557222,0.9063276962598098,0.9160559333671505,0.9219562827348171,0.9185239631230085,1.0,0.9238190882305788,0.9228855099741017,0.9081219927682657,0.9045262589646396,0.9153140616281586,0.9122814885266114
6,6,1.930389285498652,0.30762597682565346,3711,2.156286915143331,0.3059299191374663,742,2.156211940548088,0.3,0.9645907167041424,0.08399221826191924,,,0.9442533329049305,,0.944315162317836,0.055684837682164035,0.9909262770833903,0.14370724971808752,10,0.025,0.15,0.8676735515442832,0.908764052151147,0.9262011308127488,0.9211339804619232,0.9331779000348651,0.9238190882305788,1.0,0.9353851526998143,0.9145434978035665,0.9077389433743077,0.9244346383633306,0.9232060010423125
6,7,1.9192397760493414,0.30650953984287316,3564,2.1578423579533896,0.2959326788218794,713,2.1562361083453214,0.2998,0.9680693130454308,0.08408445281376312,,,0.9473292087576048,,0.9473684210526315,0.052631578947368474,0.9909294061807642,0.14370776748565017,10,0.025,0.15,0.871698963146344,0.909018546880782,0.9252804948656054,0.9325303343034952,0.9282751540449972,0.9228855099741017,0.9353851526998143,1.0,0.9292326930803502,0.9178022207289429,0.93410811778673,0.9200429191561031
6,8,1.908529477649265,0.32051729148503344,3441,2.155602971712748,0.28488372093023256,688,2.1562958095647113,0.3,0.9576245284711882,0.08319185261749011,,,0.9175624094950469,,0.9176115264643264,0.08238847353567358,0.9908512975859943,0.1436971143056828,10,0.025,0.15,0.8532798975164205,0.8943191261889483,0.9120085286711681,0.9217502499808904,0.9207836230473794,0.9081219927682657,0.9145434978035665,0.9292326930803502,1.0,0.9113577689853088,0.9221718823931873,0.9190682256981919
6,9,1.9114506165186564,0.31109778044391123,3334,2.156578858693441,0.30884557721139433,667,2.1562623917301997,0.3001,0.9482829806018475,0.08284150181835317,,,0.9058787666357568,,0.9059266227657573,0.0940733772342427,0.990823420615624,0.14369151240109265,10,0.025,0.15,0.8369151138115343,0.8841709485641479,0.8993601869403132,0.9084707070621136,0.9029005901572911,0.9045262589646396,0.9077389433743077,0.9178022207289429,0.9113577689853088,1.0,0.9151885232176906,0.9107746407345754
