round,client_id,client_i_training_loss,client_i_training_accuracy,client_i_training_dataset_size,client_i_evaluation_loss,client_i_evaluation_accuracy,client_i_evaluation_dataset_size,client_i_central_evaluation_loss,client_i_central_evaluation_accuracy,client_i_cosine_similarity,client_i_importance_coefficient,client_i_tanh_val,tanh_normalization_value,client_i_q,client_i_mask_order,client_i_v_nonzero_fraction,client_i_v_sparsity,client_i_v_cosine_similarity,client_i_reward_gradient_norm,local_epochs,learning_rate,gamma,client_0_cosine_similarity,client_1_cosine_similarity,client_2_cosine_similarity,client_3_cosine_similarity,client_4_cosine_similarity,client_5_cosine_similarity,client_6_cosine_similarity,client_7_cosine_similarity,client_8_cosine_similarity,client_9_cosine_similarity,client_10_cosine_similarity,client_11_cosine_similarity
0,0,0.27674306267437593,0.9151205259313367,8214,2.1859680220138196,0.27611395178962744,1369,2.1814464761045413,0.2793,0.8047511676511513,0.08722550165432724,,,0.9599999999879811,,0.9600020079313287,0.03999799206867127,0,0.3872120454001962,5,0.1,0.5,1.0,0.5952903770983967,0.5858902659094221,0.5701556002694028,0.5825190714549228,0.5801949068897172,0.5764327743985013,0.575009010543973,0.35622953044791256,0.5776275926223791,0.5751884102704635,0.5897193676268562
0,1,0.30067068808486014,0.9028597505324004,6574,2.1887974398476735,0.2728102189781022,1096,2.181446423545813,0.2793,0.8037597751013803,0.08711804643591167,,,0.9587085154811859,,0.9587219517092516,0.04127804829074844,0,0.3872119516614603,5,0.1,0.5,0.5952903770983967,1.0,0.5997889467661225,0.5745230409133723,0.6005301512242179,0.5959459805557045,0.6055950684464989,0.5991772635457607,0.36231031607976927,0.5829153330867802,0.5899985243452341,0.5935992630523164
0,2,0.31621881861301415,0.9020923396161162,5783,2.1793553906102336,0.27593360995850624,964,2.1814463199517977,0.2793,0.8034416929446899,0.08708357009490109,,,0.9582941506795253,,0.9583053059585362,0.04169469404146375,0,0.38721191414981393,5,0.1,0.5,0.5858902659094221,0.5997889467661225,1.0,0.5925836681906965,0.5992574069538569,0.6026472182362602,0.6147268385420768,0.6108145148374771,0.37476427720789984,0.5934717536276306,0.5851569000472016,0.6181979210076978
0,3,0.34019198103819087,0.8912426707017213,5287,2.1821674278804233,0.282633371169126,881,2.181440633706772,0.2793,0.7792473497366957,0.08446118965192038,,,0.9267762424478863,,0.9267958435821495,0.0732041564178505,0,0.3872062971003179,5,0.1,0.5,0.5701556002694028,0.5745230409133723,0.5925836681906965,1.0,0.5828624527835399,0.5935361871700429,0.5893839054563188,0.5918881824110968,0.35697814548809337,0.5782911703959721,0.5725984309157645,0.5848198768307052
0,4,0.33060732975722323,0.8970212765957447,4935,2.178811412591201,0.26034063260340634,822,2.1814451827027925,0.2793,0.7905112453277771,0.0856820626161457,,,0.9414496900599365,,0.9414637819386577,0.05853621806134235,0,0.38720974314089607,5,0.1,0.5,0.5825190714549228,0.6005301512242179,0.5992574069538569,0.5828624527835399,1.0,0.603780471421427,0.5965329762116197,0.6084400954578171,0.36922746477797563,0.5969453111653148,0.5726088162669104,0.6068211338997821
0,5,0.3475852106710615,0.8887079494321835,4667,2.177980318069458,0.2827763496143959,778,2.1814447690884524,0.2793,0.7921306762467402,0.08585758976040989,,,0.9435593185236053,,0.9435771296621656,0.05642287033783444,0,0.38721012625105167,5,0.1,0.5,0.5801949068897172,0.5959459805557045,0.6026472182362602,0.5935361871700429,0.603780471421427,1.0,0.5993853295372409,0.6189236099887525,0.3698105503634845,0.5997332425882049,0.591343194515742,0.6096348446395404
0,6,0.35287602925140943,0.890860094318437,4453,2.1844018399715424,0.2695417789757412,742,2.18144406982885,0.2793,0.7930402054449205,0.08595617196043588,,,0.9447441598543165,,0.9447517694894835,0.05524823051051653,0,0.387210307728799,5,0.1,0.5,0.5764327743985013,0.6055950684464989,0.6147268385420768,0.5893839054563188,0.5965329762116197,0.5993853295372409,1.0,0.6255656400175245,0.37453257428609,0.5977137542471794,0.6055041272537144,0.6065824413066327
0,7,0.3536072838467671,0.8878653261631985,4277,2.1793577463730522,0.2762973352033661,713,2.1814443128177534,0.2793,0.794753738808512,0.08614189869591479,,,0.9469763753288694,,0.9469906129210381,0.053009387078961856,0,0.3872106363996377,5,0.1,0.5,0.575009010543973,0.5991772635457607,0.6108145148374771,0.5918881824110968,0.6084400954578171,0.6189236099887525,0.6255656400175245,1.0,0.3761611801477161,0.6043351136365338,0.6105397688618486,0.6081767508317147
0,8,0.5894177814372457,0.8550738677645919,4129,2.172373641620983,0.29505813953488375,688,2.1821739254668118,0.2704,0.5284014971535479,0.05727246820733438,,,0.6,,0.6,0.4,0,0.3853365439886314,5,0.1,0.5,0.35622953044791256,0.36231031607976927,0.37476427720789984,0.35697814548809337,0.36922746477797563,0.3698105503634845,0.37453257428609,0.3761611801477161,1.0,0.36481089462145744,0.3589390604974496,0.3642234404885152
0,9,0.42313774175468893,0.870532366908273,4001,2.1801630542391823,0.29685157421289354,667,2.1814397112630046,0.2794,0.777000482315075,0.08421765581701629,,,0.9238492540773194,,0.9238592440138548,0.07614075598614523,0,0.38720532752034237,5,0.1,0.5,0.5776275926223791,0.5829153330867802,0.5934717536276306,0.5782911703959721,0.5969453111653148,0.5997332425882049,0.5977137542471794,0.6043351136365338,0.36481089462145744,1.0,0.5840747055846994,0.5981441949688262
0,10,0.3926546317784757,0.8762663923887889,3889,2.1858555930001393,0.2623456790123457,648,2.1814394675123805,0.2795,0.7721467276798746,0.08369156626290222,,,0.917526280485683,,0.9175493198132624,0.08245068018673762,0,0.3872029734904631,5,0.1,0.5,0.5751884102704635,0.5899985243452341,0.5851569000472016,0.5725984309157645,0.5726088162669104,0.591343194515742,0.6055041272537144,0.6105397688618486,0.3589390604974496,0.5840747055846994,1.0,0.5968194322103191
0,11,0.37569283744742893,0.880506462674756,3791,2.1815699458122255,0.31170886075949367,632,2.1814416681234827,0.2794,0.7869150614045225,0.08529227884278051,,,0.9367649505775363,,0.9367802821143517,0.06321971788564829,0,0.38720884953477946,5,0.1,0.5,0.5897193676268562,0.5935992630523164,0.6181979210076978,0.5848198768307052,0.6068211338997821,0.6096348446395404,0.6065824413066327,0.6081767508317147,0.3642234404885152,0.5981441949688262,0.5968194322103191,1.0
1,0,0.24876636812456154,0.923009495982469,8214,2.0252219854399214,0.6428049671292915,1369,2.020504087685777,0.6418,0.7932531819543033,0.08537106498468133,,,0.9493003652320005,,0.9493147934340646,0.05068520656593545,0.9577685299735489,0.4044954148699672,5,0.1,0.5,1.0,0.6111638948199524,0.6143413154171579,0.6135918261767219,0.6066519507659338,0.6222087924129107,0.5998383301024411,0.609096737712036,0.5978581676195073,0.5882495043887576,0.6019163961248535,0.6138908909843664
1,1,0.27047196096894377,0.9168238515363554,6574,2.0259348835263933,0.6204379562043796,1096,2.0205054629725008,0.6417,0.8091718456166068,0.0858545080679118,,,0.9579054502704623,,0.9579187791777521,0.042081220822247856,0.9577722068272012,0.4044965751901853,5,0.1,0.5,0.6111638948199524,1.0,0.6240252242400546,0.6354992475336166,0.622296471742953,0.6226934080266961,0.6236279662193865,0.6291010206944385,0.624378902587077,0.5963229102480853,0.6303359126349686,0.6197396003058534
1,2,0.274906372485775,0.914888466194017,5783,2.018756539590897,0.6379668049792531,964,2.0205034200375835,0.6418,0.8132046775607011,0.0859721821601603,,,0.9599999999822004,,0.9600020079313287,0.03999799206867127,0.9577725639558957,0.4044968017491486,5,0.1,0.5,0.6143413154171579,0.6240252242400546,1.0,0.6361530457083958,0.6289343668810419,0.6326529351089136,0.6244938750142768,0.633713703185181,0.6283792809152905,0.60243563936975,0.6230492507798139,0.6304490283584062
1,3,0.30103200223235166,0.9083033856629469,5287,2.020521696124758,0.637911464245176,881,2.0204983317433074,0.6417,0.8129617057602953,0.08422792188983459,,,0.9289528954191013,,0.9289644094171979,0.07103559058280207,0.9577462901340098,0.40449057931048976,5,0.1,0.5,0.6135918261767219,0.6354992475336166,0.6361530457083958,1.0,0.6274269050277679,0.6346104544395138,0.6310272626900059,0.6308063956117941,0.6278072656038999,0.6064108525331748,0.6239540506469243,0.6198450926382834
1,4,0.2895520338950859,0.9118946301925025,4935,2.020513837154095,0.6411192214111923,822,2.0205042720221864,0.6417,0.8123996979204495,0.08501645824240665,,,0.9429885132718991,,0.9429998494051504,0.05700015059484964,0.9577608410916494,0.404494245727746,5,0.1,0.5,0.6066519507659338,0.622296471742953,0.6289343668810419,0.6274269050277679,1.0,0.6383789415039259,0.6297722179162946,0.6322325547028249,0.6351771342815605,0.603138359572859,0.6276253352577887,0.6278453953226353
1,5,0.3066072457125538,0.9045639597171631,4667,2.0178787755966185,0.6452442159383034,778,2.0205051521904553,0.6417,0.8216170059234993,0.08545375216374068,,,0.9507721624964097,,0.9507906229606947,0.04920937703930528,0.957767417960241,0.4044956376867549,5,0.1,0.5,0.6222087924129107,0.6226934080266961,0.6326529351089136,0.6346104544395138,0.6383789415039259,1.0,0.6415855814004141,0.6444665514626106,0.6337226716165921,0.6180255908911703,0.6318528194136178,0.6451698313236722
1,6,0.3102825857539262,0.906175611947002,4453,2.023868888616562,0.6388140161725068,742,2.0205034341294166,0.6417,0.8116852052823923,0.08517300434521158,,,0.9457749685420307,,0.9457908739521108,0.05420912604788919,0.9577666472408972,0.40449482663111364,5,0.1,0.5,0.5998383301024411,0.6236279662193865,0.6244938750142768,0.6310272626900059,0.6297722179162946,0.6415855814004141,1.0,0.6387287410392261,0.6301616662852167,0.6086707435321531,0.6188249034262333,0.623206771529738
1,7,0.3105794326694154,0.9019406125789105,4277,2.0212984966195147,0.6619915848527349,713,2.0205063240977523,0.6417,0.818700618706066,0.0855403406262428,,,0.9523134009772698,,0.9523266904271874,0.04767330957281257,0.9577708826986863,0.40449585645090846,5,0.1,0.5,0.609096737712036,0.6291010206944385,0.633713703185181,0.6308063956117941,0.6322325547028249,0.6444665514626106,0.6387287410392261,1.0,0.644853194139707,0.6184016463116069,0.6274420668583436,0.6314074777682586
1,8,0.3454843305404155,0.8956648098813272,4129,2.0069603703238745,0.6569767441860465,688,2.023568349524428,0.626,0.7990606041607076,0.06574698866393543,,,0.6,,0.6,0.4,0.9530592038502869,0.40229420881976274,5,0.1,0.5,0.5978581676195073,0.624378902587077,0.6283792809152905,0.6278072656038999,0.6351771342815605,0.6337226716165921,0.6301616662852167,0.644853194139707,1.0,0.6104994545297723,0.6181417622255486,0.6234830371177519
1,9,0.3424253469021688,0.8980754811297176,4001,2.0186997254689536,0.6281859070464768,667,2.0204994088163772,0.6418,0.7913624461039945,0.08331425469688587,,,0.912690000851162,,0.9127051854826564,0.08729481451734356,0.9577386975195965,0.40448432503664844,5,0.1,0.5,0.5882495043887576,0.5963229102480853,0.60243563936975,0.6064108525331748,0.603138359572859,0.6180255908911703,0.6086707435321531,0.6184016463116069,0.6104994545297723,1.0,0.6121549673938436,0.6158101113372405
1,10,0.3471284274500413,0.8913345332990485,3889,2.0281622409820557,0.6296296296296297,648,2.0205042011821615,0.6419,0.8083980829631202,0.083559509757987,,,0.9170554385419569,,0.9170774559510064,0.08292254404899357,0.9577407529049672,0.4044863147719811,5,0.1,0.5,0.6019163961248535,0.6303359126349686,0.6230492507798139,0.6239540506469243,0.6276253352577887,0.6318528194136178,0.6188249034262333,0.6274420668583436,0.6181417622255486,0.6121549673938436,1.0,0.6296355429934469
1,11,0.3337121131070772,0.8984436824056977,3791,2.02177631855011,0.6503164556962026,632,2.020499837665131,0.6418,0.8127315308838128,0.08477001440100222,,,0.9386019157880349,,0.9386175392801566,0.061382460719843435,0.9577575713345903,0.4044932934957007,5,0.1,0.5,0.6138908909843664,0.6197396003058534,0.6304490283584062,0.6198450926382834,0.6278453953226353,0.6451698313236722,0.623206771529738,0.6314074777682586,0.6234830371177519,0.6158101113372405,0.6296355429934469,1.0
2,0,0.23000447809667207,0.9288044801558315,8214,1.8310653608898784,0.8217677136596055,1369,1.8265374430452292,0.8278,0.7939193855069552,0.08459358988155807,,,0.9393990325326886,,0.9394056523266904,0.06059434767330962,0.9672643280387193,0.3997813959823836,5,0.1,0.5,1.0,0.6118076469357343,0.617388611885512,0.6102425293485368,0.6138520890929539,0.6190938456742865,0.6039628375790985,0.6101516272046223,0.4745404061582838,0.602308611690223,0.604770737505744,0.6108553925169441
2,1,0.24173034665771553,0.9256464861575905,6574,1.8289917775562832,0.8366788321167883,1096,1.8265191625101498,0.8279,0.812304051297993,0.08555893828283133,,,0.9573416395685753,,0.9573565584057026,0.04264344159429745,0.9672679285118285,0.3997852095968841,5,0.1,0.5,0.6118076469357343,1.0,0.643649054011946,0.6293741314713323,0.6304910955145281,0.6327180145067846,0.6229451894739353,0.6356845527064349,0.48798006043969044,0.6146783666428871,0.6260082020026033,0.6176344948588276
2,2,0.2517102841740649,0.9227044786443023,5783,1.8255804200326242,0.828838174273859,964,1.8265167585196205,0.8278,0.8141530022833772,0.08570196342791803,,,0.9599999999814133,,0.9600020079313287,0.03999799206867127,0.9672693383103591,0.3997855622939397,5,0.1,0.5,0.617388611885512,0.643649054011946,1.0,0.6285133247521653,0.6262492140492475,0.6356841404046438,0.6285327658318457,0.6310333859961661,0.4785900369778548,0.6210851458293914,0.6263529557526626,0.6308041121800636
2,3,0.2707041084777609,0.9167391715528656,5287,1.826054415532521,0.8217934165720772,881,1.826526122733046,0.828,0.8068660015776292,0.084286405449999,,,0.9336894985077326,,0.9337031273530445,0.0662968726469555,0.9672483084761926,0.39977956878065,5,0.1,0.5,0.6102425293485368,0.6293741314713323,0.6285133247521653,1.0,0.6225604619357605,0.6399923448112407,0.618119726528658,0.6268233541566492,0.47385241788651616,0.6223733820688053,0.6123001214810143,0.6216971166402365
2,4,0.25974216040223835,0.9210942249240122,4935,1.8285078085385835,0.8272506082725061,822,1.8265221217950693,0.8278,0.8139786634705539,0.08506004220561211,,,0.9480688254700766,,0.9480849354952061,0.051915064504793884,0.967265403381824,0.3997836060955362,5,0.1,0.5,0.6138520890929539,0.6304910955145281,0.6262492140492475,0.6225604619357605,1.0,0.6403402028134161,0.6274186753260533,0.640360856644921,0.4924646533182446,0.6126409854441257,0.6364538118920254,0.6307711867684838
2,5,0.2704928039847427,0.9182344118277266,4667,1.8257808542251588,0.8084832904884319,778,1.8265191552738032,0.8277,0.8230213278920885,0.08566758479363615,,,0.9593610158337869,,0.959369509562773,0.040630490437226996,0.9672713334212419,0.39978548963313537,5,0.1,0.5,0.6190938456742865,0.6327180145067846,0.6356841404046438,0.6399923448112407,0.6403402028134161,1.0,0.6406275443833377,0.6405786621442695,0.49547981836635674,0.6283685142658353,0.6369269644064633,0.6480315059652518
2,6,0.27870293219839887,0.9170896025151584,4453,1.8310433626174927,0.8153638814016172,742,1.8265251637266848,0.8278,0.8101025073298577,0.08502846696447576,,,0.9474819470508182,,0.9474976155815471,0.052502384418452896,0.9672692579637866,0.39978344620303274,5,0.1,0.5,0.6039628375790985,0.6229451894739353,0.6285327658318457,0.618119726528658,0.6274186753260533,0.6406275443833377,1.0,0.6347491461541008,0.4788040360340595,0.6220888989177887,0.623365738820158,0.632804006131181
2,7,0.27501983056261914,0.9146130465279402,4277,1.830341691556184,0.8330995792426368,713,1.826522124841952,0.8278,0.8170485302646239,0.08551605613157941,,,0.9565446034024079,,0.9565634255308468,0.043436574469153166,0.9672681951777864,0.3997851089934578,5,0.1,0.5,0.6101516272046223,0.6356845527064349,0.6310333859961661,0.6268233541566492,0.640360856644921,0.6405786621442695,0.6347491461541008,1.0,0.4923294154808596,0.6279627030724827,0.6348662833461209,0.6258890497515713
2,8,0.39083141169750607,0.8953257447323807,4129,1.8088052597912876,0.8372093023255814,688,1.8330686141888555,0.8163,0.645266224343377,0.06633323826187323,,,0.6,,0.6,0.4,0.9621735119220484,0.39740544277138656,5,0.1,0.5,0.4745404061582838,0.48798006043969044,0.4785900369778548,0.47385241788651616,0.4924646533182446,0.49547981836635674,0.4788040360340595,0.4923294154808596,1.0,0.4706721898864079,0.47921446461190537,0.47619403683043177
2,9,0.31868042510875044,0.9068732816795801,4001,1.8238949378331502,0.848575712143928,667,1.8265274923068646,0.8281,0.8025359968432965,0.0835269554976111,,,0.9195738568998468,,0.9195873701119421,0.08041262988805786,0.9672282895029848,0.39977343066682114,5,0.1,0.5,0.602308611690223,0.6146783666428871,0.6210851458293914,0.6223733820688053,0.6126409854441257,0.6283685142658353,0.6220888989177887,0.6279627030724827,0.4706721898864079,1.0,0.6195728542021709,0.6271587315084135
2,10,0.30769897381026967,0.9056826947801492,3889,1.8379159143992834,0.8287037037037037,648,1.8265401604838265,0.8282,0.8087887553290143,0.08390905318389529,,,0.9266757784706248,,0.926695447015712,0.07330455298428795,0.9672414127011817,0.3997768234617562,5,0.1,0.5,0.604770737505744,0.6260082020026033,0.6263529557526626,0.6123001214810143,0.6364538118920254,0.6369269644064633,0.623365738820158,0.6348662833461209,0.47921446461190537,0.6195728542021709,1.0,0.6283637093198123
2,11,0.29554555442090297,0.9128462147190715,3791,1.828789472579956,0.8227848101265823,632,1.826526166151126,0.8278,0.8117400388791748,0.08481770591901056,,,0.9435646021707034,,0.9435771296621656,0.05642287033783444,0.9672648906150062,0.3997825802047808,5,0.1,0.5,0.6108553925169441,0.6176344948588276,0.6308041121800636,0.6216971166402365,0.6307711867684838,0.6480315059652518,0.632804006131181,0.6258890497515713,0.47619403683043177,0.6271587315084135,0.6283637093198123,1.0
3,0,0.2138215124262823,0.934209885561237,8214,1.6086557244145594,0.8845872899926954,1369,1.6048023993976581,0.8895,0.7914422402845693,0.0840916030623959,,,0.9204225873066961,,0.9204407409266603,0.07955925907333972,0.967458931680067,0.39690968741567084,5,0.1,0.5,1.0,0.6099407373075177,0.6120587090719819,0.6018205552371205,0.5943214067240331,0.6138406862818435,0.5966782406789702,0.6030424990784594,0.6071252723237361,0.48806352366932937,0.5992417936558426,0.6078851156630583
3,1,0.22005729776156108,0.9307879525403103,6574,1.603310775756836,0.9005474452554745,1096,1.6047689499565587,0.8894,0.8023414512204678,0.08511669471852824,,,0.9480382029896539,,0.9480548165252748,0.05194518347472521,0.9674949846490677,0.3969193425114016,5,0.1,0.5,0.6099407373075177,1.0,0.621116154585511,0.6139687078407173,0.6181245806438246,0.6184652357589424,0.6106253320042655,0.6216803263463231,0.6092145757736473,0.48850194457789736,0.6089958302431108,0.6112018702644326
3,2,0.228132479418666,0.9312813418640844,5783,1.6049507548732143,0.8848547717842323,964,1.6047588133583435,0.8894,0.8068980455115164,0.08537170083221832,,,0.9549079797460462,,0.9549169218412731,0.04508307815872692,0.9674975719307328,0.39692065788134995,5,0.1,0.5,0.6120587090719819,0.621116154585511,1.0,0.6219717759976965,0.6109084729374906,0.6224812636103897,0.6192752455352686,0.6226617471037448,0.6144087767141607,0.49907722962067014,0.6155986065485627,0.6156557507019922
3,3,0.2488761969847627,0.9231700397200681,5287,1.6035684560026442,0.8830874006810443,881,1.604782213799108,0.8893,0.8030252321606537,0.08429305686710581,,,0.9258496833282643,,0.9258671753426033,0.07413282465739668,0.9674624659750178,0.39691219382141674,5,0.1,0.5,0.6018205552371205,0.6139687078407173,0.6219717759976965,1.0,0.6135219650630431,0.6246459214507701,0.6136797949369573,0.622284000069969,0.6199992145862354,0.5015893393016386,0.603671346368955,0.6092748704561293
3,4,0.23567920862907363,0.9280243161094225,4935,1.608702723796551,0.8917274939172749,822,1.6047737758380536,0.8893,0.8030316554750642,0.08480858625786981,,,0.9397378673198526,,0.9397470006525777,0.06025299934742234,0.9674872105254624,0.3969171534738438,5,0.1,0.5,0.5943214067240331,0.6181245806438246,0.6109084729374906,0.6135219650630431,1.0,0.6188284794646628,0.6123269152589831,0.6232142440936347,0.6246588330171406,0.4986939861092621,0.6123599323367586,0.6171813531776841
3,5,0.24811715795977474,0.9268052281979858,4667,1.6060750532150267,0.8830334190231363,778,1.6047550180849557,0.8894,0.8129429317987458,0.08556071662341035,,,0.9599999999730603,,0.9600020079313287,0.03999799206867127,0.967501087511818,0.39692141921071145,5,0.1,0.5,0.6138406862818435,0.6184652357589424,0.6224812636103897,0.6246459214507701,0.6188284794646628,1.0,0.6255948496753692,0.631154268385007,0.6246956132979624,0.504166941756076,0.6181486087012122,0.6322045870422789
3,6,0.25341946911199814,0.9240512014372333,4453,1.611257255077362,0.8733153638814016,742,1.6047799819574569,0.8893,0.8043993068538515,0.08483550017219657,,,0.9404629188897542,,0.940479895587571,0.059520104412429053,0.9674872233995602,0.3969173367960334,5,0.1,0.5,0.5966782406789702,0.6106253320042655,0.6192752455352686,0.6136797949369573,0.6123269152589831,0.6255948496753692,1.0,0.6327632532788006,0.6146439072628503,0.49584939706496717,0.6140791893419599,0.619200482802579
3,7,0.24972239920813868,0.9247135842880524,4277,1.61100100952646,0.8976157082748948,713,1.6047586172152632,0.8894,0.8143711517476612,0.08550985526980294,,,0.9586298126479225,,0.9586466542844235,0.04135334571557647,0.9674994639893137,0.3969212619397864,5,0.1,0.5,0.6030424990784594,0.6216803263463231,0.6226617471037448,0.622284000069969,0.6232142440936347,0.631154268385007,0.6327632532788006,1.0,0.6376354056841717,0.5097592245868341,0.6249482420428926,0.6219838263834824
3,8,0.28098284083279745,0.9144587067086462,4129,1.5839207064021716,0.8997093023255814,688,1.6154531682261264,0.8832,0.7991090480104177,0.07219751659858642,,,0.6,,0.6,0.4,0.9627220148139345,0.3944693443818328,5,0.1,0.5,0.6071252723237361,0.6092145757736473,0.6144087767141607,0.6199992145862354,0.6246588330171406,0.6246956132979624,0.6146439072628503,0.6376354056841717,1.0,0.5007784481746408,0.6169324178038603,0.6202186433026802
3,9,0.3443330720059633,0.9042739315171208,4001,1.6015917971020652,0.904047976011994,667,1.605079157664753,0.8895,0.6809372033808787,0.07950717947187845,,,0.7969197968525419,,0.7969328848953365,0.20306711510466346,0.9669566413207897,0.3966792632254095,5,0.1,0.5,0.48806352366932937,0.48850194457789736,0.49907722962067014,0.5015893393016386,0.4986939861092621,0.504166941756076,0.49584939706496717,0.5097592245868341,0.5007784481746408,1.0,0.5018962704018451,0.49759782158727095
3,10,0.27721704202627795,0.9160709694008743,3889,1.6200480915251232,0.8919753086419753,648,1.6048118790117696,0.8893,0.801152074606636,0.08397604293383532,,,0.9173094372976103,,0.9173284473671001,0.08267155263289994,0.9674444175908307,0.39690812544488696,5,0.1,0.5,0.5992417936558426,0.6089958302431108,0.6155986065485627,0.603671346368955,0.6123599323367586,0.6181486087012122,0.6140791893419599,0.6249482420428926,0.6169324178038603,0.5018962704018451,1.0,0.6142717293947233
3,11,0.26550689919092574,0.9209179635979953,3791,1.6085123002529145,0.875,632,1.6047745592677936,0.8894,0.8054384987273255,0.08473154719217185,,,0.9376624614591553,,0.9376788313839667,0.06232116861603332,0.9674858052622155,0.3969165316721688,5,0.1,0.5,0.6078851156630583,0.6112018702644326,0.6156557507019922,0.6092748704561293,0.6171813531776841,0.6322045870422789,0.619200482802579,0.6219838263834824,0.6202186433026802,0.49759782158727095,0.6142717293947233,1.0
4,0,0.20046422191594768,0.938836133430728,8214,1.3740728899490002,0.9174579985390796,1369,1.3710451343189032,0.9205,0.7816288919716399,0.08412704134133087,,,0.9233524440101137,,0.9233673008383113,0.07663269916168869,0.9659218007613153,0.38812334013296473,5,0.1,0.5,1.0,0.5986362633119,0.5864149418584012,0.5848989662822389,0.5864071303001706,0.5956420016025634,0.5720231751459909,0.5918481164102216,0.38150976943729337,0.5886075376534928,0.58312219078375,0.5806685976505752
4,1,0.20976718666203753,0.9352905384849407,6574,1.3646867649895804,0.9233576642335767,1096,1.3710139403327966,0.9204,0.7992352001156013,0.08543818172709614,,,0.9498900458172992,,0.9498970935194017,0.05010290648059834,0.9659770893641553,0.38813230777934254,5,0.1,0.5,0.5986362633119,1.0,0.6051152830447063,0.6016036914278927,0.6085073056059346,0.604164798737912,0.5966057760733431,0.6114882832073404,0.3919174649753485,0.5914905464237104,0.6079416767969669,0.5903225014155361
4,2,0.21203747447065557,0.9360539512363825,5783,1.3721981663857736,0.91701244813278,964,1.3710045174668772,0.9204,0.7940896886771124,0.08542756069173602,,,0.9496750750863027,,0.949691280558205,0.05030871944179505,0.9659807617096133,0.3881322850656687,5,0.1,0.5,0.5864149418584012,0.6051152830447063,1.0,0.6001031392349776,0.5933678343482159,0.5986692057804057,0.5941575839818747,0.6073117476778793,0.38985380425571103,0.5969643425414927,0.5970033047799302,0.5904466829132324
4,3,0.23656200105773217,0.9274068469831662,5287,1.3686224562781197,0.9171396140749148,881,1.3710232957864341,0.9205,0.7904922663152932,0.0845757551983655,,,0.9324344536809555,,0.9324481702725766,0.06755182972742335,0.9659402038233885,0.3881271758103237,5,0.1,0.5,0.5848989662822389,0.6016036914278927,0.6001031392349776,1.0,0.5838871732826793,0.6054477125905637,0.5902128239596328,0.6097092351953904,0.38782096453508,0.6002622853666651,0.5857900175576641,0.5815369355118141
4,4,0.218887026359237,0.9348328267477204,4935,1.375186489178584,0.9257907542579076,822,1.3710232226612469,0.9204,0.7910048401521889,0.08494020076261963,,,0.9398108653677377,,0.9398222980774058,0.060177701922594196,0.9659680802105215,0.38812970094391813,5,0.1,0.5,0.5864071303001706,0.6085073056059346,0.5933678343482159,0.5838871732826793,1.0,0.6033418070693563,0.5907730051014634,0.6059608433115539,0.3845399620367784,0.5957844614872451,0.5944199503692804,0.5858484569440137
4,5,0.22940345150992683,0.9322476965931005,4667,1.3756616115570068,0.9125964010282777,778,1.371003542083521,0.9204,0.8016897125726784,0.08582325082311933,,,0.9576838796809032,,0.9576979067315898,0.04230209326841017,0.9659835514209991,0.3881337414446264,5,0.1,0.5,0.5956420016025634,0.604164798737912,0.5986692057804057,0.6054477125905637,0.6033418070693563,1.0,0.59543126962976,0.611143961269486,0.39052560391428764,0.6033225566743862,0.6068112641685386,0.6142750422510543
4,6,0.23473154083559555,0.9311924545250393,4453,1.3797452698151271,0.9110512129380054,742,1.3710389457190761,0.9204,0.7883086826614938,0.08486295332686987,,,0.9382473701746912,,0.9382611314693038,0.06173886853069621,0.9659670688060498,0.3881292229556242,5,0.1,0.5,0.5720231751459909,0.5966057760733431,0.5941575839818747,0.5902128239596328,0.5907730051014634,0.59543126962976,1.0,0.6079245991991125,0.38848837102820294,0.590308359737846,0.5945649789045313,0.5877963859908938
4,7,0.22443550768405643,0.9335047930792612,4277,1.380208917286085,0.9242636746143057,713,1.3710149381869137,0.9204,0.8058925728535528,0.08593768312503515,,,0.9599999999797599,,0.9600020079313287,0.03999799206867127,0.9659804573619505,0.3881340350057686,5,0.1,0.5,0.5918481164102216,0.6114882832073404,0.6073117476778793,0.6097092351953904,0.6059608433115539,0.611143961269486,0.6079245991991125,1.0,0.3941482315582838,0.6101927413871541,0.611024681347261,0.6076350445310726
4,8,0.3204582613763901,0.9155243400339065,4129,1.3499746214259754,0.936046511627907,688,1.3857448211493202,0.9172,0.5557710813018992,0.068151202557633,,,0.6,,0.6,0.4,0.9607838272248386,0.38555474132104034,5,0.1,0.5,0.38150976943729337,0.3919174649753485,0.38985380425571103,0.38782096453508,0.3845399620367784,0.39052560391428764,0.38848837102820294,0.3941482315582838,1.0,0.3815664061467481,0.3854597190251308,0.38267148404991097
4,9,0.2553718060750278,0.9255186203449137,4001,1.3666947512399583,0.9310344827586207,667,1.3714510910808089,0.9203,0.7912726750907835,0.08138828919088999,,,0.867919848991273,,0.8679283168515637,0.13207168314843631,0.9653040523847729,0.3880691357575278,5,0.1,0.5,0.5886075376534928,0.5914905464237104,0.5969643425414927,0.6002622853666651,0.5957844614872451,0.6033225566743862,0.590308359737846,0.6101927413871541,0.3815664061467481,1.0,0.6025626123427249,0.5992666203979088
4,10,0.25868536878804693,0.9213679609154024,3889,1.3894427106493996,0.9197530864197531,648,1.371055123524163,0.9204,0.7942390553834869,0.08449526615521603,,,0.9308053480564688,,0.9308267657246122,0.0691732342753878,0.9659220243031506,0.38812657879912144,5,0.1,0.5,0.58312219078375,0.6079416767969669,0.5970033047799302,0.5857900175576641,0.5944199503692804,0.6068112641685386,0.5945649789045313,0.611024681347261,0.3854597190251308,0.6025626123427249,1.0,0.598182022305124
4,11,0.2428243766124008,0.9269849643893432,3791,1.3756969332695008,0.9082278481012658,632,1.371032263143375,0.9204,0.7894257316849007,0.08483261510008866,,,0.9376333216787431,,0.9376487124140355,0.06235128758596453,0.9659638015829555,0.3881290443394478,5,0.1,0.5,0.5806685976505752,0.5903225014155361,0.5904466829132324,0.5815369355118141,0.5858484569440137,0.6142750422510543,0.5877963859908938,0.6076350445310726,0.38267148404991097,0.5992666203979088,0.598182022305124,1.0
5,0,0.18888691784723405,0.9416605794984173,8214,1.134906480478686,0.9364499634769905,1369,1.1325199489776319,0.9367,0.7779191937512094,0.08439252163209215,,,0.9294256859902961,,0.9294362732794539,0.07056372672054612,0.9643434391675126,0.38341293763809536,5,0.1,0.5,1.0,0.583467521772,0.5796107665643517,0.5741862896953609,0.5674850210410576,0.5839368235065295,0.5690431614387664,0.5776107626969965,0.37262036289564276,0.5691987988595599,0.5774435375205503,0.5626315146737116
5,1,0.19207030247322746,0.9400973532096136,6574,1.1206249509538924,0.9443430656934306,1096,1.1324670467132958,0.9367,0.7896445549576764,0.08569364030959918,,,0.9519059086385198,,0.9519200843331158,0.04807991566688419,0.9643880539503441,0.3834193300735167,5,0.1,0.5,0.583467521772,1.0,0.5915559028215662,0.5910405640709545,0.5847613602557082,0.5842800709713473,0.5788188750907507,0.5937666506916834,0.3802870428305582,0.5725387569702438,0.5868315945314125,0.5708476732499507
5,2,0.19711729001295006,0.9406536399792496,5783,1.1353318498980614,0.9356846473029046,964,1.132459235077087,0.9368,0.7887349577382659,0.08565417042595644,,,0.9512239633344308,,0.9512373876813413,0.04876261231865875,0.9643879233152255,0.3834192234967264,5,0.1,0.5,0.5796107665643517,0.5915559028215662,1.0,0.5874712213362481,0.5805846553080767,0.5854635952642431,0.5784462592188898,0.5956990522122274,0.38373727807221253,0.5795933288436731,0.5785093350970159,0.5702088074795567
5,3,0.2178596023256969,0.932702856062039,5287,1.1286296397447586,0.94211123723042,881,1.13248694266755,0.9367,0.78170109138539,0.0848296058584275,,,0.936977457319005,,0.9369961347321921,0.06300386526780788,0.9643645364177461,0.38341572325178014,5,0.1,0.5,0.5741862896953609,0.5910405640709545,0.5874712213362481,1.0,0.5689904329654629,0.5877004480244307,0.5718332091375653,0.5870816866509778,0.3651593038948061,0.5827834962123418,0.5647567658912748,0.5669198209446571
5,4,0.20093547931271455,0.9396555217831813,4935,1.1368357172379127,0.9416058394160584,822,1.1324853358177331,0.9368,0.7783552941480308,0.08495669783587519,,,0.9391733030932745,,0.9391847798805281,0.060815220119471936,0.9643717679731597,0.38341644254447066,5,0.1,0.5,0.5674850210410576,0.5847613602557082,0.5805846553080767,0.5689904329654629,1.0,0.5849172745362434,0.5636170461673279,0.5814678981559921,0.37126777123730176,0.5688371190766902,0.5758832091698903,0.5688406112493873
5,5,0.2040251054316249,0.9388043711163488,4667,1.140385069847107,0.9331619537275064,778,1.1324463979885602,0.9367,0.7922417890380465,0.08604570764566914,,,0.9579887911909278,,0.9579990964309021,0.042000903569097914,0.9643899087629985,0.3834202744477212,5,0.1,0.5,0.5839368235065295,0.5842800709713473,0.5854635952642431,0.5877004480244307,0.5849172745362434,1.0,0.5848972843137623,0.5960409187860713,0.38208833145804044,0.5867070611084351,0.5843457487457094,0.5803332133949676
5,6,0.21324167739333852,0.9372557826184594,4453,1.1437578375140827,0.9164420485175202,742,1.1325041720280633,0.9368,0.7774121132329296,0.08487107834167273,,,0.9376940027604354,,0.9377089503538979,0.062291049646102103,0.9643715361392184,0.3834159935258933,5,0.1,0.5,0.5690431614387664,0.5788188750907507,0.5784462592188898,0.5718332091375653,0.5636170461673279,0.5848972843137623,1.0,0.5875319051547622,0.37221743058613277,0.5648903172757773,0.5733883890237604,0.5638568038505654
5,7,0.20571353305131196,0.9403787701660042,4277,1.1438293405201123,0.9326788218793829,713,1.1324535105555964,0.9367,0.7933453326019129,0.08616211313525521,,,0.9599999999827225,,0.9600020079313287,0.03999799206867127,0.9643852325272549,0.3834205274449424,5,0.1,0.5,0.5776107626969965,0.5937666506916834,0.5956990522122274,0.5870816866509778,0.5814678981559921,0.5960409187860713,0.5875319051547622,1.0,0.3805861894393997,0.5864025212267503,0.5863111878198034,0.5771520742680458
5,8,0.33552302144149926,0.9149430854928554,4129,1.1115296212109653,0.9491279069767442,688,1.1507769095631073,0.9337,0.5445802942189533,0.06532589940153306,,,0.6,,0.6,0.4,0.9587697042734452,0.38087764094165466,5,0.1,0.5,0.37262036289564276,0.3802870428305582,0.38373727807221253,0.3651593038948061,0.37126777123730176,0.38208833145804044,0.37221743058613277,0.3805861894393997,1.0,0.37411690941164855,0.37283652853621774,0.36990064473244594
5,9,0.23965126452302293,0.9300674831292177,4001,1.1268657332374936,0.9475262368815592,667,1.1329665953358903,0.9366,0.7780747098905717,0.08255004019492802,,,0.8975920080570661,,0.8976055418904674,0.10239445810953263,0.964174491882139,0.3833925871602672,5,0.1,0.5,0.5691987988595599,0.5725387569702438,0.5795933288436731,0.5827834962123418,0.5688371190766902,0.5867070611084351,0.5648903172757773,0.5864025212267503,0.37411690941164855,1.0,0.57545846143952,0.5722650877695213
5,10,0.23908577580157606,0.926562098225765,3889,1.1539301304590135,0.9367283950617284,648,1.132516836967712,0.9367,0.7819527144170664,0.08478423103436629,,,0.9361934887501466,,0.9362130415139802,0.06378695848601978,0.964361691900458,0.3834155109743716,5,0.1,0.5,0.5774435375205503,0.5868315945314125,0.5785093350970159,0.5647567658912748,0.5758832091698903,0.5843457487457094,0.5733883890237604,0.5863111878198034,0.37283652853621774,0.57545846143952,1.0,0.5762181179379113
5,11,0.22861536606801908,0.9317330519651806,3791,1.1385516583919526,0.9208860759493671,632,1.1324985377704755,0.9368,0.7741369577055702,0.08473429418462505,,,0.9353306992752581,,0.9353496310426184,0.06465036895738163,0.9643670830820614,0.383415203405499,5,0.1,0.5,0.5626315146737116,0.5708476732499507,0.5702088074795567,0.5669198209446571,0.5688406112493873,0.5803332133949676,0.5638568038505654,0.5771520742680458,0.36990064473244594,0.5722650877695213,0.5762181179379113,1.0
6,0,0.17225706938732097,0.9475773070367665,8214,0.8996813103210094,0.9422936449963477,1369,0.8982797385023805,0.944,0.7641136113918928,0.08386262162290001,,,0.9173335233144709,,0.9173485266803876,0.08265147331961242,0.9650158455628502,0.38477500610218035,5,0.1,0.5,1.0,0.5678223100357791,0.5510221325690087,0.5478696239719426,0.5452035645747701,0.5579445566532272,0.5408227999773789,0.5519736595546286,0.5505600780880088,0.5529691413020837,0.5411779817756371,0.5433045131815053
6,1,0.17826400352099422,0.9462731974444782,6574,0.8812973380088807,0.9534671532846716,1096,0.8982244284389118,0.944,0.7798213230167261,0.08529467091387252,,,0.9521117652464652,,0.9521309171226344,0.047869082877365576,0.9650555145040614,0.38478609534309843,5,0.1,0.5,0.5678223100357791,1.0,0.5767877649817836,0.5671154076760596,0.5754327633187916,0.5577818424462664,0.5540529972816293,0.5713241544392924,0.5560005571955956,0.5549770623857264,0.5613429247089036,0.5446179877547912
6,2,0.18468828996905842,0.9449074874632544,5783,0.9021585179913428,0.9377593360995851,964,0.8982149754850247,0.944,0.7771608112554593,0.08517386848028881,,,0.9491780001256468,,0.9491943175543397,0.050805682445660305,0.9650550754050599,0.38478563659086085,5,0.1,0.5,0.5510221325690087,0.5767877649817836,1.0,0.57229052322248,0.56191399479984,0.5668130987094264,0.556940283505364,0.5699970856489975,0.555467125368725,0.5568585117494791,0.5514271664973693,0.5435438164766567
6,3,0.1972793036984863,0.9398902969547948,5287,0.8937836502279554,0.9511918274687855,881,0.8982353935988185,0.944,0.7713360063520827,0.08441260903242763,,,0.9306903227687082,,0.9307113096732091,0.06928869032679086,0.9650331998532985,0.38478091212999593,5,0.1,0.5,0.5478696239719426,0.5671154076760596,0.57229052322248,1.0,0.5529087638676067,0.569386060973772,0.5480600602468557,0.5678799352217901,0.5509551058969229,0.5601777055526618,0.5442340012082224,0.532631090533933
6,4,0.18392754726727764,0.9438297872340425,4935,0.9021376852805798,0.9537712895377128,822,0.8982421601542269,0.944,0.7718414694827455,0.0845160468896826,,,0.9332023779383298,,0.9332212238341449,0.06677877616585515,0.9650423143609607,0.3847817519109016,5,0.1,0.5,0.5452035645747701,0.5754327633187916,0.56191399479984,0.5529087638676067,1.0,0.5661328785182802,0.546091455052408,0.5595287127764664,0.5650250739988156,0.5528756261502997,0.5498426979555873,0.5457060654103575
6,5,0.19393829944199079,0.9427040925648168,4667,0.9093547224998474,0.9421593830334191,778,0.8982049251516787,0.944,0.779616646884084,0.08552436443054529,,,0.9576900206482966,,0.9577029265599116,0.04229707344008837,0.9650599979387519,0.38478682529248526,5,0.1,0.5,0.5579445566532272,0.5577818424462664,0.5668130987094264,0.569386060973772,0.5661328785182802,1.0,0.5538884226515148,0.5671658468316465,0.5591913952010483,0.561868180171589,0.5636360455485073,0.5608189387618886
6,6,0.20198583162988404,0.9410285200988098,4453,0.9125786100824674,0.9272237196765498,742,0.898263084621856,0.944,0.7605209430286537,0.08405743592651256,,,0.9220647145001104,,0.9220822247879122,0.07791777521208776,0.9650285742213479,0.3847774402186507,5,0.1,0.5,0.5408227999773789,0.5540529972816293,0.556940283505364,0.5480600602468557,0.546091455052408,0.5538884226515148,1.0,0.5608034016033348,0.5388357941999083,0.5373166379247668,0.5377272567150382,0.5378246871991268
6,7,0.1919782018775482,0.940238484919336,4277,0.9104149030602496,0.938288920056101,713,0.8982058388356584,0.944,0.7800902444157973,0.08561948149438245,,,0.9599999999757143,,0.9600020079313287,0.03999799206867127,0.9650585418264777,0.3847870713450638,5,0.1,0.5,0.5519736595546286,0.5713241544392924,0.5699970856489975,0.5678799352217901,0.5595287127764664,0.5671658468316465,0.5608034016033348,1.0,0.5663316058442065,0.5626721738922883,0.5633949268541534,0.5487146842573496
6,8,0.21355526316660242,0.9336885444417534,4129,0.8784959993579171,0.9505813953488372,688,0.9190146488884386,0.9426,0.7574859627428183,0.07079591031664974,,,0.6,,0.6,0.4,0.9595788462917492,0.3821606262333492,5,0.1,0.5,0.5505600780880088,0.5560005571955956,0.555467125368725,0.5509551058969229,0.5650250739988156,0.5591913952010483,0.5388357941999083,0.5663316058442065,1.0,0.5524670463034324,0.5513197344068217,0.5452075425797759
6,9,0.22106535828280602,0.9358660334916271,4001,0.8912953109968276,0.9505247376311844,667,0.8987360861354743,0.9441,0.7669916354807936,0.08272456413321208,,,0.8896950621536781,,0.8897043321118417,0.11029566788815826,0.9649241192953307,0.3847525315010254,5,0.1,0.5,0.5529691413020837,0.5549770623857264,0.5568585117494791,0.5601777055526618,0.5528756261502997,0.561868180171589,0.5373166379247668,0.5626721738922883,0.5524670463034324,1.0,0.5457650077793239,0.5488293600492455
6,10,0.21760374346412106,0.9331447672923631,3889,0.9225171066465832,0.9429012345679012,648,0.89827164198263,0.944,0.7644889980879257,0.08413954110627786,,,0.9240586918190115,,0.9240750966316952,0.07592490336830482,0.9650302502201646,0.3847783560746262,5,0.1,0.5,0.5411779817756371,0.5613429247089036,0.5514271664973693,0.5442340012082224,0.5498426979555873,0.5636360455485073,0.5377272567150382,0.5633949268541534,0.5513197344068217,0.5457650077793239,1.0,0.5418645652584793
