round,client_id,client_i_training_loss,client_i_training_accuracy,client_i_training_dataset_size,client_i_evaluation_loss,client_i_evaluation_accuracy,client_i_evaluation_dataset_size,client_i_central_evaluation_loss,client_i_central_evaluation_accuracy,client_i_cosine_similarity,client_i_importance_coefficient,client_i_tanh_val,tanh_normalization_value,client_i_q,client_i_mask_order,client_i_v_nonzero_fraction,client_i_v_sparsity,client_i_v_cosine_similarity,client_i_reward_gradient_norm,local_epochs,learning_rate,gamma,client_0_cosine_similarity,client_1_cosine_similarity,client_2_cosine_similarity,client_3_cosine_similarity,client_4_cosine_similarity,client_5_cosine_similarity,client_6_cosine_similarity,client_7_cosine_similarity,client_8_cosine_similarity,client_9_cosine_similarity,client_10_cosine_similarity,client_11_cosine_similarity
0,0,0.28212623661601416,0.9134891648405162,8214,2.201999852823657,0.3776479181884587,1369,2.204990545400796,0.3599,0.7847917173073253,0.08637646438759218,,,0.9920556622104587,,0.9920736910797651,0.007926308920234937,0,0.38126045521099494,5,0.1,0.5,1.0,0.5526306250921883,0.5422595936544649,0.550643169889462,0.5461544793952737,0.5649212434549539,0.5567419634771931,0.555884818325899,0.40752203969204326,0.4608777120247607,0.5683107113318626,0.5502067605409954
0,1,0.29721294266886067,0.9051718892607241,6574,2.201526280811855,0.3731751824817518,1096,2.2049905195022923,0.3599,0.7926339423139414,0.08723960253503289,,,0.999999999990796,,1.0,0.0,0,0.38126046184965445,5,0.1,0.5,0.5526306250921883,1.0,0.576844777748075,0.5823298526039986,0.5766878381792602,0.5930339688212024,0.5803369950583749,0.5555465489759124,0.42442374420890244,0.4868605435465978,0.5826540032745977,0.5791996459177731
0,2,0.3331777474189496,0.8951755144388726,5783,2.207449859188449,0.35684647302904565,964,2.2049905530180034,0.3599,0.7832556377410461,0.08620739899224314,,,0.9904995815163062,,0.990512524471663,0.009487475528336953,0,0.3812604505191287,5,0.1,0.5,0.5422595936544649,0.576844777748075,1.0,0.5915561185807419,0.5743917358648128,0.5829645776354069,0.5836472060172138,0.5731751387510234,0.39476859790154906,0.4814630016150082,0.5883007951195943,0.5877260278924991
0,3,0.3457847042772246,0.8916587857007755,5287,2.2099931240081787,0.34619750283768447,881,2.2049905530180034,0.3599,0.7879889880947982,0.08672836533178054,,,0.9952945643191665,,0.9953114803473722,0.004688519652627843,0,0.38126046008162057,5,0.1,0.5,0.550643169889462,0.5823298526039986,0.5915561185807419,1.0,0.5847112387935192,0.5915649270688509,0.5907020537106399,0.5906199047024224,0.42529210914872134,0.49161570472907024,0.5826593467438849,0.5804507002151417
0,4,0.34531168067767737,0.8931712259371833,4935,2.2045255165833693,0.36253041362530414,822,2.204989936024236,0.3599,0.7789643365802738,0.08573508587563472,,,0.986152403781726,,0.9861703729732443,0.01382962702675572,0,0.38126043105779317,5,0.1,0.5,0.5461544793952737,0.5766878381792602,0.5743917358648128,0.5847112387935192,1.0,0.5787655039866684,0.5903434907641134,0.5785998410299444,0.4269878277132351,0.484976012234852,0.5929266817738419,0.58015800809906
0,5,0.3607097707216768,0.8877223055496036,4667,2.2031243419647217,0.36632390745501286,778,2.204990594150921,0.3599,0.7859587083952095,0.08650490682896901,,,0.9932378485645832,,0.993248330907083,0.006751669092917023,0,0.3812604573534594,5,0.1,0.5,0.5649212434549539,0.5930339688212024,0.5829645776354069,0.5915649270688509,0.5787655039866684,1.0,0.5924815254225231,0.5891552653340366,0.41989306623474276,0.4978820405004943,0.5934087220947986,0.5818954674854024
0,6,0.3656634929935847,0.8845721985178532,4453,2.2138251264890036,0.3463611859838275,742,2.2049903488768554,0.3599,0.7818216444458612,0.0860495695095129,,,0.9890469163476738,,0.9890567742583204,0.010943225741679607,0,0.3812604459473068,5,0.1,0.5,0.5567419634771931,0.5803369950583749,0.5836472060172138,0.5907020537106399,0.5903434907641134,0.5924815254225231,1.0,0.5916000272947098,0.4199942369199078,0.48911267736766906,0.5961808267190611,0.583345251247062
0,7,0.3663822195325881,0.8847790507364975,4277,2.2049734281456987,0.37166900420757365,713,2.204989774539448,0.3599,0.7729549865057848,0.0850736792867851,,,0.9800648066021296,,0.9800863410471362,0.01991365895286379,0,0.3812603706771904,5,0.1,0.5,0.555884818325899,0.5555465489759124,0.5731751387510234,0.5906199047024224,0.5785998410299444,0.5891552653340366,0.5916000272947098,1.0,0.40870799920893636,0.4972547249519437,0.5959801576636112,0.579522622632987
0,8,0.45222070692802213,0.8682005328166627,4129,2.2057180296291006,0.36046511627906974,688,2.2050308274765746,0.3598,0.5952046480645156,0.06550995882483442,,,0.8,,0.8,0.19999999999999996,0,0.3810844081587698,5,0.1,0.5,0.40752203969204326,0.42442374420890244,0.39476859790154906,0.42529210914872134,0.4269878277132351,0.41989306623474276,0.4199942369199078,0.40870799920893636,1.0,0.36024780003054735,0.4252323724255137,0.4360753718098578
0,9,0.45183006880854787,0.8708322919270183,4001,2.207432587941488,0.3553223388305847,667,2.205001522557804,0.3601,0.6694817235273182,0.07368511029755928,,,0.8752442293244943,,0.8752622860298178,0.12473771397018218,0,0.3812242609087571,5,0.1,0.5,0.4608777120247607,0.4868605435465978,0.4814630016150082,0.49161570472907024,0.484976012234852,0.4978820405004943,0.48911267736766906,0.4972547249519437,0.36024780003054735,1.0,0.49352674907924027,0.48281412048566374
0,10,0.36880131887241463,0.8868089483157624,3889,2.196146261124384,0.3626543209876543,648,2.2049901355950596,0.3599,0.781448912522461,0.0860085455473613,,,0.9886693311217325,,0.98868028713418,0.011319712865820009,0,0.38126044416766064,5,0.1,0.5,0.5683107113318626,0.5826540032745977,0.5883007951195943,0.5826593467438849,0.5929266817738419,0.5934087220947986,0.5961808267190611,0.5959801576636112,0.4252323724255137,0.49352674907924027,1.0,0.594148546184305
0,11,0.41511400987495894,0.8711685571089423,3791,2.2092031717300413,0.314873417721519,632,2.204989881180346,0.3599,0.7712071979487237,0.08488131258269449,,,0.9782942602770515,,0.9783043019928719,0.021695698007128117,0,0.3812603405144814,5,0.1,0.5,0.5502067605409954,0.5791996459177731,0.5877260278924991,0.5804507002151417,0.58015800809906,0.5818954674854024,0.583345251247062,0.579522622632987,0.4360753718098578,0.48281412048566374,0.594148546184305,1.0
1,0,0.25447854165292205,0.9223520818115413,8214,2.06129173345344,0.6829802775748721,1369,2.06682753334411,0.6706,0.7943405096496009,0.08588237450131382,,,0.9904472712311034,,0.9904623261884443,0.00953767381155568,0.9506272926442573,0.39220552103016926,5,0.1,0.5,1.0,0.6172002179958908,0.6056115672034823,0.6109534278870007,0.6111299901159637,0.6134219910139389,0.6049915495488912,0.6096359131871817,0.4777093223553066,0.44475293652248016,0.6172077116748136,0.6024821720615284
1,1,0.2693998522043807,0.9179190751445087,6574,2.0614395584378924,0.6833941605839416,1096,2.066827466312689,0.6706,0.8050690004954137,0.0868389884882811,,,0.999999999990014,,1.0,0.0,0.9506279103358638,0.39220553307334133,5,0.1,0.5,0.6172002179958908,1.0,0.6206633542133994,0.6241160731595493,0.6145835648977115,0.6264914215710204,0.6044878203794991,0.6226062769605053,0.4823066409846628,0.45543484406780876,0.6254452205707298,0.618533664938211
1,2,0.2963473875631285,0.9093204219263358,5783,2.0705024734620125,0.6649377593360996,964,2.0668273604335115,0.6706,0.8046273430036563,0.0861318445581342,,,0.9929384743901021,,0.9929471412077707,0.007052858792229277,0.9506278796852415,0.3922055279989953,5,0.1,0.5,0.6056115672034823,0.6206633542133994,1.0,0.6220050051168524,0.6203010587170333,0.6247050842928568,0.6205489746048928,0.625859398214147,0.47228255801653857,0.45718623044035694,0.6181400693264789,0.6231359261604599
1,3,0.3016835913398718,0.9073198411197276,5287,2.071646877697536,0.6526674233825198,881,2.066827575238749,0.6706,0.8078055490099189,0.08659296122902332,,,0.9975431765408413,,0.9975553436072486,0.0024446563927513765,0.9506278553632505,0.3922055328810671,5,0.1,0.5,0.6109534278870007,0.6241160731595493,0.6220050051168524,1.0,0.6302622157370803,0.6188078448734536,0.618842449172633,0.6294306491355917,0.48395340017024147,0.46229133504661113,0.6220926042766421,0.6178572580231366
1,4,0.2985510868314774,0.9078419452887538,4935,2.066021992610051,0.6630170316301703,822,2.066826492833634,0.6706,0.8132335874054637,0.08611887824773927,,,0.9928089930654569,,0.992821645499724,0.007178354500276041,0.9506273809818551,0.39220552785902146,5,0.1,0.5,0.6111299901159637,0.6145835648977115,0.6203010587170333,0.6302622157370803,1.0,0.6426492691602078,0.6367926841336728,0.6279832321534985,0.4912406366931475,0.46430209041931964,0.6310489648688917,0.626205096997349
1,5,0.31430816512733495,0.9019070066423827,4667,2.0661419343948366,0.6619537275064268,778,2.0668275493402453,0.6706,0.8140331818739549,0.08666284937280236,,,0.9982410781919572,,0.9982530997439888,0.001746900256011208,0.9506279817023708,0.39220553299467736,5,0.1,0.5,0.6134219910139389,0.6264914215710204,0.6247050842928568,0.6188078448734536,0.6426492691602078,1.0,0.6298422226052712,0.629974282589444,0.49104592041785283,0.4626398652014709,0.637529629194883,0.6230902061601244
1,6,0.32663270398874633,0.8989894453177633,4453,2.078259458144506,0.6590296495956873,742,2.066827178382264,0.6706,0.8058631944094172,0.0860696794153228,,,0.992317694477173,,0.9923297023241805,0.007670297675819504,0.9506275149790042,0.3922055266593379,5,0.1,0.5,0.6049915495488912,0.6044878203794991,0.6205489746048928,0.618842449172633,0.6367926841336728,0.6298422226052712,1.0,0.6309923598526862,0.47946819574032334,0.4531868441415463,0.6208544908640549,0.6238876884508177
1,7,0.31947334989516146,0.9038578442833762,4277,2.066139666930489,0.6830294530154277,713,2.0668265073063274,0.6706,0.8128122023710526,0.0856608807935572,,,0.9882354393523827,,0.9882485818984991,0.011751418101500932,0.9506264056602611,0.3922055121587091,5,0.1,0.5,0.6096359131871817,0.6226062769605053,0.625859398214147,0.6294306491355917,0.6279832321534985,0.629974282589444,0.6309923598526862,1.0,0.48324022055910815,0.46730387003025853,0.6338680731190389,0.6331988165571156
1,8,0.4309497413974112,0.8789053039476871,4129,2.072330962527882,0.6642441860465116,688,2.06707664648184,0.6702,0.6499664417265653,0.06681091041630179,,,0.8,,0.8,0.19999999999999996,0.9498979012083253,0.392001674059964,5,0.1,0.5,0.4777093223553066,0.4823066409846628,0.47228255801653857,0.48395340017024147,0.4912406366931475,0.49104592041785283,0.47946819574032334,0.48324022055910815,1.0,0.37736370642116673,0.48823836355474753,0.4894226458747902
1,9,0.43301659893089284,0.8808797800549862,4001,2.071222952433995,0.6461769115442278,667,2.0669298956569393,0.671,0.6283500102320878,0.07152595371643013,,,0.8470843311369911,,0.8471010491441193,0.15289895085588068,0.9504180767284146,0.3921221107132882,5,0.1,0.5,0.44475293652248016,0.45543484406780876,0.45718623044035694,0.46229133504661113,0.46430209041931964,0.4626398652014709,0.4531868441415463,0.46730387003025853,0.37736370642116673,1.0,0.4676696762883236,0.4479287830570494
1,10,0.32565256203295756,0.903419902288506,3889,2.055912664958409,0.7098765432098766,648,2.0668270351787728,0.6706,0.8144070753331307,0.08634347499579363,,,0.9950518118445325,,0.9950755484162441,0.004924451583755873,0.9506274878297267,0.392205531433494,5,0.1,0.5,0.6172077116748136,0.6254452205707298,0.6181400693264789,0.6220926042766421,0.6310489648688917,0.637529629194883,0.6208544908640549,0.6338680731190389,0.48823836355474753,0.4676696762883236,1.0,0.6439255377818173
1,11,0.3617753522126239,0.8935900817726193,3791,2.073162841796875,0.6693037974683544,632,2.0668267632444826,0.6706,0.8079687998461248,0.08536120426530047,,,0.9852428753413502,,0.9852617840469856,0.014738215953014389,0.9506269418727744,0.3922054903016585,5,0.1,0.5,0.6024821720615284,0.618533664938211,0.6231359261604599,0.6178572580231366,0.626205096997349,0.6230902061601244,0.6238876884508177,0.6331988165571156,0.4894226458747902,0.4479287830570494,0.6439255377818173,1.0
2,0,0.23280257153785008,0.929827124421719,8214,1.8734824075255283,0.8553688823959095,1369,1.88195326343512,0.845,0.7984863304184333,0.08484095868823642,,,0.9834518198876194,,0.9834646855077557,0.016535314492244324,0.9638604244369054,0.4024540139948468,5,0.1,0.5,1.0,0.6197949282099651,0.6162931684004271,0.6088006640794282,0.6200927551464552,0.6193808259029377,0.6053654231603172,0.616318758564065,0.6205888752777605,0.5330956840848711,0.615175506103081,0.6152378458543851
2,1,0.2454593452796774,0.9249163370854883,6574,1.8741501535688128,0.8512773722627737,1096,1.8819511896505143,0.845,0.8092215548426466,0.0858502483414559,,,0.9983867185154391,,0.9983986747653231,0.0016013252346769313,0.9638598953210511,0.402454101745374,5,0.1,0.5,0.6197949282099651,1.0,0.6218772598273062,0.6270519448783555,0.6193504758853021,0.6285666096543197,0.6214137961394587,0.6241548923986683,0.622791274878549,0.5426334752087957,0.6349450186783606,0.6257200781411447
2,2,0.2723402086099949,0.9166176724883278,5783,1.8864985973604265,0.8506224066390041,964,1.8819510190250774,0.845,0.8090297782361544,0.08537450698415765,,,0.9913469664267831,,0.9913608754580593,0.008639124541940713,0.9638599620487014,0.4024540902003971,5,0.1,0.5,0.6162931684004271,0.6218772598273062,1.0,0.6316430817239157,0.6221264961909793,0.6313626634402867,0.619219493220792,0.6297273182666556,0.6199423044875659,0.5371805790035287,0.6288111102515372,0.6298945455512118
2,3,0.27175380332277616,0.9168526574616985,5287,1.8875030662332262,0.8251986379114642,881,1.8819513313305645,0.845,0.8101562768659614,0.08571969071121434,,,0.9964548003921073,,0.9964710606897245,0.003528939310275536,0.9638598077160068,0.4024541009805081,5,0.1,0.5,0.6088006640794282,0.6270519448783555,0.6316430817239157,1.0,0.6249052717607597,0.6250507581221144,0.6215198579664731,0.6346041600559712,0.6215333243046046,0.5430915761969692,0.6357478017131282,0.623977460644762
2,4,0.2624252356943344,0.9175278622087133,4935,1.8804788543627813,0.8454987834549879,822,1.8819498440708977,0.845,0.811534318674522,0.08545334088519196,,,0.9925135059990728,,0.9925304954570554,0.007469504542944594,0.9638600257947417,0.40245409478052624,5,0.1,0.5,0.6200927551464552,0.6193504758853021,0.6221264961909793,0.6249052717607597,1.0,0.6264521838826027,0.6276362339310212,0.6295084570129783,0.6233776961827457,0.5602032878682051,0.6366768182339718,0.6259332451073569
2,5,0.2887583937942471,0.9119777158774374,4667,1.8826601886749268,0.8534704370179949,778,1.8819512757249535,0.845,0.8155169685715857,0.08595319098944622,,,0.9999100057177904,,0.9999146629185282,8.533708147184793e-05,0.9638599071859724,0.4024541018175303,5,0.1,0.5,0.6193808259029377,0.6285666096543197,0.6313626634402867,0.6250507581221144,0.6264521838826027,1.0,0.6295833603257734,0.640953583064431,0.6395257218814476,0.5477310085974293,0.6360488045234975,0.6279789946507247
2,6,0.28797518962728125,0.9123287671232877,4453,1.8965517580509186,0.8409703504043127,742,1.8819508285949025,0.845,0.8087794552696064,0.08532453417306625,,,0.9906074969737708,,0.9906279805230661,0.00937201947693389,0.963859885521835,0.4024540873034667,5,0.1,0.5,0.6053654231603172,0.6214137961394587,0.619219493220792,0.6215198579664731,0.6276362339310212,0.6295833603257734,1.0,0.6353586369339256,0.6260415526041317,0.5395159525846516,0.6337828050473406,0.6283838279383827
2,7,0.28544853595710956,0.9147533317746084,4277,1.8795281804126243,0.8583450210378681,713,1.8819498196958353,0.845,0.8195010063988457,0.08542767255580791,,,0.9921336805484964,,0.9921489885045931,0.007851011495406901,0.9638598967547163,0.40245409346675776,5,0.1,0.5,0.616318758564065,0.6241548923986683,0.6297273182666556,0.6346041600559712,0.6295084570129783,0.640953583064431,0.6353586369339256,1.0,0.6360110633774351,0.558888716492295,0.6447362646585202,0.6449959750976852
2,8,0.2898909034886828,0.9101961734076047,4129,1.8939524726434187,0.8357558139534884,688,1.8824878694912115,0.8453,0.8057191786825245,0.07244341731276559,,,0.8,,0.8,0.19999999999999996,0.9632070207311402,0.4022283866883733,5,0.1,0.5,0.6205888752777605,0.622791274878549,0.6199423044875659,0.6215333243046046,0.6233776961827457,0.6395257218814476,0.6260415526041317,0.6360110633774351,1.0,0.552487389178506,0.6461359474624878,0.6366203664463402
2,9,0.34976965925632697,0.9030742314421395,4001,1.8889877398808796,0.8170914542728636,667,1.8822775317457157,0.8457,0.7207619253899006,0.07260500234823143,,,0.8023910441534372,,0.8024044977661764,0.1975955022338236,0.963350835237766,0.4022376290681673,5,0.1,0.5,0.5330956840848711,0.5426334752087957,0.5371805790035287,0.5430915761969692,0.5602032878682051,0.5477310085974293,0.5395159525846516,0.558888716492295,0.552487389178506,1.0,0.5644864292092516,0.5476132047238447
2,10,0.28929204070238307,0.9138081769092312,3889,1.867781707218715,0.8595679012345679,648,1.8819506282623584,0.845,0.8217592921158539,0.08595927273698342,,,0.9999999999852025,,1.0,0.0,0.9638598529853134,0.4024541018175346,5,0.1,0.5,0.615175506103081,0.6349450186783606,0.6288111102515372,0.6357478017131282,0.6366768182339718,0.6360488045234975,0.6337828050473406,0.6447362646585202,0.6461359474624878,0.5644864292092516,1.0,0.6401085697177664
2,11,0.3207960291569974,0.9037193352677394,3791,1.8909418761730195,0.8322784810126582,632,1.8819516215461511,0.845,0.8143239253800012,0.0850481642734429,,,0.986517931187092,,0.986536820440741,0.01346317955925902,0.9638603552807758,0.4024540563139225,5,0.1,0.5,0.6152378458543851,0.6257200781411447,0.6298945455512118,0.623977460644762,0.6259332451073569,0.6279789946507247,0.6283838279383827,0.6449959750976852,0.6366203664463402,0.5476132047238447,0.6401085697177664,1.0
3,0,0.21791926279359639,0.9346968590211834,8214,1.6513060664021693,0.9086924762600438,1369,1.6626155475458018,0.9058,0.7931383477861124,0.08395439296310327,,,0.9689446122645379,,0.9689523618292254,0.031047638170774605,0.9694555539375019,0.40203409965967507,5,0.1,0.5,1.0,0.6101937993407234,0.6007580537441992,0.5943726184591144,0.6045679686703966,0.6109039975890762,0.5993529387173461,0.6073879988858268,0.6097410542769334,0.6025681210689137,0.6063364409467388,0.6000482111119392
3,1,0.22922818817568996,0.9303924551262549,6574,1.6530851602554322,0.9151459854014599,1096,1.6626091380469716,0.9058,0.8021946256234092,0.08493990279159738,,,0.9899995095583247,,0.9900005019828322,0.009999498017167818,0.9694573197299834,0.40203468309236323,5,0.1,0.5,0.6101937993407234,1.0,0.619648008713345,0.606678433646283,0.610404019369379,0.6158276152956503,0.6069490810530633,0.6093697323321482,0.6102572741401839,0.6082255280871602,0.6196369992374672,0.6105137769732387
3,2,0.24994023949298905,0.9259553864776068,5783,1.6683036896490282,0.9045643153526971,964,1.66260883183525,0.9058,0.8052375269290907,0.08473059650011162,,,0.9855277911210667,,0.9855479142613323,0.014452085738667741,0.9694573444563812,0.402034644572195,5,0.1,0.5,0.6007580537441992,0.619648008713345,1.0,0.6141937736563252,0.6087105002019325,0.6164031924708859,0.6141064763405701,0.624729486003741,0.6135248477592662,0.6105852831851066,0.6213029506523422,0.615277253585773
3,3,0.25330482545723937,0.9232456969926234,5287,1.668887278863362,0.8944381384790011,881,1.6626086867274568,0.9058,0.7961311678958761,0.08464165913508301,,,0.9836276912619726,,0.9836403794990212,0.016359620500978833,0.9694570941733439,0.4020346174312762,5,0.1,0.5,0.5943726184591144,0.606678433646283,0.6141937736563252,1.0,0.6095442977627682,0.60660001080636,0.6074264230423825,0.609060616280275,0.6060862744785049,0.6034348788430725,0.6050753598968451,0.6074311355401488
3,4,0.24186448364758925,0.9268085106382978,4935,1.6602684121865492,0.9124087591240876,822,1.6626072790676032,0.9058,0.8059109854585379,0.08480638924906152,,,0.9871470631958995,,0.987159279152653,0.012840720847346998,0.9694572013060868,0.40203466185513903,5,0.1,0.5,0.6045679686703966,0.610404019369379,0.6087105002019325,0.6095442977627682,1.0,0.6199209200590116,0.613691515186893,0.6215564004471084,0.6179471242920311,0.6240054434176809,0.6288788294301851,0.6086661406984982
3,5,0.26033013317325754,0.9219198628669381,4667,1.6652270460128784,0.910025706940874,778,1.6626087712784545,0.9058,0.8095860989847086,0.08526618798466747,,,0.9969704204817311,,0.9969780633502334,0.0030219366497665767,0.9694570419470327,0.40203470059504065,5,0.1,0.5,0.6109039975890762,0.6158276152956503,0.6164031924708859,0.60660001080636,0.6199209200590116,1.0,0.6157660104514115,0.6310371543697727,0.6298399038680451,0.61535147734788,0.6251926747405694,0.6140068489275858
3,6,0.26681541077526555,0.9197395014596901,4453,1.6794899205366771,0.9029649595687331,742,1.6626079291962206,0.9058,0.8029286358799308,0.08461685779237035,,,0.9830978236660697,,0.9831082776969028,0.016891722303097212,0.969456907654632,0.40203460893656573,5,0.1,0.5,0.5993529387173461,0.6069490810530633,0.6141064763405701,0.6074264230423825,0.613691515186893,0.6157660104514115,1.0,0.6218875504289113,0.6152796864193927,0.6117720976972788,0.6175475326336449,0.6144977959838707
3,7,0.2588759478737614,0.9232172083235913,4277,1.6584987173909727,0.9228611500701263,713,1.6626076138438508,0.9058,0.8125695749931601,0.08502179395715126,,,0.9917490710849104,,0.991762461723809,0.008237538276191003,0.9694571118107156,0.40203469170497913,5,0.1,0.5,0.6073879988858268,0.6093697323321482,0.624729486003741,0.609060616280275,0.6215564004471084,0.6310371543697727,0.6218875504289113,1.0,0.6308207168010983,0.624179729579317,0.6303995687186628,0.6222618278002979
3,8,0.26822135499060656,0.9169774763865343,4129,1.68065945668654,0.8866279069767442,688,1.6632457320301677,0.9056,0.8036968010426885,0.07610059289963686,,,0.801152319462246,,0.801174639827318,0.19882536017268204,0.968726194310724,0.40180293276376866,5,0.1,0.5,0.6097410542769334,0.6102572741401839,0.6135248477592662,0.6060862744785049,0.6179471242920311,0.6298399038680451,0.6152796864193927,0.6308207168010983,1.0,0.6154162050705426,0.6350417433427066,0.6199959732726844
3,9,0.27344814860013383,0.9180204948762809,4001,1.6728494791757493,0.8875562218890555,667,1.6630025732631502,0.9059,0.7990815254541631,0.0760466566519429,,,0.8,,0.8,0.19999999999999996,0.9687204732521519,0.4017975579259971,5,0.1,0.5,0.6025681210689137,0.6082255280871602,0.6105852831851066,0.6034348788430725,0.6240054434176809,0.61535147734788,0.6117720976972788,0.624179729579317,0.6154162050705426,1.0,0.6293797881824996,0.6149283653154295
3,10,0.2558411561189311,0.9252764206736951,3889,1.644720088867914,0.9228395061728395,648,1.6626081139134903,0.9058,0.8135329477024166,0.08540799254104897,,,0.9999999999786355,,1.0,0.0,0.9694571051366653,0.40203470111609774,5,0.1,0.5,0.6063364409467388,0.6196369992374672,0.6213029506523422,0.6050753598968451,0.6288788294301851,0.6251926747405694,0.6175475326336449,0.6303995687186628,0.6350417433427066,0.6293797881824996,1.0,0.6220697059759803
3,11,0.29885715543910735,0.9119493537325244,3791,1.6733603954315186,0.8939873417721519,632,1.662609983176088,0.9058,0.8038859102025657,0.08446697753422526,,,0.9798957110636685,,0.9799006073992269,0.02009939260077309,0.9694571201800954,0.402034545009897,5,0.1,0.5,0.6000482111119392,0.6105137769732387,0.615277253585773,0.6074311355401488,0.6086661406984982,0.6140068489275858,0.6144977959838707,0.6222618278002979,0.6199959732726844,0.6149283653154295,0.6220697059759803,1.0
4,0,0.20308488879555742,0.9399074750426102,8214,1.4184385926224465,0.9254930606281958,1369,1.4330337759785758,0.926,0.7875270417247404,0.08416834006789396,,,0.9785436375723098,,0.9785552934089654,0.02144470659103459,0.9674272609564333,0.3886609513792497,5,0.1,0.5,1.0,0.588826631067409,0.5974721042826582,0.5956476462956873,0.6003427736687074,0.6060950719666737,0.5879686467089852,0.5963584238171354,0.42884638119734075,0.5469308770037791,0.5901390174718518,0.5857226054851458
4,1,0.21029378849949723,0.9364466078491025,6574,1.4221312863486153,0.9324817518248175,1096,1.4330204401534206,0.926,0.7905383134421534,0.08493617062415708,,,0.9905380274339708,,0.9905577029265599,0.009442297073440131,0.9674311928670779,0.3886611850950979,5,0.1,0.5,0.588826631067409,1.0,0.6011466666571708,0.598175202529518,0.5970029354301055,0.5962557741314867,0.5929852989591705,0.5932440181214386,0.43298651242665287,0.5609446666592544,0.5964577987578209,0.5910771737871926
4,2,0.22916312482238885,0.9311775894864257,5783,1.4400422649998819,0.9221991701244814,964,1.4330205182297924,0.926,0.7937995760114306,0.08491089331666912,,,0.9901431670338596,,0.9901611364891321,0.009838863510867935,0.9674301351335681,0.38866118220662943,5,0.1,0.5,0.5974721042826582,0.6011466666571708,1.0,0.6005218592245533,0.6062195795767331,0.6051014153688267,0.5966727125931327,0.5995602170770965,0.4296438322287477,0.5525248023643624,0.5975649663771775,0.5923712992870214
4,3,0.23312472885654095,0.9297522224323813,5287,1.4403462324823653,0.9284903518728718,881,1.4330203236101535,0.926,0.7934213161413664,0.08483783800639878,,,0.9890019596858327,,0.9890166156317454,0.010983384368254634,0.967430032701649,0.3886611735939634,5,0.1,0.5,0.5956476462956873,0.598175202529518,0.6005218592245533,1.0,0.6042585313039756,0.5988654363536823,0.595653464487991,0.6047851110706961,0.43261229726574335,0.5572585488369812,0.5990098405551298,0.5897408967747679
4,4,0.21887347176310515,0.9336980749746707,4935,1.4302829183064973,0.9355231143552312,822,1.4330183572281663,0.926,0.7989490034568099,0.08514366941129424,,,0.9937793953743892,,0.9937904723658451,0.006209527634154943,0.9674314749079026,0.3886611989948323,5,0.1,0.5,0.6003427736687074,0.5970029354301055,0.6062195795767331,0.6042585313039756,1.0,0.6086298043838201,0.5997504524734008,0.6014516226861397,0.4392109240635655,0.562329102309751,0.6100395117234231,0.5983670199760797
4,5,0.24184910321786796,0.9279194343261196,4667,1.4376540994644165,0.9318766066838047,778,1.4330195957860246,0.926,0.8013806453589166,0.08553817659763428,,,0.9999420480033996,,0.9999447818884594,5.521811154063361e-05,0.9674319418643634,0.3886612060909465,5,0.1,0.5,0.6060950719666737,0.5962557741314867,0.6051014153688267,0.5988654363536823,0.6086298043838201,1.0,0.602296953529451,0.6159901278986836,0.437757394490353,0.5656044657199886,0.6089309916469805,0.6024706216979829
4,6,0.24188524275352913,0.9276891982932854,4453,1.4516935100158055,0.9204851752021563,742,1.433019948843569,0.926,0.790491344024902,0.08471768947595226,,,0.9871251024759623,,0.9871442196676874,0.012855780332312605,0.9674302255027505,0.3886611538325449,5,0.1,0.5,0.5879686467089852,0.5929852989591705,0.5966727125931327,0.595653464487991,0.5997504524734008,0.602296953529451,1.0,0.6043700654862716,0.42609824794326034,0.553547804623044,0.5980390664850064,0.5912797964234242
4,7,0.23422825946125075,0.9292027121814356,4277,1.4269052951232246,0.9298737727910238,713,1.433018177081221,0.926,0.7986089550335052,0.08527623280642997,,,0.995850186943797,,0.9958686812910998,0.004131318708900156,0.9674320473578241,0.38866120347677807,5,0.1,0.5,0.5963584238171354,0.5932440181214386,0.5995602170770965,0.6047851110706961,0.6014516226861397,0.6159901278986836,0.6043700654862716,1.0,0.43375384429368935,0.5612766207207676,0.6071826622951577,0.6048089403778979
4,8,0.3314570623231045,0.9088883506902398,4129,1.456486615267667,0.9113372093023255,688,1.4338338854975594,0.9269,0.6131965542057113,0.07273872487816374,,,0.8,,0.8,0.19999999999999996,0.9666344914174555,0.3884052205848798,5,0.1,0.5,0.42884638119734075,0.43298651242665287,0.4296438322287477,0.43261229726574335,0.4392109240635655,0.437757394490353,0.42609824794326034,0.43375384429368935,1.0,0.4485896853982966,0.4372879116267393,0.42359050463869174
4,9,0.27979866072631604,0.9181704573856536,4001,1.446751702399481,0.9205397301349325,667,1.4333952010249178,0.9265,0.752004975239795,0.07760598128439988,,,0.8760321016360517,,0.8760503990763516,0.12394960092364837,0.9667891889927382,0.3886030464140045,5,0.1,0.5,0.5469308770037791,0.5609446666592544,0.5525248023643624,0.5572585488369812,0.562329102309751,0.5656044657199886,0.553547804623044,0.5612766207207676,0.4485896853982966,1.0,0.5762199445868875,0.5579553112357559
4,10,0.23822186050448016,0.9297505785548984,3889,1.4117823725654965,0.9367283950617284,648,1.433018886624053,0.926,0.7987913780396428,0.08554188644051125,,,0.9999999999843788,,1.0,0.0,0.967431983848231,0.38866120609094895,5,0.1,0.5,0.5901390174718518,0.5964577987578209,0.5975649663771775,0.5990098405551298,0.6100395117234231,0.6089309916469805,0.5980390664850064,0.6071826622951577,0.4372879116267393,0.5762199445868875,1.0,0.6036383409236288
4,11,0.2654671198023217,0.9220786072276445,3791,1.4454846739768983,0.9113924050632911,632,1.4330220721400202,0.926,0.7895657914408561,0.08458439709049552,,,0.9850429232455084,,0.9850609909141107,0.014939009085889299,0.9674295984874016,0.38866112613588666,5,0.1,0.5,0.5857226054851458,0.5910771737871926,0.5923712992870214,0.5897408967747679,0.5983670199760797,0.6024706216979829,0.5912797964234242,0.6048089403778979,0.42359050463869174,0.5579553112357559,0.6036383409236288,1.0
5,0,0.1938259211937799,0.9418797175553932,8214,1.1668799339338791,0.9408327246165084,1369,1.1837972269271508,0.9382,0.7798665455978128,0.0837479279086269,,,0.9705691126048311,,0.9705888258621556,0.029411174137844442,0.9655030119500315,0.39200599927135815,5,0.1,0.5,1.0,0.5829588586561674,0.5724123903154463,0.5802150672178806,0.5865899379020602,0.5728348184397545,0.5665057996851125,0.5832280941044803,0.5746062543233019,0.5714119820475827,0.5755122402076898,0.5659590008824803
5,1,0.1945272510613595,0.9410708853057499,6574,1.17174688407353,0.9470802919708029,1096,1.1837831712759341,0.9383,0.7785149788748543,0.08421390476410574,,,0.9810775315146674,,0.9810953265398323,0.018904673460167665,0.9655056278512615,0.39200654940317936,5,0.1,0.5,0.5829588586561674,1.0,0.5719195340057653,0.572772828665699,0.5806934741023072,0.5703659266273514,0.5703483302415467,0.5745894792720856,0.5749848275789033,0.5664635129634009,0.578920504727127,0.5716655030972023
5,2,0.21571895663384658,0.9357081099775203,5783,1.191265263865071,0.9315352697095436,964,1.183783729236347,0.9383,0.7818963759172038,0.0843160303784334,,,0.9833806045625262,,0.9833944079112494,0.016605592088750565,0.9655044442404384,0.3920066084194525,5,0.1,0.5,0.5724123903154463,0.5719195340057653,1.0,0.5772482684481501,0.5814135826671359,0.5715190333325519,0.5764933752310017,0.5875448221242122,0.5731717683505836,0.5804847368852678,0.5801687749026037,0.575466673724192
5,3,0.21928680330873973,0.9335729146964252,5287,1.1904002938951765,0.9409761634506243,881,1.1837826643508083,0.9383,0.7812340977853709,0.08424385462575641,,,0.9817529420824164,,0.9817679835349631,0.018232016465036915,0.965504577542776,0.3920065668925496,5,0.1,0.5,0.5802150672178806,0.572772828665699,0.5772482684481501,1.0,0.5847896028412298,0.5699718698733217,0.5705339605887327,0.5856848423022217,0.579589286838574,0.5780114688253585,0.5716784757004268,0.5724191119543828
5,4,0.2046873017106085,0.9386423505572442,4935,1.1804780868383555,0.9428223844282239,822,1.183783246305423,0.9382,0.7926975864436464,0.08485194461072294,,,0.9954662074984374,,0.9954821545103157,0.004517845489684258,0.9655065355435474,0.3920067532676667,5,0.1,0.5,0.5865899379020602,0.5806934741023072,0.5814135826671359,0.5847896028412298,1.0,0.5828621541885107,0.5849473402790594,0.5949821954222843,0.592838057345008,0.5889276494304816,0.5920961021863581,0.5797917321843965
5,5,0.22236171086982198,0.9337047353760446,4667,1.19083731174469,0.9395886889460154,778,1.1837844802929571,0.9382,0.782664660587426,0.0847626268652707,,,0.9934519695073041,,0.9934641835249235,0.006535816475076506,0.9655068220297763,0.39200674655427586,5,0.1,0.5,0.5728348184397545,0.5703659266273514,0.5715190333325519,0.5699718698733217,0.5828621541885107,1.0,0.5762000103148759,0.5894837287330776,0.5802537543875269,0.574504407269398,0.5842212628965215,0.5800274775293721
5,6,0.22451195192057638,0.9332584774309455,4453,1.2041691144307454,0.9393530997304582,742,1.1837803970891447,0.9383,0.7804534961762408,0.08413601588011427,,,0.9793210300666266,,0.9793283469705336,0.020671653029466386,0.9655048772434208,0.3920064844739744,5,0.1,0.5,0.5665057996851125,0.5703483302415467,0.5764933752310017,0.5705339605887327,0.5849473402790594,0.5762000103148759,1.0,0.5903392324539514,0.5755319136150742,0.577528220450588,0.5764060549910524,0.5706297967776431
5,7,0.21425666351343936,0.9378536357259761,4277,1.1760989323906277,0.94109396914446,713,1.1837828822029284,0.9382,0.7958899961477466,0.08505298744893582,,,0.9999999999774486,,1.0,0.0,0.9655071152447506,0.3920067573301259,5,0.1,0.5,0.5832280941044803,0.5745894792720856,0.5875448221242122,0.5856848423022217,0.5949821954222843,0.5894837287330776,0.5903392324539514,1.0,0.5972481952782402,0.5951308545025569,0.59297147643452,0.588703467919502
5,8,0.22549202862457604,0.9320900944538629,4129,1.211600428277796,0.9258720930232558,688,1.1849664720102622,0.9383,0.7821672422653262,0.07618434870462126,,,0.8,,0.8,0.19999999999999996,0.9645938629601288,0.39171651994462825,5,0.1,0.5,0.5746062543233019,0.5749848275789033,0.5731717683505836,0.579589286838574,0.592838057345008,0.5802537543875269,0.5755319136150742,0.5972481952782402,1.0,0.5801078551101876,0.594196926519874,0.5887970222427665
5,9,0.229733265777574,0.9318170457385654,4001,1.2015717370169503,0.9325337331334332,667,1.1841222059231598,0.9382,0.780705071791563,0.07938828653916054,,,0.872253204275165,,0.8722704683499825,0.12772953165001755,0.9652699395688263,0.39193658219110133,5,0.1,0.5,0.5714119820475827,0.5664635129634009,0.5804847368852678,0.5780114688253585,0.5889276494304816,0.574504407269398,0.577528220450588,0.5951308545025569,0.5801078551101876,1.0,0.592303397409124,0.5688594936315537
5,10,0.21270703881307215,0.9378246335818977,3889,1.1599747510183425,0.9490740740740741,648,1.1837836187868453,0.9382,0.7899057395126382,0.08502000886007074,,,0.9992562874458609,,0.9992671050650068,0.0007328949349931779,0.9655071293793414,0.39200675725674206,5,0.1,0.5,0.5755122402076898,0.578920504727127,0.5801687749026037,0.5716784757004268,0.5920961021863581,0.5842212628965215,0.5764060549910524,0.59297147643452,0.594196926519874,0.592303397409124,1.0,0.5841389364124089
5,11,0.24791955515084899,0.9271959905038248,3791,1.1973163962364197,0.9193037974683544,632,1.183782681489524,0.9383,0.7814533995652156,0.08408206341418126,,,0.9781043277635474,,0.9781185683449626,0.02188143165503742,0.9655043668187212,0.39200643975289656,5,0.1,0.5,0.5659590008824803,0.5716655030972023,0.575466673724192,0.5724191119543828,0.5797917321843965,0.5800274775293721,0.5706297967776431,0.588703467919502,0.5887970222427665,0.5688594936315537,0.5841389364124089,1.0
6,0,0.17992640838030624,0.9460920379839298,8214,0.9273274637932001,0.9488677867056245,1369,0.945988475514677,0.9456,0.7706541105675047,0.08364456613854282,,,0.9636990924466393,,0.9637116610611917,0.03628833893880834,0.9678741750300907,0.38490921255265304,5,0.1,0.5,1.0,0.5636725241862083,0.5475802155334389,0.5610042551165519,0.5697096172884121,0.5652492499929166,0.5471030822436014,0.562622964670386,0.5568645372345341,0.5469000430900418,0.5481594305063627,0.547496757713569
6,1,0.18275417902651558,0.9436872528141163,6574,0.9334955300603595,0.9534671532846716,1096,0.9459690939123258,0.9456,0.7727377549946217,0.08403190319663642,,,0.976039250121276,,0.9760554189046735,0.02394458109532649,0.9678753914669762,0.38491017787563814,5,0.1,0.5,0.5636725241862083,1.0,0.5635765706881145,0.556659344065252,0.5666522402271442,0.5645767057112531,0.5461446429348755,0.5559325593851333,0.5559944486251395,0.5538218829417888,0.5562515519110662,0.5500286886115742
6,2,0.1989671916428192,0.94010029396507,5783,0.9533891927811408,0.941908713692946,964,0.9459727278913552,0.9456,0.7662121583295426,0.0838695196808169,,,0.970865879417122,,0.970879975904824,0.029120024095176,0.9678744658084354,0.3849098624791452,5,0.1,0.5,0.5475802155334389,0.5635765706881145,1.0,0.5548427692023258,0.5598285795959924,0.5567164725783944,0.5399786876561802,0.5536095171178523,0.5536923502016919,0.5455249433916085,0.5497170833170969,0.5474581176637815
6,3,0.2008166321227888,0.9397011537734065,5287,0.9516157763344901,0.9477866061293984,881,0.9459694926731121,0.9456,0.7680141283019766,0.08388477030675955,,,0.971351748571226,,0.9713668992520456,0.028633100747954443,0.9678742969555159,0.3849098979832179,5,0.1,0.5,0.5610042551165519,0.556659344065252,0.5548427692023258,1.0,0.5665134277695213,0.5613311074663202,0.5456664864886385,0.5607690714122177,0.5533030029160295,0.5430243050693196,0.5441804614286735,0.5418761944128183
6,4,0.1889636958318372,0.940790273556231,4935,0.9415148748801305,0.9525547445255474,822,0.9459688903424687,0.9456,0.7818516491981384,0.08478399134656961,,,0.999999999968141,,1.0,0.0,0.9678745975104486,0.38491052595552205,5,0.1,0.5,0.5697096172884121,0.5666522402271442,0.5598285795959924,0.5665134277695213,1.0,0.5728038079957165,0.5640157451473519,0.5710548568867619,0.567567641601885,0.5570332797705642,0.5652287536692053,0.553986908083653
6,5,0.20198232006817443,0.9379901435611742,4667,0.9552115654945373,0.9447300771208226,778,0.945969824402477,0.9456,0.777007984963479,0.08455235482596768,,,0.9926203002267822,,0.9926308920234928,0.00736910797650725,0.9678748213463908,0.38491051650764,5,0.1,0.5,0.5652492499929166,0.5645767057112531,0.5567164725783944,0.5613311074663202,0.5728038079957165,1.0,0.5523023931221814,0.5669356292355581,0.5588103795428263,0.552090334565149,0.5612955843854697,0.5573950036992821
6,6,0.20395354773865879,0.9385133617785762,4453,0.9662204558650652,0.9487870619946092,742,0.9459699378988613,0.9456,0.7620986621050457,0.08360271394308054,,,0.9623657248272947,,0.9623763867275739,0.03762361327242614,0.9678737506541264,0.3849090493735221,5,0.1,0.5,0.5471030822436014,0.5461446429348755,0.5399786876561802,0.5456664864886385,0.5640157451473519,0.5523023931221814,1.0,0.5606712475765797,0.5554511468234788,0.5395798479321512,0.5431568700333153,0.5416439811772632
6,7,0.19873117381540029,0.9401917231704465,4277,0.9372428085493005,0.94109396914446,713,0.9459685525193382,0.9456,0.7778514913409172,0.08477760453295652,,,0.999796522698468,,0.999804226695447,0.00019577330455300412,0.9678747022876925,0.384910525955048,5,0.1,0.5,0.562622964670386,0.5559325593851333,0.5536095171178523,0.5607690714122177,0.5710548568867619,0.5669356292355581,0.5606712475765797,1.0,0.5712971139374207,0.5536105291147813,0.5570604871647752,0.5634984271579516
6,8,0.20966949556114672,0.9356260595785905,4129,0.9770165302536704,0.9375,688,0.947123051451418,0.9457,0.7692739790174542,0.07850632345537222,,,0.8,,0.8,0.19999999999999996,0.9668300801804491,0.38464375930078043,5,0.1,0.5,0.5568645372345341,0.5559944486251395,0.5536923502016919,0.5533030029160295,0.567567641601885,0.5588103795428263,0.5554511468234788,0.5712971139374207,1.0,0.545387664361077,0.5656894694015687,0.5592272389465303
6,9,0.2150196269243246,0.9364158960259935,4001,0.9681780082838876,0.9385307346326837,667,0.9462728441332857,0.9455,0.7582021130760994,0.08027007661065153,,,0.8561913495765364,,0.856207017719994,0.14379298228000603,0.9674759122361268,0.3848165022869464,5,0.1,0.5,0.5469000430900418,0.5538218829417888,0.5455249433916085,0.5430243050693196,0.5570332797705642,0.552090334565149,0.5395798479321512,0.5536105291147813,0.545387664361077,1.0,0.5511003899778013,0.537053667944944
6,10,0.19313593572654503,0.942298791463101,3889,0.9213805766332717,0.9521604938271605,648,0.9459684898678106,0.9456,0.7690102567867431,0.08444230491561842,,,0.9891142240137974,,0.9891270518548265,0.010872948145173478,0.9678749883491705,0.38491049369799696,5,0.1,0.5,0.5481594305063627,0.5562515519110662,0.5497170833170969,0.5441804614286735,0.5652287536692053,0.5612955843854697,0.5431568700333153,0.5570604871647752,0.5656894694015687,0.5511003899778013,1.0,0.5538775094042047
