round,client_id,client_i_training_loss,client_i_training_accuracy,client_i_training_dataset_size,client_i_evaluation_loss,client_i_evaluation_accuracy,client_i_evaluation_dataset_size,client_i_central_evaluation_loss,client_i_central_evaluation_accuracy,client_i_cosine_similarity,client_i_importance_coefficient,client_i_tanh_val,tanh_normalization_value,client_i_q,client_i_mask_order,client_i_v_nonzero_fraction,client_i_v_sparsity,client_i_v_cosine_similarity,client_i_reward_gradient_norm,local_epochs,learning_rate,gamma,client_0_cosine_similarity,client_1_cosine_similarity,client_2_cosine_similarity,client_3_cosine_similarity,client_4_cosine_similarity,client_5_cosine_similarity,client_6_cosine_similarity,client_7_cosine_similarity,client_8_cosine_similarity,client_9_cosine_similarity,client_10_cosine_similarity,client_11_cosine_similarity
0,0,0.27149792331205647,0.9157535914292672,8214,2.162521395572396,0.4806428049671293,1369,2.161864165680858,0.4944,0.7937342407073616,0.0842272392822895,,,0.9393700616515588,,0.9393805531850811,0.06061944681491893,0,0.39329939314739387,5,0.1,0.5,1.0,0.5773359966784796,0.5624811948891815,0.5713407728851568,0.5560154341850819,0.574316975908373,0.5594285565835126,0.559363048730356,0.5685856990775493,0.5538077337269908,0.558890903757348,0.5628208816289685
0,1,0.30444128841921253,0.9073319135990264,6574,2.16519615309579,0.48905109489051096,1096,2.161863477847066,0.4943,0.7987949028700094,0.08476425227862983,,,0.9699999999429624,,0.9700015059484965,0.029998494051503455,0,0.39330265407674947,5,0.1,0.5,0.5773359966784796,1.0,0.586952717319064,0.5808638715546757,0.5792633506669896,0.5827249181547893,0.5786731655835378,0.5791629490972159,0.606680069673889,0.582990562815305,0.5726452376088639,0.586100948832289
0,2,0.32878160458161027,0.8972851461179319,5783,2.1580284641635035,0.5124481327800829,964,2.161878128021289,0.4941,0.7877666050855705,0.08359398264840892,,,0.9032506162180778,,0.9032679082375383,0.09673209176246167,0,0.39328639885310546,5,0.1,0.5,0.5624811948891815,0.586952717319064,1.0,0.5762059006166901,0.5843874787292541,0.5946325882431904,0.5718084523483519,0.5731271502321618,0.5946316107356694,0.5777549923794206,0.5721510621344988,0.5863671800693093
0,3,0.32098058962812986,0.8997541138641952,5287,2.1621785078729903,0.49716231555051077,881,2.161888530840889,0.4942,0.7858594575627279,0.08339160537587252,,,0.8917075001080085,,0.8917223030972341,0.1082776969027659,0,0.3932778826189886,5,0.1,0.5,0.5713407728851568,0.5808638715546757,0.5762059006166901,1.0,0.5781034911743492,0.5957965720579906,0.5838964857755174,0.5899495566433101,0.591154716283447,0.5661482607891732,0.5732700462682795,0.5978922442857443
0,4,0.32742893204693835,0.8986828774062816,4935,2.1623071248714743,0.5060827250608273,822,2.1619169369292335,0.494,0.7818871966799775,0.08297008826006193,,,0.8676651709017581,,0.8676773254354702,0.13232267456452984,0,0.39325553794213075,5,0.1,0.5,0.5560154341850819,0.5792633506669896,0.5843874787292541,0.5781034911743492,1.0,0.6005012220538571,0.5887433596301456,0.585389593902526,0.5901236049554986,0.5907652170974439,0.5655807666204515,0.5878034243586919
0,5,0.3422695362034624,0.8910649239340047,4667,2.1618414306640625,0.5,778,2.1618608003988053,0.4944,0.7953064125681854,0.0843940705574484,,,0.9488857189969436,,0.9488981476833492,0.051101852316650764,0,0.3933009101600786,5,0.1,0.5,0.574316975908373,0.5827249181547893,0.5946325882431904,0.5957965720579906,0.6005012220538571,1.0,0.5916897999164521,0.6041338082283321,0.6172962320520174,0.6078249712945499,0.588923023019621,0.6009948196568781
0,6,0.35727762889915277,0.8858746912194027,4453,2.15807843208313,0.5256064690026954,742,2.1619562241977777,0.4938,0.7772630837733074,0.08247939975970023,,,0.83967747118349,,0.839691782541037,0.16030821745896295,0,0.393211117365717,5,0.1,0.5,0.5594285565835126,0.5786731655835378,0.5718084523483519,0.5838964857755174,0.5887433596301456,0.5916897999164521,1.0,0.5823798344996174,0.5994333720533959,0.5833542617523337,0.5811263370871161,0.583238923386457
0,7,0.36293475803877434,0.8856675239653963,4277,2.163834520008253,0.4586255259467041,713,2.1619211591470737,0.4941,0.7809648103402071,0.08287220908216313,,,0.8620823764452274,,0.8621002961698709,0.13789970383012906,0,0.3932483371619896,5,0.1,0.5,0.559363048730356,0.5791629490972159,0.5731271502321618,0.5899495566433101,0.585389593902526,0.6041338082283321,0.5823798344996174,1.0,0.6116621040013628,0.5790726809699356,0.5986850206865341,0.5997849166884828
0,8,0.36195426329487346,0.8862678614676677,4129,2.1587564186616377,0.48255813953488375,688,2.1618611469817237,0.4944,0.7960384841916371,0.08447175445797572,,,0.9533166230823258,,0.9533306560915616,0.046669343908438354,0,0.39330145350071705,5,0.1,0.5,0.5685856990775493,0.606680069673889,0.5946316107356694,0.591154716283447,0.5901236049554986,0.6172962320520174,0.5994333720533959,0.6116621040013628,1.0,0.6136571788094446,0.6046462765501128,0.6154075944093742
0,9,0.38056607091996175,0.8814796300924769,4001,2.165427866436186,0.48125937031484256,667,2.161993033588885,0.4933,0.7741341627002111,0.0821473737862658,,,0.8207395029280722,,0.8207569901109382,0.17924300988906183,0,0.39316951499227704,5,0.1,0.5,0.5538077337269908,0.582990562815305,0.5777549923794206,0.5661482607891732,0.5907652170974439,0.6078249712945499,0.5833542617523337,0.5790726809699356,0.6136571788094446,1.0,0.5830868174700701,0.5780668497561949
0,10,0.37368351158487506,0.8817176652095654,3889,2.1560311317443848,0.5246913580246914,648,2.1619917188589564,0.4936,0.7707075930237818,0.0817837627824154,,,0.8,,0.8,0.19999999999999996,0,0.39310845869832245,5,0.1,0.5,0.558890903757348,0.5726452376088639,0.5721510621344988,0.5732700462682795,0.5655807666204515,0.588923023019621,0.5811263370871161,0.5986850206865341,0.6046462765501128,0.5830868174700701,1.0,0.5996257436293102
0,11,0.39406215867825917,0.8750197836982326,3791,2.1679845213890077,0.4762658227848101,632,2.1619187201173924,0.494,0.7812668656293602,0.0829042617287685,,,0.8639105828281071,,0.8639224938507103,0.1360775061492897,0,0.39325060756245106,5,0.1,0.5,0.5628208816289685,0.586100948832289,0.5863671800693093,0.5978922442857443,0.5878034243586919,0.6009948196568781,0.583238923386457,0.5997849166884828,0.6154075944093742,0.5780668497561949,0.5996257436293102,1.0
1,0,0.24699051404110942,0.9238616995373752,8214,1.9952559692915095,0.7363038714390066,1369,1.9953810277457436,0.738,0.7945694252005869,0.08344642293733415,,,0.8902202093115502,,0.8902364339139601,0.10976356608603988,0.9590000948597621,0.4040919070385062,5,0.1,0.5,1.0,0.6175580008706913,0.6161618143614962,0.6203981250391286,0.6054257486885136,0.6221717151606949,0.6137549931750362,0.6104625606055427,0.5637090858890024,0.6113237857953289,0.6089867840969808,0.6127229663057
1,1,0.27308438052830186,0.9170063888043809,6574,1.998609699521746,0.7490875912408759,1096,1.9953610002042386,0.7384,0.8116339220303014,0.08439652860218431,,,0.9678482261229792,,0.9678580392550574,0.03214196074494258,0.9591144744726791,0.40412307697324107,5,0.1,0.5,0.6175580008706913,1.0,0.6199028232546899,0.6357767288384244,0.6373770037993307,0.6405206064457674,0.6242765188796369,0.6242611432987926,0.5848238062415215,0.6339603523305655,0.6244901486022365,0.6232153911354826
1,2,0.29423110438768046,0.9096662631851979,5783,1.9873274872379918,0.7645228215767634,964,1.99540037164292,0.7379,0.8064774682817776,0.08344210815426154,,,0.8898676716251748,,0.8898750062747854,0.11012499372521456,0.958968485781254,0.4040914626710796,5,0.1,0.5,0.6161618143614962,0.6199028232546899,1.0,0.6281719629362713,0.6279090603872599,0.6256826543492103,0.6275921588962771,0.6193158337484924,0.5797204322134327,0.6316904947073286,0.6196494465046987,0.625826712846662
1,3,0.28758723515686185,0.9102704747493853,5287,1.995385182755334,0.7412031782065834,881,1.9954137348900207,0.7381,0.8172417546433711,0.08368319496509691,,,0.9095655764971486,,0.9095778324381306,0.09042216756186938,0.9589813605108134,0.40410767320888763,5,0.1,0.5,0.6203981250391286,0.6357767288384244,0.6281719629362713,1.0,0.637230642161665,0.6426045062049939,0.6327959027494695,0.6314732347083029,0.5913919145111046,0.6396732467520495,0.6362513778760561,0.6310789225012265
1,4,0.2864879184961319,0.910516717325228,4935,1.9988879148776715,0.7615571776155717,822,1.9954598277521591,0.7376,0.8139683407092173,0.08329008142375623,,,0.8774463862586532,,0.8774559510064756,0.12254404899352445,0.9589069537873706,0.40407742368548044,5,0.1,0.5,0.6054257486885136,0.6373770037993307,0.6279090603872599,0.637230642161665,1.0,0.6430421933809548,0.6285085148062644,0.6364355608357828,0.5906091510753821,0.6341995732616833,0.6211617669801459,0.6348169301275781
1,5,0.30742619934121834,0.9068352260552818,4667,1.994418511390686,0.718508997429306,778,1.995358382551053,0.7383,0.8194232103046282,0.08442286461534529,,,0.9699999999182953,,0.9700015059484965,0.029998494051503455,0.9591081080393572,0.40412318218823146,5,0.1,0.5,0.6221717151606949,0.6405206064457674,0.6256826543492103,0.6426045062049939,0.6430421933809548,1.0,0.6370107119036829,0.6388527300003355,0.5949330174474593,0.6391212047960029,0.6299275908500872,0.6296738053005342
1,6,0.3141736301553569,0.9019537390523242,4453,1.9930613487958908,0.7439353099730458,742,1.9955503491167061,0.7367,0.8138788820163628,0.0829621148767972,,,0.8506500060634704,,0.8506701470809699,0.14932985291903011,0.9587310347674902,0.4040348413764208,5,0.1,0.5,0.6137549931750362,0.6242765188796369,0.6275921588962771,0.6327959027494695,0.6285085148062644,0.6370107119036829,1.0,0.6308970910886881,0.6006547820359625,0.6407558241382284,0.634447231315893,0.6276944594511695
1,7,0.32412425066108136,0.8982931961655366,4277,1.9971762636433477,0.7208976157082749,713,1.9954723074032477,0.7375,0.8120004154724874,0.08315671312552586,,,0.8665495809030392,,0.8665629235480147,0.13343707645198533,0.9588653849680467,0.4040626385178956,5,0.1,0.5,0.6104625606055427,0.6242611432987926,0.6193158337484924,0.6314732347083029,0.6364355608357828,0.6388527300003355,0.6308970910886881,1.0,0.5881767213270463,0.6316738418469979,0.6314264299066246,0.6355530119893675
1,8,0.3563822081777191,0.8947929280697505,4129,1.990955119783228,0.7325581395348837,688,1.9953691635649806,0.7377,0.770905701454751,0.08278377008553901,,,0.8360784136962107,,0.8361026052908991,0.16389739470910092,0.9588105618227631,0.40400376532727716,5,0.1,0.5,0.5637090858890024,0.5848238062415215,0.5797204322134327,0.5913919145111046,0.5906091510753821,0.5949330174474593,0.6006547820359625,0.5881767213270463,1.0,0.5920495611109191,0.5876959488087892,0.5980927150546396
1,9,0.3219115795066861,0.9017245688577855,4001,2.000087300936381,0.7241379310344828,667,1.9955964998696178,0.7371,0.8169425556377903,0.08284905375334468,,,0.8414123905889067,,0.8414286431404046,0.15857135685959545,0.9586360319237196,0.40401555788963767,5,0.1,0.5,0.6113237857953289,0.6339603523305655,0.6316904947073286,0.6396732467520495,0.6341995732616833,0.6391212047960029,0.6407558241382284,0.6316738418469979,0.5920495611109191,1.0,0.632743575816104,0.6423482790628445
1,10,0.33517604426587705,0.9004371303677038,3889,1.989283732005528,0.7283950617283951,648,1.9956553496491796,0.737,0.809304580868443,0.08234219877353648,,,0.8,,0.8,0.19999999999999996,0.9583464774640288,0.4038913951265479,5,0.1,0.5,0.6089867840969808,0.6244901486022365,0.6196494465046987,0.6362513778760561,0.6211617669801459,0.6299275908500872,0.634447231315893,0.6314264299066246,0.5876959488087892,0.632743575816104,1.0,0.6305018303939932
1,11,0.346137060951285,0.8924294381429702,3791,2.0040082931518555,0.7072784810126582,632,1.995461135626601,0.7377,0.8133497550664641,0.0832249486872782,,,0.8721247411518556,,0.8721399528136138,0.12786004718638622,0.9588867550348426,0.40407061937218064,5,0.1,0.5,0.6127229663057,0.6232153911354826,0.625826712846662,0.6310789225012265,0.6348169301275781,0.6296738053005342,0.6276944594511695,0.6355530119893675,0.5980927150546396,0.6423482790628445,0.6305018303939932,1.0
2,0,0.22666052461779362,0.9315315315315316,8214,1.7881210210711458,0.8670562454346238,1369,1.7904530877884204,0.8696,0.7957650728719653,0.0828347586674436,,,0.8213693444777007,,0.8213844686511721,0.1786155313488279,0.9675549687915849,0.4059658484021719,5,0.1,0.5,1.0,0.6168860330481617,0.6130566002912634,0.6151401563101258,0.6097748404808839,0.6218715395481751,0.6182358045379177,0.6147326928913045,0.6129003761979065,0.612041291532975,0.6092446655412045,0.6116746522816132
2,1,0.2533129353028749,0.9223912382111348,6574,1.7928037984030587,0.875,1096,1.7902906531343064,0.8696,0.8076138492431242,0.08387489608865115,,,0.9203046676447219,,0.9203252848752572,0.07967471512474278,0.9679714689282091,0.4061124156846221,5,0.1,0.5,0.6168860330481617,1.0,0.6226834806600109,0.6269313493772728,0.6192563118681443,0.627240666569116,0.627850281944655,0.6274575115935955,0.6246699939391365,0.6262780400789555,0.6211258995417779,0.6265640608690614
2,2,0.2655369723313462,0.9200069168251772,5783,1.777374271423586,0.8869294605809128,964,1.790400990282004,0.8696,0.8093272024271778,0.08330368306356184,,,0.8659722841709947,,0.8659856432909995,0.13401435670900053,0.9678033062623835,0.4060633491809271,5,0.1,0.5,0.6130566002912634,0.6226834806600109,1.0,0.630927200906449,0.6254071883775786,0.6362898832192068,0.635589062137468,0.6196870446258584,0.6230384121020651,0.6300445590733987,0.618327903605186,0.632790944804922
2,3,0.26649791847869575,0.9167770001891432,5287,1.7903126648494176,0.8706015891032917,881,1.7903864322759855,0.8699,0.8132516605020476,0.08359954422095263,,,0.8941138726017275,,0.8941268008634105,0.10587319913658955,0.9678966279255526,0.40609568649783545,5,0.1,0.5,0.6151401563101258,0.6269313493772728,0.630927200906449,1.0,0.6266364941300395,0.6363111896162094,0.6328742242517961,0.6352187247793806,0.63141982672326,0.6379278130484727,0.6207460440790719,0.6309846882120372
2,4,0.2532272840080963,0.9227558257345492,4935,1.7976922071897066,0.8552311435523114,822,1.7905090955880503,0.8699,0.8097805143643452,0.08321897162497824,,,0.8579147396760741,,0.8579288188343959,0.14207118116560413,0.9677564296146264,0.40605004015057694,5,0.1,0.5,0.6097748404808839,0.6192563118681443,0.6254071883775786,0.6266364941300395,1.0,0.6352020738842299,0.6273726239731356,0.6284818389453554,0.6257525577755007,0.6356882187016953,0.6186283242587739,0.6408708351621978
2,5,0.27632404549608697,0.9187486608099421,4667,1.7873566675186157,0.8740359897172236,778,1.7902818522133386,0.8695,0.8221326648937458,0.08439735837096334,,,0.9699999999048824,,0.9700015059484965,0.029998494051503455,0.9679854809569068,0.4061225915355126,5,0.1,0.5,0.6218715395481751,0.627240666569116,0.6362898832192068,0.6363111896162094,0.6352020738842299,1.0,0.638546699000723,0.6432964398312813,0.6426487013177535,0.6493592159418806,0.6411474169132806,0.6369561565863938
2,6,0.27505451119770963,0.9153379743992813,4453,1.7896970609823863,0.8935309973045822,742,1.790637780683109,0.8694,0.8156749821870914,0.08320725224233769,,,0.8568000207118098,,0.8568194367752623,0.1431805632247377,0.9676455782859331,0.4060481761104192,5,0.1,0.5,0.6182358045379177,0.627850281944655,0.635589062137468,0.6328742242517961,0.6273726239731356,0.638546699000723,1.0,0.6357746277492743,0.6308616795224717,0.6416543916764709,0.6358180230498108,0.6274799999751126
2,7,0.2928790880200356,0.9111994388590133,4277,1.7932254335154658,0.8513323983169705,713,1.7905036508084866,0.8699,0.814625381631966,0.08329935821107975,,,0.8655609147987938,,0.8655790371969279,0.13442096280307214,0.9677550176773131,0.40606306876660736,5,0.1,0.5,0.6147326928913045,0.6274575115935955,0.6196870446258584,0.6352187247793806,0.6284818389453554,0.6432964398312813,0.6357746277492743,1.0,0.635395000043875,0.6342671072550573,0.6356877228528574,0.6309268352702995
2,8,0.29598439551280953,0.9140712036812788,4129,1.7860904065045444,0.877906976744186,688,1.7903989157356774,0.8695,0.8133526350537614,0.08300859126770274,,,0.8379038755242195,,0.8379197831434165,0.16208021685658347,0.9675254588404378,0.40600934444842585,5,0.1,0.5,0.6129003761979065,0.6246699939391365,0.6230384121020651,0.63141982672326,0.6257525577755007,0.6426487013177535,0.6308616795224717,0.635395000043875,1.0,0.6403929124964595,0.6298019123069418,0.6332739186474415
2,9,0.2872620835145917,0.9119220194951262,4001,1.797020401273455,0.8515742128935532,667,1.7906909152722588,0.8692,0.81943386133635,0.08326328314314642,,,0.8621295427209454,,0.8621454746247679,0.13785452537523213,0.9676428669722772,0.40605754147342543,5,0.1,0.5,0.612041291532975,0.6262780400789555,0.6300445590733987,0.6379278130484727,0.6356882187016953,0.6493592159418806,0.6416543916764709,0.6342671072550573,0.6403929124964595,1.0,0.636770710823535,0.6447278275799916
2,10,0.30090888365645146,0.9110311133967601,3889,1.7848182973407565,0.8796296296296297,648,1.7909719098490267,0.8685,0.8102869697625571,0.08261009618950932,,,0.8,,0.8,0.19999999999999996,0.9670442855853661,0.4058915774475385,5,0.1,0.5,0.6092446655412045,0.6211258995417779,0.618327903605186,0.6207460440790719,0.6186283242587739,0.6411474169132806,0.6358180230498108,0.6356877228528574,0.6298019123069418,0.636770710823535,1.0,0.6350584447991812
2,11,0.3066035880793293,0.9033500395673965,3791,1.801687204837799,0.8465189873417721,632,1.7904776410934644,0.8699,0.8157105537977862,0.08338220690967331,,,0.873441280029577,,0.8734501280056222,0.12654987199437784,0.967791529313929,0.4060737610035215,5,0.1,0.5,0.6116746522816132,0.6265640608690614,0.632790944804922,0.6309846882120372,0.6408708351621978,0.6369561565863938,0.6274799999751126,0.6309268352702995,0.6332739186474415,0.6447278275799916,0.6350584447991812,1.0
3,0,0.2120974571860834,0.9359142926710494,8214,1.5526484666868698,0.9116143170197224,1369,1.5575350012642126,0.9134,0.7967480119140044,0.08269001230938375,,,0.8,,0.8,0.19999999999999996,0.9710507804943752,0.40262559022711,5,0.1,0.5,1.0,0.6145742507234158,0.6151255457982274,0.6102249860077189,0.6138079840973942,0.6179892444465109,0.6010658045025953,0.6044539820960153,0.6248574931244205,0.5899483361080514,0.6068116937875435,0.6069272046239798
3,1,0.23069795605328694,0.9302099178582294,6574,1.558427323613848,0.9206204379562044,1096,1.5571504336195632,0.9135,0.8058515238590215,0.08369690152614025,,,0.8995014719645016,,0.8995130766527785,0.10048692334722154,0.9716211632014605,0.40283885776838574,5,0.1,0.5,0.6145742507234158,1.0,0.6181297108449678,0.6067995665822444,0.6277757781285569,0.6326875315463715,0.6133990008913249,0.613221063735317,0.6283464734291326,0.6067445314285089,0.6082789410399438,0.6189379027143949
3,2,0.24901182666029884,0.9246411896939305,5783,1.539037823677063,0.9253112033195021,964,1.557305328381328,0.9136,0.8062859810432087,0.0833334870752892,,,0.8635886106575414,,0.8636012248381105,0.13639877516188947,0.9714859947661864,0.40279800526270815,5,0.1,0.5,0.6151255457982274,0.6181297108449678,1.0,0.6165434190382703,0.627052717207535,0.6300263795540463,0.6183531753218635,0.6098645571567554,0.6261163679027687,0.6045382417734982,0.6131335456721392,0.616873395479101
3,3,0.23867229590843242,0.9258180442595044,5287,1.5579822404044015,0.9046538024971623,881,1.557311207722551,0.9138,0.8018593033516578,0.08337515927145261,,,0.8677066852075996,,0.867722503890367,0.13227749610963302,0.9715490723914821,0.4028042721965201,5,0.1,0.5,0.6102249860077189,0.6067995665822444,0.6165434190382703,1.0,0.6182428099230697,0.6192170210363628,0.6163266477043338,0.6105914922103551,0.6281277487850707,0.6075904350520523,0.6039881736591314,0.6140429514633701
3,4,0.23682291289971721,0.9285916919959473,4935,1.5689614461018488,0.8965936739659367,822,1.5574479967641373,0.9136,0.8115316903415438,0.08346032234466237,,,0.8761225575800224,,0.8761407559861453,0.12385924401385473,0.9714834606823047,0.4028158317674504,5,0.1,0.5,0.6138079840973942,0.6277757781285569,0.627052717207535,0.6182428099230697,1.0,0.632040014831742,0.6152360531527648,0.6241868428995818,0.6405724843416836,0.6093319344403227,0.6158813947182703,0.6227079619749885
3,5,0.25335604514263266,0.9253053353331905,4667,1.5522634744644166,0.910025706940874,778,1.5571107738695966,0.9136,0.8163768919546819,0.0844103000937712,,,0.9699999999011792,,0.9700015059484965,0.029998494051503455,0.9716746929714982,0.402864914620901,5,0.1,0.5,0.6179892444465109,0.6326875315463715,0.6300263795540463,0.6192170210363628,0.632040014831742,1.0,0.6209101623169283,0.6273823832722245,0.636281503255688,0.6192496235160142,0.6239240893324384,0.6288307438106874
3,6,0.2589030553626695,0.9229732764428475,4453,1.557993213335673,0.9258760107816711,742,1.5575940685150342,0.9133,0.8033041273869351,0.08316556690713207,,,0.8469946263084156,,0.8470056724060037,0.15299432759399634,0.9714145467072097,0.40276750690003027,5,0.1,0.5,0.6010658045025953,0.6133990008913249,0.6183531753218635,0.6163266477043338,0.6152360531527648,0.6209101623169283,1.0,0.6123894741010043,0.6292661131499453,0.6127200495695391,0.6114553090504306,0.6162994793638437
3,7,0.26351802292794213,0.9212999766191255,4277,1.5613620281219482,0.9046283309957924,713,1.5574144528696712,0.9136,0.8032982231654356,0.08322640378273138,,,0.8530065674148586,,0.8530244465639275,0.1469755534360725,0.9714478129901394,0.40277988030917156,5,0.1,0.5,0.6044539820960153,0.613221063735317,0.6098645571567554,0.6105914922103551,0.6241868428995818,0.6273823832722245,0.6123894741010043,1.0,0.626807321148483,0.6058670455288929,0.6202660390919467,0.6119355963300878
3,8,0.25726458786574835,0.9244369096633568,4129,1.5530930757522583,0.9186046511627907,688,1.5572839952505435,0.9133,0.8181095108026518,0.08355033692496229,,,0.8850178591574498,,0.8850358917725014,0.11496410822749858,0.9714010246946823,0.40282589259393664,5,0.1,0.5,0.6248574931244205,0.6283464734291326,0.6261163679027687,0.6281277487850707,0.6405724843416836,0.636281503255688,0.6292661131499453,0.626807321148483,1.0,0.6146547330133231,0.6287961224992853,0.627628771241776
3,9,0.26527803369635156,0.9225193701574607,4001,1.5655361527488345,0.9055472263868066,667,1.5577691382112595,0.9131,0.7960444316588378,0.08294947318127772,,,0.8256400984745943,,0.8256613623814065,0.17433863761859347,0.9713328253271677,0.40271554685999433,5,0.1,0.5,0.5899483361080514,0.6067445314285089,0.6045382417734982,0.6075904350520523,0.6093319344403227,0.6192496235160142,0.6127200495695391,0.6058670455288929,0.6146547330133231,1.0,0.614958574492181,0.6113514913704424
3,10,0.2728169667885685,0.9204937001799949,3889,1.5532792749859037,0.9182098765432098,648,1.558091282463683,0.9133,0.8029639523906649,0.08275793861660173,,,0.806712523523764,,0.8067315897796296,0.19326841022037045,0.9710057331093217,0.4026538852088337,5,0.1,0.5,0.6068116937875435,0.6082789410399438,0.6131335456721392,0.6039881736591314,0.6158813947182703,0.6239240893324384,0.6114553090504306,0.6202660390919467,0.6287961224992853,0.614958574492181,1.0,0.6194915735725607
3,11,0.2796991701136116,0.9164336586652598,3791,1.5708029747009278,0.9161392405063291,632,1.5574168046823325,0.9137,0.8062449723079848,0.08338409796659572,,,0.868590013094501,,0.8686009738466944,0.13139902615330556,0.9715012380165836,0.40280565260302853,5,0.1,0.5,0.6069272046239798,0.6189379027143949,0.616873395479101,0.6140429514633701,0.6227079619749885,0.6288307438106874,0.6162994793638437,0.6119355963300878,0.627628771241776,0.6113514913704424,0.6194915735725607,1.0
4,0,0.2000611410011512,0.9390309228147066,8214,1.3078543529954068,0.9298758217677137,1369,1.3152067569878916,0.9318,0.78818267653425,0.0827514678435921,,,0.8928960687416942,,0.8929069825811957,0.10709301741880428,0.9689673900480026,0.39626373488835176,5,0.1,0.5,1.0,0.5953694435283393,0.5999600845687305,0.6075201268943223,0.6025688066842001,0.6036983606839387,0.5895475671411191,0.5970460671316028,0.5999925574110616,0.5208306774843957,0.5905507288006311,0.5920238936665496
4,1,0.216053667471934,0.9347125038028598,6574,1.3141878843307495,0.9388686131386861,1096,1.3147475033903275,0.9319,0.793041466951224,0.08359289863092449,,,0.9305756659078187,,0.930600873450128,0.06939912654987201,0.9694803636695803,0.396288721812689,5,0.1,0.5,0.5953694435283393,1.0,0.6008249377366456,0.6110524210421228,0.6034135999502646,0.6040179643481433,0.5957927536562881,0.6081674449803164,0.6046527008623467,0.5285653594236929,0.5885838960634276,0.6000160545165134
4,2,0.22443195535538935,0.9337368148020059,5783,1.2918049135515768,0.9398340248962656,964,1.314923610550146,0.9318,0.7954087993740052,0.08343374574612991,,,0.9234487379689228,,0.9234576577481051,0.07654234225189493,0.9693888412703165,0.39628564616285344,5,0.1,0.5,0.5999600845687305,0.6008249377366456,1.0,0.6147427241511263,0.6092190071891468,0.6070803638211578,0.6047825543585285,0.5958538863036188,0.5978502742622662,0.5347064354344939,0.5957396842630296,0.6040338512033568
4,3,0.21451229938721084,0.9342916587857008,5287,1.3167310229369573,0.923950056753689,881,1.3149427049837934,0.9319,0.8060346633831077,0.08383421578200578,,,0.9413819415741117,,0.9413985241704733,0.058601475829526684,0.9693998109988402,0.3962921224609597,5,0.1,0.5,0.6075201268943223,0.6110524210421228,0.6147427241511263,1.0,0.6184638845658478,0.6144310204355174,0.6090778816828917,0.6164216679148578,0.6221306485697832,0.5420149255284532,0.6004365273410233,0.609312619571196
4,4,0.21108021027138157,0.9357649442755825,4935,1.330902901979593,0.916058394160584,822,1.3150877168003363,0.9318,0.8051991548986396,0.08386166488050392,,,0.9426111228562254,,0.9426283821093319,0.057371617890668136,0.9694135210750323,0.39629247520734434,5,0.1,0.5,0.6025688066842001,0.6034135999502646,0.6092190071891468,0.6184638845658478,1.0,0.6194045301853308,0.6083044853152557,0.6207616433453411,0.6144368208275044,0.5410048412544444,0.6024437192413171,0.6172058258811018
4,5,0.22821294914242135,0.9334476108849368,4667,1.3076488733291627,0.9344473007712082,778,1.3147096207347542,0.9319,0.8045874113524417,0.08447329149423737,,,0.9699999999552196,,0.9700015059484965,0.029998494051503455,0.9695479129104962,0.39629639953777634,5,0.1,0.5,0.6036983606839387,0.6040179643481433,0.6070803638211578,0.6144310204355174,0.6194045301853308,1.0,0.6118340042589557,0.6095833327589256,0.6109693415834967,0.5413835673440954,0.6084630987127585,0.616258308348421
4,6,0.23390831025616665,0.9303390972378172,4453,1.316267266869545,0.9393530997304582,742,1.315243062881616,0.9318,0.7978906704843904,0.08340889139681466,,,0.9223357505620873,,0.9223532955172933,0.07764670448270672,0.9693187837248659,0.39628514932638453,5,0.1,0.5,0.5895475671411191,0.5957927536562881,0.6047825543585285,0.6090778816828917,0.6083044853152557,0.6118340042589557,1.0,0.6060452717769607,0.6104732440527116,0.5372412028662242,0.6085040530382908,0.6075548099864146
4,7,0.2388232210734442,0.9293429974281038,4277,1.320962491242782,0.9354838709677419,713,1.3150503879157118,0.9318,0.8009060671947558,0.0835551983588423,,,0.9288874330947388,,0.9288991516490136,0.0711008483509864,0.9693548288836213,0.39628801079814896,5,0.1,0.5,0.5970460671316028,0.6081674449803164,0.5958538863036188,0.6164216679148578,0.6207616433453411,0.6095833327589256,0.6060452717769607,1.0,0.6139439362924656,0.535234370402271,0.6049246574441084,0.609533873983847
4,8,0.23625279034528202,0.9290385081133447,4129,1.310344159603119,0.934593023255814,688,1.3149095575649516,0.9317,0.8022967424873312,0.08381985110121772,,,0.9407386855943415,,0.9407559861452738,0.05924401385472622,0.9694422851551674,0.3962919675348887,5,0.1,0.5,0.5999925574110616,0.6046527008623467,0.5978502742622662,0.6221306485697832,0.6144368208275044,0.6109693415834967,0.6104732440527116,0.6139439362924656,1.0,0.5356348533850087,0.6068347690107228,0.6123723985351395
4,9,0.2647374905898427,0.9234191452136966,4001,1.3256091049739294,0.9265367316341829,667,1.3156296273770804,0.9319,0.7241082463466795,0.080676986741345,,,0.8,,0.8,0.19999999999999996,0.9690091743767724,0.3960476601186508,5,0.1,0.5,0.5208306774843957,0.5285653594236929,0.5347064354344939,0.5420149255284532,0.5410048412544444,0.5413835673440954,0.5372412028662242,0.535234370402271,0.5356348533850087,1.0,0.5330231767576307,0.5393983761262682
4,10,0.25261549133440997,0.9271792234507585,3889,1.3116881393250965,0.9290123456790124,648,1.3157952376447928,0.9321,0.792715113789874,0.08295570906544604,,,0.9020420699102176,,0.9020631494402891,0.09793685055971091,0.9690377267301891,0.39627254982395577,5,0.1,0.5,0.5905507288006311,0.5885838960634276,0.5957396842630296,0.6004365273410233,0.6024437192413171,0.6084630987127585,0.6085040530382908,0.6049246574441084,0.6068347690107228,0.5330231767576307,1.0,0.6024309294910598
4,11,0.24852442731219931,0.9243471379583224,3791,1.3304505050182343,0.9335443037974683,632,1.3150471429855297,0.9319,0.8002158310744204,0.08363607895894061,,,0.9325092977521046,,0.9325284875257266,0.06747151247427341,0.9693998880452486,0.39628943137473893,5,0.1,0.5,0.5920238936665496,0.6000160545165134,0.6040338512033568,0.609312619571196,0.6172058258811018,0.616258308348421,0.6075548099864146,0.609533873983847,0.6123723985351395,0.5393983761262682,0.6024309294910598,1.0
5,0,0.18500019254576022,0.9425614803993182,8214,1.0644795326299445,0.943754565376187,1369,1.0744056954932288,0.943,0.7767344279924746,0.08285597787469408,,,0.9208873703593369,,0.9209075849605943,0.07909241503940567,0.9675347285269131,0.38970134044599997,5,0.1,0.5,1.0,0.5745136616803999,0.576229881891844,0.5830141433814918,0.5772135022343458,0.5750755239224101,0.5684993822915333,0.5690671811980587,0.5772993226385664,0.5013515971845143,0.5835548997581497,0.5796651434601128
5,1,0.20157909748128625,0.9402494675996349,6574,1.0710809281894138,0.9534671532846716,1096,1.073962075832172,0.943,0.7807019182371898,0.08355983290143096,,,0.9434717437824455,,0.94348175292405,0.05651824707594999,0.9676011959465848,0.38970943842139616,5,0.1,0.5,0.5745136616803999,1.0,0.5748540347236248,0.5815633985454798,0.5841905637184484,0.5839717158709178,0.5734674406096218,0.5672769506692582,0.5875696463837454,0.5054977043306372,0.5772506408957997,0.5879987878918997
5,2,0.2115169212602861,0.9336676465502335,5783,1.0472604901559892,0.9481327800829875,964,1.0741457424986476,0.943,0.7809564833222487,0.08346215084612392,,,0.940337450597074,,0.9403543998795241,0.05964560012047593,0.9675945175613188,0.3897086073735397,5,0.1,0.5,0.576229881891844,0.5748540347236248,1.0,0.5880954354188107,0.5874376245889621,0.5789827192888134,0.5799473761880262,0.5669692699295651,0.575542598505297,0.51081580221066,0.5804619274258103,0.5823011227868559
5,3,0.2020820017960147,0.9377718933232457,5287,1.077801180737359,0.9296254256526674,881,1.0741618393709103,0.9431,0.7924828344706285,0.08413710366627139,,,0.9619944480669367,,0.9620049194317555,0.03799508056824452,0.967613261927736,0.3897125851810378,5,0.1,0.5,0.5830141433814918,0.5815633985454798,0.5880954354188107,1.0,0.5962508924184459,0.5883395241674033,0.5868367488213736,0.5837591448547464,0.5937251939770763,0.526805686054299,0.5880221806796179,0.5912503812777671
5,4,0.19457577600113807,0.9400202634245187,4935,1.093818024947093,0.9306569343065694,822,1.0742994512612827,0.943,0.7908327638449547,0.08409729710650328,,,0.9607171875852432,,0.960734902866322,0.039265097133677984,0.9676141229613375,0.3897124670676743,5,0.1,0.5,0.5772135022343458,0.5841905637184484,0.5874376245889621,0.5962508924184459,1.0,0.5862799962230508,0.5794061794843849,0.586952993785955,0.5948878967083094,0.5149381888775195,0.5859848495976577,0.5981130045771031
5,5,0.21059243984086667,0.9383758302978359,4667,1.06495521068573,0.9434447300771208,778,1.0739110146467679,0.943,0.7874137906709573,0.08438660130969682,,,0.9699999999679133,,0.9700015059484965,0.029998494051503455,0.9676254773559182,0.389713199259037,5,0.1,0.5,0.5750755239224101,0.5839717158709178,0.5789827192888134,0.5883395241674033,0.5862799962230508,1.0,0.5795818346640214,0.5839425702453618,0.5899511294454102,0.5099331903615913,0.5887020844133044,0.5918365540483507
5,6,0.2210671498107591,0.932988996182349,4453,1.0760306417942047,0.9514824797843666,742,1.0744696988846167,0.9431,0.7811547461511379,0.08345248719464204,,,0.9400273760712028,,0.9400532101802118,0.05994678981978818,0.9675940918661996,0.38970856338718746,5,0.1,0.5,0.5684993822915333,0.5734674406096218,0.5799473761880262,0.5868367488213736,0.5794061794843849,0.5795818346640214,1.0,0.5760622133250458,0.5897446416077137,0.5086193919514778,0.5830593502856104,0.5782429043535003
5,7,0.22077071950701413,0.9341126958148235,4277,1.0817334755607273,0.9481065918653576,713,1.074276267149197,0.9431,0.7788695539425201,0.08346993447935454,,,0.9405872015724754,,0.9406104111239396,0.059389588876060384,0.9675979277976455,0.38970871170397087,5,0.1,0.5,0.5690671811980587,0.5672769506692582,0.5669692699295651,0.5837591448547464,0.586952993785955,0.5839425702453618,0.5760622133250458,1.0,0.5789012353952201,0.5057136147549971,0.5865196281042274,0.5761285913279833
5,8,0.21220399634285758,0.9358682489706951,4129,1.0691334036263553,0.9462209302325582,688,1.0741173070840562,0.9431,0.79064075344634,0.08406250158048428,,,0.9596007145571117,,0.9596154811505446,0.040384518849455375,0.9676120833678366,0.3897123510536432,5,0.1,0.5,0.5772993226385664,0.5875696463837454,0.575542598505297,0.5937251939770763,0.5948878967083094,0.5899511294454102,0.5897446416077137,0.5789012353952201,1.0,0.517889523957686,0.5927732539736752,0.5919074337092493
5,9,0.2512635014404262,0.929217695576106,4001,1.0871821272940863,0.9340329835082459,667,1.075202044968407,0.943,0.7093381836203269,0.07908845323708957,,,0.8,,0.8,0.19999999999999996,0.9668909905146339,0.38945587622614647,5,0.1,0.5,0.5013515971845143,0.5054977043306372,0.51081580221066,0.526805686054299,0.5149381888775195,0.5099331903615913,0.5086193919514778,0.5057136147549971,0.517889523957686,1.0,0.5225698533793874,0.5258038481422073
5,10,0.22525536181771608,0.9344818719465158,3889,1.0708768594832647,0.9429012345679012,648,1.075011962328475,0.9431,0.7897649025905223,0.08345247633571165,,,0.9400270276441409,,0.9400532101802118,0.05994678981978818,0.9675691774686679,0.38970856338718746,5,0.1,0.5,0.5835548997581497,0.5772506408957997,0.5804619274258103,0.5880221806796179,0.5859848495976577,0.5887020844133044,0.5830593502856104,0.5865196281042274,0.5927732539736752,0.5225698533793874,1.0,0.5976160089468426
5,11,0.2300478895468747,0.9292007385914007,3791,1.0920432299375533,0.9430379746835443,632,1.0742647583111407,0.943,0.7916569078743524,0.08397518346799737,,,0.9567989659240901,,0.9568144169469404,0.04318558305305964,0.9676100389376501,0.38971199639031123,5,0.1,0.5,0.5796651434601128,0.5879987878918997,0.5823011227868559,0.5912503812777671,0.5981130045771031,0.5918365540483507,0.5782429043535003,0.5761285913279833,0.5919074337092493,0.5258038481422073,0.5976160089468426,1.0
6,0,0.17412512680671471,0.9475286096907719,8214,0.8416166596634443,0.9495982468955442,1369,0.8529059294694529,0.9502,0.7641779391379945,0.08328077862433672,,,0.9290299478742512,,0.9290447266703479,0.07095527332965212,0.9639267840122047,0.3782359180103866,5,0.1,0.5,1.0,0.5586322869525341,0.5553500126608196,0.5649655058266454,0.5537985743054148,0.5573563631059926,0.5410377416194744,0.5620270934975546,0.4114367118623916,0.5469609664069517,0.539799389026848,0.5491017541501211
6,1,0.1872387310562348,0.944599939154244,6574,0.8476935403687613,0.9607664233576643,1096,0.852460870346703,0.9502,0.7686424774218155,0.08391604981294656,,,0.9468073082886709,,0.9468249585864164,0.053175041413583646,0.9639488790820299,0.3782413649930496,5,0.1,0.5,0.5586322869525341,1.0,0.5529415947978867,0.5594233455338262,0.5559896177569452,0.5635928424420742,0.5460515892193973,0.5616981799930605,0.41619675176579485,0.5576152852287116,0.5493180542872622,0.5561919919377003
6,2,0.1914176730421058,0.9413107383710877,5783,0.8232707323566559,0.9574688796680498,964,0.8526434237583758,0.9502,0.769460256345824,0.08387907627795722,,,0.9457726448739189,,0.9457908739521108,0.05420912604788919,0.9639454734572964,0.3782411338185402,5,0.1,0.5,0.5553500126608196,0.5529415947978867,1.0,0.562160005644802,0.5635896233528318,0.5611182313442408,0.5541283414909536,0.5574781108951026,0.4133668179447707,0.5599176413308246,0.548567735419581,0.5570296143381238
6,3,0.1844472385870001,0.9433705314923397,5287,0.8577299926962171,0.9398410896708286,881,0.8526568666052895,0.9502,0.7750168094685629,0.08453368123163493,,,0.9640910392844361,,0.9641032076702977,0.03589679232970233,0.9639636105456648,0.3782440683232575,5,0.1,0.5,0.5649655058266454,0.5594233455338262,0.562160005644802,1.0,0.5640693428450693,0.5670597340655547,0.5505673730934777,0.5692364039377288,0.4246762943328344,0.5642435279270057,0.5461474153152432,0.5600397229146066
6,4,0.18452856669532916,0.9447213779128673,4935,0.8741390728033506,0.9379562043795621,822,0.8527824132206341,0.9502,0.7756768838404403,0.08453025339440194,,,0.9639951150570738,,0.9640028111038602,0.03599718889613979,0.9639635867641104,0.3782440397241424,5,0.1,0.5,0.5537985743054148,0.5559896177569452,0.5635896233528318,0.5640693428450693,1.0,0.5701889324500612,0.5531829336707845,0.5694921301353164,0.42083767722952065,0.5670153747408789,0.5507565621756993,0.569860228647597
6,5,0.1942250774490762,0.9421469895007499,4667,0.8407820057868958,0.9524421593830334,778,0.8524228484866718,0.9502,0.7762053988666586,0.08474483701584253,,,0.9699999999720161,,0.9700015059484965,0.029998494051503455,0.9639658252758375,0.3782445338831185,5,0.1,0.5,0.5573563631059926,0.5635928424420742,0.5611182313442408,0.5670597340655547,0.5701889324500612,1.0,0.5555505808466007,0.566094019007174,0.41830536255746653,0.5581623942410862,0.5608950623760356,0.5633468608262542
6,6,0.20195554657939024,0.9364024253312374,4453,0.8542335629463196,0.9595687331536388,742,0.8529477930678346,0.9502,0.7622598172510087,0.08361610228382642,,,0.9384136089895542,,0.9384267858039255,0.06157321419607453,0.9639416078042204,0.378239165039225,5,0.1,0.5,0.5410377416194744,0.5460515892193973,0.5541283414909536,0.5505673730934777,0.5531829336707845,0.5555505808466007,1.0,0.5561776525590281,0.4090897565283015,0.5562877155908323,0.546679658792547,0.5516941036440376
6,7,0.20322792257335204,0.9403787701660042,4277,0.861654678116674,0.9495091164095372,713,0.8527676516447585,0.9501,0.7752328786428127,0.08408992815914643,,,0.9516731011722148,,0.9516891722303097,0.04831082776969031,0.9639513251040905,0.37824237044709386,5,0.1,0.5,0.5620270934975546,0.5616981799930605,0.5574781108951026,0.5692364039377288,0.5694921301353164,0.566094019007174,0.5561776525590281,1.0,0.4089486616755003,0.5652477948571674,0.5598582766393692,0.5618345500460893
6,8,0.2275725240495264,0.9357713732138533,4129,0.8478763889182698,0.9520348837209303,688,0.8529491624512231,0.9499,0.6117854816382549,0.07866991365667514,,,0.8,,0.8,0.19999999999999996,0.9632963040775078,0.3779685167212192,5,0.1,0.5,0.4114367118623916,0.41619675176579485,0.4133668179447707,0.4246762943328344,0.42083767722952065,0.41830536255746653,0.4090897565283015,0.4089486616755003,1.0,0.4149346211237344,0.3989407695895643,0.4117202628853448
6,9,0.20014888152694593,0.9402649337665584,4001,0.868690047945295,0.9460269865067467,667,0.8536596671460916,0.9502,0.7687133188887706,0.08089295950676419,,,0.8622094752656642,,0.8622257918779178,0.1377742081220822,0.9632756626527955,0.37816492868795093,5,0.1,0.5,0.5469609664069517,0.5576152852287116,0.5599176413308246,0.5642435279270057,0.5670153747408789,0.5581623942410862,0.5562877155908323,0.5652477948571674,0.4149346211237344,1.0,0.552786871719604,0.5586692341990781
6,10,0.21023011255673454,0.9381846232964772,3889,0.8490053500447955,0.9490740740740741,648,0.8534564080710609,0.9497,0.7610338373917154,0.08357243313969603,,,0.9371915763708644,,0.9372069675217107,0.06279303247828927,0.9639412922692747,0.3782388146902776,5,0.1,0.5,0.539799389026848,0.5493180542872622,0.548567735419581,0.5461474153152432,0.5507565621756993,0.5608950623760356,0.546679658792547,0.5598582766393692,0.3989407695895643,0.552786871719604,1.0,0.5554339712192877
