round,client_id,client_i_training_loss,client_i_training_accuracy,client_i_training_dataset_size,client_i_evaluation_loss,client_i_evaluation_accuracy,client_i_evaluation_dataset_size,client_i_central_evaluation_loss,client_i_central_evaluation_accuracy,client_i_cosine_similarity,client_i_importance_coefficient,client_i_tanh_val,tanh_normalization_value,client_i_q,client_i_mask_order,client_i_v_nonzero_fraction,client_i_v_sparsity,client_i_v_cosine_similarity,client_i_reward_gradient_norm,local_epochs,learning_rate,gamma,client_0_cosine_similarity,client_1_cosine_similarity,client_2_cosine_similarity,client_3_cosine_similarity,client_4_cosine_similarity,client_5_cosine_similarity,client_6_cosine_similarity,client_7_cosine_similarity,client_8_cosine_similarity,client_9_cosine_similarity,client_10_cosine_similarity,client_11_cosine_similarity
0,0,2.2044975675033687,0.3348672997321646,8214,2.273340901663137,0.15485756026296568,1369,2.2749162291566405,0.1554,0.9676491035383106,0.08169477789443727,,,0.6,,0.600013531668938,0.399986468331062,0,0.09847636062543198,5,0.001,0.1,1.0,0.9843297894592117,0.9712528727093928,0.9474337403945626,0.9585142511187527,0.934460923911847,0.9386675954709837,0.9412743259005815,0.9319928849895681,0.9298533875224663,0.9211544080945553,0.9239372243117024
0,1,2.241643087377826,0.30927897779129904,6574,2.2732259614127024,0.14324817518248176,1096,2.274822702803932,0.1544,0.9907284603624983,0.08364327650080614,,,0.9132645700673512,,0.9132813330627,0.08671866693730002,0,0.09862571382071028,5,0.001,0.1,0.9843297894592117,1.0,0.9908954628573923,0.971331297796565,0.9850390448065307,0.9664013679998871,0.9744092466139025,0.9752286277727554,0.9692516175402034,0.9683412441308391,0.9535574498055867,0.9591016549966161
0,2,2.254246379789068,0.2763271658308836,5783,2.2727140918854745,0.18464730290456433,964,2.2748223737405895,0.1544,0.9940534230889493,0.08392398992311123,,,0.9583955079408029,,0.9584142817100163,0.0415857182899837,0,0.09862642530484551,5,0.001,0.1,0.9712528727093928,0.9908954628573923,1.0,0.9723594138120129,0.992545934221124,0.969370602060265,0.983683384303862,0.9843002998642193,0.9784127816798595,0.9795499972445932,0.9638258893433115,0.9729053026153157
0,3,2.2593300690133886,0.21588802723661812,5287,2.2760352747780934,0.16458569807037457,881,2.2748247061293725,0.1544,0.9867562603755984,0.08330791940235435,,,0.859348443608678,,0.859357632344555,0.14064236765544502,0,0.09862259016899712,5,0.001,0.1,0.9474337403945626,0.971331297796565,0.9723594138120129,1.0,0.9774876412186891,0.9876649081776785,0.9774710617675831,0.9767838621234827,0.980269451875456,0.9674156929695883,0.9651847234513409,0.9703998670962701
0,4,2.2634049704767043,0.24826747720364742,4935,2.275718193787795,0.16058394160583941,822,2.274822427822759,0.1544,0.9963818426277885,0.08412056915454438,,,0.9899999998392277,,0.9900107286803723,0.00998927131962768,0,0.09862647474574053,5,0.001,0.1,0.9585142511187527,0.9850390448065307,0.992545934221124,0.9774876412186891,1.0,0.9774096785237119,0.9898432204356524,0.9920325106071649,0.9867742148523904,0.988624714186842,0.9771838785364643,0.9832796674572207
0,5,2.267059338582705,0.19811442039854296,4667,2.2776069259643554,0.14910025706940874,778,2.2748260185741387,0.1545,0.9850175487666651,0.0831611268737457,,,0.8357482736042542,,0.835769033742183,0.16423096625781697,0,0.0986206133574512,5,0.001,0.1,0.934460923911847,0.9664013679998871,0.969370602060265,0.9876649081776785,0.9774096785237119,1.0,0.9768192306963126,0.977244274219682,0.9816012639131377,0.9704894733821298,0.9730453472208822,0.9740826103471985
0,6,2.2679072523117068,0.21059959577812712,4453,2.276931474606196,0.13881401617250674,742,2.274822554268395,0.1544,0.9911170010768875,0.08367607945308389,,,0.9185383756059553,,0.918558683948541,0.08144131605145899,0,0.09862584086999036,5,0.001,0.1,0.9386675954709837,0.9744092466139025,0.983683384303862,0.9774710617675831,0.9898432204356524,0.9768192306963126,1.0,0.9915076428252785,0.9908629184914609,0.987411623494057,0.9687644513974288,0.9841499797384978
0,7,2.2685501792537632,0.21921907879354688,4277,2.273306825886602,0.13183730715287517,713,2.27482239659221,0.1544,0.9928607785175507,0.08382329966978373,,,0.9422073060013655,,0.9422294391123225,0.05777056088767751,0,0.09862631221460037,5,0.001,0.1,0.9412743259005815,0.9752286277727554,0.9843002998642193,0.9767838621234827,0.9920325106071649,0.977244274219682,0.9915076428252785,1.0,0.9914040463285595,0.9912715615861812,0.9784980129650271,0.9866907228849139
0,8,2.2710934958091147,0.18261080164688787,4129,2.279002612287348,0.1438953488372093,688,2.274822881808296,0.1544,0.9898456344715396,0.08356874301049688,,,0.9012816506436319,,0.9013009733136158,0.0986990266863842,0,0.09862532934236685,5,0.001,0.1,0.9319928849895681,0.9692516175402034,0.9784127816798595,0.980269451875456,0.9867742148523904,0.9816012639131377,0.9908629184914609,0.9914040463285595,1.0,0.9867751741225737,0.9708627709998969,0.9893729394501123
0,9,2.273809486722189,0.23174206448387902,4001,2.271580798285348,0.15592203898050974,667,2.274824175210045,0.1544,0.9877085572953068,0.08338831805622658,,,0.8722743187706896,,0.872285208919303,0.12771479108069705,0,0.0986233987727784,5,0.001,0.1,0.9298533875224663,0.9683412441308391,0.9795499972445932,0.9674156929695883,0.988624714186842,0.9704894733821298,0.987411623494057,0.9912715615861812,0.9867751741225737,1.0,0.9791666065941043,0.9858217478012031
0,10,2.272812126894466,0.20395988686037542,3889,2.2746461232503257,0.1712962962962963,648,2.274841128065944,0.1544,0.9780880317585425,0.08257609522247432,,,0.7416913991921879,,0.7417046036670822,0.25829539633291776,0,0.09859684160858187,5,0.001,0.1,0.9211544080945553,0.9535574498055867,0.9638258893433115,0.9651847234513409,0.9771838785364643,0.9730453472208822,0.9687644513974288,0.9784980129650271,0.9708627709998969,0.9791666065941043,1.0,0.9732400632524932
0,11,2.273199527003184,0.20453706146135583,3791,2.2725654363632204,0.14873417721518986,632,2.2748263065045635,0.1545,0.9844807234335791,0.08311580483893556,,,0.8284617465813611,,0.8284860962101661,0.1715139037898339,0,0.09861990250635172,5,0.001,0.1,0.9239372243117024,0.9591016549966161,0.9729053026153157,0.9703998670962701,0.9832796674572207,0.9740826103471985,0.9841499797384978,0.9866907228849139,0.9893729394501123,0.9858217478012031,0.9732400632524932,1.0
1,0,2.055857905617948,0.42074506939371803,8214,2.2331859178321305,0.3608473338203068,1369,2.2352301008023394,0.3484,0.9725050838888444,0.08166567898527789,,,0.6,,0.600013531668938,0.399986468331062,0.95382021077394,0.09911918346337772,5,0.001,0.1,1.0,0.9901201333675812,0.9815220159410137,0.9737168591837523,0.9713210785131889,0.9622302940574281,0.9584630148719488,0.9571504264636537,0.9536640122951805,0.9499643065100525,0.9453955194896316,0.9448038536859183
1,1,2.145788048540504,0.42741101308183754,6574,2.232096345084054,0.3458029197080292,1096,2.234936833762513,0.3487,0.9918860487408632,0.08349010673032778,,,0.9065063591580687,,0.9065348295492988,0.09346517045070124,0.9559373535480227,0.0992951403696103,5,0.001,0.1,0.9901201333675812,1.0,0.9949412450498233,0.9914722501123476,0.990065347881182,0.9847855061275462,0.9832636929362438,0.9823156824307798,0.9800168527904303,0.9776214721543951,0.9718271357814646,0.9723777581943277
1,2,2.174837031812299,0.39536572713124674,5783,2.232925045874811,0.35684647302904565,964,2.234934992683581,0.3486,0.9958555820990453,0.08379103011322271,,,0.9570618995059452,,0.9570852785107432,0.04291472148925679,0.955955057420302,0.09929695395768735,5,0.001,0.1,0.9815220159410137,0.9949412450498233,1.0,0.993152125736049,0.9953626008458158,0.9880388991765929,0.9892007513916856,0.9889106342684217,0.9871416188775942,0.9854328871822523,0.9807771326442087,0.9814143581849414
1,3,2.1856474230088385,0.3742765273311897,5287,2.235593216759818,0.36662883087400683,881,2.2349397100198765,0.3487,0.9967101892570193,0.08344004568011194,,,0.8980960341786787,,0.8981113656353602,0.1018886343646398,0.9559244051149727,0.09929439567623773,5,0.001,0.1,0.9737168591837523,0.9914722501123476,0.993152125736049,1.0,0.9938022788797871,0.9930544407303848,0.9918718999314792,0.9924332331149182,0.991788993367639,0.9880533766529993,0.9821623353264154,0.9844788879361507
1,4,2.1949003905634727,0.39148936170212767,4935,2.2356651838009176,0.35523114355231145,822,2.234934759597047,0.3486,0.9981817533079651,0.0839870886363449,,,0.9899999998319986,,0.9900107286803723,0.00998927131962768,0.9559521112202846,0.0992972733707474,5,0.001,0.1,0.9713210785131889,0.990065347881182,0.9953626008458158,0.9938022788797871,1.0,0.9919492468113059,0.9934935969987414,0.9945720095629162,0.9924043716103965,0.9921534581327464,0.9891026326733793,0.9892262388792874
1,5,2.204827603901902,0.3846582386972359,4667,2.238581771850586,0.32390745501285345,778,2.2349432619235006,0.3487,0.9954033568984713,0.0833075575057377,,,0.875837839482217,,0.8758662684489807,0.12413373155101926,0.9558804978142994,0.09929293653124563,5,0.001,0.1,0.9622302940574281,0.9847855061275462,0.9880388991765929,0.9930544407303848,0.9919492468113059,1.0,0.9908958717044433,0.9922639357896745,0.9941490987549602,0.9887945232645593,0.9858262141042725,0.9883330661093677
1,6,2.205232915878296,0.37574668762631935,4453,2.237633834282557,0.316711590296496,742,2.234935805439568,0.3487,0.9958754223920256,0.08363930967130245,,,0.9315726575291083,,0.9315925807792308,0.0684074192207692,0.9559467048740171,0.09929622292400161,5,0.001,0.1,0.9584630148719488,0.9832636929362438,0.9892007513916856,0.9918718999314792,0.9934935969987414,0.9908958717044433,1.0,0.9949510981583243,0.9949795769571356,0.9930958295365768,0.9847001050097031,0.9908581540838935
1,7,2.2082456517575393,0.37638531681084875,4277,2.2334049266317617,0.3338008415147265,713,2.2349350071562744,0.3487,0.9968628427621673,0.08376172880122124,,,0.9521392389706105,,0.9521607175650728,0.04783928243492719,0.955956911769978,0.09929693998999363,5,0.001,0.1,0.9571504264636537,0.9823156824307798,0.9889106342684217,0.9924332331149182,0.9945720095629162,0.9922639357896745,0.9949510981583243,1.0,0.9952403069283339,0.9957109944447289,0.9911356415120572,0.9928803674266377
1,8,2.2129279628166785,0.34526519738435457,4129,2.2380955436012964,0.32558139534883723,688,2.234936843664882,0.3487,0.9955187856411586,0.08356180624762814,,,0.9185519762348493,,0.9185731821652603,0.0814268178347397,0.9559338080768869,0.09929576567932187,5,0.001,0.1,0.9536640122951805,0.9800168527904303,0.9871416188775942,0.991788993367639,0.9924043716103965,0.9941490987549602,0.9949795769571356,0.9952403069283339,1.0,0.9924484357927451,0.986914531161016,0.9927557920702149
1,9,2.2171596004849388,0.3821544613846538,4001,2.231791167032151,0.36731634182908546,667,2.234939141776234,0.3487,0.9943017638529589,0.0834115531359168,,,0.893309247742166,,0.8933269541179768,0.1066730458820232,0.9559304906839096,0.09929403785532889,5,0.001,0.1,0.9499643065100525,0.9776214721543951,0.9854328871822523,0.9880533766529993,0.9921534581327464,0.9887945232645593,0.9930958295365768,0.9957109944447289,0.9924484357927451,1.0,0.9909834762630292,0.9927399005805717
1,10,2.21646574716099,0.3626124967858061,3889,2.2349475565410795,0.3611111111111111,648,2.234981733389175,0.3488,0.9901304509235657,0.08277744483029209,,,0.7867781841819544,,0.7867988904031471,0.2132011095968529,0.9557012325611799,0.09927608441989606,5,0.001,0.1,0.9453955194896316,0.9718271357814646,0.9807771326442087,0.9821623353264154,0.9891026326733793,0.9858262141042725,0.9847001050097031,0.9911356415120572,0.986914531161016,0.9909834762630292,1.0,0.988609707493165
1,11,2.218536618577332,0.3681350567132683,3791,2.233050525188446,0.3575949367088608,632,2.2349457550353518,0.3487,0.9919082899233049,0.0831666496626164,,,0.8521651289081151,,0.8521810150684799,0.14781898493152013,0.9558873134193655,0.09929003638295975,5,0.001,0.1,0.9448038536859183,0.9723777581943277,0.9814143581849414,0.9844788879361507,0.9892262388792874,0.9883330661093677,0.9908581540838935,0.9928803674266377,0.9927557920702149,0.9927399005805717,0.988609707493165,1.0
2,0,1.8552785093218436,0.4864621378134892,8214,2.183229407598806,0.4346238130021914,1369,2.1858541287553197,0.413,0.9824825778305856,0.08189838025712459,,,0.6,,0.600013531668938,0.399986468331062,0.9781359539386615,0.09934937297523105,5,0.001,0.1,1.0,0.9938235943020138,0.9885339803103441,0.9841938251614912,0.9816672813174555,0.9772172973562481,0.9733663033239647,0.971677563755736,0.9702960667057428,0.9669656763424599,0.9623910983132649,0.9636392822337777
2,1,1.9947834382936793,0.4852449041679343,6574,2.1809591838291715,0.41332116788321166,1096,2.1852825137372975,0.4134,0.9941877129535498,0.083396948506275,,,0.8997596347895634,,0.8997786605580846,0.10022133944191536,0.979116016369252,0.09952063460658098,5,0.001,0.1,0.9938235943020138,1.0,0.9967853928775174,0.9946028483522301,0.9930108200363533,0.9905318228878472,0.9880686645556026,0.9871767383474546,0.9861405735370049,0.9839615843504347,0.9789026713210761,0.9802298670244347
2,2,2.0494263317044927,0.45737506484523605,5783,2.1831920070032917,0.4149377593360996,964,2.185278206206739,0.4134,0.9971579723700034,0.08367772215086222,,,0.955922979507239,,0.9559399193899151,0.04406008061008493,0.9791379150966697,0.0995224541142001,5,0.001,0.1,0.9885339803103441,0.9967853928775174,1.0,0.9958010173704028,0.9967616063797003,0.9928020686681447,0.9924793181972428,0.9919948735890682,0.9909841869693705,0.98974384099377,0.9860388294509991,0.9866354437345581
2,3,2.0709064867123064,0.44675619443919046,5287,2.185783394745418,0.43246311010215666,881,2.1852846602662304,0.4134,0.9979333036514767,0.08348725930660561,,,0.9178245661265263,,0.9178482713292931,0.08215172867070686,0.9791207844531993,0.09952178088521671,5,0.001,0.1,0.9841938251614912,0.9946028483522301,0.9958010173704028,1.0,0.9961553917765131,0.9958653859554688,0.9942135370838094,0.9947841991417166,0.9945594722472758,0.991154296920743,0.987607924452431,0.9888058349371049
2,4,2.0890976741237024,0.4550759878419453,4935,2.1858805876511793,0.4148418491484185,822,2.1852772929036197,0.4134,0.9987041715354839,0.08384808111421027,,,0.9899999997999693,,0.9900107286803723,0.00998927131962768,0.9791479067859414,0.09952261303808972,5,0.001,0.1,0.9816672813174555,0.9930108200363533,0.9967616063797003,0.9961553917765131,1.0,0.9947616241920518,0.9954489131818844,0.9960914482419496,0.9946736948822847,0.994382896027312,0.9915726789208498,0.9923641764773602
2,5,2.109847820784948,0.47383758302978357,4667,2.189916172027588,0.38817480719794345,778,2.1852901644600085,0.4134,0.9971864922265388,0.0833817700987185,,,0.8967234875147194,,0.896738867785929,0.10326113221407096,0.9791204048985352,0.09952060191488095,5,0.001,0.1,0.9772172973562481,0.9905318228878472,0.9928020686681447,0.9958653859554688,0.9947616241920518,1.0,0.9935902983746049,0.9947404943512204,0.9950580886993167,0.9927162839792587,0.9900919861872762,0.9913728368117352
2,6,2.111538152865001,0.45695037053671683,4453,2.1883762776851654,0.3746630727762803,742,2.1852796123431513,0.4134,0.9969178276484767,0.08357679799705751,,,0.9357350517948402,,0.9357439034998695,0.06425609650013053,0.9791310780547868,0.09952215729574845,5,0.001,0.1,0.9733663033239647,0.9880686645556026,0.9924793181972428,0.9942135370838094,0.9954489131818844,0.9935902983746049,1.0,0.9961922138639387,0.9967374935246378,0.9943921333639019,0.9881129071510916,0.992814408746615
2,7,2.1173403659863257,0.4534486789805939,4277,2.183989939482316,0.4067321178120617,713,2.1852781490776865,0.4134,0.9977109285886304,0.08367760035318912,,,0.9558986162351442,,0.9559157556953828,0.044084244304617215,0.9791381150201562,0.09952245411047381,5,0.001,0.1,0.971677563755736,0.9871767383474546,0.9919948735890682,0.9947841991417166,0.9960914482419496,0.9947404943512204,0.9961922138639387,1.0,0.9969834289864719,0.9969550891482633,0.993202178454819,0.9950846850497854
2,8,2.1252721333503723,0.44097844514410267,4129,2.187649976123463,0.41424418604651164,688,2.185281461801011,0.4134,0.997066892337831,0.08353402492885575,,,0.9271791256231374,,0.9271947883743633,0.07280521162563669,0.979123787737705,0.09952197945459468,5,0.001,0.1,0.9702960667057428,0.9861405735370049,0.9909841869693705,0.9945594722472758,0.9946736948822847,0.9950580886993167,0.9967374935246378,0.9969834289864719,1.0,0.995666221792088,0.9907902017262094,0.9952840596972528
2,9,2.1328264667874293,0.4434891277180705,4001,2.181858936945597,0.4197901049475262,667,2.1852846191333124,0.4134,0.9960703071161778,0.08340955503230203,,,0.9022813268379362,,0.902296517528344,0.09770348247165594,0.9791246899822432,0.09952067292792606,5,0.001,0.1,0.9669656763424599,0.9839615843504347,0.98974384099377,0.991154296920743,0.994382896027312,0.9927162839792587,0.9943921333639019,0.9969550891482633,0.995666221792088,1.0,0.9936067440366659,0.9957131895413811
2,10,2.133627324221564,0.4328104911288249,3889,2.185127644311814,0.41512345679012347,648,2.1853532311253656,0.4133,0.9926544744219008,0.08290979087444318,,,0.8023131595385059,,0.8023313132484704,0.1976686867515296,0.9789512164119792,0.09950791199480613,5,0.001,0.1,0.9623910983132649,0.9789026713210761,0.9860388294509991,0.987607924452431,0.9915726789208498,0.9900919861872762,0.9881129071510916,0.993202178454819,0.9907902017262094,0.9936067440366659,1.0,0.9922078737928204
2,11,2.138480336325509,0.43281456080189923,3791,2.1839338541030884,0.41139240506329117,632,2.185297087739451,0.4134,0.9943033740445677,0.08320206938035621,,,0.8607778295587061,,0.86079295579977,0.13920704420023,0.9791043670612534,0.0995168965897899,5,0.001,0.1,0.9636392822337777,0.9802298670244347,0.9866354437345581,0.9888058349371049,0.9923641764773602,0.9913728368117352,0.992814408746615,0.9950846850497854,0.9952840596972528,0.9957131895413811,0.9922078737928204,1.0
3,0,1.6631930935243688,0.5343072802532262,8214,2.121537435886472,0.47552958363769177,1369,2.1247368689162283,0.4644,0.987584040873703,0.08216674120878471,,,0.6,,0.600013531668938,0.399986468331062,0.9896088762386412,0.09948218090697018,5,0.001,0.1,1.0,0.99501411548408,0.9920225528033492,0.9885588929031733,0.98707872694209,0.9836650887991679,0.9816190631038623,0.9798048647418175,0.9791893216172881,0.9755715326479851,0.9720016026125226,0.9746028480227809
3,1,1.813879920903919,0.5206267112868878,6574,2.117718178885324,0.4781021897810219,1096,2.123761612005508,0.4656,0.9954274720777773,0.08333985160980661,,,0.8925158385519285,,0.8925343849373194,0.1074656150626806,0.9906479750179366,0.09964392164851121,5,0.001,0.1,0.99501411548408,1.0,0.997553579477029,0.9957011569865465,0.9947113541857566,0.9932475890031466,0.991302279575922,0.9902899222637256,0.9896074970775673,0.9867008463421524,0.9829799217356806,0.9855953354373654
3,2,1.885378257082312,0.5040982189175168,5783,2.1214389339570077,0.48132780082987553,964,2.123755101578685,0.4655,0.9977144190409746,0.0835860509798942,,,0.9539058109956072,,0.9539246672659263,0.046075332734073715,0.9906669134740155,0.09964503216684421,5,0.001,0.1,0.9920225528033492,0.997553579477029,1.0,0.996662934541185,0.9974221588425788,0.9953013453169455,0.9944652630363288,0.9938030554917963,0.9930503393919656,0.9909526134145402,0.9887505840093518,0.9899859891440043
3,3,1.9161836642816843,0.4947607338755438,5287,2.124386727809906,0.48127128263337116,881,2.1237597648328106,0.4656,0.9984875528204515,0.08349412861240255,,,0.9309849091051479,,0.9310029866326441,0.06899701336735586,0.9906650912338848,0.09964489062765029,5,0.001,0.1,0.9885588929031733,0.9957011569865465,0.996662934541185,1.0,0.9970716789511657,0.9970720839662294,0.9958506675565032,0.9960997210124556,0.9960756814243603,0.9932460260449801,0.990554236167819,0.9922623881027254
3,4,1.9424180310772312,0.4930091185410334,4935,2.1241799868070164,0.4586374695863747,822,2.1237537061063625,0.4654,0.9989587399724889,0.08373080371688991,,,0.9899999997506493,,0.9900107286803723,0.00998927131962768,0.9906669365094187,0.09964513641396626,5,0.001,0.1,0.98707872694209,0.9947113541857566,0.9974221588425788,0.9970716789511657,1.0,0.9965179262617602,0.9965388705738947,0.996942622414172,0.995869234363882,0.9950360584224797,0.9933226252717955,0.9942487320953982
3,5,1.9755555502355915,0.5063209770730662,4667,2.1296955871582033,0.4305912596401028,778,2.1237670826835755,0.4657,0.9980145991635205,0.08341410691765208,,,0.9110314476731393,,0.911058273165734,0.08894172683426604,0.9906514900716891,0.09964459567683025,5,0.001,0.1,0.9836650887991679,0.9932475890031466,0.9953013453169455,0.9970720839662294,0.9965179262617602,1.0,0.9956418088828897,0.9961524446159041,0.9963677912030615,0.9937607417716188,0.9922232340662239,0.9934901026060423
3,6,1.9792965240137919,0.5002919380193128,4453,2.1271670758724213,0.4353099730458221,742,2.1237567766025043,0.4655,0.9979236482085457,0.08353086740171367,,,0.9401457500229038,,0.9401755250770821,0.05982447492291787,0.990666716349328,0.09964495445627292,5,0.001,0.1,0.9816190631038623,0.991302279575922,0.9944652630363288,0.9958506675565032,0.9965388705738947,0.9956418088828897,1.0,0.997366167683281,0.9973668397337836,0.9954979045005835,0.9914773789182728,0.9951778693412388
3,7,1.9897375976861413,0.4907177928454524,4277,2.122554633928382,0.45021037868162694,713,2.123754956851752,0.4655,0.998341482673077,0.08360623204357595,,,0.9589379722999434,,0.9589555484675385,0.0410444515324615,0.9906667861913229,0.09964506243435808,5,0.001,0.1,0.9798048647418175,0.9902899222637256,0.9938030554917963,0.9960997210124556,0.996942622414172,0.9961524446159041,0.997366167683281,1.0,0.9978216762833403,0.9976638132944669,0.9945980943500919,0.9967390285904653
3,8,2.0027974125055166,0.49019132961976264,4129,2.1252704642035742,0.4694767441860465,688,2.123758712134803,0.4656,0.9978238983374196,0.08350139323094409,,,0.9327963464452215,,0.9328104309836557,0.06718956901634432,0.990668239797497,0.09964489586929852,5,0.001,0.1,0.9791893216172881,0.9896074970775673,0.9930503393919656,0.9960756814243603,0.995869234363882,0.9963677912030615,0.9973668397337836,0.9978216762833403,1.0,0.9962890922692428,0.9931467686504605,0.9963047265716859
3,9,2.0125102202097573,0.47673081729567607,4001,2.119851441610427,0.4737631184407796,667,2.1237601327439086,0.4655,0.9966053176207266,0.08338563640192025,,,0.903932306129386,,0.9039541469732556,0.0960458530267444,0.990653164492905,0.0996443770591336,5,0.001,0.1,0.9755715326479851,0.9867008463421524,0.9909526134145402,0.9932460260449801,0.9950360584224797,0.9937607417716188,0.9954979045005835,0.9976638132944669,0.9962890922692428,1.0,0.9952354956166903,0.9965468997651729
3,10,2.0172681003320414,0.46196965800977113,3889,2.1232056617736816,0.4722222222222222,648,2.1238607278647135,0.4659,0.9943007891171981,0.0830044635972501,,,0.8088866203233853,,0.8089038381612395,0.19109616183876055,0.9905732427256183,0.09963539119358285,5,0.001,0.1,0.9720016026125226,0.9829799217356806,0.9887505840093518,0.990554236167819,0.9933226252717955,0.9922232340662239,0.9914773789182728,0.9945980943500919,0.9931467686504605,0.9952354956166903,1.0,0.9946794033719153
3,11,2.0268438703873577,0.45581640728040096,3791,2.1232972621917723,0.4588607594936709,632,2.123780306916648,0.4656,0.996030512421302,0.08323972427916589,,,0.8675490237842602,,0.8675636230077034,0.1324363769922966,0.9906066191201911,0.09964233956082431,5,0.001,0.1,0.9746028480227809,0.9855953354373654,0.9899859891440043,0.9922623881027254,0.9942487320953982,0.9934901026060423,0.9951778693412388,0.9967390285904653,0.9963047265716859,0.9965468997651729,0.9946794033719153,1.0
4,0,1.502387952479871,0.571536401266131,8214,2.047008228856464,0.5098612125639153,1369,2.050895546571896,0.5043,0.9891623504348301,0.08236415698479616,,,0.6,,0.600013531668938,0.399986468331062,0.9943505326596881,0.09955397484623082,5,0.001,0.1,1.0,0.9950783498474456,0.993236418751417,0.9896459535562419,0.988658768798595,0.9851695909716824,0.9839930827975206,0.9824112646158597,0.9824129720563017,0.979860889333046,0.9761209869094652,0.9781066042955704
4,1,1.6432547910699566,0.552814116215394,6574,2.041471491541181,0.5127737226277372,1096,2.0494563526238876,0.5062,0.9963451279363221,0.08331596547098394,,,0.8905955001936838,,0.8906109548525531,0.10938904514744685,0.9949644292976008,0.09970071027529033,5,0.001,0.1,0.9950783498474456,1.0,0.9978487962714034,0.9964687582518085,0.9956237473879009,0.9939896323633572,0.9928582134442361,0.9919031410491109,0.9918710801473762,0.9898753102111548,0.9864694651778256,0.9884815822982147
4,2,1.716788059044938,0.5355697734739755,5783,2.0467266574982674,0.5186721991701245,964,2.049448623443945,0.5062,0.997988515769331,0.08352011090815069,,,0.9529228972348003,,0.9529436212679174,0.04705637873208257,0.9949679711013335,0.09970178872978687,5,0.001,0.1,0.993236418751417,0.9978487962714034,1.0,0.997275648054868,0.9973592034173488,0.995751173403505,0.9950237510779816,0.9944364017646641,0.9943061085534752,0.9928275953395882,0.990537807529201,0.9914825844029432
4,3,1.7490839703973518,0.5358804615093626,5287,2.050307810306549,0.5164585698070374,881,2.049452202769514,0.5062,0.9986616182533768,0.08348544420849377,,,0.9423388490012999,,0.9423647558017031,0.05763524419829691,0.9949676897057192,0.09970169774451461,5,0.001,0.1,0.9896459535562419,0.9964687582518085,0.997275648054868,1.0,0.9975339246080396,0.9975978813002574,0.9961893054016056,0.9964327073787703,0.9967937928761507,0.9945393987176884,0.9920255866712765,0.993578741575535
4,4,1.7783468247998144,0.5287943262411348,4935,2.0497841284825253,0.5072992700729927,822,2.049446696671434,0.5062,0.9989985326041603,0.08364155222689464,,,0.9899999996946912,,0.9900107286803723,0.00998927131962768,0.9949719014404119,0.09970187079421125,5,0.001,0.1,0.988658768798595,0.9956237473879009,0.9973592034173488,0.9975339246080396,1.0,0.9970012535605483,0.9971782220325602,0.997176332656885,0.99644914562909,0.9958592380642803,0.9941378570986422,0.995119645120622
4,5,1.8166383294210042,0.5390614956074566,4667,2.0569206953048704,0.4755784061696658,778,2.0494609454188484,0.5062,0.9983111105993872,0.08342502194533793,,,0.9238914007599737,,0.9239133586568852,0.07608664134311482,0.9949683386455792,0.09970149337272839,5,0.001,0.1,0.9851695909716824,0.9939896323633572,0.995751173403505,0.9975978813002574,0.9970012535605483,1.0,0.9964537302740366,0.996622626136319,0.9969750174294185,0.9954103608681197,0.9941558816287918,0.9947155199050385
4,6,1.8220159900188446,0.5350999326296878,4453,2.0532334794600806,0.4784366576819407,742,2.049450451573625,0.5062,0.9982174993505643,0.0834936446163663,,,0.9448425056319041,,0.9448632818163366,0.05513671818366339,0.9949672158471964,0.09970174856438974,5,0.001,0.1,0.9839930827975206,0.9928582134442361,0.9950237510779816,0.9961893054016056,0.9971782220325602,0.9964537302740366,1.0,0.9975413685647725,0.9972553876586574,0.9963154651246106,0.9936872001784471,0.996205366111135
4,7,1.8366634489885016,0.524666822539163,4277,2.0482777668082197,0.5021037868162693,713,2.049448362554605,0.5062,0.9984974181628781,0.08354892954487175,,,0.9617214804313001,,0.9617440388165589,0.0382559611834411,0.9949690375282739,0.09970181320396154,5,0.001,0.1,0.9824112646158597,0.9919031410491109,0.9944364017646641,0.9964327073787703,0.997176332656885,0.996622626136319,0.9975413685647725,1.0,0.998004793266012,0.9981140643273541,0.9957704671525593,0.9976209725808668
4,8,1.8539122144992535,0.5201743763623153,4129,2.0501336563717234,0.502906976744186,688,2.049452260279427,0.5062,0.9982400957485225,0.08347628860810614,,,0.9395435636967198,,0.9395714327137762,0.06042856728622381,0.9949677995915269,0.09970169288671633,5,0.001,0.1,0.9824129720563017,0.9918710801473762,0.9943061085534752,0.9967937928761507,0.99644914562909,0.9969750174294185,0.9972553876586574,0.998004793266012,1.0,0.9974109371387384,0.9944620054452187,0.9970148730416853
4,9,1.8725321010937765,0.5112721819545114,4001,2.0449410676956177,0.5217391304347826,667,2.049452429000562,0.5062,0.9974425922192232,0.08337950281056078,,,0.9099940086575655,,0.9100192343008476,0.08998076569915237,0.9949686140812578,0.0997012415337558,5,0.001,0.1,0.979860889333046,0.9898753102111548,0.9928275953395882,0.9945393987176884,0.9958592380642803,0.9954103608681197,0.9963154651246106,0.9981140643273541,0.9974109371387384,1.0,0.9957543893477974,0.99743558490511
4,10,1.873763090274373,0.4952429930573412,3889,2.0483113129933677,0.5030864197530864,648,2.0495863832985632,0.5065,0.9954121580475954,0.08308003590753593,,,0.8185641299174531,,0.8185838141908546,0.18141618580914542,0.99493031408436,0.0996950753872253,5,0.001,0.1,0.9761209869094652,0.9864694651778256,0.990537807529201,0.9920255866712765,0.9941378570986422,0.9941558816287918,0.9936872001784471,0.9957704671525593,0.9944620054452187,0.9957543893477974,1.0,0.9959958015911439
4,11,1.8882296670384768,0.48757583750989186,3791,2.0502883911132814,0.5126582278481012,632,2.049478996675997,0.5062,0.9968040419173085,0.08326934676790208,,,0.8763624002192214,,0.8763882042508772,0.12361179574912284,0.9949521077504276,0.09970012824068189,5,0.001,0.1,0.9781066042955704,0.9884815822982147,0.9914825844029432,0.993578741575535,0.995119645120622,0.9947155199050385,0.996205366111135,0.9976209725808668,0.9970148730416853,0.99743558490511,0.9959958015911439,1.0
5,0,1.3709057243417673,0.5996347699050402,8214,1.9586204595344012,0.5346968590211834,1369,1.9633259201963869,0.5312,0.9899927516726525,0.08250693289941718,,,0.6,,0.600013531668938,0.399986468331062,0.9961892877575719,0.09957582037370824,5,0.001,0.1,1.0,0.9953149376007415,0.9936719624551998,0.9898641215992986,0.9898468693315573,0.9859665146625258,0.9854337290698031,0.9838615205211305,0.9832521453754177,0.9815048699773143,0.9779368343852924,0.9798421462503972
5,1,1.4963387020583292,0.5789777912990569,6574,1.951103833743504,0.5501824817518248,1096,1.9613849309305795,0.5323,0.9964986638627876,0.08330103784338588,,,0.8892735208239825,,0.8892916171310928,0.11070838286890716,0.9966231132275568,0.09971630785373925,5,0.001,0.1,0.9953149376007415,1.0,0.9977894702996571,0.996112885602129,0.9957736607739132,0.9937788398293238,0.993508787884545,0.9924803166913272,0.9921150044967058,0.9904286647084404,0.9873517593152574,0.9895653734838267
5,2,1.5654021598357521,0.565761715372644,5783,1.9578471222231466,0.5487551867219918,964,1.9613738155212646,0.5322,0.9980792416082506,0.08347733884030882,,,0.9534957756934679,,0.9535187171977847,0.04648128280221531,0.9966289025179138,0.0997177104639072,5,0.001,0.1,0.9936719624551998,0.9977894702996571,1.0,0.9970208339214434,0.9974170432557742,0.9956508533926157,0.9954954635753999,0.9948174984460506,0.9945652650449315,0.9930157055744775,0.991245041415488,0.992408159780541
5,3,1.5917024060186133,0.5698884055229809,5287,1.9623537574495589,0.5380249716231555,881,1.9613775826109865,0.5322,0.9986515669506073,0.08347455056020037,,,0.9524800716481248,,0.9525038420274307,0.04749615797256934,0.9966269482079163,0.09971770953770064,5,0.001,0.1,0.9898641215992986,0.996112885602129,0.9970208339214434,1.0,0.9973846770670239,0.9974925935593462,0.9967422339808413,0.9967280404011272,0.9969419118206947,0.9942552519905914,0.9929112303832177,0.9944412562987346
5,4,1.6203668282108923,0.5589868287740628,4935,1.9617575911375194,0.524330900243309,822,1.9613714884645261,0.5322,0.998874971021249,0.08357754913479314,,,0.9899999996357238,,0.9900107286803723,0.00998927131962768,0.9966284189437624,0.09971777369045873,5,0.001,0.1,0.9898468693315573,0.9957736607739132,0.9974170432557742,0.9973846770670239,1.0,0.9966347327604711,0.9972117124492559,0.997040765925358,0.9962654529218098,0.9958326293560937,0.9939390962528739,0.9952188600428863
5,5,1.6589775593313452,0.5649882151274909,4667,1.9708004665374756,0.5038560411311054,778,1.9613887898076456,0.5321,0.9982703863905155,0.08342516729039075,,,0.9344909224353826,,0.9345115550787253,0.0654884449212747,0.9966212226102468,0.0997174987833172,5,0.001,0.1,0.9859665146625258,0.9937788398293238,0.9956508533926157,0.9974925935593462,0.9966347327604711,1.0,0.9968971592821435,0.9966999747996342,0.9973068937592716,0.9946542933476803,0.994697726274649,0.9955212311033176
5,6,1.6657959040573664,0.565012351223894,4453,1.9657693356275558,0.5013477088948787,742,1.961376075927442,0.5323,0.9984465682132363,0.08347296201313845,,,0.9519014017820241,,0.9519239133586569,0.04807608664134311,0.9966283693093722,0.09971770883598294,5,0.001,0.1,0.9854337290698031,0.993508787884545,0.9954954635753999,0.9967422339808413,0.9972117124492559,0.9968971592821435,1.0,0.9976767737849531,0.9973890595482495,0.996407869763092,0.9941289270516592,0.9965034730685505
5,7,1.6801361224544582,0.5509001636661212,4277,1.9602672017138938,0.520336605890603,713,1.9613734540847925,0.5322,0.9985871782800975,0.08351142428636435,,,0.9659122920043491,,0.9659291907095428,0.03407080929045725,0.9966288055980489,0.09971774875640824,5,0.001,0.1,0.9838615205211305,0.9924803166913272,0.9948174984460506,0.9967280404011272,0.997040765925358,0.9966999747996342,0.9976767737849531,1.0,0.9980574005143882,0.9978009470606317,0.9960251891884868,0.997876574835322
5,8,1.6977674210071563,0.5558730927585371,4129,1.9612596360119907,0.5203488372093024,688,1.961378229311861,0.5323,0.9982856688602854,0.08345711679205228,,,0.9461293650674287,,0.9461536231043581,0.05384637689564187,0.9966272086372118,0.09971766860609596,5,0.001,0.1,0.9832521453754177,0.9921150044967058,0.9945652650449315,0.9969419118206947,0.9962654529218098,0.9973068937592716,0.9973890595482495,0.9980574005143882,1.0,0.9963337052509972,0.9957069554110084,0.9975203367881309
5,9,1.71532369502007,0.5382654336415896,4001,1.9562402679806663,0.5337331334332833,667,1.9613791913651049,0.5321,0.997277942013592,0.08336518839588485,,,0.9126420394626348,,0.9126627424826746,0.08733725751732535,0.9966210770967432,0.09971703329633094,5,0.001,0.1,0.9815048699773143,0.9904286647084404,0.9930157055744775,0.9942552519905914,0.9958326293560937,0.9946542933476803,0.996407869763092,0.9978009470606317,0.9963337052509972,1.0,0.9959043420687145,0.9972566896992413
5,10,1.7224213879616534,0.5293905888403189,3889,1.959467541603815,0.5432098765432098,648,1.9615437413176027,0.5325,0.9958481668744724,0.08313527040249391,,,0.8288883895777872,,0.8289113772339336,0.1710886227660664,0.996602817092824,0.09971250371040648,5,0.001,0.1,0.9779368343852924,0.9873517593152574,0.991245041415488,0.9929112303832177,0.9939390962528739,0.994697726274649,0.9941289270516592,0.9960251891884868,0.9957069554110084,0.9959043420687145,1.0,0.9964343673520353
5,11,1.7386062850471304,0.5226061725138486,3791,1.9638271450996398,0.5506329113924051,632,1.9614122774654303,0.5321,0.9972117433207444,0.08329546154156993,,,0.8872422068626102,,0.8872618667903848,0.11273813320961523,0.9966185457439324,0.09971606230716912,5,0.001,0.1,0.9798421462503972,0.9895653734838267,0.992408159780541,0.9944412562987346,0.9952188600428863,0.9955212311033176,0.9965034730685505,0.997876574835322,0.9975203367881309,0.9972566896992413,0.9964343673520353,1.0
6,0,1.2620791949186807,0.6219625030435841,8214,1.8566896693651067,0.5631848064280497,1369,1.8622974911436867,0.5521,0.9902099932428456,0.08260085277372294,,,0.99,,0.9900107286803723,0.00998927131962768,0.9946533134389204,0.09971979074696315,5,0.001,0.1,1.0,0.9952579364421036,0.9938086477806098,0.9901868856154449,0.9896336557678059,0.986172073446685,0.9858064717070715,0.9845804814911324,0.9830700203946052,0.9816544540900806,0.9787247548790294,0.9804293274667415
6,1,1.3718921333262064,0.6024946759963492,6574,1.8473017965044294,0.5666058394160584,1096,1.86016124239364,0.5536,0.9965836411858202,0.08329391751982247,,,0.99,,0.9900107286803723,0.00998927131962768,0.9960524100131729,0.09971979074696315,5,0.001,0.1,0.9952579364421036,1.0,0.9978102541485997,0.9962128325188431,0.995539318560452,0.9939246173417374,0.9934395236388581,0.9926506521633774,0.9917774542750203,0.990759020666719,0.9882612956790153,0.9898535988427472
6,2,1.4353478306564837,0.5882413971986858,5783,1.8554964757734729,0.5674273858921162,964,1.8601490860929886,0.5538,0.9979918156308967,0.08344756504551727,,,0.99,,0.9900107286803723,0.00998927131962768,0.9960683923885544,0.09971979074696315,5,0.001,0.1,0.9938086477806098,0.9978102541485997,1.0,0.9971238699099116,0.9970146195207935,0.9957380518513785,0.9955373939870356,0.994711369271307,0.993947231773526,0.9926857457410055,0.9915911650450745,0.9923391935685755
6,3,1.4551527694047215,0.5954605636466805,5287,1.8612518055098397,0.5607264472190693,881,1.860151562066124,0.5534,0.9987704399717601,0.08347099849807857,,,0.99,,0.9900107286803723,0.00998927131962768,0.9960683810929101,0.09971979074696315,5,0.001,0.1,0.9901868856154449,0.9962128325188431,0.9971238699099116,1.0,0.9974621844474195,0.9973300355208744,0.9969116073891159,0.9966813404435195,0.9964406328491153,0.9949246423129284,0.9938274518639474,0.9944790808869919
6,4,1.4782383917993114,0.5899493414387031,4935,1.8605663959796612,0.5450121654501217,822,1.8601466748661126,0.5538,0.9988235150667976,0.083535909348012,,,0.99,,0.9900107286803723,0.00998927131962768,0.9960693188238704,0.09971979074696315,5,0.001,0.1,0.9896336557678059,0.995539318560452,0.9970146195207935,0.9974621844474195,1.0,0.9968127909834507,0.9971902629120754,0.9970397508333068,0.9960469689744718,0.9958215718874359,0.9943669824174843,0.9952801046907988
6,5,1.5161923953931626,0.5862866938075851,4667,1.8717317390441894,0.5231362467866324,778,1.860164518935231,0.5534,0.9983431998897371,0.0834269014384023,,,0.99,,0.9900107286803723,0.00998927131962768,0.9960666424360114,0.09971979074696315,5,0.001,0.1,0.986172073446685,0.9939246173417374,0.9957380518513785,0.9973300355208744,0.9968127909834507,1.0,0.996974444361765,0.9965539881405784,0.9965939865289795,0.99509231993694,0.9956331366181612,0.9956124650125966
6,6,1.519125550048692,0.5887716146418145,4453,1.8652605762084324,0.5309973045822103,742,1.8601511754928686,0.5537,0.9984944316954822,0.08346111062647586,,,0.99,,0.9900107286803723,0.00998927131962768,0.9960683606958263,0.09971979074696315,5,0.001,0.1,0.9858064717070715,0.9934395236388581,0.9955373939870356,0.9969116073891159,0.9971902629120754,0.996974444361765,1.0,0.9975149248471427,0.9970781987431097,0.9964831681432891,0.994915709518128,0.9963856435258861
6,7,1.5344287538706367,0.5748889408463876,4277,1.859237199244292,0.544179523141655,713,1.8601485837381868,0.5538,0.9985502821250671,0.08348651353058806,,,0.99,,0.9900107286803723,0.00998927131962768,0.9960689924273292,0.09971979074696315,5,0.001,0.1,0.9845804814911324,0.9926506521633774,0.994711369271307,0.9966813404435195,0.9970397508333068,0.9965539881405784,0.9975149248471427,1.0,0.9976780367384436,0.9976628727129462,0.9962307885717554,0.997592914526788
6,8,1.5493617524550511,0.5837733107289901,4129,1.8595833561637185,0.5450581395348837,688,1.860153452276041,0.5537,0.9979029430806622,0.08343228741580974,,,0.99,,0.9900107286803723,0.00998927131962768,0.9960679400590235,0.09971979074696315,5,0.001,0.1,0.9830700203946052,0.9917774542750203,0.993947231773526,0.9964406328491153,0.9960469689744718,0.9965939865289795,0.9970781987431097,0.9976780367384436,1.0,0.9957647286820479,0.9957890225566927,0.9969554435402385
6,9,1.574570913258053,0.5617095726068483,4001,1.8542642479851132,0.5427286356821589,667,1.860153173867125,0.5535,0.9971977241771605,0.08335310910082512,,,0.99,,0.9900107286803723,0.00998927131962768,0.9960622826532914,0.09971979074696315,5,0.001,0.1,0.9816544540900806,0.990759020666719,0.9926857457410055,0.9949246423129284,0.9958215718874359,0.99509231993694,0.9964831681432891,0.9976628727129462,0.9957647286820479,1.0,0.9950673978993643,0.9967834297432359
6,10,1.5787858151998677,0.5591668809462587,3889,1.8570242325464885,0.5694444444444444,648,1.8603365070903644,0.5535,0.996237173410593,0.08318101896193328,,,0.99,,0.9900107286803723,0.00998927131962768,0.9960197327985973,0.09971979074696315,5,0.001,0.1,0.9787247548790294,0.9882612956790153,0.9915911650450745,0.9938274518639474,0.9943669824174843,0.9956331366181612,0.994915709518128,0.9962307885717554,0.9957890225566927,0.9950673978993643,1.0,0.9967939954920629
