round,client_id,client_i_training_loss,client_i_training_accuracy,client_i_training_dataset_size,client_i_evaluation_loss,client_i_evaluation_accuracy,client_i_evaluation_dataset_size,client_i_central_evaluation_loss,client_i_central_evaluation_accuracy,client_i_cosine_similarity,client_i_importance_coefficient,client_i_tanh_val,tanh_normalization_value,client_i_q,client_i_mask_order,client_i_v_nonzero_fraction,client_i_v_sparsity,client_i_v_cosine_similarity,client_i_reward_gradient_norm,local_epochs,learning_rate,gamma,client_0_cosine_similarity,client_1_cosine_similarity,client_2_cosine_similarity,client_3_cosine_similarity,client_4_cosine_similarity,client_5_cosine_similarity,client_6_cosine_similarity,client_7_cosine_similarity,client_8_cosine_similarity,client_9_cosine_similarity,client_10_cosine_similarity,client_11_cosine_similarity
0,0,2.245024785730574,0.1472899926953981,6845,2.2997670390389184,0.09495982468955443,1369,2.2972756548772884,0.1014,0.9114540151767508,0.07985239356680152,,,0.65,,0.6500140284860788,0.3499859715139212,0,0.1422183942803115,10,0.025,0.15,1.0,0.9491273164184746,0.8880007241802639,0.8930303100350214,0.8554668214234963,0.8465965568683774,0.8150446853666464,0.7899220391371262,0.8138488364529914,0.7897802387449874,0.781369425086614,0.7651346075445989
0,1,2.255652925025585,0.1439941584519898,5478,2.300078868865967,0.09032846715328467,1096,2.2972421042526823,0.1004,0.9470677399273134,0.08297250836997144,,,0.8290376639586892,,0.8290752752058886,0.17092472479411136,0,0.1424747948490617,10,0.025,0.15,0.9491273164184746,1.0,0.9235940486629404,0.9253880998997671,0.9055999909570054,0.8987632979641198,0.8630746356919585,0.8382062303383524,0.864126825725764,0.8479934937796956,0.8263419108754324,0.8204691695567657
0,2,2.28453513697574,0.1266597510373444,4820,2.2951708137989044,0.11099585062240663,964,2.297239333768434,0.1004,0.9696684868877918,0.08495255751248561,,,0.94265635921919,,0.942714264494727,0.05728573550527305,0,0.14249372761692233,10,0.025,0.15,0.8880007241802639,0.9235940486629404,1.0,0.9637423748982452,0.9503906142365106,0.9325137436560978,0.911641296572354,0.8829273179638406,0.9134925818258942,0.8886037554953709,0.8836077467246324,0.8924146493723011
0,3,2.2833182062421526,0.13529278256922378,4406,2.2936924525669644,0.11577752553916004,881,2.2972392190860798,0.1004,0.9733863394840317,0.08527827820030412,,,0.9613467840044563,,0.9613886550807875,0.038611344919212476,0,0.1424939140990142,10,0.025,0.15,0.8930303100350214,0.9253880998997671,0.9637423748982452,1.0,0.9514237654676595,0.9319492863530185,0.9131902752864052,0.8955262647371477,0.9203265192119071,0.9056983120524991,0.8934315307900123,0.8868097395532337
0,4,2.290467921892802,0.12893968871595332,4112,2.2970714228493825,0.1070559610705596,822,2.29723922813995,0.1004,0.9770967905893801,0.0856033504442584,,,0.9799999999426182,,0.9800300374643098,0.019969962535690167,0,0.14249398072384192,10,0.025,0.15,0.8554668214234963,0.9055999909570054,0.9503906142365106,0.9514237654676595,1.0,0.9649194399940754,0.9255087838478291,0.9354706829594908,0.924144357576256,0.9152692216508259,0.9367110868908864,0.9244117531183822
0,5,2.292369181879105,0.11928516328104911,3889,2.2970875671931674,0.09383033419023136,778,2.2972392794452134,0.1004,0.9710956982488375,0.08507759535466697,,,0.9498312500750784,,0.9498605403442756,0.05013945965572442,0,0.14249381688055926,10,0.025,0.15,0.8465965568683774,0.8987632979641198,0.9325137436560978,0.9319492863530185,0.9649194399940754,1.0,0.9259742932223264,0.927028866043241,0.9179533804249734,0.9306791361799838,0.9426463284017461,0.9155393406710316
0,6,2.294809446663692,0.13834545944489357,3711,2.2963536580403647,0.11320754716981132,742,2.2972414040867286,0.1004,0.9564297433975547,0.08379271254180179,,,0.87610241899414,,0.8761532240761829,0.1238467759238171,0,0.14248586194015167,10,0.025,0.15,0.8150446853666464,0.8630746356919585,0.911641296572354,0.9131902752864052,0.9255087838478291,0.9259742932223264,1.0,0.9338823382343561,0.9427289120073064,0.9462932545441554,0.9268315169431077,0.9037894693636187
0,7,2.2961006828716823,0.14329405162738496,3564,2.298696438471476,0.08835904628330996,713,2.2972440568706656,0.1004,0.9419714899757062,0.08252602643004427,,,0.803417746562351,,0.803460910036144,0.19653908996385605,0,0.14246099519911498,10,0.025,0.15,0.7899220391371262,0.8382062303383524,0.8829273179638406,0.8955262647371477,0.9354706829594908,0.927028866043241,0.9338823382343561,1.0,0.9253474388916001,0.9152801028982538,0.9284061935253205,0.8912675437165578
0,8,2.295038588841756,0.12298750363266492,3441,2.297850330670675,0.08866279069767442,688,2.2972418628161466,0.1004,0.9511512136614424,0.08333026108849355,,,0.8495661428896548,,0.8496063771847304,0.15039362281526958,0,0.14247887337672785,10,0.025,0.15,0.8138488364529914,0.864126825725764,0.9134925818258942,0.9203265192119071,0.924144357576256,0.9179533804249734,0.9427289120073064,0.9253474388916001,1.0,0.9113093805550214,0.8989862462683867,0.9040758842922357
0,9,2.2947953471431024,0.12225554889022196,3334,2.295217831929525,0.11094452773613193,667,2.2972438365598267,0.1004,0.943557543324431,0.08266498040261058,,,0.811391169405888,,0.8114241388985163,0.18857586110148372,0,0.1424633479327588,10,0.025,0.15,0.7897802387449874,0.8479934937796956,0.8886037554953709,0.9056983120524991,0.9152692216508259,0.9306791361799838,0.9462932545441554,0.9152801028982538,0.9113093805550214,1.0,0.9351184021951607,0.8973972552657176
0,10,2.29564050252621,0.1060475161987041,3241,2.29810893535614,0.08950617283950617,648,2.2972441202477563,0.1004,0.942175624648486,0.08254391064796424,,,0.8044439743777078,,0.8044759122641977,0.19552408773580232,0,0.14246128423487217,10,0.025,0.15,0.781369425086614,0.8263419108754324,0.8836077467246324,0.8934315307900123,0.9367110868908864,0.9426463284017461,0.9268315169431077,0.9284061935253205,0.8989862462683867,0.9351184021951607,1.0,0.937865388408809
0,11,2.2951149282455443,0.10867363089585312,3159,2.2966757297515867,0.10126582278481013,632,2.2972458193573773,0.1003,0.9291806865242362,0.08140542544059741,,,0.7391156948633147,,0.7391526794408411,0.26084732055915894,0,0.1424154892093619,10,0.025,0.15,0.7651346075445989,0.8204691695567657,0.8924146493723011,0.8868097395532337,0.9244117531183822,0.9155393406710316,0.9037894693636187,0.8912675437165578,0.9040758842922357,0.8973972552657176,0.937865388408809,1.0
1,0,2.1284225940704347,0.20574141709276844,6845,2.289968425577337,0.18115412710007306,1369,2.287076201619981,0.1832,0.9085728162387978,0.07906550179003394,,,0.65,,0.6500140284860788,0.3499859715139212,0.8915724121823445,0.14563176066860498,10,0.025,0.15,1.0,0.9449569428433331,0.912497028315615,0.9133941999118649,0.8920856253413911,0.8862204420431876,0.8595323603410737,0.8582527045546495,0.8512827800873365,0.849168475161038,0.833554493372367,0.816334555928124
1,1,2.143745369412178,0.19892296458561518,5478,2.289969550238715,0.17335766423357665,1096,2.286983806875688,0.1808,0.9642725768628446,0.08281322367852964,,,0.8509744243640919,,0.851017477843244,0.148982522156756,0.8927435938042653,0.14602377926326993,10,0.025,0.15,0.9449569428433331,1.0,0.9695056505045261,0.961368080217646,0.9540101993978377,0.9542062669822325,0.9253947370939763,0.9243551211800703,0.9249349020386479,0.9135164332016875,0.9017143486091116,0.8898795176494725
1,2,2.200818402829923,0.1712655601659751,4820,2.284600406885147,0.2033195020746888,964,2.2869737661337552,0.1809,0.981917870471016,0.08461457131984004,,,0.9475730557628816,,0.947615982571669,0.05238401742833099,0.8929480461913759,0.14605449605476598,10,0.025,0.15,0.912497028315615,0.9695056505045261,1.0,0.9729883363832822,0.9741982457899132,0.9729170571367871,0.9563116872034628,0.9558690300102194,0.9553005529937407,0.9427363718807682,0.9343226233149158,0.9214872850226812
1,3,2.188213532992772,0.1849750340444848,4406,2.2832203592572893,0.20204313280363223,881,2.2869735820383967,0.1809,0.9813944845029369,0.08479922636286288,,,0.9574753222814727,,0.9575101912825337,0.042489808717466326,0.8929366475451598,0.14605462802782762,10,0.025,0.15,0.9133941999118649,0.961368080217646,0.9729883363832822,1.0,0.9728309417061972,0.9662123396200916,0.9579423746416961,0.9566635186605574,0.9589908663821171,0.9357974326470475,0.9436804194063299,0.922274200154172
1,4,2.2167546185580167,0.1743190661478599,4112,2.2868963990892683,0.18369829683698297,822,2.2869734401944317,0.1809,0.9881049813608892,0.08521926104032577,,,0.9799999999463742,,0.9800300374643098,0.019969962535690167,0.8929445216128776,0.1460547966280357,10,0.025,0.15,0.8920856253413911,0.9540101993978377,0.9741982457899132,0.9728309417061972,1.0,0.9810744711258038,0.9667763598226138,0.9714037009359404,0.967021972431218,0.9510225081640203,0.9594491616426258,0.9503299927342078
1,5,2.220945775893427,0.17040370275134997,3889,2.2865491253989085,0.18508997429305912,778,2.2869736303257038,0.1809,0.9869521673686599,0.0848560934086483,,,0.9605248606762757,,0.9605634500173293,0.039436549982670654,0.8929452751591322,0.14605466691406765,10,0.025,0.15,0.8862204420431876,0.9542062669822325,0.9729170571367871,0.9662123396200916,0.9810744711258038,1.0,0.9641614186073095,0.971216498484607,0.9688891819488907,0.9562901642630923,0.9579103103206265,0.9476684974342777
1,6,2.2312793468606884,0.17353812988412826,3711,2.286224603652954,0.16981132075471697,742,2.286976907826677,0.1808,0.9843524165549752,0.08397564708145391,,,0.9133102596316939,,0.9133534683368817,0.08664653166311831,0.8928644791948127,0.14605064597655518,10,0.025,0.15,0.8595323603410737,0.9253947370939763,0.9563116872034628,0.9579423746416961,0.9667763598226138,0.9641614186073095,1.0,0.9806930318120501,0.9815530112962672,0.9725558840330197,0.9739773340870179,0.9583317674056557
1,7,2.240744229725429,0.1647867564534231,3564,2.2887465159098306,0.1767180925666199,713,2.2869873167593266,0.1809,0.9859542925084115,0.08324341755812367,,,0.8740438969366869,,0.8740737073162681,0.1259262926837319,0.8926110680919631,0.14602781299367354,10,0.025,0.15,0.8582527045546495,0.9243551211800703,0.9558690300102194,0.9566635186605574,0.9714037009359404,0.971216498484607,0.9806930318120501,1.0,0.9793571471400264,0.9724895724711506,0.9798276052258607,0.9660526484423054
1,8,2.2349028066352563,0.1801220575414124,3441,2.2859790325164795,0.17732558139534885,688,2.2869793282279485,0.1809,0.9840415929213153,0.083679126347665,,,0.8974091107315643,,0.8974352626627717,0.10256473733722826,0.8927284858078299,0.14604886527188082,10,0.025,0.15,0.8512827800873365,0.9249349020386479,0.9553005529937407,0.9589908663821171,0.967021972431218,0.9688891819488907,0.9815530112962672,0.9793571471400264,1.0,0.968698947807547,0.9732813240215771,0.9640137951139864
1,9,2.2341137055997495,0.17384523095380924,3334,2.284734050432841,0.1904047976011994,667,2.286987552159949,0.1808,0.9746925151515162,0.082962403401212,,,0.8589742999644971,,0.8590137149081547,0.1409862850918453,0.892627195023237,0.14602538143056926,10,0.025,0.15,0.849168475161038,0.9135164332016875,0.9427363718807682,0.9357974326470475,0.9510225081640203,0.9562901642630923,0.9725558840330197,0.9724895724711506,0.968698947807547,1.0,0.966698422569221,0.9564549902037888
1,10,2.2405562510857213,0.15334773218142547,3241,2.2873674233754477,0.1728395061728395,648,2.2869881587692453,0.1808,0.9757768412614625,0.08292276911734323,,,0.8568488814775862,,0.8568846858444323,0.14311531415556766,0.8926095034585196,0.14602502793360211,10,0.025,0.15,0.833554493372367,0.9017143486091116,0.9343226233149158,0.9436804194063299,0.9594491616426258,0.9579103103206265,0.9739773340870179,0.9798276052258607,0.9732813240215771,0.966698422569221,1.0,0.9731946511670357
1,11,2.2438877401351927,0.15191516302627414,3159,2.2875813961029055,0.14556962025316456,632,2.287005970749674,0.1827,0.9644569008672585,0.08184875889396154,,,0.7992542699169285,,0.7992936244656798,0.20070637553432025,0.8916708805910951,0.1459712752553756,10,0.025,0.15,0.816334555928124,0.8898795176494725,0.9214872850226812,0.922274200154172,0.9503299927342078,0.9476684974342777,0.9583317674056557,0.9660526484423054,0.9640137951139864,0.9564549902037888,0.9731946511670357,1.0
2,0,2.0456756594004455,0.24752373995617238,6845,2.275316585193981,0.20452885317750183,1369,2.271775432779819,0.2128,0.9037728332167562,0.07843321326260598,,,0.65,,0.6500140284860788,0.3499859715139212,0.9560176495991791,0.14555185172252053,10,0.025,0.15,1.0,0.9447917091394137,0.9111528285691318,0.9138275482457497,0.8767548942474561,0.8717061370076433,0.8568230635278598,0.8566489539852751,0.8415452545194452,0.8479192331836269,0.8297771177997685,0.8099066514852148
2,1,2.0674875314845593,0.23879152975538517,5478,2.2749532328711615,0.19708029197080293,1096,2.2715599204920514,0.2145,0.9623832553781784,0.08266509263801906,,,0.8672233402088829,,0.8672575134921028,0.13274248650789722,0.9590613041484363,0.14596820467111163,10,0.025,0.15,0.9447917091394137,1.0,0.9622580469740095,0.9562710745259165,0.9421992337471532,0.9430548532887454,0.9247723136153038,0.9242575914196712,0.9205562383348271,0.9251596400641046,0.9032811257558925,0.8934637960332362
2,2,2.124310362652728,0.2145435684647303,4820,2.268650144338608,0.21991701244813278,964,2.27153890344161,0.2142,0.9804934694980584,0.0843711761155191,,,0.9547969969182188,,0.9548447789275635,0.045155221072436524,0.959537214679406,0.14600521557304674,10,0.025,0.15,0.9111528285691318,0.9622580469740095,1.0,0.9631545752103173,0.9667091609358132,0.9654385476249767,0.9521211454330589,0.9551864026003221,0.9489742898422423,0.954726175420708,0.9381645229279622,0.9307646968778679
2,3,2.0996958766664777,0.22918747162959602,4406,2.266897576195853,0.24517593643586832,881,2.27153854732272,0.2142,0.9822060916818328,0.08454137652453331,,,0.9635334230001591,,0.9635754484989519,0.036424551501048064,0.9595429074994316,0.14600544858822412,10,0.025,0.15,0.9138275482457497,0.9562710745259165,0.9631545752103173,1.0,0.961163645587879,0.960870686021644,0.9594389526054035,0.9621057199052924,0.9537340325767724,0.9497177780258841,0.9523133292104966,0.9363626540627591
2,4,2.136737012140679,0.21502918287937745,4112,2.271425894328526,0.23114355231143552,822,2.271538797813126,0.2143,0.9840661980370269,0.08486217339334605,,,0.9799999999486697,,0.9800300374643098,0.019969962535690167,0.9595613665313917,0.14600563557327403,10,0.025,0.15,0.8767548942474561,0.9421992337471532,0.9667091609358132,0.961163645587879,1.0,0.9757726891744241,0.9631797644341544,0.9689802001544877,0.9642346298336311,0.9568993757104179,0.9564533420552818,0.9561710359910525
2,5,2.1372234444464406,0.2191308819748007,3889,2.270722900118147,0.22879177377892032,778,2.2715385111072397,0.2142,0.9840651720066602,0.08463720238356254,,,0.9684521863509418,,0.9684936706771633,0.0315063293228367,0.9595507528007358,0.146005532386052,10,0.025,0.15,0.8717061370076433,0.9430548532887454,0.9654385476249767,0.960870686021644,0.9757726891744241,1.0,0.9612816203465333,0.9709291446853524,0.9664508253083924,0.9639590751642734,0.9572141972707736,0.9516677422761319
2,6,2.153208913885314,0.21261115602263542,3711,2.2711092631022134,0.20619946091644206,742,2.2715430229525024,0.2142,0.9837987052352984,0.08408318796967787,,,0.9400144992544973,,0.9400653562410259,0.05993464375897406,0.9594660756022567,0.14600443765654675,10,0.025,0.15,0.8568230635278598,0.9247723136153038,0.9521211454330589,0.9594389526054035,0.9631797644341544,0.9612816203465333,1.0,0.9764804460968364,0.9799657206660596,0.9710435461773935,0.974868222226331,0.9656229759245198
2,7,2.1583466448954174,0.20597643097643098,3564,2.273523449897766,0.20196353436185133,713,2.271561523027058,0.2145,0.9858599026733041,0.08369685458435826,,,0.9201839178629518,,0.920227426515489,0.07977257348451094,0.9592483534917023,0.14600013778464407,10,0.025,0.15,0.8566489539852751,0.9242575914196712,0.9551864026003221,0.9621057199052924,0.9689802001544877,0.9709291446853524,0.9764804460968364,1.0,0.9741800240522276,0.9730135366678714,0.9773179920651093,0.97049811437515
2,8,2.154506739863643,0.21383318802673643,3441,2.268839637438456,0.22819767441860464,688,2.271547803395911,0.2142,0.9821267087361487,0.0838450249078279,,,0.9277895345945878,,0.9278275651499398,0.0721724348500602,0.9594631013101625,0.1460009292182145,10,0.025,0.15,0.8415452545194452,0.9205562383348271,0.9489742898422423,0.9537340325767724,0.9642346298336311,0.9664508253083924,0.9799657206660596,0.9741800240522276,1.0,0.9718447984762875,0.9766469345640103,0.9672674259033767
2,9,2.1510854456159803,0.21976604679064188,3334,2.269004702568054,0.2383808095952024,667,2.2715623650369765,0.2145,0.9803407324439267,0.08334288279266946,,,0.9020144645044528,,0.902056411018138,0.09794358898186195,0.9592254293254492,0.1459974419304837,10,0.025,0.15,0.8479192331836269,0.9251596400641046,0.954726175420708,0.9497177780258841,0.9568993757104179,0.9639590751642734,0.9710435461773935,0.9730135366678714,0.9718447984762875,1.0,0.966944563789119,0.9640651743472681
2,10,2.1665827714479886,0.19966059858068497,3241,2.2714290618896484,0.19598765432098766,648,2.2715621175645273,0.2145,0.9771696757193079,0.08321496168408281,,,0.8954482446230781,,0.8954960307636448,0.10450396923635519,0.9592141895064732,0.14599604836207253,10,0.025,0.15,0.8297771177997685,0.9032811257558925,0.9381645229279622,0.9523133292104966,0.9564533420552818,0.9572141972707736,0.974868222226331,0.9773179920651093,0.9766469345640103,0.966944563789119,1.0,0.9747093843129021
2,11,2.17075909614563,0.20256410256410257,3159,2.2736271381378175,0.16930379746835442,632,2.2715925627116915,0.2129,0.9697187494306082,0.08230685374379769,,,0.8488348554974283,,0.8488884487795217,0.15111155122047826,0.9589308700648883,0.14596276984644413,10,0.025,0.15,0.8099066514852148,0.8934637960332362,0.9307646968778679,0.9363626540627591,0.9561710359910525,0.9516677422761319,0.9656229759245198,0.97049811437515,0.9672674259033767,0.9640651743472681,0.9747093843129021,1.0
3,0,1.9842265204147056,0.27196493791088383,6845,2.255455342206088,0.2089116143170197,1369,2.2510448920575876,0.2259,0.912498523922938,0.07843737666015164,,,0.65,,0.6500140284860788,0.3499859715139212,0.9712997154728141,0.14493499450480626,10,0.025,0.15,1.0,0.946596844977828,0.917165514519622,0.922459060407239,0.8859269451930832,0.8774857090909239,0.8715483135011571,0.862417529340282,0.8466447831697287,0.8515490756770059,0.8359776997698304,0.8066005407065202
3,1,2.005498079366462,0.2655166119021541,5478,2.2546951240963407,0.21441605839416059,1096,2.250628009627137,0.2271,0.9560563850578845,0.08248418129113154,,,0.863713080884953,,0.8637503919724051,0.1362496080275949,0.9736923361206812,0.14543382096534593,10,0.025,0.15,0.946596844977828,1.0,0.954311329392565,0.9496368587188002,0.933455051911358,0.9298385050810611,0.9211613729021058,0.9114707912126149,0.908024237184863,0.9127993166446693,0.8880411751202606,0.8704660165255699
3,2,2.0607982836271588,0.24483402489626557,4820,2.2470864951610565,0.22199170124481327,964,2.250588640382018,0.2273,0.9721992952521374,0.08406937885140192,,,0.9474278843679822,,0.9474756977108811,0.05252430228911886,0.9737916566558442,0.14545869925562055,10,0.025,0.15,0.917165514519622,0.954311329392565,1.0,0.9519597746512752,0.958770019727495,0.9525580786724502,0.9433670036934951,0.9381911064784442,0.9324027858370874,0.9390526408613326,0.9163010224025493,0.9060635336636217
3,3,2.0314538853509085,0.25785292782569225,4406,2.2445714814322337,0.26106696935300794,881,2.2505884713764432,0.2273,0.9772046441089669,0.08433834704419356,,,0.9616321829154117,,0.9616609727517288,0.03833902724827121,0.9737960185796272,0.1454591992111099,10,0.025,0.15,0.922459060407239,0.9496368587188002,0.9519597746512752,1.0,0.9511895144160794,0.9507335599621511,0.9529830891430972,0.9514521386793657,0.9425598688062304,0.9384609979012106,0.9396831184062789,0.917582639639163
3,4,2.077587210409569,0.24024805447470818,4112,2.2500082424708774,0.2542579075425791,822,2.2505889301058613,0.2273,0.9817636954249196,0.08468615433197116,,,0.9799999999471896,,0.9800300374643098,0.019969962535690167,0.9737972292154302,0.1454595487245647,10,0.025,0.15,0.8859269451930832,0.933455051911358,0.958770019727495,0.9511895144160794,1.0,0.9645500338250635,0.9603567404568262,0.9591785837197062,0.9560104334131391,0.955392055463662,0.9475056047097207,0.9468383674298239
3,5,2.0708101945538675,0.24885574697865775,3889,2.2488764354160855,0.2506426735218509,778,2.2505884411968764,0.2273,0.9804705470737956,0.0845043994855329,,,0.9704014668475855,,0.9704494066775594,0.029550593322440588,0.9737961334857953,0.14545942603304254,10,0.025,0.15,0.8774857090909239,0.9298385050810611,0.9525580786724502,0.9507335599621511,0.9645500338250635,1.0,0.9580117966120124,0.9599954089540186,0.9611973246814526,0.9595142198680569,0.9496316883250114,0.9401693598075594
3,6,2.089031212494291,0.24386957693344113,3711,2.250726501146952,0.22641509433962265,742,2.2505947396725037,0.2271,0.9824959148656291,0.0842268864527702,,,0.9557459124965263,,0.9557772606492714,0.044222739350728624,0.9737924121370144,0.14545902016791828,10,0.025,0.15,0.8715483135011571,0.9211613729021058,0.9433670036934951,0.9529830891430972,0.9603567404568262,0.9580117966120124,1.0,0.9678399834842915,0.9725185982147591,0.9621893130717208,0.9622336042521029,0.955162374817193
3,7,2.087626154082162,0.23540965207631875,3564,2.252975662549337,0.20336605890603085,713,2.250622263437585,0.2268,0.9808360692657624,0.08393307456917537,,,0.9402296104830887,,0.9402716575068905,0.05972834249310954,0.9737420444516317,0.1454583498665904,10,0.025,0.15,0.862417529340282,0.9114707912126149,0.9381911064784442,0.9514521386793657,0.9591785837197062,0.9599954089540186,0.9678399834842915,1.0,0.9638502748995667,0.9662185265840728,0.9678054936122324,0.9593612254037887
3,8,2.088579542990084,0.23902935193257774,3441,2.2460755109786987,0.23546511627906977,688,2.2506014244465886,0.2269,0.9782013637067686,0.08393896801044634,,,0.9405408450510715,,0.9405852354310046,0.059414764568995415,0.9737680324174561,0.14545835157124834,10,0.025,0.15,0.8466447831697287,0.908024237184863,0.9324027858370874,0.9425598688062304,0.9560104334131391,0.9611973246814526,0.9725185982147591,0.9638502748995667,1.0,0.9650972697472534,0.9670308679351114,0.9609830004834948
3,9,2.080584337976244,0.24694061187762448,3334,2.2477790911992392,0.2413793103448276,667,2.250624949419046,0.2268,0.9772132354901769,0.08359525322554458,,,0.9223891544394893,,0.9224224719842881,0.07757752801571194,0.9737239917966604,0.14545532951983228,10,0.025,0.15,0.8515490756770059,0.9127993166446693,0.9390526408613326,0.9384609979012106,0.955392055463662,0.9595142198680569,0.9621893130717208,0.9662185265840728,0.9650972697472534,1.0,0.9590085457590706,0.9561012145943524
3,10,2.098549144084637,0.23147176797284788,3241,2.249563972155253,0.2191358024691358,648,2.2506260690809805,0.2269,0.9716196515226605,0.08333330606918836,,,0.908555639130799,,0.9086167912726313,0.09138320872736871,0.9737133248303086,0.1454536111984228,10,0.025,0.15,0.8359776997698304,0.8880411751202606,0.9163010224025493,0.9396831184062789,0.9475056047097207,0.9496316883250114,0.9622336042521029,0.9678054936122324,0.9670308679351114,0.9590085457590706,1.0,0.9666981624440966
3,11,2.104355417251587,0.23146565368787592,3159,2.2545690536499023,0.19462025316455697,632,2.2506732427621188,0.2274,0.9618977785641768,0.08245267400849243,,,0.8620491709468332,,0.862091729794854,0.13790827020514596,0.9736522514885836,0.14543312528754632,10,0.025,0.15,0.8066005407065202,0.8704660165255699,0.9060635336636217,0.917582639639163,0.9468383674298239,0.9401693598075594,0.955162374817193,0.9593612254037887,0.9609830004834948,0.9561012145943524,0.9666981624440966,1.0
4,0,1.9304484720583315,0.29507669831994154,6845,2.2307134758342397,0.2205989773557341,1369,2.2253145537798917,0.2449,0.9213016496509666,0.0788009544707718,,,0.65,,0.6500140284860788,0.3499859715139212,0.9766731200470702,0.1445456979276663,10,0.025,0.15,1.0,0.9446632214220881,0.9226055481826511,0.9258797072806227,0.8916032846297459,0.8828958645663232,0.8849291066517979,0.871254862935085,0.8601517889842831,0.8452943672467655,0.8540081291980578,0.8168185784527565
4,1,1.9504915664362352,0.2885359620299379,5478,2.2294944127400718,0.24635036496350365,1096,2.224546003945266,0.2468,0.9569078646498091,0.08247681680745209,,,0.8630999596442335,,0.863139740225446,0.13686025977455396,0.9805203076666844,0.14506747075978677,10,0.025,0.15,0.9446632214220881,1.0,0.9518585614672368,0.9497880221994865,0.9293249612652844,0.924202460151612,0.9255946620662538,0.9122134968938185,0.9108702793312181,0.9008174558419019,0.8904967386539907,0.8684163396370699
4,2,2.0053201825995193,0.2685477178423237,4820,2.2202388644218445,0.2479253112033195,964,2.224483583546892,0.2467,0.970726924454765,0.0839125128959907,,,0.9463312535575056,,0.9463781749764817,0.05362182502351831,0.9807146992601259,0.1450917090614553,10,0.025,0.15,0.9226055481826511,0.9518585614672368,1.0,0.9505613378101876,0.9504263703701309,0.9463981045656683,0.942725399485985,0.9346392398495468,0.9302061712995039,0.9238630904373483,0.9146947113365541,0.897545961458028
4,3,1.9740746593475342,0.28204720835224695,4406,2.216607468468802,0.2792281498297389,881,2.224481519264511,0.2468,0.9757822048153201,0.08424468284616368,,,0.9655880690999545,,0.9656302091069631,0.03436979089303693,0.9807179308128108,0.14509271703271517,10,0.025,0.15,0.9258797072806227,0.9497880221994865,0.9505613378101876,1.0,0.9440642220314615,0.944110893208612,0.9510033655725674,0.9473782206916503,0.9394479496705616,0.9255787723731498,0.9356773066516074,0.9107472249815779
4,4,2.024473534930836,0.26040856031128407,4112,2.2231382642473494,0.2639902676399027,822,2.2244829165784616,0.2467,0.976781926958191,0.08449328108085907,,,0.9799999999420272,,0.9800300374643098,0.019969962535690167,0.98072219483407,0.14509300046315485,10,0.025,0.15,0.8916032846297459,0.9293249612652844,0.9504263703701309,0.9440642220314615,1.0,0.9538503585858945,0.9540705681177805,0.9494483537814157,0.9480199846899146,0.943607346405868,0.9371504994065052,0.9317389390439883
4,5,2.013705362043073,0.27325790691694524,3889,2.2216175283704485,0.2609254498714653,778,2.224482146999504,0.2468,0.9762918061766799,0.08436442591569843,,,0.9725299077621108,,0.9725701836906471,0.027429816309352928,0.9807227777602819,0.14509290949967266,10,0.025,0.15,0.8828958645663232,0.924202460151612,0.9463981045656683,0.944110893208612,0.9538503585858945,1.0,0.9521746951305262,0.9503299790423491,0.9543529302687744,0.946975276510368,0.9420390411899364,0.9297949603390018
4,6,2.032401543650134,0.2652115332794395,3711,2.225498159726461,0.24528301886792453,742,2.2244907210144818,0.2466,0.9804806957046281,0.08432901016091504,,,0.9704767579910218,,0.9705236751332706,0.029476324866729353,0.9807195290592591,0.14509285568074234,10,0.025,0.15,0.8849291066517979,0.9255946620662538,0.942725399485985,0.9510033655725674,0.9540705681177805,0.9521746951305262,1.0,0.9582377580684662,0.9628128957076563,0.9491458470648473,0.953296571267609,0.9419984030170064
4,7,2.027946163075311,0.26265432098765434,3564,2.2275636196136475,0.211781206171108,713,2.2245289766335787,0.2466,0.9765613783178596,0.08401853464018295,,,0.9524776288402055,,0.9525177006486112,0.04748229935138881,0.9807118197861324,0.14509211274407924,10,0.025,0.15,0.871254862935085,0.9122134968938185,0.9346392398495468,0.9473782206916503,0.9494483537814157,0.9503299790423491,0.9582377580684662,1.0,0.9530566811032338,0.9486531742931492,0.9582758080207681,0.9465526252636945
4,8,2.0341374388447515,0.26065097355419936,3441,2.218061089515686,0.26453488372093026,688,2.224499832225751,0.2467,0.975415214161977,0.08398474186221333,,,0.9505185675473669,,0.9505619646482151,0.049438035351784926,0.9807133306502543,0.14509200342111367,10,0.025,0.15,0.8601517889842831,0.9108702793312181,0.9302061712995039,0.9394479496705616,0.9480199846899146,0.9543529302687744,0.9628128957076563,0.9530566811032338,1.0,0.9515121273763442,0.955288186787764,0.9504322419908131
4,9,2.0219263394673663,0.26652669466106776,3334,2.221315105756124,0.2608695652173913,667,2.2245354984380024,0.2466,0.968025402688878,0.08352988415923417,,,0.9241492018664237,,0.9241884108200888,0.07581158917991115,0.9807126568501928,0.14508896568195825,10,0.025,0.15,0.8452943672467655,0.9008174558419019,0.9238630904373483,0.9255787723731498,0.943607346405868,0.946975276510368,0.9491458470648473,0.9486531742931492,0.9515121273763442,1.0,0.9478452865430367,0.9468452530086957
4,10,2.0412545387561503,0.2533477321814255,3241,2.222150961558024,0.24691358024691357,648,2.2245366211178936,0.2466,0.9691106477815666,0.08340271871620246,,,0.9167770675762503,,0.9168358337046756,0.08316416629532442,0.980686901693709,0.14508777615555782,10,0.025,0.15,0.8540081291980578,0.8904967386539907,0.9146947113365541,0.9356773066516074,0.9371504994065052,0.9420390411899364,0.953296571267609,0.9582758080207681,0.955288186787764,0.9478452865430367,1.0,0.9546075674395216
4,11,2.050149250984192,0.2566001899335233,3159,2.2305739879608155,0.2231012658227848,632,2.2246070270296894,0.2465,0.9564543318857776,0.08244243644431626,,,0.8611068344056492,,0.8611509960225116,0.13884900397748845,0.9805056388338895,0.1450665228631886,10,0.025,0.15,0.8168185784527565,0.8684163396370699,0.897545961458028,0.9107472249815779,0.9317389390439883,0.9297949603390018,0.9419984030170064,0.9465526252636945,0.9504322419908131,0.9468452530086957,0.9546075674395216,1.0
5,0,1.8853165105537133,0.3139371804236669,6845,2.2018974911082876,0.24397370343316288,1369,2.1954298230666147,0.2661,0.9281791144656851,0.07928812212194612,,,0.65,,0.6500140284860788,0.3499859715139212,0.9835876196280833,0.1443954113740762,10,0.025,0.15,1.0,0.942083977041652,0.9261857165062246,0.9245428788954667,0.8972899958683289,0.8915967658488908,0.8919165362157889,0.8756038448970618,0.8698907310044273,0.8539151305818279,0.862176211356405,0.8302307342010226
5,1,1.9037819379983947,0.30673603504928804,5478,2.2001858817206488,0.2655109489051095,1096,2.194121804418443,0.2672,0.9590924125229946,0.08258187104028578,,,0.8629065794671955,,0.8629499430608506,0.1370500569391494,0.9861372625066038,0.14488236117055597,10,0.025,0.15,0.942083977041652,1.0,0.9498115202634243,0.9469548230857624,0.9305677216570035,0.9257929593084336,0.9270684944913825,0.9120713755745715,0.9164433822083125,0.8984392079595294,0.8943183718100083,0.8756638507010797
5,2,1.9586114757939388,0.28767634854771784,4820,2.189055413007736,0.28112033195020747,964,2.194034322907653,0.2676,0.9694896214582731,0.0838135102951241,,,0.9425192358615808,,0.9425739796339391,0.057426020366060926,0.9863661470357825,0.14490522682480247,10,0.025,0.15,0.9261857165062246,0.9498115202634243,1.0,0.9485574169605933,0.9493151712134185,0.9404722652451997,0.9386307123361947,0.9297082924979739,0.9287316113569416,0.9182536332423952,0.9127246249849776,0.8949298944325096
5,3,1.9240203155790057,0.3037221970040853,4406,2.1840711661747525,0.2905788876276958,881,2.194030722485313,0.2676,0.9752965977272813,0.0842096638504753,,,0.9681264392352096,,0.9681718407024146,0.03182815929758542,0.986392902079915,0.14490636854115174,10,0.025,0.15,0.9245428788954667,0.9469548230857624,0.9485574169605933,1.0,0.9452784476924835,0.9403309116718974,0.9475410330845621,0.9426209920303644,0.9399166613846357,0.9227090746980595,0.9340963866336354,0.9116745857940921
5,4,1.976082120880936,0.28061770428015564,4112,2.191720042909895,0.28832116788321166,822,2.1940317485905902,0.2676,0.9761922066935282,0.08439335252656428,,,0.9799999999353604,,0.9800300374643098,0.019969962535690167,0.9863983162014592,0.1449065675357139,10,0.025,0.15,0.8972899958683289,0.9305677216570035,0.9493151712134185,0.9452784476924835,1.0,0.9515251964988276,0.9509105457255592,0.9455243398437853,0.9472913412723181,0.9345847000195545,0.9320741107185259,0.9283161255688414
5,5,1.963954051848381,0.296451529956287,3889,2.1899679388318742,0.2660668380462725,778,2.1940314528308336,0.2676,0.9738369548601191,0.08423632237719696,,,0.9698496354710667,,0.9698965192850423,0.03010348071495772,0.9863932277909775,0.1449064081036291,10,0.025,0.15,0.8915967658488908,0.9257929593084336,0.9404722652451997,0.9403309116718974,0.9515251964988276,1.0,0.9478098674788168,0.9416266308330759,0.949751056298413,0.9356960937755542,0.9352868337900327,0.9253302377366126
5,6,1.980463837344071,0.28843977364591755,3711,2.196019172668457,0.26549865229110514,742,2.1940422269362436,0.2672,0.9783615118530088,0.08436223606096913,,,0.9779886443587145,,0.9780330412107409,0.02196695878925914,0.9863946848730943,0.14490654641581466,10,0.025,0.15,0.8919165362157889,0.9270684944913825,0.9386307123361947,0.9475410330845621,0.9509105457255592,0.9478098674788168,1.0,0.9524216155240012,0.9584060701912357,0.9370558246675043,0.9476247902248849,0.9382477756609603
5,7,1.9747242621013097,0.28428731762065096,3564,2.1982956329981485,0.22300140252454417,713,2.1940953791896,0.2672,0.9723680159109511,0.08397345998006508,,,0.952858317908189,,0.9529055470284366,0.04709445297156345,0.9863716840673472,0.14490583029493131,10,0.025,0.15,0.8756038448970618,0.9120713755745715,0.9297082924979739,0.9426209920303644,0.9455243398437853,0.9416266308330759,0.9524216155240012,1.0,0.9459139056347812,0.9367988864373088,0.9472722806657976,0.9380913981114786
5,8,1.987260999502959,0.2772740482417902,3441,2.185638109842936,0.2805232558139535,688,2.19405623930919,0.2672,0.9740359500899155,0.08400699651378939,,,0.9550261056963445,,0.9550758363453318,0.044924163654668225,0.9863753011976191,0.14490594242875346,10,0.025,0.15,0.8698907310044273,0.9164433822083125,0.9287316113569416,0.9399166613846357,0.9472913412723181,0.949751056298413,0.9584060701912357,0.9459139056347812,1.0,0.9402343908675586,0.9456522563145165,0.9444144580538901
5,9,1.9710514982541403,0.2925914817036593,3334,2.190512259801229,0.2773613193403298,667,2.1940928591957576,0.2672,0.9621373557168956,0.0833354988228194,,,0.9116207703022288,,0.9116617979567923,0.08833820204320775,0.9863554002935976,0.14490073211655854,10,0.025,0.15,0.8539151305818279,0.8984392079595294,0.9182536332423952,0.9227090746980595,0.9345847000195545,0.9356960937755542,0.9370558246675043,0.9367988864373088,0.9402343908675586,1.0,0.9333968071327585,0.9377807042244469
5,10,1.9922823277803567,0.27642702869484725,3241,2.1901647647221885,0.2654320987654321,648,2.1940944979462444,0.2672,0.9654883769575302,0.08336606070583454,,,0.9135962778883103,,0.9136505421597267,0.08634945784027326,0.9863626123694001,0.14490118167986968,10,0.025,0.15,0.862176211356405,0.8943183718100083,0.9127246249849776,0.9340963866336354,0.9320741107185259,0.9352868337900327,0.9476247902248849,0.9472722806657976,0.9456522563145165,0.9333968071327585,1.0,0.9433559404159334
5,11,2.003444739341736,0.2726812282367838,3159,2.202040672302246,0.2579113924050633,632,2.194207303131683,0.267,0.955188839425801,0.08243290570492993,,,0.8532775212735966,,0.853311547919658,0.14668845208034198,0.9861260299993346,0.14487699843680182,10,0.025,0.15,0.8302307342010226,0.8756638507010797,0.8949298944325096,0.9116745857940921,0.9283161255688414,0.9253302377366126,0.9382477756609603,0.9380913981114786,0.9444144580538901,0.9377807042244469,0.9433559404159334,1.0
6,0,1.8444427523348066,0.32948137326515703,6845,2.168969522822987,0.2695398100803506,1369,2.1613268429719947,0.2867,0.9370237559512783,0.07989371881486985,,,0.65,,0.6500140284860788,0.3499859715139212,0.9881364284649956,0.14427647388694545,10,0.025,0.15,1.0,0.9409981238793567,0.9292626825538994,0.9261510477173903,0.9040192260563547,0.9009081080185053,0.9021514431659137,0.8824888058589369,0.8827205445089463,0.8708627688388599,0.8732004116091252,0.8483770889645514
6,1,1.8616143903066946,0.3228733114275283,5478,2.1667548020680747,0.2801094890510949,1096,2.159396850610081,0.2891,0.9598301755636724,0.08268559202753419,,,0.8592064344582069,,0.859244772325923,0.140755227674077,0.989702293322284,0.1447993508922529,10,0.025,0.15,0.9409981238793567,1.0,0.947492879500798,0.9445836971201669,0.9270808311753896,0.9256516667928877,0.9262266717017107,0.9111971256930529,0.9173371919818342,0.9041479437856546,0.8957384647665775,0.8812855109856133
6,2,1.913543040501444,0.30840248962655603,4820,2.1536698937416077,0.2987551867219917,964,2.1592639428150804,0.2897,0.967864642605586,0.0837134250513892,,,0.9362261505268674,,0.9362611608984833,0.06373883910151668,0.9900157437681064,0.14482735404395483,10,0.025,0.15,0.9292626825538994,0.947492879500798,1.0,0.945448424833032,0.9421896634103056,0.936418669976877,0.9337957877064091,0.9267408837122876,0.9269898062152606,0.9167057269856047,0.912060607472339,0.8959222909085094
6,3,1.8779195489202227,0.3220608261461643,4406,2.147263935634068,0.3076049943246311,881,2.1592671629748765,0.2897,0.9725002873928577,0.08411109769333373,,,0.9660253817832878,,0.966067567790596,0.033932432209404007,0.9900027786996237,0.14482952921993236,10,0.025,0.15,0.9261510477173903,0.9445836971201669,0.945448424833032,1.0,0.9399829606563178,0.9367047042675408,0.9415197430552006,0.9348631263997806,0.9351114381659243,0.9241888711163121,0.9293331239005553,0.9083428335106685
6,4,1.9351877981966192,0.29698443579766537,4112,2.155674934387207,0.3102189781021898,822,2.1592685633067843,0.2897,0.9747139458031512,0.084297589863846,,,0.9799999999250659,,0.9800300374643098,0.019969962535690167,0.9900105733017973,0.14482976730219027,10,0.025,0.15,0.9040192260563547,0.9270808311753896,0.9421896634103056,0.9399829606563178,1.0,0.9475565242277009,0.9471806873154245,0.942065470139372,0.9436999483350127,0.9367473727419524,0.9317122225617672,0.9281987293559829
6,5,1.918174022243869,0.3152481357675495,3889,2.154249804360526,0.2917737789203085,778,2.159267742422563,0.2897,0.9721928694771554,0.08411760736385862,,,0.9665131779173786,,0.9665461867274018,0.03345381327259822,0.9900042268571255,0.144829529810911,10,0.025,0.15,0.9009081080185053,0.9256516667928877,0.936418669976877,0.9367047042675408,0.9475565242277009,1.0,0.9425119114445881,0.9372154200615983,0.9434144342977585,0.9379678559246641,0.9334326755987133,0.9194460711789518
6,6,1.9355922218026786,0.30821880894637566,3711,2.1623200178146362,0.284366576819407,742,2.1592811029168626,0.2897,0.9752821842026872,0.08429683868093812,,,0.9799437107293137,,0.9799805251605024,0.02001947483949762,0.9900106582792415,0.14482976730219027,10,0.025,0.15,0.9021514431659137,0.9262266717017107,0.9337957877064091,0.9415197430552006,0.9471806873154245,0.9425119114445881,1.0,0.9442599372808217,0.9500652453094726,0.9353260285751624,0.9418992528926554,0.9320584079372858
6,7,1.9316703064101084,0.29977553310886645,3564,2.1649849017461142,0.25245441795231416,713,2.1593428322031527,0.2898,0.9695423877401027,0.08386764732379076,,,0.9477826537293825,,0.9478305358881682,0.052169464111831765,0.9900029094658767,0.14482875662820718,10,0.025,0.15,0.8824888058589369,0.9111971256930529,0.9267408837122876,0.9348631263997806,0.942065470139372,0.9372154200615983,0.9442599372808217,1.0,0.9394515571347106,0.9380124467382991,0.9415273511848108,0.9321596155475362
6,8,1.9420559733002274,0.2989247311827957,3441,2.148662726084391,0.29796511627906974,688,2.159295604198794,0.2898,0.9714164981522667,0.08394975807384972,,,0.9539355467664306,,0.9539783136109323,0.04602168638906767,0.9899988195231723,0.14482907537915218,10,0.025,0.15,0.8827205445089463,0.9173371919818342,0.9269898062152606,0.9351114381659243,0.9436999483350127,0.9434144342977585,0.9500652453094726,0.9394515571347106,1.0,0.9375113597255245,0.9375736921808271,0.9377613469214364
6,9,1.9192002649660465,0.3101379724055189,3334,2.1557888984680176,0.3103448275862069,667,2.1593359723875793,0.2897,0.9648524503004193,0.08331798074003773,,,0.9065938971604353,,0.906644551170966,0.09335544882903402,0.9899533034412722,0.14482304005783359,10,0.025,0.15,0.8708627688388599,0.9041479437856546,0.9167057269856047,0.9241888711163121,0.9367473727419524,0.9379678559246641,0.9353260285751624,0.9380124467382991,0.9375113597255245,1.0,0.9400539093550905,0.9343443958750971
