round,client_id,client_i_training_loss,client_i_training_accuracy,client_i_training_dataset_size,client_i_evaluation_loss,client_i_evaluation_accuracy,client_i_evaluation_dataset_size,client_i_central_evaluation_loss,client_i_central_evaluation_accuracy,client_i_cosine_similarity,client_i_importance_coefficient,client_i_tanh_val,tanh_normalization_value,client_i_q,client_i_mask_order,client_i_v_nonzero_fraction,client_i_v_sparsity,client_i_v_cosine_similarity,client_i_reward_gradient_norm,local_epochs,learning_rate,gamma,client_0_cosine_similarity,client_1_cosine_similarity,client_2_cosine_similarity,client_3_cosine_similarity,client_4_cosine_similarity,client_5_cosine_similarity,client_6_cosine_similarity,client_7_cosine_similarity,client_8_cosine_similarity,client_9_cosine_similarity,client_10_cosine_similarity,client_11_cosine_similarity
0,0,1.9569985919425459,0.4549793036279523,8214,2.259313611097114,0.26515704894083275,1369,2.2575899031215583,0.2648,0.97082661188398,0.08183777402767327,,,0.65,,0.6500178811339539,0.34998211886604613,0,0.09875206221686639,5,0.001,0.1,1.0,0.9875128332147013,0.9809178624425254,0.9689042965615147,0.9593952014056502,0.9478492151431958,0.9497842420567629,0.9372925268210126,0.9357021636297439,0.930770538131921,0.9182518631777968,0.9206726983935041
0,1,2.0822249852337884,0.3966534834195315,6574,2.255229643412999,0.26277372262773724,1096,2.25755931698857,0.2648,0.9892816283660831,0.08339347661148319,,,0.882537550183873,,0.8825547790955046,0.11744522090449538,0,0.09879124494062971,5,0.001,0.1,0.9875128332147013,1.0,0.9922955677225117,0.9879570707240992,0.9783198085921911,0.9761308447559782,0.975344067858217,0.9648098298560479,0.9667635494332769,0.9600446425185724,0.9561456504105615,0.9465878397514645
0,2,2.125050318043535,0.4407746844198513,5783,2.256448115071943,0.2894190871369295,964,2.2575610559969284,0.2648,0.9941394342738851,0.08380297509173344,,,0.9437470476754879,,0.9437614173456664,0.05623858265433357,0,0.09879271761562762,5,0.001,0.1,0.9809178624425254,0.9922955677225117,1.0,0.9931918444668616,0.9847048865426561,0.9803539013192266,0.9854573944471375,0.9757307681452579,0.9744978590331808,0.9738754551212025,0.9648617906937527,0.9614670354973083
0,3,2.155258616338293,0.36784565916398715,5287,2.257480902331216,0.25879682179341656,881,2.2575614467596474,0.2648,0.997016598970022,0.08404551145338707,,,0.9799999998505257,,0.9800166246218381,0.01998337537816186,0,0.09879286292445869,5,0.001,0.1,0.9689042965615147,0.9879570707240992,0.9931918444668616,1.0,0.9912810278316637,0.9884171907630295,0.9900896798665475,0.9839970294740774,0.9854294302650529,0.9811336980742296,0.9788269053358107,0.9737512735245605
0,4,2.177388673751585,0.3696048632218845,4935,2.251865396132836,0.2737226277372263,822,2.257561053711766,0.2648,0.9941038041092706,0.08379997157563221,,,0.9432980992174813,,0.9433168053662733,0.05668319463372673,0,0.09879271696548846,5,0.001,0.1,0.9593952014056502,0.9783198085921911,0.9847048865426561,0.9912810278316637,1.0,0.9869527501656028,0.9911693321489593,0.9834349127167616,0.9888869359521116,0.9811679115403257,0.9741140874481075,0.9814802235267426
0,5,2.185260671785433,0.34797514463252627,4667,2.2655231285095216,0.2455012853470437,778,2.2575613218374526,0.2648,0.9928307240863027,0.08369265474483725,,,0.927256991369321,,0.9272721121968664,0.07272788780313355,0,0.09879255382268397,5,0.001,0.1,0.9478492151431958,0.9761308447559782,0.9803539013192266,0.9884171907630295,0.9869527501656028,1.0,0.9904270676406273,0.9899755611272097,0.9865674560638231,0.9865300240799015,0.9835813052017159,0.982588639917957
0,6,2.19215687087604,0.39586795418818777,4453,2.2591503163178763,0.27088948787061995,742,2.2575610841805944,0.2648,0.9952555451744313,0.08389705989591023,,,0.9578103076459252,,0.9578246875634296,0.042175312436570356,0,0.09879279408336308,5,0.001,0.1,0.9497842420567629,0.975344067858217,0.9854573944471375,0.9900896798665475,0.9911693321489593,0.9904270676406273,1.0,0.9908260280678295,0.9926529829467561,0.993141697475319,0.9860450554352937,0.9855154135509894
0,7,2.204203802436145,0.3635258358662614,4277,2.2591080458267876,0.2538569424964937,713,2.2575592690001662,0.2648,0.9895817546549277,0.08341877635822022,,,0.8863192120437463,,0.8863388136592533,0.11366118634074673,0,0.09879127218312606,5,0.001,0.1,0.9372925268210126,0.9648098298560479,0.9757307681452579,0.9839970294740774,0.9834349127167616,0.9899755611272097,0.9908260280678295,1.0,0.9841723234500542,0.9904891878890298,0.9882092444361987,0.9863346857529182
0,8,2.2044224625367383,0.35601840639379995,4129,2.251066576350819,0.2805232558139535,688,2.257559307086201,0.2648,0.9893348027319889,0.08339795905117715,,,0.8832075597063411,,0.8832313625424073,0.1167686374575927,0,0.09879124968496493,5,0.001,0.1,0.9357021636297439,0.9667635494332769,0.9744978590331808,0.9854294302650529,0.9888869359521116,0.9865674560638231,0.9926529829467561,0.9841723234500542,1.0,0.9860542816728752,0.9863899587266725,0.9845315392727133
0,9,2.207125695168026,0.3648587853036741,4001,2.258679219654628,0.26686656671664166,667,2.2575588789991676,0.2648,0.9874760196593115,0.0832412692085151,,,0.859786455614518,,0.8598022443239481,0.14019775567605186,0,0.09879027847263193,5,0.001,0.1,0.930770538131921,0.9600446425185724,0.9738754551212025,0.9811336980742296,0.9811679115403257,0.9865300240799015,0.993141697475319,0.9904891878890298,0.9860542816728752,1.0,0.9864294245231489,0.9875689506687987
0,10,2.2127365225651223,0.3627153509899717,3889,2.253451767421904,0.25925925925925924,648,2.2575629366853365,0.2649,0.9821039979868477,0.08278842388029556,,,0.7920977184919664,,0.7921149032002397,0.2078850967997603,0,0.09878568394485009,5,0.001,0.1,0.9182518631777968,0.9561456504105615,0.9648617906937527,0.9788269053358107,0.9741140874481075,0.9835813052017159,0.9860450554352937,0.9882092444361987,0.9863899587266725,0.9864294245231489,1.0,0.9781811294361561
0,11,2.2171591951065706,0.3375362701134265,3791,2.264539694786072,0.24208860759493672,632,2.2575632619400756,0.2649,0.9808669934056929,0.08268414810113528,,,0.7765111696992902,,0.7765244874880389,0.22347551251196107,0,0.09878373990527842,5,0.001,0.1,0.9206726983935041,0.9465878397514645,0.9614670354973083,0.9737512735245605,0.9814802235267426,0.982588639917957,0.9855154135509894,0.9863346857529182,0.9845315392727133,0.9875689506687987,0.9781811294361561,1.0
1,0,1.7117239280433507,0.5345751156561968,8214,2.1987627827843954,0.3966398831263696,1369,2.196827135908718,0.3976,0.9813861314407206,0.08198897753782905,,,0.65,,0.6500178811339539,0.34998211886604613,0.977392795060653,0.0994064871176308,5,0.001,0.1,1.0,0.992978724827217,0.9899358573613497,0.9849116141116456,0.9790175722482644,0.9739797074882389,0.9743990617289562,0.9692166305850264,0.9677273904577562,0.9651531328571843,0.9562726261006615,0.9593083414477135
1,1,1.8631200532311374,0.48640097353209616,6574,2.195069830758231,0.3978102189781022,1096,2.1967326749247102,0.3975,0.9932797950299924,0.08332896215866978,,,0.8839804172671378,,0.8840046007674389,0.11599539923256108,0.9777175936088611,0.09945677553017518,5,0.001,0.1,0.992978724827217,1.0,0.9962972876426968,0.994911936786366,0.990549339959806,0.9897344070097734,0.9882709930263471,0.9847737774288435,0.9845203705569174,0.9805746156192396,0.9769008197981182,0.9751071358024606
1,2,1.9188067535010491,0.5265433166176725,5783,2.1952705921665316,0.40560165975103735,964,2.1967321919937866,0.3975,0.9957634324708566,0.08366076143052165,,,0.9419173001756322,,0.9419394747779356,0.058060525222064396,0.9777541871912235,0.09945838804750685,5,0.001,0.1,0.9899358573613497,0.9962972876426968,1.0,0.9969287067316897,0.9929650812517614,0.9916147484633285,0.9921058780568507,0.988756507153933,0.9877084886488987,0.9860664639505711,0.9808043138653206,0.981011828044828
1,3,1.9720465947346515,0.4691507471155665,5287,2.1977312905447826,0.40408626560726446,881,2.196732310822216,0.3975,0.9979019794985808,0.0838788575962042,,,0.9799999998253858,,0.9800166246218381,0.01998337537816186,0.9777602707765284,0.09945872354078779,5,0.001,0.1,0.9849116141116456,0.994911936786366,0.9969287067316897,1.0,0.9955417083783176,0.9953028762184208,0.994675942518669,0.9922206551375805,0.9920784313808985,0.9889387786236639,0.9878743016912708,0.9862714852161608
1,4,2.010141538035485,0.45864235055724417,4935,2.190015976245587,0.4148418491484185,822,2.1967319558603693,0.3975,0.9969745157323648,0.08369806635741521,,,0.9484312722204753,,0.9484491740849209,0.05155082591507909,0.9777549845913368,0.09945848091429349,5,0.001,0.1,0.9790175722482644,0.990549339959806,0.9929650812517614,0.9955417083783176,1.0,0.9934878088461448,0.9953385468208286,0.991932608572909,0.9944264618961995,0.9894750988146307,0.9860038691953716,0.9897995239633935
1,5,2.0295714079517206,0.46385258195843154,4667,2.205897731781006,0.35732647814910024,778,2.196732530197777,0.3975,0.9977807830183623,0.08365821619615062,,,0.9414728659702587,,0.9414996955374489,0.058500304462551056,0.9777556245879062,0.09945838762835563,5,0.001,0.1,0.9739797074882389,0.9897344070097734,0.9916147484633285,0.9953028762184208,0.9934878088461448,1.0,0.9963947655785171,0.9953175807445923,0.9955173679445444,0.9931557026736437,0.9932979371588858,0.9903302039158199
1,6,2.041157787867955,0.4818773860318886,4453,2.1963945627212524,0.4056603773584906,742,2.1967320731653572,0.3975,0.998357342618963,0.08380239921717815,,,0.9666492768768944,,0.9666685997622293,0.0333314002377707,0.9777579494174872,0.0994586702540809,5,0.001,0.1,0.9743990617289562,0.9882709930263471,0.9921058780568507,0.994675942518669,0.9953385468208286,0.9963947655785171,1.0,0.9954824714423108,0.9971552449540922,0.9957011049185928,0.9919542253427319,0.9935457404188408
1,7,2.064314670527159,0.456207622165069,4277,2.1971829766812534,0.3884992987377279,713,2.1967312268936596,0.3975,0.9965634263991938,0.08345064840182555,,,0.9052285700492148,,0.9052444882612772,0.09475551173872276,0.9777232702515555,0.09945744429046859,5,0.001,0.1,0.9692166305850264,0.9847737774288435,0.988756507153933,0.9922206551375805,0.991932608572909,0.9953175807445923,0.9954824714423108,1.0,0.994655623464146,0.9950608873273739,0.994059973442098,0.9921398492885468
1,8,2.0673633019740767,0.4456284814725115,4129,2.1895721825686367,0.42441860465116277,688,2.196731309159495,0.3975,0.9966887731724277,0.08344191445182919,,,0.9037034978709568,,0.9037221755057461,0.09627782449425393,0.9777231571396597,0.09945743960224981,5,0.001,0.1,0.9677273904577562,0.9845203705569174,0.9877084886488987,0.9920784313808985,0.9944264618961995,0.9955173679445444,0.9971552449540922,0.994655623464146,1.0,0.9938668632395428,0.9929143667055078,0.994507379787907
1,9,2.077107180110992,0.46688327918020495,4001,2.1984365667615617,0.4077961019490255,667,2.196733333813116,0.3975,0.9950014479359448,0.08329113124320633,,,0.877374600119639,,0.8773982466823247,0.12260175331767531,0.9777028171891755,0.09945651087595486,5,0.001,0.1,0.9651531328571843,0.9805746156192396,0.9860664639505711,0.9889387786236639,0.9894750988146307,0.9931557026736437,0.9957011049185928,0.9950608873273739,0.9938668632395428,1.0,0.9920809931523918,0.9949153630627557
1,10,2.086351722772004,0.43821033684751864,3889,2.1911694549378895,0.4089506172839506,648,2.1967416479945565,0.3975,0.9923003556090216,0.08292567897850867,,,0.8135614249120523,,0.8135915949004939,0.18640840509950607,0.9776790329288227,0.09945264807680226,5,0.001,0.1,0.9562726261006615,0.9769008197981182,0.9808043138653206,0.9878743016912708,0.9860038691953716,0.9932979371588858,0.9919542253427319,0.994059973442098,0.9929143667055078,0.9920809931523918,1.0,0.9905247005005205
1,11,2.095673307050176,0.44199419678185176,3791,2.2061378240585325,0.35443037974683544,632,2.196743594190945,0.3975,0.9926948761994603,0.08287438643066174,,,0.804605014844906,,0.8046171987512203,0.19538280124877971,0.9776602110949602,0.09945124897952999,5,0.001,0.1,0.9593083414477135,0.9751071358024606,0.981011828044828,0.9862714852161608,0.9897995239633935,0.9903302039158199,0.9935457404188408,0.9921398492885468,0.994507379787907,0.9949153630627557,0.9905247005005205,1.0
2,0,1.523210640222646,0.5763087411736061,8214,2.1229572074357854,0.4243973703433163,1369,2.121024548436125,0.4309,0.9867801411223226,0.08220346398812596,,,0.65,,0.6500178811339539,0.34998211886604613,0.9907750628993305,0.09956425765323251,5,0.001,0.1,1.0,0.9943384551398761,0.9923440319894402,0.9890578642579639,0.9844920712549932,0.9821782840193309,0.9819364225521857,0.9788790338177104,0.9768572050796219,0.9745218854450243,0.969953179298944,0.9722507876400993
2,1,1.6655558448972054,0.5350775783389109,6574,2.1199310779571534,0.4306569343065693,1096,2.1208202427568525,0.4307,0.9957178993677178,0.08331468909382976,,,0.8885651533022718,,0.8885812045118451,0.11141879548815492,0.9910636927809099,0.09962064585452991,5,0.001,0.1,0.9943384551398761,1.0,0.9969725963617572,0.996706848843002,0.9934451490486294,0.9935995065506963,0.9927226709671865,0.9902833852166405,0.9894734652583779,0.9868701842037354,0.9850825992285616,0.9839717304669818
2,2,1.7122002163644654,0.5713989278920976,5783,2.118970855589836,0.4336099585062241,964,2.120816172121432,0.4307,0.997110269097642,0.0835633296805466,,,0.9419449585125763,,0.9419684712113743,0.05803152878862572,0.991077465688722,0.09962253278530053,5,0.001,0.1,0.9923440319894402,0.9969725963617572,1.0,0.9975833301338851,0.9954808278110733,0.9944317709931727,0.9943890051920468,0.9930212112456441,0.9910285878084236,0.9898056318093996,0.9872916177137564,0.9877189779038552
2,3,1.772417717956635,0.5246075278986193,5287,2.123464490686144,0.4358683314415437,881,2.1208149587003566,0.4307,0.9984534000060465,0.08374058824775771,,,0.9799999997853134,,0.9800166246218381,0.01998337537816186,0.9910826228240297,0.09962298042936574,5,0.001,0.1,0.9890578642579639,0.996706848843002,0.9975833301338851,1.0,0.9976161451448026,0.9964465826776672,0.9964615290627797,0.9948205596801946,0.9943201956045332,0.9914413164281408,0.9913375695624291,0.9902720978850692
2,4,1.816938361044853,0.5112462006079027,4935,2.112621866739713,0.45255474452554745,822,2.1208153601271658,0.4307,0.9980905857020573,0.0836178971209327,,,0.9536598574238815,,0.9536830303206039,0.046316969679396136,0.9910783429047492,0.09962275509786107,5,0.001,0.1,0.9844920712549932,0.9934451490486294,0.9954808278110733,0.9976161451448026,1.0,0.9962222048075534,0.9970327377494528,0.9946308796019319,0.9956373166437347,0.9928821897846197,0.9915183300951267,0.9927197376837705
2,5,1.8451002305501127,0.5179344332547675,4667,2.131550016403198,0.38303341902313626,778,2.1208159215153217,0.4307,0.9986419118458527,0.0836112477927259,,,0.952232335677953,,0.9522477068653888,0.04775229313461116,0.9910772374368837,0.09962275435029244,5,0.001,0.1,0.9821782840193309,0.9935995065506963,0.9944317709931727,0.9964465826776672,0.9962222048075534,1.0,0.9977569709993367,0.9968006158508432,0.996753777787949,0.9952247466928256,0.9947446175310446,0.9941017446694483
2,6,1.8542537220886774,0.5237368066472041,4453,2.1182535886764526,0.44609164420485176,742,2.1208150897163174,0.4307,0.9987465872736063,0.083703129387211,,,0.9719580839187764,,0.971974947081509,0.028025052918491,0.9910803239343655,0.09962289601776253,5,0.001,0.1,0.9819364225521857,0.9927226709671865,0.9943890051920468,0.9964615290627797,0.9970327377494528,0.9977569709993367,1.0,0.9964923410272556,0.9975911758191259,0.995535734634599,0.9946289377827358,0.9949570047528704
2,7,1.8874937141119543,0.5049333645078325,4277,2.1200780453889267,0.426367461430575,713,2.120817461714577,0.4307,0.9976679754210639,0.08345237856266069,,,0.9181252388971293,,0.9181479011414929,0.08185209885850708,0.9910681551876236,0.09962177133061847,5,0.001,0.1,0.9788790338177104,0.9902833852166405,0.9930212112456441,0.9948205596801946,0.9946308796019319,0.9968006158508432,0.9964923410272556,1.0,0.9957350861958851,0.9956090802015805,0.9957977138861163,0.9945416749145766
2,8,1.8954442800008333,0.49881327197868736,4129,2.1128403056751597,0.45348837209302323,688,2.1208174045855244,0.4307,0.9972899150975622,0.0834348042323926,,,0.9143522654707104,,0.9143783647944637,0.08562163520553634,0.9910698189553473,0.09962158502543797,5,0.001,0.1,0.9768572050796219,0.9894734652583779,0.9910285878084236,0.9943201956045332,0.9956373166437347,0.996753777787949,0.9975911758191259,0.9957350861958851,1.0,0.9942737047266963,0.9948868484226715,0.9955032449948374
2,9,1.9061245218155876,0.5020244938765309,4001,2.1234484286535356,0.4407796101949025,667,2.120821889597006,0.4308,0.995997075452126,0.08330048725921887,,,0.8855162095430561,,0.8855365790007829,0.11446342099921714,0.9910604626753994,0.09962063388345607,5,0.001,0.1,0.9745218854450243,0.9868701842037354,0.9898056318093996,0.9914413164281408,0.9928821897846197,0.9952247466928256,0.995535734634599,0.9956090802015805,0.9942737047266963,1.0,0.9945112187047636,0.9959559497924666
2,10,1.9220107729317712,0.48521470815119566,3889,2.1133702368963334,0.4506172839506173,648,2.1208357727184843,0.4309,0.9949320453503666,0.08304176520467563,,,0.8299720481593942,,0.8299939107489779,0.17000608925102212,0.9910579749040287,0.09961720845132359,5,0.001,0.1,0.969953179298944,0.9850825992285616,0.9872916177137564,0.9913375695624291,0.9915183300951267,0.9947446175310446,0.9946289377827358,0.9957977138861163,0.9948868484226715,0.9945112187047636,1.0,0.9941093711386128
2,11,1.9363292062983792,0.48625692429438144,3791,2.1330381274223327,0.3939873417721519,632,2.120839780892808,0.4309,0.9951158459597402,0.08301621942992231,,,0.8244877123223353,,0.8245087520901596,0.1754912479098404,0.9910451112239913,0.09961666114804249,5,0.001,0.1,0.9722507876400993,0.9839717304669818,0.9877189779038552,0.9902720978850692,0.9927197376837705,0.9941017446694483,0.9949570047528704,0.9945416749145766,0.9955032449948374,0.9959559497924666,0.9941093711386128,1.0
3,0,1.3796147936512988,0.6098125152179206,8214,2.030909865401512,0.46238130021913804,1369,2.0288338744983125,0.4636,0.9889435634340168,0.08238223917885006,,,0.65,,0.6500178811339539,0.34998211886604613,0.995470959611874,0.09963189816008892,5,0.001,0.1,1.0,0.9946546039703941,0.9925485010807048,0.990496341245983,0.9862730676409317,0.9854276010772648,0.9852357620099416,0.9825312585118061,0.9817344492999598,0.9790597750897259,0.9757167355537498,0.9773915975519104
3,1,1.5056545156877017,0.5748098570124733,6574,2.0286094052450996,0.458029197080292,1096,2.028472490204028,0.4643,0.9966735299865499,0.08331377526660967,,,0.8954498308167191,,0.8954678574535332,0.10453214254646681,0.9955327607495739,0.09969171714626761,5,0.001,0.1,0.9946546039703941,1.0,0.9976276541527607,0.9971134744290812,0.9943498987919647,0.995187920013925,0.9942851424913857,0.9920938693686426,0.9924122804344846,0.9896045125090257,0.9885534337945625,0.9875053613105571
3,2,1.537484944722929,0.6045305204910946,5783,2.0262901859898723,0.4678423236514523,964,2.02846309018973,0.4641,0.997766508104597,0.08350164888274479,,,0.9449525263120655,,0.9449744348111849,0.05502556518881507,0.9955405702214517,0.0996933531457618,5,0.001,0.1,0.9925485010807048,0.9976276541527607,1.0,0.9980161015633779,0.99653183146818,0.9959587911174204,0.9958662147746588,0.9938953427753507,0.993995121677787,0.9913784941461327,0.9906325792848745,0.9899688500981871
3,3,1.5967640688620417,0.5656515982598828,5287,2.0330172138554707,0.4642451759364359,881,2.0284604131223296,0.4641,0.998517085891674,0.08363466175209994,,,0.9799999997365106,,0.9800166246218381,0.01998337537816186,0.9955419585835725,0.09969367356388505,5,0.001,0.1,0.990496341245983,0.9971134744290812,0.9980161015633779,1.0,0.9976586661458077,0.997016740346212,0.9969141183064051,0.9953025280819252,0.9953938520297486,0.9926950517147624,0.9929835643520716,0.9917761127514011
3,4,1.6402722632500433,0.5533941236068896,4935,2.018333178300124,0.4902676399026764,822,2.0284618843858615,0.464,0.9982439778969681,0.08355055390960907,,,0.9578384796612194,,0.9578585167357748,0.04214148326422518,0.9955419139442746,0.09969347027996003,5,0.001,0.1,0.9862730676409317,0.9943498987919647,0.99653183146818,0.9976586661458077,1.0,0.9967518468520208,0.9973492082180963,0.9951727790858494,0.9959932452594615,0.9943495714432591,0.9938882466265249,0.993740295699674
3,5,1.6691970654546398,0.5593314763231197,4667,2.041079478263855,0.4254498714652956,778,2.0284622024042536,0.464,0.9989722057235542,0.0835699928747482,,,0.9629604397949671,,0.9629812199766096,0.03701878002339043,0.995541267748259,0.09969353578658492,5,0.001,0.1,0.9854276010772648,0.995187920013925,0.9959587911174204,0.997016740346212,0.9967518468520208,1.0,0.998122479609698,0.9970887059369297,0.9976695433851767,0.9961926409160144,0.9959765928109922,0.9953775191494919
3,6,1.6776936537027358,0.5627217606108241,4453,2.0235538681348166,0.4716981132075472,742,2.028460981746832,0.464,0.9989342748024507,0.08362514947927507,,,0.9774936172289254,,0.9775132658682982,0.02248673413170177,0.9955404356114292,0.09969363420800259,5,0.001,0.1,0.9852357620099416,0.9942851424913857,0.9958662147746588,0.9969141183064051,0.9973492082180963,0.998122479609698,1.0,0.9967955144269816,0.9977171432851235,0.9963241040512749,0.9959642102829478,0.9957382932292298
3,7,1.7096060377448352,0.553051204115034,4277,2.026177432226098,0.46143057503506313,713,2.0284678429460374,0.4643,0.9978880226651694,0.08343749003621274,,,0.9280473540556036,,0.9280598486386175,0.07194015136138254,0.9955360537124177,0.0996926951465531,5,0.001,0.1,0.9825312585118061,0.9920938693686426,0.9938953427753507,0.9953025280819252,0.9951727790858494,0.9970887059369297,0.9967955144269816,1.0,0.9966135674585468,0.9964892659350543,0.9963799326187901,0.9954312280626584
3,8,1.7187550484217131,0.5412932913538387,4129,2.019316028464924,0.48691860465116277,688,2.0284679503486562,0.4643,0.9981342955685562,0.08343465959041767,,,0.927301561755481,,0.9273204395859309,0.07267956041406909,0.9955339380393273,0.09969269439177987,5,0.001,0.1,0.9817344492999598,0.9924122804344846,0.993995121677787,0.9953938520297486,0.9959932452594615,0.9976695433851767,0.9977171432851235,0.9966135674585468,1.0,0.9960680922698771,0.9966169584749894,0.9965111661863254
3,9,1.7309149494246832,0.5469132716820795,4001,2.0321450574057445,0.4737631184407796,667,2.0284751729843333,0.4642,0.9967714484724148,0.08330822296788792,,,0.8939868592799165,,0.8940035375648795,0.10599646243512051,0.9955326743755079,0.09969171287242161,5,0.001,0.1,0.9790597750897259,0.9896045125090257,0.9913784941461327,0.9926950517147624,0.9943495714432591,0.9961926409160144,0.9963241040512749,0.9964892659350543,0.9960680922698771,1.0,0.9957448391363112,0.9965187284418482
3,10,1.7510218301757436,0.5272820776549242,3889,2.0186604261398315,0.47530864197530864,648,2.028496445939183,0.4639,0.9962326925963076,0.08313206246742347,,,0.8475704449254495,,0.8475899131073544,0.15241008689264557,0.9955204756973453,0.09968928479569336,5,0.001,0.1,0.9757167355537498,0.9885534337945625,0.9906325792848745,0.9929835643520716,0.9938882466265249,0.9959765928109922,0.9959642102829478,0.9963799326187901,0.9966169584749894,0.9957448391363112,1.0,0.9954904789613654
3,11,1.7672642409300603,0.5208124505407544,3791,2.043595165014267,0.43037974683544306,632,2.0285036994245487,0.4639,0.9960208082264114,0.08310954359412143,,,0.8416369618164243,,0.8416553097302365,0.1583446902697635,0.9955183415922001,0.09968877507857828,5,0.001,0.1,0.9773915975519104,0.9875053613105571,0.9899688500981871,0.9917761127514011,0.993740295699674,0.9953775191494919,0.9957382932292298,0.9954312280626584,0.9965111661863254,0.9965187284418482,0.9954904789613654,1.0
4,0,1.2660771017408556,0.6324567811054298,8214,1.9235153752704,0.533235938641344,1369,1.9212204998674485,0.5354,0.9900216682920283,0.08252177396568848,,,0.65,,0.6500178811339539,0.34998211886604613,0.9969458585506085,0.09964574082345987,5,0.001,0.1,1.0,0.9946629190470123,0.9932585067649602,0.9907268976849916,0.9869316558315067,0.9867246989588001,0.9864698210035443,0.9841011159745673,0.9829835310818317,0.9809956574874419,0.9787661032835852,0.9801583396996402
4,1,1.377534500198457,0.6040766656525708,6574,1.9219484158924647,0.531021897810219,1096,1.920651302170068,0.5355,0.996985166908765,0.08331824445135032,,,0.9006705349007065,,0.9006920482114034,0.09930795178859664,0.9971080904461274,0.09970733029367387,5,0.001,0.1,0.9946629190470123,1.0,0.9969730500904976,0.9971206508964744,0.9946330336810201,0.9955349136150403,0.9949657031937762,0.9927777026340643,0.9928829621421406,0.9900728102429887,0.990330286654915,0.9890104276390769
4,2,1.3950994214300292,0.6330624243472246,5783,1.9181939363479614,0.5373443983402489,964,1.9206366238121788,0.5357,0.9979501295295874,0.083464686104703,,,0.9467596345453202,,0.9467818791621964,0.05321812083780364,0.997108749950549,0.09970866585907205,5,0.001,0.1,0.9932585067649602,0.9969730500904976,1.0,0.99728220066646,0.9961176890922997,0.9957107907260067,0.9958718511412766,0.995007141064912,0.9938151579041349,0.9924063507566867,0.9919864574512453,0.9920591052334177
4,3,1.4484783786607076,0.602685833175714,5287,1.9272428708417075,0.5346197502837684,881,1.920632516233304,0.5357,0.9983937796362745,0.08356062983317591,,,0.9769556884727763,,0.976971999110776,0.023028000889223965,0.997110811794777,0.0997088926637349,5,0.001,0.1,0.9907268976849916,0.9971206508964744,0.99728220066646,1.0,0.9975474614010698,0.9967774577353596,0.9969027500511245,0.9954313877153779,0.9952465697951043,0.9925155698682847,0.993773950476346,0.9924312272753113
4,4,1.4885728915276066,0.593677811550152,4935,1.908343691092271,0.5656934306569343,822,1.920635272519657,0.5357,0.9982207936824027,0.08350343504207304,,,0.9589549600874951,,0.9589748794231643,0.041025120576835716,0.9971104061198381,0.09970880263339738,5,0.001,0.1,0.9869316558315067,0.9946330336810201,0.9961176890922997,0.9975474614010698,1.0,0.9966089404668285,0.9973784598341519,0.9955486688901956,0.9958457992857953,0.9942247484118171,0.9946848366065298,0.9941311848181398
4,5,1.5172737706197452,0.5966145275337476,4667,1.9355289030075074,0.4910025706940874,778,1.9206351350290707,0.5357,0.9988099667526381,0.0835343898088247,,,0.9686972519602668,,0.9687080155807503,0.03129198441924974,0.9971105070946471,0.09970885583001612,5,0.001,0.1,0.9867246989588001,0.9955349136150403,0.9957107907260067,0.9967774577353596,0.9966089404668285,1.0,0.9980110601808492,0.9969241420030708,0.9974191450494909,0.9952779688691399,0.9963438229982955,0.995371509265633
4,6,1.5191308653354645,0.5933078823265214,4453,1.9133877009153366,0.5592991913746631,742,1.92063343677277,0.5357,0.9988740330101687,0.0835703027053022,,,0.9799999996852733,,0.9800166246218381,0.01998337537816186,0.9971109596235165,0.09970891715560491,5,0.001,0.1,0.9864698210035443,0.9949657031937762,0.9958718511412766,0.9969027500511245,0.9973784598341519,0.9980110601808492,1.0,0.996959511996399,0.997479138636249,0.9956606206660855,0.9962179394838321,0.9955471737468436
4,7,1.5526583450943676,0.591863455693243,4277,1.9166894684667173,0.5357643758765779,713,1.9206440993391287,0.5356,0.9980267305131765,0.08342779224950073,,,0.935148152909036,,0.9351591420921893,0.06484085790781069,0.9971098240673046,0.09970816993213845,5,0.001,0.1,0.9841011159745673,0.9927777026340643,0.995007141064912,0.9954313877153779,0.9955486688901956,0.9969241420030708,0.996959511996399,1.0,0.9963381785659772,0.9958565992691305,0.9966664068600265,0.9957123320475993
4,8,1.5623865553965934,0.5709372729474449,4129,1.9098649187521501,0.5479651162790697,688,1.9206444394474211,0.5356,0.9979106293943346,0.08342230606327888,,,0.93342150357356,,0.9334386870414939,0.06656131295850609,0.9971098580266552,0.0997081685407392,5,0.001,0.1,0.9829835310818317,0.9928829621421406,0.9938151579041349,0.9952465697951043,0.9958457992857953,0.9974191450494909,0.997479138636249,0.9963381785659772,1.0,0.9948539895544108,0.996925950291496,0.9961315261602949
4,9,1.5802983373876602,0.5798550362409398,4001,1.9253969873700822,0.5397301349325337,667,1.9206554226981947,0.5354,0.9965075258770455,0.08329941237377579,,,0.8947435770989048,,0.8947574448342854,0.10524255516571457,0.9971058711735447,0.09970709769602791,5,0.001,0.1,0.9809956574874419,0.9900728102429887,0.9924063507566867,0.9925155698682847,0.9942247484118171,0.9952779688691399,0.9956606206660855,0.9958565992691305,0.9948539895544108,1.0,0.9952502548998778,0.9960292749879219
4,10,1.5936700441798226,0.5669838004628439,3889,1.907966869218009,0.5447530864197531,648,1.920684468631927,0.5355,0.9968181590887895,0.08320135265185169,,,0.8638815635159365,,0.8638955741777095,0.13610442582229054,0.9971020480105911,0.09970535060725681,5,0.001,0.1,0.9787661032835852,0.990330286654915,0.9919864574512453,0.993773950476346,0.9946848366065298,0.9963438229982955,0.9962179394838321,0.9966664068600265,0.996925950291496,0.9952502548998778,1.0,0.9958854415434633
4,11,1.61072906766619,0.5581113162753891,3791,1.9385621011257173,0.5079113924050633,632,1.9206960201263428,0.5355,0.9964509022489705,0.08317567475047528,,,0.8558000421174348,,0.8558200674650351,0.14417993253496486,0.9970994739866524,0.09970502250186151,5,0.001,0.1,0.9801583396996402,0.9890104276390769,0.9920591052334177,0.9924312272753113,0.9941311848181398,0.995371509265633,0.9955471737468436,0.9957123320475993,0.9961315261602949,0.9960292749879219,0.9958854415434633,1.0
5,0,1.1758317863430958,0.650036523009496,8214,1.802871546079946,0.5843681519357194,1369,1.8004051271718913,0.5921,0.9903963347882487,0.08261827679033797,,,0.98,,0.9800166246218381,0.01998337537816186,0.9973953561941393,0.09971253255055337,5,0.001,0.1,1.0,0.9944856622375614,0.992329229856378,0.9905912752125632,0.9868556861218726,0.9874166946452523,0.9872434928964001,0.9844783951553606,0.9840522207509977,0.9817014261470871,0.9800890262263067,0.9814429428529797
5,1,1.2745273147971885,0.6284453909339823,6574,1.802270872252328,0.583941605839416,1096,1.7997404279800269,0.5919,0.9968705253723334,0.08331605923398945,,,0.98,,0.9800166246218381,0.01998337537816186,0.9980286847829536,0.09971253255055337,5,0.001,0.1,0.9944856622375614,1.0,0.9970576270899907,0.9965340344931716,0.9945011355148554,0.9952772033924273,0.9942766685118631,0.9926677322408997,0.9922036953525656,0.9905980436235986,0.9907190835365361,0.9897193375006162
5,2,1.2800229615269445,0.652775376102369,5783,1.7970991211552774,0.6026970954356846,964,1.799722945728241,0.5915,0.9981167716700079,0.08344616039464028,,,0.98,,0.9800166246218381,0.01998337537816186,0.9980416371963323,0.09971253255055337,5,0.001,0.1,0.992329229856378,0.9970576270899907,1.0,0.9974079867455057,0.9967852813292307,0.996117722443356,0.9959961654877763,0.9946014231882092,0.9939288332139288,0.9930079120845898,0.9934185574594063,0.9922673616161202
5,3,1.3260313222925346,0.6311707962927936,5287,1.8084988764354162,0.583427922814983,881,1.7997178387718078,0.5915,0.998247964100276,0.08350926701376542,,,0.98,,0.9800166246218381,0.01998337537816186,0.998043407707273,0.09971253255055337,5,0.001,0.1,0.9905912752125632,0.9965340344931716,0.9974079867455057,1.0,0.9972199650427551,0.9966985148761687,0.9961146629451949,0.9951987480682416,0.9944665535187124,0.9935030893201621,0.9940955391278641,0.9926356049237712
5,4,1.3648765383228179,0.619128672745694,4935,1.7849671244621277,0.6021897810218978,822,1.7997214120036116,0.5915,0.9981836450241524,0.08347209587488626,,,0.98,,0.9800166246218381,0.01998337537816186,0.9980425871598015,0.09971253255055337,5,0.001,0.1,0.9868556861218726,0.9945011355148554,0.9967852813292307,0.9972199650427551,1.0,0.9963795819388933,0.9967841676865472,0.9955915361405608,0.995151233740612,0.9948130915376533,0.9953930838677515,0.9941909626264275
5,5,1.3899251928884688,0.6224983929719305,4667,1.8173729610443115,0.5591259640102828,778,1.7997210737996208,0.5915,0.9987380651146579,0.08350899382364009,,,0.98,,0.9800166246218381,0.01998337537816186,0.9980431350126069,0.09971253255055337,5,0.001,0.1,0.9874166946452523,0.9952772033924273,0.996117722443356,0.9966985148761687,0.9963795819388933,1.0,0.9974555997038775,0.9966015355044099,0.9963299132469511,0.9960967030525932,0.9962042968397915,0.9957290165409489
5,6,1.3883560912949697,0.6212441050976869,4453,1.7903873870770137,0.605121293800539,742,1.7997191378864617,0.5915,0.9986869277993041,0.08352937809806991,,,0.98,,0.9800166246218381,0.01998337537816186,0.9980431651190268,0.09971253255055337,5,0.001,0.1,0.9872434928964001,0.9942766685118631,0.9959961654877763,0.9961146629451949,0.9967841676865472,0.9974555997038775,1.0,0.99701517541135,0.9969021878281303,0.9963820570452641,0.9956956257667609,0.995825501849112
5,7,1.4175167216293847,0.6241290624269348,4277,1.7939968160960986,0.6016830294530154,713,1.7997323838285744,0.5919,0.9978477851458508,0.08341483611027804,,,0.98,,0.9800166246218381,0.01998337537816186,0.998036940964263,0.09971253255055337,5,0.001,0.1,0.9844783951553606,0.9926677322408997,0.9946014231882092,0.9951987480682416,0.9955915361405608,0.9966015355044099,0.99701517541135,1.0,0.9961802686540058,0.9958051761819641,0.9963465100662744,0.9951514040837106
5,8,1.425669885782095,0.5989828045531606,4129,1.7869037606499412,0.6133720930232558,688,1.79973283590981,0.5919,0.997655500442852,0.08340526019640726,,,0.98,,0.9800166246218381,0.01998337537816186,0.9980369153410478,0.09971253255055337,5,0.001,0.1,0.9840522207509977,0.9922036953525656,0.9939288332139288,0.9944665535187124,0.995151233740612,0.9963299132469511,0.9969021878281303,0.9961802686540058,1.0,0.9957317633821374,0.9961743327779803,0.9962187842242743
5,9,1.4386577547542632,0.6068982754311422,4001,1.8055452562513805,0.5997001499250375,667,1.79974556730959,0.5919,0.9970104199776259,0.08330902187313394,,,0.98,,0.9800166246218381,0.01998337537816186,0.9980262866030136,0.09971253255055337,5,0.001,0.1,0.9817014261470871,0.9905980436235986,0.9930079120845898,0.9935030893201621,0.9948130915376533,0.9960967030525932,0.9963820570452641,0.9958051761819641,0.9957317633821374,1.0,0.9959609669598054,0.9960104568061502
5,10,1.4568526703803266,0.5969658009771149,3889,1.7837430465789068,0.5910493827160493,648,1.7997800892534348,0.5918,0.9970414694498906,0.08324985636018133,,,0.98,,0.9800166246218381,0.01998337537816186,0.9980077464184024,0.09971253255055337,5,0.001,0.1,0.9800890262263067,0.9907190835365361,0.9934185574594063,0.9940955391278641,0.9953930838677515,0.9962042968397915,0.9956956257667609,0.9963465100662744,0.9961743327779803,0.9959609669598054,1.0,0.9958711536085061
5,11,1.4747072780833526,0.5874967027169612,3791,1.8204364836215974,0.5822784810126582,632,1.799795216264816,0.5918,0.9966294283890428,0.08322079423066985,,,0.98,,0.9800166246218381,0.01998337537816186,0.9980044720602779,0.09971253255055337,5,0.001,0.1,0.9814429428529797,0.9897193375006162,0.9922673616161202,0.9926356049237712,0.9941909626264275,0.9957290165409489,0.995825501849112,0.9951514040837106,0.9962187842242743,0.9960104568061502,0.9958711536085061,1.0
6,0,1.1022658105954122,0.6688336985634283,8214,1.6731050264003664,0.6245434623813002,1369,1.6703950566605639,0.6323,0.9906179572261302,0.08268846257848016,,,0.98,,0.9800166246218381,0.01998337537816186,0.9984690214373265,0.09970050752600762,5,0.001,0.1,1.0,0.9940618240499076,0.992108703919689,0.9908202534473215,0.986435535732498,0.9880113306647994,0.9866968776820321,0.9846205379651678,0.9844482001767755,0.9815636931519751,0.9810099507831045,0.982127807746026
6,1,1.1903513439650675,0.6432917554000609,6574,1.6733367579323906,0.6204379562043796,1096,1.6696563075525692,0.6329,0.9966564096936785,0.08331164826030742,,,0.98,,0.9800166246218381,0.01998337537816186,0.9984690214373265,0.09970050752600762,5,0.001,0.1,0.9940618240499076,1.0,0.9958622127122617,0.9954963438212047,0.9936266982535746,0.9946316690088115,0.9944144837018615,0.992209714315193,0.9920742910152618,0.9906595765723429,0.9912191493950612,0.9897936501718406
6,2,1.1843747682992924,0.6703095279266816,5783,1.6666442348111061,0.6390041493775933,964,1.6696366612522746,0.6329,0.9980171692714743,0.08343542691092348,,,0.98,,0.9800166246218381,0.01998337537816186,0.9984690214373265,0.09970050752600762,5,0.001,0.1,0.992108703919689,0.9958622127122617,1.0,0.996835010840116,0.9954909128309763,0.9959802412258132,0.9955485606482118,0.9947470592493494,0.9945043585904467,0.9930437691650278,0.9933016825837804,0.9928750193192433
6,3,1.2261456814156957,0.6519765462455078,5287,1.6808629546846663,0.6322360953461975,881,1.6696307742938448,0.6329,0.9980783018237441,0.08347612444620686,,,0.98,,0.9800166246218381,0.01998337537816186,0.9984690214373265,0.09970050752600762,5,0.001,0.1,0.9908202534473215,0.9954963438212047,0.996835010840116,1.0,0.9962495123612434,0.9961845376931658,0.9957809812876031,0.995468474439101,0.9948214405190983,0.9929455200879255,0.9934273849804288,0.9929829596529806
6,4,1.261084429217923,0.6429584599797366,4935,1.6524305527026837,0.6508515815085159,822,1.6696349885136175,0.6329,0.9977388585182361,0.08344235312846107,,,0.98,,0.9800166246218381,0.01998337537816186,0.9984690214373265,0.09970050752600762,5,0.001,0.1,0.986435535732498,0.9936266982535746,0.9954909128309763,0.9962495123612434,1.0,0.9952020756506804,0.9969043663914545,0.9951345973654262,0.9944878527669891,0.9945354754595152,0.9951904256321409,0.9936625162800065
6,5,1.2833668121736344,0.6446968073709021,4667,1.690111470222473,0.6066838046272494,778,1.66963456690121,0.6329,0.9985722218302238,0.08349190824218976,,,0.98,,0.9800166246218381,0.01998337537816186,0.9984690214373265,0.09970050752600762,5,0.001,0.1,0.9880113306647994,0.9946316690088115,0.9959802412258132,0.9961845376931658,0.9952020756506804,1.0,0.9968175896559637,0.9963462266916738,0.9967797369143871,0.9955648097303863,0.995670217502793,0.995713618759651
6,6,1.277242488520486,0.643880529979789,4453,1.6581545422474544,0.6401617250673854,742,1.66963237962022,0.6329,0.9984348508602015,0.08349997988271553,,,0.98,,0.9800166246218381,0.01998337537816186,0.9984690214373265,0.09970050752600762,5,0.001,0.1,0.9866968776820321,0.9944144837018615,0.9955485606482118,0.9957809812876031,0.9969043663914545,0.9968175896559637,1.0,0.9963023189935651,0.9963432793841056,0.9953656502459507,0.9961263451328292,0.9949443637264662
6,7,1.3044356196673947,0.6445639466916062,4277,1.662332146064095,0.6437587657784011,713,1.6696476338389583,0.6329,0.9977149682227094,0.0834064460760677,,,0.98,,0.9800166246218381,0.01998337537816186,0.9984690214373265,0.09970050752600762,5,0.001,0.1,0.9846205379651678,0.992209714315193,0.9947470592493494,0.995468474439101,0.9951345973654262,0.9963462266916738,0.9963023189935651,1.0,0.9961616482142747,0.9952214338804996,0.9958535766568444,0.9945583211673663
6,8,1.313825546686466,0.6280455316057156,4129,1.654501503164118,0.6482558139534884,688,1.669648186467326,0.6329,0.9977322248685649,0.08340112745639659,,,0.98,,0.9800166246218381,0.01998337537816186,0.9984690214373265,0.09970050752600762,5,0.001,0.1,0.9844482001767755,0.9920742910152618,0.9945043585904467,0.9948214405190983,0.9944878527669891,0.9967797369143871,0.9963432793841056,0.9961616482142747,1.0,0.9951853544080623,0.9958566433567334,0.9961704285078455
6,9,1.3259410848693243,0.6378405398650338,4001,1.6764686902364094,0.6371814092953523,667,1.6696619012485296,0.6329,0.996742174330097,0.08331009984194462,,,0.98,,0.9800166246218381,0.01998337537816186,0.9984690214373265,0.09970050752600762,5,0.001,0.1,0.9815636931519751,0.9906595765723429,0.9930437691650278,0.9929455200879255,0.9945354754595152,0.9955648097303863,0.9953656502459507,0.9952214338804996,0.9951853544080623,1.0,0.9958496220408336,0.9950439275283434
6,10,1.3410991377517825,0.6238621753664181,3889,1.6498691922142392,0.6558641975308642,648,1.6697004892574712,0.6327,0.9970815367987783,0.08328475484836055,,,0.98,,0.9800166246218381,0.01998337537816186,0.9984690214373265,0.09970050752600762,5,0.001,0.1,0.9810099507831045,0.9912191493950612,0.9933016825837804,0.9934273849804288,0.9951904256321409,0.995670217502793,0.9961263451328292,0.9958535766568444,0.9958566433567334,0.9958496220408336,1.0,0.9955272856991475
