round,client_id,client_i_training_loss,client_i_training_accuracy,client_i_training_dataset_size,client_i_evaluation_loss,client_i_evaluation_accuracy,client_i_evaluation_dataset_size,client_i_central_evaluation_loss,client_i_central_evaluation_accuracy,client_i_cosine_similarity,client_i_importance_coefficient,client_i_tanh_val,tanh_normalization_value,client_i_q,client_i_mask_order,client_i_v_nonzero_fraction,client_i_v_sparsity,client_i_v_cosine_similarity,client_i_reward_gradient_norm,local_epochs,learning_rate,gamma,client_0_cosine_similarity,client_1_cosine_similarity,client_2_cosine_similarity,client_3_cosine_similarity,client_4_cosine_similarity,client_5_cosine_similarity,client_6_cosine_similarity,client_7_cosine_similarity,client_8_cosine_similarity,client_9_cosine_similarity,client_10_cosine_similarity,client_11_cosine_similarity
0,0,0.28715277642468245,0.9105916727538349,8214,2.1969511231710745,0.48429510591672753,1369,2.2015879573151707,0.4684,0.7939107005001176,0.0848888536630738,,,0.9799999999061695,,0.9800010039656644,0.019998996034335637,0,0.39047641673307115,5,0.1,0.5,1.0,0.5492011791725682,0.5683366746882984,0.5616450023100958,0.5601590095737872,0.5646926564711576,0.5587945705698246,0.5684562023641523,0.5508451420356375,0.5451246196047104,0.5632180014032964,0.5683526526226262
0,1,0.31609551091090715,0.9020991785822939,6574,2.2043470450810023,0.479014598540146,1096,2.2015943085423673,0.4684,0.7875983234328381,0.08421390312670633,,,0.9166689943279407,,0.9166859093419005,0.08331409065809947,0,0.3904636661128334,5,0.1,0.5,0.5492011791725682,1.0,0.5819938860453051,0.5634596412301446,0.5661305547565082,0.5759715922323498,0.5714692575837405,0.5753573525566693,0.5708635631168241,0.5569569452049373,0.5717020610191037,0.5746568777481137
0,2,0.3240436586659422,0.901573577727823,5783,2.199278031626055,0.47925311203319504,964,2.201589549311434,0.4684,0.7922942695775798,0.08471601688438656,,,0.9637826233646596,,0.9637969981426635,0.03620300185733649,0,0.39047561480275045,5,0.1,0.5,0.5683366746882984,0.5819938860453051,1.0,0.5753733299869375,0.5687550293723588,0.5852059977784212,0.5698861100611096,0.5769435266281907,0.57714920649948,0.5772859245930999,0.6019373852791522,0.5878083279985897
0,3,0.30985542953923256,0.9008511443162474,5287,2.201597665037428,0.4460839954597049,881,2.201680626732092,0.4688,0.7766687237888825,0.08304525634541561,,,0.8070141798829801,,0.8070327794789418,0.1929672205210582,0,0.3902872096402788,5,0.1,0.5,0.5616450023100958,0.5634596412301446,0.5753733299869375,1.0,0.5543643055707288,0.5687890513148959,0.5742787835510871,0.5790164481871286,0.5597544293795993,0.5712635495274119,0.5738825217286867,0.5823978101406524
0,4,0.358271648443995,0.8866464032421479,4935,2.203673628660349,0.4720194647201946,822,2.201785489012258,0.4691,0.7721815489337034,0.08256546544525269,,,0.7619951176889792,,0.7620049194317554,0.2379950805682446,0,0.3900908061348034,5,0.1,0.5,0.5601590095737872,0.5661305547565082,0.5687550293723588,0.5543643055707288,1.0,0.5622532447623454,0.5695559757041682,0.5698266837361228,0.5709980073895955,0.566004755736692,0.583200646420705,0.5847042811044046
0,5,0.34152597483910924,0.8935504606813799,4667,2.202920322418213,0.4730077120822622,778,2.2016196951698572,0.4694,0.7832239047300167,0.08374616867131873,,,0.8727811954342536,,0.8727975503237789,0.12720244967622107,0,0.3904242268648324,5,0.1,0.5,0.5646926564711576,0.5759715922323498,0.5852059977784212,0.5687890513148959,0.5622532447623454,1.0,0.5950480910297188,0.5835747706498626,0.5872367758292201,0.5841428521840498,0.5969602548672363,0.5836353009519106
0,6,0.3676663496664592,0.8846620256007186,4453,2.197448422511419,0.47304582210242585,742,2.201679554991067,0.4689,0.7766176837510275,0.08303979889245307,,,0.8065021038634931,,0.8065257768184328,0.19347422318156715,0,0.3902856008967864,5,0.1,0.5,0.5587945705698246,0.5714692575837405,0.5698861100611096,0.5742787835510871,0.5695559757041682,0.5950480910297188,1.0,0.5785629303287138,0.5707790731096526,0.5769744310197846,0.5817217029830446,0.5984126192527022
0,7,0.3647998916902649,0.8851999064765023,4277,2.205885140792183,0.453015427769986,713,2.201676234650536,0.4688,0.7769035825586769,0.08307036860517984,,,0.8093704779782003,,0.8093820591335776,0.19061794086642236,0,0.39029409417829275,5,0.1,0.5,0.5684562023641523,0.5753573525566693,0.5769435266281907,0.5790164481871286,0.5698266837361228,0.5835747706498626,0.5785629303287138,1.0,0.5871843785775419,0.5702560918409925,0.584841878156419,0.5762563191191332
0,8,0.3756137360438991,0.8810850084766287,4129,2.1972556764429267,0.4796511627906977,688,2.201832976204138,0.4692,0.7706627036046804,0.08240306300025345,,,0.7467568008109479,,0.7467747603031977,0.25322523969680233,0,0.3900024335990098,5,0.1,0.5,0.5508451420356375,0.5708635631168241,0.57714920649948,0.5597544293795993,0.5709980073895955,0.5872367758292201,0.5707790731096526,0.5871843785775419,1.0,0.5809968666492054,0.5828929083363124,0.5815085015056798
0,9,0.41899711738177875,0.8674831292176955,4001,2.203124863760812,0.45577211394302847,667,2.202060147215383,0.4678,0.7660023235193869,0.08190475214132995,,,0.7,,0.7,0.30000000000000004,0,0.38963700028227044,5,0.1,0.5,0.5451246196047104,0.5569569452049373,0.5772859245930999,0.5712635495274119,0.566004755736692,0.5841428521840498,0.5769744310197846,0.5702560918409925,0.5809968666492054,1.0,0.5925708584812085,0.5705059127365738
0,10,0.3978964049369097,0.8762663923887889,3889,2.1985328311011907,0.47530864197530864,648,2.2016600716990022,0.4692,0.779504000922556,0.08334841818155543,,,0.8354600331732188,,0.835480146578987,0.16451985342101305,0,0.39036172598171004,5,0.1,0.5,0.5632180014032964,0.5717020610191037,0.6019373852791522,0.5738825217286867,0.583200646420705,0.5969602548672363,0.5817217029830446,0.584841878156419,0.5828929083363124,0.5925708584812085,1.0,0.5811339679880767
0,11,0.3884365800955967,0.8763914534423635,3791,2.207662522792816,0.41930379746835444,632,2.201677279731336,0.4688,0.7767872994711474,0.08305793504307449,,,0.8082038295371318,,0.8082224787912253,0.19177752120877467,0,0.39029069990313037,5,0.1,0.5,0.5683526526226262,0.5746568777481137,0.5878083279985897,0.5823978101406524,0.5847042811044046,0.5836353009519106,0.5984126192527022,0.5762563191191332,0.5815085015056798,0.5705059127365738,0.5811339679880767,1.0
1,0,0.2545298551231014,0.9215972729486243,8214,2.0333954289902088,0.7772096420745069,1369,2.041601160844675,0.7695,0.7870014465095901,0.08361301165728516,,,0.9032514590175389,,0.9032679082375383,0.09673209176246167,0.9553623203939856,0.4042139205012329,5,0.1,0.5,1.0,0.6010261871132087,0.6013720134515136,0.6013201060204137,0.604321273642963,0.6142521794563846,0.5966845538019563,0.6044034820645349,0.6054240256777024,0.5962571784750036,0.5980518517164678,0.6046052719465947
1,1,0.28113275857425285,0.9150593246121083,6574,2.0456203392573764,0.7609489051094891,1096,2.041603828009706,0.7693,0.7997146836685066,0.08360915054333361,,,0.9025888151654353,,0.9026052908990513,0.09739470910094872,0.9553316365013658,0.40421350254340827,5,0.1,0.5,0.6010261871132087,1.0,0.6117673111200501,0.6188383651078964,0.6177086872725848,0.6250210742738073,0.6077919292239626,0.6107551507568103,0.6161998839240527,0.6157748767502735,0.6153959822261396,0.6145115157073069
1,2,0.29321345884496997,0.9097354314369704,5783,2.0374362814810967,0.7800829875518672,964,2.0415911914441534,0.7692,0.8031210578405165,0.08406021245865851,,,0.9799999998283802,,0.9800010039656644,0.019998996034335637,0.9554369742175807,0.4042361745785099,5,0.1,0.5,0.6013720134515136,0.6117673111200501,1.0,0.6212002240193357,0.6127814318313656,0.6235537539395652,0.6095398136580505,0.6168830691801076,0.6245480916603027,0.6214414330509193,0.6199756400360587,0.6226419274934155
1,3,0.26915587418409714,0.9186306033667486,5287,2.038694586072649,0.7775255391600454,881,2.041864836558747,0.7686,0.8145774042800551,0.08335336768843177,,,0.8586913963373368,,0.8587018723959641,0.14129812760403593,0.9549590047659822,0.4041630383131278,5,0.1,0.5,0.6013201060204137,0.6188383651078964,0.6212002240193357,1.0,0.6350440257704651,0.6357525950176268,0.6270589819987324,0.6351473695943162,0.63174796083329,0.6306220661326851,0.6370478687594323,0.6311184273544278
1,4,0.32146277741559093,0.8998176291793313,4935,2.044765348617847,0.7773722627737226,822,2.0421831710650897,0.7688,0.8094557435793337,0.0828573215688433,,,0.7735600286466274,,0.773575623713669,0.22642437628633105,0.9542755489419117,0.4039127207619679,5,0.1,0.5,0.604321273642963,0.6177086872725848,0.6127814318313656,0.6350440257704651,1.0,0.6332446166518173,0.6081849604535753,0.6302853930348367,0.6313424942164005,0.6270750524010077,0.6276615539076585,0.6296186904341109
1,5,0.3003971283719556,0.9089350760659953,4667,2.046353874206543,0.7647814910025706,778,2.041635079124865,0.7689,0.8186513791334773,0.08395928709651936,,,0.9626792028816882,,0.9626976557401737,0.03730234425982626,0.9552951685935549,0.40423514133461436,5,0.1,0.5,0.6142521794563846,0.6250210742738073,0.6235537539395652,0.6357525950176268,0.6332446166518173,1.0,0.6197129801631277,0.6424314007655506,0.6401158991550455,0.625504386789021,0.6405926769594543,0.6408491097895943
1,6,0.3255747357942164,0.9014596900965641,4453,2.0358989586432776,0.7951482479784366,742,2.042015458067385,0.7689,0.8019193445156207,0.08290874372042323,,,0.7823850913186826,,0.7823954620751971,0.21760453792480294,0.9545454259175473,0.403951317800076,5,0.1,0.5,0.5966845538019563,0.6077919292239626,0.6095398136580505,0.6270589819987324,0.6081849604535753,0.6197129801631277,1.0,0.6237657235304079,0.6223765082948308,0.6208387200623301,0.6199477602941008,0.6261231850685579
1,7,0.3182187907647953,0.9037175590367079,4277,2.050472342449686,0.7545582047685835,713,2.0418655289628633,0.7685,0.8139176478039459,0.08334700501916252,,,0.8575994359012709,,0.857612569650118,0.142387430349882,0.9549677454114476,0.404161367908379,5,0.1,0.5,0.6044034820645349,0.6107551507568103,0.6168830691801076,0.6351473695943162,0.6302853930348367,0.6424314007655506,0.6237657235304079,1.0,0.6327540580591737,0.6298796378036319,0.6339318314402166,0.6381835763674373
1,8,0.3278768961752604,0.8995882780334221,4129,2.033670582554557,0.7950581395348837,688,2.04221955960551,0.7691,0.815265659961086,0.082952236104441,,,0.789849248358423,,0.789854926961498,0.21014507303850205,0.9541475845595693,0.403981834781845,5,0.1,0.5,0.6054240256777024,0.6161998839240527,0.6245480916603027,0.63174796083329,0.6313424942164005,0.6401158991550455,0.6223765082948308,0.6327540580591737,1.0,0.6326722375490844,0.6345213796471854,0.6426000662383
1,9,0.34529652255595367,0.8916770807298176,4001,2.045172651608785,0.7631184407796102,667,2.0429914127142665,0.7663,0.8097068424978965,0.08242869969001311,,,0.7,,0.7,0.30000000000000004,0.9529159034264202,0.4033853742149421,5,0.1,0.5,0.5962571784750036,0.6157748767502735,0.6214414330509193,0.6306220661326851,0.6270750524010077,0.625504386789021,0.6208387200623301,0.6298796378036319,0.6326722375490844,1.0,0.6350687720579975,0.6276271822804971
1,10,0.3476968633102589,0.8919516585240421,3889,2.0400408790225075,0.7592592592592593,648,2.0417576616945357,0.7689,0.8137569764459037,0.0835254667529916,,,0.8882270144295128,,0.8882385422418553,0.11176145775814472,0.955146467859677,0.4042003901666381,5,0.1,0.5,0.5980518517164678,0.6153959822261396,0.6199756400360587,0.6370478687594323,0.6276615539076585,0.6405926769594543,0.6199477602941008,0.6339318314402166,0.6345213796471854,0.6350687720579975,1.0,0.6335347622661358
1,11,0.3417247501084534,0.8958586125032972,3791,2.052959907054901,0.7041139240506329,632,2.0418487562539096,0.7688,0.8152587157595683,0.0833854976998967,,,0.8642055445423404,,0.8642186637217008,0.13578133627829925,0.9549834556701833,0.4041714358800179,5,0.1,0.5,0.6046052719465947,0.6145115157073069,0.6226419274934155,0.6311184273544278,0.6296186904341109,0.6408491097895943,0.6261231850685579,0.6381835763674373,0.6426000662383,0.6276271822804971,0.6335347622661358,1.0
2,0,0.23505637023764653,0.927854881908936,8214,1.8362700024316476,0.8897005113221329,1369,1.8478150390588437,0.8795,0.7942331950420523,0.08319171467696843,,,0.9157464262728102,,0.915767280758998,0.08423271924100195,0.9656345031226559,0.4018265762364146,5,0.1,0.5,1.0,0.6114233364973645,0.6137217546954651,0.6187157902238597,0.6070514170413475,0.6234257501455025,0.6104339301394669,0.6120774651549056,0.6159321995013851,0.5274375862775031,0.6095122553151916,0.6076669568932962
2,1,0.2566771503646397,0.92299969577122,6574,1.8521623577390398,0.8731751824817519,1096,1.8478081885237283,0.8795,0.8032690059997836,0.08350461395667404,,,0.9352049853593134,,0.9352291551628934,0.0647708448371066,0.9656512900175526,0.40183465771466154,5,0.1,0.5,0.6114233364973645,1.0,0.6226423864290321,0.6179175491027491,0.6236715266905296,0.6248384469746563,0.6205646668781072,0.6212900150572611,0.6287688977949808,0.5271010366273042,0.6268559147796369,0.6195500949622428
2,2,0.2622562182048408,0.9223586373854401,5783,1.841513745246395,0.8817427385892116,964,1.8477934956931459,0.8795,0.8094526428591569,0.08401970276004916,,,0.967237292767311,,0.967250640028111,0.03274935997188899,0.965733016127585,0.40184011660138297,5,0.1,0.5,0.6137217546954651,0.6226423864290321,1.0,0.6347916974978955,0.6294755172908484,0.6333453729007325,0.6234249349107862,0.6263496979792749,0.6311995086783736,0.5293130839871034,0.6269899661884114,0.6309624141211334
2,3,0.24150491398142046,0.9276338188008322,5287,1.841100322348731,0.887627695800227,881,1.8482024947675273,0.8796,0.8157550670526986,0.08377086129025875,,,0.9517623563991457,,0.9517795291401034,0.04822047085989656,0.9655428881535331,0.4018383732356167,5,0.1,0.5,0.6187157902238597,0.6179175491027491,0.6347916974978955,1.0,0.6309319265430319,0.6389843394053829,0.6276714656926589,0.6407144243192932,0.6375704867176801,0.5457530896528943,0.6391529743652209,0.634053797047675
2,4,0.2821490666605232,0.9141236068895643,4935,1.8517344043805049,0.878345498783455,822,1.848586266414045,0.8789,0.8119972830051646,0.0833106249693787,,,0.9231412114351016,,0.9231564680487927,0.0768435319512073,0.9649711066771801,0.40183020838659145,5,0.1,0.5,0.6070514170413475,0.6236715266905296,0.6294755172908484,0.6309319265430319,1.0,0.6319722095230873,0.6326109841832098,0.6325632784376153,0.6336781859908246,0.5431385010833091,0.6344433636338784,0.632787922361393
2,5,0.26714583295843985,0.919605742446968,4667,1.8565024280548095,0.8753213367609255,778,1.8478525717037555,0.8795,0.8172486210653167,0.08422493079687299,,,0.9799999999378121,,0.9800010039656644,0.019998996034335637,0.9657294497113822,0.4018407261181552,5,0.1,0.5,0.6234257501455025,0.6248384469746563,0.6333453729007325,0.6389843394053829,0.6319722095230873,1.0,0.6302463747740427,0.6373044852474196,0.6401725695909337,0.5409023603938395,0.6397262344755825,0.6370681085432691
2,6,0.29693464004833786,0.9128228160790478,4453,1.8408252596855164,0.8881401617250674,742,1.848377613975598,0.8792,0.8117712754490515,0.08333684453362017,,,0.9247717519096434,,0.924782892425079,0.07521710757492095,0.9650598759787996,0.4018308782822019,5,0.1,0.5,0.6104339301394669,0.6205646668781072,0.6234249349107862,0.6276714656926589,0.6326109841832098,0.6302463747740427,1.0,0.6308143826950321,0.6409667308151195,0.5451530465930868,0.6319662682961787,0.636190203834227
2,7,0.2811741921161093,0.9161561842412906,4277,1.8623041173686152,0.8709677419354839,713,1.8482048081132931,0.8796,0.8140255359885896,0.08370625890412783,,,0.9477448676122101,,0.9477586466542844,0.05224135334571556,0.9655424714243659,0.4018376729585344,5,0.1,0.5,0.6120774651549056,0.6212900150572611,0.6263496979792749,0.6407144243192932,0.6325632784376153,0.6373044852474196,0.6308143826950321,1.0,0.6370307283760799,0.5435625721320546,0.6377225804490397,0.6302775498795842
2,8,0.29267251276144146,0.9109711794623395,4129,1.8372245810248635,0.8997093023255814,688,1.8486356758081113,0.8789,0.8183824816143178,0.08359650653206283,,,0.9409195945763624,,0.9409366999648612,0.05906330003513882,0.965129670621499,0.40183619684883953,5,0.1,0.5,0.6159321995013851,0.6287688977949808,0.6311995086783736,0.6375704867176801,0.6336781859908246,0.6401725695909337,0.6409667308151195,0.6370307283760799,1.0,0.5427562680404292,0.6403568264834733,0.6449467268618211
2,9,0.36328820754507823,0.8933266683329167,4001,1.8523725668589275,0.8770614692653673,667,1.8504129853873208,0.8783,0.7173641204452889,0.07972244950272199,,,0.7,,0.7,0.30000000000000004,0.9633447853157158,0.4009114256054886,5,0.1,0.5,0.5274375862775031,0.5271010366273042,0.5293130839871034,0.5457530896528943,0.5431385010833091,0.5409023603938395,0.5451530465930868,0.5435625721320546,0.5427562680404292,1.0,0.5419647597595687,0.5365246889421604
2,10,0.30638095609935334,0.9067626639238879,3889,1.848619018282209,0.8688271604938271,648,1.848028967174859,0.8795,0.815870065648524,0.08388903509270572,,,0.9591113407737808,,0.9591235379750013,0.04087646202499873,0.9656113171760029,0.40183937328865343,5,0.1,0.5,0.6095122553151916,0.6268559147796369,0.6269899661884114,0.6391529743652209,0.6344433636338784,0.6397262344755825,0.6319662682961787,0.6377225804490397,0.6403568264834733,0.5419647597595687,1.0,0.6380056287438448
2,11,0.30207633156986796,0.9096808230018465,3791,1.8645642161369325,0.8560126582278481,632,1.8481788147752658,0.8796,0.8138727135605346,0.08372645698455945,,,0.9490009444618672,,0.9490186235630741,0.05098137643692591,0.9655624178410622,0.40183792419357456,5,0.1,0.5,0.6076669568932962,0.6195500949622428,0.6309624141211334,0.634053797047675,0.632787922361393,0.6370681085432691,0.636190203834227,0.6302775498795842,0.6449467268618211,0.5365246889421604,0.6380056287438448,1.0
3,0,0.21876324988785653,0.9336011687363038,8214,1.6011433019194492,0.9276844411979547,1369,1.616585977922994,0.9189,0.7939406813375016,0.0828033523104214,,,0.8644655629959536,,0.8644746749661162,0.13552532503388381,0.9696927477725794,0.40315354782906637,5,0.1,0.5,1.0,0.6079919923964895,0.6089753938241108,0.6019498742981592,0.6085578613143202,0.6179023265524549,0.6008408394946694,0.6055485401992161,0.6118475596952704,0.6077001358151279,0.6075714263104495,0.6050976566347509
3,1,0.2329057434741046,0.9308792211743231,6574,1.6199391228812081,0.9096715328467153,1096,1.6165479094075699,0.919,0.7980056966892461,0.08315241144379357,,,0.8949530563750102,,0.8949600923648411,0.10503990763515891,0.9697991533742162,0.40319674086063473,5,0.1,0.5,0.6079919923964895,1.0,0.6137312677624028,0.6060680847841119,0.6083333988977205,0.61704822369724,0.6082789725271952,0.6085450514854206,0.6131971773749743,0.6128730030044236,0.6171066695686565,0.6087508351039831
3,2,0.23923282261001388,0.9287221165485042,5783,1.6078174537228,0.9149377593360996,964,1.6165066812746822,0.9191,0.8034482673029032,0.08368346614573495,,,0.9413363913502111,,0.9413533457155765,0.058646654284423505,0.9698696577329183,0.40322592968189164,5,0.1,0.5,0.6089753938241108,0.6137312677624028,1.0,0.6234906206842369,0.6153168838929483,0.6133491641530778,0.6159047886363475,0.616944604236321,0.6178032517646828,0.6111014845491285,0.6194683224678279,0.6158950746949392
3,3,0.2180285289844341,0.9333459428787593,5287,1.6055190988949366,0.9307604994324631,881,1.6170194533686288,0.9193,0.8084130774461105,0.08369172429941335,,,0.9420576743121012,,0.942076200993926,0.05792379900607403,0.9698624372974047,0.4032261732850598,5,0.1,0.5,0.6019498742981592,0.6060680847841119,0.6234906206842369,1.0,0.6226524471586616,0.6248135661598959,0.6211870627240619,0.6214196905283847,0.6280611696474543,0.6199386844182094,0.6250696199756669,0.626626954733905
3,4,0.2598419754621723,0.9212563323201621,4935,1.6213656663894653,0.9245742092457421,822,1.6174479494460474,0.919,0.8047157659567398,0.08325787011650178,,,0.9041640188698022,,0.904176497163797,0.095823502836203,0.9698067943183171,0.40320542206348,5,0.1,0.5,0.6085578613143202,0.6083333988977205,0.6153168838929483,0.6226524471586616,1.0,0.623618328370186,0.6142988720639777,0.6183663197592099,0.6204052680728527,0.6169783989272942,0.620217163365134,0.6189013167345515
3,5,0.24538329780637605,0.9280051424898221,4667,1.6286563348770142,0.922879177377892,778,1.616567883628626,0.9192,0.8122435385078218,0.08412613571945332,,,0.9799999999126581,,0.9800010039656644,0.019998996034335637,0.9698796202239723,0.40323087551776343,5,0.1,0.5,0.6179023265524549,0.61704822369724,0.6133491641530778,0.6248135661598959,0.623618328370186,1.0,0.6161932490781843,0.6214411426783802,0.6342225684839732,0.6252704364457219,0.6318141091695102,0.6308648491964909
3,6,0.26738365623833876,0.9198293285425556,4453,1.6087584793567657,0.9245283018867925,742,1.6172100911125207,0.919,0.8059124671444026,0.08331697150110914,,,0.9093260470181647,,0.9093419005070027,0.0906580994929973,0.9698174936944998,0.40320944499805955,5,0.1,0.5,0.6008408394946694,0.6082789725271952,0.6159047886363475,0.6211870627240619,0.6142988720639777,0.6161932490781843,1.0,0.6241409835163788,0.6309403261748291,0.6236791090587308,0.6218584686477043,0.6220580558182495
3,7,0.2585216083063452,0.9236848258124853,4277,1.6377863676651665,0.908835904628331,713,1.6170225619508054,0.9193,0.8083963262081214,0.08364833830868959,,,0.9382682587705112,,0.9382812107825912,0.06171878921740881,0.9698577558355076,0.40322495482687726,5,0.1,0.5,0.6055485401992161,0.6085450514854206,0.616944604236321,0.6214196905283847,0.6183663197592099,0.6214411426783802,0.6241409835163788,1.0,0.6260413879951316,0.6209394101040322,0.6304770847845689,0.6276435604200667
3,8,0.2621986795625148,0.9219665778638896,4129,1.6042816747318616,0.9316860465116279,688,1.6175020316157478,0.919,0.8149225639417697,0.08380319703535341,,,0.9517939166103204,,0.9518096481100347,0.048190351889965344,0.9698580012693433,0.4032282509135592,5,0.1,0.5,0.6118475596952704,0.6131971773749743,0.6178032517646828,0.6280611696474543,0.6204052680728527,0.6342225684839732,0.6309403261748291,0.6260413879951316,1.0,0.6309563023534845,0.6366106482626779,0.6352525602051535
3,9,0.28084311913689675,0.9170707323169208,4001,1.6230074621382213,0.9130434782608695,667,1.6208452504282942,0.9191,0.8058569701213432,0.08092034388545293,,,0.7,,0.7,0.30000000000000004,0.9675245096857608,0.40220500610341225,5,0.1,0.5,0.6077001358151279,0.6128730030044236,0.6111014845491285,0.6199386844182094,0.6169783989272942,0.6252704364457219,0.6236791090587308,0.6209394101040322,0.6309563023534845,1.0,0.6240350715812435,0.6216473282289491
3,10,0.27548460950311576,0.9160709694008743,3889,1.6202259631383986,0.9135802469135802,648,1.6167808279823572,0.919,0.8119090764616774,0.08389192742519574,,,0.9595437988343016,,0.9595552432106822,0.040444756789317804,0.9698718882266217,0.4032294458387869,5,0.1,0.5,0.6075714263104495,0.6171066695686565,0.6194683224678279,0.6250696199756669,0.620217163365134,0.6318141091695102,0.6218584686477043,0.6304770847845689,0.6366106482626779,0.6240350715812435,1.0,0.6204337833134224
3,11,0.272540238011284,0.917963597995252,3791,1.639104151725769,0.8971518987341772,632,1.616985244872852,0.9192,0.8096163021868393,0.08370426180888069,,,0.9431527244062861,,0.9431705235680939,0.056829476431906056,0.9698602832888578,0.4032264464848291,5,0.1,0.5,0.6050976566347509,0.6087508351039831,0.6158950746949392,0.626626954733905,0.6189013167345515,0.6308648491964909,0.6220580558182495,0.6276435604200667,0.6352525602051535,0.6216473282289491,0.6204337833134224,1.0
4,0,0.20586661256211972,0.9377891404918431,8214,1.351600780043491,0.9466764061358656,1369,1.37064984431282,0.9343,0.7843566357792557,0.08262595186376485,,,0.8029883858956993,,0.8030018573364791,0.1969981426635209,0.9700325547818818,0.3969870890699303,5,0.1,0.5,1.0,0.5948855320185499,0.5958465009753772,0.595975199185897,0.5939592903103201,0.5987608354386948,0.5791201848272974,0.5952303050501562,0.5588082426273853,0.5822244049465758,0.5926864433279625,0.5928569343792622
4,1,0.21800874684286276,0.93614237906906,6574,1.3726772274289811,0.927007299270073,1096,1.3704167090284938,0.9341,0.793146482857574,0.08316643541212233,,,0.8600916317194136,,0.8601124441544099,0.1398875558455901,0.9704334566081875,0.3971580233330215,5,0.1,0.5,0.5948855320185499,1.0,0.6014414896897275,0.6055238304937414,0.6014820300620887,0.609056090473544,0.5944490651467598,0.5957685668618323,0.5682885322715039,0.5940297261559443,0.6053722597676797,0.5922127304787174
4,2,0.22283126555733093,0.9341518243126405,5783,1.3602836747323312,0.9294605809128631,964,1.3703087518771235,0.9341,0.7966539003157921,0.08364297643803711,,,0.9104392129373688,,0.9104563023944581,0.08954369760554193,0.9706194421129457,0.39722352389468174,5,0.1,0.5,0.5958465009753772,0.6014414896897275,1.0,0.6102514411424437,0.5999831008271005,0.6057447227408094,0.5971693272009758,0.6024712338050798,0.5714509244855734,0.599788813314389,0.6054181629541382,0.6039311649470173
4,3,0.2035093009196985,0.937961036504634,5287,1.3555396326950617,0.9398410896708286,881,1.3708692042591473,0.934,0.8040634999686925,0.0839081546920327,,,0.938455864084348,,0.9384669444305005,0.061533055569499506,0.9706592779990089,0.39723837654555905,5,0.1,0.5,0.595975199185897,0.6055238304937414,0.6102514411424437,1.0,0.6097860192518785,0.6179174985756923,0.6091362241630532,0.6091269226740827,0.5811787537998803,0.6027891625195466,0.6122407915673241,0.6100138793381775
4,4,0.23686913256563485,0.9288753799392098,4935,1.375328174004188,0.940389294403893,822,1.3713582041926278,0.934,0.7981514056096214,0.0834120624709767,,,0.8860426571767875,,0.8860599367501631,0.11394006324983685,0.9705420751414032,0.39719924350137725,5,0.1,0.5,0.5939592903103201,0.6014820300620887,0.5999831008271005,0.6097860192518785,1.0,0.6109115446017094,0.5976281163859022,0.6096891982602985,0.5783506800875455,0.6038248543132209,0.6073826910474858,0.5968295139552211
4,5,0.22089421073714757,0.9346475251767731,4667,1.384175786972046,0.9383033419023136,778,1.3703466371987194,0.9341,0.8070295783255262,0.08430137090263747,,,0.9799999998943478,,0.9800010039656644,0.019998996034335637,0.9706832499768792,0.39724506368923673,5,0.1,0.5,0.5987608354386948,0.609056090473544,0.6057447227408094,0.6179174985756923,0.6109115446017094,1.0,0.6005951280231907,0.6091180464058495,0.587853593183891,0.6127008539827727,0.622695432119556,0.6150729144797805
4,6,0.2443323710527537,0.9259824837188412,4453,1.3617549240589142,0.9380053908355795,742,1.371137003548229,0.934,0.79105339561774,0.08320265768655495,,,0.863918592683361,,0.8639275136790322,0.1360724863209678,0.9704651235235494,0.39716500815196104,5,0.1,0.5,0.5791201848272974,0.5944490651467598,0.5971693272009758,0.6091362241630532,0.5976281163859022,0.6005951280231907,1.0,0.5990596121844373,0.5706463473656967,0.5970403069997743,0.5956470185591503,0.6013276225706656
4,7,0.23050697839526987,0.9325227963525836,4277,1.397585542305656,0.9214586255259467,713,1.370872539072372,0.9341,0.7979978322938571,0.08366668539140046,,,0.9129441146984758,,0.9129561768987501,0.08704382310124992,0.9706223356044106,0.3972253825263728,5,0.1,0.5,0.5952303050501562,0.5957685668618323,0.6024712338050798,0.6091269226740827,0.6096891982602985,0.6091180464058495,0.5990596121844373,1.0,0.5758265158338175,0.5942271861930106,0.6073777536896664,0.6083292627252517
4,8,0.2607636250417608,0.9240009687575684,4129,1.3564220829443498,0.9418604651162791,688,1.3715562252952649,0.9341,0.7685959427940822,0.08273937430793765,,,0.8149717103302887,,0.8149791677124643,0.18502083228753574,0.970164856401225,0.3970335112291144,5,0.1,0.5,0.5588082426273853,0.5682885322715039,0.5714509244855734,0.5811787537998803,0.5783506800875455,0.587853593183891,0.5706463473656967,0.5758265158338175,1.0,0.573115286319359,0.5829900694751275,0.5764348121097023
4,9,0.2517108189873975,0.92511872031992,4001,1.3788381360826039,0.9340329835082459,667,1.3760309234594765,0.9339,0.7923195475077016,0.08165116439861168,,,0.7,,0.7,0.30000000000000004,0.9679486450469555,0.3962123047425702,5,0.1,0.5,0.5822244049465758,0.5940297261559443,0.599788813314389,0.6027891625195466,0.6038248543132209,0.6127008539827727,0.5970403069997743,0.5942271861930106,0.573115286319359,1.0,0.6090801361248486,0.5965197742683941
4,10,0.25087130269890684,0.9257392645924403,3889,1.3770606971922374,0.9305555555555556,648,1.3705935085924288,0.934,0.8026584417906175,0.08399222388288637,,,0.9473379543646295,,0.9473520405602128,0.05264795943978717,0.9706720054377197,0.3972409889251616,5,0.1,0.5,0.5926864433279625,0.6053722597676797,0.6054181629541382,0.6122407915673241,0.6073826910474858,0.622695432119556,0.5956470185591503,0.6073777536896664,0.5829900694751275,0.6090801361248486,1.0,0.608854227664558
4,11,0.24676128884135676,0.9264573991031391,3791,1.3992213129997253,0.9113924050632911,632,1.3708339304969714,0.9342,0.7976274312496819,0.08369094255303748,,,0.9155069358392006,,0.9155313488278701,0.08446865117212987,0.9706293753247788,0.39722733913975644,5,0.1,0.5,0.5928569343792622,0.5922127304787174,0.6039311649470173,0.6100138793381775,0.5968295139552211,0.6150729144797805,0.6013276225706656,0.6083292627252517,0.5764348121097023,0.5965197742683941,0.608854227664558,1.0
5,0,0.19431325753512954,0.9407109812515217,8214,1.1100893311722333,0.9547114682249818,1369,1.1318156978192802,0.9425,0.7736001330327378,0.08295495126673165,,,0.8965188904463205,,0.8965363184579087,0.10346368154209129,0.9665510097647454,0.3855047556171005,5,0.1,0.5,1.0,0.5749217570769273,0.576403495590758,0.5681840764235173,0.5670148254553697,0.5832883854033016,0.5728151421203341,0.5651765478525469,0.5403274171119297,0.46541285954938083,0.5733502250887463,0.5723146853503741
5,1,0.20355030765747922,0.9398539701855796,6574,1.1321448700768606,0.9352189781021898,1096,1.1315416070980766,0.9425,0.7810271548401095,0.08358136151721098,,,0.925133109299563,,0.9251543597208975,0.07484564027910245,0.9669972920058951,0.3855256268481392,5,0.1,0.5,0.5749217570769273,1.0,0.5871962876870149,0.5714252733927355,0.5809087560526076,0.5854589185597899,0.5733303316920849,0.5716584630433169,0.5454935054417168,0.46908199693561725,0.5843937537535756,0.5811646051419755
5,2,0.20322835892670432,0.9404461352239322,5783,1.1209841293673362,0.9398340248962656,964,1.1314645601918523,0.9428,0.783530238963852,0.08399046896757684,,,0.943821006105695,,0.943833140906581,0.05616685909341901,0.9672118985507492,0.3855327829819053,5,0.1,0.5,0.576403495590758,0.5871962876870149,1.0,0.5807783111118375,0.5704539203320032,0.5855986936898568,0.581017999913493,0.5824080301166698,0.5435214031367408,0.4746962233918637,0.5854744467600206,0.5783133618938262
5,3,0.18640851469497274,0.9437488178551163,5287,1.1142591429608208,0.9443813847900113,881,1.132038084653239,0.9427,0.7811964149195296,0.08408620505589967,,,0.9481941998414724,,0.948205411374931,0.05179458862506903,0.9672535858946946,0.38553388191882215,5,0.1,0.5,0.5681840764235173,0.5714252733927355,0.5807783111118375,1.0,0.5746069054241449,0.5900186916297863,0.5805822189877525,0.5761318644878303,0.5487339971049386,0.4694493632229708,0.5832619288889618,0.579571991027987
5,4,0.21542055169661198,0.9333333333333333,4935,1.1360486241487355,0.9501216545012166,822,1.1324753902209834,0.9427,0.7797062195706654,0.08369980244554662,,,0.9305434528276008,,0.9305657346518749,0.06943426534812513,0.967130492106638,0.38552811732216025,5,0.1,0.5,0.5670148254553697,0.5809087560526076,0.5704539203320032,0.5746069054241449,1.0,0.5843165855249806,0.5737391361791894,0.5769832274928408,0.551037364748839,0.4782389535117673,0.5849078462470021,0.5696039995651614
5,5,0.19984659850980116,0.9402185558174416,4667,1.1455708503723145,0.9434447300771208,778,1.1315070249782964,0.9426,0.7933953211962276,0.08478248403935082,,,0.9799999999543203,,0.9800010039656644,0.019998996034335637,0.9672790031567474,0.3855374684386488,5,0.1,0.5,0.5832883854033016,0.5854589185597899,0.5855986936898568,0.5900186916297863,0.5843165855249806,1.0,0.590430943743229,0.5847528106088257,0.5634222471970876,0.47488165299748775,0.598147115525616,0.5935163761036929
5,6,0.2236211461241224,0.9341118347181675,4453,1.1215726112325985,0.9501347708894878,742,1.132268347107945,0.9427,0.7813199038374848,0.08361608596248202,,,0.9267193107957594,,0.9267356056422871,0.07326439435771293,0.9670172219655754,0.38552636349443686,5,0.1,0.5,0.5728151421203341,0.5733303316920849,0.581017999913493,0.5805822189877525,0.5737391361791894,0.590430943743229,1.0,0.5711199489602578,0.5447298630545232,0.48265062215533006,0.5767073366983602,0.5806578960366418
5,7,0.21306530292799225,0.9361702127659575,4277,1.163584740265556,0.9284712482468443,713,1.132032194457496,0.9427,0.7805726886812614,0.08390172336695877,,,0.9397671356008543,,0.9397771196225089,0.06022288037749113,0.9672100025051297,0.38553156889106743,5,0.1,0.5,0.5651765478525469,0.5716584630433169,0.5824080301166698,0.5761318644878303,0.5769832274928408,0.5847528106088257,0.5711199489602578,1.0,0.5497877368241234,0.4760405369002051,0.5795163509677678,0.5847868244899685
5,8,0.24036533818410064,0.9297166384112376,4129,1.1174037944186817,0.9462209302325582,688,1.1327273986590938,0.9427,0.7528252350366905,0.08229584522561856,,,0.8664111383885071,,0.8664273881833241,0.1335726118166759,0.9666478773390133,0.3854617832966953,5,0.1,0.5,0.5403274171119297,0.5454935054417168,0.5435214031367408,0.5487339971049386,0.551037364748839,0.5634222471970876,0.5447298630545232,0.5497877368241234,1.0,0.4717910193530646,0.5528540045174025,0.5554809262046705
5,9,0.31548732084902154,0.911872031992002,4001,1.1414669979186285,0.9415292353823088,667,1.1380581115000545,0.942,0.6705857344238787,0.07865284370196586,,,0.7,,0.7,0.30000000000000004,0.9644875303309178,0.3844659353395004,5,0.1,0.5,0.46541285954938083,0.46908199693561725,0.4746962233918637,0.4694493632229708,0.4782389535117673,0.47488165299748775,0.48265062215533006,0.4760405369002051,0.4717910193530646,1.0,0.47845601647645375,0.4746673403463253
5,10,0.22734314736406333,0.9322190794548727,3889,1.1407310281481062,0.9429012345679012,648,1.1317564031948297,0.9427,0.7877571160994612,0.08437498242393565,,,0.9613854571724659,,0.9614025400331309,0.03859745996686914,0.9672615990172919,0.38553612336807497,5,0.1,0.5,0.5733502250887463,0.5843937537535756,0.5854744467600206,0.5832619288889618,0.5849078462470021,0.598147115525616,0.5767073366983602,0.5795163509677678,0.5528540045174025,0.47845601647645375,1.0,0.5860726177520814
5,11,0.22408808087695295,0.9323661303086257,3791,1.165550857782364,0.9224683544303798,632,1.1319974881772417,0.9427,0.7846748486007933,0.08406324602672234,,,0.9471454387698977,,0.9471612870839817,0.05283871291601827,0.967220215755433,0.385533647323777,5,0.1,0.5,0.5723146853503741,0.5811646051419755,0.5783133618938262,0.579571991027987,0.5696039995651614,0.5935163761036929,0.5806578960366418,0.5847868244899685,0.5554809262046705,0.4746673403463253,0.5860726177520814,1.0
6,0,0.18154732952771369,0.9446554662770879,8214,0.8766486325929331,0.9598246895544192,1369,0.8999714582872848,0.9484,0.7619657423660575,0.0829699405139641,,,0.902426666036789,,0.9024446563927514,0.0975553436072486,0.9640961203771579,0.3826424483787333,5,0.1,0.5,1.0,0.5598827691760723,0.5532488564203968,0.5437259753894829,0.5549324309724702,0.5571674350189194,0.5529649215694432,0.5404180572500711,0.5421149820035404,0.4874887828863851,0.5539913753000125,0.5502782755283475
6,1,0.19172704707541802,0.9443261332522057,6574,0.8986089774540492,0.9461678832116789,1096,0.8996934589867394,0.9486,0.7701442819211618,0.08368250932995398,,,0.9319478436886236,,0.9319612469253552,0.0680387530746448,0.964158367900022,0.38266005641082157,5,0.1,0.5,0.5598827691760723,1.0,0.5584001209017361,0.5486135092375688,0.5640424526203549,0.5676577608874122,0.5515957877255169,0.5435157911613725,0.5548818660733171,0.5001436486815796,0.5621692783233505,0.5574951075763886
6,2,0.1933111087326475,0.9447691509597095,5783,0.8893124826492802,0.946058091286307,964,0.8996492673794683,0.9486,0.7682747945445203,0.08389200228692226,,,0.9406269756695499,,0.9406505697505145,0.05934943024948547,0.9641777927669686,0.38266301612065967,5,0.1,0.5,0.5532488564203968,0.5584001209017361,1.0,0.5577361605965818,0.5559485587646512,0.5537069403637958,0.5529978903166107,0.5471870374216365,0.5495892941292901,0.49809615532258245,0.56436429922759,0.5577110142917139
6,3,0.1771237063510568,0.9470777378475506,5287,0.8805933105094093,0.9523269012485811,881,0.9001980701955362,0.9484,0.76848953254565,0.0839641708101902,,,0.9436168620474765,,0.9436323477737062,0.05636765222629381,0.9641775222247168,0.3826638316909171,5,0.1,0.5,0.5437259753894829,0.5486135092375688,0.5577361605965818,1.0,0.5537702471866596,0.5638732231321036,0.554910118273384,0.5508722090983647,0.552323780271534,0.502697983502773,0.5661967672756543,0.5558038136131777
6,4,0.20147949218269318,0.9380344478216819,4935,0.902991343003053,0.9513381995133819,822,0.9005665771496563,0.9484,0.7710923806885679,0.08379601015667217,,,0.9366500955890564,,0.9366698458912706,0.06333015410872944,0.964167269958626,0.3826617757480616,5,0.1,0.5,0.5549324309724702,0.5640424526203549,0.5559485587646512,0.5537702471866596,1.0,0.5584955766437387,0.5550063385155132,0.5530771720621761,0.5568550984779143,0.4999594920012866,0.5669821970718427,0.557403944384951
6,5,0.1861794390026735,0.9443754017570174,4667,0.9119088840484619,0.9524421593830334,778,0.8997082476036998,0.9484,0.780008078347478,0.0848423705151296,,,0.9799999999585707,,0.9800010039656644,0.019998996034335637,0.9641937719625455,0.38266803367539914,5,0.1,0.5,0.5571674350189194,0.5676577608874122,0.5537069403637958,0.5638732231321036,0.5584955766437387,1.0,0.5645868693396315,0.555551855789934,0.5736487533368388,0.5099260015057289,0.573818291645124,0.5745960232863304
6,6,0.20835609201674482,0.93873792948574,4453,0.8889747684200605,0.9555256064690026,742,0.9003802894022518,0.9483,0.7703095010319506,0.08371178461776324,,,0.9331606963322312,,0.933176045379248,0.06682395462075197,0.9641622431593176,0.3826605617392063,5,0.1,0.5,0.5529649215694432,0.5515957877255169,0.5529978903166107,0.554910118273384,0.5550063385155132,0.5645868693396315,1.0,0.5480549821739169,0.5604361119996194,0.5095294504689888,0.5618284078518713,0.5584266274761508
6,7,0.2008848398145455,0.9405658171615618,4277,0.9346191909002222,0.9326788218793829,713,0.9001666057985812,0.9484,0.762009581055983,0.08360984038302313,,,0.9289372251434698,,0.9289493499322323,0.07105065006776767,0.9641628647487325,0.38265885579931347,5,0.1,0.5,0.5404180572500711,0.5435157911613725,0.5471870374216365,0.5508722090983647,0.5530771720621761,0.555551855789934,0.5480549821739169,1.0,0.5515893400391655,0.4866258141011177,0.5534900097010276,0.5610787786213176
6,8,0.19873085459314518,0.9411964155969968,4129,0.8860507471994921,0.9505813953488372,688,0.9008220327547944,0.9484,0.7713219912114787,0.08285756496194248,,,0.8977710334010207,,0.8977812358817329,0.10221876411826714,0.9639818860599944,0.3826380435947129,5,0.1,0.5,0.5421149820035404,0.5548818660733171,0.5495892941292901,0.552323780271534,0.5568550984779143,0.5736487533368388,0.5604361119996194,0.5515893400391655,1.0,0.5076012269142459,0.5704297558624141,0.5666436100719145
6,9,0.24375003826340647,0.928067983004249,4001,0.9117310103915987,0.9475262368815592,667,0.9069993514984179,0.9477,0.7060149671167821,0.07808385732840223,,,0.7,,0.7,0.30000000000000004,0.9612164247742045,0.3816082111096374,5,0.1,0.5,0.4874887828863851,0.5001436486815796,0.49809615532258245,0.502697983502773,0.4999594920012866,0.5099260015057289,0.5095294504689888,0.4866258141011177,0.5076012269142459,1.0,0.5082803293066396,0.5015985310269859
6,10,0.2158790436374848,0.934944715865261,3889,0.9113378524780273,0.9444444444444444,648,0.8999470001973283,0.9483,0.7775677011577552,0.0844810208234509,,,0.965029560327889,,0.9650519552231314,0.034948044776868636,0.9641928320187573,0.3826673085974634,5,0.1,0.5,0.5539913753000125,0.5621692783233505,0.56436429922759,0.5661967672756543,0.5669821970718427,0.573818291645124,0.5618284078518713,0.5534900097010276,0.5704297558624141,0.5082803293066396,1.0,0.551105770647501
