round,client_id,client_i_training_loss,client_i_training_accuracy,client_i_training_dataset_size,client_i_evaluation_loss,client_i_evaluation_accuracy,client_i_evaluation_dataset_size,client_i_central_evaluation_loss,client_i_central_evaluation_accuracy,client_i_cosine_similarity,client_i_importance_coefficient,client_i_tanh_val,tanh_normalization_value,client_i_q,client_i_mask_order,client_i_v_nonzero_fraction,client_i_v_sparsity,client_i_v_cosine_similarity,client_i_reward_gradient_norm,local_epochs,learning_rate,gamma,client_0_cosine_similarity,client_1_cosine_similarity,client_2_cosine_similarity,client_3_cosine_similarity,client_4_cosine_similarity,client_5_cosine_similarity,client_6_cosine_similarity,client_7_cosine_similarity,client_8_cosine_similarity,client_9_cosine_similarity,client_10_cosine_similarity,client_11_cosine_similarity
0,0,2.0316422487511243,0.37195032870708544,8214,2.2564578389012535,0.1329437545653762,1369,2.2587553243667555,0.1301,0.9668011021913199,0.08161336791873498,,,0.6,,0.600013531668938,0.399986468331062,0,0.09848727565386543,5,0.001,0.1,1.0,0.9876667514165639,0.975865568361698,0.9672167838981817,0.9523526332301827,0.9452819401312857,0.9444390402869344,0.9281683812043998,0.9231405958652122,0.9168088976172705,0.9173590286142187,0.9037973028404358
0,1,2.123514739865238,0.33948889564952844,6574,2.262294496808733,0.1322992700729927,1096,2.25860443358985,0.1301,0.9887315770787408,0.08346464830263496,,,0.8577955594769512,,0.8578063231555852,0.14219367684441475,0,0.09864542385471782,5,0.001,0.1,0.9876667514165639,1.0,0.9929357654654775,0.9890310330136124,0.9768212070251014,0.9716903766268755,0.9751288588957123,0.9616646133713757,0.9583909949064768,0.9514737445678837,0.9548350457298412,0.9434493995081724
0,2,2.1634059224998095,0.3497146809614387,5783,2.2581596759057816,0.1358921161825726,964,2.2586019854195203,0.1302,0.9949849898263371,0.08399253565625972,,,0.9313052324859721,,0.9313267801393762,0.0686732198606238,0,0.09864882468841508,5,0.001,0.1,0.975865568361698,0.9929357654654775,1.0,0.9919139681641964,0.9856356191780824,0.9833965045324665,0.9843519086322335,0.9764294381078872,0.9718163761327485,0.97070923345821,0.9696276123993575,0.960633213541895
0,3,2.1858704206455184,0.3173822583695858,5287,2.2609879119055614,0.12485811577752554,881,2.2586020585447075,0.1302,0.9965753396650641,0.08412678644084544,,,0.9499999998607473,,0.95001498149061,0.04998501850938997,0,0.09864924799798032,5,0.001,0.1,0.9672167838981817,0.9890310330136124,0.9919139681641964,1.0,0.9886473250081363,0.9878642420643052,0.9903874582876572,0.9798344940059529,0.9822428345164059,0.9726836576410908,0.9794920978906113,0.9681211470318618
0,4,2.1996899927816083,0.28206686930091185,4935,2.2597744373174815,0.12165450121654502,822,2.2586016175084223,0.1302,0.9934924324665181,0.08386654011005004,,,0.9137600283077145,,0.9137791051700641,0.08622089482993589,0,0.0986485004391516,5,0.001,0.1,0.9523526332301827,0.9768212070251014,0.9856356191780824,0.9886473250081363,1.0,0.9886544649918958,0.9866375662247291,0.9787593797626206,0.9846193367926883,0.9773057075966296,0.9825680425333336,0.9780209304151166
0,5,2.209745547542833,0.25811013499035784,4667,2.263360843658447,0.11182519280205655,778,2.2586016411217638,0.1302,0.9931894686940467,0.08384096515593309,,,0.9101986501056251,,0.9102270420738249,0.08977295792617512,0,0.09864846025444104,5,0.001,0.1,0.9452819401312857,0.9716903766268755,0.9833965045324665,0.9878642420643052,0.9886544649918958,1.0,0.9900052285381555,0.9867055038122343,0.9827271188147618,0.9866273284899064,0.9859390143172019,0.9786623669345931
0,6,2.209742422785078,0.2929710307657759,4453,2.2576526502768197,0.14420485175202155,742,2.258601584754432,0.1302,0.9935456599891765,0.08387103335833067,,,0.9143857246984107,,0.9144073612279023,0.08559263877209766,0,0.09864850757658405,5,0.001,0.1,0.9444390402869344,0.9751288588957123,0.9843519086322335,0.9903874582876572,0.9866375662247291,0.9900052285381555,1.0,0.9866796407415088,0.9856421453921308,0.9811696095860737,0.9892118314666601,0.977557531992431
0,7,2.2198364563842317,0.2861819032031798,4277,2.25783457963363,0.11921458625525946,713,2.258606040820527,0.1301,0.987490597641442,0.08335988992868783,,,0.8432076862101775,,0.843225949874832,0.15677405012516799,0,0.09864440230747595,5,0.001,0.1,0.9281683812043998,0.9616646133713757,0.9764294381078872,0.9798344940059529,0.9787593797626206,0.9867055038122343,0.9866796407415088,1.0,0.9803037986796241,0.9905162596754826,0.9846683301835737,0.9839706971170733
0,8,2.2240249886879555,0.2442722208767256,4129,2.256351113319397,0.12936046511627908,688,2.2586075223672886,0.1301,0.9857421713860783,0.08321229498394238,,,0.8226547101793579,,0.8226771440446159,0.1773228559553841,0,0.09864233544960382,5,0.001,0.1,0.9231405958652122,0.9583909949064768,0.9718163761327485,0.9822428345164059,0.9846193367926883,0.9827271188147618,0.9856421453921308,0.9803037986796241,1.0,0.9774073051054707,0.9896778764050719,0.9848740967435096
0,9,2.2246463151205154,0.276030992251937,4001,2.254175231570289,0.15292353823088456,667,2.2586107314965975,0.1301,0.9825667585695328,0.0829442397097984,,,0.7853273231613431,,0.7853490687312127,0.21465093126878731,0,0.09863595580860901,5,0.001,0.1,0.9168088976172705,0.9514737445678837,0.97070923345821,0.9726836576410908,0.9773057075966296,0.9866273284899064,0.9811696095860737,0.9905162596754826,0.9774073051054707,1.0,0.9850748092385078,0.9799662296614478
0,10,2.230813322301771,0.2303934173309334,3889,2.2616958504631404,0.11728395061728394,648,2.2586081005132996,0.1301,0.9853082414410094,0.08317566440483196,,,0.8175538077348332,,0.8175786044983133,0.18242139550168668,0,0.0986415456778286,5,0.001,0.1,0.9173590286142187,0.9548350457298412,0.9696276123993575,0.9794920978906113,0.9825680425333336,0.9859390143172019,0.9892118314666601,0.9846683301835737,0.9896778764050719,0.9850748092385078,1.0,0.9861278967321259
0,11,2.233383429551325,0.19351094697968874,3791,2.2575092196464537,0.13924050632911392,632,2.2586310572517565,0.1302,0.9776837238931148,0.08253203402995052,,,0.727926621041818,,0.7279457960004253,0.2720542039995747,0,0.09861602151429875,5,0.001,0.1,0.9037973028404358,0.9434493995081724,0.960633213541895,0.9681211470318618,0.9780209304151166,0.9786623669345931,0.977557531992431,0.9839706971170733,0.9848740967435096,0.9799662296614478,0.9861278967321259,1.0
1,0,1.777172425841543,0.48631604577550525,8214,2.1983259278674456,0.30971512052593136,1369,2.2011204283839216,0.3172,0.9811308568942634,0.08184122298715989,,,0.6,,0.600013531668938,0.399986468331062,0.9639844175024543,0.09926901652342915,5,0.001,0.1,1.0,0.9942926145779342,0.9884151285752085,0.9854419765323349,0.9787582851644149,0.9761527854548441,0.9732460830499974,0.9702087326501028,0.9633488908092316,0.9629677954667273,0.9615440360049193,0.9561119855164147
1,1,1.8987425499749415,0.4522056586553088,6574,2.205653204236712,0.32299270072992703,1096,2.20070988377824,0.3185,0.9928689339512413,0.08335769013458698,,,0.8546266415864179,,0.8546457119107683,0.14535428808923168,0.9652039853753014,0.09945808668169714,5,0.001,0.1,0.9942926145779342,1.0,0.9966893556922786,0.9952522685523767,0.9907095467528996,0.98814121509959,0.9872919682452965,0.9851132790756998,0.9798000631962002,0.9798791848889685,0.9789428276155774,0.9742581643719128
1,2,1.9664341497157818,0.456890887082829,5783,2.199702762788342,0.32468879668049794,964,2.200702393778597,0.3182,0.9958635288053974,0.08377871220212671,,,0.9253195248930546,,0.9253390166342873,0.0746609833657127,0.9652349806987643,0.0994637564147856,5,0.001,0.1,0.9884151285752085,0.9966893556922786,1.0,0.9962392370579389,0.9941221754305254,0.9919909955629065,0.9914032850001291,0.9900963065242757,0.9849638691789423,0.9862657257061651,0.9851129755061981,0.9806999452545038
1,3,2.011568717784192,0.4576508416871572,5287,2.2023688554763794,0.30533484676503975,881,2.200700676860139,0.3182,0.9978598938164225,0.08392570047167605,,,0.9499999998320922,,0.95001498149061,0.04998501850938997,0.965256372779712,0.0994642011314355,5,0.001,0.1,0.9854419765323349,0.9952522685523767,0.9962392370579389,1.0,0.9958651948594054,0.9946870302749388,0.9941870795890644,0.9929501405303216,0.9901492364274713,0.989658296563005,0.9897510705362434,0.9856133149942898
1,4,2.0435841105061194,0.4319756838905775,4935,2.2009106966165395,0.3333333333333333,822,2.2007027121778493,0.3182,0.9981743665074073,0.08377602667432141,,,0.9248686038644579,,0.9248847391770812,0.07511526082291875,0.9652228465227285,0.09946375402122308,5,0.001,0.1,0.9787582851644149,0.9907095467528996,0.9941221754305254,0.9958651948594054,1.0,0.9967170097149103,0.9945525309827972,0.9934658252334523,0.9931642395048278,0.9926136921590897,0.9929787896543297,0.9905568175602243
1,5,2.0626964959379746,0.4107992286265267,4667,2.205202693939209,0.2982005141388175,778,2.2007028233890717,0.3182,0.9978752438228038,0.08375064963988221,,,0.9206076021911687,,0.9206270962005006,0.07937290379949935,0.9652227321519168,0.09946363846570468,5,0.001,0.1,0.9761527854548441,0.98814121509959,0.9919909955629065,0.9946870302749388,0.9967170097149103,1.0,0.9959509263919307,0.9947182850875049,0.9928997716525231,0.9943844526840603,0.9939311551007018,0.9903377457310051
1,6,2.066447527068002,0.43696384459914667,4453,2.201246758302053,0.30997304582210244,742,2.200702706084084,0.3182,0.9975419713107834,0.08375834386426952,,,0.9218995223746526,,0.9219222702274287,0.07807772977257132,0.9652226041406685,0.0994636463112615,5,0.001,0.1,0.9732460830499974,0.9872919682452965,0.9914032850001291,0.9941870795890644,0.9945525309827972,0.9959509263919307,1.0,0.9961228711526261,0.9919712270556055,0.9946321728864185,0.995649465404495,0.9908970463632515
1,7,2.0864245635360033,0.4382511105915361,4277,2.198577984519627,0.332398316970547,713,2.2007112990553006,0.3185,0.9969781712903617,0.08342618232663165,,,0.8661270139253882,,0.8661427977692078,0.13385720223079223,0.9652017146333998,0.09945895797030352,5,0.001,0.1,0.9702087326501028,0.9851132790756998,0.9900963065242757,0.9929501405303216,0.9934658252334523,0.9947182850875049,0.9961228711526261,1.0,0.99224822437305,0.9962421131436549,0.9952975627895829,0.9927380128527055
1,8,2.096445499933683,0.41133446355049647,4129,2.1990209492770108,0.3226744186046512,688,2.200714654434984,0.3184,0.9944921081491537,0.08325516854034486,,,0.8374124676583856,,0.8374314959260011,0.16256850407399892,0.965213063410241,0.09945523780460658,5,0.001,0.1,0.9633488908092316,0.9798000631962002,0.9849638691789423,0.9901492364274713,0.9931642395048278,0.9928997716525231,0.9919712270556055,0.99224822437305,1.0,0.991101093517159,0.9950686044962965,0.9947961045538081
1,9,2.1000285430560037,0.4239440139965009,4001,2.1961106345767067,0.3343328335832084,667,2.200725695576531,0.3184,0.9949340509968905,0.08310481914747797,,,0.8121676339439166,,0.8121804351398111,0.18781956486018891,0.9651094291744963,0.0994475278711006,5,0.001,0.1,0.9629677954667273,0.9798791848889685,0.9862657257061651,0.989658296563005,0.9926136921590897,0.9943844526840603,0.9946321728864185,0.9962421131436549,0.991101093517159,1.0,0.9954562007617186,0.9915460342608224
1,10,2.110329734888233,0.408125482129082,3889,2.2041267326899936,0.3148148148148148,648,2.2007159409812465,0.3184,0.9953207887299114,0.08325945812116645,,,0.8381327216779126,,0.8381515740230618,0.16184842597693816,0.965191319466236,0.09945526813941219,5,0.001,0.1,0.9615440360049193,0.9789428276155774,0.9851129755061981,0.9897510705362434,0.9929787896543297,0.9939311551007018,0.995649465404495,0.9952975627895829,0.9950686044962965,0.9954562007617186,1.0,0.9956370374906286
1,11,2.1200933213995286,0.3781587971511475,3791,2.2012462973594666,0.31645569620253167,632,2.2007676602933355,0.3183,0.9922852793315426,0.08276602589035637,,,0.7552816081573634,,0.7553039309498265,0.2446960690501735,0.9649929681349755,0.09943307354407771,5,0.001,0.1,0.9561119855164147,0.9742581643719128,0.9806999452545038,0.9856133149942898,0.9905568175602243,0.9903377457310051,0.9908970463632515,0.9927380128527055,0.9947961045538081,0.9915460342608224,0.9956370374906286,1.0
2,0,1.5833205365485254,0.5584124665205746,8214,2.1252548805502958,0.40905770635500366,1369,2.1286397841030036,0.4112,0.987389306178478,0.08212633498882857,,,0.6,,0.600013531668938,0.399986468331062,0.9880690815890198,0.09941478157409965,5,0.001,0.1,1.0,0.9954396609065265,0.991642162873638,0.9894979403995708,0.9860373922181123,0.9838771632814267,0.9810325806864761,0.9810565979806457,0.9762366795526657,0.9747033236471699,0.9748180631400781,0.9720288655298333
2,1,1.6952914828235663,0.5269546699117736,6574,2.134074558530535,0.4197080291970803,1096,2.127812561516564,0.4125,0.9955978874694449,0.08332224020553981,,,0.8557497274967872,,0.8557717400759707,0.14422825992402932,0.9892757733890236,0.09963185908485737,5,0.001,0.1,0.9954396609065265,1.0,0.9968582327194127,0.9965241908990494,0.9943715764508758,0.9923042498573834,0.9913382651803124,0.9912427681325077,0.9876812462569882,0.9868781537404956,0.9869926547898125,0.984720114661555
2,2,1.7633839202849246,0.5213556977347398,5783,2.1260010965408815,0.42323651452282157,964,2.1277897319854637,0.4125,0.9969449117760852,0.08362415864756796,,,0.9203163488276126,,0.9203371318661138,0.07966286813388623,0.9894126463291603,0.09964152693627343,5,0.001,0.1,0.991642162873638,0.9968582327194127,1.0,0.9965682793790608,0.9959149046087027,0.9938307261921918,0.9930979108286017,0.9935951432910713,0.9904781214870371,0.9900596990440981,0.9900504206538014,0.988288705825774
2,3,1.814809473738613,0.5353508606014753,5287,2.128251714365823,0.3995459704880817,881,2.127787357702042,0.4125,0.998449038589028,0.08376296166167006,,,0.9499999997861455,,0.95001498149061,0.04998501850938997,0.9894131505825373,0.09964215954182108,5,0.001,0.1,0.9894979403995708,0.9965241908990494,0.9965682793790608,1.0,0.9974385402830936,0.9961443274881431,0.995884422987874,0.9955211841180458,0.99398009009677,0.9921536410480998,0.9935204987980385,0.9910869042883077
2,4,1.8562239479249523,0.5165146909827761,4935,2.1266234746346107,0.42944038929440387,822,2.1277901044668863,0.4125,0.9986756104564818,0.08367841719492652,,,0.931919784039213,,0.931940537980495,0.06805946201950497,0.9894170781308302,0.09964195649715758,5,0.001,0.1,0.9860373922181123,0.9943715764508758,0.9959149046087027,0.9974385402830936,1.0,0.9971959705258128,0.9960551035219862,0.9958000430448498,0.9953820264395219,0.9939620078884334,0.9950927552144566,0.9937449099376898
2,5,1.882591829397907,0.5096207413756161,4667,2.13262375831604,0.3740359897172236,778,2.127790224057036,0.4125,0.9984108686836838,0.08365428988695785,,,0.9267600503479517,,0.9267791728284088,0.07322082717159117,0.989416700362218,0.09964183084233935,5,0.001,0.1,0.9838771632814267,0.9923042498573834,0.9938307261921918,0.9961443274881431,0.9971959705258128,1.0,0.9972216333224827,0.9966374005110118,0.9953323592953358,0.9955605139690847,0.995887262561906,0.9938198739143873
2,6,1.88964659009661,0.5178082191780822,4453,2.129940470059713,0.3935309973045822,742,2.1277900854238685,0.4125,0.9982085878803123,0.08365247799259501,,,0.9263725685617085,,0.9263877209769865,0.07361227902301348,0.9894168022493843,0.09964182894796733,5,0.001,0.1,0.9810325806864761,0.9913382651803124,0.9930979108286017,0.995884422987874,0.9960551035219862,0.9972216333224827,1.0,0.997427441092773,0.9955511214686681,0.9959006335485366,0.9973469452971433,0.9945038621745036
2,7,1.9161168059306357,0.5206920738835632,4277,2.1242997542671533,0.4123422159887798,713,2.12780284043699,0.4126,0.9980967328475592,0.08344499808181066,,,0.8820020533213131,,0.8820231778157953,0.11797682218420469,0.9893620490398657,0.09963856616197883,5,0.001,0.1,0.9810565979806457,0.9912427681325077,0.9935951432910713,0.9955211841180458,0.9958000430448498,0.9966374005110118,0.997427441092773,1.0,0.9949951418267445,0.9966124024210649,0.9964946192142756,0.9946563498070151
2,8,1.9334677156118247,0.5029789295228869,4129,2.1274301463907417,0.42005813953488375,688,2.127819870988401,0.4126,0.9967225195898384,0.08329564582660691,,,0.8500623995463827,,0.8500836063830816,0.14991639361691844,0.9892382720495021,0.09963056065418885,5,0.001,0.1,0.9762366795526657,0.9876812462569882,0.9904781214870371,0.99398009009677,0.9953820264395219,0.9953323592953358,0.9955511214686681,0.9949951418267445,1.0,0.9939212826533537,0.9972277879783041,0.9968004891526457
2,9,1.9375728154939318,0.5074231442139465,4001,2.1232372579120455,0.43778110944527737,667,2.1278421825494247,0.4127,0.9960969486453564,0.08318315991370809,,,0.8260067794444703,,0.8260262321067842,0.17397376789321584,0.9892385264742131,0.0996246454906874,5,0.001,0.1,0.9747033236471699,0.9868781537404956,0.9900596990440981,0.9921536410480998,0.9939620078884334,0.9955605139690847,0.9959006335485366,0.9966124024210649,0.9939212826533537,1.0,0.9963035426104843,0.994033275367111
2,10,1.95217173646708,0.5005399845718693,3889,2.1318591776348295,0.4089506172839506,648,2.1278218507005002,0.4126,0.9969677166585504,0.08330619919737735,,,0.852319285511087,,0.8523356627134863,0.14766433728651374,0.9892384707543114,0.09963061102168054,5,0.001,0.1,0.9748180631400781,0.9869926547898125,0.9900504206538014,0.9935204987980385,0.9950927552144566,0.995887262561906,0.9973469452971433,0.9964946192142756,0.9972277879783041,0.9963035426104843,1.0,0.996758016054664
2,11,1.9709804747284962,0.4827222368768135,3791,2.129833793640137,0.41930379746835444,632,2.1279102628604294,0.4128,0.9952887709154922,0.08294911640241107,,,0.7759555183577338,,0.775973555252704,0.22402644474729605,0.989315987074122,0.09960791459612874,5,0.001,0.1,0.9720288655298333,0.984720114661555,0.988288705825774,0.9910869042883077,0.9937449099376898,0.9938198739143873,0.9945038621745036,0.9946563498070151,0.9968004891526457,0.994033275367111,0.996758016054664,1.0
3,0,1.435689815426615,0.5947650353055759,8214,2.0371773852858435,0.4981738495252009,1369,2.041188520364487,0.4947,0.989410608888069,0.08234515758333902,,,0.6,,0.600013531668938,0.399986468331062,0.9947668765306867,0.09945742669204562,5,0.001,0.1,1.0,0.9956549727916011,0.9922539591878207,0.990600585665565,0.9877909879452761,0.9865507042263424,0.9837619979594375,0.9844068628863544,0.9811544610329666,0.9800836927812873,0.9790253413062733,0.9771778145117553
3,1,1.5295612380342576,0.565835108001217,6574,2.0472375971930368,0.48996350364963503,1096,2.0397616358229906,0.4954,0.9964520838116466,0.08330636390587656,,,0.8578014047764579,,0.8578159886333981,0.14218401136660186,0.995501621889863,0.09969738374447028,5,0.001,0.1,0.9956549727916011,1.0,0.9971195677651069,0.9966904850274396,0.9953156362091445,0.9936920612276892,0.9924930187784009,0.9927686647347624,0.9908325994398935,0.9903732286594682,0.9894664352512583,0.9881693386714622
3,2,1.589728061467903,0.5652429534843507,5783,2.0367984541000856,0.5,964,2.0397185582322432,0.4953,0.9973427990062413,0.0835203856513044,,,0.9152033437049768,,0.915224094103092,0.08477590589690798,0.9954974984498596,0.09970730366489441,5,0.001,0.1,0.9922539591878207,0.9971195677651069,1.0,0.9966387459279944,0.9960316590736812,0.9946283522333843,0.994107868954413,0.9946813348507785,0.9924959173429836,0.9927129952643556,0.9918266023085952,0.9906790268831651
3,3,1.6375242143510336,0.5858520900321543,5287,2.0384421902043477,0.4869466515323496,881,2.0397154812614757,0.4953,0.998722883414931,0.08365012414440975,,,0.9499999997317938,,0.95001498149061,0.04998501850938997,0.9954982745502242,0.0997085187709656,5,0.001,0.1,0.990600585665565,0.9966904850274396,0.9966387459279944,1.0,0.9979273475555365,0.9968740406024151,0.9963450095685039,0.9962226278531909,0.9954377458724885,0.9948968109581497,0.9947310689975751,0.9932858498224729
3,4,1.680041083981914,0.564741641337386,4935,2.036884816793295,0.5,822,2.0397193580389783,0.4953,0.998918510896871,0.08360456557294292,,,0.9377809126863073,,0.9378123157518292,0.06218768424817078,0.995495822706591,0.0997083811519648,5,0.001,0.1,0.9877909879452761,0.9953156362091445,0.9960316590736812,0.9979273475555365,1.0,0.9975762106659799,0.9967286606743011,0.9966080245937762,0.996775094495574,0.9962121648589202,0.9961358282225293,0.9948587368503548
3,5,1.705188522273547,0.5587743732590529,4667,2.045757074356079,0.4794344473007712,778,2.0397188027445883,0.4953,0.998672502828173,0.08358181637845724,,,0.9316794398199425,,0.9316989010351727,0.06830109896482728,0.9954982452046285,0.09970817020461172,5,0.001,0.1,0.9865507042263424,0.9936920612276892,0.9946283522333843,0.9968740406024151,0.9975762106659799,1.0,0.9975540854112069,0.9971946510917674,0.9965536763504323,0.996736056217771,0.9964774215255717,0.9951708863252943
3,6,1.7125531184673308,0.5619133168650348,4453,2.043491393327713,0.4838274932614555,742,2.0397190491612345,0.4953,0.9982894483115784,0.08356833400713767,,,0.9280633855094313,,0.9280791795942432,0.07192082040575676,0.9954953950103732,0.09970793117806011,5,0.001,0.1,0.9837619979594375,0.9924930187784009,0.994107868954413,0.9963450095685039,0.9967286606743011,0.9975540854112069,1.0,0.9976887996039752,0.9959361569703569,0.9967101150061284,0.9974471406514402,0.9956209796168989
3,7,1.739570996298719,0.5655833528173954,4277,2.034856853277787,0.511921458625526,713,2.03974172139701,0.4955,0.9983635178511078,0.08344341687076443,,,0.8945598467970985,,0.8945786334947469,0.10542136650525313,0.9954524368113744,0.09970503815247089,5,0.001,0.1,0.9844068628863544,0.9927686647347624,0.9946813348507785,0.9962226278531909,0.9966080245937762,0.9971946510917674,0.9976887996039752,1.0,0.9958407114626644,0.9973425286335493,0.996944894930936,0.995597448395039
3,8,1.761073640860044,0.5555824654880116,4129,2.0411372076381338,0.5,688,2.0397723322859207,0.4953,0.9975501026106719,0.08332550574948064,,,0.8629353641100943,,0.8629531900909522,0.13704680990904783,0.9954653076880348,0.09969879094203986,5,0.001,0.1,0.9811544610329666,0.9908325994398935,0.9924959173429836,0.9954377458724885,0.996775094495574,0.9965536763504323,0.9959361569703569,0.9958407114626644,1.0,0.9960922210938881,0.997256456320841,0.9971743159317337
3,9,1.765058451134061,0.5501124718820295,4001,2.035439139320737,0.5172413793103449,667,2.0398110555002864,0.4956,0.9974721800393082,0.083253968179618,,,0.8437485510685455,,0.8437575511545413,0.15624244884545868,0.9953978599671387,0.0996942286415334,5,0.001,0.1,0.9800836927812873,0.9903732286594682,0.9927129952643556,0.9948968109581497,0.9962121648589202,0.996736056217771,0.9967101150061284,0.9973425286335493,0.9960922210938881,1.0,0.9974486150619636,0.9959915773134494
3,10,1.781745578226496,0.5460529699151453,3889,2.044818571635655,0.47685185185185186,648,2.039775107234431,0.4953,0.997406436615877,0.08332734163522708,,,0.863427759877105,,0.8634461294594098,0.1365538705405902,0.9954656359379197,0.09969879762561368,5,0.001,0.1,0.9790253413062733,0.9894664352512583,0.9918266023085952,0.9947310689975751,0.9961358282225293,0.9964774215255717,0.9974471406514402,0.996944894930936,0.997256456320841,0.9974486150619636,1.0,0.9970427030982637
3,11,1.806018823735854,0.5359008177261936,3791,2.0434078931808473,0.49683544303797467,632,2.039923525465944,0.4954,0.9963159713359598,0.08307302032144229,,,0.7952172306483476,,0.7952320197948985,0.20476798020510145,0.9953604383903506,0.0996757186162106,5,0.001,0.1,0.9771778145117553,0.9881693386714622,0.9906790268831651,0.9932858498224729,0.9948587368503548,0.9951708863252943,0.9956209796168989,0.995597448395039,0.9971743159317337,0.9959915773134494,0.9970427030982637,1.0
4,0,1.320186375922266,0.6225712198685172,8214,1.9345403632452323,0.5777940102264426,1369,1.9391973209076416,0.5629,0.9902744226776284,0.08250277543133121,,,0.6,,0.600013531668938,0.399986468331062,0.9967699492103318,0.09945791330315558,5,0.001,0.1,1.0,0.9955881830841045,0.9928597838030337,0.9909141634170839,0.9884241298064941,0.9874176200686889,0.9847088960615811,0.9859950222376033,0.9827854099589874,0.9811532364833239,0.9810277782865308,0.9795733619475324
4,1,1.3973694124268097,0.5964101003954975,6574,1.9458654097148351,0.5437956204379562,1096,1.936997532463683,0.5633,0.9966987831162529,0.08329999764882533,,,0.8595593095704346,,0.8595751055953451,0.1404248944046549,0.9974167224771732,0.09971093603646057,5,0.001,0.1,0.9955881830841045,1.0,0.9970843023292151,0.9965960120190311,0.9954471871920554,0.9939387112463429,0.9929744575646229,0.993312509176007,0.991610396588101,0.9906250410798462,0.9905472070442881,0.9894864149233176
4,2,1.447226057131646,0.5987549714680962,5783,1.9327439031293314,0.5778008298755186,964,1.9369258393113986,0.5634,0.9975255856754182,0.08345801344478321,,,0.9110060329557528,,0.9110292767322953,0.08897072326770472,0.9974751753054012,0.09972042233086792,5,0.001,0.1,0.9928597838030337,0.9970843023292151,1.0,0.9968115489282127,0.9962395843719231,0.9949580636785422,0.9946225413437743,0.9950761757156232,0.993167371790144,0.9920892633084892,0.9924990722053874,0.9916520260010513
4,3,1.4890091603060802,0.6146018536031777,5287,1.9335657230445318,0.547105561861521,881,1.9369209620137564,0.5633,0.9987693598136851,0.08357778127999511,,,0.9499999996744204,,0.95001498149061,0.04998501850938997,0.9974825360546049,0.09972221622425347,5,0.001,0.1,0.9909141634170839,0.9965960120190311,0.9968115489282127,1.0,0.9978055350702619,0.9967942979594542,0.9965542094242096,0.9966382500426109,0.9959278062661009,0.9948637551095066,0.9951838586092225,0.9938177894831742
4,4,1.5274600153584634,0.5969604863221885,4935,1.932296409056737,0.583941605839416,822,1.9369257924655756,0.5633,0.9987788262779186,0.08355013388786593,,,0.9409985721489431,,0.941026087124617,0.058973912875383006,0.9974813488853801,0.09972201331445027,5,0.001,0.1,0.9884241298064941,0.9954471871920554,0.9962395843719231,0.9978055350702619,1.0,0.9973482290694554,0.9967332737588324,0.9968108558565537,0.9967735649187399,0.9949986982247019,0.9963713537094008,0.9950424156321099
4,5,1.5505527086453894,0.5936147418041569,4667,1.9447517395019531,0.5424164524421594,778,1.9369243177743003,0.5633,0.9986910956271168,0.08353334273401407,,,0.9355317145965031,,0.9355409284657987,0.06445907153420127,0.9974812640475911,0.09972157081956111,5,0.001,0.1,0.9874176200686889,0.9939387112463429,0.9949580636785422,0.9967942979594542,0.9973482290694554,1.0,0.9975739865648983,0.9975106880146338,0.9964797154794038,0.996346652822559,0.996918356384308,0.9956535882688426
4,6,1.5583751417057854,0.5914215135863463,4453,1.9423237989346187,0.5619946091644205,742,1.9369251526201876,0.5634,0.9984466667994095,0.08351717713958123,,,0.9302685264443074,,0.9302829085355835,0.06971709146441651,0.9974805744006608,0.09972128898920578,5,0.001,0.1,0.9847088960615811,0.9929744575646229,0.9946225413437743,0.9965542094242096,0.9967332737588324,0.9975739865648983,1.0,0.9979355144844708,0.9963484015092232,0.9969246733465433,0.997517648348067,0.9960943175265219
4,7,1.5797020000308308,0.5963993453355155,4277,1.930625371311022,0.576437587657784,713,1.9369535804175722,0.5633,0.9985603559384998,0.08344420384872647,,,0.9065099098682661,,0.9065396622882053,0.09346033771179474,0.9974738261032979,0.09971983814705584,5,0.001,0.1,0.9859950222376033,0.993312509176007,0.9950761757156232,0.9966382500426109,0.9968108558565537,0.9975106880146338,0.9979355144844708,1.0,0.9962717901023455,0.9969188908079949,0.9970237555552817,0.9958712634687873
4,8,1.604222025871277,0.5908936788568661,4129,1.9404534101486206,0.563953488372093,688,1.9370031097826486,0.5633,0.997593153109488,0.08334062413191025,,,0.8727864646451422,,0.8727974792433864,0.12720252075661365,0.9974694929890335,0.0997137464081986,5,0.001,0.1,0.9827854099589874,0.991610396588101,0.993167371790144,0.9959278062661009,0.9967735649187399,0.9964797154794038,0.9963484015092232,0.9962717901023455,1.0,0.994750086446239,0.997179957937988,0.9964771185458823
4,9,1.6049782930858552,0.5885028742814297,4001,1.9327558279037476,0.5817091454272864,667,1.9370621522775473,0.5632,0.9970478696475777,0.0832791225198523,,,0.8527627929348787,,0.8527802746928794,0.14721972530712057,0.9974298101517787,0.09970939637415482,5,0.001,0.1,0.9811532364833239,0.9906250410798462,0.9920892633084892,0.9948637551095066,0.9949986982247019,0.996346652822559,0.9969246733465433,0.9969188908079949,0.994750086446239,1.0,0.997189919197207,0.9953777025535179
4,10,1.6224267885333201,0.5823605039856005,3889,1.943161924680074,0.5339506172839507,648,1.937006819743318,0.5633,0.9976379889882544,0.08334319844250443,,,0.8736246077196612,,0.8736335430742018,0.12636645692579818,0.9974694484064955,0.0997137556953099,5,0.001,0.1,0.9810277782865308,0.9905472070442881,0.9924990722053874,0.9951838586092225,0.9963713537094008,0.996918356384308,0.997517648348067,0.9970237555552817,0.997179957937988,0.997189919197207,1.0,0.9968314723095816
4,11,1.6483359222652532,0.5780005275652862,3791,1.9422961175441742,0.5680379746835443,632,1.937228055807729,0.5632,0.9965997835154156,0.08315362949061036,,,0.811904819698353,,0.811919467238863,0.188080532761137,0.9973323267825425,0.09969164111255428,5,0.001,0.1,0.9795733619475324,0.9894864149233176,0.9916520260010513,0.9938177894831742,0.9950424156321099,0.9956535882688426,0.9960943175265219,0.9958712634687873,0.9964771185458823,0.9953777025535179,0.9968314723095816,1.0
5,0,1.2274100537429988,0.64163623082542,8214,1.8185153700584589,0.6194302410518627,1369,1.8238417001577993,0.6068,0.9903077725739501,0.082601481835599,,,0.95,,0.95001498149061,0.04998501850938997,0.995340922979393,0.0997190862561079,5,0.001,0.1,1.0,0.9952897005595047,0.9927461783414855,0.9903834109659673,0.9879742921949864,0.9875123658537345,0.984539518729265,0.9858409994084367,0.9828994726168807,0.9820391174827724,0.9811010726418198,0.9801584167784422
5,1,1.2895422110858472,0.6206875570428962,6574,1.831682096208845,0.5967153284671532,1096,1.8213207081864817,0.6077,0.9966471046031118,0.08329535126643066,,,0.95,,0.95001498149061,0.04998501850938997,0.9980327828815839,0.0997190862561079,5,0.001,0.1,0.9952897005595047,1.0,0.9969506129227572,0.9962947459873807,0.9951014797819437,0.9939718962718805,0.9926500867982572,0.9928129896903339,0.9916635086495278,0.9911620037326735,0.9904456271402753,0.989895805926379
5,2,1.3306589565224411,0.6256268372816877,5783,1.8155839750843663,0.6130705394190872,964,1.8212367353347925,0.6074,0.9977616021199566,0.08342829580532088,,,0.95,,0.95001498149061,0.04998501850938997,0.9981237258865038,0.0997190862561079,5,0.001,0.1,0.9927461783414855,0.9969506129227572,1.0,0.9968067220882972,0.9961748246816817,0.995172859207221,0.9948548410091559,0.9950082981030708,0.9935079409114747,0.9931052082827336,0.992850114757201,0.9923573728769668
5,3,1.3654514042727919,0.6346510308303386,5287,1.8154054922716958,0.6004540295119183,881,1.8212303486875832,0.6076,0.9987270998940339,0.08353296084036642,,,0.95,,0.95001498149061,0.04998501850938997,0.9981424306846984,0.0997190862561079,5,0.001,0.1,0.9903834109659673,0.9962947459873807,0.9968067220882972,1.0,0.9977704081067776,0.9966819917954126,0.9963213594456557,0.9963825257332614,0.9955007840442962,0.9954541447681426,0.9952535254109829,0.9942026644771679
5,4,1.4004059936154274,0.62403242147923,4935,1.8147358298301697,0.6131386861313869,822,1.8212359058209502,0.6076,0.998706859718206,0.08351534359187658,,,0.95,,0.95001498149061,0.04998501850938997,0.998144278899752,0.0997190862561079,5,0.001,0.1,0.9879742921949864,0.9951014797819437,0.9961748246816817,0.9977704081067776,1.0,0.9970363940443806,0.9965896199724296,0.9965400754821264,0.996113688527251,0.9959848524697603,0.996386174602744,0.9951159431803631
5,5,1.4202127052496558,0.6195414613241911,4667,1.8310907077789307,0.5951156812339332,778,1.8212352987295521,0.6076,0.9985600336223737,0.08350029954916625,,,0.95,,0.95001498149061,0.04998501850938997,0.9981369549086876,0.0997190862561079,5,0.001,0.1,0.9875123658537345,0.9939718962718805,0.995172859207221,0.9966819917954126,0.9970363940443806,1.0,0.9973208817244651,0.9972343784600932,0.9956118566519706,0.9964217871571914,0.9965081324386817,0.9955571964663201
5,6,1.42608727983066,0.6175611947002021,4453,1.8281264901161194,0.5916442048517521,742,1.821236093965963,0.6076,0.9982597461837663,0.08348068357466895,,,0.95,,0.95001498149061,0.04998501850938997,0.9981338267624826,0.0997190862561079,5,0.001,0.1,0.984539518729265,0.9926500867982572,0.9948548410091559,0.9963213594456557,0.9965896199724296,0.9973208817244651,1.0,0.997328660363039,0.9955089297541362,0.9970572522248913,0.9970813177831863,0.996158506627564
5,7,1.4430677400596106,0.6236614449380407,4277,1.8136040024135425,0.6185133239831697,713,1.8212690536206522,0.6076,0.9982948136084152,0.0834370417436428,,,0.95,,0.95001498149061,0.04998501850938997,0.9981148212838005,0.0997190862561079,5,0.001,0.1,0.9858409994084367,0.9928129896903339,0.9950082981030708,0.9963825257332614,0.9965400754821264,0.9972343784600932,0.997328660363039,1.0,0.9952690711009806,0.9971509602854788,0.9965210328501657,0.9957561968326579
5,8,1.4699653557630685,0.6188423347057399,4129,1.8271161697127603,0.6090116279069767,688,1.8213281951392422,0.6076,0.997232661618933,0.0833391879898721,,,0.95,,0.95001498149061,0.04998501850938997,0.9980587588347157,0.0997190862561079,5,0.001,0.1,0.9828994726168807,0.9916635086495278,0.9935079409114747,0.9955007840442962,0.996113688527251,0.9956118566519706,0.9955089297541362,0.9952690711009806,1.0,0.9951334697694819,0.996040634812063,0.9958746859432949
5,9,1.468362268852809,0.610047488127968,4001,1.8172000816890173,0.6491754122938531,667,1.821398576608481,0.6074,0.9975394729625526,0.08331136032305972,,,0.95,,0.95001498149061,0.04998501850938997,0.9980169643359023,0.0997190862561079,5,0.001,0.1,0.9820391174827724,0.9911620037326735,0.9931052082827336,0.9954541447681426,0.9959848524697603,0.9964217871571914,0.9970572522248913,0.9971509602854788,0.9951334697694819,1.0,0.9972634127121063,0.9960114274335531
5,10,1.4828679687664157,0.6091025970686552,3889,1.828647250220889,0.5771604938271605,648,1.8213330286379439,0.6076,0.9974706046699608,0.08334845145208195,,,0.95,,0.95001498149061,0.04998501850938997,0.9980588777905995,0.0997190862561079,5,0.001,0.1,0.9811010726418198,0.9904456271402753,0.992850114757201,0.9952535254109829,0.996386174602744,0.9965081324386817,0.9970813177831863,0.9965210328501657,0.996040634812063,0.9972634127121063,1.0,0.9964982223258241
5,11,1.510043802882443,0.6055394355051438,3791,1.8283203780651092,0.6044303797468354,632,1.8215979010152359,0.6073,0.996770906816131,0.08320954202791472,,,0.95,,0.95001498149061,0.04998501850938997,0.9978170622521887,0.0997190862561079,5,0.001,0.1,0.9801584167784422,0.989895805926379,0.9923573728769668,0.9942026644771679,0.9951159431803631,0.9955571964663201,0.996158506627564,0.9957561968326579,0.9958746859432949,0.9960114274335531,0.9964982223258241,1.0
6,0,1.150584706350987,0.6553932310689068,8214,1.6930109872374424,0.6471877282688093,1369,1.6988824765903119,0.6333,0.9901925603147234,0.08266504608931867,,,0.95,,0.95001498149061,0.04998501850938997,0.9984076098913682,0.09969796105727534,5,0.001,0.1,1.0,0.9948117773145478,0.9922438516083263,0.9900013020366893,0.9875416250704216,0.9871164607579209,0.98385548045182,0.9854436351755749,0.9833208261948891,0.9809016791550823,0.9810543769572655,0.9803096209978788
6,1,1.1995871119128847,0.6410404624277457,6574,1.7080703360693796,0.6195255474452555,1096,1.696088715102345,0.6349,0.9963863444271737,0.08329085195998147,,,0.95,,0.95001498149061,0.04998501850938997,0.9984076098913682,0.09969796105727534,5,0.001,0.1,0.9948117773145478,1.0,0.9965089224016892,0.9957761673009535,0.9946465943271335,0.9934086478309323,0.9918934882289406,0.9920507917715892,0.991708237159056,0.9900909056087097,0.9899965352050886,0.989711701999666
6,2,1.234182676557678,0.6432993256095452,5783,1.6886553456706386,0.6348547717842323,964,1.6959941931806815,0.6349,0.9976877628880995,0.0834144598357246,,,0.95,,0.95001498149061,0.04998501850938997,0.9984076098913682,0.09969796105727534,5,0.001,0.1,0.9922438516083263,0.9965089224016892,1.0,0.9965934854158738,0.9958976785407834,0.994867759212789,0.9943806457945394,0.9946537019508229,0.9934822883127791,0.9925943779942906,0.9926518338342997,0.9922596465018436
6,3,1.2633142262338155,0.651068658974844,5287,1.6874362996646337,0.6401816118047673,881,1.6959863196546658,0.6348,0.9985412943638585,0.08350624994992455,,,0.95,,0.95001498149061,0.04998501850938997,0.9984076098913682,0.09969796105727534,5,0.001,0.1,0.9900013020366893,0.9957761673009535,0.9965934854158738,1.0,0.9974980750002201,0.9961964595241992,0.9957256829835179,0.9955860976450257,0.9956383879139918,0.9944562951523161,0.9949431520008756,0.9938989518074145
6,4,1.2931605565163398,0.6462816616008106,4935,1.687501962368305,0.648418491484185,822,1.6959925402467624,0.6349,0.9984614814558564,0.08349286202099261,,,0.95,,0.95001498149061,0.04998501850938997,0.9984076098913682,0.09969796105727534,5,0.001,0.1,0.9875416250704216,0.9946465943271335,0.9958976785407834,0.9974980750002201,1.0,0.9966253740775312,0.9958856937153088,0.9957703263091565,0.9960584308534375,0.9948823861633189,0.9960316772005287,0.9944999383988381
6,5,1.3103938209683927,0.6376687379472895,4667,1.7079709005355834,0.6182519280205655,778,1.695992868548384,0.6349,0.9983667011696252,0.08348056968028005,,,0.95,,0.95001498149061,0.04998501850938997,0.9984076098913682,0.09969796105727534,5,0.001,0.1,0.9871164607579209,0.9934086478309323,0.994867759212789,0.9961964595241992,0.9966253740775312,1.0,0.9967622478601019,0.9966380241114553,0.9960194479131799,0.9954882533709595,0.9958786310274138,0.9952017645438718
6,6,1.3133574467897415,0.635346957107568,4453,1.7041145265102386,0.628032345013477,742,1.695993531245393,0.6349,0.9979298366730814,0.08345442401868784,,,0.95,,0.95001498149061,0.04998501850938997,0.9984076098913682,0.09969796105727534,5,0.001,0.1,0.98385548045182,0.9918934882289406,0.9943806457945394,0.9957256829835179,0.9958856937153088,0.9967622478601019,1.0,0.9968155959582974,0.9950180230861525,0.9966062368961863,0.9964210292985666,0.995587721986549
6,7,1.3263811782224855,0.6432546177227029,4277,1.6870215975719949,0.6325385694249649,713,1.6960303075016496,0.6348,0.9979582939832121,0.08342856354637473,,,0.95,,0.95001498149061,0.04998501850938997,0.9984076098913682,0.09969796105727534,5,0.001,0.1,0.9854436351755749,0.9920507917715892,0.9946537019508229,0.9955860976450257,0.9957703263091565,0.9966380241114553,0.9968155959582974,1.0,0.9953045496620259,0.9963347623798529,0.9956226344948037,0.9950877068079458
6,8,1.3493449027721698,0.6441753451198837,4129,1.7042646353895015,0.6380813953488372,688,1.6960983428711327,0.6349,0.9974032948555542,0.08335059432088487,,,0.95,,0.95001498149061,0.04998501850938997,0.9984076098913682,0.09969796105727534,5,0.001,0.1,0.9833208261948891,0.991708237159056,0.9934822883127791,0.9956383879139918,0.9960584308534375,0.9960194479131799,0.9950180230861525,0.9953045496620259,1.0,0.994133097672298,0.9961026732167563,0.9958741595218334
6,9,1.3500679023209072,0.6345913521619595,4001,1.6922134898957752,0.664167916041979,667,1.696183465921079,0.6348,0.9969518749857265,0.08331893971842891,,,0.95,,0.95001498149061,0.04998501850938997,0.9984076098913682,0.09969796105727534,5,0.001,0.1,0.9809016791550823,0.9900909056087097,0.9925943779942906,0.9944562951523161,0.9948823861633189,0.9954882533709595,0.9966062368961863,0.9963347623798529,0.994133097672298,1.0,0.9966404574868601,0.9951130912455317
6,10,1.364056586632963,0.6284391874517871,3889,1.704695883251372,0.6033950617283951,648,1.6961044023593013,0.6349,0.9972670309441403,0.08335187781712441,,,0.95,,0.95001498149061,0.04998501850938997,0.9984076098913682,0.09969796105727534,5,0.001,0.1,0.9810543769572655,0.9899965352050886,0.9926518338342997,0.9949431520008756,0.9960316772005287,0.9958786310274138,0.9964210292985666,0.9956226344948037,0.9961026732167563,0.9966404574868601,1.0,0.9956661915352566
