round,client_id,client_i_training_loss,client_i_training_accuracy,client_i_training_dataset_size,client_i_evaluation_loss,client_i_evaluation_accuracy,client_i_evaluation_dataset_size,client_i_central_evaluation_loss,client_i_central_evaluation_accuracy,client_i_cosine_similarity,client_i_importance_coefficient,client_i_tanh_val,tanh_normalization_value,client_i_q,client_i_mask_order,client_i_v_nonzero_fraction,client_i_v_sparsity,client_i_v_cosine_similarity,client_i_reward_gradient_norm,local_epochs,learning_rate,gamma,client_0_cosine_similarity,client_1_cosine_similarity,client_2_cosine_similarity,client_3_cosine_similarity,client_4_cosine_similarity,client_5_cosine_similarity,client_6_cosine_similarity,client_7_cosine_similarity,client_8_cosine_similarity,client_9_cosine_similarity,client_10_cosine_similarity,client_11_cosine_similarity
0,0,0.2796946275700246,0.9120038957876796,8214,2.188336416732433,0.40905770635500366,1369,2.187916363390109,0.4047,0.7873211590067157,0.08396666195299722,,,0.9582474064679817,,0.9582601275036394,0.041739872496360575,0,0.3910704900077088,5,0.1,0.5,1.0,0.5508815003920411,0.5478452510417796,0.5566852855842308,0.5510458988984653,0.5805786916402734,0.5564269123361943,0.5675620357147767,0.5226191047378302,0.5538225537039118,0.5529828381556512,0.5651669593128659
0,1,0.29819593836273095,0.9050806206267112,6574,2.1819854395730154,0.4215328467153285,1096,2.1879156229975885,0.4048,0.7817627993126353,0.0833738709374035,,,0.9327683103069606,,0.932784498770142,0.06721550122985798,0,0.39106553597319127,5,0.1,0.5,0.5508815003920411,1.0,0.5515912737735503,0.5706661387119181,0.5710172877511318,0.5786373797343429,0.5687801813087304,0.591884017184895,0.5312750252371502,0.5592720876918136,0.5768704493449334,0.5601952108179715
0,2,0.3150751799489088,0.9019885872384575,5783,2.1927916695994716,0.36929460580912865,964,2.1879152322348694,0.4048,0.7814032405464956,0.08333552451545953,,,0.9311201203944279,,0.9311379950805683,0.06886200491943173,0,0.3910650517063429,5,0.1,0.5,0.5478452510417796,0.5515912737735503,1.0,0.5727914110386826,0.5844243260260881,0.5824545423848404,0.5799731936997966,0.5831250215369106,0.5425898162297822,0.56843636779995,0.5946686750315416,0.5872487779947574
0,3,0.3389348587688866,0.8947985625118214,5287,2.1908940161977495,0.3847900113507378,881,2.1879142694199047,0.4045,0.7849380520208655,0.08371250704252695,,,0.9473234261219198,,0.9473369810752472,0.05266301892475278,0,0.39106894360511396,5,0.1,0.5,0.5566852855842308,0.5706661387119181,0.5727914110386826,1.0,0.5838832073185851,0.5921546207870474,0.5882264184041824,0.5963982031681061,0.5355592536475803,0.6025291240072636,0.589252534582791,0.5759946903619647
0,4,0.32866602220121893,0.8979939209726444,4935,2.1896630342190084,0.41362530413625304,822,2.187916102119909,0.4047,0.7891758862307903,0.084164465926709,,,0.9667493343559856,,0.9667637166808896,0.03323628331911044,0,0.3910712728961841,5,0.1,0.5,0.5510458988984653,0.5710172877511318,0.5844243260260881,0.5838832073185851,1.0,0.5981867462993772,0.6004829659344766,0.6029061685969666,0.5735813208189909,0.6030025359869947,0.5993136594548618,0.5795582584285007
0,5,0.347411827521067,0.8916648810799228,4667,2.1874817752838136,0.4254498714652956,778,2.1879187590017106,0.4046,0.7942481055010732,0.08470541076979772,,,0.9899999999570184,,0.9900005019828322,0.009999498017167818,0,0.3910720544951931,5,0.1,0.5,0.5805786916402734,0.5786373797343429,0.5824545423848404,0.5921546207870474,0.5981867462993772,1.0,0.5858862035276053,0.6142879016885316,0.5626528756029959,0.6010099964681495,0.6012661522050767,0.6013266560741306
0,6,0.35111460197583905,0.8913990568156299,4453,2.1852171222368875,0.42183288409703507,742,2.187915645087489,0.4048,0.7817417970989774,0.08337163108171779,,,0.9326720377641893,,0.9326841022037047,0.06731589779629532,0,0.39106552431341074,5,0.1,0.5,0.5564269123361943,0.5687801813087304,0.5799731936997966,0.5882264184041824,0.6004829659344766,0.5858862035276053,1.0,0.5987159507828296,0.5580800536211921,0.5842338739040032,0.5960686985474206,0.591171793663934
0,7,0.35620202475519325,0.8878653261631985,4277,2.1876281448032544,0.3899018232819074,713,2.1879188557402394,0.4046,0.794044136064833,0.08468365772467046,,,0.9890650196452175,,0.9890768535716079,0.010923146428392094,0,0.39107204912366095,5,0.1,0.5,0.5675620357147767,0.591884017184895,0.5831250215369106,0.5963982031681061,0.6029061685969666,0.6142879016885316,0.5987159507828296,1.0,0.5611550074092796,0.611627760755667,0.6111940911311528,0.5958003951282713
0,8,0.4129040873787688,0.8745458948898038,4129,2.179975217038935,0.4316860465116279,688,2.188336253547059,0.401,0.741891211916237,0.0791216238560899,,,0.75,,0.750002509914161,0.24999749008583905,0,0.39062354546833017,5,0.1,0.5,0.5226191047378302,0.5312750252371502,0.5425898162297822,0.5355592536475803,0.5735813208189909,0.5626528756029959,0.5580800536211921,0.5611550074092796,1.0,0.558898523644456,0.5664594275801749,0.5675100221036995
0,9,0.3904103406199572,0.8823794051487128,4001,2.187295686630976,0.4107946026986507,667,2.187916640656444,0.4048,0.7789002613551632,0.08306858540779076,,,0.9196466550170591,,0.9196576477084484,0.08034235229155162,0,0.3910605674922817,5,0.1,0.5,0.5538225537039118,0.5592720876918136,0.56843636779995,0.6025291240072636,0.6030025359869947,0.6010099964681495,0.5842338739040032,0.611627760755667,0.558898523644456,1.0,0.594408937021663,0.5896969968615536
0,10,0.3952838372347541,0.8772435073283621,3889,2.1932681742168607,0.3765432098765432,648,2.1879135099843667,0.4045,0.7844274823609725,0.08365805552735392,,,0.9449830138101419,,0.9449927212489333,0.0550072787510667,0,0.3910684948158527,5,0.1,0.5,0.5529828381556512,0.5768704493449334,0.5946686750315416,0.589252534582791,0.5993136594548618,0.6012661522050767,0.5960686985474206,0.6111940911311528,0.5664594275801749,0.594408937021663,1.0,0.6027419122764567
0,11,0.37730597271388316,0.8845159588499076,3791,2.1900206327438356,0.3987341772151899,632,2.1879205140062035,0.4047,0.7767382052847934,0.08283800525748311,,,0.9097359551785551,,0.9097485066010742,0.0902514933989258,0,0.3910555533153948,5,0.1,0.5,0.5651669593128659,0.5601952108179715,0.5872487779947574,0.5759946903619647,0.5795582584285007,0.6013266560741306,0.591171793663934,0.5958003951282713,0.5675100221036995,0.5896969968615536,0.6027419122764567,1.0
1,0,0.2509963512630836,0.9226686145605064,8214,2.027437223944553,0.7815924032140248,1369,2.0273493250338035,0.7744,0.7908321581628769,0.08313129419022541,,,0.9052565729185589,,0.9052808593946087,0.09471914060539133,0.9581322712687104,0.4043236413208412,5,0.1,0.5,1.0,0.6095220912552426,0.6047998669455463,0.6015534393820431,0.5934568667736202,0.620303884007749,0.5989428763167879,0.6078585722018186,0.591514323682199,0.6154282266745689,0.6117249663068283,0.6155780287336288
1,1,0.2669733186397087,0.9176148463644661,6574,2.0185988426208494,0.7956204379562044,1096,2.027347666386979,0.7745,0.8071562409746915,0.08330761308709413,,,0.9151407477691544,,0.9151649013603734,0.08483509863962657,0.9581373705310855,0.404329916173045,5,0.1,0.5,0.6095220912552426,1.0,0.63215375444694,0.623056349216103,0.6117306063801478,0.6258981017105344,0.6088957543410269,0.6229966898656947,0.6142200690785021,0.6189129037534464,0.6362230906042896,0.6287838803916356
1,2,0.27576919079691337,0.914265951928065,5783,2.033554761640487,0.7603734439834025,964,2.0273492663813095,0.7744,0.8103164740779679,0.08339232786748467,,,0.9198897322324218,,0.9198985994678982,0.0801014005321018,0.9581400483630632,0.4043324418778465,5,0.1,0.5,0.6047998669455463,0.63215375444694,1.0,0.6352541836601252,0.608305234758775,0.6308962930561502,0.6115321607021535,0.6294072862163798,0.6188529213343488,0.6328800950972737,0.6279996856222136,0.6313015956336866
1,3,0.304785319684769,0.9056932097597882,5287,2.030060355152403,0.7525539160045402,881,2.027344860969641,0.7744,0.8083703279627231,0.08357406303070841,,,0.9300775349110112,,0.9301039104462627,0.06989608955373727,0.9581511222354915,0.40433711323639676,5,0.1,0.5,0.6015534393820431,0.623056349216103,0.6352541836601252,1.0,0.6101041660735564,0.6325364217063175,0.6134377853999906,0.6308190102096412,0.6122608419994763,0.6339905004856343,0.6242453250506618,0.6251981591741469
1,4,0.2931120229602581,0.9089766970618034,4935,2.030207024170802,0.7785888077858881,822,2.0273437732324813,0.7743,0.7985692581628838,0.08353177443038179,,,0.927706898936998,,0.9277245118216957,0.07227548817830431,0.9581561453792861,0.40433617345172,5,0.1,0.5,0.5934568667736202,0.6117306063801478,0.608305234758775,0.6101041660735564,1.0,0.6189742108875675,0.6118990051779472,0.6206695150624983,0.615050022558297,0.6211483457861056,0.6139150262180552,0.6205451841113232
1,5,0.30757065015168833,0.905721019927148,4667,2.0284169006347654,0.7596401028277635,778,2.027322503324515,0.7745,0.8201876174306865,0.08464299018871226,,,0.9899999999439415,,0.9900005019828322,0.009999498017167818,0.9581818935911011,0.40434536272814764,5,0.1,0.5,0.620303884007749,0.6258981017105344,0.6308962930561502,0.6325364217063175,0.6189742108875675,1.0,0.6185697047689203,0.6434413785715312,0.6293912168579283,0.6451803671483672,0.6399525008059787,0.6481496557719878
1,6,0.31434980227478915,0.9040197619582304,4453,2.02493924399217,0.7695417789757413,742,2.0273659076934423,0.7745,0.7987643810140522,0.08301377166946011,,,0.8986684353748449,,0.8986797851513478,0.10132021484865217,0.9580990646480103,0.4043186903348306,5,0.1,0.5,0.5989428763167879,0.6088957543410269,0.6115321607021535,0.6134377853999906,0.6118990051779472,0.6185697047689203,1.0,0.6229331230028952,0.6155449162166542,0.6116900344031058,0.6176775744607874,0.6201535492818452
1,7,0.3079304025258257,0.9041384147767126,4277,2.0276832995207412,0.7966339410939691,713,2.0273232791370477,0.7745,0.8178846085532616,0.08454835811877592,,,0.9846950669938392,,0.9847045831032578,0.015295416896742187,0.9581825495771512,0.4043453133921636,5,0.1,0.5,0.6078585722018186,0.6229966898656947,0.6294072862163798,0.6308190102096412,0.6206695150624983,0.6434413785715312,0.6229331230028952,1.0,0.6341313046139824,0.642447374169346,0.6360969837914694,0.6405220258068209
1,8,0.347078945391292,0.8934366674739647,4129,2.0142434889620002,0.7863372093023255,688,2.0284614345897882,0.7727,0.8033909248927389,0.08036174912628237,,,0.75,,0.750002509914161,0.24999749008583905,0.9564313418631933,0.4038555965761018,5,0.1,0.5,0.591514323682199,0.6142200690785021,0.6188529213343488,0.6122608419994763,0.615050022558297,0.6293912168579283,0.6155449162166542,0.6341313046139824,1.0,0.6215680982519077,0.6287458267985726,0.6342414536761
1,9,0.3408910914797277,0.898625343664084,4001,2.0260728200276694,0.767616191904048,667,2.027353502310122,0.7743,0.8153056177247269,0.08338944675454062,,,0.9197282213302492,,0.9197429847899202,0.08025701521007977,0.9581261503432053,0.40433240893469535,5,0.1,0.5,0.6154282266745689,0.6189129037534464,0.6328800950972737,0.6339905004856343,0.6211483457861056,0.6451803671483672,0.6116900344031058,0.642447374169346,0.6215680982519077,1.0,0.6336965943616248,0.6355295409307793
1,10,0.34373424896115407,0.8950887117510928,3889,2.0350287641797746,0.7592592592592593,648,2.0273279168735296,0.7746,0.8152495943381991,0.08377768246779842,,,0.9414921374007039,,0.9415039405652327,0.05849605943476732,0.958159152049754,0.40434065502253286,5,0.1,0.5,0.6117249663068283,0.6362230906042896,0.6279996856222136,0.6242453250506618,0.6139150262180552,0.6399525008059787,0.6176775744607874,0.6360969837914694,0.6287458267985726,0.6336965943616248,1.0,0.6397702858093544
1,11,0.3396167645027407,0.8962806647322606,3791,2.0328797101974487,0.7721518987341772,632,2.027353627232317,0.7744,0.8179495423287969,0.08332892906853602,,,0.9163356899530352,,0.916354600672657,0.08364539932734305,0.9581264357201569,0.40433053193873003,5,0.1,0.5,0.6155780287336288,0.6287838803916356,0.6313015956336866,0.6251981591741469,0.6205451841113232,0.6481496557719878,0.6201535492818452,0.6405220258068209,0.6342414536761,0.6355295409307793,0.6397702858093544,1.0
2,0,0.22659240504944198,0.9308254200146092,8214,1.8246092325033143,0.8977355734112491,1369,1.8250457783476612,0.8883,0.7974341834411345,0.08267008068168545,,,0.8557075260105711,,0.8557251142010943,0.14427488579890568,0.969433973761182,0.40625982779988845,5,0.1,0.5,1.0,0.6210352536435824,0.6270941463939552,0.616904975136883,0.6061961729007695,0.6191468933003852,0.6041561250407738,0.6179478307714831,0.6100430925016123,0.621629177246995,0.6193000942135409,0.614058856540944
2,1,0.24045961356531936,0.9272893215698205,6574,1.8132610321044922,0.9041970802919708,1096,1.8250091102557442,0.8883,0.8132504276277855,0.08333668872317165,,,0.905473447347589,,0.9054916921841273,0.09450830781587272,0.9695989752088093,0.4063293861177024,5,0.1,0.5,0.6210352536435824,1.0,0.6406949676725757,0.633436325170334,0.6330140337491629,0.6321730123116878,0.6283335570154791,0.6335083171998785,0.6211621948192078,0.623967468695266,0.6360432151510441,0.6274355261129156
2,2,0.25114504738468985,0.9231194881549368,5783,1.8318572967283187,0.8796680497925311,964,1.8250138885296954,0.8883,0.8168065237310823,0.08351635204900575,,,0.9188862932542665,,0.9188996536318458,0.08110034636815422,0.9696253799295519,0.4063377662054174,5,0.1,0.5,0.6270941463939552,0.6406949676725757,1.0,0.643192189621692,0.6311410965638524,0.6325445951878352,0.634546471901186,0.6423355401484865,0.6274342492705883,0.632098372175409,0.6305907664592827,0.6235741116034769
2,3,0.2713462073291394,0.9175335729146964,5287,1.826499628169196,0.8728717366628831,881,1.8250111653781926,0.8884,0.8128897897242858,0.08350022217365421,,,0.9176821101992129,,0.9176999146629186,0.08230008533708144,0.9696340976193006,0.4063371968994917,5,0.1,0.5,0.616904975136883,0.633436325170334,0.643192189621692,1.0,0.6228923515220782,0.6442682361770636,0.6235494598621762,0.6360520344238757,0.6251937854398639,0.6337849824696224,0.6285084340568375,0.6182756043249948
2,4,0.2629411750226732,0.9210536980749747,4935,1.829406554882343,0.8795620437956204,822,1.8250024406292948,0.8883,0.8088955766960645,0.08333335728657117,,,0.9052247374588973,,0.9052457205963556,0.09475427940364445,0.9696087274150856,0.40632930410047613,5,0.1,0.5,0.6061961729007695,0.6330140337491629,0.6311410965638524,0.6228923515220782,1.0,0.6398750804826474,0.617729965107544,0.6362101964472602,0.6267101893441624,0.6264302584082957,0.6267127796921735,0.6204799018627241
2,5,0.2717171114818384,0.9187486608099421,4667,1.828288311958313,0.8650385604113111,778,1.8249853015326845,0.8883,0.8204318956636713,0.08446891089757608,,,0.9899999999253446,,0.9900005019828322,0.009999498017167818,0.969668610645903,0.4063514040119751,5,0.1,0.5,0.6191468933003852,0.6321730123116878,0.6325445951878352,0.6442682361770636,0.6398750804826474,1.0,0.624968836696572,0.6426261334058236,0.6363938676740193,0.6402122746346436,0.6384269140584642,0.6446387034154499
2,6,0.27525614988058805,0.9179429598023804,4453,1.8233013898134232,0.871967654986523,742,1.82504049924235,0.8883,0.8078913620477437,0.08295612184439102,,,0.8770620568839423,,0.8770794638823353,0.12292053611766474,0.9695118584203634,0.4062977815491635,5,0.1,0.5,0.6041561250407738,0.6283335570154791,0.634546471901186,0.6235494598621762,0.617729965107544,0.624968836696572,1.0,0.6393023324625223,0.6272552966940176,0.629191353878273,0.6307561124745302,0.6203596685018049
2,7,0.27520195346520243,0.9180266541968669,4277,1.8269414279771887,0.9018232819074333,713,1.8249865454225875,0.8883,0.8219296079481162,0.08445846650346302,,,0.9892202690137814,,0.989227448421264,0.010772551578736023,0.96966800648881,0.40635139998992875,5,0.1,0.5,0.6179478307714831,0.6335083171998785,0.6423355401484865,0.6360520344238757,0.6362101964472602,0.6426261334058236,0.6393023324625223,1.0,0.640672331489021,0.645173004077032,0.6445967976724526,0.6320558482495103
2,8,0.30105420870661664,0.9096633567449746,4129,1.806382650678808,0.9040697674418605,688,1.8269372157776318,0.8873,0.809344497993812,0.08125414212391091,,,0.75,,0.750002509914161,0.24999749008583905,0.968169068402234,0.40580906722544624,5,0.1,0.5,0.6100430925016123,0.6211621948192078,0.6274342492705883,0.6251937854398639,0.6267101893441624,0.6363938676740193,0.6272552966940176,0.640672331489021,1.0,0.6282891417963192,0.633772347174207,0.6290330549135387
2,9,0.30487707267434055,0.9122219445138715,4001,1.8229672341119676,0.8875562218890555,667,1.8250239771395065,0.8882,0.8160879135411249,0.08348945472753005,,,0.9168782616953441,,0.9168967421314191,0.08310325786858086,0.9696234612626307,0.4063367043061717,5,0.1,0.5,0.621629177246995,0.623967468695266,0.632098372175409,0.6337849824696224,0.6264302584082957,0.6402122746346436,0.629191353878273,0.645173004077032,0.6282891417963192,1.0,0.6425907924593635,0.6346888680655002
2,10,0.3042841229282442,0.906968372332219,3889,1.8360041834059215,0.8904320987654321,648,1.8249905973958511,0.8883,0.8170268717155066,0.08377866735891291,,,0.9384695599805889,,0.9384820039154661,0.0615179960845339,0.9696535901393029,0.4063456332311481,5,0.1,0.5,0.6193000942135409,0.6360432151510441,0.6305907664592827,0.6285084340568375,0.6267127796921735,0.6384269140584642,0.6307561124745302,0.6445967976724526,0.633772347174207,0.6425907924593635,1.0,0.6345011582340235
2,11,0.29532676088553267,0.9116855710894223,3791,1.8341605126857758,0.8939873417721519,632,1.8250160243945381,0.8882,0.8099945759123802,0.08323753563012773,,,0.8980711288610844,,0.8980824255810451,0.10191757441895488,0.9695804560928085,0.4063233912960009,5,0.1,0.5,0.614058856540944,0.6274355261129156,0.6235741116034769,0.6182756043249948,0.6204799018627241,0.6446387034154499,0.6203596685018049,0.6320558482495103,0.6290330549135387,0.6346888680655002,0.6345011582340235,1.0
3,0,0.2097424030122764,0.9367177988799611,8214,1.5920841278031814,0.9262235208181154,1369,1.5936516847092503,0.92,0.793285722380299,0.08258551317966345,,,0.8765284307380505,,0.8765473620802169,0.12345263791978311,0.9704637416632358,0.401048854797557,5,0.1,0.5,1.0,0.6155223587840755,0.6081489634432402,0.6098376354076592,0.6018773685342454,0.6122372672810706,0.6026049989527625,0.6034243638905081,0.5606073640421281,0.6119703852808039,0.6105059295131036,0.6017310027345263
3,1,0.22195892126878128,0.9333434742926681,6574,1.5790680987494332,0.9279197080291971,1096,1.5936119445977501,0.9199,0.8051236177235567,0.08344152632171911,,,0.9283965278812666,,0.9284072084734702,0.07159279152652975,0.9707042517051278,0.4010949471880344,5,0.1,0.5,0.6155223587840755,1.0,0.6242673866055111,0.6175810769822029,0.6192291662081769,0.6220225152947515,0.6164225348935052,0.6173379147905609,0.572136190045803,0.6133474575448667,0.6245972284298543,0.6067920279670856
3,2,0.23105626596415735,0.9307279958499048,5783,1.6016482268610308,0.91701244813278,964,1.5936326896801543,0.9199,0.8079656557487872,0.08366006336451454,,,0.9416382644951271,,0.9416545354148889,0.05834546458511114,0.9707321263645864,0.4010996855765983,5,0.1,0.5,0.6081489634432402,0.6242673866055111,1.0,0.6215579232794317,0.6211282598219735,0.6205422360806019,0.6170009864528252,0.6195331186349795,0.5802897239673762,0.6276171618174788,0.6219066430922554,0.6139381264613748
3,3,0.25017918146843743,0.9229052392661244,5287,1.5944586311067854,0.9069239500567536,881,1.593621396409056,0.92,0.8030225340080344,0.08347667213446877,,,0.9305261055014172,,0.9305506751669093,0.06944932483309074,0.970719916548864,0.40109592472830335,5,0.1,0.5,0.6098376354076592,0.6175810769822029,0.6215579232794317,1.0,0.6165808285124547,0.6248578811472186,0.6151697823179507,0.6164546189314027,0.56810013597245,0.6212956655283982,0.6134397408524483,0.6032722952665327
3,4,0.2391881315542325,0.9284295845997974,4935,1.5989928474793067,0.9172749391727494,822,1.5936048803999783,0.92,0.805282805396245,0.08344487619405981,,,0.9285995054939321,,0.928613021434667,0.07138697856533305,0.9707042534275516,0.40109509916703323,5,0.1,0.5,0.6018773685342454,0.6192291662081769,0.6211282598219735,0.6165808285124547,1.0,0.6234006038298325,0.6151173362943707,0.6231492892127967,0.5738990038717922,0.6207084845363492,0.6217161129940707,0.6138478886174874
3,5,0.24914152304042284,0.9262052710520677,4667,1.5988807153701783,0.9125964010282777,778,1.5935887136398412,0.92,0.8127140156582464,0.08445820872540209,,,0.9899999999394073,,0.9900005019828322,0.009999498017167818,0.970779132633172,0.40110507463243256,5,0.1,0.5,0.6122372672810706,0.6220225152947515,0.6205422360806019,0.6248578811472186,0.6234006038298325,1.0,0.6167957152269911,0.6282453912841343,0.5783511293427911,0.632242447967676,0.6358628612389118,0.6225309348233254
3,6,0.24946856011898488,0.9275993712104199,4453,1.5925846348206203,0.9150943396226415,742,1.5936390797551068,0.92,0.8027503390004485,0.08310601466326588,,,0.908066990356243,,0.9080819235982129,0.09191807640178706,0.9706021687954748,0.4010830802515666,5,0.1,0.5,0.6026049989527625,0.6164225348935052,0.6170009864528252,0.6151697823179507,0.6151173362943707,0.6167957152269911,1.0,0.6217796510649448,0.5726551085166176,0.6160990446447768,0.6181147382411496,0.616383959485828
3,7,0.2448173447011678,0.928220715454758,4277,1.596742147984712,0.9144460028050491,713,1.5935932359756373,0.92,0.8096791306917615,0.08434525435118931,,,0.9831557960754918,,0.9831685156367652,0.016831484363234783,0.970778451522577,0.40110496674183915,5,0.1,0.5,0.6034243638905081,0.6173379147905609,0.6195331186349795,0.6164546189314027,0.6231492892127967,0.6282453912841343,0.6217796510649448,1.0,0.5906006744985024,0.6268859885395849,0.6272923569283565,0.6135396101812857
3,8,0.2721371144770931,0.9195931218212642,4129,1.570661891590465,0.934593023255814,688,1.596718428233942,0.92,0.7604141847868611,0.0804973317054831,,,0.75,,0.750002509914161,0.24999749008583905,0.969164407585599,0.4005317524267345,5,0.1,0.5,0.5606073640421281,0.572136190045803,0.5802897239673762,0.56810013597245,0.5738990038717922,0.5783511293427911,0.5726551085166176,0.5906006744985024,1.0,0.5765230034601743,0.5829141180200659,0.5742465493230858
3,9,0.2802362666512347,0.9179705073731567,4001,1.5904399440402077,0.9265367316341829,667,1.5936375330812254,0.9198,0.8107408031609072,0.08373915826955809,,,0.946430833693867,,0.946448471462276,0.05355152853772405,0.9707301753830831,0.40110083069937974,5,0.1,0.5,0.6119703852808039,0.6133474575448667,0.6276171618174788,0.6212956655283982,0.6207084845363492,0.632242447967676,0.6160990446447768,0.6268859885395849,0.5765230034601743,1.0,0.6296254928827875,0.626097938393156
3,10,0.2738142161446883,0.9185908974029313,3889,1.6080138853618078,0.9197530864197531,648,1.5936013243068903,0.92,0.8120455982198956,0.08397670639502512,,,0.9608245020180756,,0.9608403192610813,0.039159680738918734,0.9707567303593226,0.4011033631777883,5,0.1,0.5,0.6105059295131036,0.6245972284298543,0.6219066430922554,0.6134397408524483,0.6217161129940707,0.6358628612389118,0.6181147382411496,0.6272923569283565,0.5829141180200659,0.6296254928827875,1.0,0.6278450338583992
3,11,0.26612600646365214,0.9215510419414402,3791,1.606545376777649,0.9177215189873418,632,1.5936230127803814,0.92,0.8020596341685692,0.08326867469565069,,,0.9179229913293047,,0.9179358465940465,0.08206415340595352,0.970676360636879,0.40108950200311344,5,0.1,0.5,0.6017310027345263,0.6067920279670856,0.6139381264613748,0.6032722952665327,0.6138478886174874,0.6225309348233254,0.616383959485828,0.6135396101812857,0.5742465493230858,0.626097938393156,0.6278450338583992,1.0
4,0,0.19728425493434884,0.9400048697345995,8214,1.3492592517719713,0.9342585829072315,1369,1.3518192573858145,0.9324,0.7844645988388961,0.08293369078767067,,,0.9375251535387771,,0.9375432960192761,0.06245670398072389,0.9674711394174347,0.3910526071244218,5,0.1,0.5,1.0,0.5893179082190484,0.6020927606371337,0.5910417597527053,0.5831764580327072,0.5992611681938507,0.5824476427538551,0.59759049211636,0.44071751602605863,0.595553549135729,0.5858100735556555,0.5938457396609195
4,1,0.20429015104812615,0.9397931244295711,6574,1.3340651682444982,0.9461678832116789,1096,1.3517774358725014,0.9325,0.7885091455687527,0.08364931411586096,,,0.9564617345388557,,0.956478088449375,0.043521911550625014,0.967594506342279,0.391056856602482,5,0.1,0.5,0.5893179082190484,1.0,0.6010994427463374,0.5972602665734241,0.5963889318747794,0.6070273320505554,0.5909706599099364,0.6023997643130733,0.4383365524992239,0.5837408924695116,0.5979963039230992,0.5897729583258262
4,2,0.2082914083336804,0.936607297250562,5783,1.3602491924839635,0.9304979253112033,964,1.3518006420744875,0.9326,0.8055933948291784,0.08439762538485404,,,0.9762632927054881,,0.9762813111791576,0.023718688820842382,0.9675992214223369,0.3910585998745388,5,0.1,0.5,0.6020927606371337,0.6010994427463374,1.0,0.6185322929755941,0.6129939641896817,0.6130317008215557,0.6136063496137523,0.6220291142992381,0.43887015173387633,0.6132764811863408,0.6062046644519229,0.6114966968059734
4,3,0.22526829696922418,0.9318706260639303,5287,1.3520497977733612,0.9216799091940976,881,1.3517913448924836,0.9325,0.7952871246624843,0.08391168082392544,,,0.9634043930901794,,0.9634154911902013,0.03658450880979869,0.9675953402144862,0.3910577581349149,5,0.1,0.5,0.5910417597527053,0.5972602665734241,0.6185322929755941,1.0,0.5995920593833458,0.6099547134885259,0.5964784723270845,0.6097641469631546,0.4433358343520101,0.6039108394939008,0.5951444164854623,0.592665585435134
4,4,0.2175536334517622,0.9347922998986828,4935,1.3583975526002736,0.9306569343065694,822,1.351772488496555,0.9325,0.7929782542604921,0.08380903535470721,,,0.9606882236116667,,0.9607047838963907,0.03929521610360931,0.9675936174896719,0.39105745348732046,5,0.1,0.5,0.5831764580327072,0.5963889318747794,0.6129939641896817,0.5995920593833458,1.0,0.6058649365503792,0.5980307099395779,0.6062519611402223,0.43269996538300076,0.6028855280125741,0.597706541084749,0.6002558800606482
4,5,0.22742092821313298,0.9314763231197771,4667,1.3597290134429931,0.9241645244215938,778,1.3517496989557918,0.9326,0.8038794662967226,0.0848715939011193,,,0.9888052863020935,,0.9888158224988706,0.011184177501129433,0.9676133646104914,0.39105887379525234,5,0.1,0.5,0.5992611681938507,0.6070273320505554,0.6130317008215557,0.6099547134885259,0.6058649365503792,1.0,0.6034398632893555,0.6169796734739205,0.44286243562377975,0.6111997008713834,0.6071014068916851,0.6168864946274628
4,6,0.23126449014193246,0.9299797889063552,4453,1.3519665598869324,0.9285714285714286,742,1.3517992294634493,0.9325,0.7930861006768822,0.08358596602033222,,,0.9547854387909036,,0.9547964459615481,0.04520355403845189,0.9675649309536233,0.3910566096697721,5,0.1,0.5,0.5824476427538551,0.5909706599099364,0.6136063496137523,0.5964784723270845,0.5980307099395779,0.6034398632893555,1.0,0.611182476521533,0.44680140221737724,0.6011279307714373,0.5961636265183741,0.598720047689335
4,7,0.22450475470343634,0.9317278466214637,4277,1.357300234877545,0.9298737727910238,713,1.3517549727290583,0.9326,0.8073068864957129,0.08491674275738803,,,0.9899999999735383,,0.9900005019828322,0.009999498017167818,0.9676131201575611,0.39105888248773046,5,0.1,0.5,0.59759049211636,0.6023997643130733,0.6220291142992381,0.6097641469631546,0.6062519611402223,0.6169796734739205,0.611182476521533,1.0,0.4618481718381973,0.6138110397188189,0.6129882940376036,0.6120120755728047
4,8,0.32709938752373163,0.9089852264470816,4129,1.3246228640729731,0.9433139534883721,688,1.3557224624073163,0.9324,0.6230261198673102,0.07584701687888756,,,0.75,,0.750002509914161,0.24999749008583905,0.9660292855075406,0.3904529535513573,5,0.1,0.5,0.44071751602605863,0.4383365524992239,0.43887015173387633,0.4433358343520101,0.43269996538300076,0.44286243562377975,0.44680140221737724,0.4618481718381973,1.0,0.4402332777980636,0.43586145706537616,0.44461516910315524
4,9,0.2567119327074507,0.9239190202449388,4001,1.347286479813712,0.9385307346326837,667,1.35180483420436,0.9326,0.796271669035444,0.0841221091359241,,,0.9689726754782753,,0.9689774609708348,0.031022539029165186,0.9676008518345977,0.39105820863707963,5,0.1,0.5,0.595553549135729,0.5837408924695116,0.6132764811863408,0.6039108394939008,0.6028855280125741,0.6111997008713834,0.6011279307714373,0.6138110397188189,0.4402332777980636,1.0,0.598397770866808,0.6014331686146924
4,10,0.25170677286710164,0.9236307534070455,3889,1.3702902282987321,0.9259259259259259,648,1.351770897642873,0.9326,0.7930677231516365,0.08416825102372417,,,0.970193666412196,,0.9702123387380152,0.029787661261984844,0.9676101479681221,0.3910582967784846,5,0.1,0.5,0.5858100735556555,0.5979963039230992,0.6062046644519229,0.5951444164854623,0.597706541084749,0.6071014068916851,0.5961636265183741,0.6129882940376036,0.43586145706537616,0.598397770866808,1.0,0.6008267864709832
4,11,0.24412631153309045,0.9259825903455553,3791,1.3661325991153717,0.9335443037974683,632,1.3517913151853762,0.9325,0.7956999945511118,0.08378697381560643,,,0.9601044386710265,,0.9601275036393755,0.03987249636062451,0.9675835518216628,0.3910573853823158,5,0.1,0.5,0.5938457396609195,0.5897729583258262,0.6114966968059734,0.592665585435134,0.6002558800606482,0.6168864946274628,0.598720047689335,0.6120120755728047,0.44461516910315524,0.6014331686146924,0.6008267864709832,1.0
5,0,0.18717664546905818,0.9429754078402727,8214,1.0984408994053685,0.9415631848064281,1369,1.1022341371344302,0.942,0.7730703931562375,0.08271356311238119,,,0.9159813886744308,,0.9159981928618042,0.08400180713819583,0.9673338126644198,0.3915518634061457,5,0.1,0.5,1.0,0.5871991706837413,0.5747792522745068,0.5723582239057636,0.5671722312420778,0.5794630538626346,0.5574788458371268,0.5706570153247429,0.5643479870854283,0.5602321589738845,0.5672567092566945,0.5655594349692872
5,1,0.19070330526299992,0.9420444174018863,6574,1.081836894580296,0.9543795620437956,1096,1.10217775913854,0.942,0.7889303709886533,0.08375088758351343,,,0.9540673610396223,,0.9540786105115205,0.04592138948847946,0.9673749907210095,0.3915676078059593,5,0.1,0.5,0.5871991706837413,1.0,0.592876711668016,0.5844671993974583,0.5811558964446398,0.5860788201273582,0.5777576978908405,0.5871549887592169,0.5780699343321727,0.573898253069191,0.585643307268783,0.577665643424297
5,2,0.19561324083498416,0.9415874113781774,5783,1.110486388206482,0.9336099585062241,964,1.1022009885730073,0.942,0.788567952424049,0.08423881004319125,,,0.9719817184396388,,0.9719943777922795,0.028005622207720515,0.96738940487121,0.3915700071811758,5,0.1,0.5,0.5747792522745068,0.592876711668016,1.0,0.5895720457560449,0.5816839389233509,0.5850514836346594,0.5723805434425985,0.5941675923157921,0.5773493641641914,0.5825261342689825,0.581646822902444,0.572597209334179
5,3,0.21690439336753664,0.9332324569699262,5287,1.103034360068185,0.94211123723042,881,1.1022123776304835,0.942,0.7820163876356864,0.0836829571237607,,,0.9515732546294329,,0.9515887756638723,0.048411224336127656,0.9673804915911891,0.3915671041109145,5,0.1,0.5,0.5723582239057636,0.5844671993974583,0.5895720457560449,1.0,0.5715652572429514,0.5867702537017545,0.5687480538071108,0.5810725234703475,0.5753952152506887,0.5794052612127165,0.5748553460135272,0.5615338636614411
5,4,0.2015874006032508,0.9414387031408308,4935,1.1084299041674688,0.9452554744525548,822,1.102189930292745,0.942,0.7811544537456198,0.08358392533773482,,,0.9479372449036231,,0.9479494001305155,0.05205059986948446,0.9673783387799647,0.3915662415860375,5,0.1,0.5,0.5671722312420778,0.5811558964446398,0.5816839389233509,0.5715652572429514,1.0,0.5818039455625813,0.5635730659635734,0.584916276119414,0.5865043715140896,0.5732826461978294,0.5772242124896555,0.5703956729973789
5,5,0.20830226504588373,0.9367045211056353,4667,1.1146466970443725,0.9370179948586118,778,1.1021575647802018,0.942,0.7934984241619982,0.0847295630210333,,,0.9899999999632845,,0.9900005019828322,0.009999498017167818,0.9673887887700756,0.3915706713984609,5,0.1,0.5,0.5794630538626346,0.5860788201273582,0.5850514836346594,0.5867702537017545,0.5818039455625813,1.0,0.579975873405061,0.59569815252302,0.5872299139664299,0.5881270587010997,0.5889529473008562,0.5901354353427621
5,6,0.2122401023942179,0.9368964742869975,4453,1.103769746919473,0.931266846361186,742,1.102227702689247,0.942,0.773553950599369,0.08316702026216737,,,0.9326303321402146,,0.9326489634054516,0.06735103659454844,0.9673640209155249,0.39156111811106575,5,0.1,0.5,0.5574788458371268,0.5777576978908405,0.5723805434425985,0.5687480538071108,0.5635730659635734,0.579975873405061,1.0,0.5786261873915487,0.5706175470054289,0.5634682557513545,0.571777916141705,0.5636296665272293
5,7,0.20570941273984847,0.9373860182370821,4277,1.1082976693692415,0.9424964936886395,713,1.1021629661416854,0.942,0.7926229542071332,0.08472894176756172,,,0.9899771902800961,,0.9899854424978666,0.010014557502133425,0.9673888062274131,0.3915706713834685,5,0.1,0.5,0.5706570153247429,0.5871549887592169,0.5941675923157921,0.5810725234703475,0.584916276119414,0.59569815252302,0.5786261873915487,1.0,0.592181148453849,0.5853135640906028,0.5901565707073303,0.5812672782833678
5,8,0.22804926222441002,0.9302978929522887,4129,1.07251560958949,0.9534883720930233,688,1.106657061713953,0.9414,0.7793422666238032,0.07819282895405213,,,0.75,,0.750002509914161,0.24999749008583905,0.9657665742564434,0.3909635000244496,5,0.1,0.5,0.5643479870854283,0.5780699343321727,0.5773493641641914,0.5753952152506887,0.5865043715140896,0.5872299139664299,0.5706175470054289,0.592181148453849,1.0,0.5804906111605599,0.5755825264292123,0.5736833355408864
5,9,0.23536552753034307,0.933316670832292,4001,1.0962758177802676,0.9430284857571214,667,1.1022042816820237,0.942,0.7820010030764395,0.08382321012398512,,,0.9567227252524987,,0.9567391195221123,0.043260880477887675,0.967383782223182,0.39156809107136614,5,0.1,0.5,0.5602321589738845,0.573898253069191,0.5825261342689825,0.5794052612127165,0.5732826461978294,0.5881270587010997,0.5634682557513545,0.5853135640906028,0.5804906111605599,1.0,0.5796098080088492,0.5784732449843987
5,10,0.2329918537044623,0.9295448701465673,3889,1.1236111152739752,0.933641975308642,648,1.1021724830801114,0.942,0.7842737721127551,0.08393411879973402,,,0.9607948019046785,,0.96081020029115,0.03918979970884995,0.9673826020944047,0.39156874998857455,5,0.1,0.5,0.5672567092566945,0.585643307268783,0.581646822902444,0.5748553460135272,0.5772242124896555,0.5889529473008562,0.571777916141705,0.5901565707073303,0.5755825264292123,0.5796098080088492,1.0,0.5727142808773189
5,11,0.22017384100580165,0.9347401740965444,3791,1.1180750191211701,0.9414556962025317,632,1.1022015101612566,0.942,0.777889080833522,0.08345417387088488,,,0.9431733441972263,,0.9431855830530596,0.05681441694694045,0.9673793201158482,0.391564998705353,5,0.1,0.5,0.5655594349692872,0.577665643424297,0.572597209334179,0.5615338636614411,0.5703956729973789,0.5901354353427621,0.5636296665272293,0.5812672782833678,0.5736833355408864,0.5784732449843987,0.5727142808773189,1.0
6,0,0.17325167492999613,0.9468224981738496,8214,0.889695594477099,0.9495982468955442,1369,0.8945618410841726,0.9476,0.7601733748670444,0.08389470771827251,,,0.9557553683667028,,0.955775312484313,0.04422468751568698,0.9610280850467047,0.3664956608974716,5,0.1,0.5,1.0,0.5673994621896415,0.5599728609402014,0.5467536447543735,0.5434316903382265,0.5553605309995141,0.5396077168977991,0.5459382652515989,0.4899482196939019,0.2488095515949658,0.550247917083436,0.5401986793745756
6,1,0.1790989134205252,0.9453909339823547,6574,0.8717814479555402,0.958941605839416,1096,0.8944954778820562,0.9476,0.7766164874931656,0.08519545152811482,,,0.9791076187491402,,0.9791225340093369,0.02087746599066309,0.9610666807394506,0.3664977415169966,5,0.1,0.5,0.5673994621896415,1.0,0.5765924760530657,0.562451891002781,0.5674148609483274,0.5646560955115572,0.5535185670225712,0.5621275536382471,0.5010578385579968,0.24972299965182734,0.5717566551640273,0.550010968728766
6,2,0.18354392270892037,0.9427978557841951,5783,0.9019679927056835,0.9367219917012448,964,0.8945146842886464,0.9476,0.7754835170547459,0.08548823739633106,,,0.9843640027129077,,0.9843732744340143,0.015626725565985655,0.9610774137580376,0.36649787255636745,5,0.1,0.5,0.5599728609402014,0.5765924760530657,1.0,0.5651757566665216,0.5562918404485844,0.5643912191091847,0.5559011119339096,0.566706355215353,0.5011066118228453,0.25397030359049516,0.5634203836373665,0.5506722903957775
6,3,0.20470361699271633,0.9401550974087384,5287,0.897011969770704,0.9523269012485811,881,0.8945280168764889,0.9476,0.7646242340476497,0.08471753718997523,,,0.9705276238253545,,0.9705486672355805,0.02945133276441947,0.9610642513760047,0.3664973297232423,5,0.1,0.5,0.5467536447543735,0.562451891002781,0.5651757566665216,1.0,0.5439911453927259,0.5618842393514394,0.5443141709772676,0.5546864448308682,0.4957789558120708,0.2643187106168311,0.544904381021395,0.5373176405771357
6,4,0.18490594333638588,0.9441540020263425,4935,0.9002304443946252,0.9501216545012166,822,0.8945099642863289,0.9476,0.7626388487163269,0.08457840453534693,,,0.9680297756229117,,0.9680487927312886,0.03195120726871137,0.9610597301514068,0.3664971296757634,5,0.1,0.5,0.5434316903382265,0.5674148609483274,0.5562918404485844,0.5439911453927259,1.0,0.5534167258132076,0.5441610094300176,0.5511031774201027,0.4969032900866199,0.2508038276216222,0.5551173464985203,0.5423370223549479
6,5,0.19201709240840825,0.942446968073709,4667,0.9094482684135436,0.9485861182519281,778,0.8944740421094072,0.9476,0.7748844568380399,0.08580216810707894,,,0.989999999982047,,0.9900005019828322,0.009999498017167818,0.9610809731289979,0.366497947541986,5,0.1,0.5,0.5553605309995141,0.5646560955115572,0.5643912191091847,0.5618842393514394,0.5534167258132076,1.0,0.5590032551541381,0.5704135963512723,0.506289094318462,0.25265307835505857,0.5585011164509301,0.5601389016575691
6,6,0.1928206296567805,0.9446665169548619,4453,0.8980357224742571,0.9353099730458221,742,0.8945576862786144,0.9476,0.7592668119473481,0.08417207873325458,,,0.9607350095087024,,0.9607549821796094,0.03924501782039058,0.9610434206336992,0.36649634999276437,5,0.1,0.5,0.5396077168977991,0.5535185670225712,0.5559011119339096,0.5443141709772676,0.5441610094300176,0.5590032551541381,1.0,0.5600491476911896,0.49322468412052844,0.23422423793654898,0.5475863638164016,0.5457224851558077
6,7,0.18523171657223755,0.9451017068038344,4277,0.8998652152393175,0.9481065918653576,713,0.8944794463273436,0.9476,0.7724727983572679,0.08571497294837584,,,0.9884345855147523,,0.9884443552030521,0.011555644796947928,0.9610806100012389,0.3664979337937204,5,0.1,0.5,0.5459382652515989,0.5621275536382471,0.566706355215353,0.5546864448308682,0.5511031774201027,0.5704135963512723,0.5600491476911896,1.0,0.5138666187223506,0.24458291452752248,0.563685286997762,0.5527836930544643
6,8,0.25627851169836224,0.9269556793412449,4129,0.8640833849256689,0.9549418604651163,688,0.8987000291339886,0.9474,0.701368677397907,0.07868851100510973,,,0.8622885317259512,,0.8623010893027458,0.13769891069725415,0.9594463731917033,0.3664130948395135,5,0.1,0.5,0.4899482196939019,0.5010578385579968,0.5011066118228453,0.4957789558120708,0.4969032900866199,0.506289094318462,0.49322468412052844,0.5138666187223506,1.0,0.2114553000393582,0.4971302280388922,0.4945953719732877
6,9,0.39691852827719043,0.9119720069982504,4001,0.8883106878825596,0.9475262368815592,667,0.8951364148158235,0.9476,0.4205543915755343,0.07243392696430742,,,0.75,,0.750002509914161,0.24999749008583905,0.9595099685378944,0.3658892118175671,5,0.1,0.5,0.2488095515949658,0.24972299965182734,0.25397030359049516,0.2643187106168311,0.2508038276216222,0.25265307835505857,0.23422423793654898,0.24458291452752248,0.2114553000393582,1.0,0.24151662290075293,0.24030868068993
