round,client_id,client_i_training_loss,client_i_training_accuracy,client_i_training_dataset_size,client_i_evaluation_loss,client_i_evaluation_accuracy,client_i_evaluation_dataset_size,client_i_central_evaluation_loss,client_i_central_evaluation_accuracy,client_i_cosine_similarity,client_i_importance_coefficient,client_i_tanh_val,tanh_normalization_value,client_i_q,client_i_mask_order,client_i_v_nonzero_fraction,client_i_v_sparsity,client_i_v_cosine_similarity,client_i_reward_gradient_norm,local_epochs,learning_rate,gamma,client_0_cosine_similarity,client_1_cosine_similarity,client_2_cosine_similarity,client_3_cosine_similarity,client_4_cosine_similarity,client_5_cosine_similarity,client_6_cosine_similarity,client_7_cosine_similarity,client_8_cosine_similarity,client_9_cosine_similarity,client_10_cosine_similarity,client_11_cosine_similarity
0,0,2.226411854558521,0.16343316289262236,6845,2.295932878147472,0.1168736303871439,1369,2.2979811716683303,0.1,0.8966207797445083,0.07918201473631577,,,0.6,,0.6000148536911423,0.39998514630885773,0,0.14100828101589963,10,0.025,0.15,1.0,0.9246580181793695,0.8960670701870389,0.8490063953565474,0.8333524328193852,0.8036873077157559,0.7886213052113877,0.7889732961371572,0.780469992169162,0.7783591022867951,0.7298174789914074,0.7411201274993848
0,1,2.2678244806999386,0.14355604235122307,5478,2.2993898391723633,0.0885036496350365,1096,2.297929066645948,0.1,0.9416600010145254,0.08315950038340383,,,0.8085165510657085,,0.808560677328316,0.19143932267168395,0,0.1413356607112107,10,0.025,0.15,0.9246580181793695,1.0,0.9389842633180749,0.8978035227247932,0.9078071337272825,0.8847167426231126,0.8232306120182465,0.8641486120111567,0.8317229491839788,0.8281958617077397,0.8154314358539798,0.7935756173368206
0,2,2.2862185108034234,0.12236514522821577,4820,2.297709047794342,0.1016597510373444,964,2.297925236858899,0.1,0.9765401520071629,0.08623982229016462,,,0.9699999999475757,,0.9700285520951957,0.029971447904804327,0,0.14135733513729173,10,0.025,0.15,0.8960670701870389,0.9389842633180749,1.0,0.9484910236988089,0.9284371473986298,0.9224546838077816,0.8961112897837809,0.9276369272720664,0.9085260711464114,0.8992026625272639,0.8802559763758357,0.8621440825445946
0,3,2.2909835829053606,0.12689514298683613,4406,2.300923619951521,0.09307604994324631,881,2.297925330415557,0.1,0.9718606407246897,0.0858265671663729,,,0.9483354256991761,,0.9483834232806853,0.051616576719314744,0,0.14135717950150478,10,0.025,0.15,0.8490063953565474,0.8978035227247932,0.9484910236988089,1.0,0.9276096237573062,0.9259046175404579,0.9305799108969051,0.9381619415341372,0.9192046920620465,0.9221555627705359,0.881486361467281,0.8798245628113972
0,4,2.2919432105440083,0.11449416342412451,4112,2.298292262213571,0.09975669099756691,822,2.2979256291932697,0.1,0.9647707524857998,0.0852004477994198,,,0.9155116112253052,,0.9155567658563153,0.08444323414368471,0,0.1413562612265123,10,0.025,0.15,0.8333524328193852,0.9078071337272825,0.9284371473986298,0.9276096237573062,1.0,0.915694052021831,0.8767621424055569,0.9336928018614133,0.9266165613392022,0.8978709602182153,0.897451712343169,0.9099911673024418
0,5,2.293513568755119,0.1087168938030342,3889,2.2960453033447266,0.09254498714652956,778,2.2979264229158813,0.1,0.9528275880985918,0.084145727855526,,,0.8602187492128519,,0.8602597745539766,0.13974022544602338,0,0.14134995383607635,10,0.025,0.15,0.8036873077157559,0.8847167426231126,0.9224546838077816,0.9259046175404579,0.915694052021831,1.0,0.8806952761417183,0.9344658770189957,0.8857359844269465,0.9028476140666307,0.9102885989193716,0.8742412112471235
0,6,2.295171655457595,0.10870385340878469,3711,2.3008103370666504,0.07951482479784366,742,2.297931136964243,0.1,0.9331753310629511,0.08241020561317805,,,0.7692353631289431,,0.7692809163077025,0.23071908369229754,0,0.14131608516261213,10,0.025,0.15,0.7886213052113877,0.8232306120182465,0.8961112897837809,0.9305799108969051,0.8767621424055569,0.8806952761417183,1.0,0.8906358522630914,0.9214603371909736,0.9409512791706669,0.8380615490985925,0.855875814461494
0,7,2.2945126644202642,0.10241301907968575,3564,2.2952702840169272,0.11921458625525946,713,2.2979261030124714,0.1,0.9568068891674578,0.08449714629573322,,,0.8786415840473528,,0.8786866036209998,0.12131339637900018,0,0.14135346315146832,10,0.025,0.15,0.7889732961371572,0.8641486120111567,0.9276369272720664,0.9381619415341372,0.9336928018614133,0.9344658770189957,0.8906358522630914,1.0,0.9227266286031375,0.9026545432608108,0.9175666509317135,0.9002227319711873
0,8,2.2959464806097527,0.0991572217378669,3441,2.2979548374811807,0.09593023255813954,688,2.297927270961713,0.1,0.9483752232250187,0.0837525323943064,,,0.8396057869691728,,0.8396461520687891,0.16035384793121088,0,0.1413457641901388,10,0.025,0.15,0.780469992169162,0.8317229491839788,0.9085260711464114,0.9192046920620465,0.9266165613392022,0.8857359844269465,0.9214603371909736,0.9227266286031375,1.0,0.9249833817692925,0.9113121971121019,0.9235622382625079
0,9,2.296655480949967,0.10350929814037192,3334,2.296228051185608,0.10644677661169415,667,2.297928849353066,0.1,0.9424579639705839,0.08322996976797874,,,0.8122108530270592,,0.8122575960126092,0.18774240398739084,0,0.14133684201874205,10,0.025,0.15,0.7783591022867951,0.8281958617077397,0.8992026625272639,0.9221555627705359,0.8978709602182153,0.9028476140666307,0.9409512791706669,0.9026545432608108,0.9249833817692925,1.0,0.8829233947135212,0.9038684527341236
0,10,2.295158981359922,0.1177722925023141,3241,2.3031577269236245,0.08487654320987655,648,2.2979395993148226,0.1,0.9204676694561834,0.08128797169741053,,,0.7104031343373388,,0.7104437952831278,0.28955620471687216,0,0.14126356862497427,10,0.025,0.15,0.7298174789914074,0.8154314358539798,0.8802559763758357,0.881486361467281,0.897451712343169,0.9102885989193716,0.8380615490985925,0.9175666509317135,0.9113121971121019,0.8829233947135212,1.0,0.9025809484237087
0,11,2.2969446353912355,0.1060778727445394,3159,2.2949193954467773,0.11550632911392406,632,2.2979459732393677,0.1,0.9179778753661154,0.08106809400019016,,,0.6988762193089395,,0.6989156805466158,0.3010843194533842,0,0.14124283159005518,10,0.025,0.15,0.7411201274993848,0.7935756173368206,0.8621440825445946,0.8798245628113972,0.9099911673024418,0.8742412112471235,0.855875814461494,0.9002227319711873,0.9235622382625079,0.9038684527341236,0.9025809484237087,1.0
1,0,2.0939059295036175,0.22806428049671293,6845,2.285328973423351,0.1168736303871439,1369,2.2880800434305697,0.1,0.9103475121818129,0.0787588634003486,,,0.6,,0.6000148536911423,0.39998514630885773,0.898944660438738,0.14549416460306025,10,0.025,0.15,1.0,0.9506886756941878,0.9394542622726164,0.910389523592415,0.8960132171211361,0.873849425227764,0.8605141225492141,0.8520356977121178,0.8440509967039052,0.8353602534940385,0.8196619104585499,0.83739836742188
1,1,2.1306104197058566,0.22004381161007666,5478,2.2895323435465493,0.0885036496350365,1096,2.2879632485063772,0.1,0.9555251979665657,0.08269712043975769,,,0.8251978614927769,,0.8252463237114422,0.17475367628855776,0.9005332181967545,0.14579901870398745,10,0.025,0.15,0.9506886756941878,1.0,0.9689609570370585,0.9547864782961619,0.9462655102278829,0.9351497839258807,0.912383797988588,0.9116599086811756,0.8992011102353878,0.8903932660332102,0.8819140386685717,0.8910814779593594
1,2,2.1727487215870305,0.19572614107883818,4820,2.2875941693782806,0.1016597510373444,964,2.2879554229446604,0.1,0.9731434240925864,0.0851805672981537,,,0.9672066019191383,,0.9672476110313413,0.03275238896865873,0.9006766685887748,0.14580846086560142,10,0.025,0.15,0.9394542622726164,0.9689609570370585,1.0,0.9708709958086622,0.9600388879198714,0.9568550483816147,0.9369966150495523,0.9405405644299063,0.9274893886336631,0.9149531902818768,0.9102622520978676,0.9201076717764824
1,3,2.1907635385649544,0.19648206990467545,4406,2.291713612420218,0.09307604994324631,881,2.2879555315911015,0.1,0.9824930768248386,0.08522941820356507,,,0.9699999999428178,,0.9700285520951957,0.029971447904804327,0.9006778847070025,0.14580846870184802,10,0.025,0.15,0.910389523592415,0.9547864782961619,0.9708709958086622,1.0,0.9655763728894652,0.9708448952780656,0.9604176422569642,0.9573000471948259,0.9497207744077191,0.9399203283999261,0.9333027246648465,0.9419716611337304
1,4,2.209577734181375,0.18553015564202335,4112,2.288987330027989,0.09975669099756691,822,2.287956092931047,0.1,0.9853357502207428,0.08493413531960771,,,0.9531151005222878,,0.9531613605981086,0.04683863940189137,0.9006983520706602,0.1458083952623918,10,0.025,0.15,0.8960132171211361,0.9462655102278829,0.9600388879198714,0.9655763728894652,1.0,0.971666553892838,0.9603827792981564,0.9650286847075611,0.9604643722438277,0.9545446271418943,0.9513037872193641,0.9575922181505361
1,5,2.2249209092509363,0.1762406788377475,3889,2.285755464008876,0.09254498714652956,778,2.2879576351069195,0.1,0.9871909016417186,0.0843410471619432,,,0.9192010661039605,,0.9192536845406083,0.0807463154593917,0.9006666141696967,0.14580780459550302,10,0.025,0.15,0.873849425227764,0.9351497839258807,0.9568550483816147,0.9708448952780656,0.971666553892838,1.0,0.9708108791504012,0.9762794543062345,0.9708823828050409,0.9584747052777575,0.9604659321869832,0.9647528143885697
1,6,2.2365585203828484,0.1692535704661816,3711,2.2907296816507974,0.07951482479784366,742,2.2879664596123033,0.1,0.9833850994958969,0.08314144424324228,,,0.8506052357077623,,0.8506543876153224,0.14934561238467758,0.9004102254210156,0.14580245804482683,10,0.025,0.15,0.8605141225492141,0.912383797988588,0.9369966150495523,0.9604176422569642,0.9603827792981564,0.9708108791504012,1.0,0.976049745539325,0.9780757434082562,0.9754881127608077,0.9612786149746476,0.9746715623689174
1,7,2.232762917450496,0.16366442199775533,3564,2.286331534385681,0.11921458625525946,713,2.2879568172406546,0.1,0.9836302759075416,0.08444268605423924,,,0.9250129927914573,,0.9250713802379892,0.07492861976201082,0.9007065685213252,0.1458079278537777,10,0.025,0.15,0.8520356977121178,0.9116599086811756,0.9405405644299063,0.9573000471948259,0.9650286847075611,0.9762794543062345,0.976049745539325,1.0,0.9780800722339876,0.9679091610001147,0.9714308135333205,0.9725870622147035
1,8,2.244115103615655,0.16765475152571926,3441,2.2875008980433145,0.09593023255813954,688,2.287959696371344,0.1,0.9806056866548362,0.08388261320589616,,,0.8929868435419519,,0.8930369196745391,0.10696308032546087,0.9006260167531651,0.1458066628767291,10,0.025,0.15,0.8440509967039052,0.8992011102353878,0.9274893886336631,0.9497207744077191,0.9604643722438277,0.9708823828050409,0.9780757434082562,0.9780800722339876,1.0,0.9716960089823792,0.9756345219649478,0.9792452336714063
1,9,2.2490259373629535,0.15191961607678464,3334,2.285648465156555,0.10644677661169415,667,2.2879623944246315,0.1,0.9733069895298501,0.0833207421743366,,,0.8608578703754526,,0.8609034345034741,0.13909656549652594,0.9005559788247823,0.1458034197606505,10,0.025,0.15,0.8353602534940385,0.8903932660332102,0.9149531902818768,0.9399203283999261,0.9545446271418943,0.9584747052777575,0.9754881127608077,0.9679091610001147,0.9716960089823792,1.0,0.9692472756765715,0.9718834382298015
1,10,2.2471370100975037,0.16368404813329218,3241,2.2916603883107505,0.08487654320987655,648,2.2879797416397287,0.1,0.9696144888090986,0.0819968846514072,,,0.7851568990824361,,0.7852073740324471,0.21479262596755289,0.9002323143661392,0.1457843570560075,10,0.025,0.15,0.8196619104585499,0.8819140386685717,0.9102622520978676,0.9333027246648465,0.9513037872193641,0.9604659321869832,0.9612786149746476,0.9714308135333205,0.9756345219649478,0.9692472756765715,1.0,0.9724164922687283
1,11,2.2538064470291137,0.16805951250395695,3159,2.285101842880249,0.11550632911392406,632,2.28798541539832,0.1,0.9761712306150624,0.08207447784750255,,,0.7895938420377095,,0.789638725223218,0.21036127477678201,0.90039280014188,0.14578570891243678,10,0.025,0.15,0.83739836742188,0.8910814779593594,0.9201076717764824,0.9419716611337304,0.9575922181505361,0.9647528143885697,0.9746715623689174,0.9725870622147035,0.9792452336714063,0.9718834382298015,0.9724164922687283,1.0
2,0,2.0088183762850584,0.2680934989043097,6845,2.2692573937502774,0.1168736303871439,1369,2.2731982605366765,0.1006,0.9204432537222528,0.0787720202374612,,,0.6,,0.6000148536911423,0.39998514630885773,0.9587282393718954,0.14565204422257993,10,0.025,0.15,1.0,0.9466287488721545,0.940223326826891,0.9100886184753311,0.908595846149136,0.8882442773575724,0.8790199071842628,0.8695312942744333,0.8668891642886319,0.8528044281322956,0.8460034175375294,0.8512813616444342
2,1,2.0348384538362194,0.262175976633808,5478,2.2748142613304987,0.09032846715328467,1096,2.2729575151129615,0.1007,0.9620641487045052,0.08256736646722852,,,0.8334956524825513,,0.8335478866498325,0.16645211335016752,0.9604104480515332,0.1460517201302941,10,0.025,0.15,0.9466287488721545,1.0,0.9579897007858843,0.9505803760416343,0.9482691025906667,0.935936419360103,0.9290979144662307,0.9271482965360464,0.9212003294196656,0.9111621023700597,0.9073377008266169,0.9059440499229882
2,2,2.0702620010626944,0.2425103734439834,4820,2.2727391123771667,0.1016597510373444,964,2.2729451445084585,0.1007,0.9746062713799224,0.08451404997828982,,,0.9532586751620783,,0.9532933934082619,0.04670660659173809,0.9604662773543319,0.14606583654269373,10,0.025,0.15,0.940223326826891,0.9579897007858843,1.0,0.9612443416409798,0.9586688359509804,0.9534405505110711,0.9428871035846702,0.9456435417179871,0.9428586605429955,0.929638514969933,0.9263486882052071,0.9269194243012858
2,3,2.089401695387704,0.2471629596005447,4406,2.277684824807303,0.09307604994324631,881,2.27294526220877,0.1007,0.9820272535616854,0.08478617120708301,,,0.9699999999384784,,0.9700285520951957,0.029971447904804327,0.9604672666055887,0.1460660200076834,10,0.025,0.15,0.9100886184753311,0.9505803760416343,0.9612443416409798,1.0,0.9591157893998642,0.9650844999455004,0.9634810129241577,0.9600387750831175,0.9585823540944437,0.9488216935396949,0.9465141848067975,0.947534323767111
2,4,2.102620273286646,0.2427772373540856,4112,2.27488797051566,0.10097323600973236,822,2.2729459140874164,0.1007,0.9800982381599366,0.08454044220760773,,,0.9548823665019414,,0.9549272994339093,0.045072700566090695,0.9604688869862757,0.1460658623905358,10,0.025,0.15,0.908595846149136,0.9482691025906667,0.9586688359509804,0.9591157893998642,1.0,0.9573895143193675,0.9571150920164935,0.9578506414525801,0.9579562624746307,0.9467535910592699,0.9464250346738295,0.9506647266459767
2,5,2.117510170705857,0.23221907945487272,3889,2.270275729043143,0.09383033419023136,778,2.272948932044114,0.1007,0.984723733886407,0.084323923132125,,,0.9415617734007796,,0.9415919856084237,0.05840801439157628,0.9604522313105712,0.14606558260074554,10,0.025,0.15,0.8882442773575724,0.935936419360103,0.9534405505110711,0.9650844999455004,0.9573895143193675,1.0,0.9692582517287005,0.972802086556407,0.9704762401238962,0.9587122865675879,0.9659568051117974,0.9649022938310707
2,6,2.1280182369824114,0.22460253300997035,3711,2.275692621866862,0.07951482479784366,742,2.2729626697830008,0.1007,0.9841101315536775,0.08356105677136108,,,0.8946290384459291,,0.8946708257001865,0.10532917429981348,0.960438460586157,0.146062789833078,10,0.025,0.15,0.8790199071842628,0.9290979144662307,0.9428871035846702,0.9634810129241577,0.9571150920164935,0.9692582517287005,1.0,0.9708206315763686,0.9737544200534226,0.9693624047785175,0.9666069864975347,0.9739424075608462
2,7,2.1275866385017124,0.22334455667789002,3564,2.2726397116978965,0.11921458625525946,713,2.2729472057728826,0.1007,0.9830567012607851,0.0843325310675203,,,0.9420913470865446,,0.9421448730009407,0.05785512699905926,0.9604524719872699,0.14606560518017442,10,0.025,0.15,0.8695312942744333,0.9271482965360464,0.9456435417179871,0.9600387750831175,0.9578506414525801,0.972802086556407,0.9708206315763686,1.0,0.973718819510143,0.9616895047089843,0.9705460261565865,0.9722524569943196
2,8,2.1390732601836877,0.22664922987503633,3441,2.2718571027119956,0.09593023255813954,688,2.2729515667203106,0.1007,0.9832585320566395,0.08399227795341713,,,0.9211584418713042,,0.9212011684903698,0.07879883150963019,0.9604799755715592,0.14606470650451242,10,0.025,0.15,0.8668891642886319,0.9212003294196656,0.9428586605429955,0.9585823540944437,0.9579562624746307,0.9704762401238962,0.9737544200534226,0.973718819510143,1.0,0.9662577615529238,0.9752744484602984,0.9777048575069694
2,9,2.1524376017075997,0.2168266346730654,3334,2.2699081103006997,0.11094452773613193,667,2.272957083545154,0.1007,0.9745619676342538,0.08336088866701509,,,0.8823143827331279,,0.8823587661533892,0.11764123384661085,0.960449885748456,0.14606149567607624,10,0.025,0.15,0.8528044281322956,0.9111621023700597,0.929638514969933,0.9488216935396949,0.9467535910592699,0.9587122865675879,0.9693624047785175,0.9616895047089843,0.9662577615529238,1.0,0.9696770184532433,0.9683412672963916
2,10,2.1514344678475306,0.21548904659055848,3241,2.275591731071472,0.08487654320987655,648,2.2729836325102215,0.1007,0.9755898420904069,0.08257457640699982,,,0.8339392192849829,,0.8339934973841,0.1660065026159,0.960255467238956,0.1460517479058829,10,0.025,0.15,0.8460034175375294,0.9073377008266169,0.9263486882052071,0.9465141848067975,0.9464250346738295,0.9659568051117974,0.9666069864975347,0.9705460261565865,0.9752744484602984,0.9696770184532433,1.0,0.9745750874321377
2,11,2.145251660823822,0.23095916429249763,3159,2.270134782791138,0.11550632911392406,632,2.272989254963549,0.1007,0.9771874104841015,0.0826746959038912,,,0.8400987277560485,,0.8401412751068641,0.1598587248931359,0.9602578644835342,0.14605352172474725,10,0.025,0.15,0.8512813616444342,0.9059440499229882,0.9269194243012858,0.947534323767111,0.9506647266459767,0.9649022938310707,0.9739424075608462,0.9722524569943196,0.9777048575069694,0.9683412672963916,0.9745750874321377,1.0
3,0,1.950452670565358,0.2939663988312637,6845,2.2471355091441763,0.1701972242512783,1369,2.2525094973890085,0.1469,0.929404443566555,0.07911701653465876,,,0.6,,0.6000148536911423,0.39998514630885773,0.9779848651092774,0.1452960800131701,10,0.025,0.15,1.0,0.9490055764494315,0.9406494604236549,0.9182473912810121,0.9161740511437332,0.8935745849463179,0.8872111036479141,0.8768487935704397,0.8777864586365283,0.8672342736366013,0.859368308620763,0.8622172096113997
3,1,1.9705683184224505,0.2911464037970062,5478,2.254165119594998,0.13777372262773724,1096,2.2520302488834045,0.1482,0.9630836761583413,0.08256697617431169,,,0.8389199647086226,,0.8389612318661187,0.1610387681338813,0.9812483558586264,0.14581971019915937,10,0.025,0.15,0.9490055764494315,1.0,0.955958711051438,0.9495883705550113,0.9451412076653934,0.9335881838564565,0.9294707163491718,0.9245887018161286,0.9236072863933182,0.9147343474713369,0.9056550965605367,0.9056414722764338
3,2,2.002451799417797,0.27645228215767637,4820,2.25239098072052,0.1400414937759336,964,2.2519985120507737,0.1481,0.9736218289797013,0.08411682546432905,,,0.9462516370617182,,0.9463039065207705,0.053696093479229545,0.9814952022138618,0.14584017218946232,10,0.025,0.15,0.9406494604236549,0.955958711051438,1.0,0.9571882366911273,0.954274674244758,0.9469521016824283,0.9400554691410773,0.9415831382395441,0.9422870456338303,0.9302016636825989,0.923840020986539,0.9249635689575916
3,3,2.020519013745444,0.2781661370857921,4406,2.2580441747392928,0.1362088535754824,881,2.251998225344887,0.1481,0.9789670075426012,0.08445974738592694,,,0.9699999999307469,,0.9700285520951957,0.029971447904804327,0.9815061098764245,0.14584077366340115,10,0.025,0.15,0.9182473912810121,0.9495883705550113,0.9571882366911273,1.0,0.9521098955263823,0.9558731540360004,0.9566802502469145,0.9513876546426449,0.9529169137876243,0.9454382960722135,0.9407945811711621,0.9386038678485223
3,4,2.032730167201071,0.27704280155642025,4112,2.255328212465559,0.15085158150851583,822,2.2519992303244676,0.1481,0.9775329996977179,0.0842607261620946,,,0.9562171883210797,,0.9562558795860772,0.04374412041392284,0.9815006062950687,0.14584051384605684,10,0.025,0.15,0.9161740511437332,0.9451412076653934,0.954274674244758,0.9521098955263823,1.0,0.9503602570163798,0.9531360434379742,0.9522963518257775,0.9515356573979978,0.9437616881092733,0.9397806718644102,0.9436618315293388
3,5,2.0443678978950746,0.2674209308305477,3889,2.2481369291033064,0.13496143958868895,778,2.252004623413086,0.1482,0.9806039839091041,0.08422671670753872,,,0.9538619324540667,,0.9539040451552211,0.04609595484477891,0.981500432084367,0.14584044115589564,10,0.025,0.15,0.8935745849463179,0.9335881838564565,0.9469521016824283,0.9558731540360004,0.9503602570163798,1.0,0.9609776752135791,0.962686065460337,0.9644987576694284,0.9524101260872372,0.9578604787682753,0.9581325001817655
3,6,2.05004222146396,0.25966046887631367,3711,2.25456710656484,0.1293800539083558,742,2.252025990546504,0.1481,0.9812669020291339,0.08377565424042767,,,0.9226245152144851,,0.9226700335033255,0.07732996649667445,0.9814534635786604,0.1458386352897111,10,0.025,0.15,0.8872111036479141,0.9294707163491718,0.9400554691410773,0.9566802502469145,0.9531360434379742,0.9609776752135791,1.0,0.9628871320587942,0.9675853823340744,0.9599302300757617,0.9615080207535194,0.9652812215799491
3,7,2.051362129620143,0.26355218855218854,3564,2.253517230351766,0.1640953716690042,713,2.2520013187505024,0.1481,0.9794236064867787,0.08419355682464684,,,0.9515655119512849,,0.9516099750788071,0.04839002492119293,0.9815021291827272,0.1458403622951229,10,0.025,0.15,0.8768487935704397,0.9245887018161286,0.9415831382395441,0.9513876546426449,0.9522963518257775,0.962686065460337,0.9628871320587942,1.0,0.9670603146939434,0.9567027262051758,0.9623466920367442,0.9639385268049737
3,8,2.0634941030431677,0.26210403952339434,3441,2.2501384814580283,0.1511627906976744,688,2.252008745941935,0.1483,0.9812294079944559,0.0840416212430651,,,0.9410435210931125,,0.9410968625703487,0.05890313742965125,0.9814613858758128,0.14583995643898393,10,0.025,0.15,0.8777864586365283,0.9236072863933182,0.9422870456338303,0.9529169137876243,0.9515356573979978,0.9644987576694284,0.9675853823340744,0.9670603146939434,1.0,0.9610977325296705,0.9662505516203218,0.9689593419963451
3,9,2.070360592559532,0.25302939412117575,3334,2.248031814893087,0.15142428785607195,667,2.2520218589637855,0.1482,0.9730894579629153,0.0833849518972697,,,0.895567216060612,,0.8956115594725289,0.1043884405274711,0.9814243291090139,0.14583444458618647,10,0.025,0.15,0.8672342736366013,0.9147343474713369,0.9302016636825989,0.9454382960722135,0.9437616881092733,0.9524101260872372,0.9599302300757617,0.9567027262051758,0.9610977325296705,1.0,0.9598525645047103,0.957440128969501
3,10,2.075992607153379,0.2511570502931194,3241,2.253840923309326,0.14351851851851852,648,2.2520646867872793,0.1481,0.97257408638221,0.08288093669657834,,,0.8606626645471038,,0.8606971332376095,0.13930286676239045,0.9812929356442368,0.1458267569606376,10,0.025,0.15,0.859368308620763,0.9056550965605367,0.923840020986539,0.9407945811711621,0.9397806718644102,0.9578604787682753,0.9615080207535194,0.9623466920367442,0.9662505516203218,0.9598525645047103,1.0,0.9655136833647622
3,11,2.0592974400520325,0.2698005698005698,3159,2.2491976261138915,0.1629746835443038,632,2.2520709912988206,0.1481,0.9735645070164896,0.08297527066915276,,,0.8671955726829721,,0.867232757340199,0.132767242659801,0.9812987571932341,0.14582847324191642,10,0.025,0.15,0.8622172096113997,0.9056414722764338,0.9249635689575916,0.9386038678485223,0.9436618315293388,0.9581325001817655,0.9652812215799491,0.9639385268049737,0.9689593419963451,0.957440128969501,0.9655136833647622,1.0
4,0,1.90689462379173,0.312563915266618,6845,2.219029664993286,0.2191380569758948,1369,2.226062518131884,0.1893,0.9347119811415782,0.07957032660525018,,,0.6,,0.6000148536911423,0.39998514630885773,0.9853718542537409,0.14490133444976866,10,0.025,0.15,1.0,0.9458797236694187,0.9380408120153696,0.9208862912319141,0.9148866087792579,0.8994824382344464,0.8927312213096088,0.8834606637309586,0.8824868003469548,0.866681599893899,0.8670769050518515,0.8741429404057672
4,1,1.9188723697218784,0.31013143483023003,5478,2.2274629275004068,0.1897810218978102,1096,2.225199702419812,0.1927,0.9620284045788277,0.0826013137850883,,,0.8414022078568701,,0.841428595005859,0.15857140499414102,0.9880222082480263,0.14548706647136703,10,0.025,0.15,0.9458797236694187,1.0,0.9517185217890591,0.9429135501566661,0.9403531640917052,0.9323241659207336,0.9281048131656422,0.9228286047341088,0.9214650849757996,0.9033003458061799,0.903606725982534,0.9073423510546562
4,2,1.9491942286491395,0.2961203319502075,4820,2.2267341911792755,0.19190871369294607,964,2.225146507915062,0.1927,0.9736135261776981,0.08394054136237233,,,0.9480646497601847,,0.948111105609744,0.05188889439025601,0.9882902684979596,0.14551171877286057,10,0.025,0.15,0.9380408120153696,0.9517185217890591,1.0,0.952946014815372,0.9479852731074303,0.9438514864367548,0.9380100316849708,0.9405331573840343,0.9412041300501525,0.9273378808703155,0.9247471905394463,0.9264652462120452
4,3,1.969496260029929,0.2983658647299138,4406,2.2329401629311696,0.17707150964812712,881,2.225146658812897,0.1927,0.9755363777885525,0.08421595626313479,,,0.9699999999203552,,0.9700285520951957,0.029971447904804327,0.9882822264673661,0.14551238130977867,10,0.025,0.15,0.9208862912319141,0.9429135501566661,0.952946014815372,1.0,0.9413948548903962,0.9507606036348206,0.9488170366717537,0.9461514587280277,0.946793736324217,0.9321435790104441,0.9353987773064056,0.935806606204791
4,4,1.976863437349146,0.29839494163424124,4112,2.2300971916743686,0.18004866180048662,822,2.225147434427768,0.1927,0.973528354721487,0.08402699860539138,,,0.9549505150283877,,0.954993315838986,0.045006684161014054,0.9882874665707971,0.14551198374468197,10,0.025,0.15,0.9148866087792579,0.9403531640917052,0.9479852731074303,0.9413948548903962,1.0,0.9440385771559788,0.9487500425086509,0.944201200407789,0.9458681947602394,0.933058363084119,0.9311081354476868,0.9389422212326902
4,5,1.9926116912595688,0.28840318848032914,3889,2.2197976452963695,0.17223650385604114,778,2.225155700611163,0.1926,0.9774659147502821,0.0841344240211918,,,0.9635063851180619,,0.9635424402964137,0.03645755970358633,0.9882836376817715,0.14551225820535782,10,0.025,0.15,0.8994824382344464,0.9323241659207336,0.9438514864367548,0.9507606036348206,0.9440385771559788,1.0,0.9536397579766731,0.9543128300420016,0.9563339116158284,0.9402237701914853,0.9503949041476345,0.9500720218295763
4,6,1.9945861421782396,0.2849905685798976,3711,2.2273812294006348,0.16981132075471697,742,2.2251839849013315,0.1927,0.9786126390392733,0.0838921340212652,,,0.9442092593126521,,0.9442656500140285,0.05573434998597149,0.9882732039078732,0.14551155982341035,10,0.025,0.15,0.8927312213096088,0.9281048131656422,0.9380100316849708,0.9488170366717537,0.9487500425086509,0.9536397579766731,1.0,0.9555922031861201,0.9620213390487425,0.9466787489513014,0.9553540295107087,0.9589832440480452
4,7,1.9970373064279556,0.2894500561167228,3564,2.2286462783813477,0.20897615708274894,713,2.225149800505819,0.1927,0.9764609890912855,0.08408106141773089,,,0.9592563340528041,,0.9593008862702381,0.04069911372976187,0.9882882621270059,0.1455121440469207,10,0.025,0.15,0.8834606637309586,0.9228286047341088,0.9405331573840343,0.9461514587280277,0.944201200407789,0.9543128300420016,0.9555922031861201,1.0,0.9587861337649534,0.9451597178496022,0.9548587959855563,0.9570833694412926
4,8,2.008084883071758,0.28561464690496946,3441,2.2223997116088867,0.19767441860465115,688,2.2251604659647883,0.1926,0.9781997057825921,0.0840435905880851,,,0.9562719792964087,,0.9563218959911538,0.0436781040088462,0.9882942018007626,0.14551203906241753,10,0.025,0.15,0.8824868003469548,0.9214650849757996,0.9412041300501525,0.946793736324217,0.9458681947602394,0.9563339116158284,0.9620213390487425,0.9587861337649534,1.0,0.9458831006916399,0.9595362431080429,0.9628033858850228
4,9,2.0210417283905877,0.27729454109178164,3334,2.220277110735575,0.20389805097451275,667,2.2251780002932007,0.1927,0.9658541772705931,0.08323343199542796,,,0.8917471029516354,,0.8917908600287171,0.1082091399712829,0.9881694701639121,0.1455028873063786,10,0.025,0.15,0.866681599893899,0.9033003458061799,0.9273378808703155,0.9321435790104441,0.933058363084119,0.9402237701914853,0.9466787489513014,0.9451597178496022,0.9458831006916399,1.0,0.9515779296661775,0.9476397998477878
4,10,2.0181098960913144,0.2769207034865782,3241,2.2264782587687173,0.19444444444444445,648,2.2252392527423326,0.1926,0.9702755058900246,0.0830651823019103,,,0.8783468986364944,,0.8783895297981549,0.12161047020184512,0.9881066745489054,0.14549989423929316,10,0.025,0.15,0.8670769050518515,0.903606725982534,0.9247471905394463,0.9353987773064056,0.9311081354476868,0.9503949041476345,0.9553540295107087,0.9548587959855563,0.9595362431080429,0.9515779296661775,1.0,0.9574826836473379
4,11,1.9992324242591857,0.2974992086103197,3159,2.222345066070557,0.1930379746835443,632,2.225243797785119,0.1925,0.9724618082555029,0.08319503903315165,,,0.8886893051749511,,0.888729349243287,0.11127065075671305,0.9881410412507964,0.14550221205132063,10,0.025,0.15,0.8741429404057672,0.9073423510546562,0.9264652462120452,0.935806606204791,0.9389422212326902,0.9500720218295763,0.9589832440480452,0.9570833694412926,0.9628033858850228,0.9476397998477878,0.9574826836473379,1.0
5,0,1.8680956493925165,0.32885317750182613,6845,2.185297814282504,0.2717311906501096,1369,2.1940486340583125,0.2362,0.9362531332897066,0.0799281042454078,,,0.6,,0.6000148536911423,0.39998514630885773,0.988747735357841,0.144712846827125,10,0.025,0.15,1.0,0.9432613464585672,0.9338622906247578,0.9175247785182794,0.9159674696351001,0.8993757528424995,0.8936125335002293,0.8844018038090039,0.8834078973821906,0.8737254014934683,0.8712961986342997,0.8771911406145192
5,1,1.879781613793484,0.3267798466593647,5478,2.1948004828559027,0.229014598540146,1096,2.1927072971682007,0.2375,0.9607354770327048,0.08260765819189951,,,0.8387518437698841,,0.838796190853427,0.16120380914657295,0.9909958695867521,0.14534827838280862,10,0.025,0.15,0.9432613464585672,1.0,0.9478689424750252,0.9405686760928336,0.9366971305921772,0.9294952912333775,0.9231902029916952,0.9177939637799004,0.9196306141291787,0.9095806182593734,0.9029818061441494,0.9038113699733231
5,2,1.9047108534135317,0.31367219917012445,4820,2.195954740047455,0.23962655601659752,964,2.1926362967189355,0.2375,0.973363985979745,0.08385073753466243,,,0.9495118773290079,,0.9495552144707959,0.05044478552920406,0.9912091465554209,0.14538089690745296,10,0.025,0.15,0.9338622906247578,0.9478689424750252,1.0,0.9528856984865258,0.9462306380057617,0.9434527360977449,0.9343864096814999,0.938530958191276,0.9396611864978203,0.93264902315744,0.9258284467311642,0.9244974250106578
5,3,1.924553359576634,0.31386745347253747,4406,2.2024387632097517,0.20658342792281498,881,2.192633689204349,0.2375,0.9751739082063883,0.08408067933889589,,,0.9699999999108986,,0.9700285520951957,0.029971447904804327,0.9912296633747533,0.14538152313256358,10,0.025,0.15,0.9175247785182794,0.9405686760928336,0.9528856984865258,1.0,0.9410026073837988,0.9474560097192466,0.9453948749365962,0.9431763613709812,0.9454962130371426,0.9405653606633253,0.9338962056941211,0.9318672439989047
5,4,1.9326016603094158,0.31349708171206225,4112,2.1993790694645474,0.21289537712895376,822,2.1926357776303833,0.2375,0.9725768624711604,0.08387867099942266,,,0.9520007864338671,,0.95204733376244,0.047952666237560004,0.9912134275017306,0.14538101632142247,10,0.025,0.15,0.9159674696351001,0.9366971305921772,0.9462306380057617,0.9410026073837988,1.0,0.9421839678730135,0.9443236504502347,0.9396090068251213,0.9414530664534315,0.9348860714550216,0.9311180116341329,0.9363513339723148
5,5,1.9495071553414869,0.3041398817176652,3889,2.1854827063424245,0.2300771208226221,778,2.192645139332059,0.2375,0.9755642814062502,0.08404284745022515,,,0.966629127984524,,0.9666534633856513,0.03334653661434872,0.9912282950012582,0.14538146200829458,10,0.025,0.15,0.8993757528424995,0.9294952912333775,0.9434527360977449,0.9474560097192466,0.9421839678730135,1.0,0.9478108186561396,0.9509624745008837,0.9529312530574259,0.9417215899798448,0.9445413355529308,0.9435421282958427
5,6,1.948592130891208,0.3009431420102398,3711,2.194490114847819,0.2183288409703504,742,2.1926821938043908,0.2374,0.9756836129231008,0.08389644270940719,,,0.9535842695846002,,0.9536399795349144,0.04636002046508558,0.9912114280486394,0.14538108961437488,10,0.025,0.15,0.8936125335002293,0.9231902029916952,0.9343864096814999,0.9453948749365962,0.9443236504502347,0.9478108186561396,1.0,0.9502088283952795,0.9566405727971464,0.9486446305318038,0.9485269680856729,0.9520383210758153
5,7,1.949999571272305,0.30603254769921434,3564,2.1980504194895425,0.2482468443197756,713,2.192637021028543,0.2375,0.9744311550865645,0.08397274914997266,,,0.9603832755909454,,0.9604149131059068,0.039585086894093235,0.9912217940384057,0.14538132611426172,10,0.025,0.15,0.8844018038090039,0.9177939637799004,0.938530958191276,0.9431763613709812,0.9396090068251213,0.9509624745008837,0.9502088283952795,1.0,0.95453629022195,0.9489784700031405,0.9492006013339003,0.9522592033854432
5,8,1.9618947068850199,0.3003196745132229,3441,2.188838799794515,0.24854651162790697,688,2.1926502004454407,0.2374,0.9762935001466694,0.0840103087412279,,,0.9637298854530735,,0.9637652456635474,0.036234754336452624,0.9912223153250289,0.1453814078827311,10,0.025,0.15,0.8834078973821906,0.9196306141291787,0.9396611864978203,0.9454962130371426,0.9414530664534315,0.9529312530574259,0.9566405727971464,0.95453629022195,1.0,0.9476029800077154,0.9527685482110486,0.9570887452904581
5,9,1.970129990136182,0.29487102579484104,3334,2.186776876449585,0.24587706146926536,667,2.1926802321325374,0.2377,0.9701276480517542,0.0833064295117259,,,0.901013303816433,,0.9010579128913535,0.09894208710864649,0.9911473215440252,0.14537430554598024,10,0.025,0.15,0.8737254014934683,0.9095806182593734,0.93264902315744,0.9405653606633253,0.9348860714550216,0.9417215899798448,0.9486446305318038,0.9489784700031405,0.9476029800077154,1.0,0.9536816302569084,0.9478100756928831
5,10,1.9726741547767932,0.29111385374884297,3241,2.1936444441477456,0.24537037037037038,648,2.1927568821967403,0.2376,0.9686812568476724,0.0831548349588347,,,0.8875060262131469,,0.8875575580531763,0.11244244194682373,0.9911491542753499,0.14537025114913024,10,0.025,0.15,0.8712961986342997,0.9029818061441494,0.9258284467311642,0.9338962056941211,0.9311180116341329,0.9445413355529308,0.9485269680856729,0.9492006013339003,0.9527685482110486,0.9536816302569084,1.0,0.9491913032884666
5,11,1.9479132146835327,0.3126622348844571,3159,2.1900401592254637,0.23417721518987342,632,2.1927643999268738,0.2373,0.9697577805766198,0.08327053716831817,,,0.897815247969475,,0.8978561172451354,0.10214388275486463,0.9911573234629629,0.14537298938226567,10,0.025,0.15,0.8771911406145192,0.9038113699733231,0.9244974250106578,0.9318672439989047,0.9363513339723148,0.9435421282958427,0.9520383210758153,0.9522592033854432,0.9570887452904581,0.9478100756928831,0.9491913032884666,1.0
6,0,1.836700686260506,0.337136596055515,6845,2.14722000468861,0.295836376917458,1369,2.157652414297756,0.2717,0.9348080696847612,0.08017767771319192,,,0.6,,0.6000148536911423,0.39998514630885773,0.9895580529482265,0.14431443700043417,10,0.025,0.15,1.0,0.936272812784886,0.9298114973102082,0.9124313733831371,0.9088259310482705,0.8941459366218797,0.8884546808558857,0.8811922213309042,0.8808353290387757,0.8701546083426199,0.8715525837415861,0.8760490147726487
6,1,1.8392940751341886,0.3370573201898503,5478,2.1572538481818304,0.270985401459854,1096,2.1557459710519526,0.2746,0.9615728022726853,0.08271611221366597,,,0.848191428436737,,0.8482282847287551,0.1517717152712449,0.9924128300631034,0.1449935788057247,10,0.025,0.15,0.936272812784886,1.0,0.9429575177925843,0.9382957246298507,0.9321489379906571,0.9270029480561025,0.9232539289460234,0.9177733454483571,0.9193636154617146,0.9070777580071439,0.9071654888041626,0.9054160525007342
6,2,1.8687448147096133,0.32558091286307056,4820,2.1613078117370605,0.27800829875518673,964,2.1556442810010306,0.2744,0.9713435197765886,0.08380726108432257,,,0.9548767877772364,,0.9549272994339093,0.045072700566090695,0.9927135465619719,0.14502038681176893,10,0.025,0.15,0.9298114973102082,0.9429575177925843,1.0,0.9451918562233554,0.9402122066064045,0.9367810152337922,0.9288626650745294,0.9346943409683695,0.9343754760180166,0.9288281808689934,0.9252920294507838,0.9215335487754147
6,3,1.882571281364986,0.32852927825692235,4406,2.167647157396589,0.23382519863791146,881,2.1556398415867286,0.2744,0.9717077241681125,0.08396193718920605,,,0.9699999999022265,,0.9700285520951957,0.029971447904804327,0.9927131122958281,0.14502075488845795,10,0.025,0.15,0.9124313733831371,0.9382957246298507,0.9451918562233554,1.0,0.9344494175394051,0.9419587976356629,0.938724677965752,0.9363837914188048,0.9375917192455087,0.9311204560357637,0.9306476398460972,0.9249709272406523
6,4,1.8940710251981563,0.32599708171206226,4112,2.164482423237392,0.25060827250608275,822,2.15564288368708,0.2744,0.9696150974538861,0.08376812108443378,,,0.9510499360386556,,0.9510900958888284,0.048909904111171576,0.9927151640904627,0.14502025561784437,10,0.025,0.15,0.9088259310482705,0.9321489379906571,0.9402122066064045,0.9344494175394051,1.0,0.9353394875682883,0.9395398943904906,0.9351891062020712,0.9342912377653979,0.9287837107043035,0.9283173187552501,0.9304653445884485
6,5,1.9104021710734214,0.3177166366675238,3889,2.1465306963239397,0.2866323907455013,778,2.1556530300574965,0.2744,0.9719508123253262,0.08394639089063545,,,0.9684799850866299,,0.9685266788797016,0.031473321120298436,0.9927124030299662,0.14502073945325392,10,0.025,0.15,0.8941459366218797,0.9270029480561025,0.9367810152337922,0.9419587976356629,0.9353394875682883,1.0,0.9418863301962599,0.9437393435974151,0.9442691319441334,0.933515260071408,0.9382334491652011,0.9368360437677766
6,6,1.9085061245951158,0.31228779304769605,3711,2.157062609990438,0.2722371967654987,742,2.155695332756525,0.2744,0.9731455762658813,0.08389453066748996,,,0.9634094335876162,,0.9634516677394332,0.03654833226056675,0.9927161507400014,0.14502064629929545,10,0.025,0.15,0.8884546808558857,0.9232539289460234,0.9288626650745294,0.938724677965752,0.9395398943904906,0.9418863301962599,1.0,0.9437801862141143,0.9508480002784514,0.9412380957545792,0.9433111344007592,0.947524644333061
6,7,1.913478891338621,0.3165263748597082,3564,2.1627716620763144,0.27489481065918653,713,2.1556424551372286,0.2744,0.9714917815039498,0.08388786491696174,,,0.9627577003461658,,0.9627915036886666,0.03720849631133338,0.992712069794849,0.14502062972152321,10,0.025,0.15,0.8811922213309042,0.9177733454483571,0.9346943409683695,0.9363837914188048,0.9351891062020712,0.9437393435974151,0.9437801862141143,1.0,0.9457598711416888,0.9407503455770144,0.9431510445079957,0.9454646455405762
6,8,1.9250360656667638,0.31293228712583554,3441,2.150745153427124,0.2761627906976744,688,2.155657686764681,0.2744,0.9726458467841278,0.08394890065625066,,,0.9687253734600402,,0.96875773629747,0.031242263702530026,0.9927120332509943,0.1450207398128724,10,0.025,0.15,0.8808353290387757,0.9193636154617146,0.9343754760180166,0.9375917192455087,0.9342912377653979,0.9442691319441334,0.9508480002784514,0.9457598711416888,1.0,0.9364861554342748,0.9462928373724111,0.9510831200843096
6,9,1.9316056189713655,0.30896820635872824,3334,2.1489337682724,0.2893553223388306,667,2.155701770058161,0.2746,0.9661230538156271,0.08329868964742704,,,0.9051520178997177,,0.9051921902592794,0.09480780974072056,0.992656647185448,0.14501532483001,10,0.025,0.15,0.8701546083426199,0.9070777580071439,0.9288281808689934,0.9311204560357637,0.9287837107043035,0.933515260071408,0.9412380957545792,0.9407503455770144,0.9364861554342748,1.0,0.9479522591293776,0.939925984207846
