round,client_id,client_i_training_loss,client_i_training_accuracy,client_i_training_dataset_size,client_i_evaluation_loss,client_i_evaluation_accuracy,client_i_evaluation_dataset_size,client_i_central_evaluation_loss,client_i_central_evaluation_accuracy,client_i_cosine_similarity,client_i_importance_coefficient,client_i_tanh_val,tanh_normalization_value,client_i_q,client_i_mask_order,client_i_v_nonzero_fraction,client_i_v_sparsity,client_i_v_cosine_similarity,client_i_reward_gradient_norm,local_epochs,learning_rate,gamma,client_0_cosine_similarity,client_1_cosine_similarity,client_2_cosine_similarity,client_3_cosine_similarity,client_4_cosine_similarity,client_5_cosine_similarity,client_6_cosine_similarity,client_7_cosine_similarity,client_8_cosine_similarity,client_9_cosine_similarity,client_10_cosine_similarity,client_11_cosine_similarity
0,0,0.2741236994564823,0.9147796445093742,8214,2.1753796865773753,0.2534696859021183,1369,2.174093624273428,0.2643,0.7975241087577407,0.08438826676349578,,,0.9999999998820306,,1.0,0.0,0,0.3944643433971703,5,0.1,0.5,1.0,0.5642592909170558,0.5660422416486003,0.5759251482084925,0.5632615960317904,0.5759107897781884,0.5552104283199452,0.5802742207943369,0.5766050558813708,0.5736203011694455,0.569409074840158,0.5797032281532015
0,1,0.30202971266003925,0.9046851232126559,6574,2.176523562840053,0.2527372262773723,1096,2.17409353896071,0.2643,0.7967589556049444,0.08430730375853575,,,0.9904488413593797,,0.9904623261884443,0.00953767381155568,0,0.3944643260517671,5,0.1,0.5,0.5642592909170558,1.0,0.6014558276050231,0.5714744383903327,0.5913879118493626,0.5833493623776623,0.5832708469942927,0.595465985337952,0.5879546645981637,0.58235404803699,0.5831475148812488,0.5792936309670708
0,2,0.31875862319701614,0.8994639460487636,5783,2.17472509414919,0.2769709543568465,964,2.174093529820061,0.2643,0.7967480466577072,0.08430614945217754,,,0.9903126685108501,,0.9903318106520757,0.00966818934792435,0,0.39446432577095814,5,0.1,0.5,0.5660422416486003,0.6014558276050231,1.0,0.5886037875484577,0.6003227460158851,0.5974605412318129,0.590369626772447,0.5902033563247086,0.5862900386037095,0.5832832463812404,0.5945359430581147,0.5923078860223285
0,3,0.3358481050850487,0.8940041611499906,5287,2.1760138869285583,0.25312145289443816,881,2.174220661004892,0.2638,0.7810605629002751,0.0826462127184376,,,0.7944908991811753,,0.794498268159229,0.20550173184077103,0,0.3942366642043256,5,0.1,0.5,0.5759251482084925,0.5714744383903327,0.5886037875484577,1.0,0.5773051051405906,0.5909067366783768,0.5643499469756623,0.6013429780637909,0.5700181214350872,0.5794863824664368,0.5740728877167248,0.5795810400239402
0,4,0.3289850885547217,0.897710233029382,4935,2.1745914954405565,0.2542579075425791,822,2.174100718178307,0.2643,0.7934313118243282,0.0839551964203765,,,0.9489109438294191,,0.9489232468249585,0.051076753175041456,0,0.3944617305430288,5,0.1,0.5,0.5632615960317904,0.5913879118493626,0.6003227460158851,0.5773051051405906,1.0,0.6058872875753706,0.5987403235887346,0.6217397160152401,0.6066583240950232,0.6004729723146535,0.5872481424957199,0.590902271600748
0,5,0.3474928502605794,0.8914506106706663,4667,2.174026861190796,0.2879177377892031,778,2.1740992731941393,0.2642,0.7910945457406563,0.0837079366354153,,,0.9197418510615972,,0.9197530244465639,0.08024697555343607,0,0.3944543297177841,5,0.1,0.5,0.5759107897781884,0.5833493623776623,0.5974605412318129,0.5909067366783768,0.6058872875753706,1.0,0.5953958949195794,0.6110257038950375,0.5941728840794056,0.5839443421032481,0.5970430673658347,0.5985262541946781
0,6,0.35547466884101075,0.891219402649899,4453,2.1705851753552756,0.26549865229110514,742,2.1743077386301546,0.2632,0.7789080916100416,0.08241845368338607,,,0.767622298518232,,0.7676371668088952,0.23236283319110485,0,0.3941195558801806,5,0.1,0.5,0.5552104283199452,0.5832708469942927,0.590369626772447,0.5643499469756623,0.5987403235887346,0.5953958949195794,1.0,0.6046200610733931,0.592507416616942,0.5778557490063236,0.5913237373407129,0.5926805587790415
0,7,0.3561065374442668,0.8873977086743045,4277,2.1671356843865435,0.3015427769985975,713,2.1740937507190643,0.2643,0.7965860983390652,0.08428901324555332,,,0.9882911201996727,,0.9883038000100397,0.011696199989960299,0,0.39446431214124705,5,0.1,0.5,0.5802742207943369,0.595465985337952,0.5902033563247086,0.6013429780637909,0.6217397160152401,0.6110257038950375,0.6046200610733931,1.0,0.6147725793133676,0.6129166245947297,0.592470840057962,0.5933673847798395
0,8,0.3817929337531901,0.8812303221118915,4129,2.1693117076700386,0.25,688,2.174193393688994,0.2642,0.7831494646036568,0.08286724527689186,,,0.8205659813190708,,0.8205863159479946,0.17941368405200542,0,0.394322448862294,5,0.1,0.5,0.5766050558813708,0.5879546645981637,0.5862900386037095,0.5700181214350872,0.6066583240950232,0.5941728840794056,0.592507416616942,0.6147725793133676,1.0,0.5902648925928737,0.5896748754027726,0.5926455388058545
0,9,0.3922209977684173,0.8769807548112972,4001,2.1728910378047397,0.25337331334332835,667,2.174325178987302,0.2631,0.7786774344591881,0.0823940472021733,,,0.764743080149814,,0.764750765523819,0.23524923447618096,0,0.3941041705261034,5,0.1,0.5,0.5736203011694455,0.58235404803699,0.5832832463812404,0.5794863824664368,0.6004729723146535,0.5839443421032481,0.5778557490063236,0.6129166245947297,0.5902648925928737,1.0,0.5940715265295695,0.5936396824328861
0,10,0.3964798999889219,0.8749807148367189,3889,2.178883529844738,0.2700617283950617,648,2.174357646570419,0.2627,0.7774963511139787,0.08226907345490853,,,0.75,,0.750002509914161,0.24999749008583905,0,0.39401942872613016,5,0.1,0.5,0.569409074840158,0.5831475148812488,0.5945359430581147,0.5740728877167248,0.5872481424957199,0.5970430673658347,0.5913237373407129,0.592470840057962,0.5896748754027726,0.5940715265295695,1.0,0.5979975455346687
0,11,0.3807094647823011,0.8817198628330256,3791,2.179430830478668,0.25949367088607594,632,2.17429054050019,0.2634,0.7792166336981887,0.0824511013886484,,,0.7714737292860898,,0.7714873751317705,0.22851262486822954,0,0.3941379174515035,5,0.1,0.5,0.5797032281532015,0.5792936309670708,0.5923078860223285,0.5795810400239402,0.590902271600748,0.5985262541946781,0.5926805587790415,0.5933673847798395,0.5926455388058545,0.5936396824328861,0.5979975455346687,1.0
1,0,0.24918991856762582,0.9236912588263939,8214,2.0087048647015595,0.6092037983929875,1369,2.00796704132336,0.6,0.7903054926548937,0.08343231746370543,,,0.900350303053074,,0.9003714672958185,0.09962853270418148,0.9578832039522523,0.4037440562485522,5,0.1,0.5,1.0,0.6116236249320093,0.6102356322948133,0.606205939449336,0.6040591649200853,0.613989841470752,0.5990660405689884,0.6124353421633335,0.5687308052017543,0.6094501591643887,0.6114522555946554,0.6057313208364792
1,1,0.26765019306054033,0.9156373592941892,6574,2.007924403463091,0.6076642335766423,1096,2.0079522033849844,0.6,0.8067600248958384,0.08395222602899124,,,0.9459633947138055,,0.9459816274283419,0.05401837257165809,0.9579170719385321,0.4037623450512149,5,0.1,0.5,0.6116236249320093,1.0,0.6336636964527833,0.6235438497604806,0.6294949518618325,0.6322159397365913,0.6266648724986935,0.6329179828092077,0.5756155073123614,0.61612309446109,0.6213652451326871,0.6095255400527093
1,2,0.2775360668644062,0.9136780217879993,5783,2.009506860086995,0.5902489626556017,964,2.0079464101182007,0.6001,0.8135509701799967,0.08418816144054245,,,0.9666626950747857,,0.9666783795994177,0.033321620400582286,0.9579189165462445,0.4037648546124943,5,0.1,0.5,0.6102356322948133,0.6336636964527833,1.0,0.6326917995373125,0.6368770503084022,0.6357513788832337,0.6241559488435754,0.637095912542288,0.5940422378263515,0.6311114522081176,0.6239285134335548,0.6193680545988388
1,3,0.30019111015598277,0.9058823529411765,5287,2.009333942617689,0.5936435868331441,881,2.0081045010600227,0.6007,0.8089832935513738,0.08292966254947338,,,0.8562509244171805,,0.8562722754881783,0.1437277245118217,0.9572756596743739,0.40369326535419,5,0.1,0.5,0.606205939449336,0.6235438497604806,0.6326917995373125,1.0,0.629300484272657,0.6344291634601217,0.6222735426030266,0.6331235428576165,0.5852461411667865,0.6349692641737179,0.6241848185061134,0.6162281212601541
1,4,0.29311674626724377,0.9114488348530901,4935,2.009667382790492,0.5924574209245742,822,2.007958833782818,0.6,0.8159704555677122,0.08404007480478622,,,0.9536706235039607,,0.9536820440740926,0.04631795592590737,0.9579051315620557,0.40376356009415015,5,0.1,0.5,0.6040591649200853,0.6294949518618325,0.6368770503084022,0.629300484272657,1.0,0.6411054127110755,0.624440873538309,0.6481197000805005,0.5950252349768195,0.6361601102696773,0.6302203589462354,0.6292927343665192
1,5,0.30849974017513737,0.906578101564174,4667,2.008760666847229,0.6002570694087404,778,2.0079529818635398,0.6003,0.8213012302518824,0.08406213253541892,,,0.9556058124128487,,0.9556247176346568,0.04437528236534316,0.9578942552503596,0.40376380617254454,5,0.1,0.5,0.613989841470752,0.6322159397365913,0.6357513788832337,0.6344291634601217,0.6411054127110755,1.0,0.6331859325162158,0.651592845681295,0.5979714735251465,0.6373333422855956,0.6445930665055075,0.6348762306470133
1,6,0.31263163303823344,0.9057264765326746,4453,2.006109540661176,0.5929919137466307,742,2.0082522573562476,0.5995,0.8056419070626318,0.08266236460156899,,,0.832800097459202,,0.8328196375683952,0.16718036243160483,0.9569622610388528,0.4036453455914275,5,0.1,0.5,0.5990660405689884,0.6266648724986935,0.6241559488435754,0.6222735426030266,0.624440873538309,0.6331859325162158,1.0,0.6339236191311093,0.5882809730888204,0.6235664167199155,0.6234067885051313,0.6119036929960416
1,7,0.3112511397436706,0.9017068038344634,4277,2.002568949823794,0.6100981767180925,713,2.0079467094744357,0.6002,0.8247784079916716,0.08456814774924233,,,0.9999999999122671,,1.0,0.0,0.9579231161387602,0.40376556496074195,5,0.1,0.5,0.6124353421633335,0.6329179828092077,0.637095912542288,0.6331235428576165,0.6481197000805005,0.651592845681295,0.6339236191311093,1.0,0.6036877130156477,0.6469059601103666,0.6476052256781477,0.6410873765405013
1,8,0.3779439777117939,0.8856381690481957,4129,1.9974207878112793,0.623546511627907,688,2.00830824611286,0.5995,0.7700378658877312,0.0817185899459124,,,0.75,,0.750002509914161,0.24999749008583905,0.9568315663819212,0.403288938604157,5,0.1,0.5,0.5687308052017543,0.5756155073123614,0.5940422378263515,0.5852461411667865,0.5950252349768195,0.5979714735251465,0.5882809730888204,0.6036877130156477,1.0,0.5896805563402832,0.5773714037731852,0.588516917284785
1,9,0.347263415777568,0.8965258685328668,4001,2.0062262330736433,0.6086956521739131,667,2.0082276537776376,0.5994,0.8145419539914335,0.0829564144708961,,,0.8585979483468295,,0.8586115154861703,0.14138848451382968,0.9569134664222947,0.4036972076319869,5,0.1,0.5,0.6094501591643887,0.61612309446109,0.6311114522081176,0.6349692641737179,0.6361601102696773,0.6373333422855956,0.6235664167199155,0.6469059601103666,0.5896805563402832,1.0,0.6436246999776796,0.6285006868403765
1,10,0.3463635431388851,0.8917973772177937,3889,2.017924808320545,0.5910493827160493,648,2.0082881340203573,0.5991,0.8123194026852282,0.08279618322296292,,,0.8445403946020247,,0.8445509763566086,0.15544902364339142,0.9567084218272262,0.4036719394413391,5,0.1,0.5,0.6114522555946554,0.6213652451326871,0.6239285134335548,0.6241848185061134,0.6302203589462354,0.6445930665055075,0.6234067885051313,0.6476052256781477,0.5773714037731852,0.6436246999776796,1.0,0.6285119808728876
1,11,0.33543229273387365,0.8961751516750198,3791,2.014948344230652,0.564873417721519,632,2.0082337867718536,0.5998,0.8059213393674831,0.0826937251864996,,,0.8355514528522177,,0.8355755233171026,0.1644244766828974,0.9570470216395935,0.40365229226291266,5,0.1,0.5,0.6057313208364792,0.6095255400527093,0.6193680545988388,0.6162281212601541,0.6292927343665192,0.6348762306470133,0.6119036929960416,0.6410873765405013,0.588516917284785,0.6285006868403765,0.6285119808728876,1.0
2,0,0.22766429403169872,0.9293644996347699,8214,1.8093098207961682,0.8151935719503287,1369,1.809220787435294,0.8083,0.7949283780607598,0.0833890629603336,,,0.9381776596629935,,0.9381958737011195,0.061804126298880546,0.9658397231745911,0.3977149544567749,5,0.1,0.5,1.0,0.6252013479210048,0.6088088742703417,0.6081154320747744,0.609682684667916,0.619031128442305,0.6057354948380159,0.6159538293163506,0.48576011026021365,0.5801383568293459,0.6121015285508676,0.6140188922490561
2,1,0.2401105353504745,0.9264983267417097,6574,1.8058990035738265,0.8257299270072993,1096,1.8092033440312638,0.8083,0.8093001472662256,0.08423867071167648,,,0.9714682819404252,,0.9714823553034486,0.02851764469655138,0.9658979944544092,0.39771970825815606,5,0.1,0.5,0.6252013479210048,1.0,0.6285682621364331,0.6242136696016507,0.6301024433286855,0.6281138089678501,0.6152286575269156,0.6330934670651582,0.5144224017210085,0.5745175328704084,0.626756344629074,0.6192840194606981
2,2,0.251074987966876,0.9220819643783503,5783,1.8117067544691023,0.7852697095435685,964,1.8091960650282546,0.8083,0.8068688307984602,0.08431054415175444,,,0.97428453631385,,0.9742934591636966,0.025706540836303415,0.9659075016007075,0.3977198450020989,5,0.1,0.5,0.6088088742703417,0.6285682621364331,1.0,0.6247390197889379,0.6205847961837905,0.6261014281990779,0.6253492486830536,0.632133097493413,0.5072289882035025,0.5810211276200491,0.620228970341552,0.6205526630406779
2,3,0.27008320299392363,0.9178362020049177,5287,1.8098047886575972,0.8059023836549376,881,1.8093900341576281,0.8084,0.8043747891029691,0.08338541815390095,,,0.9380348433174128,,0.9380502986797852,0.06194970132021482,0.9657061008623931,0.39771492983035855,5,0.1,0.5,0.6081154320747744,0.6242136696016507,0.6247390197889379,1.0,0.6144687901083191,0.633405446311886,0.617631940359992,0.6305468052573686,0.5029053615164079,0.58520453036081,0.6196520997532052,0.6161745808353509
2,4,0.26546518564464583,0.9207294832826748,4935,1.8122331316654499,0.8150851581508516,822,1.809210345387078,0.8084,0.8068419240544551,0.0842110244603074,,,0.9703850044982639,,0.9704030922142463,0.029596907785753745,0.9659015744840164,0.3977196510075606,5,0.1,0.5,0.609682684667916,0.6301024433286855,0.6205847961837905,0.6144687901083191,1.0,0.6261941417373127,0.622468082084375,0.6289204574249,0.5111497847700613,0.5779146738969291,0.6262536205593799,0.628114618702496
2,5,0.27721341306802955,0.9160488536533105,4667,1.8122318267822266,0.7956298200514139,778,1.8091978116538197,0.8084,0.8170857332198401,0.0845846028395,,,0.9850231203735711,,0.9850409116008233,0.014959088399176701,0.9659027975901149,0.39772013551413726,5,0.1,0.5,0.619031128442305,0.6281138089678501,0.6261014281990779,0.633405446311886,0.6261941417373127,1.0,0.6298368267560324,0.6419584149768147,0.5199233694278291,0.5874328266212504,0.6379952528925231,0.6438571097799464
2,6,0.28183575144303696,0.9139007410734337,4453,1.8088505864143372,0.7978436657681941,742,1.8095714924053643,0.8074,0.8068231029697847,0.08329326308677718,,,0.9344238834059478,,0.9344310024597159,0.06556899754028411,0.9655260222432137,0.3977138804265564,5,0.1,0.5,0.6057354948380159,0.6152286575269156,0.6253492486830536,0.617631940359992,0.622468082084375,0.6298368267560324,1.0,0.6295916792487416,0.5197727262758375,0.583981578223084,0.6264654683571336,0.6260743191230063
2,7,0.27687637542249327,0.9160158989946224,4277,1.8064410634662793,0.8050490883590463,713,1.8091960193250125,0.8083,0.8183811173202215,0.08496682678479642,,,0.9999999999608165,,1.0,0.0,0.9659113274379973,0.3977201940891718,5,0.1,0.5,0.6159538293163506,0.6330934670651582,0.632133097493413,0.6305468052573686,0.6289204574249,0.6419584149768147,0.6295916792487416,1.0,0.5213892616784531,0.5949731946164071,0.6384689775200731,0.6368892017305399
2,8,0.391130272261082,0.8918382174860741,4129,1.7927082777023315,0.8284883720930233,688,1.8100881530834845,0.8068,0.6904141345241995,0.07858659345565196,,,0.75,,0.750002509914161,0.24999749008583905,0.9644660053024465,0.3971879635191409,5,0.1,0.5,0.48576011026021365,0.5144224017210085,0.5072289882035025,0.5029053615164079,0.5111497847700613,0.5199233694278291,0.5197727262758375,0.5213892616784531,1.0,0.483638697487414,0.513887304037446,0.5193974925456251
2,9,0.3557580277501118,0.9007748062984254,4001,1.8063453946794783,0.8215892053973014,667,1.809545477358297,0.8075,0.7670037412995983,0.08209391933018201,,,0.8874293733882394,,0.8874403895386778,0.11255961046132223,0.9656795016883526,0.3976846588399773,5,0.1,0.5,0.5801383568293459,0.5745175328704084,0.5810211276200491,0.58520453036081,0.5779146738969291,0.5874328266212504,0.583981578223084,0.5949731946164071,0.483638697487414,1.0,0.5819669130220773,0.5904229454325093
2,10,0.3129409509329278,0.9036256106968372,3889,1.8252637613387335,0.7993827160493827,648,1.8096156295496053,0.8076,0.8097538079856703,0.08348502048862168,,,0.9419376133873623,,0.9419507052858792,0.05804929471412079,0.9656273725693727,0.3977158603150006,5,0.1,0.5,0.6121015285508676,0.626756344629074,0.620228970341552,0.6196520997532052,0.6262536205593799,0.6379952528925231,0.6264654683571336,0.6384689775200731,0.513887304037446,0.5819669130220773,1.0,0.6253394618300233
2,11,0.29412413939301457,0.9088367185439198,3791,1.8175164997577666,0.7927215189873418,632,1.8095576020475395,0.8074,0.8108451764666839,0.08345505357649775,,,0.9407634042882083,,0.9407810852868832,0.0592189147131168,0.9655453835744718,0.39771559743895557,5,0.1,0.5,0.6140188922490561,0.6192840194606981,0.6205526630406779,0.6161745808353509,0.628114618702496,0.6438571097799464,0.6260743191230063,0.6368892017305399,0.5193974925456251,0.5904229454325093,0.6253394618300233,1.0
3,0,0.21167940274949987,0.9352568785001217,8214,1.5748918111934218,0.8962746530314097,1369,1.575866328260769,0.8885,0.7948962285174502,0.08306187225617832,,,0.904492517944358,,0.9045027860047187,0.09549721399528133,0.9672862721258401,0.4018676923222763,5,0.1,0.5,1.0,0.6103558748140201,0.609299430224352,0.6080210447648189,0.6005369262286839,0.6104421401399996,0.5900819232515416,0.6087986354273377,0.6050309558157997,0.6135273589311279,0.6032225858527767,0.6073476815944354
3,1,0.22210324824453123,0.9303924551262549,6574,1.5682505130767823,0.8996350364963503,1096,1.5758209156152159,0.8885,0.8054598438479487,0.08399419464456367,,,0.9526791814861406,,0.9526981577230059,0.04730184227699408,0.9673342358132055,0.40188596123907916,5,0.1,0.5,0.6103558748140201,1.0,0.6256812133804749,0.6220275098739722,0.6187268000831875,0.620433689679475,0.6005604948088199,0.6209755379942867,0.6085011014606625,0.6135037237464155,0.6175568637978224,0.6056562355334348
3,2,0.22780091498273514,0.930416738716929,5783,1.579366272495639,0.8848547717842323,964,1.5758105539285336,0.8885,0.8062746716197321,0.08407031405315435,,,0.9566133789015976,,0.9566286832990312,0.04337131670096883,0.9673358068024318,0.4018865285932467,5,0.1,0.5,0.609299430224352,0.6256812133804749,1.0,0.6260006222769344,0.613207794102687,0.6149423090814782,0.6060911968247025,0.6297676645580775,0.6094810028980339,0.6165882942596074,0.612675510013614,0.6078569122370118
3,3,0.2558739489886955,0.9219216947229052,5287,1.5751653867108482,0.8830874006810443,881,1.576044466167974,0.8885,0.8063615594684477,0.08345971377068101,,,0.9250547777818537,,0.9250790622960695,0.07492093770393049,0.9673098856632087,0.4018787242813669,5,0.1,0.5,0.6080210447648189,0.6220275098739722,0.6260006222769344,1.0,0.6082481762874545,0.6261280062357174,0.5976442291575118,0.6286880630392614,0.6126310280596119,0.6300801987065617,0.604429712750103,0.6130129052921245
3,4,0.2382339014221103,0.9304964539007092,4935,1.5805689142300532,0.8905109489051095,822,1.5758293406270183,0.8886,0.8021651357277586,0.08386083743562245,,,0.9457866740893688,,0.9458059334370764,0.05419406656292358,0.96733382802957,0.40188473665001256,5,0.1,0.5,0.6005369262286839,0.6187268000831875,0.613207794102687,0.6082481762874545,1.0,0.6225178317540772,0.5950182276711484,0.6232383682844057,0.6165399433340419,0.6137445893327023,0.6126230431882254,0.6084748184844232
3,5,0.2548390634051741,0.922776944503964,4667,1.5816865921020509,0.87146529562982,778,1.575811520552102,0.8886,0.8110062361438393,0.08441727717288934,,,0.9745460117766187,,0.9745544902364339,0.025445509763566077,0.9673410436311033,0.40188793500777115,5,0.1,0.5,0.6104421401399996,0.620433689679475,0.6149423090814782,0.6261280062357174,0.6225178317540772,1.0,0.6027465482685728,0.6345173745236493,0.6143717348157202,0.6260745910938608,0.6194013100260519,0.624633860177875
3,6,0.26480419506052777,0.9235571524814732,4453,1.5777814785639446,0.8854447439353099,742,1.576275846828668,0.8882,0.7897557818945494,0.0828188734944292,,,0.8919332361772925,,0.8919481953717183,0.10805180462828168,0.967259173613084,0.4018568887847879,5,0.1,0.5,0.5900819232515416,0.6005604948088199,0.6060911968247025,0.5976442291575118,0.5950182276711484,0.6027465482685728,1.0,0.6211666603610647,0.6051077367953747,0.6008210462848115,0.6023854327815017,0.5958465369914199
3,7,0.2456006532048445,0.9252279635258359,4277,1.5765366761580757,0.879382889200561,713,1.5758089920202383,0.8884,0.8178511697104943,0.08490976453976402,,,0.9999999999483155,,1.0,0.0,0.9673430972975219,0.401888263811307,5,0.1,0.5,0.6087986354273377,0.6209755379942867,0.6297676645580775,0.6286880630392614,0.6232383682844057,0.6345173745236493,0.6211666603610647,1.0,0.6343254567879686,0.6322607537774894,0.6238187065353675,0.6240398353927797
3,8,0.281952732741226,0.9166384112375878,4129,1.553818317976865,0.9026162790697675,688,1.577345328970839,0.8877,0.8005198250915134,0.08007272914622517,,,0.75,,0.750002509914161,0.24999749008583905,0.9658696314820943,0.4013182615960392,5,0.1,0.5,0.6050309558157997,0.6085011014606625,0.6094810028980339,0.6126310280596119,0.6165399433340419,0.6143717348157202,0.6051077367953747,0.6343254567879686,1.0,0.6148149939060492,0.611750423664578,0.6104070958799461
3,9,0.2816257336633188,0.9197700574856286,4001,1.571365469977969,0.8950524737631185,667,1.5762631508489005,0.8881,0.8071652903244725,0.08263112464892103,,,0.8822295214949408,,0.8822448672255409,0.11775513277445915,0.9671850467972636,0.4018469692027329,5,0.1,0.5,0.6135273589311279,0.6135037237464155,0.6165882942596074,0.6300801987065617,0.6137445893327023,0.6260745910938608,0.6008210462848115,0.6322607537774894,0.6148149939060492,1.0,0.617896988040583,0.6112603577260617
3,10,0.282521400687697,0.9142710208279763,3889,1.5982265756243752,0.8780864197530864,648,1.5763095228816755,0.8882,0.8025563325761235,0.08339293779819883,,,0.9216034916615591,,0.921625420410622,0.07837457958937799,0.9673078694209529,0.40187733847796786,5,0.1,0.5,0.6032225858527767,0.6175568637978224,0.612675510013614,0.604429712750103,0.6126230431882254,0.6194013100260519,0.6023854327815017,0.6238187065353675,0.611750423664578,0.617896988040583,1.0,0.6141032124663779
3,11,0.26545889349263,0.9214455288841994,3791,1.585310661792755,0.8860759493670886,632,1.5762343056285724,0.8882,0.8007603114455012,0.08331036103937275,,,0.9173355490019238,,0.9173535465087094,0.08264645349129063,0.9673054902939858,0.40187540528923554,5,0.1,0.5,0.6073476815944354,0.6056562355334348,0.6078569122370118,0.6130129052921245,0.6084748184844232,0.624633860177875,0.5958465369914199,0.6240398353927797,0.6104070958799461,0.6112603577260617,0.6141032124663779,1.0
4,0,0.1986068406254633,0.9399561723886048,8214,1.325165305026742,0.9211102994886778,1369,1.3274128079033507,0.9186,0.7831668093922851,0.08276175169441173,,,0.863226941755564,,0.8632397971989358,0.13676020280106416,0.9699159966675137,0.3971075560931913,5,0.1,0.5,1.0,0.597636458861905,0.5868215461362468,0.5809956452943654,0.5814736432617605,0.6000231430526812,0.5830029021411319,0.5899517940149883,0.5851115852977502,0.5872162861010674,0.5902593482047744,0.5838831720945022
4,1,0.20653219906188258,0.93614237906906,6574,1.3151442664010184,0.9324817518248175,1096,1.3273705979124806,0.9187,0.7974197367705502,0.08388215223547763,,,0.9394772102790397,,0.9394909894081622,0.060509010591837775,0.9700548164263255,0.39717443494090854,5,0.1,0.5,0.597636458861905,1.0,0.6095094690016898,0.5973252102964115,0.5991935164760669,0.6038432845413974,0.5972119668473714,0.605329561567989,0.5935315850435825,0.5884007680076294,0.6092864416843967,0.5962078588032443
4,2,0.21411555643497004,0.9359156147328376,5783,1.3312031838201708,0.9221991701244814,964,1.3273564660891939,0.9187,0.7960520905966707,0.08388490784739808,,,0.9396647469154297,,0.9396767230560715,0.06032327694392847,0.9700555526252146,0.39717452444479,5,0.1,0.5,0.5868215461362468,0.6095094690016898,1.0,0.6017145901534792,0.5967654655208594,0.6069533870466018,0.6011302492290591,0.6030986083554689,0.5912043280664327,0.5936161243784489,0.6013392033753829,0.5918864189179285
4,3,0.23366956298621036,0.9283525628901078,5287,1.3266153846468245,0.9148694665153235,881,1.3276326302141428,0.9186,0.7889313383040606,0.08322872237635047,,,0.89500721906295,,0.8950303699613473,0.10496963003865267,0.9699922340442803,0.3971503268605829,5,0.1,0.5,0.5809956452943654,0.5973252102964115,0.6017145901534792,1.0,0.5885034034331758,0.6079094857826074,0.5888265371655652,0.5997511862909835,0.5846459503985648,0.5961672121073216,0.5861703068623456,0.5869501853722408
4,4,0.22382503846720342,0.932563323201621,4935,1.3331570441906269,0.9197080291970803,822,1.3273978096227677,0.9186,0.7899846101097578,0.0835327557393306,,,0.9156985921189423,,0.9157170824757793,0.08428291752422068,0.9700406722200092,0.3971652301256824,5,0.1,0.5,0.5814736432617605,0.5991935164760669,0.5967654655208594,0.5885034034331758,1.0,0.5967368641226342,0.5893842473111061,0.6001008831137118,0.604379791835367,0.5853129185618369,0.5949997480793632,0.5910167508485523
4,5,0.2295761078838514,0.9318620098564389,4667,1.3361001300811768,0.9087403598971723,778,1.3273616956826597,0.9186,0.8050009257793623,0.08442960289911827,,,0.9767346540020156,,0.9767481552130917,0.023251844786908338,0.9700701717751992,0.39717959085103255,5,0.1,0.5,0.6000231430526812,0.6038432845413974,0.6069533870466018,0.6079094857826074,0.5967368641226342,1.0,0.5984813658554109,0.6181100645833366,0.6073432900398508,0.6034480441869724,0.6126525192637533,0.6126949839042682
4,6,0.232414868818596,0.9312373680664721,4453,1.3321666320164998,0.9083557951482479,742,1.3278803977722557,0.9187,0.7929177822642038,0.08294169109597425,,,0.8754729441307887,,0.875488178304302,0.12451182169569797,0.9699249139262891,0.3971269275493494,5,0.1,0.5,0.5830029021411319,0.5972119668473714,0.6011302492290591,0.5888265371655652,0.5893842473111061,0.5984813658554109,1.0,0.6150050984915961,0.5968629835586836,0.598793054769431,0.5995227164191143,0.5922337448115661
4,7,0.22432327945925185,0.9322422258592471,4277,1.3317365490871926,0.9074333800841514,713,1.3273619002046677,0.9186,0.8053973959288747,0.08477145751383286,,,0.9999999999319438,,1.0,0.0,0.9700693500520273,0.3971798633715369,5,0.1,0.5,0.5899517940149883,0.605329561567989,0.6030986083554689,0.5997511862909835,0.6001008831137118,0.6181100645833366,0.6150050984915961,1.0,0.616314754242079,0.6027127487308588,0.6148996219379227,0.6048681151994493
4,8,0.25218389664503493,0.9222087672559942,4129,1.3008520007133484,0.9375,688,1.3295381632856667,0.9182,0.7924914284930327,0.08109802605432283,,,0.75,,0.750002509914161,0.24999749008583905,0.9685622669556604,0.3966153448409315,5,0.1,0.5,0.5851115852977502,0.5935315850435825,0.5912043280664327,0.5846459503985648,0.604379791835367,0.6073432900398508,0.5968629835586836,0.616314754242079,1.0,0.5890276484833561,0.6043851682229141,0.5966791709569601
4,9,0.2589262615747949,0.9253186703324169,4001,1.3216606889452254,0.9220389805097451,667,1.3278500512004279,0.9187,0.789980213830926,0.08271370706594577,,,0.8599572041149925,,0.8599668691330756,0.14003313086692437,0.9698873971937672,0.39710142889909356,5,0.1,0.5,0.5872162861010674,0.5884007680076294,0.5936161243784489,0.5961672121073216,0.5853129185618369,0.6034480441869724,0.598793054769431,0.6027127487308588,0.5890276484833561,1.0,0.5915594604483765,0.5971357733655162
4,10,0.2588601204337644,0.9218308048341476,3889,1.355345504624503,0.9074074074074074,648,1.327917303140171,0.9187,0.7979599418620997,0.08350069463163283,,,0.9135166330949052,,0.9135334571557653,0.08646654284423472,0.9700215477330408,0.39716407369372025,5,0.1,0.5,0.5902593482047744,0.6092864416843967,0.6013392033753829,0.5861703068623456,0.5949997480793632,0.6126525192637533,0.5995227164191143,0.6148996219379227,0.6043851682229141,0.5915594604483765,1.0,0.600632849684183
4,11,0.24278059995913204,0.9281983645476127,3791,1.337380689382553,0.9145569620253164,632,1.3278344732503922,0.9187,0.792505402497206,0.0832545308462047,,,0.896763646951402,,0.8967772702173585,0.10322272978264146,0.9699902764353048,0.39715177396934725,5,0.1,0.5,0.5838831720945022,0.5962078588032443,0.5918864189179285,0.5869501853722408,0.5910167508485523,0.6126949839042682,0.5922337448115661,0.6048681151994493,0.5966791709569601,0.5971357733655162,0.600632849684183,1.0
5,0,0.1864622356623759,0.941709276844412,8214,1.0765181682830633,0.9342585829072315,1369,1.0801859275220682,0.9334,0.7792656151154418,0.08282521222930458,,,0.8469063284289131,,0.8469203353245319,0.15307966467546807,0.9692725062412384,0.3913390352349834,5,0.1,0.5,1.0,0.5846847494839282,0.5788304155506977,0.5723764923261649,0.5709722779285308,0.5751923460947831,0.5701267476889365,0.5807977911181146,0.568702228430897,0.5716798148926419,0.579433348374814,0.5705567520601338
5,1,0.19076502622032845,0.9403103133556434,6574,1.0639605011258806,0.9425182481751825,1096,1.080101175810963,0.9335,0.7869048976280345,0.08384398010249108,,,0.9278848257890111,,0.9279002058129612,0.07209979418703882,0.9695290952478847,0.39143027596818947,5,0.1,0.5,0.5846847494839282,1.0,0.5903598895977704,0.5855178619309307,0.583586318192214,0.581542337445946,0.5812151723887168,0.5908191392201563,0.5645477844716781,0.5724852725768329,0.5886961614565764,0.5656590279742206
5,2,0.2001355657472342,0.9394086114473457,5783,1.083765168343821,0.9346473029045643,964,1.0800923552756874,0.9335,0.7837871219329485,0.08373601999466668,,,0.9193034329746598,,0.9193162993825611,0.0806837006174389,0.9695243436278973,0.3914265760750674,5,0.1,0.5,0.5788304155506977,0.5903598895977704,1.0,0.5790679548818627,0.5799162983382814,0.5780062523706424,0.5769380407865126,0.5840484289057131,0.5676206092827318,0.5776574564829132,0.5791067701986586,0.5685045603174635
5,3,0.21914972921115267,0.9327785133345943,5287,1.0798242560454778,0.9364358683314415,881,1.0803771902577946,0.9333,0.7779207841934399,0.08309032502098328,,,0.8679792696416472,,0.867993574619748,0.13200642538025198,0.9694198912856892,0.3913789006975215,5,0.1,0.5,0.5723764923261649,0.5855178619309307,0.5790679548818627,1.0,0.5680854443724143,0.5754337160722397,0.5695693325823369,0.5834424678791889,0.5679868180973008,0.5795449843915516,0.5673504295155583,0.5599490523579228
5,4,0.20424809772040575,0.9390070921985816,4935,1.0865079645927136,0.9343065693430657,822,1.0801398895038203,0.9335,0.7809118441038437,0.08339911189403257,,,0.8925237195032669,,0.8925355152853772,0.10746448471462278,0.9694978897570273,0.39140863774947454,5,0.1,0.5,0.5709722779285308,0.583586318192214,0.5799162983382814,0.5680854443724143,1.0,0.5767861181788327,0.5747907327068447,0.5882848226841789,0.5739832279127524,0.568245538148035,0.5803313280204764,0.5698470887347605
5,5,0.21105946586531116,0.9375616027426612,4667,1.0911045098304748,0.9370179948586118,778,1.080084473370744,0.9335,0.7880227208168606,0.0842496780201307,,,0.9601324148789769,,0.9601526027809849,0.03984739721901509,0.9695452674380037,0.39143811242190274,5,0.1,0.5,0.5751923460947831,0.581542337445946,0.5780062523706424,0.5754337160722397,0.5767861181788327,1.0,0.5837885313857415,0.586403873580148,0.5797353485311428,0.5891198484433905,0.5857219753849774,0.5858004781244006
5,6,0.2140781865315512,0.9365371659555356,4453,1.0883785610397656,0.9231805929919138,742,1.0806222598011883,0.933,0.7828131166366047,0.08307055810097769,,,0.8664080623807789,,0.8664223683550023,0.1335776316449977,0.9693790861388777,0.3913764910802966,5,0.1,0.5,0.5701267476889365,0.5812151723887168,0.5769380407865126,0.5695693325823369,0.5747907327068447,0.5837885313857415,1.0,0.599584273884765,0.5737728652667993,0.5761443462666195,0.581492112781052,0.5680779410623334
5,7,0.20391859180196675,0.9387421089548749,4277,1.0873008344484412,0.9186535764375876,713,1.0800844394741729,0.9335,0.795768860737535,0.08475124098000184,,,0.9999999999205134,,1.0,0.0,0.969549860257705,0.3914397490918587,5,0.1,0.5,0.5807977911181146,0.5908191392201563,0.5840484289057131,0.5834424678791889,0.5882848226841789,0.586403873580148,0.599584273884765,1.0,0.5975218157669312,0.5853746183866507,0.5970156040817308,0.5757240162206894
5,8,0.2369880108016794,0.9290869459917656,4129,1.0504231750965118,0.9447674418604651,688,1.0829349314442838,0.9321,0.776259818062854,0.08160606075909611,,,0.75,,0.750002509914161,0.24999749008583905,0.9679108041056985,0.39085103199383464,5,0.1,0.5,0.568702228430897,0.5645477844716781,0.5676206092827318,0.5679868180973008,0.5739832279127524,0.5797353485311428,0.5737728652667993,0.5975218157669312,1.0,0.5696865445365294,0.5728898546982979,0.5671364022802269
5,9,0.2398854978093859,0.9298175456135966,4001,1.0732045372327168,0.9355322338830585,667,1.0805964654626938,0.9331,0.7808459253146814,0.0828487193895889,,,0.848774835050616,,0.8487826916319462,0.1512173083680538,0.9692677416087283,0.3913432717171105,5,0.1,0.5,0.5716798148926419,0.5724852725768329,0.5776574564829132,0.5795449843915516,0.568245538148035,0.5891198484433905,0.5761443462666195,0.5853746183866507,0.5696865445365294,1.0,0.5754750043980343,0.5729390848763591
5,10,0.23666993732426744,0.9267163795320134,3889,1.1123538471403576,0.9166666666666666,648,1.0806892613252512,0.9331,0.7863300555825993,0.08356848045069877,,,0.9059862673317327,,0.9060037146729581,0.09399628532704185,0.969503866496799,0.3914190861351971,5,0.1,0.5,0.579433348374814,0.5886961614565764,0.5791067701986586,0.5673504295155583,0.5803313280204764,0.5857219753849774,0.581492112781052,0.5970156040817308,0.5728898546982979,0.5754750043980343,1.0,0.5782041594583065
5,11,0.2254386249225305,0.9336850435241361,3791,1.0899421453475953,0.9335443037974683,632,1.0805740600195937,0.9331,0.7751670819620639,0.08301061305802782,,,0.8616432286732888,,0.8616585512775463,0.13834144872245369,0.9693866283697748,0.39136874412856193,5,0.1,0.5,0.5705567520601338,0.5656590279742206,0.5685045603174635,0.5599490523579228,0.5698470887347605,0.5858004781244006,0.5680779410623334,0.5757240162206894,0.5671364022802269,0.5729390848763591,0.5782041594583065,1.0
6,0,0.17670675628920038,0.9452154857560263,8214,0.8507910745088444,0.9481373265157049,1369,0.8556387203569991,0.9429,0.7667244858141439,0.08313915960180311,,,0.8699718378063099,,0.8699764068068873,0.13002359319311274,0.9668643172224262,0.381246896096939,5,0.1,0.5,1.0,0.5638912918934038,0.5519004026662873,0.554393216791864,0.5477605350711312,0.560270496318869,0.5371670305926075,0.555704715543498,0.5431425788550349,0.5112856726834715,0.5475427125432863,0.5455348920134383
6,1,0.18029559534178702,0.944478247642227,6574,0.8351454717772347,0.9525547445255474,1096,0.8555281760212713,0.9429,0.7713848636214747,0.08399232465224864,,,0.9351021014347518,,0.9351287585964561,0.06487124140354394,0.9670737651167125,0.38130003736658274,5,0.1,0.5,0.5638912918934038,1.0,0.5656131288485772,0.5538828919692758,0.559937624404155,0.5564358854820972,0.5453661606727269,0.5633133841194919,0.5377055135355602,0.5073598868213824,0.5596129943643857,0.5424717047666037
6,2,0.18334443453668478,0.9451495763444578,5783,0.8590294968697333,0.9387966804979253,964,0.8555226419299555,0.9429,0.7692062604517556,0.08384206604343536,,,0.9236314219931346,,0.9236484112243362,0.07635158877566384,0.967075033212171,0.38129626814981943,5,0.1,0.5,0.5519004026662873,0.5656131288485772,1.0,0.5641766328145339,0.5583340655446104,0.558524280725914,0.542887593595447,0.5614535097307959,0.5371462621267755,0.5073067028346245,0.5491455534346235,0.5396938981326243
6,3,0.19772507812328502,0.9409494987705693,5287,0.8559226670435497,0.9443813847900113,881,0.855802586855599,0.9431,0.7639191660421836,0.0832184416186013,,,0.8760241938567178,,0.8760403594197078,0.12395964058029219,0.9669644392779184,0.3812564890590786,5,0.1,0.5,0.554393216791864,0.5538828919692758,0.5641766328145339,1.0,0.5476237884352956,0.5597091138137108,0.5353534522509232,0.5518170968370064,0.539595016260271,0.5126253048859951,0.5426406828177176,0.5296415304566614
6,4,0.18338822391965698,0.9436676798378926,4935,0.8613957533469567,0.9464720194647201,822,0.8555754609763051,0.9429,0.7683591448053113,0.0835845790977452,,,0.9039749760980239,,0.9039857436875659,0.0960142563124341,0.9670368435237338,0.38128530271384364,5,0.1,0.5,0.5477605350711312,0.559937624404155,0.5583340655446104,0.5476237884352956,1.0,0.5617907001647702,0.5409567164239734,0.560212355282229,0.5519794085283042,0.5129682282518476,0.5430831174539595,0.5458907090783647
6,5,0.19421744994461945,0.9416755946003856,4667,0.8685544753074645,0.9447300771208226,778,0.8555138330109203,0.9429,0.7779230258031202,0.08449840644305812,,,0.9737361739811633,,0.9737462978766126,0.0262537021233874,0.9670919157889017,0.3813054424588101,5,0.1,0.5,0.560270496318869,0.5564358854820972,0.558524280725914,0.5597091138137108,0.5617907001647702,1.0,0.5484657981464257,0.5672893767473162,0.5554139340999248,0.5293200267760008,0.5588383051533289,0.5577319639493976
6,6,0.1983323566429317,0.941702223220301,4453,0.8667924081285795,0.9339622641509434,742,0.8560484841989633,0.9431,0.753777177750432,0.08284482182453375,,,0.8475022148191136,,0.8475227147231564,0.15247728527684357,0.9668624059592926,0.381202873229424,5,0.1,0.5,0.5371670305926075,0.5453661606727269,0.542887593595447,0.5353534522509232,0.5409567164239734,0.5484657981464257,1.0,0.5556696107654935,0.5315903098006659,0.4984275063393649,0.5372959475747547,0.5254397150714374
6,7,0.1868882284013193,0.9444938040682721,4277,0.8651709867560345,0.9256661991584852,713,0.8555159787781322,0.9429,0.7780781890496776,0.08484244586708001,,,0.9999999999236604,,1.0,0.0,0.9670987611538336,0.38130589394428555,5,0.1,0.5,0.555704715543498,0.5633133841194919,0.5614535097307959,0.5518170968370064,0.560212355282229,0.5672893767473162,0.5556696107654935,1.0,0.5661151935643361,0.5166488102944077,0.5631633654266508,0.5512456297924598
6,8,0.22621999087868833,0.9320900944538629,4129,0.8244116550142114,0.9549418604651163,688,0.8584014150662164,0.9428,0.756906251651167,0.08196752186483078,,,0.7805295022978521,,0.7805531850810702,0.2194468149189298,0.9656040379689227,0.3809305823371301,5,0.1,0.5,0.5431425788550349,0.5377055135355602,0.5371462621267755,0.539595016260271,0.5519794085283042,0.5554139340999248,0.5315903098006659,0.5661151935643361,1.0,0.4977988903219684,0.539453072952846,0.5354363495411085
6,9,0.2509026024796878,0.9300174956260935,4001,0.8482616685685658,0.9505247376311844,667,0.8565140766457627,0.9432,0.7220378980667962,0.08156760479222969,,,0.75,,0.750002509914161,0.24999749008583905,0.9655984391726979,0.3807058128238326,5,0.1,0.5,0.5112856726834715,0.5073598868213824,0.5073067028346245,0.5126253048859951,0.5129682282518476,0.5293200267760008,0.4984275063393649,0.5166488102944077,0.4977988903219684,1.0,0.5133350950389062,0.50277870828896
6,10,0.22129892910006227,0.9335561841090254,3889,0.8907239948000226,0.9259259259259259,648,0.8560762329223438,0.9429,0.7655065008529603,0.08359755788911272,,,0.904965771610455,,0.9049746498669745,0.09502535013302549,0.9670352986865393,0.3812860415944648,5,0.1,0.5,0.5475427125432863,0.5596129943643857,0.5491455534346235,0.5426406828177176,0.5430831174539595,0.5588383051533289,0.5372959475747547,0.5631633654266508,0.539453072952846,0.5133350950389062,1.0,0.5491485617016092
