round,client_id,client_i_training_loss,client_i_training_accuracy,client_i_training_dataset_size,client_i_evaluation_loss,client_i_evaluation_accuracy,client_i_evaluation_dataset_size,client_i_central_evaluation_loss,client_i_central_evaluation_accuracy,client_i_cosine_similarity,client_i_importance_coefficient,client_i_tanh_val,tanh_normalization_value,client_i_q,client_i_mask_order,client_i_v_nonzero_fraction,client_i_v_sparsity,client_i_v_cosine_similarity,client_i_reward_gradient_norm,local_epochs,learning_rate,gamma,client_0_cosine_similarity,client_1_cosine_similarity,client_2_cosine_similarity,client_3_cosine_similarity,client_4_cosine_similarity,client_5_cosine_similarity,client_6_cosine_similarity,client_7_cosine_similarity,client_8_cosine_similarity,client_9_cosine_similarity,client_10_cosine_similarity,client_11_cosine_similarity
0,0,0.28399814397154616,0.9140491843194546,8214,2.18869031861771,0.40613586559532505,1369,2.1915934192486843,0.3795,0.8004690377739458,0.08519303710269246,,,0.9999999999410646,,1.0,0.0,0,0.39254155680845043,5,0.1,0.5,1.0,0.5610655151664609,0.58315881211077,0.563281860705029,0.5804212267074211,0.5778797964112303,0.5613909640612867,0.5873511663293044,0.5554011136311403,0.5268954871354374,0.5942367415803685,0.5717476836565574
0,1,0.30344709229013583,0.9040462427745665,6574,2.19382050377982,0.36496350364963503,1096,2.191605461291231,0.3793,0.7847848090580177,0.08352378193369926,,,0.9016217754742257,,0.901641483861252,0.09835851613874802,0,0.39252919847468826,5,0.1,0.5,0.5610655151664609,1.0,0.5849063212010198,0.570960453010285,0.5807914847066662,0.5791183067577866,0.5616977011547025,0.5737275207562768,0.5518576994997136,0.5469401503059287,0.579104706394923,0.5646044651680904
0,2,0.334816916895135,0.894449247795262,5783,2.1915977924100813,0.3599585062240664,964,2.1915937391713785,0.3795,0.7976912188565846,0.08489739689810763,,,0.9825763256291191,,0.98259123537975,0.017408764620249984,0,0.39254148853648824,5,0.1,0.5,0.58315881211077,0.5849063212010198,1.0,0.5957100055701098,0.5974891972558364,0.5885936643290314,0.5818934140816503,0.5937048839294977,0.5730096391862293,0.5478298814856579,0.6062603645831514,0.5977002780155879
0,3,0.3415284803726273,0.8938150179686022,5287,2.192710850919996,0.39500567536889897,881,2.1915971463480695,0.3794,0.7893354578876803,0.08400810247114927,,,0.9301654010577816,,0.9301842276994127,0.06981577230058733,0,0.3925376229312801,5,0.1,0.5,0.563281860705029,0.570960453010285,0.5957100055701098,1.0,0.6050046975483324,0.5830302827332569,0.5893386501736796,0.6068104808191274,0.570249268464869,0.5598652644199047,0.5926507840833254,0.5918231725679873
0,4,0.34060566037292445,0.8932522796352583,4935,2.186417790559622,0.39172749391727496,822,2.191593633292201,0.3795,0.7983577035133027,0.08496833012526413,,,0.9867568038885143,,0.9867727523718689,0.0132272476281311,0,0.39254152408274723,5,0.1,0.5,0.5804212267074211,0.5807914847066662,0.5974891972558364,0.6050046975483324,1.0,0.6002057664135311,0.597255491362864,0.6067923265893942,0.5932405187258382,0.5575618090887433,0.6222724813990018,0.6002860008692377
0,5,0.3621917019534397,0.8888365116777373,4667,2.1939583110809324,0.38431876606683807,778,2.1915971669145287,0.3794,0.7894065422532146,0.0840156679017963,,,0.9306112727544564,,0.9306309924200592,0.0693690075799408,0,0.3925377056547626,5,0.1,0.5,0.5778797964112303,0.5791183067577866,0.5885936643290314,0.5830302827332569,0.6002057664135311,1.0,0.5769635141894134,0.599759390415955,0.5784277044094182,0.5639526688561407,0.6258130358323188,0.6074767256371294
0,6,0.3745883973155703,0.8828205704019761,4453,2.19130011399587,0.38544474393531,742,2.191667357191872,0.3783,0.7737132369876226,0.08234544672563007,,,0.832176116266516,,0.8321971788564831,0.16780282114351686,0,0.39246555253866816,5,0.1,0.5,0.5613909640612867,0.5616977011547025,0.5818934140816503,0.5893386501736796,0.597255491362864,0.5769635141894134,1.0,0.601188972065229,0.5747891366042556,0.5337174867841761,0.5873074272890004,0.5813207299731268
0,7,0.36091210539939245,0.8870236146831891,4277,2.192423851593681,0.3436185133239832,713,2.1915971265433316,0.3794,0.7893255295621937,0.08400704581041459,,,0.9301031263325787,,0.9301290095878721,0.06987099041212785,0,0.3925376177798227,5,0.1,0.5,0.5873511663293044,0.5737275207562768,0.5937048839294977,0.6068104808191274,0.6067923265893942,0.599759390415955,0.601188972065229,1.0,0.566325001924438,0.5506213331900123,0.6128553945770095,0.5990243816567854
0,8,0.3924380602248941,0.8759021554855897,4129,2.193570993163369,0.3866279069767442,688,2.1917952858982757,0.378,0.7611567694712648,0.08100907573247502,,,0.7534165545304427,,0.7534260328296772,0.24657396717032276,0,0.3922344956978136,5,0.1,0.5,0.5554011136311403,0.5518576994997136,0.5730096391862293,0.570249268464869,0.5932405187258382,0.5784277044094182,0.5747891366042556,0.566325001924438,1.0,0.5345586971457902,0.5871038435377788,0.5739361195799452
0,9,0.3806081980259882,0.8822294426393401,4001,2.1982092289697555,0.3403298350824588,667,2.192566851838328,0.3743,0.7366978981803297,0.07840594502903982,,,0.6,,0.6,0.4,0,0.3906552391900372,5,0.1,0.5,0.5268954871354374,0.5469401503059287,0.5478298814856579,0.5598652644199047,0.5575618090887433,0.5639526688561407,0.5337174867841761,0.5506213331900123,0.5345586971457902,1.0,0.5688796191698801,0.5578427060543434
0,10,0.3741730813059162,0.8854204165595269,3889,2.187881288074312,0.38425925925925924,648,2.1915931328417013,0.3794,0.7954664493542236,0.08466061713297561,,,0.9686216149796905,,0.9686310928166256,0.03136890718337437,0,0.392541194269444,5,0.1,0.5,0.5942367415803685,0.579104706394923,0.6062603645831514,0.5926507840833254,0.6222724813990018,0.6258130358323188,0.5873074272890004,0.6128553945770095,0.5871038435377788,0.5688796191698801,1.0,0.6134814113431027
0,11,0.41321784023414637,0.8686890002637826,3791,2.1868961572647097,0.3876582278481013,632,2.1916212982263046,0.379,0.7795397223332836,0.08296555313675572,,,0.8687223369044541,,0.8687314893830631,0.1312685106169369,0,0.39250910292362373,5,0.1,0.5,0.5717476836565574,0.5646044651680904,0.5977002780155879,0.5918231725679873,0.6002860008692377,0.6074767256371294,0.5813207299731268,0.5990243816567854,0.5739361195799452,0.5578427060543434,0.6134814113431027,1.0
1,0,0.2541061282172393,0.9223033844655466,8214,2.029230530871901,0.6975894813732652,1369,2.035170469802028,0.6764,0.791918921649943,0.08395179575365429,,,0.9423687689957576,,0.9423824105215601,0.05761758947843987,0.9572293404587486,0.404784573345588,5,0.1,0.5,1.0,0.5999271773442976,0.6101199713788631,0.6056877307414096,0.6105811606676513,0.6139558975634332,0.6141343660552903,0.6178087899368597,0.6149103652223225,0.586886497599376,0.6125768772152155,0.5967776744243667
1,1,0.2756076825448104,0.9146334043200487,6574,2.036593770980835,0.6797445255474452,1096,2.0351836254802373,0.6766,0.8016288745497818,0.08318541199953344,,,0.8855949085823827,,0.8856131720295166,0.11438682797048338,0.9571656829051024,0.40476672608164643,5,0.1,0.5,0.5999271773442976,1.0,0.6266623773678077,0.6094713651712661,0.6140696745579342,0.6312889760008542,0.6204107902746316,0.613983289353609,0.6249827290906474,0.6004365699109588,0.6308432508742363,0.6140565755507156
1,2,0.2973190590857595,0.9089054124157012,5783,2.035718387173068,0.6908713692946058,964,2.0351690735679844,0.6765,0.8119648311368628,0.0844542954731041,,,0.979594047815153,,0.9796044375282366,0.02039556247176344,0.9572285125867032,0.40478679093087083,5,0.1,0.5,0.6101199713788631,0.6266623773678077,1.0,0.6335330225888282,0.6252936909111543,0.63001681095425,0.6252829059274551,0.6409709503583215,0.6338804194361022,0.5990161314913577,0.6349692760406913,0.6199780360190378
1,3,0.3007076744955168,0.9068280688481181,5287,2.0353053382464816,0.6685584562996595,881,2.03518008081296,0.6766,0.8090851616961657,0.0837655615274981,,,0.9285725006078489,,0.9285879222930575,0.07141207770694247,0.9572186924550719,0.4047824661367472,5,0.1,0.5,0.6056877307414096,0.6094713651712661,0.6335330225888282,1.0,0.629288448315186,0.627617862746731,0.6290288897321002,0.630772012118717,0.6380240652142858,0.600939457926892,0.6345648290293083,0.6171606388633503
1,4,0.2977929980031425,0.9091388044579534,4935,2.0283885323084316,0.6861313868613139,822,2.0351682444350025,0.6765,0.8103955835135515,0.08444658088131779,,,0.9790225493264821,,0.9790321770995432,0.020967822900456845,0.9572297259141893,0.40478678388149403,5,0.1,0.5,0.6105811606676513,0.6140696745579342,0.6252936909111543,0.629288448315186,1.0,0.6273510452514018,0.621376448719245,0.6313317678601706,0.6338421877005573,0.6122062303320628,0.6402293647157966,0.6193883438998609
1,5,0.3157969976303308,0.9021641311334905,4667,2.039771766662598,0.6735218508997429,778,2.0351759450504194,0.6765,0.8166758398329713,0.08403492274923909,,,0.9485268333056259,,0.9485467597008183,0.051453240299181746,0.9572179970204989,0.40478528145361925,5,0.1,0.5,0.6139558975634332,0.6312889760008542,0.63001681095425,0.627617862746731,0.6273510452514018,1.0,0.6414191300989267,0.6371199779352638,0.6410039400261359,0.6103769454193668,0.6396398399950872,0.6305914429120677
1,6,0.3147876211694841,0.9023130473837863,4453,2.037772903839747,0.6792452830188679,742,2.0352854980066564,0.6765,0.8142503121024257,0.08284526598650872,,,0.8603968245157594,,0.8604136338537222,0.13958636614627784,0.9570717089872318,0.4047470067514592,5,0.1,0.5,0.6141343660552903,0.6204107902746316,0.6252829059274551,0.6290288897321002,0.621376448719245,0.6414191300989267,1.0,0.6432513895632519,0.6404706694692636,0.6097344188192734,0.6453478556308454,0.6235392375406377
1,7,0.3134369209297557,0.9035772737900397,4277,2.035924020020858,0.6619915848527349,713,2.0351780965305366,0.6765,0.8185901463125094,0.08409588571315836,,,0.9530429817564878,,0.9530595853621806,0.046940414637819394,0.957219541720211,0.40478568072752236,5,0.1,0.5,0.6178087899368597,0.613983289353609,0.6409709503583215,0.630772012118717,0.6313317678601706,0.6371199779352638,0.6432513895632519,1.0,0.6472549484872574,0.6080114717148916,0.641844193818836,0.6363587559828567
1,8,0.3274026829584573,0.8965366916929038,4129,2.041516054760326,0.6598837209302325,688,2.0354804421385255,0.6769,0.8198084874796735,0.08215456052656235,,,0.8092292271353381,,0.8092465237688871,0.19075347623111294,0.956515374721441,0.40466639580888153,5,0.1,0.5,0.6149103652223225,0.6249827290906474,0.6338804194361022,0.6380240652142858,0.6338421877005573,0.6410039400261359,0.6404706694692636,0.6472549484872574,1.0,0.6158823135420525,0.650961144522742,0.632323302039081
1,9,0.34983578179159114,0.8938765308672831,4001,2.0476338806606473,0.6461769115442278,667,2.038144960571021,0.674,0.7881694435504392,0.07933019946680239,,,0.6,,0.6,0.4,0.9523331285295522,0.40279518537943787,5,0.1,0.5,0.586886497599376,0.6004365699109588,0.5990161314913577,0.600939457926892,0.6122062303320628,0.6103769454193668,0.6097344188192734,0.6080114717148916,0.6158823135420525,1.0,0.6289101575399253,0.6082744934059626
1,10,0.3190335935668745,0.9041398817176652,3889,2.0270384550094604,0.6728395061728395,648,2.0351677416993406,0.6765,0.8243731184383463,0.08472975305289861,,,0.9999999999259197,,1.0,0.0,0.9572291451651969,0.40478687843507766,5,0.1,0.5,0.6125768772152155,0.6308432508742363,0.6349692760406913,0.6345648290293083,0.6402293647157966,0.6396398399950872,0.6453478556308454,0.641844193818836,0.650961144522742,0.6289101575399253,1.0,0.6435533422874314
1,11,0.3585712196477571,0.893801107887101,3791,2.033539342880249,0.6677215189873418,632,2.0352145524832386,0.6768,0.8070769026400675,0.08300576686972277,,,0.8722867617578021,,0.8723005873199137,0.12769941268008633,0.9571312416513845,0.4047576657280278,5,0.1,0.5,0.5967776744243667,0.6140565755507156,0.6199780360190378,0.6171606388633503,0.6193883438998609,0.6305914429120677,0.6235392375406377,0.6363587559828567,0.632323302039081,0.6082744934059626,0.6435533422874314,1.0
2,0,0.23039265741315101,0.930581933284636,8214,1.8284340791924054,0.8254200146092038,1369,1.8377274430978794,0.8101,0.8025004929127045,0.0833702038703623,,,0.8757663545032229,,0.8757843481752924,0.12421565182470762,0.9689460267995179,0.4065679163938011,5,0.1,0.5,1.0,0.6176825459946693,0.6183630948760214,0.6202127344809064,0.6322744683346394,0.6175189844347849,0.6104504183579829,0.6239250634852863,0.6201884657735648,0.6218642798136799,0.6193470491016446,0.626402952928928
2,1,0.2453737038648823,0.925463948889565,6574,1.8381490537098475,0.8184306569343066,1096,1.8377894391647924,0.8102,0.8057594187346849,0.0829771914562554,,,0.8342845977842531,,0.8342954670950253,0.16570453290497467,0.968848433576473,0.40651699105730243,5,0.1,0.5,0.6176825459946693,1.0,0.6280578430022943,0.6212094024218058,0.6325886595843888,0.6249302402574314,0.6208240947367173,0.6235050460508057,0.6212556704126996,0.6214964503987925,0.631039741064823,0.6205994609699744
2,2,0.27290352236335447,0.9157876534670586,5783,1.837694537255072,0.8184647302904564,964,1.8377571460157156,0.8104,0.8128443587653343,0.08406187780484288,,,0.9487713000191982,,0.9487826916319462,0.05121730836805383,0.9690259346729349,0.40659907675382284,5,0.1,0.5,0.6183630948760214,0.6280578430022943,1.0,0.6277742408437889,0.6364949014507262,0.6258299222474397,0.6214998723657598,0.6394348937812757,0.6301862066959961,0.6316497974186374,0.6357894498265413,0.6319216702234483
2,3,0.2682385852930686,0.9185171174579156,5287,1.8370052363191332,0.8127128263337117,881,1.8377457933304029,0.8101,0.8072269221683499,0.08341151296430349,,,0.8801264554151587,,0.8801465789869987,0.11985342101300134,0.9689558864729175,0.4065714690366854,5,0.1,0.5,0.6202127344809064,0.6212094024218058,0.6277742408437889,1.0,0.6382141548953854,0.6219378546306662,0.618545479991003,0.6335815244628118,0.6194081179643139,0.6229434819560423,0.6309168076774065,0.620001440881663
2,4,0.26239562592198773,0.9205268490374874,4935,1.829177044905149,0.8223844282238443,822,1.8377641786020784,0.8101,0.8216218359549884,0.08436199646776214,,,0.9804482876032421,,0.9804628281712765,0.0195371718287235,0.9690274002795979,0.40660090314312003,5,0.1,0.5,0.6322744683346394,0.6325886595843888,0.6364949014507262,0.6382141548953854,1.0,0.6314451730292833,0.636423942336235,0.6438317388098517,0.6370921742768866,0.6411866293878354,0.6471343256118058,0.6362369582341082
2,5,0.2830778025065179,0.9136061709877866,4667,1.8448669528961181,0.794344473007712,778,1.8377563233573597,0.8101,0.8110294532654285,0.0837216980933069,,,0.9128659404729051,,0.912880879473922,0.08711912052607795,0.9690039740207012,0.4065904276030702,5,0.1,0.5,0.6175189844347849,0.6249302402574314,0.6258299222474397,0.6219378546306662,0.6314451730292833,1.0,0.6219637407671025,0.6400501005615832,0.6339053238861831,0.6309542295554071,0.6316936968675644,0.6311252600583434
2,6,0.28831715861152457,0.9121940264989894,4453,1.8435538758834202,0.816711590296496,742,1.8379460443703892,0.8106,0.8085752814656602,0.08285037893206913,,,0.8208997628823652,,0.820917624617238,0.17908237538276195,0.9687926227965485,0.4064913924347978,5,0.1,0.5,0.6104504183579829,0.6208240947367173,0.6214998723657598,0.618545479991003,0.636423942336235,0.6219637407671025,1.0,0.6365531564739285,0.6320762571593906,0.6372836327419336,0.630300478472073,0.6272542110445792
2,7,0.2774052757158208,0.9165770399812952,4277,1.8376614062682441,0.8092566619915849,713,1.8377755290022293,0.8103,0.8229349470524198,0.08417595978589601,,,0.9608124488842231,,0.9608302796044376,0.039169720395562435,0.9690261526537558,0.4066002158626099,5,0.1,0.5,0.6239250634852863,0.6235050460508057,0.6394348937812757,0.6335815244628118,0.6438317388098517,0.6400501005615832,0.6365531564739285,1.0,0.6440262567197735,0.6435678015258487,0.6512024513315864,0.6477058620247378
2,8,0.29233336950750805,0.910002421893921,4129,1.8503449396653608,0.7848837209302325,688,1.8382852481196101,0.8102,0.8142562947845189,0.08259158781227179,,,0.793584823488254,,0.793599718889614,0.206400281110386,0.9685593748861854,0.4064200358442187,5,0.1,0.5,0.6201884657735648,0.6212556704126996,0.6301862066959961,0.6194081179643139,0.6370921742768866,0.6339053238861831,0.6320762571593906,0.6440262567197735,1.0,0.6355403540529415,0.6421461922989069,0.6352159117421986
2,9,0.30222121658166595,0.9097725568607848,4001,1.8576831306729997,0.782608695652174,667,1.8435445700209743,0.8051,0.8151738855630473,0.08075749868897329,,,0.6,,0.6,0.4,0.9646417726836288,0.40449618928880493,5,0.1,0.5,0.6218642798136799,0.6214964503987925,0.6316497974186374,0.6229434819560423,0.6411866293878354,0.6309542295554071,0.6372836327419336,0.6435678015258487,0.6355403540529415,1.0,0.650934178725207,0.6347323554080969
2,10,0.28354849950944794,0.9157624067883775,3889,1.825922137215024,0.8117283950617284,648,1.8377633395667274,0.8101,0.8215687402069902,0.0845472361069498,,,0.9999999998944518,,1.0,0.0,0.969028121324317,0.4066009920856283,5,0.1,0.5,0.6193470491016446,0.631039741064823,0.6357894498265413,0.6309168076774065,0.6471343256118058,0.6316936968675644,0.630300478472073,0.6512024513315864,0.6421461922989069,0.650934178725207,1.0,0.6412963036532495
2,11,0.32123474433016375,0.9041413874967027,3791,1.8395735383033753,0.8022151898734177,632,1.8378006280801547,0.8107,0.8147997121612601,0.08317285801700659,,,0.8549368529797106,,0.8549470408112042,0.1450529591887958,0.968886354291896,0.40654674109154115,5,0.1,0.5,0.626402952928928,0.6205994609699744,0.6319216702234483,0.620001440881663,0.6362369582341082,0.6311252600583434,0.6272542110445792,0.6477058620247378,0.6352159117421986,0.6347323554080969,0.6412963036532495,1.0
3,0,0.2177383658389202,0.9332602873143414,8214,1.6008776675823122,0.8911614317019723,1369,1.6137861005795269,0.8772,0.7910535706591234,0.08316303194076505,,,0.9033063633508192,,0.9033231263490789,0.09667687365092115,0.9695234039591951,0.3984318217641113,5,0.1,0.5,1.0,0.6035534821196736,0.5995853742505768,0.6069244853614948,0.6165747353885228,0.6100581873944111,0.609557407324523,0.6049734626614756,0.595722112236665,0.5099284335018229,0.6062186483104836,0.5982241015384067
3,1,0.22678873539558675,0.9311834499543656,6574,1.6129076957702637,0.875,1096,1.6138820949073036,0.8772,0.7996834229148397,0.08320374063299454,,,0.9059001135364584,,0.9059233974198082,0.09407660258019179,0.9694032755045425,0.3984331020617752,5,0.1,0.5,0.6035534821196736,1.0,0.6172847294710775,0.6105710250540193,0.6220180989890323,0.6221566375561367,0.6184615349873547,0.6083340976910512,0.6133247397455043,0.5153422676851529,0.6169916700885602,0.5975786967051193
3,2,0.2478380376689177,0.9251599515822237,5783,1.6130662733508694,0.8775933609958506,964,1.6138770435564815,0.8771,0.8019871705004851,0.08400602559404619,,,0.9570176182436094,,0.9570352893931028,0.042964710606897216,0.9696119968975692,0.39844662760425736,5,0.1,0.5,0.5995853742505768,0.6172847294710775,1.0,0.6180197505877809,0.6243004535656077,0.617580863109884,0.6206359833316438,0.620773386786307,0.6062039834942073,0.520951235004502,0.6150131256203651,0.6023394683674665
3,3,0.24626674450350455,0.9257423869869491,5287,1.6120880799634116,0.8910329171396141,881,1.6138423704110776,0.8771,0.8041312010030314,0.08364842366530799,,,0.9342330477194408,,0.9342452688118066,0.06575473118819342,0.9695419574969291,0.39844302471725906,5,0.1,0.5,0.6069244853614948,0.6105710250540193,0.6180197505877809,1.0,0.6216827840434956,0.6170846094512824,0.619308467465097,0.6244471697146905,0.6188708275765129,0.5230846380138223,0.6179175089309948,0.6083668537047662
3,4,0.23551195629541913,0.9285511651469098,4935,1.6040761379095225,0.8807785888077859,822,1.6138867867259552,0.8771,0.8131259207318859,0.08459570873424123,,,0.994589219554864,,0.9945986647256664,0.0054013352743336185,0.9696127485690909,0.3984479174477171,5,0.1,0.5,0.6165747353885228,0.6220180989890323,0.6243004535656077,0.6216827840434956,1.0,0.6232459257344091,0.6359138780027087,0.6247049667295529,0.6238782872757718,0.5266549148122605,0.6351727117823058,0.6137993311440685
3,5,0.26121835711169733,0.9208056567388043,4667,1.6236982536315918,0.8650385604113111,778,1.613879685203869,0.8771,0.8092509917989706,0.08403405161671552,,,0.9588032934279538,,0.9588173284473671,0.04118267155263289,0.9695913061008113,0.39844677452608823,5,0.1,0.5,0.6100581873944111,0.6221566375561367,0.617580863109884,0.6170846094512824,0.6232459257344091,1.0,0.6289349956722331,0.6249546200432423,0.6223101827735414,0.5251577099587564,0.6277232416679829,0.6146524277043071
3,6,0.2561020402370819,0.9241859420615316,4453,1.6225172281265259,0.8854447439353099,742,1.6140733325062468,0.877,0.8112269808550477,0.08352356932543256,,,0.926277966151011,,0.9262988805782842,0.07370111942171576,0.9693241125809927,0.3984409763691452,5,0.1,0.5,0.609557407324523,0.6184615349873547,0.6206359833316438,0.619308467465097,0.6359138780027087,0.6289349956722331,1.0,0.6214640501999661,0.6306751401619932,0.5296377232006588,0.6281940527890096,0.6138910013428444
3,7,0.2552905995245856,0.924666822539163,4277,1.6128291202628093,0.8807854137447405,713,1.6139026510829744,0.877,0.809941672071758,0.08436044670622514,,,0.9795995233641708,,0.9796094573565584,0.020390542643441645,0.9696140533581096,0.39844779618147463,5,0.1,0.5,0.6049734626614756,0.6083340976910512,0.620773386786307,0.6244471697146905,0.6247049667295529,0.6249546200432423,0.6214640501999661,1.0,0.6326896057446076,0.5275099953683553,0.6276162635176501,0.620978047378222
3,8,0.26912825384051897,0.9190118672802131,4129,1.6328333453698591,0.8517441860465116,688,1.614470946903046,0.8774,0.8054915818494248,0.0831505774164674,,,0.902512824601725,,0.902535013302545,0.09746498669745496,0.9691135676000957,0.398431476088758,5,0.1,0.5,0.595722112236665,0.6133247397455043,0.6062039834942073,0.6188708275765129,0.6238782872757718,0.6223101827735414,0.6306751401619932,0.6326896057446076,1.0,0.5192729646978981,0.632231664024584,0.6075808354804394
3,9,0.3439681357001915,0.9070232441889527,4001,1.6417680127280099,0.8425787106446777,667,1.6230186460117182,0.8723,0.7047416492857248,0.07840266393568154,,,0.6,,0.6,0.4,0.9651902973336856,0.3961863885518788,5,0.1,0.5,0.5099284335018229,0.5153422676851529,0.520951235004502,0.5230846380138223,0.5266549148122605,0.5251577099587564,0.5296377232006588,0.5275099953683553,0.5192729646978981,1.0,0.533285165971873,0.5229327946619892
3,10,0.26237968782375215,0.9233736178966315,3889,1.5984200295947848,0.8858024691358025,648,1.613885657094157,0.8771,0.8120316828611024,0.08468063047978489,,,0.9999999999362851,,1.0,0.0,0.9696134857764979,0.39844791995090234,5,0.1,0.5,0.6062186483104836,0.6169916700885602,0.6150131256203651,0.6179175089309948,0.6351727117823058,0.6277232416679829,0.6281940527890096,0.6276162635176501,0.632231664024584,0.533285165971873,1.0,0.6165645312493628
3,11,0.29375939663155237,0.9159588499076761,3791,1.6202535152435302,0.8686708860759493,632,1.6138922307437982,0.8772,0.7967479811660995,0.08323112995233795,,,0.9076452212331386,,0.9076602580191757,0.09233974198082429,0.9694668343642049,0.3984339883187158,5,0.1,0.5,0.5982241015384067,0.5975786967051193,0.6023394683674665,0.6083668537047662,0.6137993311440685,0.6146524277043071,0.6138910013428444,0.620978047378222,0.6075808354804394,0.5229327946619892,0.6165645312493628,1.0
4,0,0.20289450933040637,0.9389578767957146,8214,1.3603456685709399,0.9218407596785975,1369,1.376548983799383,0.9086,0.791176044405794,0.08357614003677481,,,0.9457449553941031,,0.9457607549821796,0.0542392450178204,0.967142662740207,0.3909536863025965,5,0.1,0.5,1.0,0.5936234366106287,0.6031183389323161,0.5917771541697334,0.6033291147481034,0.6012526986358452,0.5902699555673235,0.5928086263763657,0.5969898635078058,0.4451041569417881,0.6000900629538033,0.5968925343633149
4,1,0.21419603986285843,0.9349558868268938,6574,1.3740660088402885,0.9105839416058394,1096,1.3766618391957146,0.9087,0.7867105221723434,0.08344601255044848,,,0.9407591516521296,,0.9407810852868832,0.0592189147131168,0.9671443597746255,0.3909527930862469,5,0.1,0.5,0.5936234366106287,1.0,0.6021641987171558,0.5947256088939997,0.601352325303792,0.5946161339178568,0.5844786534833951,0.5863080760486152,0.5889823069032553,0.4393697820503529,0.5988622033048333,0.5885032540344063
4,2,0.2301687059486645,0.9301746498357254,5783,1.3744180356302569,0.9118257261410788,964,1.3766619656413508,0.9085,0.7976164509804414,0.08436765276559087,,,0.9760715776670806,,0.9760905577029265,0.02390944229707348,0.967186198019008,0.39095627514678555,5,0.1,0.5,0.6031183389323161,0.6021641987171558,1.0,0.5996566911464474,0.6068147266699409,0.5995690948312051,0.6018430662670111,0.6063733698202817,0.5983199231965103,0.44629383526217825,0.6058657584966304,0.6013888258799166
4,3,0.23165790044579163,0.9286173633440514,5287,1.374153047800064,0.9194097616345063,881,1.3766153376704207,0.9085,0.7882546781935602,0.08379822307480041,,,0.9542540142661086,,0.9542693639877516,0.04573063601224836,0.9671680978136739,0.3909548656169862,5,0.1,0.5,0.5917771541697334,0.5947256088939997,0.5996566911464474,1.0,0.6061656045547626,0.5929710519124103,0.5925187196505852,0.5944588205500683,0.5898112346404962,0.44850961703927456,0.5928231274525099,0.5823657733203393
4,4,0.21499613562718994,0.932968591691996,4935,1.3656882460300739,0.9184914841849149,822,1.376670802744052,0.9085,0.803903855389505,0.08498414102451175,,,0.9996921789326909,,0.9996988103006877,0.00030118969931225426,0.9671881962315988,0.3909564622165466,5,0.1,0.5,0.6033291147481034,0.601352325303792,0.6068147266699409,0.6061656045547626,1.0,0.6086372032989275,0.6108567293544006,0.6110848841784834,0.6115259588517437,0.45087281439530547,0.614264887069621,0.602701120533228
4,5,0.23687320800549158,0.9308335118920077,4667,1.3897944164276124,0.8946015424164524,778,1.376665237993478,0.9085,0.7960691783621513,0.0843318866515175,,,0.9747012074984318,,0.9747151247427338,0.025284875257266193,0.9671861967096098,0.39095623679641966,5,0.1,0.5,0.6012526986358452,0.5946161339178568,0.5995690948312051,0.5929710519124103,0.6086372032989275,1.0,0.5978810845363112,0.6095675550790163,0.6038093932874637,0.4447900973168926,0.6052988052430294,0.5982422401173061
4,6,0.24587941574930613,0.9266112732988996,4453,1.3887851387262344,0.9164420485175202,742,1.376876727079812,0.9085,0.7925760659628152,0.08386692154711278,,,0.956886179921441,,0.9568997540284122,0.04310024597158779,0.9671661818933427,0.39095514435082296,5,0.1,0.5,0.5902699555673235,0.5844786534833951,0.6018430662670111,0.5925187196505852,0.6108567293544006,0.5978810845363112,1.0,0.6007420105659528,0.6020428375214342,0.43865613496765493,0.6089187837098172,0.5977092448970892
4,7,0.22915348429232835,0.9317278466214637,4277,1.3739865810974785,0.9102384291725105,713,1.3766899733497693,0.9085,0.7984126321590398,0.08463305594708494,,,0.9862404375504288,,0.9862557100547161,0.013744289945283872,0.9671884221363248,0.3909564267112936,5,0.1,0.5,0.5928086263763657,0.5863080760486152,0.6063733698202817,0.5944588205500683,0.6110848841784834,0.6095675550790163,0.6007420105659528,1.0,0.6153272771521336,0.4417912243331627,0.6109545160342417,0.6073114646074101
4,8,0.23922060881341728,0.9292322596270284,4129,1.4012236866084011,0.8837209302325582,688,1.3773269980860214,0.9085,0.7969303419079639,0.08377061141435563,,,0.9531960800520991,,0.9532101802118368,0.04678981978816321,0.967142005056525,0.3909547432291967,5,0.1,0.5,0.5969898635078058,0.5889823069032553,0.5983199231965103,0.5898112346404962,0.6115259588517437,0.6038093932874637,0.6020428375214342,0.6153272771521336,1.0,0.4480810855046314,0.6133141611417878,0.6006602417864957
4,9,0.2575632152137428,0.9244688827793052,4001,1.4122867016565233,0.881559220389805,667,1.388901857522349,0.9049,0.625594083724387,0.07455233479215914,,,0.6,,0.6,0.4,0.962465333303717,0.38872292842353423,5,0.1,0.5,0.4451041569417881,0.4393697820503529,0.44629383526217825,0.44850961703927456,0.45087281439530547,0.4447900973168926,0.43865613496765493,0.4417912243331627,0.4480810855046314,1.0,0.45429970205572123,0.4447817813333612
4,10,0.23198421272433928,0.9317048084340448,3889,1.35844129607791,0.9135802469135802,648,1.3766691951325145,0.9085,0.8025182879814945,0.08499217503042422,,,0.9999999999616852,,1.0,0.0,0.967188172062114,0.3909564622168791,5,0.1,0.5,0.6000900629538033,0.5988622033048333,0.6058657584966304,0.5928231274525099,0.614264887069621,0.6052988052430294,0.6089187837098172,0.6109545160342417,0.6133141611417878,0.45429970205572123,1.0,0.6098166870429852
4,11,0.26260211818358475,0.9225534159852282,3791,1.3871284902095795,0.8939873417721519,632,1.3766802058052332,0.9085,0.7928529404923544,0.08368084516521954,,,0.9497567075299613,,0.949766577983033,0.05023342201696701,0.9671489581557153,0.39095429154873884,5,0.1,0.5,0.5968925343633149,0.5885032540344063,0.6013888258799166,0.5823657733203393,0.602701120533228,0.5982422401173061,0.5977092448970892,0.6073114646074101,0.6006602417864957,0.4447817813333612,0.6098166870429852,1.0
5,0,0.18948452895550702,0.9440224007791576,8214,1.1133305388827657,0.9459459459459459,1369,1.1326018067213675,0.9306,0.7791704701252125,0.08353715508325887,,,0.92633036912961,,0.926349078861503,0.07365092113849703,0.9665541623195104,0.38901202772300597,5,0.1,0.5,1.0,0.5803465515516875,0.5776851097915081,0.5777825775051795,0.5834241733356226,0.5819293278299211,0.5761583805290523,0.5688553728996476,0.5092378481510526,0.5740632189438595,0.5745380216271215,0.5695309419722787
5,1,0.19966170047387227,0.939671432917554,6574,1.12876740864345,0.9324817518248175,1096,1.132733845291808,0.9306,0.7831034885285252,0.08358870050389018,,,0.9291097366605483,,0.9291250439234978,0.07087495607650218,0.9665562910513329,0.3890130262214125,5,0.1,0.5,0.5803465515516875,1.0,0.5857566749462616,0.5859142800031542,0.5807578630691232,0.5876560102672918,0.577886482751337,0.5712899592120504,0.5109469262482139,0.5781758767634936,0.5854480394653301,0.56675722576082
5,2,0.2132378740750706,0.9356389417257479,5783,1.1299816716101863,0.9304979253112033,964,1.132740588614735,0.9306,0.785431505475967,0.08428883854153815,,,0.9668617019210992,,0.9668741529039707,0.03312584709602928,0.9665740933053145,0.38902009099364016,5,0.1,0.5,0.5776851097915081,0.5857566749462616,1.0,0.5877322596783919,0.581314003109154,0.5847713479708309,0.577146025299629,0.5824045722857976,0.516128543323501,0.5789497251741585,0.58175216476036,0.5743981995742963
5,3,0.2093916536802538,0.9364478910535275,5287,1.13017515199525,0.9353007945516458,881,1.13266484691693,0.9306,0.7865805100934898,0.08394757211076531,,,0.9484603614048648,,0.9484714622759901,0.05152853772400989,0.9665700105019086,0.38901782328121515,5,0.1,0.5,0.5777825775051795,0.5859142800031542,0.5877322596783919,1.0,0.5943894170702109,0.5888061668404108,0.5721620909922364,0.5852074614730346,0.5166117007325854,0.580067875729715,0.5815254120117862,0.5711976573373808
5,4,0.19882035859710268,0.9384397163120567,4935,1.1216351710833037,0.940389294403893,822,1.1327525322048808,0.9306,0.7911328635079714,0.08490341271774528,,,0.9999999999460792,,1.0,0.0,0.9665761277530577,0.3890210453012232,5,0.1,0.5,0.5834241733356226,0.5807578630691232,0.581314003109154,0.5943894170702109,1.0,0.5891518184377272,0.5875170259289341,0.5889094969500905,0.5155659396959983,0.5906914272883775,0.5865180583595316,0.5807840522049986
5,5,0.21986729727598697,0.933619027212342,4667,1.147635428905487,0.9151670951156813,778,1.1327505395435298,0.9305,0.7890216424562324,0.08439155489535989,,,0.9724002443408135,,0.9724160433713167,0.027583956628683293,0.9665745560614698,0.38902048101732806,5,0.1,0.5,0.5819293278299211,0.5876560102672918,0.5847713479708309,0.5888061668404108,0.5891518184377272,1.0,0.5795282799788609,0.5898975254584606,0.517790819511543,0.5804532981432514,0.5868817308508866,0.5746082833318318
5,6,0.22242411334466722,0.9325398607680215,4453,1.147933269540469,0.9299191374663073,742,1.132928783329912,0.9306,0.7809107823252356,0.08379354749604154,,,0.9401552392837248,,0.9401787058882586,0.05982129411174142,0.9665637805813909,0.38901616450190163,5,0.1,0.5,0.5761583805290523,0.577886482751337,0.577146025299629,0.5721620909922364,0.5875170259289341,0.5795282799788609,1.0,0.5773927929269654,0.5066964592041318,0.5807501114463766,0.5845895737904783,0.5688703161814702
5,7,0.21175325575437565,0.9376198269815291,4277,1.1289509483005689,0.9396914446002805,713,1.1327734286792743,0.9306,0.7855119635112412,0.0844696368373667,,,0.9766104808993358,,0.9766276793333668,0.023372320666633195,0.9665750260456323,0.3890207128022904,5,0.1,0.5,0.5688553728996476,0.5712899592120504,0.5824045722857976,0.5852074614730346,0.5889094969500905,0.5898975254584606,0.5773927929269654,1.0,0.5176559254087847,0.5822208576015933,0.5868604094943162,0.5768362262664577
5,8,0.28164008186915174,0.920368127875999,4129,1.1619026498361067,0.9127906976744186,688,1.1334723495065975,0.9305,0.7119805190419313,0.08129637402191014,,,0.8055057827827223,,0.8055318508107022,0.19446814918929778,0.9661921729379154,0.38883056284807443,5,0.1,0.5,0.5092378481510526,0.5109469262482139,0.516128543323501,0.5166117007325854,0.5155659396959983,0.517790819511543,0.5066964592041318,0.5176559254087847,1.0,0.5097063769435832,0.5138298276405594,0.5101465146074265
5,9,0.22905677171270544,0.9332166958260435,4001,1.174647711572193,0.9070464767616192,667,1.1474600525709768,0.9271,0.7791316374372383,0.07748511772068771,,,0.6,,0.6,0.4,0.9619721621045518,0.38665256590664754,5,0.1,0.5,0.5740632189438595,0.5781758767634936,0.5789497251741585,0.580067875729715,0.5906914272883775,0.5804532981432514,0.5807501114463766,0.5822208576015933,0.5097063769435832,1.0,0.5910699433775818,0.5724298343834309
5,10,0.21026884181669256,0.9388531756235536,3889,1.1127412688164484,0.9351851851851852,648,1.1327503993869208,0.9306,0.7881058784025354,0.08480197536211058,,,0.9945304220626837,,0.9945434466141257,0.005456553385874252,0.9665762932123995,0.3890210408248938,5,0.1,0.5,0.5745380216271215,0.5854480394653301,0.58175216476036,0.5815254120117862,0.5865180583595316,0.5868817308508866,0.5845895737904783,0.5868604094943162,0.5138298276405594,0.5910699433775818,1.0,0.5779334052685472
5,11,0.24214087394105285,0.9297810604062253,3791,1.1461714059114456,0.9208860759493671,632,1.1327584526790218,0.9306,0.7760181485691865,0.08349611470932557,,,0.9241174415529065,,0.9241303147432358,0.07586968525676419,0.9665541826449459,0.38901124743960896,5,0.1,0.5,0.5695309419722787,0.56675722576082,0.5743981995742963,0.5711976573373808,0.5807840522049986,0.5746082833318318,0.5688703161814702,0.5768362262664577,0.5101465146074265,0.5724298343834309,0.5779334052685472,1.0
6,0,0.1795573775910189,0.9453615777940102,8214,0.8784581603005875,0.9554419284149014,1369,0.9004524915743941,0.9411,0.7664269623565713,0.08363888802746233,,,0.9092938572785003,,0.9093067617087496,0.09069323829125042,0.96522027773096,0.38093492866211354,5,0.1,0.5,1.0,0.5594574970096273,0.5611704565307754,0.5549230648794561,0.5586671673730494,0.5612674964409518,0.5369540797648338,0.5483221279961326,0.47365348234616833,0.5516789664781592,0.5538802901658163,0.5440128533984644
6,1,0.1854631666053376,0.9433221782780651,6574,0.8964126689093453,0.9388686131386861,1096,0.9005976439284059,0.941,0.7684361717649559,0.08374509017623755,,,0.9167514511731988,,0.9167712464233723,0.08322875357662773,0.9652344779466289,0.3809385192480214,5,0.1,0.5,0.5594574970096273,1.0,0.5635011481937743,0.557442635106007,0.5601007542832714,0.5584987605648949,0.5443095701267829,0.5492393925751442,0.47452971657159215,0.5543427347668322,0.5585672328257417,0.542134534860671
6,2,0.19622875294900236,0.9410340653639979,5783,0.8980075678517742,0.9377593360995851,964,0.9005908714696622,0.941,0.7726656418431044,0.08436811203341432,,,0.960500509473134,,0.9605240700768034,0.039475929923196595,0.9652747586123369,0.38094937701382126,5,0.1,0.5,0.5611704565307754,0.5635011481937743,1.0,0.5643826998894993,0.5639362219385963,0.5634959755673534,0.5391460462830933,0.5636095651439428,0.47653229198166724,0.5569579338471516,0.5550487483472192,0.5492668817447438
6,3,0.2007941003243652,0.9391337242292416,5287,0.8973111403839928,0.9511918274687855,881,0.9005272392266855,0.941,0.7686428064127908,0.08399473807615897,,,0.9342819124279789,,0.9342954670950253,0.06570453290497469,0.9652525901977776,0.38094479783479046,5,0.1,0.5,0.5549230648794561,0.557442635106007,0.5643826998894993,1.0,0.5617624080689362,0.5567128494359964,0.544663765989928,0.5566566674656864,0.4722598935579387,0.5638672964060295,0.5501521689983956,0.5399386787231715
6,4,0.1847354254535129,0.9441540020263425,4935,0.8896081951948313,0.9574209245742092,822,0.900602509228947,0.941,0.7768178442267302,0.08493061661884152,,,0.9999999999297793,,1.0,0.0,0.9652819294723823,0.380950514766502,5,0.1,0.5,0.5586671673730494,0.5601007542832714,0.5639362219385963,0.5617624080689362,1.0,0.5609346167675476,0.5520902888806332,0.5652877162962414,0.4867023101143781,0.5677594120731183,0.5697010936001272,0.5455824600458317
6,5,0.20476061182785524,0.9377330190700665,4667,0.916085889339447,0.9305912596401028,778,0.900604787725991,0.941,0.7727981943064193,0.0844421750237289,,,0.9657012677512192,,0.9657195923899403,0.03428040761005968,0.9652769819105174,0.38094979301387655,5,0.1,0.5,0.5612674964409518,0.5584987605648949,0.5634959755673534,0.5567128494359964,0.5609346167675476,1.0,0.5503954244476333,0.5639678585970845,0.4873099659824792,0.5516807769011595,0.5628748436162676,0.5404168749194691
6,6,0.2037506996893457,0.9397709409386931,4453,0.9177899211645126,0.9339622641509434,742,0.900763280094622,0.9411,0.7572031845887677,0.08348422356608584,,,0.8984332037400349,,0.8984438532202199,0.10155614677978009,0.9652072153675934,0.38092816933499435,5,0.1,0.5,0.5369540797648338,0.5443095701267829,0.5391460462830933,0.544663765989928,0.5520902888806332,0.5503954244476333,1.0,0.545673482559803,0.47225439432213445,0.5489342391966264,0.5467843700952582,0.5376092760419512
6,7,0.19708328509369671,0.9420154313771335,4277,0.8966724328372789,0.9467040673211781,713,0.9006244387870399,0.941,0.7728676215492333,0.08449736199285204,,,0.9695765377786718,,0.9695898800261031,0.030410119973896865,0.9652766831803857,0.3809500241422757,5,0.1,0.5,0.5483221279961326,0.5492393925751442,0.5636095651439428,0.5566566674656864,0.5652877162962414,0.5639678585970845,0.545673482559803,1.0,0.4885625597133968,0.559583501492151,0.5611179601278763,0.5563490858143199
6,8,0.25381364930313655,0.9273431823686122,4129,0.9350893118164756,0.9229651162790697,688,0.9036516341538475,0.9409,0.6850547093281547,0.07923429417188887,,,0.6,,0.6,0.4,0.9596134689248874,0.3786551807276431,5,0.1,0.5,0.47365348234616833,0.47452971657159215,0.47653229198166724,0.4722598935579387,0.4867023101143781,0.4873099659824792,0.47225439432213445,0.4885625597133968,1.0,0.4815698589141459,0.486883021073961,0.47561326787962693
6,9,0.21390720205334665,0.9355661084728818,4001,0.9470410290218535,0.9190404797601199,667,0.9165711277209151,0.9384,0.7679652801165388,0.07960730578373042,,,0.626193152880635,,0.6262135434968125,0.37378645650318754,0.9604079405643531,0.3791643123652012,5,0.1,0.5,0.5516789664781592,0.5543427347668322,0.5569579338471516,0.5638672964060295,0.5677594120731183,0.5516807769011595,0.5489342391966264,0.559583501492151,0.4815698589141459,1.0,0.5685673500769818,0.5453298970587209
6,10,0.19149556911672602,0.9437901774235021,3889,0.8793353324844724,0.9429012345679012,648,0.9006016669562831,0.941,0.7736170662381261,0.08474838448097259,,,0.9872035236394017,,0.9872195170925154,0.01278048290748457,0.9652818569736398,0.3809504788235301,5,0.1,0.5,0.5538802901658163,0.5585672328257417,0.5550487483472192,0.5501521689983956,0.5697010936001272,0.5628748436162676,0.5467843700952582,0.5611179601278763,0.486883021073961,0.5685673500769818,1.0,0.5505239279937313
