round,client_id,client_i_training_loss,client_i_training_accuracy,client_i_training_dataset_size,client_i_evaluation_loss,client_i_evaluation_accuracy,client_i_evaluation_dataset_size,client_i_central_evaluation_loss,client_i_central_evaluation_accuracy,client_i_cosine_similarity,client_i_importance_coefficient,client_i_tanh_val,tanh_normalization_value,client_i_q,client_i_mask_order,client_i_v_nonzero_fraction,client_i_v_sparsity,client_i_v_cosine_similarity,client_i_reward_gradient_norm,local_epochs,learning_rate,gamma,client_0_cosine_similarity,client_1_cosine_similarity,client_2_cosine_similarity,client_3_cosine_similarity,client_4_cosine_similarity,client_5_cosine_similarity,client_6_cosine_similarity,client_7_cosine_similarity,client_8_cosine_similarity,client_9_cosine_similarity,client_10_cosine_similarity,client_11_cosine_similarity
0,0,2.2229800431816664,0.17795471146822497,6845,2.2987182573838667,0.11614317019722425,1369,2.2981828134271165,0.1097,0.8836296033009245,0.07854261334862518,,,0.7,,0.7000132032810154,0.29998679671898465,0,0.14019026119106187,10,0.025,0.15,1.0,0.9296762784298495,0.855611847106602,0.8575428455353171,0.8027783640265918,0.7907969669792925,0.7674906888959653,0.7687352542939498,0.7300636962655865,0.751101186157101,0.7008948335416658,0.7161017344757246
0,1,2.2677478607310806,0.15507484483388098,5478,2.2969665792253284,0.10948905109489052,1096,2.298170264763168,0.1094,0.9416001957309162,0.08369540792432817,,,0.8893545974675849,,0.8893977653446882,0.11060223465531183,0,0.14037151021238597,10,0.025,0.15,0.9296762784298495,1.0,0.9224534357581052,0.9296057320958543,0.8744331714407892,0.8732820815887572,0.8231953705937676,0.8436881406768603,0.803289225885326,0.8272779159529354,0.7930953928316858,0.8033044109893744
0,2,2.2878632407439383,0.17221991701244813,4820,2.298535406589508,0.09647302904564316,964,2.298154411436636,0.1094,0.9580780565581387,0.08516006488798156,,,0.9431777269764583,,0.9432341436847056,0.056765856315294405,0,0.1404022280351064,10,0.025,0.15,0.855611847106602,0.9224534357581052,1.0,0.9265187904834623,0.9235179949403941,0.9149376094890921,0.895049193828981,0.8783352133056386,0.8565676209493126,0.8608437672556916,0.8215627832208571,0.867029029191835
0,3,2.290840855325971,0.13004993191103043,4406,2.298958812441145,0.10329171396140749,881,2.298154384275026,0.1094,0.9724126169029325,0.08643421168713565,,,0.989999999963252,,0.9900232707827895,0.00997672921721049,0,0.14040249007260894,10,0.025,0.15,0.8575428455353171,0.9296057320958543,0.9265187904834623,1.0,0.938716151067611,0.9161524012966112,0.8972905606444058,0.9124374016371456,0.8946255137302851,0.9009044660485479,0.8777932048341976,0.8686286519862193
0,4,2.294371013207869,0.13582198443579765,4112,2.2960266385759627,0.09975669099756691,822,2.2981543510775024,0.1094,0.9681810760236929,0.08605808544837515,,,0.976178134664503,,0.9762175900711326,0.023782409928867376,0,0.14040247031194306,10,0.025,0.15,0.8027783640265918,0.8744331714407892,0.9235179949403941,0.938716151067611,1.0,0.9363347717259198,0.9123729987060681,0.9333957636406788,0.90695088017063,0.9174310180043657,0.8971640122725233,0.9136087379199488
0,5,2.293834593988234,0.14404731293391618,3889,2.296966450554984,0.11311053984575835,778,2.298154550262644,0.1094,0.9524518603061342,0.08465997281864174,,,0.9248003724952438,,0.9248238187189517,0.0751761812810483,0,0.14040176344132663,10,0.025,0.15,0.7907969669792925,0.8732820815887572,0.9149376094890921,0.9161524012966112,0.9363347717259198,1.0,0.9053187887453396,0.9096085780397496,0.8716465898647835,0.8900281990506775,0.8817163418558099,0.8759427968662464
0,6,2.296107059511645,0.11934788466720561,3711,2.2986708084742227,0.12398921832884097,742,2.298170237601558,0.1094,0.9362052817624096,0.08321587369381504,,,0.8717327012602529,,0.8717796372398541,0.12822036276014592,0,0.14037020498212127,10,0.025,0.15,0.7674906888959653,0.8231953705937676,0.895049193828981,0.8972905606444058,0.9123729987060681,0.9053187887453396,1.0,0.9077852818030463,0.8728101940090319,0.8798409314045196,0.8861591654910049,0.8727658507443685
0,7,2.2965316925730024,0.12912457912457911,3564,2.3007830381393433,0.10238429172510519,713,2.298154652873172,0.1094,0.945373181151713,0.08403077484047562,,,0.9016786415330098,,0.9017263289927547,0.09827367100724527,0,0.14040107765283355,10,0.025,0.15,0.7687352542939498,0.8436881406768603,0.8783352133056386,0.9124374016371456,0.9333957636406788,0.9096085780397496,0.9077852818030463,1.0,0.8699211798568213,0.8890442034079964,0.9328838411293334,0.891873465167788
0,8,2.2962967069060713,0.12938099389712293,3441,2.298019528388977,0.11337209302325581,688,2.298170608810232,0.1095,0.9238481424032162,0.08211749263555429,,,0.8313694575684335,,0.8314106055354755,0.16858939446452448,0,0.1403656319404718,10,0.025,0.15,0.7300636962655865,0.803289225885326,0.8565676209493126,0.8946255137302851,0.90695088017063,0.8716465898647835,0.8728101940090319,0.8699211798568213,1.0,0.9447136204520347,0.8609709948017804,0.9272190972931788
0,9,2.2964577268671107,0.12090581883623275,3334,2.2966809272766113,0.11694152923538231,667,2.2981702436374714,0.1094,0.9350731836706871,0.08311524562255226,,,0.8680348267092762,,0.8680662144542919,0.13193378554570812,0,0.14036989849126394,10,0.025,0.15,0.751101186157101,0.8272779159529354,0.8608437672556916,0.9009044660485479,0.9174310180043657,0.8900281990506775,0.8798409314045196,0.8890442034079964,0.9447136204520347,1.0,0.8707331050952047,0.9168057520315601
0,10,2.297782335831569,0.10555384140697316,3241,2.294564445813497,0.10802469135802469,648,2.298175962665413,0.1095,0.9107430920206497,0.08095263249362711,,,0.7885632443495487,,0.7886072188938952,0.21139278110610482,0,0.14030441764757395,10,0.025,0.15,0.7008948335416658,0.7930953928316858,0.8215627832208571,0.8777932048341976,0.8971640122725233,0.8817163418558099,0.8861591654910049,0.9328838411293334,0.8609709948017804,0.8707331050952047,1.0,0.891341939973777
0,11,2.2975096063613893,0.1276986388097499,3159,2.296744680404663,0.11075949367088607,632,2.2981706782232356,0.1095,0.9227245949445906,0.08201762459888824,,,0.8276995127249216,,0.8277549471043555,0.1722450528956445,0,0.14036513495826547,10,0.025,0.15,0.7161017344757246,0.8033044109893744,0.867029029191835,0.8686286519862193,0.9136087379199488,0.8759427968662464,0.8727658507443685,0.891873465167788,0.9272190972931788,0.9168057520315601,0.891341939973777,1.0
1,0,2.0839421638736018,0.24574141709276845,6845,2.288605820048939,0.168736303871439,1369,2.28805006908465,0.1678,0.9014930763216606,0.07818611887306585,,,0.7,,0.7000132032810154,0.29998679671898465,0.8892667771316769,0.1451519167033016,10,0.025,0.15,1.0,0.9545509862335969,0.9208446895662213,0.9119946619488242,0.8877825513337114,0.8718844807640138,0.8391503577380857,0.8407727111885507,0.8275716520200888,0.8229553444025628,0.8068428966986148,0.7931644803015612
1,1,2.1321849734284157,0.22869660460021907,5478,2.2871878147125244,0.17153284671532848,1096,2.288005786606028,0.1678,0.9454994594802777,0.08282115054935163,,,0.8781409338532318,,0.8781832285322902,0.12181677146770975,0.8923388481358765,0.14527193179384573,10,0.025,0.15,0.9545509862335969,1.0,0.9556883950524437,0.9555010299821377,0.9362292006986166,0.922522578187696,0.8896725772369676,0.8948655256563721,0.8815674482990914,0.8743824393673395,0.8675311694858591,0.8520722304147791
1,2,2.188804371419706,0.20807053941908712,4820,2.2883929908275604,0.15767634854771784,964,2.287987781476371,0.1648,0.9783487688286131,0.08480300184067166,,,0.9543106052710753,,0.9543579079401231,0.045642092059876904,0.8917942148242092,0.14527629531605615,10,0.025,0.15,0.9208446895662213,0.9556883950524437,1.0,0.9728508947474546,0.9702440326757581,0.9594535068652821,0.9444173086478358,0.9478236978564492,0.9363574879585423,0.9253500468321917,0.9180408144133326,0.9132037561070727
1,3,2.1952841370446343,0.20562868815251928,4406,2.2879793643951416,0.15891032917139614,881,2.287987657740146,0.1648,0.9825706347218394,0.08573160073885741,,,0.9899999999615664,,0.9900232707827895,0.00997672921721049,0.8918032427319699,0.14527642911018235,10,0.025,0.15,0.9119946619488242,0.9555010299821377,0.9728508947474546,1.0,0.9740555426589909,0.9646051798550438,0.9487204946065803,0.9537912055341007,0.945891360646508,0.9381254348954918,0.9305801627360412,0.9166370584396293
1,4,2.208335906086546,0.19824902723735408,4112,2.286700521196638,0.15085158150851583,822,2.2879876879197134,0.1648,0.9855753901283859,0.08559632685098288,,,0.9848009380360098,,0.984832730933637,0.01516726906636301,0.8918019685629944,0.1452764256211394,10,0.025,0.15,0.8877825513337114,0.9362292006986166,0.9702440326757581,0.9740555426589909,1.0,0.9724516185146163,0.9616303498636903,0.9655039966795276,0.9521619699235124,0.9501084915313059,0.9420734196877872,0.9348332610954571
1,5,2.213455375163786,0.2063255335561841,3889,2.287320409502302,0.17480719794344474,778,2.287987962553773,0.1648,0.984561055306563,0.08469556177078585,,,0.9501812970549874,,0.9502318826228318,0.04976811737716824,0.8918104861332735,0.1452762597832502,10,0.025,0.15,0.8718844807640138,0.922522578187696,0.9594535068652821,0.9646051798550438,0.9724516185146163,1.0,0.9680178164025612,0.9665603520137636,0.9606764109237849,0.9472184567542935,0.955939472777805,0.946854576546368
1,6,2.242898995300819,0.1703853408784694,3711,2.288469990094503,0.1725067385444744,742,2.288000882426395,0.1678,0.979943245286761,0.08364856227382891,,,0.9099413416117414,,0.9099948837286066,0.0900051162713934,0.892669458423328,0.14527557238236696,10,0.025,0.15,0.8391503577380857,0.8896725772369676,0.9444173086478358,0.9487204946065803,0.9616303498636903,0.9680178164025612,1.0,0.9731966984664958,0.9709314463283326,0.9564762041817082,0.9675676820598531,0.9635383356759878
1,7,2.2391873027597153,0.18959034792368126,3564,2.290049950281779,0.1640953716690042,713,2.2879880862899973,0.1648,0.9828386418120939,0.08424883939753178,,,0.9330121499374464,,0.933042861150996,0.066957138849004,0.8917996602386379,0.14527601700473308,10,0.025,0.15,0.8407727111885507,0.8948655256563721,0.9478236978564492,0.9537912055341007,0.9655039966795276,0.9665603520137636,0.9731966984664958,1.0,0.972318065624476,0.9642166053109686,0.9738520625936441,0.9637338810138979
1,8,2.242382382463526,0.18448125544899738,3441,2.2879207134246826,0.18023255813953487,688,2.288006912303876,0.1678,0.9767637143115172,0.08286308398396722,,,0.8797525865287277,,0.8797841263553993,0.12021587364460073,0.8922551893231235,0.14527203884806328,10,0.025,0.15,0.8275716520200888,0.8815674482990914,0.9363574879585423,0.945891360646508,0.9521619699235124,0.9606764109237849,0.9709314463283326,0.972318065624476,1.0,0.9633856844930448,0.9686766888697421,0.9674075160652117
1,9,2.2441558749587447,0.19103179364127174,3334,2.2861191431681314,0.17091454272863568,667,2.288005557241319,0.1678,0.9685234039677246,0.08321312133028964,,,0.8932057804036296,,0.8932514729910382,0.10674852700896176,0.8923219358429257,0.14527273073275646,10,0.025,0.15,0.8229553444025628,0.8743824393673395,0.9253500468321917,0.9381254348954918,0.9501084915313059,0.9472184567542935,0.9564762041817082,0.9642166053109686,0.9633856844930448,1.0,0.9499647098128468,0.9585038681807573
1,10,2.2505504213846645,0.17232335698858378,3241,2.284656564394633,0.1574074074074074,648,2.288013838514497,0.1678,0.968361204266691,0.0818657580153949,,,0.8414217633961617,,0.8414533511577627,0.15854664884223735,0.8918098332171729,0.14526507767468833,10,0.025,0.15,0.8068428966986148,0.8675311694858591,0.9180408144133326,0.9305801627360412,0.9420734196877872,0.955939472777805,0.9675676820598531,0.9738520625936441,0.9686766888697421,0.9499647098128468,1.0,0.9688758953647869
1,11,2.2530936880111696,0.1807534029756252,3159,2.286186933517456,0.17246835443037975,632,2.288007386123078,0.1678,0.962244226045081,0.08232687437527224,,,0.8591441231771797,,0.859187007971481,0.14081299202851905,0.89226629206123,0.14526705811648444,10,0.025,0.15,0.7931644803015612,0.8520722304147791,0.9132037561070727,0.9166370584396293,0.9348332610954571,0.946854576546368,0.9635383356759878,0.9637338810138979,0.9674075160652117,0.9585038681807573,0.9688758953647869,1.0
2,0,1.9976280177081074,0.28222059897735574,6845,2.273520057851618,0.183345507669832,1369,2.272898686083057,0.1896,0.9098195113510186,0.0781291309136961,,,0.7,,0.7000132032810154,0.29998679671898465,0.9578400642913122,0.14563770025460288,10,0.025,0.15,1.0,0.9523348481592689,0.9232105730639318,0.9155330217433227,0.8876519799677846,0.884551384992551,0.8612325077992263,0.8596735313625474,0.8438122097441578,0.8390850866616082,0.8295042632616448,0.8197567631723253
2,1,2.0424155778663104,0.26663015699160275,5478,2.2720727390713162,0.18613138686131386,1096,2.2728127014787893,0.1894,0.9606089439645927,0.08265815466112084,,,0.8855321604879318,,0.8855770659008764,0.11442293409912363,0.9586824546012165,0.14579346055750503,10,0.025,0.15,0.9523348481592689,1.0,0.9609450527848409,0.958214587084168,0.9402770554600804,0.9385598091679148,0.9213169986440951,0.9210502150851533,0.913130349803591,0.9029218201331067,0.9033157917088086,0.8915800806994063
2,2,2.098755605597245,0.24518672199170125,4820,2.2734479010105133,0.1825726141078838,964,2.2727934046636653,0.1887,0.9802718419229823,0.08452769372741017,,,0.962118118396075,,0.9621643478404384,0.03783565215956164,0.9587031690680609,0.14579987113457196,10,0.025,0.15,0.9232105730639318,0.9609450527848409,1.0,0.9676573616960582,0.964450608000363,0.9603300086490452,0.9553702410313871,0.9541594989446028,0.945479585341509,0.933790292491181,0.9349778001792282,0.9293603947482947
2,3,2.0994046933310373,0.251838402178847,4406,2.2718940121786937,0.1793416572077185,881,2.2727931632271297,0.1887,0.9834956786282201,0.08520831806439537,,,0.9899999999590348,,0.9900232707827895,0.00997672921721049,0.9587026307067513,0.14580010146289218,10,0.025,0.15,0.9155330217433227,0.958214587084168,0.9676573616960582,1.0,0.9671883938674635,0.9662991838727146,0.9575442434336741,0.95962125622737,0.954472278334995,0.9449303873181989,0.9437089244960967,0.9313173009663082
2,4,2.108096899769523,0.24112354085603113,4112,2.2723190443856374,0.18248175182481752,822,2.2727932175503502,0.1887,0.9842871956063354,0.08515030277382998,,,0.9876233945799945,,0.9876549322506643,0.012345067749335747,0.958702538383728,0.1458000992617183,10,0.025,0.15,0.8876519799677846,0.9402770554600804,0.964450608000363,0.9671883938674635,1.0,0.967393701168831,0.9656371867897201,0.9674574996950823,0.9612758999838498,0.9573078286398187,0.9512542645217453,0.9443137305983762
2,5,2.1141350365454152,0.2527127796348676,3889,2.2730283396584645,0.20308483290488433,778,2.272793567633327,0.1887,0.983514806214506,0.08456688631685132,,,0.9637236489032326,,0.9637569936129128,0.03624300638708722,0.9586990164021894,0.1457999013017122,10,0.025,0.15,0.884551384992551,0.9385598091679148,0.9603300086490452,0.9662991838727146,0.967393701168831,1.0,0.966277100207213,0.9643414682682574,0.962444982680056,0.9505820366240223,0.956514609830485,0.9483231196479884
2,6,2.151351569438803,0.22533009970358395,3711,2.2735431591669717,0.192722371967655,742,2.2728017644037175,0.1894,0.9830960588836709,0.08390437996206755,,,0.9365839732921457,,0.9366159990757703,0.06338400092422969,0.9586867577315137,0.14579896792540947,10,0.025,0.15,0.8612325077992263,0.9213169986440951,0.9553702410313871,0.9575442434336741,0.9656371867897201,0.966277100207213,1.0,0.9714221903675098,0.9722840957170755,0.9600217180703781,0.9643531271294952,0.964867450632756
2,7,2.140438015971865,0.2351010101010101,3564,2.274122953414917,0.1949509116409537,713,2.272793984111351,0.1887,0.9829973390030283,0.08427316466715008,,,0.9516912959525252,,0.9517420078889605,0.04825799211103954,0.958682280801656,0.14579961475791064,10,0.025,0.15,0.8596735313625474,0.9210502150851533,0.9541594989446028,0.95962125622737,0.9674574996950823,0.9643414682682574,0.9714221903675098,1.0,0.9709000463229847,0.9625472449242325,0.9662129505095981,0.9614163952538018
2,8,2.1487546262917694,0.23490264458006394,3441,2.2730167309443154,0.1933139534883721,688,2.2728099038329304,0.1894,0.9798553869804179,0.08331190143181379,,,0.9123129983776954,,0.9123632222607317,0.08763677773926826,0.9586796410114792,0.14579740504966174,10,0.025,0.15,0.8438122097441578,0.913130349803591,0.945479585341509,0.954472278334995,0.9612758999838498,0.962444982680056,0.9722840957170755,0.9709000463229847,1.0,0.964391811306461,0.9679216797205455,0.9660831145173353
2,9,2.1398319959640504,0.23584283143371326,3334,2.270011862119039,0.18590704647676162,667,2.2728079693226872,0.1894,0.970997401931582,0.08323990690130537,,,0.90936373126552,,0.9094089881335512,0.0905910118664488,0.958667546741124,0.14579719905177171,10,0.025,0.15,0.8390850866616082,0.9029218201331067,0.933790292491181,0.9449303873181989,0.9573078286398187,0.9505820366240223,0.9600217180703781,0.9625472449242325,0.964391811306461,1.0,0.9492730461971564,0.9539667136883525
2,10,2.1608702008540814,0.23245911755630977,3241,2.269983728726705,0.19290123456790123,648,2.2728219454801537,0.1892,0.9723960523143215,0.08245053654705141,,,0.8770270522332813,,0.8770692016966216,0.12293079830337839,0.9585864714458813,0.1457921609927757,10,0.025,0.15,0.8295042632616448,0.9033157917088086,0.9349778001792282,0.9437089244960967,0.9512542645217453,0.956514609830485,0.9643531271294952,0.9662129505095981,0.9679216797205455,0.9492730461971564,1.0,0.9685471969037232
2,11,2.1687091097831726,0.22025957581513136,3159,2.270442247390747,0.19936708860759494,632,2.272815972943849,0.1893,0.9675925260357342,0.08257962403330799,,,0.8823151411356097,,0.8823587661533892,0.11764123384661085,0.9585805767720393,0.14579296687670562,10,0.025,0.15,0.8197567631723253,0.8915800806994063,0.9293603947482947,0.9313173009663082,0.9443137305983762,0.9483231196479884,0.964867450632756,0.9614163952538018,0.9660831145173353,0.9539667136883525,0.9685471969037232,1.0
3,0,1.9331312188395748,0.3081665449233017,6845,2.252891042015769,0.20160701241782322,1369,2.252379242377945,0.2134,0.9157096498669701,0.07834582883447813,,,0.7,,0.7000132032810154,0.29998679671898465,0.9779117029638053,0.145311593330488,10,0.025,0.15,1.0,0.9506805477983296,0.9277281231467396,0.9185993869272252,0.891997286493032,0.8863623168182231,0.8681157445117773,0.8648992182804995,0.8443320132540968,0.8474029690955004,0.8339164974065444,0.830132307996228
3,1,1.9758872714153557,0.29246075209930633,5478,2.2513268523746066,0.22262773722627738,1096,2.2521993057637273,0.2152,0.9584826125184444,0.08255089944857533,,,0.8867165477947281,,0.8867571091416216,0.11324289085837835,0.9790482198143168,0.14549009855936612,10,0.025,0.15,0.9506805477983296,1.0,0.9565442553984703,0.9527629625753675,0.9367079063991413,0.9316761365163503,0.9162920677651278,0.9182271037378531,0.9044763133138017,0.9000033465338043,0.8974520159311918,0.8920840171234885
3,2,2.02905529862956,0.27176348547717843,4820,2.253721594810486,0.2074688796680498,964,2.25217735314671,0.2152,0.9736104121833556,0.0842041792226428,,,0.9601266567517215,,0.9601756036375039,0.03982439636249613,0.9791535235588587,0.14549810059300539,10,0.025,0.15,0.9277281231467396,0.9565442553984703,1.0,0.9615423435581681,0.9546273922361502,0.948063086318208,0.9417816788908767,0.9414217021497985,0.9299395745022108,0.9236028148058804,0.9213373923282551,0.9232969065475968
3,3,2.028631739956992,0.28098048116205177,4406,2.250476734978812,0.20317820658342792,881,2.2521764930290513,0.2153,0.9806981838136752,0.08485765764540254,,,0.989142872257591,,0.9891733095674275,0.01082669043257245,0.9791544330103928,0.14549836330926244,10,0.025,0.15,0.9185993869272252,0.9527629625753675,0.9615423435581681,1.0,0.9603951779911566,0.9591301072182986,0.9516452915460877,0.9528744030948986,0.9455785330474465,0.9401166589522697,0.9375696496554701,0.9310348063438505
3,4,2.0355313474481758,0.2705739299610895,4112,2.2525878633771623,0.2116788321167883,822,2.252176553388185,0.2153,0.9823918465218137,0.08487696114334091,,,0.9899999999555973,,0.9900232707827895,0.00997672921721049,0.9791544605826457,0.14549836533918803,10,0.025,0.15,0.891997286493032,0.9367079063991413,0.9546273922361502,0.9603951779911566,1.0,0.9605565337017674,0.9592094590974917,0.9623855860409596,0.9540355096223536,0.9521972956166368,0.9492595479638719,0.9480400705944408
3,5,2.0402643657499744,0.2785548984314734,3889,2.2534584317888533,0.21465295629820053,778,2.2521770362612568,0.2152,0.9797206725033538,0.08442793665938099,,,0.9700620942188334,,0.9701028205509069,0.029897179449093092,0.9791596076675391,0.14549825528568117,10,0.025,0.15,0.8863623168182231,0.9316761365163503,0.948063086318208,0.9591301072182986,0.9605565337017674,1.0,0.9588973700093175,0.9572060975523486,0.9548196305481192,0.9446342789506177,0.9493516068742652,0.9476784803054089
3,6,2.0745981273979974,0.2581783885745082,3711,2.253270705540975,0.2210242587601078,742,2.252180247367183,0.2151,0.9796860305073168,0.08401592231729187,,,0.9517675392263689,,0.9518080242940371,0.0481919757059629,0.9791488208091759,0.1454978978935833,10,0.025,0.15,0.8681157445117773,0.9162920677651278,0.9417816788908767,0.9516452915460877,0.9592094590974917,0.9588973700093175,1.0,0.962059368279976,0.9652730083538453,0.9526607767104401,0.9588411826553606,0.9627406037077965
3,7,2.0600782092128482,0.2620089786756453,3564,2.2526330947875977,0.2061711079943899,713,2.252178158941148,0.2152,0.9804591469677659,0.0842698769609024,,,0.9630438146335969,,0.9630720734102425,0.03692792658975752,0.9791566366839656,0.14549814547677814,10,0.025,0.15,0.8648992182804995,0.9182271037378531,0.9414217021497985,0.9528744030948986,0.9623855860409596,0.9572060975523486,0.962059368279976,1.0,0.9643098397853392,0.9589120891097658,0.9603009686409564,0.9635286898829568
3,8,2.071612963853059,0.26471955826794535,3441,2.2528865337371826,0.2180232558139535,688,2.2521898565413077,0.2152,0.9752678210810117,0.08350425106074766,,,0.9290479467640111,,0.9290818768463963,0.07091812315360368,0.979140344786201,0.14549675371865653,10,0.025,0.15,0.8443320132540968,0.9044763133138017,0.9299395745022108,0.9455785330474465,0.9540355096223536,0.9548196305481192,0.9652730083538453,0.9643098397853392,1.0,0.957854767666636,0.9616100284871661,0.9630174869740974
3,9,2.068051663151494,0.26553689262147573,3334,2.247963229815165,0.22488755622188905,667,2.2521863496756254,0.2152,0.9697842139224593,0.08328060513783762,,,0.9191174608135171,,0.919162911983628,0.08083708801637202,0.9791411816701218,0.14549598158750227,10,0.025,0.15,0.8474029690955004,0.9000033465338043,0.9236028148058804,0.9401166589522697,0.9521972956166368,0.9446342789506177,0.9526607767104401,0.9589120891097658,0.957854767666636,1.0,0.9508896509747488,0.9536894636492256
3,10,2.085013915025271,0.26374575748225854,3241,2.2503550052642822,0.22685185185185186,648,2.252209989330437,0.2126,0.9700589160466085,0.08280000786714543,,,0.8977776376575438,,0.8978148569919625,0.1021851430080375,0.979062842032534,0.14549187114969192,10,0.025,0.15,0.8339164974065444,0.8974520159311918,0.9213373923282551,0.9375696496554701,0.9492595479638719,0.9493516068742652,0.9588411826553606,0.9603009686409564,0.9616100284871661,0.9508896509747488,1.0,0.9643588056323902
3,11,2.0945685005187986,0.2505223171889839,3159,2.2489508152008058,0.22784810126582278,632,2.2521978692163396,0.2152,0.9696240861771556,0.08286587370225447,,,0.9007022594957471,,0.9007443349672394,0.09925566503276062,0.9790519797334323,0.14549379589791878,10,0.025,0.15,0.830132307996228,0.8920840171234885,0.9232969065475968,0.9310348063438505,0.9480400705944408,0.9476784803054089,0.9627406037077965,0.9635286898829568,0.9630174869740974,0.9536894636492256,0.9643588056323902,1.0
4,0,1.8814297548046819,0.32641344046749454,6845,2.226830244064331,0.23886048210372535,1369,2.2263559268999704,0.2422,0.9287051194825845,0.07895982046116846,,,0.7,,0.7000132032810154,0.29998679671898465,0.9840235012502999,0.14500850263628795,10,0.025,0.15,1.0,0.9488732004608746,0.935086658395594,0.9279903813949788,0.9033032330361866,0.899049472519484,0.8876792947354482,0.8782022997990098,0.8560143962562178,0.8651814189673236,0.845696665887164,0.84714350625831
4,1,1.9202729502389597,0.3123585250091274,5478,2.2249302334255643,0.2427007299270073,1096,2.226057647149774,0.2434,0.9590554480466817,0.08256100533442973,,,0.883382291809829,,0.8834397847865194,0.11656021521348059,0.9847864190393724,0.14520288558287733,10,0.025,0.15,0.9488732004608746,1.0,0.9539195839165608,0.9513060915106588,0.9340282568193553,0.9305161851752224,0.9178998747838504,0.9169723201907325,0.9010814058167698,0.9012487294769915,0.8933514003409613,0.8932336944907437
4,2,1.9722729005311666,0.2903526970954357,4820,2.22890767455101,0.2354771784232365,964,2.2260303286057486,0.2435,0.9701373021507498,0.08394906867642887,,,0.954066315482986,,0.9541103464210856,0.04588965357891439,0.9848654874100162,0.1452141597174797,10,0.025,0.15,0.935086658395594,0.9539195839165608,1.0,0.9589821351833573,0.9466134483168488,0.941314447433378,0.9347583798746358,0.9337860493177982,0.9194230004880929,0.9183257252035532,0.9095671354911797,0.9170227229933989
4,3,1.9711475488117762,0.30065819337267363,4406,2.223546641213553,0.2395005675368899,881,2.2260290007048016,0.2435,0.9793240016922399,0.08465471936746738,,,0.9899999999490772,,0.9900232707827895,0.00997672921721049,0.9848805666334569,0.14521473379721755,10,0.025,0.15,0.9279903813949788,0.9513060915106588,0.9589821351833573,1.0,0.9560912148000726,0.9549437778339854,0.9474828128767037,0.9484225034391485,0.9385506079191553,0.9339019237109853,0.9291862488685971,0.9274254562061386
4,4,1.979048229708816,0.2907830739299611,4112,2.227353436606271,0.23479318734793186,822,2.2260290399382385,0.2435,0.9777038697629112,0.08461377844148447,,,0.987915174787418,,0.9879437540228747,0.01205624597712529,0.9848810696400575,0.14521472914534087,10,0.025,0.15,0.9033032330361866,0.9340282568193553,0.9466134483168488,0.9560912148000726,1.0,0.9535539609021045,0.9501998366152131,0.9541736467522601,0.9427304530909558,0.939936395743875,0.9355470569700635,0.937789073039797
4,5,1.9781766103159997,0.30115710979686294,3889,2.229071991784232,0.2506426735218509,778,2.226029462452176,0.2435,0.9768192345004558,0.0843062034511286,,,0.9722526057664151,,0.9722896139690713,0.02771038603092868,0.9848763707118224,0.14521462143729214,10,0.025,0.15,0.899049472519484,0.9305161851752224,0.941314447433378,0.9549437778339854,0.9535539609021045,1.0,0.9525316839345346,0.9499950809023846,0.9449799253540366,0.9376563200489869,0.9378845509113832,0.94136006475357
4,6,2.0155921775719214,0.2819186203179736,3711,2.2273614406585693,0.24797843665768193,742,2.2260273559184016,0.2438,0.9768493257406964,0.08405147745957339,,,0.9592812539033762,,0.9593256424221419,0.04067435757785809,0.9848619585957831,0.14521436470209392,10,0.025,0.15,0.8876792947354482,0.9178998747838504,0.9347583798746358,0.9474828128767037,0.9501998366152131,0.9525316839345346,1.0,0.9556953928298969,0.9547118233487752,0.9428051549998162,0.9461232071930274,0.9539932563103445
4,7,1.9980079578501837,0.2833894500561167,3564,2.225436488787333,0.24123422159887797,713,2.226031197777277,0.2435,0.9779066919988846,0.08424362826222483,,,0.969066104113359,,0.9691208265253916,0.030879173474608446,0.9848740502237202,0.14521457470400348,10,0.025,0.15,0.8782022997990098,0.9169723201907325,0.9337860493177982,0.9484225034391485,0.9541736467522601,0.9499950809023846,0.9556953928298969,1.0,0.9573822600032381,0.9501431030544542,0.9521551725973176,0.9585415467242033
4,8,2.0086503708804093,0.2861668119732636,3441,2.227204958597819,0.24709302325581395,688,2.2260419990442974,0.2437,0.9702255825464362,0.083517555150033,,,0.9320924534896818,,0.9321186314799228,0.0678813685200772,0.9848330482325504,0.14521277900817756,10,0.025,0.15,0.8560143962562178,0.9010814058167698,0.9194230004880929,0.9385506079191553,0.9427304530909558,0.9449799253540366,0.9547118233487752,0.9573822600032381,1.0,0.9453325893437772,0.950371406972062,0.9551561994763459
4,9,2.009879363907708,0.28179364127174567,3334,2.2200493812561035,0.24887556221889057,667,2.226033216790308,0.2438,0.96603509525206,0.08324187212605948,,,0.918053911585127,,0.9181066495024014,0.0818933504975986,0.9848461178845643,0.1452112983316876,10,0.025,0.15,0.8651814189673236,0.9012487294769915,0.9183257252035532,0.9339019237109853,0.939936395743875,0.9376563200489869,0.9428051549998162,0.9501431030544542,0.9453325893437772,1.0,0.9392535463088927,0.9442554852934755
4,10,2.0251657233788416,0.2870718913915458,3241,2.225572148958842,0.24691358024691357,648,2.226067953471896,0.2422,0.9640257593030624,0.08287796396496921,,,0.8995227017367978,,0.8995560396758594,0.1004439603241406,0.9848337942295414,0.14520678225936032,10,0.025,0.15,0.845696665887164,0.8933514003409613,0.9095671354911797,0.9291862488685971,0.9355470569700635,0.9378845509113832,0.9461232071930274,0.9521551725973176,0.950371406972062,0.9392535463088927,1.0,0.954927042973376
4,11,2.0350812406539918,0.27075023741690407,3159,2.221596384048462,0.25158227848101267,632,2.226049048991143,0.2437,0.9672116037087019,0.08302290730503256,,,0.9069036174128422,,0.9069498770444455,0.09305012295555448,0.9848615603056844,0.145209597103722,10,0.025,0.15,0.84714350625831,0.8932336944907437,0.9170227229933989,0.9274254562061386,0.937789073039797,0.94136006475357,0.9539932563103445,0.9585415467242033,0.9551561994763459,0.9442554852934755,0.954927042973376,1.0
5,0,1.8358196042202137,0.3399561723886048,6845,2.1955223733728584,0.26442658875091307,1369,2.195139890984644,0.2702,0.9357339198357191,0.07960019032350962,,,0.7,,0.7000132032810154,0.29998679671898465,0.9879336718330592,0.1448356828355044,10,0.025,0.15,1.0,0.9434755053355252,0.9342466692604668,0.930463481887481,0.9060802132464939,0.9061979625123892,0.8974438631866444,0.887668317132748,0.8719182252818093,0.8617144042739406,0.8632600845069038,0.8611489444518888
5,1,1.8717699782792911,0.32873311427528296,5478,2.1930787563323975,0.2755474452554745,1096,2.1946387653109394,0.2712,0.9623661870586349,0.08270629466168519,,,0.883885745661897,,0.8839349078245944,0.11606509217540562,0.9893527140848232,0.14504671117061327,10,0.025,0.15,0.9434755053355252,1.0,0.9483636816804445,0.9497838304416049,0.9317166776213458,0.9330982767340499,0.9214503174551545,0.9213302397033275,0.9106239541962614,0.8986108397592102,0.9058912815622462,0.9045497989195975
5,2,1.9229689089875472,0.30881742738589213,4820,2.1993565261363983,0.26867219917012447,964,2.1946125362492817,0.2722,0.9702491807789658,0.08382568416525804,,,0.9501551787330018,,0.9501988744202935,0.04980112557970651,0.9894870661456981,0.14505925796572539,10,0.025,0.15,0.9342466692604668,0.9483636816804445,1.0,0.9549284744631097,0.9430424817818379,0.9417581812040485,0.9357366126931229,0.933454505169902,0.9232207415250431,0.9055796615247647,0.9175336722712911,0.9206572852197759
5,3,1.9225068838255746,0.31879255560599185,4406,2.191565683909825,0.27128263337116915,881,2.194611425641217,0.2722,0.9774385240064206,0.08449872258681641,,,0.9899999999407985,,0.9900232707827895,0.00997672921721049,0.9894870099050744,0.14506042399022318,10,0.025,0.15,0.930463481887481,0.9497838304416049,0.9549284744631097,1.0,0.9508164779151224,0.9529612437948356,0.9442027336097522,0.9447666517554405,0.9369450334124878,0.9207953060667058,0.9286039282864386,0.9267416449219383
5,4,1.9312362269921737,0.3079523346303502,4112,2.1968315669468472,0.25547445255474455,822,2.1946111811867244,0.2722,0.973546246155902,0.08434611595184849,,,0.9809654725042499,,0.9810120314898252,0.018987968510174813,0.9894862619481783,0.1450604007520705,10,0.025,0.15,0.9060802132464939,0.9317166776213458,0.9430424817818379,0.9508164779151224,1.0,0.9487085328613675,0.9428540949761638,0.9463207562918804,0.9376520890966402,0.9231809012662915,0.9318959229123168,0.9323203952654266
5,5,1.9301809987714214,0.3186423245050141,3889,2.199619701930455,0.2930591259640103,778,2.194612334046183,0.2722,0.9757480139384357,0.08422710121333284,,,0.9739196325858263,,0.9739647802478916,0.02603521975210843,0.9894810391325258,0.14506029310461122,10,0.025,0.15,0.9061979625123892,0.9330982767340499,0.9417581812040485,0.9529612437948356,0.9487085328613675,1.0,0.9494898540569786,0.9453276247985052,0.9430803598866366,0.924494428853854,0.9357158256834897,0.9394818333709445
5,6,1.966329207913629,0.300673672864457,3711,2.195988337198893,0.2749326145552561,742,2.1946048163160494,0.2713,0.9747509497355344,0.08403637024617601,,,0.9626280910605185,,0.9626677229291479,0.03733227707085207,0.9894853129098119,0.14505998055700658,10,0.025,0.15,0.8974438631866444,0.9214503174551545,0.9357366126931229,0.9442027336097522,0.9428540949761638,0.9494898540569786,1.0,0.9472747826582396,0.9500189405326382,0.9319631367173825,0.9404210337680375,0.9477765263098255
5,7,1.9473772325686045,0.29764309764309765,3564,2.193202257156372,0.2664796633941094,713,2.194614156892028,0.2722,0.9750293927955048,0.08416476822482129,,,0.970229431992464,,0.9702678615635986,0.029732138436401434,0.989482862126237,0.14506021185115398,10,0.025,0.15,0.887668317132748,0.9213302397033275,0.933454505169902,0.9447666517554405,0.9463207562918804,0.9453276247985052,0.9472747826582396,1.0,0.950015588827727,0.9368183102324216,0.9467817649638804,0.9515262198492399
5,8,1.9587681152202465,0.3031095611740773,3441,2.195952614148458,0.27180232558139533,688,2.194622311411025,0.2715,0.9695925829423163,0.08353631780059446,,,0.933024282941237,,0.9330511132016306,0.06694888679836941,0.9894800251125525,0.14505768442192574,10,0.025,0.15,0.8719182252818093,0.9106239541962614,0.9232207415250431,0.9369450334124878,0.9376520890966402,0.9430803598866366,0.9500189405326382,0.950015588827727,1.0,0.9356219777023418,0.9419839387880153,0.9469110149251688
5,9,1.9605159106077972,0.30107978404319136,3334,2.1867274840672812,0.27886056971514245,667,2.1946145009390916,0.2716,0.9571052701051461,0.08295710862057536,,,0.8987342848065996,,0.8987638428149395,0.10123615718506052,0.9893808897334001,0.14505079290047362,10,0.025,0.15,0.8617144042739406,0.8986108397592102,0.9055796615247647,0.9207953060667058,0.9231809012662915,0.924494428853854,0.9319631367173825,0.9368183102324216,0.9356219777023418,1.0,0.9289930357537994,0.9358862555458137
5,10,1.9699796818769895,0.30478247454489354,3241,2.195856054623922,0.2623456790123457,648,2.1946573076368887,0.2715,0.964372514248646,0.08296864324222723,,,0.8994171506322302,,0.8994570150682445,0.10054298493175551,0.9893337485276165,0.14505099069443592,10,0.025,0.15,0.8632600845069038,0.9058912815622462,0.9175336722712911,0.9286039282864386,0.9318959229123168,0.9357158256834897,0.9404210337680375,0.9467817649638804,0.9419839387880153,0.9289930357537994,1.0,0.9467391918099477
5,11,1.9839439077377319,0.2913263691041469,3159,2.1888099670410157,0.28164556962025317,632,2.1946345311176927,0.2714,0.9666386280611572,0.08313268296315504,,,0.90912853283863,,0.9091779307157829,0.0908220692842171,0.9894041021366033,0.1450538339101245,10,0.025,0.15,0.8611489444518888,0.9045497989195975,0.9206572852197759,0.9267416449219383,0.9323203952654266,0.9394818333709445,0.9477765263098255,0.9515262198492399,0.9469110149251688,0.9358862555458137,0.9467391918099477,1.0
6,0,1.7996286615177437,0.3546384222059898,6845,2.1596400304274126,0.28122717311906503,1369,2.1593275221088266,0.2924,0.9393986816769822,0.08013493460543884,,,0.7,,0.7000132032810154,0.29998679671898465,0.9909990669827039,0.14474114486329623,10,0.025,0.15,1.0,0.9381629776426473,0.9312715017068105,0.9272830493935833,0.9049909184462296,0.90855675743095,0.9026566415419947,0.8903539957229009,0.8787601278754854,0.875252457450412,0.8716239183613819,0.869791199825367
6,1,1.8344951044681461,0.3457101131799927,5478,2.1564910411834717,0.2965328467153285,1096,2.158587893353233,0.294,0.9629448044017693,0.08283340213806381,,,0.8824025311341341,,0.882441286659735,0.11755871334026502,0.9921541937640325,0.1449597651974464,10,0.025,0.15,0.9381629776426473,1.0,0.944321009771892,0.9475828606872881,0.9293293336390069,0.9317736991531361,0.9223033123313441,0.9212139672790668,0.9125513278309235,0.9040682473466974,0.9095781598498428,0.907519302642475
6,2,1.879240558963073,0.3210165975103734,4820,2.165589600801468,0.29149377593361,964,2.1585598112661626,0.2942,0.9723581923706025,0.08383620857158017,,,0.9501870901475401,,0.9502318826228318,0.04976811737716824,0.9922684932175736,0.14497016694159753,10,0.025,0.15,0.9312715017068105,0.944321009771892,1.0,0.951673290444167,0.9401480904934769,0.9397661068328557,0.9384150097116317,0.9364622897986057,0.9264803618636411,0.9190833969121979,0.9212373159295557,0.9272324565449453
6,3,1.879493955884661,0.3352473899228325,4406,2.155010291508266,0.28717366628830876,881,2.1585585829577867,0.2942,0.9775912520043852,0.08442520173831852,,,0.9899999999324052,,0.9900232707827895,0.00997672921721049,0.992286450622621,0.14497090279555364,10,0.025,0.15,0.9272830493935833,0.9475828606872881,0.951673290444167,1.0,0.9479789294486465,0.9504970922288613,0.9439371825725662,0.9447449086802754,0.9369956459447962,0.9249488302699791,0.9304080280607064,0.9298958106721914
6,4,1.885234682487719,0.3213764591439689,4112,2.161658457347325,0.2846715328467153,822,2.1585574693317655,0.2942,0.9716911399818274,0.08413759354769278,,,0.9705591649730113,,0.9706061956396165,0.029393804360383524,0.9922850847670347,0.14497070457261707,10,0.025,0.15,0.9049909184462296,0.9293293336390069,0.9401480904934769,0.9479789294486465,1.0,0.9447573731906009,0.9395985542233695,0.9424835391096242,0.9332656160535628,0.9231782439284618,0.927996318193481,0.9329371071387729
6,5,1.8852552071694404,0.33129339161738236,3889,2.165170328957694,0.30719794344473006,778,2.1585593253751343,0.2942,0.9734358149519167,0.08412070877975142,,,0.9694178414725872,,0.9694674126520441,0.030532587347955942,0.9922843871874263,0.1449706901507451,10,0.025,0.15,0.90855675743095,0.9317736991531361,0.9397661068328557,0.9504970922288613,0.9447573731906009,1.0,0.9431700953681438,0.9396284786465541,0.9390438424438512,0.9202497824699389,0.9322777346952292,0.9374018460500831
6,6,1.9210392988961318,0.3173807599029911,3711,2.159990151723226,0.3005390835579515,742,2.158547887319251,0.2942,0.9727677037013914,0.08398042866430254,,,0.9599356269132837,,0.959977554422274,0.04002244557772605,0.9922763278056735,0.14497048763227532,10,0.025,0.15,0.9026566415419947,0.9223033123313441,0.9384150097116317,0.9439371825725662,0.9395985542233695,0.9431700953681438,1.0,0.9423133256048511,0.9441585494602773,0.928770355434075,0.9323064201848468,0.9417114673979368
6,7,1.9014015763998031,0.3127946127946128,3564,2.156481226285299,0.29453015427769985,713,2.158561715596839,0.2942,0.9726477860495235,0.08405624412291293,,,0.9650603621129616,,0.9650938258157152,0.034906174184284766,0.9922830921970759,0.14497061409161777,10,0.025,0.15,0.8903539957229009,0.9212139672790668,0.9364622897986057,0.9447449086802754,0.9424835391096242,0.9396284786465541,0.9423133256048511,1.0,0.9465317455315186,0.9291151617111162,0.9375961481469272,0.9468929454987242
6,8,1.9124359475241768,0.3153443766346992,3441,2.159969449043274,0.2921511627906977,688,2.158569378188894,0.2941,0.9680870669691615,0.08351691484430522,,,0.9286044758206786,,0.9286610222640326,0.07133897773596742,0.9922434820794468,0.14496852504227714,10,0.025,0.15,0.8787601278754854,0.9125513278309235,0.9264803618636411,0.9369956459447962,0.9332656160535628,0.9390438424438512,0.9441585494602773,0.9465317455315186,1.0,0.9315628467062266,0.933336071951728,0.9418255914139645
6,9,1.9259303159183927,0.3168866226754649,3334,2.1487390200297036,0.29235382308845576,667,2.15855890889711,0.2942,0.9572658901704415,0.08280354688548483,,,0.8803844695594752,,0.8804195342542622,0.11958046574573777,0.992184076486551,0.14495929501767724,10,0.025,0.15,0.875252457450412,0.9040682473466974,0.9190833969121979,0.9249488302699791,0.9231782439284618,0.9202497824699389,0.928770355434075,0.9291151617111162,0.9315628467062266,1.0,0.9184699974013334,0.9253017342307175
