round,client_id,client_i_training_loss,client_i_training_accuracy,client_i_training_dataset_size,client_i_evaluation_loss,client_i_evaluation_accuracy,client_i_evaluation_dataset_size,client_i_central_evaluation_loss,client_i_central_evaluation_accuracy,client_i_cosine_similarity,client_i_importance_coefficient,client_i_tanh_val,tanh_normalization_value,client_i_q,client_i_mask_order,client_i_v_nonzero_fraction,client_i_v_sparsity,client_i_v_cosine_similarity,client_i_reward_gradient_norm,local_epochs,learning_rate,gamma,client_0_cosine_similarity,client_1_cosine_similarity,client_2_cosine_similarity,client_3_cosine_similarity,client_4_cosine_similarity,client_5_cosine_similarity,client_6_cosine_similarity,client_7_cosine_similarity,client_8_cosine_similarity,client_9_cosine_similarity,client_10_cosine_similarity,client_11_cosine_similarity
0,0,0.2795578354368066,0.9113708302897492,8214,2.1974202422208564,0.24616508400292184,1369,2.20195716029158,0.2358,0.7891683014043386,0.08476496353869355,,,0.9249977125968611,,0.9250037648712414,0.07499623512875864,0,0.3888283216967512,5,0.1,0.5,1.0,0.5572695428341018,0.5333011377455398,0.5586507551777691,0.5686910690648488,0.5576557942953604,0.550436413208014,0.5669980808279758,0.5406180722837519,0.5554326153994884,0.5454554777685358,0.5398942920404202
0,1,0.3005506203121063,0.9044721630666261,6574,2.204950761795044,0.2208029197080292,1096,2.201957308065396,0.2358,0.7894022669450275,0.08479009389490594,,,0.9268209459371974,,0.9268360022087244,0.07316399779127558,0,0.3888289171478603,5,0.1,0.5,0.5572695428341018,1.0,0.5670589804737894,0.55726649066045,0.5838060421251807,0.5710027775071895,0.5645323852413378,0.5753599117115454,0.5365092476952099,0.5762572520177504,0.5779578865099394,0.5717909203349606
0,2,0.3209308006353059,0.901262320594847,5783,2.1959827869169173,0.2354771784232365,964,2.201916303878394,0.2358,0.7757496938254627,0.08332366416042485,,,0.8204299516922408,,0.820450780583304,0.179549219416696,0,0.38871163168382955,5,0.1,0.5,0.5333011377455398,0.5670589804737894,1.0,0.5559820903904149,0.5890256023053971,0.5775584761995786,0.5565364530604896,0.5575413979624131,0.5363766356915792,0.5791264454651807,0.5672738118885391,0.570516665640332
0,3,0.3482627369362457,0.8927179875165501,5287,2.202644578048161,0.22020431328036322,881,2.201948625211137,0.2358,0.7790317268197315,0.08367618897242872,,,0.846005991486865,,0.8460268058832388,0.15397319411676125,0,0.38876198917396076,5,0.1,0.5,0.5586507551777691,0.55726649066045,0.5559820903904149,1.0,0.5762149813720031,0.5834412004695365,0.5878468455257243,0.5656842252764435,0.5576505321459377,0.5942044624984034,0.5720195638561284,0.5505794990707498
0,4,0.3366527561807344,0.8970212765957447,4935,2.203861117362976,0.23114355231143552,822,2.2019599641854772,0.2358,0.7923767078898658,0.08510958009042158,,,0.9499999999274489,,0.9500025099141609,0.04999749008583909,0,0.38883392672151573,5,0.1,0.5,0.5686910690648488,0.5838060421251807,0.5890256023053971,0.5762149813720031,1.0,0.5995842604283184,0.5751085518116017,0.5876018679255806,0.5724482296477337,0.5883926521323196,0.5769800912839453,0.5912878682587375
0,5,0.3542536018046308,0.8886650953503321,4667,2.1981655406951903,0.2583547557840617,778,2.201959761567771,0.2357,0.7832950061975754,0.08413410995123025,,,0.8792286322140441,,0.8792430098890618,0.12075699011093821,0,0.3888022095995556,5,0.1,0.5,0.5576557942953604,0.5710027775071895,0.5775584761995786,0.5834412004695365,0.5995842604283184,1.0,0.5835950655110983,0.5624824921146073,0.5548324485096497,0.599914738721181,0.5871168784715235,0.5763410217335975
0,6,0.3639623589201697,0.8863238266337301,4453,2.2106222013632455,0.21159029649595687,742,2.202009268842947,0.2356,0.7682108629467781,0.08251391455008328,,,0.7616817797832809,,0.7616987099041213,0.23830129009587875,0,0.3885095066465345,5,0.1,0.5,0.550436413208014,0.5645323852413378,0.5565364530604896,0.5878468455257243,0.5751085518116017,0.5835950655110983,1.0,0.5599027651643137,0.5486183020774181,0.5716654139105262,0.571146292939136,0.5547128343462367
0,7,0.35983878067458297,0.8868833294365209,4277,2.202384036520253,0.2314165497896213,713,2.2019747400436156,0.2355,0.7709535416402712,0.08280850704580135,,,0.7830547701009108,,0.7830681190703278,0.2169318809296722,0,0.38859923130887497,5,0.1,0.5,0.5669980808279758,0.5753599117115454,0.5575413979624131,0.5656842252764435,0.5876018679255806,0.5624824921146073,0.5599027651643137,1.0,0.5666622126942759,0.5711248911769707,0.5688918644123828,0.5765752943751953
0,8,0.42148943942147665,0.8739162024703317,4129,2.2059191031889482,0.22819767441860464,688,2.2029764103813294,0.2343,0.747463126390145,0.08028538974795449,,,0.6,,0.6,0.4,0,0.3867643585686498,5,0.1,0.5,0.5406180722837519,0.5365092476952099,0.5363766356915792,0.5576505321459377,0.5724482296477337,0.5548324485096497,0.5486183020774181,0.5666622126942759,1.0,0.5595163788355298,0.5474054626532362,0.5490796491797444
0,9,0.3913540534273789,0.8810797300674831,4001,2.199407248269944,0.2623688155922039,667,2.201948822496798,0.2358,0.779903429796681,0.08376981902691293,,,0.8527989487991421,,0.852808593946087,0.147191406053913,0,0.3887720812952923,5,0.1,0.5,0.5554326153994884,0.5762572520177504,0.5791264454651807,0.5942044624984034,0.5883926521323196,0.599914738721181,0.5716654139105262,0.5711248911769707,0.5595163788355298,1.0,0.5922823047709427,0.5916170604091749
0,10,0.3998980207536675,0.8740550269992285,3889,2.204177504494077,0.24537037037037038,648,2.20198870619265,0.2356,0.7697938459342287,0.08268394354766827,,,0.7740175594515386,,0.7740274082626374,0.22597259173736262,0,0.3885641990543183,5,0.1,0.5,0.5454554777685358,0.5779578865099394,0.5672738118885391,0.5720195638561284,0.5769800912839453,0.5871168784715235,0.571146292939136,0.5688918644123828,0.5474054626532362,0.5922823047709427,1.0,0.5938517691658485
0,11,0.3900575509811399,0.8789237668161435,3791,2.204742097854614,0.2389240506329114,632,2.2020736060584314,0.2359,0.7647280649977649,0.08213982547347516,,,0.7345412302835814,,0.7345564981677627,0.2654435018322373,0,0.3883610492459889,5,0.1,0.5,0.5398942920404202,0.5717909203349606,0.570516665640332,0.5505794990707498,0.5912878682587375,0.5763410217335975,0.5547128343462367,0.5765752943751953,0.5490796491797444,0.5916170604091749,0.5938517691658485,1.0
1,0,0.25138604768048173,0.9223033844655466,8214,2.0401985977971275,0.587289992695398,1369,2.0454847538433136,0.5748,0.794094650212537,0.08377084507629534,,,0.8564230830207802,,0.8564379298228001,0.1435620701771999,0.9570827394105617,0.4043097217995652,5,0.1,0.5,1.0,0.6082803787458344,0.6108645549160734,0.6098433338269159,0.6091387750034226,0.6179096205948542,0.5984757712672447,0.6076261739162924,0.5998645426750662,0.6182750798105785,0.6065395847615603,0.6125353507294938
1,1,0.264170512861744,0.9185275327045939,6574,2.047312143870762,0.5720802919708029,1096,2.045465019183418,0.5748,0.8099554912002818,0.08434002839303435,,,0.9135566749421478,,0.9135736157823402,0.0864263842176598,0.9572057702807064,0.40435901640215216,5,0.1,0.5,0.6082803787458344,1.0,0.6361081765145221,0.6267733729464069,0.6258467378213636,0.6191451893685394,0.620007039731052,0.6313003967170736,0.6171896222080184,0.623192611387264,0.6243253147740466,0.621799425695236
1,2,0.2819703267640254,0.9133321805291371,5783,2.038591084941741,0.5622406639004149,964,2.0454547294793417,0.5752,0.8105865244298778,0.08339136855511321,,,0.8183319161377188,,0.8183474725164399,0.1816525274835601,0.9568075915663955,0.40423293165005175,5,0.1,0.5,0.6108645549160734,0.6361081765145221,1.0,0.6234557674612742,0.626784359364472,0.6252055673017876,0.6171172256975449,0.6337387398408045,0.6208415105839591,0.6275432434600082,0.6203571929918378,0.624475676152737
1,3,0.30342509782906757,0.9051257802156232,5287,2.047060732330595,0.5788876276958003,881,2.0454855521266073,0.575,0.8097510554962719,0.08359560247099548,,,0.8388325472408455,,0.8388434315546408,0.1611565684453592,0.9569260315114732,0.4042801332867983,5,0.1,0.5,0.6098433338269159,0.6267733729464069,0.6234557674612742,1.0,0.625446761447671,0.6228544622559481,0.6155977757144231,0.6327818990066156,0.629748753181524,0.6320995420247826,0.6208736900961244,0.6177358961177434
1,4,0.3016275776598242,0.9080040526849037,4935,2.0482909908661475,0.5985401459854015,822,2.045470606023892,0.5748,0.8143068391622943,0.0847030885801278,,,0.9499999998996218,,0.9500025099141609,0.04999749008583909,0.9572657299744722,0.4043689637972167,5,0.1,0.5,0.6091387750034226,0.6258467378213636,0.626784359364472,0.625446761447671,1.0,0.6326905473105139,0.6180455392104514,0.6363261513367962,0.6242904701837366,0.6338380038562798,0.6275422076189314,0.635105133618071
1,5,0.3111809305361893,0.904263981144204,4667,2.0427181482315064,0.5681233933161953,778,2.04547585961156,0.575,0.8118206699649304,0.08397080442067768,,,0.8764946403676435,,0.8765072034536419,0.12349279654635814,0.9571055931048341,0.40433391359073806,5,0.1,0.5,0.6179096205948542,0.6191451893685394,0.6252055673017876,0.6228544622559481,0.6326905473105139,1.0,0.6151676997036284,0.6248150060467471,0.6274806423051077,0.6323718697813822,0.6288699741048279,0.6286338402302344
1,6,0.3161561523431114,0.9065349202784639,4453,2.054381643732389,0.5566037735849056,742,2.045816407416956,0.575,0.8013276731278498,0.08253283419968832,,,0.7321537902672239,,0.7321720797148737,0.26782792028512625,0.9559223061130259,0.40383440290065076,5,0.1,0.5,0.5984757712672447,0.620007039731052,0.6171172256975449,0.6155977757144231,0.6180455392104514,0.6151676997036284,1.0,0.621599115700576,0.6201449224534908,0.6112258097686041,0.6246645775662016,0.6190596302371298
1,7,0.3138116382952057,0.9011456628477905,4277,2.0464231345964516,0.5666199158485273,713,2.0455562622783283,0.575,0.8130422821254204,0.08313593334936897,,,0.7926917921598164,,0.7927061894483208,0.20729381055167917,0.9565385850303983,0.40415109342409,5,0.1,0.5,0.6076261739162924,0.6313003967170736,0.6337387398408045,0.6327818990066156,0.6363261513367962,0.6248150060467471,0.621599115700576,1.0,0.6265705373137368,0.6272647521795603,0.6227374127407608,0.6280554688615645
1,8,0.33790746552869677,0.8967788810850085,4129,2.0466138178651985,0.5523255813953488,688,2.0483606337739255,0.5655,0.8058780309688052,0.08121627540941562,,,0.6,,0.6,0.4,0.9519543087422393,0.4020650969682012,5,0.1,0.5,0.5998645426750662,0.6171896222080184,0.6208415105839591,0.629748753181524,0.6242904701837366,0.6274806423051077,0.6201449224534908,0.6265705373137368,1.0,0.6254315558035283,0.6165668445834928,0.6270186370077655
1,9,0.35016528756650156,0.8963759060234942,4001,2.0422236976169406,0.5847076461769115,667,2.0454804017520942,0.5747,0.8139608370281568,0.08380423460192933,,,0.859774663216331,,0.8597811354851664,0.14021886451483356,0.9570206427425696,0.40431448997651065,5,0.1,0.5,0.6182750798105785,0.623192611387264,0.6275432434600082,0.6320995420247826,0.6338380038562798,0.6323718697813822,0.6112258097686041,0.6272647521795603,0.6254315558035283,1.0,0.6298989093072214,0.6362599374983696
1,10,0.3470827118783701,0.8908202622782206,3889,2.0528912317185175,0.5694444444444444,648,2.045583880747469,0.5753,0.8087323641633963,0.08290333760159796,,,0.7693442516663063,,0.7693539480949751,0.23064605190502485,0.9563565867426389,0.40405175470217886,5,0.1,0.5,0.6065395847615603,0.6243253147740466,0.6203571929918378,0.6208736900961244,0.6275422076189314,0.6288699741048279,0.6246645775662016,0.6227374127407608,0.6165668445834928,0.6298989093072214,1.0,0.6291793889574913
1,11,0.3404837167281814,0.8972302822474281,3791,2.0503695130348207,0.5806962025316456,632,2.0457699474054403,0.5748,0.8113866006866989,0.08263564734175587,,,0.7424739875222925,,0.7424828070879976,0.25751719291200237,0.9558664546709847,0.4039013002059008,5,0.1,0.5,0.6125353507294938,0.621799425695236,0.624475676152737,0.6177358961177434,0.635105133618071,0.6286338402302344,0.6190596302371298,0.6280554688615645,0.6270186370077655,0.6362599374983696,0.6291793889574913,1.0
2,0,0.22769401036710243,0.9296323350377405,8214,1.8438105472298556,0.8246895544192842,1369,1.850285080675119,0.8183,0.7970062323648762,0.08321768340559509,,,0.7905874025174822,,0.7906079012097786,0.20939209879022136,0.9674084557737751,0.40405777386716907,5,0.1,0.5,1.0,0.6209048825784498,0.610154678085501,0.6157465137129805,0.6066386851939278,0.6230344812804531,0.607570167427749,0.6142195877253279,0.6179093454996911,0.5919620349338635,0.6102333861909368,0.6134272262746276
2,1,0.24617679255508176,0.9244904167934287,6574,1.8492237908499582,0.8202554744525548,1096,1.8500043706010325,0.8179,0.8064184624415889,0.08392235700523835,,,0.9034053761037268,,0.9034185030871944,0.0965814969128056,0.9678893941015618,0.4042919777781849,5,0.1,0.5,0.6209048825784498,1.0,0.6195405924361169,0.6235989371537457,0.6228090835175494,0.6192533539860828,0.623230182756247,0.6226508558034057,0.6179886281731294,0.6027604150946225,0.6280926569965462,0.6197013066907364
2,2,0.2509242166831925,0.9231194881549368,5783,1.8427309566928494,0.8174273858921162,964,1.850189348379263,0.8188,0.8073425361846983,0.08332659807563227,,,0.8080245995029085,,0.8080417649716379,0.19195823502836207,0.9674470189888932,0.40412248763973296,5,0.1,0.5,0.610154678085501,0.6195405924361169,1.0,0.6306468779481208,0.6211876385596034,0.6303335564430543,0.6223867607112653,0.6339767357005747,0.6202175893436297,0.6103832341415057,0.6189888967037899,0.615942154556976
2,3,0.27086946822209174,0.9185171174579156,5287,1.851880933557238,0.8138479001135074,881,1.850123170465707,0.8183,0.8121302121396188,0.08362858463890979,,,0.8563725326970739,,0.8563877315395814,0.14361226846041864,0.9676433026603578,0.40424190679631994,5,0.1,0.5,0.6157465137129805,0.6235989371537457,0.6306468779481208,1.0,0.6221607438752572,0.6321778335982106,0.6278817246350135,0.6314470559769737,0.6301638057940026,0.6215337135990593,0.6202893966355878,0.6238649641685512
2,4,0.26818938869622444,0.9188247213779128,4935,1.8538898504697359,0.8211678832116789,822,1.849972135342729,0.8178,0.8078740949396076,0.084213392202809,,,0.9499999998399004,,0.9500025099141609,0.04999749008583909,0.9679454589475736,0.4043085646143385,5,0.1,0.5,0.6066386851939278,0.6228090835175494,0.6211876385596034,0.6221607438752572,1.0,0.6270029199091331,0.6183482278682754,0.6313259093171315,0.6286906410903187,0.6107106826195777,0.6203674434212367,0.6239859064061125
2,5,0.2755968440643014,0.9175058924362546,4667,1.8488353443145753,0.8123393316195373,778,1.8499979576744592,0.8181,0.817775173417507,0.084073607930752,,,0.9276205913865636,,0.927634154911902,0.07236584508809796,0.967855158241928,0.40430335413608726,5,0.1,0.5,0.6230344812804531,0.6192533539860828,0.6303335564430543,0.6321778335982106,0.6270029199091331,1.0,0.6367437246965828,0.6450746523301157,0.630831775888333,0.6220764038231192,0.631309486361045,0.6350093128087952
2,6,0.2860446857754141,0.9145744441949247,4453,1.859779253602028,0.7964959568733153,742,1.8509711507029427,0.8168,0.8092494186841962,0.08282473632499253,,,0.7276767253150818,,0.7276943928517645,0.2723056071482355,0.9664155858028431,0.40369246134996045,5,0.1,0.5,0.607570167427749,0.623230182756247,0.6223867607112653,0.6278817246350135,0.6183482278682754,0.6367437246965828,1.0,0.6320598825288886,0.627878885132296,0.6129122686682509,0.6235844888503542,0.623796726377317
2,7,0.2815448650263194,0.9136310498012625,4277,1.852379612300707,0.8092566619915849,713,1.8502621075596672,0.8181,0.8169501189186973,0.0834922324731294,,,0.8345426031449701,,0.8345564981677627,0.16544350183223733,0.9673572403628942,0.40419823661528487,5,0.1,0.5,0.6142195877253279,0.6226508558034057,0.6339767357005747,0.6314470559769737,0.6313259093171315,0.6450746523301157,0.6320598825288886,1.0,0.6376302038685733,0.6165118395900598,0.6342111655424636,0.6293502420048716
2,8,0.30874962864122396,0.9078227173649794,4129,1.848250535401431,0.8328488372093024,688,1.8557631493376467,0.8085,0.8113733525064937,0.08202725331090821,,,0.6,,0.6,0.4,0.9630592404624776,0.4018469908816851,5,0.1,0.5,0.6179093454996911,0.6179886281731294,0.6202175893436297,0.6301638057940026,0.6286906410903187,0.630831775888333,0.627878885132296,0.6376302038685733,1.0,0.6148560306378517,0.6287935974507908,0.6278627969399857
2,9,0.3282728666390684,0.9050737315671082,4001,1.8468383039746965,0.8170914542728636,667,1.8502632691837346,0.8183,0.797625178681043,0.08326134847127435,,,0.7975781628197538,,0.7975955022338236,0.20240449776617642,0.9674455167003355,0.40408507132519417,5,0.1,0.5,0.5919620349338635,0.6027604150946225,0.6103832341415057,0.6215337135990593,0.6107106826195777,0.6220764038231192,0.6129122686682509,0.6165118395900598,0.6148560306378517,1.0,0.6150566167967132,0.6190727108017606
2,10,0.3089544199865128,0.904191308819748,3889,1.8633909338996524,0.8070987654320988,648,1.8504452115049759,0.8182,0.8099604443660825,0.08309475727962214,,,0.77090697679968,,0.7709251543597209,0.22907484564027913,0.967015254459022,0.40396734822708014,5,0.1,0.5,0.6102333861909368,0.6280926569965462,0.6189888967037899,0.6202893966355878,0.6203674434212367,0.631309486361045,0.6235844888503542,0.6342111655424636,0.6287935974507908,0.6150566167967132,1.0,0.6307278930397319
2,11,0.3062563790806702,0.9075705618570298,3791,1.8582551300525665,0.8291139240506329,632,1.8508100364916622,0.8167,0.8099571588951994,0.08291744888113703,,,0.7425199700677141,,0.7425380251995382,0.25746197480046185,0.966579438553541,0.4038002343401012,5,0.1,0.5,0.6134272262746276,0.6197013066907364,0.615942154556976,0.6238649641685512,0.6239859064061125,0.6350093128087952,0.623796726377317,0.6293502420048716,0.6278627969399857,0.6190727108017606,0.6307278930397319,1.0
3,0,0.2149469092317969,0.9343559775992208,8214,1.6164364149404127,0.9006574141709277,1369,1.6238473470980368,0.9024,0.7920462367670978,0.0829646425510806,,,0.8239855043886535,,0.8239947793785453,0.17600522062145474,0.9697068793155007,0.40007253933154857,5,0.1,0.5,1.0,0.6129845594497255,0.6104999570280698,0.6063451186597656,0.5995725076472147,0.6111804025815996,0.5881598898770781,0.6046869546909678,0.5591597849009038,0.6154814495245053,0.6046609010843541,0.5949074842665931
3,1,0.22594528378629425,0.9296014602981442,6574,1.6181782279695784,0.906021897810219,1096,1.62333938450859,0.9026,0.8029187120384154,0.08381279819593572,,,0.9245998281424574,,0.9246122182621355,0.07538778173786453,0.9703678063547629,0.40021871865377573,5,0.1,0.5,0.6129845594497255,1.0,0.6219799882871172,0.6178048131492948,0.6191184104981995,0.6110592306947933,0.6052393407836422,0.6247828714169469,0.5642604606923184,0.6119155230407435,0.6135938280897902,0.606041975756146
3,2,0.23208865986735616,0.9299671450804081,5783,1.616621328938392,0.9014522821576764,964,1.6235789666160607,0.9025,0.8055163379285168,0.0835078909299933,,,0.8884295349226821,,0.8884393353747302,0.11156066462526981,0.9699304035051812,0.40019220073872797,5,0.1,0.5,0.6104999570280698,0.6219799882871172,1.0,0.6228005240347096,0.6109500767629054,0.6128459853788276,0.6110065021634068,0.6280659384423476,0.5708322507820563,0.621873705584305,0.6155870016816907,0.6102093819248264
3,3,0.2506749565802874,0.9224891242670702,5287,1.6260387556893485,0.8898978433598184,881,1.6234858447370437,0.9024,0.8082454768434657,0.08380388673110305,,,0.9235426860798726,,0.9235580543145424,0.07644194568545759,0.9702364154364359,0.4002182509668715,5,0.1,0.5,0.6063451186597656,0.6178048131492948,0.6228005240347096,1.0,0.6145020028663403,0.6255768791354415,0.6168922563814218,0.6280127316880848,0.5775384083371699,0.6181476023433209,0.6193179022419967,0.6146046131059817
3,4,0.23623769758209107,0.9289969604863222,4935,1.6278523069161634,0.9099756690997567,822,1.6232905940125926,0.9026,0.8024747659904845,0.08399059118738494,,,0.9456909117322924,,0.9457105566989609,0.05428944330103913,0.9704221878645641,0.4002258514971838,5,0.1,0.5,0.5995725076472147,0.6191184104981995,0.6109500767629054,0.6145020028663403,1.0,0.6124983564992423,0.6065411411463165,0.6209707658617856,0.5772725526652451,0.6165030289294665,0.6169412197159786,0.6085409929077864
3,5,0.24816605029308736,0.9267623741161346,4667,1.6255336475372315,0.9023136246786633,778,1.623327021781629,0.9025,0.8061697236569835,0.08402691581097198,,,0.9499999998813727,,0.9500025099141609,0.04999749008583909,0.9704146252571481,0.40022672042205737,5,0.1,0.5,0.6111804025815996,0.6110592306947933,0.6128459853788276,0.6255768791354415,0.6124983564992423,1.0,0.6048314233313918,0.6275067707510505,0.5758776906132854,0.6211643902937,0.6212736676657006,0.6157799935779242
3,6,0.2540513160957822,0.9258028295531102,4453,1.633924161394437,0.889487870619946,742,1.6246049499359374,0.9014,0.7979823506242136,0.08291115908818283,,,0.8176409112893646,,0.8176597560363436,0.18234024396365645,0.9689922515510789,0.4000545369527847,5,0.1,0.5,0.5881598898770781,0.6052393407836422,0.6110065021634068,0.6168922563814218,0.6065411411463165,0.6048314233313918,1.0,0.6236151724440808,0.57368195126802,0.6127296155505615,0.6155141253303601,0.60867814036809
3,7,0.24972954558820198,0.9239186345569325,4277,1.6267474578774495,0.9116409537166901,713,1.6236577464368778,0.9023,0.8137169101172183,0.08390459528118013,,,0.9354894587314453,,0.9355052457205963,0.06449475427940365,0.9701428234767496,0.4002229037596247,5,0.1,0.5,0.6046869546909678,0.6247828714169469,0.6280659384423476,0.6280127316880848,0.6209707658617856,0.6275067707510505,0.6236151724440808,1.0,0.5855332256890906,0.6306538010502777,0.6279079538568922,0.6130284674993358
3,8,0.3062860520484929,0.9084039719060305,4129,1.6183856346390464,0.9127906976744186,688,1.632720451004589,0.8975,0.7606544682701715,0.0810764961835931,,,0.6,,0.6,0.4,0.9656005951983693,0.3976740520477618,5,0.1,0.5,0.5591597849009038,0.5642604606923184,0.5708322507820563,0.5775384083371699,0.5772725526652451,0.5758776906132854,0.57368195126802,0.5855332256890906,1.0,0.5832938444845595,0.5755491933197541,0.5701085954483923
3,9,0.2814732599315614,0.916220944763809,4001,1.6202220008486794,0.9130434782608695,667,1.6236688572758684,0.9025,0.8086520487735429,0.08357417253957093,,,0.8962923362439015,,0.8963054063551027,0.1036945936448973,0.9698358935424944,0.400199908063899,5,0.1,0.5,0.6154814495245053,0.6119155230407435,0.621873705584305,0.6181476023433209,0.6165030289294665,0.6211643902937,0.6127296155505615,0.6306538010502777,0.5832938444845595,1.0,0.62246074454057,0.6130405064347699
3,10,0.28019730881711497,0.9162766778092054,3889,1.6426401365370977,0.8919753086419753,648,1.623856583723245,0.9022,0.80728224562743,0.08341563114327093,,,0.8774850153559604,,0.8774961096330506,0.12250389036694942,0.9696183208035082,0.4001791502672815,5,0.1,0.5,0.6046609010843541,0.6135938280897902,0.6155870016816907,0.6193179022419967,0.6169412197159786,0.6212736676657006,0.6155141253303601,0.6279079538568922,0.5755491933197541,0.62246074454057,1.0,0.6219629732159286
3,11,0.27242964150681465,0.9185439198100765,3791,1.6345251500606537,0.8971518987341772,632,1.624381843085487,0.9014,0.7990830388886999,0.08301122035773248,,,0.8295108988685953,,0.8295266301892475,0.17047336981075245,0.9692282509409572,0.40008796252419476,5,0.1,0.5,0.5949074842665931,0.606041975756146,0.6102093819248264,0.6146046131059817,0.6085409929077864,0.6157799935779242,0.60867814036809,0.6130284674993358,0.5701085954483923,0.6130405064347699,0.6219629732159286,1.0
4,0,0.19678910287488469,0.9413683954224494,8214,1.3894242602725362,0.926953981008035,1369,1.3983144287865001,0.9276,0.7828983717067335,0.08355793698084195,,,0.8817586212238999,,0.881773003363285,0.11822699663671499,0.9646225300066638,0.3848652706853008,5,0.1,0.5,1.0,0.5997768324681566,0.6012123574907136,0.5886216640591332,0.591203504447856,0.600819717793613,0.5837948592651403,0.5886919351316465,0.468572204573281,0.44311039440684336,0.586811918405073,0.5783557796821659
4,1,0.20853377981247037,0.936264070581077,6574,1.3885312012263706,0.9315693430656934,1096,1.397742963827456,0.9277,0.7945527580999107,0.08454145805754557,,,0.9331340502880796,,0.9331509462376387,0.06684905376236128,0.9650713734765899,0.3849011995560215,5,0.1,0.5,0.5997768324681566,1.0,0.612575417314557,0.598182325553207,0.6042419211302559,0.6011817744591758,0.6010668472141206,0.6084400399919013,0.47597324735022856,0.44224950026239424,0.5981742613432466,0.5927121529214565
4,2,0.21221424700249789,0.9348435068303649,5783,1.3923898127771193,0.9221991701244814,964,1.3980297299619682,0.9279,0.8000315767589387,0.08453032210472106,,,0.9325523501415864,,0.9325736659806234,0.06742633401937659,0.9650057040443367,0.3849010173067268,5,0.1,0.5,0.6012123574907136,0.612575417314557,1.0,0.6123140393809602,0.6103694544433093,0.6100087737768444,0.609534716664715,0.6090489212762618,0.4779619524818787,0.44577636014773236,0.6047035758036654,0.5929802508817976
4,3,0.23339470009128732,0.9286930206166067,5287,1.401483565568924,0.9216799091940976,881,1.3979116369741031,0.9277,0.7915583568730876,0.08442940699812278,,,0.9272809258443862,,0.9272978264143367,0.07270217358566333,0.9650672207551897,0.38489901753685735,5,0.1,0.5,0.5886216640591332,0.598182325553207,0.6123140393809602,1.0,0.5988210248629856,0.6072663267449011,0.598221720637559,0.6077955253916769,0.47322024148301883,0.44927787178598944,0.5834234509381996,0.5896526067798445
4,4,0.21814807383103235,0.9345896656534954,4935,1.4037839082571177,0.9355231143552312,822,1.397672595307469,0.9277,0.7950156876341741,0.08467749659469796,,,0.9402401900353764,,0.9402590231414085,0.05974097685859148,0.965110220006009,0.38490327915217887,5,0.1,0.5,0.591203504447856,0.6042419211302559,0.6103694544433093,0.5988210248629856,1.0,0.6059711645258737,0.6013923297141802,0.6090288641356157,0.4799998845300174,0.44529367096202627,0.5998323423599208,0.5918684409378491
4,5,0.2310381678768676,0.932761945575316,4667,1.4019106721878052,0.922879177377892,778,1.3977173273555767,0.9276,0.7996008726211769,0.08486433646987375,,,0.9499999999477637,,0.9500025099141609,0.04999749008583909,0.9651163102859778,0.3849053759580052,5,0.1,0.5,0.600819717793613,0.6011817744591758,0.6100087737768444,0.6072663267449011,0.6059711645258737,1.0,0.6083653301859832,0.6134719426022919,0.4764978609400981,0.44362265190867317,0.6061110796614425,0.6068710763782883
4,6,0.23307439307083508,0.9314619357736358,4453,1.4099238912264507,0.9097035040431267,742,1.399185998371234,0.9275,0.7938619418813494,0.08391024859181442,,,0.9001620500946548,,0.9001857336479092,0.09981426635209079,0.9645986950935975,0.3848833452032431,5,0.1,0.5,0.5837948592651403,0.6010668472141206,0.609534716664715,0.598221720637559,0.6013923297141802,0.6083653301859832,1.0,0.6131160816700759,0.47922096214007526,0.44062102326623825,0.6038622868842556,0.5932681307085164
4,7,0.22762900259026062,0.931306990881459,4277,1.401322831278262,0.9340813464235624,713,1.3981077229253018,0.9276,0.8011508837737817,0.08483692052025243,,,0.948567894212198,,0.9485818984990714,0.051418101500928626,0.9650972797137697,0.384905144780146,5,0.1,0.5,0.5886919351316465,0.6084400399919013,0.6090489212762618,0.6077955253916769,0.6090288641356157,0.6134719426022919,0.6131160816700759,1.0,0.4859959086548185,0.45066662061058005,0.6117010879715888,0.5972144198776086
4,8,0.33442014799812636,0.9080649067570841,4129,1.391285083510659,0.9447674418604651,688,1.410821214270668,0.9236,0.6664775491222943,0.07816400553220186,,,0.6,,0.6,0.4,0.9598929426206558,0.382391633076909,5,0.1,0.5,0.468572204573281,0.47597324735022856,0.4779619524818787,0.47322024148301883,0.4799998845300174,0.4764978609400981,0.47922096214007526,0.4859959086548185,1.0,0.41127315269905135,0.4756271599338915,0.4666757777953003
4,9,0.3630306689382812,0.907073231692077,4001,1.3958858194805326,0.9385307346326837,667,1.400202757634294,0.927,0.633633225864976,0.07868150949083826,,,0.6270324536475269,,0.6270518548265649,0.3729481451734351,0.9606456504383918,0.3829498723587049,5,0.1,0.5,0.44311039440684336,0.44224950026239424,0.44577636014773236,0.44927787178598944,0.44529367096202627,0.44362265190867317,0.44062102326623825,0.45066662061058005,0.41127315269905135,1.0,0.4371058990763817,0.4417863845255606
4,10,0.2540841831779871,0.9234250449987144,3889,1.4226690190179008,0.9151234567901234,648,1.3983595474078632,0.9275,0.7910452597862203,0.08414996447977417,,,0.9126839033514347,,0.9127001656543346,0.08729983434566535,0.9649421960323388,0.38489181629026104,5,0.1,0.5,0.586811918405073,0.5981742613432466,0.6047035758036654,0.5834234509381996,0.5998323423599208,0.6061110796614425,0.6038622868842556,0.6117010879715888,0.4756271599338915,0.4371058990763817,1.0,0.5967840637389664
4,11,0.2457390405441157,0.9254550250593511,3791,1.4103495121002196,0.9240506329113924,632,1.3989029414356706,0.9274,0.784793294943777,0.08365639417931608,,,0.8869016536772758,,0.8869183273932032,0.1130816726067968,0.9646614656862607,0.38487105175213704,5,0.1,0.5,0.5783557796821659,0.5927121529214565,0.5929802508817976,0.5896526067798445,0.5918684409378491,0.6068710763782883,0.5932681307085164,0.5972144198776086,0.4666757777953003,0.4417863845255606,0.5967840637389664,1.0
5,0,0.19041884333830225,0.941855368882396,8214,1.1464816220971041,0.9415631848064281,1369,1.1558755083967702,0.9412,0.7763205113085455,0.08360963872126048,,,0.8963701265528452,,0.8963807037799307,0.10361929622006927,0.9618570932748403,0.38675677202362857,5,0.1,0.5,1.0,0.5790967043068188,0.5739770182533461,0.5757763958657361,0.5677310981086204,0.585433962683163,0.5704757294434731,0.5795725466829551,0.4487710239801915,0.5797402394209052,0.5727443967389974,0.5644098887479453
5,1,0.19437181949705898,0.9406753878916946,6574,1.1422333887645177,0.9461678832116789,1096,1.155219891010382,0.9411,0.7913485405692334,0.08480210357895732,,,0.9373020965513799,,0.9373174037447919,0.06268259625520811,0.9619923760639404,0.3867827450725411,5,0.1,0.5,0.5790967043068188,1.0,0.5892576270864691,0.5909695473092423,0.5919798099280243,0.5943449430646025,0.585879517373166,0.5990098995088202,0.452884577323668,0.5837175697661974,0.5881370320454894,0.5758393921302402
5,2,0.19640244767584358,0.9403423828462736,5783,1.1505943729031471,0.9398340248962656,964,1.1555398087531994,0.9413,0.7832981909504729,0.08450988691083619,,,0.9272716090150783,,0.9272877867576929,0.07271221324230714,0.9619888494830194,0.386778387495554,5,0.1,0.5,0.5739770182533461,0.5892576270864691,1.0,0.5862799808117588,0.5776869880308079,0.5856350865783243,0.5775891925747764,0.5896173316219616,0.43666752675249,0.5841325567917521,0.584794041978547,0.5705663054355885
5,3,0.21343686115669916,0.9339890296954795,5287,1.1597430450575692,0.9307604994324631,881,1.1554110551032777,0.9412,0.7864658699985173,0.08455410854532777,,,0.9287895393797447,,0.928803774910898,0.07119622508910195,0.9619858124624876,0.3867791085712202,5,0.1,0.5,0.5757763958657361,0.5909695473092423,0.5862799808117588,1.0,0.5816793935274458,0.5941781854709945,0.577913375760559,0.591439771548932,0.4479913138266161,0.5895025830531494,0.5803733928181629,0.5707648027941012
5,4,0.19968644825381138,0.9404255319148936,4935,1.1608719734045176,0.9440389294403893,822,1.1551417466550589,0.9412,0.7828494293352322,0.08459291764248662,,,0.9301216816146484,,0.9301440690728378,0.06985593092716225,0.9619986151181306,0.3867797650835864,5,0.1,0.5,0.5677310981086204,0.5919798099280243,0.5776869880308079,0.5816793935274458,1.0,0.5872842833305062,0.5745254531569013,0.5865985773593805,0.44678693471919145,0.5832759740522342,0.5766827848059504,0.5777753975116263
5,5,0.21720752914448918,0.935076065995286,4667,1.1634523344039918,0.9395886889460154,778,1.1551853166982389,0.9414,0.7944247017109152,0.08512788257924339,,,0.9484846284136752,,0.9484965614175995,0.051503438582400474,0.9620140215775103,0.3867862425614048,5,0.1,0.5,0.585433962683163,0.5943449430646025,0.5856350865783243,0.5941781854709945,0.5872842833305062,1.0,0.5859899635434556,0.6009494881469761,0.45085740618582554,0.5927211021970991,0.5916393704327682,0.5893897232458876
5,6,0.21393068297400272,0.9375701774084887,4453,1.1693515504399936,0.9326145552560647,742,1.1567666943842612,0.941,0.7811031330454058,0.08401555306096485,,,0.9103033451860927,,0.9103257868580894,0.0896742131419106,0.9619367317499485,0.3867684499372132,5,0.1,0.5,0.5704757294434731,0.585879517373166,0.5775891925747764,0.577913375760559,0.5745254531569013,0.5859899635434556,1.0,0.5910301898328013,0.4479575568354738,0.5804988136544587,0.5784951803857125,0.5693664653098688
5,7,0.20721243194290506,0.9363572597615151,4277,1.159487423689469,0.9396914446002805,713,1.155607803370625,0.941,0.7961937891282863,0.08517202966823464,,,0.9499999999656744,,0.9500025099141609,0.04999749008583909,0.9620146290086926,0.38678662079060216,5,0.1,0.5,0.5795725466829551,0.5990098995088202,0.5896173316219616,0.591439771548932,0.5865985773593805,0.6009494881469761,0.5910301898328013,1.0,0.46181489227500555,0.5973047024563198,0.5929926145209564,0.5854877375774686
5,8,0.30740419684078707,0.9161055945749577,4129,1.146776253526861,0.9607558139534884,688,1.1721302288027997,0.9388,0.634690449938415,0.07497553289156103,,,0.6,,0.6,0.4,0.9566823156255608,0.3841621226063536,5,0.1,0.5,0.4487710239801915,0.452884577323668,0.43666752675249,0.4479913138266161,0.44678693471919145,0.45085740618582554,0.4479575568354738,0.46181489227500555,1.0,0.4465789010108624,0.43962040607045055,0.445940291917688
5,9,0.23813034871016583,0.9316170957260684,4001,1.1529360214869182,0.9490254872563718,667,1.1580209080784465,0.9411,0.7851551116961545,0.08064509303815796,,,0.794610570137567,,0.7946187440389538,0.20538125596104617,0.9576011641689579,0.38650874548430914,5,0.1,0.5,0.5797402394209052,0.5837175697661974,0.5841325567917521,0.5895025830531494,0.5832759740522342,0.5927211021970991,0.5804988136544587,0.5973047024563198,0.4465789010108624,1.0,0.5874580563597707,0.5779023734884543
5,10,0.23163904428146168,0.9307791205965544,3889,1.1840613115401495,0.9305555555555556,648,1.1558816459613106,0.9413,0.7844265786592237,0.08429419207494927,,,0.9198677727557738,,0.9198785201546107,0.08012147984538931,0.9619578069390378,0.3867745096350221,5,0.1,0.5,0.5727443967389974,0.5881370320454894,0.584794041978547,0.5803733928181629,0.5766827848059504,0.5916393704327682,0.5784951803857125,0.5929926145209564,0.43962040607045055,0.5874580563597707,1.0,0.5759203170782394
5,11,0.22337149201477527,0.9334740174096544,3791,1.1694101512432098,0.9382911392405063,632,1.1564712612011943,0.9408,0.7770346431953444,0.08370106128802039,,,0.8995082532118004,,0.8995180964811004,0.10048190351889963,0.961868009180028,0.3867598610794745,5,0.1,0.5,0.5644098887479453,0.5758393921302402,0.5705663054355885,0.5707648027941012,0.5777753975116263,0.5893897232458876,0.5693664653098688,0.5854877375774686,0.445940291917688,0.5779023734884543,0.5759203170782394,1.0
6,0,0.1777770210977948,0.9449233016800584,8214,0.9083460555520169,0.9488677867056245,1369,0.9184102244651355,0.9483,0.7645290957243047,0.08329353576795659,,,0.8758921184048833,,0.8759048240550174,0.12409517594498265,0.9652493950125547,0.38543940786141634,5,0.1,0.5,1.0,0.566968833612986,0.5528658460223451,0.5567044927564071,0.5500990768371369,0.5639317317297393,0.5489187626110879,0.5497139070392639,0.5448517358071849,0.5550449130421723,0.5405779928897603,0.5412208840007098
6,1,0.18418701810341834,0.9450562823243078,6574,0.9012202313968114,0.9552919708029197,1096,0.9176934022492114,0.9483,0.7799287653128667,0.08464062859192321,,,0.9401153542359231,,0.9401385472616837,0.059861452738316334,0.9654071650570832,0.38548887579307195,5,0.1,0.5,0.566968833612986,1.0,0.573271538262227,0.5656047891270433,0.5683323444531985,0.5735271282029176,0.5591092105035929,0.5720874534658544,0.5554560387040148,0.5581571984286632,0.5658420248031641,0.548184913602061
6,2,0.18457023257502864,0.944527062078506,5783,0.9142261435908656,0.9470954356846473,964,0.9179950131775853,0.9481,0.776424245005638,0.08432004918735886,,,0.9248315917990585,,0.9248431303649415,0.07515686963505852,0.9653825134078832,0.385483209911688,5,0.1,0.5,0.5528658460223451,0.573271538262227,1.0,0.5670908116853637,0.5621904121365903,0.5673845450599649,0.5580432220266744,0.567728928265848,0.5567684734880624,0.5612083726500868,0.5584988436919999,0.5512198405143642
6,3,0.20496276445036013,0.9396633251371288,5287,0.9229429002319064,0.9375709421112373,881,0.9178661096591157,0.9482,0.7691565527669947,0.08409253448292235,,,0.9139847293868384,,0.9139952813613774,0.08600471863862258,0.9653757014310735,0.3854773346652512,5,0.1,0.5,0.5567044927564071,0.5656047891270433,0.5670908116853637,1.0,0.5517721482313088,0.5600594152124813,0.5546436985733331,0.5612578070951568,0.550340244831897,0.5538842576002889,0.5433028314530337,0.5440749033809306
6,4,0.18573705289993556,0.9456534954407295,4935,0.9220861609165485,0.9537712895377128,822,0.917600486796504,0.9483,0.7691517400941438,0.08411846504678196,,,0.9152209802883045,,0.9152401987852016,0.08475980121479842,0.9653759372588835,0.38547817214114116,5,0.1,0.5,0.5500990768371369,0.5683323444531985,0.5621904121365903,0.5517721482313088,1.0,0.5567991390971371,0.5489749406725463,0.5590743370550476,0.5639937603616805,0.554925679134723,0.5463831650876452,0.5474972666527023
6,5,0.19652553185539906,0.9424898221555603,4667,0.9296469020843506,0.9460154241645244,778,0.917662911521741,0.9484,0.7795962686532681,0.08484796064456297,,,0.9499999999523245,,0.9500025099141609,0.04999749008583909,0.965413262411547,0.3854911531349093,5,0.1,0.5,0.5639317317297393,0.5735271282029176,0.5673845450599649,0.5600594152124813,0.5567991390971371,1.0,0.5590575535188103,0.5667427346075978,0.5611360614331535,0.5658654973029414,0.5647910874853794,0.5637320867166918
6,6,0.19687536459291421,0.9433640242533123,4453,0.9338990151882172,0.9393530997304582,742,0.9192038256520281,0.9484,0.7691328709598878,0.08372949265706553,,,0.8966765525606275,,0.8966919331358868,0.1033080668641132,0.9653403423863118,0.38546374897335706,5,0.1,0.5,0.5489187626110879,0.5591092105035929,0.5580432220266744,0.5546436985733331,0.5489749406725463,0.5590575535188103,1.0,0.5670481120253941,0.558866440877248,0.5536447536323578,0.5507713030228768,0.5532414331401123
6,7,0.1915585215738627,0.9415945756371288,4277,0.9235893462015234,0.9467040673211781,713,0.9180743227751491,0.9483,0.7784114776049024,0.08483571334942899,,,0.9494161048341203,,0.9494252296571457,0.05057477034285429,0.9654159934055543,0.3854910463806022,5,0.1,0.5,0.5497139070392639,0.5720874534658544,0.567728928265848,0.5612578070951568,0.5590743370550476,0.5667427346075978,0.5670481120253941,1.0,0.5640939823598029,0.5656129892292064,0.5606384791961706,0.5581485366320547
6,8,0.22231673819371142,0.9329135383870186,4129,0.9080023575912822,0.9651162790697675,688,0.9370373159932633,0.9462,0.7650928349750894,0.0775066536826328,,,0.6,,0.6,0.4,0.9594758233568892,0.38279180239898564,5,0.1,0.5,0.5448517358071849,0.5554560387040148,0.5567684734880624,0.550340244831897,0.5639937603616805,0.5611360614331535,0.558866440877248,0.5640939823598029,1.0,0.5599767047678491,0.5537900504556091,0.553642355186479
6,9,0.21978481840055863,0.936315921019745,4001,0.9149781749362037,0.9535232383808095,667,0.9206966748252844,0.9482,0.7699364863826957,0.08149114759366059,,,0.7899624788748928,,0.789970383012901,0.210029616987099,0.9645928612339467,0.3851950842047295,5,0.1,0.5,0.5550449130421723,0.5581571984286632,0.5612083726500868,0.5538842576002889,0.554925679134723,0.5658654973029414,0.5536447536323578,0.5656129892292064,0.5599767047678491,1.0,0.5531016442577029,0.5562148332438934
6,10,0.2171585799683435,0.9342761635381847,3889,0.949471944854373,0.9398148148148148,648,0.918341897927915,0.9482,0.7660518710572223,0.08380783161889646,,,0.90041139661214,,0.900431705235681,0.09956829476431905,0.9653591518875763,0.3854672262847548,5,0.1,0.5,0.5405779928897603,0.5658420248031641,0.5584988436919999,0.5433028314530337,0.5463831650876452,0.5647910874853794,0.5507713030228768,0.5606384791961706,0.5537900504556091,0.5531016442577029,1.0,0.5442537798084431
