round,client_id,client_i_training_loss,client_i_training_accuracy,client_i_training_dataset_size,client_i_evaluation_loss,client_i_evaluation_accuracy,client_i_evaluation_dataset_size,client_i_central_evaluation_loss,client_i_central_evaluation_accuracy,client_i_cosine_similarity,client_i_importance_coefficient,client_i_tanh_val,tanh_normalization_value,client_i_q,client_i_mask_order,client_i_v_nonzero_fraction,client_i_v_sparsity,client_i_v_cosine_similarity,client_i_reward_gradient_norm,local_epochs,learning_rate,gamma,client_0_cosine_similarity,client_1_cosine_similarity,client_2_cosine_similarity,client_3_cosine_similarity,client_4_cosine_similarity,client_5_cosine_similarity,client_6_cosine_similarity,client_7_cosine_similarity,client_8_cosine_similarity,client_9_cosine_similarity,client_10_cosine_similarity,client_11_cosine_similarity
0,0,0.27644175254170883,0.9135135135135135,8214,2.2074513102686684,0.25712198685171656,1369,2.203900368449787,0.275,0.8026815667365758,0.08674647889757345,,,0.9899999999812268,,0.9900005019828322,0.009999498017167818,0,0.3877093053099908,5,0.1,0.5,1.0,0.5727716877153206,0.5618529720641439,0.5815294019560401,0.5679909851035714,0.5663350280286839,0.5764855651522478,0.5832571850974022,0.5843072522225414,0.4267558135129962,0.5663015341851769,0.583357729454348
0,1,0.3074285393198771,0.9048372376026772,6574,2.2069629669189452,0.2864963503649635,1096,2.2038994444825777,0.275,0.7927430573537902,0.0856724157445447,,,0.9698363128482027,,0.9698458912705186,0.030154108729481433,0,0.3877088932141639,5,0.1,0.5,0.5727716877153206,1.0,0.5843750092684494,0.5675331771383011,0.5797681967646675,0.5672888331357339,0.5850604573299464,0.5848847686092556,0.5839455455007448,0.4401521667148911,0.5828093107544706,0.5722777714256913
0,2,0.33191940857004887,0.8988760159086979,5783,2.2066801286512807,0.25,964,2.20389586668045,0.2751,0.7842774389515198,0.08475752917118892,,,0.9526608920404686,,0.9526780784097184,0.04732192159028159,0,0.38770769142540334,5,0.1,0.5,0.5618529720641439,0.5843750092684494,1.0,0.5717297990404498,0.5888019486948161,0.5800085540347792,0.5713519146504848,0.5743489732604012,0.5853538121698262,0.4340961546750975,0.5822806565135966,0.5788793964672503
0,3,0.3258540957285293,0.8964630225080386,5287,2.2026271309171404,0.29284903518728717,881,2.2038953768940397,0.2751,0.7851353445301507,0.08485024375597176,,,0.9544014487991264,,0.9544149390090859,0.045585060990914084,0,0.3877078568520655,5,0.1,0.5,0.5815294019560401,0.5675331771383011,0.5717297990404498,1.0,0.5764831504119928,0.591601812729359,0.5966401866137058,0.5835913048380958,0.5826631104977061,0.4340256506747224,0.5848529860151394,0.5940125512672266
0,4,0.3356164453274781,0.8947112462006079,4935,2.202520700601431,0.2761557177615572,822,2.20389564882833,0.2751,0.7846712727140129,0.08480009112051357,,,0.9534599193858659,,0.953471211284574,0.046528788715425984,0,0.38770776122088235,5,0.1,0.5,0.5679909851035714,0.5797681967646675,0.5888019486948161,0.5764831504119928,1.0,0.5915690263622658,0.596788022508728,0.5947448059605891,0.5926078396560136,0.4298068800212477,0.5813934535442905,0.5941690057572983
0,5,0.3558402218804886,0.8910649239340047,4667,2.20209716796875,0.2634961439588689,778,2.2038954393551373,0.275,0.7838065384011687,0.08470663854862241,,,0.9517055081893959,,0.9517243110285628,0.04827568897143719,0,0.38770758760056767,5,0.1,0.5,0.5663350280286839,0.5672888331357339,0.5800085540347792,0.591601812729359,0.5915690263622658,1.0,0.592688415263517,0.5895166583960321,0.6038800329640363,0.44139502511457046,0.6047845152328821,0.5921986199939474
0,6,0.36222140100917644,0.8849315068493151,4453,2.2006812194983163,0.2695417789757412,742,2.2038956290235916,0.275,0.7861118878293119,0.08495577962001018,,,0.9563827030091634,,0.956397771196225,0.043602228803774956,0,0.38770803817847455,5,0.1,0.5,0.5764855651522478,0.5850604573299464,0.5713519146504848,0.5966401866137058,0.596788022508728,0.592688415263517,1.0,0.583947914148414,0.5865838799617618,0.4499467711029024,0.608711620830632,0.602124025266105
0,7,0.36898815810624785,0.8817862988075754,4277,2.204601826875106,0.270687237026648,713,2.203899530557017,0.275,0.779587692575466,0.0842507042957912,,,0.9431461272988091,,0.9431604839114502,0.05683951608854976,0,0.38770645800873266,5,0.1,0.5,0.5832571850974022,0.5848847686092556,0.5743489732604012,0.5835913048380958,0.5947448059605891,0.5895166583960321,0.583947914148414,1.0,0.5725433255771433,0.4432954711991773,0.5910358024845341,0.5876394293637738
0,8,0.37816638296470045,0.8791959312182126,4129,2.2039192698218604,0.2805232558139535,688,2.203896041876211,0.2751,0.783218489540112,0.08464308760858553,,,0.9505124486674303,,0.9505346117162793,0.04946538828372071,0,0.3877074647534266,5,0.1,0.5,0.5843072522225414,0.5839455455007448,0.5853538121698262,0.5826631104977061,0.5926078396560136,0.6038800329640363,0.5865838799617618,0.5725433255771433,1.0,0.43225257458088184,0.6136198775034338,0.6032367936936192
0,9,0.47042646969498564,0.8662834291427143,4001,2.20222738810948,0.3058470764617691,667,2.205029792298143,0.2681,0.6104538936166315,0.0659722709415792,,,0.6,,0.6,0.4,0,0.38559382673031767,5,0.1,0.5,0.4267558135129962,0.4401521667148911,0.4340961546750975,0.4340256506747224,0.4298068800212477,0.44139502511457046,0.4499467711029024,0.4432954711991773,0.43225257458088184,1.0,0.43335581872564327,0.43409890974744353
0,10,0.3891117363068901,0.8781691951658525,3889,2.196103425253005,0.28703703703703703,648,2.203899110848911,0.275,0.7804534721831082,0.08434426983357929,,,0.944902659235569,,0.9449124039957834,0.055087596004216643,0,0.38770670786575034,5,0.1,0.5,0.5663015341851769,0.5828093107544706,0.5822806565135966,0.5848529860151394,0.5813934535442905,0.6047845152328821,0.608711620830632,0.5910358024845341,0.6136198775034338,0.43335581872564327,1.0,0.6018471335309371
0,11,0.4053656684719965,0.8723819572672118,3791,2.209651565551758,0.26424050632911394,632,2.2038993035642482,0.275,0.7800483733827351,0.08430049046203987,,,0.944080776883389,,0.9440941719793183,0.05590582802068167,0,0.38770660638917537,5,0.1,0.5,0.583357729454348,0.5722777714256913,0.5788793964672503,0.5940125512672266,0.5941690057572983,0.5921986199939474,0.602124025266105,0.5876394293637738,0.6032367936936192,0.43409890974744353,0.6018471335309371,1.0
1,0,0.25006261211222014,0.9222790357925493,8214,2.0439490772957027,0.7048940832724616,1369,2.04225176934617,0.6941,0.7975217749123783,0.0851750805920661,,,0.9899999999709211,,0.9900005019828322,0.009999498017167818,0.9582344157793277,0.4047504373437042,5,0.1,0.5,1.0,0.6176460329681637,0.6049516519526843,0.6188228080531744,0.6193421916457963,0.6076680880157985,0.6017324521409061,0.6178887118679116,0.6162967568446179,0.6092174072135603,0.6052998624744355,0.6117299574629667
1,1,0.2769145634396056,0.9146334043200487,6574,2.046126924242292,0.698905109489051,1096,2.0422498981792705,0.6941,0.807549425230115,0.08481359831256782,,,0.9794885020950896,,0.9794940013051554,0.020505998694844596,0.9582314097611835,0.4047502722630253,5,0.1,0.5,0.6176460329681637,1.0,0.6129232786321381,0.6279487734309337,0.6241608463558476,0.6226792856158255,0.6151773124667125,0.6300369143263883,0.6309712737352637,0.6191662686816588,0.6174432056567852,0.615401552647021
1,2,0.2957477391033706,0.9101850250734913,5783,2.041463209736732,0.6981327800829875,964,2.042248465382634,0.6941,0.8010671800439474,0.08398246329193133,,,0.9553200310539218,,0.9553385874203102,0.04466141257968981,0.9582265733411711,0.404748652666043,5,0.1,0.5,0.6049516519526843,0.6129232786321381,1.0,0.6127016710173899,0.6279921076267332,0.6192633951772449,0.6090629670171881,0.6156420090057952,0.6249861246066851,0.6183611800725024,0.616470254210986,0.6135050765176051
1,3,0.2900721836397537,0.91019481747683,5287,2.039729940039771,0.6980703745743473,881,2.0422460278763936,0.6942,0.81035205465129,0.08436717136745216,,,0.9665069089397894,,0.9665277847497615,0.03347221525023847,0.9582272468546784,0.4047497161091305,5,0.1,0.5,0.6188228080531744,0.6279487734309337,0.6127016710173899,1.0,0.631101399129255,0.6237514914222184,0.6162500134784503,0.6378926008692335,0.6351607225443929,0.6258928969295564,0.615104294448043,0.6208327900178646
1,4,0.28878144659702815,0.9112056737588653,4935,2.0432975934101987,0.6776155717761557,822,2.0422465572722803,0.6943,0.8165934567759167,0.08455135082147924,,,0.9718626401874305,,0.9718789217408764,0.028121078259123578,0.9582254624530155,0.4047500017368605,5,0.1,0.5,0.6193421916457963,0.6241608463558476,0.6279921076267332,0.631101399129255,1.0,0.6336415198610209,0.6248977668792701,0.6364010049180192,0.6353147798856252,0.637948676441115,0.6288012054230011,0.628472187649381
1,5,0.313386956826873,0.9037497321619884,4667,2.038079342842102,0.6915167095115681,778,2.0422469655545754,0.6942,0.8117775751628045,0.08432179332785038,,,0.965187366616593,,0.9652075699011093,0.03479243009889066,0.9582247509564839,0.4047496198857207,5,0.1,0.5,0.6076680880157985,0.6226792856158255,0.6192633951772449,0.6237514914222184,0.6336415198610209,1.0,0.6234526532533251,0.6309632955643837,0.6358023591586305,0.6277852561798746,0.6231984472941096,0.6322865677231921
1,6,0.32562336571647654,0.9015495171794295,4453,2.042396754026413,0.6994609164420486,742,2.042245720902952,0.6942,0.8048930226324855,0.08424688620691781,,,0.9630091518403108,,0.9630239445810953,0.036976055418904696,0.9582289959702215,0.4047494581467079,5,0.1,0.5,0.6017324521409061,0.6151773124667125,0.6090629670171881,0.6162500134784503,0.6248977668792701,0.6234526532533251,1.0,0.6164305764717667,0.6367870403285776,0.6305737261414884,0.621368552434065,0.6185820719839836
1,7,0.3244866907832894,0.9007248071077858,4277,2.04332783429519,0.6844319775596073,713,2.042248608205265,0.6941,0.815228759684813,0.08414029326920185,,,0.9599095491711699,,0.959916670849857,0.04008332915014301,0.9582205740638385,0.4047491672072223,5,0.1,0.5,0.6178887118679116,0.6300369143263883,0.6156420090057952,0.6378926008692335,0.6364010049180192,0.6309632955643837,0.6164305764717667,1.0,0.6348010720849813,0.6346974406915138,0.6327130745061321,0.6292131077739659
1,8,0.32222062482407915,0.9016711068055219,4129,2.042257780378515,0.6875,688,2.0422472496763966,0.6943,0.8208280208620553,0.08459493596112196,,,0.973130046997546,,0.9731439184779881,0.02685608152201191,0.9582232663137733,0.40475006053771656,5,0.1,0.5,0.6162967568446179,0.6309712737352637,0.6249861246066851,0.6351607225443929,0.6353147798856252,0.6358023591586305,0.6367870403285776,0.6348010720849813,1.0,0.6457493439119536,0.6360737709596239,0.6390281159222511
1,9,0.33003348198309096,0.900224943764059,4001,2.0442920185270763,0.6686656671664168,667,2.0453873827053717,0.6847,0.807127301612523,0.07176328232514524,,,0.6,,0.6,0.4,0.9526784064593884,0.4024403146854513,5,0.1,0.5,0.6092174072135603,0.6191662686816588,0.6183611800725024,0.6258928969295564,0.637948676441115,0.6277852561798746,0.6305737261414884,0.6346974406915138,0.6457493439119536,1.0,0.6334169284354311,0.6356259175034616
1,10,0.3400721875065174,0.8974029313448187,3889,2.0350518283389865,0.7067901234567902,648,2.042250794343674,0.6941,0.8097120225666101,0.0840100776655838,,,0.9561230259625331,,0.9561417599518096,0.04385824004819039,0.9582221259357807,0.40474876130050114,5,0.1,0.5,0.6052998624744355,0.6174432056567852,0.616470254210986,0.615104294448043,0.6288012054230011,0.6231984472941096,0.621368552434065,0.6327130745061321,0.6360737709596239,0.6334169284354311,1.0,0.6338825729788746
1,11,0.35051610771284886,0.8914798206278027,3791,2.0503188252449034,0.6962025316455697,632,2.0422506922731003,0.6941,0.811203938972323,0.08403306685868228,,,0.9567915258258104,,0.9568043772902967,0.04319562270970334,0.9582234180659283,0.4047488314749205,5,0.1,0.5,0.6117299574629667,0.615401552647021,0.6135050765176051,0.6208327900178646,0.628472187649381,0.6322865677231921,0.6185820719839836,0.6292131077739659,0.6390281159222511,0.6356259175034616,0.6338825729788746,1.0
2,0,0.22607651208944127,0.9308010713416118,8214,1.8534380557925203,0.8575602629656683,1369,1.8541770727870563,0.8449,0.7929890561449123,0.08510347948935228,,,0.98413685689106,,0.9841473821595301,0.015852617840469874,0.9633112594215805,0.3905210875784734,5,0.1,0.5,1.0,0.6111782036513178,0.6176974456215892,0.6194010071357186,0.6056872930660657,0.6189367878599407,0.6025255867794876,0.6084594142087832,0.5233637506086137,0.3543290786591418,0.61467582753013,0.6130297354254335
2,1,0.2502727226189166,0.9231518101612413,6574,1.8585276842117309,0.8385036496350365,1096,1.8541732797988306,0.8449,0.8057479008451208,0.08531138155138471,,,0.9884256767245145,,0.9884393353747302,0.011560664625269834,0.9633107803596306,0.3905211390793497,5,0.1,0.5,0.6111782036513178,1.0,0.6213897692107221,0.62762619145182,0.6224282181555538,0.6301206056668556,0.6133278743992806,0.6294739299412986,0.5423729147882871,0.3659278566868142,0.6203644612430392,0.6266748907516331
2,2,0.2697284447049815,0.9181393740273215,5783,1.8494804328487766,0.8547717842323651,964,1.8541713838760083,0.8449,0.8070611441333392,0.08480039261461972,,,0.9778844658040975,,0.9778976958988003,0.022102304101199732,0.9633025713966921,0.3905209576758071,5,0.1,0.5,0.6176974456215892,0.6213897692107221,1.0,0.6375427148322488,0.6317288609567511,0.6342296612985725,0.6154164930894964,0.6193324711339483,0.5347864583515026,0.3591279630110591,0.6229809770255037,0.6314693653734632
2,3,0.2590274905595165,0.9215055797238509,5287,1.8511865649904524,0.8331441543700341,881,1.8541683903136574,0.8449,0.8163923411487982,0.0853876974293419,,,0.9899999999793709,,0.9900005019828322,0.009999498017167818,0.9633079626827062,0.39052115095277967,5,0.1,0.5,0.6194010071357186,0.62762619145182,0.6375427148322488,1.0,0.6345611350649484,0.6355027783329974,0.6321882378136406,0.6402055274584666,0.5488406726353059,0.36998498235084737,0.6296709178895123,0.6365680114340715
2,4,0.2575626706788617,0.9214184397163121,4935,1.8584608435630798,0.8199513381995134,822,1.8541675341395905,0.8449,0.8076129317899181,0.08520134838765021,,,0.9861557982521758,,0.9861753928015662,0.013824607198433814,0.9633102657482536,0.3905211157609821,5,0.1,0.5,0.6056872930660657,0.6224282181555538,0.6317288609567511,0.6345611350649484,1.0,0.6346774720676183,0.6182193161323328,0.634941850137461,0.5338629455050472,0.3580085371586024,0.618806166417123,0.6353942494156819
2,5,0.2811425631776554,0.9177630169273623,4667,1.8469817638397217,0.8547557840616966,778,1.854170039819833,0.8449,0.8154977866830337,0.08532569623356367,,,0.988720974867489,,0.9887304854173987,0.011269514582601281,0.9633082677638504,0.3905211424935717,5,0.1,0.5,0.6189367878599407,0.6301206056668556,0.6342296612985725,0.6355027783329974,0.6346774720676183,1.0,0.6347153057690333,0.6336725408324417,0.5383467171410609,0.3575647327516226,0.6429258096144911,0.6415247982893091
2,6,0.28470849847154955,0.9146193577363575,4453,1.856832002600034,0.8463611859838275,742,1.8541673718930813,0.8449,0.8057081117527404,0.08492995472191989,,,0.9805572076231105,,0.9805782842226796,0.019421715777320436,0.9633074113498558,0.39052102543721606,5,0.1,0.5,0.6025255867794876,0.6133278743992806,0.6154164930894964,0.6321882378136406,0.6182193161323328,0.6347153057690333,1.0,0.6254804923642763,0.5428284850743649,0.36399239391731636,0.6319334266170831,0.6323237855959608
2,7,0.29078104366729063,0.9114800093523497,4277,1.8558005871980086,0.8401122019635343,713,1.8541706400557447,0.8449,0.8118675719032646,0.08507586441725017,,,0.9835671844800412,,0.9835801415591586,0.016419858440841373,0.9633062426292847,0.39052107920093204,5,0.1,0.5,0.6084594142087832,0.6294739299412986,0.6193324711339483,0.6402055274584666,0.634941850137461,0.6336725408324417,0.6254804923642763,1.0,0.5424160013910981,0.3595829226531,0.6384763249095213,0.6376349119323609
2,8,0.3636680057976768,0.899007023492371,4129,1.8545648130503567,0.8575581395348837,688,1.8541777168219082,0.8449,0.7220040133002428,0.08220914729095592,,,0.924429563871755,,0.9244415440991918,0.07555845590080823,0.9632910252993194,0.39051288968131276,5,0.1,0.5,0.5233637506086137,0.5423729147882871,0.5347864583515026,0.5488406726353059,0.5338629455050472,0.5383467171410609,0.5428284850743649,0.5424160013910981,1.0,0.3290289425799285,0.5488571569734298,0.5462163646448378
2,9,0.45193363509717444,0.8911772056985754,4001,1.8607371364321028,0.8350824587706147,667,1.859595093102501,0.8394,0.5202023834345403,0.0664823091554186,,,0.6,,0.6,0.4,0.9582718034934126,0.388113135250629,5,0.1,0.5,0.3543290786591418,0.3659278566868142,0.3591279630110591,0.36998498235084737,0.3580085371586024,0.3575647327516226,0.36399239391731636,0.3595829226531,0.3290289425799285,1.0,0.36669558835772453,0.3803806848576011
2,10,0.30640277108330216,0.9100539984571869,3889,1.8481359708876837,0.8580246913580247,648,1.8541728749442785,0.8449,0.8120500424546778,0.08499498519087587,,,0.9818987237307946,,0.9819085387279755,0.018091461272024545,0.9633039608554205,0.3905210479990481,5,0.1,0.5,0.61467582753013,0.6203644612430392,0.6229809770255037,0.6296709178895123,0.618806166417123,0.6429258096144911,0.6319334266170831,0.6384763249095213,0.5488571569734298,0.36669558835772453,1.0,0.6376368796862413
2,11,0.3155813487872732,0.9038248483249802,3791,1.8644598007202149,0.8370253164556962,632,1.8541729773957127,0.8449,0.8167915084722251,0.08517774351766684,,,0.9856688524587521,,0.9856834496260228,0.014316550373977166,0.963305016377564,0.3905211092221191,5,0.1,0.5,0.6130297354254335,0.6266748907516331,0.6314693653734632,0.6365680114340715,0.6353942494156819,0.6415247982893091,0.6323237855959608,0.6376349119323609,0.5462163646448378,0.3803806848576011,0.6376368796862413,1.0
3,0,0.21334903518513482,0.9358412466520575,8214,1.6449128971543423,0.9057706355003652,1369,1.648273878204175,0.8994,0.7926936670546683,0.08560853773340536,,,0.9763730543386187,,0.976386727573917,0.02361327242608302,0.9607173713308162,0.38385987195768756,5,0.1,0.5,1.0,0.6098682132481742,0.608242716251417,0.6175786735978206,0.5991464302124627,0.6142682936903576,0.590864942692715,0.6081281047228672,0.4400370645291557,0.3438100647343684,0.6048044501596161,0.6023194681340635
3,1,0.23579388632149734,0.9303924551262549,6574,1.652400289263044,0.8968978102189781,1096,1.6482703914276708,0.8994,0.8022177086551947,0.08608723805637186,,,0.9841217296840206,,0.9841323226745645,0.01586767732543548,0.9607171203736007,0.3838600686362299,5,0.1,0.5,0.6098682132481742,1.0,0.6155690604976282,0.6176148078080128,0.6136304926208324,0.6233171292395359,0.5977590202813758,0.621764727967959,0.45499615919327613,0.33677075642869236,0.6117493880693866,0.6199583308904628
3,2,0.2473684487658558,0.9252637039598824,5783,1.6382277281053605,0.9128630705394191,964,1.6482672249547208,0.8994,0.7998205863150294,0.08565714852843778,,,0.9771599125271693,,0.9771748406204508,0.02282515937954921,0.960716393889772,0.3838599014275847,5,0.1,0.5,0.608242716251417,0.6155690604976282,1.0,0.6196056038425325,0.6142294341215732,0.6198224748547126,0.6014848673537485,0.6121540595489127,0.4463989540936764,0.3362432766808874,0.6126084224307452,0.6169251817599446
3,3,0.2365528081981353,0.9274825042557215,5287,1.6453262312071664,0.8944381384790011,881,1.6482645562662483,0.8994,0.8084549233120765,0.08636034356119357,,,0.9885424618004968,,0.9885547914261332,0.011445208573866772,0.9607169644562106,0.3838601338447783,5,0.1,0.5,0.6175786735978206,0.6176148078080128,0.6196056038425325,1.0,0.6177924002641855,0.6308742834044399,0.6031939007015611,0.625779294618864,0.45446955355330965,0.34168692106113496,0.6209493348398174,0.6304390583502433
3,4,0.23784492656228043,0.9273758865248227,4935,1.6562811778141902,0.8795620437956204,822,1.6482635031873807,0.8994,0.8045627376420635,0.0860962761438117,,,0.9842680283221343,,0.9842778976958988,0.015722102304101204,0.9607168750185556,0.3838600699322097,5,0.1,0.5,0.5991464302124627,0.6136304926208324,0.6142294341215732,0.6177924002641855,1.0,0.6285192521035475,0.6032930625947254,0.6288125406235126,0.45393121271909537,0.34711162426264763,0.6144189504961651,0.6259860078934787
3,5,0.252363105985808,0.9271480608527962,4667,1.6392023038864136,0.9061696658097687,778,1.64826622291114,0.8994,0.8121674609133209,0.08645038785495839,,,0.9899999999838132,,0.9900005019828322,0.009999498017167818,0.9607174676868558,0.3838601446716145,5,0.1,0.5,0.6142682936903576,0.6233171292395359,0.6198224748547126,0.6308742834044399,0.6285192521035475,1.0,0.6133831985563699,0.6261754964165004,0.45297402985761887,0.35109107439728365,0.6262582520934632,0.6290703640273725
3,6,0.2651975106354803,0.9205030316640467,4453,1.6529748638470967,0.898921832884097,742,1.6482651195587061,0.8994,0.7884403157711241,0.08534029571005682,,,0.9720310469214497,,0.9720495959038201,0.02795040409617988,0.9607177457240608,0.3838596970456256,5,0.1,0.5,0.590864942692715,0.5977590202813758,0.6014848673537485,0.6031939007015611,0.6032930625947254,0.6133831985563699,1.0,0.6095402506144728,0.4410467911303127,0.32940992766234717,0.6022611022271681,0.6062244075381557
3,7,0.2608081476846293,0.9211596913724573,4277,1.6504978304323943,0.9046283309957924,713,1.648266769064882,0.8994,0.8072620424229017,0.08610747110600271,,,0.9844492400810583,,0.9844535916871643,0.015546408312835713,0.9607171346670429,0.38386007144736617,5,0.1,0.5,0.6081281047228672,0.621764727967959,0.6121540595489127,0.625779294618864,0.6288125406235126,0.6261754964165004,0.6095402506144728,1.0,0.4539566918139641,0.32955411876603585,0.6224112996516123,0.629623724935934
3,8,0.3624429598880502,0.9104383627997094,4129,1.6488099748438054,0.9026162790697675,688,1.6483301164243167,0.8991,0.6296568674232994,0.07786256729153107,,,0.8509897877947097,,0.8510064755785353,0.14899352442146474,0.960502889380049,0.38377726264728496,5,0.1,0.5,0.4400370645291557,0.45499615919327613,0.4463989540936764,0.45446955355330965,0.45393121271909537,0.45297402985761887,0.4410467911303127,0.4539566918139641,1.0,0.27413486475404775,0.4456552667926103,0.45501305757856236
3,9,0.4787554925691987,0.8889277680579855,4001,1.6598225207555861,0.8830584707646177,667,1.655681617724629,0.8935,0.49202035132121824,0.0623568341019329,,,0.6,,0.6,0.4,0.9551883336205246,0.3814086954346807,5,0.1,0.5,0.3438100647343684,0.33677075642869236,0.3362432766808874,0.34168692106113496,0.34711162426264763,0.35109107439728365,0.32940992766234717,0.32955411876603585,0.27413486475404775,1.0,0.34201545926122545,0.3336688437280977
3,10,0.27702680972297905,0.918693751607097,3889,1.6439869971502394,0.9089506172839507,648,1.6482692202820945,0.8994,0.8023775579663129,0.08587934401900396,,,0.9807565692182285,,0.9807740575272326,0.019225942472767432,0.9607168500485563,0.3838599977912188,5,0.1,0.5,0.6048044501596161,0.6117493880693866,0.6126084224307452,0.6209493348398174,0.6144189504961651,0.6262582520934632,0.6022611022271681,0.6224112996516123,0.4456552667926103,0.34201545926122545,1.0,0.6235574711199067
3,11,0.2866501838454053,0.9124769190187285,3791,1.65999715924263,0.8955696202531646,632,1.648269608378791,0.8994,0.8077494044903889,0.08619355589329385,,,0.9858426861200401,,0.9858591436172883,0.014140856382711675,0.9607172396728585,0.38386009576232566,5,0.1,0.5,0.6023194681340635,0.6199583308904628,0.6169251817599446,0.6304390583502433,0.6259860078934787,0.6290703640273725,0.6062244075381557,0.629623724935934,0.45501305757856236,0.3336688437280977,0.6235574711199067,1.0
4,0,0.19708260937959884,0.9397857316776236,8214,1.3958516120910645,0.9218407596785975,1369,1.4018899293753286,0.9209,0.7902084567682912,0.08483409587099947,,,0.967326459667025,,0.9673409969379048,0.03265900306209524,0.9636665534322647,0.3962617765976034,5,0.1,0.5,1.0,0.5935132411099137,0.5941683065605831,0.6025494660295515,0.6017106636548533,0.6001379729891504,0.5928802922520908,0.5985117136553184,0.5926305081692165,0.5287667996637118,0.5915184934206167,0.5904296212028696
4,1,0.2150486000772855,0.937207179799209,6574,1.405097314289638,0.9242700729927007,1096,1.4018772116865212,0.9209,0.7930044664777921,0.08525150784950329,,,0.9757194368681579,,0.9757341498920737,0.024265850107926257,0.963668483489326,0.3962622669372105,5,0.1,0.5,0.5935132411099137,1.0,0.5971559923756494,0.5961555494625634,0.6010632494857956,0.604945880638673,0.5996534206403626,0.6019867283853342,0.6015114947150663,0.5328190173793552,0.5915922630907905,0.5919369031163455
4,2,0.2275726068487072,0.930900916479336,5783,1.386842127769224,0.9315352697095436,964,1.4018826016221946,0.921,0.7901381664455988,0.08486404914248291,,,0.9679287354463665,,0.9679433763365293,0.03205662366347073,0.9636657384266037,0.3962618180887964,5,0.1,0.5,0.5941683065605831,0.5971559923756494,1.0,0.6002792101359427,0.6024915954704925,0.603438877615372,0.5943357346240892,0.599798697913922,0.5869798451958181,0.5254368148985045,0.5854820953599591,0.5949012678095985
4,3,0.2200477959930403,0.932702856062039,5287,1.399596848658153,0.9171396140749148,881,1.4018766575347121,0.921,0.7984780828191501,0.08562578986819304,,,0.9832451922643421,,0.9832538527182371,0.016746147281762935,0.9636702458786013,0.3962624942934926,5,0.1,0.5,0.6025494660295515,0.5961555494625634,0.6002792101359427,1.0,0.6061008291856665,0.6089493568151959,0.6030078266585511,0.6053478513459936,0.605200665781723,0.5383410424803703,0.5940915301668469,0.6033630728487847
4,4,0.216566615103774,0.934387031408308,4935,1.4140622936762297,0.9111922141119222,822,1.4018754627757941,0.921,0.8054593544700227,0.08569473036755258,,,0.9846313911976678,,0.9846443451633954,0.015355654836604615,0.9636704626882071,0.3962625200733513,5,0.1,0.5,0.6017106636548533,0.6010632494857956,0.6024915954704925,0.6061008291856665,1.0,0.6161173876004711,0.6077502688523319,0.6238779190159668,0.615217505979316,0.5384845206873324,0.601539431729228,0.6155238130880877
4,5,0.23386709706551612,0.9314334690379259,4667,1.3900604343414307,0.9267352185089974,778,1.4018790828534209,0.921,0.8063375701088625,0.08596172997447384,,,0.9899999999798927,,0.9900005019828322,0.009999498017167818,0.9636705557926325,0.396262582105835,5,0.1,0.5,0.6001379729891504,0.604945880638673,0.603438877615372,0.6089493568151959,0.6161173876004711,1.0,0.6116937503977531,0.6167663101477808,0.6132098078718573,0.5368780318047213,0.6077336408831937,0.6159146851712312
4,6,0.2422995850071311,0.9255333483045138,4453,1.4079416394233704,0.9231805929919138,742,1.4018809662078515,0.921,0.7978818808557248,0.08492454825694098,,,0.9691452019458555,,0.9691531549621003,0.030846845037899695,0.9636666154043679,0.3962619121709856,5,0.1,0.5,0.5928802922520908,0.5996534206403626,0.5943357346240892,0.6030078266585511,0.6077502688523319,0.6116937503977531,1.0,0.6065730985653457,0.6057987668309197,0.5357408076312189,0.6003831813526528,0.6040437489494581
4,7,0.24126151156848047,0.9292962356792144,4277,1.4044280829636946,0.9270687237026648,713,1.4018787823546046,0.921,0.8040649931820066,0.08565325154423797,,,0.9837973690892052,,0.9838060338336428,0.016193966166357154,0.9636701905306579,0.39626250419363046,5,0.1,0.5,0.5985117136553184,0.6019867283853342,0.599798697913922,0.6053478513459936,0.6238779190159668,0.6167663101477808,0.6065730985653457,1.0,0.6051570011478173,0.535751450315389,0.6135366536771254,0.6079662237659363
4,8,0.2466302007264256,0.9262775490433519,4129,1.403929276899858,0.9186046511627907,688,1.4020633031004153,0.9208,0.7954475421998096,0.07985188028978545,,,0.8671481611568981,,0.8671602831183174,0.1328397168816826,0.9633951949856767,0.39619907535315346,5,0.1,0.5,0.5926305081692165,0.6015114947150663,0.5869798451958181,0.605200665781723,0.615217505979316,0.6132098078718573,0.6057987668309197,0.6051570011478173,1.0,0.5338733586308938,0.6033746140319554,0.61017077735948
4,9,0.281525117520886,0.9203699075231192,4001,1.4200730607623147,0.9025487256371814,667,1.412676177085779,0.9176,0.7115563189438161,0.06656567209097057,,,0.6,,0.6,0.4,0.9578428813566184,0.3935991280238797,5,0.1,0.5,0.5287667996637118,0.5328190173793552,0.5254368148985045,0.5383410424803703,0.5384845206873324,0.5368780318047213,0.5357408076312189,0.535751450315389,0.5338733586308938,1.0,0.5392357866709316,0.5386667366436535
4,10,0.25584747943202735,0.9263563898174337,3889,1.398409162248884,0.9274691358024691,648,1.4018758760092738,0.921,0.7953480123080908,0.0851951181551555,,,0.9745855992127646,,0.9745996686913307,0.025400331308669255,0.9636680152607423,0.3962622190807507,5,0.1,0.5,0.5915184934206167,0.5915922630907905,0.5854820953599591,0.5940915301668469,0.601539431729228,0.6077336408831937,0.6003831813526528,0.6135366536771254,0.6033746140319554,0.5392357866709316,1.0,0.6082627977326456
4,11,0.25905537161068254,0.9212345027697177,3791,1.4149474799633026,0.9161392405063291,632,1.4018814407598477,0.921,0.8002749634082547,0.08557762658970447,,,0.9822767646218598,,0.9822900456804378,0.017709954319562238,0.9636704204171874,0.3962624744911007,5,0.1,0.5,0.5904296212028696,0.5919369031163455,0.5949012678095985,0.6033630728487847,0.6155238130880877,0.6159146851712312,0.6040437489494581,0.6079662237659363,0.61017077735948,0.5386667366436535,0.6082627977326456,1.0
5,0,0.18627180016313313,0.9433162892622352,8214,1.15553585041401,0.9379108838568299,1369,1.164381890632093,0.9349,0.7760477860338388,0.0849402987496455,,,0.9639551456050768,,0.9639676723056071,0.03603232769439291,0.963609497253779,0.38107946229803935,5,0.1,0.5,1.0,0.5758841558148331,0.5724854635682715,0.5922945657216497,0.5696908856172272,0.5765079330276628,0.5635575929750184,0.5697073891978122,0.4449231666967994,0.46364270233309385,0.5685824828017471,0.5653330595147064
5,1,0.20062049652621583,0.9398235473075753,6574,1.1664957659585136,0.9352189781021898,1096,1.164364351251255,0.9349,0.7841404022847475,0.08551027178475495,,,0.9762281706139921,,0.9762461723809046,0.02375382761909539,0.9636106926836947,0.38108021993649493,5,0.1,0.5,0.5758841558148331,1.0,0.571978186863747,0.5830840615617218,0.5843530350724447,0.5852672350018411,0.5748801147525279,0.5810703624530849,0.45231301305698585,0.47183569600907543,0.5769953313986386,0.5773231693713721
5,2,0.2144392629663424,0.9354314369704305,5783,1.1450134746489986,0.9429460580912863,964,1.16437267038388,0.9349,0.7755226757726236,0.08494186394967448,,,0.9639888484961197,,0.9639977912755384,0.03600220872446158,0.9636091177324455,0.3810794635388602,5,0.1,0.5,0.5724854635682715,0.571978186863747,1.0,0.5877707723375165,0.5793484015369268,0.5789997000169474,0.5725900300244814,0.5632910506210359,0.4437873821335414,0.4615008430621214,0.5643022787869291,0.5611958958829146
5,3,0.19860696288734583,0.9392472101380746,5287,1.1648270658084325,0.9228149829738933,881,1.1643592907597844,0.9349,0.795009300163912,0.08614985097376315,,,0.9899999999784674,,0.9900005019828322,0.009999498017167818,0.9636135255833944,0.3810805278666697,5,0.1,0.5,0.5922945657216497,0.5830840615617218,0.5877707723375165,1.0,0.5904758386403575,0.5909171472420783,0.5818168348810939,0.5934967025206056,0.45943086060762783,0.47613832082117874,0.5816387688421737,0.5946316836555693
5,4,0.20384479413740336,0.9384802431610942,4935,1.1806302666664124,0.9294403892944039,822,1.1643580369675122,0.9349,0.7840044568320287,0.0858049891749187,,,0.9825742145094676,,0.9825862155514281,0.01741378444857189,0.9636119976791444,0.3810804138496514,5,0.1,0.5,0.5696908856172272,0.5843530350724447,0.5793484015369268,0.5904758386403575,1.0,0.585162465313348,0.5721247485135419,0.5905941817978946,0.44211975396243336,0.46792283889974073,0.5705948282830787,0.5776285605418643
5,5,0.21312466326156912,0.9374758945789586,4667,1.149679651260376,0.9421593830334191,778,1.1643612624738162,0.9349,0.7875818317991269,0.0861126930784278,,,0.9891998923406702,,0.9892073691079765,0.010792630892023536,0.9636145076885645,0.38108052180424346,5,0.1,0.5,0.5765079330276628,0.5852672350018411,0.5789997000169474,0.5909171472420783,0.585162465313348,1.0,0.5782599563489748,0.581506952206034,0.45163325410843613,0.47110127469866564,0.5803271488542519,0.5823991313213414
5,6,0.21888355117424257,0.9348304513810914,4453,1.1694615632295609,0.9407008086253369,742,1.1643697507084367,0.9349,0.7784043747112105,0.08508525791209469,,,0.9670764992769548,,0.967095025350133,0.03290497464986697,0.9636097537416781,0.3810797219070637,5,0.1,0.5,0.5635575929750184,0.5748801147525279,0.5725900300244814,0.5818168348810939,0.5721247485135419,0.5782599563489748,1.0,0.5759773312897045,0.45115277377475954,0.4690123898177749,0.5745637844222806,0.5708231949851003
5,7,0.223938986948177,0.9338788870703765,4277,1.1680316665898198,0.9453015427769986,713,1.1643597733098479,0.9349,0.783892722696623,0.08577298108384572,,,0.9818849957604597,,0.9818984990713318,0.018101500928668246,0.963611418534857,0.3810803937538708,5,0.1,0.5,0.5697073891978122,0.5810703624530849,0.5632910506210359,0.5934967025206056,0.5905941817978946,0.581506952206034,0.5759773312897045,1.0,0.4467919926497631,0.45976355742254454,0.5854166931498349,0.5800666778089262
5,8,0.22302409608453813,0.9338822959554371,4129,1.1675519238818775,0.9375,688,1.1648809186185891,0.9346,0.6385848661730934,0.07668333469496703,,,0.7861608990380904,,0.786180412629888,0.21381958737011197,0.9628014713193541,0.3807781284476333,5,0.1,0.5,0.4449231666967994,0.45231301305698585,0.4437873821335414,0.45943086060762783,0.44211975396243336,0.45163325410843613,0.45115277377475954,0.4467919926497631,1.0,0.35962320637025946,0.4465995485109106,0.4471569960547137
5,9,0.2858259358218169,0.9218695326168458,4001,1.1889825207846505,0.9160419790104948,667,1.1776517142122165,0.9314,0.6479744529269823,0.06803781392348916,,,0.6,,0.6,0.4,0.957609064833548,0.3784779699459557,5,0.1,0.5,0.46364270233309385,0.47183569600907543,0.4615008430621214,0.47613832082117874,0.46792283889974073,0.47110127469866564,0.4690123898177749,0.45976355742254454,0.35962320637025946,1.0,0.46030774293439497,0.4681671511685156
5,10,0.23363535314126582,0.931396245821548,3889,1.1608278410775321,0.9367283950617284,648,1.1643645748162803,0.9349,0.7798617624328936,0.08531996432825757,,,0.9721303483853899,,0.9721499924702575,0.027850007529742538,0.9636095532907383,0.3810800309691412,5,0.1,0.5,0.5685824828017471,0.5769953313986386,0.5643022787869291,0.5816387688421737,0.5705948282830787,0.5803271488542519,0.5745637844222806,0.5854166931498349,0.4465995485109106,0.46030774293439497,1.0,0.5847933829079528
5,11,0.2399895789078241,0.9284621471907148,3791,1.1783970236778258,0.9224683544303798,632,1.1643662966859227,0.9349,0.781610274496394,0.08564068034616107,,,0.9790362114105302,,0.9790472365845088,0.020952763415491238,0.9636112712736528,0.38108032027036337,5,0.1,0.5,0.5653330595147064,0.5773231693713721,0.5611958958829146,0.5946316836555693,0.5776285605418643,0.5823991313213414,0.5708231949851003,0.5800666778089262,0.4471569960547137,0.4681671511685156,0.5847933829079528,1.0
6,0,0.17678522009090863,0.9470172875578281,8214,0.9222895905028942,0.9444850255661067,1369,0.9336413600193426,0.9445,0.7697197792783554,0.0850049362082239,,,0.9678807113298262,,0.9678931780533105,0.03210682194668946,0.9612561122661606,0.3785737177176918,5,0.1,0.5,1.0,0.562193709633144,0.5624612146125817,0.5692053319566996,0.5611659812176338,0.5586906745029195,0.551168972760178,0.5631802610239215,0.5627746038985898,0.3502353871224036,0.5512664904650147,0.554452212128806
6,1,0.18701220645243755,0.9431092181320353,6574,0.9343350274222237,0.9461678832116789,1096,0.9336154571356484,0.9445,0.7713253591727908,0.08544840347404518,,,0.9759994070544639,,0.9760102404497766,0.023989759550223422,0.9612583004887739,0.37857421043917694,5,0.1,0.5,0.562193709633144,1.0,0.5590394396153725,0.5675724883272187,0.5697554940783655,0.5561714451656482,0.557070943299988,0.5612748850838434,0.5590740955198995,0.3544281315690519,0.5502556569167613,0.561731098341875
6,2,0.19956709562867717,0.9398236209579803,5783,0.910299991407702,0.950207468879668,964,0.9336318781200689,0.9446,0.7693361611260278,0.08499231593834705,,,0.967649668051123,,0.9676622659505045,0.03233773404949547,0.961256054562537,0.37857370872487145,5,0.1,0.5,0.5624612146125817,0.5590394396153725,1.0,0.5677933686078738,0.5706415104886841,0.5585749191252678,0.5550290524970964,0.5504980774456408,0.5621079777719405,0.34723513611320045,0.5467588389364394,0.5625831328422081
6,3,0.18731540867537036,0.943673160582561,5287,0.9361025882618768,0.9330306469920545,881,0.9336107312299954,0.9446,0.7806174787188447,0.08621315742910145,,,0.9899999999816927,,0.9900005019828322,0.009999498017167818,0.9612604693448562,0.3785745498931183,5,0.1,0.5,0.5692053319566996,0.5675724883272187,0.5677933686078738,1.0,0.5736973931925142,0.5671967825823101,0.5638095032246893,0.5609805891556334,0.5795519669554037,0.3617678392478623,0.5586727656017011,0.5710281021749188
6,4,0.18167374046699655,0.9444782168186423,4935,0.9533833471628336,0.9416058394160584,822,0.9336094172617879,0.9446,0.7809632287704282,0.08599181286320133,,,0.985947774892391,,0.9859595401837257,0.014040459816274331,0.9612594392693565,0.3785745023119633,5,0.1,0.5,0.5611659812176338,0.5697554940783655,0.5706415104886841,0.5736973931925142,1.0,0.5640252889362173,0.5625667920897164,0.5775362271128035,0.5778648376890012,0.3571740721754216,0.5604087470567873,0.5700436786252195
6,5,0.2032283484974034,0.9395757445896722,4667,0.9167242336273194,0.9498714652956298,778,0.9336123569323994,0.9446,0.7758666042900989,0.08601855091201437,,,0.9864372768225538,,0.9864514833592691,0.013548516640730868,0.9612594819787238,0.3785745100448044,5,0.1,0.5,0.5586906745029195,0.5561714451656482,0.5585749191252678,0.5671967825823101,0.5640252889362173,1.0,0.5669179040242434,0.5656313920411342,0.5680118030281588,0.3617097909698049,0.5642847533308386,0.5669017117893959
6,6,0.20244803554844112,0.9390972378172019,4453,0.9376922622323036,0.9487870619946092,742,0.9336268473357058,0.9446,0.7719601300558501,0.08518305590463357,,,0.971141605039843,,0.9711610862908489,0.02883891370915115,0.9612566439294498,0.3785739554675198,5,0.1,0.5,0.551168972760178,0.557070943299988,0.5550290524970964,0.5638095032246893,0.5625667920897164,0.5669179040242434,1.0,0.5646551182810663,0.5718963226723474,0.35553303302156564,0.5594021925616303,0.5597789838409719
6,7,0.2087703255463892,0.9389291559504326,4277,0.9376926759014959,0.9523141654978962,713,0.9336114803823038,0.9446,0.7749589885751539,0.08575599747737894,,,0.981630627918455,,0.9816475076552382,0.018352492344761773,0.9612604257841619,0.3785744180165653,5,0.1,0.5,0.5631802610239215,0.5612748850838434,0.5504980774456408,0.5609805891556334,0.5775362271128035,0.5656313920411342,0.5646551182810663,1.0,0.5673462029322095,0.3554374127860046,0.5576221399791024,0.5662440610927366
6,8,0.20085835912833527,0.9436183095180432,4129,0.9375248334624551,0.9433139534883721,688,0.934248398477658,0.9445,0.7757483004175906,0.07962509246588473,,,0.8693902076186704,,0.869399126549872,0.13060087345012805,0.960374039028014,0.3785133725665333,5,0.1,0.5,0.5627746038985898,0.5590740955198995,0.5621079777719405,0.5795519669554037,0.5778648376890012,0.5680118030281588,0.5718963226723474,0.5673462029322095,1.0,0.3664826656273857,0.5629638500551938,0.5675320861286381
6,9,0.30247148081202,0.9224693826543364,4001,0.9637510918435597,0.9340329835082459,667,0.949066369868696,0.9431,0.5273994519613715,0.06491019947523596,,,0.6,,0.6,0.4,0.9549933664217902,0.3758539923153439,5,0.1,0.5,0.3502353871224036,0.3544281315690519,0.34723513611320045,0.3617678392478623,0.3571740721754216,0.3617097909698049,0.35553303302156564,0.3554374127860046,0.3664826656273857,1.0,0.3487202507751068,0.3523590306128103
6,10,0.2095396965161943,0.9398817176652096,3889,0.9307844525291806,0.9475308641975309,648,0.9336209676136225,0.9445,0.7672198490183848,0.08517303972820266,,,0.9709582357248243,,0.9709753526429397,0.02902464735706034,0.9612559587625792,0.3785739328854539,5,0.1,0.5,0.5512664904650147,0.5502556569167613,0.5467588389364394,0.5586727656017011,0.5604087470567873,0.5642847533308386,0.5594021925616303,0.5576221399791024,0.5629638500551938,0.3487202507751068,1.0,0.5620052084799853
