round,client_id,client_i_training_loss,client_i_training_accuracy,client_i_training_dataset_size,client_i_evaluation_loss,client_i_evaluation_accuracy,client_i_evaluation_dataset_size,client_i_central_evaluation_loss,client_i_central_evaluation_accuracy,client_i_cosine_similarity,client_i_importance_coefficient,client_i_tanh_val,tanh_normalization_value,client_i_q,client_i_mask_order,client_i_v_nonzero_fraction,client_i_v_sparsity,client_i_v_cosine_similarity,client_i_reward_gradient_norm,local_epochs,learning_rate,gamma,client_0_cosine_similarity,client_1_cosine_similarity,client_2_cosine_similarity,client_3_cosine_similarity,client_4_cosine_similarity,client_5_cosine_similarity,client_6_cosine_similarity,client_7_cosine_similarity,client_8_cosine_similarity,client_9_cosine_similarity,client_10_cosine_similarity,client_11_cosine_similarity
0,0,2.090520681574187,0.34945215485756026,8214,2.2664339597835097,0.1731190650109569,1369,2.2675522630587936,0.1746,0.9637989008914947,0.08130609299810446,,,0.7,,0.7000125651211567,0.2999874348788433,0,0.09864215871629045,5,0.001,0.1,1.0,0.9860194658534115,0.973442747414549,0.9604074558361536,0.9487701259635097,0.9386336685987818,0.9321166741926179,0.930016495705849,0.9202723230791873,0.9188092731800229,0.913067781025474,0.9094453604318883
0,1,2.1777635975948817,0.3269850927897779,6574,2.268918739046369,0.17062043795620438,1096,2.267526279242275,0.1748,0.9905435008466199,0.08356226794200318,,,0.9289078003554566,,0.9289249089028716,0.0710750910971284,0,0.09868722023663118,5,0.001,0.1,0.9860194658534115,1.0,0.9922606743143392,0.9877306233799601,0.9815314261096811,0.9754573026703705,0.9707496867795752,0.9688583834986674,0.9619555835389492,0.9589768484290296,0.9596771806694394,0.9536248010290342
0,2,2.2044818326254574,0.3238803389244337,5783,2.2647082728724324,0.17634854771784234,964,2.2675262068788085,0.1748,0.995406216623326,0.08397248673432438,,,0.9705279245699611,,0.9705492891041069,0.02945071089589313,0,0.09868749914058553,5,0.001,0.1,0.973442747414549,0.9922606743143392,1.0,0.9925183016532148,0.9886039304287311,0.9770616224620817,0.9818892378206885,0.9828113345609578,0.9720654454570314,0.9743953648847418,0.9736546820266835,0.9701336775105531
0,3,2.216313283701977,0.2993379988651409,5287,2.2688355445861816,0.170261066969353,881,2.2675261626990078,0.1748,0.9965128930450745,0.0840658459776087,,,0.9799999998985416,,0.9800166246218381,0.01998337537816186,0,0.09868751360165748,5,0.001,0.1,0.9604074558361536,0.9877306233799601,0.9925183016532148,1.0,0.9933891242846229,0.9891459991695608,0.9854749854533068,0.9840687507998823,0.9783544138593314,0.9810212122295106,0.9828638034814722,0.9744710519232557
0,4,2.2276366356880435,0.316838905775076,4935,2.265646998698895,0.18248175182481752,822,2.267526161937287,0.1748,0.9959264127162984,0.08401637048629106,,,0.9749802978937594,,0.9749954088980389,0.02500459110196107,0,0.09868750753718795,5,0.001,0.1,0.9487701259635097,0.9815314261096811,0.9886039304287311,0.9933891242846229,1.0,0.9913337790942226,0.9896018402462338,0.9907194847282368,0.9826781202076548,0.9827255136608392,0.9880319347281393,0.9810066912213042
0,5,2.2282509895220195,0.29899292907649455,4667,2.26554217338562,0.18123393316195371,778,2.267526280765716,0.1748,0.9907230569374813,0.08357741529712928,,,0.930444626102279,,0.9304568871362155,0.06954311286378445,0,0.09868722831457721,5,0.001,0.1,0.9386336685987818,0.9754573026703705,0.9770616224620817,0.9891459991695608,0.9913337790942226,1.0,0.9851608037248565,0.981466643495608,0.9814313614531343,0.9811932852153035,0.985880364270602,0.9772054799558005
0,6,2.2385089087486265,0.2794969683359533,4453,2.2675943275292716,0.18463611859838275,742,2.2675263059024995,0.1748,0.9904780349657861,0.08355674523909248,,,0.9283474759981976,,0.9283643111897236,0.07163568881027638,0,0.09868721666385417,5,0.001,0.1,0.9321166741926179,0.9707496867795752,0.9818892378206885,0.9854749854533068,0.9896018402462338,0.9851608037248565,1.0,0.9878693974297228,0.9772312749169347,0.9873609923708879,0.9904383959252967,0.9826757359769601
0,7,2.2438327956555493,0.28482581248538696,4277,2.2663324397543203,0.16690042075736325,713,2.2675262655313024,0.1748,0.9909490224338824,0.08359647775055992,,,0.9323786712861359,,0.9323996481766076,0.06760035182339241,0,0.0986872560114549,5,0.001,0.1,0.930016495705849,0.9688583834986674,0.9828113345609578,0.9840687507998823,0.9907194847282368,0.981466643495608,0.9878693974297228,1.0,0.9878224516179528,0.9851191289019291,0.9916174122614551,0.9916940707864272
0,8,2.24627866928394,0.23574715427464277,4129,2.2727100415663286,0.17296511627906977,688,2.267527137701504,0.1747,0.9846477507049912,0.08306490235166535,,,0.8784459052951428,,0.8784662819806497,0.12153371801935031,0,0.09868628048818388,5,0.001,0.1,0.9202723230791873,0.9619555835389492,0.9720654454570314,0.9783544138593314,0.9826781202076548,0.9814313614531343,0.9772312749169347,0.9878224516179528,1.0,0.9786928566022329,0.986869755570418,0.9858529939937462
0,9,2.247687526354714,0.22839290177455637,4001,2.2673753783816384,0.191904047976012,667,2.267526989165967,0.1747,0.9853241990851606,0.08312196754945256,,,0.8842356464398375,,0.8842559031905742,0.11574409680942577,0,0.09868646376934052,5,0.001,0.1,0.9188092731800229,0.9589768484290296,0.9743953648847418,0.9810212122295106,0.9827255136608392,0.9811932852153035,0.9873609923708879,0.9851191289019291,0.9786928566022329,1.0,0.9891330616527765,0.987260966988199
0,10,2.2507059562401692,0.23455901259964002,3889,2.2709400880904425,0.16666666666666666,648,2.2675270264902814,0.1747,0.9869872315738133,0.08326226100076921,,,0.8984695893492805,,0.8984931520089695,0.10150684799103049,0,0.09868676869689177,5,0.001,0.1,0.913067781025474,0.9596771806694394,0.9736546820266835,0.9828638034814722,0.9880319347281393,0.985880364270602,0.9904383959252967,0.9916174122614551,0.986869755570418,0.9891330616527765,1.0,0.9908132242686807
0,11,2.2527738458970012,0.2147718280137167,3791,2.270691955089569,0.15981012658227847,632,2.2675281028016308,0.1748,0.9826594192432605,0.08289716667299939,,,0.8614277191175208,,0.8614453755521404,0.1385546244478596,0,0.0986855067388725,5,0.001,0.1,0.9094453604318883,0.9536248010290342,0.9701336775105531,0.9744710519232557,0.9810066912213042,0.9772054799558005,0.9826757359769601,0.9916940707864272,0.9858529939937462,0.987260966988199,0.9908132242686807,1.0
1,0,1.864290266185419,0.45863160457755053,8214,2.216478990954022,0.2921840759678597,1369,2.2165296176751963,0.2897,0.9786973283587421,0.08160043683690474,,,0.7,,0.7000125651211567,0.2999874348788433,0.9667476240079947,0.09930719111415204,5,0.001,0.1,1.0,0.9948007126557808,0.9872318876792713,0.9821448324729143,0.9756127507970247,0.9723766767800837,0.9675581399107314,0.9644145060104345,0.9595255899481173,0.9602159460576911,0.9547635604315342,0.9532588475663268
1,1,2.0007046075700554,0.44426528749619715,6574,2.2177221706935337,0.2728102189781022,1096,2.216417816119453,0.29,0.9915724182450146,0.08340292612317579,,,0.9180486144976556,,0.9180754100578962,0.08192458994210383,0.9674123138438213,0.09938025273827505,5,0.001,0.1,0.9948007126557808,1.0,0.9950202691822332,0.993186485744001,0.9894375205195943,0.987149421077315,0.9839427455979313,0.9810465772166321,0.9776553181464043,0.9762938787886424,0.9745801720188731,0.9719986197163738
1,2,2.0574886700066415,0.4563721251945357,5783,2.2141585888401156,0.2800829875518672,964,2.216417014027556,0.29,0.9958164292072971,0.08379219288413448,,,0.9651385353884627,,0.965155952484511,0.034844047515488974,0.9674192725753781,0.0993809005115915,5,0.001,0.1,0.9872318876792713,0.9950202691822332,1.0,0.9949851080850398,0.992816680740685,0.9885808640266293,0.9913109755476511,0.9900441050520926,0.9837203891698832,0.9857594868372368,0.9829303697894368,0.9831288820386717
1,3,2.0866115045834737,0.4364668053716664,5287,2.21793680531638,0.30192962542565266,881,2.21641687691783,0.29,0.9978418201289586,0.0839150445270319,,,0.9799999998790292,,0.9800166246218381,0.01998337537816186,0.9674192235441348,0.09938097989869218,5,0.001,0.1,0.9821448324729143,0.993186485744001,0.9949851080850398,1.0,0.9964254440381477,0.9952415513492326,0.9939710469795213,0.9909136635282463,0.9887652211971509,0.9891145828277738,0.9894976475908359,0.9852960807249447
1,4,2.1091287745198897,0.43752786220871326,4935,2.211912384400001,0.29075425790754256,822,2.216416836546633,0.29,0.9978248660887271,0.08388409930641295,,,0.976256531036979,,0.9762712519693411,0.02372874803065894,0.9674198854273764,0.09938097226139593,5,0.001,0.1,0.9756127507970247,0.9894375205195943,0.992816680740685,0.9964254440381477,1.0,0.996070989393214,0.9953594862372961,0.9938585810175622,0.9907959180803005,0.9886751931799282,0.9916845130200993,0.9884810569847611
1,5,2.111516455264941,0.42206985215341764,4667,2.2146278285980223,0.2892030848329049,778,2.216417414692644,0.29,0.9961971132444428,0.08356177678182419,,,0.9372649095925244,,0.937271048994307,0.06272895100569298,0.9674169537461965,0.09938046535729919,5,0.001,0.1,0.9723766767800837,0.987149421077315,0.9885808640266293,0.9952415513492326,0.996070989393214,1.0,0.9932916602768717,0.9905193386903447,0.9906606784810459,0.9876045517549794,0.992027906842539,0.9862752101270815
1,6,2.1325051707880838,0.4203458342690321,4453,2.2160857518514,0.29784366576819404,742,2.216417298149377,0.29,0.99733982025131,0.08358602803754808,,,0.9401986039843296,,0.9402238524661467,0.0597761475338533,0.9674183773678844,0.09938074487071034,5,0.001,0.1,0.9675581399107314,0.9839427455979313,0.9913109755476511,0.9939710469795213,0.9953594862372961,0.9932916602768717,1.0,0.9958244245944305,0.9919712545123579,0.9926252372571168,0.9952959506124693,0.9921988382735571
1,7,2.1442612142705206,0.4308159925181202,4277,2.2156844346419624,0.2959326788218794,713,2.2164173217627186,0.29,0.9962816148489475,0.08357622091287463,,,0.9390122280299538,,0.9390349986951605,0.060965001304839506,0.9674179726811166,0.0993807414034938,5,0.001,0.1,0.9644145060104345,0.9810465772166321,0.9900441050520926,0.9909136635282463,0.9938585810175622,0.9905193386903447,0.9958244245944305,1.0,0.991583666454875,0.992643703199247,0.994168460518291,0.9957156229427602
1,8,2.1498713894990775,0.36250908210220395,4129,2.219766042449258,0.3081395348837209,688,2.216420023586042,0.29,0.993476597060489,0.08315892583749153,,,0.8885316988434424,,0.8885473753394999,0.1114526246605001,0.9673983720345672,0.09937942626188696,5,0.001,0.1,0.9595255899481173,0.9776553181464043,0.9837203891698832,0.9887652211971509,0.9907959180803005,0.9906606784810459,0.9919712545123579,0.991583666454875,1.0,0.9889391923475022,0.9935709672326944,0.9900997802294125
1,9,2.1559719104615467,0.41349662584353913,4001,2.215484937032064,0.3028485757121439,667,2.216419506377686,0.2899,0.9935723178502449,0.08319708106431468,,,0.8931473680782064,,0.893167473734064,0.10683252626593598,0.9674022636457821,0.09937965810974242,5,0.001,0.1,0.9602159460576911,0.9762938787886424,0.9857594868372368,0.9891145828277738,0.9886751931799282,0.9876045517549794,0.9926252372571168,0.992643703199247,0.9889391923475022,1.0,0.9933177074312822,0.9932719052284157
1,10,2.160852081072135,0.3932630496271535,3889,2.219889515922183,0.2854938271604938,648,2.2164193235647183,0.2898,0.9942396857989605,0.083304855281137,,,0.9061849039102733,,0.9061965378258474,0.09380346217415259,0.9674083026339785,0.09937997178771227,5,0.001,0.1,0.9547635604315342,0.9745801720188731,0.9829303697894368,0.9894976475908359,0.9916845130200993,0.992027906842539,0.9952959506124693,0.994168460518291,0.9935709672326944,0.9933177074312822,1.0,0.9944335242433232
1,11,2.1651659871349818,0.38807702453178583,3791,2.2205816745758056,0.2689873417721519,632,2.216420827963101,0.29,0.9923800138751474,0.08302041240714991,,,0.8717756150179515,,0.8717874368119388,0.12821256318806118,0.9674066742548267,0.0993780977576415,5,0.001,0.1,0.9532588475663268,0.9719986197163738,0.9831288820386717,0.9852960807249447,0.9884810569847611,0.9862752101270815,0.9921988382735571,0.9957156229427602,0.9900997802294125,0.9932719052284157,0.9944335242433232,1.0
2,0,1.6616065543449343,0.529754078402727,8214,2.153506179188573,0.4565376186997809,1369,2.152450568378924,0.4504,0.9867360286945347,0.08196446694943747,,,0.7,,0.7000125651211567,0.2999874348788433,0.9851451711558826,0.0995184756934805,5,0.001,0.1,1.0,0.9961561317653362,0.9920130290232444,0.9892001895612433,0.9852810622505777,0.9825741909781488,0.9796846754584563,0.9773542784548647,0.9739888344602344,0.9762634854910643,0.9720608979232275,0.9714960061692733
2,1,1.799248549891907,0.5143900212960146,6574,2.153220088141305,0.42244525547445255,1096,2.1521678923037104,0.4506,0.9945927167165359,0.08332466967969197,,,0.9113704815430501,,0.9113917321502788,0.0886082678497212,0.9859005757439301,0.09961981618424558,5,0.001,0.1,0.9961561317653362,1.0,0.9970991990980477,0.9955615396593925,0.9934733849663572,0.9914212422955376,0.9896211689796724,0.9880275704909216,0.9850038005958913,0.9864244247152523,0.9838388310618984,0.9831601793320136
2,2,1.8701424783106009,0.5231540722808231,5783,2.1505052351182505,0.44190871369294604,964,2.1521654723170465,0.4506,0.9976035662460284,0.0836608734485651,,,0.9636153057465748,,0.96363363972898,0.036366360271020026,0.9859053629608967,0.09962038412513692,5,0.001,0.1,0.9920130290232444,0.9970991990980477,1.0,0.997422570029244,0.9961439096795153,0.9940544155491183,0.9942187856825798,0.9933915808998176,0.9899095229189797,0.9918066516929533,0.9899272284319741,0.9896720935840323
2,3,1.9113224414457757,0.5069037261206734,5287,2.153604192393167,0.44835414301929627,881,2.152165364152707,0.4506,0.9985331373802551,0.08376631156595891,,,0.9799999998446036,,0.9800166246218381,0.01998337537816186,0.9859065126881451,0.09962042096574185,5,0.001,0.1,0.9892001895612433,0.9955615396593925,0.997422570029244,1.0,0.9973880634608748,0.9968581980766308,0.995858626352541,0.9941012550531886,0.9924034627187216,0.9938939117996768,0.9929821668117081,0.9910323414432572
2,4,1.9421289059423632,0.4988449848024316,4935,2.144974424288823,0.4610705596107056,822,2.1521653611058245,0.4506,0.9986208113800441,0.0837501494546354,,,0.9774884674257813,,0.9775084331293917,0.02249156687060827,0.9859058573606707,0.09962041943580266,5,0.001,0.1,0.9852810622505777,0.9934733849663572,0.9961439096795153,0.9973880634608748,1.0,0.9972832063129742,0.9966543915436614,0.9961392246203036,0.9938600633293364,0.9937290716838391,0.9943665242723854,0.9933622576180805
2,5,1.9471086934821247,0.48609385043925435,4667,2.1505937957763672,0.4691516709511568,778,2.1521661791938564,0.4506,0.9978434130255308,0.08352719015361341,,,0.9428414153553153,,0.9428625279090672,0.057137472090932784,0.9858995796989642,0.09962029781555541,5,0.001,0.1,0.9825741909781488,0.9914212422955376,0.9940544155491183,0.9968581980766308,0.9972832063129742,1.0,0.9961026410341346,0.9948438056852742,0.9942870213553318,0.9937521286955856,0.9947069936279063,0.9924782603162681
2,6,1.9809650584629603,0.4862789130922973,4453,2.15141354004542,0.4609164420485175,742,2.152165641419042,0.4506,0.9982642416474489,0.08355567102345401,,,0.947267237358956,,0.9472941494862799,0.05270585051372012,0.9859036377833333,0.09962034273292006,5,0.001,0.1,0.9796846754584563,0.9896211689796724,0.9942187856825798,0.995858626352541,0.9966543915436614,0.9961026410341346,1.0,0.9974558991001891,0.9950793684604273,0.9958927973600988,0.9971099102712396,0.9956754972361633
2,7,1.9992404669078427,0.5006780453588964,4277,2.151970334675001,0.453015427769986,713,2.1521658288023344,0.4506,0.9976642287416457,0.08353026741655721,,,0.9433196106535581,,0.9433409690608056,0.056659030939194444,0.9859028997416406,0.09962029858639897,5,0.001,0.1,0.9773542784548647,0.9880275704909216,0.9933915808998176,0.9941012550531886,0.9961392246203036,0.9948438056852742,0.9974558991001891,1.0,0.9951708215248534,0.9956771003787279,0.9967117766791616,0.9972902387041318
2,8,2.0109220851384677,0.43584403003148464,4129,2.1532337990674106,0.45494186046511625,688,2.152171124284641,0.4505,0.995772474067728,0.08321301283460526,,,0.8940194201250657,,0.8940373667372247,0.10596263326277533,0.9858939504742084,0.0996193268419514,5,0.001,0.1,0.9739888344602344,0.9850038005958913,0.9899095229189797,0.9924034627187216,0.9938600633293364,0.9942870213553318,0.9950793684604273,0.9951708215248534,1.0,0.9938406016522622,0.9956668336232831,0.9943354225892275
2,9,2.0211389719493806,0.4975756060984754,4001,2.150568791798183,0.4767616191904048,667,2.1521702825832674,0.4505,0.9965886366339051,0.08326279968038582,,,0.9017561121144841,,0.9017794144653541,0.09822058553464585,0.9858972330832481,0.09961954999387142,5,0.001,0.1,0.9762634854910643,0.9864244247152523,0.9918066516929533,0.9938939117996768,0.9937290716838391,0.9937521286955856,0.9958927973600988,0.9956771003787279,0.9938406016522622,1.0,0.9963728076050166,0.995675655013454
2,10,2.0303447533826358,0.47333504757006944,3889,2.155726364680699,0.44753086419753085,648,2.152169346428527,0.4505,0.9963904619138062,0.08332255039358631,,,0.9110411523079901,,0.9110679386435468,0.08893206135645315,0.9859014495576054,0.09961981511139385,5,0.001,0.1,0.9720608979232275,0.9838388310618984,0.9899272284319741,0.9929821668117081,0.9943665242723854,0.9947069936279063,0.9971099102712396,0.9967117766791616,0.9956668336232831,0.9963728076050166,1.0,0.9971381617766083
2,11,2.0379773584734493,0.47850171458718016,3791,2.157466769218445,0.41930379746835444,632,2.1521737796430007,0.4506,0.9955881576245719,0.08312203739950909,,,0.8798821734506168,,0.8799016054358647,0.12009839456413529,0.9858684775340961,0.09961892234406933,5,0.001,0.1,0.9714960061692733,0.9831601793320136,0.9896720935840323,0.9910323414432572,0.9933622576180805,0.9924782603162681,0.9956754972361633,0.9972902387041318,0.9943354225892275,0.995675655013454,0.9971381617766083,1.0
3,0,1.502635701621089,0.5686632578524471,8214,2.075877173002376,0.5259313367421475,1369,2.0735702819336717,0.5219,0.9887897672036825,0.08223336755734122,,,0.7,,0.7000125651211567,0.2999874348788433,0.9945111244134984,0.09955979515548,5,0.001,0.1,1.0,0.9963481561802652,0.9930816043672602,0.990539037185649,0.9876548258205492,0.9850241926927769,0.9836327434329131,0.9801529636615173,0.9781386124789285,0.9807004573209601,0.9766428464623313,0.9763667206474004
3,1,1.622633354119884,0.5596288408883481,6574,2.073662894112723,0.5009124087591241,1096,2.0730060179012653,0.522,0.9953593568544964,0.08328024361299659,,,0.9064322921729163,,0.9064575057267956,0.09354249427320438,0.9947299050761922,0.09968454950808531,5,0.001,0.1,0.9963481561802652,1.0,0.9974734549130488,0.9959837575571273,0.9944263870540723,0.9926830851135485,0.9916553226361475,0.9890166849823805,0.9873789429375145,0.9892461936653993,0.9864253324334677,0.986079050258702
3,2,1.6911798899344976,0.560055334601418,5783,2.0722220636183217,0.5020746887966805,964,2.0730021304596726,0.522,0.9981737657084705,0.08357745509749939,,,0.9650390849012302,,0.9650544649674757,0.03494553503252429,0.994727391771398,0.09968519645840958,5,0.001,0.1,0.9930816043672602,0.9974734549130488,1.0,0.9976308406600091,0.9969286938922223,0.9953911956049083,0.9958339561357302,0.9942151688738965,0.9919477365709714,0.9939200637806856,0.9918669657595325,0.9920049153645211
3,3,1.7330489355397511,0.5479856251182145,5287,2.074011674949101,0.5334846765039728,881,2.0730016425775646,0.522,0.9985195639686025,0.08365332609334167,,,0.979999999802811,,0.9800166246218381,0.01998337537816186,0.9947284834603968,0.09968524326701364,5,0.001,0.1,0.990539037185649,0.9959837575571273,0.9976308406600091,1.0,0.9974087416740234,0.9969548085472644,0.9966258072759786,0.9943998485895316,0.9933131043308947,0.9952914245912139,0.9937197727078249,0.992515131095413
3,4,1.7668454154845208,0.5339817629179331,4935,2.062908356006329,0.5413625304136253,822,2.073001652860794,0.522,0.9988056709814936,0.083652648712677,,,0.9798664278842194,,0.9798909734102705,0.020109026589729462,0.9947285114355694,0.09968524326434267,5,0.001,0.1,0.9876548258205492,0.9944263870540723,0.9969286938922223,0.9974087416740234,1.0,0.9973408171306993,0.9970689350636176,0.9963347406498533,0.9951005652219157,0.995750818723345,0.9950402602470468,0.9947077373182021
3,5,1.7704924394006598,0.5305335333190486,4667,2.0716452693939207,0.538560411311054,778,2.073003016721707,0.522,0.9982645008026435,0.08349835030480196,,,0.949440501296057,,0.9494640492552749,0.050535950744725056,0.9947289859015385,0.09968513595013555,5,0.001,0.1,0.9850241926927769,0.9926830851135485,0.9953911956049083,0.9969548085472644,0.9973408171306993,1.0,0.9968645314771222,0.9957054995531586,0.9954396482124986,0.9956272653415538,0.9959062137305981,0.9943253463692145
3,6,1.8119774903569903,0.5267460139231979,4453,2.071767359972,0.5269541778975741,742,2.0730023022276907,0.522,0.9987207174364326,0.0835305624086048,,,0.9557923692061224,,0.9558142681783474,0.04418573182165264,0.9947270916934474,0.09968516852852155,5,0.001,0.1,0.9836327434329131,0.9916553226361475,0.9958339561357302,0.9966258072759786,0.9970689350636176,0.9968645314771222,1.0,0.9975668807221759,0.9963905144948904,0.9969552602104947,0.9973996698044668,0.996707978101289
3,7,1.8320148331015857,0.5357493570259527,4277,2.0734338242074717,0.5259467040673211,713,2.073002474757429,0.522,0.9977492975855581,0.0834835988577388,,,0.9465316803199112,,0.9465547404335933,0.053445259566406667,0.9947289825860464,0.09968513203792781,5,0.001,0.1,0.9801529636615173,0.9890166849823805,0.9942151688738965,0.9943998485895316,0.9963347406498533,0.9957054995531586,0.9975668807221759,1.0,0.9963927411773774,0.9965079662428707,0.9970912310389157,0.997667147150331
3,8,1.85298028083948,0.489949140227658,4129,2.0713565132834693,0.5188953488372093,688,2.0730093279585673,0.522,0.9966876891763795,0.0832546268523862,,,0.9013809524443213,,0.9013976280917447,0.09860237190825527,0.994730885061002,0.09968437894775423,5,0.001,0.1,0.9781386124789285,0.9873789429375145,0.9919477365709714,0.9933131043308947,0.9951005652219157,0.9954396482124986,0.9963905144948904,0.9963927411773774,1.0,0.9952593081479312,0.9969050800140009,0.996085287070712
3,9,1.8632824477695284,0.5366658335416146,4001,2.070785465694609,0.5367316341829086,667,2.073008445505136,0.522,0.9975266269094097,0.0833122744274321,,,0.9127484118399649,,0.9127690627386165,0.08723093726138353,0.994729520445732,0.09968465302841921,5,0.001,0.1,0.9807004573209601,0.9892461936653993,0.9939200637806856,0.9952914245912139,0.995750818723345,0.9956272653415538,0.9969552602104947,0.9965079662428707,0.9952593081479312,1.0,0.9966936008585621,0.9964515930601919
3,10,1.873630241096997,0.518179480586269,3889,2.076618501118251,0.5185185185185185,648,2.0730072579825647,0.522,0.9969328863363679,0.08332976431472357,,,0.916197222712962,,0.9162148055789138,0.08378519442108623,0.9947292456063201,0.09968466562043021,5,0.001,0.1,0.9766428464623313,0.9864253324334677,0.9918669657595325,0.9937197727078249,0.9950402602470468,0.9959062137305981,0.9973996698044668,0.9970912310389157,0.9969050800140009,0.9966936008585621,1.0,0.9975629737632663
3,11,1.882892592213735,0.5273542600896861,3791,2.0795366168022156,0.5,632,2.0730129171865057,0.5221,0.9965323329237835,0.08319378176045653,,,0.8893829783511495,,0.8894027701259412,0.11059722987405884,0.9947289337500305,0.09968420990074332,5,0.001,0.1,0.9763667206474004,0.986079050258702,0.9920049153645211,0.992515131095413,0.9947077373182021,0.9943253463692145,0.996707978101289,0.997667147150331,0.996085287070712,0.9964515930601919,0.9975629737632663,1.0
4,0,1.3767426106252558,0.6036279522766009,8214,1.9840078326158745,0.5675675675675675,1369,1.9803804646665677,0.5578,0.9891978667869097,0.08240964298579123,,,0.7,,0.7000125651211567,0.2999874348788433,0.996469039649915,0.09954702793826188,5,0.001,0.1,1.0,0.9961121490337295,0.9932674554164169,0.9906695725719029,0.988038922747764,0.9851906603690067,0.9845452501006214,0.9811390301572215,0.9789460484230642,0.9795352072698376,0.9783657961985283,0.9780125408348429
4,1,1.477489159118782,0.5925463948889564,6574,1.9796797820499965,0.5447080291970803,1096,1.9794193719522641,0.5583,0.9955059136882345,0.08325577792124403,,,0.9003595109176049,,0.9003779201824842,0.09962207981751581,0.9971333799974647,0.09968986426479373,5,0.001,0.1,0.9961121490337295,1.0,0.9973697446507086,0.9959840392956563,0.994649875326067,0.9928164163327584,0.9921398466971953,0.9894720554803595,0.9877348340498946,0.9881694827872775,0.9874596404038414,0.9872487980570216
4,2,1.5389032093200894,0.5908352066401522,5783,1.9796013139909314,0.5394190871369294,964,1.979410905807544,0.5583,0.9981734607616672,0.08352431209717628,,,0.9639467402117798,,0.963957433235712,0.036042566764287964,0.9971426852640611,0.09969088349544036,5,0.001,0.1,0.9932674554164169,0.9973697446507086,1.0,0.9973713827142389,0.9968806064896674,0.9956950754557691,0.9960473573409677,0.9942891474837243,0.9919129589010636,0.9928939775177853,0.9925543207471091,0.9927165616743793
4,3,1.576390955175262,0.5765462455078495,5287,1.9799541064671107,0.5516458569807038,881,1.9794102983352857,0.5583,0.9984965111439068,0.08358130307672208,,,0.9774418511096661,,0.9774649384792338,0.02253506152076623,0.9971430622267441,0.09969092446143595,5,0.001,0.1,0.9906695725719029,0.9959840392956563,0.9973713827142389,1.0,0.99723554383357,0.996869863601948,0.9966672757640206,0.9945477254444809,0.9937975417204938,0.994397683024011,0.9941697010525709,0.9931125881081097
4,4,1.6085224970694512,0.5644984802431611,4935,1.9663037336789644,0.5705596107055961,822,1.9794102507277418,0.5583,0.9988438808382879,0.0835921063519743,,,0.9799999997632062,,0.9800166246218381,0.01998337537816186,0.9971430908094737,0.09969092750318367,5,0.001,0.1,0.988038922747764,0.994649875326067,0.9968806064896674,0.99723554383357,1.0,0.9973861581692904,0.9969766194583464,0.9963827039933619,0.995592915707607,0.9949332188071045,0.9954882553975312,0.9953801586468796
4,5,1.610437167425678,0.56760231412042,4667,1.9782529640197755,0.577120822622108,778,1.9794122186331704,0.5583,0.9984556262392328,0.08348488328988786,,,0.9546102429069547,,0.9546302471462677,0.04536975285373235,0.997141415135053,0.09969086250143759,5,0.001,0.1,0.9851906603690067,0.9928164163327584,0.9956950754557691,0.996869863601948,0.9973861581692904,1.0,0.9968817814634588,0.9961758934588162,0.9958676272816986,0.9955668354678099,0.9964473590225733,0.9953746543244647
4,6,1.6533002248832158,0.5600269481248596,4453,1.9774395724137623,0.5754716981132075,742,1.9794110101632798,0.5583,0.9986745931899527,0.08351172186369483,,,0.9609654509197454,,0.9609901315471531,0.03900986845284693,0.9971428845457584,0.09969088188523054,5,0.001,0.1,0.9845452501006214,0.9921398466971953,0.9960473573409677,0.9966672757640206,0.9969766194583464,0.9968817814634588,1.0,0.9975158901357839,0.9957169229996118,0.9962923851054742,0.9973141151326198,0.9967855475111782
4,7,1.6730371592649773,0.5717091419219079,4277,1.980783918629522,0.5511921458625526,713,1.9794116747645905,0.5583,0.9978135309521957,0.0834550935647007,,,0.9475562205296898,,0.9475792810817603,0.05242071891823974,0.997141054240385,0.09969084000855354,5,0.001,0.1,0.9811390301572215,0.9894720554803595,0.9942891474837243,0.9945477254444809,0.9963827039933619,0.9961758934588162,0.9975158901357839,1.0,0.9956834961308431,0.9961722720275177,0.9973569600430726,0.997820381706038
4,8,1.6960619645852308,0.5472027125211916,4129,1.9744403524832292,0.565406976744186,688,1.9794225117649895,0.5583,0.9965623210996499,0.08327417707384302,,,0.9047163162704763,,0.9047370506761002,0.09526294932389978,0.9971321158429346,0.09969003449766316,5,0.001,0.1,0.9789460484230642,0.9877348340498946,0.9919129589010636,0.9937975417204938,0.995592915707607,0.9958676272816986,0.9957169229996118,0.9956834961308431,1.0,0.9947136784282158,0.9962990197806286,0.995317337694069
4,9,1.7021528718963501,0.5715071232191952,4001,1.9766285703295754,0.5652173913043478,667,1.97942033590981,0.5583,0.996904792582096,0.08332061267468246,,,0.9157119788811656,,0.9157363644271754,0.08426363557282457,0.9971363986491487,0.09969027064160607,5,0.001,0.1,0.9795352072698376,0.9881694827872775,0.9928939775177853,0.994397683024011,0.9949332188071045,0.9955668354678099,0.9962923851054742,0.9961722720275177,0.9947136784282158,1.0,0.9968284646769737,0.9961776939564333
4,10,1.717155343001006,0.5496014399588584,3889,1.9827534755071003,0.5478395061728395,648,1.9794179361087445,0.5583,0.9972584677420434,0.08334276775776756,,,0.9209581653051928,,0.9209702206628585,0.0790297793371415,0.9971379688635306,0.09969040123090074,5,0.001,0.1,0.9783657961985283,0.9874596404038414,0.9925543207471091,0.9941697010525709,0.9954882553975312,0.9964473590225733,0.9973141151326198,0.9973569600430726,0.9962990197806286,0.9968284646769737,1.0,0.9976090376655382
4,11,1.726960309212949,0.5644948562384595,3791,1.9872661471366881,0.5443037974683544,632,1.97942719139611,0.5584,0.9968955192578667,0.08324760134251576,,,0.898423347728575,,0.8984351591420922,0.10156484085790785,0.9971322593440668,0.09968985163133466,5,0.001,0.1,0.9780125408348429,0.9872487980570216,0.9927165616743793,0.9931125881081097,0.9953801586468796,0.9953746543244647,0.9967855475111782,0.997820381706038,0.995317337694069,0.9961776939564333,0.9976090376655382,1.0
5,0,1.2741555028852323,0.6253226199172145,8214,1.8796529159989468,0.5858290723155588,1369,1.8746962200719328,0.5826,0.9893147951619483,0.08252115546154157,,,0.7,,0.7000125651211567,0.2999874348788433,0.9970563060311103,0.09953305463803262,5,0.001,0.1,1.0,0.9957388952368703,0.9933521663742304,0.9909017608137365,0.9878363814042284,0.9853099196706886,0.9845578425882726,0.981449799641921,0.9796054456418143,0.9799749900236496,0.9787872622582509,0.9778344180220421
5,1,1.3579611800828026,0.6151505932461211,6574,1.8729967423847744,0.573905109489051,1096,1.8731960050595073,0.5828,0.9954913111475155,0.08323985581892816,,,0.8960677451684971,,0.8960864480335585,0.10391355196644148,0.9975713016416323,0.09969094365282939,5,0.001,0.1,0.9957388952368703,1.0,0.9971820762470556,0.9959746300483792,0.9945025893365557,0.993001110692265,0.9921047318300203,0.9894864010100098,0.9879111429275693,0.9883602615209219,0.9877919939247947,0.987070963020062
5,2,1.4114966088237024,0.6135569773473976,5783,1.8745228898140691,0.5715767634854771,964,1.8731820389104727,0.5827,0.9980878994379968,0.08348849940212129,,,0.9638998899646465,,0.963913938585554,0.036086061414446036,0.9975728348416117,0.09969205360921857,5,0.001,0.1,0.9933521663742304,0.9971820762470556,1.0,0.9974186288336577,0.996495600772144,0.9958091010378637,0.9957923886187643,0.9943092903224162,0.9919920933956521,0.9928145656541286,0.992594513307946,0.9923699055588993
5,3,1.4451949487967664,0.602458861358048,5287,1.8730102947780065,0.5766174801362088,881,1.873181178546942,0.5828,0.9984592756392955,0.08353546537401772,,,0.97671261798786,,0.9767351949043601,0.023264805095639884,0.9975729615138949,0.09969208801969251,5,0.001,0.1,0.9909017608137365,0.9959746300483792,0.9974186288336577,1.0,0.9968263190325101,0.9969229360703237,0.9965424785829569,0.9946033622633745,0.9935194648862168,0.9944345427470777,0.9943094250015062,0.9930863108731951
5,4,1.4736259329319,0.5893009118541034,4935,1.8571962439096892,0.5815085158150851,822,1.8731810806658322,0.5828,0.9986271210207588,0.08354751550714336,,,0.9799999997271912,,0.9800166246218381,0.01998337537816186,0.9975731584580629,0.09969209356337506,5,0.001,0.1,0.9878363814042284,0.9945025893365557,0.996495600772144,0.9968263190325101,1.0,0.9968519020568509,0.9968591298260986,0.9962409647876125,0.9951820814533789,0.9952041134442358,0.9953680252244507,0.9951474073468363
5,5,1.4724158518934902,0.5971716305978144,4667,1.8720738697052002,0.5925449871465296,778,1.873183634334479,0.5828,0.998476537075131,0.08347685613952562,,,0.9607235060654655,,0.9607436618629241,0.03925633813707585,0.9975726192074194,0.09969205229609625,5,0.001,0.1,0.9853099196706886,0.993001110692265,0.9958091010378637,0.9969229360703237,0.9968519020568509,1.0,0.9970713444195468,0.9962266077006429,0.9956556164622864,0.9960957432700517,0.9964631677136417,0.9952816105168799
5,6,1.5126033582857676,0.5899393667190658,4453,1.8703986306985219,0.5997304582210242,742,1.8731817970641504,0.5828,0.998602507705345,0.08349739370560863,,,0.966326333769334,,0.9663399735165908,0.033660026483409156,0.9975726895311595,0.09969206909758965,5,0.001,0.1,0.9845578425882726,0.9921047318300203,0.9957923886187643,0.9965424785829569,0.9968591298260986,0.9970713444195468,1.0,0.9972076638406907,0.9957407469292402,0.9965042011838072,0.9973331359684086,0.9964732392172595
5,7,1.5316600355639387,0.5968669628244097,4277,1.875488016916358,0.5680224403927069,713,1.8731831879661487,0.5828,0.9978651419200014,0.08343883004326008,,,0.950349654326398,,0.9503677714307807,0.04963222856921934,0.9975730768694445,0.0996920092850429,5,0.001,0.1,0.981449799641921,0.9894864010100098,0.9943092903224162,0.9946033622633745,0.9962409647876125,0.9962266077006429,0.9972076638406907,1.0,0.9963217068568371,0.9966645752414973,0.9973423410169467,0.9974921645728073
5,8,1.5562453809151282,0.568321627512715,4129,1.8645541776310315,0.6017441860465116,688,1.8731970505211681,0.5829,0.9966846683758463,0.08328968767824445,,,0.909662312352554,,0.9096809425773963,0.09031905742260371,0.9975721185334449,0.0996912645232294,5,0.001,0.1,0.9796054456418143,0.9879111429275693,0.9919920933956521,0.9935194648862168,0.9951820814533789,0.9956556164622864,0.9957407469292402,0.9963217068568371,1.0,0.9954915035159742,0.9964980455245392,0.9953047086770145
5,9,1.5586211790168096,0.5942514371407148,4001,1.8699987672624134,0.5952023988005997,667,1.873193617065113,0.5829,0.997215868527142,0.08333533826346819,,,0.9221161913835703,,0.9221397434782188,0.07786025652178119,0.9975711665893536,0.09969158971267142,5,0.001,0.1,0.9799749900236496,0.9883602615209219,0.9928145656541286,0.9944345427470777,0.9952041134442358,0.9960957432700517,0.9965042011838072,0.9966645752414973,0.9954915035159742,1.0,0.9971494136136163,0.9968793571154203
5,10,1.5746411429076899,0.5774235021856519,3889,1.8760813247589838,0.5879629629629629,648,1.8731908733471514,0.5829,0.9973399124852286,0.08335293964259144,,,0.9269180015970799,,0.9269386532123216,0.0730613467876784,0.9975720742975394,0.09969166451926072,5,0.001,0.1,0.9787872622582509,0.9877919939247947,0.992594513307946,0.9943094250015062,0.9953680252244507,0.9964631677136417,0.9973331359684086,0.9973423410169467,0.9964980455245392,0.9971494136136163,1.0,0.9974036244725658
5,11,1.5823052472427113,0.5951463993669217,3791,1.8825457513332366,0.564873417721519,632,1.8732028228406328,0.5829,0.9967801311550835,0.0832764629635496,,,0.9060544944851122,,0.9060708866142798,0.09392911338572019,0.9975702178704012,0.0996912029818387,5,0.001,0.1,0.9778344180220421,0.987070963020062,0.9923699055588993,0.9930863108731951,0.9951474073468363,0.9952816105168799,0.9964732392172595,0.9974921645728073,0.9953047086770145,0.9968793571154203,0.9974036244725658,1.0
6,0,1.1885101653258625,0.6437058680301924,8214,1.7649176647496778,0.5975164353542732,1369,1.7586706792965483,0.5984,0.9895336519289886,0.08259705033740924,,,0.98,,0.9800166246218381,0.01998337537816186,0.9960213448502351,0.09969071372536127,5,0.001,0.1,1.0,0.9953006709257707,0.9930959712464992,0.9907127158469431,0.9878884472066575,0.9851905199496989,0.985084942273307,0.9817264104297737,0.9811877226640888,0.9803968194697809,0.9790760176787059,0.9781378661201434
6,1,1.2579164753839807,0.6343778521448129,6574,1.7561990806034633,0.5885036496350365,1096,1.75691177174687,0.5989,0.9956087119817456,0.08323427854354049,,,0.98,,0.9800166246218381,0.01998337537816186,0.9977272100982274,0.09969071372536127,5,0.001,0.1,0.9953006709257707,1.0,0.9970081550474649,0.9958527716787794,0.9942783921225298,0.9927449783010752,0.9924296959490718,0.9898813708654304,0.9888002421288509,0.9883488239608835,0.988128326925943,0.9875935465956934
6,2,1.303397428264934,0.6343074528791285,5783,1.7597809683892034,0.5943983402489627,964,1.7568972396393554,0.5989,0.997978911933846,0.08346340604455445,,,0.98,,0.9800166246218381,0.01998337537816186,0.9977392110353117,0.09969071372536127,5,0.001,0.1,0.9930959712464992,0.9970081550474649,1.0,0.9969659000054879,0.9961922525702488,0.9956935953919798,0.9955577213329206,0.9942558563845614,0.9928436858579011,0.9923892054677403,0.9923151648877057,0.9923533733461449
6,3,1.3326195615601828,0.6262909022129752,5287,1.7558877170085907,0.5879682179341658,881,1.7568964063169095,0.5989,0.9983463228457438,0.08350409243427444,,,0.98,,0.9800166246218381,0.01998337537816186,0.9977398092392613,0.09969071372536127,5,0.001,0.1,0.9907127158469431,0.9958527716787794,0.9969659000054879,1.0,0.9967171087023755,0.9966930139928142,0.9966022752291755,0.9946450947842179,0.9937967021393537,0.9939398312220306,0.9942046754887778,0.9929046278916103
6,4,1.357465892299529,0.6134954407294833,4935,1.7381939429503221,0.5948905109489051,822,1.7568963396663484,0.5989,0.9984465495263944,0.08351472387763156,,,0.98,,0.9800166246218381,0.01998337537816186,0.9977397679665121,0.09969071372536127,5,0.001,0.1,0.9878884472066575,0.9942783921225298,0.9961922525702488,0.9967171087023755,1.0,0.9965609084085625,0.9964014791202159,0.9960170309573031,0.9953973749664957,0.995052458055152,0.9949139307220597,0.9947868231531383
6,5,1.353846505978336,0.6200128562245554,4667,1.7556640243530273,0.6041131105398457,778,1.7568990852886115,0.5989,0.9984787677885009,0.08347240503375664,,,0.98,,0.9800166246218381,0.01998337537816186,0.9977392113891292,0.09969071372536127,5,0.001,0.1,0.9851905199496989,0.9927449783010752,0.9956935953919798,0.9966930139928142,0.9965609084085625,1.0,0.9970642400353359,0.9966157274537496,0.9960205563416314,0.9960618022184061,0.9965040641955528,0.9954164063189458
6,6,1.3923394209997995,0.6120817426454076,4453,1.753107080856959,0.6253369272237197,742,1.756896856112983,0.5989,0.9985731952254842,0.08348805740556546,,,0.98,,0.9800166246218381,0.01998337537816186,0.9977396993225489,0.09969071372536127,5,0.001,0.1,0.985084942273307,0.9924296959490718,0.9955577213329206,0.9966022752291755,0.9964014791202159,0.9970642400353359,1.0,0.9971754635424229,0.9959871758476564,0.9959816173531224,0.9971483662120152,0.9962609378978248
6,7,1.4080735719915647,0.6273088613514145,4277,1.760193995807482,0.5848527349228612,713,1.7568986697699696,0.5989,0.9978977917087646,0.08343030702955934,,,0.98,,0.9800166246218381,0.01998337537816186,0.9977387027876423,0.09969071372536127,5,0.001,0.1,0.9817264104297737,0.9898813708654304,0.9942558563845614,0.9946450947842179,0.9960170309573031,0.9966157274537496,0.9971754635424229,1.0,0.9963997288584263,0.9960952566283203,0.9972267891698725,0.9975518114820693
6,8,1.4398972445267897,0.6096875756841851,4129,1.7442104057832197,0.622093023255814,688,1.7569123491311607,0.5989,0.9970483833189024,0.08331135416285226,,,0.98,,0.9800166246218381,0.01998337537816186,0.997729990043672,0.09969071372536127,5,0.001,0.1,0.9811877226640888,0.9888002421288509,0.9928436858579011,0.9937967021393537,0.9953973749664957,0.9960205563416314,0.9959871758476564,0.9963997288584263,1.0,0.9953995093276014,0.9963846347015193,0.9952200806136897
6,9,1.4303092879908426,0.6151962009497626,4001,1.7536039636248635,0.6101949025487257,667,1.756909698723985,0.5989,0.9969474583796489,0.08333610761807068,,,0.98,,0.9800166246218381,0.01998337537816186,0.9977346912832891,0.09969071372536127,5,0.001,0.1,0.9803968194697809,0.9883488239608835,0.9923892054677403,0.9939398312220306,0.995052458055152,0.9960618022184061,0.9959816173531224,0.9960952566283203,0.9953995093276014,1.0,0.99647996740558,0.9960763062349264
6,10,1.4475432031467312,0.6060169709436873,3889,1.7590830723444622,0.6033950617283951,648,1.7569068072322078,0.5989,0.9972221233975248,0.08335577933068268,,,0.98,,0.9800166246218381,0.01998337537816186,0.9977354514222048,0.09969071372536127,5,0.001,0.1,0.9790760176787059,0.988128326925943,0.9923151648877057,0.9942046754887778,0.9949139307220597,0.9965040641955528,0.9971483662120152,0.9972267891698725,0.9963846347015193,0.99647996740558,1.0,0.997108163482184
