round,client_id,client_i_training_loss,client_i_training_accuracy,client_i_training_dataset_size,client_i_evaluation_loss,client_i_evaluation_accuracy,client_i_evaluation_dataset_size,client_i_central_evaluation_loss,client_i_central_evaluation_accuracy,client_i_cosine_similarity,client_i_importance_coefficient,client_i_tanh_val,tanh_normalization_value,client_i_q,client_i_mask_order,client_i_v_nonzero_fraction,client_i_v_sparsity,client_i_v_cosine_similarity,client_i_reward_gradient_norm,local_epochs,learning_rate,gamma,client_0_cosine_similarity,client_1_cosine_similarity,client_2_cosine_similarity,client_3_cosine_similarity,client_4_cosine_similarity,client_5_cosine_similarity,client_6_cosine_similarity,client_7_cosine_similarity,client_8_cosine_similarity,client_9_cosine_similarity,client_10_cosine_similarity,client_11_cosine_similarity
0,0,0.2832805857247155,0.9111516922327734,8214,2.2190033668695492,0.3360116873630387,1369,2.219659410726529,0.3351,0.7908384319949608,0.08447981423227274,,,0.9723298857219367,,0.9723457657748105,0.027654234225189533,0,0.39071127396898025,5,0.1,0.5,1.0,0.5582311765271731,0.5597559844198423,0.5662549334192387,0.5572878219575025,0.5617283269151937,0.5470318063286955,0.5575849569945409,0.5667634703935834,0.5251014428310563,0.5652646585837326,0.562429368532821
0,1,0.3116525772027671,0.9023729844843322,6574,2.220517996379307,0.3385036496350365,1096,2.219658849338373,0.3352,0.7870517205638179,0.08407530597203658,,,0.9569752583295978,,0.956990110938206,0.04300988906179404,0,0.3907101730998676,5,0.1,0.5,0.5582311765271731,1.0,0.5648428886219339,0.5720084588190544,0.5671291419168337,0.5660404286231504,0.5886607181914163,0.5696642184255049,0.577210832495495,0.5525832302336372,0.5657877593492604,0.569358572348602
0,2,0.3299409224101193,0.898253501642746,5783,2.2177034731834167,0.34439834024896265,964,2.219659136507077,0.3352,0.7801040637523724,0.08333313572204012,,,0.9288034043266131,,0.9288188343958637,0.07118116560413634,0,0.39070493358106123,5,0.1,0.5,0.5597559844198423,0.5648428886219339,1.0,0.5814760614326226,0.5605444677364367,0.577323519082242,0.5765845846746644,0.5710335899808273,0.5915299868734438,0.5365850744517218,0.5615323004990119,0.5706973559243914
0,3,0.3094399862305587,0.9003972006809154,5287,2.2193227665764943,0.3518728717366629,881,2.219659780922789,0.3351,0.7914637817359543,0.08454661603123952,,,0.9748655984207921,,0.9748707394207118,0.025129260579288215,0,0.3907113682033751,5,0.1,0.5,0.5662549334192387,0.5720084588190544,0.5814760614326226,1.0,0.5900006258581112,0.5944425000523326,0.5959981884061162,0.5811431388058803,0.6159821680742741,0.5549376486283801,0.5771551854835644,0.5837828428409755
0,4,0.3614990309061062,0.8849442755825735,4935,2.2198175283578725,0.34549878345498786,822,2.2196600513336375,0.3354,0.7777548588123404,0.08308218636386742,,,0.9192776807064359,,0.9192912002409518,0.08070879975904821,0,0.3907018585061427,5,0.1,0.5,0.5572878219575025,0.5671291419168337,0.5605444677364367,0.5900006258581112,1.0,0.5795678439394046,0.5756729500796847,0.5853184096233573,0.5878235085435367,0.5602842055004982,0.5729921137440273,0.5788996405723801
0,5,0.34735786107253946,0.8914077565888151,4667,2.2204423427581785,0.34575835475578404,778,2.2196578423436075,0.3352,0.7810858312900709,0.08343801117554436,,,0.9327843453096724,,0.9327995582551076,0.06720044174489237,0,0.39070601319712317,5,0.1,0.5,0.5617283269151937,0.5660404286231504,0.577323519082242,0.5944425000523326,0.5795678439394046,1.0,0.5705886343143064,0.5922358933336812,0.606717651851419,0.5497007491682238,0.5792985698516347,0.5925831936059662
0,6,0.3719147766248456,0.8821468672804851,4453,2.2166240513324738,0.3463611859838275,742,2.2196559456590648,0.3352,0.7809814459575741,0.0834268604105573,,,0.9323610762238547,,0.9323778926760705,0.06762210732392948,0,0.3907058940079343,5,0.1,0.5,0.5470318063286955,0.5886607181914163,0.5765845846746644,0.5959981884061162,0.5756729500796847,0.5705886343143064,1.0,0.5735695384365455,0.6108183740915717,0.5743558182615524,0.5871165832705441,0.594729299578416
0,7,0.3649120070874246,0.8854804769698387,4277,2.222075586733611,0.3380084151472651,713,2.219658590353335,0.3354,0.7778360379662722,0.08309085817288206,,,0.9196068517254888,,0.9196225089101953,0.08037749108980474,0,0.39070200378129,5,0.1,0.5,0.5575849569945409,0.5696642184255049,0.5710335899808273,0.5811431388058803,0.5853184096233573,0.5922358933336812,0.5735695384365455,1.0,0.5984723597495065,0.5742963230297413,0.5759274651525309,0.6006693089863666
0,8,0.3713973484075485,0.8788568660692662,4129,2.214344934983687,0.3444767441860465,688,2.2196602600451096,0.3351,0.7951961817385977,0.08494532257622678,,,0.9899999999620412,,0.9900005019828322,0.009999498017167818,0,0.3907116390625451,5,0.1,0.5,0.5667634703935834,0.577210832495495,0.5915299868734438,0.6159821680742741,0.5878235085435367,0.606717651851419,0.6108183740915717,0.5984723597495065,1.0,0.5821953763694022,0.6079165219943292,0.6122249153986143
0,9,0.4040662816748308,0.8718820294926268,4001,2.2275071371169317,0.28785607196401797,667,2.21978863131124,0.3362,0.7483389605641917,0.07993988887434068,,,0.8,,0.8,0.19999999999999996,0,0.3905346139243983,5,0.1,0.5,0.5251014428310563,0.5525832302336372,0.5365850744517218,0.5549376486283801,0.5602842055004982,0.5497007491682238,0.5743558182615524,0.5742963230297413,0.5821953763694022,1.0,0.5626816412619916,0.5712999874419052
0,10,0.3973048158020514,0.8719465158138339,3889,2.217978080113729,0.32253086419753085,648,2.2196580007815134,0.3358,0.7717703448511634,0.08244290202049614,,,0.895011246976526,,0.8950303699613473,0.10496963003865267,0,0.39068944447942905,5,0.1,0.5,0.5652646585837326,0.5657877593492604,0.5615323004990119,0.5771551854835644,0.5729921137440273,0.5792985698516347,0.5871165832705441,0.5759274651525309,0.6079165219943292,0.5626816412619916,1.0,0.5972242639133012
0,11,0.37878961173050546,0.8812450540754418,3791,2.224908697605133,0.2990506329113924,632,2.219661495556085,0.3353,0.7788493045154883,0.0831990984484964,,,0.9237155171454039,,0.9237287284774861,0.0762712715225139,0,0.39070338759843987,5,0.1,0.5,0.562429368532821,0.569358572348602,0.5706973559243914,0.5837828428409755,0.5788996405723801,0.5925831936059662,0.594729299578416,0.6006693089863666,0.6122249153986143,0.5712999874419052,0.5972242639133012,1.0
1,0,0.2562126399028742,0.9221085950815681,8214,2.066248976907065,0.7589481373265157,1369,2.069492151181157,0.7251,0.7949183107969842,0.08372508945784676,,,0.9505268407902006,,0.9505496712012449,0.049450328798755105,0.9568696835371158,0.4026874364556291,5,0.1,0.5,1.0,0.6046188504292065,0.6132046849524617,0.6095465458178708,0.6091154617918898,0.6196232804278313,0.623125732773185,0.6161354600119983,0.5574524329713383,0.6019632473124553,0.6112813856667482,0.6118498654984632
1,1,0.2767204828460891,0.9152722847581382,6574,2.070764854976109,0.7208029197080292,1096,2.0694886175588296,0.7252,0.7998842069202002,0.08363021074198497,,,0.9452823534909172,,0.9453039506048894,0.054696049395110635,0.9568618625942379,0.4026866075570734,5,0.1,0.5,0.6046188504292065,1.0,0.6186017408220358,0.6149916884317661,0.6121395645845467,0.6227012304869673,0.6204871462637478,0.6126337142858125,0.557886992766267,0.612740450869737,0.6256211261651354,0.6259319630176668
1,2,0.286199242798663,0.9122946567525506,5783,2.0662162611561437,0.7313278008298755,964,2.069490154711202,0.7253,0.8106708603494329,0.08351458174370396,,,0.9388908798352562,,0.9389036694945033,0.06109633050549668,0.9568439596705318,0.4026853726995164,5,0.1,0.5,0.6132046849524617,0.6186017408220358,1.0,0.6354809958409617,0.6201996173456352,0.6356730110131968,0.6242069386366769,0.6321522844760941,0.5654410103049052,0.6176535795723523,0.6392082027269584,0.6340337598775518
1,3,0.2748744372800217,0.9142046529222622,5287,2.06776020356587,0.720771850170261,881,2.069488340292495,0.7253,0.8141196289573445,0.0844392036196069,,,0.9899999999447243,,0.9900005019828322,0.009999498017167818,0.956877514274272,0.40268986982777355,5,0.1,0.5,0.6095465458178708,0.6149916884317661,0.6354809958409617,1.0,0.6253586917206292,0.6368705727515688,0.6311839299783146,0.6282291212810954,0.5704075822452724,0.6289044617472673,0.6438294511022608,0.639573203800514
1,4,0.3204123693091735,0.8998581560283688,4935,2.070994964012733,0.708029197080292,822,2.06949195846582,0.7253,0.8063773969392993,0.08319847174153955,,,0.9214176786386609,,0.9214346669343908,0.0785653330656092,0.9568343975619958,0.4026804206992725,5,0.1,0.5,0.6091154617918898,0.6121395645845467,0.6201996173456352,0.6253586917206292,1.0,0.6264595921068147,0.6268287205961212,0.6247532925911627,0.5734066055926069,0.6082278120403481,0.6318820808308687,0.63677018016264
1,5,0.3017613270970648,0.9067495178915792,4667,2.0720238399505617,0.7146529562982005,778,2.069488134627906,0.7252,0.8182102309008069,0.08384710521708136,,,0.9572713471192109,,0.9572862808091963,0.04271371919080369,0.9568560011647712,0.4026882580919435,5,0.1,0.5,0.6196232804278313,0.6227012304869673,0.6356730110131968,0.6368705727515688,0.6264595921068147,1.0,0.6286039221728488,0.6393285151560143,0.584943948373569,0.6273540417369156,0.6420134520545075,0.644645031031135
1,6,0.3343183665616172,0.8970581630361554,4453,2.0645169019699097,0.7547169811320755,742,2.0694855638205434,0.7252,0.8124931742113325,0.08364027510621239,,,0.945838668254314,,0.9458561317202951,0.054143868279704854,0.9568472983453373,0.4026866970936681,5,0.1,0.5,0.623125732773185,0.6204871462637478,0.6242069386366769,0.6311839299783146,0.6268287205961212,0.6286039221728488,1.0,0.6276909670457932,0.5740969787129981,0.6299159805849144,0.6298905504349387,0.6371767110100667
1,7,0.32021645031619206,0.9036240355389291,4277,2.076236683389415,0.6816269284712483,713,2.069492735420934,0.7252,0.8114698395786394,0.08338186913673917,,,0.9315550977753948,,0.9315747201445711,0.0684252798554289,0.9568404430863154,0.4026836736020027,5,0.1,0.5,0.6161354600119983,0.6126337142858125,0.6321522844760941,0.6282291212810954,0.6247532925911627,0.6393285151560143,0.6276909670457932,1.0,0.5745255656818942,0.615190297810216,0.6379211946334524,0.6359235291655093
1,8,0.38930883522556264,0.887381932671349,4129,2.0624490434473213,0.751453488372093,688,2.069481897658814,0.7255,0.7559357704381237,0.08267373100607892,,,0.8924122679146305,,0.8924250790622961,0.10757492093770393,0.9568155704613142,0.4026648430414473,5,0.1,0.5,0.5574524329713383,0.557886992766267,0.5654410103049052,0.5704075822452724,0.5734066055926069,0.584943948373569,0.5740969787129981,0.5745255656818942,1.0,0.579838547146414,0.5835691123431049,0.5767291538223621
1,9,0.3535928128494156,0.8920269932516871,4001,2.076528401601882,0.712143928035982,667,2.069629534364889,0.7263,0.8031145424063167,0.0810018884008324,,,0.8,,0.8,0.19999999999999996,0.9562495152383234,0.40250143305695557,5,0.1,0.5,0.6019632473124553,0.612740450869737,0.6176535795723523,0.6289044617472673,0.6082278120403481,0.6273540417369156,0.6299159805849144,0.615190297810216,0.579838547146414,1.0,0.6326019933704933,0.6238614220260287
1,10,0.349624147806622,0.8914888146052969,3889,2.0686738036927723,0.7222222222222222,648,2.069491696433899,0.7256,0.8196439293279535,0.08323754741404742,,,0.9235776137338723,,0.9235931931127955,0.07640680688720447,0.9568032982400556,0.40268124730643134,5,0.1,0.5,0.6112813856667482,0.6256211261651354,0.6392082027269584,0.6438294511022608,0.6318820808308687,0.6420134520545075,0.6298905504349387,0.6379211946334524,0.5835691123431049,0.6326019933704933,1.0,0.6487741442711448
1,11,0.33321668709933505,0.8961223951463994,3791,2.0780724406242372,0.6962025316455697,632,2.069494870524056,0.7252,0.8188201186345919,0.08371002641432619,,,0.9496942205369157,,0.9497063400431706,0.05029365995682944,0.9568470126322804,0.40268730622630555,5,0.1,0.5,0.6118498654984632,0.6259319630176668,0.6340337598775518,0.639573203800514,0.63677018016264,0.644645031031135,0.6371767110100667,0.6359235291655093,0.5767291538223621,0.6238614220260287,0.6487741442711448,1.0
2,0,0.23681428028643856,0.9261748234721208,8214,1.8829583733580832,0.8794740686632578,1369,1.8885408921744495,0.8641,0.7955883688055064,0.08390475657587357,,,0.9690391397579862,,0.9690527583956628,0.03094724160433715,0.963213888111385,0.39350067316974713,5,0.1,0.5,1.0,0.6153172710926903,0.6231543913214123,0.6176572536816733,0.6180309931921663,0.620915299852329,0.6101172002049381,0.6174866452362474,0.3725513970713918,0.5864488581880061,0.6149374243979596,0.6123586115022561
2,1,0.2540719515022379,0.9239732278673563,6574,1.8905182600021362,0.8667883211678832,1096,1.8885360270643388,0.8641,0.8059499808544275,0.08420568865477576,,,0.9743804488658789,,0.9743888359018121,0.025611164098187866,0.9632114412147106,0.39350091670531273,5,0.1,0.5,0.6153172710926903,1.0,0.6231958178479059,0.6270782805821739,0.626412569978635,0.6325085964026289,0.6240255843179735,0.6177320366765419,0.37423688064615246,0.6075551593292033,0.6347877521948697,0.6247549568716338
2,2,0.26019820577737707,0.9231886564067093,5783,1.8832576928600189,0.8568464730290456,964,1.888539639143898,0.8641,0.8091919217456529,0.08424243057089963,,,0.9750325891493268,,0.9750564730686211,0.024943526931378912,0.963207713974526,0.39350094565736254,5,0.1,0.5,0.6231543913214123,0.6231958178479059,1.0,0.6298345835461282,0.6301938968468062,0.6302461618852551,0.6256366914027215,0.6226475623216995,0.3750228015758411,0.6077115342310968,0.6412104525651884,0.6298237682174654
2,3,0.2406240828809362,0.9272933610743332,5287,1.884096690586635,0.8456299659477866,881,1.888535761985535,0.8641,0.8156078928807519,0.08508570212975387,,,0.9899999999822507,,0.9900005019828322,0.009999498017167818,0.9632189190144714,0.39350122251056274,5,0.1,0.5,0.6176572536816733,0.6270782805821739,0.6298345835461282,1.0,0.6307344991868157,0.6427444875874099,0.6301759800302211,0.6340407891379789,0.38224662790498937,0.6132758095073753,0.6422876339841828,0.6451444811636088
2,4,0.28705008538740295,0.9099493414387031,4935,1.8910741072434645,0.8503649635036497,822,1.8885448679756434,0.8641,0.8107442624473111,0.08408583644407895,,,0.9722531658359962,,0.9722704683499824,0.02772953165001757,0.9632022660330359,0.39350083073196385,5,0.1,0.5,0.6180309931921663,0.626412569978635,0.6301938968468062,0.6307344991868157,1.0,0.631533384822167,0.6272329104130204,0.6306324602466028,0.3788552421452035,0.609214090493784,0.6394426023316341,0.6324986052007205
2,5,0.26748078718960083,0.9191343475466038,4667,1.8928723001480103,0.8727506426735219,778,1.8885382052046804,0.8641,0.8173384243191039,0.08475100155699399,,,0.9840593265112769,,0.9840720847347021,0.01592791526529791,0.9632182358856316,0.39350116575854116,5,0.1,0.5,0.620915299852329,0.6325085964026289,0.6302461618852551,0.6427444875874099,0.631533384822167,1.0,0.631916924745116,0.6389145232868071,0.38578043350503316,0.6166077985967066,0.6423130336938301,0.6407190442817375
2,6,0.29243768805771003,0.9129575567033461,4453,1.8809222082297008,0.8787061994609164,742,1.8885321902771728,0.8641,0.8100275114778159,0.08435577831695464,,,0.9770444230175249,,0.9770593845690477,0.02294061543095227,0.963210645619927,0.3935010123684832,5,0.1,0.5,0.6101172002049381,0.6240255843179735,0.6256366914027215,0.6301759800302211,0.6272329104130204,0.631916924745116,1.0,0.6266260173271206,0.38593306724777265,0.6147450563237056,0.6343511478569166,0.6355295851736282
2,7,0.28255241914137974,0.9159223754968436,4277,1.899375029232191,0.847124824684432,713,1.8885440723583722,0.8641,0.8085659364600223,0.08413176338625421,,,0.9730683331502727,,0.9730836805381256,0.02691631946187445,0.9632081459950164,0.3935008686376136,5,0.1,0.5,0.6174866452362474,0.6177320366765419,0.6226475623216995,0.6340407891379789,0.6306324602466028,0.6389145232868071,0.6266260173271206,1.0,0.3673214896486177,0.6099154325698783,0.631781748635311,0.6361631944660427
2,8,0.3313130412964025,0.9039476870913054,4129,1.879009116779674,0.876453488372093,688,1.8886180746669587,0.8641,0.5446957753463622,0.07438100524157215,,,0.8,,0.8,0.19999999999999996,0.9627834081538835,0.3932919456709617,5,0.1,0.5,0.3725513970713918,0.37423688064615246,0.3750228015758411,0.38224662790498937,0.3788552421452035,0.38578043350503316,0.38593306724777265,0.3673214896486177,1.0,0.3784961068557818,0.38009425819417025,0.36848703133507044
2,9,0.3384855560722783,0.898175456135966,4001,1.8956204425720942,0.8620689655172413,667,1.888680999271405,0.864,0.7910963073012804,0.08192760467089882,,,0.9339462393392134,,0.9339541187691381,0.06604588123086186,0.962712531282456,0.39349578856747475,5,0.1,0.5,0.5864488581880061,0.6075551593292033,0.6077115342310968,0.6132758095073753,0.609214090493784,0.6166077985967066,0.6147450563237056,0.6099154325698783,0.3784961068557818,1.0,0.618011786862098,0.6182278389274121
2,10,0.30404903565640334,0.9084597582926202,3889,1.8890332721528553,0.8765432098765432,648,1.8885428962616113,0.8642,0.8180450386205209,0.08436863638845521,,,0.9772726437331977,,0.977285276843532,0.022714723156468053,0.9632054404580762,0.3935010169836116,5,0.1,0.5,0.6149374243979596,0.6347877521948697,0.6412104525651884,0.6422876339841828,0.6394426023316341,0.6423130336938301,0.6343511478569166,0.631781748635311,0.38009425819417025,0.618011786862098,1.0,0.644259976331088
2,11,0.2989879949800983,0.9101556317594303,3791,1.9023550510406495,0.8481012658227848,632,1.8885451833280131,0.8641,0.8145047780236194,0.0845597960634894,,,0.9806655785012248,,0.9806837006174389,0.019316299382561075,0.9632132401495155,0.39350110701716134,5,0.1,0.5,0.6123586115022561,0.6247549568716338,0.6298237682174654,0.6451444811636088,0.6324986052007205,0.6407190442817375,0.6355295851736282,0.6361631944660427,0.36848703133507044,0.6182278389274121,0.644259976331088,1.0
3,0,0.2162970836187354,0.9332602873143414,8214,1.659197726915049,0.9327976625273923,1369,1.6682658385925782,0.9135,0.7985695615177973,0.08374224273540819,,,0.9580233823413904,,0.958039255057477,0.041960744942523,0.9653566421469146,0.3989911613021515,5,0.1,0.5,1.0,0.620014506298217,0.6177640175385813,0.6091720879173846,0.6117697475749475,0.6172495200225094,0.6183354237386499,0.6149298967847924,0.6082737527335617,0.4946461538892429,0.6184799951460876,0.6109460155687223
3,1,0.2350075352127727,0.930514146638272,6574,1.6705932208469936,0.9142335766423357,1096,1.6682631024918235,0.9135,0.8040063624596483,0.08413263029861957,,,0.9680074304291053,,0.9680236935896792,0.03197630641032079,0.9653566531983161,0.39899211342162416,5,0.1,0.5,0.620014506298217,1.0,0.6239046721762785,0.6191566460776513,0.6127768727619641,0.6248586105277901,0.6221408639784273,0.6129543569526764,0.6126922691990909,0.4948466906894982,0.6295429307515709,0.6191588871689047
3,2,0.23530086635956696,0.9314196783676293,5783,1.660249290927764,0.9097510373443983,964,1.668267105334102,0.9135,0.8073359630233806,0.08427359236179782,,,0.9716124940887616,,0.9716279303247829,0.028372069675217104,0.9653580623574615,0.3989923614891699,5,0.1,0.5,0.6177640175385813,0.6239046721762785,1.0,0.6265098142497219,0.6138555307301885,0.6319473538432349,0.6164475333233148,0.6202598779667575,0.6208943342770896,0.49597886653412854,0.6284244516614689,0.6282887895251915
3,3,0.21488672983215515,0.935048231511254,5287,1.6612355027879988,0.9001135073779796,881,1.668260505405097,0.9134,0.8118569362690444,0.08499256462166423,,,0.9899999999744252,,0.9900005019828322,0.009999498017167818,0.9653591477415933,0.39899291864388686,5,0.1,0.5,0.6091720879173846,0.6191566460776513,0.6265098142497219,1.0,0.6236854911805106,0.6366047537328856,0.6305590929624472,0.6218147249988628,0.6262536245173019,0.5036769656986578,0.6352615731477692,0.6314202478564371
3,4,0.2620217031228446,0.9207294832826748,4935,1.6715645423302283,0.902676399026764,822,1.6682731175955874,0.9136,0.8026249047222426,0.08400458421677223,,,0.9647326892255411,,0.9647457456954972,0.0352542543045028,0.9653595912183445,0.39899183418280826,5,0.1,0.5,0.6117697475749475,0.6127768727619641,0.6138555307301885,0.6236854911805106,1.0,0.6207592110610325,0.6199002672254436,0.6155330460027351,0.6161630744435289,0.500583124102067,0.6221336200084712,0.6228661852435842
3,5,0.2406349415533653,0.9271480608527962,4667,1.6742368698120118,0.922879177377892,778,1.6682633127267368,0.9135,0.817293800620202,0.08496028067200599,,,0.9891743473762797,,0.9891822699663672,0.010817730033632844,0.9653589795701378,0.3989929126137242,5,0.1,0.5,0.6172495200225094,0.6248586105277901,0.6319473538432349,0.6366047537328856,0.6207592110610325,1.0,0.6340875429320806,0.6256201079953327,0.6335573885227536,0.5161835825645789,0.6430409711189206,0.6343560438426536
3,6,0.2646153821813641,0.9222546597799236,4453,1.6588273892800014,0.9204851752021563,742,1.6682567508837667,0.9135,0.8117076566225444,0.08450196601225436,,,0.9774530836028555,,0.9774659906631193,0.022534009336880656,0.9653574868148775,0.3989926455935985,5,0.1,0.5,0.6183354237386499,0.6221408639784273,0.6164475333233148,0.6305590929624472,0.6199002672254436,0.6340875429320806,1.0,0.6237407289920481,0.6280301405177289,0.5201402146288623,0.6238796865236812,0.6293743494003612
3,7,0.25786386310998627,0.9230301613280336,4277,1.6839295262875764,0.9018232819074333,713,1.6682743957629218,0.9136,0.8054710032810698,0.08413473231448652,,,0.968061188871931,,0.9680738918728979,0.03192610812710206,0.9653568622215056,0.3989921154805709,5,0.1,0.5,0.6149298967847924,0.6129543569526764,0.6202598779667575,0.6218147249988628,0.6155330460027351,0.6256201079953327,0.6237407289920481,1.0,0.6147306012548556,0.4995116939624998,0.6282330775741546,0.6292148901574818
3,8,0.26215907365047875,0.9228868975538871,4129,1.6575481620701877,0.9186046511627907,688,1.668566733503494,0.9131,0.802971860666489,0.07756334990349317,,,0.8,,0.8,0.19999999999999996,0.9647025987546498,0.39876997526033386,5,0.1,0.5,0.6082737527335617,0.6126922691990909,0.6208943342770896,0.6262536245173019,0.6161630744435289,0.6335573885227536,0.6280301405177289,0.6147306012548556,1.0,0.5012101143518134,0.6356077508502362,0.6299594388472296
3,9,0.35520057297583824,0.9015246188452887,4001,1.6765615542729695,0.9055472263868066,667,1.6685665647823589,0.9131,0.6826995654755066,0.0783722661243782,,,0.8206877964600415,,0.8207067918277194,0.17929320817228056,0.965042851658305,0.39883842849484885,5,0.1,0.5,0.4946461538892429,0.4948466906894982,0.49597886653412854,0.5036769656986578,0.500583124102067,0.5161835825645789,0.5201402146288623,0.4995116939624998,0.5012101143518134,1.0,0.5110004501904527,0.5074892764473045
3,10,0.278805288080065,0.915350989971715,3889,1.669898271560669,0.9104938271604939,648,1.6682696475769385,0.9136,0.8158239729396051,0.08465457976417502,,,0.9813561358043351,,0.9813714170975353,0.01862858290246472,0.9653573978372584,0.3989927748283096,5,0.1,0.5,0.6184799951460876,0.6295429307515709,0.6284244516614689,0.6352615731477692,0.6221336200084712,0.6430409711189206,0.6238796865236812,0.6282330775741546,0.6356077508502362,0.5110004501904527,1.0,0.6305100539449063
3,11,0.26735790618264876,0.9208652070693748,3791,1.6870056509971618,0.9098101265822784,632,1.6682715385485762,0.9136,0.8125528496185145,0.08466721097494465,,,0.9816791753363647,,0.981697705938457,0.018302294061543045,0.9653578546031302,0.3989927843077837,5,0.1,0.5,0.6109460155687223,0.6191588871689047,0.6282887895251915,0.6314202478564371,0.6228661852435842,0.6343560438426536,0.6293743494003612,0.6292148901574818,0.6299594388472296,0.5074892764473045,0.6305100539449063,1.0
4,0,0.2031958896326126,0.9390309228147066,8214,1.4072434874468072,0.9474068663257852,1369,1.419940997236453,0.932,0.7884669370695374,0.08318838345265613,,,0.93277170973419,,0.932784498770142,0.06721550122985798,0.9696244826458371,0.40021429178423445,5,0.1,0.5,1.0,0.6072417517115861,0.5952643473342336,0.5973003883411266,0.5972225706197997,0.6101129853189242,0.6016321187080285,0.5963874378366134,0.5934115188926784,0.582094186892879,0.5960520345219468,0.5932918220376349
4,1,0.21879064965568193,0.934164891998783,6574,1.4218442916870118,0.9288321167883211,1096,1.4199452122179463,0.932,0.7986590834995686,0.08380400180337196,,,0.9551549107186685,,0.9551779529140103,0.04482204708598969,0.9696259759374015,0.40021858769040586,5,0.1,0.5,0.6072417517115861,1.0,0.6059970085002828,0.6081903881593121,0.6094960953794464,0.6164509331227257,0.5987237499406942,0.6012350045853571,0.6041144924636067,0.6008271345168017,0.6090504270111022,0.6056291405402592
4,2,0.21974827904943686,0.9350510115856822,5783,1.4102002074641566,0.9315352697095436,964,1.4199492394352873,0.932,0.7954761718524129,0.08378636014313917,,,0.9545134795036453,,0.9545253752321671,0.04547462476783293,0.9696261031996478,0.4002185158603467,5,0.1,0.5,0.5952643473342336,0.6059970085002828,1.0,0.6076209819466365,0.5981550234747388,0.6059183525993737,0.6017878232095332,0.602561839397245,0.6020063719937472,0.6008110117243927,0.6052833621976353,0.6104576128518794
4,3,0.20336921440370112,0.9397011537734065,5287,1.4109920305865151,0.9205448354143019,881,1.4199381179322068,0.9321,0.8044921485783947,0.08457911578699359,,,0.9833371961575436,,0.9833492294563526,0.016650770543647386,0.9696281437022951,0.4002202216629917,5,0.1,0.5,0.5973003883411266,0.6081903881593121,0.6076209819466365,1.0,0.6089940302231838,0.6163070594939825,0.6168797150351347,0.6090165389533488,0.6159348101256471,0.6052470356353266,0.6189359226213734,0.6149970864038701
4,4,0.2412725775173655,0.9259169199594731,4935,1.4230446036045368,0.9318734793187348,822,1.4199640271000968,0.932,0.7980183376749198,0.08369654976691869,,,0.951248073754942,,0.9512624868229507,0.04873751317704933,0.9696275974845264,0.40021808597970754,5,0.1,0.5,0.5972225706197997,0.6094960953794464,0.5981550234747388,0.6089940302231838,1.0,0.6124256711151386,0.6104082014470337,0.6058037479604113,0.606404364203138,0.596908934659642,0.6097883109909858,0.6056995556230077
4,5,0.21991013138465684,0.9338332976215985,4667,1.4263017892837524,0.9408740359897172,778,1.4199397956220488,0.932,0.810347363646035,0.08476236680158696,,,0.9899999999636411,,0.9900005019828322,0.009999498017167818,0.9696281988600625,0.4002202923581671,5,0.1,0.5,0.6101129853189242,0.6164509331227257,0.6059183525993737,0.6163070594939825,0.6124256711151386,1.0,0.61531224921657,0.6199302928540714,0.6184737411960682,0.6110901821197272,0.6282533700611438,0.6215759045265203
4,6,0.24490026776146676,0.9293509993262968,4453,1.4088942209879558,0.9433962264150944,742,1.4199349015665512,0.932,0.8038572507813805,0.08423105026341929,,,0.970681919457503,,0.9706992620852367,0.029300737914763286,0.9696263177850516,0.40021983993701726,5,0.1,0.5,0.6016321187080285,0.5987237499406942,0.6017878232095332,0.6168797150351347,0.6104082014470337,0.61531224921657,1.0,0.6063714269136666,0.6191606614842359,0.616590452266422,0.609583721642601,0.6202624471934478
4,7,0.2345978315725033,0.9301847089081131,4277,1.4414945685345193,0.9158485273492286,713,1.4199579131488982,0.932,0.8004243258552438,0.08386710988137225,,,0.9574494504964095,,0.9574619748004618,0.0425380251995382,0.969627506785692,0.4002188305567923,5,0.1,0.5,0.5963874378366134,0.6012350045853571,0.602561839397245,0.6090165389533488,0.6058037479604113,0.6199302928540714,0.6063714269136666,1.0,0.6153542577830704,0.6020632578637553,0.6079851766915438,0.6177968102950839
4,8,0.24408150756668945,0.9265681763138774,4129,1.4091122963211753,0.9331395348837209,688,1.420560277308138,0.9317,0.8014105654079515,0.07953668497463405,,,0.8,,0.8,0.19999999999999996,0.96899409385307,0.3999916267947821,5,0.1,0.5,0.5934115188926784,0.6041144924636067,0.6020063719937472,0.6159348101256471,0.606404364203138,0.6184737411960682,0.6191606614842359,0.6153542577830704,1.0,0.6119065743378735,0.6220653815564656,0.6155766289999173
4,9,0.25579129481865537,0.9209197700574856,4001,1.4289261954171317,0.9325337331334332,667,1.4205087282406255,0.9317,0.7930048444990353,0.07978013147889079,,,0.8088514450997298,,0.8088650168164249,0.19113498318357514,0.9691228464237882,0.4000255840797675,5,0.1,0.5,0.582094186892879,0.6008271345168017,0.6008110117243927,0.6052470356353266,0.596908934659642,0.6110901821197272,0.616590452266422,0.6020632578637553,0.6119065743378735,1.0,0.6054592539344376,0.607986851221355
4,10,0.2493087517250268,0.9254307019799435,3889,1.4233655361902147,0.9228395061728395,648,1.4199468781011173,0.932,0.8051543060730104,0.08437776506235571,,,0.9760163069528933,,0.976035339591386,0.023964660408614002,0.9696271869786747,0.4002200547738451,5,0.1,0.5,0.5960520345219468,0.6090504270111022,0.6052833621976353,0.6189359226213734,0.6097883109909858,0.6282533700611438,0.609583721642601,0.6079851766915438,0.6220653815564656,0.6054592539344376,1.0,0.6152034156646865
4,11,0.24110073829147996,0.9285149037193353,3791,1.443207186460495,0.9224683544303798,632,1.419948724512094,0.932,0.8052780353625776,0.08439048058466163,,,0.9764786292521962,,0.9764921439686762,0.02350785603132377,0.969627539756473,0.40022006518067177,5,0.1,0.5,0.5932918220376349,0.6056291405402592,0.6104576128518794,0.6149970864038701,0.6056995556230077,0.6215759045265203,0.6202624471934478,0.6177968102950839,0.6155766289999173,0.607986851221355,0.6152034156646865,1.0
5,0,0.18740320912877584,0.9425371317263209,8214,1.1539952200512553,0.9539810080350621,1369,1.1703034723147798,0.94,0.7806332300339627,0.08315033732473937,,,0.9338519853537486,,0.9338637618593444,0.06613623814065561,0.9693623941842643,0.39163734758120355,5,0.1,0.5,1.0,0.5900211767554426,0.5850967715597896,0.5861857097815137,0.5763249847248819,0.5873114156845842,0.5702049318931757,0.5825496071293744,0.5722572130361723,0.5264645887877452,0.5845816347316387,0.5744285432587228
5,1,0.20153945390659483,0.9403103133556434,6574,1.1712591205324445,0.9352189781021898,1096,1.1703106324893597,0.94,0.7828804044251163,0.08364137398406415,,,0.9509614158473607,,0.950976356608604,0.04902364339139598,0.9693711337361429,0.39164101804443574,5,0.1,0.5,0.5900211767554426,1.0,0.592178360912236,0.58368763579729,0.5821221043491879,0.5869509349626338,0.5731392833839414,0.5711801222410323,0.5731224368559802,0.5384801035762068,0.5845321056724236,0.5786258953860001
5,2,0.2056841368053767,0.939477779699118,5783,1.1594388561864053,0.9377593360995851,964,1.1703172573647178,0.94,0.7894422535395682,0.08386064635955995,,,0.958601630475884,,0.9586165353144922,0.0413834646855078,0.9693714099255886,0.39164199531741833,5,0.1,0.5,0.5850967715597896,0.592178360912236,1.0,0.5967297183410073,0.579544189152952,0.5914310281666296,0.5720890782228155,0.5875659771934688,0.584732363719217,0.540251638972364,0.5986501220839865,0.5874873139387574
5,3,0.18201846150984335,0.9456402496689994,5287,1.1596709468535014,0.9296254256526674,881,1.170316580766306,0.94,0.7963018039621401,0.08463262855273931,,,0.9855001836199013,,0.985522815119723,0.01447718488027705,0.9693763988360202,0.39164328121063563,5,0.1,0.5,0.5861857097815137,0.58368763579729,0.5967297183410073,1.0,0.5881241089080855,0.6017486307184188,0.5824065600248385,0.5928376177429049,0.59389324183667,0.5507849557914536,0.6069413400651639,0.5934343779314796
5,4,0.22251224035337086,0.9314690982776089,4935,1.1726087652719939,0.9391727493917275,822,1.1703329981325534,0.94,0.7838639321220858,0.08360411425919174,,,0.9496631570293893,,0.9496762210732393,0.050323778926760654,0.9693692713907346,0.391640834568693,5,0.1,0.5,0.5763249847248819,0.5821221043491879,0.579544189152952,0.5881241089080855,1.0,0.5921211284775955,0.5756626467833093,0.5791023183680969,0.5820972256563139,0.5376950231973774,0.5956073667675961,0.5755105735863476
5,5,0.20070672380572108,0.9400042854081851,4667,1.1762340211868285,0.9485861182519281,778,1.1703175519601987,0.94,0.7964873158899411,0.08476177223093329,,,0.9899999999651565,,0.9900005019828322,0.009999498017167818,0.9693771910073571,0.39164331612321585,5,0.1,0.5,0.5873114156845842,0.5869509349626338,0.5914310281666296,0.6017486307184188,0.5921211284775955,1.0,0.5831823867104662,0.5985011962582754,0.5926060267581669,0.5451011997269094,0.6078685170527044,0.5904943601066814
5,6,0.23642576137025442,0.9293959128677296,4453,1.1580537408590317,0.9474393530997305,742,1.1703002892744045,0.94,0.7767707623956861,0.08371195486140914,,,0.9534206998787664,,0.9534310526579991,0.0465689473420009,0.9693737332846566,0.3916413731473195,5,0.1,0.5,0.5702049318931757,0.5731392833839414,0.5720890782228155,0.5824065600248385,0.5756626467833093,0.5831823867104662,1.0,0.570448990188587,0.5768700885455788,0.5356393665034552,0.578130671661487,0.5769933934474133
5,7,0.21627113794379715,0.9357025952770633,4277,1.1969705871913745,0.9312762973352033,713,1.1703266339561047,0.94,0.7854329445412686,0.0837734867316998,,,0.9555646849313848,,0.9555845590080819,0.044415440991918076,0.9693733878800755,0.3916416636090641,5,0.1,0.5,0.5825496071293744,0.5711801222410323,0.5875659771934688,0.5928376177429049,0.5791023183680969,0.5985011962582754,0.570448990188587,1.0,0.5895002296595964,0.5301186570556258,0.5891036285134797,0.5867482105061534
5,8,0.21834504215082584,0.9334463550496488,4129,1.1597808491099963,0.9433139534883721,688,1.1710155989034488,0.9406,0.7852214530074543,0.08086860837352501,,,0.8543485874816916,,0.8543547010692234,0.1456452989307766,0.9688242512405959,0.3915627858887251,5,0.1,0.5,0.5722572130361723,0.5731224368559802,0.584732363719217,0.59389324183667,0.5820972256563139,0.5926060267581669,0.5768700885455788,0.5895002296595964,1.0,0.5420849132047811,0.5992881847662369,0.5908683279692187
5,9,0.25210887902906665,0.9244188952761809,4001,1.180472459111895,0.9355322338830585,667,1.170980451586909,0.9404,0.736302705412779,0.07930881660570464,,,0.8,,0.8,0.19999999999999996,0.968761907498264,0.39141345433487745,5,0.1,0.5,0.5264645887877452,0.5384801035762068,0.540251638972364,0.5507849557914536,0.5376950231973774,0.5451011997269094,0.5356393665034552,0.5301186570556258,0.5420849132047811,1.0,0.5517202114167074,0.5418855322691926
5,10,0.22888329955367523,0.9324762149652867,3889,1.176113384110587,0.9351851851851852,648,1.1703217172394165,0.94,0.7970931944790433,0.0845257763136022,,,0.9817770787887525,,0.9817930826765725,0.018206917323427496,0.9693749855459234,0.3916432222356199,5,0.1,0.5,0.5845816347316387,0.5845321056724236,0.5986501220839865,0.6069413400651639,0.5956073667675961,0.6078685170527044,0.578130671661487,0.5891036285134797,0.5992881847662369,0.5517202114167074,1.0,0.588994864985613
5,11,0.22430728667047845,0.9345819045106832,3791,1.1976826965808869,0.9319620253164557,632,1.1703168422269363,0.94,0.7864784386117798,0.08416048440283151,,,0.9690490340724907,,0.9690577782239848,0.030942221776015244,0.969374772321418,0.39164278093049093,5,0.1,0.5,0.5744285432587228,0.5786258953860001,0.5874873139387574,0.5934343779314796,0.5755105735863476,0.5904943601066814,0.5769933934474133,0.5867482105061534,0.5908683279692187,0.5418855322691926,0.588994864985613,1.0
6,0,0.18284340306377247,0.9446067689310933,8214,0.9138042954511421,0.9598246895544192,1369,0.9334020100462551,0.9461,0.7687537409328592,0.08315682133064244,,,0.9327548596435293,,0.9327694392851764,0.06723056071482358,0.9668275531707896,0.3851971478029778,5,0.1,0.5,1.0,0.5696687158780274,0.5595419332867315,0.5540028422665494,0.5593073172345295,0.563266437790484,0.5464901787953909,0.549421058705956,0.5475755544308321,0.5349480358702452,0.565247699103542,0.5570509917833131
6,1,0.1881569542772887,0.9431700638880438,6574,0.9333234650748117,0.9461678832116789,1096,0.9333987832069397,0.9462,0.7741935924286496,0.08367976408724506,,,0.9542032150366443,,0.9542191657045329,0.04578083429546709,0.9668430072508808,0.3852021018507606,5,0.1,0.5,0.5696687158780274,1.0,0.5722382927601524,0.5543875973921377,0.5681207091354111,0.5630674109262804,0.55438454025636,0.5520050152474146,0.5424367492739972,0.5451448067276824,0.5665968053371283,0.5662936403405405
6,2,0.19313502372448327,0.9412761542452015,5783,0.9225081339959176,0.9408713692946058,964,0.9334081262826158,0.9462,0.7717971727578917,0.08374242550377868,,,0.9567732560483613,,0.956789317805331,0.04321068219466895,0.9668459087532926,0.38520244776164375,5,0.1,0.5,0.5595419332867315,0.5722382927601524,1.0,0.5588756102544332,0.5609193112557218,0.5627421832314637,0.5504528607560567,0.552287817284133,0.5411479796415184,0.5326883989553985,0.5722312568772473,0.5671626155106921
6,3,0.17009503890827568,0.9500283714772082,5287,0.9214964785746166,0.9398410896708286,881,0.9334007640616201,0.9462,0.7737700122220947,0.08433161276401537,,,0.9809386117992486,,0.98095477134682,0.019045228653180035,0.9668544572806113,0.3852041142380537,5,0.1,0.5,0.5540028422665494,0.5543875973921377,0.5588756102544332,1.0,0.5698964216302176,0.5638965466930014,0.5597744869461029,0.555243040124533,0.545368691996926,0.5471174065558004,0.5726507374959938,0.5640208520229532
6,4,0.2087750290947095,0.937710233029382,4935,0.9348963155196264,0.9464720194647201,822,0.9334254639978987,0.9461,0.7756609152897689,0.08370665160605992,,,0.9553059993316724,,0.9553235279353446,0.044676472064655415,0.9668443621537179,0.3852022526323805,5,0.1,0.5,0.5593073172345295,0.5681207091354111,0.5609193112557218,0.5698964216302176,1.0,0.5606837240692066,0.5655071721549482,0.5628721146971039,0.5458443765314429,0.5436696903238729,0.569183742046146,0.5618744487285373
6,5,0.1861064984192051,0.9439040068566531,4667,0.9376264762878418,0.9550128534704371,778,0.9333968265368916,0.9462,0.7770095332406495,0.08453319268489483,,,0.9892063576061267,,0.9892174087646203,0.010782591235379724,0.9668546659742507,0.38520424749899845,5,0.1,0.5,0.563266437790484,0.5630674109262804,0.5627421832314637,0.5638965466930014,0.5606837240692066,1.0,0.5567954035059568,0.5593656963697743,0.553632407314095,0.5464795216301859,0.5774903362660898,0.5671862171505563
6,6,0.20976940776088407,0.9384684482371435,4453,0.9199565400679907,0.954177897574124,742,0.9333957686972695,0.9462,0.7690185953804027,0.0835440157348905,,,0.948635533165982,,0.9486521760955775,0.051347823904422496,0.9668435792859689,0.385201206457586,5,0.1,0.5,0.5464901787953909,0.55438454025636,0.5504528607560567,0.5597744869461029,0.5655071721549482,0.5567954035059568,1.0,0.5525176506470032,0.5480549531150966,0.5499368693176386,0.561883301537176,0.5609613359378935
6,7,0.1996860890315651,0.940472293663783,4277,0.9640202936918839,0.9326788218793829,713,0.9334189031070794,0.9461,0.7664043201982205,0.08349284687057539,,,0.9465368560678948,,0.9465538878570353,0.053446112142964686,0.9668442830745129,0.38520081434891246,5,0.1,0.5,0.549421058705956,0.5520050152474146,0.552287817284133,0.555243040124533,0.5628721146971039,0.5593656963697743,0.5525176506470032,1.0,0.5502935417370328,0.5261701325389841,0.5576224383231475,0.5634545180765844
6,8,0.21530272653165203,0.9367885686606927,4129,0.923785840923136,0.9491279069767442,688,0.9341983943701552,0.9463,0.7576010319639211,0.0812269527083065,,,0.853601821282706,,0.8536167863059083,0.14638321369409169,0.9665332498571179,0.38511801023505976,5,0.1,0.5,0.5475755544308321,0.5424367492739972,0.5411479796415184,0.545368691996926,0.5458443765314429,0.553632407314095,0.5480549531150966,0.5502935417370328,1.0,0.5340044582817465,0.5566949790084544,0.5514305097430835
6,9,0.2235144212812422,0.9329167708072982,4001,0.9460327000845046,0.9370314842578711,667,0.9343368694805109,0.946,0.7503263353562113,0.07992006070345388,,,0.8,,0.8,0.19999999999999996,0.96605694019082,0.38495690948427114,5,0.1,0.5,0.5349480358702452,0.5451448067276824,0.5326883989553985,0.5471174065558004,0.5436696903238729,0.5464795216301859,0.5499368693176386,0.5261701325389841,0.5340044582817465,1.0,0.5534592978403703,0.5446843319446139
6,10,0.2098641716249165,0.9371560812548213,3889,0.9408628599984306,0.9444444444444444,648,0.9333984863262969,0.9461,0.7820399655831134,0.08455254286406491,,,0.9899999999589852,,0.9900005019828322,0.009999498017167818,0.9668538864593132,0.38520425213267706,5,0.1,0.5,0.565247699103542,0.5665968053371283,0.5722312568772473,0.5726507374959938,0.569183742046146,0.5774903362660898,0.561883301537176,0.5576224383231475,0.5566949790084544,0.5534592978403703,1.0,0.5694065103425544
