round,client_id,client_i_training_loss,client_i_training_accuracy,client_i_training_dataset_size,client_i_evaluation_loss,client_i_evaluation_accuracy,client_i_evaluation_dataset_size,client_i_central_evaluation_loss,client_i_central_evaluation_accuracy,client_i_cosine_similarity,client_i_importance_coefficient,client_i_tanh_val,tanh_normalization_value,client_i_q,client_i_mask_order,client_i_v_nonzero_fraction,client_i_v_sparsity,client_i_v_cosine_similarity,client_i_reward_gradient_norm,local_epochs,learning_rate,gamma,client_0_cosine_similarity,client_1_cosine_similarity,client_2_cosine_similarity,client_3_cosine_similarity,client_4_cosine_similarity,client_5_cosine_similarity,client_6_cosine_similarity,client_7_cosine_similarity,client_8_cosine_similarity,client_9_cosine_similarity,client_10_cosine_similarity,client_11_cosine_similarity
0,0,2.1901793901567106,0.19513513513513514,6845,2.2983782291412354,0.10591672753834916,1369,2.2981272528443157,0.1084,0.9040505529089207,0.07964350929152313,,,0.75,,0.7500041260253173,0.2499958739746827,0,0.1418437550865156,10,0.025,0.15,1.0,0.9400511630129053,0.9100786870388593,0.8757837521487204,0.8596618085928401,0.8226670450774068,0.7943343403699058,0.7915459901535001,0.7591453185301001,0.7882079438751095,0.7623842329134776,0.7314403119401706
0,1,2.2555396279623343,0.16319824753559695,5478,2.3003489706251354,0.09671532846715329,1096,2.298121805432477,0.1084,0.9622978692464048,0.0847748823823353,,,0.9243308127438246,,0.9243699559340496,0.07563004406595042,0,0.14190935777231067,10,0.025,0.15,0.9400511630129053,1.0,0.9758489062806133,0.9504663222043395,0.9365964313485828,0.9017944422364962,0.8784412203971614,0.8651978668502889,0.8338642764809991,0.855002272894938,0.8464488398396348,0.8074859677549749
0,2,2.271105968952179,0.15302904564315353,4820,2.292631596326828,0.13070539419087138,964,2.2981217993965632,0.1084,0.9755813369857778,0.08594510674967883,,,0.9640874551553658,,0.9641200838408345,0.035879916159165526,0,0.1419099786672832,10,0.025,0.15,0.9100786870388593,0.9758489062806133,1.0,0.9704732382590799,0.9528026395467468,0.922558199766052,0.9061788388588651,0.8977221905740729,0.8582718722174072,0.8852898647863996,0.8798378138362596,0.8397223866174744
0,3,2.2787035655975343,0.1414207898320472,4406,2.2953544003622874,0.12599318955732122,881,2.2981217843067796,0.1084,0.9775568332421521,0.08611914066176887,,,0.9699999999660265,,0.9700285520951957,0.029971447904804327,0,0.14191001163710423,10,0.025,0.15,0.8757837521487204,0.9504663222043395,0.9704732382590799,1.0,0.9535444599395673,0.938807176964448,0.924163758965378,0.9250571549373751,0.8767698966980676,0.904703121596918,0.8913079626794609,0.8661578125549418
0,4,2.2828673832344286,0.14992704280155641,4112,2.296978780201503,0.11800486618004866,822,2.2981218325940866,0.1084,0.9750160174485772,0.08589530418977899,,,0.9623954868282903,,0.9624201614101104,0.03757983858988956,0,0.14190996820969454,10,0.025,0.15,0.8596618085928401,0.9365964313485828,0.9528026395467468,0.9535444599395673,1.0,0.935975759682185,0.9265734605055949,0.9158180725197086,0.9017105588217055,0.9219937669764903,0.9062736990608876,0.8686903787421832
0,5,2.289185170973501,0.15276420673695038,3889,2.2951900959014893,0.10411311053984576,778,2.29812182957613,0.1084,0.9621921999686152,0.08476557330987206,,,0.9240145507726741,,0.9240563780099355,0.07594362199006455,0,0.14190933575315998,10,0.025,0.15,0.8226670450774068,0.9017944422364962,0.922558199766052,0.938807176964448,0.935975759682185,1.0,0.9443306169935398,0.9259843769397204,0.8688735977472373,0.9209960026444942,0.89404577469663,0.905433875999525
0,6,2.2921968279213742,0.1445971436270547,3711,2.3001284996668496,0.10242587601078167,742,2.29812182052226,0.1084,0.9552048176068498,0.08415001077273068,,,0.9031017238362251,,0.9031374296512683,0.09686257034873169,0,0.14190856065142837,10,0.025,0.15,0.7943343403699058,0.8784412203971614,0.9061788388588651,0.924163758965378,0.9265734605055949,0.9443306169935398,1.0,0.9514800344900177,0.8835468428438267,0.8852751211601553,0.9232058538259067,0.9265186985411215
0,7,2.292442523581641,0.147334455667789,3564,2.301180362701416,0.08976157082748948,713,2.298120163664033,0.1084,0.9473686938360966,0.08345967725726809,,,0.879648663478876,,0.8796851017477844,0.12031489825221564,0,0.1418997014810679,10,0.025,0.15,0.7915459901535001,0.8651978668502889,0.8977221905740729,0.9250571549373751,0.9158180725197086,0.9259843769397204,0.9514800344900177,1.0,0.8838482584158649,0.9087631307052232,0.9034097305032026,0.8838796720397847
0,8,2.292862959261294,0.14687590816623075,3441,2.3004422187805176,0.10174418604651163,688,2.298124581952638,0.1084,0.9198386990687106,0.08103438656196692,,,0.7972529985039541,,0.7972801241108416,0.2027198758891584,0,0.14186423041929486,10,0.025,0.15,0.7591453185301001,0.8338642764809991,0.8582718722174072,0.8767698966980676,0.9017105588217055,0.8688735977472373,0.8835468428438267,0.8838482584158649,1.0,0.9114902961638268,0.9118660948125681,0.8851688289532028
0,9,2.289568720040498,0.1437012597480504,3334,2.3029137452443442,0.10494752623688156,667,2.298121114320393,0.1084,0.9329046738615077,0.08218545060530452,,,0.836358697240718,,0.8364030961693981,0.16359690383060188,0,0.14189462335991232,10,0.025,0.15,0.7882079438751095,0.855002272894938,0.8852898647863996,0.904703121596918,0.9219937669764903,0.9209960026444942,0.8852751211601553,0.9087631307052232,0.9114902961638268,1.0,0.8553452988325749,0.8412852864301895
0,10,2.294656742536105,0.12138228941684666,3241,2.3006968100865683,0.11265432098765432,648,2.298121289361881,0.1084,0.9306151396120108,0.08198375110776387,,,0.82950625507485,,0.8295456420920598,0.17045435790794017,0,0.14189350004471052,10,0.025,0.15,0.7623842329134776,0.8464488398396348,0.8798378138362596,0.8913079626794609,0.9062736990608876,0.89404577469663,0.9232058538259067,0.9034097305032026,0.9118660948125681,0.8553452988325749,1.0,0.9237616919311016
0,11,2.296074689865112,0.12741373852484963,3159,2.300197982788086,0.10284810126582279,632,2.298125819314884,0.1084,0.9085876085586901,0.08004320711000892,,,0.763579142330018,,0.7636200095723787,0.23637999042762126,0,0.1418522691236918,10,0.025,0.15,0.7314403119401706,0.8074859677549749,0.8397223866174744,0.8661578125549418,0.8686903787421832,0.905433875999525,0.9265186985411215,0.8838796720397847,0.8851688289532028,0.8412852864301895,0.9237616919311016,1.0
1,0,2.0416909209004155,0.2610956902848795,6845,2.287000439383767,0.14243973703433163,1369,2.2870359933829008,0.1406,0.909046297949247,0.07895085704452584,,,0.75,,0.7500041260253173,0.2499958739746827,0.9048752255560102,0.14595706912652787,10,0.025,0.15,1.0,0.946882559014527,0.9291256027947373,0.9096636002400894,0.8992779524722009,0.8740399065468221,0.8656934933221272,0.858647669726055,0.8472609854148921,0.8444036293946077,0.8239625331241619,0.8195836420597832
1,1,2.1019066006638285,0.24016064257028114,5478,2.2900093926323786,0.13138686131386862,1096,2.2870217999325524,0.1407,0.9632976928274906,0.08389687015330508,,,0.9158779699869899,,0.9159281081348715,0.08407189186512853,0.9054821054402494,0.14605584949707276,10,0.025,0.15,0.946882559014527,1.0,0.9694006372962712,0.9577325750098571,0.9526975408172839,0.9389929579541578,0.9332848569200813,0.9264419684445101,0.9170439383882837,0.9125596297657682,0.9002511778494678,0.8945600440749898
1,2,2.111531668274026,0.2317219917012448,4820,2.281510651111603,0.1607883817427386,964,2.287022409559805,0.1407,0.9805496077334651,0.0851838710893295,,,0.9590410384916301,,0.9590780809031044,0.040921919096895576,0.9054578245088212,0.14605819577785142,10,0.025,0.15,0.9291256027947373,0.9694006372962712,1.0,0.9737967338535101,0.9666011198658743,0.9579886393842434,0.9571794250004657,0.9523010176175747,0.9464730446358388,0.9421556677191665,0.9297482992667041,0.9268528726990103
1,3,2.134466814654214,0.21970040853381753,4406,2.2845067296709334,0.15209988649262202,881,2.2870224578471126,0.1407,0.987268374414305,0.08551063640432206,,,0.9699999999664622,,0.9700285520951957,0.029971447904804327,0.9054593348228201,0.14605839013398275,10,0.025,0.15,0.9096636002400894,0.9577325750098571,0.9737967338535101,1.0,0.9715136359094694,0.9701392167502649,0.9677565641186344,0.9692609949134533,0.9587028517396308,0.956446488545034,0.9484646447051638,0.9470847196034123
1,4,2.148101472493374,0.2275535019455253,4112,2.285752773284912,0.14233576642335766,822,2.2870224367214154,0.1407,0.9835577567208678,0.08525107606640377,,,0.9612949397500629,,0.9613308907263455,0.03866910927365452,0.9054601049000234,0.1460582466455231,10,0.025,0.15,0.8992779524722009,0.9526975408172839,0.9666011198658743,0.9715136359094694,1.0,0.96770345504268,0.9634189462607379,0.9608379870203352,0.9580225826692689,0.9579036104396292,0.9462161374437945,0.9428351887701433
1,5,2.1719404789709276,0.21414245307276936,3889,2.2839352062770297,0.14395886889460155,778,2.2870224367214154,0.1407,0.9856106787891108,0.0846183681667673,,,0.940075363562499,,0.9401148685448334,0.05988513145516661,0.9054609425029163,0.14605756694713282,10,0.025,0.15,0.8740399065468221,0.9389929579541578,0.9579886393842434,0.9701392167502649,0.96770345504268,1.0,0.9745470654611498,0.9748073978772448,0.9640361078647227,0.965535315474137,0.9606802163101283,0.9636143430473031
1,6,2.1877424778609442,0.21915925626515764,3711,2.289784073829651,0.1280323450134771,742,2.2870222284824036,0.1407,0.9862145023586727,0.08425684317413969,,,0.9279506419821654,,0.9279843541119969,0.07201564588800313,0.9054320970895803,0.14605686102511592,10,0.025,0.15,0.8656934933221272,0.9332848569200813,0.9571794250004657,0.9677565641186344,0.9634189462607379,0.9745470654611498,1.0,0.9789305551061593,0.9707211048737407,0.9642957506375628,0.9719511959710058,0.9721975927309555
1,7,2.1886737453086034,0.20238496071829404,3564,2.289802352587382,0.12482468443197756,713,2.287021286879914,0.1407,0.9855019471140697,0.08380610831068443,,,0.9128340253238696,,0.9128831014507105,0.0871168985492895,0.9052159571366374,0.14605549955727024,10,0.025,0.15,0.858647669726055,0.9264419684445101,0.9523010176175747,0.9692609949134533,0.9608379870203352,0.9748073978772448,0.9789305551061593,1.0,0.974611196559007,0.9725510154115833,0.9720409197852201,0.9715762076986054
1,8,2.187822875270137,0.21426910781749492,3441,2.2889086405436196,0.1308139534883721,688,2.2870278328279907,0.1407,0.9793820652602133,0.08210470357169514,,,0.8557728008542389,,0.855803667211302,0.14419633278869803,0.9050312969840576,0.1460426395597184,10,0.025,0.15,0.8472609854148921,0.9170439383882837,0.9464730446358388,0.9587028517396308,0.9580225826692689,0.9640361078647227,0.9707211048737407,0.974611196559007,1.0,0.9658035764549064,0.9683754584081538,0.9705389696299396
1,9,2.17457052204344,0.20800839832033594,3334,2.2917572259902954,0.13193403298350825,667,2.287022451811199,0.1407,0.9764070708911846,0.0827205689273064,,,0.876427516627794,,0.8764833061015662,0.12351669389843378,0.9051973625543156,0.14604896726049468,10,0.025,0.15,0.8444036293946077,0.9125596297657682,0.9421556677191665,0.956446488545034,0.9579036104396292,0.965535315474137,0.9642957506375628,0.9725510154115833,0.9658035764549064,1.0,0.9632970592338242,0.9611569752817151
1,10,2.2134652458704434,0.20086393088552915,3241,2.289586623509725,0.1574074074074074,648,2.28702288036105,0.1407,0.9726346074551493,0.08247270180271019,,,0.868114620048213,,0.8681487349606377,0.1318512650393623,0.905178656942834,0.14604652203106588,10,0.025,0.15,0.8239625331241619,0.9002511778494678,0.9297482992667041,0.9484646447051638,0.9462161374437945,0.9606802163101283,0.9719511959710058,0.9720409197852201,0.9683754584081538,0.9632970592338242,1.0,0.978205963606931
1,11,2.2160991506576537,0.202880658436214,3159,2.2890581130981444,0.1360759493670886,632,2.2870294927041743,0.1407,0.9712979824434494,0.08122739528881072,,,0.8263498871221,,0.8264016108002838,0.17359838919971615,0.9048950937220016,0.14603053048947387,10,0.025,0.15,0.8195836420597832,0.8945600440749898,0.9268528726990103,0.9470847196034123,0.9428351887701433,0.9636143430473031,0.9721975927309555,0.9715762076986054,0.9705389696299396,0.9611569752817151,0.978205963606931,1.0
2,0,1.9569809445628414,0.2953688823959094,6845,2.269706357609142,0.15485756026296568,1369,2.2700545093681237,0.154,0.9182789188668833,0.07886664097049569,,,0.75,,0.7500041260253173,0.2499958739746827,0.9696030682979846,0.14570182166615814,10,0.025,0.15,1.0,0.9427081261770774,0.9256646257565643,0.912795236202451,0.8996911847044113,0.8785615616736495,0.8766172315012636,0.8752755109975784,0.8595156596052563,0.852553602241704,0.8503554653077682,0.8419301526581837
2,1,2.013076987931895,0.2794450529390288,5478,2.274255010816786,0.1478102189781022,1096,2.2700111473662945,0.1539,0.9609920072723015,0.08332426395895155,,,0.9097717958889671,,0.9098298427159149,0.09017015728408506,0.9709301011411978,0.14583469016905784,10,0.025,0.15,0.9427081261770774,1.0,0.9569962355438241,0.9486492217192521,0.9415442814521596,0.9298428509956671,0.9312226108277586,0.9285367295364703,0.9130665663342525,0.9107148842701596,0.9076172860094252,0.8986619963857411
2,2,2.01833971801557,0.2695643153526971,4820,2.264111667871475,0.17738589211618258,964,2.2700129430505296,0.1539,0.978852634488586,0.08470418897738294,,,0.9592315862206907,,0.9592843821689689,0.04071561783103106,0.9710235466900476,0.14583996868910967,10,0.025,0.15,0.9256646257565643,0.9569962355438241,1.0,0.9621420728659931,0.9570504659001222,0.9517100362575767,0.95575455270668,0.9530113698058863,0.9416125847114661,0.9407880424741788,0.9382287886432134,0.933815196591861
2,3,2.0404953139168875,0.26091693145710393,4406,2.267395394189017,0.16912599318955732,881,2.2700136009650893,0.1539,0.9818566444123786,0.08500462703896322,,,0.9699999999641575,,0.9700285520951957,0.029971447904804327,0.9710231549195796,0.14584031813478088,10,0.025,0.15,0.912795236202451,0.9486492217192521,0.9621420728659931,1.0,0.958861906865738,0.9564992845227978,0.9584380458087909,0.9614401513379822,0.9505021281085596,0.9485333201345808,0.9481211344107255,0.9454626443284075
2,4,2.0479281277367565,0.27166828793774317,4112,2.2686918803623746,0.1654501216545012,822,2.270013190522979,0.1539,0.9794739049474979,0.08476609159543318,,,0.9614503230859952,,0.9614876796884025,0.03851232031159746,0.9710140698858485,0.14584003720595926,10,0.025,0.15,0.8996911847044113,0.9415442814521596,0.9570504659001222,0.958861906865738,1.0,0.9552956169237827,0.9601708228045068,0.9586154389737965,0.9510190483072685,0.9488499250643546,0.9479561289052413,0.9441816694958971
2,5,2.070463982320601,0.25487271792234506,3889,2.267000130244664,0.15424164524421594,778,2.2700128344040884,0.1539,0.9794801822668836,0.08437425493113916,,,0.947405966326456,,0.9474344374577083,0.05256556254229172,0.9709933385850644,0.1458392519461616,10,0.025,0.15,0.8785615616736495,0.9298428509956671,0.9517100362575767,0.9564992845227978,0.9552956169237827,1.0,0.964891326716715,0.9638791698334337,0.9516002907654049,0.9559692573114362,0.9579477117019493,0.9570063211105739
2,6,2.0817565913858083,0.2646725949878739,3711,2.273269454638163,0.14420485175202155,742,2.2700130426431,0.1539,0.9828831549667194,0.08426122228896053,,,0.9433546079496431,,0.9434156887986664,0.05658431120133356,0.9709808039071597,0.1458390075461885,10,0.025,0.15,0.8766172315012636,0.9312226108277586,0.95575455270668,0.9584380458087909,0.9601708228045068,0.964891326716715,1.0,0.9706116663505954,0.9582977629266745,0.9595659864490088,0.9645489611356362,0.9628794565886318
2,7,2.08147047162056,0.24952300785634118,3564,2.2725566625595093,0.13464235624123422,713,2.2700128223322613,0.1539,0.9839660995480967,0.08401725267445764,,,0.9346101574762826,,0.9346520110247396,0.0653479889752604,0.9709185949335277,0.1458381410218366,10,0.025,0.15,0.8752755109975784,0.9285367295364703,0.9530113698058863,0.9614401513379822,0.9586154389737965,0.9638791698334337,0.9706116663505954,1.0,0.9665064306112415,0.9642258883109803,0.968994868773472,0.9649296431669949
2,8,2.076405742874852,0.26216216216216215,3441,2.271896402041117,0.1380813953488372,688,2.2700243690345863,0.1539,0.9753718164763747,0.08268274522241649,,,0.8867782406021991,,0.8868148734960638,0.1131851265039362,0.97054883961006,0.14582946781418638,10,0.025,0.15,0.8595156596052563,0.9130665663342525,0.9416125847114661,0.9505021281085596,0.9510190483072685,0.9516002907654049,0.9582977629266745,0.9665064306112415,1.0,0.9602025231145325,0.9622270760171964,0.9620315926676856
2,9,2.065315229362912,0.25851829634073187,3334,2.275024692217509,0.1409295352323838,667,2.2700148383273353,0.154,0.9748249978009716,0.0830465177941404,,,0.8998167136247037,,0.8998448614480699,0.10015513855193015,0.9707555037460168,0.14583256591698915,10,0.025,0.15,0.852553602241704,0.9107148842701596,0.9407880424741788,0.9485333201345808,0.9488499250643546,0.9559692573114362,0.9595659864490088,0.9642258883109803,0.9602025231145325,1.0,0.9658541817084517,0.9623977311067891
2,10,2.1120606770882238,0.24665226781857452,3241,2.272047996520996,0.16820987654320987,648,2.2700165434728694,0.154,0.9755432310621374,0.08291635612083591,,,0.8951514100865557,,0.8951907048901652,0.10480929510983483,0.9707003268577022,0.14583163494587675,10,0.025,0.15,0.8503554653077682,0.9076172860094252,0.9382287886432134,0.9481211344107255,0.9479561289052413,0.9579477117019493,0.9645489611356362,0.968994868773472,0.9622270760171964,0.9658541817084517,1.0,0.9662941558774387
2,11,2.1060967001914976,0.24602722380500158,3159,2.2721468925476076,0.14082278481012658,632,2.270027800451351,0.154,0.9722041000289214,0.08203583842682348,,,0.8635915644807903,,0.8636266112128864,0.13637338878711358,0.970416279913923,0.1458208750052388,10,0.025,0.15,0.8419301526581837,0.8986619963857411,0.933815196591861,0.9454626443284075,0.9441816694958971,0.9570063211105739,0.9628794565886318,0.9649296431669949,0.9620315926676856,0.9623977311067891,0.9662941558774387,1.0
3,0,1.9010746637980143,0.3148867786705625,6845,2.2455447153611616,0.20745069393718044,1369,2.2462941000733196,0.202,0.922943329868765,0.0790757231038647,,,0.75,,0.7500041260253173,0.2499958739746827,0.9848683142921671,0.14514392173935176,10,0.025,0.15,1.0,0.9401603261516922,0.9248984970462241,0.9144596118495637,0.9001308084005417,0.8779078954091124,0.8761952273491315,0.8808148086683878,0.8636652768950351,0.845405748217051,0.8594614234092163,0.8495918737426625
3,1,1.9494619114454403,0.3032493610806864,5478,2.2521682580312095,0.18248175182481752,1096,2.246204306807699,0.2025,0.9597331095135974,0.08304303381974337,,,0.9064409056191333,,0.9064877622089089,0.09351223779109108,0.9858453790888362,0.14529887813269157,10,0.025,0.15,0.9401603261516922,1.0,0.9500371137768409,0.9425080317386374,0.9348274041578802,0.9230744016183562,0.9255952657829173,0.9259515353138447,0.9117022962423369,0.8960284079943686,0.9075054786947138,0.8982545677498006
3,2,1.9545256664878443,0.2928008298755187,4820,2.2394799292087555,0.22717842323651452,964,2.2462104875830153,0.2025,0.975614317669008,0.08441788215159288,,,0.9606545867564965,,0.960687230776848,0.03931276922315197,0.9858932711412637,0.14530635468706757,10,0.025,0.15,0.9248984970462241,0.9500371137768409,1.0,0.9545097527516505,0.9509292175802387,0.9409366815865465,0.9476904075551273,0.9469844890162151,0.933886348882864,0.9236882718398468,0.9352934673170895,0.9294913951005467
3,3,1.9756879312651499,0.28533817521561505,4406,2.243335860116141,0.21906923950056753,881,2.246212367770038,0.2025,0.9771632008795079,0.08465487999945173,,,0.9699999999605675,,0.9700285520951957,0.029971447904804327,0.9858888553703088,0.14530657797123075,10,0.025,0.15,0.9144596118495637,0.9425080317386374,0.9545097527516505,1.0,0.9531266393588121,0.9441102119067333,0.9479664091564406,0.9523576338523437,0.9404306600148973,0.9302029550347924,0.9416880462422869,0.9343225298921795
3,4,1.9808587128465827,0.2958900778210117,4112,2.2449072429112027,0.20924574209245742,822,2.246211299413367,0.2025,0.9770949154585892,0.08450464328452757,,,0.9640757935085973,,0.9641035797395653,0.035896420260434714,0.9858958904864329,0.14530645435002698,10,0.025,0.15,0.9001308084005417,0.9348274041578802,0.9509292175802387,0.9531266393588121,1.0,0.946913821008221,0.9565763202747225,0.9531965473690788,0.9420467829984266,0.9358671747518511,0.9416684925814282,0.9389967145632448
3,5,2.00469161464322,0.278786320390846,3889,2.2433098384312222,0.21465295629820053,778,2.2462089091916626,0.2024,0.973369921059226,0.08413986929382408,,,0.9496918499410916,,0.9497285075341222,0.05027149246587781,0.9859007055093743,0.14530583716283635,10,0.025,0.15,0.8779078954091124,0.9230744016183562,0.9409366815865465,0.9441102119067333,0.946913821008221,1.0,0.9546980024854071,0.9526104435922379,0.9369834394993288,0.9405635143372749,0.9487802783173807,0.943916828543546
3,6,2.0105410571756033,0.29361358124494746,3711,2.249757965405782,0.19002695417789758,742,2.2462098930455463,0.2025,0.9785065575110556,0.08423748129235693,,,0.9535409332479913,,0.9535822151804724,0.04641778481952763,0.9859021132216841,0.14530606748043098,10,0.025,0.15,0.8761952273491315,0.9255952657829173,0.9476904075551273,0.9479664091564406,0.9565763202747225,0.9546980024854071,1.0,0.9628659151068637,0.9449710562671904,0.9415590513757788,0.956397264595226,0.9555071722234051
3,7,2.009502288273403,0.27870370370370373,3564,2.2487516005833945,0.1879382889200561,713,2.2462112118926227,0.2026,0.9810072124085625,0.08416776639897405,,,0.9507919020182698,,0.9508342823191563,0.04916571768084366,0.9859107582121593,0.1453058861727308,10,0.025,0.15,0.8808148086683878,0.9259515353138447,0.9469844890162151,0.9523576338523437,0.9531965473690788,0.9526104435922379,0.9628659151068637,1.0,0.9565147841887017,0.9517125063685528,0.9617716424628063,0.9548160385285569
3,8,2.001860847738054,0.2917465852949724,3441,2.2485493818918862,0.19186046511627908,688,2.2462261205987084,0.2025,0.9697764968724872,0.08297296946955848,,,0.903678094440601,,0.9037315772969583,0.0962684227030417,0.9858477332346044,0.14529819863492213,10,0.025,0.15,0.8636652768950351,0.9117022962423369,0.933886348882864,0.9404306600148973,0.9420467829984266,0.9369834394993288,0.9449710562671904,0.9565147841887017,1.0,0.9419856233621243,0.9499886225432509,0.9474793331997948
3,9,1.996738581304197,0.28125374925014995,3334,2.2514533201853433,0.1874062968515742,667,2.246212714835058,0.2024,0.964295438140667,0.08301968908511809,,,0.9055203648075449,,0.905555280487201,0.09444471951279898,0.9858424137748323,0.14529866470261307,10,0.025,0.15,0.845405748217051,0.8960284079943686,0.9236882718398468,0.9302029550347924,0.9358671747518511,0.9405635143372749,0.9415590513757788,0.9517125063685528,0.9419856233621243,1.0,0.9518927797629237,0.9463027662559045
3,10,2.0391476250611817,0.2736501079913607,3241,2.2469844818115234,0.20833333333333334,648,2.24621678002273,0.2024,0.9733608125663568,0.08323497323917292,,,0.9140095531867132,,0.9140466405901867,0.0859533594098133,0.9858371999542919,0.1453005322993194,10,0.025,0.15,0.8594614234092163,0.9075054786947138,0.9352934673170895,0.9416880462422869,0.9416684925814282,0.9487802783173807,0.956397264595226,0.9617716424628063,0.9499886225432509,0.9518927797629237,1.0,0.9563188974381535
3,11,2.0310257921218873,0.2731244064577398,3159,2.2485349655151365,0.18829113924050633,632,2.2462351201455806,0.2019,0.9685367222479286,0.08253108886181507,,,0.8862536456384853,,0.8863032463567196,0.11369675364328036,0.9857036152816626,0.14529063757676444,10,0.025,0.15,0.8495918737426625,0.8982545677498006,0.9294913951005467,0.9343225298921795,0.9389967145632448,0.943916828543546,0.9555071722234051,0.9548160385285569,0.9474793331997948,0.9463027662559045,0.9563188974381535,1.0
4,0,1.856953306330575,0.3324324324324324,6845,2.2151776877316562,0.25639152666179693,1369,2.216331886339791,0.2516,0.9308938772811012,0.07954679927929473,,,0.75,,0.7500041260253173,0.2499958739746827,0.9888130308077567,0.1447244444065504,10,0.025,0.15,1.0,0.9390713125395103,0.9286517649141639,0.9155930169997951,0.9012881518632999,0.8819599664512687,0.8852980390855192,0.8887052892206323,0.872192447287855,0.8509941663551368,0.8688723673647126,0.8629322147565932
4,1,1.9042240705601006,0.3204636728733114,5478,2.2241523530748157,0.23266423357664234,1096,2.2161734677568266,0.2519,0.9602316540652741,0.08297003731103997,,,0.9054346043707295,,0.9054727599808552,0.09452724001914481,0.9898410286470711,0.1448946044319764,10,0.025,0.15,0.9390713125395103,1.0,0.9485637541114642,0.9388011609424655,0.9304116701674711,0.918323715092345,0.9238294738192162,0.9224135598871598,0.9105725029729925,0.8921228495555434,0.9085477458125062,0.8986601560587605
4,2,1.9046700374076242,0.31257261410788384,4820,2.208355098962784,0.2717842323651452,964,2.216193428522424,0.2519,0.9729870445024787,0.08424096154217388,,,0.9631418403909954,,0.963179350068492,0.03682064993150802,0.9899028204697731,0.14490312428875296,10,0.025,0.15,0.9286517649141639,0.9485637541114642,1.0,0.9476093791529105,0.9430977286594452,0.9318171724589818,0.9397986588470211,0.9382205889047601,0.9280897235536075,0.917266212028153,0.930519028885224,0.9238257254905416
4,3,1.9271646812983922,0.30662732637312756,4406,2.2130590166364397,0.25879682179341656,881,2.216197001783154,0.2519,0.9731044445851443,0.08439200327924996,,,0.9699999999545943,,0.9700285520951957,0.029971447904804327,0.9899121390771247,0.14490342894091024,10,0.025,0.15,0.9155930169997951,0.9388011609424655,0.9476093791529105,1.0,0.9449636811325605,0.9338115421499619,0.9408467537351203,0.9433843141528206,0.9342170981545188,0.9169276999622885,0.9336856202055012,0.9280916299365796
4,4,1.9283933180751223,0.31512645914396886,4112,2.2149501528058733,0.24817518248175183,822,2.2161946719205834,0.2519,0.9729146220858388,0.08429248300941267,,,0.9654812099593971,,0.965531184499348,0.03446881550065195,0.9899110692104801,0.14490324729669496,10,0.025,0.15,0.9012881518632999,0.9304116701674711,0.9430977286594452,0.9449636811325605,1.0,0.933236849620626,0.9512718271793422,0.9438914281608114,0.9354667014411385,0.9224836267291279,0.9346952274633681,0.9342970058936132
4,5,1.9558398408274498,0.29853432759064025,3889,2.2138821056910922,0.2647814910025707,778,2.216188989108122,0.2519,0.9674042712129787,0.08388577895538148,,,0.9470145175622924,,0.9470548431285174,0.0529451568714826,0.9898947253018331,0.1449019772877993,10,0.025,0.15,0.8819599664512687,0.918323715092345,0.9318171724589818,0.9338115421499619,0.933236849620626,1.0,0.9442615100608887,0.9429691019034258,0.9270752520812393,0.9258843691677479,0.9376275640896636,0.9339070162412153
4,6,1.95664845746139,0.31002425222312047,3711,2.21992019812266,0.261455525606469,742,2.216191792789894,0.2519,0.9747569361980892,0.08418676973645363,,,0.9606812221680878,,0.9607119869287518,0.039288013071248185,0.9898996983376386,0.14490298502932325,10,0.025,0.15,0.8852980390855192,0.9238294738192162,0.9397986588470211,0.9408467537351203,0.9512718271793422,0.9442615100608887,1.0,0.953403188872861,0.9358661690152914,0.9293033022151082,0.9453197161064004,0.9466433282875099
4,7,1.9557618175234113,0.2980359147025814,3564,2.21919055779775,0.2426367461430575,713,2.2161946900283236,0.2519,0.976636540863297,0.08420491365921594,,,0.9615050601338208,,0.9615371919922101,0.038462808007789895,0.9898997742686232,0.14490303559758014,10,0.025,0.15,0.8887052892206323,0.9224135598871598,0.9382205889047601,0.9433843141528206,0.9438914281608114,0.9429691019034258,0.953403188872861,1.0,0.9479240835966251,0.9390148665575033,0.9523140546514962,0.9457837828370204
4,8,1.9463835817796213,0.3085730892182505,3441,2.2192901770273843,0.22819767441860464,688,2.216207594811162,0.252,0.9672808541499472,0.08315696070982305,,,0.9139219967951084,,0.9139641200838409,0.08603587991615913,0.9898400671591818,0.14489663790611582,10,0.025,0.15,0.872192447287855,0.9105725029729925,0.9280897235536075,0.9342170981545188,0.9354667014411385,0.9270752520812393,0.9358661690152914,0.9479240835966251,1.0,0.9384577453289372,0.9411446806790819,0.9390856202968754
4,9,1.9405708886958934,0.3016496700659868,3334,2.221410552660624,0.24737631184407796,667,2.216186112995389,0.2519,0.9584121291448622,0.08289605631810253,,,0.9020754437568465,,0.9021141753725801,0.0978858246274199,0.9898346812103525,0.14489369604350427,10,0.025,0.15,0.8509941663551368,0.8921228495555434,0.917266212028153,0.9169276999622885,0.9224836267291279,0.9258843691677479,0.9293033022151082,0.9390148665575033,0.9384577453289372,1.0,0.9408514317098452,0.9335104515852739
4,10,1.9839178869357477,0.2975007713668621,3241,2.2156399885813394,0.25308641975308643,648,2.2161984624741953,0.252,0.969699996508494,0.08339877914921748,,,0.9249019383324071,,0.9249310953772012,0.0750689046227988,0.9898645752879187,0.1448987364353284,10,0.025,0.15,0.8688723673647126,0.9085477458125062,0.930519028885224,0.9336856202055012,0.9346952274633681,0.9376275640896636,0.9453197161064004,0.9523140546514962,0.9411446806790819,0.9408514317098452,1.0,0.9439915287779506
4,11,1.9737313675880432,0.2949667616334283,3159,2.2186654567718507,0.254746835443038,632,2.216220285319075,0.252,0.9656276751726471,0.08282845705063467,,,0.8990060500140864,,0.8990361604858808,0.10096383951411925,0.9897668283572931,0.1448912022214393,10,0.025,0.15,0.8629322147565932,0.8986601560587605,0.9238257254905416,0.9280916299365796,0.9342970058936132,0.9339070162412153,0.9466433282875099,0.9457837828370204,0.9390856202968754,0.9335104515852739,0.9439915287779506,1.0
5,0,1.8208783990807003,0.34441197954711467,6845,2.1796473373066294,0.2929145361577794,1369,2.1812552440015573,0.2849,0.9354003469613603,0.08005889907887209,,,0.75,,0.7500041260253173,0.2499958739746827,0.9906875682894709,0.14438508617965104,10,0.025,0.15,1.0,0.9330584105074797,0.9266233283641049,0.9140702166670627,0.9075569870610166,0.8800180074722034,0.8848034387747371,0.8917581888008429,0.87674802575105,0.8622746691058522,0.8764998882487062,0.8678000622850592
5,1,1.865074109753897,0.3330777656078861,5478,2.191226323445638,0.2655109489051095,1096,2.180962094777747,0.2848,0.9595277086206758,0.08297650298761962,,,0.9046260705554777,,0.9046640590186661,0.09533594098133391,0.9918090644448269,0.14454479152742505,10,0.025,0.15,0.9330584105074797,1.0,0.9420376433545751,0.9348925511251277,0.9309786908043106,0.9131251387084233,0.91718619821034,0.9189891647884441,0.9107448009326948,0.8892545566075037,0.9074066585994663,0.8986386068753517
5,2,1.864389303483461,0.3258298755186722,4820,2.1717464327812195,0.3049792531120332,964,2.180985975869094,0.2848,0.9710025498531735,0.08414206717603478,,,0.9663982014106868,,0.9664306580185176,0.033569341981482426,0.991931373068092,0.144551879091794,10,0.025,0.15,0.9266233283641049,0.9420376433545751,1.0,0.9431304731909312,0.940717390851887,0.9252290286856404,0.9315276140304962,0.9339885908927473,0.9258009568861888,0.9098304145079475,0.9286863945205119,0.9199124827513236
5,3,1.8830838067190987,0.3214707217430776,4406,2.177668128694807,0.28944381384790013,881,2.180991646609729,0.2848,0.9701780077636536,0.08420898774045714,,,0.9699448322213184,,0.9699872918420227,0.030012708157977297,0.9919265694700709,0.14455196159191655,10,0.025,0.15,0.9140702166670627,0.9348925511251277,0.9431304731909312,1.0,0.9405269914517574,0.9268712857919286,0.9308955999229686,0.937723668606475,0.9290713047421653,0.906949460628678,0.9300720370973447,0.9230091548928611
5,4,1.886389139926795,0.3291342412451362,4112,2.1800095353807722,0.28832116788321166,822,2.180988462665413,0.2848,0.9719771924310662,0.0842059873034631,,,0.9697858161941783,,0.9698305028799656,0.03016949712003436,0.9919263708180248,0.14455196159174297,10,0.025,0.15,0.9075569870610166,0.9309786908043106,0.940717390851887,0.9405269914517574,1.0,0.9300663079297076,0.9445834637518644,0.9387285773075387,0.9314416655417581,0.914954298906067,0.9288257665770908,0.9293374385800804
5,5,1.9140316874750198,0.3122139367446644,3889,2.179407630647932,0.29562982005141386,778,2.1809794993340215,0.2848,0.9628125242634235,0.08365327996061502,,,0.9404936410858559,,0.9405522272284663,0.05944777277153368,0.9919083016448865,0.14455035343936362,10,0.025,0.15,0.8800180074722034,0.9131251387084233,0.9252290286856404,0.9268712857919286,0.9300663079297076,1.0,0.9358676869973196,0.9351626353166778,0.9216729638248247,0.9083478027640797,0.9287282443887505,0.9260524123174925
5,6,1.9107110594880992,0.3266504985179197,3711,2.184632579485575,0.27897574123989216,742,2.180984083610245,0.2848,0.9710567578219336,0.08411015092069933,,,0.9647067157588578,,0.9647472396890627,0.03525276031093727,0.9919246813210534,0.14455182519620138,10,0.025,0.15,0.8848034387747371,0.91718619821034,0.9315276140304962,0.9308955999229686,0.9445834637518644,0.9358676869973196,1.0,0.9482363984078617,0.931577272374747,0.9250830698791019,0.936018394749986,0.9404704552179608
5,7,1.9120045870542526,0.3159371492704826,3564,2.1844685077667236,0.2861150070126227,713,2.1809891054901898,0.2844,0.9737645243550552,0.08421002868763709,,,0.9699999999470024,,0.9700285520951957,0.029971447904804327,0.9919258102880322,0.14455196159191655,10,0.025,0.15,0.8917581888008429,0.9189891647884441,0.9339885908927473,0.937723668606475,0.9387285773075387,0.9351626353166778,0.9482363984078617,1.0,0.9424884528726603,0.926662121917715,0.9459362322076574,0.9381693982585511
5,8,1.9020504474639892,0.32551583841906423,3441,2.185335715611776,0.2543604651162791,688,2.181005091606816,0.2846,0.9653494981151459,0.08328319826984457,,,0.9208801913448568,,0.9209288508194287,0.07907114918057134,0.9918395506656645,0.14454791437170622,10,0.025,0.15,0.87674802575105,0.9107448009326948,0.9258009568861888,0.9290713047421653,0.9314416655417581,0.9216729638248247,0.931577272374747,0.9424884528726603,1.0,0.9228444476093729,0.9362440974165025,0.9323975166349922
5,9,1.9102439094472814,0.31406718656268745,3334,2.1858964363733926,0.28335832083958024,667,2.180976170527784,0.2844,0.9519639766679863,0.08268302537403824,,,0.8890724547791785,,0.8891006915218431,0.11089930847815688,0.9917903265154097,0.14453978430314315,10,0.025,0.15,0.8622746691058522,0.8892545566075037,0.9098304145079475,0.906949460628678,0.914954298906067,0.9083478027640797,0.9250830698791019,0.926662121917715,0.9228444476093729,1.0,0.9206686322942779,0.9197606083592698
5,10,1.9394044174597813,0.31339092872570196,3241,2.1787904103597007,0.2777777777777778,648,2.1809956001330026,0.2847,0.9665597252026822,0.0834731304583748,,,0.9309461457728656,,0.9309798484923504,0.06902015150764962,0.9918626322984154,0.144549299737432,10,0.025,0.15,0.8764998882487062,0.9074066585994663,0.9286863945205119,0.9300720370973447,0.9288257665770908,0.9287282443887505,0.936018394749986,0.9459362322076574,0.9362440974165025,0.9206686322942779,1.0,0.9355952015775189
5,11,1.9285026531219482,0.31152263374485595,3159,2.1836400032043457,0.2911392405063291,632,2.1810248018820073,0.2846,0.9627751622703712,0.08299474204234415,,,0.9055926970924951,,0.9056295489429124,0.09437045105708763,0.9917992130455826,0.14454498040994065,10,0.025,0.15,0.8678000622850592,0.8986386068753517,0.9199124827513236,0.9230091548928611,0.9293374385800804,0.9260524123174925,0.9404704552179608,0.9381693982585511,0.9323975166349922,0.9197606083592698,0.9355952015775189,1.0
6,0,1.7890355156527624,0.3556318480642805,6845,2.139132781462236,0.3140978816654492,1369,2.141149288491358,0.3082,0.9369146170651733,0.080479890449495,,,0.75,,0.7500041260253173,0.2499958739746827,0.9933326100987301,0.1441416239800171,10,0.025,0.15,1.0,0.9283886726856613,0.922747487763831,0.9112325188305461,0.9051666402410917,0.8865618763146706,0.8857669298535341,0.8944746328600216,0.8791322407784617,0.8587804935837745,0.8765856791587102,0.8700875246818719
6,1,1.8288553124250368,0.3456736035049288,5478,2.1535456445482044,0.2846715328467153,1096,2.1406957378870324,0.3089,0.9588217385916805,0.08301217597417726,,,0.9009356876711127,,0.9009753923850077,0.09902460761499232,0.9940105525907535,0.14428749597361584,10,0.025,0.15,0.9283886726856613,1.0,0.9358536725416671,0.9277141633027086,0.9267607019399707,0.9133429005154156,0.9157030517249105,0.9177953988390474,0.9111371380328936,0.8884090120976162,0.904173437513138,0.8991968335953148
6,2,1.8261344746539467,0.3365145228215768,4820,2.129744291305542,0.32261410788381745,964,2.1407177870786644,0.3088,0.9689598821756715,0.08406920044506902,,,0.9639391341008987,,0.963971546929412,0.036028453070587996,0.9940891457237615,0.1442954517606733,10,0.025,0.15,0.922747487763831,0.9358536725416671,1.0,0.937933820429806,0.9381108637258766,0.92237984983486,0.9278426103293559,0.9300439660263108,0.9228658219812929,0.9061999671076383,0.9235952903247899,0.9164948755163256
6,3,1.8451900921549116,0.33404448479346344,4406,2.1370765822274342,0.31441543700340524,881,2.140724326990828,0.3088,0.969224863997092,0.08411950697347748,,,0.9669376310656631,,0.9669835454110346,0.033016454588965405,0.9940944400220323,0.1442955917960847,10,0.025,0.15,0.9112325188305461,0.9277141633027086,0.937933820429806,1.0,0.9350371116187233,0.9259590033272221,0.9282291582442604,0.9339262848368548,0.9285349145684435,0.9094613538290028,0.9260779273202439,0.9225068030121841
6,4,1.8474821571147804,0.34348249027237354,4112,2.1402489117213657,0.30656934306569344,822,2.1407206269759165,0.3088,0.9698495403358995,0.08413809331806288,,,0.9680454613928304,,0.9680810681454342,0.031918931854565846,0.9940950320612046,0.1442956161538933,10,0.025,0.15,0.9051666402410917,0.9267607019399707,0.9381108637258766,0.9350371116187233,1.0,0.9271451359405076,0.9398117868436388,0.9341351906426978,0.9262609899872144,0.9124778423643106,0.9241391666342152,0.9244555024574758
6,5,1.8782879506388017,0.32471072255078426,3889,2.140205349240984,0.3277634961439589,778,2.140708932393714,0.3088,0.9616967689667051,0.08352732510582199,,,0.9316409093691003,,0.9316730207456553,0.06832697925434472,0.9940800090201298,0.14429284787256225,10,0.025,0.15,0.8865618763146706,0.9133429005154156,0.92237984983486,0.9259590033272221,0.9271451359405076,1.0,0.9316008346001197,0.9291321952827823,0.9148847292069189,0.9075059067070216,0.9223602701115065,0.9185204323422398
6,6,1.8699326030139265,0.34031258420910804,3711,2.143965164820353,0.3113207547169811,742,2.140714805337447,0.3088,0.9679255298029475,0.08401547934124828,,,0.9607371129746864,,0.9607780033338285,0.039221996666171544,0.9940919887220899,0.14429528761012764,10,0.025,0.15,0.8857669298535341,0.9157030517249105,0.9278426103293559,0.9282291582442604,0.9398117868436388,0.9316008346001197,1.0,0.9423125812032936,0.9235680572397571,0.9151709328108734,0.9280849577752507,0.9325732784891364
6,7,1.8720471577984945,0.3276936026936027,3564,2.145095467567444,0.3085553997194951,713,2.1407213965548744,0.3088,0.9707742874223654,0.08417088509678533,,,0.9699999999403954,,0.9700285520951957,0.029971447904804327,0.9940949670161919,0.14429566366049393,10,0.025,0.15,0.8944746328600216,0.9177953988390474,0.9300439660263108,0.9339262848368548,0.9341351906426978,0.9291321952827823,0.9423125812032936,1.0,0.9340830442590461,0.9204349867777966,0.9379411119788461,0.9295582127671582
6,8,1.8598899717684145,0.33597791339726824,3441,2.146464745203654,0.27761627906976744,688,2.1407412577279006,0.3086,0.9633556104355605,0.08335141410628158,,,0.9211558169789457,,0.9211929164397352,0.07880708356026478,0.9940616303041425,0.1442914064698397,10,0.025,0.15,0.8791322407784617,0.9111371380328936,0.9228658219812929,0.9285349145684435,0.9262609899872144,0.9148847292069189,0.9235680572397571,0.9340830442590461,1.0,0.9231257056264198,0.9302323339349765,0.9249288959087381
6,9,1.8693600884190311,0.3285242951409718,3334,2.1451520919799805,0.2983508245877061,667,2.1407102995280978,0.3086,0.9507908277821681,0.0825666618626452,,,0.8743810285950147,,0.874412041392286,0.125587958607714,0.9939653742767808,0.1442785655857591,10,0.025,0.15,0.8587804935837745,0.8884090120976162,0.9061999671076383,0.9094613538290028,0.9124778423643106,0.9075059067070216,0.9151709328108734,0.9204349867777966,0.9231257056264198,1.0,0.9192602439204374,0.9132679811761736
