round,client_id,client_i_training_loss,client_i_training_accuracy,client_i_training_dataset_size,client_i_evaluation_loss,client_i_evaluation_accuracy,client_i_evaluation_dataset_size,client_i_central_evaluation_loss,client_i_central_evaluation_accuracy,client_i_cosine_similarity,client_i_importance_coefficient,client_i_tanh_val,tanh_normalization_value,client_i_q,client_i_mask_order,client_i_v_nonzero_fraction,client_i_v_sparsity,client_i_v_cosine_similarity,client_i_reward_gradient_norm,local_epochs,learning_rate,gamma,client_0_cosine_similarity,client_1_cosine_similarity,client_2_cosine_similarity,client_3_cosine_similarity,client_4_cosine_similarity,client_5_cosine_similarity,client_6_cosine_similarity,client_7_cosine_similarity,client_8_cosine_similarity,client_9_cosine_similarity,client_10_cosine_similarity,client_11_cosine_similarity
0,0,2.257082200050354,0.15982468955441928,6845,2.2973920432004062,0.11906501095690285,1369,2.297517933423006,0.1281,0.8918901495774257,0.07973841992105207,,,0.65,,0.6500140284860788,0.3499859715139212,0,0.13953647905267036,10,0.025,0.15,1.0,0.9320086828649625,0.8350834693099265,0.8501667234615862,0.8300069080611987,0.8062255543360141,0.7453787686195454,0.7505370719420652,0.7530912496176706,0.7839305508718639,0.7164875545960326,0.7326781174750809
0,1,2.2831569721532423,0.14428623585250092,5478,2.2978917492760553,0.13777372262773724,1096,2.297499617443809,0.128,0.9386397301665481,0.08391801276655517,,,0.8395137691215997,,0.8395553795118087,0.1604446204881913,0,0.13974567916287434,10,0.025,0.15,0.9320086828649625,1.0,0.8830770163034932,0.9269700581768784,0.8941682989382695,0.8673362332725686,0.785987697258891,0.8041844924748409,0.8126688637569073,0.8515191089491417,0.789343999500825,0.7932627940965999
0,2,2.29487317298588,0.13493775933609958,4820,2.2998471558094025,0.13070539419087138,964,2.2974964214276663,0.1275,0.9577387115179665,0.08562553537546087,,,0.9169373501821889,,0.916984370616098,0.08301562938390195,0,0.13976748322345284,10,0.025,0.15,0.8350834693099265,0.8830770163034932,1.0,0.9181006610993598,0.924767848545635,0.9294238404250549,0.9068682330466927,0.8599276291091983,0.871609406471861,0.8784057825126502,0.8086014407630294,0.8881876347494474
0,3,2.294355343409947,0.13688152519291874,4406,2.2993320056370328,0.12258796821793416,881,2.297496315799182,0.1275,0.9732951137855503,0.08701633774844494,,,0.9799999999546574,,0.9800300374643098,0.019969962535690167,0,0.13976801044723908,10,0.025,0.15,0.8501667234615862,0.9269700581768784,0.9181006610993598,1.0,0.9425698390788314,0.9056876280548704,0.8823170091945048,0.8968525912203023,0.9015286111165447,0.9352584651721407,0.8608308948430421,0.8666051175503792
0,4,2.294067540313258,0.16242704280155643,4112,2.2974943774087087,0.10583941605839416,822,2.2974964003019696,0.1275,0.9587307847666593,0.08571423055090842,,,0.920959023494232,,0.9210113713257745,0.07898862867422551,0,0.13976755256482526,10,0.025,0.15,0.8300069080611987,0.8941682989382695,0.924767848545635,0.9425698390788314,1.0,0.9308517013775014,0.8620444654858852,0.8858722277639977,0.8691629805321237,0.8833781527225144,0.8299761536827176,0.874433456156995
0,5,2.296581062962932,0.1519413731036256,3889,2.30056289264134,0.13496143958868895,778,2.297499385061143,0.128,0.9498094196369407,0.08491662609331957,,,0.8847935325927714,,0.8848426333943985,0.1151573666056015,0,0.13974915667270252,10,0.025,0.15,0.8062255543360141,0.8673362332725686,0.9294238404250549,0.9056876280548704,0.9308517013775014,1.0,0.878856450404296,0.898315052538073,0.854499894126897,0.8679679650615006,0.8407387636331208,0.8775440053433143
0,6,2.2990330967409855,0.11196443007275667,3711,2.2955590883890786,0.1347708894878706,742,2.297502433197408,0.1281,0.9198402012053152,0.08223726235649736,,,0.763304110205795,,0.7633559439520721,0.23664405604792793,0,0.13970210800044663,10,0.025,0.15,0.7453787686195454,0.785987697258891,0.9068682330466927,0.8823170091945048,0.8620444654858852,0.878856450404296,1.0,0.9024011921830585,0.8477249388025622,0.8605477522364733,0.8623185245731662,0.8603278050509651
0,7,2.299156722852162,0.1324635241301908,3564,2.2970025539398193,0.12061711079943899,713,2.2975010358834567,0.1279,0.9268790425632777,0.08286656192688147,,,0.791838213382474,,0.7918832829958244,0.20811671700417556,0,0.13970990690733115,10,0.025,0.15,0.7505370719420652,0.8041844924748409,0.8599276291091983,0.8968525912203023,0.8858722277639977,0.898315052538073,0.9024011921830585,1.0,0.8353166592488025,0.8546576804172187,0.9320268629851542,0.8705388718366676
0,8,2.2975585999312225,0.12734670154024993,3441,2.2959643999735513,0.13372093023255813,688,2.297502421125581,0.1281,0.9196494837035496,0.08222021147612911,,,0.7625309782944161,,0.7625802511924213,0.23741974880757866,0,0.13970199702143188,10,0.025,0.15,0.7530912496176706,0.8126688637569073,0.871609406471861,0.9015286111165447,0.8691629805321237,0.854499894126897,0.8477249388025622,0.8353166592488025,1.0,0.938548479112744,0.8000505519198664,0.9125200540625981
0,9,2.2967769702275596,0.13773245350929814,3334,2.299044211705526,0.13193403298350825,667,2.29749969892864,0.128,0.9364597789289174,0.08372311671654724,,,0.8306766679040364,,0.830709181231536,0.16929081876846397,0,0.13974466833299184,10,0.025,0.15,0.7839305508718639,0.8515191089491417,0.8784057825126502,0.9352584651721407,0.8833781527225144,0.8679679650615006,0.8605477522364733,0.8546576804172187,0.938548479112744,1.0,0.8117080068183725,0.8869860722347891
0,10,2.299375840333792,0.11761801912989818,3241,2.2954646348953247,0.14814814814814814,648,2.297517583340029,0.1282,0.8925216314677603,0.07979487683804784,,,0.6525599056004617,,0.6525969203347032,0.3474030796652968,0,0.1395400572040281,10,0.025,0.15,0.7164875545960326,0.789343999500825,0.8086014407630294,0.8608308948430421,0.8299761536827176,0.8407387636331208,0.8623185245731662,0.9320268629851542,0.8000505519198664,0.8117080068183725,1.0,0.8733200586329709
0,11,2.2987371797561647,0.10778727445394112,3159,2.298803472518921,0.125,632,2.2975024181076242,0.1281,0.9197456401140015,0.08222880823015577,,,0.7629207778079158,,0.7629680975722467,0.2370319024277533,0,0.13970205040671999,10,0.025,0.15,0.7326781174750809,0.7932627940965999,0.8881876347494474,0.8666051175503792,0.874433456156995,0.8775440053433143,0.8603278050509651,0.8705388718366676,0.9125200540625981,0.8869860722347891,0.8733200586329709,1.0
1,0,2.1140535412011325,0.22857560262965668,6845,2.288061727177013,0.21475529583637692,1369,2.2878989750825904,0.212,0.8971334644446906,0.07873434422850505,,,0.65,,0.6500140284860788,0.3499859715139212,0.8711963274577541,0.14524572770098834,10,0.025,0.15,1.0,0.9562204201610305,0.9101280031333996,0.8948271839280127,0.8737581608659297,0.870438986725859,0.8426283299302947,0.8287763297711506,0.8244730766775005,0.8331446925605586,0.8055269678418017,0.8018409129160934
1,1,2.1585647754890975,0.2148229280759401,5478,2.287745634714762,0.2198905109489051,1096,2.2878621741186214,0.2129,0.9492457406455704,0.08302737771180552,,,0.8400549902463362,,0.8400917628030565,0.15990823719694347,0.8728889226718045,0.14548989450601485,10,0.025,0.15,0.9562204201610305,1.0,0.9581321202372147,0.9514005326901671,0.9337335318098986,0.929983521176686,0.9023252738547815,0.8910254832660135,0.8879411803311228,0.8932154542234947,0.87499082288257,0.8660865013713798
1,2,2.207618384612234,0.19935684647302904,4820,2.2904161512851715,0.2095435684647303,964,2.2878617727303805,0.2113,0.9797187007445329,0.08508098702632577,,,0.9309694216755716,,0.9310211087455232,0.06897889125447676,0.8722106074906347,0.14550959272649247,10,0.025,0.15,0.9101280031333996,0.9581321202372147,1.0,0.9777859896001557,0.9750819994902656,0.9654208938947089,0.9557259578825819,0.9426075710500474,0.94164705546418,0.9379767764775089,0.916908860972287,0.9164624589033149
1,3,2.211875719683511,0.1889468906037222,4406,2.2890497275761197,0.2043132803632236,881,2.2878621831724915,0.2111,0.9872242893543769,0.08618850813897574,,,0.9799999999557294,,0.9800300374643098,0.019969962535690167,0.87217677146448,0.14551544301414895,10,0.025,0.15,0.8948271839280127,0.9514005326901671,0.9777859896001557,1.0,0.9785308311749078,0.9749682234930859,0.966860836689888,0.9586579592602996,0.9534798648280552,0.9533579890052089,0.9454497090134711,0.9303883395934629
1,4,2.2148866671504397,0.1995865758754864,4112,2.2880756173815047,0.20681265206812652,822,2.2878622103341018,0.2111,0.9832749853847784,0.08525207224580934,,,0.9385434599044198,,0.9385964912280702,0.06140350877192979,0.8721884851324884,0.14551481467071425,10,0.025,0.15,0.8737581608659297,0.9337335318098986,0.9750819994902656,0.9785308311749078,1.0,0.977242153413581,0.9655240376990677,0.9641889544051797,0.9531540840539418,0.9474662791628377,0.9404921583619953,0.929962632493838
1,5,2.2330473838313933,0.20143995885831834,3889,2.2917003290993825,0.2095115681233933,778,2.2878640090362934,0.2128,0.9860618269968944,0.08484838555925116,,,0.9206720248050113,,0.9207142975029294,0.07928570249707056,0.872653036897849,0.14550912935528038,10,0.025,0.15,0.870438986725859,0.929983521176686,0.9654208938947089,0.9749682234930859,0.977242153413581,1.0,0.9717196469963676,0.9679919907883725,0.9610420653409488,0.9545836610296872,0.9532627631630087,0.9463820950800141
1,6,2.2575674295425414,0.18003233629749393,3711,2.2859350442886353,0.21428571428571427,742,2.287865530086469,0.2128,0.9850791777368145,0.0831546490731738,,,0.8456893645035084,,0.8457361654371112,0.15426383456288884,0.8727150654346005,0.14549123186842966,10,0.025,0.15,0.8426283299302947,0.9023252738547815,0.9557259578825819,0.966860836689888,0.9655240376990677,0.9717196469963676,1.0,0.9779342864612873,0.9753636868682206,0.9710771429511945,0.9681711416909766,0.9661952863407733
1,7,2.255441972187587,0.18167789001122334,3564,2.2871744632720947,0.23983169705469845,713,2.2878629406796227,0.2129,0.9807405313510055,0.08340330627535482,,,0.8566975577354101,,0.8567278968823753,0.14327210311762473,0.8726719472186115,0.1454937127810267,10,0.025,0.15,0.8287763297711506,0.8910254832660135,0.9426075710500474,0.9586579592602996,0.9641889544051797,0.9679919907883725,0.9779342864612873,1.0,0.9726868281238427,0.9715678745119067,0.97568594799887,0.9622716505590894
1,8,2.2524739892394456,0.16870095902353968,3441,2.28662645816803,0.20784883720930233,688,2.287865361080894,0.2128,0.9783546837778411,0.08292458343166287,,,0.8355042300470772,,0.8355448829034015,0.16445511709659855,0.8727147241339237,0.145488586565994,10,0.025,0.15,0.8244730766775005,0.8879411803311228,0.94164705546418,0.9534798648280552,0.9531540840539418,0.9610420653409488,0.9753636868682206,0.9726868281238427,1.0,0.9759856754046787,0.9647690467790492,0.9754856544727647
1,9,2.246324332996651,0.1743251349730054,3334,2.289553642272949,0.19640179910044978,667,2.2878628048715712,0.2129,0.9763815300145341,0.08379223605727654,,,0.8739156964238635,,0.8739499265567493,0.1260500734432507,0.8728770365750061,0.14549661726128674,10,0.025,0.15,0.8331446925605586,0.8932154542234947,0.9379767764775089,0.9533579890052089,0.9474662791628377,0.9545836610296872,0.9710771429511945,0.9715678745119067,0.9759856754046787,1.0,0.9571495711474971,0.9673344656099339
1,10,2.265260943999657,0.18565257636531934,3241,2.2872154712677,0.20833333333333334,648,2.287894016579737,0.2121,0.9684855123019517,0.08109832730870663,,,0.754654851400042,,0.7546912907857602,0.24530870921423975,0.8706726767345445,0.14543310602230552,10,0.025,0.15,0.8055269678418017,0.87499082288257,0.916908860972287,0.9454497090134711,0.9404921583619953,0.9532627631630087,0.9681711416909766,0.97568594799887,0.9647690467790492,0.9571495711474971,1.0,0.9705201701756053
1,11,2.264709768295288,0.1684710351377018,3159,2.28918719291687,0.20253164556962025,632,2.2878657141818275,0.2129,0.9650371408360943,0.08249522294315295,,,0.8164962013947642,,0.8165404102919576,0.18345958970804244,0.8727074353740432,0.1454826289405656,10,0.025,0.15,0.8018409129160934,0.8660865013713798,0.9164624589033149,0.9303883395934629,0.929962632493838,0.9463820950800141,0.9661952863407733,0.9622716505590894,0.9754856544727647,0.9673344656099339,0.9705201701756053,1.0
2,0,2.019003563677823,0.26587289992695395,6845,2.2735826535658403,0.2308254200146092,1369,2.2731855428671537,0.2339,0.9084650805060052,0.07836336882789503,,,0.65,,0.6500140284860788,0.3499859715139212,0.9479997245749667,0.14568328264225647,10,0.025,0.15,1.0,0.9556835824228711,0.928171710123367,0.9133943252660888,0.8935395218984176,0.8896803180748161,0.8636904667138436,0.8467199096967887,0.8417589703310555,0.8422098632789624,0.8206332073250887,0.8245623295487516
2,1,2.061593599374904,0.2536509675063892,5478,2.2725560665130615,0.23996350364963503,1096,2.2730875799927532,0.234,0.9569570602918722,0.08260219554725964,,,0.8443135875453982,,0.8443663250317704,0.15563367496822955,0.950692898764936,0.14606280421693738,10,0.025,0.15,0.9556835824228711,1.0,0.9629383086962436,0.9569019130405181,0.9427067793015964,0.9424743453257314,0.9201009792960918,0.9085620884099544,0.9068677666669764,0.9050776413641739,0.8890099014072569,0.892447642573818
2,2,2.108958483056018,0.2329460580912863,4820,2.276419699192047,0.23858921161825727,964,2.273085256166096,0.2341,0.9794592777370867,0.08460724519504347,,,0.9362277930701555,,0.9362611608984833,0.06373883910151668,0.950902907765848,0.14608830257963826,10,0.025,0.15,0.928171710123367,0.9629383086962436,1.0,0.9726711201550255,0.9687801892492128,0.964380779089958,0.9555254492174363,0.946356613465845,0.9459583691674353,0.939804464106573,0.9254085820240902,0.9332365201801442
2,3,2.117035723754338,0.23204720835224693,4406,2.2732845033918108,0.23723041997729852,881,2.2730844232100473,0.234,0.9877143607950911,0.08556210791179568,,,0.9799999999541587,,0.9800300374643098,0.019969962535690167,0.9509207150387984,0.1460969812552161,10,0.025,0.15,0.9133943252660888,0.9569019130405181,0.9726711201550255,1.0,0.9715363888109331,0.9745501716247531,0.9698600804373094,0.9615078004963531,0.9594666323681733,0.9584606695176023,0.9511427037835205,0.9496108956209374
2,4,2.1173879370544895,0.23066634241245138,4112,2.273313965116228,0.23357664233576642,822,2.2730842149710355,0.2341,0.9870617270402748,0.08496096203704272,,,0.9524426546567613,,0.9524929444967074,0.047507055503292595,0.9509200794093777,0.14609663233765768,10,0.025,0.15,0.8935395218984176,0.9427067793015964,0.9687801892492128,0.9715363888109331,1.0,0.973516150055454,0.972371290901642,0.970139851042443,0.9663009164786878,0.9613829111079562,0.9523644153776943,0.9582440117149007
2,5,2.132538974669672,0.239007456929802,3889,2.278614010129656,0.2185089974293059,778,2.2730850509450407,0.2341,0.9877462210621318,0.08473329299018409,,,0.9420059956006033,,0.9420623524945949,0.05793764750540509,0.9508512155387768,0.14609631574334817,10,0.025,0.15,0.8896803180748161,0.9424743453257314,0.964380779089958,0.9745501716247531,0.973516150055454,1.0,0.9724941846582189,0.9681475877306616,0.9669299824324559,0.9652595637717948,0.9586341364800618,0.9629177040442126
2,6,2.161598000444215,0.21509027216383725,3711,2.271250565846761,0.24932614555256064,742,2.273088428038585,0.2339,0.9867683861687594,0.08365259991256256,,,0.8924655536691637,,0.8925005363832913,0.1074994636167087,0.9506624153395958,0.14608385870031984,10,0.025,0.15,0.8636904667138436,0.9201009792960918,0.9555254492174363,0.9698600804373094,0.972371290901642,0.9724941846582189,1.0,0.9783134667107329,0.9789229138088289,0.9716862902937596,0.9703175814700427,0.9741298869397664
2,7,2.1551776136670795,0.21787317620650953,3564,2.272069970766703,0.25666199158485276,713,2.2730843447431734,0.234,0.9827336425264859,0.08367507961835247,,,0.8934960539863969,,0.8935402947632487,0.1064597052367513,0.950679697995962,0.14608410921207096,10,0.025,0.15,0.8467199096967887,0.9085620884099544,0.946356613465845,0.9615078004963531,0.970139851042443,0.9681475877306616,0.9783134667107329,1.0,0.9752834656306414,0.9758668315109439,0.975425062481534,0.9735886775635757
2,8,2.1581974391584042,0.2154606219122348,3441,2.2722498575846353,0.23401162790697674,688,2.2730880236323876,0.2339,0.9808600761973821,0.08331757461490266,,,0.8771075379217028,,0.8771517222029674,0.12284827779703256,0.9506163360116784,0.14608118033849654,10,0.025,0.15,0.8417589703310555,0.9068677666669764,0.9459583691674353,0.9594666323681733,0.9663009164786878,0.9669299824324559,0.9789229138088289,0.9752834656306414,1.0,0.9720568018090002,0.9692419191051618,0.9751487669728199
2,9,2.151959251032935,0.2239352129574085,3334,2.2745222250620523,0.22638680659670166,667,2.273085923134526,0.2339,0.9781959580674688,0.08376802972327788,,,0.8977570133382538,,0.8977983528906933,0.10220164710930668,0.9507522691547041,0.14608471266200634,10,0.025,0.15,0.8422098632789624,0.9050776413641739,0.939804464106573,0.9584606695176023,0.9613829111079562,0.9652595637717948,0.9716862902937596,0.9758668315109439,0.9720568018090002,1.0,0.9630070683490007,0.9718044651098418
2,10,2.174261313218337,0.21481024375192842,3241,2.273610472679138,0.22685185185185186,648,2.2731353995166246,0.2341,0.9717291590316139,0.08188910001863087,,,0.8116243177063116,,0.8116551963162846,0.18834480368371542,0.9498556948344761,0.14601580049668403,10,0.025,0.15,0.8206332073250887,0.8890099014072569,0.9254085820240902,0.9511427037835205,0.9523644153776943,0.9586341364800618,0.9703175814700427,0.975425062481534,0.9692419191051618,0.9630070683490007,1.0,0.9767094036392566
2,11,2.1779294004440306,0.21139601139601139,3159,2.27447395324707,0.2088607594936709,632,2.273091648198381,0.234,0.9752372708809756,0.08286844360305304,,,0.8565187608925071,,0.8565463517684144,0.14345364823158557,0.9505870408787761,0.14606641486076805,10,0.025,0.15,0.8245623295487516,0.892447642573818,0.9332365201801442,0.9496108956209374,0.9582440117149007,0.9629177040442126,0.9741298869397664,0.9735886775635757,0.9751487669728199,0.9718044651098418,0.9767094036392566,1.0
3,0,1.950648210004524,0.29279766252739226,6845,2.2534749507904053,0.24324324324324326,1369,2.2527777333802814,0.2428,0.9199424959353671,0.07857153067154071,,,0.65,,0.6500140284860788,0.3499859715139212,0.9695256652034316,0.14534821286716568,10,0.025,0.15,1.0,0.9521101690046561,0.9306870576294864,0.9218926970691736,0.899384561132299,0.8984701761130647,0.8815756692402313,0.8672772260625723,0.859356657321492,0.8525252714169602,0.8327298195272397,0.8367810509170887
3,1,1.9944094591362531,0.2779481562614093,5478,2.251653856701321,0.25,1096,2.2525211255761644,0.2413,0.9623515968108443,0.0825817982098571,,,0.85407047308993,,0.8541119968312125,0.14588800316878747,0.9711127059840499,0.14574989509863792,10,0.025,0.15,0.9521101690046561,1.0,0.9603408877441544,0.9573886629803073,0.9425726510257029,0.9448907707817502,0.9306091420333169,0.9202051148758761,0.9170852001554314,0.9059273338699967,0.8948318772296525,0.896683545916839
3,2,2.038776776037718,0.25939834024896263,4820,2.2570433914661407,0.241701244813278,964,2.252516861203351,0.242,0.9767625574900289,0.08429446350870895,,,0.9412228673982992,,0.941270155633675,0.058729844366325,0.9714332629312433,0.14577518030445644,10,0.025,0.15,0.9306870576294864,0.9603408877441544,1.0,0.9675405971782333,0.9576692022261195,0.9572344312550102,0.9540334127925041,0.9445092906246529,0.9451848977038826,0.9278888894654247,0.9169256819696852,0.9259348443232751
3,3,2.0449363926478794,0.2588061733999092,4406,2.2514791829245433,0.24290578887627695,881,2.252513469020023,0.2421,0.9819823143462307,0.08505648788951681,,,0.979999999949113,,0.9800300374643098,0.019969962535690167,0.9714858441320317,0.14577617591748473,10,0.025,0.15,0.9218926970691736,0.9573886629803073,0.9675405971782333,1.0,0.9627466303178794,0.966102309586348,0.9615305491821754,0.9512228586739446,0.9523837161329122,0.9403238345027529,0.9347922056453554,0.9319514251392347
3,4,2.0436353452277904,0.253988326848249,4112,2.252997466496059,0.23722627737226276,822,2.252513927749441,0.2421,0.9816297930312124,0.08467243510031007,,,0.960456706730868,,0.9604891815616181,0.03951081843838189,0.9714689398329043,0.14577589084017692,10,0.025,0.15,0.899384561132299,0.9425726510257029,0.9576692022261195,0.9627466303178794,1.0,0.9638729104545248,0.9635554609380965,0.9610940818188243,0.9570372004400902,0.945412232065381,0.9426978803780889,0.9468525029772367
3,5,2.055563453320534,0.26464386731807665,3889,2.2602358886173795,0.24293059125964012,778,2.2525131521345694,0.2414,0.9838982740718084,0.08460533253625666,,,0.9570420587401567,,0.9570810846495355,0.04291891535046455,0.9714778584529572,0.1457758084145229,10,0.025,0.15,0.8984701761130647,0.9448907707817502,0.9572344312550102,0.966102309586348,0.9638729104545248,1.0,0.9671443849960705,0.9614775073215103,0.9624229477260625,0.9478020851979374,0.9472151782261109,0.9527838682283006
3,6,2.0834498964507002,0.24368094853139316,3711,2.2507317860921225,0.25202156334231807,742,2.252518312840522,0.2413,0.9850883542135008,0.08397440148442949,,,0.9249358720572722,,0.9249641035797396,0.07503589642026043,0.9713085576487619,0.14577034050653756,10,0.025,0.15,0.8815756692402313,0.9306091420333169,0.9540334127925041,0.9615305491821754,0.9635554609380965,0.9671443849960705,1.0,0.9693897990340843,0.9733718378868217,0.9542176038763582,0.9607889606674148,0.9667987724373206
3,7,2.0770015456846784,0.24298540965207632,3564,2.2509310245513916,0.26367461430575034,713,2.2525140303599684,0.2413,0.9813553237456486,0.08386656942267662,,,0.9194486222301923,,0.9195012460596458,0.08049875394035422,0.9713019620236267,0.14576993021859075,10,0.025,0.15,0.8672772260625723,0.9202051148758761,0.9445092906246529,0.9512228586739446,0.9610940818188243,0.9614775073215103,0.9693897990340843,1.0,0.9693056063723148,0.961894001553067,0.9653690158061287,0.9673902463106738
3,8,2.079533632154818,0.24370822435338566,3441,2.2519723574320474,0.23546511627906977,688,2.2525185784207116,0.2413,0.9796911561579306,0.08359072752690541,,,0.9054118564458113,,0.9054562558795861,0.09454374412041389,0.9712763132640532,0.14576825448522984,10,0.025,0.15,0.859356657321492,0.9170852001554314,0.9451848977038826,0.9523837161329122,0.9570372004400902,0.9624229477260625,0.9733718378868217,0.9693056063723148,1.0,0.9563450971844929,0.9600819906143144,0.9667241631534726
3,9,2.0739245940137794,0.24853029394121176,3334,2.253654678662618,0.22938530734632684,667,2.2525170513346224,0.2415,0.9685997230396335,0.0835081133473678,,,0.901207868921015,,0.9012559621065835,0.09874403789341646,0.97127695359611,0.1457676301745716,10,0.025,0.15,0.8525252714169602,0.9059273338699967,0.9278888894654247,0.9403238345027529,0.945412232065381,0.9478020851979374,0.9542176038763582,0.961894001553067,0.9563450971844929,1.0,0.9456417222822608,0.9520619159426248
3,10,2.0998811304569243,0.23878432582536255,3241,2.25419549147288,0.2345679012345679,648,2.252594534354874,0.2412,0.9664941560776301,0.08227498583589514,,,0.8384577126678291,,0.8384991170305821,0.1615008829694179,0.9708726991186839,0.1457428922917067,10,0.025,0.15,0.8327298195272397,0.8948318772296525,0.9169256819696852,0.9347922056453554,0.9426978803780889,0.9472151782261109,0.9607889606674148,0.9653690158061287,0.9600819906143144,0.9456417222822608,1.0,0.9647685889504648
3,11,2.1010740098953247,0.2348528015194682,3159,2.2537753105163576,0.22151898734177214,632,2.252526781227015,0.2411,0.9702108266369773,0.08300315446653532,,,0.8755120277538428,,0.8755673284811275,0.1244326715188725,0.9711709344949132,0.14576108636647508,10,0.025,0.15,0.8367810509170887,0.896683545916839,0.9259348443232751,0.9319514251392347,0.9468525029772367,0.9527838682283006,0.9667987724373206,0.9673902463106738,0.9667241631534726,0.9520619159426248,0.9647685889504648,1.0
4,0,1.8988684440100634,0.31111760409057704,6845,2.2276656844399194,0.24324324324324326,1369,2.2266319703452195,0.2498,0.9246078271200732,0.0788964181136388,,,0.65,,0.6500140284860788,0.3499859715139212,0.98198862479222,0.14508940805824116,10,0.025,0.15,1.0,0.945557869355073,0.929268027918216,0.9218214427481394,0.8983202994470362,0.9002311107587286,0.8878082256194012,0.8732389628649749,0.8652839382968465,0.8543202023801726,0.8458199858673806,0.8497835177760249
4,1,1.9424009525498678,0.297626871120847,5478,2.2248869207170276,0.2518248175182482,1096,2.2260103135169307,0.251,0.9622975500836041,0.08261316114303027,,,0.8602227185591197,,0.8602680266046112,0.1397319733953888,0.9836081227038477,0.14553274649513603,10,0.025,0.15,0.945557869355073,1.0,0.955412320389634,0.9519806398430996,0.934705835112128,0.940055952676171,0.9293353401656995,0.9221957092853021,0.9169069998723184,0.9032098624370499,0.9030450791634099,0.9032287074941647
4,2,1.9845109757624175,0.27852697095435686,4820,2.2323486506938934,0.2437759336099585,964,2.22600336919857,0.2503,0.9735637540464179,0.08404284074563877,,,0.9410868327451596,,0.9411381228235216,0.058861877176478394,0.9836408447049205,0.14555372397824115,10,0.025,0.15,0.929268027918216,0.955412320389634,1.0,0.9619750824083545,0.9462122860810812,0.9492389095563185,0.9485037330797139,0.9397258368363864,0.93919728137252,0.9202454658913398,0.9184835107670135,0.9261037331061959
4,3,1.9869879072053092,0.28002723558783477,4406,2.22369156564985,0.2576617480136209,881,2.2259984227675425,0.25,0.9801658787468054,0.08473082653483917,,,0.979999999943439,,0.9800300374643098,0.019969962535690167,0.9836436907373215,0.14555508698808428,10,0.025,0.15,0.9218214427481394,0.9519806398430996,0.9619750824083545,1.0,0.9538766943079201,0.9587135341677535,0.957997500666347,0.9489618305401628,0.9499326612722201,0.9354748329084998,0.9347876153850486,0.934694112489147
4,4,1.9878050020246796,0.27358949416342415,4112,2.226827621459961,0.24574209245742093,822,2.225998241690141,0.25,0.9767540458162798,0.08438133310713922,,,0.9602323006678563,,0.9602746282451189,0.03972537175488111,0.9836473375106413,0.1455547261839012,10,0.025,0.15,0.8983202994470362,0.934705835112128,0.9462122860810812,0.9538766943079201,1.0,0.9547211485472403,0.9539950379430212,0.9518183923343094,0.9525580048805701,0.941638946791454,0.9364638665735817,0.9451876103502185
4,5,1.9972372904900582,0.2850604268449473,3889,2.236499377659389,0.2583547557840617,778,2.2259953323798842,0.2502,0.9808032419689645,0.08447187340977617,,,0.9653533511168626,,0.9653826475879256,0.03461735241207442,0.9836467723555731,0.14555487446955426,10,0.025,0.15,0.9002311107587286,0.940055952676171,0.9492389095563185,0.9587135341677535,0.9547211485472403,1.0,0.9623809514077546,0.9549583628610244,0.9566099702284833,0.9451139805288488,0.9452520248869378,0.9494557670463059
4,6,2.0257606687216922,0.2664780382646187,3711,2.2243442138036094,0.26819407008086255,742,2.2260023068778123,0.2502,0.9821633914593473,0.0841250331386916,,,0.9457357170440763,,0.9457840273307917,0.0542159726692083,0.9836533720621325,0.14555400147276376,10,0.025,0.15,0.8878082256194012,0.9293353401656995,0.9485037330797139,0.957997500666347,0.9539950379430212,0.9623809514077546,1.0,0.9608053007888866,0.9648464021814149,0.9501501335364427,0.9544548627889008,0.96189835137856
4,7,2.0169213784592492,0.2662738496071829,3564,2.2236901124318442,0.2594670406732118,713,2.225996379610858,0.2502,0.9782129516863748,0.08392924172938666,,,0.9346615582956455,,0.9347015233285472,0.06529847667145283,0.9836437454863461,0.14555281138606982,10,0.025,0.15,0.8732389628649749,0.9221957092853021,0.9397258368363864,0.9489618305401628,0.9518183923343094,0.9549583628610244,0.9608053007888866,1.0,0.9610197455335352,0.9551488551209275,0.9583305298948348,0.9596034085231235
4,8,2.0168750475954127,0.2658820110433014,3441,2.225390593210856,0.2616279069767442,688,2.226000972940952,0.2502,0.9772038040826049,0.08372526212471508,,,0.9231242669936703,,0.9231569044907659,0.07684309550923407,0.9836387000601272,0.1455516012029753,10,0.025,0.15,0.8652839382968465,0.9169069998723184,0.93919728137252,0.9499326612722201,0.9525580048805701,0.9566099702284833,0.9648464021814149,0.9610197455335352,1.0,0.9538380585704805,0.9518111354766948,0.961523971391379
4,9,2.0216077822226066,0.26553689262147573,3334,2.2266730467478433,0.24287856071964017,667,2.2259983111031447,0.2509,0.9674021807794038,0.08335414876600776,,,0.9021337227068806,,0.9021719397270221,0.09782806027297786,0.9836530324016771,0.14554806957514183,10,0.025,0.15,0.8543202023801726,0.9032098624370499,0.9202454658913398,0.9354748329084998,0.941638946791454,0.9451139805288488,0.9501501335364427,0.9551488551209275,0.9538380585704805,1.0,0.9466121171252974,0.9538600507030681
4,10,2.038575906019944,0.2617402036408516,3241,2.22893758614858,0.24382716049382716,648,2.2261148977883254,0.2499,0.9667414837848013,0.08256794393752206,,,0.8576651880028202,,0.8577098909078906,0.14229010909210937,0.983531262540404,0.14553154630219314,10,0.025,0.15,0.8458199858673806,0.9030450791634099,0.9184835107670135,0.9347876153850486,0.9364638665735817,0.9452520248869378,0.9544548627889008,0.9583305298948348,0.9518111354766948,0.9466121171252974,1.0,0.9572429270618678
4,11,2.042668927192688,0.2555238999683444,3159,2.2267587661743162,0.22943037974683544,632,2.2260147287875793,0.2502,0.9711062293271749,0.08316191724961453,,,0.8912609150768239,,0.8912957369906421,0.10870426300935787,0.9836414560395031,0.14554422209670523,10,0.025,0.15,0.8497835177760249,0.9032287074941647,0.9261037331061959,0.934694112489147,0.9451876103502185,0.9494557670463059,0.96189835137856,0.9596034085231235,0.961523971391379,0.9538600507030681,0.9572429270618678,1.0
5,0,1.8576706698647252,0.3285463842220599,6845,2.196656118739735,0.2534696859021183,1369,2.195254887206645,0.2623,0.933557274211732,0.07944661599377935,,,0.65,,0.6500140284860788,0.3499859715139212,0.9846577062786505,0.14472509718234253,10,0.025,0.15,1.0,0.9470487691577308,0.9356907579393139,0.9299336344384107,0.9055315218679426,0.9055699035991998,0.896215714356103,0.882576035530121,0.874028640240473,0.8572235381220069,0.8609389392327101,0.8594163130449453
5,1,1.8990642073542572,0.3127053669222344,5478,2.1925436125861273,0.2591240875912409,1096,2.194084825395029,0.264,0.9602874608506664,0.08262594166159343,,,0.8553735814255583,,0.855407568780842,0.144592431219158,0.9879415865242467,0.14523472864173267,10,0.025,0.15,0.9470487691577308,1.0,0.9498173075598239,0.9473577439675748,0.9298772299867453,0.9357335615295024,0.923705935341429,0.9175891106118832,0.9112462826366895,0.8929638189861107,0.9022055213300586,0.9035611721535499
5,2,1.9386561280802677,0.29394190871369297,4820,2.202701598405838,0.262448132780083,964,2.1940558681005164,0.2641,0.9730224227848494,0.08392901023059425,,,0.9395473612833397,,0.9395949893548546,0.06040501064514536,0.9882795102140776,0.1452688072349002,10,0.025,0.15,0.9356907579393139,0.9498173075598239,1.0,0.9571099408054807,0.9427908789780153,0.9453848775759488,0.9435948586483345,0.935221902849778,0.9343408334831037,0.9154165692785007,0.9184926235912927,0.9290974619566629
5,3,1.940168330669403,0.3000453926463913,4406,2.1906669480460033,0.2735527809307605,881,2.1940465939195852,0.2639,0.9791254851160689,0.08455524517037852,,,0.9799999999354034,,0.9800300374643098,0.019969962535690167,0.9882901436837664,0.14527145959896426,10,0.025,0.15,0.9299336344384107,0.9473577439675748,0.9571099408054807,1.0,0.9506084762533153,0.9549966347399657,0.9541491369137834,0.9450226955155222,0.9444604177094507,0.9249083545711186,0.933526380215818,0.9348307364145415
5,4,1.9437366333874788,0.29340953307393,4112,2.1949277945927212,0.26277372262773724,822,2.1940460929387733,0.2638,0.9742868618134594,0.08418034932964737,,,0.9557830088130568,,0.9558267729530788,0.04417322704692117,0.9882849024688531,0.14527042109728186,10,0.025,0.15,0.9055315218679426,0.9298772299867453,0.9427908789780153,0.9506084762533153,1.0,0.9494371756219888,0.9488606202330003,0.9464050615526609,0.9452376277949756,0.9279818851266066,0.9329000490174783,0.9400360826407047
5,5,1.9529399102733982,0.3018256621239393,3889,2.2074151039123535,0.2660668380462725,778,2.1940427882761897,0.2633,0.9780787402862416,0.0843603719993487,,,0.9674118585369587,,0.9674456602465713,0.032554339753428696,0.9882862252175979,0.14527111769222775,10,0.025,0.15,0.9055699035991998,0.9357335615295024,0.9453848775759488,0.9549966347399657,0.9494371756219888,1.0,0.9566597583094643,0.949000231055431,0.9491962348102831,0.9305794603840771,0.942789335827169,0.9442772715111049
5,6,1.97465084256797,0.2838318512530315,3711,2.1925977865854898,0.2803234501347709,742,2.1940541146676753,0.2624,0.9789687104546703,0.08417421425882446,,,0.9553867041878479,,0.9554306745226189,0.04456932547738113,0.9882876999968118,0.14527042087451975,10,0.025,0.15,0.896215714356103,0.923705935341429,0.9435948586483345,0.9541491369137834,0.9488606202330003,0.9566597583094643,1.0,0.9530458957407112,0.9574739942862388,0.935560096379897,0.947281649167091,0.9570332670716932
5,7,1.9662000715732575,0.28383838383838383,3564,2.1907159090042114,0.26788218793828894,713,2.1940471099901804,0.2625,0.9753572537514553,0.08393477294963489,,,0.9399196132549155,,0.9399580795827763,0.06004192041722367,0.988289869628919,0.14526880751406634,10,0.025,0.15,0.882576035530121,0.9175891106118832,0.935221902849778,0.9450226955155222,0.9464050615526609,0.949000231055431,0.9530458957407112,1.0,0.955198570895013,0.9413503790650073,0.9506386035268384,0.9552887009879393
5,8,1.9672165327601963,0.2836384771868643,3441,2.1934839884440103,0.27180232558139533,688,2.1940518693078923,0.2625,0.9737946671884711,0.08375716527609146,,,0.9284467640361208,,0.9284794771500718,0.07152052284992816,0.9882874322038235,0.1452671422514462,10,0.025,0.15,0.874028640240473,0.9112462826366895,0.9343408334831037,0.9444604177094507,0.9452376277949756,0.9491962348102831,0.9574739942862388,0.955198570895013,1.0,0.9431966790104073,0.9438435962396275,0.9544764461096973
5,9,1.9699642278529979,0.2837732453509298,3334,2.193903168042501,0.2608695652173913,667,2.1940512777883794,0.2634,0.9583204098509097,0.08302150153292445,,,0.8809253983614244,,0.8809559175455101,0.11904408245448994,0.9880880644493715,0.14524991945936513,10,0.025,0.15,0.8572235381220069,0.8929638189861107,0.9154165692785007,0.9249083545711186,0.9279818851266066,0.9305794603840771,0.935560096379897,0.9413503790650073,0.9431966790104073,1.0,0.9264897912984575,0.9374646513718653
5,10,1.9898854737098401,0.2838630052452947,3241,2.198855678240458,0.25308641975308643,648,2.1942161366909363,0.2629,0.9647225970837815,0.0827427315568058,,,0.862917809843835,,0.8629581951114852,0.1370418048885148,0.9879641994304219,0.1452393617360798,10,0.025,0.15,0.8609389392327101,0.9022055213300586,0.9184926235912927,0.933526380215818,0.9329000490174783,0.942789335827169,0.947281649167091,0.9506386035268384,0.9438435962396275,0.9264897912984575,1.0,0.9488475978165266
5,11,1.995133457183838,0.27214308325419434,3159,2.193932294845581,0.254746835443038,632,2.1940663886975638,0.2632,0.9696453138781169,0.08327208004037713,,,0.8971119142710103,,0.8971464408905613,0.10285355910943872,0.9881475471869685,0.14525659776613828,10,0.025,0.15,0.8594163130449453,0.9035611721535499,0.9290974619566629,0.9348307364145415,0.9400360826407047,0.9442772715111049,0.9570332670716932,0.9552887009879393,0.9544764461096973,0.9374646513718653,0.9488475978165266,1.0
6,0,1.82153495726762,0.3410518626734843,6845,2.16103120283647,0.2673484295105917,1369,2.1592050624799124,0.2784,0.9384096622583897,0.08000621836320242,,,0.65,,0.6500140284860788,0.3499859715139212,0.988036687496524,0.1444456420715073,10,0.025,0.15,1.0,0.9438033735099353,0.9325635497892296,0.9286593163076411,0.9067942113884231,0.9063554157746725,0.9015403518037968,0.8869894216443324,0.8797100250709474,0.8672134453036943,0.8690203494027342,0.8652866539822076
6,1,1.8620706666347593,0.32920774005111353,5478,2.155591275956896,0.26733576642335766,1096,2.1574149976802777,0.2788,0.9596261891170575,0.08267398138118258,,,0.8497376376711467,,0.8497714181974221,0.15022858180257792,0.9909283762729263,0.14494269580185193,10,0.025,0.15,0.9438033735099353,1.0,0.9439249477428845,0.9424623684542202,0.9263169096345378,0.9309426530067612,0.9197318979632045,0.914377258234271,0.9086184222631623,0.8961208328510621,0.9016995846966597,0.9029220379848208
6,2,1.896108618221785,0.312448132780083,4820,2.168524205684662,0.27593360995850624,964,2.1573405597783344,0.2789,0.9720096554319966,0.08388791091926259,,,0.9406255526025513,,0.9406842600386196,0.0593157399613804,0.9912680950816952,0.14497579264557667,10,0.025,0.15,0.9325635497892296,0.9439249477428845,1.0,0.9510450746987275,0.9392788630315086,0.9396487443488879,0.9401805641466647,0.9318293049772892,0.931594809499158,0.915653034104499,0.9167530129364043,0.9300592221111169
6,3,1.900995331151145,0.31622787108488426,4406,2.1531408514295305,0.2883087400681044,881,2.157327135906944,0.2792,0.9762017425918272,0.08441380927094694,,,0.9799999999251291,,0.9800300374643098,0.019969962535690167,0.9912940754845457,0.1449776802257573,10,0.025,0.15,0.9286593163076411,0.9424623684542202,0.9510450746987275,1.0,0.9438601942298734,0.9487158442665249,0.9463607923951682,0.9387544842195136,0.9385705848202671,0.9243272601581478,0.9265457092043701,0.9310843531628568
6,4,1.9054649089321947,0.3067607003891051,4112,2.1579302038465227,0.27858880778588807,822,2.157327380361436,0.279,0.9709007503537894,0.08400774685188682,,,0.9495977686236745,,0.9496294829265073,0.050370517073492715,0.9912765248920137,0.14497649498778264,10,0.025,0.15,0.9067942113884231,0.9263169096345378,0.9392788630315086,0.9438601942298734,1.0,0.9409810647756484,0.9411689400188714,0.93913561510099,0.9383854609443583,0.9209835825875071,0.9272012207120991,0.9341178964368275
6,5,1.9080617931581312,0.31846232964772436,3889,2.174123900277274,0.2802056555269923,778,2.1573225818102872,0.279,0.9744494919849296,0.08423552502124597,,,0.9666517097549603,,0.9666782195375551,0.03332178046244494,0.9912938830163266,0.1449773542343856,10,0.025,0.15,0.9063554157746725,0.9309426530067612,0.9396487443488879,0.9487158442665249,0.9409810647756484,1.0,0.950282754542983,0.9415080799013156,0.9414307825115527,0.9240617343693418,0.9380132324385612,0.9372260742568594
6,6,1.9368313127550585,0.2989490703314471,3711,2.1559959650039673,0.3045822102425876,742,2.1573343337336675,0.2786,0.9753996408152394,0.08415097731222346,,,0.9603215524070825,,0.9603654008020993,0.03963459919790069,0.9912870982494798,0.14497711602084884,10,0.025,0.15,0.9015403518037968,0.9197318979632045,0.9401805641466647,0.9463607923951682,0.9411689400188714,0.950282754542983,1.0,0.9432619554716546,0.9495577405616334,0.9296662506484235,0.9382976674468632,0.9499359841472548
6,7,1.9232079603842327,0.30115039281705946,3564,2.152800361315409,0.2847124824684432,713,2.1573257536827763,0.2787,0.9718080612388335,0.08388490066999288,,,0.9404001727341441,,0.9404449505702167,0.05955504942978329,0.9912680833848165,0.14497579237293892,10,0.025,0.15,0.8869894216443324,0.914377258234271,0.9318293049772892,0.9387544842195136,0.93913561510099,0.9415080799013156,0.9432619554716546,1.0,0.9495908217711044,0.934866660788888,0.9392774884272607,0.9485019846605756
6,8,1.9223905174820513,0.2963092124382447,3441,2.1564966837565103,0.2877906976744186,688,2.1573329152940195,0.2787,0.97072091354126,0.08373907612660751,,,0.9294821677936905,,0.9295274875806638,0.07047251241933616,0.9912383840596611,0.14497447203169508,10,0.025,0.15,0.8797100250709474,0.9086184222631623,0.931594809499158,0.9385705848202671,0.9383854609443583,0.9414307825115527,0.9495577405616334,0.9495908217711044,1.0,0.9356829912102822,0.93324365447428,0.948727713980766
6,9,1.9307847023010254,0.302129574085183,3334,2.156826615333557,0.27886056971514245,667,2.157359584977355,0.2788,0.9576494992696349,0.08285501455194132,,,0.8632917418489776,,0.8633295373900415,0.13667046260995852,0.9910832130305609,0.14495012714731406,10,0.025,0.15,0.8672134453036943,0.8961208328510621,0.915653034104499,0.9243272601581478,0.9209835825875071,0.9240617343693418,0.9296662506484235,0.934866660788888,0.9356829912102822,1.0,0.9190131388812387,0.9367087579908799
