round,client_id,client_i_training_loss,client_i_training_accuracy,client_i_training_dataset_size,client_i_evaluation_loss,client_i_evaluation_accuracy,client_i_evaluation_dataset_size,client_i_central_evaluation_loss,client_i_central_evaluation_accuracy,client_i_cosine_similarity,client_i_importance_coefficient,client_i_tanh_val,tanh_normalization_value,client_i_q,client_i_mask_order,client_i_v_nonzero_fraction,client_i_v_sparsity,client_i_v_cosine_similarity,client_i_reward_gradient_norm,local_epochs,learning_rate,gamma,client_0_cosine_similarity,client_1_cosine_similarity,client_2_cosine_similarity,client_3_cosine_similarity,client_4_cosine_similarity,client_5_cosine_similarity,client_6_cosine_similarity,client_7_cosine_similarity,client_8_cosine_similarity,client_9_cosine_similarity,client_10_cosine_similarity,client_11_cosine_similarity
0,0,2.267022422949473,0.15221329437545653,6845,2.2980616092681885,0.1110299488677867,1369,2.297885734823686,0.1074,0.9048015084414474,0.08112320014939843,,,0.6294054960515647,,0.6294499183046988,0.37055008169530124,0,0.13956666615794439,10,0.025,0.15,1.0,0.9220779626081728,0.9111613863603333,0.8784977252342596,0.8375377037078463,0.799138334211429,0.7922353878091438,0.7902233485357876,0.7383363262042605,0.7430519744785519,0.7301099197446028,0.7320229001642378
0,1,2.2923735823742177,0.13123402701715955,5478,2.297099086973402,0.11678832116788321,1096,2.2978611777100384,0.1076,0.9702156050841468,0.08698813384483249,,,0.9788532905959251,,0.9788912544767374,0.021108745523262584,0,0.13979897234614874,10,0.025,0.15,0.9220779626081728,1.0,0.9642219352870322,0.9173468505039835,0.9165287336378733,0.9007309232393923,0.8930707263839256,0.872320042009724,0.8324653856366091,0.8112177743266479,0.8664531739813889,0.8422237612693336
0,2,2.2925952917651125,0.1334439834024896,4820,2.297737419605255,0.10269709543568464,964,2.297861132440688,0.1076,0.9741741159413676,0.08734304822723338,,,0.9999999999404174,,1.0,0.0,0,0.13979898539651023,10,0.025,0.15,0.9111613863603333,0.9642219352870322,1.0,0.9460130285803026,0.9165663657407699,0.8825682418448939,0.9044152577066517,0.8998399488954935,0.8431466091742732,0.8305382905142187,0.8684360863391583,0.8356179101935116
0,3,2.2935988548823767,0.12909668633681343,4406,2.2982187611716136,0.1112372304199773,881,2.2978611445125146,0.1076,0.9649687721371497,0.08651771035930704,,,0.9508242525785442,,0.9508672905216946,0.04913270947830539,0,0.13979880995143673,10,0.025,0.15,0.8784977252342596,0.9173468505039835,0.9460130285803026,1.0,0.895651783952492,0.8777764690200961,0.906312118586235,0.9285828302059104,0.8313053505116904,0.8457886234604157,0.8531665708636101,0.869899604666753
0,4,2.295967124447678,0.1599464980544747,4112,2.2993483202798024,0.10583941605839416,822,2.2978613919849638,0.1076,0.9494960420158459,0.0851304476604967,,,0.868167582319793,,0.8682064993150798,0.13179350068492024,0,0.13979342179957485,10,0.025,0.15,0.8375377037078463,0.9165287336378733,0.9165663657407699,0.895651783952492,1.0,0.8533383237647238,0.8724326186863585,0.8568765783036779,0.8838183979577653,0.865790705158507,0.8792116097834645,0.8322205439600396
0,5,2.296972312465791,0.12306505528413474,3889,2.2983669553484236,0.11439588688946016,778,2.2978653968135014,0.1076,0.9291790478323004,0.08330885522258734,,,0.7596324320449186,,0.7596837814196828,0.24031621858031715,0,0.13975658948241512,10,0.025,0.15,0.799138334211429,0.9007309232393923,0.8825682418448939,0.8777764690200961,0.8533383237647238,1.0,0.885401469668971,0.8636655285647418,0.7834872322801135,0.8557100644839948,0.8251269658885518,0.8827959331077465
0,6,2.297133785280688,0.134357316087308,3711,2.2980719010035195,0.1078167115902965,742,2.297862614257426,0.1076,0.9372093378478118,0.08402883946013373,,,0.8025309398512663,,0.8025779406182436,0.1974220593817564,0,0.13977776820586862,10,0.025,0.15,0.7922353878091438,0.8930707263839256,0.9044152577066517,0.906312118586235,0.8724326186863585,0.885401469668971,1.0,0.9348439082902761,0.8007676149269398,0.7998455391098106,0.8498292420124338,0.8724524230967421
0,7,2.296660508428301,0.11422558922558923,3564,2.29691743850708,0.11079943899018233,713,2.2978647238091576,0.1076,0.9308140184550175,0.08345544433393126,,,0.7683665873352387,,0.7684227030417059,0.2315772969582941,0,0.13976160948328162,10,0.025,0.15,0.7902233485357876,0.872320042009724,0.8998399488954935,0.9285828302059104,0.8568765783036779,0.8636655285647418,0.9348439082902761,1.0,0.7984127911780166,0.8380706224268556,0.8248743417894372,0.83223967212908
0,8,2.2971031374401516,0.11444347573379832,3441,2.297510027885437,0.10174418604651163,688,2.2979053032549124,0.1072,0.8940816025010362,0.0801620688216173,,,0.5721388260085456,,0.5721889389513294,0.4278110610486706,0,0.13935607071054343,10,0.025,0.15,0.7383363262042605,0.8324653856366091,0.8431466091742732,0.8313053505116904,0.8838183979577653,0.7834872322801135,0.8007676149269398,0.7984127911780166,1.0,0.874545926004157,0.8580850733648501,0.8505287463114127
0,9,2.297506163738392,0.10965806838632274,3334,2.297586520512899,0.10794602698650675,667,2.297917423369009,0.1073,0.8899373745886318,0.07979050331551883,,,0.55,,0.5500404350481095,0.4499595649518905,0,0.13924842746196683,10,0.025,0.15,0.7430519744785519,0.8112177743266479,0.8305382905142187,0.8457886234604157,0.865790705158507,0.8557100644839948,0.7998455391098106,0.8380706224268556,0.874545926004157,1.0,0.776435729379057,0.7939730750899354
0,10,2.2980595148526706,0.12360382597963591,3241,2.3012388944625854,0.08179012345679013,648,2.297885861577867,0.1074,0.9047078824696332,0.08111480577960595,,,0.6289053379657441,,0.6289465432159892,0.3710534567840108,0,0.13956530363494749,10,0.025,0.15,0.7301099197446028,0.8664531739813889,0.8684360863391583,0.8531665708636101,0.8792116097834645,0.8251269658885518,0.8498292420124338,0.8248743417894372,0.8580850733648501,0.776435729379057,1.0,0.8768667659245157
0,11,2.298184413909912,0.11187084520417853,3159,2.298301029205322,0.10759493670886076,632,2.2978893593896794,0.1073,0.9038394438682975,0.08103694282533769,,,0.6242660634131716,,0.6243006387087191,0.3756993612912809,0,0.13954367303320475,10,0.025,0.15,0.7320229001642378,0.8422237612693336,0.8356179101935116,0.869899604666753,0.8322205439600396,0.8827959331077465,0.8724524230967421,0.83223967212908,0.8505287463114127,0.7939730750899354,0.8768667659245157,1.0
1,0,2.113732475042343,0.21782322863403944,6845,2.288911884481257,0.16143170197224252,1369,2.2888160717638235,0.1602,0.9109705033696889,0.07992576188138549,,,0.55,,0.5500404350481095,0.4499595649518905,0.8693672492226526,0.1454887835989745,10,0.025,0.15,1.0,0.9535731527191993,0.9310724497005112,0.9072323396856721,0.8986565553157221,0.8680087815047783,0.8593397398392233,0.8495228713963723,0.8408262340788712,0.8475548461300741,0.8383497754718099,0.8417842165660652
1,1,2.189578181366588,0.1938846294267981,5478,2.2885511186387806,0.1687956204379562,1096,2.2886902984184556,0.1609,0.9679944479756823,0.0854161369287404,,,0.9496268255791998,,0.9496707431796801,0.050329256820319856,0.8738191567117644,0.14606221531153452,10,0.025,0.15,0.9535731527191993,1.0,0.978718009791803,0.9651997405228578,0.9639063150082716,0.9419002635199305,0.9269193117406335,0.9251084830421619,0.9122309354618127,0.91652662716709,0.9079498697059357,0.9097528232426586
1,2,2.193081120127126,0.18730290456431536,4820,2.287867546081543,0.16804979253112035,964,2.288690241077278,0.1609,0.9824852556621658,0.08610820162959111,,,0.9999999999272131,,1.0,0.0,0.8738246362862311,0.14606241316273896,10,0.025,0.15,0.9310724497005112,0.978718009791803,1.0,0.9798244540757174,0.9799069942172003,0.9627465287168704,0.9502920491872542,0.9503638946674736,0.9348380740520135,0.9398519678168303,0.9336856875153341,0.9311190577501529
1,3,2.2141960324559893,0.17153881071266455,4406,2.2889206068856374,0.1623155505107832,881,2.288690292382542,0.1608,0.9857225829591076,0.08570262361550193,,,0.9704792744945746,,0.9705319271839052,0.02946807281609476,0.8738203562401503,0.14606237354595009,10,0.025,0.15,0.9072323396856721,0.9651997405228578,0.9798244540757174,1.0,0.9797106177389889,0.9691271141069276,0.9564820999554862,0.9635506720878324,0.9469043003876599,0.9543946016378588,0.9450806215481975,0.9445882707603984
1,4,2.2366799831390383,0.19012645914396886,4112,2.2902545588357106,0.14233576642335766,822,2.2886918285225013,0.1607,0.9871124389543582,0.08488886182672292,,,0.9112481586559436,,0.9112904556782361,0.08870954432176392,0.8736955931593181,0.14605931439885886,10,0.025,0.15,0.8986565553157221,0.9639063150082716,0.9799069942172003,0.9797106177389889,1.0,0.9723271937901159,0.9611238255651435,0.9640989171713109,0.9540207176569035,0.9608085469869401,0.9481499691779803,0.9464259611051371
1,5,2.2519997527522424,0.15723836461815377,3889,2.2902213845934187,0.16709511568123395,778,2.288702901405624,0.1612,0.9870155998597704,0.08375768772305164,,,0.8289136164200115,,0.8289597464970045,0.17104025350299545,0.8733335220749416,0.1460332281133811,10,0.025,0.15,0.8680087815047783,0.9419002635199305,0.9627465287168704,0.9691271141069276,0.9723271937901159,1.0,0.9776117086550373,0.9788681956173793,0.9636041490560935,0.9697933552252316,0.9590486402678741,0.9684396568836207
1,6,2.2597164614447234,0.1709781729991916,3711,2.2891027530034385,0.15363881401617252,742,2.2886972698984267,0.1604,0.9831027823130072,0.0840760100993083,,,0.8520832832710152,,0.8521150005776436,0.14788499942235644,0.8733951127614686,0.14603769625693286,10,0.025,0.15,0.8593397398392233,0.9269193117406335,0.9502920491872542,0.9564820999554862,0.9611238255651435,0.9776117086550373,1.0,0.9837755334499377,0.9663206544373557,0.962798007411134,0.9700682667512289,0.9727930107818098
1,7,2.253270321232932,0.16026936026936026,3564,2.2875998814900718,0.1767180925666199,713,2.2887020382700087,0.1611,0.9826669443319772,0.08370673133584405,,,0.8252046641012507,,0.8252628278127114,0.17473717218728857,0.8733316904849154,0.14603247418457854,10,0.025,0.15,0.8495228713963723,0.9251084830421619,0.9503638946674736,0.9635506720878324,0.9640989171713109,0.9788681956173793,0.9837755334499377,1.0,0.9668773278651269,0.9704880371205193,0.9639940447459228,0.9653583429338961
1,8,2.2568348319442184,0.16861377506538797,3441,2.288778821627299,0.1438953488372093,688,2.2887938596025297,0.1603,0.974576674511603,0.08140363614658248,,,0.65756973724234,,0.6576141671205294,0.34238583287947055,0.8699520198989135,0.14584007317123493,10,0.025,0.15,0.8408262340788712,0.9122309354618127,0.9348380740520135,0.9469043003876599,0.9540207176569035,0.9636041490560935,0.9663206544373557,0.9668773278651269,1.0,0.965130815557418,0.9700705341761636,0.9700972766585012
1,9,2.2557166894276937,0.17072585482903418,3334,2.288779060045878,0.15892053973013492,667,2.2888165395471116,0.1599,0.9749835501404848,0.08118680575431701,,,0.641787347040802,,0.6418362463072074,0.35816375369279263,0.8693318868722949,0.1458127389051837,10,0.025,0.15,0.8475548461300741,0.91652662716709,0.9398519678168303,0.9543946016378588,0.9608085469869401,0.9697933552252316,0.962798007411134,0.9704880371205193,0.965130815557418,1.0,0.9534952647382373,0.9534303258407335
1,10,2.272262586080111,0.16294353594569577,3241,2.29239555199941,0.15123456790123457,648,2.288753844514678,0.1606,0.9722801361519621,0.08191876802901271,,,0.6950645380810199,,0.6951114852040732,0.3048885147959268,0.8719275996355774,0.14589679860345378,10,0.025,0.15,0.8383497754718099,0.9079498697059357,0.9336856875153341,0.9450806215481975,0.9481499691779803,0.9590486402678741,0.9700682667512289,0.9639940447459228,0.9700705341761636,0.9534952647382373,1.0,0.9738040291541005
1,11,2.2723145093917845,0.14973092750870529,3159,2.2895676136016845,0.1661392405063291,632,2.288758809053445,0.1607,0.9734529234497209,0.08190877502994197,,,0.694337179665208,,0.6943853047482299,0.3056146952517701,0.8719781662087928,0.1458960053108901,10,0.025,0.15,0.8417842165660652,0.9097528232426586,0.9311190577501529,0.9445882707603984,0.9464259611051371,0.9684396568836207,0.9727930107818098,0.9653583429338961,0.9700972766585012,0.9534303258407335,0.9738040291541005,1.0
2,0,2.014553745366909,0.2547991234477721,6845,2.27485990524292,0.19211102994886778,1369,2.274994174136391,0.1912,0.9234114914881876,0.07947563883158187,,,0.55,,0.5500404350481095,0.4499595649518905,0.9567101143658204,0.14598755377761574,10,0.025,0.15,1.0,0.9623708926579034,0.942359110062298,0.9276582685822801,0.9174620532549411,0.8908525931478991,0.883470404670176,0.8729865244210439,0.8681364955373817,0.8619948370589366,0.8533726262417641,0.8468340716018036
2,1,2.0801378374875976,0.23921139101861993,5478,2.27551351653205,0.18795620437956204,1096,2.274676588517201,0.1987,0.9656802447302242,0.08424631932876253,,,0.9271299401422639,,0.9271674010991732,0.07283259890082683,0.9606047840212912,0.14661007964043302,10,0.025,0.15,0.9623708926579034,1.0,0.9697647822059697,0.9640327690782751,0.9575698960673349,0.942881811231772,0.9364957579689179,0.9271348318289728,0.9234108570846568,0.917576727558933,0.9113563767134811,0.9092773992058986
2,2,2.080711121308176,0.2324896265560166,4820,2.2728041112422943,0.21058091286307054,964,2.274675740471369,0.1987,0.9808547326234208,0.08516812302560882,,,0.9999999999209483,,1.0,0.0,0.9606346254283263,0.1466111365472868,10,0.025,0.15,0.942359110062298,0.9697647822059697,1.0,0.9759850108082763,0.9720152353216748,0.9617448444459538,0.958381819017109,0.9500040449150275,0.9485712725514699,0.9432066228369813,0.9398830209230654,0.9380832836893833
2,3,2.1034803002221243,0.2200635497049478,4406,2.274632385798863,0.20771850170261066,881,2.2746758219561998,0.1987,0.9872953533737897,0.08512694146331967,,,0.9967445314127871,,0.9967817002525128,0.003218299747487219,0.9606348061714304,0.1466111364656301,10,0.025,0.15,0.9276582685822801,0.9640327690782751,0.9759850108082763,1.0,0.9785641606335104,0.9710578035040999,0.965940963629413,0.9652128419246353,0.9598328186946772,0.9586605005030786,0.9559377566273798,0.9532011218174115
2,4,2.12075398943641,0.22786964980544747,4112,2.2763456957680837,0.18856447688564476,822,2.274678486811964,0.1987,0.9885104177483346,0.08466328787751758,,,0.9600919722729271,,0.960134343384331,0.03986565661566899,0.9606285984053342,0.14661104148113596,10,0.025,0.15,0.9174620532549411,0.9575698960673349,0.9720152353216748,0.9785641606335104,1.0,0.9740346342408877,0.9720090895537896,0.9673205908321098,0.9665556292910307,0.9623687143267063,0.9622935965811571,0.9606353684342729
2,5,2.1427172745427776,0.2039856004114168,3889,2.277642624718802,0.2043701799485861,778,2.274693908570688,0.1985,0.9886488132101993,0.08396831852210401,,,0.9051535307732889,,0.9051921902592794,0.09480780974072056,0.9604190760344735,0.14660908783109977,10,0.025,0.15,0.8908525931478991,0.942881811231772,0.9617448444459538,0.9710578035040999,0.9740346342408877,1.0,0.9794006391409988,0.9778137735695079,0.9742386405565742,0.9737540919796575,0.9725211191711205,0.9751186088879247
2,6,2.157741934266584,0.21309620048504446,3711,2.2754263480504355,0.18867924528301888,742,2.274685835536522,0.1981,0.9874032707471934,0.08412461998640414,,,0.9175094120590905,,0.9175620141605189,0.08243798583948114,0.9604331133495159,0.1466097330666881,10,0.025,0.15,0.883470404670176,0.9364957579689179,0.958381819017109,0.965940963629413,0.9720090895537896,0.9794006391409988,1.0,0.9812601659243083,0.9756333435800474,0.9724578072911323,0.9771468881307398,0.9767775248643314
2,7,2.1437815781150547,0.20723905723905725,3564,2.2735483646392822,0.21037868162692847,713,2.274694110773787,0.1975,0.9850910856638568,0.08382102181278568,,,0.8935094898023617,,0.8935485468138833,0.1064514531861167,0.9605442704239044,0.14659119468395831,10,0.025,0.15,0.8729865244210439,0.9271348318289728,0.9500040449150275,0.9652128419246353,0.9673205908321098,0.9778137735695079,0.9812601659243083,1.0,0.9773880355825518,0.9751869228540441,0.9787851487418902,0.9792263350962674
2,8,2.147734555050179,0.2130485324033711,3441,2.275267481803894,0.17732558139534885,688,2.274838743330557,0.1954,0.9826288830729559,0.08231674542600018,,,0.7745940302487189,,0.774628245118912,0.22537175488108796,0.9595105835249352,0.14653336340695022,10,0.025,0.15,0.8681364955373817,0.9234108570846568,0.9485712725514699,0.9598328186946772,0.9665556292910307,0.9742386405565742,0.9756333435800474,0.9773880355825518,1.0,0.9735875410258038,0.9784378119025056,0.978389452187875
2,9,2.141479875864806,0.20512897420515896,3334,2.2751109997431436,0.19940029985007496,667,2.2748757615874085,0.1955,0.9792813640409526,0.08207372006832964,,,0.7553824861837775,,0.7554257232922381,0.24457427670776188,0.9592970627945377,0.1465220535891293,10,0.025,0.15,0.8619948370589366,0.917576727558933,0.9432066228369813,0.9586605005030786,0.9623687143267063,0.9737540919796575,0.9724578072911323,0.9751869228540441,0.9735875410258038,1.0,0.973021936881062,0.9732173123264151
2,10,2.181131868637525,0.20086393088552915,3241,2.278329531351725,0.18518518518518517,648,2.274776135818868,0.1952,0.9793106991326862,0.08252729140522766,,,0.7912380273871105,,0.7912643791982308,0.20873562080176922,0.9597697206149793,0.14654150881443725,10,0.025,0.15,0.8533726262417641,0.9113563767134811,0.9398830209230654,0.9559377566273798,0.9622935965811571,0.9725211191711205,0.9771468881307398,0.9787851487418902,0.9784378119025056,0.973021936881062,1.0,0.9825972494321609
2,11,2.177899658203125,0.18730610952833174,3159,2.2759959220886232,0.20727848101265822,632,2.2747831857657133,0.1952,0.9782924297508626,0.08248797225235825,,,0.788129785328803,,0.7881781122608968,0.21182188773910315,0.9597606960488235,0.14654002957871967,10,0.025,0.15,0.8468340716018036,0.9092773992058986,0.9380832836893833,0.9532011218174115,0.9606353684342729,0.9751186088879247,0.9767775248643314,0.9792263350962674,0.978389452187875,0.9732173123264151,0.9825972494321609,1.0
3,0,1.947510752413008,0.2829218407596786,6845,2.2554616061123935,0.21621621621621623,1369,2.2558103452754925,0.2167,0.9332382534422518,0.07953777190322925,,,0.55,,0.5500404350481095,0.4499595649518905,0.9787521101503512,0.14574547334510327,10,0.025,0.15,1.0,0.9590780575425223,0.9438218350448083,0.9316214652859488,0.9225091624766116,0.9035968478268016,0.8982848753579363,0.8870545201717112,0.8764469928209965,0.8786799885908769,0.8740694978836,0.8640122436569388
3,1,2.0044814786245655,0.2690215407082877,5478,2.2572216192881265,0.22445255474452555,1096,2.2551711058314843,0.2266,0.9665647897626005,0.08357344267798784,,,0.8993615614565562,,0.8993909986631679,0.10060900133683215,0.9816400124900606,0.1464939149192805,10,0.025,0.15,0.9590780575425223,1.0,0.9635385552566275,0.9595825752920911,0.9536232447462618,0.9446834766588039,0.9397686139607546,0.9299678932749692,0.9213407149675086,0.9231647821179924,0.9188182580864463,0.9135472090043079
3,2,2.0072823656232734,0.26074688796680495,4820,2.2519273459911346,0.23858921161825727,964,2.255170194408562,0.2269,0.9796045464521286,0.08456809077756886,,,0.9854666558916204,,0.9854928949844036,0.014507105015596378,0.9817690458525657,0.1465107999036291,10,0.025,0.15,0.9438218350448083,0.9635385552566275,1.0,0.9713380086185721,0.9692458891780009,0.9591256904876135,0.9547125787004411,0.9473072992910971,0.9464880233016655,0.9438163131224422,0.942143926351859,0.9375350348933087
3,3,2.028054852145059,0.2520199727644122,4406,2.2548210280282155,0.22701475595913734,881,2.2551703121088726,0.2269,0.9855440915146246,0.08473597356205094,,,0.9999999999134315,,1.0,0.0,0.9817690498077535,0.14651080605820946,10,0.025,0.15,0.9316214652859488,0.9595825752920911,0.9713380086185721,1.0,0.9721508848679704,0.9666643475977854,0.9630554656591543,0.9611808756357831,0.9553817452479588,0.9582733109660503,0.9582262895942146,0.9510630998428734
3,4,2.036932690938314,0.2602626459143969,4112,2.25700695174081,0.22506082725060828,822,2.2551747454872615,0.227,0.9870131710008225,0.08449701802602952,,,0.9793140015150301,,0.9793616213629087,0.02063837863709128,0.9817641709686481,0.14651078735548015,10,0.025,0.15,0.9225091624766116,0.9536232447462618,0.9692458891780009,0.9721508848679704,1.0,0.9694106276022078,0.970552051021962,0.9639994762893747,0.9627553955337117,0.9617553709499232,0.9612215428773501,0.9585163343592885
3,5,2.0625240291318585,0.238750321419388,3889,2.2594830649239674,0.2275064267352185,778,2.2551950050305716,0.227,0.9859138581647762,0.08403137798192174,,,0.93900428797158,,0.9390503540129722,0.06094964598702779,0.9817604182509811,0.1465100874751255,10,0.025,0.15,0.9035968478268016,0.9446834766588039,0.9591256904876135,0.9666643475977854,0.9694106276022078,1.0,0.9732065495126099,0.9708363703009816,0.9650984459695513,0.9677187040666545,0.9657067368540126,0.9668067375377559
3,6,2.0758301582829706,0.24626785233090812,3711,2.2562650442123413,0.22776280323450135,742,2.2551846594750127,0.2267,0.9850645368373708,0.08410040516104778,,,0.9449798604174902,,0.94502483867241,0.05497516132758995,0.9817651856101303,0.1465102820176224,10,0.025,0.15,0.8982848753579363,0.9397686139607546,0.9547125787004411,0.9630554656591543,0.970552051021962,0.9732065495126099,1.0,0.9744970764889965,0.9659639343283534,0.965185675982216,0.9696452967331554,0.9679424136939279
3,7,2.062353694013187,0.2403759820426487,3564,2.254112124443054,0.2426367461430575,713,2.255193076556242,0.2272,0.9828779406091339,0.08384144134644857,,,0.922561777358042,,0.9225957650476143,0.07740423495238569,0.9816481516660661,0.14650936426727215,10,0.025,0.15,0.8870545201717112,0.9299678932749692,0.9473072992910971,0.9611808756357831,0.9639994762893747,0.9708363703009816,0.9744970764889965,1.0,0.9706716442806458,0.9667863896592509,0.9731190515946135,0.9719272193234232
3,8,2.060372489470023,0.25018889857599536,3441,2.2565454244613647,0.20203488372093023,688,2.255407116081141,0.2253,0.9785024334564387,0.08276857532824713,,,0.829685482865226,,0.8297189351553861,0.17028106484461392,0.9811531793642226,0.14647372925039726,10,0.025,0.15,0.8764469928209965,0.9213407149675086,0.9464880233016655,0.9553817452479588,0.9627553955337117,0.9650984459695513,0.9659639343283534,0.9706716442806458,1.0,0.9643586025138146,0.967743203809741,0.9701277833497208
3,9,2.062379069681521,0.24097180563887222,3334,2.2561080058415732,0.2353823088455772,667,2.255461967444118,0.2248,0.9784381343233142,0.08261616581069718,,,0.8164916348028113,,0.8165404102919576,0.18345958970804244,0.9810851627373807,0.14646733625257105,10,0.025,0.15,0.8786799885908769,0.9231647821179924,0.9438163131224422,0.9582733109660503,0.9617553709499232,0.9677187040666545,0.965185675982216,0.9667863896592509,0.9643586025138146,1.0,0.9689835009572458,0.9670914403786911
3,10,2.099628890936191,0.23412526997840172,3241,2.2583067814509072,0.21450617283950618,648,2.2553114408179176,0.2243,0.9791571172368342,0.08292011489430212,,,0.8428040206187388,,0.8428396956643726,0.15716030433562744,0.9812165853484951,0.14647930456959896,10,0.025,0.15,0.8740694978836,0.9188182580864463,0.942143926351859,0.9582262895942146,0.9612215428773501,0.9657067368540126,0.9696452967331554,0.9731190515946135,0.967743203809741,0.9689835009572458,1.0,0.9743261996338889
3,11,2.088445236206055,0.22871161760050648,3159,2.2571366310119627,0.23575949367088608,632,2.255322715904139,0.2242,0.9765100293187173,0.08280962253046896,,,0.8332388734815598,,0.8332673169282566,0.16673268307174338,0.9812054885194511,0.14647521254114826,10,0.025,0.15,0.8640122436569388,0.9135472090043079,0.9375350348933087,0.9510630998428734,0.9585163343592885,0.9668067375377559,0.9679424136939279,0.9719272193234232,0.9701277833497208,0.9670914403786911,0.9743261996338889,1.0
4,0,1.8979243494846203,0.3057414170927684,6845,2.2305256886915727,0.25639152666179693,1369,2.2310203962688204,0.2564,0.9381097081267558,0.079804005868244,,,0.55,,0.5500404350481095,0.4499595649518905,0.9848164871825618,0.14532904998365814,10,0.025,0.15,1.0,0.9558210515760974,0.94454159501826,0.9309313935454069,0.9208186560043142,0.9089937682005075,0.9042996775068749,0.8937952249154922,0.8821479942634178,0.8771006389347047,0.8825787170717482,0.8714027325442785
4,1,1.9489227699678997,0.292898868200073,5478,2.2332411342196994,0.2645985401459854,1096,2.2298461153537414,0.2642,0.9666060638976468,0.08323078932761509,,,0.8810780471562092,,0.8811292106088363,0.11887078939116369,0.9883629508991915,0.1461580355999797,10,0.025,0.15,0.9558210515760974,1.0,0.959651931306353,0.9552325870225012,0.9474275299581912,0.9433113042149472,0.939517551370645,0.9300493975909355,0.9197718044379974,0.9173949295116539,0.9198528589623721,0.9147164136431772
4,2,1.950105154200604,0.2819709543568465,4820,2.2248809337615967,0.28526970954356845,964,2.2298458527915086,0.265,0.9776455766533528,0.08420622385652266,,,0.9753194729096544,,0.9753676288557707,0.024632371144229337,0.9884127053733395,0.14617371345623323,10,0.025,0.15,0.94454159501826,0.959651931306353,1.0,0.9660678822183995,0.9591229310342099,0.955198755607381,0.9518318098536334,0.9450677896076418,0.9399702267369008,0.9329200150860996,0.9416805927778561,0.9346473666746689
4,3,1.9706584085736956,0.2769178393100318,4406,2.229036978312901,0.2690124858115778,881,2.229846266251576,0.265,0.9822961068081906,0.08446167667919433,,,0.9999999999033852,,1.0,0.0,0.9884123207875001,0.14617387081109914,10,0.025,0.15,0.9309313935454069,0.9552325870225012,0.9660678822183995,1.0,0.9652553538819939,0.9600457179474543,0.9562075997706873,0.9535415989009667,0.9514134607776291,0.9485978053069998,0.9518913542458848,0.9453355929590505
4,4,1.9769447008768717,0.29039396887159535,4112,2.2320148263658797,0.25669099756691,822,2.2298530868337125,0.2652,0.9823108262098635,0.08431422889105754,,,0.9857543592515567,,0.9857899688072486,0.014210031192751438,0.9884132597990753,0.1461738370511686,10,0.025,0.15,0.9208186560043142,0.9474275299581912,0.9591229310342099,0.9652553538819939,1.0,0.9621992819799102,0.9655045854009237,0.9572330459366593,0.9544953173976779,0.9491370181592029,0.9512709133115695,0.9519300289234118
4,5,2.0009196373724167,0.265183851889946,3889,2.235239233289446,0.2943444730077121,778,2.229879584493516,0.2649,0.9833936555940228,0.08406125137591863,,,0.9613129836351382,,0.9613556468782493,0.03864435312175074,0.9884105462061328,0.1461733511316667,10,0.025,0.15,0.9089937682005075,0.9433113042149472,0.955198755607381,0.9600457179474543,0.9621992819799102,1.0,0.9682242975195158,0.9654343424746329,0.9578886782398938,0.9567394037568901,0.9580106171820594,0.9609447824299026
4,6,2.009417014286436,0.2768256534626785,3711,2.2312546173731485,0.2560646900269542,742,2.2298663839509216,0.265,0.9832320763848432,0.08409871863960848,,,0.9649328763542999,,0.9649700450561964,0.035029954943803565,0.9884112204260787,0.14617345515902752,10,0.025,0.15,0.9042996775068749,0.939517551370645,0.9518318098536334,0.9562075997706873,0.9655045854009237,0.9682242975195158,1.0,0.9689214828855063,0.9605785285170623,0.9554508464786077,0.962072528398434,0.9623465257274203
4,7,2.000577635850225,0.26641414141414144,3564,2.2291685342788696,0.26928471248246844,713,2.2298754921442345,0.2638,0.9806673061196084,0.0838548396084153,,,0.9413705490736017,,0.9414186925450975,0.05858130745490253,0.9883947146421866,0.14617239272892782,10,0.025,0.15,0.8937952249154922,0.9300493975909355,0.9450677896076418,0.9535415989009667,0.9572330459366593,0.9654343424746329,0.9689214828855063,1.0,0.9653150715532306,0.9561256757069224,0.9644698340500707,0.9650056709651802
4,8,1.9958031018575033,0.2763440860215054,3441,2.232300122578939,0.22819767441860464,688,2.2301707388479497,0.2638,0.9757532945167385,0.08303056477026134,,,0.8617333887535564,,0.8617781518707399,0.13822184812926008,0.9882305427239716,0.14615223915644987,10,0.025,0.15,0.8821479942634178,0.9197718044379974,0.9399702267369008,0.9514134607776291,0.9544953173976779,0.9578886782398938,0.9605785285170623,0.9653150715532306,1.0,0.9543933333889247,0.9597707307220187,0.9619276795446411
4,9,2.0055056903097364,0.2707258548290342,3334,2.2312090396881104,0.25487256371814093,667,2.2302465287944937,0.2631,0.971659073949477,0.08280281648366758,,,0.8397295303648872,,0.8397699328283078,0.1602300671716922,0.9881715676814318,0.14614411132175129,10,0.025,0.15,0.8771006389347047,0.9173949295116539,0.9329200150860996,0.9485978053069998,0.9491370181592029,0.9567394037568901,0.9554508464786077,0.9561256757069224,0.9543933333889247,1.0,0.9537999793108449,0.9582831269824101
4,10,2.033616883479632,0.2660290033940142,3241,2.232155998547872,0.25771604938271603,648,2.2300336783445336,0.2639,0.9758525820321455,0.08312761156274534,,,0.8711095465759924,,0.8711442293409912,0.12885577065900877,0.988253618986939,0.14615484461954592,10,0.025,0.15,0.8825787170717482,0.9198528589623721,0.9416805927778561,0.9518913542458848,0.9512709133115695,0.9580106171820594,0.962072528398434,0.9644698340500707,0.9597707307220187,0.9537999793108449,1.0,0.9633880795851713
4,11,2.0212777824401855,0.26179170623615067,3159,2.2326289653778075,0.27689873417721517,632,2.2300514269478713,0.2639,0.974258529732786,0.0830072729367497,,,0.8594830525869585,,0.8595253420474988,0.14047465795250125,0.9882334868926254,0.14615145042074953,10,0.025,0.15,0.8714027325442785,0.9147164136431772,0.9346473666746689,0.9453355929590505,0.9519300289234118,0.9609447824299026,0.9623465257274203,0.9650056709651802,0.9619276795446411,0.9582831269824101,0.9633880795851713,1.0
5,0,1.8580534241817617,0.3216216216216216,6845,2.1999101638793945,0.2907231555880205,1369,2.200505467909801,0.2916,0.9408160018829855,0.08012578760162295,,,0.55,,0.5500404350481095,0.4499595649518905,0.9890102852634727,0.14490503166376767,10,0.025,0.15,1.0,0.9493062779564466,0.9418146947933789,0.9277704801134917,0.9206962848593271,0.9084317434243605,0.9061979871298231,0.8976461744205236,0.8830762314753419,0.8795867583747022,0.8893498129100671,0.8756184983034898
5,1,1.9029302125753358,0.31403797006206646,5478,2.203387286927965,0.291970802919708,1096,2.198572113544126,0.2958,0.9648163030227622,0.0830316386852863,,,0.8651300862414982,,0.8651614926309188,0.1348385073690812,0.9917554411255323,0.14582072050392406,10,0.025,0.15,0.9493062779564466,1.0,0.9540012381862425,0.9483578899621016,0.9432656374890442,0.9378963993487233,0.9374674510780888,0.9275934094773681,0.9142791340740316,0.9104577493461239,0.9218108401666987,0.9121193628458891
5,2,1.9040706443159203,0.3045850622406639,4820,2.1914062798023224,0.31431535269709543,964,2.1985733961757226,0.2957,0.9760130127084927,0.08400113303468924,,,0.9702685909830535,,0.970317373867406,0.02968262613259398,0.9918256082527126,0.14583982038978285,10,0.025,0.15,0.9418146947933789,0.9540012381862425,1.0,0.9608844570183944,0.957860478642357,0.9503112930804459,0.9467740901701761,0.940675338523743,0.9348190686582868,0.9294966072781036,0.9384842132206705,0.9309057197441589
5,3,1.9213268719400678,0.2961189287335452,4406,2.197218452181135,0.3178206583427923,881,2.198574349850039,0.2959,0.9795665456474871,0.08427528980539312,,,0.9999999998915532,,1.0,0.0,0.991828981195372,0.14583996181735842,10,0.025,0.15,0.9277704801134917,0.9483578899621016,0.9608844570183944,1.0,0.9591618662277482,0.9542955123050256,0.949593674739855,0.9493925700161703,0.9465260363519397,0.9408021176975945,0.9494360403297328,0.9405935541080506
5,4,1.924906027317047,0.30787937743190663,4112,2.2011994293757846,0.28588807785888076,822,2.1985840012755573,0.2959,0.9801273448115265,0.08420222027851038,,,0.9920758476741056,,0.9921192916439735,0.0078807083560265,0.9918267385351932,0.14583996104505773,10,0.025,0.15,0.9206962848593271,0.9432656374890442,0.957860478642357,0.9591618662277482,1.0,0.957425591401992,0.9610288750792613,0.9504208523502142,0.947201495209123,0.94147270907795,0.9493110634193989,0.9451959794177254
5,5,1.9529043232240983,0.28634610439701724,3889,2.205096346991403,0.3277634961439589,778,2.1986178235162663,0.296,0.9791160698280524,0.08401250023005617,,,0.9715013262998917,,0.9715469294119589,0.02845307058804114,0.9918230726961719,0.14583983651332522,10,0.025,0.15,0.9084317434243605,0.9378963993487233,0.9503112930804459,0.9542955123050256,0.957425591401992,1.0,0.9605428367199803,0.9562746270486133,0.9475334179166246,0.9453760246065895,0.9503642604789255,0.9525638709399511
5,6,1.9580119729042054,0.2991107518189167,3711,2.2001550594965615,0.2803234501347709,742,2.1986011794850797,0.2958,0.9801693600262665,0.08407006237523215,,,0.9777437534757137,,0.977793731742338,0.022206268257662032,0.9918253592000749,0.14583991209457903,10,0.025,0.15,0.9061979871298231,0.9374674510780888,0.9467740901701761,0.949593674739855,0.9610288750792613,0.9605428367199803,1.0,0.9615418824564128,0.9512333217997904,0.947140144466182,0.9567555007530053,0.9549911722144383
5,7,1.950774325643267,0.2836700336700337,3564,2.1986231009165444,0.3015427769985975,713,2.198612837851802,0.2962,0.9778953311497853,0.08384480124588067,,,0.9533149176284559,,0.9533594098133387,0.046640590186661335,0.991808578038294,0.14583928876195346,10,0.025,0.15,0.8976461744205236,0.9275934094773681,0.940675338523743,0.9493925700161703,0.9504208523502142,0.9562746270486133,0.9615418824564128,1.0,0.9585049837573174,0.9505893174767319,0.9587042965308564,0.9554137481449438
5,8,1.944592453815319,0.2992153443766347,3441,2.202428857485453,0.25872093023255816,688,2.1989971927449674,0.2968,0.972178751708896,0.08314767102341176,,,0.8777134154168467,,0.8777623739499265,0.12223762605007349,0.9917312773436608,0.14582621908617016,10,0.025,0.15,0.8830762314753419,0.9142791340740316,0.9348190686582868,0.9465260363519397,0.947201495209123,0.9475334179166246,0.9512333217997904,0.9585049837573174,1.0,0.9466398196799364,0.9545620616159866,0.9557371394842206
5,9,1.9466611765049122,0.2912117576484703,3334,2.2002241214116416,0.2863568215892054,667,2.1990960942039006,0.2967,0.9681719455936857,0.08287589846835017,,,0.8482405669298334,,0.8482860490831972,0.15171395091680284,0.9916726884395579,0.14581337175826967,10,0.025,0.15,0.8795867583747022,0.9104577493461239,0.9294966072781036,0.9408021176975945,0.94147270907795,0.9453760246065895,0.947140144466182,0.9505893174767319,0.9466398196799364,1.0,0.9521752222252713,0.9498993155312286
5,10,1.980838450560203,0.2888923171860537,3241,2.1995365619659424,0.29475308641975306,648,2.1988165801084496,0.2975,0.9753236763587018,0.08331035626638437,,,0.8953561001835919,,0.8954052582066644,0.10459474179333561,0.9917402700007704,0.1458305740078126,10,0.025,0.15,0.8893498129100671,0.9218108401666987,0.9384842132206705,0.9494360403297328,0.9493110634193989,0.9503642604789255,0.9567555007530053,0.9587042965308564,0.9545620616159866,0.9521752222252713,1.0,0.9559305842209367
5,11,1.9665516381263732,0.28825577714466605,3159,2.2022594451904296,0.32436708860759494,632,2.198840584936021,0.2975,0.9712404308454539,0.08310264098518276,,,0.8728300544248323,,0.872868907923619,0.12713109207638096,0.9917200736345544,0.1458232478137197,10,0.025,0.15,0.8756184983034898,0.9121193628458891,0.9309057197441589,0.9405935541080506,0.9451959794177254,0.9525638709399511,0.9549911722144383,0.9554137481449438,0.9557371394842206,0.9498993155312286,0.9559305842209367,1.0
6,0,1.8229776353747755,0.3379693206720234,6845,2.164451772516424,0.3046018991964938,1369,2.165104398244544,0.3079,0.9411286012537535,0.08042595981870652,,,0.55,,0.5500404350481095,0.4499595649518905,0.9903428127245505,0.14439948478108722,10,0.025,0.15,1.0,0.9442517419867499,0.9369866626056423,0.9239260677745169,0.9178996776376932,0.9057397459009708,0.9024275494117594,0.895409542601418,0.8819731944464428,0.8770375622808304,0.8882767712612148,0.8765868675755863
6,1,1.864115843107534,0.32898868200073017,5478,2.168325424194336,0.2965328467153285,1096,2.1620862031284767,0.3085,0.9621990954816138,0.08291631089418483,,,0.850853344646343,,0.8508936970837253,0.1491063029162747,0.9934674211737928,0.14537650236751642,10,0.025,0.15,0.9442517419867499,1.0,0.9470182934690199,0.9425730166103209,0.9359823273719863,0.9295388520833294,0.9311617600740564,0.9229780239206878,0.9097615701636802,0.9051817434011519,0.9157233993580124,0.9087159918655936
6,2,1.8622413704269811,0.3210165975103734,4820,2.15233838558197,0.3288381742738589,964,2.16208718698236,0.3088,0.9722002042347844,0.08384418152636378,,,0.9629471718335547,,0.9629730488026275,0.03702695119737254,0.993583246280089,0.14540388736568868,10,0.025,0.15,0.9369866626056423,0.9470182934690199,1.0,0.9531462475997811,0.9500233201955218,0.9413073938447497,0.9398393891269583,0.9355752525679154,0.9281060503344548,0.919927606532592,0.9317403041147071,0.9243100753490572
6,3,1.8809065430504934,0.31123467998184295,4406,2.1601145608084544,0.3257661748013621,881,2.162086649786068,0.3088,0.9755628460876479,0.08412401737384399,,,0.9967534698673362,,0.9967899523031474,0.003210047696852625,0.993587872364052,0.14540433114560455,10,0.025,0.15,0.9239260677745169,0.9425730166103209,0.9531462475997811,1.0,0.9512351913724931,0.945292075840379,0.9416752921242952,0.9420362567131214,0.9385304071661119,0.9322274476978932,0.9419336376731872,0.9338664332478708
6,4,1.8808304591612381,0.3242217898832685,4112,2.1652586800711497,0.28832116788321166,822,2.162099129037012,0.3088,0.9777743280125036,0.084150890930846,,,0.9999999998791924,,1.0,0.0,0.9935878869355493,0.14540433117357496,10,0.025,0.15,0.9178996776376932,0.9359823273719863,0.9500233201955218,0.9512351913724931,1.0,0.9507845661853914,0.9538343595290186,0.9480412653347106,0.9438290737498201,0.9357316566567596,0.9444257203362615,0.9400513344724959
6,5,1.9124380173221711,0.3063255335561841,3889,2.169851473399571,0.34704370179948585,778,2.162142973911913,0.3089,0.9746336949865293,0.08393067811979157,,,0.9733966179737019,,0.9734366490072783,0.026563350992721668,0.9935835022869669,0.14540418405656166,10,0.025,0.15,0.9057397459009708,0.9295388520833294,0.9413073938447497,0.945292075840379,0.9507845661853914,1.0,0.9527662454354618,0.9486861848931847,0.9385207866822552,0.9363976684352072,0.9412585662548701,0.9447807067546329
6,6,1.9152282903934348,0.3150902721638372,3711,2.1637506087621055,0.29514824797843664,742,2.1621216580837586,0.3087,0.976883108510845,0.08403981939852702,,,0.986581714271914,,0.9866069218200723,0.013393078179927742,0.9935869079274321,0.1454043087639895,10,0.025,0.15,0.9024275494117594,0.9311617600740564,0.9398393891269583,0.9416752921242952,0.9538343595290186,0.9527662454354618,1.0,0.9541534503650688,0.9424586796644301,0.9453199598420967,0.9484601596799276,0.9490465004941138
6,7,1.912384716102055,0.30359147025813693,3564,2.1632062594095864,0.30995792426367463,713,2.1621374118177195,0.3086,0.9749804596500367,0.08383797705157839,,,0.96219762410539,,0.962230364245515,0.037769635754485,0.9935809384211381,0.1454038594633131,10,0.025,0.15,0.895409542601418,0.9229780239206878,0.9355752525679154,0.9420362567131214,0.9480412653347106,0.9486861848931847,0.9541534503650688,1.0,0.9510667851312347,0.9437463411504265,0.9494583956016037,0.9478149027679754
6,8,1.904496634889532,0.3149375181633246,3441,2.167667547861735,0.26744186046511625,688,2.1626114573659776,0.3074,0.9693919295351593,0.0832231073698486,,,0.8879166915527337,,0.8879619085342708,0.11203809146572918,0.9935090138443994,0.1453924673240586,10,0.025,0.15,0.8819731944464428,0.9097615701636802,0.9281060503344548,0.9385304071661119,0.9438290737498201,0.9385207866822552,0.9424586796644301,0.9510667851312347,1.0,0.9456810292720701,0.9467731121027353,0.9474408147341539
6,9,1.903588600511904,0.3090881823635273,3334,2.163810610771179,0.2983508245877061,667,2.1627331775955008,0.3074,0.9656580424023606,0.08293263046021662,,,0.852824872304506,,0.8528741892360252,0.1471258107639748,0.9934567563618715,0.14537737984254365,10,0.025,0.15,0.8770375622808304,0.9051817434011519,0.919927606532592,0.9322274476978932,0.9357316566567596,0.9363976684352072,0.9453199598420967,0.9437463411504265,0.9456810292720701,1.0,0.9444755876866235,0.9452029391494642
