round,client_id,client_i_training_loss,client_i_training_accuracy,client_i_training_dataset_size,client_i_evaluation_loss,client_i_evaluation_accuracy,client_i_evaluation_dataset_size,client_i_central_evaluation_loss,client_i_central_evaluation_accuracy,client_i_cosine_similarity,client_i_importance_coefficient,client_i_tanh_val,tanh_normalization_value,client_i_q,client_i_mask_order,client_i_v_nonzero_fraction,client_i_v_sparsity,client_i_v_cosine_similarity,client_i_reward_gradient_norm,local_epochs,learning_rate,gamma,client_0_cosine_similarity,client_1_cosine_similarity,client_2_cosine_similarity,client_3_cosine_similarity,client_4_cosine_similarity,client_5_cosine_similarity,client_6_cosine_similarity,client_7_cosine_similarity,client_8_cosine_similarity,client_9_cosine_similarity,client_10_cosine_similarity,client_11_cosine_similarity
0,0,2.096205434353899,0.34041879717555396,8214,2.2660195106683774,0.16800584368151936,1369,2.266540463359211,0.1588,0.9654485562294239,0.08143683488565262,,,,,,,0,0,5,0.001,0.1,1.0,0.9838704455341953,0.9744034778602024,0.9643522275465696,0.9550878656252417,0.943591433453649,0.9354036938549803,0.9324523694434603,0.922797876007643,0.918926963621829,0.9141545694121666,0.9096745876114886
0,1,2.1805320323092268,0.32248250684514757,6574,2.2664349964686803,0.15145985401459855,1096,2.266540463359211,0.1588,0.988479774609606,0.08337954795548977,,,,,,,0,0,5,0.001,0.1,0.9838704455341953,1.0,0.9899314801291826,0.9863253544635447,0.9803789488612891,0.9753423284743257,0.9723942946643429,0.9672553415590601,0.9611396005051862,0.9585933615766874,0.9489589356104896,0.948060086525164
0,2,2.208053009286111,0.28680615597440773,5783,2.259987661915441,0.18983402489626555,964,2.266540463359211,0.1588,0.9948293042837941,0.08391513899899175,,,,,,,0,0,5,0.001,0.1,0.9744034778602024,0.9899314801291826,1.0,0.9911259040544178,0.9918694832347108,0.9828757313178258,0.9815379496475624,0.9803158863812498,0.9734011412084519,0.9723064368342165,0.9674079469812381,0.9667094087611277
0,3,2.215431788456009,0.26101759031586913,5287,2.271678422178541,0.13053348467650397,881,2.266540463359211,0.1588,0.9961702294407507,0.08402824777096773,,,,,,,0,0,5,0.001,0.1,0.9643522275465696,0.9863253544635447,0.9911259040544178,1.0,0.9909106524131255,0.9913113727042928,0.986348841854832,0.9871230221176962,0.9836791169104477,0.9787130221289077,0.9710207647922341,0.9727203549023329
0,4,2.2271808159735893,0.2571428571428571,4935,2.270047141955449,0.16058394160583941,822,2.266540463359211,0.1588,0.9968991750476291,0.08408973527607087,,,,,,,0,0,5,0.001,0.1,0.9550878656252417,0.9803789488612891,0.9918694832347108,0.9909106524131255,1.0,0.9905593511122202,0.9904958156476767,0.9916607835028106,0.9868092606216743,0.9876004488106777,0.9806798712347572,0.9824398687133001
0,5,2.2334484675159194,0.24461109920719948,4667,2.2671118927001954,0.14395886889460155,778,2.266540463359211,0.1588,0.9934158141954198,0.08379590928116089,,,,,,,0,0,5,0.001,0.1,0.943591433453649,0.9753423284743257,0.9828757313178258,0.9913113727042928,0.9905593511122202,1.0,0.9893049906464388,0.9903631691702207,0.9885816701493373,0.9849528907295574,0.9781027068071326,0.9818648510701886
0,6,2.237803932598659,0.26732539860768023,4453,2.2664741774400077,0.16711590296495957,742,2.266540463359211,0.1588,0.9918616815137411,0.08366481617861117,,,,,,,0,0,5,0.001,0.1,0.9354036938549803,0.9723942946643429,0.9815379496475624,0.986348841854832,0.9904958156476767,0.9893049906464388,1.0,0.9920992748838491,0.9900687070688615,0.9899691049939614,0.9741274566748366,0.9852925650351203
0,7,2.239730569142014,0.23081599251812018,4277,2.2642179157422935,0.1458625525946704,713,2.266540463359211,0.1588,0.9923933638971608,0.08370966427558205,,,,,,,0,0,5,0.001,0.1,0.9324523694434603,0.9672553415590601,0.9803158863812498,0.9871230221176962,0.9916607835028106,0.9903631691702207,0.9920992748838491,1.0,0.9931632210282244,0.993332916658371,0.9847993894758617,0.9893683704665742
0,8,2.2444949311476488,0.24122063453620732,4129,2.2687128348784014,0.16569767441860464,688,2.266540463359211,0.1588,0.9880992185684895,0.08334744756103044,,,,,,,0,0,5,0.001,0.1,0.922797876007643,0.9611396005051862,0.9734011412084519,0.9836791169104477,0.9868092606216743,0.9885816701493373,0.9900687070688615,0.9931632210282244,1.0,0.9911548959553513,0.9783780035151447,0.9892071536806281
0,9,2.248408049628848,0.2197450637340665,4001,2.2623461882273355,0.1724137931034483,667,2.266540463359211,0.1588,0.9866066069375268,0.08322154383870903,,,,,,,0,0,5,0.001,0.1,0.918926963621829,0.9585933615766874,0.9723064368342165,0.9787130221289077,0.9876004488106777,0.9849528907295574,0.9899691049939614,0.993332916658371,0.9911548959553513,1.0,0.9818612984310007,0.9873761721857173
0,10,2.2460907400631513,0.16662381074826432,3889,2.265232653844924,0.15895061728395063,648,2.266540463359211,0.1588,0.9794539107159281,0.08261820465773756,,,,,,,0,0,5,0.001,0.1,0.9141545694121666,0.9489589356104896,0.9674079469812381,0.9710207647922341,0.9806798712347572,0.9781027068071326,0.9741274566748366,0.9847993894758617,0.9783780035151447,0.9818612984310007,1.0,0.9810142757386046
0,11,2.2540374246965937,0.22194671590609338,3791,2.2685202836990355,0.14240506329113925,632,2.266540463359211,0.1588,0.9815250664058689,0.08279290931999622,,,,,,,0,0,5,0.001,0.1,0.9096745876114886,0.948060086525164,0.9667094087611277,0.9727203549023329,0.9824398687133001,0.9818648510701886,0.9852925650351203,0.9893683704665742,0.9892071536806281,0.9873761721857173,0.9810142757386046,1.0
1,0,1.8706479879668714,0.4480399318237156,8214,2.212990117627521,0.2870708546384222,1369,2.2144991597428487,0.2786,0.9778084166707651,0.08164132981668477,,,,,,,0,0,5,0.001,0.1,1.0,0.9931948257785977,0.9861302453005415,0.9810013908061617,0.9770992592997062,0.9706618942384264,0.9675521604044709,0.9641935764735908,0.9627322226712528,0.9578494310627977,0.9513030133031286,0.9535109189715423
1,1,2.0098293759290455,0.4334347429266809,6574,2.2132325036185128,0.270985401459854,1096,2.2144991597428487,0.2786,0.9919832012794777,0.0832930436026578,,,,,,,0,0,5,0.001,0.1,0.9931948257785977,1.0,0.9962381742799763,0.9932933534254287,0.9912147468020297,0.9871519774589694,0.9852100629288951,0.9824791980106711,0.9812525257046648,0.9782287550839767,0.9720656455783361,0.9736309597885161
1,2,2.0652296651134177,0.40577554902299845,5783,2.2073446243040022,0.2987551867219917,964,2.2144991597428487,0.2786,0.9959172113942243,0.08374925324807858,,,,,,,0,0,5,0.001,0.1,0.9861302453005415,0.9962381742799763,1.0,0.9951833120776234,0.9960152006464862,0.9911962352022161,0.9910783091106684,0.9889939344099417,0.9872373262673815,0.9849922593479975,0.9816898678471213,0.9819625739779524
1,3,2.0854621401752333,0.37423869869491205,5287,2.220776276929038,0.2576617480136209,881,2.2144991597428487,0.2786,0.9976033488728353,0.08387325235304875,,,,,,,0,0,5,0.001,0.1,0.9810013908061617,0.9932933534254287,0.9951833120776234,1.0,0.9961446701884549,0.9954775728134866,0.9937238951354067,0.9933290150930455,0.9929317958965634,0.9891664565281564,0.984280094762244,0.9861787342042635
1,4,2.106323972825081,0.39055724417426546,4935,2.2183846051876364,0.2749391727493917,822,2.2144991597428487,0.2786,0.9987805229344292,0.083949084573536,,,,,,,0,0,5,0.001,0.1,0.9770992592997062,0.9912147468020297,0.9960152006464862,0.9961446701884549,1.0,0.9953672922696366,0.9955714822710675,0.9954516145595579,0.993968263560993,0.9929394938171063,0.9902385589307741,0.9907159989744427
1,5,2.125037964402813,0.347075208913649,4667,2.216507759094238,0.2699228791773779,778,2.2144991597428487,0.2786,0.9973033499859759,0.08372082627555143,,,,,,,0,0,5,0.001,0.1,0.9706618942384264,0.9871519774589694,0.9911962352022161,0.9954775728134866,0.9953672922696366,1.0,0.9943220795848838,0.9948293417337236,0.9944310090775177,0.9923018314313073,0.9903297678086175,0.9909556483681672
1,6,2.131734390599387,0.39205030316640466,4453,2.213889400164286,0.2830188679245283,742,2.2144991597428487,0.2786,0.9972846062681299,0.0836396891801915,,,,,,,0,0,5,0.001,0.1,0.9675521604044709,0.9852100629288951,0.9910783091106684,0.9937238951354067,0.9955714822710675,0.9943220795848838,1.0,0.9965374663177622,0.9964165840346795,0.9948053932705244,0.988512891654553,0.9930166307533014
1,7,2.1382657529702827,0.35627776478840306,4277,2.2126973711926006,0.270687237026648,713,2.2144991597428487,0.2786,0.9972341367095289,0.08366560779362463,,,,,,,0,0,5,0.001,0.1,0.9641935764735908,0.9824791980106711,0.9889939344099417,0.9933290150930455,0.9954516145595579,0.9948293417337236,0.9965374663177622,1.0,0.9971337886391616,0.9962392765641186,0.9922191954201284,0.9947224597647356
1,8,2.147281621602865,0.3713247759748123,4129,2.2159165035594595,0.27325581395348836,688,2.2144991597428487,0.2786,0.996334474942401,0.08341400875563072,,,,,,,0,0,5,0.001,0.1,0.9627322226712528,0.9812525257046648,0.9872373262673815,0.9929317958965634,0.993968263560993,0.9944310090775177,0.9964165840346795,0.9971337886391616,1.0,0.9957438050858517,0.9894286981336825,0.9941030306951898
1,9,2.1551349721257647,0.3482629342664334,4001,2.2093665599823,0.30134932533733133,667,2.2144991597428487,0.2786,0.9949476106020042,0.08329182569892976,,,,,,,0,0,5,0.001,0.1,0.9578494310627977,0.9782287550839767,0.9849922593479975,0.9891664565281564,0.9929394938171063,0.9923018314313073,0.9948053932705244,0.9962392765641186,0.9957438050858517,1.0,0.9918422414221107,0.9947254759779393
1,10,2.1519512287905957,0.3212651067112368,3889,2.2133047467186335,0.29012345679012347,648,2.2144991597428487,0.2786,0.9911393735050467,0.08279806454056234,,,,,,,0,0,5,0.001,0.1,0.9513030133031286,0.9720656455783361,0.9816898678471213,0.984280094762244,0.9902385589307741,0.9903297678086175,0.988512891654553,0.9922191954201284,0.9894286981336825,0.9918422414221107,1.0,0.9915291523264731
1,11,2.166091019766671,0.3525718807702453,3791,2.2169456362724302,0.2610759493670886,632,2.2144991597428487,0.2786,0.9929526886980197,0.08296401416150367,,,,,,,0,0,5,0.001,0.1,0.9535109189715423,0.9736309597885161,0.9819625739779524,0.9861787342042635,0.9907159989744427,0.9909556483681672,0.9930166307533014,0.9947224597647356,0.9941030306951898,0.9947254759779393,0.9915291523264731,1.0
2,0,1.6760826488877085,0.5233260287314342,8214,2.1475369431251705,0.39006574141709277,1369,2.150100364471777,0.3733,0.985068572301694,0.0819426868346421,,,,,,,0,0,5,0.001,0.1,1.0,0.994581025427928,0.9901159473547088,0.9865232321003461,0.984316586433781,0.9798316356677452,0.9781342769916599,0.9761337007979642,0.9758046281930077,0.9724105654069871,0.9670404974380129,0.9686953359632199
2,1,1.8226820165671191,0.5120170368116824,6574,2.14737571307591,0.38321167883211676,1096,2.150100364471777,0.3733,0.9945274152343049,0.08326221345205208,,,,,,,0,0,5,0.001,0.1,0.994581025427928,1.0,0.9969548297630768,0.9953541996505783,0.9938784199188211,0.9910654649954725,0.9901172266789354,0.9881300464429957,0.9880006672210128,0.9855205699717186,0.9806331207666249,0.9821307410436548
2,2,1.893470943435121,0.4825523084904029,5783,2.1421960015450754,0.3962655601659751,964,2.150100364471777,0.3733,0.9973938914172584,0.08363487512483894,,,,,,,0,0,5,0.001,0.1,0.9901159473547088,0.9969548297630768,1.0,0.9968456390772671,0.9972292741525774,0.9942628108492859,0.9941324932124431,0.9926357732391927,0.9921798205289091,0.9903839636857069,0.987752917346078,0.988013419154086
2,3,1.9234232190143632,0.4679402307546813,5287,2.1574781111308505,0.35414301929625425,881,2.150100364471777,0.3733,0.9983959474763099,0.08374336850130094,,,,,,,0,0,5,0.001,0.1,0.9865232321003461,0.9953541996505783,0.9968456390772671,1.0,0.9971146885418918,0.9967968827266368,0.995726697751319,0.9953268315193544,0.9954152965163252,0.9929962252705409,0.9894469989779769,0.9908523274913223
2,4,1.9522069881808373,0.47594731509625127,4935,2.1541017844126773,0.3588807785888078,822,2.150100364471777,0.3733,0.9989949785026054,0.08380927288013146,,,,,,,0,0,5,0.001,0.1,0.984316586433781,0.9938784199188211,0.9972292741525774,0.9971146885418918,1.0,0.9964805213727765,0.9966517012650862,0.9963887438788039,0.995712672398721,0.99546261488781,0.9928837946932475,0.993417705317264
2,5,1.9827468391967147,0.43779730019284335,4667,2.1536373710632324,0.37146529562982006,778,2.150100364471777,0.3733,0.9979718819486643,0.08363609890986363,,,,,,,0,0,5,0.001,0.1,0.9798316356677452,0.9910654649954725,0.9942628108492859,0.9967968827266368,0.9964805213727765,1.0,0.9956094513755744,0.9958498610847272,0.9961884312917819,0.9945519940644234,0.9930780810460429,0.9935345887987062
2,6,1.992387570823942,0.471547271502358,4453,2.149155229330063,0.3719676549865229,742,2.150100364471777,0.3733,0.9978494171101286,0.0835823352304777,,,,,,,0,0,5,0.001,0.1,0.9781342769916599,0.9901172266789354,0.9941324932124431,0.995726697751319,0.9966517012650862,0.9956094513755744,1.0,0.9968151944432551,0.9971102614517776,0.9957229773989043,0.9911868513386698,0.9945427422087437
2,7,2.005067550780168,0.4469955576338555,4277,2.1488052762073018,0.37727910238429174,713,2.150100364471777,0.3733,0.9979370691640013,0.08360107760544205,,,,,,,0,0,5,0.001,0.1,0.9761337007979642,0.9881300464429957,0.9926357732391927,0.9953268315193544,0.9963887438788039,0.9958498610847272,0.9968151944432551,1.0,0.9976419207610485,0.9974057739492481,0.9941850439485618,0.9962801864982361
2,8,2.0205094909667967,0.46325986921772827,4129,2.1509732766584917,0.3546511627906977,688,2.150100364471777,0.3733,0.9976081194989965,0.08343600251107956,,,,,,,0,0,5,0.001,0.1,0.9758046281930077,0.9880006672210128,0.9921798205289091,0.9954152965163252,0.995712672398721,0.9961884312917819,0.9971102614517776,0.9976419207610485,1.0,0.9962674831603271,0.9926510609460926,0.995881498532598
2,9,2.031305462027353,0.43704073981504626,4001,2.144068797429403,0.3613193403298351,667,2.150100364471777,0.3733,0.9967061524321242,0.08333185766881798,,,,,,,0,0,5,0.001,0.1,0.9724105654069871,0.9855205699717186,0.9903839636857069,0.9929962252705409,0.99546261488781,0.9945519940644234,0.9957229773989043,0.9974057739492481,0.9962674831603271,1.0,0.9949217667258442,0.9964220921060102
2,10,2.0295418043605618,0.4215479557726922,3889,2.1490859304155623,0.3765432098765432,648,2.150100364471777,0.3733,0.9938827395040084,0.08293753584285583,,,,,,,0,0,5,0.001,0.1,0.9670404974380129,0.9806331207666249,0.987752917346078,0.9894469989779769,0.9928837946932475,0.9930780810460429,0.9911868513386698,0.9941850439485618,0.9926510609460926,0.9949217667258442,1.0,0.9945462708572665
2,11,2.048751341795721,0.4418359271959905,3791,2.1531277179718016,0.35917721518987344,632,2.150100364471777,0.3733,0.995221993344559,0.08308267543849786,,,,,,,0,0,5,0.001,0.1,0.9686953359632199,0.9821307410436548,0.988013419154086,0.9908523274913223,0.993417705317264,0.9935345887987062,0.9945427422087437,0.9962801864982361,0.995881498532598,0.9964220921060102,0.9945462708572665,1.0
3,0,1.5167810733216283,0.5701485269052836,8214,2.069375149039335,0.4762600438276114,1369,2.0729965142929516,0.4655,0.9876192933191561,0.08218686025494217,,,,,,,0,0,5,0.001,0.1,1.0,0.9952381625434223,0.9917599014602335,0.988756089217177,0.9870788350615403,0.9826075865903446,0.981866338040945,0.9806098617955017,0.9800416754761359,0.9776470150447663,0.972847086015349,0.9741332945155596
3,1,1.6529742853155414,0.5586248859142074,6574,2.0685367924826488,0.47536496350364965,1096,2.0729965142929516,0.4655,0.9958252133035865,0.08326168573336651,,,,,,,0,0,5,0.001,0.1,0.9952381625434223,1.0,0.9975878276533152,0.996178244720905,0.9952060786865372,0.9929907900932794,0.9922528944145214,0.9911547118182207,0.9906069924190011,0.9886521573864268,0.9847131265643185,0.9859488864122606
3,2,1.7254304509136558,0.5390281860625973,5783,2.0641417964812248,0.48443983402489627,964,2.0729965142929516,0.4655,0.9978378294681857,0.08355539045145763,,,,,,,0,0,5,0.001,0.1,0.9917599014602335,0.9975878276533152,1.0,0.9973778421970373,0.9974948422590373,0.9953650235138456,0.9950985863370307,0.9940928846022765,0.9937820576284055,0.9919885567148766,0.9900041919762347,0.9899690754043486
3,3,1.7553951603820526,0.5356534896916966,5287,2.0813863021986827,0.46538024971623154,881,2.0729965142929516,0.4655,0.9986318474169862,0.08364761796694185,,,,,,,0,0,5,0.001,0.1,0.988756089217177,0.996178244720905,0.9973778421970373,1.0,0.9977107739642836,0.9972227812486905,0.9965931057938326,0.9962781302094968,0.9963546821707484,0.9941411150212873,0.9912295435048946,0.9921102587605652
3,4,1.78727300044029,0.5349949341438703,4935,2.076955419320327,0.451338199513382,822,2.0729965142929516,0.4655,0.9991870843727042,0.08370599659385657,,,,,,,0,0,5,0.001,0.1,0.9870788350615403,0.9952060786865372,0.9974948422590373,0.9977107739642836,1.0,0.9971256905607978,0.9970425802172755,0.9971432649801336,0.9969205643820731,0.9960624590079206,0.9941413449004051,0.9946530440200988
3,5,1.8233747929742892,0.5183201199914291,4667,2.0784104347229,0.45629820051413883,778,2.0729965142929516,0.4655,0.9982003673234965,0.08356785123820512,,,,,,,0,0,5,0.001,0.1,0.9826075865903446,0.9929907900932794,0.9953650235138456,0.9972227812486905,0.9971256905607978,1.0,0.9967448985662111,0.9964559313506056,0.9968241650691758,0.9949988069822302,0.9939809564085591,0.9944024615539278
3,6,1.8330079913139343,0.5310577139007411,4453,2.07205339272817,0.4555256064690027,742,2.0729965142929516,0.4655,0.9982048748584341,0.08353500264900858,,,,,,,0,0,5,0.001,0.1,0.981866338040945,0.9922528944145214,0.9950985863370307,0.9965931057938326,0.9970425802172755,0.9967448985662111,1.0,0.9975447249592206,0.9973416126697675,0.9960440471179516,0.9928744918755348,0.9953568606180925
3,7,1.8512454125418591,0.5069908814589665,4277,2.0719985599103183,0.45582047685834504,713,2.0729965142929516,0.4655,0.9983802846244131,0.08355217027293957,,,,,,,0,0,5,0.001,0.1,0.9806098617955017,0.9911547118182207,0.9940928846022765,0.9962781302094968,0.9971432649801336,0.9964559313506056,0.9975447249592206,1.0,0.9982482469252126,0.9978993819102301,0.9946031130111754,0.9968226212006948
3,8,1.8655185253803546,0.5138290142891742,4129,2.0731144710020586,0.45930232558139533,688,2.0729965142929516,0.4655,0.9982041006142811,0.08344517485750788,,,,,,,0,0,5,0.001,0.1,0.9800416754761359,0.9906069924190011,0.9937820576284055,0.9963546821707484,0.9969205643820731,0.9968241650691758,0.9973416126697675,0.9982482469252126,1.0,0.997022663207202,0.9948604882843303,0.9967382361759786
3,9,1.883898143162803,0.500924768807798,4001,2.066180013474964,0.4452773613193403,667,2.0729965142929516,0.4655,0.9972079197622488,0.08334908624473993,,,,,,,0,0,5,0.001,0.1,0.9776470150447663,0.9886521573864268,0.9919885567148766,0.9941411150212873,0.9960624590079206,0.9949988069822302,0.9960440471179516,0.9978993819102301,0.997022663207202,1.0,0.9955010865867097,0.9968686986133061
3,10,1.885216428999041,0.4926202108511185,3889,2.0721894786471413,0.48148148148148145,648,2.0729965142929516,0.4655,0.9949911284572218,0.08303549418927444,,,,,,,0,0,5,0.001,0.1,0.972847086015349,0.9847131265643185,0.9900041919762347,0.9912295435048946,0.9941413449004051,0.9939809564085591,0.9928744918755348,0.9946031130111754,0.9948604882843303,0.9955010865867097,1.0,0.9955493561921411
3,11,1.9077102088126816,0.5045106831970456,3791,2.0769368767738343,0.46044303797468356,632,2.0729965142929516,0.4655,0.9960160626251359,0.08315766954775963,,,,,,,0,0,5,0.001,0.1,0.9741332945155596,0.9859488864122606,0.9899690754043486,0.9921102587605652,0.9946530440200988,0.9944024615539278,0.9953568606180925,0.9968226212006948,0.9967382361759786,0.9968686986133061,0.9955493561921411,1.0
4,0,1.3869795692570015,0.6047236425614804,8214,1.9782264593035677,0.5368882395909423,1369,1.9828155509199197,0.5273,0.9886681546107046,0.08236265773755275,,,,,,,0,0,5,0.001,0.1,1.0,0.995183410697084,0.9924258082834555,0.9894356278196441,0.988243058162307,0.9839541469352212,0.9832755246021233,0.982120799612804,0.9815366425836438,0.9796691171476525,0.9756888979801004,0.9764708489708697
4,1,1.5086767482526093,0.5925463948889564,6574,1.976182678767613,0.541058394160584,1096,1.9828155509199197,0.5273,0.9961221048650899,0.08326293798068483,,,,,,,0,0,5,0.001,0.1,0.995183410697084,1.0,0.9975089949660969,0.9960956605794417,0.9955659267643214,0.9934789514562767,0.9926048768342465,0.9917396025933544,0.9912118195970815,0.9897786251200141,0.9865804486252293,0.9872690589746054
4,2,1.5759040427471394,0.5807020577554902,5783,1.9727876647826164,0.5487551867219918,964,1.9828155509199197,0.5273,0.9979647438560733,0.08350267444520654,,,,,,,0,0,5,0.001,0.1,0.9924258082834555,0.9975089949660969,1.0,0.9973311960259811,0.9974827040275847,0.9955973971753046,0.9952823009087932,0.9943606937840486,0.9942307288991004,0.9926858965057869,0.9912911897393926,0.9908051802789649
4,3,1.601580739523991,0.5838471723094383,5287,1.9919258398669106,0.5584562996594779,881,1.9828155509199197,0.5273,0.9988042169069566,0.08358637989795888,,,,,,,0,0,5,0.001,0.1,0.9894356278196441,0.9960956605794417,0.9973311960259811,1.0,0.9977585197877702,0.9972674568158872,0.9969569481519047,0.9965774895286146,0.9967351574260109,0.994869382732626,0.9924067733095666,0.9935557600103083
4,4,1.6321230476133286,0.5748733535967578,4935,1.9866578395550067,0.5048661800486618,822,1.9828155509199197,0.5273,0.9991454454504359,0.08363322319717026,,,,,,,0,0,5,0.001,0.1,0.988243058162307,0.9955659267643214,0.9974827040275847,0.9977585197877702,1.0,0.9972172308181222,0.9971530588609897,0.9970847173378241,0.9970246370125262,0.996231459218555,0.9944200033434103,0.9948797623358095
4,5,1.668483753400306,0.5703021212770516,4667,1.9905619716644287,0.5167095115681234,778,1.9828155509199197,0.5273,0.9982393954424099,0.08351919099128993,,,,,,,0,0,5,0.001,0.1,0.9839541469352212,0.9934789514562767,0.9955973971753046,0.9972674568158872,0.9972172308181222,1.0,0.996986894912825,0.9962960345598617,0.9964527841372478,0.9952276970298253,0.9947269793744693,0.9949714408471947
4,6,1.6773607533318655,0.5753873792948574,4453,1.9822488476832707,0.5256064690026954,742,1.9828155509199197,0.5273,0.9983615198101429,0.08350297827948433,,,,,,,0,0,5,0.001,0.1,0.9832755246021233,0.9926048768342465,0.9952823009087932,0.9969569481519047,0.9971530588609897,0.996986894912825,1.0,0.9974227242131312,0.9977603407011395,0.9962158693673994,0.993974589109181,0.9959928753820829
4,7,1.6975637343392442,0.5529109188683656,4277,1.982095101605291,0.4838709677419355,713,1.9828155509199197,0.5273,0.9983769560921217,0.08351401138302479,,,,,,,0,0,5,0.001,0.1,0.982120799612804,0.9917396025933544,0.9943606937840486,0.9965774895286146,0.9970847173378241,0.9962960345598617,0.9974227242131312,1.0,0.9982005139394466,0.9979374326835095,0.9949725060031119,0.9970921026383245
4,8,1.712208045079158,0.5640106563332526,4129,1.9818435148759321,0.5101744186046512,688,1.9828155509199197,0.5273,0.9982311438154057,0.08344364659055209,,,,,,,0,0,5,0.001,0.1,0.9815366425836438,0.9912118195970815,0.9942307288991004,0.9967351574260109,0.9970246370125262,0.9964527841372478,0.9977603407011395,0.9982005139394466,1.0,0.9973567483036718,0.994846838388455,0.9966953962028976
4,9,1.7331455578879704,0.5385153711572107,4001,1.9753633056368147,0.52023988005997,667,1.9828155509199197,0.5273,0.9973964074570801,0.08335772483050663,,,,,,,0,0,5,0.001,0.1,0.9796691171476525,0.9897786251200141,0.9926858965057869,0.994869382732626,0.996231459218555,0.9952276970298253,0.9962158693673994,0.9979374326835095,0.9973567483036718,1.0,0.9951549351504249,0.9969384395618788
4,10,1.736992693729088,0.5399845718693752,3889,1.9820294209889002,0.5262345679012346,648,1.9828155509199197,0.5273,0.9955438717927957,0.08310546527371236,,,,,,,0,0,5,0.001,0.1,0.9756888979801004,0.9865804486252293,0.9912911897393926,0.9924067733095666,0.9944200033434103,0.9947269793744693,0.993974589109181,0.9949725060031119,0.994846838388455,0.9951549351504249,1.0,0.995837240748832
4,11,1.7583987793000806,0.5434977578475336,3791,1.9881065607070922,0.5268987341772152,632,1.9828155509199197,0.5273,0.9964317024498817,0.08320910939285654,,,,,,,0,0,5,0.001,0.1,0.9764708489708697,0.9872690589746054,0.9908051802789649,0.9935557600103083,0.9948797623358095,0.9949714408471947,0.9959928753820829,0.9970921026383245,0.9966953962028976,0.9969384395618788,0.995837240748832,1.0
5,0,1.2800391040887351,0.6309958607255904,8214,1.874960558359013,0.5850986121256392,1369,1.880338609789888,0.574,0.989152324204223,0.08248596721197564,,,,,,,0,0,5,0.001,0.1,1.0,0.9952516283401461,0.9927316182472317,0.9896801282201276,0.9885432350806063,0.9842728891768768,0.9839584640418766,0.982742006568693,0.981921947063628,0.9801707008920066,0.9770802843005175,0.9774730668274112
5,1,1.3879447001276664,0.6163675083662915,6574,1.8710942813328335,0.5802919708029197,1096,1.880338609789888,0.574,0.9963126540631162,0.0832696564919887,,,,,,,0,0,5,0.001,0.1,0.9952516283401461,1.0,0.9973511453002089,0.9962286574384106,0.995475922646781,0.9932584476608265,0.9928575103665378,0.9919409561184263,0.9911527354631873,0.9899461155189643,0.9879190555576826,0.9879728463279542
5,2,1.4483703988033105,0.6074701711914231,5783,1.8688557224888955,0.6037344398340249,964,1.880338609789888,0.574,0.9978197112699976,0.08346543788456692,,,,,,,0,0,5,0.001,0.1,0.9927316182472317,0.9973511453002089,1.0,0.9972206079910638,0.9971833632979364,0.9953793388281271,0.9950058760078928,0.9940477029752611,0.993837574742976,0.9922876608371588,0.9916402931362647,0.9906496125636834
5,3,1.4682718116834939,0.6162284849631171,5287,1.8896840257304055,0.6083995459704881,881,1.880338609789888,0.574,0.9987347402473826,0.08354635392399366,,,,,,,0,0,5,0.001,0.1,0.9896801282201276,0.9962286574384106,0.9972206079910638,1.0,0.9974769870475247,0.9969743571458239,0.996724175225223,0.9962328465099443,0.9963879191165257,0.9947519446015475,0.9931876202586442,0.9933685341199374
5,4,1.4942511779262173,0.6041337386018237,4935,1.884007724431845,0.5425790754257908,822,1.880338609789888,0.574,0.9989211475046175,0.08358111855839402,,,,,,,0,0,5,0.001,0.1,0.9885432350806063,0.995475922646781,0.9971833632979364,0.9974769870475247,1.0,0.9969419974290262,0.9969450094231393,0.9966832836774224,0.996368158413738,0.995530276325686,0.9947126857848185,0.9945921559606653
5,5,1.5294152034472113,0.6071137775873152,4667,1.8909773778915406,0.5655526992287918,778,1.880338609789888,0.574,0.9981140639452292,0.0834850793905731,,,,,,,0,0,5,0.001,0.1,0.9842728891768768,0.9932584476608265,0.9953793388281271,0.9969743571458239,0.9969419974290262,1.0,0.9967881080306378,0.9961185312958516,0.9963257183376402,0.9947290382270562,0.9951509405946418,0.99481931393945
5,6,1.535732667020389,0.6042218728946778,4453,1.8804331769545872,0.5633423180592992,742,1.880338609789888,0.574,0.9983336520454387,0.0834822226779999,,,,,,,0,0,5,0.001,0.1,0.9839584640418766,0.9928575103665378,0.9950058760078928,0.996724175225223,0.9969450094231393,0.9967881080306378,1.0,0.9972071368833288,0.9969749715268806,0.9960945301781337,0.9947224053573132,0.9961027851273496
5,7,1.556767047786001,0.5884498480243161,4277,1.8799983263015747,0.5469845722300141,713,1.880338609789888,0.574,0.9982792463930192,0.08348723580665728,,,,,,,0,0,5,0.001,0.1,0.982742006568693,0.9919409561184263,0.9940477029752611,0.9962328465099443,0.9966832836774224,0.9961185312958516,0.9972071368833288,1.0,0.997861625467377,0.9973458170953435,0.9953739228700063,0.9971686530377828
5,8,1.5663256282989795,0.5977234197142165,4129,1.8781874992630698,0.563953488372093,688,1.880338609789888,0.574,0.9979944665210145,0.08343486064935593,,,,,,,0,0,5,0.001,0.1,0.981921947063628,0.9911527354631873,0.993837574742976,0.9963879191165257,0.996368158413738,0.9963257183376402,0.9969749715268806,0.997861625467377,1.0,0.9965380511340768,0.9951278612588064,0.9968106802193536
5,9,1.5953860804202065,0.5795551112221945,4001,1.872326027779352,0.5562218890554723,667,1.880338609789888,0.574,0.9971189148692926,0.08335385958967366,,,,,,,0,0,5,0.001,0.1,0.9801707008920066,0.9899461155189643,0.9922876608371588,0.9947519446015475,0.995530276325686,0.9947290382270562,0.9960945301781337,0.9973458170953435,0.9965380511340768,1.0,0.9948011738334049,0.9966358912641526
5,10,1.5974032591600886,0.5735150424273592,3889,1.879240870475769,0.566358024691358,648,1.880338609789888,0.574,0.9960443661086011,0.08316436206562923,,,,,,,0,0,5,0.001,0.1,0.9770802843005175,0.9879190555576826,0.9916402931362647,0.9931876202586442,0.9947126857848185,0.9951509405946418,0.9947224053573132,0.9953739228700063,0.9951278612588064,0.9948011738334049,1.0,0.9962540746207121
5,11,1.616184769959009,0.5760485360063308,3791,1.8872171342372894,0.5775316455696202,632,1.880338609789888,0.574,0.9965362098721334,0.08324384574919204,,,,,,,0,0,5,0.001,0.1,0.9774730668274112,0.9879728463279542,0.9906496125636834,0.9933685341199374,0.9945921559606653,0.99481931393945,0.9961027851273496,0.9971686530377828,0.9968106802193536,0.9966358912641526,0.9962540746207121,1.0
6,0,1.1913386651977955,0.650718285853421,8214,1.7617184616798578,0.6128560993425858,1369,1.7678239970161511,0.6055,0.9895521006354507,0.0825777189963143,,,,,,,0,0,5,0.001,0.1,1.0,0.9951097068157213,0.9926372720206693,0.9898816728163676,0.9889422718037715,0.9848186353059463,0.9839884671552374,0.9829012699421689,0.9821255990168827,0.9814151193273299,0.9776505593646678,0.9779273922891225
6,1,1.285490955137512,0.6351384240949194,6574,1.755759310722351,0.6167883211678832,1096,1.7678239970161511,0.6055,0.996308329772736,0.08327684068507203,,,,,,,0,0,5,0.001,0.1,0.9951097068157213,1.0,0.9967803281005077,0.9960160785380765,0.9952016605899374,0.9930703598576084,0.9924085470439066,0.991804347950012,0.9909239297741402,0.9907949252288373,0.9880783379029724,0.9879150346251225
6,2,1.3394477310760244,0.6260072626664361,5783,1.7546774495032527,0.6275933609958506,964,1.7678239970161511,0.6055,0.9974019352006779,0.08343230303449227,,,,,,,0,0,5,0.001,0.1,0.9926372720206693,0.9967803281005077,1.0,0.9967977329317441,0.996402069485019,0.9949335499201758,0.9940895028964397,0.993077184327372,0.9927877114442484,0.9920714964922634,0.9912382020863726,0.9903296020753349
6,3,1.3548739947468402,0.6375638358237186,5287,1.7768107269491469,0.6299659477866061,881,1.7678239970161511,0.6055,0.9986596484305187,0.08352257829185886,,,,,,,0,0,5,0.001,0.1,0.9898816728163676,0.9960160785380765,0.9967977329317441,1.0,0.9973136446487474,0.996704451252817,0.9962066979296348,0.9958988085732469,0.9959759310918127,0.9946435567370779,0.9934207345488655,0.9932868845957183
6,4,1.377033008529294,0.6258156028368794,4935,1.771383863229018,0.5754257907542579,822,1.7678239970161511,0.6055,0.9987656944650839,0.08354733670049187,,,,,,,0,0,5,0.001,0.1,0.9889422718037715,0.9952016605899374,0.996402069485019,0.9973136446487474,1.0,0.9966524180533434,0.9965312241133907,0.9965130071235572,0.995763763392796,0.9956889745498797,0.994218579667407,0.9941774189449901
6,5,1.4085783599990689,0.6292693379044354,4667,1.7818159437179566,0.5976863753213367,778,1.7678239970161511,0.6055,0.9979921165068848,0.08346341745189845,,,,,,,0,0,5,0.001,0.1,0.9848186353059463,0.9930703598576084,0.9949335499201758,0.996704451252817,0.9966524180533434,1.0,0.9966408277865327,0.9954864158092471,0.9955469458842148,0.9946926079619723,0.9950286065689296,0.9945448984358646
6,6,1.410819674730301,0.6278463956883,4453,1.7688600718975067,0.6024258760107817,742,1.7678239970161511,0.6055,0.9980662147751889,0.08346405761144178,,,,,,,0,0,5,0.001,0.1,0.9839884671552374,0.9924085470439066,0.9940895028964397,0.9962066979296348,0.9965312241133907,0.9966408277865327,1.0,0.9967102344681785,0.9961720280489342,0.9958506153762715,0.9947009339278046,0.9956984271415645
6,7,1.4325147108355565,0.6133270984334814,4277,1.7680049771847932,0.5778401122019635,713,1.7678239970161511,0.6055,0.9980445335489067,0.08346643367924383,,,,,,,0,0,5,0.001,0.1,0.9829012699421689,0.991804347950012,0.993077184327372,0.9958988085732469,0.9965130071235572,0.9954864158092471,0.9967102344681785,1.0,0.9973447648254624,0.9972138816749413,0.9951146139272657,0.9966665677567307
6,8,1.4412647152864015,0.6230564301283604,4129,1.7646152702244846,0.6075581395348837,688,1.7678239970161511,0.6055,0.9976289783115548,0.08342087217083669,,,,,,,0,0,5,0.001,0.1,0.9821255990168827,0.9909239297741402,0.9927877114442484,0.9959759310918127,0.995763763392796,0.9955469458842148,0.9961720280489342,0.9973447648254624,1.0,0.9960551962827829,0.9946757249852212,0.9963840606234098
6,9,1.470066179547991,0.5999000249937516,4001,1.7593182438895816,0.5937031484257871,667,1.7678239970161511,0.6055,0.9972858297907599,0.08336008287285523,,,,,,,0,0,5,0.001,0.1,0.9814151193273299,0.9907949252288373,0.9920714964922634,0.9946435567370779,0.9956889745498797,0.9946926079619723,0.9958506153762715,0.9972138816749413,0.9960551962827829,1.0,0.9948570955382277,0.9963713535384608
6,10,1.4720260259557942,0.6021599382874775,3889,1.7657994088672457,0.5987654320987654,648,1.7678239970161511,0.6055,0.9960522121682135,0.08320395459169878,,,,,,,0,0,5,0.001,0.1,0.9776505593646678,0.9880783379029724,0.9912382020863726,0.9934207345488655,0.994218579667407,0.9950286065689296,0.9947009339278046,0.9951146139272657,0.9946757249852212,0.9948570955382277,1.0,0.9959012247452186
6,11,1.487351652053224,0.5945660775520971,3791,1.7765269517898559,0.6028481012658228,632,1.7678239970161511,0.6055,0.9964136644437218,0.08326440391379583,,,,,,,0,0,5,0.001,0.1,0.9779273922891225,0.9879150346251225,0.9903296020753349,0.9932868845957183,0.9941774189449901,0.9945448984358646,0.9956984271415645,0.9966665677567307,0.9963840606234098,0.9963713535384608,0.9959012247452186,1.0
7,0,1.1151833133474862,0.665108351594838,8214,1.6418197321337322,0.6245434623813002,1369,1.6485257777162254,0.624,0.9898286752087886,0.08264662139974853,,,,,,,0,0,5,0.001,0.1,1.0,0.9949738692675332,0.9926692342952528,0.9896430490834645,0.9886661754716174,0.9851011749839279,0.9841502923746318,0.9833315400684323,0.9824186130696728,0.981454604059439,0.9783725201868042,0.9785448820529701
7,1,1.1986089717994617,0.6520231213872832,6574,1.6333406380244664,0.6341240875912408,1096,1.6485257777162254,0.624,0.9959700404671623,0.08327401729096864,,,,,,,0,0,5,0.001,0.1,0.9949738692675332,1.0,0.996395356897784,0.995048446270927,0.9946074823421901,0.9928046412379594,0.9917580498278828,0.9912904701056445,0.9905133300962065,0.9900781321936284,0.9878382638022056,0.9873739659187055
7,2,1.2461246830982398,0.6458239667992391,5783,1.633540234258098,0.6421161825726142,964,1.6485257777162254,0.624,0.9973792386798545,0.0834149368782555,,,,,,,0,0,5,0.001,0.1,0.9926692342952528,0.996395356897784,1.0,0.9965632297286242,0.9962370776199865,0.9947996907153455,0.9936233988808563,0.9932602919882485,0.9925465711195333,0.991893197573901,0.9914171460811898,0.9900927142111497
7,3,1.2557238440197633,0.6574995271420465,5287,1.6564620307513647,0.6492622020431328,881,1.6485257777162254,0.624,0.998289639859266,0.08349974189795023,,,,,,,0,0,5,0.001,0.1,0.9896430490834645,0.995048446270927,0.9965632297286242,1.0,0.9968337972953164,0.9960258022384704,0.9955969737247761,0.9957232184776483,0.9952692242960067,0.9941034182336945,0.9930219846188808,0.992516337321535
7,4,1.2743052663341645,0.6435663627152989,4935,1.6519322578723614,0.6034063260340633,822,1.6485257777162254,0.624,0.9985958641486112,0.0835248263307786,,,,,,,0,0,5,0.001,0.1,0.9886661754716174,0.9946074823421901,0.9962370776199865,0.9968337972953164,1.0,0.9962282559908548,0.995924798088898,0.9963119798650206,0.9956648950058129,0.9951192713014797,0.9942965026412238,0.9941090306951906
7,5,1.3040049487597323,0.6489822155560317,4667,1.6664460945129393,0.6169665809768637,778,1.6485257777162254,0.624,0.9979629148217772,0.08345288325416134,,,,,,,0,0,5,0.001,0.1,0.9851011749839279,0.9928046412379594,0.9947996907153455,0.9960258022384704,0.9962282559908548,1.0,0.9964793614502762,0.9951168058500199,0.9955866356056721,0.9945018952988277,0.9952744997037398,0.9944868164927995
7,6,1.302463585989816,0.6450482820570402,4453,1.6507946997880936,0.6132075471698113,742,1.6485257777162254,0.624,0.997941249026439,0.08345257632524858,,,,,,,0,0,5,0.001,0.1,0.9841502923746318,0.9917580498278828,0.9936233988808563,0.9955969737247761,0.995924798088898,0.9964793614502762,1.0,0.9964260241922264,0.9965863982186413,0.9955075854254406,0.9945985148850073,0.9954851445383541
7,7,1.3234371115022632,0.6326864624736965,4277,1.6493071628653484,0.5988779803646563,713,1.6485257777162254,0.624,0.9979523071378477,0.08345439163375465,,,,,,,0,0,5,0.001,0.1,0.9833315400684323,0.9912904701056445,0.9932602919882485,0.9957232184776483,0.9963119798650206,0.9951168058500199,0.9964260241922264,1.0,0.9972262887244502,0.9968519707759651,0.9947356537589326,0.9959875211304994
7,8,1.3303064492115608,0.6468394284330347,4129,1.6445497545329006,0.6366279069767442,688,1.6485257777162254,0.624,0.9975330455570834,0.08341288978849432,,,,,,,0,0,5,0.001,0.1,0.9824186130696728,0.9905133300962065,0.9925465711195333,0.9952692242960067,0.9956648950058129,0.9955866356056721,0.9965863982186413,0.9972262887244502,1.0,0.9954190980412,0.9945051343263783,0.9955058101728541
7,9,1.3599081102817778,0.6247938015496126,4001,1.63952975046067,0.6131934032983508,667,1.6485257777162254,0.624,0.9970389322213715,0.08335962533430807,,,,,,,0,0,5,0.001,0.1,0.981454604059439,0.9900781321936284,0.991893197573901,0.9941034182336945,0.9951192713014797,0.9945018952988277,0.9955075854254406,0.9968519707759651,0.9954190980412,1.0,0.9944092320485753,0.9959969356875435
7,10,1.3605870314308854,0.623142195937259,3889,1.6449780010041737,0.6234567901234568,648,1.6485257777162254,0.624,0.9960847251162687,0.08323299279501947,,,,,,,0,0,5,0.001,0.1,0.9783725201868042,0.9878382638022056,0.9914171460811898,0.9930219846188808,0.9942965026412238,0.9952744997037398,0.9945985148850073,0.9947356537589326,0.9945051343263783,0.9944092320485753,1.0,0.9954429787937555
7,11,1.372471675452064,0.6203112635188605,3791,1.659338265657425,0.6170886075949367,632,1.6485257777162254,0.624,0.9962211935036224,0.08327449707131203,,,,,,,0,0,5,0.001,0.1,0.9785448820529701,0.9873739659187055,0.9900927142111497,0.992516337321535,0.9941090306951906,0.9944868164927995,0.9954851445383541,0.9959875211304994,0.9955058101728541,0.9959969356875435,0.9954429787937555,1.0
8,0,1.0498398114966976,0.6778427075724373,8214,1.5190941261690716,0.6435354273192111,1369,1.526128046047954,0.6416,0.9900642896671845,0.08270277321156506,,,,,,,0,0,5,0.001,0.1,1.0,0.9946803880422144,0.9924478276497867,0.9901207545928183,0.9884604428177548,0.9851360103643799,0.9839788669519748,0.9838459759608105,0.9818398440624739,0.9821221022819501,0.9784799018064458,0.9786951478910585
8,1,1.1227467816431544,0.6673562519014299,6574,1.507662115778242,0.6532846715328468,1096,1.526128046047954,0.6416,0.9957173334257287,0.08327042316695321,,,,,,,0,0,5,0.001,0.1,0.9946803880422144,1.0,0.9961922449552149,0.9948881594587786,0.9939643425124777,0.9923818893473316,0.991114946660781,0.9911378146193016,0.9897674503942735,0.9894659636516521,0.9870215411357081,0.9867035523775374
8,2,1.1649077218540467,0.6606605568044268,5783,1.5090913695673789,0.6566390041493776,964,1.526128046047954,0.6416,0.997167349440206,0.08340374662095952,,,,,,,0,0,5,0.001,0.1,0.9924478276497867,0.9961922449552149,1.0,0.9958188444411831,0.9954156859367436,0.9945945910766482,0.9931816651989813,0.9930277669030114,0.9922144777568289,0.9913906430276148,0.9909398877304532,0.9893994808694921
8,3,1.172096060054848,0.6695668621146208,5287,1.5322572248322623,0.6583427922814983,881,1.526128046047954,0.6416,0.998093696825777,0.08348571591647096,,,,,,,0,0,5,0.001,0.1,0.9901207545928183,0.9948881594587786,0.9958188444411831,1.0,0.9961810470640489,0.9957227802259877,0.9950951901295376,0.9950645948424787,0.9944126522894414,0.9935500449330603,0.9927195748932741,0.9920950520413214
