round,client_id,client_i_training_loss,client_i_training_accuracy,client_i_training_dataset_size,client_i_evaluation_loss,client_i_evaluation_accuracy,client_i_evaluation_dataset_size,client_i_central_evaluation_loss,client_i_central_evaluation_accuracy,client_i_cosine_similarity,client_i_importance_coefficient,client_i_tanh_val,tanh_normalization_value,client_i_q,client_i_mask_order,client_i_v_nonzero_fraction,client_i_v_sparsity,client_i_v_cosine_similarity,client_i_reward_gradient_norm,local_epochs,learning_rate,gamma,client_0_cosine_similarity,client_1_cosine_similarity,client_2_cosine_similarity,client_3_cosine_similarity,client_4_cosine_similarity,client_5_cosine_similarity,client_6_cosine_similarity,client_7_cosine_similarity,client_8_cosine_similarity,client_9_cosine_similarity,client_10_cosine_similarity,client_11_cosine_similarity
0,0,2.2733629487178946,0.17281227173119065,6845,2.297488060864535,0.09788166544923302,1369,2.299479816533342,0.1041,0.8672922166550187,0.07895759269658197,,,0.6,,0.6000148536911423,0.39998514630885773,0,0.13645083703524646,10,0.025,0.15,1.0,0.9081496741185624,0.8717367689696982,0.7751390465336689,0.8048177720526624,0.7216901776860966,0.6917268190119613,0.7087442805354385,0.7156295455823775,0.7005035561089744,0.6669001185174691,0.665437894299506
0,1,2.2920671379843425,0.1266155531215772,5478,2.2998730076683893,0.09762773722627738,1096,2.2994127967689613,0.1045,0.9410277260487744,0.08567041474915546,,,0.9000748396484386,,0.9001254311696456,0.0998745688303544,0,0.1373453573299875,10,0.025,0.15,0.9081496741185624,1.0,0.9295383222689487,0.8448465034553803,0.8948999190608395,0.8600371417888755,0.7525419234593836,0.8357644047876829,0.7884671408809487,0.7753494589640794,0.8168532432325706,0.7739119693820459
0,2,2.2958586943776984,0.14199170124481328,4820,2.2986697256565094,0.1078838174273859,964,2.2994122143033184,0.1045,0.9655817093321153,0.08790578983258698,,,0.9999999999552982,,1.0,0.0,0,0.1373495749019468,10,0.025,0.15,0.8717367689696982,0.9295383222689487,1.0,0.9005243676245619,0.8970819723972185,0.8734324710352735,0.8092810310041448,0.8783263505666989,0.8604898148481143,0.8420247782606175,0.8516840602422683,0.827132698190385
0,3,2.297862501825605,0.11688606445755788,4406,2.2981583731515065,0.10102156640181612,881,2.299412540242642,0.1045,0.9452969027000332,0.08605907719153263,,,0.9174487278820749,,0.9174959977554422,0.08250400224455778,0,0.13734714537144635,10,0.025,0.15,0.7751390465336689,0.8448465034553803,0.9005243676245619,1.0,0.8731174808464325,0.8698626698346831,0.8885275235174023,0.8870770344110003,0.8531151553203964,0.8788293860670443,0.809393300871737,0.8475570758575366
0,4,2.2967558709057894,0.1441147859922179,4112,2.3002562863486156,0.10948905109489052,822,2.299412440650071,0.1045,0.9474875302560073,0.08625851017962241,,,0.9263637298667775,,0.9263999603901569,0.07360003960984307,0,0.13734781891896813,10,0.025,0.15,0.8048177720526624,0.8948999190608395,0.8970819723972185,0.8731174808464325,1.0,0.8427490773805171,0.7958034436133273,0.8927589324375358,0.8824996634609282,0.8137439924296106,0.8565531673051798,0.8694555488934262
0,5,2.298078544678227,0.13317048084340447,3889,2.2999465806143626,0.11311053984575835,778,2.299416840830936,0.1045,0.9161019139136269,0.08340118866317833,,,0.7986364805585251,,0.798674720668086,0.20132527933191402,0,0.13728493703343553,10,0.025,0.15,0.7216901776860966,0.8600371417888755,0.8734324710352735,0.8698626698346831,0.8427490773805171,1.0,0.7920556088186854,0.9047119682736997,0.7793756716970656,0.8247920893785331,0.8584667233234041,0.7965123049365535
0,6,2.299394151260113,0.1080032336297494,3711,2.301155686378479,0.11725067385444744,742,2.2994406072399283,0.1045,0.8815445247359174,0.08025511147379177,,,0.6580013496503762,,0.6580432737535278,0.3419567262464722,0,0.13702234933003118,10,0.025,0.15,0.6917268190119613,0.7525419234593836,0.8092810310041448,0.8885275235174023,0.7958034436133273,0.7920556088186854,1.0,0.7958838026096329,0.8509386512249514,0.9148945686851919,0.7034105971216533,0.8004971567554949
0,7,2.2995924038546427,0.12163299663299663,3564,2.3005252281824746,0.09537166900420757,713,2.299411628819719,0.1045,0.9298642120421053,0.08465409732456157,,,0.8546436803195525,,0.8546731362743641,0.14532686372563586,0,0.13733359941616274,10,0.025,0.15,0.7087442805354385,0.8357644047876829,0.8783263505666989,0.8870770344110003,0.8927589324375358,0.9047119682736997,0.7958838026096329,1.0,0.8644929545852645,0.8310672265378176,0.86834897038164,0.8653667022616264
0,8,2.2995886317005865,0.1093868061609997,3441,2.3004027207692466,0.10319767441860465,688,2.2994176134278503,0.1045,0.9131279497183418,0.08313044133129152,,,0.7865336031747828,,0.7865772144377878,0.21342278556221217,0,0.1372776609206787,10,0.025,0.15,0.7156295455823775,0.7884671408809487,0.8604898148481143,0.8531151553203964,0.8824996634609282,0.7793756716970656,0.8509386512249514,0.8644929545852645,1.0,0.8609713624583233,0.8120891315043118,0.8989054724392892
0,9,2.3001871947888977,0.10653869226154769,3334,2.296829024950663,0.13343328335832083,667,2.2994225598588773,0.1045,0.8991382665832461,0.08185683171999428,,,0.7296010348910437,,0.7296380650591672,0.2703619349408328,0,0.1372257006200674,10,0.025,0.15,0.7005035561089744,0.7753494589640794,0.8420247782606175,0.8788293860670443,0.8137439924296106,0.8247920893785331,0.9148945686851919,0.8310672265378176,0.8609713624583233,1.0,0.7330415305537404,0.8259600401951562
0,10,2.2981827717560988,0.11518049984572663,3241,2.299892028172811,0.09259259259259259,648,2.299439523793474,0.1044,0.8827712730555725,0.08036679366383623,,,0.66299373809844,,0.6630275123368157,0.33697248766318433,0,0.13703336550674544,10,0.025,0.15,0.6669001185174691,0.8168532432325706,0.8516840602422683,0.809393300871737,0.8565531673051798,0.8584667233234041,0.7034105971216533,0.86834897038164,0.8120891315043118,0.7330415305537404,1.0,0.8420050059432337
0,11,2.299561622619629,0.1290281734726179,3159,2.3014031887054442,0.09018987341772151,632,2.299424898775318,0.1045,0.8950446395371816,0.08148415117386706,,,0.7129415652606305,,0.7129771748279448,0.28702282517205524,0,0.13720383912020254,10,0.025,0.15,0.665437894299506,0.7739119693820459,0.827132698190385,0.8475570758575366,0.8694555488934262,0.7965123049365535,0.8004971567554949,0.8653667022616264,0.8989054724392892,0.8259600401951562,0.8420050059432337,1.0
1,0,2.1265941659609475,0.23130752373995617,6845,2.289327036250721,0.14755295836376917,1369,2.291424174852009,0.1461,0.8921555780895191,0.07824643048447939,,,0.6,,0.6000148536911423,0.39998514630885773,0.8136065853266373,0.1442415730507661,10,0.025,0.15,1.0,0.9534443244987262,0.930947792585222,0.8937777916914602,0.862380551751461,0.8301686826706896,0.8362684629566266,0.8130053919643159,0.8233842013591067,0.7998167659699795,0.7803677898402058,0.8007001690861051
1,1,2.175475655877313,0.2054764512595838,5478,2.2917666965060763,0.13686131386861314,1096,2.291246779357331,0.1464,0.9414657854446329,0.08403077707219675,,,0.8837221250733825,,0.8837698668119027,0.11623013318809727,0.819446837571319,0.14472845881593083,10,0.025,0.15,0.9534443244987262,1.0,0.9697293176290721,0.9463967589712659,0.911306968739138,0.8966608237725047,0.8903914071231159,0.8811301909385499,0.8809601842379726,0.8604139162034715,0.8446473998466832,0.8564172253752136
1,2,2.2166183666179053,0.19649377593360995,4820,2.291080117225647,0.14522821576763487,964,2.2912503224384935,0.1466,0.9714736851777623,0.08640137657549993,,,0.9999999999509499,,1.0,0.0,0.8189582360241573,0.1447340923378764,10,0.025,0.15,0.930947792585222,0.9697293176290721,1.0,0.9724334103866535,0.9402911278233441,0.934970846314898,0.9316089220849776,0.9283784740713946,0.9281027446287258,0.9114160960830774,0.8922670954031032,0.8993525240029512
1,3,2.2291409397125244,0.17975487970948706,4406,2.2907325540270125,0.13961407491486946,881,2.291250859634786,0.1466,0.9825142342364315,0.08561487320203434,,,0.9614220196876511,,0.9614629235364989,0.03853707646350113,0.8189344320751285,0.14473399619836014,10,0.025,0.15,0.8937777916914602,0.9463967589712659,0.9724334103866535,1.0,0.9528040772477446,0.9576675819669942,0.9563953896488444,0.9522379962884948,0.9475015014148715,0.9404327768110194,0.9214273427950272,0.9278849863856276
1,4,2.23591701334173,0.1990272373540856,4112,2.2929155145372664,0.14963503649635038,822,2.2912507509883446,0.1466,0.9762303437137838,0.08553328039716727,,,0.9574198936676199,,0.9574524269280916,0.04254757307190837,0.8189380529796813,0.14473395860577049,10,0.025,0.15,0.862380551751461,0.911306968739138,0.9402911278233441,0.9528040772477446,1.0,0.9571309559344939,0.9516670649275685,0.9436762165355274,0.9518039636568052,0.9488733770592825,0.9387188412712419,0.9395285788530787
1,5,2.2573048899250647,0.1889174595011571,3889,2.290841715676444,0.15809768637532134,778,2.291252172445949,0.1465,0.9809947605768682,0.08391347952098173,,,0.8779686817082673,,0.8780016834183294,0.1219983165816706,0.8187250738934709,0.14472777820984012,10,0.025,0.15,0.8301686826706896,0.8966608237725047,0.934970846314898,0.9576675819669942,0.9571309559344939,1.0,0.9617933151841866,0.9773181599761995,0.9635805707772143,0.9655037017557204,0.9598322025511604,0.9501953190013702
1,6,2.2672979741260924,0.18658043654001616,3711,2.292608896891276,0.16711590296495957,742,2.2912956280044363,0.1463,0.9788202380384647,0.08188728525841044,,,0.7785838794198064,,0.7786304896766847,0.2213695103233153,0.8165341829119176,0.1446919728376744,10,0.025,0.15,0.8362684629566266,0.8903914071231159,0.9316089220849776,0.9563953896488444,0.9516670649275685,0.9617933151841866,1.0,0.9556555942434954,0.9763075508372767,0.9727900007392987,0.9456021533619061,0.9535927386410958
1,7,2.2653095058032444,0.19003928170594836,3564,2.2928184270858765,0.13464235624123422,713,2.2912499964991704,0.1466,0.9751897742831958,0.08450221345086409,,,0.9068460733299446,,0.9069003647406381,0.09309963525936193,0.818588015625089,0.14473248426437768,10,0.025,0.15,0.8130053919643159,0.8811301909385499,0.9283784740713946,0.9522379962884948,0.9436762165355274,0.9773181599761995,0.9556555942434954,1.0,0.9655002013852673,0.9607016283015942,0.9593849542109134,0.9505077963860501
1,8,2.27320554168136,0.19116535890729439,3441,2.2917779684066772,0.14534883720930233,688,2.2912538383580463,0.1462,0.9792225856890134,0.08368726612039265,,,0.8668729173445802,,0.8669109273654503,0.13308907263454972,0.8186813558956862,0.1447261962880465,10,0.025,0.15,0.8233842013591067,0.8809601842379726,0.9281027446287258,0.9475015014148715,0.9518039636568052,0.9635805707772143,0.9763075508372767,0.9655002013852673,1.0,0.9736458636215445,0.96129233306557,0.9645607290319911
1,9,2.2719449564262675,0.18932213557288544,3334,2.288593053817749,0.17391304347826086,667,2.291265403168111,0.146,0.971834441392455,0.08265416109918569,,,0.8161991294593195,,0.8162515885197471,0.1837484114802529,0.8181714892734953,0.1447144530303391,10,0.025,0.15,0.7998167659699795,0.8604139162034715,0.9114160960830774,0.9404327768110194,0.9488733770592825,0.9655037017557204,0.9727900007392987,0.9607016283015942,0.9736458636215445,1.0,0.959931787647678,0.9583173671827789
1,10,2.270471745270949,0.1644554149953718,3241,2.2908586263656616,0.13580246913580246,648,2.2912965454632723,0.1464,0.9607042749337649,0.08136417049254871,,,0.752925106941907,,0.752974864253767,0.24702513574623297,0.8165263683533358,0.14467418542523483,10,0.025,0.15,0.7803677898402058,0.8446473998466832,0.8922670954031032,0.9214273427950272,0.9387188412712419,0.9598322025511604,0.9456021533619061,0.9593849542109134,0.96129233306557,0.959931787647678,1.0,0.9607085598715053
1,11,2.2758171339035034,0.18448876226654004,3159,2.2931061744689942,0.12658227848101267,632,2.2912751058988934,0.1464,0.9639498981087696,0.08216468632623897,,,0.7921903981974088,,0.7922381211731115,0.20776187882688846,0.8174585842901936,0.14469962866404737,10,0.025,0.15,0.8007001690861051,0.8564172253752136,0.8993525240029512,0.9278849863856276,0.9395285788530787,0.9501953190013702,0.9535927386410958,0.9505077963860501,0.9645607290319911,0.9583173671827789,0.9607085598715053,1.0
2,0,2.0192982614040376,0.26799123447772094,6845,2.2756746032021264,0.1964937910883857,1369,2.278340925144244,0.1891,0.9127353698379844,0.07825220434617428,,,0.6,,0.6000148536911423,0.39998514630885773,0.922564592643265,0.14527927203818397,10,0.025,0.15,1.0,0.9482925390925365,0.9307541912856145,0.9079176692121425,0.9008197625066059,0.8751270319819194,0.864519148315809,0.8529035765566039,0.8547684212708824,0.8383420876796942,0.833029485141336,0.8440053390112169
2,1,2.0533976554870605,0.2581781672143118,5478,2.2782677014668784,0.19616788321167883,1096,2.2779598055006582,0.1898,0.9637100039378984,0.08349889308599387,,,0.8988892402899462,,0.8989206317769965,0.10107936822300345,0.927596991319833,0.14582845686550588,10,0.025,0.15,0.9482925390925365,1.0,0.9631242218284736,0.9549355341602364,0.9490667845800627,0.9378022045070982,0.9291315503923516,0.9227740604841413,0.9201567639462641,0.9041211983849909,0.9027266334068192,0.9082223978903361
2,2,2.093554184311315,0.2429253112033195,4820,2.2784891426563263,0.1825726141078838,964,2.2779646432852445,0.1887,0.9730915087431244,0.08527378696852986,,,0.9999999999430328,,1.0,0.0,0.9276423947349673,0.1458337535262221,10,0.025,0.15,0.9307541912856145,0.9631242218284736,1.0,0.9640213098019199,0.9573969196142912,0.9519165379989627,0.9381847806399569,0.9415693188477254,0.9349155969455516,0.9212130441957597,0.9183329512758398,0.9262818103060243
2,3,2.109016237599509,0.23735814798002725,4406,2.278202329363142,0.19977298524404086,881,2.2779654279539856,0.1887,0.9826525546524251,0.08509824690331758,,,0.9899999714805952,,0.9900232707827895,0.00997672921721049,0.9276408769148629,0.1458337484002376,10,0.025,0.15,0.9079176692121425,0.9549355341602364,0.9640213098019199,1.0,0.9595629016320044,0.9664960896380725,0.9612887761664558,0.9584984368874649,0.9560112608697499,0.9410825808221753,0.9422308627430904,0.9471598229113919
2,4,2.1218112089417196,0.242534046692607,4112,2.280557257788522,0.1873479318734793,822,2.2779652378227135,0.1887,0.9797291188357244,0.08495234615460709,,,0.9816884123044526,,0.9817299598950339,0.018270040104966134,0.9276427208570329,0.1458337320066481,10,0.025,0.15,0.9008197625066059,0.9490667845800627,0.9573969196142912,0.9595629016320044,1.0,0.9559304751468277,0.955868686763686,0.9530114536910816,0.9524403552763667,0.9488069501496764,0.94109810745239,0.9511592254831908
2,5,2.1475344192597174,0.2371303677037799,3889,2.2762642247336253,0.19408740359897173,778,2.2779688714425776,0.1905,0.983981814375571,0.08408733456272059,,,0.9324111118275347,,0.9324404614546715,0.06755953854532848,0.9275362417478179,0.14583274682348504,10,0.025,0.15,0.8751270319819194,0.9378022045070982,0.9519165379989627,0.9664960896380725,0.9559304751468277,1.0,0.9676875573619944,0.9723314096604267,0.9684920305627773,0.9559483332578442,0.9594404974363514,0.9635298897394481
2,6,2.1531430939148213,0.2255187281056319,3711,2.2788890997568765,0.20619946091644206,742,2.2780295353901536,0.1878,0.9824574121088927,0.0827820940383931,,,0.8580551955424548,,0.858097737287716,0.141902262712284,0.9273659541823239,0.14582176027890054,10,0.025,0.15,0.864519148315809,0.9291315503923516,0.9381847806399569,0.9612887761664558,0.955868686763686,0.9676875573619944,1.0,0.9674728149442953,0.9762454138578648,0.9630285451956802,0.9632262241970215,0.971417249174146
2,7,2.1573039744581495,0.23190235690235692,3564,2.280694286028544,0.17251051893408134,713,2.277964794183079,0.189,0.9809021026249571,0.08435170313623692,,,0.9474714529327992,,0.9475087059134195,0.05249129408658049,0.9276339688051667,0.14583329369102038,10,0.025,0.15,0.8529035765566039,0.9227740604841413,0.9415693188477254,0.9584984368874649,0.9530114536910816,0.9723314096604267,0.9674728149442953,1.0,0.9736086987687361,0.9584839640044271,0.9664753683824803,0.9711620449674757
2,8,2.169339252401281,0.22894507410636442,3441,2.2781835794448853,0.17151162790697674,688,2.2779717234116568,0.1905,0.9824260338632438,0.08389642343827827,,,0.9215354369443651,,0.9215807628195607,0.0784192371804393,0.9275248080740268,0.14583220477876105,10,0.025,0.15,0.8547684212708824,0.9201567639462641,0.9349155969455516,0.9560112608697499,0.9524403552763667,0.9684920305627773,0.9762454138578648,0.9736086987687361,1.0,0.9687635133768948,0.9747502811574076,0.9771827342969381
2,9,2.1722577139183326,0.21661667666466708,3334,2.275178154309591,0.2098950524737631,667,2.2779900544806373,0.1906,0.97157151719881,0.08290226466152183,,,0.8649009811480539,,0.8649304352131505,0.1350695647868495,0.9274364435554038,0.14582318812058706,10,0.025,0.15,0.8383420876796942,0.9041211983849909,0.9212130441957597,0.9410825808221753,0.9488069501496764,0.9559483332578442,0.9630285451956802,0.9584839640044271,0.9687635133768948,1.0,0.9670892368632167,0.9640520472936095
2,10,2.1802659795834467,0.21042887997531626,3241,2.276622732480367,0.17746913580246915,648,2.278031162068814,0.1879,0.9722763730765381,0.08212591331862482,,,0.8206744080495808,,0.8207159479130564,0.17928405208694365,0.9272782581283426,0.14580910025463564,10,0.025,0.15,0.833029485141336,0.9027266334068192,0.9183329512758398,0.9422308627430904,0.94109810745239,0.9594404974363514,0.9632262241970215,0.9664753683824803,0.9747502811574076,0.9670892368632167,1.0,0.9711715731922139
2,11,2.174516961097717,0.23076923076923078,3159,2.2798688411712646,0.16139240506329114,632,2.278002675575546,0.1906,0.97708546250979,0.08277878938560194,,,0.8578669386796696,,0.8579079401231205,0.14209205987687945,0.9274170709767646,0.14582174555182087,10,0.025,0.15,0.8440053390112169,0.9082223978903361,0.9262818103060243,0.9471598229113919,0.9511592254831908,0.9635298897394481,0.971417249174146,0.9711620449674757,0.9771827342969381,0.9640520472936095,0.9711715731922139,1.0
3,0,1.9528009566995832,0.29266617969320674,6845,2.256324594671076,0.26077428780131484,1369,2.2596377994440777,0.2394,0.9219999365951363,0.07857844178103433,,,0.6,,0.6000148536911423,0.39998514630885773,0.9730914798139993,0.14514140565079414,10,0.025,0.15,1.0,0.9488810130547644,0.9285566993200323,0.9096790557392651,0.9091283932364437,0.880467818590148,0.8738704204621601,0.8673149488167611,0.867346874810482,0.8581614831299542,0.8496829400215171,0.8599394330951928
3,1,1.977988854119944,0.2876962395034684,5478,2.258793910344442,0.23996350364963503,1096,2.258876951434944,0.2383,0.9634518539742213,0.08318261009322671,,,0.898662441149717,,0.8986895743592282,0.10131042564077175,0.9768561321438161,0.14572040697322663,10,0.025,0.15,0.9488810130547644,1.0,0.9545877149541734,0.9488723341090373,0.947537399036753,0.9293347573142202,0.9261859104004975,0.9233061528682305,0.9227246522004076,0.9134318134448384,0.906765582749161,0.909535304119629
3,2,2.0131007266672034,0.2753112033195021,4820,2.26060888171196,0.22199170124481327,964,2.25888041906719,0.2374,0.9694559968167719,0.08447856920462132,,,0.9827285059837001,,0.9827532141737222,0.01724678582627781,0.9769354856811627,0.1457248321007781,10,0.025,0.15,0.9285566993200323,0.9545877149541734,1.0,0.9534248153263558,0.948160645992255,0.9416449483144333,0.9342251292841517,0.93637955941149,0.9335603575594645,0.9257685058926491,0.9203096248393989,0.9222795413002878
3,3,2.029425288268498,0.270812528370404,4406,2.2599187919071744,0.23382519863791146,881,2.258881583998475,0.2374,0.9809532533665182,0.08474482586832931,,,0.9999999999351321,,1.0,0.0,0.9769350761089811,0.14572485067566518,10,0.025,0.15,0.9096790557392651,0.9488723341090373,0.9534248153263558,1.0,0.9550220288422427,0.9578737562548961,0.9562019528763834,0.958205304907611,0.9566089205438381,0.946522243167772,0.9451049730527455,0.9444322681157514
3,4,2.036642143943093,0.27607003891050585,4112,2.2627408504486084,0.23114355231143552,822,2.2588812671130216,0.2374,0.9770455450616163,0.08452691992824972,,,0.9858649128591768,,0.9859137495667674,0.014086250433232639,0.9769361678723256,0.14572484070391192,10,0.025,0.15,0.9091283932364437,0.947537399036753,0.948160645992255,0.9550220288422427,1.0,0.9466720870005282,0.9514023511011833,0.9487205546806518,0.9515253970059702,0.9439381964234794,0.9386978067060425,0.9458804758013678
3,5,2.0619522025508266,0.2700694265878118,3889,2.2553304604121616,0.2467866323907455,778,2.258888486065442,0.2387,0.9795667650482349,0.08407302414090582,,,0.9564216747575814,,0.9564621808519417,0.04353781914805832,0.976937508308829,0.14572458025560145,10,0.025,0.15,0.880467818590148,0.9293347573142202,0.9416449483144333,0.9578737562548961,0.9466720870005282,1.0,0.9623910297085311,0.9636564711247579,0.9630639668656183,0.953121693301844,0.9589688793217207,0.9580501783551987
3,6,2.0661661629019115,0.25949878738884397,3711,2.259259502092997,0.2574123989218329,742,2.258983219726176,0.237,0.9804525846275132,0.08329292134112219,,,0.9058180932346969,,0.9058523543100461,0.09414764568995393,0.9768303952462143,0.1457219157229598,10,0.025,0.15,0.8738704204621601,0.9261859104004975,0.9342251292841517,0.9562019528763834,0.9514023511011833,0.9623910297085311,1.0,0.9612158513855945,0.9716043779164574,0.960580788764933,0.9632328786741575,0.9650904354851296
3,7,2.068111166357994,0.2680976430976431,3564,2.2630522648493447,0.22300140252454417,713,2.2588820759254165,0.2373,0.9789266034429958,0.0842159990698823,,,0.9656961491937661,,0.9657292337145781,0.034270766285421916,0.9769344192294627,0.14572470686305286,10,0.025,0.15,0.8673149488167611,0.9233061528682305,0.93637955941149,0.958205304907611,0.9487205546806518,0.9636564711247579,0.9612158513855945,1.0,0.9674303793056125,0.9551904528582996,0.9602121545867742,0.9653613399964024
3,8,2.083686771216216,0.260767218831735,3441,2.2585012515385947,0.23255813953488372,688,2.2588934083528156,0.2388,0.9811048402744016,0.08400487009000421,,,0.9520006688698044,,0.95204733376244,0.047952666237560004,0.9769297678789707,0.14572450195845782,10,0.025,0.15,0.867346874810482,0.9227246522004076,0.9335603575594645,0.9566089205438381,0.9515253970059702,0.9630639668656183,0.9716043779164574,0.9674303793056125,1.0,0.9619135854096182,0.9671580486677419,0.9699162807591075
3,9,2.0863285855010703,0.25290941811637674,3334,2.2557093699773154,0.2683658170914543,667,2.2589251693291,0.2385,0.9732304197719943,0.08313180618306223,,,0.8953669013690597,,0.895413510257299,0.10458648974270102,0.976797111218765,0.14572004105548345,10,0.025,0.15,0.8581614831299542,0.9134318134448384,0.9257685058926491,0.946522243167772,0.9439381964234794,0.953121693301844,0.960580788764933,0.9551904528582996,0.9619135854096182,1.0,0.9644632766294438,0.9584675170223177
3,10,2.0944704404244057,0.2474544893551373,3241,2.2568965355555215,0.24228395061728394,648,2.258985996246338,0.2372,0.9731725553202786,0.08264872915399799,,,0.8640307392262424,,0.8640557178458848,0.13594428215411525,0.976725432634748,0.1457144233930622,10,0.025,0.15,0.8496829400215171,0.906765582749161,0.9203096248393989,0.9451049730527455,0.9386978067060425,0.9589688793217207,0.9632328786741575,0.9602121545867742,0.9671580486677419,0.9644632766294438,1.0,0.9662950159647129
3,11,2.07328293800354,0.26942070275403607,3159,2.2611068725585937,0.20411392405063292,632,2.258942757980733,0.2392,0.9752538703594953,0.08312128314556412,,,0.8946842946843356,,0.894720338003994,0.10527966199600602,0.9767815810127518,0.14571995085805275,10,0.025,0.15,0.8599394330951928,0.909535304119629,0.9222795413002878,0.9444322681157514,0.9458804758013678,0.9580501783551987,0.9650904354851296,0.9653613399964024,0.9699162807591075,0.9584675170223177,0.9662950159647129,1.0
4,0,1.9013967759079404,0.31069393718042365,6845,2.231107386675748,0.2885317750182615,1369,2.235305912886994,0.2712,0.9284381489057009,0.0790308584869254,,,0.6,,0.6000148536911423,0.39998514630885773,0.9811654553626246,0.1448894772054811,10,0.025,0.15,1.0,0.943670949218267,0.9301517940654117,0.9137047971689365,0.9099688458873564,0.8931993273421027,0.8781559581481282,0.8747927493658033,0.8735964156126147,0.8630175410274015,0.863250608525889,0.8702330691934881
4,1,1.9216602256131727,0.30839722526469515,5478,2.2334584395090737,0.26916058394160586,1096,2.2339932677112047,0.2686,0.9617061256761661,0.08297181842364112,,,0.8932640911085132,,0.8933092373454804,0.1066907626545196,0.9847709501459692,0.1455164164172569,10,0.025,0.15,0.943670949218267,1.0,0.949133221845105,0.9437197391778468,0.9408053035281234,0.9323246694782489,0.9212693900010925,0.9207980591283291,0.9191753101717287,0.9105892358933585,0.9063932900910006,0.9082238406010998
4,2,1.9503778718019786,0.29697095435684645,4820,2.237315535545349,0.25,964,2.233993077579933,0.2682,0.9727729659253107,0.08413667474603398,,,0.9799461523687536,,0.9799805251605024,0.02001947483949762,0.9848056786598041,0.14552237775784244,10,0.025,0.15,0.9301517940654117,0.949133221845105,1.0,0.9518706018715255,0.948181955903846,0.9453189416318702,0.9328309852963531,0.9406166746603822,0.937169198952732,0.9342011139303776,0.9259813473435429,0.9274812359106994
4,3,1.9718472310474942,0.29071720381298227,4406,2.236081804547991,0.2599318955732123,881,2.2339945563787147,0.2682,0.9759709659929472,0.08440616362037842,,,0.9999999999255856,,1.0,0.0,0.9848062179825029,0.1455224038213432,10,0.025,0.15,0.9137047971689365,0.9437197391778468,0.9518706018715255,1.0,0.9454305574138602,0.952922938343004,0.9456622782118967,0.9498013018757462,0.9475715524263172,0.9376338960094833,0.9374491371079822,0.9332128352529717
4,4,1.978695316025705,0.2964980544747082,4112,2.2393315179007396,0.25669099756691,822,2.2339941036852102,0.2682,0.973276618749282,0.08418309647511375,,,0.9834005965663293,,0.9834463864270271,0.016553613572972914,0.9848060683784037,0.1455223909111124,10,0.025,0.15,0.9099688458873564,0.9408053035281234,0.948181955903846,0.9454305574138602,1.0,0.9429912553825064,0.9443056827692612,0.9430439238121354,0.9433208818150213,0.9375159478349392,0.9340534940971249,0.9381474041936505
4,5,2.0031012881186703,0.2901002828490615,3889,2.2287184170314243,0.2802056555269923,778,2.2340059582191176,0.2698,0.9789304415480856,0.08408615484444236,,,0.9761867452037306,,0.9762175900711326,0.023782409928867376,0.9847991073417257,0.14552236009853278,10,0.025,0.15,0.8931993273421027,0.9323246694782489,0.9453189416318702,0.952922938343004,0.9429912553825064,1.0,0.9534994714206603,0.9582016519645353,0.9588711917233887,0.9500487832688412,0.9530417800082759,0.9523576943821742
4,6,2.0035146187091697,0.27930476960388034,3711,2.233627756436666,0.2884097035040431,742,2.2341481100154827,0.2695,0.97625334400562,0.08351501884841976,,,0.933686014046208,,0.9337277813536664,0.06627221864633359,0.9847670740763836,0.14552128992642127,10,0.025,0.15,0.8781559581481282,0.9212693900010925,0.9328309852963531,0.9456622782118967,0.9443056827692612,0.9534994714206603,1.0,0.9550034300113988,0.9637528866054068,0.9532047153427986,0.9551595455310783,0.9586354135671357
4,7,2.0043146137680328,0.28863636363636364,3564,2.239865779876709,0.26788218793828894,713,2.2339968047564542,0.2686,0.9771489855475941,0.08411667368810147,,,0.9784577860392358,,0.9784951560462775,0.02150484395372254,0.9848032406621402,0.14552237282105904,10,0.025,0.15,0.8747927493658033,0.9207980591283291,0.9406166746603822,0.9498013018757462,0.9430439238121354,0.9582016519645353,0.9550034300113988,1.0,0.9614508442480877,0.9543283704580734,0.9557309198332983,0.9572692438365635
4,8,2.017413361867269,0.2819529206625981,3441,2.232719580332438,0.2703488372093023,688,2.234013527254515,0.2697,0.978318871554942,0.08402393038114998,,,0.9715563503341595,,0.9715964417157663,0.028403558284233688,0.9847971462278664,0.14552232261791673,10,0.025,0.15,0.8735964156126147,0.9191753101717287,0.937169198952732,0.9475715524263172,0.9433208818150213,0.9588711917233887,0.9637528866054068,0.9614508442480877,1.0,0.9546571137007914,0.9604365371024844,0.964819417133051
4,9,2.019960234341798,0.2714457108578284,3334,2.230234225591024,0.29535232383808097,667,2.234063712856438,0.2697,0.9714516640005274,0.08325838967357928,,,0.9145891130576022,,0.914632536185242,0.08536746381475802,0.984773307398786,0.14552005641789778,10,0.025,0.15,0.8630175410274015,0.9105892358933585,0.9342011139303776,0.9376338960094833,0.9375159478349392,0.9500487832688412,0.9532047153427986,0.9543283704580734,0.9546571137007914,1.0,0.9571265245036571,0.9527904985612625
4,10,2.031027515576436,0.27133600740512187,3241,2.2314300537109375,0.25771604938271603,648,2.2341534004935735,0.2695,0.9717591911234219,0.08296885904766299,,,0.893043870979303,,0.8930864319783466,0.10691356802165342,0.9847053697608091,0.14551640317252815,10,0.025,0.15,0.863250608525889,0.9063932900910006,0.9259813473435429,0.9374491371079822,0.9340534940971249,0.9530417800082759,0.9551595455310783,0.9557309198332983,0.9604365371024844,0.9571265245036571,1.0,0.9604230250348725
4,11,2.0012070407867433,0.2930357708135486,3159,2.2363556385040284,0.24050632911392406,632,2.234087814258624,0.2699,0.9729988637597676,0.08330236176455118,,,0.9178612689536507,,0.917916852337806,0.08208314766219404,0.9847741918142633,0.14552031650656608,10,0.025,0.15,0.8702330691934881,0.9082238406010998,0.9274812359106994,0.9332128352529717,0.9381474041936505,0.9523576943821742,0.9586354135671357,0.9572692438365635,0.964819417133051,0.9527904985612625,0.9604230250348725,1.0
5,0,1.8582227936497442,0.32534696859021184,6845,2.200052174654874,0.30679327976625276,1369,2.205306874045843,0.2942,0.9357228772698444,0.07958067184271549,,,0.6,,0.6000148536911423,0.39998514630885773,0.985895662983453,0.14468822994487565,10,0.025,0.15,1.0,0.9457845551862881,0.931097195562427,0.9155936362692594,0.9129377966603205,0.899667028814508,0.8913672990933214,0.8849025268442605,0.8842141469124762,0.8695539985619916,0.873410253589095,0.8778262175818742
5,1,1.8741712633953538,0.32431544359255204,5478,2.2021758556365967,0.2965328467153285,1096,2.2032110781609258,0.2926,0.9624027749136354,0.08289665028614099,,,0.8908212338771647,,0.8908501262563747,0.10914987374362528,0.9893046791958701,0.14535337642598653,10,0.025,0.15,0.9457845551862881,1.0,0.9486228065734399,0.9419629663290487,0.9382352721432006,0.9300631162018435,0.9239398537889973,0.922146913427135,0.9182911938080834,0.9049535359436846,0.9103483312022641,0.908161775613019
5,2,1.8970715456887295,0.3121369294605809,4820,2.208483189344406,0.27074688796680496,964,2.203206059298938,0.2922,0.9730504810677009,0.08396695049573229,,,0.9846897655588069,,0.984733706326022,0.015266293673978026,0.9893951319213742,0.1453619698286011,10,0.025,0.15,0.931097195562427,0.9486228065734399,1.0,0.9491989944956846,0.9455558028679977,0.9442101902613887,0.9332920083476571,0.9412260519924984,0.9374381916872871,0.9291316895397348,0.9290074074008907,0.9255310423510538
5,3,1.9246888324192593,0.30733091239219246,4406,2.2066177981240407,0.27695800227014755,881,2.2032079274141334,0.2922,0.9732767032607539,0.0841415196164362,,,0.9999999999122969,,1.0,0.0,0.9893959789748592,0.14536198735024297,10,0.025,0.15,0.9155936362692594,0.9419629663290487,0.9491989944956846,1.0,0.9395538707928588,0.9469558304388329,0.9443364615764485,0.9447364946623813,0.9428553301293795,0.9300788111969532,0.9331027975743481,0.9275272231566889
5,4,1.930943904501019,0.312670233463035,4112,2.2103855269295827,0.28102189781021897,822,2.203207426433322,0.2922,0.9721092241508584,0.08396501611561176,,,0.9845201146328324,,0.9845439091614266,0.015456090838573355,0.9893957653593853,0.14536196953063069,10,0.025,0.15,0.9129377966603205,0.9382352721432006,0.9455558028679977,0.9395538707928588,1.0,0.9395964364225995,0.9451121116397677,0.9368775048365621,0.9412997586893406,0.9316067656628282,0.9342754127519787,0.9374805143588859
5,5,1.952479777797576,0.3067626639238879,3889,2.196134635380336,0.31748071979434445,778,2.2032251358032227,0.2932,0.9762245742122507,0.084039246911498,,,0.9910303775973344,,0.9910630291627469,0.008936970837253089,0.9893953935666555,0.1453619845522533,10,0.025,0.15,0.899667028814508,0.9300631162018435,0.9442101902613887,0.9469558304388329,0.9395964364225995,1.0,0.9498069722193799,0.9533994419818914,0.952523144482635,0.9401902194390831,0.9470211131796828,0.9460304046464374
5,6,1.9549324985208183,0.29544597143627055,3711,2.202134291330973,0.3140161725067385,742,2.203427489799789,0.2927,0.9761801500292071,0.08368348095054398,,,0.9598286380500588,,0.9598702777640243,0.04012972223597566,0.9893782480217683,0.1453615448586479,10,0.025,0.15,0.8913672990933214,0.9239398537889973,0.9332920083476571,0.9443364615764485,0.9451121116397677,0.9498069722193799,1.0,0.9499998433284207,0.9583893421096151,0.945617215977622,0.952210873554999,0.9548611727978796
5,7,1.953585012469973,0.30620089786756455,3564,2.2108370860417685,0.29873772791023845,713,2.2032127380371094,0.2921,0.9749053695006433,0.08401510647582326,,,0.9889131891387728,,0.9889505042002937,0.011049495799706266,0.9893951000805996,0.14536198152598978,10,0.025,0.15,0.8849025268442605,0.922146913427135,0.9412260519924984,0.9447364946623813,0.9368775048365621,0.9533994419818914,0.9499998433284207,1.0,0.9528966507266399,0.9457537439116488,0.9499765843090021,0.9514949797835166
5,8,1.9652699015758657,0.298546934030805,3441,2.2005805174509683,0.28488372093023256,688,2.2032361302194716,0.2931,0.9757070563125255,0.08398374724404867,,,0.9861628906571257,,0.9861943192883431,0.013805680711656887,0.9893964927772635,0.1453619757051181,10,0.025,0.15,0.8842141469124762,0.9182911938080834,0.9374381916872871,0.9428553301293795,0.9412997586893406,0.952523144482635,0.9583893421096151,0.9528966507266399,1.0,0.9445368554993505,0.9530895758683389,0.9572193969517616
5,9,1.9769032275235212,0.2897720455908818,3334,2.1986950635910034,0.30884557721139433,667,2.2033072242253944,0.2927,0.9662537949810338,0.08320017020357459,,,0.9174408390405657,,0.9174877457048076,0.08251225429519238,0.9893796653562527,0.1453587319971471,10,0.025,0.15,0.8695539985619916,0.9049535359436846,0.9291316895397348,0.9300788111969532,0.9316067656628282,0.9401902194390831,0.945617215977622,0.9457537439116488,0.9445368554993505,1.0,0.9467805699570421,0.9448309502947825
5,10,1.9757223321841313,0.2888306078370873,3241,2.2005027135213218,0.27314814814814814,648,2.2034323758716825,0.2927,0.9704604727066911,0.08315790656557934,,,0.9137341914975796,,0.9137743229192454,0.08622567708075457,0.9893431391451221,0.1453583219207855,10,0.025,0.15,0.873410253589095,0.9103483312022641,0.9290074074008907,0.9331027975743481,0.9342754127519787,0.9470211131796828,0.952210873554999,0.9499765843090021,0.9530895758683389,0.9467805699570421,1.0,0.9528895164928007
5,11,1.9484525079727173,0.3084520417853751,3159,2.2058261394500733,0.27056962025316456,632,2.203339341320569,0.2927,0.9706053914431068,0.08336953329229545,,,0.9322944888080128,,0.9323331847964219,0.06766681520357809,0.9893727178897495,0.14536010376109257,10,0.025,0.15,0.8778262175818742,0.908161775613019,0.9255310423510538,0.9275272231566889,0.9374805143588859,0.9460304046464374,0.9548611727978796,0.9514949797835166,0.9572193969517616,0.9448309502947825,0.9528895164928007,1.0
6,0,1.8209942861839576,0.3377647918188459,6845,2.1632248271595347,0.32724616508400295,1369,2.169696050354197,0.3158,0.9407686346591412,0.08014135938069841,,,0.6,,0.6000148536911423,0.39998514630885773,0.9893048976406521,0.14438452203900018,10,0.025,0.15,1.0,0.9428479025794789,0.9295179330799487,0.9158128272447432,0.9145967029047696,0.9051760547456421,0.894278975005101,0.8897916547059206,0.8894386442525927,0.8782232387561125,0.879235698705119,0.8852728476144164
6,1,1.8342387703962104,0.3372033588901059,5478,2.165044413672553,0.3239051094890511,1096,2.166679300839388,0.3161,0.9620749522339002,0.08289605066441837,,,0.8862602337470359,,0.8863032463567196,0.11369675364328036,0.9921724197607876,0.14508200659422865,10,0.025,0.15,0.9428479025794789,1.0,0.9431472305690973,0.9385889791914246,0.9348647511162174,0.9270682826501767,0.9213584322314926,0.9183318988712239,0.9181279128965996,0.9086551627885231,0.90673160154905,0.9083688069620881
6,2,1.8579194752793564,0.3219709543568465,4820,2.1742105185985565,0.2883817427385892,964,2.166667778280717,0.3161,0.9716677310220548,0.08387391593053523,,,0.9878774063522028,,0.9879024937697017,0.01209750623029826,0.9922772074472841,0.14509251081556343,10,0.025,0.15,0.9295179330799487,0.9431472305690973,1.0,0.9446088198194778,0.9399428196959324,0.9414981221874292,0.9294602939771982,0.9380984710236323,0.9331732117916077,0.9275140320227052,0.9273463403640053,0.9233351872639793
6,3,1.8798411525998797,0.3222650930549251,4406,2.1717134543827603,0.30419977298524403,881,2.16667006890985,0.3161,0.9696385316715213,0.0839159866549529,,,0.9922492847826039,,0.9922760806060306,0.007723919393969436,0.9922780859051012,0.14509251679058272,10,0.025,0.15,0.9158128272447432,0.9385889791914246,0.9446088198194778,1.0,0.9330698123367226,0.9410130958789155,0.9370914607249338,0.9359174365368517,0.9367742809153847,0.9268645071073569,0.9237497019822132,0.9198475046045449
6,4,1.8827911976611975,0.32611867704280156,4112,2.1759394236973355,0.3029197080291971,822,2.166669251043585,0.3161,0.9698567889661588,0.08381354544504258,,,0.9816038651424558,,0.981630935287419,0.01836906471258104,0.992276937164056,0.14509248919010037,10,0.025,0.15,0.9145967029047696,0.9348647511162174,0.9399428196959324,0.9330698123367226,1.0,0.9360671437252948,0.9404566412994932,0.9329093240160832,0.9348664579794137,0.928094923734206,0.9299790187662957,0.9312045939148748
6,5,1.9137967067380106,0.3169195165852404,3889,2.1578457014901296,0.3341902313624679,778,2.166692845429046,0.3167,0.9738644684086127,0.08399057203164396,,,0.9999999998960827,,1.0,0.0,0.9922777027008737,0.145092518687545,10,0.025,0.15,0.9051760547456421,0.9270682826501767,0.9414981221874292,0.9410130958789155,0.9360671437252948,1.0,0.9427708366781276,0.9488362472446504,0.9441727088581372,0.9363072977322667,0.9401007134502073,0.938768016312381
6,6,1.9078301100895323,0.3101050929668553,3711,2.1648244063059487,0.330188679245283,742,2.166953207571295,0.3152,0.9733355552075329,0.08375243305719629,,,0.9752532274019926,,0.975301612450694,0.024698387549305978,0.992274266016056,0.14509243203847194,10,0.025,0.15,0.894278975005101,0.9213584322314926,0.9294602939771982,0.9370914607249338,0.9404566412994932,0.9427708366781276,1.0,0.9435568969743293,0.953414374940291,0.9388340186604558,0.9441900161333725,0.9500260534223264
6,7,1.9067554043872015,0.31936026936026934,3564,2.1760069529215493,0.3169705469845722,713,2.166677646999118,0.3164,0.9721814692003523,0.0839205964748382,,,0.9927283250749579,,0.9927546995428363,0.00724530045716365,0.9922776814673356,0.1450925171797923,10,0.025,0.15,0.8897916547059206,0.9183318988712239,0.9380984710236323,0.9359174365368517,0.9329093240160832,0.9488362472446504,0.9435568969743293,1.0,0.9467029139722487,0.9392505128227072,0.943093131618591,0.9451154361930344
6,8,1.9214386436674329,0.3112757919209532,3441,2.1623661120732627,0.3081395348837209,688,2.1667069815382174,0.3167,0.9726214156102323,0.08391550337823989,,,0.9921990639445565,,0.9922430724034923,0.007756927596507701,0.9922774834862034,0.14509251679058272,10,0.025,0.15,0.8894386442525927,0.9181279128965996,0.9331732117916077,0.9367742809153847,0.9348664579794137,0.9441727088581372,0.953414374940291,0.9467029139722487,1.0,0.9351684851001606,0.945185828592226,0.9496971090851634
6,9,1.9349163320329454,0.3027894421115777,3334,2.161405841509501,0.335832083958021,667,2.166801503941983,0.3156,0.9647222453284735,0.08317097024993045,,,0.9148291500809387,,0.9148635936030104,0.0851364063969896,0.9922250489026331,0.14508769404694555,10,0.025,0.15,0.8782232387561125,0.9086551627885231,0.9275140320227052,0.9268645071073569,0.928094923734206,0.9363072977322667,0.9388340186604558,0.9392505128227072,0.9351684851001606,1.0,0.9401248766114133,0.9364253884389969
