round,client_id,client_i_training_loss,client_i_training_accuracy,client_i_training_dataset_size,client_i_evaluation_loss,client_i_evaluation_accuracy,client_i_evaluation_dataset_size,client_i_central_evaluation_loss,client_i_central_evaluation_accuracy,client_i_cosine_similarity,client_i_importance_coefficient,client_i_tanh_val,tanh_normalization_value,client_i_q,client_i_mask_order,client_i_v_nonzero_fraction,client_i_v_sparsity,client_i_v_cosine_similarity,client_i_reward_gradient_norm,local_epochs,learning_rate,gamma,client_0_cosine_similarity,client_1_cosine_similarity,client_2_cosine_similarity,client_3_cosine_similarity,client_4_cosine_similarity,client_5_cosine_similarity,client_6_cosine_similarity,client_7_cosine_similarity,client_8_cosine_similarity,client_9_cosine_similarity,client_10_cosine_similarity,client_11_cosine_similarity
0,0,0.27472678676341816,0.9137326515704894,8214,2.173405264699182,0.43754565376187,1369,2.1729327284109097,0.436,0.8003708127987806,0.08436438136051373,,,0.893056451338349,,0.8930726369158175,0.10692736308418249,0,0.3957966076106465,5,0.1,0.5,1.0,0.5682396940773211,0.5772907862983832,0.5663294795737044,0.5782522719336481,0.5880511755533575,0.5764144759746378,0.5734413691505634,0.5722515730179092,0.5773584026568344,0.5799086182561692,0.5772609686642105
0,1,0.2988219044225526,0.9064192272588987,6574,2.1772285870143344,0.41514598540145986,1096,2.1731615180786426,0.4374,0.7887985192255582,0.08314458502034834,,,0.7195454673267547,,0.719557251142011,0.28044274885798903,0,0.39529031662637903,5,0.1,0.5,0.5682396940773211,1.0,0.5952696555027391,0.575839326737227,0.5760557288947268,0.5842641160755615,0.5801553141460907,0.593161932203837,0.5691526553464863,0.5774024129058404,0.5732193549610963,0.5694311894339635
0,2,0.3138874840660237,0.9015044094760505,5783,2.170623371678014,0.4450207468879668,964,2.172909527921829,0.4361,0.8055025532306863,0.08490530076926446,,,0.9699999998577541,,0.9700015059484965,0.029998494051503455,0,0.3958187385458427,5,0.1,0.5,0.5772907862983832,0.5952696555027391,1.0,0.5980381013952901,0.595506577525807,0.6110919682947275,0.6099828700399921,0.6128697207655041,0.5956046646213776,0.6131709796247752,0.5978007271966924,0.6052025367803984
0,3,0.3421632726721645,0.8896160393417817,5287,2.171505468232291,0.4540295119182747,881,2.173251829969997,0.4378,0.7851982193312714,0.08276508958093858,,,0.6655638107569599,,0.6655840570252497,0.3344159429747503,0,0.3948102310806534,5,0.1,0.5,0.5663294795737044,0.575839326737227,0.5980381013952901,1.0,0.5897177186067497,0.5927272542163189,0.5921810052975721,0.5919809988236086,0.5926981216293387,0.5841265290640956,0.5750181427994264,0.5926520653343103
0,4,0.33328278322463795,0.89629179331307,4935,2.1702915063271155,0.44525547445255476,822,2.173119580022062,0.4367,0.7906474287751785,0.08333947232489634,,,0.7472673802970021,,0.7472817629637066,0.25271823703629337,0,0.39545039782685937,5,0.1,0.5,0.5782522719336481,0.5760557288947268,0.595506577525807,0.5897177186067497,1.0,0.6035493139831796,0.5941223024353397,0.6083609058394914,0.6013965138428365,0.596815616221876,0.5979411658535472,0.5962106633275555
0,5,0.3483507536071008,0.889950717805871,4667,2.1750555992126466,0.4370179948586118,778,2.1729381518622937,0.4359,0.7974950056406913,0.0840612522509502,,,0.8499375893193037,,0.8499472918026203,0.1500527081973797,0,0.39575539043151764,5,0.1,0.5,0.5880511755533575,0.5842641160755615,0.6110919682947275,0.5927272542163189,0.6035493139831796,1.0,0.6002170530156128,0.6034454811250102,0.6160827866669323,0.6146455698926683,0.594396413169937,0.6138041359918806
0,6,0.356718271330132,0.8911295755670334,4453,2.181328276793162,0.4137466307277628,742,2.1731663115870075,0.4373,0.7895408844762888,0.08322283523152536,,,0.7306762362046145,,0.7307012700165655,0.2692987299834345,0,0.39536031187721743,5,0.1,0.5,0.5764144759746378,0.5801553141460907,0.6099828700399921,0.5921810052975721,0.5941223024353397,0.6002170530156128,1.0,0.6051884769195811,0.6024233459236572,0.603481925089133,0.6065441551720627,0.5960077386231863
0,7,0.35420539101113135,0.8885199906476502,4277,2.172448261924412,0.4474053295932679,713,2.1729471531158056,0.4368,0.7946944198713738,0.08376605197365705,,,0.8079465708951268,,0.807961447718488,0.192038552281512,0,0.3956761078387447,5,0.1,0.5,0.5734413691505634,0.593161932203837,0.6128697207655041,0.5919809988236086,0.6083609058394914,0.6034454811250102,0.6051884769195811,1.0,0.6059973730656323,0.6148221721974882,0.6090134074160353,0.6177651454824683
0,8,0.3848071202791806,0.8773552918382175,4129,2.1687680157748135,0.43459302325581395,688,2.173555868502242,0.4353,0.7828669784765764,0.0825193613642624,,,0.6306099883269658,,0.6306309924200593,0.36936900757994073,0,0.3943730174613728,5,0.1,0.5,0.5722515730179092,0.5691526553464863,0.5956046646213776,0.5926981216293387,0.6013965138428365,0.6160827866669323,0.6024233459236572,0.6059973730656323,1.0,0.589581630813966,0.5883305478849865,0.5991205832092644
0,9,0.391124118763643,0.8806798300424894,4001,2.171641883395967,0.431784107946027,667,2.1732325119713245,0.4373,0.7866737210869996,0.08292061723240686,,,0.6876869758777991,,0.687701420611415,0.31229857938858496,0,0.3950312325000376,5,0.1,0.5,0.5773584026568344,0.5774024129058404,0.6131709796247752,0.5841265290640956,0.596815616221876,0.6146455698926683,0.603481925089133,0.6148221721974882,0.589581630813966,1.0,0.6019276777735756,0.6030445023528844
0,10,0.4000717701481991,0.8725636410388274,3889,2.172577449253627,0.4537037037037037,648,2.173850431228979,0.4352,0.7808254490989961,0.0823041706548878,,,0.6,,0.6,0.4,0,0.39386937797185545,5,0.1,0.5,0.5799086182561692,0.5732193549610963,0.5978007271966924,0.5750181427994264,0.5979411658535472,0.594396413169937,0.6065441551720627,0.6090134074160353,0.5883305478849865,0.6019276777735756,1.0,0.6071903958110966
0,11,0.38328424519820126,0.8797151147454497,3791,2.173959958553314,0.4240506329113924,632,2.173337437474309,0.4368,0.7844562607588674,0.082686882236349,,,0.6544391394738577,,0.654450077807339,0.345549922192661,0,0.3946810059285642,5,0.1,0.5,0.5772609686642105,0.5694311894339635,0.6052025367803984,0.5926520653343103,0.5962106633275555,0.6138041359918806,0.5960077386231863,0.6177651454824683,0.5991205832092644,0.6030445023528844,0.6071903958110966,1.0
1,0,0.24938542781549902,0.9246408570732895,8214,2.0168319857397745,0.7494521548575602,1369,2.0161393976059205,0.7514,0.7946425130320774,0.08395053313728114,,,0.9275400380622776,,0.9275588574870739,0.0724411425129261,0.9570545880876282,0.39836537884648954,5,0.1,0.5,1.0,0.6146593611530626,0.6091319213762251,0.61187784632063,0.6085758293701412,0.6292199541516053,0.6125027344482367,0.6197151931197038,0.4410493778057495,0.6185235646231804,0.6117373067737347,0.6139638516064331
1,1,0.26230935692533996,0.9180407666565257,6574,2.01776955808912,0.7518248175182481,1096,2.016519388832604,0.7514,0.8060750885775765,0.08353933369776174,,,0.9086197260061335,,0.9086341047136188,0.09136589528638117,0.9556665370391579,0.39835838165316495,5,0.1,0.5,0.6146593611530626,1.0,0.6296050209568994,0.6264126776620741,0.6305742713878191,0.625431893187639,0.6264252823178503,0.6297560128719206,0.4472852701807549,0.6239398880855975,0.6251723953133081,0.6267044706232001
1,2,0.27697103614018437,0.9150613868234481,5783,2.0150227162145797,0.7313278008298755,964,2.0161045557393815,0.7514,0.8107193080219661,0.0848733251335271,,,0.9699999999539874,,0.9700015059484965,0.029998494051503455,0.9571018199657839,0.39837130287533146,5,0.1,0.5,0.6091319213762251,0.6296050209568994,1.0,0.6391900448143804,0.6308275160989053,0.631795342158601,0.624867828138723,0.6347194887812725,0.44886562972069827,0.6389112186968717,0.6283543984217118,0.62647436833137
1,3,0.29628338593406134,0.9083790429355022,5287,2.013822082962309,0.7514188422247446,881,2.01665902823305,0.7507,0.8133683570698648,0.08354223486259714,,,0.9087532158379195,,0.9087696400783093,0.0912303599216907,0.9544520478825984,0.39835841822081497,5,0.1,0.5,0.61187784632063,0.6264126776620741,0.6391900448143804,1.0,0.6385674252758553,0.6391199365726449,0.6327212395679037,0.642886943305814,0.45510479949112775,0.6383085861901355,0.6267571119973003,0.6262890885942697
1,4,0.28730409329096157,0.9126241134751774,4935,2.015481261106638,0.7518248175182481,822,2.016446179094406,0.7507,0.8124523836263664,0.08389228930927568,,,0.9248600942313823,,0.9248732493348727,0.0751267506651273,0.9561034058735949,0.39836454596622406,5,0.1,0.5,0.6085758293701412,0.6305742713878191,0.6308275160989053,0.6385674252758553,1.0,0.6363021747270671,0.6257579051695099,0.6404429026526324,0.4597542510807479,0.6283329642906714,0.6330092156763346,0.634213259557297
1,5,0.3009940805730142,0.9079922862652667,4667,2.0183683252334594,0.7532133676092545,778,2.016155765460322,0.7517,0.8192646158866387,0.08461100699454518,,,0.9579300879586652,,0.9579438783193615,0.04205612168063855,0.9569296901253526,0.3983705987679588,5,0.1,0.5,0.6292199541516053,0.625431893187639,0.631795342158601,0.6391199365726449,0.6363021747270671,1.0,0.6320305854077939,0.647977984640551,0.4564656292058451,0.6413743977662703,0.6466064912213193,0.6419625762164962
1,6,0.31031994865408963,0.907747585897148,4453,2.025470957159996,0.738544474393531,742,2.016496831997515,0.7511,0.8110782163039174,0.08376657627909401,,,0.9190757240889016,,0.9190954269363988,0.08090457306360122,0.9558675579411524,0.39836266250862795,5,0.1,0.5,0.6125027344482367,0.6264252823178503,0.624867828138723,0.6327212395679037,0.6257579051695099,0.6320305854077939,1.0,0.6443082027225979,0.4522694588375953,0.6353959736098946,0.6372886771774141,0.6301906706518743
1,7,0.3056385231913248,0.904512508767828,4277,2.0172853936319766,0.7657784011220197,713,2.016215395622741,0.7519,0.8224256386674107,0.08452529812750226,,,0.9539864091629788,,0.9539982932583706,0.0460017067416294,0.956697514539281,0.3983702408971162,5,0.1,0.5,0.6197151931197038,0.6297560128719206,0.6347194887812725,0.642886943305814,0.6404429026526324,0.647977984640551,0.6443082027225979,1.0,0.4623383338778021,0.6513861710938504,0.6430977267109214,0.6433152929562249
1,8,0.432839933592253,0.8772099782029548,4129,2.00679489699277,0.7601744186046512,688,2.018303808693688,0.7486,0.6263986866212694,0.07683203109187581,,,0.6,,0.6,0.4,0.9525991614440082,0.39626125227631553,5,0.1,0.5,0.4410493778057495,0.4472852701807549,0.44886562972069827,0.45510479949112775,0.4597542510807479,0.4564656292058451,0.4522694588375953,0.4623383338778021,1.0,0.4581293641867394,0.4556384118217742,0.45763089664519946
1,9,0.3446173276984429,0.8937765558610348,4001,2.0157488130387806,0.7631184407796102,667,2.016618277699041,0.7508,0.8166229848505138,0.0837596652673009,,,0.9187577311949859,,0.918774157923799,0.08122584207620098,0.9550205640305706,0.39836251633292297,5,0.1,0.5,0.6185235646231804,0.6239398880855975,0.6389112186968717,0.6383085861901355,0.6283329642906714,0.6413743977662703,0.6353959736098946,0.6513861710938504,0.4581293641867394,1.0,0.6336312120860906,0.639821870154927
1,10,0.34654225066120997,0.8927230650552841,3889,2.019136315300351,0.7577160493827161,648,2.0174928419887066,0.7483,0.8130650346777423,0.0832249724577439,,,0.894155181097109,,0.8941669594899855,0.10583304051001452,0.9519754810104902,0.3983493759917449,5,0.1,0.5,0.6117373067737347,0.6251723953133081,0.6283543984217118,0.6267571119973003,0.6330092156763346,0.6466064912213193,0.6372886771774141,0.6430977267109214,0.4556384118217742,0.6336312120860906,1.0,0.6353023842186144
1,11,0.3340273993418497,0.8967554734898444,3791,2.01845041513443,0.7389240506329114,632,2.01676279592057,0.7502,0.8131549853084328,0.08348273364149505,,,0.9060154162137545,,0.9060388534712113,0.09396114652878873,0.9541079250754277,0.3983571356892244,5,0.1,0.5,0.6139638516064331,0.6267044706232001,0.62647436833137,0.6262890885942697,0.634213259557297,0.6419625762164962,0.6301906706518743,0.6433152929562249,0.45763089664519946,0.639821870154927,0.6353023842186144,1.0
2,0,0.22708194212342978,0.9297053810567324,8214,1.8166177577750628,0.8794740686632578,1369,1.8163480857690684,0.8758,0.7986807563307172,0.08335812717382628,,,0.8966128940442224,,0.8966266753677025,0.10337332463229754,0.9663692767909946,0.4048794625353149,5,0.1,0.5,1.0,0.6154312943057281,0.6209563776708386,0.617845496322981,0.6112835024570998,0.6263484336813292,0.6112652984426249,0.6129703335817417,0.5946656005873411,0.6136175149949886,0.6171864325770863,0.6150628986381469
2,1,0.2431580066754374,0.925463948889565,6574,1.8148805924824305,0.8914233576642335,1096,1.8168749915906035,0.8754,0.8087716481442145,0.08343745838127245,,,0.9015230166349566,,0.9015410872948145,0.09845891270518548,0.9663601796082124,0.40488265738167056,5,0.1,0.5,0.6154312943057281,1.0,0.6306758533734494,0.6294713359072246,0.6306045645910443,0.625946893829791,0.6117659062558513,0.6325817763233721,0.6110594957781117,0.6215820779049069,0.6284929414479782,0.6196076270585682
2,2,0.2536557999465265,0.9217707072453744,5783,1.816064553876077,0.8641078838174274,964,1.8162911044903838,0.8761,0.8116852541609054,0.08442154746208572,,,0.9624321869671313,,0.9624466643240801,0.0375533356759199,0.9664251103335892,0.4049001387316191,5,0.1,0.5,0.6209563776708386,0.6306758533734494,1.0,0.6292340288092156,0.6291500547755373,0.6276376241675365,0.6225119906402414,0.633133746435642,0.6167710120162129,0.6260371736742948,0.6238477845403007,0.6199612185186917
2,3,0.27487293140337166,0.9161339133724229,5287,1.8129475031580244,0.8706015891032917,881,1.8170559196807325,0.8747,0.813819469479755,0.08361516007530964,,,0.9125216782007188,,0.9125395311480348,0.08746046885196523,0.9663735217664992,0.4048885172045515,5,0.1,0.5,0.617845496322981,0.6294713359072246,0.6292340288092156,1.0,0.6237295580331312,0.6348314581991764,0.6225444519978831,0.645291097683154,0.6145736047562704,0.6328294119294384,0.6262278617989824,0.6295580703674873
2,4,0.2597777487577931,0.9209321175278622,4935,1.8185976193501399,0.8746958637469586,822,1.8167612925885965,0.8754,0.8112066033015988,0.08375578270886459,,,0.9212253698753374,,0.9212489332864816,0.07875106671351839,0.9663979522626355,0.4048920466798222,5,0.1,0.5,0.6112835024570998,0.6306045645910443,0.6291500547755373,0.6237295580331312,1.0,0.6366803465611206,0.6127317211450239,0.6359345659637241,0.6192761403709404,0.6263086465604615,0.626474754136542,0.627599022717771
2,5,0.2749681714156719,0.9155774587529463,4667,1.8192235469818114,0.8611825192802056,778,1.816370719157088,0.876,0.8174792566757666,0.08444975292570962,,,0.9641779348081161,,0.9641935645800913,0.03580643541990869,0.9664266025074558,0.4049002662684916,5,0.1,0.5,0.6263484336813292,0.625946893829791,0.6276376241675365,0.6348314581991764,0.6366803465611206,1.0,0.6238878725043201,0.6377395633115395,0.6237687270840767,0.628525542964888,0.6337284359118444,0.6386447860567387
2,6,0.28080632090368973,0.9166404671008309,4453,1.8274633238712947,0.8571428571428571,742,1.8168300908213606,0.8753,0.802496482527922,0.08336928966236383,,,0.8973037846647167,,0.8973194116761207,0.10268058832387927,0.9663682945767187,0.40487987274725445,5,0.1,0.5,0.6112652984426249,0.6117659062558513,0.6225119906402414,0.6225444519978831,0.6127317211450239,0.6238878725043201,1.0,0.6270041771636301,0.6110491879803032,0.6162505162312432,0.6203195887078153,0.6163027551226534
2,7,0.27956604446048167,0.9157353285012859,4277,1.820001026858454,0.884992987377279,713,1.8164796966333359,0.8759,0.8218089328414726,0.08454381808356616,,,0.969999999938106,,0.9700015059484965,0.029998494051503455,0.9664270837571064,0.40490058485780345,5,0.1,0.5,0.6129703335817417,0.6325817763233721,0.633133746435642,0.645291097683154,0.6359345659637241,0.6377395633115395,0.6270041771636301,1.0,0.6299233244624572,0.6409702785568396,0.6428089870859611,0.6421942271011798
2,8,0.3119635139215881,0.9050133204165658,4129,1.802075440233404,0.8909883720930233,688,1.820931085763267,0.8723,0.7963156569358056,0.078565851911079,,,0.6,,0.6,0.4,0.9618729713509356,0.4026129720957365,5,0.1,0.5,0.5946656005873411,0.6110594957781117,0.6167710120162129,0.6145736047562704,0.6192761403709404,0.6237687270840767,0.6110491879803032,0.6299233244624572,1.0,0.6149984022337841,0.6132852139947046,0.618726030855684
2,9,0.3101826392643113,0.9077230692326919,4001,1.8160107192539034,0.8785607196401799,667,1.8170044917268113,0.8749,0.8109923855056328,0.08366057301469705,,,0.915332464860547,,0.9153556548366046,0.08464434516339536,0.9663853980109675,0.40488970944319946,5,0.1,0.5,0.6136175149949886,0.6215820779049069,0.6260371736742948,0.6328294119294384,0.6263086465604615,0.628525542964888,0.6162505162312432,0.6409702785568396,0.6149984022337841,1.0,0.6315906915007748,0.6253270715413454
2,10,0.3087557276222305,0.9064541013113911,3889,1.8233667385010492,0.875,648,1.818094477485925,0.8737,0.8120766099086179,0.08334455304699036,,,0.8957727375790411,,0.8957883640379499,0.10421163596205008,0.9663443648559741,0.40487883697291305,5,0.1,0.5,0.6171864325770863,0.6284929414479782,0.6238477845403007,0.6262278617989824,0.626474754136542,0.6337284359118444,0.6203195887078153,0.6428089870859611,0.6132852139947046,0.6315906915007748,1.0,0.6267235373954625
2,11,0.29177348368621175,0.9135320495911369,3791,1.819672405719757,0.8686708860759493,632,1.8171805459470414,0.8746,0.8110137132003311,0.08347808555423543,,,0.9040375932585196,,0.904056021284072,0.09594397871592797,0.966362112261943,0.4048841573278333,5,0.1,0.5,0.6150628986381469,0.6196076270585682,0.6199612185186917,0.6295580703674873,0.627599022717771,0.6386447860567387,0.6163027551226534,0.6421942271011798,0.618726030855684,0.6253270715413454,0.6267235373954625,1.0
3,0,0.2117223349867338,0.9347212076941807,8214,1.5896550444669502,0.9159970781592404,1369,1.5907212156838122,0.9171,0.7903178808878306,0.08302896512732545,,,0.8771449611427995,,0.8771597811354852,0.1228402188645148,0.9696611447025651,0.39987368527282263,5,0.1,0.5,1.0,0.6054893153412478,0.6002559103348644,0.6092733257213891,0.5988029505937397,0.6103957589936113,0.5962560359272095,0.6071632989750683,0.5482287494333199,0.6121240337702436,0.5936773545987564,0.6003623311590934
3,1,0.22284740474689932,0.9327654396105871,6574,1.585357325417655,0.9288321167883211,1096,1.5913642104060506,0.9172,0.8069484102942851,0.0836632899137925,,,0.9124207463938296,,0.9124341147532754,0.0875658852467246,0.9697155635916047,0.3999005093784125,5,0.1,0.5,0.6054893153412478,1.0,0.6282248069343263,0.6226906082586915,0.623453609451682,0.6201894560944422,0.6179851625404841,0.6314988049031107,0.5554323504220468,0.60689733114944,0.6198519207141825,0.6089437363972212
3,2,0.2271101361284681,0.9311084212346533,5783,1.5915887740350538,0.9087136929460581,964,1.5906643311436566,0.9168,0.8052660069314705,0.08425835692151072,,,0.9455133456774798,,0.9455348627076954,0.05446513729230462,0.9697684366576494,0.3999114808363381,5,0.1,0.5,0.6002559103348644,0.6282248069343263,1.0,0.6248935343383081,0.6203886028522643,0.6213183954568874,0.6198398050811391,0.6231339005354589,0.5544243297453905,0.6106779418079126,0.6094104546568124,0.6075979350984014
3,3,0.24828938091039118,0.9237374692642331,5287,1.586627525942666,0.9194097616345063,881,1.591581197592397,0.917,0.8073348862921129,0.08379488468037391,,,0.9197389354747578,,0.9197530244465639,0.08024697555343607,0.9697300319169839,0.3999038804108576,5,0.1,0.5,0.6092733257213891,0.6226906082586915,0.6248935343383081,1.0,0.6074408640215411,0.6340760044838399,0.61289675516646,0.6305591862387626,0.5525048496774888,0.6208142288732548,0.6137900618835678,0.6143451310478789
3,4,0.2366474561405278,0.9300911854103343,4935,1.5955600096629217,0.9172749391727494,822,1.5912148564006574,0.9172,0.8031792763318674,0.08374299320384619,,,0.9168531699782746,,0.9168716429898097,0.08312835701019028,0.9697337480718384,0.3999026307379138,5,0.1,0.5,0.5988029505937397,0.623453609451682,0.6203886028522643,0.6074408640215411,1.0,0.6189501098031884,0.6136522400796401,0.6257179080682014,0.5549530454624406,0.6144450062803254,0.6128969858668831,0.6125374048147066
3,5,0.25225844246475665,0.9250053567602314,4667,1.595321478843689,0.9074550128534704,778,1.5907693073010674,0.917,0.8139302448700637,0.0845801087744878,,,0.9634064652778596,,0.9634205110185232,0.03657948898147678,0.9697739457861954,0.3999137468187453,5,0.1,0.5,0.6103957589936113,0.6201894560944422,0.6213183954568874,0.6340760044838399,0.6189501098031884,1.0,0.62129036466488,0.6310031546726483,0.57071748050652,0.6257050911954385,0.6239901542862801,0.626267473271121
3,6,0.24767771481004144,0.9258028295531102,4453,1.6038576414187748,0.9002695417789758,742,1.5913075920872795,0.9172,0.8035096069883562,0.08349772983891826,,,0.9032136938365172,,0.9032277496109633,0.0967722503890367,0.9696942262814463,0.39989544855256226,5,0.1,0.5,0.5962560359272095,0.6179851625404841,0.6198398050811391,0.61289675516646,0.6136522400796401,0.62129036466488,1.0,0.6269077848015493,0.5513684504159415,0.6175981165667913,0.6158427267720715,0.6142903964710272
3,7,0.24564083447999585,0.9257423427636193,4277,1.596722556197125,0.9158485273492286,713,1.5909202856758533,0.917,0.8155332180191845,0.08469867289544629,,,0.9699999999443885,,0.9700015059484965,0.029998494051503455,0.9697759332637613,0.3999142128976795,5,0.1,0.5,0.6071632989750683,0.6314988049031107,0.6231339005354589,0.6305591862387626,0.6257179080682014,0.6310031546726483,0.6269077848015493,1.0,0.571754849556237,0.6259234264320008,0.6218131164224884,0.6233988145096646
3,8,0.31969935962921364,0.9092758537176072,4129,1.5732452164996753,0.9302325581395349,688,1.5983004710925655,0.9144,0.7388709217542396,0.07804537887839308,,,0.6,,0.6,0.4,0.9649163054990783,0.3975696896020379,5,0.1,0.5,0.5482287494333199,0.5554323504220468,0.5544243297453905,0.5525048496774888,0.5549530454624406,0.57071748050652,0.5513684504159415,0.571754849556237,1.0,0.5529838887254627,0.5525759393170085,0.5517425552510661
3,9,0.2776789546571857,0.9184203949012747,4001,1.5897568010148548,0.9235382308845578,667,1.5915144392476677,0.9169,0.8051808520092697,0.08374972860748486,,,0.9172277362216341,,0.9172481301139501,0.08275186988604988,0.9697318959408681,0.39990281850459763,5,0.1,0.5,0.6121240337702436,0.60689733114944,0.6106779418079126,0.6208142288732548,0.6144450062803254,0.6257050911954385,0.6175981165667913,0.6259234264320008,0.5529838887254627,1.0,0.6224742622524071,0.6131350756960261
3,10,0.2770303610223727,0.9168423759321163,3889,1.6028697660991125,0.9182098765432098,648,1.592808189102636,0.9166,0.8025966076337262,0.08344936306032319,,,0.9005239422590853,,0.900547161287084,0.09945283871291599,0.9696909308125231,0.3998937836151947,5,0.1,0.5,0.5936773545987564,0.6198519207141825,0.6094104546568124,0.6137900618835678,0.6128969858668831,0.6239901542862801,0.6158427267720715,0.6218131164224884,0.5525759393170085,0.6224742622524071,1.0,0.6131810934110236
3,11,0.2691892045056995,0.9196518069111053,3791,1.595701479911804,0.9161392405063291,632,1.5917312005838267,0.9172,0.8012365591537419,0.08349052809809754,,,0.9028131938591469,,0.9028311831735355,0.0971688168264645,0.969707869961337,0.3998951759578701,5,0.1,0.5,0.6003623311590934,0.6089437363972212,0.6075979350984014,0.6143451310478789,0.6125374048147066,0.626267473271121,0.6142903964710272,0.6233988145096646,0.5517425552510661,0.6131350756960261,0.6131810934110236,1.0
4,0,0.19835558684256493,0.9391039688336985,8214,1.3549934071163798,0.9298758217677137,1369,1.3577880691796447,0.9344,0.7829961891456466,0.08334181819677886,,,0.8983086777382483,,0.898318357512173,0.10168164248782696,0.9665723545895023,0.388785808957211,5,0.1,0.5,1.0,0.5948596649637122,0.5938831873451031,0.5842682786811195,0.5867204684901702,0.5955624704120621,0.5862620791059922,0.5840836494389747,0.4828370887940477,0.5335064703384941,0.5806898272265555,0.5788206504491092
4,1,0.2038105739131389,0.9372680255552175,6574,1.3483706508363997,0.9434306569343066,1096,1.3584819137097928,0.9345,0.7935980599594938,0.084141645274222,,,0.9308775390295398,,0.9308970433211184,0.06910295667888156,0.9666598643561931,0.3888024809747215,5,0.1,0.5,0.5948596649637122,1.0,0.6037401298799357,0.6028779162677926,0.6047319312104138,0.601917161163075,0.5928150334243474,0.6050130906035829,0.4806369985752709,0.5304631252684401,0.5937675487137063,0.5856105861983447
4,2,0.21061045019501481,0.9366764655023344,5783,1.359983036595006,0.9253112033195021,964,1.3577044619538914,0.9344,0.7933145312853151,0.0845308159834267,,,0.9467245229641674,,0.9467396215049445,0.053260378495055494,0.96668622776855,0.3888063853431367,5,0.1,0.5,0.5938831873451031,0.6037401298799357,1.0,0.6028207047174697,0.594899995014985,0.6012274625900306,0.6045816722719943,0.6020729391687271,0.4825873996143487,0.531998774257765,0.5888952514584767,0.584455760366671
4,3,0.23232381482754486,0.9301683374314356,5287,1.353369116783142,0.9284903518728718,881,1.3587282793209576,0.934,0.7905039513043303,0.084120680194596,,,0.9300238435376558,,0.9300436725064003,0.0699563274935997,0.9666692264697592,0.3888022572051234,5,0.1,0.5,0.5842682786811195,0.6028779162677926,0.6028207047174697,1.0,0.592725360543547,0.6072946023390854,0.5931310176655789,0.6029114165523141,0.48114509670501293,0.5403336393811539,0.5802157439501822,0.579207622283885
4,4,0.22306471794242821,0.9357244174265451,4935,1.3646981165959284,0.9330900243309003,822,1.3583105787301597,0.9345,0.7922435424475633,0.08414728878630866,,,0.9311073421551528,,0.9311279554239245,0.06887204457607554,0.9666642629370426,0.38880259155952435,5,0.1,0.5,0.5867204684901702,0.6047319312104138,0.594899995014985,0.592725360543547,1.0,0.6038832342653837,0.592418692277137,0.6063810359120401,0.48597987407660403,0.5324004905135836,0.5892098623755594,0.5944572262760378
4,5,0.23034422661828463,0.9314763231197771,4667,1.3647514390945434,0.9305912596401028,778,1.3578299184957632,0.9342,0.801565741665049,0.0850379710706784,,,0.9673758164195928,,0.9673911952211235,0.03260880477887651,0.9666988715065841,0.3888088309167638,5,0.1,0.5,0.5955624704120621,0.601917161163075,0.6012274625900306,0.6072946023390854,0.6038832342653837,1.0,0.5952880124054039,0.6137185387643767,0.4973623411726079,0.5467715101166069,0.6000747854037453,0.6041021198818605
4,6,0.2316779019936387,0.9330339097237818,4453,1.372668370604515,0.9245283018867925,742,1.3584133782706702,0.9345,0.7920170110333589,0.0839747640188498,,,0.9240821546125628,,0.9241001957733046,0.0758998042266954,0.9666483473060147,0.38880013667429836,5,0.1,0.5,0.5862620791059922,0.5928150334243474,0.6045816722719943,0.5931310176655789,0.592418692277137,0.5952880124054039,1.0,0.6026833247849529,0.48622260383858257,0.5448456323250572,0.595013205629202,0.5897116502417563
4,7,0.22684807329744433,0.9308861351414542,4277,1.3652136584986811,0.9396914446002805,713,1.3580096998153783,0.9343,0.8011383362923853,0.08510241584915715,,,0.9699999999592801,,0.9700015059484965,0.029998494051503455,0.9666988862020751,0.3888089831231703,5,0.1,0.5,0.5840836494389747,0.6050130906035829,0.6020729391687271,0.6029114165523141,0.6063810359120401,0.6137185387643767,0.6026833247849529,1.0,0.49073041077601387,0.5505956919056518,0.6049774125758963,0.5989935599669953
4,8,0.32258495264345793,0.9118914991523371,4129,1.337597987868569,0.9491279069767442,688,1.3684403328849866,0.9323,0.6701886717812523,0.07601594469578829,,,0.6,,0.6,0.4,0.9614356225191947,0.38640194261842564,5,0.1,0.5,0.4828370887940477,0.4806369985752709,0.4825873996143487,0.48114509670501293,0.48597987407660403,0.4973623411726079,0.48622260383858257,0.49073041077601387,1.0,0.44400225583810393,0.4806767467534646,0.4743193356537824
4,9,0.29946008002813856,0.9157210697325668,4001,1.3565085218066262,0.9430284857571214,667,1.3587718204187509,0.9343,0.7327077490124899,0.08204982714256516,,,0.8456989591865944,,0.8457155765272828,0.1542844234727172,0.9664953425019905,0.38872059848834334,5,0.1,0.5,0.5335064703384941,0.5304631252684401,0.531998774257765,0.5403336393811539,0.5324004905135836,0.5467715101166069,0.5448456323250572,0.5505956919056518,0.44400225583810393,1.0,0.540699999508204,0.5330687945461419
4,10,0.254680072168102,0.9237336076112111,3889,1.3749071643466042,0.933641975308642,648,1.3600779562331617,0.9343,0.7883619403348062,0.08381327227807477,,,0.9175062305743255,,0.9175242206716531,0.08247577932834693,0.9666412581133065,0.38879728211242975,5,0.1,0.5,0.5806898272265555,0.5937675487137063,0.5888952514584767,0.5802157439501822,0.5892098623755594,0.6000747854037453,0.595013205629202,0.6049774125758963,0.4806767467534646,0.540699999508204,1.0,0.5946681284147664
4,11,0.24295780061736327,0.9284093906620944,3791,1.3649336993694305,0.9382911392405063,632,1.3589039134522216,0.934,0.7850387243966053,0.08372355650955418,,,0.9138530153944526,,0.9138697856533307,0.08613021434666934,0.9666417789930486,0.38879537466109987,5,0.1,0.5,0.5788206504491092,0.5856105861983447,0.584455760366671,0.579207622283885,0.5944572262760378,0.6041021198818605,0.5897116502417563,0.5989935599669953,0.4743193356537824,0.5330687945461419,0.5946681284147664,1.0
5,0,0.18654753437070068,0.943072802532262,8214,1.1089835180792698,0.9430241051862673,1369,1.1136617098753445,0.942,0.7721835274925286,0.08312538834317534,,,0.8792179459965999,,0.8792279504040962,0.12077204959590382,0.9651143496277738,0.3892373099112386,5,0.1,0.5,1.0,0.5792962667849928,0.5754580320912013,0.5748385988734817,0.566036715878455,0.5772082016577673,0.5659942437018615,0.5641081599975917,0.5380852767942133,0.5458240992341623,0.5633041895563816,0.5608984454044507
5,1,0.19084896056560202,0.9416793428658351,6574,1.100266364642552,0.948905109489051,1096,1.114323034834938,0.9421,0.7868203146741306,0.08417813041295334,,,0.9299326139038655,,0.9299432759399628,0.07005672406003716,0.9652306033148896,0.38927463869713463,5,0.1,0.5,0.5792962667849928,1.0,0.5989712977282432,0.5858264418539028,0.5821047365854706,0.5802294066051651,0.5845873743841262,0.5860954909210697,0.5489988749605074,0.5483540215679438,0.5811785807781283,0.567712536512743
5,2,0.19864581573795712,0.9396852844544354,5783,1.1168029116046043,0.9346473029045643,964,1.1135005787157783,0.942,0.7893919320926427,0.08452979818383924,,,0.9468738141524009,,0.9468851965262788,0.05311480347372122,0.965253996734713,0.3892796940873214,5,0.1,0.5,0.5754580320912013,0.5989712977282432,1.0,0.5878904587124871,0.5811162907871655,0.5826042446120855,0.5900744132330593,0.588225824858213,0.5448855582741131,0.561448436351831,0.5820011228535784,0.5725004646555293
5,3,0.21775432385234947,0.9341025156043125,5287,1.1094542720488139,0.9364358683314415,881,1.114592751565452,0.942,0.7833559752674594,0.08404182722301141,,,0.9233663606771245,,0.9233773404949551,0.07662265950504488,0.9652269656186565,0.38927193909366,5,0.1,0.5,0.5748385988734817,0.5858264418539028,0.5878904587124871,1.0,0.5703745248902735,0.5903421580993032,0.5754121557259494,0.5863480267657925,0.5460819391437214,0.5597160227173404,0.5713047068014352,0.5630875731200797
5,4,0.20259499744241757,0.939371833839919,4935,1.1220159072142382,0.9428223844282239,822,1.1141397817828023,0.942,0.7812052201247213,0.08398377293403322,,,0.9205696604495538,,0.9205913357763165,0.07940866422368353,0.9652180403394321,0.3892706958660795,5,0.1,0.5,0.566036715878455,0.5821047365854706,0.5811162907871655,0.5703745248902735,1.0,0.5843470252167896,0.5721861916165858,0.5896215567462196,0.5532398598157628,0.5476070281679244,0.568595269644797,0.5763699027786777
5,5,0.21106586406543237,0.9372187700878508,4667,1.1230422449111939,0.9370179948586118,778,1.1136437155568182,0.942,0.7899248927668868,0.08488863090406785,,,0.9641601777955795,,0.9641734852668039,0.03582651473319609,0.9652606940431382,0.38928222301118764,5,0.1,0.5,0.5772082016577673,0.5802294066051651,0.5826042446120855,0.5903421580993032,0.5843470252167896,1.0,0.583036156597962,0.5912139677151429,0.5564256210965655,0.5625370950551896,0.5811347741211023,0.5796558324471617
5,6,0.21225843135666633,0.9384684482371435,4453,1.1302388062079747,0.9353099730458221,742,1.114255776610999,0.9421,0.7840666574909312,0.08396907462457812,,,0.9198615858848399,,0.9198735003262889,0.0801264996737111,0.9652050160946067,0.38927027995581237,5,0.1,0.5,0.5659942437018615,0.5845873743841262,0.5900744132330593,0.5754121557259494,0.5721861916165858,0.583036156597962,1.0,0.5914864949002919,0.5525079362761492,0.5534213806949552,0.5745793558503776,0.5757136611616219
5,7,0.20314540960200464,0.9380874444704232,4277,1.1226911959440813,0.9396914446002805,713,1.113839729906271,0.942,0.7921357862487793,0.08500985473767639,,,0.9699999999518261,,0.9700015059484965,0.029998494051503455,0.9652616258284806,0.3892826698572352,5,0.1,0.5,0.5641081599975917,0.5860954909210697,0.588225824858213,0.5863480267657925,0.5896215567462196,0.5912139677151429,0.5914864949002919,1.0,0.5605031327136359,0.5634661558787288,0.5878167403457293,0.580304385446185
5,8,0.26477198664496215,0.9233228384596754,4129,1.0917941656979648,0.9578488372093024,688,1.1269471178801296,0.9397,0.747121873478884,0.07732934371708977,,,0.6,,0.6,0.4,0.960017804306411,0.38677550239648073,5,0.1,0.5,0.5380852767942133,0.5489988749605074,0.5448855582741131,0.5460819391437214,0.5532398598157628,0.5564256210965655,0.5525079362761492,0.5605031327136359,1.0,0.5279072914374668,0.5424748147147972,0.5480425861484963
5,9,0.2684162596767627,0.9229692576855786,4001,1.1123982611156644,0.9445277361319341,667,1.114848388650547,0.9421,0.7573623558111626,0.08173616475055753,,,0.8122936582996065,,0.8123086190452287,0.18769138095477134,0.9647410349009303,0.3890921695413383,5,0.1,0.5,0.5458240992341623,0.5483540215679438,0.561448436351831,0.5597160227173404,0.5476070281679244,0.5625370950551896,0.5534213806949552,0.5634661558787288,0.5279072914374668,1.0,0.5562086395184125,0.5535487096905114
5,10,0.2369053443351791,0.9288763178194909,3889,1.134774542990185,0.941358024691358,648,1.1159475042035405,0.9417,0.7793611290938876,0.08369475612054995,,,0.9066465997719169,,0.9066663320114452,0.0933336679885548,0.9651851204186764,0.38926260177042166,5,0.1,0.5,0.5633041895563816,0.5811785807781283,0.5820011228535784,0.5713047068014352,0.568595269644797,0.5811347741211023,0.5745793558503776,0.5878167403457293,0.5424748147147972,0.5562086395184125,1.0,0.5668064533817153
5,11,0.2251959001747187,0.9342653653389607,3791,1.1218880861997604,0.9414556962025317,632,1.1147718945631204,0.942,0.7759222817025156,0.08351325804846786,,,0.8979031338122128,,0.8979167712464233,0.10208322875357667,0.9651732956902679,0.389255968454434,5,0.1,0.5,0.5608984454044507,0.567712536512743,0.5725004646555293,0.5630875731200797,0.5763699027786777,0.5796558324471617,0.5757136611616219,0.580304385446185,0.5480425861484963,0.5535487096905114,0.5668064533817153,1.0
6,0,0.1777993311888107,0.9455807158509861,8214,0.8760442165441291,0.9488677867056245,1369,0.882009429101365,0.9475,0.7641201403618378,0.08309771958815287,,,0.8561738508368553,,0.8561919582350284,0.14380804176497164,0.9660414604192344,0.38337789001168804,5,0.1,0.5,1.0,0.570649479589328,0.5505415624810434,0.55255947739867,0.5408313298232963,0.5580755431292034,0.5324898281240747,0.5546623864214792,0.5397120405220188,0.5469861092747643,0.5458074614082431,0.5399684575502558
6,1,0.1814896349198393,0.9449650136902951,6574,0.8651340024811881,0.9543795620437956,1096,0.8825016257861933,0.9471,0.7758554302221481,0.08422308840930692,,,0.9266107435240545,,0.9266301892475277,0.07336981075247229,0.9662800552210838,0.3834494925205157,5,0.1,0.5,0.570649479589328,1.0,0.5678734487951201,0.562276107328392,0.5626234007623442,0.5604939845638236,0.5468142034725341,0.5705544444031129,0.5512107685715892,0.538080566443528,0.5588515371404109,0.5450462510031407
6,2,0.18449044770082634,0.9442503890714162,5783,0.8857489843522349,0.941908713692946,964,0.8816859489812637,0.9474,0.7726559714518385,0.0843465639662528,,,0.934339085015842,,0.934350685206566,0.06564931479343405,0.9662998673559476,0.3834519842845376,5,0.1,0.5,0.5505415624810434,0.5678734487951201,1.0,0.5675243553615418,0.5550723429717088,0.5569479854048318,0.5504677470808564,0.5648294734567845,0.5447757245200021,0.5492654854129798,0.5555258392379364,0.5402751182962168
6,3,0.1953646202824157,0.9409494987705693,5287,0.8787305269922528,0.9398410896708286,881,0.8828076345090288,0.9473,0.7726589511512204,0.08401791546047936,,,0.9137689580513921,,0.913779428743537,0.08622057125646299,0.966260993680704,0.3834436308095551,5,0.1,0.5,0.55255947739867,0.562276107328392,0.5675243553615418,1.0,0.5520404914354097,0.5688236256452378,0.5437618761417204,0.5671439651076045,0.5486475435539181,0.55703705703387,0.5480639560893715,0.5381137973018666
6,4,0.18623482439306474,0.9450455927051672,4935,0.8900106640962454,0.9525547445255474,822,0.8823747478734952,0.9472,0.7663023181247585,0.08375340492325364,,,0.8972132298536843,,0.897229054766327,0.10277094523367303,0.9662243903065523,0.3834323252233649,5,0.1,0.5,0.5408313298232963,0.5626234007623442,0.5550723429717088,0.5520404914354097,1.0,0.5601696833714248,0.5341619190299048,0.5611571280769486,0.5512103469627834,0.5395631755223904,0.5429419445667136,0.5483834336195071
6,5,0.1935303366940775,0.9425755303192629,4667,0.893490788936615,0.9408740359897172,778,0.8818124165169348,0.9474,0.7756782151784427,0.0846954805941035,,,0.9561777947887826,,0.9561969780633502,0.043803021936649755,0.966316724360208,0.38345654463307205,5,0.1,0.5,0.5580755431292034,0.5604939845638236,0.5569479854048318,0.5688236256452378,0.5601696833714248,1.0,0.5403684609530944,0.5603068175718013,0.5536397882053513,0.5560100188719752,0.5555049983630712,0.5596011767680832
6,6,0.2022564962918737,0.941702223220301,4453,0.8998354623715082,0.9393530997304582,742,0.882533127888323,0.9471,0.7531627898381685,0.08327759090041896,,,0.867432005569274,,0.867446413332664,0.13255358666733597,0.96614258617719,0.3833970739345849,5,0.1,0.5,0.5324898281240747,0.5468142034725341,0.5504677470808564,0.5437618761417204,0.5341619190299048,0.5403684609530944,1.0,0.5527503292556947,0.5356667388886998,0.5260957627653525,0.5377120441733477,0.5265318728926354
6,7,0.18834270122530522,0.9427168576104746,4277,0.8901402328325354,0.9424964936886395,713,0.8819938031629252,0.9474,0.7796029585997398,0.08491631768842194,,,0.9699999999374099,,0.9700015059484965,0.029998494051503455,0.966319896580945,0.3834578074299563,5,0.1,0.5,0.5546623864214792,0.5705544444031129,0.5648294734567845,0.5671439651076045,0.5611571280769486,0.5603068175718013,0.5527503292556947,1.0,0.5634867505156035,0.5589070432377292,0.562699552080558,0.5493682846733909
6,8,0.21787428864967437,0.9343666747396464,4129,0.8600073673508384,0.9578488372093024,688,0.897227404216608,0.9456,0.758818414296929,0.07900483511343559,,,0.6,,0.6,0.4,0.9609620967157833,0.3809324370525244,5,0.1,0.5,0.5397120405220188,0.5512107685715892,0.5447757245200021,0.5486475435539181,0.5512103469627834,0.5536397882053513,0.5356667388886998,0.5634867505156035,1.0,0.5413760558749764,0.5388381921570842,0.5469628460262401
6,9,0.22121467491141095,0.9359660084978755,4001,0.8803998941466922,0.9505247376311844,667,0.8833121497410173,0.9472,0.7595938366917565,0.08200127935359305,,,0.7875475998799294,,0.7875608654184026,0.21243913458159736,0.965478315256489,0.38316456274219823,5,0.1,0.5,0.5469861092747643,0.538080566443528,0.5492654854129798,0.55703705703387,0.5395631755223904,0.5560100188719752,0.5260957627653525,0.5589070432377292,0.5413760558749764,1.0,0.5421634997364831,0.5431464828820584
6,10,0.2202129254377157,0.9335047570069427,3889,0.9065714648791722,0.9429012345679012,648,0.8840972844023294,0.9469,0.7645368497279572,0.08349608814323774,,,0.8811077592915894,,0.8811254455097636,0.11887455449023643,0.9661845437756343,0.38341606944176926,5,0.1,0.5,0.5458074614082431,0.5588515371404109,0.5555258392379364,0.5480639560893715,0.5429419445667136,0.5555049983630712,0.5377120441733477,0.562699552080558,0.5388381921570842,0.5421634997364831,1.0,0.5446571193518386
