round,client_id,client_i_training_loss,client_i_training_accuracy,client_i_training_dataset_size,client_i_evaluation_loss,client_i_evaluation_accuracy,client_i_evaluation_dataset_size,client_i_central_evaluation_loss,client_i_central_evaluation_accuracy,client_i_cosine_similarity,client_i_importance_coefficient,client_i_tanh_val,tanh_normalization_value,client_i_q,client_i_mask_order,client_i_v_nonzero_fraction,client_i_v_sparsity,client_i_v_cosine_similarity,client_i_reward_gradient_norm,local_epochs,learning_rate,gamma,client_0_cosine_similarity,client_1_cosine_similarity,client_2_cosine_similarity,client_3_cosine_similarity,client_4_cosine_similarity,client_5_cosine_similarity,client_6_cosine_similarity,client_7_cosine_similarity,client_8_cosine_similarity,client_9_cosine_similarity,client_10_cosine_similarity,client_11_cosine_similarity
0,0,2.2059665781480295,0.19027027027027027,6845,2.300396203994751,0.1358655953250548,1369,2.2980279801767085,0.1434,0.8940390196679646,0.07855914690350395,,,0.55,,0.5500404350481095,0.4499595649518905,0,0.14091223818071633,10,0.025,0.15,1.0,0.9582391894560296,0.8650340836585437,0.8659043176595856,0.8488696111473036,0.8279380803262358,0.7584939669523815,0.7748517786612581,0.7618067759080038,0.7502630782746981,0.7678337749822838,0.732493341809793
0,1,2.227341756987017,0.18453815261044176,5478,2.298704677157932,0.1551094890510949,1096,2.297883685631088,0.144,0.9410181373188885,0.08268719872646195,,,0.7920316859363158,,0.7920813322110545,0.20791866778894552,0,0.1418101894451806,10,0.025,0.15,0.9582391894560296,1.0,0.9223042263990268,0.9216809079635127,0.9107620636170891,0.8886079148577197,0.8191136563636332,0.8364006274186216,0.8330222428420729,0.8185947673474796,0.8218112023180971,0.7878830977946111
0,2,2.2716024725060713,0.15267634854771783,4820,2.2975562810897827,0.1358921161825726,964,2.297876475732538,0.1441,0.962029822203641,0.08453349402592711,,,0.9002817717469256,,0.9003317324355102,0.09966826756448977,0,0.14190088597865427,10,0.025,0.15,0.8650340836585437,0.9223042263990268,1.0,0.9439870292039254,0.9443678076743239,0.9429215123550726,0.8951699261862677,0.8822105185402349,0.8983048151206248,0.87101434807067,0.8773398504567467,0.8545037827388026
0,3,2.2780023193359376,0.1653427144802542,4406,2.294797624860491,0.14074914869466515,881,2.297876499876191,0.1443,0.9731526018426491,0.0855108519045135,,,0.9575852129977921,,0.9576339720420525,0.04236602795794753,0,0.14190896895935087,10,0.025,0.15,0.8659043176595856,0.9216809079635127,0.9439870292039254,1.0,0.9579256478475826,0.9402090281981861,0.9048405113095824,0.920010645465877,0.9266215218332822,0.9100099599568241,0.9001289408261326,0.8638969400553465
0,4,2.2835985920645974,0.1658317120622568,4112,2.2970632825578963,0.14963503649635038,822,2.2978761920446082,0.1443,0.979444414766072,0.08606371307149491,,,0.989999999941369,,0.9900232707827895,0.00997672921721049,0,0.14190946639274127,10,0.025,0.15,0.8488696111473036,0.9107620636170891,0.9443678076743239,0.9579256478475826,1.0,0.964701224369911,0.918382526856805,0.9355765429873673,0.9301336027414835,0.9112577587811224,0.9351137318061293,0.9126341129275378
0,5,2.2860717758055658,0.16220107996914374,3889,2.2955867562975203,0.16066838046272494,778,2.2978765300557584,0.1443,0.973032290310308,0.08550028013847707,,,0.9569653800918941,,0.9570068161938242,0.04299318380617578,0,0.14190894794759149,10,0.025,0.15,0.8279380803262358,0.8886079148577197,0.9429215123550726,0.9402090281981861,0.964701224369911,1.0,0.9280239523512964,0.9376623213251539,0.9339244435275054,0.9212105843209661,0.9342745438337422,0.9023476180294842
0,6,2.292645274359604,0.14201023982753974,3711,2.298285643259684,0.1320754716981132,742,2.2978801817833623,0.1439,0.9470569054459704,0.08321782486466765,,,0.8231428115567728,,0.8231915631034312,0.17680843689656878,0,0.1418614092401083,10,0.025,0.15,0.7584939669523815,0.8191136563636332,0.8951699261862677,0.9048405113095824,0.918382526856805,0.9280239523512964,1.0,0.9513170337146187,0.9533828962881601,0.9478806212411796,0.9307574804007742,0.9097696681477226
0,7,2.2914199497018544,0.1392817059483726,3564,2.2979238430658975,0.14305750350631136,713,2.2978781356087215,0.1441,0.9535541395627226,0.08378873637771768,,,0.8566159078138196,,0.8566453763760294,0.14335462362397056,0,0.14187833241390344,10,0.025,0.15,0.7748517786612581,0.8364006274186216,0.8822105185402349,0.920010645465877,0.9355765429873673,0.9376623213251539,0.9513170337146187,1.0,0.9551234836408652,0.9467253074279633,0.9337450579984801,0.9045300037094859
0,8,2.29043677382999,0.12911944202266784,3441,2.297723929087321,0.14244186046511628,688,2.2978788629362854,0.1441,0.9514329472612695,0.08360234735670792,,,0.8456877385635883,,0.8457361654371112,0.15426383456288884,0,0.1418738937325139,10,0.025,0.15,0.7618067759080038,0.8330222428420729,0.8983048151206248,0.9266215218332822,0.9301336027414835,0.9339244435275054,0.9533828962881601,0.9551234836408652,1.0,0.9454262231010266,0.9147905428831496,0.9049392503032514
0,9,2.292481795063725,0.12621475704859028,3334,2.298047184944153,0.1424287856071964,667,2.297883423068855,0.144,0.9411819629685755,0.08270159407498388,,,0.7928756991953131,,0.7929230413757818,0.20707695862421815,0,0.14181086938861692,10,0.025,0.15,0.7502630782746981,0.8185947673474796,0.87101434807067,0.9100099599568241,0.9112577587811224,0.9212105843209661,0.9478806212411796,0.9467253074279633,0.9454262231010266,1.0,0.9302824232118053,0.9083956954289151
0,10,2.2946043693102323,0.14193150262264734,3241,2.2955986658732095,0.14351851851851852,648,2.297881331624864,0.1439,0.9450167593591885,0.08303855736894288,,,0.8126321842476518,,0.8126867026456074,0.18731329735439262,0,0.14185478302133084,10,0.025,0.15,0.7678337749822838,0.8218112023180971,0.8773398504567467,0.9001289408261326,0.9351137318061293,0.9342745438337422,0.9307574804007742,0.9337450579984801,0.9147905428831496,0.9302824232118053,1.0,0.949345030085253
0,11,2.295564958572388,0.14295663184552074,3159,2.296875333786011,0.14556962025316456,632,2.2979238003115112,0.1439,0.9194983350392015,0.08079625518660152,,,0.6811638304463484,,0.6811985278341668,0.3188014721658332,0,0.14157281973424743,10,0.025,0.15,0.732493341809793,0.7878830977946111,0.8545037827388026,0.8638969400553465,0.9126341129275378,0.9023476180294842,0.9097696681477226,0.9045300037094859,0.9049392503032514,0.9083956954289151,0.949345030085253,1.0
1,0,2.07188404334916,0.24638422205989774,6845,2.2892991196025503,0.17531044558071585,1369,2.2864762257926072,0.1814,0.9072988486686535,0.0782478838919097,,,0.55,,0.5500404350481095,0.4499595649518905,0.8882281356507516,0.14471952479795686,10,0.025,0.15,1.0,0.9551592761891108,0.920713163323713,0.9130127268080261,0.8855953491066857,0.8794909164774914,0.8540089501741459,0.8600169054109045,0.8425163392703162,0.8408599018747721,0.8276309130182695,0.8180763937149677
1,1,2.0888160217640013,0.23767798466593648,5478,2.286840968661838,0.18339416058394162,1096,2.2860329875463172,0.1835,0.9589910696394714,0.08249052980504966,,,0.8105755326026798,,0.8106154379363272,0.18938456206367282,0.895600549051768,0.14585111396097622,10,0.025,0.15,0.9551592761891108,1.0,0.9630380796019365,0.9549886935216464,0.9417290838410075,0.9374641946529895,0.9135987470959299,0.9212392061407585,0.9117267124399692,0.9106628718659113,0.8961691081411156,0.8900650443974428
1,2,2.1453456825331636,0.2133195020746888,4820,2.2852180302143097,0.16493775933609958,964,2.2860043320474746,0.1837,0.9748823242178883,0.08415240101755442,,,0.9126446152414891,,0.9126850522354805,0.08731494776451953,0.8967231321926941,0.14592978924039499,10,0.025,0.15,0.920713163323713,0.9630380796019365,1.0,0.9642554675692403,0.9591490946485252,0.9594845603928118,0.9430624835603024,0.9467830141558895,0.9384365312950385,0.937107595272259,0.9231705081369699,0.9231228082700336
1,3,2.1442288146700177,0.2151838402178847,4406,2.282231398991176,0.18047673098751418,881,2.286002663117421,0.1837,0.9840072790529649,0.08505537009696096,,,0.9681033204003113,,0.9681388324998762,0.0318611675001238,0.8969531819595006,0.14594671814644883,10,0.025,0.15,0.9130127268080261,0.9549886935216464,0.9642554675692403,1.0,0.9672245356630234,0.9685885716034048,0.9591953867353465,0.9623250518297974,0.956451363441309,0.9479889195720227,0.950474178853028,0.9394918933867497
1,4,2.1683554988918883,0.20732003891050585,4112,2.2847753252301897,0.1873479318734793,822,2.2860022436214398,0.1837,0.9844375963514449,0.08541188805943609,,,0.9899999999385818,,0.9900232707827895,0.00997672921721049,0.8969605596739351,0.1459471537815536,10,0.025,0.15,0.8855953491066857,0.9417290838410075,0.9591490946485252,0.9672245356630234,1.0,0.9774072976397412,0.958552339259235,0.9671816024020301,0.9609780564784419,0.9537682661291083,0.9610916394704075,0.9548024905109026
1,5,2.171029418514621,0.21797377217793779,3889,2.2830682482038225,0.20051413881748073,778,2.286002789871602,0.1837,0.9864375910300375,0.08512805978220407,,,0.9725677875829914,,0.9726031918931854,0.027396808106814552,0.896952577125789,0.1459469858631236,10,0.025,0.15,0.8794909164774914,0.9374641946529895,0.9594845603928118,0.9685885716034048,0.9774072976397412,1.0,0.9626871389033949,0.9730497375960028,0.9675930609948975,0.962865204390185,0.964669178516434,0.9573730514227046
1,6,2.1957627222455782,0.19587712206952304,3711,2.28756844997406,0.18328840970350405,742,2.2860120972500573,0.1837,0.9818071072340557,0.08356314510291006,,,0.8764535974329597,,0.8764998102028354,0.1235001897971646,0.8961852131562332,0.1459186883798981,10,0.025,0.15,0.8540089501741459,0.9135987470959299,0.9430624835603024,0.9591953867353465,0.958552339259235,0.9626871389033949,1.0,0.9781164500096905,0.9808330390996698,0.9672532277130864,0.9732534373614925,0.9668043724964462
1,7,2.199611239348139,0.19104938271604938,3564,2.2865102688471475,0.18513323983169705,713,2.286009305640112,0.1836,0.9862365174022112,0.08406123270399946,,,0.9070452245905991,,0.907098413955868,0.09290158604413201,0.8963702952996945,0.14592871328908738,10,0.025,0.15,0.8600169054109045,0.9212392061407585,0.9467830141558895,0.9623250518297974,0.9671816024020301,0.9730497375960028,0.9781164500096905,1.0,0.9809621115818267,0.9716969124333641,0.9773568154873303,0.9700676429203455
1,8,2.1882500379173844,0.1965417029933159,3441,2.2844385703404746,0.1933139534883721,688,2.28600878655156,0.1836,0.9820092356783785,0.08380794027597108,,,0.891488468102082,,0.891518542357776,0.10848145764222406,0.8963353050692211,0.1459236311503514,10,0.025,0.15,0.8425163392703162,0.9117267124399692,0.9384365312950385,0.956451363441309,0.9609780564784419,0.9675930609948975,0.9808330390996698,0.9809621115818267,1.0,0.9706253728329423,0.976573450215032,0.9723912952263429
1,9,2.198329982492659,0.19832033593281342,3334,2.2862597703933716,0.1889055472263868,667,2.286022463931313,0.1835,0.9768060348827209,0.08308029258074655,,,0.8467976808876673,,0.8468501922727798,0.1531498077272202,0.8958591679602894,0.14589268033296746,10,0.025,0.15,0.8408599018747721,0.9106628718659113,0.937107595272259,0.9479889195720227,0.9537682661291083,0.962865204390185,0.9672532277130864,0.9716969124333641,0.9706253728329423,1.0,0.9669105787342105,0.96931485273205
1,10,2.210435772859133,0.20033940141931503,3241,2.2839348713556924,0.18364197530864199,648,2.2860189570656306,0.1837,0.9763507856434521,0.08327419230567476,,,0.8587066464551681,,0.858749649287848,0.14125035071215197,0.8959992013222497,0.14589887090051185,10,0.025,0.15,0.8276309130182695,0.8961691081411156,0.9231705081369699,0.950474178853028,0.9610916394704075,0.964669178516434,0.9732534373614925,0.9773568154873303,0.976573450215032,0.9669105787342105,1.0,0.9754276497560876
1,11,2.217779221534729,0.19278252611585944,3159,2.286034107208252,0.18829113924050633,632,2.2860992437676537,0.1829,0.9715029264170219,0.08172706437758331,,,0.7636848859499308,,0.7637272862306284,0.23627271376937165,0.8944059842688319,0.14579232303311326,10,0.025,0.15,0.8180763937149677,0.8900650443974428,0.9231228082700336,0.9394918933867497,0.9548024905109026,0.9573730514227046,0.9668043724964462,0.9700676429203455,0.9723912952263429,0.96931485273205,0.9754276497560876,1.0
2,0,1.9932298421859742,0.2756318480642805,6845,2.272763252258301,0.19430241051862673,1369,2.269295906718773,0.2018,0.9146318473575015,0.07833965725470597,,,0.55,,0.5500404350481095,0.4499595649518905,0.9616222676360331,0.1443074331231136,10,0.025,0.15,1.0,0.9477206616714909,0.9215028163768003,0.9178480278086188,0.8881716502225605,0.8861133342186572,0.8693435320634879,0.864799996054943,0.8521527761264737,0.8520789669588685,0.8406755727455719,0.8274611633022645
2,1,2.0089736816494965,0.2689850310332238,5478,2.2692663139767117,0.20072992700729927,1096,2.268313779106623,0.2026,0.9601066847132091,0.08245296795958243,,,0.8240163632520514,,0.824066280470697,0.17593371952930303,0.9664362779519188,0.14563945765405953,10,0.025,0.15,0.9477206616714909,1.0,0.9588126497782041,0.9466930107646955,0.937422119796291,0.9335915523977995,0.9233221629317844,0.9221963673256264,0.9158353229134968,0.9130848436697138,0.8991419074808549,0.8948008045218403
2,2,2.0644712579877753,0.24844398340248963,4820,2.266898065805435,0.18568464730290457,964,2.268250945248181,0.2026,0.972443840335567,0.08388554485175606,,,0.9194503185832071,,0.9195012460596458,0.08049875394035422,0.966899458466904,0.1457011971448989,10,0.025,0.15,0.9215028163768003,0.9588126497782041,1.0,0.9552551979871078,0.952718792332717,0.9511211811259046,0.9442203502874343,0.9422011427399388,0.9338822154520564,0.9340200780982902,0.9193166760426361,0.9202651712511624
2,3,2.053301901817322,0.24904675442578303,4406,2.263476167406355,0.22020431328036322,881,2.2682405966746657,0.2026,0.9799741977265444,0.08469090842826837,,,0.9731012130001893,,0.9731313231337988,0.026868676866201202,0.9671581541800276,0.14571671986195656,10,0.025,0.15,0.9178480278086188,0.9466930107646955,0.9552551979871078,1.0,0.9546792880159658,0.9610301729787639,0.9540301504787274,0.9571216716885383,0.9464987287518104,0.9461825540431348,0.9462332190421251,0.9345374658331173
2,4,2.089571327874155,0.23492217898832685,4112,2.266552346093314,0.19951338199513383,822,2.2682395615155184,0.2026,0.9809761161754399,0.0849445792688225,,,0.9899999999333831,,0.9900232707827895,0.00997672921721049,0.9671603697278928,0.14571695447285496,10,0.025,0.15,0.8881716502225605,0.937422119796291,0.952718792332717,0.9546792880159658,1.0,0.9687783066912262,0.9545218207630003,0.9616607957198103,0.9543751696581744,0.9535290142497779,0.9517068076758225,0.9522669045766898
2,5,2.081825183283898,0.251967086654667,3889,2.2642101560320174,0.2120822622107969,778,2.2682405936567087,0.2026,0.9824590491804002,0.08481702860273452,,,0.9815029589463333,,0.9815401627304385,0.018459837269561463,0.9671583638721521,0.14571688150641013,10,0.025,0.15,0.8861133342186572,0.9335915523977995,0.9511211811259046,0.9610301729787639,0.9687783066912262,1.0,0.9552873986916647,0.9644634568324205,0.9610612395875333,0.9594474155904732,0.9550136743996049,0.9509670643985796
2,6,2.106585685138045,0.23664780382646186,3711,2.271197517712911,0.192722371967655,742,2.2682662855220745,0.2027,0.9800514274929244,0.08376848351983034,,,0.9116520454273036,,0.9116948061593306,0.08830519384066937,0.9668250565605361,0.14569912106569363,10,0.025,0.15,0.8693435320634879,0.9233221629317844,0.9442203502874343,0.9540301504787274,0.9545218207630003,0.9552873986916647,1.0,0.9687285879927601,0.971153204575798,0.9548394809629643,0.9623163952441355,0.9614237104298834
2,7,2.105274562750544,0.22693602693602694,3564,2.2693760792414346,0.19635343618513323,713,2.2682533475417124,0.2027,0.9828883856481372,0.08416977025889393,,,0.9383845586627175,,0.9384314502153785,0.06156854978462145,0.966991770519496,0.14571372263020263,10,0.025,0.15,0.864799996054943,0.9221963673256264,0.9422011427399388,0.9571216716885383,0.9616607957198103,0.9644634568324205,0.9687285879927601,1.0,0.9694103909336031,0.9642698908287196,0.9719508979309586,0.9646676605016802
2,8,2.100720107996905,0.23580354548096483,3441,2.264589508374532,0.2136627906976744,688,2.268260768697232,0.2027,0.9791381315228583,0.08389042324337707,,,0.9197753023314381,,0.9198230760343945,0.0801769239656055,0.966835077655154,0.1457012293793437,10,0.025,0.15,0.8521527761264737,0.9158353229134968,0.9338822154520564,0.9464987287518104,0.9543751696581744,0.9610612395875333,0.971153204575798,0.9694103909336031,1.0,0.9632611878832993,0.9686092511606643,0.9714449536214675
2,9,2.103132473097907,0.23605278944211158,3334,2.268940250078837,0.2143928035982009,667,2.2682837051681326,0.2028,0.9754445273087637,0.08331889880285771,,,0.8817020664547717,,0.88174811440643,0.11825188559357003,0.9667369681626832,0.1456884113386148,10,0.025,0.15,0.8520789669588685,0.9130848436697138,0.9340200780982902,0.9461825540431348,0.9535290142497779,0.9594474155904732,0.9548394809629643,0.9642698908287196,0.9632611878832993,1.0,0.9614503562690185,0.9627293116365067
2,10,2.11622347510778,0.23295279234804073,3241,2.2658972342809043,0.2037037037037037,648,2.2682794438132756,0.2028,0.9739582579042061,0.08339059909037941,,,0.8864785235328934,,0.8865095476225842,0.11349045237741584,0.9667742043638115,0.14569025818926168,10,0.025,0.15,0.8406755727455719,0.8991419074808549,0.9193166760426361,0.9462332190421251,0.9517068076758225,0.9550136743996049,0.9623163952441355,0.9719508979309586,0.9686092511606643,0.9614503562690185,1.0,0.9705426023189964
2,11,2.1276867151260377,0.2307059195948085,3159,2.2697765827178955,0.20727848101265822,632,2.268413881712322,0.2029,0.9708781021394352,0.0823311387187917,,,0.8159004663761709,,0.8159545146969022,0.18404548530309783,0.9662193163952364,0.14563202565707822,10,0.025,0.15,0.8274611633022645,0.8948008045218403,0.9202651712511624,0.9345374658331173,0.9522669045766898,0.9509670643985796,0.9614237104298834,0.9646676605016802,0.9714449536214675,0.9627293116365067,0.9705426023189964,1.0
3,0,1.939100812099598,0.2955734112490869,6845,2.2507244890386406,0.20672023374726078,1369,2.2464499292494375,0.2171,0.9206318001355366,0.0786452693481814,,,0.55,,0.5500404350481095,0.4499595649518905,0.9750182701128077,0.1440325527447504,10,0.025,0.15,1.0,0.9412604296319875,0.9224908027051805,0.9208982327816033,0.8914788181931144,0.8911844551064402,0.8797229568030268,0.8682410557730027,0.8593359293376518,0.859409641124565,0.8510452818798181,0.8335805947781996
3,1,1.9534387594045595,0.2886637458926616,5478,2.245837847391764,0.21350364963503649,1096,2.2445254174968863,0.2181,0.9620170233792134,0.0825476252396964,,,0.837887338721424,,0.8379214734861613,0.1620785265138387,0.9819698956735858,0.14539277911196996,10,0.025,0.15,0.9412604296319875,1.0,0.9525926154292971,0.9477634486638435,0.9351140848860092,0.93337114291381,0.9261545299176983,0.9217313983698252,0.9189200699694405,0.9169113364582335,0.9047764297509084,0.8960258567322336
3,2,2.006729429960251,0.2711410788381743,4820,2.242369681596756,0.2053941908713693,964,2.244427493855923,0.2185,0.9717738116797227,0.08375470901285069,,,0.9269371703430838,,0.9269693518839431,0.07303064811605686,0.9822768443917466,0.14544030622494092,10,0.025,0.15,0.9224908027051805,0.9525926154292971,1.0,0.9527719538438789,0.9484729007153411,0.948101813171946,0.9429265612142927,0.9379499020834736,0.9324869359787888,0.9284743141136358,0.9225195645503627,0.9167196098644294
3,3,1.987455379622323,0.2750567408079891,4406,2.238394226346697,0.2395005675368899,881,2.2444072403485262,0.2187,0.9783367083227844,0.08446849173168743,,,0.9795948502328271,,0.9796339390338499,0.020366060966150124,0.9824657080017531,0.1454497852834585,10,0.025,0.15,0.9208982327816033,0.9477634486638435,0.9527719538438789,1.0,0.9482493755171276,0.9533312976587979,0.9534737086980616,0.9503123309943967,0.9415823860006319,0.9417080737323871,0.9420058217890811,0.928980881394908
3,4,2.030351747166027,0.2611867704280156,4112,2.2420011929103305,0.2141119221411192,822,2.244405559346646,0.2187,0.9778374444798955,0.08460953509048351,,,0.9899999999262272,,0.9900232707827895,0.00997672921721049,0.9824657875513437,0.1454498709493451,10,0.025,0.15,0.8914788181931144,0.9351140848860092,0.9484729007153411,0.9482493755171276,1.0,0.9573127654696431,0.9539250983649386,0.9514284506730721,0.9503581186583773,0.944789292137813,0.945985780042999,0.9461894302376919
3,5,2.018393947232154,0.2746464386731808,3889,2.2388319969177246,0.2249357326478149,778,2.2444070773788645,0.2187,0.9781662417547552,0.08454115414777029,,,0.9849553530092777,,0.984989519895694,0.015010480104305945,0.9824655455931186,0.14544983975982959,10,0.025,0.15,0.8911844551064402,0.93337114291381,0.948101813171946,0.9533312976587979,0.9573127654696431,1.0,0.9513256244590368,0.9545089618249437,0.9525884180151046,0.9495087703405872,0.9470630061968814,0.9386599627418416
3,6,2.040683226749815,0.26372945297763406,3711,2.248629609743754,0.20889487870619947,742,2.2444447384604924,0.2182,0.9786868734712764,0.08390777936235076,,,0.9382295836389984,,0.9382829133039561,0.06171708669604392,0.9823483758213609,0.1454471698661153,10,0.025,0.15,0.8797229568030268,0.9261545299176983,0.9429265612142927,0.9534737086980616,0.9539250983649386,0.9513256244590368,1.0,0.9607227648606134,0.9596755743207921,0.949608503313593,0.9546661539895633,0.9507906036562565
3,7,2.036249916894095,0.25448933782267114,3564,2.24640421072642,0.21598877980364656,713,2.244427137737033,0.2183,0.9781156421757475,0.08413803361427888,,,0.9552160619766118,,0.9552573814592926,0.04474261854070738,0.982438498191904,0.14544881613547972,10,0.025,0.15,0.8682410557730027,0.9217313983698252,0.9379499020834736,0.9503123309943967,0.9514284506730721,0.9545089618249437,0.9607227648606134,1.0,0.9569787025058183,0.9557621405480689,0.9629511964529262,0.9549742162011297
3,8,2.038577072267179,0.2604475443185121,3441,2.238299528757731,0.23255813953488372,688,2.244441850275933,0.2183,0.9757630356161626,0.08388796422743829,,,0.9367677675937827,,0.9367975441897312,0.06320245581026884,0.9823061391255378,0.1454417384037444,10,0.025,0.15,0.8593359293376518,0.9189200699694405,0.9324869359787888,0.9415823860006319,0.9503581186583773,0.9525884180151046,0.9596755743207921,0.9569787025058183,1.0,0.9572115425749264,0.957818334113197,0.9611276414958293
3,9,2.0341837384082653,0.26094781043791243,3334,2.245735287666321,0.2353823088455772,667,2.2444763062875484,0.2181,0.9724330818184999,0.08342476298810701,,,0.9025961605464881,,0.9026505586638279,0.09734944133617207,0.9821416018459457,0.14543485643563772,10,0.025,0.15,0.859409641124565,0.9169113364582335,0.9284743141136358,0.9417080737323871,0.944789292137813,0.9495087703405872,0.949608503313593,0.9557621405480689,0.9572115425749264,1.0,0.9526849265191742,0.9537106058601948
3,10,2.0475301889272837,0.2569268744214748,3241,2.2413829962412515,0.21296296296296297,648,2.244471311569214,0.2182,0.9718713661264096,0.08345089846719443,,,0.9045242454597697,,0.9045567823604166,0.09544321763958341,0.9821741005047603,0.14543533066654085,10,0.025,0.15,0.8510452818798181,0.9047764297509084,0.9225195645503627,0.9420058217890811,0.945985780042999,0.9470630061968814,0.9546661539895633,0.9629511964529262,0.957818334113197,0.9526849265191742,1.0,0.9610976306264658
3,11,2.0600285434722903,0.25508072174738844,3159,2.2478590488433836,0.2199367088607595,632,2.2446576915209806,0.2179,0.9666644752847036,0.08262377676996092,,,0.8435052428790344,,0.8435411199683122,0.15645888003168784,0.9819273437237516,0.14539757138246207,10,0.025,0.15,0.8335805947781996,0.8960258567322336,0.9167196098644294,0.928980881394908,0.9461894302376919,0.9386599627418416,0.9507906036562565,0.9549742162011297,0.9611276414958293,0.9537106058601948,0.9610976306264658,1.0
4,0,1.8941824096220512,0.3121110299488678,6845,2.223644429987127,0.2220598977355734,1369,2.2184950309463694,0.2347,0.924759351641042,0.07906625162246196,,,0.55,,0.5500404350481095,0.4499595649518905,0.9829739585861758,0.1436268469619946,10,0.025,0.15,1.0,0.9406076270145296,0.9202834924348061,0.9199379902627681,0.8928650508451192,0.8969932323648366,0.8803043068088351,0.8678611019265334,0.8644960125133959,0.8545353297307513,0.8553505753539125,0.8380027098703929
4,1,1.9099530768948931,0.30522088353413657,5478,2.2175550725724964,0.2281021897810219,1096,2.2153537545023085,0.2361,0.9625481566453686,0.08272482803385561,,,0.8527085142802824,,0.852758660527141,0.147241339472859,0.9883205100204746,0.1449300532481154,10,0.025,0.15,0.9406076270145296,1.0,0.9458179661250568,0.9462876471313897,0.9324969613143215,0.9323353131466229,0.9243579522793556,0.9177798718091095,0.9179900791174327,0.9072181904742619,0.9038295265107816,0.8956178117679623
4,2,1.9587991858783522,0.2916182572614108,4820,2.212674081325531,0.21991701244813278,964,2.215213531180273,0.2362,0.967963952894776,0.08365146749868602,,,0.9293781322220427,,0.9294284629730488,0.07057153702695118,0.9886861189943579,0.14496673398435933,10,0.025,0.15,0.9202834924348061,0.9458179661250568,1.0,0.9478330773167466,0.9392508613344203,0.9411838128638135,0.9361479301471999,0.9266010165295916,0.925869968113888,0.9170648813938059,0.9153596911724349,0.9094283138568204
4,3,1.9347406431606837,0.29462097140263277,4406,2.207581043243408,0.2690124858115778,881,2.215184712711769,0.2362,0.9765435349512455,0.08437516640765153,,,0.9892565649471257,,0.9892888382763116,0.010711161723688356,0.9887071580622253,0.1449726126633446,10,0.025,0.15,0.9199379902627681,0.9462876471313897,0.9478330773167466,1.0,0.9419345803441473,0.9502160995011526,0.9473190546607329,0.9426751437276345,0.9384883642689307,0.928100866399285,0.9368063475215124,0.9238768033947633
4,4,1.9858348373210792,0.2762889105058366,4112,2.211577994482858,0.22627737226277372,822,2.2151823979389818,0.2362,0.9741386136362682,0.0843841516641502,,,0.9899999999172605,,0.9900232707827895,0.00997672921721049,0.9887107844675284,0.1449726135632759,10,0.025,0.15,0.8928650508451192,0.9324969613143215,0.9392508613344203,0.9419345803441473,1.0,0.9493316938220034,0.9482426933573631,0.9430291790337589,0.9424897154134618,0.928655049850596,0.9366776177364889,0.9390076154348154
4,5,1.970198134453066,0.29467729493443046,3889,2.2079167706625804,0.2583547557840617,778,2.215184422987926,0.2362,0.9752833515366484,0.08437910179294651,,,0.9895821764696993,,0.9896106682510604,0.010389331748939634,0.9887101103183857,0.1449726130714553,10,0.025,0.15,0.8969932323648366,0.9323353131466229,0.9411838128638135,0.9502160995011526,0.9493316938220034,1.0,0.9447584661680325,0.9448277943118004,0.9452316741358638,0.9347182724401933,0.9402575665819398,0.9274313827318175
4,6,1.98926934825963,0.284936674750741,3711,2.2203520139058432,0.2223719676549865,742,2.2152340683755996,0.2362,0.9758789185230663,0.08400522981909977,,,0.9586482237492555,,0.9586984865739137,0.041301513426086345,0.9886814625406186,0.14497188984866297,10,0.025,0.15,0.8803043068088351,0.9243579522793556,0.9361479301471999,0.9473190546607329,0.9482426933573631,0.9447584661680325,1.0,0.9525545024321186,0.9546529399678341,0.9308250059656856,0.9486014315145589,0.9459283632819042
4,7,1.9817994560514178,0.27469135802469136,3564,2.218374172846476,0.23422159887798036,713,2.2152124567876887,0.2363,0.9729332793438045,0.0840519433014348,,,0.9625132704899648,,0.9625604462708983,0.03743955372910168,0.9886962446095848,0.14497210821589618,10,0.025,0.15,0.8678611019265334,0.9177798718091095,0.9266010165295916,0.9426751437276345,0.9430291790337589,0.9448277943118004,0.9525545024321186,1.0,0.9470168182182197,0.9377845641918838,0.9521533591217215,0.9465873624960677
4,8,1.9886113007863362,0.2804417320546353,3441,2.206457336743673,0.251453488372093,688,2.2152309357365474,0.2363,0.9723550778507238,0.08387774662286604,,,0.9481003371976895,,0.9481358617616478,0.05186413823835223,0.9886704930265273,0.14497111104792887,10,0.025,0.15,0.8644960125133959,0.9179900791174327,0.925869968113888,0.9384883642689307,0.9424897154134618,0.9452316741358638,0.9546529399678341,0.9470168182182197,1.0,0.9380165182871315,0.9463510018548902,0.9516329803323583
4,9,1.9778488123858418,0.28560287942411516,3334,2.2172565857569375,0.2518740629685157,667,2.2152851412567913,0.2362,0.961663005914574,0.08324061649690717,,,0.8953845559359963,,0.8954217623079335,0.10457823769206653,0.9886036691471815,0.14495703801132354,10,0.025,0.15,0.8545353297307513,0.9072181904742619,0.9170648813938059,0.928100866399285,0.928655049850596,0.9347182724401933,0.9308250059656856,0.9377845641918838,0.9380165182871315,1.0,0.9365171290373531,0.9351555102443116
4,10,1.9961049455862778,0.27355754396791115,3241,2.2113400300343833,0.22993827160493827,648,2.215268883524062,0.2361,0.967934542664671,0.08346183387960869,,,0.9136879553243504,,0.9137330626660726,0.08626693733392743,0.9886434149632861,0.1449632188051941,10,0.025,0.15,0.8553505753539125,0.9038295265107816,0.9153596911724349,0.9368063475215124,0.9366776177364889,0.9402575665819398,0.9486014315145589,0.9521533591217215,0.9463510018548902,0.9365171290373531,1.0,0.9489043615695164
4,11,2.0087221903800963,0.27584678695789805,3159,2.2205917835235596,0.23734177215189872,632,2.215521519697165,0.2356,0.9628401301016863,0.08278166286033173,,,0.8574109952311748,,0.857445825287584,0.14255417471241605,0.9883557494854046,0.1449329799008745,10,0.025,0.15,0.8380027098703929,0.8956178117679623,0.9094283138568204,0.9238768033947633,0.9390076154348154,0.9274313827318175,0.9459283632819042,0.9465873624960677,0.9516329803323583,0.9351555102443116,0.9489043615695164,1.0
5,0,1.8570871816741095,0.32524470416362306,6845,2.191682902249423,0.2279035792549306,1369,2.185604228249079,0.2499,0.9291325301743107,0.0795525266781385,,,0.55,,0.5500404350481095,0.4499595649518905,0.9865093120453038,0.14324665204014178,10,0.025,0.15,1.0,0.9385393827204347,0.9188639293423558,0.9191327926869028,0.8876222571571699,0.8971636979448194,0.8851647937638456,0.8706474212254719,0.8695227939488872,0.8628178009853851,0.8575264373008498,0.8444986679923946
5,1,1.8695771242296972,0.31936838262139466,5478,2.1842276785108776,0.23083941605839417,1096,2.181049853940553,0.2506,0.9596089418967964,0.08282407185248909,,,0.8541842466620934,,0.8542275255400967,0.14577247445990327,0.9905356430634746,0.14454303061234167,10,0.025,0.15,0.9385393827204347,1.0,0.9404540383469626,0.9401270906109046,0.9212499079056251,0.9265432034307498,0.9196000562187939,0.9107356376005891,0.9127621492407861,0.9028497702838453,0.8960420071158448,0.8906239348483604
5,2,1.9186751864458385,0.30726141078838176,4820,2.1775572896003723,0.24688796680497926,964,2.180857782122455,0.2503,0.965398974428521,0.08358956994949135,,,0.9253593182409595,,0.9254014622633725,0.0745985377366275,0.9908268489823389,0.1445667726094395,10,0.025,0.15,0.9188639293423558,0.9404540383469626,1.0,0.9405981660416072,0.9301669325485569,0.9343080288608567,0.9309923411512468,0.9212964186992296,0.9206580511313363,0.9132810016133852,0.9082950543235321,0.9055501317982501
5,3,1.8955715438297818,0.3107126645483432,4406,2.171511139188494,0.2849035187287174,881,2.180820682380773,0.2502,0.972613882711811,0.08427552849290902,,,0.9891388999526352,,0.989165057516793,0.010834942483207044,0.9908571375466845,0.14457017701190822,10,0.025,0.15,0.9191327926869028,0.9401270906109046,0.9405981660416072,1.0,0.9299550540048279,0.9424371836174714,0.9398602919722506,0.9338308535897515,0.9309671190917432,0.9262897588796373,0.9276670241692023,0.9162482652449258
5,4,1.9418206106532703,0.2932149805447471,4112,2.1760411262512207,0.24939172749391728,822,2.18081813522532,0.2503,0.967983737257933,0.08412962085112011,,,0.9755725868698228,,0.9756069383241736,0.024393061675826444,0.9908561565010868,0.14457009801661683,10,0.025,0.15,0.8876222571571699,0.9212499079056251,0.9301669325485569,0.9299550540048279,1.0,0.942178679708844,0.9385124815709617,0.933299541675401,0.9317938324955986,0.9202781602743424,0.927311802874833,0.9295707493443903
5,5,1.9245738290971326,0.30997685780406276,3889,2.1715126037597656,0.2737789203084833,778,2.1808202085615713,0.2502,0.9728221652743152,0.08428478974634775,,,0.9899999999070211,,0.9900232707827895,0.00997672921721049,0.9908569828073766,0.14457017880330497,10,0.025,0.15,0.8971636979448194,0.9265432034307498,0.9343080288608567,0.9424371836174714,0.942178679708844,1.0,0.9394143316950376,0.9377303579937524,0.9399782341613613,0.9333529155029112,0.9332832600321411,0.9217221996252074
5,6,1.9473489707913891,0.302586903799515,3711,2.187063455581665,0.24123989218328842,742,2.180882846252828,0.2502,0.9730198035702349,0.08405883511905066,,,0.9689910165608496,,0.9690383060190457,0.030961693980954275,0.9908488021023781,0.14457000507258982,10,0.025,0.15,0.8851647937638456,0.9196000562187939,0.9309923411512468,0.9398602919722506,0.9385124815709617,0.9394143316950376,1.0,0.9434155192669544,0.945089146458071,0.9304020286681347,0.9411382040588991,0.9365065865298648
5,7,1.9374791038887842,0.2930415263748597,3564,2.185314178466797,0.2482468443197756,713,2.1808573686623873,0.2503,0.9689498342598157,0.08395470996011108,,,0.9593095873454043,,0.9593503985740457,0.04064960142595431,0.9908528849085527,0.14456975400448888,10,0.025,0.15,0.8706474212254719,0.9107356376005891,0.9212964186992296,0.9338308535897515,0.933299541675401,0.9377303579937524,0.9434155192669544,1.0,0.937003398934946,0.9339042177394128,0.9437654867157267,0.9368093517909017
5,8,1.9465770765587136,0.2948561464690497,3441,2.1695578495661416,0.26453488372093026,688,2.1808795325363737,0.2503,0.9687972387830127,0.08384142614316412,,,0.9487765973725981,,0.9488125299136836,0.05118747008631641,0.990840566375188,0.14456924268632337,10,0.025,0.15,0.8695227939488872,0.9127621492407861,0.9206580511313363,0.9309671190917432,0.9317938324955986,0.9399782341613613,0.945089146458071,0.937003398934946,1.0,0.9341396432850374,0.9376512848432843,0.941251208369073
5,9,1.937285257268835,0.3003899220155969,3334,2.1833637158075967,0.2653673163418291,667,2.1809527994711186,0.2507,0.9617702176251344,0.08321543138997227,,,0.8905723751271011,,0.8906025647373372,0.10939743526266277,0.9907094053211994,0.14455930020278235,10,0.025,0.15,0.8628178009853851,0.9028497702838453,0.9132810016133852,0.9262897588796373,0.9202781602743424,0.9333529155029112,0.9304020286681347,0.9339042177394128,0.9341396432850374,1.0,0.930848850289849,0.9318772954856986
5,10,1.9520509541034698,0.28775069423017585,3241,2.176089962323507,0.23919753086419754,648,2.1809328085259545,0.2502,0.9637425897767348,0.08341748723307252,,,0.9093592789115869,,0.9094089881335512,0.0905910118664488,0.9907746285099508,0.144564212744359,10,0.025,0.15,0.8575264373008498,0.8960420071158448,0.9082950543235321,0.9276670241692023,0.927311802874833,0.9332832600321411,0.9411382040588991,0.9437654867157267,0.9376512848432843,0.930848850289849,1.0,0.9385833498188788
5,11,1.9632413792610168,0.2926559037670149,3159,2.1884869575500487,0.25,632,2.1812528326541565,0.2506,0.9595049901580962,0.0828560025841335,,,0.8571531268190218,,0.8571982637685465,0.14280173623145354,0.9905233422815037,0.1445446195902917,10,0.025,0.15,0.8444986679923946,0.8906239348483604,0.9055501317982501,0.9162482652449258,0.9295707493443903,0.9217221996252074,0.9365065865298648,0.9368093517909017,0.941251208369073,0.9318772954856986,0.9385833498188788,1.0
6,0,1.8229619558210726,0.3366983199415632,6845,2.1560706225308506,0.24470416362308253,1369,2.1489165523384193,0.2642,0.9315705413679639,0.07999064519281286,,,0.55,,0.5500404350481095,0.4499595649518905,0.9883154970415845,0.14293199214436708,10,0.025,0.15,1.0,0.9331905743775877,0.9152168975386009,0.916456766256617,0.8918308142753614,0.8949921081958839,0.8853353057593727,0.8742802060992777,0.8721761431330116,0.8633643105900335,0.8640426903563337,0.8477365632644002
6,1,1.8326558024384254,0.33289521723256665,5478,2.1471428871154785,0.25364963503649635,1096,2.1426785716527625,0.2661,0.9590721554577134,0.08292631354981155,,,0.8563873221296707,,0.8564225710088957,0.14357742899110426,0.9927645502565724,0.1442686460884213,10,0.025,0.15,0.9331905743775877,1.0,0.9361683075632711,0.9362694888768281,0.9182757352929974,0.9220884749275509,0.9161867434975021,0.9111346848195577,0.9117146874771442,0.9010742088902055,0.8962702889120522,0.8897241016080003
6,2,1.884242910460422,0.32085062240663903,4820,2.138216018676758,0.26141078838174275,964,2.142438933819155,0.2661,0.964083416254458,0.0835666046428586,,,0.923212674834951,,0.9232476770477464,0.07675232295225365,0.9929007009550936,0.14429234429124435,10,0.025,0.15,0.9152168975386009,0.9361683075632711,1.0,0.9356833916154436,0.9290026491411124,0.9286561210284568,0.927825281428154,0.9189421596391522,0.91734682566019,0.9079256544802083,0.9084265754487334,0.9030593577526106
6,3,1.8529586509295872,0.32791647753064,4406,2.130800519670759,0.2939841089670829,881,2.1423830352252042,0.2663,0.9705948001858982,0.0842065313717663,,,0.9899999998956328,,0.9900232707827895,0.00997672921721049,0.9929554205939279,0.1442967110704801,10,0.025,0.15,0.916456766256617,0.9362694888768281,0.9356833916154436,1.0,0.9283340535791093,0.9377894475828378,0.9339526241960345,0.9311374085818932,0.9268464736319053,0.9199008383065138,0.9255801643971231,0.9107392373282185
6,4,1.9062717939868117,0.3049854085603113,4112,2.1362131323133196,0.2725060827250608,822,2.142381921599183,0.2663,0.9676888735467365,0.08402061737898281,,,0.9705966874405421,,0.9706392038421547,0.02936079615784526,0.9929537705286401,0.14429647200687887,10,0.025,0.15,0.8918308142753614,0.9182757352929974,0.9290026491411124,0.9283340535791093,1.0,0.9369852866307752,0.936332090843642,0.9279877869571443,0.9306630394640549,0.9171922513759276,0.9258367227563018,0.9256932439080537
6,5,1.888784961546621,0.32283363332476217,3889,2.13091094153268,0.2879177377892031,778,2.1423831740512123,0.2663,0.9690486017348132,0.08416166732050687,,,0.985317666997744,,0.9853608621742503,0.01463913782574966,0.9929540339234041,0.1442966868984534,10,0.025,0.15,0.8949921081958839,0.9220884749275509,0.9286561210284568,0.9377894475828378,0.9369852866307752,1.0,0.9327837815642713,0.9321861940532393,0.9311008964762164,0.9260138103017572,0.9293795135916364,0.9117237383706444
6,6,1.9032638237394135,0.31886284020479655,3711,2.1498334805170694,0.24797843665768193,742,2.142458619950693,0.2662,0.9705013009935738,0.08406866603276271,,,0.9756113882082439,,0.9756481985773465,0.024351801422653474,0.9929537160837306,0.144296570892863,10,0.025,0.15,0.8853353057593727,0.9161867434975021,0.927825281428154,0.9339526241960345,0.936332090843642,0.9327837815642713,1.0,0.9387465688357427,0.9396553084521013,0.9208491306324547,0.9358163938661667,0.9327515243236694
6,7,1.8990721621683666,0.30561167227833896,3564,2.1484384139378867,0.26227208976157085,713,2.14243092416208,0.2662,0.9671409251905517,0.083893865222068,,,0.9573679268284299,,0.9574111666749188,0.04258883332508123,0.9929473660534549,0.14429600138903287,10,0.025,0.15,0.8742802060992777,0.9111346848195577,0.9189421596391522,0.9311374085818932,0.9279877869571443,0.9321861940532393,0.9387465688357427,1.0,0.9310375449708983,0.9300557820474898,0.9362605100833105,0.9294103940905389
6,8,1.905962797889003,0.3105492589363557,3441,2.1289074420928955,0.2863372093023256,688,2.1424609256696097,0.2662,0.9656765289345048,0.08377544477574511,,,0.9450087230553701,,0.9450578468749484,0.054942153125051574,0.9929376731291376,0.14429525624130132,10,0.025,0.15,0.8721761431330116,0.9117146874771442,0.91734682566019,0.9268464736319053,0.9306630394640549,0.9311008964762164,0.9396553084521013,0.9310375449708983,1.0,0.9204094845837408,0.929848275900881,0.9335265246490507
6,9,1.8979473286204869,0.3177264547090582,3334,2.1452502409617105,0.272863568215892,667,2.1425473086441618,0.2663,0.9576731322788531,0.0831239699642563,,,0.8770161575971062,,0.877060949645987,0.12293905035401298,0.9928348660238097,0.14427969358395398,10,0.025,0.15,0.8633643105900335,0.9010742088902055,0.9079256544802083,0.9199008383065138,0.9171922513759276,0.9260138103017572,0.9208491306324547,0.9300557820474898,0.9204094845837408,1.0,0.9227671653532693,0.9229283115037522
