round,client_id,client_i_training_loss,client_i_training_accuracy,client_i_training_dataset_size,client_i_evaluation_loss,client_i_evaluation_accuracy,client_i_evaluation_dataset_size,client_i_central_evaluation_loss,client_i_central_evaluation_accuracy,client_i_cosine_similarity,client_i_importance_coefficient,client_i_tanh_val,tanh_normalization_value,client_i_q,client_i_mask_order,client_i_v_nonzero_fraction,client_i_v_sparsity,client_i_v_cosine_similarity,client_i_reward_gradient_norm,local_epochs,learning_rate,gamma,client_0_cosine_similarity,client_1_cosine_similarity,client_2_cosine_similarity,client_3_cosine_similarity,client_4_cosine_similarity,client_5_cosine_similarity,client_6_cosine_similarity,client_7_cosine_similarity,client_8_cosine_similarity,client_9_cosine_similarity,client_10_cosine_similarity,client_11_cosine_similarity
0,0,2.2535540865527257,0.17379108838568297,6845,2.3020682334899902,0.10153396639883126,1369,2.300372141826002,0.1194,0.8716636723754476,0.07867847848724827,,,0.6,,0.6000148536911423,0.39998514630885773,0,0.13824410949702476,10,0.025,0.15,1.0,0.8974254933471791,0.8896517253592757,0.838581489538522,0.8367151156760143,0.7450377617325775,0.7042018062503099,0.6907900142865065,0.7127250440046518,0.715400016023449,0.6845523524596807,0.6550924238265914
0,1,2.2904656532198886,0.12981014968966775,5478,2.2980468538072376,0.13138686131386862,1096,2.3003276933597614,0.1189,0.9587981285509617,0.08654344596607004,,,0.8909726710929726,,0.8910151672690664,0.10898483273093362,0,0.13863567324261833,10,0.025,0.15,0.8974254933471791,1.0,0.9621070625775305,0.9203784225753576,0.9428279755382586,0.8707724854992469,0.8464126942511958,0.8070907962843135,0.824858371456232,0.7810130566857751,0.8448683368632756,0.8025014247851278
0,2,2.2939242262589303,0.12848547717842324,4820,2.306154727935791,0.12136929460580913,964,2.3003276209288006,0.1189,0.976474407842978,0.08813894983308501,,,0.9499999999630039,,0.9500173293063326,0.04998267069366735,0,0.1386414173636779,10,0.025,0.15,0.8896517253592757,0.9621070625775305,1.0,0.9494383354705247,0.9433841301641048,0.8868396631362797,0.8737446950852551,0.8545202291453081,0.8530299019007181,0.8260400261509993,0.873782090426022,0.8313048331342622
0,3,2.295936530658177,0.1541307308216069,4406,2.3037422725132535,0.10783200908059024,881,2.3003276993956745,0.1189,0.9711483139468626,0.08765820367225834,,,0.9322142945662429,,0.9322506642900761,0.06774933570992392,0,0.1386407866932684,10,0.025,0.15,0.838581489538522,0.9203784225753576,0.9494383354705247,1.0,0.9104368958046282,0.905939243885915,0.8937819675909255,0.8975763621254601,0.8349658052858017,0.8565728746190485,0.8762192563586895,0.8752464510091281
0,4,2.2951637557058624,0.14146400778210116,4112,2.3003145967211043,0.14233576642335766,822,2.300328565549247,0.1189,0.9469808634015542,0.08547679093466098,,,0.8515106562201094,,0.8515621131851265,0.14843788681487347,0,0.13862746516157382,10,0.025,0.15,0.8367151156760143,0.9428279755382586,0.9433841301641048,0.9104368958046282,1.0,0.8507364901790281,0.8409096108322246,0.7989585503417764,0.8497181403872307,0.8017904475048582,0.8537817529752931,0.8104807637102005
0,5,2.2988092237903226,0.10930830547698638,3889,2.2990854467664446,0.11825192802056556,778,2.3003294467926025,0.1189,0.9373838722657907,0.0846105432240506,,,0.8194629191044516,,0.8195194005710419,0.1804805994289581,0,0.1386179420759942,10,0.025,0.15,0.7450377617325775,0.8707724854992469,0.8868396631362797,0.905939243885915,0.8507364901790281,1.0,0.9111577754696493,0.8884208555332832,0.8036809737283532,0.858930778145678,0.8538101177435813,0.9031255864300208
0,6,2.3001953494959864,0.12417138237671786,3711,2.29695196946462,0.10646900269541779,742,2.3003334033338327,0.119,0.9264051251804291,0.08361957486808072,,,0.782801011692679,,0.7828307834496873,0.21716921655031274,0,0.13859458993131954,10,0.025,0.15,0.7042018062503099,0.8464126942511958,0.8737446950852551,0.8937819675909255,0.8409096108322246,0.9111577754696493,1.0,0.9364973671428617,0.8086535007286472,0.7985500874698713,0.8815522832712736,0.9035815778043916
0,7,2.299918932574136,0.1164702581369248,3564,2.2974902391433716,0.11640953716690042,713,2.300338470483128,0.119,0.9080600675535108,0.08196370544551616,,,0.7215403961641116,,0.7215840636398145,0.27841593636018547,0,0.138547812124806,10,0.025,0.15,0.6907900142865065,0.8070907962843135,0.8545202291453081,0.8975763621254601,0.7989585503417764,0.8884208555332832,0.9364973671428617,1.0,0.7893396208072647,0.8509202833483263,0.843424231949063,0.8469329813021353
0,8,2.2979821611333775,0.14179017727404825,3441,2.297536094983419,0.12790697674418605,688,2.300352208222015,0.1191,0.8936119340006687,0.08065958184722477,,,0.673292984098897,,0.6733260715287749,0.3266739284712251,0,0.13844832249061523,10,0.025,0.15,0.7127250440046518,0.824858371456232,0.8530299019007181,0.8349658052858017,0.8497181403872307,0.8036809737283532,0.8086535007286472,0.7893396208072647,1.0,0.8452298290490814,0.8542853746738994,0.8383243346518174
0,9,2.2983251518673367,0.11523695260947811,3334,2.298189401626587,0.12143928035982009,667,2.3003596173057073,0.1191,0.8810786640277256,0.07952829848278929,,,0.6314399766708042,,0.6314881748114406,0.3685118251885594,0,0.13837855804313354,10,0.025,0.15,0.715400016023449,0.7810130566857751,0.8260400261509993,0.8565728746190485,0.8017904475048582,0.858930778145678,0.7985500874698713,0.8509202833483263,0.8452298290490814,1.0,0.7523743497711788,0.7828130185900235
0,10,2.2999832896085888,0.12252391237272446,3241,2.29910671710968,0.12962962962962962,648,2.300338180759285,0.119,0.9089772595592859,0.08204649342186764,,,0.7246032236555455,,0.7246373223746101,0.2753626776253899,0,0.13855057401963966,10,0.025,0.15,0.6845523524596807,0.8448683368632756,0.873782090426022,0.8762192563586895,0.8537817529752931,0.8538101177435813,0.8815522832712736,0.843424231949063,0.8542853746738994,0.7523743497711788,1.0,0.8938189734426019
0,11,2.300744160652161,0.10538144982589427,3159,2.299533653259277,0.11234177215189874,632,2.300350400465953,0.119,0.8982246170886256,0.08107593381714831,,,0.6886963592723723,,0.6887409021141754,0.3112590978858246,0,0.13847267523125978,10,0.025,0.15,0.6550924238265914,0.8025014247851278,0.8313048331342622,0.8752464510091281,0.8104807637102005,0.9031255864300208,0.9035815778043916,0.8469329813021353,0.8383243346518174,0.7828130185900235,0.8938189734426019,1.0
1,0,2.098422452034774,0.2414317019722425,6845,2.2925827503204346,0.15339663988312638,1369,2.2909884271742422,0.1677,0.9090484771526431,0.07834106867897095,,,0.6,,0.6000148536911423,0.39998514630885773,0.8296076556287957,0.14563361926754262,10,0.025,0.15,1.0,0.9440618172044972,0.9264560908813558,0.9086657227119875,0.898915570851076,0.8786388570079201,0.8618286620583929,0.8545131881052703,0.8469351413713215,0.8493674499060301,0.8298952087555324,0.8222311272105084
1,1,2.164093577861786,0.2031033223804308,5478,2.289623181025187,0.1678832116788321,1096,2.2908422977109497,0.1679,0.9681988464308662,0.08513855749593237,,,0.8926209314751368,,0.8926573253453484,0.10734267465465164,0.8333062071211502,0.14612104892487598,10,0.025,0.15,0.9440618172044972,1.0,0.9719269259473237,0.9639335057469982,0.960811153681402,0.9510012107206274,0.936207774468596,0.9289981473762885,0.9261775457798234,0.9168323932910816,0.9076608505485925,0.901862439894448
1,2,2.1673404339112734,0.20443983402489627,4820,2.295607089996338,0.17323651452282157,964,2.290839753573454,0.1679,0.9778462877655315,0.08644086433748491,,,0.9486831408149525,,0.9487217573567032,0.051278242643296834,0.8332921318102993,0.1461283887497646,10,0.025,0.15,0.9264560908813558,0.9719269259473237,1.0,0.9778343881725282,0.9724926103054284,0.959185003563464,0.9490419178953188,0.9498960946953231,0.941269122013783,0.935335651886388,0.9216259662343728,0.9167713349623765
1,3,2.1898151315961565,0.211484339536995,4406,2.2936185768672397,0.1532349602724177,881,2.290839931632899,0.1679,0.9879191425000569,0.08647145454593694,,,0.9499999999569515,,0.9500173293063326,0.04998267069366735,0.8332913101624935,0.14612841527947915,10,0.025,0.15,0.9086657227119875,0.9639335057469982,0.9778343881725282,1.0,0.9813679522467609,0.9747950183577978,0.9657975372845315,0.9702404521020834,0.9571192675477923,0.9574225833328124,0.9435085245886358,0.940658343163561
1,4,2.203647928526907,0.2097033073929961,4112,2.2909232207706998,0.1922141119221411,822,2.2908444163165513,0.1679,0.9891962403742282,0.08516237809249541,,,0.8936463697424537,,0.8936888316746712,0.10631116832532883,0.8332257999798748,0.14612119838776325,10,0.025,0.15,0.898915570851076,0.960811153681402,0.9724926103054284,0.9813679522467609,1.0,0.9748926869106095,0.9710806891702477,0.9695033430702569,0.9656925958511742,0.9621252790205617,0.952750467392256,0.9478064385334906
1,5,2.218311777422505,0.1785806119825148,3889,2.290954726082938,0.17480719794344474,778,2.2908481284032893,0.1679,0.9868487571110867,0.08454951035517394,,,0.8672634020031651,,0.8672987737452758,0.13270122625472425,0.8330854902231769,0.14610740953668977,10,0.025,0.15,0.8786388570079201,0.9510012107206274,0.959185003563464,0.9747950183577978,0.9748926869106095,1.0,0.9769345630427283,0.9754308215613731,0.9641423023898824,0.9627236479496949,0.9558539387931994,0.9573747366449752
1,6,2.2422938190657518,0.1862570735650768,3711,2.287699898084005,0.15902964959568733,742,2.2908547256566303,0.1679,0.9866358008922196,0.08392897890837263,,,0.840550523929791,,0.8405868858411315,0.1594131141588685,0.8329543821390651,0.1460977968455908,10,0.025,0.15,0.8618286620583929,0.936207774468596,0.9490419178953188,0.9657975372845315,0.9710806891702477,0.9769345630427283,1.0,0.9838509835505366,0.9701221420129498,0.96634711393417,0.9754539589961437,0.9741251277034116
1,7,2.2382200871195113,0.19489337822671157,3564,2.288240671157837,0.16690042075736325,713,2.290873310233973,0.1677,0.9846612244714691,0.08283934276094808,,,0.7936434450048886,,0.7936739779835289,0.2063260220164711,0.8321253152924405,0.14605894804690092,10,0.025,0.15,0.8545131881052703,0.9289981473762885,0.9498960946953231,0.9702404521020834,0.9695033430702569,0.9754308215613731,0.9838509835505366,1.0,0.9689362198017312,0.9706855024336787,0.9690073558847749,0.9664718873022018
1,8,2.237565181873463,0.1970357454228422,3441,2.2883218924204507,0.17005813953488372,688,2.290899985953222,0.1678,0.978754978957353,0.08183937424748895,,,0.7505964131180425,,0.7506560380254493,0.24934396197455067,0.8320204050625631,0.14601911775289048,10,0.025,0.15,0.8469351413713215,0.9261775457798234,0.941269122013783,0.9571192675477923,0.9656925958511742,0.9641423023898824,0.9701221420129498,0.9689362198017312,1.0,0.9656964746730528,0.9653327964696278,0.9685031530835146
1,9,2.234330968503599,0.1952609478104379,3334,2.2889652252197266,0.17991004497751126,667,2.2909230793578717,0.1678,0.9753219810625459,0.08102702531961348,,,0.7156261018224058,,0.7156755953854533,0.28432440461454667,0.8313718898119788,0.1459589542440693,10,0.025,0.15,0.8493674499060301,0.9168323932910816,0.935335651886388,0.9574225833328124,0.9621252790205617,0.9627236479496949,0.96634711393417,0.9706855024336787,0.9656964746730528,1.0,0.9586088863864004,0.9556398555216252
1,10,2.25670994245089,0.15924097500771367,3241,2.289332151412964,0.17746913580246915,648,2.2908745687219163,0.1677,0.9717933395336543,0.08247125714140406,,,0.7777979526835461,,0.7778382928157647,0.22216170718423534,0.8321179194024142,0.14604629365496727,10,0.025,0.15,0.8298952087555324,0.9076608505485925,0.9216259662343728,0.9435085245886358,0.952750467392256,0.9558539387931994,0.9754539589961437,0.9690073558847749,0.9653327964696278,0.9586088863864004,1.0,0.9803076420226744
1,11,2.257573714256287,0.16828110161443494,3159,2.290497636795044,0.15664556962025317,632,2.2908976379829116,0.1677,0.9693349875421713,0.08179018811617843,,,0.7484790294860415,,0.7485022528098232,0.2514977471901768,0.8323233388301515,0.14600207212969687,10,0.025,0.15,0.8222311272105084,0.901862439894448,0.9167713349623765,0.940658343163561,0.9478064385334906,0.9573747366449752,0.9741251277034116,0.9664718873022018,0.9685031530835146,0.9556398555216252,0.9803076420226744,1.0
2,0,2.00514761739307,0.2751789627465303,6845,2.2776415564797143,0.1775018261504748,1369,2.2761020539682124,0.1851,0.9092574846126923,0.07813372939279863,,,0.6,,0.6000148536911423,0.39998514630885773,0.9571483285227682,0.14553737760130125,10,0.025,0.15,1.0,0.9422765511672194,0.9179149669583963,0.9040098702089934,0.8960132538052082,0.8759721153378546,0.8686824514732907,0.8635521040595638,0.8470932408051673,0.8449953249991373,0.8445432636970327,0.8264293404002907
2,1,2.06752300207005,0.2488134355604235,5478,2.2757130199008517,0.17518248175182483,1096,2.2757444894766508,0.1882,0.9650368034196428,0.08415999137536369,,,0.8802340845122867,,0.8802709973428396,0.11972900265716035,0.9610284347968734,0.1461388800116163,10,0.025,0.15,0.9422765511672194,1.0,0.9636568801503123,0.9530134713064672,0.9483908436024235,0.9426737904716597,0.9353082620854839,0.9321816030217631,0.9167301615726822,0.9203554191250702,0.918790520663812,0.905398342520208
2,2,2.0631547115351023,0.2510165975103734,4820,2.279456675052643,0.18360995850622408,964,2.2757384837428227,0.188,0.9799205762367051,0.08545131372416889,,,0.9402833384734715,,0.9403294218613325,0.059670578138667496,0.9611036558869732,0.14615093037442345,10,0.025,0.15,0.9179149669583963,0.9636568801503123,1.0,0.9686228229025954,0.9639412667741616,0.956567402685803,0.9557412254510589,0.955263368475076,0.9461218252470596,0.9450035943083797,0.9451643009738039,0.9336380520290656
2,3,2.0832648832457408,0.25308669995460736,4406,2.2779928275517056,0.17480136208853575,881,2.2757393559323082,0.188,0.9857515651984904,0.08566026456530745,,,0.9499999999534978,,0.9500173293063326,0.04998267069366735,0.9611027881485958,0.14615139909626987,10,0.025,0.15,0.9040098702089934,0.9530134713064672,0.9686228229025954,1.0,0.972168104355732,0.9665498875036519,0.9663995545756614,0.9684702802620362,0.954981788394168,0.9549720675446005,0.9588852630524226,0.9517127245733155
2,4,2.0961162704409975,0.2523589494163424,4112,2.2763400418417796,0.2141119221411192,822,2.2757469370395325,0.1883,0.9850639180023787,0.08482735200470164,,,0.9112677826062519,,0.9113152118301397,0.08868478816986025,0.9610418873808247,0.1461481700502896,10,0.025,0.15,0.8960132538052082,0.9483908436024235,0.9639412667741616,0.972168104355732,1.0,0.9666817531106106,0.9713287531822342,0.9661808108482749,0.9595990845093064,0.9590932604252085,0.9567500584810016,0.951960025951707
2,5,2.1125467327333265,0.22982771920802264,3889,2.277071475982666,0.19922879177377892,778,2.275754098650775,0.1883,0.9842057931721309,0.08441993644223607,,,0.8923220866683861,,0.8923519994718687,0.10764800052813128,0.9609480225115219,0.14614167980409606,10,0.025,0.15,0.8759721153378546,0.9426737904716597,0.956567402685803,0.9665498875036519,0.9666817531106106,1.0,0.9716061281243896,0.9708974307965957,0.9605084387599373,0.961049340098586,0.9660564978014463,0.9635736600429361
2,6,2.1341511931912653,0.23567771490164377,3711,2.272619128227234,0.18598382749326145,742,2.275765313377863,0.1885,0.985115926335994,0.08406539717938627,,,0.8758352518716546,,0.8758891584558763,0.12411084154412366,0.9608822583413318,0.14613771721217925,10,0.025,0.15,0.8686824514732907,0.9353082620854839,0.9557412254510589,0.9663995545756614,0.9713287531822342,0.9716061281243896,1.0,0.9741648361383881,0.9648204107046596,0.9646581576554416,0.971413462529654,0.9688734939352649
2,7,2.1248661445719854,0.23540965207631875,3564,2.2733498016993203,0.182328190743338,713,2.27580053595048,0.1885,0.9853133797290392,0.08339719166553165,,,0.8447622648387532,,0.8448036837154033,0.15519631628459674,0.9605344107822468,0.14611720916771898,10,0.025,0.15,0.8635521040595638,0.9321816030217631,0.955263368475076,0.9684702802620362,0.9661808108482749,0.9708974307965957,0.9741648361383881,1.0,0.9722741556489772,0.9675580806057156,0.9741437992687366,0.9710629725461688
2,8,2.1190451317363315,0.24147050276082535,3441,2.27317480246226,0.19622093023255813,688,2.2758469098730933,0.1887,0.9772866692851977,0.08251650698584072,,,0.8038085416731804,,0.8038487564159694,0.19615124358403058,0.9602014881150284,0.14608298401261158,10,0.025,0.15,0.8470932408051673,0.9167301615726822,0.9461218252470596,0.954981788394168,0.9595990845093064,0.9605084387599373,0.9648204107046596,0.9722741556489772,1.0,0.9645625491465196,0.967255434394812,0.9686469548899134
2,9,2.1222050856660912,0.2430113977204559,3334,2.2742364009221396,0.20539730134932535,667,2.275914672054822,0.1868,0.9771688478076686,0.08200970803079377,,,0.7802413051988522,,0.7802808998036012,0.21971910019639884,0.9592471773203225,0.14604556328462917,10,0.025,0.15,0.8449953249991373,0.9203554191250702,0.9450035943083797,0.9549720675446005,0.9590932604252085,0.961049340098586,0.9646581576554416,0.9675580806057156,0.9645625491465196,1.0,0.9717462875467979,0.9674055577880105
2,10,2.1537789482336778,0.21243443381672322,3241,2.273810108502706,0.18981481481481483,648,2.2758028809028334,0.1885,0.979578231285072,0.08298240624465533,,,0.8254738547058033,,0.8255268934330181,0.1744731065669819,0.9604274638698473,0.14610706551373964,10,0.025,0.15,0.8445432636970327,0.918790520663812,0.9451643009738039,0.9588852630524226,0.9567500584810016,0.9660564978014463,0.971413462529654,0.9741437992687366,0.967255434394812,0.9717462875467979,1.0,0.9743310942300014
2,11,2.153542468547821,0.22098765432098766,3159,2.2759949207305907,0.17405063291139242,632,2.2758681562882437,0.1866,0.9739155923659686,0.08237620238921596,,,0.7972840775357501,,0.7973131323133799,0.20268686768662014,0.9595109800255797,0.1460604541278823,10,0.025,0.15,0.8264293404002907,0.905398342520208,0.9336380520290656,0.9517127245733155,0.951960025951707,0.9635736600429361,0.9688734939352649,0.9710629725461688,0.9686469548899134,0.9674055577880105,0.9743310942300014,1.0
3,0,1.9468553761641185,0.2979401022644266,6845,2.256341045553034,0.20087655222790357,1369,2.254914510099194,0.213,0.914771549015367,0.07831524773685487,,,0.6,,0.6000148536911423,0.39998514630885773,0.9775311440405303,0.1448579599594172,10,0.025,0.15,1.0,0.9388186589190916,0.9196346853310707,0.9034522145387103,0.9019875692731913,0.8766664058559661,0.8750554065937906,0.868221156156947,0.8431259552827794,0.8479219338856592,0.8458429595333236,0.831293778287598
3,1,2.0039470517358113,0.27504563709382984,5478,2.2556995020972357,0.197992700729927,1096,2.2541661503948744,0.2165,0.9586756710907685,0.08348563653661306,,,0.8649389202960824,,0.8649716954663234,0.13502830453367665,0.9817386952395565,0.14549252481969438,10,0.025,0.15,0.9388186589190916,1.0,0.9497797107126917,0.9403886369547964,0.9402954203324598,0.9298096848152856,0.9271764116550004,0.9228381336658593,0.9004441366911642,0.9087065469048409,0.9048057455067592,0.8944351994372256
3,2,1.9953873728450975,0.2786721991701245,4820,2.256580263376236,0.21784232365145229,964,2.254149491273904,0.2166,0.9760959267839227,0.08485508971555246,,,0.9351118725973118,,0.9351471340628146,0.06485286593718542,0.9818920790079002,0.1455082507502159,10,0.025,0.15,0.9196346853310707,0.9497797107126917,1.0,0.9602489768231195,0.9558611832220789,0.9475193537033826,0.9512018033155271,0.9489684842781485,0.9313281542605488,0.932740173195581,0.934835179845143,0.9260693153052524
3,3,2.0181403711863926,0.27410349523377214,4406,2.2560223511287143,0.20998864926220204,881,2.2541495093816444,0.2167,0.9810272540714219,0.08514563746452519,,,0.9499999999487583,,0.9500173293063326,0.04998267069366735,0.9818959088226699,0.14550921141022097,10,0.025,0.15,0.9034522145387103,0.9403886369547964,0.9602489768231195,1.0,0.9627059917482792,0.9572265113117127,0.956849228798577,0.9573109462735804,0.9420294028700141,0.9432543600549234,0.9486645743388632,0.9426598255173979
3,4,2.0233837030150674,0.2805690661478599,4112,2.25550981930324,0.23479318734793186,822,2.254163980484009,0.2166,0.9808087834404444,0.08462195622373116,,,0.9231657428186615,,0.9231981647439389,0.0768018352560611,0.98186656003964,0.14550728042855032,10,0.025,0.15,0.9019875692731913,0.9402954203324598,0.9558611832220789,0.9627059917482792,1.0,0.9557591884053158,0.9616691926679234,0.9564733846222829,0.9460101040333914,0.9456358662623905,0.9457353265070414,0.9405255108980491
3,5,2.0434506189438606,0.2588326047827205,3889,2.2568021842411587,0.2300771208226221,778,2.254174003118201,0.2167,0.97902352817465,0.08431101594371204,,,0.9072326698418905,,0.9072799590698288,0.09272004093017117,0.9818500460458643,0.14550532167042252,10,0.025,0.15,0.8766664058559661,0.9298096848152856,0.9475193537033826,0.9572265113117127,0.9557591884053158,1.0,0.9614834784479556,0.9598397838043771,0.9454776767010417,0.9500972598201807,0.9551977189450822,0.9521433066517995
3,6,2.0605905993231413,0.2691457828078685,3711,2.250756859779358,0.2196765498652291,742,2.2541909670527978,0.2169,0.981007838318662,0.08415590940895111,,,0.8992847650629792,,0.8993167302074565,0.1006832697925435,0.9818113389635844,0.1455026113518794,10,0.025,0.15,0.8750554065937906,0.9271764116550004,0.9512018033155271,0.956849228798577,0.9616691926679234,0.9614834784479556,1.0,0.9632006287114528,0.950526271137693,0.953398960997995,0.9581919615213673,0.9556182633617261
3,7,2.052619126864842,0.26133557800224466,3564,2.251845121383667,0.22580645161290322,713,2.2542468052876146,0.2169,0.980882063451194,0.08373740075057404,,,0.8778397178181434,,0.8778861547094453,0.12211384529055469,0.9817155632964706,0.14549738766365009,10,0.025,0.15,0.868221156156947,0.9228381336658593,0.9489684842781485,0.9573109462735804,0.9564733846222829,0.9598397838043771,0.9632006287114528,1.0,0.9587223439427176,0.9578098018302363,0.9615927640236285,0.9581945074285229
3,8,2.0413353438730595,0.2724208079046789,3441,2.2516961097717285,0.22674418604651161,688,2.2543216083623188,0.2167,0.9694412537541585,0.08281778745747012,,,0.8307172745356826,,0.830750441484709,0.169249558515291,0.9815467407331863,0.1454764365420455,10,0.025,0.15,0.8431259552827794,0.9004441366911642,0.9313281542605488,0.9420294028700141,0.9460101040333914,0.9454776767010417,0.950526271137693,0.9587223439427176,1.0,0.9507776758589549,0.9552339271778642,0.9566135536837986
3,9,2.041449680151763,0.2658368326334733,3334,2.2531014680862427,0.2368815592203898,667,2.254417365110373,0.2157,0.971715464981721,0.08257771608904788,,,0.8184156369592652,,0.8184631380898153,0.1815368619101847,0.9813812562341511,0.14546882663283311,10,0.025,0.15,0.8479219338856592,0.9087065469048409,0.932740173195581,0.9432543600549234,0.9456358662623905,0.9500972598201807,0.953398960997995,0.9578098018302363,0.9507776758589549,1.0,0.9590366566296481,0.9577814555029801
3,10,2.0790257912415724,0.24828756556618328,3241,2.251704295476278,0.2175925925925926,648,2.254253076601632,0.2167,0.9738834549949412,0.08325172235858547,,,0.8529527869183614,,0.8529897179449093,0.1470102820550907,0.9816754786558384,0.14548791390131374,10,0.025,0.15,0.8458429595333236,0.9048057455067592,0.934835179845143,0.9486645743388632,0.9457353265070414,0.9551977189450822,0.9581919615213673,0.9615927640236285,0.9552339271778642,0.9590366566296481,1.0,0.9624717442506814
3,11,2.078260429382324,0.25489078822412153,3159,2.2550458908081055,0.20253164556962025,632,2.2543439201161832,0.2158,0.9692606827167191,0.08272488031438245,,,0.8259565652098013,,0.8260055123698239,0.1739944876301761,0.9815081297636868,0.14547380281224173,10,0.025,0.15,0.831293778287598,0.8944351994372256,0.9260693153052524,0.9426598255173979,0.9405255108980491,0.9521433066517995,0.9556182633617261,0.9581945074285229,0.9566135536837986,0.9577814555029801,0.9624717442506814,1.0
4,0,1.9004014533978921,0.3169174579985391,6845,2.2286112091758032,0.2264426588750913,1369,2.2273902229115934,0.2387,0.9205318955104019,0.07872102734969201,,,0.6,,0.6000148536911423,0.39998514630885773,0.9850114251449696,0.14433584118701245,10,0.025,0.15,1.0,0.9354542939481106,0.9196519264466473,0.9064364153697438,0.9026578218348015,0.8789422166462484,0.8785735877539392,0.8717434855593532,0.849983043316769,0.8410040011305413,0.8567172753196876,0.8409516127116052
4,1,1.9546063553455264,0.297645125958379,5478,2.2295782301161022,0.23175182481751824,1096,2.2260954561112802,0.2431,0.9572255247081972,0.08313116351817751,,,0.8531303733800782,,0.8531712630588701,0.14682873694112986,0.9877677856426115,0.14496451608755945,10,0.025,0.15,0.9354542939481106,1.0,0.9448781552077514,0.9357042480210304,0.9353787847903425,0.924099228063033,0.9233158553575984,0.9163165328616462,0.8961033840603856,0.8939471662552029,0.9034060301653963,0.8935278139417118
4,2,1.9466512134200649,0.2971991701244813,4820,2.2269336879253387,0.23858921161825727,964,2.226068113423601,0.2432,0.973226746539803,0.08450458822813277,,,0.9319613881965187,,0.9320031027710386,0.0679968972289614,0.987904483225297,0.14498724139434274,10,0.025,0.15,0.9196519264466473,0.9448781552077514,1.0,0.9543568145505408,0.9488747097443789,0.936151964427539,0.9446162000437311,0.9395587447612876,0.924254664228698,0.9205476111900555,0.9316024838330726,0.9209464243076003
4,3,1.9675881736619132,0.29337267362687247,4406,2.227626323699951,0.23496027241770714,881,2.2260696857790405,0.2432,0.9773218120979881,0.08481886396291874,,,0.9499999999426025,,0.9500173293063326,0.04998267069366735,0.9878979653444209,0.14498878931481485,10,0.025,0.15,0.9064364153697438,0.9357042480210304,0.9543568145505408,1.0,0.9545388050716408,0.9447404715385885,0.9464459382616458,0.9474509562313042,0.9340716447368439,0.9315243566224918,0.9426323043469191,0.9341215887318777
4,4,1.9694606098261747,0.2980544747081712,4112,2.2283821446555003,0.25790754257907544,822,2.226087796537182,0.2431,0.9772749075179613,0.08449212321199123,,,0.9312459286121542,,0.9312769223151953,0.06872307768480468,0.9878924951646393,0.1449871681049581,10,0.025,0.15,0.9026578218348015,0.9353787847903425,0.9488747097443789,0.9545388050716408,1.0,0.946265028696155,0.9516928769227505,0.9466468329403106,0.9391123529067156,0.9317363699523985,0.938372791650802,0.9363413317884601
4,5,1.9904528614013426,0.28364618153767035,3889,2.230531999043056,0.2622107969151671,778,2.2260985947862455,0.2431,0.9728914850794423,0.0841557588861384,,,0.9119394890506505,,0.9119918799821756,0.08800812001782443,0.9878741379270837,0.14498480693605056,10,0.025,0.15,0.8789422166462484,0.924099228063033,0.936151964427539,0.9447404715385885,0.946265028696155,1.0,0.9493779681425546,0.948676373887929,0.9318437912956953,0.934663405395106,0.9434337342797195,0.9418576578462834
4,6,2.005718680085807,0.2897871193748316,3711,2.2220356464385986,0.24393530997304583,742,2.226120070566105,0.2429,0.9762595701410165,0.08416952099924467,,,0.9127293986352987,,0.9127758247924609,0.08722417520753911,0.9878704568785733,0.1449849405177182,10,0.025,0.15,0.8785735877539392,0.9233158553575984,0.9446162000437311,0.9464459382616458,0.9516928769227505,0.9493779681425546,1.0,0.9517352368320704,0.9403506775803258,0.9406794624372458,0.945942970340666,0.9463133172961763
4,7,1.9968998453446798,0.2820145903479237,3564,2.2241257429122925,0.25245441795231416,713,2.226196977156627,0.243,0.9758457031381467,0.08389609881599869,,,0.8970356747475803,,0.8970804244854846,0.10291957551451536,0.9878538707460107,0.1449813968398329,10,0.025,0.15,0.8717434855593532,0.9163165328616462,0.9395587447612876,0.9474509562313042,0.9466468329403106,0.948676373887929,0.9517352368320704,1.0,0.9495431413478105,0.9448492731394568,0.9518059119314185,0.9460159823367565
4,8,1.9857260187466939,0.2931415286253996,3441,2.223885416984558,0.24854651162790697,688,2.2263057443160044,0.2424,0.9649475678673232,0.0829688172989299,,,0.8438121216243496,,0.8438464458417917,0.1561535541582083,0.9876729323420798,0.14495967656907227,10,0.025,0.15,0.849983043316769,0.8961033840603856,0.924254664228698,0.9340716447368439,0.9391123529067156,0.9318437912956953,0.9403506775803258,0.9495431413478105,1.0,0.9380834268324448,0.9418205307723069,0.9429530313125152
4,9,1.9871740557529307,0.29028194361127774,3334,2.225338101387024,0.2563718140929535,667,2.226432244988936,0.2409,0.963509358866813,0.08277272525640851,,,0.8325569471707803,,0.8325989008268555,0.1674010991731445,0.9876680637100538,0.14495294374714482,10,0.025,0.15,0.8410040011305413,0.8939471662552029,0.9205476111900555,0.9315243566224918,0.9317363699523985,0.934663405395106,0.9406794624372458,0.9448492731394568,0.9380834268324448,1.0,0.9474653027419707,0.9468363487670426
4,10,2.0243703851333033,0.27340327059549524,3241,2.222940961519877,0.2330246913580247,648,2.2262074373945406,0.2429,0.9706036302380916,0.08342315711576824,,,0.8698900482651548,,0.869922925847073,0.13007707415292702,0.9877693814350225,0.1449718151872561,10,0.025,0.15,0.8567172753196876,0.9034060301653963,0.9316024838330726,0.9426323043469191,0.938372791650802,0.9434337342797195,0.945942970340666,0.9518059119314185,0.9418205307723069,0.9474653027419707,1.0,0.9502425171770457
4,11,2.022802433013916,0.2779360557138335,3159,2.2276880741119385,0.22626582278481014,632,2.2263304342197467,0.2409,0.9660194465567994,0.08294615535659937,,,0.8425113849340324,,0.8425591259427968,0.1574408740572032,0.9876704690347399,0.1449591298190895,10,0.025,0.15,0.8409516127116052,0.8935278139417118,0.9209464243076003,0.9341215887318777,0.9363413317884601,0.9418576578462834,0.9463133172961763,0.9460159823367565,0.9429530313125152,0.9468363487670426,0.9502425171770457,1.0
5,0,1.8610686489829311,0.3295982468955442,6845,2.1954282197085293,0.2556610664718773,1369,2.194612472872191,0.2681,0.9305064807184228,0.07937028112794482,,,0.6,,0.6000148536911423,0.39998514630885773,0.9872121767052628,0.1439555763894797,10,0.025,0.15,1.0,0.9335030685548963,0.919870896586928,0.9134114520563028,0.9035690836032471,0.884751487972892,0.8878565170506306,0.8835697429140864,0.8604389356295352,0.8554649124519482,0.871181861006753,0.8577775414519203
5,1,1.9126801061075787,0.3147499087258123,5478,2.1981385813819037,0.26094890510948904,1096,2.1926210922530935,0.2712,0.9571963347173433,0.08298457538673681,,,0.8423232342018869,,0.8423610767275668,0.15763892327243323,0.9894364510289708,0.14459886375664097,10,0.025,0.15,0.9335030685548963,1.0,0.938602444807848,0.9323473327025144,0.930749318714653,0.9176579636055973,0.921829145500129,0.9152709481221935,0.8964532381356745,0.892137016433075,0.9034746475844152,0.8933474442391383
5,2,1.9051310413762144,0.311804979253112,4820,2.1918948590755463,0.274896265560166,964,2.1925723552703857,0.2712,0.9700995319929785,0.08426035468831344,,,0.9278588725174017,,0.9278935815550164,0.07210641844498356,0.9895949557961033,0.14463066951012077,10,0.025,0.15,0.919870896586928,0.938602444807848,1.0,0.9482099855273008,0.9416374396988446,0.928395909550598,0.936663374824814,0.9351887878224722,0.9191609303333453,0.9117987042521305,0.9270188024906414,0.9158450119207386
5,3,1.9249322049958366,0.30823876532001815,4406,2.1935457161494663,0.264472190692395,881,2.1925773530066768,0.2712,0.9742230980797347,0.08459059355279865,,,0.9499999999329541,,0.9500173293063326,0.04998267069366735,0.9896224464560124,0.1446328664784545,10,0.025,0.15,0.9134114520563028,0.9323473327025144,0.9482099855273008,1.0,0.9472054183393339,0.9352054905331108,0.938006743098628,0.9412775029299102,0.9282488969681671,0.9217357798290655,0.9357958066130753,0.9280469862620395
5,4,1.930287231459762,0.3135943579766537,4112,2.196213517870222,0.2761557177615572,822,2.192597313772274,0.2714,0.9723904984241997,0.0843275530073364,,,0.9323642372809267,,0.9323992012014986,0.06760079879850145,0.9895881127477331,0.14463119884235973,10,0.025,0.15,0.9035690836032471,0.930749318714653,0.9416374396988446,0.9472054183393339,1.0,0.9348038575750143,0.9428603944983228,0.9392062927227667,0.9325452091623694,0.9208125498018574,0.9288336205685848,0.9257933785882902
5,5,1.9492888996678015,0.29691437387503217,3889,2.199049711227417,0.2892030848329049,778,2.192612826069699,0.2713,0.9675006235923129,0.08395851590540185,,,0.9076218511667535,,0.9076678054496542,0.0923321945503458,0.9895562912625271,0.14462740985705502,10,0.025,0.15,0.884751487972892,0.9176579636055973,0.928395909550598,0.9352054905331108,0.9348038575750143,1.0,0.941620058609868,0.9412563014062352,0.9235656503788248,0.9220710232504411,0.9322518197894076,0.9294286822701262
5,6,1.9577908680356781,0.30824575586095393,3711,2.187728762626648,0.27358490566037735,742,2.1926375823684885,0.2713,0.9725675242222063,0.08413282718825081,,,0.919308689811695,,0.9193609611988579,0.0806390388011421,0.9895534773326776,0.1446294457508845,10,0.025,0.15,0.8878565170506306,0.921829145500129,0.936663374824814,0.938006743098628,0.9428603944983228,0.941620058609868,1.0,0.9458849000239999,0.9307124000213375,0.9293299479309579,0.9360205743221597,0.9388343668029621
5,7,1.9539425547633853,0.29870931537598205,3564,2.1911394198735556,0.2776998597475456,713,2.192735907397693,0.2711,0.9738428232125654,0.08400459839150698,,,0.9107114881120284,,0.9107540723869881,0.08924592761301187,0.9895442886335335,0.14462790872052608,10,0.025,0.15,0.8835697429140864,0.9152709481221935,0.9351887878224722,0.9412775029299102,0.9392062927227667,0.9412563014062352,0.9458849000239999,1.0,0.9420498797336808,0.9378462467352047,0.9445036660937688,0.9383569704973492
5,8,1.941255052442904,0.3098517872711421,3441,2.191162665685018,0.2616279069767442,688,2.192884194700024,0.2707,0.9619755084682968,0.08304001195229607,,,0.846040022846499,,0.8460910036143982,0.15390899638560185,0.9894373852050669,0.14460149065113,10,0.025,0.15,0.8604389356295352,0.8964532381356745,0.9191609303333453,0.9282488969681671,0.9325452091623694,0.9235656503788248,0.9307124000213375,0.9420498797336808,1.0,0.9275600567200354,0.9323983049406822,0.9340846498959229
5,9,1.9463368168583624,0.30650869826034793,3334,2.1917595863342285,0.28785607196401797,667,2.193042076086696,0.2697,0.9584931782743639,0.08280420870365068,,,0.8302304064302195,,0.8302718225479031,0.1697281774520969,0.989359807554709,0.1445905113228492,10,0.025,0.15,0.8554649124519482,0.892137016433075,0.9117987042521305,0.9217357798290655,0.9208125498018574,0.9220710232504411,0.9293299479309579,0.9378462467352047,0.9275600567200354,1.0,0.9344003486075425,0.9340909006001991
5,10,1.9808774017370665,0.2935513730330145,3241,2.188636144002279,0.27469135802469136,648,2.1927605791936946,0.2712,0.9668695215677503,0.08348251341185825,,,0.8757078852678619,,0.875757125645723,0.12424287435427706,0.9894332727131322,0.1446171792907807,10,0.025,0.15,0.871181861006753,0.9034746475844152,0.9270188024906414,0.9357958066130753,0.9288336205685848,0.9322518197894076,0.9360205743221597,0.9445036660937688,0.9323983049406822,0.9344003486075425,1.0,0.9379237942078166
5,11,1.975262393951416,0.293573915796138,3159,2.194752645492554,0.27056962025316456,632,2.192909943906567,0.2698,0.9625269743681028,0.08304396668390532,,,0.8463051709737224,,0.8463468171840702,0.15365318281592977,0.9894308173420974,0.14460151486099318,10,0.025,0.15,0.8577775414519203,0.8933474442391383,0.9158450119207386,0.9280469862620395,0.9257933785882902,0.9294286822701262,0.9388343668029621,0.9383569704973492,0.9340846498959229,0.9340909006001991,0.9379237942078166,1.0
6,0,1.8298879497581058,0.3397662527392257,6845,2.157976042140614,0.2892622352081812,1369,2.15772269345537,0.288,0.9327079386372982,0.07992268978814329,,,0.6,,0.6000148536911423,0.39998514630885773,0.9890600562921883,0.1435314228380938,10,0.025,0.15,1.0,0.9289012735859677,0.9159013526900878,0.9112743888902192,0.9031163912997698,0.8815367274278547,0.8870398978526391,0.8841539450530426,0.8640411630281566,0.8563312230471506,0.8766060882198278,0.8596020016565868
6,1,1.8774363210034926,0.32564804673238407,5478,2.162618292702569,0.2791970802919708,1096,2.1549846431877038,0.2922,0.9569919561628265,0.08296654217454275,,,0.8362615168596108,,0.8363123236124177,0.1636876763875823,0.9911744028992345,0.14421558736702372,10,0.025,0.15,0.9289012735859677,1.0,0.9303406983138144,0.9280184189270806,0.9265670667453704,0.9145580206742622,0.919040917518642,0.9145347425714597,0.8960416492977112,0.8889962934208169,0.9038818350378075,0.8936920805030812
6,2,1.8664318285490338,0.32385892116182574,4820,2.152819901704788,0.28112033195020747,964,2.154884951024116,0.2922,0.9671527756132028,0.08409299844595022,,,0.9236961994834829,,0.9237262959845521,0.07627370401544786,0.9915188417673868,0.14425453342206673,10,0.025,0.15,0.9159013526900878,0.9303406983138144,1.0,0.9403932464525362,0.9338713050326765,0.9194344022482412,0.9302929247803431,0.9306125914746536,0.9144034150480371,0.9098324745920774,0.923193995120041,0.9115516062838225
6,3,1.8870206546783448,0.321448025419882,4406,2.154949222292219,0.2917139614074915,881,2.154888002178337,0.2922,0.9712273020998241,0.08443188091314817,,,0.9499999999223807,,0.9500173293063326,0.04998267069366735,0.991558781058717,0.14425773831017547,10,0.025,0.15,0.9112743888902192,0.9280184189270806,0.9403932464525362,1.0,0.9380597295624541,0.9287550939641788,0.9314796515871269,0.9366730187667839,0.9233294862087965,0.9130766402414362,0.9304345861361809,0.9247957022323227
6,4,1.8883379802559361,0.3279669260700389,4112,2.1598538671221053,0.30170316301703165,822,2.1549119013774245,0.2922,0.9696729050233049,0.08421732871093683,,,0.9333466204856788,,0.9333976993282831,0.06660230067171691,0.9915364565787275,0.14425604279559492,10,0.025,0.15,0.9031163912997698,0.9265670667453704,0.9338713050326765,0.9380597295624541,1.0,0.9261219409873708,0.9376566976053241,0.9344594505768252,0.9255371109092193,0.9206382988977279,0.9215325337673168,0.9207004135881174
6,5,1.910266403229006,0.30959115453844177,3889,2.163332155772618,0.31362467866323906,778,2.1549403546731685,0.2921,0.9624949744773742,0.08375268589325469,,,0.8972813968913895,,0.8973197339538875,0.10268026604611247,0.9914703937988424,0.14424830446028403,10,0.025,0.15,0.8815367274278547,0.9145580206742622,0.9194344022482412,0.9287550939641788,0.9261219409873708,1.0,0.9324300321933809,0.9321674514338346,0.912906522154434,0.9099233138680156,0.9231429729409969,0.9239621471572389
6,6,1.917960723926281,0.3202101859337106,3711,2.1492111682891846,0.3045822102425876,742,2.154961009568806,0.2921,0.969614571296263,0.08409426808254497,,,0.9237947477143615,,0.9238253205921672,0.07617467940783285,0.9915246334943268,0.14425453522927323,10,0.025,0.15,0.8870398978526391,0.919040917518642,0.9302929247803431,0.9314796515871269,0.9376566976053241,0.9324300321933809,1.0,0.9410547001001852,0.9247045330960095,0.9212930890824267,0.9274250722344933,0.9345974120613416
6,7,1.9153444307191032,0.30968013468013467,3564,2.1543240547180176,0.2917251051893408,713,2.155080427097369,0.2921,0.9712259766917409,0.08406725517892256,,,0.921698026594399,,0.9217458038322524,0.07825419616774765,0.9915092165347101,0.14425422374141406,10,0.025,0.15,0.8841539450530426,0.9145347425714597,0.9306125914746536,0.9366730187667839,0.9344594505768252,0.9321674514338346,0.9410547001001852,1.0,0.9331856335884718,0.9289158969602304,0.9378663587138781,0.9319310314302011
6,8,1.8993694583574932,0.32615518744551003,3441,2.154656728108724,0.2688953488372093,688,2.1552927343151236,0.2914,0.9592761288698888,0.08307582829982986,,,0.8447442231325603,,0.8447871796141341,0.15521282038586592,0.991218839994459,0.1442215892270748,10,0.025,0.15,0.8640411630281566,0.8960416492977112,0.9144034150480371,0.9233294862087965,0.9255371109092193,0.912906522154434,0.9247045330960095,0.9331856335884718,1.0,0.9238798110345051,0.9249865682156708,0.9251254226181863
6,9,1.9075395085193492,0.3177264547090582,3334,2.1536659002304077,0.3028485757121439,667,2.155491017088105,0.2906,0.9548554190113634,0.08278436397564894,,,0.8221209830407823,,0.8221683088247429,0.1778316911752571,0.991188515595745,0.14420403688987463,10,0.025,0.15,0.8563312230471506,0.8889962934208169,0.9098324745920774,0.9130766402414362,0.9206382988977279,0.9099233138680156,0.9212930890824267,0.9289158969602304,0.9238798110345051,1.0,0.9255841956348235,0.9188015917854285
