round,client_id,client_i_training_loss,client_i_training_accuracy,client_i_training_dataset_size,client_i_evaluation_loss,client_i_evaluation_accuracy,client_i_evaluation_dataset_size,client_i_central_evaluation_loss,client_i_central_evaluation_accuracy,client_i_cosine_similarity,client_i_importance_coefficient,client_i_tanh_val,tanh_normalization_value,client_i_q,client_i_mask_order,client_i_v_nonzero_fraction,client_i_v_sparsity,client_i_v_cosine_similarity,client_i_reward_gradient_norm,local_epochs,learning_rate,gamma,client_0_cosine_similarity,client_1_cosine_similarity,client_2_cosine_similarity,client_3_cosine_similarity,client_4_cosine_similarity,client_5_cosine_similarity,client_6_cosine_similarity,client_7_cosine_similarity,client_8_cosine_similarity,client_9_cosine_similarity,client_10_cosine_similarity,client_11_cosine_similarity
0,0,0.2862108543112961,0.9116873630387143,8214,2.199386574501215,0.44338933528122715,1369,2.201813687150852,0.418,0.7828876569930134,0.08298326974417086,,,0.7662440091114635,,0.7662617338487023,0.23373826615129767,0,0.39293905005619717,5,0.1,0.5,1.0,0.5582708518919081,0.5572692234871631,0.570226710612681,0.5424433206409429,0.5680753475148602,0.5556447093138788,0.5381325157301157,0.5498921056602376,0.5410766634352192,0.5608028627702437,0.556073095198935
0,1,0.30565416215765245,0.9034682080924855,6574,2.2093603951590404,0.3905109489051095,1096,2.2016337306354754,0.4192,0.7953199996774756,0.08430105325668559,,,0.9528197093860985,,0.9528336930876964,0.04716630691230361,0,0.39330629979476145,5,0.1,0.5,0.5582708518919081,1.0,0.5776493790199736,0.5874554451355155,0.5737653795781356,0.580814888303344,0.5904546164064582,0.5827273259114073,0.5898642816982131,0.5838662991833445,0.5896211582140188,0.5809128624537205
0,2,0.32061513142649967,0.902853190385613,5783,2.205238688376642,0.4045643153526971,964,2.2016498181766595,0.4192,0.7921763792140513,0.08396784081865637,,,0.905642503589311,,0.905662366347071,0.09433763365292902,0,0.3932881939498299,5,0.1,0.5,0.5572692234871631,0.5776493790199736,1.0,0.5938127982093868,0.576696139036903,0.582613887718578,0.5975201051647502,0.5853829425141278,0.5844467016498609,0.5886518804511752,0.5979123583000014,0.5982231904352511
0,3,0.3210153332877769,0.8956686211462077,5287,2.197374931403569,0.4245175936435868,881,2.2016299639266137,0.4192,0.7957984533646087,0.0843517676229485,,,0.959999999858417,,0.9600020079313287,0.03999799206867127,0,0.39330722429901493,5,0.1,0.5,0.570226710612681,0.5874554451355155,0.5938127982093868,1.0,0.5842311584178597,0.5950644931422825,0.5984298325449028,0.5898769126024563,0.5998892843343131,0.5863138583973824,0.5967085957915801,0.6069890959243226
0,4,0.3497147781041361,0.8917933130699088,4935,2.204787070934589,0.4148418491484185,822,2.20239244787076,0.4168,0.7760737496492307,0.08226102012627202,,,0.663985764906077,,0.6639927714472165,0.33600722855278353,0,0.3920212206082676,5,0.1,0.5,0.5424433206409429,0.5737653795781356,0.576696139036903,0.5842311584178597,1.0,0.595308010992521,0.5953585827168012,0.5732902438947544,0.5749744502378819,0.5754374727372914,0.5922933330905534,0.5752406411042607
0,5,0.3394372279691982,0.8920934218984359,4667,2.195147180557251,0.44087403598971725,778,2.201655908895377,0.4193,0.7899545663727241,0.08373233666593913,,,0.8722991267800551,,0.8723106269765574,0.12768937302344263,0,0.3932553497046029,5,0.1,0.5,0.5680753475148602,0.580814888303344,0.582613887718578,0.5950644931422825,0.595308010992521,1.0,0.6120858203552515,0.590128127793349,0.5944906207283532,0.5880579669308913,0.6021216696235709,0.6014623707308684
0,6,0.36711692730363993,0.8827307433191107,4453,2.1934664150079093,0.42318059299191374,742,2.201642014348088,0.4192,0.7939343598898168,0.08415418043369437,,,0.9320250192563009,,0.9320465840068269,0.06795341599317306,0,0.3933012659346036,5,0.1,0.5,0.5556447093138788,0.5904546164064582,0.5975201051647502,0.5984298325449028,0.5953585827168012,0.6120858203552515,1.0,0.5998590494882423,0.6039396056317676,0.5962961780683924,0.6207306177951011,0.6065722955465798
0,7,0.3685390268605369,0.8848725742342763,4277,2.20299071850984,0.41514726507713884,713,2.2024388625598945,0.4167,0.7758713973859505,0.0822395715157375,,,0.6609490069770305,,0.6609607951408062,0.3390392048591938,0,0.3919808136089829,5,0.1,0.5,0.5381325157301157,0.5827273259114073,0.5853829425141278,0.5898769126024563,0.5732902438947544,0.590128127793349,0.5998590494882423,1.0,0.5899842622103877,0.5789223251095239,0.59652303089832,0.5961847317013472
0,8,0.3761939856023169,0.8836522160329378,4129,2.209943814711137,0.37790697674418605,688,2.2018811992182137,0.4175,0.7819987167487675,0.08288904528244152,,,0.7529034302051422,,0.7529190301691682,0.24708096983083183,0,0.3928630379804504,5,0.1,0.5,0.5498921056602376,0.5898642816982131,0.5844467016498609,0.5998892843343131,0.5749744502378819,0.5944906207283532,0.6039396056317676,0.5899842622103877,1.0,0.5925465138620517,0.6078433371260304,0.5997362428204769
0,9,0.4033448906367763,0.875781054736316,4001,2.2018449760618664,0.41529235382308843,667,2.2025382892011454,0.4163,0.7751418178823354,0.08216223871810362,,,0.65,,0.650002509914161,0.349997490085839,0,0.3918267354717223,5,0.1,0.5,0.5410766634352192,0.5838662991833445,0.5886518804511752,0.5863138583973824,0.5754374727372914,0.5880579669308913,0.5962961780683924,0.5789223251095239,0.5925465138620517,1.0,0.6058823344969679,0.6009324966513604
0,10,0.37670229908506403,0.8807405502699923,3889,2.202490284329369,0.41512345679012347,648,2.2016523455659422,0.4193,0.7905539209788546,0.08379586609383172,,,0.8812938117070865,,0.881306159329351,0.11869384067064903,0,0.3932662155524537,5,0.1,0.5,0.5608028627702437,0.5896211582140188,0.5979123583000014,0.5967085957915801,0.5922933330905534,0.6021216696235709,0.6207306177951011,0.59652303089832,0.6078433371260304,0.6058823344969679,1.0,0.6186345760061386
0,11,0.38027908713439434,0.876074914270641,3791,2.1994798302650453,0.44462025316455694,632,2.2017749810752014,0.419,0.7845720536789541,0.0831618097215189,,,0.7915222289285869,,0.7915365694493248,0.20846343055067518,0,0.39305655749795176,5,0.1,0.5,0.556073095198935,0.5809128624537205,0.5982231904352511,0.6069890959243226,0.5752406411042607,0.6014623707308684,0.6065722955465798,0.5961847317013472,0.5997362428204769,0.6009324966513604,0.6186345760061386,1.0
1,0,0.2565407528788402,0.9225955685415145,8214,2.040565853895143,0.7487216946676406,1369,2.0441273115694334,0.7495,0.7954970782039126,0.08274156650164174,,,0.8266740394961984,,0.8266904271873902,0.17330957281260984,0.9580954083790437,0.40276409490427567,5,0.1,0.5,1.0,0.6103970365012095,0.6217265116431464,0.6095354965525407,0.6225244813656996,0.6167883522757259,0.6057162062738212,0.6183822661141702,0.545748860876413,0.6211905104726402,0.6131312007232386,0.6088770167428849
1,1,0.2744319355788921,0.9154243991481594,6574,2.0537289721625194,0.7290145985401459,1096,2.043764918756942,0.7499,0.8008878745879223,0.08380291840310462,,,0.9252847998719145,,0.9253049545705537,0.07469504542944627,0.959106862411644,0.40290284356938705,5,0.1,0.5,0.6103970365012095,1.0,0.6189815123168896,0.6132769133543667,0.6190113029515791,0.6210537683746996,0.6137368594325395,0.6207687516433444,0.5548538756181225,0.6278413548808822,0.6192737386380182,0.6207847258667029
1,2,0.28390513744555124,0.9144388725574961,5783,2.048818222938045,0.7313278008298755,964,2.04378565698386,0.7498,0.8086005233561933,0.08385110901951993,,,0.9297622152523725,,0.9297726017770193,0.07022739822298074,0.9590848898301394,0.4029045467669147,5,0.1,0.5,0.6217265116431464,0.6189815123168896,1.0,0.6161865431013679,0.6304824166864157,0.6257536025812367,0.6293079059226271,0.6243770716212695,0.5565112157448979,0.6301991806200719,0.6316639133531156,0.630919348087364
1,3,0.2862705456401524,0.9093247588424437,5287,2.040330482380731,0.7639046538024972,881,2.043749338521744,0.75,0.8106364979182075,0.08417655961048011,,,0.9599999999070894,,0.9600020079313287,0.03999799206867127,0.9591221230786489,0.40291159918134284,5,0.1,0.5,0.6095354965525407,0.6132769133543667,0.6161865431013679,1.0,0.6315660343645854,0.6400103832345085,0.6317700602400005,0.6315337519092266,0.5645833530769414,0.6331875641969026,0.634072057187053,0.6284033763994602
1,4,0.3092663397811233,0.9090577507598784,4935,2.0456961760154138,0.7615571776155717,822,2.044953715686981,0.7495,0.8146945285171869,0.08293252419999197,,,0.8444160191430606,,0.8444254806485618,0.15557451935143818,0.9558513448777836,0.40280772085272404,5,0.1,0.5,0.6225244813656996,0.6190113029515791,0.6304824166864157,0.6315660343645854,1.0,0.6396807165017812,0.6337892517740041,0.6324676677319713,0.5638756282374446,0.6382109601302575,0.6381932989374923,0.632734180350506
1,5,0.29879195002634845,0.9062781229912149,4667,2.0380235528945922,0.7557840616966581,778,2.043798531206271,0.7497,0.8170260937432401,0.08398891952906218,,,0.9425662617849078,,0.942583203654435,0.05741679634556496,0.9590374748847407,0.40290844933580156,5,0.1,0.5,0.6167883522757259,0.6210537683746996,0.6257536025812367,0.6400103832345085,0.6396807165017812,1.0,0.6359706240139883,0.6406202459418525,0.5614657633162966,0.6363233570067941,0.64379142523639,0.6371712065345708
1,6,0.32359335070209844,0.8997978890635526,4453,2.0323571264743805,0.7749326145552561,742,2.0437640976220273,0.7501,0.8123939101031337,0.08410691320255755,,,0.9535291157138118,,0.9535465087094022,0.04645349129059784,0.9591005021308758,0.40291069363422083,5,0.1,0.5,0.6057162062738212,0.6137368594325395,0.6293079059226271,0.6317700602400005,0.6337892517740041,0.6359706240139883,1.0,0.629413888001159,0.5611546840481407,0.6341779754163129,0.6340743075796625,0.6428050082204692
1,7,0.3284490678876416,0.8996492868833295,4277,2.0445302621178003,0.7531556802244039,713,2.045002014873127,0.7493,0.8126400285954704,0.0828466488653307,,,0.8364372968768687,,0.8364539932734301,0.16354600672656994,0.9557591743911282,0.4027893586102121,5,0.1,0.5,0.6183822661141702,0.6207687516433444,0.6243770716212695,0.6315337519092266,0.6324676677319713,0.6406202459418525,0.629413888001159,1.0,0.561176545224751,0.6296572364681343,0.627914653581296,0.6464499729519012
1,8,0.3857373138958176,0.8892225720513441,4129,2.051305516199632,0.7383720930232558,688,2.0453488929584003,0.7472,0.7427703882023259,0.08084001613285871,,,0.65,,0.650002509914161,0.349997490085839,0.9557706695611734,0.4012974808219561,5,0.1,0.5,0.545748860876413,0.5548538756181225,0.5565112157448979,0.5645833530769414,0.5638756282374446,0.5614657633162966,0.5611546840481407,0.561176545224751,1.0,0.5764822706317555,0.5692590813289699,0.5699818955142913
1,9,0.333233019930014,0.8988252936765808,4001,2.0457206056231545,0.7406296851574213,667,2.045132799270435,0.7492,0.8184775197182048,0.08299901048281713,,,0.8505932944604242,,0.8506149289694293,0.14938507103057075,0.9554058804216707,0.40282085771045784,5,0.1,0.5,0.6211905104726402,0.6278413548808822,0.6301991806200719,0.6331875641969026,0.6382109601302575,0.6363233570067941,0.6341779754163129,0.6296572364681343,0.5764822706317555,1.0,0.6438188780971071,0.6483744551638118
1,10,0.3255318842431317,0.9007971200822834,3889,2.047253029687064,0.7469135802469136,648,2.0437949408357516,0.7498,0.8176228681628582,0.08405183720972893,,,0.9484119764089393,,0.9484212639927715,0.05157873600722851,0.9590466440537865,0.40290971630855843,5,0.1,0.5,0.6131312007232386,0.6192737386380182,0.6316639133531156,0.634072057187053,0.6381932989374923,0.64379142523639,0.6340743075796625,0.627914653581296,0.5692590813289699,0.6438188780971071,1.0,0.6489729160204399
1,11,0.33128390075529324,0.8993405433922448,3791,2.040358394384384,0.75,632,2.0439874786919296,0.7496,0.8184927438622649,0.08366197684290642,,,0.9121898457850297,,0.9122082224787912,0.08779177752120881,0.9584801127793253,0.4028964045810219,5,0.1,0.5,0.6088770167428849,0.6207847258667029,0.630919348087364,0.6284033763994602,0.632734180350506,0.6371712065345708,0.6428050082204692,0.6464499729519012,0.5699818955142913,0.6483744551638118,0.6489729160204399,1.0
2,0,0.2364429227196057,0.9274409544679815,8214,1.8464049045429674,0.8831263696128561,1369,1.8515600868688225,0.877,0.7945372799741867,0.08296864966241478,,,0.8954303290854921,,0.8954470157120626,0.10455298428793736,0.965470663210594,0.39703484554263263,5,0.1,0.5,1.0,0.6126595849050386,0.6179573110855824,0.6221794160134346,0.6201669121598237,0.6194970025048822,0.6043256374077279,0.6045196404201436,0.45883921427387986,0.5855840685664745,0.6079045786021752,0.6158724076000172
2,1,0.25202503638540946,0.9226650441131731,6574,1.8629122529711042,0.8713503649635036,1096,1.8510671160853327,0.8771,0.7997372336476853,0.08385791224728717,,,0.9296448194456386,,0.9296571457256162,0.0703428542743838,0.965844288535051,0.3970553158538533,5,0.1,0.5,0.6126595849050386,1.0,0.6176869490790616,0.6253777583765074,0.612996913530143,0.6148744646247677,0.6207166221122579,0.6177712038300122,0.4628612284742902,0.589014299666304,0.6200296486046282,0.6200464182453257
2,2,0.25418984035225534,0.9243299325609545,5783,1.8576902266471618,0.8651452282157677,964,1.8510797176117333,0.8771,0.8090244385636796,0.08421560052367968,,,0.9434069210934047,,0.9434215149841876,0.05657848501581242,0.9658576417217966,0.3970590771673306,5,0.1,0.5,0.6179573110855824,0.6176869490790616,1.0,0.6266357821902295,0.6249013282978945,0.6311972250443355,0.6309131981130275,0.6297979558942596,0.47097162764567224,0.601405282913981,0.6245641237611332,0.6264431451102063
2,3,0.2493695968358093,0.9219973519954605,5287,1.8492630166666848,0.8933030646992054,881,1.8510409033717439,0.877,0.81514250910995,0.08464686821318598,,,0.9599999999615247,,0.9600020079313287,0.03999799206867127,0.9658815866466794,0.3970616957647207,5,0.1,0.5,0.6221794160134346,0.6253777583765074,0.6266357821902295,1.0,0.6372157848460621,0.640461318846713,0.6269809644925892,0.6339698771516149,0.4749860784870608,0.6068793320732224,0.6347099262265841,0.6299962185754999
2,4,0.2746817358505101,0.9192299898682877,4935,1.8518230685820947,0.8819951338199513,822,1.8526192389357203,0.877,0.8093016298713216,0.08361345118423331,,,0.9202391491435562,,0.9202600271070729,0.07973997289292711,0.9656024830788417,0.3970513706883397,5,0.1,0.5,0.6201669121598237,0.612996913530143,0.6249013282978945,0.6372157848460621,1.0,0.6332382617148022,0.6235578202984804,0.6188838988774965,0.47367996533264733,0.597589430426492,0.6357839749505562,0.6311099740026966
2,5,0.2702142119216286,0.9173773301907007,4667,1.8473752069473266,0.8676092544987146,778,1.8511111983856834,0.8769,0.8144996482345417,0.08449934436100591,,,0.9543240011011532,,0.954334621755936,0.045665378244064025,0.9658688317111642,0.39706098589250727,5,0.1,0.5,0.6194970025048822,0.6148744646247677,0.6311972250443355,0.640461318846713,0.6332382617148022,1.0,0.6416080044095254,0.6284609495433472,0.47315646204587364,0.6019579568274518,0.636964357060847,0.6323812574085008
2,6,0.29046647368198525,0.9125982483718841,4453,1.8362001776695251,0.8962264150943396,742,1.8510571512551353,0.877,0.8120249652714294,0.08449118280279534,,,0.9540099841173404,,0.9540233923999799,0.04597660760002009,0.96587887738229,0.3970609611265013,5,0.1,0.5,0.6043256374077279,0.6207166221122579,0.6309131981130275,0.6269809644925892,0.6235578202984804,0.6416080044095254,1.0,0.6273552933798366,0.47756504235144687,0.6024993369116497,0.6307319686572531,0.6435416764040569
2,7,0.2920223394103015,0.913911620294599,4277,1.8503966331481934,0.8906030855539971,713,1.8526930211070247,0.8767,0.8077508710829008,0.08350188370514154,,,0.91594657628282,,0.915963054063551,0.08403694593644895,0.9655510138172869,0.3970491718930253,5,0.1,0.5,0.6045196404201436,0.6177712038300122,0.6297979558942596,0.6339698771516149,0.6188838988774965,0.6284609495433472,0.6273552933798366,1.0,0.4751378481860655,0.5963920923591752,0.6246099055741928,0.6378158108469519
2,8,0.39845369064907293,0.8907241462823928,4129,1.8571229739622637,0.873546511627907,688,1.85463150545431,0.8754,0.6487117448603289,0.07658971469798027,,,0.65,,0.650002509914161,0.349997490085839,0.961926064173499,0.3954204069342393,5,0.1,0.5,0.45883921427387986,0.4628612284742902,0.47097162764567224,0.4749860784870608,0.47367996533264733,0.47315646204587364,0.47756504235144687,0.4751378481860655,1.0,0.4633739429926393,0.48182024372822424,0.48504341166003484
2,9,0.32221673457685923,0.9068732816795801,4001,1.8546438387462072,0.848575712143928,667,1.8528490668287674,0.8767,0.7830594599509066,0.0827377457607018,,,0.8865462722796917,,0.8865619195823503,0.11343808041764969,0.9655969764647964,0.3970265468534718,5,0.1,0.5,0.5855840685664745,0.589014299666304,0.601405282913981,0.6068793320732224,0.597589430426492,0.6019579568274518,0.6024993369116497,0.5963920923591752,0.4633739429926393,1.0,0.6051708101582735,0.609554819436822
2,10,0.29735291842676576,0.9114939573155053,3889,1.8579488708859397,0.875,648,1.851108370878445,0.8769,0.8138293854885743,0.08451775575804417,,,0.9550323819294917,,0.9550574770342855,0.04494252296571455,0.965874943566107,0.3970611059214681,5,0.1,0.5,0.6079045786021752,0.6200296486046282,0.6245641237611332,0.6347099262265841,0.6357839749505562,0.636964357060847,0.6307319686572531,0.6246099055741928,0.48182024372822424,0.6051708101582735,1.0,0.6451468576952405
2,11,0.2944010724790958,0.9064626747560011,3791,1.8469862163066864,0.879746835443038,632,1.851350627768154,0.8772,0.8167337447702088,0.08435989108353006,,,0.9489585186226872,,0.9489684252798555,0.051031574720144524,0.965851450311708,0.39706013057228856,5,0.1,0.5,0.6158724076000172,0.6200464182453257,0.6264431451102063,0.6299962185754999,0.6311099740026966,0.6323812574085008,0.6435416764040569,0.6378158108469519,0.48504341166003484,0.609554819436822,0.6451468576952405,1.0
3,0,0.21971872893165695,0.9348672997321646,8214,1.6332387037055438,0.9211102994886778,1369,1.6399171794184482,0.9144,0.7871460578021652,0.08352505218072566,,,0.906705600351061,,0.9067265699513076,0.09327343004869237,0.9633855017574019,0.38771162994828506,5,0.1,0.5,1.0,0.6112810768826175,0.6038031532720183,0.6094160381571341,0.6094723745400111,0.6059472083861372,0.587108694838883,0.6096141361574442,0.5351498597915383,0.35246542372827555,0.5980570622776921,0.5971025505845464
3,1,0.22882156844603493,0.9329175540006085,6574,1.6525664057050433,0.9023722627737226,1096,1.639276683520966,0.9143,0.8014088225546071,0.08462616537929912,,,0.9373261853886511,,0.9373425028864013,0.06265749711359869,0.9634688488352737,0.3877258849746653,5,0.1,0.5,0.6112810768826175,1.0,0.6148179233316173,0.6214335742778805,0.6119528185318913,0.6195118532579895,0.6139842325860563,0.6215417524469157,0.5451868462439843,0.3580329847084652,0.6162779964641104,0.6134613098012646
3,2,0.23567450421126507,0.9300363133321805,5783,1.6465957626219718,0.9076763485477178,964,1.6392975047754403,0.9145,0.7989231907605573,0.08477849138069969,,,0.9415621815472341,,0.9415792379900607,0.05842076200993929,0.9634776259613252,0.38772703022304944,5,0.1,0.5,0.6038031532720183,0.6148179233316173,1.0,0.613980724797498,0.6166541002545425,0.6172477320141088,0.6130588722056453,0.6270162798998404,0.5383394080420444,0.35733745120702165,0.6123428139670268,0.6077697447898996
3,3,0.22787398790536695,0.9303196519765462,5287,1.6389007483209883,0.9216799091940976,881,1.6392658526143327,0.9144,0.8093361336940246,0.0854360415941784,,,0.9598478330628054,,0.9598564329099945,0.04014356709000555,0.9634871856379512,0.3877301685408604,5,0.1,0.5,0.6094160381571341,0.6214335742778805,0.613980724797498,1.0,0.6314922150097144,0.6362703069951959,0.625702189109924,0.6270358163444786,0.5533033093337063,0.3547137429634951,0.6268602526399751,0.617418751910283
3,4,0.2473098509862358,0.9277001013171225,4935,1.6384634329722478,0.9197080291970803,822,1.6411382135110921,0.9145,0.8060523259711943,0.08462612096614212,,,0.9373249503141352,,0.9373374830580794,0.0626625169419206,0.963448727283276,0.38772588256092544,5,0.1,0.5,0.6094723745400111,0.6119528185318913,0.6166541002545425,0.6314922150097144,1.0,0.6275533636160412,0.6155250405262719,0.6265352439740304,0.5491778346299586,0.3532735681503367,0.6231143798427667,0.6267779936742931
3,5,0.24146501604493145,0.9281765588172274,4667,1.6383496522903442,0.9177377892030848,778,1.6393516391230087,0.9143,0.8122939281881232,0.08544151350113594,,,0.9599999999721912,,0.9600020079313287,0.03999799206867127,0.9634867811411839,0.38773017912627433,5,0.1,0.5,0.6059472083861372,0.6195118532579895,0.6172477320141088,0.6362703069951959,0.6275533636160412,1.0,0.628517073908815,0.6367647860531985,0.5543778956454126,0.363039052856506,0.6300792556321134,0.6263931599037987
3,6,0.25832453897156354,0.921670783741298,4453,1.6221209069093068,0.9231805929919138,742,1.6392767155132355,0.9143,0.8012275244033426,0.08504496001534641,,,0.9489723420081396,,0.9489784649364992,0.05102153506350082,0.9634872372365266,0.38772856845829523,5,0.1,0.5,0.587108694838883,0.6139842325860563,0.6130588722056453,0.625702189109924,0.6155250405262719,0.628517073908815,1.0,0.6232681496448768,0.5428214923921748,0.3536549075142637,0.6156408110267597,0.6229538375219941
3,7,0.2643478696178923,0.9200374093991115,4277,1.6367068860841834,0.9354838709677419,713,1.6412349737490328,0.9144,0.8102439723032813,0.08469933817689662,,,0.939361029648238,,0.9393705135284374,0.06062948647156263,0.963442886154791,0.38772644017687224,5,0.1,0.5,0.6096141361574442,0.6215417524469157,0.6270162798998404,0.6270358163444786,0.6265352439740304,0.6367647860531985,0.6232681496448768,1.0,0.5525459206320587,0.35664408546391585,0.6230840482215669,0.6269436788432154
3,8,0.32822608806192877,0.9106321143133931,4129,1.6423258673061023,0.9200581395348837,688,1.6441149437389435,0.9146,0.7311244635113128,0.07726226073901453,,,0.732545179640408,,0.7325636263239798,0.26743637367602024,0.9596347759404424,0.38704216986442763,5,0.1,0.5,0.5351498597915383,0.5451868462439843,0.5383394080420444,0.5533033093337063,0.5491778346299586,0.5543778956454126,0.5428214923921748,0.5525459206320587,1.0,0.3727654215890412,0.5478274637545579,0.5473137091789283
3,9,0.3918978395051829,0.9015246188452887,4001,1.6459023668652488,0.889055472263868,667,1.6428281061184673,0.9147,0.530315929675754,0.0742939442725234,,,0.65,,0.650002509914161,0.349997490085839,0.9595853643407753,0.38601425531116235,5,0.1,0.5,0.35246542372827555,0.3580329847084652,0.35733745120702165,0.3547137429634951,0.3532735681503367,0.363039052856506,0.3536549075142637,0.35664408546391585,0.3727654215890412,1.0,0.3617431767953282,0.3570028475012754
3,10,0.26367338648310207,0.9231679094883003,3889,1.650004778589521,0.9074074074074074,648,1.639345266186772,0.9143,0.8053956369534063,0.08521009821591592,,,0.9535646294496529,,0.9535766276793334,0.04642337232066662,0.963487714629531,0.3877293492756083,5,0.1,0.5,0.5980570622776921,0.6162779964641104,0.6123428139670268,0.6268602526399751,0.6231143798427667,0.6300792556321134,0.6156408110267597,0.6230840482215669,0.5478274637545579,0.3617431767953282,1.0,0.6262699839836902
3,11,0.26411870959676614,0.919493537325244,3791,1.6354780614376068,0.9098101265822784,632,1.6396387076606385,0.9144,0.8040348552934288,0.08505601357812198,,,0.9492797278058724,,0.949294714120777,0.05070528587922296,0.9634831096875986,0.38772863661372026,5,0.1,0.5,0.5971025505845464,0.6134613098012646,0.6077697447898996,0.617418751910283,0.6267779936742931,0.6263931599037987,0.6229538375219941,0.6269436788432154,0.5473137091789283,0.3570028475012754,0.6262699839836902,1.0
4,0,0.2045591740658804,0.9380569758948137,8214,1.3861078633818515,0.9342585829072315,1369,1.3942433496633657,0.9313,0.7892098240374843,0.0832129383190728,,,0.8870085921731736,,0.8870237437879624,0.11297625621203755,0.9645699060790346,0.3981305457082855,5,0.1,0.5,1.0,0.5990998795656992,0.6014605944408704,0.6025703394636202,0.5933975724323374,0.5966133753993709,0.5836198974114106,0.5917363732532557,0.5913846765035677,0.5952020325293498,0.5890132832370647,0.5965731380684958
4,1,0.21231843730100222,0.9371463340432005,6574,1.408758350781032,0.9215328467153284,1096,1.3934302707068837,0.9314,0.7936521203749438,0.08410115461352721,,,0.9229648356667994,,0.9229757542292054,0.07702424577079459,0.9646449688957582,0.39816171088659624,5,0.1,0.5,0.5990998795656992,1.0,0.6046203285055733,0.6088370419879399,0.5968033578640544,0.5968732023851105,0.5871755280383575,0.5987170674695592,0.5890649862966899,0.6000972789411985,0.600794171401525,0.5954035741189724
4,2,0.21469737873695668,0.937713989278921,5783,1.4008179710757347,0.9221991701244814,964,1.3934562309100604,0.9314,0.7964112426106186,0.08429913115827757,,,0.9309792043442432,,0.9309974398875559,0.0690025601124441,0.9646508757429076,0.3981654501274336,5,0.1,0.5,0.6014605944408704,0.6046203285055733,1.0,0.6032571902272856,0.6052157861779192,0.5936608548088521,0.5866371774080517,0.6035450510951297,0.5908078467737402,0.6056224867835663,0.6026896897359882,0.6060940715083265
4,3,0.2100412169533097,0.9362587478721393,5287,1.3953630115304674,0.9296254256526674,881,1.3933896968920771,0.9314,0.8043889875222058,0.08501602316475451,,,0.9599999999595186,,0.9600020079313287,0.03999799206867127,0.9646736206596336,0.39817279043651804,5,0.1,0.5,0.6025703394636202,0.6088370419879399,0.6032571902272856,1.0,0.612214418435431,0.6102203866692067,0.6006160321137574,0.6022133838157825,0.6017307437326085,0.6120622928805467,0.6126429195915128,0.610667464827021
4,4,0.236307263556988,0.9300911854103343,4935,1.3920203722440279,0.9416058394160584,822,1.3955102016369756,0.9312,0.7972675286318271,0.08422773500260426,,,0.9280889876549905,,0.9281060187741579,0.07189398122584212,0.964646411555149,0.39816429093355005,5,0.1,0.5,0.5933975724323374,0.5968033578640544,0.6052157861779192,0.612214418435431,1.0,0.6042217573515843,0.5876684320767023,0.5973172623314226,0.5964333934229565,0.6093548248938602,0.6057376083916624,0.604654657290841
4,5,0.22330497621673429,0.9313477608742232,4667,1.394295597076416,0.9357326478149101,778,1.3934933529875149,0.9313,0.7988866453485884,0.0848269745132088,,,0.9523470449421882,,0.9523618292254404,0.04763817077455956,0.9646679370438663,0.39817158696636606,5,0.1,0.5,0.5966133753993709,0.5968732023851105,0.5936608548088521,0.6102203866692067,0.6042217573515843,1.0,0.5964077289600985,0.6096826045451326,0.5999995552998649,0.6076340129648216,0.6014023359355942,0.6078676519454794
4,6,0.24629924964292774,0.9252189535144846,4453,1.3731923202673595,0.9460916442048517,742,1.3934363119137554,0.9314,0.7875406411465268,0.08416578734008628,,,0.9255812592432691,,0.925606144269866,0.07439385573013402,0.9646475722350417,0.3981631280492387,5,0.1,0.5,0.5836198974114106,0.5871755280383575,0.5866371774080517,0.6006160321137574,0.5876684320767023,0.5964077289600985,1.0,0.5956341699559853,0.5871221118856421,0.5990234520675914,0.5916477753431142,0.6020270070126602
4,7,0.24137100688418123,0.9296703296703297,4277,1.3880092216574627,0.9453015427769986,713,1.3956287863155523,0.931,0.7969058253948063,0.08426378495117984,,,0.929548340221487,,0.9295617689875006,0.07043823101249935,0.9646472302834621,0.3981649356120103,5,0.1,0.5,0.5917363732532557,0.5987170674695592,0.6035450510951297,0.6022133838157825,0.5973172623314226,0.6096826045451326,0.5956341699559853,1.0,0.5973907415004079,0.601388133933804,0.6016534576306634,0.609090085985618
4,8,0.2504780272888736,0.9257931702591427,4129,1.394757411696694,0.936046511627907,688,1.3996844166003095,0.9315,0.7892912775546789,0.07904870914557378,,,0.7184347447213412,,0.7184478690828774,0.2815521309171226,0.9623509225758092,0.3972770446254976,5,0.1,0.5,0.5913846765035677,0.5890649862966899,0.5908078467737402,0.6017307437326085,0.5964333934229565,0.5999995552998649,0.5871221118856421,0.5973907415004079,1.0,0.604924622473703,0.6037646418659709,0.6100432952466323
4,9,0.24695807302116354,0.9283679080229943,4001,1.404750182515099,0.9100449775112444,667,1.399518910307473,0.9309,0.797415587172061,0.07735818618037306,,,0.65,,0.650002509914161,0.349997490085839,0.9606846575369125,0.3963143966157356,5,0.1,0.5,0.5952020325293498,0.6000972789411985,0.6056224867835663,0.6120622928805467,0.6093548248938602,0.6076340129648216,0.5990234520675914,0.601388133933804,0.604924622473703,1.0,0.6141191552193278,0.6132477196881854
4,10,0.24044482200177478,0.9287220365132425,3889,1.4072240307217552,0.9274691358024691,648,1.3934904546402513,0.9313,0.80060630651534,0.08473321917168716,,,0.9485516969963925,,0.9485668390141058,0.05143316098589423,0.9646709648854329,0.3981708450428686,5,0.1,0.5,0.5890132832370647,0.600794171401525,0.6026896897359882,0.6126429195915128,0.6057376083916624,0.6014023359355942,0.5916477753431142,0.6016534576306634,0.6037646418659709,0.6141191552193278,1.0,0.6193440613868795
4,11,0.2384491131617492,0.9276180427327881,3791,1.3899228930473329,0.9256329113924051,632,1.3938206083858355,0.9313,0.8039090556923653,0.08474635643965472,,,0.9490835120608446,,0.949098940816224,0.050901059183775965,0.9646679450424559,0.39817095573117745,5,0.1,0.5,0.5965731380684958,0.5954035741189724,0.6060940715083265,0.610667464827021,0.604654657290841,0.6078676519454794,0.6020270070126602,0.609090085985618,0.6100432952466323,0.6132477196881854,0.6193440613868795,1.0
5,0,0.19265538309284047,0.9416118821524226,8214,1.1317624685376189,0.9444850255661067,1369,1.1408925999086885,0.9416,0.7756171005865328,0.08288153462162866,,,0.8567239942826534,,0.8567391195221123,0.14326088047788765,0.9696348203357081,0.392995921473985,5,0.1,0.5,1.0,0.5812272171528982,0.5775401556577873,0.5837174138580947,0.5824751042319358,0.5764478653616232,0.564322605464969,0.5749996062521503,0.5698584523655934,0.5770272342566403,0.5609213052760026,0.5694327765592029
5,1,0.19820202992125913,0.9394584727715242,6574,1.156228244304657,0.9306569343065694,1096,1.1399582993869963,0.9417,0.7833276992694599,0.08374622515015784,,,0.9077140099867856,,0.907730535615682,0.09226946438431805,0.969805058669679,0.39307025272916474,5,0.1,0.5,0.5812272171528982,1.0,0.579556804657034,0.5855885774975046,0.5817597917200725,0.5792712204218081,0.5778517900338743,0.580419709195545,0.5844535717981627,0.5794861494327149,0.5769923179909386,0.5798239957451339
5,2,0.20077092188708895,0.9417949161334948,5783,1.1479610473878923,0.9367219917012448,964,1.1399949413899797,0.9415,0.7850822696227776,0.08394022187113084,,,0.9191538205578458,,0.9191707243612268,0.08082927563877318,0.9698451272163455,0.393078880393867,5,0.1,0.5,0.5775401556577873,0.579556804657034,1.0,0.5882114734089406,0.5811381784040954,0.5781415192386232,0.586153247702512,0.587281986977878,0.5774020959227697,0.5814767595522689,0.5822795016223513,0.5822628005469385
5,3,0.19888844387858254,0.9400037828636277,5287,1.144131796700614,0.9375709421112373,881,1.1399344512448906,0.9416,0.7911568066428183,0.0846328928568427,,,0.9599999999410308,,0.9600020079313287,0.03999799206867127,0.9699061089195852,0.3930939733283249,5,0.1,0.5,0.5837174138580947,0.5855885774975046,0.5882114734089406,1.0,0.5894852462598597,0.5963456674909887,0.5881138183092082,0.5806001298487528,0.5857432204618429,0.5939194857590492,0.5825818543978154,0.5818201343965307
5,4,0.21944328566141907,0.9352380952380952,4935,1.1379270209715917,0.9476885644768857,822,1.142108467821115,0.9416,0.787035297990357,0.08396120024340718,,,0.920390896131736,,0.9204106219567291,0.07958937804327093,0.9698475514116471,0.3930795834098906,5,0.1,0.5,0.5824751042319358,0.5817597917200725,0.5811381784040954,0.5894852462598597,1.0,0.5882721761149752,0.5793398303647614,0.5821633953122916,0.5803613790962208,0.5876448776467401,0.5813160324410581,0.5867127441921596
5,5,0.20258452321836495,0.9376044568245125,4667,1.1426265478134154,0.9485861182519281,778,1.1400422716673952,0.9417,0.7910702376213823,0.08450352383488885,,,0.952371226127265,,0.952381908538728,0.04761809146127205,0.9698970634717776,0.39309249017179493,5,0.1,0.5,0.5764478653616232,0.5792712204218081,0.5781415192386232,0.5963456674909887,0.5882721761149752,1.0,0.5908173352288669,0.5931198245453803,0.5927956154765958,0.5870934580247817,0.5849617896985321,0.5886869201042887
5,6,0.22027270667387971,0.9334830451381091,4453,1.1172572895884514,0.9528301886792453,742,1.1399700552129899,0.9417,0.7864720174682347,0.08389999607979047,,,0.9167817421500417,,0.9168013653933036,0.08319863460669641,0.9698397006750752,0.39307725941358845,5,0.1,0.5,0.564322605464969,0.5778517900338743,0.586153247702512,0.5881138183092082,0.5793398303647614,0.5908173352288669,1.0,0.586171558209457,0.5823627381080615,0.5908853802618422,0.5800677914041285,0.5897744783708054
5,7,0.2224233942189768,0.9352817395370587,4277,1.1305748172428296,0.9607293127629734,713,1.1422318642893539,0.9416,0.7871019120777709,0.08398763198432081,,,0.9219495519048784,,0.9219617489081874,0.07803825109181262,0.969851484596996,0.39308051733782373,5,0.1,0.5,0.5749996062521503,0.580419709195545,0.587281986977878,0.5806001298487528,0.5821633953122916,0.5931198245453803,0.586171558209457,1.0,0.5861241552799356,0.5820713288488166,0.5749809984251991,0.5930342613812356
5,8,0.2236757386003193,0.9342213611043836,4129,1.1402213465083728,0.9476744186046512,688,1.1475015516860037,0.9412,0.7854819847059036,0.08044588734282494,,,0.7130960847608747,,0.7131117915767281,0.2868882084232719,0.9675989039082785,0.3921716456094529,5,0.1,0.5,0.5698584523655934,0.5844535717981627,0.5774020959227697,0.5857432204618429,0.5803613790962208,0.5927956154765958,0.5823627381080615,0.5861241552799356,1.0,0.5974340368566907,0.5869205707055626,0.589125477639522
5,9,0.22674680989244764,0.9332666833291677,4001,1.1568353857312883,0.9265367316341829,667,1.148496377391937,0.9415,0.7871778270716269,0.0793759016578513,,,0.65,,0.650002509914161,0.349997490085839,0.9660226662539514,0.39129342414966456,5,0.1,0.5,0.5770272342566403,0.5794861494327149,0.5814767595522689,0.5939194857590492,0.5876448776467401,0.5870934580247817,0.5908853802618422,0.5820713288488166,0.5974340368566907,1.0,0.5888314908381138,0.5906468144119749
5,10,0.2209251090762068,0.9337104654152738,3889,1.1555878832226707,0.9351851851851852,648,1.1400492699763265,0.9418,0.7845545207260445,0.08421172403942917,,,0.9351640570164153,,0.9351839767079966,0.06481602329200342,0.9698862002113939,0.3930870284851175,5,0.1,0.5,0.5609213052760026,0.5769923179909386,0.5822795016223513,0.5825818543978154,0.5813160324410581,0.5849617896985321,0.5800677914041285,0.5749809984251991,0.5869205707055626,0.5888314908381138,1.0,0.5954169878916318
5,11,0.2174520462305293,0.9338960696386178,3791,1.137193277478218,0.935126582278481,632,1.140381465323817,0.9417,0.7900354179638748,0.08441326031772714,,,0.9470484684402869,,0.9470659103458662,0.05293408965413382,0.9698924491330843,0.3930911646228775,5,0.1,0.5,0.5694327765592029,0.5798239957451339,0.5822628005469385,0.5818201343965307,0.5867127441921596,0.5886869201042887,0.5897744783708054,0.5930342613812356,0.589125477639522,0.5906468144119749,0.5954169878916318,1.0
6,0,0.18530424786260505,0.9434380326272218,8214,0.8986762665038885,0.9510591672753835,1369,0.908328583827034,0.9483,0.7678222552033332,0.08308625428626433,,,0.878832320951744,,0.8788414236233121,0.12115857637668792,0.9672103528372924,0.38317441383958606,5,0.1,0.5,1.0,0.5643148785750086,0.5624695119768938,0.5594002548469577,0.5590108201744493,0.558719140284079,0.5436772100543914,0.5520656951483628,0.5416510503580818,0.5118568681121125,0.5536332466401638,0.5550755940350917
6,1,0.1868482133179216,0.9430483723760268,6574,0.9237228325435094,0.9406934306569343,1096,0.9074100219784453,0.9484,0.7678765870370727,0.08367088887475928,,,0.9107773376466368,,0.9107976507203454,0.08920234927965465,0.9673748207127028,0.38321092446389765,5,0.1,0.5,0.5643148785750086,1.0,0.5642859967337569,0.5579561278624753,0.5424948549250734,0.5569145456183634,0.5517045615781574,0.5594292863196364,0.5432956987224001,0.5034966636454979,0.5583623642644628,0.5552527069029456
6,2,0.18562278072838542,0.9448729033373682,5783,0.9161247226499742,0.9491701244813278,964,0.9074651667485222,0.9484,0.7746882742881053,0.08404321832909822,,,0.9311217901797606,,0.9311379950805683,0.06886200491943173,0.9674007330839014,0.383222875907651,5,0.1,0.5,0.5624695119768938,0.5642859967337569,1.0,0.5561581895574554,0.55750131547481,0.5575169538718123,0.5589197259116065,0.5700178885336935,0.5543126033786874,0.513085977047555,0.5557115896118932,0.5696080104956877
6,3,0.1849669680167663,0.9432192169472291,5287,0.9130254558154515,0.9432463110102156,881,0.9074157044148674,0.9485,0.7728321655410756,0.08444417096896187,,,0.9530302421023176,,0.9530495457055369,0.046950454294463095,0.9674445743320542,0.38322962529106286,5,0.1,0.5,0.5594002548469577,0.5579561278624753,0.5561581895574554,1.0,0.5596872035145468,0.566323860875347,0.5559064842922158,0.5590993724131451,0.5509004679755309,0.511804772237542,0.5591649479754526,0.5622853381228703
6,4,0.2029783341721181,0.9413171225937184,4935,0.9048954592301295,0.9549878345498783,822,0.9094735018361491,0.9484,0.7680487641078763,0.08382186552201017,,,0.91902685215002,,0.9190452286531801,0.08095477134681994,0.9674036302146274,0.3832166567704954,5,0.1,0.5,0.5590108201744493,0.5424948549250734,0.55750131547481,0.5596872035145468,1.0,0.560000880143467,0.5461688014607519,0.5541787154327761,0.5497215673202787,0.5074355555363007,0.5571740367877936,0.5648641626690533
6,5,0.18722217066009364,0.9454467538032998,4667,0.9111339163780212,0.9511568123393316,778,0.9075191588447498,0.9484,0.7749579238909454,0.0844323866269009,,,0.9523863339051565,,0.9524019878520155,0.047598012147984536,0.9674384418631953,0.3832294585663465,5,0.1,0.5,0.558719140284079,0.5569145456183634,0.5575169538718123,0.566323860875347,0.560000880143467,1.0,0.5587742211553202,0.5662899054368455,0.5543857225609131,0.512776128891263,0.5593390864242553,0.5678775286131473
6,6,0.20747804817211415,0.9358185492926118,4453,0.8842769463857015,0.9501347708894878,742,0.9074457733395,0.9484,0.7665362365380385,0.08372697427627111,,,0.9138418998926845,,0.913854726168365,0.08614527383163495,0.9673886033465205,0.3832131440778455,5,0.1,0.5,0.5436772100543914,0.5517045615781574,0.5589197259116065,0.5559064842922158,0.5461688014607519,0.5587742211553202,1.0,0.5625366837825323,0.5463402234773258,0.5082409993652426,0.5483956216180329,0.563892781723652
6,7,0.20880266927849891,0.936684592003741,4277,0.89349648486013,0.9621318373071529,713,0.9096013311380015,0.9482,0.7733161723117732,0.08402650192599946,,,0.9302083892510827,,0.9302294061543095,0.06977059384569051,0.9674033989186623,0.3832224617549149,5,0.1,0.5,0.5520656951483628,0.5594292863196364,0.5700178885336935,0.5590993724131451,0.5541787154327761,0.5662899054368455,0.5625366837825323,1.0,0.5511315760350404,0.5055384519162728,0.5512628175767303,0.574486792523096
6,8,0.22014443277504772,0.9360620004843788,4129,0.9060741066932678,0.9549418604651163,688,0.9149217472289698,0.9479,0.7610977583017128,0.08120638816604342,,,0.7761145622416141,,0.7761307163295015,0.22386928367049852,0.9653338793203258,0.3828081303086475,5,0.1,0.5,0.5416510503580818,0.5432956987224001,0.5543126033786874,0.5509004679755309,0.5497215673202787,0.5543857225609131,0.5463402234773258,0.5511315760350404,1.0,0.5057934731788494,0.5495140318478343,0.5664001145257475
6,9,0.2293600686004206,0.9332666833291677,4001,0.9287968249548049,0.9340329835082459,667,0.9173337836235095,0.9478,0.7163530699400626,0.07889833067139404,,,0.65,,0.650002509914161,0.349997490085839,0.9634758602605051,0.3814039260972762,5,0.1,0.5,0.5118568681121125,0.5034966636454979,0.513085977047555,0.511804772237542,0.5074355555363007,0.512776128891263,0.5082409993652426,0.5055384519162728,0.5057934731788494,1.0,0.5125222083314211,0.5191654152232731
6,10,0.20206717572205501,0.9388531756235536,3889,0.9235809644063314,0.9444444444444444,648,0.9075278281784667,0.9484,0.7703213089014261,0.08407129391678503,,,0.9326558682774708,,0.9326740625470609,0.06732593745293913,0.9674185297604895,0.3832235143621178,5,0.1,0.5,0.5536332466401638,0.5583623642644628,0.5557115896118932,0.5591649479754526,0.5571740367877936,0.5593390864242553,0.5483956216180329,0.5512628175767303,0.5495140318478343,0.5125222083314211,1.0,0.5727907531162113
