round,client_id,client_i_training_loss,client_i_training_accuracy,client_i_training_dataset_size,client_i_evaluation_loss,client_i_evaluation_accuracy,client_i_evaluation_dataset_size,client_i_central_evaluation_loss,client_i_central_evaluation_accuracy,client_i_cosine_similarity,client_i_importance_coefficient,client_i_tanh_val,tanh_normalization_value,client_i_q,client_i_mask_order,client_i_v_nonzero_fraction,client_i_v_sparsity,client_i_v_cosine_similarity,client_i_reward_gradient_norm,local_epochs,learning_rate,gamma,client_0_cosine_similarity,client_1_cosine_similarity,client_2_cosine_similarity,client_3_cosine_similarity,client_4_cosine_similarity,client_5_cosine_similarity,client_6_cosine_similarity,client_7_cosine_similarity,client_8_cosine_similarity,client_9_cosine_similarity,client_10_cosine_similarity,client_11_cosine_similarity
0,0,0.2805516411177089,0.9134891648405162,8214,2.203701751176701,0.41051862673484296,1369,2.2040189340853464,0.4163,0.7990775676118134,0.08596548795066784,,,0.959999999984071,,0.9600020079313287,0.03999799206867127,0,0.38892686038950863,5,0.1,0.5,1.0,0.5551594564039916,0.5749839910486321,0.5864385414758045,0.573609007868362,0.5768807696781821,0.5588114303624651,0.5674107826740106,0.4590200258176692,0.5618953462590265,0.5661617650539291,0.5859353096991712
0,1,0.309046527235181,0.9041679342865835,6574,2.198904378073556,0.4260948905109489,1096,2.2040212512397157,0.4161,0.7893251999410682,0.0849163194100022,,,0.9432878050106202,,0.9433010391044626,0.05669896089553739,0,0.38892488536341174,5,0.1,0.5,0.5551594564039916,1.0,0.5829928100904755,0.5695545609310392,0.5779051373264644,0.5911150643102396,0.5680949700979827,0.5715228600687635,0.45674525983177505,0.5865202900274764,0.5843986193155217,0.5887624822986532
0,2,0.317985831171233,0.9008127269583261,5783,2.20327768787261,0.42946058091286304,964,2.204021453857422,0.4161,0.7939319188940762,0.08541191440440368,,,0.9511821326169826,,0.9512022488830882,0.04879775111691176,0,0.38892598852335203,5,0.1,0.5,0.5749839910486321,0.5829928100904755,1.0,0.5831404430509239,0.5878245089208163,0.5873598925199802,0.5911170666044759,0.58592645349496,0.47006415393197215,0.5964566052645364,0.5902268781875418,0.588030216509962
0,3,0.3192092219541545,0.9004350293171931,5287,2.203939293112074,0.4211123723041998,881,2.204020981590588,0.416,0.7891184247329224,0.08489407434596233,,,0.9429334636126256,,0.9429446312936097,0.057055368706390275,0,0.3889248192891417,5,0.1,0.5,0.5864385414758045,0.5695545609310392,0.5831404430509239,1.0,0.5871519188240499,0.5935390174602032,0.5890364142305544,0.5857100564205513,0.4698781734846488,0.5847756037399033,0.5947208716676967,0.5856729816524016
0,4,0.3467359499903696,0.8940628166160081,4935,2.202670299089872,0.41119221411192214,822,2.204022882845455,0.4159,0.7844420189626164,0.08439098238068397,,,0.9349197168337009,,0.9349279654635811,0.06507203453641885,0,0.38892326551448525,5,0.1,0.5,0.573609007868362,0.5779051373264644,0.5878245089208163,0.5871519188240499,1.0,0.5817496933642357,0.587955226659081,0.5815081374566234,0.46530866841266993,0.5811118314662853,0.6025868073475895,0.5939051226780654
0,5,0.34353332103115236,0.8921791300621384,4667,2.2054443073272707,0.4087403598971722,778,2.2040221401677726,0.4161,0.7859162401727502,0.08454958043275436,,,0.9374460235860251,,0.9374579589378044,0.06254204106219563,0,0.3889238130296892,5,0.1,0.5,0.5768807696781821,0.5911150643102396,0.5873598925199802,0.5935390174602032,0.5817496933642357,1.0,0.5996135311153551,0.5826266267174876,0.4740184978079347,0.5849235547010176,0.590166900885398,0.5877025927072214
0,6,0.36853110454078497,0.883718841230631,4453,2.2069952885309854,0.4123989218328841,742,2.204021709795577,0.4159,0.7816108687068782,0.08408640467376176,,,0.9300681016495274,,0.9300888509612971,0.06991114903870288,0,0.3889221100026105,5,0.1,0.5,0.5588114303624651,0.5680949700979827,0.5911170666044759,0.5890364142305544,0.587955226659081,0.5996135311153551,1.0,0.5972687591450306,0.4723794419545845,0.5953658141969219,0.5916404142693666,0.6015742147923923
0,7,0.377829784816548,0.8838438157587094,4277,2.20664848452029,0.3899018232819074,713,2.2040227137434596,0.4159,0.7764295428575713,0.08352899294939277,,,0.9211890959825906,,0.9212087746599066,0.07879122534009342,0,0.38891931995537915,5,0.1,0.5,0.5674107826740106,0.5715228600687635,0.58592645349496,0.5857100564205513,0.5815081374566234,0.5826266267174876,0.5972687591450306,1.0,0.4585137695065594,0.583306281174741,0.5977427706983887,0.5953380261375569
0,8,0.4467444372227272,0.8716396221845483,4129,2.2046701691367407,0.4113372093023256,688,2.2042244463302074,0.4173,0.647355092002444,0.06964304670403922,,,0.7,,0.7,0.30000000000000004,0,0.3882337068809701,5,0.1,0.5,0.4590200258176692,0.45674525983177505,0.47006415393197215,0.4698781734846488,0.46530866841266993,0.4740184978079347,0.4723794419545845,0.4585137695065594,1.0,0.4667598098445724,0.47144078703518805,0.4838385341718858
0,9,0.38271313768604565,0.8821294676330917,4001,2.201854035967872,0.4302848575712144,667,2.204022558352437,0.4156,0.7787258959463239,0.08377603669305789,,,0.9251242532533979,,0.9251443200642538,0.07485567993574616,0,0.3889206498559269,5,0.1,0.5,0.5618953462590265,0.5865202900274764,0.5964566052645364,0.5847756037399033,0.5811118314662853,0.5849235547010176,0.5953658141969219,0.583306281174741,0.4667598098445724,1.0,0.603953327126082,0.6096998903574523
0,10,0.3787680254638439,0.8813062483929031,3889,2.2046309539249966,0.4058641975308642,648,2.2040227586849808,0.416,0.7831285041802245,0.08424967327156181,,,0.9326688054770985,,0.9326841022037047,0.06731589779629532,0,0.3889227601987013,5,0.1,0.5,0.5661617650539291,0.5843986193155217,0.5902268781875418,0.5947208716676967,0.6025868073475895,0.590166900885398,0.5916404142693666,0.5977427706983887,0.47144078703518805,0.603953327126082,1.0,0.6142498964617008
0,11,0.3813836299477755,0.8782906884726985,3791,2.2044076442718508,0.4319620253164557,632,2.2040214112010625,0.4161,0.7862685922089282,0.08458748678371224,,,0.9380498334634526,,0.9380653581647508,0.061934641835249216,0,0.388923976863913,5,0.1,0.5,0.5859353096991712,0.5887624822986532,0.588030216509962,0.5856729816524016,0.5939051226780654,0.5877025927072214,0.6015742147923923,0.5953380261375569,0.4838385341718858,0.6096998903574523,0.6142498964617008,1.0
1,0,0.25660970729235777,0.9225955685415145,8214,2.0468975111495618,0.7545653761869978,1369,2.04881839668408,0.7511,0.8020823794843925,0.08489466101299602,,,0.9599999999777495,,0.9600020079313287,0.03999799206867127,0.9558460964401269,0.403866144423291,5,0.1,0.5,1.0,0.6174042421374616,0.6202428032687934,0.621069257502911,0.6160675759257851,0.621879108037391,0.6119753890974934,0.6206044437524766,0.5812592069074373,0.6111361960195331,0.6152793527853612,0.61937744606735
1,1,0.27979676881985904,0.914085792515972,6574,2.046876859664917,0.7572992700729927,1096,2.0488278184074185,0.7511,0.8004831840074359,0.08414404489322909,,,0.9432985251735664,,0.9433110787611064,0.056688921238893575,0.9558237670481042,0.4038637625437217,5,0.1,0.5,0.6174042421374616,1.0,0.6152235442529811,0.6148630922495122,0.6094093826945932,0.6150636210729447,0.6198894011166237,0.6155894387967545,0.5873680005958792,0.6106516877186331,0.6248601525564713,0.6165969462967067
1,2,0.2807124748373229,0.9165830883624416,5783,2.045997481192312,0.7468879668049793,964,2.0488220876017316,0.7511,0.8076190319793176,0.08472102363583958,,,0.9561365067709382,,0.9561568194367752,0.04384318056322478,0.9558417599900545,0.4038657540066586,5,0.1,0.5,0.6202428032687934,0.6152235442529811,1.0,0.6255724493224204,0.620277188280602,0.617727552663875,0.633643818009069,0.6223847047555363,0.5910133607874583,0.6135182142594577,0.6224716744797223,0.6315006429100138
1,3,0.28184205605143525,0.9131454511064876,5287,2.049022614955902,0.7525539160045402,881,2.048827846591084,0.7511,0.8100528851808514,0.08446289468519126,,,0.9503930460964968,,0.9504091160082325,0.049590883991767476,0.9558314437112665,0.4038649683582062,5,0.1,0.5,0.621069257502911,0.6148630922495122,0.6255724493224204,1.0,0.6267731607052652,0.63265498251946,0.6237145952486406,0.6229315240215536,0.6031622694579137,0.6175688293495125,0.6270832656464412,0.6258772773165571
1,4,0.30195928218143603,0.9095440729483283,4935,2.0461925268173218,0.7688564476885644,822,2.0488311806425883,0.7511,0.8089165220280139,0.0840900820695428,,,0.9420978332134217,,0.9421113397921791,0.05788866020782091,0.9558216748008466,0.4038635441864901,5,0.1,0.5,0.6160675759257851,0.6094093826945932,0.620277188280602,0.6267731607052652,1.0,0.6317410613303455,0.6227640300555127,0.621109136655159,0.598441968251425,0.6205030087415218,0.6327364135574843,0.6321585448871888
1,5,0.30452505743564806,0.9042211270623527,4667,2.051342782974243,0.7480719794344473,778,2.0488319396972656,0.7511,0.8132744942227647,0.08434703376280185,,,0.9478150994935421,,0.9478289242507906,0.05217107574920943,0.9558254213942332,0.4038645695166276,5,0.1,0.5,0.621879108037391,0.6150636210729447,0.617727552663875,0.63265498251946,0.6317410613303455,1.0,0.6317816088152256,0.6365867527342766,0.6005650644976275,0.621572574941089,0.6332298975419459,0.6306247983258608
1,6,0.3228138630118753,0.8995733213563889,4453,2.048391411701838,0.7520215633423181,742,2.0488278881048623,0.7511,0.8119458900550455,0.08399395672302365,,,0.9399590101710502,,0.93996787309874,0.06003212690126003,0.955821129127848,0.4038630575094887,5,0.1,0.5,0.6119753890974934,0.6198894011166237,0.633643818009069,0.6237145952486406,0.6227640300555127,0.6317816088152256,1.0,0.6350836246482271,0.5927786810816235,0.619917714066651,0.6320740035949486,0.6377174996998336
1,7,0.326180793653562,0.9014729950900163,4277,2.0509581151215928,0.7419354838709677,713,2.0488266819201337,0.7512,0.8143336276178896,0.08370801169685238,,,0.9335966319537214,,0.933607750614929,0.06639224938507104,0.9557993963711423,0.40386151020513633,5,0.1,0.5,0.6206044437524766,0.6155894387967545,0.6223847047555363,0.6229315240215536,0.621109136655159,0.6365867527342766,0.6350836246482271,1.0,0.6063753510116284,0.6247249927532209,0.6352435889539738,0.6483602380139939
1,8,0.34430964132412695,0.8947929280697505,4129,2.0497529831799595,0.75,688,2.049342910321757,0.7553,0.7769878632163078,0.0732094539632678,,,0.7,,0.7,0.30000000000000004,0.9536081890737773,0.4030440731524472,5,0.1,0.5,0.5812592069074373,0.5873680005958792,0.5910133607874583,0.6031622694579137,0.598441968251425,0.6005650644976275,0.5927786810816235,0.6063753510116284,1.0,0.6168625688115504,0.6089795060021812,0.6108153675419197
1,9,0.3501135709627147,0.8942264433891527,4001,2.0487243788582936,0.7616191904047976,667,2.0488258958243715,0.7512,0.8060871037278808,0.08358417111741744,,,0.9308411351522267,,0.9308568846945434,0.06914311530545658,0.9558075793910868,0.40386068791926766,5,0.1,0.5,0.6111361960195331,0.6106516877186331,0.6135182142594577,0.6175688293495125,0.6205030087415218,0.621572574941089,0.619917714066651,0.6247249927532209,0.6168625688115504,1.0,0.6284452237919521,0.626256869066294
1,10,0.3206767685772454,0.9007971200822834,3889,2.050249179204305,0.7299382716049383,648,2.0488312648127254,0.7511,0.816881747341348,0.08427414579954444,,,0.9461933164678193,,0.946212539531148,0.053787460468851966,0.955821176997421,0.4038643050416365,5,0.1,0.5,0.6152793527853612,0.6248601525564713,0.6224716744797223,0.6270832656464412,0.6327364135574843,0.6332298975419459,0.6320740035949486,0.6352435889539738,0.6089795060021812,0.6284452237919521,1.0,0.6503535469300167
1,11,0.33276748561746433,0.8966499604326036,3791,2.049942696094513,0.7420886075949367,632,2.0488274901057966,0.7511,0.8189655824754891,0.08457052064029381,,,0.9527877617575188,,0.9528035741177652,0.04719642588223483,0.955832689512992,0.40386531796017366,5,0.1,0.5,0.61937744606735,0.6165969462967067,0.6315006429100138,0.6258772773165571,0.6321585448871888,0.6306247983258608,0.6377174996998336,0.6483602380139939,0.6108153675419197,0.626256869066294,0.6503535469300167,1.0
2,0,0.23882874484329777,0.9277574872169467,8214,1.8474005211231321,0.8823959094229364,1369,1.8514916325529542,0.8725,0.8049673599409312,0.08417360010720147,,,0.9526415731682788,,0.9526579990964309,0.047342000903569104,0.9678866962165821,0.4052472393772896,5,0.1,0.5,1.0,0.6201226611505868,0.6224447455983643,0.6190546337044559,0.6308143230359076,0.6241323172444404,0.6130852907104533,0.6228528008595937,0.6175305336197546,0.6067155415490587,0.6290511406700768,0.6157449161197992
2,1,0.24976938560116782,0.924307879525403,6574,1.852757293837411,0.875,1096,1.8515047691881465,0.8725,0.8045761382615949,0.08366350619384709,,,0.935543353657321,,0.9355654836604588,0.06443451633954123,0.9678697551660062,0.40524372132232245,5,0.1,0.5,0.6201226611505868,1.0,0.6184404479451873,0.6235344903412848,0.6150768604125528,0.623486351143622,0.6200869800974296,0.6190696928437601,0.6243910923830954,0.6105440898389902,0.6304248492518333,0.6168956554983901
2,2,0.2559939570231003,0.9256095452187446,5783,1.8468350210497457,0.8609958506224067,964,1.8514973584074563,0.8725,0.808140295151719,0.08416920773750884,,,0.9524943420423788,,0.9525074042467747,0.047492595753225286,0.9678836620849207,0.40524718950483135,5,0.1,0.5,0.6224447455983643,0.6184404479451873,1.0,0.6187725752738479,0.619394060495716,0.6182392370268407,0.623520213673861,0.6260445374483531,0.6286428415402926,0.6165493970392536,0.6334660545965204,0.6288558568474013
2,3,0.2531596833609987,0.9214677510875733,5287,1.8530990438801902,0.8717366628830874,881,1.851508359558666,0.8725,0.8103260143673233,0.08407456398704305,,,0.9493219073623356,,0.9493298529190302,0.05067014708096984,0.9678815941927972,0.40524668649240525,5,0.1,0.5,0.6190546337044559,0.6235344903412848,0.6187725752738479,1.0,0.6291034244479873,0.6332177042556956,0.6212809636242151,0.6275847355375701,0.6293147554444406,0.6182251822317877,0.6317974498560042,0.6248327441444699
2,4,0.2731049190736526,0.9187031408308004,4935,1.8472801584463854,0.8795620437956204,822,1.8515122793733882,0.8725,0.8110439922723195,0.0838529711882559,,,0.9418941725540632,,0.9419105466593043,0.05808945334069571,0.9678757936891953,0.4052452054690519,5,0.1,0.5,0.6308143230359076,0.6150768604125528,0.619394060495716,0.6291034244479873,1.0,0.6300506151518833,0.6176878889030822,0.6301818195659974,0.6289448191589166,0.6148310525834215,0.6327256235995631,0.6362428504171045
2,5,0.26578041288797577,0.9201628455110349,4667,1.8561409759521483,0.8766066838046273,778,1.8515129969142878,0.8725,0.8143636506628291,0.08413848804554767,,,0.9514646257044461,,0.9514783394407911,0.04852166055920892,0.9678802703541041,0.4052470316015701,5,0.1,0.5,0.6241323172444404,0.623486351143622,0.6182392370268407,0.6332177042556956,0.6300506151518833,1.0,0.6306295132779415,0.6325795153243888,0.6343260555716549,0.6174552088202205,0.6382845022688631,0.6343039292129947
2,6,0.2969287875161639,0.9096788681787559,4453,1.8470944613218307,0.8867924528301887,742,1.8515053054395194,0.8725,0.8086600969823696,0.08370640412579042,,,0.936981281532425,,0.9369961347321921,0.06300386526780788,0.967877300556762,0.4052440392605425,5,0.1,0.5,0.6130852907104533,0.6200869800974296,0.623520213673861,0.6212809636242151,0.6176878889030822,0.6306295132779415,1.0,0.631350047229935,0.6241016754997273,0.6132863294351968,0.6323193435755458,0.6347123993948895
2,7,0.2917648926057589,0.9112929623567921,4277,1.8516943765723186,0.876577840112202,713,1.8515030975920705,0.8725,0.8148214299861769,0.08373176021392928,,,0.9378312112210316,,0.9378444857185885,0.06215551428141153,0.9678758344578416,0.4052442684575015,5,0.1,0.5,0.6228528008595937,0.6190696928437601,0.6260445374483531,0.6275847355375701,0.6301818195659974,0.6325795153243888,0.631350047229935,1.0,0.6386177951334366,0.6146936977417512,0.6369769195764211,0.6444238524673279
2,8,0.28898673286536136,0.9131993218697021,4129,1.8523383303122087,0.872093023255814,688,1.8525217718209703,0.8739,0.8104761030043753,0.07663650370656017,,,0.7,,0.7,0.30000000000000004,0.9657162266340186,0.4043639687018828,5,0.1,0.5,0.6175305336197546,0.6243910923830954,0.6286428415402926,0.6293147554444406,0.6289448191589166,0.6343260555716549,0.6241016754997273,0.6386177951334366,1.0,0.6204404000791154,0.6397775805978508,0.6415752044389339
2,9,0.3259060532467687,0.9069232691827043,4001,1.8536427872521537,0.848575712143928,667,1.8515012995503581,0.8725,0.8001603642074545,0.08313947199454767,,,0.9179778592722792,,0.9179910647055871,0.08200893529441289,0.9678589275109115,0.4052375783277119,5,0.1,0.5,0.6067155415490587,0.6105440898389902,0.6165493970392536,0.6182251822317877,0.6148310525834215,0.6174552088202205,0.6132863294351968,0.6146936977417512,0.6204404000791154,1.0,0.6283497023339284,0.620643029162257
2,10,0.29407486992689674,0.9131396245821548,3889,1.8546592791875203,0.8611111111111112,648,1.851511351978436,0.8725,0.8209740414847172,0.08432039747071292,,,0.9575621838229775,,0.9575774308518649,0.042422569148135136,0.967881722422186,0.40524791071557004,5,0.1,0.5,0.6290511406700768,0.6304248492518333,0.6334660545965204,0.6317974498560042,0.6327256235995631,0.6382845022688631,0.6323193435755458,0.6369769195764211,0.6397775805978508,0.6283497023339284,1.0,0.6481137849999603
2,11,0.29697223533289274,0.9096808230018465,3791,1.8536031365394592,0.8718354430379747,632,1.85150381513297,0.8725,0.8174320928478058,0.08439312522905529,,,0.9599999999664802,,0.9600020079313287,0.03999799206867127,0.9678826726128736,0.40524816352044285,5,0.1,0.5,0.6157449161197992,0.6168956554983901,0.6288558568474013,0.6248327441444699,0.6362428504171045,0.6343039292129947,0.6347123993948895,0.6444238524673279,0.6415752044389339,0.620643029162257,0.6481137849999603,1.0
3,0,0.22154374888659625,0.9322132943754565,8214,1.62347739241844,0.9298758217677137,1369,1.629580404811774,0.9163,0.7919690417174253,0.08383645749561233,,,0.9408281667703937,,0.9408463430550675,0.059153656944932465,0.9680036469572438,0.39720480803179165,5,0.1,0.5,1.0,0.6092394566160669,0.6068964715557942,0.6069276999153091,0.6126912440218322,0.6090782255467856,0.5972614923517973,0.6078215627232929,0.4893484794520242,0.5928652142382431,0.6032915635480659,0.6010959842983226
3,1,0.22695311044605032,0.9310617584423486,6574,1.6344341823032924,0.9114963503649635,1096,1.629599475251219,0.9162,0.7984400387074266,0.0837235385481198,,,0.9377909671363158,,0.9378043270920134,0.062195672907986554,0.9679904132333714,0.3972039262460432,5,0.1,0.5,0.6092394566160669,1.0,0.6070951437304114,0.6129348547337269,0.6130859008104362,0.6068103282231362,0.6101565144689894,0.6150470963169429,0.4985310060465015,0.6047810254719651,0.6175868681900043,0.6057383682587314
3,2,0.23075179215006078,0.9319730243818087,5783,1.624321710678839,0.9139004149377593,964,1.6295982241249694,0.9163,0.8006534239360993,0.08413800104275888,,,0.9489388335042701,,0.948948345966568,0.05105165403343204,0.9680049190970074,0.39720666468908256,5,0.1,0.5,0.6068964715557942,0.6070951437304114,1.0,0.6064686003843397,0.6137715295185404,0.6125389423375014,0.6147520542211666,0.6223379949082963,0.49609532655923577,0.6043941737033818,0.6207951558592351,0.6142009742030342
3,3,0.22948310006724065,0.928995649706828,5287,1.6325861258166177,0.9137343927355278,881,1.629614761462227,0.9163,0.8045780489783841,0.0842125511824806,,,0.9509440209605048,,0.9509612971236384,0.049038702876361584,0.9680022871496693,0.397207026856116,5,0.1,0.5,0.6069276999153091,0.6129348547337269,0.6064686003843397,1.0,0.6159646749406897,0.6255083546879759,0.6224002245074858,0.6204583346278285,0.5045522443142889,0.6139499657141588,0.6207728607799521,0.6078641134496305
3,4,0.24818947588544218,0.9284701114488348,4935,1.6245737350904024,0.927007299270073,822,1.629621492026332,0.9163,0.8074028727348684,0.08416397847540406,,,0.9496375528129092,,0.9496511219316299,0.05034887806837007,0.9679986772675278,0.39720682021381526,5,0.1,0.5,0.6126912440218322,0.6130859008104362,0.6137715295185404,0.6159646749406897,1.0,0.6247245830696645,0.6141829112172061,0.6233694331150512,0.5066140944892557,0.6177238766265336,0.6193033868656959,0.6242032184023995
3,5,0.2445836503875174,0.9263338332976216,4667,1.6360759830474854,0.9254498714652957,778,1.629620317833873,0.9163,0.8097040751310828,0.08443484837501009,,,0.9569231853682472,,0.9569348928266653,0.04306510717333467,0.9680034767317144,0.39720795747061416,5,0.1,0.5,0.6090782255467856,0.6068103282231362,0.6125389423375014,0.6255083546879759,0.6247245830696645,1.0,0.6254632046604428,0.6273871957278966,0.5020824407284503,0.6180952662542788,0.6298172200181009,0.6242118592470836
3,6,0.26289682876917403,0.9215809566584325,4453,1.6209102620681126,0.9231805929919138,742,1.6296047459776029,0.9163,0.8046729416390986,0.0839706360886149,,,0.944437190611104,,0.9444455599618493,0.05555444003815069,0.9679919771961049,0.39720571818561873,5,0.1,0.5,0.5972614923517973,0.6101565144689894,0.6147520542211666,0.6224002245074858,0.6141829112172061,0.6254632046604428,1.0,0.6244537176778466,0.5006171840119821,0.6107466371102221,0.6198083146458461,0.6200826917644565
3,7,0.2698270876891911,0.918821603927987,4277,1.6270967825599338,0.9284712482468443,713,1.6296096815468786,0.9163,0.8100393616503831,0.08417567010602056,,,0.9499520245381485,,0.949962351287586,0.05003764871241401,0.967997272370721,0.39720685003357303,5,0.1,0.5,0.6078215627232929,0.6150470963169429,0.6223379949082963,0.6204583346278285,0.6233694331150512,0.6273871957278966,0.6244537176778466,1.0,0.5097380876106985,0.6101737574926961,0.6224125280092705,0.6281074273161269
3,8,0.3428409852988821,0.911261806732865,4129,1.6292722550305454,0.9142441860465116,688,1.6312387442817322,0.9155,0.6797885151655448,0.07488279412322556,,,0.7,,0.7,0.30000000000000004,0.9657558092649394,0.39625307144710403,5,0.1,0.5,0.4893484794520242,0.4985310060465015,0.49609532655923577,0.5045522443142889,0.5066140944892557,0.5020824407284503,0.5006171840119821,0.5097380876106985,1.0,0.5036377607100195,0.5012740775296864,0.5080331332767535
3,9,0.2839157155700146,0.9165208697825543,4001,1.632291901679266,0.8785607196401799,667,1.6295858137904646,0.9162,0.7989657093963681,0.08339289385995016,,,0.9288975621921634,,0.9289091913056573,0.0710908086943427,0.9679695739418052,0.3972008170923546,5,0.1,0.5,0.5928652142382431,0.6047810254719651,0.6043941737033818,0.6139499657141588,0.6177238766265336,0.6180952662542788,0.6107466371102221,0.6101737574926961,0.5036377607100195,1.0,0.6158950235937433,0.6165985949586246
3,10,0.2599677240476012,0.9226536384674724,3889,1.6348947286605835,0.9058641975308642,648,1.6296177199854256,0.9163,0.8095105929691138,0.08454924015318355,,,0.9599999999731028,,0.9600020079313287,0.03999799206867127,0.9680084083405015,0.397208342717038,5,0.1,0.5,0.6032915635480659,0.6175868681900043,0.6207951558592351,0.6207728607799521,0.6193033868656959,0.6298172200181009,0.6198083146458461,0.6224125280092705,0.5012740775296864,0.6158950235937433,1.0,0.6319968655158344
3,11,0.26120448460051116,0.9199683460828277,3791,1.6341466426849365,0.9050632911392406,632,1.6296071610130822,0.9163,0.8072773652588359,0.08451939054961966,,,0.9591971302418948,,0.9592088750564731,0.04079112494352688,0.9680095725698482,0.3972082647879854,5,0.1,0.5,0.6010959842983226,0.6057383682587314,0.6142009742030342,0.6078641134496305,0.6242032184023995,0.6242118592470836,0.6200826917644565,0.6281074273161269,0.5080331332767535,0.6165985949586246,0.6319968655158344,1.0
4,0,0.2082572726489331,0.937472607742878,8214,1.3748193424801494,0.943754565376187,1369,1.3831068456363373,0.9294,0.7844449502519244,0.0835395597656817,,,0.9335442866224535,,0.9335575523317102,0.06644244766828977,0.9681149117210559,0.3943846096855419,5,0.1,0.5,1.0,0.5988074998868591,0.592291883989543,0.5928991537692583,0.598857147914045,0.5907788226563722,0.5792653839928589,0.5857841176688392,0.5194215006133179,0.5906379730023997,0.5824340585571106,0.5844027919132115
4,1,0.21548658646462324,0.9349558868268938,6574,1.39057525907244,0.9242700729927007,1096,1.3831363120398963,0.9293,0.7948571841643717,0.08383005390531768,,,0.9417180784502783,,0.9417348526680388,0.0582651473319612,0.9681187894343368,0.39438711230887263,5,0.1,0.5,0.5988074998868591,1.0,0.5949365573870801,0.5995534875239142,0.5966792512942586,0.5995935270355227,0.5964932007314829,0.5942838602473557,0.5321495303708749,0.5987593840491886,0.6076730635820008,0.5960926929980285
4,2,0.21928358166555756,0.9359156147328376,5783,1.3774235748475598,0.9263485477178424,964,1.383137103848564,0.9293,0.7924643860369679,0.08402269081229219,,,0.9471384080236691,,0.9471562672556598,0.05284373274434018,0.9681228693654519,0.3943884138619713,5,0.1,0.5,0.592291883989543,0.5949365573870801,1.0,0.5990641510782998,0.6003811197021764,0.5888109348985933,0.5912804817292956,0.5970841976570392,0.5235704648150856,0.600108412145527,0.6004792930038665,0.6016675220214214
4,3,0.20988805030293045,0.93527520332892,5287,1.3874914944171906,0.9330306469920545,881,1.383159966133654,0.9293,0.7955650974018413,0.08418142379443687,,,0.9516047643979708,,0.9516239144621254,0.04837608553787465,0.9681247434810467,0.3943892958162783,5,0.1,0.5,0.5928991537692583,0.5995534875239142,0.5990641510782998,1.0,0.5998493941479864,0.6044412276062685,0.6034484292184493,0.5917596175677267,0.533910007862657,0.5987777320887413,0.6014025751733042,0.5944331746517639
4,4,0.2258557997872272,0.9345896656534954,4935,1.3771212284381573,0.9343065693430657,822,1.3831674515629728,0.9293,0.7959470697864115,0.08416241626976324,,,0.9510699393235678,,0.9510867928316852,0.04891320716831482,0.9681229199734616,0.3943892018611265,5,0.1,0.5,0.598857147914045,0.5966792512942586,0.6003811197021764,0.5998493941479864,1.0,0.6008038041104347,0.5930936715669592,0.6027553952030285,0.529617313173696,0.5966378575688172,0.6036398653375513,0.6005009919956956
4,5,0.22443048642909996,0.9329333619027212,4667,1.391414966583252,0.9395886889460154,778,1.3831674001468257,0.9293,0.7970165757019441,0.08438084748256221,,,0.957216057329099,,0.9572310626976558,0.04276893730234421,0.9681262116015321,0.3943901346752908,5,0.1,0.5,0.5907788226563722,0.5995935270355227,0.5888109348985933,0.6044412276062685,0.6008038041104347,1.0,0.6115804850033046,0.596456612336238,0.5367862308946356,0.5956457891061124,0.6038686706030745,0.6035766972819893
4,6,0.23738553060484785,0.9288569503705367,4453,1.370660275220871,0.9339622641509434,742,1.3831476110238998,0.9293,0.7947434099491363,0.08399103285949254,,,0.9462476309628868,,0.9462627378143668,0.05373726218563324,0.9681209312113264,0.3943882083308507,5,0.1,0.5,0.5792653839928589,0.5964932007314829,0.5912804817292956,0.6034484292184493,0.5930936715669592,0.6115804850033046,1.0,0.5993440800211898,0.5317407406950857,0.6021384336863331,0.5972691466588981,0.6069858470129457
4,7,0.24792315087267267,0.9264437689969605,4277,1.3774359848188318,0.9354838709677419,713,1.3831531951983516,0.9293,0.7932068847935132,0.0840739322932386,,,0.948580217482305,,0.948596957984037,0.05140304201596302,0.9681228031118712,0.39438872068674075,5,0.1,0.5,0.5857841176688392,0.5942838602473557,0.5970841976570392,0.5917596175677267,0.6027553952030285,0.596456612336238,0.5993440800211898,1.0,0.5337122440360944,0.5951660192118494,0.5990528976179902,0.6021015243950416
4,8,0.2398175263297386,0.9277306853959797,4129,1.3805991411209106,0.9287790697674418,688,1.3853998656470936,0.9298,0.7183635528620103,0.07523946501916016,,,0.7,,0.7,0.30000000000000004,0.9657995739081223,0.3934223437993653,5,0.1,0.5,0.5194215006133179,0.5321495303708749,0.5235704648150856,0.533910007862657,0.529617313173696,0.5367862308946356,0.5317407406950857,0.5337122440360944,1.0,0.5369729558034864,0.531848187410874,0.5373371318287826
4,9,0.250108307792892,0.9276680829792552,4001,1.3883561860947382,0.8950524737631185,667,1.3831069816034822,0.9294,0.79580131095243,0.08364247247900226,,,0.9364399976897162,,0.93645399327343,0.06354600672656996,0.9681107341874037,0.3943855393935128,5,0.1,0.5,0.5906379730023997,0.5987593840491886,0.600108412145527,0.5987777320887413,0.5966378575688172,0.5956457891061124,0.6021384336863331,0.5951660192118494,0.5369729558034864,1.0,0.6053758437698873,0.6057238447603109
4,10,0.23865940418918846,0.9299048598611468,3889,1.3909666822070168,0.9228395061728395,648,1.3831651027971945,0.9293,0.7976587436781365,0.08447978797919346,,,0.9599999999718625,,0.9600020079313287,0.03999799206867127,0.9681309615086142,0.3943904545866415,5,0.1,0.5,0.5824340585571106,0.6076730635820008,0.6004792930038665,0.6014025751733042,0.6036398653375513,0.6038686706030745,0.5972691466588981,0.5990528976179902,0.531848187410874,0.6053758437698873,1.0,0.604302665802522
4,11,0.23928459621026738,0.9267211817462411,3791,1.3902123332023621,0.9193037974683544,632,1.3831527735859441,0.9293,0.7975579674431,0.08445631733985912,,,0.9593395938093653,,0.9593494302494855,0.04065056975051451,0.9681303553030663,0.39439038909641017,5,0.1,0.5,0.5844027919132115,0.5960926929980285,0.6016675220214214,0.5944331746517639,0.6005009919956956,0.6035766972819893,0.6069858470129457,0.6021015243950416,0.5373371318287826,0.6057238447603109,0.604302665802522,1.0
5,0,0.19515102545980814,0.941100560019479,8214,1.1206100790999656,0.9495982468955442,1369,1.1306759370401644,0.9407,0.7801132885876236,0.0833749812104166,,,0.9249064451124134,,0.9249184277897696,0.07508157221023037,0.9677346206023684,0.3914150223100761,5,0.1,0.5,1.0,0.5790793223663041,0.5785807476056235,0.5725500509552756,0.5833773203771827,0.5816270779328597,0.564390522313451,0.5790903967044166,0.5732998598019018,0.5726224516381619,0.5720581694971916,0.5706518034133584
5,1,0.20042892985669805,0.9397322786735626,6574,1.140173329625811,0.9379562043795621,1096,1.1306978245131887,0.9407,0.7800494017134141,0.08356711566069495,,,0.9328337280741705,,0.9328497565383264,0.06715024346167364,0.9677385008615185,0.39141872118304155,5,0.1,0.5,0.5790793223663041,1.0,0.5666215814303388,0.5774929579416512,0.5711062117909045,0.576057351905259,0.5695536099558407,0.5753612560285318,0.5743368162694489,0.577741518207897,0.5793256222231801,0.5786905571337333
5,2,0.20349929836058978,0.9407919764827944,5783,1.126235298572048,0.9346473029045643,964,1.1307018233564334,0.9407,0.7803225708914767,0.08370563944434743,,,0.9385490863993202,,0.938562321168616,0.06143767883138396,0.9677485854737468,0.3914208797996151,5,0.1,0.5,0.5785807476056235,0.5666215814303388,1.0,0.5748776546024849,0.5754306086885356,0.5666047641971117,0.5791316222271196,0.5756407523741892,0.5794545158571414,0.5711839413686108,0.580115548187321,0.5798104481370829
5,3,0.19389765545591173,0.9414790996784566,5287,1.1366747319698334,0.94211123723042,881,1.1307212272391152,0.9407,0.78421714105389,0.08394901660048916,,,0.9485905942099608,,0.9486069976406807,0.05139300235931932,0.9677586367328773,0.39142367756112645,5,0.1,0.5,0.5725500509552756,0.5774929579416512,0.5748776546024849,1.0,0.5827696041961108,0.5868885652496155,0.5743297573759303,0.5787212124775905,0.5855902011397403,0.5774466291503817,0.583330730776022,0.5695313203192924
5,4,0.2079944175680078,0.939371833839919,4935,1.1231132516494164,0.940389294403893,822,1.1307266186982299,0.9407,0.7840930718237301,0.08393192816703356,,,0.9478855418511597,,0.9478992018472968,0.05210079815270319,0.9677576097902345,0.39142347699390995,5,0.1,0.5,0.5833773203771827,0.5711062117909045,0.5754306086885356,0.5827696041961108,1.0,0.5840043548850183,0.5658655594233108,0.5838713651439297,0.5818886989353284,0.5714238610204004,0.580495682633948,0.5818251928124745
5,5,0.20670223170572458,0.9394900364259696,4667,1.1394589447975159,0.9524421593830334,778,1.130725281497541,0.9407,0.785507835499782,0.08412791745333768,,,0.9559718716465442,,0.9559861452738316,0.04401385472616837,0.9677671478613161,0.39142506665440646,5,0.1,0.5,0.5816270779328597,0.576057351905259,0.5666047641971117,0.5868885652496155,0.5840043548850183,1.0,0.5782402346620528,0.5794563237865414,0.5876919602642962,0.5725017864555423,0.5802127305715197,0.5814890959218596
5,6,0.22532344023364462,0.9322703795194252,4453,1.114287294447422,0.9514824797843666,742,1.1307089945759636,0.9407,0.7784569974392306,0.08361875284202964,,,0.9349642286022883,,0.934973143918478,0.06502685608152203,0.9677446987491011,0.39141953011027686,5,0.1,0.5,0.564390522313451,0.5695536099558407,0.5791316222271196,0.5743297573759303,0.5658655594233108,0.5782402346620528,1.0,0.576196656606063,0.5742462812336988,0.5761385619049602,0.5721815538318659,0.5793700590231508
5,7,0.22413417790502088,0.9338321253214871,4277,1.1209191835444907,0.9509116409537167,713,1.130711942815933,0.9407,0.7849050042671678,0.08390131404634243,,,0.9466224326222197,,0.946639224938507,0.05336077506149295,0.9677585672314832,0.39142320683696863,5,0.1,0.5,0.5790903967044166,0.5753612560285318,0.5756407523741892,0.5787212124775905,0.5838713651439297,0.5794563237865414,0.576196656606063,1.0,0.5790875725079778,0.5743425373670327,0.5773493727271984,0.5906521432463808
5,8,0.22583902532001957,0.9324775974812303,4129,1.1272884986617349,0.940406976744186,688,1.1335535655006432,0.9405,0.7830360153727073,0.0779238983609464,,,0.7,,0.7,0.30000000000000004,0.9655059263192591,0.3903968078567441,5,0.1,0.5,0.5732998598019018,0.5743368162694489,0.5794545158571414,0.5855902011397403,0.5818886989353284,0.5876919602642962,0.5742462812336988,0.5790875725079778,1.0,0.5839696334523896,0.5860577209810863,0.5909026890890219
5,9,0.23295475689307157,0.931067233191702,4001,1.140001580828712,0.9145427286356822,667,1.1306708180866303,0.9407,0.780728762598063,0.08346552141278232,,,0.9286420469398212,,0.9286581998895638,0.07134180011043623,0.9677306276326754,0.3914169383881817,5,0.1,0.5,0.5726224516381619,0.577741518207897,0.5711839413686108,0.5774466291503817,0.5714238610204004,0.5725017864555423,0.5761385619049602,0.5743425373670327,0.5839696334523896,1.0,0.5793735348790292,0.5768914151548244
5,10,0.21616742940405842,0.9362818205194138,3889,1.1406336795716059,0.9398148148148148,648,1.1307230629860021,0.9407,0.7859122698649526,0.08420836714850687,,,0.9592911488343119,,0.9592992319662668,0.04070076803373324,0.9677664065406827,0.39142557554832813,5,0.1,0.5,0.5720581694971916,0.5793256222231801,0.580115548187321,0.583330730776022,0.580495682633948,0.5802127305715197,0.5721815538318659,0.5773493727271984,0.5860577209810863,0.5793735348790292,1.0,0.5873415616629754
5,11,0.21742048472666942,0.933421260881034,3791,1.13939348757267,0.9256329113924051,632,1.1307097067848182,0.9407,0.7868460384957212,0.08422554765307298,,,0.959999999958741,,0.9600020079313287,0.03999799206867127,0.9677665129351632,0.39142565567080434,5,0.1,0.5,0.5706518034133584,0.5786905571337333,0.5798104481370829,0.5695313203192924,0.5818251928124745,0.5814890959218596,0.5793700590231508,0.5906521432463808,0.5909026890890219,0.5768914151548244,0.5873415616629754,1.0
6,0,0.18271407864531247,0.9447041636230825,8214,0.8843248153841773,0.9569028487947406,1369,0.8958238869810257,0.9463,0.7596827040501629,0.0831676507101186,,,0.8992446185689267,,0.8992520455800411,0.10074795441995887,0.9665788150274386,0.38254196728234885,5,0.1,0.5,1.0,0.5507149718413971,0.5539421255483279,0.5541960300397242,0.5437052284711257,0.552152878837997,0.534854181376968,0.5378861858953924,0.5436584619941629,0.5193432928340751,0.542008256945357,0.5425105190342299
6,1,0.18606255180157213,0.9433830240340736,6574,0.9059691054480417,0.9397810218978102,1096,0.8958293403299472,0.9463,0.7666508010567826,0.08354444290049445,,,0.9210854465486026,,0.9211083780934692,0.07889162190653076,0.9666273303898505,0.3825603157302536,5,0.1,0.5,0.5507149718413971,1.0,0.545924661342547,0.5524805880706557,0.5448977238458472,0.5573122686843681,0.5447208352763857,0.5494963927675682,0.5544582608479535,0.5284391420472302,0.5556823769296395,0.5540859507359623
6,2,0.183398153791873,0.9464637731281342,5783,0.8944403932940576,0.9377593360995851,964,0.8958309871701006,0.9463,0.7643251955076795,0.08355531329283193,,,0.9217155508214051,,0.9217308368053813,0.07826916319461874,0.9666343629439568,0.3825606756854791,5,0.1,0.5,0.5539421255483279,0.545924661342547,1.0,0.5553126309760458,0.5458892674349017,0.5483936190621543,0.5442977073200201,0.5508990856249414,0.5434442562699959,0.5293138735949023,0.548525409451213,0.549616294390843
6,3,0.1845911719243348,0.9429165878570077,5287,0.9030048336301532,0.9409761634506243,881,0.8958578073559478,0.9463,0.7720226212536985,0.08399253260483988,,,0.9470590479183922,,0.9470759500025099,0.05292404999749012,0.9666605788591737,0.3825724172040604,5,0.1,0.5,0.5541960300397242,0.5524805880706557,0.5553126309760458,1.0,0.555517630849564,0.5609289896850151,0.5574572605943988,0.5543744589360416,0.5537124369900834,0.5369387584553766,0.5527277683740135,0.5516033130985502
6,4,0.19712720097433176,0.9421276595744681,4935,0.886676359635133,0.9501216545012166,822,0.8958610581894653,0.9463,0.764626916185862,0.08371858248301048,,,0.9311794791833852,,0.9311982330204307,0.0688017669795693,0.9666525937432027,0.3825661093175711,5,0.1,0.5,0.5437052284711257,0.5448977238458472,0.5458892674349017,0.555517630849564,1.0,0.5508819086427956,0.539595571646189,0.5518087965392119,0.5549151128333056,0.5266706872948924,0.5500373151298001,0.5538570996477713
6,5,0.19082692207908897,0.9417613027640883,4667,0.9041209101676941,0.961439588688946,778,0.8958624765134087,0.9463,0.7718040110862768,0.08410538966857203,,,0.9536008281840779,,0.9536167863059083,0.04638321369409171,0.9666637345841225,0.3825739648249925,5,0.1,0.5,0.552152878837997,0.5573122686843681,0.5483936190621543,0.5609289896850151,0.5508819086427956,1.0,0.5582793406536453,0.549090860552837,0.5596470118829437,0.530497772314683,0.55719585920969,0.5582814061206753
6,6,0.20655262373188243,0.9370761284527285,4453,0.876953070362409,0.9568733153638814,742,0.895842817073432,0.9463,0.7640822351999248,0.08348811349696292,,,0.917820302407736,,0.917835450027609,0.08216454997239098,0.9666226506725483,0.38255802755889307,5,0.1,0.5,0.534854181376968,0.5447208352763857,0.5442977073200201,0.5574572605943988,0.539595571646189,0.5582793406536453,1.0,0.5527271163771456,0.5504353737146135,0.5297006260846314,0.5471869147002072,0.5548946279356325
6,7,0.20809557449156002,0.937152209492635,4277,0.8815080057019773,0.9565217391304348,713,0.8958439543224371,0.9463,0.7664509540795614,0.08376266672104442,,,0.9337348300746919,,0.9337483058079413,0.06625169419205867,0.9666532349727928,0.38256736483827636,5,0.1,0.5,0.5378861858953924,0.5494963927675682,0.5508990856249414,0.5543744589360416,0.5518087965392119,0.549090860552837,0.5527271163771456,1.0,0.5484312041485898,0.5264583962717242,0.5502997121908801,0.5626475647565748
6,8,0.20928817216718856,0.9373698232017438,4129,0.8924928470091387,0.9462209302325582,688,0.8991972051870328,0.9463,0.7663838196632681,0.07973033522367971,,,0.7,,0.7,0.30000000000000004,0.9640225212239792,0.381511739258424,5,0.1,0.5,0.5436584619941629,0.5544582608479535,0.5434442562699959,0.5537124369900834,0.5549151128333056,0.5596470118829437,0.5504353737146135,0.5484312041485898,1.0,0.5333065349528373,0.5551716058403044,0.5684953063340668
6,9,0.22952742547622765,0.931967008247938,4001,0.9096126868611291,0.9205397301349325,667,0.8958205605467288,0.9463,0.7436297707946521,0.0826590703249677,,,0.869764663862759,,0.8697756136740123,0.13022438632598765,0.9664813575703348,0.38250080875847303,5,0.1,0.5,0.5193432928340751,0.5284391420472302,0.5293138735949023,0.5369387584553766,0.5266706872948924,0.530497772314683,0.5297006260846314,0.5264583962717242,0.5333065349528373,1.0,0.5329335130767822,0.5336939125751992
6,10,0.20099477957567718,0.9420416559526871,3889,0.9066143234570821,0.9475308641975309,648,0.8958556642547583,0.9463,0.7689995794885971,0.08406011608544835,,,0.9509765366879042,,0.9509964359218914,0.049003564078108575,0.9666638525600917,0.38257336044935464,5,0.1,0.5,0.542008256945357,0.5556823769296395,0.548525409451213,0.5527277683740135,0.5500373151298001,0.55719585920969,0.5471869147002072,0.5502997121908801,0.5551716058403044,0.5329335130767822,1.0,0.5644607697638502
