round,client_id,client_i_training_loss,client_i_training_accuracy,client_i_training_dataset_size,client_i_evaluation_loss,client_i_evaluation_accuracy,client_i_evaluation_dataset_size,client_i_central_evaluation_loss,client_i_central_evaluation_accuracy,client_i_cosine_similarity,client_i_importance_coefficient,client_i_tanh_val,tanh_normalization_value,client_i_q,client_i_mask_order,client_i_v_nonzero_fraction,client_i_v_sparsity,client_i_v_cosine_similarity,client_i_reward_gradient_norm,local_epochs,learning_rate,gamma,client_0_cosine_similarity,client_1_cosine_similarity,client_2_cosine_similarity,client_3_cosine_similarity,client_4_cosine_similarity,client_5_cosine_similarity,client_6_cosine_similarity,client_7_cosine_similarity,client_8_cosine_similarity,client_9_cosine_similarity,client_10_cosine_similarity,client_11_cosine_similarity
0,0,0.28692126859899914,0.9106403700998296,8214,2.2161697176999824,0.36157779401022644,1369,2.218219904092173,0.3644,0.7919325067450609,0.0845256667189042,,,0.9393333176026715,,0.939345414386828,0.06065458561317205,0,0.39098879523609725,5,0.1,0.5,1.0,0.5617790124258222,0.5749664761972754,0.5537561789855615,0.5702670611752835,0.5588183135412694,0.5499738168510926,0.53976041744206,0.5331151974566094,0.5798435761580375,0.5605082131867413,0.5581816204474069
0,1,0.3156699279594479,0.9029205962884089,6574,2.2235595158168246,0.34215328467153283,1096,2.218248896705457,0.3641,0.7816836552289194,0.08343177172138039,,,0.8596479076914896,,0.8596556397771197,0.14034436022288033,0,0.39093413104131625,5,0.1,0.5,0.5617790124258222,1.0,0.5809491362895256,0.5523576576964162,0.5702604146848621,0.5643411968947247,0.5713349992173018,0.562634968576776,0.5268746397632356,0.5807647118540826,0.5578809327490414,0.5645683316371877
0,2,0.3248428948779297,0.8987722635310392,5783,2.2141664643441477,0.3879668049792531,964,2.2182205911642447,0.3644,0.7984490736365147,0.08522120220523295,,,0.9899999999271544,,0.9900005019828322,0.009999498017167818,0,0.39099295547158464,5,0.1,0.5,0.5749664761972754,0.5809491362895256,1.0,0.571381218947851,0.5828925843227275,0.5887469666537758,0.5876604254581026,0.599118506686561,0.5549247794264212,0.615998859437061,0.5852021462958793,0.6018058479033656
0,3,0.3264197568824313,0.8951011916020427,5287,2.2183412739208768,0.36322360953461974,881,2.2182948528387296,0.3642,0.7741028094664804,0.08262264210881151,,,0.8007063959423939,,0.8007278751066713,0.19927212489332868,0,0.39080520457484713,5,0.1,0.5,0.5537561789855615,0.5523576576964162,0.571381218947851,1.0,0.5664388747861403,0.5828783278892945,0.5815045063318081,0.5706823448883978,0.5465440192851169,0.5920150201681247,0.5668722052774532,0.5733017131085996
0,4,0.3489756722279614,0.8936575481256332,4935,2.223088236955496,0.36739659367396593,822,2.2182355810659002,0.3645,0.7844259481704642,0.08372446603213084,,,0.880969393011028,,0.8809848903167512,0.1190151096832488,0,0.39095891150657425,5,0.1,0.5,0.5702670611752835,0.5702604146848621,0.5828925843227275,0.5664388747861403,1.0,0.5906549467475921,0.5868565483897388,0.5806698795581117,0.5490848640765144,0.6018940569380475,0.5871016377749918,0.5958685746277069
0,5,0.3483648941673543,0.8914506106706663,4667,2.2146275997161866,0.3740359897172236,778,2.218242489872649,0.3645,0.7839832843868897,0.0836772190115574,,,0.8775276566377943,,0.8775463079162693,0.12245369208373069,0,0.390955809507631,5,0.1,0.5,0.5588183135412694,0.5643411968947247,0.5887469666537758,0.5828783278892945,0.5906549467475921,1.0,0.593230980936779,0.5947510550400684,0.5453225955081796,0.5970135561970452,0.5928219435186411,0.6025478779573131
0,6,0.3729811707112406,0.881113855827532,4453,2.2147469917933145,0.3894878706199461,742,2.218252626090004,0.3641,0.7821383218846903,0.08348029984958143,,,0.8631829670862905,,0.8631996385723608,0.13680036142763918,0,0.3909390087960878,5,0.1,0.5,0.5499738168510926,0.5713349992173018,0.5876604254581026,0.5815045063318081,0.5868565483897388,0.593230980936779,1.0,0.6001067025160076,0.5552222182868498,0.6104455604848814,0.5875768953907311,0.5926092805184032
0,7,0.38120654471524396,0.8825812485386954,4277,2.217937821927278,0.38429172510518933,713,2.218292830470271,0.3638,0.7787252006423273,0.0831160057384722,,,0.8366457531510598,,0.8366648260629487,0.16333517393705133,0,0.3908960147816024,5,0.1,0.5,0.53976041744206,0.562634968576776,0.599118506686561,0.5706823448883978,0.5806698795581117,0.5947510550400684,0.6001067025160076,1.0,0.560303177392755,0.5990954070788546,0.599384014774158,0.6042773816765721
0,8,0.42200705784247616,0.8695083555340276,4129,2.219037987969138,0.36191860465116277,688,2.2198014068908205,0.3564,0.7418578523403953,0.07918102748106114,,,0.55,,0.5500125495708047,0.4499874504291953,0,0.38788379642275117,5,0.1,0.5,0.5331151974566094,0.5268746397632356,0.5549247794264212,0.5465440192851169,0.5490848640765144,0.5453225955081796,0.5552222182868498,0.560303177392755,1.0,0.5773313288897006,0.5560992719218399,0.5647077991460344
0,9,0.38672364206170656,0.8790302424393901,4001,2.219304470788865,0.3373313343328336,667,2.2182214785688603,0.3644,0.7952347878660446,0.08487813048452439,,,0.9650087432201766,,0.9650318759098439,0.03496812409015615,0,0.3909921731121789,5,0.1,0.5,0.5798435761580375,0.5807647118540826,0.615998859437061,0.5920150201681247,0.6018940569380475,0.5970135561970452,0.6104455604848814,0.5990954070788546,0.5773313288897006,1.0,0.5936956243736288,0.6087369748144312
0,10,0.3860664373538533,0.8788377474929288,3889,2.2170896643684026,0.3472222222222222,648,2.2182890683317336,0.3643,0.7746385212382316,0.08267982045960626,,,0.8048715857745427,,0.804879273128859,0.19512072687114101,0,0.39081752874887843,5,0.1,0.5,0.5605082131867413,0.5578809327490414,0.5852021462958793,0.5668722052774532,0.5871016377749918,0.5928219435186411,0.5875768953907311,0.599384014774158,0.5560992719218399,0.5936956243736288,1.0,0.6035305255648612
0,11,0.38468674987930207,0.8785544711158005,3791,2.2221426606178283,0.34968354430379744,632,2.21824892184224,0.3642,0.7819645088424882,0.0834617481887373,,,0.8618315606878304,,0.8618493047537774,0.1381506952462226,0,0.39093706925370636,5,0.1,0.5,0.5581816204474069,0.5645683316371877,0.6018058479033656,0.5733017131085996,0.5958685746277069,0.6025478779573131,0.5926092805184032,0.6042773816765721,0.5647077991460344,0.6087369748144312,0.6035305255648612,1.0
1,0,0.2588260426378088,0.9213294375456538,8214,2.0686057833738105,0.6785975164353543,1369,2.0720546161785673,0.6752,0.793346440414853,0.08365517452448468,,,0.9073153239265612,,0.9073339691782542,0.09266603082174585,0.9567238756124066,0.40337543431289496,5,0.1,0.5,1.0,0.6200769718364324,0.5991293139802653,0.6159586623273288,0.6151937892330229,0.621100322078878,0.6069587247809043,0.6154114853905056,0.5815747027357703,0.5898294302142622,0.6074777911671971,0.6015583866811
1,1,0.2765724456552597,0.9160328567082446,6574,2.0806587900434224,0.6523722627737226,1096,2.0721064893582377,0.6743,0.8019225589275479,0.08322953439904396,,,0.8653704595730265,,0.8653882837206968,0.13461171627930324,0.9565807073211866,0.40334153018590385,5,0.1,0.5,0.6200769718364324,1.0,0.6159526342587823,0.623639746982156,0.6111306702224155,0.6234034154048557,0.6219404427540628,0.620715437872335,0.5984612606993899,0.5882365511400882,0.6231163506634241,0.6162639346961795
1,2,0.2832375898581636,0.914888466194017,5783,2.0684749541744107,0.7116182572614108,964,2.0720533189682153,0.6751,0.8041963132359863,0.08449422637019682,,,0.9899999999014546,,0.9900005019828322,0.009999498017167818,0.9567587965545974,0.4033895619895161,5,0.1,0.5,0.5991293139802653,0.6159526342587823,1.0,0.6292658785685731,0.6144622689518818,0.6214428710325887,0.6278078392137987,0.6289981591151544,0.6003319748708936,0.5916372198480394,0.6256830301074363,0.6223848098093476
1,3,0.2854272869875632,0.912540192926045,5287,2.0717264243534634,0.6878547105561862,881,2.072175607894556,0.6741,0.8161931631935698,0.08319108214291972,,,0.8615811677022269,,0.8615983133376839,0.13840168666231611,0.9562605416960649,0.40333717009884246,5,0.1,0.5,0.6159586623273288,0.623639746982156,0.6292658785685731,1.0,0.622835610013557,0.6435705737362156,0.6339076443814752,0.6338377673693755,0.6140134020246225,0.6226416691590416,0.6369125183136738,0.6280264447550312
1,4,0.3047721703158271,0.9095845997973657,4935,2.075273137826186,0.6520681265206812,822,2.072068346194185,0.6747,0.8053103244638643,0.08354154871751017,,,0.8961180265484727,,0.896134732192159,0.103865267807841,0.9566287818519844,0.40336902545319014,5,0.1,0.5,0.6151937892330229,0.6111306702224155,0.6144622689518818,0.622835610013557,1.0,0.6365608999974703,0.6141157976984114,0.6263890095993546,0.6039736787243939,0.5980084646440033,0.6276636869270678,0.6242238253525059
1,5,0.3012460283322694,0.9053781872723377,4667,2.068373804092407,0.6760925449871465,778,2.0720815841382305,0.6749,0.8212252534055808,0.08406513959910177,,,0.9477154845709443,,0.9477285276843532,0.05227147231564677,0.9566512235334723,0.403387223022684,5,0.1,0.5,0.621100322078878,0.6234034154048557,0.6214428710325887,0.6435705737362156,0.6365608999974703,1.0,0.6488211190298249,0.640284345183748,0.6173804458347756,0.6198946727684325,0.6441215436082013,0.6325348533869821
1,6,0.3267141456928636,0.8991690994834943,4453,2.0650416066249213,0.6954177897574124,742,2.0721021658315446,0.6747,0.8138063152528004,0.08367602105441913,,,0.9093696529667026,,0.9093820591335776,0.09061794086642239,0.9566096701416101,0.4033763998743398,5,0.1,0.5,0.6069587247809043,0.6219404427540628,0.6278078392137987,0.6339076443814752,0.6141157976984114,0.6488211190298249,1.0,0.6372127719425329,0.6131635112320051,0.6029167322669772,0.6318935461442208,0.6394542977754225
1,7,0.33153583919629454,0.8996492868833295,4277,2.0711537962374478,0.6718092566619915,713,2.0721422590005893,0.6743,0.815748916540674,0.0835024237174545,,,0.8922624388769211,,0.8922744842126399,0.10772551578736012,0.956512994174907,0.40336633727856447,5,0.1,0.5,0.6154114853905056,0.620715437872335,0.6289981591151544,0.6338377673693755,0.6263890095993546,0.640284345183748,0.6372127719425329,1.0,0.6119657531069197,0.6092896949667922,0.6366787927371848,0.6374954441251612
1,8,0.35677512359411384,0.8945507386776459,4129,2.0752855105833574,0.6511627906976745,688,2.0768507479097895,0.6592,0.7908993778174884,0.08002927796618108,,,0.55,,0.5500125495708047,0.4499874504291953,0.9496188070033322,0.39984872457644216,5,0.1,0.5,0.5815747027357703,0.5984612606993899,0.6003319748708936,0.6140134020246225,0.6039736787243939,0.6173804458347756,0.6131635112320051,0.6119657531069197,1.0,0.5941830355880563,0.622908010231311,0.6195013417380308
1,9,0.3625158910829452,0.8906773306673331,4001,2.0738117808387395,0.6701649175412294,667,2.0720635229787128,0.6751,0.7893719124963144,0.08375008965583702,,,0.916668770821517,,0.9166859093419005,0.08331409065809947,0.9567324736904332,0.40337950429493546,5,0.1,0.5,0.5898294302142622,0.5882365511400882,0.5916372198480394,0.6226416691590416,0.5980084646440033,0.6198946727684325,0.6029167322669772,0.6092896949667922,0.5941830355880563,1.0,0.6078518825725789,0.6105250769153081
1,10,0.3348118589397092,0.8975057855489843,3889,2.07313220841544,0.6574074074074074,648,2.0721635826098654,0.6743,0.8161013981111248,0.0832257606852341,,,0.8649985775431084,,0.8650017569399127,0.13499824306008734,0.9562913232456565,0.40334100003428164,5,0.1,0.5,0.6074777911671971,0.6231163506634241,0.6256830301074363,0.6369125183136738,0.6276636869270678,0.6441215436082013,0.6318935461442208,0.6366787927371848,0.622908010231311,0.6078518825725789,1.0,0.6400531944791474
1,11,0.3370466562160173,0.8946452123450277,3791,2.0769288182258605,0.6693037974683544,632,2.072093064792621,0.6747,0.8131176710563857,0.08363972116761707,,,0.9057924671307005,,0.905812961196727,0.09418703880327295,0.9566123882490909,0.4033746878427929,5,0.1,0.5,0.6015583866811,0.6162639346961795,0.6223848098093476,0.6280264447550312,0.6242238253525059,0.6325348533869821,0.6394542977754225,0.6374954441251612,0.6195013417380308,0.6105250769153081,0.6400531944791474,1.0
2,0,0.23327192766845575,0.9289749208668128,8214,1.8777742247248805,0.83345507669832,1369,1.882374148018444,0.8345,0.8020645616593335,0.08314656549065536,,,0.825478409355282,,0.8255007278751066,0.17449927212489336,0.9677699878602296,0.4066235829649869,5,0.1,0.5,1.0,0.6227196865963951,0.6283090663002595,0.6271629523807901,0.6248193730726581,0.6332795520812399,0.6132618177166004,0.6226880756357741,0.6239492707751363,0.5985292748091706,0.6178223454837416,0.6159832210737554
2,1,0.2528389759406954,0.9231518101612413,6574,1.8938952105385916,0.8257299270072993,1096,1.8824592562148366,0.8342,0.8100029361370225,0.08314139252944741,,,0.8246227066981997,,0.8246322975754229,0.1753677024245771,0.9677457565762376,0.40662181647312795,5,0.1,0.5,0.6227196865963951,1.0,0.6341038575026995,0.6324328097402625,0.6332121648055709,0.633084095364605,0.6247544628541141,0.624152676234706,0.6399944054313175,0.6089359079331481,0.6277098598560203,0.6272620038043633
2,2,0.252524130206905,0.9249870309527927,5783,1.8786701617702362,0.8464730290456431,964,1.8821610018087271,0.8346,0.8145886339136343,0.08413625487163184,,,0.9891911840977688,,0.9892023492796547,0.010797650720345331,0.9680190758274316,0.40675873790451267,5,0.1,0.5,0.6283090663002595,0.6341038575026995,1.0,0.6328881047193099,0.631673535174319,0.6324886812579584,0.6280636548012933,0.6394435963962367,0.6448904737803592,0.610417395571499,0.6378689745024816,0.6275705075783949
2,3,0.25508496973843103,0.9225647815396255,5287,1.8821992065225328,0.8376844494892168,881,1.8823973188004173,0.8343,0.818081356727525,0.08339685702842443,,,0.8668812201061769,,0.8668942322172581,0.13310576778274186,0.9678721551252466,0.40670423817737594,5,0.1,0.5,0.6271629523807901,0.6324328097402625,0.6328881047193099,1.0,0.6404432084744294,0.6490426727081763,0.6389303171348534,0.6346351720658182,0.6483931376202582,0.6198024713888068,0.6354758521656826,0.6282351788463397
2,4,0.27223741442085275,0.9196352583586627,4935,1.8841148202235882,0.8223844282238443,822,1.8822083164708683,0.8344,0.8165375032357155,0.08357469242142916,,,0.8962984556508272,,0.8963104261834245,0.10368957381657551,0.9679604349071186,0.4067345424957488,5,0.1,0.5,0.6248193730726581,0.6332121648055709,0.631673535174319,0.6404432084744294,1.0,0.6466825321092182,0.6299127911909209,0.6381539160832757,0.6379851750832697,0.6210573298172039,0.6367947833621472,0.6297781904281412
2,5,0.2662566265486793,0.9181915577458752,4667,1.8795272064208985,0.8251928020565553,778,1.882193764177755,0.8346,0.8228819178640613,0.08414114438833052,,,0.9899999998345816,,0.9900005019828322,0.009999498017167818,0.9680195056292419,0.40675874150461666,5,0.1,0.5,0.6332795520812399,0.633084095364605,0.6324886812579584,0.6490426727081763,0.6466825321092182,1.0,0.6484666317141442,0.6404644295453897,0.6514631275985853,0.6178987756110101,0.6425388783818918,0.6352462082111185
2,6,0.2973851480237707,0.9099483494273524,4453,1.8708594739437103,0.8450134770889488,742,1.8822526691820676,0.8344,0.8130310084069012,0.0835416105775952,,,0.8908261119521281,,0.8908438331409065,0.10915616685909346,0.9679713304157841,0.4067302549676114,5,0.1,0.5,0.6132618177166004,0.6247544628541141,0.6280636548012933,0.6389303171348534,0.6299127911909209,0.6484666317141442,1.0,0.6356272479866252,0.6314984153112972,0.6130579931110274,0.6346007709102246,0.6373340483246644
2,7,0.29404537262422825,0.9118541033434651,4277,1.8805050435273543,0.8583450210378681,713,1.8823025051397257,0.8342,0.8174688332866251,0.08358122712045087,,,0.8973794147168876,,0.8973947091009488,0.10260529089905124,0.9679547876801875,0.40673530159371585,5,0.1,0.5,0.6226880756357741,0.624152676234706,0.6394435963962367,0.6346351720658182,0.6381539160832757,0.6404644295453897,0.6356272479866252,1.0,0.6485903075135889,0.6148332759406021,0.6307548988275611,0.6507078758502552
2,8,0.29540792928169063,0.9085492855412933,4129,1.8893101215362549,0.8357558139534884,688,1.8925039402593058,0.8256,0.8230569488251442,0.08148122167826158,,,0.55,,0.5500125495708047,0.4499874504291953,0.9610992553727625,0.4029668396840506,5,0.1,0.5,0.6239492707751363,0.6399944054313175,0.6448904737803592,0.6483931376202582,0.6379851750832697,0.6514631275985853,0.6314984153112972,0.6485903075135889,1.0,0.6286370903918282,0.6447236392091302,0.6489634529994959
2,9,0.31168144788410695,0.9074731317170708,4001,1.8842858019329252,0.8335832083958021,667,1.8825666900640858,0.8343,0.7949092670954158,0.08296049386389918,,,0.7946987496937374,,0.7947040811204257,0.20529591887957432,0.9675138500632094,0.4065233275830112,5,0.1,0.5,0.5985292748091706,0.6089359079331481,0.610417395571499,0.6198024713888068,0.6210573298172039,0.6178987756110101,0.6130579931110274,0.6148332759406021,0.6286370903918282,1.0,0.6155160767674459,0.6101154752301368
2,10,0.29143554131485155,0.9131396245821548,3889,1.8853150379090082,0.816358024691358,648,1.882427856564141,0.8341,0.8155699173418726,0.0833324488754546,,,0.8562269303447508,,0.856247176346569,0.143752823653431,0.96786764073065,0.40668844910419055,5,0.1,0.5,0.6178223454837416,0.6277098598560203,0.6378689745024816,0.6354758521656826,0.6367947833621472,0.6425388783818918,0.6346007709102246,0.6307548988275611,0.6447236392091302,0.6155160767674459,1.0,0.6388564936193544
2,11,0.29685839425553295,0.9086784489580586,3791,1.8880452573299409,0.8275316455696202,632,1.8822395702520498,0.8344,0.8144248317288217,0.0835660911544199,,,0.8948756483382971,,0.894884794940013,0.10511520505998695,0.9679708077312883,0.40673344636809694,5,0.1,0.5,0.6159832210737554,0.6272620038043633,0.6275705075783949,0.6282351788463397,0.6297781904281412,0.6352462082111185,0.6373340483246644,0.6507078758502552,0.6489634529994959,0.6101154752301368,0.6388564936193544,1.0
3,0,0.2182512413641503,0.9343316289262236,8214,1.6617939361306124,0.9006574141709277,1369,1.667577447220921,0.9022,0.794928630701391,0.08334590191849868,,,0.9314756698653779,,0.9314944028914212,0.06850559710857884,0.9685389306399775,0.39568846828430226,5,0.1,0.5,1.0,0.6173816407698237,0.6081728909818759,0.6107817733613629,0.6208806468883716,0.6095605256322981,0.6085619396459386,0.6085141620131016,0.4315000954095084,0.6187943016065629,0.6059648253167048,0.6060529872832504
3,1,0.23305814361959262,0.9303011864922421,6574,1.6805537973131452,0.8968978102189781,1096,1.6676689569180765,0.9022,0.8026045094218102,0.08361185455277488,,,0.9448119018700463,,0.9448220470859897,0.055177952914010286,0.9685393673132717,0.3956919149170148,5,0.1,0.5,0.6173816407698237,1.0,0.6225533603083163,0.6160182505890689,0.6197861555173931,0.618122644083288,0.61960972191747,0.616668763558854,0.43388875054882864,0.6209173683561253,0.6176221319950866,0.6162761240789755
3,2,0.22634642042260802,0.933909735431437,5783,1.6650571900029336,0.91701244813278,964,1.6672539985217987,0.9019,0.807093468379285,0.08443282631222118,,,0.9859796454536128,,0.9859946789819788,0.01400532101802121,0.9688638415406032,0.39569551097560546,5,0.1,0.5,0.6081728909818759,0.6225533603083163,1.0,0.6161804674385881,0.61927902161134,0.6201479755347445,0.6263027741345668,0.6252526506122621,0.4392839551491233,0.6330044311774483,0.6287283941126003,0.6181508586403544
3,3,0.2295528404134135,0.9290713069793833,5287,1.6685759212289537,0.9069239500567536,881,1.6675827293731154,0.9021,0.8037966293957686,0.08382405059384535,,,0.9554525019975446,,0.9554691029566789,0.04453089704332114,0.9687149922029418,0.3956936749553475,5,0.1,0.5,0.6107817733613629,0.6160182505890689,0.6161804674385881,1.0,0.6156158596319593,0.6230747885213016,0.6248933053982499,0.6162175541572218,0.4328492512538041,0.631758832889439,0.6242024978028401,0.6174175045996445
3,4,0.24935016006411564,0.9266058763931104,4935,1.6675949555176954,0.9038929440389294,822,1.667326921091293,0.9021,0.810220302520764,0.08416809295788912,,,0.9727045544121008,,0.9727222528989509,0.027277747101049132,0.9688039235078104,0.3956951548854804,5,0.1,0.5,0.6208806468883716,0.6197861555173931,0.61927902161134,0.6156158596319593,1.0,0.6254764549753645,0.619820625344843,0.6245729734345318,0.44995587556541317,0.6329674976083801,0.6288379102112798,0.6323105223561492
3,5,0.24271407391978045,0.9286479537175916,4667,1.6662612104415893,0.8946015424164524,778,1.6672935893360419,0.9021,0.809284916536774,0.08451300067246217,,,0.9899999999498548,,0.9900005019828322,0.009999498017167818,0.9688645653081044,0.39569554774241095,5,0.1,0.5,0.6095605256322981,0.618122644083288,0.6201479755347445,0.6230747885213016,0.6254764549753645,1.0,0.6302142799530315,0.6224718262311515,0.4326914383248153,0.6291482522010649,0.6380054688457161,0.6287073900959655
3,6,0.26068083523107427,0.9224343139456546,4453,1.651806652545929,0.9110512129380054,742,1.6673750976404063,0.9021,0.8096462326408501,0.08412588413425685,,,0.9705879870536464,,0.970608905175443,0.02939109482455704,0.96879263552869,0.39569505388259574,5,0.1,0.5,0.6085619396459386,0.61960972191747,0.6263027741345668,0.6248933053982499,0.619820625344843,0.6302142799530315,1.0,0.6200063519567184,0.4411425630165058,0.6348585992529189,0.6294512215784333,0.629027963173483
3,7,0.2689586405336523,0.9199438859013327,4277,1.6633821414864582,0.9172510518934082,713,1.6674408253770285,0.902,0.8063556673025052,0.08403681254997135,,,0.9661214800145725,,0.9661362381406556,0.033863761859344366,0.9688060567103397,0.3956947755364441,5,0.1,0.5,0.6085141620131016,0.616668763558854,0.6252526506122621,0.6162175541572218,0.6245729734345318,0.6224718262311515,0.6200063519567184,1.0,0.43285401261511164,0.6224816776576932,0.6269217563736336,0.6363086684016046
3,8,0.3758525576438898,0.8993945265197384,4129,1.678591018373316,0.8953488372093024,688,1.6832721899873533,0.8961,0.6098172483954591,0.07573847132809945,,,0.55,,0.5500125495708047,0.4499874504291953,0.9616190487617471,0.3920098174035811,5,0.1,0.5,0.4315000954095084,0.43388875054882864,0.4392839551491233,0.4328492512538041,0.44995587556541317,0.4326914383248153,0.4411425630165058,0.43285401261511164,1.0,0.4369941213953442,0.4336342634679652,0.4389287159494245
3,9,0.2729975446142138,0.9208197950512372,4001,1.6701452845618838,0.8875562218890555,667,1.6677649337262772,0.9019,0.8149481690943983,0.0839244511675541,,,0.9604871027941334,,0.9605039907635159,0.03949600923648411,0.9683185156046656,0.3956942624781389,5,0.1,0.5,0.6187943016065629,0.6209173683561253,0.6330044311774483,0.631758832889439,0.6329674976083801,0.6291482522010649,0.6348585992529189,0.6224816776576932,0.4369941213953442,1.0,0.6377643064652084,0.637901233763974
3,10,0.2659435084303383,0.9209565440987401,3889,1.6724198716027396,0.8919753086419753,648,1.6675986291501468,0.9021,0.8122740152614726,0.08407863307139543,,,0.9682185759045443,,0.9682295065508759,0.03177049344912408,0.96867792243759,0.3956949114739594,5,0.1,0.5,0.6059648253167048,0.6176221319950866,0.6287283941126003,0.6242024978028401,0.6288379102112798,0.6380054688457161,0.6294512215784333,0.6269217563736336,0.4336342634679652,0.6377643064652084,1.0,0.6383066193864573
3,11,0.2657296618493665,0.9211817462410974,3791,1.6749070107936859,0.8908227848101266,632,1.6673590340934241,0.9021,0.8112934213949772,0.08420002074103147,,,0.9743055775587225,,0.974318558305306,0.025681441694693996,0.9688011079347668,0.3956952207447556,5,0.1,0.5,0.6060529872832504,0.6162761240789755,0.6181508586403544,0.6174175045996445,0.6323105223561492,0.6287073900959655,0.629027963173483,0.6363086684016046,0.4389287159494245,0.637901233763974,0.6383066193864573,1.0
4,0,0.20133707998465414,0.938836133430728,8214,1.426506053569705,0.9298758217677137,1369,1.4333911955166168,0.932,0.789096379054049,0.08364777616203943,,,0.9180981389945891,,0.918111540585312,0.08188845941468803,0.9665918383948596,0.3901294642794432,5,0.1,0.5,1.0,0.5986907536165481,0.5984063105580989,0.5991273186429957,0.6103563995233758,0.6007228269665817,0.5811206276123859,0.598083665387941,0.5995193657652211,0.41670574281713957,0.5921838383377801,0.5951563163138782
4,1,0.21178947403751205,0.935442652874962,6574,1.4473096540996007,0.9352189781021898,1096,1.4334959633434161,0.9318,0.792539431935299,0.08394730569770431,,,0.9349463260885233,,0.9349530646051905,0.06504693539480955,0.9666235611601467,0.3901359477922368,5,0.1,0.5,0.5986907536165481,1.0,0.6066192195422331,0.6023829933706462,0.6052457182126388,0.6007897428968436,0.5932308156574114,0.5982633350507189,0.601777786644648,0.41492306597100637,0.6008800612724462,0.5981433652390546
4,2,0.21035052477099125,0.9370914750129691,5783,1.4318379894379647,0.9408713692946058,964,1.4330078732853118,0.9321,0.795423415541132,0.0845988992862875,,,0.971597705610375,,0.9716128708398173,0.02838712916018271,0.9666451149518497,0.39014208339105794,5,0.1,0.5,0.5984063105580989,0.6066192195422331,1.0,0.6020542960532501,0.6058038498563634,0.6010313646337937,0.5966668748387041,0.6065516030360417,0.6076006983206742,0.4108002517535077,0.6080343767254668,0.6008644916731706
4,3,0.21175349480325234,0.9341403442405901,5287,1.4362527515207018,0.9296254256526674,881,1.4333969312734878,0.932,0.8010666511649767,0.08439006781576512,,,0.9598511789159293,,0.9598614527383164,0.040138547261683644,0.966634885206314,0.39014100706346905,5,0.1,0.5,0.5991273186429957,0.6023829933706462,0.6020542960532501,1.0,0.6135339950616103,0.6178922141127967,0.6138274686731615,0.6036822013601145,0.6131565091635183,0.4185361368576475,0.6119253237022195,0.6040049524710233
4,4,0.2269033948329067,0.9329280648429584,4935,1.431156493150271,0.9355231143552312,822,1.4331009079473087,0.9321,0.8024277677446859,0.08466850686663577,,,0.9755130508342122,,0.9755333567591988,0.024466643240801167,0.9666432415499343,0.39014230053552656,5,0.1,0.5,0.6103563995233758,0.6052457182126388,0.6058038498563634,0.6135339950616103,1.0,0.6158338287522287,0.5976471577704239,0.6072227854708719,0.6172053766858543,0.41746515136206874,0.6081508917101438,0.6132144413541939
4,5,0.22432398009432913,0.9326333833297622,4667,1.4345741748809815,0.9318766066838047,778,1.4330598443460922,0.9321,0.8031799561367785,0.08492605796787818,,,0.9899999999437512,,0.9900005019828322,0.009999498017167818,0.9666452878489559,0.3901426678763789,5,0.1,0.5,0.6007228269665817,0.6007897428968436,0.6010313646337937,0.6178922141127967,0.6158338287522287,1.0,0.614026597663807,0.612322278477111,0.6135781937136271,0.41402383866923387,0.6148236118156992,0.6115939578501648
4,6,0.23999961465164754,0.9270154951717943,4453,1.4140012512604396,0.9407008086253369,742,1.433142862380884,0.9321,0.7928882911182942,0.08430392209202937,,,0.955005582411997,,0.9550273580643542,0.04497264193564576,0.9666384265518769,0.39014037207980845,5,0.1,0.5,0.5811206276123859,0.5932308156574114,0.5966668748387041,0.6138274686731615,0.5976471577704239,0.614026597663807,1.0,0.6051405342078151,0.6056776038464369,0.41024554891442055,0.598856106183927,0.6054924566501868
4,7,0.2489463385528148,0.9270049099836334,4277,1.426318127176036,0.9453015427769986,713,1.4332247149830046,0.9321,0.7973663806560862,0.08440213221738758,,,0.9605297874386596,,0.9605541890467346,0.03944581095326538,0.9666392735819619,0.39014111332863316,5,0.1,0.5,0.598083665387941,0.5982633350507189,0.6065516030360417,0.6036822013601145,0.6072227854708719,0.612322278477111,0.6051405342078151,1.0,0.6104606820698872,0.4003746519525075,0.6047679708835508,0.6175798965968009
4,8,0.2406034509350922,0.92879631872124,4129,1.4468749328093096,0.9375,688,1.4528468188386374,0.9277,0.7998053727074138,0.07892955918588387,,,0.6527039360903921,,0.6527182370362934,0.3472817629637066,0.9590629916769162,0.3885852663100414,5,0.1,0.5,0.5995193657652211,0.601777786644648,0.6076006983206742,0.6131565091635183,0.6172053766858543,0.6135781937136271,0.6056776038464369,0.6104606820698872,1.0,0.42652585631569484,0.6128710412596846,0.6172451834980522
4,9,0.3653458993260597,0.9137215696075981,4001,1.4418320655822754,0.9190404797601199,667,1.437508742268474,0.9305,0.5924805248717158,0.07710367358070881,,,0.55,,0.5500125495708047,0.4499874504291953,0.9572360872491468,0.3862406838979848,5,0.1,0.5,0.41670574281713957,0.41492306597100637,0.4108002517535077,0.4185361368576475,0.41746515136206874,0.41402383866923387,0.41024554891442055,0.4003746519525075,0.42652585631569484,1.0,0.410109509413603,0.40517615814539204
4,10,0.24101921051862787,0.9290305991257393,3889,1.4400818745295207,0.9212962962962963,648,1.4334065255265647,0.932,0.7990376139670885,0.08448906413697581,,,0.9654196065424956,,0.9654334621755936,0.03456653782440644,0.9666404800563687,0.3901415916682732,5,0.1,0.5,0.5921838383377801,0.6008800612724462,0.6080343767254668,0.6119253237022195,0.6081508917101438,0.6148236118156992,0.598856106183927,0.6047679708835508,0.6128710412596846,0.410109509413603,1.0,0.6173887103496251
4,11,0.24057026054052746,0.9298865734634661,3791,1.4421099185943604,0.9113924050632911,632,1.4331326720813593,0.9321,0.7996803806954623,0.0845930349907043,,,0.9712678458222888,,0.9712815621705738,0.02871843782942618,0.9666428469726204,0.39014205607564784,5,0.1,0.5,0.5951563163138782,0.5981433652390546,0.6008644916731706,0.6040049524710233,0.6132144413541939,0.6115939578501648,0.6054924566501868,0.6175798965968009,0.6172451834980522,0.40517615814539204,0.6173887103496251,1.0
5,0,0.19414252570145382,0.9406135865595325,8214,1.1758617606273918,0.9430241051862673,1369,1.1836963290223679,0.944,0.774292439171628,0.08326262116273253,,,0.8765205773981757,,0.8765373224235731,0.12346267757642693,0.9671502342039959,0.39117150860783456,5,0.1,0.5,1.0,0.5815810439840183,0.5753190384429334,0.5742005317079749,0.5791068145728163,0.5783891589995998,0.5561436119415433,0.5748777611669297,0.5417502431065423,0.5700708296559598,0.5657878769359524,0.5693232877237326
5,1,0.19522422587734115,0.9407058107696988,6574,1.197802938733782,0.9425182481751825,1096,1.1837272628808555,0.944,0.784478457099706,0.08382192354832198,,,0.9200064815755249,,0.9200341348325888,0.07996586516741122,0.9672399029155326,0.3912063883169614,5,0.1,0.5,0.5815810439840183,1.0,0.5795040343398258,0.5792691170633523,0.5779165268704044,0.5820947545513845,0.5719928677376384,0.5807932209240678,0.5578582270628817,0.5816468321581539,0.5857650533753573,0.5830554410741036
5,2,0.1996735122507613,0.9425557669029915,5783,1.1834508180618286,0.9543568464730291,964,1.1831541148999247,0.9441,0.7839709409006754,0.08424016572353583,,,0.9525249181545286,,0.952537523216706,0.04746247678329396,0.9672680062324771,0.39121582276768474,5,0.1,0.5,0.5753190384429334,0.5795040343398258,1.0,0.5720220342027288,0.5872391784773074,0.5802552511203747,0.5752262298879863,0.5887173685875605,0.5556160197131683,0.5757425509937133,0.5853095158072682,0.5778598224037638
5,3,0.19589683356616333,0.9417060714961225,5287,1.1881060344832284,0.94211123723042,881,1.1835634982623993,0.944,0.7855616992740628,0.08415642967288361,,,0.9460144187025827,,0.9460368455398825,0.05396315446011746,0.9672655419374094,0.3912146505371545,5,0.1,0.5,0.5742005317079749,0.5792691170633523,0.5720220342027288,1.0,0.5832775999919565,0.5917699302142861,0.5818655732032387,0.5786398265623025,0.5590586203148088,0.583713049474167,0.5875146684277998,0.578132936285033
5,4,0.2138849710754209,0.9357649442755825,4935,1.1797037308032696,0.9476885644768857,822,1.1832587113395667,0.9442,0.7858240591168378,0.08435203488135683,,,0.9612227739168949,,0.9612368856985091,0.03876311430149093,0.9672668824182747,0.3912169587063472,5,0.1,0.5,0.5791068145728163,0.5779165268704044,0.5872391784773074,0.5832775999919565,1.0,0.5869862378317419,0.5691426892984308,0.5801115579926345,0.5558060665394846,0.5797649697364852,0.5833751013367964,0.5872418872943332
5,5,0.20485647893957284,0.9388472251982001,4667,1.1871662473678588,0.9447300771208226,778,1.1832069459433754,0.9442,0.7914374018923688,0.08472215875160684,,,0.9899999999222497,,0.9900005019828322,0.009999498017167818,0.9672703086387067,0.39121835962647905,5,0.1,0.5,0.5783891589995998,0.5820947545513845,0.5802552511203747,0.5917699302142861,0.5869862378317419,1.0,0.5845476424457906,0.585759003897573,0.5734061439375947,0.5768020730441644,0.5891403399235928,0.5925140352866961
5,6,0.22869874513042823,0.9302492701549517,4453,1.1611352140704791,0.9528301886792453,742,1.183343298899861,0.944,0.7775798117028918,0.08381759295163753,,,0.9196697765706782,,0.9196827468500577,0.08031725314994231,0.9672381932579432,0.3912061941523219,5,0.1,0.5,0.5561436119415433,0.5719928677376384,0.5752262298879863,0.5818655732032387,0.5691426892984308,0.5845476424457906,1.0,0.581666659668093,0.5484547647316406,0.5719877125504027,0.5736417149859123,0.5794176384172949
5,7,0.22631355315836063,0.9326163198503624,4277,1.172731622405674,0.9523141654978962,713,1.183381853773952,0.9442,0.7875371201065294,0.08423409275558837,,,0.9520527433363264,,0.952070679182772,0.047929320817228005,0.9672670209052009,0.39121574523376973,5,0.1,0.5,0.5748777611669297,0.5807932209240678,0.5887173685875605,0.5786398265623025,0.5801115579926345,0.585759003897573,0.581666659668093,1.0,0.5602234653711264,0.5814448559732003,0.5856044816679538,0.589755784240523
5,8,0.24865074249809999,0.9244853475417777,4129,1.1993397257544778,0.9476744186046512,688,1.2069912509034617,0.9417,0.7588466073979726,0.07956054344639521,,,0.5886830838032227,,0.5886953466191456,0.4113046533808544,0.9613801225085133,0.38834940202331675,5,0.1,0.5,0.5417502431065423,0.5578582270628817,0.5556160197131683,0.5590586203148088,0.5558060665394846,0.5734061439375947,0.5484547647316406,0.5602234653711264,1.0,0.5632164508087399,0.5633441376829726,0.5696652696705756
5,9,0.23567130884877105,0.9305673581604599,4001,1.1992087875093733,0.9265367316341829,667,1.1921435255593005,0.9435,0.7794149059804067,0.07906301346599369,,,0.55,,0.5500125495708047,0.4499874504291953,0.9593302431395578,0.38725054746924586,5,0.1,0.5,0.5700708296559598,0.5816468321581539,0.5757425509937133,0.583713049474167,0.5797649697364852,0.5768020730441644,0.5719877125504027,0.5814448559732003,0.5632164508087399,1.0,0.5797156702455996,0.5846364935182451
5,10,0.2193880684490575,0.9353561326819234,3889,1.1919767629532587,0.9398148148148148,648,1.1835772994989024,0.944,0.7885229806180141,0.08432700641409518,,,0.9592768041569077,,0.9592891923096231,0.04071080769037694,0.9672643681630688,0.3912167350082801,5,0.1,0.5,0.5657878769359524,0.5857650533753573,0.5853095158072682,0.5875146684277998,0.5833751013367964,0.5891403399235928,0.5736417149859123,0.5856044816679538,0.5633441376829726,0.5797156702455996,1.0,0.5970583037182792
5,11,0.21438164311782026,0.9336850435241361,3791,1.193569976091385,0.9287974683544303,632,1.1832871501819013,0.9441,0.7898237345978821,0.0844424172258525,,,0.9682500244227561,,0.968264645349129,0.03173535465087096,0.9672668913669084,0.3912176073952268,5,0.1,0.5,0.5693232877237326,0.5830554410741036,0.5778598224037638,0.578132936285033,0.5872418872943332,0.5925140352866961,0.5794176384172949,0.589755784240523,0.5696652696705756,0.5846364935182451,0.5970583037182792,1.0
6,0,0.1826601963834511,0.9443389335281227,8214,0.9475809612939524,0.9481373265157049,1369,0.955724903950676,0.9495,0.7689212923823872,0.08361786935667734,,,0.9262298503034156,,0.9262486822950655,0.07375131770493448,0.9653669083870489,0.38004879441357897,5,0.1,0.5,1.0,0.5620903735017427,0.5625454170324271,0.5662436120022571,0.5650684378144145,0.5609419162285288,0.5420033368000753,0.5544262754659708,0.4314892100755525,0.5634775795112894,0.5446070547430315,0.5557051597082447
6,1,0.1846896327959681,0.9441131731061758,6574,0.9695845944540841,0.9461678832116789,1096,0.9557654985223716,0.9495,0.7717424220824646,0.0840961871712962,,,0.9501237610942357,,0.9501430651071734,0.04985693489282661,0.9654598569553021,0.3800555225607134,5,0.1,0.5,0.5620903735017427,1.0,0.5612294663197488,0.563874862999148,0.5550633192842347,0.5630339504891138,0.5511980771484286,0.5561629211667098,0.4361730965715702,0.5616759748721996,0.5575547731025935,0.5632529772180801
6,2,0.1853104086597939,0.9459104271139547,5783,0.9566814957126495,0.9574688796680498,964,0.9551930604651332,0.9496,0.7718171469785198,0.08438149196650335,,,0.964375890361687,,0.9643893378846443,0.035610662115355685,0.9654784183282515,0.38005734181315687,5,0.1,0.5,0.5625454170324271,0.5612294663197488,1.0,0.5626670896677604,0.5612562831830331,0.5627754217394383,0.5507836225286897,0.5567096039783489,0.4295165402339993,0.5643785615393386,0.561772948345225,0.5559753705852928
6,3,0.18510263041110642,0.9435975033100057,5287,0.9613795174019677,0.945516458569807,881,0.9555961822930236,0.9496,0.7783837983106029,0.08455846787233032,,,0.9732165531526465,,0.9732292555594598,0.026770744440540173,0.9654752689043303,0.3800579427398276,5,0.1,0.5,0.5662436120022571,0.563874862999148,0.5626670896677604,1.0,0.5646637303460186,0.5755332699108154,0.5610560528970738,0.5561714167618351,0.4421695077441044,0.5742630411290145,0.565944575330206,0.5580412737222987
6,4,0.201736500570851,0.9404255319148936,4935,0.9502065754853762,0.9549878345498783,822,0.9552992191939308,0.9496,0.7709638947692401,0.08442674413292378,,,0.966636419228676,,0.9666532804578083,0.033346719542191705,0.9654813066202632,0.3800575453971003,5,0.1,0.5,0.5650684378144145,0.5550633192842347,0.5612562831830331,0.5646637303460186,1.0,0.5647122024719988,0.5438830650008403,0.5591845561994004,0.4290315754511475,0.5595052496761563,0.5577949178618651,0.5607865434455283
6,5,0.1913911888816024,0.9430897793014784,4667,0.9615358424186706,0.9550128534704371,778,0.9552301756871013,0.9496,0.7770809380183783,0.08489444558917139,,,0.989999999950046,,0.9900005019828322,0.009999498017167818,0.9654847067002317,0.3800583188716297,5,0.1,0.5,0.5609419162285288,0.5630339504891138,0.5627754217394383,0.5755332699108154,0.5647122024719988,1.0,0.5564428063856951,0.5607121955199563,0.4352958192791281,0.5698442784092933,0.5591119000090929,0.5668619942205726
6,6,0.2137855906445267,0.9333932180552437,4453,0.9308976555864016,0.9568733153638814,742,0.9553868597307906,0.9495,0.7619707323061417,0.08374569834543825,,,0.9326154256689659,,0.932633903920486,0.06736609607951405,0.9654578459019556,0.38005118995571074,5,0.1,0.5,0.5420033368000753,0.5511980771484286,0.5507836225286897,0.5610560528970738,0.5438830650008403,0.5564428063856951,1.0,0.5481124285328891,0.4268874545150756,0.5536008577432383,0.548354848258422,0.5596603932125965
6,7,0.2066338157173552,0.9380874444704232,4277,0.9408728247103484,0.9565217391304348,713,0.9554138381641132,0.9495,0.7685778949415142,0.08426217324004392,,,0.9584154370426577,,0.9584257818382611,0.041574218161738896,0.965480074862559,0.38005672970999377,5,0.1,0.5,0.5544262754659708,0.5561629211667098,0.5567096039783489,0.5561714167618351,0.5591845561994004,0.5607121955199563,0.5481124285328891,1.0,0.4246871928195832,0.5622426021643385,0.5569869386270357,0.5644780021326407
6,8,0.31985998184536585,0.9177524824412691,4129,0.9727838716723702,0.9476744186046512,688,0.9816467670586925,0.9473,0.6275125938058681,0.07608635049536767,,,0.55,,0.5500125495708047,0.4499874504291953,0.9579537254929817,0.3760769118372978,5,0.1,0.5,0.4314892100755525,0.4361730965715702,0.4295165402339993,0.4421695077441044,0.4290315754511475,0.4352958192791281,0.4268874545150756,0.4246871928195832,1.0,0.4406465170640168,0.4238740493595818,0.43029227347141746
6,9,0.21229279346390748,0.9369157710572357,4001,0.9742587208747864,0.9265367316341829,667,0.9642834206358694,0.9486,0.7742774035712015,0.08097029322504376,,,0.7939727066894667,,0.7939762060137543,0.2060237939862457,0.9555427505440888,0.37978205825898376,5,0.1,0.5,0.5634775795112894,0.5616759748721996,0.5643785615393386,0.5742630411290145,0.5595052496761563,0.5698442784092933,0.5536008577432383,0.5622426021643385,0.4406465170640168,1.0,0.5598661623551489,0.5696692767585574
