round,client_id,client_i_training_loss,client_i_training_accuracy,client_i_training_dataset_size,client_i_evaluation_loss,client_i_evaluation_accuracy,client_i_evaluation_dataset_size,client_i_central_evaluation_loss,client_i_central_evaluation_accuracy,client_i_cosine_similarity,client_i_importance_coefficient,client_i_tanh_val,tanh_normalization_value,client_i_q,client_i_mask_order,client_i_v_nonzero_fraction,client_i_v_sparsity,client_i_v_cosine_similarity,client_i_reward_gradient_norm,local_epochs,learning_rate,gamma,client_0_cosine_similarity,client_1_cosine_similarity,client_2_cosine_similarity,client_3_cosine_similarity,client_4_cosine_similarity,client_5_cosine_similarity,client_6_cosine_similarity,client_7_cosine_similarity,client_8_cosine_similarity,client_9_cosine_similarity,client_10_cosine_similarity,client_11_cosine_similarity
0,0,2.182755599860792,0.20743608473338204,6845,2.297198685732755,0.1555880204528853,1369,2.2961105002632625,0.1531,0.9144523293588156,0.07935283213210918,,,0.7,,0.7000132032810154,0.29998679671898465,0,0.14361525651398904,10,0.025,0.15,1.0,0.9515780867299595,0.8982109085172141,0.8909406289034965,0.8623319985694697,0.8587693714333642,0.833350726742379,0.8114292824782592,0.8149140520238333,0.8181149097578837,0.8138636362532113,0.7804234201438759
0,1,2.2104732396990756,0.20047462577583058,5478,2.2980634106530085,0.13047445255474452,1096,2.296094324015364,0.1533,0.9571517167575586,0.08305812896564904,,,0.8822922067543064,,0.88234226205212,0.11765773794788004,0,0.14374120030906318,10,0.025,0.15,0.9515780867299595,1.0,0.9455284107044007,0.930690742819298,0.928212847563396,0.9175249687604945,0.8882241024811611,0.8678719578626554,0.8735067371302495,0.8856459499508301,0.8688942427273262,0.8436330396059475
0,2,2.2618425287698445,0.1663070539419087,4820,2.296631306409836,0.14315352697095435,964,2.296093575562103,0.1532,0.9742075525433511,0.0845381720805611,,,0.9551069737296911,,0.9551583568516776,0.044841643148322397,0,0.14375012994865988,10,0.025,0.15,0.8982109085172141,0.9455284107044007,1.0,0.9546632358716898,0.955725229361836,0.9494215863112653,0.9335742501110257,0.9133095978593572,0.9313828335150143,0.9169698889597304,0.8987975649380847,0.889490731423781
0,3,2.2647733674730572,0.15163413527008623,4406,2.294179780142648,0.15891032917139614,881,2.2960935725441463,0.1532,0.9735585913180885,0.08448185759645385,,,0.9523364287392828,,0.9523691637371887,0.04763083626281128,0,0.14375010982191133,10,0.025,0.15,0.8909406289034965,0.930690742819298,0.9546632358716898,1.0,0.9540424718291839,0.9400088811894982,0.9383600331141382,0.9196618755530496,0.9385780342802301,0.917815502149229,0.9197479667673859,0.8978373196362885
0,4,2.278089839039427,0.18740272373540856,4112,2.2955245971679688,0.14963503649635038,822,2.2960935695261897,0.1532,0.9823807535301483,0.08524741260088659,,,0.9899999999508022,,0.9900232707827895,0.00997672921721049,0,0.1437502082368849,10,0.025,0.15,0.8623319985694697,0.928212847563396,0.955725229361836,0.9540424718291839,1.0,0.9750661891173071,0.9533516209467282,0.9432090702707906,0.952016570991208,0.9488385976045502,0.9478485569705243,0.9370525873906571
0,5,2.2807826411339542,0.18734893288763177,3889,2.2944275311061313,0.15424164524421594,778,2.296093563490276,0.1532,0.9781642190584865,0.0848815171448122,,,0.9719987727548012,,0.9720338003993992,0.02796619960060076,0,0.14375019272517503,10,0.025,0.15,0.8587693714333642,0.9175249687604945,0.9494215863112653,0.9400088811894982,0.9750661891173071,1.0,0.9512333942358039,0.9521517644134339,0.94776599407671,0.948751550806603,0.9474776283406402,0.927801311932791
0,6,2.2856374609059302,0.14543249797898142,3711,2.297809600830078,0.16576819407008087,742,2.2960937898370286,0.1532,0.968946643271279,0.08408164959499674,,,0.9326471020742853,,0.932688022973709,0.06731197702629099,0,0.1437496657015875,10,0.025,0.15,0.833350726742379,0.8882241024811611,0.9335742501110257,0.9383600331141382,0.9533516209467282,0.9512333942358039,1.0,0.9520864163139893,0.9653801114844518,0.9536121716494617,0.9445814355136893,0.9300958110780098
0,7,2.2889430965696063,0.15625701459034794,3564,2.298378109931946,0.15988779803646563,713,2.2960943089255803,0.1533,0.9568419104216157,0.08303124510371301,,,0.8809695816749779,,0.8810301860012213,0.1189698139987787,0,0.14374113971229646,10,0.025,0.15,0.8114292824782592,0.8678719578626554,0.9133095978593572,0.9196618755530496,0.9432090702707906,0.9521517644134339,0.9520864163139893,1.0,0.9570198785822218,0.9376718374859174,0.9446587879657817,0.9264306072131759
0,8,2.2860738189132124,0.14658529497239176,3441,2.2948922316233316,0.15988372093023256,688,2.2960938381243357,0.1532,0.9619462287559566,0.08347417919981599,,,0.9027609353647705,,0.902807347625885,0.09719265237411501,0,0.14374884178439118,10,0.025,0.15,0.8149140520238333,0.8735067371302495,0.9313828335150143,0.9385780342802301,0.952016570991208,0.94776599407671,0.9653801114844518,0.9570198785822218,1.0,0.930803786262094,0.931727499289717,0.9330801633122929
0,9,2.2862372230600427,0.13098380323935213,3334,2.294712940851847,0.16491754122938532,667,2.296094402482238,0.1532,0.9597829883557958,0.08328646110142619,,,0.8935256303566945,,0.893573302965787,0.10642669703421304,0,0.14374186002640255,10,0.025,0.15,0.8181149097578837,0.8856459499508301,0.9169698889597304,0.917815502149229,0.9488385976045502,0.948751550806603,0.9536121716494617,0.9376718374859174,0.930803786262094,1.0,0.9550414370607948,0.9402317979269196
0,10,2.2905263387239896,0.15260721999382906,3241,2.2967355251312256,0.15123456790123457,648,2.296094330051277,0.1533,0.9565316098731698,0.08300431835582164,,,0.8796448467038405,,0.8796768496971498,0.12032315030285023,0,0.14374103354832013,10,0.025,0.15,0.8138636362532113,0.8688942427273262,0.8987975649380847,0.9197479667673859,0.9478485569705243,0.9474776283406402,0.9445814355136893,0.9446587879657817,0.931727499289717,0.9550414370607948,1.0,0.9601071015783479
0,11,2.2907455739974973,0.15071225071225072,3159,2.295486307144165,0.15822784810126583,632,2.296095479892779,0.1531,0.9399131154183189,0.08156222612375437,,,0.8086971771548823,,0.8087339703916423,0.1912660296083577,0,0.14372547458830381,10,0.025,0.15,0.7804234201438759,0.8436330396059475,0.889490731423781,0.8978373196362885,0.9370525873906571,0.927801311932791,0.9300958110780098,0.9264306072131759,0.9330801633122929,0.9402317979269196,0.9601071015783479,1.0
1,0,2.0568421043731546,0.2576479181884587,6845,2.2858863960612905,0.18115412710007306,1369,2.2841729302949543,0.1823,0.910053489971824,0.07881016727599181,,,0.7,,0.7000132032810154,0.29998679671898465,0.9293164910289138,0.14588673812792607,10,0.025,0.15,1.0,0.9468478090566672,0.9182073723084927,0.9238276531080041,0.884539505974006,0.8795161606146049,0.8675661066101551,0.8571032562211391,0.8513304130795142,0.8475656332441814,0.8403514968170599,0.8178455135953785
1,1,2.079622757157614,0.25156991602774736,5478,2.286676459842258,0.1551094890510949,1096,2.28412522243548,0.182,0.9629403414991549,0.08282889480316916,,,0.8898398141090633,,0.8898681322308594,0.11013186776914063,0.9307832904984732,0.14602135744284073,10,0.025,0.15,0.9468478090566672,1.0,0.9605674521636367,0.9606393068538491,0.9486428220615917,0.9406116166569581,0.928896866271415,0.9232088105079687,0.9201904060338837,0.9169726481782839,0.908470706106793,0.892871254982107
1,2,2.134879839420319,0.22510373443983403,4820,2.284554749727249,0.17531120331950206,964,2.2841231702249263,0.182,0.9768685597358667,0.0841995417544605,,,0.9545875136439613,,0.9546302256110644,0.045369774388935635,0.931019599667045,0.14602729508426016,10,0.025,0.15,0.9182073723084927,0.9605674521636367,1.0,0.9644079736100462,0.9633360128217758,0.961154144908886,0.9561888656337637,0.9507653269100003,0.9433981257916456,0.9423766233648123,0.9314472618121353,0.9163630615629029
1,3,2.1262952681950162,0.22802995914661825,4406,2.2814122268131802,0.18955732122587968,881,2.2841231853147095,0.182,0.9826689740340516,0.08435373700668748,,,0.9618715103372707,,0.9619002822201317,0.038099717779868314,0.931020300151875,0.14602733725871228,10,0.025,0.15,0.9238276531080041,0.9606393068538491,0.9644079736100462,1.0,0.964307645399604,0.9610816855229131,0.9637208519897908,0.955929267661009,0.9542140893969915,0.9478243987692807,0.9497320349980807,0.9308771696721111
1,4,2.163968338027145,0.22541342412451362,4112,2.2828750950949535,0.18491484184914841,822,2.2841233452664147,0.182,0.9863908874218246,0.08494919026314059,,,0.9899999999527611,,0.9900232707827895,0.00997672921721049,0.9310165897081081,0.14602738526739953,10,0.025,0.15,0.884539505974006,0.9486428220615917,0.9633360128217758,0.964307645399604,1.0,0.9756724174825055,0.9656147071442297,0.9712467635606438,0.9685974275359698,0.9600213667062287,0.9634188896281202,0.9526834621201421
1,5,2.1665877399906037,0.23988171766520958,3889,2.2807583808898926,0.1928020565552699,778,2.284123321122761,0.182,0.9847802614024869,0.08467007909439556,,,0.9768151268724167,,0.9768695020712647,0.02313049792873534,0.9310164653478695,0.14602737609008598,10,0.025,0.15,0.8795161606146049,0.9406116166569581,0.961154144908886,0.9610816855229131,0.9756724174825055,1.0,0.9664362973322983,0.9711094357042848,0.9690506013961903,0.9606289718457043,0.9619994724351739,0.9518901656721516
1,6,2.181769210716774,0.2213150094314201,3711,2.286728580792745,0.19137466307277629,742,2.2841233090509343,0.182,0.985038011744106,0.08418309768198534,,,0.9538107156050876,,0.9538545328514135,0.04614546714858647,0.9310266910912693,0.14602728902108586,10,0.025,0.15,0.8675661066101551,0.928896866271415,0.9561888656337637,0.9637208519897908,0.9656147071442297,0.9664362973322983,1.0,0.9766172542505727,0.978335171759006,0.9698735925496834,0.9708790255719675,0.9581908515874559
1,7,2.1942433438130786,0.20973625140291807,3564,2.2865055004755654,0.18373071528751753,713,2.284124138989026,0.182,0.9842541783416953,0.08350699898470101,,,0.9218726331787861,,0.921910844844944,0.07808915515505599,0.9308624802310124,0.14602610168528685,10,0.025,0.15,0.8571032562211391,0.9232088105079687,0.9507653269100003,0.955929267661009,0.9712467635606438,0.9711094357042848,0.9766172542505727,1.0,0.9779452379143261,0.9689254953707416,0.977318010852708,0.9628645205768837
1,8,2.183593831238923,0.20587038651554782,3441,2.281391660372416,0.18023255813953487,688,2.284123290943194,0.182,0.9830716877085167,0.08374277707921839,,,0.9330105043908723,,0.933042861150996,0.066957138849004,0.9310163657442205,0.1460263599049192,10,0.025,0.15,0.8513304130795142,0.9201904060338837,0.9433981257916456,0.9542140893969915,0.9685974275359698,0.9690506013961903,0.978335171759006,0.9779452379143261,1.0,0.9674811965697495,0.9784837932712473,0.9701626242500326
1,9,2.1824075164618315,0.21547690461907618,3334,2.2822924852371216,0.18140929535232383,667,2.2841244468206092,0.182,0.9771895525507345,0.08343478096416657,,,0.9184611414812602,,0.9185192520341304,0.08148074796586957,0.930884662394027,0.1460260069653285,10,0.025,0.15,0.8475656332441814,0.9169726481782839,0.9423766233648123,0.9478243987692807,0.9600213667062287,0.9606289718457043,0.9698735925496834,0.9689254953707416,0.9674811965697495,1.0,0.9674286665753293,0.9615294961433443
1,10,2.2054178829376516,0.21573588398642393,3241,2.2846326430638633,0.19444444444444445,648,2.284124129935156,0.182,0.9782520066747055,0.0832946732555647,,,0.9118426232621591,,0.911884603323926,0.08811539667607404,0.9308578482567559,0.146025785859629,10,0.025,0.15,0.8403514968170599,0.908470706106793,0.9314472618121353,0.9497320349980807,0.9634188896281202,0.9619994724351739,0.9708790255719675,0.977318010852708,0.9784837932712473,0.9674286665753293,1.0,0.9735342991021834
1,11,2.209903196334839,0.20560303893637227,3159,2.28472900390625,0.19145569620253164,632,2.2841283822361427,0.182,0.966732992306961,0.08202606183651896,,,0.8519149585126577,,0.8519582116155865,0.1480417883844135,0.9305611706372093,0.14601496616583032,10,0.025,0.15,0.8178455135953785,0.892871254982107,0.9163630615629029,0.9308771696721111,0.9526834621201421,0.9518901656721516,0.9581908515874559,0.9628645205768837,0.9701626242500326,0.9615294961433443,0.9735342991021834,1.0
2,0,1.9822370937577,0.284981738495252,6845,2.269035491076383,0.19722425127830534,1369,2.26631925981256,0.2054,0.914566984156018,0.07867955453597798,,,0.7,,0.7000132032810154,0.29998679671898465,0.9729145408071309,0.14558173571057853,10,0.025,0.15,1.0,0.9454707191144185,0.9189529822264347,0.9237692445698883,0.888915474490824,0.8805289739135045,0.8731854883813334,0.862450199011781,0.8563919808711873,0.8534103067153804,0.8433889398489705,0.8219712127023852
2,1,2.001505694832913,0.28028477546549835,5478,2.2694062921735974,0.177007299270073,1096,2.266209104393102,0.2059,0.9595836381394288,0.08263879589167654,,,0.8902049349759675,,0.8902394745094155,0.10976052549058446,0.9737890401340711,0.14573779351761007,10,0.025,0.15,0.9454707191144185,1.0,0.9554680276318307,0.9543188116766075,0.9375398573999176,0.9293600484815591,0.9254620912887193,0.9210358494917338,0.9169305463320323,0.9138996029078877,0.9008312354775381,0.8879122303550715
2,2,2.0536882726769696,0.25854771784232367,4820,2.266511410474777,0.18983402489626555,964,2.266203738466094,0.2061,0.975156557326457,0.08399630848040959,,,0.9554208615820561,,0.9554636827251572,0.04453631727484275,0.9739195024209701,0.14574245118388596,10,0.025,0.15,0.9189529822264347,0.9554680276318307,1.0,0.9576701584489656,0.9563009087903707,0.9527064266525578,0.9516301472861188,0.9466512610546486,0.9392191286727515,0.9416496575558145,0.9279866664947268,0.9186449637762172
2,3,2.036484824248723,0.26591012256014523,4406,2.2621754578181674,0.23609534619750283,881,2.2662034819397747,0.2061,0.9791188125126926,0.08422112841850102,,,0.9662213806371607,,0.9662573649551913,0.03374263504480868,0.9739246884320202,0.14574262311440372,10,0.025,0.15,0.9237692445698883,0.9543188116766075,0.9576701584489656,1.0,0.9560750411183291,0.9550448057146675,0.9574132364297946,0.9497655729990163,0.9477891260897716,0.9415844355644034,0.9416268268427072,0.9282126034390968
2,4,2.0819531682765846,0.2525535019455253,4112,2.2641590663364957,0.2116788321167883,822,2.266203536262995,0.2061,0.9829786761665547,0.08471609608579345,,,0.9899999999519593,,0.9900232707827895,0.00997672921721049,0.9739299532303417,0.14574275350392904,10,0.025,0.15,0.888915474490824,0.9375398573999176,0.9563009087903707,0.9560750411183291,1.0,0.9693930129301874,0.9635516973881836,0.9605389059800967,0.962588904717261,0.9543636787544213,0.9539236708419866,0.9527770700900652
2,5,2.0751504394315905,0.2693494471586526,3889,2.260653189250401,0.21979434447300772,778,2.2662034698679476,0.2061,0.9815633004128401,0.08449693506975414,,,0.979471339771891,,0.9795184103249658,0.020481589675034217,0.9739283535961379,0.1457427311172921,10,0.025,0.15,0.8805289739135045,0.9293600484815591,0.9527064266525578,0.9550448057146675,0.9693930129301874,1.0,0.962599917961873,0.961796977002783,0.9641441542125158,0.9589214450597697,0.9553335746292662,0.9492229920250318
2,6,2.0915448838266832,0.2604688763136621,3711,2.270103096961975,0.20350404312668463,742,2.266203409508814,0.2061,0.983514558133063,0.08425875947628354,,,0.9680292049791397,,0.968064564044165,0.031935435955835034,0.9739240896983886,0.14574264290381544,10,0.025,0.15,0.8731854883813334,0.9254620912887193,0.9516301472861188,0.9574132364297946,0.9635516973881836,0.962599917961873,1.0,0.9703036180627164,0.972576617789917,0.9616959872690162,0.9643000954986551,0.9590719136702718
2,7,2.097996248943465,0.2468294051627385,3564,2.2690635522206626,0.19635343618513323,713,2.2662053621267972,0.2061,0.9813285841280531,0.0837684117410483,,,0.9444725306779395,,0.9445297156343352,0.05547028436566481,0.9738950938787211,0.1457421789033248,10,0.025,0.15,0.862450199011781,0.9210358494917338,0.9466512610546486,0.9497655729990163,0.9605389059800967,0.961796977002783,0.9703036180627164,1.0,0.9686454600413729,0.9621195337153394,0.9702552957641405,0.9626670518408474
2,8,2.0917201064251087,0.24736995059575706,3441,2.261673370997111,0.2180232558139535,688,2.2662038290047946,0.2061,0.9805665882310299,0.08388968816190193,,,0.9502987412244075,,0.950347411331716,0.04965258866828404,0.9739041509200247,0.14574234374633255,10,0.025,0.15,0.8563919808711873,0.9169305463320323,0.9392191286727515,0.9477891260897716,0.962588904717261,0.9641441542125158,0.972576617789917,0.9686454600413729,1.0,0.9619104007422942,0.9692529190942251,0.9675306301253294
2,9,2.0883787596667256,0.2555788842231554,3334,2.263707002003988,0.20539730134932535,667,2.266206816781925,0.2061,0.9752327400277022,0.08352480164353779,,,0.9327693182203853,,0.9328035516825931,0.0671964483174069,0.9738791685639117,0.14574152077908428,10,0.025,0.15,0.8534103067153804,0.9138996029078877,0.9416496575558145,0.9415844355644034,0.9543636787544213,0.9589214450597697,0.9616959872690162,0.9621195337153394,0.9619104007422942,1.0,0.9592451895632709,0.9561865695629091
2,10,2.110415823643024,0.24646713977167542,3241,2.26611336072286,0.22067901234567902,648,2.2662063127831567,0.2061,0.9744397648857733,0.08341209681322594,,,0.9273548933356561,,0.9273902064663069,0.07260979353369312,0.9738712833302312,0.1457412406080068,10,0.025,0.15,0.8433889398489705,0.9008312354775381,0.9279866664947268,0.9416268268427072,0.9539236708419866,0.9553335746292662,0.9643000954986551,0.9702552957641405,0.9692529190942251,0.9592451895632709,1.0,0.9693771620057812
2,11,2.1173736953735354,0.24257676479898702,3159,2.2683080196380616,0.2199367088607595,632,2.266215807274927,0.206,0.967438081556181,0.08239742368188992,,,0.8786092323291987,,0.878661847469096,0.12133815253090396,0.9737606422590499,0.1457360246912354,10,0.025,0.15,0.8219712127023852,0.8879122303550715,0.9186449637762172,0.9282126034390968,0.9527770700900652,0.9492229920250318,0.9590719136702718,0.9626670518408474,0.9675306301253294,0.9561865695629091,0.9693771620057812,1.0
3,0,1.927376397450765,0.3037837837837838,6845,2.246217445893721,0.21840759678597516,1369,2.2421770337261733,0.2267,0.9177595809870847,0.07879739046167343,,,0.7,,0.7000132032810154,0.29998679671898465,0.9845448140156677,0.14510233583360352,10,0.025,0.15,1.0,0.9426535430585761,0.9185604745522749,0.9200763742275361,0.8924767813537902,0.8781833700526037,0.8770066216235781,0.8663281337121524,0.8587185478828568,0.8536362843812867,0.8417593048734376,0.8230659160967789
3,1,1.9463894345039545,0.3001277838627236,5478,2.245800362692939,0.19343065693430658,1096,2.241928604584706,0.2271,0.9590799676569647,0.08260376026931056,,,0.8918830309711463,,0.8919311448895051,0.10806885511049491,0.9856143786582925,0.14527275528594413,10,0.025,0.15,0.9426535430585761,1.0,0.9502004163900744,0.9481425353348474,0.9327251114214805,0.9204256435991787,0.923686588100432,0.9184978403639059,0.9153898649704634,0.9141388777968062,0.8962763386774224,0.8853725584711977
3,2,1.9961109562924033,0.2817219917012448,4820,2.2418175637722015,0.21991701244813278,964,2.241918099077442,0.2276,0.9720780997604137,0.08387066291906833,,,0.9557489012534155,,0.9557772606492714,0.044222739350728624,0.9856619734215953,0.1452780814963662,10,0.025,0.15,0.9185604745522749,0.9502004163900744,1.0,0.9509620807776206,0.9496768672842195,0.9412108632522297,0.9457946642119838,0.9405115920801341,0.9340214324075296,0.9337776151325027,0.9190982207378989,0.9117493696068163
3,3,1.974000459398542,0.2867680435769405,4406,2.2360433510371616,0.2576617480136209,881,2.241916994505291,0.2276,0.9762842971643537,0.08414754551566624,,,0.9697068387485501,,0.9697479823736198,0.03025201762638019,0.9856627110571958,0.14527831469632219,10,0.025,0.15,0.9200763742275361,0.9481425353348474,0.9509620807776206,1.0,0.9491271793149447,0.9450544010303922,0.9524664549565555,0.9465926118278426,0.9412261733904126,0.9342043506836335,0.9361244237483731,0.920288134171652
3,4,2.0254070090525076,0.26986867704280154,4112,2.238797630582537,0.24087591240875914,822,2.2419172208520433,0.2276,0.9792055777724219,0.0845500994867298,,,0.989999999949589,,0.9900232707827895,0.00997672921721049,0.9856604008214368,0.1452784158553944,10,0.025,0.15,0.8924767813537902,0.9327251114214805,0.9496768672842195,0.9491271793149447,1.0,0.9568699984906794,0.9574152777296263,0.953192943214074,0.9542780271701183,0.9441585987305307,0.9423381990552765,0.9438907109511372
3,5,2.013974739274671,0.28966315248135766,3889,2.2342892374311174,0.24293059125964012,778,2.241917133331299,0.2276,0.9749059990806965,0.08427367864213645,,,0.9760653398496281,,0.9761020613622485,0.02389793863775147,0.9856620197862634,0.14527836899655988,10,0.025,0.15,0.8781833700526037,0.9204256435991787,0.9412108632522297,0.9450544010303922,0.9568699984906794,1.0,0.9524840785164381,0.9505435121641437,0.9543797477829499,0.9454264317955959,0.9441495224576121,0.9367578664073852
3,6,2.026859497201854,0.2838857450821881,3711,2.2472275495529175,0.21428571428571427,742,2.241916982433464,0.2276,0.9812758687990082,0.08433392076168755,,,0.9791022072786413,,0.9791388159957749,0.020861184004225097,0.9856644529305881,0.14527838200154855,10,0.025,0.15,0.8770066216235781,0.923686588100432,0.9457946642119838,0.9524664549565555,0.9574152777296263,0.9524840785164381,1.0,0.9629264644336236,0.9676375269340914,0.9531141165020118,0.9557132224984679,0.9512263189215006
3,7,2.0305025956460407,0.2700056116722783,3564,2.2452905575434365,0.20757363253856942,713,2.2419202267369136,0.2275,0.9774838252245066,0.08390579467024155,,,0.9575199290933576,,0.9575597035863412,0.04244029641365876,0.9856616652348259,0.14527813576903778,10,0.025,0.15,0.8663281337121524,0.9184978403639059,0.9405115920801341,0.9465926118278426,0.953192943214074,0.9505435121641437,0.9629264644336236,1.0,0.9570114187688464,0.9516401063575457,0.9569459993329185,0.9510601648943793
3,8,2.028595259896031,0.2724789305434467,3441,2.235445578893026,0.24563953488372092,688,2.241917930071867,0.2276,0.9771789375902331,0.08397109353886155,,,0.9608117124625544,,0.9608440197389051,0.0391559802610949,0.9856631810443204,0.14527818777677384,10,0.025,0.15,0.8587185478828568,0.9153898649704634,0.9340214324075296,0.9412261733904126,0.9542780271701183,0.9543797477829499,0.9676375269340914,0.9570114187688464,1.0,0.9534469068279424,0.9577941898584117,0.9573405383925174
3,9,2.0296083984551605,0.2771745650869826,3334,2.2391507228215537,0.2368815592203898,667,2.241922641102272,0.2275,0.9712905906721251,0.0835523558303264,,,0.9397027123505776,,0.9397517783169117,0.0602482216830883,0.9856569743607564,0.14527752812937694,10,0.025,0.15,0.8536362843812867,0.9141388777968062,0.9337776151325027,0.9342043506836335,0.9441585987305307,0.9454264317955959,0.9531141165020118,0.9516401063575457,0.9534469068279424,1.0,0.9507429775423251,0.9489026209618331
3,10,2.045523932805428,0.26726319037334156,3241,2.2407555182774863,0.2515432098765432,648,2.2419213252731516,0.2275,0.9691202656210417,0.08341153595978539,,,0.9326038373211047,,0.9326385106699014,0.06736148933009856,0.9856623315462552,0.14527711972959875,10,0.025,0.15,0.8417593048734376,0.8962763386774224,0.9190982207378989,0.9361244237483731,0.9423381990552765,0.9441495224576121,0.9557132224984679,0.9569459993329185,0.9577941898584117,0.9507429775423251,1.0,0.9564200535764474
3,11,2.051406063556671,0.26707818930041155,3159,2.245935344696045,0.2231012658227848,632,2.241940015478979,0.2272,0.9630047277122299,0.0825821619445128,,,0.890794237124112,,0.8908336221551055,0.10916637784489447,0.9855794956901609,0.14527250314420578,10,0.025,0.15,0.8230659160967789,0.8853725584711977,0.9117493696068163,0.920288134171652,0.9438907109511372,0.9367578664073852,0.9512263189215006,0.9510601648943793,0.9573405383925174,0.9489026209618331,0.9564200535764474,1.0
4,0,1.8833530019830775,0.3189335281227173,6845,2.218189759687944,0.23739956172388604,1369,2.2126445559006704,0.2504,0.9254948158763127,0.07918825019140173,,,0.7,,0.7000132032810154,0.29998679671898465,0.9879309112693843,0.14474629202223466,10,0.025,0.15,1.0,0.9413536392994438,0.9210796035511919,0.9221091159523375,0.8970303505072725,0.8851515464708087,0.8831650410926806,0.8746519178038324,0.8636755610800462,0.862219292506751,0.8508405130972193,0.8369841954883988
4,1,1.8972286723380865,0.31785323110624314,5478,2.2169287734561496,0.22536496350364962,1096,2.212214503107192,0.2523,0.9585532179025094,0.08263275474351196,,,0.8927197244567663,,0.8927563499529633,0.10724365004703673,0.9885702755206554,0.14494791807136953,10,0.025,0.15,0.9413536392994438,1.0,0.9462360946230102,0.9413830913577548,0.9289060757764778,0.9185903376743646,0.9213807125050087,0.9161932895742246,0.9111046548048304,0.9093944961927547,0.8949981793933625,0.8873867840579956
4,2,1.948308294384103,0.30026970954356846,4820,2.2115640938282013,0.24688796680497926,964,2.212196642839456,0.2523,0.9685681616277557,0.08374691628343131,,,0.9550569638841426,,0.9551005924972356,0.044899407502764443,0.9885963311466544,0.1449540405673897,10,0.025,0.15,0.9210796035511919,0.9462360946230102,1.0,0.9459437122220705,0.9415720733143265,0.9361137761059627,0.9391177661834406,0.9325059629288323,0.9243872130996118,0.9247317034019016,0.913528473972226,0.9051756309017153
4,3,1.9255925399916514,0.3082160689968225,4406,2.204150881086077,0.282633371169126,881,2.212193667134152,0.2523,0.9732930438758536,0.08407331416645851,,,0.9733188965158579,,0.9733541285009325,0.026645871499067497,0.9886027187509379,0.1449543559792843,10,0.025,0.15,0.9221091159523375,0.9413830913577548,0.9459437122220705,1.0,0.9424299741258182,0.9385558600064848,0.9448520258162861,0.9411575970927532,0.9327141883285655,0.9303807440303176,0.9284544466400898,0.9168811687371234
4,4,1.9763636538476654,0.2890807392996109,4112,2.207853078842163,0.25790754257907544,822,2.2121938723552077,0.2523,0.9747657702789292,0.08437145768474441,,,0.9899999999440501,,0.9900232707827895,0.00997672921721049,0.9886025934727762,0.14495441441546567,10,0.025,0.15,0.8970303505072725,0.9289060757764778,0.9415720733143265,0.9424299741258182,1.0,0.9484156843704793,0.9469428997807593,0.9433389997798864,0.9442843748766847,0.9382854422024439,0.935091304348521,0.9338044315958005
4,5,1.9639947010624794,0.3062741064541013,3889,2.20227473122733,0.27249357326478146,778,2.21219376974468,0.2523,0.9726109516171056,0.08412935343938611,,,0.976454288870253,,0.9764981597927085,0.023501840207291513,0.9886005740595035,0.14495437618292728,10,0.025,0.15,0.8851515464708087,0.9185903376743646,0.9361137761059627,0.9385558600064848,0.9484156843704793,1.0,0.9458672941979052,0.9447080787933797,0.9460916221025064,0.945299740297277,0.9376667430182382,0.928077351245727
4,6,1.9735973140289043,0.30107787658313123,3711,2.218809644381205,0.2358490566037736,742,2.2121933351589154,0.2523,0.9775212789074659,0.08432726897064086,,,0.9875276453057267,,0.9875641596936838,0.01243584030631617,0.9886005521503811,0.14495441275422496,10,0.025,0.15,0.8831650410926806,0.9213807125050087,0.9391177661834406,0.9448520258162861,0.9469428997807593,0.9458672941979052,1.0,0.9553016926547467,0.9594406754569791,0.9439810548442046,0.9464335879675977,0.9447858786516956
4,7,1.9783833865608489,0.2890291806958474,3564,2.216363032658895,0.23281907433380084,713,2.2121985833856126,0.2527,0.9743637000991069,0.0839581717158295,,,0.9668766866064809,,0.9669340331072271,0.03306596689277286,0.9885993607991291,0.14495429089787806,10,0.025,0.15,0.8746519178038324,0.9161932895742246,0.9325059629288323,0.9411575970927532,0.9433389997798864,0.9447080787933797,0.9553016926547467,1.0,0.9462499664378832,0.9486184283273346,0.9489621628173862,0.9428987839297693
4,8,1.9787117516552961,0.2893054344667248,3441,2.203697681427002,0.25290697674418605,688,2.2121958521348013,0.2523,0.9722878419617598,0.08393087245928472,,,0.9653492956219163,,0.9653826475879256,0.03461735241207442,0.9885983467929866,0.14495426965778477,10,0.025,0.15,0.8636755610800462,0.9111046548048304,0.9243872130996118,0.9327141883285655,0.9442843748766847,0.9460916221025064,0.9594406754569791,0.9462499664378832,1.0,0.9446537271104696,0.9469930893964568,0.9503706530617609
4,9,1.9704144539656463,0.29982003599280144,3334,2.209419012069702,0.2698650674662669,667,2.2122027904172485,0.2526,0.9694698769190558,0.08357870668166138,,,0.9456456515709616,,0.9456932547738113,0.054306745226188724,0.9885968330629309,0.14495361802535744,10,0.025,0.15,0.862219292506751,0.9093944961927547,0.9247317034019016,0.9303807440303176,0.9382854422024439,0.945299740297277,0.9439810548442046,0.9486184283273346,0.9446537271104696,1.0,0.9451394833655982,0.9450072161577867
4,10,1.9928940607951238,0.2833693304535637,3241,2.210052768389384,0.2839506172839506,648,2.212200463572635,0.2526,0.965730910372759,0.0833690364770739,,,0.9339146222041582,,0.9339505867208001,0.06604941327919989,0.9885936876296034,0.1449527936337135,10,0.025,0.15,0.8508405130972193,0.8949981793933625,0.913528473972226,0.9284544466400898,0.935091304348521,0.9376667430182382,0.9464335879675977,0.9489621628173862,0.9469930893964568,0.9451394833655982,1.0,0.9457732931297849
4,11,1.9986972913742065,0.2836973725862615,3159,2.2183813571929933,0.24525316455696203,632,2.2122323090517066,0.2524,0.9608341470213451,0.08269389718657566,,,0.8961406387280597,,0.8961809509663151,0.10381904903368488,0.988568779606653,0.1449484835878736,10,0.025,0.15,0.8369841954883988,0.8873867840579956,0.9051756309017153,0.9168811687371234,0.9338044315958005,0.928077351245727,0.9447858786516956,0.9428987839297693,0.9503706530617609,0.9450072161577867,0.9457732931297849,1.0
5,0,1.8411550550549118,0.3319649379108839,6845,2.1853629025545986,0.26077428780131484,1369,2.178204427791547,0.2747,0.9313003026044828,0.07967271395270403,,,0.7,,0.7000132032810154,0.29998679671898465,0.9896691136858089,0.14444698152231672,10,0.025,0.15,1.0,0.9386260832584069,0.9213507150891063,0.9199726972775546,0.9032893973639313,0.8947136333986654,0.8903455184860674,0.8768043251436267,0.8705336411019146,0.8631693452225337,0.8588689755168961,0.8480698938330359
5,1,1.8579023807547814,0.3298284045271997,5478,2.183159907658895,0.26003649635036497,1096,2.1775155399419086,0.2772,0.9589134416101661,0.0827164805493111,,,0.8904088443548788,,0.8904457757752802,0.10955422422471983,0.9910646857201993,0.144687835665219,10,0.025,0.15,0.9386260832584069,1.0,0.9426086470981175,0.9374986284693928,0.928472450151338,0.9210745230921288,0.9209064259445406,0.9125203920035821,0.9114284187491911,0.9049889276032735,0.8936070077246943,0.8895464782313952
5,2,1.9064062927898608,0.3167219917012448,4820,2.1761511862277985,0.27282157676348545,964,2.177492570273484,0.2774,0.9671983233217987,0.08367986094833625,,,0.9506750121540126,,0.9507105015596375,0.049289498440362456,0.9911263276243977,0.1446956963830095,10,0.025,0.15,0.9213507150891063,0.9426086470981175,1.0,0.9406183688407099,0.9396087700938617,0.9343888096012706,0.934852255843862,0.9278344894661282,0.9218348866884083,0.9181510266600009,0.9095252704561525,0.9041992388522138
5,3,1.8781697160857065,0.32362687244666366,4406,2.1670890876225064,0.3076049943246311,881,2.177489814879019,0.2774,0.9729481419902918,0.08407076686611638,,,0.975128905609236,,0.9751778316911752,0.024822168308824777,0.9911362682064642,0.14469657794046023,10,0.025,0.15,0.9199726972775546,0.9374986284693928,0.9406183688407099,1.0,0.939979117947936,0.938441626296331,0.9451069303931696,0.9376473203311682,0.9319883226019722,0.9252135537023762,0.9276238658695675,0.9168529014174381
5,4,1.93583860577959,0.30274805447470815,4112,2.171703713280814,0.2773722627737226,822,2.1774905422065833,0.2774,0.9723723813553702,0.08423721687159817,,,0.9855415151772564,,0.9855671634401149,0.014432836559885143,0.9911376092410117,0.14469671159253686,10,0.025,0.15,0.9032893973639313,0.928472450151338,0.9396087700938617,0.939979117947936,1.0,0.9436139828047497,0.9444276792637339,0.9348698984669309,0.9388268046419325,0.9275328237297742,0.9238165452182225,0.928742068755607
5,5,1.9209877690961283,0.3213936744664438,3889,2.16544052532741,0.30077120822622105,778,2.177490104602862,0.2774,0.9712268607030643,0.08404929290329223,,,0.9737855593586977,,0.9738162433364691,0.0261837566635309,0.991138307278704,0.14469654961460712,10,0.025,0.15,0.8947136333986654,0.9210745230921288,0.9343888096012706,0.938441626296331,0.9436139828047497,1.0,0.9411056162547864,0.9382742834216703,0.941621886299747,0.9342294000508683,0.9308338759806127,0.9212501031519988
5,6,1.9325589196435335,0.3188358932902183,3711,2.1854049364725747,0.2574123989218329,742,2.1774895583526996,0.2774,0.9753909671206815,0.08430848765227286,,,0.9899999999374429,,0.9900232707827895,0.00997672921721049,0.9911382245041921,0.14469674401442786,10,0.025,0.15,0.8903455184860674,0.9209064259445406,0.934852255843862,0.9451069303931696,0.9444276792637339,0.9411056162547864,1.0,0.9469407772117289,0.9537887150729214,0.9314828364118173,0.9403537468807422,0.9379899093968962
5,7,1.9316562690905161,0.30280583613916945,3564,2.1825507084528604,0.2608695652173913,713,2.177496517760844,0.2775,0.9702684533779286,0.08391156401044501,,,0.965169655842788,,0.9652093545245993,0.03479064547540067,0.9911375240463678,0.14469634605927584,10,0.025,0.15,0.8768043251436267,0.9125203920035821,0.9278344894661282,0.9376473203311682,0.9348698984669309,0.9382742834216703,0.9469407772117289,1.0,0.9383866748394407,0.9355170297153766,0.9416519337963752,0.9373879134814379
5,8,1.9367594211189836,0.303487358326068,3441,2.167136867841085,0.2819767441860465,688,2.1774924857706965,0.2774,0.9701416302427478,0.08389045068925396,,,0.9638488702434709,,0.9638807743724316,0.03611922562756842,0.9911375101171348,0.14469629452541713,10,0.025,0.15,0.8705336411019146,0.9114284187491911,0.9218348866884083,0.9319883226019722,0.9388268046419325,0.941621886299747,0.9537887150729214,0.9383866748394407,1.0,0.935770519431437,0.9389295460897845,0.9429165667442554
5,9,1.9243595719337463,0.3119076184763047,3334,2.1750076611836753,0.29685157421289354,667,2.177502514440802,0.2775,0.9627299110311132,0.08342917377718928,,,0.9349927799467542,,0.9350233533032959,0.06497664669670411,0.9911212579251971,0.144694547677899,10,0.025,0.15,0.8631693452225337,0.9049889276032735,0.9181510266600009,0.9252135537023762,0.9275328237297742,0.9342294000508683,0.9314828364118173,0.9355170297153766,0.935770519431437,1.0,0.9316531425905356,0.9328756067690545
5,10,1.9456909619844878,0.2991360691144708,3241,2.174700220425924,0.30401234567901236,648,2.177498615240749,0.2775,0.9621306308121982,0.08327927246300797,,,0.9256154065199093,,0.9256572758330445,0.07434272416695553,0.991105784902703,0.14469365995644334,10,0.025,0.15,0.8588689755168961,0.8936070077246943,0.9095252704561525,0.9276238658695675,0.9238165452182225,0.9308338759806127,0.9403537468807422,0.9416519337963752,0.9389295460897845,0.9316531425905356,1.0,0.9365998175237618
5,11,1.9543672790527344,0.29708768597657487,3159,2.1859869003295898,0.2610759493670886,632,2.1775434168079233,0.277,0.9589208297409739,0.08275471931647259,,,0.8928009461253922,,0.8928306184086745,0.1071693815913255,0.99107145146375,0.14468831581632194,10,0.025,0.15,0.8480698938330359,0.8895464782313952,0.9041992388522138,0.9168529014174381,0.928742068755607,0.9212501031519988,0.9379899093968962,0.9373879134814379,0.9429165667442554,0.9328756067690545,0.9365998175237618,1.0
6,0,1.8042032014440608,0.3454492330168006,6845,2.148912559856068,0.28634039444850257,1369,2.1399725328517865,0.3039,0.9345258383885321,0.08012585023954283,,,0.7,,0.7000132032810154,0.29998679671898465,0.9914555037932402,0.14420085047338002,10,0.025,0.15,1.0,0.9332891258210068,0.9194746079605597,0.9185776765138686,0.9060960499065005,0.8957878487316366,0.892955019557046,0.8817418745719166,0.8768761049746258,0.8637919753151282,0.8631197827464719,0.8535172582493706
6,1,1.8203999727271325,0.34198612632347575,5478,2.145565774705675,0.28193430656934304,1096,2.1389440735684166,0.3064,0.9568249260198685,0.08274828919065991,,,0.8839922515218992,,0.884042184482844,0.115957815517156,0.9925131556119903,0.14445493069002344,10,0.025,0.15,0.9332891258210068,1.0,0.9378332792770545,0.9305557603083433,0.9248683060931626,0.9182402026395755,0.9165840460128319,0.9092286639739119,0.9109262559713316,0.9006779508527855,0.8896118388192459,0.8876354494511668
6,2,1.8691151967174129,0.32943983402489624,4820,2.1367209255695343,0.31431535269709543,964,2.1389237144325355,0.3063,0.9662416581081116,0.08365551410033682,,,0.9476438204924957,,0.9476902510273804,0.05230974897261964,0.9925702610284883,0.14446822973727344,10,0.025,0.15,0.9194746079605597,0.9378332792770545,1.0,0.9362458913408399,0.9387384084011791,0.9300045745119604,0.9317062091653001,0.9250957436381431,0.9201244815423903,0.9165445971477276,0.9071159563986256,0.9035287575120918
6,3,1.839995494229453,0.33558783477076715,4406,2.1261045592171803,0.33938706015891035,881,2.1389202105848093,0.3063,0.9705992644138666,0.08404119631507914,,,0.974703569216928,,0.9747404730075424,0.025259526992457593,0.9925695250206124,0.14446897370296446,10,0.025,0.15,0.9185776765138686,0.9305557603083433,0.9362458913408399,1.0,0.9392869073597456,0.9359111211206875,0.9387858194407726,0.9328318160089721,0.9270730981785835,0.9217583202371225,0.923630274349331,0.9115473553313442
6,4,1.8983152794115472,0.31622081712062255,4112,2.131625311715262,0.30900243309002434,822,2.138920521434349,0.3063,0.9718587088845398,0.08418591510102802,,,0.9848571460057823,,0.9848987473387136,0.015101252661286368,0.9925719145837101,0.1444690327570658,10,0.025,0.15,0.9060960499065005,0.9248683060931626,0.9387384084011791,0.9392869073597456,1.0,0.937469449250688,0.9433887985623319,0.9330855987417104,0.9348734584783841,0.9247820835441107,0.9230564183128578,0.9243565277384846
6,5,1.8809446442511775,0.33134481871946514,3889,2.124659776687622,0.33676092544987146,778,2.1389203041414673,0.3063,0.9690552196420924,0.08397731149776412,,,0.9702213633029071,,0.970259609512964,0.029740390487036028,0.9925696401298651,0.14446893233610963,10,0.025,0.15,0.8957878487316366,0.9182402026395755,0.9300045745119604,0.9359111211206875,0.937469449250688,1.0,0.9358062339561667,0.934618034861842,0.9363016163917759,0.9311415209977847,0.9269321006885869,0.9150926659785092
6,6,1.8924573988750064,0.3287793047696039,3711,2.1479905049006143,0.2816711590296496,742,2.138918876647949,0.3063,0.9727443336052707,0.08425921612505917,,,0.9899999999298392,,0.9900232707827895,0.00997672921721049,0.9925717486714202,0.1444690448117071,10,0.025,0.15,0.892955019557046,0.9165840460128319,0.9317062091653001,0.9387858194407726,0.9433887985623319,0.9358062339561667,1.0,0.9401544954165809,0.9470275163653942,0.9284312779102166,0.9330580154103563,0.931623624769021
6,7,1.889290006671633,0.31722783389450054,3564,2.1452465057373047,0.28751753155680226,713,2.1389288902282715,0.3062,0.9683538340273508,0.08386871550751196,,,0.9626021885098259,,0.9626429667772441,0.03735703322275585,0.9925664454222624,0.14446878017101633,10,0.025,0.15,0.8817418745719166,0.9092286639739119,0.9250957436381431,0.9328318160089721,0.9330855987417104,0.934618034861842,0.9401544954165809,1.0,0.9305364904116742,0.93425719758262,0.9347856506135032,0.9324930721696533
6,8,1.8968525175695066,0.319180470793374,3441,2.126801609992981,0.3081395348837209,688,2.138923678217055,0.3063,0.9674750808364933,0.08382682796518519,,,0.9596633276375305,,0.9597052367513327,0.04029476324866732,0.9925654081387846,0.14446869130946166,10,0.025,0.15,0.8768761049746258,0.9109262559713316,0.9201244815423903,0.9270730981785835,0.9348734584783841,0.9363016163917759,0.9470275163653942,0.9305364904116742,1.0,0.9268175942127154,0.9318858517892049,0.9360349998082362
6,9,1.8914044238902905,0.3242651469706059,3334,2.1366051038106284,0.3193403298350825,667,2.1389212879953505,0.3062,0.9612878606777533,0.0833375102574265,,,0.9253324362657007,,0.9253767061114687,0.07462329388853128,0.9925734470045473,0.14446300758562175,10,0.025,0.15,0.8637919753151282,0.9006779508527855,0.9165445971477276,0.9217583202371225,0.9247820835441107,0.9311415209977847,0.9284312779102166,0.93425719758262,0.9268175942127154,1.0,0.929421777465881,0.9294589464352868
