round,client_id,client_i_training_loss,client_i_training_accuracy,client_i_training_dataset_size,client_i_evaluation_loss,client_i_evaluation_accuracy,client_i_evaluation_dataset_size,client_i_central_evaluation_loss,client_i_central_evaluation_accuracy,client_i_cosine_similarity,client_i_importance_coefficient,client_i_tanh_val,tanh_normalization_value,client_i_q,client_i_mask_order,client_i_v_nonzero_fraction,client_i_v_sparsity,client_i_v_cosine_similarity,client_i_reward_gradient_norm,local_epochs,learning_rate,gamma,client_0_cosine_similarity,client_1_cosine_similarity,client_2_cosine_similarity,client_3_cosine_similarity,client_4_cosine_similarity,client_5_cosine_similarity,client_6_cosine_similarity,client_7_cosine_similarity,client_8_cosine_similarity,client_9_cosine_similarity,client_10_cosine_similarity,client_11_cosine_similarity
0,0,0.2748897134927953,0.9148770392013635,8214,2.1822723898776744,0.4426588750913075,1369,2.1824880529897284,0.446,0.8031986562088289,0.0862325541280378,,,0.9899999999752446,,0.9900005019828322,0.009999498017167818,0,0.3896878043862209,5,0.1,0.5,1.0,0.577221236269925,0.5595349919853398,0.5579401904170794,0.5782851202324228,0.5894680272676751,0.5788390258313102,0.585035444226349,0.4556779606530352,0.5718722699935916,0.5938194888901004,0.580787836446467
0,1,0.2996938669149881,0.9064800730149072,6574,2.175583519254412,0.4762773722627737,1096,2.182487829805563,0.446,0.7965134299385972,0.08551481869390873,,,0.9722321545926227,,0.9722503890366949,0.027749610963305082,0,0.38968737209196247,5,0.1,0.5,0.577221236269925,1.0,0.5780709448478238,0.5669451516768753,0.5893550500404179,0.6001100138454452,0.5857275126702292,0.5861673027287474,0.4449522839808292,0.5913901503710748,0.6048196092780758,0.5833044187151558
0,2,0.3250985440895867,0.9014698253501643,5783,2.1850297758656163,0.4470954356846473,964,2.1824921937034536,0.4458,0.7842185536643685,0.08419482322875285,,,0.9395551064556433,,0.9395713066613122,0.06042869333868783,0,0.38968340653697403,5,0.1,0.5,0.5595349919853398,0.5780709448478238,1.0,0.57670504705497,0.5878077035806707,0.5905163384097958,0.5707489428830859,0.5793687130996225,0.4547743947738366,0.5963355499311115,0.5916347710436463,0.5810889741571394
0,3,0.33485424815486353,0.8955929638736524,5287,2.18708963905062,0.43813847900113506,881,2.182505350143384,0.4459,0.7788032034816845,0.08361342350386441,,,0.9251623094358729,,0.9251844786908288,0.07481552130917124,0,0.38967959062306456,5,0.1,0.5,0.5579401904170794,0.5669451516768753,0.57670504705497,1.0,0.5869704462455163,0.5873737500469213,0.5723959910072213,0.6019063221297057,0.4496664258541961,0.5806205054759827,0.6041344242584383,0.5793442082301077
0,4,0.32980201054124103,0.8956433637284701,4935,2.178793953015254,0.4416058394160584,822,2.1824923399538276,0.4459,0.7876250135971878,0.08456054562914674,,,0.9486087197428915,,0.9486220571256463,0.05137794287435371,0,0.38968504856532427,5,0.1,0.5,0.5782851202324228,0.5893550500404179,0.5878077035806707,0.5869704462455163,1.0,0.5815438127231272,0.6051678037426518,0.5851150999266199,0.46613960514394454,0.5860864708055247,0.6058785541577688,0.5887600939365744
0,5,0.3493155790735291,0.8905078208699378,4667,2.1800080013275145,0.4524421593830334,778,2.1824886638897296,0.4461,0.7951652613285525,0.08537007738770667,,,0.9686490221084401,,0.968661211786557,0.03133878821344305,0,0.38968716628125033,5,0.1,0.5,0.5894680272676751,0.6001100138454452,0.5905163384097958,0.5873737500469213,0.5815438127231272,1.0,0.5956166359441593,0.6100619519478588,0.4618128166722865,0.6151551788530716,0.6218202589937405,0.6045314946180654
0,6,0.36720891916193066,0.8847069391421514,4453,2.1925708452860513,0.4299191374663073,742,2.1824997545431217,0.4458,0.7818159316996844,0.08393687430538593,,,0.9331694713468535,,0.9331810652075699,0.06681893479243006,0,0.3896818968765464,5,0.1,0.5,0.5788390258313102,0.5857275126702292,0.5707489428830859,0.5723959910072213,0.6051678037426518,0.5956166359441593,1.0,0.5943687202042439,0.46105805468516,0.5884120929001235,0.6124273098129902,0.5873405606905401
0,7,0.3617319694039092,0.8875847556698621,4277,2.1798674541970957,0.453015427769986,713,2.1824900601237727,0.4458,0.7848492712511654,0.08426253796908831,,,0.9412314136005799,,0.9412529491491392,0.05874705085086085,0,0.38968373532783546,5,0.1,0.5,0.585035444226349,0.5861673027287474,0.5793687130996225,0.6019063221297057,0.5851150999266199,0.6100619519478588,0.5943687202042439,1.0,0.4574660195967554,0.5840368123160209,0.6128014297986535,0.5915626044200133
0,8,0.48423702955774317,0.8627270525550981,4129,2.1884256818077783,0.4375,688,2.1839921047893194,0.4446,0.6376468126739099,0.06845867191562827,,,0.55,,0.5500125495708047,0.4499874504291953,0,0.38662903745937455,5,0.1,0.5,0.4556779606530352,0.4449522839808292,0.4547743947738366,0.4496664258541961,0.46613960514394454,0.4618128166722865,0.46105805468516,0.4574660195967554,1.0,0.48037182635471604,0.4806687428643561,0.4634507358484096
0,9,0.38449002544927807,0.878980254936266,4001,2.1838668414524625,0.4287856071964018,667,2.1824901873311298,0.4458,0.7847307090561755,0.08424980896261154,,,0.9409163016412156,,0.9409316801365394,0.05906831986346062,0,0.38968365409448646,5,0.1,0.5,0.5718722699935916,0.5913901503710748,0.5963355499311115,0.5806205054759827,0.5860864708055247,0.6151551788530716,0.5884120929001235,0.5840368123160209,0.48037182635471604,1.0,0.6291423362273121,0.6014019721316833
0,10,0.3698262575952733,0.8840833119053741,3889,2.182509115764073,0.4351851851851852,648,2.1824876736528194,0.446,0.8008698066289365,0.0859825255131967,,,0.983810435466536,,0.9838210933186085,0.016178906681391547,0,0.3896877320734605,5,0.1,0.5,0.5938194888901004,0.6048196092780758,0.5916347710436463,0.6041344242584383,0.6058785541577688,0.6218202589937405,0.6124273098129902,0.6128014297986535,0.4806687428643561,0.6291423362273121,1.0,0.6200187170414874
0,11,0.4072766487244047,0.8748615141123715,3791,2.1843343377113342,0.45569620253164556,632,2.1825052435024856,0.4459,0.7788955574961384,0.08362333876267215,,,0.9254077658771287,,0.9254254304502786,0.07457456954972141,0,0.3896796339788852,5,0.1,0.5,0.580787836446467,0.5833044187151558,0.5810889741571394,0.5793442082301077,0.5887600939365744,0.6045314946180654,0.5873405606905401,0.5915626044200133,0.4634507358484096,0.6014019721316833,0.6200187170414874,1.0
1,0,0.24858263875955738,0.9247869491112735,8214,2.014430983122005,0.7669831994156319,1369,2.0169773311279835,0.759,0.8038810844524601,0.08501488218781064,,,0.9675030462528619,,0.967521710757492,0.03247828924250795,0.958005491913038,0.40543010909118105,5,0.1,0.5,1.0,0.6178899943029287,0.6256588889210679,0.6128091067496694,0.6309208853328866,0.6221218089471805,0.6089038069670767,0.6194332674237892,0.6105705029400185,0.6173639117653639,0.6286621554824224,0.6124734024645838
1,1,0.267823027832958,0.9173106175844234,6574,2.008173830168588,0.7892335766423357,1096,2.0169784299100932,0.7591,0.8012164355408844,0.08444743318192564,,,0.9476221482730272,,0.9476381707745595,0.052361829225440526,0.9580083479504834,0.4054279658651564,5,0.1,0.5,0.6178899943029287,1.0,0.6237929233208604,0.6050156291992203,0.6236639052605246,0.6258322893095282,0.6103391871032797,0.6091606737556232,0.6042267471387412,0.6172702166763983,0.6326177722079357,0.6132674692876684
1,2,0.29839414215199034,0.9083174822756355,5783,2.0200335671824794,0.7614107883817427,964,2.016997648885075,0.7592,0.8109370583630656,0.0839127861184344,,,0.9288904849618718,,0.9289041714773355,0.0710958285226645,0.957972784357872,0.405423788354978,5,0.1,0.5,0.6256588889210679,0.6237929233208604,1.0,0.6260153469374266,0.6276488627970802,0.6260873122885948,0.6153708290690788,0.6245578081282827,0.620057257163396,0.629344337028187,0.6445447707869131,0.6222112412659407
1,3,0.30258122230599444,0.9090599583885001,5287,2.021375664642879,0.7502837684449489,881,2.0170240116576417,0.7591,0.80351739141571,0.083269987398608,,,0.9063696669889753,,0.9063852216254205,0.09361477837457954,0.9579410672562685,0.40541439127240964,5,0.1,0.5,0.6128091067496694,0.6050156291992203,0.6260153469374266,1.0,0.629096450016718,0.6213901719569048,0.6184830042078352,0.6189604854286249,0.6172728222688042,0.6176846983321553,0.6309735569519521,0.6191469029476866
1,4,0.28737819901337064,0.910597771023303,4935,2.011496452184824,0.7664233576642335,822,2.0169867136227055,0.7591,0.8193103427545005,0.08444613545365365,,,0.9475766816264852,,0.9475980121479846,0.05240198785201544,0.9580046842677431,0.4054279627590349,5,0.1,0.5,0.6309208853328866,0.6236639052605246,0.6276488627970802,0.629096450016718,1.0,0.6388123943399169,0.633770572391996,0.6314044774166937,0.6283115984966664,0.6446119615317156,0.6503334905710733,0.6269500513847068
1,5,0.31329427170758584,0.9045211056353117,4667,2.0182192945480346,0.7519280205655527,778,2.0169784843731233,0.759,0.8186849635890143,0.0849597727452657,,,0.9655722556556472,,0.9655890768535716,0.03441092314642835,0.958006244611419,0.4054299766574475,5,0.1,0.5,0.6221218089471805,0.6258322893095282,0.6260873122885948,0.6213901719569048,0.6388123943399169,1.0,0.6338010657233427,0.6403320504956783,0.6301989029149843,0.6383998652566567,0.6497499832981326,0.629810355365272
1,6,0.33164105513798336,0.8988547046934651,4453,2.0307296911875405,0.7358490566037735,742,2.0170020184958704,0.7592,0.8060400826840594,0.08357172384445609,,,0.9169411746213625,,0.9169569800712816,0.08304301992871843,0.9579568227556366,0.40541944933862784,5,0.1,0.5,0.6089038069670767,0.6103391871032797,0.6153708290690788,0.6184830042078352,0.633770572391996,0.6338010657233427,1.0,0.6260960277073112,0.6202236956987275,0.6280409874160842,0.6300062914182251,0.6149913764534081
1,7,0.31768541946145357,0.9026420388122516,4277,2.012701345526654,0.758765778401122,713,2.01699758909,0.7591,0.8142677351467545,0.08407350986627761,,,0.934521532687163,,0.9345313990261533,0.06546860097384666,0.9579840371606664,0.40542537216212093,5,0.1,0.5,0.6194332674237892,0.6091606737556232,0.6245578081282827,0.6189604854286249,0.6314044774166937,0.6403320504956783,0.6260960277073112,1.0,0.631350051998903,0.6395214908480873,0.6402611852396762,0.638441311464685
1,8,0.33459870743788017,0.8982320174376363,4129,2.030240763317455,0.7427325581395349,688,2.02180460009712,0.7547,0.7992473465635241,0.0730983335092527,,,0.55,,0.5500125495708047,0.4499874504291953,0.951266111672447,0.40205880405448313,5,0.1,0.5,0.6105705029400185,0.6042267471387412,0.620057257163396,0.6172728222688042,0.6283115984966664,0.6301989029149843,0.6202236956987275,0.631350051998903,1.0,0.6283282119745779,0.6376811180950938,0.6161656472255038
1,9,0.32815616917741,0.9005248687828042,4001,2.0208588270913985,0.7181409295352323,667,2.016996913443739,0.7591,0.8159863567613487,0.08412491529937598,,,0.936322551211187,,0.936338537222027,0.06366146277797302,0.9579863753215185,0.4054257779986032,5,0.1,0.5,0.6173639117653639,0.6172702166763983,0.629344337028187,0.6176846983321553,0.6446119615317156,0.6383998652566567,0.6280409874160842,0.6395214908480873,0.6283282119745779,1.0,0.6511949545298137,0.6233546919550332
1,10,0.318698985538766,0.905476986371818,3889,2.013818632988703,0.7716049382716049,648,2.0169696465087013,0.759,0.8270783220181043,0.08565699976380353,,,0.9899999999649645,,0.9900005019828322,0.009999498017167818,0.9580073577971238,0.4054308279237508,5,0.1,0.5,0.6286621554824224,0.6326177722079357,0.6445447707869131,0.6309735569519521,0.6503334905710733,0.6497499832981326,0.6300062914182251,0.6402611852396762,0.6376811180950938,0.6511949545298137,1.0,0.6399968409956579
1,11,0.367274546983237,0.8902136639409127,3791,2.021885168552399,0.7642405063291139,632,2.0170206475181702,0.7592,0.807739689894541,0.08342352063113602,,,0.9117487909291844,,0.9117664775864666,0.08823352241353344,0.9579454664196216,0.40541716997298377,5,0.1,0.5,0.6124734024645838,0.6132674692876684,0.6222112412659407,0.6191469029476866,0.6269500513847068,0.629810355365272,0.6149913764534081,0.638441311464685,0.6161656472255038,0.6233546919550332,0.6399968409956579,1.0
2,0,0.2299529541200498,0.9302654005356709,8214,1.824210707531419,0.885317750182615,1369,1.8290236853182125,0.8784,0.8008872468706172,0.08516886120146881,,,0.9581415373300537,,0.9581547111088801,0.041845288891119936,0.9628648953831346,0.39135986133206296,5,0.1,0.5,1.0,0.616927002679945,0.6212953961312057,0.6123404196708985,0.6192897271269582,0.6255935375528755,0.6021926686304038,0.6249919940962871,0.44222960773002756,0.49158018184483526,0.6258245991363579,0.6116998328310687
2,1,0.244414658509014,0.926528749619714,6574,1.818016563143049,0.8950729927007299,1096,1.829028216032936,0.8783,0.8029610031086176,0.08486191621539117,,,0.949641405250395,,0.9496511219316299,0.05034887806837007,0.9628537882263627,0.39135892908857867,5,0.1,0.5,0.616927002679945,1.0,0.6208008359805235,0.6174340528891604,0.6216793454568774,0.6214335424154377,0.612165129812971,0.6190146277109148,0.43562448528128866,0.49772416554087445,0.6351936965265664,0.6169992245915507
2,2,0.2680459961212801,0.9193498184333391,5783,1.8327129733177923,0.8744813278008299,964,1.829058397311372,0.8783,0.8083141822903533,0.08469253816121547,,,0.9449508714505535,,0.9449626022790021,0.055037397720997916,0.9628424517258386,0.39135821143642596,5,0.1,0.5,0.6212953961312057,0.6208008359805235,1.0,0.6275406608807365,0.628361652021732,0.6258124750101526,0.615302186689419,0.6296063408565667,0.44453423507465595,0.494302470759246,0.6356647417383181,0.6252351242666897
2,3,0.27189229238969104,0.9179875165500284,5287,1.8325785781655992,0.8785471055618616,881,1.8290991482262413,0.8783,0.8057269202376426,0.08417082966293322,,,0.9305033601908067,,0.9305255760253,0.06947442397470005,0.9628093278549462,0.39135516204260595,5,0.1,0.5,0.6123404196708985,0.6174340528891604,0.6275406608807365,1.0,0.6309727083442397,0.6227800360551351,0.6116232826628549,0.6347281291401293,0.4349639771951195,0.49971953164738286,0.635230328151479,0.6187020680773686
2,4,0.2564748643981593,0.9212563323201621,4935,1.8222499856582055,0.8965936739659367,822,1.8290355689228532,0.8783,0.8125580300487167,0.08519933777836816,,,0.9589855156998937,,0.9589930224386326,0.0410069775613674,0.9628576773598129,0.3913599227440247,5,0.1,0.5,0.6192897271269582,0.6216793454568774,0.628361652021732,0.6309727083442397,1.0,0.6355541615909628,0.6152755679275117,0.6384757800080798,0.4469963414875228,0.5016770658099822,0.6416841377054033,0.6257985443840691
2,5,0.27993678498936636,0.916991643454039,4667,1.8330207252502442,0.8676092544987146,778,1.8290243560132888,0.8783,0.8113086445289788,0.08549930152938642,,,0.9672923186073051,,0.9673058581396516,0.03269414186034836,0.9628644920076901,0.3913605187853181,5,0.1,0.5,0.6255935375528755,0.6214335424154377,0.6258124750101526,0.6227800360551351,0.6355541615909628,1.0,0.6144452728314229,0.6422395829296601,0.4409501657354109,0.4944371360487506,0.6367053712121512,0.6311480965970475
2,6,0.2861811432801187,0.9134516056591062,4453,1.846730316678683,0.8638814016172507,742,1.8290637438289654,0.8783,0.79797856190501,0.08409978896019693,,,0.9285360520943078,,0.9285527834948045,0.07144721650519548,0.962826090999393,0.39135461484586387,5,0.1,0.5,0.6021926686304038,0.612165129812971,0.615302186689419,0.6116232826628549,0.6152755679275117,0.6144452728314229,1.0,0.6212126788108758,0.4364366344024476,0.4961775467307164,0.6281412630343913,0.6201422462967973
2,7,0.276721565797925,0.9156418050035071,4277,1.8231237815774006,0.8681626928471248,713,1.8290541636677216,0.8783,0.814640792980131,0.08502319152492246,,,0.954107552261694,,0.9541237889664174,0.04587621103358264,0.9628519296222516,0.3913594643534245,5,0.1,0.5,0.6249919940962871,0.6190146277109148,0.6296063408565667,0.6347281291401293,0.6384757800080798,0.6422395829296601,0.6212126788108758,1.0,0.45157786462317534,0.4927922518433093,0.6374570912035923,0.6353698541563311
2,8,0.40832661333354525,0.8926616614192299,4129,1.8510845574465664,0.8677325581395349,688,1.838161535537281,0.8783,0.6091899776840777,0.0704306198048117,,,0.55,,0.5500125495708047,0.4499874504291953,0.9555955790232585,0.38787866866934495,5,0.1,0.5,0.44222960773002756,0.43562448528128866,0.44453423507465595,0.4349639771951195,0.4469963414875228,0.4409501657354109,0.4364366344024476,0.45157786462317534,1.0,0.3656463007195991,0.4541506831163271,0.4376750966851578
2,9,0.36577356207791517,0.9022744313921519,4001,1.836379777817499,0.8650674662668666,667,1.8292625495039236,0.8783,0.6772924512095698,0.08021615513501298,,,0.8209877878762244,,0.8210029616987099,0.1789970383012901,0.9625288055735721,0.3912218341024442,5,0.1,0.5,0.49158018184483526,0.49772416554087445,0.494302470759246,0.49971953164738286,0.5016770658099822,0.4944371360487506,0.4961775467307164,0.4927922518433093,0.3656463007195991,1.0,0.5124769809115659,0.4938574167695064
2,10,0.27916883224865696,0.9191051684237593,3889,1.8219994817461287,0.8935185185185185,648,1.8290105292591423,0.8784,0.8213237199702156,0.0863192898395817,,,0.9899999999723074,,0.9900005019828322,0.009999498017167818,0.9628685680969552,0.39136109460907287,5,0.1,0.5,0.6258245991363579,0.6351936965265664,0.6356647417383181,0.635230328151479,0.6416841377054033,0.6367053712121512,0.6281412630343913,0.6374570912035923,0.4541506831163271,0.5124769809115659,1.0,0.6407125203366946
2,11,0.3209725901734929,0.9059878659984173,3791,1.8379465758800506,0.865506329113924,632,1.8290925898110142,0.8783,0.8069897173704589,0.08431817018671088,,,0.934583615512128,,0.9345966567943377,0.06540334320566232,0.9628183040637962,0.3913561752762405,5,0.1,0.5,0.6116998328310687,0.6169992245915507,0.6252351242666897,0.6187020680773686,0.6257985443840691,0.6311480965970475,0.6201422462967973,0.6353698541563311,0.4376750966851578,0.4938574167695064,0.6407125203366946,1.0
3,0,0.21272221706220554,0.9358655953250548,8214,1.5922630138175433,0.9276844411979547,1369,1.6004728745347776,0.9173,0.7999413852129498,0.08445898584647427,,,0.9438831072278475,,0.9438933788464434,0.05610662115355658,0.9649393053031773,0.4015077581980406,5,0.1,0.5,1.0,0.6122130112500404,0.6100198357727917,0.6046932943812147,0.6177182808273969,0.6146294012820176,0.604679734679555,0.6157251752948771,0.5803376768988712,0.6124738899544547,0.6129816416259456,0.609458219383517
3,1,0.22523531437290886,0.9341040462427745,6574,1.587896146093096,0.9251824817518248,1096,1.6004815669105457,0.9173,0.8007185457041117,0.0842824364843501,,,0.9373869707767246,,0.9374027408262637,0.06259725917373626,0.9649327792273426,0.40150614378580785,5,0.1,0.5,0.6122130112500404,1.0,0.6157075331376535,0.6141621286125637,0.6167945383021607,0.6141027885656172,0.6072401601071331,0.6082153048795877,0.58909603934506,0.6115629634658853,0.615023161946298,0.6010531766006377
3,2,0.24807067983552236,0.9255403769669721,5783,1.6037934403265677,0.9087136929460581,964,1.600517929552462,0.9173,0.8033108479766615,0.08426057627737905,,,0.9365826241304092,,0.9366045881230862,0.06339541187691378,0.9649321090839857,0.4015059566466102,5,0.1,0.5,0.6100198357727917,0.6157075331376535,1.0,0.613853970520887,0.6187988315137058,0.611620178409702,0.6125793281901266,0.6188521364133232,0.5862286260332007,0.6071291419812395,0.6166923478156355,0.6183819892688642
3,3,0.247302667993536,0.924191412899565,5287,1.6018964648246765,0.9307604994324631,881,1.6005754611743526,0.9172,0.7990543990212774,0.08376569716336874,,,0.918373539641274,,0.918382611314693,0.08161738868530699,0.9649225504220583,0.40149904465083175,5,0.1,0.5,0.6046932943812147,0.6141621286125637,0.613853970520887,1.0,0.6170837621090941,0.605202634478653,0.6094688171592991,0.6159135291931608,0.5838577259726749,0.6082118432297252,0.6163647873078798,0.6027613148254874
3,4,0.2364878675317572,0.9283485309017224,4935,1.5928477920018709,0.927007299270073,822,1.6004921308340736,0.9172,0.8123780618251946,0.08491358775424454,,,0.9606101913038555,,0.9606294864715627,0.039370513528437345,0.9649445304764909,0.4015106519867552,5,0.1,0.5,0.6177182808273969,0.6167945383021607,0.6187988315137058,0.6170837621090941,1.0,0.6196594631323944,0.6267845467421577,0.6229514175944489,0.5947289880209092,0.6271437017556063,0.6347751599627124,0.6192432131191385
3,5,0.2567344740594495,0.9226912363402614,4667,1.607987608909607,0.903598971722365,778,1.6004815631019422,0.9173,0.8062992531014423,0.0849003330043448,,,0.9601224825807071,,0.9601425631243411,0.0398574368756589,0.9649460721342716,0.401510591239782,5,0.1,0.5,0.6146294012820176,0.6141027885656172,0.611620178409702,0.605202634478653,0.6196594631323944,1.0,0.6136810962829974,0.628528388718317,0.5980254949411751,0.6207401665590307,0.618544549476698,0.612297374941965
3,6,0.25961539782583715,0.9238715472715023,4453,1.6223017921050389,0.9083557951482479,742,1.6005281263266127,0.9173,0.8035522559344306,0.0838756506288856,,,0.9224192790689196,,0.9224336127704432,0.07756638722955678,0.964923246964596,0.4015008961922147,5,0.1,0.5,0.604679734679555,0.6072401601071331,0.6125793281901266,0.6094688171592991,0.6267845467421577,0.6136810962829974,1.0,0.622475897024463,0.5962593817693138,0.6107854056716455,0.6205322480867635,0.6120969664232143
3,7,0.25145259956662447,0.9245732990413842,4277,1.5930272392604663,0.9270687237026648,713,1.6005111129139178,0.9172,0.8110366051647311,0.08474984123109086,,,0.9545851355064001,,0.9545956528286733,0.04540434717132669,0.9649449532493247,0.4015098087719797,5,0.1,0.5,0.6157251752948771,0.6082153048795877,0.6188521364133232,0.6159135291931608,0.6229514175944489,0.628528388718317,0.622475897024463,1.0,0.5988567483925072,0.6225176809924696,0.6241687937499927,0.6261331105732264
3,8,0.2913335261732797,0.9142165173165415,4129,1.6348811875690112,0.9040697674418605,688,1.6159531533146818,0.9158,0.7734784023987896,0.0737541904876052,,,0.55,,0.5500125495708047,0.4499874504291953,0.9579610493572152,0.3978436479683927,5,0.1,0.5,0.5803376768988712,0.58909603934506,0.5862286260332007,0.5838577259726749,0.5947289880209092,0.5980254949411751,0.5962593817693138,0.5988567483925072,1.0,0.5897886834603042,0.6042425633433871,0.5947499194414668
3,9,0.269185109143545,0.9191702074481379,4001,1.6123048691522508,0.9070464767616192,667,1.600989398484032,0.9169,0.8042358281720012,0.08132228771235313,,,0.8284682519144477,,0.8284774860699764,0.1715225139300236,0.9644453395250717,0.4013766825759048,5,0.1,0.5,0.6124738899544547,0.6115629634658853,0.6071291419812395,0.6082118432297252,0.6271437017556063,0.6207401665590307,0.6107854056716455,0.6225176809924696,0.5897886834603042,1.0,0.6396712818165552,0.609288475234181
3,10,0.25485928623524845,0.9260992543070198,3889,1.5899650823502314,0.9135802469135802,648,1.6004629481714754,0.9173,0.8139678635437444,0.08571233205569198,,,0.989999999963205,,0.9900005019828322,0.009999498017167818,0.9649538278916769,0.40151215523027955,5,0.1,0.5,0.6129816416259456,0.615023161946298,0.6166923478156355,0.6163647873078798,0.6347751599627124,0.618544549476698,0.6205322480867635,0.6241687937499927,0.6042425633433871,0.6396712818165552,1.0,0.6252080935580657
3,11,0.28910517584876855,0.9151675019783698,3791,1.612636774778366,0.9018987341772152,632,1.6005746906938645,0.9171,0.803080119607215,0.08400408135421185,,,0.927144889550872,,0.9271622910496461,0.07283770895035391,0.9649241215753611,0.40150288584191984,5,0.1,0.5,0.609458219383517,0.6010531766006377,0.6183819892688642,0.6027613148254874,0.6192432131191385,0.612297374941965,0.6120969664232143,0.6261331105732264,0.5947499194414668,0.609288475234181,0.6252080935580657,1.0
4,0,0.2000184571892313,0.9407109812515217,8214,1.3445274552633597,0.9430241051862673,1369,1.3560460417415388,0.933,0.7935581639425988,0.08404913427142062,,,0.9247359322353109,,0.9247477536268259,0.07525224637317407,0.9696179736176747,0.3972989065002798,5,0.1,0.5,1.0,0.5965671148271596,0.5991035090422971,0.5967333393343518,0.5939247003770619,0.612667743771613,0.5896527807697131,0.5949725162822677,0.595362028732142,0.5784689462795762,0.6075955545155198,0.5953082576901889
4,1,0.20780248263290207,0.9368116823851537,6574,1.342509242466518,0.9379562043795621,1096,1.3560974594122304,0.9329,0.7898468046758683,0.08380150913725372,,,0.9118734328161564,,0.9118869534661914,0.08811304653380858,0.9696023645261403,0.39729291570731595,5,0.1,0.5,0.5965671148271596,1.0,0.6031948130587749,0.5883088016681616,0.5918651106216664,0.6057957421749322,0.5896853190831645,0.5916751054173697,0.5902591706673076,0.5845130293210755,0.6017844745970534,0.5822259979430919
4,2,0.23000949888762848,0.9328376275289642,5783,1.3592770561095207,0.9263485477178424,964,1.3560898403009287,0.9331,0.7970199253215007,0.08403833950903435,,,0.9241752152249376,,0.9241905526830982,0.07580944731690176,0.9696130587225402,0.3972986977880114,5,0.1,0.5,0.5991035090422971,0.6031948130587749,1.0,0.6033884780091754,0.5993448639587895,0.6051254736637456,0.5968112759045084,0.6016127251911867,0.5897736728972846,0.5943628786010157,0.6057292659338102,0.5954363171820024
4,3,0.2276484023875007,0.9316436542462644,5287,1.3554129217352187,0.9477866061293984,881,1.356225868764396,0.9331,0.7931061036356142,0.08357165384222434,,,0.8999339598351453,,0.8999397620601376,0.1000602379398624,0.9695780951133224,0.3972852265114557,5,0.1,0.5,0.5967333393343518,0.5883088016681616,0.6033884780091754,1.0,0.5987148856485963,0.6003906897550128,0.5998473590772639,0.5970485064094117,0.5922778031285223,0.585486747250592,0.6057333589680333,0.5914546570748733
4,4,0.21963038828944967,0.9333333333333333,4935,1.348019274381491,0.9440389294403893,822,1.356027585629838,0.933,0.7942325221730209,0.08437547174035197,,,0.9416870204949893,,0.9417047336981075,0.05829526630189252,0.9696343730457925,0.3973040715402821,5,0.1,0.5,0.5939247003770619,0.5918651106216664,0.5993448639587895,0.5987148856485963,1.0,0.6032746661734734,0.5988582680121157,0.5994462308680436,0.5967003526332286,0.5927949019769408,0.6051841559934981,0.5851944516774182
4,5,0.23013843004272816,0.9302764088279408,4667,1.366384072303772,0.9215938303341902,778,1.3560260838974778,0.933,0.8046199971516859,0.0847306811891624,,,0.9601378184900058,,0.9601576226093068,0.039842377390693184,0.9696363757814421,0.3973069799556744,5,0.1,0.5,0.612667743771613,0.6057957421749322,0.6051254736637456,0.6003906897550128,0.6032746661734734,1.0,0.6088345431479065,0.6086802493803378,0.6072769302567479,0.5929422054698477,0.6163901897935459,0.6030846895929043
4,6,0.23246583621882436,0.9304289243206827,4453,1.381836513678233,0.9231805929919138,742,1.3561637211150634,0.9331,0.7943545895969747,0.08368862211598688,,,0.9060096934572262,,0.9060338336428894,0.09396616635711064,0.969593900263401,0.3972895903616304,5,0.1,0.5,0.5896527807697131,0.5896853190831645,0.5968112759045084,0.5998473590772639,0.5988582680121157,0.6088345431479065,1.0,0.603742822432039,0.6032586269111258,0.5844882469364931,0.6024265243751239,0.5943428861519514
4,7,0.2315545094213379,0.930278232405892,4277,1.346753198167552,0.9368863955119214,713,1.3560482594913568,0.933,0.797834013454038,0.08439265485764146,,,0.9425795705864769,,0.9425982631394006,0.05740173686059935,0.9696327530693957,0.397304275476183,5,0.1,0.5,0.5949725162822677,0.5916751054173697,0.6016127251911867,0.5970485064094117,0.5994462308680436,0.6086802493803378,0.603742822432039,1.0,0.6113489076197288,0.591185517558405,0.6060010663732582,0.5960896715274037
4,8,0.24517160195319984,0.9281666263017679,4129,1.402758609164845,0.9229651162790697,688,1.3780469429759552,0.9338,0.7910944108071649,0.07683482603528256,,,0.55,,0.5500125495708047,0.4499874504291953,0.9624666895569552,0.3934908397938428,5,0.1,0.5,0.595362028732142,0.5902591706673076,0.5897736728972846,0.5922778031285223,0.5967003526332286,0.6072769302567479,0.6032586269111258,0.6113489076197288,1.0,0.5870854195649855,0.6111192553485904,0.6042958315429922
4,9,0.2538726055261837,0.9249687578105473,4001,1.372256426584153,0.9310344827586207,667,1.3569401632101772,0.9333,0.7827745307607337,0.08158259314656002,,,0.7966153200342216,,0.7966316951960243,0.20336830480397572,0.9690002976039112,0.39706705579074447,5,0.1,0.5,0.5784689462795762,0.5845130293210755,0.5943628786010157,0.585486747250592,0.5927949019769408,0.5929422054698477,0.5844882469364931,0.591185517558405,0.5870854195649855,1.0,0.6030716356124942,0.579044630919132
4,10,0.22835962463506176,0.9319105168423759,3889,1.3420265061514718,0.9243827160493827,648,1.3560050984921928,0.933,0.8055963009743813,0.08530557930570219,,,0.9899999999480565,,0.9900005019828322,0.009999498017167818,0.9696454345110982,0.39730836227753624,5,0.1,0.5,0.6075955545155198,0.6017844745970534,0.6057292659338102,0.6057333589680333,0.6051841559934981,0.6163901897935459,0.6024265243751239,0.6060010663732582,0.6111192553485904,0.6030716356124942,1.0,0.6057943290980466
4,11,0.26507181038281746,0.9221841202848853,3791,1.3706254839897156,0.9177215189873418,632,1.3562197506237335,0.9331,0.7902112745099377,0.08362893484937949,,,0.9029093319585786,,0.902926559911651,0.09707344008834895,0.9695913398058056,0.3972874111769519,5,0.1,0.5,0.5953082576901889,0.5822259979430919,0.5954363171820024,0.5914546570748733,0.5851944516774182,0.6030846895929043,0.5943428861519514,0.5960896715274037,0.6042958315429922,0.579044630919132,0.6057943290980466,1.0
5,0,0.1857957451903272,0.9439737034331629,8214,1.1171466902244922,0.9525200876552228,1369,1.131347701953242,0.942,0.7816907720988526,0.08501218681677389,,,0.955239665306858,,0.9552582701671603,0.04474172983283975,0.9634386264519089,0.3746327060540457,5,0.1,0.5,1.0,0.583878684027801,0.5745419703150515,0.5762268130153353,0.5749650753152223,0.583881533103072,0.5580310534916114,0.5788323973250004,0.5176086901779303,0.3095555222861919,0.5849724655874313,0.5717621030999372
5,1,0.19400815515399197,0.9418314572558564,6574,1.1171686887741088,0.9443430656934306,1096,1.1313937220710535,0.9418,0.7787132576921049,0.08473761763248913,,,0.9462957063761468,,0.9463129360975855,0.05368706390241451,0.9634210096375856,0.37463135707138806,5,0.1,0.5,0.583878684027801,1.0,0.5758019316854353,0.5730659744131178,0.5724355568273765,0.581837961570985,0.5666154874466871,0.57007320091391,0.5158762199526924,0.3076622312952856,0.5785398747520065,0.563081379135078
5,2,0.21422253351308693,0.9335638941725748,5783,1.134464467725446,0.941908713692946,964,1.1313874755804532,0.942,0.7754095931685412,0.08478036677186898,,,0.9476882390011485,,0.9477034285427438,0.05229657145725619,0.9634375790454464,0.37463160975352855,5,0.1,0.5,0.5745419703150515,0.5758019316854353,1.0,0.5763474109038967,0.5652788641016887,0.5683280925364678,0.5476871870541352,0.5823638841950265,0.5105654548433854,0.31719619869301646,0.5782215917950224,0.5617361347507726
5,3,0.21304175144353185,0.9360317760544732,5287,1.1280265195029122,0.9523269012485811,881,1.1315126432397495,0.942,0.7765154389229724,0.08450298162936344,,,0.938652551587713,,0.9386677375633753,0.06133226243662471,0.9633905522285494,0.37462976816891536,5,0.1,0.5,0.5762268130153353,0.5730659744131178,0.5763474109038967,1.0,0.5698028021385539,0.5720582643133323,0.5593217529977247,0.5836249645489922,0.5186475644276831,0.30446083425686676,0.5763772666135253,0.5606767664287914
5,4,0.19780354601901864,0.9408308004052685,4935,1.1230415816490467,0.9574209245742092,822,1.1313255825362647,0.9419,0.7771452871176721,0.0850713340119991,,,0.9571663567028319,,0.9571808644144371,0.04281913558556294,0.9634577893285915,0.374632937755569,5,0.1,0.5,0.5749650753152223,0.5724355568273765,0.5652788641016887,0.5698028021385539,1.0,0.5734630348855103,0.5653524715516182,0.5796177509976627,0.517516248825219,0.3060526142050432,0.5913252900998979,0.5560318448483359
5,5,0.21371528885952415,0.9345618170130705,4667,1.1445885229110717,0.9280205655526992,778,1.1313219672193924,0.9419,0.7832543184624254,0.08553088015035659,,,0.9721358508175599,,0.9721499924702575,0.027850007529742538,0.9634684139467173,0.37463400288019627,5,0.1,0.5,0.583881533103072,0.581837961570985,0.5683280925364678,0.5720582643133323,0.5734630348855103,1.0,0.5700837945380907,0.5877726648539039,0.5269621471488732,0.30025765567475954,0.5911873348059652,0.569403807483732
5,6,0.22825399550875383,0.9340669211767347,4453,1.1594072828690212,0.9299191374663073,742,1.1314561056633727,0.942,0.7659584814804347,0.08420510390848067,,,0.9289493283039729,,0.928959389588876,0.07104061041112397,0.9633967695928354,0.37462691191786984,5,0.1,0.5,0.5580310534916114,0.5666154874466871,0.5476871870541352,0.5593217529977247,0.5653524715516182,0.5700837945380907,1.0,0.5733531598852368,0.5140764448318584,0.3073094206475711,0.5603325377080881,0.5536708806998779
5,7,0.20841104310325612,0.9392564881926584,4277,1.120363271754721,0.9438990182328191,713,1.131343671308158,0.942,0.7870249718487333,0.08543610297056471,,,0.9690485298356537,,0.9690577782239848,0.030942221776015244,0.963461639840669,0.3746338601113731,5,0.1,0.5,0.5788323973250004,0.57007320091391,0.5823638841950265,0.5836249645489922,0.5796177509976627,0.5877726648539039,0.5733531598852368,1.0,0.5339772657619002,0.30727200606075294,0.5850650386495274,0.579529041229377
5,8,0.2209433239275733,0.9314604020343908,4129,1.1843656734986738,0.940406976744186,688,1.1545662139170467,0.9427,0.7161815671629593,0.07777192660804191,,,0.7193916763082021,,0.7194016364640329,0.2805983635359671,0.9549203395386628,0.3739269890620807,5,0.1,0.5,0.5176086901779303,0.5158762199526924,0.5105654548433854,0.5186475644276831,0.517516248825219,0.5269621471488732,0.5140764448318584,0.5339772657619002,1.0,0.2661563745190039,0.5268204630555501,0.5229588800692767
5,9,0.40066462948415726,0.9092726818295426,4001,1.1545188710803078,0.9370314842578711,667,1.1354201455085804,0.9424,0.4804754201577462,0.07257179825896504,,,0.55,,0.5500125495708047,0.4499874504291953,0.9545046589299833,0.3709561731187208,5,0.1,0.5,0.3095555222861919,0.3076622312952856,0.31719619869301646,0.30446083425686676,0.3060526142050432,0.30025765567475954,0.3073094206475711,0.30727200606075294,0.2661563745190039,1.0,0.31172677970251483,0.29373794871205705
5,10,0.2068255327565626,0.9394188737464644,3889,1.1162433567501249,0.933641975308642,648,1.1313072475381554,0.9419,0.7876756220825311,0.08607928884699959,,,0.9899999999674254,,0.9900005019828322,0.009999498017167818,0.9634731560893133,0.3746343777295549,5,0.1,0.5,0.5849724655874313,0.5785398747520065,0.5782215917950224,0.5763772666135253,0.5913252900998979,0.5911873348059652,0.5603325377080881,0.5850650386495274,0.5268204630555501,0.31172677970251483,1.0,0.577566967703776
5,11,0.24555260138038326,0.9278290688472699,3791,1.1469254821538926,0.9335443037974683,632,1.131506030932783,0.942,0.7697592522913894,0.08430041239409707,,,0.9320539563172072,,0.9320767029767582,0.06792329702324185,0.9633971045716649,0.3746279999672277,5,0.1,0.5,0.5717621030999372,0.563081379135078,0.5617361347507726,0.5606767664287914,0.5560318448483359,0.569403807483732,0.5536708806998779,0.579529041229377,0.5229588800692767,0.29373794871205705,0.577566967703776,1.0
6,0,0.17663690820408817,0.9473581689797906,8214,0.8813668558763903,0.95836376917458,1369,0.8980993820836369,0.9492,0.7743733424366972,0.0845990563131279,,,0.9489116470185559,,0.9489232468249585,0.051076753175041456,0.9620420319931628,0.3853482218522098,5,0.1,0.5,1.0,0.5614664501896086,0.5628738729376914,0.5602088323494638,0.5620265643941053,0.5669758838970046,0.5605971164464433,0.559908518886274,0.5597513024900229,0.5501886968765801,0.5578212351149049,0.5496518555027979
6,1,0.18063946656331203,0.945664739884393,6574,0.8847758003643581,0.9571167883211679,1096,0.8981448288161915,0.9492,0.7640144890943448,0.08404763176362808,,,0.9243007829384899,,0.924316048391145,0.075683951608855,0.9620275944048886,0.38534162801525224,5,0.1,0.5,0.5614664501896086,1.0,0.5603531102089848,0.5471747722763766,0.5529481915223342,0.5602197861016736,0.544934745683074,0.545460587374164,0.5422259215775711,0.5432983863875092,0.5575069901121055,0.5407006644558795
6,2,0.19874625998286746,0.9410686494898841,5783,0.9013790795879979,0.9481327800829875,964,0.8981404032189244,0.9492,0.7735016713973786,0.08441226144487184,,,0.9405747256434126,,0.9405953516389739,0.0594046483610261,0.9620419297807122,0.38534658682985506,5,0.1,0.5,0.5628738729376914,0.5603531102089848,1.0,0.5644727693893709,0.5613918905506621,0.5597435667145093,0.5509976918863265,0.56365323073678,0.5568991596819096,0.5541888635222653,0.5631973045324544,0.547199663972806
6,3,0.19400908033677702,0.9420465292226216,5287,0.8924407128776822,0.9580022701475596,881,0.8982530131507606,0.9492,0.7703351358048302,0.0841135719712069,,,0.9272437884459632,,0.9272576677877616,0.07274233221223836,0.9620275549580012,0.3853427428079624,5,0.1,0.5,0.5602088323494638,0.5471747722763766,0.5644727693893709,1.0,0.5638846513468125,0.5584148321979906,0.5550697172103614,0.5645593995146176,0.5503453019366618,0.5472175847747476,0.5598196338643703,0.544960855138384
6,4,0.19226831526044877,0.9433434650455927,4935,0.8897996498988225,0.9635036496350365,822,0.8980782814680959,0.9492,0.7731342426818888,0.08459497424547116,,,0.9487294585172336,,0.9487425330053713,0.05125746699462874,0.9620426026920947,0.38534820578436585,5,0.1,0.5,0.5620265643941053,0.5529481915223342,0.5613918905506621,0.5638846513468125,1.0,0.5606856989812087,0.5559379966939667,0.5573448211914446,0.56206866519405,0.5542974804006876,0.5705218100202035,0.5393750100322815
6,5,0.1978960960554852,0.9403899721448468,4667,0.9133913278579712,0.9370179948586118,778,0.8980726262631888,0.9492,0.7783270348141487,0.08508793085980328,,,0.9707308152644107,,0.9707494603684554,0.02925053963154456,0.9620490644276803,0.38535045827869363,5,0.1,0.5,0.5669758838970046,0.5602197861016736,0.5597435667145093,0.5584148321979906,0.5606856989812087,1.0,0.5629416974648772,0.571007906131658,0.5663738774652491,0.5578720504058265,0.5662505862783839,0.555764026816773
6,6,0.20457104871714754,0.939591286772962,4453,0.9266101196408272,0.9366576819407008,742,0.8982019037865221,0.9492,0.7672062695023764,0.08380243164562216,,,0.9133571519700587,,0.9133728226494654,0.0866271773505346,0.9620140183847224,0.38533652168685545,5,0.1,0.5,0.5605971164464433,0.544934745683074,0.5509976918863265,0.5550697172103614,0.5559379966939667,0.5629416974648772,1.0,0.5568016570123916,0.558877279252695,0.5445252929574337,0.5584536587513058,0.5404696828111091
6,7,0.19362424621914529,0.9419686696282441,4277,0.8858236022617506,0.9495091164095372,713,0.8980925462116449,0.9492,0.7760812896119906,0.08494467242180266,,,0.9643369868627668,,0.9643491792580694,0.0356508207419306,0.9620472571617057,0.38535003687748204,5,0.1,0.5,0.559908518886274,0.545460587374164,0.56365323073678,0.5645593995146176,0.5573448211914446,0.571007906131658,0.5568016570123916,1.0,0.5708858262599241,0.555521463289286,0.5685762223639144,0.5525773318782495
6,8,0.20608029145695933,0.9374182610801647,4129,0.95465949177742,0.9418604651162791,688,0.9213007789450331,0.9496,0.7701664778520245,0.079579916431233,,,0.7249002758451147,,0.7249134079614478,0.27508659203855224,0.9601566022677868,0.3846669761748699,5,0.1,0.5,0.5597513024900229,0.5422259215775711,0.5568991596819096,0.5503453019366618,0.56206866519405,0.5663738774652491,0.558877279252695,0.5708858262599241,1.0,0.5546805155582231,0.5709868258289205,0.5580897221362255
6,9,0.20954100559242111,0.9359660084978755,4001,0.928712526957194,0.9400299850074962,667,0.9061848772600436,0.9497,0.7582784265657434,0.07566114683819765,,,0.55,,0.5500125495708047,0.4499874504291953,0.9546416923952942,0.3814266688210292,5,0.1,0.5,0.5501886968765801,0.5432983863875092,0.5541888635222653,0.5472175847747476,0.5542974804006876,0.5578720504058265,0.5445252929574337,0.555521463289286,0.5546805155582231,1.0,0.5681274624213138,0.5405963309244038
6,10,0.18623201855855276,0.9444587297505785,3889,0.881818413734436,0.9444444444444444,648,0.8980569498607526,0.9492,0.7801023074843654,0.08551967114542969,,,0.9899999999553686,,0.9900005019828322,0.009999498017167818,0.9620528974622377,0.38535103408875543,5,0.1,0.5,0.5578212351149049,0.5575069901121055,0.5631973045324544,0.5598196338643703,0.5705218100202035,0.5662505862783839,0.5584536587513058,0.5685762223639144,0.5709868258289205,0.5681274624213138,1.0,0.5601866871990336
