round,client_id,client_i_training_loss,client_i_training_accuracy,client_i_training_dataset_size,client_i_evaluation_loss,client_i_evaluation_accuracy,client_i_evaluation_dataset_size,client_i_central_evaluation_loss,client_i_central_evaluation_accuracy,client_i_cosine_similarity,client_i_importance_coefficient,client_i_tanh_val,tanh_normalization_value,client_i_q,client_i_mask_order,client_i_v_nonzero_fraction,client_i_v_sparsity,client_i_v_cosine_similarity,client_i_reward_gradient_norm,local_epochs,learning_rate,gamma,client_0_cosine_similarity,client_1_cosine_similarity,client_2_cosine_similarity,client_3_cosine_similarity,client_4_cosine_similarity,client_5_cosine_similarity,client_6_cosine_similarity,client_7_cosine_similarity,client_8_cosine_similarity,client_9_cosine_similarity,client_10_cosine_similarity,client_11_cosine_similarity
0,0,2.217623955011368,0.17408327246165084,6845,2.2977616136724297,0.1358655953250548,1369,2.297506413882292,0.1388,0.8940432315161249,0.07945790919039412,,,0.65,,0.6500140284860788,0.3499859715139212,0,0.14032937108260207,10,0.025,0.15,1.0,0.9334466049378175,0.8773483785615723,0.8565670346029283,0.8366399345993266,0.8212586356190139,0.7681427582532669,0.7628331484611285,0.7447455758818778,0.7566546084429374,0.7276838341852875,0.7224203425278862
0,1,2.266338849067688,0.14563709382986492,5478,2.296085172229343,0.15328467153284672,1096,2.2974832208850717,0.1387,0.9434384423520605,0.08384789844224091,,,0.835820691694509,,0.8358667128781502,0.16413328712184982,0,0.14054831456930952,10,0.025,0.15,0.9334466049378175,1.0,0.9287517953913526,0.9300109943676123,0.9035552083505567,0.8831223344324489,0.81878277591997,0.8160061702225967,0.8169211227676378,0.8233269107360974,0.8036449731585558,0.7933404917016487
0,2,2.280699402407596,0.13572614107883818,4820,2.2988118827342987,0.12448132780082988,964,2.2974831333643273,0.1388,0.960302815878146,0.08534671618723541,,,0.8992630680014024,,0.8993002261061874,0.10069977389381257,0,0.14056207329586395,10,0.025,0.15,0.8773483785615723,0.9287517953913526,1.0,0.9401616908358302,0.9276898059084963,0.927304083370601,0.8890451392784485,0.8565876324748909,0.8677370876249271,0.8496342475794088,0.82316022931146,0.848446146181428
0,3,2.286592948096139,0.13955969133000454,4406,2.2989838123321533,0.1271282633371169,881,2.297483027735843,0.1388,0.9737898039433321,0.08654536949074308,,,0.9499999999576717,,0.9500173293063326,0.04998267069366735,0,0.14056539563205103,10,0.025,0.15,0.8565670346029283,0.9300109943676123,0.9401616908358302,1.0,0.9503253754820735,0.9254262308128571,0.8938262983344657,0.8990935441120795,0.9049216916176281,0.9101161215515065,0.872196700243696,0.863807152107727
0,4,2.2886286648837,0.14936770428015564,4112,2.295733758381435,0.14963503649635038,822,2.297483136382284,0.1387,0.9681581997212964,0.08604486181829873,,,0.9288143713475578,,0.9288590714792626,0.07114092852073739,0,0.14056445770980563,10,0.025,0.15,0.8366399345993266,0.9035552083505567,0.9276898059084963,0.9503253754820735,1.0,0.9354211934507588,0.9013120560871755,0.905985345112579,0.9018496830385155,0.9066808059638376,0.8711194767881746,0.8721886822461699
0,5,2.291536828010313,0.1567498071483672,3889,2.2983694757734026,0.13753213367609254,778,2.2974831605259376,0.1388,0.9598795262419508,0.08530909640746592,,,0.8976706874516732,,0.8977158323843475,0.10228416761565251,0,0.14056189006460457,10,0.025,0.15,0.8212586356190139,0.8831223344324489,0.927304083370601,0.9254262308128571,0.9354211934507588,1.0,0.9131533606282204,0.9216637957753933,0.885955503277484,0.8653848283642016,0.879009557122584,0.8792360221512161
0,6,2.295625689111907,0.12155753166262463,3711,2.2976290384928384,0.14285714285714285,742,2.2974843375290495,0.1387,0.9381192718274891,0.08337515825070355,,,0.8158104127749619,,0.8158554900892871,0.18414450991071285,0,0.14054135462721823,10,0.025,0.15,0.7681427582532669,0.81878277591997,0.8890451392784485,0.8938262983344657,0.9013120560871755,0.9131533606282204,1.0,0.9284625805119106,0.8921658011585661,0.8747936513238628,0.9022908810162696,0.8866359485680104
0,7,2.295205524989537,0.14601571268237934,3564,2.2965654134750366,0.13043478260869565,713,2.297486308254773,0.1386,0.9337707669430009,0.08298868576923336,,,0.7994516975918959,,0.7994834216302751,0.20051657836972492,0,0.1405304616227878,10,0.025,0.15,0.7628331484611285,0.8160061702225967,0.8565876324748909,0.8990935441120795,0.905985345112579,0.9216637957753933,0.9284625805119106,1.0,0.8700087151740338,0.8653227905098207,0.9278527241231119,0.8753085291611693
0,8,2.294467235494543,0.12888695146759663,3441,2.298923373222351,0.1308139534883721,688,2.2974870235105103,0.1386,0.9293237357198947,0.08259345677958686,,,0.7827223344840161,,0.782756514993976,0.21724348500602397,0,0.14052116128810455,10,0.025,0.15,0.7447455758818778,0.8169211227676378,0.8677370876249271,0.9049216916176281,0.9018496830385155,0.885955503277484,0.8921658011585661,0.8700087151740338,1.0,0.9393433962830107,0.860666100275166,0.9096675389109923
0,9,2.2943432516521876,0.12231553689262148,3334,2.2977302074432373,0.136431784107946,667,2.297488475147682,0.1387,0.9250921166644375,0.08221737250224528,,,0.7668033341079575,,0.7668630654717697,0.23313693452823026,0,0.1405096924436608,10,0.025,0.15,0.7566546084429374,0.8233269107360974,0.8496342475794088,0.9101161215515065,0.9066808059638376,0.8653848283642016,0.8747936513238628,0.8653227905098207,0.9393433962830107,1.0,0.8587920299258267,0.8790736032494347
0,10,2.297156519156236,0.12860228324591175,3241,2.2985670963923135,0.14660493827160495,648,2.297493053387992,0.1387,0.9131349883418435,0.08115468517019826,,,0.7218216077830245,,0.7218646333613903,0.2781353666386097,0,0.1404625784029723,10,0.025,0.15,0.7276838341852875,0.8036449731585558,0.82316022931146,0.872196700243696,0.8711194767881746,0.879009557122584,0.9022908810162696,0.9278527241231119,0.860666100275166,0.8587920299258267,1.0,0.908434021649518
0,11,2.2968834915161134,0.11282051282051282,3159,2.2980183601379394,0.1518987341772152,632,2.297493252573134,0.1386,0.9127311035461304,0.08111878999165446,,,0.720302226635861,,0.7203545080952617,0.2796454919047383,0,0.14046076331794197,10,0.025,0.15,0.7224203425278862,0.7933404917016487,0.848446146181428,0.863807152107727,0.8721886822461699,0.8792360221512161,0.8866359485680104,0.8753085291611693,0.9096675389109923,0.8790736032494347,0.908434021649518,1.0
1,0,2.0665869699584114,0.2456099342585829,6845,2.2868294282393022,0.16070124178232287,1369,2.286689248266099,0.1751,0.8923723776548762,0.07841198711349913,,,0.65,,0.6500140284860788,0.3499859715139212,0.8782976245371926,0.1450763272546767,10,0.025,0.15,1.0,0.9444263176229204,0.9159100991811957,0.8901435332254389,0.8740747608333939,0.8651998106678277,0.8396804731787371,0.8297762908089757,0.8125226274214657,0.8095106594323369,0.8001008129859335,0.8035514005748148
1,1,2.123334616284038,0.22550200803212853,5478,2.285240067376031,0.2071167883211679,1096,2.2866048933584477,0.1758,0.9506081416997634,0.08303578972894687,,,0.8370584726938008,,0.8371045204733376,0.1628954795266624,0.88071151259857,0.14545884615824461,10,0.025,0.15,0.9444263176229204,1.0,0.9586560247781747,0.9489249508263029,0.9383717251138286,0.9315572564297228,0.9081779632455298,0.8987356122155913,0.8854243903112239,0.8858164930384801,0.8807777595695728,0.8779462645084758
1,2,2.1624400665885526,0.19991701244813279,4820,2.2879417538642883,0.16493775933609958,964,2.2866046971912626,0.1758,0.9783268441416444,0.08487023000323292,,,0.9112717608669414,,0.9113234638807743,0.08867653611922566,0.8809269126086475,0.14548279507102524,10,0.025,0.15,0.9159100991811957,0.9586560247781747,1.0,0.9679743565238597,0.9658934897030881,0.962703817190263,0.9545664264629194,0.9434617221664563,0.9334306122728557,0.9306926568692685,0.9221666977762852,0.9250605260530418
1,3,2.174592456817627,0.20769405356332274,4406,2.2872495310647145,0.16345062429057888,881,2.2866041147256198,0.1759,0.9848784652536164,0.08582753351709828,,,0.9499999999595443,,0.9500173293063326,0.04998267069366735,0.8809301333279725,0.14548640742397753,10,0.025,0.15,0.8901435332254389,0.9489249508263029,0.9679743565238597,1.0,0.9695220689395472,0.9699396741715742,0.9636427046254836,0.9574968688232625,0.9523406766130872,0.949622367934834,0.9465316845988406,0.9402588475167788
1,4,2.176116052540866,0.21245136186770427,4112,2.286022220339094,0.18856447688564476,822,2.2866042052643207,0.1759,0.9853695645607917,0.08553313686391557,,,0.9380900217683169,,0.938126124341899,0.061873875658100985,0.8809187356371605,0.1454859720461846,10,0.025,0.15,0.8740747608333939,0.9383717251138286,0.9658934897030881,0.9695220689395472,1.0,0.9684603268932024,0.9699804937132155,0.970169474779052,0.9534464770160145,0.9600236200148741,0.947718033023413,0.9443782576392767
1,5,2.19311126547475,0.2126253535613268,3889,2.2886692115238736,0.17866323907455012,778,2.286604700209219,0.1759,0.9850998576699654,0.08506799190565056,,,0.9192723271756491,,0.9193279529963195,0.08067204700368047,0.8809236061344228,0.1454835357356679,10,0.025,0.15,0.8651998106678277,0.9315572564297228,0.962703817190263,0.9699396741715742,0.9684603268932024,1.0,0.972912679723625,0.9678997529202165,0.9594547268994106,0.9520292687730966,0.9554948912341182,0.9536000108310608
1,6,2.2199752047144132,0.19124225276205875,3711,2.2867974440256753,0.18194070080862534,742,2.2866040090971356,0.1758,0.9853915626523891,0.08387803556828752,,,0.8711319904113198,,0.871168985492895,0.128831014507105,0.8808025830214647,0.1454706219338632,10,0.025,0.15,0.8396804731787371,0.9081779632455298,0.9545664264629194,0.9636427046254836,0.9699804937132155,0.972912679723625,1.0,0.9772265856950957,0.9748145397077304,0.9677303677450974,0.9677156094891379,0.9672428245133198
1,7,2.212378223027502,0.20120650953984287,3564,2.285182555516561,0.17952314165497896,713,2.286607805686661,0.1758,0.9813651421794992,0.08350689897552505,,,0.8561174558438216,,0.8561585053885891,0.14384149461141094,0.8806848855545324,0.1454662532184939,10,0.025,0.15,0.8297762908089757,0.8987356122155913,0.9434617221664563,0.9574968688232625,0.970169474779052,0.9678997529202165,0.9772265856950957,1.0,0.9685228040522093,0.96812277535509,0.9712881819056031,0.9644161725163719
1,8,2.2180064143957914,0.1929380993897123,3441,2.288202246030172,0.1686046511627907,688,2.2866109624693665,0.1758,0.9760855339954148,0.08308942297355487,,,0.8392282350423205,,0.8392665577395982,0.16073344226040176,0.8805160001570496,0.1454599211336276,10,0.025,0.15,0.8125226274214657,0.8854243903112239,0.9334306122728557,0.9523406766130872,0.9534464770160145,0.9594547268994106,0.9748145397077304,0.9685228040522093,1.0,0.9747646830091747,0.9681314199213864,0.9736826113274545
1,9,2.214856513341268,0.1854229154169166,3334,2.2859952449798584,0.1619190404797601,667,2.286614949190164,0.1758,0.9733532117379604,0.082766973270974,,,0.8261833553400957,,0.8262283177369576,0.1737716822630424,0.8804692683731273,0.14545348597874086,10,0.025,0.15,0.8095106594323369,0.8858164930384801,0.9306926568692685,0.949622367934834,0.9600236200148741,0.9520292687730966,0.9677303677450974,0.96812277535509,0.9747646830091747,1.0,0.9598337890823913,0.966280134254993
1,10,2.2320362953039314,0.1943535945695773,3241,2.288703680038452,0.1728395061728395,648,2.286626459677008,0.1756,0.9707438845076699,0.08202268953176152,,,0.7960729481521288,,0.7961083329207308,0.2038916670792692,0.8799883625946335,0.14541951461982128,10,0.025,0.15,0.8001008129859335,0.8807777595695728,0.9221666977762852,0.9465316845988406,0.947718033023413,0.9554948912341182,0.9677156094891379,0.9712881819056031,0.9681314199213864,0.9598337890823913,1.0,0.975239473828759
1,11,2.2374699087142944,0.18043684710351376,3159,2.2871557235717774,0.17721518987341772,632,2.286626812777942,0.1756,0.9704033611662993,0.08198931054755369,,,0.7947225830251387,,0.7947549966166593,0.20524500338334073,0.8799661338682485,0.14541827503929786,10,0.025,0.15,0.8035514005748148,0.8779462645084758,0.9250605260530418,0.9402588475167788,0.9443782576392767,0.9536000108310608,0.9672428245133198,0.9644161725163719,0.9736826113274545,0.966280134254993,0.975239473828759,1.0
2,0,1.9770290752251942,0.2839883126369613,6845,2.2699382955377754,0.20964207450693936,1369,2.270021426526806,0.2163,0.9075329031824944,0.07823220780139538,,,0.65,,0.6500140284860788,0.3499859715139212,0.9553036324790386,0.14501352692427882,10,0.025,0.15,1.0,0.9470664931024552,0.926216700921957,0.9059638249902241,0.8867774450272407,0.8869234156227388,0.8628555140439667,0.8544994821378483,0.8378535145963719,0.8278506262559646,0.8188503340153128,0.8201463585795414
2,1,2.0291234218797016,0.26838262139466956,5478,2.2682637108696833,0.24817518248175183,1096,2.269783198078976,0.2167,0.9555214102706,0.08266505034240922,,,0.8400845842435569,,0.8401330230562295,0.1598669769437705,0.9583641651960129,0.14556665058144547,10,0.025,0.15,0.9470664931024552,1.0,0.957542408108458,0.9485929471993771,0.9383695884687749,0.9378734568152844,0.9165271030024189,0.9128785162954165,0.9013885821973809,0.8911854459555905,0.8892939046046437,0.8884446581466735
2,2,2.0724430771250475,0.24466804979253112,4820,2.27139350771904,0.20850622406639005,964,2.269781043257894,0.2171,0.9746547821895635,0.08442681274358198,,,0.9156306634161016,,0.9156722945651995,0.0843277054348005,0.9586800953190879,0.14560489098674795,10,0.025,0.15,0.926216700921957,0.957542408108458,1.0,0.962072937868077,0.9572473366429953,0.9568960618611695,0.9482322890072518,0.9422235409869055,0.9347912364109486,0.9209064484668359,0.9211860207225707,0.9223492895798286
2,3,2.0827356011526925,0.2483431684067181,4406,2.269699845995222,0.21793416572077184,881,2.26977737342255,0.2171,0.981027484755121,0.0852283183350624,,,0.9499999999571189,,0.9500173293063326,0.04998267069366735,0.9587354123469543,0.14561166815070736,10,0.025,0.15,0.9059638249902241,0.9485929471993771,0.962072937868077,1.0,0.9596518101606133,0.9654575045187934,0.9586353459106444,0.9518987118579644,0.950788589876996,0.9394549664276789,0.9437431220352158,0.9364009963004256
2,4,2.084767213012233,0.2433852140077821,4112,2.2703849928719655,0.21289537712895376,822,2.2697777114337003,0.217,0.9836486485934451,0.08513132197036503,,,0.9458407018349666,,0.9458913039890413,0.05410869601095869,0.9587155626264589,0.14561143229997092,10,0.025,0.15,0.8867774450272407,0.9383695884687749,0.9572473366429953,0.9596518101606133,1.0,0.9667470918419013,0.9655820310184786,0.9663826513821357,0.9578073096048493,0.9523372067679057,0.9501015843684133,0.9516035317255478
2,5,2.096183374620253,0.2518899460015428,3889,2.2738635540008545,0.21722365038560412,778,2.2697799567934833,0.2171,0.9845221229956643,0.08487142649301516,,,0.9346961318887637,,0.9347345315310854,0.06526546846891457,0.9586991531675517,0.145607597948204,10,0.025,0.15,0.8869234156227388,0.9378734568152844,0.9568960618611695,0.9654575045187934,0.9667470918419013,1.0,0.9683903069010247,0.9614565352463118,0.9631492447904493,0.9497799506311242,0.9526848908925711,0.9535109664319598
2,6,2.122031228295688,0.23721368903260576,3711,2.27003014087677,0.2223719676549865,742,2.2697818671600727,0.2171,0.9843300895188918,0.08412736301037675,,,0.9027899686448542,,0.9028321037777888,0.09716789622221123,0.9585636248555105,0.1456022085310491,10,0.025,0.15,0.8628555140439667,0.9165271030024189,0.9482322890072518,0.9586353459106444,0.9655820310184786,0.9683903069010247,1.0,0.9692314965272134,0.9749842758620331,0.9587430136639911,0.9688298773174219,0.9685454621244141
2,7,2.1133156712566104,0.23745791245791245,3564,2.2677058378855386,0.22300140252454417,713,2.2697882471205313,0.2164,0.9812037323014046,0.08379522954909033,,,0.8885477639380828,,0.8885890643824991,0.11141093561750093,0.9585329894492259,0.14559812804139255,10,0.025,0.15,0.8544994821378483,0.9128785162954165,0.9422235409869055,0.9518987118579644,0.9663826513821357,0.9614565352463118,0.9692314965272134,1.0,0.96702882504102,0.9622421425869272,0.9680994258769028,0.9682467533531467
2,8,2.121734278731876,0.23591979075850045,3441,2.2712297836939492,0.21656976744186046,688,2.2697914702982844,0.2166,0.9786052703374948,0.08345159133558859,,,0.8738122243064999,,0.8738426498984998,0.1261573501015002,0.9584801534597155,0.14558762803721587,10,0.025,0.15,0.8378535145963719,0.9013885821973809,0.9347912364109486,0.950788589876996,0.9578073096048493,0.9631492447904493,0.9749842758620331,0.96702882504102,1.0,0.9647841196892698,0.9684102556475023,0.9724880936157402
2,9,2.121053303171087,0.2352729454109178,3334,2.2682100534439087,0.20389805097451275,667,2.2697982184494596,0.2166,0.969437883135156,0.08295250996997694,,,0.8524111316648695,,0.8524533346536615,0.14754666534633853,0.9583537105716647,0.1455753755087803,10,0.025,0.15,0.8278506262559646,0.8911854459555905,0.9209064484668359,0.9394549664276789,0.9523372067679057,0.9497799506311242,0.9587430136639911,0.9622421425869272,0.9647841196892698,1.0,0.9570074433892282,0.9626975722314853
2,10,2.138752286709272,0.2347423634680654,3241,2.2724492947260537,0.20833333333333334,648,2.2698174639593196,0.2164,0.9715848221060188,0.08256109933100331,,,0.8356270641304536,,0.8356769157135548,0.16432308428644515,0.957881194467655,0.14556260760108788,10,0.025,0.15,0.8188503340153128,0.8892939046046437,0.9211860207225707,0.9437431220352158,0.9501015843684133,0.9526848908925711,0.9688298773174219,0.9680994258769028,0.9684102556475023,0.9570074433892282,1.0,0.9736110628956975
2,11,2.1456074233055116,0.22662234884457105,3159,2.2702709674835204,0.19936708860759494,632,2.2698181369636634,0.2164,0.9720955202991759,0.08255706911813494,,,0.8354542446967814,,0.835495370599594,0.164504629400406,0.9578835901576612,0.14556256501495685,10,0.025,0.15,0.8201463585795414,0.8884446581466735,0.9223492895798286,0.9364009963004256,0.9516035317255478,0.9535109664319598,0.9685454621244141,0.9682467533531467,0.9724880936157402,0.9626975722314853,0.9736110628956975,1.0
3,0,1.9132529609733158,0.3085171658144631,6845,2.247484575618397,0.25785244704163623,1369,2.247706932357595,0.2548,0.9216567329609049,0.07863048023281351,,,0.65,,0.6500140284860788,0.3499859715139212,0.9725394857227666,0.14466880628538006,10,0.025,0.15,1.0,0.9481253845707686,0.9293711985027592,0.9214581162642008,0.8936697784402294,0.8965721923262218,0.8830200464167842,0.8746905261880294,0.8545764745479826,0.8437654316427824,0.8377718858189288,0.8397802052224996
3,1,1.9619290033052135,0.2961847389558233,5478,2.2453540166219077,0.2737226277372263,1096,2.247156819210777,0.2548,0.9579237984020329,0.08256486593552109,,,0.8395127338440321,,0.8395553795118087,0.1604446204881913,0.9769151426237888,0.14530527316244438,10,0.025,0.15,0.9481253845707686,1.0,0.9550646627837285,0.9479081186401884,0.9317354958454174,0.935852831937749,0.9207510993164644,0.919391507792871,0.904965314055328,0.8864512598221486,0.8940758195899077,0.8955445418961749
3,2,2.0044270760134646,0.27182572614107886,4820,2.2493539452552795,0.2551867219917012,964,2.2471290268475497,0.2555,0.9733504713342405,0.08416159902732988,,,0.9164246779982799,,0.9164562393754848,0.08354376062451518,0.9773048797261681,0.14535529293642,10,0.025,0.15,0.9293711985027592,0.9550646627837285,1.0,0.9603998289987771,0.9487382229153994,0.9507786832402143,0.9456850451621518,0.9421078959096306,0.9316536891429852,0.9128632751091753,0.9184473728136795,0.9213146126634678
3,3,2.011687296799251,0.27846118928733543,4406,2.2460488251277377,0.25198637911464244,881,2.2471245210382005,0.2555,0.9794688559322045,0.08485864066658233,,,0.9499999999518316,,0.9500173293063326,0.04998267069366735,0.9774319920705926,0.14536178120153082,10,0.025,0.15,0.9214581162642008,0.9479081186401884,0.9603998289987771,1.0,0.9527931787379554,0.9597633607214365,0.9547688716276378,0.9492049289841124,0.9446681246873073,0.9290518019911785,0.935283428543989,0.9312782231516613
3,4,2.019518967469533,0.2676070038910506,4112,2.2490228584834506,0.2542579075425791,822,2.2471259183521513,0.2555,0.9774419215913005,0.08473227825549094,,,0.9439133354022496,,0.943960324140549,0.05603967585945102,0.9774285455951987,0.14536131338255173,10,0.025,0.15,0.8936697784402294,0.9317354958454174,0.9487382229153994,0.9527931787379554,1.0,0.9562474309170331,0.9562275532877611,0.9574481094116273,0.9477710252728418,0.9323582919941646,0.9422707030555386,0.9423076152167813
3,5,2.0221606692960186,0.27937773206479816,3889,2.2538664681570872,0.25578406169665807,778,2.2471294855769677,0.2555,0.9813230252619953,0.08469776704205174,,,0.9422509883673271,,0.9423016619629978,0.057698338037002195,0.9773768336687306,0.1453611722488818,10,0.025,0.15,0.8965721923262218,0.935852831937749,0.9507786832402143,0.9597633607214365,0.9562474309170331,1.0,0.9633110777159222,0.9550267930204539,0.9566784720053767,0.9362755947622565,0.9480213102200941,0.9483962789487907
3,6,2.050369940543997,0.2640528159525734,3711,2.247372269630432,0.2628032345013477,742,2.247130928160269,0.2552,0.9820259896654377,0.08425909978561891,,,0.9211211253350279,,0.921159908237197,0.07884009176280304,0.9772755479875879,0.14535649557762978,10,0.025,0.15,0.8830200464167842,0.9207510993164644,0.9456850451621518,0.9547688716276378,0.9562275532877611,0.9633110777159222,1.0,0.961063441819911,0.9669830666400858,0.9434927056306767,0.9592846045934019,0.9602689382253359
3,7,2.040141277228083,0.2636363636363636,3564,2.244387149810791,0.26928471248246844,713,2.247146174877505,0.2554,0.9789197515461595,0.08395161459696737,,,0.9063100815988232,,0.9063557293987556,0.09364427060124436,0.9771556317221904,0.14535238752172672,10,0.025,0.15,0.8746905261880294,0.919391507792871,0.9421078959096306,0.9492049289841124,0.9574481094116273,0.9550267930204539,0.961063441819911,1.0,0.9595158984193537,0.9397790516022209,0.9587588343139092,0.9616832190399602
3,8,2.0492886229797644,0.2616681197326359,3441,2.2482872804005942,0.25290697674418605,688,2.2471560617036457,0.255,0.9755749421460959,0.08362920174686661,,,0.8907799975486009,,0.8908088660032017,0.10919113399679825,0.9771398783825483,0.1453457135848866,10,0.025,0.15,0.8545764745479826,0.904965314055328,0.9316536891429852,0.9446681246873073,0.9477710252728418,0.9566784720053767,0.9669830666400858,0.9595158984193537,1.0,0.9487692335229831,0.9598746088910429,0.9635685623192507
3,9,2.0527017884784273,0.26469706058788245,3334,2.2445375124613443,0.2353823088455772,667,2.247175578829608,0.2547,0.9594169075889758,0.08279196185657281,,,0.8504515619344559,,0.8504975986532654,0.14950240134673465,0.9769737999777572,0.14531581977569338,10,0.025,0.15,0.8437654316427824,0.8864512598221486,0.9128632751091753,0.9290518019911785,0.9323582919941646,0.9362755947622565,0.9434927056306767,0.9397790516022209,0.9487692335229831,1.0,0.9380036095207666,0.9410396147372794
3,10,2.0678751037671015,0.26201789571120027,3241,2.25067130724589,0.24228395061728394,648,2.2472027253501023,0.2545,0.9684452213087384,0.08284392936096803,,,0.8529547491085584,,0.8529897179449093,0.1470102820550907,0.9769210935576923,0.14531806815297704,10,0.025,0.15,0.8377718858189288,0.8940758195899077,0.9184473728136795,0.935283428543989,0.9422707030555386,0.9480213102200941,0.9592846045934019,0.9587588343139092,0.9598746088910429,0.9380036095207666,1.0,0.9643338050863506
3,11,2.074299606323242,0.252548274770497,3159,2.2474342823028564,0.24208860759493672,632,2.247203295743918,0.2546,0.9695824089064565,0.08287856149321682,,,0.8546229205989131,,0.8546566321730951,0.14534336782690493,0.9769253333554538,0.14531953790781513,10,0.025,0.15,0.8397802052224996,0.8955445418961749,0.9213146126634678,0.9312782231516613,0.9423076152167813,0.9483962789487907,0.9602689382253359,0.9616832190399602,0.9635685623192507,0.9410396147372794,0.9643338050863506,1.0
4,0,1.860795279564681,0.32910153396639885,6845,2.219595497304743,0.27611395178962744,1369,2.2198546596720248,0.276,0.9288556725704361,0.07912702384081345,,,0.65,,0.6500140284860788,0.3499859715139212,0.9827514150981219,0.1445662059077601,10,0.025,0.15,1.0,0.9452398222125713,0.9279247744786382,0.9220057566977216,0.9010120630383948,0.9060821330569137,0.8890435933907813,0.8826823433284202,0.8618061647833434,0.8539515040028725,0.8524378135857449,0.8583969388146605
4,1,1.9066842397978139,0.31670317634173056,5478,2.2165634632110596,0.3010948905109489,1096,2.2188623162764536,0.2764,0.9595654427552712,0.08257132847213218,,,0.8405883086422526,,0.8406281460943045,0.15937185390569553,0.9857317784078288,0.14522581552075853,10,0.025,0.15,0.9452398222125713,1.0,0.9499962011356475,0.9434775485605726,0.9338639084653846,0.936976287224653,0.9207435895634981,0.9195290217949369,0.9047134432393671,0.8960831553826927,0.8981249258418822,0.9045238512932664
4,2,1.949745224965246,0.2949792531120332,4820,2.2221902310848236,0.28112033195020747,964,2.218801797190799,0.2775,0.9732476612227099,0.08400897632258669,,,0.9201395973842096,,0.9201861662623162,0.0798138337376838,0.9861340313178801,0.14527630566488825,10,0.025,0.15,0.9279247744786382,0.9499962011356475,1.0,0.9543335910965874,0.9492256749072875,0.9499339028838163,0.9439674309185623,0.9410786139154727,0.9299498181276575,0.9152428157473931,0.9202539299992285,0.9276574362640053
4,3,1.954557339123317,0.3014525646845211,4406,2.216792958123343,0.27695800227014755,881,2.218797137465658,0.2775,0.9765272895878004,0.08454861237667999,,,0.9499999999446656,,0.9500173293063326,0.04998267069366735,0.9861623354836052,0.14528101594287143,10,0.025,0.15,0.9220057566977216,0.9434775485605726,0.9543335910965874,1.0,0.9466510625866236,0.9523889110635734,0.9501892412161289,0.9433414673248461,0.9399380946925695,0.9337284650231688,0.9299805009211158,0.9309481353429133
4,4,1.9651173840869556,0.28903210116731515,4112,2.221881014960153,0.2712895377128954,822,2.218798715857011,0.2775,0.9767914381478738,0.08447882897271677,,,0.9461385816451013,,0.9461883778118862,0.05381162218811375,0.9861550488299883,0.14528069683268746,10,0.025,0.15,0.9010120630383948,0.9338639084653846,0.9492256749072875,0.9466510625866236,1.0,0.9521728790848216,0.9532508955170229,0.9533890922953531,0.9433414453634059,0.9349768305122715,0.9372063818958357,0.9438246014262479
4,5,1.9615304116279848,0.30393417330933403,3889,2.2282217230115617,0.2776349614395887,778,2.2188036260725577,0.2775,0.9792701289223642,0.08453836534788485,,,0.9494329874136265,,0.9494726939644502,0.05052730603554978,0.9861607469348838,0.14528101148509967,10,0.025,0.15,0.9060821330569137,0.936976287224653,0.9499339028838163,0.9523889110635734,0.9521728790848216,1.0,0.9570096032028182,0.9496264719465344,0.9491691031345575,0.9359802674995391,0.9411308375060665,0.9474909371708001
4,6,1.9925897614709263,0.28593371059013745,3711,2.219165285428365,0.27088948787061995,742,2.2188068432143973,0.2773,0.9790369527535063,0.0842585489972965,,,0.9339495355423374,,0.9339918469739731,0.06600815302602692,0.9861352250900524,0.1452790445147173,10,0.025,0.15,0.8890435933907813,0.9207435895634981,0.9439674309185623,0.9501892412161289,0.9532508955170229,0.9570096032028182,1.0,0.9542367217131537,0.9591930907366673,0.942947899304356,0.9489393037859948,0.9549886126028456
4,7,1.9797210186719894,0.2847643097643098,3564,2.2153031826019287,0.28751753155680226,713,2.218827132937274,0.2769,0.9760602834477881,0.08397053416723257,,,0.9180124262557083,,0.9180653892492284,0.08193461075077157,0.9861705244226957,0.14527570515992058,10,0.025,0.15,0.8826823433284202,0.9195290217949369,0.9410786139154727,0.9433414673248461,0.9533890922953531,0.9496264719465344,0.9542367217131537,1.0,0.9519368439349556,0.9410692572098714,0.9478109874979771,0.9552923313723748
4,8,1.9876821835835774,0.2857018308631212,3441,2.219724178314209,0.2703488372093023,688,2.218843444993224,0.2768,0.9718469043495142,0.08363286691661019,,,0.8993278332627361,,0.8993662425112641,0.10063375748873593,0.9861272798649886,0.14526870463270788,10,0.025,0.15,0.8618061647833434,0.9047134432393671,0.9299498181276575,0.9399380946925695,0.9433414453634059,0.9491691031345575,0.9591930907366673,0.9519368439349556,1.0,0.948393866312549,0.9478940134938231,0.953892390089149
4,9,1.9928832204253586,0.2819736052789442,3334,2.214717706044515,0.2623688155922039,667,2.2188759423509428,0.2767,0.9625799662892628,0.0828106965623905,,,0.8538335828989005,,0.8538809394134442,0.14611906058655577,0.9858527811062388,0.1452386865949509,10,0.025,0.15,0.8539515040028725,0.8960831553826927,0.9152428157473931,0.9337284650231688,0.9349768305122715,0.9359802674995391,0.942947899304356,0.9410692572098714,0.948393866312549,1.0,0.9379594433280058,0.9429434747789507
4,10,2.0062257496210245,0.28522061092255474,3241,2.223305861155192,0.2654320987654321,648,2.218911828874033,0.2769,0.965383602024853,0.08293450690112615,,,0.8606845457427468,,0.8607136373388787,0.13928636266112127,0.9859101517459655,0.1452441480473587,10,0.025,0.15,0.8524378135857449,0.8981249258418822,0.9202539299992285,0.9299805009211158,0.9372063818958357,0.9411308375060665,0.9489393037859948,0.9478109874979771,0.9478940134938231,0.9379594433280058,1.0,0.9538609650576431
4,11,2.017207582950592,0.2709718265273821,3159,2.2187573432922365,0.27056962025316456,632,2.218909978866577,0.2769,0.9703964636160787,0.08311971112253012,,,0.8709326982986587,,0.870970936277665,0.12902906372233502,0.9859423163851891,0.14525158820760822,10,0.025,0.15,0.8583969388146605,0.9045238512932664,0.9276574362640053,0.9309481353429133,0.9438246014262479,0.9474909371708001,0.9549886126028456,0.9552923313723748,0.953892390089149,0.9429434747789507,0.9538609650576431,1.0
5,0,1.8194116040512367,0.34378378378378377,6845,2.187140313061801,0.2914536157779401,1369,2.1873531009577496,0.2937,0.9358752917897797,0.07968655206622524,,,0.65,,0.6500140284860788,0.3499859715139212,0.9854191642270792,0.14441939059488065,10,0.025,0.15,1.0,0.941494028911367,0.9294621460840891,0.9260107677502681,0.9027190945235928,0.9097916902724821,0.8973356997786204,0.887781364484838,0.8723353718744231,0.8687236251751193,0.8683968310405557,0.8689653124633137
5,1,1.8611115791076838,0.3343190945600584,5478,2.183039585749308,0.3093065693430657,1096,2.1857693316061284,0.2947,0.9590101836508985,0.08258017022699436,,,0.8347008724364654,,0.8347526860424815,0.16524731395751846,0.9891393008440155,0.145101968136061,10,0.025,0.15,0.941494028911367,1.0,0.9453739777279461,0.9422080537051166,0.9308118373099624,0.9325559706580391,0.917997006783064,0.9178027169303019,0.9043709577902279,0.8972995459778699,0.9032589832191712,0.904880368442584
5,2,1.9021781284558146,0.30937759336099585,4820,2.1907403767108917,0.31224066390041494,964,2.1856525910051565,0.2938,0.9726581502538688,0.08391835629200428,,,0.9201178555894729,,0.9201614101104124,0.07983858988958759,0.9895400131960101,0.14516018721903526,10,0.025,0.15,0.9294621460840891,0.9453739777279461,1.0,0.9524433463441242,0.9445834829757058,0.9447548912480821,0.9403346652714111,0.9370400887392651,0.9277493241784982,0.9219928510727481,0.9226729240910341,0.9279065241375853
5,3,1.9067811747959682,0.321448025419882,4406,2.1828346933637346,0.29511918274687854,881,2.1856391822235492,0.2937,0.9757727592186797,0.08435505139242296,,,0.9479922887574692,,0.9480368371540328,0.05196316284596725,0.989635528595562,0.14516494714299166,10,0.025,0.15,0.9260107677502681,0.9422080537051166,0.9524433463441242,1.0,0.9442647309856451,0.9496850969752231,0.946434878348287,0.9412614333462634,0.9362700611169007,0.928011393104768,0.9321936903296881,0.9310844191015358
5,4,1.9155134623700922,0.3058365758754864,4112,2.1894690990448,0.2871046228710462,822,2.1856415362297734,0.2937,0.9743845726752507,0.08426638826143983,,,0.942332883564498,,0.942375930418709,0.05762406958129096,0.9896263445015335,0.14516445681317944,10,0.025,0.15,0.9027190945235928,0.9308118373099624,0.9445834829757058,0.9442647309856451,1.0,0.9486892888109758,0.9442788064216108,0.9472737033608302,0.9396016714422811,0.9341584132883699,0.9370795260915571,0.9391795091707849
5,5,1.9107315563386487,0.3203908459758293,3889,2.1979851382119313,0.29048843187660667,778,2.185645423358,0.2937,0.976930287364095,0.08438650522072182,,,0.9499999999361695,,0.9500173293063326,0.04998267069366735,0.9896378562890779,0.14516505651406894,10,0.025,0.15,0.9097916902724821,0.9325559706580391,0.9447548912480821,0.9496850969752231,0.9486892888109758,1.0,0.9514030848986011,0.9449812899461305,0.9432290595552152,0.9322203236937756,0.9409049386189594,0.9441887842223659
5,6,1.944188379419261,0.3048234977095123,3711,2.1861859560012817,0.29649595687331537,742,2.1856580474708656,0.2941,0.9754938009074419,0.08416589867810237,,,0.9359185909101169,,0.9359640870756383,0.06403591292436173,0.9895800477182768,0.14516297113458568,10,0.025,0.15,0.8973356997786204,0.917997006783064,0.9403346652714111,0.946434878348287,0.9442788064216108,0.9514030848986011,1.0,0.9467618295670431,0.9491232004180749,0.940259989850451,0.9421741563976095,0.9491984911443921
5,7,1.929758175781795,0.3034231200897868,3564,2.1815222104390464,0.29873772791023845,713,2.1856847835492483,0.294,0.9740145441693889,0.08393880619610414,,,0.9214231816271978,,0.9214569820600419,0.0785430179399581,0.989537949384532,0.1451603877782,10,0.025,0.15,0.887781364484838,0.9178027169303019,0.9370400887392651,0.9412614333462634,0.9472737033608302,0.9449812899461305,0.9467618295670431,1.0,0.9474981150218655,0.9387021887054525,0.9471766939518481,0.9517236504732186
5,8,1.9371772660149469,0.301453065969195,3441,2.1861565510431924,0.28924418604651164,688,2.185711884800392,0.2947,0.9690294990787113,0.08356636800192634,,,0.8976502939926326,,0.8976910762324437,0.10230892376755629,0.9894267378726315,0.14515074356107835,10,0.025,0.15,0.8723353718744231,0.9043709577902279,0.9277493241784982,0.9362700611169007,0.9396016714422811,0.9432290595552152,0.9491232004180749,0.9474981150218655,1.0,0.9446838644556205,0.9394692813670652,0.9453265919342511
5,9,1.94247961529979,0.3011397720455909,3334,2.1803009112675986,0.2818590704647676,667,2.1857819345932974,0.2947,0.9629916997586313,0.08285881179004831,,,0.8524866813904171,,0.8525276031093727,0.1474723968906273,0.989144463827792,0.1451193922647609,10,0.025,0.15,0.8687236251751193,0.8972995459778699,0.9219928510727481,0.928011393104768,0.9341584132883699,0.9322203236937756,0.940259989850451,0.9387021887054525,0.9446838644556205,1.0,0.937026061422026,0.9372938144716615
5,10,1.956256096638166,0.3058006788028386,3241,2.190977931022644,0.2824074074074074,648,2.1858179327807847,0.2942,0.9661639196210152,0.08303928965485625,,,0.8640066599202165,,0.8640392137446156,0.13596078625538444,0.9892330802622465,0.14512891655279067,10,0.025,0.15,0.8683968310405557,0.9032589832191712,0.9226729240910341,0.9321936903296881,0.9370795260915571,0.9409049386189594,0.9421741563976095,0.9471766939518481,0.9394692813670652,0.937026061422026,1.0,0.9465274494043817
5,11,1.9660290427207947,0.29021842355175687,3159,2.18515830039978,0.2848101265822785,632,2.1858026015607614,0.2945,0.9687217167360541,0.08323780221915418,,,0.8766778009548308,,0.8767308676206037,0.1232691323793963,0.9892960459086804,0.14513974095807403,10,0.025,0.15,0.8689653124633137,0.904880368442584,0.9279065241375853,0.9310844191015358,0.9391795091707849,0.9441887842223659,0.9491984911443921,0.9517236504732186,0.9453265919342511,0.9372938144716615,0.9465274494043817,1.0
6,0,1.7815746618641748,0.35531044558071584,6845,2.1502795219421387,0.30314097881665447,1369,2.1504520524906208,0.3074,0.9363923821671618,0.08014078027449113,,,0.65,,0.6500140284860788,0.3499859715139212,0.989051255218741,0.1440187351477258,10,0.025,0.15,1.0,0.9344048169078109,0.9229838023059516,0.9212276025816324,0.8989129491606598,0.9084342951510816,0.8957186680234276,0.884610477491414,0.8719152014947432,0.8657442220483638,0.8711004738740228,0.8709540483014907
6,1,1.821374623165574,0.34852135815991236,5478,2.1448590755462646,0.32025547445255476,1096,2.1480751641188998,0.308,0.9572267458521971,0.08262022455656153,,,0.8302140422041879,,0.830255318446634,0.16974468155336597,0.9919532996116207,0.14467096072150995,10,0.025,0.15,0.9344048169078109,1.0,0.9358911803294362,0.9343753296975831,0.9249809603012998,0.9273376061914449,0.9129435084741221,0.9138414982815476,0.9012830820367899,0.8926034291246455,0.9027764621140316,0.9035726698449106
6,2,1.8617237721618853,0.3248547717842324,4820,2.1549906730651855,0.31950207468879666,964,2.147885144511356,0.3081,0.9698400827415811,0.08386427410885688,,,0.9206355935746622,,0.9206895413510258,0.07931045864897424,0.9923145004778323,0.14472488340310402,10,0.025,0.15,0.9229838023059516,0.9358911803294362,1.0,0.9451188683136245,0.9373277334352442,0.9385357265332586,0.9342925361541636,0.9306417763201216,0.92207078941458,0.9148547926552811,0.9211769434241335,0.925040746459598
6,3,1.863257362501962,0.33204720835224694,4406,2.144392660685948,0.31101021566401815,881,2.147864172730265,0.3079,0.9725616154225146,0.08422463858043018,,,0.946828050714603,,0.9468815500651911,0.05311844993480885,0.9923395830921281,0.1447287271475974,10,0.025,0.15,0.9212276025816324,0.9343753296975831,0.9451188683136245,1.0,0.9351196595604382,0.9410904993787228,0.939333787862922,0.9353914197700818,0.9305916947403728,0.923005284261891,0.9268121152433141,0.9269537175946788
6,4,1.875924829641978,0.3183852140077821,4112,2.1521710327693393,0.2980535279805353,822,2.1478713403774212,0.3079,0.9694406881404795,0.08406747531312633,,,0.9354049153404161,,0.935435955835025,0.06456404416497497,0.9923273038262324,0.14472745593517897,10,0.025,0.15,0.8989129491606598,0.9249809603012998,0.9373277334352442,0.9351196595604382,1.0,0.9418637621641758,0.9379600466219586,0.9333102589418443,0.9289336128353651,0.9235427279245068,0.9291084169524362,0.9309262109083127
6,5,1.8688387616988151,0.33563898174337875,3889,2.162450279508318,0.2930591259640103,778,2.147873763796649,0.3079,0.973298379992501,0.08426827930477268,,,0.9499999999273168,,0.9500173293063326,0.04998267069366735,0.9923369953841411,0.1447289226731133,10,0.025,0.15,0.9084342951510816,0.9273376061914449,0.9385357265332586,0.9410904993787228,0.9418637621641758,1.0,0.9434437414652334,0.9353928352127646,0.9369463260798233,0.9216496487981893,0.9350043710370017,0.9371507683805569
6,6,1.8962997218658184,0.3204796550794934,3711,2.1486701170603433,0.31805929919137466,742,2.1478924992718276,0.3078,0.9722656081751208,0.08409742031513821,,,0.9375814150889272,,0.937631001303824,0.06236899869617596,0.9923354933958087,0.14472785093697094,10,0.025,0.15,0.8957186680234276,0.9129435084741221,0.9342925361541636,0.939333787862922,0.9379600466219586,0.9434437414652334,1.0,0.9384500777896091,0.9426480455887349,0.9318407291567726,0.9362317244439777,0.9416163949013892
6,7,1.884206512570381,0.31792929292929295,3564,2.143338998158773,0.3141654978962132,713,2.1479265448413316,0.308,0.9701264298272796,0.08388634634979435,,,0.9222398755456704,,0.9222821871235002,0.07771781287649981,0.9923141434207393,0.14472520883078008,10,0.025,0.15,0.884610477491414,0.9138414982815476,0.9306417763201216,0.9353914197700818,0.9333102589418443,0.9353928352127646,0.9384500777896091,1.0,0.9417944405904681,0.9310654515841316,0.9400920952492602,0.945053696565745
6,8,1.8902504647219622,0.3172333623946527,3441,2.148086984952291,0.311046511627907,688,2.1479676011242446,0.308,0.9662530087663183,0.08352823826767515,,,0.8962114201004847,,0.8962469673713918,0.10375303262860824,0.9922353528755212,0.14471602702138994,10,0.025,0.15,0.8719152014947432,0.9012830820367899,0.92207078941458,0.9305916947403728,0.9289336128353651,0.9369463260798233,0.9426480455887349,0.9417944405904681,1.0,0.9370309962411675,0.9313911540462348,0.9398854981887974
6,9,1.900320299466451,0.3157768446310738,3334,2.1407519976298013,0.30434782608695654,667,2.148081462594527,0.308,0.9587930226863124,0.08284459399343379,,,0.8465219396867899,,0.8465696225512039,0.15343037744879606,0.9921003018919532,0.14468629182012088,10,0.025,0.15,0.8657442220483638,0.8926034291246455,0.9148547926552811,0.923005284261891,0.9235427279245068,0.9216496487981893,0.9318407291567726,0.9310654515841316,0.9370309962411675,1.0,0.9278113114460089,0.9297126295437744
