round,client_id,client_i_training_loss,client_i_training_accuracy,client_i_training_dataset_size,client_i_evaluation_loss,client_i_evaluation_accuracy,client_i_evaluation_dataset_size,client_i_central_evaluation_loss,client_i_central_evaluation_accuracy,client_i_cosine_similarity,client_i_importance_coefficient,client_i_tanh_val,tanh_normalization_value,client_i_q,client_i_mask_order,client_i_v_nonzero_fraction,client_i_v_sparsity,client_i_v_cosine_similarity,client_i_reward_gradient_norm,local_epochs,learning_rate,gamma,client_0_cosine_similarity,client_1_cosine_similarity,client_2_cosine_similarity,client_3_cosine_similarity,client_4_cosine_similarity,client_5_cosine_similarity,client_6_cosine_similarity,client_7_cosine_similarity,client_8_cosine_similarity,client_9_cosine_similarity,client_10_cosine_similarity,client_11_cosine_similarity
0,0,2.2854731149143643,0.1414317019722425,6845,2.300120483745228,0.10080350620891161,1369,2.300023926964289,0.1,0.8602026639537065,0.07917726593073691,,,0.8,,0.8000115528708884,0.19998844712911157,0,0.1355147526166994,10,0.025,0.15,1.0,0.8771113756157736,0.8114272021735432,0.8253038717710235,0.7605795284306324,0.7633616485541979,0.6691643627657526,0.6745063571754153,0.6423268343378548,0.6666508038390183,0.6746075129694293,0.6809823166632317
0,1,2.2970821641212287,0.11485943775100402,5478,2.298953745100233,0.1104014598540146,1096,2.3000021554246732,0.1,0.9417891015514507,0.08668688120712685,,,0.9811589348969885,,0.9812018286544206,0.018798171345579373,0,0.13584386517244124,10,0.025,0.15,0.8771113756157736,1.0,0.8782970644255921,0.9059326554623711,0.825189869288931,0.8159221202293557,0.7785850461665065,0.7855028753695059,0.8228024281523043,0.851607913525836,0.7697697000538383,0.7971406901942608
0,2,2.298603009550195,0.13618257261410788,4820,2.300611227750778,0.09439834024896265,964,2.300002161460587,0.1,0.9292407618630358,0.08553187056820105,,,0.9532959233522645,,0.9533429057120695,0.04665709428793052,0,0.13584337906938268,10,0.025,0.15,0.8114272021735432,0.8782970644255921,1.0,0.8715627376624321,0.7960916739896194,0.8739332895621085,0.8046077737273899,0.7665689097018751,0.7870805486459282,0.7744083756975423,0.798382272630465,0.8811682331045023
0,3,2.299189664976937,0.11441216522923287,4406,2.2998459679739818,0.10329171396140749,881,2.300002161460587,0.1,0.9502743323859542,0.08746790340854534,,,0.9999999999758764,,1.0,0.0,0,0.1358439045975873,10,0.025,0.15,0.8253038717710235,0.9059326554623711,0.8715627376624321,1.0,0.8626431955966054,0.8491058935626778,0.7610431065327364,0.8198469347833423,0.8621499323635188,0.8484685604156764,0.8412416642482816,0.8526049680488761
0,4,2.299893692045501,0.10272373540856031,4112,2.299368449619838,0.09002433090024331,822,2.3000023425379887,0.1,0.9148179382844868,0.08420432325196496,,,0.9212707064825265,,0.9213084451486194,0.07869155485138057,0,0.13584099672971478,10,0.025,0.15,0.7605795284306324,0.825189869288931,0.7960916739896194,0.8626431955966054,1.0,0.843582919466102,0.8310922735436613,0.8880397048648422,0.7636560894346788,0.7764688411121207,0.8035235499978385,0.8221158969347965
0,5,2.3000672947975898,0.11185394703008486,3889,2.3004512446267262,0.11182519280205655,778,2.300002188622197,0.1,0.9217924366298478,0.08484629023644973,,,0.9367572595039482,,0.9367892921390966,0.06321070786090344,0,0.13584209802833633,10,0.025,0.15,0.7633616485541979,0.8159221202293557,0.8739332895621085,0.8491058935626778,0.843582919466102,1.0,0.8557163694635693,0.843938642308271,0.7456216117941387,0.724715090492677,0.8520119839614655,0.8886299821685049
0,6,2.3006117919395708,0.1068714632174616,3711,2.301693598429362,0.09433962264150944,742,2.3000042981739286,0.1,0.8908912453389554,0.08200199325511973,,,0.8681425844901084,,0.8681734911125415,0.1318265088874585,0,0.13578474791087727,10,0.025,0.15,0.6691643627657526,0.7785850461665065,0.8046077737273899,0.7610431065327364,0.8310922735436613,0.8557163694635693,1.0,0.903272294157147,0.7915407630435477,0.7669839146499444,0.8493903213036175,0.8086566036479396
0,7,2.3013568239552633,0.10771604938271605,3564,2.3013333876927695,0.10799438990182328,713,2.300002475328083,0.1,0.9056137326798719,0.08335712309161182,,,0.9008331909713573,,0.9008681157267581,0.09913188427324193,0,0.13583866163746947,10,0.025,0.15,0.6745063571754153,0.7855028753695059,0.7665689097018751,0.8198469347833423,0.8880397048648422,0.843938642308271,0.903272294157147,1.0,0.8467737140783353,0.7819460880011069,0.8671085185019191,0.8228822429351752
0,8,2.300089195922569,0.10738157512351061,3441,2.3000038067499795,0.08139534883720931,688,2.3000045848798147,0.1,0.8835673813955511,0.0813278689500145,,,0.8518802812154,,0.8519252034130481,0.14807479658695188,0,0.1357809791391461,10,0.025,0.15,0.6423268343378548,0.8228024281523043,0.7870805486459282,0.8621499323635188,0.7636560894346788,0.7456216117941387,0.7915407630435477,0.8467737140783353,1.0,0.86927619158139,0.8029674781115429,0.8154199678080725
0,9,2.2994005768387407,0.10947810437912417,3334,2.3007431427637735,0.09745127436281859,667,2.3000050285194495,0.1,0.8711782493666946,0.08018751256377507,,,0.8243707829613931,,0.8244128665973495,0.17558713340265053,0,0.13577212019026214,10,0.025,0.15,0.6666508038390183,0.851607913525836,0.7744083756975423,0.8484685604156764,0.7764688411121207,0.724715090492677,0.7669839146499444,0.7819460880011069,0.86927619158139,1.0,0.7394094318896356,0.7542754600090981
0,10,2.301619758972755,0.10521443998765813,3241,2.299662152926127,0.10339506172839506,648,2.300004301191885,0.1,0.8904830002853442,0.08196441638105367,,,0.8672360951118887,,0.8672657655427374,0.13273423445726262,0,0.13578456794684618,10,0.025,0.15,0.6746075129694293,0.7697697000538383,0.798382272630465,0.8412416642482816,0.8035235499978385,0.8520119839614655,0.8493903213036175,0.8671085185019191,0.8029674781115429,0.7394094318896356,1.0,0.8242487256443113
0,11,2.3010175838470457,0.1063627730294397,3159,2.298400402069092,0.09968354430379747,632,2.3000038816959045,0.1,0.9044124500519661,0.0832465511554003,,,0.8981657981081632,,0.8981944513211533,0.10180554867884672,0,0.1357913281735918,10,0.025,0.15,0.6809823166632317,0.7971406901942608,0.8811682331045023,0.8526049680488761,0.8221158969347965,0.8886299821685049,0.8086566036479396,0.8228822429351752,0.8154199678080725,0.7542754600090981,0.8242487256443113,1.0
1,0,2.1751452004468,0.19545653761869977,6845,2.292481465773149,0.10372534696859022,1369,2.292489045782934,0.1088,0.8981133514856625,0.07852001991369162,,,0.8,,0.8000115528708884,0.19998844712911157,0.7609254669838627,0.14493913838710348,10,0.025,0.15,1.0,0.9510530705139908,0.9176428282601362,0.8991613024380912,0.8911862325101702,0.8585080892221214,0.836272417942448,0.8230877464406583,0.8065298419048313,0.8058229932545542,0.8153926498828732,0.8097945866572122
1,1,2.2280687570571898,0.1633442862358525,5478,2.2906858126322427,0.11222627737226278,1096,2.29246512545815,0.1033,0.9542168847309495,0.0850169269034557,,,0.9639871318338958,,0.9640128071825849,0.03598719281741514,0.7613807114460327,0.14501741356453432,10,0.025,0.15,0.9510530705139908,1.0,0.9699243277893483,0.9574421346529279,0.9472780400260253,0.9247496866519191,0.9047888969834705,0.8909740187144951,0.8834863399945903,0.8831113621821295,0.8793231645258728,0.8696875893760867
1,2,2.2579240541709096,0.15844398340248964,4820,2.2927753627300262,0.10269709543568464,964,2.29246512545815,0.1033,0.9805506577460229,0.08516035805423902,,,0.9676074488662387,,0.9676519615124358,0.03234803848756418,0.7613770533455185,0.1450174764295315,10,0.025,0.15,0.9176428282601362,0.9699243277893483,1.0,0.9761901216176779,0.9646283120186597,0.9645191889599732,0.9439634323222682,0.9338862639536886,0.9299759901856731,0.9253656349215829,0.9224046620451799,0.9198312393687816
1,3,2.2553540216173444,0.15744439400817067,4406,2.292300224304199,0.10442678774120318,881,2.2924650892426697,0.1033,0.9830324861667872,0.08644369894422059,,,0.9999999999747592,,1.0,0.0,0.7613783228499398,0.14501763480142216,10,0.025,0.15,0.8991613024380912,0.9574421346529279,0.9761901216176779,1.0,0.9735251794752985,0.9678209312465299,0.943064856583816,0.9453700443583949,0.9436237914281219,0.9387227516361984,0.9289281329782232,0.923075535861975
1,4,2.265930640336239,0.1507295719844358,4112,2.290977784565517,0.09245742092457421,822,2.2924655057206937,0.1033,0.983314057778831,0.08442630052364963,,,0.9490792493349728,,0.9491178557871631,0.05088214421283688,0.7614265716245995,0.1450170436008594,10,0.025,0.15,0.8911862325101702,0.9472780400260253,0.9646283120186597,0.9735251794752985,1.0,0.9714216372106743,0.9571189452343417,0.9549056749540901,0.9347880998464893,0.9371283549066907,0.936848208043778,0.9327396507444472
1,5,2.2698598384857176,0.15847261506814092,3889,2.292917490005493,0.11439588688946016,778,2.292465246176418,0.1033,0.9818043711162053,0.08477560492177674,,,0.9578959718886552,,0.957939297915532,0.042060702084467994,0.7614249512411652,0.1450172986728873,10,0.025,0.15,0.8585080892221214,0.9247496866519191,0.9645191889599732,0.9678209312465299,0.9714216372106743,1.0,0.9635554202712792,0.9575233923105901,0.9444992694365835,0.9450817408593161,0.9433634671346062,0.9431074525792527
1,6,2.2813613513420368,0.14163298302344382,3711,2.2942017714182534,0.09973045822102426,742,2.292468206791938,0.1033,0.9783471118416575,0.08289637500727096,,,0.9104627049168816,,0.9105065108679506,0.08949348913204935,0.7619607444105694,0.14501237000467615,10,0.025,0.15,0.836272417942448,0.9047888969834705,0.9439634323222682,0.943064856583816,0.9571189452343417,0.9635554202712792,1.0,0.9757200723436814,0.9604303022570996,0.9550826578845357,0.9544070285533479,0.9534433635340207
1,7,2.2783865426267895,0.13751402918069586,3564,2.2937837839126587,0.11079943899018233,713,2.292465910126891,0.1033,0.9764157030648859,0.08367475246082118,,,0.9301095747724877,,0.9301546434288921,0.06984535657110791,0.7614078820236967,0.14501387647522507,10,0.025,0.15,0.8230877464406583,0.8909740187144951,0.9338862639536886,0.9453700443583949,0.9549056749540901,0.9575233923105901,0.9757200723436814,1.0,0.9693714408205478,0.9632344183875898,0.9582556290905903,0.9534854848159617
1,8,2.273246971766154,0.14498692240627725,3441,2.2935524781545005,0.08430232558139535,688,2.292464386058759,0.1033,0.9691898092287452,0.082178473755719,,,0.8923423027982355,,0.8923685035731379,0.1076314964268621,0.7626782254929032,0.1450034043591074,10,0.025,0.15,0.8065298419048313,0.8834863399945903,0.9299759901856731,0.9436237914281219,0.9347880998464893,0.9444992694365835,0.9604303022570996,0.9693714408205478,1.0,0.9717690657620017,0.9466537380623018,0.9515990118789772
1,9,2.277442280451457,0.1380623875224955,3334,2.293329397837321,0.10344827586206896,667,2.2924670056451726,0.1032,0.966616329654592,0.08138623245841908,,,0.8723454984312861,,0.8723820369361787,0.12761796306382134,0.7625133027508155,0.1449930901952462,10,0.025,0.15,0.8058229932545542,0.8831113621821295,0.9253656349215829,0.9387227516361984,0.9371283549066907,0.9450817408593161,0.9550826578845357,0.9632344183875898,0.9717690657620017,1.0,0.9415707550909969,0.946504594244071
1,10,2.285730041907384,0.15455106448626968,3241,2.2932835817337036,0.10493827160493827,648,2.2924637432339825,0.1033,0.9637597009506802,0.0823962820647563,,,0.8978399588282341,,0.8978808733970391,0.10211912660296085,0.7627051304210616,0.14500420559434968,10,0.025,0.15,0.8153926498828732,0.8793231645258728,0.9224046620451799,0.9289281329782232,0.936848208043778,0.9433634671346062,0.9544070285533479,0.9582556290905903,0.9466537380623018,0.9415707550909969,1.0,0.9524804403404381
1,11,2.2865481672286987,0.1439696106362773,3159,2.2913094043731688,0.10126582278481013,632,2.2924669483039954,0.1033,0.9616949981470675,0.08312497499198021,,,0.916232751477315,,0.9162664422108894,0.08373355778911062,0.7621068795957254,0.1450128841864908,10,0.025,0.15,0.8097945866572122,0.8696875893760867,0.9198312393687816,0.923075535861975,0.9327396507444472,0.9431074525792527,0.9534433635340207,0.9534854848159617,0.9515990118789772,0.946504594244071,0.9524804403404381,1.0
2,0,2.077604635556539,0.2426588750913075,6845,2.280412955717607,0.15631848064280496,1369,2.2805884488021273,0.1607,0.9038843086620659,0.07807146062086164,,,0.8,,0.8000115528708884,0.19998844712911157,0.9292582111279927,0.14608049268222784,10,0.025,0.15,1.0,0.9463195017032892,0.9223978773968259,0.897126183943655,0.8942366273875573,0.8696683162293714,0.856543020485834,0.8480890512940076,0.8416654951262661,0.8392115312219047,0.8267652538158994,0.8275274982608866
2,1,2.126547378163005,0.21343556042351222,5478,2.277613295449151,0.19525547445255476,1096,2.2805442206467252,0.161,0.9650466944477389,0.08408719088743649,,,0.958546723292867,,0.9585994619662986,0.04140053803370136,0.9300885853574326,0.14614318563191836,10,0.025,0.15,0.9463195017032892,1.0,0.970724814126416,0.9552012887970642,0.957763492990192,0.9408515399368029,0.9310778054470625,0.9239998523666192,0.9210581816886216,0.9187429460470579,0.9083355756322948,0.9052263626380709
2,2,2.15823214210962,0.20541493775933609,4820,2.2806429862976074,0.1628630705394191,964,2.2805439520485793,0.161,0.9818672654986361,0.08472413418493567,,,0.9753335917638409,,0.9753841329570399,0.02461586704296015,0.9300892892892474,0.1461433955091324,10,0.025,0.15,0.9223978773968259,0.970724814126416,1.0,0.9712573116954469,0.970451022129704,0.9618924672853805,0.9528872850039541,0.952162552173834,0.9506522408856748,0.9463743042005142,0.9390337437916838,0.9370425612259153
2,3,2.1592432699884685,0.20862460281434408,4406,2.2803568499428883,0.1623155505107832,881,2.2805440093897564,0.161,0.9862040807439114,0.08566005045840736,,,0.9999999999736446,,1.0,0.0,0.9300895634716492,0.14614345504442341,10,0.025,0.15,0.897126183943655,0.9552012887970642,0.9712573116954469,1.0,0.9791297844116839,0.9729495622297673,0.9644930414055272,0.9619799307557225,0.9618514781312383,0.9578739748605672,0.9505883018847228,0.9518466682626153
2,4,2.1625891703547855,0.21023832684824903,4112,2.2779252188546315,0.15328467153284672,822,2.280544465101218,0.161,0.9871551033036143,0.08444195258714958,,,0.9678965948042011,,0.9679490353352809,0.03205096466471913,0.9300845737773447,0.14614332222378212,10,0.025,0.15,0.8942366273875573,0.957763492990192,0.970451022129704,0.9791297844116839,1.0,0.9762114990316616,0.9694710548300549,0.9642220684904058,0.9606671986795697,0.9594197858561807,0.9543864699879575,0.9497793412863981
2,5,2.1711575781145402,0.21175109282591925,3889,2.2813741820199147,0.14781491002570693,778,2.2805440365513667,0.161,0.9855461266753757,0.0846057951520531,,,0.9722147242166329,,0.9722483537158984,0.02775164628410165,0.9300903987392605,0.14614336968969213,10,0.025,0.15,0.8696683162293714,0.9408515399368029,0.9618924672853805,0.9729495622297673,0.9762114990316616,1.0,0.9752380034513758,0.9685633155059121,0.9636489159875565,0.9616145482388296,0.963723278031785,0.9620475226850509
2,6,2.196087692523825,0.19461061708434385,3711,2.282432198524475,0.14555256064690028,742,2.280548125882692,0.1613,0.9850945949927715,0.08342754003611519,,,0.9411613891173223,,0.9412041392285984,0.05879586077140164,0.9300447043821978,0.14614268540934786,10,0.025,0.15,0.856543020485834,0.9310778054470625,0.9528872850039541,0.9644930414055272,0.9694710548300549,0.9752380034513758,1.0,0.9806402909481551,0.9727225205933778,0.9692817811075729,0.9697893664719313,0.9699282727960032
2,7,2.200098820243563,0.1876262626262626,3564,2.2817356189092,0.1697054698457223,713,2.2805449570281597,0.161,0.9843856025894594,0.0838863748135899,,,0.9532541438250308,,0.9532933934082619,0.04670660659173809,0.9300724045043282,0.14614304464844122,10,0.025,0.15,0.8480890512940076,0.9239998523666192,0.952162552173834,0.9619799307557225,0.9642220684904058,0.9685633155059121,0.9806402909481551,1.0,0.9811269524015879,0.9729683368498341,0.9757560226643897,0.9743235143389969
2,8,2.1883940634904087,0.1862830572507992,3441,2.283200820287069,0.13662790697674418,688,2.2805458231817317,0.1599,0.9811686187502332,0.08285510857255764,,,0.9260747531088791,,0.9261111386179466,0.07388886138205342,0.9299142144629271,0.14614046092389843,10,0.025,0.15,0.8416654951262661,0.9210581816886216,0.9506522408856748,0.9618514781312383,0.9606671986795697,0.9636489159875565,0.9727225205933778,0.9811269524015879,1.0,0.9735784582998066,0.969284168438427,0.9700511338727091
2,9,2.2041185008154973,0.1809238152369526,3334,2.28186563650767,0.14392803598200898,667,2.280550561373747,0.16,0.9778217193641405,0.08225551938875852,,,0.9102723656678412,,0.9103249657539899,0.08967503424601009,0.9298212889832494,0.14613948674766797,10,0.025,0.15,0.8392115312219047,0.9187429460470579,0.9463743042005142,0.9578739748605672,0.9594197858561807,0.9616145482388296,0.9692817811075729,0.9729683368498341,0.9735784582998066,1.0,0.9620051570497693,0.9664803745702464
2,10,2.2140218977744763,0.18722616476396173,3241,2.282188971837362,0.16049382716049382,648,2.2805449057228957,0.1599,0.9745552945911264,0.08277445614701215,,,0.9239491295803595,,0.9239903616048588,0.07600963839514119,0.9299030924406461,0.14614033418051114,10,0.025,0.15,0.8267652538158994,0.9083355756322948,0.9390337437916838,0.9505883018847228,0.9543864699879575,0.963723278031785,0.9697893664719313,0.9757560226643897,0.969284168438427,0.9620051570497693,1.0,0.9691261130474165
2,11,2.2246831207275393,0.1884457106679329,3159,2.280308389663696,0.17088607594936708,632,2.2805460434925706,0.1614,0.9740883848725154,0.08321041715112266,,,0.935439037808001,,0.9354772160881979,0.0645227839118021,0.9300823534780869,0.14614087993417788,10,0.025,0.15,0.8275274982608866,0.9052263626380709,0.9370425612259153,0.9518466682626153,0.9497793412863981,0.9620475226850509,0.9699282727960032,0.9743235143389969,0.9700511338727091,0.9664803745702464,0.9691261130474165,1.0
3,0,2.005922464750431,0.27069393718042367,6845,2.262789314443415,0.20598977355734113,1369,2.2633165739759615,0.1955,0.903077540212625,0.07783163986774522,,,0.8,,0.8000115528708884,0.19998844712911157,0.966337524602865,0.14575751908748555,10,0.025,0.15,1.0,0.9464141721765578,0.9259389990351473,0.8956900349959187,0.8944479370075208,0.8697568984453586,0.8579348069907748,0.8476509959987244,0.8326579495154783,0.8287897402279049,0.8189037620729218,0.82215700973998
3,1,2.05068587674651,0.247973713033954,5478,2.2587987316979303,0.2281021897810219,1096,2.263240965106819,0.1985,0.9599754308518995,0.08341508269539243,,,0.9524723705627167,,0.9525177006486112,0.04748229935138881,0.966962887172274,0.14583132761665682,10,0.025,0.15,0.9464141721765578,1.0,0.9647899012037573,0.9473078466473209,0.9520069036679638,0.9351845806991599,0.927631711413449,0.917567205018907,0.9062229692259934,0.9050707964452771,0.8955942783283822,0.9001264528124077
3,2,2.0799615034931582,0.2408713692946058,4820,2.263095945119858,0.19398340248962656,964,2.2632401623303378,0.1985,0.9765612614760234,0.08435071036110633,,,0.9780224429032218,,0.9780660494132792,0.021933950586720763,0.9669664159459597,0.14583175673084103,10,0.025,0.15,0.9259389990351473,0.9647899012037573,1.0,0.9615547385691707,0.9641510608311225,0.9541213078382988,0.9484841161197066,0.9437990483640851,0.9387531854523145,0.9296935387620624,0.9272139512483757,0.9310710496377653
3,3,2.0848228921209064,0.2435542442124376,4406,2.262983662741525,0.19977298524404086,881,2.263240358497523,0.1985,0.9834553669462052,0.08515551475245844,,,0.9999999999726921,,1.0,0.0,0.9669689576712222,0.1458318305890291,10,0.025,0.15,0.8956900349959187,0.9473078466473209,0.9615547385691707,1.0,0.9716386021749688,0.9672879810352004,0.9620846796258583,0.9585456334957878,0.9553454846992485,0.9487844870214345,0.9454089316292096,0.954253712327188
3,4,2.0789055372729446,0.2446498054474708,4112,2.2587119170597623,0.20802919708029197,822,2.2632406120058857,0.1985,0.9869939271594383,0.08451610391115405,,,0.9825390014908173,,0.9825716690597613,0.017428330940238657,0.9669691140521706,0.1458317882143419,10,0.025,0.15,0.8944479370075208,0.9520069036679638,0.9641510608311225,0.9716386021749688,1.0,0.9716146918547723,0.968515249519705,0.9649631429504022,0.9594278664266833,0.9533716736242975,0.953364467863004,0.9559563013365385
3,5,2.087665249839906,0.24674723579326305,3889,2.265319756099156,0.18380462724935734,778,2.263239969181109,0.1985,0.9837365866362535,0.08451139664758828,,,0.9824104557786301,,0.9824396362496081,0.01756036375039194,0.9669679549793512,0.14583178365244287,10,0.025,0.15,0.8697568984453586,0.9351845806991599,0.9541213078382988,0.9672879810352004,0.9716146918547723,1.0,0.9694960948953032,0.9670161808937462,0.9597456121462989,0.9570220444518511,0.9589900173480806,0.9601249349787253
3,6,2.112737635497389,0.23597413096200484,3711,2.2657093604405723,0.1752021563342318,742,2.2632458511787124,0.1993,0.984891133883829,0.08381892250876954,,,0.9635004074879485,,0.9635424402964137,0.03645755970358633,0.9669645087159401,0.14583159575434582,10,0.025,0.15,0.8579348069907748,0.927631711413449,0.9484841161197066,0.9620846796258583,0.968515249519705,0.9694960948953032,1.0,0.9778254304702092,0.9675559601159862,0.9708921930522307,0.9648902663840069,0.9687579417098456
3,7,2.126116602761405,0.22384960718294053,3564,2.264421025911967,0.2005610098176718,713,2.263241408746454,0.1984,0.9831324059785969,0.08404588894900503,,,0.9696983954049249,,0.9697479823736198,0.03025201762638019,0.9669689392330804,0.14583167659605858,10,0.025,0.15,0.8476509959987244,0.917567205018907,0.9437990483640851,0.9585456334957878,0.9649631429504022,0.9670161808937462,0.9778254304702092,1.0,0.973897689929755,0.9691450571591999,0.9705090962295562,0.9722690804939782
3,8,2.1087355141286497,0.22368497529787854,3441,2.2680493593215942,0.18459302325581395,688,2.263245555418956,0.1992,0.9775164297271923,0.0832236842327945,,,0.94724567115606,,0.9472859005462857,0.0527140994537143,0.9669533769002654,0.1458311404295335,10,0.025,0.15,0.8326579495154783,0.9062229692259934,0.9387531854523145,0.9553454846992485,0.9594278664266833,0.9597456121462989,0.9675559601159862,0.973897689929755,1.0,0.964905716542167,0.9671369662512576,0.9717907400183
3,9,2.1234961558271337,0.22513497300539892,3334,2.2656484842300415,0.17991004497751126,667,2.263254017769536,0.1992,0.9740985351337013,0.08274066526136659,,,0.9340554138410383,,0.934090871581588,0.06590912841841201,0.9669419397720975,0.14582919990668922,10,0.025,0.15,0.8287897402279049,0.9050707964452771,0.9296935387620624,0.9487844870214345,0.9533716736242975,0.9570220444518511,0.9708921930522307,0.9691450571591999,0.964905716542167,1.0,0.9610876525359828,0.969260904959278
3,10,2.133464907682859,0.22159827213822894,3241,2.266079624493917,0.19444444444444445,648,2.263244595708726,0.1992,0.9721952128075945,0.08300015923675487,,,0.9411416620207957,,0.9411876351273292,0.05881236487267083,0.9669505033488047,0.14583085644594307,10,0.025,0.15,0.8189037620729218,0.8955942783283822,0.9272139512483757,0.9454089316292096,0.953364467863004,0.9589900173480806,0.9648902663840069,0.9705090962295562,0.9671369662512576,0.9610876525359828,1.0,0.9720587444912396
3,11,2.147898944377899,0.22510288065843623,3159,2.26433744430542,0.20569620253164558,632,2.2632426340368728,0.1992,0.9758721590916063,0.08339023157586467,,,0.951793737464376,,0.9518410324965754,0.04815896750342463,0.966950852142779,0.14583132591824668,10,0.025,0.15,0.82215700973998,0.9001264528124077,0.9310710496377653,0.954253712327188,0.9559563013365385,0.9601249349787253,0.9687579417098456,0.9722690804939782,0.9717907400183,0.969260904959278,0.9720587444912396,1.0
4,0,1.946271608714704,0.2935281227173119,6845,2.239291884682395,0.2505478451424397,1369,2.240348022195357,0.2353,0.9130568211120825,0.07808298249043542,,,0.8,,0.8000115528708884,0.19998844712911157,0.9767204867042028,0.14539950329727339,10,0.025,0.15,1.0,0.9486673066735881,0.931151000639357,0.9034829249789382,0.8974748383589471,0.875200556350792,0.8712443179951582,0.864859825759937,0.8390788200940198,0.8375237755880395,0.8298186924911228,0.8327067782703798
4,1,1.987889325341513,0.275337714494341,5478,2.2339853975507946,0.26733576642335766,1096,2.2402267667311655,0.2369,0.9573230763425079,0.08299126167737643,,,0.9461708653413681,,0.94621313396379,0.05378686603620997,0.977080859757343,0.14545863017461588,10,0.025,0.15,0.9486673066735881,1.0,0.958341801514418,0.9410043214469638,0.9441444514258416,0.9250618644358595,0.9249374627409369,0.9183183771605735,0.896685324540256,0.8970001713853778,0.8900633545084857,0.8960672140555469
4,2,2.017203410048234,0.2662448132780083,4820,2.239694505929947,0.23029045643153526,964,2.240226335163358,0.2369,0.9722614656847232,0.08405926378722164,,,0.9779764710611549,,0.9780247891601063,0.021975210839893733,0.9770869610495887,0.14545936579660435,10,0.025,0.15,0.931151000639357,0.958341801514418,1.0,0.9536787606092844,0.9545862884370121,0.9451175333401348,0.9434041301204944,0.9388742369942935,0.9269896577254091,0.9204718030131704,0.9181311429504306,0.9210651877120782
4,3,2.0238814183643887,0.26831593281888333,4406,2.239978347505842,0.2383654937570942,881,2.2402264257020588,0.2369,0.9796236318269591,0.0847987930245625,,,0.9999999999702195,,1.0,0.0,0.9770882112163741,0.1454593989188664,10,0.025,0.15,0.9034829249789382,0.9410043214469638,0.9536787606092844,1.0,0.9653113869471439,0.9573570069225013,0.9545172591025942,0.952881673058726,0.943438339479759,0.9385077065491184,0.9373450914850198,0.947400746077786
4,4,2.0154355002172064,0.27130350194552527,4112,2.2332331112452914,0.2396593673965937,822,2.2402262778221806,0.2369,0.9841551199225806,0.08455012320190364,,,0.9925944955606416,,0.9926391708339523,0.007360829166047744,0.9770852355465097,0.145459396954972,10,0.025,0.15,0.8974748383589471,0.9441444514258416,0.9545862884370121,0.9653113869471439,1.0,0.9626443292643114,0.9640606229643948,0.9624799892023389,0.9511517031469098,0.946789439052622,0.947566582336968,0.9511976323934738
4,5,2.0217035993452996,0.27408074055027,3889,2.2439883095877513,0.21979434447300772,778,2.2402253724351713,0.2369,0.9792503927705906,0.08438708705418442,,,0.9877392023129702,,0.9877704609595485,0.012229539040451542,0.9770859385000086,0.14545939188393356,10,0.025,0.15,0.875200556350792,0.9250618644358595,0.9451175333401348,0.9573570069225013,0.9626443292643114,1.0,0.9607882178791473,0.9623153324404934,0.9487695115551616,0.9488472755548069,0.9505417789065143,0.9525715044368188
4,6,2.04554512377443,0.26696308272702773,3711,2.243391990661621,0.2169811320754717,742,2.240231882167768,0.2372,0.9822567676385721,0.0840557163097723,,,0.9778708255123177,,0.9779092604512222,0.022090739548777827,0.9770875594552905,0.1454593657179985,10,0.025,0.15,0.8712443179951582,0.9249374627409369,0.9434041301204944,0.9545172591025942,0.9640606229643948,0.9607882178791473,1.0,0.9698436681647462,0.9584529315524307,0.9620235265740621,0.9546218556441779,0.9604860226778266
4,7,2.0646090601171765,0.2515151515151515,3564,2.2415101130803428,0.24123422159887797,713,2.2402274336995958,0.2369,0.9816837660860268,0.08417778896099812,,,0.9815062065459941,,0.9815401627304385,0.018459837269561463,0.977087053954105,0.14545937814297544,10,0.025,0.15,0.864859825759937,0.9183183771605735,0.9388742369942935,0.952881673058726,0.9624799892023389,0.9623153324404934,0.9698436681647462,1.0,0.9645892411596961,0.9597342804963876,0.9596846750531312,0.9637354220402568
4,8,2.0458635330200194,0.25106073815751234,3441,2.248061021169027,0.20784883720930233,688,2.24023405509659,0.2368,0.971918854219034,0.08334902856100944,,,0.95682533159713,,0.9568665313330362,0.04313346866696377,0.9770745809583377,0.14545904139161092,10,0.025,0.15,0.8390788200940198,0.896685324540256,0.9269896577254091,0.943438339479759,0.9511517031469098,0.9487695115551616,0.9584529315524307,0.9645892411596961,1.0,0.9540330352650446,0.9576826764117439,0.9622048845538873
4,9,2.05876148365162,0.24937012597480504,3334,2.244117816289266,0.20239880059970014,667,2.24024480204039,0.2372,0.9698472537650206,0.08298180256945002,,,0.9458891686533233,,0.9459408162928488,0.05405918370715124,0.9770642635391092,0.14545862928198308,10,0.025,0.15,0.8375237755880395,0.8970001713853778,0.9204718030131704,0.9385077065491184,0.946789439052622,0.9488472755548069,0.9620235265740621,0.9597342804963876,0.9540330352650446,1.0,0.9538059857448626,0.9606503583092322
4,10,2.067505405957882,0.2485961123110151,3241,2.2441498041152954,0.24074074074074073,648,2.2402317554135864,0.2368,0.9683272644007264,0.08309313606276797,,,0.9492047325077715,,0.9492416365466818,0.05075836345331819,0.9770656165372978,0.14545878570383644,10,0.025,0.15,0.8298186924911228,0.8900633545084857,0.9181311429504306,0.9373450914850198,0.947566582336968,0.9505417789065143,0.9546218556441779,0.9596846750531312,0.9576826764117439,0.9538059857448626,1.0,0.9618585953752102
4,11,2.0797685956954957,0.2555872111427667,3159,2.2432608127593996,0.25158227848101267,632,2.240226793892776,0.2372,0.9725524789827549,0.08347301630031809,,,0.9605177448556675,,0.9605551979666948,0.03944480203330525,0.977079698931785,0.14545912935772348,10,0.025,0.15,0.8327067782703798,0.8960672140555469,0.9210651877120782,0.947400746077786,0.9511976323934738,0.9525715044368188,0.9604860226778266,0.9637354220402568,0.9622048845538873,0.9606503583092322,0.9618585953752102,1.0
5,0,1.8986143529415132,0.30989043097151203,6845,2.210399540987882,0.2907231555880205,1369,2.2120893393890766,0.279,0.9259233837578159,0.07870360987672163,,,0.8,,0.8000115528708884,0.19998844712911157,0.9829309397141744,0.14517091125561857,10,0.025,0.15,1.0,0.9471766972124814,0.9335832554937415,0.9146322451360064,0.9075806281761237,0.8853246876162555,0.8868387646424988,0.8802443071584755,0.8531341887805504,0.8557387191064264,0.8517158308865596,0.8477484684992133
5,1,1.9312060444854027,0.29930631617378606,5478,2.2036517196231418,0.3001824817518248,1096,2.211924359768252,0.2775,0.9593113270344338,0.08284033449450418,,,0.9418747704813394,,0.9419303196844416,0.05806968031555837,0.9833412976036843,0.14522712804556587,10,0.025,0.15,0.9471766972124814,1.0,0.9538196704205175,0.9401734178195502,0.9424372410947237,0.92359220204898,0.9271347100305097,0.9213023044460292,0.8975477190641583,0.8971754366176825,0.8980101667552188,0.8979786213458132
5,2,1.9617581869426526,0.28846473029045644,4820,2.2108685672283173,0.274896265560166,964,2.2119234453273724,0.2775,0.9713868080084833,0.08389758317525535,,,0.9781345962571428,,0.9781733260715287,0.021826673928471263,0.9833633994571235,0.14522810706325906,10,0.025,0.15,0.9335832554937415,0.9538196704205175,1.0,0.9496053627100521,0.9492008866540789,0.9393096373801733,0.9443836338200229,0.9350883239216035,0.922704665983165,0.9201155725927718,0.9181514540511448,0.9185963817806443
5,3,1.9738242861202786,0.2919655015887426,4406,2.211770466395787,0.27695800227014755,881,2.211923638476601,0.2776,0.9767054249227205,0.08453027174531577,,,0.9998335378008043,,0.9998514630885775,0.00014853691142246994,0.9833637602649938,0.14522818632437626,10,0.025,0.15,0.9146322451360064,0.9401734178195502,0.9496053627100521,1.0,0.9584761194632029,0.9496696320499721,0.9473966585409473,0.9456681654534751,0.9364333065434473,0.9268442392720603,0.9346636045591117,0.940728442293137
5,4,1.964152133103573,0.2913910505836576,4112,2.202028921672276,0.2895377128953771,822,2.211922877951513,0.2776,0.9815787448658922,0.0845351253787922,,,0.9999999999657035,,1.0,0.0,0.9833642256445321,0.145228186324378,10,0.025,0.15,0.9075806281761237,0.9424372410947237,0.9492008866540789,0.9584761194632029,1.0,0.9556180323358048,0.9575010638863871,0.9563647327558122,0.9458168210166892,0.9375108282641361,0.9460930436175604,0.943803528512023
5,5,1.9662655011300119,0.29696580097711495,3889,2.2173780373164584,0.2660668380462725,778,2.211921622481527,0.2776,0.9754880119644413,0.08423499598067569,,,0.9897066414739538,,0.9897427010612138,0.010257298938786241,0.9833633713789705,0.1452281768260831,10,0.025,0.15,0.8853246876162555,0.92359220204898,0.9393096373801733,0.9496696320499721,0.9556180323358048,1.0,0.9552072873920294,0.9548535414770152,0.9405452890812482,0.9318028750253091,0.9469229050248827,0.9456528396919839
5,6,1.98777222140082,0.28741579089194286,3711,2.2158711751302085,0.25202156334231807,742,2.2119282800940017,0.2772,0.9797783422457564,0.08416948159262276,,,0.9874597336840859,,0.9874898912379726,0.012510108762027405,0.9833644936252577,0.14522816894987,10,0.025,0.15,0.8868387646424988,0.9271347100305097,0.9443836338200229,0.9473966585409473,0.9575010638863871,0.9552072873920294,1.0,0.9605792763974079,0.9501602978880773,0.9487417382445289,0.9495113921777764,0.9511564428320157
5,7,2.0107928637947357,0.271324354657688,3564,2.213560859362284,0.28190743338008417,713,2.211924115313759,0.2775,0.9782343225496669,0.08419480787731197,,,0.9883283341251161,,0.9883646086052384,0.011635391394761552,0.9833638894954263,0.14522817213046366,10,0.025,0.15,0.8802443071584755,0.9213023044460292,0.9350883239216035,0.9456681654534751,0.9563647327558122,0.9548535414770152,0.9605792763974079,1.0,0.9556373449311458,0.9442366509226777,0.951917944319627,0.9543965996681477
5,8,1.9922287592181454,0.2730601569311247,3441,2.223283330599467,0.25290697674418605,688,2.2119330997708477,0.2773,0.9681522436351354,0.08335114810085109,,,0.9593938392749644,,0.9594329190803915,0.04056708091960848,0.9833607531211753,0.1452278233669348,10,0.025,0.15,0.8531341887805504,0.8975477190641583,0.922704665983165,0.9364333065434473,0.9458168210166892,0.9405452890812482,0.9501602978880773,0.9556373449311458,1.0,0.9368520161501311,0.9510087707247816,0.9526129947379887
5,9,2.0054382266821684,0.2778344331133773,3334,2.2176093657811484,0.2518740629685157,667,2.2119468676893015,0.2773,0.9622352288021975,0.08292997000668897,,,0.944948946041281,,0.9450000825205064,0.05499991747949362,0.9833449759105544,0.1452272569107633,10,0.025,0.15,0.8557387191064264,0.8971754366176825,0.9201155725927718,0.9268442392720603,0.9375108282641361,0.9318028750253091,0.9487417382445289,0.9442366509226777,0.9368520161501311,1.0,0.9356092088669188,0.9400490919700516
5,10,2.014820693547909,0.2705337858685591,3241,2.2171187003453574,0.2932098765432099,648,2.211929653264299,0.2773,0.9676174062291136,0.08317486786460504,,,0.9533480614268823,,0.9533924180158769,0.04660758198412307,0.9833502971932423,0.14522765288452358,10,0.025,0.15,0.8517158308865596,0.8980101667552188,0.9181514540511448,0.9346636045591117,0.9460930436175604,0.9469229050248827,0.9495113921777764,0.951917944319627,0.9510087707247816,0.9356092088669188,1.0,0.9527221848640032
5,11,2.020343867301941,0.2821462488129155,3159,2.217438554763794,0.27689873417721517,632,2.2119214414041255,0.277,0.968449432009734,0.08343780390665526,,,0.9623658216270145,,0.9624036573088413,0.037596342691158746,0.9833605720272599,0.14522788182220892,10,0.025,0.15,0.8477484684992133,0.8979786213458132,0.9185963817806443,0.940728442293137,0.943803528512023,0.9456528396919839,0.9511564428320157,0.9543965996681477,0.9526129947379887,0.9400490919700516,0.9527221848640032,1.0
6,0,1.8580094273443575,0.3268809349890431,6845,2.176912307739258,0.3089846603360117,1369,2.1794101014921936,0.2973,0.9338208943089307,0.07936779700694008,,,0.8,,0.8000115528708884,0.19998844712911157,0.9882703360841846,0.14506276856307262,10,0.025,0.15,1.0,0.9456785460148018,0.9328330554759285,0.9201306524892804,0.9079721126008363,0.8901126082962361,0.8976650130428492,0.8939501522979902,0.8666378780697803,0.8675397973126474,0.8643966570360762,0.859260435346494
6,1,1.890501969082411,0.31575392479006936,5478,2.168740404976739,0.3147810218978102,1096,2.1791874004315726,0.2964,0.9587551422301012,0.08275045120643605,,,0.9330162692599447,,0.933042861150996,0.066957138849004,0.9886744928524014,0.14511352049337262,10,0.025,0.15,0.9456785460148018,1.0,0.9456685601810138,0.938267809111607,0.9367354862519401,0.9196245596063889,0.9272959644567781,0.9240776206729276,0.900160152838677,0.8971128842925217,0.8989783060158769,0.8978112441997343
6,2,1.9152546957919472,0.31016597510373445,4820,2.1774838268756866,0.2966804979253112,964,2.179183576680437,0.2963,0.9697707045152845,0.08376667468534053,,,0.972977272639592,,0.9730157944249146,0.026984205575085407,0.9886927270918926,0.14511540935398556,10,0.025,0.15,0.9328330554759285,0.9456685601810138,1.0,0.9475943795245435,0.9433675508136783,0.9360547845193211,0.9443136718020835,0.9345588690450876,0.9226508187209397,0.9160922435717659,0.9177570580728354,0.9164124600728297
6,3,1.926416210106441,0.3057875624148888,4406,2.1790404319763184,0.28944381384790013,881,2.1791831903819796,0.2963,0.9749300873289622,0.08432800418223894,,,0.9950504586939376,,0.9950817778217887,0.004918222178211251,0.9886977458502989,0.14511550216967029,10,0.025,0.15,0.9201306524892804,0.938267809111607,0.9475943795245435,1.0,0.9532246875732274,0.943754865893138,0.9442662669619705,0.9434027185335251,0.9339769187553213,0.9257479005023279,0.931143708812598,0.934273658496562
6,4,1.9172972455169215,0.3091196498054475,4112,2.166119337081909,0.3102189781021898,822,2.1791816361342806,0.2964,0.9786902991781253,0.0844538728947255,,,0.999999999960677,,1.0,0.0,0.9886975730835083,0.14511550297817355,10,0.025,0.15,0.9079721126008363,0.9367354862519401,0.9433675508136783,0.9532246875732274,1.0,0.9500406423979658,0.9526246726302746,0.9528051319928288,0.9437177642092833,0.9365978783163942,0.9426921532036221,0.9388176556096458
6,5,1.9159675778881196,0.31455386988943174,3889,2.1861907754625594,0.30077120822622105,778,2.1791802991794635,0.2964,0.9735957570594344,0.08410110742918808,,,0.9861281870640093,,0.9861695631364394,0.013830436863560558,0.988697564260432,0.14511549158152012,10,0.025,0.15,0.8901126082962361,0.9196245596063889,0.9360547845193211,0.943754865893138,0.9500406423979658,1.0,0.951815202815284,0.9503810321955901,0.9381609290223791,0.9355882884832435,0.9426037270305356,0.9406144114346497
6,6,1.9364221605761298,0.30794933980059286,3711,2.183996558189392,0.2830188679245283,742,2.179186190230937,0.296,0.9784713272932725,0.08421973479455551,,,0.9907929764993771,,0.9908319717449786,0.009168028255021388,0.9886967147604041,0.14511549881112387,10,0.025,0.15,0.8976650130428492,0.9272959644567781,0.9443136718020835,0.9442662669619705,0.9526246726302746,0.951815202815284,1.0,0.9551146913566808,0.9466390520302047,0.9453512193452009,0.9448068464450873,0.945856563199946
6,7,1.9600224746125086,0.290347923681257,3564,2.18136457602183,0.2903225806451613,713,2.179183030430275,0.2964,0.9766709658562708,0.08417663441690801,,,0.9890981383337676,,0.9891320493142546,0.01086795068574542,0.9886977587021674,0.14511549649159242,10,0.025,0.15,0.8939501522979902,0.9240776206729276,0.9345588690450876,0.9434027185335251,0.9528051319928288,0.9503810321955901,0.9551146913566808,1.0,0.9493121119511767,0.9397542371657923,0.9447385502674915,0.9465768252768332
6,8,1.9437263502015008,0.2931415286253996,3441,2.194610277811686,0.26453488372093026,688,2.1791936506198932,0.2954,0.9671945456013149,0.08334328998086622,,,0.956328496108048,,0.9563714082949613,0.043628591705038744,0.9886919752682569,0.1451150793634744,10,0.025,0.15,0.8666378780697803,0.900160152838677,0.9226508187209397,0.9339769187553213,0.9437177642092833,0.9381609290223791,0.9466390520302047,0.9493121119511767,1.0,0.9343692105353902,0.9433127268195277,0.9451120159669614
6,9,1.9553435471322802,0.2947210557888422,3334,2.187100609143575,0.2608695652173913,667,2.179211178912392,0.2952,0.9628206490971062,0.08293892543486815,,,0.9404276501576494,,0.9404697067221205,0.05953029327787951,0.9886883149374887,0.14511444040788077,10,0.025,0.15,0.8675397973126474,0.8971128842925217,0.9160922435717659,0.9257479005023279,0.9365978783163942,0.9355882884832435,0.9453512193452009,0.9397542371657923,0.9343692105353902,1.0,0.9349336583837142,0.9409425770107381
