round,client_id,client_i_training_loss,client_i_training_accuracy,client_i_training_dataset_size,client_i_evaluation_loss,client_i_evaluation_accuracy,client_i_evaluation_dataset_size,client_i_central_evaluation_loss,client_i_central_evaluation_accuracy,client_i_cosine_similarity,client_i_importance_coefficient,client_i_tanh_val,tanh_normalization_value,client_i_q,client_i_mask_order,client_i_v_nonzero_fraction,client_i_v_sparsity,client_i_v_cosine_similarity,client_i_reward_gradient_norm,local_epochs,learning_rate,gamma,client_0_cosine_similarity,client_1_cosine_similarity,client_2_cosine_similarity,client_3_cosine_similarity,client_4_cosine_similarity,client_5_cosine_similarity,client_6_cosine_similarity,client_7_cosine_similarity,client_8_cosine_similarity,client_9_cosine_similarity,client_10_cosine_similarity,client_11_cosine_similarity
0,0,2.2627114287129153,0.15073776479181886,6845,2.2962658405303955,0.1110299488677867,1369,2.298067111003248,0.1,0.8919700805919707,0.07894869203968431,,,0.65,,0.6500140284860788,0.3499859715139212,0,0.14093794612920557,10,0.025,0.15,1.0,0.9361767125473706,0.8754873781229683,0.8612106662638612,0.8467364335992956,0.8249346920267887,0.7946227977652612,0.7686970875980613,0.728339653211778,0.7424578699366701,0.7155016568568007,0.7221701679994136
0,1,2.2737784840339836,0.13634538152610443,5478,2.2983058293660483,0.09215328467153285,1096,2.298050183284132,0.1,0.9466783414736825,0.08379094598334855,,,0.8702604611585993,,0.8703107722268983,0.12968922777310166,0,0.141080973393627,10,0.025,0.15,0.9361767125473706,1.0,0.9281690460285948,0.9203142718586496,0.8952030365242766,0.8979845774972447,0.8805046041521513,0.8348808081230343,0.8174749790549374,0.8382823976339415,0.7870161611085915,0.8012498718687273
0,2,2.2896970322257593,0.11858921161825726,4820,2.299022674560547,0.09647302904564316,964,2.298051788837095,0.1,0.9739354319469592,0.08620348390193476,,,0.9799999999545128,,0.9800300374643098,0.019969962535690167,0,0.14108543163131654,10,0.025,0.15,0.8754873781229683,0.9281690460285948,1.0,0.9392205457393781,0.9155834116610446,0.9486034402592488,0.9262555026948852,0.8863023191992633,0.8959343219384592,0.8985471676810136,0.8612845485697177,0.901258720457827
0,3,2.289718976020813,0.1144348615524285,4406,2.298649174826486,0.09648127128263337,881,2.298051855232142,0.1,0.9657570468625649,0.08547961118528347,,,0.9470730737245576,,0.9471208595335942,0.05287914046640585,0,0.14108520121103207,10,0.025,0.15,0.8612106662638612,0.9203142718586496,0.9392205457393781,1.0,0.9271219605115595,0.9299502990263052,0.8947641681926726,0.8833535475325118,0.9005764815447922,0.8774799947583682,0.8680884140789802,0.8904896326723057
0,4,2.2940760005604135,0.12288424124513618,4112,2.298745700291225,0.10218978102189781,822,2.2980518220346187,0.1,0.9619898143503751,0.0851461716608889,,,0.9319058511323295,,0.931937086365962,0.06806291363403805,0,0.14108489731444265,10,0.025,0.15,0.8467364335992956,0.8952030365242766,0.9155834116610446,0.9271219605115595,1.0,0.9342410888037525,0.9197190172515419,0.9283440198309573,0.8784081377737823,0.88042958883247,0.8680844362808865,0.8878448713282207
0,5,2.2926950493166522,0.11787091797377218,3889,2.295356171471732,0.10796915167095116,778,2.298051815998705,0.1,0.9674871947138651,0.0856327473866735,,,0.9540388071889037,,0.9540773382185473,0.045922661781452656,0,0.14108528434189743,10,0.025,0.15,0.8249346920267887,0.8979845774972447,0.9486034402592488,0.9299502990263052,0.9342410888037525,1.0,0.9388335470730536,0.9092641247108575,0.8820247036633436,0.8924501027762421,0.8985063284557604,0.9136516193903425
0,6,2.292536900783407,0.1200485044462409,3711,2.3001895348230996,0.0889487870619946,742,2.2980518823937524,0.1,0.9578959692616035,0.08478382350347413,,,0.9154236564393861,,0.9154577412487003,0.08454225875129973,0,0.14108443404467347,10,0.025,0.15,0.7946227977652612,0.8805046041521513,0.9262555026948852,0.8947641681926726,0.9197190172515419,0.9388335470730536,1.0,0.9426881922833108,0.905763958624235,0.9176453916324294,0.8905340120367523,0.890402476058768
0,7,2.296583195243563,0.12469135802469136,3564,2.2967356046040854,0.09957924263674614,713,2.2980503673794903,0.1,0.9426007203509172,0.0834300338168081,,,0.8538435856364134,,0.8538809394134442,0.14611906058655577,0,0.14107927026422187,10,0.025,0.15,0.7686970875980613,0.8348808081230343,0.8863023191992633,0.8833535475325118,0.9283440198309573,0.9092641247108575,0.9426881922833108,1.0,0.9198400381455568,0.894922818165644,0.9031631694558302,0.8984019322753494
0,8,2.2956094132529365,0.11644870677128742,3441,2.2978220780690513,0.1119186046511628,688,2.2980517314959177,0.1,0.9292928441877482,0.08225214742827473,,,0.8002648592521316,,0.800316878744368,0.19968312125563203,0,0.14106916856273943,10,0.025,0.15,0.728339653211778,0.8174749790549374,0.8959343219384592,0.9005764815447922,0.8784081377737823,0.8820247036633436,0.905763958624235,0.9198400381455568,1.0,0.9291551647183293,0.8866958106405256,0.9049964569961663
0,9,2.29489061832428,0.11841631673665266,3334,2.3011839787165322,0.0944527736131934,667,2.29804932618443,0.1,0.9282492856772133,0.0821597815728876,,,0.7960633972595201,,0.7961000808700962,0.2038999191299038,0,0.1410632105957616,10,0.025,0.15,0.7424578699366701,0.8382823976339415,0.8985471676810136,0.8774799947583682,0.88042958883247,0.8924501027762421,0.9176453916324294,0.894922818165644,0.9291551647183293,1.0,0.8649115590627867,0.8744518365964894
0,10,2.298962548145881,0.11147793890774452,3241,2.3014421463012695,0.08950617283950617,648,2.2980544476569453,0.1,0.9094889956459221,0.08049929946425834,,,0.7205327540410188,,0.7205773134623954,0.2794226865376046,0,0.14102708711186196,10,0.025,0.15,0.7155016568568007,0.7870161611085915,0.8612845485697177,0.8680884140789802,0.8680844362808865,0.8985063284557604,0.8905340120367523,0.9031631694558302,0.8866958106405256,0.8649115590627867,1.0,0.8938209613116241
0,11,2.297990469932556,0.10411522633744856,3159,2.296882915496826,0.10443037974683544,632,2.298050310038313,0.1,0.9227525403728302,0.08167326205648372,,,0.773932998008983,,0.77397633311878,0.22602366688122,0,0.14105620295752447,10,0.025,0.15,0.7221701679994136,0.8012498718687273,0.901258720457827,0.8904896326723057,0.8878448713282207,0.9136516193903425,0.890402476058768,0.8984019322753494,0.9049964569961663,0.8744518365964894,0.8938209613116241,1.0
1,0,2.168630211662363,0.20777209642074507,6845,2.286250049417669,0.13075237399561723,1369,2.2883866195437275,0.1155,0.9112259529497128,0.07864402921516245,,,0.65,,0.6500140284860788,0.3499859715139212,0.8568380959405438,0.14563387034362382,10,0.025,0.15,1.0,0.9465841108986017,0.9219669343054444,0.8999320773660668,0.8992078395638953,0.8812468911561995,0.8691426974823763,0.8605443595066499,0.8464117711860154,0.849783049377846,0.8329744020733769,0.8217669469291493
1,1,2.2001878960188046,0.1944870390653523,5478,2.2887207402123346,0.1104014598540146,1096,2.288353123242342,0.1166,0.9657902201328872,0.08342438023955626,,,0.8804956861351667,,0.8805350629631463,0.11946493703685368,0.8568543427523952,0.14580431046285944,10,0.025,0.15,0.9465841108986017,1.0,0.9658552162063927,0.9555276107682752,0.955728364774252,0.9424721605826134,0.9383080161045453,0.9225957504687715,0.9158453657853292,0.921183291093108,0.9074312704730093,0.8900782196355023
1,2,2.226388172099465,0.17340248962655602,4820,2.288806051015854,0.1037344398340249,964,2.2883597416213797,0.1167,0.9832245848344576,0.08548804380072991,,,0.9799999999517827,,0.9800300374643098,0.019969962535690167,0.8567570909556136,0.14581224387930827,10,0.025,0.15,0.9219669343054444,0.9658552162063927,1.0,0.9668854881543028,0.9665497128549732,0.9673793186395209,0.9632886036507567,0.9512518249320403,0.9462765117151536,0.9491198377667788,0.940381285256131,0.9246568019217479
1,3,2.2248774344580515,0.1803676804357694,4406,2.2893690041133334,0.1112372304199773,881,2.2883598713935176,0.1167,0.980575669128242,0.08495306904105931,,,0.9542049540093338,,0.9542506312818736,0.045749368718126404,0.8567596573912206,0.14581211596341767,10,0.025,0.15,0.8999320773660668,0.9555276107682752,0.9668854881543028,1.0,0.9721290238048658,0.9666334471639386,0.955024809678874,0.9495981097999107,0.9439996153606915,0.9481186753348142,0.9423544608862539,0.9319065027320663
1,4,2.2336036920547486,0.176215953307393,4112,2.289060422352382,0.12165450121654502,822,2.28835977783686,0.1167,0.985220733956079,0.08489793960549746,,,0.951546760706953,,0.9515852189269033,0.04841478107309671,0.8567574978569178,0.14581208607604706,10,0.025,0.15,0.8992078395638953,0.955728364774252,0.9665497128549732,0.9721290238048658,1.0,0.9751968833949318,0.967901982865538,0.9595137576663709,0.9471732169130428,0.954366256367127,0.9502950060759271,0.9383723174392018
1,5,2.226448885087044,0.18395474415016713,3889,2.2865277358463834,0.12467866323907455,778,2.2883598381959938,0.1167,0.9839124535959772,0.08515679725702259,,,0.9640281813589412,,0.9640540674357578,0.03594593256424217,0.8567553210080856,0.14581218764108744,10,0.025,0.15,0.8812468911561995,0.9424721605826134,0.9673793186395209,0.9666334471639386,0.9751968833949318,1.0,0.9701019448337885,0.9604202303916533,0.9445126630810218,0.9531877181824272,0.962618034701766,0.9470004226334784
1,6,2.234046190360497,0.1691457828078685,3711,2.2900097767512,0.10646900269541779,742,2.2883599860758723,0.1167,0.9826100692309994,0.08458824682615129,,,0.9366142067371209,,0.9366407552276741,0.0633592447723259,0.8567599471603804,0.14581149546961525,10,0.025,0.15,0.8691426974823763,0.9383080161045453,0.9632886036507567,0.955024809678874,0.967901982865538,0.9701019448337885,1.0,0.9680166206942098,0.955641709849637,0.9613598786343258,0.9590800328488085,0.9481535764469504
1,7,2.2464376313345773,0.15833333333333333,3564,2.2872543334960938,0.10659186535764376,713,2.2883532017092163,0.1166,0.9812625942964369,0.0837053637061254,,,0.8940439541575353,,0.8940766780544965,0.10592332194550347,0.8568452680801582,0.14580539052920136,10,0.025,0.15,0.8605443595066499,0.9225957504687715,0.9512518249320403,0.9495981097999107,0.9595137576663709,0.9604202303916533,0.9680166206942098,1.0,0.9724918436668756,0.9722478033877021,0.9646996409615621,0.9608959768737009
1,8,2.2376618067423504,0.15521650682941004,3441,2.2890512943267822,0.12354651162790697,688,2.288356114037429,0.1165,0.9739478057997536,0.08273686011972038,,,0.8473453126699885,,0.8473948276146622,0.15260517238533777,0.8567914285077346,0.14579951785242706,10,0.025,0.15,0.8464117711860154,0.9158453657853292,0.9462765117151536,0.9439996153606915,0.9471732169130428,0.9445126630810218,0.955641709849637,0.9724918436668756,1.0,0.9728266725762178,0.9563261737404705,0.9559897858253632
1,9,2.2457268873850507,0.158998200359928,3334,2.292248805363973,0.10794602698650675,667,2.288353231888783,0.1163,0.9774440000959123,0.08279365153754938,,,0.8500836422931238,,0.8501427604759783,0.14985723952402175,0.8564272973177982,0.14580001034725654,10,0.025,0.15,0.849783049377846,0.921183291093108,0.9491198377667788,0.9481186753348142,0.954366256367127,0.9531877181824272,0.9613598786343258,0.9722478033877021,0.9728266725762178,1.0,0.958717552639409,0.956947111349174
1,10,2.2566899336301365,0.15658747300215983,3241,2.2916085720062256,0.1095679012345679,648,2.288352474381652,0.1161,0.9718257676985836,0.08158142046940747,,,0.7916331163003876,,0.7916522255780561,0.20834777442194385,0.8572038436751536,0.14577407653620109,10,0.025,0.15,0.8329744020733769,0.9074312704730093,0.940381285256131,0.9423544608862539,0.9502950060759271,0.962618034701766,0.9590800328488085,0.9646996409615621,0.9563261737404705,0.958717552639409,1.0,0.9575819195548232
1,11,2.257295127868652,0.15406774295663184,3159,2.2870245456695555,0.13291139240506328,632,2.2883550215371047,0.1163,0.963280146723112,0.08203019818201808,,,0.8132719721631679,,0.8133221105444703,0.18667788945552966,0.8563977693661733,0.14579184659033947,10,0.025,0.15,0.8217669469291493,0.8900782196355023,0.9246568019217479,0.9319065027320663,0.9383723174392018,0.9470004226334784,0.9481535764469504,0.9608959768737009,0.9559897858253632,0.956947111349174,0.9575819195548232,1.0
2,0,2.0960464773354706,0.23913805697589482,6845,2.271147923036055,0.18115412710007306,1369,2.274001939387261,0.1824,0.9018296758846973,0.07816872981397796,,,0.65,,0.6500140284860788,0.3499859715139212,0.9524679534319671,0.1453976370349046,10,0.025,0.15,1.0,0.941596245257941,0.9163884962371401,0.8943574227913355,0.8888961808239405,0.8733629825744634,0.85354850158189,0.8471420325080334,0.8281852587881878,0.8337953148360153,0.8159111745569677,0.8230403378534983
2,1,2.136116038089575,0.2261226725082147,5478,2.2742142412397595,0.17244525547445255,1096,2.273894288871862,0.1848,0.964525676605353,0.08317721913318687,,,0.8901511071404744,,0.8901817101549735,0.1098182898450265,0.9551533549766196,0.14568064767857522,10,0.025,0.15,0.941596245257941,1.0,0.9654636364101273,0.9515959247475351,0.9566973176842615,0.9435714437425186,0.9318352656701837,0.9217216142711704,0.9088107223876585,0.9142004263206734,0.9026725146336146,0.9030622042355649
2,2,2.165632831422906,0.20989626556016597,4820,2.273500770330429,0.18464730290456433,964,2.273916413512411,0.1846,0.9827542465211947,0.08505106941581872,,,0.9799999999520511,,0.9800300374643098,0.019969962535690167,0.9551128135943159,0.14571961123312885,10,0.025,0.15,0.9163884962371401,0.9654636364101273,1.0,0.968216199215412,0.9661851254186005,0.9662700363621091,0.9564198725364624,0.9532253153777182,0.9415625466975239,0.9472929644015327,0.9364611812850638,0.9341048379839816
2,3,2.1671923777035302,0.21863368134362232,4406,2.275294780731201,0.1793416572077185,881,2.2739166066616394,0.1846,0.9835962836914256,0.08474693480301011,,,0.9654171069216907,,0.9654569160436368,0.034543083956363185,0.9551114426544378,0.14571950642099743,10,0.025,0.15,0.8943574227913355,0.9515959247475351,0.968216199215412,1.0,0.9690459295238703,0.9710954395972959,0.9582482201546686,0.9561764789637431,0.9480438277047529,0.9496948285546893,0.9444235044055828,0.9497621886084395
2,4,2.1664087465315154,0.21933365758754864,4112,2.2740424360547746,0.1873479318734793,822,2.2739164467099346,0.1846,0.9822019739653405,0.08466727507620479,,,0.9615975177466802,,0.9616279645491905,0.03837203545080947,0.9551106611793614,0.1457194637867076,10,0.025,0.15,0.8888961808239405,0.9566973176842615,0.9661851254186005,0.9690459295238703,1.0,0.9719210738283858,0.9633557266756715,0.9542297332379152,0.9402611184596112,0.949180562911771,0.944066004734804,0.9400218772079703
2,5,2.16497500096598,0.22342504499871432,3889,2.2731474127088274,0.20051413881748073,778,2.2739164617997183,0.1846,0.9827327254403925,0.08484504356430847,,,0.9701213053624498,,0.970160584905349,0.029839415094651045,0.955112179681894,0.14571955544421492,10,0.025,0.15,0.8733629825744634,0.9435714437425186,0.9662700363621091,0.9710954395972959,0.9719210738283858,1.0,0.9641667409854673,0.9604595604931768,0.9438115715685748,0.9512547020765385,0.9535161812718442,0.9499824566454508
2,6,2.1787904780486533,0.213150094314201,3711,2.275514245033264,0.18194070080862534,742,2.2739172253427626,0.1846,0.9820239623202576,0.08446950405019989,,,0.9521146322240479,,0.9521628624713241,0.04783713752867591,0.955088531785691,0.1457193289041806,10,0.025,0.15,0.85354850158189,0.9318352656701837,0.9564198725364624,0.9582482201546686,0.9633557266756715,0.9641667409854673,1.0,0.970708378375402,0.9599102686861349,0.9654914285977999,0.9569187682255267,0.9607557578629174
2,7,2.1930115972246442,0.19873737373737374,3564,2.273263374964396,0.19214586255259467,713,2.2739111894293678,0.1838,0.9819524080546176,0.08391991302541878,,,0.9257623961177526,,0.9257975606938325,0.07420243930616754,0.954940477898961,0.14571812244272592,10,0.025,0.15,0.8471420325080334,0.9217216142711704,0.9532253153777182,0.9561764789637431,0.9542297332379152,0.9604595604931768,0.970708378375402,1.0,0.9742968208533673,0.9712971613783412,0.965273763495971,0.9667399266301263
2,8,2.184575832331622,0.1964835803545481,3441,2.276010751724243,0.1816860465116279,688,2.273898927471306,0.1849,0.9727818739661946,0.08302040691754527,,,0.8826321478696516,,0.8826723440775033,0.11732765592249672,0.9551112146942479,0.14567978713418475,10,0.025,0.15,0.8281852587881878,0.9088107223876585,0.9415625466975239,0.9480438277047529,0.9402611184596112,0.9438115715685748,0.9599102686861349,0.9742968208533673,1.0,0.9706813840553284,0.957195960328106,0.9618497664417486
2,9,2.1928359897048386,0.20161967606478703,3334,2.279051661491394,0.1619190404797601,667,2.273894705349886,0.1849,0.9767319469751553,0.08318447547776528,,,0.8904990402343144,,0.8905365483322606,0.10946345166773941,0.9551206567803603,0.14568067029395623,10,0.025,0.15,0.8337953148360153,0.9142004263206734,0.9472929644015327,0.9496948285546893,0.949180562911771,0.9512547020765385,0.9654914285977999,0.9712971613783412,0.9706813840553284,1.0,0.9637522251115115,0.9638948891133673
2,10,2.2037016877761255,0.19663684048133293,3241,2.2779212395350137,0.19444444444444445,648,2.27390100684347,0.1846,0.9701333794732248,0.0822178017255153,,,0.8441481833090293,,0.8442012840190788,0.1557987159809212,0.9547553931166463,0.14567130106875492,10,0.025,0.15,0.8159111745569677,0.9026725146336146,0.9364611812850638,0.9444235044055828,0.944066004734804,0.9535161812718442,0.9569187682255267,0.965273763495971,0.957195960328106,0.9637522251115115,1.0,0.9634362168203926
2,11,2.210286723136902,0.1980690091801203,3159,2.2726883411407472,0.19778481012658228,632,2.273898435544364,0.1849,0.9712261290195228,0.08253162699704876,,,0.8591957319018505,,0.8592365202752884,0.1407634797247116,0.9550368976198538,0.14567433752033207,10,0.025,0.15,0.8230403378534983,0.9030622042355649,0.9341048379839816,0.9497621886084395,0.9400218772079703,0.9499824566454508,0.9607557578629174,0.9667399266301263,0.9618497664417486,0.9638948891133673,0.9634362168203926,1.0
3,0,2.029536814380575,0.2631701972242513,6845,2.250502282922918,0.22279035792549307,1369,2.254399954518185,0.2131,0.8973312590869377,0.07774882459439372,,,0.65,,0.6500140284860788,0.3499859715139212,0.9602501991687024,0.1452245868882442,10,0.025,0.15,1.0,0.939322026361511,0.9183059946340352,0.8916521990395063,0.8833772053739561,0.8647085671418547,0.8479977589333781,0.8406294883396809,0.819914839454923,0.8242186367403583,0.809719009272321,0.8193556821704958
3,1,2.074611543500146,0.24917853231106243,5478,2.254254606035021,0.2071167883211679,1096,2.254143467432336,0.2135,0.961571899437178,0.0829505539354329,,,0.8963973902793185,,0.8964285124853526,0.1035714875146474,0.961692555385546,0.14560075710991927,10,0.025,0.15,0.939322026361511,1.0,0.9591549832590117,0.9465478678596974,0.9490496495390759,0.9354393034281375,0.9286599915799549,0.9194841423570383,0.9063196394835624,0.9103817154094098,0.9000120173873698,0.906322560604246
3,2,2.1056106639535805,0.23381742738589212,4820,2.252642124891281,0.21473029045643152,964,2.254168078869204,0.2144,0.9800538053569321,0.08471550017626822,,,0.9799999999526317,,0.9800300374643098,0.019969962535690167,0.962165001126171,0.1456199908183076,10,0.025,0.15,0.9183059946340352,0.9591549832590117,1.0,0.9641374492862204,0.961238478581796,0.9591843720859032,0.9524618268511775,0.9502263038193803,0.9388607118725754,0.9409381042901288,0.9315140396338387,0.9371878530908355
3,3,2.1085378548077176,0.2399682251475261,4406,2.2557058334350586,0.2133938706015891,881,2.2541683353955233,0.2144,0.9816009260064749,0.08457741659759638,,,0.9734592072288075,,0.973502665412355,0.026497334587645027,0.9621645605822354,0.14561994527987834,10,0.025,0.15,0.8916521990395063,0.9465478678596974,0.9641374492862204,1.0,0.967476109894875,0.9658734301308551,0.9573880242380418,0.9539087723971522,0.9470111480653817,0.9469020202358486,0.9402554792240575,0.9484890704215093
3,4,2.0987282088308623,0.2442363813229572,4112,2.252775566918509,0.21776155717761558,822,2.2541681633719914,0.2144,0.9844455708628391,0.08462085442715002,,,0.9755167859953484,,0.9755574260203661,0.024442573979633897,0.9621645395676516,0.14561996051003664,10,0.025,0.15,0.8833772053739561,0.9490496495390759,0.961238478581796,0.967476109894875,1.0,0.9664805949891777,0.9648940495122991,0.9611832462110402,0.9505704375031652,0.955049808547332,0.9511150411370856,0.9519708495266858
3,5,2.1017924404913377,0.24841861661095396,3889,2.2549605710165843,0.23393316195372751,778,2.2541680637794204,0.2144,0.9816418208087919,0.08463958079131136,,,0.9764038231624632,,0.976448647488901,0.023551352511098966,0.9621646402468582,0.14561996721046694,10,0.025,0.15,0.8647085671418547,0.9354393034281375,0.9591843720859032,0.9658734301308551,0.9664805949891777,1.0,0.9640898024789466,0.9635630855128259,0.95118542166515,0.9542290793466212,0.9507162299325558,0.953089016558463
3,6,2.1197191945437726,0.24004311506332526,3711,2.2561442852020264,0.215633423180593,742,2.2541692377645757,0.2143,0.982921107532358,0.08444848436874414,,,0.9673518989416483,,0.9673878958921291,0.032612104107870854,0.9621649411485728,0.14561984717057766,10,0.025,0.15,0.8479977589333781,0.9286599915799549,0.9524618268511775,0.9573880242380418,0.9648940495122991,0.9640898024789466,1.0,0.9714804423147304,0.9628839661131563,0.9693341966035397,0.9578104853911781,0.9661184173103844
3,7,2.1342595194067275,0.22567340067340066,3564,2.2544885079065957,0.20476858345021037,713,2.2541646233087853,0.2138,0.9819007258020316,0.08407442742830229,,,0.949633434965911,,0.9496707431796801,0.050329256820319856,0.9621533236247599,0.14561947849321127,10,0.025,0.15,0.8406294883396809,0.9194841423570383,0.9502263038193803,0.9539087723971522,0.9611832462110402,0.9635630855128259,0.9714804423147304,1.0,0.9748462067236028,0.9673218125811294,0.961612416775095,0.96696466506724
3,8,2.126888538289953,0.221505376344086,3441,2.2581122318903604,0.19622093023255813,688,2.25415594668328,0.2137,0.9739545047172854,0.08325740567536528,,,0.9109324540946351,,0.9109851298047564,0.08901487019524357,0.961921940647468,0.1456167136260915,10,0.025,0.15,0.819914839454923,0.9063196394835624,0.9388607118725754,0.9470111480653817,0.9505704375031652,0.95118542166515,0.9628839661131563,0.9748462067236028,1.0,0.9676312169275169,0.9560841090346722,0.9630574857047528
3,9,2.1336299490045616,0.23257348530293942,3334,2.2611348231633506,0.191904047976012,667,2.2541510998448238,0.2137,0.9756058684182726,0.08341302054459157,,,0.9183036753082237,,0.9183542110214389,0.08164578897856112,0.9619294335552617,0.14561739841262433,10,0.025,0.15,0.8242186367403583,0.9103817154094098,0.9409381042901288,0.9469020202358486,0.955049808547332,0.9542290793466212,0.9693341966035397,0.9673218125811294,0.9676312169275169,1.0,0.9589697773849208,0.9626691866210045
3,10,2.1458453384729532,0.22468373958654736,3241,2.260529398918152,0.2175925925925926,648,2.2541625288468374,0.2132,0.9690374664296508,0.08259931538744764,,,0.8797597961418704,,0.8797841263553993,0.12021587364460073,0.9616002520969991,0.14559790489982807,10,0.025,0.15,0.809719009272321,0.9000120173873698,0.9315140396338387,0.9402554792240575,0.9511150411370856,0.9507162299325558,0.9578104853911781,0.961612416775095,0.9560841090346722,0.9589697773849208,1.0,0.9634709468392173
3,11,2.155677622795105,0.23206710984488763,3159,2.2535935401916505,0.2310126582278481,632,2.2541508765160283,0.2134,0.9739626302916128,0.08295461607339652,,,0.896589807094491,,0.8966265617005826,0.10337343829941736,0.9616355904142722,0.1456007717329436,10,0.025,0.15,0.8193556821704958,0.906322560604246,0.9371878530908355,0.9484890704215093,0.9519708495266858,0.953089016558463,0.9661184173103844,0.96696466506724,0.9630574857047528,0.9626691866210045,0.9634709468392173,1.0
4,0,1.9708664117036043,0.28096420745069395,6845,2.224873412739147,0.252008765522279,1369,2.230144769330568,0.2441,0.9093133294255537,0.07795920144353499,,,0.65,,0.6500140284860788,0.3499859715139212,0.970221742139881,0.1447551163607923,10,0.025,0.15,1.0,0.9463461263629502,0.9320334454469729,0.9038218120345282,0.8897448298279836,0.8736336773344007,0.8627759457335528,0.8528179805916061,0.8275776231485988,0.8352104368432016,0.8211717037511413,0.8256533467561822
4,1,2.0160669060640557,0.2671230376049653,5478,2.2291063997480602,0.2572992700729927,1096,2.229591031617756,0.245,0.9570152959973617,0.08274593583545746,,,0.8894548579331113,,0.8894967899523032,0.11050321004769681,0.9729182046316276,0.145208808487184,10,0.025,0.15,0.9463461263629502,1.0,0.9544994743426755,0.940122562128367,0.9382129611811528,0.925792092810558,0.9229241707639134,0.9104551185336274,0.894857913474514,0.8986944391712021,0.8924904453429472,0.8943658746257667
4,2,2.048701747781352,0.25224066390041494,4820,2.227066546678543,0.24273858921161826,964,2.2296137145802946,0.2448,0.9736055138496749,0.08438330235541765,,,0.9713635947293539,,0.9713983925005364,0.02860160749946361,0.9731278054427932,0.1452194545217946,10,0.025,0.15,0.9320334454469729,0.9544994743426755,1.0,0.9579911656531991,0.9533599996970862,0.9485826929146118,0.9423998169902774,0.9364850555149105,0.9225566933779324,0.9251104454665299,0.9183267367954696,0.9172120246797997
4,3,2.0541424689974104,0.2581252837040399,4406,2.231208120073591,0.24177071509648126,881,2.229614070699185,0.2448,0.9784378182172836,0.08445545270392575,,,0.9749728928514696,,0.9749962865772145,0.025003713422785512,0.9731264312452086,0.14521949246788862,10,0.025,0.15,0.9038218120345282,0.940122562128367,0.9579911656531991,1.0,0.9599423945163502,0.9584781805457658,0.950944541483321,0.9472219110744912,0.9396198982155233,0.9322380905755511,0.932727661544623,0.9394720465021709
4,4,2.041353167548324,0.2630593385214008,4112,2.2258757182529996,0.25547445255474455,822,2.2296137719214717,0.2448,0.9806888465406649,0.08455594524205173,,,0.9799999999499753,,0.9800300374643098,0.019969962535690167,0.9731267719213129,0.14521953101400828,10,0.025,0.15,0.8897448298279836,0.9382129611811528,0.9533599996970862,0.9599423945163502,1.0,0.9580363458851013,0.9563565350503175,0.9566536166422956,0.9445976172864461,0.9417128658150044,0.9469962478158489,0.9422063321914874
4,5,2.0434911662532436,0.26834661866803805,3889,2.232365574155535,0.2609254498714653,778,2.22961360895181,0.2448,0.9790997600690234,0.08451565850196938,,,0.9779846686545335,,0.9780330412107409,0.02196695878925914,0.9731270848748746,0.14521951888596885,10,0.025,0.15,0.8736336773344007,0.925792092810558,0.9485826929146118,0.9584781805457658,0.9580363458851013,1.0,0.9595984921335653,0.9593283476062483,0.9455060177244335,0.9429815587881952,0.9481421726075006,0.9482035832776755
4,6,2.0626923881728074,0.2600107787658313,3711,2.2324268023173013,0.23450134770889489,742,2.2296152869357337,0.2448,0.9806032555948323,0.08444616652374605,,,0.9745083546561972,,0.9745424237923124,0.025457576207687627,0.9731247128583743,0.1452194907667198,10,0.025,0.15,0.8627759457335528,0.9229241707639134,0.9423998169902774,0.950944541483321,0.9563565350503175,0.9595984921335653,1.0,0.9651103267710395,0.9558806960542731,0.9595429838575801,0.9524987171688614,0.9573327772985639
4,7,2.0768460622855596,0.242648709315376,3564,2.2311015923817954,0.23983169705469845,713,2.229613110988955,0.2455,0.9790169076336946,0.0841621852939044,,,0.9603022844045969,,0.9603406446501955,0.03965935534980447,0.9731208411861124,0.1452192231044813,10,0.025,0.15,0.8528179805916061,0.9104551185336274,0.9364850555149105,0.9472219110744912,0.9566536166422956,0.9593283476062483,0.9651103267710395,1.0,0.9674234239247591,0.9577814630624236,0.955742633188947,0.9575426850831024
4,8,2.070068852989762,0.24126707352513804,3441,2.235679030418396,0.2311046511627907,688,2.2296082460427584,0.2457,0.9700549351878393,0.08336234103274968,,,0.9202903309010528,,0.9203347031737387,0.07966529682626133,0.9730668438656017,0.14521677698273755,10,0.025,0.15,0.8275776231485988,0.894857913474514,0.9225566933779324,0.9396198982155233,0.9445976172864461,0.9455060177244335,0.9558806960542731,0.9674234239247591,1.0,0.9582411259019807,0.9518442064904772,0.9537161060681979
4,9,2.0812264217270746,0.2532993401319736,3334,2.23895255724589,0.22338830584707647,667,2.2296037402334092,0.2457,0.9691888111135208,0.08343063161181535,,,0.9237065452905402,,0.9237345480351867,0.07626545196481327,0.9730879547166065,0.14521709127839005,10,0.025,0.15,0.8352104368432016,0.8986944391712021,0.9251104454665299,0.9322380905755511,0.9417128658150044,0.9429815587881952,0.9595429838575801,0.9577814630624236,0.9582411259019807,1.0,0.9466314864156328,0.9542103800563702
4,10,2.0874967185350566,0.24600431965442765,3241,2.2394819259643555,0.2638888888888889,648,2.229620311833635,0.2456,0.9668304346186527,0.08284856014054376,,,0.8945886059924129,,0.8946295654470136,0.10537043455298645,0.9728885446220182,0.14520984156229613,10,0.025,0.15,0.8211717037511413,0.8924904453429472,0.9183267367954696,0.932727661544623,0.9469962478158489,0.9481421726075006,0.9524987171688614,0.955742633188947,0.9518442064904772,0.9466314864156328,1.0,0.9580029839116553
4,11,2.095679902553558,0.25163026274137384,3159,2.230215835571289,0.24367088607594936,632,2.229606245137468,0.245,0.9688367628893966,0.08313461931488383,,,0.9088986247533568,,0.9089468732980146,0.0910531267019854,0.9730110616792956,0.14521540713137793,10,0.025,0.15,0.8256533467561822,0.8943658746257667,0.9172120246797997,0.9394720465021709,0.9422063321914874,0.9482035832776755,0.9573327772985639,0.9575426850831024,0.9537161060681979,0.9542103800563702,0.9580029839116553,1.0
5,0,1.9187592360708448,0.29661066471877284,6845,2.1956675269386987,0.2783053323593864,1369,2.2024741504765766,0.27,0.9217670669197493,0.07850581943905768,,,0.65,,0.6500140284860788,0.3499859715139212,0.9773306405223793,0.14461189501179203,10,0.025,0.15,1.0,0.9488577983986781,0.9379270184387293,0.9160331589549969,0.9027339482474643,0.8848696470253782,0.8772888382509446,0.8672062319782275,0.8450722747400864,0.8498083995688784,0.8397675153281832,0.8412395873532171
5,1,1.9604829652364864,0.2879883169039796,5478,2.200177139706082,0.2718978102189781,1096,2.2014539603945575,0.2716,0.9594548767450121,0.08270835379990085,,,0.8818264973676665,,0.8818718951659488,0.11812810483405123,0.9797047288946015,0.14514352577173792,10,0.025,0.15,0.9488577983986781,1.0,0.9547073247080127,0.9410808728072941,0.9420556367375976,0.9256048376196058,0.9240906353613824,0.9124815492311393,0.8993619019722565,0.9011096789202837,0.8978242714518958,0.8959645228433814
5,2,1.9934157537786583,0.2720124481327801,4820,2.198011130094528,0.26867219917012447,964,2.20144704021985,0.2718,0.9711255098493897,0.08410599722524582,,,0.9589253981846642,,0.9589625521942202,0.04103744780577978,0.9798424083626384,0.14515966842893094,10,0.025,0.15,0.9379270184387293,0.9547073247080127,1.0,0.9546291894121728,0.9493538163418332,0.943147044839158,0.9388649138945356,0.9299164867978061,0.9180118059020903,0.9224026148114487,0.9162154598789178,0.9111000728235306
5,3,2.0014904148238046,0.27476168860644573,4406,2.202911853790283,0.2667423382519864,881,2.2014476860625836,0.2718,0.9753961553230286,0.08429030527301747,,,0.9690924748776433,,0.9691373306266607,0.030862669373339258,0.9798485571866616,0.1451600151718044,10,0.025,0.15,0.9160331589549969,0.9410808728072941,0.9546291894121728,1.0,0.9559885845939321,0.9529759862237276,0.9457892129725485,0.9381553535984193,0.933499539629049,0.928540510869235,0.926841309776542,0.930473250828962
5,4,1.9893850449359778,0.2803258754863813,4112,2.194875342505319,0.2871046228710462,822,2.201447710206237,0.2718,0.9795391587930764,0.08448803611658855,,,0.9799999999448364,,0.9800300374643098,0.019969962535690167,0.9798494035607593,0.14516015775887536,10,0.025,0.15,0.9027339482474643,0.9420556367375976,0.9493538163418332,0.9559885845939321,1.0,0.9529127157020065,0.9551541788635747,0.9494992179303159,0.9421959012491712,0.9434705588222937,0.9417874925185244,0.935972076043477
5,5,1.9884949949479873,0.2843918745178709,3889,2.2065844195229665,0.2827763496143959,778,2.201447251476819,0.2718,0.9774615151872567,0.08439515222396558,,,0.9748761994854547,,0.9749055140202341,0.025094485979765935,0.9798507353619947,0.14516010320339315,10,0.025,0.15,0.8848696470253782,0.9256048376196058,0.943147044839158,0.9529759862237276,0.9529127157020065,1.0,0.9551845650269266,0.9549208127004011,0.9429016467964019,0.9453683258060193,0.944773149000258,0.9431894000314486
5,6,2.010171458227881,0.27607113985448667,3711,2.2053581873575845,0.2560646900269542,742,2.2014494002619878,0.2718,0.9789715168116488,0.08440134822725207,,,0.9752179927026541,,0.975260352197521,0.024739647802478948,0.9798508011552133,0.14516011115784566,10,0.025,0.15,0.8772888382509446,0.9240906353613824,0.9388649138945356,0.9457892129725485,0.9551541788635747,0.9551845650269266,1.0,0.9593766778025796,0.9522556445916834,0.9549378396962593,0.9492969984143926,0.9507853386906626
5,7,2.0259604930877684,0.26088664421997754,3564,2.2039133310317993,0.2847124824684432,713,2.2014499042607563,0.2725,0.9755705682985875,0.08411396329872231,,,0.959364834665906,,0.9594081629284877,0.04059183707151226,0.9798442756349696,0.14515970287382157,10,0.025,0.15,0.8672062319782275,0.9124815492311393,0.9299164867978061,0.9381553535984193,0.9494992179303159,0.9549208127004011,0.9593766778025796,1.0,0.9609812566539722,0.952310055254599,0.9488992992359726,0.9494865583472534
5,8,2.0187163600215206,0.257279860505667,3441,2.209688425064087,0.24127906976744187,688,2.201455888868887,0.2722,0.968691052278828,0.08339272149998027,,,0.9195786138760358,,0.9196250268191646,0.08037497318083542,0.9797735031063133,0.14515488205208069,10,0.025,0.15,0.8450722747400864,0.8993619019722565,0.9180118059020903,0.933499539629049,0.9421959012491712,0.9429016467964019,0.9522556445916834,0.9609812566539722,1.0,0.9550751083543239,0.9471454489678742,0.9462613546790397
5,9,2.0255987573553016,0.2703359328134373,3334,2.213780244191488,0.24437781109445278,667,2.2014512653592266,0.2724,0.9694945813716659,0.08346136287150765,,,0.9233651120624573,,0.923412718060438,0.07658728193956199,0.9797665813922201,0.1451555175959237,10,0.025,0.15,0.8498083995688784,0.9011096789202837,0.9224026148114487,0.928540510869235,0.9434705588222937,0.9453683258060193,0.9549378396962593,0.952310055254599,0.9550751083543239,1.0,0.9461718875864071,0.9531981348222155
5,10,2.0360493861711944,0.2628509719222462,3241,2.2153300841649375,0.3055555555555556,648,2.201483165161519,0.2719,0.9658557985755556,0.08298117415903422,,,0.8968762228042452,,0.8969236355234276,0.10307636447657242,0.9797635869710929,0.14514857664176525,10,0.025,0.15,0.8397675153281832,0.8978242714518958,0.9162154598789178,0.926841309776542,0.9417874925185244,0.944773149000258,0.9492969984143926,0.9488992992359726,0.9471454489678742,0.9461718875864071,1.0,0.9513606527471169
5,11,2.0436157865524294,0.2716049382716049,3159,2.2036183357238768,0.2626582278481013,632,2.2014583273778987,0.2721,0.9657647679748951,0.08315576586572745,,,0.9065073121319752,,0.9065537786139856,0.09344622138601444,0.9797371599889759,0.14515228593266943,10,0.025,0.15,0.8412395873532171,0.8959645228433814,0.9111000728235306,0.930473250828962,0.935972076043477,0.9431894000314486,0.9507853386906626,0.9494865583472534,0.9462613546790397,0.9531981348222155,0.9513606527471169,1.0
6,0,1.8742296192381116,0.3133674214755296,6845,2.1633003408258613,0.2914536157779401,1369,2.1716789595688444,0.2836,0.9263532632203829,0.07901594036484476,,,0.65,,0.6500140284860788,0.3499859715139212,0.9812851156658844,0.14443867283387224,10,0.025,0.15,1.0,0.9440773195035127,0.9362302679491417,0.9180332801560869,0.9080804755013709,0.88759452346984,0.8833002721193323,0.8752983706744107,0.853524304030122,0.8464632037586219,0.8502861209104557,0.8523582648711108
6,1,1.9134684704070868,0.3030668127053669,5478,2.16788117090861,0.28375912408759124,1096,2.1700241958038715,0.2845,0.9614251986475081,0.08277138067384246,,,0.8794120440409893,,0.8794540443300161,0.12054595566998394,0.9846514069628878,0.14502627711880794,10,0.025,0.15,0.9440773195035127,1.0,0.9499460530240948,0.9397769661332178,0.9428105426524764,0.9259616332283328,0.9261127218941536,0.9178364801123351,0.9057837607001578,0.8967716799220652,0.9033157222597159,0.9049342713619216
6,2,1.942521785121215,0.2906639004149378,4820,2.1657392978668213,0.28734439834024894,964,2.1700110646742807,0.2847,0.9701337415710773,0.08392375514372014,,,0.9498082055781292,,0.9498440362430064,0.050155963756993605,0.9848719940733219,0.14504846288673268,10,0.025,0.15,0.9362302679491417,0.9499460530240948,1.0,0.9517887375913683,0.9492653918413573,0.93899696009814,0.9384840244634496,0.9301144370491573,0.9194042592486119,0.9102577090941769,0.9185964303867046,0.913387546107161
6,3,1.9534347769192286,0.2927598729005901,4406,2.171189750943865,0.282633371169126,881,2.170007929017272,0.2847,0.974902190705066,0.0841940179508481,,,0.9663179988140735,,0.9663481375121717,0.033651862487828255,0.9848782574443748,0.14504915276606947,10,0.025,0.15,0.9180332801560869,0.9397769661332178,0.9517887375913683,1.0,0.9526159282295393,0.9503336843576224,0.9447783761865444,0.9385533582581386,0.9345297231086751,0.9205940618349666,0.9274960975176417,0.9317669885413008
6,4,1.9384112213597153,0.2972762645914397,4112,2.160430874143328,0.30413625304136255,822,2.170007222815405,0.2847,0.9779990720272659,0.08441799023071145,,,0.9799999999389121,,0.9800300374643098,0.019969962535690167,0.9848808542331009,0.14504943850898278,10,0.025,0.15,0.9080804755013709,0.9428105426524764,0.9492653918413573,0.9526159282295393,1.0,0.9488171278088708,0.9523468679667326,0.9480309105347142,0.9390372216752375,0.9313876725531417,0.9371090508852815,0.9359224874996049
6,5,1.9407913531026533,0.29722293648752895,3889,2.1777255535125732,0.2994858611825193,778,2.170007331461846,0.2847,0.9761220385552348,0.08429898000595117,,,0.972729912631541,,0.9727764849565117,0.0272235150434883,0.9848772349544642,0.14504932090737171,10,0.025,0.15,0.88759452346984,0.9259616332283328,0.93899696009814,0.9503336843576224,0.9488171278088708,1.0,0.9534586421731808,0.9517765156807628,0.9419105192360262,0.936145524040152,0.9436896953900974,0.943809089190881
6,6,1.9579156838614364,0.2935596874157909,3711,2.175209879875183,0.2601078167115903,742,2.170010246808016,0.2847,0.9780650895385319,0.08436632347731608,,,0.97684378534618,,0.9768942582231684,0.023105741776831556,0.9848775865588183,0.1450493982733608,10,0.025,0.15,0.8833002721193323,0.9261127218941536,0.9384840244634496,0.9447783761865444,0.9523468679667326,0.9534586421731808,1.0,0.9573309846231872,0.9493374353938528,0.9428979299989595,0.9474869665268183,0.949235247411261
6,7,1.977992371576173,0.27525252525252525,3564,2.173325856526693,0.2847124824684432,713,2.170013509219206,0.2846,0.9748793857916919,0.08408378277708108,,,0.9595839611358506,,0.9596309682956214,0.040369031704378555,0.9848749994609259,0.14504892925809673,10,0.025,0.15,0.8752983706744107,0.9178364801123351,0.9301144370491573,0.9385533582581386,0.9480309105347142,0.9517765156807628,0.9573309846231872,1.0,0.9558949505683095,0.9413119225123987,0.9454510541296366,0.9460378931810801
6,8,1.9691859911989282,0.27265329845975006,3441,2.180737535158793,0.2543604651162791,688,2.1700348220294035,0.2845,0.968137342172843,0.0834156456962155,,,0.9187688553668387,,0.9188163258569755,0.08118367414302452,0.9848493948419006,0.14504491048572304,10,0.025,0.15,0.853524304030122,0.9057837607001578,0.9194042592486119,0.9345297231086751,0.9390372216752375,0.9419105192360262,0.9493374353938528,0.9558949505683095,1.0,0.9457430118247792,0.9411255950021635,0.9426075090049877
6,9,1.9744448825165077,0.28509298140371925,3334,2.185479243596395,0.2683658170914543,667,2.1700344719464266,0.2845,0.9613854718950932,0.08323762240010298,,,0.9078937821696327,,0.9079401231205955,0.09205987687940453,0.9848294886323978,0.14504281944117833,10,0.025,0.15,0.8464632037586219,0.8967716799220652,0.9102577090941769,0.9205940618349666,0.9313876725531417,0.936145524040152,0.9428979299989595,0.9413119225123987,0.9457430118247792,1.0,0.9333052115844391,0.9457676783589435
