round,client_id,client_i_training_loss,client_i_training_accuracy,client_i_training_dataset_size,client_i_evaluation_loss,client_i_evaluation_accuracy,client_i_evaluation_dataset_size,client_i_central_evaluation_loss,client_i_central_evaluation_accuracy,client_i_cosine_similarity,client_i_importance_coefficient,client_i_tanh_val,tanh_normalization_value,client_i_q,client_i_mask_order,client_i_v_nonzero_fraction,client_i_v_sparsity,client_i_v_cosine_similarity,client_i_reward_gradient_norm,local_epochs,learning_rate,gamma,client_0_cosine_similarity,client_1_cosine_similarity,client_2_cosine_similarity,client_3_cosine_similarity,client_4_cosine_similarity,client_5_cosine_similarity,client_6_cosine_similarity,client_7_cosine_similarity,client_8_cosine_similarity,client_9_cosine_similarity,client_10_cosine_similarity,client_11_cosine_similarity
0,0,0.2789999418917333,0.9136596055514974,8214,2.2009778854458832,0.3542731921110299,1369,2.201334864948504,0.356,0.8017429778100035,0.08494781862813287,,,0.9799999998654926,,0.9800010039656644,0.019998996034335637,0,0.39389790418099585,5,0.1,0.5,1.0,0.5718204890869548,0.5662609200521191,0.5786351823051147,0.5534870391269328,0.5694494267261512,0.5885775351786049,0.5868250344960176,0.5664243083229011,0.5845222851440012,0.5635371444101854,0.5804869495015572
0,1,0.30230382777732406,0.9062062671128689,6574,2.2020353385380336,0.3594890510948905,1096,2.201491935565449,0.3538,0.7872906212338585,0.08341653466412113,,,0.7740309889851678,,0.7740474875759249,0.2259525124240751,0,0.39360585903774864,5,0.1,0.5,0.5718204890869548,1.0,0.5787616755577324,0.582822262923278,0.5469571220419597,0.5699514752093382,0.5787249326183802,0.5768102022708216,0.5720021259593792,0.5820583266066107,0.5761001598974298,0.5750038612741554
0,2,0.3332246617089895,0.8932388033892443,5783,2.2063074035029255,0.3475103734439834,964,2.2013647243999444,0.3555,0.7920847593841582,0.08392449243779855,,,0.8423550638610067,,0.8423723708649165,0.15762762913508355,0,0.3938049470152106,5,0.1,0.5,0.5662609200521191,0.5787616755577324,1.0,0.5900691136774989,0.5848832979296928,0.5888604271814217,0.6000849088136962,0.6002229604693696,0.5729871147319173,0.578257987179712,0.5895396593434453,0.5896083906250775
0,3,0.3418228942603546,0.8927936447891054,5287,2.197890886238643,0.3813847900113507,881,2.2013865233229373,0.3554,0.7911453935436755,0.08382496293613612,,,0.8289676102647995,,0.8289794689021636,0.17102053109783644,0,0.39377671465876785,5,0.1,0.5,0.5786351823051147,0.582822262923278,0.5900691136774989,1.0,0.5801547594647825,0.5855198297452511,0.6030490613576077,0.5923805577014093,0.5823661408334991,0.598341476614623,0.5887911546146652,0.5826674413606902
0,4,0.33638020343117175,0.894630192502533,4935,2.2026915825330295,0.3564476885644769,822,2.202731768544109,0.3441,0.775079279841467,0.08212269506400317,,,0.6,,0.6,0.4,0,0.3918477755088407,5,0.1,0.5,0.5534870391269328,0.5469571220419597,0.5848832979296928,0.5801547594647825,1.0,0.5796713510605975,0.5898078257642366,0.5858395278183864,0.5880951628946373,0.5804606228936854,0.5997131814055052,0.5774852873292062
0,5,0.3551441031584695,0.8908935076065996,4667,2.204400911331177,0.3380462724935733,778,2.2015236399044245,0.3532,0.7866586229961611,0.08334957196765218,,,0.7650240113887613,,0.7650419155664876,0.2349580844335124,0,0.3935671041393723,5,0.1,0.5,0.5694494267261512,0.5699514752093382,0.5888604271814217,0.5855198297452511,0.5796713510605975,1.0,0.6069778709978256,0.6105964385852953,0.5921925390368866,0.5885468706342485,0.605116188302204,0.5969276902184736
0,6,0.36257701082022065,0.8859645183022682,4453,2.2054015000661216,0.3328840970350404,742,2.201347337363246,0.3558,0.7945461398507057,0.08418528536924179,,,0.8774336406608433,,0.8774459113498319,0.12255408865016815,0,0.39385605694373477,5,0.1,0.5,0.5885775351786049,0.5787249326183802,0.6000849088136962,0.6030490613576077,0.5898078257642366,0.6069778709978256,1.0,0.6021816561284076,0.6013301932566618,0.6032350544160928,0.6011123406209608,0.5941816003183374
0,7,0.3638498954155218,0.8871638999298573,4277,2.2016568494879682,0.3506311360448808,713,2.201410228832842,0.355,0.7901316251088788,0.08371755018727081,,,0.8145198016547214,,0.8145324029918177,0.18546759700818227,0,0.39374205350771135,5,0.1,0.5,0.5868250344960176,0.5768102022708216,0.6002229604693696,0.5923805577014093,0.5858395278183864,0.6105964385852953,0.6021816561284076,1.0,0.5884038471654948,0.6031111480641403,0.597487386054286,0.5980333481056713
0,8,0.3882539828399716,0.877016226689271,4129,2.1961234266107734,0.3808139534883721,688,2.202375291635434,0.3479,0.7772987874123852,0.08235786061181144,,,0.6316315042889243,,0.6316500175693991,0.3683499824306009,0,0.39238561097189895,5,0.1,0.5,0.5664243083229011,0.5720021259593792,0.5729871147319173,0.5823661408334991,0.5880951628946373,0.5921925390368866,0.6013301932566618,0.5884038471654948,1.0,0.5970437549160084,0.6014311294043637,0.5852285219107094
0,9,0.3746764675989407,0.884228942764309,4001,2.2027796790713357,0.3523238380809595,667,2.2017308416457984,0.3516,0.7831132043717939,0.08297392093409249,,,0.7144961709379569,,0.7145022840218864,0.2854977159781136,0,0.3932730927344674,5,0.1,0.5,0.5845222851440012,0.5820583266066107,0.578257987179712,0.598341476614623,0.5804606228936854,0.5885468706342485,0.6032350544160928,0.6031111480641403,0.5970437549160084,1.0,0.5895500125779581,0.5921435237281765
0,10,0.3701331473841164,0.8868603754178452,3889,2.1952626705169678,0.36882716049382713,648,2.2018347426344413,0.3512,0.7813150963724516,0.08278340432661417,,,0.6888702791237566,,0.688876060438733,0.31112393956126705,0,0.3930630463239846,5,0.1,0.5,0.5635371444101854,0.5761001598974298,0.5895396593434453,0.5887911546146652,0.5997131814055052,0.605116188302204,0.6011123406209608,0.597487386054286,0.6014311294043637,0.5895500125779581,1.0,0.5923594761630989
0,11,0.41021606467288585,0.8728040094961752,3791,2.207055449485779,0.31329113924050633,632,2.2023268614333276,0.3481,0.7776578327223281,0.0823959028731252,,,0.6367484696060031,,0.6367652226293861,0.36323477737061394,0,0.3924594135803074,5,0.1,0.5,0.5804869495015572,0.5750038612741554,0.5896083906250775,0.5826674413606902,0.5774852873292062,0.5969276902184736,0.5941816003183374,0.5980333481056713,0.5852285219107094,0.5921435237281765,0.5923594761630989,1.0
1,0,0.25063161077086565,0.9226199172145119,8214,2.0394227532453315,0.745799853907962,1369,2.0423133281854016,0.7449,0.7969438813361024,0.08405910096926329,,,0.9669597497230946,,0.9669745494704081,0.03302545052959194,0.9579747490691654,0.40341867205476106,5,0.1,0.5,1.0,0.6168941162296248,0.617721637531575,0.6230919206501141,0.6129366201693178,0.6249076977230167,0.6117476991842926,0.6160690844481702,0.5553121731469867,0.6031296709892242,0.6206552712349195,0.6052420228778154
1,1,0.26898707584387543,0.9178886522665044,6574,2.0427329404013497,0.7436131386861314,1096,2.0426101798828418,0.7443,0.8070406144057554,0.08339673767017768,,,0.8939364906029472,,0.8939460870438231,0.10605391295617694,0.9572070912839175,0.40339652414177035,5,0.1,0.5,0.6168941162296248,1.0,0.6270533472203962,0.631205235000144,0.6244379084735725,0.6367155905099207,0.6262210511858858,0.6180366933794645,0.561642052054992,0.6251272873431477,0.6327965404067952,0.6126005717168715
1,2,0.29662623710065916,0.9080408092685457,5783,2.048404655148906,0.7406639004149378,964,2.0423915176726757,0.7449,0.8097361227633849,0.08382721194911497,,,0.9413947885774748,,0.9414085638271171,0.05859143617288287,0.9577810583643639,0.4034157117510135,5,0.1,0.5,0.617721637531575,0.6270533472203962,1.0,0.6281040241250049,0.6288430725719893,0.6316323260246125,0.6354338257165618,0.6246299161089202,0.5657302312998831,0.6215358285501656,0.6348768220157294,0.6210782752503702
1,3,0.30329366263467816,0.907055040665784,5287,2.038158906357629,0.7412031782065834,881,2.042426262800686,0.7448,0.8133926195287037,0.08388876479456107,,,0.9481807765523498,,0.9481953717182873,0.05180462828171273,0.9576575525589899,0.4034168254607487,5,0.1,0.5,0.6230919206501141,0.631205235000144,0.6281040241250049,1.0,0.6327140783670356,0.6379983171055912,0.6259607276554005,0.6410625327697496,0.566353888951045,0.6280219659646199,0.6364732767985697,0.6215186185773148
1,4,0.28985420053824784,0.9087335359675786,4935,2.0430459334300113,0.732360097323601,822,2.0443590049164744,0.7383,0.814164504496708,0.08278801845192045,,,0.8268273055566525,,0.8268460418653683,0.17315395813463175,0.9529918397634232,0.4033034240106314,5,0.1,0.5,0.6129366201693178,0.6244379084735725,0.6288430725719893,0.6327140783670356,1.0,0.6357625399992538,0.6394026877619277,0.6359210619418825,0.5748326858743505,0.6304707933353599,0.6472114873051629,0.6252553892704902
1,5,0.3129499929918818,0.9040497107349476,4667,2.0483166694641115,0.7300771208226221,778,2.042652547549897,0.7445,0.820101619105,0.08380775724943913,,,0.9392499753345095,,0.9392600773053562,0.06073992269464379,0.9571112119342101,0.403415308580928,5,0.1,0.5,0.6249076977230167,0.6367155905099207,0.6316323260246125,0.6379983171055912,0.6357625399992538,1.0,0.6405135425807968,0.640096836232379,0.5752725761697423,0.6327608052759793,0.6535093228888832,0.6305299871274813
1,6,0.3190790543352653,0.900785986975073,4453,2.0494158466657004,0.7628032345013477,742,2.042335723535702,0.745,0.8148245524440786,0.0841773835990084,,,0.9799999998897535,,0.9800010039656644,0.019998996034335637,0.9578980518973368,0.4034191753042452,5,0.1,0.5,0.6117476991842926,0.6262210511858858,0.6354338257165618,0.6259607276554005,0.6394026877619277,0.6405135425807968,1.0,0.6324303398572058,0.5761124738745574,0.6227044154936102,0.640925877726952,0.6338675374966184
1,7,0.31329733671954096,0.9043722235211596,4277,2.0400767119034477,0.7727910238429172,713,2.0424634176321304,0.7448,0.8154517888534856,0.08388940377823378,,,0.9482512222886554,,0.9482656493147934,0.0517343506852066,0.9575590017681235,0.4034168315054457,5,0.1,0.5,0.6160690844481702,0.6180366933794645,0.6246299161089202,0.6410625327697496,0.6359210619418825,0.640096836232379,0.6324303398572058,1.0,0.5807118963188448,0.6317701640016317,0.6461467312883256,0.6264868541027543
1,8,0.37386560939789676,0.887381932671349,4129,2.0430663282221015,0.75,688,2.045405483474366,0.7381,0.7506851811268922,0.08073056327611122,,,0.6,,0.6,0.4,0.9539080073303102,0.40126085065930817,5,0.1,0.5,0.5553121731469867,0.561642052054992,0.5657302312998831,0.566353888951045,0.5748326858743505,0.5752725761697423,0.5761124738745574,0.5807118963188448,1.0,0.5643893448220941,0.5892040423652607,0.5639909986746012
1,9,0.3405745423569839,0.8975756060984754,4001,2.0465743087586903,0.712143928035982,667,2.0429184132109817,0.7432,0.8088072852630026,0.08316512639485907,,,0.8684021498626213,,0.8684152401987852,0.13158475980121476,0.9565695429633012,0.4033733011402987,5,0.1,0.5,0.6031296709892242,0.6251272873431477,0.6215358285501656,0.6280219659646199,0.6304707933353599,0.6327608052759793,0.6227044154936102,0.6317701640016317,0.5643893448220941,1.0,0.6489214275861283,0.6236432376482098
1,10,0.3189325580052787,0.9038313191051685,3889,2.0324716908591136,0.7824074074074074,648,2.043035667925216,0.7432,0.8249589829743229,0.08360205693450289,,,0.9165722282138257,,0.916590532603785,0.08340946739621502,0.9560501690979971,0.403408713398075,5,0.1,0.5,0.6206552712349195,0.6327965404067952,0.6348768220157294,0.6364732767985697,0.6472114873051629,0.6535093228888832,0.640925877726952,0.6461467312883256,0.5892040423652607,0.6489214275861283,1.0,0.6388954984978424
1,11,0.3604621175989634,0.8895805855974677,3791,2.050426661968231,0.7104430379746836,632,2.043871509000516,0.74,0.8055276435851154,0.08266787493280806,,,0.8135818987838705,,0.8135987149239496,0.18640128507605036,0.9547166642659519,0.4032700554959083,5,0.1,0.5,0.6052420228778154,0.6126005717168715,0.6210782752503702,0.6215186185773148,0.6252553892704902,0.6305299871274813,0.6338675374966184,0.6264868541027543,0.5639909986746012,0.6236432376482098,0.6388954984978424,1.0
2,0,0.2299368807803187,0.9312880448015584,8214,1.8366655222205228,0.8933528122717312,1369,1.8424069355851926,0.8779,0.8001434301202685,0.08340051546753902,,,0.8744119278062916,,0.8744189548717434,0.12558104512825663,0.9673049730219525,0.4059468409215349,5,0.1,0.5,1.0,0.6138009433452584,0.6195280372271916,0.6137420513258258,0.6263129226068018,0.625418142433523,0.6083789228796149,0.6238623925361481,0.6214471325047778,0.6088094262055732,0.6217690831599705,0.6101659522705256
2,1,0.24298084587021504,0.9278673562519014,6574,1.841964660372053,0.8713503649635036,1096,1.8429455517199094,0.8778,0.8067418623460849,0.08319224711127814,,,0.8376091834723756,,0.837628633100748,0.16237136689925202,0.9671469142120893,0.4058856725066313,5,0.1,0.5,0.6138009433452584,1.0,0.6325443797313756,0.6254834798572607,0.6266997512883318,0.6244422993574483,0.625060566706124,0.6275697339408721,0.6282841308802385,0.612338527747363,0.6261410307300656,0.6181631741792377
2,2,0.269150911078104,0.916479335984783,5783,1.8490161011295934,0.8703319502074689,964,1.8424616446510291,0.8777,0.8113291690197642,0.08363638528568729,,,0.916092079170835,,0.9161136489132071,0.08388635108679288,0.9673894164718537,0.4059804173018836,5,0.1,0.5,0.6195280372271916,0.6325443797313756,1.0,0.6298947257770452,0.6349414531896133,0.6322375465596548,0.6209407637053734,0.6344807970195241,0.6311470220600734,0.6127310989330083,0.6327638472858523,0.6221446199702785
2,3,0.2731958017948207,0.9170796292793645,5287,1.8374675043991633,0.8830874006810443,881,1.8425049496154053,0.8776,0.8095764754448476,0.08361609621522205,,,0.9125068322974712,,0.912529491491391,0.08747050850860905,0.9673862710246292,0.40597869574237544,5,0.1,0.5,0.6137420513258258,0.6254834798572607,0.6298947257770452,1.0,0.637719107083245,0.6274411488669964,0.6266820954001067,0.6331882580975569,0.6378986965143482,0.6113615623692135,0.6279356590135307,0.6148735565400887
2,4,0.26209433183043956,0.9201621073961499,4935,1.841729347522442,0.8807785888077859,822,1.845125246352662,0.8761,0.8189159670055579,0.08321341462527233,,,0.8413496585963891,,0.8413633853722202,0.15863661462777978,0.9670471559226276,0.4058935343865599,5,0.1,0.5,0.6263129226068018,0.6266997512883318,0.6349414531896133,0.637719107083245,1.0,0.63400638576498,0.6418471785941582,0.6345870337529737,0.6429634093823713,0.6236026461125734,0.6504470105861302,0.6287616892645631
2,5,0.2787911828479742,0.9157488750803514,4667,1.8512369775772095,0.8701799485861182,778,1.8428227832903876,0.8777,0.8167997356497961,0.0838138457374475,,,0.947450811494682,,0.9474674966116159,0.05253250338838411,0.9674078575846545,0.40598973442927533,5,0.1,0.5,0.625418142433523,0.6244422993574483,0.6322375465596548,0.6274411488669964,0.63400638576498,1.0,0.6335270170110995,0.6475099336643187,0.6404576790183166,0.6196601011053521,0.6458571507827221,0.626232851966338
2,6,0.2808472843135574,0.9139456546148664,4453,1.853189930319786,0.8975741239892183,742,1.8423618996105255,0.8779,0.8119492318891195,0.0838894230798641,,,0.9608059541593265,,0.9608252597761157,0.03917474022388434,0.9674205020038963,0.4059914016730507,5,0.1,0.5,0.6083789228796149,0.625060566706124,0.6209407637053734,0.6266820954001067,0.6418471785941582,0.6335270170110995,1.0,0.6357660453264213,0.6398769291713585,0.6168764153789191,0.6402060573090813,0.6190268776958496
2,7,0.27821500704470853,0.9166238017301848,4277,1.836862123530844,0.8906030855539971,713,1.8425540097605306,0.8778,0.8205430229138596,0.08399804303233722,,,0.9799999998232918,,0.9800010039656644,0.019998996034335637,0.9674147408469036,0.4059924007431964,5,0.1,0.5,0.6238623925361481,0.6275697339408721,0.6344807970195241,0.6331882580975569,0.6345870337529737,0.6475099336643187,0.6357660453264213,1.0,0.6429240167626481,0.6262554088707057,0.6475202303599047,0.6393856913111203
2,8,0.2916508645220221,0.9107774279486559,4129,1.851439188827168,0.8561046511627907,688,1.8485631432396155,0.8738,0.8187487875846287,0.0818476062435949,,,0.6,,0.6,0.4,0.9627055892563972,0.4036335231826553,5,0.1,0.5,0.6214471325047778,0.6282841308802385,0.6311470220600734,0.6378986965143482,0.6429634093823713,0.6404576790183166,0.6398769291713585,0.6429240167626481,1.0,0.6232470942238503,0.645351351721226,0.6355370841656629
2,9,0.31649724019158126,0.9072231942014496,4001,1.851306983402797,0.8530734632683659,667,1.8435698416286384,0.8772,0.8006349735311581,0.0828266927493915,,,0.7730126986189116,,0.773028462426585,0.22697153757341504,0.9666939324092154,0.40566396015404943,5,0.1,0.5,0.6088094262055732,0.612338527747363,0.6127310989330083,0.6113615623692135,0.6236026461125734,0.6196601011053521,0.6168764153789191,0.6262554088707057,0.6232470942238503,1.0,0.63426195088422,0.6130864121203273
2,10,0.28104115661661155,0.9160709694008743,3889,1.8293941758927845,0.8873456790123457,648,1.843293583431183,0.8778,0.8219713089806846,0.08385779460778715,,,0.9552169410590241,,0.9552381908538728,0.04476180914612715,0.9673960040226477,0.4059908386848916,5,0.1,0.5,0.6217690831599705,0.6261410307300656,0.6327638472858523,0.6279356590135307,0.6504470105861302,0.6458571507827221,0.6402060573090813,0.6475202303599047,0.645351351721226,0.63426195088422,1.0,0.6361272211711267
2,11,0.3200810074399249,0.9055130572408335,3791,1.854565477371216,0.8575949367088608,632,1.8450286053240108,0.8764,0.8066692000872377,0.08270793584457878,,,0.7520273694782946,,0.7520455800411626,0.24795441995883738,0.9664772945618981,0.4055479747744942,5,0.1,0.5,0.6101659522705256,0.6181631741792377,0.6221446199702785,0.6148735565400887,0.6287616892645631,0.626232851966338,0.6190268776958496,0.6393856913111203,0.6355370841656629,0.6130864121203273,0.6361272211711267,1.0
3,0,0.21324484032915783,0.9366691015339664,8214,1.6095604757929958,0.9247626004382761,1369,1.6185423855583507,0.9141,0.7928817745585471,0.0832769547112479,,,0.9082861505550461,,0.9083027960443752,0.09169720395562475,0.9691087286295758,0.39796055786100326,5,0.1,0.5,1.0,0.6021020943578379,0.6014041582261362,0.6110239359450468,0.6112889723220872,0.6107499503005572,0.6042519849151621,0.6146079749718512,0.5040730023916186,0.6070437059735615,0.6050836540177478,0.5993015588696475
3,1,0.22450109040726302,0.9315485244904168,6574,1.6172579322542464,0.9187956204379562,1096,1.6192214786054226,0.9139,0.800466942915531,0.08340403595552309,,,0.9166126556741218,,0.9166306912303599,0.0833693087696401,0.9689625281612854,0.39796528447165896,5,0.1,0.5,0.6021020943578379,1.0,0.6237335317715904,0.6163278180680671,0.6130567538912441,0.6215080986660121,0.6133072248322499,0.6132394620882032,0.5057146566627987,0.6142151252647677,0.6141349007883637,0.6069000358680076
3,2,0.2452078382592669,0.9260591388552655,5783,1.625597830741636,0.9149377593360996,964,1.6186318664124217,0.9142,0.8038566662201424,0.08381835029643482,,,0.9437589942245792,,0.9437729029667186,0.05622709703328144,0.9692335424310551,0.39797449724261114,5,0.1,0.5,0.6014041582261362,0.6237335317715904,1.0,0.6227159802947142,0.6144710547185509,0.6199726875362024,0.6183025439677138,0.6280734429434391,0.4999035402770923,0.6173921331566639,0.6185936325672776,0.6097959457461049
3,3,0.24365281337866537,0.9253641006241725,5287,1.612644991704396,0.9160045402951191,881,1.6186812457185202,0.9141,0.8064000224577883,0.08389393430125705,,,0.9487113426742816,,0.9487224536920837,0.051277546307916255,0.9692270303030275,0.39797547552314466,5,0.1,0.5,0.6110239359450468,0.6163278180680671,0.6227159802947142,1.0,0.6323018519588272,0.6220733904644935,0.6183388699923726,0.6245203784307506,0.4999350555338806,0.6176525331496597,0.6193995782026377,0.6145077237579121
3,4,0.2361332452561586,0.9272543059777102,4935,1.6165203910607557,0.9233576642335767,822,1.621770522084099,0.9132,0.8097272235540317,0.0837424853271244,,,0.9387882366676752,,0.938798253099744,0.06120174690025604,0.9689797425970541,0.3979733197039771,5,0.1,0.5,0.6112889723220872,0.6130567538912441,0.6144710547185509,0.6323018519588272,1.0,0.6192616138174725,0.6282051871864591,0.6260723624652595,0.5136894782089424,0.6274810661441071,0.6326063944114576,0.6140998561263901
3,5,0.25538052286480695,0.9217055924576816,4667,1.6298493576049804,0.9074550128534704,778,1.6190679728413542,0.914,0.8103612605410165,0.08416429127543677,,,0.9664254337057665,,0.9664424476682898,0.033557552331710205,0.9692614855469801,0.3979774254047117,5,0.1,0.5,0.6107499503005572,0.6215080986660121,0.6199726875362024,0.6220733904644935,0.6192616138174725,1.0,0.62567500179182,0.6323221110624447,0.5128193815008777,0.6249335484474651,0.6306723069309469,0.6158499643418083
3,6,0.25878588829921295,0.92203009207276,4453,1.6333051721254985,0.921832884097035,742,1.6184871958467526,0.9141,0.8075068677211685,0.08411460782938647,,,0.9631701188067772,,0.9631845790873952,0.03681542091260481,0.969267939041936,0.3979772235571324,5,0.1,0.5,0.6042519849151621,0.6133072248322499,0.6183025439677138,0.6183388699923726,0.6282051871864591,0.62567500179182,1.0,0.6276966063109358,0.5082621573614354,0.6212349716684764,0.6290558151123061,0.6138558862560819
3,7,0.2495786675974838,0.9244330137947159,4277,1.6096573860748955,0.9228611500701263,713,1.6187326496782395,0.914,0.8127762949353889,0.08437146976655291,,,0.9799999999344788,,0.9800010039656644,0.019998996034335637,0.9692703099166727,0.39797788167652065,5,0.1,0.5,0.6146079749718512,0.6132394620882032,0.6280734429434391,0.6245203784307506,0.6260723624652595,0.6323221110624447,0.6276966063109358,1.0,0.5115921406815196,0.6271742007560567,0.6306140248149463,0.6221607058182513
3,8,0.3070130293893341,0.9118914991523371,4129,1.636806764385917,0.8924418604651163,688,1.6286206477747176,0.9099,0.6880589504196266,0.07857181287261583,,,0.6,,0.6,0.4,0.9647260996698276,0.39548492802333307,5,0.1,0.5,0.5040730023916186,0.5057146566627987,0.4999035402770923,0.4999350555338806,0.5136894782089424,0.5128193815008777,0.5082621573614354,0.5115921406815196,1.0,0.5058286093479715,0.5129459981719646,0.505929446147967
3,9,0.268646137699871,0.9209197700574856,4001,1.6319367261159987,0.8905547226386806,667,1.6199656359303873,0.914,0.8070989469812688,0.08339305390836607,,,0.9158930996736088,,0.9159128557803323,0.08408714421966768,0.9683949677832984,0.3979648363955886,5,0.1,0.5,0.6070437059735615,0.6142151252647677,0.6173921331566639,0.6176525331496597,0.6274810661441071,0.6249335484474651,0.6212349716684764,0.6271742007560567,0.5058286093479715,1.0,0.6335412488001252,0.6125540957521084
3,10,0.252989914364441,0.9253278477757778,3889,1.6029616026651292,0.9135802469135802,648,1.6196108222388612,0.9141,0.8111638658319131,0.08422165305954742,,,0.9701838418938565,,0.9702022990813715,0.029797700918628545,0.9692667158311105,0.3979776146603985,5,0.1,0.5,0.6050836540177478,0.6141349007883637,0.6185936325672776,0.6193995782026377,0.6326063944114576,0.6306723069309469,0.6290558151123061,0.6306140248149463,0.5129459981719646,0.6335412488001252,1.0,0.6167394804585354
3,11,0.2947672716803661,0.913795832234239,3791,1.635289090871811,0.8939873417721519,632,1.621725517720841,0.913,0.7989147890612484,0.08302735069650732,,,0.8919318166143233,,0.8919431755433964,0.10805682445660358,0.9680635442294514,0.39794763885619694,5,0.1,0.5,0.5993015588696475,0.6069000358680076,0.6097959457461049,0.6145077237579121,0.6140998561263901,0.6158499643418083,0.6138558862560819,0.6221607058182513,0.505929446147967,0.6125540957521084,0.6167394804585354,1.0
4,0,0.20218624855148884,0.9386413440467495,8214,1.3575785686803419,0.9452154857560263,1369,1.369986904695773,0.9311,0.7877651057767359,0.08293774688495852,,,0.861080917116855,,0.8611013503338186,0.13889864966618137,0.9694207991418566,0.3989418143015154,5,0.1,0.5,1.0,0.595672272002941,0.591480311839723,0.5928530720349252,0.602348997653933,0.5964349839844578,0.5905909248717852,0.5934102331222885,0.60070860249623,0.5943132581687172,0.6006612893430296,0.5859713301470987
4,1,0.20603188457401486,0.9378764831153027,6574,1.367358980860029,0.9333941605839416,1096,1.3706957410318783,0.9306,0.796794485318067,0.08333822042642185,,,0.8978448419572453,,0.8978565333065609,0.1021434666934391,0.9695096244759445,0.3989866910957858,5,0.1,0.5,0.595672272002941,1.0,0.6078651598040177,0.6053254689957703,0.6100971261383524,0.6044238675098456,0.6026356634256023,0.6021538192352033,0.5904046384018692,0.6102445676841646,0.6119830683102163,0.5882600356434364
4,2,0.22826561444639665,0.9315925989970604,5783,1.3775400000233804,0.9263485477178424,964,1.3699976944694885,0.9309,0.7974443803679002,0.08363643830276016,,,0.92522158088412,,0.9252396968023694,0.0747603031976306,0.9695438762493249,0.399003907903762,5,0.1,0.5,0.591480311839723,0.6078651598040177,1.0,0.6069486910980456,0.6065955947525709,0.602568313746223,0.6061928703823177,0.6126938472334322,0.5946258251517486,0.603540378532837,0.6067428267033137,0.5942670407450761
4,3,0.2236517225410747,0.9334216001513146,5287,1.3632063525063651,0.9341657207718501,881,1.370051362263128,0.9307,0.7971003470882863,0.08367465441578789,,,0.9287298633586867,,0.9287435369710356,0.07125646302896438,0.9695469789996833,0.39900519401149603,5,0.1,0.5,0.5928530720349252,0.6053254689957703,0.6069486910980456,1.0,0.6077284918608858,0.5961726178095904,0.6058218273697497,0.6070628070926352,0.6049932230433124,0.604836489802938,0.6073381412945019,0.5914988421695553
4,4,0.21884352289470693,0.9331306990881459,4935,1.3666805028915405,0.9416058394160584,822,1.3734422796450483,0.9302,0.8030873408835778,0.08378346830370363,,,0.9387191015548166,,0.9387329953315596,0.06126700466844037,0.9695473236125,0.3990082298239555,5,0.1,0.5,0.602348997653933,0.6100971261383524,0.6065955947525709,0.6077284918608858,1.0,0.6023836044508138,0.6136869499528596,0.6090730694727551,0.6126172969042265,0.6071571855679049,0.6205783452379666,0.596514258948237
4,5,0.23582444004969647,0.9295478894364688,4667,1.3826346158981324,0.9241645244215938,778,1.370476582179816,0.9305,0.7978091549840325,0.08387921750609827,,,0.9475089868179009,,0.9475277345514783,0.05247226544852168,0.9695577235836148,0.3990102501502079,5,0.1,0.5,0.5964349839844578,0.6044238675098456,0.602568313746223,0.5961726178095904,0.6023836044508138,1.0,0.6051521460575843,0.6088508111549134,0.6039815095751028,0.6076929972119237,0.6115747596714269,0.5967749787441754
4,6,0.23319909023087737,0.9292162587019986,4453,1.3882731795310974,0.9380053908355795,742,1.3698117881537246,0.9311,0.8002817173100334,0.08393270917806873,,,0.9524195829105249,,0.9524321068219467,0.04756789317805332,0.9695587648998574,0.3990110962454413,5,0.1,0.5,0.5905909248717852,0.6026356634256023,0.6061928703823177,0.6058218273697497,0.6136869499528596,0.6051521460575843,1.0,0.6122925119438801,0.6086663120580985,0.6021566415494104,0.6131245449135978,0.5996826353749395
4,7,0.228699281886776,0.9318213701192425,4277,1.3585962730905283,0.9312762973352033,713,1.3700890316369054,0.9307,0.8024421357406637,0.08417909777734679,,,0.9750383354810164,,0.9750614928969429,0.024938507103057117,0.9695658634908371,0.3990131571885547,5,0.1,0.5,0.5934102331222885,0.6021538192352033,0.6126938472334322,0.6070628070926352,0.6090730694727551,0.6088508111549134,0.6122925119438801,1.0,0.6101251967033522,0.612847283230499,0.6101123419944724,0.6009292237441893
4,8,0.24423165257532115,0.9253572293533543,4129,1.3980997367338701,0.9156976744186046,688,1.3842918907110684,0.929,0.7958931872815762,0.08009376328037308,,,0.6,,0.6,0.4,0.9648599849183872,0.396464750746333,5,0.1,0.5,0.60070860249623,0.5904046384018692,0.5946258251517486,0.6049932230433124,0.6126172969042265,0.6039815095751028,0.6086663120580985,0.6101251967033522,1.0,0.6041488617705166,0.6115005755410704,0.6023938990477969
4,9,0.24736792433775714,0.9274181454636341,4001,1.3888716300328572,0.9115442278860569,667,1.3715013178011861,0.9305,0.8011094108224572,0.0834819168760247,,,0.91103633883798,,0.9110586817930827,0.08894131820691731,0.9695133230214329,0.3989967745793038,5,0.1,0.5,0.5943132581687172,0.6102445676841646,0.603540378532837,0.604836489802938,0.6071571855679049,0.6076929972119237,0.6021566415494104,0.612847283230499,0.6041488617705166,1.0,0.6238401910611646,0.6002438989494419
4,10,0.22576561469248815,0.9334533299048599,3889,1.3519584905533564,0.933641975308642,648,1.3710542326918045,0.9304,0.8068331266435846,0.08423314574239223,,,0.9799999999081987,,0.9800010039656644,0.019998996034335637,0.9695655084731867,0.3990132914301432,5,0.1,0.5,0.6006612893430296,0.6119830683102163,0.6067428267033137,0.6073381412945019,0.6205783452379666,0.6115747596714269,0.6131245449135978,0.6101123419944724,0.6115005755410704,0.6238401910611646,1.0,0.6048686193876502
4,11,0.2651170859066378,0.9219730941704036,3791,1.3907001197338105,0.9129746835443038,632,1.3736009571118095,0.9301,0.7894177878736108,0.08282962130606412,,,0.8511548664687347,,0.8511771497414788,0.14882285025852116,0.9693485249226079,0.39892356989176,5,0.1,0.5,0.5859713301470987,0.5882600356434364,0.5942670407450761,0.5914988421695553,0.596514258948237,0.5967749787441754,0.5996826353749395,0.6009292237441893,0.6023938990477969,0.6002438989494419,0.6048686193876502,1.0
5,0,0.18942777560117877,0.9427562697832969,8214,1.1062789420748866,0.9539810080350621,1369,1.1220311440598851,0.9415,0.7830143920771803,0.08303544518052851,,,0.8342507880768729,,0.8342653481250941,0.16573465187490588,0.9688635593160836,0.3918609106328519,5,0.1,0.5,1.0,0.5894506396161537,0.5822222838228454,0.5865436283293508,0.5704698740989927,0.5882294501140921,0.5701184500654003,0.5792611206072558,0.575771010050248,0.5753136112236908,0.5819022687793016,0.5689588519895697
5,1,0.19413756348952216,0.9419531487678734,6574,1.1187997817993165,0.9461678832116789,1096,1.1226366116596869,0.9414,0.784717953332943,0.08336326529708252,,,0.874286944233156,,0.8742984789920185,0.1257015210079815,0.9690344285267404,0.39193828517841955,5,0.1,0.5,0.5894506396161537,1.0,0.5954413024836849,0.5811178487828694,0.5730219369505305,0.5853110447601882,0.5765244729433598,0.5714318548598837,0.5736811451537174,0.5795246889997607,0.5895482836388226,0.5670719132832178
5,2,0.21189489634038663,0.9358810306069514,5783,1.1297860453205724,0.9367219917012448,964,1.1218764568670108,0.9414,0.7867629464070182,0.08363471211985245,,,0.9074383185258112,,0.907454445057979,0.09254555494202099,0.9691124882891471,0.3919727198920572,5,0.1,0.5,0.5822222838228454,0.5954413024836849,1.0,0.5873294156874015,0.5755670697098221,0.5852914682526179,0.5786748851185982,0.5868164710700234,0.5741396362433584,0.5841229242550707,0.5833180510609283,0.5668231843475878
5,3,0.20813735610670803,0.9363344051446946,5287,1.1144670162882124,0.9466515323496028,881,1.1219114790709255,0.9415,0.7847202705795085,0.08358836631446243,,,0.9017781780765661,,0.90179709853923,0.09820290146077004,0.969114291315042,0.3919684266635904,5,0.1,0.5,0.5865436283293508,0.5811178487828694,0.5873294156874015,1.0,0.5794888549185434,0.5795490080981258,0.5750063911010262,0.5864378375005151,0.5764038136999728,0.5839046316040518,0.5827845847051709,0.5619068023341249
5,4,0.1979583572839657,0.9399797365754813,4935,1.1171332551882818,0.9549878345498783,822,1.1253729803493608,0.9412,0.7791521630399525,0.08346513687002258,,,0.886728359497684,,0.8867476532302595,0.1132523467697405,0.9690922499082502,0.3919533443139253,5,0.1,0.5,0.5704698740989927,0.5730219369505305,0.5755670697098221,0.5794888549185434,1.0,0.574523918848856,0.5810054556060837,0.5729388339507908,0.5771087812275374,0.5814519885288116,0.5821038970311951,0.5599806248210288
5,5,0.21656468761829684,0.934776087422327,4667,1.1358119893074035,0.9318766066838047,778,1.1223771166496765,0.9413,0.7884448885744274,0.08385629942002051,,,0.9345004276026845,,0.9345163395411877,0.06548366045881227,0.9691496896028678,0.3919858120664598,5,0.1,0.5,0.5882294501140921,0.5853110447601882,0.5852914682526179,0.5795490080981258,0.574523918848856,1.0,0.5849429283707134,0.5949540600592814,0.5790110713328017,0.580149027727804,0.5883606543328592,0.5741645951113298
5,6,0.2151324852376378,0.9350550190882551,4453,1.1426016787687938,0.9433962264150944,742,1.1216659254540269,0.9416,0.7826306833966699,0.0836874053255541,,,0.913873657009681,,0.9138848451382963,0.08611515486170374,0.9691346412434148,0.3919769155466487,5,0.1,0.5,0.5701184500654003,0.5765244729433598,0.5786748851185982,0.5750063911010262,0.5810054556060837,0.5849429283707134,1.0,0.5858617055892676,0.5834408365169765,0.5780148627819229,0.5818509424566966,0.5642819719326824
5,7,0.21145533336493283,0.9373860182370821,4277,1.1099501614985259,0.94109396914446,713,1.121950628658453,0.9414,0.7884043030086109,0.08405544170196093,,,0.958821361842153,,0.9588323879323327,0.04116761206766728,0.9691654476478275,0.3919906898010916,5,0.1,0.5,0.5792611206072558,0.5714318548598837,0.5868164710700234,0.5864378375005151,0.5729388339507908,0.5949540600592814,0.5858617055892676,1.0,0.5877243626854265,0.5804622979441268,0.5918533268288202,0.5751387382491888
5,8,0.21864864683983168,0.9330588520222814,4129,1.158561180938374,0.9287790697674418,688,1.1394642616232362,0.9389,0.7825624776753837,0.08111737591457632,,,0.6,,0.6,0.4,0.9643291075005528,0.38942201885528427,5,0.1,0.5,0.575771010050248,0.5736811451537174,0.5741396362433584,0.5764038136999728,0.5771087812275374,0.5790110713328017,0.5834408365169765,0.5877243626854265,1.0,0.5792470353192808,0.5974302465847036,0.5742818925372667
5,9,0.2232483339292389,0.9318670332416896,4001,1.145337428365435,0.9220389805097451,667,1.1234416264695481,0.9412,0.7842975335498347,0.08344457518463322,,,0.8842171931429826,,0.8842276994126801,0.11577230058731991,0.9690670053635925,0.3919505643052354,5,0.1,0.5,0.5753136112236908,0.5795246889997607,0.5841229242550707,0.5839046316040518,0.5814519885288116,0.580149027727804,0.5780148627819229,0.5804622979441268,0.5792470353192808,1.0,0.5934068758045239,0.5618385579392565
5,10,0.20779327127135924,0.9397274363589612,3889,1.1019497882752192,0.941358024691358,648,1.122931954959711,0.9413,0.7923036214988762,0.08422885454314935,,,0.9799999998778715,,0.9800010039656644,0.019998996034335637,0.9691709521440169,0.3919919058185298,5,0.1,0.5,0.5819022687793016,0.5895482836388226,0.5833180510609283,0.5827845847051709,0.5821038970311951,0.5883606543328592,0.5818509424566966,0.5918533268288202,0.5974302465847036,0.5934068758045239,1.0,0.5771690194167854
5,11,0.24206061581572313,0.9293590081772619,3791,1.145707756280899,0.9272151898734177,632,1.126251480830744,0.941,0.770514947552961,0.08252312212815713,,,0.771681578039316,,0.7716982079212891,0.22830179207871093,0.968274648610425,0.3916179522331094,5,0.1,0.5,0.5689588519895697,0.5670719132832178,0.5668231843475878,0.5619068023341249,0.5599806248210288,0.5741645951113298,0.5642819719326824,0.5751387382491888,0.5742818925372667,0.5618385579392565,0.5771690194167854,1.0
6,0,0.17508521139556507,0.9470172875578281,8214,0.8692343900370043,0.9576333089846604,1369,0.887888981892278,0.9484,0.7723489742776832,0.08322402854210867,,,0.8520319506338436,,0.8520505998694845,0.1479494001305155,0.9677078493017487,0.3848203950226887,5,0.1,0.5,1.0,0.5650048517884243,0.5614086714854692,0.5602482232175828,0.5636018070225212,0.5691172011412872,0.5498242349403534,0.5542988008736053,0.5444391948457306,0.556767773588643,0.5631419407458187,0.548089583952189
6,1,0.1783718607600923,0.9460906601764527,6574,0.8842061025755746,0.9498175182481752,1096,0.8883531312592113,0.9484,0.771657826600129,0.08342013203607575,,,0.8781704171004797,,0.8781838261131469,0.12181617388685306,0.9679044662667379,0.3848638677508665,5,0.1,0.5,0.5650048517884243,1.0,0.5681450534277203,0.5655573675150787,0.5620955468462522,0.5684507804148146,0.5505519254847445,0.5488133647938146,0.5389510376159753,0.5592701256465993,0.5613737768616796,0.539428396874551
6,2,0.19704259982672184,0.9414836590005188,5783,0.8956990338140919,0.9398340248962656,964,0.8874959463890368,0.9484,0.7744174275948077,0.08370050900914928,,,0.915541623295969,,0.9155614677978013,0.08443853220219866,0.9680167140752525,0.38489824450433335,5,0.1,0.5,0.5614086714854692,0.5681450534277203,1.0,0.5648706128924463,0.5620316183784378,0.5680300481930167,0.5491930669324802,0.5634466629658614,0.5407048979574353,0.5630594097411192,0.5594874113309611,0.5514002735985812
6,3,0.19349691067788616,0.9411386419519576,5287,0.8797718648399625,0.9557321225879682,881,0.887593115290133,0.9484,0.7705861845617223,0.08353364418179249,,,0.8933003536169144,,0.8933135886752673,0.10668641132473267,0.9679967036110813,0.38488101835848965,5,0.1,0.5,0.5602482232175828,0.5655573675150787,0.5648706128924463,1.0,0.5685780410370712,0.5570795708596277,0.5429756228034684,0.5587664371534928,0.5417350911141373,0.5567557953854799,0.558970695295314,0.5411533495279629
6,4,0.1836318572850958,0.9452482269503546,4935,0.881379056435365,0.9610705596107056,822,0.890775104681143,0.948,0.7761628076063656,0.08364821826690078,,,0.9085718351237724,,0.908588926258722,0.09141107374127799,0.9679862073950437,0.3848938516957098,5,0.1,0.5,0.5636018070225212,0.5620955468462522,0.5620316183784378,0.5685780410370712,1.0,0.5604773919529615,0.5539613653458676,0.5652061595128451,0.5498611612312522,0.5664387062761453,0.5723550824573567,0.5442272776663479
6,5,0.20296419038858315,0.9388043711163488,4667,0.901642963886261,0.9408740359897172,778,0.8878908083080864,0.9483,0.7764359393578687,0.08392109203059119,,,0.9449429449778577,,0.9449525626223583,0.05504743737764173,0.968073472112045,0.38490955839982516,5,0.1,0.5,0.5691172011412872,0.5684507804148146,0.5680300481930167,0.5570795708596277,0.5604773919529615,1.0,0.5616759124735847,0.5659392644190652,0.5477666684459634,0.5548806213459887,0.5672726992563197,0.5486532520405419
6,6,0.19706863504036196,0.9418818773860319,4453,0.9101192081967989,0.9501347708894878,742,0.8874363882092241,0.9483,0.7634476734242316,0.08334748018423482,,,0.8684867140992378,,0.8684955574519352,0.13150444254806481,0.967949315784308,0.38484938009022257,5,0.1,0.5,0.5498242349403534,0.5505519254847445,0.5491930669324802,0.5429756228034684,0.5539613653458676,0.5616759124735847,1.0,0.5503919220026626,0.5400252936384625,0.553292473993304,0.5549264347181497,0.5435014697183631
6,7,0.19382622507470312,0.9421089548749123,4277,0.874732590239981,0.9537166900420757,713,0.8875026668603427,0.9484,0.7712131853755254,0.08387012928714618,,,0.9381501646268426,,0.9381657547311882,0.06183424526881176,0.9680823006453194,0.3849077880552085,5,0.1,0.5,0.5542988008736053,0.5488133647938146,0.5634466629658614,0.5587664371534928,0.5652061595128451,0.5659392644190652,0.5503919220026626,1.0,0.5454998873243342,0.5592049834279726,0.5567512004853137,0.5518238303011205
6,8,0.2191560361552715,0.9344635504964882,4129,0.9314039268276908,0.9418604651162791,688,0.9073035570379263,0.9461,0.755399317577702,0.08133316221398182,,,0.6,,0.6,0.4,0.9629291031801587,0.3822639495463361,5,0.1,0.5,0.5444391948457306,0.5389510376159753,0.5407048979574353,0.5417350911141373,0.5498611612312522,0.5477666684459634,0.5400252936384625,0.5454998873243342,1.0,0.5395800481831927,0.5579426206169659,0.5437937387910549
6,9,0.2022988881204381,0.9398150462384404,4001,0.9150299855640956,0.9325337331334332,667,0.8890785365439833,0.9483,0.7710542456513927,0.0834534676129825,,,0.8826136875465913,,0.8826263741780032,0.11737362582199684,0.9679547085554847,0.3848696255485489,5,0.1,0.5,0.556767773588643,0.5592701256465993,0.5630594097411192,0.5567557953854799,0.5664387062761453,0.5548806213459887,0.553292473993304,0.5592049834279726,0.5395800481831927,1.0,0.5692057915220472,0.5431417890766451
6,10,0.1933482865940352,0.9433787606068398,3889,0.8665986032713027,0.9506172839506173,648,0.8883995811779278,0.9482,0.776784229654586,0.08418410711453557,,,0.9799999998667108,,0.9800010039656644,0.019998996034335637,0.9681061987417383,0.38491359205024867,5,0.1,0.5,0.5631419407458187,0.5613737768616796,0.5594874113309611,0.558970695295314,0.5723550824573567,0.5672726992563197,0.5549264347181497,0.5567512004853137,0.5579426206169659,0.5692057915220472,1.0,0.5495547143457756
