round,client_id,client_i_training_loss,client_i_training_accuracy,client_i_training_dataset_size,client_i_evaluation_loss,client_i_evaluation_accuracy,client_i_evaluation_dataset_size,client_i_central_evaluation_loss,client_i_central_evaluation_accuracy,client_i_cosine_similarity,client_i_importance_coefficient,client_i_tanh_val,tanh_normalization_value,client_i_q,client_i_mask_order,client_i_v_nonzero_fraction,client_i_v_sparsity,client_i_v_cosine_similarity,client_i_reward_gradient_norm,local_epochs,learning_rate,gamma,client_0_cosine_similarity,client_1_cosine_similarity,client_2_cosine_similarity,client_3_cosine_similarity,client_4_cosine_similarity,client_5_cosine_similarity,client_6_cosine_similarity,client_7_cosine_similarity,client_8_cosine_similarity,client_9_cosine_similarity,client_10_cosine_similarity,client_11_cosine_similarity
0,0,0.27538878594992633,0.915899683467251,8214,2.2051016175469687,0.34550766983199416,1369,2.205667033363074,0.3327,0.8073888596927187,0.08840204465941205,,,0.9999999999909824,,1.0,0.0,0,0.38398138717930735,5,0.1,0.5,1.0,0.5652288055711024,0.5840885069511483,0.5876810627188154,0.584597846444236,0.5793400670121891,0.5814646387305064,0.5917787159456946,0.496993861611831,0.3815274817701753,0.5872945002403817,0.5846401208087464
0,1,0.29695888709421586,0.9082750228171586,6574,2.2026009491511753,0.3357664233576642,1096,2.205667607700482,0.3327,0.792167475292994,0.08673543570471995,,,0.9849712804701576,,0.984975653832639,0.015024346167361036,0,0.38398132687456055,5,0.1,0.5,0.5652288055711024,1.0,0.5814409061036244,0.582496682894497,0.5848961130387001,0.5829408455073519,0.593340102327239,0.5980597377330718,0.4752935205393477,0.3944765307872035,0.5943456437776463,0.5758629168618737
0,2,0.33156375406484906,0.895728860453052,5783,2.2067375106196248,0.3454356846473029,964,2.2056673136762917,0.3327,0.7936597185607571,0.08689882333933471,,,0.9864446356485774,,0.986456503187591,0.013543496812408962,0,0.38398134501067444,5,0.1,0.5,0.5840885069511483,0.5814409061036244,1.0,0.5860034886476492,0.590191441221868,0.5978304135679215,0.5807821240000339,0.5902976819205044,0.5038014210478738,0.391163708070677,0.6013379753484102,0.5991376812125767
0,3,0.3308781092750829,0.8969169661433706,5287,2.202440219266074,0.3530079455164586,881,2.205667243597987,0.3327,0.7874358974500478,0.08621736916124446,,,0.9802995926377502,,0.9803122333216204,0.01968776667837957,0,0.38398124664622285,5,0.1,0.5,0.5876810627188154,0.582496682894497,0.5860034886476492,1.0,0.5926033626745015,0.5903697050228798,0.5922678486622559,0.5940685673725254,0.47957184966996674,0.3836930853809218,0.6050226045111408,0.5868346383809878
0,4,0.32906599154305316,0.8953596757852077,4935,2.206257783449613,0.3199513381995134,822,2.2056672763519773,0.3327,0.7904562114126663,0.08654806722154526,,,0.983281676935539,,0.983294011344812,0.01670598865518802,0,0.3839813030703331,5,0.1,0.5,0.584597846444236,0.5848961130387001,0.590191441221868,0.5926033626745015,1.0,0.5995280052587001,0.594042679361944,0.6095457187720741,0.5065356578708454,0.3939822395336301,0.6084243673308443,0.5829662487776539
0,5,0.34976102573644013,0.8868223698307264,4667,2.2090547466278077,0.33676092544987146,778,2.205667091253847,0.3327,0.7866693572173594,0.08613343968529263,,,0.9795427548984241,,0.9795542392450178,0.020445760754982167,0,0.38398123184035177,5,0.1,0.5,0.5793400670121891,0.5829408455073519,0.5978304135679215,0.5903697050228798,0.5995280052587001,1.0,0.5792747315051826,0.6063877998807945,0.5024691091847272,0.3902451493247623,0.6098590396619367,0.5993056697189094
0,6,0.3572629578065659,0.8876712328767123,4453,2.206082592407862,0.3288409703504043,742,2.2056663120135713,0.3328,0.7819149643514217,0.08561287509560661,,,0.9748485408244876,,0.9748556799357462,0.025144320064253822,0,0.38398108154128374,5,0.1,0.5,0.5814646387305064,0.593340102327239,0.5807821240000339,0.5922678486622559,0.594042679361944,0.5792747315051826,1.0,0.6090368749878519,0.4882653833154276,0.3965137078765361,0.6070318112610203,0.5818970786708475
0,7,0.3613478457388371,0.8865559971942951,4277,2.210961207099583,0.30014025245441794,713,2.2056676038918783,0.3327,0.7921472653677042,0.08673322289400726,,,0.9849513263522705,,0.9849605943476734,0.015039405652326643,0,0.3839813268222986,5,0.1,0.5,0.5917787159456946,0.5980597377330718,0.5902976819205044,0.5940685673725254,0.6095457187720741,0.6063877998807945,0.6090368749878519,1.0,0.5058680319081061,0.39450074443832983,0.6186813120995855,0.5942998414722355
0,8,0.44666785590637187,0.8674255267619279,4129,2.207953994924372,0.33430232558139533,688,2.2057119847867437,0.333,0.6781349475951404,0.07424986758577427,,,0.8723821210338623,,0.8723959640580292,0.12760403594197078,0,0.3839309402407839,5,0.1,0.5,0.496993861611831,0.4752935205393477,0.5038014210478738,0.47957184966996674,0.5065356578708454,0.5024691091847272,0.4882653833154276,0.5058680319081061,1.0,0.3246112584741101,0.5257121638545112,0.5107339870217906
0,9,0.5015758949864123,0.8659335166208448,4001,2.2097829296475364,0.3148425787106447,667,2.2058529968078906,0.3309,0.5541839146858641,0.060678309574686076,,,0.75,,0.750002509914161,0.24999749008583905,0,0.383555111658324,5,0.1,0.5,0.3815274817701753,0.3944765307872035,0.391163708070677,0.3836930853809218,0.3939822395336301,0.3902451493247623,0.3965137078765361,0.39450074443832983,0.3246112584741101,1.0,0.3938758299311482,0.37617575359392896
0,10,0.3646946426572614,0.8886088968886603,3889,2.1989148003714427,0.3472222222222222,648,2.2056673182466158,0.3327,0.7933285330697268,0.0868625614139723,,,0.9861176421423788,,0.9861352341749912,0.01386476582500884,0,0.3839813433299487,5,0.1,0.5,0.5872945002403817,0.5943456437776463,0.6013379753484102,0.6050226045111408,0.6084243673308443,0.6098590396619367,0.6070318112610203,0.6186813120995855,0.5257121638545112,0.3938758299311482,1.0,0.6103108062496155
0,11,0.4070773755051509,0.8751252967554735,3791,2.208990955352783,0.30854430379746833,632,2.2056663752363894,0.3327,0.7756597503031261,0.08492798366440446,,,0.9686725022326061,,0.9686812910998444,0.031318708900155645,0,0.38398079477586866,5,0.1,0.5,0.5846401208087464,0.5758629168618737,0.5991376812125767,0.5868346383809878,0.5829662487776539,0.5993056697189094,0.5818970786708475,0.5942998414722355,0.5107339870217906,0.37617575359392896,0.6103108062496155,1.0
1,0,0.24969518775345054,0.9238860482103726,8214,2.050700628480246,0.7224251278305333,1369,2.052622923074058,0.735,0.8024931524044545,0.08621727043091876,,,0.9999999999861421,,1.0,0.0,0.9556687517063922,0.4079394794052206,5,0.1,0.5,1.0,0.6187410648009735,0.6244211021477225,0.6220513582336678,0.6248725904492592,0.6248659287675495,0.6221003078953824,0.6185654046766259,0.6229546184553968,0.6239332639807765,0.6211343052833753,0.6110493740329389
1,1,0.2625895596769394,0.9202007909948281,6574,2.049762671334403,0.7417883211678832,1096,2.0526234376163908,0.735,0.8115767361789143,0.08543288135550303,,,0.989129981797911,,0.9891421113397921,0.01085788866020787,0.9556690760225156,0.40793945562243955,5,0.1,0.5,0.6187410648009735,1.0,0.6343351184763949,0.6305131967226169,0.6302168149863488,0.6259708936909222,0.6355168643459432,0.6314228951542712,0.6339240130474342,0.6331865878960219,0.6361989207395388,0.6222286184796108
1,2,0.29105892444327885,0.91156839010894,5783,2.0536731981462046,0.7271784232365145,964,2.052623283367949,0.735,0.8161597965018709,0.08569990536257063,,,0.9928303849581421,,0.9928417248130114,0.0071582751869886385,0.9556694369570763,0.407939472391031,5,0.1,0.5,0.6244211021477225,0.6343351184763949,1.0,0.63470284594403,0.6337334696993446,0.6347155929476394,0.63211090497628,0.6394741933568866,0.6316600875225181,0.6369464836928496,0.6403203476383462,0.633223709119747
1,3,0.29365200876449066,0.9095895592963874,5287,2.0475635613713945,0.753688989784336,881,2.052622846521128,0.735,0.815026680990646,0.08521080833226792,,,0.9860525067573493,,0.9860749962351287,0.013925003764871269,0.9556707764725099,0.40793942483801215,5,0.1,0.5,0.6220513582336678,0.6305131967226169,0.63470284594403,1.0,0.6367743884901924,0.6350664923668109,0.6374932838893668,0.6386882786354515,0.6375581978475764,0.6358006590005983,0.6318233352382502,0.627913983499285
1,4,0.29346658321638264,0.9105572441742654,4935,2.052891648732699,0.7335766423357665,822,2.052623170252425,0.735,0.8183687858284311,0.08554514709995574,,,0.9906857539553311,,0.9907032779478941,0.009296722052105855,0.9556699748944126,0.40793946470742204,5,0.1,0.5,0.6248725904492592,0.6302168149863488,0.6337334696993446,0.6367743884901924,1.0,0.6377262710435491,0.6387925801812235,0.6442115721689767,0.6427989101790571,0.6350188791723463,0.6428955573272214,0.6319685204527541
1,5,0.30891254004856494,0.9043068352260553,4667,2.0580382251739504,0.7365038560411311,778,2.0526228617555415,0.735,0.8188130879246133,0.08528693902730601,,,0.9871075215015414,,0.9871241403543999,0.012875859645600118,0.9556706628230228,0.4079394367476716,5,0.1,0.5,0.6248659287675495,0.6259708936909222,0.6347155929476394,0.6350664923668109,0.6377262710435491,1.0,0.6461140761744208,0.643830081726178,0.6401749993271733,0.6409711268005069,0.6422136157364551,0.6348254277040504
1,6,0.31714383140206337,0.9017291713451606,4453,2.0550303161144257,0.7371967654986523,742,2.0526196743352725,0.735,0.8209527308080453,0.08501770381630556,,,0.983376475605809,,0.9833893880829275,0.01661061191707247,0.9556706127902241,0.40793938428613424,5,0.1,0.5,0.6221003078953824,0.6355168643459432,0.63211090497628,0.6374932838893668,0.6387925801812235,0.6461140761744208,1.0,0.6443429697186669,0.6500919452189633,0.6462459163892134,0.6444609424682535,0.6345329229424495
1,7,0.31521021984100567,0.9052606967500585,4277,2.0559946557749873,0.7194950911640954,713,2.052623547304172,0.735,0.8223979549026096,0.08580729781411627,,,0.9943186233058793,,0.9943275939962853,0.005672406003714658,0.9556691120703067,0.4079394758223591,5,0.1,0.5,0.6185654046766259,0.6314228951542712,0.6394741933568866,0.6386882786354515,0.6442115721689767,0.643830081726178,0.6443429697186669,1.0,0.653124762552676,0.6443781172748542,0.6496331967334015,0.6330253249183004
1,8,0.32055751566488583,0.8983288931944781,4129,2.0593760338696567,0.7427325581395349,688,2.052672943748986,0.7347,0.8177949576965641,0.07740879465776665,,,0.8779326550094035,,0.8779428743536971,0.12205712564630289,0.9555020121793627,0.40789627352316626,5,0.1,0.5,0.6229546184553968,0.6339240130474342,0.6316600875225181,0.6375581978475764,0.6427989101790571,0.6401749993271733,0.6500919452189633,0.653124762552676,1.0,0.6416348176192928,0.6556730048647827,0.6369453766876753
1,9,0.33307103803640026,0.8991252186953261,4001,2.0588828949701217,0.7286356821589205,667,2.0531563907385633,0.7326,0.8098800762776835,0.06817707349220758,,,0.75,,0.750002509914161,0.24999749008583905,0.9539772717482151,0.40746249927688255,5,0.1,0.5,0.6239332639807765,0.6331865878960219,0.6369464836928496,0.6358006590005983,0.6350188791723463,0.6409711268005069,0.6462459163892134,0.6443781172748542,0.6416348176192928,1.0,0.6529987659300025,0.636951783707272
1,10,0.3186457662492013,0.9040370275134996,3889,2.0416698569343206,0.7623456790123457,648,2.0526230411407664,0.735,0.824022424351238,0.08594908333983896,,,0.996283478875313,,0.9963003865267808,0.003699613473219232,0.9556696384443472,0.4079394785711323,5,0.1,0.5,0.6211343052833753,0.6361989207395388,0.6403203476383462,0.6318233352382502,0.6428955573272214,0.6422136157364551,0.6444609424682535,0.6496331967334015,0.6556730048647827,0.6529987659300025,1.0,0.6411238493568584
1,11,0.35558315606615626,0.8945924558164072,3791,2.0589165329933166,0.7167721518987342,632,2.0526179627488594,0.735,0.8117804130011309,0.08424709527124286,,,0.9726974272057552,,0.9727071934139853,0.02729280658601474,0.9556653376817854,0.4079390852729414,5,0.1,0.5,0.6110493740329389,0.6222286184796108,0.633223709119747,0.627913983499285,0.6319685204527541,0.6348254277040504,0.6345329229424495,0.6330253249183004,0.6369453766876753,0.636951783707272,0.6411238493568584,1.0
2,0,0.22617227086445846,0.9327733138543949,8214,1.8520846838174865,0.8889700511322133,1369,1.856294116273094,0.8867,0.8024286701303938,0.08483928559525795,,,0.9922992970413915,,0.992309623010893,0.007690376989107017,0.9695295317920755,0.40700958310618157,5,0.1,0.5,1.0,0.6234910461626203,0.6220714160122109,0.6196453021182692,0.6224877056049576,0.629731815749369,0.6153675388035339,0.6228729804000964,0.6241546994348831,0.6140135768185497,0.613693351329189,0.6166444962476156
2,1,0.23877060569063263,0.9271372071797992,6574,1.8526391540254865,0.8978102189781022,1096,1.8562956461891198,0.8867,0.8115545298565338,0.08463844546497536,,,0.9881812935603558,,0.9881933637869584,0.011806636213041566,0.9695293086507549,0.4070095505262859,5,0.1,0.5,0.6234910461626203,1.0,0.6346182866257365,0.6322117226175153,0.6246471799073519,0.6401020795326463,0.6302958957115052,0.6252271904153474,0.633503841617003,0.6260727940665963,0.6296856575824534,0.6180349105683409
2,2,0.26644944509398705,0.9201798374546083,5783,1.8580152103977818,0.8962655601659751,964,1.8562944910396784,0.8867,0.8149093927539567,0.08493143293528621,,,0.9941886757550511,,0.9941970784599167,0.005802921540083328,0.9695292556308207,0.4070095906521252,5,0.1,0.5,0.6220714160122109,0.6346182866257365,1.0,0.6361514193580896,0.626635444528497,0.6365962965457151,0.6310518281307071,0.6355560470239328,0.6343236303948926,0.6272679870059897,0.6340489496794419,0.6308357651900522
2,3,0.2682520209531109,0.9191602042746359,5287,1.8494981612477983,0.8842224744608399,881,1.8562953327410519,0.8868,0.8118228896248536,0.08450109878899777,,,0.985365152737361,,0.9853822599267105,0.014617740073289531,0.9695284766818503,0.40700951512589345,5,0.1,0.5,0.6196453021182692,0.6322117226175153,0.6361514193580896,1.0,0.6330907579812421,0.6321956482979076,0.6261374231043025,0.6341356550831828,0.6286514721955072,0.6301972962718925,0.6263898525048273,0.6230100061225571
2,4,0.2612135672473138,0.9193515704154002,4935,1.8561740334217365,0.8978102189781022,822,1.8562943135587553,0.8867,0.8160780686775576,0.0848698435482246,,,0.9929258538779806,,0.9929371015511269,0.0070628984488730895,0.9695293685204484,0.40700958574848367,5,0.1,0.5,0.6224877056049576,0.6246471799073519,0.626635444528497,0.6330907579812421,1.0,0.633874458296937,0.6389926585502372,0.6388769929975789,0.6430870044349148,0.631285179242347,0.6359330549141115,0.6337291941252966
2,5,0.27657538256161424,0.9177201628455111,4667,1.8646423625946045,0.8830334190231363,778,1.8562941855896775,0.8867,0.8219012284508806,0.08490172772107338,,,0.993579603378125,,0.993594699061292,0.006405300938707947,0.9695289039083739,0.4070095892065685,5,0.1,0.5,0.629731815749369,0.6401020795326463,0.6365962965457151,0.6321956482979076,0.633874458296937,1.0,0.6390675276950425,0.647122218183604,0.6478580740898355,0.6374659403289441,0.6391221646093298,0.6376905104813372
2,6,0.27857102067076733,0.9159667639793397,4453,1.861522614955902,0.8840970350404312,742,1.856290928091104,0.8868,0.8155006365613197,0.08450140334584218,,,0.9853713973367033,,0.9853872797550324,0.014612720244967625,0.9695287236335715,0.40700951513852407,5,0.1,0.5,0.6153675388035339,0.6302958957115052,0.6310518281307071,0.6261374231043025,0.6389926585502372,0.6390675276950425,1.0,0.640445990306267,0.6375394502572257,0.6336470980841233,0.6365765446052951,0.6301829752059708
2,7,0.2810569993470476,0.9168576104746318,4277,1.8576947139657063,0.8807854137447405,713,1.8562951495472235,0.8867,0.8201513571572216,0.08518458639250741,,,0.9993793058179089,,0.9993875809447317,0.0006124190552683206,0.9695294006944065,0.4070095940345232,5,0.1,0.5,0.6228729804000964,0.6252271904153474,0.6355560470239328,0.6341356550831828,0.6388769929975789,0.647122218183604,0.640445990306267,1.0,0.6457943264449092,0.6338657479636093,0.6437734517038713,0.6333963985485517
2,8,0.28685969742803047,0.9142165173165415,4129,1.8684144507754932,0.8851744186046512,688,1.8563598059236812,0.8866,0.8176499428233631,0.07955056250606088,,,0.8838599126369746,,0.8838712916018272,0.1161287083981728,0.9693433502694712,0.40697097438791363,5,0.1,0.5,0.6241546994348831,0.633503841617003,0.6343236303948926,0.6286514721955072,0.6430870044349148,0.6478580740898355,0.6375394502572257,0.6457943264449092,1.0,0.6289088458600944,0.644994352970528,0.6423122828600915
2,9,0.2947086805858398,0.9111222194451387,4001,1.8654248373849052,0.8620689655172413,667,1.857439377056524,0.8859,0.8052480384538278,0.07302204876938354,,,0.75,,0.750002509914161,0.24999749008583905,0.9681294465591834,0.40653103173196375,5,0.1,0.5,0.6140135768185497,0.6260727940665963,0.6272679870059897,0.6301972962718925,0.631285179242347,0.6374659403289441,0.6336470980841233,0.6338657479636093,0.6289088458600944,1.0,0.6488714169455425,0.621299287400242
2,10,0.271119836806396,0.9210593983029056,3889,1.8417560145968483,0.8996913580246914,648,1.8562945302682943,0.8867,0.8183282621315972,0.08521485841555278,,,0.9999999999794961,,1.0,0.0,0.9695293541064988,0.40700959403611014,5,0.1,0.5,0.613693351329189,0.6296856575824534,0.6340489496794419,0.6263898525048273,0.6359330549141115,0.6391221646093298,0.6365765446052951,0.6437734517038713,0.644994352970528,0.6488714169455425,1.0,0.6330068136486583
2,11,0.32214367156456997,0.9066209443418624,3791,1.8654536843299865,0.865506329113924,632,1.8562858024725137,0.8867,0.8112511167286194,0.083844706516838,,,0.971906559288554,,0.9719190803674514,0.02808091963254855,0.9695279266380764,0.40700909084993836,5,0.1,0.5,0.6166444962476156,0.6180349105683409,0.6308357651900522,0.6230100061225571,0.6337291941252966,0.6376905104813372,0.6301829752059708,0.6333963985485517,0.6423122828600915,0.621299287400242,0.6330068136486583,1.0
3,0,0.21088206324479924,0.9373265157048941,8214,1.618592431378919,0.9342585829072315,1369,1.625696582154344,0.9249,0.7983850766682787,0.08404053393399434,,,0.9766871419749177,,0.9767029767581948,0.02329702324180516,0.9718826830325166,0.403415247367377,5,0.1,0.5,1.0,0.6148449483511328,0.6132194852642843,0.6122851325467749,0.6074659210291059,0.6206602446580081,0.6092819859731368,0.6100735034255775,0.611683321094484,0.6024832954215141,0.6125754293639353,0.6071143212157697
3,1,0.22108952237374502,0.9327654396105871,6574,1.6207022087914602,0.9279197080291971,1096,1.6256981482521033,0.9249,0.8031760593062971,0.08407452976193926,,,0.9776711838117133,,0.9776818432809598,0.02231815671904025,0.9718824294417718,0.40341529454704855,5,0.1,0.5,0.6148449483511328,1.0,0.6212706358192743,0.6151537542778359,0.6159678507445758,0.6274086227125941,0.6237440944250103,0.6052507041130085,0.6156053165401696,0.6029129123279447,0.6164647874455496,0.6099305361891247
3,2,0.24219502729687903,0.9284454435414145,5783,1.6275633035167572,0.9273858921161826,964,1.625697234948984,0.9249,0.8073056067041255,0.08441260898987507,,,0.9874572112318843,,0.987470508508609,0.012529491491391043,0.9718837489902689,0.4034155844429971,5,0.1,0.5,0.6132194852642843,0.6212706358192743,1.0,0.6219121920033843,0.6193593147060733,0.6216700089644455,0.6278673916084683,0.6207813337337948,0.6123349573750089,0.6124211459210501,0.6205497123900255,0.6162927212743009
3,3,0.24607472531721894,0.9271420465292226,5287,1.6172189669949668,0.9296254256526674,881,1.62569844951264,0.9249,0.8076508523876517,0.08413956352510685,,,0.9795536484442809,,0.9795692987299834,0.02043070127001656,0.9718823214419663,0.40341537901114694,5,0.1,0.5,0.6122851325467749,0.6151537542778359,0.6219121920033843,1.0,0.6202212824170892,0.6189164110863442,0.6254236553297055,0.6256592533455054,0.6125180627375694,0.6149954622988225,0.6297126729540249,0.6163701429700335
3,4,0.23478963558712312,0.92806484295846,4935,1.6251795521149268,0.940389294403893,822,1.6256964915095808,0.9249,0.8074724255626984,0.08437762436288734,,,0.9864445476586838,,0.986456503187591,0.013543496812408962,0.9718839726617426,0.40341556941824586,5,0.1,0.5,0.6074659210291059,0.6159678507445758,0.6193593147060733,0.6202212824170892,1.0,0.6165432224604807,0.6267461984080269,0.6252978562266904,0.6164941106988759,0.6189063666536941,0.6285352679083596,0.6150789373273554
3,5,0.25108094989666585,0.9250482108420827,4667,1.6374757385253906,0.9125964010282777,778,1.6256976215222392,0.9249,0.8099923832638661,0.08448660949031378,,,0.9895992266725285,,0.9896089553737262,0.010391044626273827,0.9718841703696715,0.40341561121833125,5,0.1,0.5,0.6206602446580081,0.6274086227125941,0.6216700089644455,0.6189164110863442,0.6165432224604807,1.0,0.6220104292098568,0.6254649809481824,0.6199990426950251,0.6238276375973931,0.6223191068830858,0.6165663732672914
3,6,0.25137141041457656,0.9253536941387829,4453,1.6336702704429626,0.9299191374663073,742,1.6256928840003455,0.9249,0.8133609426356808,0.08433885782962,,,0.9853224131819356,,0.9853370814718136,0.014662918528186353,0.9718831107841523,0.40341555063027973,5,0.1,0.5,0.6092819859731368,0.6237440944250103,0.6278673916084683,0.6254236553297055,0.6267461984080269,0.6220104292098568,1.0,0.6340511190737148,0.6282149502883152,0.6178258721009569,0.6334810372399099,0.620199603038826
3,7,0.2484008769880035,0.9267711012391864,4277,1.6254264375437861,0.9298737727910238,713,1.625698929396681,0.9249,0.8121968696312304,0.08475085799401748,,,0.9972481529871453,,0.9972591737362583,0.0027408262637417247,0.9718838714943722,0.40341564156273074,5,0.1,0.5,0.6100735034255775,0.6052507041130085,0.6207813337337948,0.6256592533455054,0.6252978562266904,0.6254649809481824,0.6340511190737148,1.0,0.6271714358287984,0.6250546116066138,0.6317081007983262,0.6252882548493643
3,8,0.26898721746249626,0.9198837490917898,4129,1.6439208496700635,0.9171511627906976,688,1.6258350028016697,0.925,0.8047510190067959,0.08075887830705555,,,0.8816964732347523,,0.8817127654234225,0.11828723457657753,0.9717042409438288,0.4033680877253066,5,0.1,0.5,0.611683321094484,0.6156053165401696,0.6123349573750089,0.6125180627375694,0.6164941106988759,0.6199990426950251,0.6282149502883152,0.6271714358287984,1.0,0.6133066819594856,0.6328930549694504,0.6177636409768115
3,9,0.2640135878072785,0.9197700574856286,4001,1.6383919261750721,0.9070464767616192,667,1.627716129580245,0.9249,0.7983036971697097,0.07620914223117849,,,0.75,,0.750002509914161,0.24999749008583905,0.9706695714933824,0.4028871917537409,5,0.1,0.5,0.6024832954215141,0.6029129123279447,0.6124211459210501,0.6149954622988225,0.6189063666536941,0.6238276375973931,0.6178258721009569,0.6250546116066138,0.6133066819594856,1.0,0.6299033945647403,0.6147098210901012
3,10,0.2466564142267357,0.92959629724865,3889,1.607916304043361,0.9259259259259259,648,1.6256982998345226,0.9249,0.814348319304011,0.08484592642820148,,,0.999999999971054,,1.0,0.0,0.9718838608372702,0.40341564205216784,5,0.1,0.5,0.6125754293639353,0.6164647874455496,0.6205497123900255,0.6297126729540249,0.6285352679083596,0.6223191068830858,0.6334810372399099,0.6317081007983262,0.6328930549694504,0.6299033945647403,1.0,0.6189877459698583
3,11,0.2847745895714444,0.9179108414666315,3791,1.638418823480606,0.8971518987341772,632,1.625688924576147,0.9249,0.8036396783926877,0.08356486714581046,,,0.9629185106974116,,0.9629285678429798,0.037071432157020245,0.9718714064709959,0.40341415991181095,5,0.1,0.5,0.6071143212157697,0.6099305361891247,0.6162927212743009,0.6163701429700335,0.6150789373273554,0.6165663732672914,0.620199603038826,0.6252882548493643,0.6177636409768115,0.6147098210901012,0.6189877459698583,1.0
4,0,0.19761244981488074,0.9411979547114683,8214,1.3640358697536379,0.9488677867056245,1369,1.3745758967658581,0.9386,0.7922919027429498,0.08364343059335565,,,0.9635933201278593,,0.9636062446664324,0.03639375533356759,0.9713247407502056,0.39845130867580636,5,0.1,0.5,1.0,0.6025782878701227,0.5997772831761492,0.6031093065314884,0.5999603086677702,0.5999967530526439,0.5906721801596221,0.6000921036173046,0.597861494196179,0.5923427982761624,0.5925870239610802,0.5936975235984124
4,1,0.20473042812686668,0.9386979008214177,6574,1.3681487355913435,0.9361313868613139,1096,1.3745755996947853,0.9386,0.7946093290801454,0.08374718031181912,,,0.9678377049789165,,0.9678479995984137,0.03215200040158628,0.9713254674453208,0.39845167507230783,5,0.1,0.5,0.6025782878701227,1.0,0.6119282981475731,0.5980928862247107,0.6003609659151253,0.6090493876743758,0.5975005019314915,0.5958561843470338,0.5958237852699071,0.5998430909919363,0.59679398594485,0.587117505438577
4,2,0.22235580435259403,0.9331834687878264,5783,1.3769838310057116,0.9398340248962656,964,1.374567292368831,0.9386,0.7975239187952504,0.08407411627636038,,,0.981212604455423,,0.9812308619045229,0.01876913809547709,0.9713276587213451,0.39845234808319063,5,0.1,0.5,0.5997772831761492,0.6119282981475731,1.0,0.6040574461400557,0.6067977226612653,0.6072176774825164,0.5930638242616697,0.601004660592942,0.5978606946043824,0.6031127839414359,0.6015904740530837,0.5949417790509693
4,3,0.21855182367922593,0.9330811424248155,5287,1.3651160044329507,0.9432463110102156,881,1.3745743531388597,0.9386,0.7970996167100773,0.08387762878423038,,,0.9731743317027847,,0.973184077104563,0.026815922895436994,0.9713260243085305,0.39845202478474046,5,0.1,0.5,0.6031093065314884,0.5980928862247107,0.6040574461400557,1.0,0.6056762321771612,0.6023905694033804,0.5951152517600157,0.6089706719049158,0.6012197740052271,0.6029300045982126,0.6019802507750247,0.595145933715168
4,4,0.21143195726337932,0.9368591691995948,4935,1.3730187370226934,0.9549878345498783,822,1.3745676739909016,0.9386,0.8005618992689547,0.08415720690137724,,,0.9846118290057102,,0.9846242658501079,0.015375734149892128,0.9713272097031824,0.3984524283122398,5,0.1,0.5,0.5999603086677702,0.6003609659151253,0.6067977226612653,0.6056762321771612,1.0,0.5966403393060922,0.6056593262022132,0.6055940463340515,0.6156526738129444,0.6056496625444039,0.6114323996036568,0.5977279928291788
4,5,0.22846682095542958,0.9312620527105206,4667,1.3888499355316162,0.9331619537275064,778,1.374568861513473,0.9386,0.7988394712911087,0.08416940086004986,,,0.9851106819590579,,0.9851312685106169,0.014868731489383058,0.9713272616601537,0.39845243757957743,5,0.1,0.5,0.5999967530526439,0.6090493876743758,0.6072176774825164,0.6023905694033804,0.5966403393060922,1.0,0.5998249745766728,0.6075695086700152,0.6113346733753934,0.5927844033422179,0.611269306677771,0.5948384985323604
4,6,0.2350477503206847,0.9291713451605659,4453,1.3846378028392792,0.9460916442048517,742,1.3745682357599178,0.9386,0.7928020584806486,0.08385973934250898,,,0.9724424774234602,,0.9724511821695698,0.027548817830430172,0.9713263353486747,0.39845197850819,5,0.1,0.5,0.5906721801596221,0.5975005019314915,0.5930638242616697,0.5951152517600157,0.6056593262022132,0.5998249745766728,1.0,0.6045259804592832,0.6062634862920543,0.5939715288461375,0.59999210926368,0.5898392209806299
4,7,0.22808536530347234,0.9317278466214637,4277,1.3734052233074023,0.938288920056101,713,1.3745660972290528,0.9386,0.8018948364166564,0.08445215266121214,,,0.9966780141816021,,0.9966969529642086,0.0033030470357914288,0.9713260027118833,0.398452517752477,5,0.1,0.5,0.6000921036173046,0.5958561843470338,0.601004660592942,0.6089706719049158,0.6055940463340515,0.6075695086700152,0.6045259804592832,1.0,0.6174221282322468,0.6054237277555411,0.6151902106542357,0.6003869367773943
4,8,0.23220899108271204,0.9295713247759748,4129,1.3991431864825161,0.9244186046511628,688,1.3747433900071409,0.9385,0.8021185803921873,0.08180448600282045,,,0.888362382853079,,0.8883740776065459,0.11162592239345415,0.9711626324842485,0.39841328903659623,5,0.1,0.5,0.597861494196179,0.5958237852699071,0.5978606946043824,0.6012197740052271,0.6156526738129444,0.6113346733753934,0.6062634862920543,0.6174221282322468,1.0,0.6063706890035475,0.621489812762866,0.6110762311047206
4,9,0.2435392559187705,0.9291677080729818,4001,1.391207257906596,0.9235382308845578,667,1.3775048259729015,0.9388,0.7919616374136202,0.07842235672597936,,,0.75,,0.750002509914161,0.24999749008583905,0.9700161143600309,0.3979223772778594,5,0.1,0.5,0.5923427982761624,0.5998430909919363,0.6031127839414359,0.6029300045982126,0.6056496625444039,0.5927844033422179,0.5939715288461375,0.6054237277555411,0.6063706890035475,1.0,0.6140406006547061,0.591119299038534
4,10,0.22394183677636453,0.9351504242735922,3889,1.3545941341490972,0.9398148148148148,648,1.374565678663528,0.9386,0.8024078821170683,0.08453335526211865,,,0.9999999999590902,,1.0,0.0,0.9713259097952845,0.3984525187554698,5,0.1,0.5,0.5925870239610802,0.59679398594485,0.6015904740530837,0.6019802507750247,0.6114323996036568,0.611269306677771,0.59999210926368,0.6151902106542357,0.621489812762866,0.6140406006547061,1.0,0.6010434370809312
4,11,0.2600460198199173,0.9231337378000528,3791,1.3907081127166747,0.9193037974683544,632,1.3745813346899356,0.9386,0.7903477542732037,0.08325894627816789,,,0.947864126574176,,0.9478791225340093,0.0521208774659907,0.971309656032448,0.3984488664580712,5,0.1,0.5,0.5936975235984124,0.587117505438577,0.5949417790509693,0.595145933715168,0.5977279928291788,0.5948384985323604,0.5898392209806299,0.6003869367773943,0.6110762311047206,0.591119299038534,0.6010434370809312,1.0
5,0,0.18562724383417445,0.9440224007791576,8214,1.1093465519505878,0.95836376917458,1369,1.122680756611565,0.9464,0.7789266779345659,0.08342333400595939,,,0.9460663169040011,,0.9460870438231013,0.05391295617689873,0.9694929576628302,0.3911428890007189,5,0.1,0.5,1.0,0.5717529225090386,0.5792980036502063,0.5738858790469877,0.5845885562338349,0.5768485537609702,0.5699804617496441,0.5772290707962529,0.5774681420690329,0.5729230303650908,0.5649133729609505,0.5616513802936587
5,1,0.18786279734413963,0.9427745664739884,6574,1.1155163952282496,0.9425182481751825,1096,1.1226796637327907,0.9464,0.7785683150650995,0.08348015129790526,,,0.9492894967852632,,0.949299733949099,0.050700266050901055,0.9694933304857412,0.39114354244126115,5,0.1,0.5,0.5717529225090386,1.0,0.5851557051440651,0.5800706083225404,0.578276628682338,0.5768367511954721,0.5671352163287858,0.5652146678108916,0.5696294542044233,0.578528963435398,0.5773231377976951,0.556870928887199
5,2,0.20830655244606142,0.9371260591388553,5783,1.1254254810271724,0.9470954356846473,964,1.122660982342193,0.9464,0.7856948595853678,0.08395002309886142,,,0.9759447857606175,,0.9759600421665579,0.02403995783344215,0.9695057802379845,0.3911464344554096,5,0.1,0.5,0.5792980036502063,0.5851557051440651,1.0,0.5816585235315308,0.5782516750834029,0.5807868143159877,0.5726385494149379,0.5853961847378935,0.574855964918338,0.5785247343242442,0.5823643936593035,0.5727911857410408
5,3,0.2049457633710068,0.9382636655948553,5287,1.1121904339109148,0.9523269012485811,881,1.1226685140460444,0.9464,0.7808149683914382,0.08364660590786284,,,0.9587322761150089,,0.9587470508508609,0.04125294914913913,0.9694986606901395,0.391145119422211,5,0.1,0.5,0.5738858790469877,0.5800706083225404,0.5816585235315308,1.0,0.5820380119405554,0.5716010731111126,0.5716060546148097,0.5832714355304236,0.5783178076646038,0.5747943080490266,0.5722982638742469,0.5574661834310585
5,4,0.19360189832086044,0.9426950354609929,4935,1.1201244065394769,0.9635036496350365,822,1.1226581403622613,0.9464,0.7884500306296831,0.08410269396545934,,,0.9846056291204539,,0.9846192460217861,0.015380753978213924,0.9695073880601471,0.3911466630191499,5,0.1,0.5,0.5845885562338349,0.578276628682338,0.5782516750834029,0.5820380119405554,1.0,0.5816835186199983,0.5826366164113336,0.588648157648033,0.5771832522120883,0.5862011016632253,0.5871917107360957,0.5707861761639025
5,5,0.21096949731318715,0.9365759588600814,4667,1.1385242772102355,0.9383033419023136,778,1.1226626903104324,0.9464,0.7845085633300504,0.08397200876942743,,,0.9771920076646802,,0.977204959590382,0.022795040409617995,0.9695065500367476,0.39114648079394737,5,0.1,0.5,0.5768485537609702,0.5768367511954721,0.5807868143159877,0.5716010731111126,0.5816835186199983,1.0,0.5788969857169485,0.5915347279493933,0.5807254448557531,0.571709514120296,0.5805958154519292,0.5685748096252893
5,6,0.21323681576244,0.934201661801033,4453,1.1347445795933406,0.9487870619946092,742,1.1226617048342769,0.9464,0.7808028587126684,0.08363420561764127,,,0.9580288218567166,,0.9580442748857989,0.04195572511420109,0.9694988686530366,0.3911450373530511,5,0.1,0.5,0.5699804617496441,0.5671352163287858,0.5726385494149379,0.5716060546148097,0.5826366164113336,0.5788969857169485,1.0,0.5861423690705722,0.5802810559006474,0.5785734491511785,0.575221721976391,0.5641378250426258
5,7,0.21016338803221596,0.9375730652326397,4277,1.1202270336773084,0.9424964936886395,713,1.1226569054225763,0.9464,0.7905494166213046,0.08437406152593832,,,0.9999999999432712,,1.0,0.0,0.9695066890909337,0.39114673593392707,5,0.1,0.5,0.5772290707962529,0.5652146678108916,0.5853961847378935,0.5832714355304236,0.588648157648033,0.5915347279493933,0.5861423690705722,1.0,0.5917480211186442,0.5849774112982928,0.5865154090345224,0.575168512471791
5,8,0.2198024355254333,0.9351901186728021,4129,1.1525068120522932,0.9302325581395349,688,1.1228418519702583,0.9464,0.782720461894338,0.0823261422145745,,,0.8838238835397576,,0.8838311329752523,0.11616886702474771,0.969335492973765,0.3911016146580863,5,0.1,0.5,0.5774681420690329,0.5696294542044233,0.574855964918338,0.5783178076646038,0.5771832522120883,0.5807254448557531,0.5802810559006474,0.5917480211186442,1.0,0.5723864166027511,0.5829880760131613,0.5694045416138306
5,9,0.22718967583849528,0.9324668832791803,4001,1.1434324071520852,0.9355322338830585,667,1.1261363669325368,0.9464,0.7800153401783125,0.07996713311780904,,,0.75,,0.750002509914161,0.24999749008583905,0.9680650883381148,0.3906081184599165,5,0.1,0.5,0.5729230303650908,0.578528963435398,0.5785247343242442,0.5747943080490266,0.5862011016632253,0.571709514120296,0.5785734491511785,0.5849774112982928,0.5723864166027511,1.0,0.5852362180124563,0.5631216699021676
5,10,0.20552715455624657,0.9402417073797892,3889,1.1010581652323406,0.9506172839506173,648,1.1226562825254738,0.9464,0.7855363745432486,0.08425181639191788,,,0.9930651735363343,,0.9930776567441394,0.006922343255860608,0.9695067855873336,0.3911467295010651,5,0.1,0.5,0.5649133729609505,0.5773231377976951,0.5823643936593035,0.5722982638742469,0.5871917107360957,0.5805958154519292,0.575221721976391,0.5865154090345224,0.5829880760131613,0.5852362180124563,1.0,0.5738657194579211
5,11,0.24101398318943357,0.9299393299920865,3791,1.141278275847435,0.9319620253164557,632,1.1227256830888814,0.9464,0.7705760774265897,0.08287182408664318,,,0.9147797910000565,,0.914793434064555,0.08520656593544496,0.9694547895090818,0.39112971233498867,5,0.1,0.5,0.5616513802936587,0.556870928887199,0.5727911857410408,0.5574661834310585,0.5707861761639025,0.5685748096252893,0.5641378250426258,0.575168512471791,0.5694045416138306,0.5631216699021676,0.5738657194579211,1.0
6,0,0.17215449619396855,0.9484538592646701,8214,0.8778915377550347,0.9620160701241782,1369,0.8931909953824247,0.9507,0.7696697550373138,0.08376295012586,,,0.969620714766218,,0.969630038652678,0.03036996134732195,0.9653819347930728,0.37972347975560455,5,0.1,0.5,1.0,0.5641371650382734,0.5561826562234603,0.5566059417798473,0.5616775519925861,0.5579360491061391,0.5477800944038901,0.5527489662055002,0.4601807992175686,0.5529582325357055,0.5545784226047726,0.547705483220488
6,1,0.18086572989179453,0.9456038941283845,6574,0.8852273396083287,0.947992700729927,1096,0.8931923956155016,0.9507,0.7707368581848523,0.08383931110736471,,,0.9731981539305373,,0.9732091762461724,0.026790823753827575,0.965381404415725,0.37972375177711265,5,0.1,0.5,0.5641371650382734,1.0,0.5671870034922726,0.5633914885384728,0.5584132410978211,0.5591557766703524,0.5525668398180609,0.543609959452955,0.46290817374313326,0.5525724168437544,0.5557185826674561,0.5422437198670313
6,2,0.19529040667089473,0.941518243126405,5783,0.8965455120609652,0.9481327800829875,964,0.8931681553776653,0.9507,0.7711400672801753,0.08417122971745426,,,0.9887482242898029,,0.988755584559008,0.011244415440991973,0.965388002853247,0.37972433807007155,5,0.1,0.5,0.5561826562234603,0.5671870034922726,1.0,0.5568825727819636,0.5635677373899484,0.5557574749111349,0.5585724672967305,0.5551645972659254,0.45514808532348117,0.5517207822993901,0.5606031400699176,0.5420142883097899
6,3,0.18877153048931386,0.9417439001324003,5287,0.8822080003363746,0.9580022701475596,881,0.8931829238090271,0.9507,0.7682475395438538,0.08386326272229773,,,0.9743202642494675,,0.9743285979619497,0.025671402038050295,0.9653844183310103,0.3797238221860726,5,0.1,0.5,0.5566059417798473,0.5633914885384728,0.5568825727819636,1.0,0.5604748062589516,0.5580778740516488,0.5539632927082435,0.5589839415970381,0.4457320773466048,0.5587755758552732,0.5457284346941844,0.539745969655469
6,4,0.18115592089932292,0.9463424518743667,4935,0.8888549414964823,0.9671532846715328,822,0.8931652296084566,0.9507,0.7725733115543738,0.08432540045272824,,,0.9959709762174613,,0.9959841373425029,0.0040158626574970935,0.9653893910307472,0.37972438280159804,5,0.1,0.5,0.5616775519925861,0.5584132410978211,0.5635677373899484,0.5604748062589516,1.0,0.5593616554029641,0.5596380771443784,0.5561717229536626,0.45756741867083994,0.5575434091939637,0.5610813595440869,0.5397646151289345
6,5,0.1977218941058198,0.9418470109277909,4667,0.9098068070411682,0.9408740359897172,778,0.8931699195228064,0.9507,0.7726532581366897,0.08423991725228858,,,0.9919661697951481,,0.9919783143416495,0.008021685658350486,0.9653880995284071,0.3797243667114661,5,0.1,0.5,0.5579360491061391,0.5591557766703524,0.5557574749111349,0.5580778740516488,0.5593616554029641,1.0,0.561998380368211,0.5690993227662409,0.4576941374816686,0.5519703601099504,0.5623677187341459,0.5429418777924704
6,6,0.19348717372265778,0.9422411857174938,4453,0.9064695164561272,0.9555256064690026,742,0.8931768483247239,0.9507,0.7685453171898061,0.08386547433829791,,,0.9744238763500401,,0.9744289945283872,0.02557100547161284,0.9653848403147076,0.37972382508989877,5,0.1,0.5,0.5477800944038901,0.5525668398180609,0.5585724672967305,0.5539632927082435,0.5596380771443784,0.561998380368211,1.0,0.5572935900485664,0.45719842328670446,0.5494958392440049,0.5592079528641434,0.5430756301247893
6,7,0.19077999236256774,0.9440729483282675,4277,0.8899207477984221,0.9509116409537167,713,0.8931638032864457,0.9507,0.7694108886818112,0.08439631632431209,,,0.9992933171745412,,0.9993022438632598,0.0006977561367401686,0.9653892766296122,0.3797243856704267,5,0.1,0.5,0.5527489662055002,0.543609959452955,0.5551645972659254,0.5589839415970381,0.5561717229536626,0.5690993227662409,0.5572935900485664,1.0,0.4601508695066432,0.5518991904259655,0.5542962265594475,0.5455248196129125
6,8,0.25900455252948,0.930104141438605,4129,0.927315121347254,0.9302325581395349,688,0.8937070249749449,0.9507,0.6587336445853734,0.079075112662241,,,0.75,,0.750002509914161,0.24999749008583905,0.9640380692006318,0.37917460421039517,5,0.1,0.5,0.4601807992175686,0.46290817374313326,0.45514808532348117,0.4457320773466048,0.45756741867083994,0.4576941374816686,0.45719842328670446,0.4601508695066432,1.0,0.4400383954041546,0.4670204857735203,0.44534897780622024
6,9,0.20130438672134743,0.9412146963259185,4001,0.9169279677527291,0.9385307346326837,667,0.8966378139230771,0.9512,0.7634344681163945,0.08120517945978722,,,0.8497915981958437,,0.8498017167812861,0.15019828321871387,0.9640138413787365,0.37961318757773777,5,0.1,0.5,0.5529582325357055,0.5525724168437544,0.5517207822993901,0.5587755758552732,0.5575434091939637,0.5519703601099504,0.5494958392440049,0.5518991904259655,0.4400383954041546,1.0,0.5650987903102348,0.5418764394501744
6,10,0.18973065310417384,0.9437901774235021,3889,0.871994918300992,0.9567901234567902,648,0.8931632737001292,0.9507,0.7721575891205728,0.08441140057539463,,,0.9999999999531509,,1.0,0.0,0.9653894292462569,0.37972438568168704,5,0.1,0.5,0.5545784226047726,0.5557185826674561,0.5606031400699176,0.5457284346941844,0.5610813595440869,0.5623677187341459,0.5592079528641434,0.5542962265594475,0.4670204857735203,0.5650987903102348,1.0,0.5455295449737259
