round,client_id,client_i_training_loss,client_i_training_accuracy,client_i_training_dataset_size,client_i_evaluation_loss,client_i_evaluation_accuracy,client_i_evaluation_dataset_size,client_i_central_evaluation_loss,client_i_central_evaluation_accuracy,client_i_cosine_similarity,client_i_importance_coefficient,client_i_tanh_val,tanh_normalization_value,client_i_q,client_i_mask_order,client_i_v_nonzero_fraction,client_i_v_sparsity,client_i_v_cosine_similarity,client_i_reward_gradient_norm,local_epochs,learning_rate,gamma,client_0_cosine_similarity,client_1_cosine_similarity,client_2_cosine_similarity,client_3_cosine_similarity,client_4_cosine_similarity,client_5_cosine_similarity,client_6_cosine_similarity,client_7_cosine_similarity,client_8_cosine_similarity,client_9_cosine_similarity,client_10_cosine_similarity,client_11_cosine_similarity
0,0,2.063749494905138,0.3672023374726077,8214,2.2632267475128174,0.2191380569758948,1369,2.262478657804739,0.228,0.9666487791782006,0.08154420221762859,,,0.8,,0.800016431312282,0.19998356868771805,0,0.09868647014671136,5,0.001,0.1,1.0,0.9837227330751089,0.9761413680310765,0.9658815065690196,0.9549543171393212,0.9428794329014791,0.9404849747967141,0.9331100480866881,0.9305133865757199,0.9189478744680983,0.9125625669449369,0.9115171382327707
0,1,2.1562343732824605,0.30331609370246426,6574,2.258289500645229,0.2509124087591241,1096,2.2624607109033263,0.228,0.9899069744197722,0.08350620849834636,,,0.9549310696040473,,0.9549540406529997,0.045045959347000286,0,0.09870501911934827,5,0.001,0.1,0.9837227330751089,1.0,0.9887654408330071,0.9881186011808979,0.9757887255729822,0.979737645628039,0.9716713897924496,0.9699687597919626,0.9663684275834938,0.9599714333783,0.9588256064272985,0.9511094852972068
0,2,2.181367597000375,0.33211136088535365,5783,2.261277429519161,0.22095435684647302,964,2.2624610506307583,0.228,0.9937603740956472,0.08383127217107147,,,0.9805999285672802,,0.9806207169851442,0.019379283014855808,0,0.09870519903152321,5,0.001,0.1,0.9761413680310765,0.9887654408330071,1.0,0.9919640314095145,0.9843296522467503,0.9822063329636627,0.9830387001306262,0.9788417995088622,0.9743031925283097,0.9700479155046965,0.9631082687656269,0.9635246959609692
0,3,2.197096341632935,0.2942311329676565,5287,2.261196034295218,0.2304199772985244,881,2.2624610300642995,0.228,0.9966727056789713,0.08407694956773384,,,0.9999999999210344,,1.0,0.0,0,0.09870520597630666,5,0.001,0.1,0.9658815065690196,0.9881186011808979,0.9919640314095145,1.0,0.9909063910995222,0.9888164808357405,0.9876735963574039,0.9852132731335642,0.9837070863935136,0.9767199014048201,0.9746599790029871,0.9749587216497184
0,4,2.2136642188410605,0.2854305977710233,4935,2.2614086316182065,0.25060827250608275,822,2.262461036919786,0.228,0.9926813990968995,0.08374025239493266,,,0.9734124942502254,,0.9734296014923498,0.026570398507650195,0,0.09870518909734372,5,0.001,0.1,0.9549543171393212,0.9757887255729822,0.9843296522467503,0.9909063910995222,1.0,0.9840756256720021,0.989253965497795,0.983152725644505,0.9868721037122022,0.9749850846913471,0.9689303486381323,0.9807202033827859
0,5,2.221663472097214,0.25541032783372614,4667,2.2599416065216062,0.2210796915167095,778,2.2624610468221547,0.228,0.9938043689326189,0.08383498347134911,,,0.9808929937461675,,0.9809106813195311,0.019089318680468925,0,0.09870519926468391,5,0.001,0.1,0.9428794329014791,0.979737645628039,0.9822063329636627,0.9888164808357405,0.9840756256720021,1.0,0.9907035189928765,0.9901603147584894,0.9891158486037512,0.9861234395044918,0.9857700959856719,0.983774767652975
0,6,2.2276104198183333,0.25686054345385134,4453,2.262125035127004,0.2210242587601078,742,2.262461049107317,0.228,0.9933648299603157,0.08379790500436911,,,0.9779650690983477,,0.9779820415422237,0.02201795845777632,0,0.0987051957199572,5,0.001,0.1,0.9404849747967141,0.9716713897924496,0.9830387001306262,0.9876735963574039,0.989253965497795,0.9907035189928765,1.0,0.9895271524611478,0.9929998016246069,0.9887178231528353,0.9825428836085044,0.987248693350141
0,7,2.2278955648194496,0.2502221183072247,4277,2.2676658734031347,0.20476858345021037,713,2.262460739848713,0.228,0.9904962245162853,0.08355591624128447,,,0.958856273033155,,0.9588782246450354,0.04112177535496464,0,0.09870504357366612,5,0.001,0.1,0.9331100480866881,0.9699687597919626,0.9788417995088622,0.9852132731335642,0.983152725644505,0.9901603147584894,0.9895271524611478,1.0,0.987349820673496,0.9876038203001005,0.9864417088408741,0.9836276723860854
0,8,2.2335002539708064,0.2553644950351175,4129,2.268575354055925,0.22674418604651161,688,2.2624607253760196,0.228,0.9893361352688926,0.08345805385918918,,,0.9511285079994588,,0.9511458423947188,0.04885415760528122,0,0.09870498982883434,5,0.001,0.1,0.9305133865757199,0.9663684275834938,0.9743031925283097,0.9837070863935136,0.9868721037122022,0.9891158486037512,0.9929998016246069,0.987349820673496,1.0,0.9824806964238322,0.9839168687340226,0.9872541685670415
0,9,2.2367831934066045,0.23719070232441888,4001,2.2604381243387857,0.23238380809595202,667,2.2624614055926044,0.228,0.9845453981888977,0.08305391862244403,,,0.9192157128626842,,0.9192352673954437,0.0807647326045563,0,0.09870439195006701,5,0.001,0.1,0.9189478744680983,0.9599714333783,0.9700479155046965,0.9767199014048201,0.9749850846913471,0.9861234395044918,0.9887178231528353,0.9876038203001005,0.9824806964238322,1.0,0.9857357111163164,0.987427833996803
0,10,2.2347069404164297,0.24206736950372845,3889,2.2622730618431452,0.22993827160493827,648,2.262464133314431,0.228,0.9813574303118993,0.0827849892006883,,,0.8979795306087873,,0.8979953799016054,0.10200462009839462,0,0.09870073215471037,5,0.001,0.1,0.9125625669449369,0.9588256064272985,0.9631082687656269,0.9746599790029871,0.9689303486381323,0.9857700959856719,0.9825428836085044,0.9864417088408741,0.9839168687340226,0.9857357111163164,1.0,0.9826446955859871
0,11,2.242772735467478,0.2408335531522026,3791,2.2632375359535217,0.2231012658227848,632,2.262463177354953,0.228,0.9817173212840488,0.08281534875096282,,,0.9003768917400716,,0.90039725113811,0.09960274886189002,0,0.0987035041188153,5,0.001,0.1,0.9115171382327707,0.9511094852972068,0.9635246959609692,0.9749587216497184,0.9807202033827859,0.983774767652975,0.987248693350141,0.9836276723860854,0.9872541685670415,0.987427833996803,0.9826446955859871,1.0
1,0,1.837092118689986,0.4757974190406623,8214,2.209575653076172,0.27465303140978814,1369,2.208981579485031,0.2756,0.9769814899827997,0.08170697509951233,,,0.8,,0.800016431312282,0.19998356868771805,0.9718505215831006,0.09931492091429055,5,0.001,0.1,1.0,0.9919574631979329,0.9880826516816965,0.9822415192793004,0.9752097117596517,0.9684043671380417,0.9673945637456989,0.9614316769962352,0.9601073059806302,0.9542968946582904,0.9475068826073078,0.9488525084890715
1,1,1.9797215693205306,0.40054761180407666,6574,2.2039110319955006,0.30200729927007297,1096,2.208939329122964,0.2757,0.9914594585095927,0.0833808846407485,,,0.9509863343100518,,0.9510056929664318,0.04899430703356822,0.9720761568411814,0.09933127178242698,5,0.001,0.1,0.9919574631979329,1.0,0.9949089450870041,0.9934582179759239,0.9871156966948739,0.987747299520582,0.9843245359331081,0.9808292660738019,0.9795941387591399,0.9758958896616143,0.9722498060415107,0.9696628405356428
1,2,2.024034718123589,0.43669375756527756,5783,2.2074242330366567,0.2883817427385892,964,2.208939506603887,0.2757,0.9944701485341503,0.08367800986554669,,,0.9777869752157715,,0.9778032302026851,0.022196769797314886,0.972081941476357,0.09933144306386257,5,0.001,0.1,0.9880826516816965,0.9949089450870041,1.0,0.9956515207066594,0.9919103636689478,0.9892460984314454,0.9896194764493931,0.9860711692150227,0.9841506165648819,0.9808991491845724,0.9759870479217834,0.9769852977086663
1,3,2.0604614838060127,0.3838850009457159,5287,2.208692337785448,0.27014755959137343,881,2.2089396627566305,0.2757,0.9974166045719772,0.08392427449701124,,,0.9999999999098002,,1.0,0.0,0.9720805799707306,0.09933146185017278,5,0.001,0.1,0.9822415192793004,0.9934582179759239,0.9956515207066594,1.0,0.9955476314196943,0.993428386561534,0.9927000180125669,0.9906844170266728,0.9900702481057987,0.9862558497495505,0.9842841684211174,0.9842124257877319
1,4,2.090997348447,0.38857142857142857,4935,2.2070753390972433,0.28588807785888076,822,2.208939489084311,0.2757,0.9963832924068314,0.08368395334451265,,,0.9783230759309011,,0.9783444969602072,0.0216555030397928,0.9720816260339608,0.09933144354279083,5,0.001,0.1,0.9752097117596517,0.9871156966948739,0.9919103636689478,0.9955476314196943,1.0,0.9916799336827701,0.993668375141223,0.9903319510690947,0.9924227212327145,0.986931463577619,0.9828642862879952,0.9884598232382531
1,5,2.1094325346489473,0.3505035354617527,4667,2.2068463706970216,0.2776349614395887,778,2.20893970541299,0.2757,0.9975436531900859,0.0837796945991524,,,0.9869589195796717,,0.9869757686471231,0.013024231352876892,0.9720805878719033,0.09933146046796626,5,0.001,0.1,0.9684043671380417,0.987747299520582,0.9892460984314454,0.993428386561534,0.9916799336827701,1.0,0.9954448529259093,0.9946152216230895,0.994286038048159,0.9933825641826229,0.9916490303424884,0.9900324380649439
1,6,2.1172320093427386,0.37866606781944756,4453,2.2080992460250854,0.2628032345013477,742,2.2089396680886755,0.2757,0.9975196772595115,0.08375613432667528,,,0.9848337873135407,,0.9848541962671925,0.015145803732807495,0.9720804377731935,0.09933145609911918,5,0.001,0.1,0.9673945637456989,0.9843245359331081,0.9896194764493931,0.9927000180125669,0.993668375141223,0.9954448529259093,1.0,0.9939642055693545,0.995771478720074,0.9940096063292098,0.9901966094635676,0.9925262890825006
1,7,2.1242846243417084,0.34514846855272385,4277,2.2139845723691196,0.25105189340813466,713,2.2089391364076265,0.2757,0.9957654790595424,0.08355069670122323,,,0.9663033510908877,,0.9663158098220586,0.03368419017794144,0.9720780197283768,0.09933137519018552,5,0.001,0.1,0.9614316769962352,0.9808292660738019,0.9860711692150227,0.9906844170266728,0.9903319510690947,0.9946152216230895,0.9939642055693545,1.0,0.9933123424853553,0.993300140205101,0.9932407425825263,0.9908976719839853
1,8,2.1316319249226496,0.3476386534269799,4129,2.2146891355514526,0.25872093023255816,688,2.20893927047047,0.2757,0.9956182103206359,0.08348579694907292,,,0.9604494053229644,,0.9604681957452567,0.03953180425474334,0.9720765430394458,0.09933134785665707,5,0.001,0.1,0.9601073059806302,0.9795941387591399,0.9841506165648819,0.9900702481057987,0.9924227212327145,0.994286038048159,0.995771478720074,0.9933123424853553,1.0,0.9916684615528839,0.9921290109169274,0.9933944003185374
1,9,2.1395376629299587,0.3554111472131967,4001,2.2087009520757768,0.280359820089955,667,2.208939590393164,0.2757,0.9935706137274929,0.0831712306266766,,,0.9320755806054475,,0.9321000183644078,0.06789998163559219,0.9720764251434787,0.09933085089029038,5,0.001,0.1,0.9542968946582904,0.9758958896616143,0.9808991491845724,0.9862558497495505,0.986931463577619,0.9933825641826229,0.9940096063292098,0.993300140205101,0.9916684615528839,1.0,0.9923886305725487,0.993492443184549
1,10,2.1403174263532043,0.3328362046798663,3889,2.206858237584432,0.26851851851851855,648,2.208943274074469,0.2757,0.9910262841107236,0.08292368323416434,,,0.909746851099649,,0.9097727646166188,0.09022723538338118,0.9720339812910185,0.09933033288232943,5,0.001,0.1,0.9475068826073078,0.9722498060415107,0.9759870479217834,0.9842841684211174,0.9828642862879952,0.9916490303424884,0.9901966094635676,0.9932407425825263,0.9921290109169274,0.9923886305725487,1.0,0.9896575184888917
1,11,2.1512365116792567,0.348351358480612,3791,2.2119166254997253,0.2689873417721519,632,2.2089414352806993,0.2757,0.9915310983752805,0.08295866611570377,,,0.9129023006129724,,0.9129237103836229,0.08707628961637714,0.9720730103380032,0.09933038062903664,5,0.001,0.1,0.9488525084890715,0.9696628405356428,0.9769852977086663,0.9842124257877319,0.9884598232382531,0.9900324380649439,0.9925262890825006,0.9908976719839853,0.9933944003185374,0.993492443184549,0.9896575184888917,1.0
2,0,1.6351154387229148,0.5412466520574629,8214,2.143724286279013,0.3360116873630387,1369,2.1430849640514142,0.3398,0.9853882645833126,0.08200249818319298,,,0.8,,0.800016431312282,0.19998356868771805,0.986386741688984,0.09955230228005654,5,0.001,0.1,1.0,0.9942210594823438,0.9914420785418909,0.9880775146771996,0.983095194727906,0.9805062303909202,0.9799448134724786,0.9754872578047378,0.9749309586161293,0.9716928902347971,0.9668949221571328,0.9676387926209438
2,1,1.78360237311391,0.48153331305141467,6574,2.1374142510550365,0.3686131386861314,1096,2.1430170467486396,0.3399,0.9950353911966715,0.0833418831437747,,,0.9509458225541991,,0.9509621983162737,0.04903780168372629,0.9864939277951998,0.09956939343299538,5,0.001,0.1,0.9942210594823438,1.0,0.9967075546985632,0.9960795448819492,0.9922038749106185,0.9928258120631549,0.9911873972752734,0.9884784798630781,0.9879915538439542,0.9855318206618878,0.9826325678007729,0.9810905180456001
2,2,1.8304025937180493,0.5181393740273215,5783,2.1412320367751585,0.3558091286307054,964,2.14301582799552,0.3399,0.9965877646062017,0.08357445815581051,,,0.9771565293565583,,0.9771749741448469,0.022825025855153114,0.9864990187864668,0.09956967393102188,5,0.001,0.1,0.9914420785418909,0.9967075546985632,1.0,0.9970174021839541,0.9949698453364275,0.9939182908906833,0.9936828895901489,0.9912422873282671,0.9903894843072318,0.9883130117558838,0.9847692466673773,0.9849653887565698
2,3,1.8839499351489974,0.4640438812180821,5287,2.14382209948131,0.3314415437003405,881,2.1430158158079884,0.3399,0.998181808620086,0.0837771547283863,,,0.9999999998873021,,1.0,0.0,0.9865004782282812,0.09956975880796268,5,0.001,0.1,0.9880775146771996,0.9960795448819492,0.9970174021839541,1.0,0.9968539998889935,0.9961086896642158,0.9954357321628758,0.9938705557427943,0.9933330393431548,0.990780431724635,0.9898936758918134,0.9889460959724425
2,4,1.926606607129497,0.46403242147923,4935,2.1399621046506443,0.3515815085158151,822,2.1430157769602327,0.3399,0.9975241403155526,0.08360836337482083,,,0.9809775750775516,,0.9809976706198471,0.019002329380152894,0.986499221153659,0.09956971227159761,5,0.001,0.1,0.983095194727906,0.9922038749106185,0.9949698453364275,0.9968539998889935,1.0,0.9951126212154515,0.9958528855448315,0.99348491310384,0.9941854988955289,0.99190478834519,0.9890063414656762,0.9918045113865932
2,5,1.954777216584715,0.442511249196486,4667,2.1417242813110353,0.3393316195372751,778,2.1430158538940236,0.3399,0.9985686929970944,0.08370089368637502,,,0.991405543436012,,0.9914170557021487,0.008582944297851336,0.9865005476840613,0.0995697503355,5,0.001,0.1,0.9805062303909202,0.9928258120631549,0.9939182908906833,0.9961086896642158,0.9951126212154515,1.0,0.9970505677013172,0.9965091928599125,0.9964861150786992,0.9952328245933231,0.9941015740842643,0.9930754561906504
2,6,1.9637543085643223,0.46328317987873346,4453,2.141258050998052,0.330188679245283,742,2.143015808952502,0.3399,0.998405503049942,0.08368115627767692,,,0.9891811796580803,,0.989198828544089,0.010801171455910974,0.9865002430948533,0.09956975002596696,5,0.001,0.1,0.9799448134724786,0.9911873972752734,0.9936828895901489,0.9954357321628758,0.9958528855448315,0.9970505677013172,1.0,0.9955401706988323,0.9968051453774491,0.9961422728426508,0.9931391182250289,0.9941939824722342
2,7,1.9809802840005106,0.4287117138180968,4277,2.1477876435155454,0.3015427769985975,713,2.1430161806722037,0.3399,0.9970971061297083,0.08351275455712986,,,0.9702026656567907,,0.9702206628584684,0.02977933714153158,0.986496282030392,0.09956962767841993,5,0.001,0.1,0.9754872578047378,0.9884784798630781,0.9912422873282671,0.9938705557427943,0.99348491310384,0.9965091928599125,0.9955401706988323,1.0,0.9956624255165978,0.994679368332731,0.9952464517634343,0.9931049691731252
2,8,1.989511805130885,0.43032211189149916,4129,2.148123340173201,0.32994186046511625,688,2.1430167603416566,0.3399,0.9972377609633198,0.0834774554347839,,,0.966224530008889,,0.9662433187384618,0.03375668126153819,0.9864939673646985,0.09956958471246127,5,0.001,0.1,0.9749309586161293,0.9879915538439542,0.9903894843072318,0.9933330393431548,0.9941854988955289,0.9964861150786992,0.9968051453774491,0.9956624255165978,1.0,0.9946800837305201,0.9947366893940637,0.9957861200265461
2,9,2.002542960265326,0.44663834041489625,4001,2.1447832130250477,0.33883058470764615,667,2.143017447413728,0.3399,0.995784968999527,0.08323739048072826,,,0.9391697227482296,,0.9391993118179798,0.060800688182020224,0.9864895331892163,0.09956927751428964,5,0.001,0.1,0.9716928902347971,0.9855318206618878,0.9883130117558838,0.990780431724635,0.99190478834519,0.9952328245933231,0.9961422728426508,0.994679368332731,0.9946800837305201,1.0,0.9934012318914152,0.9952682153400993
2,10,2.008511293520693,0.40509128310619696,3889,2.1385995774042037,0.3487654320987654,648,2.1430241216105013,0.34,0.9940546036198715,0.0830295015418544,,,0.9157410836327023,,0.9157605281217077,0.08423947187829228,0.9864762712551581,0.0995683887112215,5,0.001,0.1,0.9668949221571328,0.9826325678007729,0.9847692466673773,0.9898936758918134,0.9890063414656762,0.9941015740842643,0.9931391182250289,0.9952464517634343,0.9947366893940637,0.9934012318914152,1.0,0.9931007988217011
2,11,2.0235942119309884,0.4201529939329992,3791,2.148484528064728,0.3291139240506329,632,2.143021507385059,0.34,0.9942251836112045,0.08305649043546627,,,0.9187826742627048,,0.9188051536327698,0.08119484636723018,0.9864758906873684,0.09956854679854464,5,0.001,0.1,0.9676387926209438,0.9810905180456001,0.9849653887565698,0.9889460959724425,0.9918045113865932,0.9930754561906504,0.9941939824722342,0.9931049691731252,0.9957861200265461,0.9952682153400993,0.9931007988217011,1.0
3,0,1.472481827652408,0.589554419284149,8214,2.0637718522271444,0.40686632578524473,1369,2.063016939467896,0.4127,0.9882024257192354,0.08224391381311331,,,0.8,,0.800016431312282,0.19998356868771805,0.993998438240097,0.09964763157635674,5,0.001,0.1,1.0,0.9947113724346041,0.9927833164533859,0.9901590152893349,0.9856492667454532,0.9846040485373168,0.9842426294411923,0.9802156926866964,0.9798635345218395,0.9773940452665053,0.9744491102663527,0.9748763037358279
3,1,1.6094247591148303,0.542957103742014,6574,2.057192063331604,0.43886861313868614,1096,2.062909640443211,0.413,0.9963480341711137,0.08332899807486353,,,0.952692317686075,,0.9527164825393143,0.04728351746068571,0.9940949175686673,0.09966574416678403,5,0.001,0.1,0.9947113724346041,1.0,0.9972720459592002,0.9967373712113506,0.9936719408803167,0.9949294865596321,0.9935908307686562,0.9912435527877081,0.9908117976782906,0.9892843241992779,0.9874885899323442,0.9864407293767306
3,2,1.6465616879542229,0.5790074355870656,5783,2.0608338540600193,0.4190871369294606,964,2.062907805838905,0.4131,0.9974876886757913,0.08350854029265353,,,0.977957376191885,,0.9779723760644108,0.022027623935589213,0.9941011719157979,0.09966591786614806,5,0.001,0.1,0.9927833164533859,0.9972720459592002,1.0,0.9976993752157183,0.9961047683377563,0.9953607234054118,0.9951736203228747,0.9933042596178074,0.992469798341765,0.9912519561160932,0.9890523037286004,0.9892901092168913
3,3,1.703505035049944,0.5376205787781351,5287,2.0650643493447984,0.40749148694665155,881,2.062907436404365,0.413,0.9984860638288021,0.08366518277730262,,,0.9999999998592807,,1.0,0.0,0.9941037379467884,0.0996659717868228,5,0.001,0.1,0.9901590152893349,0.9967373712113506,0.9976993752157183,1.0,0.9973816154097929,0.9967359374620187,0.9964908502943941,0.9948913498223367,0.9946427801913909,0.9929552029053164,0.9922678548785119,0.9916926706775343
3,4,1.750534784563126,0.532644376899696,4935,2.0582090341127834,0.43552311435523117,822,2.0629075468538667,0.413,0.9980153087527169,0.08354639007352452,,,0.9832835715564541,,0.9832932216004098,0.016706778399590227,0.9941027283935105,0.0996659535807992,5,0.001,0.1,0.9856492667454532,0.9936719408803167,0.9961047683377563,0.9973816154097929,1.0,0.9961985343553452,0.996792350635776,0.9948841245102135,0.9951953958379801,0.9938670913487558,0.9922756595483082,0.9939500453206692
3,5,1.7829539235324077,0.5176773087636597,4667,2.062821455001831,0.39460154241645246,778,2.0629074516387793,0.413,0.9988479293728972,0.08363006961482335,,,0.9950588995694292,,0.9950754390543296,0.004924560945670398,0.9941036267394268,0.09966597175831313,5,0.001,0.1,0.9846040485373168,0.9949294865596321,0.9953607234054118,0.9967359374620187,0.9961985343553452,1.0,0.997759407051388,0.9969249292752316,0.9970202249571667,0.9961544470192167,0.9953435444826852,0.994887479713132
3,6,1.7904305665833609,0.5335728722209746,4453,2.059821536143621,0.4164420485175202,742,2.062907436404365,0.413,0.9988134911084567,0.08361684440435746,,,0.9931978569673872,,0.9932148345753472,0.006785165424652795,0.9941036415127414,0.09966597169455885,5,0.001,0.1,0.9842426294411923,0.9935908307686562,0.9951736203228747,0.9964908502943941,0.996792350635776,0.997759407051388,1.0,0.9965493131900036,0.997417078216431,0.9968323328976192,0.9950931148189978,0.9955623711029772
3,7,1.8143204788663494,0.514472761281272,4277,2.067023401675017,0.3884992987377279,713,2.062908459014405,0.4131,0.9975458667690319,0.08347255192803327,,,0.9728931180533177,,0.9729173311682663,0.027082668831733714,0.99410155050626,0.09966591520880783,5,0.001,0.1,0.9802156926866964,0.9912435527877081,0.9933042596178074,0.9948913498223367,0.9948841245102135,0.9969249292752316,0.9965493131900036,1.0,0.9961799356562182,0.9957737599250664,0.995883561746464,0.9944596876943887
3,8,1.8250499452077424,0.5070961491886655,4129,2.0669711990789934,0.40261627906976744,688,2.062908931662099,0.4131,0.9977385462979356,0.08345711239748707,,,0.9707204778389246,,0.9707425986603648,0.02925740133963517,0.9941007469201975,0.09966587281942114,5,0.001,0.1,0.9798635345218395,0.9908117976782906,0.992469798341765,0.9946427801913909,0.9951953958379801,0.9970202249571667,0.997417078216431,0.9961799356562182,1.0,0.9960865783881633,0.9963936091594129,0.9965376959777074
3,9,1.839856003390418,0.5116220944763809,4001,2.066710176922026,0.4047976011994003,667,2.0629099653170893,0.4129,0.9967637463680368,0.08327829840541964,,,0.9455578947604132,,0.9455881926523038,0.05441180734769624,0.9940940762370483,0.09966564706258754,5,0.001,0.1,0.9773940452665053,0.9892843241992779,0.9912519561160932,0.9929552029053164,0.9938670913487558,0.9961544470192167,0.9968323328976192,0.9957737599250664,0.9960865783881633,1.0,0.9954201379203432,0.9959304818498798
3,10,1.8512760922557019,0.47863203908459756,3889,2.055870532989502,0.4243827160493827,648,2.062918375094478,0.4129,0.9957455482574042,0.08311782908207274,,,0.9229767609599537,,0.9229999710035666,0.07700002899643343,0.9940959007266184,0.09966492655249029,5,0.001,0.1,0.9744491102663527,0.9874885899323442,0.9890523037286004,0.9922678548785119,0.9922756595483082,0.9953435444826852,0.9950931148189978,0.995883561746464,0.9963936091594129,0.9954201379203432,1.0,0.9950924488652892
3,11,1.8694986675967689,0.4914798206278027,3791,2.071077251434326,0.40348101265822783,632,2.0629153232604933,0.4129,0.9957417390253774,0.08313426913634887,,,0.925290194191635,,0.9253100202008486,0.07468997979915137,0.9940965239733509,0.09966507623612417,5,0.001,0.1,0.9748763037358279,0.9864407293767306,0.9892901092168913,0.9916926706775343,0.9939500453206692,0.994887479713132,0.9955623711029772,0.9944596876943887,0.9965376959777074,0.9959304818498798,0.9950924488652892,1.0
4,0,1.344040167053386,0.6224007791575359,8214,1.969629359799762,0.45361577794010227,1369,1.9686060492603923,0.4676,0.9892681134162962,0.08241686975178152,,,0.8,,0.800016431312282,0.19998356868771805,0.9963865240889561,0.09967612551344819,5,0.001,0.1,1.0,0.9950136523482042,0.9928521184341706,0.9904068744072295,0.9865778734949673,0.9858977034674068,0.9861819114608207,0.982092170990952,0.9816777803105893,0.9792335406665613,0.9775028743108748,0.9777709303580663
4,1,1.4660879140340008,0.5888043808944327,6574,1.962929892539978,0.4981751824817518,1096,1.9684436942060914,0.4681,0.9967638374653947,0.08332479231218472,,,0.9555561967948053,,0.9555774639719314,0.04442253602806856,0.9964417465811553,0.09969556995836115,5,0.001,0.1,0.9950136523482042,1.0,0.9973645437701445,0.9966311931961414,0.9941397599748564,0.9952173466103785,0.9944828145678695,0.9921073709491025,0.991766795322452,0.9900072694214532,0.9895012434573426,0.9885024975281889
4,2,1.489866129271892,0.6191250216150787,5783,1.9659590490402714,0.4657676348547718,964,1.9684415179700516,0.4681,0.9978725161990123,0.08347077072566272,,,0.98056697172774,,0.980586887812799,0.019413112187200987,0.9964415079210964,0.099695671952318,5,0.001,0.1,0.9928521184341706,0.9973645437701445,1.0,0.9975646861085643,0.9964571016017854,0.9958269452089807,0.9959319573328098,0.9941940153522247,0.9936233998390452,0.9918774940433306,0.9913421029747908,0.990918625080182
4,3,1.5437968950673757,0.5844146018536032,5287,1.972322323492595,0.47105561861521,881,1.9684409999999757,0.4681,0.9984082719558224,0.08358419394500934,,,0.9999999998286679,,1.0,0.0,0.9964413925223184,0.09969567997475613,5,0.001,0.1,0.9904068744072295,0.9966311931961414,0.9975646861085643,1.0,0.9975353300460844,0.9966040897682019,0.9967972329507605,0.995282085705775,0.9947356323168712,0.9929469402655868,0.9932385911127853,0.992580899790098
4,4,1.5894090612473026,0.580709219858156,4935,1.9616918013646052,0.48175182481751827,822,1.968441194238754,0.4681,0.998295236465412,0.08350764871405403,,,0.9868853515871926,,0.9869032775635264,0.01309672243647364,0.9964413962968879,0.09969567841201894,5,0.001,0.1,0.9865778734949673,0.9941397599748564,0.9964571016017854,0.9975353300460844,1.0,0.9963545791957192,0.9973060902096486,0.9955595806979457,0.995777961895967,0.9944511740943213,0.9940689832576982,0.9947038369227167
4,5,1.6214576933481921,0.5720591386329548,4667,1.9700133848190307,0.455012853470437,778,1.9684409988573945,0.4681,0.9988212308607644,0.08357598452409666,,,0.9985934632464111,,0.9986033384560365,0.001396661543963451,0.9964413942948359,0.09969567997436675,5,0.001,0.1,0.9858977034674068,0.9952173466103785,0.9958269452089807,0.9966040897682019,0.9963545791957192,1.0,0.9978648236377526,0.9970812569551227,0.9967852059815482,0.9961310953329077,0.9959224041646073,0.9955340286781388
4,6,1.626624960729054,0.5820794969683359,4453,1.9636490941047668,0.46900269541778977,742,1.9684410076171825,0.4681,0.998910969416534,0.08357076737423177,,,0.9976995984759072,,0.9977141144972502,0.0022858855027497738,0.9964413929150038,0.09969567997262972,5,0.001,0.1,0.9861819114608207,0.9944828145678695,0.9959319573328098,0.9967972329507605,0.9973060902096486,0.9978648236377526,1.0,0.996924280364475,0.9970602649618213,0.9963348567673862,0.9955886311899076,0.9958206040229406
4,7,1.6517053004521043,0.5732990413841478,4277,1.9716034298357756,0.4474053295932679,713,1.9684422663606393,0.4681,0.9977863222875227,0.0834459034935459,,,0.9763064188770775,,0.9763195793584056,0.02368042064159437,0.9964412255312232,0.09969566413956883,5,0.001,0.1,0.982092170990952,0.9921073709491025,0.9941940153522247,0.995282085705775,0.9955595806979457,0.9970812569551227,0.996924280364475,1.0,0.9961975166847332,0.9956137568053138,0.9965311874626799,0.9952260529612834
4,8,1.661441147327423,0.5591184306127391,4129,1.9708574685183438,0.45930232558139533,688,1.9684427511958649,0.4681,0.9977265071268666,0.08343449754979869,,,0.9743522156139889,,0.9743719855791071,0.02562801442089291,0.9964415575007184,0.09969566322480448,5,0.001,0.1,0.9816777803105893,0.991766795322452,0.9936233998390452,0.9947356323168712,0.995777961895967,0.9967852059815482,0.9970602649618213,0.9961975166847332,1.0,0.9956302178260396,0.996273441760925,0.9965666860548794
4,9,1.6826774207372515,0.5672581854536366,4001,1.9745109932763236,0.46476761619190404,667,1.9684443991785994,0.4681,0.9967000033009555,0.08329161993752535,,,0.9498727071826819,,0.9498941630179488,0.05010583698205118,0.9964416667293587,0.0996954376232881,5,0.001,0.1,0.9792335406665613,0.9900072694214532,0.9918774940433306,0.9929469402655868,0.9944511740943213,0.9961310953329077,0.9963348567673862,0.9956137568053138,0.9956302178260396,1.0,0.9958827704661702,0.9956994352002515
4,10,1.6920217248259999,0.5363332476214965,3889,1.958374642190479,0.4845679012345679,648,1.9684544516066773,0.4681,0.996505013851628,0.08318685393267837,,,0.9319229370391309,,0.931940537980495,0.06805946201950497,0.9964341066380878,0.09969490946285989,5,0.001,0.1,0.9775028743108748,0.9895012434573426,0.9913421029747908,0.9932385911127853,0.9940689832576982,0.9959224041646073,0.9955886311899076,0.9965311874626799,0.996273441760925,0.9958827704661702,1.0,0.9956103672402875
4,11,1.7116786592146929,0.5431812186758112,3791,1.979605495929718,0.46360759493670883,632,1.9684511567837895,0.4681,0.9962930919478084,0.08319009773943094,,,0.9324787049686585,,0.9324963029547366,0.06750369704526338,0.9964365253809071,0.09969491179910399,5,0.001,0.1,0.9777709303580663,0.9885024975281889,0.990918625080182,0.992580899790098,0.9947038369227167,0.9955340286781388,0.9958206040229406,0.9952260529612834,0.9965666860548794,0.9956994352002515,0.9956103672402875,1.0
5,0,1.2400780743198172,0.6461407353299246,8214,1.8623062427653823,0.5098612125639153,1369,1.8609431783993022,0.5217,0.9899683312594714,0.08254129230413644,,,1.0,,1.0,0.0,0.997377160039995,0.09970893669940029,5,0.001,0.1,1.0,0.9950378500840945,0.9927924957478045,0.9908076212241707,0.9868159211906814,0.987038280047266,0.9870188489775845,0.9832752382919175,0.9831390632348335,0.9800259324112681,0.979621136818477,0.9795736704880262
5,1,1.3484311607277508,0.6172801947064193,6574,1.8555774893079484,0.5492700729927007,1096,1.8607517865519174,0.5214,0.9969097393686092,0.08332256012731817,,,1.0,,1.0,0.0,0.9975788190821278,0.09970893669940029,5,0.001,0.1,0.9950378500840945,1.0,0.9971216562313017,0.9964413492187679,0.9941660474588306,0.9953690535875066,0.9948225640864381,0.9923844261988074,0.9923680242335754,0.9905102331289275,0.9904439567476806,0.9894129924584557
5,2,1.3599578161265968,0.6474148365900052,5783,1.8579114483248802,0.533195020746888,964,1.8607494156962385,0.5214,0.9980337313623595,0.08344843079728989,,,1.0,,1.0,0.0,0.9975798208689548,0.09970893669940029,5,0.001,0.1,0.9927924957478045,0.9971216562313017,1.0,0.9974842767156266,0.9963804417727393,0.9961793579204742,0.9961881543013221,0.9945918386147239,0.9941968491196636,0.9923282035074499,0.9925256271064222,0.9916974339587321
5,3,1.4086802771292537,0.6224702099489313,5287,1.8666061120373862,0.5153234960272418,881,1.860748755665252,0.5214,0.9982843019418569,0.08352611895727302,,,1.0,,1.0,0.0,0.9975798221687735,0.09970893669940029,5,0.001,0.1,0.9908076212241707,0.9964413492187679,0.9974842767156266,1.0,0.9970850032264381,0.9965855257994155,0.9965901768229487,0.9952024787645005,0.9950729887305798,0.9927564286690159,0.9938109584940698,0.9926206692253462
5,4,1.450919724510562,0.6189260385005065,4935,1.851634878378648,0.5462287104622872,822,1.8607491155782827,0.5214,0.9982177968488004,0.08347700331620087,,,1.0,,1.0,0.0,0.9975797465122805,0.09970893669940029,5,0.001,0.1,0.9868159211906814,0.9941660474588306,0.9963804417727393,0.9970850032264381,1.0,0.996426141035161,0.9971787893341343,0.9957160121190511,0.9958432931976242,0.9945212659693226,0.9948755818298491,0.994616952257376
5,5,1.4804928399112127,0.612427683736876,4667,1.8645275592803956,0.493573264781491,778,1.8607487693762246,0.5214,0.9988553267040874,0.0835395226754009,,,1.0,,1.0,0.0,0.9975798221432284,0.09970893669940029,5,0.001,0.1,0.987038280047266,0.9953690535875066,0.9961793579204742,0.9965855257994155,0.996426141035161,1.0,0.997904305974087,0.9968479626767448,0.9970799883706312,0.9959757622619609,0.9961994126181677,0.9956489536465658
5,6,1.4810070555550712,0.615674825960027,4453,1.8538246303796768,0.5215633423180593,742,1.860748778516873,0.5214,0.9988565890706765,0.08353636221787258,,,1.0,,1.0,0.0,0.9975798222875834,0.09970893669940029,5,0.001,0.1,0.9870188489775845,0.9948225640864381,0.9961881543013221,0.9965901768229487,0.9971787893341343,0.997904305974087,1.0,0.9969724071908007,0.997299823793088,0.9958485936410052,0.9958490869960018,0.995594147587838
5,7,1.5068592204976439,0.6131400514379238,4277,1.8628010387006013,0.5077138849929874,713,1.8607501884618887,0.5214,0.9977956576019433,0.08342548386369285,,,1.0,,1.0,0.0,0.997579790179217,0.09970893669940029,5,0.001,0.1,0.9832752382919175,0.9923844261988074,0.9945918386147239,0.9952024787645005,0.9957160121190511,0.9968479626767448,0.9969724071908007,1.0,0.9964913038309071,0.9955724914960639,0.9964713036188185,0.9950243341248388
5,8,1.5148704441235616,0.5938968273189634,4129,1.8611207441850142,0.5087209302325582,688,1.8607506603478623,0.5214,0.9979867599558673,0.083424656781506,,,1.0,,1.0,0.0,0.9975797990370868,0.09970893669940029,5,0.001,0.1,0.9831390632348335,0.9923680242335754,0.9941968491196636,0.9950729887305798,0.9958432931976242,0.9970799883706312,0.997299823793088,0.9964913038309071,1.0,0.9956667427711833,0.9969410636352473,0.9967391766528176
5,9,1.535039462551238,0.6102974256435891,4001,1.8691548676717848,0.5142428785607196,667,1.860752943986521,0.5214,0.9966326917234051,0.08329325854275839,,,1.0,,1.0,0.0,0.9975772135205945,0.09970893669940029,5,0.001,0.1,0.9800259324112681,0.9905102331289275,0.9923282035074499,0.9927564286690159,0.9945212659693226,0.9959757622619609,0.9958485936410052,0.9955724914960639,0.9956667427711833,1.0,0.9959105362621025,0.9955110961689572
5,10,1.5454011139322499,0.5799434301877089,3889,1.8472780613672166,0.5262345679012346,648,1.8607638921981422,0.5214,0.9969757002670472,0.08324005179303964,,,1.0,,1.0,0.0,0.9975706056695939,0.09970893669940029,5,0.001,0.1,0.979621136818477,0.9904439567476806,0.9925256271064222,0.9938109584940698,0.9948755818298491,0.9961994126181677,0.9958490869960018,0.9964713036188185,0.9969410636352473,0.9959105362621025,1.0,0.9960767433710068
5,11,1.5666941989369754,0.5818517541545767,3791,1.8750652611255645,0.5237341772151899,632,1.8607605844260025,0.5214,0.9964559978492781,0.0832252586235112,,,1.0,,1.0,0.0,0.9975706457820575,0.09970893669940029,5,0.001,0.1,0.9795736704880262,0.9894129924584557,0.9916974339587321,0.9926206692253462,0.994616952257376,0.9956489536465658,0.995594147587838,0.9950243341248388,0.9967391766528176,0.9955110961689572,0.9960767433710068,1.0
6,0,1.1551326181638102,0.6634526418310203,8214,1.7440631666848825,0.5639152666179693,1369,1.7423437171089002,0.5727,0.9902314363637733,0.08263243779369782,,,1.0,,1.0,0.0,0.9981999872274825,0.099689098486826,5,0.001,0.1,1.0,0.9946830672549289,0.9924074330202095,0.9906283724252629,0.9864187770950933,0.9874976433454191,0.9871251283017012,0.9836740443962622,0.9829679827825271,0.9796086144911046,0.9805703671031608,0.9803487439987366
6,1,1.2517262491786365,0.6390325524794646,6574,1.7377268518720355,0.5885036496350365,1096,1.7421285690971837,0.5726,0.9968119907780275,0.08332438988283514,,,1.0,,1.0,0.0,0.9981999872274825,0.099689098486826,5,0.001,0.1,0.9946830672549289,1.0,0.9967098874976486,0.9961276554215891,0.9935786630036403,0.9953623304069454,0.9944605949977009,0.9923182419326647,0.9915413315663956,0.989482121148604,0.9908144600651979,0.9894638599771717
6,2,1.2522948568038519,0.6680615597440774,5783,1.7388624337411696,0.5902489626556017,964,1.742126177675046,0.5727,0.9981560481091322,0.08344503862641005,,,1.0,,1.0,0.0,0.9981999872274825,0.099689098486826,5,0.001,0.1,0.9924074330202095,0.9967098874976486,1.0,0.9972112319447866,0.996125520522887,0.9962473593189203,0.9962066652835888,0.9945514273769446,0.9941295807154448,0.9916198274263075,0.9930635620184909,0.9923102532174648
6,3,1.2967552090983794,0.6470966521656895,5287,1.7504271566867828,0.5618615209988649,881,1.7421254784154434,0.5726,0.9981757307742711,0.08349334714039786,,,1.0,,1.0,0.0,0.9981999872274825,0.099689098486826,5,0.001,0.1,0.9906283724252629,0.9961276554215891,0.9972112319447866,1.0,0.9968814829605144,0.9965464184268207,0.9963460746674504,0.9951483693289755,0.994130928875133,0.9912479132339228,0.9939008717903359,0.992627428130743
6,4,1.3365959645855812,0.6424721377912868,4935,1.730316726061014,0.5827250608272506,822,1.7421259266880755,0.5726,0.9980447742123582,0.08345897814749298,,,1.0,,1.0,0.0,0.9981999872274825,0.099689098486826,5,0.001,0.1,0.9864187770950933,0.9935786630036403,0.996125520522887,0.9968814829605144,1.0,0.9961542233772109,0.9968085610462107,0.9953744628305662,0.995333103394995,0.9930801534188207,0.9952030766234821,0.9942378321791446
6,5,1.361690297926942,0.6410113563316906,4667,1.7485014390945435,0.5462724935732648,778,1.7421254479466155,0.5726,0.9987628671631138,0.08352053499756944,,,1.0,,1.0,0.0,0.9981999872274825,0.099689098486826,5,0.001,0.1,0.9874976433454191,0.9953623304069454,0.9962473593189203,0.9965464184268207,0.9961542233772109,1.0,0.9974037148563941,0.9965937483880449,0.9961213026799612,0.994433062570667,0.9959570551978895,0.9954769675604467
6,6,1.3582805218866894,0.6440601841455199,4453,1.7329197923342388,0.5727762803234502,742,1.7421255008862042,0.5726,0.9985697676199224,0.08351235906434745,,,1.0,,1.0,0.0,0.9981999872274825,0.099689098486826,5,0.001,0.1,0.9871251283017012,0.9944605949977009,0.9962066652835888,0.9963460746674504,0.9968085610462107,0.9974037148563941,1.0,0.9964265402331632,0.9959879351407497,0.994069044663889,0.9957894317460799,0.9948551399494955
6,7,1.3828956410066406,0.6394201543137713,4277,1.7428186717240706,0.5806451612903226,713,1.7421269306359581,0.5726,0.997625441047417,0.08341382036726094,,,1.0,,1.0,0.0,0.9981999872274825,0.099689098486826,5,0.001,0.1,0.9836740443962622,0.9923182419326647,0.9945514273769446,0.9951483693289755,0.9953744628305662,0.9965937483880449,0.9964265402331632,1.0,0.9952482165320757,0.9940982424729317,0.9961718802813618,0.9945590490118605
6,8,1.3935445640637325,0.626543957374667,4129,1.7398530840873718,0.5668604651162791,688,1.7421273050216821,0.5726,0.9972458131920815,0.08340105198598197,,,1.0,,1.0,0.0,0.9981999872274825,0.099689098486826,5,0.001,0.1,0.9829679827825271,0.9915413315663956,0.9941295807154448,0.994130928875133,0.995333103394995,0.9961213026799612,0.9959879351407497,0.9952482165320757,1.0,0.993064716960958,0.995660976505333,0.9954353249692811
6,9,1.4086154594307854,0.6424393901524619,4001,1.752836891583034,0.5637181409295352,667,1.7421301595700054,0.5727,0.9955565813292486,0.08326586317842397,,,1.0,,1.0,0.0,0.9981999872274825,0.099689098486826,5,0.001,0.1,0.9796086144911046,0.989482121148604,0.9916198274263075,0.9912479132339228,0.9930801534188207,0.994433062570667,0.994069044663889,0.9940982424729317,0.993064716960958,1.0,0.9946867995965434,0.9940231077149253
6,10,1.4179474096806324,0.6095654409874004,3889,1.72468820640019,0.5864197530864198,648,1.742141727441416,0.5727,0.9970699061306957,0.0832820890892202,,,1.0,,1.0,0.0,0.9981999872274825,0.099689098486826,5,0.001,0.1,0.9805703671031608,0.9908144600651979,0.9930635620184909,0.9939008717903359,0.9952030766234821,0.9959570551978895,0.9957894317460799,0.9961718802813618,0.995660976505333,0.9946867995965434,1.0,0.9956885345344786
6,11,1.4391401597431728,0.614930097599578,3791,1.7595256447792054,0.5632911392405063,632,1.7421383697765704,0.5727,0.9963601925417404,0.08325008972636222,,,1.0,,1.0,0.0,0.9981999872274825,0.099689098486826,5,0.001,0.1,0.9803487439987366,0.9894638599771717,0.9923102532174648,0.992627428130743,0.9942378321791446,0.9954769675604467,0.9948551399494955,0.9945590490118605,0.9954353249692811,0.9940231077149253,0.9956885345344786,1.0
7,0,1.0845237405151709,0.6789383978573168,8214,1.6188667291818664,0.6062819576333089,1369,1.6167487382127073,0.6084,0.9901651052001041,0.08268882442828188,,,1.0,,1.0,0.0,0.9983575801780815,0.09968089929715496,5,0.001,0.1,1.0,0.9942165811220658,0.9916425759753699,0.9900323587373241,0.9861618141965068,0.9872344533788326,0.9867724034230919,0.9831190295726787,0.9830455066665074,0.9804801728680217,0.980725180824817,0.9807267228978284
