round,client_id,client_i_training_loss,client_i_training_accuracy,client_i_training_dataset_size,client_i_evaluation_loss,client_i_evaluation_accuracy,client_i_evaluation_dataset_size,client_i_central_evaluation_loss,client_i_central_evaluation_accuracy,client_i_cosine_similarity,client_i_importance_coefficient,client_i_tanh_val,tanh_normalization_value,client_i_q,client_i_mask_order,client_i_v_nonzero_fraction,client_i_v_sparsity,client_i_v_cosine_similarity,client_i_reward_gradient_norm,local_epochs,learning_rate,gamma,client_0_cosine_similarity,client_1_cosine_similarity,client_2_cosine_similarity,client_3_cosine_similarity,client_4_cosine_similarity,client_5_cosine_similarity,client_6_cosine_similarity,client_7_cosine_similarity,client_8_cosine_similarity,client_9_cosine_similarity,client_10_cosine_similarity,client_11_cosine_similarity
0,0,0.28292428424096294,0.9109812515217921,8214,2.206686485645383,0.3046018991964938,1369,2.2100429291161485,0.3008,0.7988651671993607,0.08710284937758385,,,0.9495003827038957,,0.9495155865669395,0.05048441343306054,0,0.3849672382654349,5,0.1,0.5,1.0,0.5692907881920808,0.5757673819612207,0.5702425820195544,0.5796204356036762,0.585346403879308,0.5796858919559705,0.5716173856596534,0.37718373878471656,0.4986418772856648,0.5743806630984506,0.5800608413018059
0,1,0.30793739538278103,0.9040462427745665,6574,2.2112886769430977,0.3001824817518248,1096,2.2100432482771217,0.3008,0.794493930697427,0.08662623934343185,,,0.9468407883709575,,0.9468550775563476,0.05314492244365243,0,0.3849668041072214,5,0.1,0.5,0.5692907881920808,1.0,0.5824551488880586,0.5859794511598361,0.5972695716823075,0.5972061237719736,0.5852701081743897,0.591212029430696,0.3690574281427977,0.5029813492703735,0.5959791180537825,0.5968442199006612
0,2,0.3157457110631532,0.9019194189866852,5783,2.2112322084365355,0.3039419087136929,964,2.2100475885616704,0.3008,0.7900294356875999,0.08613946103295521,,,0.9441244527020194,,0.9441343306058932,0.055865669394106754,0,0.3849663530848051,5,0.1,0.5,0.5757673819612207,0.5824551488880586,1.0,0.5859975195514305,0.5919045258666301,0.5994447835157953,0.5837438382038138,0.5966592044137188,0.38437753351221654,0.5139559219680492,0.5879407641903343,0.5953572719281653
0,3,0.30527714910771114,0.9021373179496879,5287,2.2110253827912465,0.322360953461975,881,2.210044817421764,0.3008,0.7930163320118333,0.08646513198635057,,,0.9459417720196749,,0.9459565282867326,0.0540434717132674,0,0.3849666471956759,5,0.1,0.5,0.5702425820195544,0.5859794511598361,0.5859975195514305,1.0,0.6060421602692616,0.6121694851077509,0.6122147397382065,0.6002006153125352,0.3895029835189166,0.5127134350442917,0.5935824581982577,0.6102149965081541
0,4,0.3464014052335293,0.8922796352583586,4935,2.209531252200787,0.2944038929440389,822,2.210043447847945,0.3008,0.7932099477400935,0.08648624253454845,,,0.9460595737660276,,0.9460820239947794,0.053917976005220636,0,0.38496669802497013,5,0.1,0.5,0.5796204356036762,0.5972695716823075,0.5919045258666301,0.6060421602692616,1.0,0.6048378101652121,0.591745224893284,0.5963972946680013,0.39523207180085196,0.5261085760041453,0.600292086009634,0.6103463044751067
0,5,0.3358595601589202,0.8949646453824727,4667,2.2150708293914794,0.2776349614395887,778,2.2100425375917085,0.3008,0.7996863245128234,0.08719238281166834,,,0.9499999999944198,,0.9500025099141609,0.04999749008583909,0,0.3849672760915735,5,0.1,0.5,0.585346403879308,0.5972061237719736,0.5994447835157953,0.6121694851077509,0.6048378101652121,1.0,0.6091889316226214,0.6218152309822028,0.392616250333944,0.5314028943233459,0.6129589339905664,0.6199584339226676
0,6,0.36499890019451936,0.8863238266337301,4453,2.2106159826119742,0.28975741239892183,742,2.210046668403065,0.3008,0.7881166821348843,0.08593090733523583,,,0.9429606747854368,,0.9429747502635409,0.05702524973645906,0,0.384966109722476,5,0.1,0.5,0.5796858919559705,0.5852701081743897,0.5837438382038138,0.6122147397382065,0.591745224893284,0.6091889316226214,1.0,0.601702452131631,0.38857836950575564,0.5299730679593837,0.600991238190124,0.6158038455601326
0,7,0.3548743251405323,0.8893149403787701,4277,2.214031520097152,0.2720897615708275,713,2.210046381234361,0.3009,0.7870769530972109,0.08581754232011138,,,0.9423280717553414,,0.942347271723307,0.05765272827669299,0,0.3849660007841106,5,0.1,0.5,0.5716173856596534,0.591212029430696,0.5966592044137188,0.6002006153125352,0.5963972946680013,0.6218152309822028,0.601702452131631,1.0,0.38477154819871406,0.5230981671475432,0.6101177812096511,0.6062963384091727
0,8,0.4964708503249746,0.862145798014047,4129,2.2038733092221348,0.35319767441860467,688,2.210109978057325,0.3002,0.553150427235097,0.06031177766270163,,,0.8,,0.8,0.19999999999999996,0,0.3847848066601632,5,0.1,0.5,0.37718373878471656,0.3690574281427977,0.38437753351221654,0.3895029835189166,0.39523207180085196,0.392616250333944,0.38857836950575564,0.38477154819871406,1.0,0.3535026533433828,0.3849415548345224,0.4082819039564667
0,9,0.38888051278495583,0.8779805048737815,4001,2.1995633897327243,0.31634182908545727,667,2.2100825020299553,0.3004,0.6984159693788128,0.0761505489054832,,,0.8883840104477774,,0.8883941569198334,0.11160584308016663,0,0.38494104295536585,5,0.1,0.5,0.4986418772856648,0.5029813492703735,0.5139559219680492,0.5127134350442917,0.5261085760041453,0.5314028943233459,0.5299730679593837,0.5230981671475432,0.3535026533433828,1.0,0.5228215758366079,0.5305697247282958
0,10,0.39439582047892396,0.8750321419388017,3889,2.2156477088019964,0.2716049382716049,648,2.21004642389072,0.3009,0.7833461701555636,0.08541076300619284,,,0.9400581490081648,,0.940083329150143,0.05991667084985697,0,0.3849655676202632,5,0.1,0.5,0.5743806630984506,0.5959791180537825,0.5879407641903343,0.5935824581982577,0.600292086009634,0.6129589339905664,0.600991238190124,0.6101177812096511,0.3849415548345224,0.5228215758366079,1.0,0.615787606852968
0,11,0.3797225080868777,0.8800844104457927,3791,2.2138928532600404,0.2974683544303797,632,2.2100467179149104,0.3008,0.7921085509365684,0.08636615368373685,,,0.945389450176129,,0.9454093669996486,0.054590633000351385,0,0.38496655667522434,5,0.1,0.5,0.5800608413018059,0.5968442199006612,0.5953572719281653,0.6102149965081541,0.6103463044751067,0.6199584339226676,0.6158038455601326,0.6062963384091727,0.4082819039564667,0.5305697247282958,0.615787606852968,1.0
1,0,0.25127667203647036,0.9227173119065011,8214,2.0515401585157527,0.6340394448502557,1369,2.0572179993882345,0.62,0.8008991579654273,0.08615666938226237,,,0.9465196223828171,,0.9465388283720697,0.05346117162793029,0.9538251681643667,0.3984673298687211,5,0.1,0.5,1.0,0.6074505667526181,0.6191479772252475,0.6184542921771725,0.6238083599827171,0.6193182153987242,0.6255652424860411,0.619219116117623,0.4532238486610176,0.5655585558778908,0.622355380812576,0.6175241614066164
1,1,0.27688891714059033,0.9172193489504107,6574,2.058934429713658,0.6222627737226277,1096,2.057219081031629,0.62,0.800589357420045,0.08582811111128229,,,0.944540891730456,,0.9445559961849305,0.05544400381506953,0.9538268488508928,0.398466981187021,5,0.1,0.5,0.6074505667526181,1.0,0.6159266109048687,0.6110966441467826,0.626046273252813,0.6216511626603688,0.6244146645090188,0.6106621542522337,0.454151650237439,0.5718786019458043,0.627753903925958,0.620902660145605
1,2,0.2825889413275895,0.9128134186408439,5783,2.0564250792226484,0.6161825726141079,964,2.0572243258595084,0.62,0.8091264712385725,0.0858031440383059,,,0.9443905284099687,,0.9444003815069525,0.05559961849304751,0.9538228028345103,0.39846692636746966,5,0.1,0.5,0.6191479772252475,0.6159266109048687,1.0,0.628705973532452,0.626545897477522,0.6230426344168868,0.6304432595236417,0.6334134908599891,0.45815826510794516,0.5762073402889346,0.6331921062066757,0.6299137635753906
1,3,0.26751225376894405,0.9168904860979762,5287,2.0564886161259244,0.6322360953461975,881,2.057221316301023,0.62,0.8173963978913016,0.08631035068086697,,,0.9474451626084107,,0.9474574569549722,0.05254254304502781,0.9538255100486424,0.39846745443251447,5,0.1,0.5,0.6184542921771725,0.6110966441467826,0.628705973532452,1.0,0.6423739964406756,0.6375892203519196,0.6340758141710042,0.6380851720385552,0.4681574478375594,0.5869121777213838,0.6428832014993843,0.6455709110004832
1,4,0.30916146029988606,0.9036271529888551,4935,2.05715418778933,0.6034063260340633,822,2.057219965770222,0.62,0.8172035006701119,0.08631765490128888,,,0.9474891520194743,,0.947502635409869,0.05249736459013099,0.953826362119219,0.39846745901043884,5,0.1,0.5,0.6238083599827171,0.626046273252813,0.626545897477522,0.6423739964406756,1.0,0.633953617048697,0.6390644557016971,0.6354733241024279,0.4647913836430227,0.5824589389580134,0.6325750850357046,0.6432369137542597
1,5,0.29255791109833507,0.9092350546389544,4667,2.063282985687256,0.602827763496144,778,2.057218304457375,0.62,0.8156707537554728,0.08673456857683753,,,0.9499999999939774,,0.9500025099141609,0.04999749008583909,0.9538254999420415,0.3984678461402757,5,0.1,0.5,0.6193182153987242,0.6216511626603688,0.6230426344168868,0.6375892203519196,0.633953617048697,1.0,0.6345671213727457,0.6414274842756108,0.45750935378441604,0.5840004178816123,0.6446977365851391,0.6336176764834944
1,6,0.32089500919450076,0.9015046036379969,4453,2.055982073148092,0.6428571428571429,742,2.0572215444363726,0.62,0.8174182664962176,0.0859550244114171,,,0.9453052226250032,,0.9453240299181768,0.05467597008182323,0.9538248434329972,0.3984671029779019,5,0.1,0.5,0.6255652424860411,0.6244146645090188,0.6304432595236417,0.6340758141710042,0.6390644557016971,0.6345671213727457,1.0,0.6337913550557084,0.458315962964913,0.593858902220893,0.6357841738706634,0.6441734271169839
1,7,0.3182701529670896,0.9030628945522563,4277,2.064244830090067,0.5904628330995793,713,2.057222290160938,0.62,0.8148082295511133,0.08578789391497242,,,0.9442986850775753,,0.9443100245971587,0.05568997540284126,0.953823229622039,0.3984669160431965,5,0.1,0.5,0.619219116117623,0.6106621542522337,0.6334134908599891,0.6380851720385552,0.6354733241024279,0.6414274842756108,0.6337913550557084,1.0,0.4663571285498577,0.5766571391991954,0.6319524047355564,0.6437991196284047
1,8,0.3955292274207414,0.8904335190118673,4129,2.0506327802484687,0.6526162790697675,688,2.057599519007503,0.6206,0.6164477777882321,0.061827823140703154,,,0.8,,0.8,0.19999999999999996,0.953214270509735,0.3982632986027588,5,0.1,0.5,0.4532238486610176,0.454151650237439,0.45815826510794516,0.4681574478375594,0.4647913836430227,0.45750935378441604,0.458315962964913,0.4663571285498577,1.0,0.425915745608503,0.46918253384557784,0.46541036783692025
1,9,0.38562512226284495,0.8847288177955511,4001,2.0474012068339755,0.6416791604197901,667,2.057318871775374,0.62,0.7586048221608417,0.07737251276149898,,,0.8936173475175505,,0.8936298378595452,0.1063701621404548,0.9537127551139761,0.3984454318398367,5,0.1,0.5,0.5655585558778908,0.5718786019458043,0.5762073402889346,0.5869121777213838,0.5824589389580134,0.5840004178816123,0.593858902220893,0.5766571391991954,0.425915745608503,1.0,0.591938426366793,0.5924837114204301
1,10,0.34425505835440806,0.8951401388531757,3889,2.064440437725612,0.5972222222222222,648,2.0572245597077634,0.62,0.8176702648281537,0.08561715699029927,,,0.9432704279427515,,0.9432809597911751,0.0567190402088249,0.9538229228169324,0.3984667246434894,5,0.1,0.5,0.622355380812576,0.627753903925958,0.6331921062066757,0.6428832014993843,0.6325750850357046,0.6446977365851391,0.6357841738706634,0.6319524047355564,0.46918253384557784,0.591938426366793,1.0,0.6292240912530271
1,11,0.3320120571854235,0.8999208652070694,3791,2.063474881649017,0.5917721518987342,632,2.0572233489527108,0.62,0.8186709630093787,0.08628909009026509,,,0.9473171214479014,,0.9473319612469253,0.052668038753074686,0.9538235957324867,0.398467442277864,5,0.1,0.5,0.6175241614066164,0.620902660145605,0.6299137635753906,0.6455709110004832,0.6432369137542597,0.6336176764834944,0.6441734271169839,0.6437991196284047,0.46541036783692025,0.5924837114204301,0.6292240912530271,1.0
2,0,0.2323096578886392,0.9295836376917458,8214,1.8565196824628254,0.8553688823959095,1369,1.8655639467909695,0.8421,0.7981404361436916,0.08522514844020274,,,0.9419935161102496,,0.9420059233974198,0.05799407660258016,0.9643009228195265,0.4009079266629822,5,0.1,0.5,1.0,0.6175127284108157,0.617874750129609,0.6200008831861099,0.6213430386720422,0.6198645024521436,0.6155705354407736,0.6185720990477588,0.46291001534909815,0.6097999608863841,0.6080293549157195,0.6147925808882713
2,1,0.2486957721593021,0.9261636750836629,6574,1.867178215299334,0.8375912408759124,1096,1.8655638961365428,0.8421,0.8094756743952677,0.0854033822639492,,,0.9431299950421668,,0.9431454244264846,0.056854575573515365,0.9642993733581388,0.4009082333006612,5,0.1,0.5,0.6175127284108157,1.0,0.6273921233371348,0.6274356267884276,0.6345391871534642,0.6425742251853647,0.6265844273855329,0.621830202991583,0.4593389180801901,0.6194175630138476,0.6251317563890151,0.6314069532567577
2,2,0.2564270661634429,0.9248141103233616,5783,1.8629871568372172,0.8423236514522822,964,1.8655698337493993,0.842,0.8128224418312131,0.08550391135905669,,,0.9437710024347752,,0.9437829426233623,0.056217057376637736,0.9643004916365736,0.4009083626129783,5,0.1,0.5,0.617874750129609,0.6273921233371348,1.0,0.6345891619664108,0.6287265057887117,0.6366360007527965,0.6284618205399981,0.6282364584640299,0.4658767128587518,0.6368772712033939,0.6329778711204417,0.6305165031537251
2,3,0.2399881709995399,0.9277851333459429,5287,1.8627511646066393,0.8694665153234961,881,1.8655671566819991,0.8421,0.817511827804709,0.08600530903518715,,,0.9469680830082419,,0.9469805732643943,0.05301942673560567,0.9643018903088899,0.4009090159807408,5,0.1,0.5,0.6200008831861099,0.6274356267884276,0.6345891619664108,1.0,0.6290109607780928,0.6452577009717718,0.6299365650687208,0.6374086016505653,0.4659145474505263,0.6375364684200566,0.6396208910701819,0.6430295570848639
2,4,0.27475901192655006,0.9158662613981763,4935,1.8660956942118132,0.8357664233576643,822,1.8655658251942155,0.8421,0.8154810068716646,0.08593909067971373,,,0.9465458524555899,,0.946563927513679,0.053436072486320985,0.9643018146223904,0.40090897170586637,5,0.1,0.5,0.6213430386720422,0.6345391871534642,0.6287265057887117,0.6290109607780928,1.0,0.6397103649882098,0.6242236226195167,0.6412236513447087,0.4716511496681927,0.6388188754941759,0.6318220373735522,0.6315028089652167
2,5,0.25805738643066933,0.9232054853224769,4667,1.8727311611175537,0.8573264781491002,778,1.8655605738917098,0.8421,0.8230378918961874,0.08648080413008948,,,0.9499999999936236,,0.9500025099141609,0.04999749008583909,0.9643058975668913,0.4009095753187109,5,0.1,0.5,0.6198645024521436,0.6425742251853647,0.6366360007527965,0.6452577009717718,0.6397103649882098,1.0,0.6366646330823775,0.6364178414543804,0.47183758603885156,0.6401307373664304,0.6535798704401352,0.638838157874138
2,6,0.2937847615938102,0.9142151358634628,4453,1.8617846071720123,0.8369272237196765,742,1.865564229389349,0.842,0.8122293286399941,0.08558414912478819,,,0.9442826254723176,,0.9442949651121931,0.05570503488780687,0.9643015526347918,0.4009084754707114,5,0.1,0.5,0.6155705354407736,0.6265844273855329,0.6284618205399981,0.6299365650687208,0.6242236226195167,0.6366646330823775,1.0,0.6259595476817964,0.47299171673153895,0.6388732865194192,0.6297666582060919,0.6351466482002784
2,7,0.282785809635004,0.9140519055412673,4277,1.8767758815184883,0.8064516129032258,713,1.8655659025088667,0.842,0.8142684500485153,0.08554437843815195,,,0.9440290341700615,,0.9440439736960996,0.0559560263039004,0.9643004410940169,0.400908446300654,5,0.1,0.5,0.6185720990477588,0.621830202991583,0.6282364584640299,0.6374086016505653,0.6412236513447087,0.6364178414543804,0.6259595476817964,1.0,0.470584288396949,0.6286542548178934,0.6362386748195372,0.6370101675472077
2,8,0.40843055141749435,0.889949140227658,4129,1.8589743809266523,0.8357558139534884,688,1.8663767808542464,0.8428,0.6241069469429594,0.06295632619213692,,,0.8,,0.8,0.19999999999999996,0.9635563826696255,0.4006722593855465,5,0.1,0.5,0.46291001534909815,0.4593389180801901,0.4658767128587518,0.4659145474505263,0.4716511496681927,0.47183758603885156,0.47299171673153895,0.470584288396949,1.0,0.4600644772602695,0.47071346713865786,0.4698423124281698
2,9,0.30287395382987425,0.9085728567858036,4001,1.8576585735593523,0.841079460269865,667,1.865703884405069,0.8418,0.8117882350986261,0.07986160596293314,,,0.9077937615533899,,0.9078108528688319,0.0921891471311681,0.9642305638696578,0.400893302117079,5,0.1,0.5,0.6097999608863841,0.6194175630138476,0.6368772712033939,0.6375364684200566,0.6388188754941759,0.6401307373664304,0.6388732865194192,0.6286542548178934,0.4600644772602695,1.0,0.6409824991250709,0.6412578005857786
2,10,0.3087880534196242,0.9076883517613783,3889,1.874405855224246,0.8194444444444444,648,1.8655701780471559,0.842,0.8165474669266053,0.08551060554005602,,,0.9438136867890256,,0.9438231012499373,0.05617689875006271,0.9642998211576159,0.4009083679692343,5,0.1,0.5,0.6080293549157195,0.6251317563890151,0.6329778711204417,0.6396208910701819,0.6318220373735522,0.6535798704401352,0.6297666582060919,0.6362386748195372,0.47071346713865786,0.6409824991250709,1.0,0.6364372002543224
2,11,0.29472097331861485,0.9115273015035611,3791,1.8753464102745057,0.8512658227848101,632,1.8655694605062565,0.842,0.8173437467459552,0.08598528883373462,,,0.9468404274561963,,0.9468550775563476,0.05314492244365243,0.9643018176459126,0.4009090029089763,5,0.1,0.5,0.6147925808882713,0.6314069532567577,0.6305165031537251,0.6430295570848639,0.6315028089652167,0.638838157874138,0.6351466482002784,0.6370101675472077,0.4698423124281698,0.6412578005857786,0.6364372002543224,1.0
3,0,0.21790933713918473,0.9344777209642074,8214,1.6246617062147273,0.926953981008035,1369,1.637344034335103,0.9065,0.7948935300900036,0.08429753658391907,,,0.9355396177205344,,0.935560463832137,0.06443953616786302,0.9697036318709986,0.4018044992833659,5,0.1,0.5,1.0,0.6178622497115366,0.6084068677489681,0.6096399464608981,0.6087381808628926,0.6182030420481971,0.6066699966893075,0.601781345096107,0.6087719754187723,0.5550379896384554,0.6078192783839574,0.6110610357913324
3,1,0.23268837888444802,0.9319135990264679,6574,1.6383870567594256,0.9023722627737226,1096,1.6373374785858983,0.9065,0.8063162446816681,0.08481463967779068,,,0.9403220666142728,,0.9403393403945585,0.059660659605441535,0.9697084521887177,0.40180571184747,5,0.1,0.5,0.6178622497115366,1.0,0.6179477962420725,0.61476569832146,0.6223775712551874,0.6276791473470381,0.6198756388028358,0.6147953855669628,0.6104318979639672,0.5697803854483438,0.6210692834659988,0.6250726756878552
3,2,0.23494018958521318,0.9282725229119834,5783,1.6329032990240282,0.9035269709543569,964,1.6373435594022465,0.9065,0.8045563503361385,0.08481988287993554,,,0.9403705585815313,,0.9403895386777772,0.05961046132222281,0.9697088506784687,0.40180571855739,5,0.1,0.5,0.6084068677489681,0.6179477962420725,1.0,0.6173703901209673,0.6128449658230068,0.6252154094429313,0.6194553424654501,0.6153281382130147,0.620781043444969,0.5681898647206649,0.6209458277877482,0.6208608343035807
3,3,0.21688298842791154,0.9342160015131454,5287,1.631766255412783,0.9160045402951191,881,1.6373390515391437,0.9065,0.8129087920835111,0.08544417802512817,,,0.9461443775005767,,0.9461623412479293,0.053837658752070694,0.9697110279401269,0.40180697694905554,5,0.1,0.5,0.6096399464608981,0.61476569832146,0.6173703901209673,1.0,0.6223152384811471,0.6351549636588185,0.6249034047669331,0.6304044422726801,0.6314945919065803,0.5864510836045016,0.6288426280218582,0.626088439635194
3,4,0.25646006036309466,0.9225531914893617,4935,1.6384854775208693,0.9087591240875912,822,1.637338480629479,0.9065,0.8082543478967066,0.08523772332602855,,,0.9442349728595725,,0.9442497866572963,0.05575021334270369,0.9697111205037918,0.40180659552116893,5,0.1,0.5,0.6087381808628926,0.6223775712551874,0.6128449658230068,0.6223152384811471,1.0,0.6234719590525661,0.6259164613121102,0.62034325715248,0.6192829706656385,0.5801940259911498,0.6220787625505965,0.6229428800853184
3,5,0.23857173388823866,0.9296764516820227,4667,1.6446737384796142,0.9177377892030848,778,1.6373314362364455,0.9065,0.8158135656029862,0.08586106785767415,,,0.9499999999907515,,0.9500025099141609,0.04999749008583909,0.9697170581690788,0.401807622762032,5,0.1,0.5,0.6182030420481971,0.6276791473470381,0.6252154094429313,0.6351549636588185,0.6234719590525661,1.0,0.6262020869493643,0.6220339374357209,0.6294570707365986,0.5805302234742382,0.6327210964302318,0.6311172185145318
3,6,0.2669340876449964,0.9214462160341343,4453,1.6313551465670268,0.9056603773584906,742,1.6373364605461826,0.9065,0.8098850385390927,0.08505918170289413,,,0.9425837234314314,,0.9426032829677226,0.057396717032277444,0.969710550772269,0.40180626093615074,5,0.1,0.5,0.6066699966893075,0.6198756388028358,0.6194553424654501,0.6249034047669331,0.6259164613121102,0.6262020869493643,1.0,0.6222685854280228,0.6198569405786251,0.584408086943304,0.622882019649301,0.6253059715419736
3,7,0.2546611830216846,0.9238718728080431,4277,1.6539836448171865,0.8863955119214586,713,1.6373384596821599,0.9065,0.8064266519676063,0.08491203708708776,,,0.9412228504963771,,0.9412378896641734,0.05876211033582657,0.9697092759401892,0.40180593872374665,5,0.1,0.5,0.601781345096107,0.6147953855669628,0.6153281382130147,0.6304044422726801,0.62034325715248,0.6220339374357209,0.6222685854280228,1.0,0.6200937719684309,0.562668261035381,0.6215712282406939,0.6327356942923003
3,8,0.26112705754696014,0.9213368854444175,4129,1.6314665241674944,0.8880813953488372,688,1.6385169676698434,0.9065,0.7982941039549614,0.06964229253996738,,,0.8,,0.8,0.19999999999999996,0.968948149335919,0.40155721941903555,5,0.1,0.5,0.6087719754187723,0.6104318979639672,0.620781043444969,0.6314945919065803,0.6192829706656385,0.6294570707365986,0.6198569405786251,0.6200937719684309,1.0,0.5760632688013234,0.6261032632959069,0.6264672663669565
3,9,0.2994013597863534,0.9091727068232942,4001,1.6315400486900693,0.9085457271364318,667,1.6374941264478544,0.9064,0.7574274556875861,0.07943092563638686,,,0.8905305693932012,,0.890552683098238,0.10944731690176202,0.9696314515998092,0.401777041618419,5,0.1,0.5,0.5550379896384554,0.5697803854483438,0.5681898647206649,0.5864510836045016,0.5801940259911498,0.5805302234742382,0.584408086943304,0.562668261035381,0.5760632688013234,1.0,0.5771356804000392,0.5815522799666988
3,10,0.2749250170446505,0.9160709694008743,3889,1.6485526675269717,0.8873456790123457,648,1.6373433354563607,0.9065,0.8106987342831341,0.08503880254848811,,,0.9423952459970485,,0.9424075096631696,0.05759249033683045,0.9697097376215089,0.40180618895291137,5,0.1,0.5,0.6078192783839574,0.6210692834659988,0.6209458277877482,0.6288426280218582,0.6220787625505965,0.6327210964302318,0.622882019649301,0.6215712282406939,0.6261032632959069,0.5771356804000392,1.0,0.6256402967542242
3,11,0.2668657146018593,0.9222896333421261,3791,1.6505427002906798,0.9050632911392406,632,1.637341462004299,0.9065,0.8132191288037037,0.08544173213469956,,,0.9461217565839488,,0.94613724210632,0.05386275789368,0.9697110734545293,0.4018069742833379,5,0.1,0.5,0.6110610357913324,0.6250726756878552,0.6208608343035807,0.626088439635194,0.6229428800853184,0.6311172185145318,0.6253059715419736,0.6327356942923003,0.6264672663669565,0.5815522799666988,0.6256402967542242,1.0
4,0,0.1999303161068765,0.9402240077915753,8214,1.3842729052831961,0.9459459459459459,1369,1.400407313157956,0.9283,0.789907024312982,0.08447549549961336,,,0.9363323125053259,,0.9363485768786708,0.06365142312132921,0.9675048300975547,0.3892452382137259,5,0.1,0.5,1.0,0.6020499417840041,0.6056813413816352,0.6012279994464064,0.5857871082178784,0.6026347343550701,0.5991203844214866,0.5930401180490626,0.45673105946152276,0.5012872455620196,0.597988346943268,0.6012442847917173
4,1,0.21183407235782123,0.9377852144812899,6574,1.4008821044649398,0.9251824817518248,1096,1.4003987978822507,0.9283,0.7941201043109338,0.08497135183318495,,,0.9407423090453864,,0.9407610059735957,0.05923899402640431,0.967506792234702,0.3892466153987616,5,0.1,0.5,0.6020499417840041,1.0,0.6042865621759131,0.5990191154254767,0.5945864970247428,0.6071556994428524,0.5996047139763055,0.5971940719332367,0.4550973329893483,0.511285035909046,0.6061957446498941,0.6067535648335811
4,2,0.21378428369390043,0.9367802178799931,5783,1.3941042461702902,0.9242738589211619,964,1.400404745016616,0.9283,0.7961110399445718,0.08504519517303101,,,0.9413990494179092,,0.941413583655439,0.058586416344560965,0.9675072022592739,0.3892467782107431,5,0.1,0.5,0.6056813413816352,0.6042865621759131,1.0,0.612732447493391,0.5894884659978256,0.605547439932863,0.5997028172888288,0.5924988148257992,0.46150449024722645,0.5142026448755158,0.6088399946220624,0.6082771985036336
4,3,0.1949932229554376,0.9414790996784566,5287,1.3927272345338548,0.9296254256526674,881,1.4003982681055038,0.9282,0.8044180510501643,0.08575759792094205,,,0.9477349443953677,,0.9477486069976406,0.05225139300235937,0.967515967197404,0.3892483442311999,5,0.1,0.5,0.6012279994464064,0.5990191154254767,0.612732447493391,1.0,0.604657119886525,0.6203864842556273,0.6134919114996966,0.6123402487304552,0.46463904804427303,0.5191375184712579,0.6145501825360064,0.6144435325254374
4,4,0.2444287972398583,0.9273353596757852,4935,1.402781028013963,0.9330900243309003,822,1.400399946176206,0.9283,0.7885581772500232,0.08505883333146792,,,0.9415203430819155,,0.9415390793634858,0.0584609206365142,0.9675097549627407,0.38924685851582813,5,0.1,0.5,0.5857871082178784,0.5945864970247428,0.5894884659978256,0.604657119886525,1.0,0.5949601749036867,0.5987620347695455,0.5915555399113942,0.46112778095878526,0.5200049148151747,0.594247941365144,0.5967332987540136
4,5,0.21742296622147503,0.9343904006856653,4667,1.4086946773529052,0.9408740359897172,778,1.4003864241103394,0.9282,0.8037073399782992,0.0860122788833501,,,0.9499999999911063,,0.9500025099141609,0.04999749008583909,0.9675195619561906,0.38924878135189006,5,0.1,0.5,0.6026347343550701,0.6071556994428524,0.605547439932863,0.6203864842556273,0.5949601749036867,1.0,0.6084287349317622,0.61020691767222,0.4666021263057347,0.5203696007070987,0.6184028118636397,0.6140380718743405
4,6,0.2379345924081281,0.9321805524365596,4453,1.3916417161623638,0.9245283018867925,742,1.4003960594963343,0.9283,0.7984563159783525,0.08528863508163484,,,0.943564130474599,,0.9435771296621656,0.05642287033783444,0.9675110401000986,0.3892473863778309,5,0.1,0.5,0.5991203844214866,0.5996047139763055,0.5997028172888288,0.6134919114996966,0.5987620347695455,0.6084287349317622,1.0,0.605162208792128,0.4586130079750841,0.5173043861489263,0.6086040597073815,0.6138625383843734
4,7,0.2331203068578755,0.9311667056347908,4277,1.4223930006441863,0.9144460028050491,713,1.4003990347773885,0.9283,0.7943857402026759,0.08504610049137509,,,0.941407101045961,,0.9414236233120827,0.058576376687917264,0.9675076960209726,0.3892467809157568,5,0.1,0.5,0.5930401180490626,0.5971940719332367,0.5924988148257992,0.6123402487304552,0.5915555399113942,0.61020691767222,0.605162208792128,1.0,0.45272140899473096,0.5212761226389072,0.6038536334086964,0.6053886805470317
4,8,0.33551914617132683,0.9102446112860256,4129,1.3947302807461133,0.9171511627906976,688,1.4020252273486444,0.9276,0.6343793841280682,0.0691464039658361,,,0.8,,0.8,0.19999999999999996,0.9666735412098972,0.38898199639853204,5,0.1,0.5,0.45673105946152276,0.4550973329893483,0.46150449024722645,0.46463904804427303,0.46112778095878526,0.4666021263057347,0.4586130079750841,0.45272140899473096,1.0,0.4017227869194793,0.4722667688919854,0.4610074307485207
4,9,0.288360966685645,0.9180204948762809,4001,1.3964318207332067,0.9235382308845578,667,1.4005838453579253,0.9283,0.7033205587351409,0.07815095785542563,,,0.8800837839699474,,0.8801064203604236,0.11989357963957636,0.9673794153439609,0.3892016931120068,5,0.1,0.5,0.5012872455620196,0.511285035909046,0.5142026448755158,0.5191375184712579,0.5200049148151747,0.5203696007070987,0.5173043861489263,0.5212761226389072,0.4017227869194793,1.0,0.5285147878398827,0.5187658742198493
4,10,0.2523582896141366,0.9246592954487015,3889,1.4123838061378116,0.9182098765432098,648,1.4004027093180453,0.9283,0.802129515033024,0.08540470410795481,,,0.944596413355393,,0.9446061944681492,0.055393805531850804,0.967512107844993,0.3892476364052747,5,0.1,0.5,0.597988346943268,0.6061957446498941,0.6088399946220624,0.6145501825360064,0.594247941365144,0.6184028118636397,0.6086040597073815,0.6038536334086964,0.4722667688919854,0.5285147878398827,1.0,0.6060995555716205
4,11,0.24285548342501415,0.9286204167765761,3791,1.4175349354743958,0.9240506329113924,632,1.4004025516418603,0.9283,0.8012044876689689,0.08564244585618405,,,0.9467108166938905,,0.9467295818483008,0.053270418151699195,0.967515130366588,0.38924812238951273,5,0.1,0.5,0.6012442847917173,0.6067535648335811,0.6082771985036336,0.6144435325254374,0.5967332987540136,0.6140380718743405,0.6138625383843734,0.6053886805470317,0.4610074307485207,0.5187658742198493,0.6060995555716205,1.0
5,0,0.19014818562875985,0.9426588750913075,8214,1.146942860858385,0.956172388604821,1369,1.1656504117261868,0.9392,0.7745831125917665,0.08465265078482108,,,0.939285181977282,,0.9392952161036092,0.06070478389639078,0.9632000517967719,0.3815535964345796,5,0.1,0.5,1.0,0.5758296330266249,0.5705089903050629,0.5776427712276596,0.568407083417405,0.5740150995357728,0.5684647265781475,0.5666474762929937,0.35961367549201306,0.5368794061151438,0.5741020261237663,0.5766753579236297
5,1,0.20025877240814666,0.9400060845756009,6574,1.1647502217973982,0.9397810218978102,1096,1.1656440675449067,0.9392,0.7823188574861022,0.08526299543156791,,,0.9436999045989989,,0.9437126650268561,0.056287334973143865,0.9632014863706742,0.38155471754192644,5,0.1,0.5,0.5758296330266249,1.0,0.586619686432243,0.5764731783207975,0.5822299028608431,0.58233376558229,0.5697628786297151,0.5783018149168199,0.3560050028364337,0.5437979660726606,0.5826970106759851,0.5814016617239638
5,2,0.20263433347955265,0.939304859069687,5783,1.1575655225784547,0.9336099585062241,964,1.1656494115869078,0.9392,0.7859030683699917,0.08544041159288063,,,0.9449831847014462,,0.9449927212489333,0.0550072787510667,0.9632032905044121,0.3815549874114987,5,0.1,0.5,0.5705089903050629,0.586619686432243,1.0,0.589440531506164,0.5766997255953991,0.5871761667486441,0.5811420288766304,0.577398589144085,0.3576326107536049,0.5417454072712592,0.5888666871684565,0.5898460848418398
5,3,0.1843163015096482,0.9434083601286174,5287,1.1555137634277344,0.9375709421112373,881,1.1656351038061392,0.9392,0.7905649050991316,0.08608777011113766,,,0.9496656347075915,,0.9496762210732393,0.050323778926760654,0.9632109773984995,0.38155598875039165,5,0.1,0.5,0.5776427712276596,0.5764731783207975,0.589440531506164,1.0,0.5828418311345257,0.5881843414390355,0.5885785867635255,0.5877640794144339,0.36742682309888863,0.5517878473615723,0.5861037617498829,0.5918723430136122
5,4,0.2147979591161974,0.9354002026342452,4935,1.1676140290040236,0.9379562043795621,822,1.1656442764468087,0.9392,0.782415574434706,0.08532556541104647,,,0.9441524834908047,,0.9441694694041464,0.055830530595853634,0.9632030323301163,0.3815548288736827,5,0.1,0.5,0.568407083417405,0.5822299028608431,0.5766997255953991,0.5828418311345257,1.0,0.5825061739072286,0.5802846120865434,0.5852754228022529,0.35436537475870944,0.5398137716728223,0.57637361925419,0.5863205729823495
5,5,0.19973427528285817,0.9396185986715234,4667,1.174082374572754,0.9511568123393316,778,1.165624323173072,0.9392,0.7870254165823517,0.08613399681196386,,,0.9499999999927669,,0.9500025099141609,0.04999749008583909,0.9632119112780954,0.38155602525845383,5,0.1,0.5,0.5740150995357728,0.58233376558229,0.5871761667486441,0.5881843414390355,0.5825061739072286,1.0,0.5809979025116352,0.5834393494673126,0.35139856924128915,0.5420025782910429,0.590910547214935,0.5883753670367103
5,6,0.22014642914890178,0.934560970132495,4453,1.1550459663073223,0.9339622641509434,742,1.1656412320396008,0.9392,0.7808182012299617,0.08542406499767488,,,0.9448649471056427,,0.9448722453692083,0.05512775463079167,0.963203166546297,0.3815549709172696,5,0.1,0.5,0.5684647265781475,0.5697628786297151,0.5811420288766304,0.5885785867635255,0.5802846120865434,0.5809979025116352,1.0,0.5742426150508224,0.34259192275924044,0.5487264299674273,0.5753836298611357,0.5879482941431143
5,7,0.21612705088623646,0.9364040215104045,4277,1.1922752805378125,0.9298737727910238,713,1.1656436246043196,0.9392,0.7841239152488775,0.08537773180850275,,,0.9445298115728502,,0.9445459565282868,0.05545404347171323,0.9632030226097136,0.381554926865508,5,0.1,0.5,0.5666474762929937,0.5783018149168199,0.577398589144085,0.5877640794144339,0.5852754228022529,0.5834393494673126,0.5742426150508224,1.0,0.3568725950924907,0.5443845140610137,0.5839503026676112,0.59294347917079
5,8,0.3348317144248778,0.9205618793896827,4129,1.1598725481466814,0.9331395348837209,688,1.167653239954013,0.9397,0.5245293657840281,0.06539618271754052,,,0.8,,0.8,0.19999999999999996,0.962373068586153,0.3813153859856002,5,0.1,0.5,0.35961367549201306,0.3560050028364337,0.3576326107536049,0.36742682309888863,0.35436537475870944,0.35139856924128915,0.34259192275924044,0.3568725950924907,1.0,0.34962951353193655,0.3652266216499376,0.3517636137551177
5,9,0.2490238218412814,0.9294176455886028,4001,1.1648752490679424,0.9310344827586207,667,1.165861876247028,0.9392,0.7421759873683927,0.07922499799512772,,,0.900026081924221,,0.9000552181115405,0.09994478188845946,0.9630540232213987,0.3815342511470067,5,0.1,0.5,0.5368794061151438,0.5437979660726606,0.5417454072712592,0.5517878473615723,0.5398137716728223,0.5420025782910429,0.5487264299674273,0.5443845140610137,0.34962951353193655,1.0,0.547555959509489,0.545192517885095
5,10,0.23390703707872357,0.9301619953715609,3889,1.1792932464962913,0.9305555555555556,648,1.165643835029663,0.9392,0.7865590260838295,0.08570674130939437,,,0.9469095910860938,,0.9469253551528538,0.05307464484714619,0.9632063970954079,0.38155541917981534,5,0.1,0.5,0.5741020261237663,0.5826970106759851,0.5888666871684565,0.5861037617498829,0.57637361925419,0.590910547214935,0.5753836298611357,0.5839503026676112,0.3652266216499376,0.547555959509489,1.0,0.5820226120892642
5,11,0.22140072105734163,0.935320495911369,3791,1.1871891975402833,0.9382911392405063,632,1.1656380032959837,0.9392,0.7893548383126694,0.08596689102834228,,,0.9487912965379137,,0.9488027709452337,0.05119722905476631,0.9632089139307651,0.3815558116343567,5,0.1,0.5,0.5766753579236297,0.5814016617239638,0.5898460848418398,0.5918723430136122,0.5863205729823495,0.5883753670367103,0.5879482941431143,0.59294347917079,0.3517636137551177,0.545192517885095,0.5820226120892642,1.0
6,0,0.18180404652221716,0.9430484538592647,8214,0.9129626459853594,0.9627465303140978,1369,0.9337021460929237,0.9464,0.7619744864444307,0.08440867883531745,,,0.9369838029796199,,0.937001154560514,0.06299884543948597,0.9626427939279966,0.3798893118972238,5,0.1,0.5,1.0,0.5555864834104892,0.5567877747448736,0.5504674266153273,0.5477813665733541,0.5577147305796104,0.5457840864998764,0.5535829229504929,0.4214554244190946,0.5313335669726185,0.5468633407362994,0.5440227530156052
6,1,0.18625655085237208,0.9435655613020992,6574,0.9313286304473877,0.9470802919708029,1096,0.9337018160774304,0.9464,0.772012468600468,0.08517908109088262,,,0.9427196360840114,,0.9427337985040911,0.057266201495908886,0.9626503468878336,0.37989121620441263,5,0.1,0.5,0.5555864834104892,1.0,0.5755472595789433,0.5575941162601638,0.5555620924484451,0.5679247905383646,0.5499915517123964,0.5528203546970686,0.4248886236717094,0.5430875126132813,0.5617350556629523,0.5541573021486005
6,2,0.1918156726162325,0.943420370050147,5783,0.9249220125136837,0.9439834024896265,964,0.9337080039155369,0.9464,0.7727039317736043,0.0853237414615999,,,0.9437966679037652,,0.9438080417649717,0.056191958235028316,0.962650896956365,0.37989151515849234,5,0.1,0.5,0.5567877747448736,0.5755472595789433,1.0,0.564847191419018,0.5490471294961914,0.5661667836559213,0.5537007025858978,0.5566332036085604,0.42810528935985515,0.5457178119269152,0.5546815023661374,0.5538630035376325
6,3,0.16784935057098718,0.9484017401172687,5287,0.9214037529059819,0.9387060158910329,881,0.933689251684914,0.9464,0.7776272380452008,0.08593705401213336,,,0.9483629297562929,,0.9483760855378746,0.05162391446212544,0.9626588188619165,0.3798926831301477,5,0.1,0.5,0.5504674266153273,0.5575941162601638,0.564847191419018,1.0,0.5542492267840577,0.5730229154849498,0.5612077170875542,0.5658945759347423,0.431618244942003,0.556456576788237,0.5609470353006285,0.570623480274116
6,4,0.2098335807851606,0.9374265450861196,4935,0.9361259180765885,0.9501216545012166,822,0.9337016199343502,0.9464,0.7643307564588722,0.0849478705563954,,,0.9409982171392771,,0.9410119973896893,0.058988002610310675,0.9626467578829355,0.3798906620730463,5,0.1,0.5,0.5477813665733541,0.5555620924484451,0.5490471294961914,0.5542492267840577,1.0,0.5587305839063371,0.5452432082874569,0.5515209612418658,0.4305026228534301,0.5462730231198569,0.5449318881971341,0.5480813646509497
6,5,0.18439758514271004,0.9448896507392329,4667,0.9396999788284301,0.9550128534704371,778,0.9336783301335173,0.9464,0.782923665109175,0.0861569353405439,,,0.9499999999925547,,0.9500025099141609,0.04999749008583909,0.9626606065653454,0.3798930411526919,5,0.1,0.5,0.5577147305796104,0.5679247905383646,0.5661667836559213,0.5730229154849498,0.5587305839063371,1.0,0.5617668806007555,0.5656031462506658,0.4304683041421171,0.5606460186117441,0.5781426816912125,0.5736668861959154
6,6,0.2063126781157085,0.9389175836514709,4453,0.9223091850678126,0.944743935309973,742,0.933699477214021,0.9464,0.7673168505928292,0.08512084844636082,,,0.9422860798115685,,0.9423020932684102,0.05769790673158981,0.9626491911758835,0.3798910810520559,5,0.1,0.5,0.5457840864998764,0.5499915517123964,0.5537007025858978,0.5612077170875542,0.5452432082874569,0.5617668806007555,1.0,0.5462867959919426,0.42144325906203667,0.5555565046659978,0.5518404039462433,0.5634550188313014
6,7,0.1988076529562918,0.9413607668926818,4277,0.9643550256024236,0.9368863955119214,713,0.9337008848738747,0.9464,0.770101003810818,0.08518864327312121,,,0.9427908288680903,,0.9428040761005974,0.057195923899402645,0.9626499937197359,0.3798912282563269,5,0.1,0.5,0.5535829229504929,0.5528203546970686,0.5566332036085604,0.5658945759347423,0.5515209612418658,0.5656031462506658,0.5462867959919426,1.0,0.4268729497939579,0.5481170376931145,0.5564470154322886,0.558271539113731
6,8,0.27043858828238,0.9291838217486074,4129,0.929376794533296,0.9433139534883721,688,0.9358152629087527,0.9466,0.6111691218321013,0.06600984663941617,,,0.8,,0.8,0.19999999999999996,0.9618894371299881,0.37962583711361536,5,0.1,0.5,0.4214554244190946,0.4248886236717094,0.42810528935985515,0.431618244942003,0.4305026228534301,0.4304683041421171,0.42144325906203667,0.4268729497939579,1.0,0.41827651967752794,0.43145279241754964,0.4298514710473169
6,9,0.22046156811051051,0.9346163459135216,4001,0.9360015222004482,0.9415292353823088,667,0.9338868999252685,0.9463,0.7576753579672794,0.08058330802037891,,,0.908502982215666,,0.9085236684905377,0.09147633150946233,0.9625604549915394,0.3798739635979202,5,0.1,0.5,0.5313335669726185,0.5430875126132813,0.5457178119269152,0.556456576788237,0.5462730231198569,0.5606460186117441,0.5555565046659978,0.5481170376931145,0.41827651967752794,1.0,0.5472493243467581,0.5493285858401427
6,10,0.213453716435088,0.9345332990485986,3889,0.948299595287868,0.933641975308642,648,0.9336996765944142,0.9464,0.7714314162256263,0.08545862261519448,,,0.9448008910616772,,0.9448120074293459,0.0551879925706541,0.9626548864043638,0.37989179550450364,5,0.1,0.5,0.5468633407362994,0.5617350556629523,0.5546815023661374,0.5609470353006285,0.5449318881971341,0.5781426816912125,0.5518404039462433,0.5564470154322886,0.43145279241754964,0.5472493243467581,1.0,0.5587750222170855
