round,client_id,client_i_training_loss,client_i_training_accuracy,client_i_training_dataset_size,client_i_evaluation_loss,client_i_evaluation_accuracy,client_i_evaluation_dataset_size,client_i_central_evaluation_loss,client_i_central_evaluation_accuracy,client_i_cosine_similarity,client_i_importance_coefficient,client_i_tanh_val,tanh_normalization_value,client_i_q,client_i_mask_order,client_i_v_nonzero_fraction,client_i_v_sparsity,client_i_v_cosine_similarity,client_i_reward_gradient_norm,local_epochs,learning_rate,gamma,client_0_cosine_similarity,client_1_cosine_similarity,client_2_cosine_similarity,client_3_cosine_similarity,client_4_cosine_similarity,client_5_cosine_similarity,client_6_cosine_similarity,client_7_cosine_similarity,client_8_cosine_similarity,client_9_cosine_similarity,client_10_cosine_similarity,client_11_cosine_similarity
0,0,2.024893389601652,0.38336985634282933,8214,2.2537982297498127,0.09788166544923302,1369,2.253043991308243,0.1143,0.9702887806424506,0.08177238941254923,,,0.7,,0.7000125651211567,0.2999874348788433,0,0.09878542261459927,5,0.001,0.1,1.0,0.985865893840499,0.9803691704060474,0.9670890035399937,0.9599570437712016,0.9507673743908014,0.9493408648516033,0.9371475199537382,0.9356010479349978,0.9289423928359606,0.9199350862240001,0.917781275485244
0,1,2.1221500165254166,0.3228475813811987,6574,2.2553590638296943,0.11405109489051095,1096,2.253025981184012,0.1145,0.9894403223345183,0.08338641129586678,,,0.9260323143338556,,0.9260542619924416,0.07394573800755844,0,0.09880971359749083,5,0.001,0.1,0.985865893840499,1.0,0.9909694647300166,0.987677097040664,0.9805874460718846,0.9800215410718147,0.9740616660634998,0.9673841201243449,0.9662441890690464,0.9581163748434408,0.9590353310711902,0.948219504615889
0,2,2.1607169832313917,0.3331834687878264,5783,2.250572927536503,0.11307053941908714,964,2.253025722198974,0.1145,0.9945970789955892,0.08382100388542106,,,0.9868939233520588,,0.9869129430413393,0.013087056958660748,0,0.09880993278949428,5,0.001,0.1,0.9803691704060474,0.9909694647300166,1.0,0.9906216682923807,0.986131156959244,0.9855373307611012,0.9865282729083449,0.9774149079389195,0.9767142608073203,0.9720710647049495,0.9677465817746128,0.9635165191107744
0,3,2.175067310591778,0.2725553243805561,5287,2.2552867191178456,0.13166855845629966,881,2.2530257206755326,0.1145,0.9957075466355821,0.08391459003636821,,,0.9999999998599571,,1.0,0.0,0,0.09880993309445005,5,0.001,0.1,0.9670890035399937,0.987677097040664,0.9906216682923807,1.0,0.9895968572690421,0.9915221269571186,0.9869338822591877,0.9858823311602414,0.982919707734507,0.9773208886981951,0.9765855481456809,0.973317863841766
0,4,2.193334574084128,0.26253292806484296,4935,2.2569029056108914,0.11192214111922141,822,2.2530257359099464,0.1145,0.993969696862174,0.08376813041398903,,,0.9794893687805426,,0.9795091870366611,0.020490812963338878,0,0.09880993199970008,5,0.001,0.1,0.9599570437712016,0.9805874460718846,0.986131156959244,0.9895968572690421,1.0,0.9883039784942068,0.9887636614906105,0.984207977302994,0.9881938451636094,0.9795582618677804,0.9754448884672939,0.9784693815208486
0,5,2.201957539336322,0.2516820227126634,4667,2.2467410945892334,0.13239074550128535,778,2.253025724484136,0.1145,0.9953877462165166,0.08388763842678162,,,0.996225618141317,,0.9962401291307835,0.003759870869216475,0,0.09880993308919542,5,0.001,0.1,0.9507673743908014,0.9800215410718147,0.9855373307611012,0.9915221269571186,0.9883039784942068,1.0,0.992293542556526,0.9917660352100882,0.9911777198928807,0.9879059928389137,0.9877874645427523,0.9831910931642461
0,6,2.208077189922333,0.27814956209297104,4453,2.2457795639832816,0.1293800539083558,742,2.2530257328630636,0.1145,0.9944901176224069,0.08381198957212127,,,0.9856315327250531,,0.9856467654478499,0.014353234552150096,0,0.0988099324974035,5,0.001,0.1,0.9493408648516033,0.9740616660634998,0.9865282729083449,0.9869338822591877,0.9887636614906105,0.992293542556526,1.0,0.9887847844525568,0.9928865777227154,0.9914116702727265,0.9869512236184373,0.9859633778395848
0,7,2.21187239547274,0.24503156418050034,4277,2.2515300356823467,0.11220196353436185,713,2.25302594614486,0.1145,0.9903321867441589,0.0834615743661437,,,0.9365583690935395,,0.936570301852872,0.06342969814712796,0,0.09880977029157366,5,0.001,0.1,0.9371475199537382,0.9673841201243449,0.9774149079389195,0.9858823311602414,0.984207977302994,0.9917660352100882,0.9887847844525568,1.0,0.9891005909365492,0.9890028550431403,0.9898113081735017,0.9851389846347824
0,8,2.216818737250108,0.25701138290142894,4129,2.255115173079751,0.11337209302325581,688,2.253025940051094,0.1145,0.9902414687210938,0.08345392898297858,,,0.9354876874202358,,0.9355022665545472,0.06449773344545284,0,0.09880976903285792,5,0.001,0.1,0.9356010479349978,0.9662441890690464,0.9767142608073203,0.982919707734507,0.9881938451636094,0.9911777198928807,0.9928865777227154,0.9891005909365492,1.0,0.9877888064824434,0.9889360108206476,0.98757059381305
0,9,2.2206188629543973,0.22379405148712822,4001,2.2513565676552907,0.12143928035982009,667,2.25302678479935,0.1145,0.986467459232968,0.08313586926749333,,,0.8909456806912265,,0.8909685775316303,0.10903142246836972,0,0.09880918668897319,5,0.001,0.1,0.9289423928359606,0.9581163748434408,0.9720710647049495,0.9773208886981951,0.9795582618677804,0.9879059928389137,0.9914116702727265,0.9890028550431403,0.9877888064824434,1.0,0.9873764373119287,0.9910876004355532
0,10,2.220735481527985,0.24844433016199538,3889,2.255252963020688,0.10493827160493827,648,2.2530281886506005,0.1145,0.9837003681701313,0.08290266895389138,,,0.8582876311742735,,0.8582992625240429,0.14170073747595713,0,0.09880820835081308,5,0.001,0.1,0.9199350862240001,0.9590353310711902,0.9677465817746128,0.9765855481456809,0.9754448884672939,0.9877874645427523,0.9869512236184373,0.9898113081735017,0.9889360108206476,0.9873764373119287,1.0,0.9823104145208977
0,11,2.2298332727255943,0.2285940385122659,3791,2.255033314228058,0.09968354430379747,632,2.253029923088634,0.1146,0.9811033930106936,0.0826838053863959,,,0.8276373412397382,,0.8276596978571635,0.17234030214283647,0,0.09880692787745808,5,0.001,0.1,0.917781275485244,0.948219504615889,0.9635165191107744,0.973317863841766,0.9784693815208486,0.9831910931642461,0.9859633778395848,0.9851389846347824,0.98757059381305,0.9910876004355532,0.9823104145208977,1.0
1,0,1.7880757175067055,0.48697345994643293,8214,2.1974025327105853,0.28780131482834187,1369,2.196507581125814,0.2952,0.9807520666891657,0.08193813653865312,,,0.7,,0.7000125651211567,0.2999874348788433,0.970740680762862,0.09939779639877093,5,0.001,0.1,1.0,0.9927107541339872,0.9900452258735551,0.9837802885600002,0.9795445309007208,0.9742491480515105,0.9737597444018519,0.9686495390884872,0.965372130164035,0.9621771723798339,0.9537758532862385,0.957690002728803
1,1,1.9249972184884896,0.4259507149376331,6574,2.198549393245152,0.30383211678832117,1096,2.1964476695075965,0.2956,0.9927211624447826,0.08331654425138757,,,0.9227079314265825,,0.9227293376248055,0.07727066237519453,0.9709915572094584,0.09942771425175527,5,0.001,0.1,0.9927107541339872,1.0,0.9959046360359636,0.9948054999910318,0.9900822066774753,0.9894654094086969,0.9876981627290848,0.9838681067005781,0.9819715844826473,0.978555702919192,0.9751415073739103,0.974099512732971
1,2,1.9848091107047066,0.45626837281687704,5783,2.193911906211607,0.3112033195020747,964,2.1964470014785427,0.2957,0.9955935365642912,0.0836763657207681,,,0.9808439200664323,,0.9808623539304665,0.019137646069533498,0.9709977310863578,0.09942802972691804,5,0.001,0.1,0.9900452258735551,0.9959046360359636,1.0,0.99571400389909,0.9935395892348762,0.9917411547084741,0.9923481480201239,0.9883830222573078,0.9864297269692416,0.9844524495948546,0.979238071602041,0.9807141866522295
1,3,2.0180664720305477,0.394514847739739,5287,2.1997098411832536,0.300794551645857,881,2.196447051752109,0.2957,0.9974702886267642,0.08379452841916515,,,0.9999353469996045,,0.9999420071331226,5.799286687735439e-05,0.970997791202306,0.09942803099483523,5,0.001,0.1,0.9837802885600002,0.9948054999910318,0.99571400389909,1.0,0.9959319649235174,0.9946585614555459,0.9944179999578243,0.9911257736728003,0.9915049553405756,0.9872329786905917,0.9858007606733452,0.9858332360549908
1,4,2.054910001754761,0.3811144883485309,4935,2.199925606067364,0.291970802919708,822,2.196447007572308,0.2957,0.9973259326851861,0.08369989552779399,,,0.9846456070427811,,0.984665719449841,0.015334280550158952,0.9709976818606852,0.09942802989488782,5,0.001,0.1,0.9795445309007208,0.9900822066774753,0.9935395892348762,0.9959319649235174,1.0,0.9940570977598673,0.9953904896076022,0.9917821754495646,0.9935253130176789,0.9892937555023843,0.9857652614984087,0.9901476246067348
1,5,2.071392333997439,0.38667238054424685,4667,2.1901528358459474,0.3033419023136247,778,2.196447046420064,0.2957,0.9979947464369591,0.08379492857541966,,,0.999999999838431,,1.0,0.0,0.9709977884614771,0.09942803099483523,5,0.001,0.1,0.9742491480515105,0.9894654094086969,0.9917411547084741,0.9946585614555459,0.9940570977598673,1.0,0.9962387489958804,0.9950641048103893,0.9946163511620785,0.9931988914193809,0.9923939486436802,0.9913096068865086
1,6,2.0824057148184094,0.41001571973950146,4453,2.1876027484734855,0.2991913746630728,742,2.196447047943505,0.2957,0.9981657344866814,0.08375398774885918,,,0.9933852321539914,,0.9934033113926987,0.0065966886073013375,0.9709977602662143,0.09942803098267826,5,0.001,0.1,0.9737597444018519,0.9876981627290848,0.9923481480201239,0.9944179999578243,0.9953904896076022,0.9962387489958804,1.0,0.9942325805893666,0.9963132212931655,0.9944310641341793,0.9911240460802252,0.9930744156971784
1,7,2.0928324398709766,0.3589899462239888,4277,2.1934468849845556,0.2805049088359046,713,2.196447764722684,0.2957,0.9961964473339917,0.08347507081788545,,,0.9483209074530039,,0.9483380210900726,0.05166197890992741,0.9709919156419345,0.09942798759297232,5,0.001,0.1,0.9686495390884872,0.9838681067005781,0.9883830222573078,0.9911257736728003,0.9917821754495646,0.9950641048103893,0.9942325805893666,1.0,0.9936983710239988,0.9939722260660346,0.9933823971283776,0.9913789743453121
1,8,2.100977353499486,0.3813998546863647,4129,2.1981768933209507,0.29941860465116277,688,2.196447764722684,0.2957,0.9960964656946151,0.08346714207262218,,,0.9470398681494088,,0.9470621780187704,0.05293782198122965,0.9709918472866883,0.09942798697244341,5,0.001,0.1,0.965372130164035,0.9819715844826473,0.9864297269692416,0.9915049553405756,0.9935253130176789,0.9946163511620785,0.9963132212931655,0.9936983710239988,1.0,0.9924873434913966,0.9936126058587962,0.9947679505647152
1,9,2.111515026433127,0.3607098225443639,4001,2.1961304800851003,0.2983508245877061,667,2.196448617849868,0.2957,0.9942196749862218,0.08321109058578811,,,0.9056698899893246,,0.9056891002406704,0.0943108997593296,0.9709929793796547,0.0994275152398824,5,0.001,0.1,0.9621771723798339,0.978555702919192,0.9844524495948546,0.9872329786905917,0.9892937555023843,0.9931988914193809,0.9944310641341793,0.9939722260660346,0.9924873434913966,1.0,0.9913874250414619,0.9947605841091175
1,10,2.1111422570025336,0.36821805091283105,3889,2.197754803157988,0.30246913580246915,648,2.196452277156111,0.2956,0.9917193653190675,0.08298700735349222,,,0.8694649901828664,,0.8694822203535632,0.13051777964643685,0.9709811359577356,0.09942669087146394,5,0.001,0.1,0.9537758532862385,0.9751415073739103,0.979238071602041,0.9858007606733452,0.9857652614984087,0.9923939486436802,0.9911240460802252,0.9933823971283776,0.9936126058587962,0.9913874250414619,1.0,0.9904131779940847
1,11,2.1276613141308314,0.34439461883408073,3791,2.2005969405174257,0.2626582278481013,632,2.196455017065469,0.2957,0.992731938104567,0.08288530238816522,,,0.8530326224338087,,0.8530509080716405,0.14694909192835948,0.9709760966107018,0.09942599853036978,5,0.001,0.1,0.957690002728803,0.974099512732971,0.9807141866522295,0.9858332360549908,0.9901476246067348,0.9913096068865086,0.9930744156971784,0.9913789743453121,0.9947679505647152,0.9947605841091175,0.9904131779940847,1.0
2,0,1.5940546458797231,0.5514487460433406,8214,2.1268269683039467,0.3710737764791819,1369,2.126043820914369,0.372,0.9864803347330187,0.08216845480454128,,,0.7,,0.7000125651211567,0.2999874348788433,0.9888349430727009,0.09956542098423592,5,0.001,0.1,1.0,0.9943907884336989,0.9924958200740374,0.9885761367275274,0.9857611555319635,0.9813362342921164,0.981844540147402,0.9776788193315429,0.9764998178974098,0.9739386413263467,0.9670862504439605,0.9714519178550378
2,1,1.7306683025313812,0.4972619409796167,6574,2.1279028960636683,0.375,1096,2.125915334628413,0.3723,0.9955184933697421,0.08330658908862341,,,0.9239609027987641,,0.9239810170015754,0.07601898299842458,0.9890036012057212,0.09960422752686657,5,0.001,0.1,0.9943907884336989,1.0,0.997259931489853,0.9964035917869435,0.9939020108248041,0.992922309723175,0.9922173116764634,0.989934694794985,0.9880565260442409,0.9870636947377868,0.9829475277006895,0.9837949108603
2,2,1.7860449607859659,0.5326992910254194,5783,2.1229962456610894,0.39522821576763484,964,2.125914567575668,0.3723,0.9969750958538719,0.0835745240406496,,,0.9766848691939273,,0.9767061984709214,0.02329380152907856,0.989004822199695,0.09960462782020886,5,0.001,0.1,0.9924958200740374,0.997259931489853,1.0,0.9972751391855232,0.996028588037858,0.9939262233734024,0.9943313394307575,0.9921529175795416,0.990688591987775,0.9896500784049188,0.9852394088808639,0.9872050701328359
2,3,1.8332087124686642,0.47925099300170226,5287,2.1305201649665833,0.376844494892168,881,2.1259146932595834,0.3723,0.9983079469161893,0.08369011929996763,,,0.9994315863416317,,0.999439402286852,0.0005605977131479811,0.9890041631473364,0.09960464122065679,5,0.001,0.1,0.9885761367275274,0.9964035917869435,0.9972751391855232,1.0,0.9974253495356596,0.9959181592424441,0.9961807019413377,0.994316795347475,0.9936539365652111,0.9917650289900607,0.9901547772633167,0.9904508346880767
2,4,1.8805743965025872,0.4732320162107396,4935,2.12890847829672,0.3746958637469586,822,2.1259146452711795,0.3723,0.9981720786854584,0.0836276395668213,,,0.9871368882222776,,0.9871545799866617,0.012845420013338327,0.9890040431823734,0.09960464079713259,5,0.001,0.1,0.9857611555319635,0.9939020108248041,0.996028588037858,0.9974253495356596,1.0,0.9954759890851238,0.9966902888288106,0.9943393375316135,0.9952304401805081,0.9927134508721762,0.9898340408467095,0.9930676843489528
2,5,1.9053882874854624,0.4720377115920291,4667,2.119868850708008,0.38946015424164526,778,2.125914691736142,0.3723,0.9983897524792759,0.08369300788828855,,,0.999999999803221,,1.0,0.0,0.9890041631449346,0.09960464122066016,5,0.001,0.1,0.9813362342921164,0.992922309723175,0.9939262233734024,0.9959181592424441,0.9954759890851238,1.0,0.9973024716767188,0.9965253914986867,0.9960528348729373,0.9953805491067459,0.9941542717533535,0.9940321379142084
2,6,1.916027797971453,0.4966539411632607,4453,2.1153257389863334,0.37331536388140163,742,2.1259147001150698,0.3723,0.9987000404286106,0.08367790118090869,,,0.9970273173434886,,0.9970423637892539,0.002957636210746073,0.9890041610438632,0.09960464121993833,5,0.001,0.1,0.981844540147402,0.9922173116764634,0.9943313394307575,0.9961807019413377,0.9966902888288106,0.9973024716767188,1.0,0.9959960411322722,0.9972311164115314,0.9960676691975004,0.9937035639160783,0.9951757855046186
2,7,1.9378288119586546,0.46219312602291324,4277,2.1215682859006137,0.34642356241234223,713,2.1259153452925026,0.3723,0.997360928959849,0.08346342512438548,,,0.9548229378432309,,0.9548428876581514,0.045157112341848604,0.9890046832410305,0.09960455349706396,5,0.001,0.1,0.9776788193315429,0.989934694794985,0.9921529175795416,0.994316795347475,0.9943393375316135,0.9965253914986867,0.9959960411322722,1.0,0.9948814838022636,0.9958175094095082,0.9951394854852861,0.9939323625129771
2,8,1.950698555799631,0.4694599176556067,4129,2.1269327835603193,0.3633720930232558,688,2.1259153491011062,0.3723,0.997064693842939,0.08344898739669238,,,0.9519818965234726,,0.95200123718116,0.04799876281883997,0.9890046832911508,0.0996045527035704,5,0.001,0.1,0.9764998178974098,0.9880565260442409,0.990688591987775,0.9936539365652111,0.9952304401805081,0.9960528348729373,0.9972311164115314,0.9948814838022636,1.0,0.9943723198291234,0.9942226072106765,0.9962735818242157
2,9,1.9585560325592284,0.4741314671332167,4001,2.1273820967901322,0.36431784107946025,667,2.1259171201017337,0.3723,0.9962051934970514,0.08326404238462724,,,0.9155886058111736,,0.9156107132156078,0.08438928678439217,0.9889974687314933,0.09960399465629291,5,0.001,0.1,0.9739386413263467,0.9870636947377868,0.9896500784049188,0.9917650289900607,0.9927134508721762,0.9953805491067459,0.9960676691975004,0.9958175094095082,0.9943723198291234,1.0,0.9946324828421061,0.9954941350677173
2,10,1.9645559969495554,0.44859861146824376,3889,2.1261201245444163,0.3765432098765432,648,2.125923357832546,0.3723,0.9940028465130465,0.08305533664567502,,,0.87451970351313,,0.8745275997718948,0.12547240022810524,0.988991756353726,0.09960253806980081,5,0.001,0.1,0.9670862504439605,0.9829475277006895,0.9852394088808639,0.9901547772633167,0.9898340408467095,0.9941542717533535,0.9937035639160783,0.9951394854852861,0.9942226072106765,0.9946324828421061,1.0,0.9934049651322412
2,11,1.989300509260482,0.44357689264046424,3791,2.1324058532714845,0.34810126582278483,632,2.1259265791493864,0.3723,0.9951501639484547,0.08302997257881933,,,0.8695285883247942,,0.8695402132204405,0.1304597867795595,0.9889913883722186,0.09960251060879027,5,0.001,0.1,0.9714519178550378,0.9837949108603,0.9872050701328359,0.9904508346880767,0.9930676843489528,0.9940321379142084,0.9951757855046186,0.9939323625129771,0.9962735818242157,0.9954941350677173,0.9934049651322412,1.0
3,0,1.4411409165608744,0.5916971025079133,8214,2.041794075522312,0.42074506939371803,1369,2.041067909508848,0.4351,0.9884659116136859,0.082351836273059,,,0.7,,0.7000125651211567,0.2999874348788433,0.9940651223549525,0.09962669681228768,5,0.001,0.1,1.0,0.994610193055505,0.9930679872428773,0.9896876775324074,0.987013036967339,0.9846181874390242,0.9850083021168734,0.9811537846464168,0.9797751639267932,0.9778021361310213,0.9734772488581563,0.9767408731476044
3,1,1.5673475588409647,0.5393976270155156,6574,2.0428743464606147,0.4306569343065693,1096,2.040814664798042,0.4349,0.9965204568445954,0.08331044323423209,,,0.9271795477091473,,0.9271947883743633,0.07280521162563669,0.9944372869270061,0.09967285442213442,5,0.001,0.1,0.994610193055505,1.0,0.9973227207035673,0.9963669073156912,0.9947199284806096,0.9947707628816889,0.9941203311403226,0.9920466398908874,0.9905862218829837,0.9898233775842439,0.9868913284175418,0.9878750863319204
3,2,1.607944312675223,0.5754798547466713,5783,2.0374601733299995,0.46473029045643155,964,2.0408128210530876,0.4349,0.9974511817704541,0.0835049316769919,,,0.9732712184881287,,0.9732894520640628,0.02671054793593719,0.9944465116853618,0.09967337050914447,5,0.001,0.1,0.9930679872428773,0.9973227207035673,1.0,0.9975251422519535,0.9967256550719295,0.995065295896567,0.9953843244393751,0.993380627958939,0.9922446427154298,0.991246569248308,0.9882215229148216,0.990041650211165
3,3,1.6583618807505411,0.5367126915074711,5287,2.047336297375815,0.4335981838819523,881,2.040812827146853,0.4349,0.9985314893254595,0.08361076334588372,,,0.9983521866491831,,0.9983617015107141,0.001638298489285872,0.9944484334660157,0.09967340849705181,5,0.001,0.1,0.9896876775324074,0.9963669073156912,0.9975251422519535,1.0,0.9976142139825511,0.9966820368581836,0.9969432068961492,0.9954124286884501,0.9946825550039161,0.9934594409820924,0.9920260354755391,0.9926979381514474
3,4,1.7063899642421354,0.5299290780141844,4935,2.0430200604292064,0.4343065693430657,822,2.040812799724908,0.4349,0.9981607548159755,0.08356044627135707,,,0.986427580740812,,0.9864441673674138,0.013555832632586196,0.9944483474136168,0.09967340804607126,5,0.001,0.1,0.987013036967339,0.9947199284806096,0.9967256550719295,0.9976142139825511,1.0,0.9959236165189749,0.9968967967793887,0.9949806289476445,0.9951207832064195,0.9941742720362977,0.9917718301533706,0.9936956327687098
3,5,1.7333543878712065,0.5196914506106707,4667,2.0353646659851075,0.4318766066838046,778,2.0408128275277133,0.4349,0.9986918790674996,0.08361771645912633,,,0.9999999997630107,,1.0,0.0,0.9944484334450564,0.0996734084974322,5,0.001,0.1,0.9846181874390242,0.9947707628816889,0.995065295896567,0.9966820368581836,0.9959236165189749,1.0,0.9977922726894514,0.9969972822091033,0.9965873471264296,0.9964232467593803,0.995005416488266,0.9951046451993604
3,6,1.7428175968783242,0.5434089377947451,4453,2.0284633735815683,0.4474393530997305,742,2.040812828289434,0.4349,0.9989402529572322,0.08361646798572996,,,0.9997041249853356,,0.9997100356656131,0.00028996433438688296,0.9944484335794478,0.09967340849743139,5,0.001,0.1,0.9850083021168734,0.9941203311403226,0.9953843244393751,0.9969432068961492,0.9968967967793887,0.9977922726894514,1.0,0.9969464232748001,0.9972957743811985,0.996690575778008,0.9947745719642783,0.9960905868049386
3,7,1.7700796604156495,0.5229833995791443,4277,2.035064215245454,0.42496493688639553,713,2.040813698174474,0.4349,0.9977878460767341,0.08344762619463864,,,0.9596904350288293,,0.9597094557369443,0.04029054426305567,0.994446266585594,0.09967329097345996,5,0.001,0.1,0.9811537846464168,0.9920466398908874,0.993380627958939,0.9954124286884501,0.9949806289476445,0.9969972822091033,0.9969464232748001,1.0,0.995942068378339,0.9962199042922097,0.9960142441594715,0.9950430895811389
3,8,1.7801933497648972,0.5154274642770647,4129,2.040676469152624,0.44476744186046513,688,2.0408139396399356,0.4349,0.9975271802633034,0.08343034675757063,,,0.955595394144739,,0.955616125883183,0.04438387411681699,0.9944451744597527,0.09967324280953019,5,0.001,0.1,0.9797751639267932,0.9905862218829837,0.9922446427154298,0.9946825550039161,0.9951207832064195,0.9965873471264296,0.9972957743811985,0.995942068378339,1.0,0.9959957891753568,0.9959046578311328,0.9968776770348605
3,9,1.7961006978201488,0.5313671582104474,4001,2.0441714922587075,0.4257871064467766,667,2.04081662127766,0.4349,0.9969567948660132,0.08329842638932615,,,0.9243316846107179,,0.9243579706362784,0.07564202936372155,0.9944394533008529,0.09967285204322651,5,0.001,0.1,0.9778021361310213,0.9898233775842439,0.991246569248308,0.9934594409820924,0.9941742720362977,0.9964232467593803,0.996690575778008,0.9962199042922097,0.9959957891753568,1.0,0.9958740752286573,0.9964747607112288
3,10,1.802998598481788,0.5033170480843404,3889,2.0391056424095515,0.44598765432098764,648,2.0408242285822906,0.4349,0.9953638174721687,0.08311889572519701,,,0.8817848466168968,,0.8818008718260987,0.11819912817390132,0.9944339978672962,0.09967168289364474,5,0.001,0.1,0.9734772488581563,0.9868913284175418,0.9882215229148216,0.9920260354755391,0.9917718301533706,0.995005416488266,0.9947745719642783,0.9960142441594715,0.9959046578311328,0.9958740752286573,1.0,0.9951519043472081
3,11,1.8299447394218766,0.5106831970456344,3791,2.0497881889343263,0.4177215189873418,632,2.040827212242273,0.4348,0.9962545380067106,0.08313209968688758,,,0.8849140436354125,,0.8849324866374769,0.11506751336252308,0.9944368842907739,0.09967190329385116,5,0.001,0.1,0.9767408731476044,0.9878750863319204,0.990041650211165,0.9926979381514474,0.9936956327687098,0.9951046451993604,0.9960905868049386,0.9950430895811389,0.9968776770348605,0.9964747607112288,0.9951519043472081,1.0
4,0,1.3216880849363275,0.6194302410518627,8214,1.9423825602198757,0.49233016800584367,1369,1.941778882243001,0.5069,0.9894550695409097,0.08248947226725802,,,0.7,,0.7000125651211567,0.2999874348788433,0.9966134764043725,0.09964441620753414,5,0.001,0.1,1.0,0.9949564699002889,0.9929753254134128,0.9901701401060813,0.9875856030595281,0.9856711105013231,0.9863766130075063,0.9823126339586289,0.9823909310528735,0.9785409882382565,0.9768274036130278,0.9794795506334805
4,1,1.4342564293481772,0.5762093094006693,6574,1.943677500316075,0.5054744525547445,1096,1.9413848300330556,0.5073,0.9968937605542987,0.08331794619377905,,,0.9303979689457496,,0.9304133924860576,0.06958660751394241,0.9967742195453387,0.09969405578953046,5,0.001,0.1,0.9949564699002889,1.0,0.9971788102457464,0.9963816589300712,0.9948017146562383,0.9950804925433843,0.9945895024921612,0.9923162800076049,0.9921359480354417,0.9899115992865365,0.9889308475268109,0.9898639058996667
4,2,1.4603458218811625,0.6119315234307453,5783,1.9376616054965603,0.5394190871369294,964,1.941382656463038,0.5074,0.9977808772727047,0.0834659410284984,,,0.9715552199373217,,0.9715738297522738,0.0284261702477262,0.9967753267913847,0.09969446080729837,5,0.001,0.1,0.9929753254134128,0.9971788102457464,1.0,0.9975440237029123,0.996846424325608,0.9953551691853965,0.9959597601331612,0.9937252481837536,0.9933517214478083,0.9915010931196101,0.9905802921470445,0.9917032880663266
4,3,1.5092523635870003,0.5752979005106866,5287,1.950193967138018,0.4982973893303065,881,1.9413825970488234,0.5074,0.9981613399945917,0.08354317021097786,,,0.9930325968552982,,0.9930456887136215,0.006954311286378467,0.9967752537790164,0.0996944828165298,5,0.001,0.1,0.9901701401060813,0.9963816589300712,0.9975440237029123,1.0,0.9973542571534699,0.9960835182493178,0.9965032636304761,0.994925858422147,0.9946789061010795,0.992142205313031,0.9925470185468993,0.9929048563649653
4,4,1.555637855145239,0.5737386018237082,4935,1.9424975972909193,0.5085158150851582,822,1.941382570388599,0.5074,0.9983386234044692,0.08351801969625806,,,0.986038257837637,,0.9860527155159915,0.013947284484008504,0.9967752872638133,0.0996944813817306,5,0.001,0.1,0.9875856030595281,0.9948017146562383,0.996846424325608,0.9973542571534699,1.0,0.9962839062388332,0.996890210485099,0.9951218121472397,0.9956842075073357,0.9944501284990659,0.9935903376308552,0.9947247736759237
4,5,1.5804139565115105,0.5598885793871866,4667,1.9371599578857421,0.5051413881748072,778,1.9413825981914046,0.5074,0.9987476641431711,0.08356637300516666,,,0.999485276274449,,0.999492562414823,0.0005074375851770174,0.9967752474218489,0.09969448283108606,5,0.001,0.1,0.9856711105013231,0.9950804925433843,0.9953551691853965,0.9960835182493178,0.9962839062388332,1.0,0.9978438811826981,0.9968705137333757,0.9968154377381487,0.9963759920031181,0.9958299636027265,0.9960018559063216
4,6,1.5840900129931315,0.583471816752751,4453,1.927452380458514,0.5215633423180593,742,1.9413826080937735,0.5074,0.9988286938060883,0.08356822386764402,,,0.9999999997219008,,1.0,0.0,0.9967752474235418,0.09969448283109149,5,0.001,0.1,0.9863766130075063,0.9945895024921612,0.9959597601331612,0.9965032636304761,0.996890210485099,0.9978438811826981,1.0,0.9967323989202549,0.9969820803070564,0.9960716695711537,0.9951204606468538,0.9961136098233354
4,7,1.615090388682351,0.5700257189618891,4277,1.9340435577475505,0.49789621318373073,713,1.9413831443451464,0.5074,0.9975966097646302,0.08342482542318959,,,0.9601210013676384,,0.9601395694996182,0.039860430500381794,0.9967738039456867,0.09969443879650029,5,0.001,0.1,0.9823126339586289,0.9923162800076049,0.9937252481837536,0.994925858422147,0.9951218121472397,0.9968705137333757,0.9967323989202549,1.0,0.9955685383048858,0.9956502636066811,0.9959655995310099,0.9952321042689987
4,8,1.6251814543283902,0.5518043109711794,4129,1.9396681731397456,0.49709302325581395,688,1.9413833827637255,0.5074,0.9977689876684702,0.08341978940357399,,,0.9587204881422221,,0.9587429079556548,0.041257092044345245,0.9967742683215006,0.09969443851950245,5,0.001,0.1,0.9823909310528735,0.9921359480354417,0.9933517214478083,0.9946789061010795,0.9956842075073357,0.9968154377381487,0.9969820803070564,0.9955685383048858,1.0,0.9955673315052936,0.9964225723132698,0.9968921326756619
4,9,1.6391021601737492,0.574206448387903,4001,1.946637403397333,0.49025487256371814,667,1.9413868287881724,0.5073,0.9966126832431547,0.08330149450341004,,,0.9258227663649492,,0.9258464542194643,0.07415354578053568,0.9967741046541254,0.09969405238110747,5,0.001,0.1,0.9785409882382565,0.9899115992865365,0.9915010931196101,0.992142205313031,0.9944501284990659,0.9963759920031181,0.9960716695711537,0.9956502636066811,0.9955673315052936,1.0,0.9961688667981188,0.9962553785096697
4,10,1.6489300393667377,0.5484186166109539,3889,1.9367502133051555,0.5262345679012346,648,1.9413981567175624,0.5075,0.996219997180893,0.08317864654825918,,,0.8916588434582249,,0.8916789901508781,0.10832100984912185,0.9967684974274995,0.09969320689454574,5,0.001,0.1,0.9768274036130278,0.9889308475268109,0.9905802921470445,0.9925470185468993,0.9935903376308552,0.9958299636027265,0.9951204606468538,0.9959655995310099,0.9964225723132698,0.9961688667981188,1.0,0.9959479360281248
4,11,1.675401194356069,0.5555262463729886,3791,1.9533185064792633,0.5079113924050633,632,1.9414016587284808,0.5075,0.9968191027589189,0.08320609785198523,,,0.8992930301488695,,0.8993098848841592,0.1006901151158408,0.9967645919673552,0.09969341144886464,5,0.001,0.1,0.9794795506334805,0.9898639058996667,0.9917032880663266,0.9929048563649653,0.9947247736759237,0.9960018559063216,0.9961136098233354,0.9952321042689987,0.9968921326756619,0.9962553785096697,0.9959479360281248,1.0
5,0,1.2240789787778594,0.6423423423423423,8214,1.8307431464971498,0.5551497443389335,1369,1.8303207665586625,0.565,0.9898909649538693,0.08258355890941171,,,1.0,,1.0,0.0,0.996548057531011,0.0997081963433726,5,0.001,0.1,1.0,0.9945894589214058,0.992669233428594,0.990235789919141,0.9873637834363489,0.9864251224570221,0.9870432822965254,0.9833206982043226,0.9833234843165786,0.9794556539279808,0.9788224569195292,0.9808771354578238
5,1,1.3243782283611667,0.6051718892607241,6574,1.8322891541889736,0.5684306569343066,1096,1.8298516090685568,0.565,0.9968586468077762,0.08331692774705005,,,1.0,,1.0,0.0,0.9970814078269656,0.0997081963433726,5,0.001,0.1,0.9945894589214058,1.0,0.9970388204302973,0.9961278002397029,0.9942800367554836,0.9950955478045227,0.9946882336523917,0.9928074475813641,0.9923931979094543,0.9899937417570057,0.98997329916309,0.9903894356324854
5,2,1.3377417011814223,0.640255922531558,5783,1.8257719701336277,0.5985477178423236,964,1.829849613741183,0.565,0.9979684016417457,0.08344357623534429,,,1.0,,1.0,0.0,0.997084961513593,0.0997081963433726,5,0.001,0.1,0.992669233428594,0.9970388204302973,1.0,0.9973995836676381,0.9966703679873598,0.9956874162462696,0.9961397228863692,0.9945585376920157,0.9940246839447273,0.9918197848161424,0.9919964068803737,0.9926159473569923
5,3,1.3829795331840056,0.6105541895214678,5287,1.8411862339292253,0.5516458569807038,881,1.829849440830584,0.565,0.9983896976433788,0.08350456952095509,,,1.0,,1.0,0.0,0.9970851426429624,0.0997081963433726,5,0.001,0.1,0.990235789919141,0.9961278002397029,0.9973995836676381,1.0,0.9972958276224285,0.996455918887563,0.9968895978389417,0.9954337030732996,0.9953854983768338,0.9929791103306812,0.9937325479814368,0.9936960007275456
5,4,1.4244231043323394,0.6034853090172239,4935,1.8296984846775348,0.5608272506082725,822,1.8298494187406837,0.565,0.9981751930295876,0.08348220986261895,,,1.0,,1.0,0.0,0.9970851121966395,0.0997081963433726,5,0.001,0.1,0.9873637834363489,0.9942800367554836,0.9966703679873598,0.9972958276224285,1.0,0.9960869319850906,0.9969426713651657,0.995411128604146,0.995567925513303,0.9942783619272414,0.9941719645378003,0.994972365745721
5,5,1.4473609053925292,0.5965716734518963,4667,1.8274667072296142,0.5514138817480719,778,1.8298494351176788,0.565,0.9986924947410561,0.08352858543550203,,,1.0,,1.0,0.0,0.997085148593592,0.0997081963433726,5,0.001,0.1,0.9864251224570221,0.9950955478045227,0.9956874162462696,0.996455918887563,0.9960869319850906,1.0,0.9977290043093391,0.9971339117570891,0.9966587916986122,0.9959126095118869,0.9960858009903507,0.995952303831699
5,6,1.4490403353316443,0.6101953739052324,4453,1.8145174632469814,0.5741239892183289,742,1.829849452637255,0.565,0.9988390664020607,0.08353445460020772,,,1.0,,1.0,0.0,0.9970851485940415,0.0997081963433726,5,0.001,0.1,0.9870432822965254,0.9946882336523917,0.9961397228863692,0.9968895978389417,0.9969426713651657,0.9977290043093391,1.0,0.9968861477222593,0.9970794185251826,0.9958787490010637,0.9957068473567067,0.9959950218022569
5,7,1.4773787160417926,0.6021042787000234,4277,1.8209797765897668,0.5638148667601683,713,1.8298501298069574,0.565,0.9978680024729626,0.08341510542120363,,,1.0,,1.0,0.0,0.9970848253516068,0.0997081963433726,5,0.001,0.1,0.9833206982043226,0.9928074475813641,0.9945585376920157,0.9954337030732996,0.995411128604146,0.9971339117570891,0.9968861477222593,1.0,0.996203747083717,0.9956930057785028,0.9964261753081832,0.995465350016399
5,8,1.4861388591161142,0.5898280455316057,4129,1.8261169466105374,0.5683139534883721,688,1.8298503899345764,0.565,0.9978969299898237,0.08341294953262508,,,1.0,,1.0,0.0,0.9970848235393084,0.0997081963433726,5,0.001,0.1,0.9833234843165786,0.9923931979094543,0.9940246839447273,0.9953854983768338,0.995567925513303,0.9966587916986122,0.9970794185251826,0.996203747083717,1.0,0.9954111967490188,0.9967457439379963,0.9968965404364342
5,9,1.5023953060309092,0.6020994751312172,4001,1.8369621833165486,0.5502248875562219,667,1.829853809679659,0.565,0.996553381564428,0.08329697458941819,,,1.0,,1.0,0.0,0.9970814179393518,0.0997081963433726,5,0.001,0.1,0.9794556539279808,0.9899937417570057,0.9918197848161424,0.9929791103306812,0.9942783619272414,0.9959126095118869,0.9958787490010637,0.9956930057785028,0.9954111967490188,1.0,0.996122388090073,0.9960530096405403
5,10,1.5107714398962553,0.5828233479043456,3889,1.8215306997299194,0.5848765432098766,648,1.8298653508908451,0.565,0.9967492902380406,0.08322792211180827,,,1.0,,1.0,0.0,0.9970725239976037,0.0997081963433726,5,0.001,0.1,0.9788224569195292,0.98997329916309,0.9919964068803737,0.9937325479814368,0.9941719645378003,0.9960858009903507,0.9957068473567067,0.9964261753081832,0.9967457439379963,0.996122388090073,1.0,0.9961533465440152
5,11,1.5340944628755586,0.5827486151411237,3791,1.8449723839759826,0.5522151898734177,632,1.829869701077763,0.565,0.997009390773452,0.08325316603385494,,,1.0,,1.0,0.0,0.9970750330319289,0.0997081963433726,5,0.001,0.1,0.9808771354578238,0.9903894356324854,0.9926159473569923,0.9936960007275456,0.994972365745721,0.995952303831699,0.9959950218022569,0.995465350016399,0.9968965404364342,0.9960530096405403,0.9961533465440152,1.0
6,0,1.143599985638481,0.6595325054784514,8214,1.7099185294883197,0.6048210372534697,1369,1.7095932598692922,0.6055,0.9901078003340305,0.08265271079345426,,,1.0,,1.0,0.0,0.9979832231440947,0.09969427714725364,5,0.001,0.1,1.0,0.9944639362724998,0.9923047963598808,0.9899876208655065,0.9871234202959286,0.9866428088950155,0.986909525567891,0.9836413131263936,0.9835775626746281,0.9793604192820986,0.9798674338684138,0.9811853942560005
6,1,1.2333249835713396,0.6269242470337694,6574,1.7116153853280203,0.5976277372262774,1096,1.7090576605294079,0.6055,0.996647935412048,0.08331395119994588,,,1.0,,1.0,0.0,0.9979832231440947,0.09969427714725364,5,0.001,0.1,0.9944639362724998,1.0,0.996414759216454,0.9956098062672074,0.9937531937260417,0.9946645403028679,0.9941253879038162,0.9923768048043811,0.9919868500266052,0.9897353995292291,0.9901526912574801,0.9899181133533276
6,2,1.2351236255129399,0.6574096489711223,5783,1.704451164891643,0.6400414937759336,964,1.7090554035509737,0.6055,0.9978733993132275,0.08343124466168952,,,1.0,,1.0,0.0,0.9979832231440947,0.09969427714725364,5,0.001,0.1,0.9923047963598808,0.996414759216454,1.0,0.9969450794923264,0.9964125033553443,0.9953090307659682,0.9957116649612998,0.9944312657689645,0.9937149163245733,0.9918847682131684,0.9922076690490815,0.9924902737041855
6,3,1.2771281940391266,0.6337809721959523,5287,1.7230159725461687,0.583427922814983,881,1.7090550901029056,0.6055,0.9981770215899647,0.08347847792524803,,,1.0,,1.0,0.0,0.9979832231440947,0.09969427714725364,5,0.001,0.1,0.9899876208655065,0.9956098062672074,0.9969450794923264,1.0,0.9967792829131497,0.9961752062088433,0.996277394291085,0.9951659885409299,0.9947163134381546,0.9927511188341126,0.9937175615228357,0.9933077870085392
6,4,1.314690769257084,0.6276393110435664,4935,1.7073595294585595,0.6094890510948905,822,1.709055103433018,0.6055,0.997900540379762,0.08345582800872875,,,1.0,,1.0,0.0,0.9979832231440947,0.09969427714725364,5,0.001,0.1,0.9871234202959286,0.9937531937260417,0.9964125033553443,0.9967792829131497,1.0,0.9954560029420247,0.9964585372677507,0.9949623347372414,0.994845246923135,0.9937054174961987,0.9941861123702157,0.9944223151093736
6,5,1.3342803601532767,0.619670023569745,4667,1.709328866004944,0.5848329048843187,778,1.7090550939115092,0.6055,0.9985429789511389,0.08350503392631199,,,1.0,,1.0,0.0,0.9979832231440947,0.09969427714725364,5,0.001,0.1,0.9866428088950155,0.9946645403028679,0.9953090307659682,0.9961752062088433,0.9954560029420247,1.0,0.9973312761733039,0.9965931762149494,0.9963700981497855,0.9957028098200895,0.9957996815561019,0.9957404754742786
6,6,1.3317458797352655,0.6310352571300247,4453,1.6927971442540486,0.6078167115902965,742,1.709055096958392,0.6055,0.9986104707176141,0.0835108151661616,,,1.0,,1.0,0.0,0.9979832231440947,0.09969427714725364,5,0.001,0.1,0.986909525567891,0.9941253879038162,0.9957116649612998,0.996277394291085,0.9964585372677507,0.9973312761733039,1.0,0.9964475873835309,0.9965866447143443,0.9954895343337665,0.9956791210770939,0.9955749606961354
6,7,1.3587572157382966,0.6228197334580313,4277,1.6988000610600347,0.6129032258064516,713,1.7090561104277833,0.6055,0.9976829012694324,0.08340762169462947,,,1.0,,1.0,0.0,0.9979832231440947,0.09969427714725364,5,0.001,0.1,0.9836413131263936,0.9923768048043811,0.9944312657689645,0.9951659885409299,0.9949623347372414,0.9965931762149494,0.9964475873835309,1.0,0.9957296890279773,0.9953182018973112,0.9958579064978551,0.9949546551048908
6,8,1.3680414010928228,0.609736013562606,4129,1.7027070684866472,0.6031976744186046,688,1.7090562989536566,0.6055,0.9976161825684795,0.0834041440031274,,,1.0,,1.0,0.0,0.9979832231440947,0.09969427714725364,5,0.001,0.1,0.9835775626746281,0.9919868500266052,0.9937149163245733,0.9947163134381546,0.994845246923135,0.9963700981497855,0.9965866447143443,0.9957296890279773,1.0,0.9947597886510363,0.9962644785418404,0.9961322886945121
6,9,1.379295392547335,0.6270932266933267,4001,1.7179858571007138,0.6056971514242878,667,1.7090595625459957,0.6055,0.9963909544367808,0.08329340777344497,,,1.0,,1.0,0.0,0.9979832231440947,0.09969427714725364,5,0.001,0.1,0.9793604192820986,0.9897353995292291,0.9918847682131684,0.9927511188341126,0.9937054174961987,0.9957028098200895,0.9954895343337665,0.9953182018973112,0.9947597886510363,1.0,0.9959969966430633,0.9953025163273006
6,10,1.390143014954739,0.6066855232707636,3889,1.6961705287297566,0.6126543209876543,648,1.7090705080915944,0.6055,0.9968728686702896,0.08326659911457017,,,1.0,,1.0,0.0,0.9979832231440947,0.09969427714725364,5,0.001,0.1,0.9798674338684138,0.9901526912574801,0.9922076690490815,0.9937175615228357,0.9941861123702157,0.9957996815561019,0.9956791210770939,0.9958579064978551,0.9962644785418404,0.9959969966430633,1.0,0.9960453609103691
6,11,1.4122739299004818,0.6065418095489317,3791,1.727459579706192,0.6028481012658228,632,1.7090750197633007,0.6055,0.9968133005547102,0.08328016573268793,,,1.0,,1.0,0.0,0.9979832231440947,0.09969427714725364,5,0.001,0.1,0.9811853942560005,0.9899181133533276,0.9924902737041855,0.9933077870085392,0.9944223151093736,0.9957404754742786,0.9955749606961354,0.9949546551048908,0.9961322886945121,0.9953025163273006,0.9960453609103691,1.0
7,0,1.076505837180735,0.6722668614560506,8214,1.583949790444485,0.6289262235208181,1369,1.583682960976427,0.629,0.9899251589826893,0.08270284874331384,,,1.0,,1.0,0.0,0.9982349843379983,0.09965175616255831,5,0.001,0.1,1.0,0.993787371310653,0.9917092530380882,0.989268467130352,0.9861730482870515,0.9862517193248393,0.9862815832204727,0.9832135844660432,0.9818587216436679,0.978506871268411,0.9799042290877744,0.9808753434515336
