round,client_id,client_i_training_loss,client_i_training_accuracy,client_i_training_dataset_size,client_i_evaluation_loss,client_i_evaluation_accuracy,client_i_evaluation_dataset_size,client_i_central_evaluation_loss,client_i_central_evaluation_accuracy,client_i_cosine_similarity,client_i_importance_coefficient,client_i_tanh_val,tanh_normalization_value,client_i_q,client_i_mask_order,client_i_v_nonzero_fraction,client_i_v_sparsity,client_i_v_cosine_similarity,client_i_reward_gradient_norm,local_epochs,learning_rate,gamma,client_0_cosine_similarity,client_1_cosine_similarity,client_2_cosine_similarity,client_3_cosine_similarity,client_4_cosine_similarity,client_5_cosine_similarity,client_6_cosine_similarity,client_7_cosine_similarity,client_8_cosine_similarity,client_9_cosine_similarity,client_10_cosine_similarity,client_11_cosine_similarity
0,0,0.28107486951603383,0.912490869247626,8214,2.2048407820768134,0.24908692476260044,1369,2.206195282859924,0.244,0.7862683949914252,0.08385471274724621,,,0.918169593186912,,0.9181818181818182,0.08181818181818179,0,0.3911850712771156,5,0.1,0.5,1.0,0.5518053592879961,0.5556115780943662,0.5555741412728336,0.5610979637386095,0.5735015050016878,0.5498545722426189,0.5513355288268265,0.5434752519236483,0.5455422371757115,0.5515436601454582,0.5524904248424813
0,1,0.3114196311370515,0.9042592029205963,6574,2.2041750022343227,0.2518248175182482,1096,2.2061806296388182,0.2438,0.7918197388706739,0.08444675784192493,,,0.9599999999293458,,0.9600020079313287,0.03999799206867127,0,0.39119553758728554,5,0.1,0.5,0.5518053592879961,1.0,0.5728281647377825,0.5666641203204597,0.5940809646047176,0.5751036394739135,0.5734556112598151,0.568228237736043,0.5622716679721874,0.5882700729383855,0.5738610265902172,0.5932428314147139
0,2,0.3273299758729026,0.9000864603147155,5783,2.20449080774861,0.24481327800829875,964,2.2061956941891023,0.2441,0.7871865043378345,0.08395262816137722,,,0.9250877175599832,,0.9251091812660007,0.07489081873399928,0,0.39118802570445255,5,0.1,0.5,0.5556115780943662,0.5728281647377825,1.0,0.5695602878665654,0.5882506253329378,0.5901196600502935,0.5878090328693367,0.5766070918860596,0.5673304761010214,0.5795948104013038,0.5808842596991859,0.5719464026239297
0,3,0.30427522152684716,0.9041044070361264,5287,2.2063266890389577,0.24404086265607264,881,2.2061940854349835,0.2448,0.7801530225675192,0.08320251459046456,,,0.872089126648047,,0.8721048140153607,0.12789518598463934,0,0.39114787751646335,5,0.1,0.5,0.5555741412728336,0.5666641203204597,0.5695602878665654,1.0,0.5732452960895305,0.5847091955316869,0.5668724039488804,0.5742453690185316,0.5763967759672708,0.5865250082171728,0.5865684149632507,0.5823702147137403
0,4,0.35473157068654415,0.8870111448834853,4935,2.2061771704600406,0.22749391727493917,822,2.2061843833984276,0.2444,0.7831259638481664,0.0835195757094045,,,0.8944907911271124,,0.894498268159229,0.10550173184077105,0,0.3911700259755864,5,0.1,0.5,0.5610979637386095,0.5940809646047176,0.5882506253329378,0.5732452960895305,1.0,0.5889690025324645,0.5792929794197744,0.5741246286494112,0.5657727081482825,0.5845514048936445,0.5644358458920984,0.5874466737201149
0,5,0.3435660500857622,0.8920505678165845,4667,2.204882984161377,0.2570694087403599,778,2.206182478334957,0.2439,0.7901955751857606,0.08427354246137488,,,0.9477616250359838,,0.947778725967572,0.052221274032428044,0,0.3911939233582932,5,0.1,0.5,0.5735015050016878,0.5751036394739135,0.5901196600502935,0.5847091955316869,0.5889690025324645,1.0,0.5830012635960038,0.6004576525039954,0.5828415592713433,0.5956099571224053,0.5947746968137954,0.5957916217418198
0,6,0.3737619068659842,0.8816079047832922,4453,2.206253240505854,0.2398921832884097,742,2.2062240979922847,0.2445,0.7777351137580442,0.082944647111676,,,0.8538697348815721,,0.8538778173786457,0.14612218262135435,0,0.39112092613402755,5,0.1,0.5,0.5498545722426189,0.5734556112598151,0.5878090328693367,0.5668724039488804,0.5792929794197744,0.5830012635960038,1.0,0.5889804084867776,0.5907542658385513,0.5896146539873461,0.5802509993100883,0.5856813429493439
0,7,0.3613019477075605,0.8894552256254384,4277,2.2117380266604214,0.2244039270687237,713,2.206222378788665,0.2445,0.7778100473676276,0.08295263870379233,,,0.8544343735412793,,0.8544450579790172,0.14555494202098285,0,0.3911218183825612,5,0.1,0.5,0.5513355288268265,0.568228237736043,0.5766070918860596,0.5742453690185316,0.5741246286494112,0.6004576525039954,0.5889804084867776,1.0,0.5920388688655346,0.5815975223772369,0.5869589012532315,0.6037714039041168
0,8,0.3740702948618967,0.8800193751513684,4129,2.2127513235265557,0.21656976744186046,688,2.2063530824435786,0.2437,0.770586021834245,0.08218220383722596,,,0.8,,0.8,0.19999999999999996,0,0.39098572847954083,5,0.1,0.5,0.5434752519236483,0.5622716679721874,0.5673304761010214,0.5763967759672708,0.5657727081482825,0.5828415592713433,0.5907542658385513,0.5920388688655346,1.0,0.5867192820523252,0.585620832201912,0.5951971416252065
0,9,0.38819667347318804,0.8741314671332167,4001,2.1976983093080067,0.27886056971514245,667,2.2062249625452792,0.2445,0.7779659112681229,0.08296926142789894,,,0.855608836967793,,0.8556297374629788,0.14437026253702123,0,0.39112404154005975,5,0.1,0.5,0.5455422371757115,0.5882700729383855,0.5795948104013038,0.5865250082171728,0.5845514048936445,0.5956099571224053,0.5896146539873461,0.5815975223772369,0.5867192820523252,1.0,0.5811665451810759,0.5956630950230914
0,10,0.39894543620223394,0.8727179223450758,3889,2.2097717353275845,0.2361111111111111,648,2.206274645777937,0.2443,0.77330350430028,0.08247202053726964,,,0.8204767348847904,,0.8204959590382009,0.17950404096179906,0,0.39104982990334247,5,0.1,0.5,0.5515436601454582,0.5738610265902172,0.5808842596991859,0.5865684149632507,0.5644358458920984,0.5947746968137954,0.5802509993100883,0.5869589012532315,0.585620832201912,0.5811665451810759,1.0,0.5936192332595495
0,11,0.3829981081359902,0.8800844104457927,3791,2.2060862302780153,0.25,632,2.206192482774631,0.2448,0.7804060234210144,0.08322949687034481,,,0.8739955350489842,,0.874002309121028,0.12599769087897195,0,0.3911499547443692,5,0.1,0.5,0.5524904248424813,0.5932428314147139,0.5719464026239297,0.5823702147137403,0.5874466737201149,0.5957916217418198,0.5856813429493439,0.6037714039041168,0.5951971416252065,0.5956630950230914,0.5936192332595495,1.0
1,0,0.25517841094727933,0.9205015826637448,8214,2.048911532690359,0.6734842951059167,1369,2.054219203254285,0.6549,0.78926165171226,0.08384542286946896,,,0.940892160558709,,0.94090658099493,0.059093419005070036,0.9544838065495838,0.39234587898656015,5,0.1,0.5,1.0,0.6169293823985591,0.605052560507135,0.6025548670403055,0.6010184258205661,0.6188016493854256,0.6050784834445075,0.6082860182889408,0.60334015407176,0.3445838521059711,0.6082541594913267,0.6142408744251752
1,1,0.279286669441544,0.9151810161241254,6574,2.0537774903433665,0.6614963503649635,1096,2.05419531226539,0.6549,0.8038727602774893,0.084755491555641,,,0.9536148794749129,,0.9536268259625521,0.046373174037447895,0.9544879057188974,0.3923486276688799,5,0.1,0.5,0.6169293823985591,1.0,0.616408617421492,0.6156755415018165,0.6128315537405479,0.6279663731883743,0.6110369568552637,0.6222626762034104,0.6344809631183367,0.34872516648213286,0.6260537773337238,0.6311836517602519
1,2,0.2894005777314305,0.910945875842988,5783,2.049338290768285,0.6504149377593361,964,2.0542167668906264,0.6548,0.8044568193462825,0.08444564531060113,,,0.949283243036058,,0.949294714120777,0.05070528587922296,0.9544834135400635,0.39234782896335507,5,0.1,0.5,0.605052560507135,0.616408617421492,1.0,0.6241785648154609,0.6240739648094877,0.634682608710951,0.6124287660525453,0.6233912095165139,0.619709875331339,0.35634842204868555,0.6257331693107913,0.6291429886123681
1,3,0.2671472837026399,0.9173066010970304,5287,2.0526530742645264,0.6617480136208853,881,2.0542143118648104,0.6557,0.812342057359448,0.08422157948967436,,,0.9461508130319333,,0.9461723809045731,0.05382761909542688,0.9544111812365038,0.392347186962318,5,0.1,0.5,0.6025548670403055,0.6156755415018165,0.6241785648154609,1.0,0.6279568342099379,0.6409206961679946,0.6304212683909717,0.6371744965600916,0.6390342704349468,0.3530438092831511,0.6379504902185749,0.6403595764124823
1,4,0.31310152048725753,0.9053698074974671,4935,2.0550226248227634,0.6289537712895377,822,2.0542098931230295,0.6553,0.804898822448935,0.08417163918717792,,,0.9454526498702878,,0.945469604939511,0.054530395060488956,0.9544590356260261,0.39234699285098457,5,0.1,0.5,0.6010184258205661,0.6128315537405479,0.6240739648094877,0.6279568342099379,1.0,0.6278441458716527,0.6176236484958004,0.6259403550942271,0.6305525428505531,0.34966549768022914,0.6315977354592822,0.6285340974001411
1,5,0.29760558569089396,0.906578101564174,4667,2.055074939727783,0.6812339331619537,778,2.054201342046451,0.655,0.8201421314709932,0.08521222555038425,,,0.95999999998602,,0.9600020079313287,0.03999799206867127,0.9544911659849876,0.3923494850694771,5,0.1,0.5,0.6188016493854256,0.6279663731883743,0.634682608710951,0.6409206961679946,0.6278441458716527,1.0,0.6248413702346683,0.6419409698259596,0.6449621318428338,0.3618180560001175,0.6414270830537687,0.6527227528101348
1,6,0.3354645754370306,0.9001571973950147,4453,2.0518518139918647,0.6401617250673854,742,2.0542407748036493,0.6553,0.802666817918123,0.08370866319242011,,,0.9389802664823597,,0.938994026404297,0.061005973595703034,0.9543402445549809,0.39234533563458035,5,0.1,0.5,0.6050784834445075,0.6110369568552637,0.6124287660525453,0.6304212683909717,0.6176236484958004,0.6248413702346683,1.0,0.6247563782914982,0.6292593822685177,0.35756756913435606,0.6234305853040255,0.6228576042849273
1,7,0.32016402434196267,0.9041384147767126,4277,2.0636273156041685,0.6437587657784011,713,2.0542430363524073,0.6555,0.8115637194209583,0.08402710818655487,,,0.9434321130431839,,0.9434466141257969,0.05655338587420311,0.9543481901475662,0.39234652210428483,5,0.1,0.5,0.6082860182889408,0.6222626762034104,0.6233912095165139,0.6371744965600916,0.6259403550942271,0.6419409698259596,0.6247563782914982,1.0,0.6328808421822992,0.3499719505164395,0.6370239359821316,0.6391393708098271
1,8,0.3267870585313246,0.9001695325744732,4129,2.05850887298584,0.6308139534883721,688,2.054379123087508,0.6552,0.8150877594155572,0.08363597441283081,,,0.9379640806437209,,0.937975001254957,0.06202499874504297,0.954067334272448,0.3923450385032607,5,0.1,0.5,0.60334015407176,0.6344809631183367,0.619709875331339,0.6390342704349468,0.6305525428505531,0.6449621318428338,0.6292593822685177,0.6328808421822992,1.0,0.35630342916154534,0.6446757225322345,0.6441343939233045
1,9,0.5547094507644741,0.8622844288927768,4001,2.0456101440248036,0.679160419790105,667,2.0544950093705054,0.6548,0.5197104026465789,0.07376726706832973,,,0.8,,0.8,0.19999999999999996,0.9539291353181082,0.39213058035245596,5,0.1,0.5,0.3445838521059711,0.34872516648213286,0.35634842204868555,0.3530438092831511,0.34966549768022914,0.3618180560001175,0.35756756913435606,0.3499719505164395,0.35630342916154534,1.0,0.35470675025239884,0.363982967485137
1,10,0.343776051796301,0.8936487528927745,3889,2.0610643114362444,0.6327160493827161,648,2.0543020834176304,0.6553,0.8136283223959098,0.08377840001095004,,,0.9399551840394053,,0.9399628532704182,0.060037146729581825,0.9541994975807352,0.3923456140585259,5,0.1,0.5,0.6082541594913267,0.6260537773337238,0.6257331693107913,0.6379504902185749,0.6315977354592822,0.6414270830537687,0.6234305853040255,0.6370239359821316,0.6446757225322345,0.35470675025239884,1.0,0.6335463945812286
1,11,0.33780510371723094,0.8968082300184648,3791,2.058363950252533,0.6582278481012658,632,2.0542130595959796,0.6557,0.8177683170175553,0.08443058316596662,,,0.9490726749378785,,0.9490838813312584,0.05091611866874157,0.9544165729624625,0.3923478109006589,5,0.1,0.5,0.6142408744251752,0.6311836517602519,0.6291429886123681,0.6403595764124823,0.6285340974001411,0.6527227528101348,0.6228576042849273,0.6391393708098271,0.6441343939233045,0.363982967485137,0.6335463945812286,1.0
2,0,0.23726050703920396,0.9279279279279279,8214,1.8452947056570719,0.872899926953981,1369,1.8548524928169128,0.844,0.7961058240230365,0.08311680158451996,,,0.9245620709366928,,0.9245770794638823,0.07542292053611765,0.9643066614663064,0.4060359821478096,5,0.1,0.5,1.0,0.618771013390333,0.6146495436049536,0.6205755574870656,0.6040717554610132,0.6203961282619933,0.6100246219990275,0.6059647056641013,0.6159187599219127,0.612759256102436,0.6136846643752395,0.6186145857730052
2,1,0.2524588000811456,0.925007605719501,6574,1.8563239131655012,0.8394160583941606,1096,1.8548195647736327,0.844,0.808844594205092,0.08416151794881035,,,0.9455919452199755,,0.9456101601325234,0.054389839867476586,0.9643190494508123,0.4060423199973676,5,0.1,0.5,0.618771013390333,1.0,0.6305154500228036,0.6300431897173182,0.6238432982388195,0.6330723645327901,0.6204265390026814,0.620486426074787,0.6270171173540076,0.6242103164769557,0.6237724755736149,0.6234412589251065
2,2,0.2609141759841976,0.9212519453570811,5783,1.8474149204069568,0.8412863070539419,964,1.8548489828079273,0.844,0.8104352567759683,0.08401204991854756,,,0.942583191846105,,0.9426032829677226,0.057396717032277444,0.9643217693050689,0.4060416985918949,5,0.1,0.5,0.6146495436049536,0.6305154500228036,1.0,0.6322697240706473,0.6149611788141724,0.6324046995585726,0.6349061987994598,0.6209399948413213,0.6299168774334285,0.6275656721549523,0.6277041415432247,0.6269849278172054
2,3,0.24227903511779136,0.9272177038017779,5287,1.8512405369962965,0.8558456299659478,881,1.854841821490766,0.8439,0.8190314607104335,0.08416299777737908,,,0.945621733792094,,0.9456402791024547,0.05435972089754526,0.9643207540609894,0.40604232291145137,5,0.1,0.5,0.6205755574870656,0.6300431897173182,0.6322697240706473,1.0,0.627802225628604,0.6434204643903468,0.6362141167590749,0.6333301773532313,0.6409404765016664,0.6363381915539705,0.6393962057292693,0.6374988678356271
2,4,0.2853829285021751,0.9128672745694022,4935,1.856662855698512,0.8260340632603407,822,1.8548462451837313,0.8439,0.805658416421611,0.0836647528121736,,,0.9355921895648752,,0.9356106621153557,0.0643893378846443,0.9643150644469519,0.4060399170089759,5,0.1,0.5,0.6040717554610132,0.6238432982388195,0.6149611788141724,0.627802225628604,1.0,0.6295034753308278,0.6214825796906124,0.6172930734839311,0.6353894687851882,0.6261453454370077,0.6216048554830662,0.6256859043908312
2,5,0.27085847466329294,0.9165202485536748,4667,1.8573552370071411,0.8624678663239075,778,1.8548115865110208,0.8439,0.8207409495288125,0.08487727736717358,,,0.9599999999798703,,0.9600020079313287,0.03999799206867127,0.9643211456323906,0.4060444303255925,5,0.1,0.5,0.6203961282619933,0.6330723645327901,0.6324046995585726,0.6434204643903468,0.6295034753308278,1.0,0.6380808365033925,0.6318518082069245,0.639514709055441,0.6314759750318183,0.6452205854361456,0.6445656347481077
2,6,0.291585503549182,0.9142600494048956,4453,1.8490418444077175,0.8288409703504043,742,1.854863303918808,0.8438,0.8152571119023583,0.0836926588655721,,,0.9361539313110301,,0.9361728828874053,0.0638271171125947,0.96431350990861,0.4060400736268401,5,0.1,0.5,0.6100246219990275,0.6204265390026814,0.6349061987994598,0.6362141167590749,0.6214825796906124,0.6380808365033925,1.0,0.6315554093574222,0.6403351548731739,0.6449985309451185,0.6306156806200328,0.6361013499112524
2,7,0.2892007341107993,0.9130231470657002,4277,1.868969238322714,0.8316970546984572,713,1.8548680658157641,0.844,0.8089936917720888,0.08368525001722879,,,0.936004793081201,,0.936027307866071,0.06397269213392898,0.964314239270816,0.40604005073205807,5,0.1,0.5,0.6059647056641013,0.620486426074787,0.6209399948413213,0.6333301773532313,0.6172930734839311,0.6318518082069245,0.6315554093574222,1.0,0.6312631374680523,0.6221482895494259,0.6299898022236482,0.6353197956367499
2,8,0.29430681547687315,0.9089367885686607,4129,1.8569068637761204,0.8343023255813954,688,1.8550015939310336,0.8437,0.8183474249084748,0.08375212114004263,,,0.9373508917487682,,0.9373676020280106,0.06263239797198938,0.9643143141341137,0.40604038389099095,5,0.1,0.5,0.6159187599219127,0.6270171173540076,0.6299168774334285,0.6409404765016664,0.6353894687851882,0.639514709055441,0.6403351548731739,0.6312631374680523,1.0,0.6383711511152492,0.6379604968491149,0.6374231525400541
2,9,0.3069300065795052,0.9065733566608348,4001,1.8465558120182581,0.8500749625187406,667,1.855418723993027,0.8439,0.8097196134846506,0.07692884096599593,,,0.8,,0.8,0.19999999999999996,0.9635587390451643,0.40580552512654255,5,0.1,0.5,0.612759256102436,0.6242103164769557,0.6275656721549523,0.6363381915539705,0.6261453454370077,0.6314759750318183,0.6449985309451185,0.6221482895494259,0.6383711511152492,1.0,0.6404191965457287,0.6289408175165945
2,10,0.3099774280776743,0.9059398302905631,3889,1.8642472312563942,0.8302469135802469,648,1.854928055129493,0.8437,0.8153559783009345,0.08374219374180303,,,0.9371510557510994,,0.9371718287234576,0.06282817127654239,0.9643129331237672,0.40604035448307785,5,0.1,0.5,0.6136846643752395,0.6237724755736149,0.6277041415432247,0.6393962057292693,0.6216048554830662,0.6452205854361456,0.6306156806200328,0.6299898022236482,0.6379604968491149,0.6404191965457287,1.0,0.6343664967165829
2,11,0.29875253524725176,0.9082563967290952,3791,1.863533729314804,0.8291139240506329,632,1.854838862586707,0.844,0.8162257040451508,0.08420353786075346,,,0.9464377953432846,,0.9464534912905979,0.05354650870940214,0.9643248219794117,0.4060424517726918,5,0.1,0.5,0.6186145857730052,0.6234412589251065,0.6269849278172054,0.6374988678356271,0.6256859043908312,0.6445656347481077,0.6361013499112524,0.6353197956367499,0.6374231525400541,0.6289408175165945,0.6343664967165829,1.0
3,0,0.2170973097159009,0.9331141952763574,8214,1.6165430129960525,0.9211102994886778,1369,1.630474288623554,0.9055,0.7921720836665339,0.08304696866149151,,,0.9303504908036068,,0.930369961347322,0.06963003865267803,0.9691795996065419,0.39849733049434344,5,0.1,0.5,1.0,0.6098028677249115,0.6113403435880899,0.6054936561064003,0.6141768301121114,0.6116895994656436,0.5988262278260584,0.6014124314127481,0.6007637235509593,0.5025350518737605,0.6081022746666962,0.6052276547645221
3,1,0.2338775990368093,0.9292972315181016,6574,1.6333297763551984,0.9005474452554745,1096,1.630419674772805,0.9055,0.8005171138901674,0.08403435503927097,,,0.9468610261252444,,0.9468751568696351,0.05312484313036492,0.9692046039905348,0.39850214094733466,5,0.1,0.5,0.6098028677249115,1.0,0.6167647565696632,0.6104486973896803,0.6238962776997037,0.6142021139214096,0.6090312073512938,0.6119811876483452,0.611156694162275,0.5042289351115454,0.6182742202193281,0.6141721996739122
3,2,0.2370907264643282,0.9290333736814802,5783,1.6210614519734536,0.8973029045643154,964,1.6304556576969524,0.9055,0.8055775188933558,0.08411211817560607,,,0.9481613387871118,,0.9481752924049998,0.05182470759500024,0.9692021796515686,0.39850240583121765,5,0.1,0.5,0.6113403435880899,0.6167647565696632,1.0,0.6270110248292866,0.625068810997351,0.6136551371751094,0.6166103345166981,0.6151449909141075,0.6147595880833622,0.510566616540673,0.6224764394651333,0.619834653201303
3,3,0.2201640919524144,0.9334216001513146,5287,1.624682366847992,0.9001135073779796,881,1.6304481585566608,0.9055,0.8092795714440928,0.0843422040829515,,,0.9520087095689338,,0.9520255007278751,0.04797449927212494,0.9692053836563962,0.398503065349943,5,0.1,0.5,0.6054936561064003,0.6104486973896803,0.6270110248292866,1.0,0.6262659654365654,0.6220528656682266,0.6187591773823108,0.6279035857704688,0.6254783919645307,0.5070461067000408,0.6286203867975315,0.6282655983490664
3,4,0.2622364629973327,0.9210536980749747,4935,1.6331241818574758,0.8965936739659367,822,1.630452708314402,0.9055,0.8107904003250261,0.08406358824099948,,,0.9473498477462077,,0.9473620802168565,0.05263791978314347,0.9691992099611162,0.3985022358656409,5,0.1,0.5,0.6141768301121114,0.6238962776997037,0.625068810997351,0.6262659654365654,1.0,0.6241481023327661,0.6197502843253881,0.6230537119622569,0.6233445714103217,0.5110282407798146,0.6224266955136759,0.6310702456259246
3,5,0.2428778992755313,0.9293336190272123,4667,1.6346238136291504,0.9203084832904884,778,1.6304140875514703,0.9055,0.8093547922625116,0.08482011053130649,,,0.9599999999832785,,0.9600020079313287,0.03999799206867127,0.9692183400383987,0.39850407711036706,5,0.1,0.5,0.6116895994656436,0.6142021139214096,0.6136551371751094,0.6220528656682266,0.6241481023327661,1.0,0.6153010061878978,0.626513113769849,0.626329673233415,0.5095811835822127,0.6309570372509744,0.6306663258863946
3,6,0.26537291276002567,0.9191107118796317,4453,1.6213881919781368,0.9070080862533693,742,1.6304641809707252,0.9055,0.8029362610912184,0.08380710180555476,,,0.9430610217635619,,0.9430751468299784,0.056924853170021605,0.9691981956247898,0.3985013473581814,5,0.1,0.5,0.5988262278260584,0.6090312073512938,0.6166103345166981,0.6187591773823108,0.6197502843253881,0.6153010061878978,1.0,0.6169595605899625,0.6232495001495619,0.5128069769372687,0.6147768621186311,0.6236069925107323
3,7,0.26311437413235433,0.9240589198036007,4277,1.6493928639785103,0.8920056100981767,713,1.6304689885709232,0.9055,0.8053158784262108,0.08388550710274806,,,0.9443720722883066,,0.944380302193665,0.05561969780633502,0.9691996199635103,0.39850161715989585,5,0.1,0.5,0.6014124314127481,0.6119811876483452,0.6151449909141075,0.6279035857704688,0.6230537119622569,0.626513113769849,0.6169595605899625,1.0,0.6229753531675806,0.5018425258772362,0.6167727876718202,0.6267059228691034
3,8,0.2765879916757023,0.9162509082102204,4129,1.6300740783864802,0.9084302325581395,688,1.630588127020449,0.9057,0.8090774155629947,0.08406173263375318,,,0.9473188192960764,,0.9473319612469253,0.052668038753074686,0.9692012335881242,0.3985022328530529,5,0.1,0.5,0.6007637235509593,0.611156694162275,0.6147595880833622,0.6254783919645307,0.6233445714103217,0.626329673233415,0.6232495001495619,0.6229753531675806,1.0,0.5173042086150276,0.6269341830026093,0.6356960525158757
3,9,0.31988319287849,0.9065733566608348,4001,1.6231245483670915,0.9205397301349325,667,1.6314453812072072,0.9051,0.6871469604550678,0.0752515643060874,,,0.8,,0.8,0.19999999999999996,0.9683504859868938,0.39823346681097244,5,0.1,0.5,0.5025350518737605,0.5042289351115454,0.510566616540673,0.5070461067000408,0.5110282407798146,0.5095811835822127,0.5128069769372687,0.5018425258772362,0.5173042086150276,1.0,0.5243330958309328,0.5083487047668995
3,10,0.27741044346914917,0.9173052198508614,3889,1.642386754353841,0.904320987654321,648,1.6305227550073935,0.9056,0.8106314551806227,0.0841095500953783,,,0.9481183967532093,,0.9481301139501029,0.05186988604989706,0.9692009195037091,0.39850240065071574,5,0.1,0.5,0.6081022746666962,0.6182742202193281,0.6224764394651333,0.6286203867975315,0.6224266955136759,0.6309570372509744,0.6147768621186311,0.6167727876718202,0.6269341830026093,0.5243330958309328,1.0,0.6296634685405778
3,11,0.2691219104140872,0.916697441308362,3791,1.6444301187992096,0.8860759493670886,632,1.6304451710880754,0.9055,0.8120214169600956,0.0844651993248524,,,0.9540653687770192,,0.9540786105115205,0.04592138948847946,0.9692090377417697,0.3985033681740767,5,0.1,0.5,0.6052276547645221,0.6141721996739122,0.619834653201303,0.6282655983490664,0.6310702456259246,0.6306663258863946,0.6236069925107323,0.6267059228691034,0.6356960525158757,0.5083487047668995,0.6296634685405778,1.0
4,0,0.20237374445785866,0.938300462624787,8214,1.3628601556600526,0.9430241051862673,1369,1.3807676474507244,0.9276,0.7874439619044772,0.08279213351961649,,,0.9149939506174037,,0.9150042668540735,0.08499573314592646,0.9684156095026821,0.3987427322169765,5,0.1,0.5,1.0,0.594927606509226,0.59674950278655,0.6012197387071547,0.5922783162968008,0.6102228017904853,0.585799428444656,0.5923641793438472,0.5880600406573017,0.5794790651361281,0.5994399724250001,0.5951418846694507
4,1,0.2180256357308007,0.9361728019470642,6574,1.3836394718715124,0.9306569343065694,1096,1.3806645287492405,0.9276,0.7945201992330672,0.08369647232221211,,,0.9359423670842903,,0.9359570302695648,0.06404296973043522,0.9684517471411868,0.39875347909588615,5,0.1,0.5,0.594927606509226,1.0,0.6007510589779792,0.6017047728412576,0.6067876258123148,0.6116780247736406,0.5886663961888481,0.6036970508133611,0.5941530874763381,0.5962556749200002,0.6007751003684321,0.6004100426201486
4,2,0.22373583894120067,0.9338059830537783,5783,1.369698097628932,0.91701244813278,964,1.3807023828402876,0.9276,0.7943315760888483,0.08374158591887952,,,0.9369873940239678,,0.937001154560514,0.06299884543948597,0.9684562526709889,0.3987538473093159,5,0.1,0.5,0.59674950278655,0.6007510589779792,1.0,0.6069939598069389,0.5956874117889263,0.6061997239901403,0.5932222940984695,0.5959777250586488,0.5890095456475389,0.6045502718160952,0.6069629698250648,0.6024507570076482
4,3,0.2034206602301628,0.9398902969547948,5287,1.3729028488908495,0.927355278093076,881,1.3806743023875423,0.9277,0.805917686905501,0.0843001430917657,,,0.9499260053548129,,0.9499372521459766,0.050062747854023426,0.9684737440923133,0.39875749359061,5,0.1,0.5,0.6012197387071547,0.6017047728412576,0.6069939598069389,1.0,0.6079647194010313,0.6200536883270239,0.6008750353936977,0.6133015861488913,0.6041758246100064,0.6193634217189276,0.618169997080882,0.6150522831611375
4,4,0.24016906879902367,0.9284701114488348,4935,1.3838353615540724,0.9197080291970803,822,1.3806973455812985,0.9277,0.7962233754080833,0.08377552868629354,,,0.937773656015366,,0.9377842477787259,0.06221575222127407,0.9684569235996646,0.3987541558742936,5,0.1,0.5,0.5922783162968008,0.6067876258123148,0.5956874117889263,0.6079647194010313,1.0,0.6078484171373483,0.592600158979162,0.6066550008237396,0.5952863621690201,0.602014758770211,0.6062746190316938,0.6030216585494784
4,5,0.2201339107032304,0.9360188557960145,4667,1.3853850507736205,0.9383033419023136,778,1.3806444753092317,0.9276,0.8092621530660348,0.0847350353543019,,,0.9599999999768356,,0.9600020079313287,0.03999799206867127,0.9684785194921574,0.3987592606278141,5,0.1,0.5,0.6102228017904853,0.6116780247736406,0.6061997239901403,0.6200536883270239,0.6078484171373483,1.0,0.6081061175960094,0.6078321825828062,0.61116210680354,0.6105646248873031,0.6257394139272566,0.6182191006029538
4,6,0.2454654055321589,0.9275993712104199,4453,1.368321215113004,0.9258760107816711,742,1.3806905228489885,0.9277,0.7921198381752791,0.0834613210590011,,,0.9304952419799378,,0.9305105165403343,0.06948948345966566,0.9684458294584497,0.3987512978435151,5,0.1,0.5,0.585799428444656,0.5886663961888481,0.5932222940984695,0.6008750353936977,0.592600158979162,0.6081061175960094,1.0,0.5979676521155138,0.600152573890839,0.6034631272444483,0.6025919720329505,0.6053488951850351
4,7,0.23864360047893515,0.928220715454758,4277,1.4052672645320063,0.908835904628331,713,1.3807068510939138,0.9277,0.7975045010862483,0.08370193936327018,,,0.936069007512189,,0.9360875458059335,0.06391245419406655,0.9684517924719097,0.3987535892467675,5,0.1,0.5,0.5923641793438472,0.6036970508133611,0.5959777250586488,0.6133015861488913,0.6066550008237396,0.6078321825828062,0.5979676521155138,1.0,0.5983931757394252,0.6013664075073757,0.602532463142465,0.6092222689509644
4,8,0.25067276808666067,0.9256962945023008,4129,1.379970442165028,0.9375,688,1.3808137566898577,0.9277,0.7938786224848802,0.0836922229612151,,,0.9358439334180273,,0.9358616535314492,0.06413834646855077,0.9684519892320574,0.39875346007478424,5,0.1,0.5,0.5880600406573017,0.5941530874763381,0.5890095456475389,0.6041758246100064,0.5952863621690201,0.61116210680354,0.600152573890839,0.5983931757394252,1.0,0.6040865622973892,0.6119454294547226,0.597933407233045
4,9,0.25727391446800163,0.9222694326418396,4001,1.3746117012841361,0.9355322338830585,667,1.382108089642022,0.9269,0.7937296842478102,0.07782786847497858,,,0.8,,0.8,0.19999999999999996,0.9674914104459655,0.39847294434882774,5,0.1,0.5,0.5794790651361281,0.5962556749200002,0.6045502718160952,0.6193634217189276,0.602014758770211,0.6105646248873031,0.6034631272444483,0.6013664075073757,0.6040865622973892,1.0,0.6108879721207634,0.6022458029876413
4,10,0.2562673130042118,0.9235278992028799,3889,1.3948311408360798,0.9274691358024691,648,1.3807386723570167,0.9277,0.8041024237443168,0.08408187984710022,,,0.9448700801467568,,0.9448772651975302,0.055122734802469764,0.9684710388614034,0.3987562970376351,5,0.1,0.5,0.5994399724250001,0.6007751003684321,0.6069629698250648,0.618169997080882,0.6062746190316938,0.6257394139272566,0.6025919720329505,0.602532463142465,0.6119454294547226,0.6108879721207634,1.0,0.6064524626211711
4,11,0.24756255832132923,0.9255077815879715,3791,1.3996239840984344,0.9082278481012658,632,1.3806741028167189,0.9277,0.8005445827578406,0.08419386940136549,,,0.9474642448734679,,0.9474775362682596,0.05252246373174041,0.9684735678934225,0.3987569344837962,5,0.1,0.5,0.5951418846694507,0.6004100426201486,0.6024507570076482,0.6150522831611375,0.6030216585494784,0.6182191006029538,0.6053488951850351,0.6092222689509644,0.597933407233045,0.6022458029876413,0.6064524626211711,1.0
5,0,0.1912535326290832,0.9422205989773558,8214,1.1121734949045403,0.9539810080350621,1369,1.1328855655825556,0.9388,0.7753911322886635,0.08278904607238123,,,0.9135647916912728,,0.9135786356106621,0.0864213643893379,0.9690555129987155,0.39039521428751756,5,0.1,0.5,1.0,0.5759793159719957,0.5832653141547509,0.5707308854785782,0.5786249570481442,0.5850168847579922,0.5611843586660323,0.568238156812234,0.5753631347080551,0.5247957590431455,0.5739545337895633,0.5676454336802791
5,1,0.20102190733977676,0.9414663827198053,6574,1.135823815209525,0.9379562043795621,1096,1.1327365311189963,0.9389,0.7825738693681146,0.08364798566903142,,,0.9344481144361526,,0.9344561016013252,0.0655438983986748,0.9690871334642454,0.3904069761752859,5,0.1,0.5,0.5759793159719957,1.0,0.5854239709345479,0.5781413105605289,0.5899373322753478,0.5834177101887827,0.5627340432120908,0.5681866404176897,0.5834923085908649,0.5436463141325286,0.5891443452160221,0.568331103543306
5,2,0.2062187647158846,0.9370223067611966,5783,1.1203536410485544,0.9263485477178424,964,1.1327725586038047,0.9389,0.7868388165112917,0.08382855401447004,,,0.9388382567115927,,0.9388484513829627,0.06115154861703731,0.9690965078123929,0.39040871693649326,5,0.1,0.5,0.5832653141547509,0.5854239709345479,1.0,0.5880753079074235,0.5825952668640827,0.5850964444771195,0.5727504147178184,0.5769466895428234,0.583636019435734,0.5402949594372772,0.5943348760416649,0.5753012159075613
5,3,0.18447339368425872,0.943900132400227,5287,1.1224360529865538,0.9409761634506243,881,1.1327377628213682,0.9388,0.7886605595376965,0.08426689841780162,,,0.9494956855737451,,0.9495005270819737,0.050499472918026256,0.9691131596857141,0.3904118891556828,5,0.1,0.5,0.5707308854785782,0.5781413105605289,0.5880753079074235,1.0,0.5829854850438195,0.5958331129963266,0.570084096164776,0.5836168423936726,0.5933739241275902,0.5444103682103889,0.5927895687814364,0.5819061373964344
5,4,0.21937324314348158,0.9338601823708207,4935,1.1361857102467463,0.9428223844282239,822,1.1327655442987388,0.9389,0.787430274294493,0.08387213947983517,,,0.9398979462913439,,0.9399026153305557,0.060097384669444254,0.9690978035826362,0.39040907857685886,5,0.1,0.5,0.5786249570481442,0.5899373322753478,0.5825952668640827,0.5829854850438195,1.0,0.5892782693603954,0.5669656669688663,0.5784659774474507,0.5917842092732507,0.5435881249848022,0.5886321087678682,0.5803575654179766
5,5,0.2031984235632093,0.9399185772444826,4667,1.137272129058838,0.9460154241645244,778,1.1327063043277485,0.939,0.7926532928085478,0.08469894516082785,,,0.9599999999756871,,0.9600020079313287,0.03999799206867127,0.9691191640777753,0.39041399464365784,5,0.1,0.5,0.5850168847579922,0.5834177101887827,0.5850964444771195,0.5958331129963266,0.5892782693603954,1.0,0.5721471453962369,0.5829343342597436,0.5977677086065749,0.5382229886456372,0.5971867285167751,0.5898499579049703
5,6,0.23606380825729242,0.9299797889063552,4453,1.1175236428777378,0.9407008086253369,742,1.1327862236827326,0.9389,0.7702330454627556,0.08305543270778032,,,0.9200414264903405,,0.92006425380252,0.07993574619748,0.9690751162954252,0.3903995707726766,5,0.1,0.5,0.5611843586660323,0.5627340432120908,0.5727504147178184,0.570084096164776,0.5669656669688663,0.5721471453962369,1.0,0.5611267027125617,0.578033722181657,0.5354083958482432,0.5692507258876032,0.5644498726674891
5,7,0.21699845815536134,0.9347673602992752,4277,1.161703936431719,0.9200561009817672,713,1.132775782015377,0.9389,0.7787116879623762,0.08351549495944356,,,0.9312268794857417,,0.9312484313036494,0.06875156869635057,0.9690851509727937,0.39040560012827447,5,0.1,0.5,0.568238156812234,0.5681866404176897,0.5769466895428234,0.5836168423936726,0.5784659774474507,0.5829343342597436,0.5611267027125617,1.0,0.588572430692504,0.5299194038191716,0.577296439162675,0.5760114167635656
5,8,0.22274102427600434,0.9311213368854444,4129,1.1310814835808494,0.9476744186046512,688,1.132857111315377,0.9388,0.7940820062579383,0.08405083300276694,,,0.9442425061723382,,0.9442548064856182,0.055745193514381786,0.9690976727883527,0.3904105122463971,5,0.1,0.5,0.5753631347080551,0.5834923085908649,0.583636019435734,0.5933739241275902,0.5917842092732507,0.5977677086065749,0.578033722181657,0.588572430692504,1.0,0.553735014267651,0.5993557381089549,0.590976615583906
5,9,0.2579962292662371,0.9232691827043239,4001,1.128655473391215,0.9400299850074962,667,1.1346077210606096,0.9388,0.737212853685183,0.07811807979174558,,,0.8,,0.8,0.19999999999999996,0.9681580060045698,0.3901205520494431,5,0.1,0.5,0.5247957590431455,0.5436463141325286,0.5402949594372772,0.5444103682103889,0.5435881249848022,0.5382229886456372,0.5354083958482432,0.5299194038191716,0.553735014267651,1.0,0.5487740396691648,0.535076439213099
5,10,0.2334222996485282,0.9286706094111596,3889,1.1488533587682814,0.9320987654320988,648,1.1327827603291398,0.9388,0.7917208195114371,0.08422858777642023,,,0.9485642423248237,,0.9485768786707495,0.05142312132925053,0.9691101052287054,0.39041171488708604,5,0.1,0.5,0.5739545337895633,0.5891443452160221,0.5943348760416649,0.5927895687814364,0.5886321087678682,0.5971867285167751,0.5692507258876032,0.577296439162675,0.5993557381089549,0.5487740396691648,1.0,0.5811581598003249
5,11,0.2286653413836445,0.9314165127934582,3791,1.1562955379486084,0.9240506329113924,632,1.1327386041418812,0.9388,0.7810664559428777,0.08392800294749608,,,0.941256149859279,,0.9412730284624266,0.05872697153757345,0.9691055788326917,0.39040957198762305,5,0.1,0.5,0.5676454336802791,0.568331103543306,0.5753012159075613,0.5819061373964344,0.5803575654179766,0.5898499579049703,0.5644498726674891,0.5760114167635656,0.590976615583906,0.535076439213099,0.5811581598003249,1.0
6,0,0.18379640002818307,0.9422936449963477,8214,0.8768872923629228,0.9569028487947406,1369,0.8993522543876696,0.9461,0.7631901284842963,0.08276989166230549,,,0.9124923572078071,,0.9125043923497816,0.08749560765021835,0.9659714478423415,0.38448200615130773,5,0.1,0.5,1.0,0.5606155032429684,0.5548163150768695,0.5507503219423896,0.5530472455673469,0.5640999282387621,0.5554665292802125,0.5444665044342119,0.5521518384548307,0.5102551734849192,0.5499302877988655,0.5472961027287835
6,1,0.18585680745117078,0.9441740188621843,6574,0.9018018194607326,0.9434306569343066,1096,0.8991958969317305,0.9461,0.7729682271137001,0.08369453048345692,,,0.9361797104362245,,0.9361979820290146,0.06380201797098539,0.9660191372899986,0.3844944871120555,5,0.1,0.5,0.5606155032429684,1.0,0.5672407993629439,0.5593906069033666,0.5662518558173972,0.5732201513131386,0.5548479541689061,0.5517236147337575,0.55394390082516,0.5262169426192115,0.5609052019216154,0.554632789017483
6,2,0.1920847080668527,0.9427978557841951,5783,0.8871770770319046,0.9346473029045643,964,0.8992293025738896,0.9461,0.7717542030776366,0.08377306982121349,,,0.938191727445687,,0.9382059133577632,0.061794086642236845,0.966022885086648,0.384495137926408,5,0.1,0.5,0.5548163150768695,0.5672407993629439,1.0,0.5647432173818195,0.5582702870556349,0.5686487216702881,0.5608074353499657,0.549998462002387,0.5544957317939456,0.5181269054971412,0.5627985299914527,0.5564104200512984
6,3,0.17025273246564399,0.9486287119349347,5287,0.8862160870007106,0.9489216799091941,881,0.8991876653969859,0.9461,0.7759830459957927,0.08421797245516567,,,0.9495892219068811,,0.9496009236484112,0.0503990763515888,0.9660468794928241,0.38449801546781615,5,0.1,0.5,0.5507503219423896,0.5593906069033666,0.5647432173818195,1.0,0.5674674904112179,0.5689407893969944,0.5599383739440763,0.5668293610093738,0.5650334759480359,0.5219193510510991,0.5648627428931887,0.5631906468198064
6,4,0.2076288074765715,0.9377912867274569,4935,0.9022466609111199,0.9476885644768857,822,0.8992182389615824,0.9461,0.7755746983730001,0.0839377683343165,,,0.9424109661006332,,0.942427588976457,0.057572411023543046,0.966027436447557,0.3844963540768346,5,0.1,0.5,0.5530472455673469,0.5662518558173972,0.5582702870556349,0.5674674904112179,1.0,0.5646475326649166,0.5655254270426716,0.5621625552344582,0.568909607460255,0.5297898629022921,0.5583495680643967,0.5576213215283561
6,5,0.1897461298623518,0.9439040068566531,4667,0.902165892124176,0.9562982005141388,778,0.8991667003677295,0.9461,0.7792444126130053,0.0846243584902274,,,0.959999999974382,,0.9600020079313287,0.03999799206867127,0.9660537071745496,0.38449959241224335,5,0.1,0.5,0.5640999282387621,0.5732201513131386,0.5686487216702881,0.5689407893969944,0.5646475326649166,1.0,0.5640063683994759,0.5600523958646118,0.5655003397861312,0.5234097934216754,0.5613019714969728,0.5672564051928914
6,6,0.2068256155155333,0.9376150909499213,4453,0.8828593119978905,0.9528301886792453,742,0.8992408272176505,0.9461,0.7727400826745137,0.0832875635465163,,,0.9257540508520908,,0.9257768184328096,0.07422318156719043,0.9659985758664741,0.3844902047876011,5,0.1,0.5,0.5554665292802125,0.5548479541689061,0.5608074353499657,0.5599383739440763,0.5655254270426716,0.5640063683994759,1.0,0.5583547875358963,0.564357999888729,0.5259600423714664,0.5585488396027661,0.5622405268998693
6,7,0.19994707500575973,0.9412204816460136,4277,0.930649863637012,0.9298737727910238,713,0.899221951397844,0.9461,0.7676200817591955,0.08341586041305607,,,0.9290407538612099,,0.9290547663269916,0.07094523367300842,0.9660190952430204,0.3844917604767573,5,0.1,0.5,0.5444665044342119,0.5517236147337575,0.549998462002387,0.5668293610093738,0.5621625552344582,0.5600523958646118,0.5583547875358963,1.0,0.5626913617689027,0.5175820232588614,0.5507546660386207,0.5553889879745227
6,8,0.19838012039183434,0.9395495277306853,4129,0.8970004374330695,0.9549418604651163,688,0.8992848066857067,0.9461,0.7752675244327751,0.08404717491007405,,,0.9452137385412858,,0.9452336730083831,0.054766326991616876,0.9660345380348931,0.38449708855371617,5,0.1,0.5,0.5521518384548307,0.55394390082516,0.5544957317939456,0.5650334759480359,0.568909607460255,0.5655003397861312,0.564357999888729,0.5626913617689027,1.0,0.5290319017427619,0.5658850313292091,0.5661644952961012
6,9,0.2477156793585949,0.9269182704323919,4001,0.8985496816181001,0.9430284857571214,667,0.9012329803107265,0.9463,0.7279980883077575,0.07837873830911501,,,0.8,,0.8,0.19999999999999996,0.965126668261069,0.38420116275959854,5,0.1,0.5,0.5102551734849192,0.5262169426192115,0.5181269054971412,0.5219193510510991,0.5297898629022921,0.5234097934216754,0.5259600423714664,0.5175820232588614,0.5290319017427619,1.0,0.5256576566400518,0.5197488145065822
6,10,0.21583778305345627,0.9371046541527385,3889,0.9162996950603667,0.9429012345679012,648,0.8992163508463973,0.9461,0.771895640215608,0.08404736823081854,,,0.9452186910228997,,0.945238692836705,0.05476130716329497,0.9660401487451874,0.3844970888192551,5,0.1,0.5,0.5499302877988655,0.5609052019216154,0.5627985299914527,0.5648627428931887,0.5583495680643967,0.5613019714969728,0.5585488396027661,0.5507546660386207,0.5658850313292091,0.5256576566400518,1.0,0.5570388735695238
