round,client_id,client_i_training_loss,client_i_training_accuracy,client_i_training_dataset_size,client_i_evaluation_loss,client_i_evaluation_accuracy,client_i_evaluation_dataset_size,client_i_central_evaluation_loss,client_i_central_evaluation_accuracy,client_i_cosine_similarity,client_i_importance_coefficient,client_i_tanh_val,tanh_normalization_value,client_i_q,client_i_mask_order,client_i_v_nonzero_fraction,client_i_v_sparsity,client_i_v_cosine_similarity,client_i_reward_gradient_norm,local_epochs,learning_rate,gamma,client_0_cosine_similarity,client_1_cosine_similarity,client_2_cosine_similarity,client_3_cosine_similarity,client_4_cosine_similarity,client_5_cosine_similarity,client_6_cosine_similarity,client_7_cosine_similarity,client_8_cosine_similarity,client_9_cosine_similarity,client_10_cosine_similarity,client_11_cosine_similarity
0,0,0.2824225118818624,0.9129778427075724,8214,2.176148303719454,0.42878013148283417,1369,2.182800845977978,0.3893,0.7936382223705821,0.08406559172903508,,,0.9658869494674688,,0.9659053260378495,0.03409467396215049,0,0.393789292525035,5,0.1,0.5,1.0,0.5560385431905215,0.5669658464920201,0.5688889550610292,0.5730710399590165,0.5601589304528829,0.5687448071898288,0.5798403857271676,0.5534782462102514,0.5470862526919703,0.5788547885416202,0.5716228508201759
0,1,0.3115003172941144,0.9041679342865835,6574,2.185656676973615,0.3795620437956204,1096,2.1828172983833776,0.3892,0.7874497667058465,0.08341008374985666,,,0.9038100987829489,,0.903825109181266,0.09617489081873398,0,0.393771273341548,5,0.1,0.5,0.5560385431905215,1.0,0.5661439729163966,0.5837074408603622,0.5835705264915788,0.5730207702257768,0.5879287883745705,0.5638190973737672,0.5703171733339806,0.5669064409952891,0.5844330571605888,0.5881891994126666
0,2,0.31634792516532856,0.9024727650008646,5783,2.181279751562303,0.3941908713692946,964,2.1828000179875775,0.3893,0.7898838384227358,0.08366791114957539,,,0.9282264499229882,,0.9282415541388485,0.07175844586115154,0,0.393782462948228,5,0.1,0.5,0.5669658464920201,0.5661439729163966,1.0,0.5818238963635741,0.5979991969627332,0.5802177242031094,0.6060006755796142,0.5873947479668543,0.5672455943450909,0.5815123921888576,0.5976974650189858,0.5868600468518724
0,3,0.3191328749453357,0.8983544543219217,5287,2.1802260960851396,0.40635641316685583,881,2.182798536440816,0.3892,0.7928167727146682,0.08397858023002518,,,0.9576469279826904,,0.9576627679333367,0.04233723206666329,0,0.39378857181369525,5,0.1,0.5,0.5688889550610292,0.5837074408603622,0.5818238963635741,1.0,0.593681475191505,0.5928989836398793,0.6151834790200695,0.586090054119164,0.5945610942656692,0.5824226918035991,0.5958915914525564,0.5953435229480509
0,4,0.344265182371732,0.8930901722391084,4935,2.1851281569554257,0.3880778588807786,822,2.1828024364507996,0.3891,0.7940899804393884,0.0841134438968139,,,0.9704185676452666,,0.9704332111841775,0.02956678881582253,0,0.3937895838461463,5,0.1,0.5,0.5730710399590165,0.5835705264915788,0.5979991969627332,0.593681475191505,1.0,0.5967617820742662,0.5992088101519467,0.5979722287691838,0.5912954367140361,0.5860680952888483,0.6093662523550493,0.6019326012369163
0,5,0.3406690878308799,0.8943218341547032,4667,2.1778643798828123,0.40102827763496146,778,2.182809134260915,0.3891,0.7844759729087566,0.0830950866539686,,,0.873979756043249,,0.8739922694643844,0.12600773053561565,0,0.39374417240496046,5,0.1,0.5,0.5601589304528829,0.5730207702257768,0.5802177242031094,0.5928989836398793,0.5967617820742662,1.0,0.5975760070920385,0.5985754683928625,0.5924637225422645,0.580343339089881,0.6034425997172801,0.5971712954879725
0,6,0.36406536889029667,0.8853357287222098,4453,2.17873814702034,0.38140161725067384,742,2.182804957746317,0.3891,0.7970389602929401,0.0844258125925218,,,0.9999999999052995,,1.0,0.0,0,0.39379019087509526,5,0.1,0.5,0.5687448071898288,0.5879287883745705,0.6060006755796142,0.6151834790200695,0.5992088101519467,0.5975760070920385,1.0,0.6069516197233216,0.6017377674155983,0.6012883987182484,0.6058694479775172,0.6142900642008138
0,7,0.37542290549669693,0.881739537058686,4277,2.1851934039074443,0.38288920056100983,713,2.182814774040978,0.3889,0.7835120043696354,0.08299297893868324,,,0.8643101172335866,,0.8643190602881381,0.1356809397118619,0,0.39373199244752766,5,0.1,0.5,0.5798403857271676,0.5638190973737672,0.5873947479668543,0.586090054119164,0.5979722287691838,0.5985754683928625,0.6069516197233216,1.0,0.5770520986854534,0.570333673615889,0.6045695443623542,0.6119175895259534
0,8,0.3733170182680568,0.884766287236619,4129,2.1878317161039873,0.3691860465116279,688,2.1829218399791293,0.3886,0.7728287046830722,0.08186135764770389,,,0.7571451579304315,,0.7571607851011496,0.2428392148988504,0,0.39339726504967504,5,0.1,0.5,0.5534782462102514,0.5703171733339806,0.5672455943450909,0.5945610942656692,0.5912954367140361,0.5924637225422645,0.6017377674155983,0.5770520986854534,1.0,0.5657962449446127,0.5986968888681252,0.5931887558366464
0,9,0.3895013601293959,0.8799800049987503,4001,2.188257410412743,0.37631184407796103,667,2.1830454832448747,0.3886,0.7671318906145878,0.08125792647196368,,,0.7,,0.7,0.30000000000000004,0,0.3929835495936544,5,0.1,0.5,0.5470862526919703,0.5669064409952891,0.5815123921888576,0.5824226918035991,0.5860680952888483,0.580343339089881,0.6012883987182484,0.570333673615889,0.5657962449446127,1.0,0.5933744848861996,0.5870612089038179
0,10,0.3755327339787952,0.8805862689637439,3889,2.1916641848427907,0.35030864197530864,648,2.182798289643309,0.3894,0.7908563913790538,0.08377092816344411,,,0.9379821996484284,,0.9379950805682445,0.062004919431755456,0,0.3937851845790547,5,0.1,0.5,0.5788547885416202,0.5844330571605888,0.5976974650189858,0.5958915914525564,0.6093662523550493,0.6034425997172801,0.6058694479775172,0.6045695443623542,0.5986968888681252,0.5933744848861996,1.0,0.6134949394679666
0,11,0.3822326487352868,0.8799261408599314,3791,2.1809991121292116,0.3639240506329114,632,2.1828141281018243,0.3894,0.7869797615941763,0.08336029877640841,,,0.8990954431856926,,0.8991064705587068,0.10089352944129315,0,0.3937676248904573,5,0.1,0.5,0.5716228508201759,0.5881891994126666,0.5868600468518724,0.5953435229480509,0.6019326012369163,0.5971712954879725,0.6142900642008138,0.6119175895259534,0.5931887558366464,0.5870612089038179,0.6134949394679666,1.0
1,0,0.2556098924268486,0.9220112003895787,8214,2.010103383729624,0.7414170927684441,1369,2.019091894832282,0.7323,0.7959420277826664,0.08335243325530191,,,0.9273426620813929,,0.9273580643541991,0.0726419356458009,0.9591976612618525,0.40465997376824286,5,0.1,0.5,1.0,0.6148519753238039,0.6061316365939432,0.6204356590670779,0.6176392477248966,0.6121319297624841,0.6022939967521828,0.6180669150111187,0.6115455006213844,0.5901010329297225,0.6148474007823014,0.6182693355682243
1,1,0.27759391378150183,0.9159415880742319,6574,2.023781190599714,0.7107664233576643,1096,2.0191206014194427,0.7323,0.8029837632164215,0.08316390661936374,,,0.9077307735974762,,0.9077506149289695,0.09224938507103053,0.9591405328664339,0.40464992984448667,5,0.1,0.5,0.6148519753238039,1.0,0.61248800199012,0.6266555295478721,0.6186206614720791,0.6201929622866599,0.6158959609423872,0.6214174615310589,0.6173476813117049,0.6027058621124124,0.6244334071465792,0.6232645236697477
1,2,0.2856578404742463,0.9138855265433167,5783,2.018200589764503,0.7406639004149378,964,2.019090386625296,0.7323,0.7992043025308747,0.08320288935967468,,,0.9117860369398215,,0.9118066362130415,0.08819336378695852,0.959168956576782,0.4046524029109325,5,0.1,0.5,0.6061316365939432,0.61248800199012,1.0,0.6205311966125454,0.6156120666364032,0.6105505114328811,0.614957605087731,0.6246566729561395,0.617367025102941,0.5969383936840662,0.6184567369665436,0.6223174569151898
1,3,0.2804088350362986,0.9150368829203708,5287,2.018240605081831,0.7525539160045402,881,2.019077725684681,0.7323,0.8153164682943814,0.08396964628221949,,,0.9915495737174662,,0.9915616685909342,0.008438331409065802,0.9592183018117225,0.40466928234726374,5,0.1,0.5,0.6204356590670779,0.6266555295478721,0.6205311966125454,1.0,0.6392802732147246,0.6367885408516228,0.622150345784551,0.6335871479711979,0.6344634248491555,0.6087559681103066,0.63812529332287,0.6344476161398624
1,4,0.3042145728247781,0.9074772036474165,4935,2.0205562068865848,0.7262773722627737,822,2.01908199017802,0.7324,0.8125979047718794,0.08396420759450215,,,0.9909838025388713,,0.9909994478188846,0.009000552181115395,0.9592209499067877,0.4046692784040056,5,0.1,0.5,0.6176392477248966,0.6186206614720791,0.6156120666364032,0.6392802732147246,1.0,0.6361576364501837,0.6153523121287744,0.6351450061834724,0.6294554127952557,0.6005913017454424,0.6373066873478461,0.6429289114783473
1,5,0.2982317490120457,0.9085922434111849,4667,2.0152391958236695,0.7313624678663239,778,2.019098567124754,0.7323,0.8140880818379803,0.08334220945837696,,,0.9262791096333451,,0.9262988805782842,0.07370111942171576,0.9591001759762328,0.4046595546239438,5,0.1,0.5,0.6121319297624841,0.6201929622866599,0.6105505114328811,0.6367885408516228,0.6361576364501837,1.0,0.6358808989658009,0.6383070998236867,0.6365206469880919,0.6030205225290566,0.6429673823453584,0.6344789776081631
1,6,0.3244286533870867,0.8998428026049854,4453,2.011765792965889,0.738544474393531,742,2.0190850781937377,0.7323,0.8091513860911694,0.08405087917424742,,,0.9999999998959728,,1.0,0.0,0.9592201252667978,0.40466929660290474,5,0.1,0.5,0.6022939967521828,0.6158959609423872,0.614957605087731,0.622150345784551,0.6153523121287744,0.6358808989658009,1.0,0.6373226081260844,0.6284884504448335,0.6010232945445739,0.6362408099938486,0.6438482785254996
1,7,0.3286934215380852,0.9000233808744447,4277,2.019343262133391,0.7391304347826086,713,2.019098478003432,0.7324,0.8181785550042391,0.0834171067365528,,,0.9340704599644203,,0.9340846343055067,0.0659153656944933,0.9590875333753033,0.4046624964843365,5,0.1,0.5,0.6180669150111187,0.6214174615310589,0.6246566729561395,0.6335871479711979,0.6351450061834724,0.6383070998236867,0.6373226081260844,1.0,0.6428249857993475,0.6063902660901268,0.6419160198637227,0.6476350462875746
1,8,0.326311179900177,0.8997820295471058,4129,2.0223715088584204,0.7165697674418605,688,2.0193659764128373,0.7325,0.8153324015368467,0.08256912573303847,,,0.8458574135975567,,0.8458762110335827,0.15412378896641732,0.9582619684067454,0.40456999443247754,5,0.1,0.5,0.6115455006213844,0.6173476813117049,0.617367025102941,0.6344634248491555,0.6294554127952557,0.6365206469880919,0.6284884504448335,0.6428249857993475,1.0,0.6106803688516215,0.6458074584077206,0.6503095540468342
1,9,0.35957226819092675,0.8929267683079231,4001,2.0268398239499046,0.697151424287856,667,2.019998928990227,0.7305,0.7865406877999536,0.08116701662280462,,,0.7,,0.7,0.30000000000000004,0.9568076474842327,0.4037728407424817,5,0.1,0.5,0.5901010329297225,0.6027058621124124,0.5969383936840662,0.6087559681103066,0.6005913017454424,0.6030205225290566,0.6010232945445739,0.6063902660901268,0.6106803688516215,1.0,0.6149933388175722,0.6138446307933385
1,10,0.32805988892576976,0.9001799948572898,3889,2.031099029949733,0.7438271604938271,648,2.0190768066686564,0.7323,0.8204173872799283,0.08400989226498855,,,0.9957362485714705,,0.9957532252396968,0.004246774760303218,0.9592114083539434,0.4046692946794111,5,0.1,0.5,0.6148474007823014,0.6244334071465792,0.6184567369665436,0.63812529332287,0.6373066873478461,0.6429673823453584,0.6362408099938486,0.6419160198637227,0.6458074584077206,0.6149933388175722,1.0,0.6508639396012661
1,11,0.32837941756925915,0.8958058559746769,3791,2.017215222120285,0.7436708860759493,632,2.0191005079890973,0.7325,0.8219255916251778,0.0837906868989294,,,0.9729329392521554,,0.9729431253451132,0.02705687465488682,0.9591776636802257,0.40466886098385774,5,0.1,0.5,0.6182693355682243,0.6232645236697477,0.6223174569151898,0.6344476161398624,0.6429289114783473,0.6344789776081631,0.6438482785254996,0.6476350462875746,0.6503095540468342,0.6138446307933385,0.6508639396012661,1.0
2,0,0.23693105901957487,0.9275140004869734,8214,1.8113070837287015,0.8531775018261505,1369,1.8228415890623586,0.8528,0.7971783799353962,0.08326848914430046,,,0.9360464253938099,,0.9360674664926459,0.06393253350735406,0.9665394799741013,0.399746264852932,5,0.1,0.5,1.0,0.6168066245998634,0.6166731153274329,0.6161577458569555,0.6203718561075972,0.625986426393047,0.5970832924845672,0.6138177644117889,0.4990350788044506,0.6134969107792604,0.6166863550057007,0.6109879241689494
2,1,0.25329312861318365,0.9235473075752966,6574,1.8295799902507237,0.8448905109489051,1096,1.8228751047731588,0.8528,0.8011128373332949,0.08328081574409611,,,0.9367303177659263,,0.9367501631444205,0.0632498368555795,0.9665034403998997,0.39974643827290607,5,0.1,0.5,0.6168066245998634,1.0,0.6154405120757332,0.6198366094488417,0.61680555115837,0.6333774403643142,0.610602440415863,0.6153391881615758,0.5029343409306374,0.6120073753258762,0.6219134507916375,0.6204348567474823
2,2,0.2558424173566147,0.9222548850077814,5783,1.8227498262159285,0.8464730290456431,964,1.822841872422459,0.8528,0.8068839358265982,0.08350855780721679,,,0.9493656805066926,,0.949375031373927,0.05062496862607302,0.9665127192838461,0.39974942525734236,5,0.1,0.5,0.6166731153274329,0.6154405120757332,1.0,0.6264353226260492,0.6213775041204094,0.6322715670896185,0.6142130826064904,0.6234838299826988,0.5074510377998965,0.6223005693239068,0.6358221793689941,0.6252634786233123
2,3,0.25064399671370546,0.9231322110837904,5287,1.8241770608084542,0.8717366628830874,881,1.8228314406574724,0.8528,0.8131483044888461,0.08423716049150115,,,0.9897893031071017,,0.9897946890216355,0.010205310978364523,0.9665660724497899,0.39975234350504796,5,0.1,0.5,0.6161577458569555,0.6198366094488417,0.6264353226260492,1.0,0.6324444714580177,0.6463025286548091,0.6254201370861703,0.6246032016517366,0.5135113440077216,0.6254317658210058,0.6354371537238185,0.6317461128033265
2,4,0.2729390348782462,0.9181357649442756,4935,1.82400643825531,0.8625304136253041,822,1.8228363190976957,0.8528,0.8111014487524801,0.08416195991661532,,,0.9856170982496568,,0.9856332513428041,0.014366748657195894,0.966566640276969,0.39975231306376846,5,0.1,0.5,0.6203718561075972,0.61680555115837,0.6213775041204094,0.6324444714580177,1.0,0.6384214156953965,0.6228200651722754,0.629166252697131,0.5110146887939117,0.6175046065878529,0.6321549556122484,0.6354125154821247
2,5,0.2689256699589936,0.9184486822369831,4667,1.8207398462295532,0.8470437017994858,778,1.8228442040495216,0.8529,0.8225729779436426,0.08414984371704606,,,0.9849448790974313,,0.9849505546910295,0.015049445308970455,0.9665524099025445,0.39975230334233053,5,0.1,0.5,0.625986426393047,0.6333774403643142,0.6322715670896185,0.6463025286548091,0.6384214156953965,1.0,0.6395328199340768,0.640105277815634,0.5170389323262394,0.630596338914834,0.6437290701743328,0.6429384183107119
2,6,0.29757346174480126,0.9090500785986975,4453,1.8127623895804088,0.8638814016172507,742,1.822842960540479,0.8528,0.8026397258456799,0.08392361403281606,,,0.972393424685339,,0.972406003714673,0.027593996285326994,0.9665648300474815,0.39975191321367703,5,0.1,0.5,0.5970832924845672,0.610602440415863,0.6142130826064904,0.6254201370861703,0.6228200651722754,0.6395328199340768,1.0,0.6222602895893576,0.5115593273662055,0.6057993799630638,0.6227685967668349,0.6237428427663474
2,7,0.28981017785619445,0.912415244330138,4277,1.8204957868741907,0.8653576437587658,713,1.8228443049775145,0.8527,0.8092436673517184,0.08373343519695135,,,0.9618421082361948,,0.9618543245820993,0.038145675417900704,0.9665517076724858,0.39975115376394565,5,0.1,0.5,0.6138177644117889,0.6153391881615758,0.6234838299826988,0.6246032016517366,0.629166252697131,0.640105277815634,0.6222602895893576,1.0,0.5099736186915095,0.6149573874996254,0.6325991370429169,0.6357837832832544
2,8,0.3628940746461292,0.897747638653427,4129,1.8238921598954634,0.8517441860465116,688,1.8238826990127563,0.8513,0.6904121499333178,0.07901394568445931,,,0.7,,0.7,0.30000000000000004,0.964426707653465,0.39881266587052594,5,0.1,0.5,0.4990350788044506,0.5029343409306374,0.5074510377998965,0.5135113440077216,0.5110146887939117,0.5170389323262394,0.5115593273662055,0.5099736186915095,1.0,0.5161435423806617,0.5206910335688681,0.5189531140668213
2,9,0.30367806263453706,0.9089727568107973,4001,1.8312163352966309,0.8245877061469266,667,1.8240163672846346,0.8509,0.8049320849765201,0.08208744787330124,,,0.8705210469617053,,0.8705386275789369,0.12946137242106315,0.9643121325821093,0.3996972884158521,5,0.1,0.5,0.6134969107792604,0.6120073753258762,0.6223005693239068,0.6254317658210058,0.6175046065878529,0.630596338914834,0.6057993799630638,0.6149573874996254,0.5161435423806617,1.0,0.6363404257456564,0.6367793284159734
2,10,0.2941986945473024,0.9116482386217537,3889,1.8371550128573464,0.8580246913580247,648,1.822829839520561,0.8528,0.8176458236332553,0.08442119993788369,,,0.999999999944519,,1.0,0.0,0.9665664638295701,0.3997523593313767,5,0.1,0.5,0.6166863550057007,0.6219134507916375,0.6358221793689941,0.6354371537238185,0.6321549556122484,0.6437290701743328,0.6227685967668349,0.6325991370429169,0.5206910335688681,0.6363404257456564,1.0,0.6424839546693739
2,11,0.2926396021885531,0.9095753099446057,3791,1.821916502714157,0.8417721518987342,632,1.8228545101305929,0.8528,0.815872885147781,0.0842135304538122,,,0.9884782844323495,,0.9884895336579489,0.011510466342051107,0.9665660420390911,0.3997523358710039,5,0.1,0.5,0.6109879241689494,0.6204348567474823,0.6252634786233123,0.6317461128033265,0.6354125154821247,0.6429384183107119,0.6237428427663474,0.6357837832832544,0.5189531140668213,0.6367793284159734,0.6424839546693739,1.0
3,0,0.21817532560447456,0.9344290236182128,8214,1.5938544938730639,0.9028487947406866,1369,1.6079831138586465,0.8942,0.7931626731373613,0.08372206157369587,,,0.9648653020221118,,0.964871241403544,0.03512875859645603,0.9646009293663799,0.3909170335333323,5,0.1,0.5,1.0,0.6085733561257748,0.6111342871364398,0.608663594685995,0.6164862377816329,0.6135490862331178,0.590160940696451,0.6168649071861959,0.4355257284079915,0.5293469302258038,0.5981076542557372,0.6033659751375512
3,1,0.233465897522921,0.9290538484940676,6574,1.6160216638020106,0.8895985401459854,1096,1.6080168748435122,0.8941,0.7985948209695762,0.08392178622766942,,,0.970636346216232,,0.9706540836303399,0.029345916369660108,0.9646021821607009,0.39091752383287937,5,0.1,0.5,0.6085733561257748,1.0,0.6093686302951515,0.6145575377249203,0.6107102849911672,0.6178544881508,0.602876834979634,0.6213272740429993,0.43425472984681546,0.5328455385050843,0.6157593053976833,0.6140441478179267
3,2,0.2359185256902643,0.9301400657098392,5783,1.6083820789091048,0.8890041493775933,964,1.6079797565746612,0.8941,0.7986827167452315,0.0840774036606345,,,0.9751329121891834,,0.9751518498067366,0.024848150193263363,0.9646115719951154,0.3909177651456089,5,0.1,0.5,0.6111342871364398,0.6093686302951515,1.0,0.6110125028837591,0.6119399369312785,0.6149856200410279,0.61403142209199,0.6158928124164921,0.4341253501205916,0.5372492564841266,0.6108653124019009,0.6114776123924515
3,3,0.22998969555798784,0.9290334783431057,5287,1.6119310600417,0.8989784335981839,881,1.6079677655674016,0.8942,0.8084885008474485,0.08491097952635926,,,0.9992190881546527,,0.9992269464384318,0.0007730535615682044,0.9646226763425676,0.39091810968899365,5,0.1,0.5,0.608663594685995,0.6145575377249203,0.6110125028837591,1.0,0.6234384521914318,0.6319075239292813,0.6202428825552452,0.6251489687842503,0.445394324560983,0.5455653488019647,0.6226463181064714,0.6221768987826812
3,4,0.25128980501705117,0.9263627152988855,4935,1.6080379944581251,0.8953771289537713,822,1.6079741998221546,0.8942,0.803027197622184,0.0846681203877539,,,0.9922016729585144,,0.9922192661010993,0.00778073389890066,0.9646232645057324,0.39091809586837317,5,0.1,0.5,0.6164862377816329,0.6107102849911672,0.6119399369312785,0.6234384521914318,1.0,0.6213840634631239,0.6064331492634419,0.6204514135682543,0.43874190463730367,0.533879433619056,0.6135811127069892,0.6226292657835407
3,5,0.24282861265978992,0.9252624812513391,4667,1.6070209741592407,0.8933161953727506,778,1.607970986884242,0.894,0.81091426506661,0.08493800537074349,,,0.999999999971105,,1.0,0.0,0.9646227115486758,0.3909181096992539,5,0.1,0.5,0.6135490862331178,0.6178544881508,0.6149856200410279,0.6319075239292813,0.6213840634631239,1.0,0.6245614401655072,0.6312655694860386,0.4428918168427665,0.5420326814032415,0.6252705486654261,0.6278767954887909
3,6,0.2648791527189314,0.920458118122614,4453,1.5956463168064754,0.8975741239892183,742,1.6079853057099607,0.8942,0.7994934416846629,0.08438394367812244,,,0.9839903864818837,,0.983996787309874,0.016003212690125945,0.9646242969919473,0.39091801359040734,5,0.1,0.5,0.590160940696451,0.602876834979634,0.61403142209199,0.6202428825552452,0.6064331492634419,0.6245614401655072,1.0,0.6202457344315914,0.44138079927604545,0.5387528742255723,0.6153055984162417,0.613909337831121
3,7,0.26653526714141135,0.9220014028524667,4277,1.602926466775977,0.9046283309957924,713,1.6079718640056282,0.8938,0.8094868487028348,0.08460882290217303,,,0.9904882720183746,,0.9905024848150193,0.009497515184980654,0.964624822596052,0.39091808639658904,5,0.1,0.5,0.6168649071861959,0.6213272740429993,0.6158928124164921,0.6251489687842503,0.6204514135682543,0.6312655694860386,0.6202457344315914,1.0,0.4399019023170085,0.539091600697005,0.6245132096206527,0.6272601818133468
3,8,0.395463830225904,0.9008476628723662,4129,1.6076913584362378,0.8982558139534884,688,1.6099640435684983,0.893,0.6139385472986262,0.0745555868393895,,,0.7,,0.7,0.30000000000000004,0.9620875650606804,0.3899174607036559,5,0.1,0.5,0.4355257284079915,0.43425472984681546,0.4341253501205916,0.445394324560983,0.43874190463730367,0.4428918168427665,0.44138079927604545,0.4399019023170085,1.0,0.39934759309793655,0.4344053471249042,0.4424109188636581
3,9,0.3121306492047131,0.9133216695826043,4001,1.6171508857182093,0.881559220389805,667,1.6093801751304357,0.8935,0.7229562770688005,0.08045651748558652,,,0.8705074004041073,,0.870528587922293,0.12947141207770696,0.9643872513601731,0.39084967176127133,5,0.1,0.5,0.5293469302258038,0.5328455385050843,0.5372492564841266,0.5455653488019647,0.533879433619056,0.5420326814032415,0.5387528742255723,0.539091600697005,0.39934759309793655,1.0,0.5404937885720348,0.5437236526861343
3,10,0.266162998653704,0.9190537413216765,3889,1.6248414629981631,0.8873456790123457,648,1.6079650934511862,0.8942,0.8046191875136872,0.08489784759061085,,,0.9988396408503231,,0.9988504593142915,0.0011495406857084944,0.9646229839855507,0.3909181096652393,5,0.1,0.5,0.5981076542557372,0.6157593053976833,0.6108653124019009,0.6226463181064714,0.6135811127069892,0.6252705486654261,0.6153055984162417,0.6245132096206527,0.4344053471249042,0.5404937885720348,1.0,0.6321142779640764
3,11,0.26135583506787524,0.9200738591400686,3791,1.609455692768097,0.8781645569620253,632,1.6079879770644556,0.8942,0.8074606348132413,0.08485892475726127,,,0.9977149655188012,,0.9977260177701922,0.0022739822298077916,0.9646227675437824,0.3909181092948919,5,0.1,0.5,0.6033659751375512,0.6140441478179267,0.6114776123924515,0.6221768987826812,0.6226292657835407,0.6278767954887909,0.613909337831121,0.6272601818133468,0.4424109188636581,0.5437236526861343,0.6321142779640764,1.0
4,0,0.20398683475787074,0.9373265157048941,8214,1.3555336026258247,0.9262235208181154,1369,1.371537642737928,0.9207,0.7911601948354363,0.08395790870267417,,,0.9534528967654696,,0.9534661914562522,0.04653380854374778,0.9650870051892584,0.3907488040863953,5,0.1,0.5,1.0,0.6035001757395096,0.6005743372721062,0.6081682444384479,0.594849739755234,0.5947010958035595,0.5814040519982414,0.5983738720399019,0.5730011143429641,0.46560775312215874,0.5935783726021827,0.5968636694063799
4,1,0.2143595348130369,0.9344386979008215,6574,1.3820525305611746,0.916970802919708,1096,1.371573093981027,0.9208,0.7915014227150047,0.08410369677461284,,,0.9586785475557117,,0.9586918327393203,0.04130816726067965,0.9650934656202242,0.3907496878974913,5,0.1,0.5,0.6035001757395096,1.0,0.5968548359670461,0.6054352438350981,0.59043554725996,0.5959331711997631,0.5820715144196118,0.6032567666512466,0.5726595131375274,0.4595444878915657,0.6050726377576486,0.5976810405855009
4,2,0.21867065199995567,0.9358464464810652,5783,1.3724464408812984,0.9201244813278008,964,1.3715369274821907,0.9208,0.7936819020355804,0.08428477624508045,,,0.9651691888363216,,0.9651874905878219,0.03481250941217806,0.9650960330614557,0.3907505418670559,5,0.1,0.5,0.6005743372721062,0.5968548359670461,1.0,0.6067381923274745,0.5947369760743749,0.5937390823206546,0.5907231473140367,0.6025632248947592,0.5698449060703633,0.4690124123708042,0.6047422160079615,0.6024249898069678
4,3,0.21084478707333287,0.9343294874219784,5287,1.377785086631775,0.9171396140749148,881,1.3715204545103323,0.9209,0.8054118390979758,0.08525650531811171,,,0.9999999999641558,,1.0,0.0,0.9651060961490784,0.39075178748270334,5,0.1,0.5,0.6081682444384479,0.6054352438350981,0.6067381923274745,1.0,0.6025023413399904,0.6167133245920979,0.600830235024474,0.6108398812794537,0.5894301993753318,0.48108091403063596,0.6076394615627001,0.6100157134648867
4,4,0.23338532624225464,0.931063829787234,4935,1.370478983108814,0.9330900243309003,822,1.371533143253753,0.9209,0.7886163198493676,0.08450183836870713,,,0.9729495980479788,,0.9729581848300788,0.027041815169921213,0.9651044167983996,0.3907512017341168,5,0.1,0.5,0.594849739755234,0.59043554725996,0.5947369760743749,0.6025023413399904,1.0,0.5976293228235335,0.5790569185083004,0.5933071910973553,0.5689393966886181,0.4644846837039007,0.5966307605522168,0.5993268206656457
4,5,0.22390137592407122,0.9329333619027212,4667,1.3715478801727294,0.9203084832904884,778,1.371517173398417,0.9206,0.7976509211387407,0.08500104367872476,,,0.9908431924147663,,0.9908588926258722,0.009141107374127766,0.96510594224751,0.3907517656388676,5,0.1,0.5,0.5947010958035595,0.5959331711997631,0.5937390823206546,0.6167133245920979,0.5976293228235335,1.0,0.6010437167163643,0.6069026976992563,0.5809322862561647,0.46440928912625523,0.6071379972666725,0.606333052878485
4,6,0.24613730316316443,0.9251740399730519,4453,1.355898881951968,0.931266846361186,742,1.3715462608459277,0.9209,0.7837115877620732,0.08413863365556551,,,0.9599308306618064,,0.9599417699914663,0.0400582300085337,0.965096681751423,0.39074985238465704,5,0.1,0.5,0.5814040519982414,0.5820715144196118,0.5907231473140367,0.600830235024474,0.5790569185083004,0.6010437167163643,1.0,0.592019062704833,0.5650381275610017,0.46094237933943355,0.5863347852967263,0.5977074220828493
4,7,0.24843706084387515,0.9260229132569558,4277,1.3627534223639446,0.9298737727910238,713,1.3715200393725508,0.9207,0.7985661718512322,0.08481284379249637,,,0.9840973258214656,,0.9841072235329552,0.01589277646704479,0.9651069167443682,0.39075167132906746,5,0.1,0.5,0.5983738720399019,0.6032567666512466,0.6025632248947592,0.6108398812794537,0.5933071910973553,0.6069026976992563,0.592019062704833,1.0,0.580154090699139,0.46653154814894265,0.6078553324925953,0.6137952118647706
4,8,0.28038464826519394,0.9210946960523129,4129,1.3692840500311418,0.9244186046511628,688,1.3746883713018399,0.9193,0.7664640677277677,0.076948402528391,,,0.702203044896533,,0.702223783946589,0.297776216053411,0.962430355335987,0.38974933619396135,5,0.1,0.5,0.5730011143429641,0.5726595131375274,0.5698449060703633,0.5894301993753318,0.5689393966886181,0.5809322862561647,0.5650381275610017,0.580154090699139,1.0,0.4633805524710061,0.5754655354661622,0.589553526478343
4,9,0.322434276138388,0.9125718570357411,4001,1.383294559660412,0.9025487256371814,667,1.37408825955071,0.9199,0.6526027202267438,0.07688694077352984,,,0.7,,0.7,0.30000000000000004,0.9628280555173243,0.3897224758203871,5,0.1,0.5,0.46560775312215874,0.4595444878915657,0.4690124123708042,0.48108091403063596,0.4644846837039007,0.46440928912625523,0.46094237933943355,0.46653154814894265,0.4633805524710061,1.0,0.4729080154588545,0.4700350116208362
4,10,0.2425314197858765,0.9267678066340962,3889,1.3912399893715268,0.9166666666666666,648,1.3715162460034647,0.9209,0.7989416633599211,0.0850196459289886,,,0.9915099744257967,,0.9915265297926811,0.008473470207318923,0.9651060984891163,0.3907517714857781,5,0.1,0.5,0.5935783726021827,0.6050726377576486,0.6047422160079615,0.6076394615627001,0.5966307605522168,0.6071379972666725,0.5863347852967263,0.6078553324925953,0.5754655354661622,0.4729080154588545,1.0,0.6200710323972202
4,11,0.24279992596144562,0.9259825903455553,3791,1.3750486075878143,0.9034810126582279,632,1.371537881156507,0.9208,0.8016137082038135,0.08508776423311754,,,0.9939516177308201,,0.9939611465287888,0.006038853471211247,0.9651065428315933,0.390751781702681,5,0.1,0.5,0.5968636694063799,0.5976810405855009,0.6024249898069678,0.6100157134648867,0.5993268206656457,0.606333052878485,0.5977074220828493,0.6137952118647706,0.589553526478343,0.4700350116208362,0.6200710323972202,1.0
5,0,0.19172497161008156,0.9428780131482835,8214,1.1277406950329625,0.9379108838568299,1369,1.1450720526539861,0.9335,0.7750517241406298,0.0844763304552818,,,0.9726926370507969,,0.9727071934139853,0.02729280658601474,0.9637056078270888,0.37851742953299017,5,0.1,0.5,1.0,0.5841526233996067,0.578278722063188,0.5825051062385497,0.5759491112857914,0.5751239425275626,0.5660454083282386,0.578140575636558,0.3351734972549706,0.5103928179101203,0.5573334217063248,0.5714066814566532
5,1,0.20463490919707325,0.9377852144812899,6574,1.1568532500948225,0.9324817518248175,1096,1.1451039615149696,0.9336,0.7811072194137137,0.08479087220381903,,,0.9787576528620362,,0.9787711460268059,0.021228853973194073,0.9637126321637823,0.3785178150311591,5,0.1,0.5,0.5841526233996067,1.0,0.5772637571696392,0.5840625871994962,0.5793331318086472,0.5787999003876572,0.5786213758288908,0.5772481018600227,0.3393050336946252,0.5214274715120241,0.574243515949257,0.5748324603106313
5,2,0.20388089659628947,0.939789036832094,5783,1.1474104773613714,0.9325726141078838,964,1.1450659310855804,0.9336,0.7809110291377162,0.08490650050880925,,,0.9809872058585902,,0.9809999498017168,0.019000050198283214,0.9637110972357724,0.3785179079544029,5,0.1,0.5,0.578278722063188,0.5772637571696392,1.0,0.5833698382121559,0.5815861088446723,0.5697240766360603,0.5801423226156992,0.57909031043263,0.34376546448421025,0.5238372757597457,0.5724133028129855,0.5777836405993175
5,3,0.194272463089865,0.9417060714961225,5287,1.1539188495704107,0.9262202043132803,881,1.1450533817370478,0.9337,0.7901145214892592,0.08589253544983448,,,0.9999999999807179,,1.0,0.0,0.9637195884537316,0.37851814939118755,5,0.1,0.5,0.5825051062385497,0.5840625871994962,0.5833698382121559,1.0,0.5931749660478044,0.5877315245849589,0.5944695267689966,0.5872319712391822,0.344792720468173,0.5201701854335113,0.5806963410170246,0.5863471092165624
5,4,0.21302378926786683,0.9373860182370821,4935,1.1429590789171367,0.9464720194647201,822,1.145068159118628,0.9335,0.7859078329141272,0.08523157449776225,,,0.9872553050600201,,0.9872697153757342,0.012730284624265842,0.9637179046150827,0.3785180770281297,5,0.1,0.5,0.5759491112857914,0.5793331318086472,0.5815861088446723,0.5931749660478044,1.0,0.5836090612898385,0.5804802595483783,0.5835397312992378,0.34097122566151783,0.5254972789735083,0.5778735800783698,0.5885330578639065
5,5,0.20506032205518487,0.9377330190700665,4667,1.145522527694702,0.9370179948586118,778,1.1450504494932132,0.9336,0.7832788348259847,0.08547592046319336,,,0.9919668009127773,,0.9919783143416495,0.008021685658350486,0.9637189178972172,0.3785181292797928,5,0.1,0.5,0.5751239425275626,0.5787999003876572,0.5697240766360603,0.5877315245849589,0.5836090612898385,1.0,0.5881270784112855,0.5837403493774579,0.33741265541161125,0.5199733767660503,0.5751096749166743,0.5844550753041073
5,6,0.21863216099994523,0.9334830451381091,4453,1.1262727205952008,0.9420485175202157,742,1.1450807781646046,0.9336,0.785190891690603,0.08496007324278868,,,0.9820201990308719,,0.9820340344360223,0.01796596556397767,0.9637122856504021,0.3785179535178794,5,0.1,0.5,0.5660454083282386,0.5786213758288908,0.5801423226156992,0.5944695267689966,0.5804802595483783,0.5881270784112855,1.0,0.5904312952055235,0.34145966442320164,0.5215602075468858,0.5805345757578877,0.5836281949601616
5,7,0.22563319220277134,0.9323825111059154,4277,1.1327679831048716,0.938288920056101,713,1.1450544991813147,0.9335,0.7856031500991425,0.08543131733441042,,,0.991106760290007,,0.9911249435269314,0.008875056473068632,0.9637193595219178,0.3785181244646564,5,0.1,0.5,0.578140575636558,0.5772481018600227,0.57909031043263,0.5872319712391822,0.5835397312992378,0.5837403493774579,0.5904312952055235,1.0,0.3312724197390292,0.5212924283699913,0.5783717413759611,0.5947273079047698
5,8,0.3356811332265632,0.921046258173892,4129,1.141475867141377,0.940406976744186,688,1.148793739061386,0.9326,0.5114254094455587,0.07033403939773236,,,0.7,,0.7,0.30000000000000004,0.9610909658983013,0.37750441454750727,5,0.1,0.5,0.3351734972549706,0.3393050336946252,0.34376546448421025,0.344792720468173,0.34097122566151783,0.33741265541161125,0.34145966442320164,0.3312724197390292,1.0,0.3069338205994089,0.3322267052515348,0.3409147782681657
5,9,0.27530732168967254,0.9230192451887028,4001,1.1593725000108992,0.9220389805097451,667,1.1477118631521352,0.9329,0.7146208957372692,0.07753435392795908,,,0.8388369641702822,,0.8388484513829627,0.1611515486170373,0.9613063436950426,0.37838058090984505,5,0.1,0.5,0.5103928179101203,0.5214274715120241,0.5238372757597457,0.5201701854335113,0.5254972789735083,0.5199733767660503,0.5215602075468858,0.5212924283699913,0.3069338205994089,1.0,0.5172931671742835,0.5242181821477342
5,10,0.22175391603291766,0.935201851375675,3889,1.1656520196369715,0.9212962962962963,648,1.1450488668280288,0.9336,0.7780341000196812,0.0853015936804251,,,0.9886054197965062,,0.9886200491943176,0.011379950805682437,0.963719441106195,0.37851809909627787,5,0.1,0.5,0.5573334217063248,0.574243515949257,0.5724133028129855,0.5806963410170246,0.5778735800783698,0.5751096749166743,0.5805345757578877,0.5783717413759611,0.3322267052515348,0.5172931671742835,1.0,0.5898092029836495
5,11,0.216331511034685,0.9351094697968874,3791,1.1503872662782668,0.9193037974683544,632,1.1450705674890511,0.9336,0.7869332527516014,0.08566488883798419,,,0.9956105022219375,,0.99562772953165,0.004372270468349981,0.9637196324542763,0.37851814582984555,5,0.1,0.5,0.5714066814566532,0.5748324603106313,0.5777836405993175,0.5863471092165624,0.5885330578639065,0.5844550753041073,0.5836281949601616,0.5947273079047698,0.3409147782681657,0.5242181821477342,0.5898092029836495,1.0
6,0,0.1851060125215798,0.9434136839542245,8214,0.8948880184528439,0.9474068663257852,1369,0.9120020357945475,0.942,0.7687830510511101,0.08408990841580802,,,0.9661996097272907,,0.9662165553938056,0.033783444606194424,0.9624918127274574,0.38470164301093385,5,0.1,0.5,1.0,0.5670258745513767,0.5588897445347201,0.554044624068249,0.5558394256262871,0.5501176479915455,0.5487352389775082,0.5636671612250111,0.5490090360443206,0.5402437804506568,0.5458589802547347,0.5565135040955701
6,1,0.18873434422528643,0.9440523273501673,6574,0.9236419677734375,0.9416058394160584,1096,0.912028595091055,0.942,0.7743311523899384,0.08449814486234362,,,0.9774138667488463,,0.9774258320365443,0.022574167963455682,0.9624958547074423,0.38470271779160925,5,0.1,0.5,0.5670258745513767,1.0,0.5603070652930573,0.5615580306331104,0.5533578906153965,0.5584541996737422,0.5550030625049256,0.5647271582519006,0.5566720674783537,0.5402529309825117,0.5667777643995829,0.5555637999047658
6,2,0.19186475723570223,0.9435932906795781,5783,0.9154623862235777,0.9429460580912863,964,0.9119941864531642,0.9421,0.764947879752375,0.08424357844809242,,,0.9704209262049652,,0.9704382310124994,0.029561768987500625,0.9624957232232391,0.3847021430530052,5,0.1,0.5,0.5588897445347201,0.5603070652930573,1.0,0.5518171094081379,0.5469071764148612,0.5392845353576433,0.5496525153017965,0.5575627093892858,0.5495278562159952,0.5335004626409618,0.5558304319760728,0.5493587345277191
6,3,0.17994438130099955,0.9446945337620579,5287,0.9226658237831933,0.9296254256526674,881,0.9119800125448086,0.9421,0.7766103180787897,0.08532035562053233,,,0.99999999997253,,1.0,0.0,0.9624949469758004,0.3847032638125523,5,0.1,0.5,0.554044624068249,0.5615580306331104,0.5518171094081379,1.0,0.5605523580397698,0.573985546865336,0.5648108415287131,0.5579469224545712,0.5686931022937414,0.5472706172821066,0.5600465073002278,0.5564726881234519
6,4,0.19667708469975378,0.940628166160081,4935,0.9079621892708999,0.9537712895377128,822,0.9119977311204417,0.9421,0.769047067499441,0.0846075777687893,,,0.9804199891808636,,0.9804327092013453,0.019567290798654713,0.9624955835905482,0.3847028940224616,5,0.1,0.5,0.5558394256262871,0.5533578906153965,0.5469071764148612,0.5605523580397698,1.0,0.5582676073448978,0.5483134365804762,0.5551797325143348,0.5569462109839446,0.5306180500955233,0.5625707263443122,0.5601541449357139
6,5,0.1901440338340065,0.9435183201199915,4667,0.9133429503440857,0.9434447300771208,778,0.9119750341287436,0.9419,0.7726727473408443,0.08490046971042309,,,0.9884657321342363,,0.9884744741729833,0.011525525827016714,0.9624953708533273,0.38470317756525885,5,0.1,0.5,0.5501176479915455,0.5584541996737422,0.5392845353576433,0.573985546865336,0.5582676073448978,1.0,0.5640248594296189,0.560730688255858,0.5608117130984162,0.5363618756572122,0.5618879670302874,0.5573323547196024
6,6,0.20412684049041543,0.9386481024028744,4453,0.8915273025631905,0.9487870619946092,742,0.9120081318453097,0.9422,0.7695509369055338,0.08444269278696037,,,0.9758905979887842,,0.9759048240550173,0.024095175944982672,0.9624957971142892,0.38470261509787224,5,0.1,0.5,0.5487352389775082,0.5550030625049256,0.5496525153017965,0.5648108415287131,0.5483134365804762,0.5640248594296189,1.0,0.5559389281607836,0.5563982055618597,0.5332982700308978,0.5586395217512082,0.559934579478076
6,7,0.2092110137482966,0.9378068739770867,4277,0.8958383720854054,0.9467040673211781,713,0.911980431872054,0.9419,0.7738978648045616,0.08491384774655196,,,0.9888332268468373,,0.9888459414688018,0.011154058531198219,0.9624954358921456,0.38470318630553246,5,0.1,0.5,0.5636671612250111,0.5647271582519006,0.5575627093892858,0.5579469224545712,0.5551797325143348,0.560730688255858,0.5559389281607836,1.0,0.5546823928259201,0.5370352378464679,0.5554935800741755,0.5688408646016546
6,8,0.20811887050280312,0.9379026398643739,4129,0.9076460003852844,0.9491279069767442,688,0.9164907294340408,0.9413,0.7639250488384726,0.07439935267632858,,,0.7,,0.7,0.30000000000000004,0.9597785512311724,0.3835644821414026,5,0.1,0.5,0.5490090360443206,0.5566720674783537,0.5495278562159952,0.5686931022937414,0.5569462109839446,0.5608117130984162,0.5563982055618597,0.5546823928259201,1.0,0.5365570570103111,0.563577886398902,0.5674558859593842
6,9,0.23078209862139792,0.9339165208697826,4001,0.9301609368551345,0.9295352323838081,667,0.9149588013228517,0.9417,0.7460319827374662,0.0786116853552912,,,0.8157127976276001,,0.815732141960745,0.18426785803925505,0.9617908699123248,0.3844592353815465,5,0.1,0.5,0.5402437804506568,0.5402529309825117,0.5335004626409618,0.5472706172821066,0.5306180500955233,0.5363618756572122,0.5332982700308978,0.5370352378464679,0.5365570570103111,1.0,0.5459852614494713,0.5386724198000657
6,10,0.2001754491757907,0.9403959886860376,3889,0.9320928028651646,0.9320987654320988,648,0.9119721778665488,0.9421,0.7752072150867556,0.08487291925888299,,,0.987708921106577,,0.9877214999247026,0.012278500075297405,0.9624958751194842,0.38470316463905485,5,0.1,0.5,0.5458589802547347,0.5667777643995829,0.5558304319760728,0.5600465073002278,0.5625707263443122,0.5618879670302874,0.5586395217512082,0.5554935800741755,0.563577886398902,0.5459852614494713,1.0,0.5698264114668167
