round,client_id,client_i_training_loss,client_i_training_accuracy,client_i_training_dataset_size,client_i_evaluation_loss,client_i_evaluation_accuracy,client_i_evaluation_dataset_size,client_i_central_evaluation_loss,client_i_central_evaluation_accuracy,client_i_cosine_similarity,client_i_importance_coefficient,client_i_tanh_val,tanh_normalization_value,client_i_q,client_i_mask_order,client_i_v_nonzero_fraction,client_i_v_sparsity,client_i_v_cosine_similarity,client_i_reward_gradient_norm,local_epochs,learning_rate,gamma,client_0_cosine_similarity,client_1_cosine_similarity,client_2_cosine_similarity,client_3_cosine_similarity,client_4_cosine_similarity,client_5_cosine_similarity,client_6_cosine_similarity,client_7_cosine_similarity,client_8_cosine_similarity,client_9_cosine_similarity,client_10_cosine_similarity,client_11_cosine_similarity
0,0,0.2803839372753633,0.9123691258826394,8214,2.204405945400859,0.3557341124908692,1369,2.2004255197299556,0.3688,0.7899774051807068,0.08414840249494587,,,0.9516515149516012,,0.9516690929170223,0.048330907082977714,0,0.3917425556563184,5,0.1,0.5,1.0,0.550401587909052,0.5442707378518112,0.5652274229325666,0.5667222249477591,0.5695097091088496,0.5562890892846732,0.5603027896872974,0.5634757682593068,0.5712510993995623,0.5488363609575686,0.5521616136132163
0,1,0.3021977601898382,0.9041679342865835,6574,2.1995413848331995,0.3531021897810219,1096,2.2004293123373206,0.3685,0.7912217414917847,0.08428094921344309,,,0.9641889063285642,,0.9641985844084132,0.03580141559158678,0,0.3917436030218915,5,0.1,0.5,0.550401587909052,1.0,0.5843562505128604,0.5717652189562091,0.575710689599799,0.5869815985838541,0.5828513018963973,0.5807495381347498,0.5695860450039519,0.578453380295624,0.5761863282533094,0.5620311526515382
0,2,0.316398945597942,0.9010893999654159,5783,2.2024613195850002,0.38278008298755184,964,2.2004331110384516,0.3688,0.7809407938146915,0.0831858225459106,,,0.8606025498055822,,0.8606244666432408,0.13937553335675923,0,0.39169364879217466,5,0.1,0.5,0.5442707378518112,0.5843562505128604,1.0,0.5737372344649715,0.5765383043972758,0.5963882024713113,0.5803956560517352,0.5714839931902407,0.5671617644412578,0.5722415922025993,0.5653475376492446,0.5527989595813126
0,3,0.3430320010211947,0.8912048420654436,5287,2.1981142503874644,0.38251986379114644,881,2.200424190527334,0.3692,0.7837161006495048,0.08348144826260996,,,0.8885653341987159,,0.8885798905677426,0.11142010943225744,0,0.3917197650222401,5,0.1,0.5,0.5652274229325666,0.5717652189562091,0.5737372344649715,1.0,0.5697149124155838,0.5942832540837538,0.5831493800157208,0.5836059519787711,0.5763162113404436,0.5857250130362968,0.5835489617739752,0.5711014841114764
0,4,0.3416455983719037,0.8927659574468085,4935,2.1998996826318593,0.3564476885644769,822,2.200424744298283,0.3694,0.7838695410802917,0.08349779273910281,,,0.8901113332318544,,0.8901310175192009,0.10986898248079913,0,0.39172084683328423,5,0.1,0.5,0.5667222249477591,0.575710689599799,0.5765383043972758,0.5697149124155838,1.0,0.5846995095186485,0.598254988559432,0.5986533319447523,0.5792605823250383,0.5818227292386242,0.5769347457493863,0.5833784434541592
0,5,0.3547836803103963,0.8881508463681166,4667,2.2008113193511964,0.34318766066838047,778,2.2004298790575216,0.3686,0.794775993148868,0.08465954814177595,,,0.9999999999054116,,1.0,0.0,0,0.39174429632151847,5,0.1,0.5,0.5695097091088496,0.5869815985838541,0.5963882024713113,0.5942832540837538,0.5846995095186485,1.0,0.6058430577133332,0.5961053897230769,0.5939890843901124,0.6076403149987707,0.5942873891984549,0.5907228373337015
0,6,0.36283780721199166,0.886862789130923,4453,2.202013204495112,0.353099730458221,742,2.200428938332457,0.369,0.7867987293049589,0.08380980990326001,,,0.9196245595698649,,0.9196375683951609,0.08036243160483914,0,0.3917356052702822,5,0.1,0.5,0.5562890892846732,0.5828513018963973,0.5803956560517352,0.5831493800157208,0.598254988559432,0.6058430577133332,1.0,0.5996198105740151,0.5921175409705574,0.5913226625216926,0.5864734912296019,0.5954486671422371
0,7,0.35825738395883966,0.8880523731587562,4277,2.203946891038314,0.37307152875175315,713,2.2004198624303166,0.3691,0.7834498233341552,0.08345308439984583,,,0.8858824398014186,,0.8858993022438633,0.11410069775613674,0,0.39171767855102974,5,0.1,0.5,0.5603027896872974,0.5807495381347498,0.5714839931902407,0.5836059519787711,0.5986533319447523,0.5961053897230769,0.5996198105740151,1.0,0.5744801602171161,0.6011642636338057,0.6058515803447395,0.580828449659214
0,8,0.3983022316201375,0.8756115282150642,4129,2.1880245967344805,0.42151162790697677,688,2.2005558752785093,0.3676,0.7718590297641624,0.08221843293238965,,,0.7690986458520802,,0.7691079765072034,0.23089202349279658,0,0.39147041790556164,5,0.1,0.5,0.5634757682593068,0.5695860450039519,0.5671617644412578,0.5763162113404436,0.5792605823250383,0.5939890843901124,0.5921175409705574,0.5744801602171161,1.0,0.5787338919985072,0.5797024491969479,0.570116069283086
0,9,0.4069308681058742,0.8739315171207198,4001,2.2019454524630593,0.383808095952024,667,2.2004316774800943,0.3691,0.7826130328350493,0.08336394946603516,,,0.8774513027411106,,0.8774659906631194,0.12253400933688063,0,0.3917106921991773,5,0.1,0.5,0.5712510993995623,0.578453380295624,0.5722415922025993,0.5857250130362968,0.5818227292386242,0.6076403149987707,0.5913226625216926,0.6011642636338057,0.5787338919985072,1.0,0.6060481606154337,0.5882584745002196
0,10,0.40736936983942496,0.8711751092825919,3889,2.2050342786879766,0.35648148148148145,648,2.2005082814457317,0.3685,0.7736841584467067,0.08241284566112923,,,0.7874878485159148,,0.7875006274785402,0.21249937252145978,0,0.3915360473192183,5,0.1,0.5,0.5488363609575686,0.5761863282533094,0.5653475376492446,0.5835489617739752,0.5769347457493863,0.5942873891984549,0.5864734912296019,0.6058515803447395,0.5797024491969479,0.6060481606154337,1.0,0.577380182275543
0,11,0.38395480424353556,0.8797678712740702,3791,2.1975704193115235,0.375,632,2.200702469188946,0.3679,0.7650009879678413,0.08148791423955187,,,0.7,,0.7,0.30000000000000004,0,0.39107005105781056,5,0.1,0.5,0.5521616136132163,0.5620311526515382,0.5527989595813126,0.5711014841114764,0.5833784434541592,0.5907228373337015,0.5954486671422371,0.580828449659214,0.570116069283086,0.5882584745002196,0.577380182275543,1.0
1,0,0.2512424963602528,0.9223520818115413,8214,2.048057489616926,0.7399561723886048,1369,2.04374548192984,0.7515,0.793583358634591,0.08330273026173508,,,0.8297307126764216,,0.829742482807088,0.17025751719291204,0.9555425593818054,0.4048506810580784,5,0.1,0.5,1.0,0.6098805862547131,0.6163611530786557,0.6117046027672642,0.6092786417010515,0.6205471121170628,0.6022560726407257,0.6148781309783546,0.5968672042229742,0.6058454778378598,0.6032373986454896,0.618184878801222
1,1,0.27230013264343145,0.9137511408579252,6574,2.041562523160662,0.7481751824817519,1096,2.0436691803673206,0.7514,0.807257202156362,0.08386653872642673,,,0.9088057867237748,,0.908819838361528,0.09118016163847198,0.9557505037005024,0.4049533392251111,5,0.1,0.5,0.6098805862547131,1.0,0.6245011042268307,0.6260745178797795,0.6319923190940352,0.6263353308380254,0.607772949575742,0.6348347143621182,0.614596401383634,0.6179809907892864,0.6225450682309716,0.6251994233518056
1,2,0.2833668608727829,0.913781774165658,5783,2.0467491765176096,0.7448132780082988,964,2.043748878061581,0.7509,0.8126156851613254,0.08332861199805067,,,0.8333606692020799,,0.8333718186838011,0.16662818131619894,0.9555206247040485,0.40485839945831703,5,0.1,0.5,0.6163611530786557,0.6245011042268307,1.0,0.6376059242920324,0.6379758242951656,0.6286890899341309,0.6203631035413366,0.6339820412345558,0.6179949126085242,0.6252370244350431,0.6222297071195202,0.6338148543466808
1,3,0.3100231324816235,0.9033100056742954,5287,2.041413571153368,0.7457434733257662,881,2.043724620685029,0.7509,0.8105943119616591,0.08345380672913487,,,0.8509194382713525,,0.850936197982029,0.14906380201797098,0.9555942092106052,0.40489145162352125,5,0.1,0.5,0.6117046027672642,0.6260745178797795,0.6376059242920324,1.0,0.6278849447162729,0.6337488070700755,0.6211957977236205,0.6407063438706861,0.613603022515533,0.6228614829403364,0.613140274342608,0.6289845479535118
1,4,0.29575560029355746,0.9113272543059777,4935,2.045044087446653,0.7481751824817519,822,2.0436771643428377,0.7512,0.8162305516747868,0.08366087192930276,,,0.8799606766728738,,0.8799658651674113,0.12003413483258873,0.9556705438537734,0.40493011640111526,5,0.1,0.5,0.6092786417010515,0.6319923190940352,0.6379758242951656,0.6278849447162729,1.0,0.6373626770278408,0.6235575712662862,0.6412844917839956,0.6300946198590794,0.631503005691277,0.6268900140701694,0.6347760761352329
1,5,0.3083705960020219,0.9067923719734304,4667,2.044235043525696,0.7480719794344473,778,2.043671229776864,0.7513,0.8187376941336768,0.08451675714122285,,,0.9999999998597484,,1.0,0.0,0.9557803736149157,0.4049691618260526,5,0.1,0.5,0.6205471121170628,0.6263353308380254,0.6286890899341309,0.6337488070700755,0.6373626770278408,1.0,0.6267711750152091,0.6341469604899204,0.6303681030175718,0.6331485566968533,0.630930499730388,0.6501716533798101
1,6,0.3145584676813866,0.9059510442398383,4453,2.0460824022690454,0.7466307277628033,742,2.04372107449431,0.7512,0.8021383564881921,0.08337660854177377,,,0.8400922642145761,,0.8401134481200743,0.15988655187992573,0.9555739066176576,0.40487233441423537,5,0.1,0.5,0.6022560726407257,0.607772949575742,0.6203631035413366,0.6211957977236205,0.6235575712662862,0.6267711750152091,1.0,0.6286542596940673,0.6155374286581148,0.6076606246570986,0.6132711148998785,0.6271920483767658
1,7,0.3096129074595424,0.9052139350011691,4277,2.04641056060791,0.7573632538569425,713,2.0436570960492753,0.7511,0.8211386873127348,0.08380219380964511,,,0.8997813052239096,,0.8997891672104814,0.10021083278951859,0.9556970820538726,0.4049473934769941,5,0.1,0.5,0.6148781309783546,0.6348347143621182,0.6339820412345558,0.6407063438706861,0.6412844917839956,0.6341469604899204,0.6286542596940673,1.0,0.6361299552699086,0.6382450356351502,0.6344537785025464,0.6434391312401928
1,8,0.34996941579971463,0.8928069750544926,4129,2.024616089734164,0.7921511627906976,688,2.044338450264245,0.7514,0.8037232242729907,0.08237897935269817,,,0.7001731126972273,,0.700195773304553,0.29980422669544704,0.9539999835324148,0.4042134824925212,5,0.1,0.5,0.5968672042229742,0.614596401383634,0.6179949126085242,0.613603022515533,0.6300946198590794,0.6303681030175718,0.6155374286581148,0.6361299552699086,1.0,0.6236995908447718,0.6140797102390143,0.6238391554210431
1,9,0.3507400554571567,0.8956260934766308,4001,2.0455614044552757,0.7511244377811095,667,2.043754822529924,0.7508,0.8088759303247065,0.08331623905272546,,,0.8316253430602324,,0.8316449977410773,0.16835500225892275,0.9555220505703684,0.40485495932771737,5,0.1,0.5,0.6058454778378598,0.6179809907892864,0.6252370244350431,0.6228614829403364,0.631503005691277,0.6331485566968533,0.6076606246570986,0.6382450356351502,0.6236995908447718,1.0,0.626731233406645,0.628922204534185
1,10,0.34604223279862617,0.8928259192594498,3889,2.051462389173962,0.7577160493827161,648,2.0440298711149074,0.7521,0.8069202552231985,0.08261891740509399,,,0.7338248232481742,,0.7338336428894132,0.2661663571105868,0.9546436042905122,0.4044608277890613,5,0.1,0.5,0.6032373986454896,0.6225450682309716,0.6222297071195202,0.613140274342608,0.6268900140701694,0.630930499730388,0.6132711148998785,0.6344537785025464,0.6140797102390143,0.626731233406645,1.0,0.6396920482748281
1,11,0.3334002669086727,0.8974413083619098,3791,2.0435975193977356,0.7563291139240507,632,2.044579334152392,0.7509,0.8175676310880287,0.08237774505219048,,,0.7,,0.7,0.30000000000000004,0.9535163974168629,0.40420952515289565,5,0.1,0.5,0.618184878801222,0.6251994233518056,0.6338148543466808,0.6289845479535118,0.6347760761352329,0.6501716533798101,0.6271920483767658,0.6434391312401928,0.6238391554210431,0.628922204534185,0.6396920482748281,1.0
2,0,0.22946290201996725,0.9294618943267592,8214,1.8503741497217223,0.8692476260043828,1369,1.846438015992649,0.8728,0.7941653401963268,0.08271062494517036,,,0.7284535555859559,,0.7284674464133326,0.2715325535866674,0.9681343269450665,0.4051874382158106,5,0.1,0.5,1.0,0.6224162385493891,0.6119130136223303,0.6123356763350675,0.6164866160755854,0.6204724165564963,0.6022829314087743,0.615707448373293,0.6038858280386582,0.6123759838405267,0.6124529648042137,0.602997406184764
2,1,0.24480054543434995,0.9250684514755095,6574,1.841841799872262,0.875,1096,1.845769630453457,0.8728,0.8103419179006776,0.083646291065986,,,0.8754016336574459,,0.8754179007077958,0.12458209929220421,0.9691630676897515,0.4057093788158299,5,0.1,0.5,0.6224162385493891,1.0,0.6366199826937607,0.6311152098746695,0.6389014256854841,0.6315038713103233,0.6173249559379868,0.6348629330215758,0.6288429176047362,0.6109159519343362,0.6268386296693305,0.609049762307504
2,2,0.2572883648705252,0.9222894691336676,5783,1.8499962898992723,0.8744813278008299,964,1.8458892320291684,0.873,0.8170237875313234,0.08352315204924853,,,0.8560624255332789,,0.8560815220119472,0.1439184779880528,0.9689684981227699,0.40568517102318374,5,0.1,0.5,0.6119130136223303,0.6366199826937607,1.0,0.640007257619373,0.6388116150848903,0.6400297709652782,0.6312127668173414,0.6389443666896732,0.6373976651660627,0.6221579103944596,0.6322527345345113,0.6266393976012343
2,3,0.2772054737358051,0.9156421411008133,5287,1.8438090809753962,0.8649262202043133,881,1.8458506428776458,0.873,0.8118757638444953,0.08342678668136792,,,0.8409280680015965,,0.8409467396215049,0.1590532603784951,0.9689648117239652,0.4056591797477474,5,0.1,0.5,0.6123356763350675,0.6311152098746695,0.640007257619373,1.0,0.6299281823263607,0.6364322687749459,0.6232392672536171,0.6413615321459942,0.6255102960603757,0.6302161973026426,0.617328262566192,0.6175856374753144
2,4,0.26368540047157196,0.9202431610942249,4935,1.8493231259859526,0.8722627737226277,822,1.8457933477700328,0.8728,0.8147603193390706,0.08366406324032478,,,0.8781927861894607,,0.8782039054264345,0.12179609457356555,0.9691380961084979,0.405712329265524,5,0.1,0.5,0.6164866160755854,0.6389014256854841,0.6388116150848903,0.6299281823263607,1.0,0.6364144160500232,0.6229790849331779,0.6435898412150379,0.633923576681674,0.6221063181788241,0.628231657589705,0.6210244364282765
2,5,0.2820429848302921,0.9145489607885151,4667,1.8481622982025145,0.8624678663239075,778,1.8457608984682126,0.8731,0.8207870985974276,0.08443964931523129,,,0.9999999998429481,,1.0,0.0,0.969290898289574,0.40575078366100265,5,0.1,0.5,0.6204724165564963,0.6315038713103233,0.6400297709652782,0.6364322687749459,0.6364144160500232,1.0,0.6273794275080287,0.648393455699681,0.6361078517538655,0.6369726105144435,0.6367183813686146,0.637224073631186
2,6,0.28447780364858255,0.9158769368964743,4453,1.8487240473429363,0.862533692722372,742,1.845895835766777,0.8729,0.8062298931904874,0.08317928517710756,,,0.8020575034254644,,0.8020782089252547,0.19792179107474528,0.9688071216327088,0.4055612760118946,5,0.1,0.5,0.6022829314087743,0.6173249559379868,0.6312127668173414,0.6232392672536171,0.6229790849331779,0.6273794275080287,1.0,0.6382409877871494,0.634109718034637,0.6182169245183948,0.618130866147892,0.6176736581269413
2,7,0.2786672991213959,0.9137713350479308,4277,1.8482250286185222,0.8695652173913043,713,1.845751637467942,0.8728,0.8248122376288036,0.08410727936779763,,,0.947800690818569,,0.9478188845941469,0.05218111540585313,0.9692428415929986,0.40574787718087546,5,0.1,0.5,0.615707448373293,0.6348629330215758,0.6389443666896732,0.6413615321459942,0.6435898412150379,0.648393455699681,0.6382409877871494,1.0,0.6448778757812579,0.6399082748136008,0.6441887483359751,0.6399165864829319
2,8,0.30500599552398155,0.907435214337612,4129,1.8196519017219543,0.8997093023255814,688,1.8471758426568758,0.8724,0.8125640871550043,0.08274011506543655,,,0.7330850329888531,,0.7331007479544199,0.26689925204558007,0.9674188896884995,0.4052210969548816,5,0.1,0.5,0.6038858280386582,0.6288429176047362,0.6373976651660627,0.6255102960603757,0.633923576681674,0.6361078517538655,0.634109718034637,0.6448778757812579,1.0,0.621392958332928,0.6248013472215987,0.6258748732543273
2,9,0.3181318360845104,0.9079730067483129,4001,1.8473567849113828,0.8770614692653673,667,1.8459355652141876,0.8729,0.8080893262165451,0.08320407531371118,,,0.8059508397855084,,0.805973595703027,0.19402640429697304,0.9688387411296648,0.40557309792953244,5,0.1,0.5,0.6123759838405267,0.6109159519343362,0.6221579103944596,0.6302161973026426,0.6221063181788241,0.6369726105144435,0.6182169245183948,0.6399082748136008,0.621392958332928,1.0,0.624964746573966,0.6298914758020666
2,10,0.30764535947504346,0.9080483414759578,3889,1.857248380070641,0.875,648,1.8466381112607524,0.8721,0.8105661078314476,0.08282922585951186,,,0.7470800464166941,,0.7471010491441192,0.25289895085588077,0.9679833161472642,0.40531106605655687,5,0.1,0.5,0.6124529648042137,0.6268386296693305,0.6322527345345113,0.617328262566192,0.628231657589705,0.6367183813686146,0.618130866147892,0.6441887483359751,0.6248013472215987,0.624964746573966,1.0,0.6303857559101503
2,11,0.29718319513373265,0.9104194144025323,3791,1.8492014050483703,0.8813291139240507,632,1.8477012833086446,0.8725,0.8065335541505191,0.0825294519191062,,,0.7,,0.7,0.30000000000000004,0.9672566564973296,0.4049501372051063,5,0.1,0.5,0.602997406184764,0.609049762307504,0.6266393976012343,0.6175856374753144,0.6210244364282765,0.637224073631186,0.6176736581269413,0.6399165864829319,0.6258748732543273,0.6298914758020666,0.6303857559101503,1.0
3,0,0.21461047554236443,0.9348429510591673,8214,1.6343066830967747,0.914536157779401,1369,1.6314088075686568,0.9132,0.7913909212739882,0.08313918507189155,,,0.9049337069370063,,0.9049445308970433,0.0950554691029567,0.9653896253806211,0.3925796315228202,5,0.1,0.5,1.0,0.6180597248076963,0.6159458626712961,0.6134112857825453,0.5950317605437234,0.6134356701928083,0.5964899211226316,0.6043585859311918,0.48774388217739256,0.5147645405869641,0.6003398498986786,0.5989259358456126
3,1,0.22468666165786821,0.9303011864922421,6574,1.6229730197361538,0.9178832116788321,1096,1.6306907300370188,0.9132,0.8073098981756126,0.08432481254907881,,,0.9639424309324791,,0.9639526128206415,0.036047387179358514,0.9665920270434789,0.39259795824160776,5,0.1,0.5,0.6180597248076963,1.0,0.634365378459262,0.6274034484890656,0.6233745075460345,0.6236528259942111,0.6120377506363994,0.6245168597936607,0.501264332632095,0.509354730251713,0.6178018032998184,0.6122394816147987
3,2,0.23258776930392364,0.9298979768286356,5783,1.635805183841336,0.9097510373443983,964,1.6308320749301117,0.9131,0.8131752304562189,0.08444886518237511,,,0.9701165351430693,,0.9701370413131871,0.02986295868681288,0.9665388523617916,0.3925984113895686,5,0.1,0.5,0.6159458626712961,0.634365378459262,1.0,0.6372796410396957,0.6288990715821481,0.6312638095700913,0.6216415197686578,0.6276803110035385,0.4926847192658758,0.5304599159795934,0.619326028243811,0.6202266827665288
3,3,0.25507938098162414,0.9222999810856819,5287,1.629211779151644,0.9103291713961408,881,1.6307916466039591,0.913,0.8079414346411515,0.08420028998462484,,,0.9577449382305514,,0.9577581446714523,0.04224185532854774,0.9664606487987021,0.3925973821297405,5,0.1,0.5,0.6134112857825453,0.6274034484890656,0.6372796410396957,1.0,0.6122076730786736,0.6334021979841439,0.6183793309716475,0.6286272777189672,0.493804771522529,0.5242274112166111,0.6114869397642884,0.6105352574414238
3,4,0.24751363603157864,0.9253090172239108,4935,1.6370321741470923,0.9172749391727494,822,1.6307240477004372,0.9132,0.8006399120199619,0.08410200790184906,,,0.9528534352856513,,0.9528688318859495,0.04713116811405049,0.9666039642529174,0.39259677836778983,5,0.1,0.5,0.5950317605437234,0.6233745075460345,0.6288990715821481,0.6122076730786736,1.0,0.6177276900762844,0.6165587267258539,0.6235972915216477,0.49233622095376717,0.5140343878618368,0.6091311950884968,0.6080486929073762
3,5,0.25328975619926847,0.9260767088065138,4667,1.635163197517395,0.9048843187660668,778,1.6307016995768198,0.9133,0.8128265837418065,0.08504929601005487,,,0.99999999995023,,1.0,0.0,0.9667351906319681,0.39259898241644375,5,0.1,0.5,0.6134356701928083,0.6236528259942111,0.6312638095700913,0.6334021979841439,0.6177276900762844,1.0,0.6242322723090271,0.6315727870179121,0.49502342847433445,0.5281154320810391,0.626172440241351,0.6280021997803358
3,6,0.2533713381614403,0.9240512014372333,4453,1.6349936077992122,0.898921832884097,742,1.6308326275584797,0.9132,0.8003763104293881,0.0837686484569225,,,0.9362621232121301,,0.9362782992821646,0.06372170071783545,0.9662212146047392,0.39259345147760616,5,0.1,0.5,0.5964899211226316,0.6120377506363994,0.6216415197686578,0.6183793309716475,0.6165587267258539,0.6242322723090271,1.0,0.6255069288448232,0.4897842474973918,0.5104301251289698,0.611154434853444,0.6144883828478804
3,7,0.25117159319568927,0.9234510170680383,4277,1.6334198039510976,0.9130434782608695,713,1.6306968809316715,0.9133,0.8105711050517889,0.0847477397877238,,,0.9849915354577687,,0.9849957331459264,0.015004266854073633,0.9667227435744568,0.39259891720182216,5,0.1,0.5,0.6043585859311918,0.6245168597936607,0.6276803110035385,0.6286272777189672,0.6235972915216477,0.6315727870179121,0.6255069288448232,1.0,0.49723577532002583,0.5250669207268689,0.6255015381554414,0.6189955461021702
3,8,0.35082980597038,0.9038508113344635,4129,1.5982896956530483,0.9244186046511628,688,1.6329522951723288,0.9131,0.6738042528028101,0.07902157300549614,,,0.7,,0.7,0.30000000000000004,0.964844242385296,0.3917421314739693,5,0.1,0.5,0.48774388217739256,0.501264332632095,0.4926847192658758,0.493804771522529,0.49233622095376717,0.49502342847433445,0.4897842474973918,0.49723577532002583,1.0,0.41885628408490083,0.49162162748937804,0.4918157867208924
3,9,0.3549265792308789,0.9047238190452387,4001,1.6315446013496036,0.9145427286356822,667,1.6311365301235796,0.9132,0.7024341785432664,0.0803390940386174,,,0.7655730712197416,,0.7655890768535716,0.23441092314642842,0.9658839780243618,0.3922315652529894,5,0.1,0.5,0.5147645405869641,0.509354730251713,0.5304599159795934,0.5242274112166111,0.5140343878618368,0.5281154320810391,0.5104301251289698,0.5250669207268689,0.41885628408490083,1.0,0.5172846241222631,0.5258926505741495
3,10,0.28586516388554556,0.9140653124196452,3889,1.6477206888652982,0.9182098765432098,648,1.6316596913261536,0.9131,0.8003413604679571,0.08353339656827306,,,0.924553627893127,,0.9245720596355604,0.07542794036443956,0.9656277684826328,0.39258969464569937,5,0.1,0.5,0.6003398498986786,0.6178018032998184,0.619326028243811,0.6114869397642884,0.6091311950884968,0.626172440241351,0.611154434853444,0.6255015381554414,0.49162162748937804,0.5172846241222631,1.0,0.6122129256543015
3,11,0.2708382861031329,0.9173305196518069,3791,1.636330097913742,0.9161392405063291,632,1.6329084802359437,0.9129,0.8001168403650646,0.083325091443093,,,0.9141862740023808,,0.9142010943225741,0.08579890567742587,0.9647845419085431,0.3925850052247867,5,0.1,0.5,0.5989259358456126,0.6122394816147987,0.6202266827665288,0.6105352574414238,0.6080486929073762,0.6280021997803358,0.6144883828478804,0.6189955461021702,0.4918157867208924,0.5258926505741495,0.6122129256543015,1.0
4,0,0.20046033479077632,0.9387387387387387,8214,1.3870201803917108,0.929145361577794,1369,1.3854743223220776,0.929,0.7885299037217723,0.08300062716827765,,,0.8851382163497143,,0.8851563676522263,0.11484363234777373,0.9660040656555638,0.3971929360553034,5,0.1,0.5,1.0,0.6047305222152001,0.5973474456011698,0.5920460433410432,0.5950462178214327,0.6040468490821089,0.5901671495466101,0.5959227787506546,0.5762826120783364,0.5854039621536504,0.5876383760714798,0.5882391917661663
4,1,0.20883954146298245,0.9361728019470642,6574,1.3734255654471261,0.9397810218978102,1096,1.3847098731385252,0.9291,0.7971707474489346,0.08409300621197027,,,0.9560762440137299,,0.9560965814969128,0.04390341850308721,0.9660894541769497,0.3972305037315503,5,0.1,0.5,0.6047305222152001,1.0,0.6142052296099092,0.6044463832583074,0.6021537619835112,0.6038582604588786,0.5964388962608401,0.6082258038317732,0.5878745341145075,0.5780522641121137,0.6012153610113822,0.5920701347631119
4,2,0.2142293530078965,0.9369877226353104,5783,1.3904462745112758,0.9263485477178424,964,1.3848632833066459,0.9288,0.8006449829880287,0.08429738144950076,,,0.9693481722308526,,0.9693539480949751,0.030646051905024896,0.9660941058915815,0.3972319555358031,5,0.1,0.5,0.5973474456011698,0.6142052296099092,1.0,0.6143264213328087,0.6082658500767117,0.6076174253119895,0.6037002973011988,0.6078275798954699,0.5900446270443552,0.5867591587514418,0.5981802587361874,0.5976925041050561
4,3,0.23416015124228973,0.9292604501607717,5287,1.3837051051003593,0.9228149829738933,881,1.3848192748932031,0.9289,0.7981507398927304,0.08404443141969638,,,0.9529218444689974,,0.9529340896541338,0.04706591034586616,0.9660886576028374,0.3972299744004874,5,0.1,0.5,0.5920460433410432,0.6044463832583074,0.6143264213328087,1.0,0.6022903465077815,0.6107014454589276,0.6018079932955586,0.6053970326515971,0.5943788558220661,0.5925501844568387,0.5945305131208972,0.5914499054479497
4,4,0.22309307087272887,0.9344275582573455,4935,1.3926703425554128,0.9355231143552312,822,1.3847489452209716,0.9291,0.7975937306527694,0.08395946127128395,,,0.9474039660608574,,0.9474172983283972,0.05258270167160284,0.9660868443059899,0.39722891971877883,5,0.1,0.5,0.5950462178214327,0.6021537619835112,0.6082658500767117,0.6022903465077815,1.0,0.6082201878746665,0.5986698132252839,0.6068619321878282,0.5971364744005192,0.5835153048962524,0.5966471862534062,0.6002486960866099
4,5,0.23593684562851916,0.9310049282194129,4667,1.3919341659545899,0.916452442159383,778,1.3847350624803536,0.929,0.802704171793007,0.0847693908263831,,,0.999999999935061,,1.0,0.0,0.9660961118054842,0.39723274189721924,5,0.1,0.5,0.6040468490821089,0.6038582604588786,0.6076174253119895,0.6107014454589276,0.6082201878746665,1.0,0.5996438616920922,0.6133648172455326,0.5895828313596425,0.5930398586030925,0.6069232730824266,0.6060579448575317
4,6,0.23464056887164977,0.9328542555580508,4453,1.3908840119838715,0.9204851752021563,742,1.384882516754321,0.9288,0.7938480405164011,0.08360619065049424,,,0.9244629171500764,,0.924471663069123,0.07552833693087702,0.966063694887155,0.3972216137267947,5,0.1,0.5,0.5901671495466101,0.5964388962608401,0.6037002973011988,0.6018079932955586,0.5986698132252839,0.5996438616920922,1.0,0.6128319315735535,0.5954706354023471,0.5782442663913854,0.5904604695530257,0.5974530421454487
4,7,0.2308630950568216,0.930512041150339,4277,1.3878466668336287,0.9270687237026648,713,1.3847338578190667,0.9291,0.8042119396842746,0.08462142365283042,,,0.9903911562727322,,0.9904071080769038,0.009592891923096203,0.9660966844247507,0.3972327211644613,5,0.1,0.5,0.5959227787506546,0.6082258038317732,0.6078275798954699,0.6053970326515971,0.6068619321878282,0.6133648172455326,0.6128319315735535,1.0,0.6091710694120105,0.5922019206790311,0.6115342087767485,0.5963877130183152
4,8,0.2666385779568037,0.9195931218212642,4129,1.3479962294751948,0.934593023255814,688,1.388102665876809,0.9291,0.785421073675605,0.08014967240696211,,,0.7,,0.7,0.30000000000000004,0.9636594667161041,0.39631775396237834,5,0.1,0.5,0.5762826120783364,0.5878745341145075,0.5900446270443552,0.5943788558220661,0.5971364744005192,0.5895828313596425,0.5954706354023471,0.6091710694120105,1.0,0.5768816560519242,0.5953766720883344,0.5959453464003124
4,9,0.2720218017725283,0.9232191952011997,4001,1.3849721522558303,0.9250374812593704,667,1.3857897866648226,0.929,0.778197913326136,0.08077387454232471,,,0.7405350767226447,,0.740555193012399,0.259444806987601,0.9648125810242435,0.3966797442437832,5,0.1,0.5,0.5854039621536504,0.5780522641121137,0.5867591587514418,0.5925501844568387,0.5835153048962524,0.5930398586030925,0.5782442663913854,0.5922019206790311,0.5768816560519242,1.0,0.5858945630447724,0.5807047690492549
4,10,0.26079672893326056,0.9221393674466444,3889,1.4066961776642573,0.9320987654320988,648,1.3857509019656684,0.9288,0.7939911772801649,0.08345454869899831,,,0.9146154369989736,,0.9146277797299333,0.08537222027006675,0.9660520773219212,0.3972167322120597,5,0.1,0.5,0.5876383760714798,0.6012153610113822,0.5981802587361874,0.5945305131208972,0.5966471862534062,0.6069232730824266,0.5904604695530257,0.6115342087767485,0.5953766720883344,0.5858945630447724,1.0,0.599256090698997
4,11,0.24868590843026378,0.924558164072804,3791,1.3924059927463532,0.9319620253164557,632,1.3871455885731756,0.9287,0.7915419129772967,0.08322999170127802,,,0.9000329249960136,,0.9000602379398625,0.09993976206013755,0.9660292707257394,0.39720675025991387,5,0.1,0.5,0.5882391917661663,0.5920701347631119,0.5976925041050561,0.5914499054479497,0.6002486960866099,0.6060579448575317,0.5974530421454487,0.5963877130183152,0.5959453464003124,0.5807047690492549,0.599256090698997,1.0
5,0,0.18522111299313634,0.9433162892622352,8214,1.1448906868003135,0.9415631848064281,1369,1.14491135700823,0.9399,0.7778326552693636,0.08319394846596982,,,0.9079588710122355,,0.9079714873751318,0.09202851262486822,0.9660982017599906,0.3878814325681332,5,0.1,0.5,1.0,0.59143236507624,0.5794242383650585,0.5780811809790394,0.5699198135896903,0.5861223388280903,0.5663191325550953,0.5818240935803265,0.5365120802785063,0.5009821795027092,0.5715839074844898,0.5766478722005319
5,1,0.19182120612686843,0.9417401886218436,6574,1.1291104555130005,0.9507299270072993,1096,1.144208690800225,0.9399,0.7902463077356019,0.08436576591347598,,,0.968914204481528,,0.9689222428592942,0.03107775714070582,0.9661947191901978,0.3879010468632543,5,0.1,0.5,0.59143236507624,1.0,0.5959952537389628,0.5912233568118684,0.5878800976266083,0.5925386977868994,0.5787957352334417,0.5971922678813043,0.5466186732415489,0.505206208217096,0.5794904800044918,0.5823707556919812
5,2,0.19967602624645384,0.9383710876707592,5783,1.1503622954891575,0.9367219917012448,964,1.1443609281088978,0.9398,0.7896809866671033,0.08448298026728215,,,0.9750114340788925,,0.9750313739270117,0.02496862607298833,0.9661919544660005,0.38790145982500435,5,0.1,0.5,0.5794242383650585,0.5959952537389628,1.0,0.5943730127243212,0.5866969018907103,0.5927692377264316,0.5811756387171297,0.593632503508663,0.5505116985962996,0.5044643738338168,0.5768818728066337,0.5866777980808249
5,3,0.21646064343225457,0.9347834310573104,5287,1.144641603742327,0.9398410896708286,881,1.1443236839657012,0.9398,0.7862203153517211,0.08419092649756034,,,0.9598194475094456,,0.9598263139400632,0.040173686059936764,0.9662007706676823,0.3879001175458952,5,0.1,0.5,0.5780811809790394,0.5912233568118684,0.5943730127243212,1.0,0.5803333474787705,0.58545626935469,0.5786974350437656,0.5970936578159463,0.5403949273745859,0.5185301734095966,0.572553263036977,0.5750835217143824
5,4,0.20834868343509433,0.9386018237082067,4935,1.1531744255469396,0.9428223844282239,822,1.1442370685144736,0.9401,0.7825025144579895,0.08400254481744852,,,0.9500202521184238,,0.9500426685407359,0.049957331459264065,0.9662025606515275,0.3878985925121893,5,0.1,0.5,0.5699198135896903,0.5878800976266083,0.5866969018907103,0.5803333474787705,1.0,0.5856738220215795,0.5695950852649397,0.5930449813513446,0.5498306903596488,0.5048510258017213,0.572969751175874,0.5769585441501108
5,5,0.2164042385167455,0.9371759160059996,4667,1.1537341213226318,0.9370179948586118,778,1.1442376188576793,0.94,0.7918535020184193,0.08487656814698749,,,0.9954849988888108,,0.9955022338236033,0.004497766176396745,0.9661942012754574,0.3879019293199826,5,0.1,0.5,0.5861223388280903,0.5925386977868994,0.5927692377264316,0.58545626935469,0.5856738220215795,1.0,0.5765322000304012,0.6028119964306461,0.5487843237671507,0.5138427958370079,0.581357107106021,0.5948735392882432
5,6,0.2177714595436919,0.9373006961598922,4453,1.1524765267968178,0.9285714285714286,742,1.1443622460761391,0.9397,0.7753767565665871,0.08351366774787991,,,0.9245899559025206,,0.9246021786054917,0.07539782139450835,0.9661642162570911,0.3878905783229006,5,0.1,0.5,0.5663191325550953,0.5787957352334417,0.5811756387171297,0.5786974350437656,0.5695950852649397,0.5765322000304012,1.0,0.5901265524381941,0.5429156507170737,0.4929253248792339,0.5625334626304724,0.5733533064739816
5,7,0.20722003052177937,0.9386018237082067,4277,1.1478564220926035,0.9354838709677419,713,1.144239346630657,0.94,0.7971217168525377,0.08496336542485508,,,0.9999999999479823,,1.0,0.0,0.9661944967713662,0.3879019329004771,5,0.1,0.5,0.5818240935803265,0.5971922678813043,0.593632503508663,0.5970936578159463,0.5930449813513446,0.6028119964306461,0.5901265524381941,1.0,0.5609756333640362,0.5168538326478261,0.5890133636658679,0.5882139899357232
5,8,0.27257779982706637,0.9224509566480988,4129,1.1047749600627206,0.9462209302325582,688,1.1480115448324064,0.94,0.7487143513776738,0.0802515342431031,,,0.7549010371821188,,0.7549119020129511,0.2450880979870489,0.9641892666645866,0.38742187685311097,5,0.1,0.5,0.5365120802785063,0.5466186732415489,0.5505116985962996,0.5403949273745859,0.5498306903596488,0.5487843237671507,0.5429156507170737,0.5609756333640362,1.0,0.5296500785256646,0.5333765007918589,0.5472118506535235
5,9,0.2887552557291143,0.9211197200699826,4001,1.1436926183246432,0.9400299850074962,667,1.1460892649504324,0.9399,0.7069801027864737,0.07919610579091359,,,0.7,,0.7,0.30000000000000004,0.9643106649575559,0.38693867020117795,5,0.1,0.5,0.5009821795027092,0.505206208217096,0.5044643738338168,0.5185301734095966,0.5048510258017213,0.5138427958370079,0.4929253248792339,0.5168538326478261,0.5296500785256646,1.0,0.4996046151657501,0.5105616695066028
5,10,0.2389675224718989,0.9290305991257393,3889,1.1702442055656797,0.9367283950617284,648,1.1452216048971913,0.9399,0.7756611566291459,0.08342192589802193,,,0.9198177492221334,,0.919828321871392,0.08017167812860804,0.9661460937106873,0.38788822383417365,5,0.1,0.5,0.5715839074844898,0.5794904800044918,0.5768818728066337,0.572553263036977,0.572969751175874,0.581357107106021,0.5625334626304724,0.5890133636658679,0.5333765007918589,0.4996046151657501,1.0,0.5769195490066285
5,11,0.22729655600176388,0.9328409390662095,3791,1.1523989260196685,0.939873417721519,632,1.1466569393968429,0.9401,0.7832887573257555,0.08354066678650202,,,0.9259943857529748,,0.9260077305356157,0.07399226946438431,0.9661341140991979,0.3878911109718681,5,0.1,0.5,0.5766478722005319,0.5823707556919812,0.5866777980808249,0.5750835217143824,0.5769585441501108,0.5948735392882432,0.5733533064739816,0.5882139899357232,0.5472118506535235,0.5105616695066028,0.5769195490066285,1.0
6,0,0.17568682006339212,0.9467981495008522,8214,0.9075431809868924,0.9474068663257852,1369,0.9088241132303548,0.9462,0.7654474713251879,0.0830009996513434,,,0.8780477155976095,,0.8780583304051002,0.12194166959489983,0.9640292183531641,0.3860881785900335,5,0.1,0.5,1.0,0.5697577751464581,0.5582474600360461,0.5609074901855508,0.5411340023113593,0.5652115261841307,0.5502391204919627,0.555328297659091,0.5493551378438419,0.5520889939015419,0.5481002268786895,0.5433883406642338
6,1,0.1780501851407377,0.9464557347125038,6574,0.88976001228605,0.9562043795620438,1096,0.908136655537846,0.9464,0.7770941551144179,0.08420070375074895,,,0.9558000371761902,,0.9558204909392098,0.044179509060790156,0.9641866797512845,0.3861384930641066,5,0.1,0.5,0.5697577751464581,1.0,0.5823918690826236,0.5655142478070426,0.5620491043196303,0.5615720953972787,0.5614312084198051,0.5738510100387032,0.5554966164380696,0.5457595096260232,0.5615578613915845,0.5552628125444433
6,2,0.18887140039838232,0.9436624589313505,5783,0.9139839756873346,0.9450207468879668,964,0.908268640026117,0.9464,0.7823594462139836,0.08446576707903113,,,0.9729786807679696,,0.9729933236283319,0.027006676371668092,0.9641871654296397,0.3861403731440523,5,0.1,0.5,0.5582474600360461,0.5823918690826236,1.0,0.5778401821923975,0.5663040042612784,0.5591174857515373,0.572652718261634,0.5784818946406187,0.562693096883951,0.5624757896652116,0.5648626292379064,0.5586195176961041
6,3,0.19809321883325295,0.9399659542273501,5287,0.9098338208028248,0.9489216799091941,881,0.908252085931004,0.9463,0.7763921045798514,0.0840583435144972,,,0.9465737297271006,,0.9465890266552884,0.053410973344711565,0.9641792783269606,0.3861365927262042,5,0.1,0.5,0.5609074901855508,0.5655142478070426,0.5778401821923975,1.0,0.5488208989207523,0.5712452789665876,0.5676917536493243,0.572874173897392,0.5603548397227753,0.5634058263438406,0.5532806752546865,0.5481769549772276
6,4,0.19398375316973657,0.9422087132725431,4935,0.9163786516739771,0.9464720194647201,822,0.9081907691285253,0.9464,0.7648253706637266,0.08352251189822202,,,0.911846706487585,,0.9118618543245821,0.08813814567541789,0.9641265147809501,0.3861216345573065,5,0.1,0.5,0.5411340023113593,0.5620491043196303,0.5663040042612784,0.5488208989207523,1.0,0.5526984503663914,0.5500939365971663,0.568644504711836,0.5543745589758938,0.5480808943897368,0.548581556988075,0.5428266028629463
6,5,0.1943305427425426,0.9426612384829655,4667,0.9200607585906982,0.9434447300771208,778,0.908161723575653,0.9464,0.7763546072706384,0.08451789027634518,,,0.9763567634145774,,0.9763716680889514,0.023628331911048628,0.9641893974309163,0.38614054757858096,5,0.1,0.5,0.5652115261841307,0.5615720953972787,0.5591174857515373,0.5712452789665876,0.5526984503663914,1.0,0.5589041558274199,0.5730269653386542,0.560969383198597,0.5603856030938824,0.5555275186255015,0.567699748490241
6,6,0.19639627110346086,0.9425106669660903,4453,0.9187050263086954,0.9366576819407008,742,0.9083059277778236,0.9462,0.7723086660420214,0.08345864192176065,,,0.9077073199909471,,0.90772551578736,0.09227448421263995,0.9640953321297482,0.3861188242412971,5,0.1,0.5,0.5502391204919627,0.5614312084198051,0.572652718261634,0.5676917536493243,0.5500939365971663,0.5589041558274199,1.0,0.5726769191823017,0.5609241525443205,0.5491300470833047,0.5582861352927198,0.5533733448855391
6,7,0.19316329639127006,0.943792377834931,4277,0.9127768252206885,0.94109396914446,713,0.9081695032195923,0.9464,0.7850173167925478,0.08488270109100783,,,0.9999999999351904,,1.0,0.0,0.9641920493957898,0.3861408791386788,5,0.1,0.5,0.555328297659091,0.5738510100387032,0.5784818946406187,0.572874173897392,0.568644504711836,0.5730269653386542,0.5726769191823017,1.0,0.574076906318828,0.5625206016172846,0.5712289274186857,0.5634580767617275
6,8,0.22288240428727407,0.9331557277791233,4129,0.8680497976866636,0.9534883720930233,688,0.9120560246534621,0.9461,0.7683853695628615,0.08112710947681376,,,0.7566016760907303,,0.7566236634707093,0.2433763365292907,0.9628813546200597,0.3856717338457192,5,0.1,0.5,0.5493551378438419,0.5554966164380696,0.562693096883951,0.5603548397227753,0.5543745589758938,0.560969383198597,0.5609241525443205,0.574076906318828,1.0,0.550630611545307,0.5532465987033663,0.5543731074023325
6,9,0.22829387486865652,0.9359660084978755,4001,0.9070872721217927,0.9430284857571214,667,0.9107653898552964,0.9459,0.7637520238242472,0.0802537559683832,,,0.7,,0.7,0.30000000000000004,0.961807692392514,0.3851943689531776,5,0.1,0.5,0.5520889939015419,0.5457595096260232,0.5624757896652116,0.5634058263438406,0.5480808943897368,0.5603856030938824,0.5491300470833047,0.5625206016172846,0.550630611545307,1.0,0.5491674845667464,0.5560120110180296
6,10,0.21667741978479946,0.9357161223965029,3889,0.9369224650519234,0.9398148148148148,648,0.9091102454228143,0.9462,0.768300593572251,0.08325517827980061,,,0.8945209263401586,,0.8945283871291602,0.10547161287083984,0.9640902156360838,0.3861068224653959,5,0.1,0.5,0.5481002268786895,0.5615578613915845,0.5648626292379064,0.5532806752546865,0.548581556988075,0.5555275186255015,0.5582861352927198,0.5712289274186857,0.5532465987033663,0.5491674845667464,1.0,0.5549734303535567
