round,client_id,client_i_training_loss,client_i_training_accuracy,client_i_training_dataset_size,client_i_evaluation_loss,client_i_evaluation_accuracy,client_i_evaluation_dataset_size,client_i_central_evaluation_loss,client_i_central_evaluation_accuracy,client_i_cosine_similarity,client_i_importance_coefficient,client_i_tanh_val,tanh_normalization_value,client_i_q,client_i_mask_order,client_i_v_nonzero_fraction,client_i_v_sparsity,client_i_v_cosine_similarity,client_i_reward_gradient_norm,local_epochs,learning_rate,gamma,client_0_cosine_similarity,client_1_cosine_similarity,client_2_cosine_similarity,client_3_cosine_similarity,client_4_cosine_similarity,client_5_cosine_similarity,client_6_cosine_similarity,client_7_cosine_similarity,client_8_cosine_similarity,client_9_cosine_similarity,client_10_cosine_similarity,client_11_cosine_similarity
0,0,2.2600379842299003,0.15682980277574873,6845,2.2989468574523926,0.09934258582907232,1369,2.298856747301319,0.1008,0.8934559827217765,0.07997155647403391,,,0.65,,0.6500140284860788,0.3499859715139212,0,0.13922712736613282,10,0.025,0.15,1.0,0.9149720392513444,0.9085488092348712,0.823727349657146,0.8213153354362575,0.8053898811673027,0.7488823900336068,0.7392842611456242,0.7659162374566366,0.7756648061347211,0.7360088100977851,0.7078711948630082
0,1,2.290535100670748,0.12595837897042717,5478,2.2989715735117593,0.09032846715328467,1096,2.2987800036804584,0.1005,0.9584291365370806,0.08578718067950158,,,0.9106184358143137,,0.9106632998300077,0.08933670016999229,0,0.13978450525483938,10,0.025,0.15,0.9149720392513444,1.0,0.959346722424122,0.8801656056426802,0.8961705145013177,0.8966999091372314,0.8736825733258556,0.8457410131012864,0.8357914228595347,0.8190756886195499,0.8623386038127769,0.8187300621705411
0,2,2.2921898948518855,0.12186721991701245,4820,2.298888683319092,0.11514522821576763,964,2.2987790952754925,0.1005,0.9732331832602648,0.08711226292357675,,,0.9699999999551865,,0.9700285520951957,0.029971447904804327,0,0.13979036860459282,10,0.025,0.15,0.9085488092348712,0.959346722424122,1.0,0.9263806013307767,0.9160874386403375,0.897804132908795,0.8882685383654626,0.8815489904469741,0.8559664451155236,0.8537058976442906,0.8759892282704824,0.8376771131897721
0,3,2.2953733158111573,0.12945982750794371,4406,2.297284875597273,0.12372304199772985,881,2.2987798195851,0.1005,0.961163521338849,0.08603193029540343,,,0.9215865210634471,,0.9216302751233681,0.07836972487663185,0,0.13978647276994463,10,0.025,0.15,0.823727349657146,0.8801656056426802,0.9263806013307767,1.0,0.915359124501229,0.9012189711519134,0.9209472099699932,0.94079558023979,0.8423688859618544,0.8779611215215299,0.8638655875483374,0.8835559727865323
0,4,2.29612983862559,0.13703793774319067,4112,2.2964461530957903,0.10583941605839416,822,2.298784648315816,0.1005,0.9495758699544359,0.08499474151944715,,,0.8751064688998719,,0.8751712300506675,0.12482876994933245,0,0.1397284678648402,10,0.025,0.15,0.8213153354362575,0.8961705145013177,0.9160874386403375,0.915359124501229,1.0,0.859032121366541,0.8910396262610959,0.8797740619418267,0.8723295380878925,0.8760186630978296,0.8636878469506986,0.839198470121437
0,5,2.296494245529175,0.12113653895602983,3889,2.299662317548479,0.09640102827763496,778,2.298787572715856,0.1005,0.9385103608935179,0.08400428871607195,,,0.8307208189259858,,0.8307586935353435,0.16924130646465652,0,0.13970666393644576,10,0.025,0.15,0.8053898811673027,0.8966999091372314,0.897804132908795,0.9012189711519134,0.859032121366541,1.0,0.9070049573079766,0.8810499288610728,0.7835125654164038,0.8619620638602653,0.8358853186561331,0.8870465304077014
0,6,2.297792171609813,0.11209916464564808,3711,2.2989599307378135,0.09433962264150944,742,2.29878734033319,0.1005,0.9390449419894545,0.08405213805966626,,,0.832865115160011,,0.832904226700335,0.16709577329966496,0,0.13970798280892777,10,0.025,0.15,0.7488823900336068,0.8736825733258556,0.8882685383654626,0.9209472099699932,0.8910396262610959,0.9070049573079766,1.0,0.9515536858184812,0.8126183742227849,0.8231068945615921,0.8700147211043062,0.9026435449023851
0,7,2.297358535868781,0.10937149270482603,3564,2.3023575941721597,0.0785413744740533,713,2.2988081159470957,0.1009,0.9304199826574517,0.0832801342501397,,,0.7982689276875915,,0.7982951263388952,0.2017048736611048,0,0.13957937733687506,10,0.025,0.15,0.7392842611456242,0.8457410131012864,0.8815489904469741,0.94079558023979,0.8797740619418267,0.8810499288610728,0.9515536858184812,1.0,0.8127961132903583,0.853381957062738,0.8485772619591502,0.865960497527187
0,8,2.2965481131165117,0.11746585294972392,3441,2.300145427385966,0.09011627906976744,688,2.298849295966233,0.1008,0.9017866135347112,0.08071721549406913,,,0.6834155854275638,,0.6834513376574078,0.31654866234259216,0,0.1393016736360109,10,0.025,0.15,0.7659162374566366,0.8357914228595347,0.8559664451155236,0.8423688859618544,0.8723295380878925,0.7835125654164038,0.8126183742227849,0.8127961132903583,1.0,0.8574485293549924,0.8702602769895781,0.8531957020823232
0,9,2.297269128870081,0.10554889022195561,3334,2.299365003903707,0.10344827586206896,667,2.298820112324968,0.1008,0.9061282651257322,0.08110582852270899,,,0.7008306927458744,,0.7008714165470119,0.2991285834529881,0,0.1394623974182456,10,0.025,0.15,0.7756648061347211,0.8190756886195499,0.8537058976442906,0.8779611215215299,0.8760186630978296,0.8619620638602653,0.8231068945615921,0.853381957062738,0.8574485293549924,1.0,0.7907103548431906,0.8058602464084789
0,10,2.298193377714891,0.11271212588707188,3241,2.2983956336975098,0.1095679012345679,648,2.29881603506547,0.1008,0.913054430188956,0.0817257764677826,,,0.7286127257698582,,0.7286643230842864,0.2713356769157136,0,0.13950624251819033,10,0.025,0.15,0.7360088100977851,0.8623386038127769,0.8759892282704824,0.8638655875483374,0.8636878469506986,0.8358853186561331,0.8700147211043062,0.8485772619591502,0.8702602769895781,0.7907103548431906,1.0,0.8952658383130067
0,11,2.2995012941360473,0.1225071225071225,3159,2.2988550662994385,0.0949367088607595,632,2.2988191888302185,0.1008,0.9073696953688822,0.0812169465975986,,,0.7058102818398876,,0.7058474030796653,0.2941525969203347,0,0.1394707718485026,10,0.025,0.15,0.7078711948630082,0.8187300621705411,0.8376771131897721,0.8835559727865323,0.839198470121437,0.8870465304077014,0.9026435449023851,0.865960497527187,0.8531957020823232,0.8058602464084789,0.8952658383130067,1.0
1,0,2.1228975311473564,0.22340394448502557,6845,2.289869113401933,0.1183345507669832,1369,2.2898369710656663,0.1259,0.8953646952442642,0.07891224082013198,,,0.65,,0.6500140284860788,0.3499859715139212,0.8628342699296722,0.1447630357083093,10,0.025,0.15,1.0,0.94833312613731,0.929178399541682,0.893005327978282,0.8890561721042773,0.8536648668777793,0.8207636740623521,0.8195792390320723,0.8199359991659615,0.821915956661773,0.7995425404890558,0.7886578837748686
1,1,2.1875586764757022,0.19246075209930633,5478,2.290203412373861,0.11861313868613138,1096,2.2896859072431734,0.1259,0.9524778448757099,0.08438944328584053,,,0.905587203407823,,0.9056295489429124,0.09437045105708763,0.8644883873515887,0.14505036602762786,10,0.025,0.15,0.94833312613731,1.0,0.9698949219399626,0.9445970507765006,0.9465929665361635,0.9240734208019714,0.8922148860671191,0.8907207522701013,0.8954744800452116,0.892542485457204,0.8758776005535985,0.8643270694984998
1,2,2.1897310736932254,0.19064315352697095,4820,2.2891646325588226,0.14522821576763487,964,2.2896825120418884,0.126,0.969542166364096,0.08576980162678347,,,0.9699999999533362,,0.9700285520951957,0.029971447904804327,0.8646225502889548,0.1450560187103479,10,0.025,0.15,0.929178399541682,0.9698949219399626,1.0,0.9635710783476618,0.9678622961164928,0.9397488899075037,0.918749296164748,0.919140751658989,0.9201528228183624,0.9188248050851622,0.9013809621813016,0.8942703424274554
1,3,2.2092776782172066,0.18152519291874716,4406,2.287726402282715,0.1452894438138479,881,2.289684036110021,0.126,0.9783592235620433,0.08538716336481797,,,0.9521446360326344,,0.9521793665725933,0.04782063342740672,0.8645731762533841,0.14505541731810154,10,0.025,0.15,0.893005327978282,0.9445970507765006,0.9635710783476618,1.0,0.965801940553403,0.9570723568404091,0.9420042486776292,0.9548262703986056,0.9366956276458028,0.9419349356033272,0.9263958286176779,0.9209667971963166
1,4,2.2278875654393975,0.19053988326848248,4112,2.2881644793919156,0.12408759124087591,822,2.2896916715404654,0.1259,0.98382926563986,0.08492193794206179,,,0.9304354395037653,,0.9304682213530062,0.06953177864699378,0.8647426935767573,0.14505368237835614,10,0.025,0.15,0.8890561721042773,0.9465929665361635,0.9678622961164928,0.965801940553403,1.0,0.960309639412507,0.9511020140996587,0.94590491841578,0.9535134135781781,0.9580003672052528,0.9424670615869989,0.9311669865105962
1,5,2.238349913012597,0.16911802519928001,3889,2.2918344225202287,0.11696658097686376,778,2.2896980786625343,0.1258,0.9848392072240403,0.08433998197216,,,0.9032791494478626,,0.9033107227145946,0.09668927728540544,0.8645169193444527,0.14504994644588745,10,0.025,0.15,0.8536648668777793,0.9240734208019714,0.9397488899075037,0.9570723568404091,0.960309639412507,1.0,0.9719077747890253,0.9708859293079568,0.9634870483900742,0.9603292779571931,0.9619730186687533,0.9626990304352478
1,6,2.249295339091071,0.15952573430342226,3711,2.289944132169088,0.1334231805929919,742,2.2896975263764587,0.1258,0.9782602146574916,0.08415470100903708,,,0.8946332314804737,,0.8946708257001865,0.10532917429981348,0.8645386194253599,0.14504838766546185,10,0.025,0.15,0.8207636740623521,0.8922148860671191,0.918749296164748,0.9420042486776292,0.9511020140996587,0.9719077747890253,1.0,0.9792562599337096,0.9678959491656646,0.9634807834468428,0.9719214888670484,0.9723935565801027
1,7,2.244869394813265,0.15603254769921437,3564,2.2924274603525796,0.09957924263674614,713,2.289718993102448,0.1268,0.9766406860236749,0.08362245064591033,,,0.8697963950341208,,0.8698321532900926,0.13016784670990744,0.8651675663110509,0.14504084996328426,10,0.025,0.15,0.8195792390320723,0.8907207522701013,0.919140751658989,0.9548262703986056,0.94590491841578,0.9708859293079568,0.9792562599337096,1.0,0.9627668424659167,0.9601547665624445,0.9669344188061484,0.9619826878454277
1,8,2.2495762489460134,0.1859924440569602,3441,2.2912762562433877,0.11773255813953488,688,2.2897869786129723,0.1267,0.9752258383415543,0.0819849334018802,,,0.7933835810923228,,0.7934264164644914,0.2065735835355086,0.8644357539773209,0.1449966731612569,10,0.025,0.15,0.8199359991659615,0.8954744800452116,0.9201528228183624,0.9366956276458028,0.9535134135781781,0.9634870483900742,0.9678959491656646,0.9627668424659167,1.0,0.9644603860134562,0.9660616018796973,0.9670845097174884
1,9,2.251548915439182,0.18155368926214757,3334,2.290562152862549,0.13493253373313344,667,2.289746486687962,0.1268,0.9736783995504137,0.08217565051394907,,,0.8022831705489617,,0.8023303790992061,0.19766962090079387,0.8641469223746638,0.1450039832601766,10,0.025,0.15,0.821915956661773,0.892542485457204,0.9188248050851622,0.9419349356033272,0.9580003672052528,0.9603292779571931,0.9634807834468428,0.9601547665624445,0.9644603860134562,1.0,0.9626281665838059,0.9547842905028785
1,10,2.262830203313094,0.1619253316877507,3241,2.29002312819163,0.1404320987654321,648,2.289737366422822,0.1267,0.9690619250977522,0.08240970970115248,,,0.8132052669044942,,0.8132643461900282,0.1867356538099718,0.8645244706899848,0.14501347952099747,10,0.025,0.15,0.7995425404890558,0.8758776005535985,0.9013809621813016,0.9263958286176779,0.9424670615869989,0.9619730186687533,0.9719214888670484,0.9669344188061484,0.9660616018796973,0.9626281665838059,1.0,0.9716115986290023
1,11,2.26511771774292,0.1654320987654321,3159,2.290183591842651,0.12183544303797468,632,2.289749021771588,0.1268,0.9641106745902173,0.081931985716275,,,0.7909128396918583,,0.7909508012741167,0.20904919872588335,0.8640296363136392,0.14499468211697647,10,0.025,0.15,0.7886578837748686,0.8643270694984998,0.8942703424274554,0.9209667971963166,0.9311669865105962,0.9626990304352478,0.9723935565801027,0.9619826878454277,0.9670845097174884,0.9547842905028785,0.9716115986290023,1.0
2,0,2.0292464435100555,0.26495252008765524,6845,2.275875785134055,0.15193571950328708,1369,2.276083421103562,0.1569,0.9084062546748799,0.07850183444470452,,,0.65,,0.6500140284860788,0.3499859715139212,0.946178051181398,0.14570586401548963,10,0.025,0.15,1.0,0.9416422988772856,0.918410246257265,0.9003844240934603,0.8989700368563683,0.8770715988647451,0.867059253554221,0.8585146285759857,0.8427107149875009,0.8480420148551684,0.8313419451616888,0.8231256043770107
2,1,2.086465051007825,0.24176706827309236,5478,2.277148882548014,0.15054744525547445,1096,2.275835592535478,0.1578,0.9642379783157682,0.08371516196626053,,,0.9042968575206096,,0.9043339769932829,0.09566602300671712,0.9478771616700471,0.14593870535826392,10,0.025,0.15,0.9416422988772856,1.0,0.9612665920730566,0.9519243243386262,0.9496007775400255,0.9418356087423154,0.9348965699518097,0.9321116078556911,0.9147075609214566,0.917816698399384,0.9079937835740753,0.9005891377709325
2,2,2.082477022472181,0.23981327800829874,4820,2.2742156982421875,0.17531120331950206,964,2.275828865509999,0.1579,0.979324454845559,0.08506213889718255,,,0.9699999999512218,,0.9700285520951957,0.029971447904804327,0.9479258560223944,0.14594201373518292,10,0.025,0.15,0.918410246257265,0.9612665920730566,1.0,0.9657985207987669,0.9710523719661011,0.9561678981782973,0.9569607997330632,0.9528557615526926,0.9441270434614651,0.9401498067419751,0.9308637886971661,0.9313416713430815
2,3,2.1077336158071245,0.232614616432138,4406,2.2732272829328264,0.17366628830874006,881,2.2758316631558575,0.1579,0.9842959971368354,0.08498719592072046,,,0.9663444146597261,,0.9663811457147101,0.03361885428528988,0.9479123526354412,0.145941973081047,10,0.025,0.15,0.9003844240934603,0.9519243243386262,0.9657985207987669,1.0,0.9719831165530083,0.9675394423071032,0.9633933786420371,0.9656674705559141,0.9536770821407679,0.9513952654980572,0.947292693338483,0.9478092986537716
2,4,2.1192598855856692,0.24083171206225681,4112,2.2749952929360524,0.1630170316301703,822,2.275842950313906,0.1577,0.9849546094461059,0.08472047361235342,,,0.9533341741620915,,0.9533841659652423,0.046615834034757664,0.9479226223557925,0.1459417609849474,10,0.025,0.15,0.8989700368563683,0.9496007775400255,0.9710523719661011,0.9719831165530083,1.0,0.9664710362364852,0.9642517824225196,0.9605262479589882,0.9591475699827228,0.9565003410681184,0.948396830104468,0.9478055526237106
2,5,2.1360936764747867,0.22296220107996914,3889,2.2789202417646135,0.14781491002570693,778,2.2758532234385043,0.1577,0.9849320391395686,0.08435923035274391,,,0.9357133695340749,,0.9357412817085046,0.06425871829149543,0.9479392526003425,0.1459411087906894,10,0.025,0.15,0.8770715988647451,0.9418356087423154,0.9561678981782973,0.9675394423071032,0.9664710362364852,1.0,0.9728919782530216,0.9707083237048141,0.9584539238053829,0.9632344643127416,0.9581521505585193,0.9619388385775353
2,6,2.1557951795643775,0.21692266235516033,3711,2.2763987382253013,0.16576819407008087,742,2.2758517446397226,0.1577,0.9858567172892503,0.08427460153803104,,,0.9315853262549615,,0.9316235084418478,0.06837649155815217,0.9479179366655506,0.1459408490133771,10,0.025,0.15,0.867059253554221,0.9348965699518097,0.9569607997330632,0.9633933786420371,0.9642517824225196,0.9728919782530216,1.0,0.9760001372195722,0.9677777164349496,0.9653123529153783,0.9671278281856575,0.9697194568410734
2,7,2.14560219006879,0.21531986531986533,3564,2.278213103612264,0.13744740532959326,713,2.275874774667281,0.1573,0.9834004421477787,0.08386480124739991,,,0.9115959958920332,,0.9116370418048885,0.08836295819511153,0.9478151813658047,0.14593932082216488,10,0.025,0.15,0.8585146285759857,0.9321116078556911,0.9528557615526926,0.9656674705559141,0.9605262479589882,0.9707083237048141,0.9760001372195722,1.0,0.9676006588529016,0.9608366782259321,0.9667110547170144,0.9649271500389927
2,8,2.13814464630904,0.24106364428945073,3441,2.2778193950653076,0.14534883720930233,688,2.2759703080865403,0.1572,0.9765570305055375,0.08262727732056667,,,0.8512317766100015,,0.8512815434635507,0.14871845653644933,0.9476074921175325,0.14592739007895106,10,0.025,0.15,0.8427107149875009,0.9147075609214566,0.9441270434614651,0.9536770821407679,0.9591475699827228,0.9584539238053829,0.9677777164349496,0.9676006588529016,1.0,0.9604857033943759,0.962367471003104,0.9662998173663634
2,9,2.1487049667923537,0.23119376124775046,3334,2.2772246599197388,0.17691154422788605,667,2.2759175089341177,0.1574,0.9752845718010873,0.08270393467024127,,,0.8549709859820402,,0.855011470350382,0.14498852964961795,0.9475931436674485,0.1459283150974856,10,0.025,0.15,0.8480420148551684,0.917816698399384,0.9401498067419751,0.9513952654980572,0.9565003410681184,0.9632344643127416,0.9653123529153783,0.9608366782259321,0.9604857033943759,1.0,0.9587252128356435,0.9602237624437086
2,10,2.175661114545969,0.21342178340018514,3241,2.276260415712992,0.1558641975308642,648,2.2759038104286677,0.1575,0.9721486966201797,0.08274668660003263,,,0.8570563491889236,,0.8570909871102969,0.14290901288970315,0.9476290140178788,0.14592895354148924,10,0.025,0.15,0.8313419451616888,0.9079937835740753,0.9308637886971661,0.947292693338483,0.948396830104468,0.9581521505585193,0.9671278281856575,0.9667110547170144,0.962367471003104,0.9587252128356435,1.0,0.9669534324868133
2,11,2.1716601696014406,0.21263057929724596,3159,2.2770487785339357,0.1360759493670886,632,2.2759211787694618,0.1574,0.9717166958736213,0.08243666342976307,,,0.8419339695509381,,0.8419732303477414,0.1580267696522586,0.947606505634468,0.14592449539217214,10,0.025,0.15,0.8231256043770107,0.9005891377709325,0.9313416713430815,0.9478092986537716,0.9478055526237106,0.9619388385775353,0.9697194568410734,0.9649271500389927,0.9662998173663634,0.9602237624437086,0.9669534324868133,1.0
3,0,1.9643975109965712,0.2902556610664719,6845,2.256327910856767,0.1775018261504748,1369,2.256863274151766,0.1851,0.9153939539743312,0.07855503548387545,,,0.65,,0.6500140284860788,0.3499859715139212,0.9789590326358178,0.14530132745060223,10,0.025,0.15,1.0,0.9438817029179227,0.9183959459275893,0.906026143300308,0.9014507164454243,0.878346775515523,0.876554642424545,0.8661271957010863,0.843350689414912,0.8429165122141069,0.8497057063145802,0.8359551151606259
3,1,2.0187333553336386,0.2707009857612267,5478,2.259152332941691,0.18156934306569342,1096,2.2564713170256794,0.1841,0.9592535672643466,0.0832192876543048,,,0.8915091128089616,,0.891535046459045,0.10846495354095498,0.9803918300885011,0.14554022727976743,10,0.025,0.15,0.9438817029179227,1.0,0.9475992808861243,0.9452049567916284,0.9383160364748679,0.9294891407210868,0.929047169914499,0.9257060773072585,0.9007566744252731,0.9031490730571112,0.9073991120053952,0.8977654774667108
3,2,2.0148800071917083,0.26973029045643154,4820,2.253352105617523,0.21369294605809128,964,2.256459568120256,0.1842,0.9772233786513586,0.0846410346335487,,,0.9651253837672299,,0.9651680942714265,0.03483190572857353,0.9804531138182104,0.14554960249375826,10,0.025,0.15,0.9183959459275893,0.9475992808861243,1.0,0.9601661306929616,0.9606212290247232,0.9495106001162393,0.9549477421918021,0.9473302322060749,0.9336856323889365,0.9342812333092357,0.9352022667764549,0.9332366582716223
3,3,2.038244140148163,0.26452564684521107,4406,2.2531166076660156,0.1872871736662883,881,2.2564632892608643,0.1842,0.9815318456697797,0.08473517782689555,,,0.9699999999482212,,0.9700285520951957,0.029971447904804327,0.9804552189892273,0.14554970148086496,10,0.025,0.15,0.906026143300308,0.9452049567916284,0.9601661306929616,1.0,0.9621400156685296,0.9578079496624174,0.9576629104767256,0.9570790709690027,0.9434851742204837,0.9430535964836867,0.9469933079110875,0.9449936266366379
3,4,2.0447953924988256,0.27276264591439686,4112,2.2562545027051653,0.19829683698296838,822,2.256479000743431,0.1842,0.9803770453008177,0.08453209304523766,,,0.9594845253016859,,0.9595236916373718,0.040476308362628166,0.9804436289298535,0.14554942783014915,10,0.025,0.15,0.9014507164454243,0.9383160364748679,0.9606212290247232,0.9621400156685296,1.0,0.9542067154141103,0.9605381131004376,0.952966894214429,0.9461764190490812,0.9442293214980793,0.9466138567739727,0.9438397760744743
3,5,2.060840779735196,0.25536127539213166,3889,2.2602685519627164,0.17095115681233933,778,2.256494497951073,0.1841,0.9791761105754867,0.08426888977466032,,,0.9458561908886047,,0.9459078080903104,0.05409219190968961,0.9804174443033725,0.145548814428987,10,0.025,0.15,0.878346775515523,0.9294891407210868,0.9495106001162393,0.9578079496624174,0.9542067154141103,1.0,0.9630570728866217,0.9612846002142936,0.9463486676046493,0.949029481406309,0.9528943631135673,0.9544707686893035
3,6,2.080105646314292,0.25448666127728375,3711,2.257295846939087,0.18867924528301888,742,2.2564914015275015,0.1841,0.9831847288686285,0.08434724056770714,,,0.9499130964385618,,0.9499430608506214,0.05005693914937859,0.9804231428021946,0.14554901723834132,10,0.025,0.15,0.876554642424545,0.929047169914499,0.9549477421918021,0.9576629104767256,0.9605381131004376,0.9630570728866217,1.0,0.9663567898281119,0.9542034801277567,0.9538839403958599,0.9631092118801716,0.9637240828093945
3,7,2.069247650674411,0.25030864197530867,3564,2.2586987813313804,0.15568022440392706,713,2.256517292578009,0.184,0.9802766030727597,0.08399820923233456,,,0.9318406927459033,,0.9318710699608853,0.06812893003911469,0.9804199574807947,0.1455473217904654,10,0.025,0.15,0.8661271957010863,0.9257060773072585,0.9473302322060749,0.9570790709690027,0.952966894214429,0.9612846002142936,0.9663567898281119,1.0,0.9576901063403533,0.952944960388837,0.9627595035642046,0.958838587438427
3,8,2.055284964155268,0.27672188317349605,3441,2.2590221166610718,0.17877906976744187,688,2.2566494670095323,0.1849,0.9693217433802739,0.08287328174544999,,,0.873593361897387,,0.8736115924807315,0.1263884075192685,0.9802593389022372,0.14553458973289743,10,0.025,0.15,0.843350689414912,0.9007566744252731,0.9336856323889365,0.9434851742204837,0.9461764190490812,0.9463486676046493,0.9542034801277567,0.9576901063403533,1.0,0.9460050637277366,0.9546425425767997,0.9554442392316652
3,9,2.0638580132413793,0.26331733653269346,3334,2.2584505478541055,0.19940029985007496,667,2.256581581091579,0.1842,0.9690415171934846,0.082911671504749,,,0.8755811353647038,,0.8756250928355697,0.12437490716443034,0.9803001675757035,0.14553689591847452,10,0.025,0.15,0.8429165122141069,0.9031490730571112,0.9342812333092357,0.9430535964836867,0.9442293214980793,0.949029481406309,0.9538839403958599,0.952944960388837,0.9460050637277366,1.0,0.9564032312472459,0.9525543047411068
3,10,2.098346941287701,0.24714594261030545,3241,2.2567150592803955,0.18364197530864199,648,2.25656146641019,0.1841,0.9741026290127104,0.0831033618550435,,,0.8855066206819785,,0.885544057698338,0.114455942301662,0.9803265684496805,0.14553909064782086,10,0.025,0.15,0.8497057063145802,0.9073991120053952,0.9352022667764549,0.9469933079110875,0.9466138567739727,0.9528943631135673,0.9631092118801716,0.9627595035642046,0.9546425425767997,0.9564032312472459,1.0,0.961832636931302
3,11,2.090433263301849,0.24732510288065843,3159,2.258582592010498,0.1661392405063291,632,2.2565871009343788,0.184,0.9711489717038925,0.08281471667619335,,,0.870560936247797,,0.8705995939991088,0.1294004060008912,0.9802169793361559,0.14553378977886225,10,0.025,0.15,0.8359551151606259,0.8977654774667108,0.9332366582716223,0.9449936266366379,0.9438397760744743,0.9544707686893035,0.9637240828093945,0.958838587438427,0.9554442392316652,0.9525543047411068,0.961832636931302,1.0
4,0,1.915214314504906,0.3091599707815924,6845,2.231539184396917,0.2176771365960555,1369,2.232437299776681,0.219,0.9179559983180648,0.07876019317796253,,,0.65,,0.6500140284860788,0.3499859715139212,0.9845158512379337,0.14485527108609442,10,0.025,0.15,1.0,0.939228099023516,0.918220940423684,0.9069581111747814,0.9009219319560788,0.8748887290592534,0.8775204048442001,0.8670339717887152,0.8428820556686935,0.8409003758782291,0.8546157913633858,0.8386260219102576
4,1,1.9694535008696623,0.29076305220883536,5478,2.2360693878597684,0.2116788321167883,1096,2.231830995294112,0.218,0.959548069994601,0.08301473917324935,,,0.8853395064045033,,0.8853872687362809,0.11461273126371907,0.9864307937331777,0.1451079676460831,10,0.025,0.15,0.939228099023516,1.0,0.9434044144032737,0.940509167610899,0.9357776726888137,0.9235017629447518,0.9273526537168834,0.9235226633118087,0.8977371967791538,0.9005660547546639,0.9085792853344988,0.8991328326363733
4,2,1.961922346290789,0.2917842323651452,4820,2.2270550429821014,0.2572614107883817,964,2.231815603714955,0.2182,0.9751232905383743,0.08440626347088451,,,0.9623114422392818,,0.9623458929543992,0.03765410704560079,0.9865338927283551,0.14511471959437702,10,0.025,0.15,0.918220940423684,0.9434044144032737,1.0,0.9563971624418117,0.9566134015217547,0.9413776336611281,0.9484380213848983,0.9428548457136326,0.9239503072534956,0.9244639833344135,0.9337290708331353,0.9278428929875515
4,3,1.986882676737649,0.28420335905583294,4406,2.2278032643454417,0.23609534619750283,881,2.2318203901942772,0.2181,0.9775886329662196,0.08454525977836733,,,0.9699999999446851,,0.9700285520951957,0.029971447904804327,0.9865265253638923,0.14511480679260957,10,0.025,0.15,0.9069581111747814,0.940509167610899,0.9563971624418117,1.0,0.9567077781239935,0.946325621928884,0.9467210770415969,0.9508214748541338,0.9349088325140329,0.9327499328643823,0.9386289168968395,0.934544276224554
4,4,1.9883999669190608,0.2920719844357977,4112,2.2322358063289096,0.23114355231143552,822,2.2318412080595764,0.2179,0.9791474142336895,0.08447011566028595,,,0.9658434155105142,,0.9658777706260006,0.034122229373999446,0.9865339557199548,0.14511476951015065,10,0.025,0.15,0.9009219319560788,0.9357776726888137,0.9566134015217547,0.9567077781239935,1.0,0.9455746080562546,0.9567743901013954,0.9507943648628492,0.9406403643676293,0.9386961071792107,0.9422071712163974,0.9383921611341004
4,5,2.0105619042150438,0.2736178966315248,3889,2.236399071557181,0.20822622107969152,778,2.2318609122988544,0.2179,0.9730248004688732,0.08410666969335691,,,0.9457394621024324,,0.9457840273307917,0.0542159726692083,0.9865350397087441,0.14511433948078464,10,0.025,0.15,0.8748887290592534,0.9235017629447518,0.9413776336611281,0.946325621928884,0.9455746080562546,1.0,0.9514684070459964,0.9484356861437796,0.9329722676298151,0.9400064818613688,0.9442789892801948,0.942345251525586
4,6,2.023311231054109,0.2770142818647265,3711,2.2327242692311606,0.215633423180593,742,2.231856506082076,0.2179,0.9784824967465854,0.08433363355225082,,,0.9582939303307523,,0.9583271442953574,0.04167285570464263,0.9865409331319014,0.14511465781392818,10,0.025,0.15,0.8775204048442001,0.9273526537168834,0.9484380213848983,0.9467210770415969,0.9567743901013954,0.9514684070459964,1.0,0.9565539348905797,0.9416607870845201,0.9422581560061496,0.9531069954505738,0.9525947814831547
4,7,2.011579718334334,0.275,3564,2.234008034070333,0.182328190743338,713,2.2318877027004578,0.2168,0.9774838811308327,0.08408432574290838,,,0.9445035101875842,,0.9445544717862389,0.05544552821376114,0.9865370698889622,0.14511431054126803,10,0.025,0.15,0.8670339717887152,0.9235226633118087,0.9428548457136326,0.9508214748541338,0.9507943648628492,0.9484356861437796,0.9565539348905797,1.0,0.9505422829473831,0.9476028368410577,0.955380395184555,0.9490887048179817
4,8,1.996939480746234,0.2967160709096193,3441,2.235235810279846,0.20930232558139536,688,2.2320628136019165,0.2179,0.9643898599431673,0.08295813766075096,,,0.8822086031241352,,0.8822597415457741,0.11774025845422587,0.986411169059089,0.14510738518431746,10,0.025,0.15,0.8428820556686935,0.8977371967791538,0.9239503072534956,0.9349088325140329,0.9406403643676293,0.9329722676298151,0.9416607870845201,0.9505422829473831,1.0,0.9362034188023868,0.9443058070830611,0.9450159339754102
4,9,2.009805006451077,0.2861127774445111,3334,2.2343864838282266,0.22038980509745126,667,2.231973681268813,0.2165,0.9644006655961945,0.08298232315221736,,,0.8835464195750937,,0.8836048257992111,0.11639517420078893,0.9864114819411144,0.14510767840842034,10,0.025,0.15,0.8409003758782291,0.9005660547546639,0.9244639833344135,0.9327499328643823,0.9386961071792107,0.9400064818613688,0.9422581560061496,0.9476028368410577,0.9362034188023868,1.0,0.9468331190719508,0.9404973810971085
4,10,2.0396877385102785,0.2709966059858068,3241,2.2313732306162515,0.20679012345679013,648,2.231949872608426,0.2166,0.9715056941108349,0.08333347297275966,,,0.9029702136842658,,0.9030136488917496,0.09698635110825038,0.9864325567385406,0.14511112567807874,10,0.025,0.15,0.8546157913633858,0.9085792853344988,0.9337290708331353,0.9386289168968395,0.9422071712163974,0.9442789892801948,0.9531069954505738,0.955380395184555,0.9443058070830611,0.9468331190719508,1.0,0.9518496264407885
4,11,2.0304156222343446,0.27100348211459324,3159,2.2348189830780028,0.20727848101265822,632,2.2319808549518827,0.2165,0.9669327432789523,0.08300486596500621,,,0.8847933715273288,,0.8848426333943985,0.1151573666056015,0.9864140243209525,0.14510782659830337,10,0.025,0.15,0.8386260219102576,0.8991328326363733,0.9278428929875515,0.934544276224554,0.9383921611341004,0.942345251525586,0.9525947814831547,0.9490887048179817,0.9450159339754102,0.9404973810971085,0.9518496264407885,1.0
5,0,1.8734252256375772,0.3241928414901388,6845,2.201729579405351,0.26150474799123447,1369,2.202856625182719,0.2535,0.9267710067570029,0.07925772838005653,,,0.65,,0.6500140284860788,0.3499859715139212,0.9880172509708718,0.1444040420374216,10,0.025,0.15,1.0,0.9386434822763018,0.9227252204496813,0.9134979281832881,0.9031619420998667,0.8806674290130458,0.8844764931803726,0.8741251864783216,0.8513507574643957,0.8454392315380498,0.867765267624953,0.8520993591559914
5,1,1.9255998228871545,0.3068638189120117,5478,2.2078874905904136,0.24087591240875914,1096,2.2019620334045795,0.256,0.9582425439629804,0.08293105951252941,,,0.8785131669462942,,0.8785545708108465,0.12144542918915346,0.9892337188630036,0.14469782676847529,10,0.025,0.15,0.9386434822763018,1.0,0.9406161689992808,0.9368955743858582,0.9305456846673039,0.9172540970892645,0.9230896070139382,0.9183220154943896,0.8948787687404772,0.8912357205709165,0.905283279279121,0.8968093414345708
5,2,1.9178309748047278,0.3057053941908714,4820,2.195196658372879,0.29356846473029047,964,2.2019357379478746,0.2562,0.9728661780236825,0.08427412172180261,,,0.9620633255839928,,0.9621065834859963,0.037893416514003686,0.9892841198002672,0.144707636214352,10,0.025,0.15,0.9227252204496813,0.9406161689992808,1.0,0.9505366864056979,0.9489067544317332,0.9346486711131697,0.9419411777908734,0.9360008346144115,0.9170337347414692,0.9150095678654175,0.9296782913969821,0.9232119397003044
5,3,1.942636547088623,0.30179300953245575,4406,2.197187900543213,0.27128263337116915,881,2.201940162272393,0.2562,0.9731898884820404,0.0843710882258028,,,0.968095486072034,,0.9681388324998762,0.0318611675001238,0.9892904609719011,0.14470774867996192,10,0.025,0.15,0.9134979281832881,0.9368955743858582,0.9505366864056979,1.0,0.9475335554019244,0.937602606201436,0.936488883672634,0.9407746816249528,0.9245553607196125,0.9178129457313825,0.9311882151035181,0.92663991326625
5,4,1.9477094281803478,0.3062013618677043,4112,2.2029570511409213,0.2639902676399027,822,2.2019671820387057,0.2549,0.9755536426970671,0.08440170313595788,,,0.9699999999377913,,0.9700285520951957,0.029971447904804327,0.9892878351157102,0.14470777580105437,10,0.025,0.15,0.9031619420998667,0.9305456846673039,0.9489067544317332,0.9475335554019244,1.0,0.9404459918251158,0.9489235958407524,0.941890006298002,0.934155537046822,0.9278095576241001,0.9332642601821894,0.9336578770328846
5,5,1.9647875374363315,0.2915145281563384,3889,2.20732239314488,0.2660668380462725,778,2.201993546908415,0.2548,0.9694056619079015,0.08397475494434267,,,0.9434401065142151,,0.9434982093050123,0.05650179069498773,0.989284876484451,0.14470696877681452,10,0.025,0.15,0.8806674290130458,0.9172540970892645,0.9346486711131697,0.937602606201436,0.9404459918251158,1.0,0.943398490675747,0.9422144207568367,0.922895429703116,0.9288207291057489,0.9373670514213418,0.9331242552062022
5,6,1.974148222084703,0.2971975208838588,3711,2.202913999557495,0.25202156334231807,742,2.2019870975349525,0.2549,0.9739129959765008,0.0842632251420713,,,0.9613854634873054,,0.9614216632833259,0.0385783367166741,0.9892795818585515,0.14470761774754148,10,0.025,0.15,0.8844764931803726,0.9230896070139382,0.9419411777908734,0.936488883672634,0.9489235958407524,0.943398490675747,1.0,0.9472701914671701,0.9296580629287388,0.9284587159169062,0.9438286958913995,0.9429910917942067
5,7,1.9674493121249335,0.2886644219977553,3564,2.2046241760253906,0.22720897615708274,713,2.2020280662971206,0.2547,0.9738611492443497,0.08410659803846512,,,0.95164189445312,,0.9516842435345183,0.048315756465481696,0.9892803577637292,0.14470730713015925,10,0.025,0.15,0.8741251864783216,0.9183220154943896,0.9360008346144115,0.9407746816249528,0.941890006298002,0.9422144207568367,0.9472701914671701,1.0,0.9427475446822041,0.9386786790719761,0.9475195927833018,0.9401650362872908
5,8,1.9510131195739464,0.31293228712583554,3441,2.206251382827759,0.23982558139534885,688,2.2022514795955224,0.2543,0.9600686151309544,0.08295561128436736,,,0.8800405008387486,,0.8800812001782443,0.11991879982175568,0.9892460776705835,0.1446982534771003,10,0.025,0.15,0.8513507574643957,0.8948787687404772,0.9170337347414692,0.9245553607196125,0.934155537046822,0.922895429703116,0.9296580629287388,0.9427475446822041,1.0,0.9263520958154621,0.9327489993196342,0.9339951552444293
5,9,1.9604595515463088,0.30191961607678464,3334,2.2049357493718467,0.2518740629685157,667,2.2021443330788912,0.2543,0.9580036648528396,0.08290310152767624,,,0.8767739369586257,,0.8768216401775841,0.12317835982241587,0.9892411836347698,0.14469738861911266,10,0.025,0.15,0.8454392315380498,0.8912357205709165,0.9150095678654175,0.9178129457313825,0.9278095576241001,0.9288207291057489,0.9284587159169062,0.9386786790719761,0.9263520958154621,1.0,0.9376777935653722,0.9289985855848256
5,10,1.9916947525281172,0.2894168466522678,3241,2.2005265156428018,0.24537037037037038,648,2.202110477640659,0.2544,0.9683332797832043,0.08345917987763922,,,0.9113668501041294,,0.9114142364377548,0.08858576356224523,0.989262276164113,0.14470385822387835,10,0.025,0.15,0.867765267624953,0.905283279279121,0.9296782913969821,0.9311882151035181,0.9332642601821894,0.9373670514213418,0.9438286958913995,0.9475195927833018,0.9327489993196342,0.9376777935653722,1.0,0.939840899880748
5,11,1.9828928422927856,0.29284583729028174,3159,2.2059999465942384,0.23417721518987342,632,2.2021513498282133,0.254,0.9636511931159508,0.08310182820928869,,,0.8891364661546843,,0.8891667079269199,0.11083329207308013,0.9892354394078265,0.14470018101236118,10,0.025,0.15,0.8520993591559914,0.8968093414345708,0.9232119397003044,0.92663991326625,0.9336578770328846,0.9331242552062022,0.9429910917942067,0.9401650362872908,0.9339951552444293,0.9289985855848256,0.939840899880748,1.0
6,0,1.8356417647114507,0.3366691015339664,6845,2.168042789806019,0.2870708546384222,1369,2.169298932522158,0.2829,0.9331855276285337,0.07981632099757291,,,0.65,,0.6500140284860788,0.3499859715139212,0.9892544536895017,0.14417328466895607,10,0.025,0.15,1.0,0.9368627320010005,0.9255535821868612,0.914643106582466,0.9065671664492476,0.8870081771351997,0.888541825448489,0.8808224716921889,0.8605024294571219,0.8561261238099711,0.8772733117812292,0.8589026390628908
6,1,1.884262940772744,0.3210478276743337,5478,2.1757214069366455,0.26916058394160586,1096,2.167992981174324,0.2854,0.9600725746158001,0.08298008005593402,,,0.8738106096476737,,0.8738426498984998,0.1261573501015002,0.9906702304733018,0.1444956915008369,10,0.025,0.15,0.9368627320010005,1.0,0.9390107029313332,0.9334158881595331,0.9282557838866835,0.9192062780875581,0.9250544608946175,0.9175488867685492,0.896775816033536,0.894424402828811,0.9112323994765592,0.8978280246629313
6,2,1.8796120869485955,0.3167219917012448,4820,2.159025013446808,0.31016597510373445,964,2.1679464563538757,0.2855,0.9718386563718683,0.08420016708647408,,,0.9601219933817584,,0.9601673515868694,0.03983264841313061,0.9908202382173988,0.14450953229995755,10,0.025,0.15,0.9255535821868612,0.9390107029313332,1.0,0.9483092713690631,0.9452215713795806,0.9304346414123309,0.9380199405740922,0.9317919611382763,0.9126773001664857,0.9144529787088164,0.9288945897332169,0.9191799594783007
6,3,1.8993378782272339,0.312437585111212,4406,2.162287030901228,0.2985244040862656,881,2.167951420892643,0.2857,0.9723990084303423,0.08427879334565822,,,0.9656841713724654,,0.9657209816639435,0.03427901833605651,0.9908167137290231,0.14450966856446185,10,0.025,0.15,0.914643106582466,0.9334158881595331,0.9483092713690631,1.0,0.9418990042024021,0.9331682397510673,0.9338884410431535,0.9365780051135189,0.9263932294966456,0.9147201334650252,0.9297100051341538,0.9267852279270291
6,4,1.9110346270330025,0.31772859922178986,4112,2.1694962978363037,0.2956204379562044,822,2.167986356759373,0.2844,0.9736816503651134,0.08433980136360866,,,0.9699999999292579,,0.9700285520951957,0.029971447904804327,0.9908189225344943,0.1445097469999504,10,0.025,0.15,0.9065671664492476,0.9282557838866835,0.9452215713795806,0.9418990042024021,1.0,0.9328575390174706,0.9462521323345048,0.9382919425404026,0.9281869105818387,0.9233364396725828,0.9339402794639384,0.9290247497918468
6,5,1.9256261375642592,0.30506556955515557,3889,2.174070017678397,0.2994858611825193,778,2.16802161554747,0.2845,0.9653168753852966,0.08380061628849587,,,0.9318569750819637,,0.931895826112789,0.06810417388721102,0.9907880001361775,0.14450775483494893,10,0.025,0.15,0.8870081771351997,0.9192062780875581,0.9304346414123309,0.9331682397510673,0.9328575390174706,1.0,0.9372520776998821,0.9324438894250046,0.9164645656085704,0.9176497278024447,0.9265452362131579,0.9237878894414845
6,6,1.9338630322752328,0.3117219078415521,3711,2.1689562797546387,0.2857142857142857,742,2.1680102861380277,0.2844,0.9722899049777024,0.08420815871096012,,,0.9606873367961271,,0.9607119869287518,0.039288013071248185,0.9908199504298643,0.1445095325776177,10,0.025,0.15,0.888541825448489,0.9250544608946175,0.9380199405740922,0.9338884410431535,0.9462521323345048,0.9372520776998821,1.0,0.943098337271315,0.923291674189214,0.9238456157469296,0.9388121140558274,0.9389828856548739
6,7,1.9241599955729076,0.3073793490460157,3564,2.1715122858683267,0.2720897615708275,713,2.168062958536269,0.285,0.9708951328604242,0.08406513272374411,,,0.950569393930131,,0.9506114769520225,0.04938852304797747,0.9908138767893835,0.14450911845105743,10,0.025,0.15,0.8808224716921889,0.9175488867685492,0.9317919611382763,0.9365780051135189,0.9382919425404026,0.9324438894250046,0.943098337271315,1.0,0.9377532005561254,0.9265370848673136,0.9416558612023274,0.934324459697043
6,8,1.9080403800363894,0.3250217959895379,3441,2.173503835995992,0.2747093023255814,688,2.168348197695575,0.2832,0.9573974805224774,0.08290780567877161,,,0.8686977764273702,,0.8687263785050585,0.13127362149494148,0.9906665770598978,0.14449394388265263,10,0.025,0.15,0.8605024294571219,0.896775816033536,0.9126773001664857,0.9263932294966456,0.9281869105818387,0.9164645656085704,0.923291674189214,0.9377532005561254,1.0,0.9105108075944656,0.9267642982580534,0.9259806551155981
6,9,1.9241273548867968,0.30956808638272343,3334,2.1712154547373452,0.27886056971514245,667,2.1682195090040377,0.2846,0.9537871714781008,0.08275701406676995,,,0.8580304778154056,,0.8580564770345431,0.14194352296545687,0.9906651774575349,0.14448960476159345,10,0.025,0.15,0.8561261238099711,0.894424402828811,0.9144529787088164,0.9147201334650252,0.9233364396725828,0.9176497278024447,0.9238456157469296,0.9265370848673136,0.9105108075944656,1.0,0.9277858978939206,0.9142467611592828
