round,client_id,client_i_training_loss,client_i_training_accuracy,client_i_training_dataset_size,client_i_evaluation_loss,client_i_evaluation_accuracy,client_i_evaluation_dataset_size,client_i_central_evaluation_loss,client_i_central_evaluation_accuracy,client_i_cosine_similarity,client_i_importance_coefficient,client_i_tanh_val,tanh_normalization_value,client_i_q,client_i_mask_order,client_i_v_nonzero_fraction,client_i_v_sparsity,client_i_v_cosine_similarity,client_i_reward_gradient_norm,local_epochs,learning_rate,gamma,client_0_cosine_similarity,client_1_cosine_similarity,client_2_cosine_similarity,client_3_cosine_similarity,client_4_cosine_similarity,client_5_cosine_similarity,client_6_cosine_similarity,client_7_cosine_similarity,client_8_cosine_similarity,client_9_cosine_similarity,client_10_cosine_similarity,client_11_cosine_similarity
0,0,2.270940556349578,0.1462527392257122,6845,2.2997859608043325,0.10883856829802775,1369,2.2996159082726586,0.1,0.8733540881389857,0.07970879502014697,,,0.65,,0.6500140284860788,0.3499859715139212,0,0.13693818121691495,10,0.025,0.15,1.0,0.9014403913345032,0.8862877222437108,0.8265770043706063,0.8274514719941579,0.7186597713609397,0.6792597787307564,0.6599090728376307,0.717509785315013,0.7249455050688611,0.6823496810959311,0.6613301238179727
0,1,2.2939589345177938,0.14974443227455275,5478,2.3002371788024902,0.09671532846715329,1096,2.2995775832405574,0.1,0.962738509694351,0.08786668267706853,,,0.978646175773698,,0.9786932052615075,0.021306794738492507,0,0.13724138541273437,10,0.025,0.15,0.9014403913345032,1.0,0.953836185209929,0.9026997645649626,0.9072996229727815,0.8494565752512866,0.8410997962666177,0.8003448927746317,0.8280609044235985,0.7866603587540351,0.8506258760492422,0.8174488627161306
0,2,2.29431263271131,0.12867219917012448,4820,2.3009641766548157,0.08091286307053942,964,2.2995775711687307,0.1,0.9631067196437589,0.08790028825787513,,,0.9799999999597142,,0.9800300374643098,0.019969962535690167,0,0.13724138935383404,10,0.025,0.15,0.8862877222437108,0.953836185209929,1.0,0.9349474006366261,0.9001198483505718,0.8243887515398893,0.8266313012682552,0.8231671363518375,0.8450798385689926,0.8063020763509009,0.8401738073951336,0.8231629722182427
0,3,2.296674955231803,0.12287789378120745,4406,2.2971915858132497,0.09761634506242906,881,2.299577577204644,0.1,0.9601082895321599,0.08762662920664543,,,0.9689754548280843,,0.9690135498671419,0.030986450132858057,0,0.13724133086327855,10,0.025,0.15,0.8265770043706063,0.9026997645649626,0.9349474006366261,1.0,0.8725200263284337,0.8443739752238804,0.8669055236816131,0.8840491340371758,0.8291113611951599,0.8454257069163867,0.8461136536254006,0.8716569571515282
0,4,2.297008901653868,0.11493190661478599,4112,2.2989824499402727,0.09975669099756691,822,2.2995812047885944,0.1,0.9332325485169748,0.0851737490281616,,,0.870159471550127,,0.8702034955686488,0.12979650443135116,0,0.13720883755570856,10,0.025,0.15,0.8274514719941579,0.9072996229727815,0.9001198483505718,0.8725200263284337,1.0,0.7764460452366897,0.8230134011238827,0.7972454219161692,0.8354853458692852,0.8166804921353117,0.8360117774184072,0.8044659518969769
0,5,2.29932371570218,0.1416816662381075,3889,2.2965984685080394,0.12082262210796915,778,2.299590427664262,0.1,0.8987152870407141,0.082023446811645,,,0.7432473566092996,,0.7432787047581324,0.2567212952418676,0,0.13711377287550391,10,0.025,0.15,0.7186597713609397,0.8494565752512866,0.8243887515398893,0.8443739752238804,0.7764460452366897,1.0,0.8777601968666336,0.8246420903329696,0.7216873734713936,0.8317116838944265,0.7974384622466089,0.863674338003107
0,6,2.300078566321011,0.1297224467798437,3711,2.300397793451945,0.1091644204851752,742,2.299587279935426,0.1,0.9095152401430063,0.08300913092276217,,,0.7829563262915074,,0.7829875724117443,0.21701242758825567,0,0.13714161829756477,10,0.025,0.15,0.6792597787307564,0.8410997962666177,0.8266313012682552,0.8669055236816131,0.8230134011238827,0.8777601968666336,1.0,0.9166152369477386,0.7595554597450453,0.7824401711204501,0.850266335040891,0.8841519099367601
0,7,2.2999489315918513,0.11046576879910214,3564,2.2988742192586265,0.11220196353436185,713,2.299593339992475,0.1,0.8920519083458073,0.08141529727213152,,,0.7187476296131741,,0.7187783664240563,0.28122163357594365,0,0.1370898047557914,10,0.025,0.15,0.6599090728376307,0.8003448927746317,0.8231671363518375,0.8840491340371758,0.7972454219161692,0.8246420903329696,0.9166152369477386,1.0,0.7487343986274245,0.8165000779134354,0.8278068644859087,0.8269307895724936
0,8,2.2980029706601743,0.10723626852659111,3441,2.3002137740453086,0.08430232558139535,688,2.299607687358615,0.1,0.8844135961806147,0.08071816804706246,,,0.6906632941241162,,0.6907048901652061,0.3092951098347939,0,0.13700708792058872,10,0.025,0.15,0.717509785315013,0.8280609044235985,0.8450798385689926,0.8291113611951599,0.8354853458692852,0.7216873734713936,0.7595554597450453,0.7487343986274245,1.0,0.8142242816269385,0.844416184118986,0.8432524266274085
0,9,2.2987950095423946,0.11487702459508098,3334,2.2974581718444824,0.09745127436281859,667,2.2996114899840534,0.1,0.8798259790499419,0.08029946795913029,,,0.6737956699937118,,0.6738211945668499,0.32617880543315014,0,0.1369806677874048,10,0.025,0.15,0.7249455050688611,0.7866603587540351,0.8063020763509009,0.8454257069163867,0.8166804921353117,0.8317116838944265,0.7824401711204501,0.8165000779134354,0.8142242816269385,1.0,0.7281508669721939,0.7801770745806244
0,10,2.3001895721142107,0.11570502931194077,3241,2.2994269927342734,0.0941358024691358,648,2.299590472933612,0.1,0.8986156840239894,0.08201435629892935,,,0.7428811389846568,,0.7429238665808453,0.2570761334191547,0,0.13711367408082473,10,0.025,0.15,0.6823496810959311,0.8506258760492422,0.8401738073951336,0.8461136536254006,0.8360117774184072,0.7974384622466089,0.850266335040891,0.8278068644859087,0.844416184118986,0.7281508669721939,1.0,0.8807270767147121
0,11,2.3007237539291383,0.13156062044950934,3159,2.3007165431976317,0.0949367088607595,632,2.2995894045769414,0.1,0.901131720305326,0.08224398849844153,,,0.7521320317865636,,0.7521826673928471,0.24781733260715288,0,0.13712224845147236,10,0.025,0.15,0.6613301238179727,0.8174488627161306,0.8231629722182427,0.8716569571515282,0.8044659518969769,0.863674338003107,0.8841519099367601,0.8269307895724936,0.8432524266274085,0.7801770745806244,0.8807270767147121,1.0
1,0,2.132428721807621,0.21893352812271732,6845,2.29168777032332,0.14317019722425128,1369,2.291082699087602,0.1367,0.8900923320826842,0.07858210039639113,,,0.65,,0.6500140284860788,0.3499859715139212,0.8152175358654041,0.14485013210711012,10,0.025,0.15,1.0,0.9380852124817568,0.9256554949777044,0.8933175555193298,0.882113471589735,0.8432295949849392,0.8205886759994917,0.8071457884868857,0.8005765812104556,0.8258588678197734,0.7957642882783812,0.7846756698194505
1,1,2.1970312914182974,0.2049653158086893,5478,2.2923789819081626,0.13138686131386862,1096,2.290998814981195,0.1368,0.9577086045180209,0.08585729743542861,,,0.9492221937899716,,0.9492746447492202,0.05072535525077981,0.8141854578438684,0.14503693105303206,10,0.025,0.15,0.9380852124817568,1.0,0.972001044979599,0.9567495349133891,0.9491145779742534,0.9278820175236351,0.9067056998251701,0.893607365053427,0.8924573469322377,0.9027796013057805,0.8847316397402624,0.8760400457385941
1,2,2.196828654565309,0.1924688796680498,4820,2.29189532995224,0.12033195020746888,964,2.2909988391248484,0.1368,0.9704783642779701,0.08629548568415676,,,0.9672444752998579,,0.9672806192338796,0.032719380766120354,0.8141859655284946,0.14503707931112192,10,0.025,0.15,0.9256554949777044,0.972001044979599,1.0,0.9679060248766264,0.9623556238002802,0.9394218750678958,0.9245926742778757,0.9172636124048624,0.9135338064352073,0.9236917818597259,0.9033396693788276,0.8999660150444451
1,3,2.213004388128008,0.1846572855197458,4406,2.288423333849226,0.13961407491486946,881,2.2909988421428054,0.1368,0.985167776024302,0.08660561961525065,,,0.9799999999588709,,0.9800300374643098,0.019969962535690167,0.8141817410537138,0.14503712263081625,10,0.025,0.15,0.8933175555193298,0.9567495349133891,0.9679060248766264,1.0,0.9744342198444048,0.9656534843373896,0.955606182006412,0.9535414319946346,0.9371982896250788,0.9493732427062131,0.9380929515062981,0.9315660440817787
1,4,2.2307728785457033,0.17738326848249028,4112,2.2905166149139404,0.12895377128953772,822,2.2910020200512076,0.1368,0.983681438174867,0.08503398177436475,,,0.9153599743939507,,0.9153917248436236,0.08460827515637637,0.8148130595456751,0.14503399576421083,10,0.025,0.15,0.882113471589735,0.9491145779742534,0.9623556238002802,0.9744342198444048,1.0,0.963187139931294,0.955908097054167,0.9463813582460193,0.9430937790924584,0.9542516410246151,0.9399937147168596,0.9366002461692572
1,5,2.2435948548778413,0.19277449215736694,3889,2.2881212575095042,0.16966580976863754,778,2.291020215312137,0.1368,0.9843222435332498,0.08309881060222435,,,0.835768155728436,,0.8358089485237081,0.16419105147629187,0.8150129211004515,0.14502337203979046,10,0.025,0.15,0.8432295949849392,0.9278820175236351,0.9394218750678958,0.9656534843373896,0.963187139931294,1.0,0.9756649004341785,0.965672636947114,0.9547838870181803,0.960094587326957,0.9613564598901627,0.9622612685331495
1,6,2.2576184297430104,0.18097547830773378,3711,2.2916579643885293,0.1495956873315364,742,2.2910142457937894,0.1368,0.9803482692022202,0.0835809788364054,,,0.8555992937764275,,0.8556303741479758,0.14436962585202417,0.8150398581171472,0.145025927037191,10,0.025,0.15,0.8205886759994917,0.9067056998251701,0.9245926742778757,0.955606182006412,0.955908097054167,0.9756649004341785,1.0,0.9753849895684475,0.9587931978995221,0.959993893925129,0.9710040684787367,0.9708365446018642
1,7,2.2567487955093384,0.16978114478114478,3564,2.2897141377131143,0.15427769985974754,713,2.2910296766063833,0.1368,0.9736498759467647,0.08237241526794195,,,0.8058921806426071,,0.8059282731758842,0.19407172682411578,0.8147927891879223,0.14501217504408215,10,0.025,0.15,0.8071457884868857,0.893607365053427,0.9172636124048624,0.9535414319946346,0.9463813582460193,0.965672636947114,0.9753849895684475,1.0,0.9543953363546402,0.9585991954130132,0.9642344827001029,0.9618784365238153
1,8,2.2533163997862076,0.16858471374600406,3441,2.2912857135136924,0.12063953488372094,688,2.2910577013522766,0.1368,0.9675079140747878,0.08173882562277208,,,0.7798332185865885,,0.7798600452212375,0.22013995477876247,0.8153149706941935,0.14500009086360494,10,0.025,0.15,0.8005765812104556,0.8924573469322377,0.9135338064352073,0.9371982896250788,0.9430937790924584,0.9547838870181803,0.9587931978995221,0.9543953363546402,1.0,0.951341602950817,0.9573826186324148,0.9639796218948847
1,9,2.2510398467381796,0.16271745650869826,3334,2.2893813848495483,0.13043478260869565,667,2.2910640813127348,0.1368,0.9723126887600676,0.08163586496228134,,,0.7755985408808448,,0.7756432473469658,0.22435675265303423,0.8152835030886995,0.1449987130465335,10,0.025,0.15,0.8258588678197734,0.9027796013057805,0.9236917818597259,0.9493732427062131,0.9542516410246151,0.960094587326957,0.959993893925129,0.9585991954130132,0.951341602950817,1.0,0.9503920488233616,0.9461020535497967
1,10,2.2698451060515183,0.1693613082381981,3241,2.290859500567118,0.125,648,2.2910215583028672,0.1368,0.9684471423735475,0.08257436048734655,,,0.8141980026363488,,0.8142545922661781,0.18574540773382187,0.8149635416955311,0.145019612081108,10,0.025,0.15,0.7957642882783812,0.8847316397402624,0.9033396693788276,0.9380929515062981,0.9399937147168596,0.9613564598901627,0.9710040684787367,0.9642344827001029,0.9573826186324148,0.9503920488233616,1.0,0.9727281694380525
1,11,2.2686818075180053,0.1646090534979424,3159,2.2924469470977784,0.125,632,2.2910190926322453,0.1368,0.9656110011728916,0.08262425931543628,,,0.8162502957534206,,0.8163011008235547,0.18369889917644533,0.8150244476424949,0.14501997533712177,10,0.025,0.15,0.7846756698194505,0.8760400457385941,0.8999660150444451,0.9315660440817787,0.9366002461692572,0.9622612685331495,0.9708365446018642,0.9618784365238153,0.9639796218948847,0.9461020535497967,0.9727281694380525,1.0
2,0,2.0313677317566343,0.26461650840029216,6845,2.2783115560358222,0.17238860482103727,1369,2.2773628687556786,0.1699,0.9024133816816208,0.07820593014198998,,,0.65,,0.6500140284860788,0.3499859715139212,0.9373133217458884,0.14520184471253053,10,0.025,0.15,1.0,0.93960160086815,0.9225573413900523,0.8998768167416799,0.8854765476105035,0.8605858789366579,0.8531798540167165,0.8534565563240051,0.829255049259725,0.8339983258853795,0.8157711489480731,0.8048616505340677
2,1,2.094071284837501,0.24468784227820373,5478,2.2796862655215793,0.15875912408759124,1096,2.2771919347062894,0.1702,0.963153746339624,0.08470175051368532,,,0.931417365207346,,0.9314584674291562,0.06854153257084383,0.940040578405024,0.14543262268292786,10,0.025,0.15,0.93960160086815,1.0,0.9670570911547403,0.9551928550862073,0.9448145700837468,0.9334037358138142,0.9264756714454986,0.9276136611856952,0.906674810772929,0.9123796140913663,0.8973616549999307,0.8898967717285752
2,2,2.087559968546817,0.24431535269709542,4820,2.27730929851532,0.15145228215767634,964,2.2771910021576702,0.1702,0.9765358384379507,0.08541044905741466,,,0.9621201964881532,,0.9621643478404384,0.03783565215956164,0.9400930290467759,0.14543494835399373,10,0.025,0.15,0.9225573413900523,0.9670570911547403,1.0,0.9672165464870082,0.9616892526400961,0.9495339750533461,0.9441631570020278,0.9458682386371058,0.9342638331006813,0.9310984679137749,0.9151692177966643,0.9170975662279
2,3,2.1117419355256217,0.2358374943259192,4406,2.274383170264108,0.16912599318955732,881,2.277190872385532,0.1702,0.9832847615253657,0.08582315987761288,,,0.9799999999566771,,0.9800300374643098,0.019969962535690167,0.9401002172663119,0.14543502754810658,10,0.025,0.15,0.8998768167416799,0.9551928550862073,0.9672165464870082,1.0,0.9691994656110545,0.9632956624788399,0.9538232795243308,0.9633903935139654,0.9455458507254698,0.9466787170267387,0.9351808281861813,0.9347049914082296
2,4,2.126506876945496,0.23424124513618677,4112,2.2767032895769392,0.1630170316301703,822,2.2771958188165593,0.1702,0.9822311445284775,0.08481387470093989,,,0.9362749030621003,,0.9363106732022908,0.06368932679770922,0.9400037122267118,0.1454327558944964,10,0.025,0.15,0.8854765476105035,0.9448145700837468,0.9616892526400961,0.9691994656110545,1.0,0.9620872047173225,0.9581298302046426,0.962512526960035,0.952781716002571,0.9470825222856294,0.9376270383006148,0.9409122213486741
2,5,2.1431708266658167,0.23165338133196195,3889,2.2749870164053783,0.1928020565552699,778,2.2772248304342924,0.17,0.9813183860849096,0.08358368837205572,,,0.8829797416230339,,0.8830271822547903,0.11697281774520973,0.940009688934938,0.14542921322137708,10,0.025,0.15,0.8605858789366579,0.9334037358138142,0.9495339750533461,0.9632956624788399,0.9620872047173225,1.0,0.9648664385374208,0.9645633232101284,0.9530468339576713,0.9559374575717844,0.9515247080082798,0.9537435184247826
2,6,2.160265226199709,0.22462947992454865,3711,2.2776407400767007,0.1778975741239892,742,2.2772155381456205,0.1702,0.9806195473926916,0.08385996219342454,,,0.8949487072711843,,0.8949926556749352,0.10500734432506476,0.9400535049303317,0.1454302160086287,10,0.025,0.15,0.8531798540167165,0.9264756714454986,0.9441631570020278,0.9538232795243308,0.9581298302046426,0.9648664385374208,1.0,0.9666374217126493,0.9569738195901388,0.9552062307399238,0.9638144765517697,0.9616792505685443
2,7,2.1575010444436753,0.22154882154882155,3564,2.275328834851583,0.1949509116409537,713,2.27724352969399,0.1699,0.9826712153709006,0.08317727150055541,,,0.8653726098661595,,0.8653925500486871,0.1346074499513129,0.9399635892477531,0.14541965299175322,10,0.025,0.15,0.8534565563240051,0.9276136611856952,0.9458682386371058,0.9633903935139654,0.962512526960035,0.9645633232101284,0.9666374217126493,1.0,0.9650532807190229,0.958095640261583,0.9601145883493006,0.9616324892568708
2,8,2.146038736678936,0.22609706480674222,3441,2.2772284746170044,0.16569767441860464,688,2.2772797572461863,0.1696,0.9728454578215205,0.08246347043283042,,,0.8344487227715212,,0.8344968724728095,0.16550312752719054,0.9399687002193082,0.14541435519064846,10,0.025,0.15,0.829255049259725,0.906674810772929,0.9342638331006813,0.9455458507254698,0.952781716002571,0.9530468339576713,0.9569738195901388,0.9650532807190229,1.0,0.9548291700173624,0.9549004698129667,0.9620098469988769
2,9,2.145553462593644,0.22510497900419915,3334,2.276145617167155,0.16941529235382308,667,2.2772898734370366,0.1696,0.9712743314882258,0.08234831074905494,,,0.8294596785966821,,0.829504381838887,0.17049561816111303,0.9399558552639476,0.14541325151813078,10,0.025,0.15,0.8339983258853795,0.9123796140913663,0.9310984679137749,0.9466787170267387,0.9470825222856294,0.9559374575717844,0.9552062307399238,0.958095640261583,0.9548291700173624,1.0,0.9523733232270643,0.9495171084663859
2,10,2.179111162974284,0.21431656896019746,3241,2.2769388357798257,0.17746913580246915,648,2.2772301782535602,0.17,0.9673062701202438,0.08280091294199243,,,0.8490676894922011,,0.8491112541466554,0.15088874585334455,0.9399743076025986,0.14541710918340203,10,0.025,0.15,0.8157711489480731,0.8973616549999307,0.9151692177966643,0.9351808281861813,0.9376270383006148,0.9515247080082798,0.9638144765517697,0.9601145883493006,0.9549004698129667,0.9523733232270643,1.0,0.9674204377364337
2,11,2.1729815135002135,0.21589110477999368,3159,2.2792022705078123,0.15664556962025317,632,2.277225479294982,0.17,0.9666738862034646,0.0828112195184439,,,0.8495141996207631,,0.8495568648809229,0.15044313511907714,0.9399710599723732,0.14541724267130843,10,0.025,0.15,0.8048616505340677,0.8898967717285752,0.9170975662279,0.9347049914082296,0.9409122213486741,0.9537435184247826,0.9616792505685443,0.9616324892568708,0.9620098469988769,0.9495171084663859,0.9674204377364337,1.0
3,0,1.9644576487717804,0.29200876552227906,6845,2.259151480414651,0.20598977355734113,1369,2.2579276833353163,0.2086,0.910474961794268,0.07826339300273023,,,0.65,,0.6500140284860788,0.3499859715139212,0.9732847150055226,0.14500077432497,10,0.025,0.15,1.0,0.9432404179569583,0.9252555083411813,0.9053899373780344,0.8928126285771485,0.8652136757995327,0.8639664934798301,0.8657189812314684,0.8307883481445731,0.8428107148551195,0.8350026020504477,0.815619506761164
3,1,2.02384695729544,0.2693683826213947,5478,2.2614748742845325,0.19434306569343066,1096,2.2576439320286616,0.211,0.959558611583432,0.08389719226333976,,,0.9151324591671779,,0.9151689194764899,0.08483108052351007,0.9752980330025836,0.14529184231575798,10,0.025,0.15,0.9432404179569583,1.0,0.9579086016909992,0.9455616905331571,0.9381763528388619,0.925104648935564,0.9241146829650234,0.9236264076553079,0.8928759782797074,0.9067462685023534,0.9038359195028262,0.8897749643739314
3,2,2.01563951906405,0.273298755186722,4820,2.2567846477031708,0.19605809128630705,964,2.257643551766118,0.211,0.9762021658388369,0.08488051353159157,,,0.9614085818941318,,0.9614464194352297,0.03855358056477032,0.9752972083577715,0.14529646748050326,10,0.025,0.15,0.9252555083411813,0.9579086016909992,1.0,0.9616977975429489,0.955824265183152,0.9451255207197519,0.9468190985650603,0.9448602692401091,0.9248701853926993,0.9294283211850277,0.9282212532509889,0.9229569603952875
3,3,2.042690710680825,0.26634135270086245,4406,2.254575218473162,0.20771850170261066,881,2.2576435759097717,0.211,0.9804568720666812,0.08527556254838263,,,0.979999999952939,,0.9800300374643098,0.019969962535690167,0.9752920621510306,0.14529657966721476,10,0.025,0.15,0.9053899373780344,0.9455616905331571,0.9616977975429489,1.0,0.9602746573866726,0.9524023312419895,0.9514464926213873,0.9590503169798172,0.9344135120542375,0.945481125102948,0.9397533952973933,0.9360845167849633
3,4,2.0528656764463946,0.2641293774319066,4112,2.257070779800415,0.20316301703163017,822,2.257650972921637,0.2103,0.9788236867649356,0.08459594370628992,,,0.948016429618753,,0.9480615933059365,0.051938406694063466,0.9752923935475349,0.14529620260585668,10,0.025,0.15,0.8928126285771485,0.9381763528388619,0.955824265183152,0.9602746573866726,1.0,0.9526446650028524,0.9549760176538875,0.9542974365381638,0.9424379134664445,0.9469020636678963,0.9390285444364754,0.9352311084554652
3,5,2.0725752046031336,0.2535613268192337,3889,2.2561243942805698,0.2185089974293059,778,2.2576955300343187,0.2102,0.9783426451227314,0.08381687921330895,,,0.9113528434100516,,0.9113977323364856,0.08860226766351442,0.9752443498982075,0.1452914447599953,10,0.025,0.15,0.8652136757995327,0.925104648935564,0.9451255207197519,0.9524023312419895,0.9526446650028524,1.0,0.9610843283457786,0.9585605380759519,0.946099071949496,0.9547725178931984,0.9544067102262328,0.9516191749877116
3,6,2.086429009766414,0.2559417946645109,3711,2.257637937863668,0.22371967654986524,742,2.257680573040926,0.2104,0.9790141766085623,0.08401024389789699,,,0.9204527867998284,,0.9204997441864303,0.07950025581356968,0.9752790106420929,0.1452922927033278,10,0.025,0.15,0.8639664934798301,0.9241146829650234,0.9468190985650603,0.9514464926213873,0.9549760176538875,0.9610843283457786,1.0,0.9604672525552411,0.944741206032156,0.9520004268550348,0.9598946346412337,0.955097160044497
3,7,2.0818584493228367,0.2564814814814815,3564,2.2552410364151,0.2300140252454418,713,2.257722045801863,0.2102,0.9807165786862189,0.08364221982100521,,,0.903133190551294,,0.9031704378538067,0.09682956214619332,0.9751673544503809,0.14529055272669344,10,0.025,0.15,0.8657189812314684,0.9236264076553079,0.9448602692401091,0.9590503169798172,0.9542974365381638,0.9585605380759519,0.9604672525552411,1.0,0.9568050313568089,0.9592493858791915,0.9582154890542941,0.9540200679163843
3,8,2.067149505350325,0.26216216216216215,3441,2.257707675298055,0.21656976744186046,688,2.257768495173394,0.2087,0.9659288222998373,0.08271634066270295,,,0.8595603533278114,,0.8596078625538446,0.14039213744615542,0.9751814623670486,0.14527182588100793,10,0.025,0.15,0.8307883481445731,0.8928759782797074,0.9248701853926993,0.9344135120542375,0.9424379134664445,0.946099071949496,0.944741206032156,0.9568050313568089,1.0,0.9496978877717865,0.9483047473191416,0.952067561444402
3,9,2.0656110926910682,0.2628374325134973,3334,2.257240891456604,0.20689655172413793,667,2.257783077940156,0.2088,0.9722686237202992,0.08285193283537719,,,0.8659414621536612,,0.8659784456437425,0.1340215543562575,0.9751653075534596,0.14527340929588922,10,0.025,0.15,0.8428107148551195,0.9067462685023534,0.9294283211850277,0.945481125102948,0.9469020636678963,0.9547725178931984,0.9520004268550348,0.9592493858791915,0.9496978877717865,1.0,0.9560529729625737,0.9537021474817028
3,10,2.1077921871955576,0.24353594569577292,3241,2.257302443186442,0.22376543209876543,648,2.2576989312715168,0.2101,0.971272852195505,0.08310026036634267,,,0.8776280143217748,,0.8776798534435807,0.12232014655641932,0.9751390837828063,0.14528545647444754,10,0.025,0.15,0.8350026020504477,0.9038359195028262,0.9282212532509889,0.9397533952973933,0.9390285444364754,0.9544067102262328,0.9598946346412337,0.9582154890542941,0.9483047473191416,0.9560529729625737,1.0,0.9622108123278259
3,11,2.098834366321564,0.2511554289332067,3159,2.26031813621521,0.20094936708860758,632,2.257694440551951,0.21,0.9664613727599437,0.08294951815103195,,,0.8705339287150903,,0.8705665857965704,0.12943341420342958,0.9752198731225297,0.14527433360273498,10,0.025,0.15,0.815619506761164,0.8897749643739314,0.9229569603952875,0.9360845167849633,0.9352311084554652,0.9516191749877116,0.955097160044497,0.9540200679163843,0.952067561444402,0.9537021474817028,0.9622108123278259,1.0
4,0,1.9105537953200165,0.3104017531044558,6845,2.234391364184293,0.2483564645726808,1369,2.2331809876840327,0.2432,0.9246450774394915,0.07880086433654383,,,0.65,,0.6500140284860788,0.3499859715139212,0.9807454176310403,0.1447703525681814,10,0.025,0.15,1.0,0.9461027282421061,0.9318541120266569,0.9162898460226437,0.9043627439784381,0.8772015796316307,0.8796595603405316,0.8823450740789782,0.8493155370862675,0.8513874383926988,0.8601669100792259,0.8382764957139361
4,1,1.9699587042941604,0.28990507484483385,5478,2.2381566365559897,0.23448905109489052,1096,2.232706748986546,0.2437,0.9588646404482105,0.08341660460493812,,,0.9016141761781855,,0.9016520605370435,0.0983479394629565,0.9825206048708032,0.14508530909597317,10,0.025,0.15,0.9461027282421061,1.0,0.952954916040887,0.9417203879917233,0.9339170746870685,0.9200207935713842,0.9248313656429905,0.9237471865847948,0.8910347473257605,0.8993760208350973,0.9064993765609445,0.8890694187357641
4,2,1.9598572075366973,0.29398340248962657,4820,2.2304926812648773,0.22717842323651452,964,2.2327038608019865,0.2435,0.9751530417896633,0.08455930166968284,,,0.9639051119432942,,0.963930286676239,0.036069713323760966,0.9825873636360474,0.14509488143323868,10,0.025,0.15,0.9318541120266569,0.952954916040887,1.0,0.9579606698485543,0.9528095354843756,0.9394981972725275,0.9443812272878774,0.94302856580057,0.9193156644422789,0.9219051558748959,0.9313889221587152,0.9213742967443254
4,3,1.9875889601026262,0.2856786200635497,4406,2.2293501581464494,0.24404086265607264,881,2.2327047058298617,0.2435,0.9766831356383883,0.08485455459936837,,,0.9799999999454878,,0.9800300374643098,0.019969962535690167,0.982586338117742,0.145095047605887,10,0.025,0.15,0.9162898460226437,0.9417203879917233,0.9579606698485543,1.0,0.9533086219050871,0.9437492560239629,0.9440230651933562,0.9520474330530586,0.9285033280758404,0.9314714630961893,0.934857103644402,0.9293375394553463
4,4,1.9948110099994776,0.2865272373540856,4112,2.232125997543335,0.23479318734793186,822,2.2327152837680866,0.2434,0.9757444627294742,0.08440195785686293,,,0.955327953884704,,0.9553729101681768,0.044627089831823175,0.982578839767335,0.14509469445755035,10,0.025,0.15,0.9043627439784381,0.9339170746870685,0.9528095354843756,0.9533086219050871,1.0,0.944996109929811,0.9506169400969978,0.9509754246267813,0.934870302293809,0.928651326280668,0.9367950249653272,0.9308599114355449
4,5,2.0141026373832456,0.27580354847004374,3889,2.2320027010781422,0.24293059125964012,778,2.2327798318259324,0.2432,0.9743489605038947,0.08387269566059144,,,0.9264767049509259,,0.9265072370484065,0.07349276295159346,0.9825727555488236,0.14508895121113846,10,0.025,0.15,0.8772015796316307,0.9200207935713842,0.9394981972725275,0.9437492560239629,0.944996109929811,1.0,0.9558504594224068,0.9510361717140984,0.9366719397385272,0.9428485014538255,0.9488720688002228,0.9447957970625338
4,6,2.0246559023857116,0.28086769064942063,3711,2.2321218252182007,0.24932614555256064,742,2.232757830921608,0.2433,0.9771222966148939,0.0840833606243625,,,0.9379605164798841,,0.9380023435823802,0.061997656417619784,0.9825457830487836,0.14509371866481124,10,0.025,0.15,0.8796595603405316,0.9248313656429905,0.9443812272878774,0.9440230651933562,0.9506169400969978,0.9558504594224068,1.0,0.9578923685095412,0.9368243001517454,0.9425516532874018,0.9539009363182748,0.9470314969227782
4,7,2.0198089765650886,0.2772446689113356,3564,2.229840715726217,0.2594670406732118,713,2.232817486871647,0.2432,0.9794053581217701,0.08392948069079953,,,0.9295721821147724,,0.9296100080870097,0.07038999191299034,0.9825640354929507,0.14508932018163617,10,0.025,0.15,0.8823450740789782,0.9237471865847948,0.94302856580057,0.9520474330530586,0.9509754246267813,0.9510361717140984,0.9578923685095412,1.0,0.9520118891148851,0.9459617760689462,0.9571913083083452,0.9481910221645203
4,8,2.00636718582224,0.2869514675966289,3441,2.2333380381266275,0.25290697674418605,688,2.232879530025434,0.2425,0.9622612995502459,0.08279448654503421,,,0.8677011494422278,,0.8677361324289086,0.13226386757109143,0.9821968451878335,0.1450723968356953,10,0.025,0.15,0.8493155370862675,0.8910347473257605,0.9193156644422789,0.9285033280758404,0.934870302293809,0.9366719397385272,0.9368243001517454,0.9520118891148851,1.0,0.9344793407234052,0.9393729325866532,0.9431197484117799
4,9,2.010867930783166,0.28089382123575285,3334,2.2329957087834678,0.24737631184407796,667,2.232894215402724,0.2428,0.9644791587242824,0.08295113453247904,,,0.8762403765258637,,0.8762935089369709,0.12370649106302911,0.9823048238387116,0.14507964845283636,10,0.025,0.15,0.8513874383926988,0.8993760208350973,0.9219051558748959,0.9314714630961893,0.928651326280668,0.9428485014538255,0.9425516532874018,0.9459617760689462,0.9344793407234052,1.0,0.950607380983847,0.9419296874984486
4,10,2.048041366155331,0.26599814871953104,3241,2.232030193010966,0.25308641975308643,648,2.232785762110843,0.2431,0.9714860834500545,0.08333425478489571,,,0.8971251059698222,,0.8971711970424651,0.10282880295753494,0.9824797776569184,0.1450841738669577,10,0.025,0.15,0.8601669100792259,0.9064993765609445,0.9313889221587152,0.934857103644402,0.9367950249653272,0.9488720688002228,0.9539009363182748,0.9571913083083452,0.9393729325866532,0.950607380983847,1.0,0.9527289839564661
4,11,2.0364035959243774,0.2729344729344729,3159,2.2362313270568848,0.23734177215189872,632,2.232780435417272,0.243,0.9641604447591424,0.08300130409444133,,,0.8789752299336253,,0.8790166856463831,0.12098331435361687,0.9823152892031062,0.14508028910606088,10,0.025,0.15,0.8382764957139361,0.8890694187357641,0.9213742967443254,0.9293375394553463,0.9308599114355449,0.9447957970625338,0.9470314969227782,0.9481910221645203,0.9431197484117799,0.9419296874984486,0.9527289839564661,1.0
5,0,1.8669378768514704,0.3253761869978086,6845,2.2044293230230156,0.26369612856099345,1369,2.2033268047284476,0.268,0.9328878623489721,0.07942073122382125,,,0.65,,0.6500140284860788,0.3499859715139212,0.9851722066406672,0.144626834484248,10,0.025,0.15,1.0,0.9433640774643465,0.9341634388136345,0.9218382875458274,0.9062940966902068,0.8881353249543256,0.8881000962699197,0.8938996342666059,0.8642277320125274,0.8561759661670147,0.8734253177217923,0.8561927905005916
5,1,1.9170947185782499,0.309802847754655,5478,2.2097797923617892,0.26094890510948904,1096,2.2025052354305603,0.2687,0.9612601767287847,0.08321417905660744,,,0.8940007680041233,,0.8940436698519583,0.10595633014804173,0.987306097285007,0.14499465829981403,10,0.025,0.15,0.9433640774643465,1.0,0.9502224893013104,0.9422589961777355,0.9330332058121212,0.9228565257026158,0.9272136553702933,0.9285823697472847,0.8989826289600958,0.8927875273459303,0.9125206760332141,0.8987701294676848
5,2,1.9104926513998133,0.3087966804979253,4820,2.1984847486019135,0.2603734439834025,964,2.2024977840954745,0.2685,0.9747740493191015,0.08436540723759124,,,0.968049647200578,,0.9680893201960687,0.03191067980393125,0.9874322445915064,0.145003517649926,10,0.025,0.15,0.9341634388136345,0.9502224893013104,1.0,0.9540809924468758,0.9467740804890645,0.938151276283306,0.9423236051359124,0.9422583642524858,0.9226011699815149,0.9172871379503129,0.9339817461328129,0.923970435687342
5,3,1.9357292454583304,0.3031774852473899,4406,2.1987692969185963,0.2792281498297389,881,2.20249864723109,0.2685,0.9748490369390217,0.08455119779905058,,,0.9799999999356783,,0.9800300374643098,0.019969962535690167,0.987442215163973,0.14500372326407657,10,0.025,0.15,0.9218382875458274,0.9422589961777355,0.9540809924468758,1.0,0.9467206288092248,0.9409536805256499,0.9402923669503631,0.9477264659686866,0.927642840368027,0.9231495805171196,0.9344917088204233,0.9267361835278565
5,4,1.9427372964945706,0.3055933852140078,4112,2.201951946531023,0.2664233576642336,822,2.2025138637687585,0.2682,0.9726661454728858,0.08419881269263943,,,0.9573340136383567,,0.9573699064217458,0.0426300935782542,0.987430376572493,0.1450031873047897,10,0.025,0.15,0.9062940966902068,0.9330332058121212,0.9467740804890645,0.9467206288092248,1.0,0.939390608301933,0.9470020372352823,0.9464514490461535,0.9325726197861924,0.9175607367213994,0.93526091650886,0.929044069765413
5,5,1.9670518217548247,0.28848032913345334,3889,2.202928270612444,0.26735218508997427,778,2.2026015203210374,0.2681,0.9720206563529376,0.08384906694496004,,,0.9348377952107874,,0.9348748163918734,0.06512518360812658,0.9873548319457273,0.14500158797619675,10,0.025,0.15,0.8881353249543256,0.9228565257026158,0.938151276283306,0.9409536805256499,0.939390608301933,1.0,0.9496631078201394,0.9478597842770592,0.9318480644298802,0.9324240398024491,0.9438764746979167,0.9371589777803301
5,6,1.971007684592543,0.2991915925626516,3711,2.2012407382329306,0.2695417789757412,742,2.2025704625286635,0.2681,0.9750535179425625,0.08407900120437001,,,0.9496275427859595,,0.9496707431796801,0.050329256820319856,0.987406195451855,0.14500283065807487,10,0.025,0.15,0.8881000962699197,0.9272136553702933,0.9423236051359124,0.9402923669503631,0.9470020372352823,0.9496631078201394,1.0,0.9541711505532202,0.9332732589147232,0.9330331674627985,0.9490977756895798,0.9430395523579377
5,7,1.9694923043251038,0.2930415263748597,3564,2.1994882424672446,0.2791023842917251,713,2.2026493428628657,0.2682,0.9782739263745298,0.08408869762464856,,,0.9502512323947657,,0.950306151078543,0.04969384892145701,0.987364466563432,0.14500287831276815,10,0.025,0.15,0.8938996342666059,0.9285823697472847,0.9422583642524858,0.9477264659686866,0.9464514490461535,0.9478597842770592,0.9541711505532202,1.0,0.9486612654039902,0.939932950627939,0.9532070269805146,0.9422275735851107
5,8,1.954310002150359,0.3042720139494333,3441,2.2041853268941245,0.2747093023255814,688,2.202734778199015,0.2681,0.9627159372056788,0.08287544676561755,,,0.872212953121053,,0.8722417520753908,0.12775824792460921,0.9873077508243796,0.1449871653213936,10,0.025,0.15,0.8642277320125274,0.8989826289600958,0.9226011699815149,0.927642840368027,0.9325726197861924,0.9318480644298802,0.9332732589147232,0.9486612654039902,1.0,0.931435758575115,0.9374065350032952,0.9360257310780385
5,9,1.9620385969126666,0.29973005398920216,3334,2.2034175395965576,0.2653673163418291,667,2.202755248999294,0.2681,0.9588371319767054,0.08284595145071881,,,0.8703157662332793,,0.8703602845307059,0.1296397154692941,0.987255441854802,0.14498653140815748,10,0.025,0.15,0.8561759661670147,0.8927875273459303,0.9172871379503129,0.9231495805171196,0.9175607367213994,0.9324240398024491,0.9330331674627985,0.939932950627939,0.931435758575115,1.0,0.9421880392932066,0.9335504200311106
5,10,1.9943914615190945,0.2855291576673866,3241,2.2011516094207764,0.2638888888888889,648,2.20261645920669,0.2683,0.9710758079240365,0.08348383794964752,,,0.911345668975806,,0.9113977323364856,0.08860226766351442,0.9873359338350518,0.14499839825439978,10,0.025,0.15,0.8734253177217923,0.9125206760332141,0.9339817461328129,0.9344917088204233,0.93526091650886,0.9438764746979167,0.9490977756895798,0.9532070269805146,0.9374065350032952,0.9421880392932066,1.0,0.9457882080710303
5,11,1.984859769821167,0.288698955365622,3159,2.2069518089294435,0.2800632911392405,632,2.2026099404202233,0.2683,0.9634441102714218,0.0830276700503276,,,0.8820042037233008,,0.882045188229275,0.11795481177072498,0.9872887215454796,0.14499146441956584,10,0.025,0.15,0.8561927905005916,0.8987701294676848,0.923970435687342,0.9267361835278565,0.929044069765413,0.9371589777803301,0.9430395523579377,0.9422275735851107,0.9360257310780385,0.9335504200311106,0.9457882080710303,1.0
6,0,1.8271002619354813,0.3393864134404675,6845,2.170486081730236,0.2768444119795471,1369,2.16954750350759,0.2834,0.9395226429633747,0.08007053825605505,,,0.65,,0.6500140284860788,0.3499859715139212,0.988493381654119,0.14436589957592852,10,0.025,0.15,1.0,0.938433585095111,0.9341827863955147,0.9210652475952881,0.9112400896778025,0.8929912428321292,0.8938861401169229,0.8960492450125047,0.8754715112664874,0.8686902027968748,0.885487967915842,0.8669834008447022
6,1,1.8776031740876131,0.32373128879152974,5478,2.1773957676357694,0.28284671532846717,1096,2.168168095093739,0.2859,0.9621740119309176,0.08316826374812836,,,0.8876086787582617,,0.8876565826607912,0.11234341733920883,0.9906030907973409,0.1447556658601015,10,0.025,0.15,0.938433585095111,1.0,0.9455416357541847,0.9377142818454225,0.9316012825560581,0.9230520304790611,0.9246725632929027,0.9241280975190675,0.9042325601228216,0.8976939277481245,0.9135258681138143,0.9025102840306545
6,2,1.866467429462232,0.32273858921161824,4820,2.162187099456787,0.28112033195020747,964,2.168156895456435,0.2859,0.9721693968412054,0.08421042358414811,,,0.9675467566561338,,0.9675859451073592,0.03241405489264082,0.9906942035867693,0.14476546802324686,10,0.025,0.15,0.9341827863955147,0.9455416357541847,1.0,0.9489473318162981,0.9437497445246693,0.9321248130614944,0.9364987717131122,0.9339770949879591,0.9209251515379708,0.9143368035478019,0.9288121358437711,0.9184956151538191
6,3,1.8912835110936845,0.3183613254652746,4406,2.163972411836897,0.29625425652667425,881,2.1681579939926725,0.2859,0.9736040805741267,0.08437277762495705,,,0.9799999999232958,,0.9800300374643098,0.019969962535690167,0.9906967644371605,0.1447657118468983,10,0.025,0.15,0.9210652475952881,0.9377142818454225,0.9489473318162981,1.0,0.9438352781910093,0.9375537326122397,0.936560637240295,0.9428179284673291,0.9296257661791689,0.9198687371723389,0.9316507015536714,0.9238061293422747
6,4,1.8957120194579615,0.3202577821011673,4112,2.1676669801984514,0.2871046228710462,822,2.168179300766957,0.2852,0.9723171660792074,0.08411174545932713,,,0.9599777261138689,,0.9600105626248122,0.039989437375187786,0.9906860438314601,0.14476517895327273,10,0.025,0.15,0.9112400896778025,0.9316012825560581,0.9437497445246693,0.9438352781910093,1.0,0.9374348547156224,0.9432504753802062,0.9439014155706945,0.9331429668588745,0.9094641857006946,0.9339396668504477,0.9267095879841999
6,5,1.9262919941256123,0.3011313962458215,3889,2.1699110780443465,0.2943444730077121,778,2.1682837552662138,0.2852,0.9679510789325939,0.08375165917443547,,,0.9323575813944562,,0.9323992012014986,0.06760079879850145,0.9906885432572912,0.1447629259723853,10,0.025,0.15,0.8929912428321292,0.9230520304790611,0.9321248130614944,0.9375537326122397,0.9374348547156224,1.0,0.9429228451246753,0.9383864516497485,0.92254126305617,0.9192243344408504,0.9329425235719353,0.9282190734344253
6,6,1.9226645835514726,0.31533279439504175,3711,2.165929118792216,0.2857142857142857,742,2.168252425857737,0.2853,0.9729101317821275,0.0840566937773185,,,0.9557550286996007,,0.9557937647505406,0.044206235249459436,0.9906837944897552,0.14476501246132614,10,0.025,0.15,0.8938861401169229,0.9246725632929027,0.9364987717131122,0.936560637240295,0.9432504753802062,0.9429228451246753,1.0,0.9482434426847159,0.9310827341958051,0.9257524838624014,0.9420216561671313,0.9397419263771674
6,7,1.9216290593147278,0.3082210998877666,3564,2.165432572364807,0.28330995792426367,713,2.168350132205818,0.2851,0.9742141345108213,0.08410536151259318,,,0.9594880503331713,,0.9595236916373718,0.040476308362628166,0.9906876897792634,0.1447651783446886,10,0.025,0.15,0.8960492450125047,0.9241280975190675,0.9339770949879591,0.9428179284673291,0.9439014155706945,0.9383864516497485,0.9482434426847159,1.0,0.9436426226315653,0.9252195056060857,0.9475667838272929,0.9359007342808748
6,8,1.9097439187544363,0.3210113339145597,3441,2.1712559858957925,0.2747093023255814,688,2.168466610244558,0.285,0.9621548996552679,0.08295717373383815,,,0.8714171796977725,,0.8714495552144708,0.12855044478552924,0.9905253775670265,0.1447493167057064,10,0.025,0.15,0.8754715112664874,0.9042325601228216,0.9209251515379708,0.9296257661791689,0.9331429668588745,0.92254126305617,0.9310827341958051,0.9436426226315653,1.0,0.917907123929674,0.9322242358901376,0.9298827990028696
6,9,1.9148655608848288,0.31259748050389924,3334,2.1693849563598633,0.2848575712143928,667,2.1684903977792476,0.2852,0.9533107082226765,0.08264962768856192,,,0.8478270941132346,,0.8478816986021026,0.1521183013978974,0.9905046454552322,0.1447391819085816,10,0.025,0.15,0.8686902027968748,0.8976939277481245,0.9143368035478019,0.9198687371723389,0.9094641857006946,0.9192243344408504,0.9257524838624014,0.9252195056060857,0.917907123929674,1.0,0.9253087079606734,0.915150923691555
