round,client_id,client_i_training_loss,client_i_training_accuracy,client_i_training_dataset_size,client_i_evaluation_loss,client_i_evaluation_accuracy,client_i_evaluation_dataset_size,client_i_central_evaluation_loss,client_i_central_evaluation_accuracy,client_i_cosine_similarity,client_i_importance_coefficient,client_i_tanh_val,tanh_normalization_value,client_i_q,client_i_mask_order,client_i_v_nonzero_fraction,client_i_v_sparsity,client_i_v_cosine_similarity,client_i_reward_gradient_norm,local_epochs,learning_rate,gamma,client_0_cosine_similarity,client_1_cosine_similarity,client_2_cosine_similarity,client_3_cosine_similarity,client_4_cosine_similarity,client_5_cosine_similarity,client_6_cosine_similarity,client_7_cosine_similarity,client_8_cosine_similarity,client_9_cosine_similarity,client_10_cosine_similarity,client_11_cosine_similarity
0,0,1.7112190781864212,0.4967129291453616,8214,2.2470558521359467,0.21110299488677867,1369,2.246196994385399,0.2205,0.9802807621059726,0.08242429370306717,,,0.75,,0.7500024163694532,0.2499975836305468,0,0.09905391451303713,5,0.001,0.1,1.0,0.9932244036272491,0.9882130176204024,0.9784378438019112,0.9723454074274429,0.9628549858972609,0.9628745923042761,0.9589127387206435,0.9573564517631133,0.9471908835726611,0.9403344931166776,0.9399745626289868
0,1,1.8889735732263733,0.4375722543352601,6574,2.244150175367083,0.23448905109489052,1096,2.2461734381727516,0.2203,0.991744853821336,0.08338822128291276,,,0.9240937300946608,,0.924116333690956,0.07588366630904397,0,0.09907905718028442,5,0.001,0.1,0.9932244036272491,1.0,0.9963505302522069,0.9903723584201146,0.985032793169403,0.9789440712845664,0.979669013120344,0.9762771902279226,0.975154956397625,0.9671806903550549,0.9591806050523546,0.9581634130903487
0,2,1.968681577160872,0.4105135742694103,5783,2.24120153919343,0.22510373443983403,964,2.2461736415521787,0.2203,0.9948351471362018,0.08364806035520661,,,0.9710229333520451,,0.9710422284725645,0.028957771527435505,0,0.0990794942753132,5,0.001,0.1,0.9882130176204024,0.9963505302522069,1.0,0.9909645194354347,0.9895761410703489,0.9828028987178796,0.9847628957135671,0.9819177030033788,0.9824615474946907,0.9745365467356563,0.9692583722714727,0.9683454605331467
0,3,2.014556162328605,0.4210327217703802,5287,2.2450447934014455,0.20885357548240635,881,2.246173598134099,0.2203,0.9967432902235102,0.08380850147813336,,,0.9999999998193912,,1.0,0.0,0,0.09907952615013134,5,0.001,0.1,0.9784378438019112,0.9903723584201146,0.9909645194354347,1.0,0.9938116638304162,0.9931166830642149,0.9914129353139725,0.9909802557170982,0.9860103632395829,0.9850047291037599,0.9768124691251154,0.9720875024909542
0,4,2.050990996822234,0.38346504559270517,4935,2.251092553138733,0.20316301703163017,822,2.2461735806145224,0.2203,0.996088588247341,0.08375345260840363,,,0.9900576937072664,,0.9900735542861562,0.009926445713843823,0,0.09907952452593138,5,0.001,0.1,0.9723454074274429,0.985032793169403,0.9895761410703489,0.9938116638304162,1.0,0.9907984801549996,0.9919439615932698,0.9918148327211311,0.9858905347771877,0.9889168291808782,0.9828783694443761,0.9780409184941474
0,5,2.0770814921757945,0.36773087636597385,4667,2.2441530799865723,0.22236503856041132,778,2.246173663642079,0.2203,0.9943499472218861,0.08360726361432562,,,0.9636546860436583,,0.9636723016402315,0.03632769835976846,0,0.09907947015879326,5,0.001,0.1,0.9628549858972609,0.9789440712845664,0.9828028987178796,0.9931166830642149,0.9907984801549996,1.0,0.9917591843594712,0.9943651192048981,0.9906589638144025,0.9899943995212338,0.9858651050616835,0.9817953328605397
0,6,2.088763347353254,0.3778127105322255,4453,2.2400295535723367,0.23450134770889489,742,2.2461736537397097,0.2203,0.9946803774819001,0.08363504696155898,,,0.9686726009321867,,0.968683851886218,0.03131614811378203,0,0.09907949235320453,5,0.001,0.1,0.9628745923042761,0.979669013120344,0.9847628957135671,0.9914129353139725,0.9919439615932698,0.9917591843594712,1.0,0.9951642566045873,0.992455085066295,0.9923995978506928,0.9822300832064171,0.9823702339218799
0,7,2.1044240330582236,0.38541033434650457,4277,2.2502063771952754,0.22019635343618513,713,2.246173646122503,0.2203,0.9946895748267727,0.08363582029577543,,,0.9688122718381422,,0.9688384995312244,0.031161500468775638,0,0.09907949266742519,5,0.001,0.1,0.9589127387206435,0.9762771902279226,0.9819177030033788,0.9909802557170982,0.9918148327211311,0.9943651192048981,0.9951642566045873,1.0,0.9933675222658003,0.9957713241368239,0.9890855532552092,0.9875235934927269
0,8,2.116193027312939,0.35853717607168806,4129,2.2453653704036367,0.22238372093023256,688,2.2461736179388367,0.2203,0.9926382818933353,0.08346334279978394,,,0.9376613313916047,,0.937691497279168,0.06230850272083199,0,0.0990792878122217,5,0.001,0.1,0.9573564517631133,0.975154956397625,0.9824615474946907,0.9860103632395829,0.9858905347771877,0.9906589638144025,0.992455085066295,0.9933675222658003,1.0,0.991707018240778,0.9844760296304799,0.9915102205302638
0,9,2.1313040120261055,0.3490127468132967,4001,2.250036182857695,0.21739130434782608,667,2.2461740361235014,0.2203,0.9899481367965777,0.08323714912330837,,,0.8968087801369089,,0.8968258570862451,0.10317414291375493,0,0.09907795985804482,5,0.001,0.1,0.9471908835726611,0.9671806903550549,0.9745365467356563,0.9850047291037599,0.9889168291808782,0.9899943995212338,0.9923995978506928,0.9957713241368239,0.991707018240778,1.0,0.9882066973989327,0.9893558032973416
0,10,2.1341355955014465,0.3306762663923888,3889,2.242460182734898,0.22067901234567902,648,2.246181463662047,0.2204,0.9840290948634194,0.08273946226705374,,,0.806922192144133,,0.8069417461652216,0.19305825383477837,0,0.09906779901059817,5,0.001,0.1,0.9403344931166776,0.9591806050523546,0.9692583722714727,0.9768124691251154,0.9828783694443761,0.9858651050616835,0.9822300832064171,0.9890855532552092,0.9844760296304799,0.9882066973989327,1.0,0.9853996677326043
0,11,2.1450026313797768,0.33352677393827485,3791,2.2487625598907472,0.22943037974683544,632,2.2461836924568153,0.2205,0.9830767336062716,0.08265938551047033,,,0.7924596313263167,,0.7924773586182233,0.20752264138177667,0,0.09906503852315045,5,0.001,0.1,0.9399745626289868,0.9581634130903487,0.9683454605331467,0.9720875024909542,0.9780409184941474,0.9817953328605397,0.9823702339218799,0.9875235934927269,0.9915102205302638,0.9893558032973416,0.9853996677326043,1.0
1,0,1.4839259118885382,0.5721694667640613,8214,2.1693494597146676,0.2899926953981008,1369,2.1694993767113733,0.298,0.9865433299393797,0.08246826878605083,,,0.75,,0.7500024163694532,0.2499975836305468,0.984553622448189,0.09957831903418078,5,0.001,0.1,1.0,0.9944517599715283,0.9921564951846276,0.9879681328800726,0.9866449044919354,0.9815274003879341,0.9815803986290882,0.9789335974161205,0.9768831756759048,0.9738506146270801,0.9676405273209735,0.9701794298819252
1,1,1.6360680649581465,0.532035290538485,6574,2.165105676651001,0.30474452554744524,1096,2.1694238094476086,0.2978,0.994699430614225,0.0833234715751889,,,0.9242107733859203,,0.9242274866858043,0.07577251331419566,0.9847085316805794,0.09960563956656944,5,0.001,0.1,0.9944517599715283,1.0,0.9972537198742327,0.9954767940399809,0.9936382357992993,0.9914627074682677,0.9906930339322658,0.9898484832052676,0.9884584983779794,0.9853261180067628,0.9804397002622119,0.9821718613987515
1,2,1.7161807667484599,0.5182085422790939,5783,2.16278011568131,0.31950207468879666,964,2.1694232511063354,0.2978,0.9974389954016238,0.08357148028712705,,,0.9747318779262071,,0.97474893921381,0.025251060786189994,0.9847112884559456,0.09960623070764889,5,0.001,0.1,0.9921564951846276,0.9972537198742327,1.0,0.9973184569004276,0.9966194693246337,0.9948192315799445,0.9947633685648835,0.9935194955528255,0.9918613324898026,0.9898532375348883,0.9863728317798973,0.9874149897744369
1,3,1.7544691864266453,0.5234726688102894,5287,2.1680319564683095,0.2849035187287174,881,2.1694232076882556,0.2978,0.9982300178210457,0.0836955218023536,,,0.9999999997962931,,1.0,0.0,0.9847113307716686,0.09960627980231489,5,0.001,0.1,0.9879681328800726,0.9954767940399809,0.9973184569004276,1.0,0.9966146922808857,0.9969537010065952,0.9958024917195795,0.9955356491755795,0.9943051490678511,0.992231008340667,0.988711027197786,0.9904629125518156
1,4,1.7970103100807435,0.49775075987841944,4935,2.176039769099309,0.2895377128953771,822,2.169423193977283,0.2978,0.9983933419858758,0.08366700706695468,,,0.994191349298618,,0.9942103787900755,0.005789621209924545,0.9847112457836592,0.09960627976438549,5,0.001,0.1,0.9866449044919354,0.9936382357992993,0.9966194693246337,0.9966146922808857,1.0,0.9960277102484967,0.996443111553433,0.9959348702098251,0.9945817641411518,0.9942386096558747,0.9909929784369907,0.9916142297547113
1,5,1.8337383066138175,0.48335118920077136,4667,2.1694250106811523,0.29048843187660667,778,2.1694233166143153,0.2978,0.9983032912585946,0.08357436075161057,,,0.9753186486334099,,0.9753385333603967,0.024661466639603336,0.984710858398082,0.09960623096633373,5,0.001,0.1,0.9815274003879341,0.9914627074682677,0.9948192315799445,0.9969537010065952,0.9960277102484967,1.0,0.9963824271318439,0.9969033861595322,0.9962742644271103,0.9948506428782002,0.9930020387973462,0.9940569972828753
1,6,1.8484680956602098,0.49916909948349425,4453,2.1633248031139374,0.3140161725067385,742,2.1694232709110737,0.2978,0.9981179385728044,0.08358542706711242,,,0.9775729342912631,,0.9775905896908014,0.02240941030919863,0.9847112763715983,0.09960623173455277,5,0.001,0.1,0.9815803986290882,0.9906930339322658,0.9947633685648835,0.9958024917195795,0.996443111553433,0.9963824271318439,1.0,0.9970285707899983,0.996623135478541,0.9952255363489284,0.9914895532587261,0.994006209716362
1,7,1.8680627121854185,0.4981996726677578,4277,2.173724775728972,0.30434782608695654,713,2.169423369173044,0.2978,0.9983560892428234,0.08359359582387109,,,0.9792369670219843,,0.9792578846135259,0.02074211538647408,0.9847109623278544,0.09960625637610018,5,0.001,0.1,0.9789335974161205,0.9898484832052676,0.9935194955528255,0.9955356491755795,0.9959348702098251,0.9969033861595322,0.9970285707899983,1.0,0.9973736883984489,0.9973128440076818,0.9942902986799522,0.9962213471614921
1,8,1.8860107731819153,0.48307096149188666,4129,2.168600721792741,0.2877906976744186,688,2.1694237233731695,0.2978,0.9974081675753469,0.08345709685102322,,,0.9514311741407686,,0.9514551376847314,0.048544862315268555,0.9847087469759779,0.0996060951610445,5,0.001,0.1,0.9768831756759048,0.9884584983779794,0.9918613324898026,0.9943051490678511,0.9945817641411518,0.9962742644271103,0.996623135478541,0.9973736883984489,1.0,0.9958604021570722,0.9937866771270635,0.9955608826277322
1,9,1.9159171887806483,0.48897775556110973,4001,2.1726749397459484,0.2908545727136432,667,2.1694252582403797,0.2978,0.9964457290831511,0.0832871556071625,,,0.9168129573866126,,0.9168382288978456,0.08316177110215439,0.9847016404689184,0.09960544866447466,5,0.001,0.1,0.9738506146270801,0.9853261180067628,0.9898532375348883,0.992231008340667,0.9942386096558747,0.9948506428782002,0.9952255363489284,0.9973128440076818,0.9958604021570722,1.0,0.9947309773429387,0.9966117370256972
1,10,1.9175645376815171,0.4629982000514271,3889,2.1658523763929094,0.2993827160493827,648,2.169447142476091,0.2979,0.9936122795797503,0.08289011266237517,,,0.8359325400664851,,0.8359478450817216,0.1640521549182784,0.9846147264847771,0.0995987433828322,5,0.001,0.1,0.9676405273209735,0.9804397002622119,0.9863728317798973,0.988711027197786,0.9909929784369907,0.9930020387973462,0.9914895532587261,0.9942902986799522,0.9937866771270635,0.9947309773429387,1.0,0.9948032998907252
1,11,1.939805899948633,0.47085201793721976,3791,2.173357939720154,0.2990506329113924,632,2.1694509122318353,0.298,0.9950219699804113,0.08288650171916997,,,0.8351969657484175,,0.8352181015068479,0.16478189849315206,0.9845771953137143,0.0995987253132784,5,0.001,0.1,0.9701794298819252,0.9821718613987515,0.9874149897744369,0.9904629125518156,0.9916142297547113,0.9940569972828753,0.994006209716362,0.9962213471614921,0.9955608826277322,0.9966117370256972,0.9948032998907252,1.0
2,0,1.3332318536038528,0.62354516678841,8214,2.069156599599262,0.4390065741417093,1369,2.070593857155821,0.4359,0.9890044694604635,0.0825534661258999,,,0.75,,0.7500024163694532,0.2499975836305468,0.9941298770592638,0.09964558611060505,5,0.001,0.1,1.0,0.9949884606430006,0.9928243844132725,0.9894259473895841,0.9887563203530801,0.9843402180252959,0.9845113150589112,0.9828345997888397,0.9816245112420403,0.9786573061902799,0.9743958511661407,0.9768235881309268
2,1,1.4622097310510653,0.5933678125950715,6574,2.0633555480412076,0.43795620437956206,1096,2.0704388249034698,0.4356,0.9955270451231168,0.0832889640736986,,,0.9233549372959793,,0.9233720918993631,0.07662790810063691,0.9943042980019223,0.09967157266959084,5,0.001,0.1,0.9949884606430006,1.0,0.997156716176713,0.9958768445797475,0.9943143443123748,0.9925755247146303,0.9920962888509527,0.9915655294192836,0.9901865546120567,0.9877700283580166,0.9844061373312176,0.9861680891137532
2,2,1.5333060357452097,0.580356216496628,5783,2.061568929303077,0.4574688796680498,964,2.07043589799168,0.4356,0.997599015593463,0.08350808594693825,,,0.9750013881247359,,0.9750195725925711,0.024980427407428896,0.9943103235966902,0.09967232677758496,5,0.001,0.1,0.9928243844132725,0.997156716176713,1.0,0.9972909645983389,0.9964266942016512,0.9952371804146908,0.9951451551411455,0.9944022366169553,0.9929538746895488,0.9910066534227907,0.9890300281248511,0.9903863988861221
2,3,1.5602394694305328,0.5813126536788349,5287,2.068589585168021,0.4279228149829739,881,2.070435539602091,0.4355,0.9985259758010762,0.08361414827112418,,,0.9999999997643026,,1.0,0.0,0.9943112340869198,0.09967237585995638,5,0.001,0.1,0.9894259473895841,0.9958768445797475,0.9972909645983389,1.0,0.996946604255639,0.9971117870593276,0.9964943025370504,0.996273699037497,0.9956884666120951,0.9932569625664637,0.9916506749901073,0.9928988150984737
2,4,1.5970458372177616,0.5659979736575481,4935,2.0789238672990065,0.4148418491484185,822,2.0704355426489736,0.4355,0.9986115492301606,0.08359941318438113,,,0.9965269784648734,,0.9965349262040769,0.0034650737959230904,0.9943112341289303,0.0996723758506848,5,0.001,0.1,0.9887563203530801,0.9943143443123748,0.9964266942016512,0.996946604255639,1.0,0.9964802867121936,0.9968991724329697,0.9965213431631726,0.9957509797394308,0.9946415502893097,0.9932044250071944,0.9940079575033562
2,5,1.6330284229696614,0.5575744589672166,4667,2.072998571395874,0.42930591259640105,778,2.0704359071323286,0.4356,0.9984402642638059,0.0835370252646764,,,0.9818223094160898,,0.981838567189569,0.018161432810431033,0.9943100853586802,0.09967235736961579,5,0.001,0.1,0.9843402180252959,0.9925755247146303,0.9952371804146908,0.9971117870593276,0.9964802867121936,1.0,0.9967809576129523,0.9971027413408798,0.9968718463227545,0.9948708724237095,0.9951024478558136,0.9954022508362251
2,6,1.6465184647696358,0.5724230855602964,4453,2.064579889178276,0.44609164420485176,742,2.070435792493363,0.4356,0.9983212041995303,0.08353997094553631,,,0.9825165986690922,,0.9825344815920976,0.017465518407902447,0.9943101013275668,0.09967235750091911,5,0.001,0.1,0.9845113150589112,0.9920962888509527,0.9951451551411455,0.9964943025370504,0.9968991724329697,0.9967809576129523,1.0,0.9969892323595115,0.9968844679337813,0.9953619916220326,0.9937341728356144,0.9955517108406616
2,7,1.6631346513086291,0.5755436053308394,4277,2.075306643610415,0.4305750350631136,713,2.0704358286750963,0.4356,0.9984273517732463,0.0835484124578517,,,0.9845062409821654,,0.984525570021554,0.015474429978445947,0.994310568054508,0.09967235781264774,5,0.001,0.1,0.9828345997888397,0.9915655294192836,0.9944022366169553,0.996273699037497,0.9965213431631726,0.9971027413408798,0.9969892323595115,1.0,0.9970541721749118,0.9970715614235436,0.9953959219277708,0.9965078886580867
2,8,1.6771511515287252,0.5703560184063938,4129,2.069696372205561,0.42877906976744184,688,2.070436990299164,0.4356,0.9977730666945998,0.0834435123682528,,,0.9597815649865535,,0.9597964450372605,0.04020355496273953,0.9943102104284717,0.0996722380251455,5,0.001,0.1,0.9816245112420403,0.9901865546120567,0.9929538746895488,0.9956884666120951,0.9957509797394308,0.9968718463227545,0.9968844679337813,0.9970541721749118,1.0,0.9956699359657248,0.995146976147402,0.9960597919253472
2,9,1.7105188302577488,0.5599600099975006,4001,2.0733099097297307,0.44677661169415295,667,2.0704412490795976,0.4355,0.9966902524376858,0.0833042481614396,,,0.9269573566907542,,0.9269773151235732,0.07302268487642682,0.9943071657664254,0.09967174959221971,5,0.001,0.1,0.9786573061902799,0.9877700283580166,0.9910066534227907,0.9932569625664637,0.9946415502893097,0.9948708724237095,0.9953619916220326,0.9970715614235436,0.9956699359657248,1.0,0.9954062425458262,0.9972436551117985
2,10,1.7154483369139375,0.5521727950629982,3889,2.066333015759786,0.4444444444444444,648,2.0704810067106743,0.4352,0.9952526571100392,0.08301415614905591,,,0.8585834302000697,,0.8585988923362426,0.14140110766375735,0.9942636725909236,0.09966783916260916,5,0.001,0.1,0.9743958511661407,0.9844061373312176,0.9890300281248511,0.9916506749901073,0.9932044250071944,0.9951024478558136,0.9937341728356144,0.9953959219277708,0.995146976147402,0.9954062425458262,1.0,0.9962900442522258
2,11,1.7394311692534374,0.5528356634133474,3791,2.076303470134735,0.4129746835443038,632,2.070483770614234,0.4353,0.9963875746612108,0.0830485970511452,,,0.8667010604939065,,0.8667130609601685,0.13328693903983146,0.9942717615900765,0.09966855867341169,5,0.001,0.1,0.9768235881309268,0.9861680891137532,0.9903863988861221,0.9928988150984737,0.9940079575033562,0.9954022508362251,0.9955517108406616,0.9965078886580867,0.9960597919253472,0.9972436551117985,0.9962900442522258,1.0
3,0,1.2240529058508371,0.6482103725346968,8214,1.949177198631819,0.5463842220598978,1369,1.9522295954128424,0.5446,0.9897457652735089,0.08262322180430905,,,1.0,,1.0,0.0,0.9968118352906097,0.09969234473984945,5,0.001,0.1,1.0,0.9949475051736819,0.9934917401399243,0.9895043072061203,0.989129121362632,0.9851617776198061,0.9851686776899798,0.9835771642430315,0.9824382964172123,0.9812618321770263,0.9766906142371046,0.9790904175595686
3,1,1.3342103158964693,0.6243991481594159,6574,1.9419399568012783,0.5437956204379562,1096,1.9520480427117393,0.5447,0.9959119444247307,0.08327369655054989,,,1.0,,1.0,0.0,0.9970678456850341,0.09969234473984945,5,0.001,0.1,0.9949475051736819,1.0,0.9971384089949281,0.9955662149892905,0.9945416511748255,0.9929280123985874,0.9924713599154851,0.9917836992097258,0.9907058782246516,0.989837208830176,0.9863536053354606,0.9878652451924187
3,2,1.3943504882780886,0.6119315234307453,5783,1.9399369185970676,0.5570539419087137,964,1.9520435356103574,0.5447,0.9976920745631666,0.08346564980141057,,,1.0,,1.0,0.0,0.9970754118723004,0.09969234473984945,5,0.001,0.1,0.9934917401399243,0.9971384089949281,1.0,0.9966896770138286,0.996557880853477,0.9953675831005198,0.9950466889383087,0.9944557446164041,0.993251508779958,0.9923622288425374,0.9900098257396466,0.9910350777526296
3,3,1.4149108728730535,0.6239076981274825,5287,1.9500120026724679,0.5448354143019296,881,1.9520431002869774,0.5447,0.9985096722264009,0.08355713909980113,,,1.0,,1.0,0.0,0.9970759052302424,0.09969234473984945,5,0.001,0.1,0.9895043072061203,0.9955662149892905,0.9966896770138286,1.0,0.9965980481221782,0.9969761703918579,0.9965077707479805,0.9961266404165577,0.995913202694067,0.9946072300802615,0.9930176202696537,0.993643806720668
3,4,1.444557966493791,0.6072948328267477,4935,1.962685594191918,0.5085158150851582,822,1.9520431219960173,0.5447,0.9984109949738603,0.08354491017891046,,,1.0,,1.0,0.0,0.9970759041683604,0.09969234473984945,5,0.001,0.1,0.989129121362632,0.9945416511748255,0.996557880853477,0.9965980481221782,1.0,0.9961662989452366,0.9967083576832101,0.9960357314196663,0.9955391534048392,0.9951929840275192,0.9934210604358474,0.9940821979936012
3,5,1.4774683257488355,0.6043711163488322,4667,1.9577115774154663,0.5539845758354756,778,1.9520435653174648,0.5447,0.998417878023539,0.08350684900992726,,,1.0,,1.0,0.0,0.9970758203862261,0.09969234473984945,5,0.001,0.1,0.9851617776198061,0.9929280123985874,0.9953675831005198,0.9969761703918579,0.9961662989452366,1.0,0.9967264261706326,0.9969655336072547,0.9966808236100925,0.9957711644158673,0.9955461007493325,0.9957410965917587
3,6,1.4852785505567279,0.6175162811587693,4453,1.9468807528416316,0.5619946091644205,742,1.9520434594382874,0.5447,0.9982320483755638,0.08350265491464254,,,1.0,,1.0,0.0,0.9970758181912154,0.09969234473984945,5,0.001,0.1,0.9851686776899798,0.9924713599154851,0.9950466889383087,0.9965077707479805,0.9967083576832101,0.9967264261706326,1.0,0.9966284903454096,0.9968797525228811,0.9960416148797241,0.9941664575568876,0.9954569687220108
3,7,1.5000393194049153,0.6132335749357026,4277,1.9576726218928462,0.5273492286115007,713,1.952043399262352,0.5447,0.9982332187290394,0.08350787272825681,,,1.0,,1.0,0.0,0.9970758181105311,0.09969234473984945,5,0.001,0.1,0.9835771642430315,0.9917836992097258,0.9944557446164041,0.9961266404165577,0.9960357314196663,0.9969655336072547,0.9966284903454096,1.0,0.9971388048827365,0.9972631040190999,0.9953208648626775,0.9965174027995758
3,8,1.5157568004498114,0.6125454105110196,4129,1.951306158846075,0.5450581395348837,688,1.9520447524591757,0.5447,0.9979219951111623,0.08343345079250464,,,1.0,,1.0,0.0,0.9970746142976943,0.09969234473984945,5,0.001,0.1,0.9824382964172123,0.9907058782246516,0.993251508779958,0.995913202694067,0.9955391534048392,0.9966808236100925,0.9968797525228811,0.9971388048827365,1.0,0.9963676327461465,0.9960203374993173,0.997156418794249
3,9,1.5479217245465233,0.6014496375906023,4001,1.9543321813855852,0.545727136431784,667,1.9520512994485921,0.5446,0.9973537405582045,0.08332964056791665,,,1.0,,1.0,0.0,0.9970696566033638,0.09969234473984945,5,0.001,0.1,0.9812618321770263,0.989837208830176,0.9923622288425374,0.9946072300802615,0.9951929840275192,0.9957711644158673,0.9960416148797241,0.9972631040190999,0.9963676327461465,1.0,0.9956547189962154,0.9969378180102775
3,10,1.5508967211011981,0.6004628439187452,3889,1.946692529178801,0.5555555555555556,648,1.952102155731128,0.5446,0.9958050802805031,0.08310161318648795,,,1.0,,1.0,0.0,0.9970353828164865,0.09969234473984945,5,0.001,0.1,0.9766906142371046,0.9863536053354606,0.9900098257396466,0.9930176202696537,0.9934210604358474,0.9955461007493325,0.9941664575568876,0.9953208648626775,0.9960203374993173,0.9956547189962154,1.0,0.9965654221734254
3,11,1.569349287137264,0.5961487734107096,3791,1.9605374097824098,0.5443037974683544,632,1.9521060553602516,0.5446,0.996751123473225,0.08315330136528316,,,1.0,,1.0,0.0,0.9970399253723228,0.09969234473984945,5,0.001,0.1,0.9790904175595686,0.9878652451924187,0.9910350777526296,0.993643806720668,0.9940821979936012,0.9957410965917587,0.9954569687220108,0.9965174027995758,0.997156418794249,0.9969378180102775,0.9965654221734254,1.0
4,0,1.1402887591592068,0.6648892135378622,8214,1.813640184180681,0.591672753834916,1369,1.8187287642171208,0.5891,0.989922974263697,0.082676133334749,,,1.0,,1.0,0.0,0.9979796414009312,0.0996785361295781,5,0.001,0.1,1.0,0.9946173935826546,0.9934529632316863,0.9894042304790146,0.9887470936052075,0.9851966838848123,0.9849828314645529,0.983997832836411,0.9820329195003454,0.9818865458112311,0.9766322531775606,0.9800090412452818
4,1,1.2333619242732965,0.6455126254943717,6574,1.804872383390154,0.5812043795620438,1096,1.8185303409259541,0.5893,0.9957244806512637,0.08326268819106364,,,1.0,,1.0,0.0,0.9979796414009312,0.0996785361295781,5,0.001,0.1,0.9946173935826546,1.0,0.9966847282828029,0.994956206275508,0.9937541705870234,0.9924852337908099,0.992040952106524,0.9917212905657702,0.9900552082514236,0.9897858594781112,0.9860681236237694,0.9880988651425403
4,2,1.2865153510926177,0.636451668684074,5783,1.8029412838720507,0.5933609958506224,964,1.8185244151197684,0.5893,0.9975415184620277,0.08343917115032223,,,1.0,,1.0,0.0,0.9979796414009312,0.0996785361295781,5,0.001,0.1,0.9934529632316863,0.9966847282828029,1.0,0.9964438296016077,0.9959175222830661,0.9948331884987117,0.9942948648958387,0.9940506879829216,0.9928306487903766,0.9924773807835012,0.9896539664153122,0.9913349630877679
4,3,1.3003606070236988,0.644789105352752,5287,1.8164774988378798,0.5913734392735528,881,1.8185241991719499,0.5893,0.9983667759321813,0.08352196969278278,,,1.0,,1.0,0.0,0.9979796414009312,0.0996785361295781,5,0.001,0.1,0.9894042304790146,0.994956206275508,0.9964438296016077,1.0,0.9961292980510164,0.9964991960615923,0.9959403631012781,0.9958100771676129,0.9953464417981482,0.9946243854613371,0.9927761633016216,0.9938763756040989
4,4,1.3251401598222794,0.6296656534954407,4935,1.831575402846703,0.5656934306569343,822,1.8185241999336705,0.5893,0.9980505471612406,0.08350425152553076,,,1.0,,1.0,0.0,0.9979796414009312,0.0996785361295781,5,0.001,0.1,0.9887470936052075,0.9937541705870234,0.9959175222830661,0.9961292980510164,1.0,0.995525760480196,0.996096612939466,0.9958714776251191,0.9946493151023064,0.994650195969961,0.9926319089668165,0.9940479977749351
4,5,1.3537674938979214,0.6363402614098993,4667,1.8276782274246215,0.6066838046272494,778,1.8185244817703297,0.5893,0.9982157662801258,0.08348623089001406,,,1.0,,1.0,0.0,0.9979796414009312,0.0996785361295781,5,0.001,0.1,0.9851966838848123,0.9924852337908099,0.9948331884987117,0.9964991960615923,0.995525760480196,1.0,0.9961696325487736,0.9964285097752775,0.9962630573984743,0.9952474844227289,0.9954771065207829,0.9958519462694488
4,6,1.3556778401136398,0.6372333258477431,4453,1.8144045174121857,0.5876010781671159,742,1.8185243694165263,0.5893,0.9980043275882432,0.08347682798734493,,,1.0,,1.0,0.0,0.9979796414009312,0.0996785361295781,5,0.001,0.1,0.9849828314645529,0.992040952106524,0.9942948648958387,0.9959403631012781,0.996096612939466,0.9961696325487736,1.0,0.996599035705341,0.9962816240966466,0.9957313301052831,0.9936917027622428,0.9956128617275832
4,7,1.3690595779845964,0.6394201543137713,4277,1.8247483139452727,0.5624123422159888,713,1.8185244867215142,0.5893,0.9982140274353476,0.0834868029518598,,,1.0,,1.0,0.0,0.9979796414009312,0.0996785361295781,5,0.001,0.1,0.983997832836411,0.9917212905657702,0.9940506879829216,0.9958100771676129,0.9958714776251191,0.9964285097752775,0.996599035705341,1.0,0.9971471681688912,0.996732409392815,0.9950910482244437,0.9964973239355764
4,8,1.3781921781943394,0.6372487285056915,4129,1.8182602795687588,0.6017441860465116,688,1.8185258681020036,0.5893,0.9976466973520812,0.08342280873781296,,,1.0,,1.0,0.0,0.9979796414009312,0.0996785361295781,5,0.001,0.1,0.9820329195003454,0.9900552082514236,0.9928306487903766,0.9953464417981482,0.9946493151023064,0.9962630573984743,0.9962816240966466,0.9971471681688912,1.0,0.9960573040264031,0.9955792621094588,0.9969119459777528
4,9,1.4176145651983836,0.6250437390652337,4001,1.8200134890420097,0.5937031484257871,667,1.818534387567173,0.5891,0.9971915343748758,0.08334440266927277,,,1.0,,1.0,0.0,0.9979796414009312,0.0996785361295781,5,0.001,0.1,0.9818865458112311,0.9897858594781112,0.9924773807835012,0.9946243854613371,0.994650195969961,0.9952474844227289,0.9957313301052831,0.996732409392815,0.9960573040264031,1.0,0.994223703204975,0.9962988756104525
4,10,1.416122893231814,0.6202108511185395,3889,1.8112657864888508,0.6219135802469136,648,1.8185932982843904,0.5892,0.9955342684244718,0.08315094251988432,,,1.0,,1.0,0.0,0.9979796414009312,0.0996785361295781,5,0.001,0.1,0.9766322531775606,0.9860681236237694,0.9896539664153122,0.9927761633016216,0.9926319089668165,0.9954771065207829,0.9936917027622428,0.9950910482244437,0.9955792621094588,0.994223703204975,1.0,0.9960570735186937
4,11,1.4310390799987216,0.6217356897916118,3791,1.830168253183365,0.5791139240506329,632,1.8185985537763603,0.5893,0.996930885869543,0.08322777034936271,,,1.0,,1.0,0.0,0.9979796414009312,0.0996785361295781,5,0.001,0.1,0.9800090412452818,0.9880988651425403,0.9913349630877679,0.9938763756040989,0.9940479977749351,0.9958519462694488,0.9956128617275832,0.9964973239355764,0.9969119459777528,0.9962988756104525,0.9960570735186937,1.0
5,0,1.070909758903637,0.675164353542732,8214,1.6689627669578375,0.6135865595325055,1369,1.67605894975388,0.6138,0.9894903766680743,0.0827103037856229,,,1.0,,1.0,0.0,0.9982743041454136,0.09962958506535374,5,0.001,0.1,1.0,0.9938383078179711,0.9925968198981839,0.9884312979260085,0.9878750788828595,0.984612880533512,0.9840362322485259,0.9829625479997789,0.9807984623863695,0.9795638370671781,0.9757979566487192,0.9794751334302213
5,1,1.152622469825652,0.6581989656221479,6574,1.658464697429112,0.614963503649635,1096,1.6758484684240322,0.6136,0.9955119442705944,0.08326484571204305,,,1.0,,1.0,0.0,0.9982743041454136,0.09962958506535374,5,0.001,0.1,0.9938383078179711,1.0,0.9958019293556355,0.9943333732790253,0.9927979931747127,0.9921548812951395,0.9911600090371636,0.9910821141983228,0.9892324629118969,0.9881722642321829,0.9855916012512665,0.9877245023569611
5,2,1.198760650895577,0.6506311602974235,5783,1.6566620603684457,0.6161825726141079,964,1.6758418121276952,0.6136,0.997093983592692,0.08342427519010304,,,1.0,,1.0,0.0,0.9982743041454136,0.09962958506535374,5,0.001,0.1,0.9925968198981839,0.9958019293556355,1.0,0.9956174436203589,0.9952149891271609,0.994258002502774,0.9935980452675509,0.9931369216118887,0.9913626426395438,0.9896021578085719,0.9887885361334342,0.9907961261024584
5,3,1.2076512267072517,0.6573103839606582,5287,1.6733488312789373,0.6186152099886493,881,1.6758415401934055,0.6136,0.9979541730478385,0.08350288363017142,,,1.0,,1.0,0.0,0.9982743041454136,0.09962958506535374,5,0.001,0.1,0.9884312979260085,0.9943333732790253,0.9956174436203589,1.0,0.995405754605752,0.9956056434203823,0.9950499812564988,0.9949565006733149,0.9941636218467026,0.9922800219261098,0.991899690546087,0.9932737424507966
5,4,1.226607705623873,0.6442147922998986,4935,1.6914948179171636,0.5912408759124088,822,1.6758415241972706,0.6136,0.997747274120459,0.08348532473083937,,,1.0,,1.0,0.0,0.9982743041454136,0.09962958506535374,5,0.001,0.1,0.9878750788828595,0.9927979931747127,0.9952149891271609,0.995405754605752,1.0,0.9949160202626863,0.995642687339437,0.9952726794447169,0.9936593408641357,0.9921179988593524,0.9921507521611485,0.9934870310636373
5,5,1.2534047273740376,0.652067709449325,4667,1.688899598121643,0.6259640102827764,778,1.675841885633743,0.6136,0.9978837427061353,0.08347867248352114,,,1.0,,1.0,0.0,0.9982743041454136,0.09962958506535374,5,0.001,0.1,0.984612880533512,0.9921548812951395,0.994258002502774,0.9956056434203823,0.9949160202626863,1.0,0.9955049398689224,0.9956225339897317,0.9951404796786419,0.9928197137613664,0.994392491384947,0.9951247772117969
5,6,1.2513411515951156,0.6560071861666292,4453,1.672842005888621,0.6078167115902965,742,1.6758417854674708,0.6136,0.9976380054536654,0.08346496271569563,,,1.0,,1.0,0.0,0.9982743041454136,0.09962958506535374,5,0.001,0.1,0.9840362322485259,0.9911600090371636,0.9935980452675509,0.9950499812564988,0.995642687339437,0.9955049398689224,1.0,0.995849158428159,0.9953059498584951,0.9928285996801958,0.9931867519733795,0.9950444693739392
5,7,1.2620785605551592,0.6530745849894786,4277,1.6827386824981025,0.5890603085553997,713,1.6758418022253263,0.6136,0.9978929230098904,0.08347932017112734,,,1.0,,1.0,0.0,0.9982743041454136,0.09962958506535374,5,0.001,0.1,0.9829625479997789,0.9910821141983228,0.9931369216118887,0.9949565006733149,0.9952726794447169,0.9956225339897317,0.995849158428159,1.0,0.9962061968892927,0.995060737926927,0.9943534810672949,0.9957461211071806
5,8,1.2766587619598095,0.6501332041656576,4129,1.676395297050476,0.627906976744186,688,1.675843322238983,0.6136,0.9971092700689683,0.08341472601206931,,,1.0,,1.0,0.0,0.9982743041454136,0.09962958506535374,5,0.001,0.1,0.9807984623863695,0.9892324629118969,0.9913626426395438,0.9941636218467026,0.9936593408641357,0.9951404796786419,0.9953059498584951,0.9962061968892927,1.0,0.9938244158040745,0.9948214621720047,0.9963603784797885
5,9,1.3107530383836656,0.6432391902024494,4001,1.676326144309271,0.6326836581709145,667,1.6758527454857628,0.6136,0.9953931219582185,0.08331116232256149,,,1.0,,1.0,0.0,0.9982743041454136,0.09962958506535374,5,0.001,0.1,0.9795638370671781,0.9881722642321829,0.9896021578085719,0.9922800219261098,0.9921179988593524,0.9928197137613664,0.9928285996801958,0.995060737926927,0.9938244158040745,1.0,0.9907643266344621,0.9933265922928977
5,10,1.3059906589203194,0.6398560041141682,3889,1.6656739711761475,0.6342592592592593,648,1.6759167075538026,0.6137,0.9951031070087468,0.08318305065487873,,,1.0,,1.0,0.0,0.9982743041454136,0.09962958506535374,5,0.001,0.1,0.9757979566487192,0.9855916012512665,0.9887885361334342,0.991899690546087,0.9921507521611485,0.994392491384947,0.9931867519733795,0.9943534810672949,0.9948214621720047,0.9907643266344621,1.0,0.9951367307617853
5,11,1.3157062586616068,0.6393563703508309,3791,1.6908365190029144,0.5933544303797469,632,1.675923139142533,0.6137,0.9966591207670563,0.08328047259136646,,,1.0,,1.0,0.0,0.9982743041454136,0.09962958506535374,5,0.001,0.1,0.9794751334302213,0.9877245023569611,0.9907961261024584,0.9932737424507966,0.9934870310636373,0.9951247772117969,0.9950444693739392,0.9957461211071806,0.9963603784797885,0.9933265922928977,0.9951367307617853,1.0
6,0,1.0140260253203055,0.6862429997565133,8214,1.5224855583767558,0.633308984660336,1369,1.5313684030081898,0.6358,0.9890787398939783,0.08273211450399558,,,1.0,,1.0,0.0,0.9983930757126389,0.09958546955315593,5,0.001,0.1,1.0,0.9931494135754676,0.992045866563301,0.9873964461754283,0.9865606695785278,0.9839130328174732,0.9826380078634278,0.9820810182411182,0.9794166049128573,0.980242803238977,0.9742163095855013,0.9781788350384975
6,1,1.0857454188819071,0.6687252814116216,6574,1.5104976177215577,0.6359489051094891,1096,1.5311530778964106,0.6358,0.9947192179529609,0.0832547857902159,,,1.0,,1.0,0.0,0.9983930757126389,0.09958546955315593,5,0.001,0.1,0.9931494135754676,1.0,0.9948888091200527,0.9929202608824491,0.9912090227195164,0.9907717506909834,0.9893588321852274,0.9896609498217983,0.9876311173343412,0.9874571873405696,0.9839668297053215,0.9861422593782473
6,2,1.126210535494662,0.6642918900224797,5783,1.508422028633856,0.6400414937759336,964,1.5311461618533149,0.6358,0.9966691823808518,0.08341566120988228,,,1.0,,1.0,0.0,0.9983930757126389,0.09958546955315593,5,0.001,0.1,0.992045866563301,0.9948888091200527,1.0,0.9946204804188138,0.9943577573483917,0.9933285138046608,0.9925294460410458,0.9924307429203358,0.9898755428666662,0.9895458210034378,0.9875005462345852,0.9893006690237538
6,3,1.1300269292061587,0.6703990921127293,5287,1.527704166514533,0.6390465380249716,881,1.5311458426923417,0.6358,0.9973590313827894,0.0834862071255018,,,1.0,,1.0,0.0,0.9983930757126389,0.09958546955315593,5,0.001,0.1,0.9873964461754283,0.9929202608824491,0.9946204804188138,1.0,0.9942007110866788,0.9945354771254449,0.9940429897111174,0.9939275503950774,0.9923619307825285,0.9922468541293296,0.9906788771464426,0.9916937450828543
6,4,1.1446102211552283,0.6580344478216819,4935,1.5487987536650438,0.6204379562043796,822,1.5311458567841747,0.6358,0.9971959327168392,0.08347015818420012,,,1.0,,1.0,0.0,0.9983930757126389,0.09958546955315593,5,0.001,0.1,0.9865606695785278,0.9912090227195164,0.9943577573483917,0.9942007110866788,1.0,0.9939166284287005,0.9944526246934767,0.9943846167358361,0.9922315222276629,0.9918899494579744,0.9909926885096491,0.9924746397136401
6,5,1.1695838840856945,0.662052710520677,4667,1.5486690521240234,0.6568123393316195,778,1.5311462319316194,0.6358,0.997337020410598,0.08347063297920397,,,1.0,,1.0,0.0,0.9983930757126389,0.09958546955315593,5,0.001,0.1,0.9839130328174732,0.9907717506909834,0.9933285138046608,0.9945354771254449,0.9939166284287005,1.0,0.9943675153916965,0.9943446998169748,0.99344726545766,0.9926296975275247,0.9933056088489849,0.9937816620275304
6,6,1.1651736449343817,0.6714574444194925,4453,1.5298024465640385,0.628032345013477,742,1.5311461405251354,0.6358,0.9971945825140327,0.0834576145289444,,,1.0,,1.0,0.0,0.9983930757126389,0.09958546955315593,5,0.001,0.1,0.9826380078634278,0.9893588321852274,0.9925294460410458,0.9940429897111174,0.9944526246934767,0.9943675153916965,1.0,0.9949098477209576,0.994311921035728,0.9935564164284708,0.9922684505718058,0.9941915613558453
6,7,1.1729338598785115,0.6664484451718494,4277,1.5390747941058616,0.6086956521739131,713,1.5311460940601727,0.6358,0.997494982545489,0.08347613434153686,,,1.0,,1.0,0.0,0.9983930757126389,0.09958546955315593,5,0.001,0.1,0.9820810182411182,0.9896609498217983,0.9924307429203358,0.9939275503950774,0.9943846167358361,0.9943446998169748,0.9949098477209576,1.0,0.9955676267504868,0.9948040170639235,0.9933344345773574,0.9947690738586321
6,8,1.178249522630985,0.6604504722693146,4129,1.5326369513164868,0.6395348837209303,688,1.531147568751448,0.6358,0.9964267378973474,0.08340196569165859,,,1.0,,1.0,0.0,0.9983930757126389,0.09958546955315593,5,0.001,0.1,0.9794166049128573,0.9876311173343412,0.9898755428666662,0.9923619307825285,0.9922315222276629,0.99344726545766,0.994311921035728,0.9955676267504868,1.0,0.9935838051934475,0.9937245268888572,0.9952918850958559
6,9,1.2167660238250853,0.655936015996001,4001,1.5302609375544958,0.6476761619190404,667,1.5311575335816454,0.6359,0.9959269920196573,0.0833222422352268,,,1.0,,1.0,0.0,0.9983930757126389,0.09958546955315593,5,0.001,0.1,0.980242803238977,0.9874571873405696,0.9895458210034378,0.9922468541293296,0.9918899494579744,0.9926296975275247,0.9935564164284708,0.9948040170639235,0.9935838051934475,1.0,0.9917345056234507,0.9937952444593047
6,10,1.2136642966114106,0.6519413731036257,3889,1.517289780435108,0.6558641975308642,648,1.5312233272071083,0.636,0.9946445238759346,0.0832021592874605,,,1.0,,1.0,0.0,0.9983930757126389,0.09958546955315593,5,0.001,0.1,0.9742163095855013,0.9839668297053215,0.9875005462345852,0.9906788771464426,0.9909926885096491,0.9933056088489849,0.9922684505718058,0.9933344345773574,0.9937245268888572,0.9917345056234507,1.0,0.994413225690497
6,11,1.219949161204971,0.6521234502769718,3791,1.5491205871105194,0.6265822784810127,632,1.5312309036620508,0.636,0.9961412290706869,0.08331032412217308,,,1.0,,1.0,0.0,0.9983930757126389,0.09958546955315593,5,0.001,0.1,0.9781788350384975,0.9861422593782473,0.9893006690237538,0.9916937450828543,0.9924746397136401,0.9937816620275304,0.9941915613558453,0.9947690738586321,0.9952918850958559,0.9937952444593047,0.994413225690497,1.0
7,0,0.9652136856711792,0.6938154370586803,8214,1.3814516261566516,0.6523009495982469,1369,1.3917559031099558,0.6547,0.9886536620213879,0.08275070417045212,,,1.0,,1.0,0.0,0.9982265871348185,0.09952641106411904,5,0.001,0.1,1.0,0.9917734519029349,0.9912767672844182,0.9859033466357527,0.9852872247675925,0.982857749037065,0.9807183583145891,0.9811296107613647,0.9785239663331974,0.980628300079762,0.973039400491033,0.9766264403585619
7,1,1.0282185532514332,0.6808031639793124,6574,1.3680796384811402,0.6523722627737226,1096,1.3915415941335905,0.6547,0.9939873219403836,0.08324400998781131,,,1.0,,1.0,0.0,0.9982265871348185,0.09952641106411904,5,0.001,0.1,0.9917734519029349,1.0,0.9934532121412318,0.9913374274825764,0.9892726729543162,0.9894278813619722,0.9875366316580804,0.9881992383762609,0.9861269663356057,0.9875349474606095,0.982625970220705,0.9840854586307365
7,2,1.0648519371095941,0.6746671277883451,5783,1.3653992106837611,0.6587136929460581,964,1.3915348323389365,0.6547,0.9962911000418949,0.08341724440774666,,,1.0,,1.0,0.0,0.9982265871348185,0.09952641106411904,5,0.001,0.1,0.9912767672844182,0.9934532121412318,1.0,0.9936522985089098,0.9928904914951656,0.9919788459483143,0.9907886649751911,0.9912052206819282,0.9889758866176879,0.9900244002544629,0.9865384186807177,0.9880686949817351
