round,client_id,client_i_training_loss,client_i_training_accuracy,client_i_training_dataset_size,client_i_evaluation_loss,client_i_evaluation_accuracy,client_i_evaluation_dataset_size,client_i_central_evaluation_loss,client_i_central_evaluation_accuracy,client_i_cosine_similarity,client_i_importance_coefficient,client_i_tanh_val,tanh_normalization_value,client_i_q,client_i_mask_order,client_i_v_nonzero_fraction,client_i_v_sparsity,client_i_v_cosine_similarity,client_i_reward_gradient_norm,local_epochs,learning_rate,gamma,client_0_cosine_similarity,client_1_cosine_similarity,client_2_cosine_similarity,client_3_cosine_similarity,client_4_cosine_similarity,client_5_cosine_similarity,client_6_cosine_similarity,client_7_cosine_similarity,client_8_cosine_similarity,client_9_cosine_similarity,client_10_cosine_similarity,client_11_cosine_similarity
0,0,1.6336134703155478,0.8450195444129937,7419,0.7455490334280606,0.4787061994609164,1855,0.75479108548221,0.4635486265775798,0.5904229493146799,0.10980909230323407,,,,,,,0,0,5,0.001,1.0,1.0,0.18085443752014643,0.1683017750055035,0.18367731080251176,0.15636042967494443,0.144300149513469,0.15207010422426326,0.14211006260203973,0.15191527015295872,0.15517042952737736,0.13731153535626212,0.13531702055669306
0,1,1.7064192159381766,0.8348413234301147,5924,0.7628454642092928,0.44767049291019584,1481,0.75479108548221,0.4635486265775798,0.5254477165665244,0.09772475286732978,,,,,,,0,0,5,0.001,1.0,0.18085443752014643,1.0,0.1705257509900491,0.15185306152804912,0.15168433359041075,0.134170843358061,0.13716751249118508,0.15087620386487813,0.14191053578232038,0.13588875396111877,0.12487822389829804,0.12952977411292774
0,2,1.675689949648329,0.8430822444273636,5204,0.7521015492881217,0.4558032282859339,1301,0.75479108548221,0.4635486265775798,0.4946871388317551,0.09200378432486578,,,,,,,0,0,5,0.001,1.0,0.1683017750055035,0.1705257509900491,1.0,0.16221096014196115,0.13644163999599204,0.1446289851155453,0.13007388340215442,0.14017377162489492,0.13873062454828872,0.1233154183420293,0.12272482367864186,0.1385361243242816
0,3,1.7018429752714281,0.8348137234266471,4751,0.7454917336765089,0.47053872053872053,1188,0.75479108548221,0.4635486265775798,0.4789911662499607,0.0890845880029344,,,,,,,0,0,5,0.001,1.0,0.18367731080251176,0.15185306152804912,0.16221096014196115,1.0,0.1392614906263366,0.13272423487483562,0.1417969804136244,0.1468331741390038,0.14451660730467408,0.11646730540029268,0.12111177300577104,0.12613386943787117
0,4,1.7060385003498346,0.8424379232505643,4430,0.7536327242851257,0.4648014440433213,1108,0.75479108548221,0.4635486265775798,0.4492889893573987,0.08356046485056012,,,,,,,0,0,5,0.001,1.0,0.15636042967494443,0.15168433359041075,0.13644163999599204,0.1392614906263366,1.0,0.1303869977780831,0.1416117844308094,0.12684333565564632,0.1332006353864334,0.1270262920960342,0.12301180095963883,0.11346725690278894
0,5,1.658393492751563,0.8433349259436216,4186,0.749969457135056,0.44508118433619864,1047,0.75479108548221,0.4635486265775798,0.4203644964396251,0.07818097830397734,,,,,,,0,0,5,0.001,1.0,0.144300149513469,0.134170843358061,0.1446289851155453,0.13272423487483562,0.1303869977780831,1.0,0.12042197006465792,0.11437825235710497,0.11597544315237691,0.11287556154901303,0.10702417961629808,0.10579604039755004
0,6,1.6349546627253293,0.8462925851703407,3992,0.7601826544851065,0.4589178356713427,998,0.75479108548221,0.4635486265775798,0.426043433979855,0.07923716857785344,,,,,,,0,0,5,0.001,1.0,0.15207010422426326,0.13716751249118508,0.13007388340215442,0.1417969804136244,0.1416117844308094,0.12042197006465792,1.0,0.13213264288360904,0.13530747705025867,0.11874555357554654,0.11114818756738792,0.11911134144180038
0,7,1.6568376175127923,0.8483424693291569,3831,0.7606204847494761,0.4603340292275574,958,0.75479108548221,0.4635486265775798,0.41889873398727284,0.07790837026153627,,,,,,,0,0,5,0.001,1.0,0.14211006260203973,0.15087620386487813,0.14017377162489492,0.1468331741390038,0.12684333565564632,0.11437825235710497,0.13213264288360904,1.0,0.13820909851981888,0.10358503509887124,0.12034225252490752,0.11316314078857023
0,8,1.6488601330603505,0.8426406926406926,3696,0.7501489581732914,0.4675324675324675,924,0.75479108548221,0.4635486265775798,0.41847423412639906,0.07782942017252041,,,,,,,0,0,5,0.001,1.0,0.15191527015295872,0.14191053578232038,0.13873062454828872,0.14451660730467408,0.1332006353864334,0.11597544315237691,0.13530747705025867,0.13820909851981888,1.0,0.12062148782976452,0.1124019287549851,0.12017045903894774
0,9,1.6784772187571175,0.8419111483654652,3579,0.7530804531914848,0.4748603351955307,895,0.75479108548221,0.4635486265775798,0.39375527083343564,0.07323209392524646,,,,,,,0,0,5,0.001,1.0,0.15517042952737736,0.13588875396111877,0.1233154183420293,0.11646730540029268,0.1270262920960342,0.11287556154901303,0.11874555357554654,0.10358503509887124,0.12062148782976452,1.0,0.11041621113565357,0.10741417401844815
0,10,1.673446615303465,0.8436583261432269,3477,0.7622908332518169,0.45977011494252873,870,0.75479108548221,0.4635486265775798,0.3799523050558572,0.07066496616558231,,,,,,,0,0,5,0.001,1.0,0.13731153535626212,0.12487822389829804,0.12272482367864186,0.12111177300577104,0.12301180095963883,0.10702417961629808,0.11114818756738792,0.12034225252490752,0.1124019287549851,0.11041621113565357,1.0,0.09669028406327634
0,11,1.6725100645233157,0.8428571428571429,3388,0.7440085411071777,0.46989374262101535,847,0.75479108548221,0.4635486265775798,0.3804865133530742,0.07076432024435982,,,,,,,0,0,5,0.001,1.0,0.13531702055669306,0.12952977411292774,0.1385361243242816,0.12613386943787117,0.11346725690278894,0.10579604039755004,0.11911134144180038,0.11316314078857023,0.12017045903894774,0.10741417401844815,0.09669028406327634,1.0
1,0,1.652986805982374,0.8430785820191401,7419,0.7335914599484411,0.4884097035040431,1855,0.7412593186326378,0.47423904974016334,0.540384577927198,0.10741409135025383,,,,,,,0,0,5,0.001,1.0,1.0,0.17987048488774188,0.16554139626724435,0.1742159852655245,0.15304441718318215,0.15266929566768142,0.1496478837490617,0.14697219666524536,0.1527471071737937,0.15186492138186916,0.13532781438844244,0.14082087346539093
1,1,1.7093661942842207,0.8385212694125591,5924,0.7499867411369973,0.4537474679270763,1481,0.7412593186326378,0.47423904974016334,0.5139244596077592,0.09694310962083033,,,,,,,0,0,5,0.001,1.0,0.17987048488774188,1.0,0.17622861674587767,0.1587026525112634,0.15689310733576933,0.1379245129201752,0.14223961747692143,0.15317262665079068,0.14987385462004296,0.1467582243990811,0.1351877530871514,0.13621439980424996
1,2,1.6599602369945838,0.8442352036894697,5204,0.7393843240854217,0.4704073789392775,1301,0.7412593186326378,0.47423904974016334,0.49120992856138873,0.09156933540213248,,,,,,,0,0,5,0.001,1.0,0.16554139626724435,0.17622861674587767,1.0,0.16581646664316052,0.14012150363018278,0.1492611576035632,0.13444903443945766,0.14346764910862805,0.13650982235889655,0.1260743500165281,0.13008725348616787,0.13624461358345114
1,3,1.6982627166622637,0.8378867606819617,4751,0.7331035592054066,0.4797979797979798,1188,0.7412593186326378,0.47423904974016334,0.48651259100209887,0.08910917139870161,,,,,,,0,0,5,0.001,1.0,0.1742159852655245,0.1587026525112634,0.16581646664316052,1.0,0.13796904639300822,0.1333213699816005,0.15116601102276087,0.1520101788480243,0.14692422701893096,0.12677266625923053,0.12858674359834335,0.13219829148433487
1,4,1.6762187754829152,0.8418058690744921,4430,0.7410654170172555,0.4747292418772563,1108,0.7412593186326378,0.47423904974016334,0.4543038273030021,0.08350009605018198,,,,,,,0,0,5,0.001,1.0,0.15304441718318215,0.15689310733576933,0.14012150363018278,0.13796904639300822,1.0,0.12522642651753443,0.14484589034880435,0.13409251845774456,0.131470822814439,0.12901067435025362,0.12157051373511225,0.11620289497613555
1,5,1.6502351180742716,0.843956043956044,4186,0.738008464827682,0.4565425023877746,1047,0.7412593186326378,0.47423904974016334,0.42452792896924585,0.07810288199468567,,,,,,,0,0,5,0.001,1.0,0.15266929566768142,0.1379245129201752,0.1492611576035632,0.1333213699816005,0.12522642651753443,1.0,0.12186812200366277,0.11005535551268533,0.11556230638073872,0.11158620571674023,0.11003581542329635,0.10903058566407309
1,6,1.5989550878554584,0.8505511022044088,3992,0.7472799476236105,0.4709418837675351,998,0.7412593186326378,0.47423904974016334,0.44509544363080633,0.07976454502640729,,,,,,,0,0,5,0.001,1.0,0.1496478837490617,0.14223961747692143,0.13444903443945766,0.15116601102276087,0.14484589034880435,0.12186812200366277,1.0,0.1337022270781059,0.14244559812992696,0.12424237523641253,0.11715223765972355,0.12624242045348255
1,7,1.6120005130457382,0.851213782302271,3831,0.7464649776617686,0.47390396659707723,958,0.7412593186326378,0.47423904974016334,0.43828023421050727,0.07845344137147114,,,,,,,0,0,5,0.001,1.0,0.14697219666524536,0.15317262665079068,0.14346764910862805,0.1520101788480243,0.13409251845774456,0.11005535551268533,0.1337022270781059,1.0,0.1347469636646015,0.10778199326603177,0.12528741933006154,0.11757655607650531
1,8,1.6200621497560421,0.8510822510822511,3696,0.7372479890954906,0.4696969696969697,924,0.7412593186326378,0.47423904974016334,0.44023751774827724,0.07847213862330035,,,,,,,0,0,5,0.001,1.0,0.1527471071737937,0.14987385462004296,0.13650982235889655,0.14692422701893096,0.131470822814439,0.11556230638073872,0.14244559812992696,0.1347469636646015,1.0,0.1230171447030098,0.11745968036193546,0.12158659447733898
1,9,1.6711274516336354,0.8429728974573903,3579,0.7396333366632462,0.4893854748603352,895,0.7412593186326378,0.47423904974016334,0.4141709992019238,0.07383431157102754,,,,,,,0,0,5,0.001,1.0,0.15186492138186916,0.1467582243990811,0.1260743500165281,0.12677266625923053,0.12901067435025362,0.11158620571674023,0.12424237523641253,0.10778199326603177,0.1230171447030098,1.0,0.11861197635557849,0.1098533241449498
1,10,1.6948378811496387,0.8408398044291056,3477,0.7489908422742572,0.4632183908045977,870,0.7412593186326378,0.47423904974016334,0.40188802355573644,0.07133749437097858,,,,,,,0,0,5,0.001,1.0,0.13532781438844244,0.1351877530871514,0.13008725348616787,0.12858674359834335,0.12157051373511225,0.11003581542329635,0.11715223765972355,0.12528741933006154,0.11745968036193546,0.11861197635557849,1.0,0.10135713551805538
1,11,1.6065797747798123,0.8505312868949233,3388,0.7313326751744306,0.48406139315230223,847,0.7412593186326378,0.47423904974016334,0.40395920606617525,0.07149938322002909,,,,,,,0,0,5,0.001,1.0,0.14082087346539093,0.13621439980424996,0.13624461358345114,0.13219829148433487,0.11620289497613555,0.10903058566407309,0.12624242045348255,0.11757655607650531,0.12158659447733898,0.1098533241449498,0.10135713551805538,1.0
2,0,1.612388872039697,0.8509233050276318,7419,0.7209495604038239,0.49973045822102424,1855,0.7270235477320656,0.49101707498144026,0.541544393568957,0.10542489191718941,,,,,,,0,0,5,0.001,1.0,1.0,0.1853821252879658,0.16588635038102603,0.18354175778378587,0.16161904094658253,0.1540285466573429,0.15845730363190008,0.14938575502364754,0.16203610860777615,0.15421341162488097,0.14253595193707716,0.13577100474952888
2,1,1.6664954562025565,0.8417960837272114,5924,0.7363438010215759,0.46725185685347737,1481,0.7270235477320656,0.49101707498144026,0.5154344669918566,0.09623705696877484,,,,,,,0,0,5,0.001,1.0,0.1853821252879658,1.0,0.18208506473563685,0.16148505945757577,0.15014435848463406,0.14295997975415575,0.1500900235395524,0.1572372876489825,0.15630765886205403,0.14760799559258853,0.1371476619025356,0.13739336980016975
2,2,1.6299063805776415,0.8476556495003843,5204,0.7259072501484941,0.48501152959262106,1301,0.7270235477320656,0.49101707498144026,0.4952544759055835,0.0912450051614928,,,,,,,0,0,5,0.001,1.0,0.16588635038102603,0.18208506473563685,1.0,0.1626509022503167,0.14540588113628938,0.15059885516937957,0.13877603552529294,0.1494405057687907,0.15263835916237134,0.13002338498248364,0.13839193166594033,0.13530596313663537
2,3,1.624935306096137,0.8439486423910756,4751,0.7201097027251595,0.4941077441077441,1188,0.7270235477320656,0.49101707498144026,0.4857729824102633,0.08894968083315477,,,,,,,0,0,5,0.001,1.0,0.18354175778378587,0.16148505945757577,0.1626509022503167,1.0,0.13884007900493334,0.13209217685088623,0.147549317556497,0.1522563947977316,0.14878286405313876,0.12351641850825841,0.13462365755746286,0.13382937190449018
2,4,1.6380472907113086,0.8456433408577878,4430,0.7277374403817313,0.48646209386281586,1108,0.7270235477320656,0.49101707498144026,0.45615233465235555,0.08338970823583029,,,,,,,0,0,5,0.001,1.0,0.16161904094658253,0.15014435848463406,0.14540588113628938,0.13884007900493334,1.0,0.128931559386659,0.1489189555006328,0.1313730828880178,0.13626244075013333,0.13133478856394967,0.13125955774858158,0.11379189981996624
2,5,1.621389812526812,0.8501194457716197,4186,0.7252097761992252,0.46513849092645654,1047,0.7270235477320656,0.49101707498144026,0.4283795693242282,0.07806950620915881,,,,,,,0,0,5,0.001,1.0,0.1540285466573429,0.14295997975415575,0.15059885516937957,0.13209217685088623,0.128931559386659,1.0,0.12471354252881806,0.12167902011996636,0.1188521814751287,0.11782202317254484,0.11445628321883354,0.11003078826462807
2,6,1.586124640956521,0.8481462925851704,3992,0.7334856875240803,0.4789579158316633,998,0.7270235477320656,0.49101707498144026,0.44972801871642626,0.08022992443658086,,,,,,,0,0,5,0.001,1.0,0.15845730363190008,0.1500900235395524,0.13877603552529294,0.147549317556497,0.1489189555006328,0.12471354252881806,1.0,0.13500632281388905,0.14352914635527275,0.13028766245838325,0.11813476985146742,0.12592882943431183
2,7,1.5938761686595777,0.8547115635604281,3831,0.7315934677918752,0.4979123173277662,958,0.7270235477320656,0.49101707498144026,0.44248834177081026,0.07891740023398994,,,,,,,0,0,5,0.001,1.0,0.14938575502364754,0.1572372876489825,0.1494405057687907,0.1522563947977316,0.1313730828880178,0.12167902011996636,0.13500632281388905,1.0,0.14133353377669994,0.11111328380132872,0.12599550464148612,0.1174846946010593
2,8,1.599848955147097,0.8530844155844156,3696,0.7237156855648962,0.487012987012987,924,0.7270235477320656,0.49101707498144026,0.44946290323455584,0.07921663378352763,,,,,,,0,0,5,0.001,1.0,0.16203610860777615,0.15630765886205403,0.15263835916237134,0.14878286405313876,0.13626244075013333,0.1188521814751287,0.14352914635527275,0.14133353377669994,1.0,0.12496886856823074,0.11898374043733925,0.1254818549585202
2,9,1.610109397393119,0.8523051131601006,3579,0.725647360086441,0.5016759776536313,895,0.7270235477320656,0.49101707498144026,0.4173376064683975,0.0743077690463552,,,,,,,0,0,5,0.001,1.0,0.15421341162488097,0.14760799559258853,0.13002338498248364,0.12351641850825841,0.13133478856394967,0.11782202317254484,0.13028766245838325,0.11111328380132872,0.12496886856823074,1.0,0.12214212346514905,0.1098237244701747
2,10,1.6688829269943708,0.8455565142364107,3477,0.7349398157426289,0.47011494252873565,870,0.7270235477320656,0.49101707498144026,0.4102756111420648,0.07208278837244703,,,,,,,0,0,5,0.001,1.0,0.14253595193707716,0.1371476619025356,0.13839193166594033,0.13462365755746286,0.13125955774858158,0.11445628321883354,0.11813476985146742,0.12599550464148612,0.11898374043733925,0.12214212346514905,1.0,0.10946503311368716
2,11,1.6402299554561668,0.8479929161747344,3388,0.7178877768693147,0.49586776859504134,847,0.7270235477320656,0.49101707498144026,0.4034481835770642,0.07192963480149848,,,,,,,0,0,5,0.001,1.0,0.13577100474952888,0.13739336980016975,0.13530596313663537,0.13382937190449018,0.11379189981996624,0.11003078826462807,0.12592882943431183,0.1174846946010593,0.1254818549585202,0.1098237244701747,0.10946503311368716,1.0
3,0,1.6108516242499624,0.8494136676101901,7419,0.7092047251504043,0.5137466307277628,1855,0.7135909858055749,0.5068299925760951,0.5419117461010254,0.10369946712253339,,,,,,,0,0,5,0.001,1.0,1.0,0.1815957714631262,0.17151374690330712,0.19273188315128423,0.16809533262566426,0.15848392802777722,0.1633981529043109,0.16050457117123387,0.15757585610548727,0.15607769700693547,0.14517851105038446,0.14519512196445067
3,1,1.657812094696427,0.8459486833220797,5924,0.7236357026911796,0.47805536799459825,1481,0.7135909858055749,0.5068299925760951,0.5145480911980398,0.09547140403496554,,,,,,,0,0,5,0.001,1.0,0.1815957714631262,1.0,0.18311448932642638,0.17026918446955788,0.15526743707553203,0.14748889219196662,0.1503599115620072,0.16392487896885866,0.15561976217511372,0.14640514282926062,0.13597871770313866,0.14425552432343947
3,2,1.6103167800358469,0.8511145272867026,5204,0.7133216872447874,0.504227517294389,1301,0.7135909858055749,0.5068299925760951,0.4996938670479016,0.09100137154506842,,,,,,,0,0,5,0.001,1.0,0.17151374690330712,0.18311448932642638,1.0,0.1741368879060173,0.14691228274682971,0.15916387595532483,0.1449692098087904,0.15226803467250308,0.14898677268157384,0.1360099566516365,0.14108514258427335,0.14333089921977712
3,3,1.6206881783202591,0.8467691012418438,4751,0.707853985460181,0.5092592592592593,1188,0.7135909858055749,0.5068299925760951,0.4969501873260538,0.08911256945366758,,,,,,,0,0,5,0.001,1.0,0.19273188315128423,0.17026918446955788,0.1741368879060173,1.0,0.15039488190611286,0.14362156516188723,0.15588251208747306,0.15989047502096726,0.15031540619765987,0.13038874745669013,0.1387878808454618,0.13691660222847943
3,4,1.6248596868337057,0.8496162528216704,4430,0.7152789848191398,0.4963898916967509,1108,0.7135909858055749,0.5068299925760951,0.460554471037869,0.08332511849434199,,,,,,,0,0,5,0.001,1.0,0.16809533262566426,0.15526743707553203,0.14691228274682971,0.15039488190611286,1.0,0.13903075226156478,0.14767229072159588,0.13734258506335564,0.1380156852526727,0.13136033380689552,0.12613865677746067,0.12131207755043341
3,5,1.59102641793949,0.8531294792164358,4186,0.7133793614127419,0.4785100286532951,1047,0.7135909858055749,0.5068299925760951,0.43578900928086545,0.07819718770033227,,,,,,,0,0,5,0.001,1.0,0.15848392802777722,0.14748889219196662,0.15916387595532483,0.14362156516188723,0.13903075226156478,1.0,0.1266114767948382,0.1260170233389676,0.1273756750978601,0.11787596492035,0.11456292218446018,0.1148400361484625
3,6,1.5409233029186726,0.8592184368737475,3992,0.7205691114068031,0.48597194388777554,998,0.7135909858055749,0.5068299925760951,0.45361549244241245,0.08059612038641521,,,,,,,0,0,5,0.001,1.0,0.1633981529043109,0.1503599115620072,0.1449692098087904,0.15588251208747306,0.14767229072159588,0.1266114767948382,1.0,0.1396423879638945,0.14267006918344008,0.12931182002800085,0.12335726841625656,0.1336055056028101
3,7,1.5720374220361313,0.8566431741059776,3831,0.717643662293752,0.5083507306889353,958,0.7135909858055749,0.5068299925760951,0.44933532040217133,0.07940558092417405,,,,,,,0,0,5,0.001,1.0,0.16050457117123387,0.16392487896885866,0.15226803467250308,0.15989047502096726,0.13734258506335564,0.1260170233389676,0.1396423879638945,1.0,0.14435181655819918,0.11146449025121238,0.12465094673729722,0.12132680308953059
3,8,1.5791884259930973,0.8534090909090909,3696,0.7109621865995999,0.5,924,0.7135909858055749,0.5068299925760951,0.4492825943960218,0.07963509475032256,,,,,,,0,0,5,0.001,1.0,0.15757585610548727,0.15561976217511372,0.14898677268157384,0.15031540619765987,0.1380156852526727,0.1273756750978601,0.14267006918344008,0.14435181655819918,1.0,0.12810977358715406,0.1236059446217508,0.12705208245650795
3,9,1.5709917992020823,0.8519698239731769,3579,0.712606070297105,0.5139664804469274,895,0.7135909858055749,0.5068299925760951,0.41855552220498377,0.0745826999201274,,,,,,,0,0,5,0.001,1.0,0.15607769700693547,0.14640514282926062,0.1360099566516365,0.13038874745669013,0.13136033380689552,0.11787596492035,0.12931182002800085,0.11146449025121238,0.12810977358715406,1.0,0.12337283787485223,0.11210572947141675
3,10,1.652689641973841,0.8453264308311763,3477,0.7216226628848484,0.4896551724137931,870,0.7135909858055749,0.5068299925760951,0.41050776600986877,0.07253223378613084,,,,,,,0,0,5,0.001,1.0,0.14517851105038446,0.13597871770313866,0.14108514258427335,0.1387878808454618,0.12613865677746067,0.11456292218446018,0.12335726841625656,0.12465094673729722,0.1236059446217508,0.12337283787485223,1.0,0.10690219114037214
3,11,1.5889042815861274,0.8534238488783943,3388,0.705256426775897,0.5041322314049587,847,0.7135909858055749,0.5068299925760951,0.4111823584660359,0.07244115188192078,,,,,,,0,0,5,0.001,1.0,0.14519512196445067,0.14425552432343947,0.14333089921977712,0.13691660222847943,0.12131207755043341,0.1148400361484625,0.1336055056028101,0.12132680308953059,0.12705208245650795,0.11210572947141675,0.10690219114037214,1.0
4,0,1.5891260509379208,0.8531877611537944,7419,0.6973660978777655,0.5358490566037736,1855,0.7000499294092989,0.5253155159613957,0.5420631625636478,0.10221908900795841,,,,,,,0,0,5,0.001,1.0,1.0,0.1932893619312928,0.17098547723454685,0.19540238882520486,0.16217858211422428,0.15890418364173703,0.16400422019584696,0.15906310243521873,0.17018255173483582,0.16114505343169122,0.14371910138300548,0.1570874306077913
4,1,1.649333231736936,0.8455097906819716,5924,0.7107359969869573,0.49763673193787983,1481,0.7000499294092989,0.5253155159613957,0.520493066990851,0.09498080983536313,,,,,,,0,0,5,0.001,1.0,0.1932893619312928,1.0,0.18848254430707523,0.17162823883358863,0.15841375222247683,0.15361575388970736,0.16139658497849516,0.15925230175184876,0.16073158310076888,0.15455099075193612,0.14313192710626038,0.1467974702700855
4,2,1.5858001502436454,0.854803996925442,5204,0.7006851565547105,0.5180630284396618,1301,0.7000499294092989,0.5253155159613957,0.49587335849954206,0.09052358016467486,,,,,,,0,0,5,0.001,1.0,0.17098547723454685,0.18848254430707523,1.0,0.1738584842996354,0.14718102664155017,0.1515160728878362,0.1430626318333421,0.1527926481471803,0.15160174297597234,0.137724911479057,0.14093123829782783,0.1388543885906418
4,3,1.6028244073233948,0.8481582824668491,4751,0.6956083445172561,0.5303030303030303,1188,0.7000499294092989,0.5253155159613957,0.4945995329721105,0.08901162297531276,,,,,,,0,0,5,0.001,1.0,0.19540238882520486,0.17162823883358863,0.1738584842996354,1.0,0.14742525002043386,0.14356014914733567,0.151438686320248,0.15649407215816047,0.15324654292606224,0.13449342870696515,0.13593110708489545,0.1408617863796902
4,4,1.5876316683058687,0.8530474040632054,4430,0.702932846546173,0.5135379061371841,1108,0.7000499294092989,0.5253155159613957,0.4601110294882308,0.08313444149852883,,,,,,,0,0,5,0.001,1.0,0.16217858211422428,0.15841375222247683,0.14718102664155017,0.14742525002043386,1.0,0.13781694031127562,0.1511389665174634,0.1381199389844016,0.1423037800258771,0.13292023395595448,0.13180010428748848,0.12858255310999278
4,5,1.5820591446182883,0.8533683707596751,4186,0.701421649167032,0.49474689589302767,1047,0.7000499294092989,0.5253155159613957,0.4373018477595504,0.07824229080836648,,,,,,,0,0,5,0.001,1.0,0.15890418364173703,0.15361575388970736,0.1515160728878362,0.14356014914733567,0.13781694031127562,1.0,0.1307904958124309,0.12477431582370033,0.12952918494103238,0.1294026091231927,0.11937660647524938,0.11959844215785387
4,6,1.5294995584487916,0.8612725450901804,3992,0.7077649999409914,0.5070140280561122,998,0.7000499294092989,0.5253155159613957,0.4576262862389233,0.08092370661492297,,,,,,,0,0,5,0.001,1.0,0.16400422019584696,0.16139658497849516,0.1430626318333421,0.151438686320248,0.1511389665174634,0.1307904958124309,1.0,0.14471121050766472,0.1534022491789811,0.13441253514896417,0.12813998952057928,0.12844958794600544
4,7,1.5602970572809378,0.8575306708431218,3831,0.7034189820289611,0.5260960334029228,958,0.7000499294092989,0.5253155159613957,0.44954499961638433,0.07967456565617076,,,,,,,0,0,5,0.001,1.0,0.15906310243521873,0.15925230175184876,0.1527926481471803,0.15649407215816047,0.1381199389844016,0.12477431582370033,0.14471121050766472,1.0,0.14563179257494616,0.12112092822649077,0.1276173092977324,0.1258499411367364
4,8,1.5223207460668196,0.8601731601731601,3696,0.6979398521883734,0.5162337662337663,924,0.7000499294092989,0.5253155159613957,0.45952761674042353,0.08025814893307115,,,,,,,0,0,5,0.001,1.0,0.17018255173483582,0.16073158310076888,0.15160174297597234,0.15324654292606224,0.1423037800258771,0.12952918494103238,0.1534022491789811,0.14563179257494616,1.0,0.136144629914494,0.12966227332388813,0.13828231143226247
4,9,1.598802104409385,0.851802179379715,3579,0.6995522273438317,0.535195530726257,895,0.7000499294092989,0.5253155159613957,0.42766019592449755,0.07505584206461643,,,,,,,0,0,5,0.001,1.0,0.16114505343169122,0.15455099075193612,0.137724911479057,0.13449342870696515,0.13292023395595448,0.1294026091231927,0.13441253514896417,0.12112092822649077,0.136144629914494,1.0,0.12498964394821732,0.11735240360023093
4,10,1.602940059702741,0.8517687661777394,3477,0.7081525879246848,0.5103448275862069,870,0.7000499294092989,0.5253155159613957,0.4148938657026592,0.07295132037103907,,,,,,,0,0,5,0.001,1.0,0.14371910138300548,0.14313192710626038,0.14093123829782783,0.13593110708489545,0.13180010428748848,0.11937660647524938,0.12813998952057928,0.1276173092977324,0.12966227332388813,0.12498964394821732,1.0,0.11274104162749107
4,11,1.5879612112734116,0.8537190082644628,3388,0.6924136656301992,0.526564344746163,847,0.7000499294092989,0.5253155159613957,0.418425056711913,0.07302458206997516,,,,,,,0,0,5,0.001,1.0,0.1570874306077913,0.1467974702700855,0.1388543885906418,0.1408617863796902,0.12858255310999278,0.11959844215785387,0.12844958794600544,0.1258499411367364,0.13828231143226247,0.11735240360023093,0.11274104162749107,1.0
5,0,1.587088853160947,0.8527294783663566,7419,0.6856664840517372,0.555256064690027,1855,0.6866622223140508,0.5423904974016333,0.5410568341737036,0.10091968260877149,,,,,,,0,0,5,0.001,1.0,1.0,0.1938185062977318,0.17489637678187717,0.19548178895240934,0.16875175057775926,0.16320378412005968,0.16563640218940912,0.16480950430396435,0.16704912580918554,0.16206126871169538,0.14825772451461502,0.15509382300752947
5,1,1.6324518355791287,0.8475692099932478,5924,0.6980613672986944,0.511816340310601,1481,0.6866622223140508,0.5423904974016333,0.5207068752939983,0.09450344629673435,,,,,,,0,0,5,0.001,1.0,0.1938185062977318,1.0,0.19280914166967775,0.17090240362009657,0.16276668409471307,0.15664808115733872,0.15768884929382426,0.1652426112620276,0.16209401719972696,0.15635908940826437,0.14414501269225727,0.1490565293181192
5,2,1.5483552201485342,0.8557263643351268,5204,0.6881770273534263,0.5388162951575711,1301,0.6866622223140508,0.5423904974016333,0.5013833301250608,0.09027637422026259,,,,,,,0,0,5,0.001,1.0,0.17489637678187717,0.19280914166967775,1.0,0.18171478325970353,0.15428112669217217,0.16098679867390597,0.1450540393467977,0.15509228545389725,0.1500731882508689,0.14177735810021197,0.1430568605180163,0.1463386230612802
5,3,1.5834390597680472,0.8506419701115555,4751,0.6835362801426336,0.553030303030303,1188,0.6866622223140508,0.5423904974016333,0.49764725902786444,0.08895704597335491,,,,,,,0,0,5,0.001,1.0,0.19548178895240934,0.17090240362009657,0.18171478325970353,1.0,0.15264016530001448,0.14542969380782464,0.1538309433266229,0.16303719720446133,0.15400142895563612,0.13188774696956004,0.14489633059130944,0.14300729369176912
5,4,1.5777705695694513,0.8519638826185102,4430,0.690927915913718,0.529783393501805,1108,0.6866622223140508,0.5423904974016333,0.46551798274884754,0.08311309270515498,,,,,,,0,0,5,0.001,1.0,0.16875175057775926,0.16276668409471307,0.15428112669217217,0.15264016530001448,1.0,0.14187280133624477,0.15381244234116603,0.1401591535786793,0.14506223111026573,0.14037103223181832,0.13142020237310223,0.1292860806296549
5,5,1.5502701030958814,0.8577639751552795,4186,0.6895942055817806,0.5195797516714422,1047,0.6866622223140508,0.5423904974016333,0.4406082673113916,0.07832316090166272,,,,,,,0,0,5,0.001,1.0,0.16320378412005968,0.15664808115733872,0.16098679867390597,0.14542969380782464,0.14187280133624477,1.0,0.13358013848255298,0.12938855977652677,0.1298490095634404,0.1238181777652255,0.12257416301932594,0.11901060284188426
5,6,1.5293121953755617,0.8589679358717435,3992,0.6948549225926399,0.5160320641282565,998,0.6866622223140508,0.5423904974016333,0.4585124714707605,0.08112131528991548,,,,,,,0,0,5,0.001,1.0,0.16563640218940912,0.15768884929382426,0.1450540393467977,0.1538309433266229,0.15381244234116603,0.13358013848255298,1.0,0.14724545699293382,0.15104647466110405,0.1364544628237757,0.12834202505433195,0.1323358973743612
5,7,1.51638628304936,0.8605063951970765,3831,0.6896184782187144,0.5448851774530271,958,0.6866622223140508,0.5423904974016333,0.45462138432732985,0.0799986265691588,,,,,,,0,0,5,0.001,1.0,0.16480950430396435,0.1652426112620276,0.15509228545389725,0.16303719720446133,0.1401591535786793,0.12938855977652677,0.14724545699293382,1.0,0.14530769931465798,0.12220053241291878,0.13371428223632414,0.12511158455995308
5,8,1.5420590950304578,0.8599567099567099,3696,0.685113134055302,0.5335497835497836,924,0.6866622223140508,0.5423904974016333,0.45756536536580333,0.08056889889510414,,,,,,,0,0,5,0.001,1.0,0.16704912580918554,0.16209401719972696,0.1500731882508689,0.15400142895563612,0.14506223111026573,0.1298490095634404,0.15104647466110405,0.14530769931465798,1.0,0.13483311007862855,0.13423332357958032,0.13168081845094878
5,9,1.5720077483981316,0.851690416317407,3579,0.6867446218218122,0.5620111731843576,895,0.6866622223140508,0.5423904974016333,0.42835570547027463,0.0753647204179573,,,,,,,0,0,5,0.001,1.0,0.16206126871169538,0.15635908940826437,0.14177735810021197,0.13188774696956004,0.14037103223181832,0.1238181777652255,0.1364544628237757,0.12220053241291878,0.13483311007862855,1.0,0.12733435909610794,0.11662254894578736
5,10,1.5682786719343804,0.8556801840667242,3477,0.6950904194797788,0.5252873563218391,870,0.6866622223140508,0.5423904974016333,0.42045892466606394,0.07341873613065084,,,,,,,0,0,5,0.001,1.0,0.14825772451461502,0.14414501269225727,0.1430568605180163,0.14489633059130944,0.13142020237310223,0.12257416301932594,0.12834202505433195,0.13371428223632414,0.13423332357958032,0.12733435909610794,1.0,0.11720108932748072
5,11,1.5482596858879023,0.8567296340023612,3388,0.6798639518243296,0.5537190082644629,847,0.6866622223140508,0.5423904974016333,0.41946467870945175,0.0734348999912723,,,,,,,0,0,5,0.001,1.0,0.15509382300752947,0.1490565293181192,0.1463386230612802,0.14300729369176912,0.1292860806296549,0.11901060284188426,0.1323358973743612,0.12511158455995308,0.13168081845094878,0.11662254894578736,0.11720108932748072,1.0
6,0,1.5611538121091395,0.8550478501145707,7419,0.6740048630484219,0.567654986522911,1855,0.6732524699949596,0.5628062360801782,0.5420457243086966,0.09982549015946275,,,,,,,0,0,5,0.001,1.0,1.0,0.19034860632706926,0.181557346440862,0.1953701023132802,0.16824308937434665,0.17297627007930713,0.17242887106408183,0.17149527162190778,0.167476938396241,0.16685075367765406,0.15498611916247454,0.1532466147136763
6,1,1.604682466025234,0.8516205266711682,5924,0.6855187834577358,0.537474679270763,1481,0.6732524699949596,0.5628062360801782,0.5177244240633274,0.09389040433096027,,,,,,,0,0,5,0.001,1.0,0.19034860632706926,1.0,0.18615842739898447,0.17595482722489542,0.16120692607912285,0.15864992304498812,0.1583161646161873,0.17140740486513228,0.1608512119632471,0.15779497959618072,0.14999724749429813,0.1455356345547684
6,2,1.5509934576136843,0.8587240584166026,5204,0.6756471599020609,0.5618754803996926,1301,0.6732524699949596,0.5628062360801782,0.5001704242341423,0.08991818245405225,,,,,,,0,0,5,0.001,1.0,0.181557346440862,0.18615842739898447,1.0,0.17709050567740042,0.14836816894095795,0.16457785876048792,0.14757219700662635,0.15796141850723916,0.15086253447727907,0.14598475330063015,0.14626920532521726,0.15145158297015213
6,3,1.566154002393252,0.8543885497789939,4751,0.6715313039327923,0.5631313131313131,1188,0.6732524699949596,0.5628062360801782,0.5022972486272297,0.08898709094548395,,,,,,,0,0,5,0.001,1.0,0.1953701023132802,0.17595482722489542,0.17709050567740042,1.0,0.1544725931542972,0.15299939825857212,0.16113270236296964,0.16748261957064314,0.15984892657137176,0.1398449800012174,0.14830260201921464,0.1485926575134039
6,4,1.5493219598605157,0.8566139954853274,4430,0.6788016166005816,0.546028880866426,1108,0.6732524699949596,0.5628062360801782,0.4616086256911972,0.08282902022293881,,,,,,,0,0,5,0.001,1.0,0.16824308937434665,0.16120692607912285,0.14836816894095795,0.1544725931542972,1.0,0.14452865852464486,0.15121418931512617,0.1420826933571553,0.13820342340737218,0.13915063130660874,0.13697986457159614,0.12857781554213346
6,5,1.5358105813444571,0.8592928810320115,4186,0.6779374245441321,0.5491881566380133,1047,0.6732524699949596,0.5628062360801782,0.45005182252659215,0.07866615375830124,,,,,,,0,0,5,0.001,1.0,0.17297627007930713,0.15864992304498812,0.16457785876048792,0.15299939825857212,0.14452865852464486,1.0,0.13657813315422287,0.13744162169726515,0.13791570924404142,0.13072009966194312,0.12868053422115538,0.12700506300391665
6,6,1.4946084086224436,0.8602705410821643,3992,0.681987015530467,0.5350701402805611,998,0.6732524699949596,0.5628062360801782,0.4624911834999917,0.08132886097564238,,,,,,,0,0,5,0.001,1.0,0.17242887106408183,0.1583161646161873,0.14757219700662635,0.16113270236296964,0.15121418931512617,0.13657813315422287,1.0,0.1495249424082375,0.15597769744739354,0.1375893940477878,0.13223997357694328,0.13537988662181066
6,7,1.5074039882514625,0.8680762203080136,3831,0.6757082680861155,0.5647181628392485,958,0.6732524699949596,0.5628062360801782,0.46198681640869904,0.08044261689204704,,,,,,,0,0,5,0.001,1.0,0.17149527162190778,0.17140740486513228,0.15796141850723916,0.16748261957064314,0.1420826933571553,0.13744162169726515,0.1495249424082375,1.0,0.15411155438566265,0.122059223005628,0.13882480474505318,0.12991882114942535
6,8,1.487928520847947,0.8622294372294372,3696,0.6724062541435505,0.5551948051948052,924,0.6732524699949596,0.5628062360801782,0.45894866687616825,0.080759077789047,,,,,,,0,0,5,0.001,1.0,0.167476938396241,0.1608512119632471,0.15086253447727907,0.15984892657137176,0.13820342340737218,0.13791570924404142,0.15597769744739354,0.15411155438566265,1.0,0.1367229002951365,0.1280886105796852,0.13328618417981405
6,9,1.5494686772414883,0.8581726739312657,3579,0.674125360591071,0.5776536312849162,895,0.6732524699949596,0.5628062360801782,0.4327462413147128,0.07568233305472181,,,,,,,0,0,5,0.001,1.0,0.16685075367765406,0.15779497959618072,0.14598475330063015,0.1398449800012174,0.13915063130660874,0.13072009966194312,0.1375893940477878,0.122059223005628,0.1367229002951365,1.0,0.12950764568377596,0.12097823806715886
6,10,1.5637699684657909,0.8568881219442048,3477,0.6819739597184318,0.5379310344827586,870,0.6732524699949596,0.5628062360801782,0.42575138578794125,0.07389776399287569,,,,,,,0,0,5,0.001,1.0,0.15498611916247454,0.14999724749429813,0.14626920532521726,0.14830260201921464,0.13697986457159614,0.12868053422115538,0.13223997357694328,0.13882480474505318,0.1280886105796852,0.12950764568377596,1.0,0.11644675142423043
6,11,1.526957955931858,0.8628689492325856,3388,0.667151548244335,0.5726092089728453,847,0.6732524699949596,0.5628062360801782,0.422370446748009,0.07377300542446663,,,,,,,0,0,5,0.001,1.0,0.1532466147136763,0.1455356345547684,0.15145158297015213,0.1485926575134039,0.12857781554213346,0.12700506300391665,0.13537988662181066,0.12991882114942535,0.13328618417981405,0.12097823806715886,0.11644675142423043,1.0
7,0,1.5475768333919153,0.8590915217684324,7419,0.6629427578942529,0.5886792452830188,1855,0.6605694006571011,0.5844840386043059,0.5420858071895555,0.09883966934482516,,,,,,,0,0,5,0.001,1.0,1.0,0.19577353280947926,0.1837862542228275,0.2036197382337669,0.1699783857831023,0.17208387914438233,0.17272210296354615,0.16803761272084183,0.17576226885093899,0.16922149842175566,0.15045402407694286,0.1625181129862778
7,1,1.561614752221372,0.8548278190411884,5924,0.6736288146769747,0.5651586765698852,1481,0.6605694006571011,0.5844840386043059,0.5216229270660204,0.09344007850528627,,,,,,,0,0,5,0.001,1.0,0.19577353280947926,1.0,0.191647708481097,0.18182993176914716,0.16922364666830297,0.15851787215798646,0.16107973060067016,0.1732349835526668,0.16170147911822721,0.1619954966043104,0.1541066779027827,0.15346033862615321
7,2,1.511686160657669,0.8628747117601845,5204,0.6639898346691597,0.5772482705611068,1301,0.6605694006571011,0.5844840386043059,0.5062361728285393,0.08975770169274992,,,,,,,0,0,5,0.001,1.0,0.1837862542228275,0.191647708481097,1.0,0.18464611850616416,0.1567174920964304,0.164486571293702,0.1576084710724166,0.1613375042523856,0.16055063979542217,0.1501859154681357,0.1480483155492535,0.15440816881552788
7,3,1.5370701353546956,0.8575036834350663,4751,0.6600200126045629,0.5867003367003367,1188,0.6605694006571011,0.5844840386043059,0.504383952482475,0.0889656550826817,,,,,,,0,0,5,0.001,1.0,0.2036197382337669,0.18182993176914716,0.18464611850616416,1.0,0.1573058780530903,0.15104181323373958,0.16150194202179807,0.1681506202345031,0.16228007746287412,0.14243012923766754,0.14285991041549306,0.15161530361788533
7,4,1.5319255547155795,0.8592325056433409,4430,0.6674335547855922,0.5649819494584838,1108,0.6605694006571011,0.5844840386043059,0.46923288888550896,0.08279906677462083,,,,,,,0,0,5,0.001,1.0,0.1699783857831023,0.16922364666830297,0.1567174920964304,0.1573058780530903,1.0,0.1471113992115543,0.1564316378116288,0.14965579392774872,0.14656855437968838,0.1458571186771266,0.13913814161190088,0.13802470721776688
7,5,1.5113606757932265,0.8604395604395605,4186,0.6669481920473503,0.5807067812798472,1047,0.6605694006571011,0.5844840386043059,0.4466199029675037,0.07867701750042848,,,,,,,0,0,5,0.001,1.0,0.17208387914438233,0.15851787215798646,0.164486571293702,0.15104181323373958,0.1471113992115543,1.0,0.13975639151113484,0.13254949714716066,0.1361710444658899,0.1315578886578976,0.12160343841998744,0.1297001596896706
7,6,1.4813746468871831,0.8612725450901804,3992,0.6698427274823189,0.5511022044088176,998,0.6605694006571011,0.5844840386043059,0.4651803517105025,0.08147963898473316,,,,,,,0,0,5,0.001,1.0,0.17272210296354615,0.16107973060067016,0.1576084710724166,0.16150194202179807,0.1564316378116288,0.13975639151113484,1.0,0.14842602568057994,0.15534856785013396,0.1392336826982398,0.1310004921797101,0.14404283811830118
7,7,1.4928531812348713,0.8655703471678413,3831,0.6626454353332519,0.5908141962421712,958,0.6605694006571011,0.5844840386043059,0.4601054444915739,0.0805915161128957,,,,,,,0,0,5,0.001,1.0,0.16803761272084183,0.1732349835526668,0.1613375042523856,0.1681506202345031,0.14965579392774872,0.13254949714716066,0.14842602568057994,1.0,0.15164165735642274,0.12501181583967222,0.13368744591397355,0.13106745509694004
7,8,1.4799214232279438,0.8652597402597403,3696,0.6602110451665418,0.5811688311688312,924,0.6605694006571011,0.5844840386043059,0.46401403416025555,0.0809936133094735,,,,,,,0,0,5,0.001,1.0,0.17576226885093899,0.16170147911822721,0.16055063979542217,0.16228007746287412,0.14656855437968838,0.1361710444658899,0.15534856785013396,0.15164165735642274,1.0,0.1416069024911324,0.13112871232479065,0.14243575030664896
7,9,1.5081182439711742,0.8596255937412685,3579,0.6620501024382455,0.5977653631284916,895,0.6605694006571011,0.5844840386043059,0.4385634628108225,0.07605283697151427,,,,,,,0,0,5,0.001,1.0,0.16922149842175566,0.1619954966043104,0.1501859154681357,0.14243012923766754,0.1458571186771266,0.1315578886578976,0.1392336826982398,0.12501181583967222,0.1416069024911324,1.0,0.1334229059605689,0.13249993906350044
7,10,1.5337326711710166,0.8621800402645959,3477,0.6694919764995575,0.5563218390804597,870,0.6605694006571011,0.5844840386043059,0.4231242481802511,0.07405291703953132,,,,,,,0,0,5,0.001,1.0,0.15045402407694286,0.1541066779027827,0.1480483155492535,0.14285991041549306,0.13913814161190088,0.12160343841998744,0.1310004921797101,0.13368744591397355,0.13112871232479065,0.1334229059605689,1.0,0.12057049441489333
