round,client_id,client_i_training_loss,client_i_training_accuracy,client_i_training_dataset_size,client_i_evaluation_loss,client_i_evaluation_accuracy,client_i_evaluation_dataset_size,client_i_central_evaluation_loss,client_i_central_evaluation_accuracy,client_i_cosine_similarity,client_i_importance_coefficient,client_i_tanh_val,tanh_normalization_value,client_i_q,client_i_mask_order,client_i_v_nonzero_fraction,client_i_v_sparsity,client_i_v_cosine_similarity,client_i_reward_gradient_norm,local_epochs,learning_rate,gamma,client_0_cosine_similarity,client_1_cosine_similarity,client_2_cosine_similarity,client_3_cosine_similarity,client_4_cosine_similarity,client_5_cosine_similarity,client_6_cosine_similarity,client_7_cosine_similarity,client_8_cosine_similarity,client_9_cosine_similarity,client_10_cosine_similarity,client_11_cosine_similarity
0,0,0.2812028987688313,0.9112003895787679,8214,2.200521008912907,0.2673484295105917,1369,2.201858271425144,0.2579,0.8014237991130989,0.08458213809021319,,,0.9699999999146374,,0.9700015059484965,0.029998494051503455,0,0.3955735885405672,5,0.1,0.5,1.0,0.5819375067410734,0.5780621320227004,0.5875180048090592,0.5671672779016776,0.5841682486105091,0.5639970962200627,0.5894229369571877,0.5740111467799176,0.5566706693734864,0.5749381339587182,0.5705334301234319
0,1,0.3093306929081027,0.9034377852144813,6574,2.2101890904562813,0.24635036496350365,1096,2.2018590712318784,0.2579,0.7999343744972286,0.08442494445723907,,,0.9565815365936934,,0.9565985643291,0.043401435670900046,0,0.3955729585287465,5,0.1,0.5,0.5819375067410734,1.0,0.5940668191308011,0.5952889457021399,0.5852518512343465,0.5876878588820013,0.5829752636070752,0.5849903275474433,0.5855213780086835,0.5727630488248585,0.5971465325357304,0.6000180721504137
0,2,0.32405966798780045,0.8993256095452188,5783,2.1970776434867614,0.258298755186722,964,2.201861388386248,0.2579,0.7941378503110477,0.08381318023249135,,,0.9043597280157677,,0.90437227046835,0.09562772953165,0,0.39556248808756533,5,0.1,0.5,0.5780621320227004,0.5940668191308011,1.0,0.598550669884181,0.5772892964448322,0.5946536774969899,0.5868624142151904,0.5938717331973162,0.5993313436993932,0.5603678969677938,0.6006209794866362,0.5976641544887898
0,3,0.30893106373049406,0.901569888405523,5287,2.199198535510472,0.2667423382519864,881,2.201860822427768,0.2579,0.7984663664759463,0.08427001112819263,,,0.9433560187806169,,0.9433713167009689,0.056628683299031146,0,0.39557179246644075,5,0.1,0.5,0.5875180048090592,0.5952889457021399,0.598550669884181,1.0,0.5959215886049717,0.6057682069085574,0.594336778472486,0.6148639218753226,0.5897191449416469,0.5739597923042238,0.6088029561916924,0.5991104411341789
0,4,0.3568515512309668,0.8885106382978724,4935,2.1955484335239115,0.2895377128953771,822,2.2019144292837516,0.258,0.7858375629107366,0.08293716924322635,,,0.8295811183113164,,0.8295969077857537,0.17040309221424632,0,0.3954894388564309,5,0.1,0.5,0.5671672779016776,0.5852518512343465,0.5772892964448322,0.5959215886049717,1.0,0.5990853410150203,0.5892879589800385,0.6094122998755376,0.5976464309030589,0.5817808651805784,0.5927306683128591,0.5923388919684728
0,5,0.3389890170196862,0.8939361474180416,4667,2.20410306930542,0.2596401028277635,778,2.201860900885,0.2579,0.7945081124472628,0.08385225763844008,,,0.907695478506928,,0.9077104563023944,0.09228954369760556,0,0.39556385401454963,5,0.1,0.5,0.5841682486105091,0.5876878588820013,0.5946536774969899,0.6057682069085574,0.5990853410150203,1.0,0.5945664827332686,0.6062502094678047,0.6064981317036017,0.5917338646755701,0.6063978072396684,0.6111691856853091
0,6,0.37994802072245093,0.8816528183247249,4453,2.203576624393463,0.24932614555256064,742,2.202054576751904,0.2576,0.7801147645145934,0.08233318602643055,,,0.7780235171050731,,0.7780382510918127,0.22196174890818732,0,0.3953510437781731,5,0.1,0.5,0.5639970962200627,0.5829752636070752,0.5868624142151904,0.594336778472486,0.5892879589800385,0.5945664827332686,1.0,0.6015228336050312,0.5935738647777891,0.5822864182592525,0.5824258365273619,0.6002611679012232
0,7,0.36166512894291264,0.8857610474631751,4277,2.197597431099933,0.26227208976157085,713,2.201860233617667,0.2579,0.7942505864320483,0.08382507838446135,,,0.9053753856653545,,0.9053963154460117,0.09460368455398827,0,0.39556290477459455,5,0.1,0.5,0.5894229369571877,0.5849903275474433,0.5938717331973162,0.6148639218753226,0.6094122998755376,0.6062502094678047,0.6015228336050312,1.0,0.6111390280952714,0.5855099890384866,0.6146209998484518,0.6017156602963899
0,8,0.3765658413794881,0.8809396948413659,4129,2.1904227516867896,0.2761627906976744,688,2.201909123899076,0.258,0.7864799671624003,0.0830049684840077,,,0.8353686404163762,,0.8353847698408714,0.1646152301591286,0,0.39549888892391666,5,0.1,0.5,0.5740111467799176,0.5855213780086835,0.5993313436993932,0.5897191449416469,0.5976464309030589,0.6064981317036017,0.5935738647777891,0.6111390280952714,1.0,0.5916821443322168,0.614767899070445,0.5964916727290885
0,9,0.40379701450703637,0.8710822294426394,4001,2.214630263192313,0.21139430284857572,667,2.2025566900880955,0.2558,0.7659043908506454,0.08083342548913718,,,0.65,,0.650002509914161,0.349997490085839,0,0.39440449507452463,5,0.1,0.5,0.5566706693734864,0.5727630488248585,0.5603678969677938,0.5739597923042238,0.5817808651805784,0.5917338646755701,0.5822864182592525,0.5855099890384866,0.5916821443322168,1.0,0.601350012390091,0.588520352010498
0,10,0.39558002907538514,0.8728207765492414,3889,2.2071119035993303,0.24074074074074073,648,2.2018826274445265,0.258,0.7891900200447306,0.08329098702672967,,,0.8597839379828918,,0.859796194970132,0.14020380502986796,0,0.3955309893086684,5,0.1,0.5,0.5749381339587182,0.5971465325357304,0.6006209794866362,0.6088029561916924,0.5927306683128591,0.6063978072396684,0.5824258365273619,0.6146209998484518,0.614767899070445,0.601350012390091,1.0,0.6095496754953764
0,11,0.3800141413860461,0.8799788973885518,3791,2.2021548986434936,0.25158227848101267,632,2.20192813873291,0.2579,0.7848472691451288,0.08283265379943094,,,0.8206594042284584,,0.8206816926861101,0.17931830731388987,0,0.3954723790173055,5,0.1,0.5,0.5705334301234319,0.6000180721504137,0.5976641544887898,0.5991104411341789,0.5923388919684728,0.6111691856853091,0.6002611679012232,0.6017156602963899,0.5964916727290885,0.588520352010498,0.6095496754953764,1.0
1,0,0.2551503609905766,0.9223033844655466,8214,2.0354378666988637,0.5785244704163623,1369,2.03940758956507,0.5662,0.7960439558992262,0.08405794910368036,,,0.9376644363600191,,0.9376788313839667,0.06232116861603332,0.9586311372379528,0.39964764463574276,5,0.1,0.5,1.0,0.6170541071442164,0.6199263469842009,0.6157291043344911,0.6190872351328561,0.6224310933577722,0.6170047040990038,0.6165874795829603,0.5521779414235264,0.5126478182494124,0.6138642588775314,0.6197127724209955
1,1,0.28218577837535336,0.9121387283236995,6574,2.0486780779702323,0.5538321167883211,1096,2.0394053040221096,0.566,0.8108364637557057,0.08447090398185557,,,0.9600168820039802,,0.9600371467295818,0.03996285327041815,0.9586319881275019,0.39965028367757655,5,0.1,0.5,0.6170541071442164,1.0,0.6388811599330827,0.628681982240123,0.6347517267924017,0.6384833041829119,0.6305977842362309,0.6187525210632512,0.5602936716437059,0.5384000263380552,0.6286225086532887,0.6350851856798438
1,2,0.2889934336107986,0.9129171710185026,5783,2.0333591853418658,0.5663900414937759,964,2.039407873686891,0.5668,0.8104675470705703,0.0840514217571646,,,0.9373111237684892,,0.9373274434014357,0.0626725565985643,0.9586139502579774,0.3996475675804969,5,0.1,0.5,0.6199263469842009,0.6388811599330827,1.0,0.6386719912415495,0.6302158159536831,0.6411923519436047,0.6294557824263249,0.6254362405619477,0.5525725702283649,0.537948671140434,0.6304091141087473,0.6236477518290869
1,3,0.2650270899224757,0.9170796292793645,5287,2.034451484680176,0.565266742338252,881,2.0394077045848955,0.566,0.8190529525480192,0.08465533915817447,,,0.9699999999458719,,0.9700015059484965,0.029998494051503455,0.9586285559504708,0.3996508188762895,5,0.1,0.5,0.6157291043344911,0.628681982240123,0.6386719912415495,1.0,0.6374677703669863,0.6435927964775302,0.6430286970393613,0.6416173079350355,0.5759091698170676,0.5435691713544041,0.646434010940199,0.634641254678131
1,4,0.30862191320907684,0.9045997973657548,4935,2.032782398737394,0.5802919708029197,822,2.039481335554641,0.5662,0.8129533359292368,0.08355617583545968,,,0.9105044237381634,,0.9105315998192862,0.08946840018071378,0.9584302227452358,0.3996400719639162,5,0.1,0.5,0.6190872351328561,0.6347517267924017,0.6302158159536831,0.6374677703669863,1.0,0.6309480110250547,0.6327862145148481,0.6373089607885298,0.5562955820657691,0.5524548105817375,0.6317232896932471,0.633673033543335
1,5,0.2942310866759452,0.908892221984144,4667,2.0453995418548585,0.5578406169665809,778,2.0394042703671196,0.567,0.8206478416743279,0.08443348804710417,,,0.9579916301133999,,0.9580041162592239,0.04199588374077612,0.9586188348821926,0.3996501221870975,5,0.1,0.5,0.6224310933577722,0.6384833041829119,0.6411923519436047,0.6435927964775302,0.6309480110250547,1.0,0.6495929887550685,0.6382923134105064,0.5694096727130257,0.5419221816032521,0.6483303287455637,0.6420268452289989
1,6,0.3334622739388474,0.8988547046934651,4453,2.0385377605756125,0.5539083557951483,742,2.039657139549621,0.5653,0.8160298308817205,0.08326238156229449,,,0.8946019102469778,,0.894613724210632,0.10538627578936799,0.9581372195863982,0.3996323059976547,5,0.1,0.5,0.6170047040990038,0.6305977842362309,0.6294557824263249,0.6430286970393613,0.6327862145148481,0.6495929887550685,1.0,0.6281824508174881,0.5771139730653937,0.5406416987746716,0.6376339376955276,0.6425937960113122
1,7,0.3186304122543157,0.9042787000233808,4277,2.0382745732431826,0.5708274894810659,713,2.0394080698299715,0.5668,0.8122023752623723,0.08412001163546211,,,0.9410237606869483,,0.9410421163596205,0.05895788364037946,0.9586149257097681,0.3996482313138018,5,0.1,0.5,0.6165874795829603,0.6187525210632512,0.6254362405619477,0.6416173079350355,0.6373089607885298,0.6382923134105064,0.6281824508174881,1.0,0.568620976794628,0.5362644901357184,0.6364377058798337,0.6378619725854918
1,8,0.37929028261339576,0.8883022523613465,4129,2.0272836089134216,0.6133720930232558,688,2.039627382930475,0.566,0.7447477145077047,0.08121547769678161,,,0.7838069788625411,,0.7838160734902866,0.2161839265097134,0.9581848717187984,0.39943834849812404,5,0.1,0.5,0.5521779414235264,0.5602936716437059,0.5525725702283649,0.5759091698170676,0.5562955820657691,0.5694096727130257,0.5771139730653937,0.568620976794628,1.0,0.48866681770192527,0.5703339255412223,0.5716742844431063
1,9,0.3998703567765915,0.8835291177205699,4001,2.053455948829651,0.5232383808095952,667,2.041178248179987,0.5596,0.7153345728404362,0.07874343300264312,,,0.65,,0.650002509914161,0.349997490085839,0.955533672203753,0.3984207443453334,5,0.1,0.5,0.5126478182494124,0.5384000263380552,0.537948671140434,0.5435691713544041,0.5524548105817375,0.5419221816032521,0.5406416987746716,0.5362644901357184,0.48866681770192527,1.0,0.5407869608889985,0.542010319942807
1,10,0.34372699632019293,0.89503728464901,3889,2.0461743218558177,0.5462962962962963,648,2.0394373876979937,0.5666,0.8153727664493504,0.08387595181256657,,,0.9278132764101827,,0.927829928216455,0.07217007178354495,0.9585201641830445,0.399645491464351,5,0.1,0.5,0.6138642588775314,0.6286225086532887,0.6304091141087473,0.646434010940199,0.6317232896932471,0.6483303287455637,0.6376339376955276,0.6364377058798337,0.5703339255412223,0.5407869608889985,1.0,0.6334950125041672
1,11,0.3319686244014932,0.8990767607491427,3791,2.0422206580638886,0.5632911392405063,632,2.0395041395680975,0.566,0.8149760250739296,0.08355746640681333,,,0.9105742798593928,,0.9105968575874706,0.08940314241252945,0.9583992010590688,0.3996400833998442,5,0.1,0.5,0.6197127724209955,0.6350851856798438,0.6236477518290869,0.634641254678131,0.633673033543335,0.6420268452289989,0.6425937960113122,0.6378619725854918,0.5716742844431063,0.542010319942807,0.6334950125041672,1.0
2,0,0.23427823327177347,0.92899926953981,8214,1.8296122218287267,0.831263696128561,1369,1.8372222588846858,0.8192,0.7963165262211279,0.08338223145450814,,,0.8834000046957323,,0.883414487224537,0.11658551277546303,0.9665128152288152,0.40435036913190936,5,0.1,0.5,1.0,0.6149314984906639,0.6171485123127642,0.6105718658879339,0.6119746545844242,0.6243119290812867,0.6193475455209617,0.6136742892102347,0.5645844313683974,0.612712103491812,0.6164098145817185,0.6178763762495902
2,1,0.255038747714959,0.9227867356251901,6574,1.8465839181627546,0.8083941605839416,1096,1.8372021601222956,0.8192,0.8046383406965663,0.08394549311394935,,,0.9270218790351694,,0.9270418151699212,0.07295818483007876,0.9665633883962453,0.4043738738415038,5,0.1,0.5,0.6149314984906639,1.0,0.6231873864415195,0.6147732958443028,0.6228614102869126,0.6304053972033263,0.6184061753566505,0.618215940348255,0.5746530347181367,0.6280958276684022,0.6303235298604005,0.627261120324458
2,2,0.26190002487653363,0.9201106692028359,5783,1.8298764805639944,0.8163900414937759,964,1.8372055714884505,0.8191,0.8085736893233583,0.08380492768535994,,,0.9161357706704009,,0.9161588273681041,0.08384117263189594,0.9665505060076233,0.40437019039859057,5,0.1,0.5,0.6171485123127642,0.6231873864415195,1.0,0.6246721940552049,0.6232704971147719,0.6287550319023705,0.6235662059099385,0.6290735275955076,0.5769262136581872,0.6260212771319623,0.6373475080363887,0.6328651321516233
2,3,0.24058965537023833,0.9270663892566673,5287,1.8298499626772744,0.8081725312145289,881,1.8372010621019066,0.8191,0.8134046111880485,0.08437297594318988,,,0.9601283437604575,,0.9601526027809849,0.03984739721901509,0.9665819208321386,0.4043796898455065,5,0.1,0.5,0.6105718658879339,0.6147732958443028,0.6246721940552049,1.0,0.6247781611884581,0.6420252287014105,0.630306127426725,0.6394448846688436,0.5871190664124943,0.6396135389513368,0.6360847522844303,0.638510521599668
2,4,0.28102166273961626,0.9148530901722391,4935,1.8305601981969981,0.8321167883211679,822,1.83729542063448,0.819,0.80996296708747,0.08352551199849427,,,0.8944963855345235,,0.8945032879875509,0.10549671201244915,0.9665082133846407,0.40435852790317306,5,0.1,0.5,0.6119746545844242,0.6228614102869126,0.6232704971147719,0.6247781611884581,1.0,0.6356101750239689,0.6292269211088921,0.6394899424219097,0.5755945363785433,0.6311976231817927,0.6277513847397188,0.6369666628951042
2,5,0.2624937432575716,0.9214484679665739,4667,1.8459688901901246,0.8213367609254498,778,1.8371925788184704,0.8191,0.8212786006401335,0.08450044239243112,,,0.9699999999225548,,0.9700015059484965,0.029998494051503455,0.9665805756948648,0.4043802901901128,5,0.1,0.5,0.6243119290812867,0.6304053972033263,0.6287550319023705,0.6420252287014105,0.6356101750239689,1.0,0.6415466179005879,0.6436041367439861,0.5907052810709268,0.6428517247079836,0.6417152235645156,0.6435326472595517
2,6,0.2956432004209741,0.910711879631709,4453,1.8337563276290894,0.8153638814016172,742,1.837486149784856,0.8184,0.8152795616512577,0.0835162625881422,,,0.8937800637161836,,0.8937904723658451,0.10620952763415492,0.9665023893686212,0.40435812269857974,5,0.1,0.5,0.6193475455209617,0.6184061753566505,0.6235662059099385,0.630306127426725,0.6292269211088921,0.6415466179005879,1.0,0.6398881577902413,0.5879512759128712,0.6440789201173798,0.6377757775149375,0.6403072804447048
2,7,0.28244539228921284,0.9143792377834931,4277,1.8402810615041982,0.814866760168303,713,1.8372014547689273,0.8191,0.8166268561862008,0.08413088643223575,,,0.9413796892963611,,0.9413985241704733,0.058601475829526684,0.9665703466599834,0.4043772734881084,5,0.1,0.5,0.6136742892102347,0.618215940348255,0.6290735275955076,0.6394448846688436,0.6394899424219097,0.6436041367439861,0.6398881577902413,1.0,0.5830099518699798,0.635482677501125,0.6373363574991838,0.6417555078485756
2,8,0.34774862493397307,0.8997335916686849,4129,1.8258267532695422,0.8299418604651163,688,1.8386191685740558,0.8175,0.7638163959829516,0.08036848488929808,,,0.65,,0.650002509914161,0.349997490085839,0.9638284912286966,0.40304504826995974,5,0.1,0.5,0.5645844313683974,0.5746530347181367,0.5769262136581872,0.5871190664124943,0.5755945363785433,0.5907052810709268,0.5879512759128712,0.5830099518699798,1.0,0.5955326823514571,0.5907174156799943,0.597530776601609
2,9,0.30359667467896617,0.9067733066733317,4001,1.8533661308742704,0.8065967016491754,667,1.8404286456184265,0.8153,0.8161785217510203,0.0805563766486436,,,0.6645513023622395,,0.6645650318759099,0.3354349681240901,0.9634083168090593,0.40324443225240925,5,0.1,0.5,0.612712103491812,0.6280958276684022,0.6260212771319623,0.6396135389513368,0.6311976231817927,0.6428517247079836,0.6440789201173798,0.635482677501125,0.5955326823514571,1.0,0.6423051002836944,0.6424678048644853
2,10,0.3197135748524891,0.905991257392646,3889,1.846019018264044,0.7932098765432098,648,1.837238082108787,0.819,0.8180256909208948,0.0840180699963676,,,0.9326426053738626,,0.9326590030620953,0.06734099693790474,0.9665557195205131,0.40437538362684317,5,0.1,0.5,0.6164098145817185,0.6303235298604005,0.6373475080363887,0.6360847522844303,0.6277513847397188,0.6417152235645156,0.6377757775149375,0.6373363574991838,0.5907174156799943,0.6423051002836944,1.0,0.6382750125110074
2,11,0.2957973865369538,0.9096808230018465,3791,1.8436995208263398,0.8449367088607594,632,1.8373197100033014,0.8189,0.82006599016822,0.08387833685738005,,,0.9218209537883153,,0.9218362532001405,0.07816374679985949,0.9665311694447237,0.4043722235043279,5,0.1,0.5,0.6178763762495902,0.627261120324458,0.6328651321516233,0.638510521599668,0.6369666628951042,0.6435326472595517,0.6403072804447048,0.6417555078485756,0.597530776601609,0.6424678048644853,0.6382750125110074,1.0
3,0,0.2151000431818518,0.9356708059410762,8214,1.5929984436478726,0.9130752373995618,1369,1.6047807661489175,0.8979,0.8002959188972276,0.08321908335180586,,,0.8710453243724047,,0.8710606897244114,0.12893931027558858,0.969282701018443,0.4022727877145636,5,0.1,0.5,1.0,0.6179124565347396,0.6201365682377962,0.6142041954819577,0.6172550748478324,0.6271879465729352,0.6148124352271125,0.6125162137417972,0.6057473309250712,0.56925331361523,0.6094060193190972,0.6167334178351493
3,1,0.23170579935161814,0.9304228780042592,6574,1.6137268917901175,0.8923357664233577,1096,1.604771362706876,0.8977,0.8048753773371664,0.08375239242859993,,,0.909599334633991,,0.9096129712363837,0.09038702876361626,0.9693772992723683,0.4023041528406334,5,0.1,0.5,0.6179124565347396,1.0,0.6197106802737671,0.6168049287806818,0.6249353801900186,0.630837182977855,0.6141295197505643,0.6169980369214755,0.607702085803848,0.5755731428214796,0.6195720751635234,0.6226424299111155
3,2,0.24043035359734166,0.9279958499048937,5783,1.596773374465204,0.8848547717842323,964,1.6047756972785194,0.8978,0.8064789924209985,0.08371515055520821,,,0.9069070429941484,,0.9069273630841825,0.09307263691581746,0.969366725814636,0.402302614716916,5,0.1,0.5,0.6201365682377962,0.6197106802737671,1.0,0.6215006214263421,0.6208111691936988,0.6262974014804633,0.6102829198862791,0.6166680452726144,0.6178570008652345,0.5836765650759267,0.6249788097815826,0.6216418374004768
3,3,0.21391950974869262,0.9362965765084169,5287,1.5944218848432814,0.8955732122587968,881,1.604729724006531,0.8977,0.8126765591942688,0.08430810417143463,,,0.9497728797094407,,0.9497816374679986,0.050218362532001404,0.9694339553829546,0.40231727166654246,5,0.1,0.5,0.6142041954819577,0.6168049287806818,0.6215006214263421,1.0,0.6281725819754177,0.6375519361186429,0.6228018081057694,0.6292598415902655,0.627138833514297,0.5855877230652435,0.6309276400065397,0.6268861464816057
3,4,0.25600908196501193,0.9212968591691996,4935,1.5986060958642225,0.9002433090024331,822,1.6048690095877114,0.8974,0.8082157190441943,0.08359048477132265,,,0.8978946970200545,,0.8979017117614577,0.10209828823854228,0.9693491299563558,0.4022966716091105,5,0.1,0.5,0.6172550748478324,0.6249353801900186,0.6208111691936988,0.6281725819754177,1.0,0.628047040219487,0.6236588788590397,0.6261304470814791,0.6187414543171816,0.5799544235117118,0.6124170664595956,0.6212278181530245
3,5,0.2421131983259055,0.9269766445253911,4667,1.615015721321106,0.9074550128534704,778,1.6047260582256622,0.8977,0.8182720032630901,0.08458790144120282,,,0.9699999999277079,,0.9700015059484965,0.029998494051503455,0.969437505730247,0.4023194787028034,5,0.1,0.5,0.6271879465729352,0.630837182977855,0.6262974014804633,0.6375519361186429,0.628047040219487,1.0,0.6265197604148425,0.6309954581580721,0.6322631961387479,0.5876288687704753,0.634243320696052,0.6327599252141579
3,6,0.26348871674122554,0.922209746238491,4453,1.59860626856486,0.9002695417789758,742,1.6050925887049958,0.8973,0.8049579869342113,0.08347065951916283,,,0.8892322830421447,,0.8892425079062296,0.1107574920937704,0.9693395666232675,0.4022902497307981,5,0.1,0.5,0.6148124352271125,0.6141295197505643,0.6102829198862791,0.6228018081057694,0.6236588788590397,0.6265197604148425,1.0,0.6146657832200406,0.6180842994875696,0.5862668333560986,0.6183896425674901,0.6208047623637775
3,7,0.2534906407985002,0.926163198503624,4277,1.6130441582721213,0.8863955119214586,713,1.6047327495611514,0.8977,0.8083640827132982,0.0839970766695264,,,0.9272880617643005,,0.9273028462426585,0.07269715375734154,0.969416896582511,0.40231173604800746,5,0.1,0.5,0.6125162137417972,0.6169980369214755,0.6166680452726144,0.6292598415902655,0.6261304470814791,0.6309954581580721,0.6146657832200406,1.0,0.6219704410753452,0.5845122958343665,0.622265987821275,0.6243005235178464
3,8,0.2784359402496081,0.9162509082102204,4129,1.5940416780385105,0.8924418604651163,688,1.6068509603841616,0.8966,0.8044621479516211,0.08136611397293093,,,0.7370903561258489,,0.7371065709552733,0.2628934290447267,0.9664769525400259,0.40180460813729374,5,0.1,0.5,0.6057473309250712,0.607702085803848,0.6178570008652345,0.627138833514297,0.6187414543171816,0.6322631961387479,0.6180842994875696,0.6219704410753452,1.0,0.5877944088610028,0.6194962150945481,0.6231032906533265
3,9,0.306312099985394,0.9107723069232692,4001,1.6240298066820418,0.889055472263868,667,1.6095287438017873,0.8958,0.7663727039815544,0.08016141238396497,,,0.65,,0.650002509914161,0.349997490085839,0.9666919724992166,0.40088590229959614,5,0.1,0.5,0.56925331361523,0.5755731428214796,0.5836765650759267,0.5855877230652435,0.5799544235117118,0.5876288687704753,0.5862668333560986,0.5845122958343665,0.5877944088610028,1.0,0.5837767497441407,0.5897888182727491
3,10,0.2823100873253873,0.9145795834404731,3889,1.6154819556644984,0.8950617283950617,648,1.6047851650859601,0.8977,0.8082927219657537,0.08391977946025315,,,0.9217000874934944,,0.9217207971487376,0.07827920285126244,0.969397849163203,0.4023096813583704,5,0.1,0.5,0.6094060193190972,0.6195720751635234,0.6249788097815826,0.6309276400065397,0.6124170664595956,0.634243320696052,0.6183896425674901,0.622265987821275,0.6194962150945481,0.5837767497441407,1.0,0.6244116603168292
3,11,0.2649677315304259,0.9238723292007386,3791,1.615321511030197,0.8987341772151899,632,1.604879321762548,0.8976,0.8107201909582485,0.08391184127458738,,,0.9211262197216268,,0.9211485367200442,0.07885146327995585,0.9693862603098459,0.4023094685804285,5,0.1,0.5,0.6167334178351493,0.6226424299111155,0.6216418374004768,0.6268861464816057,0.6212278181530245,0.6327599252141579,0.6208047623637775,0.6243005235178464,0.6231032906533265,0.5897888182727491,0.6244116603168292,1.0
4,0,0.20490063410560358,0.9383491599707816,8214,1.3391183725623197,0.9327976625273923,1369,1.3547777874401201,0.923,0.7914139736253177,0.08301112483640309,,,0.8318036165203142,,0.8318206917323427,0.16817930826765726,0.970437894945167,0.39912136763659445,5,0.1,0.5,1.0,0.5995316107999519,0.6001075692284584,0.5940970418021685,0.6028615118059344,0.6061020965032422,0.6025847762788515,0.5945378820028223,0.5936333119248095,0.592656668609513,0.6004204293187079,0.5966154465714522
4,1,0.21893222369344056,0.9342865835108001,6574,1.362319895199367,0.9242700729927007,1096,1.3546742284640718,0.9233,0.7931782245526934,0.08342737846227034,,,0.8728512192461679,,0.8728678279202852,0.12713217207971483,0.9705694422110648,0.39918837521337414,5,0.1,0.5,0.5995316107999519,1.0,0.5990055687738147,0.5958679536533721,0.6099558888239474,0.606116714609933,0.5993951490715773,0.5935975159530746,0.5954736698562159,0.5996586710024094,0.6015435710426575,0.5976135510185416
4,2,0.22291666024328513,0.9331488846619401,5783,1.3461377236150927,0.9139004149377593,964,1.354717403935929,0.9232,0.791079597951979,0.08332919505055147,,,0.863169156609216,,0.8631795592590733,0.1368204407409267,0.9705529947649846,0.399176680405007,5,0.1,0.5,0.6001075692284584,0.5990055687738147,1.0,0.5990960096394148,0.5969117260927903,0.6005600128542792,0.5991232982418504,0.5918935348039984,0.5952548884403698,0.5975117283745908,0.6011317791195875,0.5972542719028425
4,3,0.1975245649384963,0.9397011537734065,5287,1.341885996716363,0.9250851305334846,881,1.3545913364940558,0.9233,0.8021516266930558,0.08411075665741362,,,0.9402405101077393,,0.9402590231414085,0.05974097685859148,0.9706825855542542,0.3992285135355388,5,0.1,0.5,0.5940970418021685,0.5958679536533721,0.5990960096394148,1.0,0.6121537645459495,0.6154228914031924,0.6160181759316321,0.6122375617609922,0.610269934963587,0.6067652018448951,0.6122041981026869,0.6070601565028383
4,4,0.2343655257215423,0.9299696048632219,4935,1.3490727910628686,0.9318734793187348,822,1.3547353409349727,0.9231,0.8027086526827333,0.08365319581654808,,,0.8951195202794228,,0.8951357863561066,0.10486421364389342,0.970586461271938,0.39920870248560547,5,0.1,0.5,0.6028615118059344,0.6099558888239474,0.5969117260927903,0.6121537645459495,1.0,0.6113266491579198,0.6111945096393997,0.613974068410794,0.612665557796335,0.6071404386010493,0.6073311987120095,0.6044846454759538
4,5,0.2171242828991213,0.9337904435397472,4667,1.3652496480941771,0.9357326478149101,778,1.3545616674727905,0.9233,0.8054608865933041,0.08441254031121914,,,0.969999999901388,,0.9700015059484965,0.029998494051503455,0.9707038490180976,0.39923212291416044,5,0.1,0.5,0.6061020965032422,0.606116714609933,0.6005600128542792,0.6154228914031924,0.6113266491579198,1.0,0.6126558988873074,0.6116936190131902,0.6153568494294559,0.6043552137139283,0.6181374318949749,0.6098202897863211
4,6,0.2431529960327316,0.9275095441275545,4453,1.3462460388739903,0.9258760107816711,742,1.3549877336611762,0.9229,0.8018901238633224,0.08354490141923349,,,0.8844403931267315,,0.8844485718588424,0.1155514281411576,0.9705722738949432,0.39920001318368964,5,0.1,0.5,0.6025847762788515,0.5993951490715773,0.5991232982418504,0.6160181759316321,0.6111945096393997,0.6126558988873074,1.0,0.5996830687415081,0.614584075027512,0.612996412905512,0.604409419800634,0.6104102655233202
4,7,0.23119770403979206,0.9305588028992284,4277,1.3683955513912698,0.9116409537166901,713,1.3545893091744128,0.9233,0.797186292872071,0.08373026985884532,,,0.9027199457702555,,0.90273580643542,0.09726419356458005,0.9706315499742341,0.3992138238671701,5,0.1,0.5,0.5945378820028223,0.5935975159530746,0.5918935348039984,0.6122375617609922,0.613974068410794,0.6116936190131902,0.5996830687415081,1.0,0.6043391115135127,0.6055969978764543,0.601183756968996,0.606347747106313
4,8,0.2380100749756317,0.928215064180189,4129,1.3441986279054121,0.9186046511627907,688,1.3573678762387162,0.9228,0.7998573063025758,0.0820747445849938,,,0.7394652867817968,,0.7394759299231967,0.26052407007680334,0.9693226651244199,0.3987208064665892,5,0.1,0.5,0.5936333119248095,0.5954736698562159,0.5952548884403698,0.610269934963587,0.612665557796335,0.6153568494294559,0.614584075027512,0.6043391115135127,1.0,0.6098261563274211,0.6136463663109567,0.6081014850695651
4,9,0.2505928213871639,0.9241189702574356,4001,1.3766344218027025,0.9055472263868066,667,1.3606987395606482,0.922,0.7968162657778097,0.08116749915434357,,,0.65,,0.650002509914161,0.349997490085839,0.9674683345416174,0.39773386929298876,5,0.1,0.5,0.592656668609513,0.5996586710024094,0.5975117283745908,0.6067652018448951,0.6071404386010493,0.6043552137139283,0.612996412905512,0.6055969978764543,0.6098261563274211,1.0,0.6071966560434038,0.6061919742735199
4,10,0.2616659308272246,0.9209051169966572,3889,1.3680226859592257,0.9182098765432098,648,1.3546402317266495,0.9234,0.8010613676361898,0.0838144653622098,,,0.911022632782789,,0.9110436223081171,0.08895637769188292,0.970632449009234,0.3992185124666904,5,0.1,0.5,0.6004204293187079,0.6015435710426575,0.6011317791195875,0.6122041981026869,0.6073311987120095,0.6181374318949749,0.604409419800634,0.601183756968996,0.6136463663109567,0.6071966560434038,1.0,0.6055076517646643
4,11,0.24538782685682053,0.9290424690055394,3791,1.369203269481659,0.9208860759493671,632,1.3547486009689185,0.9233,0.7986245198782901,0.08372392848596832,,,0.9020946103054909,,0.9021133477235078,0.09788665227649218,0.970617067692214,0.39921347204757174,5,0.1,0.5,0.5966154465714522,0.5976135510185416,0.5972542719028425,0.6070601565028383,0.6044846454759538,0.6098202897863211,0.6104102655233202,0.606347747106313,0.6081014850695651,0.6061919742735199,0.6055076517646643,1.0
5,0,0.18925897966787683,0.9415388361334307,8214,1.0851039096366528,0.9481373265157049,1369,1.1041546361134076,0.9367,0.7775748197485043,0.08277987227262239,,,0.7762361783436418,,0.7762511922092264,0.22374880779077355,0.9700749157783211,0.39329388393927533,5,0.1,0.5,1.0,0.5856430410436491,0.5819833334107336,0.5765712721801225,0.5730233274657383,0.583802725949774,0.5796485400830782,0.5708341405955205,0.572417672945417,0.5705673462603865,0.5750885515274957,0.5771445853006174
5,1,0.2031180536288551,0.9397627015515668,6574,1.1099198068891252,0.9388686131386861,1096,1.103925598696017,0.9366,0.7852069396876412,0.08332619657839678,,,0.8491229466117486,,0.8491340796144772,0.15086592038552282,0.9705678512448611,0.3935219510515238,5,0.1,0.5,0.5856430410436491,1.0,0.582889732665616,0.5799219296898451,0.5886939250695242,0.5875032801567743,0.581933675967397,0.5766376549197416,0.5789580252761871,0.5782083783934865,0.5917786602846177,0.5845768868555016
5,2,0.2035323397166389,0.9395469479508906,5783,1.0949494704123466,0.9315352697095436,964,1.1040073673184307,0.9366,0.7856702530488103,0.08327690481046537,,,0.8425467836463298,,0.8425631243411476,0.15743687565885245,0.9705363113498255,0.3935099784824846,5,0.1,0.5,0.5819833334107336,0.582889732665616,1.0,0.5862448811036194,0.584001941997489,0.5873449671505064,0.583682635533693,0.5774857562876136,0.5849174924172755,0.5766324475364606,0.5917697052337147,0.5846476457652977
5,3,0.18113533178392058,0.9453754492150558,5287,1.0894411035946436,0.9307604994324631,881,1.1038056585354545,0.9367,0.7895465939096257,0.08393519677626766,,,0.9303714940922201,,0.9303900406606094,0.06960995933939063,0.9707465182201264,0.39359770815053585,5,0.1,0.5,0.5765712721801225,0.5799219296898451,0.5862448811036194,1.0,0.5876040541281559,0.5918788152999387,0.5884766022432334,0.5875706801871633,0.5931546668428466,0.5858968263417044,0.5899558792153298,0.5872753319207422
5,4,0.224697116578839,0.9330901722391084,4935,1.0987121669145732,0.9367396593673966,822,1.1039432887071239,0.9366,0.7871141131475323,0.08354406989546052,,,0.8781900809215053,,0.8782039054264345,0.12179609457356555,0.9706523729174334,0.39356215443978265,5,0.1,0.5,0.5730233274657383,0.5886939250695242,0.584001941997489,0.5876040541281559,1.0,0.5906774694657715,0.5820391445555629,0.5838052339514853,0.5802900860504665,0.5866734115655238,0.5870784366198336,0.5898065544418227
5,5,0.20322679787912495,0.940989929290765,4667,1.1135961675643922,0.9473007712082262,778,1.1037412693325324,0.9367,0.7922623065045583,0.08423223307545465,,,0.9699999998665869,,0.9700015059484965,0.029998494051503455,0.9707724956143845,0.3936042402228296,5,0.1,0.5,0.583802725949774,0.5875032801567743,0.5873449671505064,0.5918788152999387,0.5906774694657715,1.0,0.5831598770894938,0.5850867776923911,0.594357254209831,0.5868438721962493,0.5991546910857578,0.5889321697832146
5,6,0.22573529309726187,0.9320008982708287,4453,1.0934172421693802,0.944743935309973,742,1.1041961019031536,0.9366,0.7879892799688325,0.08350250300763165,,,0.872644517436983,,0.8726569951307666,0.12734300486923344,0.9706228766645881,0.3935559519166312,5,0.1,0.5,0.5796485400830782,0.581933675967397,0.583682635533693,0.5884766022432334,0.5820391445555629,0.5831598770894938,1.0,0.5779185714815633,0.5921440264495551,0.5963309540901724,0.5845557531849669,0.5931934389763681
5,7,0.21576685550024927,0.9360299275192893,4277,1.1229335017826245,0.9256661991584852,713,1.1038145853307681,0.9366,0.7834166187786764,0.08346556820215274,,,0.8677169339860639,,0.8677325435470107,0.13226745645298932,0.9706188694081457,0.3935498175872556,5,0.1,0.5,0.5708341405955205,0.5766376549197416,0.5774857562876136,0.5875706801871633,0.5838052339514853,0.5850867776923911,0.5779185714815633,1.0,0.5874718629803737,0.5781193659466257,0.5886383522187986,0.5848004155330686
5,8,0.22633780554465305,0.9320900944538629,4129,1.0940417376431553,0.940406976744186,688,1.1068937490923336,0.9364,0.7896366177025754,0.08257846068703442,,,0.7493652531256006,,0.749375031373927,0.250624968626073,0.9695551071064835,0.39314283100710795,5,0.1,0.5,0.572417672945417,0.5789580252761871,0.5849174924172755,0.5931546668428466,0.5802900860504665,0.594357254209831,0.5921440264495551,0.5874718629803737,1.0,0.5936993634357551,0.5957816707247556,0.5922671874604118
5,9,0.2304573995873354,0.929917520619845,4001,1.129030065877097,0.9190404797601199,667,1.1111660237891225,0.9366,0.7856875914842797,0.08183366634065517,,,0.65,,0.650002509914161,0.349997490085839,0.9676958669521021,0.39209501474953873,5,0.1,0.5,0.5705673462603865,0.5782083783934865,0.5766324475364606,0.5858968263417044,0.5866734115655238,0.5868438721962493,0.5963309540901724,0.5781193659466257,0.5936993634357551,1.0,0.5935264742201908,0.5862884891856834
5,10,0.23134941902225378,0.9298534327590641,3889,1.1196804671060472,0.9351851851851852,648,1.1038396478461001,0.9366,0.7926505990267433,0.08384641461443469,,,0.9185267989405206,,0.9185482656493148,0.0814517343506852,0.9707165722246669,0.39359326099219566,5,0.1,0.5,0.5750885515274957,0.5917786602846177,0.5917697052337147,0.5899558792153298,0.5870784366198336,0.5991546910857578,0.5845557531849669,0.5886383522187986,0.5957816707247556,0.5935264742201908,1.0,0.5881305003877177
5,11,0.2189320816290604,0.9348984436824057,3791,1.121489056944847,0.930379746835443,632,1.1039660833895015,0.9366,0.7896060091926426,0.08367891373942403,,,0.8961800035800213,,0.8961999899603433,0.10380001003965666,0.9706776675018105,0.3935790338079174,5,0.1,0.5,0.5771445853006174,0.5845768868555016,0.5846476457652977,0.5872753319207422,0.5898065544418227,0.5889321697832146,0.5931934389763681,0.5848004155330686,0.5922671874604118,0.5862884891856834,0.5881305003877177,1.0
6,0,0.1824066293936817,0.9443389335281227,8214,0.8620782050975534,0.95836376917458,1369,0.8833806800385253,0.9454,0.7629382401378562,0.08303347929996875,,,0.896027196595379,,0.8960493951106873,0.10395060488931274,0.9658183843435186,0.38049806370933204,5,0.1,0.5,1.0,0.5583747587399848,0.5583124901368485,0.5470712990142252,0.5543053486133324,0.5586654587917539,0.5576500405471949,0.5425881914027216,0.5439185174988029,0.44306163808285537,0.5542758305257932,0.5502197750253657
6,1,0.1885762100569108,0.9427137207179799,6574,0.8872671416827611,0.948905109489051,1096,0.8831845221047203,0.9454,0.7686366712058113,0.08360505510479752,,,0.9273270961961635,,0.9273430048692335,0.07265699513076651,0.9663673657281938,0.3805139697476834,5,0.1,0.5,0.5583747587399848,1.0,0.563838308001628,0.5552223515285757,0.5577262951934794,0.5591494828859448,0.5661620462994262,0.549774196526979,0.5468843664102225,0.4502258290940288,0.5572448253959449,0.5530148403996704
6,2,0.18966944278758122,0.9450458239667993,5783,0.8737114341028275,0.9398340248962656,964,0.8832636146118846,0.9453,0.7716535493336627,0.08367900864640618,,,0.9313768449922432,,0.9313940063249837,0.0686059936750163,0.966337528399282,0.380515162931753,5,0.1,0.5,0.5583124901368485,0.563838308001628,1.0,0.5549308914765834,0.5640514152935115,0.5562901795640828,0.5623152183600895,0.5525991660965225,0.5557568133945062,0.45646472154302103,0.5617129587760059,0.5593136887168828
6,3,0.17296627856740526,0.9478343105731039,5287,0.8687447650091988,0.94211123723042,881,0.8830894747862039,0.9455,0.7734589374665687,0.08418781732639992,,,0.9592395719748572,,0.959249033683048,0.040750966316951964,0.9665944303617507,0.3805200319937981,5,0.1,0.5,0.5470712990142252,0.5552223515285757,0.5549308914765834,1.0,0.5672240029176749,0.5598127358047754,0.5676281505698811,0.5587748644431958,0.5584605991138794,0.46186012182544667,0.5650225773561461,0.5624961881937842
6,4,0.20755215295049692,0.937629179331307,4935,0.8783091879807986,0.9428223844282239,822,0.8832256681622027,0.9454,0.7730327582290974,0.08390848888348876,,,0.9439433467936984,,0.943953616786306,0.05604638321369404,0.9664950414926253,0.38051798525722064,5,0.1,0.5,0.5543053486133324,0.5577262951934794,0.5640514152935115,0.5672240029176749,1.0,0.5603568992366166,0.5596506752236131,0.5627222319273492,0.5550794367361573,0.4524319004381584,0.5615883893363386,0.5613902660252229
6,5,0.18485683797386615,0.945189629312192,4667,0.89087406873703,0.9537275064267352,778,0.883020244848233,0.9455,0.773342822717781,0.0843843163681195,,,0.9699999999452392,,0.9700015059484965,0.029998494051503455,0.9666061495662988,0.38052081358558015,5,0.1,0.5,0.5586654587917539,0.5591494828859448,0.5562901795640828,0.5598127358047754,0.5603568992366166,1.0,0.5608395218414307,0.5582653802998994,0.5554980050429368,0.4572568011300736,0.5728339551035244,0.5568816334373237
6,6,0.2064543665619567,0.9394565461486638,4453,0.8703613231579462,0.9514824797843666,742,0.8834569616058764,0.9453,0.7755282785420049,0.08396912634839625,,,0.9472638977120831,,0.9472767431353848,0.05272325686461521,0.9664759385167178,0.38051855791381484,5,0.1,0.5,0.5576500405471949,0.5661620462994262,0.5623152183600895,0.5676281505698811,0.5596506752236131,0.5608395218414307,1.0,0.5546585235338668,0.5687672346095664,0.45313189482680966,0.5604525284723931,0.5684218932462847
6,7,0.20296781297439515,0.940472293663783,4277,0.9061764400938283,0.9326788218793829,713,0.8830886136609525,0.9455,0.7657343370573129,0.0835960159764632,,,0.9268321070679453,,0.92685106169369,0.07314893830630997,0.9664345331876163,0.3805138115003091,5,0.1,0.5,0.5425881914027216,0.549774196526979,0.5525991660965225,0.5587748644431958,0.5627222319273492,0.5582653802998994,0.5546585235338668,1.0,0.554803947034591,0.4506800463728751,0.5497282190291898,0.5557609028245247
6,8,0.20544728661336614,0.9380479534996368,4129,0.8740020583976399,0.9520348837209303,688,0.8859652452194653,0.9451,0.7689471059790104,0.08311104855899556,,,0.9002749446615763,,0.9002961698709904,0.09970383012900963,0.9654732492928967,0.38050102123752993,5,0.1,0.5,0.5439185174988029,0.5468843664102225,0.5557568133945062,0.5584605991138794,0.5550794367361573,0.5554980050429368,0.5687672346095664,0.554803947034591,1.0,0.46209259475275755,0.563247604692991,0.5600642860335064
6,9,0.2746014775303174,0.9233191702074481,4001,0.9109778915132795,0.9265367316341829,667,0.8912613976496858,0.9442,0.6545332832084216,0.07854071112188028,,,0.65,,0.650002509914161,0.349997490085839,0.9632219283511421,0.3789941798315834,5,0.1,0.5,0.44306163808285537,0.4502258290940288,0.45646472154302103,0.46186012182544667,0.4524319004381584,0.4572568011300736,0.45313189482680966,0.4506800463728751,0.46209259475275755,1.0,0.45117540736100104,0.44893691203091257
6,10,0.21184398251448255,0.9384417588068912,3889,0.9001235990297227,0.9429012345679012,648,0.8831251912985366,0.9454,0.7724325226615506,0.08409136343540684,,,0.9539576879645764,,0.9539681742884394,0.046031825711560614,0.9665794288272056,0.3805194598698669,5,0.1,0.5,0.5542758305257932,0.5572448253959449,0.5617129587760059,0.5650225773561461,0.5615883893363386,0.5728339551035244,0.5604525284723931,0.5497282190291898,0.563247604692991,0.45117540736100104,1.0,0.55216043022654
