round,client_id,client_i_training_loss,client_i_training_accuracy,client_i_training_dataset_size,client_i_evaluation_loss,client_i_evaluation_accuracy,client_i_evaluation_dataset_size,client_i_central_evaluation_loss,client_i_central_evaluation_accuracy,client_i_cosine_similarity,client_i_importance_coefficient,client_i_tanh_val,tanh_normalization_value,client_i_q,client_i_mask_order,client_i_v_nonzero_fraction,client_i_v_sparsity,client_i_v_cosine_similarity,client_i_reward_gradient_norm,local_epochs,learning_rate,gamma,client_0_cosine_similarity,client_1_cosine_similarity,client_2_cosine_similarity,client_3_cosine_similarity,client_4_cosine_similarity,client_5_cosine_similarity,client_6_cosine_similarity,client_7_cosine_similarity,client_8_cosine_similarity,client_9_cosine_similarity,client_10_cosine_similarity,client_11_cosine_similarity
0,0,2.2594396039291667,0.16844411979547114,6845,2.298574837771329,0.15777940102264426,1369,2.298071481004546,0.1641,0.8819329773795936,0.07884766822835135,,,0.6,,0.6000148536911423,0.39998514630885773,0,0.1393665333376488,10,0.025,0.15,1.0,0.898866195652712,0.8482771394736563,0.8665794590445923,0.8077937677538382,0.7913932513427461,0.756528342683781,0.7205281412799155,0.7662029632698257,0.7315364053229841,0.7233169600179484,0.6970647962228003
0,1,2.2853819758393046,0.14346476816356335,5478,2.2954384750790067,0.17791970802919707,1096,2.2980214825159386,0.1618,0.9505370347524194,0.08498109343592597,,,0.9095154625556143,,0.9095575250449737,0.09044247495502633,0,0.13971170593759485,10,0.025,0.15,0.898866195652712,1.0,0.9396316860237723,0.9535088540970291,0.8608356192992225,0.8835930497123495,0.8531387600752346,0.7812210362777461,0.8757064821634932,0.8632260095262948,0.7836952029290428,0.8068516921434867
0,2,2.2933599980253923,0.14742738589211618,4820,2.2977067828178406,0.1545643153526971,964,2.2980214161208914,0.1618,0.9576893618027018,0.08562053466874724,,,0.9417840469526955,,0.9418477991780958,0.0581522008219042,0,0.13971244149850728,10,0.025,0.15,0.8482771394736563,0.9396316860237723,1.0,0.9473244071477613,0.8641766402767451,0.9240548650329533,0.8771492501220326,0.7885605985027995,0.890595292088005,0.8750542082680681,0.8228077000721593,0.8836344099532306
0,3,2.293475125176566,0.14568769859282796,4406,2.2980990750449046,0.16458569807037457,881,2.298021337654017,0.1619,0.9661599222403129,0.08637783024133981,,,0.9799999999495362,,0.9800300374643098,0.019969962535690167,0,0.13971262555773029,10,0.025,0.15,0.8665794590445923,0.9535088540970291,0.9473244071477613,1.0,0.8920714381692737,0.903492644012534,0.8638201707007364,0.8135245672594121,0.9183449797491181,0.8877725109307949,0.8459399364765384,0.8608060720328921
0,4,2.2965857007286767,0.15595817120622568,4112,2.296696765082223,0.14841849148418493,822,2.2980208034756817,0.1618,0.9464121117302127,0.08461231194088675,,,0.8909053758331008,,0.8909408988133551,0.10905910118664486,0,0.139709877757712,10,0.025,0.15,0.8077937677538382,0.8608356192992225,0.8641766402767451,0.8920714381692737,1.0,0.9093996642298391,0.9133824987997075,0.9139471093311919,0.8450236799858376,0.886331768993394,0.8772139321387681,0.8651812542283253
0,5,2.2961034305634036,0.15276420673695038,3889,2.3013434750693187,0.15295629820051415,778,2.2980214251747615,0.1618,0.9547133295132972,0.08535446773099757,,,0.9283573190606458,,0.9283887045930914,0.07161129540690858,0,0.13971216016239568,10,0.025,0.15,0.7913932513427461,0.8835930497123495,0.9240548650329533,0.903492644012534,0.9093996642298391,1.0,0.9218988881798185,0.8729323799741471,0.8462539291766225,0.8785209080956728,0.8848589541431059,0.9180660584375088
0,6,2.2978124914498164,0.1176771759633522,3711,2.300718824068705,0.16846361185983827,742,2.2980209091041663,0.1618,0.944969384001135,0.08448332740323611,,,0.8843963360254322,,0.8844465349639385,0.11555346503606145,0,0.13970953929268645,10,0.025,0.15,0.756528342683781,0.8531387600752346,0.8771492501220326,0.8638201707007364,0.9133824987997075,0.9218988881798185,1.0,0.9315320525421285,0.8813348867964567,0.9085636534839178,0.8869585397156606,0.8907065211587136
0,7,2.299024644919804,0.11265432098765432,3564,2.2997345527013144,0.15427769985974754,713,2.29803337930124,0.1618,0.9050305040620734,0.08091266201752428,,,0.7042072718260266,,0.7042547573071908,0.2957452426928092,0,0.13964037547427488,10,0.025,0.15,0.7205281412799155,0.7812210362777461,0.7885605985027995,0.8135245672594121,0.9139471093311919,0.8729323799741471,0.9315320525421285,1.0,0.8424405021244784,0.8486977161356264,0.9056996779931973,0.8590066380059854
0,8,2.2965784302464236,0.13775065387968613,3441,2.2977755864461265,0.1555232558139535,688,2.2980218839041795,0.1618,0.9305955351069399,0.08319825869864889,,,0.8195469865909842,,0.8196019210773877,0.18039807892261228,0,0.1397026894052874,10,0.025,0.15,0.7662029632698257,0.8757064821634932,0.890595292088005,0.9183449797491181,0.8450236799858376,0.8462539291766225,0.8813348867964567,0.8424405021244784,1.0,0.9055287910478589,0.8310708795946393,0.8754450311072162
0,9,2.297838412390815,0.12378524295140972,3334,2.298659165700277,0.15892053973013492,667,2.29802256898035,0.1618,0.9277533749967739,0.08294416036786183,,,0.8067242391494669,,0.8067617302899771,0.1932382697100229,0,0.13969886941607493,10,0.025,0.15,0.7315364053229841,0.8632260095262948,0.8750542082680681,0.8877725109307949,0.886331768993394,0.8785209080956728,0.9085636534839178,0.8486977161356264,0.9055287910478589,1.0,0.828926532277982,0.8695176939655431
0,10,2.299404375369732,0.1322122801604443,3241,2.2965062856674194,0.18981481481481483,648,2.2980337535278705,0.1615,0.9042636269555909,0.08084410071727276,,,0.700747413452836,,0.7007888960406661,0.2992111039593339,0,0.1396380645494771,10,0.025,0.15,0.7233169600179484,0.7836952029290428,0.8228077000721593,0.8459399364765384,0.8772139321387681,0.8848589541431059,0.8869585397156606,0.9056996779931973,0.8310708795946393,0.828926532277982,1.0,0.8682897937750046
0,11,2.29951930809021,0.11750553972776195,3159,2.29728627204895,0.16930379746835442,632,2.298030047477046,0.1616,0.915219424528342,0.08182358454920735,,,0.7501758129273384,,0.7502351834430856,0.2497648165569144,0,0.13966550879467748,10,0.025,0.15,0.6970647962228003,0.8068516921434867,0.8836344099532306,0.8608060720328921,0.8651812542283253,0.9180660584375088,0.8907065211587136,0.8590066380059854,0.8754450311072162,0.8695176939655431,0.8682897937750046,1.0
1,0,2.1274881252536066,0.22051132213294375,6845,2.289152492176403,0.17969320672023376,1369,2.2885559782197205,0.1833,0.8913652999786714,0.07791982329242879,,,0.6,,0.6000148536911423,0.39998514630885773,0.8513394955240648,0.1457517612410059,10,0.025,0.15,1.0,0.9348049360456805,0.9154913782998051,0.9012991692121696,0.8810478464281336,0.8589931610206916,0.8413918957908866,0.8285398317285496,0.833312755899258,0.8117772786832711,0.8085165352755197,0.787249925871169
1,1,2.175943749727205,0.19961664841182913,5478,2.285312387678358,0.20346715328467152,1096,2.28847793687748,0.1827,0.9682593063033739,0.0842274789061508,,,0.9090858385954346,,0.9091366704626099,0.09086332953739007,0.8520474284666325,0.14589166537546225,10,0.025,0.15,0.9348049360456805,1.0,0.9748192239945066,0.9670600717987302,0.9650710902140355,0.9523879015706262,0.939694178487035,0.9243822947805317,0.9298414172066956,0.9161729208991823,0.9064398176718079,0.8835689944448752
1,2,2.205198789584009,0.1941908713692946,4820,2.287904679775238,0.18049792531120332,964,2.28847761697407,0.1827,0.9804109095292365,0.08501992568138952,,,0.9479170765492102,,0.9479708207489561,0.05202917925104389,0.8520615835556336,0.14589240915860582,10,0.025,0.15,0.9154913782998051,0.9748192239945066,1.0,0.9802520999773545,0.9723832522733385,0.9691571292724928,0.9546843541030124,0.9444149567486019,0.95097278348968,0.9386330656334301,0.9291512178817201,0.9054651520181527
1,3,2.2030480657305036,0.19813890149795732,4406,2.289097172873361,0.19750283768444948,881,2.2884775535969792,0.1826,0.9861001158968713,0.08567465652515614,,,0.9799999999509983,,0.9800300374643098,0.019969962535690167,0.8520500728401059,0.14589247999191748,10,0.025,0.15,0.9012991692121696,0.9670600717987302,0.9802520999773545,1.0,0.977759458830402,0.9749013271731383,0.9638623911985361,0.9578092335868112,0.9623033421877292,0.9509966614227507,0.9429642048366301,0.922668648203902
1,4,2.215829339171901,0.19231517509727628,4112,2.2863153389522006,0.17396593673965938,822,2.2884780394880075,0.1828,0.9861197047881997,0.08458140942280529,,,0.9264290350608033,,0.9264742288458682,0.07352577115413184,0.8519835790829822,0.14589190305466224,10,0.025,0.15,0.8810478464281336,0.9650710902140355,0.9723832522733385,0.977759458830402,1.0,0.9801852164527621,0.9683616406788615,0.9641191942324845,0.9608704706452854,0.9563745156622829,0.9491097487499871,0.9267322408504969
1,5,2.2165055409554513,0.1959886860375418,3889,2.2918883051191057,0.16580976863753213,778,2.288477716566641,0.1827,0.9885229664806308,0.08511960638806602,,,0.9528016004835649,,0.9528477826739945,0.0471522173260055,0.8520578609881687,0.14589242798009816,10,0.025,0.15,0.8589931610206916,0.9523879015706262,0.9691571292724928,0.9749013271731383,0.9801852164527621,1.0,0.9819462371657575,0.9723009058870156,0.967712633145729,0.9632429546908506,0.9610608267644041,0.9480932814114412
1,6,2.2374295547090726,0.18097547830773378,3711,2.2908396323521933,0.1765498652291105,742,2.288478208493583,0.1828,0.9864478457398027,0.0845121933031982,,,0.9230373276368062,,0.9230743839844201,0.0769256160155799,0.8519841853948141,0.14589186486637484,10,0.025,0.15,0.8413918957908866,0.939694178487035,0.9546843541030124,0.9638623911985361,0.9683616406788615,0.9819462371657575,1.0,0.9807903388268269,0.9744296823981349,0.9718968384759543,0.96892245100172,0.9610232617132612
1,7,2.2476530509335655,0.17163299663299664,3564,2.2901674111684165,0.16830294530154277,713,2.2884954500801955,0.183,0.9838955381067453,0.08221663831628286,,,0.8105512342887284,,0.8105906817844234,0.1894093182155766,0.8521781162129953,0.14588496379043134,10,0.025,0.15,0.8285398317285496,0.9243822947805317,0.9444149567486019,0.9578092335868112,0.9641191942324845,0.9723009058870156,0.9807903388268269,1.0,0.9818751157023246,0.9790649267834736,0.9777917405320714,0.9677949947099468
1,8,2.236897843855399,0.17785527462946818,3441,2.289028286933899,0.16279069767441862,688,2.288480921636654,0.1828,0.9841537383278616,0.08364117597401478,,,0.8803559990880283,,0.8803947781023584,0.11960522189764156,0.8519813704750197,0.14589080730474963,10,0.025,0.15,0.833312755899258,0.9298414172066956,0.95097278348968,0.9623033421877292,0.9608704706452854,0.967712633145729,0.9744296823981349,0.9818751157023246,1.0,0.9823274422334451,0.9702237958226391,0.9673656535821871
1,9,2.250149796627186,0.16979604079184163,3334,2.2898520628611245,0.18290854572713644,667,2.2884821197654626,0.1828,0.9776299834490274,0.08327100346622211,,,0.8622169174699438,,0.8622567708075457,0.1377432291924543,0.8519724839560621,0.1458897148945869,10,0.025,0.15,0.8117772786832711,0.9161729208991823,0.9386330656334301,0.9509966614227507,0.9563745156622829,0.9632429546908506,0.9718968384759543,0.9790649267834736,0.9823274422334451,1.0,0.9656761600629341,0.9688698285709101
1,10,2.2594919048822844,0.18164146868250539,3241,2.2873788277308145,0.21141975308641975,648,2.2884963373594647,0.183,0.9725054393896021,0.08180273168822458,,,0.7902691064954339,,0.7902988892739846,0.20970111072601538,0.8521735173693903,0.14588224506754316,10,0.025,0.15,0.8085165352755197,0.9064398176718079,0.9291512178817201,0.9429642048366301,0.9491097487499871,0.9610608267644041,0.96892245100172,0.9777917405320714,0.9702237958226391,0.9656761600629341,1.0,0.9669145565261088
1,11,2.2622401208877565,0.16900918012029123,3159,2.288222599029541,0.1819620253164557,632,2.2884907088702238,0.1828,0.9603542340199069,0.08201335703606079,,,0.8005901062855596,,0.8006304566684821,0.1993695433315179,0.8521672794788587,0.14588386811241844,10,0.025,0.15,0.787249925871169,0.8835689944448752,0.9054651520181527,0.922668648203902,0.9267322408504969,0.9480932814114412,0.9610232617132612,0.9677949947099468,0.9673656535821871,0.9688698285709101,0.9669145565261088,1.0
2,0,2.040340977465665,0.2503140978816655,6845,2.2743621089241723,0.21110299488677867,1369,2.273818885223775,0.2048,0.9005279160738767,0.0776429714898444,,,0.6,,0.6000148536911423,0.39998514630885773,0.9503438477340105,0.1456941051263461,10,0.025,0.15,1.0,0.9468211661466817,0.9283377444147266,0.9049076246232093,0.8898335201644544,0.8611168248427219,0.8507304713227235,0.8374490092405438,0.8384310058813319,0.8257458997713002,0.8171031669429037,0.8133946974107494
2,1,2.0861977008886115,0.2338809784592917,5478,2.269614643520779,0.2116788321167883,1096,2.2736763380750826,0.2012,0.9604728351097653,0.08350581579384356,,,0.8956813692736303,,0.8957188361307785,0.10428116386922148,0.9517883088810446,0.14589157296152674,10,0.025,0.15,0.9468211661466817,1.0,0.9632004154964628,0.9516445281608312,0.9529549468000954,0.9374279642889053,0.9270355448123131,0.913303916528596,0.9126526144435655,0.9052045838091674,0.8988771738757318,0.898337111173893
2,2,2.112381513181486,0.22597510373443983,4820,2.27243572473526,0.2012448132780083,964,2.273674979994569,0.2012,0.9752240598283065,0.08447782545969573,,,0.9447028226917827,,0.9447525210014689,0.05524747899853111,0.9518182981822103,0.14589292510849133,10,0.025,0.15,0.9283377444147266,0.9632004154964628,1.0,0.9730188197298105,0.9637394654354425,0.9543452723719262,0.9445172277360849,0.9359382195881433,0.9433710926614441,0.9237237552454842,0.9256120387914774,0.9219705314576134
2,3,2.114094762802124,0.22839310031774854,4406,2.274670362472534,0.20658342792281498,881,2.2736751580540138,0.2012,0.9842467798980195,0.08517770673778038,,,0.9799999999495669,,0.9800300374643098,0.019969962535690167,0.9518176398154888,0.14589311754521,10,0.025,0.15,0.9049076246232093,0.9516445281608312,0.9730188197298105,1.0,0.9721417526810153,0.9673407329130009,0.9599957828815345,0.9540184001478079,0.9595687389460881,0.9433169147553101,0.9471849229301745,0.9487283298971625
2,4,2.117822524273034,0.22346789883268484,4112,2.270021302359445,0.21046228710462286,822,2.273676591583445,0.2015,0.9865320888486256,0.08457487801345702,,,0.949597483115916,,0.9496294829265073,0.050370517073492715,0.9518080212241181,0.14589296996544485,10,0.025,0.15,0.8898335201644544,0.9529549468000954,0.9637394654354425,0.9721417526810153,1.0,0.9708106096820984,0.9662588835083166,0.9641762000117636,0.9632749965623907,0.9557735115614526,0.9571953157024602,0.9521469673569924
2,5,2.1240511044379202,0.225790691694523,3889,2.277282476425171,0.17866323907455012,778,2.2736754417419434,0.2012,0.984253564122345,0.08483403148225888,,,0.9626673939875172,,0.9627089831823208,0.03729101681767921,0.9518163897312896,0.14589305909518246,10,0.025,0.15,0.8611168248427219,0.9374279642889053,0.9543452723719262,0.9673407329130009,0.9708106096820984,1.0,0.9739776313270353,0.9703589955402185,0.9638357968200837,0.9577379352648594,0.9596198146618061,0.963780371531445
2,6,2.144724179136342,0.22123416868768525,3711,2.276058793067932,0.1967654986522911,742,2.2736766881580595,0.2014,0.9849113757979262,0.0844791429023305,,,0.9447692653980849,,0.9448185374065455,0.05518146259345447,0.9518077177213378,0.14589292512772575,10,0.025,0.15,0.8507304713227235,0.9270355448123131,0.9445172277360849,0.9599957828815345,0.9662588835083166,0.9739776313270353,1.0,0.9801594896161183,0.9719283181587715,0.971761613169674,0.9683208793116737,0.9738752690083424
2,7,2.1605008610657284,0.20241301907968576,3564,2.275400678316752,0.2005610098176718,713,2.273698670954644,0.2011,0.9829866694307439,0.08299410567028326,,,0.8698742452634836,,0.8699064217458038,0.1300935782541962,0.951761837561974,0.1458896533227364,10,0.025,0.15,0.8374490092405438,0.913303916528596,0.9359382195881433,0.9540184001478079,0.9641762000117636,0.9703589955402185,0.9801594896161183,1.0,0.9798976338954826,0.9763621707458598,0.9782821933786224,0.9766328266278579
2,8,2.1421085070680688,0.2125835512932287,3441,2.2756042083104453,0.18023255813953487,688,2.2736804274064077,0.2016,0.9823350154245457,0.08385546691266568,,,0.9133153565024676,,0.9133617203875163,0.08663827961248372,0.9518271536464692,0.1458922335445103,10,0.025,0.15,0.8384310058813319,0.9126526144435655,0.9433710926614441,0.9595687389460881,0.9632749965623907,0.9638357968200837,0.9719283181587715,0.9798976338954826,1.0,0.9736564662340833,0.9765573274067865,0.975437200617491
2,9,2.1597721921073068,0.20722855428914216,3334,2.275991439819336,0.19790104947526238,667,2.273681559140169,0.2014,0.9748883536289324,0.08338328573967092,,,0.8895017997138137,,0.8895463022561106,0.11045369774388936,0.9518211182940253,0.1458912791700967,10,0.025,0.15,0.8257458997713002,0.9052045838091674,0.9237237552454842,0.9433169147553101,0.9557735115614526,0.9577379352648594,0.971761613169674,0.9763621707458598,0.9736564662340833,1.0,0.966515114392926,0.9720875591880455
2,10,2.1681149161778963,0.20441221845109533,3241,2.2735677560170493,0.21604938271604937,648,2.2737001497534255,0.2012,0.9747800401131604,0.08247004579331907,,,0.8434442849971937,,0.84348335561387,0.15651664438613,0.9517406967741664,0.14588701494964276,10,0.025,0.15,0.8171031669429037,0.8988771738757318,0.9256120387914774,0.9471849229301745,0.9571953157024602,0.9596198146618061,0.9683208793116737,0.9782821933786224,0.9765573274067865,0.966515114392926,1.0,0.9753567655142021
2,11,2.1833678860664367,0.20246913580246914,3159,2.274667978286743,0.20411392405063292,632,2.2736924509458905,0.2012,0.9749082095501204,0.08260472400485046,,,0.8502365237011555,,0.8502912973874007,0.14970870261259928,0.9517832361070939,0.14588781603258874,10,0.025,0.15,0.8133946974107494,0.898337111173893,0.9219705314576134,0.9487283298971625,0.9521469673569924,0.963780371531445,0.9738752690083424,0.9766328266278579,0.975437200617491,0.9720875591880455,0.9753567655142021,1.0
3,0,1.9751771008526837,0.2732943754565376,6845,2.2533314661546187,0.2220598977355734,1369,2.2530490386335154,0.2199,0.9157349187791467,0.077961239667909,,,0.6,,0.6000148536911423,0.39998514630885773,0.96946685692167,0.14567077888187277,10,0.025,0.15,1.0,0.9506634398445489,0.9353181219613864,0.9154861407841988,0.9045050942256686,0.8769312810297087,0.8757102636228458,0.8617902271672546,0.8523370457104934,0.8458296286430684,0.8395250576267662,0.8369524633821853
3,1,2.0157195041345997,0.26051478641840087,5478,2.247361342112223,0.23357664233576642,1096,2.252775512164152,0.2201,0.9613275639456007,0.08308007095936992,,,0.8840209728326849,,0.8840669406347478,0.11593305936525222,0.9708519908497403,0.14590852099892634,10,0.025,0.15,0.9506634398445489,1.0,0.9607954764382294,0.9493077421823025,0.9517810593072126,0.9359753782178962,0.9318307757545675,0.9199404353188183,0.9113802382762327,0.9071091234284369,0.9013873800497116,0.9010077919112057
3,2,2.042750786166442,0.25155601659751037,4820,2.250927597284317,0.2157676348547718,964,2.252774836141852,0.2205,0.9738225143469551,0.08408967924244673,,,0.9400396049016415,,0.940081860342295,0.05991813965770498,0.9708791816945513,0.14591329390942312,10,0.025,0.15,0.9353181219613864,0.9607954764382294,1.0,0.9666961427994675,0.9631996858693438,0.949336742719167,0.9468883885763034,0.9354206956453317,0.9378217233955671,0.9239968137308837,0.9228941702993757,0.9224555783048385
3,3,2.04921902179718,0.2542215161143895,4406,2.254253557750157,0.20885357548240635,881,2.252774902536899,0.2205,0.9826120475067179,0.08480987436932244,,,0.9799999999445145,,0.9800300374643098,0.019969962535690167,0.9708884658433397,0.14591382849426307,10,0.025,0.15,0.9154861407841988,0.9493077421823025,0.9666961427994675,1.0,0.9705105920755823,0.9620107286602093,0.9598865002815941,0.9530857206616887,0.9545646294802885,0.9411669521541898,0.943943464008571,0.94904734762377
3,4,2.043694628729965,0.248613813229572,4112,2.2468734128134593,0.24087591240875914,822,2.252777159968509,0.22,0.9870439947632897,0.08458091608876561,,,0.967296132620282,,0.9673383835883217,0.03266161641167831,0.9708801888718193,0.14591376000497974,10,0.025,0.15,0.9045050942256686,0.9517810593072126,0.9631996858693438,0.9705105920755823,1.0,0.9692407739271116,0.9685450125955594,0.9647557343361122,0.9618602237926936,0.954912878503893,0.9536286019690569,0.9538943091846757
3,5,2.0525558187115576,0.2536384674723579,3889,2.256984438214983,0.20565552699228792,778,2.2527753099610535,0.2205,0.9824325264204427,0.08459110399960493,,,0.9678614140650019,,0.9679077750821079,0.0320922249178921,0.9708811382290161,0.14591376625342628,10,0.025,0.15,0.8769312810297087,0.9359753782178962,0.949336742719167,0.9620107286602093,0.9692407739271116,1.0,0.9710192954300308,0.9671502986132599,0.961943874321255,0.9514257384307387,0.9568019564721063,0.9596610288431254
3,6,2.0723087549209596,0.24901643761789274,3711,2.255168398221334,0.2183288409703504,742,2.2527774738360056,0.2199,0.9846604000318769,0.08444388405449382,,,0.9596928400976235,,0.9597382449538711,0.040261755046128944,0.9708805072508905,0.14591368067417412,10,0.025,0.15,0.8757102636228458,0.9318307757545675,0.9468883885763034,0.9598865002815941,0.9685450125955594,0.9710192954300308,1.0,0.9753907626655495,0.9655579664199307,0.9645095158989718,0.9599787192775436,0.9684384424967832
3,7,2.092442248974528,0.2281144781144781,3564,2.2543439865112305,0.21739130434782608,713,2.252804553961452,0.2195,0.9825367101827627,0.08345461382353903,,,0.9048026752549361,,0.9048538561832615,0.09514614381673847,0.9708363843040972,0.1459112529935244,10,0.025,0.15,0.8617902271672546,0.9199404353188183,0.9354206956453317,0.9530857206616887,0.9647557343361122,0.9671502986132599,0.9753907626655495,1.0,0.9752346222452246,0.9695437602514385,0.9696051710685469,0.9710538824624207
3,8,2.0711290615576283,0.23612321999418773,3441,2.2568517923355103,0.2063953488372093,688,2.252782589272608,0.2201,0.9793534161342784,0.08388445504678782,,,0.9286526354195483,,0.928694030466571,0.07130596953342905,0.9708663157343478,0.14591262881673575,10,0.025,0.15,0.8523370457104934,0.9113802382762327,0.9378217233955671,0.9545646294802885,0.9618602237926936,0.961943874321255,0.9655579664199307,0.9752346222452246,1.0,0.9640384672991458,0.968822594335768,0.9715733405360398
3,9,2.084577472121627,0.23350329934013198,3334,2.2563465436299643,0.20689655172413793,667,2.2527806064750573,0.2198,0.9722768146245234,0.08336117991847598,,,0.8996184472347959,,0.8996550642834744,0.10034493571652559,0.9708405116583066,0.14591012089229466,10,0.025,0.15,0.8458296286430684,0.9071091234284369,0.9239968137308837,0.9411669521541898,0.954912878503893,0.9514257384307387,0.9645095158989718,0.9695437602514385,0.9640384672991458,1.0,0.9571450968214433,0.9631954089142712
3,10,2.097809191392018,0.22820117247763036,3241,2.253726363182068,0.23919753086419754,648,2.2528060387961473,0.2192,0.9723001342786788,0.08279616172860177,,,0.8682681239248756,,0.8682972718720602,0.13170272812793982,0.9707957343529281,0.14590590526188804,10,0.025,0.15,0.8395250576267662,0.9013873800497116,0.9228941702993757,0.943943464008571,0.9536286019690569,0.9568019564721063,0.9599787192775436,0.9696051710685469,0.968822594335768,0.9571450968214433,1.0,0.9694274314181084
3,11,2.1130958704948424,0.23219373219373218,3159,2.2556906223297117,0.2231012658227848,632,2.2527955996839304,0.219,0.9743617396048083,0.08294682110068304,,,0.8766275362571915,,0.8766731032661617,0.12332689673383834,0.9707979949682791,0.14590758116767633,10,0.025,0.15,0.8369524633821853,0.9010077919112057,0.9224555783048385,0.94904734762377,0.9538943091846757,0.9596610288431254,0.9684384424967832,0.9710538824624207,0.9715733405360398,0.9631954089142712,0.9694274314181084,1.0
4,0,1.9262311317302563,0.2919065010956903,6845,2.2266192002729936,0.2410518626734843,1369,2.2267121272751047,0.2373,0.9224261296323664,0.0783949891816766,,,0.6,,0.6000148536911423,0.39998514630885773,0.9807319579142049,0.14555059622042774,10,0.025,0.15,1.0,0.9507396138123706,0.9364620393964548,0.9185950636450072,0.9022543924766739,0.8833970971354403,0.888506414451995,0.8749902007667708,0.8584444622368415,0.8515775314032573,0.8520990084930031,0.8492911804426932
4,1,1.9582653869030087,0.28269441401971523,5478,2.2191918426089816,0.2545620437956204,1096,2.2262832756283917,0.2377,0.9632323456788452,0.08289786935428219,,,0.8772243485466737,,0.8772672509118516,0.12273274908814835,0.9816766477103086,0.14580888490673172,10,0.025,0.15,0.9507396138123706,1.0,0.958313530498196,0.9498976109028793,0.9443131393627356,0.9316376139425834,0.9365016878678508,0.9283265662142146,0.9147061114379714,0.9051683733727454,0.9091027166192979,0.908057925255436
4,2,1.9847455962708123,0.2731327800829875,4820,2.2236336171627045,0.2354771784232365,964,2.226279801960233,0.2379,0.9730031024377067,0.08384216543555978,,,0.9353608869249265,,0.9353946955818521,0.06460530441814794,0.9816989010243012,0.1458139394786753,10,0.025,0.15,0.9364620393964548,0.958313530498196,1.0,0.9621213753914395,0.9547728076318243,0.9457463710928933,0.9514647947153596,0.9381002542827089,0.9343149074168076,0.9198579479547894,0.9237635324557585,0.9236318639022124
4,3,1.9948885941505432,0.27303676804357696,4406,2.2284437247685025,0.23155505107832008,881,2.2262806771676753,0.2379,0.9815506853299477,0.08456722648436366,,,0.9799999999384339,,0.9800300374643098,0.019969962535690167,0.9817102605898557,0.1458146897401999,10,0.025,0.15,0.9185950636450072,0.9498976109028793,0.9621213753914395,1.0,0.9635801866905986,0.9579895110313171,0.9614824837262786,0.9525532598724935,0.9499250694110124,0.9386212987497836,0.9440320040425766,0.9476170959128308
4,4,1.9856003270004734,0.27169260700389103,4112,2.2176431247166226,0.2542579075425791,822,2.2262834385980534,0.2376,0.9837593909177302,0.08449738260762535,,,0.9756999913913385,,0.9757389711343268,0.024261028865673162,0.9817134260684584,0.14581467866180264,10,0.025,0.15,0.9022543924766739,0.9443131393627356,0.9547728076318243,0.9635801866905986,1.0,0.9618033230792224,0.9658116172017657,0.9639372601052489,0.9593928197063469,0.9513617783393278,0.9513580650680935,0.9525623615409324
4,5,1.993686023835213,0.27459501157109795,3889,2.2314438138689314,0.2185089974293059,778,2.226280897478514,0.2379,0.9803582675711195,0.08439277006646949,,,0.9692594150357468,,0.969310623689987,0.030689376310013006,0.9817123070325106,0.1458146519789294,10,0.025,0.15,0.8833970971354403,0.9316376139425834,0.9457463710928933,0.9579895110313171,0.9618033230792224,1.0,0.9658306632771302,0.9639557428153493,0.9577269137451073,0.9489145336016533,0.9575464429301461,0.9559139753505407
4,6,2.0098035952140547,0.271112907572083,3711,2.2287857929865518,0.23315363881401618,742,2.226283728321896,0.2376,0.9844254705250485,0.08443419118591838,,,0.9718095479318325,,0.9718522552854384,0.028147744714561607,0.9817121608974209,0.14581466491195896,10,0.025,0.15,0.888506414451995,0.9365016878678508,0.9514647947153596,0.9614824837262786,0.9658116172017657,0.9658306632771302,1.0,0.9702143581671406,0.9601760439034623,0.9584356652518611,0.9567951886034642,0.9629177872790204
4,7,2.0350541144609453,0.25084175084175087,3564,2.2276484171549478,0.2370266479663394,713,2.2263151603409006,0.2366,0.9820005720463468,0.08374207911606066,,,0.9291989719598381,,0.929246917859088,0.07075308214091203,0.9816907222250706,0.14581369352272674,10,0.025,0.15,0.8749902007667708,0.9283265662142146,0.9381002542827089,0.9525532598724935,0.9639372601052489,0.9639557428153493,0.9702143581671406,1.0,0.9701412600895569,0.9600473268779248,0.9639801942051618,0.9633787157281534
4,8,2.0107890248298643,0.2563498982853822,3441,2.2333099842071533,0.2311046511627907,688,2.226288801507105,0.2375,0.9767080567500008,0.08383582827388444,,,0.9349707331900419,,0.9350068492020267,0.0649931507979733,0.9816971001454425,0.14581390585284768,10,0.025,0.15,0.8584444622368415,0.9147061114379714,0.9343149074168076,0.9499250694110124,0.9593928197063469,0.9577269137451073,0.9601760439034623,0.9701412600895569,1.0,0.9571834408055782,0.961371027957255,0.9636048619974903
4,9,2.029619636359038,0.2563287342531494,3334,2.2314905722935996,0.22038980509745126,667,2.2262874585163743,0.2374,0.9688836162248088,0.0832563783754942,,,0.8992963171631727,,0.8993249822580911,0.1006750177419089,0.9816888064823897,0.14581159848914246,10,0.025,0.15,0.8515775314032573,0.9051683733727454,0.9198579479547894,0.9386212987497836,0.9513617783393278,0.9489145336016533,0.9584356652518611,0.9600473268779248,0.9571834408055782,1.0,0.9487594649317169,0.9560897475923941
4,10,2.037883472442627,0.251589015735884,3241,2.2282384236653647,0.25462962962962965,648,2.226319687275947,0.2364,0.971831033055306,0.08300237945189541,,,0.883658617862486,,0.8837121024574607,0.11628789754253932,0.9816613338581003,0.14580981362420958,10,0.025,0.15,0.8520990084930031,0.9091027166192979,0.9237635324557585,0.9440320040425766,0.9513580650680935,0.9575464429301461,0.9567951886034642,0.9639801942051618,0.961371027957255,0.9487594649317169,1.0,0.9617376884880414
4,11,2.0495787415504454,0.25821462488129154,3159,2.2314249992370607,0.22943037974683544,632,2.226308415207682,0.2365,0.9730881839176071,0.08313674046676967,,,0.8919306889349506,,0.891972405142678,0.10802759485732205,0.9816771465877475,0.14581082014397564,10,0.025,0.15,0.8492911804426932,0.908057925255436,0.9236318639022124,0.9476170959128308,0.9525623615409324,0.9559139753505407,0.9629177872790204,0.9633787157281534,0.9636048619974903,0.9560897475923941,0.9617376884880414,1.0
5,0,1.8826692552478226,0.3094521548575603,6845,2.194982181895863,0.25712198685171656,1369,2.1955957563617563,0.2603,0.931327647364438,0.07898626743536111,,,0.6,,0.6000148536911423,0.39998514630885773,0.9868235990664073,0.14534329281996897,10,0.025,0.15,1.0,0.9488842800963068,0.9379842154561637,0.9206931120056141,0.9074277140789484,0.8929449994979243,0.8976054212448239,0.8891370827178251,0.86937626505796,0.8682859431788376,0.8641436434030372,0.8607583441601597
5,1,1.9114287293234538,0.30133260313983207,5478,2.1860115793016224,0.28375912408759124,1096,2.1949418436122845,0.2599,0.9609900319842526,0.08274554013035056,,,0.8637393337312969,,0.8637668960736743,0.1362331039263257,0.9877757069746564,0.14563874478115307,10,0.025,0.15,0.9488842800963068,1.0,0.9509596313353473,0.9433543715324542,0.9381858894993977,0.9268251536273645,0.9321971930452635,0.9251636761636085,0.9110529992652563,0.9098475431896289,0.9057787170131921,0.9059988829243315
5,2,1.93490202521023,0.29508298755186724,4820,2.1913892924785614,0.254149377593361,964,2.194937063168876,0.26,0.971137057835655,0.08366200906587629,,,0.9280360544143026,,0.9280668746183427,0.0719331253816573,0.9878256214005874,0.1456456184628225,10,0.025,0.15,0.9379842154561637,0.9509596313353473,1.0,0.9540146202388453,0.9481298225324235,0.9423390908985818,0.948672752628465,0.937010615535188,0.9307293704021903,0.9230539224304757,0.9222869908563408,0.9193171737352253
5,3,1.9468454916136606,0.29330458465728554,4406,2.198057106563023,0.25198637911464244,881,2.1949366738524616,0.26,0.9793955207642706,0.08438094879242208,,,0.9784747163195363,,0.9785199121981812,0.02148008780181876,0.987829892967845,0.14564697507982896,10,0.025,0.15,0.9206931120056141,0.9433543715324542,0.9540146202388453,1.0,0.9573225948879105,0.9531426884471963,0.9576175326474629,0.9492507392369597,0.9467492701814451,0.9410833193519219,0.9407702726624941,0.9448705749574086
5,4,1.9395549069751392,0.2882295719844358,4112,2.1831802300044467,0.2712895377128954,822,2.1949397551862497,0.2601,0.9813888894881359,0.08440268979308065,,,0.979999999929843,,0.9800300374643098,0.019969962535690167,0.9878295903597772,0.14564697936203697,10,0.025,0.15,0.9074277140789484,0.9381858894993977,0.9481298225324235,0.9573225948879105,1.0,0.9578872943967871,0.9608297256221009,0.9607390578757184,0.9534607187702288,0.9489596333818094,0.9505846862171439,0.9476801026098252
5,5,1.943442981089315,0.29683723322190797,3889,2.2010103975023543,0.2647814910025707,778,2.194936701014072,0.26,0.9783177234091497,0.08423763248995843,,,0.9684200729905283,,0.9684606624746249,0.03153933752537508,0.9878323130636306,0.14564689019849308,10,0.025,0.15,0.8929449994979243,0.9268251536273645,0.9423390908985818,0.9531426884471963,0.9578872943967871,1.0,0.9610394178470699,0.96120295508194,0.9528726836767345,0.9439378442584356,0.9537310835439292,0.9487408984646549
5,6,1.9541557509323646,0.2921045540285637,3711,2.1975302696228027,0.24932614555256064,742,2.194940195807928,0.2601,0.9822097811459922,0.08439029956415948,,,0.9791307385099942,,0.9791635721476787,0.020836427852321315,0.9878298160228122,0.1456469751082977,10,0.025,0.15,0.8976054212448239,0.9321971930452635,0.948672752628465,0.9576175326474629,0.9608297256221009,0.9610394178470699,1.0,0.9641004374605837,0.9564922923196204,0.9526856718030444,0.952609935884349,0.9562872973360932
5,7,1.9826648908002036,0.27101571268237934,3564,2.1960600217183432,0.2650771388499299,713,2.1949781556672687,0.2596,0.9797414820983718,0.08388070569916002,,,0.943379156400069,,0.9434404449505702,0.05655955504942978,0.9878233590141278,0.1456463201730013,10,0.025,0.15,0.8891370827178251,0.9251636761636085,0.937010615535188,0.9492507392369597,0.9607390578757184,0.96120295508194,0.9641004374605837,1.0,0.9613854303517408,0.953528926954092,0.955918417388002,0.9538728728437067
5,8,1.9592998442826448,0.2803545480964836,3441,2.2053659359614053,0.23401162790697674,688,2.194946639145477,0.2602,0.974344794565561,0.08376274165719809,,,0.9351031518759072,,0.93513888201218,0.06486111798782002,0.9878231072928653,0.14564594429312658,10,0.025,0.15,0.86937626505796,0.9110529992652563,0.9307293704021903,0.9467492701814451,0.9534607187702288,0.9528726836767345,0.9564922923196204,0.9613854303517408,1.0,0.9549599154152283,0.9559776632587755,0.954470929538456
5,9,1.9762209101959511,0.2792741451709658,3334,2.201892296473185,0.24437781109445278,667,2.194946029518224,0.2601,0.9696835169423524,0.08325143818666059,,,0.8992316289523914,,0.8992754699542836,0.10072453004571635,0.987811287693021,0.14564368079447687,10,0.025,0.15,0.8682859431788376,0.9098475431896289,0.9230539224304757,0.9410833193519219,0.9489596333818094,0.9439378442584356,0.9526856718030444,0.953528926954092,0.9549599154152283,1.0,0.9466645235126478,0.9508008732320681
5,10,1.9856533036782191,0.2729095958037643,3241,2.197989026705424,0.2808641975308642,648,2.194985712630839,0.2597,0.9703528713766363,0.08311581694447169,,,0.8897168480474615,,0.8897526035219752,0.11024739647802484,0.987783110727287,0.14564268671811453,10,0.025,0.15,0.8641436434030372,0.9057787170131921,0.9222869908563408,0.9407702726624941,0.9505846862171439,0.9537310835439292,0.952609935884349,0.955918417388002,0.9559776632587755,0.9466645235126478,1.0,0.9528873501498777
5,11,1.9928355388641357,0.2854067742956632,3159,2.2023268699645997,0.24841772151898733,632,2.194971688186066,0.2597,0.969886988316434,0.08318391024130092,,,0.8944940701844046,,0.8945387928900331,0.10546120710996687,0.9877969706226907,0.14564320262193847,10,0.025,0.15,0.8607583441601597,0.9059988829243315,0.9193171737352253,0.9448705749574086,0.9476801026098252,0.9487408984646549,0.9562872973360932,0.9538728728437067,0.954470929538456,0.9508008732320681,0.9528873501498777,1.0
6,0,1.8474453795839239,0.3220160701241782,6845,2.158525055105036,0.28487947406866326,1369,2.1598948858961275,0.2878,0.936102491788434,0.07956704241027461,,,0.6,,0.6000148536911423,0.39998514630885773,0.9902360166415713,0.1450328508555338,10,0.025,0.15,1.0,0.9452563368458714,0.9383644808444285,0.9217904960858864,0.9089403173124422,0.8964539847773202,0.9045574864579577,0.8943115547298849,0.8746341384878467,0.8692411047268209,0.8714946052729213,0.8654222854153842
6,1,1.8687985622605612,0.3206462212486309,5478,2.147839413748847,0.3056569343065693,1096,2.158874668652498,0.2867,0.9609960939014035,0.08271204796538287,,,0.8477845960988155,,0.8478321862982952,0.15216781370170485,0.9916028786654968,0.1453450078998386,10,0.025,0.15,0.9452563368458714,1.0,0.94706300088972,0.9395092688866519,0.9340536841068878,0.9259159744092746,0.9328503607461017,0.9249242879810989,0.9112917936040829,0.9038496741289451,0.9082046730282987,0.9031035341137438
6,2,1.892425915442015,0.31184647302904567,4820,2.154166430234909,0.2946058091286307,964,2.1588691578635686,0.2866,0.9695920177996381,0.0835612808391147,,,0.9146928482224701,,0.9147398128434916,0.0852601871565084,0.9916726679644571,0.14535469130383338,10,0.025,0.15,0.9383644808444285,0.94706300088972,1.0,0.9479403222762729,0.9409014992326543,0.9376880482030399,0.9465786489788112,0.933472910896473,0.9261505313328017,0.9185020981667708,0.921128849924895,0.9166924468502003
6,3,1.9030151646477835,0.30844303222877895,4406,2.163029364177159,0.2690124858115778,881,2.1588677635675744,0.2866,0.9760650978697077,0.08421865557397941,,,0.9664852315139558,,0.966521430575498,0.033478569424502,0.991689805274441,0.14535640165161232,10,0.025,0.15,0.9217904960858864,0.9395092688866519,0.9479403222762729,1.0,0.9501077021054177,0.9464656754916955,0.9530745014755386,0.942718973344322,0.9389223876202651,0.9345889669995202,0.9354741568557359,0.9374639298641899
6,4,1.8927083430868206,0.30622568093385216,4112,2.1433634076799666,0.2846715328467153,822,2.158870531033866,0.2866,0.9766591394329327,0.08425153978214783,,,0.9690760696210008,,0.9691290785760261,0.03087092142397385,0.9916906990463261,0.14535642969097431,10,0.025,0.15,0.9089403173124422,0.9340536841068878,0.9409014992326543,0.9501077021054177,1.0,0.9469672556650243,0.9531577543446601,0.9520508724913358,0.9450254281408581,0.9408172313662877,0.9427169692194473,0.9394607930878313
6,5,1.9004940071413594,0.3133967600925688,3889,2.165827921458653,0.3033419023136247,778,2.158867926537236,0.2866,0.9754807002580883,0.08411066307070572,,,0.9579768590050718,,0.9580135663712432,0.04198643362875676,0.9916831348868825,0.14535628965826222,10,0.025,0.15,0.8964539847773202,0.9259159744092746,0.9376880482030399,0.9464656754916955,0.9469672556650243,1.0,0.9549160933111042,0.9544835705590538,0.9450348557377712,0.9413940560460655,0.9485192186869296,0.9420941206262672
6,6,1.9083009452655397,0.30676367555914846,3711,2.1616618235905967,0.2776280323450135,742,2.1588711829125127,0.2866,0.9811409460766328,0.08439019174848751,,,0.9799999999212132,,0.9800300374643098,0.019969962535690167,0.9916915546885432,0.1453565059218096,10,0.025,0.15,0.9045574864579577,0.9328503607461017,0.9465786489788112,0.9530745014755386,0.9531577543446601,0.9549160933111042,1.0,0.9582219984125707,0.9500267965365037,0.9529139676302766,0.949553084889938,0.950071955444799
6,7,1.9375160970858165,0.2890011223344557,3564,2.1599727869033813,0.3015427769985975,713,2.158912124513071,0.2863,0.9767747135487862,0.08393148369057606,,,0.9438599076812333,,0.9439108118367414,0.056089188163258585,0.9916792865959343,0.14535600175115443,10,0.025,0.15,0.8943115547298849,0.9249242879810989,0.933472910896473,0.942718973344322,0.9520508724913358,0.9544835705590538,0.9582219984125707,1.0,0.9546691808677658,0.9453273545801655,0.9485823632253442,0.9462117808253825
6,8,1.9166447829317164,0.296512641673932,3441,2.1732861200968423,0.2441860465116279,688,2.1588776896271527,0.2866,0.9709832760949278,0.08366920053469214,,,0.9231954844535348,,0.9232229208958426,0.07677707910415743,0.9916752963389079,0.14535513628668376,10,0.025,0.15,0.8746341384878467,0.9112917936040829,0.9261505313328017,0.9389223876202651,0.9450254281408581,0.9450348557377712,0.9500267965365037,0.9546691808677658,1.0,0.9470487239948826,0.948124876880664,0.9460151995646956
6,9,1.9312551061312357,0.2954109178164367,3334,2.1680551767349243,0.2623688155922039,667,2.1588800647590736,0.2867,0.9669896944655728,0.08322159955623674,,,0.8879304823043777,,0.8879701605849053,0.1120298394150947,0.9916527932949821,0.14535231786592248,10,0.025,0.15,0.8692411047268209,0.9038496741289451,0.9185020981667708,0.9345889669995202,0.9408172313662877,0.9413940560460655,0.9529139676302766,0.9453273545801655,0.9470487239948826,1.0,0.939062702500774,0.9479323275676884
