round,client_id,client_i_training_loss,client_i_training_accuracy,client_i_training_dataset_size,client_i_evaluation_loss,client_i_evaluation_accuracy,client_i_evaluation_dataset_size,client_i_central_evaluation_loss,client_i_central_evaluation_accuracy,client_i_cosine_similarity,client_i_importance_coefficient,client_i_tanh_val,tanh_normalization_value,client_i_q,client_i_mask_order,client_i_v_nonzero_fraction,client_i_v_sparsity,client_i_v_cosine_similarity,client_i_reward_gradient_norm,local_epochs,learning_rate,gamma,client_0_cosine_similarity,client_1_cosine_similarity,client_2_cosine_similarity,client_3_cosine_similarity,client_4_cosine_similarity,client_5_cosine_similarity,client_6_cosine_similarity,client_7_cosine_similarity,client_8_cosine_similarity,client_9_cosine_similarity,client_10_cosine_similarity,client_11_cosine_similarity
0,0,2.228266266319487,0.17643535427319212,6845,2.299681555141102,0.11760409057706354,1369,2.298534360113023,0.1213,0.8908366241246152,0.07898422912542218,,,0.6,,0.6000148536911423,0.39998514630885773,0,0.14025376897428019,10,0.025,0.15,1.0,0.9372749862175485,0.8552339019437891,0.867178070628292,0.8095097018209875,0.7726455176787604,0.7672585246126278,0.8103641068591724,0.7196249218319583,0.7628796714518621,0.7719219336119165,0.7235335561806351
0,1,2.277982947992724,0.16414749908725812,5478,2.2984102302127414,0.10492700729927007,1096,2.298466422889806,0.1178,0.9436973435525916,0.08367101799553255,,,0.8457521843166527,,0.8458021818421878,0.1541978181578122,0,0.1407491273826492,10,0.025,0.15,0.9372749862175485,1.0,0.906329457856924,0.934220018393227,0.871844235317565,0.845970711774929,0.8188043414072467,0.8728266063021504,0.7982276359791508,0.8408444649783713,0.8555250220592475,0.8082373262620121
0,2,2.2898528218269347,0.15597510373443985,4820,2.2952304780483246,0.13278008298755187,964,2.29846547826936,0.1179,0.9598792372832902,0.08510575290370348,,,0.9209826347103048,,0.9210278754270437,0.07897212457295633,0,0.1407601362566707,10,0.025,0.15,0.8552339019437891,0.906329457856924,1.0,0.9259844326879629,0.9294708108753509,0.9238433823637805,0.9143359521816546,0.892703112915603,0.8516547633110587,0.8681785053486791,0.8569703452475682,0.8632961339558124
0,3,2.2932425376347134,0.15687698592827962,4406,2.298292875289917,0.11350737797956867,881,2.298465387730659,0.1179,0.9768756875299451,0.08661270881935164,,,0.9999999999475648,,1.0,0.0,0,0.14076141282761134,10,0.025,0.15,0.867178070628292,0.934220018393227,0.9259844326879629,1.0,0.9296214080488235,0.8896327326468245,0.9083190291210643,0.9308547131020884,0.8974426582569504,0.9260550044211443,0.9184351924066767,0.8831252071252309
0,4,2.295627057913578,0.13358463035019455,4112,2.2993344579424178,0.10583941605839416,822,2.2984653605690486,0.1179,0.9632934561994503,0.0854084677246431,,,0.9368555128220906,,0.9368883167467116,0.06311168325328842,0,0.14076071596281026,10,0.025,0.15,0.8095097018209875,0.871844235317565,0.9294708108753509,0.9296214080488235,1.0,0.9354095601284448,0.9205506890063447,0.9230079219404325,0.8876954208773605,0.9005918796456951,0.9078624103704207,0.9022089726931705
0,5,2.2958431005477906,0.14543584469015172,3889,2.2972055843898227,0.13110539845758354,778,2.2984673856179927,0.1177,0.9373545175313858,0.08310864414358869,,,0.8162640622040563,,0.8163093528741893,0.18369064712581074,0,0.14074092507056185,10,0.025,0.15,0.7726455176787604,0.845970711774929,0.9238433823637805,0.8896327326468245,0.9354095601284448,1.0,0.892150625051716,0.8913348753709411,0.860363030981304,0.8827157202742641,0.8635336684234393,0.873818972042154
0,6,2.2969852751698987,0.137429264349232,3711,2.2976866563161216,0.1091644204851752,742,2.2984668997269644,0.1179,0.9409731087170752,0.08342947921882214,,,0.8330870774345592,,0.8331187800168341,0.16688121998316585,0,0.14074596192644057,10,0.025,0.15,0.7672585246126278,0.8188043414072467,0.9143359521816546,0.9083190291210643,0.9205506890063447,0.892150625051716,1.0,0.9221814342609499,0.8842624037290511,0.901864436593785,0.8969127660882444,0.8849205293428833
0,7,2.2955649052347455,0.11725589225589225,3564,2.300218939781189,0.11781206171107994,713,2.2984657408315923,0.1177,0.9513569604170402,0.08435014244669557,,,0.8813621343104597,,0.8814097803304121,0.11859021966958794,0,0.1407553218478426,10,0.025,0.15,0.8103641068591724,0.8728266063021504,0.892703112915603,0.9308547131020884,0.9230079219404325,0.8913348753709411,0.9221814342609499,1.0,0.8475024763244816,0.8849866328670942,0.9354759296755443,0.873362280467359
0,8,2.297603788199248,0.13501888985759952,3441,2.3004122575124106,0.125,688,2.298478087292442,0.1181,0.9157094615061165,0.08118952899022101,,,0.7156350912890109,,0.7156755953854533,0.28432440461454667,0,0.1406544850121067,10,0.025,0.15,0.7196249218319583,0.7982276359791508,0.8516547633110587,0.8974426582569504,0.8876954208773605,0.860363030981304,0.8842624037290511,0.8475024763244816,1.0,0.9542774135427137,0.8491518035417371,0.9291148167442442
0,9,2.297204179233975,0.15107978404319136,3334,2.2973596652348838,0.13043478260869565,667,2.2984669238706177,0.1179,0.9410180180223542,0.0834334610116245,,,0.8332958630884031,,0.8333250812826988,0.16667491871730122,0,0.14074598648285874,10,0.025,0.15,0.7628796714518621,0.8408444649783713,0.8681785053486791,0.9260550044211443,0.9005918796456951,0.8827157202742641,0.901864436593785,0.8849866328670942,0.9542774135427137,1.0,0.8905463861006229,0.9240825879148553
0,10,2.2965847042890695,0.11866707806232644,3241,2.2940390904744468,0.12191358024691358,648,2.2984683543820923,0.1177,0.9350771965431866,0.0829067300800523,,,0.805676680622869,,0.8057054678087505,0.19429453219124948,0,0.1407362241254025,10,0.025,0.15,0.7719219336119165,0.8555250220592475,0.8569703452475682,0.9184351924066767,0.9078624103704207,0.8635336684234393,0.8969127660882444,0.9354759296755443,0.8491518035417371,0.8905463861006229,1.0,0.8992603059812121
0,11,2.29793124294281,0.12130421019309909,3159,2.2988450050354006,0.11075949367088607,632,2.2984746679475037,0.118,0.9225929269078191,0.08179983754034292,,,0.7476366734930023,,0.747677047746365,0.252322952253635,0,0.14068909815354982,10,0.025,0.15,0.7235335561806351,0.8082373262620121,0.8632961339558124,0.8831252071252309,0.9022089726931705,0.873818972042154,0.8849205293428833,0.873362280467359,0.9291148167442442,0.9240825879148553,0.8992603059812121,1.0
1,0,2.08051892541073,0.247918188458729,6845,2.290156689557162,0.1658144631117604,1369,2.2890583503095407,0.1739,0.9002222123897247,0.07822968513758616,,,0.6,,0.6000148536911423,0.39998514630885773,0.8889178495802655,0.14577481887194796,10,0.025,0.15,1.0,0.9572538882013204,0.9229665455064227,0.9078868081760321,0.8788414683728544,0.8711189686416333,0.8479547544530845,0.8461289274314006,0.8297591209131625,0.8336317423378846,0.8231536449943533,0.8115294327392183
1,1,2.13645185703455,0.23196422051843738,5478,2.2888819376627603,0.1624087591240876,1096,2.288887334775321,0.1738,0.9569863787463283,0.08298074098523268,,,0.849332133967526,,0.8493753197669621,0.15062468023303788,0.8916747882958728,0.14618069800177635,10,0.025,0.15,0.9572538882013204,1.0,0.9657479868811525,0.9620905061547689,0.9445510468528182,0.9378564396507881,0.9146380225544434,0.9172288243160561,0.8988953771928432,0.9068001328044268,0.8988569523015711,0.8857928041766161
1,2,2.1852473447197363,0.20927385892116182,4820,2.2860480546951294,0.17116182572614108,964,2.288884220244009,0.1736,0.9823338083535766,0.0846948569830628,,,0.9392877592668087,,0.9393391757851827,0.06066082421481733,0.8915946036441913,0.146193957435868,10,0.025,0.15,0.9229665455064227,0.9657479868811525,1.0,0.9808002271056027,0.9732913273583526,0.9691983555167278,0.9614663285260896,0.956179097095529,0.9436856103398367,0.9449740949508038,0.934734996717372,0.9309657185309417
1,3,2.1975229709489006,0.21958692691783932,4406,2.288280963897705,0.1782065834279228,881,2.288884072364131,0.1737,0.9892070708413254,0.08585173652971356,,,0.9999999999475206,,1.0,0.0,0.89159667569411,0.14619472973759123,10,0.025,0.15,0.9078868081760321,0.9620905061547689,0.9808002271056027,1.0,0.9797843927823517,0.9784423310317417,0.9694528825387418,0.9680245941105317,0.9570649818920302,0.962225352239906,0.9537072222952568,0.944171483107037
1,4,2.2116767113859,0.197568093385214,4112,2.2901670932769775,0.16423357664233576,822,2.288884184028529,0.1736,0.9879988590735631,0.08506684713563513,,,0.9588095459032907,,0.9588470234853361,0.041152976514663875,0.8915866046457726,0.14619448566746876,10,0.025,0.15,0.8788414683728544,0.9445510468528182,0.9732913273583526,0.9797843927823517,1.0,0.9811331446936827,0.9738320913631027,0.9774264444249148,0.9616265594095972,0.968770818919448,0.957792210080494,0.9516327882411748
1,5,2.2239531832356607,0.19946001542813063,3889,2.288546391895839,0.18508997429305912,778,2.288887844810003,0.1737,0.9900500651583212,0.08370990632545608,,,0.8875982280996576,,0.8876400785595221,0.1123599214404779,0.8916715402121911,0.1461890498578336,10,0.025,0.15,0.8711189686416333,0.9378564396507881,0.9691983555167278,0.9784423310317417,0.9811331446936827,1.0,0.9818837465754807,0.9791089108944319,0.9718468554241769,0.9699340863486767,0.9692463635004821,0.9637001890200735
1,6,2.245548891199046,0.19275127997844246,3711,2.2882970174153647,0.1752021563342318,742,2.288887126536309,0.1737,0.987104711286378,0.083812560034038,,,0.8929854239233165,,0.8930369196745391,0.10696308032546087,0.8916878464993265,0.14618965062259054,10,0.025,0.15,0.8479547544530845,0.9146380225544434,0.9614663285260896,0.9694528825387418,0.9738320913631027,0.9818837465754807,1.0,0.9845152701117292,0.9798403872398185,0.9734960342957955,0.9773149539264526,0.9745185117007943
1,7,2.239284840651921,0.18285634118967453,3564,2.290395180384318,0.16129032258064516,713,2.2888855240013024,0.1737,0.9864741967337208,0.08436198039358132,,,0.9218186254437742,,0.9218613325411364,0.07813866745886355,0.8916457391247945,0.14619219717571727,10,0.025,0.15,0.8461289274314006,0.9172288243160561,0.956179097095529,0.9680245941105317,0.9774264444249148,0.9791089108944319,0.9845152701117292,1.0,0.9742988883577143,0.9770480454380862,0.9803024490814797,0.9708735049278069
1,8,2.2487882985009087,0.1900900900900901,3441,2.29056179523468,0.18313953488372092,688,2.288912157469158,0.174,0.9799306545881372,0.08219209726977987,,,0.8079446557270139,,0.8079747817332608,0.19202521826673924,0.8911521192882377,0.14615967365730567,10,0.025,0.15,0.8297591209131625,0.8988953771928432,0.9436856103398367,0.9570649818920302,0.9616265594095972,0.9718468554241769,0.9798403872398185,0.9742988883577143,1.0,0.9823264507278247,0.9744006297940796,0.9823043868685182
1,9,2.2477377785576715,0.20302939412117577,3334,2.2871212561925254,0.1934032983508246,667,2.288887096356742,0.1737,0.980724971575122,0.08360715289498453,,,0.8822057989400119,,0.8822514894951395,0.11774851050486046,0.8916864400936092,0.14618832678088192,10,0.025,0.15,0.8336317423378846,0.9068001328044268,0.9449740949508038,0.962225352239906,0.968770818919448,0.9699340863486767,0.9734960342957955,0.9770480454380862,0.9823264507278247,1.0,0.9702539735573071,0.9749768584076931
1,10,2.256699662025158,0.19095958037642702,3241,2.2845855156580606,0.18518518518518517,648,2.2888903617858887,0.1737,0.9769592144357466,0.08315836378602615,,,0.8586536560424687,,0.8587001369840406,0.14129986301595943,0.8917107845369645,0.1461827590025763,10,0.025,0.15,0.8231536449943533,0.8988569523015711,0.934734996717372,0.9537072222952568,0.957792210080494,0.9692463635004821,0.9773149539264526,0.9803024490814797,0.9744006297940796,0.9702539735573071,1.0,0.9809920417258127
1,11,2.2611237869262695,0.17955049066160178,3159,2.2887107849121096,0.17721518987341772,632,2.2889050773427457,0.1739,0.9726921098625814,0.082334072524904,,,0.8153954191921959,,0.815442887557558,0.184557112442442,0.8913039996888571,0.14617005896102975,10,0.025,0.15,0.8115294327392183,0.8857928041766161,0.9309657185309417,0.944171483107037,0.9516327882411748,0.9637001890200735,0.9745185117007943,0.9708735049278069,0.9823043868685182,0.9749768584076931,0.9809920417258127,1.0
2,0,1.984517275845563,0.28577063550036524,6845,2.2756685343655674,0.1804236669101534,1369,2.274375351169441,0.1916,0.9159486550177788,0.07824729282743234,,,0.6,,0.6000148536911423,0.39998514630885773,0.9535264377767462,0.1458602019194856,10,0.025,0.15,1.0,0.9560498020917435,0.935448467523609,0.9248581061610094,0.8951553431303391,0.8982658416262754,0.8728990508910162,0.8680038148737291,0.8555156045026628,0.8521281667614613,0.8408497189561526,0.8271680137641834
2,1,2.034535286038421,0.27132165023731286,5478,2.2737925582461886,0.18156934306569342,1096,2.273986707759809,0.1929,0.9641349256946594,0.08275704430990771,,,0.8564780708105046,,0.8565050915152416,0.14349490848475843,0.9572594910158146,0.14631254417113745,10,0.025,0.15,0.9560498020917435,1.0,0.9667602073699517,0.963635040169437,0.9476096570078462,0.9496335219780069,0.9283464584443357,0.9291755592170627,0.9195062533956931,0.9136197889749388,0.9112227468023594,0.8999601894202777
2,2,2.0850123894842048,0.24827800829875518,4820,2.2716797590255737,0.19398340248962656,964,2.273977886272382,0.1929,0.9775691607680251,0.08425541975400849,,,0.94169350779105,,0.9417570266211154,0.05824297337888462,0.9574270046233129,0.1463244319858504,10,0.025,0.15,0.935448467523609,0.9667602073699517,1.0,0.973352204588158,0.9623553655999023,0.9608483742550807,0.952243298669023,0.9509846226097871,0.9446672867612254,0.9355428965205355,0.9322536858063074,0.9259492596565487
2,3,2.0905645530564443,0.25658193372673627,4406,2.2726697581154958,0.19750283768444948,881,2.273977409435224,0.193,0.9870644465183779,0.08528064498511626,,,0.9999999999431282,,1.0,0.0,0.9574466470056202,0.14632507982846815,10,0.025,0.15,0.9248581061610094,0.963635040169437,0.973352204588158,1.0,0.9690374227557114,0.9754738708763055,0.9653597942419261,0.9627900566978274,0.9604663500356759,0.9566794043653101,0.9549633225577173,0.9438937431563676
2,4,2.1003855459617844,0.24209630350194553,4112,2.276001010622297,0.17883211678832117,822,2.2739777625361577,0.1929,0.98592244784269,0.08475771045875202,,,0.9702597273353601,,0.9703091218167714,0.029690878183228575,0.9574475010685397,0.14632496554574145,10,0.025,0.15,0.8951553431303391,0.9476096570078462,0.9623553655999023,0.9690374227557114,1.0,0.9701695689149347,0.9710260323768052,0.9742119373939507,0.96897685753586,0.963096601382362,0.9595995069576988,0.9545707865567343
2,5,2.1099633286076207,0.2498328619182309,3889,2.2745576926640103,0.1928020565552699,778,2.273984643477428,0.193,0.9868905090971762,0.08394948353508268,,,0.9242943381192694,,0.9243286956808767,0.07567130431912328,0.9573431523009122,0.14632355298431357,10,0.025,0.15,0.8982658416262754,0.9496335219780069,0.9608483742550807,0.9754738708763055,0.9701695689149347,1.0,0.9713412158769548,0.9685356517017764,0.9686375662463935,0.9648367189612697,0.9626202564506217,0.9573915866604065
2,6,2.1375691541310013,0.2318243061169496,3711,2.2735795180002847,0.20754716981132076,742,2.2739835902105403,0.1929,0.9865595729306106,0.08400223281431707,,,0.9272942890982212,,0.9273324421118648,0.07266755788813517,0.9573567694171135,0.14632367613121847,10,0.025,0.15,0.8728990508910162,0.9283464584443357,0.952243298669023,0.9653597942419261,0.9710260323768052,0.9713412158769548,1.0,0.9787360559733489,0.9821900260138857,0.9695482383282681,0.9752872754617175,0.9759455770935834
2,7,2.1260534265211652,0.2323793490460157,3564,2.2751192251841226,0.18513323983169705,713,2.2739800592012043,0.193,0.9857108243195408,0.0843146027180577,,,0.9450593545573681,,0.9451073591787559,0.05489264082124412,0.9573935015008705,0.14632452033592802,10,0.025,0.15,0.8680038148737291,0.9291755592170627,0.9509846226097871,0.9627900566978274,0.9742119373939507,0.9685356517017764,0.9787360559733489,1.0,0.9778488022412243,0.973139695701085,0.9756386568637084,0.9734301761159398
2,8,2.1385194080847283,0.23786689915722173,3441,2.2755670150121055,0.2005813953488372,688,2.2740276372885404,0.193,0.9832861681694055,0.08289277077157681,,,0.864197090623924,,0.8642290109092109,0.1357709890907891,0.9570527131342534,0.14631407691397744,10,0.025,0.15,0.8555156045026628,0.9195062533956931,0.9446672867612254,0.9604663500356759,0.96897685753586,0.9686375662463935,0.9821900260138857,0.9778488022412243,1.0,0.9749818692278821,0.9749663188583259,0.9764164624253838
2,9,2.1302300846135176,0.24079184163167366,3334,2.271051009496053,0.20239880059970014,667,2.2739845408669,0.1929,0.9779860835895219,0.08359586155350844,,,0.9041831892050136,,0.9042267003350333,0.09577329966496673,0.9573022887393936,0.1463222686799787,10,0.025,0.15,0.8521281667614613,0.9136197889749388,0.9355428965205355,0.9566794043653101,0.963096601382362,0.9648367189612697,0.9695482383282681,0.973139695701085,0.9749818692278821,1.0,0.9678337700236364,0.970514332137822
2,10,2.1492021899956923,0.23896945387226165,3241,2.2697662115097046,0.2037037037037037,648,2.273989230771608,0.1929,0.9773674791360311,0.08329797433188597,,,0.887241781187804,,0.887285240382235,0.112714759617765,0.9573093994866851,0.14631971041099356,10,0.025,0.15,0.8408497189561526,0.9112227468023594,0.9322536858063074,0.9549633225577173,0.9595995069576988,0.9626202564506217,0.9752872754617175,0.9756386568637084,0.9749663188583259,0.9678337700236364,1.0,0.979144981408049
2,11,2.158898422718048,0.22374169040835706,3159,2.2732635498046876,0.20569620253164558,632,2.2740165794952008,0.1931,0.9731033308592523,0.08264896194035459,,,0.850331222643963,,0.8503820699443811,0.14961793005561885,0.9571950936002538,0.14631133063596938,10,0.025,0.15,0.8271680137641834,0.8999601894202777,0.9259492596565487,0.9438937431563676,0.9545707865567343,0.9573915866604065,0.9759455770935834,0.9734301761159398,0.9764164624253838,0.970514332137822,0.979144981408049,1.0
3,0,1.9186678409576416,0.30821037253469685,6845,2.2553316896611992,0.18991964937910885,1369,2.2537065608591975,0.2074,0.9257623292292704,0.07863272199189814,,,0.6,,0.6000148536911423,0.39998514630885773,0.9791130550814825,0.1455448564397452,10,0.025,0.15,1.0,0.9545046202944522,0.9355344819157091,0.9305474203065034,0.9070789453138784,0.9062368011536519,0.8859586012877226,0.8798213961271094,0.8683542919579004,0.8577329233234048,0.8529823185339767,0.8426344982987787
3,1,1.9682929748712583,0.2957466228550566,5478,2.2523712052239313,0.20437956204379562,1096,2.253005281279359,0.2107,0.9648819271763691,0.08270066239059756,,,0.8613139339266811,,0.8613572972883762,0.13864270271162382,0.9813267787782448,0.14603448996515556,10,0.025,0.15,0.9545046202944522,1.0,0.9602135437136756,0.9578672859781647,0.9469298523734918,0.9469220466422613,0.9281573812056266,0.9303445391131488,0.921027605808581,0.9095773787855869,0.9126393211714969,0.9056341279207015
3,2,2.0154662047561844,0.27064315352697094,4820,2.2514765858650208,0.21161825726141079,964,2.2529846475094177,0.211,0.9764211374120685,0.08400471045812749,,,0.945082597465773,,0.9451321153306597,0.05486788466934034,0.9813884148669706,0.14604611954153682,10,0.025,0.15,0.9355344819157091,0.9602135437136756,1.0,0.9691235213507127,0.9582234937854435,0.9570881532880228,0.950935754509754,0.9489201991523988,0.9425185448701342,0.927714128143814,0.929377675765526,0.9264174816200741
3,3,2.016885716574533,0.28168406718111666,4406,2.250861576625279,0.21452894438138478,881,2.2529847108865084,0.2109,0.9831706913204346,0.08485962361466046,,,0.9999999999357625,,1.0,0.0,0.9813782955301127,0.14604659753732976,10,0.025,0.15,0.9305474203065034,0.9578672859781647,0.9691235213507127,1.0,0.9646893274434104,0.9680671251015174,0.9580715574559575,0.9558498295298526,0.9547610412579528,0.9416856224921304,0.9468827448005959,0.9364610371998762
3,4,2.026154746792533,0.2700875486381323,4112,2.2557337624686107,0.20802919708029197,822,2.252985124346576,0.211,0.9826020967763658,0.08451724058224604,,,0.978006202499949,,0.97804954531201,0.02195045468798995,0.9813755237585068,0.1460465666388266,10,0.025,0.15,0.9070789453138784,0.9469298523734918,0.9582234937854435,0.9646893274434104,1.0,0.9649929559751698,0.9629992600020882,0.9629164938116397,0.9596054024953208,0.9494908164829308,0.9503124124384754,0.9489635794746897
3,5,2.029969468424397,0.278143481614811,3889,2.2548860822405135,0.2159383033419023,778,2.2529952345015127,0.2109,0.9839018975233217,0.08405907700771537,,,0.9485749635169989,,0.9486144806984536,0.051385519301546445,0.9813875911117187,0.14604619942765482,10,0.025,0.15,0.9062368011536519,0.9469220466422613,0.9570881532880228,0.9680671251015174,0.9649929559751698,1.0,0.9633674579749237,0.9627520822268696,0.9623702949583036,0.9506600560819055,0.9560557452197133,0.9531447304990649
3,6,2.0607796167505197,0.2600646725949879,3711,2.2529752254486084,0.2196765498652291,742,2.2529936681819867,0.2109,0.9829163292332422,0.08405962029172169,,,0.9486098626716122,,0.9486474889009919,0.05135251109900807,0.981385650721866,0.14604619985210376,10,0.025,0.15,0.8859586012877226,0.9281573812056266,0.950935754509754,0.9580715574559575,0.9629992600020882,0.9633674579749237,1.0,0.9679930829908421,0.9730800359642148,0.9566115128895412,0.9654808545608403,0.9665219968581981
3,7,2.0464757480791635,0.2593434343434343,3564,2.253571629524231,0.2005610098176718,713,2.2529884259912034,0.2109,0.9826347767338944,0.08424389195476985,,,0.9604469960764479,,0.9604809295109835,0.03951907048901648,0.9813848438796752,0.146046410690612,10,0.025,0.15,0.8798213961271094,0.9303445391131488,0.9489201991523988,0.9558498295298526,0.9629164938116397,0.9627520822268696,0.9679930829908421,1.0,0.9703167890076475,0.962246201641653,0.9664807538376163,0.9678260843676122
3,8,2.0568213559963087,0.26628886951467595,3441,2.2543447812398276,0.22529069767441862,688,2.253064578092551,0.2109,0.9806306580874254,0.08329803740508401,,,0.8996877545251517,,0.8997210806885511,0.10027891931144894,0.981304007502865,0.14604089307613138,10,0.025,0.15,0.8683542919579004,0.921027605808581,0.9425185448701342,0.9547610412579528,0.9596054024953208,0.9623702949583036,0.9730800359642148,0.9703167890076475,1.0,0.9638721610704839,0.9671387593107361,0.9688676784882055
3,9,2.0600519718947234,0.26136772645470907,3334,2.248811642328898,0.21739130434782608,667,2.252994392491594,0.2109,0.971063533307619,0.08342162234510196,,,0.9076265303391995,,0.9076760575002888,0.09232394249971121,0.9814056196574275,0.14604404164373957,10,0.025,0.15,0.8577329233234048,0.9095773787855869,0.927714128143814,0.9416856224921304,0.9494908164829308,0.9506600560819055,0.9566115128895412,0.962246201641653,0.9638721610704839,1.0,0.9571136913445782,0.9633022655495883
3,10,2.069503781428704,0.26976241900647946,3241,2.249040365219116,0.22530864197530864,648,2.253001937383338,0.2112,0.9741139325693816,0.08333656862172022,,,0.9021628998840676,,0.9021966958789259,0.09780330412107408,0.981364850146353,0.14604347674068338,10,0.025,0.15,0.8529823185339767,0.9126393211714969,0.929377675765526,0.9468827448005959,0.9503124124384754,0.9560557452197133,0.9654808545608403,0.9664807538376163,0.9671387593107361,0.9571136913445782,1.0,0.970831309063099
3,11,2.0813584499359132,0.25020576131687244,3159,2.251499366760254,0.21518987341772153,632,2.2530490808849093,0.2109,0.9720149209258613,0.08286622333635724,,,0.8719491394117256,,0.8719859385057187,0.1280140614942813,0.9813170114000664,0.14603670400441462,10,0.025,0.15,0.8426344982987787,0.9056341279207015,0.9264174816200741,0.9364610371998762,0.9489635794746897,0.9531447304990649,0.9665219968581981,0.9678260843676122,0.9688676784882055,0.9633022655495883,0.970831309063099,1.0
4,0,1.8704062808442998,0.3256975894813733,6845,2.2292507778514516,0.2089116143170197,1369,2.2272398683089243,0.2272,0.932162783460574,0.0791220645219993,,,0.6,,0.6000148536911423,0.39998514630885773,0.9850839879968145,0.1452585935946137,10,0.025,0.15,1.0,0.9518887409016218,0.9376582987855291,0.930382990191485,0.9074958188756896,0.9114726032113141,0.8980412243239141,0.8882824563722198,0.8768376322660402,0.8686325120242674,0.8581446473252636,0.8513260869814749
4,1,1.9133757419364397,0.3150237312887915,5478,2.224871688418918,0.2198905109489051,1096,2.2260917138449754,0.2299,0.9636478807415009,0.0826694364985168,,,0.8577840150137935,,0.8578254196167747,0.14217458038322528,0.9876405027894907,0.14581527182053639,10,0.025,0.15,0.9518887409016218,1.0,0.9549394835612689,0.9532881310926858,0.9430594779684641,0.9431208482607625,0.927328977515349,0.9275402368906224,0.9168529504458607,0.9113619452134655,0.9085829569950052,0.9054281696346393
4,2,1.9582016797442185,0.28860995850622406,4820,2.2256046533584595,0.22821576763485477,964,2.226056452038922,0.2294,0.97619399587364,0.08388660487991322,,,0.9462344381386438,,0.9462791503688667,0.05372084963113333,0.9878900248115664,0.1458335480833921,10,0.025,0.15,0.9376582987855291,0.9549394835612689,1.0,0.9649689752009962,0.9536097399848658,0.9543835458560448,0.9492079174136764,0.9491212088039596,0.9408265074665108,0.9307798761249984,0.9252008709544601,0.9267800922824107
4,3,1.9573093823024206,0.30381298229686793,4406,2.223196234021868,0.2383654937570942,881,2.22605656370332,0.2295,0.9826378589111043,0.08462647405752961,,,0.999999999927331,,1.0,0.0,0.9878988206925073,0.1458342012574087,10,0.025,0.15,0.930382990191485,0.9532881310926858,0.9649689752009962,1.0,0.9621160979629767,0.9637839011160019,0.9571041547048748,0.9556471279996465,0.9509439673535753,0.9449486536509322,0.9417596494515242,0.9366304188514089
4,4,1.969570686600425,0.2890077821011673,4112,2.229372569492885,0.22627737226277372,822,2.22605690171447,0.2294,0.980357168875112,0.08433994848659106,,,0.9791784699131114,,0.9792295885527553,0.020770411447244674,0.9878996822420972,0.14583416528371718,10,0.025,0.15,0.9074958188756896,0.9430594779684641,0.9536097399848658,0.9621160979629767,1.0,0.9598281435776549,0.9568094141851493,0.9593696342920758,0.9531895890111527,0.9469759795417297,0.9457700528242837,0.9456660538567501
4,5,1.9700989684750956,0.29876574955001284,3889,2.2297548907143727,0.2416452442159383,778,2.2260713637629643,0.2294,0.9810532536865472,0.08407876041845246,,,0.9601981911816535,,0.9602416200425806,0.039758379957419376,0.9878907094770152,0.14583394580027326,10,0.025,0.15,0.9114726032113141,0.9431208482607625,0.9543835458560448,0.9637839011160019,0.9598281435776549,1.0,0.9583630249031961,0.9561993820173349,0.954570539136449,0.9471025723283651,0.9462569058049867,0.9473695239405965
4,6,2.002085557888294,0.2794125572621935,3711,2.2264393965403237,0.24393530997304583,742,2.226069121421138,0.2294,0.9807397377229666,0.084068872752863,,,0.9594796642970648,,0.9595236916373718,0.040476308362628166,0.9878907940760605,0.1458339306815244,10,0.025,0.15,0.8980412243239141,0.927328977515349,0.9492079174136764,0.9571041547048748,0.9568094141851493,0.9583630249031961,1.0,0.9618480383061923,0.9663621423061527,0.9516392925244279,0.9533846428336615,0.9580315396457799
4,7,1.984676679117339,0.2813692480359147,3564,2.2261164585749307,0.20757363253856942,713,2.2260618360736704,0.2294,0.9807941610340608,0.08418482651418352,,,0.9679059095138125,,0.9679490353352809,0.03205096466471913,0.9878952667326582,0.14583406462313653,10,0.025,0.15,0.8882824563722198,0.9275402368906224,0.9491212088039596,0.9556471279996465,0.9593696342920758,0.9561993820173349,0.9618480383061923,1.0,0.9637366481956158,0.9572262106393356,0.9580911776792064,0.9610796928320547
4,8,1.995872711693799,0.28500435919790756,3441,2.2271776596705117,0.2441860465116279,688,2.226161989984633,0.23,0.9769490884765053,0.0834733590196357,,,0.9162042699591159,,0.9162416860589857,0.0837583139410143,0.9878243679561419,0.14583125851118856,10,0.025,0.15,0.8768376322660402,0.9168529504458607,0.9408265074665108,0.9509439673535753,0.9531895890111527,0.954570539136449,0.9663621423061527,0.9637366481956158,1.0,0.9575327122813171,0.9532908489476404,0.9590276833593799
4,9,1.9996388011508517,0.2850629874025195,3334,2.220443765322367,0.22938530734632684,667,2.2260698336589186,0.2294,0.9708660975772314,0.08335155823247502,,,0.9073531271542535,,0.9074037398293476,0.09259626017065237,0.9878568392323048,0.14583032179583738,10,0.025,0.15,0.8686325120242674,0.9113619452134655,0.9307798761249984,0.9449486536509322,0.9469759795417297,0.9471025723283651,0.9516392925244279,0.9572262106393356,0.9575327122813171,1.0,0.9494643848085192,0.956500431094935
4,10,2.0088199354135075,0.29117556309780934,3241,2.222752571105957,0.23919753086419754,648,2.2260845793953425,0.2297,0.9688614919754277,0.08323348335762175,,,0.8987727427137675,,0.8988051030681125,0.10119489693188755,0.9878077038852477,0.1458249968762051,10,0.025,0.15,0.8581446473252636,0.9085829569950052,0.9252008709544601,0.9417596494515242,0.9457700528242837,0.9462569058049867,0.9533846428336615,0.9580911776792064,0.9532908489476404,0.9494643848085192,1.0,0.9583820593673607
4,11,2.0220200176239014,0.2725546058879392,3159,2.2233951091766357,0.24208860759493672,632,2.226145647749116,0.23,0.9695534076260491,0.0829646112602184,,,0.8792340731711785,,0.8792807512666898,0.12071924873331019,0.9877236043590778,0.14582180746873358,10,0.025,0.15,0.8513260869814749,0.9054281696346393,0.9267800922824107,0.9366304188514089,0.9456660538567501,0.9473695239405965,0.9580315396457799,0.9610796928320547,0.9590276833593799,0.956500431094935,0.9583820593673607,1.0
5,0,1.8247119223629986,0.34325785244704166,6845,2.1979186968369917,0.2352081811541271,1369,2.195343925983091,0.2469,0.9390707528995564,0.07969324849853747,,,0.6,,0.6000148536911423,0.39998514630885773,0.9885378049069636,0.1449843251092126,10,0.025,0.15,1.0,0.9497039801128119,0.9388161036122378,0.9351422111460813,0.9105099888771627,0.9141202833378272,0.9047694205079971,0.8926203655053518,0.8820213465196005,0.8805247294483713,0.870733192419133,0.8650396280363201
5,1,1.8675791075063306,0.3305403431909456,5478,2.1916135946909585,0.24087591240875914,1096,2.193575364124926,0.2515,0.963084498672522,0.08267600874765149,,,0.8509325631297224,,0.8509762175900711,0.14902378240992886,0.9915142785724551,0.14559643580667747,10,0.025,0.15,0.9497039801128119,1.0,0.9500003087929784,0.9486642567411714,0.9382199075588709,0.9379771942348023,0.925986115250642,0.9247007560508752,0.9143441615877246,0.9119636556042227,0.9100444806207998,0.9088366175965258
5,2,1.912247917212938,0.3074066390041494,4820,2.1944148242473602,0.254149377593361,964,2.1935229542889174,0.2522,0.975060031039331,0.0838213504189047,,,0.9472874482775371,,0.9473271607994587,0.05267283920054133,0.991629914100726,0.14561838000232089,10,0.025,0.15,0.9388161036122378,0.9500003087929784,1.0,0.961665937124427,0.9486391289387182,0.9493106753807805,0.9471334263370598,0.9459845370734863,0.9349633250698458,0.9271711406821301,0.9255792297509877,0.9286415341308372
5,3,1.9092760750225612,0.31976849750340447,4406,2.1899186202457974,0.25198637911464244,881,2.1935221756560894,0.2522,0.9802055060867413,0.08444792873817575,,,0.9999999999158723,,1.0,0.0,0.991643060914253,0.1456190877356756,10,0.025,0.15,0.9351422111460813,0.9486642567411714,0.961665937124427,1.0,0.9543249873099215,0.9549715712793574,0.9559279423691072,0.9524854561622489,0.9441194546859791,0.9365552003045233,0.9380759231749389,0.9351410339597935
5,4,1.9220274011294047,0.30286964980544745,4112,2.197180816105434,0.24939172749391728,822,2.1935230206839647,0.2522,0.9784134294196927,0.08421182175560919,,,0.980136878055559,,0.9801785743757324,0.019821425624267586,0.9916422266917979,0.14561904030170744,10,0.025,0.15,0.9105099888771627,0.9382199075588709,0.9486391289387182,0.9543249873099215,1.0,0.9536326790167641,0.9516077887840273,0.9534413821391328,0.9513652234113706,0.9432353444263418,0.9433121960492606,0.9469090805806473
5,5,1.918751722381961,0.31686808948315764,3889,2.1989761080060686,0.2699228791773779,778,2.193542302409305,0.2522,0.9775515325209049,0.08402177391127544,,,0.9641486025278451,,0.9641778481952765,0.03582215180472348,0.9916371565930324,0.14561882318715805,10,0.025,0.15,0.9141202833378272,0.9379771942348023,0.9493106753807805,0.9549715712793574,0.9536326790167641,1.0,0.95219432871617,0.948177468945859,0.9480727940301699,0.9404354988650986,0.9422067976585919,0.9444114525598063
5,6,1.952332525828789,0.29932632713554297,3711,2.194223721822103,0.2641509433962264,742,2.193538303616681,0.2522,0.9781460820548723,0.08403504368408377,,,0.9652649571205186,,0.9653001270815798,0.03469987291842025,0.9916396326827743,0.14561885144978573,10,0.025,0.15,0.9047694205079971,0.925986115250642,0.9471334263370598,0.9559279423691072,0.9516077887840273,0.95219432871617,1.0,0.9550743003662203,0.9560795188596141,0.9436049417342187,0.947113038634295,0.9523642591423912
5,7,1.9342899918556213,0.299354657687991,3564,2.1931057373682656,0.23422159887798036,713,2.1935296390630024,0.2522,0.9775304788321995,0.08408684314563009,,,0.9696227232730006,,0.969665461867274,0.03033453813272602,0.9916414480531822,0.1456189214051365,10,0.025,0.15,0.8926203655053518,0.9247007560508752,0.9459845370734863,0.9524854561622489,0.9534413821391328,0.948177468945859,0.9550743003662203,1.0,0.9563284806623848,0.9461689604752707,0.95285148866327,0.9562616651277583
5,8,1.9446360398221898,0.3003487358326068,3441,2.194441000620524,0.25872093023255816,688,2.1936541116690336,0.2519,0.973552132344158,0.08351595506945529,,,0.9215952600341135,,0.9216385271740027,0.07836147282599726,0.9916000659252171,0.14561665721584724,10,0.025,0.15,0.8820213465196005,0.9143441615877246,0.9349633250698458,0.9441194546859791,0.9513652234113706,0.9480727940301699,0.9560795188596141,0.9563284806623848,1.0,0.9478818545124227,0.9480754203648504,0.9544582031532701
5,9,1.9546905208517005,0.2988902219556089,3334,2.1861360470453897,0.2563718140929535,667,2.193550049504147,0.2521,0.967273708722205,0.0832355840855444,,,0.8980083124606845,,0.8980376623590962,0.10196233764090379,0.9915518881760638,0.14560911747932775,10,0.025,0.15,0.8805247294483713,0.9119636556042227,0.9271711406821301,0.9365552003045233,0.9432353444263418,0.9404354988650986,0.9436049417342187,0.9461689604752707,0.9478818545124227,1.0,0.9420563783426394,0.9454554978867313
5,10,1.957362176821782,0.30888614625115707,3241,2.1913342078526816,0.26080246913580246,648,2.1935688815539396,0.2521,0.9679886847483375,0.08318571208498163,,,0.8938126990407517,,0.8938538726873628,0.10614612731263717,0.9915272682008589,0.1456084411724507,10,0.025,0.15,0.870733192419133,0.9100444806207998,0.9255792297509877,0.9380759231749389,0.9433121960492606,0.9422067976585919,0.947113038634295,0.95285148866327,0.9480754203648504,0.9420563783426394,1.0,0.9528093490116469
5,11,1.9733296675682068,0.2908198797087686,3159,2.1895712852478026,0.27056962025316456,632,2.193645664408237,0.2516,0.9695120548611302,0.08306872986015063,,,0.8839712612228177,,0.8840174283309402,0.11598257166905979,0.9914979653442021,0.14560663079912706,10,0.025,0.15,0.8650396280363201,0.9088366175965258,0.9286415341308372,0.9351410339597935,0.9469090805806473,0.9444114525598063,0.9523642591423912,0.9562616651277583,0.9544582031532701,0.9454554978867313,0.9528093490116469,1.0
6,0,1.7877233375001838,0.3531336742147553,6845,2.162168025970459,0.25858290723155586,1369,2.1589191895496995,0.275,0.9388866057564604,0.08011018779177387,,,0.6,,0.6000148536911423,0.39998514630885773,0.9911788321215851,0.14461881889454975,10,0.025,0.15,1.0,0.9422730703163252,0.9363828858554057,0.9278350771894612,0.9069699374323198,0.9109323422572917,0.9039543490027283,0.8882731785783982,0.8815972819968952,0.8786135452599381,0.8731148496466025,0.8664294772400484
6,1,1.8255227380020673,0.345271997079226,5478,2.153575340906779,0.2718978102189781,1096,2.1564132110982,0.2772,0.9630553134693963,0.08275023912356472,,,0.8477973602182717,,0.8478404383489297,0.15215956165107025,0.9931974264173751,0.14525784717741375,10,0.025,0.15,0.9422730703163252,1.0,0.9455038362894514,0.946391822904916,0.9326793594229328,0.9360653339482209,0.9240632452010088,0.9214083019244684,0.9148001019164141,0.9083868145394395,0.9119519051440587,0.9106160499982913
6,2,1.8697846767149473,0.3197095435684647,4820,2.1589407920837402,0.28112033195020747,964,2.156350253503534,0.2774,0.9737921156510932,0.08381154467883335,,,0.9474123608107637,,0.9474426895083429,0.05255731049165713,0.9934385040180223,0.14528405245770873,10,0.025,0.15,0.9363828858554057,0.9455038362894514,1.0,0.9546868729278634,0.945347356412019,0.9452299204707303,0.9430894979879286,0.9407126642143402,0.9326609836269787,0.9216088445789163,0.9242276683227956,0.9278726527063884
6,3,1.8687493804522923,0.33184294144348614,4406,2.1519724300929477,0.28944381384790013,881,2.1563470363616943,0.2774,0.9790432641359748,0.08437181726005533,,,0.9999999999061391,,1.0,0.0,0.9934485734637527,0.1452849811700479,10,0.025,0.15,0.9278350771894612,0.946391822904916,0.9546868729278634,1.0,0.947359331589785,0.9547603146862669,0.9512328063669023,0.9468931508827284,0.9428891850431237,0.933295067564604,0.9376361759177423,0.9344809677184557
6,4,1.8798336032665137,0.3162694552529183,4112,2.1601386751447404,0.2725060827250608,822,2.1563482495802866,0.2774,0.9732178961110212,0.0840350750648939,,,0.9683931042256277,,0.9684359063227213,0.03156409367727875,0.9934491095384639,0.14528472736407158,10,0.025,0.15,0.9069699374323198,0.9326793594229328,0.945347356412019,0.947359331589785,1.0,0.9446671193905899,0.9431344262294603,0.9452353643195365,0.9406764021860448,0.9322298142791708,0.9344514154849403,0.9363579212010861
6,5,1.8734172082716418,0.33239907431216253,3889,2.1633680207388744,0.2930591259640103,778,2.1563701720177373,0.2774,0.9758572296581929,0.08400334606175199,,,0.9654149942448687,,0.9654486639930022,0.03455133600699778,0.9934484510198363,0.14528465773788582,10,0.025,0.15,0.9109323422572917,0.9360653339482209,0.9452299204707303,0.9547603146862669,0.9446671193905899,1.0,0.9485130740917224,0.9430080416574506,0.9424062951027407,0.9309367728775753,0.940672696772732,0.9428217399746209
6,6,1.90790184242972,0.3158717326866074,3711,2.157527446746826,0.28706199460916443,742,2.1563652919817575,0.2774,0.9755744744579569,0.08400234578535341,,,0.9653211074904446,,0.9653578914360218,0.0346421085639782,0.9934467619300159,0.14528465747101282,10,0.025,0.15,0.9039543490027283,0.9240632452010088,0.9430894979879286,0.9512328063669023,0.9431344262294603,0.9485130740917224,1.0,0.9474530087560487,0.9504634843961896,0.932909130135649,0.9423642420272514,0.9491858469297759
6,7,1.8911643824407032,0.3111111111111111,3564,2.1553898652394614,0.25666199158485276,713,2.1563567783259137,0.2774,0.9741169341936827,0.0839868874505,,,0.9638701756377488,,0.9638972784737008,0.03610272152629923,0.9934455015204536,0.14528461684944605,10,0.025,0.15,0.8882731785783982,0.9214083019244684,0.9407126642143402,0.9468931508827284,0.9452353643195365,0.9430080416574506,0.9474530087560487,1.0,0.9485783682985641,0.9374612692513187,0.9491790749512167,0.9506027547391805
6,8,1.8996703576158593,0.3156059285091543,3441,2.156980593999227,0.26744186046511625,688,2.156499008589153,0.277,0.9704234501316678,0.08351203907135508,,,0.9193005214650718,,0.9193527091482233,0.08064729085177669,0.9934213830532305,0.1452816779424648,10,0.025,0.15,0.8815972819968952,0.9148001019164141,0.9326609836269787,0.9428891850431237,0.9406764021860448,0.9424062951027407,0.9504634843961896,0.9485783682985641,1.0,0.9364356401886592,0.9397660218807697,0.9457062903902828
6,9,1.9104253071325796,0.3172165566886623,3334,2.1470138231913247,0.2638680659670165,667,2.15638679190527,0.2771,0.9622467423785178,0.08307104325283239,,,0.8779082961013731,,0.8779604231651565,0.12203957683484346,0.9933089254382743,0.14526984387013145,10,0.025,0.15,0.8786135452599381,0.9083868145394395,0.9216088445789163,0.933295067564604,0.9322298142791708,0.9309367728775753,0.932909130135649,0.9374612692513187,0.9364356401886592,1.0,0.9319137391036324,0.9377722104331694
