round,client_id,client_i_training_loss,client_i_training_accuracy,client_i_training_dataset_size,client_i_evaluation_loss,client_i_evaluation_accuracy,client_i_evaluation_dataset_size,client_i_central_evaluation_loss,client_i_central_evaluation_accuracy,client_i_cosine_similarity,client_i_importance_coefficient,client_i_tanh_val,tanh_normalization_value,client_i_q,client_i_mask_order,client_i_v_nonzero_fraction,client_i_v_sparsity,client_i_v_cosine_similarity,client_i_reward_gradient_norm,local_epochs,learning_rate,gamma,client_0_cosine_similarity,client_1_cosine_similarity,client_2_cosine_similarity,client_3_cosine_similarity,client_4_cosine_similarity,client_5_cosine_similarity,client_6_cosine_similarity,client_7_cosine_similarity,client_8_cosine_similarity,client_9_cosine_similarity,client_10_cosine_similarity,client_11_cosine_similarity
0,0,2.224235056285505,0.20322863403944486,6845,2.2983454140749844,0.13878743608473337,1369,2.298047219650655,0.1333,0.8795797477456645,0.07797420130634546,,,0.75,,0.7500041260253173,0.2499958739746827,0,0.14062344135455151,10,0.025,0.15,1.0,0.9157554206963318,0.8792274481060606,0.8497875482940643,0.8145934770443397,0.812665671923773,0.7673018068289181,0.7590663006191857,0.7354163047630251,0.697657041429099,0.7222220678280963,0.6833487892215234
0,1,2.271296544962151,0.1651332603139832,5478,2.297707955042521,0.14507299270072993,1096,2.2980328481408616,0.1334,0.9420748630294619,0.08351435467196289,,,0.8842470408812155,,0.8842979980525161,0.11570200194748392,0,0.14072467679308137,10,0.025,0.15,0.9157554206963318,1.0,0.945075952390081,0.9330675830539277,0.8686298753082411,0.8836141597008635,0.8648140045753475,0.8388058390754841,0.8341893337015948,0.8020040950085248,0.7891966197703006,0.7826098215832599
0,2,2.285543878454911,0.15056016597510374,4820,2.2974165081977844,0.13796680497925312,964,2.298032555399062,0.1334,0.9652765111777247,0.08557116644825537,,,0.934086977863922,,0.9341238797841264,0.06587612021587363,0,0.14073159231406274,10,0.025,0.15,0.8792274481060606,0.945075952390081,1.0,0.9593139083729486,0.8951820492451358,0.9304883770268642,0.9037629097929684,0.8775721954429238,0.8782057749092742,0.849808345756147,0.8416716916606972,0.8471444398382985
0,3,2.2889055258887154,0.13424875170222425,4406,2.299656765801566,0.11464245175936436,881,2.298033002056653,0.1333,0.972684392534852,0.08622787055459091,,,0.9499999999757682,,0.9500173293063326,0.04998267069366735,0,0.1407336658612491,10,0.025,0.15,0.8497875482940643,0.9330675830539277,0.9593139083729486,1.0,0.9212807630483859,0.9336512332535918,0.9145152786480398,0.9056188319305575,0.9084259645098558,0.8764372122483667,0.8762294215656815,0.8684828390095893
0,4,2.2913069782835063,0.13304961089494163,4112,2.2999462400163924,0.12773722627737227,822,2.2980325765247587,0.1334,0.9570917506925479,0.08484559248710961,,,0.9165051257388908,,0.9165387598818306,0.08346124011816936,0,0.14073033490856607,10,0.025,0.15,0.8145934770443397,0.8686298753082411,0.8951820492451358,0.9212807630483859,1.0,0.93932696270038,0.9337770382181153,0.9428401683748642,0.8825473462366731,0.8697354899742769,0.8918590166748807,0.877727839386982
0,5,2.292259417810748,0.13985600411416815,3889,2.302435806819371,0.12082262210796915,778,2.2980329869668696,0.1333,0.9670907554795175,0.08573199808491987,,,0.937984193315806,,0.938027099734284,0.061972900265716,0,0.14073316421214374,10,0.025,0.15,0.812665671923773,0.8836141597008635,0.9304883770268642,0.9336512332535918,0.93932696270038,1.0,0.9406264051815507,0.9317473980468977,0.8872693648475556,0.8714102446315803,0.9114723400846398,0.9150012674918923
0,6,2.293099488883183,0.15675020210185933,3711,2.297209541002909,0.12668463611859837,742,2.2980326549916326,0.1334,0.9600661417744354,0.08510927041918719,,,0.9228944763201896,,0.9229340991236322,0.07706590087636778,0,0.14073086695206244,10,0.025,0.15,0.7673018068289181,0.8648140045753475,0.9037629097929684,0.9145152786480398,0.9337770382181153,0.9406264051815507,1.0,0.9603760174030057,0.9211758873239608,0.9157708813367476,0.9130348829841725,0.9019656042854088
0,7,2.2948788949421473,0.1505331088664422,3564,2.296767274538676,0.1388499298737728,713,2.2980326881891564,0.1334,0.9530495410312968,0.08448725309758108,,,0.9078219721327224,,0.9078658546648842,0.09213414533511577,0,0.14072951437157344,10,0.025,0.15,0.7590663006191857,0.8388058390754841,0.8775721954429238,0.9056188319305575,0.9428401683748642,0.9317473980468977,0.9603760174030057,1.0,0.9294632156475945,0.9012891077585028,0.928823492310861,0.9041197941531514
0,8,2.2954053631535283,0.13321708805579774,3441,2.294172724088033,0.14970930232558138,688,2.2980333642114568,0.1335,0.936615732939008,0.08303040616164128,,,0.8725201713954811,,0.8725553299995049,0.12744467000049509,0,0.14071886075795995,10,0.025,0.15,0.7354163047630251,0.8341893337015948,0.8782057749092742,0.9084259645098558,0.8825473462366731,0.8872693648475556,0.9211758873239608,0.9294632156475945,1.0,0.9305230958524487,0.8939145132982087,0.901441221157517
0,9,2.2966104286688345,0.14811037792441512,3334,2.2925331592559814,0.13493253373313344,667,2.2980350904826876,0.1335,0.9140001562227403,0.08102554925576892,,,0.8239391864945985,,0.8239920120149857,0.17600798798501427,0,0.14070316757092133,10,0.025,0.15,0.697657041429099,0.8020040950085248,0.849808345756147,0.8764372122483667,0.8697354899742769,0.8714102446315803,0.9157708813367476,0.9012891077585028,0.9305230958524487,1.0,0.8745737713243049,0.8877051732659016
0,10,2.2967819177187407,0.133168775069423,3241,2.3008600076039634,0.12037037037037036,648,2.2980343027959895,0.1335,0.9209211807471026,0.08163909380461956,,,0.8388063814432386,,0.8388457031572346,0.1611542968427654,0,0.1407090210437381,10,0.025,0.15,0.7222220678280963,0.7891966197703006,0.8416716916606972,0.8762294215656815,0.8918590166748807,0.9114723400846398,0.9130348829841725,0.928823492310861,0.8939145132982087,0.8745737713243049,1.0,0.9097701742289674
0,11,2.2976254873275757,0.12867996201329535,3159,2.295866823196411,0.14082278481012658,632,2.2980355703378024,0.1335,0.9119436777334825,0.0808432437080178,,,0.81952162280878,,0.8195689128748495,0.18043108712515055,0,0.14070126289940157,10,0.025,0.15,0.6833487892215234,0.7826098215832599,0.8471444398382985,0.8684828390095893,0.877727839386982,0.9150012674918923,0.9019656042854088,0.9041197941531514,0.901441221157517,0.8877051732659016,0.9097701742289674,1.0
1,0,2.0762446262218335,0.263345507669832,6845,2.287964777512984,0.168736303871439,1369,2.287493322469011,0.1694,0.8976728661750829,0.07757160168963434,,,0.75,,0.7500041260253173,0.2499958739746827,0.8640910688258056,0.14583543515771688,10,0.025,0.15,1.0,0.9494942390093077,0.9206843846100516,0.8990681242480497,0.8937090299856761,0.8720541398779482,0.850267916473082,0.8380331709258848,0.8314399770506821,0.8165718471587623,0.8101012799647997,0.8024173190367461
1,1,2.128716822834902,0.23032128514056224,5478,2.286623371971978,0.18065693430656934,1096,2.2874420685104178,0.1701,0.9592880377534804,0.0830125459391349,,,0.885810808433204,,0.8858493835718176,0.11415061642818236,0.8652828973323561,0.14595318736848262,10,0.025,0.15,0.9494942390093077,1.0,0.9717989965625772,0.9563877734447561,0.9561743661438663,0.9438839198023408,0.9249679568316002,0.9118603489814978,0.9090611456835486,0.898927941754251,0.8892899905472794,0.8856238125722531
1,2,2.1641345224882427,0.22778008298755187,4820,2.2867120504379272,0.16597510373443983,964,2.287435302251502,0.1708,0.9780793297676624,0.08489938049358443,,,0.9329078773368262,,0.932943836543381,0.06705616345661902,0.8657727012630502,0.1459608075614056,10,0.025,0.15,0.9206843846100516,0.9717989965625772,1.0,0.973773600232066,0.9727595439094401,0.9665344371369531,0.9498784426223255,0.9413533641951108,0.9432432348760454,0.9314531665556083,0.925550601245533,0.9175457950235955
1,3,2.17397236926215,0.22262823422605538,4406,2.289184774671282,0.14869466515323496,881,2.287436189530771,0.1706,0.9866039672446654,0.08558413664409274,,,0.949999999975039,,0.9500173293063326,0.04998267069366735,0.8657971112419304,0.14596741283158612,10,0.025,0.15,0.8990681242480497,0.9563877734447561,0.973773600232066,1.0,0.9784385714192761,0.9764423222505422,0.9671504377171263,0.9601052186500221,0.9626933512900595,0.9535469358544297,0.9453869960204354,0.9403149454890702
1,4,2.181072187784946,0.21656128404669261,4112,2.28884186063494,0.18369829683698297,822,2.2874351936050608,0.1708,0.9882473092122707,0.0847814205313278,,,0.9299634917481862,,0.9300061065174696,0.06999389348253038,0.8657682206498962,0.14596063716441307,10,0.025,0.15,0.8937090299856761,0.9561743661438663,0.9727595439094401,0.9784385714192761,1.0,0.9814609708759102,0.9701670917980413,0.9657008272168195,0.9627186446696734,0.9570128069461401,0.9503027176514682,0.9441178300373646
1,5,2.1867420877179793,0.22129082026227823,3889,2.29220826285226,0.15424164524421594,778,2.2874365547035316,0.1706,0.9889856930578541,0.08535460718073141,,,0.9442707403927151,,0.9443234143684706,0.05567658563152944,0.8657699385944254,0.14596726340348,10,0.025,0.15,0.8720541398779482,0.9438839198023408,0.9665344371369531,0.9764423222505422,0.9814609708759102,1.0,0.9793912463931777,0.97095270708691,0.9683219028577889,0.9628385510790524,0.9607388905209407,0.9577716996389893
1,6,2.2055222346864896,0.2199137698733495,3711,2.2866024176279702,0.16576819407008087,742,2.287435492382774,0.1708,0.9871431429733739,0.08490876364304921,,,0.9331420890942024,,0.9331748939611494,0.06682510603885061,0.8657705812655883,0.14596081046127546,10,0.025,0.15,0.850267916473082,0.9249679568316002,0.9498784426223255,0.9671504377171263,0.9701670917980413,0.9793912463931777,1.0,0.9829768488391543,0.9778007820563349,0.97585245392759,0.971183511184506,0.9698072101878726
1,7,2.2185939861195427,0.21262626262626264,3564,2.285982131958008,0.18653576437587657,713,2.287435244910325,0.1708,0.9843562224273706,0.08443256960665972,,,0.9212558623498164,,0.9213001930979848,0.07869980690201517,0.8657625653182283,0.14596007417628754,10,0.025,0.15,0.8380331709258848,0.9118603489814978,0.9413533641951108,0.9601052186500221,0.9657008272168195,0.97095270708691,0.9829768488391543,1.0,0.9847618628778605,0.9810759680093314,0.9789425117201773,0.971687215050911
1,8,2.2128061219497965,0.1943330427201395,3441,2.2852708101272583,0.17732558139534885,688,2.287443314926534,0.17,0.9828379539232595,0.0834805773184075,,,0.8974932879949001,,0.8975177831691176,0.10248221683088243,0.8652266271045507,0.14595517483505038,10,0.025,0.15,0.8314399770506821,0.9090611456835486,0.9432432348760454,0.9626933512900595,0.9627186446696734,0.9683219028577889,0.9778007820563349,0.9847618628778605,1.0,0.9846335029568487,0.9758140153449893,0.9691389009636906
1,9,2.2197945674260455,0.18128374325134974,3334,2.2820629278818765,0.17391304347826086,667,2.2874486778355854,0.1697,0.9766232804723151,0.08203597978826854,,,0.8614348486078783,,0.8614728259972603,0.13852717400273973,0.8651081337310251,0.1459390421919386,10,0.025,0.15,0.8165718471587623,0.898927941754251,0.9314531665556083,0.9535469358544297,0.9570128069461401,0.9628385510790524,0.97585245392759,0.9810759680093314,0.9846335029568487,1.0,0.968657493792282,0.9666903891521236
1,10,2.2400417474599985,0.20382597963591484,3241,2.2897466023763022,0.14969135802469136,648,2.287446565265897,0.1698,0.972672575598864,0.08228724949164581,,,0.8677067639199257,,0.8677361324289086,0.13226386757109143,0.8651599581422068,0.14594078958896142,10,0.025,0.15,0.8101012799647997,0.8892899905472794,0.925550601245533,0.9453869960204354,0.9503027176514682,0.9607388905209407,0.971183511184506,0.9789425117201773,0.9758140153449893,0.968657493792282,1.0,0.9755179479785091
1,11,2.2443304214477537,0.20823045267489712,3159,2.2861437797546387,0.19462025316455697,632,2.2874499604671814,0.1696,0.9682845924040373,0.0816511676734634,,,0.8518295959145846,,0.8518756911092407,0.14812430889075934,0.8650973983224327,0.14593635446343736,10,0.025,0.15,0.8024173190367461,0.8856238125722531,0.9175457950235955,0.9403149454890702,0.9441178300373646,0.9577716996389893,0.9698072101878726,0.971687215050911,0.9691389009636906,0.9666903891521236,0.9755179479785091,1.0
2,0,1.992568584283193,0.2889408327246165,6845,2.272089893167669,0.22279035792549307,1369,2.2717579316489305,0.2109,0.9134911199630694,0.07778019995100849,,,0.75,,0.7500041260253173,0.2499958739746827,0.9623996200453899,0.1461140954941798,10,0.025,0.15,1.0,0.953010301790096,0.9319598372698378,0.9070701292957198,0.9016968184031676,0.8798300004374908,0.8782066733759778,0.8704375079216008,0.8548858483999936,0.8429148687864066,0.838025793314977,0.8335312858174959
2,1,2.0377927261729574,0.2707192405987587,5478,2.270183112886217,0.21806569343065693,1096,2.271668437161023,0.2112,0.9596785808513631,0.08265305867781535,,,0.884845349990352,,0.8849003977488406,0.11509960225115945,0.9631831351603981,0.1462249775726028,10,0.025,0.15,0.953010301790096,1.0,0.9633037621372731,0.9463509805433525,0.950735667754897,0.9367100625511929,0.9345936277673125,0.9236334959414608,0.9124610591600226,0.9064638509635702,0.8975506961120295,0.9013885832496259
2,2,2.068547350481937,0.26819502074688795,4820,2.2706953585147858,0.20643153526970953,964,2.271663122539279,0.211,0.9798681447757123,0.08447882971880796,,,0.9353694363281123,,0.9354029476324867,0.06459705236751334,0.9631528074642358,0.14623190595890045,10,0.025,0.15,0.9319598372698378,0.9633037621372731,1.0,0.9650203732308429,0.969159832502709,0.9613948449091176,0.9615932941386272,0.9514948889410465,0.9500464438383691,0.9374200054749001,0.9328978494750668,0.9350596526506844
2,3,2.0804689495904105,0.261802088061734,4406,2.2733870233808244,0.20317820658342792,881,2.27166099186185,0.2112,0.9830854500431199,0.08500752922336571,,,0.9499999999723272,,0.9500173293063326,0.04998267069366735,0.9633067448746276,0.14623654486936685,10,0.025,0.15,0.9070701292957198,0.9463509805433525,0.9650203732308429,1.0,0.9698329542836182,0.9681475972533587,0.9659429249453928,0.960989665171487,0.9588591472193708,0.9536292921645126,0.9473585384602122,0.9520939703218708
2,4,2.0736985636479925,0.25668774319066145,4112,2.2721668652125766,0.2384428223844282,822,2.2716600532773175,0.2112,0.9871959432371216,0.08464455042702397,,,0.9399553823103141,,0.9399910877853147,0.060008912214685295,0.9632475890652981,0.1462360847179828,10,0.025,0.15,0.9016968184031676,0.950735667754897,0.969159832502709,0.9698329542836182,1.0,0.9742091809458288,0.9733603480691423,0.9678413680978156,0.9649133505244284,0.9593885205023992,0.9546549898223026,0.9573482446241164
2,5,2.082310701185657,0.2608896888660324,3889,2.2770378589630127,0.18251928020565553,778,2.271661296675477,0.2112,0.985290512608247,0.08493728657469603,,,0.9480561934564506,,0.9481028535591094,0.05189714644089061,0.9632974526929814,0.14623647462402833,10,0.025,0.15,0.8798300004374908,0.9367100625511929,0.9613948449091176,0.9681475972533587,0.9742091809458288,1.0,0.9771269232238495,0.9695163374276393,0.9652569284888611,0.9630104938733988,0.9585671418573674,0.965708703242349
2,6,2.1065569154147443,0.2571274589059553,3711,2.2706791957219443,0.20619946091644206,742,2.2716607323175744,0.2112,0.9880613449239618,0.08475157354105536,,,0.9429170050614989,,0.9429783301150336,0.057021669884966375,0.9632460942988983,0.14623624862115314,10,0.025,0.15,0.8782066733759778,0.9345936277673125,0.9615932941386272,0.9659429249453928,0.9733603480691423,0.9771269232238495,1.0,0.9772096353227194,0.9716715419426047,0.9719678537530035,0.9662468592521497,0.9743443406169325
2,7,2.124317357795579,0.23902918069584736,3564,2.2700437704722085,0.211781206171108,713,2.271662672863731,0.211,0.9857210420583522,0.08438055147519428,,,0.9326498080976409,,0.932688022973709,0.06731197702629099,0.9631535331446296,0.14623174120627727,10,0.025,0.15,0.8704375079216008,0.9236334959414608,0.9514948889410465,0.960989665171487,0.9678413680978156,0.9695163374276393,0.9772096353227194,1.0,0.979452687250448,0.9750925526882261,0.974394071298755,0.9751306433142116
2,8,2.106435744409208,0.24074396977622783,3441,2.2716519435246787,0.20784883720930233,688,2.271672638156746,0.2111,0.9821747392583965,0.08367570806848254,,,0.9131448601409987,,0.91318842732419,0.08681157267580997,0.9632018180628177,0.14622992893652892,10,0.025,0.15,0.8548858483999936,0.9124610591600226,0.9500464438383691,0.9588591472193708,0.9649133505244284,0.9652569284888611,0.9716715419426047,0.979452687250448,1.0,0.9767005287333659,0.975151694542389,0.9737727781479584
2,9,2.123404516997161,0.2330233953209358,3334,2.266608397165934,0.19640179910044978,667,2.2716798390014263,0.2114,0.9779078953451805,0.08264245572627482,,,0.8845519372748247,,0.8846033239259956,0.11539667607400439,0.9630877797996878,0.14622496564923568,10,0.025,0.15,0.8429148687864066,0.9064638509635702,0.9374200054749001,0.9536292921645126,0.9593885205023992,0.9630104938733988,0.9719678537530035,0.9750925526882261,0.9767005287333659,1.0,0.9693844455154381,0.977417140899509
2,10,2.1376181148565734,0.23859919777846345,3241,2.274044394493103,0.19598765432098766,648,2.2716766520391536,0.2113,0.9741729024349668,0.082676310753698,,,0.8854887986282427,,0.8855275535970689,0.11447244640293108,0.9631103203609988,0.1462251578856958,10,0.025,0.15,0.838025793314977,0.8975506961120295,0.9328978494750668,0.9473585384602122,0.9546549898223026,0.9585671418573674,0.9662468592521497,0.974394071298755,0.975151694542389,0.9693844455154381,1.0,0.9755234901130644
2,11,2.1514318799972534,0.24412788857233303,3159,2.2717740535736084,0.23575949367088608,632,2.271682971640478,0.2114,0.9769164136883252,0.08237194586257746,,,0.8770661882943661,,0.8771104619497945,0.12288953805020553,0.9630407665815001,0.14622320511992898,10,0.025,0.15,0.8335312858174959,0.9013885832496259,0.9350596526506844,0.9520939703218708,0.9573482446241164,0.965708703242349,0.9743443406169325,0.9751306433142116,0.9737727781479584,0.977417140899509,0.9755234901130644,1.0
3,0,1.9311466378194315,0.31050401753104456,6845,2.2500368681820957,0.25712198685171656,1369,2.250209379799758,0.2522,0.9193530319196722,0.07816803866495789,,,0.75,,0.7500041260253173,0.2499958739746827,0.980328753381269,0.14576850728489582,10,0.025,0.15,1.0,0.952378113936245,0.934530515956073,0.9140533712621522,0.9011615822874283,0.877569890665851,0.88639824088588,0.8795538523831534,0.8562599354145202,0.8458975700354273,0.8505266016100472,0.8378605804987229
3,1,1.9688600839570511,0.29731653888280396,5478,2.2477390236324735,0.2545620437956204,1096,2.250058512144451,0.2524,0.9592840012032661,0.0824891466428657,,,0.8826163141264703,,0.8826640920268687,0.11733590797313131,0.9810043233491079,0.14588477918634593,10,0.025,0.15,0.952378113936245,1.0,0.9589619702210304,0.9457739869388592,0.9438149306277488,0.9292421935566686,0.932768248022795,0.9263607469082367,0.9076025426318859,0.900130510624766,0.9017455855589864,0.8980056642686336
3,2,1.999766240621868,0.2903319502074689,4820,2.2485458850860596,0.24481327800829875,964,2.2500503666793246,0.252,0.9769112508640335,0.08419511566666131,,,0.9349730997255301,,0.9350068492020267,0.0649931507979733,0.9811113263830339,0.1458924879848842,10,0.025,0.15,0.934530515956073,0.9589619702210304,1.0,0.9592274531217867,0.9625378691690453,0.9501011146897607,0.9579610384001974,0.9483363531754043,0.9414656728195151,0.9275487898672159,0.9317691198753404,0.9269824603212334
3,3,2.014844062668937,0.283250113481616,4406,2.2517757075173512,0.2474460839954597,881,2.2500423026990286,0.2523,0.9818814128104351,0.08468474515873645,,,0.9499999999693096,,0.9500173293063326,0.04998267069366735,0.9810698699613203,0.14589443099875565,10,0.025,0.15,0.9140533712621522,0.9457739869388592,0.9592274531217867,1.0,0.9649973218521727,0.9598694935548434,0.9624729643793004,0.9590663416939129,0.9524125226305175,0.9426020208264975,0.9482701946083805,0.9469576242722871
3,4,2.006409158489921,0.2835359922178988,4112,2.2491729259490967,0.2615571776155718,822,2.2500436456897592,0.2524,0.9851939487186733,0.0845678747499384,,,0.9464132062755416,,0.9464524434321929,0.053547556567807075,0.9810699338873612,0.1458942848120304,10,0.025,0.15,0.9011615822874283,0.9438149306277488,0.9625378691690453,0.9649973218521727,1.0,0.9643554918477029,0.9687864008091315,0.9666700097827541,0.9606376818729813,0.9521740639954395,0.9555379267288271,0.9528055152466407
3,5,2.009976024781504,0.2893288763178195,3889,2.2559691837855746,0.2493573264781491,778,2.250043485738054,0.2521,0.980179790739775,0.08458573855721664,,,0.946961452764548,,0.9470135828753445,0.05298641712465546,0.9810717340925621,0.14589432061724886,10,0.025,0.15,0.877569890665851,0.9292421935566686,0.9501011146897607,0.9598694935548434,0.9643554918477029,1.0,0.9698074742707742,0.9632305027176888,0.955796069113936,0.9509254305016186,0.9541284675607302,0.9584767778906143
3,6,2.030410659313202,0.283400700619779,3711,2.2491217851638794,0.2371967654986523,742,2.250043757354157,0.2524,0.9859183132126873,0.08465780224314051,,,0.9491731124727645,,0.9492168803947781,0.05078311960522186,0.9810718019871313,0.1458944267360231,10,0.025,0.15,0.88639824088588,0.932768248022795,0.9579610384001974,0.9624729643793004,0.9687864008091315,0.9698074742707742,1.0,0.9702458484806761,0.9653433881147582,0.9633751668434306,0.9597111812100236,0.9641503530772207
3,7,2.0528637264456067,0.265993265993266,3564,2.2482674519220986,0.25806451612903225,713,2.2500472823275794,0.2522,0.9836392116131409,0.08435361434630531,,,0.9398374796011927,,0.9398755590764305,0.0601244409235695,0.98114650118959,0.14589393828888758,10,0.025,0.15,0.8795538523831534,0.9263607469082367,0.9483363531754043,0.9590663416939129,0.9666700097827541,0.9632305027176888,0.9702458484806761,1.0,0.9702606039485435,0.9622558318728005,0.9651469501899245,0.9632805245722518
3,8,2.029631502540023,0.27268235977913396,3441,2.252885023752848,0.24273255813953487,688,2.250061412400837,0.2523,0.9776005822260093,0.0837200123097408,,,0.9203920116467227,,0.9204419798319883,0.07955802016801172,0.9810750065566411,0.14589131427989205,10,0.025,0.15,0.8562599354145202,0.9076025426318859,0.9414656728195151,0.9524125226305175,0.9606376818729813,0.955796069113936,0.9653433881147582,0.9702606039485435,1.0,0.9619081166640723,0.9673255394888247,0.9640336779372057
3,9,2.047377974015695,0.26589682063587283,3334,2.2456782261530557,0.25487256371814093,667,2.2500763241248793,0.2524,0.9711489663486138,0.08286947470872232,,,0.8942887153973069,,0.8943324916241686,0.10566750837583139,0.9810209934669823,0.14588748075754684,10,0.025,0.15,0.8458975700354273,0.900130510624766,0.9275487898672159,0.9426020208264975,0.9521740639954395,0.9509254305016186,0.9633751668434306,0.9622558318728005,0.9619081166640723,1.0,0.9575318973697173,0.9637857195983185
3,10,2.0616263357492595,0.2652884912064178,3241,2.2530918518702188,0.25617283950617287,648,2.250070052810862,0.2524,0.9735579477678148,0.08296900286634287,,,0.8973432693410913,,0.897369246257695,0.10263075374230501,0.9810188266116522,0.14588796838429297,10,0.025,0.15,0.8505266016100472,0.9017455855589864,0.9317691198753404,0.9482701946083805,0.9555379267288271,0.9541284675607302,0.9597111812100236,0.9651469501899245,0.9673255394888247,0.9575318973697173,1.0,0.9645893163557121
3,11,2.0724033460617064,0.2718581829692941,3159,2.2520671844482423,0.2610759493670886,632,2.250081297717517,0.2524,0.9723007019731057,0.08273943408537182,,,0.8902977232157598,,0.890330247066396,0.10966975293360404,0.9810113305036254,0.14588664865926057,10,0.025,0.15,0.8378605804987229,0.8980056642686336,0.9269824603212334,0.9469576242722871,0.9528055152466407,0.9584767778906143,0.9641503530772207,0.9632805245722518,0.9640336779372057,0.9637857195983185,0.9645893163557121,1.0
4,0,1.881258499622345,0.3252008765522279,6845,2.222191333770752,0.27903579254930605,1369,2.2233281497713886,0.2767,0.9252142695505751,0.07866413666144365,,,0.75,,0.7500041260253173,0.2499958739746827,0.9858415474670936,0.14542154370647087,10,0.025,0.15,1.0,0.9505204455424616,0.934035043749771,0.9170448146797746,0.9018368808503158,0.8817376593858224,0.8920427191268491,0.8867966641093663,0.8603106707853219,0.8543957991164871,0.8574311224794677,0.8443727260445492
4,1,1.9175025130427161,0.3154070828769624,5478,2.219808657964071,0.2791970802919708,1096,2.223080635070801,0.2776,0.9612396438800912,0.08251921727436959,,,0.8804614302233292,,0.880502054760608,0.11949794523939195,0.9867991099738671,0.14555507423917208,10,0.025,0.15,0.9505204455424616,1.0,0.9547591195551992,0.9438845351546552,0.9405649613173559,0.9278140262604336,0.9335462243340299,0.9278478491016033,0.9083784068679521,0.9028306242517089,0.9055386939370498,0.8993774441460438
4,2,1.9461346933716221,0.3081535269709544,4820,2.2210420966148376,0.28526970954356845,964,2.2230699515040917,0.2782,0.9736992224426736,0.08398365668762864,,,0.930020150134035,,0.9300638708719117,0.06993612912808833,0.9868615717337703,0.14556576133253896,10,0.025,0.15,0.934035043749771,0.9547591195551992,1.0,0.951771709829346,0.9553027919909706,0.9430017301271965,0.9525069469746377,0.9431028813004211,0.9350493267401493,0.9206720258903083,0.9279911469877283,0.9191715010118299
4,3,1.9605589652061461,0.30174761688606444,4406,2.2248988151550293,0.2735527809307605,881,2.2230522874035414,0.2783,0.9785357433934117,0.08444510161679915,,,0.9456361051485778,,0.9456932547738113,0.054306745226188724,0.9868651416639118,0.1455670452441331,10,0.025,0.15,0.9170448146797746,0.9438845351546552,0.951771709829346,1.0,0.9602692994820904,0.9521599241879927,0.9551975659489428,0.9521511844484633,0.9443891092626912,0.9338994591547132,0.9434500986456523,0.9378899854785979
4,4,1.947121311679031,0.30520428015564205,4112,2.220381123679025,0.2712895377128954,822,2.223056458219697,0.2781,0.9823034123234106,0.08449559256584437,,,0.9473447909290219,,0.9473931772045353,0.05260682279546469,0.9868664733961072,0.14556715711420185,10,0.025,0.15,0.9018368808503158,0.9405649613173559,0.9553027919909706,0.9602692994820904,1.0,0.9582310611685186,0.9626005786151728,0.9617356659099762,0.9545090253475493,0.9441676216442181,0.951747536494292,0.9438240052852426
4,5,1.9559668725536716,0.30789406016970944,3889,2.2295845917293002,0.2737789203084833,778,2.223053865794894,0.2782,0.9776483808263021,0.08435475143208607,,,0.9425785259428179,,0.9426399960390157,0.057360003960984285,0.9868640291719899,0.1455668633454013,10,0.025,0.15,0.8817376593858224,0.9278140262604336,0.9430017301271965,0.9521599241879927,0.9582310611685186,1.0,0.9637142645859732,0.9574878904119732,0.9507586089763659,0.9429065318953942,0.9505191657314712,0.9512152802114694
4,6,1.9704869677280556,0.3011048234977095,3711,2.222216486930847,0.27628032345013476,742,2.2230576231509827,0.2781,0.9829989514971997,0.08457405288062712,,,0.9499999999661586,,0.9500173293063326,0.04998267069366735,0.9868637391304667,0.1455673106086693,10,0.025,0.15,0.8920427191268491,0.9335462243340299,0.9525069469746377,0.9551975659489428,0.9626005786151728,0.9637142645859732,1.0,0.9627945225487307,0.9575396387035914,0.9518204543057053,0.9548341374030761,0.9557162953608076
4,7,1.9959688241992677,0.2844556677890011,3564,2.2209485371907554,0.2847124824684432,713,2.2230626208872737,0.2781,0.9804890758665914,0.08430352508762871,,,0.9408449533320115,,0.9408988133551187,0.05910118664488129,0.9868620355723553,0.14556673684297228,10,0.025,0.15,0.8867966641093663,0.9278478491016033,0.9431028813004211,0.9521511844484633,0.9617356659099762,0.9574878904119732,0.9627945225487307,1.0,0.961572589385321,0.9486990510781393,0.9566141439761435,0.9542494110781038
4,8,1.97406918781775,0.2929962220284801,3441,2.229353388150533,0.25290697674418605,688,2.223083004166808,0.2775,0.974093650815347,0.08370193208927039,,,0.9204861876255275,,0.9205327523889687,0.0794672476110313,0.9868469399813098,0.14556457316828064,10,0.025,0.15,0.8603106707853219,0.9083784068679521,0.9350493267401493,0.9443891092626912,0.9545090253475493,0.9507586089763659,0.9575396387035914,0.961572589385321,1.0,0.950505837792071,0.9599604704389025,0.9545815823012563
4,9,2.000433561537001,0.2893821235752849,3334,2.21944797039032,0.2893553223388306,667,2.2231060704098473,0.2778,0.9659986375322807,0.08291035766079219,,,0.8936981791669701,,0.8937465960291132,0.10625340397088678,0.9868231243919717,0.14555895390380988,10,0.025,0.15,0.8543957991164871,0.9028306242517089,0.9206720258903083,0.9338994591547132,0.9441676216442181,0.9429065318953942,0.9518204543057053,0.9486990510781393,0.950505837792071,1.0,0.9443401730829031,0.9498663617080502
4,10,2.0013131925692926,0.28599197778463437,3241,2.2273579835891724,0.2916666666666667,648,2.2230947319465346,0.2778,0.9715591648197592,0.08315354095419285,,,0.9019278489064545,,0.9019738905117922,0.09802610948820778,0.9868347663508193,0.14556138555107212,10,0.025,0.15,0.8574311224794677,0.9055386939370498,0.9279911469877283,0.9434500986456523,0.951747536494292,0.9505191657314712,0.9548341374030761,0.9566141439761435,0.9599604704389025,0.9443401730829031,1.0,0.9559789463708622
4,11,2.012197386264801,0.29366888255777146,3159,2.2272877216339113,0.27689873417721517,632,2.2231124232086956,0.2777,0.967972321356316,0.08289413508931749,,,0.8931491841941042,,0.8931937086365962,0.1068062913634038,0.9868258152020997,0.14555874888565387,10,0.025,0.15,0.8443727260445492,0.8993774441460438,0.9191715010118299,0.9378899854785979,0.9438240052852426,0.9512152802114694,0.9557162953608076,0.9542494110781038,0.9545815823012563,0.9498663617080502,0.9559789463708622,1.0
5,0,1.8378034013288993,0.3398100803506209,6845,2.1882617473602295,0.3089846603360117,1369,2.1906970362120037,0.2979,0.9301781590213622,0.07917686048956418,,,0.75,,0.7500041260253173,0.2499958739746827,0.9893420820146788,0.14517379578726633,10,0.025,0.15,1.0,0.9476621200135726,0.9336626029702723,0.9191975105351105,0.9046410872307691,0.8895573551413928,0.8961410446028988,0.8944884796362929,0.8636588777941709,0.853648932571677,0.8631535754064754,0.8555902210569972
5,1,1.8680072995119317,0.33167214311792625,5478,2.1860397126939564,0.30200729927007297,1096,2.1903289149079144,0.298,0.9620827613296005,0.08261035925361228,,,0.8794407814719781,,0.8794788004819197,0.12052119951808027,0.9902292800689176,0.14533274460611834,10,0.025,0.15,0.9476621200135726,1.0,0.9497343374700972,0.9408694067868247,0.9375927201973503,0.9278719347881348,0.9324185169814591,0.9299101432734617,0.9084646470881045,0.9030050143027288,0.9048412198994549,0.9057054613074706
5,2,1.9005546027108242,0.3216597510373444,4820,2.1875704526901245,0.29356846473029047,964,2.190316882314561,0.2983,0.9721221589279299,0.08384672372968394,,,0.9260509581356872,,0.9260863824660428,0.0739136175339572,0.9903455941418441,0.14534623220799706,10,0.025,0.15,0.9336626029702723,0.9497343374700972,1.0,0.9461764892428948,0.9520186551557116,0.9391696519936154,0.9482953832094203,0.9412957740640786,0.9307448146537497,0.9189679895848579,0.9238577326364958,0.9185335578255153
5,3,1.9161617612838746,0.31284611892873354,4406,2.192302976335798,0.28603859250851305,881,2.190286965309819,0.2984,0.9744287800237841,0.08420832536475634,,,0.9396831163049046,,0.939727022165008,0.06027297783499197,0.99035041901465,0.14534756850274558,10,0.025,0.15,0.9191975105351105,0.9408694067868247,0.9461764892428948,1.0,0.9545392274671495,0.9457828676128942,0.9463148542163455,0.9446240246624401,0.9351361670771322,0.9290006459801038,0.9335995690074037,0.9328448186603783
5,4,1.8982747240500017,0.31882295719844356,4112,2.185037749154227,0.2956204379562044,822,2.1902951319006423,0.2984,0.9796944347825954,0.08441158965601328,,,0.9473460544661598,,0.9473931772045353,0.05260682279546469,0.9903495924007705,0.14534814011981276,10,0.025,0.15,0.9046410872307691,0.9375927201973503,0.9520186551557116,0.9545392274671495,1.0,0.9514625171382938,0.9554382271338483,0.9561903211107586,0.9473308212986132,0.9430253231751906,0.9441305483937884,0.9417710063140654
5,5,1.909121783318058,0.32093083054769866,3889,2.1974704606192454,0.2969151670951157,778,2.1902885165395616,0.2984,0.9748193103072194,0.08416502347835125,,,0.9380506619483822,,0.9380931161393606,0.06190688386063936,0.99034505893875,0.14534743101588563,10,0.025,0.15,0.8895573551413928,0.9278719347881348,0.9391696519936154,0.9457828676128942,0.9514625171382938,1.0,0.9568285134590102,0.9518583442251863,0.9408361750388321,0.9381928437282189,0.9448815692903064,0.9444195542108553
5,6,1.9201494410120208,0.31789275127997846,3711,2.1895586252212524,0.29514824797843664,742,2.1902978842771508,0.2984,0.9803596196853087,0.08448198724228576,,,0.9499999999623006,,0.9500173293063326,0.04998267069366735,0.9903473339195517,0.14534830101831964,10,0.025,0.15,0.8961410446028988,0.9324185169814591,0.9482953832094203,0.9463148542163455,0.9554382271338483,0.9568285134590102,1.0,0.9584403823813592,0.9508816939750734,0.9505331986510674,0.9489805915402212,0.9511631901984869
5,7,1.9461113218750272,0.30227272727272725,3564,2.1880725622177124,0.29312762973352036,713,2.1903071705299086,0.2983,0.9787184085340728,0.0842605595163171,,,0.9416523115375773,,0.9416910102160387,0.05830898978396126,0.990345180451172,0.14534771025804621,10,0.025,0.15,0.8944884796362929,0.9299101432734617,0.9412957740640786,0.9446240246624401,0.9561903211107586,0.9518583442251863,0.9584403823813592,1.0,0.95463249672589,0.9461139710142417,0.9500576554452453,0.9488365658493546
5,8,1.9264252176991215,0.30845684394071493,3441,2.2006473541259766,0.28343023255813954,688,2.1903380653526208,0.2976,0.9703024603831671,0.08361252128294445,,,0.9172216706327944,,0.9172731923883085,0.08272680761169149,0.9903512096769892,0.14534487997269158,10,0.025,0.15,0.8636588777941709,0.9084646470881045,0.9307448146537497,0.9351361670771322,0.9473308212986132,0.9408361750388321,0.9508816939750734,0.95463249672589,1.0,0.9465465936254277,0.9516786338902619,0.9476472641516294
5,9,1.9399233650278163,0.30542891421715657,3334,2.1878145933151245,0.3118440779610195,667,2.190371338325211,0.2978,0.9658331983602776,0.0829754883787057,,,0.8932059238349683,,0.8932514729910382,0.10674852700896176,0.9902744177755485,0.14533741497906086,10,0.025,0.15,0.853648932571677,0.9030050143027288,0.9189679895848579,0.9290006459801038,0.9430253231751906,0.9381928437282189,0.9505331986510674,0.9461139710142417,0.9465465936254277,1.0,0.9444168666950331,0.9524120647977656
5,10,1.953542185288209,0.30111076828139466,3241,2.1962756315867105,0.32098765432098764,648,2.1903518694865554,0.2976,0.968717911576653,0.08322055545029441,,,0.9024448009802427,,0.9024855176511363,0.09751448234886373,0.9902977931023595,0.14534156245773938,10,0.025,0.15,0.8631535754064754,0.9048412198994549,0.9238577326364958,0.9335995690074037,0.9441305483937884,0.9448815692903064,0.9489805915402212,0.9500576554452453,0.9516786338902619,0.9444168666950331,1.0,0.9499416077977743
5,11,1.9610219259262085,0.30588793922127255,3159,2.1972633361816407,0.28322784810126583,632,2.1903762787203247,0.2978,0.9678110379133313,0.08303000615747128,,,0.8952612104019604,,0.895314485649684,0.10468551435031603,0.9902725406260316,0.14533813568709492,10,0.025,0.15,0.8555902210569972,0.9057054613074706,0.9185335578255153,0.9328448186603783,0.9417710063140654,0.9444195542108553,0.9511631901984869,0.9488365658493546,0.9476472641516294,0.9524120647977656,0.9499416077977743,1.0
6,0,1.8012844350602892,0.35094229364499635,6845,2.148708538575606,0.3308984660336012,1369,2.152742512618439,0.312,0.9344732446671806,0.07970829286839468,,,0.75,,0.7500041260253173,0.2499958739746827,0.9916496385153699,0.14477577095213962,10,0.025,0.15,1.0,0.9447925928934567,0.9325514347506222,0.9212808212554175,0.9054903459817316,0.8916739930007388,0.897971611189481,0.8964525292733491,0.8680265118909325,0.855358678290722,0.8685651047611369,0.8617869851853092
6,1,1.8323105404543323,0.34063526834611174,5478,2.146789312362671,0.3175182481751825,1096,2.1521987673602525,0.3124,0.961751953673541,0.08273196267542827,,,0.8788962639368951,,0.8789424171906719,0.1210575828093281,0.9923200130640556,0.14496570864753788,10,0.025,0.15,0.9447925928934567,1.0,0.9441708781537059,0.9387049784684421,0.9342176960848695,0.9251165649151958,0.9302168166392191,0.9274338017147239,0.90583911799801,0.8940337814011295,0.9064195879206479,0.9056436578413242
6,2,1.8579741114064268,0.3379045643153527,4820,2.148527294397354,0.3008298755186722,964,2.1521787673612183,0.3121,0.9715308981159222,0.08381932038092331,,,0.9252493232144908,,0.9252941856051229,0.07470581439487711,0.9925259447698831,0.14498444426914758,10,0.025,0.15,0.9325514347506222,0.9441708781537059,1.0,0.9437032422701096,0.9488171191618913,0.936840891708181,0.944395956089558,0.938729137570214,0.9275841563954779,0.9077220044623893,0.9249865317077987,0.9184558109953259
6,3,1.8742852980749947,0.3281661370857921,4406,2.154304163796561,0.2996594778660613,881,2.1521368358708637,0.3122,0.972568879256832,0.08407779067504308,,,0.9362676742173714,,0.9363024211516562,0.06369757884834382,0.9925514365232162,0.14498658459224692,10,0.025,0.15,0.9212808212554175,0.9387049784684421,0.9437032422701096,1.0,0.9475219541165953,0.9407001123855341,0.94121949650862,0.9408063988621468,0.9308195063250192,0.9162884607689559,0.9306346275991756,0.9275290373441123
6,4,1.8609490849755026,0.33122568093385213,4112,2.143568890435355,0.3175182481751825,822,2.1521562202067317,0.3123,0.9775389548561386,0.08436644972364535,,,0.9485729440685506,,0.9486144806984536,0.051385519301546445,0.99257862044818,0.14498853434169903,10,0.025,0.15,0.9054903459817316,0.9342176960848695,0.9488171191618913,0.9475219541165953,1.0,0.9475022450010213,0.9496062897609667,0.953107142401806,0.9431206571461825,0.9258285554730024,0.9426711318514326,0.9377213825146986
6,5,1.8685292943831413,0.33414759578297765,3889,2.159947599683489,0.3033419023136247,778,2.1521378348145306,0.3122,0.9724752414424,0.0840478408744744,,,0.9349909417547269,,0.9350233533032959,0.06497664669670411,0.9925517514281188,0.1449862968244169,10,0.025,0.15,0.8916739930007388,0.9251165649151958,0.936840891708181,0.9407001123855341,0.9475022450010213,1.0,0.9508860276101496,0.9477704848275825,0.9372656843621735,0.918947633847777,0.9408452785851747,0.9388865824617022
6,6,1.875215971469879,0.32880625168418215,3711,2.151676138242086,0.32075471698113206,742,2.1521605479566355,0.3123,0.977225668886371,0.08439992583592497,,,0.9499999999573708,,0.9500173293063326,0.04998267069366735,0.9925832220612935,0.14498863950504243,10,0.025,0.15,0.897971611189481,0.9302168166392191,0.944395956089558,0.94121949650862,0.9496062897609667,0.9508860276101496,1.0,0.9521196123577057,0.9458147799714934,0.9295187661976018,0.944580044550251,0.9452965489399588
6,7,1.9038922573838915,0.3132154882154882,3564,2.1501224040985107,0.31136044880785413,713,2.152169779886173,0.3123,0.9766567653276783,0.08424383104249804,,,0.9433458224258395,,0.9433991846973973,0.05660081530260275,0.9925592876776789,0.1449878821112754,10,0.025,0.15,0.8964525292733491,0.9274338017147239,0.938729137570214,0.9408063988621468,0.953107142401806,0.9477704848275825,0.9521196123577057,1.0,0.9474231752609914,0.9325107291886177,0.945508877257805,0.9432187161000338
6,8,1.8801937350520381,0.3209532112757919,3441,2.1671767632166543,0.2877906976744186,688,2.1522033486185195,0.3118,0.9669660466357195,0.08352469339712641,,,0.9126896457728348,,0.912734564539288,0.08726543546071197,0.992483902359453,0.14498132813133038,10,0.025,0.15,0.8680265118909325,0.90583911799801,0.9275841563954779,0.9308195063250192,0.9431206571461825,0.9372656843621735,0.9458147799714934,0.9474231752609914,1.0,0.9194559174708172,0.9455466681692812,0.9410135372684251
6,9,1.9048396507898966,0.3166466706658668,3334,2.151557723681132,0.31784107946026985,667,2.15224977988231,0.3122,0.9533907386979298,0.08268542993667338,,,0.8769126160655882,,0.876961925038372,0.123038074961628,0.9923536006933666,0.14496483481614827,10,0.025,0.15,0.855358678290722,0.8940337814011295,0.9077220044623893,0.9162884607689559,0.9258285554730024,0.918947633847777,0.9295187661976018,0.9325107291886177,0.9194559174708172,1.0,0.9279257216573764,0.9277374551113211
