round,client_id,client_i_training_loss,client_i_training_accuracy,client_i_training_dataset_size,client_i_evaluation_loss,client_i_evaluation_accuracy,client_i_evaluation_dataset_size,client_i_central_evaluation_loss,client_i_central_evaluation_accuracy,client_i_cosine_similarity,client_i_importance_coefficient,client_i_tanh_val,tanh_normalization_value,client_i_q,client_i_mask_order,client_i_v_nonzero_fraction,client_i_v_sparsity,client_i_v_cosine_similarity,client_i_reward_gradient_norm,local_epochs,learning_rate,gamma,client_0_cosine_similarity,client_1_cosine_similarity,client_2_cosine_similarity,client_3_cosine_similarity,client_4_cosine_similarity,client_5_cosine_similarity,client_6_cosine_similarity,client_7_cosine_similarity,client_8_cosine_similarity,client_9_cosine_similarity,client_10_cosine_similarity,client_11_cosine_similarity
0,0,1.9414756290643596,0.38926223520818115,8214,2.2516755780508353,0.21110299488677867,1369,2.2527281293472923,0.2159,0.9677284462369365,0.0815386386603418,,,0.6,,0.600013531668938,0.399986468331062,0,0.09874671361267022,5,0.001,0.1,1.0,0.9882564128867716,0.9757883198823595,0.9674913112831715,0.9586245173001389,0.946506681435142,0.9414920563770403,0.9370416972895638,0.9307917743799381,0.9231809773497069,0.9166334597606791,0.9117575558382255
0,1,2.0807009821956597,0.3626407058107697,6574,2.253231532233102,0.21441605839416059,1096,2.2526455946242847,0.2155,0.9887537204904807,0.08331018133510842,,,0.868357959553391,,0.8683755231439866,0.13162447685601342,0,0.09881375155100271,5,0.001,0.1,0.9882564128867716,1.0,0.99245140457967,0.9882021583129865,0.9818269876878483,0.9736588761053387,0.9730561796945614,0.9684766083466397,0.962928795455403,0.9586380398085582,0.9509145206771052,0.9475946899695818
0,2,2.126360854522958,0.3079716410167733,5783,2.255187234570903,0.18153526970954356,964,2.252644814622288,0.2155,0.9953508245771953,0.0838660385990165,,,0.9525606848221768,,0.9525811658499338,0.0474188341500662,0,0.09881455717280159,5,0.001,0.1,0.9757883198823595,0.99245140457967,1.0,0.9926082643866185,0.992792913235191,0.983726178460934,0.9842173055271398,0.9826292153831564,0.977578080584488,0.975082328755062,0.9684153835309195,0.9662043712500563
0,3,2.154486128651952,0.349044826933989,5287,2.249284727232797,0.23496027241770714,881,2.2526448435676745,0.2155,0.9967877234663517,0.08398710849188776,,,0.9709006717031345,,0.9709165772609969,0.029083422739003106,0,0.09881456974926962,5,0.001,0.1,0.9674913112831715,0.9882021583129865,0.9926082643866185,1.0,0.9921260045231065,0.9898983551044331,0.9888593670021909,0.9888656394320084,0.9867717734611517,0.9822973271975113,0.9735491029714318,0.9728761616097529
0,4,2.1715527359131843,0.2949949341438703,4935,2.2511678750698385,0.22992700729927007,822,2.2526448412825126,0.2155,0.9975006364356486,0.08404717694727502,,,0.9799999998485174,,0.9800166246218381,0.01998337537816186,0,0.09881457210029412,5,0.001,0.1,0.9586245173001389,0.9818269876878483,0.992792913235191,0.9921260045231065,1.0,0.9919483564720598,0.9909314801776615,0.9930680692414419,0.9892258655600351,0.9890459563526809,0.9843021934220253,0.9842168388103318
0,5,2.1856301317476245,0.31879151489179347,4667,2.2536487579345703,0.20051413881748073,778,2.2526448717513405,0.2155,0.993774021985609,0.08373318073247968,,,0.9324350245813717,,0.9324528083045786,0.06754719169542145,0,0.09881451468848748,5,0.001,0.1,0.946506681435142,0.9736588761053387,0.983726178460934,0.9898983551044331,0.9919483564720598,1.0,0.9870244495195237,0.9929120460379738,0.994020396885528,0.9895606347198862,0.9831738358612075,0.984019733156251
0,6,2.1851807584081375,0.28681787558949023,4453,2.254730075597763,0.1954177897574124,742,2.252644862610692,0.2155,0.9923187410733111,0.08361056201137193,,,0.9138604171117231,,0.9138805926870995,0.08611940731290046,0,0.09881444480758185,5,0.001,0.1,0.9414920563770403,0.9730561796945614,0.9842173055271398,0.9888593670021909,0.9909314801776615,0.9870244495195237,1.0,0.9929051878290429,0.99000214850146,0.9891090298107379,0.9806095518683297,0.983417920184429
0,7,2.196769101406211,0.29188683656768766,4277,2.2551292958466904,0.2187938288920056,713,2.252644905267051,0.2155,0.9933939600846976,0.0837011575651051,,,0.9275840706769107,,0.9276007384425049,0.0723992615574951,0,0.09881449867062322,5,0.001,0.1,0.9370416972895638,0.9684766083466397,0.9826292153831564,0.9888656394320084,0.9930680692414419,0.9929120460379738,0.9929051878290429,1.0,0.99528442363936,0.9953255871344366,0.9888411559657158,0.9897729811548215
0,8,2.20009268448903,0.2902882053766045,4129,2.2472530495036733,0.23401162790697674,688,2.2526452175725384,0.2155,0.9904180387991153,0.08345041308060608,,,0.8896006344391758,,0.8896202433767313,0.11037975662326871,0,0.09881418617184705,5,0.001,0.1,0.9307917743799381,0.962928795455403,0.977578080584488,0.9867717734611517,0.9892258655600351,0.994020396885528,0.99000214850146,0.99528442363936,1.0,0.993532699549081,0.9853728710473715,0.9897006457673918
0,9,2.208429551881457,0.27673081729567606,4001,2.2542148658207486,0.22188905547226387,667,2.252645616714185,0.2155,0.9882956011265293,0.0832715812201425,,,0.8625107122709359,,0.8625327418060912,0.13746725819390881,0,0.09881358481680351,5,0.001,0.1,0.9231809773497069,0.9586380398085582,0.975082328755062,0.9822973271975113,0.9890459563526809,0.9895606347198862,0.9891090298107379,0.9953255871344366,0.993532699549081,1.0,0.9908578634317962,0.9918041592938285
0,10,2.2133529029908727,0.27580354847004374,3889,2.255532809666225,0.21604938271604937,648,2.2526510355952447,0.2156,0.9823274896932958,0.08276872147314283,,,0.7863361907262364,,0.7863542784237538,0.21364572157624617,0,0.09880850404157374,5,0.001,0.1,0.9166334597606791,0.9509145206771052,0.9684153835309195,0.9735491029714318,0.9843021934220253,0.9831738358612075,0.9806095518683297,0.9888411559657158,0.9853728710473715,0.9908578634317962,1.0,0.9889121236776827
0,11,2.215697629912561,0.2235294117647059,3791,2.249463415145874,0.24367088607594936,632,2.2526514705377645,0.2156,0.9816927518993382,0.08271523988352251,,,0.778234658390262,,0.7782546080165473,0.22174539198345267,0,0.09880774214209984,5,0.001,0.1,0.9117575558382255,0.9475946899695818,0.9662043712500563,0.9728761616097529,0.9842168388103318,0.984019733156251,0.983417920184429,0.9897729811548215,0.9897006457673918,0.9918041592938285,0.9889121236776827,1.0
1,0,1.6838020245852638,0.4958607255904553,8214,2.1897250663402468,0.4127100073046019,1369,2.191085120740409,0.3943,0.9824445539484821,0.08182789786211778,,,0.6,,0.600013531668938,0.399986468331062,0.9703477414669716,0.0994355233927339,5,0.001,0.1,1.0,0.9947012967980617,0.9902251170099227,0.9864987765989688,0.9827955318628129,0.9774173329693648,0.9749088883882274,0.9717400338703983,0.9698406519026151,0.9627373143272338,0.961409549981908,0.9576636010800169
1,1,1.8447096467018127,0.4730149072102221,6574,2.1905765124729704,0.40693430656934304,1096,2.1908967479730186,0.3941,0.9928990315558723,0.08325372594614679,,,0.8626687984976209,,0.862692222190004,0.13730777780999603,0.9709652975896855,0.09949419319709052,5,0.001,0.1,0.9947012967980617,1.0,0.9973584320010899,0.9952838817777945,0.9926790483518776,0.9897337134629787,0.9871692870100196,0.9855337344051684,0.9840593604258185,0.9779510842669206,0.9766638959527117,0.9733637959526934
1,2,1.9186534556236057,0.423932215113263,5783,2.192560226686539,0.37136929460580914,964,2.190895245859798,0.3942,0.9968378210170725,0.0837223916042519,,,0.9490072895755282,,0.9490291027536947,0.050970897246305324,0.9709832947839048,0.09949555460753624,5,0.001,0.1,0.9902251170099227,0.9973584320010899,1.0,0.997226071099705,0.9968323654250505,0.993975593987636,0.9925681942122043,0.9913904174590887,0.9898937334407727,0.9852988784920172,0.98532895794993,0.9813127450956967
1,3,1.9570054821221226,0.46759977302818234,5287,2.186563330037253,0.41543700340522133,881,2.1908951917776283,0.3942,0.9974582591242742,0.0838167954276458,,,0.9663985439225351,,0.966417297339094,0.033582702660906016,0.9709846125652986,0.09949558111440587,5,0.001,0.1,0.9864987765989688,0.9952838817777945,0.997226071099705,1.0,0.9966429499843343,0.9957506343223237,0.9942625960260402,0.9932943248109835,0.9924967179056974,0.9872584026076356,0.9865192478471116,0.9835009028069116
1,4,1.9897942847590293,0.41997973657548127,4935,2.190280694227952,0.40145985401459855,822,2.1908951894924664,0.3942,0.9986012486160765,0.08389062733271861,,,0.979999999815778,,0.9800166246218381,0.01998337537816186,0.9709846287641541,0.09949558826404487,5,0.001,0.1,0.9827955318628129,0.9926790483518776,0.9968323654250505,0.9966429499843343,1.0,0.9962586365633551,0.9957695107847372,0.995904612091429,0.9938672901039587,0.9917366761100246,0.9912303722717352,0.988636250273985
1,5,2.0201097757848974,0.4466252410542104,4667,2.1930154037475584,0.37532133676092544,778,2.1908952123440875,0.3942,0.9981169880292744,0.08368214693514366,,,0.9415933390446006,,0.9416156812712037,0.05838431872879635,0.970983038938919,0.099495538956652,5,0.001,0.1,0.9774173329693648,0.9897337134629787,0.993975593987636,0.9957506343223237,0.9962586365633551,1.0,0.9957797349136502,0.9961453076102906,0.996206324429886,0.9927470749757306,0.9922519529504856,0.9902430427259094
1,6,2.0256160763331823,0.42730743319110714,4453,2.194086730480194,0.38140161725067384,742,2.190895645001445,0.3941,0.9977783902964916,0.08359590149126656,,,0.925705037100738,,0.9257208030078967,0.07427919699210328,0.9709743495581243,0.09949534970370573,5,0.001,0.1,0.9749088883882274,0.9871692870100196,0.9925681942122043,0.9942625960260402,0.9957695107847372,0.9957797349136502,1.0,0.9973075902255015,0.996730035399301,0.9945277015458595,0.9911761305395621,0.9922463604899507
1,7,2.04116553851028,0.4206686930091185,4277,2.19328759027564,0.3800841514726508,713,2.1908956282435894,0.3941,0.9979007062321875,0.08365549060390307,,,0.9366826583126464,,0.9366911203255333,0.06330887967446674,0.9709757457425654,0.09949537802733667,5,0.001,0.1,0.9717400338703983,0.9855337344051684,0.9913904174590887,0.9932943248109835,0.995904612091429,0.9961453076102906,0.9973075902255015,1.0,0.9971230412544441,0.9968084823689843,0.9942036938527821,0.9944336401509474
1,8,2.053816876594837,0.41816420440784696,4129,2.18337420983748,0.40261627906976744,688,2.190895918459176,0.394,0.9968994895845832,0.08346914490253253,,,0.9023536939497877,,0.9023738413508472,0.0976261586491528,0.9709754233968616,0.09949507347924288,5,0.001,0.1,0.9698406519026151,0.9840593604258185,0.9898937334407727,0.9924967179056974,0.9938672901039587,0.996206324429886,0.996730035399301,0.9971230412544441,1.0,0.9949946593545174,0.9928071834239681,0.9938993613066176
1,9,2.067667293737805,0.3976505873531617,4001,2.193352699279785,0.39280359820089955,667,2.1908966352383548,0.3941,0.9946389701320166,0.08328625880959283,,,0.868662065321845,,0.8686751529561864,0.13132484704381364,0.970964979486754,0.09949435411148945,5,0.001,0.1,0.9627373143272338,0.9779510842669206,0.9852988784920172,0.9872584026076356,0.9917366761100246,0.9927470749757306,0.9945277015458595,0.9968084823689843,0.9949946593545174,1.0,0.9948085613624174,0.9960598000105853
1,10,2.0753890293543455,0.382463358189766,3889,2.193832510993594,0.36574074074074076,648,2.19090715231606,0.3941,0.9933747898956016,0.08293658711562929,,,0.8042448717268836,,0.8042595760721432,0.19574042392785684,0.9709231910703893,0.09949153567674345,5,0.001,0.1,0.961409549981908,0.9766638959527117,0.98532895794993,0.9865192478471116,0.9912303722717352,0.9922519529504856,0.9911761305395621,0.9942036938527821,0.9928071834239681,0.9948085613624174,1.0,0.9934565508469149
1,11,2.084069789357546,0.3524663677130045,3791,2.188482677936554,0.40189873417721517,632,2.1909095387870132,0.394,0.992115212603412,0.08286303196905119,,,0.7906944008171013,,0.7907134089173699,0.20928659108263015,0.9709185798989978,0.09949061563341301,5,0.001,0.1,0.9576636010800169,0.9733637959526934,0.9813127450956967,0.9835009028069116,0.988636250273985,0.9902430427259094,0.9922463604899507,0.9944336401509474,0.9938993613066176,0.9960598000105853,0.9934565508469149,1.0
2,0,1.497737454625883,0.5613830046262479,8214,2.110439333804818,0.5178962746530315,1369,2.1123250094465553,0.5093,0.9884646897593148,0.08214168476947489,,,0.6,,0.600013531668938,0.399986468331062,0.988201722106234,0.09961562416736247,5,0.001,0.1,1.0,0.9954759168060083,0.9925813246657004,0.9900624982477126,0.9884586999049072,0.9848351224620311,0.9838417620295175,0.9817865033353209,0.9803611484482085,0.9768841390475109,0.9741649143060611,0.9749622516726967
2,1,1.6433506081405196,0.5439914815941588,6574,2.1103777272360666,0.5228102189781022,1096,2.1120035724518016,0.5094,0.9956593233918054,0.08324905487083517,,,0.8628224205844954,,0.8628372043571974,0.13716279564280265,0.9885170825734529,0.09967502716804232,5,0.001,0.1,0.9954759168060083,1.0,0.9975834042809026,0.9964475612892937,0.9949749203543852,0.9933200238252592,0.9920647902207792,0.9911537579360673,0.9903381324498708,0.9872040380500327,0.9848938821790273,0.9858379404388293
2,2,1.7179548553998958,0.5048936538128999,5783,2.1120546633197415,0.5145228215767634,964,2.112000530139326,0.5094,0.9979314171646408,0.08361004820766955,,,0.9485003185927053,,0.9485216651685177,0.05147833483148234,0.9885356272876209,0.09967730792917885,5,0.001,0.1,0.9925813246657004,0.9975834042809026,1.0,0.9975106903884553,0.9974051150003074,0.9958774969534068,0.995194113425807,0.9946597188832365,0.9937266590632772,0.991095532498326,0.9904725123868466,0.9902909114646776
2,3,1.754021500248507,0.5459050501229431,5287,2.106904889856066,0.5107832009080591,881,2.1120004448266076,0.5094,0.9984919652855272,0.08368608629325157,,,0.9665471429423309,,0.9665622795062874,0.03343772049371263,0.9885360952180333,0.0996773772529588,5,0.001,0.1,0.9900624982477126,0.9964475612892937,0.9975106903884553,1.0,0.9974658913315909,0.9973206162199765,0.9963770130375597,0.9960020920073716,0.9958205139338852,0.9927151078520824,0.9913019870892245,0.99202485046723
2,4,1.7907618376516528,0.5060587639311044,4935,2.1124138832092285,0.49878345498783455,822,2.1120003983616447,0.5094,0.9988440936009667,0.08374276825892095,,,0.9799999997626607,,0.9800166246218381,0.01998337537816186,0.9885360115826621,0.09967738910830867,5,0.001,0.1,0.9884586999049072,0.9949749203543852,0.9974051150003074,0.9974658913315909,1.0,0.9971129486452893,0.9969564046572195,0.9969226838418743,0.9959890797035543,0.9945549005883102,0.9935326630796563,0.9938725881815661
2,5,1.8297948357177107,0.5451467752303407,4667,2.1156722259521485,0.4974293059125964,778,2.11200045853758,0.5094,0.9985943318181201,0.08360676233777897,,,0.9477204526045342,,0.9477484269434859,0.05225157305651407,0.9885350098404996,0.09967730769120994,5,0.001,0.1,0.9848351224620311,0.9933200238252592,0.9958774969534068,0.9973206162199765,0.9971129486452893,1.0,0.996934987817095,0.9970114042285939,0.9973777842749417,0.9947945345316803,0.9946475220730308,0.9949833103701855
2,6,1.8392620640141624,0.5261621378845722,4453,2.116238981485367,0.48921832884097033,742,2.1120008333041644,0.5094,0.9984496547553776,0.08354916289796332,,,0.9340498431325397,,0.9340669430993321,0.06593305690066786,0.9885383310320481,0.09967721379722567,5,0.001,0.1,0.9838417620295175,0.9920647902207792,0.995194113425807,0.9963770130375597,0.9969564046572195,0.996934987817095,1.0,0.997956115583803,0.9975307593137631,0.9964974939656608,0.9935164286098048,0.995604278845986
2,7,1.855809987658885,0.5113397241056815,4277,2.114459452421769,0.4950911640953717,713,2.112000783792319,0.5094,0.9985675480453908,0.08358953896649333,,,0.9436326700950044,,0.9436502643508182,0.056349735649181776,0.9885376913780476,0.09967726391701352,5,0.001,0.1,0.9817865033353209,0.9911537579360673,0.9946597188832365,0.9960020920073716,0.9969226838418743,0.9970114042285939,0.997956115583803,1.0,0.9979675089619986,0.997596998575829,0.9957215656195815,0.9970898611589919
2,8,1.8731299506700956,0.5162024703317994,4129,2.1025262745943936,0.5203488372093024,688,2.112001230160649,0.5094,0.9980948300564841,0.08345991535057341,,,0.9128678946516905,,0.9128898812112777,0.08711011878872232,0.9885348174560871,0.09967692575817653,5,0.001,0.1,0.9803611484482085,0.9903381324498708,0.9937266590632772,0.9958205139338852,0.9959890797035543,0.9973777842749417,0.9975307593137631,0.9979675089619986,1.0,0.9966345851411825,0.9952071161971932,0.9972479827951296
2,9,1.894397270868695,0.4934266433391652,4001,2.115392730349586,0.5082458770614693,667,2.112003109325616,0.5094,0.9965616683912245,0.08329816393674555,,,0.8744779308419558,,0.8744889378606432,0.1255110621393568,0.9885223313810146,0.09967526606050613,5,0.001,0.1,0.9768841390475109,0.9872040380500327,0.991095532498326,0.9927151078520824,0.9945549005883102,0.9947945345316803,0.9964974939656608,0.997596998575829,0.9966345851411825,1.0,0.9951670384274093,0.9967120706240361
2,10,1.903569763996562,0.47318076626382105,3889,2.1146102973393033,0.5108024691358025,648,2.1120195975318885,0.5095,0.9952889093254976,0.08304247121274427,,,0.8137920042801773,,0.813818733629097,0.18618126637090304,0.9885079679997263,0.09967290249888879,5,0.001,0.1,0.9741649143060611,0.9848938821790273,0.9904725123868466,0.9913019870892245,0.9935326630796563,0.9946475220730308,0.9935164286098048,0.9957215656195815,0.9952071161971932,0.9951670384274093,1.0,0.996009484505975
2,11,1.919472766122898,0.46842521762068057,3791,2.1108964681625366,0.5174050632911392,632,2.112023218752096,0.5094,0.9961251850091692,0.08302434289754877,,,0.8094894430362467,,0.8095079305245455,0.1904920694754545,0.9885084405226489,0.0996719035354085,5,0.001,0.1,0.9749622516726967,0.9858379404388293,0.9902909114646776,0.99202485046723,0.9938725881815661,0.9949833103701855,0.995604278845986,0.9970898611589919,0.9972479827951296,0.9967120706240361,0.996009484505975,1.0
3,0,1.3612327412408614,0.5987582176771366,8214,2.014726630477018,0.5880204528853178,1369,2.0174670794520515,0.5749,0.9902481659790509,0.0823767129209454,,,0.6,,0.600013531668938,0.399986468331062,0.9960784806405628,0.09966051485259998,5,0.001,0.1,1.0,0.9954885816989186,0.9935555903056669,0.9908151393205786,0.98990557555112,0.9871058213776764,0.9860366702737331,0.9851128026874536,0.983304656712761,0.9811765730229178,0.9782641844177548,0.9795305489659454
3,1,1.4882882408725404,0.5832369942196531,6574,2.013738032749721,0.583029197080292,1096,2.016980568060098,0.5756,0.9965428478282115,0.08325942427971268,,,0.8659687591917173,,0.865983317385295,0.134016682614705,0.9962631704602053,0.0997214760760408,5,0.001,0.1,0.9954885816989186,1.0,0.9976021919554261,0.996582684913414,0.9954512174352752,0.9943166109587888,0.9932944528886682,0.9930386219562347,0.992193256120666,0.9902888679009855,0.9878919483179324,0.9893440018766528
3,2,1.5561483497777697,0.5526543316617673,5783,2.014855123335315,0.5975103734439834,964,2.016973299340318,0.5756,0.9980486990479362,0.08352954371448847,,,0.9473581399755026,,0.9473811387865959,0.05261886121340409,0.9962920241975518,0.09972406554815669,5,0.001,0.1,0.9935555903056669,0.9976021919554261,1.0,0.9973165600678365,0.99697587013741,0.9961344776137427,0.9956663516617991,0.9952085774016599,0.9944095048769273,0.9927995061841743,0.9917433071648957,0.9920546508117158
3,3,1.5852864393268724,0.5871004350293172,5287,2.011129787990025,0.58683314415437,881,2.016972977132462,0.5756,0.9986730333370064,0.08359635915432312,,,0.9674902244345589,,0.9675094963319512,0.03249050366804884,0.9962925068721602,0.09972414773579714,5,0.001,0.1,0.9908151393205786,0.996582684913414,0.9973165600678365,1.0,0.9975062562837075,0.9976164841300597,0.9967918511625522,0.9966234614099819,0.9966205009035298,0.9941559856863822,0.9927949219855935,0.9940650256527506
3,4,1.6186713580931387,0.5510435663627153,4935,2.0186376571655273,0.5474452554744526,822,2.016972915052225,0.5756,0.9988817575380307,0.08363787726628046,,,0.9799999996986911,,0.9800166246218381,0.01998337537816186,0.9962927367019456,0.09972416369626132,5,0.001,0.1,0.98990557555112,0.9954512174352752,0.99697587013741,0.9975062562837075,1.0,0.9972190017197023,0.9971925015688108,0.9971328956977997,0.9965487313878278,0.9957986007965147,0.994314395536903,0.995336411167421
3,5,1.656701495059549,0.5882151274908936,4667,2.022790718078613,0.5526992287917738,778,2.016973174037263,0.5756,0.9986012180906707,0.08354536995725349,,,0.9521267272481977,,0.9521462193483535,0.04785378065164647,0.9962916587328847,0.09972410375005986,5,0.001,0.1,0.9871058213776764,0.9943166109587888,0.9961344776137427,0.9976164841300597,0.9972190017197023,1.0,0.997140101674342,0.9969265006676495,0.9972617383940462,0.9955476439820669,0.9949931188580666,0.9957318697739286
3,6,1.6655671328306199,0.5696833595328992,4453,2.022390201687813,0.5485175202156334,742,2.016973698481965,0.5756,0.9985717233233378,0.08350907671891161,,,0.9411912527321343,,0.9412145639419685,0.05878543605803155,0.996290877930945,0.09972400967574371,5,0.001,0.1,0.9860366702737331,0.9932944528886682,0.9956663516617991,0.9967918511625522,0.9971925015688108,0.997140101674342,1.0,0.9981599512638304,0.9977256000222098,0.9968143128758337,0.9943929527372859,0.9964129601624003
3,7,1.6819275982344328,0.5631517418751462,4277,2.0196418917697407,0.5497896213183731,713,2.0169735621339595,0.5756,0.9986875042257544,0.08353758877856107,,,0.9497821891142801,,0.9498023409787263,0.05019765902127371,0.9962910369187192,0.09972406632276513,5,0.001,0.1,0.9851128026874536,0.9930386219562347,0.9952085774016599,0.9966234614099819,0.9971328956977997,0.9969265006676495,0.9981599512638304,1.0,0.997749689470888,0.9979848186849838,0.9956342640016065,0.9974391214242547
3,8,1.6989634718344762,0.5616372002906272,4129,2.0057774023576216,0.5886627906976745,688,2.0169742191180635,0.5756,0.9982590943522056,0.08344422227005471,,,0.9216500322423233,,0.9216613023264805,0.07833869767351953,0.9962850575468376,0.0997237274053936,5,0.001,0.1,0.983304656712761,0.992193256120666,0.9944095048769273,0.9966205009035298,0.9965487313878278,0.9972617383940462,0.9977256000222098,0.997749689470888,1.0,0.9969553748480159,0.9956013639316899,0.997495560344599
3,9,1.7280329951218196,0.5492126968257935,4001,2.0211344900585355,0.5667166416791605,667,2.01697823072013,0.5756,0.9973031203290517,0.0833141069319697,,,0.8824451271750413,,0.8824677897951885,0.11753221020481153,0.9962663100459792,0.09972295640133678,5,0.001,0.1,0.9811765730229178,0.9902888679009855,0.9927995061841743,0.9941559856863822,0.9957986007965147,0.9955476439820669,0.9968143128758337,0.9979848186849838,0.9969553748480159,1.0,0.9954043013396717,0.9974995507983645
3,10,1.7327750845033614,0.5310362561069684,3889,2.0186530578704107,0.5987654320987654,648,2.0170019347065935,0.5755,0.9958931206190824,0.08311169115508753,,,0.8214554588271,,0.8214834575347232,0.17851654246527682,0.9962635130144227,0.09971939969178424,5,0.001,0.1,0.9782641844177548,0.9878919483179324,0.9917433071648957,0.9927949219855935,0.994314395536903,0.9949931188580666,0.9943929527372859,0.9956342640016065,0.9956013639316899,0.9954043013396717,1.0,0.9965177764378448
3,11,1.7504557699716392,0.5265101556317594,3791,2.017728400230408,0.5822784810126582,632,2.017005699130293,0.5754,0.9970530899151394,0.08313802685241169,,,0.8293906379433369,,0.8294139820802041,0.17058601791979588,0.9962530243656171,0.09971978180459595,5,0.001,0.1,0.9795305489659454,0.9893440018766528,0.9920546508117158,0.9940650256527506,0.995336411167421,0.9957318697739286,0.9964129601624003,0.9974391214242547,0.997495560344599,0.9974995507983645,0.9965177764378448,1.0
4,0,1.2544103163225642,0.6210616021426832,8214,1.9046816160512525,0.6018991964937911,1369,1.908446610545198,0.5967,0.9906277531335378,0.08253427504798351,,,0.6,,0.600013531668938,0.399986468331062,0.9974384196577982,0.09965405948125697,5,0.001,0.1,1.0,0.9950353004216311,0.9940191544875465,0.9902137893781632,0.9898357290358072,0.9870334397059113,0.9865538418057207,0.9849671048354246,0.98395468249772,0.9821717981751112,0.9798143373407142,0.9807945578309751
4,1,1.363952056123215,0.6028901734104046,6574,1.9024345976965769,0.6122262773722628,1096,1.907738824621938,0.5975,0.9963642940890938,0.083261130370855,,,0.8678569177447912,,0.8678729182977161,0.13212708170228393,0.9976219270228025,0.09971759120126909,5,0.001,0.1,0.9950353004216311,1.0,0.9976311838249633,0.9956210525692356,0.994803471558925,0.9938602834879589,0.99278606485644,0.992764970727141,0.9918369183448662,0.99027219288386,0.9885806682274494,0.9897373838823473
4,2,1.4240417560161147,0.5844371433512018,5783,1.9029473143239175,0.6130705394190872,964,1.90772525761455,0.5974,0.9980459086350202,0.08348117192150696,,,0.9489454778458204,,0.9489662771479108,0.05103372285208918,0.9976273433982427,0.09972033419330742,5,0.001,0.1,0.9940191544875465,0.9976311838249633,1.0,0.9969232047636438,0.996651897708278,0.9958018682466644,0.9952351830656201,0.9949940879194717,0.9944384944141685,0.9926888570647615,0.9922617478391449,0.9923740592696061
4,3,1.4448525419436304,0.6132021940609041,5287,1.9012299861226762,0.6106696935300795,881,1.9077246710896112,0.5974,0.9985697114569062,0.08353908304578578,,,0.9702865821403845,,0.9703076521587845,0.02969234784121555,0.9976272214485878,0.09972040748245796,5,0.001,0.1,0.9902137893781632,0.9956210525692356,0.9969232047636438,1.0,0.9972683006659423,0.9974719905371582,0.9965726502953993,0.996673909630135,0.9966652720455923,0.9944609354099087,0.9929380475835655,0.9944213175616144
4,4,1.4726566233173493,0.5845997973657548,4935,1.9109705365621126,0.5754257907542579,822,1.907724357641543,0.5974,0.9985970872510906,0.08356544133164273,,,0.9799999996314852,,0.9800166246218381,0.01998337537816186,0.9976279405818236,0.09972042816633307,5,0.001,0.1,0.9898357290358072,0.994803471558925,0.996651897708278,0.9972683006659423,1.0,0.9968876848481735,0.99685676716041,0.9969178684091148,0.9962774137649688,0.9952605972556425,0.9936178599330399,0.9951792583550356
4,5,1.5085309979033796,0.6098992929076494,4667,1.9163263416290284,0.5848329048843187,778,1.9077246345270176,0.5974,0.9985228735573467,0.08350628510144248,,,0.9582000554221719,,0.958216139414852,0.04178386058514805,0.9976273667111049,0.09972036942347996,5,0.001,0.1,0.9870334397059113,0.9938602834879589,0.9958018682466644,0.9974719905371582,0.9968876848481735,1.0,0.9969803291825993,0.9969202153224308,0.9972092853566452,0.9955511567149544,0.994934117823153,0.9959941827542047
4,6,1.514678145306451,0.5990119020884797,4453,1.9141804426908493,0.5714285714285714,742,1.9077257683482796,0.5974,0.9983051905844461,0.08347698702519295,,,0.9474032817684432,,0.947424633436754,0.05257536656324602,0.9976267605031751,0.09972033362174897,5,0.001,0.1,0.9865538418057207,0.99278606485644,0.9952351830656201,0.9965726502953993,0.99685676716041,0.9969803291825993,1.0,0.9973593419296439,0.9974525720604307,0.9960489079181348,0.9940112865596374,0.99617855111172
4,7,1.529110065591869,0.5901332709843348,4277,1.9108127200085183,0.5624123422159888,713,1.9077252267648617,0.5974,0.9985866040770758,0.08350356886676306,,,0.9571990828404136,,0.9572157624612173,0.04278423753878269,0.9976270257891873,0.09972036915242952,5,0.001,0.1,0.9849671048354246,0.992764970727141,0.9949940879194717,0.996673909630135,0.9969178684091148,0.9969202153224308,0.9973593419296439,1.0,0.9980807766053931,0.9973931563713762,0.9957013328861243,0.9976186375608052
4,8,1.5457286218496469,0.5925405667231776,4129,1.8950793201273137,0.6075581395348837,688,1.9077266306161118,0.5974,0.9982999440927621,0.08343702490516544,,,0.9326766505389603,,0.9326896125109945,0.06731038748900553,0.9976265518831172,0.0997201649001417,5,0.001,0.1,0.98395468249772,0.9918369183448662,0.9944384944141685,0.9966652720455923,0.9962774137649688,0.9972092853566452,0.9974525720604307,0.9980807766053931,1.0,0.9966240133460078,0.9958578514803762,0.9975563612706052
4,9,1.5759631027304937,0.5766558360409898,4001,1.9122248036520821,0.5952023988005997,667,1.907733526473609,0.5975,0.9971750596363765,0.08332086411098315,,,0.8898696828888696,,0.8898908767554924,0.11010912324450761,0.9976259602927903,0.09971940918069301,5,0.001,0.1,0.9821717981751112,0.99027219288386,0.9926888570647615,0.9944609354099087,0.9952605972556425,0.9955511567149544,0.9960489079181348,0.9973931563713762,0.9966240133460078,1.0,0.9950909371647597,0.9969337893647154
4,10,1.579075003940551,0.5688866032399075,3889,1.9076443456468128,0.6080246913580247,648,1.9077694823566718,0.5975,0.9960434037410397,0.08316012332113393,,,0.8306343286580145,,0.8306559959791612,0.16934400402083882,0.997612926157295,0.09971569672042666,5,0.001,0.1,0.9798143373407142,0.9885806682274494,0.9922617478391449,0.9929380475835655,0.9936178599330399,0.994934117823153,0.9940112865596374,0.9957013328861243,0.9958578514803762,0.9950909371647597,1.0,0.9961506235998654
4,11,1.5968634757675042,0.5666051173832762,3791,1.911102646589279,0.6139240506329114,632,1.9077723296686484,0.5974,0.9972127816047552,0.08321404495154508,,,0.8505052455615956,,0.8505233856235683,0.14947661437643167,0.9976087630410172,0.09971690593339717,5,0.001,0.1,0.9807945578309751,0.9897373838823473,0.9923740592696061,0.9944213175616144,0.9951792583550356,0.9959941827542047,0.99617855111172,0.9976186375608052,0.9975563612706052,0.9969337893647154,0.9961506235998654,1.0
5,0,1.168455901823155,0.6390552714877039,8214,1.7824111761048782,0.6143170197224251,1369,1.7874270589968648,0.6123,0.9907339726562652,0.08263572317282969,,,0.98,,0.9800166246218381,0.01998337537816186,0.9971225592257277,0.09971606517954437,5,0.001,0.1,1.0,0.9947148196201724,0.9940437651865112,0.990080317120176,0.9898357317572387,0.9870342248027242,0.9864980779890916,0.9853557893301265,0.9839464556430898,0.9826250433569158,0.9801570600679321,0.9808475696450147
5,1,1.262910250668387,0.6200182537268025,6574,1.7789059025900704,0.6322992700729927,1096,1.7866293024331237,0.6133,0.9964460875046072,0.08326617147584243,,,0.98,,0.9800166246218381,0.01998337537816186,0.9977992440297436,0.09971606517954437,5,0.001,0.1,0.9947148196201724,1.0,0.9972576794224992,0.995629001624941,0.9945857307114951,0.9939390843607362,0.9927659090474225,0.9932333296840595,0.9917564819677966,0.990804212488443,0.9889925881703657,0.9897133751038182
5,2,1.3160974492684254,0.6065363997924953,5783,1.7787183830814977,0.6182572614107884,964,1.7866119252987944,0.6134,0.9981376700854184,0.08345581175779068,,,0.98,,0.9800166246218381,0.01998337537816186,0.9978290547451254,0.09971606517954437,5,0.001,0.1,0.9940437651865112,0.9972576794224992,1.0,0.9970614120037828,0.9965540620128214,0.9960231451783131,0.9953384268867659,0.9950887821645776,0.9943047890624039,0.9931478921772112,0.9923685405013212,0.9924178957803239
5,3,1.3295998708311334,0.6251182144883677,5287,1.779566649879728,0.6208853575482406,881,1.7866111658632564,0.6134,0.9985442984032166,0.08350447632868647,,,0.98,,0.9800166246218381,0.01998337537816186,0.997829918936517,0.09971606517954437,5,0.001,0.1,0.990080317120176,0.995629001624941,0.9970614120037828,1.0,0.9968759590352936,0.9971513464248685,0.9961169728848437,0.9965395253358326,0.9961375941915613,0.9945669878541372,0.9937260408706735,0.9945417102102838
5,4,1.3513652171627168,0.6063627152988855,4935,1.7915977377157946,0.5900243309002433,822,1.7866107617704252,0.6134,0.9983900384220694,0.08351566760806534,,,0.98,,0.9800166246218381,0.01998337537816186,0.9978298907557362,0.09971606517954437,5,0.001,0.1,0.9898357317572387,0.9945857307114951,0.9965540620128214,0.9968759590352936,1.0,0.9963484240397326,0.9964324191978632,0.9966846920677341,0.9954162802888644,0.9950128762921117,0.9941332204448019,0.9947011357312385
5,5,1.384149421077885,0.6241268480822798,4667,1.798651204109192,0.6066838046272494,778,1.786611123968618,0.6134,0.9983765307844171,0.08347893436467828,,,0.98,,0.9800166246218381,0.01998337537816186,0.9978291707158016,0.09971606517954437,5,0.001,0.1,0.9870342248027242,0.9939390843607362,0.9960231451783131,0.9971513464248685,0.9963484240397326,1.0,0.996247449110268,0.996502899196598,0.9965383690280033,0.9953357401205815,0.9955525349390559,0.9957248710523927
5,6,1.3881362926108496,0.615674825960027,4453,1.7942748069763184,0.5876010781671159,742,1.786612655027225,0.6134,0.9980457043838135,0.08345027408497906,,,0.98,,0.9800166246218381,0.01998337537816186,0.9978290435647336,0.09971606517954437,5,0.001,0.1,0.9864980779890916,0.9927659090474225,0.9953384268867659,0.9961169728848437,0.9964324191978632,0.996247449110268,1.0,0.9969449471044851,0.9965238533466958,0.9958802654684273,0.9941978857363685,0.9954879753177159
5,7,1.3988167807237426,0.6095861585223288,4277,1.7901535293330317,0.5806451612903226,713,1.7866118613142556,0.6134,0.9985035641145159,0.08348137010848558,,,0.98,,0.9800166246218381,0.01998337537816186,0.99782916667721,0.09971606517954437,5,0.001,0.1,0.9853557893301265,0.9932333296840595,0.9950887821645776,0.9965395253358326,0.9966846920677341,0.996502899196598,0.9969449471044851,1.0,0.9973401403980888,0.9974375772097532,0.9957801020914787,0.9969964231559669
5,8,1.413065757384667,0.6128360377815452,4129,1.772804249416698,0.627906976744186,688,1.7866137336237362,0.6133,0.9979707234689255,0.08342333275238768,,,0.98,,0.9800166246218381,0.01998337537816186,0.9978268831216284,0.09971606517954437,5,0.001,0.1,0.9839464556430898,0.9917564819677966,0.9943047890624039,0.9961375941915613,0.9954162802888644,0.9965383690280033,0.9965238533466958,0.9973401403980888,1.0,0.9966022931744701,0.9962307454438832,0.9967255954629166
5,9,1.4411615910038116,0.5962509372656836,4001,1.790809160187131,0.6176911544227887,667,1.7866229550145305,0.6134,0.9972897247805409,0.08333006697687416,,,0.98,,0.9800166246218381,0.01998337537816186,0.9978188069469864,0.09971606517954437,5,0.001,0.1,0.9826250433569158,0.990804212488443,0.9931478921772112,0.9945669878541372,0.9950128762921117,0.9953357401205815,0.9958802654684273,0.9974375772097532,0.9966022931744701,1.0,0.9952202076753099,0.9967403422920924
5,10,1.446386152017312,0.5916688094625868,3889,1.7841907228742326,0.6265432098765432,648,1.786665722584953,0.6132,0.9963894158924057,0.08320236551802343,,,0.98,,0.9800166246218381,0.01998337537816186,0.9977774296930244,0.09971606517954437,5,0.001,0.1,0.9801570600679321,0.9889925881703657,0.9923685405013212,0.9937260408706735,0.9941332204448019,0.9955525349390559,0.9941978857363685,0.9957801020914787,0.9962307454438832,0.9952202076753099,1.0,0.9962369528527337
5,11,1.4613947030876866,0.5920337641783171,3791,1.7931214094161987,0.6265822784810127,632,1.7866692931507342,0.6132,0.9970197301248502,0.08325580585135715,,,0.98,,0.9800166246218381,0.01998337537816186,0.9977911190019898,0.09971606517954437,5,0.001,0.1,0.9808475696450147,0.9897133751038182,0.9924178957803239,0.9945417102102838,0.9947011357312385,0.9957248710523927,0.9954879753177159,0.9969964231559669,0.9967255954629166,0.9967403422920924,0.9962369528527337,1.0
6,0,1.0971780133618454,0.6526418310202095,8214,1.6517674839773844,0.6347699050401753,1369,1.658110943465187,0.6307,0.9904496552075109,0.08269954125032361,,,0.98,,0.9800166246218381,0.01998337537816186,0.9983499311036251,0.0996824112585008,5,0.001,0.1,1.0,0.9939996379035896,0.9934483848666086,0.9892141901433966,0.9889597735641893,0.9863817478798578,0.9858091716535715,0.9849239321173284,0.9830295900446805,0.9821196439211252,0.9791729442067999,0.9806789770963088
6,1,1.1795784622141459,0.6357164587770003,6574,1.6466808353151594,0.6368613138686131,1096,1.657245125633459,0.6312,0.995956835178786,0.0832642915507446,,,0.98,,0.9800166246218381,0.01998337537816186,0.9983499311036251,0.0996824112585008,5,0.001,0.1,0.9939996379035896,1.0,0.9963536094282968,0.9948648731481917,0.9938748959053406,0.99323493012846,0.9919707320538479,0.9919266132324244,0.9903138438007286,0.9895608087440114,0.9881566193093658,0.9892671580639287
6,2,1.225817566418516,0.6215459104271139,5783,1.6456232763105823,0.6410788381742739,964,1.6572229462309767,0.6312,0.9976157414976802,0.08343424510970159,,,0.98,,0.9800166246218381,0.01998337537816186,0.9983499311036251,0.0996824112585008,5,0.001,0.1,0.9934483848666086,0.9963536094282968,1.0,0.996080380620577,0.995668108693286,0.9948854856621371,0.9946491417566989,0.9945593697574211,0.9929967012350105,0.9917344781264108,0.9912705272165266,0.9916948769445436
6,3,1.233654172449227,0.6371477208246643,5287,1.6496724145753043,0.6424517593643587,881,1.6572219723710617,0.6312,0.9982139119827992,0.08348342817715239,,,0.98,,0.9800166246218381,0.01998337537816186,0.9983499311036251,0.0996824112585008,5,0.001,0.1,0.9892141901433966,0.9948648731481917,0.996080380620577,1.0,0.9961688989609337,0.9964693036925577,0.9956503865978287,0.9957850718895979,0.9950371582386931,0.99350876543037,0.9934907034462057,0.9941838723631924
6,4,1.251538491018357,0.6218844984802432,4935,1.6642421575692983,0.621654501216545,822,1.65722143726227,0.6312,0.998020936655133,0.08348406311979716,,,0.98,,0.9800166246218381,0.01998337537816186,0.9983499311036251,0.0996824112585008,5,0.001,0.1,0.9889597735641893,0.9938748959053406,0.995668108693286,0.9961688989609337,1.0,0.9958466591646628,0.995596265932893,0.9957561166838468,0.9944229678926743,0.9936085358958112,0.9937113674600443,0.9945313815298117
6,5,1.2807784142559522,0.6346689522176987,4667,1.6731434965133667,0.6259640102827764,778,1.6572220653009873,0.6312,0.9980966772195128,0.08346396769132211,,,0.98,,0.9800166246218381,0.01998337537816186,0.9983499311036251,0.0996824112585008,5,0.001,0.1,0.9863817478798578,0.99323493012846,0.9948854856621371,0.9964693036925577,0.9958466591646628,1.0,0.9959668426238611,0.9957699591838924,0.9956758581705368,0.9941986290349705,0.9952344880796518,0.9953686334031363
6,6,1.2819768989937645,0.6350325623175387,4453,1.6661901623010635,0.610512129380054,742,1.657224066341266,0.6312,0.9978916564543513,0.08343975832460852,,,0.98,,0.9800166246218381,0.01998337537816186,0.9983499311036251,0.0996824112585008,5,0.001,0.1,0.9858091716535715,0.9919707320538479,0.9946491417566989,0.9956503865978287,0.995596265932893,0.9959668426238611,1.0,0.9965520841973157,0.9961483905683749,0.994831270925438,0.993966446201819,0.9954337130125367
6,7,1.2895125076841951,0.6254383913958382,4277,1.6613342710163281,0.5904628330995793,713,1.6572229435649544,0.6312,0.9982453111338019,0.0834702629620827,,,0.98,,0.9800166246218381,0.01998337537816186,0.9983499311036251,0.0996824112585008,5,0.001,0.1,0.9849239321173284,0.9919266132324244,0.9945593697574211,0.9957850718895979,0.9957561166838468,0.9957699591838924,0.9965520841973157,1.0,0.9968847613207032,0.9967525488531733,0.9953152014352128,0.9965727420063503
6,8,1.3023036549641536,0.6238314361830952,4129,1.6433333971283652,0.6482558139534884,688,1.6572253418425782,0.6312,0.9975481860950712,0.08341213218215147,,,0.98,,0.9800166246218381,0.01998337537816186,0.9983499311036251,0.0996824112585008,5,0.001,0.1,0.9830295900446805,0.9903138438007286,0.9929967012350105,0.9950371582386931,0.9944229678926743,0.9956758581705368,0.9961483905683749,0.9968847613207032,1.0,0.9959176810140599,0.9955943632873259,0.9964309188311121
6,9,1.3340366126052916,0.616895776055986,4001,1.660308525675819,0.6476761619190404,667,1.657237405975025,0.6312,0.9966342639673779,0.08332538108764025,,,0.98,,0.9800166246218381,0.01998337537816186,0.9983499311036251,0.0996824112585008,5,0.001,0.1,0.9821196439211252,0.9895608087440114,0.9917344781264108,0.99350876543037,0.9936085358958112,0.9941986290349705,0.994831270925438,0.9967525488531733,0.9959176810140599,1.0,0.993828854236322,0.9954628921898465
6,10,1.3347561786409283,0.6087940344561584,3889,1.6513479210081554,0.6435185185185185,648,1.6572873916108006,0.6312,0.9961608718312811,0.08323172639428708,,,0.98,,0.9800166246218381,0.01998337537816186,0.9983499311036251,0.0996824112585008,5,0.001,0.1,0.9791729442067999,0.9881566193093658,0.9912705272165266,0.9934907034462057,0.9937113674600443,0.9952344880796518,0.993966446201819,0.9953152014352128,0.9955943632873259,0.993828854236322,1.0,0.9961069862379098
