round,client_id,client_i_training_loss,client_i_training_accuracy,client_i_training_dataset_size,client_i_evaluation_loss,client_i_evaluation_accuracy,client_i_evaluation_dataset_size,client_i_central_evaluation_loss,client_i_central_evaluation_accuracy,client_i_cosine_similarity,client_i_importance_coefficient,client_i_tanh_val,tanh_normalization_value,client_i_q,client_i_mask_order,client_i_v_nonzero_fraction,client_i_v_sparsity,client_i_v_cosine_similarity,client_i_reward_gradient_norm,local_epochs,learning_rate,gamma,client_0_cosine_similarity,client_1_cosine_similarity,client_2_cosine_similarity,client_3_cosine_similarity,client_4_cosine_similarity,client_5_cosine_similarity,client_6_cosine_similarity,client_7_cosine_similarity,client_8_cosine_similarity,client_9_cosine_similarity,client_10_cosine_similarity,client_11_cosine_similarity
0,0,1.882827649830844,0.43416118821524224,8214,2.245318346245344,0.2753834915997078,1369,2.2444107296367806,0.2869,0.9739604251564883,0.08200187639190305,,,0.8,,0.800016431312282,0.19998356868771805,0,0.09890239027360048,5,0.001,0.1,1.0,0.9896797778710303,0.9815222318123779,0.9735845375336355,0.9682971602822301,0.9545369592897042,0.9521890652444864,0.9469755145849852,0.9381916940390627,0.9360341016033226,0.9280091825776484,0.9262023469831177
0,1,2.024383900235,0.4018557955582598,6574,2.2428492409842353,0.2965328467153285,1096,2.2444043662220525,0.2873,0.9892984161179831,0.08329324717703791,,,0.9128340985233093,,0.9128560520389325,0.0871439479610675,0,0.09891798018888655,5,0.001,0.1,0.9896797778710303,1.0,0.989943865306524,0.9875759471959923,0.983271871360844,0.9783370052021879,0.9760590156948442,0.9705327576625685,0.9650916043779163,0.9627169071308328,0.9550090448292349,0.9498735630691829
0,2,2.0835207823231734,0.354521874459623,5783,2.2470922931548087,0.2842323651452282,964,2.2444042412998577,0.2873,0.9943169516345717,0.08371577905664027,,,0.949753010025022,,0.9497733445452876,0.05022665545471239,0,0.09891929005498755,5,0.001,0.1,0.9815222318123779,0.989943865306524,1.0,0.9917155056536412,0.9922128601263549,0.9835905609349311,0.9818608344819123,0.9813121375269801,0.9750360761596198,0.9746870783652029,0.9667715818878588,0.9698301928845693
0,3,2.108462417556579,0.34552676376016644,5287,2.2457360795566013,0.26787741203178206,881,2.2444038726270388,0.2872,0.9968640618619349,0.08393023111508734,,,0.9684908543141169,,0.968500207807773,0.03149979219222698,0,0.09891967631509269,5,0.001,0.1,0.9735845375336355,0.9875759471959923,0.9917155056536412,1.0,0.9949600026364168,0.990972918574851,0.9919516919319551,0.986431998767816,0.9845143039539406,0.9816451959108577,0.9788141384529193,0.9717823412087505
0,4,2.131592496902712,0.35627152988855115,4935,2.244591786311223,0.291970802919708,822,2.2444038916700566,0.2872,0.997069206067919,0.08394750307951948,,,0.9699999999126245,,0.9700176878243976,0.029982312175602432,0,0.09891967683844714,5,0.001,0.1,0.9682971602822301,0.983271871360844,0.9922128601263549,0.9949600026364168,1.0,0.9923998609267596,0.9922913757931706,0.9889782617505403,0.9886136876591062,0.9859016553666269,0.9789642394395439,0.9794838413296967
0,5,2.153766841104586,0.34407542318405826,4667,2.2420502376556395,0.3264781491002571,778,2.2444041354206803,0.2872,0.9950963351887118,0.08378139867753832,,,0.9554865536785594,,0.9555049728883347,0.04449502711166531,0,0.0989194316037402,5,0.001,0.1,0.9545369592897042,0.9783370052021879,0.9835905609349311,0.990972918574851,0.9923998609267596,1.0,0.9963363314147754,0.9916820350852147,0.9919619693596808,0.9897228498850366,0.9860584803871197,0.9834601767835701
0,6,2.156733055285045,0.35315517628565013,4453,2.2440007428328195,0.2574123989218329,742,2.244404136182401,0.2872,0.9947086656820393,0.08374875913064712,,,0.9526346587061226,,0.9526536569335305,0.047346343066469454,0,0.09891943001934773,5,0.001,0.1,0.9521890652444864,0.9760590156948442,0.9818608344819123,0.9919516919319551,0.9922913757931706,0.9963363314147754,1.0,0.9927483478621055,0.9936096997760281,0.9919153306848332,0.9888345809039809,0.9798904925206972
0,7,2.1727981739969398,0.3263970072480711,4277,2.244745047196098,0.2959326788218794,713,2.244404405831529,0.2873,0.9928207568136764,0.08358980804222092,,,0.9387462364355226,,0.9387740307942123,0.06122596920578771,0,0.0989190922692595,5,0.001,0.1,0.9469755145849852,0.9705327576625685,0.9813121375269801,0.986431998767816,0.9889782617505403,0.9916820350852147,0.9927483478621055,1.0,0.9935712982738124,0.9960277488139424,0.9915309518709347,0.9830625005421634
0,8,2.184075083916004,0.3499152337127634,4129,2.243270754814148,0.30523255813953487,688,2.2444039602249193,0.2873,0.9899613867480354,0.08334906549804236,,,0.9177112492255869,,0.9177322855955384,0.08226771440446157,0,0.0989182735195337,5,0.001,0.1,0.9381916940390627,0.9650916043779163,0.9750360761596198,0.9845143039539406,0.9886136876591062,0.9919619693596808,0.9936096997760281,0.9935712982738124,1.0,0.9951487860445221,0.9897728412864245,0.9811123983743913
0,9,2.1851932080965195,0.3279680079980005,4001,2.2443745136260986,0.2698650674662669,667,2.244404370030656,0.2873,0.9890031802257977,0.08326839000983469,,,0.9106621924483811,,0.9106861522699374,0.08931384773006257,0,0.0989179737058806,5,0.001,0.1,0.9360341016033226,0.9627169071308328,0.9746870783652029,0.9816451959108577,0.9859016553666269,0.9897228498850366,0.9919153306848332,0.9960277488139424,0.9951487860445221,1.0,0.9922581338743406,0.9825573517771538
0,10,2.182180348576092,0.31051684237593213,3889,2.242244323094686,0.30092592592592593,648,2.244405823393752,0.2874,0.9840371279764399,0.08285027692003216,,,0.8741293746769643,,0.8741361479204725,0.12586385207952755,0,0.09891516032356924,5,0.001,0.1,0.9280091825776484,0.9550090448292349,0.9667715818878588,0.9788141384529193,0.9789642394395439,0.9860584803871197,0.9888345809039809,0.9915309518709347,0.9897728412864245,0.9922581338743406,1.0,0.9799036752269724
0,11,2.1913105758298346,0.3130044843049327,3791,2.245638358592987,0.28322784810126583,632,2.2444063116567206,0.2874,0.9801578608860884,0.08252366490149651,,,0.8455915038326121,,0.8456133228946173,0.15438667710538267,0,0.0989124766332052,5,0.001,0.1,0.9262023469831177,0.9498735630691829,0.9698301928845693,0.9717823412087505,0.9794838413296967,0.9834601767835701,0.9798904925206972,0.9830625005421634,0.9811123983743913,0.9825573517771538,0.9799036752269724,1.0
1,0,1.6344713057989277,0.5307280253226199,8214,2.1812751847644183,0.3462381300219138,1369,2.179583522839287,0.3654,0.9832825606735022,0.08214017008328911,,,0.8,,0.800016431312282,0.19998356868771805,0.978506336504959,0.09946721377285178,5,0.001,0.1,1.0,0.9941991687626791,0.9901958021742662,0.9859903815092247,0.9834121277288219,0.9757896454884593,0.9760498375262827,0.9732321018847991,0.9681210154174181,0.9672176889323479,0.9635213506417595,0.9617775537352342
1,1,1.776048031651858,0.5066017645269243,6574,2.1760906151362827,0.3740875912408759,1096,2.17954775776726,0.366,0.9923904158601429,0.0832276040235352,,,0.910508329555368,,0.9105315046249312,0.08946849537506885,0.9786289015406349,0.09948940047202273,5,0.001,0.1,0.9941991687626791,1.0,0.9953942600888188,0.9934808227708726,0.9912169660585401,0.9881145049962469,0.9876161210106765,0.9847880363965938,0.9816578631161049,0.9797186974101261,0.9764108457739566,0.9754796297992059
1,2,1.8553176381969978,0.47120871519972335,5783,2.1828096297479447,0.36410788381742737,964,2.179545279889823,0.366,0.9960650501167474,0.08360585852425607,,,0.9489476972028449,,0.9489662771479108,0.05103372285208918,0.9786424048465339,0.09949131645500547,5,0.001,0.1,0.9901958021742662,0.9953942600888188,1.0,0.9951303446570263,0.9953897114689612,0.9920601924355544,0.9918994356571772,0.990964999540732,0.9871249725495257,0.987216930584373,0.9824422374422448,0.9840615600116083
1,3,1.896357925397804,0.4580291280499338,5287,2.180765220097133,0.3473325766174801,881,2.179543567541689,0.366,0.9978422532035198,0.08379499942132408,,,0.9681687678463262,,0.9681860797788538,0.03181392022114615,0.9786423395678404,0.09949199963771052,5,0.001,0.1,0.9859903815092247,0.9934808227708726,0.9951303446570263,1.0,0.996947363564664,0.9951233846431943,0.9961818003134759,0.9927774775726635,0.992086218237321,0.9901296905488368,0.9884882906325173,0.9866892750908552
1,4,1.9279449885891329,0.4703951367781155,4935,2.17989221902994,0.3746958637469586,822,2.1795435980105173,0.366,0.998071598498264,0.08381301927461368,,,0.9699999998983769,,0.9700176878243976,0.029982312175602432,0.978642461403181,0.09949200210796728,5,0.001,0.1,0.9834121277288219,0.9912169660585401,0.9953897114689612,0.996947363564664,1.0,0.9957609459344269,0.9961507071948297,0.9937851363657675,0.9935505787940172,0.991854940677616,0.9882445235341397,0.9894259897925015
1,5,1.9680784818244308,0.46938075851724875,4667,2.1764844417572022,0.40359897172236503,778,2.179544344496803,0.366,0.9979112535919111,0.08370582931730855,,,0.9591070318857906,,0.9591246943292642,0.04087530567073583,0.97864006383323,0.09949181090107134,5,0.001,0.1,0.9757896454884593,0.9881145049962469,0.9920601924355544,0.9951233846431943,0.9957609459344269,1.0,0.9974011817015126,0.9956046393030684,0.9953358026205241,0.9931180850824602,0.992157464116841,0.9933216314152049
1,6,1.9728505834511347,0.4607231080170672,4453,2.1789139409859977,0.35983827493261455,742,2.179544687271118,0.366,0.9981240999575947,0.08369266445511608,,,0.95776917872904,,0.9577860256521781,0.042213974347821925,0.978642284702781,0.0994915810848995,5,0.001,0.1,0.9760498375262827,0.9876161210106765,0.9918994356571772,0.9961818003134759,0.9961507071948297,0.9974011817015126,1.0,0.9956772106588193,0.9960680484288855,0.9944679027102165,0.9929672520164486,0.9918353383857041
1,7,2.0041688687765777,0.4491465980827683,4277,2.1788529105808423,0.3590462833099579,713,2.179545617332093,0.366,0.9973777493298677,0.08357092665567223,,,0.9453978149501585,,0.945428712268391,0.05457128773160902,0.9786391305836102,0.0994913144625265,5,0.001,0.1,0.9732321018847991,0.9847880363965938,0.990964999540732,0.9927774775726635,0.9937851363657675,0.9956046393030684,0.9956772106588193,1.0,0.9955584082634281,0.9969323615774147,0.9947617352951833,0.9933669020159192
1,8,2.022838273048401,0.4499394526519738,4129,2.177839842709628,0.3706395348837209,688,2.179545839754537,0.366,0.996019910817516,0.0833791950098659,,,0.9259134645755843,,0.9259334435197804,0.07406655648021965,0.9786344605509791,0.0994903473970336,5,0.001,0.1,0.9681210154174181,0.9816578631161049,0.9871249725495257,0.992086218237321,0.9935505787940172,0.9953358026205241,0.9960680484288855,0.9955584082634281,1.0,0.9954789313196507,0.994326615697989,0.9918643905671861
1,9,2.0271466476576667,0.4361909522619345,4001,2.1823706172761463,0.3493253373313343,667,2.1795469739566595,0.366,0.995406448060349,0.0833098226650299,,,0.9188636368468021,,0.9188873101941795,0.08111268980582054,0.9786334992022356,0.09948988449032539,5,0.001,0.1,0.9672176889323479,0.9797186974101261,0.987216930584373,0.9901296905488368,0.991854940677616,0.9931180850824602,0.9944679027102165,0.9969323615774147,0.9954789313196507,1.0,0.9944680590729286,0.9932908127751361
1,10,2.0245533327587317,0.40848547184366163,3889,2.1774655069623674,0.375,648,2.1795513698468194,0.3658,0.9934334157157904,0.08298928077681803,,,0.8862891996255384,,0.8863098172258146,0.11369018277418541,0.9786152240179966,0.0994869488161139,5,0.001,0.1,0.9635213506417595,0.9764108457739566,0.9824422374422448,0.9884882906325173,0.9882445235341397,0.992157464116841,0.9929672520164486,0.9947617352951833,0.994326615697989,0.9944680590729286,1.0,0.992589605827332
1,11,2.041549702051307,0.4638353996307043,3791,2.178572618961334,0.38449367088607594,632,2.179555768783862,0.3659,0.9928742452335356,0.08277062979317125,,,0.8640692246328733,,0.8640888837339674,0.13591111626603258,0.9786125039934648,0.09948382583196616,5,0.001,0.1,0.9617775537352342,0.9754796297992059,0.9840615600116083,0.9866892750908552,0.9894259897925015,0.9933216314152049,0.9918353383857041,0.9933669020159192,0.9918643905671861,0.9932908127751361,0.992589605827332,1.0
2,0,1.45314684707367,0.5856586316045775,8214,2.0999800770781762,0.4799123447772096,1369,2.0973202588078315,0.481,0.9877767056846786,0.08232516537274695,,,0.8,,0.800016431312282,0.19998356868771805,0.9887853839026413,0.09960260371753599,5,0.001,0.1,1.0,0.9949957693605305,0.992020462531278,0.9893187596725342,0.9878494846386842,0.9820471013959762,0.9820241334571064,0.9811373491116566,0.9780620259009329,0.9758490412743793,0.9751686274848965,0.9714251469643672
2,1,1.57276466292085,0.5743230909644053,6574,2.0914111409868514,0.49452554744525545,1096,2.0972091869805185,0.4816,0.9947587881057409,0.08321815934014323,,,0.9104809981162146,,0.9105073409303989,0.08949265906960113,0.9891540394584056,0.09962889311674737,5,0.001,0.1,0.9949957693605305,1.0,0.9961515954126661,0.9946858548170564,0.993864338321177,0.9912804740761317,0.9904052730494772,0.9900877597815406,0.9878712012707007,0.9860764679260128,0.9848692554422996,0.9829567799477141
2,2,1.6464295205490365,0.545011239840913,5783,2.101440583505938,0.4636929460580913,964,2.0971999556873553,0.4816,0.9969491961608224,0.08352108314707744,,,0.9479586583974328,,0.9479852311499019,0.05201476885009815,0.9891640628609761,0.09963138083206456,5,0.001,0.1,0.992020462531278,0.9961515954126661,1.0,0.9958689822663392,0.9960772140629464,0.9936439962058962,0.9936096152080139,0.9932604955754033,0.991407386170955,0.990838954740903,0.9883990018928801,0.9880913699244507
2,3,1.6942372130342276,0.5344051446945337,5287,2.0984205348151073,0.4642451759364359,881,2.0971957944071713,0.4818,0.9983019938484465,0.08368087476875238,,,0.9677280392642821,,0.9677414677994607,0.032258532200539314,0.9891657836193084,0.09963235782016261,5,0.001,0.1,0.9893187596725342,0.9946858548170564,0.9958689822663392,1.0,0.9970668211416944,0.9959384957905524,0.9963456362514527,0.9951950739509577,0.9948371561682945,0.9930929566163951,0.9927424581115725,0.9903999717427537
2,4,1.718449842237657,0.5486524822695036,4935,2.097558094904973,0.4793187347931874,822,2.0971957959306127,0.4818,0.9985280813660662,0.08369923853406289,,,0.9699999998762803,,0.9700176878243976,0.029982312175602432,0.9891658077658712,0.09963235893684214,5,0.001,0.1,0.9878494846386842,0.993864338321177,0.9960772140629464,0.9970668211416944,1.0,0.9964088028096402,0.9966021894070423,0.9959076131975072,0.9961373044733715,0.9939884981888853,0.9925753513647891,0.9916966125356494
2,5,1.764943656692766,0.5526462395543176,4667,2.0936098098754883,0.5012853470437018,778,2.0971973856417137,0.4817,0.9982915703206238,0.08362580733544628,,,0.9609151097065434,,0.9609273059413692,0.039072694058630786,0.9891705370848968,0.09963206553280578,5,0.001,0.1,0.9820471013959762,0.9912804740761317,0.9936439962058962,0.9959384957905524,0.9964088028096402,1.0,0.9979428958872113,0.9969298693980426,0.996082643619986,0.9955813113285911,0.9945830742650503,0.9948617632754811
2,6,1.77139575447355,0.5505052773411183,4453,2.0959086815516152,0.477088948787062,742,2.097197859431989,0.4817,0.9982962300555185,0.0836178775522312,,,0.9599340388410798,,0.9599510926822667,0.04004890731773325,0.9891669669674532,0.09963206534061275,5,0.001,0.1,0.9820241334571064,0.9904052730494772,0.9936096152080139,0.9963456362514527,0.9966021894070423,0.9979428958872113,1.0,0.9971638478598656,0.996566812172874,0.9958768622802817,0.9950979408997185,0.9937100613477379
2,7,1.8054999310578872,0.5347205985503858,4277,2.0952667775361435,0.4740532959326788,713,2.0972005193606735,0.4816,0.9981320890068176,0.08353785504867843,,,0.9500336740154965,,0.9500536434018616,0.0499463565981384,0.9891640317186038,0.09963138160679888,5,0.001,0.1,0.9811373491116566,0.9900877597815406,0.9932604955754033,0.9951950739509577,0.9959076131975072,0.9969298693980426,0.9971638478598656,1.0,0.996894562591038,0.9972542850644923,0.9955963595898413,0.9939666708469195
2,8,1.8298238702003773,0.5348510535238556,4129,2.0946908213875512,0.48255813953488375,688,2.097204085736991,0.4816,0.9974754807634852,0.08339896308322262,,,0.932849993571806,,0.932868423850533,0.06713157614946696,0.9891496887532728,0.09963053135594163,5,0.001,0.1,0.9780620259009329,0.9878712012707007,0.991407386170955,0.9948371561682945,0.9961373044733715,0.996082643619986,0.996566812172874,0.996894562591038,1.0,0.9971139813718322,0.9957576698403547,0.9947923403132527
2,9,1.8365525308109465,0.5220694826293427,4001,2.1038302921113514,0.4542728635682159,667,2.097206377754577,0.4817,0.9967912948816477,0.0833342817780386,,,0.9248476381057044,,0.9248654082214555,0.07513459177854453,0.9891488634966245,0.09963005267391939,5,0.001,0.1,0.9758490412743793,0.9860764679260128,0.990838954740903,0.9930929566163951,0.9939884981888853,0.9955813113285911,0.9958768622802817,0.9972542850644923,0.9971139813718322,1.0,0.9960222340366879,0.9956518030128081
2,10,1.8366703541552434,0.5105168423759321,3889,2.0948297636849538,0.49691358024691357,648,2.0972212427340375,0.4809,0.9957946418180336,0.08310534397381093,,,0.8965235082223241,,0.8965407254907647,0.10345927450923531,0.9891078307748246,0.09962737956822537,5,0.001,0.1,0.9751686274848965,0.9848692554422996,0.9883990018928801,0.9927424581115725,0.9925753513647891,0.9945830742650503,0.9950979408997185,0.9955963595898413,0.9957576698403547,0.9960222340366879,1.0,0.9946470613503708
2,11,1.8551129112724496,0.5514639936692166,3791,2.0933250188827515,0.5158227848101266,632,2.0972355303292076,0.4807,0.994686716015306,0.08293535006578896,,,0.87549190295101,,0.8755183112477165,0.12448168875228349,0.989064633041257,0.099624152758683,5,0.001,0.1,0.9714251469643672,0.9829567799477141,0.9880913699244507,0.9903999717427537,0.9916966125356494,0.9948617632754811,0.9937100613477379,0.9939666708469195,0.9947923403132527,0.9956518030128081,0.9946470613503708,1.0
3,0,1.3173706892863322,0.6191380569758949,8214,2.0013494408407877,0.5573411249086925,1369,1.9975791202185633,0.5572,0.9896865784045508,0.08247990341204726,,,0.8,,0.800016431312282,0.19998356868771805,0.9938558476505577,0.09966750235770691,5,0.001,0.1,1.0,0.9949848165760138,0.9931169641910655,0.9909423041680829,0.9891992600422354,0.9849027368582991,0.9842940824589217,0.9840425757993382,0.9822084824004224,0.9796163778378805,0.9803895078190917,0.9766080603500155
3,1,1.4154401149564577,0.619592333434743,6574,1.9885055780410767,0.5638686131386861,1096,1.9973749733580568,0.5572,0.9960024356110819,0.08323184549587946,,,0.9125630134975609,,0.9125902513990779,0.0874097486009221,0.9939678250672914,0.09969079194931015,5,0.001,0.1,0.9949848165760138,1.0,0.9965064778968481,0.9958223761811478,0.9945782800422648,0.9932728054591676,0.9920986924291474,0.9923796376569026,0.9909193808048293,0.9888616350646804,0.9893429267762696,0.9869837904845378
3,2,1.4787084210643453,0.5926335811862355,5783,2.0028251217257593,0.520746887966805,964,1.9973567080573913,0.5571,0.9975921969693499,0.08346907057629341,,,0.9480747510405736,,0.9480963841447502,0.05190361585524983,0.993969710332349,0.09969385612176561,5,0.001,0.1,0.9931169641910655,0.9965064778968481,1.0,0.9966551290252833,0.9971146051365115,0.9947168622376441,0.9943306172502141,0.9945264174270224,0.9936889879098696,0.9921172198371209,0.9912477926622966,0.9907019045444356
3,3,1.5229563292250576,0.5850955173066011,5287,1.9986535438469477,0.5448354143019296,881,1.997349463712674,0.5571,0.9985031086798261,0.08359654180066947,,,0.9671567328294736,,0.9671712046084998,0.03282879539150019,0.9939654403587995,0.09969523672059256,5,0.001,0.1,0.9909423041680829,0.9958223761811478,0.9966551290252833,1.0,0.9971509213944296,0.9964874056245521,0.9962396868217727,0.9958057965925912,0.9955957350871288,0.9941547574411779,0.994192271610868,0.9925399879762826
3,4,1.5397220413915573,0.5937993920972644,4935,1.997591651402987,0.5717761557177615,822,1.9973494477165392,0.5571,0.998742303765565,0.08361553535869624,,,0.9699999998503036,,0.9700176878243976,0.029982312175602432,0.9939654423375147,0.09969523710128136,5,0.001,0.1,0.9891992600422354,0.9945782800422648,0.9971146051365115,0.9971509213944296,1.0,0.9969954500688442,0.9965668414138042,0.9964880225307267,0.9968679413233374,0.9950154004181376,0.9944544192307073,0.9939944726230133
3,5,1.5853943099714305,0.6046710949217913,4667,1.9935488176345826,0.577120822622108,778,1.997353806663245,0.5571,0.9984596684112108,0.08356134803200073,,,0.9618883528001231,,0.9619083519393781,0.03809164806062193,0.9939620758088595,0.09969481321929055,5,0.001,0.1,0.9849027368582991,0.9932728054591676,0.9947168622376441,0.9964874056245521,0.9969954500688442,1.0,0.9974186890104063,0.9970900264716639,0.9967044273894589,0.9958401722261461,0.9956541305228946,0.9959268488987713
3,6,1.590605793935912,0.6022007635302044,4453,1.9952282706896465,0.5471698113207547,742,1.9973544183249672,0.5571,0.9982474756733859,0.08354962910906798,,,0.9601340723726552,,0.9601492349774311,0.0398507650225689,0.9939620545937504,0.09969481285066997,5,0.001,0.1,0.9842940824589217,0.9920986924291474,0.9943306172502141,0.9962396868217727,0.9965668414138042,0.9974186890104063,1.0,0.9971881107566208,0.9965828443187669,0.9963646946018557,0.9963207944846626,0.9950584821797526
3,7,1.6190647644783134,0.5927986906710311,4277,1.9942914558493572,0.5596072931276297,713,1.9973565267678648,0.5571,0.9983051292464012,0.08350238719495594,,,0.9530621284953515,,0.9530789379572979,0.04692106204270208,0.9939648480804513,0.09969435034249045,5,0.001,0.1,0.9840425757993382,0.9923796376569026,0.9945264174270224,0.9958057965925912,0.9964880225307267,0.9970900264716639,0.9971881107566208,1.0,0.9970288972312992,0.9970973819210524,0.9963381767310927,0.9951713784799857
3,8,1.6555017690475171,0.592201501574231,4129,1.9939389120448718,0.5668604651162791,688,1.9973639051754253,0.5571,0.9979520543380092,0.08340575650642482,,,0.9385968635084878,,0.9386290486270189,0.0613709513729811,0.9939741879971791,0.09969333695003513,5,0.001,0.1,0.9822084824004224,0.9909193808048293,0.9936889879098696,0.9955957350871288,0.9968679413233374,0.9967044273894589,0.9965828443187669,0.9970288972312992,1.0,0.9972071303573907,0.9964884909169808,0.9956279050944815
3,9,1.6529331382304904,0.5812046988252937,4001,2.0086745761689686,0.5442278860569715,667,1.997368815607918,0.5572,0.9971389153195311,0.0833398051368663,,,0.9287241817402804,,0.9287364320855201,0.07126356791447985,0.9939686790208788,0.09969216230078365,5,0.001,0.1,0.9796163778378805,0.9888616350646804,0.9921172198371209,0.9941547574411779,0.9950154004181376,0.9958401722261461,0.9963646946018557,0.9970973819210524,0.9972071303573907,1.0,0.9969370186799487,0.9959724956253271
3,10,1.6546176408157973,0.5775263563898174,3889,1.9941593238285609,0.5632716049382716,648,1.9973947480082892,0.5571,0.9969575056868445,0.08319346408849157,,,0.9068174554675588,,0.906839292100405,0.09316070789959496,0.9939673814629177,0.09969009064652479,5,0.001,0.1,0.9803895078190917,0.9893429267762696,0.9912477926622966,0.994192271610868,0.9944544192307073,0.9956541305228946,0.9963207944846626,0.9963381767310927,0.9964884909169808,0.9969370186799487,1.0,0.9956729425598856
3,11,1.6718096360439012,0.599366921656555,3791,1.989996862411499,0.5806962025316456,632,1.9974168253401978,0.557,0.9958911825225861,0.0830547132886066,,,0.8860469619733621,,0.8860681802804922,0.11393181971950783,0.993960789988337,0.09968751908949705,5,0.001,0.1,0.9766080603500155,0.9869837904845378,0.9907019045444356,0.9925399879762826,0.9939944726230133,0.9959268488987713,0.9950584821797526,0.9951713784799857,0.9956279050944815,0.9959724956253271,0.9956729425598856,1.0
4,0,1.212630262309939,0.6441684928171415,8214,1.8868004028187242,0.5997078159240321,1369,1.8816892297123187,0.5986,0.9905078509426095,0.0825968017192572,,,0.97,,0.9700176878243976,0.029982312175602432,0.9958973588696822,0.09970935288836401,5,0.001,0.1,1.0,0.994917495010148,0.993203136643857,0.9914952637440417,0.9893749221926357,0.9862551608906475,0.9865320094852892,0.9852934457871445,0.9824847015649736,0.981290752271887,0.9820983552949524,0.978850467400492
4,1,1.2925842591281076,0.6484636446607849,6574,1.8686370509011405,0.6085766423357665,1096,1.8814473350208027,0.5988,0.9961304778805078,0.08323976640801188,,,0.97,,0.9700176878243976,0.029982312175602432,0.996123738534899,0.09970935288836401,5,0.001,0.1,0.994917495010148,1.0,0.9964031867209412,0.9957095799203822,0.9943114715374866,0.9933370873395273,0.9929351427106948,0.9923785747226296,0.990432358296728,0.9899416539541328,0.990321900494679,0.9882899106844406
4,2,1.3452288369447487,0.6270447864430226,5783,1.8885147725382159,0.5674273858921162,964,1.881424694015576,0.5989,0.9978071413022586,0.0834394725647027,,,0.97,,0.9700176878243976,0.029982312175602432,0.9961579343438439,0.09970935288836401,5,0.001,0.1,0.993203136643857,0.9964031867209412,1.0,0.9966985381787107,0.9970548500336166,0.9949355928271071,0.995361765902684,0.994788166680273,0.9934623211011069,0.9929515069670547,0.9922120725402964,0.9919256722810404
4,3,1.3834622741463674,0.6184225458672215,5287,1.8828504426138741,0.5800227014755959,881,1.88141596050689,0.5989,0.9983572218367481,0.08353545238535373,,,0.97,,0.9700176878243976,0.029982312175602432,0.9961667288686701,0.09970935288836401,5,0.001,0.1,0.9914952637440417,0.9957095799203822,0.9966985381787107,1.0,0.996782712966334,0.9962154448729662,0.9965875164190122,0.9956294741365497,0.9946818755671918,0.9944195390183047,0.9944791926888088,0.9928544248635198
4,4,1.391509605992225,0.6288956433637285,4935,1.88154975267557,0.6155717761557178,822,1.881415950604521,0.5989,0.9986816115914308,0.08355758263101029,,,0.97,,0.9700176878243976,0.029982312175602432,0.9961667304987667,0.09970935288836401,5,0.001,0.1,0.9893749221926357,0.9943114715374866,0.9970548500336166,0.996782712966334,1.0,0.9966565992846858,0.9970628810065,0.9963296462522946,0.9963931410828455,0.99570487656349,0.9949145557220573,0.9948264668610539
4,5,1.4356642713285472,0.6344546818084422,4667,1.87775860786438,0.6143958868894601,778,1.8814206500403798,0.5989,0.9983781703858443,0.08351453428457148,,,0.97,,0.9700176878243976,0.029982312175602432,0.9961709365009461,0.09970935288836401,5,0.001,0.1,0.9862551608906475,0.9933370873395273,0.9949355928271071,0.9962154448729662,0.9966565992846858,1.0,0.9972027862043906,0.9969546318750159,0.9962138214487218,0.9958968955445883,0.9959518802084935,0.9961403869576735
4,6,1.4365177972827639,0.6340444644060184,4453,1.878202999631564,0.5822102425876011,742,1.8814213854817157,0.5989,0.9986076285198618,0.08351475384070357,,,0.97,,0.9700176878243976,0.029982312175602432,0.9961709446295965,0.09970935288836401,5,0.001,0.1,0.9865320094852892,0.9929351427106948,0.995361765902684,0.9965875164190122,0.9970628810065,0.9972027862043906,1.0,0.9972730073912878,0.9968488901491542,0.9966272790705938,0.9967266830148168,0.9953447383205911
4,7,1.4615358193418873,0.6274023848491933,4277,1.8772690296173096,0.5946704067321178,713,1.881424449122371,0.5989,0.9981858678257941,0.08347214609704162,,,0.97,,0.9700176878243976,0.029982312175602432,0.9961638508224491,0.09970935288836401,5,0.001,0.1,0.9852934457871445,0.9923785747226296,0.994788166680273,0.9956294741365497,0.9963296462522946,0.9969546318750159,0.9972730073912878,1.0,0.9962443686894892,0.9969401133652314,0.9962701884199122,0.9953496525852477
4,8,1.4918356377344866,0.626543957374667,4129,1.8771239844235508,0.5973837209302325,688,1.8814342402802489,0.5988,0.9976272631471058,0.08339481450545753,,,0.97,,0.9700176878243976,0.029982312175602432,0.9961518120593611,0.09970935288836401,5,0.001,0.1,0.9824847015649736,0.990432358296728,0.9934623211011069,0.9946818755671918,0.9963931410828455,0.9962138214487218,0.9968488901491542,0.9962443686894892,1.0,0.9971171325984982,0.9966650277911221,0.9962085725480819
4,9,1.4982226091717916,0.6194451387153211,4001,1.8980548665637063,0.5847076461769115,667,1.8814399611835662,0.5988,0.9973579140639545,0.08334564881675437,,,0.97,,0.9700176878243976,0.029982312175602432,0.9961389276224342,0.09970935288836401,5,0.001,0.1,0.981290752271887,0.9899416539541328,0.9929515069670547,0.9944195390183047,0.99570487656349,0.9958968955445883,0.9966272790705938,0.9969401133652314,0.9971171325984982,1.0,0.9966945131497394,0.9959377327202965
4,10,1.4935048862558897,0.622113653895603,3889,1.8770211140314739,0.6172839506172839,648,1.881471691801906,0.5986,0.9972190898042368,0.08325137186346614,,,0.97,,0.9700176878243976,0.029982312175602432,0.9961199931165589,0.09970935288836401,5,0.001,0.1,0.9820983552949524,0.990321900494679,0.9922120725402964,0.9944791926888088,0.9949145557220573,0.9959518802084935,0.9967266830148168,0.9962701884199122,0.9966650277911221,0.9966945131497394,1.0,0.9955448140926536
4,11,1.5090830870035317,0.6245317858084938,3791,1.869946974515915,0.634493670886076,632,1.8815007499231697,0.5986,0.9963340866247199,0.08313765488366956,,,0.97,,0.9700176878243976,0.029982312175602432,0.9960842526844308,0.09970935288836401,5,0.001,0.1,0.978850467400492,0.9882899106844406,0.9919256722810404,0.9928544248635198,0.9948264668610539,0.9961403869576735,0.9953447383205911,0.9953496525852477,0.9962085725480819,0.9959377327202965,0.9955448140926536,1.0
5,0,1.130281388017454,0.6604334063793523,8214,1.7586290337318597,0.6128560993425858,1369,1.751896659025369,0.6189,0.9907678048777913,0.08267757254924843,,,0.97,,0.9700176878243976,0.029982312175602432,0.9974609596790583,0.09970753083931058,5,0.001,0.1,1.0,0.9946624609562915,0.9926840512171592,0.9915209385467728,0.9889864507393904,0.9863235544247824,0.9868423762639478,0.9852749618833095,0.9836827235170925,0.9821889235713076,0.9833233147856334,0.9791577890026889
5,1,1.1939087897249796,0.6653179190751445,6574,1.7340305737086705,0.6240875912408759,1096,1.7516284400281814,0.6188,0.995876323908741,0.08323707118196814,,,0.97,,0.9700176878243976,0.029982312175602432,0.9974609596790583,0.09970753083931058,5,0.001,0.1,0.9946624609562915,1.0,0.9956623865886443,0.9952670184482931,0.9933533510398456,0.993228071542635,0.9924808420140517,0.9919969182012767,0.9906232524733407,0.9895827926344543,0.990866680025747,0.9879649177381027
5,2,1.2391593820482327,0.6481411032336157,5783,1.7606459779124106,0.5902489626556017,964,1.7516014823517478,0.6188,0.9977252278426749,0.08341931984079394,,,0.97,,0.9700176878243976,0.029982312175602432,0.9974609596790583,0.09970753083931058,5,0.001,0.1,0.9926840512171592,0.9956623865886443,1.0,0.9963646371685646,0.9966080456753893,0.9946601373613072,0.9953942313630337,0.9943790038820789,0.9942702965075458,0.9928903761310283,0.993138408001135,0.9917144329658596
5,3,1.2724850131086556,0.6421411008133157,5287,1.7532250838620322,0.6072644721906924,881,1.7515907809376337,0.6188,0.9981239410136638,0.08349108903932509,,,0.97,,0.9700176878243976,0.029982312175602432,0.9974609596790583,0.09970753083931058,5,0.001,0.1,0.9915209385467728,0.9952670184482931,0.9963646371685646,1.0,0.9961407408542635,0.9957429545770381,0.9959703614022791,0.995220745671694,0.9950631891101971,0.9941895788889141,0.9944227539831021,0.992617642901834
5,4,1.2735365845311073,0.6498480243161094,4935,1.7516212050731366,0.6362530413625304,822,1.751590764179778,0.6188,0.9984860700790651,0.08351636289543862,,,0.97,,0.9700176878243976,0.029982312175602432,0.9974609596790583,0.09970753083931058,5,0.001,0.1,0.9889864507393904,0.9933533510398456,0.9966080456753893,0.9961407408542635,1.0,0.9961866365880212,0.9967028407459114,0.9960593068241131,0.9968360227446172,0.9958589734430493,0.9954512719447526,0.9946441801814012
5,5,1.3144753851302682,0.6531819155774587,4667,1.748520965576172,0.622107969151671,778,1.751595774778543,0.6188,0.9981935991563363,0.0834805033366324,,,0.97,,0.9700176878243976,0.029982312175602432,0.9974609596790583,0.09970753083931058,5,0.001,0.1,0.9863235544247824,0.993228071542635,0.9946601373613072,0.9957429545770381,0.9961866365880212,1.0,0.9968506861045474,0.996411185960754,0.9961584890249943,0.9960864889773303,0.9960673542442505,0.9955969804420933
5,6,1.3129134471075876,0.6560071861666292,4453,1.7472886194785435,0.6118598382749326,742,1.7515967017926348,0.6188,0.9984618234338418,0.0834893002450528,,,0.97,,0.9700176878243976,0.029982312175602432,0.9974609596790583,0.09970753083931058,5,0.001,0.1,0.9868423762639478,0.9924808420140517,0.9953942313630337,0.9959703614022791,0.9967028407459114,0.9968506861045474,1.0,0.9970045843314128,0.9968018615627938,0.9966332301130506,0.9967469672579278,0.9950926708029608
5,7,1.3332106646317154,0.6477905073649755,4277,1.746582207472428,0.6157082748948106,713,1.7516011285324828,0.6188,0.9980389512127954,0.08344949978406503,,,0.97,,0.9700176878243976,0.029982312175602432,0.9974609596790583,0.09970753083931058,5,0.001,0.1,0.9852749618833095,0.9919969182012767,0.9943790038820789,0.995220745671694,0.9960593068241131,0.996411185960754,0.9970045843314128,1.0,0.9967978094182941,0.9969741289110589,0.9963302512736333,0.9950043473738691
5,8,1.3620579161093784,0.6473238072172439,4129,1.7465340982783923,0.6177325581395349,688,1.7516133884271494,0.6188,0.9979834231285046,0.08340025609910733,,,0.97,,0.9700176878243976,0.029982312175602432,0.9974609596790583,0.09970753083931058,5,0.001,0.1,0.9836827235170925,0.9906232524733407,0.9942702965075458,0.9950631891101971,0.9968360227446172,0.9961584890249943,0.9968018615627938,0.9967978094182941,1.0,0.9976170447291401,0.9967032244349422,0.996224850766211
5,9,1.36272810602945,0.6363409147713072,4001,1.773408395903451,0.6071964017991005,667,1.7516199982585237,0.6188,0.9975015417477526,0.08335452602720039,,,0.97,,0.9700176878243976,0.029982312175602432,0.9974609596790583,0.09970753083931058,5,0.001,0.1,0.9821889235713076,0.9895827926344543,0.9928903761310283,0.9941895788889141,0.9958589734430493,0.9960864889773303,0.9966332301130506,0.9969741289110589,0.9976170447291401,1.0,0.9970141054278198,0.9959708781038251
5,10,1.3600098359780233,0.6465929544870147,3889,1.745718893550691,0.6388888888888888,648,1.7516564153634702,0.619,0.9975674783713995,0.08329880737122941,,,0.97,,0.9700176878243976,0.029982312175602432,0.9974609596790583,0.09970753083931058,5,0.001,0.1,0.9833233147856334,0.990866680025747,0.993138408001135,0.9944227539831021,0.9954512719447526,0.9960673542442505,0.9967469672579278,0.9963302512736333,0.9967032244349422,0.9970141054278198,1.0,0.9957472001320169
5,11,1.3738647472958605,0.6411500923239251,3791,1.7353400409221649,0.6613924050632911,632,1.7516912366635502,0.619,0.9962254775262158,0.08318569162993848,,,0.97,,0.9700176878243976,0.029982312175602432,0.9974609596790583,0.09970753083931058,5,0.001,0.1,0.9791577890026889,0.9879649177381027,0.9917144329658596,0.992617642901834,0.9946441801814012,0.9955969804420933,0.9950926708029608,0.9950043473738691,0.996224850766211,0.9959708781038251,0.9957472001320169,1.0
6,0,1.0645751910682781,0.6713416118821525,8214,1.6227862252745517,0.6274653031409788,1369,1.6143269957825779,0.6358,0.9904345847123132,0.08272890613039045,,,0.97,,0.9700176878243976,0.029982312175602432,0.9985598725440937,0.09966865796736397,5,0.001,0.1,1.0,0.9936086227644549,0.9918633474043735,0.9907383899997679,0.9884377108706359,0.9857449402518823,0.9863367737327877,0.9847138663291147,0.9826851360154853,0.9809228471694784,0.9825429538125668,0.9784136360489557
6,1,1.1156742060647427,0.6790082141770611,6574,1.591121438571385,0.6459854014598541,1096,1.6140417397593538,0.6359,0.9954747886916018,0.08323506072597861,,,0.97,,0.9700176878243976,0.029982312175602432,0.9985598725440937,0.09966865796736397,5,0.001,0.1,0.9936086227644549,1.0,0.9948301273088707,0.9943564927083882,0.9924934859023699,0.9926892001512572,0.9917487306123035,0.9912798848011487,0.9894478876309538,0.9883513412587271,0.9900866048234535,0.9873166230559852
6,2,1.1545486732741088,0.6610409821891752,5783,1.6252147305396296,0.6109958506224067,964,1.6140123125844108,0.6359,0.9973767864486477,0.08340833841270315,,,0.97,,0.9700176878243976,0.029982312175602432,0.9985598725440937,0.09966865796736397,5,0.001,0.1,0.9918633474043735,0.9948301273088707,1.0,0.995696106046033,0.996211416960287,0.9936640132054166,0.9948961971747929,0.9936510122633317,0.9932454808010529,0.9914827129987063,0.9923738951525842,0.9910001699641101
6,3,1.1818571844732906,0.6571968980518252,5287,1.6162856221199036,0.6163450624290578,881,1.6140001913229116,0.6359,0.9975563928855206,0.08345818364000465,,,0.97,,0.9700176878243976,0.029982312175602432,0.9985598725440937,0.09966865796736397,5,0.001,0.1,0.9907383899997679,0.9943564927083882,0.995696106046033,1.0,0.995265368329515,0.9947185343055791,0.9951365655888004,0.9943255306230436,0.9934388465443921,0.9923951417467877,0.9936379663437379,0.9913401465352923
6,4,1.1796911131951118,0.6665450861195542,4935,1.6137477847246022,0.6472019464720195,822,1.6140001684712906,0.6359,0.998276660953934,0.0834969582279853,,,0.97,,0.9700176878243976,0.029982312175602432,0.9985598725440937,0.09966865796736397,5,0.001,0.1,0.9884377108706359,0.9924934859023699,0.996211416960287,0.995265368329515,1.0,0.9953803733300757,0.9961817148108396,0.9952572168443674,0.9963510841618198,0.9945944515853278,0.9952780036871705,0.9941890827654273
6,5,1.21693819255045,0.6665523891150632,4667,1.6122633504867554,0.6426735218508998,778,1.6140052224881352,0.6359,0.997784215504449,0.08345904585070832,,,0.97,,0.9700176878243976,0.029982312175602432,0.9985598725440937,0.09966865796736397,5,0.001,0.1,0.9857449402518823,0.9926892001512572,0.9936640132054166,0.9947185343055791,0.9953803733300757,1.0,0.9958139754189788,0.9956468205686506,0.9950728666028804,0.9947523728040335,0.9951897273373264,0.995064611686112
6,6,1.2113707217999867,0.6707388277565686,4453,1.608379418651263,0.633423180592992,742,1.614006265664634,0.6359,0.9981664280287424,0.08347678968683978,,,0.97,,0.9700176878243976,0.029982312175602432,0.9985598725440937,0.09966865796736397,5,0.001,0.1,0.9863367737327877,0.9917487306123035,0.9948961971747929,0.9951365655888004,0.9961817148108396,0.9958139754189788,1.0,0.9963501674711598,0.9957928998833843,0.9953060445861378,0.9961536255823985,0.9945892906634409
6,7,1.2287320314948238,0.6629413140051438,4277,1.608575852020927,0.6241234221598878,713,1.6140118837356567,0.6359,0.9977051377297118,0.0834374651124218,,,0.97,,0.9700176878243976,0.029982312175602432,0.9985598725440937,0.09966865796736397,5,0.001,0.1,0.9847138663291147,0.9912798848011487,0.9936510122633317,0.9943255306230436,0.9952572168443674,0.9956468205686506,0.9963501674711598,1.0,0.9959356988644082,0.9956625194586151,0.995746494992749,0.9942121266072593
6,8,1.2611977877066685,0.6610801646887866,4129,1.6084492260759526,0.6395348837209303,688,1.6140254987314486,0.6359,0.9974669952575969,0.08339955288309228,,,0.97,,0.9700176878243976,0.029982312175602432,0.9985598725440937,0.09966865796736397,5,0.001,0.1,0.9826851360154853,0.9894478876309538,0.9932454808010529,0.9934388465443921,0.9963510841618198,0.9950728666028804,0.9957928998833843,0.9959356988644082,1.0,0.9961093214114716,0.9962260934476485,0.995616406957585
6,9,1.255176035705067,0.6541864533866534,4001,1.640631914138794,0.6296851574212894,667,1.6140326851853928,0.6359,0.996690507564872,0.08334640865735857,,,0.97,,0.9700176878243976,0.029982312175602432,0.9985598725440937,0.09966865796736397,5,0.001,0.1,0.9809228471694784,0.9883513412587271,0.9914827129987063,0.9923951417467877,0.9945944515853278,0.9947523728040335,0.9953060445861378,0.9956625194586151,0.9961093214114716,1.0,0.9959283878409351,0.9951250546894189
6,10,1.2498097130509673,0.6657752635638982,3889,1.6060696386155628,0.6512345679012346,648,1.6140720173954584,0.6359,0.9973445143864162,0.08333333875294656,,,0.97,,0.9700176878243976,0.029982312175602432,0.9985598725440937,0.09966865796736397,5,0.001,0.1,0.9825429538125668,0.9900866048234535,0.9923738951525842,0.9936379663437379,0.9952780036871705,0.9951897273373264,0.9961536255823985,0.995746494992749,0.9962260934476485,0.9959283878409351,1.0,0.9952990164487232
