round,client_id,client_i_training_loss,client_i_training_accuracy,client_i_training_dataset_size,client_i_evaluation_loss,client_i_evaluation_accuracy,client_i_evaluation_dataset_size,client_i_central_evaluation_loss,client_i_central_evaluation_accuracy,client_i_cosine_similarity,client_i_importance_coefficient,client_i_tanh_val,tanh_normalization_value,client_i_q,client_i_mask_order,client_i_v_nonzero_fraction,client_i_v_sparsity,client_i_v_cosine_similarity,client_i_reward_gradient_norm,local_epochs,learning_rate,gamma,client_0_cosine_similarity,client_1_cosine_similarity,client_2_cosine_similarity,client_3_cosine_similarity,client_4_cosine_similarity,client_5_cosine_similarity,client_6_cosine_similarity,client_7_cosine_similarity,client_8_cosine_similarity,client_9_cosine_similarity,client_10_cosine_similarity,client_11_cosine_similarity
0,0,1.8659327135011843,0.46708059410762115,8214,2.2565226665762967,0.19430241051862673,1369,2.252914825567422,0.208,0.9761758140230226,0.08211824087620957,,,0.75,,0.7500024163694532,0.2499975836305468,0,0.09899715148960332,5,0.001,0.1,1.0,0.9911559805378622,0.9847858632723534,0.9773763886893563,0.9688613312978974,0.9607051150814417,0.9572963108735153,0.9489561210467872,0.946298269246925,0.9387909645433474,0.9311053760221192,0.9303818281357586
0,1,2.0067998746066418,0.43577730453300884,6574,2.2570008754730226,0.1843065693430657,1096,2.2529085931686548,0.2077,0.9905798771471529,0.08332994506743387,,,0.916182335024154,,0.9162003073621945,0.08379969263780551,0,0.09900893638395745,5,0.001,0.1,0.9911559805378622,1.0,0.9929170068670544,0.9918207239552472,0.9839162012312102,0.9820374431494253,0.9778422877224086,0.970895766636022,0.9687911556489288,0.9629644728107181,0.9588149237103644,0.9541911209170515
0,2,2.0646748587571455,0.438665052740792,5783,2.252283457786806,0.21887966804979253,964,2.252908737895588,0.2077,0.9949201076080114,0.08369505561957323,,,0.966256374988621,,0.9662723151719005,0.03372768482809951,0,0.09900921552092039,5,0.001,0.1,0.9847858632723534,0.9929170068670544,1.0,0.9934020204926678,0.9894178691372265,0.9877997926704708,0.9870275750380835,0.9794626986741406,0.9773096344383244,0.9752040541646325,0.9681991589773595,0.9687453453523244
0,3,2.1006085183247025,0.4094949877056932,5287,2.2537323236465454,0.20885357548240635,881,2.2529086647704006,0.2077,0.9969781161889741,0.08386818021654548,,,0.9899999998628524,,0.9900107286803723,0.00998927131962768,0,0.09900922391118082,5,0.001,0.1,0.9773763886893563,0.9918207239552472,0.9934020204926678,1.0,0.9943905223124113,0.9925299476950651,0.9898379149158998,0.9856486200282569,0.9849733407514504,0.9795637423412572,0.9776555307702851,0.974587704962607
0,4,2.1273580795718776,0.3679432624113475,4935,2.2469868109776425,0.2360097323600973,822,2.2529086403953382,0.2077,0.9956502414795172,0.08375647622462293,,,0.9746800642352862,,0.9747006118247455,0.025299388175254456,0,0.09900922012122869,5,0.001,0.1,0.9688613312978974,0.9839162012312102,0.9894178691372265,0.9943905223124113,1.0,0.9916303200347119,0.9907941045522836,0.9871208976037427,0.9899576808695433,0.9828196686652751,0.978378117752155,0.9812521900447106
0,5,2.146218151262362,0.37137347332333404,4667,2.2575542449951174,0.17352185089974292,778,2.252908633539852,0.2077,0.9965592139463879,0.08383294115943495,,,0.9851670473674412,,0.985182822512831,0.014817177487169042,0,0.09900922294645731,5,0.001,0.1,0.9607051150814417,0.9820374431494253,0.9877997926704708,0.9925299476950651,0.9916303200347119,1.0,0.995281990533782,0.9932080207451942,0.9923278032089876,0.9909186803336584,0.9895114413944417,0.9873915513408156
0,6,2.154485440765108,0.34727150235796095,4453,2.248272796471914,0.21024258760107817,742,2.2529086396336173,0.2077,0.9955792724133091,0.0837505061372781,,,0.9738612810186826,,0.9738790462106495,0.02612095378935053,0,0.09900921991052945,5,0.001,0.1,0.9572963108735153,0.9778422877224086,0.9870275750380835,0.9898379149158998,0.9907941045522836,0.995281990533782,1.0,0.9933264182018433,0.9934771655657453,0.9934328984745661,0.989087783736934,0.9893793963425047
0,7,2.1676662905892328,0.3495908346972177,4277,2.250444857970528,0.211781206171108,713,2.252908274769402,0.2077,0.9922844145927429,0.08347333482830348,,,0.9358478981644371,,0.9358598892336243,0.06414011076637571,0,0.09900909789115432,5,0.001,0.1,0.9489561210467872,0.970895766636022,0.9794626986741406,0.9856486200282569,0.9871208976037427,0.9932080207451942,0.9933264182018433,1.0,0.9932481931196337,0.9925963661675057,0.9934960215158615,0.9895023815886395
0,8,2.1706983364545382,0.3291353838701865,4129,2.2511239051818848,0.22529069767441862,688,2.252908162796459,0.2077,0.9913634097747122,0.08339585770337503,,,0.9252220955759698,,0.9252423618561584,0.07475763814384162,0,0.0990090419244658,5,0.001,0.1,0.946298269246925,0.9687911556489288,0.9773096344383244,0.9849733407514504,0.9899576808695433,0.9923278032089876,0.9934771655657453,0.9932481931196337,1.0,0.9899611002776272,0.9905332855759817,0.992002542910621
0,9,2.175588044098445,0.31142214446388405,4001,2.2514450436546687,0.21739130434782608,667,2.2529105485056915,0.2081,0.9882683909275324,0.0831354973261171,,,0.8895142918447834,,0.8895332540764153,0.11046674592358474,0,0.09900828248865767,5,0.001,0.1,0.9387909645433474,0.9629644728107181,0.9752040541646325,0.9795637423412572,0.9828196686652751,0.9909186803336584,0.9934328984745661,0.9925963661675057,0.9899611002776272,1.0,0.9904225170379105,0.9928964199077287
0,10,2.186125953080224,0.3278477757778349,3889,2.25342059135437,0.22067901234567902,648,2.2529103938763897,0.208,0.9849287088747317,0.0828545552956732,,,0.850983763549408,,0.8510018267753067,0.14899817322469333,0,0.09900730044187332,5,0.001,0.1,0.9311053760221192,0.9588149237103644,0.9681991589773595,0.9776555307702851,0.978378117752155,0.9895114413944417,0.989087783736934,0.9934960215158615,0.9905332855759817,0.9904225170379105,1.0,0.9890211127669245
0,11,2.187792351666619,0.2877341070957531,3791,2.252034592628479,0.21518987341772153,632,2.252910695517787,0.208,0.9841542925563577,0.08278940954543317,,,0.8420491795393853,,0.8420660925372846,0.1579339074627154,0,0.09900666882790382,5,0.001,0.1,0.9303818281357586,0.9541911209170515,0.9687453453523244,0.974587704962607,0.9812521900447106,0.9873915513408156,0.9893793963425047,0.9895023815886395,0.992002542910621,0.9928964199077287,0.9890211127669245,1.0
1,0,1.6309068551787143,0.5596542488434381,8214,2.1897388835285985,0.31848064280496713,1369,2.1852811083626063,0.32,0.9842117982443391,0.08222770076099696,,,0.75,,0.7500024163694532,0.2499975836305468,0.9823602737574458,0.09951964295930046,5,0.001,0.1,1.0,0.9941762614587691,0.9917275234356943,0.9876576400299055,0.9828619598207571,0.9797083710819168,0.9777468632276163,0.9740647986608,0.971652305959417,0.9673235272269036,0.9643041453093899,0.9644927101344541
1,1,1.7768081839802197,0.5235473075752967,6574,2.1902926649366106,0.291970802919708,1096,2.1852546416151637,0.3206,0.9940527439842268,0.0832897246916926,,,0.9169511896564884,,0.9169735455872261,0.0830264544127739,0.9824795401595203,0.0995353417002404,5,0.001,0.1,0.9941762614587691,1.0,0.9969017113548819,0.9958778210839262,0.9916340633395195,0.9918690810743807,0.989782330736028,0.9871331919951004,0.9850020610138726,0.981894191916077,0.9806930772156823,0.9781439063818039
1,2,1.834400023544691,0.5515476396334082,5783,2.18452622044471,0.3163900414937759,964,2.185255158823519,0.3204,0.9963255981893296,0.08358735714904282,,,0.9637392999794407,,0.9637544582016412,0.036245541798358816,0.9824872554224787,0.09953584279430697,5,0.001,0.1,0.9917275234356943,0.9969017113548819,1.0,0.9974154737043283,0.9951979068417907,0.9937270667040032,0.9932174237248519,0.990765294871495,0.9882463556318982,0.986002452713463,0.9838236784190274,0.9831769596712018
1,3,1.8905700623270978,0.5191980329109136,5287,2.187482016427176,0.3132803632236095,881,2.1852549645847406,0.3204,0.9982054897536777,0.08375440891877915,,,0.9899999998427991,,0.9900107286803723,0.00998927131962768,0.9824880950591315,0.09953591091502147,5,0.001,0.1,0.9876576400299055,0.9958778210839262,0.9974154737043283,1.0,0.9970921625833105,0.9962707755851995,0.9957379034804561,0.9937169488607411,0.9925720215077857,0.9894560524563899,0.9891020473227513,0.9877147062829267
1,4,1.9356672565398678,0.4917527862208713,4935,2.177806395750779,0.354014598540146,822,2.1852550255223964,0.3204,0.9978035343559724,0.0836728316541555,,,0.9771759748992928,,0.9771943051004727,0.02280569489952733,0.9824871369384015,0.09953589267078468,5,0.001,0.1,0.9828619598207571,0.9916340633395195,0.9951979068417907,0.9970921625833105,1.0,0.9957200467457622,0.996116610723124,0.9938453416705599,0.9944457925565985,0.9905506983813059,0.9894665440893955,0.9908497116213276
1,5,1.9628602823165997,0.4986500964216842,4667,2.1913450717926026,0.2943444730077121,778,2.1852549447800023,0.3204,0.9986477605291668,0.0837470643312541,,,0.9888454235762926,,0.9888605368206377,0.011139463179362319,0.9824879735668866,0.09953591088823074,5,0.001,0.1,0.9797083710819168,0.9918690810743807,0.9937270667040032,0.9962707755851995,0.9957200467457622,1.0,0.9973666908921787,0.9963861585879003,0.9959940885704139,0.9941217928470625,0.9940300017233319,0.9926670895992603
1,6,1.9733563629218511,0.4874017516281159,4453,2.1777604619661965,0.330188679245283,742,2.185254994291848,0.3204,0.9983693981679415,0.08368745262654423,,,0.9794744059079373,,0.9794946888199418,0.02050531118005816,0.9824875134817666,0.09953590221918106,5,0.001,0.1,0.9777468632276163,0.989782330736028,0.9932174237248519,0.9957379034804561,0.996116610723124,0.9973666908921787,1.0,0.9961711567691547,0.9965884392326876,0.9948832573350491,0.9933398270296311,0.9935669833296925
1,7,2.0018652086827293,0.48043020808978254,4277,2.181355517843495,0.332398316970547,713,2.1852545997205253,0.3204,0.9973276503090599,0.08348360077109601,,,0.9474286969581681,,0.9474487971312862,0.05255120286871384,0.9824826180347991,0.09953577968710392,5,0.001,0.1,0.9740647986608,0.9871331919951004,0.990765294871495,0.9937169488607411,0.9938453416705599,0.9963861585879003,0.9961711567691547,1.0,0.9954594038526315,0.9949725701774955,0.9957036434365688,0.993872618379274
1,8,2.0082409183795638,0.4547832404940664,4129,2.1827232295816597,0.3430232558139535,688,2.1852540916528183,0.3205,0.9966078989744207,0.08341276917479647,,,0.9362939014741047,,0.9363045012130174,0.06369549878698255,0.9824834315557076,0.09953553881293105,5,0.001,0.1,0.971652305959417,0.9850020610138726,0.9882463556318982,0.9925720215077857,0.9944457925565985,0.9959940885704139,0.9965884392326876,0.9954594038526315,1.0,0.9934760293403544,0.9944559076984951,0.9955867086234583
1,9,2.0169331817399887,0.4530867283179205,4001,2.1850347291855585,0.32983508245877063,667,2.185256060700828,0.3202,0.9947751816081639,0.08319367814571717,,,0.9018525796821424,,0.9018712365045766,0.09812876349542343,0.9824817508052125,0.09953496115889061,5,0.001,0.1,0.9673235272269036,0.981894191916077,0.986002452713463,0.9894560524563899,0.9905506983813059,0.9941217928470625,0.9948832573350491,0.9949725701774955,0.9934760293403544,1.0,0.9937568946496772,0.9951716120299172
1,10,2.0349209783507174,0.4365646695808691,3889,2.184133688608805,0.3101851851851852,648,2.185257687736243,0.3202,0.9940079814592293,0.08299638341445961,,,0.8708376570006631,,0.8708498854640879,0.12915011453591208,0.9824718842364639,0.09953388834453258,5,0.001,0.1,0.9643041453093899,0.9806930772156823,0.9838236784190274,0.9891020473227513,0.9894665440893955,0.9940300017233319,0.9933398270296311,0.9957036434365688,0.9944559076984951,0.9937568946496772,1.0,0.9937609487774592
1,11,2.0428806338991436,0.41904510683197044,3791,2.185983693599701,0.3275316455696203,632,2.185258850883752,0.3201,0.9937185053114281,0.08294702836146554,,,0.8630789949076898,,0.8630981722581456,0.13690182774185444,0.9824604920175538,0.0995336543119511,5,0.001,0.1,0.9644927101344541,0.9781439063818039,0.9831769596712018,0.9877147062829267,0.9908497116213276,0.9926670895992603,0.9935669833296925,0.993872618379274,0.9955867086234583,0.9951716120299172,0.9937609487774592,1.0
2,0,1.4580177441645226,0.6033114195276358,8214,2.1061501281206,0.4404674945215486,1369,2.101117051828403,0.4377,0.9880790711859263,0.0823806329738755,,,0.75,,0.7500024163694532,0.2499975836305468,0.9929586550088948,0.09963892691073638,5,0.001,0.1,1.0,0.9951959111557238,0.9929352174521999,0.9902997286294298,0.9865038638826445,0.9844940229875693,0.9837341675837318,0.9807274931796025,0.979156928673921,0.9754943171011103,0.973724585997819,0.9741919172395942
2,1,1.5918467109064454,0.5704289625798601,6574,2.1073204381125312,0.41605839416058393,1096,2.1010550904197816,0.4377,0.9959942288714763,0.083288084621558,,,0.9202591657559299,,0.92027430626033,0.07972569373966998,0.9930250761475921,0.09965718232030837,5,0.001,0.1,0.9951959111557238,1.0,0.9972883285395852,0.9966814919066714,0.9941202646975292,0.9941881687202504,0.993125871281372,0.9912837660212466,0.9898933823758338,0.9874767890033485,0.9864528513515906,0.9852762599095419
2,2,1.6336992850619785,0.6067784886736988,5783,2.100431719133931,0.4460580912863071,964,2.101056712123152,0.4377,0.9973498946796906,0.08351453664561818,,,0.9627468650164851,,0.9627685794647258,0.03723142053527417,0.9930255543741621,0.09965798777151567,5,0.001,0.1,0.9929352174521999,0.9972883285395852,1.0,0.9976616480265769,0.9963014007761999,0.9953382193772708,0.9948775067754474,0.9933685651058687,0.991795882305367,0.9899907785039094,0.988905817831815,0.9886897900327599
2,3,1.6924360916557082,0.5754870436920749,5287,2.105168504374368,0.43132803632236094,881,2.1010565666344982,0.4377,0.9984703916538129,0.0836532526442748,,,0.9887732326676894,,0.988788045737041,0.011211954262958956,0.9930258118916101,0.0996580264954562,5,0.001,0.1,0.9902997286294298,0.9966814919066714,0.9976616480265769,1.0,0.9976731163868382,0.9969155239274582,0.9962861890135175,0.9950956820242315,0.9946855654681201,0.9919208581583496,0.9918712123524438,0.9914247779493356
2,4,1.7407595562165783,0.5582573454913881,4935,2.0917628361628604,0.4586374695863747,822,2.101056613099461,0.4377,0.9983655710213918,0.0835998013231482,,,0.9787445139290021,,0.9787601125061618,0.021239887493838205,0.9930257758511921,0.09965802075280297,5,0.001,0.1,0.9865038638826445,0.9941202646975292,0.9963014007761999,0.9976731163868382,1.0,0.9966157322895001,0.9972227023206698,0.9953325489063969,0.9957743069426627,0.9937355710943914,0.9922515588559383,0.9936970599945315
2,5,1.7722176298703234,0.5608742232697664,4667,2.1089231300354006,0.40616966580976865,778,2.1010565407359945,0.4377,0.9988123615202985,0.08365979109911702,,,0.9899999998123766,,0.9900107286803723,0.00998927131962768,0.9930258102845054,0.09965802652881402,5,0.001,0.1,0.9844940229875693,0.9941881687202504,0.9953382193772708,0.9969155239274582,0.9966157322895001,1.0,0.9977557674121181,0.996915796143649,0.9966104811692611,0.9955387433591945,0.995394203081608,0.99479664631607
2,6,1.7799042425836835,0.5520772512912643,4453,2.090413123369217,0.45417789757412397,742,2.101056533118787,0.4377,0.9987869950204873,0.08362238690517433,,,0.9829820976765231,,0.9829984245271165,0.0170015754728835,0.9930260266549963,0.09965802521703668,5,0.001,0.1,0.9837341675837318,0.993125871281372,0.9948775067754474,0.9962861890135175,0.9972227023206698,0.9977557674121181,1.0,0.9970007239577968,0.9975288366700696,0.9965192687347431,0.9948361973094433,0.9953667974847925
2,7,1.8165244828409224,0.5503390226794482,4277,2.09530524585558,0.4431977559607293,713,2.101056398294223,0.4377,0.9978588879494145,0.08346730038323608,,,0.953884236746268,,0.9539053363103005,0.0460946636896995,0.9930251534353735,0.0996579492021687,5,0.001,0.1,0.9807274931796025,0.9912837660212466,0.9933685651058687,0.9950956820242315,0.9953325489063969,0.996915796143649,0.9970007239577968,1.0,0.9964050658606747,0.9960913891673714,0.9962328623468165,0.9946927825692411
2,8,1.818718666296739,0.532671348994914,4129,2.097347768870267,0.4622093023255814,688,2.101055823195095,0.4377,0.9976239995972761,0.08341624256518225,,,0.9443045951980231,,0.9443220150588144,0.05567798494118559,0.9930218480208828,0.0996578367830212,5,0.001,0.1,0.979156928673921,0.9898933823758338,0.991795882305367,0.9946855654681201,0.9957743069426627,0.9966104811692611,0.9975288366700696,0.9964050658606747,1.0,0.9960259694727321,0.9957604367872261,0.9966938826849457
2,9,1.8383624561249263,0.5282679330167458,4001,2.1022852829524448,0.4302848575712144,667,2.1010564668490863,0.4377,0.9962926482406508,0.08323877828226803,,,0.9110081426127923,,0.9110292767322953,0.08897072326770472,0.9930196690481644,0.09965699521607986,5,0.001,0.1,0.9754943171011103,0.9874767890033485,0.9899907785039094,0.9919208581583496,0.9937355710943914,0.9955387433591945,0.9965192687347431,0.9960913891673714,0.9960259694727321,1.0,0.9956795393874796,0.9959306115775681
2,10,1.8574424331305457,0.5148367189508871,3889,2.097884859357561,0.44907407407407407,648,2.101061424127402,0.4377,0.9955969781306512,0.08309522393671644,,,0.8840739878546049,,0.8840964228066615,0.11590357719333855,0.9930071882596577,0.09965605089132296,5,0.001,0.1,0.973724585997819,0.9864528513515906,0.988905817831815,0.9918712123524438,0.9922515588559383,0.995394203081608,0.9948361973094433,0.9962328623468165,0.9957604367872261,0.9956795393874796,1.0,0.9949743276503322
2,11,1.8695338882318064,0.5073067792139277,3791,2.1037326097488402,0.4208860759493671,632,2.101063272823541,0.4377,0.9955670970917536,0.0830639686198311,,,0.8782097589538981,,0.8782343105131403,0.12176568948685973,0.9930058627831763,0.09965579966295356,5,0.001,0.1,0.9741919172395942,0.9852762599095419,0.9886897900327599,0.9914247779493356,0.9936970599945315,0.99479664631607,0.9953667974847925,0.9946927825692411,0.9966938826849457,0.9959306115775681,0.9949743276503322,1.0
3,0,1.3272078220482466,0.632700267835403,8214,2.0060780186985814,0.5748721694667641,1369,2.0006097852231597,0.5668,0.9897419424652373,0.08251278692181288,,,0.75,,0.7500024163694532,0.2499975836305468,0.9962802139945008,0.09968427877915013,5,0.001,0.1,1.0,0.9952289240248876,0.9933053917038903,0.9910885485830785,0.9875758279586234,0.9861045926615194,0.9862168094505542,0.983627201571906,0.9815816037394403,0.9797455536011646,0.9786648549403621,0.9789023976287591
3,1,1.4467441164174126,0.6087617888652267,6574,2.008043851171221,0.5465328467153284,1096,2.0004989643828175,0.5669,0.9967415378125153,0.08329565479765683,,,0.9246776795988203,,0.9246962623597298,0.07530373764027021,0.9963145031158755,0.09970485597829398,5,0.001,0.1,0.9952289240248876,1.0,0.9975004625494476,0.9969073764000391,0.99450019735414,0.9949548514444815,0.9943737584510919,0.9927572712046123,0.9912455899135686,0.9901250119683876,0.989769553757399,0.9883078314287987
3,2,1.4723092409787257,0.6422272177070725,5783,1.9997890341666438,0.5757261410788381,964,2.000499496825587,0.5669,0.9979588663852893,0.08347392030769625,,,0.9644532363779491,,0.9644697035597954,0.035530296440204556,0.9963197678656748,0.09970573443303471,5,0.001,0.1,0.9933053917038903,0.9975004625494476,1.0,0.9977609151228114,0.9968999553770203,0.9958243778607907,0.9961227018998288,0.9944333533911469,0.9931331881374302,0.9921476111528369,0.9917826051089301,0.9912891372681868
3,3,1.5262498815375638,0.6161149990542841,5287,2.0072415258203233,0.5550510783200908,881,2.0004992606921697,0.5669,0.9984567001541084,0.08357511456015652,,,0.9870322407718162,,0.9870530924696262,0.012946907530373752,0.9963206351381348,0.09970579556516762,5,0.001,0.1,0.9910885485830785,0.9969073764000391,0.9977609151228114,1.0,0.9975262831052613,0.9968882327760853,0.9966554188533485,0.9955262991804259,0.994302988008964,0.9933514662478569,0.9936097359072537,0.9925090624193383
3,4,1.573156609458308,0.6042958459979737,4935,1.9891698497992296,0.5620437956204379,822,2.0004992267955988,0.5669,0.9983582938704523,0.08353913857379548,,,0.9790050857272294,,0.9790259131460164,0.02097408685398361,0.9963209035431952,0.09970578244527835,5,0.001,0.1,0.9875758279586234,0.99450019735414,0.9968999553770203,0.9975262831052613,1.0,0.9966271443917819,0.9973163442190195,0.9957926290772958,0.9952998929886921,0.9946993647501337,0.994325902921884,0.9943542265749631
3,5,1.6031616429760032,0.6033426183844011,4667,2.0104434204101564,0.5398457583547558,778,2.000499246600337,0.5669,0.9987443250535304,0.0835884154191652,,,0.9899999997768746,,0.9900107286803723,0.00998927131962768,0.9963206372092563,0.09970579566145156,5,0.001,0.1,0.9861045926615194,0.9949548514444815,0.9958243778607907,0.9968882327760853,0.9966271443917819,1.0,0.9980010298305182,0.9968230306306731,0.996571935187908,0.9962381579176103,0.9962164712329075,0.9952773119121332
3,6,1.607443973847798,0.6026948124859646,4453,1.9864702671766281,0.5970350404312669,742,2.0004991993736536,0.5669,0.9988983784932753,0.08357043919579842,,,0.9859890483985526,,0.986004388126927,0.013995611873072966,0.9963206749045918,0.09970579147330848,5,0.001,0.1,0.9862168094505542,0.9943737584510919,0.9961227018998288,0.9966554188533485,0.9973163442190195,0.9980010298305182,1.0,0.9971008764103964,0.9972761298720111,0.9965231350719626,0.9959181920973803,0.9958660754574337
3,7,1.6447559191219843,0.5990647650222118,4277,1.9929497293804004,0.5750350631136045,713,2.000499523485811,0.5669,0.9980339830840085,0.0834473618260546,,,0.9585273654998897,,0.9585447656604904,0.041455234339509595,0.9963194234747452,0.09970573192390232,5,0.001,0.1,0.983627201571906,0.9927572712046123,0.9944333533911469,0.9955262991804259,0.9957926290772958,0.9968230306306731,0.9971008764103964,1.0,0.9961613803899037,0.9965326251195968,0.9967877458228107,0.9954805964006886
3,8,1.6506258915020868,0.5739888592879632,4129,1.9951584176583723,0.5944767441860465,688,2.000499518534627,0.5669,0.997518824059151,0.08339939548952399,,,0.9478248592117247,,0.9478499144605214,0.05215008553947864,0.9963185600728978,0.0997056280055982,5,0.001,0.1,0.9815816037394403,0.9912455899135686,0.9931331881374302,0.994302988008964,0.9952998929886921,0.996571935187908,0.9972761298720111,0.9961613803899037,1.0,0.9961456484225367,0.9964744233899958,0.9966565953951639
3,9,1.6665255920281485,0.5869032741814546,4001,2.003122471627735,0.5577211394302849,667,2.000500851926712,0.567,0.9969819267569168,0.08327316356884708,,,0.919659315988514,,0.9196798793748369,0.08032012062516314,0.9963094095033869,0.09970464240997168,5,0.001,0.1,0.9797455536011646,0.9901250119683876,0.9921476111528369,0.9933514662478569,0.9946993647501337,0.9962381579176103,0.9965231350719626,0.9965326251195968,0.9961456484225367,1.0,0.9966774736801213,0.9962363839691061
3,10,1.6873454781829333,0.5686808948315762,3889,1.9946752446038383,0.5817901234567902,648,2.000509602954974,0.567,0.9967977301475168,0.08317912938615131,,,0.898677904765629,,0.8987009597819469,0.10129904021805314,0.9963048112164722,0.09970377874860557,5,0.001,0.1,0.9786648549403621,0.989769553757399,0.9917826051089301,0.9936097359072537,0.994325902921884,0.9962164712329075,0.9959181920973803,0.9967877458228107,0.9964744233899958,0.9966774736801213,1.0,0.9959864264333432
3,11,1.7015698172465092,0.5651806911105249,3791,2.0054802298545837,0.5443037974683544,632,2.000511108495938,0.567,0.9963496405418373,0.0831454799533415,,,0.8911698628285422,,0.8911908835213269,0.10880911647867308,0.9963094683110908,0.09970348395139098,5,0.001,0.1,0.9789023976287591,0.9883078314287987,0.9912891372681868,0.9925090624193383,0.9943542265749631,0.9952773119121332,0.9958660754574337,0.9954805964006886,0.9966565953951639,0.9962363839691061,0.9959864264333432,1.0
4,0,1.2258469299119734,0.6531288044801559,8214,1.8911638232164605,0.6420745069393718,1369,1.885358394144442,0.6344,0.9903896633884564,0.0826090933854738,,,0.99,,0.9900107286803723,0.00998927131962768,0.9972383342260792,0.0997233940172206,5,0.001,0.1,1.0,0.9952102382886457,0.9929743893618719,0.991206206740311,0.9877073581867253,0.9871099990249533,0.9867842453718743,0.9847481597478772,0.9838176544334041,0.9810949461706271,0.9807791425241674,0.9804530884790645
4,1,1.3305432441743832,0.6310617584423487,6574,1.8940290996006557,0.6104014598540146,1096,1.885218862908336,0.6345,0.9969545665349053,0.08330142997138466,,,0.99,,0.9900107286803723,0.00998927131962768,0.9974663660056273,0.0997233940172206,5,0.001,0.1,0.9952102382886457,1.0,0.9972343632467436,0.9967229233621824,0.994420645831529,0.9951137811195679,0.9944969284971823,0.9932316985816741,0.9926269364623969,0.9909955756616139,0.9909569214160687,0.9893325417928074
4,2,1.3418735974401401,0.660210963167906,5783,1.8843201860304801,0.6545643153526971,964,1.885217599594555,0.6346,0.9980400104638287,0.08344585885200467,,,0.99,,0.9900107286803723,0.00998927131962768,0.9974776843669844,0.0997233940172206,5,0.001,0.1,0.9929743893618719,0.9972343632467436,1.0,0.997567592494859,0.9965521428554014,0.9959471194064631,0.9959174867288285,0.9949045301798539,0.9942854829850766,0.9929043860498561,0.9929178530701349,0.9920918910242273
4,3,1.391841986236802,0.642784187630036,5287,1.8950233714921134,0.6220204313280363,881,1.8852173969768489,0.6346,0.9985356948665278,0.08352395479649488,,,0.99,,0.9900107286803723,0.00998927131962768,0.9974783702899617,0.0997233940172206,5,0.001,0.1,0.991206206740311,0.9967229233621824,0.997567592494859,1.0,0.9973836702962909,0.9968492661005675,0.9968581250368586,0.996020337015748,0.9954207073769457,0.993869073556229,0.9941782761808139,0.9931276691525098
4,4,1.4348651632954998,0.6332725430597771,4935,1.871643997155703,0.6265206812652068,822,1.885217336420053,0.6346,0.9982849454448086,0.08349378391689807,,,0.99,,0.9900107286803723,0.00998927131962768,0.997477991081575,0.0997233940172206,5,0.001,0.1,0.9877073581867253,0.994420645831529,0.9965521428554014,0.9973836702962909,1.0,0.9964603256153722,0.9969525904381403,0.9961056955768819,0.9956683148382248,0.9951129582655623,0.9952402085232497,0.9945733478480993
4,5,1.4610387369377973,0.6263552603385473,4667,1.897724609375,0.602827763496144,778,1.8852173931682452,0.6346,0.9988128361511869,0.08354106534666163,,,0.99,,0.9900107286803723,0.00998927131962768,0.9974783704980539,0.0997233940172206,5,0.001,0.1,0.9871099990249533,0.9951137811195679,0.9959471194064631,0.9968492661005675,0.9964603256153722,1.0,0.9978674729880874,0.9970830616425655,0.9971756255855737,0.996532843781925,0.9966687080257828,0.9956821639478132
4,6,1.4608895845924106,0.6319335279586795,4453,1.867677907148997,0.6536388140161725,742,1.8852173208047787,0.6346,0.9987710322216266,0.0835286858572958,,,0.99,,0.9900107286803723,0.00998927131962768,0.9974783055549036,0.0997233940172206,5,0.001,0.1,0.9867842453718743,0.9944969284971823,0.9959174867288285,0.9968581250368586,0.9969525904381403,0.9978674729880874,1.0,0.9970084922864196,0.9974503357525124,0.9965331233407974,0.9962161137877091,0.9959005150442279
4,7,1.4956579150548621,0.625765723638064,4277,1.8759992796441782,0.6577840112201964,713,1.8852179553181219,0.6346,0.9981087201990013,0.08343178240398434,,,0.99,,0.9900107286803723,0.00998927131962768,0.9974776499198339,0.0997233940172206,5,0.001,0.1,0.9847481597478772,0.9932316985816741,0.9949045301798539,0.996020337015748,0.9961056955768819,0.9970830616425655,0.9970084922864196,1.0,0.9966986882409649,0.9959508277804803,0.9969992370288128,0.9953016452872154
4,8,1.4976201951503754,0.6117704044562848,4129,1.877890570597215,0.6627906976744186,688,1.885218461481527,0.6345,0.9980084765178748,0.08339911494373185,,,0.99,,0.9900107286803723,0.00998927131962768,0.9974760271269858,0.0997233940172206,5,0.001,0.1,0.9838176544334041,0.9926269364623969,0.9942854829850766,0.9954207073769457,0.9956683148382248,0.9971756255855737,0.9974503357525124,0.9966986882409649,1.0,0.9963995740713772,0.9966684928324285,0.9966384780252096
4,9,1.5146847219694228,0.6218445388652837,4001,1.8890329599380493,0.6221889055472264,667,1.8852207816827793,0.6344,0.9970898307393371,0.08329199826054813,,,0.99,,0.9900107286803723,0.00998927131962768,0.9974643639246913,0.0997233940172206,5,0.001,0.1,0.9810949461706271,0.9909955756616139,0.9929043860498561,0.993869073556229,0.9951129582655623,0.996532843781925,0.9965331233407974,0.9959508277804803,0.9963995740713772,1.0,0.9966202935555616,0.9958332375284014
4,10,1.5368841328581826,0.5988686037541785,3889,1.876120822770255,0.6327160493827161,648,1.8852317184685898,0.6347,0.9972094455381673,0.08323816515505313,,,0.99,,0.9900107286803723,0.00998927131962768,0.9974544578150457,0.0997233940172206,5,0.001,0.1,0.9807791425241674,0.9909569214160687,0.9929178530701349,0.9941782761808139,0.9952402085232497,0.9966687080257828,0.9962161137877091,0.9969992370288128,0.9966684928324285,0.9966202935555616,1.0,0.9960317383773796
4,11,1.5519126999278028,0.6001582695858613,3791,1.8930045425891877,0.629746835443038,632,1.8852338539525724,0.6347,0.9965141797081531,0.08319506711046906,,,0.99,,0.9900107286803723,0.00998927131962768,0.9974501971802137,0.0997233940172206,5,0.001,0.1,0.9804530884790645,0.9893325417928074,0.9920918910242273,0.9931276691525098,0.9945733478480993,0.9956821639478132,0.9959005150442279,0.9953016452872154,0.9966384780252096,0.9958332375284014,0.9960317383773796,1.0
5,0,1.1430849039832907,0.6662527392257122,8214,1.7645700476890387,0.662527392257122,1369,1.7587619536220076,0.6543,0.9904547892133478,0.08267344806360964,,,0.99,,0.9900107286803723,0.00998927131962768,0.9979062361884902,0.09971340360197829,5,0.001,0.1,1.0,0.9948284118205021,0.9925040021386223,0.9907291481866446,0.9874037675059467,0.9870570765678252,0.986843247842425,0.9847056535319627,0.983861198676937,0.9810839058438439,0.9811766174941219,0.9812869472015766
5,1,1.2355996267309466,0.6448433221782781,6574,1.768582568849836,0.635036496350365,1096,1.75859718619825,0.6544,0.996826235634133,0.08330401496473598,,,0.99,,0.9900107286803723,0.00998927131962768,0.9979062361884902,0.09971340360197829,5,0.001,0.1,0.9948284118205021,1.0,0.996856778304689,0.9963711516150796,0.994104522099133,0.9947259615192063,0.9942783825601004,0.9929336026109855,0.9924622713731961,0.9903913841568582,0.9909281002708428,0.9897397159043523
5,2,1.2364346421225954,0.6723845754798548,5783,1.7576097596076228,0.6721991701244814,964,1.7585937938751124,0.6543,0.9980915311134536,0.08343349582754839,,,0.99,,0.9900107286803723,0.00998927131962768,0.9979062361884902,0.09971340360197829,5,0.001,0.1,0.9925040021386223,0.996856778304689,1.0,0.9971025354204814,0.996255251019081,0.9959050568201595,0.9958373847506843,0.9947140175769864,0.9943667595812641,0.9929524040117286,0.9934718714609195,0.9927617773922809
5,3,1.279635342057929,0.6581047853224892,5287,1.7714493530137199,0.6401816118047673,881,1.758593582497618,0.6543,0.9983049899894638,0.08348830779227219,,,0.99,,0.9900107286803723,0.00998927131962768,0.9979062361884902,0.09971340360197829,5,0.001,0.1,0.9907291481866446,0.9963711516150796,0.9971025354204814,1.0,0.9969051276388775,0.9966125485726263,0.9964116001794626,0.9957274372307441,0.9948544775989024,0.9931798541598053,0.9941444946110277,0.9932210023792307
5,4,1.3209200830613412,0.6483890577507598,4935,1.7427622033999517,0.6532846715328468,822,1.758593524606845,0.6543,0.9981013696276103,0.0834632196718842,,,0.99,,0.9900107286803723,0.00998927131962768,0.9979062361884902,0.09971340360197829,5,0.001,0.1,0.9874037675059467,0.994104522099133,0.996255251019081,0.9969051276388775,1.0,0.9961537918306529,0.9966811310536114,0.9956484521467512,0.995312346261952,0.9946283533673229,0.9951883290514522,0.9945186677497437
5,5,1.342784394548364,0.6421255624598243,4667,1.7739144659042358,0.6259640102827764,778,1.758593579069875,0.6543,0.9987210303009918,0.08351224216836667,,,0.99,,0.9900107286803723,0.00998927131962768,0.9979062361884902,0.09971340360197829,5,0.001,0.1,0.9870570765678252,0.9947259615192063,0.9959050568201595,0.9966125485726263,0.9961537918306529,1.0,0.997620085141125,0.9966182761061378,0.9969328976000079,0.9961075413411747,0.9965466393853285,0.9959306691788226
5,6,1.3379360955953599,0.6463058612171569,4453,1.737711509068807,0.6657681940700808,742,1.758593511657593,0.6543,0.9986114296040767,0.08350110685315294,,,0.99,,0.9900107286803723,0.00998927131962768,0.9979062361884902,0.09971340360197829,5,0.001,0.1,0.986843247842425,0.9942783825601004,0.9958373847506843,0.9964116001794626,0.9966811310536114,0.997620085141125,1.0,0.9966586270619068,0.9969588225496671,0.9957279787906601,0.9962506660708593,0.9956279417445452
5,7,1.3700779410440531,0.6404489127893384,4277,1.7478007492811785,0.6746143057503506,713,1.7585944874218096,0.6543,0.9978387951779116,0.083416696878488,,,0.99,,0.9900107286803723,0.00998927131962768,0.9979062361884902,0.09971340360197829,5,0.001,0.1,0.9847056535319627,0.9929336026109855,0.9947140175769864,0.9957274372307441,0.9956484521467512,0.9966182761061378,0.9966586270619068,1.0,0.9960230163345452,0.995245307582551,0.9964208563891245,0.9949475048732562
5,8,1.3754753996775702,0.6260111407120368,4129,1.7490595470775256,0.6744186046511628,688,1.7585955618288571,0.6543,0.9978128805011544,0.08339581571437989,,,0.99,,0.9900107286803723,0.00998927131962768,0.9979062361884902,0.09971340360197829,5,0.001,0.1,0.983861198676937,0.9924622713731961,0.9943667595812641,0.9948544775989024,0.995312346261952,0.9969328976000079,0.9969588225496671,0.9960230163345452,1.0,0.9954887371574167,0.996487096617412,0.996583618143246
5,9,1.3915860986898816,0.6404898775306174,4001,1.7635815370650518,0.6446776611694153,667,1.7585992032346633,0.6542,0.9967564241778915,0.08329597331582603,,,0.99,,0.9900107286803723,0.00998927131962768,0.9979062361884902,0.09971340360197829,5,0.001,0.1,0.9810839058438439,0.9903913841568582,0.9929524040117286,0.9931798541598053,0.9946283533673229,0.9961075413411747,0.9957279787906601,0.995245307582551,0.9954887371574167,1.0,0.9963702463603583,0.995506253248323
5,10,1.407401286871707,0.6226793520185138,3889,1.7457551785877772,0.6589506172839507,648,1.7586114277093174,0.654,0.9972949993765791,0.08328033483894916,,,0.99,,0.9900107286803723,0.00998927131962768,0.9979062361884902,0.09971340360197829,5,0.001,0.1,0.9811766174941219,0.9909281002708428,0.9934718714609195,0.9941444946110277,0.9951883290514522,0.9965466393853285,0.9962506660708593,0.9964208563891245,0.996487096617412,0.9963702463603583,1.0,0.9961373486664185
5,11,1.42253990363674,0.6225797942495384,3791,1.7696240663528442,0.6455696202531646,632,1.7586141870425531,0.6541,0.9967206940553955,0.08323534391078699,,,0.99,,0.9900107286803723,0.00998927131962768,0.9979062361884902,0.09971340360197829,5,0.001,0.1,0.9812869472015766,0.9897397159043523,0.9927617773922809,0.9932210023792307,0.9945186677497437,0.9959306691788226,0.9956279417445452,0.9949475048732562,0.996583618143246,0.995506253248323,0.9961373486664185,1.0
6,0,1.075069824846802,0.675773070367665,8214,1.630739966104197,0.6800584368151936,1369,1.6254143772033838,0.6691,0.9903989703817144,0.08272082116052057,,,0.99,,0.9900107286803723,0.00998927131962768,0.9983367957699628,0.0996830930954151,5,0.001,0.1,1.0,0.9941522076420941,0.9917942164535442,0.9898189547686503,0.9866207346961192,0.9866893820416629,0.9862896828819763,0.9843619560168426,0.9828680516810069,0.9815250585199726,0.9812621195033583,0.9818325414897512
6,1,1.1578563451766968,0.6554304837237602,6574,1.6363806281770978,0.6514598540145985,1096,1.6252248938472127,0.6691,0.9965064775482789,0.0833050318649193,,,0.99,,0.9900107286803723,0.00998927131962768,0.9983367957699628,0.0996830930954151,5,0.001,0.1,0.9941522076420941,1.0,0.9960548229828966,0.9953381200478586,0.9935216254333492,0.9937133145550985,0.9934406017701782,0.9922956270882546,0.99152256475957,0.9900833310432584,0.9903556710160809,0.9896994244975506
6,2,1.1490183923125925,0.6806501815666609,5783,1.6242420288824266,0.6939834024896265,964,1.6252191752290572,0.6691,0.9979505638639996,0.08343112947701563,,,0.99,,0.9900107286803723,0.00998927131962768,0.9983367957699628,0.0996830930954151,5,0.001,0.1,0.9917942164535442,0.9960548229828966,1.0,0.996471526420723,0.9958738960471636,0.9953100468537508,0.995281586663408,0.9943369233192214,0.9933208725180326,0.9928013910587946,0.9933841932220862,0.9927876298728603
6,3,1.1849951221282224,0.6689994325704558,5287,1.6414124795368739,0.656072644721907,881,1.625218944046825,0.6691,0.9979450308341284,0.08346458653295989,,,0.99,,0.9900107286803723,0.00998927131962768,0.9983367957699628,0.0996830930954151,5,0.001,0.1,0.9898189547686503,0.9953381200478586,0.996471526420723,1.0,0.996210555516668,0.9957236186040042,0.9956520490929731,0.9953043334046384,0.9932541627385817,0.9927883602549131,0.9938372618277963,0.9929311376049345
6,4,1.225554469862292,0.6598176291793313,4935,1.6069364226781404,0.670316301703163,822,1.625218886536912,0.6691,0.997847099839677,0.08344602807476388,,,0.99,,0.9900107286803723,0.00998927131962768,0.9983367957699628,0.0996830930954151,5,0.001,0.1,0.9866207346961192,0.9935216254333492,0.9958738960471636,0.996210555516668,1.0,0.9954580216529416,0.9962530437344679,0.9950417703302832,0.9941058863436927,0.9944028853371369,0.994889734106015,0.9937577224791643
6,5,1.2443748346746784,0.6527105206770945,4667,1.643682098388672,0.6336760925449871,778,1.6252189627089821,0.6691,0.9983335254146789,0.08349182153788122,,,0.99,,0.9900107286803723,0.00998927131962768,0.9983367957699628,0.0996830930954151,5,0.001,0.1,0.9866893820416629,0.9937133145550985,0.9953100468537508,0.9957236186040042,0.9954580216529416,1.0,0.9968890088138697,0.9957268276366303,0.9950870386584794,0.9957207769895265,0.9960253424786814,0.9956114204076892
6,6,1.2350629140649523,0.6599595778127105,4453,1.6014078656832378,0.6805929919137467,742,1.6252188667321739,0.6691,0.9982577316099316,0.08348254030138444,,,0.99,,0.9900107286803723,0.00998927131962768,0.9983367957699628,0.0996830930954151,5,0.001,0.1,0.9862896828819763,0.9934406017701782,0.995281586663408,0.9956520490929731,0.9962530437344679,0.9968890088138697,1.0,0.9959375233651308,0.9954595986457279,0.9951164674819557,0.9955384750052401,0.9951846281879819
6,7,1.2653614265705222,0.6540098199672668,4277,1.6131458437961081,0.6886395511921458,713,1.6252202606810549,0.6691,0.9975345340208931,0.08340738385168495,,,0.99,,0.9900107286803723,0.00998927131962768,0.9983367957699628,0.0996830930954151,5,0.001,0.1,0.9843619560168426,0.9922956270882546,0.9943369233192214,0.9953043334046384,0.9950417703302832,0.9957268276366303,0.9959375233651308,1.0,0.9947361636745772,0.9945766090615193,0.9958296552332028,0.9942383939264836
6,8,1.2712802522228315,0.6408815693872608,4129,1.612933175130324,0.6875,688,1.625221904093465,0.6691,0.996864632618328,0.08337293366507223,,,0.99,,0.9900107286803723,0.00998927131962768,0.9983367957699628,0.0996830930954151,5,0.001,0.1,0.9828680516810069,0.99152256475957,0.9933208725180326,0.9932541627385817,0.9941058863436927,0.9950870386584794,0.9954595986457279,0.9947361636745772,1.0,0.9938913775009576,0.9948087042769715,0.9953163770118224
6,9,1.2898904203422485,0.6600349912521869,4001,1.6312580506006877,0.6581709145427287,667,1.625227066274649,0.669,0.9965716149520002,0.08330220084027538,,,0.99,,0.9900107286803723,0.00998927131962768,0.9983367957699628,0.0996830930954151,5,0.001,0.1,0.9815250585199726,0.9900833310432584,0.9928013910587946,0.9927883602549131,0.9944028853371369,0.9957207769895265,0.9951164674819557,0.9945766090615193,0.9938913775009576,1.0,0.9957580932141908,0.9941973616259643
6,10,1.2991080076968085,0.6356904088454616,3889,1.6080262093316942,0.6682098765432098,648,1.625241123068447,0.669,0.997105965284094,0.08330986248918716,,,0.99,,0.9900107286803723,0.00998927131962768,0.9983367957699628,0.0996830930954151,5,0.001,0.1,0.9812621195033583,0.9903556710160809,0.9933841932220862,0.9938372618277963,0.994889734106015,0.9960253424786814,0.9955384750052401,0.9958296552332028,0.9948087042769715,0.9957580932141908,1.0,0.995557900749417
