round,client_id,client_i_training_loss,client_i_training_accuracy,client_i_training_dataset_size,client_i_evaluation_loss,client_i_evaluation_accuracy,client_i_evaluation_dataset_size,client_i_central_evaluation_loss,client_i_central_evaluation_accuracy,client_i_cosine_similarity,client_i_importance_coefficient,client_i_tanh_val,tanh_normalization_value,client_i_q,client_i_mask_order,client_i_v_nonzero_fraction,client_i_v_sparsity,client_i_v_cosine_similarity,client_i_reward_gradient_norm,local_epochs,learning_rate,gamma,client_0_cosine_similarity,client_1_cosine_similarity,client_2_cosine_similarity,client_3_cosine_similarity,client_4_cosine_similarity,client_5_cosine_similarity,client_6_cosine_similarity,client_7_cosine_similarity,client_8_cosine_similarity,client_9_cosine_similarity,client_10_cosine_similarity,client_11_cosine_similarity
0,0,0.27261428212573036,0.9147065984903823,8214,2.1791467722072158,0.2972972972972973,1369,2.183821899060624,0.2774,0.8075223170468347,0.0872687230260571,,,0.9599999999852438,,0.9600020079313287,0.03999799206867127,0,0.3878980823677765,5,0.1,0.5,1.0,0.5762386096346991,0.5726573845223478,0.6012094297093593,0.5803176166342991,0.5782021079361569,0.5582520759871409,0.5828811358842786,0.5985205868554275,0.40762557842455815,0.5769493961207419,0.5826547885672863
0,1,0.30605449602821644,0.901764526924247,6574,2.183973285130092,0.2791970802919708,1096,2.1838211182969065,0.2775,0.7874395805660289,0.0850983870111243,,,0.9279742039754528,,0.927985542894433,0.07201445710556698,0,0.38789168525144974,5,0.1,0.5,0.5762386096346991,1.0,0.5625393663065864,0.5785583505275855,0.5806651311602473,0.568316277713732,0.5694336435235631,0.5787382185255334,0.5826205692283523,0.40337654351724334,0.5911160547777238,0.576939955462276
0,2,0.3277589499734301,0.8969047207331835,5783,2.1864167182676253,0.2894190871369295,964,2.1838224208393036,0.2774,0.7800923672702452,0.0843043756152932,,,0.916257655562039,,0.9162793032478289,0.08372069675217109,0,0.3878870640633829,5,0.1,0.5,0.5726573845223478,0.5625393663065864,1.0,0.5861033004480288,0.5770818880299149,0.583028083736853,0.5679130221395712,0.5787280884906849,0.5724728347549598,0.4018948682285456,0.5923271044276683,0.5749658823222693
0,3,0.3274208702921239,0.8964251938717609,5287,2.181601175240108,0.2905788876276958,881,2.183820352767603,0.2774,0.8020386105816708,0.08667610032008075,,,0.9512551725659945,,0.9512725264795944,0.04872747352040563,0,0.38789710183679993,5,0.1,0.5,0.6012094297093593,0.5785583505275855,0.5861033004480288,1.0,0.6140774679273989,0.6068454489344899,0.5851415015371576,0.6013320459131314,0.6057911809279776,0.4154788439076929,0.6085253127490647,0.6184818922748806
0,4,0.3250940695082048,0.8979533941236069,4935,2.1827803391676683,0.27007299270072993,822,2.183822656972721,0.2775,0.790861168726293,0.08546815713779933,,,0.9334305861051924,,0.9334420962803072,0.06655790371969283,0,0.3878934020409972,5,0.1,0.5,0.5803176166342991,0.5806651311602473,0.5770818880299149,0.6140774679273989,1.0,0.5883278052543832,0.5877717184413145,0.6010282513304513,0.6034695868955526,0.4175385816759883,0.5906868852937791,0.611151809360406
0,5,0.3501199691569152,0.8924791086350975,4667,2.1826630878448485,0.2814910025706941,778,2.183821075640547,0.2774,0.7840583526839424,0.08473297860902725,,,0.9225821840922155,,0.922599267105065,0.07740073289493499,0,0.38788977061042684,5,0.1,0.5,0.5782021079361569,0.568316277713732,0.583028083736853,0.6068454489344899,0.5883278052543832,1.0,0.5795697024589657,0.5945133008821984,0.6067638022582779,0.4109620014433162,0.5906371158161692,0.6041275162615174
0,6,0.36502097574727876,0.8866382214237593,4453,2.1789101560910544,0.2668463611859838,742,2.1838308439468044,0.2773,0.7730482896956624,0.0835431240166025,,,0.90502451551181,,0.9050449274634808,0.09495507253651925,0,0.3878811955786315,5,0.1,0.5,0.5582520759871409,0.5694336435235631,0.5679130221395712,0.5851415015371576,0.5877717184413145,0.5795697024589657,1.0,0.5803448842744169,0.6092048361120657,0.41645401761791445,0.5870851915148377,0.5991850850590188
0,7,0.3666140700231737,0.8848725742342763,4277,2.181723522103351,0.28190743338008417,713,2.183822026267981,0.2774,0.7859530116137144,0.0849377338979904,,,0.9256035831157501,,0.9256262235831535,0.0743737764168465,0,0.38789091695261935,5,0.1,0.5,0.5828811358842786,0.5787382185255334,0.5787280884906849,0.6013320459131314,0.6010282513304513,0.5945133008821984,0.5803448842744169,1.0,0.6161551217700558,0.41948217991015707,0.606767757309148,0.6019313689033626
0,8,0.3648244840612348,0.8850569145071446,4129,2.18871871991591,0.26598837209302323,688,2.183822485585563,0.2775,0.7917563478184045,0.08556489890530104,,,0.9348581217910581,,0.9348677275237187,0.06513227247628128,0,0.38789381647056675,5,0.1,0.5,0.5985205868554275,0.5826205692283523,0.5724728347549598,0.6057911809279776,0.6034695868955526,0.6067638022582779,0.6092048361120657,0.6161551217700558,1.0,0.41846343325010077,0.5936064347398157,0.6132956051989573
0,9,0.4644626939210982,0.8715821044738815,4001,2.1929945605141774,0.2563718140929535,667,2.184540949690456,0.274,0.5817735134703863,0.06287210958653747,,,0.6,,0.6,0.4,0,0.38597189579602903,5,0.1,0.5,0.40762557842455815,0.40337654351724334,0.4018948682285456,0.4154788439076929,0.4175385816759883,0.4109620014433162,0.41645401761791445,0.41948217991015707,0.41846343325010077,1.0,0.4164232239389051,0.41785913645173817
0,10,0.3786687914007267,0.8801748521470815,3889,2.1826568444569907,0.2654320987654321,648,2.1838205188227158,0.2774,0.7827478881456621,0.0845913570532975,,,0.9204923956801061,,0.9205110185231665,0.07948898147683348,0,0.38788885353820224,5,0.1,0.5,0.5769493961207419,0.5911160547777238,0.5923271044276683,0.6085253127490647,0.5906868852937791,0.5906371158161692,0.5870851915148377,0.606767757309148,0.5936064347398157,0.4164232239389051,1.0,0.6015389533724214
0,11,0.3988667315983472,0.8742284357689264,3791,2.1893879413604735,0.25158227848101267,632,2.1838220978697267,0.2774,0.7859929943423483,0.08494205482088914,,,0.9256673432866991,,0.9256864615230159,0.07431353847698408,0,0.38789092740725273,5,0.1,0.5,0.5826547885672863,0.576939955462276,0.5749658823222693,0.6184818922748806,0.611151809360406,0.6041275162615174,0.5991850850590188,0.6019313689033626,0.6132956051989573,0.41785913645173817,0.6015389533724214,1.0
1,0,0.2467242259209693,0.9235938641344047,8214,2.0128956866818806,0.6515704894083273,1369,2.018795811330168,0.6229,0.7991128558578873,0.08594435175605707,,,0.9578952788650335,,0.9579037196927865,0.04209628030721346,0.9544589583442208,0.40126303082723463,5,0.1,0.5,1.0,0.6089055273443267,0.6099041096143366,0.620381411659608,0.6171548457267438,0.621729470305958,0.6115718064085346,0.618363502680035,0.6273200975096884,0.48003163086634754,0.6101162142222862,0.618366728872904
1,1,0.275719472993328,0.9165804685123212,6574,2.018435675757272,0.6058394160583942,1096,2.0187964740271767,0.6232,0.8015633492980357,0.08458776579547159,,,0.9351862150418028,,0.935209075849606,0.064790924150394,0.9544426897226113,0.40125834961997175,5,0.1,0.5,0.6089055273443267,1.0,0.6159547790196103,0.6195138468463045,0.6263148464431201,0.6179591532793158,0.6094492748427375,0.6248417458374902,0.6407405866893814,0.4847829095948653,0.6111350161388798,0.618495403654316
1,2,0.2947298303380279,0.9101850250734913,5783,2.018790210447004,0.6130705394190872,964,2.018795177197685,0.6232,0.8082882109016338,0.08429531675162,,,0.930290657963354,,0.9303097234074594,0.06969027659254057,0.9544335615736608,0.40125676490203044,5,0.1,0.5,0.6099041096143366,0.6159547790196103,1.0,0.6293319220642641,0.6391512354719949,0.6333840915955785,0.6171038886249132,0.6233656530786115,0.6310333370560933,0.49044577752750973,0.6255518407085221,0.6314513398674887
1,3,0.28267525348206424,0.9133345942878759,5287,2.015555888414383,0.6186152099886493,881,2.018794554110152,0.6231,0.8139674406343752,0.08607008283604167,,,0.9599999999832601,,0.9600020079313287,0.03999799206867127,0.9544605689651031,0.4012632769271432,5,0.1,0.5,0.620381411659608,0.6195138468463045,0.6293319220642641,1.0,0.6345879687908028,0.6334672680588186,0.6192206307460828,0.6331041311123242,0.6525699316992735,0.4920736557080902,0.6231510000850837,0.6326091229551375
1,4,0.284388943962873,0.9118135764944275,4935,2.0196447601685157,0.6155717761557178,822,2.0187978820678905,0.6232,0.8195032531111741,0.08546096724058168,,,0.9498034880518995,,0.9498167762662517,0.05018322373374828,0.9544437435439904,0.40126183334823606,5,0.1,0.5,0.6171548457267438,0.6263148464431201,0.6391512354719949,0.6345879687908028,1.0,0.6349790984078748,0.6279690802401943,0.6494174305215841,0.641720221196026,0.4936390963442576,0.6365017185904432,0.6469135656129366
1,5,0.30444393667252095,0.9086350974930362,4667,2.014240140914917,0.6311053984575835,778,2.0187938274286044,0.6232,0.817338436906436,0.08489668772199774,,,0.9403575259278818,,0.9403794990211335,0.05962050097886651,0.9544428712154115,0.4012597828525828,5,0.1,0.5,0.621729470305958,0.6179591532793158,0.6333840915955785,0.6334672680588186,0.6349790984078748,1.0,0.6247185256898431,0.6402804580597669,0.6487608484168351,0.498848651683405,0.6347816674113859,0.643256543513468
1,6,0.31732642467000655,0.900785986975073,4453,2.0159175048271814,0.6347708894878706,742,2.018804695659552,0.6233,0.8043319719307656,0.08365105310071497,,,0.9195057723811122,,0.9195221123437578,0.0804778876562422,0.9544232127359393,0.401252431306684,5,0.1,0.5,0.6115718064085346,0.6094492748427375,0.6171038886249132,0.6192206307460828,0.6279690802401943,0.6247185256898431,1.0,0.6249928943394033,0.6299152460196286,0.4877811779879248,0.6297101590928638,0.6298521866308533
1,7,0.3223348600984509,0.9003039513677812,4277,2.0173515133235767,0.6185133239831697,713,2.0187970575052328,0.6231,0.8176633655278147,0.08504412248083608,,,0.9428255636678402,,0.9428442347271724,0.05715576527282762,0.9544464632188234,0.4012604097402786,5,0.1,0.5,0.618363502680035,0.6248417458374902,0.6233656530786115,0.6331041311123242,0.6494174305215841,0.6402804580597669,0.6249928943394033,1.0,0.6490481069488698,0.4929963461112178,0.6392469647846639,0.6371339219715021
1,8,0.31814252201915505,0.9024461128602567,4129,2.0239626548506995,0.6119186046511628,688,2.0187951124514254,0.6233,0.8267363786620225,0.08577824469003795,,,0.9551146692514046,,0.9551327744591135,0.04486722554088651,0.9544462792565582,0.40126268203591187,5,0.1,0.5,0.6273200975096884,0.6407405866893814,0.6310333370560933,0.6525699316992735,0.641720221196026,0.6487608484168351,0.6299152460196286,0.6490481069488698,1.0,0.49756872223647775,0.6459642457352545,0.6520310435869278
1,9,0.3914526018956672,0.8922769307673082,4001,2.0326274179276966,0.6221889055472264,667,2.0219060776713556,0.6212,0.6513821319540629,0.06456453115017799,,,0.6,,0.6,0.4,0.9492198247176543,0.3990861564723238,5,0.1,0.5,0.48003163086634754,0.4847829095948653,0.49044577752750973,0.4920736557080902,0.4936390963442576,0.498848651683405,0.4877811779879248,0.4929963461112178,0.49756872223647775,1.0,0.4814994340095672,0.49855482517296523
1,10,0.33421549451552696,0.899871432244793,3889,2.0193542412349155,0.6419753086419753,648,2.018793849518505,0.6232,0.8118338981333996,0.08461004497002375,,,0.935559165382978,,0.9355805431454244,0.06441945685457562,0.9544387602723069,0.4012584792854963,5,0.1,0.5,0.6101162142222862,0.6111350161388798,0.6255518407085221,0.6231510000850837,0.6365017185904432,0.6347816674113859,0.6297101590928638,0.6392469647846639,0.6459642457352545,0.4814994340095672,1.0,0.6391777074597346
1,11,0.3401314723015833,0.8911105249274598,3791,2.0262064218521116,0.6044303797468354,632,2.018797059028674,0.6232,0.8190882617055784,0.08509683150643957,,,0.9437079055623216,,0.9437227046834998,0.056277295316500164,0.9544462986419544,0.4012606296772251,5,0.1,0.5,0.618366728872904,0.618495403654316,0.6314513398674887,0.6326091229551375,0.6469135656129366,0.643256543513468,0.6298521866308533,0.6371339219715021,0.6520310435869278,0.49855482517296523,0.6391777074597346,1.0
2,0,0.22655214029346168,0.9303140978816654,8214,1.8077936366546985,0.8444119795471147,1369,1.8154955691042038,0.832,0.7979130909076726,0.08489860801550711,,,0.9435684309267168,,0.9435821494904875,0.056417850509512535,0.9665746818851155,0.4024465764183468,5,0.1,0.5,1.0,0.6124471785306335,0.6162005571152984,0.622830129236034,0.6139846853309114,0.6163643911260038,0.6158154292750936,0.6157730517299554,0.6173538357276496,0.5154267810099938,0.6119735499089568,0.6139850001479439
2,1,0.2487764096140717,0.923699421965318,6574,1.8134985617228916,0.8448905109489051,1096,1.8154948984091275,0.832,0.8079878583376149,0.08435026647354485,,,0.932965376234837,,0.9329752522463731,0.06702474775362688,0.9665500918006931,0.40244352556646706,5,0.1,0.5,0.6124471785306335,1.0,0.6287086366685417,0.6307085238938165,0.622326271641284,0.6258080701694261,0.62541919212769,0.63173842270561,0.6319358896262165,0.5236801113261076,0.6191088193763683,0.623848154767516
2,2,0.26592274091685014,0.9208369358464464,5783,1.8125365780245872,0.8319502074688797,964,1.8154920297689712,0.832,0.8079728133501181,0.08415567692959362,,,0.9292026783192288,,0.9292154008332915,0.07078459916670854,0.9665412359087171,0.4024422382917987,5,0.1,0.5,0.6162005571152984,0.6287086366685417,1.0,0.629666227497931,0.6241637373869042,0.6339889091409713,0.6255603408256308,0.6221294350564236,0.6217288476428311,0.5230094188134733,0.624686080464272,0.6269549573271316
2,3,0.2583268371949264,0.9199924342727445,5287,1.8119459450244904,0.8342792281498297,881,1.8154960566054519,0.832,0.8198550798052471,0.08574837368905407,,,0.9599999999806634,,0.9600020079313287,0.03999799206867127,0.9665833969669767,0.4024492051405771,5,0.1,0.5,0.622830129236034,0.6307085238938165,0.629666227497931,1.0,0.6353868141086699,0.6366807196665514,0.6364112377102595,0.637677607380013,0.642702554750096,0.5440253887363794,0.6321623409619969,0.6382560355552379
2,4,0.2597836513997566,0.9204457953394124,4935,1.8195873315517719,0.8199513381995134,822,1.8155005138141278,0.832,0.8125734936850726,0.08508986288803647,,,0.9472666476736378,,0.9472817629637066,0.052718237036293414,0.9665699310575295,0.40244733495731083,5,0.1,0.5,0.6139846853309114,0.622326271641284,0.6241637373869042,0.6353868141086699,1.0,0.6361371886697956,0.6276804422458176,0.6368087571670898,0.6289417038515904,0.5318861488026703,0.6222850258594471,0.6376033599591978
2,5,0.2768542155967898,0.9169059352903364,4667,1.8080708599090576,0.8226221079691517,778,1.815490381024516,0.832,0.8164647629294208,0.08485132095913736,,,0.9426540605817084,,0.9426735605642287,0.057326439435771315,0.9665632876302088,0.40244635701393877,5,0.1,0.5,0.6163643911260038,0.6258080701694261,0.6339889091409713,0.6366807196665514,0.6361371886697956,1.0,0.6375391476550893,0.6319785364409389,0.6319863666219578,0.5211384314135052,0.6396282957494223,0.6428939997104672
2,6,0.28520011251526217,0.9124185942061531,4453,1.813586448629697,0.8517520215633423,742,1.8155057411224316,0.8321,0.8143697015752352,0.08395156866645123,,,0.9252559208486589,,0.9252798554289443,0.07472014457105569,0.9665315358981778,0.4024407048507102,5,0.1,0.5,0.6158154292750936,0.62541919212769,0.6255603408256308,0.6364112377102595,0.6276804422458176,0.6375391476550893,1.0,0.631897644821699,0.6335807922253532,0.5380528704351442,0.6328916682361729,0.6387773156945158
2,7,0.289005499570839,0.9120411503390227,4277,1.8148643763169,0.8218793828892006,713,1.8154935673022041,0.832,0.8151168494528879,0.08490207968106317,,,0.9436355610945882,,0.9436524270869936,0.056347572913006405,0.9665640699546502,0.4024465862489852,5,0.1,0.5,0.6157730517299554,0.63173842270561,0.6221294350564236,0.637677607380013,0.6368087571670898,0.6319785364409389,0.631897644821699,1.0,0.6344502884993048,0.5271104083813909,0.6339828736059873,0.6384184209503648
2,8,0.28888433767133115,0.9143133930733834,4129,1.820408051664179,0.8241279069767442,688,1.8154953607735924,0.832,0.8156227700482682,0.0854068998711861,,,0.9533970613199478,,0.9534059535163898,0.04659404648361021,0.9665766877045846,0.4024483649926148,5,0.1,0.5,0.6173538357276496,0.6319358896262165,0.6217288476428311,0.642702554750096,0.6289417038515904,0.6319863666219578,0.6335807922253532,0.6344502884993048,1.0,0.5322073487810896,0.6344601591317228,0.6354684331981131
2,9,0.29128043856252345,0.9122219445138715,4001,1.8354191042128063,0.815592203898051,667,1.822334802950533,0.8303,0.6953942088308103,0.0671308185757159,,,0.6,,0.6,0.4,0.9615627964464826,0.4000801191124454,5,0.1,0.5,0.5154267810099938,0.5236801113261076,0.5230094188134733,0.5440253887363794,0.5318861488026703,0.5211384314135052,0.5380528704351442,0.5271104083813909,0.5322073487810896,1.0,0.5325042136560465,0.5336386144779036
2,10,0.29966925256045873,0.9107225507842633,3889,1.818705053556533,0.8317901234567902,648,1.815492004632188,0.832,0.8120564245542891,0.08450714684451861,,,0.9359989073942028,,0.9360122483811054,0.06398775161889458,0.9665530421334957,0.4024444897301019,5,0.1,0.5,0.6119735499089568,0.6191088193763683,0.624686080464272,0.6321623409619969,0.6222850258594471,0.6396282957494223,0.6328916682361729,0.6339828736059873,0.6344601591317228,0.5325042136560465,1.0,0.6326497970280307
2,11,0.31042759756581123,0.9058823529411765,3791,1.8249940156936646,0.8227848101265823,632,1.8154954262815726,0.832,0.8171303105916938,0.08500737740619158,,,0.9456716598633805,,0.9456904773856734,0.054309522614326644,0.9665647602020093,0.4024470238309999,5,0.1,0.5,0.6139850001479439,0.623848154767516,0.6269549573271316,0.6382560355552379,0.6376033599591978,0.6428939997104672,0.6387773156945158,0.6384184209503648,0.6354684331981131,0.5336386144779036,0.6326497970280307,1.0
3,0,0.20785501539120124,0.9360847333820307,8214,1.5854926580606505,0.912344777209642,1369,1.595129978923371,0.8987,0.7887515694975731,0.08470547600005968,,,0.9380877568734936,,0.9381055167913257,0.0618944832086743,0.9671294016977124,0.3920777468257243,5,0.1,0.5,1.0,0.6038111207982743,0.5993049789775451,0.6109691761169509,0.6052693956086203,0.605190045282797,0.6031870182934668,0.6046317731233919,0.5794572677304134,0.35529014045817436,0.5962973162707079,0.6034759678692749
3,1,0.23487856539725824,0.9287191968360207,6574,1.5913537774767195,0.906021897810219,1096,1.5951295169397666,0.8986,0.7977429423194436,0.0846551456994643,,,0.9372920957467046,,0.9373073640881482,0.06269263591185181,0.9671157377780056,0.3920774794175248,5,0.1,0.5,0.6038111207982743,1.0,0.6064611086285844,0.6123826575684691,0.6139097021328925,0.6180512944303952,0.6142959756273665,0.6146251689217043,0.5874915601551387,0.3723532605279174,0.6048601705867287,0.607966336409237
3,2,0.24401991192910058,0.9268545737506485,5783,1.5887206715922202,0.8973029045643154,964,1.59512502659624,0.8985,0.8014440497112874,0.08465528345487165,,,0.9372942734929397,,0.9373073640881482,0.06269263591185181,0.9671121006773489,0.3920774794175248,5,0.1,0.5,0.5993049789775451,0.6064611086285844,1.0,0.6213990164972149,0.6191384941167069,0.6194758460036748,0.6237727635815251,0.6119334658664197,0.5907821721997178,0.3691465244575209,0.6144545091008727,0.6147760849156987
3,3,0.23687454063378005,0.9271420465292226,5287,1.5918129001344954,0.8910329171396141,881,1.5951238714467983,0.8986,0.8119083353405642,0.08609155575857605,,,0.9599999999841912,,0.9600020079313287,0.03999799206867127,0.9671462792834247,0.3920819474128019,5,0.1,0.5,0.6109691761169509,0.6123826575684691,0.6213990164972149,1.0,0.6254359780043645,0.6271822450232903,0.6322056079172476,0.6326631068136245,0.5983119119797998,0.365216872734805,0.6218699966914644,0.63182580100037
3,4,0.2354739256161115,0.9294427558257345,4935,1.6035459454243,0.8844282238442822,822,1.5951276111145751,0.8987,0.8088467647635481,0.08554233103474364,,,0.9513174219456061,,0.9513327644194568,0.0486672355805432,0.967142592639734,0.3920806733221844,5,0.1,0.5,0.6052693956086203,0.6139097021328925,0.6191384941167069,0.6254359780043645,1.0,0.6282168073804714,0.6254574260973433,0.6279981653877457,0.6031140984838557,0.3591894460107894,0.6153517680637334,0.6296063102634424
3,5,0.2528790494800252,0.9241911292050567,4667,1.5854147386550903,0.8958868894601543,778,1.5951178496638045,0.8987,0.8111123959632196,0.08546239225232219,,,0.9500536865626821,,0.950077807338989,0.049922192661010945,0.9671358307459307,0.3920804787800452,5,0.1,0.5,0.605190045282797,0.6180512944303952,0.6194758460036748,0.6271822450232903,0.6282168073804714,1.0,0.6306316613511114,0.6304953085531179,0.5924908632373793,0.37582360921443186,0.6245846504931152,0.626178032916877
3,6,0.25173936424610605,0.9233325847743095,4453,1.5948617309331894,0.9016172506738545,742,1.5951338088550506,0.8985,0.811883955104297,0.08488670100752857,,,0.940952704865842,,0.9409718387631143,0.0590281612368857,0.9671141951237209,0.39207850650311316,5,0.1,0.5,0.6031870182934668,0.6142959756273665,0.6237727635815251,0.6322056079172476,0.6254574260973433,0.6306316613511114,1.0,0.6332001416596102,0.5988232112801309,0.3740188024395949,0.6285363917919624,0.6248059689370571
3,7,0.25949536882368707,0.9222819733458031,4277,1.5947864159293796,0.9102384291725105,713,1.5951213490087004,0.8987,0.8111498589899271,0.08549772563903524,,,0.9506122646349925,,0.9506350082827167,0.04936499171728326,0.9671369885308971,0.3920805704560552,5,0.1,0.5,0.6046317731233919,0.6146251689217043,0.6119334658664197,0.6326631068136245,0.6279981653877457,0.6304953085531179,0.6332001416596102,1.0,0.598375966969966,0.3702093027282774,0.6286854305748235,0.6243248931985907
3,8,0.301400833974024,0.9128602567207557,4129,1.5985541993921453,0.8968023255813954,688,1.595129961403795,0.8987,0.7810848795872957,0.08477568775208842,,,0.9391977196806329,,0.9392098790221375,0.060790120977862516,0.9671362371385978,0.39207805122187067,5,0.1,0.5,0.5794572677304134,0.5874915601551387,0.5907821721997178,0.5983119119797998,0.6031140984838557,0.5924908632373793,0.5988232112801309,0.598375966969966,1.0,0.35558516846916144,0.5928707650914871,0.5962012385838813
3,9,0.4223040522246012,0.8937265683579105,4001,1.6210154862630934,0.8725637181409296,667,1.6059561537477536,0.8971,0.5199374314052236,0.06331941369520269,,,0.6,,0.6,0.4,0.9621193461578877,0.3896999396272516,5,0.1,0.5,0.35529014045817436,0.3723532605279174,0.3691465244575209,0.365216872734805,0.3591894460107894,0.37582360921443186,0.3740188024395949,0.3702093027282774,0.35558516846916144,1.0,0.36177141812906066,0.35770503510210955
3,10,0.2755928655903115,0.9188480329133454,3889,1.6008336884634835,0.904320987654321,648,1.595121732915933,0.8987,0.8039075928016545,0.08497767690704913,,,0.9423909237094985,,0.9424024898348476,0.057597510165152355,0.9671238677094527,0.3920788654500731,5,0.1,0.5,0.5962973162707079,0.6048601705867287,0.6144545091008727,0.6218699966914644,0.6153517680637334,0.6245846504931152,0.6285363917919624,0.6286854305748235,0.5928707650914871,0.36177141812906066,1.0,0.62100580808984
3,11,0.28057373254677326,0.9141651279345819,3791,1.6066977977752686,0.8955696202531646,632,1.5951246438315883,0.8987,0.8072461598554469,0.08543061079905842,,,0.9495512602585332,,0.9495657848501581,0.05043421514984192,0.9671391197723209,0.3920803884589446,5,0.1,0.5,0.6034759678692749,0.607966336409237,0.6147760849156987,0.63182580100037,0.6296063102634424,0.626178032916877,0.6248059689370571,0.6243248931985907,0.5962012385838813,0.35770503510210955,0.62100580808984,1.0
4,0,0.19636386321886562,0.9401753104455807,8214,1.3327527323434518,0.9349890430971513,1369,1.344739821772225,0.9255,0.7877628598494999,0.08389277240762752,,,0.9246514032886863,,0.924667436373676,0.07533256362632401,0.9666441191552834,0.3989642561392561,5,0.1,0.5,1.0,0.5996223333456693,0.5868228390249232,0.5998606472183111,0.5918699095623113,0.6018390508394615,0.5853729781680471,0.5955953998611815,0.6045916945478498,0.5922886023100663,0.5882848053362569,0.5897546652605327
4,1,0.21274916394478055,0.9363249163370855,6574,1.3387044293539865,0.9306569343065694,1096,1.3447408241966663,0.9254,0.7930768005756788,0.0840452760145869,,,0.9281884207851883,,0.9282013955122734,0.07179860448772657,0.9666485266351124,0.39896571738771075,5,0.1,0.5,0.5996223333456693,1.0,0.5858423709838017,0.6074516230263833,0.5981326019711692,0.6083254405402253,0.5915134234184842,0.6008637086647957,0.6073175072478687,0.6039062402925847,0.5889165684587194,0.5968688996088716
4,2,0.2282407610414766,0.9325955386477607,5783,1.3345252698467625,0.9201244813278008,964,1.3447355721324397,0.9254,0.7898252164423927,0.08393157311378244,,,0.9255513084075411,,0.9255760252999348,0.07442397470006523,0.9666450366246335,0.39896466023149557,5,0.1,0.5,0.5868228390249232,0.5858423709838017,1.0,0.6045505081806885,0.6021825182392112,0.6041693626920568,0.5922591192493663,0.5953347414423246,0.5978044699060345,0.6054688604006044,0.5914826126750804,0.5927359746399486
4,3,0.21832492788524244,0.9328919992434273,5287,1.342425423009055,0.9171396140749148,881,1.3447189548145086,0.9254,0.8049774097864724,0.08541687809871396,,,0.959999999976807,,0.9600020079313287,0.03999799206867127,0.9666904440306714,0.3989739274532467,5,0.1,0.5,0.5998606472183111,0.6074516230263833,0.6045505081806885,1.0,0.6088361411992455,0.6137157280986963,0.6055422296605528,0.6052287737317459,0.614563663742676,0.6180102952236202,0.6006987287290131,0.6188680642839849
4,4,0.21829250369100803,0.9335359675785208,4935,1.3576181485102727,0.916058394160584,822,1.344719914963451,0.9254,0.800694290575626,0.08490178402931395,,,0.9480534186982577,,0.9480698760102404,0.0519301239897596,0.9666755903941199,0.39897184045724554,5,0.1,0.5,0.5918699095623113,0.5981326019711692,0.6021825182392112,0.6088361411992455,1.0,0.611549167719687,0.6023184898618348,0.6103901438092855,0.6071828699801585,0.6127827790206292,0.5976046564123735,0.6153624304911299
4,5,0.2301363438584727,0.9334904649667881,4667,1.3326208877563477,0.929305912596401,778,1.3447040905967689,0.9254,0.8061098715458987,0.08503815695593193,,,0.9512163171838355,,0.9512323678530195,0.048767632146980544,0.9666771910995731,0.39897250517111305,5,0.1,0.5,0.6018390508394615,0.6083254405402253,0.6041693626920568,0.6137157280986963,0.611549167719687,1.0,0.610313274021944,0.6113949928170679,0.6205530015009746,0.615061944111641,0.6046805757677506,0.6084934681289098
4,6,0.23500995539328348,0.9300696159892208,4453,1.3455871939659119,0.9366576819407008,742,1.3447355138608061,0.9254,0.7941514274894922,0.08423685380952102,,,0.9326316862667955,,0.9326489634054516,0.06735103659454844,0.9666554980698746,0.39896740434847333,5,0.1,0.5,0.5853729781680471,0.5915134234184842,0.5922591192493663,0.6055422296605528,0.6023184898618348,0.610313274021944,1.0,0.5957197172660972,0.6021282962224243,0.6063894642908612,0.602768538105012,0.6039916414299608
4,7,0.2391169964836271,0.9285948094458732,4277,1.3449133064435876,0.9340813464235624,713,1.3447111483199148,0.9254,0.800446909730839,0.08486346679714368,,,0.9471647267957779,,0.9471813663972692,0.05281863360273076,0.9666730030424759,0.3989716233707408,5,0.1,0.5,0.5955953998611815,0.6008637086647957,0.5953347414423246,0.6052287737317459,0.6103901438092855,0.6113949928170679,0.5957197172660972,1.0,0.6160420764567339,0.6093348849413914,0.6096707201100807,0.6057490781690941
4,8,0.23398128236464344,0.9328166626301768,4129,1.3480316400527954,0.9186046511627907,688,1.344724912612964,0.9254,0.8054917936770923,0.08455991173788928,,,0.9401243716386669,,0.9401435670900056,0.05985643290999443,0.9666565598096998,0.39896980544761307,5,0.1,0.5,0.6045916945478498,0.6073175072478687,0.5978044699060345,0.614563663742676,0.6071828699801585,0.6205530015009746,0.6021282962224243,0.6160420764567339,1.0,0.6139870950884398,0.605361751866251,0.617465832532101
4,9,0.23615114843211366,0.9282179455136216,4001,1.3780426979064941,0.9160419790104948,667,1.3599311094314526,0.9244,0.7941220572245338,0.06989495926281974,,,0.6,,0.6,0.4,0.961431424411236,0.3964548396910081,5,0.1,0.5,0.5922886023100663,0.6039062402925847,0.6054688604006044,0.6180102952236202,0.6127827790206292,0.615061944111641,0.6063894642908612,0.6093348849413914,0.6139870950884398,1.0,0.609330975397075,0.6111443606217446
4,10,0.24902106040752814,0.9268706608382618,3889,1.3519358237584431,0.9212962962962963,648,1.3447237879323501,0.9254,0.7953763388410391,0.08434021473823437,,,0.935028937194842,,0.9350534611716279,0.06494653882837209,0.9666551044520082,0.3989682465539689,5,0.1,0.5,0.5882848053362569,0.5889165684587194,0.5914826126750804,0.6006987287290131,0.5976046564123735,0.6046805757677506,0.602768538105012,0.6096707201100807,0.605361751866251,0.609330975397075,1.0,0.6113502810596175
4,11,0.2556894776419181,0.9230282247428119,3791,1.3572848379611968,0.9240506329113924,632,1.3447155247861966,0.9254,0.8021417388300356,0.08487815303443509,,,0.947505344826349,,0.9475227147231565,0.05247728527684348,0.9666746681134107,0.3989717210897247,5,0.1,0.5,0.5897546652605327,0.5968688996088716,0.5927359746399486,0.6188680642839849,0.6153624304911299,0.6084934681289098,0.6039916414299608,0.6057490781690941,0.617465832532101,0.6111443606217446,0.6113502810596175,1.0
5,0,0.1846399553453528,0.9440710981251522,8214,1.0812871733377145,0.9430241051862673,1369,1.0952649683998035,0.939,0.7750742361207115,0.08334019865764049,,,0.9086188151574288,,0.9086341047136188,0.09136589528638117,0.9695825676420313,0.3927414839722649,5,0.1,0.5,1.0,0.5744063387884562,0.5769228845052233,0.5747596066317177,0.5715053105903773,0.5768622810880063,0.5624548982712005,0.5733867568860168,0.5811983074612027,0.5753256004039691,0.5668481222861249,0.5698680801720847
5,1,0.20209710097519085,0.9404015819896562,6574,1.0870139241218566,0.9470802919708029,1096,1.0952625200390436,0.939,0.7797626461163278,0.08360706531318167,,,0.9178051532841602,,0.9178203905426434,0.08217960945735658,0.9695933625947831,0.3927466264634923,5,0.1,0.5,0.5744063387884562,1.0,0.5750321109091193,0.5766160320979931,0.5734809505169461,0.5858912821015175,0.5708953454809332,0.5761587276670408,0.5871610288646654,0.5787901258811228,0.5707108633626485,0.5776927061636132
5,2,0.2122433910969624,0.9369877226353104,5783,1.081194156600583,0.941908713692946,964,1.0952561084454813,0.939,0.7827253657839874,0.08363529164467354,,,0.9187767869438082,,0.9187942372370865,0.08120576276291347,0.9695934913543363,0.39274711763316733,5,0.1,0.5,0.5769228845052233,0.5750321109091193,1.0,0.58870805174681,0.5831263218460427,0.5839797888724486,0.5791683317407808,0.5768459443932586,0.5766219436404169,0.5903013258381719,0.5665789969640695,0.579520486589853
5,3,0.20463890676773772,0.9373179496879137,5287,1.0945772847958974,0.9296254256526674,881,1.0952350084012308,0.939,0.7885462538951282,0.08483284183692795,,,0.959999999965577,,0.9600020079313287,0.03999799206867127,0.9696546618751541,0.39275893473164075,5,0.1,0.5,0.5747596066317177,0.5766160320979931,0.58870805174681,1.0,0.5840412851037164,0.5914403513542315,0.5752476248711003,0.588575470445952,0.5952188381320396,0.5895866601625531,0.5743408037855923,0.5848859698768194
5,4,0.20011226993655004,0.9390070921985816,4935,1.1122527901942914,0.9330900243309003,822,1.0952356615767311,0.939,0.7878708518996859,0.08446479314530182,,,0.9473306774474742,,0.9473470207318909,0.05265297926810908,0.9696393620134477,0.39275682017420677,5,0.1,0.5,0.5715053105903773,0.5734809505169461,0.5831263218460427,0.5840412851037164,1.0,0.588249186189485,0.5815748016991084,0.5864806751017557,0.5938428028032353,0.5914951572640458,0.5760189935120958,0.5901438838947127
5,5,0.2099281408964363,0.9390186415256053,4667,1.082046570777893,0.9395886889460154,778,1.0952182172205502,0.939,0.7932482214507308,0.08474511492181569,,,0.9569801805602564,,0.9569951307665278,0.04300486923347224,0.9696493348229354,0.39275853165936075,5,0.1,0.5,0.5768622810880063,0.5858912821015175,0.5839797888724486,0.5914403513542315,0.588249186189485,1.0,0.5845150569153952,0.5924903242103646,0.5944639464301259,0.5963926238774794,0.5856673190463098,0.5902093579292066
5,6,0.21583672911327864,0.9339321805524365,4453,1.0965303033590317,0.9433962264150944,742,1.0952618310626703,0.939,0.7813340946649209,0.08379039775951058,,,0.9241159973203433,,0.9241303147432358,0.07586968525676419,0.969608340390324,0.3927496118153959,5,0.1,0.5,0.5624548982712005,0.5708953454809332,0.5791683317407808,0.5752476248711003,0.5815748016991084,0.5845150569153952,1.0,0.5762792813699233,0.585088171418441,0.5891355503632869,0.5774053468578241,0.5804231652810838
5,7,0.21961044961058382,0.9357961187748421,4277,1.0958552049553913,0.9438990182328191,713,1.0952270227118421,0.939,0.7876429288500436,0.0844311638249154,,,0.9461730569593869,,0.9461874403895387,0.053812559610461275,0.9696360180191551,0.3927565792122566,5,0.1,0.5,0.5733867568860168,0.5761587276670408,0.5768459443932586,0.588575470445952,0.5864806751017557,0.5924903242103646,0.5762792813699233,1.0,0.5910319837131123,0.5888619039658208,0.5863925676250283,0.5810247228540034
5,8,0.2123656551050282,0.9373213853233229,4129,1.0985020805488934,0.934593023255814,688,1.0952420676478183,0.939,0.7943923828936804,0.084465706301026,,,0.9473621109633161,,0.9473771397018222,0.052622860298177754,0.9696331662739861,0.3927568235106904,5,0.1,0.5,0.5811983074612027,0.5871610288646654,0.5766219436404169,0.5952188381320396,0.5938428028032353,0.5944639464301259,0.585088171418441,0.5910319837131123,1.0,0.5982686409206963,0.589098884558212,0.5913530163719192
5,9,0.21452844482999006,0.9368657835541114,4001,1.134743400982448,0.9280359820089955,667,1.1135701687572102,0.9362,0.7861786109648211,0.07437470338608221,,,0.6,,0.6,0.4,0.9648280440264813,0.3902348188276712,5,0.1,0.5,0.5753256004039691,0.5787901258811228,0.5903013258381719,0.5895866601625531,0.5914951572640458,0.5963926238774794,0.5891355503632869,0.5888619039658208,0.5982686409206963,1.0,0.5849625775575394,0.5936601941492506
5,10,0.22704815006753826,0.9356132681923374,3889,1.1020169002669198,0.9429012345679012,648,1.0952514773740556,0.939,0.7813310872675531,0.08385937838552077,,,0.9264905141120277,,0.926504693539481,0.07349530646051905,0.969605877754781,0.3927505457547513,5,0.1,0.5,0.5668481222861249,0.5707108633626485,0.5665789969640695,0.5743408037855923,0.5760189935120958,0.5856673190463098,0.5774053468578241,0.5863925676250283,0.589098884558212,0.5849625775575394,1.0,0.582814719261231
5,11,0.2335987899515058,0.9288841994196781,3791,1.1085137963294982,0.9335443037974683,632,1.0952313334797137,0.939,0.7879944096468042,0.08445334482340376,,,0.9469365924100386,,0.9469504542944631,0.05304954570553688,0.9696381543791728,0.3927567244371462,5,0.1,0.5,0.5698680801720847,0.5776927061636132,0.579520486589853,0.5848859698768194,0.5901438838947127,0.5902093579292066,0.5804231652810838,0.5810247228540034,0.5913530163719192,0.5936601941492506,0.582814719261231,1.0
6,0,0.1771731906657466,0.9461163866569272,8214,0.8565239296403042,0.9517896274653032,1369,0.8721212043929786,0.9472,0.7584428714254173,0.08326295749005397,,,0.8986158217730097,,0.8986245670398072,0.1013754329601928,0.9659056781675742,0.38062295772189203,5,0.1,0.5,1.0,0.5494927747537274,0.5541796863956086,0.5549580483052128,0.5405593499185455,0.5489427646612353,0.543743879938359,0.5538782008410066,0.521570809638887,0.46768438889424524,0.5421146090143623,0.5433912039300546
6,1,0.18736533051519427,0.9435959841801035,6574,0.862506754057748,0.9543795620437956,1096,0.8721124790727902,0.9471,0.7684893829645241,0.08380041883520087,,,0.9171397804054289,,0.9171577732041564,0.08284222679584363,0.965937742490112,0.3806359511531894,5,0.1,0.5,0.5494927747537274,1.0,0.5595945359906656,0.5657772130863058,0.5498540090097117,0.5663118533783948,0.5583782056133373,0.5554220730282534,0.5347320002901554,0.4759492873702806,0.5442833785021747,0.5509183135435723
6,2,0.19701362152902913,0.9418986685111533,5783,0.8547071622264001,0.950207468879668,964,0.872109724690739,0.9471,0.770776561180252,0.08390080335390099,,,0.9205995988435867,,0.9206214547462477,0.07937854525375232,0.9659443330607355,0.38063779998776015,5,0.1,0.5,0.5541796863956086,0.5595945359906656,1.0,0.5696642384089634,0.5610340645978126,0.5609103814250836,0.5593439122837935,0.5539797235860183,0.5277174546933654,0.4802477251911347,0.551598952910304,0.5535475626441098
6,3,0.186262522458312,0.9446188764895026,5287,0.8745879445757184,0.9364358683314415,881,0.8720745987023789,0.9471,0.780176871663352,0.08504398192639405,,,0.9599999999655343,,0.9600020079313287,0.03999799206867127,0.9660028153285483,0.38064937752425587,5,0.1,0.5,0.5549580483052128,0.5657772130863058,0.5696642384089634,1.0,0.5649234059435738,0.5637409077735573,0.5666152570584315,0.5726953480702244,0.5391427144939718,0.49922358746466544,0.5467707836878097,0.569296248324586
6,4,0.18043008131305538,0.9445997973657548,4935,0.8925158335612371,0.9379562043795621,822,0.8720854882615062,0.947,0.7673104268828315,0.08433791199127236,,,0.9356648354222791,,0.9356859595401837,0.06431404045981626,0.9659883614419349,0.38064401596191355,5,0.1,0.5,0.5405593499185455,0.5498540090097117,0.5610340645978126,0.5649234059435738,1.0,0.5527937204494805,0.556425657072801,0.5574186260573419,0.524074912008187,0.49122471153855507,0.5421730039046346,0.5567743172000198
6,5,0.19400118923529167,0.943604028283694,4667,0.857608687877655,0.9473007712082262,778,0.8720519700751137,0.9471,0.7746470171731263,0.08478811532895285,,,0.951181389456674,,0.9512022488830882,0.04879775111691176,0.9660014787243488,0.3806479640996441,5,0.1,0.5,0.5489427646612353,0.5663118533783948,0.5609103814250836,0.5637409077735573,0.5527937204494805,1.0,0.5660915699526355,0.5640737096025596,0.534847985101866,0.4902633658001196,0.5544429068896203,0.5598148527935491
6,6,0.19469398624130657,0.9412081742645407,4453,0.8730925619602203,0.9501347708894878,742,0.8721096351885567,0.9471,0.7729797080336999,0.08408390963041561,,,0.9269104770530066,,0.9269263591185182,0.07307364088148183,0.9659527842354543,0.38064067992582723,5,0.1,0.5,0.543743879938359,0.5583782056133373,0.5593439122837935,0.5666152570584315,0.556425657072801,0.5660915699526355,1.0,0.5641087366611266,0.5340913010680864,0.4914428295099252,0.5555861999025951,0.5562540618926254
6,7,0.2060445337361698,0.9382277297170915,4277,0.8731263901876367,0.9551192145862553,713,0.872070114452618,0.9471,0.7732065002374413,0.08452482082858417,,,0.9421067713896951,,0.9421263992771447,0.0578736007228553,0.9659915443522565,0.3806459323830609,5,0.1,0.5,0.5538782008410066,0.5554220730282534,0.5539797235860183,0.5726953480702244,0.5574186260573419,0.5640737096025596,0.5641087366611266,1.0,0.5363866698958503,0.4811193493968632,0.5528988324978156,0.557617830268238
6,8,0.23166286037816183,0.9340760474691209,4129,0.8754503320563923,0.940406976744186,688,0.8720935912558827,0.947,0.7437255664105008,0.08350000471198091,,,0.9067858101313433,,0.9068068872044576,0.09319311279554243,0.9659532196104866,0.3806294978962269,5,0.1,0.5,0.521570809638887,0.5347320002901554,0.5277174546933654,0.5391427144939718,0.524074912008187,0.534847985101866,0.5340913010680864,0.5363866698958503,1.0,0.46809080137624887,0.5295147415404563,0.5308988853646366
6,9,0.259080471098423,0.9285678580354911,4001,0.914584824017116,0.9325337331334332,667,0.8914896472574423,0.9449,0.6850937549422459,0.0745988018180917,,,0.6,,0.6,0.4,0.9606501818533704,0.37816876533586397,5,0.1,0.5,0.46768438889424524,0.4759492873702806,0.4802477251911347,0.49922358746466544,0.49122471153855507,0.4902633658001196,0.4914428295099252,0.4811193493968632,0.46809080137624887,1.0,0.48710778477441236,0.4816666665165435
6,10,0.21283464010224723,0.9376703522756493,3889,0.8762159432683673,0.9537037037037037,648,0.8721020935823361,0.9471,0.76270270341253,0.08376512377594669,,,0.9159233129823169,,0.9159379549219416,0.08406204507805837,0.9659406583144204,0.3806351999676519,5,0.1,0.5,0.5421146090143623,0.5442833785021747,0.551598952910304,0.5467707836878097,0.5421730039046346,0.5544429068896203,0.5555861999025951,0.5528988324978156,0.5295147415404563,0.48710778477441236,1.0,0.5519596857205677
