round,client_id,client_i_training_loss,client_i_training_accuracy,client_i_training_dataset_size,client_i_evaluation_loss,client_i_evaluation_accuracy,client_i_evaluation_dataset_size,client_i_central_evaluation_loss,client_i_central_evaluation_accuracy,client_i_cosine_similarity,client_i_importance_coefficient,client_i_tanh_val,tanh_normalization_value,client_i_q,client_i_mask_order,client_i_v_nonzero_fraction,client_i_v_sparsity,client_i_v_cosine_similarity,client_i_reward_gradient_norm,local_epochs,learning_rate,gamma,client_0_cosine_similarity,client_1_cosine_similarity,client_2_cosine_similarity,client_3_cosine_similarity,client_4_cosine_similarity,client_5_cosine_similarity,client_6_cosine_similarity,client_7_cosine_similarity,client_8_cosine_similarity,client_9_cosine_similarity,client_10_cosine_similarity,client_11_cosine_similarity
0,0,1.9600217669854367,0.3915266617969321,8214,2.260445373002873,0.20306793279766253,1369,2.261592221336243,0.1972,0.9687609426078887,0.0815785743704189,,,0.65,,0.6500178811339539,0.34998211886604613,0,0.09884002713482865,5,0.001,0.1,1.0,0.9904730137803845,0.9776280145913506,0.968228067710772,0.9607198918051052,0.9494602737007481,0.9423846330336574,0.9385786709131084,0.9326956547912948,0.9239776413840181,0.9199150563153912,0.9142725600200141
0,1,2.0993782928846416,0.3717979920900517,6574,2.259052624021258,0.21350364963503649,1096,2.261550089040884,0.197,0.9898156135034951,0.08335157115420558,,,0.8821486632831035,,0.8821681599829888,0.11783184001701119,0,0.09887568975533743,5,0.001,0.1,0.9904730137803845,1.0,0.9938796018212678,0.9885648377456633,0.984500533921792,0.9770193175575796,0.9728008359826634,0.9698375198131516,0.965959394907772,0.9592566013852974,0.9541624507091213,0.9502546417523502
0,2,2.14476748513912,0.29894518416047033,5783,2.264944784102901,0.1825726141078838,964,2.261549340269436,0.1967,0.995796938863223,0.08385525371842899,,,0.9480987174923046,,0.9481205478392825,0.05187945216071754,0,0.09887630790230889,5,0.001,0.1,0.9776280145913506,0.9938796018212678,1.0,0.9928435649218028,0.9932990371259108,0.9869170553770004,0.9846059161345609,0.9821989619888564,0.9792991263729504,0.9747242138497796,0.9714057368944495,0.9670046637317268
0,3,2.167408712226224,0.32468318517117456,5287,2.26373314005988,0.19296254256526674,881,2.2615492877107077,0.1967,0.9972925024167559,0.0839811939140041,,,0.9645887914302468,,0.9646001875102695,0.03539981248973045,0,0.09887633403743556,5,0.001,0.1,0.968228067710772,0.9885648377456633,0.9928435649218028,1.0,0.9935009540874891,0.9929764670732178,0.9901408738173096,0.9899877162540848,0.9882152864684944,0.9821134476484704,0.9759226973426938,0.9757739909106332
0,4,2.18107998986398,0.2866058763931104,4935,2.2633471947449904,0.18856447688564476,822,2.2615492679059694,0.1967,0.9977832707512171,0.0840225211179722,,,0.9699999998690643,,0.9700176878243976,0.029982312175602432,0,0.09887634178140621,5,0.001,0.1,0.9607198918051052,0.984500533921792,0.9932990371259108,0.9935009540874891,1.0,0.9925401661144656,0.992885264037799,0.9925883662447634,0.9895986912767117,0.9882023830546123,0.9850549291896188,0.9837568704410183
0,5,2.1937254562769852,0.2759374330404971,4667,2.2633102321624756,0.18123393316195371,778,2.2615494491954964,0.1967,0.994597058892836,0.08375421279791428,,,0.9348688488039445,,0.9348788432356153,0.06512115676438468,0,0.09887621608933984,5,0.001,0.1,0.9494602737007481,0.9770193175575796,0.9869170553770004,0.9929764670732178,0.9925401661144656,1.0,0.9916864469392924,0.9920366071939015,0.9911310665971053,0.986960125834727,0.9842909625641847,0.9847157130091989
0,6,2.202688174077443,0.3024028744666517,4453,2.2624270419279733,0.2183288409703504,742,2.2615494933752966,0.1967,0.9935830939047342,0.08366882762748391,,,0.9236888774916019,,0.9237152163617208,0.07628478363827917,0,0.09887617858906145,5,0.001,0.1,0.9423846330336574,0.9728008359826634,0.9846059161345609,0.9901408738173096,0.992885264037799,0.9916864469392924,1.0,0.994818795113546,0.9951542994395796,0.9918603111537171,0.9827565585100985,0.9878760313879412
0,7,2.206948072163027,0.2826280102875848,4277,2.257572650909424,0.20757363253856942,713,2.2615495482191874,0.1967,0.9933210507511374,0.0836467611857502,,,0.9207995913977187,,0.9208204057567586,0.07917959424324139,0,0.09887615705575425,5,0.001,0.1,0.9385786709131084,0.9698375198131516,0.9821989619888564,0.9899877162540848,0.9925883662447634,0.9920366071939015,0.994818795113546,1.0,0.9958374733760494,0.9950299636521822,0.9886135456409926,0.9911439570340236
0,8,2.2121052289009095,0.2788568660692662,4129,2.261188333684748,0.18023255813953487,688,2.261550047907966,0.197,0.9908879460416206,0.08344187140875113,,,0.8939721948194113,,0.8939890393481602,0.10601096065183979,0,0.098875778711173,5,0.001,0.1,0.9326956547912948,0.965959394907772,0.9792991263729504,0.9882152864684944,0.9895986912767117,0.9911310665971053,0.9951542994395796,0.9958374733760494,1.0,0.9932652860439587,0.9845125895433933,0.9902797806383304
0,9,2.2192057049463667,0.26983254186453387,4001,2.2597239925747825,0.2098950524737631,667,2.2615506641400125,0.197,0.9876432864711524,0.0831686412541956,,,0.8581965996639409,,0.8582122732237268,0.14178772677627316,0,0.0988752244633883,5,0.001,0.1,0.9239776413840181,0.9592566013852974,0.9747242138497796,0.9821134476484704,0.9882023830546123,0.986960125834727,0.9918603111537171,0.9950299636521822,0.9932652860439587,1.0,0.989225075913446,0.992630770095026
0,10,2.2171218614109227,0.2329647724350733,3889,2.267365875698271,0.17592592592592593,648,2.2615528457080973,0.1971,0.9831295312271886,0.08278854158082487,,,0.8084279639313361,,0.808444727965127,0.191555272034873,0,0.09887348762344596,5,0.001,0.1,0.9199150563153912,0.9541624507091213,0.9714057368944495,0.9759226973426938,0.9850549291896188,0.9842909625641847,0.9827565585100985,0.9886135456409926,0.9845125895433933,0.989225075913446,1.0,0.9884937216382256
0,11,2.223046923084419,0.2276971775257188,3791,2.2573652386665346,0.20094936708860758,632,2.2615532364708164,0.1971,0.982577195897477,0.08274202987005029,,,0.8023379182064547,,0.8023554769430027,0.1976445230569973,0,0.09887328224255225,5,0.001,0.1,0.9142725600200141,0.9502546417523502,0.9670046637317268,0.9757739909106332,0.9837568704410183,0.9847157130091989,0.9878760313879412,0.9911439570340236,0.9902797806383304,0.992630770095026,0.9884937216382256,1.0
1,0,1.7141677075322963,0.5019965911857803,8214,2.199223146882168,0.28780131482834187,1369,2.2014250884802578,0.2823,0.9809950397992114,0.08182475481207972,,,0.65,,0.6500178811339539,0.34998211886604613,0.9790639382974379,0.09939443511029869,5,0.001,0.1,1.0,0.994515957817996,0.9897316912233187,0.9852992602884142,0.9793373744282186,0.9754005102849915,0.9718964563177539,0.969100892056761,0.9671340185531037,0.9617341212236374,0.9550544258945041,0.9563234345534303
1,1,1.8811440296543456,0.4770915728627928,6574,2.1969307218279157,0.2965328467153285,1096,2.2013122616484524,0.2823,0.9920153540613532,0.0832701034647883,,,0.8746448147778003,,0.8746532509834624,0.12534674901653764,0.979415847386346,0.09943424023821809,5,0.001,0.1,0.994515957817996,1.0,0.9966459698843858,0.9944229983345393,0.9900501099510626,0.9879946926768124,0.9855793249408878,0.9835628869640244,0.981800737081561,0.9779706092735209,0.9716627149610081,0.9725632851120134
1,2,1.9564406483212888,0.4093722981151651,5783,2.203674893225393,0.27800829875518673,964,2.2013092619923356,0.2822,0.9960116739670055,0.0837086903965355,,,0.942812643945991,,0.9428335314756285,0.05716646852437146,0.9794255544252825,0.09943519867873883,5,0.001,0.1,0.9897316912233187,0.9966459698843858,1.0,0.9967357154778749,0.9942627354375406,0.9929977594455173,0.9908374071748859,0.9893115264158202,0.9874808233852492,0.9847982398103609,0.9812471216424574,0.9802869803064694
1,3,1.9932361538151662,0.456326839417439,5287,2.2043354511260986,0.2917139614074915,881,2.201309207910166,0.2822,0.9972554368388625,0.08382625953729532,,,0.9610859496982604,,0.9611061172809078,0.03889388271909222,0.9794260690006701,0.09943524148956956,5,0.001,0.1,0.9852992602884142,0.9944229983345393,0.9967357154778749,1.0,0.99494750712867,0.9955086277982235,0.9933950003245715,0.9924859564866143,0.9911664097976426,0.9881392069519157,0.9831436029678138,0.9838335564886723
1,4,2.024298969545672,0.4157244174265451,4935,2.2036519050598145,0.2518248175182482,822,2.201309228476625,0.2822,0.9982442324057929,0.08388361189765091,,,0.9699999998445739,,0.9700176878243976,0.029982312175602432,0.9794262743569104,0.09943525693261761,5,0.001,0.1,0.9793373744282186,0.9900501099510626,0.9942627354375406,0.99494750712867,1.0,0.9943554021330204,0.995926280141603,0.995734550900236,0.9930881795387824,0.9932917253813088,0.9901401163453668,0.9897093271451824
1,5,2.0500843889092746,0.40085708163702594,4667,2.205151529312134,0.2750642673521851,778,2.201309425762286,0.2822,0.9972973651196564,0.08368819090778563,,,0.9396264896263231,,0.9396487565362793,0.06035124346372067,0.9794246755499121,0.09943519582104408,5,0.001,0.1,0.9754005102849915,0.9879946926768124,0.9929977594455173,0.9955086277982235,0.9943554021330204,1.0,0.9947525044360982,0.9942786512149622,0.9939875167255771,0.9914334285132226,0.9892013641457591,0.9895721435051698
1,6,2.064222833258765,0.4290141477655513,4453,2.2021816670894623,0.3005390835579515,742,2.2013095392586703,0.2822,0.9975772046766186,0.08364478967831407,,,0.9328808084804645,,0.9328974202839717,0.06710257971602829,0.9794254647414015,0.09943512431593358,5,0.001,0.1,0.9718964563177539,0.9855793249408878,0.9908374071748859,0.9933950003245715,0.995926280141603,0.9947525044360982,1.0,0.9969550831967376,0.9960098077476512,0.9953520288875327,0.9894449262565643,0.9926403908004007
1,7,2.073861189564662,0.418657937806874,4277,2.1969844465670376,0.2959326788218794,713,2.2013095727743814,0.2822,0.9974492401553042,0.08362709828312774,,,0.930131105018019,,0.9301524245851094,0.06984757541489062,0.9794255767280172,0.09943508894980421,5,0.001,0.1,0.969100892056761,0.9835628869640244,0.9893115264158202,0.9924859564866143,0.995734550900236,0.9942786512149622,0.9969550831967376,1.0,0.9962012360041806,0.9970185766905121,0.9925818014085884,0.9940275252271225
1,8,2.085922124019036,0.4180673286510051,4129,2.2011062557047065,0.27906976744186046,688,2.2013106589880995,0.2821,0.9961655253594055,0.08345974240634026,,,0.9041196441345523,,0.9041426237906071,0.09585737620939294,0.9794200431290802,0.09943486487030002,5,0.001,0.1,0.9671340185531037,0.981800737081561,0.9874808233852492,0.9911664097976426,0.9930881795387824,0.9939875167255771,0.9960098077476512,0.9962012360041806,1.0,0.9945897339932231,0.9899047532233273,0.9945766781901204
1,9,2.0999433890221613,0.3976505873531617,4001,2.1987430935814265,0.28785607196401797,667,2.201313234365786,0.2823,0.9950353549268213,0.08325537211859001,,,0.8723551800021756,,0.8723673654807126,0.1276326345192874,0.9794096619892028,0.09943422808980995,5,0.001,0.1,0.9617341212236374,0.9779706092735209,0.9847982398103609,0.9881392069519157,0.9932917253813088,0.9914334285132226,0.9953520288875327,0.9970185766905121,0.9945897339932231,1.0,0.9929938727645956,0.995112892467708
1,10,2.098780717419796,0.3653895602982772,3889,2.2078678835005987,0.2515432098765432,648,2.2013186639109357,0.2823,0.9913273191077808,0.08290201650119113,,,0.8174345163460328,,0.8174577860256522,0.18254221397434778,0.9794029235013765,0.09943288757582702,5,0.001,0.1,0.9550544258945041,0.9716627149610081,0.9812471216424574,0.9831436029678138,0.9901401163453668,0.9892013641457591,0.9894449262565643,0.9925818014085884,0.9899047532233273,0.9929938727645956,1.0,0.992836106439993
1,11,2.1116413639373137,0.3685043524136112,3791,2.197569715976715,0.27689873417721517,632,2.201319021919665,0.2823,0.9924384985425926,0.08290936999630139,,,0.8185774409572802,,0.8185983124075739,0.18140168759242614,0.9794033983284478,0.09943290453819432,5,0.001,0.1,0.9563234345534303,0.9725632851120134,0.9802869803064694,0.9838335564886723,0.9897093271451824,0.9895721435051698,0.9926403908004007,0.9940275252271225,0.9945766781901204,0.995112892467708,0.992836106439993,1.0
2,0,1.5188445182625885,0.5659605551497443,8214,2.124235047850498,0.3769174579985391,1369,2.1277197671774477,0.3688,0.9877006496043407,0.08212337540634922,,,0.65,,0.6500178811339539,0.34998211886604613,0.986606494651945,0.09960715911215318,5,0.001,0.1,1.0,0.9955052013263322,0.9926430159389213,0.9893282528807089,0.9876700767904193,0.9827875276202849,0.9824836229699282,0.9806671852676248,0.9794196572387354,0.9764456277792358,0.9707716688922085,0.9734819339587112
2,1,1.6721453408014426,0.5517493154852449,6574,2.1206897939954485,0.4023722627737226,1096,2.12750567338718,0.3697,0.995407778802885,0.08325939244109846,,,0.8733465739005446,,0.8733580769565343,0.12664192304346567,0.9869594412592181,0.0996506755089552,5,0.001,0.1,0.9955052013263322,1.0,0.9978361774284349,0.9961938036804922,0.9948053819768335,0.9923988129599318,0.9919141653226364,0.9906790580531604,0.989743121792103,0.9871762094377268,0.9824242559948179,0.9845010084956114
2,2,1.7517379810796916,0.49199377485734047,5783,2.128431035626319,0.3630705394190871,964,2.1274996672194604,0.3697,0.9976796568328158,0.08360195489207065,,,0.9406960479236148,,0.9407216245735108,0.05927837542648917,0.9869739603109591,0.09965141940169084,5,0.001,0.1,0.9926430159389213,0.9978361774284349,1.0,0.9972720794144856,0.9971513805065015,0.9951091514231877,0.9950035089691278,0.9940060200737021,0.9932072345273164,0.9912207173743957,0.9879367711303839,0.9888881538292769
2,3,1.787216595569289,0.5448080196708909,5287,2.1312937821660722,0.3530079455164586,881,2.127499653508488,0.3697,0.9983172431858236,0.08369470652557624,,,0.9589314783207714,,0.958950715728632,0.041049284271368,0.9869735498300345,0.09965146171719225,5,0.001,0.1,0.9893282528807089,0.9961938036804922,0.9972720794144856,1.0,0.9975357252919312,0.996851069598411,0.9961571959009512,0.9957925975414371,0.9955248788541068,0.9931862576769503,0.9889865514615287,0.990998998331589
2,4,1.826226597755186,0.4970212765957447,4935,2.130681221301739,0.3588807785888078,822,2.127499689309361,0.3697,0.9989704275690491,0.08375100481005025,,,0.969999999803395,,0.9700176878243976,0.029982312175602432,0.9869737885644909,0.09965147555640094,5,0.001,0.1,0.9876700767904193,0.9948053819768335,0.9971513805065015,0.9975357252919312,1.0,0.9967988500634092,0.9972041183142886,0.9969465947994202,0.9962932791385388,0.9955284990447555,0.9921607099525915,0.9935340592815923
2,5,1.8623207364996819,0.49976430254981785,4667,2.1337751960754394,0.34832904884318766,778,2.1274998523175905,0.3697,0.9981681373825441,0.08360515246417875,,,0.9413247064325108,,0.9413450478924426,0.058654952107557445,0.9869739348955721,0.09965141979309905,5,0.001,0.1,0.9827875276202849,0.9923988129599318,0.9951091514231877,0.996851069598411,0.9967988500634092,1.0,0.9966923711311436,0.996673462112203,0.9967832919290167,0.9951976557098234,0.9930360632769125,0.9936439448258
2,6,1.8779638004302979,0.5061306984055692,4453,2.1286105612913766,0.39892183288409705,742,2.1275001295839253,0.3697,0.9983278266794245,0.08358367384053364,,,0.937101902674736,,0.9371164013493007,0.06288359865069926,0.9869732161864758,0.09965135425814188,5,0.001,0.1,0.9824836229699282,0.9919141653226364,0.9950035089691278,0.9961571959009512,0.9972041183142886,0.9966923711311436,1.0,0.9975121414322103,0.9972836809169028,0.9961974456899193,0.9924140932311135,0.9950181993860054
2,7,1.8940197946420356,0.5039046060322656,4277,2.1229228558747666,0.36746143057503505,713,2.127500182142654,0.3697,0.998446627468545,0.08357665348711626,,,0.9357216664323387,,0.9357342380220566,0.06426576197794343,0.9869728468666437,0.0996513531791977,5,0.001,0.1,0.9806671852676248,0.9906790580531604,0.9940060200737021,0.9957925975414371,0.9969465947994202,0.996673462112203,0.9975121414322103,1.0,0.9980918068789599,0.9978679472622339,0.9945974328770048,0.9964610552253853
2,8,1.914396940928239,0.5127633809639138,4129,2.12737331607125,0.3633720930232558,688,2.1275014679271953,0.3698,0.9980759535388223,0.08346196772499345,,,0.9131738777445071,,0.9131895110234775,0.08681048897652255,0.9869720691313862,0.09965124326309091,5,0.001,0.1,0.9794196572387354,0.989743121792103,0.9932072345273164,0.9955248788541068,0.9962932791385388,0.9967832919290167,0.9972836809169028,0.9980918068789599,1.0,0.997508793865985,0.9942872621270133,0.996709452162178
2,9,1.9313494483629863,0.4830792301924519,4001,2.124202535265968,0.36881559220389803,667,2.127505920946408,0.3697,0.9970799710053537,0.08330436624657005,,,0.8821886467393243,,0.8822116546331468,0.11778834536685323,0.9869632862697786,0.09965093308174473,5,0.001,0.1,0.9764456277792358,0.9871762094377268,0.9912207173743957,0.9931862576769503,0.9955284990447555,0.9951976557098234,0.9961974456899193,0.9978679472622339,0.997508793865985,1.0,0.9953889869261764,0.9972222496103922
2,10,1.9346971261696737,0.4562612496785806,3889,2.1343353929973783,0.35802469135802467,648,2.1275157197214924,0.3697,0.9941141947612862,0.0829916990854679,,,0.8207167347280854,,0.8207440484820367,0.17925595151796325,0.9869527616402872,0.09964976106469038,5,0.001,0.1,0.9707716688922085,0.9824242559948179,0.9879367711303839,0.9889865514615287,0.9921607099525915,0.9930360632769125,0.9924140932311135,0.9945974328770048,0.9942872621270133,0.9953889869261764,1.0,0.9954773029905079
2,11,1.9553664884647401,0.46884726984964387,3791,2.1249915599822997,0.3575949367088608,632,2.127515511010021,0.3697,0.9956571662378755,0.08304605307599518,,,0.8314029983938145,,0.8314244014652864,0.1685755985347136,0.9869540972152832,0.09964994568162838,5,0.001,0.1,0.9734819339587112,0.9845010084956114,0.9888881538292769,0.990998998331589,0.9935340592815923,0.9936439448258,0.9950181993860054,0.9964610552253853,0.996709452162178,0.9972222496103922,0.9954773029905079,1.0
3,0,1.3690301010580843,0.6173849525200876,8214,2.032762788062872,0.5018261504747992,1369,2.037586695089127,0.5036,0.9895934416395035,0.08234845773773704,,,0.65,,0.6500178811339539,0.34998211886604613,0.9954692436283831,0.09966486754394417,5,0.001,0.1,1.0,0.9954821384442513,0.9933989019521524,0.9899667328586627,0.9896482203827448,0.9850684132168797,0.9849546264574504,0.9837581746607115,0.9826870906116968,0.9810202855875677,0.9760420382830907,0.9789221021291769
3,1,1.5014679764080974,0.6068451475509583,6574,2.0277125460760934,0.5392335766423357,1096,2.037245606081173,0.5044,0.9962530799168656,0.08326057681443567,,,0.8746824822350345,,0.8746919128947139,0.12530808710528607,0.9956309645524254,0.09971076665312877,5,0.001,0.1,0.9954821384442513,1.0,0.9978032760077301,0.9961643540612717,0.9954706881577241,0.9936692344350241,0.9930326248276572,0.992399964139049,0.9915052964246888,0.9900807549776556,0.9864475914274166,0.988433382209676
3,2,1.5745466007712137,0.5632716583088363,5783,2.036451147448632,0.508298755186722,964,2.0372386987978657,0.5045,0.998157800281821,0.08353228193077035,,,0.9416116601610036,,0.9416350122268294,0.05836498777317056,0.9956294927757516,0.0997113180294185,5,0.001,0.1,0.9933989019521524,0.9978032760077301,1.0,0.9972403070551078,0.9974220163554539,0.9959708325395785,0.9956229462581129,0.9951978265859067,0.9944698166619959,0.9930376022222068,0.9909255758324754,0.9921412849566683
3,3,1.6030211060880177,0.6043502931719311,5287,2.0415936367852345,0.49943246311010214,881,2.037238609676544,0.5045,0.9986100721566458,0.08360379937443982,,,0.9592285669632605,,0.9592503455408318,0.04074965445916823,0.9956299667408499,0.09971135827087994,5,0.001,0.1,0.9899667328586627,0.9961643540612717,0.9972403070551078,1.0,0.9976124267259294,0.9973962500819492,0.9966063061803783,0.9964557339432667,0.9964254484348318,0.994641797157143,0.9922374889820871,0.9938373126246253
3,4,1.6415044606116511,0.5669300911854104,4935,2.0411890699313235,0.49148418491484186,822,2.0372385658776038,0.5045,0.9988944397200953,0.08364752699055736,,,0.9699999997536697,,0.9700176878243976,0.029982312175602432,0.9956302273696908,0.09971136351863166,5,0.001,0.1,0.9896482203827448,0.9954706881577241,0.9974220163554539,0.9976124267259294,1.0,0.9969333152940393,0.9970146628213725,0.9969515979219659,0.9964590722714188,0.9958142190110729,0.9936218621502834,0.9950402116417078
3,5,1.6778657295116006,0.581915577458753,4667,2.046149272918701,0.480719794344473,778,2.037238867899861,0.5045,0.9984880254174864,0.08354490832541332,,,0.9447219225845572,,0.9447472960825818,0.05525270391741821,0.9956293646085935,0.09971133302143384,5,0.001,0.1,0.9850684132168797,0.9936692344350241,0.9959708325395785,0.9973962500819492,0.9969333152940393,1.0,0.9973443317544471,0.9970936724016254,0.9970785577453654,0.9955550898565926,0.9952192826687244,0.9957458357108762
3,6,1.6917974965912954,0.5762856501235123,4453,2.0388028572003045,0.5215633423180593,742,2.0372391916311585,0.5045,0.998391291914101,0.08352860527771054,,,0.9407059894466219,,0.9407312900513237,0.05926870994867628,0.9956292955305539,0.09971131762293739,5,0.001,0.1,0.9849546264574504,0.9930326248276572,0.9956229462581129,0.9966063061803783,0.9970146628213725,0.9973443317544471,1.0,0.9974931169904093,0.9974633535783616,0.9961960477544464,0.9941060028539495,0.9960810045435924
3,7,1.7080514617820284,0.5712415244330138,4277,2.0326138527497,0.5035063113604488,713,2.0372392426664456,0.5045,0.9986325506235978,0.083532088928634,,,0.9415641179045362,,0.941586684837765,0.058413315162235024,0.9956292851834838,0.09971131802314602,5,0.001,0.1,0.9837581746607115,0.992399964139049,0.9951978265859067,0.9964557339432667,0.9969515979219659,0.9970936724016254,0.9974931169904093,1.0,0.9983346120312299,0.9979499418577094,0.9957467066962377,0.9974164544838823
3,8,1.7250394587333386,0.5796076531847905,4129,2.037066329609264,0.4941860465116279,688,2.0372405059802268,0.5045,0.9983076558113331,0.08345122643777898,,,0.921645243681698,,0.9216564695875741,0.07834353041242592,0.9956291769324253,0.0997112125476465,5,0.001,0.1,0.9826870906116968,0.9915052964246888,0.9944698166619959,0.9964254484348318,0.9964590722714188,0.9970785577453654,0.9974633535783616,0.9983346120312299,1.0,0.9972525329925955,0.9956889294669018,0.9975365737211958
3,9,1.7547792504704187,0.5601099725068733,4001,2.033201808021182,0.5112443778110944,667,2.037245705485725,0.5044,0.9973908671136221,0.08332491641607957,,,0.8905312697153785,,0.8905481292467693,0.1094518707532307,0.9956300145738283,0.09971100218286666,5,0.001,0.1,0.9810202855875677,0.9900807549776556,0.9930376022222068,0.994641797157143,0.9958142190110729,0.9955550898565926,0.9961960477544464,0.9979499418577094,0.9972525329925955,1.0,0.9949514672388796,0.9974336702703567
3,10,1.7572686924309027,0.5345332990485986,3889,2.0441284463519143,0.48148148148148145,648,2.0372583454790205,0.5043,0.995512006130996,0.08307238991416217,,,0.8283263638753511,,0.8283507795207856,0.17164922047921438,0.9956274059758118,0.09971013049545065,5,0.001,0.1,0.9760420382830907,0.9864475914274166,0.9909255758324754,0.9922374889820871,0.9936218621502834,0.9952192826687244,0.9941060028539495,0.9957467066962377,0.9956889294669018,0.9949514672388796,1.0,0.9964496969600561
3,11,1.7796516001725398,0.5408599314165128,3791,2.0363526582717895,0.5015822784810127,632,2.0372566773106877,0.5043,0.9969822585315884,0.08315322185228136,,,0.8482377120364062,,0.8482568310764442,0.15174316892355577,0.9956278615351055,0.09971050290961464,5,0.001,0.1,0.9789221021291769,0.988433382209676,0.9921412849566683,0.9938373126246253,0.9950402116417078,0.9957458357108762,0.9960810045435924,0.9974164544838823,0.9975365737211958,0.9974336702703567,0.9964496969600561,1.0
4,0,1.2551611905895783,0.6489895300706111,8214,1.9255901713703953,0.5609934258582907,1369,1.9317975029016075,0.564,0.9902982842929698,0.08250575979113825,,,0.65,,0.6500178811339539,0.34998211886604613,0.9976990372022868,0.09967427819214389,5,0.001,0.1,1.0,0.9952809818304339,0.9937058422970537,0.9904676170098152,0.9898720394889173,0.9859548445015303,0.9859009397937427,0.9848287384852443,0.9836253436296627,0.9823649243681616,0.9778903730756688,0.9807695086660313
4,1,1.3690688251870349,0.6400365074536051,6574,1.9187499080385482,0.593065693430657,1096,1.9313125873145205,0.5652,0.9965337053175192,0.08326676420454178,,,0.8774925466678011,,0.8775190651549859,0.1224809348450141,0.9978602057612521,0.09972172833692837,5,0.001,0.1,0.9952809818304339,1.0,0.9975567640116312,0.9962607482455138,0.9954170226540043,0.9938249431278616,0.9935966479699143,0.9929224946709623,0.9919242017750549,0.9911445396879712,0.9876284030125991,0.9896024448401968
4,2,1.433991795481898,0.607297250561992,5783,1.9283964980033137,0.5715767634854771,964,1.9313044586120702,0.5653,0.9979778292257417,0.08348010797334703,,,0.9412689406365919,,0.9412918877644716,0.05870811223552841,0.9978629301765091,0.0997221447124541,5,0.001,0.1,0.9937058422970537,0.9975567640116312,1.0,0.9972099063660358,0.9969212369756252,0.9958035520249435,0.9955765222705447,0.9949173687854562,0.9940347461684853,0.9931094073243978,0.9912314720431761,0.9923383710282436
4,3,1.4550526037991764,0.6416871571779837,5287,1.9360117827142989,0.5516458569807038,881,1.9313042495197381,0.5653,0.9987989845001843,0.08355050608016655,,,0.9623135552523464,,0.9623336329631456,0.03766636703685444,0.9978629437460917,0.0997221846327302,5,0.001,0.1,0.9904676170098152,0.9962607482455138,0.9972099063660358,1.0,0.9976547909282236,0.9973483424221196,0.9969410584431514,0.9966697330500058,0.9965296381764499,0.9951751838350202,0.9932534608817676,0.9946733932832702
4,4,1.486135922016636,0.6100506585612968,4935,1.9359675416579614,0.5474452554744526,822,1.931304190486384,0.5653,0.9987643894710642,0.08357621865068604,,,0.9699999997010628,,0.9700176878243976,0.029982312175602432,0.9978628650728316,0.09972218783842476,5,0.001,0.1,0.9898720394889173,0.9954170226540043,0.9969212369756252,0.9976547909282236,1.0,0.9967111378239105,0.9970856754243325,0.9968762353053758,0.9960480029576454,0.9958042210991448,0.9939464584409783,0.9954300850568514
4,5,1.5221701250500874,0.6275551746303836,4667,1.9436287117004394,0.5514138817480719,778,1.9313046109562102,0.5652,0.9984717064244781,0.08350380382020305,,,0.9483525113121115,,0.9483766830013242,0.05162331699867584,0.9978629339761164,0.09972216434991929,5,0.001,0.1,0.9859548445015303,0.9938249431278616,0.9958035520249435,0.9973483424221196,0.9967111378239105,1.0,0.9972409111470476,0.9969929187802882,0.9968491868698606,0.9958815969780778,0.9957050940929043,0.9959167570085976
4,6,1.5314881246430534,0.6098809791152032,4453,1.933474451303482,0.5754716981132075,742,1.931304953349665,0.5652,0.9984601771470584,0.08349342852321624,,,0.9452509488344297,,0.9452692318844782,0.0547307681155218,0.9978627456011596,0.09972216330494489,5,0.001,0.1,0.9859009397937427,0.9935966479699143,0.9955765222705447,0.9969410584431514,0.9970856754243325,0.9972409111470476,1.0,0.9974155781494147,0.9969682647756343,0.9964154997531633,0.9946635815966344,0.9962832020897909
4,7,1.5474826978213752,0.6141688099134908,4277,1.9267734289169312,0.5610098176718092,713,1.931305000195488,0.5652,0.9985604960885232,0.08349880556047141,,,0.9468583454239394,,0.9468833666792318,0.053116633320768214,0.9978627477321128,0.09972216387340664,5,0.001,0.1,0.9848287384852443,0.9929224946709623,0.9949173687854562,0.9966697330500058,0.9968762353053758,0.9969929187802882,0.9974155781494147,1.0,0.9977539302644491,0.9976776105876702,0.9958892340447492,0.997340165428013
4,8,1.5673938517387096,0.626543957374667,4129,1.9310035543008284,0.5377906976744186,688,1.9313064128065263,0.5653,0.9980795969500992,0.08343366151727417,,,0.9273843660012746,,0.9274025961473406,0.07259740385265945,0.9978625441090162,0.09972206750252954,5,0.001,0.1,0.9836253436296627,0.9919242017750549,0.9940347461684853,0.9965296381764499,0.9960480029576454,0.9968491868698606,0.9969682647756343,0.9977539302644491,1.0,0.997117682571882,0.9956174618996684,0.9970534467933151
4,9,1.5957399509255847,0.6041489627593102,4001,1.9263350112097604,0.6041979010494752,667,1.931312346610779,0.5653,0.997518062864439,0.08333802851284046,,,0.8987961011490145,,0.8988121127767951,0.10118788722320493,0.9978620726581251,0.09972189425574932,5,0.001,0.1,0.9823649243681616,0.9911445396879712,0.9931094073243978,0.9951751838350202,0.9958042210991448,0.9958815969780778,0.9964154997531633,0.9976776105876702,0.997117682571882,1.0,0.9949753173987276,0.9971346478076761
4,10,1.5987221532180662,0.5887374646438673,3889,1.9378049260094052,0.5679012345679012,648,1.9313280098735335,0.5652,0.995887575061365,0.08313043384304603,,,0.8367383268780593,,0.8367597452180049,0.1632402547819951,0.9978605164122489,0.09972111381678979,5,0.001,0.1,0.9778903730756688,0.9876284030125991,0.9912314720431761,0.9932534608817676,0.9939464584409783,0.9957050940929043,0.9946635815966344,0.9958892340447492,0.9956174618996684,0.9949753173987276,1.0,0.9964747906127976
4,11,1.618335885560813,0.6015299393299921,3791,1.9325607001781464,0.5537974683544303,632,1.9313247306659198,0.5652,0.9972021675967537,0.08322248152306906,,,0.8642548048044488,,0.8642725278124124,0.13572747218758763,0.9978606176404611,0.09972152261803782,5,0.001,0.1,0.9807695086660313,0.9896024448401968,0.9923383710282436,0.9946733932832702,0.9954300850568514,0.9959167570085976,0.9962832020897909,0.997340165428013,0.9970534467933151,0.9971346478076761,0.9964747906127976,1.0
5,0,1.1640095106590582,0.6686145605064524,8214,1.8047402514967807,0.6048210372534697,1369,1.8124036008176712,0.6058,0.9904956883524273,0.08261167639030202,,,0.97,,0.9700176878243976,0.029982312175602432,0.9978088538480795,0.09971253496173121,5,0.001,0.1,1.0,0.9950468217382862,0.9935335967246277,0.9903990605509247,0.9899831848909476,0.9860405180506422,0.9857336761570744,0.9851362627042803,0.9832285465228049,0.9830761718911212,0.9786946721717062,0.9809993481284022
5,1,1.2619235993589013,0.6578947368421053,6574,1.795914466040475,0.6304744525547445,1096,1.811875891761658,0.6072,0.9964599196086253,0.08327122876079432,,,0.97,,0.9700176878243976,0.029982312175602432,0.9983100065910513,0.09971253496173121,5,0.001,0.1,0.9950468217382862,1.0,0.9973345677376688,0.9961484504817913,0.9950711691452574,0.9937599326642025,0.9929595804514942,0.9927024771082946,0.9912453858425861,0.9912975445981657,0.9881025187707858,0.9894660642690972
5,2,1.3190944372619713,0.6404980114127615,5783,1.8065751098817395,0.6078838174273858,964,1.8118676350901302,0.6075,0.997949227956091,0.08345022973157597,,,0.97,,0.9700176878243976,0.029982312175602432,0.998314311138963,0.09971253496173121,5,0.001,0.1,0.9935335967246277,0.9973345677376688,1.0,0.9970875612453656,0.9967643351351401,0.9955909143784369,0.9950687559349255,0.9946515074374347,0.9934508351116799,0.9934122165841086,0.9916089230877139,0.9924204166810954
5,3,1.333437577069524,0.6640438812180821,5287,1.816731035709381,0.6061293984108967,881,1.8118674042887581,0.6075,0.9986279292548182,0.08351534318497969,,,0.97,,0.9700176878243976,0.029982312175602432,0.9983146972623087,0.09971253496173121,5,0.001,0.1,0.9903990605509247,0.9961484504817913,0.9970875612453656,1.0,0.997166308087261,0.9970880759681306,0.9964220731480913,0.996390100946861,0.9956138175198987,0.9950004537520194,0.9935093517663919,0.9941788298550971
5,4,1.360215037484323,0.6343667679837892,4935,1.8173198287303631,0.5912408759124088,822,1.8118673281166882,0.6075,0.9985910009650213,0.08352992753660053,,,0.97,,0.9700176878243976,0.029982312175602432,0.9983146742796474,0.09971253496173121,5,0.001,0.1,0.9899831848909476,0.9950711691452574,0.9967643351351401,0.997166308087261,1.0,0.9963929539349696,0.9966571177604695,0.9965539084765372,0.9954960511548445,0.9957405636099902,0.993787201366504,0.9949465710086586
5,5,1.3921885357327657,0.6503106920934218,4667,1.8282514524459839,0.589974293059126,778,1.8118677965749186,0.6075,0.9983192668563234,0.08347671928129967,,,0.97,,0.9700176878243976,0.029982312175602432,0.9983145410694546,0.09971253496173121,5,0.001,0.1,0.9860405180506422,0.9937599326642025,0.9955909143784369,0.9970880759681306,0.9963929539349696,1.0,0.9968221035001017,0.9964919994461956,0.9959699707416443,0.9956730308887745,0.995788018682753,0.9956606750147415
5,6,1.3971583133084433,0.6409611497866606,4453,1.8148492028315861,0.6132075471698113,742,1.8118681290660041,0.6075,0.9982139711716163,0.08346695269834828,,,0.97,,0.9700176878243976,0.029982312175602432,0.9983145297121043,0.09971253496173121,5,0.001,0.1,0.9857336761570744,0.9929595804514942,0.9950687559349255,0.9964220731480913,0.9966571177604695,0.9968221035001017,1.0,0.9968772835329688,0.9966825226011387,0.9962776799072794,0.9946453884293717,0.9958665254888038
5,7,1.411586989395654,0.6425531914893617,4277,1.8076199811437856,0.6044880785413744,713,1.811868164866877,0.6075,0.9983805175481791,0.08347563044592188,,,0.97,,0.9700176878243976,0.029982312175602432,0.9983145391067826,0.09971253496173121,5,0.001,0.1,0.9851362627042803,0.9927024771082946,0.9946515074374347,0.996390100946861,0.9965539084765372,0.9964919994461956,0.9968772835329688,1.0,0.9972685139067877,0.9975168085166539,0.9956181785789949,0.9967967620906879
5,8,1.4253810135217813,0.6432550254298862,4129,1.8114254962314258,0.5843023255813954,688,1.8118695016867055,0.6075,0.9976180169627314,0.08341103459967253,,,0.97,,0.9700176878243976,0.029982312175602432,0.9983135745191641,0.09971253496173121,5,0.001,0.1,0.9832285465228049,0.9912453858425861,0.9934508351116799,0.9956138175198987,0.9954960511548445,0.9959699707416443,0.9966825226011387,0.9972685139067877,1.0,0.9962702245139641,0.9953450944133047,0.9962985685984371
5,9,1.455131586227152,0.6255436140964759,4001,1.8055373997915358,0.6326836581709145,667,1.8118757858824805,0.6073,0.9976004884164924,0.0833517892955525,,,0.97,,0.9700176878243976,0.029982312175602432,0.998311626430958,0.09971253496173121,5,0.001,0.1,0.9830761718911212,0.9912975445981657,0.9934122165841086,0.9950004537520194,0.9957405636099902,0.9956730308887745,0.9962776799072794,0.9975168085166539,0.9962702245139641,1.0,0.9953823223635793,0.9970184784699551
5,10,1.46131675448574,0.6204679866289534,3889,1.8174670196714855,0.6203703703703703,648,1.8118914186764068,0.6073,0.9961147303974855,0.0831764305558622,,,0.97,,0.9700176878243976,0.029982312175602432,0.99830381929488,0.09971253496173121,5,0.001,0.1,0.9786946721717062,0.9881025187707858,0.9916089230877139,0.9935093517663919,0.993787201366504,0.995788018682753,0.9946453884293717,0.9956181785789949,0.9953450944133047,0.9953823223635793,1.0,0.9963911252975622
5,11,1.4763772894354428,0.6342917436032709,3791,1.8157833158969878,0.5917721518987342,632,1.8118887061889941,0.6072,0.9970476453300113,0.08326303751909055,,,0.97,,0.9700176878243976,0.029982312175602432,0.9983076853144562,0.09971253496173121,5,0.001,0.1,0.9809993481284022,0.9894660642690972,0.9924204166810954,0.9941788298550971,0.9949465710086586,0.9956606750147415,0.9958665254888038,0.9967967620906879,0.9962985685984371,0.9970184784699551,0.9963911252975622,1.0
6,0,1.0899094547743,0.6842220598977355,8214,1.6742804466291916,0.6457268078889701,1369,1.6833495488182044,0.6411,0.990402711380342,0.08268232385036389,,,0.97,,0.9700176878243976,0.029982312175602432,0.9984915550764951,0.09968539251967198,5,0.001,0.1,1.0,0.9944313289814523,0.9931413524639756,0.9896862270000611,0.9893291287707355,0.9858002079623808,0.9852559534031538,0.9848203417129986,0.9827618558146218,0.9825325779769075,0.9787453970126536,0.9810286877594756
6,1,1.1743168512015667,0.671950106480073,6574,1.6629424129213606,0.6651459854014599,1096,1.682789882531943,0.6422,0.9962031852709919,0.0832744001194407,,,0.97,,0.9700176878243976,0.029982312175602432,0.9984915550764951,0.09968539251967198,5,0.001,0.1,0.9944313289814523,1.0,0.9966642198702764,0.9951457521948172,0.9943040441114784,0.993071523197065,0.9926421525905399,0.9924425024706304,0.9907290231197489,0.990295089269079,0.988066439021627,0.9890327934864904
6,2,1.2249462242943148,0.6559916998097873,5783,1.674935483163403,0.6400414937759336,964,1.6827817382142185,0.6424,0.9975515684294081,0.08342779378884671,,,0.97,,0.9700176878243976,0.029982312175602432,0.9984915550764951,0.09968539251967198,5,0.001,0.1,0.9931413524639756,0.9966642198702764,1.0,0.9962247768044742,0.9961282691381546,0.994961294140716,0.9944605286041234,0.9941822536701339,0.9927237117077684,0.9918154952717531,0.990975557205795,0.9916484542404377
6,3,1.2328110198658633,0.6772460752789862,5287,1.6871559960501534,0.6424517593643587,881,1.682781484942086,0.6424,0.998322257935978,0.08349264211216689,,,0.97,,0.9700176878243976,0.029982312175602432,0.9984915550764951,0.09968539251967198,5,0.001,0.1,0.9896862270000611,0.9951457521948172,0.9962247768044742,1.0,0.9966155967874267,0.9963104711308192,0.9960067259070983,0.9957721122808173,0.9952735934902925,0.9942279702250193,0.9931204966714047,0.9937215768692007
6,4,1.254754284428012,0.6538601823708207,4935,1.688903666459597,0.6313868613138686,822,1.682781392773881,0.6424,0.9983481232272158,0.0835024272120226,,,0.97,,0.9700176878243976,0.029982312175602432,0.9984915550764951,0.09968539251967198,5,0.001,0.1,0.9893291287707355,0.9943040441114784,0.9961282691381546,0.9966155967874267,1.0,0.9959438622143798,0.9960788849901756,0.9961998251601296,0.9949659250262912,0.9947456366080203,0.9934870285630352,0.9946137278047034
6,5,1.2838702619075775,0.6688665095350332,4667,1.7039970541000367,0.6388174807197944,778,1.6827818837028723,0.6424,0.9980410131553675,0.08345985698135694,,,0.97,,0.9700176878243976,0.029982312175602432,0.9984915550764951,0.09968539251967198,5,0.001,0.1,0.9858002079623808,0.993071523197065,0.994961294140716,0.9963104711308192,0.9959438622143798,1.0,0.9961621037960251,0.9958389657853729,0.9950851065124808,0.9948054099344024,0.9955228252926723,0.995214545891433
6,6,1.2839234270368303,0.6648102402874466,4453,1.6867118428150814,0.6495956873315364,742,1.6827821838208281,0.6424,0.9979423087015694,0.08345067579392951,,,0.97,,0.9700176878243976,0.029982312175602432,0.9984915550764951,0.09968539251967198,5,0.001,0.1,0.9852559534031538,0.9926421525905399,0.9944605286041234,0.9960067259070983,0.9960788849901756,0.9961621037960251,1.0,0.9964660970114658,0.9959364025213232,0.9949613828003797,0.9941508362315732,0.9954066643104414
6,7,1.2974958048827612,0.6629413140051438,4277,1.6793264668920767,0.6213183730715287,713,1.6827822085767508,0.6424,0.9982308712312019,0.08346532075141909,,,0.97,,0.9700176878243976,0.029982312175602432,0.9984915550764951,0.09968539251967198,5,0.001,0.1,0.9848203417129986,0.9924425024706304,0.9941822536701339,0.9957721122808173,0.9961998251601296,0.9958389657853729,0.9964660970114658,1.0,0.9969822123182527,0.9965245600713575,0.9952168557990235,0.9965323820711562
6,8,1.310447381734848,0.6653911358682489,4129,1.6825386881828308,0.6366279069767442,688,1.6827834996933373,0.6425,0.997343023756239,0.08339700615245127,,,0.97,,0.9700176878243976,0.029982312175602432,0.9984915550764951,0.09968539251967198,5,0.001,0.1,0.9827618558146218,0.9907290231197489,0.9927237117077684,0.9952735934902925,0.9949659250262912,0.9950851065124808,0.9959364025213232,0.9969822123182527,1.0,0.9951349917273632,0.9947676463681738,0.9959874189394897
6,9,1.3417030643849146,0.6500874781304674,4001,1.674837663060143,0.6536731634182908,667,1.6827900798176043,0.6422,0.9969257709095014,0.08334717394151436,,,0.97,,0.9700176878243976,0.029982312175602432,0.9984915550764951,0.09968539251967198,5,0.001,0.1,0.9825325779769075,0.990295089269079,0.9918154952717531,0.9942279702250193,0.9947456366080203,0.9948054099344024,0.9949613828003797,0.9965245600713575,0.9951349917273632,1.0,0.9939540418058929,0.9963662910346531
6,10,1.3444685692669915,0.6415016713808177,3889,1.6868573086602348,0.6419753086419753,648,1.682805904565147,0.6421,0.9959496359723279,0.08320803801126991,,,0.97,,0.9700176878243976,0.029982312175602432,0.9984915550764951,0.09968539251967198,5,0.001,0.1,0.9787453970126536,0.988066439021627,0.990975557205795,0.9931204966714047,0.9934870285630352,0.9955228252926723,0.9941508362315732,0.9952168557990235,0.9947676463681738,0.9939540418058929,1.0,0.9956664372159222
