round,client_id,client_i_training_loss,client_i_training_accuracy,client_i_training_dataset_size,client_i_evaluation_loss,client_i_evaluation_accuracy,client_i_evaluation_dataset_size,client_i_central_evaluation_loss,client_i_central_evaluation_accuracy,client_i_cosine_similarity,client_i_importance_coefficient,client_i_tanh_val,tanh_normalization_value,client_i_q,client_i_mask_order,client_i_v_nonzero_fraction,client_i_v_sparsity,client_i_v_cosine_similarity,client_i_reward_gradient_norm,local_epochs,learning_rate,gamma,client_0_cosine_similarity,client_1_cosine_similarity,client_2_cosine_similarity,client_3_cosine_similarity,client_4_cosine_similarity,client_5_cosine_similarity,client_6_cosine_similarity,client_7_cosine_similarity,client_8_cosine_similarity,client_9_cosine_similarity,client_10_cosine_similarity,client_11_cosine_similarity
0,0,2.2275758805098356,0.17005113221329438,6845,2.2989337010817095,0.09861212563915267,1369,2.297967497306534,0.1,0.9150735536152281,0.08024923496499137,,,0.8,,0.8000115528708884,0.19998844712911157,0,0.14238937200038887,10,0.025,0.15,1.0,0.9523469069449321,0.8941044354756899,0.8930459190702305,0.876364068613209,0.8472983129341792,0.8210385448283539,0.8065979915812649,0.7774419535158468,0.7908470457486233,0.8080260074700221,0.7580651616567537
0,1,2.2517837197281594,0.1527382256297919,5478,2.2982813252343073,0.09306569343065693,1096,2.297962668575818,0.1,0.9486472692510864,0.08319355018868614,,,0.8894738606454243,,0.8895132940535723,0.11048670594642773,0,0.14244369395311723,10,0.025,0.15,0.9523469069449321,1.0,0.9391802489492013,0.9260163380982395,0.9189053328015765,0.8923601542564551,0.866594787968317,0.8477222753585492,0.8231498584273278,0.8441498888247384,0.8540612521428493,0.8045527105825989
0,2,2.2851758887893276,0.14400414937759337,4820,2.2972064316272736,0.1078838174273859,964,2.297961672650108,0.1,0.9722988666050086,0.08526772508517796,,,0.9525053031178304,,0.9525672129524186,0.04743278704758136,0,0.14245379646796472,10,0.025,0.15,0.8941044354756899,0.9391802489492013,1.0,0.9562807123619801,0.95816338081841,0.9336416914412614,0.9215993848011846,0.9005423527308068,0.9077541700559486,0.8771686282647569,0.8897916409279599,0.8669391048519877
0,3,2.287249618938991,0.1358374943259192,4406,2.2961879117148265,0.1112372304199773,881,2.297961669632151,0.1,0.9753275451194677,0.08553333120260975,,,0.9605767231024889,,0.9606129623211368,0.0393870376788632,0,0.14245396512626002,10,0.025,0.15,0.8930459190702305,0.9260163380982395,0.9562807123619801,1.0,0.9577665388940411,0.9294874402798246,0.9241456627531485,0.9159159955601234,0.9173544131841654,0.8963545413401108,0.9082710927274867,0.8789454105472382
0,4,2.290941008654508,0.12954766536964982,4112,2.2961557592664446,0.1070559610705596,822,2.2979616847219346,0.1,0.9788634875233445,0.08584342285772353,,,0.9699999999696113,,0.9700285520951957,0.029971447904804327,0,0.1424541137495931,10,0.025,0.15,0.876364068613209,0.9189053328015765,0.95816338081841,0.9577665388940411,1.0,0.9601032521502356,0.9266554196790997,0.93265623076012,0.9239592315147892,0.8945266057626273,0.9298371405734427,0.8947154898110727
0,5,2.2929762555706885,0.13810748264335304,3889,2.300487756729126,0.09254498714652956,778,2.2979615941832336,0.1,0.9677630513989888,0.08486994755266421,,,0.9404173679587158,,0.9404614546714859,0.0595385453285141,0,0.14245341500038294,10,0.025,0.15,0.8472983129341792,0.8923601542564551,0.9336416914412614,0.9294874402798246,0.9601032521502356,1.0,0.92183678980869,0.9379538336072577,0.9125949281323478,0.9106136090549171,0.9437539569131504,0.897350715299723
0,6,2.294562140826521,0.13023443815683106,3711,2.2962573766708374,0.11320754716981132,742,2.2979618386377263,0.1,0.9570877370430236,0.08393375416504804,,,0.9119676843016713,,0.9120166361340794,0.08798336386592065,0,0.14244706091396667,10,0.025,0.15,0.8210385448283539,0.866594787968317,0.9215993848011846,0.9241456627531485,0.9266554196790997,0.92183678980869,1.0,0.938679720997057,0.9374962843721174,0.9255897082674982,0.9225229781627514,0.8902639988456363
0,7,2.2955576964787077,0.13487654320987655,3564,2.299936811129252,0.08134642356241234,713,2.2979626353782945,0.1,0.9515789682367587,0.08345065148925195,,,0.8972868304502385,,0.8973197339538875,0.10268026604611247,0,0.14244478530819024,10,0.025,0.15,0.8065979915812649,0.8477222753585492,0.9005423527308068,0.9159159955601234,0.93265623076012,0.9379538336072577,0.938679720997057,1.0,0.9395724731521422,0.9262987731261559,0.919942543325572,0.8899208742168562
0,8,2.296100808072973,0.12804417320546352,3441,2.297843257586161,0.09302325581395349,688,2.297963727878619,0.1,0.9388448180877369,0.08233390431264408,,,0.8633503550172189,,0.8633873017444835,0.13661269825551647,0,0.1424314213748426,10,0.025,0.15,0.7774419535158468,0.8231498584273278,0.9077541700559486,0.9173544131841654,0.9239592315147892,0.9125949281323478,0.9374962843721174,0.9395724731521422,1.0,0.8919137342833832,0.8970998305681519,0.8972916369029066
0,9,2.294727830533628,0.12555488902219555,3334,2.2974088986714682,0.11094452773613193,667,2.29796450349349,0.1,0.9335438822145213,0.08186902796828532,,,0.8492233753657965,,0.8492762951593471,0.1507237048406529,0,0.14242746348637128,10,0.025,0.15,0.7908470457486233,0.8441498888247384,0.8771686282647569,0.8963545413401108,0.8945266057626273,0.9106136090549171,0.9255897082674982,0.9262987731261559,0.8919137342833832,1.0,0.9215277264925723,0.8764171847089669
0,10,2.295879482305967,0.11265041653810552,3241,2.295874834060669,0.09259259259259259,648,2.297962629342381,0.1,0.9483554196494968,0.08316795584475621,,,0.8886960822527887,,0.8887376012939215,0.11126239870607846,0,0.14244356703132757,10,0.025,0.15,0.8080260074700221,0.8540612521428493,0.8897916409279599,0.9082710927274867,0.9298371405734427,0.9437539569131504,0.9225229781627514,0.919942543325572,0.8970998305681519,0.9215277264925723,1.0,0.9294395386288197
0,11,2.2968870859146118,0.10686926242481798,3159,2.3005840301513674,0.09651898734177215,632,2.2979684298551537,0.1,0.9155098215501606,0.0802874943681615,,,0.8011626528573005,,0.8011998481622683,0.1988001518377317,0,0.14239550228376452,10,0.025,0.15,0.7580651616567537,0.8045527105825989,0.8669391048519877,0.8789454105472382,0.8947154898110727,0.897350715299723,0.8902639988456363,0.8899208742168562,0.8972916369029066,0.8764171847089669,0.9294395386288197,1.0
1,0,2.094106145037545,0.22828341855368883,6845,2.288268501108343,0.10591672753834916,1369,2.2870914634270005,0.1057,0.9033542938684292,0.07910121664752696,,,0.8,,0.8000115528708884,0.19998844712911157,0.9129090852311404,0.1460822087393817,10,0.025,0.15,1.0,0.9535913551811147,0.9192530331290929,0.9122563193675567,0.8835589020761849,0.87100373197427,0.8492732260098838,0.8567771660569383,0.8323394340053967,0.8438597237105777,0.8279602717585604,0.8186674012399592
1,1,2.1171801727871564,0.2129426798101497,5478,2.287425888909234,0.09580291970802919,1096,2.2870692422118366,0.1057,0.9602358832929319,0.08277673247619259,,,0.899182739204747,,0.8992177055998416,0.1007822944001584,0.9132276757979924,0.1462153090179628,10,0.025,0.15,0.9535913551811147,1.0,0.9641797869931626,0.9588480208293786,0.9484115055241888,0.9420153822736838,0.9160130948744781,0.9249454265403131,0.9065675107515275,0.9192175159935141,0.9023386055343695,0.89532154653049
1,2,2.1746078230832753,0.19298755186721991,4820,2.2859555780887604,0.11514522821576763,964,2.28706236730648,0.1057,0.9799824400522276,0.08470388613583131,,,0.9511864273240315,,0.9512221286989817,0.048777871301018294,0.9135482966380063,0.14624488621600792,10,0.025,0.15,0.9192530331290929,0.9641797869931626,1.0,0.9719414892342512,0.9708572854343609,0.9684778357278053,0.9462734045515269,0.9589040803960064,0.9444400738886933,0.9496356723347693,0.9346246068198836,0.9323599342803496
1,3,2.1622912205968583,0.19462097140263276,4406,2.285172496523176,0.11691259931895573,881,2.2870622948755193,0.1057,0.9863181043519416,0.08507468969655455,,,0.9611924549331564,,0.9612318661187305,0.03876813388126954,0.913545898619135,0.14624557253713333,10,0.025,0.15,0.9122563193675567,0.9588480208293786,0.9719414892342512,1.0,0.975952974754695,0.970222853363765,0.9612076581124221,0.9711946565296462,0.9579648927422519,0.9551859153174638,0.9548175133295793,0.94559600446888
1,4,2.1912436221585128,0.18363326848249029,4112,2.2852747440338135,0.10827250608272507,822,2.2870625212222717,0.1057,0.9904452306906771,0.08540107986751826,,,0.9699999999730152,,0.9700285520951957,0.029971447904804327,0.9135382464396109,0.14624594326679036,10,0.025,0.15,0.8835589020761849,0.9484115055241888,0.9708572854343609,0.975952974754695,1.0,0.9827763682217541,0.9721456209482066,0.979384997324904,0.9698092912224049,0.9681269273719387,0.9687915987986419,0.9632351619880385
1,5,2.2029878435596344,0.19642581640524556,3889,2.288879190172468,0.09768637532133675,778,2.287062276767779,0.1057,0.9880136699109178,0.08471931019670505,,,0.951602641177659,,0.9516429832813454,0.048357016718654555,0.9135344840248669,0.14624488671242886,10,0.025,0.15,0.87100373197427,0.9420153822736838,0.9684778357278053,0.970222853363765,0.9827763682217541,1.0,0.9673393287679403,0.9788725752515937,0.967913387195318,0.9723095691664898,0.9702743242775919,0.9634250520782317
1,6,2.209689601536455,0.1784155214227971,3711,2.2860645055770874,0.11994609164420485,742,2.2870639577696594,0.1057,0.9832432967235525,0.08398442426403588,,,0.9317719553085616,,0.9318133056064432,0.06818669439355685,0.9135364701823977,0.14622745041856705,10,0.025,0.15,0.8492732260098838,0.9160130948744781,0.9462734045515269,0.9612076581124221,0.9721456209482066,0.9673393287679403,1.0,0.9828329389889963,0.9793582879364578,0.9760741234479399,0.9777000169000135,0.9717088072442263
1,7,2.2216039206300464,0.18602693602693604,3564,2.2892161210378013,0.08555399719495091,713,2.287065198149862,0.1057,0.9891719084375509,0.08387853617710453,,,0.9289145956886972,,0.9289580960868776,0.07104190391312237,0.9135241845893887,0.14622680878981892,10,0.025,0.15,0.8567771660569383,0.9249454265403131,0.9589040803960064,0.9711946565296462,0.979384997324904,0.9788725752515937,0.9828329389889963,1.0,0.9795056573337918,0.9785043861507146,0.9839270049994073,0.9739853004171355
1,8,2.21342100125772,0.1810810810810811,3441,2.2862714926401773,0.10174418604651163,688,2.2870689404161673,0.1058,0.9799474101368316,0.08288678775544735,,,0.9021525493128408,,0.9021884438282913,0.09781155617170867,0.9133782101776364,0.14621995073802838,10,0.025,0.15,0.8323394340053967,0.9065675107515275,0.9444400738886933,0.9579648927422519,0.9698092912224049,0.967913387195318,0.9793582879364578,0.9795056573337918,1.0,0.9691019074918485,0.9787360994967375,0.9755970997257591
1,9,2.217749768274802,0.17870425914817037,3334,2.286751627922058,0.11544227886056972,667,2.287072631377208,0.1058,0.9817075757646324,0.08265638352116855,,,0.8959351572118688,,0.8959746497004506,0.1040253502995494,0.9131397879608888,0.14621418377876866,10,0.025,0.15,0.8438597237105777,0.9192175159935141,0.9496356723347693,0.9551859153174638,0.9681269273719387,0.9723095691664898,0.9760741234479399,0.9785043861507146,0.9691019074918485,1.0,0.9753632448193426,0.9750902420576321
1,10,2.227614896114056,0.17142857142857143,3241,2.2844163179397583,0.10339506172839506,648,2.287066357045234,0.1057,0.9793672386401494,0.0833841429510152,,,0.9155735364486903,,0.9156145302107573,0.08438546978924266,0.913482935625649,0.1462238420030385,10,0.025,0.15,0.8279602717585604,0.9023386055343695,0.9346246068198836,0.9548175133295793,0.9687915987986419,0.9702743242775919,0.9777000169000135,0.9839270049994073,0.9787360994967375,0.9753632448193426,1.0,0.9802130475142816
1,11,2.2377741928100585,0.15723330167774613,3159,2.2908294677734373,0.10126582278481013,632,2.287082584598396,0.1058,0.9741979292812358,0.08143281031089977,,,0.8629173854842849,,0.8629581951114852,0.1370418048885148,0.9129847007144707,0.14616818701732326,10,0.025,0.15,0.8186674012399592,0.89532154653049,0.9323599342803496,0.94559600446888,0.9632351619880385,0.9634250520782317,0.9717088072442263,0.9739853004171355,0.9755970997257591,0.9750902420576321,0.9802130475142816,1.0
2,0,2.014676943973259,0.2595325054784514,6845,2.2718716751445425,0.17092768444119796,1369,2.2703621628918227,0.1779,0.9115884391374843,0.07872294362718472,,,0.8,,0.8000115528708884,0.19998844712911157,0.9637879012902391,0.14579681035671954,10,0.025,0.15,1.0,0.9527792756068918,0.9263274206819672,0.9214585848161074,0.8911204016616617,0.8790916177491275,0.8683974083354973,0.8662112848798889,0.8419777756772888,0.8505509462094272,0.8303273362162626,0.8176923407829314
2,1,2.033534995899644,0.24874041621029572,5478,2.2707963519626193,0.17244525547445255,1096,2.2703014959262897,0.1773,0.9595933145628902,0.08256499862306084,,,0.9039907172077484,,0.9040369031704378,0.09596309682956217,0.9645604639983361,0.14591418978636833,10,0.025,0.15,0.9527792756068918,1.0,0.9621256405951858,0.9554898423834935,0.9419945892315056,0.9357953557007723,0.9226795472395111,0.9256596054064463,0.9103222227315488,0.9161817048285572,0.8932568644929739,0.8861327759497725
2,2,2.091030308761095,0.2291078838174274,4820,2.2688040137290955,0.17323651452282157,964,2.2702870218059683,0.1772,0.9757530209989809,0.0842856996976543,,,0.9505639544568715,,0.9506114769520225,0.04938852304797747,0.9646252294776466,0.14593810742398158,10,0.025,0.15,0.9263274206819672,0.9621256405951858,1.0,0.9635862960467761,0.9631758927837644,0.9576370610255711,0.9437327602000775,0.9512555295828159,0.9368977868682127,0.9424873959392914,0.922318909950774,0.9190182488166505
2,3,2.0681400639670238,0.2398093508851566,4406,2.268045425415039,0.18955732122587968,881,2.2702863638914086,0.1772,0.9833700786869422,0.08476375142149777,,,0.9635031085497312,,0.9635424402964137,0.03645755970358633,0.9646481679103734,0.14593864442446855,10,0.025,0.15,0.9214585848161074,0.9554898423834935,0.9635862960467761,1.0,0.9633349479356547,0.9623751087595986,0.9618305881209238,0.9650640073543004,0.9508949178839686,0.9491917763121377,0.9458983830884283,0.9381518304997979
2,4,2.10918109886574,0.2240272373540856,4112,2.268602337156023,0.18126520681265207,822,2.270286979554575,0.1772,0.9845307800771207,0.08500378644404995,,,0.9699999999729335,,0.9700285520951957,0.029971447904804327,0.9646447294727065,0.14593874614180413,10,0.025,0.15,0.8911204016616617,0.9419945892315056,0.9631758927837644,0.9633349479356547,1.0,0.9727439432100634,0.9628350947744716,0.9692047798570942,0.9595349583552175,0.9555109166317598,0.9556886293222365,0.9541651964554155
2,5,2.1111052540040784,0.23430187708922603,3889,2.271315268107823,0.18508997429305912,778,2.2702866324895545,0.1772,0.9844182094922542,0.08457777511377915,,,0.958469393612265,,0.9585251935105874,0.0414748064894126,0.9646289401393863,0.14593850490885,10,0.025,0.15,0.8790916177491275,0.9357953557007723,0.9576370610255711,0.9623751087595986,0.9727439432100634,1.0,0.9635493030911474,0.9700291871672738,0.965779467014582,0.9633060884824741,0.9607864181826274,0.9567244446674489
2,6,2.1207229112756663,0.2198059822150364,3711,2.269950747489929,0.18194070080862534,742,2.270291385771353,0.1771,0.983556560543823,0.08409443643100799,,,0.9453871404093382,,0.9454374412041392,0.054562558795860805,0.9644964402299635,0.1459377972445153,10,0.025,0.15,0.8683974083354973,0.9226795472395111,0.9437327602000775,0.9618305881209238,0.9628350947744716,0.9635493030911474,1.0,0.9758342247796349,0.9756237385244938,0.9658744909605151,0.9703085093851102,0.9675457614170674
2,7,2.124658790230751,0.22354096520763186,3564,2.2728854417800903,0.15007012622720897,713,2.270292831372611,0.1771,0.9866473905919907,0.08412961481869649,,,0.9463392938193925,,0.9463864270271163,0.053613572972883716,0.9645150958276032,0.1459378528083556,10,0.025,0.15,0.8662112848798889,0.9256596054064463,0.9512555295828159,0.9650640073543004,0.9692047798570942,0.9700291871672738,0.9758342247796349,1.0,0.9722736825104523,0.9737360246491454,0.9750775607054009,0.9695218671430414
2,8,2.1229637508039123,0.22170880557977332,3441,2.2683600187301636,0.18895348837209303,688,2.2703024254569524,0.1775,0.979110941623447,0.0832695298092297,,,0.9230598620855716,,0.9230991401363239,0.07690085986367612,0.9646118888829881,0.14591738681699437,10,0.025,0.15,0.8419777756772888,0.9103222227315488,0.9368977868682127,0.9508949178839686,0.9595349583552175,0.965779467014582,0.9756237385244938,0.9722736825104523,1.0,0.9670996201942617,0.9722387939043334,0.9731067962393032
2,9,2.1205975713553253,0.22390521895620877,3334,2.2702199618021646,0.1874062968515742,667,2.2703077732762202,0.1776,0.9780806084644912,0.08309320646564673,,,0.918287418437747,,0.9183377069201697,0.0816622930798303,0.9645713300631744,0.14591668753505893,10,0.025,0.15,0.8505509462094272,0.9161817048285572,0.9424873959392914,0.9491917763121377,0.9555109166317598,0.9633060884824741,0.9658744909605151,0.9737360246491454,0.9670996201942617,1.0,0.9662385352076511,0.9640570135971591
2,10,2.1367124860103313,0.2156124652884912,3241,2.266915281613668,0.1743827160493827,648,2.2702976359596736,0.1774,0.974158041085393,0.08341614543622813,,,0.9270282238663881,,0.9270601244409236,0.07293987555907644,0.9645957453395484,0.14591790613512412,10,0.025,0.15,0.8303273362162626,0.8932568644929739,0.922318909950774,0.9458983830884283,0.9556886293222365,0.9607864181826274,0.9703085093851102,0.9750775607054009,0.9722387939043334,0.9662385352076511,1.0,0.9755063948647728
2,11,2.146000141620636,0.2085786641342197,3159,2.2755135536193847,0.17563291139240506,632,2.2703275469285025,0.1779,0.9701945385849153,0.0820781121119643,,,0.8908124369535474,,0.8908418742057401,0.10915812579425987,0.9643621872962567,0.14591055333753097,10,0.025,0.15,0.8176923407829314,0.8861327759497725,0.9190182488166505,0.9381518304997979,0.9541651964554155,0.9567244446674489,0.9675457614170674,0.9695218671430414,0.9731067962393032,0.9640570135971591,0.9755063948647728,1.0
3,0,1.9548371893388254,0.2842220598977356,6845,2.249895919453014,0.21402483564645727,1369,2.2478513114060026,0.2203,0.9187230417392611,0.07878512808641455,,,0.8,,0.8000115528708884,0.19998844712911157,0.9777685751009394,0.14548040835401205,10,0.025,0.15,1.0,0.9484765032417618,0.9206900368914971,0.9227212184699555,0.897780571907524,0.8838922125512867,0.8856116381404203,0.8714428160320264,0.8549354904820966,0.8543109610051147,0.8410843250393211,0.826940513945492
3,1,1.9737384901490322,0.27725447243519535,5478,2.24853433503045,0.22262773722627738,1096,2.247701457784146,0.2205,0.9602460073966144,0.08252204446471591,,,0.9071206940135724,,0.9071644303609447,0.09283556963905526,0.9783236058176498,0.14560453065816847,10,0.025,0.15,0.9484765032417618,1.0,0.9547174045559575,0.9516608442547881,0.9405151414354133,0.9332809981879745,0.9301511782834069,0.9224919638587306,0.9140154037359006,0.9102881095130915,0.8954535262026452,0.885864741199219
3,2,2.031443948181052,0.25719917012448135,4820,2.2458886802196503,0.2095435684647303,964,2.2476736050617845,0.2206,0.9722320391230885,0.08397995637137685,,,0.9489125136429858,,0.9489610668251061,0.05103893317489394,0.9786524286079551,0.14562278593028702,10,0.025,0.15,0.9206900368914971,0.9547174045559575,1.0,0.9556874940401113,0.9579277163216524,0.9503433928625103,0.9451817958657531,0.9441364058405614,0.932989539012099,0.9315257216366815,0.9174392688104148,0.9128849023384747
3,3,2.0018125905309403,0.26761234679981843,4406,2.2445902824401855,0.2292849035187287,881,2.2476718516289433,0.2206,0.9803970585442677,0.08454276819673598,,,0.9650458137300806,,0.9650855737650806,0.03491442623491936,0.9786448695546011,0.14562367277173022,10,0.025,0.15,0.9227212184699555,0.9516608442547881,0.9556874940401113,1.0,0.9543892141840143,0.9556963228351306,0.961056042569952,0.9564267828493732,0.94675158597183,0.9416220240995644,0.9404728353242322,0.9320247534623806
3,4,2.048567132877581,0.25160505836575875,4112,2.2459652423858643,0.22871046228710462,822,2.2476725668846806,0.2206,0.9811328801704567,0.08471559549100044,,,0.9699999999713345,,0.9700285520951957,0.029971447904804327,0.9786494303501034,0.14562377905853885,10,0.025,0.15,0.897780571907524,0.9405151414354133,0.9579277163216524,0.9543892141840143,1.0,0.9639264033605637,0.9597894032119901,0.9575670217426407,0.9540715014599795,0.9524207452133381,0.9428952832181431,0.9442551069027789
3,5,2.0461193611544948,0.2603754178452044,3889,2.2473312446049283,0.2133676092544987,778,2.247672684584992,0.2206,0.9805507876688836,0.08443248278218508,,,0.961884423709457,,0.9619167863214009,0.038083213678599126,0.9786582570456398,0.145623567571653,10,0.025,0.15,0.8838922125512867,0.9332809981879745,0.9503433928625103,0.9556963228351306,0.9639264033605637,1.0,0.9593604043404387,0.9619131326704833,0.9608217987560339,0.9535832282171641,0.949760827945296,0.9455756164336347
3,6,2.0561291694641115,0.24855834007006197,3711,2.248075326283773,0.21293800539083557,742,2.2476803411411335,0.2207,0.9831195389858819,0.08421664200568175,,,0.9556972331397888,,0.9557277483454638,0.04427225165453619,0.9786524003009611,0.14562326629281466,10,0.025,0.15,0.8856116381404203,0.9301511782834069,0.9451817958657531,0.961056042569952,0.9597894032119901,0.9593604043404387,1.0,0.968187473113621,0.9680593293017241,0.9579914037131095,0.9591916927478755,0.9539263329627553
3,7,2.054747612135751,0.24817620650953984,3564,2.2509958346684775,0.1949509116409537,713,2.247682139843325,0.2206,0.9821172249164434,0.08420574585841026,,,0.9553848892873616,,0.9554224224719843,0.04457757752801572,0.9786496100256951,0.14562326610706303,10,0.025,0.15,0.8714428160320264,0.9224919638587306,0.9441364058405614,0.9564267828493732,0.9575670217426407,0.9619131326704833,0.968187473113621,1.0,0.964571928573683,0.9643957053126757,0.965304882141713,0.9597185584553348
3,8,2.0596969392564564,0.24963673350770124,3441,2.244145234425863,0.2441860465116279,688,2.2477060994015465,0.221,0.977641696746344,0.08352647098766146,,,0.9359131141084729,,0.9359558350250037,0.06404416497499632,0.9783475656126993,0.1456097861614897,10,0.025,0.15,0.8549354904820966,0.9140154037359006,0.932989539012099,0.94675158597183,0.9540715014599795,0.9608217987560339,0.9680593293017241,0.964571928573683,1.0,0.9610817365529686,0.9644857131448914,0.962014170539275
3,9,2.049867035724499,0.25761847630473905,3334,2.247817039489746,0.23238380809595202,667,2.2477130437199073,0.2207,0.9738065098397312,0.08329200969197564,,,0.9291921564603378,,0.9292386658084534,0.07076133419154662,0.9783576986956373,0.14560892741500236,10,0.025,0.15,0.8543109610051147,0.9102881095130915,0.9315257216366815,0.9416220240995644,0.9524207452133381,0.9535832282171641,0.9579914037131095,0.9643957053126757,0.9610817365529686,1.0,0.9578730295024752,0.9542688398971416
3,10,2.068480085868102,0.24591175563097808,3241,2.2434139251708984,0.23148148148148148,648,2.2476984458633615,0.2209,0.9705035634599664,0.0833844485878881,,,0.9318419665394415,,0.9318710699608853,0.06812893003911469,0.9783468244637696,0.14560927170988908,10,0.025,0.15,0.8410843250393211,0.8954535262026452,0.9174392688104148,0.9404728353242322,0.9428952832181431,0.949760827945296,0.9591916927478755,0.965304882141713,0.9644857131448914,0.9578730295024752,1.0,0.9664849606691821
3,11,2.0787386813163757,0.24561570117125672,3159,2.254893159866333,0.22468354430379747,632,2.247743594495556,0.2208,0.9656557579440412,0.08239670747595411,,,0.9035278426188516,,0.9035665362842666,0.09643346371573336,0.9783183886774542,0.14560363475980168,10,0.025,0.15,0.826940513945492,0.885864741199219,0.9128849023384747,0.9320247534623806,0.9442551069027789,0.9455756164336347,0.9539263329627553,0.9597185584553348,0.962014170539275,0.9542688398971416,0.9664849606691821,1.0
4,0,1.9094149808088938,0.30168005843681517,6845,2.222806757146662,0.23739956172388604,1369,2.2199960177457787,0.245,0.9291156878937282,0.0792099185532905,,,0.8,,0.8000115528708884,0.19998844712911157,0.9841493701373233,0.14528735142791369,10,0.025,0.15,1.0,0.9454874975106454,0.9250276089374695,0.9260550762071958,0.9084421126823332,0.8960882183014762,0.8963078712832051,0.8824994005599057,0.8701714632993208,0.8592147938348607,0.8585709823105923,0.8434620874976237
4,1,1.9242523401282554,0.296276013143483,5478,2.221171220143636,0.24543795620437955,1096,2.219722204570529,0.246,0.9626701085092831,0.08262366375235325,,,0.9092552459301131,,0.9093099635259362,0.09069003647406382,0.9852105430239341,0.14537728576631784,10,0.025,0.15,0.9454874975106454,1.0,0.9532707947964666,0.9494443223161468,0.9415282476032998,0.9359038887428859,0.9317343684290057,0.9245201815392105,0.9181053836151306,0.9061202295180903,0.9008872493112035,0.8901101454455416
4,2,1.9802173692929117,0.2806639004149378,4820,2.2176723182201385,0.25,964,2.2196734132646005,0.2464,0.972248316284118,0.08384080692151467,,,0.9482093179315614,,0.948251390470532,0.051748609529468026,0.985254006933137,0.14538479494628467,10,0.025,0.15,0.9250276089374695,0.9532707947964666,1.0,0.9522192545037818,0.9567021423789583,0.9494147672841395,0.9441789948500603,0.9407374708120728,0.9315251874077541,0.92568606592862,0.9171881503334809,0.9100514669329474
4,3,1.946158049106598,0.29017249205628687,4406,2.215331929070609,0.25539160045402953,881,2.219668738449676,0.2464,0.9779932367839911,0.08437751846573664,,,0.96538650847689,,0.9654239078410985,0.03457609215890145,0.985258025203738,0.1453855298862687,10,0.025,0.15,0.9260550762071958,0.9494443223161468,0.9522192545037818,1.0,0.949742949833409,0.9510812821153464,0.9547993944917478,0.9503449814147642,0.9411712759121416,0.9344279772691537,0.9367923220436086,0.9264724449515156
4,4,2.0002250982053353,0.2707928015564202,4112,2.2176733698163713,0.24939172749391728,822,2.219669707213776,0.2464,0.9791245688046177,0.08452166975380158,,,0.9699999999679955,,0.9700285520951957,0.029971447904804327,0.9852622636645936,0.14538564415591781,10,0.025,0.15,0.9084421126823332,0.9415282476032998,0.9567021423789583,0.949742949833409,1.0,0.9589239491685964,0.9538594708656406,0.9504428530919152,0.948693434008755,0.9396712043887253,0.937500055409066,0.9390575498616031
4,5,1.9888000968963868,0.2828747750064284,3889,2.2176030703953336,0.2352185089974293,778,2.2196704134156433,0.2464,0.9779489120279037,0.0843076557609802,,,0.9631505867708403,,0.9631876021191266,0.036812397880873426,0.9852573758018759,0.14538545009027207,10,0.025,0.15,0.8960882183014762,0.9359038887428859,0.9494147672841395,0.9510812821153464,0.9589239491685964,1.0,0.9542387922570457,0.9538920615254608,0.9531007287113222,0.943019267173377,0.9401289369804069,0.9344436662697984
4,6,2.0032029616421667,0.2738884397736459,3711,2.220866560935974,0.238544474393531,742,2.2196815466579003,0.2463,0.9798661916836963,0.0842363581726232,,,0.9608687423167473,,0.9609182881946163,0.03908171180538367,0.985254461657786,0.14538539341621415,10,0.025,0.15,0.8963078712832051,0.9317343684290057,0.9441789948500603,0.9547993944917478,0.9538594708656406,0.9542387922570457,1.0,0.9590595153502068,0.957382286030081,0.9445657864069401,0.950000776060621,0.9466362621000965
4,7,1.9990942546299526,0.26784511784511783,3564,2.2240045070648193,0.22159887798036465,713,2.2196840002566955,0.2465,0.9781425033468564,0.0841733203734954,,,0.958851248378274,,0.9588965357891436,0.04110346421085642,0.9852544897971076,0.14538529974346404,10,0.025,0.15,0.8824994005599057,0.9245201815392105,0.9407374708120728,0.9503449814147642,0.9504428530919152,0.9538920615254608,0.9590595153502068,1.0,0.9546933679084374,0.9488161627307481,0.9563776929649827,0.9507161864913831
4,8,2.006180676707515,0.2700087183958152,3441,2.2141918341318765,0.2688953488372093,688,2.219719910923439,0.2465,0.9742919342212395,0.08362621155968718,,,0.9413412983036284,,0.9413856843425591,0.05861431565744091,0.9852476371122975,0.14538438656531036,10,0.025,0.15,0.8701714632993208,0.9181053836151306,0.9315251874077541,0.9411712759121416,0.948693434008755,0.9531007287113222,0.957382286030081,0.9546933679084374,1.0,0.94796540305123,0.9525761259386434,0.9518401552487809
4,9,1.9922505851145145,0.28113377324535094,3334,2.2198838790257773,0.26686656671664166,667,2.219736032848117,0.2462,0.9664206341730278,0.08322376586773486,,,0.9284612207103047,,0.9284959812513409,0.07150401874865908,0.9852526147539814,0.14537969768088638,10,0.025,0.15,0.8592147938348607,0.9061202295180903,0.92568606592862,0.9344279772691537,0.9396712043887253,0.943019267173377,0.9445657864069401,0.9488161627307481,0.94796540305123,1.0,0.9439318732204268,0.9422079036804157
4,10,2.015930351844201,0.26593643937056466,3241,2.2144078413645425,0.2623456790123457,648,2.219717900964278,0.2463,0.9675692894084025,0.08331861385497313,,,0.9314967841655206,,0.9315327358848674,0.0684672641151326,0.9852530215534261,0.1453799373693573,10,0.025,0.15,0.8585709823105923,0.9008872493112035,0.9171881503334809,0.9367923220436086,0.937500055409066,0.9401289369804069,0.950000776060621,0.9563776929649827,0.9525761259386434,0.9439318732204268,1.0,0.9549860131605468
4,11,2.022747046947479,0.26755302310857865,3159,2.229205513000488,0.23575949367088608,632,2.219783336301393,0.2464,0.9625042875729636,0.08254049696380927,,,0.9065935335275341,,0.9066362991203314,0.09336370087966861,0.9851916794569778,0.14537673902283835,10,0.025,0.15,0.8434620874976237,0.8901101454455416,0.9100514669329474,0.9264724449515156,0.9390575498616031,0.9344436662697984,0.9466362621000965,0.9507161864913831,0.9518401552487809,0.9422079036804157,0.9549860131605468,1.0
5,0,1.8689188160278178,0.31802775748721696,6845,2.1908398324793037,0.2702702702702703,1369,2.186985242215893,0.2775,0.9346766455037381,0.0796930298263387,,,0.8,,0.8000115528708884,0.19998844712911157,0.989968559621782,0.14512642559730457,10,0.025,0.15,1.0,0.9422910884724693,0.9254061784799027,0.9259089649536749,0.9112749273971943,0.9020210993178911,0.9015784619462656,0.8868764612890979,0.8801078934324637,0.866652109385059,0.865448500351542,0.853583033021877
5,1,1.882789247257765,0.3127601314348302,5478,2.188834137386746,0.270985401459854,1096,2.18661354161516,0.2791,0.9620562812324318,0.08270612715438524,,,0.9104701084584829,,0.9105230149692198,0.08947698503078017,0.9903156956667543,0.14519033127033476,10,0.025,0.15,0.9422910884724693,1.0,0.9476362481184236,0.9453486405109162,0.9370677325667964,0.9350142404963034,0.9299756351153206,0.9211867462133702,0.9205353133388103,0.9050078554303375,0.8999274729997513,0.8913113358806317
5,2,1.9359968292085747,0.2975103734439834,4820,2.1843587160110474,0.27800829875518673,964,2.186555373517773,0.2793,0.9690061097880585,0.08368856183654536,,,0.946489411546168,,0.9465349639385388,0.053465036061461246,0.9903343082139014,0.1451937918443665,10,0.025,0.15,0.9254061784799027,0.9476362481184236,1.0,0.9467275205896905,0.9517576637422357,0.9432713905257242,0.9385474305689875,0.9339691601731498,0.9309301996723925,0.9163715512615456,0.9139509561748037,0.9054301811770287
5,3,1.9032684864316667,0.3087607807535179,4406,2.180605547768729,0.29284903518728717,881,2.1865503365480445,0.2793,0.9773556365192454,0.08429441150704346,,,0.9687018632271939,,0.9687412321962008,0.031258767803799214,0.9903567036228366,0.1451945964587007,10,0.025,0.15,0.9259089649536749,0.9453486405109162,0.9467275205896905,1.0,0.9456284830136998,0.9475484678596623,0.9515006606706758,0.9475148689820949,0.9444154384865123,0.9320005371327235,0.9372685103362276,0.926723625744185
5,4,1.9553000489870707,0.2906128404669261,4112,2.184194564819336,0.28588807785888076,822,2.1865517972390864,0.2793,0.9757006857027947,0.08432981848170558,,,0.9699999999633366,,0.9700285520951957,0.029971447904804327,0.9903546186640084,0.1451946106671993,10,0.025,0.15,0.9112749273971943,0.9370677325667964,0.9517576637422357,0.9456284830136998,1.0,0.9527216963130932,0.9493547348243123,0.9422758603326183,0.9436711030631562,0.9302285901998963,0.9332209873475058,0.9333193139415055
5,5,1.9455013063646132,0.30385703265620984,3889,2.1823587077004567,0.2712082262210797,778,2.186553505402577,0.2793,0.9759029343021994,0.08420359818887281,,,0.9653723467809758,,0.9653991516891948,0.03460084831080523,0.9903525560708356,0.14519453010815267,10,0.025,0.15,0.9020210993178911,0.9350142404963034,0.9432713905257242,0.9475484678596623,0.9527216963130932,1.0,0.9494296470918004,0.947015479440384,0.9515663296786491,0.939290796308408,0.9379556819877649,0.9265814737514085
5,6,1.9549927201764337,0.2987604419293991,3711,2.188688079516093,0.27088948787061995,742,2.1865670831897592,0.2794,0.9780226856463045,0.084228590517232,,,0.9662886481559001,,0.9663233813602681,0.033676618639731926,0.9903526885586627,0.14519454887470112,10,0.025,0.15,0.9015784619462656,0.9299756351153206,0.9385474305689875,0.9515006606706758,0.9493547348243123,0.9494296470918004,1.0,0.9533765181265363,0.9556087714593214,0.9392592171699369,0.9469758994600654,0.9415023639150335
5,7,1.9522372999361584,0.284652076318743,3564,2.1921122074127197,0.26367461430575034,713,2.186569914033141,0.2795,0.9746396932145635,0.08407895903380529,,,0.9608026633358646,,0.9608440197389051,0.0391559802610949,0.9903509784738066,0.1451943909819657,10,0.025,0.15,0.8868764612890979,0.9211867462133702,0.9339691601731498,0.9475148689820949,0.9422758603326183,0.947015479440384,0.9533765181265363,1.0,0.9477404660728478,0.9468221110120674,0.9485434345279299,0.9419751348184758
5,8,1.9632522622744242,0.2895960476605638,3441,2.1788552602132163,0.3081395348837209,688,2.186615467071533,0.2799,0.9741182574437885,0.08372236532819193,,,0.9477287592943182,,0.9477727715337261,0.05222722846627392,0.9903319901339921,0.14519388379174852,10,0.025,0.15,0.8801078934324637,0.9205353133388103,0.9309301996723925,0.9444154384865123,0.9436711030631562,0.9515663296786491,0.9556087714593214,0.9477404660728478,1.0,0.9449979498656759,0.9475118238005072,0.9441348277792543
5,9,1.9501540510742752,0.297000599880024,3334,2.186534802118937,0.2893553223388306,667,2.1866307681119896,0.279,0.9649013384658532,0.08317151332222568,,,0.9275327038011105,,0.9275800036309023,0.07241999636909768,0.9903451267845822,0.1451924589669725,10,0.025,0.15,0.866652109385059,0.9050078554303375,0.9163715512615456,0.9320005371327235,0.9302285901998963,0.939290796308408,0.9392592171699369,0.9468221110120674,0.9449979498656759,1.0,0.9437738569488164,0.9399486440925117
5,10,1.9692940822014442,0.2808701018204258,3241,2.180410464604696,0.28858024691358025,648,2.1866095971457566,0.2799,0.9664781689810104,0.08328188836818484,,,0.9315794178533657,,0.9316152563912132,0.06838474360878677,0.9903532050839654,0.14519276796852879,10,0.025,0.15,0.865448500351542,0.8999274729997513,0.9139509561748037,0.9372685103362276,0.9332209873475058,0.9379556819877649,0.9469758994600654,0.9485434345279299,0.9475118238005072,0.9437738569488164,1.0,0.9478117559549915
5,11,1.9771866250038146,0.2867363089585312,3159,2.198776435852051,0.27531645569620256,632,2.1866919511481178,0.279,0.960422339857648,0.08260113643546922,,,0.9066208016346284,,0.9066610552722352,0.09333894472776483,0.9903104620578445,0.14518960837879538,10,0.025,0.15,0.853583033021877,0.8913113358806317,0.9054301811770287,0.926723625744185,0.9333193139415055,0.9265814737514085,0.9415023639150335,0.9419751348184758,0.9441348277792543,0.9399486440925117,0.9478117559549915,1.0
6,0,1.837164631817076,0.33092768444119797,6845,2.155017527666959,0.28195763330898466,1369,2.150032625922674,0.2942,0.9378737310727122,0.08018037046942304,,,0.8,,0.8000115528708884,0.19998844712911157,0.9923692206254251,0.1447211097435874,10,0.025,0.15,1.0,0.9375934855929335,0.9240203433749145,0.9236282285235292,0.90893667034393,0.9051118464963082,0.902592251476375,0.8888535906501954,0.8855590782343076,0.8609405673914767,0.8692130051357453,0.8611040812970877
6,1,1.8447698601456575,0.32765607886089815,5478,2.152513609992133,0.28193430656934304,1096,2.1496094057831585,0.2952,0.9628936886539063,0.08287051415273733,,,0.9128104013380867,,0.9128500932481721,0.08714990675182788,0.9927533958220836,0.14478773773409953,10,0.025,0.15,0.9375934855929335,1.0,0.9411366724605315,0.9398776871783008,0.9328255537202035,0.9343856714075118,0.9288144119073852,0.9205948487423607,0.9233284841191917,0.8945287245628012,0.9042331144550859,0.8965983005566945
6,2,1.8991029949564682,0.31159751037344396,4820,2.1473603546619415,0.2987551867219917,964,2.149536552308481,0.2946,0.9675881109491862,0.08363439528281905,,,0.944843536740335,,0.9448845538116222,0.055115446188377826,0.9928124353791417,0.1447910088334215,10,0.025,0.15,0.9240203433749145,0.9411366724605315,1.0,0.939439584420126,0.9439319825715705,0.9383358812855399,0.9354083749119083,0.9313511374425959,0.930231321187816,0.9040864332469591,0.9123872803689862,0.9064198466946054
6,3,1.8642123797961643,0.3212437585111212,4406,2.142097200666155,0.3246311010215664,881,2.14953479887564,0.2947,0.974028806834605,0.08422141033555816,,,0.9694598440780205,,0.9695169249558515,0.03048307504414849,0.9928131241056426,0.14479187990119663,10,0.025,0.15,0.9236282285235292,0.9398776871783008,0.939439584420126,1.0,0.9395139017443974,0.9419618941960082,0.9446974928927483,0.9421550944791018,0.9397238108762322,0.9157007665391563,0.933148204399848,0.9209777040269329
6,4,1.9189272439841067,0.3038667315175097,4112,2.1465111800602505,0.29927007299270075,822,2.1495366971704026,0.2947,0.972743335907343,0.08420137413443317,,,0.9686196317487608,,0.968658711689855,0.03134128831014504,0.992812344976776,0.1447918645101802,10,0.025,0.15,0.90893667034393,0.9328255537202035,0.9439319825715705,0.9395139017443974,1.0,0.9460155338546979,0.9448545092869893,0.9369334156015948,0.9405957662903384,0.9180380179100246,0.9269026172861351,0.9266961670449788
6,5,1.9029700609945481,0.3187966058112625,3889,2.143216712134225,0.2892030848329049,778,2.149538707129563,0.2946,0.9732099550985491,0.0841382130011018,,,0.9659709877955496,,0.9660098034361538,0.033990196563846165,0.9928127389788531,0.14479181180881642,10,0.025,0.15,0.9051118464963082,0.9343856714075118,0.9383358812855399,0.9419618941960082,0.9460155338546979,1.0,0.9442803067398354,0.9417818168126704,0.9469869874801349,0.9189847634670731,0.9319192386858173,0.9206924015475672
6,6,1.9129614390175917,0.31538668822419835,3711,2.1526944637298584,0.2884097035040431,742,2.1495545725279217,0.2951,0.9756733230388673,0.08423429121277756,,,0.9699999999580653,,0.9700285520951957,0.029971447904804327,0.9928146257496272,0.1447918799192021,10,0.025,0.15,0.902592251476375,0.9288144119073852,0.9354083749119083,0.9446974928927483,0.9448545092869893,0.9442803067398354,1.0,0.947099922752244,0.9512628864005187,0.9198887504028733,0.9430019871895632,0.9369999822583676
6,7,1.9090416256870542,0.30165544332211,3564,2.1566326220830283,0.2720897615708275,713,2.149555933626392,0.2951,0.9718586071498634,0.08401658770940405,,,0.9608706661828463,,0.9609182881946163,0.03908171180538367,0.9928139287093436,0.1447916869302987,10,0.025,0.15,0.8888535906501954,0.9205948487423607,0.9313511374425959,0.9421550944791018,0.9369334156015948,0.9417818168126704,0.947099922752244,1.0,0.9422250224801944,0.9254967811399459,0.9432328848303363,0.9346218359873555
6,8,1.92000316646364,0.304068584713746,3441,2.1393465201059976,0.3125,688,2.1496104681039157,0.2952,0.9725340950942832,0.08381712792875,,,0.9525063776706918,,0.9525672129524186,0.04743278704758136,0.99281010649638,0.1447914185303402,10,0.025,0.15,0.8855590782343076,0.9233284841191917,0.930231321187816,0.9397238108762322,0.9405957662903384,0.9469869874801349,0.9512628864005187,0.9422250224801944,1.0,0.9261986817276655,0.9407368628100955,0.9353418422532933
6,9,1.908110295843195,0.3105878824235153,3334,2.1493798891703286,0.31334332833583206,667,2.149629641182815,0.2951,0.9516506388017325,0.08279201219973135,,,0.9095184445257587,,0.9095575250449737,0.09044247495502633,0.9927480567049808,0.1447872284837001,10,0.025,0.15,0.8609405673914767,0.8945287245628012,0.9040864332469591,0.9157007665391563,0.9180380179100246,0.9189847634670731,0.9198887504028733,0.9254967811399459,0.9261986817276655,1.0,0.9253753731996445,0.9114649682458803
