round,client_id,client_i_training_loss,client_i_training_accuracy,client_i_training_dataset_size,client_i_evaluation_loss,client_i_evaluation_accuracy,client_i_evaluation_dataset_size,client_i_central_evaluation_loss,client_i_central_evaluation_accuracy,client_i_cosine_similarity,client_i_importance_coefficient,client_i_tanh_val,tanh_normalization_value,client_i_q,client_i_mask_order,client_i_v_nonzero_fraction,client_i_v_sparsity,client_i_v_cosine_similarity,client_i_reward_gradient_norm,local_epochs,learning_rate,gamma,client_0_cosine_similarity,client_1_cosine_similarity,client_2_cosine_similarity,client_3_cosine_similarity,client_4_cosine_similarity,client_5_cosine_similarity,client_6_cosine_similarity,client_7_cosine_similarity,client_8_cosine_similarity,client_9_cosine_similarity,client_10_cosine_similarity,client_11_cosine_similarity
0,0,1.6839929806583123,0.5144387630874118,8214,2.2363837707874388,0.23301680058436816,1369,2.23740045712017,0.231,0.9806310254724883,0.08235702770177206,,,0.7,,0.7000125651211567,0.2999874348788433,0,0.09912148673728538,5,0.001,0.1,1.0,0.9927226819440227,0.9869319954690626,0.9796274424983685,0.9769396334401564,0.9672334088337214,0.9631428707463235,0.9612291942655493,0.954663494764383,0.9518534403639058,0.9435884672812981,0.9437979074042675
0,1,1.8654632982698458,0.4936720413751141,6574,2.2354298182896204,0.24452554744525548,1096,2.2373423104088146,0.2308,0.9926426691546412,0.08336581005290994,,,0.9029380469694852,,0.9029586027585274,0.09704139724147265,0,0.09918345331073768,5,0.001,0.1,0.9927226819440227,1.0,0.9957973728808958,0.991642645474604,0.9897769795213631,0.9841301307709541,0.9808810115943101,0.9797558513158292,0.9732103176913427,0.9712567380171867,0.9639761654050477,0.9643862693008035
0,2,1.9456488020512281,0.46570983918381464,5783,2.2359696665117816,0.24066390041493776,964,2.2373430926959736,0.2308,0.9964127752345656,0.08368243753337677,,,0.966634405683859,,0.9666541015455099,0.0333458984544901,0,0.09918722602004619,5,0.001,0.1,0.9869319954690626,0.9957973728808958,1.0,0.9951244565761901,0.9941843794964995,0.9903753250924111,0.9871915906751861,0.9861424089125609,0.9820965801627709,0.9796296528425509,0.9753343505961948,0.9739280816846374
0,3,1.985516810560801,0.4478532248912427,5287,2.2396332110677446,0.2122587968217934,881,2.237342967012058,0.2308,0.9974065081677628,0.08376589490784445,,,0.9834236333706505,,0.9834382037676033,0.01656179623239673,0,0.09918751479637633,5,0.001,0.1,0.9796274424983685,0.991642645474604,0.9951244565761901,1.0,0.9944985460454759,0.9946438818036525,0.9911020138847284,0.9905220942697773,0.989236143711293,0.983969050504307,0.9808431393293155,0.979992191597542
0,4,2.0194621267626363,0.4460790273556231,4935,2.246145881139315,0.2141119221411192,822,2.2373431048835046,0.2308,0.9977957548932446,0.08379858529038449,,,0.9899999997988287,,0.9900107286803723,0.00998927131962768,0,0.09918762327294309,5,0.001,0.1,0.9769396334401564,0.9897769795213631,0.9941843794964995,0.9944985460454759,1.0,0.9922694819912932,0.9929005236921741,0.993302736676434,0.9889036944219449,0.9891653869785361,0.9852254420116869,0.9851622646686717
0,5,2.0571400105136712,0.40994214698950077,4667,2.233831090927124,0.2326478149100257,778,2.2373427575388654,0.2308,0.9956337029003247,0.08361700815153374,,,0.9534718925305818,,0.9534945535032524,0.04650544649674759,0,0.09918680779543343,5,0.001,0.1,0.9672334088337214,0.9841301307709541,0.9903753250924111,0.9946438818036525,0.9922694819912932,1.0,0.992534039083208,0.9927821042526048,0.9924602728000409,0.9861746782178763,0.987511245844439,0.9861543459198474
0,6,2.070020501613617,0.45879182573545924,4453,2.230190763870875,0.25471698113207547,742,2.2373430873639286,0.2308,0.9951246228216484,0.08357425371989441,,,0.9448709283618605,,0.9448922782497753,0.055107721750224714,0,0.09918653777858887,5,0.001,0.1,0.9631428707463235,0.9808810115943101,0.9871915906751861,0.9911020138847284,0.9929005236921741,0.992534039083208,1.0,0.9958480057657444,0.9942724724080058,0.9921109837540566,0.986675810062037,0.9912152882994948
0,7,2.0801532419759834,0.4350245499181669,4277,2.2380889913310176,0.21458625525946703,713,2.237343084317046,0.2308,0.9951544693823688,0.08357676034467397,,,0.9453751893024643,,0.9454045485738587,0.054595451426141306,0,0.0991865386525233,5,0.001,0.1,0.9612291942655493,0.9797558513158292,0.9861424089125609,0.9905220942697773,0.993302736676434,0.9927821042526048,0.9958480057657444,1.0,0.9941135209456199,0.9944433054263658,0.9903854684488678,0.993460443599684
0,8,2.0955589905151952,0.43666747396464034,4129,2.234663031317971,0.20784883720930233,688,2.2373416279070675,0.2308,0.992220438809182,0.08333034958372812,,,0.8958044186379994,,0.8958158146547974,0.10418418534520257,0,0.09918189521497447,5,0.001,0.1,0.954663494764383,0.9732103176913427,0.9820965801627709,0.989236143711293,0.9889036944219449,0.9924602728000409,0.9942724724080058,0.9941135209456199,1.0,0.9913652836238692,0.9899958371481336,0.9927940549918405
0,9,2.1077406398833745,0.41149712571857033,4001,2.2343577998025075,0.24737631184407796,667,2.2373434865055755,0.2308,0.9903529349953167,0.0831735096925391,,,0.86425273539443,,0.864267695073506,0.13573230492649402,0,0.09917799314016115,5,0.001,0.1,0.9518534403639058,0.9712567380171867,0.9796296528425509,0.983969050504307,0.9891653869785361,0.9861746782178763,0.9921109837540566,0.9944433054263658,0.9913652836238692,1.0,0.989950971400845,0.9939641133590795
0,10,2.107576644029774,0.3756235536127539,3889,2.236454520906721,0.22993827160493827,648,2.237352638579786,0.2308,0.9864685794494201,0.0828472871185156,,,0.7986261193310032,,0.7986487662017572,0.20135123379824282,0,0.0991646843134426,5,0.001,0.1,0.9435884672812981,0.9639761654050477,0.9753343505961948,0.9808431393293155,0.9852254420116869,0.987511245844439,0.986675810062037,0.9903854684488678,0.9899958371481336,0.989950971400845,1.0,0.9906650337529879
0,11,2.1255508114309873,0.37061461355842784,3791,2.2417505383491516,0.22943037974683544,632,2.237350109667062,0.2308,0.9872281170713922,0.08291107590282738,,,0.8114585913624459,,0.8114700225205633,0.18852997747943667,0,0.0991668982011558,5,0.001,0.1,0.9437979074042675,0.9643862693008035,0.9739280816846374,0.979992191597542,0.9851622646686717,0.9861543459198474,0.9912152882994948,0.993460443599684,0.9927940549918405,0.9939641133590795,0.9906650337529879,1.0
1,0,1.4626428295202292,0.58872656440224,8214,2.1553938610609187,0.4163623082542001,1369,2.157801448346708,0.4187,0.9867849741235434,0.08243151368271912,,,0.7,,0.7000125651211567,0.2999874348788433,0.982443801631581,0.09953754177437744,5,0.001,0.1,1.0,0.9949059724998843,0.9920856831384406,0.9881072562612429,0.9868889041015693,0.9823125360869319,0.9812662023787548,0.9796733661785103,0.9766404932282825,0.9743790854533136,0.9689672184936878,0.9707411550197464
1,1,1.6168021585756136,0.5773653787648312,6574,2.1533618654523576,0.4142335766423358,1096,2.1576202860274636,0.4188,0.9949559736368528,0.08331469652700198,,,0.9014421552389222,,0.9014604536975286,0.09853954630247141,0.982761125590908,0.09960974049986406,5,0.001,0.1,0.9949059724998843,1.0,0.9975803148424078,0.9957274516170626,0.994062175772412,0.9921624638880778,0.9913249662351694,0.9900346601813084,0.9874587683610796,0.9862682779607748,0.9813570805776983,0.9826603538272881
1,2,1.6961302665057103,0.5485734048071935,5783,2.1549790674640286,0.4336099585062241,964,2.1576074632211997,0.419,0.9974500816531068,0.08358962336757961,,,0.9641492782967247,,0.9641652410086893,0.03583475899131072,0.9828183854243469,0.09961541988801767,5,0.001,0.1,0.9920856831384406,0.9975803148424078,1.0,0.9971756878186893,0.9967883143693677,0.9950150981685937,0.9945114220952729,0.9936843781822242,0.991521220521847,0.990251000382901,0.9871290689255828,0.9875866567803814
1,3,1.732947810443051,0.5589937582750142,5287,2.1601182988711765,0.41316685584562995,881,2.1576072575566108,0.419,0.9982900441923513,0.0836679870171985,,,0.9820229752030958,,0.9820367094847334,0.017963290515266572,0.9828231848768826,0.09961620773633231,5,0.001,0.1,0.9881072562612429,0.9957274516170626,0.9971756878186893,1.0,0.9968872707218343,0.9970186296462566,0.9960345054305338,0.9957022528600017,0.994557284296724,0.9925984406922884,0.9893007231062271,0.9902244911762099
1,4,1.7749779095188265,0.5335764944275583,4935,2.167909713891836,0.38564476885644766,822,2.1576063465386532,0.419,0.9987514948404409,0.0837029606861371,,,0.9899999997719134,,0.9900107286803723,0.00998927131962768,0.982828732180773,0.09961635470996791,5,0.001,0.1,0.9868889041015693,0.994062175772412,0.9967883143693677,0.9968872707218343,1.0,0.9968624302404894,0.9964467679988153,0.9966600435272319,0.9953523302975101,0.9942059137645285,0.991885354144636,0.9928253424004719
1,5,1.8183187994238448,0.5330619241482751,4667,2.1561148357391358,0.4370179948586118,778,2.1576072750761868,0.419,0.9981685322102163,0.08357267204929368,,,0.9602829100675832,,0.960299049883531,0.039700950116469014,0.9828145568478276,0.09961541836731024,5,0.001,0.1,0.9823125360869319,0.9921624638880778,0.9950150981685937,0.9970186296462566,0.9968624302404894,1.0,0.9964235558570655,0.9963864486183561,0.9958762049073066,0.9939341902156671,0.9928511927539766,0.9930210730807625
1,6,1.8349641466140747,0.5377049180327869,4453,2.1501693228880563,0.4474393530997305,742,2.157609385804246,0.419,0.9981830136228417,0.08354689644772077,,,0.9544038412348519,,0.9544224393732904,0.04557756062670959,0.9828107993114552,0.09961505151703853,5,0.001,0.1,0.9812662023787548,0.9913249662351694,0.9945114220952729,0.9960345054305338,0.9964467679988153,0.9964235558570655,1.0,0.9970800996480056,0.9962682644556708,0.9958249106027086,0.9922174485111687,0.9946443760809456
1,7,1.8503644770650722,0.5403320084171148,4277,2.158720006113467,0.39831697054698456,713,2.1576093705698325,0.419,0.9983434388151105,0.0835536177895346,,,0.9559368891080524,,0.9559544176066344,0.044045582393365645,0.9828107819776613,0.09961505244347389,5,0.001,0.1,0.9796733661785103,0.9900346601813084,0.9936843781822242,0.9957022528600017,0.9966600435272319,0.9963864486183561,0.9970800996480056,1.0,0.997007769562365,0.9973293162156294,0.9942438089946841,0.9961664155212189
1,8,1.8722159506724432,0.5427948655848874,4129,2.1541805267333984,0.41569767441860467,688,2.1576165231272055,0.4186,0.9972068138053092,0.08336564637187575,,,0.9130631311522351,,0.9130831907675356,0.08691680923246436,0.982760291561721,0.09961149066426511,5,0.001,0.1,0.9766404932282825,0.9874587683610796,0.991521220521847,0.994557284296724,0.9953523302975101,0.9958762049073066,0.9962682644556708,0.997007769562365,1.0,0.9958283874208371,0.9938753342712453,0.9959901036367045
1,9,1.8961510824778722,0.48907773056735815,4001,2.153945502780733,0.44377811094452774,667,2.157630765780854,0.4186,0.9965347794608496,0.08324766433404256,,,0.8861530115383316,,0.886174500536434,0.11382549946356602,0.9826930902628037,0.09960765756104084,5,0.001,0.1,0.9743790854533136,0.9862682779607748,0.990251000382901,0.9925984406922884,0.9942059137645285,0.9939341902156671,0.9958249106027086,0.9973293162156294,0.9958283874208371,1.0,0.9947747405799664,0.9969692866583371
1,10,1.8979933287276596,0.48840318848032915,3889,2.156305267697289,0.3950617283950617,648,2.1576631769966395,0.4186,0.993969626555679,0.08296455266073975,,,0.8215790379692196,,0.8216042760073844,0.1783957239926156,0.9826226366271404,0.09959574838185177,5,0.001,0.1,0.9689672184936878,0.9813570805776983,0.9871290689255828,0.9893007231062271,0.991885354144636,0.9928511927539766,0.9922174485111687,0.9942438089946841,0.9938753342712453,0.9947747405799664,1.0,0.9951135780938747
1,11,1.9217464388919479,0.48567660247955685,3791,2.16441787481308,0.4287974683544304,632,2.157654388263203,0.4186,0.9951601622611012,0.08304216906615663,,,0.8392822985004753,,0.8393017658827964,0.16069823411720363,0.9826278682757172,0.09959888106388216,5,0.001,0.1,0.9707411550197464,0.9826603538272881,0.9875866567803814,0.9902244911762099,0.9928253424004719,0.9930210730807625,0.9946443760809456,0.9961664155212189,0.9959901036367045,0.9969692866583371,0.9951135780938747,1.0
2,0,1.3160525407772583,0.632554175797419,8214,2.053996360579202,0.49159970781592405,1369,2.0578726682419215,0.4969,0.9892342036748057,0.08253317425419204,,,0.7,,0.7000125651211567,0.2999874348788433,0.994003752011171,0.09960206100371306,5,0.001,0.1,1.0,0.9953307051102206,0.9930723212962221,0.9895706505826732,0.9888863858341336,0.9848440734224642,0.9846309691362634,0.9835996914656919,0.9817352825877931,0.979465485937808,0.9750633158573621,0.9776659375372523
2,1,1.4452174511928002,0.6218436264070581,6574,2.050079461506435,0.5036496350364964,1096,2.0574753250176916,0.4972,0.9961091770086893,0.08329717753193684,,,0.9038950848556596,,0.903915485062004,0.09608451493799597,0.994255405228991,0.09968211994866316,5,0.001,0.1,0.9953307051102206,1.0,0.9975658205838945,0.9959934826611657,0.9950401604405317,0.9934261451488344,0.9929388785165425,0.992109803133682,0.9910842055050694,0.9893353623727894,0.9856592469461315,0.9875267143279804
2,2,1.5151386010054066,0.5995158222375929,5783,2.053234342605837,0.49896265560165975,964,2.0574431358434904,0.4971,0.9978764376585249,0.0835229626538101,,,0.9641519946419422,,0.9641700737475957,0.03582992625240433,0.9942776933714744,0.09968775026464398,5,0.001,0.1,0.9930723212962221,0.9975658205838945,1.0,0.9970797671373426,0.9971402783312087,0.995460064068488,0.9953244002255616,0.9947554398732079,0.9936611490067833,0.9919515620845063,0.9899223391541151,0.9911866913716021
2,3,1.5429105812526611,0.6177038017779459,5287,2.059962110860007,0.4858115777525539,881,2.0574409519902432,0.4971,0.9986038352503543,0.08359454302748273,,,0.9832551670878295,,0.9832690579058776,0.016730942094122403,0.9942849605688782,0.0996884248619564,5,0.001,0.1,0.9895706505826732,0.9959934826611657,0.9970797671373426,1.0,0.9971236811993911,0.9973863868563384,0.9965527182222871,0.9964880292160473,0.9961107562114055,0.9942730110663389,0.9917724808732316,0.9934337436220723
2,4,1.580445085110203,0.5931104356636272,4935,2.0696046902583194,0.4635036496350365,822,2.0574396875338814,0.4971,0.9987218557950368,0.08361981619310363,,,0.9899999997331228,,0.9900107286803723,0.00998927131962768,0.9942832849050198,0.09968844892811697,5,0.001,0.1,0.9888863858341336,0.9950401604405317,0.9971402783312087,0.9971236811993911,1.0,0.9966541770463345,0.9968855598937981,0.9967630272788446,0.9961730395270351,0.9946577570081202,0.9933632220575528,0.994511943060914
2,5,1.6204135746988533,0.5943004071137776,4667,2.058428339958191,0.5089974293059126,778,2.057442971692679,0.4971,0.9983795666676913,0.0835288101788228,,,0.965712565968521,,0.9657358811532848,0.03426411884671521,0.9942748032096347,0.0996880373309172,5,0.001,0.1,0.9848440734224642,0.9934261451488344,0.995460064068488,0.9973863868563384,0.9966541770463345,1.0,0.9970274746783598,0.9967348842189665,0.9966968195464123,0.9951937713099758,0.9945717260958212,0.9950816702312743
2,6,1.6350466126203538,0.5921850437907029,4453,2.0500214944283166,0.5215633423180593,742,2.0574456864652544,0.4971,0.9983241081533452,0.08351120194179412,,,0.9610133282980775,,0.9610384589362175,0.03896154106378247,0.9942812428498715,0.0996877489517354,5,0.001,0.1,0.9846309691362634,0.9929388785165425,0.9953244002255616,0.9965527182222871,0.9968855598937981,0.9970274746783598,1.0,0.9971787505693079,0.9972774076759398,0.9951790271837643,0.9937804025291175,0.9956364410215963
2,7,1.649779364422186,0.5974281038110826,4277,2.058969663537067,0.46143057503506313,713,2.057445633906526,0.4971,0.9985481570212136,0.08352256260141383,,,0.9640452297632311,,0.9640589207527475,0.03594107924725254,0.9942812729712108,0.09968775025364167,5,0.001,0.1,0.9835996914656919,0.992109803133682,0.9947554398732079,0.9964880292160473,0.9967630272788446,0.9967348842189665,0.9971787505693079,1.0,0.9975921379358237,0.997388441183007,0.9952507812971618,0.9972373236852357
2,8,1.669946449628243,0.60837975296682,4129,2.0531159314242275,0.5218023255813954,688,2.057464396991669,0.4971,0.9979439200285365,0.08338769963317688,,,0.928053373244333,,0.9280695141164303,0.07193048588356965,0.994249665180083,0.09968455386983076,5,0.001,0.1,0.9817352825877931,0.9910842055050694,0.9936611490067833,0.9961107562114055,0.9961730395270351,0.9966968195464123,0.9972774076759398,0.9975921379358237,1.0,0.995763246841192,0.9951320731424779,0.996632005008055
2,9,1.7027770632789248,0.5732066983254186,4001,2.053223201206752,0.5262368815592204,667,2.057495420733199,0.4972,0.9968769117387374,0.08328083915408895,,,0.8995347436964776,,0.8995563545683881,0.10044364543161188,0.9942435958905618,0.09968102575176124,5,0.001,0.1,0.979465485937808,0.9893353623727894,0.9919515620845063,0.9942730110663389,0.9946577570081202,0.9951937713099758,0.9951790271837643,0.997388441183007,0.995763246841192,1.0,0.99493211473505,0.9969650467384252
2,10,1.7039666465071381,0.5563898174337876,3889,2.0553597041538785,0.49074074074074076,648,2.0575578993501753,0.4972,0.9952514840096699,0.08305461224284506,,,0.8391599303830288,,0.8391761146712288,0.16082388532877123,0.994213283299609,0.09966970744368014,5,0.001,0.1,0.9750633158573621,0.9856592469461315,0.9899223391541151,0.9917724808732316,0.9933632220575528,0.9945717260958212,0.9937804025291175,0.9952507812971618,0.9951320731424779,0.99493211473505,1.0,0.996212170097282
2,11,1.725745795354122,0.5601160643629649,3791,2.067041093111038,0.5,632,2.0575376471010642,0.4972,0.9966249609278715,0.08314660058733306,,,0.8637095257204672,,0.8637215955770774,0.1362784044229226,0.9941942743576745,0.09967524980477677,5,0.001,0.1,0.9776659375372523,0.9875267143279804,0.9911866913716021,0.9934337436220723,0.994511943060914,0.9950816702312743,0.9956364410215963,0.9972373236852357,0.996632005008055,0.9969650467384252,0.996212170097282,1.0
3,0,1.2061478245583026,0.6597759922084246,8214,1.9338729132053465,0.5653761869978087,1369,1.939295366168403,0.5712,0.9898403668286734,0.08261109939468145,,,0.99,,0.9900107286803723,0.00998927131962768,0.9957880289758874,0.0997008593927997,5,0.001,0.1,1.0,0.9949566749586779,0.992755931512936,0.9897755874796709,0.9890141138033753,0.9855950700074336,0.9852607365681458,0.984515531572203,0.9827452907810406,0.9818091558767447,0.9767780249053488,0.9794065502498702
3,1,1.3146549906545473,0.6464861575905081,6574,1.9277653557913643,0.5748175182481752,1096,1.9388045259177114,0.5717,0.9960985451417126,0.08328201515975828,,,0.99,,0.9900107286803723,0.00998927131962768,0.996660077533757,0.0997008593927997,5,0.001,0.1,0.9949566749586779,1.0,0.9969850780013104,0.995638708872574,0.994767184433594,0.9933575716262767,0.9930050352052902,0.992260433098003,0.9910248307458502,0.9905576366976254,0.9865585344644674,0.9882808345209559
3,2,1.375325361997383,0.6335811862355178,5783,1.9326965424322313,0.5798755186721992,964,1.9387655924684324,0.5715,0.9977928415795552,0.08347527870319989,,,0.99,,0.9900107286803723,0.00998927131962768,0.996719082715651,0.0997008593927997,5,0.001,0.1,0.992755931512936,0.9969850780013104,1.0,0.9967210996655979,0.9967004605880677,0.9953071467712911,0.9953247398212371,0.9947956759597048,0.9938157800070332,0.9927844678713034,0.9906829435313096,0.9917564811963273
3,3,1.3946414624352053,0.6476640817098543,5287,1.940969011613301,0.5698070374574348,881,1.9387620995981625,0.5714,0.9985566280153022,0.08354386845390016,,,0.99,,0.9900107286803723,0.00998927131962768,0.9967252517929565,0.0997008593927997,5,0.001,0.1,0.9897755874796709,0.995638708872574,0.9967210996655979,1.0,0.9971073798943602,0.9971089159887586,0.9962609394797451,0.996445450438893,0.9960456181858944,0.9947175234106062,0.9929380424727633,0.9939774534818417
3,4,1.4269262824519988,0.625450861195542,4935,1.9528272564594562,0.5462287104622872,822,1.9387609082669877,0.5714,0.9986989591887938,0.08356397312949901,,,0.99,,0.9900107286803723,0.00998927131962768,0.9967251289438532,0.0997008593927997,5,0.001,0.1,0.9890141138033753,0.994767184433594,0.9967004605880677,0.9971073798943602,1.0,0.9966528280555744,0.9966817315173115,0.9969823908216373,0.9959465398223069,0.9957265178566208,0.9940483770287998,0.9948087697253697
3,5,1.46238706128238,0.6367259481465609,4667,1.9428729009628296,0.570694087403599,778,1.9387658027033456,0.5715,0.9983604591207281,0.08349719836339475,,,0.99,,0.9900107286803723,0.00998927131962768,0.9967223660610329,0.0997008593927997,5,0.001,0.1,0.9855950700074336,0.9933575716262767,0.9953071467712911,0.9971089159887586,0.9966528280555744,1.0,0.996883002000377,0.9966503300283813,0.9965765670949916,0.995685736741994,0.9952136062589841,0.9953340119245995
3,6,1.4712179157563618,0.6301369863013698,4453,1.9319931715726852,0.5822102425876011,742,1.9387682779147601,0.5715,0.9982178823199614,0.08348178907541064,,,0.99,,0.9900107286803723,0.00998927131962768,0.9967190815978757,0.0997008593927997,5,0.001,0.1,0.9852607365681458,0.9930050352052902,0.9953247398212371,0.9962609394797451,0.9966817315173115,0.996883002000377,1.0,0.9968430769413,0.9967244169107199,0.9960686369100595,0.9939588661693819,0.9956438194774769
3,7,1.4853320862819899,0.6323123684825812,4277,1.9407053356585295,0.5399719495091164,713,1.9387682447799097,0.5715,0.9984950121855353,0.0834977102187863,,,0.99,,0.9900107286803723,0.00998927131962768,0.9967190814763882,0.0997008593927997,5,0.001,0.1,0.984515531572203,0.992260433098003,0.9947956759597048,0.996445450438893,0.9969823908216373,0.9966503300283813,0.9968430769413,1.0,0.9975260698499386,0.9975641050645622,0.9954153785629727,0.9969726659150334
3,8,1.5006165332977588,0.633615887624122,4129,1.9334292899478565,0.5959302325581395,688,1.9387953818415682,0.5715,0.997946173807711,0.08339723114471914,,,0.99,,0.9900107286803723,0.00998927131962768,0.9966829806916936,0.0997008593927997,5,0.001,0.1,0.9827452907810406,0.9910248307458502,0.9938157800070332,0.9960456181858944,0.9959465398223069,0.9965765670949916,0.9967244169107199,0.9975260698499386,1.0,0.9965157224850777,0.9956379820166134,0.9968396577941572
3,9,1.5320597744177258,0.6061984503874032,4001,1.933573944228036,0.5982008995502249,667,1.9388294437061102,0.5718,0.9974494444777817,0.08331561772772532,,,0.99,,0.9900107286803723,0.00998927131962768,0.9966509887726641,0.0997008593927997,5,0.001,0.1,0.9818091558767447,0.9905576366976254,0.9927844678713034,0.9947175234106062,0.9957265178566208,0.995685736741994,0.9960686369100595,0.9975641050645622,0.9965157224850777,1.0,0.9952109748589449,0.9968195497623998
3,10,1.537892147361255,0.604834147595783,3889,1.936029967807588,0.5771604938271605,648,1.9389075474998059,0.5719,0.9957158309712384,0.08312081332859239,,,0.99,,0.9900107286803723,0.00998927131962768,0.9965306207589529,0.0997008593927997,5,0.001,0.1,0.9767780249053488,0.9865585344644674,0.9906829435313096,0.9929380424727633,0.9940483770287998,0.9952136062589841,0.9939588661693819,0.9954153785629727,0.9956379820166134,0.9952109748589449,1.0,0.9962650741879323
3,11,1.5550148726511401,0.6119229754682142,3791,1.9512033641338349,0.5664556962025317,632,1.9388836062373445,0.5719,0.9968350709069439,0.08321340530033276,,,0.99,,0.9900107286803723,0.00998927131962768,0.9965890593184097,0.0997008593927997,5,0.001,0.1,0.9794065502498702,0.9882808345209559,0.9917564811963273,0.9939774534818417,0.9948087697253697,0.9953340119245995,0.9956438194774769,0.9969726659150334,0.9968396577941572,0.9968195497623998,0.9962650741879323,1.0
4,0,1.120287484185705,0.676990504017531,8214,1.7987701781960421,0.6194302410518627,1369,1.8057975570995586,0.6105,0.9899143613820071,0.08266682019803964,,,0.99,,0.9900107286803723,0.00998927131962768,0.9982453200237004,0.09968351362431986,5,0.001,0.1,1.0,0.9944795256784152,0.9924048442303763,0.9892519183317058,0.9888120474541513,0.9855678726859672,0.9850408654938849,0.9844499637968288,0.9829162895612005,0.9820079445027768,0.977003215960098,0.9795171840384184
4,1,1.2134243350005844,0.6613933678125951,6574,1.790056906427656,0.6104014598540146,1096,1.8052286838951963,0.6106,0.9961259883061109,0.08327915345461455,,,0.99,,0.9900107286803723,0.00998927131962768,0.9982453200237004,0.09968351362431986,5,0.001,0.1,0.9944795256784152,1.0,0.9965607471822182,0.995279502987279,0.9943938943104477,0.9931693784035366,0.9924665721133468,0.9922459633120703,0.9911525197227339,0.9907038011954816,0.9869819689861312,0.9882291779589726
4,2,1.2671791029239887,0.6544699982707937,5783,1.796974366711032,0.6182572614107884,964,1.805183934708373,0.6105,0.9975041481927469,0.08344226232213053,,,0.99,,0.9900107286803723,0.00998927131962768,0.9982453200237004,0.09968351362431986,5,0.001,0.1,0.9924048442303763,0.9965607471822182,1.0,0.9959170798353514,0.9962384313139663,0.9947322872487524,0.9944542730452949,0.9942217734146235,0.9933132168441878,0.9923689082059972,0.9905230494500904,0.9913831018247774
4,3,1.280606224594346,0.6642708530357481,5287,1.8064551481178828,0.6140749148694665,881,1.8051793975190233,0.6105,0.9981741418770845,0.0835059921418021,,,0.99,,0.9900107286803723,0.00998927131962768,0.9982453200237004,0.09968351362431986,5,0.001,0.1,0.9892519183317058,0.995279502987279,0.9959170798353514,1.0,0.9964772577663806,0.9963607282549197,0.9957559351478112,0.9958740237285653,0.9949198081902232,0.9943369944509884,0.9924322870921234,0.99349283140796
4,4,1.3054626916300867,0.6459979736575481,4935,1.8210615011361928,0.5754257907542579,822,1.8051783890008164,0.6105,0.998424789403096,0.08352642485150982,,,0.99,,0.9900107286803723,0.00998927131962768,0.9982453200237004,0.09968351362431986,5,0.001,0.1,0.9888120474541513,0.9943938943104477,0.9962384313139663,0.9964772577663806,1.0,0.995982486864196,0.9959881250254494,0.996478521793249,0.9952150671588709,0.9952145589693112,0.9936605701199637,0.9946337742530192
4,5,1.336680344931067,0.6572101992714806,4667,1.813325662612915,0.6118251928020566,778,1.805184587883873,0.6105,0.9981384461451328,0.08347619984173126,,,0.99,,0.9900107286803723,0.00998927131962768,0.9982453200237004,0.09968351362431986,5,0.001,0.1,0.9855678726859672,0.9931693784035366,0.9947322872487524,0.9963607282549197,0.995982486864196,1.0,0.9965390726127945,0.9961910117985993,0.9959766502385131,0.9950766867348999,0.9951281402218158,0.9949255189102975
4,6,1.3419154517991203,0.6519649674376825,4453,1.7998741418123245,0.6118598382749326,742,1.805186755360125,0.6105,0.997937146301458,0.08346024230510254,,,0.99,,0.9900107286803723,0.00998927131962768,0.9982453200237004,0.09968351362431986,5,0.001,0.1,0.9850408654938849,0.9924665721133468,0.9944542730452949,0.9957559351478112,0.9959881250254494,0.9965390726127945,1.0,0.9962531807320765,0.9961148415668323,0.9954494293817533,0.9941195392314243,0.9950551372019542
4,7,1.3528329700676363,0.656207622165069,4277,1.807718945586163,0.5722300140252454,713,1.8051867203209728,0.6105,0.9983139071316017,0.08348218093432476,,,0.99,,0.9900107286803723,0.00998927131962768,0.9982453200237004,0.09968351362431986,5,0.001,0.1,0.9844499637968288,0.9922459633120703,0.9942217734146235,0.9958740237285653,0.996478521793249,0.9961910117985993,0.9962531807320765,1.0,0.9971123056752479,0.9970673520101504,0.9951207776106242,0.9967269088559237
4,8,1.3672907401965215,0.6537660450472269,4129,1.7992689284411343,0.6409883720930233,688,1.805221774707587,0.6105,0.9976841065361853,0.08340018016561439,,,0.99,,0.9900107286803723,0.00998927131962768,0.9982453200237004,0.09968351362431986,5,0.001,0.1,0.9829162895612005,0.9911525197227339,0.9933132168441878,0.9949198081902232,0.9952150671588709,0.9959766502385131,0.9961148415668323,0.9971123056752479,1.0,0.9958782595472406,0.9955178474702859,0.9960887689498288
4,9,1.3999163697636317,0.6335416145963509,4001,1.7988072576976957,0.6191904047976012,667,1.8052578170459492,0.6105,0.9972818231342575,0.08333710471778967,,,0.99,,0.9900107286803723,0.00998927131962768,0.9982453200237004,0.09968351362431986,5,0.001,0.1,0.9820079445027768,0.9907038011954816,0.9923689082059972,0.9943369944509884,0.9952145589693112,0.9950766867348999,0.9954494293817533,0.9970673520101504,0.9958782595472406,1.0,0.9948477993044773,0.9964425322686713
4,10,1.4030405610311227,0.6307019799434301,3889,1.8013507354827154,0.6265432098765432,648,1.805348611106507,0.6105,0.995755120269509,0.08316825269504155,,,0.99,,0.9900107286803723,0.00998927131962768,0.9982453200237004,0.09968351362431986,5,0.001,0.1,0.977003215960098,0.9869819689861312,0.9905230494500904,0.9924322870921234,0.9936605701199637,0.9951281402218158,0.9941195392314243,0.9951207776106242,0.9955178474702859,0.9948477993044773,1.0,0.9957806835046458
4,11,1.4145820116796413,0.6371933526773939,3791,1.8203039407730102,0.6012658227848101,632,1.8053215795431654,0.6105,0.996687508234936,0.08325518637229921,,,0.99,,0.9900107286803723,0.00998927131962768,0.9982453200237004,0.09968351362431986,5,0.001,0.1,0.9795171840384184,0.9882291779589726,0.9913831018247774,0.99349283140796,0.9946337742530192,0.9949255189102975,0.9950551372019542,0.9967269088559237,0.9960887689498288,0.9964425322686713,0.9957806835046458,1.0
5,0,1.0515302532609798,0.6865838811784758,8214,1.6544632218604864,0.6398831263696129,1369,1.6630310585704475,0.6329,0.9898051573441345,0.08270626691338388,,,0.99,,0.9900107286803723,0.00998927131962768,0.9984428785428964,0.09965602774987926,5,0.001,0.1,1.0,0.9936610154568417,0.9921892897896165,0.988810033162435,0.9884069420532786,0.9852186488158299,0.9844666440599064,0.984110175772843,0.9823324869317396,0.981909899748253,0.9762895643700249,0.9794969163452901
5,1,1.1319022661852605,0.6756921204745969,6574,1.6429674523217337,0.6368613138686131,1096,1.662408451683605,0.6328,0.9958439236102048,0.08327712822615885,,,0.99,,0.9900107286803723,0.00998927131962768,0.9984428785428964,0.09965602774987926,5,0.001,0.1,0.9936610154568417,1.0,0.995956887342598,0.9946924507010014,0.9937205399581205,0.9925856519511408,0.9917163607951894,0.9917201800349051,0.990417267136251,0.9904948314107939,0.9862793144974143,0.9877704802186457
5,2,1.178135361592414,0.6691682517724364,5783,1.6518755843562465,0.6441908713692946,964,1.6623591237936537,0.633,0.9973714561321275,0.08342657273793452,,,0.99,,0.9900107286803723,0.00998927131962768,0.9984428785428964,0.09965602774987926,5,0.001,0.1,0.9921892897896165,0.995956887342598,1.0,0.9957575015389378,0.9954803522421002,0.9945109208186805,0.9940338787358474,0.9937827363445952,0.9926861541306504,0.9918864788971479,0.9900088003546483,0.9909613380717934
5,3,1.18592345635575,0.6745602421032721,5287,1.6621589745794023,0.6401816118047673,881,1.662353466494015,0.633,0.9979973614430606,0.08348590257365425,,,0.99,,0.9900107286803723,0.00998927131962768,0.9984428785428964,0.09965602774987926,5,0.001,0.1,0.988810033162435,0.9946924507010014,0.9957575015389378,1.0,0.9959220991209278,0.995889031175655,0.9952634041373191,0.9953841932298817,0.9946627407485662,0.99384842758339,0.9915423537496275,0.9929311311794167
5,4,1.2066359678391487,0.660547112462006,4935,1.6797027542040899,0.5997566909975669,822,1.6623526990604096,0.633,0.9980949869692001,0.08350159598858684,,,0.99,,0.9900107286803723,0.00998927131962768,0.9984428785428964,0.09965602774987926,5,0.001,0.1,0.9884069420532786,0.9937205399581205,0.9954803522421002,0.9959220991209278,1.0,0.9955229695646736,0.9954365106243442,0.9957575838483474,0.9947100357426643,0.994089898355204,0.9927806454362457,0.9940419160872317
5,5,1.2340197058573161,0.6720377115920292,4667,1.675137333869934,0.6388174807197944,778,1.6623602084839306,0.633,0.9978850628143879,0.0834639910164078,,,0.99,,0.9900107286803723,0.00998927131962768,0.9984428785428964,0.09965602774987926,5,0.001,0.1,0.9852186488158299,0.9925856519511408,0.9945109208186805,0.995889031175655,0.9955229695646736,1.0,0.9959291031163704,0.9954222607606367,0.9949589821052777,0.9945389402540415,0.9942900913423353,0.9944732860474558
5,6,1.2336626720428467,0.6697507298450482,4453,1.658965011437734,0.6226415094339622,742,1.6623619044550693,0.633,0.9977295835796605,0.08344917537153226,,,0.99,,0.9900107286803723,0.00998927131962768,0.9984428785428964,0.09965602774987926,5,0.001,0.1,0.9844666440599064,0.9917163607951894,0.9940338787358474,0.9952634041373191,0.9954365106243442,0.9959291031163704,1.0,0.9958121169383368,0.9956286245175698,0.9948459644940495,0.9931264694227451,0.9952149389406031
5,7,1.244611743759753,0.6703296703296703,4277,1.6654453899549402,0.5890603085553997,713,1.662361869415917,0.633,0.9979928808418693,0.08347114438887968,,,0.99,,0.9900107286803723,0.00998927131962768,0.9984428785428964,0.09965602774987926,5,0.001,0.1,0.984110175772843,0.9917201800349051,0.9937827363445952,0.9953841932298817,0.9957575838483474,0.9954222607606367,0.9958121169383368,1.0,0.9967244462301138,0.9959864008101814,0.9940357768438811,0.995884595390432
5,8,1.2559712845545548,0.6660692661661419,4129,1.6563320376656272,0.6598837209302325,688,1.6624032986430695,0.6331,0.9974167016124263,0.08340220748349891,,,0.99,,0.9900107286803723,0.00998927131962768,0.9984428785428964,0.09965602774987926,5,0.001,0.1,0.9823324869317396,0.990417267136251,0.9926861541306504,0.9946627407485662,0.9947100357426643,0.9949589821052777,0.9956286245175698,0.9967244462301138,1.0,0.9948951856045941,0.9948850216799073,0.9958254148081865
5,9,1.2905347936683231,0.6521369657585604,4001,1.6549612737837291,0.6461769115442278,667,1.6624408297645399,0.6331,0.9968343728507378,0.08334468682247578,,,0.99,,0.9900107286803723,0.00998927131962768,0.9984428785428964,0.09965602774987926,5,0.001,0.1,0.981909899748253,0.9904948314107939,0.9918864788971479,0.99384842758339,0.994089898355204,0.9945389402540415,0.9948459644940495,0.9959864008101814,0.9948951856045941,1.0,0.9931875550728367,0.9950827416895868
5,10,1.2906102028049407,0.6499871432244793,3889,1.6564547504697527,0.6435185185185185,648,1.6625413384300451,0.633,0.9952038630617558,0.08318839132767133,,,0.99,,0.9900107286803723,0.00998927131962768,0.9984428785428964,0.09965602774987926,5,0.001,0.1,0.9762895643700249,0.9862793144974143,0.9900088003546483,0.9915423537496275,0.9927806454362457,0.9942900913423353,0.9931264694227451,0.9940357768438811,0.9948850216799073,0.9931875550728367,1.0,0.9948245821063453
5,11,1.2977076340122382,0.6596148773410709,3791,1.6805507838726044,0.6281645569620253,632,1.6625119051613366,0.633,0.9964791346346272,0.08328293714981601,,,0.99,,0.9900107286803723,0.00998927131962768,0.9984428785428964,0.09965602774987926,5,0.001,0.1,0.9794969163452901,0.9877704802186457,0.9909613380717934,0.9929311311794167,0.9940419160872317,0.9944732860474558,0.9952149389406031,0.995884595390432,0.9958254148081865,0.9950827416895868,0.9948245821063453,1.0
6,0,0.9936304534455681,0.696445093742391,8214,1.5078026333520578,0.6574141709276844,1369,1.5175375770836974,0.6492,0.9893654148949819,0.08272883059333887,,,0.99,,0.9900107286803723,0.00998927131962768,0.9983901477527344,0.09961675807998399,5,0.001,0.1,1.0,0.9924817557357726,0.9913065398072886,0.9878816760061645,0.9877800182982623,0.984209970890209,0.9829388180660708,0.983164299914435,0.9806308807836469,0.9819605465431622,0.9760979470710855,0.9785341860406075
6,1,1.064042866519354,0.6836020687557043,6574,1.4934178590774536,0.656934306569343,1096,1.5168980603781752,0.6492,0.9955469552609802,0.08327893494659823,,,0.99,,0.9900107286803723,0.00998927131962768,0.9983901477527344,0.09961675807998399,5,0.001,0.1,0.9924817557357726,1.0,0.9950391031555847,0.9939468041079402,0.9930817719157954,0.9916250081893644,0.9905777992517212,0.9911440954947032,0.9892903841958677,0.9901159452302131,0.9863097991733644,0.9871702220937371
6,2,1.104347562789917,0.681307279958499,5783,1.5039147638505506,0.6607883817427386,964,1.5168477270168998,0.6492,0.9968911011299496,0.08341409026404227,,,0.99,,0.9900107286803723,0.00998927131962768,0.9983901477527344,0.09961675807998399,5,0.001,0.1,0.9913065398072886,0.9950391031555847,1.0,0.994953146294954,0.9946702654918557,0.9933461670555079,0.9927755974418304,0.992974255300546,0.9910782971680793,0.9912549753894746,0.9894762633121361,0.9899500123240814
6,3,1.107805826003293,0.6860223188954038,5287,1.5144033346857344,0.6572077185017026,881,1.516841466815327,0.6493,0.9976381725404408,0.08347464272975412,,,0.99,,0.9900107286803723,0.00998927131962768,0.9983901477527344,0.09961675807998399,5,0.001,0.1,0.9878816760061645,0.9939468041079402,0.994953146294954,1.0,0.9950297233082304,0.9945390744085967,0.9941164908895208,0.9944068250882462,0.993643716962268,0.9934060500700892,0.9916732331613721,0.9921241811874368
6,4,1.12295983229914,0.6697872340425531,4935,1.5349921125632067,0.6155717761557178,822,1.5168410276833433,0.6493,0.9978223876322508,0.08349022684422364,,,0.99,,0.9900107286803723,0.00998927131962768,0.9983901477527344,0.09961675807998399,5,0.001,0.1,0.9877800182982623,0.9930817719157954,0.9946702654918557,0.9950297233082304,1.0,0.994519286660602,0.9946754361050261,0.9951145678380393,0.993834331379879,0.9936794755381183,0.9925226464917741,0.9930134452990483
6,5,1.1489429809459268,0.6800085708163702,4667,1.5345366382598877,0.6478149100257069,778,1.516849222274634,0.6492,0.9972415451797073,0.08344837962532732,,,0.99,,0.9900107286803723,0.00998927131962768,0.9983901477527344,0.09961675807998399,5,0.001,0.1,0.984209970890209,0.9916250081893644,0.9933461670555079,0.9945390744085967,0.994519286660602,1.0,0.9946992844533349,0.9937946143309208,0.9933370808956535,0.9939356503877594,0.9936526336886856,0.9933004662575484
6,6,1.145238281743867,0.6790927464630586,4453,1.5159839938084285,0.6415094339622641,742,1.516850206036918,0.6492,0.9972092795266819,0.0834382431853386,,,0.99,,0.9900107286803723,0.00998927131962768,0.9983901477527344,0.09961675807998399,5,0.001,0.1,0.9829388180660708,0.9905777992517212,0.9927755974418304,0.9941164908895208,0.9946754361050261,0.9946992844533349,1.0,0.9946961216605159,0.9944610649615814,0.994320658334983,0.9927493821636623,0.9945513594605582
6,7,1.1539986904877335,0.6805704933364508,4277,1.5209851264953613,0.603085553997195,713,1.5168501816618556,0.6492,0.9975620671580999,0.08346312527116483,,,0.99,,0.9900107286803723,0.00998927131962768,0.9983901477527344,0.09961675807998399,5,0.001,0.1,0.983164299914435,0.9911440954947032,0.992974255300546,0.9944068250882462,0.9951145678380393,0.9937946143309208,0.9946961216605159,1.0,0.9957820835567699,0.995204304736661,0.993843836292862,0.9946554530712386
6,8,1.1655127384112431,0.6742552676192782,4129,1.5110712918368252,0.6686046511627907,688,1.5168930501602709,0.6492,0.9967210015300352,0.08339363926069103,,,0.99,,0.9900107286803723,0.00998927131962768,0.9983901477527344,0.09961675807998399,5,0.001,0.1,0.9806308807836469,0.9892903841958677,0.9910782971680793,0.993643716962268,0.993834331379879,0.9933370808956535,0.9944610649615814,0.9957820835567699,1.0,0.9941020885172815,0.9938868544849147,0.9946701152961562
6,9,1.2010902766079183,0.6637340664833792,4001,1.5082971879414149,0.6686656671664168,667,1.51693025374184,0.649,0.996691312537093,0.08335737308539479,,,0.99,,0.9900107286803723,0.00998927131962768,0.9983901477527344,0.09961675807998399,5,0.001,0.1,0.9819605465431622,0.9901159452302131,0.9912549753894746,0.9934060500700892,0.9936794755381183,0.9939356503877594,0.994320658334983,0.995204304736661,0.9941020885172815,1.0,0.992441200795319,0.9939535458527112
6,10,1.1969912015023778,0.6634096168680895,3889,1.5080766848155431,0.6604938271604939,648,1.5170354892651494,0.6491,0.9952453544941016,0.08321472338305684,,,0.99,,0.9900107286803723,0.00998927131962768,0.9983901477527344,0.09961675807998399,5,0.001,0.1,0.9760979470710855,0.9863097991733644,0.9894762633121361,0.9916732331613721,0.9925226464917741,0.9936526336886856,0.9927493821636623,0.993843836292862,0.9938868544849147,0.992441200795319,1.0,0.9944159625961033
6,11,1.199499482267043,0.6733843313109997,3791,1.5379605650901795,0.6424050632911392,632,1.517005589442512,0.649,0.996020249288826,0.08329779081106939,,,0.99,,0.9900107286803723,0.00998927131962768,0.9983901477527344,0.09961675807998399,5,0.001,0.1,0.9785341860406075,0.9871702220937371,0.9899500123240814,0.9921241811874368,0.9930134452990483,0.9933004662575484,0.9945513594605582,0.9946554530712386,0.9946701152961562,0.9939535458527112,0.9944159625961033,1.0
