round,client_id,client_i_training_loss,client_i_training_accuracy,client_i_training_dataset_size,client_i_evaluation_loss,client_i_evaluation_accuracy,client_i_evaluation_dataset_size,client_i_central_evaluation_loss,client_i_central_evaluation_accuracy,client_i_cosine_similarity,client_i_importance_coefficient,client_i_tanh_val,tanh_normalization_value,client_i_q,client_i_mask_order,client_i_v_nonzero_fraction,client_i_v_sparsity,client_i_v_cosine_similarity,client_i_reward_gradient_norm,local_epochs,learning_rate,gamma,client_0_cosine_similarity,client_1_cosine_similarity,client_2_cosine_similarity,client_3_cosine_similarity,client_4_cosine_similarity,client_5_cosine_similarity,client_6_cosine_similarity,client_7_cosine_similarity,client_8_cosine_similarity,client_9_cosine_similarity,client_10_cosine_similarity,client_11_cosine_similarity
0,0,0.2783835868688177,0.9144631117604091,8214,2.187469759652781,0.44704163623082543,1369,2.189432474751823,0.4501,0.8040485888420824,0.0851678229290719,,,0.9899999998664685,,0.9900005019828322,0.009999498017167818,0,0.3940740490428758,5,0.1,0.5,1.0,0.5812874861151492,0.5779117128311926,0.5695726415775443,0.560155248782612,0.5837878548353886,0.5835518423492486,0.5826963182824887,0.5694254116559802,0.5751268068306941,0.5759604565485157,0.5702940394419088
0,1,0.30694844452483416,0.9053240036507454,6574,2.1902085712977817,0.458029197080292,1096,2.189438164043731,0.4504,0.791283176362029,0.08381566286709922,,,0.8094440760558637,,0.8094523367300839,0.19054766326991612,0,0.3938836105468183,5,0.1,0.5,0.5812874861151492,1.0,0.5742008446404728,0.5715753898191422,0.5653762177296751,0.5780874914299492,0.5772158380777562,0.573412811849209,0.575244619501681,0.5893413364603343,0.5835505701693643,0.5840734377177091
0,2,0.3175017891914805,0.8998097873076258,5783,2.1850125635823896,0.4782157676348548,964,2.1894870946963376,0.4503,0.7902224363723613,0.0837033053343985,,,0.7944408092944842,,0.7944480698760102,0.20555193012398976,0,0.3938289042649339,5,0.1,0.5,0.5779117128311926,0.5742008446404728,1.0,0.5746489859017713,0.5710418960870759,0.5900348938218113,0.5805989975845239,0.5878076415611883,0.5928019040962365,0.5885357700974655,0.5927660069885201,0.5926896512254188
0,3,0.30325197715912555,0.9033100056742954,5287,2.18689170054027,0.4517593643586833,881,2.1896163556522454,0.4497,0.7872198464990763,0.08338525982545128,,,0.7519717242380883,,0.7519853421013001,0.24801465789869992,0,0.39362245575272503,5,0.1,0.5,0.5695726415775443,0.5715753898191422,0.5746489859017713,1.0,0.5875939208776567,0.5863566730672961,0.5874491980491711,0.5881834744290605,0.5886742219658988,0.5947747855052631,0.5948493654669628,0.603792564014778
0,4,0.3486768470632453,0.8896859169199595,4935,2.1890342969160814,0.4562043795620438,822,2.1909249476350534,0.4451,0.7764753541320515,0.08224716315309054,,,0.6,,0.6,0.4,0,0.39176133945087793,5,0.1,0.5,0.560155248782612,0.5653762177296751,0.5710418960870759,0.5875939208776567,1.0,0.5808406493704571,0.5822756223612252,0.5886983834189811,0.5899062206156115,0.5902112517681221,0.5818705529513349,0.5737912017373584
0,5,0.33255800622426074,0.8948789372187701,4667,2.19118218421936,0.4588688946015424,778,2.1894264076464474,0.4504,0.792280863842096,0.08392134164300911,,,0.8235555185900757,,0.823573113799508,0.17642688620049196,0,0.3939261807740448,5,0.1,0.5,0.5837878548353886,0.5780874914299492,0.5900348938218113,0.5863566730672961,0.5808406493704571,1.0,0.6061991831149652,0.6042132572384565,0.597523167853915,0.5923994093337486,0.6172572180226933,0.6075737823097975
0,6,0.360935498720168,0.8873568380866831,4453,2.190681835015615,0.42587601078167114,742,2.1896774974493933,0.4488,0.7853404805089708,0.08318619037606051,,,0.7253896875783299,,0.725410370965313,0.274589629034687,0,0.39344268699522594,5,0.1,0.5,0.5835518423492486,0.5772158380777562,0.5805989975845239,0.5874491980491711,0.5822756223612252,0.6061991831149652,1.0,0.6023196967723803,0.5918799711681135,0.5943156507454626,0.5890058225309978,0.5914966400760665
0,7,0.35965229702362816,0.8902969371054478,4277,2.193021235258683,0.44600280504908835,713,2.189803796073499,0.4491,0.7844739478767344,0.08309440401039964,,,0.7131333190379524,,0.713151950203303,0.286848049796697,0,0.3933438143253771,5,0.1,0.5,0.5826963182824887,0.573412811849209,0.5878076415611883,0.5881834744290605,0.5886983834189811,0.6042132572384565,0.6023196967723803,1.0,0.5863002482395092,0.587362660424375,0.5976855814470038,0.5941732377013368
0,8,0.36969263606590597,0.8845725357229354,4129,2.1939623139121314,0.4171511627906977,688,2.190162464452628,0.4487,0.7807387423885902,0.08269875712533253,,,0.6603020079786245,,0.6603232769439286,0.33967672305607144,0,0.3927763680722249,5,0.1,0.5,0.5694254116559802,0.575244619501681,0.5928019040962365,0.5886742219658988,0.5899062206156115,0.597523167853915,0.5918799711681135,0.5863002482395092,1.0,0.5965070299012183,0.596354938203592,0.5916463573754035
0,9,0.3799156822057234,0.8790802299425143,4001,2.190876847221738,0.4512743628185907,667,2.189867210845216,0.4492,0.7835725455987472,0.08299892412191424,,,0.7003837489569794,,0.7004066060940716,0.29959339390592843,0,0.39322758598486557,5,0.1,0.5,0.5751268068306941,0.5893413364603343,0.5885357700974655,0.5947747855052631,0.5902112517681221,0.5923994093337486,0.5943156507454626,0.587362660424375,0.5965070299012183,1.0,0.5974591389431251,0.60253845977227
0,10,0.3916829548180714,0.8783749035741836,3889,2.186618827638172,0.47530864197530864,648,2.1898459268454165,0.4491,0.7838618442150329,0.08302956770946276,,,0.7044756323177572,,0.704487726519753,0.295512273480247,0,0.393265234812456,5,0.1,0.5,0.5759604565485157,0.5835505701693643,0.5927660069885201,0.5948493654669628,0.5818705529513349,0.6172572180226933,0.5890058225309978,0.5976855814470038,0.596354938203592,0.5974591389431251,1.0,0.5947304064312292
0,11,0.37749050032316134,0.8825112107623319,3791,2.196497213840485,0.4161392405063291,632,2.190093344392868,0.4493,0.7812376275869688,0.0827516009047099,,,0.6673583156388316,,0.6673711159078359,0.33262888409216407,0,0.39286564747150676,5,0.1,0.5,0.5702940394419088,0.5840734377177091,0.5926896512254188,0.603792564014778,0.5737912017373584,0.6075737823097975,0.5914966400760665,0.5941732377013368,0.5916463573754035,0.60253845977227,0.5947304064312292,1.0
1,0,0.25446614924861766,0.9214511809106404,8214,2.0183144197907557,0.7260774287801315,1369,2.022353292654117,0.7176,0.7977152798120679,0.08468985963469199,,,0.9899999999450388,,0.9900005019828322,0.009999498017167818,0.9565782031856649,0.3969809115653929,5,0.1,0.5,1.0,0.6239875659274152,0.6103053594099125,0.6140193108018339,0.6044819306662101,0.6189198625540187,0.6065402452703788,0.6199538734369501,0.45438256229395063,0.6109656318957396,0.610406463781521,0.616385640845867
1,1,0.2787446789696668,0.9158807423182233,6574,2.0240864174706594,0.7116788321167883,1096,2.0223784789490624,0.7183,0.8003143911009064,0.08388036870732317,,,0.9455095080518376,,0.9455298428793735,0.05447015712062653,0.9562254244015848,0.3969775646929117,5,0.1,0.5,0.6239875659274152,1.0,0.6164201418295124,0.6192328606244348,0.6120037555946649,0.6242205334739631,0.6051022486510824,0.6152178201366661,0.45783119577476106,0.6122506902706236,0.6214777360616554,0.6135341881309246
1,2,0.2786998415592214,0.9147501296904721,5783,2.0164715051651,0.7178423236514523,964,2.0224442565783907,0.7184,0.806351710115384,0.08401717231445226,,,0.9530283814179924,,0.953044525877215,0.046955474122785,0.9560940351911381,0.3969787824178354,5,0.1,0.5,0.6103053594099125,0.6164201418295124,1.0,0.6287470439147245,0.619076107394727,0.6259399022215786,0.6220850026578113,0.6201815062902338,0.4669215781840798,0.6203699160478343,0.6211074600792384,0.6287892148523576
1,3,0.26663725211296274,0.9183279742765273,5287,2.0189510711601804,0.7014755959137344,881,2.022630667153258,0.718,0.8146678680854619,0.08409686293842944,,,0.9574082638109246,,0.9574218161738869,0.042578183826113114,0.9555916487658923,0.39697931213619253,5,0.1,0.5,0.6140193108018339,0.6192328606244348,0.6287470439147245,1.0,0.6249248477550325,0.6376478209292502,0.6215426999307231,0.6328827668426573,0.4807686737517342,0.6310612491711431,0.6336172221822254,0.636325778068328
1,4,0.311200349056913,0.9048834853090172,4935,2.0210800079198985,0.718978102189781,822,2.0244537138710386,0.7152,0.8013029321435711,0.0828703264726356,,,0.8899965006359016,,0.8900005019828322,0.1099994980171678,0.9504061417851202,0.39695159830832905,5,0.1,0.5,0.6044819306662101,0.6120037555946649,0.619076107394727,0.6249248477550325,1.0,0.6211641656440816,0.6137038204932127,0.6267295529557493,0.46598522133133835,0.6197080428892322,0.613097004555915,0.617699901805636
1,5,0.2925747282828574,0.9109492179130062,4667,2.0241428995132447,0.7467866323907455,778,2.022351856810597,0.7184,0.8136030929250233,0.08441659317270221,,,0.9749809813238449,,0.9749912153004368,0.025008784699563247,0.956297049088344,0.3969805970810145,5,0.1,0.5,0.6189198625540187,0.6242205334739631,0.6259399022215786,0.6376478209292502,0.6211641656440816,1.0,0.6209040351171338,0.6309133514007916,0.4620974185120013,0.6345633400829058,0.6345668790990029,0.6370576274398811
1,6,0.3194352265513901,0.9010105546822367,4453,2.0215952495733895,0.7223719676549866,742,2.022728442003171,0.718,0.8050893926943495,0.08362849834828685,,,0.9316664422582943,,0.9316851563676523,0.06831484363234774,0.9552165129040018,0.39697431635103875,5,0.1,0.5,0.6065402452703788,0.6051022486510824,0.6220850026578113,0.6215426999307231,0.6137038204932127,0.6209040351171338,1.0,0.6269370089001277,0.4623002890693447,0.6272379294957572,0.6334724575715275,0.630623832157779
1,7,0.3154025273397565,0.9025952770633622,4277,2.03104349322941,0.7166900420757363,713,2.022902686755878,0.7178,0.8111294468175055,0.0837790992142763,,,0.9399436278089606,,0.9399528136137744,0.06004718638622564,0.9549803842976409,0.39697639610671187,5,0.1,0.5,0.6199538734369501,0.6152178201366661,0.6201815062902338,0.6328827668426573,0.6267295529557493,0.6309133514007916,0.6269370089001277,1.0,0.46475652556480784,0.6241022979579174,0.6323441730257525,0.6341618659381332
1,8,0.40489561011777436,0.8869459917655607,4129,2.0286801674149255,0.7151162790697675,688,2.025110587144431,0.718,0.6422055681744967,0.07759392861223478,,,0.6,,0.6,0.4,0.951784114504344,0.39460435745574046,5,0.1,0.5,0.45438256229395063,0.45783119577476106,0.4669215781840798,0.4807686737517342,0.46598522133133835,0.4620974185120013,0.4623002890693447,0.46475652556480784,1.0,0.4643713669459046,0.4740949273034199,0.46955218992874104
1,9,0.33582852624577564,0.8964258935266184,4001,2.022602609225682,0.7151424287856072,667,2.0229966754730517,0.7177,0.8091887008275753,0.08364747192059144,,,0.9327092501962979,,0.9327242608302796,0.0672757391697204,0.9546707767237925,0.39697460831369835,5,0.1,0.5,0.6109656318957396,0.6122506902706236,0.6203699160478343,0.6310612491711431,0.6197080428892322,0.6345633400829058,0.6272379294957572,0.6241022979579174,0.4643713669459046,1.0,0.6351478341873962,0.6304223676257961
1,10,0.34294594203228834,0.8964772435073284,3889,2.0215780905314853,0.7253086419753086,648,2.0229612783121227,0.7178,0.8122416380973086,0.08377490316829633,,,0.9397130086094816,,0.9397219015109683,0.06027809848903165,0.9547856260812481,0.3969763666969036,5,0.1,0.5,0.610406463781521,0.6214777360616554,0.6211074600792384,0.6336172221822254,0.613097004555915,0.6345668790990029,0.6334724575715275,0.6323441730257525,0.4740949273034199,0.6351478341873962,1.0,0.6297934660503987
1,11,0.330300379932678,0.8977050910050118,3791,2.0344024538993835,0.6835443037974683,632,2.0233088194752655,0.7174,0.8126738567967373,0.08360491549607975,,,0.9303703033400372,,0.9303900406606094,0.06960995933939063,0.953712663275264,0.3969739121961192,5,0.1,0.5,0.616385640845867,0.6135341881309246,0.6287892148523576,0.636325778068328,0.617699901805636,0.6370576274398811,0.630623832157779,0.6341618659381332,0.46955218992874104,0.6304223676257961,0.6297934660503987,1.0
2,0,0.23465248001739383,0.9268078889700512,8214,1.8069103623545446,0.870708546384222,1369,1.8140324430343824,0.8495,0.7964708496264483,0.08377554205442929,,,0.9531292776773941,,0.9531449224436525,0.046855077556347546,0.9660542155097935,0.4047873639271631,5,0.1,0.5,1.0,0.6188645940161535,0.6195230728535301,0.6116353495727734,0.6119349875807303,0.6138145777385947,0.6126766979352611,0.6064788430082755,0.6021930456923188,0.6058871801789348,0.6157491283902516,0.611832897245829
2,1,0.2506884887507095,0.924186188013386,6574,1.816375711985997,0.833941605839416,1096,1.8140745859938308,0.8497,0.8043804026731765,0.08351536834901922,,,0.9326094257728186,,0.932628884092164,0.06737111590783595,0.9660432102905581,0.4047823885213304,5,0.1,0.5,0.6188645940161535,1.0,0.6170139454412444,0.6217811463626443,0.6235813644626678,0.622056415714366,0.618321775553795,0.61702405556261,0.6084772287537616,0.618790802555229,0.631168975981406,0.6141570112574402
2,2,0.25762725660927305,0.921874459623033,5783,1.8075265461398708,0.8402489626556017,964,1.8141472073027882,0.8499,0.8059558649273026,0.08366075557332378,,,0.944076089196183,,0.9440941719793183,0.05590582802068167,0.9660502503847195,0.4047856470101284,5,0.1,0.5,0.6195230728535301,0.6170139454412444,1.0,0.6307557661618601,0.6173909899479395,0.6192475993940941,0.6203150437699876,0.621396291552765,0.6147891396459025,0.6147355081314075,0.6274165841768211,0.6236478917737893
2,3,0.24184806884872356,0.9268394174390013,5287,1.8096597492694855,0.8490351872871736,881,1.8144041425503863,0.8496,0.8165248958817718,0.08408155780859229,,,0.9772646834671324,,0.97728025701521,0.02271974298478996,0.9660545408479573,0.4047895108962834,5,0.1,0.5,0.6116353495727734,0.6217811463626443,0.6307557661618601,1.0,0.6298157306903639,0.6331853052087223,0.6345279258293773,0.633484902841743,0.6231218807032971,0.6340768879823909,0.6403986255528327,0.6360346489760316
2,4,0.2788897405696973,0.9145694022289766,4935,1.8121129962114186,0.8491484184914841,822,1.8166570693920976,0.8493,0.8105794870104834,0.08306292484262966,,,0.8969252903154408,,0.8969379047236584,0.10306209527634158,0.9659547798836196,0.40476212260944056,5,0.1,0.5,0.6119349875807303,0.6235813644626678,0.6173909899479395,0.6298157306903639,1.0,0.6307072922368929,0.6253482573588953,0.6325510234316454,0.6176084053570242,0.6317841624283212,0.6297595001081139,0.6259066065339149
2,5,0.263967364227833,0.9214913220484251,4667,1.8162544298171996,0.8663239074550129,778,1.8140326426052058,0.8496,0.8150866376590903,0.08424303043942875,,,0.9899999999211302,,0.9900005019828322,0.009999498017167818,0.9660567816304385,0.40478976620023593,5,0.1,0.5,0.6138145777385947,0.622056415714366,0.6192475993940941,0.6331853052087223,0.6307072922368929,1.0,0.6270471068724982,0.6371681945602179,0.6275004293174546,0.6276911311041903,0.6395880033073418,0.6358316317394052
2,6,0.2907360037948404,0.9122389400404222,4453,1.8114505509535472,0.8584905660377359,742,1.814533495674499,0.8499,0.8116159290723669,0.08360069054156324,,,0.9393387712784204,,0.9393504342151499,0.060649565784850146,0.9660478207458252,0.40478441498961554,5,0.1,0.5,0.6126766979352611,0.618321775553795,0.6203150437699876,0.6345279258293773,0.6253482573588953,0.6270471068724982,1.0,0.6267733016372609,0.6240674973280794,0.632570009719357,0.6293522543441931,0.6325051525548652
2,7,0.28101389382256947,0.9152209492635025,4277,1.8278574995372607,0.8387096774193549,713,1.8147430652246688,0.8501,0.8115728134943289,0.08369883937132848,,,0.9470797512833586,,0.9471010491441193,0.0528989508558807,0.9660572158991937,0.40478629443067055,5,0.1,0.5,0.6064788430082755,0.61702405556261,0.621396291552765,0.633484902841743,0.6325510234316454,0.6371681945602179,0.6267733016372609,1.0,0.6270022908646208,0.6230380476812031,0.6255346179912806,0.6322378051245183
2,8,0.30022297268261006,0.9084039719060305,4129,1.8236917474053123,0.8488372093023255,688,1.8200652176579728,0.8508,0.8027278339485806,0.0792981728663202,,,0.6,,0.6,0.4,0.9605386085318574,0.40214460618651854,5,0.1,0.5,0.6021930456923188,0.6084772287537616,0.6147891396459025,0.6231218807032971,0.6176084053570242,0.6275004293174546,0.6240674973280794,0.6270022908646208,1.0,0.6243521490301004,0.6251765482837268,0.6304867435502088
2,9,0.3025895386460304,0.9052236940764808,4001,1.8133561554409208,0.8425787106446777,667,1.8148635153572399,0.85,0.8105787310923651,0.0835771240997762,,,0.9374800903843397,,0.9374930977360574,0.06250690226394262,0.9660466109125417,0.4047838710159293,5,0.1,0.5,0.6058871801789348,0.618790802555229,0.6147355081314075,0.6340768879823909,0.6317841624283212,0.6276911311041903,0.632570009719357,0.6230380476812031,0.6243521490301004,1.0,0.6297235385324038,0.6309231224672713
2,10,0.3081760424097664,0.9066083826176395,3889,1.815048512958345,0.8533950617283951,648,1.814814596892165,0.8499,0.8156497133981946,0.0838380431217015,,,0.9580587252642754,,0.9580743938557301,0.04192560614426988,0.9660543974010342,0.40478804352930353,5,0.1,0.5,0.6157491283902516,0.631168975981406,0.6274165841768211,0.6403986255528327,0.6297595001081139,0.6395880033073418,0.6293522543441931,0.6255346179912806,0.6251765482837268,0.6297235385324038,1.0,0.6278979364184122
2,11,0.29561143063259226,0.9111580058032182,3791,1.8308979451656342,0.8306962025316456,632,1.815241531823009,0.8495,0.8134210647774919,0.08364795093188727,,,0.9430661895003081,,0.9430801666583003,0.0569198333416997,0.9660500204488722,0.40478540533882473,5,0.1,0.5,0.611832897245829,0.6141570112574402,0.6236478917737893,0.6360346489760316,0.6259066065339149,0.6358316317394052,0.6325051525548652,0.6322378051245183,0.6304867435502088,0.6309231224672713,0.6278979364184122,1.0
3,0,0.21540005184594063,0.93481860238617,8214,1.5713763209276421,0.9254930606281958,1369,1.5819756249650219,0.9012,0.7938953905756907,0.08351291977646229,,,0.933396723878549,,0.9334069574820542,0.06659304251794584,0.9691975974720278,0.39872907146806325,5,0.1,0.5,1.0,0.6095132524251298,0.6046784512850665,0.6053578104308311,0.6042780989032622,0.6134820286585865,0.6043462201620966,0.6054615962849969,0.5392299468314721,0.5909922553134962,0.6033755757586176,0.6112319517756872
3,1,0.23020379485752326,0.9326437480985701,6574,1.584816837310791,0.8914233576642335,1096,1.5820194993156214,0.9015,0.7974524505842628,0.0834643921550926,,,0.9302982125688559,,0.9303147432357813,0.06968525676421866,0.9691848508734255,0.39872802228706766,5,0.1,0.5,0.6095132524251298,1.0,0.6076690727795907,0.6084477090946728,0.6103311565420678,0.6091821334404491,0.6092614778565654,0.6038068480865231,0.5352764450165101,0.5946528123086965,0.6189389574794584,0.6198160654995244
3,2,0.2403056026945786,0.9287221165485042,5783,1.5747361990713304,0.8910788381742739,964,1.5820875392554286,0.9014,0.7989527632194183,0.08361361391464127,,,0.9398260916728309,,0.9398373575623714,0.06016264243762859,0.9692008210508245,0.3987309252528603,5,0.1,0.5,0.6046784512850665,0.6076690727795907,1.0,0.6050333974001304,0.6104810488344086,0.6155252931611427,0.6094125978972386,0.6136964809893924,0.5401668387686609,0.595483844065067,0.6217574140106439,0.6168367150567733
3,3,0.2207718286994306,0.9333837715150369,5287,1.5766143160206931,0.9035187287173666,881,1.582384010092519,0.9014,0.8061153441695063,0.08414423841439697,,,0.9737067140336111,,0.9737211987350033,0.02627880126499671,0.9692157533069969,0.3987353505591619,5,0.1,0.5,0.6053578104308311,0.6084477090946728,0.6050333974001304,1.0,0.6139003243614778,0.6226477183730809,0.614256907331708,0.6239278664053242,0.5490453381875325,0.6154022540793037,0.6276828280415303,0.6217727635851348
3,4,0.25868503109101326,0.9190273556231003,4935,1.5789591028140142,0.902676399026764,822,1.5849923325803714,0.9001,0.8030477244646705,0.0833593318751477,,,0.9235900645817767,,0.9236032327694392,0.07639676723056077,0.9691316935809015,0.39872545044194535,5,0.1,0.5,0.6042780989032622,0.6103311565420678,0.6104810488344086,0.6139003243614778,1.0,0.6116346526733151,0.6163296412596543,0.6234547586230303,0.5457500659598139,0.6053502491645857,0.6215325785357776,0.619806187647348
3,5,0.24553866856922843,0.9257767302335548,4667,1.5846102142333984,0.910025706940874,778,1.5819319425680387,0.9015,0.8103368037935315,0.08439941721806084,,,0.9899999999361495,,0.9900005019828322,0.009999498017167818,0.9692167804833464,0.3987357247553532,5,0.1,0.5,0.6134820286585865,0.6091821334404491,0.6155252931611427,0.6226477183730809,0.6116346526733151,1.0,0.6175495037740777,0.6232112643830325,0.5562965226289417,0.6094640887361475,0.6348524567975345,0.6334761780795967
3,6,0.25594932799061226,0.9252189535144846,4453,1.577518234650294,0.8935309973045822,742,1.5825502308793724,0.9015,0.8025375972619018,0.08369915609067616,,,0.945287999601115,,0.9453089704332112,0.05469102956678884,0.9692029431625451,0.3987321664432242,5,0.1,0.5,0.6043462201620966,0.6092614778565654,0.6094125978972386,0.614256907331708,0.6163296412596543,0.6175495037740777,1.0,0.6075554373830467,0.5444705798582291,0.6096177958055751,0.6173000553714062,0.625329374376422
3,7,0.2550912268890707,0.9220949263502455,4277,1.601490264353545,0.8906030855539971,713,1.5827812485801527,0.9011,0.8049280798843617,0.0838481202185291,,,0.9547994288008823,,0.9548064856181918,0.045193514381808186,0.9692087716079772,0.39873376736416966,5,0.1,0.5,0.6054615962849969,0.6038068480865231,0.6136964809893924,0.6239278664053242,0.6234547586230303,0.6232112643830325,0.6075554373830467,1.0,0.5396919493665935,0.5975843611660479,0.6275414852020197,0.631493600588563
3,8,0.3062905142100555,0.9115039961249697,4129,1.59577200087634,0.9026162790697675,688,1.5919880474718233,0.9007,0.7298073225263839,0.07829139615908529,,,0.6,,0.6,0.4,0.9635252051617689,0.396003413047979,5,0.1,0.5,0.5392299468314721,0.5352764450165101,0.5401668387686609,0.5490453381875325,0.5457500659598139,0.5562965226289417,0.5444705798582291,0.5396919493665935,1.0,0.539866210196611,0.5579575843371346,0.5581125987646441
3,9,0.2866654337734684,0.9149712571857036,4001,1.5812990268071492,0.9010494752623688,667,1.5829460769415664,0.9011,0.7933953697078127,0.08336344274465153,,,0.9238525455213071,,0.9238692836704985,0.07613071632950152,0.9691791650353386,0.3987255130451834,5,0.1,0.5,0.5909922553134962,0.5946528123086965,0.595483844065067,0.6154022540793037,0.6053502491645857,0.6094640887361475,0.6096177958055751,0.5975843611660479,0.539866210196611,1.0,0.6173295337753552,0.6123779486517001
3,10,0.27907256371509587,0.916122396502957,3889,1.5844584987277077,0.8935185185185185,648,1.5828515573050648,0.9012,0.8127113524466133,0.08421317451716587,,,0.9781083164210096,,0.9781235881732845,0.021876411826715514,0.9692133918544067,0.39873551364453036,5,0.1,0.5,0.6033755757586176,0.6189389574794584,0.6217574140106439,0.6276828280415303,0.6215325785357776,0.6348524567975345,0.6173000553714062,0.6275414852020197,0.5579575843371346,0.6173295337753552,1.0,0.6236227082655907
3,11,0.26687410526181093,0.9208124505407544,3791,1.6032759428024292,0.8924050632911392,632,1.5833322209672045,0.9008,0.812827264587432,0.08409079691609045,,,0.9702944493844077,,0.9703127353044526,0.02968726469554739,0.9692087465535779,0.39873517068605047,5,0.1,0.5,0.6112319517756872,0.6198160654995244,0.6168367150567733,0.6217727635851348,0.619806187647348,0.6334761780795967,0.625329374376422,0.631493600588563,0.5581125987646441,0.6123779486517001,0.6236227082655907,1.0
4,0,0.20574871587027083,0.9373508643778914,8214,1.3298871988473937,0.9422936449963477,1369,1.3439337426481155,0.9242,0.7866645965492016,0.08379611485023584,,,0.9569327973274488,,0.9569499523116309,0.043050047688369064,0.966697185448401,0.38900047599882903,5,0.1,0.5,1.0,0.594862625059621,0.5929214890024919,0.5900160768266157,0.5877091159901436,0.5964317019868226,0.5998193084321651,0.5898318332326181,0.41708134899954785,0.5781792755380002,0.5926787900362943,0.593278112620177
4,1,0.22094412431509677,0.934864618192881,6574,1.3470699378422328,0.9178832116788321,1096,1.3439732306300642,0.9241,0.7936685961028968,0.08401084632897175,,,0.9642683652096811,,0.9642789016615632,0.03572109833843684,0.9666940885157915,0.38900138093537695,5,0.1,0.5,0.594862625059621,1.0,0.5973135304885056,0.5977062438912307,0.5997631480234095,0.5976578306799756,0.6010225381081141,0.5949832034347097,0.42400609661929606,0.5969986754662934,0.5978703091181368,0.5964336949765905
4,2,0.21983150415101926,0.9343593290679578,5783,1.335765907841344,0.921161825726141,964,1.3440447295435702,0.9241,0.79248361412975,0.08406910974767934,,,0.9662587359997321,,0.966276793333668,0.033723206666331995,0.9667035272980233,0.3890015716649112,5,0.1,0.5,0.5929214890024919,0.5973135304885056,1.0,0.602628029119954,0.5903584340716926,0.5983439042189015,0.6028349824945266,0.5982954783983061,0.4068209376881606,0.5934985749864468,0.597119856767003,0.6055075262548856
4,3,0.2020230896813032,0.9391715528655192,5287,1.3376562297344208,0.9262202043132803,881,1.3444001080509953,0.9241,0.7973711015621111,0.0845976208683675,,,0.9843135141121241,,0.9843230761507956,0.015676923849204383,0.966711949865147,0.38900250039780637,5,0.1,0.5,0.5900160768266157,0.5977062438912307,0.602628029119954,1.0,0.6036627727663718,0.6048648378469431,0.604844037033987,0.6055176302756194,0.41265422504798294,0.6034123877490464,0.6027059940822687,0.6009267549598195
4,4,0.2379257269227697,0.9292401215805471,4935,1.3404285128300006,0.9355231143552312,822,1.3471353709126432,0.9231,0.7912733731886777,0.08385580375916431,,,0.9589718651243023,,0.958977962953667,0.041022037046333004,0.9666889135345588,0.3890007571551931,5,0.1,0.5,0.5877091159901436,0.5997631480234095,0.5903584340716926,0.6036627727663718,1.0,0.5997340940725395,0.6005920466303875,0.6041727908233284,0.40886748194918715,0.5940344197263133,0.588043619167681,0.5988885875119041
4,5,0.21907932416931408,0.9338332976215985,4667,1.3467374992370607,0.929305912596401,778,1.3438910341110473,0.9242,0.7972374126723426,0.08476407935335221,,,0.9899999999658384,,0.9900005019828322,0.009999498017167818,0.9667134606541021,0.3890025975835513,5,0.1,0.5,0.5964317019868226,0.5976578306799756,0.5983439042189015,0.6048648378469431,0.5997340940725395,1.0,0.6014171513078828,0.6034136166816999,0.41063830010624897,0.6027869538712148,0.605635782670764,0.6053933935506423
4,6,0.24333593601493964,0.9271951493375252,4453,1.3374697367350261,0.9177897574123989,742,1.3445693627713968,0.9242,0.7999541153320161,0.0843902480641348,,,0.9772293302219328,,0.977245118216957,0.02275488178304297,0.966705462146605,0.3890022682352953,5,0.1,0.5,0.5998193084321651,0.6010225381081141,0.6028349824945266,0.604844037033987,0.6005920466303875,0.6014171513078828,1.0,0.6067933635587045,0.4215003485487409,0.6102806691012016,0.5993277266586213,0.6072535664829461
4,7,0.23237392749887573,0.9314472761281272,4277,1.3681320003841235,0.9116409537166901,713,1.3448045527973114,0.9241,0.7951457202311452,0.08432040967341767,,,0.9748435400298884,,0.9748506601074243,0.02514933989257573,0.9667085738515906,0.38900216083743444,5,0.1,0.5,0.5898318332326181,0.5949832034347097,0.5982954783983061,0.6055176302756194,0.6041727908233284,0.6034136166816999,0.6067933635587045,1.0,0.4129270788449702,0.5932262339628238,0.5951221846024436,0.6053700329627077
4,8,0.3361059645247252,0.9160571566965366,4129,1.3603119416670366,0.9215116279069767,688,1.3572710002192294,0.9237,0.5899378665680584,0.07334774757861509,,,0.6,,0.6,0.4,0.961152357365302,0.3863431909822481,5,0.1,0.5,0.41708134899954785,0.42400609661929606,0.4068209376881606,0.41265422504798294,0.40886748194918715,0.41063830010624897,0.4215003485487409,0.4129270788449702,1.0,0.4061802045599153,0.40761918536351577,0.41495167896673546
4,9,0.24854509237944541,0.9247188202949262,4001,1.3449565853391374,0.9130434782608695,667,1.3449734041866022,0.9241,0.791193296616108,0.08385573420409444,,,0.9589694890127998,,0.958977962953667,0.041022037046333004,0.9666893237548573,0.3890007571551931,5,0.1,0.5,0.5781792755380002,0.5969986754662934,0.5934985749864468,0.6034123877490464,0.5940344197263133,0.6027869538712148,0.6102806691012016,0.5932262339628238,0.4061802045599153,1.0,0.5981654109620302,0.5980371467521463
4,10,0.25171281267415546,0.9256878374903574,3889,1.3473638466426305,0.9228395061728395,648,1.344882136335769,0.9242,0.7921634051718743,0.0844600004232033,,,0.9796121814364123,,0.9796245168415241,0.020375483158475927,0.9667121172954949,0.3890023601539171,5,0.1,0.5,0.5926787900362943,0.5978703091181368,0.597119856767003,0.6027059940822687,0.588043619167681,0.605635782670764,0.5993277266586213,0.5951221846024436,0.40761918536351577,0.5981654109620302,1.0,0.5955442651089278
4,11,0.24257437212063987,0.9269849643893432,3791,1.3692499279975892,0.9082278481012658,632,1.345388314594476,0.9239,0.7965359453445882,0.08453228514876367,,,0.9820815423066402,,0.9820992922042067,0.017900707795793336,0.9667113670554195,0.3890024419415978,5,0.1,0.5,0.593278112620177,0.5964336949765905,0.6055075262548856,0.6009267549598195,0.5988885875119041,0.6053933935506423,0.6072535664829461,0.6053700329627077,0.41495167896673546,0.5980371467521463,0.5955442651089278,1.0
5,0,0.1903044588669975,0.9416118821524226,8214,1.0782626673232678,0.9539810080350621,1369,1.0950856364954014,0.9352,0.772840849299201,0.08339978230153594,,,0.9379008202291357,,0.9379147633150946,0.0620852366849054,0.9659621915859046,0.39006343956701595,5,0.1,0.5,1.0,0.5764438856218254,0.5747397166205208,0.5773337156414109,0.569861047883223,0.5779490988350714,0.5712556469257957,0.5650345422682962,0.5346196034831862,0.5491258716502192,0.5664360081540865,0.5655964709675886
5,1,0.19834243977912566,0.9419835716458776,6574,1.0981732879366193,0.9251824817518248,1096,1.0951224418874748,0.935,0.7786148164854864,0.08374727561050804,,,0.9526437599859591,,0.9526579990964309,0.047342000903569104,0.9659698899915169,0.39006704409265186,5,0.1,0.5,0.5764438856218254,1.0,0.5779741951142989,0.5748718741058242,0.5820209652606063,0.5733270178718982,0.5787753694743651,0.5676369097602617,0.5391687664379404,0.5576004279916641,0.5788272291689772,0.574789414235788
5,2,0.20270790834576716,0.9394086114473457,5783,1.0856607210251592,0.9315352697095436,964,1.0951987245974069,0.935,0.7830562143881158,0.08394293820720823,,,0.9609450475254153,,0.9609607951408062,0.039039204859193766,0.9659737588169534,0.39006818366437257,5,0.1,0.5,0.5747397166205208,0.5779741951142989,1.0,0.5864084548727403,0.5745587215476778,0.5755379045386095,0.5806497493485906,0.5794349436523129,0.5488099705393743,0.5640264506236841,0.5768197155093266,0.5844430472360252
5,3,0.1825981999119093,0.9448836769434462,5287,1.088056308882577,0.9330306469920545,881,1.0955888754643572,0.935,0.7924342112245996,0.08462776780898455,,,0.9899999999575735,,0.9900005019828322,0.009999498017167818,0.9659784689570204,0.39006944803459387,5,0.1,0.5,0.5773337156414109,0.5748718741058242,0.5864084548727403,1.0,0.5904563373162373,0.5876873756525395,0.5880829023597297,0.5877427149525761,0.5631643164100133,0.5788773086151824,0.5900451695883113,0.5848554243891029
5,4,0.21781244232439467,0.9326849037487336,4935,1.0908557772636414,0.9464720194647201,822,1.0982586008291275,0.9349,0.7841704502811047,0.08383931022722277,,,0.9565484705940026,,0.9565634255308468,0.043436574469153166,0.9659718123883922,0.3900676739809758,5,0.1,0.5,0.569861047883223,0.5820209652606063,0.5745587215476778,0.5904563373162373,1.0,0.5813928777200903,0.5845032576256528,0.5841871000672918,0.5462726482946958,0.5670950176361768,0.581171787675821,0.5729140732682242
5,5,0.20196170010348807,0.9391043496893079,4667,1.0973462343215943,0.9447300771208226,778,1.0950583381393848,0.935,0.787098750720143,0.08455114652194305,,,0.9867492236410895,,0.9867627127152251,0.013237287284774912,0.9659786096006608,0.39006942547962403,5,0.1,0.5,0.5779490988350714,0.5733270178718982,0.5755379045386095,0.5876873756525395,0.5813928777200903,1.0,0.5877891164290494,0.5792541894995783,0.5516153049596084,0.5769999796420712,0.5849249547331825,0.5812899905369391
5,6,0.21750652653231684,0.9368515607455647,4453,1.0864649762709935,0.931266846361186,742,1.0957551257678877,0.9351,0.789152950494905,0.0843731094943619,,,0.9791957280647947,,0.9792028512624869,0.02079714873751315,0.965977060646598,0.3900693013771912,5,0.1,0.5,0.5712556469257957,0.5787753694743651,0.5806497493485906,0.5880829023597297,0.5845032576256528,0.5877891164290494,1.0,0.5839232173551271,0.550911038799549,0.5825143634330979,0.5855650853538261,0.584570101296817
5,7,0.21022239455730835,0.9385550619593173,4277,1.1235796005829521,0.9256661991584852,713,1.0959671699581817,0.9351,0.7839662454392115,0.08414340832291128,,,0.9694503014757605,,0.9694593644897345,0.030540635510265535,0.9659780076960743,0.3900688971620364,5,0.1,0.5,0.5650345422682962,0.5676369097602617,0.5794349436523129,0.5877427149525761,0.5841871000672918,0.5792541894995783,0.5839232173551271,1.0,0.5533389819740252,0.567291494328744,0.5766289940319389,0.5866263366600724
5,8,0.24384308925973108,0.9272463066117704,4129,1.1154042536562139,0.934593023255814,688,1.1121767816452173,0.9347,0.7455141537866331,0.07543540911256828,,,0.6,,0.6,0.4,0.9606903060878563,0.3873357955522086,5,0.1,0.5,0.5346196034831862,0.5391687664379404,0.5488099705393743,0.5631643164100133,0.5462726482946958,0.5516153049596084,0.550911038799549,0.5533389819740252,1.0,0.537918467063482,0.5574382385868406,0.549826755187195
5,9,0.2418258154165371,0.9261684578855286,4001,1.097585419813792,0.9235382308845578,667,1.09611983782948,0.9351,0.7715326703758022,0.08339359648342269,,,0.937638377352005,,0.9376537322423573,0.06234626775764274,0.9659629113028122,0.39006339555228947,5,0.1,0.5,0.5491258716502192,0.5576004279916641,0.5640264506236841,0.5788773086151824,0.5670950176361768,0.5769999796420712,0.5825143634330979,0.567291494328744,0.537918467063482,1.0,0.5688873455692485,0.5659353320190247
5,10,0.23285505420940578,0.9300591411673952,3889,1.0993988570712863,0.9367283950617284,648,1.0960515914633633,0.9351,0.7850904821892654,0.08427658397430354,,,0.9751004839536896,,0.9751217308368054,0.024878269163194577,0.965979497744329,0.3900691710657044,5,0.1,0.5,0.5664360081540865,0.5788272291689772,0.5768197155093266,0.5900451695883113,0.581171787675821,0.5849249547331825,0.5855650853538261,0.5766289940319389,0.5574382385868406,0.5688873455692485,1.0,0.5746145955292186
5,11,0.21874109173209227,0.935320495911369,3791,1.1233013957738875,0.9193037974683544,632,1.0965345627583636,0.9351,0.7835210677552635,0.08426967193502964,,,0.9748072300233813,,0.9748155213091713,0.025184478690828738,0.9659802707578397,0.3900691560684937,5,0.1,0.5,0.5655964709675886,0.574789414235788,0.5844430472360252,0.5848554243891029,0.5729140732682242,0.5812899905369391,0.584570101296817,0.5866263366600724,0.549826755187195,0.5659353320190247,0.5746145955292186,1.0
6,0,0.179893090695882,0.9449476503530557,8214,0.8476901761321134,0.9576333089846604,1369,0.8663912141285004,0.9438,0.7669701584000701,0.08334380873426803,,,0.9309982995022914,,0.9310124993725215,0.06898750062747849,0.9670035530531967,0.38395061919336926,5,0.1,0.5,1.0,0.5639946977084463,0.5620279170355007,0.549568990873566,0.5518904364844583,0.5606488554909319,0.5525868934274597,0.551469884708861,0.5522985754585028,0.5252948756073752,0.5525830065851424,0.5448312820039232
6,1,0.18692369684757829,0.9428962579860055,6574,0.8690159916877747,0.9370437956204379,1096,0.8664453997017857,0.9437,0.770778606183003,0.08371278729457156,,,0.9545041082988144,,0.9545203554038452,0.04547964459615483,0.9670259328597971,0.3839571312310356,5,0.1,0.5,0.5639946977084463,1.0,0.5659491698713655,0.5432653871473152,0.5585511380941847,0.5566671976357496,0.5623896395153996,0.5470866106843351,0.5587193705038129,0.5339542130178736,0.5597757595286611,0.5505825890986362
6,2,0.1911074195108608,0.9431436970430572,5783,0.8565136501866002,0.9429460580912863,964,0.8665048038235869,0.9437,0.7739091026468178,0.08395549600350564,,,0.9699658860800557,,0.9699713869785653,0.03002861302143467,0.9670340679361336,0.38395894923216695,5,0.1,0.5,0.5620279170355007,0.5659491698713655,1.0,0.5575410474049529,0.5579318027379329,0.5512697996165103,0.5586651989330076,0.5547165046032221,0.5630185514601777,0.5392386908360257,0.5609132582316111,0.5576385753065654
6,3,0.1748343883177647,0.9459807073954984,5287,0.858406982251576,0.9398410896708286,881,0.8668796856182451,0.9437,0.7677075257141331,0.08419686145635895,,,0.9853420916248679,,0.9853571607851012,0.01464283921489884,0.9670359565500829,0.3839595748710987,5,0.1,0.5,0.549568990873566,0.5432653871473152,0.5575410474049529,1.0,0.5496646143529861,0.5499282068425396,0.5521593534315726,0.5565988751768108,0.559353715195245,0.5396411739384128,0.5572100726311568,0.5531947282292581
6,4,0.20531812887398465,0.938885511651469,4935,0.861623424750108,0.9476885644768857,822,0.869324474669874,0.9433,0.7681984759376376,0.08368331838463176,,,0.9526267890260713,,0.9526429396114653,0.04735706038853471,0.9670244802099991,0.3839567945292201,5,0.1,0.5,0.5518904364844583,0.5585511380941847,0.5579318027379329,0.5496646143529861,1.0,0.5525029865679753,0.5574310792047945,0.5572198293914087,0.5628223368055375,0.5319414036115067,0.5516036467385093,0.5456443818368536
6,5,0.18496088365743524,0.9439468609385044,4667,0.8667573738098144,0.9537275064267352,778,0.866377623698201,0.9437,0.7712263371663206,0.08426997820454889,,,0.989999999936295,,0.9900005019828322,0.009999498017167818,0.9670358342733623,0.38395962321960314,5,0.1,0.5,0.5606488554909319,0.5566671976357496,0.5512697996165103,0.5499282068425396,0.5525029865679753,1.0,0.5575788575331698,0.5560359579416171,0.5672893624247671,0.5360270189275648,0.5600878044762061,0.5535392593105357
6,6,0.2014835311977991,0.9406692117673479,4453,0.856706514954567,0.9420485175202157,742,0.8670349574317566,0.9437,0.7723692358578305,0.0841905954171604,,,0.9849429130948428,,0.9849505546910295,0.015049445308970455,0.9670360034290048,0.38395956816647997,5,0.1,0.5,0.5525868934274597,0.5623896395153996,0.5586651989330076,0.5521593534315726,0.5574310792047945,0.5575788575331698,1.0,0.5512472482627908,0.5619867810482483,0.5464246370278537,0.5541552180133614,0.5578420754999837
6,7,0.19809822899136525,0.9406593406593406,4277,0.8978897177654764,0.9368863955119214,713,0.8672259385212542,0.9436,0.7671663456197612,0.08385151587576017,,,0.963341823697102,,0.963350233422017,0.03664976657798302,0.967033430278521,0.38395835490367697,5,0.1,0.5,0.551469884708861,0.5470866106843351,0.5547165046032221,0.5565988751768108,0.5572198293914087,0.5560359579416171,0.5512472482627908,1.0,0.5609683608828977,0.5278185778717719,0.5467648680479028,0.5559153132839226
6,8,0.20608387113673765,0.9386776459191087,4129,0.8887893069874157,0.9433139534883721,688,0.8855838025339876,0.9431,0.7716927230298544,0.078148017469628,,,0.6,,0.6,0.4,0.961671500190933,0.381224113666233,5,0.1,0.5,0.5522985754585028,0.5587193705038129,0.5630185514601777,0.559353715195245,0.5628223368055375,0.5672893624247671,0.5619867810482483,0.5609683608828977,1.0,0.5452505080658125,0.5610129165759287,0.5599951520523516
6,9,0.232260601181123,0.931267183204199,4001,0.8706123204458327,0.9355322338830585,667,0.8674354040965485,0.9436,0.748945463001421,0.08270081500380852,,,0.8900363322998855,,0.8900557200943727,0.10994427990562727,0.9669315098606595,0.3839218899494489,5,0.1,0.5,0.5252948756073752,0.5339542130178736,0.5392386908360257,0.5396411739384128,0.5319414036115067,0.5360270189275648,0.5464246370278537,0.5278185778717719,0.5452505080658125,1.0,0.5427266701925514,0.5336419299884801
6,10,0.2120603947014716,0.9362818205194138,3889,0.8719541572389149,0.9459876543209876,648,0.8673020290871398,0.9436,0.7699904973905592,0.08404128878247794,,,0.9754313219497879,,0.975448019677727,0.024551980322273015,0.9670355045588671,0.3839592694361403,5,0.1,0.5,0.5525830065851424,0.5597757595286611,0.5609132582316111,0.5572100726311568,0.5516036467385093,0.5600878044762061,0.5541552180133614,0.5467648680479028,0.5610129165759287,0.5427266701925514,1.0,0.5442534567444411
