round,client_id,client_i_training_loss,client_i_training_accuracy,client_i_training_dataset_size,client_i_evaluation_loss,client_i_evaluation_accuracy,client_i_evaluation_dataset_size,client_i_central_evaluation_loss,client_i_central_evaluation_accuracy,client_i_cosine_similarity,client_i_importance_coefficient,client_i_tanh_val,tanh_normalization_value,client_i_q,client_i_mask_order,client_i_v_nonzero_fraction,client_i_v_sparsity,client_i_v_cosine_similarity,client_i_reward_gradient_norm,local_epochs,learning_rate,gamma,client_0_cosine_similarity,client_1_cosine_similarity,client_2_cosine_similarity,client_3_cosine_similarity,client_4_cosine_similarity,client_5_cosine_similarity,client_6_cosine_similarity,client_7_cosine_similarity,client_8_cosine_similarity,client_9_cosine_similarity,client_10_cosine_similarity,client_11_cosine_similarity
0,0,2.2773396209434225,0.15453615777940102,6845,2.3010874444788154,0.10080350620891161,1369,2.2993896369692646,0.1201,0.8883543303986902,0.07975385149596674,,,0.8,,0.8000115528708884,0.19998844712911157,0,0.13915538304299813,10,0.025,0.15,1.0,0.9367839015455137,0.8582606387315262,0.8398450160570885,0.8311275841845992,0.7907389795791142,0.7636277439843026,0.7271144096807391,0.7359419541774532,0.7005188039236837,0.729067500297994,0.7149385750590149
0,1,2.2876397604166074,0.13565169769989047,5478,2.29948189523485,0.1177007299270073,1096,2.2993874248070054,0.1202,0.9283990672427679,0.08334895075554294,,,0.8921105759601416,,0.8921539502566388,0.1078460497433612,0,0.1391977883829666,10,0.025,0.15,0.9367839015455137,1.0,0.8898508227969485,0.8554369838852428,0.8992767442934604,0.8476675185852224,0.8147875759924798,0.7784711174813762,0.7693083157177012,0.7750625646921334,0.8082267230138935,0.7874896578058102
0,2,2.297022317585192,0.14973029045643155,4820,2.2987151443958282,0.12136929460580913,964,2.299385822271999,0.1203,0.967663333642988,0.08687398166317169,,,0.9824259201927402,,0.9824561403508771,0.01754385964912286,0,0.13920529561025774,10,0.025,0.15,0.8582606387315262,0.8898508227969485,1.0,0.9159459912996956,0.9329609985238572,0.9074674802473001,0.9099705637697448,0.863318912523411,0.8980536399431641,0.8517683058106408,0.8597044050320221,0.8739147464489339
0,3,2.296380421093532,0.12818883340898773,4406,2.295766149248396,0.1532349602724177,881,2.299385870559306,0.1203,0.9494703144404112,0.08524066565164914,,,0.9405784863157691,,0.9406347477348121,0.05936525226518785,0,0.13920435122440902,10,0.025,0.15,0.8398450160570885,0.8554369838852428,0.9159459912996956,1.0,0.9125109077551845,0.875778402855791,0.8716498757900292,0.8727784607678775,0.890609182927697,0.8527979913291133,0.8493646948768293,0.8348840567702777
0,4,2.2986248189752754,0.11989299610894942,4112,2.2987419877733504,0.11800486618004866,822,2.2993858071822153,0.1203,0.9709561371949168,0.0871695999277532,,,0.9899999999743788,,0.9900232707827895,0.00997672921721049,0,0.13920532011590783,10,0.025,0.15,0.8311275841845992,0.8992767442934604,0.9329609985238572,0.9125109077551845,1.0,0.9364959986174007,0.8955848502728717,0.9084701728578634,0.8805492738952917,0.8602858757785281,0.9048952178336195,0.8784816581588502
0,5,2.298810815042065,0.12417073797891488,3889,2.2960263660975864,0.14010282776349614,778,2.299386000331444,0.1203,0.9447551472664748,0.08481735174446076,,,0.9297326973715003,,0.9297667970490667,0.07023320295093327,0,0.13920372993077443,10,0.025,0.15,0.7907389795791142,0.8476675185852224,0.9074674802473001,0.875778402855791,0.9364959986174007,1.0,0.8701152047812281,0.8979979904000536,0.847744711953167,0.8464239376349967,0.9117175921762521,0.8503436814442318
0,6,2.299207495820933,0.10829964969011048,3711,2.3017661968866983,0.09433962264150944,742,2.299386160283149,0.1203,0.9358637153112316,0.08401910500948205,,,0.9092806983560799,,0.9093264676272054,0.09067353237279463,0,0.1392021067765411,10,0.025,0.15,0.7636277439843026,0.8147875759924798,0.9099705637697448,0.8716498757900292,0.8955848502728717,0.8701152047812281,1.0,0.8993636547043601,0.8915701419797107,0.9063437400749932,0.8651234229612738,0.8332985631287754
0,7,2.300264938388552,0.11425364758698092,3564,2.2988197803497314,0.11781206171107994,713,2.2993876360639742,0.1202,0.9225297531600062,0.08282202091716451,,,0.8786100277418031,,0.878661847469096,0.12133815253090396,0,0.1391953553155057,10,0.025,0.15,0.7271144096807391,0.7784711174813762,0.863318912523411,0.8727784607678775,0.9084701728578634,0.8979979904000536,0.8993636547043601,1.0,0.8989590653718668,0.8740933556191489,0.8678583106044334,0.8259072222511249
0,8,2.299904614024692,0.11790177274048241,3441,2.3000908692677817,0.125,688,2.2993882698348806,0.1201,0.9132625929760688,0.08199004240160149,,,0.8572937817297229,,0.8573385486293343,0.14266145137066566,0,0.1391898404712463,10,0.025,0.15,0.7359419541774532,0.7693083157177012,0.8980536399431641,0.890609182927697,0.8805492738952917,0.847744711953167,0.8915701419797107,0.8989590653718668,1.0,0.8415290375187184,0.799897374815027,0.8240710267119901
0,9,2.2994977438891375,0.10872825434913018,3334,2.299342234929403,0.12443778110944528,667,2.299389114862756,0.1201,0.9023890356138662,0.08101384624943236,,,0.8322825140750514,,0.8323265831559142,0.16767341684408577,0,0.13918073727712293,10,0.025,0.15,0.7005188039236837,0.7750625646921334,0.8517683058106408,0.8527979913291133,0.8602858757785281,0.8464239376349967,0.9063437400749932,0.8740933556191489,0.8415290375187184,1.0,0.8753850465713862,0.821109897247768
0,10,2.2997301587691674,0.1170009256402345,3241,2.3011929591496787,0.12962962962962962,648,2.2993879982187777,0.1202,0.9175275976946803,0.08237294204121384,,,0.8671041106784103,,0.8671337327325841,0.1328662672674159,0,0.13919244893711416,10,0.025,0.15,0.729067500297994,0.8082267230138935,0.8597044050320221,0.8493646948768293,0.9048952178336195,0.9117175921762521,0.8651234229612738,0.8678583106044334,0.799897374815027,0.8753850465713862,1.0,0.8828115935848789
0,11,2.2993175325393675,0.1249446027223805,3159,2.30163311958313,0.10917721518987342,632,2.2993894377841224,0.1201,0.8975302883557954,0.08057764214256129,,,0.8211064633963253,,0.8211533065966893,0.17884669340331072,0,0.13917601596751486,10,0.025,0.15,0.7149385750590149,0.7874896578058102,0.8739147464489339,0.8348840567702777,0.8784816581588502,0.8503436814442318,0.8332985631287754,0.8259072222511249,0.8240710267119901,0.821109897247768,0.8828115935848789,1.0
1,0,2.1397034168243407,0.22298027757487218,6845,2.292500387538563,0.13513513513513514,1369,2.290629073034359,0.1508,0.9025072095889535,0.07889894708541595,,,0.8,,0.8000115528708884,0.19998844712911157,0.8323542748788704,0.14545508114343345,10,0.025,0.15,1.0,0.9491510568701513,0.9143952903040135,0.9090886520982765,0.8849820422088889,0.8728368194341087,0.8483363729388906,0.8547497554759474,0.8368464530152521,0.8239558990226201,0.8187360612231241,0.7978439882890486
1,1,2.1768288728802703,0.20542168674698796,5478,2.2909828821818032,0.14507299270072993,1096,2.2906215311605718,0.1509,0.9589570157184315,0.08297002324291182,,,0.9047497013643084,,0.9047713356769157,0.0952286643230843,0.8334686233521995,0.14561071727689026,10,0.025,0.15,0.9491510568701513,1.0,0.9715627812756539,0.9597444276301204,0.9567141694370677,0.9400716963580897,0.9138259389534056,0.916378424769134,0.9073506565953064,0.8964470908337449,0.8853369281985045,0.867730732972686
1,2,2.2314519678291522,0.18508298755186722,4820,2.2897509038448334,0.14937759336099585,964,2.2906184437908705,0.1508,0.9772770313522025,0.08575340014623506,,,0.9763666125023112,,0.9764156392863627,0.023584360713637342,0.8336735396236059,0.14561625858665508,10,0.025,0.15,0.9143952903040135,0.9715627812756539,1.0,0.9742276110824929,0.9745706551334821,0.9616404125099587,0.9470406511748559,0.9478362307141148,0.9437169851530093,0.9259509801375134,0.9136067464422131,0.9017246381942
1,3,2.2258161990983147,0.18706309577848387,4406,2.2872605664389476,0.18501702610669693,881,2.290618419647217,0.1508,0.9790615237937663,0.08479895900987952,,,0.9518086282899622,,0.9518575365978446,0.048142463402155444,0.8336742479039274,0.14561577591206393,10,0.025,0.15,0.9090886520982765,0.9597444276301204,0.9742276110824929,1.0,0.9747521611279104,0.9604309078791736,0.9535447120395496,0.9541622395836662,0.9521061868906071,0.9304415103529223,0.9244309379972437,0.9048995711757521
1,4,2.2513854041244046,0.17025778210116732,4112,2.29012816292899,0.14841849148418493,822,2.290618386449693,0.1508,0.9878976224792536,0.08628325901895835,,,0.9899999999742697,,0.9900232707827895,0.00997672921721049,0.8336742265920871,0.14561631587271046,10,0.025,0.15,0.8849820422088889,0.9567141694370677,0.9745706551334821,0.9747521611279104,1.0,0.9800599853163706,0.9650695133039563,0.9649376105850499,0.9644262645536352,0.9514570617411857,0.9472874614999104,0.9365890988525114
1,5,2.2574450723586543,0.17680637696065826,3889,2.2870390755789622,0.17737789203084833,778,2.290618839143198,0.1508,0.987388802794907,0.08480823680524346,,,0.9520473480426994,,0.9520885940156129,0.047911405984387145,0.8336823589653346,0.14561577787028812,10,0.025,0.15,0.8728368194341087,0.9400716963580897,0.9616404125099587,0.9604309078791736,0.9800599853163706,1.0,0.9675463697584833,0.9717501877508065,0.9691612224945167,0.9674656079561499,0.960351268187007,0.945514626844531
1,6,2.2627824832653176,0.15454055510644032,3711,2.2927609284718833,0.1280323450134771,742,2.2906191469747808,0.1509,0.9834183403516665,0.0841837508922201,,,0.9359791856294345,,0.9360218514300803,0.06397814856991968,0.8337055129580566,0.14561382187738725,10,0.025,0.15,0.8483363729388906,0.9138259389534056,0.9470406511748559,0.9535447120395496,0.9650695133039563,0.9675463697584833,1.0,0.9781448264016457,0.9806478477876344,0.9741130451010168,0.9687118902699888,0.955150638632314
1,7,2.2711339635508403,0.1820145903479237,3564,2.2905834515889487,0.15287517531556802,713,2.290621380262737,0.1509,0.9840416962145562,0.08346188772841569,,,0.9174054847432004,,0.9174464854516348,0.08255351454836524,0.8334584048825868,0.14561230954079943,10,0.025,0.15,0.8547497554759474,0.916378424769134,0.9478362307141148,0.9541622395836662,0.9649376105850499,0.9717501877508065,0.9781448264016457,1.0,0.9782587164677949,0.9696895984717114,0.9688824391876525,0.9549079783074955
1,8,2.267100710339016,0.17611159546643418,3441,2.2907122373580933,0.14098837209302326,688,2.2906230944621413,0.1509,0.9814071648450698,0.0828600820322979,,,0.901920889390788,,0.9019656384611576,0.09803436153884237,0.8334676411915082,0.14561036729362495,10,0.025,0.15,0.8368464530152521,0.9073506565953064,0.9437169851530093,0.9521061868906071,0.9644262645536352,0.9691612224945167,0.9806478477876344,0.9782587164677949,1.0,0.9693059763688966,0.9660308419988902,0.9610363655269625
1,9,2.263972958812007,0.1599880023995201,3334,2.290400266647339,0.15142428785607195,667,2.2906266828126545,0.1507,0.9740225885339324,0.08201385583367389,,,0.8801472997640483,,0.8801884768364938,0.11981152316350618,0.8323965121248521,0.1455577759862637,10,0.025,0.15,0.8239558990226201,0.8964470908337449,0.9259509801375134,0.9304415103529223,0.9514570617411857,0.9674656079561499,0.9741130451010168,0.9696895984717114,0.9693059763688966,1.0,0.9740622733818707,0.9617773852384337
1,10,2.2693616995444663,0.1650725084850355,3241,2.2924890518188477,0.16358024691358025,648,2.2906239575977567,0.1509,0.9703945796526023,0.08273811971924856,,,0.8987827717591401,,0.898813355118747,0.10118664488125295,0.8323859325112545,0.14556099229038746,10,0.025,0.15,0.8187360612231241,0.8853369281985045,0.9136067464422131,0.9244309379972437,0.9472874614999104,0.960351268187007,0.9687118902699888,0.9688824391876525,0.9660308419988902,0.9740622733818707,1.0,0.9757500931659462
1,11,2.2722805948257445,0.15675846786957898,3159,2.2935925483703614,0.14240506329113925,632,2.2906268306925326,0.1508,0.9582734995561532,0.0812294784854997,,,0.8599650949121712,,0.8600039609843046,0.13999603901569535,0.8324079805512701,0.14555028357943212,10,0.025,0.15,0.7978439882890486,0.867730732972686,0.9017246381942,0.9048995711757521,0.9365890988525114,0.945514626844531,0.955150638632314,0.9549079783074955,0.9610363655269625,0.9617773852384337,0.9757500931659462,1.0
2,0,2.0387946285583354,0.26008765522279037,6845,2.2795169786973433,0.17384952520087654,1369,2.2772547746006446,0.1862,0.910225422172308,0.07849527929923146,,,0.8,,0.8000115528708884,0.19998844712911157,0.9401898200492129,0.14611383658068414,10,0.025,0.15,1.0,0.9542980542722698,0.9286347655394142,0.9234122554206958,0.8897131341644752,0.883186339814412,0.8610386375439766,0.8630834707400172,0.8441108527068172,0.8529743157916471,0.8355822106924455,0.8136508884883442
2,1,2.0696295142173766,0.2473347937203359,5478,2.2781205972035727,0.18248175182481752,1096,2.2772194403636306,0.1885,0.9629189974175095,0.08273211941737466,,,0.913603681998838,,0.9136505421597267,0.08634945784027326,0.9417571643518043,0.14621849385510333,10,0.025,0.15,0.9542980542722698,1.0,0.9701811091471598,0.9631656949421118,0.950187235417142,0.9456241993009462,0.9240437578270064,0.9293924835974607,0.9142940172710767,0.9190984881130987,0.9024571404858089,0.8890577547483707
2,2,2.1283304383880215,0.22439834024896266,4820,2.2760493755340576,0.18672199170124482,964,2.2772147021716154,0.1885,0.9775093558479321,0.08493044231332508,,,0.9725479820522857,,0.9725866877919163,0.02741331220808374,0.9418333344283182,0.14622675247618375,10,0.025,0.15,0.9286347655394142,0.9701811091471598,1.0,0.9684209827694205,0.9652994090181745,0.9628825008810169,0.9491905789934665,0.9546142243963581,0.940908546499043,0.9426557568760627,0.9274695722797023,0.9201197763487784
2,3,2.1109670540264673,0.23554244212437586,4406,2.2735626016344344,0.22814982973893302,881,2.277214545237867,0.1885,0.9854709602013298,0.08459901277146259,,,0.9636612609986557,,0.9636909772078361,0.03630902279216386,0.941834394035057,0.14622655202538135,10,0.025,0.15,0.9234122554206958,0.9631656949421118,0.9684209827694205,1.0,0.9708646540073335,0.9701591760554166,0.9631784802147046,0.9668461441794252,0.955793688927484,0.9554329966676167,0.9509337513873712,0.9357195247046947
2,4,2.1526296760096693,0.216147859922179,4112,2.2768233163016185,0.19099756690997566,822,2.277214856087407,0.1885,0.9874196521345195,0.08558131390805547,,,0.9899999999731867,,0.9900232707827895,0.00997672921721049,0.9418295735233411,0.14622690361738816,10,0.025,0.15,0.8897131341644752,0.950187235417142,0.9652994090181745,0.9708646540073335,1.0,0.9814136024040135,0.9661910995265267,0.972974265341861,0.9683701458179029,0.9627298444385332,0.9603993059035579,0.9568513295355554
2,5,2.155409530670412,0.2283106196965801,3889,2.2729910101209367,0.2069408740359897,778,2.2772152393679077,0.1885,0.9872348843883783,0.0846622246499951,,,0.965356180312841,,0.9653908996385602,0.034609100361439826,0.9418355896237568,0.14622659770751611,10,0.025,0.15,0.883186339814412,0.9456241993009462,0.9628825008810169,0.9701591760554166,0.9814136024040135,1.0,0.9663608406385885,0.9745734425660821,0.9698036189542986,0.9694711862763348,0.9629591379374275,0.9565646481041127
2,6,2.1669858315895345,0.20803018054432768,3711,2.279587427775065,0.16981132075471697,742,2.277215764492373,0.1885,0.984805606087493,0.08419650884743864,,,0.952868800931,,0.9529137990790711,0.047086200920928856,0.9417993009853777,0.14622615722073787,10,0.025,0.15,0.8610386375439766,0.9240437578270064,0.9491905789934665,0.9631784802147046,0.9661910995265267,0.9663608406385885,1.0,0.9807492912930188,0.9822976589102652,0.9750028596882782,0.978396314824273,0.9687363947838479
2,7,2.177185424736568,0.2222222222222222,3564,2.277838190396627,0.1935483870967742,713,2.2772187703772437,0.1885,0.9878172506902931,0.0838477800094878,,,0.9435182285927279,,0.9435724777607235,0.056427522239276495,0.9417819341023308,0.14622569839482175,10,0.025,0.15,0.8630834707400172,0.9293924835974607,0.9546142243963581,0.9668461441794252,0.972974265341861,0.9745734425660821,0.9807492912930188,1.0,0.9792709059301204,0.9758771956832466,0.9801581445873695,0.9726771584295173
2,8,2.1712279898148994,0.21761115954664342,3441,2.276167352994283,0.17732558139534885,688,2.2772215438794485,0.1884,0.9820936533624566,0.08328877467157245,,,0.9285294485412353,,0.9285619976564177,0.07143800234358233,0.9417551818912135,0.14622036819688014,10,0.025,0.15,0.8441108527068172,0.9142940172710767,0.940908546499043,0.955793688927484,0.9683701458179029,0.9698036189542986,0.9822976589102652,0.9792709059301204,1.0,0.9729337003229473,0.9801142623724437,0.9752809264396611
2,9,2.1721760511398314,0.21865626874625074,3334,2.2768537203470864,0.1889055472263868,667,2.277224326435524,0.1886,0.9808991405218781,0.08272602572160069,,,0.9134402898816942,,0.9134937531976696,0.08650624680233043,0.9417278308412631,0.14621849082528668,10,0.025,0.15,0.8529743157916471,0.9190984881130987,0.9426557568760627,0.9554329966676167,0.9627298444385332,0.9694711862763348,0.9750028596882782,0.9758771956832466,0.9729337003229473,1.0,0.9753497736862159,0.9684811885818634
2,10,2.188731239392207,0.2095649490897871,3241,2.2790184020996094,0.19598765432098766,648,2.2772202884094623,0.1885,0.9777455603194142,0.08307161638815416,,,0.9227067174763501,,0.9227443019590368,0.07725569804096322,0.9417581931874984,0.1462197055407289,10,0.025,0.15,0.8355822106924455,0.9024571404858089,0.9274695722797023,0.9509337513873712,0.9603993059035579,0.9629591379374275,0.978396314824273,0.9801581445873695,0.9801142623724437,0.9753497736862159,1.0,0.9790691129348761
2,11,2.195820188999176,0.20079138968027857,3159,2.2813214302062987,0.17405063291139242,632,2.2772243626510043,0.1886,0.9694940679319707,0.08186890200230185,,,0.8904579710483933,,0.8904787839778184,0.10952121602218157,0.9417238842512781,0.14620285548411596,10,0.025,0.15,0.8136508884883442,0.8890577547483707,0.9201197763487784,0.9357195247046947,0.9568513295355554,0.9565646481041127,0.9687363947838479,0.9726771584295173,0.9752809264396611,0.9684811885818634,0.9790691129348761,1.0
3,0,1.9711689867355204,0.28596055514974433,6845,2.2616642171686347,0.1964937910883857,1369,2.258678904062585,0.2169,0.9207918408813591,0.07862643744473499,,,0.8,,0.8000115528708884,0.19998844712911157,0.9722844993494641,0.14594728274594881,10,0.025,0.15,1.0,0.9518628786453568,0.9316751258878496,0.9273787843359552,0.8977584082587722,0.8963925389313628,0.8775158862953941,0.8737870312978089,0.8621382644718791,0.8647696187373419,0.8514167185576802,0.8271520373181742
3,1,1.9925165547881016,0.2823840817816721,5478,2.2602561314900718,0.21350364963503649,1096,2.2586013214497624,0.2175,0.9635271560201767,0.08264332750428302,,,0.9181919493539585,,0.9182386823125547,0.08176131768744532,0.9728827690505639,0.14603434639193344,10,0.025,0.15,0.9518628786453568,1.0,0.9638189376479499,0.9591771363243176,0.9450910814147083,0.9427434021073409,0.9293896117362315,0.9301301479442096,0.9202127672560504,0.9185999557683696,0.905891154072942,0.8894616267376706
3,2,2.049938994646072,0.25850622406639007,4820,2.256868064403534,0.21784232365145229,964,2.258593797683716,0.2177,0.9758531200956734,0.08440654055141183,,,0.9700722806742377,,0.9701110726015415,0.029888927398458498,0.9730024604938283,0.14604090717272686,10,0.025,0.15,0.9316751258878496,0.9638189376479499,1.0,0.963018676848385,0.9611299824264198,0.958699913752324,0.9503819792266197,0.9490788237587724,0.9401182646891912,0.937849933561174,0.9276772275515225,0.914388807831264
3,3,2.0285436160223824,0.2667952791647753,4406,2.254038163593837,0.24404086265607264,881,2.258593577372877,0.2177,0.98221958131822,0.08440879940289042,,,0.9701387445444452,,0.9701770890066181,0.029822910993381857,0.9729970770646239,0.14604090729125718,10,0.025,0.15,0.9273787843359552,0.9591771363243176,0.963018676848385,1.0,0.9606416870010079,0.9644013586436042,0.9618049095536103,0.9601997742167375,0.9515538415548398,0.9475546244025231,0.947220848209237,0.9292664188115817
3,4,2.078127086885048,0.24778696498054475,4112,2.2579948220934187,0.22871046228710462,822,2.2585937041270583,0.2177,0.9842646079499137,0.0850838071333446,,,0.9899999999705762,,0.9900232707827895,0.00997672921721049,0.9730051127430227,0.1460412323076366,10,0.025,0.15,0.8977584082587722,0.9450910814147083,0.9611299824264198,0.9606416870010079,1.0,0.9713826422762862,0.9638759280035916,0.966327375350076,0.9629483894937771,0.9564117296049978,0.9544907417810754,0.9541641158651202
3,5,2.0720220442741146,0.26351247107225506,3889,2.2534089429037913,0.24293059125964012,778,2.2585944193827956,0.2177,0.9846357328316443,0.08452670235624156,,,0.9736078909947037,,0.9736429502731428,0.02635704972685715,0.9729992410051546,0.14604101335787725,10,0.025,0.15,0.8963925389313628,0.9427434021073409,0.958699913752324,0.9644013586436042,0.9713826422762862,1.0,0.9636437848833059,0.9665445348863647,0.9654028615133746,0.9636579079283202,0.9572331903465094,0.9486313406061849
3,6,2.0857920815204753,0.24890864995957962,3711,2.261524240175883,0.19002695417789758,742,2.258595680888695,0.2177,0.9832801112782764,0.08419409274970763,,,0.9638212707020581,,0.9638477661698932,0.036152233830106795,0.9729781770929413,0.14604063275443557,10,0.025,0.15,0.8775158862953941,0.9293896117362315,0.9503819792266197,0.9618049095536103,0.9638759280035916,0.9636437848833059,1.0,0.9721844840196263,0.9745935520523215,0.9620137227205059,0.9685061504977867,0.9585657014299088
3,7,2.090104018364634,0.25190796857463527,3564,2.2601541678110757,0.20897615708274894,713,2.258598885958708,0.2177,0.9841003088726833,0.08400485587223634,,,0.9582532130488935,,0.9582858840421845,0.04171411595781549,0.9729612255778701,0.14604028975900554,10,0.025,0.15,0.8737870312978089,0.9301301479442096,0.9490788237587724,0.9601997742167375,0.966327375350076,0.9665445348863647,0.9721844840196263,1.0,0.9696272476685256,0.9667023306355178,0.9712912454858641,0.9662020098665642
3,8,2.0898894835401465,0.25143853530950305,3441,2.2560108502705893,0.2180232558139535,688,2.2586017409457435,0.2177,0.9809905366651126,0.08355729401368334,,,0.9450842669899585,,0.9451403673812943,0.054859632618705745,0.9729267174397469,0.14603926760088712,10,0.025,0.15,0.8621382644718791,0.9202127672560504,0.9401182646891912,0.9515538415548398,0.9629483894937771,0.9654028615133746,0.9745935520523215,0.9696272476685256,1.0,0.9654815325147644,0.9746092747990756,0.9689497732098311
3,9,2.0794524493040862,0.2550989802039592,3334,2.258468230565389,0.22338830584707647,667,2.258606126036825,0.2176,0.9769656775774962,0.08307758617096689,,,0.9309694656858325,,0.9310211087455232,0.06897889125447676,0.9728940163519189,0.146037038460613,10,0.025,0.15,0.8647696187373419,0.9185999557683696,0.937849933561174,0.9475546244025231,0.9564117296049978,0.9636579079283202,0.9620137227205059,0.9667023306355178,0.9654815325147644,1.0,0.9646160265331005,0.961625626230659
3,10,2.108141498840772,0.24402962048750385,3241,2.2603200674057007,0.2361111111111111,648,2.258600322506096,0.2175,0.9757830866669553,0.08325306722911802,,,0.9361327756171756,,0.9361703883415029,0.0638296116584971,0.9728913023275564,0.14603778036950113,10,0.025,0.15,0.8514167185576802,0.905891154072942,0.9276772275515225,0.947220848209237,0.9544907417810754,0.9572331903465094,0.9685061504977867,0.9712912454858641,0.9746092747990756,0.9646160265331005,1.0,0.9719451653801978
3,11,2.113190950870514,0.23735359290914845,3159,2.2640116214752197,0.20094936708860758,632,2.2586057155947143,0.2175,0.9668638875818081,0.08221748957138142,,,0.9056622025467573,,0.9057038173986236,0.0942961826013764,0.9728891350312545,0.14603104816735052,10,0.025,0.15,0.8271520373181742,0.8894616267376706,0.914388807831264,0.9292664188115817,0.9541641158651202,0.9486313406061849,0.9585657014299088,0.9662020098665642,0.9689497732098311,0.961625626230659,0.9719451653801978,1.0
4,0,1.916110254658593,0.30765522279035795,6845,2.2382819652557373,0.21256391526661797,1369,2.2344004926802237,0.2364,0.925767419819086,0.07892283677554769,,,0.8,,0.8000115528708884,0.19998844712911157,0.9843335186329397,0.14569522467457913,10,0.025,0.15,1.0,0.9461383554237199,0.931245230705904,0.9255675414614033,0.898979412525036,0.899758075364718,0.8856156742098614,0.877647170948077,0.8697122604638842,0.8724280648118962,0.8556775757759276,0.8383394813170251
4,1,1.936206741665685,0.30180722891566264,5478,2.236933628718058,0.22536496350364962,1096,2.2342837550972083,0.2371,0.9641241104178103,0.08266329834606626,,,0.9238287782714765,,0.9238748328959746,0.07612516710402539,0.9848208956062836,0.14577192287369184,10,0.025,0.15,0.9461383554237199,1.0,0.9587664560142983,0.9539970621122744,0.9392521636712189,0.9404428319585376,0.9312318025585786,0.9279923215826823,0.9239858242370155,0.9219574827024205,0.9064070657916774,0.8934239501581105
4,2,1.989553484477495,0.2845228215767635,4820,2.231747806072235,0.23132780082987553,964,2.2342718402041664,0.2371,0.9740523588275931,0.08407984012417782,,,0.9707236960368641,,0.9707629846016735,0.02923701539832646,0.9848752321184358,0.1457751766111459,10,0.025,0.15,0.931245230705904,0.9587664560142983,1.0,0.9578966473356564,0.9547768779787092,0.9534617890871236,0.9472809976956568,0.944433610911612,0.9379129515776695,0.9352833282432513,0.9223145708974039,0.913722207469522
4,3,1.964317240715027,0.2922832501134816,4406,2.228327444621495,0.27695800227014755,881,2.2342717375936387,0.2372,0.9807497693990003,0.08429969073388534,,,0.9780018973735367,,0.97804954531201,0.02195045468798995,0.9848756424348638,0.14577530468065364,10,0.025,0.15,0.9255675414614033,0.9539970621122744,0.9578966473356564,1.0,0.9527437727341681,0.959168095071452,0.957893635207681,0.9559085678593751,0.9489614655602093,0.9487861340340255,0.9443433751611005,0.9295766220315232
4,4,2.015769026496194,0.2744163424124514,4112,2.233292511531285,0.24330900243309003,822,2.2342714508877526,0.2371,0.9790360430635172,0.08466211409213899,,,0.9899999999668947,,0.9900232707827895,0.00997672921721049,0.9848785764097583,0.1457753869094427,10,0.025,0.15,0.898979412525036,0.9392521636712189,0.9547768779787092,0.9527437727341681,1.0,0.9611093722506064,0.9583928887132093,0.9559611353915557,0.9561415157388072,0.9476685289236845,0.9433112804580492,0.9446993741109518
4,5,2.0077171975566497,0.28958601182823346,3889,2.227978467941284,0.2647814910025707,778,2.2342727667168725,0.2372,0.9809542896694711,0.08437942921750621,,,0.9806416568849876,,0.9806736974138073,0.019326302586192723,0.984873947792098,0.1457753336662698,10,0.025,0.15,0.899758075364718,0.9404428319585376,0.9534617890871236,0.959168095071452,0.9611093722506064,1.0,0.9586134498618647,0.9562897794694073,0.9599511306947509,0.9582479767673473,0.947814185556117,0.940767134950022
4,6,2.0191585487332837,0.27987065481002427,3711,2.237886071205139,0.21293800539083557,742,2.234274517131757,0.2371,0.982086072393348,0.08421021774555627,,,0.9750398750069895,,0.9750870591341948,0.0249129408658052,0.9848866926021304,0.1457752663957097,10,0.025,0.15,0.8856156742098614,0.9312318025585786,0.9472809976956568,0.957893635207681,0.9583928887132093,0.9586134498618647,1.0,0.9648527875681127,0.9689624823776267,0.9589351429106987,0.9617875094826205,0.9548099396128434
4,7,2.0199405227388656,0.2753928170594837,3564,2.236971378326416,0.22861150070126227,713,2.234279007851323,0.2371,0.9798473539080773,0.08401992188810595,,,0.9687400900489181,,0.968774240398739,0.03122575960126095,0.9848803784560021,0.14577514205550993,10,0.025,0.15,0.877647170948077,0.9279923215826823,0.944433610911612,0.9559085678593751,0.9559611353915557,0.9562897794694073,0.9648527875681127,1.0,0.9610473227710857,0.9585970516267,0.9617786826796155,0.9575665662473396
4,8,2.0249950448671976,0.2734088927637315,3441,2.23000697294871,0.24709302325581395,688,2.2342820922030677,0.2373,0.9791090426333073,0.08371847421965621,,,0.9587606006748992,,0.9588140152827977,0.04118598471720225,0.9848656506349903,0.1457748701321561,10,0.025,0.15,0.8697122604638842,0.9239858242370155,0.9379129515776695,0.9489614655602093,0.9561415157388072,0.9599511306947509,0.9689624823776267,0.9610473227710857,1.0,0.9592796680099401,0.9641830743800486,0.9632098766432499
4,9,2.0109509145772018,0.2829634073185363,3334,2.2346856196721396,0.2563718140929535,667,2.2342900052855286,0.237,0.9756839992588208,0.08330947116521155,,,0.9452204673019574,,0.9452641481408129,0.05473585185918706,0.9848665486397057,0.14577415579536152,10,0.025,0.15,0.8724280648118962,0.9219574827024205,0.9352833282432513,0.9487861340340255,0.9476685289236845,0.9582479767673473,0.9589351429106987,0.9585970516267,0.9592796680099401,1.0,0.9577454705332863,0.9550937056275329
4,10,2.040526642249181,0.2675717371181734,3241,2.235923409461975,0.25308641975308643,648,2.2342828768718093,0.237,0.9718059136843823,0.08329172919036487,,,0.9446331154396356,,0.9446782525457577,0.05532174745424234,0.9848703775437817,0.1457740954755062,10,0.025,0.15,0.8556775757759276,0.9064070657916774,0.9223145708974039,0.9443433751611005,0.9433112804580492,0.947814185556117,0.9617875094826205,0.9617786826796155,0.9641830743800486,0.9577454705332863,1.0,0.9627693524357188
4,11,2.0446889424324035,0.26353276353276356,3159,2.241134786605835,0.2120253164556962,632,2.2342917919158936,0.2368,0.96546025496496,0.08244297650178277,,,0.9165349766136346,,0.9165635160337344,0.08343648396626557,0.9848129057812526,0.1457708169854634,10,0.025,0.15,0.8383394813170251,0.8934239501581105,0.913722207469522,0.9295766220315232,0.9446993741109518,0.940767134950022,0.9548099396128434,0.9575665662473396,0.9632098766432499,0.9550937056275329,0.9627693524357188,1.0
5,0,1.8746713898800038,0.3233016800584368,6845,2.2095497738231313,0.2337472607742878,1369,2.20463748219647,0.2525,0.931702414959186,0.07936454347421945,,,0.8,,0.8000115528708884,0.19998844712911157,0.9893592397059295,0.14537926333406886,10,0.025,0.15,1.0,0.9437644949145001,0.9298148373893979,0.9250326706227701,0.9037790846878538,0.9020261917041225,0.8927545873246852,0.8835499489815212,0.8786929775377884,0.874066200277941,0.8632881930042576,0.8496455284916784
5,1,1.8898308116336202,0.31778021175611537,5478,2.2082426812913685,0.23266423357664234,1096,2.204466158830667,0.2537,0.9627602096646288,0.08269833218331077,,,0.9284516261512546,,0.9284877292007063,0.07151227079929368,0.9900094403934518,0.14545191514578137,10,0.025,0.15,0.9437644949145001,1.0,0.9525503702668154,0.9487542038472663,0.9328725250224733,0.9368267078508916,0.9292602745257652,0.9246595018274476,0.9217308662218979,0.9143253641385094,0.9047945137501802,0.8939572493225882
5,2,1.9418477626223314,0.3031120331950207,4820,2.201203376054764,0.241701244813278,964,2.204455804221238,0.2539,0.9724640705659694,0.08389368415839851,,,0.9745088056612861,,0.9745424237923124,0.025457576207687627,0.9900107470126406,0.14545488598192338,10,0.025,0.15,0.9298148373893979,0.9525503702668154,1.0,0.9513742212916552,0.948794414272374,0.9485457947645414,0.9426750486077544,0.942050698086158,0.9349436403321092,0.927233687484389,0.9218434614092083,0.9144978660378217
5,3,1.9134828213282993,0.31068996822514755,4406,2.1968391282217845,0.2883087400681044,881,2.2044565858720224,0.2539,0.9778500577743704,0.08420586069748892,,,0.9865370376794345,,0.9865656615668994,0.013434338433100601,0.9900128211246931,0.14545504489670166,10,0.025,0.15,0.9250326706227701,0.9487542038472663,0.9513742212916552,1.0,0.9469684364213844,0.9529699457909803,0.9529705777987874,0.9495745726611738,0.9439786932276313,0.9388246026977861,0.9397297993781106,0.9263078629159359
5,4,1.9677233161348284,0.29319066147859923,4112,2.2029412473951067,0.26034063260340634,822,2.20445636857914,0.2539,0.9737172717628069,0.0842957372128883,,,0.9899999999614697,,0.9900232707827895,0.00997672921721049,0.9900138629619278,0.14545505550148727,10,0.025,0.15,0.9037790846878538,0.9328725250224733,0.948794414272374,0.9469684364213844,1.0,0.9511725349942162,0.9511847172479067,0.9467353492302649,0.9458328650808175,0.9307220484120728,0.934386322852635,0.9346264924492161
5,5,1.952443056337295,0.3109539727436359,3889,2.196733066013881,0.2763496143958869,778,2.204457844359965,0.2539,0.9785868431223654,0.08427936831598883,,,0.9893693026952315,,0.9894043669851958,0.010595633014804151,0.9900147074202315,0.14545505545951606,10,0.025,0.15,0.9020261917041225,0.9368267078508916,0.9485457947645414,0.9529699457909803,0.9511725349942162,1.0,0.9542963807403092,0.951580970837888,0.9559943748335877,0.9486026860917942,0.9461266172196303,0.9355352385113253
5,6,1.9694860182959457,0.3019671247642145,3711,2.208921432495117,0.24528301886792453,742,2.2044604790361624,0.2538,0.9796177809348701,0.08420807186348023,,,0.9866222344006601,,0.9866481820732452,0.013351817926754772,0.9900106232088018,0.14545504490635022,10,0.025,0.15,0.8927545873246852,0.9292602745257652,0.9426750486077544,0.9529705777987874,0.9511847172479067,0.9542963807403092,1.0,0.9574477853872818,0.9628695427548352,0.9477622642499576,0.9546948163041824,0.9494238185748202
5,7,1.9647905707359314,0.2927609427609428,3564,2.2086063623428345,0.23983169705469845,713,2.2044655250597605,0.2539,0.9771329313564404,0.08400892993603902,,,0.9789492513033928,,0.9789902790843524,0.021009720915647567,0.9900155152648702,0.14545496153118673,10,0.025,0.15,0.8835499489815212,0.9246595018274476,0.942050698086158,0.9495745726611738,0.9467353492302649,0.951580970837888,0.9574477853872818,1.0,0.9534119595511642,0.9496630868938251,0.9566170196187752,0.9509184079556916
5,8,1.9711068877467404,0.2901772740482418,3441,2.198365847269694,0.25726744186046513,688,2.2044672030436843,0.2539,0.9765122579065341,0.08380170189435082,,,0.9709647084118775,,0.971010546120711,0.028989453879288973,0.9900138549190853,0.14545481166600296,10,0.025,0.15,0.8786929775377884,0.9217308662218979,0.9349436403321092,0.9439786932276313,0.9458328650808175,0.9559943748335877,0.9628695427548352,0.9534119595511642,1.0,0.9482532245456569,0.9571384781443713,0.9561140532688882
5,9,1.9518784593652796,0.3052189562087583,3334,2.2053189277648926,0.28335832083958024,667,2.2044767760023287,0.2535,0.9693888793377997,0.08331549240716159,,,0.9522309478981081,,0.9522701391295737,0.0477298608704263,0.9900185334325086,0.14545407449758327,10,0.025,0.15,0.874066200277941,0.9143253641385094,0.927233687484389,0.9388246026977861,0.9307220484120728,0.9486026860917942,0.9477622642499576,0.9496630868938251,0.9482532245456569,1.0,0.9512115358659148,0.9458952931475263
5,10,1.9834841347657717,0.2853748842949707,3241,2.20579727490743,0.26080246913580246,648,2.2044683076158353,0.2536,0.970163145046071,0.08332976319331371,,,0.9527808044870092,,0.9528312785727253,0.047168721427274685,0.9900191603299971,0.14545412022187512,10,0.025,0.15,0.8632881930042576,0.9047945137501802,0.9218434614092083,0.9397297993781106,0.934386322852635,0.9461266172196303,0.9546948163041824,0.9566170196187752,0.9571384781443713,0.9512115358659148,1.0,0.9550390566326841
5,11,1.991816810131073,0.2843937955049066,3159,2.2128389358520506,0.24208860759493672,632,2.204478734656225,0.2536,0.9638885363206214,0.08259851466335988,,,0.9246056347358084,,0.9246422736049908,0.07535772639500915,0.9900029591961073,0.14545135104035373,10,0.025,0.15,0.8496455284916784,0.8939572493225882,0.9144978660378217,0.9263078629159359,0.9346264924492161,0.9355352385113253,0.9494238185748202,0.9509184079556916,0.9561140532688882,0.9458952931475263,0.9550390566326841,1.0
6,0,1.837007411983278,0.3355441928414901,6845,2.1758174029263584,0.2724616508400292,1369,2.1697761469249484,0.2845,0.9349548121310977,0.07982125196893891,,,0.8,,0.8000115528708884,0.19998844712911157,0.9921352248324642,0.14499549426622696,10,0.025,0.15,1.0,0.9383023074044641,0.928073477116785,0.9243032668576076,0.9072924990532393,0.9022586611314061,0.894056490111606,0.8843722330498943,0.8834221612944952,0.8699703540811614,0.8694877348384975,0.8543477124465205
6,1,1.8501459545867387,0.3336801752464403,5478,2.174497127532959,0.2728102189781022,1096,2.1695252309871624,0.2875,0.9618707269165053,0.08277043295290373,,,0.9281916098380016,,0.9282236635803998,0.07177633641960024,0.9925581403975743,0.14507751493065787,10,0.025,0.15,0.9383023074044641,1.0,0.948328100534669,0.9421102831106315,0.9289388539458254,0.9341432298978815,0.9254077658207421,0.9204535462042225,0.9201855128582517,0.9110255960657964,0.902679268987135,0.8928293228464435
6,2,1.9006857043818424,0.31807053941908714,4820,2.1655763685703278,0.27800829875518673,964,2.1695139377932007,0.2876,0.9688984076683332,0.08374216816002927,,,0.9704298791117373,,0.9704741628294631,0.029525837170536917,0.9925671575680792,0.1450805322838647,10,0.025,0.15,0.928073477116785,0.948328100534669,1.0,0.9449891352374298,0.9429645727138393,0.9411823220245045,0.9344541003516996,0.9330519288382914,0.928838627407048,0.9207566769790674,0.9155212529808983,0.9061843576835034
6,3,1.871113248552595,0.3261234679981843,4406,2.160031591142927,0.3166855845629966,881,2.1695140192780316,0.2875,0.9742542823283699,0.0841109788762819,,,0.9864609194917584,,0.9864913931111882,0.013508606888811836,0.9925670283631617,0.1450807104420444,10,0.025,0.15,0.9243032668576076,0.9421102831106315,0.9449891352374298,1.0,0.9411476237412792,0.9444478936765399,0.9456223880461554,0.9408061625899525,0.9393537048814236,0.9291836999134219,0.933592870457,0.9203897978172494
6,4,1.931608407425158,0.3006079766536965,4112,2.1673447063991,0.2944038929440389,822,2.1695140192780316,0.2875,0.9735639409120115,0.08414421960430844,,,0.9879057892576624,,0.9879355019722401,0.012064498027759885,0.9925652935666578,0.14508071343552723,10,0.025,0.15,0.9072924990532393,0.9289388539458254,0.9429645727138393,0.9411476237412792,1.0,0.9483419111409819,0.9470978386125596,0.9411088290302967,0.9437945927524429,0.931097885133235,0.9325451958487798,0.9326657405257424
6,5,1.9095213740102706,0.3245821547955773,3889,2.1601989609854564,0.30205655526992287,778,2.169515280783931,0.2875,0.9753494541005812,0.08419239909419339,,,0.9899999999565331,,0.9900232707827895,0.00997672921721049,0.992565207109316,0.14508071581985155,10,0.025,0.15,0.9022586611314061,0.9341432298978815,0.9411823220245045,0.9444478936765399,0.9483419111409819,1.0,0.9477155650359818,0.944249460331579,0.948524370064684,0.9411972628154561,0.9374880824935682,0.9278592239026754
6,6,1.9268195583902556,0.31800053893829155,3711,2.1749536196390786,0.27897574123989216,742,2.16951975943167,0.2877,0.9764191743191603,0.08418308956928658,,,0.9895953442263083,,0.9896354244029641,0.010364575597035852,0.9925664559437063,0.14508071578527765,10,0.025,0.15,0.894056490111606,0.9254077658207421,0.9344541003516996,0.9456223880461554,0.9470978386125596,0.9477155650359818,1.0,0.949773289321397,0.9561992765975635,0.9405297913777552,0.9460516013009954,0.9425926047435443
6,7,1.9191977305071695,0.30830527497194166,3564,2.1752962668736777,0.26928471248246844,713,2.1695255418367023,0.2878,0.9728485907291614,0.08394278812987656,,,0.9791501974103451,,0.9791883282995825,0.020811671700417533,0.9925658639197927,0.14508066959574972,10,0.025,0.15,0.8843722330498943,0.9204535462042225,0.9330519288382914,0.9408061625899525,0.9411088290302967,0.944249460331579,0.949773289321397,1.0,0.9434846669618978,0.9403032544626203,0.945940211992046,0.9443920047997636
6,8,1.9258546855714587,0.3071490845684394,3441,2.1614559491475425,0.2761627906976744,688,2.1695284330392184,0.2876,0.9736407243041422,0.08384001860282897,,,0.9746831297104818,,0.974707464805004,0.02529253519499597,0.9925630224900331,0.14508061398792024,10,0.025,0.15,0.8834221612944952,0.9201855128582517,0.928838627407048,0.9393537048814236,0.9437945927524429,0.948524370064684,0.9561992765975635,0.9434846669618978,1.0,0.9389432856376758,0.947526981167766,0.9468676643059522
6,9,1.9157108810212877,0.31517696460707856,3334,2.170676906903585,0.32083958020989506,667,2.1695372665984722,0.2874,0.9653131342641569,0.08326606279682185,,,0.9497350783199543,,0.9497697677872952,0.05023023221270484,0.9925550582532211,0.1450796668096299,10,0.025,0.15,0.8699703540811614,0.9110255960657964,0.9207566769790674,0.9291836999134219,0.931097885133235,0.9411972628154561,0.9405297913777552,0.9403032544626203,0.9389432856376758,1.0,0.9396658738787217,0.9379611730861553
