round,client_id,client_i_training_loss,client_i_training_accuracy,client_i_training_dataset_size,client_i_evaluation_loss,client_i_evaluation_accuracy,client_i_evaluation_dataset_size,client_i_central_evaluation_loss,client_i_central_evaluation_accuracy,client_i_cosine_similarity,client_i_importance_coefficient,client_i_tanh_val,tanh_normalization_value,client_i_q,client_i_mask_order,client_i_v_nonzero_fraction,client_i_v_sparsity,client_i_v_cosine_similarity,client_i_reward_gradient_norm,local_epochs,learning_rate,gamma,client_0_cosine_similarity,client_1_cosine_similarity,client_2_cosine_similarity,client_3_cosine_similarity,client_4_cosine_similarity,client_5_cosine_similarity,client_6_cosine_similarity,client_7_cosine_similarity,client_8_cosine_similarity,client_9_cosine_similarity,client_10_cosine_similarity,client_11_cosine_similarity
0,0,2.262502698986619,0.180409057706355,6845,2.2983934445814653,0.14974433893352812,1369,2.2974818054633803,0.1452,0.9055185343182555,0.08108332764230416,,,0.777594796487303,,0.7776484956511693,0.22235150434883066,0,0.13985010210443224,10,0.025,0.15,1.0,0.932458835770269,0.9030132218650385,0.8644267804230802,0.827926878728224,0.8250593954671492,0.7917430627674179,0.7648086633787315,0.7515880008485325,0.7407109136753106,0.7497576800589291,0.74456675389484
0,1,2.2889465110246525,0.16935012778386271,5478,2.297482967376709,0.14507299270072993,1096,2.297473865219309,0.1453,0.9629686880942976,0.08622761731190288,,,0.9456631969086342,,0.9457097588750805,0.054290241124919536,0,0.1399049444043548,10,0.025,0.15,0.932458835770269,1.0,0.9587323043405951,0.9148811311773256,0.9016601976360242,0.8961676229865747,0.8886143095307972,0.846022039087311,0.8255859107826012,0.7829953909287493,0.865513836410459,0.8335902735197773
0,2,2.293597668723056,0.14989626556016597,4820,2.297499120235443,0.1462655601659751,964,2.297473832021786,0.1453,0.9747059011037297,0.08727860881785567,,,0.9799999999673291,,0.9800300374643098,0.019969962535690167,0,0.13990551326410675,10,0.025,0.15,0.9030132218650385,0.9587323043405951,1.0,0.9398862713482321,0.9063844820048002,0.9022275581194269,0.9006197460090405,0.885140155877917,0.8585928708760086,0.8329900894827047,0.8926160042719344,0.8560163222626325
0,3,2.2939138119561333,0.1487063095778484,4406,2.2976433549608504,0.14188422247446084,881,2.297473838057699,0.1453,0.967991942387459,0.08667741724227059,,,0.9603585503319227,,0.9603984090046377,0.03960159099536231,0,0.13990529641025262,10,0.025,0.15,0.8644267804230802,0.9148811311773256,0.9398862713482321,1.0,0.8892546281484864,0.9104209066595361,0.9184002943412006,0.927934980869543,0.8392464045129564,0.8466775388147518,0.8808842199424353,0.8861368961465007
0,4,2.2954007611130223,0.1564931906614786,4112,2.299079213823591,0.13260340632603407,822,2.2974756880651546,0.1453,0.938628413873938,0.0840481031940623,,,0.8744565823888596,,0.8744863098479972,0.12551369015200275,0,0.1398959392548656,10,0.025,0.15,0.827926878728224,0.9016601976360242,0.9063844820048002,0.8892546281484864,1.0,0.8445436313194947,0.8613583497139787,0.8343122019572288,0.8758855804185283,0.8453278237571663,0.8809362177395678,0.8312896100780081
0,5,2.2948339800680837,0.14510156852661352,3889,2.299670015062605,0.14010282776349614,778,2.2974751569047758,0.1453,0.9419765508162995,0.08434790720071711,,,0.8842514390308086,,0.8843062501031507,0.11569374989684933,0,0.13989893472113157,10,0.025,0.15,0.8250593954671492,0.8961676229865747,0.9022275581194269,0.9104209066595361,0.8445436313194947,1.0,0.9151538506416872,0.8848077655975943,0.7995722081670447,0.8341901986931141,0.8463179450782937,0.8944821975778622
0,6,2.295458939157683,0.14521692266235517,3711,2.2969282070795694,0.1522911051212938,742,2.2974751599227328,0.1453,0.9420719411515395,0.08435644878823083,,,0.8845305000951522,,0.8845785677740918,0.11542143222590817,0,0.13989893741638604,10,0.025,0.15,0.7917430627674179,0.8886143095307972,0.9006197460090405,0.9184002943412006,0.8613583497139787,0.9151538506416872,1.0,0.9395758282159149,0.8071690483162958,0.7913099148008061,0.8775084833345659,0.8985876251632302
0,7,2.2960359718118397,0.13333333333333333,3564,2.296790361404419,0.1570827489481066,713,2.297476671919038,0.1453,0.925142470905587,0.08284052423148315,,,0.8350039314577621,,0.8350580119159611,0.16494198808403893,0,0.13988566991744228,10,0.025,0.15,0.7648086633787315,0.846022039087311,0.885140155877917,0.927934980869543,0.8343122019572288,0.8848077655975943,0.9395758282159149,1.0,0.7992669658988504,0.83810926564127,0.8541374706737332,0.849774336592285
0,8,2.2963008103547273,0.12173786689915722,3441,2.296387275060018,0.14825581395348839,688,2.297484114200254,0.1451,0.8978545712941398,0.08039706932580186,,,0.7551741427259111,,0.7552276740770081,0.24477232592299192,0,0.1398338275879679,10,0.025,0.15,0.7515880008485325,0.8255859107826012,0.8585928708760086,0.8392464045129564,0.8758855804185283,0.7995722081670447,0.8071690483162958,0.7992669658988504,1.0,0.855569965749285,0.8747639976725764,0.8498081311484083
0,9,2.29712120073813,0.10839832033593282,3334,2.2966440518697104,0.12593703148425786,667,2.2974921993062467,0.1447,0.8789946132287415,0.07870828207167002,,,0.7,,0.7000132032810154,0.29998679671898465,0,0.13974177802109713,10,0.025,0.15,0.7407109136753106,0.7829953909287493,0.8329900894827047,0.8466775388147518,0.8453278237571663,0.8341901986931141,0.7913099148008061,0.83810926564127,0.855569965749285,1.0,0.769295846135472,0.7825749964533464
0,10,2.297572396351741,0.12113545202098118,3241,2.2941273848215737,0.16203703703703703,648,2.297477239294897,0.1454,0.9198995878820382,0.0823710579689193,,,0.8196660619230861,,0.8197091977356373,0.18029080226436267,0,0.13987971013522513,10,0.025,0.15,0.7497576800589291,0.865513836410459,0.8926160042719344,0.8808842199424353,0.8809362177395678,0.8463179450782937,0.8775084833345659,0.8541374706737332,0.8747639976725764,0.769295846135472,1.0,0.8903157579629349
0,11,2.297225386619568,0.13054764165875277,3159,2.2968211650848387,0.13924050632911392,632,2.297480881968631,0.1453,0.911999276712863,0.08166363620478206,,,0.7965539799918491,,0.7965869518575366,0.20341304814246342,0,0.13986135872080024,10,0.025,0.15,0.74456675389484,0.8335902735197773,0.8560163222626325,0.8861368961465007,0.8312896100780081,0.8944821975778622,0.8985876251632302,0.849774336592285,0.8498081311484083,0.7825749964533464,0.8903157579629349,1.0
1,0,2.120435372105351,0.23567567567567568,6845,2.289835279638117,0.18188458728999268,1369,2.288795951046521,0.1932,0.9072821146597031,0.07988733974218376,,,0.7,,0.7000132032810154,0.29998679671898465,0.8753502541437719,0.14542261568760723,10,0.025,0.15,1.0,0.9495810921123979,0.9301128876703288,0.905524536815409,0.8873543100496354,0.8668825004417232,0.8477558030656628,0.8423071160818499,0.8376343958690738,0.8365506549646966,0.8254265752267707,0.8272859380102294
1,1,2.184050786217978,0.2155713764147499,5478,2.289699766370985,0.19160583941605838,1096,2.2887639244900475,0.1924,0.9612055682851898,0.08483700334390304,,,0.9293909961743466,,0.9294367150236834,0.07056328497631659,0.8760503667083208,0.14554764407873064,10,0.025,0.15,0.9495810921123979,1.0,0.975081138126065,0.9598866843629992,0.9486984233773202,0.9300896740192742,0.9136168689193817,0.906754415649224,0.9073048078721783,0.9035681390234732,0.8943114971570663,0.8945748114191917
1,2,2.1947383212415796,0.20622406639004148,4820,2.288155883550644,0.20643153526970953,964,2.2887639003463938,0.1924,0.9746975565032009,0.08592901457408807,,,0.9799999999536553,,0.9800300374643098,0.019969962535690167,0.8760595250961295,0.14554883667736465,10,0.025,0.15,0.9301128876703288,0.975081138126065,1.0,0.9766693855781006,0.9612834862274676,0.9481524638830164,0.9320105121843625,0.9327065762213951,0.9297320587409159,0.925674893590268,0.9152477525157595,0.9146433003134545
1,3,2.2135854172706604,0.20163413527008625,4406,2.2884249687194824,0.20317820658342792,881,2.288763927508004,0.1924,0.9859015207519187,0.08592187798097238,,,0.9796692562232066,,0.9797082074895611,0.02029179251043889,0.8760594047190835,0.14554883666758303,10,0.025,0.15,0.905524536815409,0.9598866843629992,0.9766693855781006,1.0,0.9736277036094867,0.9686193588679046,0.956023621828377,0.9601314067948606,0.9469731256565426,0.9469068666705874,0.9390202723081689,0.9405126016579821
1,4,2.237830746896339,0.21087062256809339,4112,2.290532044001988,0.17153284671532848,822,2.288766230208964,0.1923,0.9817869924197087,0.08415722702533643,,,0.8978869224757703,,0.8979221336502121,0.10207786634978788,0.8760173472804952,0.14554574511881294,10,0.025,0.15,0.8873543100496354,0.9486984233773202,0.9612834862274676,0.9736277036094867,1.0,0.9610867144992536,0.9540332572898634,0.9457815848200533,0.9538622502489286,0.9534180356825899,0.9466708687069072,0.9423895864213235
1,5,2.2389878003827985,0.19362303934173308,3889,2.2922545160566057,0.18766066838046272,778,2.2887649385234976,0.1924,0.9845471780396543,0.08443320798783008,,,0.9106771953116016,,0.9107210641844499,0.08927893581555013,0.8761078974259494,0.14554668526093545,10,0.025,0.15,0.8668825004417232,0.9300896740192742,0.9481524638830164,0.9686193588679046,0.9610867144992536,1.0,0.9753259462828401,0.9700289519042872,0.9645428427362931,0.9536548801842514,0.9583601216722578,0.9652426577023803
1,6,2.255035036185692,0.19506871463217462,3711,2.2884846528371177,0.1967654986522911,742,2.2887650200083285,0.1924,0.9811531890012862,0.08432773983898392,,,0.9057892987442309,,0.9058275981581423,0.09417240184185771,0.876097859725287,0.1455463587631609,10,0.025,0.15,0.8477558030656628,0.9136168689193817,0.9320105121843625,0.956023621828377,0.9540332572898634,0.9753259462828401,1.0,0.9795931797284557,0.9655235793200448,0.9536037664570742,0.9710900728306214,0.9757187244168862
1,7,2.252870444740568,0.18209876543209877,3564,2.287750005722046,0.20196353436185133,713,2.288768925244295,0.1925,0.9779016871797549,0.08328163889108137,,,0.8573079962058234,,0.8573468006799689,0.14265319932003107,0.8759620496038424,0.14553941630402797,10,0.025,0.15,0.8423071160818499,0.906754415649224,0.9327065762213951,0.9601314067948606,0.9457815848200533,0.9700289519042872,0.9795931797284557,1.0,0.9623711930978844,0.957731705766287,0.9668962315434007,0.9623341227966024
1,8,2.255659232316194,0.18715489683231618,3441,2.287566145261129,0.19476744186046513,688,2.2887873619417602,0.1925,0.9755253963245961,0.08168896276503587,,,0.7834957955120689,,0.7835404598042613,0.21645954019573865,0.8754660785001527,0.14550416371953775,10,0.025,0.15,0.8376343958690738,0.9073048078721783,0.9297320587409159,0.9469731256565426,0.9538622502489286,0.9645428427362931,0.9655235793200448,0.9623711930978844,1.0,0.9563926419255612,0.9697903294578601,0.9666833135732124
1,9,2.2617253692061814,0.19976004799040192,3334,2.2884479761123657,0.1934032983508246,667,2.2888067704212816,0.1928,0.9689676252089999,0.08042777223297247,,,0.7250462167537898,,0.7250994372101467,0.2749005627898533,0.8745147841037687,0.14545177312963317,10,0.025,0.15,0.8365506549646966,0.9035681390234732,0.925674893590268,0.9469068666705874,0.9534180356825899,0.9536548801842514,0.9536037664570742,0.957731705766287,0.9563926419255612,1.0,0.9519058296393802,0.9458554577046929
1,10,2.271323594680199,0.1835544585004628,3241,2.285663366317749,0.20987654320987653,648,2.288771602171886,0.1926,0.9713838821770353,0.08277782281589725,,,0.8339587586263262,,0.8340100014853691,0.16598999851463092,0.8758183233703326,0.14553363036254538,10,0.025,0.15,0.8254265752267707,0.8943114971570663,0.9152477525157595,0.9390202723081689,0.9466708687069072,0.9583601216722578,0.9710900728306214,0.9668962315434007,0.9697903294578601,0.9519058296393802,1.0,0.9742770150094439
1,11,2.270539463996887,0.17518201962646407,3159,2.2885141372680664,0.1787974683544304,632,2.288778193389313,0.1923,0.9711149833707992,0.08233039280171542,,,0.8132227197901067,,0.8132808502912974,0.18671914970870263,0.8757248913939117,0.14552574894513773,10,0.025,0.15,0.8272859380102294,0.8945748114191917,0.9146433003134545,0.9405126016579821,0.9423895864213235,0.9652426577023803,0.9757187244168862,0.9623341227966024,0.9666833135732124,0.9458554577046929,0.9742770150094439,1.0
2,0,2.017565086594334,0.27157048940832723,6845,2.2762342366305264,0.19576333089846604,1369,2.275062213970136,0.2081,0.9036864349294991,0.07894957967899646,,,0.7,,0.7000132032810154,0.29998679671898465,0.9451823001975599,0.14581197812132346,10,0.025,0.15,1.0,0.9461376866790476,0.9168645828014151,0.8969617760031225,0.8897677131390059,0.866128371087402,0.8633447799159116,0.8566568991800113,0.8385800721984341,0.8305237467716388,0.8271558662262635,0.8179654634638232
2,1,2.0795419864876328,0.25244614822928074,5478,2.277244249979655,0.19251824817518248,1096,2.2750117899496343,0.2083,0.963087747036952,0.08395233929234593,,,0.9176551662484289,,0.9176940469706723,0.08230595302932775,0.9463968252523897,0.14594689827694635,10,0.025,0.15,0.9461376866790476,1.0,0.9603024011513016,0.9536558790521453,0.9503256550280043,0.9375718766376341,0.9369399395429413,0.9283715375068612,0.9118081668317397,0.9015794570231814,0.9081742134387758,0.9056134083376531
2,2,2.0760457942360326,0.24993775933609957,4820,2.273486852645874,0.20643153526970953,964,2.2750115726567524,0.2083,0.9804147385611764,0.08519370392443629,,,0.9716632430409993,,0.9717037183740159,0.028296281625984077,0.9463995516486022,0.14594882198347356,10,0.025,0.15,0.9168645828014151,0.9603024011513016,1.0,0.9704459677124968,0.9676786020287158,0.9566310403263135,0.9602264400046884,0.95601264585474,0.945675928194696,0.9328017340700118,0.9381828589530877,0.9373695146387238
2,3,2.1004360025269646,0.24384929641398093,4406,2.2739388602120534,0.23155505107832008,881,2.2750116601774963,0.2083,0.9864276719359178,0.08538532258215994,,,0.979999999956493,,0.9800300374643098,0.019969962535690167,0.9464004717478045,0.14594888167248696,10,0.025,0.15,0.8969617760031225,0.9536558790521453,0.9704459677124968,1.0,0.9736563400184552,0.9689011664631034,0.9701683609341073,0.9699208481678624,0.9542815829637739,0.9461900525171256,0.9542993735622676,0.9538273660352057
2,4,2.116572241710894,0.24900291828793775,4112,2.277140344892229,0.17761557177615572,822,2.2750133019459398,0.2077,0.9857593034282164,0.08427040752017714,,,0.9314933672329844,,0.9315327358848674,0.0684672641151326,0.946403918182839,0.14594759783486969,10,0.025,0.15,0.8897677131390059,0.9503256550280043,0.9676786020287158,0.9736563400184552,1.0,0.9711163482942673,0.9711335865696711,0.9659725538835777,0.9615084778615118,0.9435550675092444,0.9559131441989227,0.9543081317406688
2,5,2.1272178980611987,0.23368475186423246,3889,2.2799711568014964,0.2069408740359897,778,2.275011783913721,0.2078,0.9847076836144754,0.08440707975829696,,,0.9374395691312598,,0.937474212341767,0.06252578765823302,0.9463878703574402,0.14594783893053762,10,0.025,0.15,0.866128371087402,0.9375718766376341,0.9566310403263135,0.9689011664631034,0.9711163482942673,1.0,0.9759185457649862,0.9721903114111151,0.9623054647238685,0.952026777434995,0.9650916240803247,0.9648704060082107
2,6,2.145694323243766,0.2398005928321207,3711,2.275228579839071,0.20215633423180593,742,2.275011415723004,0.2078,0.9874376819764844,0.08443075288753368,,,0.9384695164559103,,0.938522222772359,0.06147777722764103,0.9464071762197689,0.1459481771906741,10,0.025,0.15,0.8633447799159116,0.9369399395429413,0.9602264400046884,0.9701683609341073,0.9711335865696711,0.9759185457649862,1.0,0.9778174722894077,0.9687333782627205,0.9553213877334383,0.9716742472764681,0.9735174189044888
2,7,2.1363398764814647,0.23630751964085298,3564,2.2736617724100747,0.24123422159887797,713,2.2750165039979957,0.2079,0.9851721001465897,0.0837088743086348,,,0.9070627301529762,,0.9071149180571372,0.09288508194286282,0.9464117548151298,0.14594609478931087,10,0.025,0.15,0.8566568991800113,0.9283715375068612,0.95601264585474,0.9699208481678624,0.9659725538835777,0.9721903114111151,0.9778174722894077,1.0,0.9693925064635401,0.9595168385516475,0.9743626244465062,0.9686428135662511
2,8,2.1312124066882663,0.24199360650973553,3441,2.273682475090027,0.22529069767441862,688,2.2750435660157025,0.207,0.9772924798988676,0.0824653819500595,,,0.8529620823200992,,0.8529979699955439,0.1470020300044561,0.9461758663570758,0.14593327396162362,10,0.025,0.15,0.8385800721984341,0.9118081668317397,0.945675928194696,0.9542815829637739,0.9615084778615118,0.9623054647238685,0.9687333782627205,0.9693925064635401,1.0,0.9591754981630406,0.9700925264721413,0.9664621776936003
2,9,2.130610187848409,0.24538092381523696,3334,2.2750672101974487,0.21139430284857572,667,2.2750722879095924,0.2067,0.9672999801586031,0.08135834431302706,,,0.8047981728872734,,0.8048390024921193,0.19516099750788074,0.945804273701533,0.1459157351910838,10,0.025,0.15,0.8305237467716388,0.9015794570231814,0.9328017340700118,0.9461900525171256,0.9435550675092444,0.952026777434995,0.9553213877334383,0.9595168385516475,0.9591754981630406,1.0,0.9596470576729894,0.9523559114220416
2,10,2.1714919273669904,0.2199012650416538,3241,2.271700620651245,0.2175925925925926,648,2.2750190934048424,0.2077,0.9766338756386228,0.08311841078611804,,,0.8813734214334285,,0.8814180323810467,0.11858196761895334,0.9464242328493392,0.14593946695607934,10,0.025,0.15,0.8271558662262635,0.9081742134387758,0.9381828589530877,0.9542993735622676,0.9559131441989227,0.9650916240803247,0.9716742472764681,0.9743626244465062,0.9700925264721413,0.9596470576729894,1.0,0.9752767250731331
2,11,2.1664596247673034,0.2168724279835391,3159,2.275308847427368,0.20727848101265822,632,2.2750294661220116,0.2072,0.9741358079328756,0.08275980299821427,,,0.8657714649680612,,0.8657969005297816,0.13420309947021836,0.9463027748132672,0.14593588135514274,10,0.025,0.15,0.8179654634638232,0.9056134083376531,0.9373695146387238,0.9538273660352057,0.9543081317406688,0.9648704060082107,0.9735174189044888,0.9686428135662511,0.9664621776936003,0.9523559114220416,0.9752767250731331,1.0
3,0,1.9489132026831308,0.2975602629656684,6845,2.255950190804221,0.22132943754565376,1369,2.2547298383109178,0.2336,0.9144168351110246,0.07877450465175297,,,0.7,,0.7000132032810154,0.29998679671898465,0.9762965325333278,0.14550029830103406,10,0.025,0.15,1.0,0.9515144283796804,0.9219840711036617,0.901873011779441,0.8995670822343201,0.8742430546208244,0.876044743281457,0.8684310270863621,0.8478836447334073,0.837710654647699,0.8474281358765222,0.8324977758323706
3,1,2.0100730355395826,0.2736765242789339,5478,2.258470508787367,0.21897810218978103,1096,2.2546095153953454,0.2334,0.9581636143157631,0.08330298902193464,,,0.9052605778576924,,0.9053159710187981,0.09468402898120187,0.9775846994725657,0.14567180216732414,10,0.025,0.15,0.9515144283796804,1.0,0.9528085235694174,0.9429241020817243,0.941185409176983,0.9265757129556875,0.9282464382196649,0.922416513558542,0.9016637188187973,0.8971284122186725,0.9043389673615785,0.8960725617877496
3,2,2.002521539989271,0.27398340248962655,4820,2.2517380714416504,0.23651452282157676,964,2.2546066996417466,0.2334,0.9772759986416663,0.08469607070774623,,,0.9684041659675449,,0.9684441583733557,0.031555841626644265,0.9776174350587304,0.14567555804674542,10,0.025,0.15,0.9219840711036617,0.9528085235694174,1.0,0.962083714618182,0.9613796366090664,0.9483391474402318,0.9549257899951509,0.9510763611733378,0.9370439292335808,0.9275393654867811,0.9370281403885581,0.9311012415159113
3,3,2.0272231796809606,0.2662051747616886,4406,2.252891847065517,0.25539160045402953,881,2.2546069622039795,0.2335,0.9814764605881924,0.08495189943783166,,,0.9799999999546734,,0.9800300374643098,0.019969962535690167,0.977615985520165,0.1456756286785681,10,0.025,0.15,0.901873011779441,0.9429241020817243,0.962083714618182,1.0,0.9654107502932328,0.9591198433244761,0.9601875612649159,0.9599903077515763,0.945743483510081,0.9418088427310012,0.9503969858910373,0.9439097397346385
3,4,2.0373690637675197,0.27789396887159534,4112,2.257352454321725,0.21654501216545013,822,2.2546089781990535,0.2334,0.9829943504505952,0.08431028993945473,,,0.9509180542902461,,0.9509663151293096,0.049033684870690375,0.9776224320181697,0.1456751759699325,10,0.025,0.15,0.8995670822343201,0.941185409176983,0.9613796366090664,0.9654107502932328,1.0,0.961773990892666,0.966188967438722,0.9580334988684831,0.9528121265912383,0.9453565446170669,0.9512804155983635,0.9486074862180706
3,5,2.0506835487581068,0.25988686037541786,3889,2.2609274046761647,0.24293059125964012,778,2.2546069833296762,0.2333,0.9810553567887083,0.0843317507334858,,,0.9518907980658693,,0.9519400571041904,0.048059942895809615,0.9776191614820716,0.14567520494400968,10,0.025,0.15,0.8742430546208244,0.9265757129556875,0.9483391474402318,0.9591198433244761,0.961773990892666,1.0,0.9681528582926159,0.9639199031363315,0.954966382322761,0.953789578520056,0.9603906096814357,0.9571395101983189
3,6,2.0667520247656723,0.26572352465642685,3711,2.2551358540852866,0.2169811320754717,742,2.254605981368053,0.2333,0.9840555610747107,0.0844443107583334,,,0.9569927557751701,,0.9570315723457279,0.04296842765427211,0.9776076782461303,0.14567535167176215,10,0.025,0.15,0.876044743281457,0.9282464382196649,0.9549257899951509,0.9601875612649159,0.966188967438722,0.9681528582926159,1.0,0.9689389568518739,0.9612494025450671,0.9530631020681803,0.9632943496677753,0.9630067705070325
3,7,2.0553198409932,0.26585297418630754,3564,2.2529764572779336,0.25105189340813466,713,2.2546147334424753,0.2331,0.9822585810848783,0.08393819191061473,,,0.9340521340008177,,0.934090871581588,0.06590912841841201,0.9775753938219892,0.14567432891503873,10,0.025,0.15,0.8684310270863621,0.922416513558542,0.9510763611733378,0.9599903077515763,0.9580334988684831,0.9639199031363315,0.9689389568518739,1.0,0.9631830611408179,0.957060150774555,0.9687376881152151,0.9608322120655637
3,8,2.0443999228654084,0.2766056378959605,3441,2.2532405853271484,0.23837209302325582,688,2.2546592905551575,0.2337,0.9729679180127186,0.08286423623745341,,,0.885373427385828,,0.8854120248881847,0.11458797511181529,0.9773890737187284,0.14566838469089158,10,0.025,0.15,0.8478836447334073,0.9016637188187973,0.9370439292335808,0.945743483510081,0.9528121265912383,0.954966382322761,0.9612494025450671,0.9631830611408179,1.0,0.950930985924531,0.9602753978548779,0.9589758729415122
3,9,2.0535258615458454,0.2694361127774445,3334,2.2550877730051675,0.2413793103448276,667,2.254706600044347,0.2335,0.9683137999819436,0.08202614105452387,,,0.8473854633154199,,0.8474278358172006,0.1525721641827994,0.9772250863152777,0.14565766321261983,10,0.025,0.15,0.837710654647699,0.8971284122186725,0.9275393654867811,0.9418088427310012,0.9453565446170669,0.953789578520056,0.9530631020681803,0.957060150774555,0.950930985924531,1.0,0.9602150368869573,0.9565630982304563
3,10,2.0934438361571384,0.2476704720765196,3241,2.25068461894989,0.2361111111111111,648,2.2546221274363845,0.2329,0.9759736512698328,0.083367112311541,,,0.9081670654157379,,0.9082124407915367,0.09178755920846327,0.9774938667986993,0.14567209067770598,10,0.025,0.15,0.8474281358765222,0.9043389673615785,0.9370281403885581,0.9503969858910373,0.9512804155983635,0.9603906096814357,0.9632943496677753,0.9687376881152151,0.9602753978548779,0.9602150368869573,1.0,0.9660660863811631
3,11,2.081842676639557,0.24602722380500158,3159,2.2558047771453857,0.24525316455696203,632,2.2546372926687894,0.2338,0.9713053346064879,0.08299250323532753,,,0.8911873280094172,,0.8912214685349309,0.1087785314650691,0.9774218120336675,0.1456693690685855,10,0.025,0.15,0.8324977758323706,0.8960725617877496,0.9311012415159113,0.9439097397346385,0.9486074862180706,0.9571395101983189,0.9630067705070325,0.9608322120655637,0.9589758729415122,0.9565630982304563,0.9660660863811631,1.0
4,0,1.8976645800802443,0.31398100803506207,6845,2.22958441214128,0.2381300219138057,1369,2.228450778164441,0.2545,0.9239840582592125,0.07903695982632541,,,0.7,,0.7000132032810154,0.29998679671898465,0.9856099253581093,0.1451732441305714,10,0.025,0.15,1.0,0.9518097399286275,0.9250045692778828,0.9090967705314944,0.9037312826951617,0.8851058834520534,0.8860086444219255,0.8762619227017175,0.8578898802796642,0.8449656072680689,0.8624960993983619,0.8483656735812064
4,1,1.9554711824239686,0.2933369843008397,5478,2.233944680955675,0.24087591240875914,1096,2.228201633767237,0.2539,0.957821894000818,0.08295106572741243,,,0.8968501941205222,,0.8968906273208892,0.1031093726791108,0.9869110376898906,0.14537680948107362,10,0.025,0.15,0.9518097399286275,1.0,0.9485011170103849,0.9391157852430868,0.9372702989176168,0.9246128533617048,0.9277158499705512,0.9179731390116822,0.8990187595410658,0.8903126497778551,0.9059624549339695,0.8978192543694743
4,2,1.9521814603554575,0.2914522821576763,4820,2.2236942052841187,0.2572614107883817,964,2.2281974056099036,0.2541,0.9767131754500733,0.08443208520929421,,,0.971334375149896,,0.9713818883992672,0.0286181116007328,0.9869226215282493,0.14538436845467587,10,0.025,0.15,0.9250045692778828,0.9485011170103849,1.0,0.9587116139672093,0.956566401759458,0.94434666010574,0.9527382035814452,0.946318173212654,0.934347789518852,0.9215209899390365,0.9388758852446465,0.9299972130003753
4,3,1.9765274623462132,0.28570131638674534,4406,2.2259037494659424,0.27128263337116915,881,2.2281979277164123,0.2541,0.9771296749275239,0.08460438970366917,,,0.9799999999497074,,0.9800300374643098,0.019969962535690167,0.9869155627471551,0.14538443290276415,10,0.025,0.15,0.9090967705314944,0.9391157852430868,0.9587116139672093,1.0,0.9594142429406172,0.9499516140937273,0.9503199395153528,0.95051222194069,0.9386035656037177,0.9255429847950312,0.9433186278032822,0.9361968948136046
4,4,1.9824153145154317,0.2959873540856031,4112,2.231764452798026,0.24817518248175183,822,2.2282002123096323,0.2535,0.9811589274662901,0.08433791858295049,,,0.9665984995389963,,0.9666287072337476,0.03337129276625239,0.986929328455252,0.14538430198271252,10,0.025,0.15,0.9037312826951617,0.9372702989176168,0.956566401759458,0.9594142429406172,1.0,0.9559617880170381,0.9618891168891088,0.953827989653756,0.9480422341560345,0.9408346892648402,0.9463896833534196,0.9438458886851325
4,5,1.9975064293030769,0.2783491900231422,3889,2.2357791491917203,0.2596401028277635,778,2.2281982295120817,0.2535,0.9766078385533841,0.08420263682272396,,,0.9597948408147488,,0.9598372695614861,0.04016273043851393,0.986928753888472,0.14538418386043106,10,0.025,0.15,0.8851058834520534,0.9246128533617048,0.94434666010574,0.9499516140937273,0.9559617880170381,1.0,0.9587972068609278,0.9546839719403959,0.9439865008041058,0.9383841963157455,0.9521823714364378,0.946157548343749
4,6,2.011582337987834,0.28396658582592293,3711,2.2286927700042725,0.24393530997304583,742,2.2281961652297007,0.2535,0.9806959348394337,0.08440594264948603,,,0.9700196003065228,,0.9700615602977339,0.029938439702266062,0.9869255141732947,0.14538435993042495,10,0.025,0.15,0.8860086444219255,0.9277158499705512,0.9527382035814452,0.9503199395153528,0.9618891168891088,0.9587972068609278,1.0,0.9612351588215392,0.9509917360735772,0.9415304565131957,0.9556638712167661,0.9546837609234711
4,7,1.9988800976957595,0.2839786756453423,3564,2.226498325665792,0.26227208976157085,713,2.228210847589034,0.2536,0.9787529878427382,0.08402852927205819,,,0.9510385357957949,,0.9510818438381938,0.04891815616180617,0.9869260344774101,0.14538394240314406,10,0.025,0.15,0.8762619227017175,0.9179731390116822,0.946318173212654,0.95051222194069,0.953827989653756,0.9546839719403959,0.9612351588215392,1.0,0.9559351442643325,0.9474013718779896,0.9611977552352557,0.9536864705831175
4,8,1.9873757119531985,0.291862830572508,3441,2.227031429608663,0.26308139534883723,688,2.2282750817793833,0.2544,0.9694769583051257,0.0830594248176212,,,0.9022998443040792,,0.9023369807397138,0.0976630192602862,0.986917124087267,0.14537762843485005,10,0.025,0.15,0.8578898802796642,0.8990187595410658,0.934347789518852,0.9386035656037177,0.9480422341560345,0.9439865008041058,0.9509917360735772,0.9559351442643325,1.0,0.939723628514208,0.9519108550356106,0.9508833613301118
4,9,2.00235764141436,0.2832933413317337,3334,2.229158361752828,0.25037481259370314,667,2.2283419234843196,0.2544,0.962060332227869,0.08229734886546967,,,0.8639731349848582,,0.8639979534914426,0.1360020465085574,0.98679940255409,0.14536645203554646,10,0.025,0.15,0.8449656072680689,0.8903126497778551,0.9215209899390365,0.9255429847950312,0.9408346892648402,0.9383841963157455,0.9415304565131957,0.9474013718779896,0.939723628514208,1.0,0.948630150181906,0.9469099552327819
4,10,2.036827658689939,0.26858994137611847,3241,2.223427335421244,0.2654320987654321,648,2.2282172607470163,0.2532,0.9740083731889958,0.08351934118226285,,,0.9254301907859595,,0.9254757307190837,0.07452426928091627,0.9869278254581589,0.14538048051627506,10,0.025,0.15,0.8624960993983619,0.9059624549339695,0.9388758852446465,0.9433186278032822,0.9463896833534196,0.9521823714364378,0.9556638712167661,0.9611977552352557,0.9519108550356106,0.948630150181906,1.0,0.9571944076241664
4,11,2.0240336971282957,0.2695156695156695,3159,2.230192041397095,0.2674050632911392,632,2.228241156928147,0.2548,0.9690286022202748,0.0831243573407263,,,0.9055654636053928,,0.9056130448416432,0.09438695515835682,0.9869162865890809,0.14537813857255796,10,0.025,0.15,0.8483656735812064,0.8978192543694743,0.9299972130003753,0.9361968948136046,0.9438458886851325,0.946157548343749,0.9546837609234711,0.9536864705831175,0.9508833613301118,0.9469099552327819,0.9571944076241664,1.0
5,0,1.8565615305194147,0.3302410518626735,6845,2.1973609057339756,0.26369612856099345,1369,2.1964757110499127,0.2769,0.933302248709085,0.079515546971298,,,0.7,,0.7000132032810154,0.29998679671898465,0.9875470649342154,0.14507933267082213,10,0.025,0.15,1.0,0.9512054587999232,0.9287897368926585,0.9173124272060673,0.9100862208632182,0.8932903374483422,0.8962619554907997,0.8885252409341452,0.8723938454199847,0.8585657968545004,0.8762014387122508,0.8616981077807494
5,1,1.9076880640761797,0.31292442497261774,5478,2.204008764690823,0.2655109489051095,1096,2.196049503133267,0.2764,0.9599490670487295,0.0828142059858474,,,0.8898686070193051,,0.8899011404333977,0.11009885956660226,0.988893250443805,0.14530726958998,10,0.025,0.15,0.9512054587999232,1.0,0.9456345530863471,0.9398325734572074,0.9351999699683282,0.9251940151413993,0.9295704671263275,0.9203038389112203,0.9032603176928443,0.8974362043335636,0.911809038618186,0.9010848642786243
5,2,1.9072140910123523,0.30452282157676347,4820,2.1893180310726166,0.279045643153527,964,2.1960436905486675,0.2763,0.9751695468030939,0.08423013035184174,,,0.971368266678053,,0.971406644551171,0.028593355448829016,0.9890535659994116,0.14531900900149955,10,0.025,0.15,0.9287897368926585,0.9456345530863471,1.0,0.9554753292640403,0.9535390445326168,0.9407127574245103,0.948026792881997,0.9436787858123276,0.9321010801195283,0.921170681198848,0.9394274144736878,0.9261364283262848
5,3,1.9314774380411421,0.29934180662732635,4406,2.1931472505841936,0.2917139614074915,881,2.196044046667558,0.2763,0.9764880586094327,0.08438009271366,,,0.9799999999424407,,0.9800300374643098,0.019969962535690167,0.9890623600482359,0.1453191399753163,10,0.025,0.15,0.9173124272060673,0.9398325734572074,0.9554753292640403,1.0,0.9553351815921087,0.9487371291332605,0.9462731400304403,0.9451472405264494,0.9364066530332394,0.9272832975887201,0.9443021250903375,0.933207467795793
5,4,1.9355960874846487,0.3087548638132296,4112,2.2005606378827776,0.27007299270072993,822,2.1960475324075435,0.2762,0.9787114600973329,0.08428736666025444,,,0.97466275031559,,0.9746909607037348,0.025309039296265157,0.989046499934032,0.14531907739981897,10,0.025,0.15,0.9100862208632182,0.9351999699683282,0.9535390445326168,0.9553351815921087,1.0,0.9498237843574926,0.9564629885250695,0.9480048190449705,0.9452988260486357,0.9370282248299415,0.9450381888968445,0.9391153138536428
5,5,1.9551027009564061,0.2907431216250964,3889,2.2049059186662947,0.28406169665809766,778,2.196045999285541,0.2762,0.9748500566308145,0.08407733638235763,,,0.9625735479699542,,0.9626099585747058,0.03739004142529423,0.989032825165447,0.1453187289337356,10,0.025,0.15,0.8932903374483422,0.9251940151413993,0.9407127574245103,0.9487371291332605,0.9498237843574926,1.0,0.952526658764356,0.9495519706980673,0.9401959643119624,0.9417329496558224,0.947884228170883,0.9399063528023898
5,6,1.962029363780186,0.30409593101589866,3711,2.1963462432225547,0.2668463611859838,742,2.1960420638700073,0.2762,0.9782843167809697,0.08431562365619612,,,0.9762892041061555,,0.9763331187800168,0.02366688121998317,0.9890528512157131,0.14531910266352951,10,0.025,0.15,0.8962619554907997,0.9295704671263275,0.948026792881997,0.9462731400304403,0.9564629885250695,0.952526658764356,1.0,0.9555142052274873,0.9466160690311107,0.9378910544384088,0.9503136844416884,0.9498860312307283
5,7,1.9540519808019912,0.30078563411896747,3564,2.1946709156036377,0.2861150070126227,713,2.196063240872154,0.2763,0.9762579990338416,0.08401528821120971,,,0.9590020967311357,,0.959045072700566,0.04095492729943395,0.9890219166976273,0.14531853187441746,10,0.025,0.15,0.8885252409341452,0.9203038389112203,0.9436787858123276,0.9451472405264494,0.9480048190449705,0.9495519706980673,0.9555142052274873,1.0,0.9510837374652239,0.9418109238904151,0.9549429059272232,0.9472363735732329
5,8,1.9417270174732915,0.30624818366753853,3441,2.1953094800313315,0.27906976744186046,688,2.196142450163636,0.276,0.9681768310864869,0.08315011648495828,,,0.9092033907202065,,0.9092521991714941,0.09074780082850586,0.9889320866008385,0.14531244357731665,10,0.025,0.15,0.8723938454199847,0.9032603176928443,0.9321010801195283,0.9364066530332394,0.9452988260486357,0.9401959643119624,0.9466160690311107,0.9510837374652239,1.0,0.9351187366580325,0.9463852102513014,0.943106950301987
5,9,1.9541294667455884,0.29961007798440314,3334,2.197644750277201,0.280359820089955,667,2.1962337071382545,0.2752,0.9622268499004488,0.08248298964579981,,,0.8708040159750381,,0.8708389034675117,0.1291610965324883,0.9887657189187908,0.14529627320959326,10,0.025,0.15,0.8585657968545004,0.8974362043335636,0.921170681198848,0.9272832975887201,0.9370282248299415,0.9417329496558224,0.9378910544384088,0.9418109238904151,0.9351187366580325,1.0,0.945441236490189,0.9397204639368318
5,10,1.9907055524679331,0.28441838938599195,3241,2.190659761428833,0.279320987654321,648,2.196070867248728,0.2764,0.9732566959448442,0.08360135497915884,,,0.9351763766970711,,0.9352131504678912,0.06478684953210878,0.9889676060831502,0.14531665677968034,10,0.025,0.15,0.8762014387122508,0.911809038618186,0.9394274144736878,0.9443021250903375,0.9450381888968445,0.947884228170883,0.9503136844416884,0.9549429059272232,0.9463852102513014,0.945441236490189,1.0,0.9489868996455226
5,11,1.972302755355835,0.2859132636910415,3159,2.199045705795288,0.28322784810126583,632,2.196095339859588,0.2766,0.9663254923563971,0.08312994795741803,,,0.9080425037619586,,0.9080886600320179,0.09191133996798206,0.9889384191336433,0.1453121012804214,10,0.025,0.15,0.8616981077807494,0.9010848642786243,0.9261364283262848,0.933207467795793,0.9391153138536428,0.9399063528023898,0.9498860312307283,0.9472363735732329,0.943106950301987,0.9397204639368318,0.9489868996455226,1.0
6,0,1.8204676080633093,0.34214755295836374,6845,2.1608937003395776,0.28780131482834187,1369,2.1603326465510113,0.2974,0.9383752583862258,0.08002139606509975,,,0.7,,0.7000132032810154,0.29998679671898465,0.9898983818991802,0.1448344994536828,10,0.025,0.15,1.0,0.94685340086004,0.9319738740759804,0.9162915545361607,0.9180179027471058,0.8990201698323677,0.9013118662780958,0.8951379271169929,0.8753717594797867,0.8576978086775985,0.8841702952482232,0.8709352986204475
6,1,1.8665550292924393,0.3259401241328952,5478,2.16978128751119,0.2947080291970803,1096,2.1596894022784654,0.2992,0.9600329084928237,0.08277676882156933,,,0.881486323769598,,0.8815335610899309,0.11846643891006914,0.9910648130394245,0.14508632099291774,10,0.025,0.15,0.94685340086004,1.0,0.9451913207015976,0.935372936215857,0.9355456276776531,0.9253657913328878,0.9287834022985783,0.9218497948208382,0.9019370453411322,0.8876101871993775,0.9129600842235003,0.9036120857974507
6,2,1.8661365280025883,0.32066390041493775,4820,2.150744467973709,0.3029045643153527,964,2.1596638854545884,0.2994,0.9746723115555292,0.08413406342853995,,,0.970886354278363,,0.9709362776649998,0.02906372233500021,0.9912270853632617,0.1451061438865402,10,0.025,0.15,0.9319738740759804,0.9451913207015976,1.0,0.9536664122055404,0.9501217250702759,0.9393851299272746,0.9473351918975168,0.942794661632181,0.9265644217894421,0.9113348943620229,0.9386518695672973,0.9257465821571652
6,3,1.8861984985215323,0.31468452110758055,4406,2.1562343324933733,0.3132803632236095,881,2.159663471994521,0.2994,0.9747806176925378,0.08423069636902247,,,0.9772512125655191,,0.9772903566536284,0.0227096433463716,0.9912282488774398,0.1451062565291276,10,0.025,0.15,0.9162915545361607,0.935372936215857,0.9536664122055404,1.0,0.9496064727088183,0.9463911561031652,0.9426849232541197,0.9424625301743804,0.9328172759824181,0.9186631022911478,0.9444926911845714,0.9307942381472467
6,4,1.8977807539882081,0.32273832684824905,4112,2.1652421610695973,0.29683698296836986,822,2.159670232217523,0.2991,0.976805776358955,0.08423930121126798,,,0.977817982046014,,0.9778680001980492,0.022131999801950797,0.9912316744656314,0.14510626770877302,10,0.025,0.15,0.9180179027471058,0.9355456276776531,0.9501217250702759,0.9496064727088183,1.0,0.9473864588676649,0.9555759591821353,0.945536907791303,0.94053884025957,0.9191127734173574,0.9397727310663959,0.9355737611816577
6,5,1.9115596452066976,0.3068140910259707,3889,2.1691834245409285,0.31876606683804626,778,2.15966827959954,0.2992,0.9737220445818348,0.08400816340683905,,,0.9625937804161295,,0.9626347147266096,0.03736528527339045,0.9912310062207662,0.14510593014087453,10,0.025,0.15,0.8990201698323677,0.9253657913328878,0.9393851299272746,0.9463911561031652,0.9473864588676649,1.0,0.9514888849780099,0.947098705001649,0.9363759767420748,0.9256878257872505,0.944761207856893,0.9374670134899986
6,6,1.9189104565258683,0.3207221773106979,3711,2.1595112880071006,0.28706199460916443,742,2.1596622165245347,0.2991,0.9772828227651701,0.08427242917660539,,,0.9799999999341336,,0.9800300374643098,0.019969962535690167,0.9912326248109165,0.1451062878533772,10,0.025,0.15,0.9013118662780958,0.9287834022985783,0.9473351918975168,0.9426849232541197,0.9555759591821353,0.9514888849780099,1.0,0.952993044593987,0.9417771090270807,0.9264183437811591,0.9468489983415772,0.9463868725104595
6,7,1.9119619799511773,0.31352413019079683,3564,2.1587082544962564,0.29873772791023845,713,2.159692070152186,0.2992,0.9750083829034343,0.08401167322515701,,,0.9628249593091238,,0.9628657721443779,0.03713422785562215,0.9912308351580408,0.14510593018411805,10,0.025,0.15,0.8951379271169929,0.9218497948208382,0.942794661632181,0.9424625301743804,0.945536907791303,0.947098705001649,0.952993044593987,1.0,0.9480120277991996,0.9290103567591118,0.9484357584814374,0.9419433946031387
6,8,1.8959734585550096,0.3190932868352223,3441,2.159690260887146,0.29505813953488375,688,2.1598070663741873,0.2993,0.9657115553963994,0.0831708343667355,,,0.9074419796599125,,0.9074945123863281,0.09250548761367194,0.9910944981072822,0.1450948931600175,10,0.025,0.15,0.8753717594797867,0.9019370453411322,0.9265644217894421,0.9328172759824181,0.94053884025957,0.9363759767420748,0.9417771090270807,0.9480120277991996,1.0,0.9218182409303591,0.9406640228590634,0.9415177780740687
6,9,1.916778689402121,0.31181763647270544,3334,2.161730090777079,0.2983508245877061,667,2.1599266981776757,0.2993,0.9528400700911394,0.08233614437799436,,,0.8524640035627644,,0.8525028469574689,0.14749715304253108,0.9910145347325489,0.14506624752822767,10,0.025,0.15,0.8576978086775985,0.8876101871993775,0.9113348943620229,0.9186631022911478,0.9191127734173574,0.9256878257872505,0.9264183437811591,0.9290103567591118,0.9218182409303591,1.0,0.9333287107483877,0.9280300740942177
