round,client_id,client_i_training_loss,client_i_training_accuracy,client_i_training_dataset_size,client_i_evaluation_loss,client_i_evaluation_accuracy,client_i_evaluation_dataset_size,client_i_central_evaluation_loss,client_i_central_evaluation_accuracy,client_i_cosine_similarity,client_i_importance_coefficient,client_i_tanh_val,tanh_normalization_value,client_i_q,client_i_mask_order,client_i_v_nonzero_fraction,client_i_v_sparsity,client_i_v_cosine_similarity,client_i_reward_gradient_norm,local_epochs,learning_rate,gamma,client_0_cosine_similarity,client_1_cosine_similarity,client_2_cosine_similarity,client_3_cosine_similarity,client_4_cosine_similarity,client_5_cosine_similarity,client_6_cosine_similarity,client_7_cosine_similarity,client_8_cosine_similarity,client_9_cosine_similarity,client_10_cosine_similarity,client_11_cosine_similarity
0,0,2.166667731382229,0.21509130752373995,6845,2.2994018684734,0.14536157779401024,1369,2.2984766145295734,0.1441,0.9119354294631213,0.07977225047439397,,,0.8,,0.8000115528708884,0.19998844712911157,0,0.14265109258738326,10,0.025,0.15,1.0,0.9436223824269608,0.8989869077248215,0.8820733625024851,0.8618372511426247,0.8410270093675756,0.8116474134191172,0.8182745925394637,0.7840556478597924,0.8150167813151582,0.7892761578479125,0.7708910483710674
0,1,2.2180501258650493,0.1997626871120847,5478,2.3009463681115045,0.13412408759124086,1096,2.298471001130116,0.1442,0.9528043574994471,0.08334729127070685,,,0.9049380438677488,,0.9049858889934148,0.09501411100658519,0,0.14272032145084707,10,0.025,0.15,0.9436223824269608,1.0,0.9405038533660408,0.9379453696039262,0.9300278311846386,0.9047419825923942,0.856589572072129,0.8721273840719187,0.8316400239968063,0.8545306467351896,0.8589681253349492,0.8237143843835035
0,2,2.2567452380531714,0.1675103734439834,4820,2.297117829322815,0.1524896265560166,964,2.2984706601010094,0.1442,0.9683403302233493,0.08470631238936666,,,0.9448293418675378,,0.944868049710353,0.055131950289647014,0,0.14272377277308612,10,0.025,0.15,0.8989869077248215,0.9405038533660408,1.0,0.9595342145279138,0.9478777926703926,0.9331067052270527,0.9073010036610422,0.9042709300205709,0.881307827217427,0.8934384367323326,0.8734617019676185,0.8726604594313065
0,3,2.2689175844192504,0.16114389468906037,4406,2.2949957506997243,0.1611804767309875,881,2.2984706510471393,0.1442,0.9781432365548165,0.08556382913231325,,,0.969999999970647,,0.9700285520951957,0.029971447904804327,0,0.14272437229842957,10,0.025,0.15,0.8820733625024851,0.9379453696039262,0.9595342145279138,1.0,0.9680538954755777,0.952040647588851,0.9254259149565549,0.9298220412687259,0.8920114308550322,0.9230891851446309,0.9123374950157382,0.8841533038304836
0,4,2.2757716171669236,0.16023832684824904,4112,2.3017557689121793,0.13138686131386862,822,2.298470614831659,0.1442,0.9762810437708318,0.0854009323916053,,,0.9652184978015098,,0.9652506147777723,0.0347493852222277,0,0.14272430497180452,10,0.025,0.15,0.8618372511426247,0.9300278311846386,0.9478777926703926,0.9680538954755777,1.0,0.9672209285833281,0.9334619000673461,0.9457199402195094,0.8955452951776911,0.90320384869121,0.9248515902002562,0.892679038020385
0,5,2.279829329829062,0.1585240421702237,3889,2.305880069732666,0.15424164524421594,778,2.2984706570830524,0.1442,0.9712512378032777,0.08496094626044079,,,0.9523036007237026,,0.9523444075852849,0.047655592414715064,0,0.14272402687643007,10,0.025,0.15,0.8410270093675756,0.9047419825923942,0.9331067052270527,0.952040647588851,0.9672209285833281,1.0,0.9443964342276527,0.950724104834948,0.9050394368380283,0.9097033817201637,0.9350826180106052,0.9068671075361361
0,6,2.2892843961715696,0.14438156831042845,3711,2.294137199719747,0.15363881401617252,742,2.298470810998844,0.1441,0.9557476887999138,0.08360476143158016,,,0.912495556236342,,0.9125282632734234,0.0874717367265766,0,0.1427211602025085,10,0.025,0.15,0.8116474134191172,0.856589572072129,0.9073010036610422,0.9254259149565549,0.9334619000673461,0.9443964342276527,1.0,0.9527400392354655,0.9155306374377393,0.9157484146358491,0.9436369080052005,0.9152566359784018
0,7,2.289047188418252,0.15412457912457914,3564,2.3011401096979776,0.14165497896213183,713,2.2984705182570444,0.1442,0.9610388573215611,0.08406761045243637,,,0.9260815468926854,,0.9261111386179466,0.07388886138205342,0,0.1427223299861893,10,0.025,0.15,0.8182745925394637,0.8721273840719187,0.9042709300205709,0.9298220412687259,0.9457199402195094,0.950724104834948,0.9527400392354655,1.0,0.9112133117121878,0.9296456216778782,0.9528972371629101,0.9111181771945546
0,8,2.2911216338475544,0.12972972972972974,3441,2.2981464862823486,0.13226744186046513,688,2.2984707174421866,0.1442,0.9337230711364602,0.0816781411248265,,,0.8559435396900903,,0.8559769602746282,0.14402303972537178,0,0.14270918665534893,10,0.025,0.15,0.7840556478597924,0.8316400239968063,0.881307827217427,0.8920114308550322,0.8955452951776911,0.9050394368380283,0.9155306374377393,0.9112133117121878,1.0,0.9482674278572034,0.8950032462746536,0.9403332354948244
0,9,2.2894515373088695,0.13326334733053388,3334,2.299201488494873,0.14842578710644677,667,2.298469787911524,0.1442,0.9480905756705688,0.0829349495932305,,,0.8928345934444303,,0.8928718786618475,0.10712812133815253,0,0.14271857665148147,10,0.025,0.15,0.8150167813151582,0.8545306467351896,0.8934384367323326,0.9230891851446309,0.90320384869121,0.9097033817201637,0.9157484146358491,0.9296456216778782,0.9482674278572034,1.0,0.9063181035080216,0.9414546597764057
0,10,2.2896442119891827,0.13421783400185128,3241,2.2908881107966104,0.13734567901234568,648,2.2984699901146226,0.1442,0.9443023728791992,0.08260357365129693,,,0.883107727343432,,0.8831427109636745,0.11685728903632553,0,0.1427169594355392,10,0.025,0.15,0.7892761578479125,0.8589681253349492,0.8734617019676185,0.9123374950157382,0.9248515902002562,0.9350826180106052,0.9436369080052005,0.9528972371629101,0.8950032462746536,0.9063181035080216,1.0,0.9203210468383487
0,11,2.2917319974899293,0.1457423235201013,3159,2.3001150608062746,0.13291139240506328,632,2.2984711490099943,0.1442,0.9300793271529363,0.08135940182780263,,,0.8465875965724724,,0.8466356389562807,0.1533643610437193,0,0.14270596601387225,10,0.025,0.15,0.7708910483710674,0.8237143843835035,0.8726604594313065,0.8841533038304836,0.892679038020385,0.9068671075361361,0.9152566359784018,0.9111181771945546,0.9403332354948244,0.9414546597764057,0.9203210468383487,1.0
1,0,2.0368921405739253,0.26388604821037254,6845,2.28749097477306,0.15193571950328708,1369,2.286542322062239,0.1592,0.9093911748780328,0.07903312251494533,,,0.8,,0.8000115528708884,0.19998844712911157,0.9259690277607597,0.14603840383033706,10,0.025,0.15,1.0,0.9495199014992738,0.9291250948100506,0.9117273375876844,0.894739912273414,0.8873634937995205,0.8616922819213518,0.856046909246134,0.8411201369837873,0.8459716432938575,0.831098153457967,0.8209949476793678
1,1,2.081965425402619,0.2538882803943045,5478,2.288577927483453,0.14963503649635038,1096,2.2865329543246498,0.1591,0.9571105610862656,0.08280201210031561,,,0.9042596407690422,,0.9042927167401099,0.09570728325989009,0.926411566994283,0.14609260408839764,10,0.025,0.15,0.9495199014992738,1.0,0.9620961678013927,0.9549963548879938,0.9444584429504315,0.940652524585481,0.9164270596487228,0.9148994634491827,0.9072821553716953,0.9049733897573307,0.899356446048012,0.8894583572545807
1,2,2.131346911505649,0.22182572614107884,4820,2.2855550050735474,0.16701244813278007,964,2.286530874952485,0.1591,0.9800500432044965,0.08439113509855047,,,0.9482199078930555,,0.948267894571801,0.05173210542819895,0.9264547175884371,0.14609882807107333,10,0.025,0.15,0.9291250948100506,0.9620961678013927,1.0,0.9726390431293206,0.9663916528646093,0.9630991776764405,0.9558498670757929,0.9494568024973247,0.945870967792941,0.9407187920919776,0.9350682868175503,0.9307717842208058
1,3,2.140081001349858,0.22585111211983658,4406,2.2826926367623463,0.18615209988649262,881,2.2865306606775597,0.1591,0.9879157800565684,0.08517846528308322,,,0.9699999999723368,,0.9700285520951957,0.029971447904804327,0.926477195103159,0.14609950107730596,10,0.025,0.15,0.9117273375876844,0.9549963548879938,0.9726390431293206,1.0,0.9737340902750085,0.9724575320892818,0.9698054584806852,0.9630956419326219,0.9611045746558028,0.9571347032707368,0.9584293542045127,0.9473213192854911
1,4,2.145398596200076,0.21575875486381324,4112,2.2904816695622037,0.15693430656934307,822,2.28653069689304,0.1591,0.9877398379619383,0.08507186364971799,,,0.9670510549984127,,0.9670908220692842,0.032909177930715794,0.9264718594633083,0.14609945012521194,10,0.025,0.15,0.894739912273414,0.9444584429504315,0.9663916528646093,0.9737340902750085,1.0,0.9745311621071501,0.9726261220451017,0.9731783778542457,0.9658076042401439,0.9627938860609121,0.9578074222523415,0.953882346665113
1,5,2.157737333159293,0.22355361275392133,3889,2.2939397266932895,0.16838046272493573,778,2.2865311012992375,0.1591,0.9873139966720231,0.08478554062313355,,,0.9591304366785037,,0.9591688534600848,0.04083114653991515,0.9264623560800872,0.14609923977147307,10,0.025,0.15,0.8873634937995205,0.940652524585481,0.9630991776764405,0.9724575320892818,0.9745311621071501,1.0,0.9747348364495401,0.9698612208078438,0.965848057367401,0.9613124924909549,0.9650698293672904,0.9601806473927185
1,6,2.1858958166221094,0.20037725680409593,3711,2.282851815223694,0.16576819407008087,742,2.286531508723392,0.1591,0.9862648543025172,0.08391158267063677,,,0.9349539411589062,,0.9349903451007575,0.06500965489924249,0.9264251886247766,0.14609616812407789,10,0.025,0.15,0.8616922819213518,0.9164270596487228,0.9558498670757929,0.9698054584806852,0.9726261220451017,0.9747348364495401,1.0,0.9769414133786951,0.9798365201002905,0.9676787364259173,0.9741013548636545,0.9733477541020451
1,7,2.1779194435903,0.21186868686868687,3564,2.288512627283732,0.1570827489481066,713,2.286531104317194,0.1591,0.9832441332916091,0.08409973880290952,,,0.9401589465895237,,0.9402056411018138,0.059794358898186184,0.9264273326417374,0.14609842413160679,10,0.025,0.15,0.856046909246134,0.9148994634491827,0.9494568024973247,0.9630956419326219,0.9731783778542457,0.9698612208078438,0.9769414133786951,1.0,0.9736031948736674,0.9683309227625037,0.9728236393704573,0.969266504195556
1,8,2.190983416857543,0.2004359197907585,3441,2.2856580018997192,0.14680232558139536,688,2.2865389630764343,0.1593,0.9806198342344535,0.08253462387293382,,,0.8968628200606539,,0.8968988793715238,0.1031011206284762,0.9261307509236973,0.1460901899266502,10,0.025,0.15,0.8411201369837873,0.9072821553716953,0.945870967792941,0.9611045746558028,0.9658076042401439,0.965848057367401,0.9798365201002905,0.9736031948736674,1.0,0.9695950118811147,0.9721565141965037,0.9752326348965213
1,9,2.1859207621327155,0.19703059388122376,3334,2.2859191497166953,0.15442278860569716,667,2.286531496651565,0.1592,0.9760192544196099,0.08316292164526157,,,0.9142435627316929,,0.9142859500585896,0.08571404994141041,0.9264096074656537,0.14609408828037862,10,0.025,0.15,0.8459716432938575,0.9049733897573307,0.9407187920919776,0.9571347032707368,0.9627938860609121,0.9613124924909549,0.9676787364259173,0.9683309227625037,0.9695950118811147,1.0,0.9590229248024351,0.9660096285246919
1,10,2.195665926199693,0.21440913298364703,3241,2.28083336353302,0.14814814814814814,648,2.2865321756918218,0.1592,0.9759099269928853,0.08295416660430573,,,0.9084687250544984,,0.9085260187156509,0.09147398128434914,0.926373697546698,0.1460932743848542,10,0.025,0.15,0.831098153457967,0.899356446048012,0.9350682868175503,0.9584293542045127,0.9578074222523415,0.9650698293672904,0.9741013548636545,0.9728236393704573,0.9721565141965037,0.9590229248024351,1.0,0.9772234643712037
1,11,2.2054747943878175,0.20408357075023742,3159,2.287978744506836,0.15664556962025317,632,2.2865410575383827,0.1593,0.9725674102452633,0.08207482713420666,,,0.8841433594023864,,0.8841907213942665,0.11580927860573353,0.9260962877621023,0.1460873595924725,10,0.025,0.15,0.8209949476793678,0.8894583572545807,0.9307717842208058,0.9473213192854911,0.953882346665113,0.9601806473927185,0.9733477541020451,0.969266504195556,0.9752326348965213,0.9660096285246919,0.9772234643712037,1.0
2,0,1.962222816767516,0.2901533966398831,6845,2.269312555139715,0.16654492330168005,1369,2.2682663851146456,0.1744,0.9149031172824699,0.0788144541942542,,,0.8,,0.8000115528708884,0.19998844712911157,0.9711081512305959,0.1457412747512927,10,0.025,0.15,1.0,0.9491689790888089,0.9237854592625553,0.9145960700945276,0.8959910241138507,0.891950632961013,0.8720253624168205,0.8706756828119232,0.8494862868232778,0.8441455640139409,0.8356457711595892,0.8283723206906919
2,1,2.004616742355879,0.2826579043446513,5478,2.2695336871676974,0.16514598540145986,1096,2.2682362387451946,0.1746,0.9614189101452134,0.08266705438635805,,,0.9081089574355556,,0.90814642438646,0.09185357561354002,0.9717097986958869,0.14580393547089382,10,0.025,0.15,0.9491689790888089,1.0,0.9572251452266137,0.9535102087431553,0.9424798579705896,0.9431446240823561,0.9222855482517637,0.9264135128425391,0.9136594048346222,0.9046425709294815,0.9043651596659191,0.8973361211610839
2,2,2.053760929797825,0.25367219917012446,4820,2.2678011059761047,0.18672199170124482,964,2.2682311293445054,0.1746,0.9758213739708047,0.08412153256063508,,,0.9489235011704956,,0.9489693188757407,0.05103068112425935,0.9717720887547574,0.14581047861353436,10,0.025,0.15,0.9237854592625553,0.9572251452266137,1.0,0.9656070732583459,0.9559022907537574,0.9555720301478537,0.9491339342918708,0.9481514380185774,0.9411441455267654,0.9296096053323629,0.9288707136578457,0.9247975206223931
2,3,2.0590672588348387,0.2586472991375397,4406,2.2637739862714494,0.20317820658342792,881,2.2682302903525438,0.1746,0.9838912282199074,0.08487262040069421,,,0.9699999999719386,,0.9700285520951957,0.029971447904804327,0.9717881140595275,0.14581140443244986,10,0.025,0.15,0.9145960700945276,0.9535102087431553,0.9656070732583459,1.0,0.9637093982395935,0.9652912022618504,0.9612634630604404,0.958852256857554,0.9554700423060453,0.9466895471551311,0.9486982355028885,0.9393913247994857
2,4,2.0612649762269224,0.25058365758754864,4112,2.2729721750531877,0.17883211678832117,822,2.268230516699296,0.1746,0.9826086480319847,0.08476473064342992,,,0.966972473471856,,0.9670248056642076,0.032975194335792435,0.9717889086781972,0.14581133090875487,10,0.025,0.15,0.8959910241138507,0.9424798579705896,0.9559022907537574,0.9637093982395935,1.0,0.9636344137887992,0.9619528218424568,0.9672452516513355,0.9560025329784629,0.9526918640480091,0.9504959329540413,0.9472424692689201
2,5,2.0688608704074736,0.2588326047827205,3889,2.2762346948896135,0.17609254498714652,778,2.268231195739553,0.1746,0.9834433586710447,0.08461452607840539,,,0.9627575385922532,,0.9627915036886666,0.03720849631133338,0.9717732074421753,0.14581119008501767,10,0.025,0.15,0.891950632961013,0.9431446240823561,0.9555720301478537,0.9652912022618504,0.9636344137887992,1.0,0.9661629319901168,0.9651272853288593,0.9579219488504411,0.9538638842240506,0.9537330777901163,0.9506497695410209
2,6,2.095518641636289,0.2387227162489895,3711,2.2653112014134726,0.18328840970350405,742,2.2682327137717717,0.1745,0.9831853785040735,0.08406453866563689,,,0.947324178567264,,0.9473684210526315,0.052631578947368474,0.9717423738043115,0.14581036088468882,10,0.025,0.15,0.8720253624168205,0.9222855482517637,0.9491339342918708,0.9612634630604404,0.9619528218424568,0.9661629319901168,1.0,0.9689725375680602,0.9706457931972993,0.9592927013198016,0.9642349438448475,0.9678777566734242
2,7,2.0849027544260026,0.24727833894500562,3564,2.2690831422805786,0.1767180925666199,713,2.268231506589093,0.1746,0.9833526858151652,0.08418659176263037,,,0.9507491467471416,,0.9507847700153488,0.04921522998465122,0.9717676505177064,0.14581058884119133,10,0.025,0.15,0.8706756828119232,0.9264135128425391,0.9481514380185774,0.958852256857554,0.9672452516513355,0.9651272853288593,0.9689725375680602,1.0,0.9652305515108522,0.9657554600050173,0.9650957033625908,0.9640472328128498
2,8,2.0971078250143265,0.24274920081371695,3441,2.26697305838267,0.15843023255813954,688,2.2682425130771686,0.1747,0.9777085842902938,0.08303264214900871,,,0.918367824149098,,0.9184284794771501,0.08157152052284988,0.971685171252504,0.14580588223256777,10,0.025,0.15,0.8494862868232778,0.9136594048346222,0.9411441455267654,0.9554700423060453,0.9560025329784629,0.9579219488504411,0.9706457931972993,0.9652305515108522,1.0,0.9617253977502946,0.9629601032352195,0.9654769071688258
2,9,2.095145375198788,0.24034193161367726,3334,2.265663743019104,0.17691154422788605,667,2.2682340416727187,0.1747,0.9721068774942977,0.08323928721652636,,,0.9241665527206017,,0.9241966628707233,0.07580333712927667,0.9717131522992145,0.1458066292213001,10,0.025,0.15,0.8441455640139409,0.9046425709294815,0.9296096053323629,0.9466895471551311,0.9526918640480091,0.9538638842240506,0.9592927013198016,0.9657554600050173,0.9617253977502946,1.0,0.9545682352218336,0.9612252923573299
2,10,2.1067521705077246,0.25171243443381675,3241,2.265046318372091,0.15895061728395063,648,2.2682359822188753,0.1747,0.9722633885618716,0.0831150306422361,,,0.9206797521103111,,0.920722549553564,0.07927745044643597,0.9716965738408114,0.14580615845829295,10,0.025,0.15,0.8356457711595892,0.9043651596659191,0.9288707136578457,0.9486982355028885,0.9504959329540413,0.9537330777901163,0.9642349438448475,0.9650957033625908,0.9629601032352195,0.9545682352218336,1.0,0.9671270954373363
2,11,2.1158127274513245,0.23830326052548276,3159,2.269477939605713,0.15981012658227847,632,2.2682467955577224,0.1747,0.9703277252099589,0.08250699130018474,,,0.9036173796680054,,0.9036655608918817,0.09633443910811834,0.9716453964225872,0.14580306739177426,10,0.025,0.15,0.8283723206906919,0.8973361211610839,0.9247975206223931,0.9393913247994857,0.9472424692689201,0.9506497695410209,0.9678777566734242,0.9640472328128498,0.9654769071688258,0.9612252923573299,0.9671270954373363,1.0
3,0,1.908059525710565,0.3126807888970051,6845,2.244480089707808,0.2089116143170197,1369,2.243294492552552,0.2151,0.9185672798955743,0.0789134294925991,,,0.8,,0.8000115528708884,0.19998844712911157,0.983300023309712,0.14515833794977478,10,0.025,0.15,1.0,0.9447987048656097,0.9232505495308915,0.9161350433202469,0.8974359547494226,0.893711999354049,0.874445261616206,0.8745882638565017,0.8482230163707085,0.8404733273263777,0.8331334567253557,0.8323316635932235
3,1,1.9477957074032273,0.3022635998539613,5478,2.243536260392931,0.20437956204379562,1096,2.2432112361811383,0.2158,0.9578545940300043,0.0825875017996697,,,0.9082037961854498,,0.908245448994075,0.091754551005925,0.9835482049940301,0.14523944592871202,10,0.025,0.15,0.9447987048656097,1.0,0.9508389986923331,0.9476163797955711,0.9324440635399099,0.9364514289590617,0.9160914404260979,0.9213842581902053,0.9047505853878786,0.8877059366863643,0.8953649945550908,0.8931241732610384
3,2,1.9986688234304126,0.27477178423236515,4820,2.243666261434555,0.229253112033195,964,2.2432020797005183,0.216,0.972527887494335,0.08396938977611859,,,0.9489012872683127,,0.9489363106732023,0.05106368932679772,0.9836496212526571,0.14524818536088502,10,0.025,0.15,0.9232505495308915,0.9508389986923331,1.0,0.9594537999237511,0.9467625101304913,0.9509072584793075,0.9429010300299803,0.9418478432322638,0.9320536143632374,0.9106956865146512,0.9191531398313579,0.9205102044221231
3,3,2.000370512349265,0.2848615524285066,4406,2.238053253718785,0.24177071509648126,881,2.2431985818887057,0.216,0.9801910602746149,0.08468579898528597,,,0.9699999999705493,,0.9700285520951957,0.029971447904804327,0.9836576932797566,0.14524947091726814,10,0.025,0.15,0.9161350433202469,0.9476163797955711,0.9594537999237511,1.0,0.9552223534191452,0.9586572409767629,0.9556466188719728,0.9530092404934256,0.9463372113562408,0.9243463896010938,0.9366119359680485,0.9333568127946068
3,4,2.004162243640784,0.2730544747081712,4112,2.248741490500314,0.22506082725060828,822,2.2431991824620887,0.216,0.9791028794181422,0.08458330194390021,,,0.9669813960757992,,0.9670330577148422,0.03296694228515784,0.9836554085987852,0.14524937314328198,10,0.025,0.15,0.8974359547494226,0.9324440635399099,0.9467625101304913,0.9552223534191452,1.0,0.9553559435759391,0.9549989251478254,0.959794399763687,0.9465995337058951,0.937481464495253,0.9436608028380702,0.9431534884736766
3,5,2.005304071595592,0.28452044227307793,3889,2.252216475350516,0.2185089974293059,778,2.2432000908670546,0.216,0.9800093209355846,0.08451969394923198,,,0.9651080996581972,,0.9651515901701573,0.03484840982984272,0.9836519883862558,0.1452493014061916,10,0.025,0.15,0.893711999354049,0.9364514289590617,0.9509072584793075,0.9586572409767629,0.9553559435759391,1.0,0.9588867835832513,0.9559949306810396,0.9497497489958542,0.9340167965578862,0.9446982149212859,0.9448516603432594
3,6,2.034434097388695,0.26709781729991916,3711,2.240854024887085,0.21293800539083557,742,2.2432046811791917,0.2159,0.9795574260023441,0.08416362105123877,,,0.9546215234393588,,0.9546632338136026,0.04533676618639737,0.9836526827789952,0.14524866605849698,10,0.025,0.15,0.874445261616206,0.9160914404260979,0.9429010300299803,0.9556466188719728,0.9549989251478254,0.9588867835832513,1.0,0.9601064187603002,0.9605123354164603,0.9406850468886065,0.9534830601542064,0.9596493384655582
3,7,2.0185709114585606,0.2725028058361392,3564,2.2429142395655313,0.20757363253856942,713,2.243201503270789,0.216,0.9806915181844464,0.08427640719256531,,,0.9579431479553363,,0.957980558168705,0.042019441831295024,0.983655049891675,0.14524890525277845,10,0.025,0.15,0.8745882638565017,0.9213842581902053,0.9418478432322638,0.9530092404934256,0.959794399763687,0.9559949306810396,0.9601064187603002,1.0,0.9574641375147508,0.9496734863862821,0.9566278225194628,0.9601180322610543
3,8,2.0316596344665245,0.26817785527462945,3441,2.241736570994059,0.21656976744186046,688,2.243217097053045,0.2157,0.9726396958850163,0.08329729453317591,,,0.9291076494173028,,0.929147893251473,0.07085210674852704,0.9836010655999518,0.14524455232314973,10,0.025,0.15,0.8482230163707085,0.9047505853878786,0.9320536143632374,0.9463372113562408,0.9465995337058951,0.9497497489958542,0.9605123354164603,0.9574641375147508,1.0,0.9420545155461328,0.951885628995971,0.9569250555203658
3,9,2.035487553366908,0.266496700659868,3334,2.238045414288839,0.2128935532233883,667,2.243206730371789,0.2158,0.9598505387138855,0.08300781201154692,,,0.9205822026781861,,0.9206235249459491,0.07937647505405088,0.9835925868758827,0.1452428216923887,10,0.025,0.15,0.8404733273263777,0.8877059366863643,0.9106956865146512,0.9243463896010938,0.937481464495253,0.9340167965578862,0.9406850468886065,0.9496734863862821,0.9420545155461328,1.0,0.9362649521778402,0.9449485240542942
3,10,2.041344393675144,0.27738352360382595,3241,2.2431493202845254,0.2037037037037037,648,2.2432108257390277,0.2158,0.9669153220181551,0.08316145236928178,,,0.925107010184617,,0.9251621527949695,0.0748378472050305,0.9835991716234758,0.14524389156867032,10,0.025,0.15,0.8331334567253557,0.8953649945550908,0.9191531398313579,0.9366119359680485,0.9436608028380702,0.9446982149212859,0.9534830601542064,0.9566278225194628,0.951885628995971,0.9362649521778402,1.0,0.9587247172535863
3,11,2.052029109954834,0.262519784742007,3159,2.2438525199890136,0.20569620253164558,632,2.2432224388363995,0.2157,0.9684517599869786,0.08283429689538564,,,0.9154720707332928,,0.9155072535525078,0.08449274644749216,0.9835577580454232,0.14524158768988527,10,0.025,0.15,0.8323316635932235,0.8931241732610384,0.9205102044221231,0.9333568127946068,0.9431534884736766,0.9448516603432594,0.9596493384655582,0.9601180322610543,0.9569250555203658,0.9449485240542942,0.9587247172535863,1.0
4,0,1.86081487359824,0.3296712929145362,6845,2.2139015197753906,0.2534696859021183,1369,2.2125327285332017,0.2614,0.9255853825246214,0.07925766203715227,,,0.8,,0.8000115528708884,0.19998844712911157,0.9868385815848598,0.14488239958707405,10,0.025,0.15,1.0,0.9422980300073747,0.9249235384223303,0.9228300303083855,0.8983768500607836,0.8991666967206069,0.8852897473618997,0.8795445629723588,0.8558632077895043,0.8489128521068701,0.8397457786470294,0.8434664856240169
4,1,1.9008211313292038,0.3193136181087988,5478,2.211541679170397,0.25364963503649635,1096,2.2123905978625333,0.2619,0.9574192869491623,0.08257974352278151,,,0.906624356146886,,0.9066610552722352,0.09333894472776483,0.9875084936158209,0.1449710361410751,10,0.025,0.15,0.9422980300073747,1.0,0.9441276757033217,0.9444158307547975,0.929331542274205,0.9337708666615427,0.914505201310369,0.9181483327998382,0.9005659982753208,0.8904667212498883,0.8922151929140187,0.8956801982362473
4,2,1.948559390243731,0.2970331950207469,4820,2.214290112257004,0.2863070539419087,964,2.2123655639117277,0.2619,0.9718159331478348,0.08390844559027719,,,0.949269909264897,,0.9493076529517586,0.05069234704824144,0.9875813693588537,0.14498110155171218,10,0.025,0.15,0.9249235384223303,0.9441276757033217,1.0,0.9559433215378156,0.9435858951012861,0.9471329224423147,0.9400015699863187,0.9387971646877319,0.9276941116494881,0.9146134525535728,0.9123690827048416,0.9206893838379103
4,3,1.9468107104301453,0.305583295506128,4406,2.206416164125715,0.27014755959137343,881,2.2123614957060993,0.2619,0.9779654303033882,0.0845543303862895,,,0.9699999999679043,,0.9700285520951957,0.029971447904804327,0.98760087680012,0.14498294564307534,10,0.025,0.15,0.9228300303083855,0.9444158307547975,0.9559433215378156,1.0,0.9503358481599313,0.9529624740732933,0.9492094482292557,0.9474777864615334,0.9388723255989068,0.922860254296085,0.9261114228219763,0.9294417668240702
4,4,1.9538719867215013,0.2931420233463035,4112,2.2185054506574358,0.26034063260340634,822,2.2123626696912546,0.2619,0.9757058200373632,0.08441682546096999,,,0.9655866903628747,,0.9656302091069631,0.03436979089303693,0.9876003026696899,0.14498268514589988,10,0.025,0.15,0.8983768500607836,0.929331542274205,0.9435858951012861,0.9503358481599313,1.0,0.9484109218112944,0.9472289499179295,0.9519234411076434,0.9389594870402425,0.9315704483654705,0.9360497705429746,0.9373383721686268
4,5,1.9528890940450854,0.30694265878117766,3889,2.2226935795375278,0.25578406169665807,778,2.212363946286938,0.2619,0.976835690073424,0.08441425379359631,,,0.965504151033503,,0.9655476886006172,0.03445231139938276,0.9876005187370442,0.14498268456314659,10,0.025,0.15,0.8991666967206069,0.9337708666615427,0.9471329224423147,0.9529624740732933,0.9484109218112944,1.0,0.9519309226355149,0.9486157299985716,0.9401834272049975,0.9298931215919114,0.9351270128113998,0.9390667351803326
4,6,1.987695224120699,0.28674211802748584,3711,2.2105826139450073,0.2749326145552561,742,2.212369031543973,0.2619,0.9761941243008809,0.08417216224719427,,,0.957734066110727,,0.9577660048522058,0.042233995147794245,0.9875913451657086,0.14498204435256176,10,0.025,0.15,0.8852897473618997,0.914505201310369,0.9400015699863187,0.9492094482292557,0.9472289499179295,0.9519309226355149,1.0,0.9510413197483687,0.9503444897238694,0.9368355695609439,0.9412198045295439,0.9507289817203175
4,7,1.9672398218086788,0.29346240179573513,3564,2.2110406955083213,0.25245441795231416,713,2.2123643989804425,0.2619,0.9770725386732974,0.0842709132131605,,,0.9609035422992492,,0.9609430443465201,0.039056955653479886,0.9875925999535439,0.14498235234592394,10,0.025,0.15,0.8795445629723588,0.9181483327998382,0.9387971646877319,0.9474777864615334,0.9519234411076434,0.9486157299985716,0.9510413197483687,1.0,0.9494464475981105,0.940238018303053,0.9491847472223844,0.9538305050384643
4,8,1.981269739292286,0.2836094158674804,3441,2.210884173711141,0.2747093023255814,688,2.2123903292643874,0.2619,0.9686063947120815,0.08338617061278575,,,0.9325071557178972,,0.932547738112921,0.06745226188707898,0.9875513993659,0.1449778861095812,10,0.025,0.15,0.8558632077895043,0.9005659982753208,0.9276941116494881,0.9388723255989068,0.9389594870402425,0.9401834272049975,0.9503444897238694,0.9494464475981105,1.0,0.937858644971006,0.9414285358063553,0.9485045755482859
4,9,1.9841837150079233,0.2853629274145171,3334,2.2043422857920327,0.24587706146926536,667,2.2123832612098018,0.2621,0.9596350887495414,0.08291317955788732,,,0.9173262015751578,,0.9173722169959235,0.08262778300407647,0.9875254369678577,0.14497434468416268,10,0.025,0.15,0.8489128521068701,0.8904667212498883,0.9146134525535728,0.922860254296085,0.9315704483654705,0.9298931215919114,0.9368355695609439,0.940238018303053,0.937858644971006,1.0,0.9331787456777005,0.9397815983133694
4,10,1.9900534781125876,0.2992594878124036,3241,2.215782721837362,0.26080246913580246,648,2.212386550782602,0.262,0.9621804693658873,0.08309178486569208,,,0.9230586545662953,,0.9230991401363239,0.07690085986367612,0.9875498984952126,0.14497581781381663,10,0.025,0.15,0.8397457786470294,0.8922151929140187,0.9123690827048416,0.9261114228219763,0.9360497705429746,0.9351270128113998,0.9412198045295439,0.9491847472223844,0.9414285358063553,0.9331787456777005,1.0,0.9482385391548412
4,11,2.0025842943191527,0.28258942703387147,3159,2.212175464630127,0.254746835443038,632,2.2123999837078627,0.2619,0.966644633519805,0.08303452871221338,,,0.9212209812501766,,0.921258932844812,0.07874106715518803,0.9875367983713597,0.14497541617250892,10,0.025,0.15,0.8434664856240169,0.8956801982362473,0.9206893838379103,0.9294417668240702,0.9373383721686268,0.9390667351803326,0.9507289817203175,0.9538305050384643,0.9485045755482859,0.9397815983133694,0.9482385391548412,1.0
5,0,1.8178863326708476,0.34509861212563914,6845,2.17853966626254,0.28122717311906503,1369,2.1769334334361403,0.2934,0.9326025794969713,0.07974734827142951,,,0.8,,0.8000115528708884,0.19998844712911157,0.9895346019148442,0.14464792290205716,10,0.025,0.15,1.0,0.939695560909122,0.9258149701990209,0.9266912958182799,0.9026613731212731,0.9020405063654057,0.8928984522407034,0.8826989870258612,0.8652514862253419,0.8591901918304409,0.8545766655100787,0.8525065817754243
5,1,1.8597715702167776,0.3338809784592917,5478,2.1745507187313504,0.28102189781021897,1096,2.176683987243266,0.2937,0.9583039111608146,0.08265209913974535,,,0.9048617289790154,,0.9049116205377036,0.09508837946229642,0.9901375947864728,0.14473765716176962,10,0.025,0.15,0.939695560909122,1.0,0.9410839856780899,0.9434471566139978,0.9267997193063346,0.9307368182005039,0.9143882847387057,0.9148837965681111,0.8991294845156093,0.8928004488484821,0.8970958041331691,0.8980038124452538
5,2,1.9071411054385337,0.30688796680497926,4820,2.1804803907871246,0.30809128630705396,964,2.1766341637961473,0.2936,0.9717834113002349,0.08391853571495461,,,0.9505801864093091,,0.9506197290026571,0.04938027099734288,0.9902315565443971,0.1447491171980293,10,0.025,0.15,0.9258149701990209,0.9410839856780899,1.0,0.9503833595929813,0.9418911538682192,0.9437619927749541,0.9377857444848247,0.9352535633893843,0.9240338614017712,0.9147745392574612,0.9155367711988868,0.9215218478306271
5,3,1.902127333027976,0.31992737176577396,4406,2.170004742486136,0.3030646992054484,881,2.1766291419162025,0.2936,0.9759607369967299,0.08445647954665052,,,0.9699999999639,,0.9700285520951957,0.029971447904804327,0.9902608397447911,0.1447508086481839,10,0.025,0.15,0.9266912958182799,0.9434471566139978,0.9503833595929813,1.0,0.946045631823392,0.94724528361045,0.9453011151854969,0.9404687667755213,0.9312404747935461,0.9195433091203099,0.9237456388237826,0.9256076508664004
5,4,1.9105081113902005,0.3078307392996109,4112,2.1829488958631242,0.2895377128953771,822,2.176632929451858,0.2936,0.9732768888179968,0.08428326752916443,,,0.9637470328569253,,0.963773497714182,0.03622650228581803,0.9902520328490626,0.14475042397131072,10,0.025,0.15,0.9026613731212731,0.9267997193063346,0.9418911538682192,0.946045631823392,1.0,0.9439926391341905,0.9422658090035883,0.9455997559718358,0.9315096197451194,0.9259815510049072,0.930365314582763,0.9304335267502674
5,5,1.9059248408963603,0.3226793520185138,3889,2.188305820737566,0.2982005141388175,778,2.1766368618494347,0.2936,0.9741596167711967,0.08431053784875397,,,0.9647314934842245,,0.9647719958409665,0.03522800415903349,0.990248578426034,0.14475048534327722,10,0.025,0.15,0.9020405063654057,0.9307368182005039,0.9437619927749541,0.94724528361045,0.9439926391341905,1.0,0.9467837402351234,0.9400543978635206,0.9322653409364835,0.9238157888035983,0.930974612315057,0.9361011307128768
5,6,1.9433332291142693,0.3021018593371059,3711,2.175485293070475,0.3140161725067385,742,2.176640238942979,0.2936,0.9729691787102445,0.08412117896180366,,,0.9578956231520246,,0.9579310458648974,0.04206895413510259,0.9902423400691907,0.14474994641763422,10,0.025,0.15,0.8928984522407034,0.9143882847387057,0.9377857444848247,0.9453011151854969,0.9422658090035883,0.9467837402351234,1.0,0.9414964247224917,0.9405500623041907,0.9261222486745582,0.9328981641501172,0.943169713040906
5,7,1.9233414726597922,0.3041806958473625,3564,2.174413800239563,0.2847124824684432,713,2.1766347794593135,0.2936,0.9724750836782567,0.08416638082380222,,,0.9595274138346411,,0.9595732039411794,0.0404267960588206,0.990248937857637,0.14475009198453262,10,0.025,0.15,0.8826989870258612,0.9148837965681111,0.9352535633893843,0.9404687667755213,0.9455997559718358,0.9400543978635206,0.9414964247224917,1.0,0.9401573272271467,0.9309397558362168,0.9415163086895585,0.94449179548493
5,8,1.9384692748387655,0.2998546934030805,3441,2.175084034601847,0.3081395348837209,688,2.176669842080225,0.2941,0.9643159676605907,0.08334980054084405,,,0.9300488030335662,,0.9300886270238155,0.06991137297618455,0.99019281538895,0.144745426557038,10,0.025,0.15,0.8652514862253419,0.8991294845156093,0.9240338614017712,0.9312404747935461,0.9315096197451194,0.9322653409364835,0.9405500623041907,0.9401573272271467,1.0,0.9276619223162162,0.9328000383141579,0.9385608257358198
5,9,1.947802312285812,0.2982003599280144,3334,2.1657861471176147,0.27886056971514245,667,2.176677755162686,0.2938,0.9569193098225125,0.08281400365719105,,,0.9107064944678757,,0.9107458203363535,0.08925417966364646,0.9901398499942138,0.14473987074650832,10,0.025,0.15,0.8591901918304409,0.8928004488484821,0.9147745392574612,0.9195433091203099,0.9259815510049072,0.9238157888035983,0.9261222486745582,0.9309397558362168,0.9276619223162162,1.0,0.9254867929963475,0.9318672954889281
5,10,1.9480851365969731,0.3099352051835853,3241,2.183793862660726,0.279320987654321,648,2.176670838005935,0.2939,0.9608928438812683,0.08305493125292604,,,0.9194039991396538,,0.9194517337558383,0.08054826624416167,0.9901579208049013,0.14474273451155092,10,0.025,0.15,0.8545766655100787,0.8970958041331691,0.9155367711988868,0.9237456388237826,0.930365314582763,0.930974612315057,0.9328981641501172,0.9415163086895585,0.9328000383141579,0.9254867929963475,1.0,0.9384716712787762
5,11,1.9558863472938537,0.2959164292497626,3159,2.1753970623016357,0.30854430379746833,632,2.176684503313861,0.294,0.9641366123741928,0.08312543671273455,,,0.9219492516425878,,0.9219933653512898,0.07800663464871016,0.9901634030070586,0.14474342291437328,10,0.025,0.15,0.8525065817754243,0.8980038124452538,0.9215218478306271,0.9256076508664004,0.9304335267502674,0.9361011307128768,0.943169713040906,0.94449179548493,0.9385608257358198,0.9318672954889281,0.9384716712787762,1.0
6,0,1.782142945572182,0.35716581446311174,6845,2.139835010875355,0.30168005843681517,1369,2.1378805999514423,0.3172,0.9361277542165624,0.08021883356553595,,,0.8,,0.8000115528708884,0.19998844712911157,0.9920805642170225,0.14440175204192363,10,0.025,0.15,1.0,0.9342995023293319,0.9252738496610702,0.9245834532157152,0.8994133419028477,0.9060084984650932,0.8934920429529077,0.8868618342113439,0.8712854865839282,0.8625080030504721,0.8610295350351412,0.8604074044047307
6,1,1.8205891196117845,0.3474990872581234,5478,2.1338541242811413,0.3102189781021898,1096,2.1375373707541936,0.3178,0.9577522365550032,0.08273256943951504,,,0.9023455160845884,,0.9023864930435214,0.09761350695647864,0.9923842929268598,0.14448451939394286,10,0.025,0.15,0.9342995023293319,1.0,0.9340599709570754,0.9386151937819837,0.9205372814890099,0.9280531736264205,0.9112440870552895,0.9139733264474251,0.9010553965128101,0.8936067733431526,0.8977426097562485,0.8988770070341492
6,2,1.865655301119152,0.32141078838174275,4820,2.143510729074478,0.31950207468879666,964,2.137465476989746,0.3176,0.9692916056778259,0.08389762148298277,,,0.9497800353148697,,0.949811028040468,0.05018897195953198,0.9924889282587604,0.1444953080320882,10,0.025,0.15,0.9252738496610702,0.9340599709570754,1.0,0.9437215892271817,0.935864065120004,0.9383461251655101,0.931141265483381,0.9305250415954871,0.9185305767163658,0.9140210852514903,0.9117184666373604,0.9203704483675316
6,3,1.8624005256380354,0.3362460281434408,4406,2.129951136452811,0.32690124858115777,881,2.137460092954998,0.3176,0.9742466333383836,0.08439424949798294,,,0.9699999999592854,,0.9700285520951957,0.029971447904804327,0.9925018405201755,0.14449664663431344,10,0.025,0.15,0.9245834532157152,0.9386151937819837,0.9437215892271817,1.0,0.9399105866593208,0.9431653323114646,0.9390510388392621,0.9384927721095083,0.9291529382692355,0.9182985695755367,0.9215777324132023,0.9237352824092947
6,4,1.874429456392924,0.3208171206225681,4112,2.1436688559395924,0.3199513381995134,822,2.1374644327767287,0.3176,0.9691516980208738,0.0841198217613365,,,0.9588268100367716,,0.9588635275866053,0.04113647241339469,0.992499056721337,0.14449606673809667,10,0.025,0.15,0.8994133419028477,0.9205372814890099,0.935864065120004,0.9399105866593208,1.0,0.9377986433687173,0.9340602060250417,0.9371467113791023,0.9262150735804066,0.9176786114963721,0.9230889200370923,0.9287819023793378
6,5,1.8653804090715225,0.3343533041913088,3889,2.1502693040030345,0.3161953727506427,778,2.1374677404572693,0.3176,0.9713561958642422,0.084208919006969,,,0.9624543604410783,,0.9624861778151871,0.03751382218481292,0.9925049937974021,0.1444962776427627,10,0.025,0.15,0.9060084984650932,0.9280531736264205,0.9383461251655101,0.9431653323114646,0.9377986433687173,1.0,0.9396831461575385,0.9338581500957034,0.9271005229807167,0.9170564828619978,0.923802816454132,0.9313539827663018
6,6,1.9035266251399598,0.31686876852600376,3711,2.137182275454203,0.34097035040431267,742,2.1374724273440204,0.3176,0.969612820321701,0.08403413028262931,,,0.9553379237527655,,0.9553811622188114,0.04461883778118858,0.9924932361847822,0.14449582679362913,10,0.025,0.15,0.8934920429529077,0.9112440870552895,0.931141265483381,0.9390510388392621,0.9340602060250417,0.9396831461575385,1.0,0.9345573137687208,0.9364683768168797,0.9203585779263689,0.9281024485800775,0.9375666640124635
6,7,1.8847841556583131,0.31832210998877664,3564,2.1346511046091714,0.3127629733520337,713,2.137465368343305,0.3176,0.9703802114568914,0.08408734797828381,,,0.9575046559790797,,0.9575514515357066,0.042448548464293356,0.9924964015408427,0.1444960057107414,10,0.025,0.15,0.8868618342113439,0.9139733264474251,0.9305250415954871,0.9384927721095083,0.9371467113791023,0.9338581500957034,0.9345573137687208,1.0,0.9337884945570176,0.9284489444144377,0.9362812608685326,0.9404942397006164
6,8,1.8957178782533717,0.31546062191223484,3441,2.135844667752584,0.33575581395348836,688,2.137512466575526,0.3174,0.9627113939452798,0.08332866480289663,,,0.9266152447511677,,0.926655773959829,0.07334422604017099,0.9924550964107487,0.14449134579598985,10,0.025,0.15,0.8712854865839282,0.9010553965128101,0.9185305767163658,0.9291529382692355,0.9262150735804066,0.9271005229807167,0.9364683768168797,0.9337884945570176,1.0,0.9237222481003242,0.9246557540158326,0.9339877876897619
6,9,1.9015799813800387,0.31457708458308337,3334,2.123958190282186,0.31784107946026985,667,2.137531352948539,0.3176,0.9552438977038266,0.08275115203396352,,,0.903102097250775,,0.9031374296512683,0.09686257034873169,0.992408516829163,0.1444848018641521,10,0.025,0.15,0.8625080030504721,0.8936067733431526,0.9140210852514903,0.9182985695755367,0.9176786114963721,0.9170564828619978,0.9203585779263689,0.9284489444144377,0.9237222481003242,1.0,0.9196313494697489,0.9249206764468314
