round,client_id,client_i_training_loss,client_i_training_accuracy,client_i_training_dataset_size,client_i_evaluation_loss,client_i_evaluation_accuracy,client_i_evaluation_dataset_size,client_i_central_evaluation_loss,client_i_central_evaluation_accuracy,client_i_cosine_similarity,client_i_importance_coefficient,client_i_tanh_val,tanh_normalization_value,client_i_q,client_i_mask_order,client_i_v_nonzero_fraction,client_i_v_sparsity,client_i_v_cosine_similarity,client_i_reward_gradient_norm,local_epochs,learning_rate,gamma,client_0_cosine_similarity,client_1_cosine_similarity,client_2_cosine_similarity,client_3_cosine_similarity,client_4_cosine_similarity,client_5_cosine_similarity,client_6_cosine_similarity,client_7_cosine_similarity,client_8_cosine_similarity,client_9_cosine_similarity,client_10_cosine_similarity,client_11_cosine_similarity
0,0,2.191506355780142,0.18866325785244703,6845,2.2978947812860664,0.10591672753834916,1369,2.297343127335174,0.1066,0.8802080904852188,0.07799017218987377,,,0.75,,0.7500041260253173,0.2499958739746827,0,0.14062580972149427,10,0.025,0.15,1.0,0.9305793110514806,0.8299020324079095,0.8364290498890311,0.8260479729225654,0.7876594756390665,0.7488460975295853,0.765192098052149,0.731125207037608,0.7605780547471013,0.732198903758611,0.7184376442634539
0,1,2.235570623708326,0.1610441767068273,5478,2.298291073905097,0.11496350364963503,1096,2.2973235921014714,0.1064,0.9401489511594773,0.0833011868189459,,,0.9049864962121584,,0.9050271492465878,0.09497285075341222,0,0.14071865179800358,10,0.025,0.15,0.9305793110514806,1.0,0.9084679103050133,0.9202323618253193,0.8884707845184563,0.87327926539039,0.8246892987343837,0.8319330455081051,0.8080923512046566,0.8334577573610241,0.8172521815546364,0.8027012512416154
0,2,2.2723073237820675,0.15558091286307055,4820,2.296964645385742,0.10684647302904564,964,2.297323166569577,0.1065,0.9556586601139896,0.08467541285146334,,,0.9450892812087465,,0.9451403673812943,0.054859632618705745,0,0.14072199321172046,10,0.025,0.15,0.8299020324079095,0.9084679103050133,1.0,0.9448035046675824,0.9114694270252658,0.9173136576698149,0.9123743547405051,0.8471271699086643,0.864447341514181,0.8823049644668924,0.8491009290132827,0.886037054586117
0,3,2.281501716205052,0.15594643667725827,4406,2.2942143848964145,0.09534619750283768,881,2.297323066977006,0.1065,0.9768953215218014,0.0865570711750312,,,0.9999999999708179,,1.0,0.0,0,0.14072245219007115,10,0.025,0.15,0.8364290498890311,0.9202323618253193,0.9448035046675824,1.0,0.9352204512440204,0.9331807664918337,0.9290331312457453,0.8924840762126208,0.9089339253607908,0.9266208868681848,0.9073603488224212,0.8978750129667613
0,4,2.2846806620106554,0.1450875486381323,4112,2.298093557357788,0.11435523114355231,822,2.297323079048833,0.1065,0.96584437346512,0.08557791027987648,,,0.9714260405738159,,0.9714561568549784,0.028543843145021564,0,0.14072240940089378,10,0.025,0.15,0.8260479729225654,0.8884707845184563,0.9114694270252658,0.9352204512440204,1.0,0.9538268097494016,0.9143113815128485,0.9235061304760934,0.8718220580573761,0.8929592303339214,0.9144365996004281,0.8938119424760378
0,5,2.2856720862850066,0.15327847775777834,3889,2.2990633078983853,0.10668380462724936,778,2.297323106210443,0.1065,0.963627212057111,0.08538146037007384,,,0.9656932220206829,,0.9657292337145781,0.034270766285421916,0,0.14072236411725167,10,0.025,0.15,0.7876594756390665,0.87327926539039,0.9173136576698149,0.9331807664918337,0.9538268097494016,1.0,0.9338996011689458,0.9157874044279595,0.8902086352942329,0.9092886452362314,0.9213124457399436,0.9089824834511986
0,6,2.289994784059196,0.14893559687415792,3711,2.298644781112671,0.10512129380053908,742,2.297323383862459,0.1064,0.949861089948194,0.08416172353140262,,,0.9300987542721402,,0.9301463913782575,0.0698536086217425,0,0.14072037148378108,10,0.025,0.15,0.7488460975295853,0.8246892987343837,0.9123743547405051,0.9290331312457453,0.9143113815128485,0.9338996011689458,1.0,0.8854528041252889,0.915731554277456,0.926168230395584,0.923518518252092,0.9277593725774268
0,7,2.2903303623199465,0.11200897867564534,3564,2.2963767051696777,0.09396914446002805,713,2.297323643406735,0.1064,0.9238048328098651,0.08185302857300743,,,0.8627262148583561,,0.8627601458962553,0.13723985410374473,0,0.14071058640178738,10,0.025,0.15,0.765192098052149,0.8319330455081051,0.8471271699086643,0.8924840762126208,0.9235061304760934,0.9157874044279595,0.8854528041252889,1.0,0.8111027614319158,0.8505383165350715,0.925435120014878,0.8508861715265108
0,8,2.2899819956885445,0.13219994187736123,3441,2.29767374197642,0.11627906976744186,688,2.297323634352865,0.1064,0.9239755330140488,0.08186815333550512,,,0.8631675870083643,,0.8632057566305227,0.13679424336947732,0,0.1407106085042957,10,0.025,0.15,0.731125207037608,0.8080923512046566,0.864447341514181,0.9089339253607908,0.8718220580573761,0.8902086352942329,0.915731554277456,0.8111027614319158,1.0,0.9512329562580255,0.8770858837973857,0.9330918288278242
0,9,2.2892165157530044,0.1434013197360528,3334,2.298679073651632,0.10644677661169415,667,2.297323504580727,0.1064,0.9425176692250495,0.08351106529177543,,,0.9111111882730973,,0.9111666749187173,0.08883332508128272,0,0.14071920944077787,10,0.025,0.15,0.7605780547471013,0.8334577573610241,0.8823049644668924,0.9266208868681848,0.8929592303339214,0.9092886452362314,0.926168230395584,0.8505383165350715,0.9512329562580255,1.0,0.8921956266069183,0.9270951196801239
0,10,2.2920827828920807,0.13273680962665843,3241,2.29848579565684,0.11882716049382716,648,2.297322897971431,0.1064,0.9330616947266007,0.08267322582253069,,,0.886661283161617,,0.8866993447871796,0.1133006552128204,0,0.14071599492986214,10,0.025,0.15,0.732198903758611,0.8172521815546364,0.8491009290132827,0.9073603488224212,0.9144365996004281,0.9213124457399436,0.923518518252092,0.925435120014878,0.8770858837973857,0.8921956266069183,1.0,0.9136003615056065
0,11,2.2910248241424562,0.13694207027540362,3159,2.298976707458496,0.09018987341772151,632,2.297322958330565,0.1064,0.930537706567785,0.08244958976051411,,,0.8801351159225166,,0.8801719727352247,0.11982802726477526,0,0.14071516539598086,10,0.025,0.15,0.7184376442634539,0.8027012512416154,0.886037054586117,0.8978750129667613,0.8938119424760378,0.9089824834511986,0.9277593725774268,0.8508861715265108,0.9330918288278242,0.9270951196801239,0.9136003615056065,1.0
1,0,2.0759693395208427,0.24492330168005844,6845,2.2872938242825596,0.15120525931336742,1369,2.2865792014930824,0.1384,0.8960629735760841,0.07779896058030669,,,0.75,,0.7500041260253173,0.2499958739746827,0.9073038906658727,0.14454073797350603,10,0.025,0.15,1.0,0.9472661379272885,0.9131973650874863,0.9035455792949902,0.8873790436696564,0.8637827951068383,0.8272534358737986,0.8406721835944492,0.8027679003607119,0.8117088602928032,0.7998868620702038,0.7734871686074662
1,1,2.1160032929376116,0.22583059510770354,5478,2.2873372236887612,0.1468978102189781,1096,2.2865422677390184,0.1386,0.9435269619325525,0.0826534124972697,,,0.8994378035930815,,0.8994735191695136,0.10052648083048643,0.9073000326565316,0.14462114843618026,10,0.025,0.15,0.9472661379272885,1.0,0.9473600075651085,0.9461877399524655,0.9344855707164091,0.9210881180802765,0.8794241127366921,0.8966105026526116,0.8604687604909351,0.8701477971001709,0.8692132861347901,0.8422685397921421
1,2,2.1697091068092145,0.21244813278008298,4820,2.2863574028015137,0.1421161825726141,964,2.286543191233768,0.1386,0.9728936712168879,0.08446849990917357,,,0.9553128397051003,,0.9553646581175422,0.04463534188245777,0.907383047919374,0.14462734345640202,10,0.025,0.15,0.9131973650874863,0.9473600075651085,1.0,0.9645831331796845,0.9573805694860215,0.9513563280365069,0.9363257106922853,0.9328372313494887,0.9161379906985502,0.9186390868727828,0.9094625475540797,0.9038192644779406
1,3,2.1834385446139746,0.20950975941897412,4406,2.2832016263689314,0.10442678774120318,881,2.2865428139891804,0.1387,0.9815109892364585,0.08592015180442275,,,0.9999999999692163,,1.0,0.0,0.9073890272124445,0.14462744338728775,10,0.025,0.15,0.9035455792949902,0.9461877399524655,0.9645831331796845,1.0,0.9689441429521767,0.9584064750592828,0.9459299175661405,0.953409268382918,0.9337930952015945,0.9377805062981517,0.9296130558440159,0.9074442361078662
1,4,2.186851584550106,0.2066634241245136,4112,2.288085767201015,0.11435523114355231,822,2.286542798899397,0.1387,0.9769117330642306,0.08516098965244251,,,0.9766302094133551,,0.9766714528560347,0.02332854714396526,0.9073882855003538,0.14462743478462708,10,0.025,0.15,0.8873790436696564,0.9344855707164091,0.9573805694860215,0.9689441429521767,1.0,0.9614214254444912,0.9404043574198869,0.958637547379481,0.92086957065085,0.9340275686453499,0.9259501339510892,0.9061747528133933
1,5,2.192506827077558,0.20712265363846746,3889,2.289016212735857,0.13367609254498714,778,2.286542820025094,0.1387,0.9802675904138778,0.08514866514085907,,,0.9762508158231229,,0.976308362628113,0.023691637371886953,0.9073868935490814,0.14462743473860523,10,0.025,0.15,0.8637827951068383,0.9210881180802765,0.9513563280365069,0.9584064750592828,0.9614214254444912,1.0,0.9517022049246554,0.9633643696230404,0.9387554286271,0.9450091263866542,0.9484226918624996,0.9309748697849896
1,6,2.216587110223441,0.19148477499326327,3711,2.2879347801208496,0.14420485175202155,742,2.2865435382987878,0.1386,0.9771230442758093,0.08428754659797509,,,0.9497424342626433,,0.9497780198379298,0.050221980162070246,0.9073476100135729,0.14462728705733777,10,0.025,0.15,0.8272534358737986,0.8794241127366921,0.9363257106922853,0.9459299175661405,0.9404043574198869,0.9517022049246554,1.0,0.9588482916398829,0.9708260674351993,0.9581353511783464,0.9633343867659501,0.9663049145931217
1,7,2.214061299392155,0.18310886644219979,3564,2.2845072746276855,0.1332398316970547,713,2.286545122726054,0.1386,0.9780648344991174,0.08288318545872386,,,0.9065110566136347,,0.9065620306646202,0.09343796933537984,0.9071791203855732,0.1446253425382235,10,0.025,0.15,0.8406721835944492,0.8966105026526116,0.9328372313494887,0.953409268382918,0.958637547379481,0.9633643696230404,0.9588482916398829,1.0,0.9471049023172492,0.9501965641055737,0.964694979072779,0.9433732566329738
1,8,2.2185430897606744,0.18465562336530078,3441,2.28605322043101,0.1555232558139535,688,2.2865429437613187,0.1386,0.9669756548325541,0.08252977365765832,,,0.8956317474313633,,0.895669323826971,0.10433067617302905,0.9071964829500587,0.1446208645024532,10,0.025,0.15,0.8027679003607119,0.8604687604909351,0.9161379906985502,0.9337930952015945,0.92086957065085,0.9387554286271,0.9708260674351993,0.9471049023172492,1.0,0.9636846669845891,0.9575400702083771,0.9697680811966292
1,9,2.209483220400634,0.18728254349130175,3334,2.287259062131246,0.15592203898050974,667,2.2865443622009662,0.1386,0.9677199804348292,0.08357542427600292,,,0.9278207019012067,,0.9278605733524781,0.07213942664752193,0.9073072977397448,0.14462624871455212,10,0.025,0.15,0.8117088602928032,0.8701477971001709,0.9186390868727828,0.9377805062981517,0.9340275686453499,0.9450091263866542,0.9581353511783464,0.9501965641055737,0.9636846669845891,1.0,0.9444841366607761,0.9556006885268
1,10,2.224676455901219,0.18130206726319037,3241,2.287768840789795,0.1558641975308642,648,2.2865440422975563,0.1386,0.9665601392906842,0.083016643222905,,,0.9106193752236066,,0.9106632998300077,0.08933670016999229,0.9072610975599444,0.14462556243115665,10,0.025,0.15,0.7998868620702038,0.8692132861347901,0.9094625475540797,0.9296130558440159,0.9259501339510892,0.9484226918624996,0.9633343867659501,0.964694979072779,0.9575400702083771,0.9444841366607761,1.0,0.9639764741320237
1,11,2.224171690940857,0.17429566318455209,3159,2.2880125999450684,0.12341772151898735,632,2.2865420263024827,0.1386,0.9567527921646595,0.08255674720226049,,,0.8964620918923689,,0.8965027809410638,0.10349721905893616,0.907266582087467,0.14462092257118528,10,0.025,0.15,0.7734871686074662,0.8422685397921421,0.9038192644779406,0.9074442361078662,0.9061747528133933,0.9309748697849896,0.9663049145931217,0.9433732566329738,0.9697680811966292,0.9556006885268,0.9639764741320237,1.0
2,0,1.996662018696467,0.2745507669831994,6845,2.2714209990067915,0.19576333089846604,1369,2.2707079452804373,0.1871,0.9150512825108247,0.0780981797016583,,,0.75,,0.7500041260253173,0.2499958739746827,0.9537405585608221,0.14552868549900955,10,0.025,0.15,1.0,0.9509996746125184,0.9287454176768869,0.9180175454706025,0.8956062138535517,0.8883971865870849,0.8695226885466315,0.8683008453242729,0.8424939964535774,0.8452908219351764,0.8335438345979156,0.8234438645082282
2,1,2.035829620583113,0.2620299379335524,5478,2.2712506188286676,0.1852189781021898,1096,2.270617225502111,0.1856,0.9558423566926026,0.08243919802822036,,,0.8992239843096426,,0.899267217903649,0.10073278209635095,0.9546654082374508,0.14560519920559403,10,0.025,0.15,0.9509996746125184,1.0,0.9542121587620315,0.9516058902887451,0.9335271624101813,0.9322587860716693,0.9161633882791258,0.917353153691264,0.8984998697101132,0.8979296497415945,0.8969105597744096,0.8849627702293317
2,2,2.0846768278824657,0.24763485477178424,4820,2.2708481550216675,0.19605809128630705,964,2.2706127317645883,0.1861,0.9744734620000609,0.08417258687368852,,,0.9588098165775985,,0.9588470234853361,0.041152976514663875,0.954772352934182,0.14560774269956847,10,0.025,0.15,0.9287454176768869,0.9542121587620315,1.0,0.9640396459483783,0.9527248076403574,0.9506397621772176,0.9467296025679078,0.9447360336758991,0.9317502230502065,0.926301165040772,0.9266582607648814,0.9217218038212965
2,3,2.0949721693992616,0.2485020426690876,4406,2.2671359947749545,0.17480136208853575,881,2.270611932006063,0.1861,0.983611048352205,0.08537083487510125,,,0.9999999999656246,,1.0,0.0,0.9547781711200717,0.14560782783513915,10,0.025,0.15,0.9180175454706025,0.9516058902887451,0.9640396459483783,1.0,0.9643494696183854,0.9642243831802784,0.9592690404099176,0.9602168206515288,0.9487214387886145,0.9430545312045806,0.9462813711189892,0.9332450211295436
2,4,2.0961823181672528,0.2438715953307393,4112,2.273040464946202,0.15936739659367397,822,2.270611922952193,0.1861,0.9790701148938792,0.0847519507104564,,,0.9787256459023489,,0.9787674737172187,0.021232526282781272,0.9547782760040635,0.14560781572635453,10,0.025,0.15,0.8956062138535517,0.9335271624101813,0.9527248076403574,0.9643494696183854,1.0,0.958899987877233,0.9568389913077391,0.9622339848402954,0.9443540710416269,0.9475683937720272,0.9456758950559562,0.9373287868671561
2,5,2.103169967282203,0.2497300077140653,3889,2.274465424673898,0.17223650385604114,778,2.2706119802933706,0.1861,0.9819649483036483,0.08483877611804587,,,0.9817102988766364,,0.981746463996303,0.018253536003696946,0.9547775766939625,0.1456078203025863,10,0.025,0.15,0.8883971865870849,0.9322587860716693,0.9506397621772176,0.9642243831802784,0.958899987877233,1.0,0.9670025588952652,0.9629591594090037,0.9551544067921924,0.9496064509039109,0.9550481565503168,0.9483107331704933
2,6,2.1311807731102252,0.23101589867960118,3711,2.272282123565674,0.19811320754716982,742,2.270613609989987,0.1861,0.9829984530330392,0.08433858665932785,,,0.964516115778428,,0.9645574425244673,0.03544255747553271,0.9547764148350772,0.14560777193803082,10,0.025,0.15,0.8695226885466315,0.9161633882791258,0.9467296025679078,0.9592690404099176,0.9568389913077391,0.9670025588952652,1.0,0.9686614368134928,0.9687696142476927,0.9563661974496158,0.9678989133030308,0.9668909237327914
2,7,2.1231747073786598,0.23066778900112234,3564,2.2671510378519693,0.20336605890603085,713,2.270616637000555,0.186,0.9822762659038526,0.08344427936228305,,,0.9337739976800918,,0.9338185539106468,0.06618144608935317,0.9547509840059932,0.14560686030858083,10,0.025,0.15,0.8683008453242729,0.917353153691264,0.9447360336758991,0.9602168206515288,0.9622339848402954,0.9629591594090037,0.9686614368134928,1.0,0.9633159669317398,0.9608445539817233,0.9650200136837817,0.9623643620785578
2,8,2.1372852541782237,0.22621331008427784,3441,2.269346594810486,0.20348837209302326,688,2.270614971088458,0.186,0.9753437921933247,0.0829989279153779,,,0.9184648899256719,,0.9185192520341304,0.08148074796586957,0.9547178713657064,0.14560649100478487,10,0.025,0.15,0.8424939964535774,0.8984998697101132,0.9317502230502065,0.9487214387886145,0.9443540710416269,0.9551544067921924,0.9687696142476927,0.9633159669317398,1.0,0.9649464513405482,0.967610861622082,0.9690786414248261
2,9,2.127241180119691,0.23176364727054588,3334,2.2697141965230307,0.1874062968515742,667,2.270615396620352,0.186,0.9712664441258863,0.08351420247560255,,,0.9361776285288782,,0.9362199006453104,0.06378009935468965,0.9547667710702847,0.14560690709525273,10,0.025,0.15,0.8452908219351764,0.8979296497415945,0.926301165040772,0.9430545312045806,0.9475683937720272,0.9496064509039109,0.9563661974496158,0.9608445539817233,0.9649464513405482,1.0,0.9563770347829307,0.9589481073008737
2,10,2.144087608043964,0.22854057389694538,3241,2.272318959236145,0.19135802469135801,648,2.2706149197831937,0.186,0.9733507019780832,0.0832357592388107,,,0.9266060473761535,,0.9266475219091944,0.07335247809080558,0.9547610584538182,0.14560669883299215,10,0.025,0.15,0.8335438345979156,0.8969105597744096,0.9266582607648814,0.9462813711189892,0.9456758950559562,0.9550481565503168,0.9678989133030308,0.9650200136837817,0.967610861622082,0.9563770347829307,1.0,0.9698267507659605
2,11,2.1481106719970704,0.21696739474517251,3159,2.2718318462371827,0.1629746835443038,632,2.2706136733670776,0.186,0.9686347989918147,0.08279671804142703,,,0.9115138565994441,,0.9115627733491772,0.08843722665082276,0.9547148041916839,0.14560624183951285,10,0.025,0.15,0.8234438645082282,0.8849627702293317,0.9217218038212965,0.9332450211295436,0.9373287868671561,0.9483107331704933,0.9668909237327914,0.9623643620785578,0.9690786414248261,0.9589481073008737,0.9698267507659605,1.0
3,0,1.939326798695105,0.2998685171658145,6845,2.249890305779197,0.21621621621621623,1369,2.2492141995248915,0.2169,0.9257658243439716,0.0786513484035866,,,0.75,,0.7500041260253173,0.2499958739746827,0.9782890135732039,0.14543296994744612,10,0.025,0.15,1.0,0.950664178271362,0.9317036443337631,0.9246963653718494,0.9065301249702583,0.9004293421007172,0.8855943718282314,0.8792230307917864,0.8634663261005725,0.8515183461688227,0.8448462535352884,0.8432051906066238
3,1,1.9726738075877346,0.2897042716319825,5478,2.249210410647922,0.21441605839416059,1096,2.249076254760163,0.2167,0.9617305487394373,0.0825174113392308,,,0.9020905912676932,,0.9021306794738493,0.09786932052615072,0.9786066300843224,0.14550341022165994,10,0.025,0.15,0.950664178271362,1.0,0.9553989977805788,0.9503926243628037,0.9405139944306533,0.9384655671760197,0.9255961751180317,0.9236583851499826,0.9110696014116377,0.8942737849155957,0.9042236752962968,0.9015663199482521
3,2,2.019915990139309,0.27263485477178423,4820,2.250065356492996,0.2354771784232365,964,2.2490680247922485,0.2166,0.9719958515864048,0.08392746690550289,,,0.9575620588471236,,0.9576009638395141,0.0423990361604859,0.9786032061964669,0.14550596409833336,10,0.025,0.15,0.9317036443337631,0.9553989977805788,1.0,0.9607462494072253,0.9510392275077059,0.9442206100017159,0.9422482581417753,0.9401869897694142,0.9310356633916516,0.9126234825873657,0.9199115294529127,0.9235237837549777
3,3,2.0297790019852773,0.27612346799818427,4406,2.2452010086604526,0.2213393870601589,881,2.249066705945172,0.2166,0.9822786696873353,0.08500621707562564,,,0.9999999999606601,,1.0,0.0,0.9786033123340675,0.14550606768186,10,0.025,0.15,0.9246963653718494,0.9503926243628037,0.9607462494072253,1.0,0.9621790535017636,0.9579093922798804,0.9570099389876325,0.9566330803248676,0.9519820059234487,0.9313049343535494,0.9419729900912163,0.935962983585379
3,4,2.03123988310496,0.2708171206225681,4112,2.2525624207087924,0.18248175182481752,822,2.2490666516219515,0.2166,0.9794049682583831,0.08452860627739706,,,0.9812108312617505,,0.9812513409582281,0.01874865904177192,0.9786017410184783,0.14550606247363593,10,0.025,0.15,0.9065301249702583,0.9405139944306533,0.9510392275077059,0.9621790535017636,1.0,0.9558851553119303,0.954593641443186,0.9608811725304259,0.9485801250431286,0.9327105045735686,0.9411729370452775,0.942468123203806
3,5,2.0393662225815556,0.27775777834919,3889,2.254232815333775,0.20179948586118251,778,2.2490667783761324,0.2166,0.9787392846285238,0.08456072441063198,,,0.9824743559263587,,0.9825056526546847,0.017494347345315298,0.9786024673371001,0.14550606322229961,10,0.025,0.15,0.9004293421007172,0.9384655671760197,0.9442206100017159,0.9579093922798804,0.9558851553119303,1.0,0.9600415929992372,0.9545584241186502,0.9510428748641228,0.9347634431410361,0.9459386659224918,0.9452435451361696
3,6,2.06384961728392,0.26122338992185395,3711,2.251179575920105,0.22371967654986524,742,2.249069965338405,0.2166,0.9809987414607649,0.08432427262636603,,,0.9731723625874127,,0.97320559158951,0.026794408410489967,0.9786028527332763,0.14550604604166853,10,0.025,0.15,0.8855943718282314,0.9255961751180317,0.9422482581417753,0.9570099389876325,0.954593641443186,0.9600415929992372,1.0,0.9632467421639056,0.9634787353247595,0.9404746942732096,0.960828990293221,0.9610655470288965
3,7,2.0507004950727734,0.25864197530864197,3564,2.244255701700846,0.22580645161290322,713,2.2490744017347506,0.2165,0.9807008086471134,0.08375992741997258,,,0.9509710695540993,,0.9510158274331171,0.04898417256688292,0.9785939535968946,0.14550589605814368,10,0.025,0.15,0.8792230307917864,0.9236583851499826,0.9401869897694142,0.9566330803248676,0.9608811725304259,0.9545584241186502,0.9632467421639056,1.0,0.9615699684046937,0.9481680498543207,0.962081185924125,0.9604722308744528
3,8,2.068817675113678,0.2594885207788434,3441,2.247279485066732,0.2311046511627907,688,2.2490739218796354,0.2165,0.9753661212604589,0.08330960843203174,,,0.933255558380306,,0.9332821706193989,0.06671782938060111,0.9785975303046232,0.14550473125619018,10,0.025,0.15,0.8634663261005725,0.9110696014116377,0.9310356633916516,0.9519820059234487,0.9485801250431286,0.9510428748641228,0.9634787353247595,0.9615699684046937,1.0,0.946339261582292,0.9588996910208768,0.9606746387842068
3,9,2.063113165784765,0.2636472705458908,3334,2.2457098960876465,0.2143928035982009,667,2.2490736351737493,0.2164,0.960438523296535,0.08314192220620226,,,0.9266587963362334,,0.926697034213002,0.07330296578699802,0.9785954985742223,0.14550454086149867,10,0.025,0.15,0.8515183461688227,0.8942737849155957,0.9126234825873657,0.9313049343535494,0.9327105045735686,0.9347634431410361,0.9404746942732096,0.9481680498543207,0.946339261582292,1.0,0.9417359159547394,0.9406005921948495
3,10,2.0744743787325346,0.26266584387534714,3241,2.2522116899490356,0.22685185185185186,648,2.2490730647799335,0.2165,0.9700266002077612,0.0832821994352308,,,0.9321772907476001,,0.9322176560875377,0.0677823439124623,0.9785938340581661,0.1455047085280743,10,0.025,0.15,0.8448462535352884,0.9042236752962968,0.9199115294529127,0.9419729900912163,0.9411729370452775,0.9459386659224918,0.960828990293221,0.962081185924125,0.9588996910208768,0.9417359159547394,1.0,0.9636479117636259
3,11,2.0817536673545836,0.24602722380500158,3159,2.2498312473297117,0.20569620253164558,632,2.249072910864142,0.2165,0.9694253586885963,0.08299029546822163,,,0.9206938131956727,,0.9207308016041986,0.07926919839580138,0.9785948034003026,0.1455043472223802,10,0.025,0.15,0.8432051906066238,0.9015663199482521,0.9235237837549777,0.935962983585379,0.942468123203806,0.9452435451361696,0.9610655470288965,0.9604722308744528,0.9606746387842068,0.9406005921948495,0.9636479117636259,1.0
4,0,1.888335273442445,0.318436815193572,6845,2.22275202924555,0.2220598977355734,1369,2.222079488295543,0.2283,0.9324876715278745,0.07921870505545862,,,0.75,,0.7500041260253173,0.2499958739746827,0.9867535179222439,0.14538344646091253,10,0.025,0.15,1.0,0.9515011044413384,0.9348650322898736,0.928802162387424,0.9090543042891667,0.9090829852056973,0.8972731221893876,0.8854342558391014,0.8689985761487148,0.8628612801469808,0.8544416266835251,0.8545969371612652
4,1,1.9228232710860496,0.30797736400146036,5478,2.221264786190457,0.22445255474452555,1096,2.2218914394137226,0.2279,0.9632119551053877,0.08261937598643972,,,0.9034711268704672,,0.9035087719298246,0.0964912280701754,0.9871966554388859,0.1454678791653311,10,0.025,0.15,0.9515011044413384,1.0,0.9544184959801489,0.9504675015109892,0.9381587101426098,0.9395157413216715,0.927550669256459,0.9227438434676775,0.9105613975806994,0.9019007975566933,0.9075330537581844,0.9062279209011144
4,2,1.9680461212208396,0.2954356846473029,4820,2.2238125801086426,0.24688796680497926,964,2.2218716174741333,0.2275,0.972927686636647,0.0838110460839579,,,0.9572507945995031,,0.9572956379660346,0.04270436203396544,0.9872691475813802,0.14547187832777206,10,0.025,0.15,0.9348650322898736,0.9544184959801489,1.0,0.9600380061785555,0.9472079765213663,0.9477102381211421,0.94535170280031,0.934753019606073,0.9309939009634575,0.9217864117913949,0.9180272877865584,0.9262151482678687
4,3,1.9741938025610788,0.29682251475261007,4406,2.2176102229527066,0.2304199772985244,881,2.2218697131434575,0.2276,0.9814505072038473,0.08475829904898785,,,0.9999999999548703,,1.0,0.0,0.9872720184880283,0.14547217810032867,10,0.025,0.15,0.928802162387424,0.9504675015109892,0.9600380061785555,1.0,0.9581412768810774,0.957418506814642,0.9557871038260366,0.9496277885549115,0.9488836018864233,0.938825219653643,0.9348485144962901,0.9364140629247893
4,4,1.9816432916756832,0.28630836575875485,4112,2.2265340941292897,0.20072992700729927,822,2.221869749358938,0.2276,0.9771868559355809,0.08432290600221813,,,0.9803508592777872,,0.9803848756415969,0.01961512435840307,0.9872700282167728,0.1454721522393437,10,0.025,0.15,0.9090543042891667,0.9381587101426098,0.9472079765213663,0.9581412768810774,1.0,0.9533200377663948,0.9502311695859866,0.9520843626881228,0.9427595340743862,0.9450333261887706,0.9336366702618091,0.9392456017947576
4,5,1.9825041517134636,0.29418873746464386,3889,2.2286086082458496,0.21465295629820053,778,2.221869888184946,0.2276,0.9771009776334609,0.08434002258798302,,,0.9811233249937673,,0.9811605684012477,0.018839431598752343,0.9872698030567554,0.14547215569767205,10,0.025,0.15,0.9090829852056973,0.9395157413216715,0.9477102381211421,0.957418506814642,0.9533200377663948,1.0,0.9562173459654116,0.9472666340785789,0.9445942332522468,0.937094214618482,0.9366923152627146,0.9389053624453368
4,6,2.011040206613212,0.2785502559956885,3711,2.2246097723642984,0.23450134770889489,742,2.221874735023402,0.2275,0.9798394391368611,0.0842827637776681,,,0.9785392542851793,,0.9785776765526233,0.021422323447376712,0.9872703991147337,0.14547214426550953,10,0.025,0.15,0.8972731221893876,0.927550669256459,0.94535170280031,0.9557871038260366,0.9502311695859866,0.9562173459654116,1.0,0.9560056017886032,0.959860915956414,0.9467830143430739,0.9488263623065994,0.9552944023752324
4,7,1.9961128183773587,0.28352974186307517,3564,2.215549031893412,0.23842917251051893,713,2.221880291081682,0.2276,0.9764731339791338,0.08382286907650974,,,0.9577843622473993,,0.9578237692066478,0.0421762307933522,0.9872697285392048,0.14547189535836785,10,0.025,0.15,0.8854342558391014,0.9227438434676775,0.934753019606073,0.9496277885549115,0.9520843626881228,0.9472666340785789,0.9560056017886032,1.0,0.9552126196555434,0.9489439300937259,0.9531476263598617,0.9546793669035347
4,8,2.010446235868666,0.2806742226097065,3441,2.219654679298401,0.23982558139534885,688,2.221880357476729,0.2276,0.9730767701366942,0.08343271294222117,,,0.9401767481030288,,0.9402138931524484,0.05978610684755159,0.9872545683073689,0.145471396119365,10,0.025,0.15,0.8689985761487148,0.9105613975806994,0.9309939009634575,0.9488836018864233,0.9427595340743862,0.9445942332522468,0.959860915956414,0.9552126196555434,1.0,0.9528681436661395,0.9488044187275457,0.9562165993815445
4,9,2.009705517910145,0.28002399520095983,3334,2.21565043926239,0.21739130434782608,667,2.2218847274780273,0.2277,0.9667529591793482,0.08312228839319914,,,0.9261673933863929,,0.926201911174927,0.073798088825073,0.9872297992885516,0.14546976295230976,10,0.025,0.15,0.8628612801469808,0.9019007975566933,0.9217864117913949,0.938825219653643,0.9450333261887706,0.937094214618482,0.9467830143430739,0.9489439300937259,0.9528681436661395,1.0,0.9414573661324468,0.9487682289657944
4,10,2.023116020514415,0.283585313174946,3241,2.226960817972819,0.24074074074074073,648,2.221883803983278,0.2276,0.9655482082917687,0.0831699631935915,,,0.9283189409745123,,0.9283474443399184,0.07165255566008155,0.9872307713193583,0.14546986940070228,10,0.025,0.15,0.8544416266835251,0.9075330537581844,0.9180272877865584,0.9348485144962901,0.9336366702618091,0.9366923152627146,0.9488263623065994,0.9531476263598617,0.9488044187275457,0.9414573661324468,1.0,0.9546227596873038
4,11,2.027974660396576,0.2691358024691358,3159,2.221964931488037,0.2231012658227848,632,2.221884289874306,0.2276,0.9689218937240851,0.08309904785176525,,,0.9251185556260424,,0.9251704048456041,0.07482959515439591,0.9872258756518564,0.14546970651606025,10,0.025,0.15,0.8545969371612652,0.9062279209011144,0.9262151482678687,0.9364140629247893,0.9392456017947576,0.9389053624453368,0.9552944023752324,0.9546793669035347,0.9562165993815445,0.9487682289657944,0.9546227596873038,1.0
5,0,1.8462584387373042,0.3349744338933528,6845,2.1910709034312856,0.23739956172388604,1369,2.190340488771849,0.2394,0.9329637103565546,0.0796107617273862,,,0.75,,0.7500041260253173,0.2499958739746827,0.9893947326412634,0.14525012380328342,10,0.025,0.15,1.0,0.9457639329799061,0.9303302421908006,0.9254176412830362,0.9047226410030772,0.9043902178099813,0.8990130979606171,0.8832690192686439,0.8703721042365923,0.8676035644651711,0.861918213054137,0.8600417632436952
5,1,1.8820020032483478,0.3238773274917853,5478,2.1884132756127253,0.2271897810218978,1096,2.1900445871715304,0.2383,0.9637178270072564,0.08272473130075361,,,0.9059190734153718,,0.9059596309682956,0.09404036903170443,0.9901052963701418,0.14534330655910102,10,0.025,0.15,0.9457639329799061,1.0,0.9502741417214645,0.9482589768762295,0.932566913354935,0.9371237811444386,0.9264197062848164,0.9230851297193875,0.9113902770970173,0.9060429620315191,0.9141176523465497,0.911708604413125
5,2,1.9243834925325294,0.3086514522821577,4820,2.1933167576789856,0.262448132780083,964,2.190014181257803,0.2386,0.9735368318691995,0.08378465653955842,,,0.9589904208483847,,0.9590368206499315,0.040963179350068546,0.9901341427043409,0.14534746800942797,10,0.025,0.15,0.9303302421908006,0.9502741417214645,1.0,0.9582335348953328,0.9436802091144034,0.9445444856686387,0.9468530114112862,0.9332548663201562,0.9317546095539252,0.9213640776086776,0.9260845113159029,0.93249078667271
5,3,1.9284077749933515,0.3144121652292329,4406,2.1853787217821394,0.24858115777525538,881,2.1900105144404156,0.2386,0.9806222618633622,0.08460368771221433,,,0.9999999999499292,,1.0,0.0,0.99014243636614,0.14534802371746863,10,0.025,0.15,0.9254176412830362,0.9482589768762295,0.9582335348953328,1.0,0.9527213110212068,0.9535628763022738,0.9526443569394168,0.9507468382809042,0.94643341748933,0.9329404031513006,0.940352932288651,0.9388785608175257
5,4,1.9355344707315618,0.3046692607003891,4112,2.195600986480713,0.2141119221411192,822,2.190010680428034,0.2386,0.974078462587955,0.08411989907703904,,,0.9757762964267612,,0.9758049875394036,0.02419501246059641,0.9901453330796196,0.14534790805744802,10,0.025,0.15,0.9047226410030772,0.932566913354935,0.9436802091144034,0.9527213110212068,1.0,0.9495587641267659,0.947403367773839,0.9446969275882658,0.9386537210004576,0.9337566427817768,0.9352060433720948,0.9404575367123618
5,5,1.938776377324135,0.3132424787863204,3889,2.199061155319214,0.21722365038560412,778,2.1900108765952195,0.2386,0.9761668846919478,0.08419871044363281,,,0.9797224477825727,,0.9797577197933687,0.020242280206631325,0.9901460694649198,0.1453479513740569,10,0.025,0.15,0.9043902178099813,0.9371237811444386,0.9445444856686387,0.9535628763022738,0.9495587641267659,1.0,0.9521878850806305,0.9462528200928253,0.9430224465100908,0.9340506944038324,0.9398783088074222,0.9430769746218559
5,6,1.9649639865447734,0.2969011048234977,3711,2.1935734351476035,0.24528301886792453,742,2.190017866182931,0.2386,0.9777187896397501,0.0842138608119373,,,0.9804810394554461,,0.9805251605023848,0.019474839497615193,0.9901454435045711,0.14534795905288633,10,0.025,0.15,0.8990130979606171,0.9264197062848164,0.9468530114112862,0.9526443569394168,0.947403367773839,0.9521878850806305,1.0,0.9507385842246845,0.9544465383888426,0.9370355602110989,0.9466970424670665,0.9519650612940309
5,7,1.9496059217623303,0.2964927048260382,3564,2.182219465573629,0.24544179523141654,713,2.1900261384022386,0.2388,0.9744966377169371,0.08382333159272416,,,0.9609269132616266,,0.9609678004984239,0.039032199501576104,0.9901343518427371,0.1453475643214793,10,0.025,0.15,0.8832690192686439,0.9230851297193875,0.9332548663201562,0.9507468382809042,0.9446969275882658,0.9462528200928253,0.9507385842246845,1.0,0.9536535955661742,0.9405640827083108,0.9498956384243953,0.9514749651873888
5,8,1.9671224461661445,0.2970648067422261,3441,2.1875158548355103,0.2441860465116279,688,2.190027710757678,0.2388,0.9713659604812881,0.08347905492836068,,,0.9436886913582438,,0.9437457708240498,0.05625422917595024,0.9901262918359668,0.1453467446825106,10,0.025,0.15,0.8703721042365923,0.9113902770970173,0.9317546095539252,0.94643341748933,0.9386537210004576,0.9430224465100908,0.9544465383888426,0.9536535955661742,1.0,0.9421293786122091,0.947913400677319,0.9510898530416612
5,9,1.980862396734732,0.29403119376124776,3334,2.1807295878728232,0.239880059970015,667,2.1900321682797204,0.2387,0.962790390420608,0.08300645405210663,,,0.9200251683260845,,0.920070637553432,0.07992936244656801,0.9901270995147822,0.1453448905578561,10,0.025,0.15,0.8676035644651711,0.9060429620315191,0.9213640776086776,0.9329404031513006,0.9337566427817768,0.9340506944038324,0.9370355602110989,0.9405640827083108,0.9421293786122091,1.0,0.93687375983281,0.9394937435634555
5,10,1.9730847821785853,0.3045356371490281,3241,2.1973965167999268,0.25,648,2.1900300134586383,0.2388,0.9680736688322528,0.0832085438244183,,,0.9301439730552788,,0.9301793995807959,0.06982060041920413,0.9901295321805064,0.14534576254725406,10,0.025,0.15,0.861918213054137,0.9141176523465497,0.9260845113159029,0.940352932288651,0.9352060433720948,0.9398783088074222,0.9466970424670665,0.9498956384243953,0.947913400677319,0.93687375983281,1.0,0.9537296537902823
5,11,1.9818536968231202,0.2879392212725546,3159,2.189144325256348,0.23734177215189872,632,2.1900311874437937,0.2388,0.9699650967141651,0.08322630798986845,,,0.9310334397477844,,0.9310788730999653,0.06892112690003471,0.9901277442567935,0.1453458238138454,10,0.025,0.15,0.8600417632436952,0.911708604413125,0.93249078667271,0.9388785608175257,0.9404575367123618,0.9430769746218559,0.9519650612940309,0.9514749651873888,0.9510898530416612,0.9394937435634555,0.9537296537902823,1.0
6,0,1.8079608144583525,0.34572680788897003,6845,2.1555805639787153,0.2556610664718773,1369,2.1547664660441725,0.2555,0.9361983296857405,0.08002421213669879,,,0.75,,0.7500041260253173,0.2499958739746827,0.9909162084295997,0.14493260263109148,10,0.025,0.15,1.0,0.9443672122145691,0.9286123362767605,0.9263803137234107,0.903206557912414,0.9060707033579342,0.8986822652838615,0.8859522147647065,0.8777801735736288,0.865836044200672,0.8689762702068331,0.8605448550813721
6,1,1.8404725928639256,0.3380248265790434,5478,2.151821666293674,0.24452554744525548,1096,2.154342415966565,0.2549,0.9611414848733016,0.0827727889547264,,,0.9042113453334393,,0.904251456486937,0.09574854351306294,0.9915741929306997,0.14502777445449871,10,0.025,0.15,0.9443672122145691,1.0,0.9453464164362702,0.9444624299708463,0.9276076083330612,0.9313607271285714,0.9209152634689789,0.9165990273008908,0.9078846297563441,0.8950936939320068,0.9119793730663236,0.9070318113250717
6,2,1.8834258524995102,0.3203319502074689,4820,2.1592131555080414,0.2821576763485477,964,2.154287226592438,0.255,0.9725982258451256,0.08380528966419998,,,0.9621407153336968,,0.9621808519417075,0.03781914805829245,0.9916583809663174,0.14503263742495126,10,0.025,0.15,0.9286123362767605,0.9453464164362702,1.0,0.951499718220702,0.936767576439714,0.9428556020692526,0.9430667511452133,0.9306920984730706,0.931688981378883,0.917249353312896,0.925631410343677,0.9302328494393126
6,3,1.88986684015819,0.3277802995914662,4406,2.1494849068777904,0.2667423382519864,881,2.154284881640084,0.255,0.9776855070376473,0.08448007239047539,,,0.9999999999438941,,1.0,0.0,0.9916600907475495,0.14503289207835174,10,0.025,0.15,0.9263803137234107,0.9444624299708463,0.951499718220702,1.0,0.9477233432355232,0.9474524858900841,0.9450781682174216,0.9448711267672187,0.9408006885372001,0.9250619983692216,0.9362221651417846,0.9323111318542635
6,4,1.893378858132796,0.31736381322957197,4112,2.160816124507359,0.24087591240875914,822,2.1542844923236704,0.255,0.9683529735874052,0.08387471130622672,,,0.9660356782621414,,0.9660758198412306,0.03392418015876941,0.9916572892893071,0.14503271042813062,10,0.025,0.15,0.903206557912414,0.9276076083330612,0.936767576439714,0.9477233432355232,1.0,0.9409489347948619,0.9364590560638346,0.939467286939796,0.9296266291267933,0.9124213743293722,0.9275099906503997,0.9312141407502832
6,5,1.8941791088350357,0.3267935201851376,3889,2.1654841218675887,0.2326478149100257,778,2.1542859862122357,0.255,0.9740298310384171,0.08410915875834685,,,0.9791895609421922,,0.9792378406033899,0.02076215939661008,0.9916566676319645,0.14503285755114767,10,0.025,0.15,0.9060707033579342,0.9313607271285714,0.9428556020692526,0.9474524858900841,0.9409489347948619,1.0,0.9486811902697074,0.9416437165988152,0.9391900678901381,0.9258847658028588,0.9359415332785199,0.938776404973445
6,6,1.9211733439873004,0.3123416868768526,3711,2.15856663386027,0.25202156334231807,742,2.154294967651367,0.255,0.975421948749632,0.08416405850460641,,,0.9822697600014375,,0.9823076034394547,0.01769239656054533,0.9916566996869615,0.14503287069385185,10,0.025,0.15,0.8986822652838615,0.9209152634689789,0.9430667511452133,0.9450781682174216,0.9364590560638346,0.9486811902697074,1.0,0.9470649083107942,0.9509016210830018,0.9337738686467867,0.940761031606761,0.9492352451272158
6,7,1.9064957665545599,0.30968013468013467,3564,2.1449976364771524,0.2552594670406732,713,2.1543031855474544,0.255,0.9725736920551487,0.08382850124140333,,,0.9634430215033342,,0.9634846759419716,0.036515324058028376,0.9916591834873955,0.1450326680750764,10,0.025,0.15,0.8859522147647065,0.9165990273008908,0.9306920984730706,0.9448711267672187,0.939467286939796,0.9416437165988152,0.9470649083107942,1.0,0.9477522346958229,0.9357030974855702,0.943158679011778,0.9484461083079844
6,8,1.924942809564096,0.3077593722755013,3441,2.1512702306111655,0.2558139534883721,688,2.1543070877654644,0.255,0.9699648761505141,0.08352948682331265,,,0.9466665518098483,,0.946708257001865,0.053291742998134994,0.9916457107493026,0.14503219059733363,10,0.025,0.15,0.8777801735736288,0.9078846297563441,0.931688981378883,0.9408006885372001,0.9296266291267933,0.9391900678901381,0.9509016210830018,0.9477522346958229,1.0,0.9407380775266482,0.9389753586345427,0.9456744632765267
6,9,1.9335215285972314,0.3057288542291542,3334,2.141757686932882,0.25337331334332835,667,2.154326414760155,0.255,0.9585630232466856,0.08286344910209323,,,0.9092979134809507,,0.9093512237791092,0.09064877622089085,0.9915736114905263,0.14502845294153663,10,0.025,0.15,0.865836044200672,0.8950936939320068,0.917249353312896,0.9250619983692216,0.9124213743293722,0.9258847658028588,0.9337738686467867,0.9357030974855702,0.9407380775266482,1.0,0.9300767563068986,0.9374381332685893
