round,client_id,client_i_training_loss,client_i_training_accuracy,client_i_training_dataset_size,client_i_evaluation_loss,client_i_evaluation_accuracy,client_i_evaluation_dataset_size,client_i_central_evaluation_loss,client_i_central_evaluation_accuracy,client_i_cosine_similarity,client_i_importance_coefficient,client_i_tanh_val,tanh_normalization_value,client_i_q,client_i_mask_order,client_i_v_nonzero_fraction,client_i_v_sparsity,client_i_v_cosine_similarity,client_i_reward_gradient_norm,local_epochs,learning_rate,gamma,client_0_cosine_similarity,client_1_cosine_similarity,client_2_cosine_similarity,client_3_cosine_similarity,client_4_cosine_similarity,client_5_cosine_similarity,client_6_cosine_similarity,client_7_cosine_similarity,client_8_cosine_similarity,client_9_cosine_similarity,client_10_cosine_similarity,client_11_cosine_similarity
0,0,2.258962901212551,0.16840029218407596,6845,2.2976857748898594,0.14536157779401024,1369,2.2984664168538926,0.1491,0.9027431012067423,0.08039595032535667,,,0.6,,0.6000148536911423,0.39998514630885773,0,0.13971810411443458,10,0.025,0.15,1.0,0.9367822480345073,0.8766871260786006,0.8729377282049682,0.8346398650490061,0.8153553423782198,0.7754865590848127,0.7640305897177911,0.7694605782387908,0.7451700020214734,0.7612724903003197,0.7474708988449856
0,1,2.270124880103178,0.16557137641474992,5478,2.30058487256368,0.14051094890510948,1096,2.2984025719799575,0.1494,0.9355632703575947,0.08331882914347732,,,0.8058026932619579,,0.8058375006189038,0.1941624993810962,0,0.1402591570812575,10,0.025,0.15,0.9367822480345073,1.0,0.9159591792891846,0.8852763840359762,0.8931376859090168,0.8568120941418985,0.8133784301264376,0.8085177372381078,0.8015726549881617,0.816574522889797,0.8060734109066936,0.8053250464856178
0,2,2.290760323875829,0.16143153526970955,4820,2.297436833381653,0.1566390041493776,964,2.298401126378699,0.1492,0.9601636312202563,0.08550967323550816,,,0.9600621212826177,,0.9601013351817926,0.03989866481820736,0,0.1402820992254132,10,0.025,0.15,0.8766871260786006,0.9159591792891846,1.0,0.9297915553306608,0.9206645092131357,0.9069358778328954,0.8742628930623628,0.8482766225726325,0.8835364449151903,0.8666502345183412,0.8489090823611943,0.8551073568827546
0,3,2.2926959378378733,0.14155696777122107,4406,2.298880543027605,0.16685584562996594,881,2.2984013165099713,0.1493,0.9562494137434041,0.0851610832175828,,,0.9355175647007605,,0.9355514845439091,0.06444851545609087,0,0.1402816003961847,10,0.025,0.15,0.8729377282049682,0.8852763840359762,0.9297915553306608,1.0,0.9064575954645246,0.8920453438180563,0.8712204951995578,0.8727673062893251,0.8875134387250677,0.876113254316459,0.8595770994954816,0.8552034717489804
0,4,2.2948486205303307,0.1456955252918288,4112,2.298717498779297,0.16058394160583941,822,2.2984011052530025,0.1492,0.9617484640182368,0.08565081431842544,,,0.969999999929589,,0.9700285520951957,0.029971447904804327,0,0.1402821640104714,10,0.025,0.15,0.8346398650490061,0.8931376859090168,0.9206645092131357,0.9064575954645246,1.0,0.9477370045471832,0.8731618701118733,0.8849181706716915,0.8783892055242625,0.8844401840135664,0.9024666753470261,0.9011840101954223
0,5,2.2962741498024233,0.13746464386731808,3889,2.3020147255488803,0.14010282776349614,778,2.2984012199353567,0.1492,0.9570007580351108,0.08522799598409693,,,0.940228956591811,,0.9402634054562559,0.05973659454374414,0,0.1402817928980124,10,0.025,0.15,0.8153553423782198,0.8568120941418985,0.9069358778328954,0.8920453438180563,0.9477370045471832,1.0,0.8939732950043444,0.9117200951215481,0.8762959785549238,0.8870150573721632,0.9276250507588356,0.8994877556969998
0,6,2.2984730432773457,0.1552681218000539,3711,2.296254595120748,0.16442048517520216,742,2.2984061603304706,0.1494,0.9345745679089157,0.083230777877459,,,0.7996029194022438,,0.7996237064910631,0.20037629350893693,0,0.14020470353697875,10,0.025,0.15,0.7754865590848127,0.8133784301264376,0.8742628930623628,0.8712204951995578,0.8731618701118733,0.8939732950043444,1.0,0.9168588535665377,0.9137305956885129,0.914384796177041,0.8932948565356199,0.8709395841042787
0,7,2.2980226031371527,0.12918069584736253,3564,2.3007510900497437,0.12622720897615708,713,2.2984086984320533,0.1494,0.9277783312271835,0.08262552273240885,,,0.7569863257242105,,0.7570266211153471,0.24297337888465287,0,0.14018546768750326,10,0.025,0.15,0.7640305897177911,0.8085177372381078,0.8482766225726325,0.8727673062893251,0.8849181706716915,0.9117200951215481,0.9168588535665377,1.0,0.8994728953840427,0.8755590313690778,0.8946915291955921,0.8628757127107325
0,8,2.2975076957985205,0.15719267654751526,3441,2.2982876698176065,0.14970930232558138,688,2.2984113089645963,0.1494,0.9234641753159202,0.08224131523874412,,,0.7299339086081055,,0.7299763991351851,0.2700236008648149,0,0.14016607918970295,10,0.025,0.15,0.7694605782387908,0.8015726549881617,0.8835364449151903,0.8875134387250677,0.8783892055242625,0.8762959785549238,0.9137305956885129,0.8994728953840427,1.0,0.8619568013291073,0.8377911065554985,0.8573579474724982
0,9,2.2969847546683417,0.1538392321535693,3334,2.2974366744359336,0.16491754122938532,667,2.2984112214438523,0.1494,0.9236389282871905,0.08225687828340066,,,0.7310297174681291,,0.7310739218695846,0.26892607813041536,0,0.14016700732880444,10,0.025,0.15,0.7451700020214734,0.816574522889797,0.8666502345183412,0.876113254316459,0.8844401840135664,0.8870150573721632,0.914384796177041,0.8755590313690778,0.8619568013291073,1.0,0.8969354808883555,0.8773636550845442
0,10,2.298291713457841,0.12394322739895094,3241,2.299229462941488,0.1388888888888889,648,2.298408852347845,0.1494,0.9272066318877138,0.08257460867764,,,0.753401418429609,,0.7534534831905728,0.24654651680942719,0,0.14018362623961003,10,0.025,0.15,0.7612724903003197,0.8060734109066936,0.8489090823611943,0.8595770994954816,0.9024666753470261,0.9276250507588356,0.8932948565356199,0.8946915291955921,0.8377911065554985,0.8969354808883555,1.0,0.922713815137016
0,11,2.2976814060211184,0.11747388414055081,3159,2.297440767288208,0.1360759493670886,632,2.2984268514415884,0.1493,0.9185823318104601,0.08180655096590007,,,0.6993217403133858,,0.6993612912808833,0.3006387087191167,0,0.14006542911130695,10,0.025,0.15,0.7474708988449856,0.8053250464856178,0.8551073568827546,0.8552034717489804,0.9011840101954223,0.8994877556969998,0.8709395841042787,0.8628757127107325,0.8573579474724982,0.8773636550845442,0.922713815137016,1.0
1,0,2.1110243099707144,0.2362746530314098,6845,2.2882498611103403,0.1760409057706355,1369,2.2887616459327407,0.1763,0.9110222266969439,0.07950667778534393,,,0.6,,0.6000148536911423,0.39998514630885773,0.876421056185,0.14560000008197732,10,0.025,0.15,1.0,0.9550640424956863,0.9174893522270536,0.9170751490974517,0.8910196766211826,0.8857629903819891,0.8638619192428808,0.8554987373438735,0.8461506750916068,0.8430415559025908,0.8397257184047521,0.8198792271509987
1,1,2.1335304584614065,0.22674333698430085,5478,2.2909666697184243,0.1633211678832117,1096,2.2886538565913335,0.1721,0.9633756998519521,0.08302427907200664,,,0.8291343863186728,,0.8291660477628691,0.17083395223713094,0.8782779301063881,0.14590994731257004,10,0.025,0.15,0.9550640424956863,1.0,0.9666171153078381,0.9602127813864348,0.9509174632865424,0.945683707795577,0.9242027394895811,0.9189670983051754,0.9128104246220068,0.9126608162868607,0.904935452149826,0.8911177860034932
1,2,2.1919815857159466,0.20392116182572614,4820,2.2876212298870087,0.17946058091286307,964,2.2886496857751775,0.1722,0.9764390771918023,0.08480738055231715,,,0.9452845210664602,,0.9453384165965243,0.05466158340347571,0.8783345036257534,0.14592324959431305,10,0.025,0.15,0.9174893522270536,0.9666171153078381,1.0,0.9695577998135059,0.9640737577323495,0.9616724013383688,0.9487849207789649,0.9440923136331232,0.9430313358824012,0.937533870107321,0.9243769412500731,0.9169345840691472
1,3,2.191527272292546,0.20989559691330004,4406,2.2888880457196916,0.188422247446084,881,2.2886498759064495,0.1722,0.9813972123896868,0.08475309220516676,,,0.9417482114921704,,0.9418065389249228,0.05819346107507717,0.8783498210724092,0.14592318178532404,10,0.025,0.15,0.9170751490974517,0.9602127813864348,0.9695577998135059,1.0,0.9691688606576611,0.9665200109397684,0.9558276680248303,0.9536469701861637,0.9511054214589986,0.9426944383187629,0.9415116685517145,0.9251529343763363
1,4,2.2187101689251985,0.20124027237354086,4112,2.2888585158756802,0.18126520681265207,822,2.288649607308303,0.1722,0.9853947062577147,0.08518680505365349,,,0.9699999999348605,,0.9700285520951957,0.029971447904804327,0.8783339148991003,0.1459235586653278,10,0.025,0.15,0.8910196766211826,0.9509174632865424,0.9640737577323495,0.9691688606576611,1.0,0.9790828240476908,0.9624469090080958,0.9650116519806063,0.9599993322835987,0.954212476080185,0.95623584287158,0.9466250419745414
1,5,2.2245530190006377,0.19727436358961173,3889,2.291640111378261,0.17737789203084833,778,2.2886497159547443,0.1722,0.9863650683116362,0.08495651592139859,,,0.9549991073677705,,0.9550345760921589,0.044965423907841084,0.8783434600465213,0.14592340682704258,10,0.025,0.15,0.8857629903819891,0.945683707795577,0.9616724013383688,0.9665200109397684,0.9790828240476908,1.0,0.9627693861232517,0.9731416611428942,0.9632803883014456,0.9604260527616173,0.9608260808432827,0.9513174511254678
1,6,2.2413198750594567,0.19361358124494746,3711,2.2869750261306763,0.1967654986522911,742,2.2886544058594525,0.1722,0.9828256694090411,0.0836038827657955,,,0.8668894147773827,,0.8669356835173541,0.13306431648264594,0.8787096209391951,0.14591688735169206,10,0.025,0.15,0.8638619192428808,0.9242027394895811,0.9487849207789649,0.9558276680248303,0.9624469090080958,0.9627693861232517,1.0,0.9755810460977941,0.9776822895456097,0.9699178520920679,0.9702206020814558,0.9595884956841935
1,7,2.248974724326815,0.18692480359147026,3564,2.2911479075749717,0.14726507713884993,713,2.288658618927002,0.172,0.9841251126958032,0.08327130732538592,,,0.8452256549499548,,0.8452575465003054,0.15474245349969462,0.8786551922536174,0.14591340890262414,10,0.025,0.15,0.8554987373438735,0.9189670983051754,0.9440923136331232,0.9536469701861637,0.9650116519806063,0.9731416611428942,0.9755810460977941,1.0,0.9807900291645075,0.973933109159347,0.977083901666989,0.9683676811900861
1,8,2.2432119051615396,0.1973554199360651,3441,2.2870059410730996,0.17005813953488372,688,2.2886620080923734,0.172,0.9804484047525006,0.08291342305458102,,,0.8219132934623385,,0.8219620075588784,0.17803799244112162,0.8785902890603094,0.14590829555696674,10,0.025,0.15,0.8461506750916068,0.9128104246220068,0.9430313358824012,0.9511054214589986,0.9599993322835987,0.9632803883014456,0.9776822895456097,0.9807900291645075,1.0,0.9706836687245421,0.969100457742635,0.968656960021456
1,9,2.242712441197148,0.19616076784643072,3334,2.2878205378850303,0.17991004497751126,667,2.2886618964279752,0.172,0.9768643887357429,0.08280621026058574,,,0.81492951794157,,0.8149807727220214,0.1850192272779786,0.8786119333873906,0.14590628804049086,10,0.025,0.15,0.8430415559025908,0.9126608162868607,0.937533870107321,0.9426944383187629,0.954212476080185,0.9604260527616173,0.9699178520920679,0.973933109159347,0.9706836687245421,1.0,0.9710119808889198,0.9656694137725195
1,10,2.2496739506721495,0.19265658747300216,3241,2.289447824160258,0.16358024691358025,648,2.2886592225183415,0.172,0.9757203628479874,0.08296573749125313,,,0.8253210237210014,,0.8253783565215956,0.17462164347840436,0.8786406299158702,0.1459091328614378,10,0.025,0.15,0.8397257184047521,0.904935452149826,0.9243769412500731,0.9415116685517145,0.95623584287158,0.9608260808432827,0.9702206020814558,0.977083901666989,0.969100457742635,0.9710119808889198,1.0,0.9736290085545828
1,11,2.2535235986709594,0.1892687559354226,3159,2.289281702041626,0.14556962025316456,632,2.288678151142748,0.172,0.9669713647339324,0.08220468851251236,,,0.7757467608949656,,0.7757835322077536,0.22421646779224635,0.878075119742761,0.1458882443031209,10,0.025,0.15,0.8198792271509987,0.8911177860034932,0.9169345840691472,0.9251529343763363,0.9466250419745414,0.9513174511254678,0.9595884956841935,0.9683676811900861,0.968656960021456,0.9656694137725195,0.9736290085545828,1.0
2,0,2.022000610386884,0.26707085463842223,6845,2.2738031257282603,0.19576333089846604,1369,2.2738853436482103,0.1988,0.9115916348651222,0.0789586999380799,,,0.6,,0.6000148536911423,0.39998514630885773,0.9594098115752204,0.14560705119549078,10,0.025,0.15,1.0,0.948122551862142,0.9181319005315267,0.9229497188784014,0.8916578557188019,0.8826155887979946,0.8679598120862958,0.8624777337299866,0.850807294277626,0.8506654000938053,0.8362588730723556,0.8190241089287635
2,1,2.041598718388136,0.26197517342095655,5478,2.276136106914944,0.17883211678832117,1096,2.273642708983602,0.1979,0.9616574306267802,0.08276937571377596,,,0.8397064191186887,,0.8397451766764041,0.16025482332359586,0.96213029198701,0.14598889526055886,10,0.025,0.15,0.948122551862142,1.0,0.9613777386227699,0.9574379602030658,0.9421075577241769,0.9400626885064484,0.9276905295420873,0.9252427753001826,0.9190154803377166,0.9169209018849245,0.9000652808372166,0.8935495941647803
2,2,2.099697502663261,0.23823651452282157,4820,2.272613972425461,0.2074688796680498,964,2.273633594754376,0.1974,0.9775029837652011,0.08439027835942921,,,0.9416675388254885,,0.9417405225198462,0.05825947748015381,0.9622383422971545,0.14600696488742432,10,0.025,0.15,0.9181319005315267,0.9613777386227699,1.0,0.9632537244033991,0.961224135818419,0.9609556402044002,0.9526930904206476,0.9509074043090212,0.9446494927615589,0.9476673122538448,0.9284323081115048,0.9250648402102407
2,3,2.0858726406097414,0.24709487063095778,4406,2.2735342979431152,0.22020431328036322,881,2.2736338331729553,0.1973,0.981920399690774,0.0845006520553674,,,0.9486104762401539,,0.9486474889009919,0.05135251109900807,0.9622391200795591,0.14600718527970521,10,0.025,0.15,0.9229497188784014,0.9574379602030658,0.9632537244033991,1.0,0.960782150649783,0.9649710835127936,0.9599056719226112,0.9586715500572784,0.952402948018144,0.9474352121363476,0.9454493671523304,0.9330618449177155
2,4,2.1233929818326778,0.2322227626459144,4112,2.27349363054548,0.20924574209245742,822,2.2736334800720215,0.1973,0.9841111157732177,0.08484068692012109,,,0.9699999999370961,,0.9700285520951957,0.029971447904804327,0.9622393709399221,0.14600756222375105,10,0.025,0.15,0.8916578557188019,0.9421075577241769,0.961224135818419,0.960782150649783,1.0,0.9747829253313283,0.9627514482058592,0.9652312949223397,0.9633463418938133,0.9600155963662786,0.9532341148279431,0.9553907349790715
2,5,2.1213076579955317,0.24019028027770636,3889,2.275763511657715,0.19794344473007713,778,2.2736335525029823,0.1973,0.9862653608330626,0.08476827937754706,,,0.9654452821470649,,0.965473420144906,0.034526579855094,0.9622389073440263,0.1460075058768534,10,0.025,0.15,0.8826155887979946,0.9400626885064484,0.9609556402044002,0.9649710835127936,0.9747829253313283,1.0,0.9672002210236982,0.9720714335454066,0.9673182498641377,0.9663681200517293,0.9604009814691551,0.9586469521053285
2,6,2.14034151537665,0.23381837779574238,3711,2.272737701733907,0.21159029649595687,742,2.27363919306405,0.1969,0.984184126616251,0.08386267466427362,,,0.908479201658065,,0.90854252281692,0.09145747718307995,0.9622068296400739,0.14600440230697456,10,0.025,0.15,0.8679598120862958,0.9276905295420873,0.9526930904206476,0.9599056719226112,0.9627514482058592,0.9672002210236982,1.0,0.9769348036812865,0.9755014401120667,0.9685320733403276,0.9694559664055424,0.9629287862319121
2,7,2.147929008092199,0.2254489337822671,3564,2.276535908381144,0.16549789621318373,713,2.273642177823224,0.1974,0.9850209135128773,0.08368396941701886,,,0.8972379422545846,,0.8972702216500801,0.10272977834991992,0.9622015872452689,0.14600187954700122,10,0.025,0.15,0.8624777337299866,0.9252427753001826,0.9509074043090212,0.9586715500572784,0.9652312949223397,0.9720714335454066,0.9769348036812865,1.0,0.9766971817038386,0.9708236006465566,0.975488854484465,0.966612222429649
2,8,2.141056228125537,0.22964254577157803,3441,2.270130475362142,0.2063953488372093,688,2.273646004592316,0.1975,0.981616929454338,0.08335134970913993,,,0.8763148609437905,,0.8763677773926821,0.12363222260731788,0.9621638982514953,0.14599890075276317,10,0.025,0.15,0.850807294277626,0.9190154803377166,0.9446494927615589,0.952402948018144,0.9633463418938133,0.9673182498641377,0.9755014401120667,0.9766971817038386,1.0,0.9703720817261166,0.9707829532381704,0.9704305990343374
2,9,2.137349710199568,0.2407618476304739,3334,2.2729020516077676,0.19940029985007496,667,2.2736463094059425,0.1975,0.9789684959415041,0.08319861405012563,,,0.8667071902708994,,0.8667458863527586,0.13325411364724138,0.9621571027286723,0.14599570269340298,10,0.025,0.15,0.8506654000938053,0.9169209018849245,0.9476673122538448,0.9474352121363476,0.9600155963662786,0.9663681200517293,0.9685320733403276,0.9708236006465566,0.9703720817261166,1.0,0.9651488521334647,0.9665278061212982
2,10,2.1528060738856976,0.22823202715211355,3241,2.2742329041163125,0.19907407407407407,648,2.2736431254616267,0.1974,0.9743731866628972,0.08314762176607941,,,0.8634995760494641,,0.863535838655906,0.136464161344094,0.9621869782618677,0.14599504624916212,10,0.025,0.15,0.8362588730723556,0.9000652808372166,0.9284323081115048,0.9454493671523304,0.9532341148279431,0.9604009814691551,0.9694559664055424,0.975488854484465,0.9707829532381704,0.9651488521334647,1.0,0.9720105287936736
2,11,2.161146616458893,0.22333016777461223,3159,2.276201105117798,0.17088607594936708,632,2.2736671001096314,0.1973,0.9698187650508687,0.08252779802904202,,,0.8245102373506453,,0.8245531514581373,0.17544684854186265,0.9619558022831519,0.14598388644194152,10,0.025,0.15,0.8190241089287635,0.8935495941647803,0.9250648402102407,0.9330618449177155,0.9553907349790715,0.9586469521053285,0.9629287862319121,0.966612222429649,0.9704305990343374,0.9665278061212982,0.9720105287936736,1.0
3,0,1.9615072003117313,0.2876406135865595,6845,2.2537469430403276,0.2176771365960555,1369,2.2531806336173528,0.2217,0.9205214527984146,0.07898797314481895,,,0.6,,0.6000148536911423,0.39998514630885773,0.9787847707981641,0.14508965483491487,10,0.025,0.15,1.0,0.9482639142590295,0.9274810183556512,0.9257874841967715,0.8944052460382019,0.8907645784870455,0.8788312932565047,0.8727660086036914,0.8609746675695485,0.8596667900180786,0.8441264150089625,0.8257318857890252
3,1,1.9798145463300305,0.28322380430814165,5478,2.255425135294596,0.20255474452554745,1096,2.2526763511609427,0.2218,0.9614913200641625,0.08268729333326373,,,0.8448503002780253,,0.8448944562723837,0.1551055437276163,0.9807174323947527,0.1456075602434781,10,0.025,0.15,0.9482639142590295,1.0,0.9594466419061376,0.9540496197987726,0.9362034226172564,0.9338414555580612,0.9278159471903559,0.925922941077841,0.9193218638069748,0.9132327272088855,0.8973100606221769,0.8862787181665899
3,2,2.0366168138227967,0.26097510373443983,4820,2.2514193952083588,0.21887966804979253,964,2.2526576458653316,0.2214,0.9757426241448218,0.0841572119850448,,,0.9421411550672603,,0.9421943853047482,0.057805614695251806,0.9808911954984142,0.1456276602412528,10,0.025,0.15,0.9274810183556512,0.9594466419061376,1.0,0.9587833356216411,0.954725729187244,0.9529389672568334,0.9503715957816933,0.9474231960032934,0.939743178397822,0.9375857544277837,0.9234480725602778,0.9132818396962245
3,3,2.010109568664006,0.2749432591920109,4406,2.2518418516431535,0.23609534619750283,881,2.252657890319824,0.2214,0.9771098512992713,0.08427025203273185,,,0.9496230404434085,,0.9496624911290455,0.05033750887095445,0.9808924804368804,0.14562792751641584,10,0.025,0.15,0.9257874841967715,0.9540496197987726,0.9587833356216411,1.0,0.9460261801561552,0.9535307683104108,0.9528694957585649,0.9509345152734795,0.9439536861463811,0.9385967577561412,0.9358444230590363,0.9208193452709761
3,4,2.056019300764257,0.2571498054474708,4112,2.2520698479243686,0.25304136253041365,822,2.25265744668019,0.2214,0.9788448987783425,0.08453767578865737,,,0.9673232619988095,,0.9673631397402255,0.032636860259774525,0.980896277698502,0.14562827217046237,10,0.025,0.15,0.8944052460382019,0.9362034226172564,0.954725729187244,0.9460261801561552,1.0,0.9626486609691902,0.9576691254891673,0.9562897378441633,0.9562672136621649,0.9503089551616802,0.940835715390074,0.9441351703022985
3,5,2.050329985541682,0.2703008485471844,3889,2.2537239619663785,0.22879177377892032,778,2.2526575583445876,0.2214,0.9814600484726476,0.0845781172774809,,,0.969999999933812,,0.9700285520951957,0.029971447904804327,0.9808966304762786,0.14562829571019997,10,0.025,0.15,0.8907645784870455,0.9338414555580612,0.9529389672568334,0.9535307683104108,0.9626486609691902,1.0,0.9614852647085455,0.9616834657057577,0.9601537968812659,0.9569101413307642,0.9514669038837757,0.9442893174748946
3,6,2.0675465596133265,0.2640528159525734,3711,2.2527562379837036,0.24258760107816713,742,2.2526640288437467,0.2199,0.9821804046508508,0.08404017928842268,,,0.9343950045718847,,0.9344292056576059,0.0655707943423941,0.9808832986941797,0.1456262663182327,10,0.025,0.15,0.8788312932565047,0.9278159471903559,0.9503715957816933,0.9528694957585649,0.9576691254891673,0.9614852647085455,1.0,0.9690248454365006,0.969136401718775,0.9576029016096358,0.9595709665271754,0.9536882520879111
3,7,2.0695858968155725,0.2521604938271605,3564,2.256035010019938,0.18092566619915848,713,2.252669497381283,0.2204,0.9819383231981382,0.08392148928082802,,,0.9265391601142108,,0.9265732534534832,0.07342674654651682,0.9808603806670008,0.14562580199820033,10,0.025,0.15,0.8727660086036914,0.925922941077841,0.9474231960032934,0.9509345152734795,0.9562897378441633,0.9616834657057577,0.9690248454365006,1.0,0.9668941097723462,0.961655067461715,0.9660216267757606,0.9565001054800695
3,8,2.0684055827282095,0.25306596919500146,3441,2.2469009160995483,0.2441860465116279,688,2.2526734207249897,0.2205,0.9791581501488005,0.08362456050152493,,,0.9068860624989671,,0.9069416249938109,0.09305837500618908,0.9808150836194445,0.14562408828469522,10,0.025,0.15,0.8609746675695485,0.9193218638069748,0.939743178397822,0.9439536861463811,0.9562672136621649,0.9601537968812659,0.969136401718775,0.9668941097723462,1.0,0.9628279910386939,0.9618278984109385,0.9613542234565745
3,9,2.0579109063854926,0.26391721655668865,3334,2.2521604696909585,0.22488755622188905,667,2.2526763451250296,0.2205,0.9744599269177723,0.0833765680452962,,,0.8904719582092222,,0.8905035401297222,0.10949645987027778,0.9807603230689181,0.14562078099249454,10,0.025,0.15,0.8596667900180786,0.9132327272088855,0.9375857544277837,0.9385967577561412,0.9503089551616802,0.9569101413307642,0.9576029016096358,0.961655067461715,0.9628279910386939,1.0,0.9544532250997657,0.9551220801237935
3,10,2.078089402272151,0.25186670780623266,3241,2.2527769406636557,0.20987654320987653,648,2.2526732879348947,0.2205,0.9701492264656459,0.08320429765804224,,,0.8790697399908864,,0.8791157102539982,0.12088428974600185,0.9807676740881668,0.1456186599959748,10,0.025,0.15,0.8441264150089625,0.8973100606221769,0.9234480725602778,0.9358444230590363,0.940835715390074,0.9514669038837757,0.9595709665271754,0.9660216267757606,0.9618278984109385,0.9544532250997657,1.0,0.9624638330596568
3,11,2.088143678665161,0.2503956948401393,3159,2.25743408203125,0.19462025316455697,632,2.252701448488839,0.2199,0.9638467792147444,0.08261438166388839,,,0.8400244287040836,,0.8400670066511529,0.15993299334884714,0.9807350768290671,0.14560593670900554,10,0.025,0.15,0.8257318857890252,0.8862787181665899,0.9132818396962245,0.9208193452709761,0.9441351703022985,0.9442893174748946,0.9536882520879111,0.9565001054800695,0.9613542234565745,0.9551220801237935,0.9624638330596568,1.0
4,0,1.912731232687279,0.30612125639152665,6845,2.2284500382163306,0.23447772096420746,1369,2.227009021783177,0.2425,0.9295361194768029,0.07935951205397108,,,0.6,,0.6000148536911423,0.39998514630885773,0.9838201785439825,0.14473370911725086,10,0.025,0.15,1.0,0.9479155167873407,0.933785223430325,0.9275118937405293,0.9038415647194874,0.8976784548401134,0.8891549675082678,0.8797840466839245,0.8707380496450334,0.8704050236486865,0.8547669685254965,0.8365768856105242
4,1,1.9288526590480362,0.3026652062796641,5478,2.229222615559896,0.22445255474452555,1096,2.226100583619709,0.2432,0.9613473379418189,0.08269344040160104,,,0.8458796619399025,,0.8459342146523411,0.1540657853476589,0.9867984271550715,0.14531132194145613,10,0.025,0.15,0.9479155167873407,1.0,0.9540485573704949,0.9495544963144618,0.9344965008743369,0.9299497880983851,0.9265682620898574,0.9240104449570742,0.918946367057589,0.9125476160631941,0.8966787949108116,0.8832664483285766
4,2,1.9842993250018672,0.2812448132780083,4820,2.2244928777217865,0.24896265560165975,964,2.2260666617864295,0.2431,0.9732325269334255,0.08399351916503357,,,0.9417614246884278,,0.941823043026192,0.05817695697380798,0.9869774480492056,0.1453337817244544,10,0.025,0.15,0.933785223430325,0.9540485573704949,1.0,0.9546127757922708,0.9510109600688067,0.9450770273027234,0.9438296484690359,0.9414351821690593,0.9355694800699156,0.9302922851176098,0.9193901819843555,0.9049343746772539
4,3,1.9534109326771327,0.29457557875624146,4406,2.2241451059068953,0.2542565266742338,881,2.2260661457158344,0.2431,0.9762577476321554,0.08416243823291658,,,0.9542193298908006,,0.9542753874337773,0.04572461256622273,0.9869877542415255,0.14533426509320993,10,0.025,0.15,0.9275118937405293,0.9495544963144618,0.9546127757922708,1.0,0.9464031288469266,0.948163700674781,0.9497905139444068,0.9455723565630624,0.9412638063645771,0.9359246412605314,0.9323131587208896,0.9176730544729598
4,4,2.0089934728362344,0.273613813229572,4112,2.2247880526951382,0.26763990267639903,822,2.226067238216159,0.2431,0.9772622791555496,0.08436115747592984,,,0.9688750198751968,,0.9689227773101615,0.03107722268983848,0.9869905276372656,0.14533451857946328,10,0.025,0.15,0.9038415647194874,0.9344965008743369,0.9510109600688067,0.9464031288469266,1.0,0.955805924809988,0.953921014060471,0.9502989816478944,0.9500719902419644,0.9450038689293304,0.9336504429750013,0.9343995399302576
4,5,1.9975338066777875,0.2908974029313448,3889,2.225606952394758,0.2583547557840617,778,2.226067256323899,0.2431,0.9769610240668877,0.08437641129095924,,,0.9699999999262492,,0.9700285520951957,0.029971447904804327,0.9869906472538801,0.1453345286844681,10,0.025,0.15,0.8976784548401134,0.9299497880983851,0.9450770273027234,0.948163700674781,0.955805924809988,1.0,0.9526678799154895,0.9510724006046488,0.9512985275120083,0.9513229641468851,0.9417419958279378,0.9302578378124781
4,6,2.011668829671268,0.2836432228509836,3711,2.227374871571859,0.2560646900269542,742,2.2260743515400945,0.2415,0.979463953235545,0.084124390439625,,,0.9514132772176097,,0.9514614381673846,0.0485385618326154,0.9869692211598747,0.14533417428625225,10,0.025,0.15,0.8891549675082678,0.9265682620898574,0.9438296484690359,0.9497905139444068,0.953921014060471,0.9526678799154895,1.0,0.9598396326585075,0.9623345603295934,0.9502801171309728,0.9514615836717084,0.9441807226596407
4,7,2.0100901718650546,0.27415824915824916,3564,2.230222741762797,0.1949509116409537,713,2.2260829406448557,0.242,0.9773840957503702,0.08398283596539363,,,0.940973530876081,,0.9410308461652721,0.058969153834727894,0.9869589465423434,0.14533373745289477,10,0.025,0.15,0.8797840466839245,0.9240104449570742,0.9414351821690593,0.9455723565630624,0.9502989816478944,0.9510724006046488,0.9598396326585075,1.0,0.9560885827148836,0.9508047084256248,0.9556820331659833,0.9449895831014101
4,8,2.013396939083382,0.27335077012496367,3441,2.2177892128626504,0.26598837209302323,688,2.2260873015922837,0.2421,0.9758662413511912,0.08374904888424574,,,0.9237315620978903,,0.9237675562377251,0.07623244376227489,0.9869493825173697,0.14533147674392272,10,0.025,0.15,0.8707380496450334,0.918946367057589,0.9355694800699156,0.9412638063645771,0.9500719902419644,0.9512985275120083,0.9623345603295934,0.9560885827148836,1.0,0.9531697957680596,0.9516780084075649,0.9505421990304898
4,9,2.006081375810835,0.28224355128974205,3334,2.2259164253870645,0.24437781109445278,667,2.2260916927192786,0.2421,0.9713515927167267,0.08344776564091717,,,0.9015117018329128,,0.9015612879800631,0.09843871201993692,0.986929101814324,0.14532848446709143,10,0.025,0.15,0.8704050236486865,0.9125476160631941,0.9302922851176098,0.9359246412605314,0.9450038689293304,0.9513229641468851,0.9502801171309728,0.9508047084256248,0.9531697957680596,1.0,0.946645456191252,0.9431394654177109
4,10,2.0223073441248673,0.271860536871336,3241,2.2254545291264853,0.23919753086419754,648,2.226091725916802,0.242,0.966720905840585,0.08318967335984699,,,0.8824772067262776,,0.8825155551154462,0.11748444488455378,0.9868854460158194,0.14532452995785056,10,0.025,0.15,0.8547669685254965,0.8966787949108116,0.9193901819843555,0.9323131587208896,0.9336504429750013,0.9417419958279378,0.9514615836717084,0.9556820331659833,0.9516780084075649,0.946645456191252,1.0,0.9513463865392312
4,11,2.0319491353034973,0.2704020259575815,3159,2.2334914207458496,0.2199367088607595,632,2.226130835617645,0.2411,0.9586402698922465,0.08255980708956003,,,0.8360241071221417,,0.8360812661946494,0.1639187338053506,0.9867540757764548,0.14530671337786075,10,0.025,0.15,0.8365768856105242,0.8832664483285766,0.9049343746772539,0.9176730544729598,0.9343995399302576,0.9302578378124781,0.9441807226596407,0.9449895831014101,0.9505421990304898,0.9431394654177109,0.9513463865392312,1.0
5,0,1.8732499882026954,0.3186705624543462,6845,2.19865159554915,0.252008765522279,1369,2.1961406725871413,0.2696,0.9330828092706572,0.0797639408594628,,,0.6,,0.6000148536911423,0.39998514630885773,0.9871808018276075,0.14444761521774765,10,0.025,0.15,1.0,0.943472326079894,0.9319485175289557,0.9240885272142846,0.9055962258953416,0.9010489807226153,0.8933092891470564,0.8799911391564246,0.8764877865700877,0.8689889170267134,0.862772337532646,0.844041746783531
5,1,1.8881554140601047,0.3176341730558598,5478,2.1983002026875815,0.2591240875912409,1096,2.1946535563167138,0.2702,0.9628529714755025,0.08280673747982949,,,0.8533706867171492,,0.853410572527273,0.14658942747272696,0.9894607377452038,0.14503125997957453,10,0.025,0.15,0.943472326079894,1.0,0.9516532645598182,0.9467258249424244,0.9324753274241753,0.929775074419742,0.92820225763123,0.921836090657343,0.9207133597258538,0.9096233334600864,0.9012267183791983,0.8876967256963393
5,2,1.9399110241940147,0.30012448132780084,4820,2.1924964785575867,0.28319502074688796,964,2.1946032590503934,0.2699,0.9714883849824699,0.083896117860138,,,0.9440823212731562,,0.9441336172038751,0.05586638279612488,0.9896439715392895,0.14504828025084868,10,0.025,0.15,0.9319485175289557,0.9516532645598182,1.0,0.9502329465586765,0.9453760418722096,0.939020522436784,0.9413553168355051,0.9363925905672014,0.9323215326860801,0.9237187991855321,0.9173951333683107,0.9024258304976989
5,3,1.9092944819586617,0.3098048116205175,4406,2.191418852124895,0.28376844494892167,881,2.1946024592918687,0.2699,0.9745912852471591,0.08410239264438511,,,0.9612586200067946,,0.9612978825238072,0.03870211747619279,0.9896508371528485,0.14504883169227883,10,0.025,0.15,0.9240885272142846,0.9467258249424244,0.9502329465586765,1.0,0.9401767525962847,0.9426890065113259,0.947016079929451,0.9403355422399304,0.9389261965429267,0.9294389712950999,0.9318479029938622,0.9158979444863445
5,4,1.9625520102905505,0.29119649805447473,4112,2.192448820386614,0.29075425790754256,822,2.1946044360535053,0.2699,0.9735170761522466,0.08419067058414072,,,0.9686094373661084,,0.9686504596392204,0.03134954036077964,0.9896574378541277,0.14504894693916306,10,0.025,0.15,0.9055962258953416,0.9324753274241753,0.9453760418722096,0.9401767525962847,1.0,0.9482585466027388,0.9490169406162232,0.9433672051090464,0.9438201399098058,0.9309154498632168,0.9284649000660029,0.9262996414504288
5,5,1.948642079291805,0.308896888660324,3889,2.192330769130162,0.2737789203084833,778,2.194604170473316,0.2699,0.9737382912953594,0.08420737022325156,,,0.9699999999167309,,0.9700285520951957,0.029971447904804327,0.9896569633030267,0.14504896256636376,10,0.025,0.15,0.9010489807226153,0.929775074419742,0.939020522436784,0.9426890065113259,0.9482585466027388,1.0,0.9466415552494913,0.9438276490707251,0.9473435445555317,0.936587287462171,0.9373601670974953,0.9235434586909905
5,6,1.962207270490712,0.30191323093505795,3711,2.1971013943354287,0.2722371967654987,742,2.1946139999582797,0.2697,0.9773938317959473,0.08417035087306712,,,0.9669174349778613,,0.9669670413097655,0.03303295869023448,0.9896510003217882,0.14504892591396903,10,0.025,0.15,0.8933092891470564,0.92820225763123,0.9413553168355051,0.947016079929451,0.9490169406162232,0.9466415552494913,1.0,0.9529764452871147,0.9580600505256368,0.9381968710108585,0.945185691156581,0.9382865868141865
5,7,1.9611255675554276,0.28942199775533106,3564,2.199867844581604,0.2244039270687237,713,2.1946261351621605,0.2696,0.9739520094463425,0.08396999095937975,,,0.9502336617076516,,0.9502813949266393,0.04971860507336068,0.9896467294049457,0.1450485510415312,10,0.025,0.15,0.8799911391564246,0.921836090657343,0.9363925905672014,0.9403355422399304,0.9433672051090464,0.9438276490707251,0.9529764452871147,1.0,0.9489127948749284,0.94270763466484,0.948302007969881,0.9393203411007626
5,8,1.9698036092299003,0.2895960476605638,3441,2.1837660471598306,0.29651162790697677,688,2.19463201112385,0.2696,0.9741227330950034,0.08383041608177223,,,0.938611398704212,,0.9386625076331468,0.06133749236685315,0.9896371156394714,0.14504803252912127,10,0.025,0.15,0.8764877865700877,0.9207133597258538,0.9323215326860801,0.9389261965429267,0.9438201399098058,0.9473435445555317,0.9580600505256368,0.9489127948749284,1.0,0.9431064858809035,0.9442300585981809,0.9459990420492725
5,9,1.9573900306666339,0.3024895020995801,3334,2.194914619127909,0.2893553223388306,667,2.1946386445926716,0.2694,0.9649073088531486,0.08334221452412617,,,0.897959334386401,,0.8979964021059234,0.10200359789407665,0.9895995248127751,0.14504377082911804,10,0.025,0.15,0.8689889170267134,0.9096233334600864,0.9237187991855321,0.9294389712950999,0.9309154498632168,0.936587287462171,0.9381968710108585,0.94270763466484,0.9431064858809035,1.0,0.9367304364157251,0.933297088915599
5,10,1.9762186183379247,0.2869176180191299,3241,2.1930989027023315,0.279320987654321,648,2.1946384786050532,0.2695,0.9652038821545974,0.08319166153222995,,,0.8854229345860525,,0.8854697892426268,0.11453021075737324,0.9895814503737475,0.14504126633125836,10,0.025,0.15,0.862772337532646,0.9012267183791983,0.9173951333683107,0.9318479029938622,0.9284649000660029,0.9373601670974953,0.945185691156581,0.948302007969881,0.9442300585981809,0.9367304364157251,1.0,0.9430944460787369
5,11,1.9830695714950561,0.2859449192782526,3159,2.2047492980957033,0.2468354430379747,632,2.1946901490416706,0.2695,0.9568663323602239,0.08252813637821729,,,0.8301718465570306,,0.8302223102440957,0.16977768975590435,0.989398357148084,0.1450209233809305,10,0.025,0.15,0.844041746783531,0.8876967256963393,0.9024258304976989,0.9158979444863445,0.9262996414504288,0.9235434586909905,0.9382865868141865,0.9393203411007626,0.9459990420492725,0.933297088915599,0.9430944460787369,1.0
6,0,1.8381111663800698,0.3323009495982469,6845,2.164742946624756,0.2731921110299489,1369,2.1610246428960487,0.2878,0.9362254629049577,0.08016268571814647,,,0.6,,0.6000148536911423,0.39998514630885773,0.9900630104166803,0.14424332901577794,10,0.025,0.15,1.0,0.9377828234727039,0.9277848517828463,0.9221707498916544,0.9044736421696209,0.9037607856715306,0.896715109279227,0.8834382875510026,0.8795924422293572,0.8693983748674684,0.8707789254383883,0.855351445527317
6,1,1.8465490039004835,0.3315808689302665,5478,2.1629929542541504,0.2846715328467153,1096,2.158785874330545,0.2889,0.9623635186148295,0.08290757385818724,,,0.8537383453092098,,0.8537736627551946,0.14622633724480538,0.9923864737148457,0.14481677734669324,10,0.025,0.15,0.9377828234727039,1.0,0.9454075086797171,0.9419376365872205,0.9296860432261097,0.9283200293962265,0.9267958978236227,0.9185657115316576,0.920622435902556,0.9038556020451758,0.9040238549330877,0.8936106356540748
6,2,1.900393912980431,0.3140248962655602,4820,2.156069040298462,0.2894190871369295,964,2.15871394133266,0.2894,0.9693175692194699,0.0838116993161912,,,0.9373159943650465,,0.9373504315822482,0.06264956841775182,0.9925026843644055,0.14482815634986446,10,0.025,0.15,0.9277848517828463,0.9454075086797171,1.0,0.9455669374946463,0.940053443747579,0.935776843500014,0.9363731278447149,0.9311010850764012,0.9282875397012337,0.9176767130815061,0.9180724627593213,0.9036004400694109
6,3,1.8646679660252163,0.3244666364049024,4406,2.1540568556104387,0.3132803632236095,881,2.1587132200410095,0.2894,0.9735312311029035,0.08407761398756712,,,0.9618972323849557,,0.9619332904226701,0.03806670957732994,0.9925031635213252,0.14482875326688482,10,0.025,0.15,0.9221707498916544,0.9419376365872205,0.9455669374946463,1.0,0.9357971260321178,0.9414277572421439,0.9436440622258442,0.9376790261394534,0.9370409103184553,0.9240609411843396,0.9318750865616852,0.9168845475848243
6,4,1.923971212271488,0.3022859922178988,4112,2.1554743221827914,0.3102189781021898,822,2.158716078046002,0.2894,0.9712945950325161,0.08405932517631341,,,0.9602066087717401,,0.9602416200425806,0.039758379957419376,0.9925044795071938,0.14482873275498506,10,0.025,0.15,0.9044736421696209,0.9296860432261097,0.940053443747579,0.9357971260321178,1.0,0.9426251944482055,0.9432028494556739,0.9365374525247354,0.9422639369242624,0.9282388121660639,0.9247758174213744,0.9236723961544568
6,5,1.9078453986875472,0.32067369503728466,3889,2.15416533606393,0.2943444730077121,778,2.158715637424324,0.2894,0.9716661060553814,0.08408184648127973,,,0.9622884854693718,,0.9623211368024954,0.037678863197504575,0.9925066511636673,0.14482875426983133,10,0.025,0.15,0.9037607856715306,0.9283200293962265,0.935776843500014,0.9414277572421439,0.9426251944482055,1.0,0.9403157827320787,0.9400237998415455,0.9418224163126817,0.9297789422674158,0.933346667594665,0.9183269489185906
6,6,1.9201231150791562,0.3175154944758825,3711,2.1626227299372354,0.2857142857142857,742,2.158728008028827,0.2888,0.9749208847876568,0.08416526802522233,,,0.9699999999075596,,0.9700285520951957,0.029971447904804327,0.992506316806418,0.1448288291349053,10,0.025,0.15,0.896715109279227,0.9267958978236227,0.9363731278447149,0.9436440622258442,0.9432028494556739,0.9403157827320787,1.0,0.9465669870703313,0.9508474334077454,0.9332872134722833,0.9398909139142538,0.9353527847590032
6,7,1.9182226845196315,0.30401234567901236,3564,2.165384213129679,0.2538569424964937,713,2.158744718455061,0.2889,0.9708584900769047,0.08390797370762942,,,0.9462156301727276,,0.9462543942169629,0.05374560578303711,0.9925040120797708,0.14482844908217316,10,0.025,0.15,0.8834382875510026,0.9185657115316576,0.9311010850764012,0.9376790261394534,0.9365374525247354,0.9400237998415455,0.9465669870703313,1.0,0.9427399011203079,0.9307561387736072,0.9428921900639332,0.9353471629722068
6,8,1.9263997272208886,0.3042138913106655,3441,2.1452173789342246,0.313953488372093,688,2.1587532924700388,0.2889,0.9717269337731407,0.08384966065443411,,,0.9408251527205254,,0.940874057203215,0.05912594279678496,0.9925018138910434,0.1448282826640841,10,0.025,0.15,0.8795924422293572,0.920622435902556,0.9282875397012337,0.9370409103184553,0.9422639369242624,0.9418224163126817,0.9508474334077454,0.9427399011203079,1.0,0.9342740118092455,0.9373739685927079,0.9407354001575566
6,9,1.9164714252507244,0.31730653869226155,3334,2.1592175165812173,0.30884557721139433,667,2.1587593434732173,0.2888,0.9610064764564428,0.08319585729785406,,,0.880387359487259,,0.8804277863048968,0.11957221369510318,0.9924694257422245,0.1448228048793254,10,0.025,0.15,0.8693983748674684,0.9038556020451758,0.9176767130815061,0.9240609411843396,0.9282388121660639,0.9297789422674158,0.9332872134722833,0.9307561387736072,0.9342740118092455,1.0,0.9332769203357509,0.9272210712378938
