round,client_id,client_i_training_loss,client_i_training_accuracy,client_i_training_dataset_size,client_i_evaluation_loss,client_i_evaluation_accuracy,client_i_evaluation_dataset_size,client_i_central_evaluation_loss,client_i_central_evaluation_accuracy,client_i_cosine_similarity,client_i_importance_coefficient,client_i_tanh_val,tanh_normalization_value,client_i_q,client_i_mask_order,client_i_v_nonzero_fraction,client_i_v_sparsity,client_i_v_cosine_similarity,client_i_reward_gradient_norm,local_epochs,learning_rate,gamma,client_0_cosine_similarity,client_1_cosine_similarity,client_2_cosine_similarity,client_3_cosine_similarity,client_4_cosine_similarity,client_5_cosine_similarity,client_6_cosine_similarity,client_7_cosine_similarity,client_8_cosine_similarity,client_9_cosine_similarity,client_10_cosine_similarity,client_11_cosine_similarity
0,0,1.648450024393869,0.8452621647122254,7419,0.6868893555526076,0.555256064690027,1855,0.6871963977247406,0.5437268002969562,0.6019473168700338,0.11159020729979759,0.11112931516537623,0.11112931516537623,0.9999999999910014,,0.7012976260740946,0.2987023739259054,0,0.4653061261217596,5,0.001,1.0,1.0,0.18180118466947456,0.18190961319748603,0.17348199755037433,0.17534149145968153,0.16618633450353093,0.1553171820092908,0.14519132541901275,0.15442682925626083,0.1618599432766041,0.15360593423443705,0.14483979133854055
0,1,1.6820703932755097,0.8413234301147873,5924,0.6878391643787952,0.5422012153950033,1481,0.6871963977247406,0.5437268002969562,0.527523414183794,0.0977933541598897,0.09748279191368714,0.11112931516537623,0.8772014096167304,,0.7012976260740946,0.2987023739259054,0,0.4653061261217596,5,0.001,1.0,0.18180118466947456,1.0,0.16999053119064855,0.15545521365765555,0.15307391618481145,0.13797069578611565,0.14968576922685667,0.1291781062204633,0.14480676665235218,0.14906603695984078,0.13831373275407158,0.12719619009179067
0,2,1.625530546771054,0.846272098385857,5204,0.6876039664919783,0.5488086087624904,1301,0.6871963977247406,0.5437268002969562,0.49528020726914257,0.09181604345049903,0.09155890174700416,0.11112931516537623,0.8238951316304577,,0.7012976260740946,0.2987023739259054,0,0.4653061261217596,5,0.001,1.0,0.18190961319748603,0.16999053119064855,1.0,0.14498758013913346,0.15464456854534103,0.13894680010266097,0.1374876052412526,0.12830970631665642,0.13756423429853315,0.136896061130014,0.12873058913363547,0.12213206240648139
0,3,1.6685273038510908,0.8431067143759209,4751,0.6924362590438441,0.5378787878787878,1188,0.6871963977247406,0.5437268002969562,0.4664215003707945,0.08646615817825341,0.08625131556041071,0.11112931516537623,0.7761346808560851,,0.7012976260740946,0.2987023739259054,0,0.4653061261217596,5,0.001,1.0,0.17348199755037433,0.15545521365765555,0.14498758013913346,1.0,0.13858087013842482,0.13059862385472,0.1408943852498451,0.12473671294822827,0.13361285031705308,0.12692247942095827,0.12021774735134384,0.12171291888586909
0,4,1.751750015941777,0.8343115124153498,4430,0.682047997202192,0.5667870036101083,1108,0.6871963977247406,0.5437268002969562,0.4554141385367092,0.08442559124745229,0.08422557527579404,0.11112931516537623,0.7579060048169692,,0.7012976260740946,0.2987023739259054,0,0.4653061261217596,5,0.001,1.0,0.17534149145968153,0.15307391618481145,0.15464456854534103,0.13858087013842482,1.0,0.12184358419360806,0.14414072133677291,0.12857763258361507,0.1329604350533427,0.12435594629774671,0.11935535632030343,0.11409632834620188
0,5,1.6594776764142376,0.845437171524128,4186,0.6880080483176492,0.5444126074498568,1047,0.6871963977247406,0.5437268002969562,0.42810987688285784,0.0793638721688389,0.07919766317604482,0.11112931516537623,0.7126622085043426,,0.7012976260740946,0.2987023739259054,0,0.4653061261217596,5,0.001,1.0,0.16618633450353093,0.13797069578611565,0.13894680010266097,0.13059862385472,0.12184358419360806,1.0,0.1228908557050635,0.11420731817248715,0.11581586315727573,0.13005203488075434,0.11524590346766084,0.11525651561000098
0,6,1.6427615254670382,0.8452404809619238,3992,0.6949854157865047,0.5210420841683366,998,0.6871963977247406,0.5437268002969562,0.43174059791365627,0.08003694255410322,0.07986647612975005,0.11112931516537623,0.7186805390654903,,0.7012976260740946,0.2987023739259054,0,0.4653061261217596,5,0.001,1.0,0.1553171820092908,0.14968576922685667,0.1374876052412526,0.1408943852498451,0.14414072133677291,0.1228908557050635,1.0,0.12491727549561953,0.13615807498857374,0.1279650819872808,0.11751219613616376,0.11988863136713475
0,7,1.6822264220565557,0.8429652832158705,3831,0.6818914175033569,0.5615866388308977,958,0.6871975463529664,0.5437268002969562,0.40039889098151366,0.07422675372915256,0.07409073331027582,0.11112931516537623,0.6667073687923979,,0.6667073148462523,0.33329268515374766,0,0.46529925496867713,5,0.001,1.0,0.14519132541901275,0.1291781062204633,0.12830970631665642,0.12473671294822827,0.12857763258361507,0.11420731817248715,0.12491727549561953,1.0,0.12499011299007358,0.10994475587806884,0.10261233639377032,0.10193814603052598
0,8,1.618811141619266,0.8474025974025974,3696,0.6928781168214206,0.5281385281385281,924,0.6871963032917285,0.5437268002969562,0.4128452429201262,0.0765340835469477,0.07638500090648316,0.11112931516537623,0.6873523947495227,,0.6873523086051061,0.3126476913948939,0,0.46530567331202016,5,0.001,1.0,0.15442682925626083,0.14480676665235218,0.13756423429853315,0.13361285031705308,0.1329604350533427,0.11581586315727573,0.13615807498857374,0.12499011299007358,1.0,0.11790271779438993,0.11516494269540649,0.11243548347817722
0,9,1.6458674959971435,0.8450405141100866,3579,0.684002297265189,0.5508379888268157,895,0.6871962666228378,0.5437268002969562,0.40813386882456354,0.0756606795176309,0.07551663518784046,0.11112931516537623,0.6795383835019718,,0.679538263503578,0.32046173649642196,0,0.4653044087500558,5,0.001,1.0,0.1618599432766041,0.14906603695984078,0.136896061130014,0.12692247942095827,0.12435594629774671,0.13005203488075434,0.1279650819872808,0.10994475587806884,0.11790271779438993,1.0,0.12332697175342926,0.10667118943310878
0,10,1.6888368787295227,0.8399769916594766,3477,0.6917970755270549,0.5287356321839081,870,0.6871992134424966,0.5436525612472161,0.3896866273603741,0.07224089270006996,0.07211548551037672,0.11112931516537623,0.6489330506753297,,0.6489329698106796,0.3510670301893204,0,0.4652824540580535,5,0.001,1.0,0.15360593423443705,0.13831373275407158,0.12873058913363547,0.12021774735134384,0.11935535632030343,0.11524590346766084,0.11751219613616376,0.10261233639377032,0.11516494269540649,0.12332697175342926,1.0,0.10381107979386298
0,11,1.6350285700469647,0.8489374262101534,3388,0.6921058473763643,0.5147579693034239,847,0.687199320192858,0.5435783221974759,0.3767648170322383,0.06984542144736451,0.06973206507073945,0.11112931516537623,0.6274857805642078,,0.6274857419288346,0.37251425807116545,0,0.4652404917227477,5,0.001,1.0,0.14483979133854055,0.12719619009179067,0.12213206240648139,0.12171291888586909,0.11409632834620188,0.11525651561000098,0.11988863136713475,0.10193814603052598,0.11243548347817722,0.10667118943310878,0.10381107979386298,1.0
1,0,1.6531726121741892,0.8443995147594016,7419,0.6782421264155157,0.5827493261455525,1855,0.677531937663742,0.5780994803266518,0.563725952536011,0.10960979526149511,0.1091729326639339,0.1091729326639339,0.9999999999908402,,0.7012977808260473,0.2987022191739527,0.8358944362199864,0.4634209612039998,5,0.001,1.0,1.0,0.18653659110332432,0.17607625110317426,0.18008431461580196,0.17878324625812544,0.17513548972089912,0.16055975827427857,0.15370495536018863,0.16040082747478512,0.1629680125967753,0.156156212604137,0.1507907477083737
1,1,1.6708011373737326,0.8411546252532073,5924,0.6790746069969015,0.5725860904794058,1481,0.677531937663742,0.5780994803266518,0.5148878464097332,0.09690970848412023,0.09660746825697342,0.1091729326639339,0.8849031156236725,,0.7012977808260473,0.2987022191739527,0.8358944362199864,0.4634209612039998,5,0.001,1.0,0.18653659110332432,1.0,0.1691708254459346,0.1648105686180041,0.15397840014310116,0.1577309972992227,0.15024281987174007,0.13497848226316284,0.15153202316288977,0.15124727598057047,0.1463156987411457,0.12950041742879703
1,2,1.638779470074259,0.8463105303612606,5204,0.6786302822392162,0.5833973866256725,1301,0.677531937663742,0.5780994803266518,0.4836000877489716,0.09099388707127543,0.09074357634090338,0.1091729326639339,0.8311911581546257,,0.7012977808260473,0.2987022191739527,0.8358944362199864,0.4634209612039998,5,0.001,1.0,0.17607625110317426,0.1691708254459346,1.0,0.1535719273585001,0.15290803694776564,0.1454369051099708,0.1318914263970248,0.1338025888202016,0.13179231404899228,0.13162765771502855,0.1329551009391603,0.11787868186687449
1,3,1.6324103751638592,0.8479478004630604,4751,0.6837406832920877,0.5622895622895623,1188,0.677531937663742,0.5780994803266518,0.475447773249976,0.08650974406927985,0.08629457704071646,0.1091729326639339,0.7904393051853418,,0.7012977808260473,0.2987022191739527,0.8358944362199864,0.4634209612039998,5,0.001,1.0,0.18008431461580196,0.1648105686180041,0.1535719273585001,1.0,0.14125599688734103,0.14202348203865942,0.14585924170819684,0.13291716520805255,0.13554940772046808,0.1362367838951727,0.12761936259036386,0.12762997909271268
1,4,1.6911977477800504,0.8414898419864559,4430,0.6732224924223763,0.5947653429602888,1108,0.677531937663742,0.5780994803266518,0.46328408128041454,0.0844296244096731,0.08422957982561333,0.1091729326639339,0.7715243858486883,,0.7012977808260473,0.2987022191739527,0.8358944362199864,0.4634209612039998,5,0.001,1.0,0.17878324625812544,0.15397840014310116,0.15290803694776564,0.14125599688734103,1.0,0.13536355780213685,0.1414411726176109,0.13650198941902775,0.12986244858163376,0.12573191221090319,0.12403282800524157,0.12027219165440416
1,5,1.6412003103800061,0.84696607740086,4186,0.6795776703140952,0.565425023877746,1047,0.677531937663742,0.5780994803266518,0.44954676781866015,0.07994099558418273,0.07977114044209423,0.1091729326639339,0.7306860637968053,,0.7012977808260473,0.2987022191739527,0.8358944362199864,0.4634209612039998,5,0.001,1.0,0.17513548972089912,0.1577309972992227,0.1454369051099708,0.14202348203865942,0.13536355780213685,1.0,0.13360895380569962,0.12011463117897199,0.12840358235797736,0.133861347131616,0.12406408168388423,0.12038146127352513
1,6,1.6198711544573308,0.8498997995991984,3992,0.6866778060793877,0.5551102204408818,998,0.677531937663742,0.5780994803266518,0.445760008882835,0.0803086122983071,0.080136407123235,0.1091729326639339,0.7340318260862716,,0.7012977808260473,0.2987022191739527,0.8358944362199864,0.4634209612039998,5,0.001,1.0,0.16055975827427857,0.15024281987174007,0.1318914263970248,0.14585924170819684,0.1414411726176109,0.13360895380569962,1.0,0.1256908167953808,0.13115201552558253,0.1345011690402254,0.11730181766306397,0.12375421514879638
1,7,1.6291999899006138,0.8489689376142,3831,0.6723027149836223,0.5845511482254697,958,0.6775331945996953,0.578173719376392,0.4160237005665189,0.07458582794695243,0.07444782689737331,0.1091729326639339,0.6819256850584338,,0.6819257766304124,0.31807422336958757,0.835884428839655,0.4634197518245221,5,0.001,1.0,0.15370495536018863,0.13497848226316284,0.1338025888202016,0.13291716520805255,0.13650198941902775,0.12011463117897199,0.1256908167953808,1.0,0.12033057841592479,0.11152707076847353,0.10716289160634697,0.11355423396861658
1,8,1.5978770230832542,0.8512987012987013,3696,0.6831807576376816,0.5638528138528138,924,0.6775318491770366,0.5780994803266518,0.430358844139445,0.07696162078887084,0.07681002970414058,0.1091729326639339,0.7035629421065446,,0.7012977808260473,0.2987022191739527,0.8358939385267109,0.4634209612039998,5,0.001,1.0,0.16040082747478512,0.15153202316288977,0.13179231404899228,0.13554940772046808,0.12986244858163376,0.12840358235797736,0.13115201552558253,0.12033057841592479,1.0,0.12400673867713555,0.11929256565443257,0.11140089002809894
1,9,1.6239538040078645,0.8501257334450963,3579,0.6752033233642578,0.5754189944134078,895,0.6775318041550009,0.5780994803266518,0.4311104312084511,0.07631460264932026,0.07616679695240937,0.1091729326639339,0.6976710718780019,,0.697671014061691,0.30232898593830904,0.8358931187938708,0.46342095336129024,5,0.001,1.0,0.1629680125967753,0.15124727598057047,0.13162765771502855,0.1362367838951727,0.12573191221090319,0.133861347131616,0.1345011690402254,0.11152707076847353,0.12400673867713555,1.0,0.13175342871822643,0.11442530848939442
1,10,1.666302090510726,0.8435432844406098,3477,0.6825831340891975,0.5563218390804597,870,0.6775353961489263,0.5780252412769117,0.4141426742439978,0.0729680921996758,0.07283886504158202,0.1091729326639339,0.6671879490966326,,0.6671878196595024,0.33281218034049764,0.8358581994917726,0.4634144152809821,5,0.001,1.0,0.156156212604137,0.1463156987411457,0.1329551009391603,0.12761936259036386,0.12403282800524157,0.12406408168388423,0.11730181766306397,0.10716289160634697,0.11929256565443257,0.13175342871822643,1.0,0.11376618292802673
1,11,1.611767584528282,0.8529515938606848,3388,0.68336288134257,0.5466351829988194,847,0.6775375647103136,0.5780252412769117,0.39842607809265856,0.07046748923684726,0.07035108108614496,0.1091729326639339,0.644400396406513,,0.6444002851149977,0.3555997148850023,0.8357811219615022,0.4633907724435865,5,0.001,1.0,0.1507907477083737,0.12950041742879703,0.11787868186687449,0.12762997909271268,0.12027219165440416,0.12038146127352513,0.12375421514879638,0.11355423396861658,0.11140089002809894,0.11442530848939442,0.11376618292802673,1.0
2,0,1.6274457849634425,0.8523251112009704,7419,0.669454400909358,0.6075471698113207,1855,0.6676696142504731,0.606829992576095,0.556354822377633,0.10770465168380376,0.10729010664543934,0.10729010664543934,0.9999999999906795,,0.7012976260740946,0.2987023739259054,0.8409376929306855,0.4639854907044748,5,0.001,1.0,1.0,0.19260639577598498,0.17831419079152055,0.17617349127456852,0.17350849122441633,0.1702959751530244,0.16189534771655315,0.15493676820271918,0.15401479283908107,0.15881702898768205,0.15390529654427526,0.14723224394026616
2,1,1.6388372909277678,0.8432815665091155,5924,0.6701705747462333,0.6043214044564483,1481,0.6676696142504731,0.606829992576095,0.5144263076834564,0.09614501208431118,0.09584985294945239,0.10729010664543934,0.8933708423397618,,0.7012976260740946,0.2987023739259054,0.8409376929306855,0.4639854907044748,5,0.001,1.0,0.19260639577598498,1.0,0.16599551110229402,0.16123331630823198,0.15893562436013067,0.1494636349633221,0.15721951287141195,0.13910434204790803,0.14989026940539715,0.15699649453129552,0.14659808006416192,0.1281429298079527
2,2,1.6211892734938786,0.8486164488854727,5204,0.6693216504120245,0.6102997694081476,1301,0.6676696142504731,0.606829992576095,0.48859992812229375,0.09050347261611241,0.09025717854622363,0.10729010664543934,0.8412441870680069,,0.7012976260740946,0.2987023739259054,0.8409376929306855,0.4639854907044748,5,0.001,1.0,0.17831419079152055,0.16599551110229402,1.0,0.1547542024270945,0.1568296673654352,0.14345104758339858,0.13859462234636324,0.13856589140128125,0.13855504987700404,0.14742847216679267,0.13470442198098756,0.12449017019732686
2,3,1.6230466397191654,0.8481582824668491,4751,0.6749674693534249,0.5791245791245792,1188,0.6676696142504731,0.606829992576095,0.47222250682142325,0.08635778581233886,0.08614374840285606,0.10729010664543934,0.8029048632296697,,0.7012976260740946,0.2987023739259054,0.8409376929306855,0.4639854907044748,5,0.001,1.0,0.17617349127456852,0.16123331630823198,0.1547542024270945,1.0,0.14566616352603717,0.13958557104681832,0.1430287051280525,0.13353200213439725,0.13329876344744476,0.13331903483291854,0.1264558726770678,0.12791780185764196
2,4,1.6862038797531411,0.8431602708803612,4430,0.6643188101904732,0.6164259927797834,1108,0.6676696142504731,0.606829992576095,0.4692129066079528,0.08462190738053178,0.08442049552704697,0.10729010664543934,0.7868432436668535,,0.7012976260740946,0.2987023739259054,0.8409376929306855,0.4639854907044748,5,0.001,1.0,0.17350849122441633,0.15893562436013067,0.1568296673654352,0.14566616352603717,1.0,0.13690763044837073,0.14730449470260915,0.1446855565324784,0.13007025746483808,0.12999761784508268,0.13183418379722112,0.1258590703433581
2,5,1.6335947471493073,0.84696607740086,4186,0.6710183692700935,0.5902578796561605,1047,0.6676696142504731,0.606829992576095,0.44549584684548243,0.08017318501757877,0.08000184807584215,0.10729010664543934,0.7456591346253191,,0.7012976260740946,0.2987023739259054,0.8409376929306855,0.4639854907044748,5,0.001,1.0,0.1702959751530244,0.1494636349633221,0.14345104758339858,0.13958557104681832,0.13690763044837073,1.0,0.12994987917012074,0.12177471103631972,0.12027467603500552,0.13908451600380087,0.12289202183443407,0.1215825283629359
2,6,1.6143350267335772,0.847745490981964,3992,0.6779613196849823,0.5761523046092184,998,0.6676696142504731,0.606829992576095,0.4490994279054049,0.08060533149031916,0.08043121381239113,0.10729010664543934,0.749661048221732,,0.7012976260740946,0.2987023739259054,0.8409376929306855,0.4639854907044748,5,0.001,1.0,0.16189534771655315,0.15721951287141195,0.13859462234636324,0.1430287051280525,0.14730449470260915,0.12994987917012074,1.0,0.1292717401511868,0.12916985195939884,0.13677752919269848,0.12037446358980211,0.12021418096886681
2,7,1.6160991143124799,0.852257896110676,3831,0.6623826523621877,0.6189979123173278,958,0.667670837915425,0.6069042316258352,0.42295986538302194,0.0751007020733259,0.07495982767387208,0.10729010664543934,0.6986648631163401,,0.6986648311021713,0.30133516889782874,0.8409357355927523,0.4639854876780775,5,0.001,1.0,0.15493676820271918,0.13910434204790803,0.13856589140128125,0.13353200213439725,0.1446855565324784,0.12177471103631972,0.1292717401511868,1.0,0.12296082083394169,0.11219603823431581,0.11664295699328632,0.11592510408848186
2,8,1.611286922325862,0.8505411255411255,3696,0.6734194159507751,0.591991341991342,924,0.6676695298695507,0.606829992576095,0.4284258437364141,0.07716611630733833,0.07701331554799569,0.10729010664543934,0.7178044458636164,,0.7012976260740946,0.2987023739259054,0.8409376929306855,0.4639854907044748,5,0.001,1.0,0.15401479283908107,0.14989026940539715,0.13855504987700404,0.13329876344744476,0.13007025746483808,0.12027467603500552,0.12916985195939884,0.12296082083394169,1.0,0.12208825598704194,0.12263074260918685,0.11166287494234109
2,9,1.5830748589942232,0.8534786253143336,3579,0.6664451722587857,0.5888268156424581,895,0.66766950212012,0.606829992576095,0.4364885889353613,0.07699345035833523,0.07684167140875725,0.10729010664543934,0.7162046325667196,,0.7012976260740946,0.2987023739259054,0.8409376618987062,0.4639854907044748,5,0.001,1.0,0.15881702898768205,0.15699649453129552,0.14742847216679267,0.13331903483291854,0.12999761784508268,0.13908451600380087,0.13677752919269848,0.11219603823431581,0.12208825598704194,1.0,0.13456038521020663,0.11320564125823837
2,10,1.6415496520151238,0.8466494104112741,3477,0.6733803514923368,0.5827586206896552,870,0.667672635115807,0.6069042316258352,0.41854463098814637,0.07366601406096594,0.07353304867613855,0.10729010664543934,0.6853665354109227,,0.6853665315475783,0.3146334684524217,0.8409277888497422,0.46398482605038827,5,0.001,1.0,0.15390529654427526,0.14659808006416192,0.13470442198098756,0.1264558726770678,0.13183418379722112,0.12289202183443407,0.12037446358980211,0.11664295699328632,0.12263074260918685,0.13456038521020663,1.0,0.11251528189303332
2,11,1.5793170148049884,0.8551948051948052,3388,0.6744241250885857,0.5737898465171193,847,0.6676760250768865,0.606829992576095,0.3998123928368034,0.07096237111503861,0.07084349647414712,0.10729010664543934,0.6602984999129761,,0.6602984174755809,0.33970158252441907,0.8408887788469991,0.4639742611697014,5,0.001,1.0,0.14723224394026616,0.1281429298079527,0.12449017019732686,0.12791780185764196,0.1258590703433581,0.1215825283629359,0.12021418096886681,0.11592510408848186,0.11166287494234109,0.11320564125823837,0.11251528189303332,1.0
3,0,1.6270462740614111,0.84814665049198,7419,0.660673354206414,0.6307277628032345,1855,0.6576816197528975,0.6333333333333333,0.5649679446741955,0.10631107473729833,0.10591236629212246,0.10591236629212246,0.9999999999905582,,0.7012977808260473,0.2987022191739527,0.8431204006355524,0.468697433098936,5,0.001,1.0,1.0,0.18783811348362053,0.19445815717312212,0.18544536164430223,0.18702130064385847,0.18143365438059691,0.17129908621230755,0.1588653861574053,0.16710764350477972,0.17028027298586365,0.16381953095808066,0.15834736328991394
3,1,1.6143608748842713,0.84932478055368,5924,0.661138209890812,0.62457798784605,1481,0.6576816197528975,0.6333333333333333,0.5091754167779482,0.09509820432872443,0.09481255872067613,0.10591236629212246,0.8951981910995496,,0.7012977808260473,0.2987022191739527,0.8431204006355524,0.468697433098936,5,0.001,1.0,0.18783811348362053,1.0,0.17811166353528665,0.16181005495006118,0.15342780443129453,0.1450268027618922,0.15445786556071106,0.14262125282557633,0.1533068592816001,0.15714982125667257,0.15014340852390273,0.13271980957958146
3,2,1.593748757467131,0.8555726364335127,5204,0.6600587295322884,0.6341275941583397,1301,0.6576816197528975,0.6333333333333333,0.4940376287701341,0.09011814138742444,0.08987497309000834,0.10591236629212246,0.848578652669046,,0.7012977808260473,0.2987022191739527,0.8431204006355524,0.468697433098936,5,0.001,1.0,0.19445815717312212,0.17811166353528665,1.0,0.16041988511073915,0.16398562268733538,0.14666020133653113,0.1440104407840875,0.13835024896799308,0.14448029513200172,0.14008873234216418,0.139357448240759,0.13097911918495006
3,3,1.6091653053967545,0.8508103557145864,4751,0.6658460529227006,0.5934343434343434,1188,0.6576816197528975,0.6333333333333333,0.4797972351392262,0.08633166942124854,0.08611782575654056,0.10591236629212246,0.8131045388807702,,0.7012977808260473,0.2987022191739527,0.8431204006355524,0.468697433098936,5,0.001,1.0,0.18544536164430223,0.16181005495006118,0.16041988511073915,1.0,0.15278363081488916,0.14494296306311652,0.15845024429597793,0.13697029116779869,0.140601675793502,0.13973110351366433,0.12908721351526678,0.1373621622588236
3,4,1.6623801959933138,0.8463656884875846,4430,0.6553146753992353,0.6371841155234657,1108,0.6576816197528975,0.6333333333333333,0.4741170533588035,0.08475770376972744,0.08455532257332553,0.10591236629212246,0.7983517461909093,,0.7012977808260473,0.2987022191739527,0.8431204006355524,0.468697433098936,5,0.001,1.0,0.18702130064385847,0.15342780443129453,0.16398562268733538,0.15278363081488916,1.0,0.13654743454177368,0.1520383108016558,0.15165061871250918,0.1371185061121945,0.13774543979170273,0.13310618569422883,0.12798927355634682
3,5,1.589816510407183,0.8511705685618729,4186,0.6623328346194644,0.6131805157593123,1047,0.6576816197528975,0.6333333333333333,0.44724458632156133,0.08022256569328413,0.08005091250675023,0.10591236629212246,0.7558221509771746,,0.7012977808260473,0.2987022191739527,0.8431204006355524,0.468697433098936,5,0.001,1.0,0.18143365438059691,0.1450268027618922,0.14666020133653113,0.14494296306311652,0.13654743454177368,1.0,0.13485058199498365,0.12080170139316876,0.12622277116371738,0.13700117885812038,0.12673177861880772,0.12757644978653318
3,6,1.5832693662941455,0.8536072144288577,3992,0.6691935956478119,0.6042084168336673,998,0.6576816197528975,0.6333333333333333,0.4577567288277411,0.08098479576910944,0.08080821174403624,0.10591236629212246,0.7629723947474829,,0.7012977808260473,0.2987022191739527,0.8431204006355524,0.468697433098936,5,0.001,1.0,0.17129908621230755,0.15445786556071106,0.1440104407840875,0.15845024429597793,0.1520383108016558,0.13485058199498365,1.0,0.13513755867678431,0.13893007892394993,0.14350548766512536,0.121643020694121,0.13204779062196426
3,7,1.5867316966876388,0.8547115635604281,3831,0.6524010419845581,0.6367432150313153,958,0.6576827900426688,0.6333333333333333,0.4254572800999922,0.07541196479359973,0.07526933418500092,0.10591236629212246,0.7106755973772311,,0.7012977808260473,0.2987022191739527,0.8431204066596503,0.468697433098936,5,0.001,1.0,0.1588653861574053,0.14262125282557633,0.13835024896799308,0.13697029116779869,0.15165061871250918,0.12080170139316876,0.13513755867678431,1.0,0.12614976763541708,0.12116447048970848,0.11589107469188965,0.1145130412193167
3,8,1.5740839147233758,0.8540584415584416,3696,0.6636155576541506,0.6212121212121212,924,0.6576815437251202,0.6332590942835932,0.4378281075907604,0.0775132129621535,0.07735834431808634,0.10591236629212246,0.730399546583539,,0.7012977808260473,0.2987022191739527,0.8431204006355524,0.468697433098936,5,0.001,1.0,0.16710764350477972,0.1533068592816001,0.14448029513200172,0.140601675793502,0.1371185061121945,0.12622277116371738,0.13893007892394993,0.12614976763541708,1.0,0.12607784096842214,0.12824491312588335,0.12030323085592907
3,9,1.6060814574177908,0.853031573065102,3579,0.6574778216225761,0.6122905027932961,895,0.657681515126217,0.6332590942835932,0.44067647793578857,0.07749561427733481,0.0773408509254999,0.10591236629212246,0.730234378027697,,0.7012977808260473,0.2987022191739527,0.8431204006355524,0.468697433098936,5,0.001,1.0,0.17028027298586365,0.15714982125667257,0.14008873234216418,0.13973110351366433,0.13774543979170273,0.13700117885812038,0.14350548766512536,0.12116447048970848,0.12607784096842214,1.0,0.13484934674321714,0.11817884346011936
3,10,1.6244147791091454,0.8488352027610009,3477,0.6638191172054836,0.6091954022988506,870,0.6576844633616631,0.6332590942835932,0.4227786861779992,0.07419317077772439,0.07405733462724624,0.10591236629212246,0.6992321786323382,,0.699232151760907,0.30076784823909297,0.8431195830461253,0.4686974316290996,5,0.001,1.0,0.16381953095808066,0.15014340852390273,0.139357448240759,0.12908721351526678,0.13310618569422883,0.12673177861880772,0.121643020694121,0.11589107469188965,0.12824491312588335,0.13484934674321714,1.0,0.11891008720228863
3,11,1.5541981581493087,0.8570838252656434,3388,0.6654122074445089,0.5997638724911453,847,0.657687645485169,0.6331106161841128,0.4095146322972498,0.07156188208237084,0.07143997321054706,0.10591236629212246,0.6745196591381047,,0.6745196576763004,0.3254803423236996,0.8431031553423033,0.46869423567088664,5,0.001,1.0,0.15834736328991394,0.13271980957958146,0.13097911918495006,0.1373621622588236,0.12798927355634682,0.12757644978653318,0.13204779062196426,0.1145130412193167,0.12030323085592907,0.11817884346011936,0.11891008720228863,1.0
4,0,1.5820409659183874,0.8549400188704677,7419,0.6517469790475122,0.6469002695417789,1855,0.6477221823927909,0.6558277654046029,0.5610777630713039,0.10487923014150313,0.1044963695436027,0.1044963695436027,0.9999999999904302,,0.7012976260740946,0.2987023739259054,0.8471817054374816,0.4720642462545959,5,0.001,1.0,1.0,0.19757539559499426,0.18650153269965805,0.19022164554522963,0.184576090825587,0.17971639804252906,0.17278952231276343,0.16399882078142045,0.1615638421912164,0.1732926908367248,0.17129247168811815,0.16002158288882118
4,1,1.6257881595182322,0.8482106684672519,5924,0.6521432666068382,0.6387575962187712,1481,0.6477221823927909,0.6558277654046029,0.517308004008389,0.094443504043648,0.09416370362808126,0.1044963695436027,0.9011193789645381,,0.7012976260740946,0.2987023739259054,0.8471817054374816,0.4720642462545959,5,0.001,1.0,0.19757539559499426,1.0,0.1843169278507647,0.17027990957714462,0.16745942576191075,0.15585388373936046,0.1674312616762716,0.14299234563446384,0.15366848749901516,0.1640843469504655,0.1517905787169875,0.1377958854605196
4,2,1.6011029392869378,0.8537663335895465,5204,0.6507654829723079,0.6564181398923905,1301,0.6477221823927909,0.6558277654046029,0.4963406088515319,0.08974652692416621,0.08950634805190612,0.1044963695436027,0.8565498346208256,,0.7012976260740946,0.2987023739259054,0.8471817054374816,0.4720642462545959,5,0.001,1.0,0.18650153269965805,0.1843169278507647,1.0,0.16451048412542935,0.16425529642437844,0.15561350563880788,0.15117778418168695,0.14618277547011752,0.14339719280436444,0.15107741263483115,0.1407069339382995,0.13545628692942246
4,3,1.5843133379661496,0.8527467901494422,4751,0.6567907694138979,0.6144781144781145,1188,0.6477221823927909,0.6558277654046029,0.4840655262621461,0.08632430116570065,0.08611051214139766,0.1044963695436027,0.824052668209135,,0.7012976260740946,0.2987023739259054,0.8471817054374816,0.4720642462545959,5,0.001,1.0,0.19022164554522963,0.17027990957714462,0.16451048412542935,1.0,0.14966082729820215,0.15304473078641576,0.16198144049506094,0.1476772667062099,0.140885486145327,0.14369289155978596,0.13052576579639225,0.1394541762427637
4,4,1.640531303186854,0.8480361173814899,4430,0.6464884638786316,0.6552346570397112,1108,0.6477221823927909,0.6558277654046029,0.47660818944679484,0.08480605726981534,0.08460333016878602,0.1044963695436027,0.8096293731302728,,0.7012976260740946,0.2987023739259054,0.8471817054374816,0.4720642462545959,5,0.001,1.0,0.184576090825587,0.16745942576191075,0.16425529642437844,0.14966082729820215,1.0,0.14251198080248,0.16001110919705136,0.1526892883989477,0.138846208135474,0.1375454822617168,0.13949696868004977,0.12974096367564705
4,5,1.577413935939433,0.8523650262780698,4186,0.6537599563598633,0.6332378223495702,1047,0.6477221823927909,0.6558277654046029,0.4547536064361509,0.08041654246060248,0.08024364324697643,0.1044963695436027,0.7679084316199678,,0.7012976260740946,0.2987023739259054,0.8471817054374816,0.4720642462545959,5,0.001,1.0,0.17971639804252906,0.15585388373936046,0.15561350563880788,0.15304473078641576,0.14251198080248,1.0,0.1455692943639153,0.12975081224874857,0.1295338256093825,0.14110072854916283,0.125530371570363,0.13059265577348736
4,6,1.5540794629007577,0.8595190380761523,3992,0.6604348178952932,0.62625250501002,998,0.6477221823927909,0.6558277654046029,0.46575396610234937,0.08145204089407579,0.08127238821391268,0.1044963695436027,0.7777532230842028,,0.7012976260740946,0.2987023739259054,0.8471817054374816,0.4720642462545959,5,0.001,1.0,0.17278952231276343,0.1674312616762716,0.15117778418168695,0.16198144049506094,0.16001110919705136,0.1455692943639153,1.0,0.14056279956335946,0.138298821517488,0.14678665717254677,0.12560456116781715,0.1359189742415575
4,7,1.6012636964209377,0.8550247977029496,3831,0.6424874285856883,0.6638830897703549,958,0.6477233096426287,0.6558277654046029,0.43239539663266807,0.07579388584853099,0.07564908054162309,0.1044963695436027,0.7239397968685737,,0.7012976260740946,0.2987023739259054,0.8471817054374816,0.4720642462545959,5,0.001,1.0,0.16399882078142045,0.14299234563446384,0.14618277547011752,0.1476772667062099,0.1526892883989477,0.12975081224874857,0.14056279956335946,1.0,0.13121628022971565,0.11859929641062826,0.11878017711415804,0.12355325456916065
4,8,1.5641508214336275,0.8574675324675325,3696,0.653784312050918,0.6482683982683982,924,0.6477221141518437,0.6558277654046029,0.4349471754843793,0.07751989030895122,0.07736498170211929,0.1044963695436027,0.7403604741416132,,0.7012976260740946,0.2987023739259054,0.8471817054374816,0.4720642462545959,5,0.001,1.0,0.1615638421912164,0.15366848749901516,0.14339719280436444,0.140885486145327,0.138846208135474,0.1295338256093825,0.138298821517488,0.13121628022971565,1.0,0.12238382281706499,0.12612349436291664,0.12349726478270785
4,9,1.5472995251683253,0.8562168203408773,3579,0.6486608939511436,0.6324022346368715,895,0.6477220835708383,0.6558277654046029,0.44511586601826403,0.07791951067440356,0.07776219790192825,0.1044963695436027,0.7441617181612862,,0.7012976260740946,0.2987023739259054,0.8471817054374816,0.4720642462545959,5,0.001,1.0,0.1732926908367248,0.1640843469504655,0.15107741263483115,0.14369289155978596,0.1375454822617168,0.14110072854916283,0.14678665717254677,0.11859929641062826,0.12238382281706499,1.0,0.13864652309445186,0.12574806036565545
4,10,1.610709765669676,0.8528616623526029,3477,0.6545294459377017,0.6367816091954023,870,0.6477249613000775,0.6557535263548626,0.42565881224433033,0.07457914756006419,0.07444118353308472,0.1044963695436027,0.7123805722390253,,0.7012976260740946,0.2987023739259054,0.8471816805298887,0.4720642462545959,5,0.001,1.0,0.17129247168811815,0.1517905787169875,0.1407069339382995,0.13052576579639225,0.13949696868004977,0.125530371570363,0.12560456116781715,0.11878017711415804,0.12612349436291664,0.13864652309445186,1.0,0.12027393764950665
4,11,1.5385620931936603,0.8623966942148761,3388,0.6564105947812399,0.6245572609208973,847,0.647728182216155,0.6557535263548626,0.4151200953516747,0.07211936270853861,0.07199458649398827,0.1044963695436027,0.688967346978102,,0.6889672999838748,0.31103270001612515,0.8471776636552453,0.4720639252467858,5,0.001,1.0,0.16002158288882118,0.1377958854605196,0.13545628692942246,0.1394541762427637,0.12974096367564705,0.13059265577348736,0.1359189742415575,0.12355325456916065,0.12349726478270785,0.12574806036565545,0.12027393764950665,1.0
5,0,1.5750714306245912,0.8559374578784202,7419,0.6428015201256193,0.6592991913746631,1855,0.6376417585053523,0.6753526354862658,0.5587125428183484,0.10354927986645796,0.10318075958775398,0.10318075958775398,0.9999999999903082,,0.7012976260740946,0.2987023739259054,0.8508169107351435,0.4742555505320569,5,0.001,1.0,1.0,0.2038081378133379,0.18752436070723913,0.1929826843170198,0.1870578595975439,0.18139289219274574,0.1712150639015604,0.16634163414038966,0.16783559218628905,0.1727728813525708,0.1672874366972287,0.1581118799268391
5,1,1.588941752307257,0.8534436191762322,5924,0.6430800607863892,0.6617150573936529,1481,0.6376417585053523,0.6753526354862658,0.5194128763384245,0.09390715948410816,0.09363208793229005,0.10318075958775398,0.9074568582890654,,0.7012976260740946,0.2987023739259054,0.8508169107351435,0.4742555505320569,5,0.001,1.0,0.2038081378133379,1.0,0.1838641771652284,0.18056703544695102,0.16411754830089162,0.16205928513170403,0.16672932066528573,0.14613791243710345,0.15807184275329889,0.16599355563393628,0.15609842095010137,0.1385265451467215
5,2,1.5705804762664748,0.8585318985395849,5204,0.641388096460482,0.6694850115295926,1301,0.6376417585053523,0.6753526354862658,0.49857751275349566,0.0894396474419383,0.08920191874736604,0.10318075958775398,0.8645208574049735,,0.7012976260740946,0.2987023739259054,0.8508169107351435,0.4742555505320569,5,0.001,1.0,0.18752436070723913,0.1838641771652284,1.0,0.16617589582678777,0.16724027730823726,0.16152325695903108,0.15871131576987604,0.14376954534118858,0.1532994502435379,0.15548407380568638,0.14597433684979355,0.13099717252658893
5,3,1.5718169554305457,0.855314670595664,4751,0.6477758241327185,0.6304713804713805,1188,0.6376417585053523,0.6753526354862658,0.49171522509710375,0.08652221233905807,0.08630695244904062,0.10318075958775398,0.8364636274537322,,0.7012976260740946,0.2987023739259054,0.8508169107351435,0.4742555505320569,5,0.001,1.0,0.1929826843170198,0.18056703544695102,0.16617589582678777,1.0,0.16142616562651022,0.15578159581028087,0.1610770778807796,0.14612299778736396,0.1483724337896102,0.15373660991631452,0.14352619649347007,0.1396271633341599
5,4,1.6158561751300053,0.8520090293453725,4430,0.6374810338020325,0.6723826714801444,1108,0.6376417585053523,0.6753526354862658,0.47468924121031236,0.08466047243311944,0.08445878560876478,0.10318075958775398,0.8185516945735901,,0.7012976260740946,0.2987023739259054,0.8508169107351435,0.4742555505320569,5,0.001,1.0,0.1870578595975439,0.16411754830089162,0.16724027730823726,0.16142616562651022,1.0,0.1450341601763299,0.1550394596980982,0.14882708799861485,0.13623198958481839,0.13820796772310293,0.13722491281806304,0.12645538512595397
5,5,1.554665145926348,0.8566650740563784,4186,0.6451472387169347,0.6466093600764088,1047,0.6376417585053523,0.6753526354862658,0.4603217831784616,0.08069254905887908,0.08051786654669738,0.10318075958775398,0.7803573734833532,,0.7012976260740946,0.2987023739259054,0.8508169107351435,0.4742555505320569,5,0.001,1.0,0.18139289219274574,0.16205928513170403,0.16152325695903108,0.15578159581028087,0.1450341601763299,1.0,0.14398631159472464,0.13406840402314885,0.13559522228406493,0.14485246337585525,0.13619773408515268,0.13137860126671289
5,6,1.4974686512947082,0.8637775551102205,3992,0.6515323482453823,0.6513026052104208,998,0.6376417585053523,0.6753526354862658,0.46638289890828455,0.08173702765154904,0.08155548601189677,0.10318075958775398,0.7904137005479631,,0.7012976260740946,0.2987023739259054,0.8508169107351435,0.4742555505320569,5,0.001,1.0,0.1712150639015604,0.16672932066528573,0.15871131576987604,0.1610770778807796,0.1550394596980982,0.14398631159472464,1.0,0.1437833837861414,0.1447427466701082,0.14909215744499155,0.13311619184740398,0.13158995440373247
5,7,1.5575900906386475,0.8591490472461498,3831,0.6324699600537618,0.6878914405010439,958,0.6376428272831751,0.6753526354862658,0.43400493958284864,0.0760598808344404,0.07591354796792228,0.10318075958775398,0.7357335638009429,,0.7012976260740946,0.2987023739259054,0.8508169107351435,0.4742555505320569,5,0.001,1.0,0.16634163414038966,0.14613791243710345,0.14376954534118858,0.14612299778736396,0.14882708799861485,0.13406840402314885,0.1437833837861414,1.0,0.13874254056659652,0.1229954102463283,0.12241838293593177,0.12046569425250653
5,8,1.54679657570247,0.8591991341991342,3696,0.643874061518702,0.6677489177489178,924,0.6376417055549078,0.6753526354862658,0.4436410541320063,0.07778191020293623,0.07762542803233825,0.10318075958775398,0.7523246421302651,,0.7012976260740946,0.2987023739259054,0.8508169107351435,0.4742555505320569,5,0.001,1.0,0.16783559218628905,0.15807184275329889,0.1532994502435379,0.1483724337896102,0.13623198958481839,0.13559522228406493,0.1447427466701082,0.13874254056659652,1.0,0.13322845146624046,0.1313449271474084,0.12260586695977886
5,9,1.5569038385126208,0.8596814752724224,3579,0.6397412355457034,0.6536312849162011,895,0.6376416912554562,0.6753526354862658,0.44968325728713143,0.07833528618933484,0.07817544585440435,0.10318075958775398,0.7576552660204001,,0.7012976260740946,0.2987023739259054,0.8508169107351435,0.4742555505320569,5,0.001,1.0,0.1727728813525708,0.16599355563393628,0.15548407380568638,0.15373660991631452,0.13820796772310293,0.14485246337585525,0.14909215744499155,0.1229954102463283,0.13322845146624046,1.0,0.13952349569188288,0.12137709818000142
5,10,1.581955860531248,0.8580960598216854,3477,0.6449913169656482,0.6540229885057471,870,0.63764443037912,0.6752041573867854,0.4319331182825836,0.07503909321169648,0.07489856470809657,0.10318075958775398,0.7258966207131897,,0.7012976260740946,0.2987023739259054,0.8508169107351435,0.4742555505320569,5,0.001,1.0,0.1672874366972287,0.15609842095010137,0.14597433684979355,0.14352619649347007,0.13722491281806304,0.13619773408515268,0.13311619184740398,0.12241838293593177,0.1313449271474084,0.13952349569188288,1.0,0.12097899046843567
5,11,1.5055601835110277,0.8655253837072019,3388,0.6473305181220725,0.641086186540732,847,0.6376477118908934,0.6753526354862658,0.41057460250808947,0.07227548128648181,0.07214989412804847,0.10318075958775398,0.6992572492741401,,0.6992572215772505,0.30074277842274955,0.850816405288828,0.4742555490845161,5,0.001,1.0,0.1581118799268391,0.1385265451467215,0.13099717252658893,0.1396271633341599,0.12645538512595397,0.13137860126671289,0.13158995440373247,0.12046569425250653,0.12260586695977886,0.12137709818000142,0.12097899046843567,1.0
6,0,1.5657506906788732,0.8557217953902143,7419,0.633948550142091,0.6738544474393531,1855,0.6274574489604832,0.6933184855233853,0.5656382649172409,0.10266440229710713,0.10230522295314468,0.10230522295314468,0.9999999999902253,,0.7012977808260473,0.2987022191739527,0.8532089368786585,0.47686177406749086,5,0.001,1.0,1.0,0.2068199375917308,0.19838624607060995,0.2011383470136501,0.1913948710095554,0.18625234419163314,0.17749389467863552,0.17095105325643734,0.1725160725321228,0.18145945294418642,0.1771718338935962,0.16523397564329503
