round,client_id,client_i_training_loss,client_i_training_accuracy,client_i_training_dataset_size,client_i_evaluation_loss,client_i_evaluation_accuracy,client_i_evaluation_dataset_size,client_i_central_evaluation_loss,client_i_central_evaluation_accuracy,client_i_cosine_similarity,client_i_importance_coefficient,client_i_tanh_val,tanh_normalization_value,client_i_q,client_i_mask_order,client_i_v_nonzero_fraction,client_i_v_sparsity,client_i_v_cosine_similarity,client_i_reward_gradient_norm,local_epochs,learning_rate,gamma,client_0_cosine_similarity,client_1_cosine_similarity,client_2_cosine_similarity,client_3_cosine_similarity,client_4_cosine_similarity,client_5_cosine_similarity,client_6_cosine_similarity,client_7_cosine_similarity,client_8_cosine_similarity,client_9_cosine_similarity,client_10_cosine_similarity,client_11_cosine_similarity
0,0,2.016072088085724,0.40930119308497687,8214,2.259507805802101,0.32724616508400295,1369,2.2576510365397784,0.3386,0.9673177742002337,0.08168126892815271,,,0.7,,0.7000125651211567,0.2999874348788433,0,0.09860308397808892,5,0.001,0.1,1.0,0.9810026751395392,0.9715931009453563,0.9575338629430378,0.9632357713171894,0.9483515657846419,0.9418201453186269,0.9300595633623812,0.922727589709507,0.9237790725372034,0.915511862987117,0.9164559400050016
0,1,2.1102392356372572,0.37058107696988135,6574,2.2582254069192067,0.3266423357664234,1096,2.2576264527659067,0.3385,0.9882676398902036,0.08345029629338015,,,0.892349782297847,,0.8923700718145001,0.10762992818549988,0,0.09861649469312794,5,0.001,0.1,0.9810026751395392,1.0,0.989835373988859,0.9811451622033327,0.9770379835701883,0.9748682560963434,0.97434736540842,0.9650497200572573,0.9618194809057388,0.9591908018345516,0.9499791296025372,0.947301127162917
0,2,2.1623262753144155,0.3568044267681134,5783,2.2618962180229927,0.31431535269709543,964,2.2576259652646584,0.3385,0.9945466400593305,0.08398050127368087,,,0.949999999891268,,0.95001498149061,0.04998501850938997,0,0.09861684910632912,5,0.001,0.1,0.9715931009453563,0.989835373988859,1.0,0.9860835213385499,0.9862421101761714,0.9816233807987474,0.9840521597389061,0.9785934946587392,0.9736152721068076,0.9750829980594841,0.9670527287968393,0.9668134458489696
0,3,2.176155378875962,0.34412710421789294,5287,2.256350517272949,0.3518728717366629,881,2.25762571694371,0.3385,0.9930011727458959,0.08385000048623004,,,0.9358103957340491,,0.9358212273223727,0.06417877267762728,0,0.09861678627483812,5,0.001,0.1,0.9575338629430378,0.9811451622033327,0.9860835213385499,1.0,0.9792490830814797,0.980673453780002,0.9871556638962875,0.9828851445467504,0.9824296206544972,0.9791924802485367,0.9781261218812931,0.9665329900466771
0,4,2.182237783247425,0.35302938196555217,4935,2.2533314869954038,0.36009732360097324,822,2.2576257329398453,0.3385,0.9926281620578951,0.08381850309506005,,,0.932385623198821,,0.9324044809155141,0.06759551908448591,0,0.0986167827816082,5,0.001,0.1,0.9632357713171894,0.9770379835701883,0.9862421101761714,0.9792490830814797,1.0,0.991763448869249,0.9858281173589606,0.9744876767836865,0.975191261834927,0.9781721785350483,0.9640680012686499,0.977926606946035
0,5,2.197085078611766,0.3764731090636383,4667,2.254671936035156,0.35475578406169667,778,2.2576257451273762,0.3385,0.9922773842972903,0.08378888307425389,,,0.9291649807906187,,0.9291810440649133,0.07081895593508669,0,0.09861675686829657,5,0.001,0.1,0.9483515657846419,0.9748682560963434,0.9816233807987474,0.980673453780002,0.991763448869249,1.0,0.9911949233484619,0.9791204732016265,0.9808944981368758,0.9816719566228919,0.9721274485624278,0.9844015786524718
0,6,2.2015048108782085,0.35921850437907027,4453,2.2564969758192697,0.33557951482479786,742,2.257625699424134,0.3385,0.9930583869054582,0.08385483170641263,,,0.936335703690625,,0.9363479958631755,0.06365200413682448,0,0.09861678673845238,5,0.001,0.1,0.9418201453186269,0.97434736540842,0.9840521597389061,0.9871556638962875,0.9858281173589606,0.9911949233484619,1.0,0.985373395828058,0.9869837638192428,0.9886769423302953,0.9799748888579323,0.9779947069586865
0,7,2.213588835232293,0.2987608136544307,4277,2.252541728641676,0.37727910238429174,713,2.2576264558127894,0.3385,0.9884497209438851,0.08346567139751775,,,0.89402154724157,,0.8940373667372247,0.10596263326277533,0,0.09861650000284267,5,0.001,0.1,0.9300595633623812,0.9650497200572573,0.9785934946587392,0.9828851445467504,0.9744876767836865,0.9791204732016265,0.985373395828058,1.0,0.9922385321314708,0.9916374787231008,0.9873273395053815,0.9758658567119644
0,8,2.2163185479090766,0.3199321869702107,4129,2.2559214396910234,0.33430232558139533,688,2.2576268115363565,0.3385,0.9865877613825779,0.08330844569184288,,,0.8769260908045255,,0.8769488019640251,0.12305119803597486,0,0.09861633844099905,5,0.001,0.1,0.922727589709507,0.9618194809057388,0.9736152721068076,0.9824296206544972,0.975191261834927,0.9808944981368758,0.9869837638192428,0.9922385321314708,1.0,0.9930197191514811,0.9830479726541373,0.9747642255283553
0,9,2.217539761179969,0.30137465633591604,4001,2.262495370138259,0.3118440779610195,667,2.2576268062043114,0.3385,0.9870959315072705,0.08335135607943561,,,0.8815918206140338,,0.8816123950087472,0.11838760499125278,0,0.09861635929497764,5,0.001,0.1,0.9237790725372034,0.9591908018345516,0.9750829980594841,0.9791924802485367,0.9781721785350483,0.9816719566228919,0.9886769423302953,0.9916374787231008,0.9930197191514811,1.0,0.9855349368682403,0.9787876711373816
0,10,2.218150827532909,0.3108254049884289,3889,2.263324056352888,0.3132716049382716,648,2.2576290509952144,0.3385,0.980256225689266,0.08277380455995506,,,0.818793521830458,,0.8188206183972705,0.1811793816027295,0,0.09861505266356106,5,0.001,0.1,0.915511862987117,0.9499791296025372,0.9670527287968393,0.9781261218812931,0.9640680012686499,0.9721274485624278,0.9799748888579323,0.9873273395053815,0.9830479726541373,0.9855349368682403,1.0,0.9761396694763018
0,11,2.2258346786018177,0.34550250593510945,3791,2.252957510948181,0.37183544303797467,632,2.2576305995733974,0.3385,0.9791031465064187,0.08267643741407844,,,0.8082066028938353,,0.8082272547143368,0.19177274528566324,0,0.09861463875656694,5,0.001,0.1,0.9164559400050016,0.947301127162917,0.9668134458489696,0.9665329900466771,0.977926606946035,0.9844015786524718,0.9779947069586865,0.9758658567119644,0.9747642255283553,0.9787876711373816,0.9761396694763018,1.0
1,0,1.7914708831430872,0.48843438032627223,8214,2.2006638992664427,0.3389335281227173,1369,2.198458981590149,0.348,0.9796649142268945,0.08185325941172238,,,0.7,,0.7000125651211567,0.2999874348788433,0.9717294436373944,0.0993951735413253,5,0.001,0.1,1.0,0.9929311428244014,0.9886357467157542,0.9821583369403132,0.9807399121299347,0.9707942823311323,0.9695844388019822,0.9681586041231326,0.9627710911025832,0.9612516106396262,0.9554835716144496,0.9540152096702944
1,1,1.9112374091611326,0.4562823243078795,6574,2.1979034900665284,0.33485401459854014,1096,2.198430528275121,0.3478,0.9925128443450781,0.08335540977611075,,,0.8940707427599556,,0.8940856941262891,0.10591430587371087,0.9717362216645802,0.09940826974991328,5,0.001,0.1,0.9929311428244014,1.0,0.9961580460066451,0.9930696734387595,0.9910433558043562,0.9876386291737497,0.985611385256119,0.9844196716163186,0.9813255500153973,0.9796671578799497,0.9743794239120476,0.9732693328057972
1,2,1.988518101207459,0.42880857686321977,5783,2.203143281321372,0.32261410788381745,964,2.198430132180357,0.3478,0.9958281009666947,0.08378831456512859,,,0.9499999998708046,,0.95001498149061,0.04998501850938997,0.9717325422056698,0.09940867784406643,5,0.001,0.1,0.9886357467157542,0.9961580460066451,1.0,0.9947295507029226,0.9953236434916933,0.9903868393938181,0.9896582517877721,0.9897429393601481,0.9865771619114312,0.9856347427208615,0.9807630065436086,0.9813646227638497
1,3,2.01578045896737,0.41146207679213165,5287,2.1972558328083585,0.3564131668558456,881,2.198430106281853,0.3478,0.9974879290918277,0.0837618120370421,,,0.9465759982310915,,0.9465982350837514,0.053401764916248595,0.9717285052534385,0.09940867661587127,5,0.001,0.1,0.9821583369403132,0.9930696734387595,0.9947295507029226,1.0,0.9960573616127003,0.9939618064155467,0.9944438100443282,0.9919429166714534,0.9910721716203641,0.9900184121926412,0.9867853046167285,0.9844272611308229
1,4,2.0318071649920557,0.41422492401215805,4935,2.1926028636785655,0.3734793187347932,822,2.198430112375619,0.3478,0.997727483135434,0.08375020801804743,,,0.9450768137029086,,0.9450952532838461,0.05490474671615386,0.9717285036686039,0.09940867601958735,5,0.001,0.1,0.9807399121299347,0.9910433558043562,0.9953236434916933,0.9960573616127003,1.0,0.994388296288084,0.9943847388277751,0.9922923099882461,0.9926976921414941,0.991346013444028,0.9856298247552492,0.9876077016044987
1,5,2.0594140688033953,0.4434111849153632,4667,2.194164752960205,0.36246786632390743,778,2.1984304102084127,0.3478,0.9974959652462291,0.0837245263654224,,,0.9417588653014692,,0.9417799943940228,0.058220005605977176,0.9717268528987014,0.09940865674549682,5,0.001,0.1,0.9707942823311323,0.9876386291737497,0.9903868393938181,0.9939618064155467,0.994388296288084,1.0,0.9974136632005643,0.993284274155309,0.9943804163127663,0.9925112261202202,0.991346057302559,0.9925616588687423
1,6,2.0673489683015007,0.42196272176061084,4453,2.1947889626026154,0.3504043126684636,742,2.198430088762277,0.3478,0.9972714904596013,0.08375778193754592,,,0.946055328382612,,0.9460811320207615,0.053918867979238505,0.9717284733180657,0.09940867643230897,5,0.001,0.1,0.9695844388019822,0.985611385256119,0.9896582517877721,0.9944438100443282,0.9943847388277751,0.9974136632005643,1.0,0.9931471740279121,0.9942035117715601,0.993651202209598,0.9920330151311205,0.9918365075468158
1,7,2.086836172573602,0.39691372457329904,4277,2.193805912266607,0.3856942496493689,713,2.19843065776764,0.3478,0.9964756091987905,0.08349298108417515,,,0.9118443069592937,,0.9118653405631107,0.08813465943688925,0.9717352098504387,0.09940851127227097,5,0.001,0.1,0.9681586041231326,0.9844196716163186,0.9897429393601481,0.9919429166714534,0.9922923099882461,0.993284274155309,0.9931471740279121,1.0,0.9957909423440962,0.9968026697134469,0.9918529045903508,0.9890709833922209
1,8,2.095824834750249,0.40474691208525065,4129,2.1979015090248804,0.3444767441860465,688,2.1984308222993114,0.3478,0.9956190283896372,0.08336869916655033,,,0.8957876693304104,,0.8958013164380781,0.10419868356192186,0.9717392719256006,0.09940827276529969,5,0.001,0.1,0.9627710911025832,0.9813255500153973,0.9865771619114312,0.9910721716203641,0.9926976921414941,0.9943804163127663,0.9942035117715601,0.9957909423440962,1.0,0.9963853828557632,0.9906267086115174,0.9903792384940477
1,9,2.0999590184953476,0.38270432391902026,4001,2.20706345921471,0.3193403298350825,667,2.1984303241339735,0.3478,0.995113676220507,0.08337872047087551,,,0.897082374587565,,0.8971013232039126,0.10289867679608744,0.9717431651570315,0.09940832001486988,5,0.001,0.1,0.9612516106396262,0.9796671578799497,0.9856347427208615,0.9900184121926412,0.991346013444028,0.9925112261202202,0.993651202209598,0.9968026697134469,0.9963853828557632,1.0,0.9925637036173043,0.9903664143614929
1,10,2.0991613757414895,0.3680123425044999,3889,2.203896340869722,0.3194444444444444,648,2.198433779299069,0.3478,0.9919898786832088,0.08292292022214048,,,0.8381951320589546,,0.8382143996288457,0.1617856003711543,0.9717413012766,0.09940747123132034,5,0.001,0.1,0.9554835716144496,0.9743794239120476,0.9807630065436086,0.9867853046167285,0.9856298247552492,0.991346057302559,0.9920330151311205,0.9918529045903508,0.9906267086115174,0.9925637036173043,1.0,0.9915387408348504
1,11,2.1132675216979337,0.4292271168557109,3791,2.1912516236305235,0.3813291139240506,632,2.1984355228777512,0.3478,0.9914412379911476,0.08284536694523902,,,0.8281756144337236,,0.8282057973535921,0.17179420264640788,0.9717454771320967,0.09940729682906722,5,0.001,0.1,0.9540152096702944,0.9732693328057972,0.9813646227638497,0.9844272611308229,0.9876077016044987,0.9925616588687423,0.9918365075468158,0.9890709833922209,0.9903792384940477,0.9903664143614929,0.9915387408348504,1.0
2,0,1.6113951375048448,0.5419527635743852,8214,2.12834178569705,0.3995617238860482,1369,2.1258667825509945,0.4108,0.9858335070225424,0.08209389730823069,,,0.7,,0.7000125651211567,0.2999874348788433,0.9893464125211682,0.09958794323870769,5,0.001,0.1,1.0,0.9944463478565742,0.9913659295404054,0.9870988735339014,0.9860782411669191,0.9798962477622793,0.9796584293512722,0.978120570893716,0.9740711824618095,0.973520989541592,0.9707119741339958,0.9689865103803149
2,1,1.7277977981613677,0.5281411621539398,6574,2.1238289356231688,0.416970802919708,1096,2.125826422779705,0.4102,0.9947881342932514,0.08330526896870159,,,0.8919994169494585,,0.8920172818743295,0.10798271812567051,0.9894500980147718,0.09960873448586587,5,0.001,0.1,0.9944463478565742,1.0,0.9969327474753453,0.9947337262924983,0.9933957155335922,0.9915783837179275,0.9906891796107345,0.9896625925468994,0.9869566829759946,0.9860434162186341,0.9835765938325646,0.9827683248833248
2,2,1.809612147847592,0.49323880338924436,5783,2.131267193825014,0.3848547717842324,964,2.1258277260838225,0.4102,0.9970288325551885,0.08364339186311254,,,0.945591060788087,,0.9456171890857424,0.05438281091425756,0.9894508280506263,0.09960967393557854,5,0.001,0.1,0.9913659295404054,0.9969327474753453,1.0,0.9957554512267685,0.9965027532813832,0.9934888071418905,0.9935409165767715,0.9934774941646777,0.9905563188593834,0.9903756720687467,0.9873575358422834,0.988137453772631
2,3,1.8439661370702536,0.47425761301305086,5287,2.1247112921306064,0.41657207718501704,881,2.1258279149905563,0.4102,0.9982572265173403,0.0836668095581997,,,0.9493027076341822,,0.949323899826988,0.05067610017301205,0.9894508266370211,0.09960967490646959,5,0.001,0.1,0.9870988735339014,0.9947337262924983,0.9957554512267685,1.0,0.9971584337903072,0.9963777174260465,0.9967429009327572,0.994564456249898,0.9936550398418542,0.9932556291719803,0.9920962918324043,0.9906619073972014
2,4,1.8626928869370492,0.47704154002026344,4935,2.1183268381999087,0.4343065693430657,822,2.125827911943673,0.4102,0.9985512734469597,0.0836691864124772,,,0.9496794331680084,,0.9497008534616909,0.050299146538309136,0.9894508257636313,0.09960967500189248,5,0.001,0.1,0.9860782411669191,0.9933957155335922,0.9965027532813832,0.9971584337903072,1.0,0.9966734738292393,0.9969215171086909,0.9951773791333532,0.9947494223796985,0.9945712846449446,0.9914753850884993,0.9928955242615303
2,5,1.8977472404911093,0.5014356117420184,4667,2.1207167530059814,0.42159383033419023,778,2.1258280741901823,0.4102,0.9984180084974874,0.08364911669216832,,,0.9464984320571308,,0.9465257440001547,0.053474255999845344,0.9894521198343009,0.09960967417383933,5,0.001,0.1,0.9798962477622793,0.9915783837179275,0.9934888071418905,0.9963777174260465,0.9966734738292393,1.0,0.9980666311242471,0.9964308757858087,0.9967492725629764,0.9955024535603402,0.9942113966618739,0.9949590807756322
2,6,1.9079259950774057,0.4883898495396362,4453,2.1197416484355927,0.4191374663072776,742,2.125827917275718,0.4102,0.998469972305343,0.08367120894665846,,,0.9499999998415024,,0.95001498149061,0.04998501850938997,0.9894508248601812,0.0996096750581382,5,0.001,0.1,0.9796584293512722,0.9906891796107345,0.9935409165767715,0.9967429009327572,0.9969215171086909,0.9980666311242471,1.0,0.9965585395402216,0.9967977739347179,0.9962026540741948,0.9946983318844225,0.9946704971777348
2,7,1.934898807753378,0.4575169511339724,4277,2.121312493863313,0.426367461430575,713,2.125828181592801,0.4102,0.9979043419365602,0.08349039086991765,,,0.9213407811714357,,0.9213568397753743,0.0786431602246257,0.9894480339993716,0.09960949123861935,5,0.001,0.1,0.978120570893716,0.9896625925468994,0.9934774941646777,0.994564456249898,0.9951773791333532,0.9964308757858087,0.9965585395402216,1.0,0.9967458962535491,0.9972196463093613,0.9956075905688777,0.9942344940388513
2,8,1.9520612470920269,0.46689271009929767,4129,2.126679160378196,0.40406976744186046,688,2.125828392589435,0.4102,0.9970011649491793,0.0833849231487407,,,0.9046244077959098,,0.9046403958979712,0.09535960410202882,0.9894442405725256,0.09960942437915066,5,0.001,0.1,0.9740711824618095,0.9869566829759946,0.9905563188593834,0.9936550398418542,0.9947494223796985,0.9967492725629764,0.9967977739347179,0.9967458962535491,1.0,0.9972747431030946,0.9950652514418672,0.9943337104400185
2,9,1.9547794054424952,0.441089727568108,4001,2.138393515632266,0.38980509745127434,667,2.125828070381579,0.4102,0.9968337857485627,0.08338566703930698,,,0.9047423126137799,,0.9047660471095389,0.0952339528904611,0.9894425047676252,0.0996094245799825,5,0.001,0.1,0.973520989541592,0.9860434162186341,0.9903756720687467,0.9932556291719803,0.9945712846449446,0.9955024535603402,0.9962026540741948,0.9972196463093613,0.9972747431030946,1.0,0.995890621588826,0.9951081219749628
2,10,1.9519225978460468,0.426690665980972,3889,2.131044966833932,0.3765432098765432,648,2.1258305817747267,0.4102,0.9950778761806849,0.08304915223121771,,,0.8514055464862954,,0.8514222750601677,0.14857772493983235,0.989434236755884,0.09960798881563342,5,0.001,0.1,0.9707119741339958,0.9835765938325646,0.9873575358422834,0.9920962918324043,0.9914753850884993,0.9942113966618739,0.9946983318844225,0.9956075905688777,0.9950652514418672,0.995890621588826,1.0,0.9933039317509152
2,11,1.9725005991318647,0.4973885518332894,3791,2.1158485770225526,0.4462025316455696,632,2.1258320625597675,0.4102,0.9947510037777219,0.08299098696126847,,,0.8421864948266081,,0.8422014092266651,0.1577985907733349,0.9894342382146746,0.09960783305802084,5,0.001,0.1,0.9689865103803149,0.9827683248833248,0.988137453772631,0.9906619073972014,0.9928955242615303,0.9949590807756322,0.9946704971777348,0.9942344940388513,0.9943337104400185,0.9951081219749628,0.9933039317509152,1.0
3,0,1.4692078816751561,0.5852203554906258,8214,2.0423452410587046,0.5127830533235939,1369,2.0396183340694196,0.5267,0.98786274672288,0.08228557163281933,,,0.7,,0.7000125651211567,0.2999874348788433,0.995694332331913,0.09964563186979947,5,0.001,0.1,1.0,0.9949904944056622,0.9921912672101814,0.9888852083849182,0.987838170618546,0.9826483097048705,0.9828524097892986,0.9813466592025246,0.9781780809582828,0.9771574695795598,0.9759409736126136,0.9741390142375076
3,1,1.5732887478129378,0.5823547307575296,6574,2.0355699913842336,0.5255474452554745,1096,2.0395472377253037,0.5264,0.995815690260449,0.08328582892549646,,,0.8889071581262787,,0.8889291617131093,0.11107083828689068,0.9957344996270758,0.09967561541998822,5,0.001,0.1,0.9949904944056622,1.0,0.9972073445263232,0.9955670964322318,0.9946464632095315,0.9928832211502984,0.9924055898834532,0.9916855426905099,0.9891200192551844,0.9886625594620626,0.9873377890659573,0.9866222744152714
3,2,1.6496459698808785,0.5514438872557497,5783,2.0458849976139684,0.5072614107883817,964,2.039550164256233,0.5264,0.997596173307287,0.0835508335343729,,,0.938955548595122,,0.9389818385671895,0.06101816143281047,0.9957339388568661,0.09967675872645908,5,0.001,0.1,0.9921912672101814,0.9972073445263232,1.0,0.9963792925531783,0.9970198516679243,0.9946486484121231,0.9948035376915706,0.9947167387655567,0.9921847667546531,0.9920673881291842,0.9903939197222698,0.9907478050183549
3,3,1.6862241090062153,0.5262719878948364,5287,2.0384451746940613,0.5187287173666288,881,2.0395506391890894,0.5264,0.998485112902863,0.08359391593224075,,,0.9470920284849098,,0.9471201708856477,0.052879829114352295,0.995734179190283,0.09967676790026879,5,0.001,0.1,0.9888852083849182,0.9955670964322318,0.9963792925531783,1.0,0.9975309285353575,0.9968413950712213,0.99721011796747,0.99571448261101,0.9945721275976281,0.9938757260194079,0.9938027742954476,0.992557904846641
3,4,1.7015907433725173,0.5330496453900709,4935,2.0302863900478068,0.559610705596107,822,2.0395506349996255,0.5264,0.9989166788035531,0.08360931354636406,,,0.9499999998111414,,0.95001498149061,0.04998501850938997,0.9957341858320998,0.09967676847633129,5,0.001,0.1,0.987838170618546,0.9946464632095315,0.9970198516679243,0.9975309285353575,1.0,0.9973239498828473,0.9976700128802414,0.9963324433294967,0.9958080633525502,0.9954530767530839,0.9941169544019998,0.9943426444474054
3,5,1.7404834530124926,0.5585601028497964,4667,2.0340540599823,0.5308483290488432,778,2.039550593104987,0.5264,0.9985934412982358,0.0835865571333663,,,0.9457022562805253,,0.9457283420805908,0.054271657919409244,0.9957341714510269,0.09967676757525913,5,0.001,0.1,0.9826483097048705,0.9928832211502984,0.9946486484121231,0.9968413950712213,0.9973239498828473,1.0,0.9981414009500261,0.9970967106417569,0.9965931221074226,0.9962355981537009,0.9954457482853086,0.9963008303378309
3,6,1.7495463735716683,0.5543678419043342,4453,2.0312809397776923,0.5350404312668463,742,2.0395506479488774,0.5264,0.9987125258271826,0.08360396085691706,,,0.9489890985568662,,0.9490049390591624,0.05099506094083761,0.9957341819237868,0.09967676826967323,5,0.001,0.1,0.9828524097892986,0.9924055898834532,0.9948035376915706,0.99721011796747,0.9976700128802414,0.9981414009500261,1.0,0.9972299745503886,0.9968059559349156,0.9966493921562168,0.9962792384340182,0.9955336829928366
3,7,1.7790972787942458,0.52410568155249,4277,2.034998090370842,0.520336605890603,713,2.039550829238404,0.5264,0.9982706030896417,0.08347872390376214,,,0.9253370271487493,,0.9253535148510067,0.0746464851489933,0.9957341381980316,0.09967652333067885,5,0.001,0.1,0.9813466592025246,0.9916855426905099,0.9947167387655567,0.99571448261101,0.9963324433294967,0.9970967106417569,0.9972299745503886,1.0,0.9966302497028755,0.9975424874214667,0.9963276742813393,0.995671727501464
3,8,1.8007803363983448,0.5315572777912327,4129,2.0419477061791853,0.5261627906976745,688,2.0395507850586037,0.5264,0.9972665436468701,0.08338157128102709,,,0.9069889221164212,,0.9070132707010371,0.0929867292989629,0.995734717165039,0.09967645318654393,5,0.001,0.1,0.9781780809582828,0.9891200192551844,0.9921847667546531,0.9945721275976281,0.9958080633525502,0.9965931221074226,0.9968059559349156,0.9966302497028755,1.0,0.9973293867034357,0.9957591816714165,0.995276545184675
3,9,1.8001627133006142,0.5114721319670082,4001,2.0561319646381198,0.5232383808095952,667,2.0395506848923315,0.5264,0.9972303467806304,0.08338085867750454,,,0.906854340836883,,0.9068779540116566,0.0931220459883434,0.9957347238780134,0.09967645304997526,5,0.001,0.1,0.9771574695795598,0.9886625594620626,0.9920673881291842,0.9938757260194079,0.9954530767530839,0.9962355981537009,0.9966493921562168,0.9975424874214667,0.9973293867034357,1.0,0.9965073629645071,0.9963405830217583
3,10,1.799303768697332,0.499357161223965,3889,2.0445636510849,0.4984567901234568,648,2.039552356869268,0.5264,0.9963268079259964,0.08314516503042124,,,0.8623415765862398,,0.862358763205459,0.137641236794541,0.9957320243762141,0.09967505347942088,5,0.001,0.1,0.9759409736126136,0.9873377890659573,0.9903939197222698,0.9938027742954476,0.9941169544019998,0.9954457482853086,0.9962792384340182,0.9963276742813393,0.9957591816714165,0.9965073629645071,1.0,0.9951121685799672
3,11,1.8219468112753219,0.5604853600633078,3791,2.0262877106666566,0.5775316455696202,632,2.03955340385437,0.5264,0.9959623673298827,0.08309769954570832,,,0.8533773131993613,,0.8533988652729048,0.14660113472709524,0.9957338355970502,0.09967482369710318,5,0.001,0.1,0.9741390142375076,0.9866222744152714,0.9907478050183549,0.992557904846641,0.9943426444474054,0.9963008303378309,0.9955336829928366,0.995671727501464,0.995276545184675,0.9963405830217583,0.9951121685799672,1.0
4,0,1.3536546738695079,0.6162405648892135,8214,1.9439367388570032,0.5617238860482103,1369,1.940932827635695,0.5798,0.9885961500841971,0.08241858314854586,,,0.7,,0.7000125651211567,0.2999874348788433,0.9971554142246986,0.09966267753850744,5,0.001,0.1,1.0,0.9949107333546724,0.9924165460070248,0.9893459118185866,0.9881370273624465,0.9837129704801485,0.9838011615778972,0.9821640857317904,0.9811826413315454,0.9790391070648727,0.9777363116374117,0.9755331575778258
4,1,1.443630902454691,0.6262549437176756,6574,1.9345589331218174,0.5948905109489051,1096,1.9407887051280694,0.5794,0.9962232660349706,0.08327867450696726,,,0.8879403413221576,,0.8879577811929132,0.11204221880708676,0.9972930273876769,0.09970101617948322,5,0.001,0.1,0.9949107333546724,1.0,0.9970363236164551,0.9956949572350485,0.9947697025005172,0.9935274287018232,0.9931917180129041,0.9920912854476777,0.9913632837039525,0.9897409472987551,0.988893199591327,0.9878685943838789
4,2,1.5119779516320202,0.5945702922358638,5783,1.948136564223997,0.5477178423236515,964,1.9407926900699115,0.5794,0.9977280737204985,0.08348988306960636,,,0.9340919611052131,,0.9341056050105837,0.0658943949894163,0.9972968032686361,0.099702059977589,5,0.001,0.1,0.9924165460070248,0.9970363236164551,1.0,0.9963351934198718,0.9968540145306181,0.9949278385923385,0.9951528447020016,0.9947601939661552,0.9938109378056581,0.9928127484010817,0.9914161909396728,0.9915171766623118
4,3,1.54584437357374,0.5795725364100625,5287,1.9397541880607605,0.5709421112372304,881,1.9407928736446003,0.5794,0.9985161422616714,0.08354176996777508,,,0.9454298745216152,,0.9454577087018297,0.05454229129817034,0.9973001664298551,0.09970240249017931,5,0.001,0.1,0.9893459118185866,0.9956949572350485,0.9963351934198718,1.0,0.9970897273200783,0.9970921982080135,0.9969696516085547,0.995916138554396,0.9960036676102124,0.9942499468548504,0.9943925454646131,0.9933319756032796
4,4,1.5578025277199283,0.5908004052684904,4935,1.9297195948087251,0.6034063260340633,822,1.9407928778340642,0.5794,0.9988711952101043,0.0835626847177179,,,0.9499999997814879,,0.95001498149061,0.04998501850938997,0.9973001742472363,0.09970240337085161,5,0.001,0.1,0.9881370273624465,0.9947697025005172,0.9968540145306181,0.9970897273200783,1.0,0.9971383875418199,0.9977025585410771,0.9963083616170474,0.9966474372233378,0.996094667926178,0.994953997044046,0.9949576056247512
4,5,1.597103846236451,0.6051853439040069,4667,1.9353670930862428,0.5758354755784062,778,1.940792572003203,0.5794,0.9986252664052492,0.08354077872379316,,,0.9452132757493195,,0.945235402712133,0.05476459728786698,0.9973001664258854,0.09970240243354744,5,0.001,0.1,0.9837129704801485,0.9935274287018232,0.9949278385923385,0.9970921982080135,0.9971383875418199,1.0,0.9979810897947956,0.9972195698697617,0.9973749795748034,0.9962388741698713,0.9958947443148459,0.9965561575682602
4,6,1.6027022755146028,0.6112283853581855,4453,1.9305171817541122,0.5902964959568733,742,1.9407928801192262,0.5794,0.9987588535103284,0.08355577211893461,,,0.9484895135267043,,0.9485119996907047,0.051488000309295345,0.997300173758326,0.09970240310305221,5,0.001,0.1,0.9838011615778972,0.9931917180129041,0.9951528447020016,0.9969696516085547,0.9977025585410771,0.9979810897947956,1.0,0.9972734892956712,0.9973053497411861,0.9970058565349338,0.9966049121193536,0.9962726159272515
4,7,1.632119827484017,0.5755903670797288,4277,1.9360181456026824,0.5848527349228612,713,1.9407936387930433,0.5794,0.9981961109880411,0.0834607511383908,,,0.9277262825730213,,0.9277408878707919,0.0722591121292081,0.9972926275534675,0.09970204447805342,5,0.001,0.1,0.9821640857317904,0.9920912854476777,0.9947601939661552,0.995916138554396,0.9963083616170474,0.9972195698697617,0.9972734892956712,1.0,0.9969329261206505,0.9971867926787578,0.996655219207252,0.9960140011074061
4,8,1.6565306911101707,0.5829014289174134,4129,1.9447163614359768,0.5784883720930233,688,1.9407932167997757,0.5794,0.9980457112860681,0.08339627983743367,,,0.9136385252798824,,0.9136582866974029,0.0863417133025971,0.9972922376476225,0.09970199950836166,5,0.001,0.1,0.9811826413315454,0.9913632837039525,0.9938109378056581,0.9960036676102124,0.9966474372233378,0.9973749795748034,0.9973053497411861,0.9969329261206505,1.0,0.9974031707319984,0.9966443016691371,0.9960452086940316
4,9,1.6561905648973254,0.5632591852036991,4001,1.9611668302899314,0.5562218890554723,667,1.9407933996127436,0.5794,0.9974325964016475,0.08337604178167347,,,0.909216265865198,,0.9092363305980031,0.09076366940199687,0.997291964681803,0.09970197499154312,5,0.001,0.1,0.9790391070648727,0.9897409472987551,0.9928127484010817,0.9942499468548504,0.996094667926178,0.9962388741698713,0.9970058565349338,0.9971867926787578,0.9974031707319984,1.0,0.9969922851021505,0.9966024311671053
4,10,1.6526337054909253,0.5581897660066856,3889,1.9457352785837083,0.5740740740740741,648,1.9407952921078229,0.5793,0.996810490666386,0.08321132601355553,,,0.8732238827559842,,0.8732324257449667,0.12676757425503327,0.9972998026849367,0.09970047538732717,5,0.001,0.1,0.9777363116374117,0.988893199591327,0.9914161909396728,0.9943925454646131,0.994953997044046,0.9958947443148459,0.9966049121193536,0.996655219207252,0.9966443016691371,0.9969922851021505,1.0,0.9957399618148877
4,11,1.674751356469483,0.6053284093906621,3791,1.9239857494831085,0.634493670886076,632,1.9407962244539596,0.5794,0.9963539051357079,0.0831674549756065,,,0.863637531532282,,0.863653937232387,0.13634606276761296,0.9972937950561593,0.09970033066862648,5,0.001,0.1,0.9755331575778258,0.9878685943838789,0.9915171766623118,0.9933319756032796,0.9949576056247512,0.9965561575682602,0.9962726159272515,0.9960140011074061,0.9960452086940316,0.9966024311671053,0.9957399618148877,1.0
5,0,1.2575968841170522,0.6417336255174093,8214,1.8347299265307049,0.5909422936449964,1369,1.8312927709219935,0.5996,0.9885825286523705,0.08250095982962266,,,0.7,,0.7000125651211567,0.2999874348788433,0.9978472030280523,0.09965390899948383,5,0.001,0.1,1.0,0.9946743803937723,0.9923256420031752,0.989327652448031,0.9879766804865054,0.9834535795660475,0.9837858074199312,0.9818881687678247,0.9816501141580145,0.9788342011943739,0.9781001054015795,0.9753366321334328
5,1,1.3338822195830855,0.6557651353818071,6574,1.8221544538225447,0.6094890510948905,1096,1.8310292525032459,0.5996,0.9958884638780553,0.0832646820309133,,,0.8842888386907054,,0.8843090633185452,0.1156909366814548,0.9979988749111978,0.09969709507152305,5,0.001,0.1,0.9946743803937723,1.0,0.9968585588450295,0.99515694980542,0.9944002572459248,0.9929359407743281,0.9924430048162397,0.9915086640608818,0.9912790664953227,0.9892774375421461,0.9887531829545946,0.9873421406044463
5,2,1.3941052461855978,0.6259726785405499,5783,1.8394908251300934,0.5726141078838174,964,1.831032783840411,0.5996,0.9977516334455129,0.08345445685719859,,,0.9300821681104101,,0.9300992644571384,0.06990073554286158,0.9979977885685474,0.09969811378750774,5,0.001,0.1,0.9923256420031752,0.9968585588450295,1.0,0.9961323507081343,0.9969462136320472,0.9947858292120748,0.9950514943449658,0.9945794040106908,0.9942334464333729,0.9925836935963351,0.9917716114994302,0.9916014878534872
5,3,1.425485913437533,0.6196330622281067,5287,1.8300874871867043,0.5947786606129398,881,1.831032354991657,0.5995,0.9984005042159281,0.08350725162742835,,,0.9428217308442727,,0.9428431969534414,0.05715680304655857,0.9979979594929136,0.09969847063389113,5,0.001,0.1,0.989327652448031,0.99515694980542,0.9961323507081343,1.0,0.9971841835998536,0.9966344293721933,0.9966345531899328,0.9955878322222779,0.9957158852440886,0.9944555692969271,0.9943265546779853,0.9934345990904906
5,4,1.431491611157694,0.6282877406281662,4935,1.8181634545326233,0.6289537712895377,822,1.8310323340443377,0.5995,0.9989242288103676,0.08353699951327824,,,0.9499999997586964,,0.95001498149061,0.04998501850938997,0.9979978050832109,0.09969848800350771,5,0.001,0.1,0.9879766804865054,0.9944002572459248,0.9969462136320472,0.9971841835998536,1.0,0.997176450762293,0.9975190619743797,0.9963323355366209,0.9971519434759348,0.995866405446021,0.995322831204283,0.9949602219997773
5,5,1.470951640769227,0.640925648167988,4667,1.8258984661102295,0.5976863753213367,778,1.8310318004589874,0.5995,0.9984943194890047,0.08350967322493369,,,0.9434060707931194,,0.9434279583611216,0.05657204163887841,0.9979979626796606,0.09969847078315082,5,0.001,0.1,0.9834535795660475,0.9929359407743281,0.9947858292120748,0.9966344293721933,0.997176450762293,1.0,0.9977312818577804,0.997114595581757,0.9969302208385159,0.9963265624169115,0.9958635380603422,0.9966987831468633
5,6,1.47209916472435,0.6481922299573322,4453,1.8188474774360657,0.605121293800539,742,1.8310323652748863,0.5995,0.9985646202112145,0.08352114391936324,,,0.9461739894837458,,0.9461971177545162,0.053802882245483796,0.9979978021155473,0.09969848725655281,5,0.001,0.1,0.9837858074199312,0.9924430048162397,0.9950514943449658,0.9966345531899328,0.9975190619743797,0.9977312818577804,1.0,0.997160222775922,0.9972502726981514,0.9966683512037483,0.9964243055354761,0.9958239876933296
5,7,1.5005348484907577,0.6104278700023381,4277,1.8261798516563748,0.6016830294530154,713,1.8310339283257628,0.5996,0.9981226488952217,0.08344856314301823,,,0.9286599942623303,,0.9286736064797363,0.07132639352026371,0.9979979447479415,0.09969811330603763,5,0.001,0.1,0.9818881687678247,0.9915086640608818,0.9945794040106908,0.9955878322222779,0.9963323355366209,0.997114595581757,0.997160222775922,1.0,0.9971316951985209,0.9970723655372995,0.996619151413963,0.9962012617007714
5,8,1.5240749059273646,0.6256720755630903,4129,1.8365129394964739,0.5886627906976745,688,1.8310332477283173,0.5996,0.9982449307733842,0.08341295136004752,,,0.9200667464605953,,0.9200858294429786,0.07991417055702144,0.9979981431845014,0.09969808730759465,5,0.001,0.1,0.9816501141580145,0.9912790664953227,0.9942334464333729,0.9957158852440886,0.9971519434759348,0.9969302208385159,0.9972502726981514,0.9971316951985209,1.0,0.997964710212086,0.9970486428935501,0.9963007757470643
5,9,1.531727945804596,0.6026493376655836,4001,1.8550700743993123,0.5757121439280359,667,1.8310337203760116,0.5996,0.9974013012470283,0.08337328709903288,,,0.9104956215311913,,0.9105218391471183,0.08947816085288174,0.9979980926971642,0.0996980585297173,5,0.001,0.1,0.9788342011943739,0.9892774375421461,0.9925836935963351,0.9944555692969271,0.995866405446021,0.9963265624169115,0.9966683512037483,0.9970723655372995,0.997964710212086,1.0,0.9970091025856284,0.9964868592106316
5,10,1.5187909301187172,0.595422987914631,3889,1.8357831069401331,0.5833333333333334,648,1.8310366194849959,0.5996,0.9969599846306625,0.0832579612394642,,,0.8826670882045411,,0.8826852630459787,0.11731473695402128,0.9979914972822713,0.09969709272379618,5,0.001,0.1,0.9781001054015795,0.9887531829545946,0.9917716114994302,0.9943265546779853,0.995322831204283,0.9958635380603422,0.9964243055354761,0.996619151413963,0.9970486428935501,0.9970091025856284,1.0,0.996029530578144
5,11,1.5401024748297298,0.6366657873911896,3791,1.8104442656040192,0.6582278481012658,632,1.8310391647747148,0.5996,0.9963725762461021,0.08321207015569926,,,0.8715934091639064,,0.8716086254724003,0.12839137452759974,0.997994156407877,0.09969640285172078,5,0.001,0.1,0.9753366321334328,0.9873421406044463,0.9916014878534872,0.9934345990904906,0.9949602219997773,0.9966987831468633,0.9958239876933296,0.9962012617007714,0.9963007757470643,0.9964868592106316,0.996029530578144,1.0
6,0,1.1764791611567547,0.6582176771365961,8214,1.7176745215127633,0.5982468955441929,1369,1.7137516596065923,0.6127,0.9885855083094057,0.08255787978645432,,,0.95,,0.95001498149061,0.04998501850938997,0.9977220460334717,0.0996787738519613,5,0.001,0.1,1.0,0.9946137870161424,0.9919825083684713,0.9893250477895543,0.9878313000489001,0.9834905455852953,0.9834413354955108,0.9814836881959861,0.980971230741893,0.9789683787744963,0.9782831192609612,0.9746605068568872
6,1,1.2404072350668676,0.6749011256464862,6574,1.7013564586639405,0.6231751824817519,1096,1.713427002056719,0.613,0.9958189475132849,0.08326017985377392,,,0.95,,0.95001498149061,0.04998501850938997,0.9981894086726452,0.0996787738519613,5,0.001,0.1,0.9946137870161424,1.0,0.9964117340910102,0.9949028261532548,0.9942597237185634,0.9926454562617241,0.9921556878132518,0.9910197059746719,0.9907971720637412,0.9895064391799759,0.9885864557619654,0.9865517587653512
6,2,1.2935209134007026,0.6475877572194363,5783,1.7231565906155495,0.5912863070539419,964,1.7134284870312237,0.6129,0.9975548989873195,0.08343270697148687,,,0.95,,0.95001498149061,0.04998501850938997,0.9981994732179305,0.0996787738519613,5,0.001,0.1,0.9919825083684713,0.9964117340910102,1.0,0.9957567221039143,0.996650975236398,0.9943466661244602,0.9945945307200931,0.9939861017027476,0.993311267258573,0.9925548574925418,0.9915665091481962,0.9910034129883141
6,3,1.3210998456162142,0.639984868545489,5287,1.7125582609857832,0.6152099886492622,881,1.7134281507315345,0.6129,0.9981243074311191,0.08348349638709197,,,0.95,,0.95001498149061,0.04998501850938997,0.9982028398559788,0.0996787738519613,5,0.001,0.1,0.9893250477895543,0.9949028261532548,0.9957567221039143,1.0,0.9966759749482157,0.9963268559995706,0.9957981431648943,0.9951436873507151,0.9944441740843731,0.9942416541395459,0.9937818565312188,0.9925426103464727
6,4,1.3235677272273647,0.6554407294832827,4935,1.698820017851316,0.6447688564476886,822,1.7134281004579683,0.6129,0.9988084448074535,0.08352384821426868,,,0.95,,0.95001498149061,0.04998501850938997,0.9982030717932561,0.0996787738519613,5,0.001,0.1,0.9878313000489001,0.9942597237185634,0.996650975236398,0.9966759749482157,1.0,0.9969737005194257,0.9972069856956189,0.995962495198569,0.9963385579028962,0.9957350074258995,0.9950446810922208,0.9944211671034219
6,5,1.3609224910605444,0.6590957788729377,4667,1.7091621589660644,0.609254498714653,778,1.7134273410224306,0.6129,0.998371829572839,0.08349297699617379,,,0.95,,0.95001498149061,0.04998501850938997,0.9982028400952739,0.0996787738519613,5,0.001,0.1,0.9834905455852953,0.9926454562617241,0.9943466661244602,0.9963268559995706,0.9969737005194257,1.0,0.9973150459762735,0.9967783252968774,0.9962933723716011,0.9960125453200519,0.9953813316033681,0.9962760941627719
6,6,1.3595805064269475,0.6644509319559847,4453,1.699794312318166,0.610512129380054,742,1.7134281316885172,0.6129,0.9984165156879851,0.08350145948401805,,,0.95,,0.95001498149061,0.04998501850938997,0.9982030666409918,0.0996787738519613,5,0.001,0.1,0.9834413354955108,0.9921556878132518,0.9945945307200931,0.9957981431648943,0.9972069856956189,0.9973150459762735,1.0,0.9969725925691691,0.9966087501552086,0.9966949408161367,0.9961552093815371,0.995428706630235
6,7,1.3841062494178316,0.636053308393734,4277,1.7085209307463274,0.6241234221598878,713,1.7134298695542942,0.6129,0.9979193949201578,0.0834408627957788,,,0.95,,0.95001498149061,0.04998501850938997,0.9981994702113364,0.0996787738519613,5,0.001,0.1,0.9814836881959861,0.9910197059746719,0.9939861017027476,0.9951436873507151,0.995962495198569,0.9967783252968774,0.9969725925691691,1.0,0.9962039962669711,0.9969489483788907,0.996135463397416,0.9957799674726635
6,8,1.4130478248229394,0.6469363041898765,4129,1.7205106832764365,0.6031976744186046,688,1.7134289288292297,0.613,0.99763759906671,0.08340990743999645,,,0.95,,0.95001498149061,0.04998501850938997,0.9981991925951859,0.0996787738519613,5,0.001,0.1,0.980971230741893,0.9907971720637412,0.993311267258573,0.9944441740843731,0.9963385579028962,0.9962933723716011,0.9966087501552086,0.9962039962669711,1.0,0.997054172958956,0.9954778462452603,0.9955424399777886
6,9,1.4120970489486815,0.6341914521369657,4001,1.740632170722598,0.5937031484257871,667,1.7134296577959396,0.613,0.9974062419863348,0.08337809429518699,,,0.95,,0.95001498149061,0.04998501850938997,0.9981989204582227,0.0996787738519613,5,0.001,0.1,0.9789683787744963,0.9895064391799759,0.9925548574925418,0.9942416541395459,0.9957350074258995,0.9960125453200519,0.9966949408161367,0.9969489483788907,0.997054172958956,1.0,0.9970041018306168,0.995538641927972
6,10,1.3997540334209067,0.626947801491386,3889,1.7179109028407507,0.5941358024691358,648,1.7134352648220124,0.613,0.9967582180267608,0.08328639238552647,,,0.95,,0.95001498149061,0.04998501850938997,0.9981893756344904,0.0996787738519613,5,0.001,0.1,0.9782831192609612,0.9885864557619654,0.9915665091481962,0.9937818565312188,0.9950446810922208,0.9953813316033681,0.9961552093815371,0.996135463397416,0.9954778462452603,0.9970041018306168,1.0,0.9950969705026651
