round,client_id,client_i_training_loss,client_i_training_accuracy,client_i_training_dataset_size,client_i_evaluation_loss,client_i_evaluation_accuracy,client_i_evaluation_dataset_size,client_i_central_evaluation_loss,client_i_central_evaluation_accuracy,client_i_cosine_similarity,client_i_importance_coefficient,client_i_tanh_val,tanh_normalization_value,client_i_q,client_i_mask_order,client_i_v_nonzero_fraction,client_i_v_sparsity,client_i_v_cosine_similarity,client_i_reward_gradient_norm,local_epochs,learning_rate,gamma,client_0_cosine_similarity,client_1_cosine_similarity,client_2_cosine_similarity,client_3_cosine_similarity,client_4_cosine_similarity,client_5_cosine_similarity,client_6_cosine_similarity,client_7_cosine_similarity,client_8_cosine_similarity,client_9_cosine_similarity,client_10_cosine_similarity,client_11_cosine_similarity
0,0,0.2852906572023689,0.9111029948867787,8214,2.190108282621517,0.3776479181884587,1369,2.1906694474692543,0.3631,0.8019577460709835,0.08517079448011303,,,0.9699999999534471,,0.9700015059484965,0.029998494051503455,0,0.3933823205388856,5,0.1,0.5,1.0,0.5755004730602231,0.573547754997161,0.5799168165042783,0.5726717872018228,0.5837830148799505,0.5861941330482124,0.571318360206908,0.5331184979323581,0.561107289376081,0.5740037739947776,0.5787239929738363
0,1,0.3155931762446767,0.9014298752662002,6574,2.1895635468619212,0.3768248175182482,1096,2.1906792706194014,0.3632,0.7946866004180795,0.08439857268280197,,,0.9340508722347192,,0.9340695748205411,0.0659304251794589,0,0.3933779793438202,5,0.1,0.5,0.5755004730602231,1.0,0.5755578745501703,0.5891731585917679,0.5829473092395613,0.5764279046665101,0.5974376079940991,0.5761965540270574,0.5373063574649604,0.5816618526123821,0.589392325979281,0.5907745921805371
0,2,0.3215574934245061,0.9019540031125713,5783,2.1966215179812525,0.3392116182572614,964,2.190686031652335,0.3632,0.791483801255861,0.0840584239024668,,,0.9182159761074438,,0.9182320164650369,0.08176798353496306,0,0.39337363946109516,5,0.1,0.5,0.573547754997161,0.5755578745501703,1.0,0.5774273373989224,0.5834521887638278,0.6022803346356632,0.6030883756770707,0.5938093177086988,0.5465995628645077,0.5885655704480981,0.5858224941464483,0.5873281355385677
0,3,0.32155453134023065,0.8979383393228674,5287,2.1921872752053395,0.3564131668558456,881,2.1906847626256485,0.3633,0.7928438551516495,0.08420286651357393,,,0.9249401917315013,,0.9249485467597008,0.07505145324029916,0,0.39337568468218365,5,0.1,0.5,0.5799168165042783,0.5891731585917679,0.5774273373989224,1.0,0.5875648647278464,0.5933819350533477,0.6079421536589351,0.5994551695905351,0.5590765252298917,0.5848378327048003,0.5983008483703613,0.5932149352433511
0,4,0.3470276868463524,0.8912259371833839,4935,2.1880620259505053,0.3710462287104623,822,2.190690537991996,0.3629,0.7857513198225804,0.08344961377449307,,,0.889874127789781,,0.8898800261031072,0.11011997389689276,0,0.3933591733905297,5,0.1,0.5,0.5726717872018228,0.5829473092395613,0.5834521887638278,0.5875648647278464,1.0,0.599624780495666,0.5941668465622604,0.594877718894664,0.5519170893858509,0.5854917922338122,0.5854871018113442,0.5944089322822497
0,5,0.3411585682428965,0.892264838225841,4667,2.1901699256896974,0.35989717223650386,778,2.1906860331757763,0.3632,0.7914866784383351,0.08405872946958474,,,0.9182302011285294,,0.9182470759500025,0.08175292404999746,0,0.3933736430503134,5,0.1,0.5,0.5837830148799505,0.5764279046665101,0.6022803346356632,0.5933819350533477,0.599624780495666,1.0,0.6001132827100534,0.6071284692825933,0.556929731983518,0.6016759032270973,0.5941404799086744,0.5923033486666613
0,6,0.3704807215317019,0.8814282506175612,4453,2.185172518094381,0.3706199460916442,742,2.190678357316282,0.3632,0.7951411131194992,0.08444684356499106,,,0.9362980195115167,,0.9363134380804177,0.06368656191958233,0,0.3933784284979831,5,0.1,0.5,0.5861941330482124,0.5974376079940991,0.6030883756770707,0.6079421536589351,0.5941668465622604,0.6001132827100534,1.0,0.604172306010542,0.5599803945854241,0.5880407496380456,0.6005752677651592,0.6120930901631224
0,7,0.375077423247606,0.8817862988075754,4277,2.1924129983653193,0.3450210378681627,713,2.190693085186017,0.3629,0.7848689365830981,0.08335590150360243,,,0.8855115542302282,,0.8855328547763667,0.11446714522363333,0,0.39335641606047267,5,0.1,0.5,0.571318360206908,0.5761965540270574,0.5938093177086988,0.5994551695905351,0.594877718894664,0.6071284692825933,0.604172306010542,1.0,0.5567388292478826,0.5964447728054559,0.596477717044282,0.5869189614577782
0,8,0.41481409017909127,0.8724630661177041,4129,2.1926347234032373,0.3648255813953488,688,2.191278748618909,0.3613,0.7372338777536263,0.07829688707860313,,,0.65,,0.650002509914161,0.349997490085839,0,0.3921429136822572,5,0.1,0.5,0.5331184979323581,0.5373063574649604,0.5465995628645077,0.5590765252298917,0.5519170893858509,0.556929731983518,0.5599803945854241,0.5567388292478826,1.0,0.549993603062489,0.5458820802060182,0.5601637515844143
0,9,0.3848696223943816,0.8793801549612597,4001,2.193752958661034,0.3568215892053973,667,2.1907035420877863,0.3629,0.7768173100209981,0.08250078982906474,,,0.8457036662519658,,0.8457256161839265,0.1542743838160735,0,0.3933119947089039,5,0.1,0.5,0.561107289376081,0.5816618526123821,0.5885655704480981,0.5848378327048003,0.5854917922338122,0.6016759032270973,0.5880407496380456,0.5964447728054559,0.549993603062489,1.0,0.6041831586951144,0.5943927524043476
0,10,0.3783920518870725,0.8809462586783234,3889,2.1918025584447953,0.35030864197530864,648,2.1906965487300396,0.3627,0.7812045020496026,0.0829667253879439,,,0.8673942957746871,,0.867406254706089,0.132593745293911,0,0.39334039797622605,5,0.1,0.5,0.5740037739947776,0.589392325979281,0.5858224941464483,0.5983008483703613,0.5854871018113442,0.5941404799086744,0.6005752677651592,0.596477717044282,0.5458820802060182,0.6041831586951144,1.0,0.6037769767205026
0,11,0.3905354120275554,0.8746504879978897,3791,2.1869943380355834,0.379746835443038,632,2.1906938880396347,0.3627,0.7824015088608567,0.0830938518127613,,,0.8733123935260056,,0.8733246322975754,0.1266753677024246,0,0.39334631076184035,5,0.1,0.5,0.5787239929738363,0.5907745921805371,0.5873281355385677,0.5932149352433511,0.5944089322822497,0.5923033486666613,0.6120930901631224,0.5869189614577782,0.5601637515844143,0.5943927524043476,0.6037769767205026,1.0
1,0,0.2595217719563584,0.9205746286827368,8214,2.027179487915926,0.7363038714390066,1369,2.030347663754472,0.7374,0.799611365448879,0.08412037793989192,,,0.9699999999215686,,0.9700015059484965,0.029998494051503455,0.9575849414195825,0.4059333443302167,5,0.1,0.5,1.0,0.6119669184882076,0.6229990937666195,0.6214149968699495,0.6269074552304746,0.6217783627852704,0.6139599552809742,0.6177593944779058,0.6107483424056165,0.6121919320357281,0.612474529522926,0.6089780621433852
1,1,0.2769189359579525,0.9150593246121083,6574,2.0333727564130513,0.7536496350364964,1096,2.0303759833875175,0.7371,0.8035106008945099,0.08374557196822385,,,0.940603454556416,,0.9406254706089052,0.05937452939109478,0.9575691402208905,0.4059305604305926,5,0.1,0.5,0.6119669184882076,1.0,0.6258509245018506,0.6284607967820043,0.619856975885941,0.6178935765396276,0.6162865510254064,0.6125790059921083,0.6212089358207236,0.6246415160343199,0.6249767576033824,0.6197991364531685
1,2,0.28459986719760777,0.9146117931869272,5783,2.0373867903986285,0.7323651452282157,964,2.03038078527481,0.737,0.8126073513532508,0.08383720960471436,,,0.9477907198133158,,0.9478038251091813,0.052196174890818736,0.957560108833807,0.4059316113671217,5,0.1,0.5,0.6229990937666195,0.6258509245018506,1.0,0.624885469999675,0.6335286672108155,0.6289335914979562,0.6347157650435982,0.6268506596946454,0.6245465591385813,0.6236442975050227,0.6376752043124456,0.6297472959693766
1,3,0.27768264523740993,0.9133724229241535,5287,2.0319277814456393,0.7343927355278093,881,2.030372070809142,0.737,0.8124524964063454,0.08392730358696472,,,0.9548569141553194,,0.9548667235580544,0.04513327644194565,0.9575722177114683,0.4059323728863901,5,0.1,0.5,0.6214149968699495,0.6284607967820043,0.624885469999675,1.0,0.6270823946112515,0.6345773545501285,0.6303232283374093,0.6258514919589618,0.6288317946486823,0.6315470933508938,0.6296747846910112,0.6288899740202019
1,4,0.30451237393242697,0.9081256332320162,4935,2.025395576770489,0.7639902676399026,822,2.030404367766822,0.7369,0.8157237506650943,0.08354318853820938,,,0.9247302451326231,,0.9247427337985041,0.07525726620149586,0.9575394090373486,0.4059269886730366,5,0.1,0.5,0.6269074552304746,0.619856975885941,0.6335286672108155,0.6270823946112515,1.0,0.6384574125893112,0.622917780745336,0.6336233339995123,0.642105576286895,0.6265803239546639,0.6367074757089392,0.6398043314942304
1,5,0.30107997050126123,0.9069209342189843,4667,2.029292416572571,0.7467866323907455,778,2.0303712313929303,0.7371,0.8178183855183114,0.08401871026638986,,,0.9620260651334656,,0.9620450780583304,0.037954921941669606,0.9575639827413585,0.4059329424437856,5,0.1,0.5,0.6217783627852704,0.6178935765396276,0.6289335914979562,0.6345773545501285,0.6384574125893112,1.0,0.6313014263834889,0.6420042015001532,0.6375846208656266,0.6325895478874315,0.6460509871460709,0.6339615790416561
1,6,0.32792917527657534,0.896249719290366,4453,2.0227995266517005,0.7533692722371967,742,2.030362005050952,0.7372,0.8111869626415631,0.08404455133088058,,,0.964052815190847,,0.9640680688720445,0.03593193112795545,0.9575776912081575,0.4059330602896036,5,0.1,0.5,0.6139599552809742,0.6162865510254064,0.6347157650435982,0.6303232283374093,0.622917780745336,0.6313014263834889,1.0,0.6308588213752072,0.6353488573774454,0.6287427697498394,0.6248309742187587,0.6294552059073221
1,7,0.339138452290321,0.8955342529810615,4277,2.0318098690198814,0.7405329593267882,713,2.0304163241157895,0.7369,0.8132976950413271,0.08339683583158737,,,0.9132516020352901,,0.913267406254706,0.08673259374529396,0.9575274972250406,0.4059231286528627,5,0.1,0.5,0.6177593944779058,0.6125790059921083,0.6268506596946454,0.6258514919589618,0.6336233339995123,0.6420042015001532,0.6308588213752072,1.0,0.630655894307335,0.6246288908431313,0.6390360157296502,0.6400285217204772
1,8,0.33121093177290345,0.8978445144102688,4129,2.033335945822976,0.7267441860465116,688,2.0322614820620504,0.7362,0.8129449152061499,0.0800403777420944,,,0.65,,0.650002509914161,0.349997490085839,0.9540810252235827,0.40451413924469537,5,0.1,0.5,0.6107483424056165,0.6212089358207236,0.6245465591385813,0.6288317946486823,0.642105576286895,0.6375846208656266,0.6353488573774454,0.630655894307335,1.0,0.6279683583131904,0.6347057336455677,0.6491973829293374
1,9,0.3559706554234412,0.8929767558110472,4001,2.0339361258915494,0.6926536731634183,667,2.030438471145142,0.7373,0.8107375844774658,0.08274250770185139,,,0.861931751223218,,0.861944681491893,0.13805531850810704,0.9573537310187754,0.40588195424655293,5,0.1,0.5,0.6121919320357281,0.6246415160343199,0.6236442975050227,0.6315470933508938,0.6265803239546639,0.6325895478874315,0.6287427697498394,0.6246288908431313,0.6279683583131904,1.0,0.6423337397877619,0.6277919224614437
1,10,0.3309171344779554,0.8981229107739779,3889,2.0340710481007895,0.7283950617283951,648,2.0304171616276996,0.7368,0.8175526232175431,0.08328761138639414,,,0.9046849793002874,,0.9046985593092717,0.09530144069072832,0.9574825273577888,0.40591939807777006,5,0.1,0.5,0.612474529522926,0.6249767576033824,0.6376752043124456,0.6296747846910112,0.6367074757089392,0.6460509871460709,0.6248309742187587,0.6390360157296502,0.6347057336455677,0.6423337397877619,1.0,0.6388322315458643
1,11,0.34162850120425725,0.8932207860722764,3791,2.026940459012985,0.7151898734177216,632,2.0304174903101813,0.7365,0.8153712657371794,0.08329575410279803,,,0.9053236236930045,,0.9053410973344712,0.09465890266552879,0.957490824572032,0.4059196839931073,5,0.1,0.5,0.6089780621433852,0.6197991364531685,0.6297472959693766,0.6288899740202019,0.6398043314942304,0.6339615790416561,0.6294552059073221,0.6400285217204772,0.6491973829293374,0.6277919224614437,0.6388322315458643,1.0
2,0,0.2361134445599139,0.9293158022887753,8214,1.8282123776369317,0.8787436084733382,1369,1.8338691670292864,0.8705,0.7936717578624257,0.08340454774342708,,,0.883891912546594,,0.8839014105717584,0.11609858942824158,0.9674207198808161,0.40325985493488337,5,0.1,0.5,1.0,0.6120698222633031,0.6111469231197943,0.6234291774858338,0.6143212967376529,0.6111381171075139,0.6034366756349298,0.610066795775467,0.6187523599742311,0.5592279742938213,0.6143631112020301,0.6002042292723536
2,1,0.253398980349031,0.9230301186492242,6574,1.8404974937438965,0.8759124087591241,1096,1.8339039037783686,0.8707,0.8008375745780003,0.08340609951494915,,,0.8840631482661977,,0.8840771045630239,0.11592289543697609,0.9674203601798909,0.40326014837418706,5,0.1,0.5,0.6120698222633031,1.0,0.6153864562049265,0.6214789292684078,0.6204793303703858,0.6179374049521353,0.6180876345044541,0.6196511300777262,0.6188198179129681,0.5651827624495297,0.623848732772464,0.6161588315422979
2,2,0.257044198479277,0.9239840913020924,5783,1.8421325299047655,0.8620331950207469,964,1.833909532132621,0.8707,0.8093423482854695,0.08376336054808227,,,0.9234863811486025,,0.92349781637468,0.07650218362532002,0.9674832432526601,0.40328315712855667,5,0.1,0.5,0.6111469231197943,0.6153864562049265,1.0,0.6289910421350966,0.6306442222269429,0.6301352527870641,0.6293477503833785,0.6287693829540765,0.6335308584250191,0.5750961715694223,0.6226150678250696,0.6257137353734701
2,3,0.24945604336491495,0.9219973519954605,5287,1.8367946105343955,0.8762769580022701,881,1.8338820880975206,0.8708,0.8165868166655055,0.08407565366725847,,,0.9579474704448108,,0.9579589378043271,0.04204106219567294,0.9674985991228973,0.4032896090991934,5,0.1,0.5,0.6234291774858338,0.6214789292684078,0.6289910421350966,1.0,0.6334827015059581,0.6442810014823502,0.634044644330792,0.6261682344430487,0.6445716130455543,0.5836538409915679,0.6352858175493311,0.625904080984624
2,4,0.2722011039718505,0.9169604863221884,4935,1.8268669247627258,0.9063260340632603,822,1.833932979800069,0.8705,0.8110950231981727,0.08362968345024936,,,0.9087353087668937,,0.9087495607650219,0.09125043923497811,0.9674655779380302,0.4032772267424928,5,0.1,0.5,0.6143212967376529,0.6204793303703858,0.6306442222269429,0.6334827015059581,1.0,0.6317241521107091,0.6261397360190835,0.6311641409624453,0.6325419215515482,0.5733017699697066,0.6284257651123404,0.6272965152917149
2,5,0.26439498135794515,0.918148703664024,4667,1.8328521203994752,0.8688946015424165,778,1.8338766334155878,0.8708,0.8179824781333126,0.08418487604215033,,,0.9699999998896514,,0.9700015059484965,0.029998494051503455,0.9675042442647495,0.4032903973947742,5,0.1,0.5,0.6111381171075139,0.6179374049521353,0.6301352527870641,0.6442810014823502,0.6317241521107091,1.0,0.6365530133284262,0.6376427906735953,0.6442049908730524,0.5837227082941083,0.638739298792214,0.6384252689770477
2,6,0.29428415067760005,0.909139905681563,4453,1.8231088717778523,0.8800539083557951,742,1.8338733302137722,0.8706,0.8107637487735041,0.08395028803781228,,,0.9441135564526713,,0.9441293107775715,0.05587068922242855,0.9674993802035677,0.4032879792273959,5,0.1,0.5,0.6034366756349298,0.6180876345044541,0.6293477503833785,0.634044644330792,0.6261397360190835,0.6365530133284262,1.0,0.6263320586086656,0.6299106793770859,0.5785219905043413,0.6279285794463108,0.6337812287916029
2,7,0.29821947941751176,0.9107785831190086,4277,1.833898409553196,0.8779803646563815,713,1.833946858351223,0.8705,0.8135190347704623,0.08361724613143229,,,0.9073628688121127,,0.907379147633151,0.09262085236684903,0.9674595525022214,0.4032765083308024,5,0.1,0.5,0.610066795775467,0.6196511300777262,0.6287693829540765,0.6261682344430487,0.6311641409624453,0.6376427906735953,0.6263320586086656,1.0,0.6401420623108399,0.5779133955652445,0.6371513989685161,0.639030408552562
2,8,0.3001473743389719,0.9087430370549769,4129,1.8374605070460925,0.8633720930232558,688,1.8378915710571093,0.8701,0.8175074371174225,0.08153264403571023,,,0.6773300741183285,,0.6773455147833944,0.32265448521660556,0.9639159277958111,0.4021723870397847,5,0.1,0.5,0.6187523599742311,0.6188198179129681,0.6335308584250191,0.6445716130455543,0.6325419215515482,0.6442049908730524,0.6299106793770859,0.6401420623108399,1.0,0.585961621364204,0.6366185367550218,0.6418073342545979
2,9,0.33212174934938266,0.9047238190452387,4001,1.8403194631849016,0.8365817091454273,667,1.835560359513036,0.8701,0.759064026802373,0.0812849735682921,,,0.65,,0.650002509914161,0.349997490085839,0.9639014087710679,0.40177139237332016,5,0.1,0.5,0.5592279742938213,0.5651827624495297,0.5750961715694223,0.5836538409915679,0.5733017699697066,0.5837227082941083,0.5785219905043413,0.5779133955652445,0.585961621364204,1.0,0.5812016955703233,0.5866722539964012
2,10,0.29508059684370386,0.9093340190280278,3889,1.8400078330721175,0.8657407407407407,648,1.833951116369936,0.8704,0.8149118858538265,0.08359345125016564,,,0.90473713843968,,0.9047487575924903,0.0952512424075097,0.9674510581874737,0.4032751397695011,5,0.1,0.5,0.6143631112020301,0.623848732772464,0.6226150678250696,0.6352858175493311,0.6284257651123404,0.638739298792214,0.6279285794463108,0.6371513989685161,0.6366185367550218,0.5812016955703233,1.0,0.6415911306715596
2,11,0.2992288228406125,0.9074122922711686,3791,1.8309965789318086,0.8401898734177216,632,1.8339565893331655,0.8703,0.8137168366803588,0.08355717601047095,,,0.9007342187542977,,0.9007579940766026,0.09924200592339738,0.967447010216039,0.40327278677939793,5,0.1,0.5,0.6002042292723536,0.6161588315422979,0.6257137353734701,0.625904080984624,0.6272965152917149,0.6384252689770477,0.6337812287916029,0.639030408552562,0.6418073342545979,0.5866722539964012,0.6415911306715596,1.0
3,0,0.2210027051777923,0.9332846359873387,8214,1.604943314263987,0.9079620160701242,1369,1.6133526952121966,0.9108,0.789778541479687,0.08344576806692423,,,0.9257725234090073,,0.9257918779177752,0.07420812208222483,0.9667412225910753,0.394154638858513,5,0.1,0.5,1.0,0.6040905889707345,0.6098939777788293,0.6044509849173075,0.6089595747597748,0.6046188068708555,0.5907957529366793,0.6064495034107089,0.6055395584675443,0.4272570013769852,0.5964127413681156,0.6081628651612109
3,1,0.23175694546164963,0.9299361119561911,6574,1.622438601085118,0.9197080291970803,1096,1.613391952392773,0.9108,0.7984981917626245,0.08375323868346361,,,0.9366184104300643,,0.9366347070930174,0.06336529290698256,0.9667481627747546,0.3941579504652996,5,0.1,0.5,0.6040905889707345,1.0,0.613557810688722,0.6100596008597965,0.6079041216744979,0.6130384262235887,0.6053356481818403,0.6087278325650359,0.6184680352779992,0.43822057210801546,0.6163228697411063,0.6135911961789022
3,2,0.2357041836803707,0.928998789555594,5783,1.622922578165608,0.9035269709543569,964,1.6133973095744563,0.911,0.8038981626314203,0.08418155884972954,,,0.9517272106934731,,0.9517443903418503,0.04825560965814968,0.9668099323527009,0.3941608204605791,5,0.1,0.5,0.6098939777788293,0.613557810688722,1.0,0.6101379561303893,0.6205181208439928,0.620622920935184,0.6136769859581244,0.6163631973290176,0.6203910785833728,0.43597379694192806,0.6156203681471146,0.621737864642688
3,3,0.23567236791510718,0.9291847928882164,5287,1.6180226334503718,0.9182746878547106,881,1.613355509770183,0.9111,0.8045181717824906,0.08441187110798491,,,0.959851371501803,,0.9598614527383164,0.040138547261683644,0.9668256277826467,0.39416176321691127,5,0.1,0.5,0.6044509849173075,0.6100596008597965,0.6101379561303893,1.0,0.622518268198884,0.6276369567612032,0.6218825688448413,0.6175786684680702,0.6284175999231297,0.43063179023339987,0.6181289679013146,0.6113810944826825
3,4,0.24689719753520142,0.926403242147923,4935,1.6043187563235943,0.9391727493917275,822,1.6134258501065044,0.9108,0.8041109242385862,0.0840997775127088,,,0.9488424109954041,,0.9488529692284524,0.051147030771547586,0.966792778551452,0.3941603799206014,5,0.1,0.5,0.6089595747597748,0.6079041216744979,0.6205181208439928,0.622518268198884,1.0,0.6174359213261612,0.6100307558713806,0.6128896321458951,0.6290432782694392,0.432550201630457,0.6169602696692884,0.6223691589276578
3,5,0.24632322868230205,0.9248339404328262,4667,1.6133175277709961,0.9138817480719794,778,1.6133431988402296,0.911,0.8106296177520863,0.08469957510531272,,,0.9699999999647254,,0.9700015059484965,0.029998494051503455,0.9668274664909261,0.3941625242812245,5,0.1,0.5,0.6046188068708555,0.6130384262235887,0.620622920935184,0.6276369567612032,0.6174359213261612,1.0,0.6201453723247876,0.6303257128879565,0.6334991862525928,0.4362338137745218,0.6282272214331415,0.6284665602328836
3,6,0.2656764837228028,0.9208174264540759,4453,1.5987265358368556,0.9191374663072777,742,1.613351594525785,0.9111,0.8014962421846322,0.08422196279616471,,,0.9531524416413045,,0.9531700215852618,0.04682997841473824,0.9668200995908529,0.39416101296270334,5,0.1,0.5,0.5907957529366793,0.6053356481818403,0.6136769859581244,0.6218825688448413,0.6100307558713806,0.6201453723247876,1.0,0.619088981177479,0.6217921854489964,0.431065011016156,0.6168667141547407,0.6240767820171981
3,7,0.2681554462232474,0.921346738368015,4277,1.6115193004193513,0.9144460028050491,713,1.613443529263091,0.911,0.8065913518881793,0.08417864252171156,,,0.9516243385408252,,0.951638973947091,0.04836102605290904,0.9667914937612044,0.39416081146039655,5,0.1,0.5,0.6064495034107089,0.6087278325650359,0.6163631973290176,0.6175786684680702,0.6128896321458951,0.6303257128879565,0.619088981177479,1.0,0.6304786502586841,0.4278080365924657,0.6232751911295789,0.6314547242003369
3,8,0.2646627684539327,0.922305643012836,4129,1.6160876859318127,0.9011627906976745,688,1.618400602294995,0.9102,0.8118282117169127,0.08297075800530493,,,0.9090167581909397,,0.9090306711510466,0.09096932884895337,0.9639092514214035,0.3941467890568219,5,0.1,0.5,0.6055395584675443,0.6184680352779992,0.6203910785833728,0.6284175999231297,0.6290432782694392,0.6334991862525928,0.6217921854489964,0.6304786502586841,1.0,0.43313749180012745,0.6239171358543106,0.6384151983051847
3,9,0.37426511465561657,0.9014746313421644,4001,1.6233217886516027,0.8845577211394303,667,1.6167988560070246,0.9108,0.6075909378043041,0.07562787842520416,,,0.65,,0.650002509914161,0.349997490085839,0.9629237498076855,0.3925815820602041,5,0.1,0.5,0.4272570013769852,0.43822057210801546,0.43597379694192806,0.43063179023339987,0.432550201630457,0.4362338137745218,0.431065011016156,0.4278080365924657,0.43313749180012745,1.0,0.43808537540330356,0.43073214528135867
3,10,0.26779639214796364,0.9181280534841861,3889,1.6214670737584431,0.9089506172839507,648,1.6134491557130417,0.9107,0.8062017215853745,0.084149061516254,,,0.9505808819439867,,0.9506048893127855,0.04939511068721447,0.9667881173624594,0.3941606680343435,5,0.1,0.5,0.5964127413681156,0.6163228697411063,0.6156203681471146,0.6181289679013146,0.6169602696692884,0.6282272214331415,0.6168667141547407,0.6232751911295789,0.6239171358543106,0.43808537540330356,1.0,0.6271915695649334
3,11,0.2656279354997981,0.9168029543656028,3791,1.6126254498958588,0.8955696202531646,632,1.6134606736917465,0.9107,0.8100450917710457,0.08425990740923672,,,0.9544909207163741,,0.9545002760905577,0.04549972390944235,0.9667795190161391,0.39416116040098087,5,0.1,0.5,0.6081628651612109,0.6135911961789022,0.621737864642688,0.6113810944826825,0.6223691589276578,0.6284665602328836,0.6240767820171981,0.6314547242003369,0.6384151983051847,0.43073214528135867,0.6271915695649334,1.0
4,0,0.2048023366101144,0.9383491599707816,8214,1.364591737126195,0.929145361577794,1369,1.3747262756664531,0.9301,0.7884130181508043,0.08347127125316908,,,0.9086999343923604,,0.9087144219667688,0.09128557803323123,0.9663335181747678,0.39335941870911995,5,0.1,0.5,1.0,0.5994329196327953,0.5946369160827657,0.5995570556200809,0.5934711102234105,0.5974619487730395,0.5766009618453488,0.5969774986289785,0.5142610940806859,0.5864427116422182,0.5885513108128163,0.5944784949391786
4,1,0.2140588423937957,0.9358685731670217,6574,1.386229736464364,0.9352189781021898,1096,1.374750318618628,0.9301,0.7924586519935132,0.08381894156229884,,,0.9253074066148608,,0.925330053712163,0.07466994628783696,0.9663498313733977,0.39336676098242074,5,0.1,0.5,0.5994329196327953,1.0,0.6006558871943115,0.5960783992680024,0.5876768548632411,0.5977766303740186,0.5851572826394476,0.5977555372194154,0.5202914358017505,0.5865164416321995,0.6068650548186619,0.600106487109013
4,2,0.2168273258949141,0.9354314369704305,5783,1.3845045720377276,0.9325726141078838,964,1.3747623587568727,0.9302,0.7903658007676738,0.08403150607246357,,,0.9354611617827564,,0.935480146578987,0.06451985342101296,0.9663569459554989,0.39336976074893254,5,0.1,0.5,0.5946369160827657,0.6006558871943115,1.0,0.5993614503595762,0.5881769469067042,0.5931223140860055,0.5832043667100368,0.5999730509883491,0.5157832421926636,0.5867719690660524,0.5941331898911277,0.600836899905758
4,3,0.21150796040836498,0.935161717420087,5287,1.381696445601327,0.9341657207718501,881,1.3747111254225906,0.9303,0.7983834781787725,0.08446729443187023,,,0.9562778461060475,,0.9562973746297877,0.0437026253702123,0.9663628987320081,0.3933736029968185,5,0.1,0.5,0.5995570556200809,0.5960783992680024,0.5993614503595762,1.0,0.5959314352196744,0.6082170831884846,0.5958767670866026,0.6045366919711648,0.5286188596340173,0.5987075955812001,0.60043581085268,0.6044961420813705
4,4,0.23251494930275987,0.9319554204660587,4935,1.3645572937451875,0.9464720194647201,822,1.3747835943874078,0.9302,0.7883616945053273,0.0839064001606684,,,0.9294851180986999,,0.9294965112193163,0.07050348878068369,0.9663536766058576,0.3933680868280138,5,0.1,0.5,0.5934711102234105,0.5876768548632411,0.5881769469067042,0.5959314352196744,1.0,0.5997309859007837,0.5754778083512968,0.5942482749534737,0.5238852158196696,0.5840678076806874,0.5917486292347317,0.6036453398854544
4,5,0.22194743823221796,0.9344332547675166,4667,1.3762218713760377,0.9305912596401028,778,1.3746849119472808,0.9303,0.8010868484221357,0.08475456183811436,,,0.9699999999522321,,0.9700015059484965,0.029998494051503455,0.9663633352524861,0.39337489954949334,5,0.1,0.5,0.5974619487730395,0.5977766303740186,0.5931223140860055,0.6082170831884846,0.5997309859007837,1.0,0.5970412596669182,0.6113801282598933,0.531789375356134,0.5974648193789684,0.6075529703143705,0.6141130064234848
4,6,0.25050697900754,0.9243655962272626,4453,1.3556920637687047,0.9366576819407008,742,1.3747010893715075,0.9303,0.7825819654071297,0.083784801444664,,,0.9236766057083565,,0.923693589679233,0.07630641032076702,0.9663484589338855,0.39336619489880287,5,0.1,0.5,0.5766009618453488,0.5851572826394476,0.5832043667100368,0.5958767670866026,0.5754778083512968,0.5970412596669182,1.0,0.5908553454779218,0.5089911070205159,0.5815428216251864,0.5872470856052258,0.6008191684059401
4,7,0.24430663092756894,0.927191956979191,4277,1.3700473930524744,0.9284712482468443,713,1.374819076480195,0.9301,0.7984722863502312,0.08431460073401252,,,0.9489839924776768,,0.9489935244214648,0.051006475578535215,0.966358867418264,0.3933725291053764,5,0.1,0.5,0.5969774986289785,0.5977555372194154,0.5999730509883491,0.6045366919711648,0.5942482749534737,0.6113801282598933,0.5908553454779218,1.0,0.5297933629740793,0.5892928250152062,0.6003077004637952,0.6176378088660425
4,8,0.3047103188176138,0.9155727779123274,4129,1.3758153102614663,0.934593023255814,688,1.3807170726239872,0.9299,0.7154894293882039,0.08058976026110456,,,0.7710562745718703,,0.771075749209377,0.22892425079062295,0.9655581872144227,0.3930082653271514,5,0.1,0.5,0.5142610940806859,0.5202914358017505,0.5157832421926636,0.5286188596340173,0.5238852158196696,0.531789375356134,0.5089911070205159,0.5297933629740793,1.0,0.5182383618605645,0.5241410988270597,0.5405372414898747
4,9,0.2580006977487799,0.9229692576855786,4001,1.3883971202941168,0.9070464767616192,667,1.3806689421589764,0.93,0.7829309778704295,0.07805549906598559,,,0.65,,0.650002509914161,0.349997490085839,0.9621221490818438,0.39171420938194945,5,0.1,0.5,0.5864427116422182,0.5865164416321995,0.5867719690660524,0.5987075955812001,0.5840678076806874,0.5974648193789684,0.5815428216251864,0.5892928250152062,0.5182383618605645,1.0,0.5943111417424595,0.60566162926369
4,10,0.24227230629853172,0.9281049112882489,3889,1.3843724273499989,0.9243827160493827,648,1.3748250377063933,0.9301,0.7958753590325512,0.08420352407766507,,,0.9436780965285061,,0.9436925857135686,0.05630741428643138,0.9663604360269707,0.39337161302178725,5,0.1,0.5,0.5885513108128163,0.6068650548186619,0.5941331898911277,0.60043581085268,0.5917486292347317,0.6075529703143705,0.5872470856052258,0.6003077004637952,0.5241410988270597,0.5943111417424595,1.0,0.6137730676869355
4,11,0.2434255478121027,0.9273015035610657,3791,1.376905804872513,0.9145569620253164,632,1.374829301818872,0.9302,0.8050971737316385,0.0846018390979837,,,0.9627047590361679,,0.962722754881783,0.03727724511821695,0.966360920786314,0.3933743110033506,5,0.1,0.5,0.5944784949391786,0.600106487109013,0.600836899905758,0.6044961420813705,0.6036453398854544,0.6141130064234848,0.6008191684059401,0.6176378088660425,0.5405372414898747,0.60566162926369,0.6137730676869355,1.0
5,0,0.19405895000439616,0.942317993669345,8214,1.1127052085344182,0.9393718042366691,1369,1.1241076954256612,0.9398,0.7815345901813622,0.08337430635978603,,,0.905892328777504,,0.9059083379348426,0.0940916620651574,0.967354701077766,0.3915370991603549,5,0.1,0.5,1.0,0.5839912401188119,0.5795721179415282,0.5845243630049991,0.5876765725084052,0.5833398299048826,0.5627326025266798,0.5789198538122095,0.5743364690528746,0.5627042610852677,0.5685136830424977,0.5761867588350392
5,1,0.20440718743484468,0.9372680255552175,6574,1.1364895650318692,0.9443430656934306,1096,1.124133709901438,0.9398,0.7795574030988749,0.08353730694252569,,,0.9155692178223669,,0.9155915867677326,0.08440841323226744,0.9673718621314857,0.3915431936137243,5,0.1,0.5,0.5839912401188119,1.0,0.5753860998823664,0.5756926968778069,0.5734044376721391,0.5735344809494068,0.5682663288746561,0.5773438671475593,0.5793962876301764,0.5600531068951486,0.5839906947341613,0.5714409990732338
5,2,0.20026589890437727,0.9398927892097527,5783,1.1341337773107714,0.941908713692946,964,1.1241214831416217,0.9397,0.7849686621575223,0.08387010088960972,,,0.935326264371567,,0.9353496310426184,0.06465036895738163,0.9673939720784972,0.39155123340874115,5,0.1,0.5,0.5795721179415282,0.5753860998823664,1.0,0.5851394879849738,0.5847667042701438,0.5765721432479324,0.5731072447773901,0.5823273170024973,0.5821437022718567,0.561465146056288,0.5831055598314041,0.5882800249165301
5,3,0.19549470975411584,0.9412142992245129,5287,1.1326733444418227,0.9409761634506243,881,1.124077764182045,0.9398,0.7883732796250412,0.08428158969341756,,,0.9597552046288647,,0.9597660760002008,0.04023392399979919,0.9674024699396079,0.3915561671457904,5,0.1,0.5,0.5845243630049991,0.5756926968778069,0.5851394879849738,1.0,0.5792126805584368,0.5908184487972462,0.5813014112924745,0.5819140216566786,0.595362739493732,0.5736148943318596,0.5765366597784894,0.5787374369495821
5,4,0.21254211756611063,0.9380344478216819,4935,1.1131370686567748,0.9501216545012166,822,1.1241458300203562,0.9397,0.785366829753803,0.08380041320598501,,,0.9311891013572057,,0.9312082726770744,0.0687917273229256,0.9673904191057537,0.3915499527816905,5,0.1,0.5,0.5876765725084052,0.5734044376721391,0.5847667042701438,0.5792126805584368,1.0,0.5840719053595159,0.5726511112278999,0.5830048558604541,0.5840115033996474,0.5594106948583397,0.5781450172998851,0.5897808962629487
5,5,0.20699421321552197,0.9374330404971073,4667,1.1269891309738158,0.9344473007712082,778,1.1240454973123324,0.9398,0.7878153827086833,0.08445415626911404,,,0.9699999999406328,,0.9700015059484965,0.029998494051503455,0.9674070492910867,0.3915570843446682,5,0.1,0.5,0.5833398299048826,0.5735344809494068,0.5765721432479324,0.5908184487972462,0.5840719053595159,1.0,0.577672034663389,0.5888234886719792,0.5897255488861685,0.5622728284821703,0.5825649724386489,0.5857238050906003
5,6,0.22592383874979402,0.9290815180777005,4453,1.1018224706252415,0.9380053908355795,742,1.1240685549787819,0.9397,0.7763294451764778,0.08340078653985482,,,0.9074643830616468,,0.9074795441995884,0.09252045580041157,0.9673669301591129,0.39153813273386706,5,0.1,0.5,0.5627326025266798,0.5682663288746561,0.5731072447773901,0.5813014112924745,0.5726511112278999,0.577672034663389,1.0,0.5776053295146869,0.5732804415366365,0.5532828579847657,0.5729072590455218,0.5788189075736218
5,7,0.22964252449933495,0.9301379471592237,4277,1.1157324547352998,0.9467040673211781,713,1.1241938182340263,0.9398,0.7879724192345203,0.08416530388236607,,,0.9528516410211534,,0.9528688318859495,0.04713116811405049,0.967404788325823,0.39155521433033535,5,0.1,0.5,0.5789198538122095,0.5773438671475593,0.5823273170024973,0.5819140216566786,0.5830048558604541,0.5888234886719792,0.5776053295146869,1.0,0.5865795128156369,0.5614034161137883,0.5843687084783317,0.596204436736051
5,8,0.2267347201290809,0.9327682247517559,4129,1.1238745938647876,0.9433139534883721,688,1.1306585941832668,0.939,0.7876657204813562,0.08166217281798066,,,0.8042477454541366,,0.8042618342452688,0.19573816575473124,0.9664536891559212,0.39132957401694496,5,0.1,0.5,0.5743364690528746,0.5793962876301764,0.5821437022718567,0.595362739493732,0.5840115033996474,0.5897255488861685,0.5732804415366365,0.5865795128156369,1.0,0.5657595555671779,0.5841016507081493,0.5994390391414215
5,9,0.23617730223839836,0.9297675581104724,4001,1.142363116854713,0.9220389805097451,667,1.1320762518114937,0.9394,0.7620385079483186,0.0790639749592742,,,0.65,,0.650002509914161,0.349997490085839,0.9631173488844968,0.3898684304976447,5,0.1,0.5,0.5627042610852677,0.5600531068951486,0.561465146056288,0.5736148943318596,0.5594106948583397,0.5622728284821703,0.5532828579847657,0.5614034161137883,0.5657595555671779,1.0,0.563687850849567,0.5652359357242699
5,10,0.22218199195492952,0.9329904859861147,3889,1.1350134213765461,0.941358024691358,648,1.1241916530429366,0.9398,0.7842878500095741,0.08396122424358018,,,0.9407360032261594,,0.9407559861452738,0.05924401385472622,0.9673975404586221,0.3915527319302,5,0.1,0.5,0.5685136830424977,0.5839906947341613,0.5831055598314041,0.5765366597784894,0.5781450172998851,0.5825649724386489,0.5729072590455218,0.5843687084783317,0.5841016507081493,0.563687850849567,1.0,0.5869166575410546
5,11,0.21924442784907688,0.9342126088103403,3791,1.1297376334667206,0.9256329113924051,632,1.1242004874796152,0.9398,0.7899932443415876,0.08442866419650605,,,0.9684866068348847,,0.9684955574519352,0.03150444254806484,0.9674057171466438,0.391556979626997,5,0.1,0.5,0.5761867588350392,0.5714409990732338,0.5882800249165301,0.5787374369495821,0.5897808962629487,0.5857238050906003,0.5788189075736218,0.596204436736051,0.5994390391414215,0.5652359357242699,0.5869166575410546,1.0
6,0,0.18214996082070448,0.9452154857560263,8214,0.8753049567688344,0.9459459459459459,1369,0.8871190353704337,0.9463,0.7664610276280912,0.0832377113604773,,,0.8945402379821572,,0.8945484664424477,0.10545153355755232,0.9682905875354161,0.38494769781303795,5,0.1,0.5,1.0,0.5659224471476041,0.5542955454575417,0.5596352083137427,0.5639920157741236,0.5538595114204492,0.5440559345783379,0.5536860786632792,0.5526224581065843,0.5451396914090422,0.5431623494039413,0.5446416196502991
6,1,0.19006853654496914,0.9425311834499543,6574,0.8984215634209769,0.9443430656934306,1096,0.8871342016104311,0.9462,0.767786005726411,0.08339430138424246,,,0.9077957489702064,,0.9078108528688319,0.0921891471311681,0.9683246529952603,0.384957363759531,5,0.1,0.5,0.5659224471476041,1.0,0.5543213083233969,0.5550519571817359,0.552006267245359,0.5513025665416307,0.5484150158326041,0.5562463009610872,0.5568495909181986,0.5503119920797147,0.5530091454568334,0.5493079110014759
6,2,0.18476382968124022,0.9457375064845236,5783,0.8965259559692875,0.9491701244813278,964,0.8871019612105129,0.9461,0.770171314152224,0.08370268014323953,,,0.93390033679821,,0.9339139601425631,0.06608603985743688,0.9683508700364651,0.38496937090758326,5,0.1,0.5,0.5542955454575417,0.5543213083233969,1.0,0.5557660901924182,0.5541014860016894,0.5539194224202786,0.553556781286898,0.5627672349365882,0.5601493329884082,0.5529258242757895,0.5552314818567736,0.5559465061290216
6,3,0.1776762218952336,0.9448836769434462,5287,0.8972832986286708,0.9466515323496028,881,0.8870403231523288,0.9461,0.7732511386883796,0.08408860048843678,,,0.9665689018400411,,0.966588022689624,0.03341197731037604,0.9683658713601013,0.3849746888593178,5,0.1,0.5,0.5596352083137427,0.5550519571817359,0.5557660901924182,1.0,0.5578584698212579,0.5625673183406867,0.5565891678196451,0.5570049912338152,0.5685138829555096,0.560539937076984,0.557519176477419,0.5487455458035726
6,4,0.19466836569350093,0.9420871327254305,4935,0.8761370136187627,0.9537712895377128,822,0.8871336221314086,0.9462,0.7699204043204225,0.08364690761832229,,,0.9291791336264132,,0.9291953215200041,0.07080467847999594,0.9683481768991142,0.3849678940307233,5,0.1,0.5,0.5639920157741236,0.552006267245359,0.5541014860016894,0.5578584698212579,1.0,0.5560348025693193,0.5420292757855689,0.5614154447707924,0.5531772307514444,0.5592506788866706,0.5546528561321312,0.556667665774352
6,5,0.19081362835833268,0.9426183844011142,4667,0.8909286117553711,0.9447300771208226,778,0.8870053024718556,0.9461,0.7706726118237103,0.08411339708841835,,,0.9686679602322599,,0.9686812910998444,0.031318708900155645,0.9683678443378402,0.3849748150390066,5,0.1,0.5,0.5538595114204492,0.5513025665416307,0.5539194224202786,0.5625673183406867,0.5560348025693193,1.0,0.5545193902435589,0.5578948677663044,0.5654336440892701,0.5479236770100947,0.5532828568959799,0.5575586425306389
6,6,0.2070497409746583,0.9368515607455647,4453,0.8623895347118378,0.9501347708894878,742,0.8870862621468858,0.9461,0.7651600613070448,0.08320945841054517,,,0.892148595914129,,0.8921590281612369,0.10784097183876307,0.9682922409789312,0.38494549278936074,5,0.1,0.5,0.5440559345783379,0.5484150158326041,0.553556781286898,0.5565891678196451,0.5420292757855689,0.5545193902435589,1.0,0.5583770084830406,0.5525031786886964,0.5537490253960111,0.547375311416694,0.5580579955185481
6,7,0.2097708442985122,0.9364040215104045,4277,0.8752422280933546,0.9481065918653576,713,0.887156332643649,0.9461,0.7738039195588997,0.08402993576069562,,,0.9616028706428679,,0.9616234124792932,0.03837658752070683,0.9683619283823574,0.38497430490597406,5,0.1,0.5,0.5536860786632792,0.5562463009610872,0.5627672349365882,0.5570049912338152,0.5614154447707924,0.5578948677663044,0.5583770084830406,1.0,0.5647161906376849,0.5534115265486228,0.554910680294269,0.5644551044822017
6,8,0.20656214132331885,0.9364010656333253,4129,0.8856116777116602,0.9505813953488372,688,0.893613759511576,0.9462,0.7756421740165456,0.08241087042171046,,,0.8245472787523249,,0.8245620199789168,0.17543798002108324,0.9677398361352881,0.3848208839058132,5,0.1,0.5,0.5526224581065843,0.5568495909181986,0.5601493329884082,0.5685138829555096,0.5531772307514444,0.5654336440892701,0.5525031786886964,0.5647161906376849,1.0,0.5694785536389454,0.5600563731228428,0.5719644229692663
6,9,0.22084256116308212,0.9361159710072482,4001,0.9114035367965698,0.9295352323838081,667,0.8971713280525452,0.9462,0.7667796102551121,0.08034890822707219,,,0.65,,0.650002509914161,0.349997490085839,0.964603606937956,0.3832761797612134,5,0.1,0.5,0.5451396914090422,0.5503119920797147,0.5529258242757895,0.560539937076984,0.5592506788866706,0.5479236770100947,0.5537490253960111,0.5534115265486228,0.5694785536389454,1.0,0.5561248080827789,0.5588199007638648
