round,client_id,client_i_training_loss,client_i_training_accuracy,client_i_training_dataset_size,client_i_evaluation_loss,client_i_evaluation_accuracy,client_i_evaluation_dataset_size,client_i_central_evaluation_loss,client_i_central_evaluation_accuracy,client_i_cosine_similarity,client_i_importance_coefficient,client_i_tanh_val,tanh_normalization_value,client_i_q,client_i_mask_order,client_i_v_nonzero_fraction,client_i_v_sparsity,client_i_v_cosine_similarity,client_i_reward_gradient_norm,local_epochs,learning_rate,gamma,client_0_cosine_similarity,client_1_cosine_similarity,client_2_cosine_similarity,client_3_cosine_similarity,client_4_cosine_similarity,client_5_cosine_similarity,client_6_cosine_similarity,client_7_cosine_similarity,client_8_cosine_similarity,client_9_cosine_similarity,client_10_cosine_similarity,client_11_cosine_similarity
0,0,0.2776531761863671,0.9126613099586073,8214,2.1894084242887275,0.3608473338203068,1369,2.1943085544025553,0.347,0.8036513481857854,0.08594205433803306,,,0.9599999999891464,,0.9600020079313287,0.03999799206867127,0,0.39140619585886005,5,0.1,0.5,1.0,0.5920474885069272,0.576502426708239,0.5799972814513535,0.5873813365209385,0.5759063281561462,0.553789384139508,0.5733002943767291,0.5869340732309557,0.4719587035402929,0.5728176161353732,0.5793132187375966
0,1,0.30949262600952704,0.9043200486766048,6574,2.197281156267439,0.33211678832116787,1096,2.194308835477494,0.347,0.8019133260751391,0.0857561911636465,,,0.9579827361844582,,0.9579940766025802,0.04200592339741982,0,0.39140600739671877,5,0.1,0.5,0.5920474885069272,1.0,0.5692548811721885,0.5860197528457914,0.5917475731435436,0.5955579350325036,0.5831526827347655,0.5973087660195832,0.5899924359556901,0.4940718878004192,0.5930348720939445,0.5980556550062401
0,2,0.3370496382257639,0.8969738889849559,5783,2.1870755149472143,0.34024896265560167,964,2.194300065025354,0.3471,0.7840149139973116,0.0838421443486568,,,0.9372086513066923,,0.9372270468349982,0.06277295316500175,0,0.3914028057758388,5,0.1,0.5,0.576502426708239,0.5692548811721885,1.0,0.5751889779302256,0.5962398082810076,0.585797238212128,0.5828776081776214,0.5835171865231903,0.5887809193963413,0.4670283460179326,0.5738747217497278,0.5865318159829913
0,3,0.32865550557701256,0.896084736145262,5287,2.1919027737208774,0.34506242905788875,881,2.194308166686719,0.3469,0.7929039315521736,0.08479273123118523,,,0.9475258349966027,,0.9475478138647658,0.05245218613523417,0,0.3914047245212396,5,0.1,0.5,0.5799972814513535,0.5860197528457914,0.5751889779302256,1.0,0.6127232470668827,0.5876456020746449,0.5926654198047488,0.5995237782574467,0.609849888848685,0.495701440031641,0.5923029491609417,0.5901970555699413
0,4,0.32617625531650357,0.8980749746707194,4935,2.2005758652320275,0.34549878345498786,822,2.194309188154178,0.3471,0.8012136736344814,0.08568137069801984,,,0.9571706731297045,,0.9571858842427589,0.042814115757241145,0,0.39140593852854033,5,0.1,0.5,0.5873813365209385,0.5917475731435436,0.5962398082810076,0.6127232470668827,1.0,0.604691943497963,0.6020384595359328,0.6107172175117,0.6140830386202786,0.49898517201943265,0.5936296784763191,0.617005882105332
0,5,0.3433047360345109,0.8947932290550675,4667,2.1973734760284422,0.3508997429305913,778,2.194306826058287,0.3468,0.7865127992788001,0.08410926689262625,,,0.9401078627354451,,0.9401285076050399,0.059871492394960146,0,0.3914034302150742,5,0.1,0.5,0.5759063281561462,0.5955579350325036,0.585797238212128,0.5876456020746449,0.604691943497963,1.0,0.5839036773477045,0.5921831171318285,0.6046391059667485,0.4852437477672377,0.593787417669398,0.5988113840364341
0,6,0.3582742210397763,0.8876712328767123,4453,2.193434238433838,0.3463611859838275,742,2.1943048151156392,0.347,0.7785365673811109,0.0832562928302901,,,0.9308501186558681,,0.930871944179509,0.06912805582049097,0,0.3914012306634708,5,0.1,0.5,0.553789384139508,0.5831526827347655,0.5828776081776214,0.5926654198047488,0.6020384595359328,0.5839036773477045,1.0,0.5883411749414339,0.5946850408452565,0.4931077041227281,0.5967383405167573,0.597667213354008
0,7,0.36902674637568084,0.8829085807809212,4277,2.1941565327022388,0.36185133239831696,713,2.1943031484707474,0.347,0.7848776711814124,0.08393440715013646,,,0.9382100245510605,,0.9382259926710507,0.06177400732894933,0,0.39140302435864716,5,0.1,0.5,0.5733002943767291,0.5973087660195832,0.5835171865231903,0.5995237782574467,0.6107172175117,0.5921831171318285,0.5883411749414339,1.0,0.5897517318972046,0.4895403117998891,0.5955659748053738,0.6068297688417663
0,8,0.3727191701576185,0.8856866069266166,4129,2.1963289325887505,0.32558139534883723,688,2.194306174787089,0.3468,0.7876635908336749,0.0842323319388855,,,0.9414435477858077,,0.9414587621103359,0.058541237889664144,0,0.39140366592182757,5,0.1,0.5,0.5869340732309557,0.5899924359556901,0.5887809193963413,0.609849888848685,0.6140830386202786,0.6046391059667485,0.5946850408452565,0.5897517318972046,1.0,0.4882069883555651,0.5913496643682836,0.5966434900908962
0,9,0.4288349972505106,0.8737815546113472,4001,2.1932666188194636,0.3583208395802099,667,2.1944924741507337,0.3463,0.6657995030090489,0.07120025020179663,,,0.8,,0.8,0.19999999999999996,0,0.3912070587018172,5,0.1,0.5,0.4719587035402929,0.4940718878004192,0.4670283460179326,0.495701440031641,0.49898517201943265,0.4852437477672377,0.4931077041227281,0.4895403117998891,0.4882069883555651,1.0,0.4881625458066373,0.4994989329291537
0,10,0.38427186498082566,0.8831576240678838,3889,2.1904650983356295,0.3549382716049383,648,2.194305178456413,0.3469,0.7780777800219577,0.08320723035034906,,,0.9303176195996137,,0.9303348225490689,0.06966517745093115,0,0.391401085651299,5,0.1,0.5,0.5728176161353732,0.5930348720939445,0.5738747217497278,0.5923029491609417,0.5936296784763191,0.593787417669398,0.5967383405167573,0.5955659748053738,0.5913496643682836,0.4881625458066373,1.0,0.607330680274362
0,11,0.40393678196275434,0.8741229227116856,3791,2.200475287437439,0.3401898734177215,632,2.1943055158986833,0.3468,0.7859186497801866,0.08404572885637454,,,0.9394182533968842,,0.9394257316399779,0.06057426836002211,0,0.39140326134312287,5,0.1,0.5,0.5793132187375966,0.5980556550062401,0.5865318159829913,0.5901970555699413,0.617005882105332,0.5988113840364341,0.597667213354008,0.6068297688417663,0.5966434900908962,0.4994989329291537,0.607330680274362,1.0
1,0,0.2524773317863911,0.9228634039444851,8214,2.0251924492592037,0.7151205259313368,1369,2.0320807683962983,0.6924,0.7915127036667929,0.08443920357609716,,,0.9508859073464031,,0.9509010591837759,0.049098940816224124,0.9579745706906722,0.40471678566732566,5,0.1,0.5,1.0,0.6066490131579508,0.6057961364428303,0.6107124358665396,0.6065318855659206,0.6120924913252327,0.613720046769394,0.6161804304884825,0.6015437421184195,0.5856022005886053,0.6071573632255375,0.6066856140696358
1,1,0.2788955738098876,0.9145421356860359,6574,2.0350976978029522,0.6852189781021898,1096,2.032082177579593,0.6924,0.8027500070138169,0.08470759046158884,,,0.9551261194459382,,0.9551478339440791,0.044852166055920906,0.9579763807388842,0.4047173950856994,5,0.1,0.5,0.6066490131579508,1.0,0.6111205903538431,0.6172461815683736,0.617517750477755,0.6270102683154664,0.6187839017202484,0.6255457781643108,0.6174336609941748,0.6091766395546718,0.6200141090931212,0.6147548041994984
1,2,0.29475901816349004,0.9115338059830538,5783,2.019676496905665,0.7136929460580913,964,2.032077462909321,0.6923,0.8012682982872017,0.08338937151310323,,,0.9342997369460434,,0.9343105265799909,0.06568947342000908,0.9579710972678607,0.40471316563196935,5,0.1,0.5,0.6057961364428303,0.6111205903538431,1.0,0.6172023032472472,0.6121845117757835,0.6348803171967415,0.6302090638348065,0.6258916796037204,0.6123596184758501,0.6038451256814186,0.6071961086410753,0.6184470725810717
1,3,0.2913105189138238,0.9114053338377152,5287,2.028278189046042,0.7071509648127128,881,2.032083287025793,0.6923,0.8137849664794428,0.08445435838875041,,,0.951125336407405,,0.9511470307715476,0.04885296922845239,0.9579744386391668,0.40471683863775726,5,0.1,0.5,0.6107124358665396,0.6172461815683736,0.6172023032472472,1.0,0.6267568252912008,0.6390521729097348,0.6298366054688844,0.6375945249352193,0.6259807158532394,0.6283049570782112,0.626805079384474,0.6392517429087273
1,4,0.2872220548506706,0.9133535967578521,4935,2.0404361623984117,0.6751824817518248,822,2.0320820332335208,0.6924,0.8130290892935897,0.08501608578852456,,,0.959999999984201,,0.9600020079313287,0.03999799206867127,0.9579766755020098,0.40471791457241857,5,0.1,0.5,0.6065318855659206,0.617517750477755,0.6121845117757835,0.6267568252912008,1.0,0.6417463377039806,0.632148736908732,0.6388433604313732,0.6270976364005574,0.6230407986916543,0.6280247691036325,0.632927830296873
1,5,0.31582607194168927,0.9048210842082708,4667,2.0341229391098024,0.6799485861182519,778,2.0320820362804035,0.6923,0.8211132914764128,0.08425731488719126,,,0.948012269843384,,0.9480297173836655,0.05197028261633452,0.9579721793326968,0.4047163375744504,5,0.1,0.5,0.6120924913252327,0.6270102683154664,0.6348803171967415,0.6390521729097348,0.6417463377039806,1.0,0.6359554985868632,0.6458403357937055,0.632392949207968,0.6301597188944743,0.6342180294745889,0.638842097738514
1,6,0.31177787443755994,0.9040197619582304,4453,2.032215346892675,0.6792452830188679,742,2.032081809287635,0.6923,0.816091232305054,0.08351795069031898,,,0.9363311438904612,,0.9363485768786708,0.06365142312132921,0.9579688704082603,0.40471372393351335,5,0.1,0.5,0.613720046769394,0.6187839017202484,0.6302090638348065,0.6298366054688844,0.632148736908732,0.6359554985868632,1.0,0.6350594320678604,0.6274517286424043,0.6281827740119181,0.6373719142158992,0.6389121815632268
1,7,0.3249843159148386,0.9025485153144728,4277,2.0315904513649317,0.7012622720897616,713,2.0320760449662374,0.6924,0.8199024991691531,0.08409943177563187,,,0.9455178935674345,,0.9455398825360173,0.054460117463982716,0.9579752972693962,0.4047158826347755,5,0.1,0.5,0.6161804304884825,0.6255457781643108,0.6258916796037204,0.6375945249352193,0.6388433604313732,0.6458403357937055,0.6350594320678604,1.0,0.6302780049229938,0.6302065323468642,0.6395597651179289,0.6363081539156825
1,8,0.3353862904674875,0.897747638653427,4129,2.0350092378529636,0.6787790697674418,688,2.0320779938286484,0.6924,0.8083474386579075,0.08389413413844808,,,0.9422744209081877,,0.9422870337834446,0.05771296621655542,0.957976047066642,0.40471518909329246,5,0.1,0.5,0.6015437421184195,0.6174336609941748,0.6123596184758501,0.6259807158532394,0.6270976364005574,0.632392949207968,0.6274517286424043,0.6302780049229938,1.0,0.6137889670144278,0.6248294646130558,0.6336318262497331
1,9,0.3399265990614714,0.8974756310922269,4001,2.032947551636469,0.6911544227886057,667,2.0324125358471856,0.6912,0.7973961305652076,0.07488878539259954,,,0.8,,0.8,0.19999999999999996,0.9571881154918255,0.40450372699022774,5,0.1,0.5,0.5856022005886053,0.6091766395546718,0.6038451256814186,0.6283049570782112,0.6230407986916543,0.6301597188944743,0.6281827740119181,0.6302065323468642,0.6137889670144278,1.0,0.6235716707552864,0.6258846234318441
1,10,0.340332825371965,0.8990485986114682,3889,2.03020445505778,0.691358024691358,648,2.032079709223665,0.6922,0.8112710367792841,0.08331760245658097,,,0.9331658662605201,,0.9331810652075699,0.06681893479243006,0.9579668297698238,0.40471285347486796,5,0.1,0.5,0.6071573632255375,0.6200141090931212,0.6071961086410753,0.626805079384474,0.6280247691036325,0.6342180294745889,0.6373719142158992,0.6395597651179289,0.6248294646130558,0.6235716707552864,1.0,0.632155169775466
1,11,0.34653311846699536,0.8894750725402268,3791,2.043381226062775,0.6645569620253164,632,2.032079522982954,0.6924,0.8154542318099589,0.08401817093116506,,,0.944234063266653,,0.9442447668289744,0.0557552331710256,0.9579740092262703,0.4047156064719259,5,0.1,0.5,0.6066856140696358,0.6147548041994984,0.6184470725810717,0.6392517429087273,0.632927830296873,0.638842097738514,0.6389121815632268,0.6363081539156825,0.6336318262497331,0.6258846234318441,0.632155169775466,1.0
2,0,0.23119819571231473,0.9307280253226199,8214,1.824867140415103,0.8765522279035792,1369,1.8334852723648754,0.8737,0.7971380565449524,0.08389344568658363,,,0.9336244356939172,,0.9336378695848602,0.06636213041513983,0.9669516754345386,0.4010188459030115,5,0.1,0.5,1.0,0.6125605006485237,0.6169938572626275,0.6197866080892843,0.6157416672860556,0.6226266043411555,0.6129137116023143,0.6163259339711573,0.514842725300755,0.6088332750210382,0.6160258269199387,0.6103173924909977
2,1,0.25415015855568995,0.9233039245512625,6574,1.8370281866618565,0.8695255474452555,1096,1.8334893327170667,0.8737,0.8053812903618874,0.0843595557673617,,,0.9443602564503729,,0.9443702625370213,0.05562973746297872,0.9669517538770505,0.40102106208517396,5,0.1,0.5,0.6125605006485237,1.0,0.6159265039985752,0.6240201631529909,0.6310652117921352,0.6282206124009916,0.6190256800295203,0.6254280458676534,0.5188801071184577,0.6306484294316406,0.619497569947936,0.6213536891488671
2,2,0.2727128900433196,0.9184506311602975,5783,1.8157031420738465,0.8879668049792531,964,1.833489318625234,0.8739,0.8035283017159611,0.0834198604463127,,,0.9227164410760693,,0.9227297826414337,0.07727021735856632,0.9669410172442863,0.40101538209400783,5,0.1,0.5,0.6169938572626275,0.6159265039985752,1.0,0.6210864952915647,0.6281786401031099,0.6303318780304208,0.6209443913690977,0.6230870399987581,0.514065732279763,0.6266723382756599,0.6206280074366741,0.616653991035745
2,3,0.262811649684985,0.9190845470020805,5287,1.829036418880735,0.8649262202043133,881,1.8334953198417687,0.8737,0.8147560835339797,0.08451897309491169,,,0.9480320840392396,,0.948049796696953,0.051950203303047005,0.9669563271378293,0.40102166850790844,5,0.1,0.5,0.6197866080892843,0.6240201631529909,0.6210864952915647,1.0,0.6378004115722334,0.6374745210766483,0.6319121859931255,0.6359756150879671,0.5328239467120662,0.636155597249168,0.6317057919400813,0.6291947844454348
2,4,0.259703759843063,0.9204457953394124,4935,1.8441768517861,0.8637469586374696,822,1.8334964944150882,0.8737,0.8189571077053593,0.08503857624319683,,,0.9599999999769672,,0.9600020079313287,0.03999799206867127,0.9669607485262748,0.4010230671522809,5,0.1,0.5,0.6157416672860556,0.6310652117921352,0.6281786401031099,0.6378004115722334,1.0,0.6473116164160047,0.6301363402294239,0.6404918415572095,0.5232125753228475,0.6445614569050109,0.6369431165808034,0.6410906408950134
2,5,0.27318234825634385,0.9177201628455111,4667,1.8331655693054199,0.8637532133676092,778,1.8334977516351036,0.8737,0.8204796695246801,0.08458813404589181,,,0.9496250544633703,,0.9496410822749862,0.050358917725013774,0.9669563819687295,0.401021897278064,5,0.1,0.5,0.6226266043411555,0.6282206124009916,0.6303318780304208,0.6374745210766483,0.6473116164160047,1.0,0.6343057584378611,0.6365082324801792,0.5329052311772489,0.6450500379965239,0.6426849142538581,0.6369844416700351
2,6,0.28643576745409516,0.9143498764877611,4453,1.834805428981781,0.8733153638814016,742,1.8334908413049131,0.8739,0.8105928260335554,0.08375199661650516,,,0.9303664674045489,,0.9303850208322876,0.06961497916771242,0.9669481530458859,0.4010179310484114,5,0.1,0.5,0.6129137116023143,0.6190256800295203,0.6209443913690977,0.6319121859931255,0.6301363402294239,0.6343057584378611,1.0,0.6286964889506642,0.5259223794552301,0.6341542789493957,0.6352353162651535,0.6290322378002128
2,7,0.2952096235062649,0.9078325929389759,4277,1.832944859629092,0.8863955119214586,713,1.8334864240865738,0.8737,0.8148950147783207,0.08428824528593364,,,0.9427177763190907,,0.9427337985040911,0.057266201495908886,0.966951220539518,0.40102078751532694,5,0.1,0.5,0.6163259339711573,0.6254280458676534,0.6230870399987581,0.6359756150879671,0.6404918415572095,0.6365082324801792,0.6286964889506642,1.0,0.5292780824381291,0.6356502752284721,0.6366880523451386,0.63262434167743
2,8,0.28928677237879197,0.9146524582223299,4129,1.8372166156768799,0.8793604651162791,688,1.8335712493037264,0.8739,0.7029806513136938,0.08024236144012323,,,0.8495297386401943,,0.8495457055368706,0.1504542944631294,0.9667572561927299,0.4009435748320879,5,0.1,0.5,0.514842725300755,0.5188801071184577,0.514065732279763,0.5328239467120662,0.5232125753228475,0.5329052311772489,0.5259223794552301,0.5292780824381291,1.0,0.5288375557468308,0.5192949912277847,0.5230847391246062
2,9,0.288430256804771,0.9144713821544613,4001,1.8380780560629708,0.8590704647676162,667,1.8341199224368452,0.8742,0.8125262264796148,0.07809196129818576,,,0.8,,0.8,0.19999999999999996,0.9662341896542033,0.4008076680337414,5,0.1,0.5,0.6088332750210382,0.6306484294316406,0.6266723382756599,0.636155597249168,0.6445614569050109,0.6450500379965239,0.6341542789493957,0.6356502752284721,0.5288375557468308,1.0,0.633727086826731,0.633748468077487
2,10,0.3008870237247377,0.910568269478015,3889,1.832529414267767,0.9012345679012346,648,1.8334872551238575,0.8738,0.8128764275570738,0.0836987915872466,,,0.9291410065509487,,0.929155162893429,0.07084483710657097,0.9669470154265846,0.4010175862750264,5,0.1,0.5,0.6160258269199387,0.619497569947936,0.6206280074366741,0.6317057919400813,0.6369431165808034,0.6426849142538581,0.6352353162651535,0.6366880523451386,0.5192949912277847,0.633727086826731,1.0,0.6323281023694288
2,11,0.31454450609240714,0.9045106831970456,3791,1.8482534408569335,0.8575949367088608,632,1.8334885500490474,0.8737,0.8112821977736892,0.08410809848774722,,,0.9385684909572503,,0.9385824004819036,0.061417599518096444,0.9669514606602876,0.40101998203747496,5,0.1,0.5,0.6103173924909977,0.6213536891488671,0.616653991035745,0.6291947844454348,0.6410906408950134,0.6369844416700351,0.6290322378002128,0.63262434167743,0.5230847391246062,0.633748468077487,0.6323281023694288,1.0
3,0,0.21345969605502393,0.9349403457511566,8214,1.5913560362749322,0.9211102994886778,1369,1.602555877865313,0.9187,0.7932598299994307,0.08334885487175722,,,0.9172585426274283,,0.9172782490838813,0.08272175091611866,0.9689924328699968,0.40181213638245483,5,0.1,0.5,1.0,0.6075672714155879,0.6038796615430926,0.6180225357743654,0.6084761566184492,0.6161169949225468,0.6080480086057406,0.6120244882321075,0.5778884929772217,0.5837689298228197,0.608253018678522,0.600516027033532
3,1,0.23405444986702315,0.9298752662001826,6574,1.6054742642811366,0.9133211678832117,1096,1.602564431988774,0.9187,0.8049095749394382,0.08406480356343472,,,0.9384880871241212,,0.9384970634004317,0.06150293659956829,0.9690030203776366,0.4018211700311087,5,0.1,0.5,0.6075672714155879,1.0,0.6155701086735852,0.6252815494385575,0.6191512513993727,0.6260549721693871,0.6119305667241032,0.6174395807678421,0.5982468390368036,0.598788023659573,0.6162210207709301,0.6193881338815987
3,2,0.25345014508515185,0.9238111706726613,5783,1.5795801647247807,0.9325726141078838,964,1.6025643310607813,0.9187,0.7996094008110878,0.0832563824180128,,,0.9145165192194576,,0.9145324029918177,0.0854675970081823,0.9689884930878488,0.4018106524700531,5,0.1,0.5,0.6038796615430926,0.6155701086735852,1.0,0.6210372888360943,0.6174671769920278,0.6151773912559888,0.6165260191926226,0.6116559723843463,0.5811720654803608,0.6015113758330037,0.6126406846526623,0.6121698291411329
3,3,0.2372080084222582,0.9285417060714961,5287,1.5979706687586648,0.9103291713961408,881,1.6025679911287447,0.9187,0.8136189219435928,0.08447463827161812,,,0.9506406397788132,,0.950660107424326,0.04933989257567395,0.9690128938736208,0.4018243109256314,5,0.1,0.5,0.6180225357743654,0.6252815494385575,0.6210372888360943,1.0,0.6263507552065652,0.6313361943663651,0.6232288842728806,0.6309664906863558,0.6018384294903928,0.6118548220874382,0.6223460325393463,0.6269940685875595
3,4,0.23408444628239639,0.9295238095238095,4935,1.6160773130563588,0.9075425790754258,822,1.602562948918571,0.9187,0.8127867648809592,0.0847902748923243,,,0.9599999999703477,,0.9600020079313287,0.03999799206867127,0.9690149469460121,0.4018257783649865,5,0.1,0.5,0.6084761566184492,0.6191512513993727,0.6174671769920278,0.6263507552065652,1.0,0.6328620299545524,0.6237342445373084,0.6313486140389545,0.5977824957825536,0.617585243515044,0.6239580992186784,0.6304700896182635
3,5,0.2534536937098593,0.9253053353331905,4667,1.6002777338027954,0.9125964010282777,778,1.602572062145026,0.9187,0.8137486035818158,0.08452504555714922,,,0.9521353330767822,,0.9521509964359219,0.04784900356407806,0.9690116945356458,0.4018246029479468,5,0.1,0.5,0.6161169949225468,0.6260549721693871,0.6151773912559888,0.6313361943663651,0.6328620299545524,1.0,0.6239882410059717,0.6261947185910388,0.5990763160869714,0.6111908667619332,0.6308974828309049,0.6270512758065635
3,6,0.259132439953142,0.9210869077026723,4453,1.60570228099823,0.9191374663072777,742,1.6025844107801541,0.9186,0.8071290031002212,0.08373925499464074,,,0.9288348146097836,,0.9288489533657949,0.07115104663420513,0.9689881366137308,0.40181774580395435,5,0.1,0.5,0.6080480086057406,0.6119305667241032,0.6165260191926226,0.6232288842728806,0.6237342445373084,0.6239882410059717,1.0,0.6176168641594542,0.5945338886454778,0.6083391746198962,0.6254682619327593,0.6267723861982528
3,7,0.26352293463562854,0.9230769230769231,4277,1.6026882503343665,0.9340813464235624,713,1.6025632543685717,0.9187,0.8091702016732041,0.08416625525825237,,,0.9414963659217958,,0.9415089603935546,0.058491039606445416,0.9690070954322773,0.4018220537319531,5,0.1,0.5,0.6120244882321075,0.6174395807678421,0.6116559723843463,0.6309664906863558,0.6313486140389545,0.6261947185910388,0.6176168641594542,1.0,0.5917000199748929,0.6037849686462337,0.6313409375805381,0.6225713860475818
3,8,0.2793677545067126,0.9198353112133688,4129,1.6073701652613552,0.9186046511627907,688,1.6027506140474312,0.9188,0.778410476242608,0.08040836686638975,,,0.8300662316733073,,0.8300888509612971,0.16991114903870286,0.9686464436997891,0.4016824804241092,5,0.1,0.5,0.5778884929772217,0.5982468390368036,0.5811720654803608,0.6018384294903928,0.5977824957825536,0.5990763160869714,0.5945338886454778,0.5917000199748929,1.0,0.5842128055807917,0.5943071888976766,0.6003277356960256
3,9,0.27345461057617315,0.920569857535616,4001,1.609943497748602,0.9175412293853074,667,1.6034239355367594,0.9192,0.7902267949777194,0.07939440826574572,,,0.8,,0.8,0.19999999999999996,0.9683038313786033,0.4015766282041583,5,0.1,0.5,0.5837689298228197,0.598788023659573,0.6015113758330037,0.6118548220874382,0.617585243515044,0.6111908667619332,0.6083391746198962,0.6037849686462337,0.5842128055807917,1.0,0.6092032987102416,0.6143300664421633
3,10,0.2721925957845982,0.9197737207508357,3889,1.602214290982201,0.9351851851851852,648,1.6025806943448588,0.9186,0.808931412028162,0.0837668901981032,,,0.9296542626909117,,0.9296671853822599,0.0703328146177401,0.9689891579017788,0.40181812477275874,5,0.1,0.5,0.608253018678522,0.6162210207709301,0.6126406846526623,0.6223460325393463,0.6239580992186784,0.6308974828309049,0.6254682619327593,0.6313409375805381,0.5943071888976766,0.6092032987102416,1.0,0.6229497859964676
3,11,0.2870189209633014,0.9136375626483777,3791,1.6212381064891814,0.9034810126582279,632,1.6025668493094154,0.9187,0.8096878727182893,0.08406482484257209,,,0.9384887181000541,,0.9385020832287536,0.061497916771246386,0.9690016012386856,0.4018211703940347,5,0.1,0.5,0.600516027033532,0.6193881338815987,0.6121698291411329,0.6269940685875595,0.6304700896182635,0.6270512758065635,0.6267723861982528,0.6225713860475818,0.6003277356960256,0.6143300664421633,0.6229497859964676,1.0
4,0,0.2011601348603253,0.9399561723886048,8214,1.341377710187158,0.9327976625273923,1369,1.355188802408334,0.9357,0.7787993707159122,0.08275095611720228,,,0.8823996738643836,,0.8824105215601626,0.11758947843983736,0.969537628704399,0.39782327763073067,5,0.1,0.5,1.0,0.589014674147311,0.590492137419919,0.5877906117721234,0.5855472339263484,0.5928461835399413,0.58177295234051,0.584788630449953,0.5820379917217708,0.575482365724827,0.5821230488802683,0.5840176283800484
4,1,0.21188308577668102,0.937085488287192,6574,1.3567218439919608,0.9379562043795621,1096,1.3551825368747163,0.9358,0.7925631415906903,0.08370955841405689,,,0.9237043884969771,,0.9237186888208423,0.07628131117915771,0.9696303395894209,0.39785910635497007,5,0.1,0.5,0.589014674147311,1.0,0.5945872492139311,0.5992596386922834,0.5973979772545872,0.6031121727916012,0.5849310745185952,0.5971029172899259,0.5995424139247424,0.6019434278499856,0.596249811766924,0.6016613296027689
4,2,0.22936648617534594,0.932180529137126,5783,1.3275008739963654,0.9470954356846473,964,1.3551688239978144,0.9357,0.793300792142183,0.08319736767575295,,,0.9016348687884193,,0.9016565433462176,0.09834345665378241,0.9695793583550586,0.39784423588702694,5,0.1,0.5,0.590492137419919,0.5945872492139311,1.0,0.6068493491535529,0.6043818703428149,0.6092234153829803,0.595800687387634,0.5896603296537625,0.59211211915167,0.6023803128577764,0.5896158628784359,0.6001910649717057
4,3,0.21528908313498887,0.9347834310573104,5287,1.3521007001399994,0.9296254256526674,881,1.3551903041406943,0.9358,0.801762169089957,0.08430453892397959,,,0.9493411935150223,,0.9493499322323177,0.05065006776768233,0.9696570542135216,0.39786793009878135,5,0.1,0.5,0.5877906117721234,0.5992596386922834,0.6068493491535529,1.0,0.6111639089368996,0.6065581036008082,0.604136646674319,0.6048434782575246,0.600795695068205,0.6173521980043019,0.5984813057044097,0.6136478597496265
4,4,0.2112366186307683,0.9354407294832827,4935,1.3715838927489061,0.9257907542579076,822,1.3551837263015893,0.9358,0.8028271577164608,0.08455190914376706,,,0.9599999999569115,,0.9600020079313287,0.03999799206867127,0.9696665077802248,0.39786978522895383,5,0.1,0.5,0.5855472339263484,0.5973979772545872,0.6043818703428149,0.6111639089368996,1.0,0.6113185966258367,0.6061021616423389,0.6109300517820313,0.6000892881206692,0.6160289248809949,0.603590519360304,0.612794542902431
4,5,0.2281668188241757,0.9340904221127062,4667,1.3501864862442017,0.9331619537275064,778,1.355196040659286,0.9358,0.8030248109647279,0.08438231425632188,,,0.9526924142646435,,0.9527081973796496,0.047291802620350376,0.96965985374182,0.3978686207950072,5,0.1,0.5,0.5928461835399413,0.6031121727916012,0.6092234153829803,0.6065581036008082,0.6113185966258367,1.0,0.5993163344414755,0.6069240162315599,0.6029059567367997,0.6115320972625367,0.6078819171612116,0.6108211503898736
4,6,0.23561754845215807,0.9293060857848642,4453,1.3591128935416539,0.9380053908355795,742,1.355197594569514,0.9357,0.7930226741102239,0.0835089923127915,,,0.9150623003182597,,0.9150845841072235,0.08491541589277651,0.9696154437031611,0.39785431348149847,5,0.1,0.5,0.58177295234051,0.5849310745185952,0.595800687387634,0.604136646674319,0.6061021616423389,0.5993163344414755,1.0,0.5968199626367964,0.5941080409751764,0.6097332174255763,0.5963648909351783,0.6017429946158052
4,7,0.23886598006808268,0.9278466214636427,4277,1.3562687117120493,0.9509116409537167,713,1.3551928368620216,0.9358,0.7961800622426246,0.08390377088843712,,,0.9320727085590997,,0.9320917624617238,0.06790823753827624,0.9696410853136667,0.39786287020742006,5,0.1,0.5,0.584788630449953,0.5971029172899259,0.5896603296537625,0.6048434782575246,0.6109300517820313,0.6069240162315599,0.5968199626367964,1.0,0.5967083331288671,0.6049248402594368,0.6062787245472092,0.5994480342269324
4,8,0.2361265250854418,0.9295228868975539,4129,1.3613694472746416,0.9302325581395349,688,1.3554904803681298,0.9356,0.7919846970038048,0.08125582572373902,,,0.8179767797787422,,0.817991064705587,0.18200893529441298,0.9691201018358306,0.39767302710204977,5,0.1,0.5,0.5820379917217708,0.5995424139247424,0.59211211915167,0.600795695068205,0.6000892881206692,0.6029059567367997,0.5941080409751764,0.5967083331288671,1.0,0.6000392777696761,0.6000136488334948,0.6082233143668059
4,9,0.2361271083082621,0.9307173206698326,4001,1.36571546963283,0.9355322338830585,667,1.3562014285748758,0.9354,0.7993392394522747,0.08083861953942723,,,0.8,,0.8,0.19999999999999996,0.9688885442354972,0.39760170418097296,5,0.1,0.5,0.575482365724827,0.6019434278499856,0.6023803128577764,0.6173521980043019,0.6160289248809949,0.6115320972625367,0.6097332174255763,0.6049248402594368,0.6000392777696761,1.0,0.6025324584569293,0.6089049333909093
4,10,0.2470016310938069,0.9272820776549241,3889,1.3548300663630168,0.9429012345679012,648,1.3552002548790587,0.9357,0.7948017886810738,0.08358970309579256,,,0.9185400051710129,,0.9185583053059585,0.0814416946940415,0.9696195186007409,0.39785638953883495,5,0.1,0.5,0.5821230488802683,0.596249811766924,0.5896158628784359,0.5984813057044097,0.603590519360304,0.6078819171612116,0.5963648909351783,0.6062787245472092,0.6000136488334948,0.6025324584569293,1.0,0.6041961422214449
4,11,0.26003171109101353,0.9189132155104194,3791,1.3767890870571136,0.9256329113924051,632,1.355185953572916,0.9358,0.8010384156781427,0.08400644390873191,,,0.9364967328052946,,0.9365092113849707,0.06349078861502933,0.9696445856178552,0.39786441253169075,5,0.1,0.5,0.5840176283800484,0.6016613296027689,0.6001910649717057,0.6136478597496265,0.612794542902431,0.6108211503898736,0.6017429946158052,0.5994480342269324,0.6082233143668059,0.6089049333909093,0.6041961422214449,1.0
5,0,0.18601023230940858,0.9435597759922084,8214,1.126471757888794,0.9422936449963477,1369,1.141368495960967,0.9434,0.7696471960946204,0.0839041322091375,,,0.9346122154686245,,0.9346267757642689,0.06537322423573111,0.9608458864487199,0.3718482355994456,5,0.1,0.5,1.0,0.570332122263203,0.5723844843504646,0.5837676069517147,0.5711878893542701,0.574140957760654,0.5692808038625583,0.5697878473258596,0.3692381881350114,0.3498658789604113,0.5631450721107408,0.5668756768165247
5,1,0.2004181261644563,0.9391238211134774,6574,1.1410218102591378,0.9416058394160584,1096,1.1413663791391415,0.9434,0.7784287409854074,0.08487128547314189,,,0.9484710273932901,,0.9484815019326339,0.05151849806736608,0.9609207520709145,0.3718527172767185,5,0.1,0.5,0.570332122263203,1.0,0.5719025790210195,0.5839900835288616,0.5816276326078987,0.5843437987247159,0.5763308059207419,0.5767130494493269,0.3814358521656225,0.36016770725307623,0.5656876435664884,0.5810476898189206
5,2,0.21075802169616709,0.9362614559916999,5783,1.1101578339453666,0.9585062240663901,964,1.1413630485153807,0.9434,0.7782308631219192,0.08451553980749599,,,0.943373373839614,,0.9433813563576126,0.056618643642387445,0.9608781744722662,0.37185129169063097,5,0.1,0.5,0.5723844843504646,0.5719025790210195,1.0,0.5894966624676107,0.5799561134199716,0.5843112396417527,0.5787910188661565,0.5735932308614285,0.37305952560744515,0.36441616629739887,0.5690975836830773,0.5773644002224302
5,3,0.20211848235599336,0.9405712124077927,5287,1.1405835705144065,0.9398410896708286,881,1.1413768339461792,0.9434,0.7862653918275295,0.0855570628321939,,,0.9582978664218276,,0.958310325786858,0.04168967421314196,0.9609497756795459,0.3718548097085702,5,0.1,0.5,0.5837676069517147,0.5839900835288616,0.5894966624676107,1.0,0.5836683872562044,0.5849441657558601,0.58867976039859,0.5855330159756021,0.378287727284485,0.3614474222550996,0.5700409546287478,0.5905601397248977
5,4,0.20195002984255553,0.9417223910840932,4935,1.160979756942162,0.9318734793187348,822,1.1413694389711935,0.9434,0.7826274990123148,0.08559511632062936,,,0.9588431534605342,,0.9588524672456202,0.04114753275437977,0.9609504445055616,0.37185490000601823,5,0.1,0.5,0.5711878893542701,0.5816276326078987,0.5799561134199716,0.5836683872562044,1.0,0.5889323576442669,0.5732124407833311,0.5904498086125466,0.3805497158464043,0.3600829967047655,0.5701982729704067,0.5867495925738945
5,5,0.21159205982359508,0.9404756803085494,4667,1.133885440826416,0.9447300771208226,778,1.1413827932680758,0.9434,0.7881031738690032,0.08567584819712927,,,0.9599999999856705,,0.9600020079313287,0.03999799206867127,0.960951869259707,0.37185507798720935,5,0.1,0.5,0.574140957760654,0.5843437987247159,0.5843112396417527,0.5849441657558601,0.5889323576442669,1.0,0.5869332997479974,0.585377044656972,0.37612646049846526,0.36916896315147424,0.5823183650546465,0.5997490451990793
5,6,0.2175956753335361,0.934201661801033,4453,1.1459573258956273,0.944743935309973,742,1.141387823100288,0.9434,0.7795245731973207,0.08477401751814015,,,0.9470772273154362,,0.9470960293157974,0.052903970684202606,0.9609065452276756,0.37185240377345574,5,0.1,0.5,0.5692808038625583,0.5763308059207419,0.5787910188661565,0.58867976039859,0.5732124407833311,0.5869332997479974,1.0,0.5759875945065871,0.38043810693506835,0.36072963285630066,0.569239649126913,0.5847511590542204
5,7,0.2214405065166083,0.9331774608370353,4277,1.143316439960314,0.9551192145862553,713,1.1413797818052882,0.9434,0.7812904313376217,0.08510601513413318,,,0.9518345834561109,,0.9518498067366096,0.04815019326339043,0.9609331599441119,0.3718535423928319,5,0.1,0.5,0.5697878473258596,0.5767130494493269,0.5735932308614285,0.5855330159756021,0.5904498086125466,0.585377044656972,0.5759875945065871,1.0,0.37816892214525144,0.3584764715671602,0.5835987204124583,0.5801062807492299
5,8,0.30261904070077716,0.9195931218212642,4129,1.147710686380213,0.9331395348837209,688,1.1417557692375426,0.9435,0.5639858720539944,0.0755181162222058,,,0.8144448927850106,,0.8144520857386678,0.18554791426133221,0.9602590976211957,0.37163226946028355,5,0.1,0.5,0.3692381881350114,0.3814358521656225,0.37305952560744515,0.378287727284485,0.3805497158464043,0.37612646049846526,0.38043810693506835,0.37816892214525144,1.0,0.2636692922203913,0.38252173074742235,0.3817705203500498
5,9,0.33604733233473133,0.9220694826293426,4001,1.1527985220863706,0.9400299850074962,667,1.1424988361593253,0.9431,0.5437761991192425,0.07451006262560911,,,0.8,,0.8,0.19999999999999996,0.9600766967516818,0.3715716426994209,5,0.1,0.5,0.3498658789604113,0.36016770725307623,0.36441616629739887,0.3614474222550996,0.3600829967047655,0.36916896315147424,0.36072963285630066,0.3584764715671602,0.2636692922203913,1.0,0.35529887119148446,0.3661819391543858
5,10,0.22847952224375284,0.9328362046798663,3889,1.1395127659752256,0.9459876543209876,648,1.1413969426109387,0.9434,0.7739920393405902,0.08463074374248618,,,0.9450241873429464,,0.945042919532152,0.054957080467847974,0.9609065759827016,0.37185183721680104,5,0.1,0.5,0.5631450721107408,0.5656876435664884,0.5690975836830773,0.5700409546287478,0.5701982729704067,0.5823183650546465,0.569239649126913,0.5835987204124583,0.38252173074742235,0.35529887119148446,1.0,0.583590072421559
5,11,0.24111774677739423,0.9255077815879715,3791,1.1651941061019897,0.939873417721519,632,1.1413683834167334,0.9434,0.7859280787557724,0.08534205991769755,,,0.9552169845531951,,0.9552381908538728,0.04476180914612715,0.960939272334475,0.3718542586563517,5,0.1,0.5,0.5668756768165247,0.5810476898189206,0.5773644002224302,0.5905601397248977,0.5867495925738945,0.5997490451990793,0.5847511590542204,0.5801062807492299,0.3817705203500498,0.3661819391543858,0.583590072421559,1.0
6,0,0.1760207490408467,0.946481616751887,8214,0.8890845650850341,0.9452154857560263,1369,0.9045984885943964,0.9477,0.7650813165909537,0.08351290727345935,,,0.9243975809229878,,0.9244064053009388,0.07559359469906124,0.9600242144072916,0.38544970576751153,5,0.1,0.5,1.0,0.5572822343324215,0.5619460345875016,0.5637619444639625,0.5507864525065143,0.5591425954633331,0.5500743028876167,0.546341914361783,0.5491804470158526,0.5469737698374333,0.5428265674555358,0.5454077554016294
6,1,0.18703151460334622,0.942957103742014,6574,0.90229811668396,0.9516423357664233,1096,0.9046041390385491,0.9477,0.767667462943496,0.08425492068614267,,,0.9393835372984856,,0.9393956126700467,0.060604387329953324,0.9600544757920082,0.38545611277308545,5,0.1,0.5,0.5572822343324215,1.0,0.5557335684349807,0.5589923113951306,0.5610313372267403,0.5649643145166333,0.5440580042636195,0.5532807887806582,0.5564770031270985,0.5488327132362399,0.5468010906887233,0.5456019361651233
6,2,0.20240067488987265,0.9393740273214595,5783,0.8708142080614644,0.9595435684647303,964,0.9045998589299358,0.9477,0.7709347629759395,0.08413131581108921,,,0.9368871710149552,,0.9369007579940766,0.06309924200592343,0.9600487346666239,0.38545522219902467,5,0.1,0.5,0.5619460345875016,0.5557335684349807,1.0,0.5589020946134636,0.5665615172330404,0.5664211264743906,0.5508545332608963,0.5558089003281377,0.5514382032744631,0.5596129924846521,0.5452299337206529,0.5527971117292052
6,3,0.1850627997979881,0.9457159069415547,5287,0.9067005089351109,0.945516458569807,881,0.9046317597928519,0.9477,0.7772807941753659,0.08505643952514437,,,0.9555712855926604,,0.9555895788364038,0.04441042116359617,0.9600696917879528,0.385460510514449,5,0.1,0.5,0.5637619444639625,0.5589923113951306,0.5589020946134636,1.0,0.5735360734247331,0.5684315159365798,0.5552049566835224,0.5582778508273235,0.5606598676339483,0.567284373265723,0.5518424299570369,0.5625015617414032
6,4,0.18271623657775982,0.9458156028368795,4935,0.9258158871760735,0.9367396593673966,822,0.9046221798220382,0.9478,0.77885874848426,0.0851378891141746,,,0.9572162693182175,,0.9572310626976558,0.04276893730234421,0.9600691333315903,0.3854608055751737,5,0.1,0.5,0.5507864525065143,0.5610313372267403,0.5665615172330404,0.5735360734247331,1.0,0.5696328351193313,0.5578588970640617,0.5670855949418511,0.5649319704537815,0.5672274385904438,0.5547979508090624,0.5604223245027159
6,5,0.19410643731626645,0.9448039425755304,4667,0.8945264244079589,0.9485861182519281,778,0.9046342098674836,0.9477,0.7812186700346165,0.08527572252543235,,,0.9599999999798036,,0.9600020079313287,0.03999799206867127,0.9600716600743257,0.38546124375217633,5,0.1,0.5,0.5591425954633331,0.5649643145166333,0.5664211264743906,0.5684315159365798,0.5696328351193313,1.0,0.5587929616230625,0.562508775331471,0.565356810618999,0.5742946541701528,0.5574636799079956,0.5689097010879748
6,6,0.20193157495833086,0.9381091399056816,4453,0.9084802890817324,0.9514824797843666,742,0.9046219825363768,0.9477,0.7658339679137216,0.08412460016734546,,,0.9367515395796511,,0.9367702424577079,0.0632297575422921,0.96005310394537,0.38545519552797497,5,0.1,0.5,0.5500743028876167,0.5440580042636195,0.5508545332608963,0.5552049566835224,0.5578588970640617,0.5587929616230625,1.0,0.5455728999477037,0.5567756887952984,0.5587821886053356,0.5471078894750772,0.553082841419038
6,7,0.19968525434135279,0.94150105213935,4277,0.9073353746662969,0.9565217391304348,713,0.9046288580178453,0.9477,0.7696620704004316,0.084483395580223,,,0.9439978943128724,,0.9440038150695246,0.05599618493047542,0.9600567822839131,0.3854575751888243,5,0.1,0.5,0.546341914361783,0.5532807887806582,0.5558089003281377,0.5582778508273235,0.5670855949418511,0.562508775331471,0.5455728999477037,1.0,0.5555896889295778,0.5532585152145051,0.5608940776352896,0.5516226287029252
6,8,0.20025562661458723,0.9412448534754178,4129,0.911907743323933,0.938953488372093,688,0.9051868972686914,0.9479,0.7672250120434497,0.07794868558994203,,,0.8120206589058424,,0.8120375483158476,0.18796245168415238,0.9592458236895851,0.385225376198611,5,0.1,0.5,0.5491804470158526,0.5564770031270985,0.5514382032744631,0.5606598676339483,0.5649319704537815,0.565356810618999,0.5567756887952984,0.5555896889295778,1.0,0.563552038416258,0.5552076126592512,0.5603315394058439
6,9,0.20142427889095704,0.9391652086978255,4001,0.9190134377706618,0.9415292353823088,667,0.9059908755671102,0.9474,0.7695637712617918,0.0773534956725331,,,0.8,,0.8,0.19999999999999996,0.959013385290878,0.3851710775314616,5,0.1,0.5,0.5469737698374333,0.5488327132362399,0.5596129924846521,0.567284373265723,0.5672274385904438,0.5742946541701528,0.5587821886053356,0.5532585152145051,0.563552038416258,1.0,0.5636809821156522,0.5623022775221816
6,10,0.20726492645325842,0.9399331447672924,3889,0.8998521197409857,0.9506172839506173,648,0.9046273119152545,0.9477,0.7662231719435688,0.08404201688471453,,,0.935083659390832,,0.9351086792831685,0.06489132071683146,0.9600512116296677,0.38545458926762244,5,0.1,0.5,0.5428265674555358,0.5468010906887233,0.5452299337206529,0.5518424299570369,0.5547979508090624,0.5574636799079956,0.5471078894750772,0.5608940776352896,0.5552076126592512,0.5636809821156522,1.0,0.5569340364663974
