round,client_id,client_i_training_loss,client_i_training_accuracy,client_i_training_dataset_size,client_i_evaluation_loss,client_i_evaluation_accuracy,client_i_evaluation_dataset_size,client_i_central_evaluation_loss,client_i_central_evaluation_accuracy,client_i_cosine_similarity,client_i_importance_coefficient,client_i_tanh_val,tanh_normalization_value,client_i_q,client_i_mask_order,client_i_v_nonzero_fraction,client_i_v_sparsity,client_i_v_cosine_similarity,client_i_reward_gradient_norm,local_epochs,learning_rate,gamma,client_0_cosine_similarity,client_1_cosine_similarity,client_2_cosine_similarity,client_3_cosine_similarity,client_4_cosine_similarity,client_5_cosine_similarity,client_6_cosine_similarity,client_7_cosine_similarity,client_8_cosine_similarity,client_9_cosine_similarity,client_10_cosine_similarity,client_11_cosine_similarity
0,0,0.2805017502963949,0.9143413683954225,8214,2.183402516121088,0.36449963476990505,1369,2.18470841170119,0.3823,0.8048556656795741,0.08533111584980585,,,0.9644151342547097,,0.9644244766828974,0.035575523317102564,0,0.3944629964870377,5,0.1,0.5,1.0,0.5705714171546845,0.5913078692821023,0.5842697121726013,0.5819519314562861,0.5928064443778632,0.5744940407450848,0.5936366952853377,0.5228145483712892,0.5687814900133176,0.5877445403168995,0.5721326519344512
0,1,0.3000248515047133,0.90657134164892,6574,2.18156144959586,0.395985401459854,1096,2.1847012149640164,0.3825,0.7974652758038543,0.08454758379362307,,,0.9379523183003802,,0.9379649615983133,0.06203503840168667,0,0.39446005683924734,5,0.1,0.5,0.5705714171546845,1.0,0.6005007341464623,0.6046436893367647,0.6002164818316158,0.5995783230250601,0.5872857971747399,0.5775108520411573,0.5217081510528563,0.5766963439146364,0.601603129806102,0.5728785879894686
0,2,0.3301059472688489,0.8968009683555248,5783,2.188540312551683,0.3921161825726141,964,2.184708706487101,0.3823,0.8064153762970261,0.08549647698605081,,,0.9699999999662262,,0.9700015059484965,0.029998494051503455,0,0.3944632708576151,5,0.1,0.5,0.5913078692821023,0.6005007341464623,1.0,0.6029736991569731,0.6081691216269501,0.6196307880941637,0.6060635660381708,0.6074789011858146,0.5390285786443139,0.5875263712986435,0.6116395859322962,0.5938920576953982
0,3,0.33855285443230926,0.8939663325137129,5287,2.1815804753984724,0.40068104426787743,881,2.1847010298658867,0.3826,0.7987367761326156,0.08468238876112615,,,0.9425051876011497,,0.9425229657145726,0.057477034285427386,0,0.3944608561986865,5,0.1,0.5,0.5842697121726013,0.6046436893367647,0.6029736991569731,1.0,0.612545193652727,0.6078353321147738,0.5933790940553343,0.6110636371044521,0.5336078130995607,0.5867245300586184,0.6070805558448699,0.5891321713262418
0,4,0.3369850274331627,0.8933333333333333,4935,2.1773830560537486,0.3905109489051095,822,2.1847020711380836,0.3825,0.7979725381694039,0.08460136395014893,,,0.9397686758736394,,0.9397771196225089,0.06022288037749113,0,0.3944603942078686,5,0.1,0.5,0.5819519314562861,0.6002164818316158,0.6081691216269501,0.612545193652727,1.0,0.6117090823245189,0.5997340322539155,0.6172169592664434,0.5316500924232108,0.5909245528031946,0.607238958011176,0.5987006403827841
0,5,0.3554984764846629,0.888793657595886,4667,2.1900633239746092,0.37789203084832906,778,2.184700868381098,0.3825,0.7982629941781934,0.08463215821102345,,,0.9408087135486033,,0.94082626374178,0.05917373625821998,0,0.3944605713828682,5,0.1,0.5,0.5928064443778632,0.5995783230250601,0.6196307880941637,0.6078353321147738,0.6117090823245189,1.0,0.6041356682835994,0.610614925919982,0.5346368284137546,0.5834756148801723,0.6104186707835785,0.6000741271002676
0,6,0.36073583431674966,0.8852009880979115,4453,2.1922544141610465,0.37331536388140163,742,2.1847133217528225,0.3821,0.7842449783115429,0.08314596262725803,,,0.8906143151254877,,0.890633000351388,0.10936699964861196,0,0.394440021111608,5,0.1,0.5,0.5744940407450848,0.5872857971747399,0.6060635660381708,0.5933790940553343,0.5997340322539155,0.6041356682835994,1.0,0.5949493038321046,0.5360510361450441,0.5858154691519806,0.5995821731024978,0.5896079182109677
0,7,0.36093342465890654,0.886088379705401,4277,2.1791354262310527,0.3800841514726508,713,2.184704717355795,0.3823,0.7914762889542708,0.08391262904027201,,,0.9165075150601464,,0.9165302946639224,0.08346970533607756,0,0.39445435521581057,5,0.1,0.5,0.5936366952853377,0.5775108520411573,0.6074789011858146,0.6110636371044521,0.6172169592664434,0.610614925919982,0.5949493038321046,1.0,0.5434641049870029,0.5868067199416284,0.6149693103636484,0.5917169103650763
0,8,0.45392661492985026,0.865342697989828,4129,2.1903442686254326,0.3648255813953488,688,2.185441382776815,0.3804,0.7170475341118929,0.07602166302880803,,,0.65,,0.650002509914161,0.349997490085839,0,0.3933538272434054,5,0.1,0.5,0.5228145483712892,0.5217081510528563,0.5390285786443139,0.5336078130995607,0.5316500924232108,0.5346368284137546,0.5360510361450441,0.5434641049870029,1.0,0.534709752199881,0.5532183325465919,0.5352930894207474
0,9,0.3915735079787694,0.8803799050237441,4001,2.182557912099929,0.391304347826087,667,2.184756521218882,0.382,0.7704297473900933,0.08168126638354746,,,0.8411460300432646,,0.8411625922393454,0.15883740776065458,0,0.3943862182542241,5,0.1,0.5,0.5687814900133176,0.5766963439146364,0.5875263712986435,0.5867245300586184,0.5909245528031946,0.5834756148801723,0.5858154691519806,0.5868067199416284,0.534709752199881,1.0,0.6066417663939486,0.5750957334339738
0,10,0.37267180310226367,0.8868089483157624,3889,2.189008951187134,0.35802469135802467,648,2.184707522773133,0.3824,0.7930622332548015,0.08408077148196764,,,0.9221863158872374,,0.9222027006676372,0.07779729933236279,0,0.39445625584697797,5,0.1,0.5,0.5877445403168995,0.601603129806102,0.6116395859322962,0.6070805558448699,0.607238958011176,0.6104186707835785,0.5995821731024978,0.6149693103636484,0.5532183325465919,0.6066417663939486,1.0,0.5973535022133357
0,11,0.4108976383263073,0.8735953574254814,3791,2.184848439693451,0.3987341772151899,632,2.1847491226257225,0.3821,0.7721780289567112,0.0818666198863686,,,0.8474061129498177,,0.8474223181567191,0.1525776818432809,0,0.3943955655248984,5,0.1,0.5,0.5721326519344512,0.5728785879894686,0.5938920576953982,0.5891321713262418,0.5987006403827841,0.6000741271002676,0.5896079182109677,0.5917169103650763,0.5352930894207474,0.5750957334339738,0.5973535022133357,1.0
1,0,0.2516933478059878,0.9233503774044315,8214,2.0234576158745345,0.7121986851716582,1369,2.0262556849196316,0.7029,0.7964981645772946,0.08415354111436575,,,0.9465571773754016,,0.9465789869986446,0.05342101300135538,0.9610976926510185,0.40546433886843336,5,0.1,0.5,1.0,0.6091310845960352,0.6070461729940507,0.6175365811359573,0.6171628101793926,0.6208644619272538,0.6097968206980527,0.6073169132289737,0.6060121686175888,0.6091193758849696,0.6287101508442853,0.6079795294236192
1,1,0.2713456149741971,0.9162762397322787,6574,2.0225021736962456,0.7171532846715328,1096,2.026248385731024,0.7028,0.8028015318463253,0.08385477552353683,,,0.931522917641779,,0.931539581346318,0.06846041865368202,0.9610885867711294,0.4054613580088667,5,0.1,0.5,0.6091310845960352,1.0,0.6190256734087203,0.6189480735069431,0.617240484545858,0.6214107478543066,0.6167011230108317,0.6208498620354937,0.6170026682934632,0.617917646610569,0.6367246737078807,0.61144424682076
1,2,0.29389759315723213,0.9106000345841259,5783,2.03092868866459,0.6939834024896265,964,2.026258448061471,0.703,0.8067408752635399,0.08461940434017114,,,0.9699999999496787,,0.9700015059484965,0.029998494051503455,0.9611036933541088,0.4054664724797714,5,0.1,0.5,0.6070461729940507,0.6190256734087203,1.0,0.6302642471738968,0.6198286111412912,0.6183991143878025,0.6241859887959867,0.6273635517798094,0.6139151550857355,0.6137466121028834,0.641995388972031,0.62429348578736
1,3,0.29588566126907806,0.9093625874787213,5287,2.0213272656713213,0.713961407491487,881,2.0262457718864417,0.7029,0.8107989681170057,0.08422228254740735,,,0.9500163326146025,,0.950037648712414,0.04996235128758597,0.9610960362320895,0.40546480913011923,5,0.1,0.5,0.6175365811359573,0.6189480735069431,0.6302642471738968,1.0,0.633624557710997,0.6241611869109043,0.6316254170770779,0.6269986215090478,0.6240901521952569,0.6203592908759026,0.6341901534388791,0.6218885357423067
1,4,0.29516939929416103,0.9110030395136778,4935,2.017318620131566,0.7043795620437956,822,2.0262508011473632,0.7029,0.8172524638750085,0.0843933200066624,,,0.9586231523607619,,0.9586366146277797,0.041363385372220285,0.9610985488134012,0.4054657211116873,5,0.1,0.5,0.6171628101793926,0.617240484545858,0.6198286111412912,0.633624557710997,1.0,0.6408990061971335,0.6388478283507443,0.635969704067778,0.6318490087111264,0.6342349741027243,0.6579900209458053,0.6199014821258895
1,5,0.31419788347046873,0.9040497107349476,4667,2.0343650197982788,0.6773778920308483,778,2.026249734357523,0.7029,0.8170382826465853,0.08440622988520834,,,0.9592727936619929,,0.9592791526529793,0.04072084734702075,0.9610986769856541,0.4054657719275189,5,0.1,0.5,0.6208644619272538,0.6214107478543066,0.6183991143878025,0.6241611869109043,0.6408990061971335,1.0,0.6398828154574385,0.6465585477231488,0.6325205754878699,0.6284202636179732,0.648620004406004,0.6236581574113976
1,6,0.32269136964476536,0.9012800359308332,4453,2.0380237996578217,0.7088948787061995,742,2.0262429379045774,0.703,0.8136750180776459,0.0833063266169721,,,0.903924279896922,,0.9039355454043472,0.09606445459565283,0.9610086103923691,0.4054506243392771,5,0.1,0.5,0.6097968206980527,0.6167011230108317,0.6241859887959867,0.6316254170770779,0.6388478283507443,0.6398828154574385,1.0,0.6300585003976261,0.6202421683023528,0.6328565936042021,0.6431164987664261,0.6311760963041889
1,7,0.31322706151308854,0.9034837502922609,4277,2.0192191030668174,0.7110799438990182,713,2.0262554548799803,0.7029,0.8158908875387814,0.08389045915493702,,,0.9333185627869273,,0.933331660057226,0.06666833994277399,0.9610664732732046,0.40546177263110333,5,0.1,0.5,0.6073169132289737,0.6208498620354937,0.6273635517798094,0.6269986215090478,0.635969704067778,0.6465585477231488,0.6300585003976261,1.0,0.6281819300667593,0.632968286701655,0.6471702746220711,0.633854083322778
1,8,0.3538318949562605,0.8940663598934366,4129,2.0384345813231035,0.6758720930232558,688,2.028412331788304,0.6985,0.804059804793439,0.07826026257036327,,,0.65,,0.650002509914161,0.349997490085839,0.9580188915403248,0.4042327126991709,5,0.1,0.5,0.6060121686175888,0.6170026682934632,0.6139151550857355,0.6240901521952569,0.6318490087111264,0.6325205754878699,0.6202421683023528,0.6281819300667593,1.0,0.6207113950125488,0.6399449290385557,0.6232759973473845
1,9,0.3367098094940293,0.898875281179705,4001,2.0242988665898642,0.6986506746626686,667,2.0263890370774194,0.7029,0.8083959340041654,0.08215395917179233,,,0.8459357028612069,,0.8459515084584107,0.15404849154158928,0.9608177585987931,0.40539113992123943,5,0.1,0.5,0.6091193758849696,0.617917646610569,0.6137466121028834,0.6203592908759026,0.6342349741027243,0.6284202636179732,0.6328565936042021,0.632968286701655,0.6207113950125488,1.0,0.6416271445690246,0.6221862407553129
1,10,0.31823919035005765,0.9046541527384931,3889,2.0256820576531545,0.7052469135802469,648,2.0262584495849123,0.7028,0.8295826151381612,0.08447820812816552,,,0.9628948292410757,,0.9629034687013704,0.037096531298629554,0.9610820684563564,0.405466057536226,5,0.1,0.5,0.6287101508442853,0.6367246737078807,0.641995388972031,0.6341901534388791,0.6579900209458053,0.648620004406004,0.6431164987664261,0.6471702746220711,0.6399449290385557,0.6416271445690246,1.0,0.6496293154617778
1,11,0.36316856249165136,0.8910577683988393,3791,2.0292636334896086,0.6977848101265823,632,2.0263726657952743,0.7029,0.8079562094617256,0.08226123094041797,,,0.8513337529751053,,0.8513528437327443,0.14864715626725566,0.9608361075361705,0.4053993961471056,5,0.1,0.5,0.6079795294236192,0.61144424682076,0.62429348578736,0.6218885357423067,0.6199014821258895,0.6236581574113976,0.6311760963041889,0.633854083322778,0.6232759973473845,0.6221862407553129,0.6496293154617778,1.0
2,0,0.22840106713545694,0.931409788166545,8214,1.8236960865730463,0.8546384222059897,1369,1.8283382482802906,0.8431,0.8027332915438643,0.08355093521893664,,,0.894982266681692,,0.8949902113347723,0.1050097886652277,0.9683781675541819,0.40602862199639167,5,0.1,0.5,1.0,0.6249626864014476,0.6190016003503037,0.632137054169996,0.6183332405650855,0.6178599326982254,0.6167965680373939,0.6179674683759251,0.6193717916155086,0.6037245931244649,0.6328361303532801,0.6155483582820573
2,1,0.2452212396231525,0.9250380285975053,6574,1.8233043364116124,0.8549270072992701,1096,1.8283199399424057,0.843,0.8121988769724234,0.0836827519672065,,,0.9040830507880598,,0.904101199738969,0.09589880026103104,0.968398402451243,0.40603505560666625,5,0.1,0.5,0.6249626864014476,1.0,0.6263901936740163,0.6421676358598905,0.6321887460557764,0.6324865681275053,0.629829509184201,0.6233642151841011,0.6240382233882504,0.6115085720108479,0.6433038191958893,0.6215995277321801
2,2,0.2654087108750287,0.9198685803216323,5783,1.8333128806083434,0.8360995850622407,964,1.8283271305858138,0.8431,0.8110061817496815,0.08414667157863695,,,0.93611260910864,,0.9361327242608303,0.06386727573916973,0.9684401006557029,0.4060485965667031,5,0.1,0.5,0.6190016003503037,0.6263901936740163,1.0,0.640226687948851,0.6307797251172351,0.63578447549511,0.6291182643172176,0.6209288191448314,0.6255874649376617,0.603307202280657,0.6380799496486013,0.6277845481230375
2,3,0.26875436542757664,0.9187062606393039,5287,1.821540083203997,0.8399545970488081,881,1.8283132486069165,0.8431,0.8203770289978415,0.08421017998684038,,,0.9404973046771826,,0.9405100145575022,0.05948998544249784,0.9684364161303344,0.4060495308593204,5,0.1,0.5,0.632137054169996,0.6421676358598905,0.640226687948851,1.0,0.6373182411825331,0.6382821712882489,0.6379228095303853,0.6345969746890454,0.6370164714567179,0.6179732960523417,0.6448237106553267,0.627940780937804
2,4,0.26198889229416605,0.9206889564336372,4935,1.8181764162503755,0.8564476885644768,822,1.8283194672947112,0.8431,0.813104058648258,0.08407021498757711,,,0.9308339556910941,,0.9308518648662216,0.06914813513377838,0.9684334669694291,0.4060471541682366,5,0.1,0.5,0.6183332405650855,0.6321887460557764,0.6307797251172351,0.6373182411825331,1.0,0.631022305497183,0.6346440692371066,0.6238039466918252,0.6331537517630864,0.6096269766708123,0.6399400887707968,0.6281989609692397
2,5,0.2856660363506781,0.9109920719948575,4667,1.8386953115463256,0.8406169665809768,778,1.828316413556425,0.8431,0.8162032420029114,0.08418656567029763,,,0.9388669443512315,,0.9388785703528939,0.061121429647106096,0.9684413354945618,0.40604919873938367,5,0.1,0.5,0.6178599326982254,0.6324865681275053,0.63578447549511,0.6382821712882489,0.631022305497183,1.0,0.6332676728304495,0.6408132444860108,0.6391591994100366,0.6091809621368452,0.6438648643960674,0.6275318377454735
2,6,0.28051659042547855,0.9125533348304514,4453,1.8444802711407344,0.8517520215633423,742,1.8283394479903932,0.8428,0.8138562923381384,0.0833778923149872,,,0.8830351800583838,,0.8830480397570403,0.11695196024295973,0.968326830335922,0.4060185975188647,5,0.1,0.5,0.6167965680373939,0.629829509184201,0.6291182643172176,0.6379228095303853,0.6346440692371066,0.6332676728304495,1.0,0.629679448210069,0.6356801728153112,0.6059668630208396,0.6471947876695543,0.6310258908616996
2,7,0.27885982451070823,0.918260462941314,4277,1.81987784738126,0.8555399719495091,713,1.8283177115284979,0.8431,0.8126699675200657,0.08372272725405852,,,0.9068429918426337,,0.9068570854876763,0.0931429145123237,0.9684011062599074,0.40603662200200275,5,0.1,0.5,0.6179674683759251,0.6233642151841011,0.6209288191448314,0.6345969746890454,0.6238039466918252,0.6408132444860108,0.629679448210069,1.0,0.6309709465674873,0.6144880676141377,0.6476598537941229,0.6327777929363724
2,8,0.2922904728796297,0.9106321143133931,4129,1.8482412750070745,0.8066860465116279,688,1.8321649228422026,0.8392,0.8127091622967829,0.08000258538442466,,,0.65,,0.650002509914161,0.349997490085839,0.9654287713173123,0.4046910175326754,5,0.1,0.5,0.6193717916155086,0.6240382233882504,0.6255874649376617,0.6370164714567179,0.6331537517630864,0.6391591994100366,0.6356801728153112,0.6309709465674873,1.0,0.6069025732364389,0.6520223129477696,0.6381527302814111
2,9,0.30419570785644096,0.9078230442389402,4001,1.8282106149764288,0.8305847076461769,667,1.8287606688734062,0.8422,0.7915352907632288,0.0818396640747816,,,0.776834084187242,,0.7768485517795292,0.22315144822047084,0.9677681137420974,0.4057609992106166,5,0.1,0.5,0.6037245931244649,0.6115085720108479,0.603307202280657,0.6179732960523417,0.6096269766708123,0.6091809621368452,0.6059668630208396,0.6144880676141377,0.6069025732364389,1.0,0.6278057115354878,0.6083729214970767
2,10,0.28137898364516556,0.9172023656466958,3889,1.82316217536018,0.8333333333333334,648,1.8283308226460466,0.843,0.827797655882078,0.08463750023838093,,,0.9699999999309588,,0.9700015059484965,0.029998494051503455,0.968454157273966,0.4060530413156086,5,0.1,0.5,0.6328361303532801,0.6433038191958893,0.6380799496486013,0.6448237106553267,0.6399400887707968,0.6438648643960674,0.6471947876695543,0.6476598537941229,0.6520223129477696,0.6278057115354878,1.0,0.6452042899254266
2,11,0.3216459844136188,0.9049327354260089,3791,1.83503138422966,0.8338607594936709,632,1.828564544455312,0.8426,0.8105568876607199,0.08257231132387184,,,0.8274169162447012,,0.8274283419507052,0.17257165804929475,0.9680652299763232,0.40593064935946266,5,0.1,0.5,0.6155483582820573,0.6215995277321801,0.6277845481230375,0.627940780937804,0.6281989609692397,0.6275318377454735,0.6310258908616996,0.6327777929363724,0.6381527302814111,0.6083729214970767,0.6452042899254266,1.0
3,0,0.21241993283678992,0.9357925493060628,8214,1.6056201818377474,0.9094229364499635,1369,1.6127211205875531,0.8979,0.7953381649914638,0.08361818472795826,,,0.9138640120640896,,0.9138748054816526,0.08612519451834744,0.9681051495832355,0.3958091693394199,5,0.1,0.5,1.0,0.6126920510578489,0.6098184667841626,0.6096206084766116,0.6173397623202491,0.6136961619528254,0.6013746366222164,0.6104174487072985,0.6147177578910688,0.4440250881485149,0.6100810872096799,0.6077942022504136
3,1,0.22330688667230453,0.9326437480985701,6574,1.6064089604786465,0.9105839416058394,1096,1.6126981185267146,0.898,0.8050319179909687,0.08404625034645245,,,0.9294690875990622,,0.9294764319060288,0.0705235680939712,0.9681328309911508,0.3958154414147893,5,0.1,0.5,0.6126920510578489,1.0,0.6274594401402804,0.6207649372806952,0.6227039565217216,0.6209869931965325,0.6205034645105513,0.6076336416582657,0.6201115630347462,0.44930287139167235,0.6322302249974658,0.6082223778130132
3,2,0.24568411942046567,0.9272695832612831,5783,1.6174813547442037,0.9014522821576764,964,1.6127026580012263,0.8979,0.8029920828253542,0.08428398808151967,,,0.9381357853036982,,0.9381506952462226,0.06184930475377737,0.9681694089620371,0.39581792539336236,5,0.1,0.5,0.6098184667841626,0.6274594401402804,1.0,0.6202276042822323,0.6208810561314246,0.6173783985103236,0.6112886395372692,0.6134950044858218,0.6181762375616672,0.4403458004384883,0.6250616186481814,0.6170258541737044
3,3,0.24538532973334462,0.9251749574427842,5287,1.6046465933322906,0.9012485811577753,881,1.6126929986210297,0.898,0.8064568200521687,0.08444791823220332,,,0.9441118372764696,,0.9441242909492495,0.055875709050750455,0.9681735883934318,0.3958192058101428,5,0.1,0.5,0.6096206084766116,0.6207649372806952,0.6202276042822323,1.0,0.6247846228558116,0.6203197378860893,0.6177939558889559,0.6239814626516518,0.6172890759083011,0.45237187238883614,0.6292274731866664,0.6174315426594694
3,4,0.2359615199263358,0.9285511651469098,4935,1.6029024766041682,0.9148418491484185,822,1.6127099575706945,0.8979,0.8120327928308366,0.08455026981452744,,,0.9478430506799436,,0.9478540233924,0.05214597660760001,0.9681640042089292,0.3958198567182203,5,0.1,0.5,0.6173397623202491,0.6227039565217216,0.6208810561314246,0.6247846228558116,1.0,0.6258197953611635,0.6248708122626234,0.6279096115107385,0.6308609063977026,0.4497730972661684,0.6448108822184665,0.6178011645430029
3,5,0.25355467247419466,0.9228626526676666,4667,1.6244263362884521,0.8868894601542416,778,1.6127058804606478,0.8979,0.80976695851426,0.08454833372412145,,,0.9477724707601303,,0.9477837457958938,0.05221625420410625,0.9681708455337416,0.3958198498542829,5,0.1,0.5,0.6136961619528254,0.6209869931965325,0.6173783985103236,0.6203197378860893,0.6258197953611635,1.0,0.6309237979375545,0.6244611421271709,0.6299118235985279,0.4466490441352324,0.6360425719090038,0.6194883577749433
3,6,0.25552317385960904,0.9238715472715023,4453,1.6331617285807927,0.889487870619946,742,1.6127241952731586,0.8978,0.8056672259971573,0.08386527836917514,,,0.9228717780906271,,0.9228853973194117,0.07711460268058834,0.9680746186195407,0.39581313092685744,5,0.1,0.5,0.6013746366222164,0.6205034645105513,0.6112886395372692,0.6177939558889559,0.6248708122626234,0.6309237979375545,1.0,0.6259674258164671,0.6246104425362821,0.4424781280513694,0.6307412901291949,0.6196800238268959
3,7,0.2548472394221532,0.9251812017769464,4277,1.6028363393700642,0.9102384291725105,713,1.6126937435838742,0.8979,0.8079844641064976,0.0841765157195354,,,0.9342178945546442,,0.934230209326841,0.06576979067315902,0.9681338488239214,0.39581690815404214,5,0.1,0.5,0.6104174487072985,0.6076336416582657,0.6134950044858218,0.6239814626516518,0.6279096115107385,0.6244611421271709,0.6259674258164671,1.0,0.6274657112464708,0.4537810199345632,0.6341176011464759,0.6217336000765651
3,8,0.264220337572221,0.9169774763865343,4129,1.640445053577423,0.8604651162790697,688,1.6172829889260922,0.8953,0.8085310012505362,0.08171527531242105,,,0.8444937008717844,,0.8445007780733899,0.15549922192661014,0.964877638212857,0.39573005889589713,5,0.1,0.5,0.6147177578910688,0.6201115630347462,0.6181762375616672,0.6172890759083011,0.6308609063977026,0.6299118235985279,0.6246104425362821,0.6274657112464708,1.0,0.4447693675043865,0.6416316105204597,0.6228528028571745
3,9,0.39982070742004316,0.8918270432391902,4001,1.6163524332500638,0.8875562218890555,667,1.614430806888178,0.8967,0.6215934763772769,0.07638008381204546,,,0.65,,0.650002509914161,0.349997490085839,0.9651996462551878,0.39440012009725145,5,0.1,0.5,0.4440250881485149,0.44930287139167235,0.4403458004384883,0.45237187238883614,0.4497730972661684,0.4466490441352324,0.4424781280513694,0.4537810199345632,0.4447693675043865,1.0,0.45245224379547083,0.4386479950960329
3,10,0.25277039593650547,0.9271792234507585,3889,1.6025788500195457,0.8966049382716049,648,1.6127214824048857,0.898,0.8185741531645976,0.08515806105384399,,,0.9699999999635451,,0.9700015059484965,0.029998494051503455,0.9681857056081448,0.3958221692552507,5,0.1,0.5,0.6100810872096799,0.6322302249974658,0.6250616186481814,0.6292274731866664,0.6448108822184665,0.6360425719090038,0.6307412901291949,0.6341176011464759,0.6416316105204597,0.45245224379547083,1.0,0.6312382521351266
3,11,0.2928066950479225,0.9144816671063044,3791,1.623170155286789,0.8718354430379747,632,1.6129454766599516,0.8975,0.8022957424734632,0.08320984080619638,,,0.8989778883764252,,0.898985994678982,0.10101400532101801,0.967850517540948,0.3957991851139469,5,0.1,0.5,0.6077942022504136,0.6082223778130132,0.6170258541737044,0.6174315426594694,0.6178011645430029,0.6194883577749433,0.6196800238268959,0.6217336000765651,0.6228528028571745,0.4386479950960329,0.6312382521351266,1.0
4,0,0.2017244823537912,0.9395665936206476,8214,1.3682560477145882,0.9393718042366691,1369,1.378051590233946,0.926,0.7950708626666497,0.08391033319369275,,,0.9300749117051152,,0.930093870789619,0.06990612921038097,0.9664351730089932,0.3925683990799029,5,0.1,0.5,1.0,0.6092724062917156,0.6052701228313748,0.6069161985173808,0.6065569026242147,0.6036787056365155,0.5902271130043509,0.5979217340518193,0.5798331098899252,0.48048907352777415,0.6016163640400796,0.5971655067044541
4,1,0.20736042080284323,0.9369333738971707,6574,1.37057341166905,0.9233576642335767,1096,1.3780216866027053,0.9259,0.7984308639956282,0.08431489551108758,,,0.941637098841151,,0.9416545354148889,0.05834546458511114,0.966446504380461,0.39257159813691356,5,0.1,0.5,0.6092724062917156,1.0,0.6146937542215014,0.6083762089628404,0.6077819577782677,0.6110686171140552,0.5999911731545056,0.5973976381009969,0.5764021354606674,0.48065340555202285,0.609980956252598,0.5924264520845727
4,2,0.22517884900916924,0.9346014179491613,5783,1.3831219903884395,0.9232365145228216,964,1.3780232626028335,0.9259,0.7998920973519955,0.08452532991462461,,,0.9476512080375363,,0.9476682897444907,0.05233171025550931,0.9664503790777889,0.39257279914910187,5,0.1,0.5,0.6052701228313748,0.6146937542215014,1.0,0.6052600545091282,0.6052054536315228,0.6145803455462635,0.5961433308589563,0.60543787124303,0.583209529160563,0.4726023127151971,0.6118818155587926,0.6058520613253209
4,3,0.2316614522377074,0.9315679969737091,5287,1.3691896796226501,0.9307604994324631,881,1.3780161995476428,0.9259,0.7965776108452862,0.08451829647462705,,,0.9474501958671852,,0.9474674966116159,0.05253250338838411,0.9664537397854401,0.3925727380344781,5,0.1,0.5,0.6069161985173808,0.6083762089628404,0.6052600545091282,1.0,0.6115547829483954,0.6058214796288548,0.5948204957461375,0.6066421778875323,0.5785797844006694,0.4753647530711548,0.6072913952557778,0.5877983043528728
4,4,0.2183739453686341,0.9322391084093212,4935,1.367897895666269,0.9355231143552312,822,1.3780346499464382,0.9259,0.801409452322754,0.08475683002402802,,,0.9542673644906908,,0.9542794036443953,0.04572059635560466,0.9664582249125014,0.39257384373565146,5,0.1,0.5,0.6065569026242147,0.6077819577782677,0.6052054536315228,0.6115547829483954,1.0,0.6069546718805632,0.6060660406643366,0.610720379518161,0.587334558376425,0.48127552143850005,0.617339462635574,0.5930118184511992
4,5,0.23429385790193122,0.9310049282194129,4667,1.3913461971282959,0.9151670951156813,778,1.3780284495399402,0.9259,0.8028823511645907,0.08480738120411858,,,0.9557120917404216,,0.9557301340294162,0.0442698659705838,0.9664583051748289,0.39257404689006015,5,0.1,0.5,0.6036787056365155,0.6110686171140552,0.6145803455462635,0.6058214796288548,0.6069546718805632,1.0,0.6085640348066581,0.6146404096457065,0.5921938248016549,0.4742584103836724,0.6159781802674208,0.599393354625284
4,6,0.23894577449187637,0.9264316191331686,4453,1.4028759449720383,0.9164420485175202,742,1.3780664574985686,0.9258,0.7914164901471356,0.08394695550689077,,,0.9311215589590581,,0.9311379950805683,0.06886200491943173,0.9664329053748137,0.3925687338665637,5,0.1,0.5,0.5902271130043509,0.5999911731545056,0.5961433308589563,0.5948204957461375,0.6060660406643366,0.6085640348066581,1.0,0.6017422129077061,0.5789458145659541,0.46693779934151736,0.6045909794211703,0.5942976468665174
4,7,0.2305761863018817,0.9312602291325696,4277,1.36637892930404,0.9326788218793829,713,1.3780197305039477,0.9259,0.7998873692764781,0.08445328597334857,,,0.9455922285052479,,0.9456101601325234,0.054389839867476586,0.9664492129330396,0.39257242478146886,5,0.1,0.5,0.5979217340518193,0.5973976381009969,0.60543787124303,0.6066421778875323,0.610720379518161,0.6146404096457065,0.6017422129077061,1.0,0.5942078396456578,0.4746958845351701,0.614263346045773,0.6033011977533336
4,8,0.26010388893075287,0.9231290869459917,4129,1.4117810455235569,0.9040697674418605,688,1.383195516400444,0.9247,0.7743775795129433,0.08190926388393369,,,0.8728853593498678,,0.8728979468902164,0.12710205310978362,0.9661683113824343,0.39252633649260293,5,0.1,0.5,0.5798331098899252,0.5764021354606674,0.583209529160563,0.5785797844006694,0.587334558376425,0.5921938248016549,0.5789458145659541,0.5942078396456578,1.0,0.45156778782401574,0.5930862254447472,0.577426664505873
4,9,0.32599883503853416,0.9127718070482379,4001,1.3863354240145003,0.9205397301349325,667,1.3812464772702786,0.9257,0.6541898032734154,0.07411047837466549,,,0.65,,0.650002509914161,0.349997490085839,0.9629995926394526,0.39113423588491825,5,0.1,0.5,0.48048907352777415,0.48065340555202285,0.4726023127151971,0.4753647530711548,0.48127552143850005,0.4742584103836724,0.46693779934151736,0.4746958845351701,0.45156778782401574,1.0,0.4830335023651647,0.4658710293406307
4,10,0.23233265328511107,0.9323219336590383,3889,1.3632529236021496,0.9382716049382716,648,1.378038811988343,0.9259,0.8055002490775321,0.08530731683019421,,,0.9699999999714204,,0.9700015059484965,0.029998494051503455,0.9664642090830433,0.3925753553137643,5,0.1,0.5,0.6016163640400796,0.609980956252598,0.6118818155587926,0.6072913952557778,0.617339462635574,0.6159781802674208,0.6045909794211703,0.614263346045773,0.5930862254447472,0.4830335023651647,1.0,0.610596519173394
4,11,0.26577163296712547,0.9228699551569507,3791,1.3915741086006164,0.9129746835443038,632,1.378316908598708,0.926,0.7894572351802422,0.08343963310878877,,,0.9166225405064002,,0.9166407308870037,0.08335926911299629,0.9664019752164741,0.3925627619732607,5,0.1,0.5,0.5971655067044541,0.5924264520845727,0.6058520613253209,0.5877983043528728,0.5930118184511992,0.599393354625284,0.5942976468665174,0.6033011977533336,0.577426664505873,0.4658710293406307,0.610596519173394,1.0
5,0,0.1882682846909831,0.9453128804480155,8214,1.1175986583842787,0.9525200876552228,1369,1.1299382274904952,0.9387,0.7817931427048778,0.08354253199056479,,,0.9128069009653199,,0.9128256613623814,0.08717433863761859,0.9677956755187427,0.3934300859948016,5,0.1,0.5,1.0,0.5815944217930371,0.5763640180394555,0.5808746170108924,0.5800922805902714,0.5845281425849231,0.5690714886702166,0.5853425737941594,0.5790674198494414,0.5775218257607987,0.5867185810060457,0.5776504087980215
5,1,0.19484699157301735,0.9408579251597201,6574,1.1210366215024676,0.9388686131386861,1096,1.1298660754014889,0.9387,0.7824795121765485,0.08383692582459303,,,0.9245109376081575,,0.9245268811806636,0.07547311881933638,0.9678047195448309,0.39343578903626336,5,0.1,0.5,0.5815944217930371,1.0,0.5875695001526446,0.5853568071898203,0.5781611746845773,0.5913638799055622,0.5779958058581515,0.5777628573237857,0.5708259182730061,0.5780059945589331,0.5846979961536604,0.5696363635370041
5,2,0.2096972195935842,0.9375410686494899,5783,1.1352514682277557,0.9315352697095436,964,1.129854328716144,0.9387,0.7861837393081622,0.08410774254077717,,,0.9352776331137711,,0.9352994327593996,0.06470056724060036,0.9678111995180264,0.3934395287169009,5,0.1,0.5,0.5763640180394555,0.5875695001526446,1.0,0.5846029755433708,0.5799370284176171,0.5914108064403436,0.5789191918279084,0.5877124878389184,0.5791995378610251,0.5805428986236912,0.5917130216040607,0.5790565851181356
5,3,0.2123286606777594,0.9375449215055798,5287,1.120445157800402,0.9477866061293984,881,1.129848038045743,0.9387,0.7844999872313627,0.08404384379042504,,,0.9327372493519253,,0.9327543798002108,0.06724562019978919,0.9678100836321987,0.39343876191567473,5,0.1,0.5,0.5808746170108924,0.5853568071898203,0.5846029755433708,1.0,0.5830415826469139,0.5813252527319948,0.5804317579574692,0.5876484640926551,0.5830488511217384,0.5806192327988942,0.5803893242317684,0.574283569268303
5,4,0.19786755503786188,0.9395744680851064,4935,1.1189392782174623,0.948905109489051,822,1.1298557359951373,0.9387,0.7876060446440633,0.08431240023363312,,,0.9434140845592687,,0.9434265348125094,0.056573465187490624,0.9678265810038854,0.3934416068897094,5,0.1,0.5,0.5800922805902714,0.5781611746845773,0.5799370284176171,0.5830415826469139,1.0,0.5876626083495767,0.5810570154450777,0.5861260212995419,0.5876573100270551,0.586903609101238,0.5983239151751353,0.5811972404310116
5,5,0.2131629387937384,0.9360188557960145,4667,1.1449213218688965,0.9318766066838047,778,1.129841252066457,0.9387,0.7933305344603999,0.08454744132862735,,,0.9527584704478712,,0.952773455147834,0.04722654485216604,0.9678254639788719,0.39344332735595844,5,0.1,0.5,0.5845281425849231,0.5913638799055622,0.5914108064403436,0.5813252527319948,0.5876626083495767,1.0,0.5944912020007456,0.5958073882586163,0.5937132382659476,0.583725576741153,0.5968030398505058,0.5823644399524635
5,6,0.21617697124502488,0.9349651920053896,4453,1.157712330420812,0.9285714285714286,742,1.1299260060627239,0.9388,0.7861339993299806,0.08371962003916256,,,0.9198472828287461,,0.9198584408413232,0.08014155915867682,0.9677976109920904,0.39343365069420166,5,0.1,0.5,0.5690714886702166,0.5779958058581515,0.5789191918279084,0.5804317579574692,0.5810570154450777,0.5944912020007456,1.0,0.5926404237073292,0.5885564785314975,0.5792131097727592,0.5913239727705437,0.585876401291888
5,7,0.20814855682816524,0.9371054477437456,4277,1.1173256117364634,0.9424964936886395,713,1.1298503904296948,0.9387,0.7920885793701521,0.08426722700544731,,,0.9416181599954705,,0.9416344561016013,0.05836554389839865,0.9678187625990547,0.39344122704468176,5,0.1,0.5,0.5853425737941594,0.5777628573237857,0.5877124878389184,0.5876484640926551,0.5861260212995419,0.5958073882586163,0.5926404237073292,1.0,0.5926329303708027,0.5869229457893376,0.5927751741113509,0.5883949361410268
5,8,0.22621564194907617,0.9326229111164931,4129,1.168941075151617,0.9258720930232558,688,1.1353670413882588,0.9377,0.7880986895753629,0.08242745100635769,,,0.8684753043407816,,0.8684855177952914,0.13151448220470863,0.9676207655784247,0.3933878018436664,5,0.1,0.5,0.5790674198494414,0.5708259182730061,0.5791995378610251,0.5830488511217384,0.5876573100270551,0.5937132382659476,0.5885564785314975,0.5926329303708027,1.0,0.5870727857775212,0.5988797016818443,0.5880985899160248
5,9,0.22681334721671034,0.933566608347913,4001,1.1442052807126726,0.9280359820089955,667,1.134638959226517,0.9379,0.7799786486854571,0.07693210060306506,,,0.65,,0.650002509914161,0.349997490085839,0.964425764562598,0.3919498954911826,5,0.1,0.5,0.5775218257607987,0.5780059945589331,0.5805428986236912,0.5806192327988942,0.586903609101238,0.583725576741153,0.5792131097727592,0.5869229457893376,0.5870727857775212,1.0,0.5943965710956322,0.5761950423623315
5,10,0.20891167885303252,0.9389046027256364,3889,1.1111477613449097,0.9429012345679012,648,1.1298507314901383,0.9387,0.7961663266945573,0.0849811207618479,,,0.9699999999602436,,0.9700015059484965,0.029998494051503455,0.9678361024359925,0.39344501324614783,5,0.1,0.5,0.5867185810060457,0.5846979961536604,0.5917130216040607,0.5803893242317684,0.5983239151751353,0.5968030398505058,0.5913239727705437,0.5927751741113509,0.5988797016818443,0.5943965710956322,1.0,0.5927432750182475
5,11,0.24304586223819677,0.9286204167765761,3791,1.1456828564405441,0.9272151898734177,632,1.130225639945021,0.9385,0.783314955915075,0.08328159487549894,,,0.9024329827537243,,0.9024496762210732,0.0975503237789268,0.96777140850737,0.39342350500474665,5,0.1,0.5,0.5776504087980215,0.5696363635370041,0.5790565851181356,0.574283569268303,0.5811972404310116,0.5823644399524635,0.585876401291888,0.5883949361410268,0.5880985899160248,0.5761950423623315,0.5927432750182475,1.0
6,0,0.17685537900828216,0.9454346238130021,8214,0.8870977094007093,0.9590942293644996,1369,0.9022233417620674,0.947,0.7759008383691884,0.08390855763763529,,,0.9325897806633532,,0.9326088047788765,0.06739119522112347,0.9673898080128559,0.38212133908448287,5,0.1,0.5,1.0,0.5684954838953633,0.5537611479924638,0.5702325894067511,0.5648484271400052,0.5653837217718615,0.554397082051586,0.5607870526570585,0.5650195121295367,0.48364994947418727,0.5708777925394015,0.5510816897225782
6,1,0.18337760844168444,0.9453300882263462,6574,0.8933831163815089,0.948905109489051,1096,0.9021530537940443,0.947,0.7732996582083056,0.08401480292025122,,,0.9364460183838189,,0.936459013101752,0.06354098689824805,0.9674040439740775,0.38212259113172875,5,0.1,0.5,0.5684954838953633,1.0,0.5645529288935497,0.571607662289334,0.558205090978992,0.5666564993163997,0.5572199251688645,0.5518463133202671,0.5590441272143949,0.47973266306718837,0.5627365167784449,0.542881782688598
6,2,0.19987241604663844,0.94010029396507,5783,0.9076377691761139,0.941908713692946,964,0.9021361877743047,0.947,0.767938870846848,0.08400715951039242,,,0.9361685961332985,,0.9361879423723709,0.06381205762762909,0.9674140833672776,0.38212254375698507,5,0.1,0.5,0.5537611479924638,0.5645529288935497,1.0,0.5608799626264773,0.5526550389559346,0.5568811801712016,0.5525206015538774,0.5577696441835106,0.5495028310166069,0.47825140183026893,0.5560361955240432,0.5497993759225912
6,3,0.19551010366349694,0.938074522413467,5287,0.8925475180149078,0.9500567536889898,881,0.9021298039835483,0.947,0.7714249757381466,0.0840878306021081,,,0.9390966029037233,,0.9391094824557,0.06089051754429997,0.9674108065141118,0.38212342728457205,5,0.1,0.5,0.5702325894067511,0.571607662289334,0.5608799626264773,1.0,0.5612911704205903,0.5525046479051244,0.551656716975614,0.5651814592423328,0.554271588787173,0.4846122626291469,0.559185727521079,0.533762128524986
6,4,0.1808082968693587,0.9445592705167173,4935,0.8913563054341537,0.9549878345498783,822,0.902145681099389,0.947,0.7707010565963518,0.08424329991921688,,,0.9447394571580353,,0.9447517694894835,0.05524823051051653,0.9674139009436384,0.38212486373545634,5,0.1,0.5,0.5648484271400052,0.558205090978992,0.5526550389559346,0.5612911704205903,1.0,0.5575019719698232,0.5599997039489074,0.5604889044124601,0.5564315258846444,0.4798997170521581,0.5639422137954222,0.5415535194519064
6,5,0.198822662993398,0.9391900578530105,4667,0.9177459716796875,0.9408740359897172,778,0.9021361544490242,0.947,0.7743575952657227,0.08453169257821393,,,0.9552068456627087,,0.955228151197229,0.044771848802770964,0.9674282091023853,0.3821269371520309,5,0.1,0.5,0.5653837217718615,0.5666564993163997,0.5568811801712016,0.5525046479051244,0.5575019719698232,1.0,0.5611813920938746,0.5672551034942158,0.5644089332550961,0.4866025512467983,0.5663289217819989,0.5448572013585764
6,6,0.1983178425553654,0.941702223220301,4453,0.9304333825906118,0.9420485175202157,742,0.9022191022150814,0.9469,0.7669780893714424,0.08371121150478737,,,0.9254269816878247,,0.9254455097635661,0.0745544902364339,0.967389966435358,0.38211853183001737,5,0.1,0.5,0.554397082051586,0.5572199251688645,0.5525206015538774,0.551656716975614,0.5599997039489074,0.5611813920938746,1.0,0.5578884267546633,0.555651275792148,0.47691713336535935,0.5592833067312736,0.5390319808878499
6,7,0.19324882980366584,0.9429039046060322,4277,0.8898286119751309,0.9495091164095372,713,0.902152498499654,0.947,0.7743928155928875,0.08434390557447692,,,0.9483910011433657,,0.948401184679484,0.05159881532051602,0.9674160539609147,0.382125651160197,5,0.1,0.5,0.5607870526570585,0.5518463133202671,0.5577696441835106,0.5651814592423328,0.5604889044124601,0.5672551034942158,0.5578884267546633,1.0,0.5687831811522497,0.487390773652044,0.5610796034552861,0.5530516317142278
6,8,0.20367391348888095,0.9377088883506902,4129,0.9445887207984924,0.9375,688,0.9073977219030118,0.9463,0.772708584333283,0.08304295946921722,,,0.9011723640436797,,0.9011896993122835,0.09881030068771646,0.9673032938594942,0.3821043953174529,5,0.1,0.5,0.5650195121295367,0.5590441272143949,0.5495028310166069,0.554271588787173,0.5564315258846444,0.5644089332550961,0.555651275792148,0.5687831811522497,1.0,0.48130228835051253,0.5755567094335304,0.5550865247025111
6,9,0.27542624273448296,0.9247188202949262,4001,0.921269987310682,0.9355322338830585,667,0.9076534631534126,0.9459,0.6822194620202732,0.07612277437235278,,,0.65,,0.650002509914161,0.349997490085839,0.964041483948739,0.3805944350241513,5,0.1,0.5,0.48364994947418727,0.47973266306718837,0.47825140183026893,0.4846122626291469,0.4798997170521581,0.4866025512467983,0.47691713336535935,0.487390773652044,0.48130228835051253,1.0,0.4891034398521201,0.46882146402660324
