round,client_id,client_i_training_loss,client_i_training_accuracy,client_i_training_dataset_size,client_i_evaluation_loss,client_i_evaluation_accuracy,client_i_evaluation_dataset_size,client_i_central_evaluation_loss,client_i_central_evaluation_accuracy,client_i_cosine_similarity,client_i_importance_coefficient,client_i_tanh_val,tanh_normalization_value,client_i_q,client_i_mask_order,client_i_v_nonzero_fraction,client_i_v_sparsity,client_i_v_cosine_similarity,client_i_reward_gradient_norm,local_epochs,learning_rate,gamma,client_0_cosine_similarity,client_1_cosine_similarity,client_2_cosine_similarity,client_3_cosine_similarity,client_4_cosine_similarity,client_5_cosine_similarity,client_6_cosine_similarity,client_7_cosine_similarity,client_8_cosine_similarity,client_9_cosine_similarity,client_10_cosine_similarity,client_11_cosine_similarity
0,0,2.217680322020142,0.18829802775748722,6845,2.2960980371995405,0.11468224981738495,1369,2.2996351054952116,0.103,0.8884132965114142,0.07857346061519963,,,0.65,,0.6500140284860788,0.3499859715139212,0,0.14060641811547822,10,0.025,0.15,1.0,0.9400868284281905,0.884206067849719,0.8633029569540798,0.8375247530595435,0.8008148683810248,0.7898547188189046,0.7357095792896812,0.7590482381916547,0.7315489615405038,0.7298678139569403,0.6933230624789128
0,1,2.254349641190019,0.1617196056955093,5478,2.2999601629045276,0.10583941605839416,1096,2.299585855459865,0.103,0.9360741605700035,0.08278870484859774,,,0.8394069709471297,,0.8394563549041937,0.16054364509580632,0,0.14102310885216252,10,0.025,0.15,0.9400868284281905,1.0,0.9349531996333981,0.9136971248476612,0.9044074086929147,0.8664897985993347,0.8531170443067388,0.7952500968130627,0.8227246746826524,0.8107151572526561,0.7936906542070112,0.7532339651984439
0,2,2.282296755439357,0.14421161825726142,4820,2.2995745241642,0.10269709543568464,964,2.29957621912413,0.103,0.964433920229152,0.08529691185921401,,,0.9521102607411362,,0.9521546104206895,0.047845389579310504,0,0.14107683655349146,10,0.025,0.15,0.884206067849719,0.9349531996333981,1.0,0.9485270935401084,0.9365904886030595,0.9068437476190412,0.910547898206834,0.8637952707425228,0.8987841742783954,0.8673802995181756,0.8477851684692461,0.8269378421135318
0,3,2.2878208201272145,0.1356786200635497,4406,2.300813232149397,0.08172531214528944,881,2.299575902238677,0.103,0.9740595191603456,0.0861482235420622,,,0.9903629356164404,,0.9903863610107112,0.009613638989288797,0,0.14107774783018445,10,0.025,0.15,0.8633029569540798,0.9136971248476612,0.9485270935401084,1.0,0.9585071576555314,0.9227115708930009,0.9196334441547143,0.8888534085346256,0.9278806761785383,0.8956613150561552,0.8947484967134081,0.8623958622297918
0,4,2.292320164044698,0.12930447470817122,4112,2.3019215720040456,0.09732360097323602,822,2.2995759233643738,0.103,0.9764845133993133,0.0863626960067088,,,0.9999999999550662,,1.0,0.0,0,0.14107775249134522,10,0.025,0.15,0.8375247530595435,0.9044074086929147,0.9365904886030595,0.9585071576555314,1.0,0.9429781157374784,0.9359299542709908,0.9191265457045604,0.9252359096169442,0.9060628420847713,0.9162900570831326,0.8840897909741554
0,5,2.294450221523162,0.1389560298277192,3889,2.2953851904187883,0.11568123393316196,778,2.2995762432677838,0.103,0.9623356247430989,0.08511133343712166,,,0.9437715157348179,,0.9438282913303956,0.056171708669604414,0,0.14107623990847296,10,0.025,0.15,0.8008148683810248,0.8664897985993347,0.9068437476190412,0.9227115708930009,0.9429781157374784,1.0,0.9211087066659034,0.9209421430698279,0.9113559370944515,0.9300025299620831,0.941492414629485,0.8974591882509558
0,6,2.294727319684522,0.14793856103476152,3711,2.304427981376648,0.10242587601078167,742,2.299576466596579,0.103,0.9579650180065199,0.08472478621002633,,,0.9264024772264332,,0.9264412206433299,0.0735587793566701,0,0.14107413616597025,10,0.025,0.15,0.7898547188189046,0.8531170443067388,0.910547898206834,0.9196334441547143,0.9359299542709908,0.9211087066659034,1.0,0.9333803164269613,0.9344915031746397,0.936743132757353,0.9078108886939328,0.8798044919205931
0,7,2.2975679065499985,0.1377384960718294,3564,2.2974212567011514,0.11360448807854137,713,2.2995862508121925,0.1031,0.9323833418417056,0.08246227974766272,,,0.8247394484535705,,0.824775956825271,0.17522404317472895,0,0.14101572640461385,10,0.025,0.15,0.7357095792896812,0.7952500968130627,0.8637952707425228,0.8888534085346256,0.9191265457045604,0.9209421430698279,0.9333803164269613,1.0,0.9232786324657881,0.9146841166535095,0.9197437823884977,0.879352302428574
0,8,2.2954621959615635,0.11903516419645452,3441,2.2996551195780435,0.09738372093023256,688,2.299585607987416,0.103,0.9437685219249464,0.08346921312245602,,,0.869984798403654,,0.8700136984040534,0.1299863015959466,0,0.14103494897894214,10,0.025,0.15,0.7590482381916547,0.8227246746826524,0.8987841742783954,0.9278806761785383,0.9252359096169442,0.9113559370944515,0.9344915031746397,0.9232786324657881,1.0,0.901369550367189,0.8958353729670899,0.8869145510951123
0,9,2.296131263838874,0.14232153569286143,3334,2.3000112771987915,0.08695652173913043,667,2.2995860546450073,0.103,0.9347642555004378,0.08267285361719753,,,0.8342013340717739,,0.834249310953772,0.16575068904622803,0,0.14102072425871742,10,0.025,0.15,0.7315489615405038,0.8107151572526561,0.8673802995181756,0.8956613150561552,0.9060628420847713,0.9300025299620831,0.936743132757353,0.9146841166535095,0.901369550367189,1.0,0.9353766004144861,0.8979656328210156
0,10,2.2980219749303963,0.12530083307621104,3241,2.303773283958435,0.09876543209876543,648,2.2995861391477947,0.1031,0.9332140409692035,0.08253574882498724,,,0.8280406937963816,,0.8280767770791042,0.1719232229208958,0,0.14101748160381108,10,0.025,0.15,0.7298678139569403,0.7936906542070112,0.8477851684692461,0.8947484967134081,0.9162900570831326,0.941492414629485,0.9078108886939328,0.9197437823884977,0.8958353729670899,0.9353766004144861,1.0,0.94797745075271
0,11,2.298520421028137,0.10889522000633112,3159,2.2990331649780273,0.11234177215189874,632,2.299600003640863,0.1032,0.9028896860400482,0.07985378816876613,,,0.7075299912208617,,0.7075720816622931,0.29242791833770687,0,0.1408319527487711,10,0.025,0.15,0.6933230624789128,0.7532339651984439,0.8269378421135318,0.8623958622297918,0.8840897909741554,0.8974591882509558,0.8798044919205931,0.879352302428574,0.8869145510951123,0.8979656328210156,0.94797745075271,1.0
1,0,2.076968781815635,0.2458290723155588,6845,2.2861462506380947,0.1658144631117604,1369,2.2892383834983727,0.1475,0.9119724906813911,0.07834921740703095,,,0.65,,0.6500140284860788,0.3499859715139212,0.8728705273963685,0.14576332776719217,10,0.025,0.15,1.0,0.9519274501960865,0.9188870589207488,0.923101241211117,0.8936911763906684,0.8879680536820445,0.869413124409126,0.8587726995640659,0.8521532156939837,0.8466663815028287,0.8420404582651723,0.8262946319083679
1,1,2.10398477094118,0.23497626871120847,5478,2.2897315555148654,0.15145985401459855,1096,2.289082472837424,0.1472,0.9614439373345196,0.08257024274258959,,,0.8517630656667247,,0.851809674704164,0.14819032529583598,0.8770605567662051,0.14619329132428077,10,0.025,0.15,0.9519274501960865,1.0,0.9577058724986273,0.9598414964777315,0.9502312303727073,0.9462772506756089,0.9296112019249677,0.920751025807409,0.917296272389326,0.9166120868092813,0.9048879316646168,0.8900248295578624
1,2,2.154301609491047,0.21680497925311204,4820,2.2884313762187958,0.1483402489626556,964,2.2890688890143287,0.1471,0.9778474213666389,0.08465726153197421,,,0.9515216019406058,,0.9515687148256342,0.04843128517436579,0.8773235690316943,0.146240291297979,10,0.025,0.15,0.9188870589207488,0.9577058724986273,1.0,0.9711776937888722,0.9682765340120265,0.9678099169315113,0.955125621365502,0.9510500259394233,0.942069660158479,0.9414486459498259,0.9357169650603339,0.9249510181616334
1,3,2.1534956775392806,0.21933726736268724,4406,2.2900539806910922,0.13166855845629966,881,2.2890678810167917,0.1471,0.9853015851715871,0.08542708348987432,,,0.9883187367350905,,0.9883563565546039,0.011643643445396146,0.8773684044066029,0.14624203012518164,10,0.025,0.15,0.923101241211117,0.9598414964777315,0.9711776937888722,1.0,0.9747041053323631,0.9728643995574247,0.9646665151539977,0.9607747539647842,0.9561028985654845,0.9479008584554918,0.9525241279594503,0.938067786574255
1,4,2.187641278541449,0.2098249027237354,4112,2.291024957384382,0.1435523114355231,822,2.289068004753016,0.1471,0.9887276698282912,0.08567146373770519,,,0.9999999999522005,,1.0,0.0,0.8773688242517375,0.14624208684645976,10,0.025,0.15,0.8936911763906684,0.9502312303727073,0.9682765340120265,0.9747041053323631,1.0,0.9797015265510925,0.9746857475234356,0.9707759463352471,0.9671815998482471,0.9640032264857334,0.9641686248407175,0.9532980789904119
1,5,2.1924854616965015,0.21025970686551812,3889,2.284217051097325,0.16066838046272494,778,2.289068216009985,0.1471,0.9882758265624135,0.08488213822905537,,,0.962270604420615,,0.9623046327012262,0.03769536729877376,0.877302768996059,0.14624116345225546,10,0.025,0.15,0.8879680536820445,0.9462772506756089,0.9678099169315113,0.9728643995574247,0.9797015265510925,1.0,0.9691565257517213,0.9735517097542953,0.969342995970285,0.9656348738759452,0.9682096305658495,0.9551881852632851
1,6,2.2028664144976386,0.20781460522770143,3711,2.294275244077047,0.13611859838274934,742,2.2890687320805805,0.1471,0.9861078561813181,0.0845722307873372,,,0.9474571715356604,,0.9474922018121503,0.052507798187849675,0.8772689756149062,0.14623988661109444,10,0.025,0.15,0.869413124409126,0.9296112019249677,0.955125621365502,0.9646665151539977,0.9746857475234356,0.9691565257517213,1.0,0.9794145404725819,0.9795237508401188,0.9781752495243603,0.9687447652994419,0.9619897870573895
1,7,2.2207713765757426,0.19452861952861952,3564,2.2868791023890176,0.16269284712482468,713,2.289082234418845,0.1471,0.9852378292836115,0.08314337390885891,,,0.8791584712714957,,0.879198230760344,0.12080176923965602,0.8768836451277907,0.14621966140256967,10,0.025,0.15,0.8587726995640659,0.920751025807409,0.9510500259394233,0.9607747539647842,0.9707759463352471,0.9735517097542953,0.9794145404725819,1.0,0.9809022726920239,0.9750931598837261,0.9802803070618765,0.9695292289965197
1,8,2.209058267540402,0.1945655332752107,3441,2.288194497426351,0.14244186046511628,688,2.2890795061859905,0.1469,0.9823205939396022,0.08367163290760476,,,0.9044090079491894,,0.904449505702167,0.09555049429783302,0.877409855436288,0.14622858756965584,10,0.025,0.15,0.8521532156939837,0.917296272389326,0.942069660158479,0.9561028985654845,0.9671815998482471,0.969342995970285,0.9795237508401188,0.9809022726920239,1.0,0.9757819248255505,0.9758533346427954,0.9705189690326227
1,9,2.213239524541078,0.19589082183563286,3334,2.2902666330337524,0.11094452773613193,667,2.2890812113315246,0.1471,0.9792669327836758,0.0830791926761972,,,0.8760906379299123,,0.8761284679242792,0.12387153207572077,0.8769766508860559,0.14621860033044823,10,0.025,0.15,0.8466663815028287,0.9166120868092813,0.9414486459498259,0.9479008584554918,0.9640032264857334,0.9656348738759452,0.9781752495243603,0.9750931598837261,0.9757819248255505,1.0,0.9705325391079779,0.9694168055737111
1,10,2.2268689215183257,0.1919777846343721,3241,2.293557325998942,0.1404320987654321,648,2.289083752451064,0.1472,0.9783393741209622,0.08296410424818165,,,0.8705894641123643,,0.8706243501510125,0.12937564984898753,0.8770227752604142,0.1462024357891871,10,0.025,0.15,0.8420404582651723,0.9048879316646168,0.9357169650603339,0.9525241279594503,0.9641686248407175,0.9682096305658495,0.9687447652994419,0.9802803070618765,0.9758533346427954,0.9705325391079779,1.0,0.9776355243457585
1,11,2.2349048128128053,0.18626147515036404,3159,2.289373826980591,0.15348101265822786,632,2.2891312490535687,0.1473,0.969380096686117,0.08101205833359056,,,0.7772825690477365,,0.7773266656764206,0.22267333432357939,0.8743714111130952,0.14610589040879737,10,0.025,0.15,0.8262946319083679,0.8900248295578624,0.9249510181616334,0.938067786574255,0.9532980789904119,0.9551881852632851,0.9619897870573895,0.9695292289965197,0.9705189690326227,0.9694168055737111,0.9776355243457585,1.0
2,0,1.995799011875082,0.27754565376186996,6845,2.270522811196067,0.19284149013878743,1369,2.272901429405695,0.1784,0.9157035245916083,0.07838701760374711,,,0.65,,0.6500140284860788,0.3499859715139212,0.9669398098288833,0.14541580900323417,10,0.025,0.15,1.0,0.9482095254147511,0.9176049506404218,0.9241719305976681,0.8867245362773395,0.8900611727351571,0.8736337992363318,0.8675770387129458,0.8570108977005615,0.8536895451059322,0.8464251943323211,0.8319175385882824
2,1,2.0169800508854,0.2714494341000365,5478,2.2737500402662487,0.177007299270073,1096,2.272594789915447,0.1761,0.9624869757845744,0.08252695577284934,,,0.8669754639043585,,0.8670182040236999,0.1329817959763001,0.9701957651185973,0.14592377097659992,10,0.025,0.15,0.9482095254147511,1.0,0.954457571399826,0.9552697734238439,0.9380610740746637,0.9425111528984439,0.9299820242120932,0.9259109134431284,0.921416742637698,0.9175636887436213,0.9084739131926225,0.8963555938774836
2,2,2.0661166238157374,0.2534232365145228,4820,2.2710593938827515,0.17531120331950206,964,2.2725686845900137,0.176,0.9780876444162107,0.08432836518334959,,,0.9613878987185069,,0.9614216632833259,0.0385783367166741,0.9705253329098038,0.14596268002080512,10,0.025,0.15,0.9176049506404218,0.954457571399826,1.0,0.9607329929697951,0.956703696202632,0.9594254646553888,0.9546632832008671,0.953980208795712,0.945882721662428,0.9447241013051852,0.9374594789790959,0.9315920989195673
2,3,2.0519380147116526,0.26241488878801633,4406,2.2729005813598633,0.16572077185017026,881,2.2725674079943308,0.1762,0.9805945175279664,0.08488695671275609,,,0.9906638567824662,,0.9906916868841907,0.009308313115809264,0.970512494301855,0.14596312230789274,10,0.025,0.15,0.9241719305976681,0.9552697734238439,0.9607329929697951,1.0,0.9559774201441684,0.9607360279364184,0.9564961076033593,0.95628533492735,0.9460644834217073,0.9455681558488446,0.9471890186958277,0.938250099759178
2,4,2.09611397114667,0.24834630350194553,4112,2.274045365197318,0.17761557177615572,822,2.2725675769999056,0.1762,0.9814151863703431,0.08506509231733549,,,0.9999999999475897,,1.0,0.0,0.97051178357607,0.14596312625091318,10,0.025,0.15,0.8867245362773395,0.9380610740746637,0.956703696202632,0.9559774201441684,1.0,0.9678956690752811,0.9628700479020025,0.9613017274577992,0.9585459468409666,0.9574191166204916,0.9549197105908211,0.9536760464659476
2,5,2.0901794252857084,0.2537927487786063,3889,2.26682938848223,0.18508997429305912,778,2.2725675407844252,0.176,0.9833207196967965,0.08463827411449511,,,0.9776303234496919,,0.9776782030334538,0.022321796966546237,0.9705120062971814,0.14596304393007153,10,0.025,0.15,0.8900611727351571,0.9425111528984439,0.9594254646553888,0.9607360279364184,0.9678956690752811,1.0,0.9598930092445186,0.9639896211977013,0.9615555085874442,0.9594122014617406,0.9592121900907818,0.9520536543025128
2,6,2.102509407339425,0.24947453516572352,3711,2.278159181276957,0.16307277628032346,742,2.2725680085677133,0.176,0.9828526697389325,0.08443104427152628,,,0.9667693420832146,,0.9668185043983429,0.03318149560165706,0.9705238364665941,0.14596284406893956,10,0.025,0.15,0.8736337992363318,0.9299820242120932,0.9546632832008671,0.9564961076033593,0.9628700479020025,0.9598930092445186,1.0,0.9701688866822276,0.9719960956543313,0.9637104923714269,0.9659461897748939,0.961575269626693
2,7,2.113714891672134,0.23591470258136923,3564,2.270747184753418,0.1879382889200561,713,2.272580333902866,0.1761,0.9833269686614337,0.08356141058917241,,,0.9211915667763659,,0.9212341766929082,0.07876582330709181,0.970417335210274,0.1459530403715907,10,0.025,0.15,0.8675770387129458,0.9259109134431284,0.953980208795712,0.95628533492735,0.9613017274577992,0.9639896211977013,0.9701688866822276,1.0,0.9681508405583021,0.96803204475079,0.9743201943869105,0.9670717827184696
2,8,2.108685822398574,0.24004649811101425,3441,2.270503282546997,0.17732558139534885,688,2.2725783631771423,0.176,0.9792768487291726,0.08375659419102474,,,0.9314212008502529,,0.9314584674291562,0.06854153257084383,0.970431348352828,0.14595438506588598,10,0.025,0.15,0.8570108977005615,0.921416742637698,0.945882721662428,0.9460644834217073,0.9585459468409666,0.9615555085874442,0.9719960956543313,0.9681508405583021,1.0,0.9664420488965385,0.966092946850715,0.9658679103187074
2,9,2.1055087619357638,0.24631073785242952,3334,2.2750335931777954,0.1424287856071964,667,2.272580614572839,0.1761,0.9774618807063086,0.08333043843205507,,,0.9090862432443495,,0.9091366704626099,0.09086332953739007,0.9703762593115873,0.14595082763916367,10,0.025,0.15,0.8536895451059322,0.9175636887436213,0.9447241013051852,0.9455681558488446,0.9574191166204916,0.9594122014617406,0.9637104923714269,0.96803204475079,0.9664420488965385,1.0,0.9662955031155982,0.9651876000943265
2,10,2.1228359713004186,0.2404196235729713,3241,2.2771196365356445,0.18055555555555555,648,2.2725852501543264,0.1762,0.9767645012271993,0.0832364113984553,,,0.904158256786213,,0.9041936921324949,0.0958063078675051,0.9702637064683864,0.14594968171822983,10,0.025,0.15,0.8464251943323211,0.9084739131926225,0.9374594789790959,0.9471890186958277,0.9549197105908211,0.9592121900907818,0.9659461897748939,0.9743201943869105,0.966092946850715,0.9662955031155982,1.0,0.9734570525027122
2,11,2.1323092732429503,0.24013928458372902,3159,2.274058294296265,0.18037974683544303,632,2.272664664666864,0.1754,0.9713725932098484,0.08185143941323363,,,0.8315714386470472,,0.8316086547507056,0.16839134524929444,0.9696813719062125,0.14589863039765427,10,0.025,0.15,0.8319175385882824,0.8963555938774836,0.9315920989195673,0.938250099759178,0.9536760464659476,0.9520536543025128,0.961575269626693,0.9670717827184696,0.9658679103187074,0.9651876000943265,0.9734570525027122,1.0
3,0,1.941987042956882,0.2956026296566837,6845,2.2491614385084673,0.21548575602629658,1369,2.2503495035292227,0.2107,0.9223977426829749,0.07872127114619816,,,0.65,,0.6500140284860788,0.3499859715139212,0.9821257087401328,0.14493322299491262,10,0.025,0.15,1.0,0.9483956218646078,0.9226683876404701,0.9261179187646806,0.8927980346045413,0.8948410860779646,0.8812244340728933,0.8714890470248912,0.8643488454960906,0.8576465524153344,0.8501425424062428,0.8323889402066366
3,1,1.9607751574627188,0.2930631617378605,5478,2.251506116655138,0.20164233576642335,1096,2.2497252784197843,0.2108,0.9620531378198431,0.08258313148030803,,,0.8785520745997072,,0.8785875790133848,0.1214124209866152,0.9850237263585703,0.14547904179419752,10,0.025,0.15,0.9483956218646078,1.0,0.9502168895199191,0.9520408855008795,0.9360724923643086,0.93679516223489,0.9270579714006547,0.9225215561204153,0.9205809584255193,0.9113829785652747,0.904152570195985,0.8895632291382938
3,2,2.0105122776407947,0.27477178423236515,4820,2.2472501695156097,0.21784232365145229,964,2.2496774679497826,0.2096,0.9739407393507671,0.08408833766519101,,,0.9676329751223847,,0.967668465613705,0.03233153438629499,0.9854158112059096,0.14550285224887133,10,0.025,0.15,0.9226683876404701,0.9502168895199191,1.0,0.9529706420545597,0.948081114646521,0.9506063214294519,0.9467245363082398,0.9450877002340685,0.9388133417691029,0.9319976458760629,0.9284160471231002,0.9186181454191037
3,3,1.9902022804532733,0.28608715388107125,4406,2.248929534639631,0.2054483541430193,881,2.2496754278110553,0.2096,0.9775937185107246,0.0845539971784227,,,0.9951915708763976,,0.9952220626825766,0.004777937317423375,0.9854236885582843,0.14550311982670314,10,0.025,0.15,0.9261179187646806,0.9520408855008795,0.9529706420545597,1.0,0.9489278805614855,0.9521985457595953,0.9520573393951278,0.9493523797174548,0.9456687827204319,0.9333103891329149,0.9383389540328252,0.9256226856982664
3,4,2.0397622267405193,0.2703793774319066,4112,2.2503335816519603,0.20437956204379562,822,2.249675708481028,0.2096,0.9766983145103834,0.0846352455394616,,,0.9999999999408181,,1.0,0.0,0.9854232220326516,0.1455031207395634,10,0.025,0.15,0.8927980346045413,0.9360724923643086,0.948081114646521,0.9489278805614855,1.0,0.9577359891245171,0.953573303824815,0.9509577368778918,0.9498749914605465,0.9420010465350809,0.9430806454612032,0.9410450321432599
3,5,2.0256210365603047,0.2805862689637439,3889,2.2428229536328996,0.2275064267352185,778,2.249675192410433,0.2097,0.9792016340599546,0.08445225432399335,,,0.9891702395894693,,0.9892063177699658,0.010793682230034185,0.9854228136524827,0.14550311120335793,10,0.025,0.15,0.8948410860779646,0.93679516223489,0.9506063214294519,0.9521985457595953,0.9577359891245171,1.0,0.9531397994642583,0.9543509529531641,0.9586942946042294,0.9468318598840512,0.9483407363551031,0.9399447302514127
3,6,2.03738466377916,0.2729452977634061,3711,2.2556304931640625,0.1940700808625337,742,2.249675361416008,0.2099,0.98012543308201,0.08435388932047033,,,0.9833488157993271,,0.9833968741232196,0.016603125876780367,0.9854196888032412,0.14550309002111303,10,0.025,0.15,0.8812244340728933,0.9270579714006547,0.9467245363082398,0.9520573393951278,0.953573303824815,0.9531397994642583,1.0,0.9624327422260779,0.9649205881304739,0.9539673733532748,0.9572760419632983,0.9513682035689657
3,7,2.0466096490621566,0.26377665544332213,3564,2.24852720896403,0.23281907433380084,713,2.249685737151134,0.2109,0.9788910223234212,0.08377427349423647,,,0.9490460735726052,,0.9490848475846247,0.05091515241537525,0.9853246858240802,0.1455021360672105,10,0.025,0.15,0.8714890470248912,0.9225215561204153,0.9450877002340685,0.9493523797174548,0.9509577368778918,0.9543509529531641,0.9624327422260779,1.0,0.9599477654253363,0.9569337732059651,0.9616633284925911,0.9546000876187711
3,8,2.0435356360894663,0.26634699215344376,3441,2.245850125948588,0.2136627906976744,688,2.2496849404105657,0.2106,0.9781772770195456,0.08387202404083596,,,0.954831132659606,,0.9548695350794673,0.04513046492053274,0.9853368407312295,0.14550242542829192,10,0.025,0.15,0.8643488454960906,0.9205809584255193,0.9388133417691029,0.9456687827204319,0.9498749914605465,0.9586942946042294,0.9649205881304739,0.9599477654253363,1.0,0.95788984190662,0.959828585678188,0.9600852493921673
3,9,2.037532252735562,0.26862627474505096,3334,2.2535799741744995,0.17991004497751126,667,2.2496917730645287,0.2108,0.9709405774623138,0.08337152250173528,,,0.925210521035863,,0.9252611774025845,0.07473882259741549,0.9852243818139683,0.14549521392364026,10,0.025,0.15,0.8576465524153344,0.9113829785652747,0.9319976458760629,0.9333103891329149,0.9420010465350809,0.9468318598840512,0.9539673733532748,0.9569337732059651,0.95788984190662,1.0,0.953010883953239,0.951831432492076
3,10,2.054840883383384,0.2641777229250231,3241,2.2539490461349487,0.2037037037037037,648,2.249699903439872,0.2107,0.971688424456279,0.08333761968343814,,,0.9232040892164236,,0.9232394249971118,0.07676057500288824,0.9852267461029713,0.1454948700128639,10,0.025,0.15,0.8501425424062428,0.904152570195985,0.9284160471231002,0.9383389540328252,0.9430806454612032,0.9483407363551031,0.9572760419632983,0.9616633284925911,0.959828585678188,0.953010883953239,1.0,0.96079213865211
3,11,2.063708010196686,0.2655270655270655,3159,2.2528267383575438,0.22784810126582278,632,2.249833952022504,0.2114,0.9648790413869264,0.08225643362570881,,,0.8592174881631067,,0.8592530243765576,0.1407469756234424,0.9847784629311022,0.14546371395471938,10,0.025,0.15,0.8323889402066366,0.8895632291382938,0.9186181454191037,0.9256226856982664,0.9410450321432599,0.9399447302514127,0.9513682035689657,0.9546000876187711,0.9600852493921673,0.951831432492076,0.96079213865211,1.0
4,0,1.9010845032003192,0.31095690284879474,6845,2.2224398092790083,0.239590942293645,1369,2.222072474564178,0.2369,0.9272040475361101,0.07918265844765737,,,0.65,,0.6500140284860788,0.3499859715139212,0.9855336238553052,0.14445681924872178,10,0.025,0.15,1.0,0.9462323037876071,0.9241182129694849,0.9254432909751491,0.8977134785341381,0.8975004627969972,0.8835947951992262,0.8717824711995794,0.8682603575536468,0.8592588080422707,0.8522208977540794,0.8364090540422119
4,1,1.9168903569842495,0.309784592917123,5478,2.223533683353,0.23996350364963503,1096,2.2209402005883714,0.2391,0.9596764967476874,0.08264185258700275,,,0.8806980806730438,,0.8807331121783764,0.11926688782162365,0.9885207217724666,0.14500573275332923,10,0.025,0.15,0.9462323037876071,1.0,0.9446920216661975,0.9457978375842951,0.9305857873604713,0.9294255302327479,0.9217659845929925,0.9157706631443145,0.915587064521586,0.9036634684458232,0.898340748901258,0.8830712319386714
4,2,1.9647689552683578,0.2929460580912863,4820,2.2173995077610016,0.2479253112033195,964,2.2208712312239633,0.2383,0.9706868255425433,0.08393631575429672,,,0.9670274846229417,,0.9670660659173804,0.032933934082619576,0.9886689013522602,0.1450238733248785,10,0.025,0.15,0.9241182129694849,0.9446920216661975,1.0,0.947832161894834,0.9457552000044054,0.9413409747213066,0.9386469391118714,0.9352193380683721,0.9325255447156795,0.9232239919398841,0.9186406675303684,0.9079208853189762
4,3,1.9417194969313485,0.30401724920562867,4406,2.2186154297419955,0.2395005675368899,881,2.2208692454084566,0.2384,0.975988236541719,0.08439871495800946,,,0.9978654788216312,,0.9978957270881814,0.0021042729118185832,0.9886690733535672,0.14502404668576596,10,0.025,0.15,0.9254432909751491,0.9457978375842951,0.947832161894834,1.0,0.9446230208038825,0.9464203319745731,0.9470956056442226,0.9431092320906684,0.94042570870715,0.9257297623483383,0.9341046241988747,0.9205471389773284
4,4,1.9901911269534718,0.28715953307392994,4112,2.2202528544834683,0.24209245742092458,822,2.2208696135991737,0.2384,0.9754238685009701,0.0844307209586588,,,0.9999999999333087,,1.0,0.0,0.9886691948583612,0.14502404673132116,10,0.025,0.15,0.8977134785341381,0.9305857873604713,0.9457552000044054,0.9446230208038825,1.0,0.9511141951986454,0.9487107868053923,0.9427996398259672,0.945367869857772,0.9365127306421072,0.9350922554259976,0.9346634895419852
4,5,1.9760710820075005,0.30344561583954743,3889,2.2126217229025706,0.2544987146529563,778,2.2208685392065894,0.2383,0.9754069978831515,0.08431654381079971,,,0.9923853799360628,,0.9924163654668186,0.007583634533181449,0.9886691781364041,0.14502404433646596,10,0.025,0.15,0.8975004627969972,0.9294255302327479,0.9413409747213066,0.9464203319745731,0.9511141951986454,1.0,0.9447497075604262,0.9428247191170093,0.9505563250896609,0.9393079159302009,0.9399367720478577,0.9296126012338923
4,6,1.989029334331381,0.2949609269738615,3711,2.227310538291931,0.21159029649595687,742,2.2208683852907978,0.2383,0.9757586541910633,0.08426695787692907,,,0.9890784305971334,,0.9891072931623508,0.010892706837649202,0.9886687386222209,0.1450240395783044,10,0.025,0.15,0.8835947951992262,0.9217659845929925,0.9386469391118714,0.9470956056442226,0.9487107868053923,0.9447497075604262,1.0,0.9522544298504135,0.9562478765906364,0.9346936248974675,0.9473699032548094,0.9410817536900985
4,7,1.9926049275057656,0.28106060606060607,3564,2.2208543618520102,0.24403927068723702,713,2.22087743010702,0.2393,0.9731850277869296,0.08382294538862012,,,0.9594666699611365,,0.9595071875361028,0.04049281246389724,0.9886664249592483,0.14502371533004413,10,0.025,0.15,0.8717824711995794,0.9157706631443145,0.9352193380683721,0.9431092320906684,0.9427996398259672,0.9428247191170093,0.9522544298504135,1.0,0.9483759848241499,0.936685862977989,0.9512954490684414,0.9461822882306548
4,8,1.9944294925089237,0.28567276954373727,3441,2.2148579756418862,0.2441860465116279,688,2.2208775478073313,0.2391,0.974236378759656,0.08391800123093059,,,0.9658060656395573,,0.9658447624234622,0.03415523757653782,0.9886700496301075,0.145023848328898,10,0.025,0.15,0.8682603575536468,0.915587064521586,0.9325255447156795,0.94042570870715,0.945367869857772,0.9505563250896609,0.9562478765906364,0.9483759848241499,1.0,0.9405386197465089,0.9483856194578654,0.9519129776006761
4,9,1.990950400741012,0.2890221955608878,3334,2.2263453006744385,0.21739130434782608,667,2.2208924716032006,0.2391,0.9640024696814442,0.08327276921858827,,,0.922774717631912,,0.922818570414748,0.07718142958525198,0.9886281298157074,0.14502071470790778,10,0.025,0.15,0.8592588080422707,0.9036634684458232,0.9232239919398841,0.9257297623483383,0.9365127306421072,0.9393079159302009,0.9346936248974675,0.936685862977989,0.9405386197465089,1.0,0.9413012453345676,0.9390351736140317
4,10,2.002233010988969,0.2824436902190682,3241,2.224449634552002,0.22530864197530864,648,2.220901631101777,0.2391,0.9669975938778669,0.08334960089795412,,,0.9278987205790099,,0.9279430938588239,0.0720569061411761,0.9886333272606238,0.14502136579214253,10,0.025,0.15,0.8522208977540794,0.898340748901258,0.9186406675303684,0.9341046241988747,0.9350922554259976,0.9399367720478577,0.9473699032548094,0.9512954490684414,0.9483856194578654,0.9413012453345676,1.0,0.9473555200437029
4,11,2.0127606139183043,0.2851218740107629,3159,2.2259031772613525,0.25316455696202533,632,2.2210902503774137,0.2388,0.9604085676392976,0.08246291887055286,,,0.8687647623076002,,0.8688006469607698,0.13119935303923025,0.9884602193420873,0.14499998308697754,10,0.025,0.15,0.8364090540422119,0.8830712319386714,0.9079208853189762,0.9205471389773284,0.9346634895419852,0.9296126012338923,0.9410817536900985,0.9461822882306548,0.9519129776006761,0.9390351736140317,0.9473555200437029,1.0
5,0,1.863072790260668,0.3230825420014609,6845,2.1904971816323022,0.254200146092038,1369,2.1884811196146132,0.2703,0.9344189459043671,0.07977931963430485,,,0.65,,0.6500140284860788,0.3499859715139212,0.988474034073922,0.14408349734431852,10,0.025,0.15,1.0,0.9412022063052687,0.9274437993302558,0.9259609679375117,0.9000054460859342,0.9058198596949291,0.8911810642075868,0.880629428541591,0.8747340031770408,0.8622413718502294,0.8617247386966697,0.8472101053324795
5,1,1.878883474649385,0.3231653888280394,5478,2.1902210182613797,0.26094890510948904,1096,2.1867220703559584,0.2724,0.958937068834277,0.0827312820902562,,,0.8796583837137978,,0.879693353798419,0.12030664620158105,0.9905961926658282,0.14463597686746535,10,0.025,0.15,0.9412022063052687,1.0,0.9394529828625177,0.9406311496809058,0.925554607509246,0.9287469204100689,0.9193788076328531,0.9118907391065892,0.9121730421605638,0.899841551925413,0.8967436303348504,0.8825801445728255
5,2,1.9238655096606205,0.30983402489626555,4820,2.182022213935852,0.2883817427385892,964,2.186623431459258,0.2726,0.9671793081803542,0.0838054253505,,,0.9632251663899555,,0.9632618705748378,0.03673812942516219,0.9908191746051097,0.144656279554453,10,0.025,0.15,0.9274437993302558,0.9394529828625177,1.0,0.9426659277864463,0.9403542106387207,0.9344590019181275,0.9322842043860066,0.9264089769307673,0.9239568017651134,0.913976902398523,0.9113457981422839,0.8991851258005128
5,3,1.8980665234157017,0.3211075805719473,4406,2.182804925101144,0.2792281498297389,881,2.186617522300044,0.2727,0.9728441619116056,0.08427811842686658,,,0.9999999999222013,,1.0,0.0,0.9908279772825404,0.14465689088961362,10,0.025,0.15,0.9259609679375117,0.9406311496809058,0.9426659277864463,1.0,0.9363521158515871,0.9415523587909813,0.9402839379370954,0.9361464070825333,0.9322826992191378,0.9204858702768084,0.9285138230761919,0.9117292310170869
5,4,1.9486209258888707,0.3021643968871595,4112,2.1844655786241804,0.2749391727493917,822,2.186618023280856,0.2727,0.9719970490891814,0.08427030045774461,,,0.9993917733003295,,0.9994141044049446,0.0005858955950553968,0.9908279582895262,0.14465689088941483,10,0.025,0.15,0.9000054460859342,0.925554607509246,0.9403542106387207,0.9363521158515871,1.0,0.9431343353054151,0.9429648205736528,0.9348818944963111,0.937362914526283,0.9287217642957072,0.9293550657746787,0.9267744972622093
5,5,1.9346843177272428,0.31931087683209053,3889,2.176854372024536,0.3110539845758355,778,2.18661643885359,0.2727,0.9719714308003917,0.08419849960695355,,,0.9938057715851971,,0.9938357181759667,0.00616428182403328,0.9908279542168009,0.1446568881320723,10,0.025,0.15,0.9058198596949291,0.9287469204100689,0.9344590019181275,0.9415523587909813,0.9431343353054151,1.0,0.9356639900448133,0.934440347452667,0.941468455003554,0.9318672077030491,0.9308137283833137,0.9175302102099556
5,6,1.9463456684145435,0.31118296954998653,3711,2.1937776803970337,0.24258760107816713,742,2.186616007285782,0.2726,0.9722613011826021,0.08417716323712617,,,0.9921458330588793,,0.9921770559984157,0.007822944001584342,0.9908277504544938,0.14465688603660753,10,0.025,0.15,0.8911810642075868,0.9193788076328531,0.9322842043860066,0.9402839379370954,0.9429648205736528,0.9356639900448133,1.0,0.9433081480939864,0.9472009803068483,0.9288202843897263,0.9375007651961883,0.9295593563679152
5,7,1.9501530106578555,0.2961840628507295,3564,2.1879343589146933,0.26227208976157085,713,2.186628996571408,0.2724,0.9692797460179983,0.08380367205227879,,,0.9630887623395443,,0.9631133336634153,0.03688666633658466,0.9908198081258665,0.1446562777334233,10,0.025,0.15,0.880629428541591,0.9118907391065892,0.9264089769307673,0.9361464070825333,0.9348818944963111,0.934440347452667,0.9433081480939864,1.0,0.9377944277130014,0.9330178456718553,0.9409197413160685,0.9342522625998682
5,8,1.9517564747068616,0.3041267073525138,3441,2.1781800190607705,0.2921511627906977,688,2.1866285197342497,0.2725,0.9703063337214003,0.0838963317609989,,,0.9702975528501244,,0.9703421300193098,0.0296578699806902,0.9908213575722082,0.1446565876190041,10,0.025,0.15,0.8747340031770408,0.9121730421605638,0.9239568017651134,0.9322826992191378,0.937362914526283,0.941468455003554,0.9472009803068483,0.9377944277130014,1.0,0.9371685990026071,0.9400407330375461,0.9410072251908357
5,9,1.95145846163785,0.30404919016196763,3334,2.193626880645752,0.2593703148425787,667,2.186641445642785,0.2723,0.9616675610505273,0.08321272445364686,,,0.9171138990455527,,0.9171659157300589,0.0828340842699411,0.9908276482250192,0.14465086299923063,10,0.025,0.15,0.8622413718502294,0.899841551925413,0.913976902398523,0.9204858702768084,0.9287217642957072,0.9318672077030491,0.9288202843897263,0.9330178456718553,0.9371685990026071,1.0,0.9352069267812895,0.9342452600457115
5,10,1.9585963010787963,0.2994137611848195,3241,2.189220984776815,0.2654320987654321,648,2.1866568070423753,0.2723,0.963617854644457,0.08332427321544622,,,0.9257922304005024,,0.9258305688963707,0.07416943110362928,0.9908286932882822,0.14465246775424231,10,0.025,0.15,0.8617247386966697,0.8967436303348504,0.9113457981422839,0.9285138230761919,0.9293550657746787,0.9308137283833137,0.9375007651961883,0.9409197413160685,0.9400407330375461,0.9352069267812895,1.0,0.9356587608388391
5,11,1.9710408391952514,0.3009496676163343,3159,2.193944883346558,0.2879746835443038,632,2.1869266938559617,0.2718,0.9559661613656364,0.08252288971387724,,,0.8634457600603425,,0.8634863263520985,0.13651367364790146,0.9905301436667513,0.14462811855992969,10,0.025,0.15,0.8472101053324795,0.8825801445728255,0.8991851258005128,0.9117292310170869,0.9267744972622093,0.9175302102099556,0.9295593563679152,0.9342522625998682,0.9410072251908357,0.9342452600457115,0.9356587608388391,1.0
6,0,1.8331250623420432,0.33420014609203796,6845,2.154417948289351,0.27903579254930605,1369,2.150766692584074,0.3,0.9371236372497457,0.08030021637631299,,,0.65,,0.6500140284860788,0.3499859715139212,0.9892645363039193,0.14374879346729857,10,0.025,0.15,1.0,0.9366004759942157,0.922251423897041,0.9222659264126414,0.9023612298790012,0.9054970929604527,0.8915973114784645,0.8824379091937833,0.8784622143217675,0.8709695922148704,0.8623363421976346,0.8515425181505557
6,1,1.8440315875896187,0.33731288791529757,5478,2.1529116100735135,0.29744525547445255,1096,2.1482145152514494,0.3025,0.9585869492361384,0.0828389468123225,,,0.8758203431517744,,0.8758644023039726,0.12413559769602744,0.9918825677047521,0.14433479040930738,10,0.025,0.15,0.9366004759942157,1.0,0.934416514752825,0.9350261407453544,0.9208292801784582,0.9243082685745987,0.9154859466378801,0.91035243739976,0.9128146209878327,0.9052258585427451,0.8925050792632154,0.8834978161511245
6,2,1.8893031559492413,0.3212448132780083,4820,2.142424762248993,0.30809128630705396,964,2.148076712330685,0.3035,0.9639000771301395,0.08368098857851139,,,0.9507200480955527,,0.9507682659140797,0.0492317340859203,0.9920569455527178,0.144355801992852,10,0.025,0.15,0.922251423897041,0.934416514752825,1.0,0.9356436014929314,0.9328424273806403,0.9274621770180415,0.9250624475137744,0.9205687861825055,0.9189883210932928,0.914999786737261,0.9047915714973035,0.8936804771201091
6,3,1.8591303999083382,0.33184294144348614,4406,2.1424634797232494,0.3166855845629966,881,2.1480654855317707,0.3034,0.9718424936466288,0.08423500648413028,,,0.9999999999110498,,1.0,0.0,0.9920810192150704,0.14435718801467134,10,0.025,0.15,0.9222659264126414,0.9350261407453544,0.9356436014929314,1.0,0.9325499287480639,0.9353572149633663,0.93563587749104,0.9339269787831912,0.9303265392479387,0.9267820209919949,0.9248097127663533,0.9095833048805236
6,4,1.9155374537814747,0.3126215953307393,4112,2.144125461578369,0.305352798053528,822,2.1480666082116624,0.3035,0.968859365313254,0.08413248676874557,,,0.9908808602892843,,0.990922744301959,0.009077255698040965,0.9920796918304866,0.14435717830549485,10,0.025,0.15,0.9023612298790012,0.9208292801784582,0.9328424273806403,0.9325499287480639,1.0,0.9361334892251618,0.9360962389758378,0.9303164335650432,0.9300766664129896,0.9278651255659678,0.921109633881811,0.9164236820934246
6,5,1.8948095917701722,0.3300334276163538,3889,2.1372059072766985,0.3380462724935733,778,2.1480650086946125,0.3035,0.9683572177755206,0.08407138866738485,,,0.9854461776544131,,0.9854763908831344,0.014523609116865566,0.9920772140933091,0.14435714814115055,10,0.025,0.15,0.9054970929604527,0.9243082685745987,0.9274621770180415,0.9353572149633663,0.9361334892251618,1.0,0.9295420969123244,0.9278770991968855,0.9332681832547668,0.9302391368251126,0.9225832949919942,0.9087369600823115
6,6,1.9086978419073697,0.32500673672864455,3711,2.1559534072875977,0.2816711590296496,742,2.1480645982525015,0.3035,0.9688997548289651,0.08407587833991202,,,0.9858455345047286,,0.9858889934148636,0.01411100658513642,0.9920771895092326,0.1443571529822652,10,0.025,0.15,0.8915973114784645,0.9154859466378801,0.9250624475137744,0.93563587749104,0.9360962389758378,0.9295420969123244,1.0,0.9361618633482891,0.9412237303513074,0.9277058973980149,0.9274252460906529,0.9207191245880996
6,7,1.9127452399049487,0.309652076318743,3564,2.1508557001749673,0.2903225806451613,713,2.14808270297473,0.3034,0.9665045829701283,0.08376516028680024,,,0.9582071305285094,,0.958236371738377,0.041763628261623054,0.9920649682893032,0.144356325528134,10,0.025,0.15,0.8824379091937833,0.91035243739976,0.9205687861825055,0.9339269787831912,0.9303164335650432,0.9278770991968855,0.9361618633482891,1.0,0.9307522889556732,0.9325553780170514,0.9293368083393606,0.9248122600486043
6,8,1.9140417677384836,0.31609997093868064,3441,2.1371368964513144,0.3081395348837209,688,2.1480785110328773,0.3031,0.9677496727229555,0.08386355372045029,,,0.9669592369497254,,0.9670083015629384,0.03299169843706162,0.9920739439063953,0.14435676057984473,10,0.025,0.15,0.8784622143217675,0.9128146209878327,0.9189883210932928,0.9303265392479387,0.9300766664129896,0.9332681832547668,0.9412237303513074,0.9307522889556732,1.0,0.9328951852111118,0.9306812553715502,0.9337926994452244
6,9,1.9029074611487211,0.3204859028194361,3334,2.156733751296997,0.29235382308845576,667,2.148107426075996,0.3032,0.9638595027719334,0.0833110049010504,,,0.9178099605101513,,0.9178508359327293,0.08214916406727069,0.9919753511846989,0.1443509392848543,10,0.025,0.15,0.8709695922148704,0.9052258585427451,0.914999786737261,0.9267820209919949,0.9278651255659678,0.9302391368251126,0.9277058973980149,0.9325553780170514,0.9328951852111118,1.0,0.929119780903035,0.930386629602897
