round,client_id,client_i_training_loss,client_i_training_accuracy,client_i_training_dataset_size,client_i_evaluation_loss,client_i_evaluation_accuracy,client_i_evaluation_dataset_size,client_i_central_evaluation_loss,client_i_central_evaluation_accuracy,client_i_cosine_similarity,client_i_importance_coefficient,client_i_tanh_val,tanh_normalization_value,client_i_q,client_i_mask_order,client_i_v_nonzero_fraction,client_i_v_sparsity,client_i_v_cosine_similarity,client_i_reward_gradient_norm,local_epochs,learning_rate,gamma,client_0_cosine_similarity,client_1_cosine_similarity,client_2_cosine_similarity,client_3_cosine_similarity,client_4_cosine_similarity,client_5_cosine_similarity,client_6_cosine_similarity,client_7_cosine_similarity,client_8_cosine_similarity,client_9_cosine_similarity,client_10_cosine_similarity,client_11_cosine_similarity
0,0,2.152310407022558,0.4084246408570733,8214,2.25939033752264,0.20014609203798392,1369,2.2613871638386396,0.1939,0.9703015115658392,0.08176706032725636,,,0.7,,0.7000125651211567,0.2999874348788433,0,0.09877480037102457,5,0.001,0.1,1.0,0.9860920106198681,0.9759945720149857,0.9668740037873069,0.9566739543920235,0.9496928468804333,0.9469551746993629,0.9402723810669694,0.9336155976617486,0.9309630218300932,0.928937911416166,0.921732805645326
0,1,2.201534948765653,0.3885914207484028,6574,2.262705387387957,0.19708029197080293,1096,2.2613502957950384,0.1939,0.9909149740950755,0.08350415154487355,,,0.902040042179739,,0.902059713321928,0.09794028667807197,0,0.09881878099748735,5,0.001,0.1,0.9860920106198681,1.0,0.9908182053481848,0.9860094796158442,0.9850480234448961,0.9769441853909803,0.976047713032269,0.9695472280196187,0.9659662672626923,0.9645377683578532,0.9639381943704058,0.9565876178649466
0,2,2.220431690584889,0.3781774165657963,5783,2.264954690010317,0.1690871369294606,964,2.2613496201487777,0.1939,0.9958081664561949,0.0839164996142266,,,0.9499999998836905,,0.95001498149061,0.04998501850938997,0,0.09881957945783515,5,0.001,0.1,0.9759945720149857,0.9908182053481848,1.0,0.9917882708791098,0.9884185269464002,0.9784502824481418,0.9873924163552656,0.9834318499704594,0.9756509549652905,0.9784013018826234,0.9784303132147605,0.9735742276358026
0,3,2.2271186868828465,0.36637034234915833,5287,2.260144259248461,0.21679909194097616,881,2.2613496323363087,0.1939,0.9957587871398617,0.08391233843186276,,,0.9495160152478908,,0.9495365403388717,0.05046345966112831,0,0.098819578402485,5,0.001,0.1,0.9668740037873069,0.9860094796158442,0.9917882708791098,1.0,0.9906834909721441,0.9890228045105871,0.9891907391583158,0.9823998353154675,0.9779409566020476,0.981631252585711,0.9841609522483503,0.9732829241220983
0,4,2.2343153864337553,0.34921985815602835,4935,2.2643200159072876,0.17883211678832117,822,2.261349791535935,0.1939,0.9951509185963979,0.08386111350510342,,,0.9435580746065768,,0.943572940528315,0.056427059471685026,0,0.09881951046056216,5,0.001,0.1,0.9566739543920235,0.9850480234448961,0.9884185269464002,0.9906834909721441,1.0,0.9912375445769002,0.9907984504922461,0.9856604014056386,0.9826817064633107,0.9813388236689357,0.9863088888345434,0.9781972397645662
0,5,2.234777390793578,0.32059138632954787,4667,2.2609552097320558,0.19665809768637532,778,2.261350505268231,0.1939,0.9905246305153693,0.08347125739120097,,,0.8982141428095314,,0.8982273513691149,0.10177264863088509,0,0.09881870944043715,5,0.001,0.1,0.9496928468804333,0.9769441853909803,0.9784502824481418,0.9890228045105871,0.9912375445769002,1.0,0.9851276399669915,0.9794421808824465,0.9826321337404256,0.9771526356766156,0.9836958212185345,0.9739910599346225
0,6,2.2424392999921525,0.3503705367168201,4453,2.260861466328303,0.18867924528301888,742,2.261349984251272,0.1939,0.9937165978201533,0.08374024365996573,,,0.929499775098635,,0.9295145030494583,0.07048549695054174,0,0.09881931484744795,5,0.001,0.1,0.9469551746993629,0.976047713032269,0.9873924163552656,0.9891907391583158,0.9907984504922461,0.9851276399669915,1.0,0.9914574871964317,0.9857975999965561,0.9847149909072724,0.9932404993276472,0.984160335421619
0,7,2.2457788182728327,0.33458031330371757,4277,2.2634747442991836,0.20476858345021037,713,2.261350531166735,0.1939,0.9903523887521323,0.08345674262184567,,,0.8965259386536231,,0.8965455582296711,0.10345444177032892,0,0.09881868578563205,5,0.001,0.1,0.9402723810669694,0.9695472280196187,0.9834318499704594,0.9823998353154675,0.9856604014056386,0.9794421808824465,0.9914574871964317,1.0,0.9859911730829061,0.9832788953167535,0.9915322946297498,0.9899497149090088
0,8,2.2470417884679943,0.34235892467909906,4129,2.255068215456876,0.21075581395348839,688,2.2613525459179864,0.1939,0.9864888475254431,0.08313116299036624,,,0.8586579661431176,,0.8586762161587458,0.1413237838412542,0,0.09881685086066408,5,0.001,0.1,0.9336155976617486,0.9659662672626923,0.9756509549652905,0.9779409566020476,0.9826817064633107,0.9826321337404256,0.9857975999965561,0.9859911730829061,1.0,0.9782299688429664,0.9881516700403652,0.984186523523679
0,9,2.2489921263286043,0.2584353911522119,4001,2.2604944592430476,0.1889055472263868,667,2.2613528749813288,0.1939,0.9858839533066492,0.08308018870918646,,,0.8527291779394834,,0.8527512782594407,0.14724872174055925,0,0.09881637198400385,5,0.001,0.1,0.9309630218300932,0.9645377683578532,0.9784013018826234,0.981631252585711,0.9813388236689357,0.9771526356766156,0.9847149909072724,0.9832788953167535,0.9782299688429664,1.0,0.9889467348225855,0.9863531944125569
0,10,2.251891477772447,0.33309334019028025,3889,2.26290724391029,0.17592592592592593,648,2.2613513523016495,0.1939,0.9888566982688661,0.08333070116718612,,,0.8818661323305312,,0.8818830283875083,0.11811697161249168,0,0.09881810916567924,5,0.001,0.1,0.928937911416166,0.9639381943704058,0.9784303132147605,0.9841609522483503,0.9863088888345434,0.9836958212185345,0.9932404993276472,0.9915322946297498,0.9881516700403652,0.9889467348225855,1.0,0.9903722210685253
0,11,2.2542661738996745,0.3170667370087048,3791,2.2599071502685546,0.1962025316455696,632,2.2613545698098863,0.1939,0.9828977252815682,0.08282854003692612,,,0.823460071146291,,0.8234842114419927,0.1765157885580073,0,0.09881343784132811,5,0.001,0.1,0.921732805645326,0.9565876178649466,0.9735742276358026,0.9732829241220983,0.9781972397645662,0.9739910599346225,0.984160335421619,0.9899497149090088,0.984186523523679,0.9863531944125569,0.9903722210685253,1.0
1,0,1.984305490501196,0.4953737521305089,8214,2.2138423531554468,0.42658875091307524,1369,2.2152246095882817,0.4189,0.9761651840104958,0.08181799184413935,,,0.7,,0.7000125651211567,0.2999874348788433,0.9687032695450765,0.09928372565617861,5,0.001,0.1,1.0,0.9929590309578799,0.9861712245024984,0.9776825358183391,0.972629894960487,0.9656718250762973,0.9645847151891227,0.9613774347048943,0.9570378783767896,0.9537481815261619,0.9528106031539709,0.9509429930454707
1,1,2.0854034477067227,0.48822634621235167,6574,2.2164004053388324,0.41332116788321166,1096,2.2151373384859614,0.4191,0.9922807730576632,0.0834066638751414,,,0.8985726100161756,,0.8985946395260049,0.10140536047399507,0.9690772029691667,0.0993286927150045,5,0.001,0.1,0.9929590309578799,1.0,0.9959294295141843,0.9923374132736308,0.9901064921092543,0.9850890032377229,0.9846277538456483,0.9816352725836519,0.9785100682814833,0.9751967401705011,0.976752303629463,0.974234627059062
1,2,2.123657194158649,0.5027840221338405,5783,2.218618723653978,0.40767634854771784,964,2.2151364069015456,0.4191,0.9960426129213823,0.08378172169255428,,,0.9454521473009552,,0.9454818723963619,0.054518127603638056,0.9690801717296512,0.09932937559018379,5,0.001,0.1,0.9861712245024984,0.9959294295141843,1.0,0.9949124136358994,0.9928321996360834,0.986866485339229,0.9908708574130647,0.9886131430923033,0.9843379998526585,0.9836131855068849,0.9848943287035442,0.9830429260095801
1,3,2.1382889917097896,0.4824664270853036,5287,2.2143329041344777,0.39500567536889897,881,2.2151363863350864,0.4191,0.9972466642941566,0.08381810660074947,,,0.9499999998750072,,0.95001498149061,0.04998501850938997,0.9690808279089725,0.0993293884606146,5,0.001,0.1,0.9776825358183391,0.9923374132736308,0.9949124136358994,1.0,0.9954379568236962,0.993573940411511,0.9932099365195596,0.9889414892800203,0.9868522231146306,0.988985571120254,0.989575439801794,0.9847685825310238
1,4,2.151950053399609,0.46897669706180345,4935,2.21639869763301,0.39902676399026765,822,2.2151365546753614,0.419,0.9974119898032527,0.08379197557206534,,,0.9467338086996384,,0.9467577154676642,0.053242284532335815,0.9690811961337086,0.09932937947905794,5,0.001,0.1,0.972629894960487,0.9901064921092543,0.9928321996360834,0.9954379568236962,1.0,0.9953581362522008,0.9944451849820394,0.9919486483763585,0.9896888454421497,0.9871508454254923,0.9911042643023924,0.9874769299974215
1,5,2.1526018075747033,0.45326762374116136,4667,2.2143999195098876,0.448586118251928,778,2.2151374908301014,0.4191,0.9948642144380954,0.08347000504454101,,,0.9064898019121169,,0.9065203313325795,0.09347966866742052,0.9690779467331604,0.09932893671671089,5,0.001,0.1,0.9656718250762973,0.9850890032377229,0.986866485339229,0.993573940411511,0.9953581362522008,1.0,0.9919958643903343,0.9887270187286558,0.9880367714356504,0.9863782957675515,0.9907947452266914,0.9852719509235438
1,6,2.167887758186885,0.46525937570177406,4453,2.214762359857559,0.4353099730458221,742,2.215136783953292,0.419,0.9969645478642333,0.08370322886591082,,,0.9356411069162961,,0.935652081460647,0.06434791853935296,0.9690786421532496,0.09932927691478304,5,0.001,0.1,0.9645847151891227,0.9846277538456483,0.9908708574130647,0.9932099365195596,0.9944451849820394,0.9919958643903343,1.0,0.994652667818967,0.9905963792748819,0.9906374821855932,0.9953670309427836,0.9917961606061788
1,7,2.1745241346643933,0.47210661678746785,4277,2.2171606706536333,0.40252454417952316,713,2.2151374710253635,0.4191,0.9955879020555195,0.08348449145853962,,,0.9083004997662636,,0.9083229429446845,0.09167705705531548,0.969078599016913,0.09932895766498158,5,0.001,0.1,0.9613774347048943,0.9816352725836519,0.9886131430923033,0.9889414892800203,0.9919486483763585,0.9887270187286558,0.994652667818967,1.0,0.9907522615217156,0.9904762390361348,0.9942005263271485,0.9951009489743701
1,8,2.177637431071355,0.46049891014773553,4129,2.2077664787119087,0.45203488372093026,688,2.2151403975562927,0.419,0.9929655889358115,0.08319960852777417,,,0.8726921765836166,,0.8727056572041639,0.12729434279583607,0.9690700217826634,0.09932758307969497,5,0.001,0.1,0.9570378783767896,0.9785100682814833,0.9843379998526585,0.9868522231146306,0.9896888454421497,0.9880367714356504,0.9905963792748819,0.9907522615217156,1.0,0.9871390174338202,0.9920107374402278,0.9902075392023468
1,9,2.181546227704911,0.43259185203699074,4001,2.213298445656186,0.44227886056971516,667,2.2151414837700107,0.419,0.9923508939557286,0.08314840374140192,,,0.8662919455246965,,0.8663022781531206,0.13369772184687945,0.96905720826593,0.09932729054169241,5,0.001,0.1,0.9537481815261619,0.9751967401705011,0.9836131855068849,0.988985571120254,0.9871508454254923,0.9863782957675515,0.9906374821855932,0.9904762390361348,0.9871390174338202,1.0,0.9931097086104177,0.9913768001374799
1,10,2.185399084794717,0.4652095654409874,3889,2.2168385755448115,0.41203703703703703,648,2.215138236554667,0.4191,0.9947247421077228,0.08337912142066191,,,0.8951300007390464,,0.8951440639468012,0.10485593605319876,0.9690811106872727,0.09932859502008837,5,0.001,0.1,0.9528106031539709,0.976752303629463,0.9848943287035442,0.989575439801794,0.9911042643023924,0.9907947452266914,0.9953670309427836,0.9942005263271485,0.9920107374402278,0.9931097086104177,1.0,0.9954082351679396
1,11,2.189542287137328,0.4675811131627539,3791,2.214786183834076,0.40031645569620256,632,2.2151449176069264,0.4189,0.9925029361330947,0.08299868135652079,,,0.8475777212143835,,0.8475995785851673,0.15240042141483268,0.9690312890967286,0.09932632980965482,5,0.001,0.1,0.9509429930454707,0.974234627059062,0.9830429260095801,0.9847685825310238,0.9874769299974215,0.9852719509235438,0.9917961606061788,0.9951009489743701,0.9902075392023468,0.9913768001374799,0.9954082351679396,1.0
2,0,1.7911252717099766,0.5546871195519845,8214,2.1593416125275366,0.4704163623082542,1369,2.1600238621806183,0.4667,0.9857013412021708,0.08208422414193896,,,0.7,,0.7000125651211567,0.2999874348788433,0.9829276405059874,0.0994978530995585,5,0.001,0.1,1.0,0.9960586085386233,0.9921778129249306,0.986746757647228,0.9831067643916847,0.9790551493141848,0.9785955294539612,0.9755368726680752,0.9733294916884112,0.9715828525941566,0.9702509871418201,0.9699341519622239
2,1,1.921388561864501,0.5480073014907211,6574,2.16091262953622,0.45894160583941607,1096,2.1598603344572997,0.4662,0.9945798146745072,0.08334649538212752,,,0.8941262200484503,,0.8941436869931665,0.10585631300683351,0.9833523183474461,0.09955661026890382,5,0.001,0.1,0.9960586085386233,1.0,0.9974143046171972,0.9948193471898068,0.9929656324200407,0.9896543233666204,0.9896276350718507,0.986899129524127,0.9855536238392817,0.9831905515861343,0.9834801771404619,0.9825803593959562
2,2,1.9821723718010917,0.5617845408957288,5783,2.1633181956506546,0.4553941908713693,964,2.1598586167771217,0.4663,0.9970742376264037,0.0836573683906761,,,0.9419357558623304,,0.9419588057335614,0.05804119426643861,0.9833636114526766,0.09955824685923234,5,0.001,0.1,0.9921778129249306,0.9974143046171972,1.0,0.9964208225511038,0.9950027141991477,0.9912583158978217,0.9934733761607372,0.991301178719519,0.9896538360752017,0.9880595140342662,0.9888719484633376,0.9883178382704356
2,3,2.0083184144583095,0.5389067524115756,5287,2.1592641983713423,0.4540295119182747,881,2.1598588323440797,0.4663,0.9980056599017622,0.08370980470377266,,,0.9499999998462088,,0.95001498149061,0.04998501850938997,0.9833605730644212,0.09955833628374339,5,0.001,0.1,0.986746757647228,0.9948193471898068,0.9964208225511038,1.0,0.9969629676823611,0.9956417501340524,0.9952868541764821,0.9916561442909699,0.9921015931534971,0.9915555478587608,0.9922948689005634,0.9894825052273664
2,4,2.032150038442304,0.5277811550151976,4935,2.1592731842627892,0.45255474452554745,822,2.159858971738968,0.4663,0.9980278802261805,0.08369447939113468,,,0.9476431014881128,,0.9476614376431699,0.0523385623568301,0.9833605443136896,0.09955833093640516,5,0.001,0.1,0.9831067643916847,0.9929656324200407,0.9950027141991477,0.9969629676823611,1.0,0.9966871903208631,0.9961980053316982,0.9938848802502588,0.9933431262124489,0.9904553771889603,0.9931796166743959,0.9913892946405455
2,5,2.035167277839086,0.5156203128347975,4667,2.158900661468506,0.4910025706940874,778,2.1598587409375956,0.4665,0.9967754072765672,0.08345633148796375,,,0.9110180475511065,,0.9110389422101082,0.08896105778989183,0.9833669256263972,0.09955767938825615,5,0.001,0.1,0.9790551493141848,0.9896543233666204,0.9912583158978217,0.9956417501340524,0.9966871903208631,1.0,0.995002682366601,0.9926206507260598,0.9931840618548452,0.9909699520804157,0.9934718867843939,0.990641478376125
2,6,2.0620769129480636,0.5280485066247473,4453,2.1595470905303955,0.48517520215633425,742,2.159859024297696,0.4663,0.9980683469362658,0.08364130034587323,,,0.9394646318266728,,0.939494108891273,0.06050589110872695,0.9833629223642579,0.09955823878446388,5,0.001,0.1,0.9785955294539612,0.9896276350718507,0.9934733761607372,0.9952868541764821,0.9961980053316982,0.995002682366601,1.0,0.9962106707744759,0.994704520394331,0.9933357689051432,0.9964922736514159,0.9946932106547695
2,7,2.073647203018416,0.5478606499883095,4277,2.161897327588952,0.453015427769986,713,2.1598586693358497,0.4665,0.9966782037549096,0.08346208453532544,,,0.9119028156599946,,0.9119281661688946,0.0880718338311054,0.9833668998109711,0.0995576901253691,5,0.001,0.1,0.9755368726680752,0.986899129524127,0.991301178719519,0.9916561442909699,0.9938848802502588,0.9926206507260598,0.9962106707744759,1.0,0.9937120465338115,0.9932609278631145,0.9956772837701516,0.9962638402482116
2,8,2.080858245446132,0.5258416081375635,4129,2.150966080752286,0.49273255813953487,688,2.1598640661270094,0.4663,0.9959039964964412,0.08326216127702982,,,0.8811563760699567,,0.8811726157682606,0.11882738423173944,0.9833382583966903,0.09955610208223326,5,0.001,0.1,0.9733294916884112,0.9855536238392817,0.9896538360752017,0.9921015931534971,0.9933431262124489,0.9931840618548452,0.994704520394331,0.9937120465338115,1.0,0.9927545963050705,0.9953895681403748,0.9940353331213573
2,9,2.086605457654075,0.5180204948762809,4001,2.157189505440848,0.4782608695652174,667,2.159865226227635,0.4663,0.9947344953846533,0.08319293302738055,,,0.8705096798630665,,0.8705260919573559,0.12947390804264414,0.983342835235288,0.09955535160426493,5,0.001,0.1,0.9715828525941566,0.9831905515861343,0.9880595140342662,0.9915555478587608,0.9904553771889603,0.9909699520804157,0.9933357689051432,0.9932609278631145,0.9927545963050705,1.0,0.9947133247211657,0.9939241971352961
2,10,2.0931350117824117,0.5332476214965287,3889,2.1615486031486872,0.45987654320987653,648,2.159861007056678,0.4662,0.9961475280747161,0.08338024385135523,,,0.8993164379311127,,0.899338881317598,0.10066111868240202,0.9833503341709787,0.09955680251325674,5,0.001,0.1,0.9702509871418201,0.9834801771404619,0.9888719484633376,0.9922948689005634,0.9931796166743959,0.9934718867843939,0.9964922736514159,0.9956772837701516,0.9953895681403748,0.9947133247211657,1.0,0.9967926819470849
2,11,2.099847956665424,0.5466631495647586,3791,2.160789966583252,0.4477848101265823,632,2.1598698841497157,0.4663,0.9950923502682917,0.08311257346542202,,,0.8581510856789594,,0.8581687785735688,0.14183122142643123,0.9833388132881461,0.09955447821071886,5,0.001,0.1,0.9699341519622239,0.9825803593959562,0.9883178382704356,0.9894825052273664,0.9913892946405455,0.990641478376125,0.9946932106547695,0.9962638402482116,0.9940353331213573,0.9939241971352961,0.9967926819470849,1.0
3,0,1.6151190331937737,0.5898953007061115,8214,2.0933766087820365,0.533235938641344,1369,2.093225840181588,0.5323,0.9897274862344781,0.0823340670889248,,,0.7,,0.7000125651211567,0.2999874348788433,0.9904796111230832,0.09961971887227042,5,0.001,0.1,1.0,0.9965116332190305,0.9941070623457667,0.9906433765140857,0.987627338610118,0.9850970730783793,0.9844735159054762,0.9829998134660065,0.980799098273285,0.9810189706222987,0.9784171389510736,0.9788994209000551
3,1,1.741905517948484,0.5822330392455126,6574,2.0936456884656636,0.5200729927007299,1096,2.092943657701389,0.5321,0.9961971174424794,0.08331758191137684,,,0.8911075664568155,,0.8911280579155431,0.10887194208445694,0.9908450385025851,0.09969216657804293,5,0.001,0.1,0.9965116332190305,1.0,0.9979298226925999,0.9963067103796297,0.9947056144464139,0.9927546902619293,0.9925963846778251,0.9914443194502044,0.9897795833509724,0.9894731568114938,0.9881324617594137,0.9882213682511743
3,2,1.8109924982924488,0.5906277018848348,5783,2.0966536460384244,0.5145228215767634,964,2.0929388367710784,0.5324,0.9979550230155106,0.08356511730981203,,,0.9392063714030675,,0.9392331409903248,0.060766859009675156,0.9908520444802902,0.09969432509775662,5,0.001,0.1,0.9941070623457667,0.9979298226925999,1.0,0.9975893791018643,0.9963863205195347,0.9940054881624992,0.9953911458788338,0.9947632052781645,0.9924701023579862,0.9925386085819712,0.99168023317352,0.9919660654131828
3,3,1.8456856421677463,0.5707584641573671,5287,2.092170034136091,0.5221339387060159,881,2.0929392450533735,0.5324,0.9986786861210919,0.08362066557364499,,,0.9499999998056892,,0.95001498149061,0.04998501850938997,0.9908576555837381,0.0996944443191006,5,0.001,0.1,0.9906433765140857,0.9963067103796297,0.9975893791018643,1.0,0.997518544464695,0.9967361609332667,0.9965655132852603,0.9953090152645179,0.9941775476305748,0.9947579083262501,0.9944491823925657,0.9933715962484152
3,4,1.8761485681226178,0.5590273556231004,4935,2.090119398557223,0.5194647201946472,822,2.0929393006589847,0.5324,0.9985861254196648,0.08360827210633859,,,0.9475918150759628,,0.9476131102541054,0.05238688974589456,0.9908577635626793,0.09969443859584957,5,0.001,0.1,0.987627338610118,0.9947056144464139,0.9963863205195347,0.997518544464695,1.0,0.9972019436834479,0.9969788272276328,0.9968675225573551,0.9954446325821168,0.9943169969804175,0.9949219633010412,0.9943059986206165
3,5,1.8809063119431064,0.551274908935076,4667,2.0919575309753418,0.5578406169665809,778,2.092940627576444,0.5324,0.9977424842642445,0.08343489054264336,,,0.9139019021739248,,0.9139192545983511,0.0860807454016489,0.9908389151508646,0.09969345051861798,5,0.001,0.1,0.9850970730783793,0.9927546902619293,0.9940054881624992,0.9967361609332667,0.9972019436834479,1.0,0.9960501156076802,0.9952922635182572,0.9953673521559946,0.9942373002226124,0.9955935046894128,0.9938342391445499
3,6,1.91841303893498,0.556658432517404,4453,2.0927045047283173,0.5579514824797843,742,2.09293946976098,0.5324,0.9985125209893203,0.08357326262322727,,,0.9407890938890728,,0.9408182793516398,0.05918172064836025,0.9908518186924371,0.09969433151958423,5,0.001,0.1,0.9844735159054762,0.9925963846778251,0.9953911458788338,0.9965655132852603,0.9969788272276328,0.9960501156076802,1.0,0.9976498675822035,0.996160827269786,0.995932389678764,0.9973175865032933,0.9962497610934753
3,7,1.9340577618399664,0.5859714753331775,4277,2.095191126284392,0.520336605890603,713,2.092940616912354,0.5324,0.9980930113916944,0.08344974155113556,,,0.9167876137337145,,0.9168092324644069,0.08319076753559307,0.9908421959684293,0.09969368432792852,5,0.001,0.1,0.9829998134660065,0.9914443194502044,0.9947632052781645,0.9953090152645179,0.9968675225573551,0.9952922635182572,0.9976498675822035,1.0,0.9962507696248718,0.9957841378816099,0.9967820564161152,0.9971997323962903
3,8,1.9468912331874555,0.5550980867038023,4129,2.082177584821528,0.5566860465116279,688,2.092948250115489,0.532,0.9970621676038419,0.08329376985756276,,,0.8864806268796352,,0.886498294043166,0.11350170595683395,0.9908418240637591,0.09969178832171789,5,0.001,0.1,0.980799098273285,0.9897795833509724,0.9924701023579862,0.9941775476305748,0.9954446325821168,0.9953673521559946,0.996160827269786,0.9962507696248718,1.0,0.9951252629689507,0.9965953201006488,0.9958370984991791
3,9,1.9573675988212464,0.5669582604348913,4001,2.0893859409150624,0.5367316341829086,667,2.092951213209012,0.532,0.9968943859070429,0.08324587049531178,,,0.8771732627752522,,0.8772001043871603,0.12279989561283966,0.9908218600597485,0.09969129194716352,5,0.001,0.1,0.9810189706222987,0.9894731568114938,0.9925386085819712,0.9947579083262501,0.9943169969804175,0.9942373002226124,0.995932389678764,0.9957841378816099,0.9951252629689507,1.0,0.9965456316922852,0.9962838365222019
3,10,1.9662799657368268,0.5601439958858319,3889,2.0945600214458646,0.5370370370370371,648,2.092943849655005,0.5323,0.9970643533575454,0.08336629961200251,,,0.9005739425575153,,0.9005905606943679,0.09940943930563206,0.9908411326256108,0.09969264681220734,5,0.001,0.1,0.9784171389510736,0.9881324617594137,0.99168023317352,0.9944491823925657,0.9949219633010412,0.9955935046894128,0.9973175865032933,0.9967820564161152,0.9965953201006488,0.9965456316922852,1.0,0.9975640444838939
3,11,1.9758705513817922,0.583803745713532,3791,2.0953017234802247,0.5253164556962026,632,2.0929589362951893,0.5321,0.9967055714064804,0.08319046132801951,,,0.8664066623347788,,0.8664230966257817,0.13357690337421835,0.9908016688632185,0.09968950193523952,5,0.001,0.1,0.9788994209000551,0.9882213682511743,0.9919660654131828,0.9933715962484152,0.9943059986206165,0.9938342391445499,0.9962497610934753,0.9971997323962903,0.9958370984991791,0.9962838365222019,0.9975640444838939,1.0
4,0,1.470959933305065,0.6170684197711225,8214,2.014121418775514,0.577063550036523,1369,2.012978262413805,0.577,0.9904270813867248,0.0824983759281043,,,0.7,,0.7000125651211567,0.2999874348788433,0.9954308464032635,0.0996458335790422,5,0.001,0.1,1.0,0.9963883454580169,0.9941280687772459,0.9912178469901923,0.9884967617419513,0.9865984140145427,0.9860399103550807,0.9839441950187284,0.9813027910622414,0.9829127266627461,0.98085333182592,0.9813374183007789
4,1,1.5812096031545435,0.6070276848189838,6574,2.0129671028682163,0.5720802919708029,1096,2.012537821032369,0.5772,0.996380596049806,0.0832940565413257,,,0.8879294143140516,,0.887943282976194,0.11205671702380604,0.9957586114820252,0.09972849958050414,5,0.001,0.1,0.9963883454580169,1.0,0.9979468163434678,0.996397181367169,0.9951702364694082,0.993518838887204,0.9932906772105645,0.992035680892547,0.9895396933183167,0.9906468412755604,0.9896914390808227,0.9897329712250955
4,2,1.6472194929807884,0.610133148884662,5783,2.01663956334514,0.5601659751037344,964,2.012527904952296,0.5773,0.9981998836265433,0.08350467880935653,,,0.9376756552238033,,0.9377059954958873,0.06229400450411271,0.9957857094109058,0.09973040143070284,5,0.001,0.1,0.9941280687772459,0.9979468163434678,1.0,0.9978021959032893,0.9967690778729409,0.9951806579326364,0.9959846951281945,0.9952472857322947,0.9925634854589882,0.9939122996329456,0.9931196809563739,0.99342935149651
4,3,1.6829334205891713,0.5905050122943067,5287,2.01114798443658,0.5766174801362088,881,2.0125277171881435,0.5773,0.998760368531734,0.08355685926262373,,,0.949999999763813,,0.95001498149061,0.04998501850938997,0.9957844457098811,0.09973049505689005,5,0.001,0.1,0.9912178469901923,0.996397181367169,0.9978021959032893,1.0,0.9977151751308466,0.9970855714735706,0.9969625134644441,0.995837639961224,0.9943916879071119,0.9956872305048381,0.9952494760153029,0.9944026158843673
4,4,1.7160640530432425,0.5818034447821682,4935,2.0072200252459598,0.5644768856447688,822,2.0125276909087795,0.5773,0.9989130535771759,0.0835541857939163,,,0.9493685612192192,,0.9493915581716782,0.050608441828321804,0.9957844084724664,0.09973049391654455,5,0.001,0.1,0.9884967617419513,0.9951702364694082,0.9967690778729409,0.9977151751308466,1.0,0.9975092327397467,0.9975198858669982,0.9973002653588645,0.9959732186609627,0.9959691876871143,0.996201640917348,0.9959211985128368
4,5,1.7190919371500408,0.5809299335761732,4667,2.011470923423767,0.5976863753213367,778,2.0125322212426426,0.5772,0.9983429283693257,0.08342939800044287,,,0.9198953070625558,,0.9199118508423464,0.08008814915765361,0.9957695689405086,0.09972999557802496,5,0.001,0.1,0.9865984140145427,0.993518838887204,0.9951806579326364,0.9970855714735706,0.9975092327397467,1.0,0.997198579003586,0.9966259763732148,0.9958763391007504,0.9959615113908081,0.9965715936159487,0.9955858814892306
4,6,1.760458140543529,0.5801033011452953,4453,2.0123056719700494,0.5983827493261455,742,2.012528641536213,0.5772,0.9987446398247534,0.08352726750840439,,,0.9430108122097137,,0.9430365065096993,0.05696349349030072,0.9957857978765349,0.09973041606217216,5,0.001,0.1,0.9860399103550807,0.9932906772105645,0.9959846951281945,0.9969625134644441,0.9975198858669982,0.997198579003586,1.0,0.9979848832432584,0.9961997691371112,0.9965370514177206,0.9978024471387024,0.9969872711090952
4,7,1.778327447442866,0.6069675005845219,4277,2.0152284995369287,0.5553997194950911,713,2.012531894464462,0.5772,0.9983509528945339,0.08343876888980885,,,0.922108589277665,,0.9221300780004059,0.07786992199959408,0.9957714752368177,0.09973001075915221,5,0.001,0.1,0.9839441950187284,0.992035680892547,0.9952472857322947,0.995837639961224,0.9973002653588645,0.9966259763732148,0.9979848832432584,1.0,0.9965304656878825,0.9967726938387272,0.9975792817045571,0.9979248697029957
4,8,1.7983913049331077,0.5841123758779365,4129,1.999529172073711,0.6031976744186046,688,2.0125416345870533,0.5772,0.9969563624777659,0.08329803933362989,,,0.8888700980665831,,0.8888808343240449,0.11111916567595514,0.9957613240535728,0.09972851448354848,5,0.001,0.1,0.9813027910622414,0.9895396933183167,0.9925634854589882,0.9943916879071119,0.9959732186609627,0.9958763391007504,0.9961997691371112,0.9965304656878825,1.0,0.995789143375275,0.9968049612101016,0.9961150813213617
4,9,1.8054248660329788,0.5919020244938765,4001,2.008108837263925,0.5772113943028486,667,2.0125444289594414,0.5772,0.997524759920288,0.08328700551910788,,,0.8862640545532484,,0.8862808207923759,0.11371917920762409,0.9957639682022167,0.09972846904760291,5,0.001,0.1,0.9829127266627461,0.9906468412755604,0.9939122996329456,0.9956872305048381,0.9959691876871143,0.9959615113908081,0.9965370514177206,0.9967726938387272,0.995789143375275,1.0,0.9969472010590054,0.9967665212515057
4,10,1.8186760206691555,0.5814862432501928,3889,2.014118336495899,0.5817901234567902,648,2.012536565335795,0.5772,0.9975954739915641,0.08336317769449397,,,0.9042549318845184,,0.9042731077410812,0.09572689225891884,0.995761726919731,0.09972939549729265,5,0.001,0.1,0.98085333182592,0.9896914390808227,0.9931196809563739,0.9952494760153029,0.996201640917348,0.9965715936159487,0.9978024471387024,0.9975792817045571,0.9968049612101016,0.9969472010590054,1.0,0.9978982068190275
4,11,1.8300105722010636,0.6046953310472171,3791,2.0164147913455963,0.5712025316455697,632,2.012554838253667,0.5772,0.9973754101239014,0.08324818671878571,,,0.8770955586923486,,0.8771179478257508,0.12288205217424919,0.9957446031858291,0.0997279443420725,5,0.001,0.1,0.9813374183007789,0.9897329712250955,0.99342935149651,0.9944026158843673,0.9959211985128368,0.9955858814892306,0.9969872711090952,0.9979248697029957,0.9961150813213617,0.9967665212515057,0.9978982068190275,1.0
5,0,1.354997500000297,0.634745556367178,8214,1.921903177749279,0.6106647187728269,1369,1.9196411397891304,0.6055,0.9903890495510541,0.08259782293653738,,,0.95,,0.95001498149061,0.04998501850938997,0.9966018057462951,0.09973080110327162,5,0.001,0.1,1.0,0.9961979715479394,0.9941633615917231,0.9913069574195864,0.9886695384229575,0.9866518889162795,0.9862600405013459,0.983762454706679,0.9814411004179768,0.9826026142763286,0.980507605203696,0.9812253827649126
5,1,1.4475356514014086,0.6245208396714329,6574,1.9191902603421893,0.6021897810218978,1096,1.9191115835604196,0.6064,0.9963023196629043,0.08327695811481856,,,0.95,,0.95001498149061,0.04998501850938997,0.9975219456828416,0.09973080110327162,5,0.001,0.1,0.9961979715479394,1.0,0.9975819890599281,0.9962719082615878,0.9951581859715972,0.9937914838500328,0.9935231307806609,0.9918058052830164,0.9896040762302116,0.9904806612391912,0.9893012009277161,0.9897450317522839
5,2,1.5059751601508968,0.6292581704997406,5783,1.9239651926102177,0.5964730290456431,964,1.9191001131892584,0.6065,0.9981437407488218,0.08346564693639028,,,0.95,,0.95001498149061,0.04998501850938997,0.9975371051263768,0.09973080110327162,5,0.001,0.1,0.9941633615917231,0.9975819890599281,1.0,0.9976250830809221,0.9966279852394481,0.9957012051851404,0.9961813526144597,0.9949726114573509,0.9925430329664888,0.993484300906689,0.9929724190607041,0.993604821829138
5,3,1.5391230318201594,0.6132778513334595,5287,1.9169351415974754,0.6095346197502838,881,1.9190997540379484,0.6065,0.9987242637660624,0.08351640807034988,,,0.95,,0.95001498149061,0.04998501850938997,0.9975394201142105,0.09973080110327162,5,0.001,0.1,0.9913069574195864,0.9962719082615878,0.9976250830809221,1.0,0.9975304485222033,0.9970730224210526,0.9972312986827465,0.9959520217391372,0.9940410873780686,0.9955379519064028,0.9949664106666073,0.9948334401760802
5,4,1.5709030175978138,0.603323201621074,4935,1.9111153941888075,0.5827250608272506,822,1.9190996493013521,0.6065,0.9989398091932484,0.08352172812752409,,,0.95,,0.95001498149061,0.04998501850938997,0.9975394115632304,0.09973080110327162,5,0.001,0.1,0.9886695384229575,0.9951581859715972,0.9966279852394481,0.9975304485222033,1.0,0.9976369272678022,0.997435023460672,0.9972672776543854,0.9958913536246572,0.9962283466850991,0.9961518736855985,0.9963269143715486
5,5,1.5713084687108863,0.608227983715449,4667,1.9178199911117553,0.6143958868894601,778,1.9191044626144556,0.6065,0.9985941522021943,0.08343400343779789,,,0.95,,0.95001498149061,0.04998501850938997,0.9975372965357091,0.09973080110327162,5,0.001,0.1,0.9866518889162795,0.9937914838500328,0.9957012051851404,0.9970730224210526,0.9976369272678022,1.0,0.9972913637566985,0.9970691577785594,0.9959433231666626,0.9965528788339666,0.996844254644715,0.9962178861784884
5,6,1.6119271488700595,0.597574668762632,4453,1.918799897034963,0.6320754716981132,742,1.9191009651738615,0.6065,0.9988179631188793,0.08350127794601482,,,0.95,,0.95001498149061,0.04998501850938997,0.9975372113262013,0.09973080110327162,5,0.001,0.1,0.9862600405013459,0.9935231307806609,0.9961813526144597,0.9972312986827465,0.997435023460672,0.9972913637566985,1.0,0.9979752327931625,0.9961859430563202,0.9967130579836432,0.9975646134749214,0.9970823991300809
5,7,1.6293966126086108,0.6212298339957915,4277,1.922379239745762,0.5792426367461431,713,1.919103961402235,0.6065,0.9983355823978902,0.08343140320891053,,,0.95,,0.95001498149061,0.04998501850938997,0.9975374085052887,0.09973080110327162,5,0.001,0.1,0.983762454706679,0.9918058052830164,0.9949726114573509,0.9959520217391372,0.9972672776543854,0.9970691577785594,0.9979752327931625,1.0,0.9961822110511401,0.9970698589802798,0.9975204227079736,0.9980775740115837
5,8,1.6531902784567614,0.6031484620973602,4129,1.9032542976466091,0.6293604651162791,688,1.9191154988048176,0.6064,0.9968057309028084,0.08329565778397971,,,0.95,,0.95001498149061,0.04998501850938997,0.9975220478226301,0.09973080110327162,5,0.001,0.1,0.9814411004179768,0.9896040762302116,0.9925430329664888,0.9940410873780686,0.9958913536246572,0.9959433231666626,0.9961859430563202,0.9961822110511401,1.0,0.9954023534632145,0.996407074356244,0.995702681131593
5,9,1.6594192237134964,0.6123469132716821,4001,1.9140057336716425,0.5967016491754122,667,1.9191181758722178,0.6064,0.9975770442789422,0.08331379514347305,,,0.95,,0.95001498149061,0.04998501850938997,0.9975216089353182,0.09973080110327162,5,0.001,0.1,0.9826026142763286,0.9904806612391912,0.993484300906689,0.9955379519064028,0.9962283466850991,0.9965528788339666,0.9967130579836432,0.9970698589802798,0.9954023534632145,1.0,0.9971890245901566,0.9973181759488776
5,10,1.6718628658622992,0.6001542813062484,3889,1.9207150481996083,0.6234567901234568,648,1.9191104950615392,0.6065,0.9974671507101149,0.08335698146711172,,,0.95,,0.95001498149061,0.04998501850938997,0.9975306448601768,0.09973080110327162,5,0.001,0.1,0.980507605203696,0.9893012009277161,0.9929724190607041,0.9949664106666073,0.9961518736855985,0.996844254644715,0.9975646134749214,0.9975204227079736,0.996407074356244,0.9971890245901566,1.0,0.9978158697860119
5,11,1.6827051409152376,0.6197309417040359,3791,1.924648928642273,0.6060126582278481,632,1.9191312294798537,0.6064,0.9975255986038596,0.0832883168270921,,,0.95,,0.95001498149061,0.04998501850938997,0.9975149653932228,0.09973080110327162,5,0.001,0.1,0.9812253827649126,0.9897450317522839,0.993604821829138,0.9948334401760802,0.9963269143715486,0.9962178861784884,0.9970823991300809,0.9980775740115837,0.995702681131593,0.9973181759488776,0.9978158697860119,1.0
6,0,1.2598385330767947,0.6489651813976138,8214,1.8182199417158615,0.623082542001461,1369,1.8146552757714123,0.6225,0.9904308484453103,0.08266322337325849,,,0.95,,0.95001498149061,0.04998501850938997,0.9980196297858269,0.09972113326634495,5,0.001,0.1,1.0,0.9959749054360446,0.9940719524723683,0.99102610640317,0.988645087624415,0.9864300673730712,0.9861301806676344,0.9835289755431533,0.9823873163521739,0.9825327525833675,0.9804589624356989,0.9809625918355511
6,1,1.336569487006919,0.6393063583815028,6574,1.8136565753391811,0.6222627737226277,1096,1.814037104384206,0.623,0.9961129470265903,0.08326340989235603,,,0.95,,0.95001498149061,0.04998501850938997,0.9980196297858269,0.09972113326634495,5,0.001,0.1,0.9959749054360446,1.0,0.9973382979502599,0.9959257350212701,0.9948428072661154,0.9934407824800062,0.9931388827199551,0.9913315648874182,0.9895425659817055,0.9902164438388861,0.9890000445887236,0.9893046181524667
6,2,1.3867637681697613,0.6414317828116894,5783,1.8197302164569977,0.6130705394190872,964,1.814024228257493,0.6233,0.9980737755202126,0.0834425040344698,,,0.95,,0.95001498149061,0.04998501850938997,0.9980196297858269,0.09972113326634495,5,0.001,0.1,0.9940719524723683,0.9973382979502599,1.0,0.99748873306715,0.996386907922334,0.9956324761607352,0.9959755048869946,0.9948552238327419,0.9925084848738399,0.9932799353045058,0.9925752558621321,0.9933692290741472
6,3,1.41586579278291,0.628106676754303,5287,1.8108602847371782,0.626560726447219,881,1.8140236443985764,0.6233,0.998689524985115,0.08349353375254306,,,0.95,,0.95001498149061,0.04998501850938997,0.9980196297858269,0.09972113326634495,5,0.001,0.1,0.99102610640317,0.9959257350212701,0.99748873306715,1.0,0.9973373770463058,0.9970388762781552,0.9970298077752618,0.995804335684868,0.9940315750745298,0.9952874237422656,0.9951073134326254,0.9947378424512618
6,4,1.4448831848175294,0.6228976697061803,4935,1.8033430117827196,0.6021897810218978,822,1.814023454349262,0.6233,0.9987077216163535,0.0834973855851527,,,0.95,,0.95001498149061,0.04998501850938997,0.9980196297858269,0.09972113326634495,5,0.001,0.1,0.988645087624415,0.9948428072661154,0.996386907922334,0.9973373770463058,1.0,0.9970548961017993,0.9968796798745222,0.9968606134731505,0.9955672932582168,0.995933133263721,0.9956354789077435,0.9958697812693925
6,5,1.4424868021109334,0.631369187915149,4667,1.812407169342041,0.6246786632390745,778,1.8140283476430388,0.6231,0.9984925206114652,0.08343661116736693,,,0.95,,0.95001498149061,0.04998501850938997,0.9980196297858269,0.09972113326634495,5,0.001,0.1,0.9864300673730712,0.9934407824800062,0.9956324761607352,0.9970388762781552,0.9970548961017993,1.0,0.9971622374959245,0.9969186731722167,0.9953528438404643,0.9966464570701437,0.9966798838974107,0.996064343183666
6,6,1.4823525047302246,0.61949247698181,4453,1.8135698437690735,0.6428571428571429,742,1.8140251514629815,0.6233,0.9987115962251376,0.08348496316015847,,,0.95,,0.95001498149061,0.04998501850938997,0.9980196297858269,0.09972113326634495,5,0.001,0.1,0.9861301806676344,0.9931388827199551,0.9959755048869946,0.9970298077752618,0.9968796798745222,0.9971622374959245,1.0,0.997947870411962,0.9957798294823221,0.9965533363184321,0.9974253592453359,0.9970144204225818
6,7,1.4966878733528195,0.6349310264203881,4277,1.817947620930879,0.6086956521739131,713,1.8140276758053813,0.6231,0.9982579039522033,0.08342743928343599,,,0.95,,0.95001498149061,0.04998501850938997,0.9980196297858269,0.09972113326634495,5,0.001,0.1,0.9835289755431533,0.9913315648874182,0.9948552238327419,0.995804335684868,0.9968606134731505,0.9969186731722167,0.997947870411962,1.0,0.9959992801456808,0.9970432277088412,0.9975073089295389,0.9977938596403243
6,8,1.5257911295157212,0.622039234681521,4129,1.7948776483535767,0.6482558139534884,688,1.8140412618557866,0.623,0.9967480942068548,0.08329539417754427,,,0.95,,0.95001498149061,0.04998501850938997,0.9980196297858269,0.09972113326634495,5,0.001,0.1,0.9823873163521739,0.9895425659817055,0.9925084848738399,0.9940315750745298,0.9955672932582168,0.9953528438404643,0.9957798294823221,0.9959992801456808,1.0,0.9953279323168724,0.9958651897169069,0.9951720769390023
6,9,1.5238688289173066,0.6256435891027243,4001,1.8084832997549147,0.6176911544227887,667,1.814043694410842,0.623,0.9975173735233723,0.08333136497433415,,,0.95,,0.95001498149061,0.04998501850938997,0.9980196297858269,0.09972113326634495,5,0.001,0.1,0.9825327525833675,0.9902164438388861,0.9932799353045058,0.9952874237422656,0.995933133263721,0.9966464570701437,0.9965533363184321,0.9970432277088412,0.9953279323168724,1.0,0.99716786277988,0.9967435509087
6,10,1.537792066179338,0.6178452044227308,3889,1.815565097899664,0.6327160493827161,648,1.8140362973411244,0.623,0.9973880287943756,0.08335368573225632,,,0.95,,0.95001498149061,0.04998501850938997,0.9980196297858269,0.09972113326634495,5,0.001,0.1,0.9804589624356989,0.9890000445887236,0.9925752558621321,0.9951073134326254,0.9956354789077435,0.9966798838974107,0.9974253592453359,0.9975073089295389,0.9958651897169069,0.99716786277988,1.0,0.9977416154128327
