round,client_id,client_i_training_loss,client_i_training_accuracy,client_i_training_dataset_size,client_i_evaluation_loss,client_i_evaluation_accuracy,client_i_evaluation_dataset_size,client_i_central_evaluation_loss,client_i_central_evaluation_accuracy,client_i_cosine_similarity,client_i_importance_coefficient,client_i_tanh_val,tanh_normalization_value,client_i_q,client_i_mask_order,client_i_v_nonzero_fraction,client_i_v_sparsity,client_i_v_cosine_similarity,client_i_reward_gradient_norm,local_epochs,learning_rate,gamma,client_0_cosine_similarity,client_1_cosine_similarity,client_2_cosine_similarity,client_3_cosine_similarity,client_4_cosine_similarity,client_5_cosine_similarity,client_6_cosine_similarity,client_7_cosine_similarity,client_8_cosine_similarity,client_9_cosine_similarity,client_10_cosine_similarity,client_11_cosine_similarity
0,0,2.2593343178431193,0.1635354273192111,6845,2.2973717125979336,0.1168736303871439,1369,2.2984406917910034,0.1235,0.8869743817926763,0.07965355797842077,,,0.5581993448460328,,0.558218217226981,0.44178178277301905,0,0.13844437978073884,10,0.025,0.15,1.0,0.935168185925877,0.8767959182159879,0.8418352787211018,0.8029279429954975,0.777606884899768,0.7706955013954947,0.7575572325260287,0.7135431893217018,0.7517669866252944,0.6818423038402036,0.6937427059212067
0,1,2.2791248260542405,0.14488864549105512,5478,2.2985645400153265,0.12135036496350365,1096,2.2983496792708773,0.1245,0.9326648350854221,0.0837567285379339,,,0.7670731759510582,,0.7671271310920764,0.23287286890792358,0,0.13914815535257632,10,0.025,0.15,0.935168185925877,1.0,0.9320786197060732,0.8987210294785318,0.8589970658566842,0.8508264692795275,0.8096889820243068,0.8286649770701142,0.7600609070506515,0.8132205019465605,0.7551268158145356,0.7492867410180852
0,2,2.293830060958862,0.14317427385892117,4820,2.2988202273845673,0.11825726141078838,964,2.298344950132732,0.1246,0.9814293336618902,0.08813595965709968,,,0.9899999999490945,,0.9900232707827895,0.00997672921721049,0,0.13918761070505542,10,0.025,0.15,0.8767959182159879,0.9320786197060732,1.0,0.9465124503058163,0.9093768932193779,0.9210815910838585,0.8892003964610962,0.9107447312786073,0.8803968223962954,0.911898791339977,0.8639155906613435,0.8545465982737462
0,3,2.2940376670019966,0.12827961870177032,4406,2.3001510075160434,0.11010215664018161,881,2.2983455416522447,0.1244,0.9520168952048468,0.08549461463066299,,,0.8555410865454312,,0.8555643577428991,0.14443564225710093,0,0.13918036452835583,10,0.025,0.15,0.8418352787211018,0.8987210294785318,0.9465124503058163,1.0,0.8634069203954203,0.8821422521709503,0.906603031108231,0.8798163248702683,0.836519909509583,0.8903124562253828,0.7995397310124157,0.8220266077156747
0,4,2.2967360482071384,0.1305204280155642,4112,2.3002685819353377,0.12895377128953772,822,2.2983464198776438,0.1245,0.9448325947177776,0.0848494380538327,,,0.8226980688382268,,0.8227542044197983,0.1772457955802017,0,0.13917327262125215,10,0.025,0.15,0.8029279429954975,0.8589970658566842,0.9093768932193779,0.8634069203954203,1.0,0.86659996576957,0.8363345813211912,0.9124909445640156,0.9077400508888759,0.8818410718543307,0.8429705263262757,0.8906977625743352
0,5,2.2967937169536468,0.13561326819233735,3889,2.2994067668914795,0.13624678663239073,778,2.2983483030826233,0.1245,0.9387098026731618,0.08429958883481703,,,0.7947077352071683,,0.7947384925153901,0.20526150748460992,0,0.13916204711400235,10,0.025,0.15,0.777606884899768,0.8508264692795275,0.9210815910838585,0.8821422521709503,0.86659996576957,1.0,0.8527100501975254,0.9181562421436819,0.8363196665213137,0.9048221330965011,0.8707556787659189,0.834641755048979
0,6,2.297442381135349,0.12603071948261924,3711,2.296433170636495,0.14690026954177898,742,2.2983570793006995,0.1243,0.9193628233668655,0.08256215901777232,,,0.7062630515415462,,0.7063177699658365,0.2936822300341635,0,0.13909223817557498,10,0.025,0.15,0.7706955013954947,0.8096889820243068,0.8892003964610962,0.906603031108231,0.8363345813211912,0.8527100501975254,1.0,0.8381889655653394,0.8796370495402857,0.9330197694313392,0.7695926488690122,0.8160942321842132
0,7,2.2986271934849873,0.12800224466891133,3564,2.2977906862894693,0.12622720897615708,713,2.298347385623787,0.1245,0.9402519643440099,0.08443808061832572,,,0.8017577247161253,,0.8018022478585929,0.1981977521414071,0,0.13916517258375324,10,0.025,0.15,0.7575572325260287,0.8286649770701142,0.9107447312786073,0.8798163248702683,0.9124909445640156,0.9181562421436819,0.8381889655653394,1.0,0.8832689151178444,0.8882796917840332,0.889367150705721,0.8711487947563568
0,8,2.2997070568579216,0.12476024411508282,3441,2.299988865852356,0.12790697674418605,688,2.2983705665491803,0.1243,0.9155870715448486,0.08222308263310911,,,0.6890022083778026,,0.6890462279876549,0.3109537720123451,0,0.13897623969386752,10,0.025,0.15,0.7135431893217018,0.7600609070506515,0.8803968223962954,0.836519909509583,0.9077400508888759,0.8363196665213137,0.8796370495402857,0.8832689151178444,1.0,0.9116308577118798,0.862051578744092,0.8960934406768756
0,9,2.299432937304179,0.12258548290341932,3334,2.2994311650594077,0.11544227886056972,667,2.298347144187251,0.1244,0.9418601146275053,0.08458249842167369,,,0.8091093810578595,,0.8091383208727368,0.19086167912726315,0,0.1391675079295863,10,0.025,0.15,0.7517669866252944,0.8132205019465605,0.911898791339977,0.8903124562253828,0.8818410718543307,0.9048221330965011,0.9330197694313392,0.8882796917840332,0.9116308577118798,1.0,0.8419846142888708,0.8884588999069208
0,10,2.2990857857924243,0.13893859919777846,3241,2.299118081728617,0.12037037037037036,648,2.298444702655454,0.1235,0.8851808024786145,0.07949248796691406,,,0.55,,0.5500404350481095,0.4499595649518905,0,0.138409079203775,10,0.025,0.15,0.6818423038402036,0.7551268158145356,0.8639155906613435,0.7995397310124157,0.8429705263262757,0.8707556787659189,0.7695926488690122,0.889367150705721,0.862051578744092,0.8419846142888708,1.0,0.8500383305756095
0,11,2.29939328289032,0.11452991452991453,3159,2.29647216796875,0.12974683544303797,632,2.2983956065358995,0.1238,0.8965312922784933,0.08051180364943784,,,0.6018887452096165,,0.6019458335396346,0.3980541664603654,0,0.13877554523234484,10,0.025,0.15,0.6937427059212067,0.7492867410180852,0.8545465982737462,0.8220266077156747,0.8906977625743352,0.834641755048979,0.8160942321842132,0.8711487947563568,0.8960934406768756,0.8884588999069208,0.8500383305756095,1.0
1,0,2.1114233482767033,0.236245434623813,6845,2.287134213881059,0.17384952520087654,1369,2.2888944058478633,0.1598,0.9192552605113137,0.07933878900791307,,,0.55,,0.5500404350481095,0.4499595649518905,0.8405465002084844,0.14511582679475168,10,0.025,0.15,1.0,0.9573571193262074,0.9430274763051579,0.9226037592655205,0.9147092462171557,0.8942345124254312,0.8740907373237761,0.8625065140717864,0.8447378033913318,0.8451536080378277,0.8371839390553755,0.8236731245360815
1,1,2.141096056339353,0.2262504563709383,5478,2.288839817047119,0.15875912408759124,1096,2.288659732553023,0.1606,0.9622984662825743,0.08328517532762018,,,0.7915030016723488,,0.7915366968691719,0.20846330313082806,0.8412319795666194,0.14579174882915916,10,0.025,0.15,0.9573571193262074,1.0,0.9733273405142855,0.9611067254816094,0.9539497804919348,0.9475149785851967,0.926242803097119,0.9236182491237729,0.899675992239703,0.898759212726199,0.8960601518442641,0.8818948699019804
1,2,2.1861968837286296,0.20925311203319502,4820,2.290162444114685,0.14522821576763487,964,2.2886462241788452,0.1605,0.9785486541390581,0.08652880307981038,,,0.9899999999388039,,0.9900232707827895,0.00997672921721049,0.8416584828813517,0.1458185357870076,10,0.025,0.15,0.9430274763051579,0.9733273405142855,1.0,0.9783053000649876,0.9650091238457297,0.9683580239859746,0.9491506776310473,0.9473773199325557,0.9259202963132545,0.9258877101687586,0.92361718230679,0.9081694379143593
1,3,2.198152781214033,0.1991375397185656,4406,2.29100125176566,0.1543700340522134,881,2.288648044006734,0.1604,0.9802045736361087,0.08494606558491957,,,0.8931428184797237,,0.8931854565859616,0.1068145434140384,0.8415344114656753,0.14581647968893308,10,0.025,0.15,0.9226037592655205,0.9611067254816094,0.9783053000649876,1.0,0.9650713078786338,0.9697214404483491,0.9620391268631716,0.9559289898343855,0.9306520171242922,0.9376971745323047,0.9292061677446484,0.9153588511953044
1,4,2.2201416904276066,0.1967169260700389,4112,2.2908250944955006,0.16058394160583941,822,2.2886493568178974,0.1605,0.9816332803668416,0.08459286923482268,,,0.8715286196107066,,0.871565083923355,0.12843491607664503,0.8415502398282718,0.1458140807455318,10,0.025,0.15,0.9147092462171557,0.9539497804919348,0.9650091238457297,0.9650713078786338,1.0,0.9707535294770576,0.9518224602010718,0.9588098185700326,0.9456164104950926,0.9442126558311046,0.9423162884186731,0.9340037898568341
1,5,2.229105860187161,0.20172280791977373,3889,2.2888966628483365,0.15295629820051415,778,2.2886520458173147,0.1607,0.9895424844924099,0.08451009757320829,,,0.8664633261716281,,0.8664818207324521,0.13351817926754794,0.8416437339889276,0.14581356082174,10,0.025,0.15,0.8942345124254312,0.9475149785851967,0.9683580239859746,0.9697214404483491,0.9707535294770576,1.0,0.9729864273101427,0.9774428691365278,0.9603896694979708,0.9637528108147216,0.9630260495830739,0.9507406965878902
1,6,2.2306684946191724,0.1880625168418216,3711,2.2866132656733194,0.18194070080862534,742,2.288674152350124,0.1606,0.9820437437893813,0.08318891418177307,,,0.7856122059460392,,0.7856364806654453,0.21436351933455466,0.8412173518869329,0.14578980409560405,10,0.025,0.15,0.8740907373237761,0.926242803097119,0.9491506776310473,0.9620391268631716,0.9518224602010718,0.9729864273101427,1.0,0.9732290150448899,0.9656918971979447,0.9709815663498529,0.9551161442551612,0.9511950907103754
1,7,2.2407428315707616,0.1925925925925926,3564,2.2889430125554404,0.14726507713884993,713,2.2886516776265977,0.1606,0.9838367713473621,0.08440983060442542,,,0.8603273901613266,,0.8603753032628608,0.13962469673713918,0.8415089225672305,0.14581287433604564,10,0.025,0.15,0.8625065140717864,0.9236182491237729,0.9473773199325557,0.9559289898343855,0.9588098185700326,0.9774428691365278,0.9732290150448899,1.0,0.9714462897608656,0.9696480066139143,0.9694556311375173,0.9641779543937294
1,8,2.2508921755684748,0.18308631211857018,3441,2.2899254163106284,0.14825581395348839,688,2.288698443883582,0.1607,0.974674809166668,0.08273847193309157,,,0.75804694843605,,0.7580911356472083,0.24190886435279169,0.8416865752326131,0.1457784146612805,10,0.025,0.15,0.8447378033913318,0.899675992239703,0.9259202963132545,0.9306520171242922,0.9456164104950926,0.9603896694979708,0.9656918971979447,0.9714462897608656,1.0,0.9776383613859763,0.9716641361015442,0.97606989211745
1,9,2.247239632518203,0.1856628674265147,3334,2.28925891717275,0.1619190404797601,667,2.288651765147342,0.1606,0.9749651523359005,0.08420998344144043,,,0.8480975459883011,,0.8481375121717747,0.1518624878282253,0.8414660613124756,0.14581113483610975,10,0.025,0.15,0.8451536080378277,0.898759212726199,0.9258877101687586,0.9376971745323047,0.9442126558311046,0.9637528108147216,0.9709815663498529,0.9696480066139143,0.9776383613859763,1.0,0.965639023381893,0.9723855724012613
1,10,2.255416958148663,0.19216291268127123,3241,2.289517800013224,0.17901234567901234,648,2.28881409198423,0.1599,0.9706846798472509,0.0809162904532444,,,0.6465367562439402,,0.6465811754220924,0.35341882457790763,0.8460911447057546,0.1455504334551896,10,0.025,0.15,0.8371839390553755,0.8960601518442641,0.92361718230679,0.9292061677446484,0.9423162884186731,0.9630260495830739,0.9551161442551612,0.9694556311375173,0.9716641361015442,0.965639023381893,1.0,0.9704007064252397
1,11,2.2529163675308226,0.1868945868945869,3159,2.286995267868042,0.1550632911392405,632,2.28873999812935,0.1603,0.9641471800585711,0.08133470957773098,,,0.6721423270964472,,0.6721790364905679,0.32782096350943213,0.8420090694428993,0.14558190401291093,10,0.025,0.15,0.8236731245360815,0.8818948699019804,0.9081694379143593,0.9153588511953044,0.9340037898568341,0.9507406965878902,0.9511950907103754,0.9641779543937294,0.97606989211745,0.9723855724012613,0.9704007064252397,1.0
2,0,2.0276877537921623,0.2668955441928415,6845,2.2712404944679956,0.21183345507669832,1369,2.274294768707662,0.1875,0.9179336737032319,0.07901867121447209,,,0.55,,0.5500404350481095,0.4499595649518905,0.9485938929814202,0.14543040704340254,10,0.025,0.15,1.0,0.9474618630638262,0.9372882329257084,0.9128757528885448,0.9116355022588438,0.889283807246956,0.8714072868103165,0.8580830615466334,0.8645808792657097,0.8481844574406546,0.8498478776291767,0.8473970343913074
2,1,2.051273826388426,0.26119021540708287,5478,2.2739644050598145,0.18613138686131386,1096,2.273864884919758,0.1865,0.9646452753490494,0.08298343202001068,,,0.823044830082879,,0.8230925384958162,0.1769074615041838,0.9542982423156724,0.1461934425273058,10,0.025,0.15,0.9474618630638262,1.0,0.9636494719289806,0.9555442366219986,0.9540526260413118,0.9466117095786952,0.9278362998662298,0.9263740125811691,0.9246459322747695,0.9083880247552978,0.9156540289818,0.9108692219677778
2,2,2.089493947907498,0.24802904564315353,4820,2.2771663069725037,0.16390041493775934,964,2.2738388912587224,0.1861,0.9774263478661532,0.08540771272693881,,,0.989999999931132,,0.9900232707827895,0.00997672921721049,0.9544888239542771,0.14620964503520556,10,0.025,0.15,0.9372882329257084,0.9636494719289806,1.0,0.9674957653893407,0.9611146430116091,0.9627086408910787,0.946364947881984,0.9445547864706396,0.9472116389515864,0.9311176864806805,0.9369518202581185,0.9304661363269521
2,3,2.102911653859275,0.23899228325011349,4406,2.277024814060756,0.17593643586833144,881,2.273841758317585,0.1861,0.9841795357209008,0.0846479845102245,,,0.9376790978600299,,0.937730025911439,0.06226997408856105,0.9544886723091529,0.14620938371337613,10,0.025,0.15,0.9128757528885448,0.9555442366219986,0.9674957653893407,1.0,0.9640497651732848,0.9704922669826304,0.9646574217357061,0.9612346121832827,0.9586325845295208,0.9512811994860261,0.952362298426596,0.9491574460045992
2,4,2.1227143265984276,0.23966439688715954,4112,2.2763824803488597,0.18248175182481752,822,2.2738433819782884,0.1861,0.9807091702745151,0.08431628400075318,,,0.914835573700772,,0.9148718456536449,0.08512815434635512,0.9544655824010165,0.14620884083979088,10,0.025,0.15,0.9116355022588438,0.9540526260413118,0.9611146430116091,0.9640497651732848,1.0,0.9648812126119884,0.9541300367299439,0.9519548471311196,0.9576413201037944,0.9452247099907922,0.9508734804226208,0.9522380792481039
2,5,2.130555776626833,0.23803034199022885,3889,2.27314441544669,0.18894601542416453,778,2.2738470729393296,0.1862,0.9883307417650741,0.08451335772275859,,,0.9284076310273064,,0.9284464689475335,0.07155353105246653,0.9544650396441438,0.14620920418152253,10,0.025,0.15,0.889283807246956,0.9466117095786952,0.9627086408910787,0.9704922669826304,0.9648812126119884,1.0,0.9735214458689202,0.9728698416466487,0.9750605332030984,0.9627056022607313,0.9728624287625992,0.9653766417265377
2,6,2.135120485157802,0.22872541094044732,3711,2.2712504466374717,0.20754716981132076,742,2.273885563959049,0.1866,0.9842399624250183,0.08356224004597368,,,0.8629061349260103,,0.862941691010216,0.137058308989784,0.9542482109961383,0.14619967548467547,10,0.025,0.15,0.8714072868103165,0.9278362998662298,0.946364947881984,0.9646574217357061,0.9541300367299439,0.9735214458689202,1.0,0.9756827537576105,0.978013089231949,0.9720552821695985,0.9749384096677725,0.9704404578462141
2,7,2.1409051422561918,0.2308641975308642,3564,2.2755010525385537,0.17391304347826086,713,2.273847347573389,0.1861,0.9817379287693747,0.08423649628364951,,,0.9093407595801224,,0.909392484032282,0.09060751596771799,0.9544626432898561,0.1462086568255204,10,0.025,0.15,0.8580830615466334,0.9263740125811691,0.9445547864706396,0.9612346121832827,0.9519548471311196,0.9728698416466487,0.9756827537576105,1.0,0.9751231695207949,0.9657345145104032,0.9753171259403741,0.9721323394636099
2,8,2.161979409500405,0.2189479802383028,3441,2.2746720711390176,0.17877906976744187,688,2.2739204787000826,0.1874,0.9840096666209841,0.08327590390382084,,,0.8431867603873262,,0.8432192899935634,0.15678071000643656,0.9542132922918372,0.14619695637375682,10,0.025,0.15,0.8645808792657097,0.9246459322747695,0.9472116389515864,0.9586325845295208,0.9576413201037944,0.9750605332030984,0.978013089231949,0.9751231695207949,1.0,0.9713091900288666,0.9779089996837594,0.9762664492054941
2,9,2.1567934407128226,0.21970605878824234,3334,2.2738147974014282,0.18140929535232383,667,2.273852176304105,0.1861,0.9747064418952854,0.08388370062652044,,,0.8850444564790074,,0.8850984469640706,0.11490155303592942,0.954430336490146,0.14620243804424543,10,0.025,0.15,0.8481844574406546,0.9083880247552978,0.9311176864806805,0.9512811994860261,0.9452247099907922,0.9627056022607313,0.9720552821695985,0.9657345145104032,0.9713091900288666,1.0,0.9714415412814715,0.9697198036932386
2,10,2.1654022028812996,0.22758407898796668,3241,2.274006724357605,0.19444444444444445,648,2.274072462999368,0.1907,0.9793260202753961,0.0819953423874276,,,0.7549971522864245,,0.7550378769124128,0.24496212308758725,0.9523680833970999,0.14614396849227781,10,0.025,0.15,0.8498478776291767,0.9156540289818,0.9369518202581185,0.952362298426596,0.9508734804226208,0.9728624287625992,0.9749384096677725,0.9753171259403741,0.9779089996837594,0.9714415412814715,1.0,0.9738036694608002
2,11,2.1615332679748533,0.22801519468186135,3159,2.272269058227539,0.1787974683544304,632,2.273973718474183,0.1904,0.9763954545010824,0.08215887455745013,,,0.7662592726934135,,0.7662936739779835,0.23370632602201646,0.9526973455037709,0.14615027812966475,10,0.025,0.15,0.8473970343913074,0.9108692219677778,0.9304661363269521,0.9491574460045992,0.9522380792481039,0.9653766417265377,0.9704404578462141,0.9721323394636099,0.9762664492054941,0.9697198036932386,0.9738036694608002,1.0
3,0,1.968580123892537,0.29010956902848795,6845,2.2486161535436455,0.2512783053323594,1369,2.2533872912201702,0.2174,0.9177612922050874,0.07892406615259517,,,0.55,,0.5500404350481095,0.4499595649518905,0.974037759180567,0.14483224979382206,10,0.025,0.15,1.0,0.9428353068975084,0.934141869199211,0.9079516752015284,0.9074840121965596,0.8832791939339926,0.870033857519273,0.8540359596110321,0.8634503810267183,0.8471321750895745,0.844797564940001,0.8445530665474588
3,1,1.988423655753912,0.28413654618473894,5478,2.2524764802720814,0.21350364963503649,1096,2.2526204254053814,0.2176,0.9624364774406781,0.0828392702748646,,,0.8509698160004675,,0.851017477843244,0.148982522156756,0.977124844660808,0.145655392407784,10,0.025,0.15,0.9428353068975084,1.0,0.9557386179472437,0.9485290095840643,0.9479928287817235,0.9340345378387271,0.924561147257516,0.9190328555473707,0.922493803792504,0.9047269570844738,0.9075509982174069,0.9084806732866231
3,2,2.0204494790027017,0.27394190871369295,4820,2.2582696080207825,0.1991701244813278,964,2.2525734177118615,0.2163,0.9718106242105591,0.0846478621012723,,,0.9899999999231279,,0.9900232707827895,0.00997672921721049,0.9773015946350372,0.1456795980242136,10,0.025,0.15,0.934141869199211,0.9557386179472437,1.0,0.9574657764045179,0.9505582696065443,0.9480989446380632,0.9366099783364162,0.9335708898555806,0.939160917320674,0.9225344951197961,0.9235053363594946,0.9218815074983353
3,3,2.035062899589539,0.2657285519745801,4406,2.257138047899519,0.19977298524404086,881,2.252578059329262,0.2165,0.9801484690716179,0.08444894674034958,,,0.9747089658654005,,0.974748725058177,0.025251274941823,0.9772939576041458,0.14567956894697207,10,0.025,0.15,0.9079516752015284,0.9485290095840643,0.9574657764045179,1.0,0.951617652725924,0.9613475077218032,0.958566030948632,0.9555134333709615,0.9524508516472406,0.944121628122546,0.9418847466418776,0.9399096258797984
3,4,2.050157817204793,0.2651264591439689,4112,2.255618061338152,0.20194647201946472,822,2.2525799063187613,0.2165,0.9758723831173035,0.0841038248110166,,,0.9481787313424384,,0.9482183822679936,0.0517816177320064,0.9772820230642528,0.14567929563050167,10,0.025,0.15,0.9074840121965596,0.9479928287817235,0.9505582696065443,0.951617652725924,1.0,0.9537688288845638,0.9473452832843122,0.9422845518845273,0.949637351226327,0.934510495368773,0.9403068500236526,0.9447405959598641
3,5,2.057899130928901,0.26456672666495246,3889,2.2504113061087474,0.2095115681233933,778,2.2525848980191387,0.2167,0.9834136508037924,0.08447202163294176,,,0.9764827804510046,,0.9765229159446123,0.02347708405538773,0.9772892118144448,0.14567957510046037,10,0.025,0.15,0.8832791939339926,0.9340345378387271,0.9480989446380632,0.9613475077218032,0.9537688288845638,1.0,0.9665306041589736,0.9633376043343608,0.9694922288204705,0.9553621367634092,0.9626018184680324,0.9589215019056667
3,6,2.0662207023850803,0.2561034761519806,3711,2.249259829521179,0.24258760107816713,742,2.252636302875567,0.2174,0.9809249704601067,0.08380125092327212,,,0.9249192525318635,,0.9249475994784704,0.07505240052152962,0.9771724811752867,0.14567838781823986,10,0.025,0.15,0.870033857519273,0.924561147257516,0.9366099783364162,0.958566030948632,0.9473452832843122,0.9665306041589736,1.0,0.9651635908633341,0.9685838331228892,0.9610025720998072,0.964820264648953,0.9646748562737008
3,7,2.0648463138512203,0.2596801346801347,3564,2.2562150160471597,0.20897615708274894,713,2.252585785298408,0.2165,0.9776310355059659,0.08411174247470428,,,0.9487873784803185,,0.9488207819643182,0.05117921803568182,0.9772802722811647,0.14567931205490123,10,0.025,0.15,0.8540359596110321,0.9190328555473707,0.9335708898555806,0.9555134333709615,0.9422845518845273,0.9633376043343608,0.9651635908633341,1.0,0.9675638656337165,0.9571329718436168,0.9649743816787579,0.9660350177831969
3,8,2.0857992755042183,0.24989828538215636,3441,2.2528148889541626,0.20784883720930233,688,2.252681705016124,0.219,0.9813999820618347,0.08363925472901577,,,0.912466270961685,,0.9125035071215197,0.08749649287848027,0.9771406080053413,0.14567750260515425,10,0.025,0.15,0.8634503810267183,0.922493803792504,0.939160917320674,0.9524508516472406,0.949637351226327,0.9694922288204705,0.9685838331228892,0.9675638656337165,1.0,0.961371845894107,0.9702351838633815,0.9688271240508995
3,9,2.083572034041087,0.25140971805638873,3334,2.2522356510162354,0.2098950524737631,667,2.252592817137513,0.2166,0.9712307268214695,0.08368424100122993,,,0.9159244584911239,,0.9159611163374098,0.08403888366259016,0.9771851019039474,0.145677830601777,10,0.025,0.15,0.8471321750895745,0.9047269570844738,0.9225344951197961,0.944121628122546,0.934510495368773,0.9553621367634092,0.9610025720998072,0.9571329718436168,0.961371845894107,1.0,0.9654687004732726,0.9610575684791723
3,10,2.091343934719379,0.25161987041036715,3241,2.251961827278137,0.25462962962962965,648,2.252897015100793,0.2213,0.9745808019427781,0.08262298569040018,,,0.8343435739050077,,0.83438959581456,0.16561040418544004,0.976684022678961,0.14565080458715765,10,0.025,0.15,0.844797564940001,0.9075509982174069,0.9235053363594946,0.9418847466418776,0.9403068500236526,0.9626018184680324,0.964820264648953,0.9649743816787579,0.9702351838633815,0.9654687004732726,1.0,0.9678386251812419
3,11,2.077287815093994,0.25979740424184866,3159,2.250797700881958,0.2199367088607595,632,2.2527791578558425,0.2204,0.9739732266293732,0.08270453346833781,,,0.8406123197876386,,0.8406446501955736,0.15935534980442645,0.9767631962322072,0.14565252083937397,10,0.025,0.15,0.8445530665474588,0.9084806732866231,0.9218815074983353,0.9399096258797984,0.9447405959598641,0.9589215019056667,0.9646748562737008,0.9660350177831969,0.9688271240508995,0.9610575684791723,0.9678386251812419,1.0
4,0,1.9228318280643888,0.3056245434623813,6845,2.2196074182336982,0.2731921110299489,1369,2.2264722872383986,0.2469,0.9240614034850188,0.07915625393915658,,,0.55,,0.5500404350481095,0.4499595649518905,0.9800631413101175,0.14429911193499936,10,0.025,0.15,1.0,0.9428068578377206,0.9311047034187311,0.9115142751736397,0.9096114068185723,0.8861721825382645,0.8760283413639897,0.8608467222844136,0.8689699917027964,0.858236752839323,0.848509304475738,0.8496522626809936
4,1,1.942431649496389,0.29926980649872215,5478,2.224685933854845,0.24635036496350365,1096,2.225167371049712,0.2475,0.9591322047434886,0.08273124629859195,,,0.8519041215930305,,0.8519499595649519,0.1480500404350481,0.9852864057865313,0.14522865536862117,10,0.025,0.15,0.9428068578377206,1.0,0.9461709323481458,0.9421965124159298,0.9405741511731848,0.9250939233542163,0.9197088126201027,0.9118663539766136,0.9163186886614867,0.9026044499333508,0.8989387296854643,0.9003057912235342
4,2,1.9697996450097937,0.2913692946058091,4820,2.233334243297577,0.237551867219917,964,2.2250873951972285,0.2459,0.9702290403376457,0.08421598881143691,,,0.9772889725422175,,0.9773316169068014,0.02266838309319863,0.9853558838807532,0.14526196243664674,10,0.025,0.15,0.9311047034187311,0.9461709323481458,1.0,0.9506167675183189,0.9483338767930349,0.9404038762513791,0.9321801275822179,0.9295392802662698,0.9357957221111145,0.9257010038429003,0.9180841192354138,0.9153020700756312
4,3,1.9853678267342703,0.28613254652746256,4406,2.2317464692252025,0.2304199772985244,881,2.225094912927362,0.246,0.9743809099581496,0.08422815406865103,,,0.9783163149597442,,0.9783548711854896,0.021645128814510417,0.9853555278676461,0.14526196763971486,10,0.025,0.15,0.9115142751736397,0.9421965124159298,0.9506167675183189,1.0,0.9436126180320586,0.9505681602040992,0.9458693597236295,0.9432824481420921,0.9447285118939965,0.933583947113698,0.9284320790711453,0.9259362631450314
4,4,1.9957286003864172,0.28492217898832684,4112,2.228828055518014,0.22627737226277372,822,2.2250985797447496,0.2459,0.9732519605708235,0.08397711786529966,,,0.9571165872845735,,0.9571553531052467,0.04284464689475331,0.9853585271910801,0.14526171590752568,10,0.025,0.15,0.9096114068185723,0.9405741511731848,0.9483338767930349,0.9436126180320586,1.0,0.9426939725837555,0.9422209124018349,0.9353099360304076,0.9435822036443942,0.9307311511655499,0.9342158768807466,0.9368449876386485
4,5,2.006501075144737,0.2811519670866547,3889,2.221059560775757,0.2352185089974293,778,2.2251036257683476,0.2461,0.9781785749490939,0.08436650621908429,,,0.9899999999155511,,0.9900232707827895,0.00997672921721049,0.9853540554373423,0.14526200790498286,10,0.025,0.15,0.8861721825382645,0.9250939233542163,0.9404038762513791,0.9505681602040992,0.9426939725837555,1.0,0.95642808255843,0.9538133128224217,0.961204200888815,0.9472548843558068,0.9501859850189193,0.9494557069964222
4,6,2.0121777074090366,0.2756130423066559,3711,2.2209635972976685,0.2722371967654987,742,2.225168038018142,0.246,0.9772751194755415,0.08392075441641515,,,0.952356756824931,,0.9523939198890924,0.04760608011090761,0.9853611295170603,0.14526160462320958,10,0.025,0.15,0.8760283413639897,0.9197088126201027,0.9321801275822179,0.9458693597236295,0.9422209124018349,0.95642808255843,1.0,0.9545724569909207,0.9625175432488882,0.9510929909698601,0.9546506370592648,0.9575561819121604
4,7,2.0123127119881765,0.2787878787878788,3564,2.2309781312942505,0.2244039270687237,713,2.2251061487801467,0.246,0.9736062103171143,0.08399360106988961,,,0.9585085755470475,,0.9585499496624911,0.041450050337508926,0.9853557726653394,0.14526174706908268,10,0.025,0.15,0.8608467222844136,0.9118663539766136,0.9295392802662698,0.9432824481420921,0.9353099360304076,0.9538133128224217,0.9545724569909207,1.0,0.9593840189774074,0.9477175006518737,0.9544558618790766,0.9585900466354018
4,8,2.0293715008982907,0.27015402499273466,3441,2.2245982885360718,0.2441860465116279,688,2.2252244828622554,0.2476,0.9787732272701999,0.0838691569324847,,,0.9479994067955471,,0.9480368371540328,0.05196316284596725,0.9853578290939707,0.1452614957328736,10,0.025,0.15,0.8689699917027964,0.9163186886614867,0.9357957221111145,0.9447285118939965,0.9435822036443942,0.961204200888815,0.9625175432488882,0.9593840189774074,1.0,0.9537629284449184,0.9605957958241611,0.9629703275198848
4,9,2.0316968030399747,0.26826634673065386,3334,2.2244772911071777,0.24287856071964017,667,2.225114614148683,0.2464,0.9692983210710073,0.08358761918838732,,,0.9242238579883806,,0.9242709313264346,0.07572906867356544,0.9853541335293183,0.14526037848128737,10,0.025,0.15,0.858236752839323,0.9026044499333508,0.9257010038429003,0.933583947113698,0.9307311511655499,0.9472548843558068,0.9510929909698601,0.9477175006518737,0.9537629284449184,1.0,0.9593572067449415,0.9496856129115999
4,10,2.0349579256314496,0.2715828448009873,3241,2.22407337029775,0.2762345679012346,648,2.2255179610433458,0.2505,0.9700368197169722,0.08295318022260939,,,0.8706461942034351,,0.8706903665560892,0.12930963344391078,0.9852870750294301,0.14523400664767228,10,0.025,0.15,0.848509304475738,0.8989387296854643,0.9180841192354138,0.9284320790711453,0.9342158768807466,0.9501859850189193,0.9546506370592648,0.9544558618790766,0.9605957958241611,0.9593572067449415,1.0,0.9609599829417975
4,11,2.0152610573768617,0.27942386831275723,3159,2.2229857444763184,0.254746835443038,632,2.225382699242121,0.2513,0.9699338365248059,0.0830004209679933,,,0.874635622516726,,0.8746678549619581,0.1253321450380419,0.985288075938416,0.1452349871726284,10,0.025,0.15,0.8496522626809936,0.9003057912235342,0.9153020700756312,0.9259362631450314,0.9368449876386485,0.9494557069964222,0.9575561819121604,0.9585900466354018,0.9629703275198848,0.9496856129115999,0.9609599829417975,1.0
5,0,1.881486682097117,0.32241051862673487,6845,2.1856725215911865,0.29802775748721694,1369,2.194779115387156,0.2767,0.926669441903001,0.07944684703148201,,,0.55,,0.5500404350481095,0.4499595649518905,0.9832444507691906,0.14387727535031236,10,0.025,0.15,1.0,0.9413493075554119,0.9287406125758173,0.9076297111628104,0.9066618529860343,0.8902726704362811,0.8759894441419876,0.8652940928230473,0.8662742799350283,0.8665076983452937,0.8496441816439495,0.8535212033768675
5,1,1.9008273942525997,0.3162833150784958,5478,2.1916009849972196,0.2737226277372263,1096,2.1926193689998192,0.2757,0.9584790290863381,0.08270672616148123,,,0.8470095120668177,,0.8470482414880097,0.15295175851199028,0.9872764768212262,0.14493113425493293,10,0.025,0.15,0.9413493075554119,1.0,0.9434308546970162,0.9369831340831565,0.9357978308736444,0.9220881338269168,0.9152756111486802,0.9099187228845607,0.9112959749545722,0.9064863442925754,0.8965919229959076,0.897302205989065
5,2,1.923657363653183,0.30437759336099585,4820,2.2035562098026276,0.258298755186722,964,2.1925105656249615,0.274,0.9704008469949954,0.08401846184919295,,,0.966522524982725,,0.9665544387780364,0.03344556122196363,0.9879144177904349,0.1449617754329596,10,0.025,0.15,0.9287406125758173,0.9434308546970162,1.0,0.9444785341409379,0.9446764776175214,0.9391135766936807,0.9281783761665041,0.9294357363223159,0.9335691637985839,0.9267952122239642,0.9168731700291123,0.9172063125709015
5,3,1.943012397289276,0.2994779845665002,4406,2.201583112989153,0.26787741203178206,881,2.1925207210492483,0.274,0.9709446314173278,0.08404379070783566,,,0.9688302522470423,,0.9688732650063541,0.031126734993645933,0.9879146609850304,0.14496181765840208,10,0.025,0.15,0.9076297111628104,0.9369831340831565,0.9444785341409379,1.0,0.9369902744721078,0.9447207292381888,0.939357610874499,0.9385323763214082,0.9370842354457022,0.9300739484769628,0.9211170872931608,0.9205629039408959
5,4,1.9496056271321847,0.3013375486381323,4112,2.197493689400809,0.25547445255474455,822,2.192526265035702,0.274,0.9718429371548027,0.08391725229700402,,,0.9573012629317772,,0.9573368982192074,0.04266310178079258,0.9879024904239448,0.14496158460709785,10,0.025,0.15,0.9066618529860343,0.9357978308736444,0.9446764776175214,0.9369902744721078,1.0,0.9405637552217074,0.9389271907350066,0.9326256842381517,0.9372779858868642,0.9305447932236165,0.9305827705513249,0.9336242261258377
5,5,1.9641987039196875,0.29442015942401645,3889,2.186387436730521,0.26735218508997427,778,2.1925315766394893,0.2743,0.97542464544841,0.08427614292480667,,,0.9899999999088893,,0.9900232707827895,0.00997672921721049,0.9879145968113499,0.1449619253346284,10,0.025,0.15,0.8902726704362811,0.9220881338269168,0.9391135766936807,0.9447207292381888,0.9405637552217074,1.0,0.9498842412065212,0.946057026615192,0.9526111265415185,0.9407847243555044,0.9422660023346396,0.9399906294342159
5,6,1.9682115513702918,0.2883050390730261,3711,2.187755823135376,0.29380053908355797,742,2.1926087910615943,0.2748,0.973615580086647,0.08394018899839564,,,0.9593910393366929,,0.9594329190803915,0.04056708091960848,0.9879040264860195,0.14496164359109295,10,0.025,0.15,0.8759894441419876,0.9152756111486802,0.9281783761665041,0.939357610874499,0.9389271907350066,0.9498842412065212,1.0,0.9451074308060321,0.9543572833043286,0.9445517860114918,0.9471895921750991,0.9482837548912106
5,7,1.9683481476136617,0.29601571268237936,3564,2.2005516290664673,0.2538569424964937,713,2.1925361126284058,0.274,0.9708902072540533,0.08389634825984514,,,0.9553966837651302,,0.9554471786238881,0.04455282137611194,0.9879052131667009,0.1449615363306115,10,0.025,0.15,0.8652940928230473,0.9099187228845607,0.9294357363223159,0.9385323763214082,0.9326256842381517,0.946057026615192,0.9451074308060321,1.0,0.9502630611729626,0.9419117642243725,0.9463713290664031,0.9494833991299664
5,8,1.981213061456327,0.2825922696890439,3441,2.191182096799215,0.26744186046511625,688,2.1926771447628357,0.2753,0.9741760859020457,0.08392646607157117,,,0.9581407353721205,,0.9581786073839349,0.0418213926160651,0.9878980001207895,0.14496160479043688,10,0.025,0.15,0.8662742799350283,0.9112959749545722,0.9335691637985839,0.9370842354457022,0.9372779858868642,0.9526111265415185,0.9543572833043286,0.9502630611729626,1.0,0.9446015895701515,0.9499728619674368,0.9557552412551038
5,9,1.9920531453909698,0.27975404919016195,3334,2.1915809710820517,0.2818590704647676,667,2.192547022541867,0.2744,0.9683980564472318,0.08356276544609222,,,0.9250037566670459,,0.9250631281873546,0.07493687181264541,0.9878787402240087,0.1449595572818883,10,0.025,0.15,0.8665076983452937,0.9064863442925754,0.9267952122239642,0.9300739484769628,0.9305447932236165,0.9407847243555044,0.9445517860114918,0.9419117642243725,0.9446015895701515,1.0,0.9507453481870105,0.9436522942540617
5,10,1.9922584510766543,0.28333847577908056,3241,2.191249211629232,0.2978395061728395,648,2.1930479520483863,0.2777,0.9664995700965363,0.08310670906629487,,,0.8834521906620203,,0.8835140532422306,0.11648594675776935,0.9873847883545782,0.14494450207288098,10,0.025,0.15,0.8496441816439495,0.8965919229959076,0.9168731700291123,0.9211170872931608,0.9305827705513249,0.9422660023346396,0.9471895921750991,0.9463713290664031,0.9499728619674368,0.9507453481870105,1.0,0.9528737828254995
5,11,1.9655121264457702,0.29610636277302943,3159,2.190036487579346,0.28322784810126583,632,2.1928902426852455,0.2775,0.9671804321478851,0.08315830118599851,,,0.8881527791466228,,0.8881929659520391,0.11180703404796088,0.9873937962553979,0.14494548500821558,10,0.025,0.15,0.8535212033768675,0.897302205989065,0.9172063125709015,0.9205629039408959,0.9336242261258377,0.9399906294342159,0.9482837548912106,0.9494833991299664,0.9557552412551038,0.9436522942540617,0.9528737828254995,1.0
6,0,1.8465495277334143,0.3326953981008035,6845,2.1474041505293413,0.3140978816654492,1369,2.158779533603523,0.2939,0.9309038619718744,0.07982853615599057,,,0.55,,0.5500404350481095,0.4499595649518905,0.9860041594813497,0.1434826455852576,10,0.025,0.15,1.0,0.9398155612033782,0.9271419032255589,0.9102224537598577,0.905493397461117,0.888283023592177,0.8806296039737677,0.871797931643725,0.8720996002825129,0.8631204531180332,0.8566426604836668,0.8627223517031446
6,1,1.8636655521947285,0.32752829499817454,5478,2.1535800562964544,0.29288321167883213,1096,2.1554289860061453,0.297,0.955516710394962,0.08265971996766462,,,0.8376619292946694,,0.8377069201696622,0.1622930798303378,0.9909267989607109,0.14462805066764559,10,0.025,0.15,0.9398155612033782,1.0,0.9367155771738395,0.9328221134365994,0.9295712968867997,0.9136258194604441,0.9104038633384693,0.9056701485095207,0.9074789497449112,0.8945341799912082,0.8935085004401635,0.894955352600663
6,2,1.8853902550120103,0.3182365145228216,4820,2.169189929962158,0.2894190871369295,964,2.155279811424545,0.2965,0.9691936642223968,0.08392237514339253,,,0.9659537845907135,,0.9659932993348848,0.03400670066511524,0.9909881817926964,0.14465471541850716,10,0.025,0.15,0.9271419032255589,0.9367155771738395,1.0,0.9411667392337105,0.9396821286900571,0.9337434827420676,0.9236876177208192,0.9281759477420812,0.931485828427754,0.9192742515174047,0.9162308415680741,0.9177372054029074
6,3,1.9035405714171274,0.3155696777122106,4406,2.1670734541756764,0.28036322360953464,881,2.1552932081343252,0.2964,0.9683013253257828,0.08390892782299338,,,0.9645874719853951,,0.9646317109801785,0.035368289019821475,0.9909892247211389,0.14465468276400587,10,0.025,0.15,0.9102224537598577,0.9328221134365994,0.9411667392337105,1.0,0.9331586541146256,0.9381837098599319,0.9356751301558909,0.932091404788048,0.9335055765524402,0.9172766174618567,0.9158533842798414,0.913786517764305
6,4,1.908478280992219,0.31724221789883267,4112,2.16179016658238,0.2749391727493917,822,2.15529955489726,0.2964,0.9702763026769972,0.08389488640356892,,,0.9631607960539277,,0.9631958541697612,0.03680414583023883,0.9909921194444297,0.14465464563646538,10,0.025,0.15,0.905493397461117,0.9295712968867997,0.9396821286900571,0.9331586541146256,1.0,0.9337458549515951,0.9347188715348898,0.932479812531384,0.9351225183172545,0.920213882159498,0.9305880166215569,0.931804658825201
6,5,1.928261230068822,0.30609411159681155,3889,2.146953684943063,0.2853470437017995,778,2.1553063362459595,0.2964,0.971532651295687,0.08415903925698609,,,0.9899999998983952,,0.9900232707827895,0.00997672921721049,0.990988100630355,0.14465492357328888,10,0.025,0.15,0.888283023592177,0.9136258194604441,0.9337434827420676,0.9381837098599319,0.9337458549515951,1.0,0.943275370690008,0.941782938584845,0.9469085272735145,0.9269185790482003,0.9384343719739611,0.9348146218150083
6,6,1.9267025318639033,0.30358393963891134,3711,2.149905800819397,0.32075471698113206,742,2.155393591409997,0.2969,0.9709249335781388,0.08393035949502475,,,0.9667650332229014,,0.9668102523477085,0.033189747652291546,0.990988652686522,0.14465472996212134,10,0.025,0.15,0.8806296039737677,0.9104038633384693,0.9236876177208192,0.9356751301558909,0.9347188715348898,0.943275370690008,1.0,0.9379156664081593,0.9491206261130957,0.9341012660737522,0.9404121680399596,0.9427006795864494
6,7,1.9305094552891595,0.30462962962962964,3564,2.1654611825942993,0.27489481065918653,713,2.1553118892862826,0.2963,0.9690607873908503,0.08384213310088548,,,0.9578008060864764,,0.9578320212572824,0.042167978742717604,0.9909920675066245,0.14465451029277498,10,0.025,0.15,0.871797931643725,0.9056701485095207,0.9281759477420812,0.932091404788048,0.932479812531384,0.941782938584845,0.9379156664081593,1.0,0.9456480668104674,0.9313427970071855,0.940426082511538,0.9433826168441317
6,8,1.9450048897001477,0.2952920662598082,3441,2.1530558268229165,0.27906976744186046,688,2.1554700060735774,0.297,0.9727622768896763,0.08398193243251932,,,0.9720050923945835,,0.9720420524500338,0.027957947549966167,0.9909898170441093,0.14465480549493467,10,0.025,0.15,0.8720996002825129,0.9074789497449112,0.931485828427754,0.9335055765524402,0.9351225183172545,0.9469085272735145,0.9491206261130957,0.9456480668104674,1.0,0.9364549112135534,0.9445904992334996,0.9509572137481834
6,9,1.9609750743265506,0.2929514097180564,3334,2.153843959172567,0.3058470764617691,667,2.155326900602896,0.2962,0.9610779206353478,0.08337367607521717,,,0.9102033130379037,,0.9102506972982787,0.08974930270172132,0.9909675202226667,0.14465069255237034,10,0.025,0.15,0.8631204531180332,0.8945341799912082,0.9192742515174047,0.9172766174618567,0.920213882159498,0.9269185790482003,0.9341012660737522,0.9313427970071855,0.9364549112135534,1.0,0.9388359230887654,0.936574260597005
