round,client_id,client_i_training_loss,client_i_training_accuracy,client_i_training_dataset_size,client_i_evaluation_loss,client_i_evaluation_accuracy,client_i_evaluation_dataset_size,client_i_central_evaluation_loss,client_i_central_evaluation_accuracy,client_i_cosine_similarity,client_i_importance_coefficient,client_i_tanh_val,tanh_normalization_value,client_i_q,client_i_mask_order,client_i_v_nonzero_fraction,client_i_v_sparsity,client_i_v_cosine_similarity,client_i_reward_gradient_norm,local_epochs,learning_rate,gamma,client_0_cosine_similarity,client_1_cosine_similarity,client_2_cosine_similarity,client_3_cosine_similarity,client_4_cosine_similarity,client_5_cosine_similarity,client_6_cosine_similarity,client_7_cosine_similarity,client_8_cosine_similarity,client_9_cosine_similarity,client_10_cosine_similarity,client_11_cosine_similarity
0,0,2.0952612102263632,0.4083028974920867,8214,2.262314291887505,0.24908692476260044,1369,2.2616140393022532,0.2398,0.9620870148705251,0.08115436993649154,,,0.6,,0.600013531668938,0.399986468331062,0,0.0986278360686395,5,0.001,0.1,1.0,0.9845706303128857,0.9710339282846546,0.9583351795642235,0.9512033684344416,0.9394129677743729,0.9284132654014172,0.9303997919363296,0.9192962832606312,0.9126768849532783,0.9089000439026984,0.903715839392062
0,1,2.182010683388386,0.3844234864618193,6574,2.2611059393201556,0.2518248175182482,1096,2.2615571319104766,0.2411,0.9903422355433659,0.08353776623607627,,,0.8915035440929793,,0.8915291752447783,0.10847082475522174,0,0.09868912600330658,5,0.001,0.1,0.9845706303128857,1.0,0.9931605037000292,0.9877091652448634,0.9838765868247731,0.97674098323425,0.9709462000998583,0.9716045083831195,0.9640800348661933,0.9595909761045639,0.9517279712323687,0.9498483052461025
0,2,2.204386892239692,0.3421407573923569,5783,2.263727434219853,0.23858921161825727,964,2.261556778472072,0.241,0.9952766299723278,0.08395399435755697,,,0.9424107191120598,,0.9424324141463933,0.05756758585360666,0,0.09868962055074051,5,0.001,0.1,0.9710339282846546,0.9931605037000292,1.0,0.9904725779346201,0.992034641779028,0.9839309402274936,0.9820929187334996,0.9824374379523386,0.976657513652814,0.9725925154236629,0.9672323452168828,0.9657127912116897
0,3,2.2173870270510756,0.3656137696236051,5287,2.262720193181719,0.22701475595913734,881,2.2615569209138426,0.241,0.9965156151439244,0.08405850575767718,,,0.95519308498989,,0.9552150085539479,0.04478499144605208,0,0.09868965849544976,5,0.001,0.1,0.9583351795642235,0.9877091652448634,0.9904725779346201,1.0,0.9918516493651288,0.9914750271959201,0.9882725854505219,0.9897465038531422,0.9872553553843935,0.9801034143003454,0.9719526346982181,0.9744134889450144
0,4,2.225921934189335,0.3401418439716312,4935,2.2605452812634983,0.25304136253041365,822,2.2615569292927704,0.241,0.9969815458115363,0.08409780813800212,,,0.959999999877694,,0.9600139182880506,0.039986081711949395,0,0.09868966944635209,5,0.001,0.1,0.9512033684344416,0.9838765868247731,0.992034641779028,0.9918516493651288,1.0,0.9892964317535416,0.9904462934764875,0.9928905971626035,0.9859646361212635,0.9868357578587637,0.9831676822672057,0.9815406444023467
0,5,2.23313924907005,0.34874651810584956,4667,2.259599266052246,0.25578406169665807,778,2.261557219508357,0.241,0.9929671533434175,0.08375918441021818,,,0.9185843038055832,,0.9186021785986991,0.08139782140130092,0,0.09868949834791768,5,0.001,0.1,0.9394129677743729,0.97674098323425,0.9839309402274936,0.9914750271959201,0.9892964317535416,1.0,0.9873831913681839,0.9901012505575398,0.990557280849666,0.9833506988621501,0.9785509427509478,0.9805585828538215
0,6,2.235957747186933,0.3017740848865933,4453,2.260873407125473,0.24932614555256064,742,2.2615572332193294,0.241,0.9912612667446304,0.08361528874385135,,,0.9009850079046624,,0.9010061762403224,0.09899382375967758,0,0.09868933037224663,5,0.001,0.1,0.9284132654014172,0.9709462000998583,0.9820929187334996,0.9882725854505219,0.9904462934764875,0.9873831913681839,1.0,0.993087843513522,0.9919690246651067,0.9884358550152025,0.977438968174617,0.9851474615444745
0,7,2.2391571397212013,0.34150105213935,4277,2.259775462357894,0.24123422159887797,713,2.261557217223195,0.241,0.9931189965996589,0.08377199275665557,,,0.9201508407600636,,0.9201679860043881,0.0798320139956119,0,0.09868950312566882,5,0.001,0.1,0.9303997919363296,0.9716045083831195,0.9824374379523386,0.9897465038531422,0.9928905971626035,0.9901012505575398,0.993087843513522,1.0,0.9920424717454246,0.9922106031631239,0.9856152621810115,0.9874788622185937
0,8,2.242359433907729,0.3257447323807217,4129,2.2622409517114814,0.22674418604651161,688,2.261557285778058,0.2412,0.9886473773997714,0.0833948008466165,,,0.8740180265911623,,0.8740249949256241,0.12597500507437587,0,0.09868885256741365,5,0.001,0.1,0.9192962832606312,0.9640800348661933,0.976657513652814,0.9872553553843935,0.9859646361212635,0.990557280849666,0.9919690246651067,0.9920424717454246,1.0,0.9883259333138997,0.9796611911375235,0.9873188965323759
0,9,2.2464840616498676,0.31572106973256686,4001,2.2620041256859187,0.22488755622188905,667,2.2615572880632198,0.2412,0.9861869836197202,0.08318726067204864,,,0.8486346287740432,,0.8486579484056794,0.15134205159432057,0,0.09868838435917078,5,0.001,0.1,0.9126768849532783,0.9595909761045639,0.9725925154236629,0.9801034143003454,0.9868357578587637,0.9833506988621501,0.9884358550152025,0.9922106031631239,0.9883259333138997,1.0,0.9871510714411263,0.9915995840631779
0,10,2.2482301164845953,0.31231679094883,3889,2.263521773474557,0.22685185185185186,648,2.261559720237415,0.2409,0.9804749129936933,0.08270543367976733,,,0.7897043216681152,,0.7897178647026416,0.2102821352973584,0,0.09868519603424745,5,0.001,0.1,0.9089000439026984,0.9517279712323687,0.9672323452168828,0.9719526346982181,0.9831676822672057,0.9785509427509478,0.977438968174617,0.9856152621810115,0.9796611911375235,0.9871510714411263,1.0,0.9846007810076151
0,11,2.248394816663085,0.2854655763650752,3791,2.2620376348495483,0.2310126582278481,632,2.2615597750813055,0.241,0.9811644105072297,0.08276359446503825,,,0.7968177316522868,,0.7968268236340263,0.20317317636597365,0,0.09868564483647324,5,0.001,0.1,0.903715839392062,0.9498483052461025,0.9657127912116897,0.9744134889450144,0.9815406444023467,0.9805585828538215,0.9851474615444745,0.9874788622185937,0.9873188965323759,0.9915995840631779,0.9846007810076151,1.0
1,0,1.854296018362973,0.510445580715851,8214,2.2114752336990002,0.4243973703433163,1369,2.2113322510886877,0.434,0.9766552085261002,0.08144315583126638,,,0.6,,0.600013531668938,0.399986468331062,0.9622959104039065,0.09929134985985909,5,0.001,0.1,1.0,0.9932739088199479,0.986578310672869,0.9808242869922255,0.976071534723954,0.9700751010292357,0.9637397928296532,0.9626950274939076,0.9598530716472439,0.9542526115711446,0.950687923095058,0.9488684838954115
1,1,2.0046855232090626,0.5055673866747794,6574,2.209916939054217,0.4279197080291971,1096,2.2111771000079075,0.4342,0.9912727792774991,0.08338019977864589,,,0.8762873992802556,,0.876310880428374,0.12368911957162598,0.9629217062475733,0.09937468547502264,5,0.001,0.1,0.9932739088199479,1.0,0.9965071465941809,0.9933661106719679,0.9905919488565746,0.9868448576233373,0.982445672115614,0.9817288312139296,0.9795175621132383,0.9752445479283657,0.9715345824421967,0.9697452180258985
1,2,2.059613411466061,0.45495417603320076,5783,2.2126106523698374,0.4336099585062241,964,2.2111760846342143,0.4343,0.995802047640666,0.0837823924028774,,,0.9336535495469815,,0.9336754912479098,0.06632450875209017,0.9629252061044127,0.0993756300468059,5,0.001,0.1,0.986578310672869,0.9965071465941809,1.0,0.9958446370588256,0.9956229906892524,0.9914541929155221,0.988787148961372,0.988871495564966,0.9866422891485421,0.983411337455952,0.9817229191296447,0.979177387414983
1,3,2.0858002800539315,0.45746169850576884,5287,2.212379114968436,0.43813847900113506,881,2.211175567425859,0.4343,0.9976973001290939,0.08390789063468346,,,0.9515538042762948,,0.9515711234184862,0.04842887658151385,0.9629353074448844,0.09937584504453294,5,0.001,0.1,0.9808242869922255,0.9933661106719679,0.9958446370588256,1.0,0.9962279556154353,0.995672022896029,0.9926300514509937,0.9931013913891646,0.9923898661872641,0.9880724432387756,0.9846493002702953,0.984293503776617
1,4,2.1086703129737607,0.45775075987841946,4935,2.2107646557000966,0.4282238442822384,822,2.2111755232460584,0.4343,0.9987817815798544,0.08396710669763573,,,0.9599999998573665,,0.9600139182880506,0.039986081711949395,0.9629354607382025,0.09937586628030254,5,0.001,0.1,0.976071534723954,0.9905919488565746,0.9956229906892524,0.9962279556154353,1.0,0.9953841837729223,0.9945755358918803,0.9954465638659203,0.9935145988757633,0.9924478190125278,0.9905160445106576,0.9895569278030558
1,5,2.1264466992796285,0.47550889222198417,4667,2.2097690010070803,0.43444730077120824,778,2.2111761851813467,0.4343,0.9971814650110244,0.0837073072045823,,,0.9229438833107263,,0.922961309092315,0.077038690907685,0.9629308819398248,0.0993754743530632,5,0.001,0.1,0.9700751010292357,0.9868448576233373,0.9914541929155221,0.995672022896029,0.9953841837729223,1.0,0.9937712081783232,0.9944075341540599,0.9946581478053668,0.9909381982121409,0.9886503721104585,0.9889096015277681
1,6,2.1324554724352702,0.4441500112283854,4453,2.2103854616483054,0.4636118598382749,742,2.2111766140301006,0.4342,0.996442020549391,0.08359498645570662,,,0.9069231793746823,,0.9069504450952532,0.09304955490474676,0.9629236207716343,0.09937527365555736,5,0.001,0.1,0.9637397928296532,0.982445672115614,0.988787148961372,0.9926300514509937,0.9945755358918803,0.9937712081783232,1.0,0.9962428737875446,0.9965290086092576,0.9937131918387486,0.9875885985694629,0.9918398898054792
1,7,2.1386233561074555,0.4635024549918167,4277,2.209740752759187,0.45161290322580644,713,2.2111761981305986,0.4343,0.9972229311775973,0.08371651753363259,,,0.9242575849762257,,0.9242806468137752,0.0757193531862248,0.9629301320159572,0.0993755521488503,5,0.001,0.1,0.9626950274939076,0.9817288312139296,0.988871495564966,0.9931013913891646,0.9954465638659203,0.9944075341540599,0.9962428737875446,1.0,0.9967307330357376,0.9959862427703302,0.9921890535545924,0.9937788255578205
1,8,2.147430023780236,0.44393315572777914,4129,2.2112242633646186,0.4316860465116279,688,2.2111772736802267,0.4342,0.9959889480668218,0.08344486782158728,,,0.8855112299656624,,0.8855317462618765,0.11446825373812353,0.9629162410370381,0.09937487923916928,5,0.001,0.1,0.9598530716472439,0.9795175621132383,0.9866422891485421,0.9923898661872641,0.9935145988757633,0.9946581478053668,0.9965290086092576,0.9967307330357376,1.0,0.9942127104520763,0.9890039713671045,0.9933654814335893
1,9,2.1569391933698503,0.44893776555861037,4001,2.2113331158955893,0.44377811094452774,667,2.2111784177847182,0.4342,0.9943240436961187,0.08326351746501354,,,0.8596445900042466,,0.8596669276345676,0.14033307236543235,0.9629062623705442,0.09937384368221201,5,0.001,0.1,0.9542526115711446,0.9752445479283657,0.983411337455952,0.9880724432387756,0.9924478190125278,0.9909381982121409,0.9937131918387486,0.9959862427703302,0.9942127104520763,1.0,0.9933793716536093,0.9949308087162607
1,10,2.1582461951208898,0.4392903059912574,3889,2.2129548617771695,0.4305555555555556,648,2.2111850104773767,0.4344,0.9913695188425543,0.082871943122313,,,0.8037929626232744,,0.803805298614937,0.196194701385063,0.9628652712136867,0.09936961451708545,5,0.001,0.1,0.950687923095058,0.9715345824421967,0.9817229191296447,0.9846493002702953,0.9905160445106576,0.9886503721104585,0.9875885985694629,0.9921890535545924,0.9890039713671045,0.9933793716536093,1.0,0.9914810406991104
1,11,2.162729494711932,0.4116064362964917,3791,2.2127673745155336,0.4129746835443038,632,2.211184779676005,0.4344,0.9917541563880355,0.08292011505205567,,,0.8106638945940844,,0.8106774533399058,0.18932254666009418,0.9628738586427402,0.09937035441558394,5,0.001,0.1,0.9488684838954115,0.9697452180258985,0.979177387414983,0.984293503776617,0.9895569278030558,0.9889096015277681,0.9918398898054792,0.9937788255578205,0.9933654814335893,0.9949308087162607,0.9914810406991104,1.0
2,0,1.642403866066543,0.5696372047723399,8214,2.147735828577086,0.49013878743608474,1369,2.148371436725409,0.5046,0.9861659841321319,0.08184991315508498,,,0.6,,0.600013531668938,0.399986468331062,0.9832272238574425,0.09951287068201678,5,0.001,0.1,1.0,0.9954100871710485,0.9915844372725996,0.9880391675848231,0.9860417685960933,0.981776011438358,0.9794802775415571,0.9778497191648766,0.9766863218725982,0.9729195292311611,0.9693310048679497,0.9700397078545693
2,1,1.7975546907452704,0.5582598113781564,6574,2.145561272757394,0.49635036496350365,1096,2.148021945557274,0.5043,0.9948762602373126,0.08332028997366797,,,0.8695600960245597,,0.8695788751316922,0.13042112486830781,0.9839819035484411,0.0996175083483912,5,0.001,0.1,0.9954100871710485,1.0,0.9975648462352505,0.9959389103825961,0.9944059092741124,0.9921674277456476,0.990138802714348,0.9891987989857706,0.9883359314158383,0.9854150743218542,0.9819966463362699,0.9824486273561966
2,2,1.8702987320515332,0.5198339961957461,5783,2.1485622390624015,0.5124481327800829,964,2.1480186442597606,0.5043,0.9975813248096017,0.08365455078607541,,,0.9308392018639927,,0.9308628372043573,0.06913716279564275,0.9839944592234404,0.09961925883229977,5,0.001,0.1,0.9915844372725996,0.9975648462352505,1.0,0.997524318136899,0.9972292789279794,0.9952460027300306,0.993882764850231,0.9934243211289381,0.9924717288031947,0.9900327355161349,0.9884861777363851,0.9877966180112433
2,3,1.9039928149027996,0.5260071874408928,5287,2.149235418864659,0.5005675368898979,881,2.1480172381233484,0.5043,0.998573706507569,0.083763643088416,,,0.9508387904883624,,0.9508607107992384,0.049139289200761604,0.9839947183569805,0.09961959846460058,5,0.001,0.1,0.9880391675848231,0.9959389103825961,0.997524318136899,1.0,0.9974421692648221,0.9974692159974199,0.9957039613694719,0.9957808150008862,0.9958628196418465,0.9926034225516214,0.9900771307457193,0.990573400026775
2,4,1.9396145368391469,0.526160081053698,4935,2.148566952118507,0.48905109489051096,822,2.1480171695684853,0.5043,0.9989954337446798,0.08381361498716954,,,0.9599999998166727,,0.9600139182880506,0.039986081711949395,0.9839952874209793,0.0996196336926964,5,0.001,0.1,0.9860417685960933,0.9944059092741124,0.9972292789279794,0.9974421692648221,1.0,0.9970131358632878,0.9964361197915299,0.9967619421281739,0.995358694684121,0.9946192031262528,0.9934357709686424,0.9932978521767846
2,5,1.9687321638407773,0.5231626312406257,4667,2.1476313304901122,0.5347043701799485,778,2.1480187074825787,0.5043,0.9982649686320813,0.0836305482710406,,,0.9264388874848206,,0.9264553793216768,0.07354462067832324,0.9839914377076039,0.0996191988028865,5,0.001,0.1,0.981776011438358,0.9921674277456476,0.9952460027300306,0.9974692159974199,0.9970131358632878,1.0,0.9961442967852643,0.9962848655156159,0.996777534169515,0.9941090389881866,0.9928773191569713,0.9933671026393804
2,6,1.9805341829572405,0.5240062878958006,4453,2.1469705204168954,0.5283018867924528,742,2.14801947072672,0.5043,0.9979744634513162,0.08355221927198181,,,0.9120790497609472,,0.9120973120306203,0.08790268796937972,0.9839897655446663,0.09961904382601637,5,0.001,0.1,0.9794802775415571,0.990138802714348,0.993882764850231,0.9957039613694719,0.9964361197915299,0.9961442967852643,1.0,0.9975251066443694,0.997197690992918,0.996117130739709,0.9920458742831701,0.9950645227763145
2,7,1.9901413771643568,0.5295300444236615,4277,2.1468319789223047,0.5133239831697055,713,2.1480186389277156,0.5043,0.9982739174823724,0.08363649079320937,,,0.9275283135599564,,0.9275475783145339,0.07245242168546606,0.9839926887801365,0.09961919999920214,5,0.001,0.1,0.9778497191648766,0.9891987989857706,0.9934243211289381,0.9957808150008862,0.9967619421281739,0.9962848655156159,0.9975251066443694,1.0,0.9977147600383882,0.9978056454389935,0.9947481289025735,0.9962023197722017
2,8,2.0041318543140703,0.5066602082828772,4129,2.1473794633691963,0.49127906976744184,688,2.148020607975725,0.5043,0.9976311184106599,0.08344898239208409,,,0.8931529194610129,,0.8931723064729705,0.10682769352702948,0.9839875429373104,0.09961866142274069,5,0.001,0.1,0.9766863218725982,0.9883359314158383,0.9924717288031947,0.9958628196418465,0.995358694684121,0.996777534169515,0.997197690992918,0.9977147600383882,1.0,0.9963659828763745,0.9930909270813693,0.9957326717541821
2,9,2.0228561478947835,0.520769807548113,4001,2.1476491632915677,0.5217391304347826,667,2.1480250328112716,0.5043,0.9963844168726298,0.08329739127626853,,,0.8653621414650079,,0.8653743922830825,0.13462560771691745,0.9839738042347194,0.09961725350061988,5,0.001,0.1,0.9729195292311611,0.9854150743218542,0.9900327355161349,0.9926034225516214,0.9946192031262528,0.9941090389881866,0.996117130739709,0.9978056454389935,0.9963659828763745,1.0,0.99405228260928,0.996641631080375
2,10,2.026197638472573,0.5015685266135254,3889,2.1496551604498,0.5108024691358025,648,2.1480398970290113,0.5044,0.994200712705762,0.08298649115033276,,,0.8083656853578851,,0.8083819023593432,0.19161809764065685,0.9839319767121137,0.09961223962933362,5,0.001,0.1,0.9693310048679497,0.9819966463362699,0.9884861777363851,0.9900771307457193,0.9934357709686424,0.9928773191569713,0.9920458742831701,0.9947481289025735,0.9930909270813693,0.99405228260928,1.0,0.9944447165021203
2,11,2.037091592179627,0.4836190978633606,3791,2.1510783195495606,0.4778481012658228,632,2.148036775497583,0.5044,0.9951233023926741,0.08304586485466903,,,0.8192505015763856,,0.8192700631155702,0.18072993688442984,0.9839553029309616,0.0996137796906536,5,0.001,0.1,0.9700397078545693,0.9824486273561966,0.9877966180112433,0.990573400026775,0.9932978521767846,0.9933671026393804,0.9950645227763145,0.9962023197722017,0.9957326717541821,0.996641631080375,0.9944447165021203,1.0
3,0,1.4764559624260039,0.6048940832724616,8214,2.068881317626598,0.5193571950328707,1369,2.07050976204796,0.527,0.9890579548790056,0.08216795656921073,,,0.6,,0.600013531668938,0.399986468331062,0.9934630421713572,0.09958258629037357,5,0.001,0.1,1.0,0.9951362526012404,0.9927841596159009,0.9896728527821754,0.9891723304218131,0.9855884100350872,0.984035112877892,0.9827496656767847,0.9816847394886931,0.9790222406052198,0.9756147696335944,0.9774452479273389
3,1,1.6167693727803463,0.5905080620626711,6574,2.0657287529536656,0.5182481751824818,1096,2.0698919456225995,0.5279,0.9960851217890075,0.08329716816374251,,,0.8658094378215008,,0.8658238370013822,0.1341761629986178,0.9937894590894214,0.0996942793698315,5,0.001,0.1,0.9951362526012404,1.0,0.9979330454058504,0.996656600482813,0.9954396624216985,0.9933631657408571,0.9928583431830575,0.991949560510369,0.9915402261376867,0.9894909443947466,0.985197896779535,0.9872130356387825
3,2,1.6888800242329172,0.5626491440428844,5783,2.0691119393994732,0.5352697095435685,964,2.0698844259158493,0.5281,0.9980349402387771,0.08356525083723555,,,0.9289144440718287,,0.9289297416417781,0.0710702583582219,0.9937900802836945,0.09969660382399208,5,0.001,0.1,0.9927841596159009,0.9979330454058504,1.0,0.9977970807525063,0.9975462924523631,0.9957907377283628,0.9954127873595132,0.9948102639828394,0.9943524003099735,0.9924580088953534,0.9902990525998466,0.9908591224026132
3,3,1.718852264981672,0.5760166445999622,5287,2.0711492214884077,0.5346197502837684,881,2.0698822024531256,0.5281,0.9987729047456397,0.08365602609188602,,,0.9502823785879011,,0.9503001130860904,0.049699886913909586,0.9937885716079173,0.09969723246622125,5,0.001,0.1,0.9896728527821754,0.996656600482813,0.9977970807525063,1.0,0.9977738636798665,0.9973448400463443,0.9968105671487039,0.9966499738292817,0.9966578653947158,0.9946399957052088,0.9918764269514034,0.9929274088168228
3,4,1.7567589481415287,0.5610536980749746,4935,2.0714705815682044,0.5121654501216545,822,2.069882146847515,0.5281,0.9991016855293716,0.08369730848800384,,,0.959999999764606,,0.9600139182880506,0.039986081711949395,0.9937890310987089,0.09969728725669623,5,0.001,0.1,0.9891723304218131,0.9954396624216985,0.9975462924523631,0.9977738636798665,1.0,0.9972771315538451,0.9969750906747272,0.9971699178237128,0.9965824924870398,0.9955263383580477,0.9943714711741712,0.9949124804417597
3,5,1.7901896723329205,0.5642596957360189,4667,2.070914936065674,0.5411311053984575,778,2.069884401540787,0.5281,0.9983359842127233,0.08356024481769816,,,0.927736057978912,,0.9277553860875113,0.07224461391248871,0.993790613851692,0.09969660277418302,5,0.001,0.1,0.9855884100350872,0.9933631657408571,0.9957907377283628,0.9973448400463443,0.9972771315538451,1.0,0.9965962697801071,0.9965315794231486,0.9966391434026349,0.9950314015372933,0.9944154326615664,0.9949625786676223
3,6,1.806407596554075,0.5606108241634853,4453,2.0687106053034463,0.5512129380053908,742,2.0698862532838085,0.528,0.9983600592880353,0.08351295763737326,,,0.9166049476722227,,0.9166255883859619,0.08337441161403814,0.9937871793099671,0.09969636268130085,5,0.001,0.1,0.984035112877892,0.9928583431830575,0.9954127873595132,0.9968105671487039,0.9969750906747272,0.9965962697801071,1.0,0.9977265253087387,0.9978342439952179,0.996747962406622,0.9930066769480971,0.9957983179099325
3,7,1.8171695527745717,0.5682487725040917,4277,2.0690588536469834,0.5161290322580645,713,2.0698842095871703,0.5281,0.9985662652404556,0.08357132848437958,,,0.9303450846873289,,0.9303602323580866,0.06963976764191337,0.9937906473197695,0.09969660515392417,5,0.001,0.1,0.9827496656767847,0.991949560510369,0.9948102639828394,0.9966499738292817,0.9971699178237128,0.9965315794231486,0.9977265253087387,1.0,0.9981430184718908,0.9981994830405339,0.9952679779221192,0.9970618168086005
3,8,1.833182481802427,0.5606684427222087,4129,2.0685243714939463,0.5232558139534884,688,2.06988908383793,0.5279,0.998240739724913,0.08344575524495408,,,0.9007859193911593,,0.9008080339451581,0.09919196605484193,0.9937803353095168,0.09969600991814326,5,0.001,0.1,0.9816847394886931,0.9915402261376867,0.9943524003099735,0.9966578653947158,0.9965824924870398,0.9966391434026349,0.9978342439952179,0.9981430184718908,1.0,0.9973801987554627,0.9948505018483743,0.9966866866291995
3,9,1.8599674836037652,0.5570107473131717,4001,2.069034848894392,0.5577211394302849,667,2.0698956018819596,0.5279,0.9972640623313687,0.08332119211607363,,,0.8714645278810675,,0.8714781415219262,0.12852185847807385,0.9937898941126473,0.09969450672765302,5,0.001,0.1,0.9790222406052198,0.9894909443947466,0.9924580088953534,0.9946399957052088,0.9955263383580477,0.9950314015372933,0.996747962406622,0.9981994830405339,0.9973801987554627,1.0,0.9949346379541748,0.9972271066767219
3,10,1.862927969361915,0.5469786577526357,3889,2.0712321599324546,0.5354938271604939,648,2.0699242334396315,0.528,0.995195091699951,0.08306359601602385,,,0.810827996277234,,0.8108417664627251,0.1891582335372749,0.9937577340610017,0.09968913735834457,5,0.001,0.1,0.9756147696335944,0.985197896779535,0.9902990525998466,0.9918764269514034,0.9943714711741712,0.9944154326615664,0.9930066769480971,0.9952679779221192,0.9948505018483743,0.9949346379541748,1.0,0.9960800373247893
3,11,1.8800980491798465,0.5468741756792403,3791,2.0749757647514344,0.49683544303797467,632,2.069915528495472,0.528,0.9964703620934584,0.08314121553341873,,,0.8290991514642863,,0.8291240177458172,0.17087598225418277,0.9937590095478378,0.09969208144379531,5,0.001,0.1,0.9774452479273389,0.9872130356387825,0.9908591224026132,0.9929274088168228,0.9949124804417597,0.9949625786676223,0.9957983179099325,0.9970618168086005,0.9966866866291995,0.9972271066767219,0.9960800373247893,1.0
4,0,1.3495374298745093,0.633162892622352,8214,1.9744218698767728,0.547845142439737,1369,1.9771805099024178,0.5499,0.9906622692456512,0.08240222036357343,,,0.6,,0.600013531668938,0.399986468331062,0.9964417899598568,0.09961743917559082,5,0.001,0.1,1.0,0.995556053997413,0.9937961541829008,0.9907806681146764,0.9905806542941556,0.9869155602924756,0.9863978016111524,0.9854349277755049,0.9851154462028662,0.9825013174257421,0.9790443244839161,0.9806092297037188
4,1,1.4711759542955936,0.6121995740797079,6574,1.9698148488998413,0.5355839416058394,1096,1.9762084990644608,0.5503,0.9965242396292262,0.08328431674371455,,,0.8628424354792215,,0.8628565353128231,0.13714346468717686,0.9967134583717745,0.09973292842635642,5,0.001,0.1,0.995556053997413,1.0,0.9976342097322183,0.9966147323830921,0.9956670737013674,0.9941111665824165,0.9937119647859203,0.9929826749048195,0.9926763003153612,0.9911226610022712,0.9877407908730612,0.9889386200026712
4,2,1.5358997622247559,0.5929102541933252,5783,1.9738363527482556,0.5695020746887967,964,1.9761933404416703,0.5503,0.998223502241548,0.0835036649812627,,,0.928202668525421,,0.9282193290225302,0.07178067097746976,0.9967198104094576,0.09973569738593523,5,0.001,0.1,0.9937961541829008,0.9976342097322183,1.0,0.9975724000090354,0.9975950606734815,0.996435235283701,0.9958769650048805,0.9953395896762339,0.9951863535380349,0.9934060418211241,0.9918810735423773,0.9923266769580761
4,3,1.5606017580951552,0.6100245886135804,5287,1.9775018777166093,0.5732122587968218,881,1.9761890953722092,0.5506,0.9987713746934134,0.08357704986751222,,,0.9500695105887591,,0.9500874725742067,0.04991252742579333,0.996724936831396,0.09973642078730949,5,0.001,0.1,0.9907806681146764,0.9966147323830921,0.9975724000090354,1.0,0.9977793529883238,0.9976819777901192,0.9970707263605547,0.9967747353953954,0.9970093926787875,0.9950393282579295,0.9933597447436073,0.9938738535869314
4,4,1.5940942532016384,0.5936372847011145,4935,1.9790305999609141,0.5231143552311436,822,1.976188834102009,0.5506,0.9990190764513526,0.08361037648192998,,,0.9599999997020252,,0.9600139182880506,0.039986081711949395,0.9967245654655779,0.09973651666365829,5,0.001,0.1,0.9905806542941556,0.9956670737013674,0.9975950606734815,0.9977793529883238,1.0,0.9974192318081713,0.9972495214746713,0.9972059002434228,0.9970698461003485,0.9959552097713653,0.9947159982998358,0.9952860781187558
4,5,1.626267263579042,0.5921148489393615,4667,1.9792758083343507,0.5604113110539846,778,1.9761930041419813,0.5503,0.9985729288779407,0.08351187701058808,,,0.9306496457908364,,0.9306743603870057,0.06932563961299432,0.9967209019123248,0.09973581030449719,5,0.001,0.1,0.9869155602924756,0.9941111665824165,0.996435235283701,0.9976819777901192,0.9974192318081713,1.0,0.9972439119931432,0.997074256929271,0.9972898224866193,0.9957315808874193,0.9955730548147634,0.9956680956312585
4,6,1.6411832956756864,0.5913766000449135,4453,1.9747663189967473,0.5673854447439353,742,1.9761958685926735,0.5503,0.9985273209674922,0.083481392110413,,,0.9215659157271461,,0.9215791457650709,0.07842085423492906,0.9967203830775766,0.0997355782810268,5,0.001,0.1,0.9863978016111524,0.9937119647859203,0.9958769650048805,0.9970707263605547,0.9972495214746713,0.9972439119931432,1.0,0.9977198164385921,0.9978229925091444,0.9965930150763076,0.9946373910172127,0.9962686655067304
4,7,1.6520811338922872,0.6003740939911153,4277,1.9757569613664046,0.5273492286115007,713,1.976192751250709,0.5503,0.9986968539077665,0.08352267886671447,,,0.933868326012039,,0.9338881317597936,0.06611186824020643,0.9967209291087181,0.09973581254533184,5,0.001,0.1,0.9854349277755049,0.9929826749048195,0.9953395896762339,0.9967747353953954,0.9972059002434228,0.997074256929271,0.9977198164385921,1.0,0.9982969954771952,0.998121863753691,0.9962966725285075,0.9973697821317696
4,8,1.6745150527587305,0.5982077984984258,4129,1.9741251522844487,0.5406976744186046,688,1.9761998303020343,0.5503,0.9985813393979409,0.08344190564920669,,,0.9097999478968926,,0.9098259247445898,0.09017407525541021,0.9967213551778701,0.09973541823136998,5,0.001,0.1,0.9851154462028662,0.9926763003153612,0.9951863535380349,0.9970093926787875,0.9970698461003485,0.9972898224866193,0.9978229925091444,0.9982969954771952,1.0,0.9973444060668198,0.9959863721337754,0.9974330618183515
4,9,1.6995505384036473,0.5829542614346414,4001,1.9748259328660511,0.5787106446776612,667,1.9762115794629715,0.5503,0.9975782136254371,0.08333309019935668,,,0.8773756930192493,,0.8773982466823247,0.12260175331767531,0.9966992926000913,0.09973424750619966,5,0.001,0.1,0.9825013174257421,0.9911226610022712,0.9934060418211241,0.9950393282579295,0.9959552097713653,0.9957315808874193,0.9965930150763076,0.998121863753691,0.9973444060668198,1.0,0.9959422986996337,0.9974589713704592
4,10,1.701700650277685,0.5779377732064798,3889,1.9768411488760085,0.5570987654320988,648,1.9762553582176232,0.5503,0.9961319332020089,0.08312834488343904,,,0.8163667616821233,,0.8163897507273272,0.18361024927267278,0.9966982707102591,0.09972968540097794,5,0.001,0.1,0.9790443244839161,0.9877407908730612,0.9918810735423773,0.9933597447436073,0.9947159982998358,0.9955730548147634,0.9946373910172127,0.9962966725285075,0.9959863721337754,0.9959422986996337,1.0,0.9967182060802727
4,11,1.718952858948908,0.5901872856766025,3791,1.9838747560977936,0.5221518987341772,632,1.9762407099477017,0.5503,0.9969716669667996,0.08320308284228922,,,0.8386367851956377,,0.8386541788693324,0.16134582113066764,0.9967053190995011,0.09973132053975343,5,0.001,0.1,0.9806092297037188,0.9889386200026712,0.9923266769580761,0.9938738535869314,0.9952860781187558,0.9956680956312585,0.9962686655067304,0.9973697821317696,0.9974330618183515,0.9974589713704592,0.9967182060802727,1.0
5,0,1.247867206515969,0.649208668127587,8214,1.865640360255574,0.5807158509861212,1369,1.8698452082685768,0.5798,0.9906535395945929,0.08254625359176819,,,0.6,,0.600013531668938,0.399986468331062,0.9975632546877501,0.09961320643529911,5,0.001,0.1,1.0,0.9955580776873163,0.9935672841912254,0.990334824604668,0.990310129765677,0.9865148452432086,0.9865255442426464,0.9856035736009603,0.9838889846499905,0.9834423503789208,0.9793898588839286,0.9812400246362732
5,1,1.3534022261795489,0.63121387283237,6574,1.8593199355261667,0.5693430656934306,1096,1.8684584576481829,0.58,0.9966414441000849,0.08328080880875219,,,0.8625485306498556,,0.8625665709784364,0.13743342902156364,0.9979206357213316,0.09973071849112128,5,0.001,0.1,0.9955580776873163,1.0,0.997624272440039,0.9962974780343765,0.9956201585326891,0.9940249963406885,0.9936609315640949,0.9931110688767149,0.9922225611453481,0.9916020724639508,0.9883299026476688,0.9898764724810866
5,2,1.4108739349064905,0.6162199550406363,5783,1.8642210998842794,0.5923236514522822,964,1.8684336826824153,0.5802,0.9981456858945494,0.08346396080066175,,,0.9280116643253421,,0.9280260194662723,0.07197398053372772,0.9979488673204574,0.09973358118457346,5,0.001,0.1,0.9935672841912254,0.997624272440039,1.0,0.9974894743801844,0.9972849461017755,0.9960876737478805,0.9957588863863707,0.9953678081489628,0.9942529022459847,0.9937140917497637,0.9920568066620074,0.9926869478340066
5,3,1.4277233630777841,0.6291658785700776,5287,1.8696301111153193,0.5959137343927355,881,1.8684278406655064,0.5801,0.9988161340384334,0.08353063473118985,,,0.9518426059456031,,0.9518659204917795,0.04813407950822046,0.9979487094423287,0.09973434200340911,5,0.001,0.1,0.990334824604668,0.9962974780343765,0.9974894743801844,1.0,0.9975815597566808,0.9974574323610688,0.9970720822421631,0.996847191436556,0.9966111114838613,0.9955066046901433,0.9939624242699975,0.9947109863230773
5,4,1.4577745919842875,0.6135359675785208,4935,1.8728615137246938,0.5498783454987834,822,1.8684269486905667,0.5801,0.9988897014536081,0.08355345739213665,,,0.9599999996425748,,0.9600139182880506,0.039986081711949395,0.9979511718876241,0.09973441145313457,5,0.001,0.1,0.990310129765677,0.9956201585326891,0.9972849461017755,0.9975815597566808,1.0,0.9971555080470464,0.9972552266285654,0.9971052307488538,0.9961963398610263,0.9958574317981891,0.9948984381960018,0.9954892370426178
5,5,1.4866785287040554,0.618941504178273,4667,1.8742697429656983,0.5848329048843187,778,1.8684326482657045,0.5802,0.998453593566641,0.0834789419302842,,,0.9333662972772372,,0.9333806941746166,0.06661930582538345,0.9979490143071048,0.09973369119768184,5,0.001,0.1,0.9865148452432086,0.9940249963406885,0.9960876737478805,0.9974574323610688,0.9971555080470464,1.0,0.9971593226921411,0.9968571166015509,0.9965968435971252,0.995827993831331,0.9958928237882004,0.9959264215258379
5,6,1.4985840217556272,0.6143723332584774,4453,1.8668781369924545,0.5943396226415094,742,1.8684363685096035,0.5802,0.9985356545075343,0.08346288821316203,,,0.9276282945451897,,0.927644233092663,0.07235576690733703,0.9979499752320365,0.09973358086225749,5,0.001,0.1,0.9865255442426464,0.9936609315640949,0.9957588863863707,0.9970720822421631,0.9972552266285654,0.9971593226921411,1.0,0.9975670552114408,0.9972603929107297,0.996578235990614,0.9950748997279666,0.9965694461323656
5,7,1.5078718537714944,0.623240589198036,4277,1.8683794736862183,0.5582047685834503,713,1.8684315631945674,0.5801,0.9986291899946466,0.08349123950184306,,,0.9377617590052172,,0.9377929847962034,0.06220701520379657,0.9979440433208066,0.09973419004173585,5,0.001,0.1,0.9856035736009603,0.9931110688767149,0.9953678081489628,0.996847191436556,0.9971052307488538,0.9968571166015509,0.9975670552114408,1.0,0.9976811133502693,0.9979248775058776,0.9961512900904137,0.997379286041333
5,8,1.5235614341955919,0.620101719544684,4129,1.865956496108662,0.5799418604651163,688,1.8684419252621098,0.5802,0.9980212519489978,0.08342205110174086,,,0.9130320826448322,,0.913054194334097,0.08694580566590304,0.9979472875425675,0.099733283867421,5,0.001,0.1,0.9838889846499905,0.9922225611453481,0.9942529022459847,0.9966111114838613,0.9961963398610263,0.9965968435971252,0.9972603929107297,0.9976811133502693,1.0,0.9968215110172988,0.9957255691321214,0.9970504923546731
5,9,1.5566801131717742,0.607548112971757,4001,1.866432059378851,0.6086956521739131,667,1.868459038841077,0.5801,0.9976862535354545,0.08334447138019946,,,0.885303136708608,,0.8853239384888992,0.11467606151110077,0.9979434158725182,0.09973234017527614,5,0.001,0.1,0.9834423503789208,0.9916020724639508,0.9937140917497637,0.9955066046901433,0.9958574317981891,0.995827993831331,0.996578235990614,0.9979248775058776,0.9968215110172988,1.0,0.9956742307561385,0.997356024478471
5,10,1.5576190299675112,0.605091283106197,3889,1.8678581317265828,0.5864197530864198,648,1.8685181091387812,0.5799,0.9963193428350975,0.08317471340993418,,,0.8246273636302428,,0.8246489015184466,0.1753510984815534,0.9979260414645443,0.0997282184854497,5,0.001,0.1,0.9793898588839286,0.9883299026476688,0.9920568066620074,0.9939624242699975,0.9948984381960018,0.9958928237882004,0.9950748997279666,0.9961512900904137,0.9957255691321214,0.9956742307561385,1.0,0.9967713964007333
5,11,1.5727837117780157,0.62152466367713,3791,1.8792183220386505,0.5569620253164557,632,1.868496418380128,0.58,0.9972487345683689,0.08325057913832763,,,0.8517436852570422,,0.8517653995225254,0.1482346004774746,0.9979271883477151,0.09973003309426091,5,0.001,0.1,0.9812400246362732,0.9898764724810866,0.9926869478340066,0.9947109863230773,0.9954892370426178,0.9959264215258379,0.9965694461323656,0.997379286041333,0.9970504923546731,0.997356024478471,0.9967713964007333,1.0
6,0,1.1655760711269156,0.6633552471390309,8214,1.7455820676892302,0.6157779401022644,1369,1.7513305683867237,0.6118,0.9906854917516951,0.08264239446642925,,,0.96,,0.9600139182880506,0.039986081711949395,0.997283394347085,0.09971319897667939,5,0.001,0.1,1.0,0.9950241837094258,0.9934118172925344,0.9901618550742208,0.9900574277035331,0.986049397056319,0.9863093880044858,0.9857096121226746,0.9836949801695468,0.9832144420485064,0.9792351937423195,0.9813629325879187
6,1,1.2575809688822737,0.6443565561302099,6574,1.7374073573521205,0.6049270072992701,1096,1.749772835844241,0.6119,0.9964712977233463,0.08327995386305356,,,0.96,,0.9600139182880506,0.039986081711949395,0.9984616483331523,0.09971319897667939,5,0.001,0.1,0.9950241837094258,1.0,0.9971705187255846,0.9957592914610891,0.995110400921884,0.9936693378894904,0.9931898153638751,0.9927132480306199,0.9915650294080763,0.9912666449512026,0.988199652785917,0.9896959608708561
6,2,1.3084401063497555,0.6321978212000692,5783,1.7433044602794032,0.6213692946058091,964,1.7497449149719824,0.612,0.9978227528885975,0.08343597720072513,,,0.96,,0.9600139182880506,0.039986081711949395,0.9984886103433369,0.09971319897667939,5,0.001,0.1,0.9934118172925344,0.9971705187255846,1.0,0.9970900515492856,0.9965956831419397,0.9953678672225837,0.9951210871557703,0.9946534425092365,0.9936122123136594,0.9928320557781259,0.9915292140280262,0.9921192847370518
6,3,1.3196072123136866,0.6501607717041801,5287,1.7505435815879278,0.6186152099886493,881,1.7497384510101222,0.6119,0.9986747151147979,0.08350440063571407,,,0.96,,0.9600139182880506,0.039986081711949395,0.9984967864381419,0.09971319897667939,5,0.001,0.1,0.9901618550742208,0.9957592914610891,0.9970900515492856,1.0,0.9971381374566515,0.9969150273158215,0.9966949464881542,0.9965176457146055,0.9962312717092907,0.9950631136761945,0.9937373749709754,0.9943480548490963
6,4,1.3441572899972238,0.6285714285714286,4935,1.7557867948825543,0.5851581508515815,822,1.7497372730090595,0.6119,0.9985452370032614,0.08351422293144907,,,0.96,,0.9600139182880506,0.039986081711949395,0.998496118510909,0.09971319897667939,5,0.001,0.1,0.9900574277035331,0.995110400921884,0.9965956831419397,0.9971381374566515,1.0,0.99632135165301,0.9966516584956571,0.9963294213531133,0.9955313109622985,0.9954030549510774,0.9940824744162794,0.9948885167327944
6,5,1.3707188865093336,0.6411827726590957,4667,1.7589487838745117,0.6143958868894601,778,1.7497437179279023,0.612,0.9981573082835848,0.08345597353718918,,,0.96,,0.9600139182880506,0.039986081711949395,0.998489777451063,0.09971319897667939,5,0.001,0.1,0.986049397056319,0.9936693378894904,0.9953678672225837,0.9969150273158215,0.99632135165301,1.0,0.9965239709141976,0.9962055725352265,0.9961290894468934,0.9953937940837706,0.9955953074447237,0.9952669571863597
6,6,1.3785110972608838,0.6333258477430945,4453,1.7483864724636078,0.6347708894878706,742,1.7497477931336474,0.612,0.9983031723513359,0.08345083373708287,,,0.96,,0.9600139182880506,0.039986081711949395,0.9984886072871466,0.09971319897667939,5,0.001,0.1,0.9863093880044858,0.9931898153638751,0.9951210871557703,0.9966949464881542,0.9966516584956571,0.9965239709141976,1.0,0.9971128339212098,0.9969726880093692,0.9962281712543358,0.9943110681791509,0.9960658736579893
6,7,1.386389647757829,0.638812251578209,4277,1.7503494024276733,0.5904628330995793,713,1.7497425258350068,0.6119,0.9984251381421105,0.0834721684468253,,,0.96,,0.9600139182880506,0.039986081711949395,0.9984947961716364,0.09971319897667939,5,0.001,0.1,0.9857096121226746,0.9927132480306199,0.9946534425092365,0.9965176457146055,0.9963294213531133,0.9962055725352265,0.9971128339212098,1.0,0.9976810967390073,0.9974539808725597,0.9954256728541093,0.9968359492347191
6,8,1.4011409515600939,0.6384596754662146,4129,1.7470673647793857,0.6031976744186046,688,1.749754410963089,0.612,0.9978495993811748,0.08341112898536157,,,0.96,,0.9600139182880506,0.039986081711949395,0.9984856738673485,0.09971319897667939,5,0.001,0.1,0.9836949801695468,0.9915650294080763,0.9936122123136594,0.9962312717092907,0.9955313109622985,0.9961290894468934,0.9969726880093692,0.9976810967390073,1.0,0.9965378573756737,0.9952730036078876,0.996509724676984
6,9,1.4354913771152495,0.6223944013996501,4001,1.7470850263323103,0.6416791604197901,667,1.7497733359138805,0.6119,0.9974584669016562,0.08335089594271658,,,0.96,,0.9600139182880506,0.039986081711949395,0.9984776150026601,0.09971319897667939,5,0.001,0.1,0.9832144420485064,0.9912666449512026,0.9928320557781259,0.9950631136761945,0.9954030549510774,0.9953937940837706,0.9962281712543358,0.9974539808725597,0.9965378573756737,1.0,0.9948136180695567,0.996856564644911
