round,client_id,client_i_training_loss,client_i_training_accuracy,client_i_training_dataset_size,client_i_evaluation_loss,client_i_evaluation_accuracy,client_i_evaluation_dataset_size,client_i_central_evaluation_loss,client_i_central_evaluation_accuracy,client_i_cosine_similarity,client_i_importance_coefficient,client_i_tanh_val,tanh_normalization_value,client_i_q,client_i_mask_order,client_i_v_nonzero_fraction,client_i_v_sparsity,client_i_v_cosine_similarity,client_i_reward_gradient_norm,local_epochs,learning_rate,gamma,client_0_cosine_similarity,client_1_cosine_similarity,client_2_cosine_similarity,client_3_cosine_similarity,client_4_cosine_similarity,client_5_cosine_similarity,client_6_cosine_similarity,client_7_cosine_similarity,client_8_cosine_similarity,client_9_cosine_similarity,client_10_cosine_similarity,client_11_cosine_similarity
0,0,2.2235663416209044,0.18845872899926955,6845,2.2986858541315254,0.13659605551497445,1369,2.298102430150479,0.1378,0.8697186799318595,0.07840946797352,,,0.75,,0.7500041260253173,0.2499958739746827,0,0.1383716716288644,10,0.025,0.15,1.0,0.9074993950770134,0.8469703291781199,0.8225310867774241,0.8046808667246467,0.7663854216470894,0.7159953973697772,0.7392579659131935,0.6892087323809009,0.7132036072852654,0.6658114092145245,0.6776915550562124
0,1,2.2721408882806466,0.14167579408543263,5478,2.296941041946411,0.15784671532846714,1096,2.2980929960178424,0.138,0.9252528008871362,0.08341614539571991,,,0.8681199434752971,,0.8681487349606377,0.1318512650393623,0,0.1384801122064578,10,0.025,0.15,0.9074993950770134,1.0,0.8960389505105638,0.905558793583459,0.8708053426075998,0.8487202034116152,0.7819373687387454,0.8216619381444058,0.7571055338439799,0.7760024236688453,0.7613368905743378,0.7425331548249705
0,2,2.2900164428510164,0.15514522821576762,4820,2.300181567668915,0.1358921161825726,964,2.2980911097949064,0.138,0.9524865900762837,0.08587140704583343,,,0.9260456580505018,,0.9260863824660428,0.0739136175339572,0,0.1384978644952122,10,0.025,0.15,0.8469703291781199,0.8960389505105638,1.0,0.9076108622445439,0.9181691062291939,0.9051387945755822,0.8712811033458804,0.8718350842007647,0.8201964851856803,0.8285734714277211,0.8035218388971148,0.8303284185555663
0,3,2.2926460879189627,0.15476622787108488,4406,2.2996054036276683,0.12258796821793416,881,2.2980907929094534,0.138,0.9684502324214429,0.08731060886141541,,,0.9599999999764075,,0.9600270667260814,0.0399729332739186,0,0.13849960382086052,10,0.025,0.15,0.8225310867774241,0.905558793583459,0.9076108622445439,1.0,0.9365646566396622,0.9041360737168056,0.8911782046983165,0.9189605424830918,0.8771828417856891,0.8891159210466291,0.8643311808816764,0.8245719343940154
0,4,2.2936938806013627,0.1506566147859922,4112,2.2972492831093922,0.12165450121654502,822,2.2980907838555833,0.138,0.9617189439533128,0.08670374970138942,,,0.9456826865897104,,0.9457262629763497,0.05427373702365035,0,0.13849931657172154,10,0.025,0.15,0.8046808667246467,0.8708053426075998,0.9181691062291939,0.9365646566396622,1.0,0.9340549503163573,0.8821711718707489,0.9218381875558972,0.8486400121909281,0.8651852163866105,0.8539214919986344,0.8524655707743177
0,5,2.2949046842513545,0.13782463358189767,3889,2.3031131540025984,0.12339331619537275,778,2.2980914659137968,0.138,0.9451492958897467,0.08520991345393239,,,0.910439382851272,,0.9104900067666816,0.08950999323331843,0,0.13849660200309333,10,0.025,0.15,0.7663854216470894,0.8487202034116152,0.9051387945755822,0.9041360737168056,0.9340549503163573,1.0,0.8878807752859429,0.906577794564151,0.8309437906289132,0.8372097019337579,0.8606129006369557,0.8538009449010927
0,6,2.2973574309513487,0.11975208838587982,3711,2.2975184520085654,0.1347708894878706,742,2.298093032233323,0.1379,0.9261834494200283,0.08350004799321284,,,0.8700994139379539,,0.8701374791635722,0.1298625208364278,0,0.13848067536686873,10,0.025,0.15,0.7159953973697772,0.7819373687387454,0.8712811033458804,0.8911782046983165,0.8821711718707489,0.8878807752859429,1.0,0.9093477979778842,0.8566661957535712,0.8587573867327394,0.890685848945169,0.8604700448769801
0,7,2.2970991475241527,0.14789562289562289,3564,2.2987946271896362,0.13043478260869565,713,2.2980915353268005,0.138,0.9412194141422981,0.08485561505362617,,,0.9020806044662306,,0.9021141753725801,0.0978858246274199,0,0.1384956602989656,10,0.025,0.15,0.7392579659131935,0.8216619381444058,0.8718350842007647,0.9189605424830918,0.9218381875558972,0.906577794564151,0.9093477979778842,1.0,0.8403186727307644,0.843700688654572,0.9215983244222741,0.8528735512123156
0,8,2.2979618001867226,0.13545480964835804,3441,2.2968149979909263,0.13662790697674418,688,2.2980949486358258,0.1379,0.9016993626224274,0.0812926857001921,,,0.8180222603100802,,0.8180752917099899,0.18192470829001006,0,0.1384628675382715,10,0.025,0.15,0.6892087323809009,0.7571055338439799,0.8201964851856803,0.8771828417856891,0.8486400121909281,0.8309437906289132,0.8566661957535712,0.8403186727307644,1.0,0.9384747499416934,0.8249617557981159,0.8883870877111848
0,9,2.2973934173583985,0.13323335332933414,3334,2.2983869314193726,0.1409295352323838,667,2.2980941217156907,0.1379,0.9084430569581929,0.08190066331093496,,,0.8323659607244035,,0.8324091036622601,0.16759089633773994,0,0.1384687580783858,10,0.025,0.15,0.7132036072852654,0.7760024236688453,0.8285734714277211,0.8891159210466291,0.8651852163866105,0.8372097019337579,0.8587573867327394,0.843700688654572,0.9384747499416934,1.0,0.8146548335363717,0.8498904701515645
0,10,2.2985711867992693,0.14893551373033015,3241,2.296164592107137,0.1558641975308642,648,2.298096053207977,0.1379,0.8972694308867991,0.08089330530447972,,,0.8085998857912999,,0.8086431978346619,0.19135680216533812,0,0.1384512604519454,10,0.025,0.15,0.6658114092145245,0.7613368905743378,0.8035218388971148,0.8643311808816764,0.8539214919986344,0.8606129006369557,0.890685848945169,0.9215983244222741,0.8249617557981159,0.8146548335363717,1.0,0.8770707453241219
0,11,2.2981532163619995,0.12735042735042734,3159,2.296261024475098,0.16139240506329114,632,2.2980966839609267,0.1379,0.8944197257899263,0.08063639020574373,,,0.8025386211278156,,0.8025861926688782,0.1974138073311218,0,0.1384482080026018,10,0.025,0.15,0.6776915550562124,0.7425331548249705,0.8303284185555663,0.8245719343940154,0.8524655707743177,0.8538009449010927,0.8604700448769801,0.8528735512123156,0.8883870877111848,0.8498904701515645,0.8770707453241219,1.0
1,0,2.07512538962894,0.2495836376917458,6845,2.2887805808674204,0.1862673484295106,1369,2.288170666634282,0.1837,0.8843458879804929,0.07749528756708064,,,0.75,,0.7500041260253173,0.2499958739746827,0.8555810353760362,0.1454366670182179,10,0.025,0.15,1.0,0.9507103987924423,0.9097252023679343,0.8890054365373881,0.8656395458627634,0.8554959276021172,0.8183805192235943,0.822578799715078,0.8071802505737758,0.808763947559999,0.7878815388471214,0.7799579398194487
1,1,2.131552638286768,0.22535596933187294,5478,2.287016444736057,0.19981751824817517,1096,2.288136560705644,0.1837,0.9496164761324742,0.08273091885972321,,,0.8737621585680838,,0.8737931375946922,0.12620686240530776,0.8568589246258538,0.14552026712983548,10,0.025,0.15,0.9507103987924423,1.0,0.9610166836758957,0.9502808858508629,0.9337026652529283,0.9286420136948496,0.894995583091678,0.9028279609725111,0.8897676664112981,0.8915588165997352,0.8785048443510219,0.8687508432315558
1,2,2.182001062129673,0.21390041493775933,4820,2.2902272939682007,0.17531120331950206,964,2.2881321907043457,0.1837,0.9806583490534442,0.08526690573354763,,,0.9337089332857557,,0.9337525375055701,0.06624746249442992,0.8570951883709402,0.1455339273660545,10,0.025,0.15,0.9097252023679343,0.9610166836758957,1.0,0.9737224051932074,0.9680410449980864,0.9632832370861683,0.9496468999224001,0.9513031779858174,0.9402018451251546,0.9431721085133256,0.9240694535164892,0.9254289956347507
1,3,2.1903700719560897,0.21162051747616886,4406,2.2895820140838623,0.17253121452894438,881,2.2881323023687434,0.1838,0.9873870984778037,0.08637912236805764,,,0.9599999999763615,,0.9600270667260814,0.0399729332739186,0.8570938012363776,0.14553498901443362,10,0.025,0.15,0.8890054365373881,0.9502808858508629,0.9737224051932074,1.0,0.9758798696671095,0.9715241985380504,0.9613657402000505,0.9663164347494856,0.957344463025752,0.9592966192874713,0.9445976865078756,0.9378512449749263
1,4,2.1955099203369834,0.20398832684824902,4112,2.288306508745466,0.17396593673965938,822,2.2881321152554284,0.1837,0.9845913453826908,0.08591149614668009,,,0.9489460453860046,,0.9489858229770098,0.05101417702299016,0.8570805944883058,0.14553483428003022,10,0.025,0.15,0.8656395458627634,0.9337026652529283,0.9680410449980864,0.9758798696671095,1.0,0.9708443567484494,0.9582146810460022,0.9728374164657438,0.9582436254294059,0.9644831646868983,0.9422166621558822,0.9436476327674386
1,5,2.2093481763716665,0.2065569555155567,3889,2.2937678609575545,0.18380462724935734,778,2.288132749026335,0.1838,0.9865158739568366,0.08504785267658212,,,0.9285308606416627,,0.9285619976564177,0.07143800234358233,0.857113749783339,0.14553377770079487,10,0.025,0.15,0.8554959276021172,0.9286420136948496,0.9632832370861683,0.9715241985380504,0.9708443567484494,1.0,0.9669991496135913,0.9704965024497917,0.966200138856129,0.9623174018771128,0.9627703524728811,0.9591518025257547
1,6,2.2357541470692075,0.19431420102398275,3711,2.287852923075358,0.1765498652291105,742,2.2881356311749808,0.1837,0.9808107133736405,0.08380118458443374,,,0.8990615711752603,,0.8990856727896882,0.1009143272103118,0.8569528695168637,0.14553099520234286,10,0.025,0.15,0.8183805192235943,0.894995583091678,0.9496468999224001,0.9613657402000505,0.9582146810460022,0.9669991496135913,1.0,0.9748449759937616,0.9733989843059679,0.9730641995792402,0.9693700332137551,0.9718340049295169
1,7,2.2273078288350785,0.19590347923681256,3564,2.288098772366842,0.18934081346423562,713,2.288132628308067,0.1838,0.9840632959827532,0.08474806404977717,,,0.9214443250371253,,0.9214899902625803,0.07851000973741973,0.8571109967148791,0.14553348924137416,10,0.025,0.15,0.822578799715078,0.9028279609725111,0.9513031779858174,0.9663164347494856,0.9728374164657438,0.9704965024497917,0.9748449759937616,1.0,0.9745945373443582,0.9752696477667127,0.9704560752434493,0.9672843848792763
1,8,2.2407266713954783,0.2013658820110433,3441,2.2867186466852822,0.19622093023255813,688,2.2881410936766033,0.1837,0.9790279668493861,0.08237400754881466,,,0.8653253317965959,,0.8653595418461487,0.13464045815385128,0.8567547608625182,0.14551885780789664,10,0.025,0.15,0.8071802505737758,0.8897676664112981,0.9402018451251546,0.957344463025752,0.9582436254294059,0.966200138856129,0.9733989843059679,0.9745945373443582,1.0,0.9772985378042292,0.970467603899644,0.977498198105553
1,9,2.23590543490869,0.19958008398320337,3334,2.287941098213196,0.1664167916041979,667,2.2881390565558326,0.1837,0.9788610857812283,0.08274562227414158,,,0.874109724354333,,0.8741397237213447,0.12586027627865526,0.8567748777005663,0.14552027421770167,10,0.025,0.15,0.808763947559999,0.8915588165997352,0.9431721085133256,0.9592966192874713,0.9644831646868983,0.9623174018771128,0.9730641995792402,0.9752696477667127,0.9772985378042292,1.0,0.9621939173205282,0.9719796188222355
1,10,2.2457320029918963,0.20237580993520518,3241,2.286656141281128,0.19753086419753085,648,2.2881431187255474,0.1838,0.9703385664632506,0.08184267956851697,,,0.852765566970973,,0.8528081728309485,0.14719182716905155,0.8566406310373351,0.14551643112755927,10,0.025,0.15,0.7878815388471214,0.8785048443510219,0.9240694535164892,0.9445976865078756,0.9422166621558822,0.9627703524728811,0.9693700332137551,0.9704560752434493,0.970467603899644,0.9621939173205282,1.0,0.9792157920678066
1,11,2.2517350635528564,0.19151630262741373,3159,2.2861616134643556,0.18354430379746836,632,2.2881442806388756,0.1838,0.9695271904395548,0.08165685862264485,,,0.8483730496062354,,0.8484180818933506,0.15158191810664945,0.8566599895061023,0.1455154771430311,10,0.025,0.15,0.7799579398194487,0.8687508432315558,0.9254289956347507,0.9378512449749263,0.9436476327674386,0.9591518025257547,0.9718340049295169,0.9672843848792763,0.977498198105553,0.9719796188222355,0.9792157920678066,1.0
2,0,1.9847964339786106,0.2829218407596786,6845,2.273812944238836,0.20014609203798392,1369,2.2731131239782405,0.2089,0.9025826155234224,0.0774789596578617,,,0.75,,0.7500041260253173,0.2499958739746827,0.9528468761725429,0.14564238703802085,10,0.025,0.15,1.0,0.9470916763356212,0.9242298349417409,0.9080968713940055,0.8839876007126548,0.8773393602982676,0.8519886480135189,0.8476870390327275,0.8368235855994813,0.8274109267193595,0.8181281140612953,0.8050614887040125
2,1,2.037289423998012,0.2616648411829135,5478,2.2716954019334583,0.22536496350364962,1096,2.273038215275052,0.2095,0.9563683866580944,0.08247882249697197,,,0.8777354589189847,,0.8777871301018303,0.12221286989816971,0.9533836480176578,0.14573640557766554,10,0.025,0.15,0.9470916763356212,1.0,0.9616781990063938,0.9541838095555762,0.9424206981286525,0.9365904036441954,0.9115417176593945,0.9145906259787032,0.9083059304055862,0.8965846308068204,0.8958081155288392,0.880009426595357
2,2,2.0836570865229556,0.2470331950207469,4820,2.275615781545639,0.1950207468879668,964,2.2730329579944852,0.2096,0.9751148150959127,0.08466227334024931,,,0.9335178082489328,,0.9335627403409748,0.06643725965902525,0.9535156636884908,0.14574319673333985,10,0.025,0.15,0.9242298349417409,0.9616781990063938,1.0,0.9677092630265215,0.9595616367518245,0.9557376750208563,0.9419136935905228,0.9418184571624895,0.9393613671349156,0.9284935640254487,0.9261557706708465,0.9177899725924502
2,3,2.093221926689148,0.24632319564230595,4406,2.2742398466382707,0.2054483541430193,881,2.273033069658883,0.2095,0.9857572272711758,0.08569884789383976,,,0.9599999999744522,,0.9600270667260814,0.0399729332739186,0.9535264006547308,0.14574607095212114,10,0.025,0.15,0.9080968713940055,0.9541838095555762,0.9677092630265215,1.0,0.9694851527993614,0.9695554147107516,0.9609074009138223,0.9596008934952307,0.9593806307876642,0.9520427558747679,0.9493713203318304,0.9367820596367584
2,4,2.0988378647601964,0.23905642023346305,4112,2.274310691016061,0.20559610705596107,822,2.2730329278149184,0.2095,0.9847612570994932,0.08537650615351819,,,0.9517648800414327,,0.9518080242940371,0.0481919757059629,0.9535290546030698,0.14574586017764235,10,0.025,0.15,0.8839876007126548,0.9424206981286525,0.9595616367518245,0.9694851527993614,1.0,0.9666820298187264,0.9601354998844185,0.9687979933903361,0.9618986294047287,0.9593608180207986,0.9526559359212843,0.9494036746263836
2,5,2.1069115657960213,0.24759578297762921,3889,2.2789404732840404,0.21079691516709512,778,2.2730341319796405,0.2096,0.9836120804572235,0.08480370163608368,,,0.9371309890208573,,0.9371688864682873,0.06283111353171267,0.9535144725620414,0.14574339827894944,10,0.025,0.15,0.8773393602982676,0.9365904036441954,0.9557376750208563,0.9695554147107516,0.9666820298187264,1.0,0.9643576262609924,0.9632085768075807,0.9643275733522254,0.955489472957377,0.9570673696725479,0.9507362175440315
2,6,2.135234258914816,0.23117758016707088,3711,2.2731626828511557,0.19811320754716982,742,2.2730359065381784,0.2095,0.9826356141734083,0.08399911993097668,,,0.9165757024766468,,0.9166130283375419,0.08338697166245812,0.9534652727371208,0.14574187783101142,10,0.025,0.15,0.8519886480135189,0.9115417176593945,0.9419136935905228,0.9609074009138223,0.9601354998844185,0.9643576262609924,1.0,0.9724550017424441,0.9750216171987133,0.9676685258571553,0.9715751908527802,0.972302411045566
2,7,2.126074889728001,0.2329124579124579,3564,2.2720072269439697,0.2131837307152875,713,2.273033069658883,0.2096,0.9828800217309147,0.08459400079089631,,,0.9317735953167383,,0.9318133056064432,0.06818669439355685,0.953517248740091,0.14574309070663016,10,0.025,0.15,0.8476870390327275,0.9145906259787032,0.9418184571624895,0.9596008934952307,0.9687979933903361,0.9632085768075807,0.9724550017424441,1.0,0.9726827266962265,0.9696230586426882,0.9718131687076178,0.9695893550873235
2,8,2.1354885975519817,0.23571636152281314,3441,2.271727681159973,0.22965116279069767,688,2.273045582107351,0.2095,0.9809862657150306,0.08306070142800277,,,0.8926011811762246,,0.8926408212440792,0.10735917875592083,0.9533949631218112,0.14573893558576037,10,0.025,0.15,0.8368235855994813,0.9083059304055862,0.9393613671349156,0.9593806307876642,0.9618986294047287,0.9643275733522254,0.9750216171987133,0.9726827266962265,1.0,0.9708130704212131,0.9702208850022603,0.9711748671974275
2,9,2.1320011293446575,0.23392321535692862,3334,2.2717403570810952,0.21139430284857572,667,2.273041550117203,0.2095,0.9750122989664309,0.08309615306613483,,,0.893506892275098,,0.8935485468138833,0.1064514531861167,0.9534009197866563,0.14573905919568406,10,0.025,0.15,0.8274109267193595,0.8965846308068204,0.9284935640254487,0.9520427558747679,0.9593608180207986,0.955489472957377,0.9676685258571553,0.9696230586426882,0.9708130704212131,1.0,0.9642903356792492,0.9684170695819347
2,10,2.148057017418054,0.23335390311632212,3241,2.27238929271698,0.22067901234567902,648,2.2730497378337233,0.2094,0.9742348599021606,0.0825111166928523,,,0.8785605043380161,,0.8785958310640194,0.1214041689359806,0.9533881708748747,0.14573655998274315,10,0.025,0.15,0.8181281140612953,0.8958081155288392,0.9261557706708465,0.9493713203318304,0.9526559359212843,0.9570673696725479,0.9715751908527802,0.9718131687076178,0.9702208850022603,0.9642903356792492,1.0,0.9741505628172309
2,11,2.155260384082794,0.2225071225071225,3159,2.270753812789917,0.20727848101265822,632,2.2730529368678227,0.2093,0.9694485857423615,0.08223979691261257,,,0.8716288828599984,,0.87166410853097,0.12833589146903002,0.953420809300013,0.14572799687511565,10,0.025,0.15,0.8050614887040125,0.880009426595357,0.9177899725924502,0.9367820596367584,0.9494036746263836,0.9507362175440315,0.972302411045566,0.9695893550873235,0.9711748671974275,0.9684170695819347,0.9741505628172309,1.0
3,0,1.9186900174176251,0.30755295836376917,6845,2.2531935518438164,0.2308254200146092,1369,2.2522472520417804,0.2321,0.9178902086476212,0.07800048355792089,,,0.75,,0.7500041260253173,0.2499958739746827,0.9761272068373525,0.1454370174214178,10,0.025,0.15,1.0,0.9492584798165864,0.9310967031699213,0.9224328197366651,0.8969289840373283,0.8921947682346705,0.8754047838474772,0.8673981860520957,0.8547448378081389,0.840038010589454,0.8353348671875067,0.8299908771324311
3,1,1.9704880351244016,0.28926615553121576,5478,2.2503361437055798,0.24543795620437955,1096,2.2521167857737483,0.2324,0.9589659609411134,0.08244140977190478,,,0.87960623330733,,0.8796438414946114,0.12035615850538861,0.9765579494542184,0.145555358531694,10,0.025,0.15,0.9492584798165864,1.0,0.9566591760301869,0.9516969125865145,0.9393318015351597,0.9368241620621148,0.9206340929419149,0.9199433593096072,0.9120095989697984,0.8926904744843442,0.897816740136697,0.8907965134944122
3,2,2.015751506152906,0.27149377593360996,4820,2.2555162012577057,0.2095435684647303,964,2.252111531511138,0.2329,0.9728520228369715,0.08424853572389114,,,0.932346309693054,,0.932390949150864,0.06760905084913604,0.97664814820865,0.14556526812611748,10,0.025,0.15,0.9310967031699213,0.9566591760301869,1.0,0.9633572226742902,0.9522844510362606,0.9504931693187083,0.9424034102586533,0.9379075926616811,0.9354940681142485,0.9186397375170824,0.9201965081254844,0.9178202243290634
3,3,2.0215271493366784,0.2751702224239673,4406,2.2528844560895647,0.21906923950056753,881,2.2521137285836135,0.2329,0.9821906222625754,0.0851960827278743,,,0.9599999999708154,,0.9600270667260814,0.0399729332739186,0.976632784666019,0.14556978128487713,10,0.025,0.15,0.9224328197366651,0.9516969125865145,0.9633572226742902,1.0,0.9631457749658489,0.9638044173971626,0.9573310462414096,0.9530580556743725,0.9515358995441099,0.9372293895073293,0.9387298262913788,0.9312846270000329
3,4,2.0237863302230834,0.26556420233463035,4112,2.254401445388794,0.24087591240875914,822,2.252113514308688,0.2329,0.981510853064804,0.0849740166737687,,,0.9535191121039063,,0.9535657110792032,0.04643428892079682,0.9766366915592067,0.1455695843613893,10,0.025,0.15,0.8969289840373283,0.9393318015351597,0.9522844510362606,0.9631457749658489,1.0,0.9622874080117748,0.9581884875745065,0.9610001477615697,0.9555610400568273,0.9453867286960211,0.9454411614072309,0.9447128919187805
3,5,2.0326608304054505,0.2762149652867061,3889,2.258631093161447,0.23136246786632392,778,2.252115062520474,0.2329,0.98143279433895,0.08461627876786668,,,0.9430787083995581,,0.9431351190770907,0.05686488092290931,0.9766431715590614,0.14556897975538163,10,0.025,0.15,0.8921947682346705,0.9368241620621148,0.9504931693187083,0.9638044173971626,0.9622874080117748,1.0,0.9622481996533503,0.9564486695898514,0.9599439713576892,0.9447144897894079,0.9484218306128437,0.9459844787699717
3,6,2.0604889150323538,0.2589329021827001,3711,2.2526444594065347,0.2223719676549865,742,2.2521127899990807,0.2323,0.9823035682384961,0.08414578454576448,,,0.9293475674210133,,0.9293872027198758,0.07061279728012415,0.9766320642347646,0.14556498571767879,10,0.025,0.15,0.8754047838474772,0.9206340929419149,0.9424034102586533,0.9573310462414096,0.9581884875745065,0.9622481996533503,1.0,0.9649219707806878,0.9694600812950052,0.956000998060393,0.9638685789756607,0.9627847534711143
3,7,2.050176553641047,0.26186868686868686,3564,2.2498296101888022,0.23842917251051893,713,2.2521122135693514,0.2329,0.9800213105593629,0.08444017973870942,,,0.9379393454021993,,0.937985839481111,0.06201416051888897,0.9766337070660569,0.14556859496851574,10,0.025,0.15,0.8673981860520957,0.9199433593096072,0.9379075926616811,0.9530580556743725,0.9610001477615697,0.9564486695898514,0.9649219707806878,1.0,0.9635433487671861,0.958342094284001,0.9616521484654236,0.9618116059586302
3,8,2.0575188725082962,0.25899447834931705,3441,2.251043438911438,0.24273255813953487,688,2.2521293133119995,0.2324,0.9779562845234889,0.0834220012851077,,,0.9082243112297176,,0.9082619530953442,0.09173804690465581,0.976578219696828,0.1455618082780073,10,0.025,0.15,0.8547448378081389,0.9120095989697984,0.9354940681142485,0.9515358995441099,0.9555610400568273,0.9599439713576892,0.9694600812950052,0.9635433487671861,1.0,0.9575744956681143,0.9594716079870249,0.9624419263710996
3,9,2.060392407134727,0.25725854829034195,3334,2.2492141326268515,0.2368815592203898,667,2.25212450570698,0.2324,0.9674217267738723,0.08310017533486634,,,0.8988319801749947,,0.8988711194731891,0.1011288805268109,0.9765829199827887,0.14555979999654106,10,0.025,0.15,0.840038010589454,0.8926904744843442,0.9186397375170824,0.9372293895073293,0.9453867286960211,0.9447144897894079,0.956000998060393,0.958342094284001,0.9575744956681143,1.0,0.9522977553125194,0.9561620156353366
3,10,2.0750112088826986,0.2613699475470534,3241,2.252780477205912,0.24074074074074073,648,2.25213653226442,0.2323,0.9699187694531509,0.08281889440085859,,,0.8906229353493638,,0.8906520770411447,0.10934792295885531,0.9765554142693722,0.145558018056347,10,0.025,0.15,0.8353348671875067,0.897816740136697,0.9201965081254844,0.9387298262913788,0.9454411614072309,0.9484218306128437,0.9638685789756607,0.9616521484654236,0.9594716079870249,0.9522977553125194,1.0,0.9648549943541109
3,11,2.0808993363380432,0.24710351377018044,3159,2.249259424209595,0.2389240506329114,632,2.252139254461361,0.2324,0.968249026916627,0.08259615747146698,,,0.8841224683193138,,0.8841577131917281,0.11584228680827191,0.9765034396893764,0.1455564630518811,10,0.025,0.15,0.8299908771324311,0.8907965134944122,0.9178202243290634,0.9312846270000329,0.9447128919187805,0.9459844787699717,0.9627847534711143,0.9618116059586302,0.9624419263710996,0.9561620156353366,0.9648549943541109,1.0
4,0,1.8669267570530927,0.32714390065741417,6845,2.2270748615264893,0.2527392257121987,1369,2.2258784438990338,0.2603,0.9285277785867164,0.07869202966558315,,,0.75,,0.7500041260253173,0.2499958739746827,0.9847997826698781,0.1453167267015436,10,0.025,0.15,1.0,0.9489307606166066,0.9342353223983615,0.9275642993580735,0.9059689831254475,0.9027723385320954,0.8888588318195684,0.8774716238071298,0.8665957401277951,0.8562148786036514,0.8511200534383143,0.8500542110743302
4,1,1.9165219143379566,0.310460021905805,5478,2.223367002275255,0.2664233576642336,1096,2.2256639999679373,0.2604,0.9608350903457581,0.08250121098669669,,,0.8802818802640564,,0.8803287616972818,0.1196712383027182,0.9857616268569923,0.14543546399966242,10,0.025,0.15,0.9489307606166066,1.0,0.9530083496114571,0.94878724483749,0.9391771106921122,0.9378327741221125,0.9217790394023917,0.9206682569863223,0.9114706116095075,0.8980681295669616,0.9018669174828223,0.8994581314759068
4,2,1.9606986579142118,0.293298755186722,4820,2.2302613854408264,0.25,964,2.225654985331282,0.2611,0.973122799736151,0.08402322314198586,,,0.932337844173345,,0.9323661929989603,0.06763380700103971,0.9859138878425973,0.1454452623727648,10,0.025,0.15,0.9342353223983615,0.9530083496114571,1.0,0.960653434252571,0.948106522065565,0.9492117174997474,0.9424716335683087,0.9359963465706541,0.933309943463977,0.9197525802076026,0.9207755301840141,0.9238962427423273
4,3,1.9639295084135873,0.29777576032682707,4406,2.226071970803397,0.2508513053348468,881,2.2256614015072205,0.261,0.9798945799052707,0.08483200919061196,,,0.9599999999657979,,0.9600270667260814,0.0399729332739186,0.985935675747965,0.14545083375192389,10,0.025,0.15,0.9275642993580735,0.94878724483749,0.960653434252571,1.0,0.9572254957259413,0.9571667627052574,0.9521986765875082,0.9477907256977421,0.9460970928530114,0.9346682733793297,0.9349324943885716,0.9318430562762559
4,4,1.9725235216545336,0.2867704280155642,4112,2.228768995829991,0.2639902676399027,822,2.225661138944988,0.2611,0.9786400167504571,0.08465331628157612,,,0.9538883328603218,,0.9539370533577594,0.04606294664224064,0.9859310634404047,0.14545060876663643,10,0.025,0.15,0.9059689831254475,0.9391771106921122,0.948106522065565,0.9572254957259413,1.0,0.956638556780347,0.9508091267935715,0.9539980832622493,0.9480101493509799,0.9396840074691659,0.9405235815745486,0.9430394629982073
4,5,1.9728779738949191,0.29910002571355104,3889,2.2334368910108293,0.26735218508997427,778,2.225663227371023,0.2611,0.9796623111678233,0.08446480023725608,,,0.9474406942095116,,0.9474839497615157,0.05251605023848427,0.9859159226053398,0.1454502909300182,10,0.025,0.15,0.9027723385320954,0.9378327741221125,0.9492117174997474,0.9571667627052574,0.956638556780347,1.0,0.9568871739557558,0.9514448936793641,0.952595472154072,0.9410054128144504,0.9438576455119178,0.9456372443605138
4,6,2.0025326564394192,0.2827539746699003,3711,2.2265650431315103,0.24797843665768193,742,2.225653394868102,0.2605,0.9788513348257688,0.08414649931695925,,,0.9365541443474199,,0.936582990873232,0.06341700912676795,0.9859149570736898,0.1454456516770785,10,0.025,0.15,0.8888588318195684,0.9217790394023917,0.9424716335683087,0.9521986765875082,0.9508091267935715,0.9568871739557558,1.0,0.9564947117813505,0.9622264176524095,0.9462512493504558,0.9525534325648578,0.9546347821137118
4,7,1.9897452456610543,0.28425925925925927,3564,2.2221086819966636,0.270687237026648,713,2.2256588694415513,0.2611,0.9771510853993997,0.08427359484624365,,,0.9409010743390557,,0.9409565777095609,0.05904342229043913,0.9859133390082194,0.14544994393593902,10,0.025,0.15,0.8774716238071298,0.9206682569863223,0.9359963465706541,0.9477907256977421,0.9539980832622493,0.9514448936793641,0.9564947117813505,1.0,0.9573100698978448,0.9508518155613145,0.9549902304046421,0.9577208448929937
4,8,1.9955936012444673,0.2798314443475734,3441,2.224684556325277,0.26598837209302323,688,2.225674475295634,0.2604,0.9744252312927614,0.08355307860068331,,,0.9162579283926824,,0.9162911983627932,0.08370880163720684,0.985880268987021,0.1454432472917571,10,0.025,0.15,0.8665957401277951,0.9114706116095075,0.933309943463977,0.9460970928530114,0.9480101493509799,0.952595472154072,0.9622264176524095,0.9573100698978448,1.0,0.9494029695517094,0.9506270633635768,0.9551589356661621
4,9,2.001754457420773,0.27990401919616076,3334,2.2208769718805947,0.2698650674662669,667,2.225671744044823,0.2604,0.9654742231584611,0.08306125847034786,,,0.8994366626323312,,0.8994652671188791,0.10053473288112091,0.9858286601544629,0.14544008837453443,10,0.025,0.15,0.8562148786036514,0.8980681295669616,0.9197525802076026,0.9346682733793297,0.9396840074691659,0.9410054128144504,0.9462512493504558,0.9508518155613145,0.9494029695517094,1.0,0.9447561245652153,0.9482729586811632
4,10,2.014758139848709,0.287442147485344,3241,2.228161652882894,0.25925925925925924,648,2.2256905942023555,0.2604,0.9673870453973114,0.08294923657485904,,,0.8956052820954867,,0.8956445676750673,0.10435543232493272,0.9858109832390783,0.14543920601379984,10,0.025,0.15,0.8511200534383143,0.9018669174828223,0.9207755301840141,0.9349324943885716,0.9405235815745486,0.9438576455119178,0.9525534325648578,0.9549902304046421,0.9506270633635768,0.9447561245652153,1.0,0.9549479516963363
4,11,2.0231583948135374,0.2695156695156695,3159,2.2220580101013185,0.2721518987341772,632,2.2256936996797974,0.2605,0.968571296284315,0.08284974268719694,,,0.8922023853398106,,0.8922447228136192,0.10775527718638078,0.9857950974530576,0.14543844908882073,10,0.025,0.15,0.8500542110743302,0.8994581314759068,0.9238962427423273,0.9318430562762559,0.9430394629982073,0.9456372443605138,0.9546347821137118,0.9577208448929937,0.9551589356661621,0.9482729586811632,0.9549479516963363,1.0
5,0,1.8261292826246331,0.34258582907231555,6845,2.196041865782304,0.2710007304601899,1369,2.194583503505852,0.2827,0.9307833263784182,0.07927246775269531,,,0.75,,0.7500041260253173,0.2499958739746827,0.9888012352803053,0.14493898985276626,10,0.025,0.15,1.0,0.9429582100361483,0.93088889901212,0.9270253540713609,0.9027208030864543,0.903194553637303,0.8897793877541957,0.8766012201818065,0.8676880401303462,0.8536863736612271,0.8571264769188074,0.8553328075422194
5,1,1.8681612840918607,0.32913472070098576,5478,2.1913999451531305,0.28193430656934304,1096,2.1942457730257057,0.2822,0.9586299767578619,0.08254740452742294,,,0.8784505145462456,,0.8784968064564044,0.12150319354359562,0.9895917686340422,0.14505368346695555,10,0.025,0.15,0.9429582100361483,1.0,0.9468045094762094,0.9427272867786883,0.9319169712311287,0.9318688536073692,0.9164719832813502,0.9139960620530877,0.906526635787935,0.8937717233581343,0.9006088186117506,0.8984422578467419
5,2,1.9111208401228252,0.31039419087136927,4820,2.200243204832077,0.2800829875518672,964,2.194239239149456,0.2823,0.9726097127306381,0.08394918654511462,,,0.9334316130650543,,0.9334719677839943,0.06652803221600567,0.9896243756218136,0.14506296802681817,10,0.025,0.15,0.93088889901212,0.9468045094762094,1.0,0.9546746434078314,0.9436533700212343,0.9455689171166279,0.9400651832505474,0.9328234711568321,0.9292693247525549,0.9144025787590401,0.9216974742118795,0.9260752732189889
5,3,1.9156595924922397,0.3178166137085792,4406,2.1941707134246826,0.2758229284903519,881,2.1942437751383723,0.2823,0.9779722614467876,0.08462656637187016,,,0.9599999999607777,,0.9600270667260814,0.0399729332739186,0.98970787796436,0.1450655207264714,10,0.025,0.15,0.9270253540713609,0.9427272867786883,0.9546746434078314,1.0,0.951865001748539,0.9528246688530523,0.9477454956908741,0.9431447258917277,0.9398193937057843,0.9230192302031953,0.93489821590396,0.9293779809442498
5,4,1.9223250620292895,0.30432879377431904,4112,2.1981359890529086,0.28345498783454987,822,2.1942431353315524,0.2823,0.9753537537059838,0.0844300568565298,,,0.9522924470841874,,0.9523361555346503,0.04766384446534966,0.9897043370420513,0.1450653125071573,10,0.025,0.15,0.9027208030864543,0.9319169712311287,0.9436533700212343,0.951865001748539,1.0,0.950575804909138,0.9454804298312129,0.9449195472844052,0.9411626759342986,0.9267632176279498,0.9377767835150341,0.9387406510474282
5,5,1.9223177752187175,0.3143738750321419,3889,2.202984264918736,0.2943444730077121,778,2.1942451181291025,0.2823,0.9770354767863176,0.08436796765657947,,,0.9498571665795594,,0.9498935485468138,0.05010645145318615,0.9896968134988021,0.14506522576310685,10,0.025,0.15,0.903194553637303,0.9318688536073692,0.9455689171166279,0.9528246688530523,0.950575804909138,1.0,0.9505691440957588,0.9450901423913871,0.9452557914951282,0.9264211305382781,0.9409353408453682,0.9428673702715246
5,6,1.949779681090651,0.30148208030180546,3711,2.195382038752238,0.27897574123989216,742,2.1942273876335046,0.2822,0.9757745283616712,0.08412914150277409,,,0.9404898583065765,,0.9405522272284663,0.05944777277153368,0.9896500328123852,0.14506475633283317,10,0.025,0.15,0.8897793877541957,0.9164719832813502,0.9400651832505474,0.9477454956908741,0.9454804298312129,0.9505691440957588,1.0,0.9491838950097531,0.953876650568362,0.9308414700365313,0.9466575342251039,0.9493821022478119
5,7,1.9401014894247055,0.30089786756453424,3564,2.1894840796788535,0.28892005610098176,713,2.1942389162280893,0.2823,0.9733867323917711,0.08413002440870908,,,0.9405244878977552,,0.94057698338037,0.05942301661963001,0.9896932188506542,0.1450647563353107,10,0.025,0.15,0.8766012201818065,0.9139960620530877,0.9328234711568321,0.9431447258917277,0.9449195472844052,0.9450901423913871,0.9491838950097531,1.0,0.9493201765316114,0.9342647266719827,0.9506299435619394,0.9518137385191456
5,8,1.9429616857458043,0.2973263586166812,3441,2.1933724880218506,0.2747093023255814,688,2.1942609986172448,0.2822,0.970754978844509,0.08359668275987023,,,0.9196056079514421,,0.9196497829710684,0.08035021702893164,0.9896197791678285,0.14506154735154317,10,0.025,0.15,0.8676880401303462,0.906526635787935,0.9292693247525549,0.9398193937057843,0.9411626759342986,0.9452557914951282,0.953876650568362,0.9493201765316114,1.0,0.9387127906434095,0.9423816708505106,0.9471496019508759
5,9,1.9512035383118524,0.2999100179964007,3334,2.1871113777160645,0.29235382308845576,667,2.194254742393011,0.2822,0.9568931910686284,0.08283836541178492,,,0.8898626662548035,,0.8898928883827631,0.11010711161723685,0.9896045960863351,0.1450563993604066,10,0.025,0.15,0.8536863736612271,0.8937717233581343,0.9144025787590401,0.9230192302031953,0.9267632176279498,0.9264211305382781,0.9308414700365313,0.9342647266719827,0.9387127906434095,1.0,0.9281221379398356,0.9308856817077331
5,10,1.9631934624451857,0.3062943535945696,3241,2.199091156323751,0.2854938271604938,648,2.1942813426633423,0.2819,0.9662277393341636,0.08307384106089846,,,0.8990985600666042,,0.8991269330428612,0.10087306695713882,0.989605953381398,0.14505831143596631,10,0.025,0.15,0.8571264769188074,0.9006088186117506,0.9216974742118795,0.93489821590396,0.9377767835150341,0.9409353408453682,0.9466575342251039,0.9506299435619394,0.9423816708505106,0.9281221379398356,1.0,0.9478473202455879
5,11,1.9737648677825927,0.2872744539411206,3159,2.189950370788574,0.2958860759493671,632,2.1942847348466703,0.282,0.9670303310373278,0.08303829514575081,,,0.8977043679325857,,0.8977405885362513,0.10225941146374873,0.9896103936985196,0.14505813502794762,10,0.025,0.15,0.8553328075422194,0.8984422578467419,0.9260752732189889,0.9293779809442498,0.9387406510474282,0.9428673702715246,0.9493821022478119,0.9518137385191456,0.9471496019508759,0.9308856817077331,0.9478473202455879,1.0
6,0,1.7857740302880605,0.3573119065010957,6845,2.159984675320712,0.29510591672753833,1369,2.1582162953630277,0.3016,0.9331151037743581,0.0797668722203631,,,0.75,,0.7500041260253173,0.2499958739746827,0.991876188456591,0.14466240253005572,10,0.025,0.15,1.0,0.9369275950376852,0.9283721894462739,0.9235320345600302,0.9024931220723008,0.9035213633043399,0.8905820367181784,0.8769901565777151,0.8676657620917465,0.8556351812336412,0.8646649809660008,0.8618801913833987
6,1,1.8294816829437432,0.343921139101862,5478,2.1545635329352484,0.3029197080291971,1096,2.1577690734138972,0.3019,0.9584449884753558,0.08262995031982895,,,0.8771623969718683,,0.8772012345067749,0.1227987654932251,0.992394052423113,0.14476952119075112,10,0.025,0.15,0.9369275950376852,1.0,0.9414465190676325,0.9390233007557834,0.9265478724232202,0.9293376912787652,0.9154610757810157,0.9120007025015114,0.9052795286920964,0.8891107554871059,0.9043703273964186,0.9024644081481189
6,2,1.87162281400279,0.32431535269709544,4820,2.1656028032302856,0.3039419087136929,964,2.1577538629121418,0.3015,0.9719082886914404,0.0839411606769067,,,0.9353992477135417,,0.935435955835025,0.06456404416497497,0.9924924036709553,0.14477945472144607,10,0.025,0.15,0.9283721894462739,0.9414465190676325,1.0,0.9498706078641052,0.9387564804322773,0.9418566711812877,0.9372445093790527,0.9301741741561959,0.9264017994665371,0.9106156447082637,0.9243273102107298,0.9267834934379258
6,3,1.869276990890503,0.3335224693599637,4406,2.157029526574271,0.2973893303064699,881,2.157756117325795,0.3015,0.9759761490011714,0.08449504985052901,,,0.9599999999555854,,0.9600270667260814,0.0399729332739186,0.9925093567565659,0.1447806835465014,10,0.025,0.15,0.9235320345600302,0.9390233007557834,0.9498706078641052,1.0,0.9465979778510262,0.9476014894438193,0.940889062273184,0.9387608631131015,0.9344509618613901,0.924526221934385,0.9297393809470164,0.9270909425265271
6,4,1.8863828301429748,0.31687743190661477,4112,2.1619597503117154,0.2956204379562044,822,2.1577554201777978,0.3015,0.9711055042079988,0.08421368126408532,,,0.9475031337710963,,0.9475499661665924,0.05245003383340763,0.9925099803530707,0.14478029185082322,10,0.025,0.15,0.9024931220723008,0.9265478724232202,0.9387564804322773,0.9465979778510262,1.0,0.9440477039832911,0.9359376914119691,0.9377004597400432,0.9320479689870272,0.9189743926037726,0.9286046243502273,0.9331195264985551
6,5,1.881985297895247,0.3327333504757007,3889,2.168667657034738,0.30719794344473006,778,2.1577574150471746,0.3015,0.9744002422002604,0.08428284493155531,,,0.950575008667031,,0.9506197290026571,0.04938027099734288,0.9925103702894588,0.14478039238906318,10,0.025,0.15,0.9035213633043399,0.9293376912787652,0.9418566711812877,0.9476014894438193,0.9440477039832911,1.0,0.9429174459350375,0.938583737921625,0.9392383653952651,0.919971380277791,0.9364070198765972,0.9395409518989863
6,6,1.9098188918212364,0.31600646725949877,3711,2.1590671141942344,0.30727762803234504,742,2.157735504681551,0.3015,0.9721426846032104,0.08406063447010456,,,0.9407056254617407,,0.9407585284943308,0.05924147150566916,0.9925034429974665,0.14477987897623634,10,0.025,0.15,0.8905820367181784,0.9154610757810157,0.9372445093790527,0.940889062273184,0.9359376914119691,0.9429174459350375,1.0,0.9401499828992905,0.9464264648998544,0.9258910146549822,0.9385193221215905,0.9425188517342655
6,7,1.8955047824553082,0.31422558922558924,3564,2.151991605758667,0.29312762973352036,713,2.1577532653567157,0.3015,0.9703933447030821,0.08400397816715434,,,0.938189259845288,,0.9382334010001485,0.061766598999851485,0.9925017213223296,0.14477969732352014,10,0.025,0.15,0.8769901565777151,0.9120007025015114,0.9301741741561959,0.9387608631131015,0.9377004597400432,0.938583737921625,0.9401499828992905,1.0,0.9440712101030452,0.9297810249698502,0.942008165684014,0.9455276201678771
6,8,1.896563176755552,0.31351351351351353,3441,2.156497081120809,0.3008720930232558,688,2.1577864206289945,0.3019,0.967498334442497,0.08357793535422471,,,0.9192667493783621,,0.919319700945685,0.08068029905431495,0.992465440770398,0.14477785886590627,10,0.025,0.15,0.8676657620917465,0.9052795286920964,0.9264017994665371,0.9344509618613901,0.9320479689870272,0.9392383653952651,0.9464264648998544,0.9440712101030452,1.0,0.9302270935788246,0.9349065554520886,0.94140819614211
6,9,1.9132813537562334,0.3145170965806839,3334,2.1489243507385254,0.3028485757121439,667,2.157777913009064,0.3019,0.9546929205450446,0.08268803316983443,,,0.8797421220694941,,0.8797758743047648,0.12022412569523522,0.9924102417453678,0.1447701541419039,10,0.025,0.15,0.8556351812336412,0.8891107554871059,0.9106156447082637,0.924526221934385,0.9189743926037726,0.919971380277791,0.9258910146549822,0.9297810249698502,0.9302270935788246,1.0,0.9239890567602903,0.9259056072443439
