round,client_id,client_i_training_loss,client_i_training_accuracy,client_i_training_dataset_size,client_i_evaluation_loss,client_i_evaluation_accuracy,client_i_evaluation_dataset_size,client_i_central_evaluation_loss,client_i_central_evaluation_accuracy,client_i_cosine_similarity,client_i_importance_coefficient,client_i_tanh_val,tanh_normalization_value,client_i_q,client_i_mask_order,client_i_v_nonzero_fraction,client_i_v_sparsity,client_i_v_cosine_similarity,client_i_reward_gradient_norm,local_epochs,learning_rate,gamma,client_0_cosine_similarity,client_1_cosine_similarity,client_2_cosine_similarity,client_3_cosine_similarity,client_4_cosine_similarity,client_5_cosine_similarity,client_6_cosine_similarity,client_7_cosine_similarity,client_8_cosine_similarity,client_9_cosine_similarity,client_10_cosine_similarity,client_11_cosine_similarity
0,0,1.8716710538715704,0.3974433893352812,8214,2.262067733809005,0.1139517896274653,1369,2.257109351813222,0.1104,0.9741931708440628,0.08205781807591193,,,0.55,,0.5500188476817351,0.44998115231826485,0,0.09864835068076,5,0.001,0.1,1.0,0.9921124632364031,0.9826560881614232,0.9745016190944105,0.9678055137134438,0.9570320189804551,0.9513129285734454,0.940313986190494,0.9400126666627998,0.9287626206845383,0.9318386932925529,0.924815224963417
0,1,2.003915711629738,0.3283541222999696,6574,2.2545564379010883,0.10127737226277372,1096,2.2568530556492914,0.1108,0.9886836331125561,0.0832783724302744,,,0.8148677697443383,,0.8148964344052348,0.18510356559476515,0,0.09887649753071603,5,0.001,0.1,0.9921124632364031,1.0,0.9931532771446733,0.9885208863308725,0.9836004660527626,0.9746051209103374,0.9720896999293646,0.9638489002986111,0.9623537405007242,0.953390381487166,0.9566440507498136,0.9505176300738454
0,2,2.0703135271757347,0.3034065363997925,5783,2.245618712517523,0.11721991701244813,964,2.2568479285072596,0.1102,0.9953809348683946,0.08384249665689357,,,0.9372861816973348,,0.9373000454277457,0.0626999545722543,0,0.09888273444938143,5,0.001,0.1,0.9826560881614232,0.9931532771446733,1.0,0.99395009688251,0.991617570570305,0.9862354235155447,0.984660768545663,0.9778484056884572,0.9749427242019143,0.9712032779256512,0.9727567644998422,0.9653228360758482
0,3,2.109415676938482,0.2779648193682618,5287,2.264311271054404,0.10442678774120318,881,2.256847859190676,0.1102,0.996782602855022,0.08396056134887846,,,0.9629069429029455,,0.9629280598486386,0.03707194015136139,0,0.098882980954981,5,0.001,0.1,0.9745016190944105,0.9885208863308725,0.99395009688251,1.0,0.9925345163727003,0.9888678128828091,0.9904707245874659,0.982967881127986,0.9830420228404595,0.9746986284502359,0.9824162287887538,0.9742980044696214
0,4,2.1354532103384694,0.2570212765957447,4935,2.2523413621462307,0.11557177615571776,822,2.256847734268481,0.1102,0.9971706518546711,0.08399324732448447,,,0.9699999997829938,,0.9700176878243976,0.029982312175602432,0,0.09888301825230414,5,0.001,0.1,0.9678055137134438,0.9836004660527626,0.991617570570305,0.9925345163727003,1.0,0.9940962730590557,0.9896404222215746,0.9846876875723658,0.9898414407706045,0.9818425527037757,0.9849604714663934,0.9827065234523834
0,5,2.15222164261831,0.2602528390829226,4667,2.249868049621582,0.12596401028277635,778,2.256847932315863,0.1102,0.9950876922603223,0.08381779637228323,,,0.9319260686688512,,0.9319453707194015,0.06805462928059847,0,0.09888273115362474,5,0.001,0.1,0.9570320189804551,0.9746051209103374,0.9862354235155447,0.9888678128828091,0.9940962730590557,1.0,0.9916970119274572,0.991102085364986,0.9888865172488054,0.9905510855366396,0.9870997016083546,0.9827931569508676
0,6,2.1595568522385187,0.2582079496968336,4453,2.2638500730196633,0.09973045822102426,742,2.256848270519854,0.1102,0.9935519901494831,0.08368844177588336,,,0.9038553290642155,,0.903871990411846,0.09612800958815404,0,0.09888222275375257,5,0.001,0.1,0.9513129285734454,0.9720896999293646,0.984660768545663,0.9904707245874659,0.9896404222215746,0.9916970119274572,1.0,0.9906812456945915,0.9875426055379461,0.9859821965956338,0.9929593977630967,0.9826978833955154
0,7,2.1771885272282274,0.23399579144259997,4277,2.249613347260848,0.11921458625525946,713,2.256852868265999,0.1108,0.9894394059881103,0.08334203236444865,,,0.8286823653225999,,0.8287035694609564,0.17129643053904364,0,0.09887751484050705,5,0.001,0.1,0.940313986190494,0.9638489002986111,0.9778484056884572,0.982967881127986,0.9846876875723658,0.991102085364986,0.9906812456945915,1.0,0.9850807802703535,0.9931335135962774,0.98794943170193,0.9851983710459917
0,8,2.1809550919899574,0.23623153305885203,4129,2.2644922624934805,0.08139534883720931,688,2.2568529703365727,0.1108,0.9888583298826875,0.0832930874131042,,,0.8180610111350437,,0.8180860420834905,0.18191395791650955,0,0.09887655067697519,5,0.001,0.1,0.9400126666627998,0.9623537405007242,0.9749427242019143,0.9830420228404595,0.9898414407706045,0.9888865172488054,0.9875426055379461,0.9850807802703535,1.0,0.9820943713142132,0.9906561728919098,0.9928407924823522
0,9,2.183942450606634,0.23274181454636342,4001,2.250377507436843,0.1199400299850075,667,2.2568656720292455,0.1109,0.9838923619976315,0.0828747961527275,,,0.7272892459583944,,0.7273078744647742,0.2726921255352258,0,0.0988601863492794,5,0.001,0.1,0.9287626206845383,0.953390381487166,0.9712032779256512,0.9746986284502359,0.9818425527037757,0.9905510855366396,0.9859821965956338,0.9931335135962774,0.9820943713142132,1.0,0.9839995901220895,0.9809262403380176
0,10,2.18962596693977,0.24705579840575984,3889,2.2596207005637035,0.10185185185185185,648,2.2568537427213626,0.1109,0.9868288970168829,0.083122145101165,,,0.7809654825693146,,0.7809754400208775,0.2190245599791225,0,0.09887142344559273,5,0.001,0.1,0.9318386932925529,0.9566440507498136,0.9727567644998422,0.9824162287887538,0.9849604714663934,0.9870997016083546,0.9929593977630967,0.98794943170193,0.9906561728919098,0.9839995901220895,1.0,0.9904342357483293
0,11,2.2000486375904886,0.2097599577947771,3791,2.256237256526947,0.1281645569620253,632,2.2568851339931304,0.1109,0.9821638987544132,0.08272920498394522,,,0.695695070711708,,0.6957162602333247,0.30428373976667533,0,0.09884501300197523,5,0.001,0.1,0.924815224963417,0.9505176300738454,0.9653228360758482,0.9742980044696214,0.9827065234523834,0.9827931569508676,0.9826978833955154,0.9851983710459917,0.9928407924823522,0.9809262403380176,0.9904342357483293,1.0
1,0,1.6245530601605367,0.5015096177258339,8214,2.1955873189970503,0.22279035792549307,1369,2.1907441364690516,0.2267,0.9855634926371736,0.08223603049888155,,,0.55,,0.5500188476817351,0.44998115231826485,0.9767366412595447,0.09929134334616928,5,0.001,0.1,1.0,0.9943307592725291,0.9923311338289468,0.988278938677974,0.9842167877484245,0.9816908102061156,0.9772065629224237,0.9758712635648918,0.973960654105118,0.9686430715208649,0.9687194723738596,0.9659176006645834
1,1,1.7490314830854101,0.45019774870702767,6574,2.188400874819074,0.22262773722627738,1096,2.1900385561080786,0.2282,0.9925563013672999,0.0832114677687104,,,0.8059344694832967,,0.8059558674283063,0.19404413257169373,0.9788168440872446,0.09952116388686187,5,0.001,0.1,0.9943307592725291,1.0,0.9956464360615155,0.9950087392429579,0.9918238917792453,0.9880388415286332,0.9866806480756568,0.984402511274534,0.9828762121975031,0.9785613773238366,0.9805460387060717,0.9766454644389199
1,2,1.8230976975425173,0.4304686149057583,5783,2.1784759952176,0.23962655601659752,964,2.1900260867402195,0.2279,0.9966060162719101,0.08368872874332736,,,0.93115783147879,,0.9311769652332763,0.06882303476672369,0.9788397509017801,0.09953000927844474,5,0.001,0.1,0.9923311338289468,0.9956464360615155,1.0,0.9963161500246043,0.9950584660106879,0.9936916199041269,0.9920420740967303,0.9910973947537649,0.9891338076381764,0.9866161206956956,0.9862542683771308,0.9847101193350399
1,3,1.8803055050861404,0.4066200113485909,5287,2.1965634567396983,0.22360953461975028,881,2.190026165959172,0.228,0.9978444664390489,0.08380124643025942,,,0.9606801343507082,,0.9606953344738597,0.039304665526140314,0.978847213069058,0.09953027385319145,5,0.001,0.1,0.988278938677974,0.9950087392429579,0.9963161500246043,1.0,0.9969450458752427,0.9950382718779257,0.9946708891964234,0.9926419226027076,0.9920365920102066,0.9887905955499248,0.9905963102163111,0.9873071412060528
1,4,1.9240346807049167,0.39367781155015197,4935,2.184457934819735,0.24939172749391728,822,2.1900259374429623,0.2279,0.9983225606594579,0.08383676702295854,,,0.9699999997376207,,0.9700176878243976,0.029982312175602432,0.9788471954693773,0.0995303109222726,5,0.001,0.1,0.9842167877484245,0.9918238917792453,0.9950584660106879,0.9969450458752427,1.0,0.9966007265999812,0.9948781401386455,0.993525539311675,0.9944452143671744,0.9914610000449605,0.9931220869080877,0.9912468521427038
1,5,1.9485707191571797,0.3870152131990572,4667,2.183299160003662,0.23136246786632392,778,2.1900263213501954,0.2279,0.9982736118016518,0.08372745397348919,,,0.9413185271417965,,0.9413402151535362,0.058659784846463836,0.97883974699679,0.09953013275646973,5,0.001,0.1,0.9816908102061156,0.9880388415286332,0.9936916199041269,0.9950382718779257,0.9966007265999812,1.0,0.9958815847784809,0.9956879346471555,0.9951359505615258,0.9947091145335465,0.9939822118306851,0.9922942343108825
1,6,1.9608171348912375,0.3849090500785987,4453,2.1979079842567444,0.1954177897574124,742,2.190026350295582,0.2279,0.9974727074516984,0.08362214421018489,,,0.9136874336452103,,0.9137066140864674,0.08629338591353264,0.9788377085439242,0.09952940812233207,5,0.001,0.1,0.9772065629224237,0.9866806480756568,0.9920420740967303,0.9946708891964234,0.9948781401386455,0.9958815847784809,1.0,0.9965179326566518,0.9935035873548606,0.9942246082762329,0.9956807099106827,0.9918598092902
1,7,1.9910726735840982,0.3772270282908581,4277,2.181316313536271,0.25666199158485276,713,2.190035926648222,0.228,0.997029989218413,0.08339513302147007,,,0.8541244151430627,,0.8541431070644977,0.1458568929355023,0.9788226005015739,0.09952531559697836,5,0.001,0.1,0.9758712635648918,0.984402511274534,0.9910973947537649,0.9926419226027076,0.993525539311675,0.9956879346471555,0.9965179326566518,1.0,0.9934276169442516,0.9963548572533106,0.9948823953172068,0.9934964510883558
1,8,2.0072656149130603,0.37684669411479776,4129,2.199069846760143,0.20203488372093023,688,2.1900369793462295,0.2281,0.9962305501492178,0.08333924409579785,,,0.8394603224491044,,0.8394805772223349,0.16051942277766507,0.9788159505925833,0.09952420945303936,5,0.001,0.1,0.973960654105118,0.9828762121975031,0.9891338076381764,0.9920365920102066,0.9944452143671744,0.9951359505615258,0.9935035873548606,0.9934276169442516,1.0,0.9915658124371559,0.995912527758491,0.9963555506294867
1,9,2.009538223629906,0.3591102224443889,4001,2.1838014920552573,0.2518740629685157,667,2.190071073203041,0.2276,0.9944403377933275,0.08302454863109025,,,0.7568907720536496,,0.7569084002667672,0.2430915997332328,0.9786417173316272,0.0995129648498272,5,0.001,0.1,0.9686430715208649,0.9785613773238366,0.9866161206956956,0.9887905955499248,0.9914610000449605,0.9947091145335465,0.9942246082762329,0.9963548572533106,0.9915658124371559,1.0,0.9940843718843867,0.991944983934419
1,10,2.022136458803396,0.35983543327333506,3889,2.1926150889623734,0.22067901234567902,648,2.1900416083229235,0.228,0.9954506453147556,0.08320907710330841,,,0.8053072085611491,,0.8053227786315617,0.19467722136843835,0.9787784882489333,0.09952055525661478,5,0.001,0.1,0.9687194723738596,0.9805460387060717,0.9862542683771308,0.9905963102163111,0.9931220869080877,0.9939822118306851,0.9956807099106827,0.9948823953172068,0.995912527758491,0.9940843718843867,1.0,0.9952267202547953
1,11,2.0452806795344634,0.3474544974940649,3791,2.190476322174072,0.21835443037974683,632,2.1901010095882723,0.227,0.9936050641294115,0.08290815850052204,,,0.7263524204430997,,0.7263703231169233,0.2736296768830767,0.9786288831621965,0.09950591615967301,5,0.001,0.1,0.9659176006645834,0.9766454644389199,0.9847101193350399,0.9873071412060528,0.9912468521427038,0.9922942343108825,0.9918598092902,0.9934964510883558,0.9963555506294867,0.991944983934419,0.9952267202547953,1.0
2,0,1.4522505525485088,0.5653031409788166,8214,2.1114855034406794,0.3177501826150475,1369,2.1068255870867842,0.3221,0.9897491590826786,0.0824278817823379,,,0.55,,0.5500188476817351,0.44998115231826485,0.9913415508803566,0.09943865966520134,5,0.001,0.1,1.0,0.9961211953180115,0.9936362398053528,0.9914067807206187,0.98824298664032,0.98682410565863,0.9829464150635575,0.9841228624042163,0.982392092161851,0.9791577366409645,0.9792129058951277,0.9767212225736465
2,1,1.5531207668549807,0.5282932765439611,6574,2.104538781302316,0.31113138686131386,1096,2.1054971317132822,0.3241,0.9959143688189237,0.08322555422113158,,,0.8124772458598267,,0.8124848976909174,0.18751510230908264,0.9922090677505633,0.09968367062557325,5,0.001,0.1,0.9961211953180115,1.0,0.9975189778679393,0.9968312055972125,0.9948570857035197,0.9930095646743954,0.9907770418342393,0.991536638516246,0.9905983607315301,0.9884750620489952,0.9881827025618032,0.9865365284441555
2,2,1.6167232334284494,0.5102196091993775,5783,2.0932716438847203,0.3433609958506224,964,2.1054616416224277,0.3244,0.9976491368938453,0.0835744430619347,,,0.92728048788198,,0.9272914431524922,0.07270855684750777,0.9922871461838977,0.09969345839464994,5,0.001,0.1,0.9936362398053528,0.9975189778679393,1.0,0.9974957625167324,0.9963281814972257,0.9952079263520293,0.9936900129883968,0.9945807616365028,0.993201156965423,0.9916878563417096,0.9915561150754018,0.990248436074112
2,3,1.6705946663776077,0.5061093247588424,5287,2.110719016620091,0.31441543700340524,881,2.1054608288664407,0.3244,0.9985847853068597,0.08367370544934476,,,0.9599431659409876,,0.9599607581600796,0.04003924183992036,0.9922953546492388,0.0996946184691904,5,0.001,0.1,0.9914067807206187,0.9968312055972125,0.9974957625167324,1.0,0.9977334431574938,0.9967989502841661,0.9952520444799959,0.9957403684481312,0.99542855939984,0.9936298733522771,0.993792194177248,0.9922000524367749
2,4,1.7145925468014132,0.4936575481256332,4935,2.098846041239225,0.3309002433090024,822,2.1054604312482352,0.3244,0.9988562194564166,0.08370426832370607,,,0.9699999996709461,,0.9700176878243976,0.029982312175602432,0.9922953270086999,0.09969468335885082,5,0.001,0.1,0.98824298664032,0.9948570857035197,0.9963281814972257,0.9977334431574938,1.0,0.9976005750110559,0.9960218096013678,0.9964927416210914,0.9968188812040216,0.9949175194970681,0.9958159123721724,0.9947002622706377
2,5,1.739524883440096,0.4819370044996786,4667,2.099516010284424,0.3213367609254499,778,2.105461355977165,0.3244,0.9987780061262383,0.08363466444075864,,,0.9470965688781983,,0.9471250036245542,0.05287499637544579,0.9922952599157575,0.09969439504338351,5,0.001,0.1,0.98682410565863,0.9930095646743954,0.9952079263520293,0.9967989502841661,0.9976005750110559,1.0,0.9968740856138559,0.9974480393240729,0.9967867710723205,0.9963814761538178,0.99662819200176,0.9950304648729931
2,6,1.7555075684615544,0.47666741522569056,4453,2.1141481498877206,0.29514824797843664,742,2.105463999147994,0.3244,0.9977306334339576,0.08353621677025402,,,0.9147019766136787,,0.9147214892568214,0.0852785107431786,0.9922756564760615,0.09969299194852696,5,0.001,0.1,0.9829464150635575,0.9907770418342393,0.9936900129883968,0.9952520444799959,0.9960218096013678,0.9968740856138559,1.0,0.9969784406192006,0.995546560152524,0.996529651600751,0.9967442703548837,0.9946733701708793
2,7,1.7835177127994708,0.4795884966097732,4277,2.0949506241342295,0.36185133239831696,713,2.1054794651250868,0.3242,0.9983018570425986,0.08341536411465206,,,0.8749349360911028,,0.8749383825789427,0.12506161742105726,0.9922521409972063,0.09969014819025457,5,0.001,0.1,0.9841228624042163,0.991536638516246,0.9945807616365028,0.9957403684481312,0.9964927416210914,0.9974480393240729,0.9969784406192006,1.0,0.9957964011978213,0.9972193973930927,0.9970818794168773,0.9958919231843232
2,8,1.8069662515933698,0.4745458948898038,4129,2.116033738309687,0.3081395348837209,688,2.1054834550181134,0.3242,0.9976785779194973,0.0833609392846749,,,0.8570262322371797,,0.8570427504083664,0.14295724959163358,0.9922451971035153,0.09968913428667402,5,0.001,0.1,0.982392092161851,0.9905983607315301,0.993201156965423,0.99542855939984,0.9968188812040216,0.9967867710723205,0.995546560152524,0.9957964011978213,1.0,0.994852972245966,0.9972360989439394,0.9967633984016647
2,9,1.8085077350101775,0.4552361909522619,4001,2.099642208644322,0.34332833583208394,667,2.1055448078118957,0.3236,0.9968050449946768,0.08313962044901714,,,0.7842004009621208,,0.7842182078271039,0.21578179217289606,0.9922256939547036,0.0996796270203372,5,0.001,0.1,0.9791577366409645,0.9884750620489952,0.9916878563417096,0.9936298733522771,0.9949175194970681,0.9963814761538178,0.996529651600751,0.9972193973930927,0.994852972245966,1.0,0.9969439120883278,0.9951660494847544
2,10,1.8244630641624575,0.45991257392645923,3889,2.1082309314182828,0.31635802469135804,648,2.1055001999242617,0.324,0.9972309359750093,0.08326660757298554,,,0.82598601237085,,0.8260069011511584,0.17399309884884162,0.9921800114095146,0.0996859389595438,5,0.001,0.1,0.9792129058951277,0.9881827025618032,0.9915561150754018,0.993792194177248,0.9958159123721724,0.99662819200176,0.9967442703548837,0.9970818794168773,0.9972360989439394,0.9969439120883278,1.0,0.9968568192953644
2,11,1.8557017664949433,0.45745185966763385,3791,2.107449102401733,0.3338607594936709,632,2.1055900265995304,0.3233,0.9959546296647575,0.08304073452920255,,,0.7516616010425673,,0.7516890422478035,0.24831095775219647,0.9921725684890647,0.09967325133217791,5,0.001,0.1,0.9767212225736465,0.9865365284441555,0.990248436074112,0.9922000524367749,0.9947002622706377,0.9950304648729931,0.9946733701708793,0.9958919231843232,0.9967633984016647,0.9951660494847544,0.9968568192953644,1.0
3,0,1.3252585733910942,0.6018748478207938,8214,2.0099213261936986,0.4156318480642805,1369,2.005455008710916,0.4152,0.9906577356336518,0.08256179803740799,,,0.55,,0.5500188476817351,0.44998115231826485,0.9960297746735671,0.09945762039692821,5,0.001,0.1,1.0,0.9958995733945544,0.9935020282551045,0.9915089289358203,0.9887221273432719,0.9876577347229423,0.985481320848688,0.985925444644464,0.9842292923082406,0.9819581650559608,0.9818101677776326,0.9798302608747947
3,1,1.404807124728138,0.5773653787648312,6574,2.003549603053502,0.39324817518248173,1096,2.0033066356524873,0.4176,0.9965002481976459,0.08323985849198333,,,0.82166866581747,,0.8216960980466069,0.17830390195339307,0.9966375441525644,0.09972637368114684,5,0.001,0.1,0.9958995733945544,1.0,0.9974144608198571,0.9966806140301339,0.9951351848442221,0.9936408039297432,0.9928469767429215,0.9927632432508089,0.9921942428116304,0.9904457940898596,0.9903461107072328,0.988992340618232
3,2,1.4553113532988406,0.5654850423655542,5783,1.9902689072393602,0.43983402489626555,964,2.0032408085113134,0.4181,0.9978926636525414,0.08349887619936708,,,0.9254455407454032,,0.9254646678458549,0.0745353321541451,0.9966570480848758,0.09973408148243437,5,0.001,0.1,0.9935020282551045,0.9974144608198571,1.0,0.9975205216469938,0.9965078092186229,0.995418830050312,0.995246283957897,0.995315209171308,0.9942484263690095,0.992873081376207,0.9929780211246241,0.9919557479500539
3,3,1.5026859317917423,0.5699262341592586,5287,2.0066779128142764,0.4177071509648127,881,2.0032382994033275,0.4181,0.9987767484643015,0.08358832515633946,,,0.9612837593518403,,0.9613042595760721,0.03869574042392787,0.9966638866391154,0.09973533689154301,5,0.001,0.1,0.9915089289358203,0.9966806140301339,0.9975205216469938,1.0,0.9978696228423447,0.9967677254441556,0.996718983348766,0.99648700276796,0.9961526962732137,0.9949707233773564,0.9950228128463043,0.9938329874174415
3,4,1.5419559190350194,0.555177304964539,4935,1.9955073228249183,0.42700729927007297,822,2.0032373266859937,0.4181,0.9988697647127814,0.08361008010480445,,,0.9699999995993445,,0.9700176878243976,0.029982312175602432,0.9966651144842139,0.09973543164816513,5,0.001,0.1,0.9887221273432719,0.9951351848442221,0.9965078092186229,0.9978696228423447,1.0,0.997454499720427,0.9970731580601171,0.9968598379149631,0.9971731623427407,0.9956697607460447,0.996596325322687,0.9955591393709727
3,5,1.5637294383898173,0.5439897150203556,4667,1.9985032558441163,0.4190231362467866,778,2.003239598898842,0.4181,0.9987183508551024,0.08356248646878987,,,0.9509313464870215,,0.9509477000995544,0.04905229990044557,0.9966584689130442,0.09973511751137072,5,0.001,0.1,0.9876577347229423,0.9936408039297432,0.995418830050312,0.9967677254441556,0.997454499720427,1.0,0.9974323939764781,0.9976236341266403,0.9972101898594832,0.9966184206567477,0.9970921306228846,0.9958905096723961
3,6,1.578409738285201,0.5423759263417921,4453,2.0125838816165924,0.40700808625336926,742,2.003243721712131,0.4181,0.998494396880118,0.08349485380058329,,,0.9238339444583694,,0.9238601985289143,0.07613980147108568,0.9966567348994831,0.09973408079371673,5,0.001,0.1,0.985481320848688,0.9928469767429215,0.995246283957897,0.996718983348766,0.9970731580601171,0.9974323939764781,1.0,0.9977909965964036,0.9968301627585708,0.9971351193770742,0.9975347161838898,0.9960191436549867
3,7,1.6001343944179478,0.546878653261632,4277,1.9908068231914355,0.45021037868162694,713,2.0032663859498387,0.4177,0.998495167225295,0.08342073155224107,,,0.8941364563086842,,0.8941533524709794,0.10584664752902062,0.9966447364257858,0.0997325452827091,5,0.001,0.1,0.985925444644464,0.9927632432508089,0.995315209171308,0.99648700276796,0.9968598379149631,0.9976236341266403,0.9977909965964036,1.0,0.9966592976957904,0.9972007884658572,0.9972979896282383,0.9962046285610233
3,8,1.627062947658392,0.5412448534754177,4129,2.0156164440241726,0.40843023255813954,688,2.003276274227106,0.4177,0.9981084845354312,0.08337485365146832,,,0.8757552219964069,,0.8757792791486647,0.12422072085133529,0.9966327634032847,0.09973167404653165,5,0.001,0.1,0.9842292923082406,0.9921942428116304,0.9942484263690095,0.9961526962732137,0.9971731623427407,0.9972101898594832,0.9968301627585708,0.9966592976957904,1.0,0.9961488271415515,0.9976700454293298,0.9969742721794828
3,9,1.6287633579874796,0.5277680579855036,4001,1.9976382993516468,0.4077961019490255,667,2.003370250756748,0.4177,0.9973214908180797,0.0832136541942357,,,0.8111697692076656,,0.8111848909250828,0.18881510907491716,0.9966123498853696,0.09972352392032138,5,0.001,0.1,0.9819581650559608,0.9904457940898596,0.992873081376207,0.9949707233773564,0.9956697607460447,0.9966184206567477,0.9971351193770742,0.9972007884658572,0.9961488271415515,1.0,0.9972096624647948,0.9958366124276052
3,10,1.6406421727821474,0.5350475700694266,3889,2.006342132886251,0.404320987654321,648,2.0033078662122783,0.4179,0.9976864118514732,0.08330334876524201,,,0.847106394433238,,0.8471259701723355,0.15287402982766451,0.9966319853020599,0.09972839177282207,5,0.001,0.1,0.9818101677776326,0.9903461107072328,0.9929780211246241,0.9950228128463043,0.996596325322687,0.9970921306228846,0.9975347161838898,0.9972979896282383,0.9976700454293298,0.9972096624647948,1.0,0.9968661450314095
3,11,1.6747091497693742,0.5360590873120549,3791,2.0068189561367036,0.4287974683544304,632,2.0034358459539687,0.4174,0.996644811115621,0.08313113357753758,,,0.7781074283949265,,0.7781241240660732,0.22187587593392677,0.996583189869692,0.09971799013041882,5,0.001,0.1,0.9798302608747947,0.988992340618232,0.9919557479500539,0.9938329874174415,0.9955591393709727,0.9958905096723961,0.9960191436549867,0.9962046285610233,0.9969742721794828,0.9958366124276052,0.9968661450314095,1.0
4,0,1.2278964700401989,0.628463598733869,8214,1.891802701839181,0.4974433893352812,1369,1.8876541632052046,0.495,0.9907398404660539,0.08264981258332219,,,0.97,,0.9700176878243976,0.029982312175602432,0.994910232151404,0.09972524326849014,5,0.001,0.1,1.0,0.9955529096683758,0.9930579726692922,0.9909097899777132,0.9884389075231186,0.9877083475136527,0.9852583148563839,0.9862470275231091,0.9834727945092232,0.9822763980770377,0.982620011259195,0.980767406351413
4,1,1.2899504584016153,0.6122908427137207,6574,1.887086912563869,0.46441605839416056,1096,1.8851639550333967,0.4976,0.9965862677437557,0.0832546369443627,,,0.97,,0.9700176878243976,0.029982312175602432,0.9978266487681282,0.09972524326849014,5,0.001,0.1,0.9955529096683758,1.0,0.9968943340495057,0.9963821067479692,0.9948638939878758,0.9936445385109377,0.992723917994287,0.9928784450583278,0.9914209465456568,0.9910648890624153,0.9909659871902353,0.9897963049363057
4,2,1.3295067293209266,0.607608507694968,5783,1.871099506655047,0.516597510373444,964,1.885083808685644,0.498,0.9977447151914177,0.0834509682132636,,,0.97,,0.9700176878243976,0.029982312175602432,0.9979080105069023,0.09972524326849014,5,0.001,0.1,0.9930579726692922,0.9968943340495057,1.0,0.9969772515523154,0.9959575735150387,0.9952885767980443,0.994908040861161,0.9950432180707378,0.9933596193492511,0.9929835022285053,0.9932033103353962,0.9923375977942742
4,3,1.3703595695007278,0.608057499527142,5287,1.8859705882413047,0.5130533484676504,881,1.8850802202194263,0.4979,0.9986676816094711,0.08353565511904167,,,0.97,,0.9700176878243976,0.029982312175602432,0.9979211499694963,0.09972524326849014,5,0.001,0.1,0.9909097899777132,0.9963821067479692,0.9969772515523154,1.0,0.9974506727080975,0.9966264658422413,0.9964718843229343,0.9964456862114134,0.9950461286832744,0.9951437226111807,0.9953715034187671,0.9942016841333939
4,4,1.4031602791816957,0.5971631205673759,4935,1.8764228866650507,0.5012165450121655,822,1.8850791747577655,0.4979,0.9985054850758893,0.08354376529298244,,,0.97,,0.9700176878243976,0.029982312175602432,0.9979202227167239,0.09972524326849014,5,0.001,0.1,0.9884389075231186,0.9948638939878758,0.9959575735150387,0.9974506727080975,1.0,0.9971113303121696,0.9963022551379702,0.996152883521862,0.9958603203117186,0.9953567385874296,0.9964921282484784,0.9950776915885593
4,5,1.4219338153323082,0.5863295478894365,4667,1.882253475189209,0.5038560411311054,778,1.8850823412307154,0.498,0.9986223003806525,0.08351833613860876,,,0.97,,0.9700176878243976,0.029982312175602432,0.9979189601152393,0.09972524326849014,5,0.001,0.1,0.9877083475136527,0.9936445385109377,0.9952885767980443,0.9966264658422413,0.9971113303121696,1.0,0.9972510017317109,0.9972673920870126,0.9961141663047199,0.996513733100293,0.9969725731521918,0.9959624201820315
4,6,1.43337626095329,0.5896249719290366,4453,1.8949582427740097,0.4973045822102426,742,1.8850871065554147,0.498,0.9983479730777045,0.08346798093241738,,,0.97,,0.9700176878243976,0.029982312175602432,0.9979080068753172,0.09972524326849014,5,0.001,0.1,0.9852583148563839,0.992723917994287,0.994908040861161,0.9964718843229343,0.9963022551379702,0.9972510017317109,1.0,0.9976563116278376,0.9958388922580798,0.9971980729903055,0.9973887471693335,0.9961640010391053
4,7,1.4491114055932457,0.5937806873977087,4277,1.8708626912987751,0.5329593267882188,713,1.8851143453067865,0.4977,0.9983934792404671,0.08342397221293021,,,0.97,,0.9700176878243976,0.029982312175602432,0.9978895796905487,0.09972524326849014,5,0.001,0.1,0.9862470275231091,0.9928784450583278,0.9950432180707378,0.9964456862114134,0.996152883521862,0.9972673920870126,0.9976563116278376,1.0,0.9956167217533655,0.9973569476472555,0.9970244324103813,0.9960285021084055
4,8,1.4746778771510491,0.5918139985468637,4129,1.8992476517503911,0.48401162790697677,688,1.8851265949182237,0.4977,0.9972910989160055,0.08336022491565012,,,0.97,,0.9700176878243976,0.029982312175602432,0.9978827614914425,0.09972524326849014,5,0.001,0.1,0.9834727945092232,0.9914209465456568,0.9933596193492511,0.9950461286832744,0.9958603203117186,0.9961141663047199,0.9958388922580798,0.9956167217533655,1.0,0.9950898454310038,0.9965883636219636,0.9961046924328033
4,9,1.4751004279605926,0.5791552111972007,4001,1.8796532494681222,0.48875562218890556,667,1.8852414018429888,0.4978,0.997446405362819,0.08326633508593637,,,0.97,,0.9700176878243976,0.029982312175602432,0.9977915006101221,0.09972524326849014,5,0.001,0.1,0.9822763980770377,0.9910648890624153,0.9929835022285053,0.9951437226111807,0.9953567385874296,0.996513733100293,0.9971980729903055,0.9973569476472555,0.9950898454310038,1.0,0.9971967969874425,0.9961854025091232
4,10,1.4858338713645936,0.5854461301105682,3889,1.8888058151517595,0.4876543209876543,648,1.8851669185077802,0.4978,0.9977788117911836,0.08333210204625686,,,0.97,,0.9700176878243976,0.029982312175602432,0.9978477366061607,0.09972524326849014,5,0.001,0.1,0.982620011259195,0.9909659871902353,0.9932033103353962,0.9953715034187671,0.9964921282484784,0.9969725731521918,0.9973887471693335,0.9970244324103813,0.9965883636219636,0.9971967969874425,1.0,0.9965140357074367
4,11,1.5201256893262143,0.5848588762859404,3791,1.8901025533676148,0.4936708860759494,632,1.8853217549979115,0.4978,0.9968427518263366,0.08319621051522777,,,0.97,,0.9700176878243976,0.029982312175602432,0.9977256803522236,0.09972524326849014,5,0.001,0.1,0.980767406351413,0.9897963049363057,0.9923375977942742,0.9942016841333939,0.9950776915885593,0.9959624201820315,0.9961640010391053,0.9960285021084055,0.9961046924328033,0.9961854025091232,0.9965140357074367,1.0
5,0,1.1499313851738717,0.6482103725346968,8214,1.760796300200529,0.5580715850986121,1369,1.7570253317348492,0.5627,0.9902882908593602,0.0826980173188425,,,0.97,,0.9700176878243976,0.029982312175602432,0.9983672297415325,0.09969775417742523,5,0.001,0.1,1.0,0.9946797051716875,0.9921939687867167,0.990151991513585,0.9877025039648153,0.987087614708212,0.9840313443939808,0.9854199304540111,0.983249058829831,0.9811053964251303,0.9818382349488897,0.9801875946407447
5,1,1.1993356369074109,0.6368421052631579,6574,1.7582100050789968,0.5474452554744526,1096,1.7542481890882546,0.5659,0.996271834715567,0.08326239494394824,,,0.97,,0.9700176878243976,0.029982312175602432,0.9983672297415325,0.09969775417742523,5,0.001,0.1,0.9946797051716875,1.0,0.9962677881641825,0.9957724513329318,0.9945446970627706,0.9931734121170492,0.9916801232386271,0.9917051103887914,0.9917513977892196,0.9899973286841602,0.9902275935425731,0.9893449454040842
5,2,1.2292401240016875,0.6362095798028705,5783,1.7388069245123094,0.5923236514522822,964,1.754156381939166,0.5659,0.9974455421578025,0.08342077411473864,,,0.97,,0.9700176878243976,0.029982312175602432,0.9983672297415325,0.09969775417742523,5,0.001,0.1,0.9921939687867167,0.9962677881641825,1.0,0.9963398704816044,0.9954265407202819,0.9947750310432992,0.994150765088365,0.9943031106439674,0.9934629488620534,0.9919046805701865,0.9925961214527974,0.9917274428836395
5,3,1.2626933172524692,0.636958577643276,5287,1.7518411108425684,0.5743473325766175,881,1.754152191332735,0.5659,0.9983550560116888,0.08350211345409012,,,0.97,,0.9700176878243976,0.029982312175602432,0.9983672297415325,0.09969775417742523,5,0.001,0.1,0.990151991513585,0.9957724513329318,0.9963398704816044,1.0,0.9969060556142537,0.9959588814524354,0.9955297051987426,0.9955528170575771,0.9954625465347616,0.9941811982040996,0.9944766866402878,0.9936707815986018
5,4,1.2928722707686886,0.6285309017223911,4935,1.7445752666546748,0.5742092457420924,822,1.7541511592011862,0.5659,0.9982788413407815,0.08350462861509504,,,0.97,,0.9700176878243976,0.029982312175602432,0.9983672297415325,0.09969775417742523,5,0.001,0.1,0.9877025039648153,0.9945446970627706,0.9954265407202819,0.9969060556142537,1.0,0.9965255785779932,0.9956160971464466,0.9957074581597901,0.9958948076932537,0.9944815527644448,0.9960369548788942,0.9942281395400847
5,5,1.3071221718232926,0.6182558388686522,4667,1.7538199043273925,0.5796915167095116,778,1.7541551011058087,0.5659,0.9984430950879815,0.08349432944481974,,,0.97,,0.9700176878243976,0.029982312175602432,0.9983672297415325,0.09969775417742523,5,0.001,0.1,0.987087614708212,0.9931734121170492,0.9947750310432992,0.9959588814524354,0.9965255785779932,1.0,0.9966983498099273,0.9969885773273555,0.9961876684464579,0.9957398052737583,0.9965100050431693,0.9953881841398518
5,6,1.3159529323237282,0.6226364248821019,4453,1.7640966574350994,0.5673854447439353,742,1.7541598835692238,0.5659,0.9978989086497784,0.08344585537837042,,,0.97,,0.9700176878243976,0.029982312175602432,0.9983672297415325,0.09969775417742523,5,0.001,0.1,0.9840313443939808,0.9916801232386271,0.994150765088365,0.9955297051987426,0.9956160971464466,0.9966983498099273,1.0,0.9970166416826196,0.9956994080856724,0.9957324816096026,0.9967543533260835,0.995593528801726
5,7,1.3259544475754694,0.6311900865092355,4277,1.738760953364165,0.5876577840112202,713,1.7541907922909283,0.5659,0.9981327577806937,0.08342640302032052,,,0.97,,0.9700176878243976,0.029982312175602432,0.9983672297415325,0.09969775417742523,5,0.001,0.1,0.9854199304540111,0.9917051103887914,0.9943031106439674,0.9955528170575771,0.9957074581597901,0.9969885773273555,0.9970166416826196,1.0,0.9958563958924566,0.9964653665445138,0.9966705741266285,0.9956269624495487
5,8,1.349398379096618,0.6225236134657302,4129,1.7703396569598804,0.5406976744186046,688,1.7542052356579814,0.566,0.9976023778380652,0.08337015716268516,,,0.97,,0.9700176878243976,0.029982312175602432,0.9983672297415325,0.09969775417742523,5,0.001,0.1,0.983249058829831,0.9917513977892196,0.9934629488620534,0.9954625465347616,0.9958948076932537,0.9961876684464579,0.9956994080856724,0.9958563958924566,1.0,0.994654241697038,0.9966357766738988,0.9961029343316705
5,9,1.3464688672432823,0.6099475131217196,4001,1.7487794160842896,0.5562218890554723,667,1.7543417592399038,0.5655,0.9968512010674881,0.08328828434433973,,,0.97,,0.9700176878243976,0.029982312175602432,0.9983672297415325,0.09969775417742523,5,0.001,0.1,0.9811053964251303,0.9899973286841602,0.9919046805701865,0.9941811982040996,0.9944815527644448,0.9957398052737583,0.9957324816096026,0.9964653665445138,0.994654241697038,1.0,0.9963954484084394,0.9953074256890513
5,10,1.3584385242618497,0.6194908716893803,3889,1.758310425849188,0.558641975308642,648,1.7542540848064727,0.5656,0.9975131716123343,0.08335001934972022,,,0.97,,0.9700176878243976,0.029982312175602432,0.9983672297415325,0.09969775417742523,5,0.001,0.1,0.9818382349488897,0.9902275935425731,0.9925961214527974,0.9944766866402878,0.9960369548788942,0.9965100050431693,0.9967543533260835,0.9966705741266285,0.9966357766738988,0.9963954484084394,1.0,0.9957370704364065
5,11,1.39207397118336,0.6153521498285413,3791,1.760761547088623,0.5490506329113924,632,1.7544368745419925,0.5654,0.99659632363095,0.0832370228530298,,,0.97,,0.9700176878243976,0.029982312175602432,0.9983672297415325,0.09969775417742523,5,0.001,0.1,0.9801875946407447,0.9893449454040842,0.9917274428836395,0.9936707815986018,0.9942281395400847,0.9953881841398518,0.995593528801726,0.9956269624495487,0.9961029343316705,0.9953074256890513,0.9957370704364065,1.0
6,0,1.0860705830243775,0.6636474312149988,8214,1.6220308375913044,0.6274653031409788,1369,1.6188369833242398,0.6242,0.9895014222668961,0.08271680493187937,,,0.97,,0.9700176878243976,0.029982312175602432,0.9984630955722278,0.09965213394467208,5,0.001,0.1,1.0,0.9939828727686352,0.9909609758584107,0.9891450346355178,0.9862437865689354,0.985842498082119,0.9828289988852634,0.983972295099041,0.9821614868032693,0.9790169881446711,0.9801968916092917,0.9784743121791909
6,1,1.1239941017720305,0.6550349863097049,6574,1.6225142649241857,0.5994525547445255,1096,1.6158724969949205,0.6266,0.9959442620098359,0.08327129492809297,,,0.97,,0.9700176878243976,0.029982312175602432,0.9984630955722278,0.09965213394467208,5,0.001,0.1,0.9939828727686352,1.0,0.9954860456971626,0.9948716326493012,0.9938697699770701,0.9924072199037882,0.9910914049322589,0.9907935398232706,0.9912949385999268,0.988301745992739,0.989335284780005,0.988343246018084
6,2,1.147500626948657,0.6554037696697216,5783,1.5991008243253153,0.6493775933609959,964,1.6157750112180131,0.6265,0.9971439169850688,0.0834072478784294,,,0.97,,0.9700176878243976,0.029982312175602432,0.9984630955722278,0.09965213394467208,5,0.001,0.1,0.9909609758584107,0.9954860456971626,1.0,0.9958379996077952,0.9945774610662989,0.9941318024204919,0.9933842041665496,0.9936172142289507,0.9932900067509673,0.9902397047447116,0.9919436400296643,0.990612102466203
6,3,1.1765269876244557,0.6551919803291091,5287,1.609683437006814,0.6401816118047673,881,1.615768448232462,0.6265,0.9980273425966198,0.0834857044009964,,,0.97,,0.9700176878243976,0.029982312175602432,0.9984630955722278,0.09965213394467208,5,0.001,0.1,0.9891450346355178,0.9948716326493012,0.9958379996077952,1.0,0.9962056440044897,0.9950699712499594,0.9949021306414806,0.9949849087863617,0.9947633106469133,0.9926519417752813,0.9937997901356513,0.9923882050024821
6,4,1.2006095162514718,0.6521580547112462,4935,1.6053640017142663,0.6374695863746959,822,1.6157674797045918,0.6265,0.9979235151941127,0.08348389423969774,,,0.97,,0.9700176878243976,0.029982312175602432,0.9984630955722278,0.09965213394467208,5,0.001,0.1,0.9862437865689354,0.9938697699770701,0.9945774610662989,0.9962056440044897,1.0,0.9956820720421798,0.9948497857255691,0.9952189745751657,0.9954090326295852,0.992962676323948,0.9953156830482542,0.9930212613740252
6,5,1.2123477198489725,0.6416970216413114,4667,1.6185220050811768,0.6246786632390745,778,1.6157719822356496,0.6265,0.9980588869793806,0.08348194605015627,,,0.97,,0.9700176878243976,0.029982312175602432,0.9984630955722278,0.09965213394467208,5,0.001,0.1,0.985842498082119,0.9924072199037882,0.9941318024204919,0.9950699712499594,0.9956820720421798,1.0,0.9959228558163956,0.9963892145163852,0.9954200370794948,0.9939207298522974,0.9957382648199652,0.9944486133229676
6,6,1.2203410748073034,0.6451830226813384,4453,1.6254145503044128,0.623989218328841,742,1.6157788346750668,0.6265,0.9974922638819764,0.08343389318693124,,,0.97,,0.9700176878243976,0.029982312175602432,0.9984630955722278,0.09965213394467208,5,0.001,0.1,0.9828289988852634,0.9910914049322589,0.9933842041665496,0.9949021306414806,0.9948497857255691,0.9959228558163956,1.0,0.9963053573018569,0.9945716311670775,0.994278959824868,0.9956603157264352,0.994383516995583
6,7,1.2252242615863458,0.6496609773205518,4277,1.5996197669402412,0.6437587657784011,713,1.615812482163548,0.6265,0.9978563191664526,0.083433714251538,,,0.97,,0.9700176878243976,0.029982312175602432,0.9984630955722278,0.09965213394467208,5,0.001,0.1,0.983972295099041,0.9907935398232706,0.9936172142289507,0.9949849087863617,0.9952189745751657,0.9963892145163852,0.9963053573018569,1.0,0.9956797727565432,0.9949590257694223,0.9960395200392395,0.9945800926774042
6,8,1.2490550374067746,0.6482925647856624,4129,1.6336489157243208,0.6061046511627907,688,1.615826738147309,0.6266,0.9974342288000624,0.08338556024221663,,,0.97,,0.9700176878243976,0.029982312175602432,0.9984630955722278,0.09965213394467208,5,0.001,0.1,0.9821614868032693,0.9912949385999268,0.9932900067509673,0.9947633106469133,0.9954090326295852,0.9954200370794948,0.9945716311670775,0.9956797727565432,1.0,0.9936631223765652,0.9962908759613626,0.9949420489762025
6,9,1.2482023946822636,0.6349912521869533,4001,1.610571475256057,0.6221889055472264,667,1.615979805921975,0.6265,0.9958100278289373,0.08328284806671651,,,0.97,,0.9700176878243976,0.029982312175602432,0.9984630955722278,0.09965213394467208,5,0.001,0.1,0.9790169881446711,0.988301745992739,0.9902397047447116,0.9926519417752813,0.992962676323948,0.9939207298522974,0.994278959824868,0.9949590257694223,0.9936631223765652,1.0,0.9942592188995412,0.9938049122526078
6,10,1.253335450614085,0.644227307791206,3889,1.6203281765892392,0.6188271604938271,648,1.6158819206225605,0.6266,0.9970743020920253,0.08336157483448216,,,0.97,,0.9700176878243976,0.029982312175602432,0.9984630955722278,0.09965213394467208,5,0.001,0.1,0.9801968916092917,0.989335284780005,0.9919436400296643,0.9937997901356513,0.9953156830482542,0.9957382648199652,0.9956603157264352,0.9960395200392395,0.9962908759613626,0.9942592188995412,1.0,0.9945879104193093
