round,client_id,client_i_training_loss,client_i_training_accuracy,client_i_training_dataset_size,client_i_evaluation_loss,client_i_evaluation_accuracy,client_i_evaluation_dataset_size,client_i_central_evaluation_loss,client_i_central_evaluation_accuracy,client_i_cosine_similarity,client_i_importance_coefficient,client_i_tanh_val,tanh_normalization_value,client_i_q,client_i_mask_order,client_i_v_nonzero_fraction,client_i_v_sparsity,client_i_v_cosine_similarity,client_i_reward_gradient_norm,local_epochs,learning_rate,gamma,client_0_cosine_similarity,client_1_cosine_similarity,client_2_cosine_similarity,client_3_cosine_similarity,client_4_cosine_similarity,client_5_cosine_similarity,client_6_cosine_similarity,client_7_cosine_similarity,client_8_cosine_similarity,client_9_cosine_similarity,client_10_cosine_similarity,client_11_cosine_similarity
0,0,2.249207201710454,0.17487216946676407,6845,2.2997938936406914,0.1168736303871439,1369,2.299655597421187,0.1204,0.885210275340006,0.07955443251340265,,,0.6,,0.6000148536911423,0.39998514630885773,0,0.1386280953196701,10,0.025,0.15,1.0,0.9401612019952575,0.8681898007215183,0.8556872555823715,0.8154135084264124,0.7843434616100783,0.7587459214054928,0.731607846612254,0.7267084637314748,0.7430156073604738,0.6735824412465529,0.6640936401098544
0,1,2.279621348824612,0.1551661190215407,5478,2.2981228033701577,0.12864963503649635,1096,2.299614806718464,0.1208,0.931097084925387,0.08367831041915041,,,0.7938945721617144,,0.7939215395025664,0.2060784604974336,0,0.1390057886886482,10,0.025,0.15,0.9401612019952575,1.0,0.9141904078516213,0.9136316787038015,0.866332297860511,0.8523547240681593,0.801634591191156,0.7837977058382841,0.7767452601280652,0.7989855696563711,0.7747552657930141,0.7357003932267663
0,2,2.2921652593110737,0.13970954356846474,4820,2.2980580031871796,0.13070539419087138,964,2.299616324750683,0.121,0.9530319468414489,0.08564961095711796,,,0.8865802634326996,,0.8866168242808338,0.11338317571916623,0,0.13905234793502458,10,0.025,0.15,0.8681898007215183,0.9141904078516213,1.0,0.915606117211205,0.9145974524609224,0.9051180202257595,0.9012165828288793,0.8177660794604049,0.8212692814753632,0.8426244060614544,0.8076211592884581,0.8172891436288762
0,3,2.2956090130124776,0.13967317294598275,4406,2.299639735903059,0.11577752553916004,881,2.2996101168137564,0.121,0.9704073557141903,0.08721115043656916,,,0.9599999999529825,,0.9600270667260814,0.0399729332739186,0,0.1390693512167789,10,0.025,0.15,0.8556872555823715,0.9136316787038015,0.915606117211205,1.0,0.9297861961350345,0.9004713699247191,0.8986874077575967,0.8780295294351358,0.8785148806036103,0.9090816280900686,0.8784664736565675,0.827135396322118
0,4,2.2965289144804983,0.1349464980544747,4112,2.2988977432250977,0.11313868613138686,822,2.299610098706016,0.121,0.9635346916371201,0.08659349957356198,,,0.9309595791245255,,0.9310128566948886,0.06898714330511135,0,0.1390686346993428,10,0.025,0.15,0.8154135084264124,0.866332297860511,0.9145974524609224,0.9297861961350345,1.0,0.9402736192593294,0.9163651609907293,0.8979336637052031,0.8672614820550049,0.8705013004228052,0.8808845174731675,0.8619164015102615
0,5,2.2971238336255473,0.14024170737978914,3889,2.2990526812417165,0.11696658097686376,778,2.299616502810128,0.121,0.9503208332003781,0.08540596138231846,,,0.8751244611168048,,0.8751794821013021,0.12482051789869786,0,0.13905097419787527,10,0.025,0.15,0.7843434616100783,0.8523547240681593,0.9051180202257595,0.9004713699247191,0.9402736192593294,1.0,0.8988713286220571,0.8989929475838185,0.8473369448604601,0.8785568617440038,0.877140515156253,0.855537182139242
0,6,2.297986464664854,0.12937213689032606,3711,2.302497625350952,0.11590296495956873,742,2.2996185218231586,0.1208,0.9367974466098276,0.08419060569131342,,,0.8179814328512781,,0.8180422835074516,0.18195771649254844,0,0.13903859901900018,10,0.025,0.15,0.7587459214054928,0.801634591191156,0.9012165828288793,0.8986874077575967,0.9163651609907293,0.8988713286220571,1.0,0.888087202854542,0.8519018789932443,0.8795975572499509,0.881587066878619,0.8474396173302869
0,7,2.299066768373762,0.13164983164983166,3564,2.30006738503774,0.10098176718092566,713,2.2996189745166635,0.1208,0.9145423743236147,0.08219052763574142,,,0.7239426936503295,,0.7239854103744781,0.27601458962552194,0,0.13896664047782792,10,0.025,0.15,0.731607846612254,0.7837977058382841,0.8177660794604049,0.8780295294351358,0.8979336637052031,0.8989929475838185,0.888087202854542,1.0,0.8060977273775018,0.8563556308714152,0.920912220986248,0.8298611379371335
0,8,2.2987606551912094,0.13510607381575124,3441,2.2993253469467163,0.12354651162790697,688,2.2996327032016803,0.1208,0.9043141915656973,0.08127131409109864,,,0.6807235390009276,,0.6807529170998994,0.3192470829001006,0,0.1388608314879202,10,0.025,0.15,0.7267084637314748,0.7767452601280652,0.8212692814753632,0.8785148806036103,0.8672614820550049,0.8473369448604601,0.8519018789932443,0.8060977273775018,1.0,0.9269118882735365,0.811617098130709,0.8878357367232208
0,9,2.298789417302167,0.12408518296340731,3334,2.2992916107177734,0.12143928035982009,667,2.299615718141387,0.1208,0.9270745803716339,0.08331680527628084,,,0.7768974915950807,,0.7769470713472297,0.22305292865277027,0,0.13899846295750862,10,0.025,0.15,0.7430156073604738,0.7989855696563711,0.8426244060614544,0.9090816280900686,0.8705013004228052,0.8785568617440038,0.8795975572499509,0.8563556308714152,0.9269118882735365,1.0,0.8634154308386274,0.8901580901498305
0,10,2.2998594467456526,0.12005553841406973,3241,2.300434708595276,0.12808641975308643,648,2.2996332796314096,0.1207,0.903267526563777,0.081177249615596,,,0.6763008592683923,,0.6763380700103976,0.3236619299896024,0,0.1388558374655679,10,0.025,0.15,0.6735824412465529,0.7747552657930141,0.8076211592884581,0.8784664736565675,0.8808845174731675,0.877140515156253,0.881587066878619,0.920912220986248,0.811617098130709,0.8634154308386274,1.0,0.8720445144058596
0,11,2.300203203201294,0.11025641025641025,3159,2.295460271835327,0.13924050632911392,632,2.299646084821677,0.1204,0.8875035698623419,0.07976053240784914,,,0.6096903089202954,,0.6097440213893153,0.39025597861068473,0,0.13873819044429822,10,0.025,0.15,0.6640936401098544,0.7357003932267663,0.8172891436288762,0.827135396322118,0.8619164015102615,0.855537182139242,0.8474396173302869,0.8298611379371335,0.8878357367232208,0.8901580901498305,0.8720445144058596,1.0
1,0,2.1006423713984312,0.24087655222790358,6845,2.290207277644764,0.14170927684441198,1369,2.290110461319549,0.1447,0.9025117437243594,0.07881246777741893,,,0.6,,0.6000148536911423,0.39998514630885773,0.8564587035589162,0.14508776992219316,10,0.025,0.15,1.0,0.9579719035451318,0.9249219794291273,0.9173854792564815,0.8949654086699581,0.8779397406932884,0.8416561985539909,0.8408504387358231,0.815498634168901,0.8220943951656852,0.8115165668171921,0.7904103268352112
1,1,2.14069057952526,0.2281124497991968,5478,2.2884279357062445,0.15237226277372262,1096,2.290034589888174,0.1448,0.9480150548116202,0.08285608388553165,,,0.7966985355953622,,0.796735488768959,0.20326451123104095,0.8585323559114857,0.1453866675921083,10,0.025,0.15,0.9579719035451318,1.0,0.9590677541271898,0.9583844954784044,0.9457896265027513,0.9300892511965582,0.8943348935491553,0.90043621922773,0.8720100752746766,0.8785831073178653,0.8741773518787955,0.8515137618009145
1,2,2.1919931640750483,0.21346473029045643,4820,2.289110094308853,0.1504149377593361,964,2.2900270057629935,0.1447,0.976801082827426,0.08501867570489885,,,0.9018961192894724,,0.9019491343598884,0.09805086564011156,0.8594613843329396,0.1454395036417857,10,0.025,0.15,0.9249219794291273,0.9590677541271898,1.0,0.9778469364308903,0.9703718144750152,0.9629633189733969,0.9441855262896207,0.9412838381325267,0.9251902557207374,0.9278599341722962,0.9163260945837031,0.9069633925181414
1,3,2.2030322197505408,0.20728551974580117,4406,2.2890030315944125,0.15096481271282633,881,2.2900194246557692,0.1448,0.9837186421704379,0.08621314208502268,,,0.9599999999513558,,0.9600270667260814,0.0399729332739186,0.8592003396898563,0.14544093604008987,10,0.025,0.15,0.9173854792564815,0.9583844954784044,0.9778469364308903,1.0,0.9814268964214672,0.9695075206616135,0.9523661519770668,0.9547727044341224,0.9364149877448549,0.9392956798205738,0.9337201007375766,0.9162263453192583
1,4,2.2142795609705375,0.1981760700389105,4112,2.2902896063668385,0.13746958637469586,822,2.290019587625431,0.1447,0.9852105773178426,0.08587872007807587,,,0.9437323035928109,,0.9437787790265881,0.05622122097341187,0.8591735177950431,0.14544078772096597,10,0.025,0.15,0.8949654086699581,0.9457896265027513,0.9703718144750152,0.9814268964214672,1.0,0.9721447159657289,0.96246050029156,0.9658486674044349,0.9441723289086159,0.9492968883512255,0.9408421254582524,0.9276173374228002
1,5,2.215524688843758,0.204191308819748,3889,2.291283675602504,0.14267352185089974,778,2.290027398097364,0.1447,0.9879866870916016,0.08523272101426413,,,0.9123081855632061,,0.9123549702100973,0.08764502978990274,0.8594416528265807,0.14543985620803385,10,0.025,0.15,0.8779397406932884,0.9300892511965582,0.9629633189733969,0.9695075206616135,0.9721447159657289,1.0,0.9708322895829532,0.9727036563327133,0.9605347910945558,0.9622396453503809,0.9614843524968272,0.9491195888480307
1,6,2.2427042443176797,0.19124225276205875,3711,2.292795260747274,0.1347708894878706,742,2.2900366420987286,0.1447,0.9824590962864193,0.08429837197879193,,,0.8668575092134924,,0.8668944232641812,0.1331055767358188,0.8584488886791894,0.14542053180078904,10,0.025,0.15,0.8416561985539909,0.8943348935491553,0.9441855262896207,0.9523661519770668,0.96246050029156,0.9708322895829532,1.0,0.9780045217541368,0.9727380098054254,0.9707692441569321,0.9724571816650898,0.9675147088743061
1,7,2.246201410463878,0.18928170594837262,3564,2.2900273402531943,0.14446002805049088,713,2.290046154698239,0.1447,0.9829283079965168,0.08307303866979412,,,0.8072521309945939,,0.8072898615305903,0.19271013846940965,0.8576687376588658,0.14540817614109508,10,0.025,0.15,0.8408504387358231,0.90043621922773,0.9412838381325267,0.9547727044341224,0.9658486674044349,0.9727036563327133,0.9780045217541368,1.0,0.9676950010038244,0.9704100948495372,0.9750901034366283,0.9658092223400195
1,8,2.2517650330508197,0.185178727114211,3441,2.289923628171285,0.14825581395348839,688,2.290058534356612,0.1446,0.9729765359424992,0.0821779488420518,,,0.7637111880277321,,0.7637602944331666,0.23623970556683338,0.8583096046844587,0.14537545634988136,10,0.025,0.15,0.815498634168901,0.8720100752746766,0.9251902557207374,0.9364149877448549,0.9441723289086159,0.9605347910945558,0.9727380098054254,0.9676950010038244,1.0,0.9790973369131042,0.9690236216388093,0.9768883622934466
1,9,2.245605556170146,0.19070185962807437,3334,2.2890610297520957,0.13343328335832083,667,2.2900371491154536,0.1448,0.9745901175284457,0.08349944990373677,,,0.8279945711856032,,0.8280437688765658,0.17195623112343417,0.8579838114772571,0.14541511404539395,10,0.025,0.15,0.8220943951656852,0.8785831073178653,0.9278599341722962,0.9392956798205738,0.9492968883512255,0.9622396453503809,0.9707692441569321,0.9704100948495372,0.9790973369131042,1.0,0.9659124971291453,0.9715341693653251
1,10,2.2501285415429337,0.1870718913915458,3241,2.2910629510879517,0.13117283950617284,648,2.290059732485421,0.1446,0.9707639478554088,0.08204736510512417,,,0.7573590445157151,,0.757406215444538,0.242593784555462,0.8582945566714361,0.14537275055792917,10,0.025,0.15,0.8115165668171921,0.8741773518787955,0.9163260945837031,0.9337201007375766,0.9408421254582524,0.9614843524968272,0.9724571816650898,0.9750901034366283,0.9690236216388093,0.9659124971291453,1.0,0.973238398332246
1,11,2.261477011680603,0.18284267173156063,3159,2.285558795928955,0.1661392405063291,632,2.290091849580596,0.1447,0.9622929054466253,0.08089201495528914,,,0.7011579422111491,,0.7012014985723952,0.2987985014276048,0.8575015898120928,0.14533580435655727,10,0.025,0.15,0.7904103268352112,0.8515137618009145,0.9069633925181414,0.9162263453192583,0.9276173374228002,0.9491195888480307,0.9675147088743061,0.9658092223400195,0.9768883622934466,0.9715341693653251,0.973238398332246,1.0
2,0,2.0168728046947058,0.27380569758948137,6845,2.274898333982988,0.15412710007304603,1369,2.274792695347267,0.158,0.9192378811802197,0.07877471512012794,,,0.6,,0.6000148536911423,0.39998514630885773,0.9487595050365223,0.14560860109963195,10,0.025,0.15,1.0,0.9509740966434392,0.9315738453924449,0.920850929494178,0.904043317940921,0.8957871288269937,0.8744448441061293,0.870915954136288,0.8568111027882526,0.8571847143271365,0.8447505093689913,0.8327085069780162
2,1,2.050980405197587,0.2611171960569551,5478,2.27242382367452,0.17062043795620438,1096,2.27460794207416,0.1573,0.9625455280645531,0.08269071867173812,,,0.8091910762653625,,0.8092290934297173,0.19077090657028273,0.9524480128765657,0.1459967575703037,10,0.025,0.15,0.9509740966434392,1.0,0.9585319719200543,0.959385998377754,0.9490606041190341,0.9438829210453417,0.9242103937707522,0.9276760057193355,0.9136808783950185,0.9105922561621659,0.908376927284377,0.8959993811872065
2,2,2.0993435034626406,0.24902489626556015,4820,2.2748606204986572,0.1690871369294606,964,2.2745892337605924,0.1572,0.9761273079091449,0.08447279312741456,,,0.9043886593254387,,0.9044330016008978,0.09556699839910221,0.9528838473584668,0.14602715507281777,10,0.025,0.15,0.9315738453924449,0.9585319719200543,1.0,0.9663581246485003,0.9559841301301742,0.9564597139927196,0.947438458656403,0.9485514994853226,0.9409891923420107,0.9382120583501531,0.9296944589377516,0.9256959497506153
2,3,2.104490052631923,0.2467771221062188,4406,2.272359541484288,0.15891032917139614,881,2.2745795491375502,0.1573,0.9853694860840576,0.08551382322903296,,,0.9599999999465805,,0.9600270667260814,0.0399729332739186,0.9528862454340987,0.14602908185968708,10,0.025,0.15,0.920850929494178,0.959385998377754,0.9663581246485003,1.0,0.9707617400226769,0.9675872126673651,0.9617388474167446,0.9625278062984806,0.9570355611611701,0.9503338658351049,0.9497800812499464,0.9401450467667408
2,4,2.113881089470603,0.23735408560311283,4112,2.275862319128854,0.14233576642335766,822,2.2745797211610816,0.1572,0.9820658181576638,0.08519901815979358,,,0.943183260538645,,0.9432341436847056,0.056765856315294405,0.9528952266272246,0.14602886908579735,10,0.025,0.15,0.904043317940921,0.9490606041190341,0.9559841301301742,0.9707617400226769,1.0,0.9614798461070575,0.9609494974367171,0.9673186159719417,0.9555450712697612,0.9528360898587294,0.9463947950131095,0.9430640569421036
2,5,2.1163507888394015,0.24515299562869633,3889,2.2774506296430315,0.16066838046272494,778,2.274589804154408,0.1572,0.9841590627538978,0.08486716353221531,,,0.9254557417068003,,0.9254922348203528,0.07450776517964719,0.9529003419970008,0.14602797817270477,10,0.025,0.15,0.8957871288269937,0.9438829210453417,0.9564597139927196,0.9675872126673651,0.9614798461070575,1.0,0.9675040959325473,0.9659335702656371,0.962947715230708,0.9577804641756297,0.9589535599953303,0.9540240973439467
2,6,2.146720493661946,0.2263810293721369,3711,2.2771844466527305,0.1347708894878706,742,2.274599183963824,0.1572,0.9836334498041376,0.08427135993810762,,,0.893628192663105,,0.893672327573402,0.10632767242659802,0.9525571113028046,0.14602189245577127,10,0.025,0.15,0.8744448441061293,0.9242103937707522,0.947438458656403,0.9617388474167446,0.9609494974367171,0.9675040959325473,1.0,0.9735385592895567,0.975468185195074,0.9628694340017818,0.9682966015560013,0.9700360953369563
2,7,2.1434977531433104,0.2308922558922559,3564,2.2739257415135703,0.1584852734922861,713,2.2746167032024527,0.157,0.9845043391289291,0.08354086184678557,,,0.854605326641796,,0.8546401280718259,0.14535987192817412,0.9524759840192313,0.14601668791910702,10,0.025,0.15,0.870915954136288,0.9276760057193355,0.9485514994853226,0.9625278062984806,0.9673186159719417,0.9659335702656371,0.9735385592895567,1.0,0.9725176983578573,0.9677817889025423,0.9701112312023306,0.9697749281940242
2,8,2.1509321486508406,0.22949723917465853,3441,2.2750820318857827,0.15988372093023256,688,2.2746349075172523,0.1572,0.9800735530030097,0.08284207837203626,,,0.8172766405891108,,0.8173326071528775,0.18266739284712252,0.9524955548127385,0.14600833265390062,10,0.025,0.15,0.8568111027882526,0.9136808783950185,0.9409891923420107,0.9570355611611701,0.9555450712697612,0.962947715230708,0.975468185195074,0.9725176983578573,1.0,0.9700992011512579,0.9681866740892876,0.971828187969401
2,9,2.148659004546978,0.23077384523095382,3334,2.2722522020339966,0.1454272863568216,667,2.2746011426177204,0.1572,0.9753709864739747,0.08350723745990056,,,0.8528091276372407,,0.8528494330841214,0.14715056691587858,0.9525303456543387,0.146016427978105,10,0.025,0.15,0.8571847143271365,0.9105922561621659,0.9382120583501531,0.9503338658351049,0.9528360898587294,0.9577804641756297,0.9628694340017818,0.9677817889025423,0.9700992011512579,1.0,0.9588414886202073,0.9633977565785635
2,10,2.157697787651649,0.229311940759025,3241,2.276319702466329,0.14660493827160495,648,2.2746432853650442,0.1572,0.9741928140254777,0.08256951344813593,,,0.8027163499684721,,0.8027594857322045,0.19724051426779554,0.9523072962847001,0.14599471109850629,10,0.025,0.15,0.8447505093689913,0.908376927284377,0.9296944589377516,0.9497800812499464,0.9463947950131095,0.9589535599953303,0.9682966015560013,0.9701112312023306,0.9681866740892876,0.9588414886202073,1.0,0.9733806918509343
2,11,2.1702221250534057,0.21741057296612853,3159,2.2696506500244142,0.18037974683544303,632,2.2747208408162565,0.1572,0.9710251822743379,0.0817507170947118,,,0.7589766321266637,,0.7590153653182816,0.24098463468171838,0.951469639285771,0.1459520257683381,10,0.025,0.15,0.8327085069780162,0.8959993811872065,0.9256959497506153,0.9401450467667408,0.9430640569421036,0.9540240973439467,0.9700360953369563,0.9697749281940242,0.971828187969401,0.9633977565785635,0.9733806918509343,1.0
3,0,1.9560505827267964,0.29703433162892623,6845,2.2533528804779053,0.17677136596055515,1369,2.253255204309391,0.192,0.9221212926819933,0.07892593431583579,,,0.6,,0.6000148536911423,0.39998514630885773,0.9777490574951715,0.14516372704294356,10,0.025,0.15,1.0,0.9439618781165348,0.9300518559353749,0.9217783606969876,0.9037400032346317,0.8979612495694301,0.881324957059081,0.8730273729298313,0.8608176266919961,0.8480633947555345,0.8459307728331285,0.8398364132896867
3,1,1.9897212352863578,0.28203723986856516,5478,2.2498602867126465,0.20529197080291972,1096,2.2528997463516043,0.1894,0.9639449394234268,0.0827184040952048,,,0.821340962449535,,0.8213843640144576,0.17861563598554242,0.9801555700881203,0.1456073229790342,10,0.025,0.15,0.9439618781165348,1.0,0.9528755820371688,0.9554909749331515,0.9461831909366707,0.9431789328976198,0.9257994970864258,0.9275949681023135,0.9173129080326694,0.9032727301327906,0.9102049260065526,0.9036580898959151
3,2,2.0358259448879643,0.2717427385892116,4820,2.254778116941452,0.19605809128630705,964,2.252865269214292,0.1886,0.9721219786173843,0.08409003892371299,,,0.9013940652383511,,0.9014375072205443,0.09856249277945572,0.9802098217475168,0.1456269992748765,10,0.025,0.15,0.9300518559353749,0.9528755820371688,1.0,0.9599457781008466,0.9479693474849474,0.9473855122812408,0.9415833067539446,0.9404094055499833,0.935905521765367,0.9229613674032291,0.9219103328082495,0.9221165681788541
3,3,2.0381132084982734,0.2727417158420336,4406,2.2492635250091553,0.19750283768444948,881,2.2528526752809936,0.1886,0.9831167999802455,0.08509419664397481,,,0.9599999999416367,,0.9600270667260814,0.0399729332739186,0.9802315481142143,0.14563133882334703,10,0.025,0.15,0.9217783606969876,0.9554909749331515,0.9599457781008466,1.0,0.9650029140268982,0.9634351670546628,0.9551825268129385,0.9548957475848759,0.9509550089797688,0.9404426054556582,0.9439811780890536,0.9388738013037373
3,4,2.0434519876133312,0.2623784046692607,4112,2.2551083905356273,0.17274939172749393,822,2.2528534327881244,0.1887,0.979990519040075,0.08479701957448862,,,0.9426557724580495,,0.9426977603934578,0.05730223960654224,0.9802165973476042,0.14563091392024358,10,0.025,0.15,0.9037400032346317,0.9461831909366707,0.9479693474849474,0.9650029140268982,1.0,0.9569587788129098,0.9570705868435134,0.959483359741167,0.9510967638980471,0.943542745760166,0.9389122518288578,0.9429505962563819
3,5,2.046745995552309,0.27287220365132425,3889,2.2573714596884593,0.19922879177377892,778,2.2528661655474314,0.1886,0.9809158854721315,0.08462147624399637,,,0.9324104885182476,,0.9324404614546715,0.06755953854532848,0.9802176435713068,0.14562983036253616,10,0.025,0.15,0.8979612495694301,0.9431789328976198,0.9473855122812408,0.9634351670546628,0.9569587788129098,1.0,0.9594717268652048,0.957643932921476,0.9550855422090179,0.9449974385515282,0.9482532267832046,0.949407430250565
3,6,2.078467145870472,0.25214227970897335,3711,2.255445202191671,0.1738544474393531,742,2.2528777031958858,0.1885,0.9804062800308617,0.08423547159000759,,,0.9098819921572059,,0.9099288673235298,0.09007113267647016,0.9802435647719819,0.14562795139775825,10,0.025,0.15,0.881324957059081,0.9257994970864258,0.9415833067539446,0.9551825268129385,0.9570705868435134,0.9594717268652048,1.0,0.9644294462133395,0.9640590327754959,0.9485781163339876,0.9556324098142279,0.9646339495232682
3,7,2.0662109123808996,0.256705948372615,3564,2.2513792514801025,0.1879382889200561,713,2.252906738957272,0.189,0.9807351381542982,0.08379332005482136,,,0.8840765798427688,,0.8841247049891898,0.11587529501081018,0.980220824553255,0.14562434073748207,10,0.025,0.15,0.8730273729298313,0.9275949681023135,0.9404094055499833,0.9548957475848759,0.959483359741167,0.957643932921476,0.9644294462133395,1.0,0.9624247614168214,0.9555951531623541,0.9600317229622389,0.9659775447871586
3,8,2.074477892893332,0.26030223772159256,3441,2.254039764404297,0.19040697674418605,688,2.2529351469836656,0.1895,0.9761489802772743,0.08321045516238709,,,0.8500586749483728,,0.85010975227344,0.14989024772656,0.9800856743028948,0.14561656586632696,10,0.025,0.15,0.8608176266919961,0.9173129080326694,0.935905521765367,0.9509550089797688,0.9510967638980471,0.9550855422090179,0.9640590327754959,0.9624247614168214,1.0,0.9513231077768614,0.9552277993184042,0.9637687368760449
3,9,2.069283449208295,0.2586982603479304,3334,2.248536308606466,0.18290854572713644,667,2.2528855347935157,0.189,0.9670023672468293,0.08332437864123933,,,0.8567076224474215,,0.8567361489330099,0.14326385106699013,0.9801690501374811,0.14561824013161678,10,0.025,0.15,0.8480633947555345,0.9032727301327906,0.9229613674032291,0.9404426054556582,0.943542745760166,0.9449974385515282,0.9485781163339876,0.9555951531623541,0.9513231077768614,1.0,0.9488078613000557,0.9533768882103875
3,10,2.0869162793342886,0.2604134526380747,3241,2.255989114443461,0.17592592592592593,648,2.252947505516342,0.1895,0.9695566419968356,0.08282636919371685,,,0.8276421593491425,,0.8276889306992787,0.17231106930072126,0.98014956108428,0.1456097036997416,10,0.025,0.15,0.8459307728331285,0.9102049260065526,0.9219103328082495,0.9439811780890536,0.9389122518288578,0.9482532267832046,0.9556324098142279,0.9600317229622389,0.9552277993184042,0.9488078613000557,1.0,0.9624100533852203
3,11,2.095844114303589,0.24444444444444444,3159,2.2472185134887694,0.2120253164556962,632,2.253055180175395,0.1869,0.9709109352464124,0.08236293556061423,,,0.8005946540689599,,0.8006387087191167,0.1993612912808833,0.9800226083307098,0.14559730884505642,10,0.025,0.15,0.8398364132896867,0.9036580898959151,0.9221165681788541,0.9388738013037373,0.9429505962563819,0.949407430250565,0.9646339495232682,0.9659775447871586,0.9637687368760449,0.9533768882103875,0.9624100533852203,1.0
4,0,1.9090881641264315,0.3139956172388605,6845,2.2261942733417857,0.2176771365960555,1369,2.2260218390935584,0.2369,0.9275858755405302,0.07925961081086004,,,0.6,,0.6000148536911423,0.39998514630885773,0.9838442314060495,0.14478911326595703,10,0.025,0.15,1.0,0.9417911823446152,0.9293031238024873,0.9240433944592981,0.9046999987648119,0.8995380818099744,0.8907063464805888,0.8789591814542498,0.8622218383369721,0.8573138937507342,0.8505230901320958,0.8490523199075226
4,1,1.9462550739909328,0.30085797736400144,5478,2.221168491575453,0.2363138686131387,1096,2.225366266467903,0.232,0.9641131500602358,0.08280543202093761,,,0.830624894651333,,0.830651416877094,0.16934858312290602,0.9861730595879155,0.1452915464357087,10,0.025,0.15,0.9417911823446152,1.0,0.9471336736814505,0.9515108182410529,0.9400859462657393,0.9390653210822083,0.9276619217435049,0.9266007262397916,0.9137136878943992,0.9049963261430327,0.9094061203218504,0.9066773329099213
4,2,1.9854693726489419,0.28568464730290455,4820,2.2292526066303253,0.22302904564315354,964,2.2253193613849107,0.2319,0.9702945196387044,0.0838583098474936,,,0.8991054590802673,,0.8991351850934958,0.10086481490650423,0.9862867897208994,0.14531681055512052,10,0.025,0.15,0.9293031238024873,0.9471336736814505,1.0,0.9536917469286035,0.9433690493435549,0.9437243140251375,0.9405331196160172,0.9343694937725243,0.9291054709007864,0.920135557075685,0.9163061452039142,0.9211827448514698
4,3,1.9915559826578413,0.29058102587380846,4406,2.2200664452144077,0.24971623155505107,881,2.2253014679196514,0.2323,0.9798862570174861,0.08479455376368893,,,0.9599999999349587,,0.9600270667260814,0.0399729332739186,0.9863450905539124,0.14532490906137968,10,0.025,0.15,0.9240433944592981,0.9515108182410529,0.9536917469286035,1.0,0.9561498956463276,0.9542911729495878,0.9516279691158976,0.9498238173046606,0.9428807931246943,0.9333180843760679,0.9385987781906092,0.9333335189524089
4,4,1.9946612188310333,0.2782344357976654,4112,2.228566884994507,0.22992700729927007,822,2.225301464901695,0.2323,0.9760984499312987,0.08448648053598684,,,0.9399625103171063,,0.9399993398359492,0.06000066016405081,0.9863495292327242,0.1453237996875001,10,0.025,0.15,0.9046999987648119,0.9400859462657393,0.9433690493435549,0.9561498956463276,1.0,0.9489251432816745,0.9518475770900996,0.9495344904332194,0.9423737357363692,0.9354794821663897,0.9333523333098354,0.9386698020167664
4,5,1.9955459925436205,0.2912831061969658,3889,2.231658254350935,0.2506426735218509,778,2.225317776957645,0.2322,0.9774219211298872,0.08442078342942821,,,0.935689483736996,,0.9357165255566008,0.06428347444339921,0.986335262029097,0.14532267030941376,10,0.025,0.15,0.8995380818099744,0.9390653210822083,0.9437243140251375,0.9542911729495878,0.9489251432816745,1.0,0.9536710672115569,0.9507694820411811,0.947129287253106,0.9376852411181543,0.9424725447260063,0.9425469409030645
4,6,2.026960959927789,0.270439234707626,3711,2.228099822998047,0.2223719676549865,742,2.225332628322553,0.2328,0.9787377808295932,0.08422425794045625,,,0.9229072063729692,,0.9229506032249014,0.07704939677509859,0.9862933443918136,0.14532133969749128,10,0.025,0.15,0.8907063464805888,0.9276619217435049,0.9405331196160172,0.9516279691158976,0.9518475770900996,0.9536710672115569,1.0,0.9572406951613558,0.9559163185876935,0.9391194529794369,0.9504902844121708,0.9561843139265215
4,7,2.0135134692702974,0.2729517396184063,3564,2.222946286201477,0.2314165497896213,713,2.225369667705101,0.2334,0.9778521720966118,0.083921007323249,,,0.9031833857111701,,0.9032199501576141,0.09678004984238586,0.9862896008844739,0.1453181011712399,10,0.025,0.15,0.8789591814542498,0.9266007262397916,0.9343694937725243,0.9498238173046606,0.9495344904332194,0.9507694820411811,0.9572406951613558,1.0,0.9550437782184836,0.9462065461542133,0.9560351483591524,0.9599742520872155
4,8,2.0189730917965925,0.2804417320546353,3441,2.2276713450749717,0.23546511627906977,688,2.2254073438765127,0.2331,0.9714853828296379,0.08335146354522106,,,0.8661395061625613,,0.8661682428083378,0.13383175719166218,0.986245045173125,0.1453069768891483,10,0.025,0.15,0.8622218383369721,0.9137136878943992,0.9291054709007864,0.9428807931246943,0.9423737357363692,0.947129287253106,0.9559163185876935,0.9550437782184836,1.0,0.9425588912479496,0.944898749844586,0.9542851963813569
4,9,2.0182100159150584,0.2766046790641872,3334,2.218434969584147,0.22638680659670166,667,2.2253391048576256,0.2328,0.9636445488711955,0.0831661041482864,,,0.8540834861722708,,0.8541285009324817,0.14587149906751828,0.9862368664634618,0.14530233775498358,10,0.025,0.15,0.8573138937507342,0.9049963261430327,0.920135557075685,0.9333180843760679,0.9354794821663897,0.9376852411181543,0.9391194529794369,0.9462065461542133,0.9425588912479496,1.0,0.9380502151530975,0.9443274292821382
4,10,2.029255822988657,0.2814563406356063,3241,2.2302143573760986,0.22993827160493827,648,2.22542307346682,0.2332,0.9668924243606997,0.08296317581331535,,,0.8408847592478961,,0.8409252199171494,0.1590747800828506,0.9861447534139673,0.14529682255612883,10,0.025,0.15,0.8505230901320958,0.9094061203218504,0.9163061452039142,0.9385987781906092,0.9333523333098354,0.9424725447260063,0.9504902844121708,0.9560351483591524,0.944898749844586,0.9380502151530975,1.0,0.956718158814245
4,11,2.042589896202087,0.26141183918961697,3159,2.2187972545623778,0.2468354430379747,632,2.225564437576487,0.2318,0.9691334391833267,0.08274882082107675,,,0.8269428274430681,,0.8269875063953392,0.17301249360466076,0.9861232276433043,0.14528982795919593,10,0.025,0.15,0.8490523199075226,0.9066773329099213,0.9211827448514698,0.9333335189524089,0.9386698020167664,0.9425469409030645,0.9561843139265215,0.9599742520872155,0.9542851963813569,0.9443274292821382,0.956718158814245,1.0
5,0,1.8707992213743705,0.32644265887509133,6845,2.1942097707228227,0.25931336742147554,1369,2.1938212400750268,0.2675,0.9294829863972879,0.07962228780055151,,,0.6,,0.6000148536911423,0.39998514630885773,0.9861073082080534,0.14429646465000845,10,0.025,0.15,1.0,0.9373933617169049,0.9263742815568152,0.923706768161208,0.9000281893492712,0.8995603392301934,0.8933281842940124,0.8747837056999965,0.8616282377231677,0.8520152000413923,0.8544622207757621,0.853180834746582
5,1,1.9044722881428031,0.3124315443592552,5478,2.1872665882110596,0.2782846715328467,1096,2.1927285948886146,0.2658,0.9603014562253777,0.0828324333877031,,,0.8307267921189964,,0.8307586935353435,0.16924130646465652,0.9886255161343702,0.14483804969624864,10,0.025,0.15,0.9373933617169049,1.0,0.9396163559150359,0.943740653276565,0.9327651854630872,0.9316135795845734,0.9215675977417301,0.9157410283763283,0.9055521517140365,0.8888172090277979,0.9071888777118081,0.905743815885228
5,2,1.9455194206614244,0.30068464730290456,4820,2.1989161670207977,0.25,964,2.1926369606694087,0.2651,0.9693057782188153,0.08378083948732573,,,0.8988927649857232,,0.8989206317769965,0.10107936822300345,0.988872631807629,0.14486132090894915,10,0.025,0.15,0.9263742815568152,0.9396163559150359,1.0,0.949891034891371,0.9361438829526455,0.9403365966783338,0.9385615756600038,0.928446179839977,0.9256389837689692,0.9119455044867357,0.9140117658868389,0.9214709876448104
5,3,1.9487438440322875,0.30565138447571494,4406,2.185868501663208,0.2814982973893303,881,2.1926095063173316,0.2661,0.9775221980419412,0.08463103602840284,,,0.9599999999281257,,0.9600270667260814,0.0399729332739186,0.9890171487464939,0.1448687496839402,10,0.025,0.15,0.923706768161208,0.943740653276565,0.949891034891371,1.0,0.9503980728351242,0.9514358944122723,0.9475979600518577,0.9425801762698338,0.937127095176521,0.91572238955496,0.9347397472353535,0.9296709607684075
5,4,1.9552643924048452,0.2958900778210117,4112,2.196590389524187,0.26763990267639903,822,2.192609415778631,0.2661,0.973794963887309,0.08431781173850238,,,0.9374872404097605,,0.9375072205443052,0.06249277945569476,0.9889833301642706,0.14486646550733806,10,0.025,0.15,0.9000281893492712,0.9327651854630872,0.9361438829526455,0.9503980728351242,1.0,0.9449509664673355,0.9442795324489817,0.9431469005346254,0.9369782164700674,0.9235951754553013,0.9334779376905694,0.9368695077757394
5,5,1.9544694439057382,0.3066855232707637,3889,2.201338563646589,0.2853470437017995,778,2.1926292045206965,0.2654,0.974578697384108,0.08430262522549867,,,0.9363957212453825,,0.9364179498605404,0.06358205013945961,0.9889656206108896,0.14486640182572968,10,0.025,0.15,0.8995603392301934,0.9316135795845734,0.9403365966783338,0.9514358944122723,0.9449509664673355,1.0,0.9474704191925764,0.944745150628521,0.9395904245022004,0.9200236849673831,0.935332150229818,0.9365791687419085
5,6,1.9848502183782644,0.2831312314739962,3711,2.195746580759684,0.25067385444743934,742,2.192644502543196,0.265,0.9751836522520553,0.0842003262659064,,,0.929043060706152,,0.9290818768463963,0.07091812315360368,0.988959841326339,0.1448657211680059,10,0.025,0.15,0.8933281842940124,0.9215675977417301,0.9385615756600038,0.9475979600518577,0.9442795324489817,0.9474704191925764,1.0,0.947438547177661,0.9488435021553482,0.9210182739293685,0.9406169248712715,0.9478539064189547
5,7,1.9707625005926406,0.288692480359147,3564,2.1895593802134194,0.2552594670406732,713,2.192699728132803,0.2656,0.9733246069178672,0.08395117532216785,,,0.9111355246017774,,0.9111914310706211,0.08880856892937894,0.9888828947140852,0.14486350782961332,10,0.025,0.15,0.8747837056999965,0.9157410283763283,0.928446179839977,0.9425801762698338,0.9431469005346254,0.944745150628521,0.947438547177661,1.0,0.9489877800974645,0.9283119087178007,0.94837265058326,0.9540199851265787
5,8,1.972684598410571,0.2963092124382447,3441,2.1960527102152505,0.26598837209302323,688,2.1927639955206764,0.2659,0.9679964534829552,0.08342319194054645,,,0.8731871173951941,,0.873207241999637,0.12679275800036305,0.9887428311451654,0.14485409552649767,10,0.025,0.15,0.8616282377231677,0.9055521517140365,0.9256389837689692,0.937127095176521,0.9369782164700674,0.9395904245022004,0.9488435021553482,0.9489877800974645,1.0,0.9258668995845435,0.9376386921189926,0.946759571178049
5,9,1.9848819260244017,0.2864127174565087,3334,2.182941953341166,0.2563718140929535,667,2.192692174187189,0.2658,0.9530065180446662,0.08281797737089526,,,0.8296877768175591,,0.8297354392566553,0.17026456074334473,0.9886540853628561,0.1448376167464614,10,0.025,0.15,0.8520152000413923,0.8888172090277979,0.9119455044867357,0.91572238955496,0.9235951754553013,0.9200236849673831,0.9210182739293685,0.9283119087178007,0.9258668995845435,1.0,0.9228652899376383,0.9314649883694117
5,10,1.9862013179522293,0.29814871953100897,3241,2.199742873509725,0.24845679012345678,648,2.1927917758120765,0.2659,0.9647970637956208,0.08307739735725213,,,0.8483333926124441,,0.8483850736908122,0.15161492630918783,0.988696664637946,0.14484637014371227,10,0.025,0.15,0.8544622207757621,0.9071888777118081,0.9140117658868389,0.9347397472353535,0.9334779376905694,0.935332150229818,0.9406169248712715,0.94837265058326,0.9376386921189926,0.9228652899376383,1.0,0.9490982527697391
5,11,1.999280818939209,0.2830326052548275,3159,2.1850499629974367,0.28164556962025317,632,2.192966693564306,0.2648,0.9678145753507847,0.08304289807524759,,,0.8458537827470303,,0.8459012064498028,0.15409879355019718,0.9886472233498469,0.1448453686250824,10,0.025,0.15,0.853180834746582,0.905743815885228,0.9214709876448104,0.9296709607684075,0.9368695077757394,0.9365791687419085,0.9478539064189547,0.9540199851265787,0.946759571178049,0.9314649883694117,0.9490982527697391,1.0
6,0,1.8337857487025084,0.33945945945945943,6845,2.158380551771684,0.28341855368882396,1369,2.1576294627370713,0.2903,0.9348579646928316,0.0800688626126328,,,0.6,,0.6000148536911423,0.39998514630885773,0.9868614264395554,0.1440423774239043,10,0.025,0.15,1.0,0.9360833160001625,0.9270012450096019,0.9257862936711015,0.9020294280064903,0.9045838567962061,0.8975652972900132,0.8809285629110152,0.8701242887336844,0.8575132238644135,0.8620825027212282,0.8578482119750032
6,1,1.8715320972509162,0.32433369843008397,5478,2.1489964856041803,0.3102189781021898,1096,2.1559036049661757,0.2901,0.9596433000771155,0.08287484664922583,,,0.8289201016929315,,0.8289679985476391,0.17103200145236086,0.9898545773959924,0.14461442048958598,10,0.025,0.15,0.9360833160001625,1.0,0.9379865118962144,0.941174580813623,0.9295542959729994,0.929849151366779,0.9178044306472755,0.9132286431370426,0.903918558908794,0.8881235142841617,0.9044827535018253,0.902756822254292
6,2,1.9081892459016097,0.31155601659751037,4820,2.1648257076740265,0.279045643153527,964,2.1557875041720234,0.29,0.9693515263842153,0.08378188657880678,,,0.9029189805929458,,0.9029641365879421,0.09703586341205794,0.9899818063417897,0.1446392815414656,10,0.025,0.15,0.9270012450096019,0.9379865118962144,1.0,0.946232789606046,0.9355283416544874,0.9399396251004748,0.9354227881454228,0.9246994816762938,0.921912056228741,0.9117611198080476,0.913154303298627,0.9222403263191096
6,3,1.9102706708226884,0.318338629142079,4406,2.1472866535186768,0.2985244040862656,881,2.1557547985752925,0.29,0.9745864837717462,0.0844815561483869,,,0.9599999999184171,,0.9600270667260814,0.0399729332739186,0.9900349434771941,0.14464482478979543,10,0.025,0.15,0.9257862936711015,0.941174580813623,0.946232789606046,1.0,0.946568184805512,0.9452996110267786,0.9401088919582278,0.9335945723883794,0.9303194743702202,0.9122935820459316,0.9292625412073466,0.9249773123295074
6,4,1.9147359494006995,0.3085603112840467,4112,2.16020553452628,0.2761557177615572,822,2.1557555228849,0.2903,0.9723316242803224,0.08421311648705612,,,0.9380999342840914,,0.9381508804938027,0.061849119506197314,0.9900119823778433,0.14464370852863898,10,0.025,0.15,0.9020294280064903,0.9295542959729994,0.9355283416544874,0.946568184805512,1.0,0.9422718280806113,0.9401464589789391,0.9378971599571565,0.9333018263707225,0.9169488364135517,0.9295799555362023,0.9348936804890243
6,5,1.913606257207932,0.3187194651581383,3889,2.1671805381774902,0.3033419023136247,778,2.155779464335381,0.2899,0.9735284906061217,0.08424282964939273,,,0.9405240179763039,,0.94057698338037,0.05942301661963001,0.9900097593613464,0.14464390566754787,10,0.025,0.15,0.9045838567962061,0.929849151366779,0.9399396251004748,0.9452996110267786,0.9422718280806113,1.0,0.9428806535934224,0.9373087248220944,0.933991524215511,0.9202993495535235,0.9321293512581452,0.934139211658637
6,6,1.9481663716250452,0.2992993802209647,3711,2.1592684189478555,0.2803234501347709,742,2.1557973366749437,0.2893,0.9716908718301713,0.0841191353210724,,,0.9304326853640528,,0.9304682213530062,0.06953177864699378,0.9900046713286942,0.14464300193532592,10,0.025,0.15,0.8975652972900132,0.9178044306472755,0.9354227881454228,0.9401088919582278,0.9401464589789391,0.9428806535934224,1.0,0.9353900581056643,0.9401696301777855,0.9173415237492041,0.9333965628362364,0.9410349187215581
6,7,1.9324476880686623,0.29929854096520764,3564,2.15215269724528,0.26928471248246844,713,2.1558606896219374,0.2897,0.9688910508976851,0.08387269234427379,,,0.910327171371626,,0.910382730108432,0.08961726989156804,0.9900052195297028,0.14464048468252802,10,0.025,0.15,0.8809285629110152,0.9132286431370426,0.9246994816762938,0.9335945723883794,0.9378971599571565,0.9373087248220944,0.9353900581056643,1.0,0.940580441227626,0.91986683692404,0.9393326804914564,0.9457606480226223
6,8,1.937895808396516,0.3041557686718977,3441,2.160580039024353,0.2921511627906977,688,2.155942669397668,0.2907,0.9656589645786646,0.08343880621464733,,,0.8749295156394716,,0.8749566767341684,0.12504332326583156,0.9899507186726781,0.144632096982546,10,0.025,0.15,0.8701242887336844,0.903918558908794,0.921912056228741,0.9303194743702202,0.9333018263707225,0.933991524215511,0.9401696301777855,0.940580441227626,1.0,0.9241031845390022,0.9320856476310598,0.9406151744393954
6,9,1.9353920888017726,0.3032993401319736,3334,2.1433657010396323,0.2893553223388306,667,2.1558600347253343,0.2896,0.9515863866928003,0.08260230303242441,,,0.8066852237819035,,0.8067204700368041,0.19327952996319586,0.989816312344188,0.14459895007922008,10,0.025,0.15,0.8575132238644135,0.8881235142841617,0.9117611198080476,0.9122935820459316,0.9169488364135517,0.9202993495535235,0.9173415237492041,0.91986683692404,0.9241031845390022,1.0,0.9161370968290923,0.924760084833755
