round,client_id,client_i_training_loss,client_i_training_accuracy,client_i_training_dataset_size,client_i_evaluation_loss,client_i_evaluation_accuracy,client_i_evaluation_dataset_size,client_i_central_evaluation_loss,client_i_central_evaluation_accuracy,client_i_cosine_similarity,client_i_importance_coefficient,client_i_tanh_val,tanh_normalization_value,client_i_q,client_i_mask_order,client_i_v_nonzero_fraction,client_i_v_sparsity,client_i_v_cosine_similarity,client_i_reward_gradient_norm,local_epochs,learning_rate,gamma,client_0_cosine_similarity,client_1_cosine_similarity,client_2_cosine_similarity,client_3_cosine_similarity,client_4_cosine_similarity,client_5_cosine_similarity,client_6_cosine_similarity,client_7_cosine_similarity,client_8_cosine_similarity,client_9_cosine_similarity,client_10_cosine_similarity,client_11_cosine_similarity
0,0,2.284131241727758,0.14921840759678598,6845,2.298831809650768,0.10883856829802775,1369,2.2989328058460092,0.1103,0.8768956457671375,0.08112328749865837,,,0.6497796609048972,,0.6498077272202142,0.3501922727797858,0,0.13500077130733926,10,0.025,0.15,1.0,0.9058885563051716,0.7975354841487822,0.8470947189595323,0.7363802609310841,0.7376455633767656,0.7051188279421969,0.6967235799988482,0.7009209706148908,0.7317641710692683,0.7008558165951079,0.6526168112772462
0,1,2.2913742270580557,0.12960934647681635,5478,2.299457656012641,0.11222627737226278,1096,2.2989063625094257,0.1106,0.9139312104662228,0.08454951817646117,,,0.803199134652257,,0.8032381046690102,0.19676189533098976,0,0.13530099360807532,10,0.025,0.15,0.9058885563051716,1.0,0.8065459727956308,0.887236453737707,0.8288811660866686,0.8011365074157051,0.7071887973281026,0.7300597560379397,0.7410866653771426,0.787544879564707,0.797746674591591,0.7119399549652743
0,2,2.2975930195105705,0.14134854771784233,4820,2.2975686490535736,0.12033195020746888,964,2.2989036403124845,0.1104,0.9337074535179557,0.08637905611347027,,,0.885122032989262,,0.8851727154197818,0.11482728458021818,0,0.13534196265886114,10,0.025,0.15,0.7975354841487822,0.8065459727956308,1.0,0.8638070991409676,0.8577756066083274,0.8916267291958738,0.8892972291708916,0.7892111516313781,0.7918283912690836,0.7965885851315417,0.7867352095049113,0.8189600085259915
0,3,2.2980613585880825,0.11112119836586473,4406,2.2990016596657887,0.12372304199772985,881,2.2989044853403597,0.1104,0.9590250656580718,0.08872123666635165,,,0.989999999955222,,0.9900232707827895,0.00997672921721049,0,0.135358367193203,10,0.025,0.15,0.8470947189595323,0.887236453737707,0.8638070991409676,1.0,0.8667391923455934,0.8518771029975294,0.8481837599015973,0.8390755402135478,0.8290969073778546,0.8692260266083355,0.8717721046815528,0.775911610021501
0,4,2.2991189494277493,0.12983949416342414,4112,2.299196924482073,0.12165450121654502,822,2.2989043465143517,0.1106,0.926066618456575,0.08567218789898398,,,0.8534699465790241,,0.853509597134888,0.14649040286511195,0,0.1353309368407868,10,0.025,0.15,0.7363802609310841,0.8288811660866686,0.8577756066083274,0.8667391923455934,1.0,0.8901031453503914,0.8077025257471295,0.8112135860318589,0.7970488954359749,0.8064746308432356,0.8379841062589266,0.8356000975965014
0,5,2.299328554061151,0.12067369503728465,3889,2.2970949581691196,0.13110539845758354,778,2.298904551735407,0.1105,0.923288827372108,0.08541520915146233,,,0.8419629734891941,,0.8420062385502798,0.15799376144972022,0,0.1353253846649827,10,0.025,0.15,0.7376455633767656,0.8011365074157051,0.8916267291958738,0.8518771029975294,0.8901031453503914,1.0,0.8417079540256983,0.8233846966651668,0.7686572566464597,0.8029762297807449,0.8224884625384441,0.8149693455712586
0,6,2.300023374886348,0.10724872002155753,3711,2.2992215951283774,0.09164420485175202,742,2.2989177794396123,0.1104,0.889577220947317,0.0822964841888729,,,0.702312965209523,,0.7023567856612368,0.2976432143387632,0,0.13516019834079673,10,0.025,0.15,0.7051188279421969,0.7071887973281026,0.8892972291708916,0.8481837599015973,0.8077025257471295,0.8417079540256983,1.0,0.844614724757353,0.7305013280172603,0.7659228811967134,0.816412179627282,0.7547002068042623
0,7,2.2999445625713895,0.1101290684624018,3564,2.2977843284606934,0.11921458625525946,713,2.2989376617383352,0.1103,0.8727670187562283,0.08074134034497202,,,0.6326768628657881,,0.632725982406628,0.36727401759337197,0,0.13494614668187768,10,0.025,0.15,0.6967235799988482,0.7300597560379397,0.7892111516313781,0.8390755402135478,0.8112135860318589,0.8233846966651668,0.844614724757353,1.0,0.6604502670516973,0.7111740105595543,0.8941271542662927,0.7381203877706825
0,8,2.299042918063976,0.11014240046498111,3441,2.298569083213806,0.09011627906976744,688,2.29894562612606,0.1103,0.8648788019655625,0.08001158637521533,,,0.6,,0.6000148536911423,0.39998514630885773,0,0.13476360627274905,10,0.025,0.15,0.7009209706148908,0.7410866653771426,0.7918283912690836,0.8290969073778546,0.7970488954359749,0.7686572566464597,0.7305013280172603,0.6604502670516973,1.0,0.8967764182312847,0.7016303759688237,0.84185747147195
0,9,2.2994178842615196,0.10602879424115177,3334,2.3002846240997314,0.09895052473763119,667,2.2989169374296936,0.1105,0.8905622241549603,0.08238760871296705,,,0.7063933316082522,,0.7064332986747207,0.2935667013252793,0,0.13516784962375647,10,0.025,0.15,0.7317641710692683,0.787544879564707,0.7965885851315417,0.8692260266083355,0.8064746308432356,0.8029762297807449,0.7659228811967134,0.7111740105595543,0.8967764182312847,1.0,0.7510120398770038,0.7975378696009002
0,10,2.300078539664929,0.11252699784017278,3241,2.299126664797465,0.08487654320987655,648,2.298915048188801,0.1105,0.8934450255620424,0.08265430216557698,,,0.7183353089585693,,0.7183822679935964,0.2816177320064036,0,0.13518936399302836,10,0.025,0.15,0.7008558165951079,0.797746674591591,0.7867352095049113,0.8717721046815528,0.8379841062589266,0.8224884625384441,0.816412179627282,0.8941271542662927,0.7016303759688237,0.7510120398770038,1.0,0.7886174764674201
0,11,2.300288173675537,0.1264957264957265,3159,2.2992960929870607,0.10759493670886076,632,2.2989497124394283,0.1103,0.8652743870680595,0.080048182707008,,,0.6016387075164235,,0.6016817679193279,0.3983182320806721,0,0.13480838436223502,10,0.025,0.15,0.6526168112772462,0.7119399549652743,0.8189600085259915,0.775911610021501,0.8356000975965014,0.8149693455712586,0.7547002068042623,0.7381203877706825,0.84185747147195,0.7975378696009002,0.7886174764674201,1.0
1,0,2.1545559655736994,0.21839298758217676,6845,2.2909136685458096,0.17238860482103727,1369,2.291027355797683,0.1641,0.8987031521386709,0.07977460194420713,,,0.6,,0.6000148536911423,0.39998514630885773,0.8150276935714045,0.1441973400787792,10,0.025,0.15,1.0,0.9568933813566246,0.911136633080932,0.897307060634217,0.8641074908478878,0.8593175422975403,0.828445578057853,0.8319927968217862,0.8254922831428204,0.8275032108080321,0.7940927628215494,0.8121236151051103
1,1,2.194584433976994,0.21664841182913472,5478,2.291538053088718,0.15784671532846714,1096,2.290907063061678,0.1664,0.94750497463963,0.08349844361793361,,,0.7929779776462126,,0.7930220659833969,0.20697793401660314,0.8191848028722262,0.14476814539304136,10,0.025,0.15,0.9568933813566246,1.0,0.9530936404775727,0.9470923978840963,0.9184797320504985,0.9169510115627739,0.8820533108330625,0.8893690300677779,0.8848758387899034,0.8883335419287935,0.8626029684980265,0.8732653292902568
1,2,2.244076867480027,0.19798755186721992,4820,2.2901903688907623,0.1825726141078838,964,2.290886121460154,0.1686,0.9759131134694047,0.08556369620567582,,,0.9000040820380963,,0.9000676668152036,0.09993233318479644,0.8208986128766929,0.1448606722194881,10,0.025,0.15,0.911136633080932,0.9530936404775727,1.0,0.9760323909262935,0.9569888324813391,0.9566848656517195,0.9390383566597306,0.9323207361818305,0.9332344391368885,0.9225833907404276,0.9019332670043324,0.9195303164734794
1,3,2.2477264377049035,0.19809350885156604,4406,2.290741273335048,0.19182746878547105,881,2.290881503986407,0.1678,0.9845294203265943,0.08730032208219539,,,0.9899999999481777,,0.9900232707827895,0.00997672921721049,0.8214818599190518,0.1448743702623295,10,0.025,0.15,0.897307060634217,0.9470923978840963,0.9760323909262935,1.0,0.967734833336171,0.9664666301377433,0.9498337648236925,0.9483520600537448,0.9492415030968667,0.9427026647020232,0.9292399767526135,0.9290338551744266
1,4,2.258340092861291,0.1930204280155642,4112,2.291609082903181,0.1630170316301703,822,2.2908881736707083,0.1682,0.9774881150440798,0.08517609388014134,,,0.8799176445720911,,0.8799574194187255,0.12004258058127448,0.8206314922001182,0.1448527099073662,10,0.025,0.15,0.8641074908478878,0.9184797320504985,0.9569888324813391,0.967734833336171,1.0,0.9628479749296883,0.9482281365481172,0.9533673849331015,0.9408298501863287,0.9463264803103264,0.9320770622429845,0.9319239448031801
1,5,2.264192650395055,0.18634610439701724,3889,2.2892079012734547,0.17480719794344474,778,2.290888466412508,0.1683,0.9842539512771148,0.08523766433721344,,,0.8831083662325628,,0.8831427109636745,0.11685728903632553,0.8206030659611904,0.1448537274993796,10,0.025,0.15,0.8593175422975403,0.9169510115627739,0.9566848656517195,0.9664666301377433,0.9628479749296883,1.0,0.9665965851882211,0.9653256861273509,0.957743694652065,0.948745604119835,0.9495851273416128,0.9534594430277713
1,6,2.2774756415136928,0.1635408245755861,3711,2.2908796469370523,0.1509433962264151,742,2.290931164463864,0.1664,0.9749045398867333,0.08299469340826031,,,0.7668724916403244,,0.7669208298262118,0.2330791701737882,0.8179900133738518,0.14473756013696254,10,0.025,0.15,0.828445578057853,0.8820533108330625,0.9390383566597306,0.9498337648236925,0.9482281365481172,0.9665965851882211,1.0,0.9718762158746009,0.956719981255942,0.9456107162237265,0.9587216184180697,0.9514339989460936
1,7,2.276941108703613,0.15283389450056117,3564,2.2898569107055664,0.17110799438990182,713,2.2909713817548147,0.1655,0.9752496592854193,0.08203994614265793,,,0.7173953084992855,,0.7174332821706194,0.2825667178293806,0.8174284233213659,0.14464637803821748,10,0.025,0.15,0.8319927968217862,0.8893690300677779,0.9323207361818305,0.9483520600537448,0.9533673849331015,0.9653256861273509,0.9718762158746009,1.0,0.9482720624504645,0.9442020793865855,0.9687512096093228,0.9491071646343805
1,8,2.2792423990037705,0.18590526009880848,3441,2.2899925311406455,0.17732558139534885,688,2.2910034777242925,0.1655,0.9728713512945147,0.08150887845189392,,,0.6898741682531895,,0.6899044412536516,0.3100955587463484,0.8147072632701847,0.14457374078927376,10,0.025,0.15,0.8254922831428204,0.8848758387899034,0.9332344391368885,0.9492415030968667,0.9408298501863287,0.957743694652065,0.956719981255942,0.9482720624504645,1.0,0.9704784582940864,0.9449299858891433,0.9648880431916336
1,9,2.278227934130916,0.18179364127174566,3334,2.2915616830190024,0.15442278860569716,667,2.290931282164175,0.1663,0.9688309871810135,0.0828527303985079,,,0.7595156443511719,,0.7595517486095295,0.24044825139047055,0.8180270466082353,0.1447277223167492,10,0.025,0.15,0.8275032108080321,0.8883335419287935,0.9225833907404276,0.9427026647020232,0.9463264803103264,0.948745604119835,0.9456107162237265,0.9442020793865855,0.9704784582940864,1.0,0.9387014708229918,0.9539894084579069
1,10,2.27643662416018,0.1691144708423326,3241,2.2916361888249717,0.1404320987654321,648,2.2909287078471126,0.1664,0.9607945289878228,0.08275565297686224,,,0.7544848707185373,,0.7545345018237032,0.24546549817629681,0.8181362889099151,0.14472068869733734,10,0.025,0.15,0.7940927628215494,0.8626029684980265,0.9019332670043324,0.9292399767526135,0.9320770622429845,0.9495851273416128,0.9587216184180697,0.9687512096093228,0.9449299858891433,0.9387014708229918,1.0,0.9567124816775239
1,11,2.2827030191421507,0.1555872111427667,3159,2.2912148952484133,0.15981012658227847,632,2.2910140405727337,0.1651,0.9657038071615418,0.08129727655445107,,,0.6789084748074317,,0.6789539700615603,0.32104602993843967,0.8151714664513551,0.1445191390803498,10,0.025,0.15,0.8121236151051103,0.8732653292902568,0.9195303164734794,0.9290338551744266,0.9319239448031801,0.9534594430277713,0.9514339989460936,0.9491071646343805,0.9648880431916336,0.9539894084579069,0.9567124816775239,1.0
2,0,2.047919210239693,0.25944485025566105,6845,2.2786318388852207,0.21037253469685901,1369,2.2788504316836975,0.2143,0.9015822594384056,0.07885278144903703,,,0.6,,0.6000148536911423,0.39998514630885773,0.93429089861858,0.1450899235309033,10,0.025,0.15,1.0,0.9541587597736846,0.9198933469101562,0.9029956153812245,0.8803924092194272,0.8769093311851323,0.8484521622341304,0.8470942948490069,0.831205398110399,0.8283580650470264,0.8132615485220256,0.8083942496134879
2,1,2.091153017310209,0.256425702811245,5478,2.2792242897881403,0.21897810218978103,1096,2.278539512730852,0.2222,0.9559307122412717,0.08293361465522629,,,0.8146896471718758,,0.8147497153042531,0.1852502846957469,0.9387765557361456,0.14568768713716268,10,0.025,0.15,0.9541587597736846,1.0,0.9608706381191905,0.9533591054501989,0.9396807550371966,0.9369282749696906,0.9110640848297832,0.9157577948219243,0.9019843584094852,0.8989057006870037,0.8863177630967851,0.8831761338841084
2,2,2.1431967537654075,0.23012448132780083,4820,2.2787269353866577,0.23443983402489627,964,2.278493470783475,0.2235,0.9803948852060573,0.08501165048978881,,,0.9240135909822004,,0.9240563780099355,0.07594362199006455,0.9397306097539211,0.14574247899911996,10,0.025,0.15,0.9198933469101562,0.9608706381191905,1.0,0.97457271957081,0.9675454681328829,0.9628668367433605,0.9564216520105377,0.9552500916232987,0.9440229311865823,0.9370355664015472,0.9256608598454759,0.9218182669548236
2,3,2.148857706955501,0.23767589650476623,4406,2.2778121743883406,0.2224744608399546,881,2.2784817641294457,0.2237,0.9858498233639518,0.08626592396039895,,,0.9899999999473907,,0.9900232707827895,0.00997672921721049,0.9397531371478265,0.1457500733692799,10,0.025,0.15,0.9029956153812245,0.9533591054501989,0.97457271957081,1.0,0.9730550640666137,0.9728307761355313,0.9659137363011975,0.9637585021937448,0.9574764655104001,0.9501687243218538,0.9416280285195304,0.9331464839926316
2,4,2.1585734793634126,0.2313715953307393,4112,2.2798217364719937,0.23114355231143552,822,2.2784962020342863,0.2228,0.9838027119922174,0.08488258486854712,,,0.9172235431448192,,0.9172731923883085,0.08272680761169149,0.9397155101890695,0.14574133611198162,10,0.025,0.15,0.8803924092194272,0.9396807550371966,0.9675454681328829,0.9730550640666137,1.0,0.9680629985785562,0.9660635462752124,0.9712355401401545,0.9584663944342614,0.956889231096635,0.944057563173804,0.9399938646986071
2,5,2.169006150384103,0.2301362818205194,3889,2.2771948405674527,0.23136246786632392,778,2.278497291516654,0.2224,0.9867537242460597,0.0850170078194546,,,0.924295436173517,,0.9243286956808767,0.07567130431912328,0.9397110136941108,0.14574260139917486,10,0.025,0.15,0.8769093311851323,0.9369282749696906,0.9628668367433605,0.9728307761355313,0.9680629985785562,1.0,0.9736212327732408,0.9704364946939288,0.9661895339840015,0.9573358347375344,0.9588007812977338,0.9565348877494165
2,6,2.1999579363855823,0.21015898679601186,3711,2.278310934702555,0.215633423180593,742,2.2785754445232924,0.2205,0.984662686501444,0.08355864103926262,,,0.8475718276193287,,0.8476093809311614,0.15239061906883855,0.9386245211182077,0.14570763620937136,10,0.025,0.15,0.8484521622341304,0.9110640848297832,0.9564216520105377,0.9659137363011975,0.9660635462752124,0.9736212327732408,1.0,0.977506598591958,0.9770498712842298,0.9667971182816545,0.969350733166949,0.9646604484641357
2,7,2.1910302277122224,0.2159090909090909,3564,2.2775846322377524,0.22861150070126227,713,2.2786396968213816,0.2169,0.9839931632940034,0.08294506431091068,,,0.8152920051744996,,0.8153438629499431,0.1846561370500569,0.9380293338952628,0.1456882050571905,10,0.025,0.15,0.8470942948490069,0.9157577948219243,0.9552500916232987,0.9637585021937448,0.9712355401401545,0.9704364946939288,0.977506598591958,1.0,0.9721483076530393,0.965462344066512,0.9699022289621095,0.9606150977898127
2,8,2.202072408022704,0.22519616390584132,3441,2.2771671215693154,0.22965116279069767,688,2.2786984594562387,0.2186,0.9799266418162196,0.0824832665216036,,,0.7909971615869881,,0.7910333217804625,0.20896667821953752,0.9373316842271743,0.14565429689751036,10,0.025,0.15,0.831205398110399,0.9019843584094852,0.9440229311865823,0.9574764655104001,0.9584663944342614,0.9661895339840015,0.9770498712842298,0.9721483076530393,1.0,0.9722500938418936,0.9702956063966421,0.9714731814830913
2,9,2.1938730809423657,0.22684463107378525,3334,2.2786451975504556,0.20389805097451275,667,2.2785776959189885,0.2204,0.974555214043572,0.0831409469884626,,,0.8255972494238653,,0.8256506741925368,0.1743493258074632,0.9385846519828152,0.1456946426677182,10,0.025,0.15,0.8283580650470264,0.8989057006870037,0.9370355664015472,0.9501687243218538,0.956889231096635,0.9573358347375344,0.9667971182816545,0.965462344066512,0.9722500938418936,1.0,0.9625393121423355,0.9640169831314421
2,10,2.202289143892435,0.2150879358222771,3241,2.2804469664891562,0.2006172839506173,648,2.2785738148266756,0.2203,0.9708640279665418,0.08296037278857571,,,0.8160973729762657,,0.8161525639121322,0.1838474360878678,0.9384636007230148,0.145688754410071,10,0.025,0.15,0.8132615485220256,0.8863177630967851,0.9256608598454759,0.9416280285195304,0.944057563173804,0.9588007812977338,0.969350733166949,0.9699022289621095,0.9702956063966421,0.9625393121423355,1.0,0.975610206291147
2,11,2.2132913293838503,0.20892687559354226,3159,2.2783315181732178,0.22784810126582278,632,2.2787160179283044,0.2169,0.9675424716497059,0.0819481451087321,,,0.7628448158480706,,0.7628938291165355,0.23710617088346453,0.9367990577653409,0.1456250952995219,10,0.025,0.15,0.8083942496134879,0.8831761338841084,0.9218182669548236,0.9331464839926316,0.9399938646986071,0.9565348877494165,0.9646604484641357,0.9606150977898127,0.9714731814830913,0.9640169831314421,0.975610206291147,1.0
3,0,1.9719796940132424,0.2915120525931337,6845,2.2614611062136563,0.2425127830533236,1369,2.261576386946666,0.2499,0.9098158941837043,0.07858349635671502,,,0.6,,0.6000148536911423,0.39998514630885773,0.9671078575124483,0.14484012914668898,10,0.025,0.15,1.0,0.9509241516210769,0.9271463159972971,0.9143202078231645,0.8909650579391009,0.8836653163772668,0.8612742102266497,0.857869022266455,0.8425570048761711,0.8343991613868207,0.8194658672210781,0.8166237336053157
3,1,2.01684699446656,0.2784958013873676,5478,2.261365466647678,0.2527372262773723,1096,2.260925972009007,0.2544,0.9541991621573414,0.08256221500103424,,,0.8222051319916616,,0.8222508293310887,0.17774917066891127,0.9712665885097437,0.145534042294113,10,0.025,0.15,0.9509241516210769,1.0,0.9583660391915945,0.951281388497325,0.9382038774553874,0.9339010753413415,0.9089470817266071,0.914154294434543,0.9011470777276657,0.8907985277314336,0.8831040621738546,0.8813143021797356
3,2,2.0661227125870556,0.2560165975103734,4820,2.262334555387497,0.241701244813278,964,2.260844514339785,0.2577,0.9759480552765558,0.08456045159574757,,,0.9338034795935487,,0.9338433100625505,0.0661566899374495,0.9718663245695961,0.14558373709218506,10,0.025,0.15,0.9271463159972971,0.9583660391915945,1.0,0.967484805970211,0.9592087097493579,0.9537548182330038,0.9458140130338394,0.9476553496775849,0.9380172947407192,0.9267037111303874,0.9197949448099638,0.919137238754977
3,3,2.07071020092283,0.26452564684521107,4406,2.2594601767403737,0.2576617480136209,881,2.260826189306718,0.2588,0.9829506616893819,0.08556668462583437,,,0.9899999999441516,,0.9900232707827895,0.00997672921721049,0.9718879620208511,0.14558873917940948,10,0.025,0.15,0.9143202078231645,0.951281388497325,0.967484805970211,1.0,0.9644865154087265,0.9651439897223396,0.9575966809759959,0.9568171499016688,0.9539679497687265,0.9417691178802414,0.9386455456450964,0.9320968333931944
3,4,2.0786220005064298,0.2587548638132296,4112,2.2627090385981967,0.2591240875912409,822,2.2608468200587017,0.2562,0.98296147307471,0.08470930125294673,,,0.9421164970953211,,0.9421778812034791,0.05782211879652088,0.9718557842690446,0.14558665070190718,10,0.025,0.15,0.8909650579391009,0.9382038774553874,0.9592087097493579,0.9644865154087265,1.0,0.9629139216601835,0.9608862287637029,0.9651583287315162,0.958284848258783,0.9514309063562983,0.9465482709685727,0.9454864910672681
3,5,2.0868655666228264,0.25960401131396244,3889,2.2602102756500244,0.2634961439588689,778,2.2608490080773076,0.2562,0.9831911582300235,0.08480014545725512,,,0.9471900019629858,,0.9472363882424782,0.052763611757521756,0.9718638372067556,0.1455871094987648,10,0.025,0.15,0.8836653163772668,0.9339010753413415,0.9537548182330038,0.9651439897223396,0.9629139216601835,1.0,0.9655388246209772,0.9642354643853822,0.9624026651865173,0.9501385595364681,0.9512245706532189,0.9531127085239846
3,6,2.118009189079548,0.24217192131500942,3711,2.2604183355967202,0.24258760107816713,742,2.2609609229655208,0.2513,0.9826138096592122,0.08387704727641253,,,0.8956364312152136,,0.8956858279282401,0.10431417207175986,0.9715997891888103,0.1455756235714749,10,0.025,0.15,0.8612742102266497,0.9089470817266071,0.9458140130338394,0.9575966809759959,0.9608862287637029,0.9655388246209772,1.0,0.9699877656666158,0.9754045849276002,0.9609833632757373,0.9667529222550928,0.9663383269165425
3,7,2.1042574524879454,0.2505050505050505,3564,2.2600160042444863,0.25245441795231416,713,2.261057062994076,0.2479,0.9826608067748207,0.08349813415839002,,,0.8744747339628138,,0.8745028139492664,0.12549718605073357,0.9713890645910431,0.14556336941651343,10,0.025,0.15,0.857869022266455,0.914154294434543,0.9476553496775849,0.9568171499016688,0.9651583287315162,0.9642354643853822,0.9699877656666158,1.0,0.9698484969656946,0.962083131700599,0.9683873901017427,0.9637858661442054
3,8,2.1178353371443572,0.24728276663760534,3441,2.2593373457590737,0.2688953488372093,688,2.2611440254163138,0.2512,0.9793281767327127,0.08310304016793711,,,0.8524093606238242,,0.8524533346536615,0.14754666534633853,0.97119071649513,0.14555336181389716,10,0.025,0.15,0.8425570048761711,0.9011470777276657,0.9380172947407192,0.9539679497687265,0.958284848258783,0.9624026651865173,0.9754045849276002,0.9698484969656946,1.0,0.9648166043086479,0.9667052333587621,0.9678066034761478
3,9,2.115226540742097,0.25401919616076785,3334,2.260313113530477,0.2383808095952024,667,2.260970088500011,0.2512,0.970701457738899,0.08322930830487747,,,0.8594612359996401,,0.8595088379462297,0.14049116205377032,0.9714442225088786,0.1455570397489734,10,0.025,0.15,0.8343991613868207,0.8907985277314336,0.9267037111303874,0.9417691178802414,0.9514309063562983,0.9501385595364681,0.9609833632757373,0.962083131700599,0.9648166043086479,1.0,0.956885845222514,0.9605783028335904
3,10,2.123779920889781,0.24313483492749152,3241,2.264285167058309,0.24382716049382716,648,2.260968787760674,0.2512,0.969717000952255,0.08308521684167772,,,0.8514139560933597,,0.8514630885775115,0.14853691142248848,0.9713564001630579,0.14555293147954868,10,0.025,0.15,0.8194658672210781,0.8831040621738546,0.9197949448099638,0.9386455456450964,0.9465482709685727,0.9512245706532189,0.9667529222550928,0.9683873901017427,0.9667052333587621,0.956885845222514,1.0,0.9713907774718776
3,11,2.1330695786476137,0.23659385881608103,3159,2.260274791717529,0.2721518987341772,632,2.2611771082576317,0.2494,0.9687171734995088,0.08242495896117237,,,0.8145395996480501,,0.814592926342196,0.18540707365780396,0.9709150555274914,0.14552765601777398,10,0.025,0.15,0.8166237336053157,0.8813143021797356,0.919137238754977,0.9320968333931944,0.9454864910672681,0.9531127085239846,0.9663383269165425,0.9637858661442054,0.9678066034761478,0.9605783028335904,0.9713907774718776,1.0
4,0,1.9115332844080748,0.30989043097151203,6845,2.2392082431099634,0.268809349890431,1369,2.239123769953281,0.2787,0.9179772318318964,0.07873828283592368,,,0.6,,0.6000148536911423,0.39998514630885773,0.9767904495298937,0.14448763590700617,10,0.025,0.15,1.0,0.9467971315046926,0.9275926892629881,0.9184442981505982,0.8975320364339304,0.8923219151793087,0.8769638051087872,0.8672714264952307,0.8506513353780614,0.8405078207594063,0.8301898295218175,0.8277616400843788
4,1,1.959151910626611,0.2994888645491055,5478,2.237921370400323,0.28102189781021897,1096,2.237989513179924,0.2814,0.9554597373663727,0.08243108459189838,,,0.8263602598561053,,0.8264098628509184,0.17359013714908156,0.9799862259980009,0.14525779392922933,10,0.025,0.15,0.9467971315046926,1.0,0.9524395396845942,0.9459863847634375,0.9369184219729523,0.9323717063987048,0.9125263498118102,0.9157442265760987,0.9024757393483318,0.891666538814663,0.8852464627249161,0.885271474293595
4,2,2.003088402434399,0.27495850622406637,4820,2.2410240173339844,0.26348547717842324,964,2.237853038160107,0.2825,0.9736401388934706,0.08426467791888317,,,0.9387553163454423,,0.9388027924939347,0.061197207506065276,0.9803553331739276,0.14531148482715545,10,0.025,0.15,0.9275926892629881,0.9524395396845942,1.0,0.9615093892802236,0.9537634185075621,0.9492539296118203,0.9435634696322946,0.9430407458776693,0.9325342108942629,0.920919320077208,0.9157054878675982,0.915528780304047
4,3,2.006277368068695,0.2843849296413981,4406,2.2357287406921387,0.2883087400681044,881,2.237827319133131,0.2824,0.980120968553371,0.08510067473951703,,,0.9899999999387022,,0.9900232707827895,0.00997672921721049,0.9804344786884416,0.14531427580806522,10,0.025,0.15,0.9184442981505982,0.9459863847634375,0.9615093892802236,1.0,0.9585496169105467,0.9592540577331644,0.9544884882241178,0.9504125290384471,0.9478166535827157,0.9346891752733091,0.9325602920906956,0.926321085803985
4,4,2.0138402458393214,0.27521887159533076,4112,2.2401630197252547,0.29318734793187345,822,2.2378547131260738,0.2828,0.9793362917160789,0.08454305648855552,,,0.9558192828222377,,0.9558515291049826,0.04414847089501739,0.980399284429883,0.14531308747835994,10,0.025,0.15,0.8975320364339304,0.9369184219729523,0.9537634185075621,0.9585496169105467,1.0,0.9587842618678709,0.9551090797269745,0.9567116887772502,0.9470601073277403,0.9398244805956179,0.9387007589714302,0.9373554282334836
4,5,2.0190585255622864,0.2780663409616868,3889,2.238292251314436,0.27249357326478146,778,2.2378574172152748,0.2827,0.9808231743378641,0.08464798113436435,,,0.9622509224444213,,0.962288128599957,0.03771187140004295,0.9804030423915382,0.14531347479456297,10,0.025,0.15,0.8923219151793087,0.9323717063987048,0.9492539296118203,0.9592540577331644,0.9587842618678709,1.0,0.9594950418418617,0.9574083093863003,0.9558125675447984,0.9439623062592623,0.9435113649580132,0.9451816067738807
4,6,2.052818904251888,0.2635408245755861,3711,2.237121899922689,0.2749326145552561,742,2.238009144988241,0.2813,0.9804306790424925,0.08406239537203224,,,0.9263558611633573,,0.9263999603901569,0.07360003960984307,0.9802510343878763,0.14530945093170888,10,0.025,0.15,0.8769638051087872,0.9125263498118102,0.9435634696322946,0.9544884882241178,0.9551090797269745,0.9594950418418617,1.0,0.9600268596358162,0.9670716378352494,0.949337880909801,0.95773531143344,0.956334760553868
4,7,2.0348636912448064,0.2719416386083053,3564,2.236911733945211,0.28330995792426367,713,2.238139173652552,0.2787,0.9795949705430425,0.08379999390213567,,,0.9102712541799716,,0.9103249657539899,0.08967503424601009,0.9802619967750972,0.1453062677929245,10,0.025,0.15,0.8672714264952307,0.9157442265760987,0.9430407458776693,0.9504125290384471,0.9567116887772502,0.9574083093863003,0.9600268596358162,1.0,0.960573236996604,0.9522879733668795,0.9611175012284154,0.9581447700136938
4,8,2.0499861880585,0.26564952048823015,3441,2.236590027809143,0.3008720930232558,688,2.2382606071761892,0.2799,0.9755452185748463,0.08342259120017781,,,0.8871373359978323,,0.88718621577462,0.11281378422538002,0.9801484813653394,0.14529602735798325,10,0.025,0.15,0.8506513353780614,0.9024757393483318,0.9325342108942629,0.9478166535827157,0.9470601073277403,0.9558125675447984,0.9670716378352494,0.960573236996604,1.0,0.9561308798716945,0.9581451451826086,0.9568532821798891
4,9,2.0451720900005763,0.2695260947810438,3334,2.2363669872283936,0.2773613193403298,667,2.23803583881523,0.2813,0.966204773957778,0.08319590702371416,,,0.8732421170068425,,0.8732732584047136,0.1267267415952864,0.9801198546584473,0.14528869964319968,10,0.025,0.15,0.8405078207594063,0.891666538814663,0.920919320077208,0.9346891752733091,0.9398244805956179,0.9439623062592623,0.949337880909801,0.9522879733668795,0.9561308798716945,1.0,0.9489144598847045,0.9484188776625501
4,10,2.061550718545914,0.26214131440913296,3241,2.2428998549779258,0.2700617283950617,648,2.2380350601824026,0.2813,0.9666975629599961,0.08312259356617434,,,0.8687481705682576,,0.8687676387582314,0.13123236124176862,0.9800696988062146,0.1452866663709206,10,0.025,0.15,0.8301898295218175,0.8852464627249161,0.9157054878675982,0.9325602920906956,0.9387007589714302,0.9435113649580132,0.95773531143344,0.9611175012284154,0.9581451451826086,0.9489144598847045,1.0,0.9602249930744439
4,11,2.0665967397689817,0.2541943653054764,3159,2.2369004249572755,0.30854430379746833,632,2.238312359097638,0.279,0.9654067972896725,0.08267076122662363,,,0.8410518866757869,,0.8410820088792065,0.15891799112079352,0.9799558826022853,0.14526992833438943,10,0.025,0.15,0.8277616400843788,0.885271474293595,0.915528780304047,0.926321085803985,0.9373554282334836,0.9451816067738807,0.956334760553868,0.9581447700136938,0.9568532821798891,0.9484188776625501,0.9602249930744439,1.0
5,0,1.863173817705225,0.3285756026296567,6845,2.212058088996194,0.28487947406866326,1369,2.211773286891889,0.2972,0.9302060318983089,0.07925889360613203,,,0.6,,0.6000148536911423,0.39998514630885773,0.9830697442751494,0.14423686318909867,10,0.025,0.15,1.0,0.9457869629503345,0.9303094239032232,0.926905294314672,0.9054552820623838,0.9039393594856895,0.8943073422269329,0.8807942366769161,0.8679338481246359,0.8560514755384628,0.849104080840588,0.8477478363703647
5,1,1.9083499254182328,0.3143665571376415,5478,2.2092311912112765,0.3093065693430657,1096,2.2099642331087135,0.3001,0.9586594450318201,0.08248044940281601,,,0.8275972612211895,,0.8276559224967405,0.17234407750325953,0.9860962136346456,0.14510551405871094,10,0.025,0.15,0.9457869629503345,1.0,0.9482618431277109,0.9464194290413853,0.9356798365293465,0.93332970106663,0.9191608714560083,0.9190213095369857,0.9079585900614492,0.8929620633469706,0.8927170833923911,0.8936497183455719
5,2,1.9494611266412234,0.29317427385892114,4820,2.21504944562912,0.2821576763485477,964,2.209744142580636,0.2994,0.973413453944291,0.08410050351767562,,,0.9420512402432804,,0.9421036127477678,0.05789638725223223,0.9867363766934519,0.1451763174320142,10,0.025,0.15,0.9303094239032232,0.9482618431277109,1.0,0.956472882277837,0.9481735922872395,0.9475150585231389,0.9449126455455673,0.9422663948940778,0.9317593440615699,0.9168066875342137,0.9168265573739387,0.9203233921294164
5,3,1.9517288565635682,0.3024285065819337,4406,2.2068728038242886,0.3087400681044268,881,2.209715019298505,0.2998,0.9783054492583225,0.08477920063328084,,,0.9899999999293517,,0.9900232707827895,0.00997672921721049,0.98678595171286,0.14518018300774982,10,0.025,0.15,0.926905294314672,0.9464194290413853,0.956472882277837,1.0,0.9522300058216764,0.9539760155122229,0.9524060221575693,0.9455018470807292,0.945583973933582,0.9278006044886008,0.9272002914544382,0.9251280860921124
5,4,1.9631552717902443,0.2936284046692607,4112,2.2122858933040073,0.305352798053528,822,2.209749258017238,0.2993,0.9751962002930591,0.08433152583940694,,,0.9583725616871401,,0.9584261689029724,0.041573831097027614,0.9867579262216456,0.14517861884480937,10,0.025,0.15,0.9054552820623838,0.9356798365293465,0.9481735922872395,0.9522300058216764,1.0,0.9512614033375107,0.9477991217689001,0.9482872502532481,0.9399793410022153,0.9298819594654875,0.9304998442150282,0.93353017462648
5,5,1.9659456926007424,0.2980971972229365,3889,2.2114474773406982,0.3033419023136247,778,2.2097546209262897,0.2992,0.9780157611324413,0.08448875856364249,,,0.9694807776141136,,0.9695334290571207,0.0304665709428793,0.9867731520625637,0.14517957473173346,10,0.025,0.15,0.9039393594856895,0.93332970106663,0.9475150585231389,0.9539760155122229,0.9512614033375107,1.0,0.9548138628117865,0.9496710021359781,0.9489126883650031,0.9346022648320362,0.9375092986335696,0.9397912445004251
5,6,1.9978653825562576,0.2817838857450822,3711,2.208709398905436,0.3045822102425876,742,2.2099439433858366,0.3002,0.9784775823538995,0.0841403826522506,,,0.9448686310885608,,0.9449175620141606,0.05508243798583945,0.9867343443049811,0.14517672052176278,10,0.025,0.15,0.8943073422269329,0.9191608714560083,0.9449126455455673,0.9524060221575693,0.9477991217689001,0.9548138628117865,1.0,0.9536219513990387,0.9587291813361916,0.9396253852827802,0.9461444614854456,0.9489810305313281
5,7,1.978400297675814,0.2892536475869809,3564,2.208417812983195,0.2959326788218794,713,2.210116990004914,0.3003,0.9766226616974804,0.08391691927433692,,,0.9290813357548154,,0.9291231370995693,0.07087686290043071,0.9866618324186115,0.1451732437523272,10,0.025,0.15,0.8807942366769161,0.9190213095369857,0.9422663948940778,0.9455018470807292,0.9482872502532481,0.9496710021359781,0.9536219513990387,1.0,0.9530678089710652,0.9425927640343732,0.952315107243024,0.951514537825807
5,8,1.9891007158491347,0.2822144725370532,3441,2.2093013922373452,0.30377906976744184,688,2.2102869402004193,0.3001,0.9727748009332695,0.08355697242162986,,,0.9036517225394745,,0.9036903170437853,0.09630968295621467,0.9865228877211708,0.14516522773517085,10,0.025,0.15,0.8679338481246359,0.9079585900614492,0.9317593440615699,0.945583973933582,0.9399793410022153,0.9489126883650031,0.9587291813361916,0.9530678089710652,1.0,0.9439542265289244,0.9472855232818388,0.9483506075720395
5,9,1.9970160201743796,0.28323335332933414,3334,2.2068784634272256,0.30134932533733133,667,2.2100095960158335,0.3002,0.9614108792507576,0.08304504316532285,,,0.867484819332519,,0.8675133270617749,0.13248667293822514,0.9863817950688117,0.1451432386705029,10,0.025,0.15,0.8560514755384628,0.8929620633469706,0.9168066875342137,0.9278006044886008,0.9298819594654875,0.9346022648320362,0.9396253852827802,0.9425927640343732,0.9439542265289244,1.0,0.93840255110454,0.9392321401016637
5,10,2.007808977823991,0.2861462511570503,3241,2.2168243328730264,0.2839506172839506,648,2.2100097469136686,0.3002,0.9637710740365756,0.08307664041402381,,,0.8697171094806098,,0.8697496327837467,0.13025036721625327,0.9863736472291649,0.1451449671332253,10,0.025,0.15,0.849104080840588,0.8927170833923911,0.9168265573739387,0.9272002914544382,0.9304998442150282,0.9375092986335696,0.9461444614854456,0.952315107243024,0.9472855232818388,0.93840255110454,1.0,0.9509236561479631
5,11,2.011026349544525,0.27347261791706234,3159,2.208308219909668,0.33069620253164556,632,2.210369644285757,0.2994,0.9646439369012336,0.08282471050948212,,,0.8519187040168821,,0.8519664636662211,0.14803353633377891,0.9862825020096643,0.14513122564064015,10,0.025,0.15,0.8477478363703647,0.8936497183455719,0.9203233921294164,0.9251280860921124,0.93353017462648,0.9397912445004251,0.9489810305313281,0.951514537825807,0.9483506075720395,0.9392321401016637,0.9509236561479631,1.0
6,0,1.8203622866559912,0.34258582907231555,6845,2.1809293790297075,0.2943754565376187,1369,2.1803748909431167,0.3086,0.9344842599842964,0.07976474158866721,,,0.6,,0.6000148536911423,0.39998514630885773,0.9860119703781931,0.14394568266077845,10,0.025,0.15,1.0,0.9414180721636896,0.9291167327544438,0.9247937316417943,0.900883651499343,0.9074579367866161,0.9007587089301949,0.8841624090027559,0.8759190829152929,0.8573425673808613,0.863217269861138,0.8565859277589569
6,1,1.8634799036868783,0.3312887915297554,5478,2.17616523636712,0.3166058394160584,1096,2.177556237087974,0.311,0.9590421951839481,0.08256805785800538,,,0.8278235340938906,,0.8278787278638742,0.17212127213612582,0.9900560685898564,0.14489640392893058,10,0.025,0.15,0.9414180721636896,1.0,0.9459337100314567,0.9422024244163921,0.9277785138637031,0.9308936438882721,0.9192741784630861,0.9191506551950706,0.9076213075884442,0.8901180199453366,0.8999242175412817,0.8987533250065692
6,2,1.9036086032265112,0.3066390041493776,4820,2.184729427099228,0.29149377593361,964,2.1772347462328177,0.311,0.9729041420414595,0.0840272164559058,,,0.9464083231928548,,0.9464524434321929,0.053547556567807075,0.9907138941342122,0.14496530110348047,10,0.025,0.15,0.9291167327544438,0.9459337100314567,1.0,0.9531212551828654,0.9422932476515674,0.9445294508337709,0.9423771698082258,0.9389164409428542,0.9288974279882448,0.9093274607051105,0.9235564899914153,0.9234257825912847
6,3,1.9024625771386283,0.31967771221062186,4406,2.1736510821751187,0.3246311010215664,881,2.1771975559524344,0.3111,0.9764196199301459,0.08456360202756942,,,0.9899999999187307,,0.9900232707827895,0.00997672921721049,0.9907512664947138,0.14496649011856463,10,0.025,0.15,0.9247937316417943,0.9422024244163921,0.9531212551828654,1.0,0.9466521279930955,0.9507402186642496,0.9481638393625366,0.9415896349747043,0.940255416744263,0.9175259041790472,0.9300421239688106,0.9263700024388083
6,4,1.9174859455137543,0.3063715953307393,4112,2.1798151901790073,0.3236009732360097,822,2.177237785315212,0.3109,0.9736604857223896,0.0841954062172839,,,0.9600769863596451,,0.9601178392830618,0.039882160716938175,0.9907392193764801,0.1449660862400525,10,0.025,0.15,0.900883651499343,0.9277785138637031,0.9422932476515674,0.9466521279930955,1.0,0.9471526780595908,0.9455182028112898,0.945960816776046,0.9365657904510141,0.9235118034757337,0.935502200308426,0.9368649373100731
6,5,1.913665360404599,0.31504242735921834,3889,2.1805039133344377,0.31362467866323906,778,2.17724480508249,0.3109,0.9763109588479366,0.08437968118528628,,,0.9750528829127848,,0.975103563235464,0.024896436764536012,0.9907508077204761,0.14496641150244632,10,0.025,0.15,0.9074579367866161,0.9308936438882721,0.9445294508337709,0.9507402186642496,0.9471526780595908,1.0,0.9520163051096168,0.944915406600643,0.9439957701150762,0.9244016242764241,0.9363619944307047,0.9370507275105194
6,6,1.948719258143984,0.2997035839396389,3711,2.175990104675293,0.3247978436657682,742,2.1774743116354642,0.3112,0.9760001122945074,0.08415317403978785,,,0.9566448071100658,,0.9566767341684409,0.0433232658315591,0.9907250626183836,0.1449659237268938,10,0.025,0.15,0.9007587089301949,0.9192741784630861,0.9423771698082258,0.9481638393625366,0.9455182028112898,0.9520163051096168,1.0,0.9455823887558507,0.9507342953232317,0.9273630702349159,0.9417724708657533,0.9422240923877463
6,7,1.9293423316308431,0.3042368125701459,3564,2.175339380900065,0.3127629733520337,713,2.1777026955085463,0.3118,0.9736910441993448,0.08393892760503678,,,0.9392331506138374,,0.9392814114307405,0.06071858856925949,0.9907036438544643,0.1449646991011843,10,0.025,0.15,0.8841624090027559,0.9191506551950706,0.9389164409428542,0.9415896349747043,0.945960816776046,0.944915406600643,0.9455823887558507,1.0,0.9464803186575499,0.9270821800895072,0.9480082353007724,0.9467870287312722
6,8,1.9366432512248004,0.2977913397268236,3441,2.1778988440831504,0.31540697674418605,688,2.177906757668604,0.3109,0.9694303900573564,0.0835761349940406,,,0.9097492512463876,,0.9097968345133766,0.09020316548662344,0.9906708469007213,0.14495924945337196,10,0.025,0.15,0.8759190829152929,0.9076213075884442,0.9288974279882448,0.940255416744263,0.9365657904510141,0.9439957701150762,0.9507342953232317,0.9464803186575499,1.0,0.9297235900464084,0.9395596533266427,0.9393090730101701
6,9,1.9521049110977737,0.2971505698860228,3334,2.1726983785629272,0.31334332833583206,667,2.177606199361101,0.3112,0.9540199078124447,0.08275452596879074,,,0.8429776658126644,,0.8430212407783334,0.1569787592216666,0.9903092453902943,0.14491471384916074,10,0.025,0.15,0.8573425673808613,0.8901180199453366,0.9093274607051105,0.9175259041790472,0.9235118034757337,0.9244016242764241,0.9273630702349159,0.9270821800895072,0.9297235900464084,1.0,0.9277786337236161,0.9267627891430699
