round,client_id,client_i_training_loss,client_i_training_accuracy,client_i_training_dataset_size,client_i_evaluation_loss,client_i_evaluation_accuracy,client_i_evaluation_dataset_size,client_i_central_evaluation_loss,client_i_central_evaluation_accuracy,client_i_cosine_similarity,client_i_importance_coefficient,client_i_tanh_val,tanh_normalization_value,client_i_q,client_i_mask_order,client_i_v_nonzero_fraction,client_i_v_sparsity,client_i_v_cosine_similarity,client_i_reward_gradient_norm,local_epochs,learning_rate,gamma,client_0_cosine_similarity,client_1_cosine_similarity,client_2_cosine_similarity,client_3_cosine_similarity,client_4_cosine_similarity,client_5_cosine_similarity,client_6_cosine_similarity,client_7_cosine_similarity,client_8_cosine_similarity,client_9_cosine_similarity,client_10_cosine_similarity,client_11_cosine_similarity
0,0,2.163540463315116,0.20344777209642073,6845,2.2956242127852007,0.17165814463111762,1369,2.2957427411139766,0.1679,0.9089321650095906,0.07879455445096104,,,0.65,,0.6500140284860788,0.3499859715139212,0,0.14362026921669072,10,0.025,0.15,1.0,0.9538983504653838,0.9069951186101393,0.887496529039279,0.8628790476399228,0.845876772706417,0.8220449376649749,0.8257598179457192,0.7794242831508948,0.8160008611220952,0.7880902779703247,0.7758222099832655
0,1,2.21198722817177,0.18619934282584885,5478,2.294547292921278,0.17791970802919707,1096,2.2957010902935946,0.1681,0.9555506581103135,0.08283587187205581,,,0.8349229792816968,,0.8349754914096152,0.16502450859038476,0,0.14384669344414575,10,0.025,0.15,0.9538983504653838,1.0,0.9600078859675872,0.9512235473042866,0.9243761264010654,0.9115512394251197,0.8781734003506315,0.8844457387522723,0.840740995217552,0.8747510331530121,0.857551435271468,0.840643892277251
0,2,2.25033291076359,0.1862033195020747,4820,2.296761691570282,0.16390041493775934,964,2.295693334144882,0.1682,0.980083346656481,0.0849625897261424,,,0.9322375330993309,,0.9322671683913453,0.06773283160865473,0,0.14387267374438872,10,0.025,0.15,0.9069951186101393,0.9600078859675872,1.0,0.9771839138170241,0.9714572464530143,0.9589132215464533,0.9379140040916616,0.9306625757507904,0.8989642419268669,0.9223251181585,0.8933638158286183,0.8945595645339447
0,3,2.2598384298597063,0.17131184748070813,4406,2.2960102217538014,0.17253121452894438,881,2.2956932586959646,0.1682,0.9870821759775421,0.0855693122729515,,,0.9599999999542419,,0.9600270667260814,0.0399729332739186,0,0.14387646921472108,10,0.025,0.15,0.887496529039279,0.9512235473042866,0.9771839138170241,1.0,0.9807315646477617,0.969044774922855,0.9513145122055605,0.953763484820216,0.9258157052660603,0.9463923300725158,0.9240714339774961,0.9087833601110473
0,4,2.2666473641540064,0.17351653696498054,4112,2.2966276577540805,0.15815085158150852,822,2.2956932677498347,0.1682,0.9838676463507855,0.08529064744023866,,,0.9472488285621331,,0.9472859005462857,0.0527140994537143,0,0.14387607072326064,10,0.025,0.15,0.8628790476399228,0.9243761264010654,0.9714572464530143,0.9807315646477617,1.0,0.9756070491887621,0.9592544475267896,0.9634532585166838,0.9290948682921556,0.9501388708307746,0.9318448829897454,0.9265707392702666
0,5,2.2745478307047198,0.17323219336590384,3889,2.292192186628069,0.16709511568123395,778,2.2956932194625277,0.1682,0.978410606443883,0.08481758130325037,,,0.9256022241671089,,0.9256407717317754,0.07435922826822461,0,0.14387223887040604,10,0.025,0.15,0.845876772706417,0.9115512394251197,0.9589132215464533,0.969044774922855,0.9756070491887621,1.0,0.9639249151958468,0.9629788001192661,0.9348344607278897,0.9495989553600643,0.9346251139410626,0.926480031651839
0,6,2.283596393157696,0.16006467259498788,3711,2.295783003171285,0.15363881401617252,742,2.295697752433487,0.1682,0.9700322437342674,0.0840912681831445,,,0.8923675207111803,,0.8924097638263109,0.10759023617368912,0,0.14386761350150584,10,0.025,0.15,0.8220449376649749,0.8781734003506315,0.9379140040916616,0.9513145122055605,0.9592544475267896,0.9639249151958468,1.0,0.9682511576476529,0.9457264752112364,0.9589064469688019,0.9522363742862661,0.9431862074611884
0,7,2.281151191677366,0.16512345679012347,3564,2.2964293162027993,0.1570827489481066,713,2.2956977463975736,0.1682,0.9698209434451519,0.08407295074123063,,,0.8915293494965533,,0.8915515505603142,0.10844844943968579,0,0.14386748458635265,10,0.025,0.15,0.8257598179457192,0.8844457387522723,0.9306625757507904,0.953763484820216,0.9634532585166838,0.9629788001192661,0.9682511576476529,1.0,0.9283040866567575,0.954206768158988,0.9658560215194705,0.9358416787710533
0,8,2.2882376026224205,0.16149375181633246,3441,2.295864224433899,0.17296511627906977,688,2.295706410951252,0.1682,0.9448697820032589,0.08190995582859355,,,0.7925548266520578,,0.7925929593503985,0.20740704064960147,0,0.14381509982419086,10,0.025,0.15,0.7794242831508948,0.840740995217552,0.8989642419268669,0.9258157052660603,0.9290948682921556,0.9348344607278897,0.9457264752112364,0.9283040866567575,1.0,0.9707038835997184,0.9269922398555976,0.9516607184038378
0,9,2.286305092882227,0.14601079784043192,3334,2.291414221127828,0.18440779610194902,667,2.2956991044780874,0.1682,0.9658053420199922,0.08372484167728882,,,0.8756005424983532,,0.8756498489874733,0.12435015101252667,0,0.14386447431891056,10,0.025,0.15,0.8160008611220952,0.8747510331530121,0.9223251181585,0.9463923300725158,0.9501388708307746,0.9495989553600643,0.9589064469688019,0.954206768158988,0.9707038835997184,1.0,0.9439159616840298,0.9602769860207077
0,10,2.288650906085968,0.13381672323356988,3241,2.299090623855591,0.16820987654320987,648,2.2957050407989117,0.1682,0.9486005106252097,0.08223336951210088,,,0.8073536201302602,,0.8073888861382054,0.19261111386179464,0,0.1438242991885433,10,0.025,0.15,0.7880902779703247,0.857551435271468,0.8933638158286183,0.9240714339774961,0.9318448829897454,0.9346251139410626,0.9522363742862661,0.9658560215194705,0.9269922398555976,0.9439159616840298,1.0,0.9509073482904066
0,11,2.2908993463516234,0.1540360873694207,3159,2.2933269500732423,0.16930379746835442,632,2.2957072680509545,0.1681,0.9424138940071475,0.08169705699204173,,,0.7828129818429204,,0.782855539601591,0.21714446039840896,0,0.14380961331543382,10,0.025,0.15,0.7758222099832655,0.840643892277251,0.8945595645339447,0.9087833601110473,0.9265707392702666,0.926480031651839,0.9431862074611884,0.9358416787710533,0.9516607184038378,0.9602769860207077,0.9509073482904066,1.0
1,0,2.0524367252985636,0.24994886778670564,6845,2.2837026119232178,0.17384952520087654,1369,2.283588023125371,0.1795,0.9088112898129873,0.07837445112528064,,,0.65,,0.6500140284860788,0.3499859715139212,0.9324279619351458,0.14602732645724711,10,0.025,0.15,1.0,0.956414857441886,0.9262813341053612,0.91142887780689,0.8915689474529102,0.8886059130304094,0.8582155851256608,0.8572892428301538,0.8487025380039002,0.8446552143810935,0.8293712410365327,0.8258346484663159
1,1,2.0924195153768674,0.24335523913837168,5478,2.2820149262746177,0.177007299270073,1096,2.2834589813329,0.1797,0.9574085594465945,0.08245888399235189,,,0.8366472884821458,,0.8366919179416085,0.16330808205839153,0.9352959420643174,0.1462565559894842,10,0.025,0.15,0.956414857441886,1.0,0.9621538983662985,0.9584891380783119,0.9415285097192796,0.9430990646895295,0.9132769343248832,0.9178167751998989,0.9108791876143337,0.9070198916145915,0.8991792028679813,0.8929631698478501
1,2,2.1370707568369416,0.2229045643153527,4820,2.284809321165085,0.18153526970954356,964,2.283441869518425,0.1798,0.9814488290580291,0.08455832829784354,,,0.9325860882353363,,0.9326302586192668,0.06736974138073315,0.9352872789748544,0.146276842686524,10,0.025,0.15,0.9262813341053612,0.9621538983662985,1.0,0.9779861319108424,0.9697336585086975,0.9660019452176948,0.957238483669794,0.9524414847731782,0.9509922047276637,0.9462912504759873,0.9384205777091431,0.9335149997747869
1,3,2.144996052128928,0.22076713572401271,4406,2.2832974025181363,0.18047673098751418,881,2.283440671389616,0.1797,0.9883366873544562,0.08515823137144564,,,0.9599999999543027,,0.9600270667260814,0.0399729332739186,0.935318296049111,0.14627945909798976,10,0.025,0.15,0.91142887780689,0.9584891380783119,0.9779861319108424,1.0,0.9729207069451706,0.9767762099264143,0.9683844875710956,0.9634801002076299,0.9654475275666823,0.9600633054658807,0.9575579849932067,0.9483955903665774
1,4,2.151146762298815,0.21697470817120623,4112,2.28459095954895,0.170316301703163,822,2.283440547653391,0.1797,0.988908890337072,0.08500439431897068,,,0.9529700720188914,,0.9530210757373208,0.046978924262679245,0.9353141360034832,0.146279341309521,10,0.025,0.15,0.8915689474529102,0.9415285097192796,0.9697336585086975,0.9729207069451706,1.0,0.97442565340602,0.9743185461907127,0.9753676075030995,0.9689400011993413,0.9730279819167291,0.9623701087481387,0.9627193485582554
1,5,2.1613825505779634,0.22275649267163794,3889,2.280585902077811,0.18766066838046272,778,2.2834411240831205,0.1798,0.9878346049633169,0.08467659863355673,,,0.9379907155574564,,0.9380353517849186,0.06196464821508141,0.9352682790829872,0.1462789818738718,10,0.025,0.15,0.8886059130304094,0.9430990646895295,0.9660019452176948,0.9767762099264143,0.97442565340602,1.0,0.9727265233606107,0.9702538453260502,0.9709894588770515,0.9663469070071317,0.9627488393853592,0.9624639494071041
1,6,2.187434566843099,0.20102398275397468,3711,2.2842900355656943,0.18598382749326145,742,2.2834474829178824,0.1796,0.9854014792733187,0.0841477926967233,,,0.9138257464037358,,0.9138650954762259,0.08613490452377415,0.9354189990270698,0.14627587452022034,10,0.025,0.15,0.8582155851256608,0.9132769343248832,0.957238483669794,0.9683844875710956,0.9743185461907127,0.9727265233606107,1.0,0.9792485662261298,0.981596749047803,0.9709719163870111,0.9750950673996456,0.974167977410635
1,7,2.1754959183079854,0.20331088664421998,3564,2.2839580376942954,0.17251051893408134,713,2.283447986916651,0.1796,0.9840499908974191,0.08409242942470688,,,0.9112957979531997,,0.9113399679820435,0.08866003201795647,0.9354040483059661,0.1462757021590884,10,0.025,0.15,0.8572892428301538,0.9178167751998989,0.9524414847731782,0.9634801002076299,0.9753676075030995,0.9702538453260502,0.9792485662261298,1.0,0.9734123377492407,0.9721037182806155,0.9748614896488798,0.9732090126254361
1,8,2.190920462431731,0.2038360941586748,3441,2.2837023735046387,0.18459302325581395,688,2.2834681529033034,0.1796,0.9834916468552731,0.08273547504890437,,,0.8492867349864899,,0.8493258074631546,0.15067419253684544,0.9351099616965614,0.146259517103692,10,0.025,0.15,0.8487025380039002,0.9108791876143337,0.9509922047276637,0.9654475275666823,0.9689400011993413,0.9709894588770515,0.981596749047803,0.9734123377492407,1.0,0.9774914342799107,0.9767106915711196,0.9781574318876106
1,9,2.184859717775274,0.21349730053989202,3334,2.2796990076700845,0.1934032983508246,667,2.283449830888193,0.1798,0.9797394688068725,0.08373655166672357,,,0.8950331684228683,,0.8950751761812811,0.10492482381871893,0.9354607211837118,0.146274116652737,10,0.025,0.15,0.8446552143810935,0.9070198916145915,0.9462912504759873,0.9600633054658807,0.9730279819167291,0.9663469070071317,0.9709719163870111,0.9721037182806155,0.9774914342799107,1.0,0.9677803488622962,0.9730374072803474
1,10,2.2035429743620067,0.2083924714594261,3241,2.287023107210795,0.17746913580246915,648,2.283465062515645,0.1797,0.976935356521371,0.08272207236268493,,,0.8486742692849716,,0.8487151557161955,0.1512848442838045,0.9352097774088037,0.14625935652459165,10,0.025,0.15,0.8293712410365327,0.8991792028679813,0.9384205777091431,0.9575579849932067,0.9623701087481387,0.9627488393853592,0.9750950673996456,0.9748614896488798,0.9767106915711196,0.9677803488622962,1.0,0.9822169015264292
1,11,2.2090933413505556,0.2019309908198797,3159,2.280655336380005,0.1819620253164557,632,2.2834700934494596,0.1798,0.9752366865584219,0.08233479106080774,,,0.8309765846301504,,0.8310227591556502,0.16897724084434984,0.935077672122047,0.14625522032048627,10,0.025,0.15,0.8258346484663159,0.8929631698478501,0.9335149997747869,0.9483955903665774,0.9627193485582554,0.9624639494071041,0.974167977410635,0.9732090126254361,0.9781574318876106,0.9730374072803474,0.9822169015264292,1.0
2,0,1.985585124845858,0.27880204528853175,6845,2.2654446255077016,0.20233747260774287,1369,2.2651891497117056,0.2037,0.9190190153362862,0.07849870198032331,,,0.65,,0.6500140284860788,0.3499859715139212,0.9687503407546134,0.1456983747217567,10,0.025,0.15,1.0,0.9539046774696479,0.9263231828575258,0.9171462561797034,0.9006153180939913,0.894770970955106,0.8780449962314217,0.8748603942174261,0.8601835756986512,0.8502780235566414,0.8448217954759226,0.8396464060412034
2,1,2.021699108911115,0.27053669222343923,5478,2.2629983954959445,0.20437956204379562,1096,2.264911576162411,0.2032,0.9633546087652891,0.08247361328837148,,,0.8436215136399869,,0.8436566486771963,0.15634335132280375,0.9702275163276902,0.14598976734062566,10,0.025,0.15,0.9539046774696479,1.0,0.9591067519231906,0.9574444404160304,0.9447690294193737,0.9435395399072692,0.926549917089936,0.9280011302914036,0.9201242451217422,0.9080570893979842,0.9089416428562267,0.9031912316466852
2,2,2.064704413790452,0.2500622406639004,4820,2.2668400704860687,0.20435684647302904,964,2.2648697865160208,0.2033,0.976761653956814,0.08421093594869407,,,0.9282480668140465,,0.9282731758842072,0.07172682411579279,0.9706120593810743,0.14601624988300718,10,0.025,0.15,0.9263231828575258,0.9591067519231906,1.0,0.9655516966121687,0.9565192518122648,0.9569296052977317,0.9528624071498706,0.9488700887995049,0.9478264527639522,0.9307787230521158,0.9344227061438338,0.9278766343227223
2,3,2.071064739567893,0.2479573309123922,4406,2.264019795826503,0.19977298524404086,881,2.264867188055304,0.203,0.9853603692117536,0.08486278044524256,,,0.9599999999512889,,0.9600270667260814,0.0399729332739186,0.9706390161757344,0.14601824419740947,10,0.025,0.15,0.9171462561797034,0.9574444404160304,0.9655516966121687,1.0,0.9662502609983404,0.9711068796764728,0.9629890125295936,0.9603547359938535,0.9610513172891173,0.94850638392921,0.9525606213047931,0.9434414742712876
2,4,2.0732136556596465,0.24182879377431907,4112,2.2661506107875278,0.20194647201946472,822,2.264866647841055,0.203,0.9810639258872117,0.08462744906785798,,,0.9485367963814562,,0.9485814724959153,0.05141852750408471,0.9706295363822978,0.14601797242970707,10,0.025,0.15,0.9006153180939913,0.9447690294193737,0.9565192518122648,0.9662502609983404,1.0,0.963796791563962,0.9578762318294036,0.9621479438825353,0.9554110538677836,0.9524368181277421,0.9488192980470069,0.9467548935130545
2,5,2.080286645889282,0.25132424787863206,3889,2.2627178941454207,0.2069408740359897,778,2.2648673812045326,0.2032,0.984653472590231,0.0845414387132693,,,0.944347154461534,,0.9444059348748164,0.05559406512518361,0.9706226681938317,0.1460178410470109,10,0.025,0.15,0.894770970955106,0.9435395399072692,0.9569296052977317,0.9711068796764728,0.963796791563962,1.0,0.9666270687936005,0.9652670581926843,0.9668378534071578,0.9570597620249872,0.9561310058986071,0.9550293585403593
2,6,2.10545414809523,0.23123147399622743,3711,2.2667702436447144,0.19811320754716982,742,2.2648767881755587,0.2033,0.9838210398114691,0.08418678816127875,,,0.9270718063171284,,0.9271013846940965,0.07289861530590347,0.9706157782472827,0.14601620194066103,10,0.025,0.15,0.8780449962314217,0.926549917089936,0.9528624071498706,0.9629890125295936,0.9578762318294036,0.9666270687936005,1.0,0.9692730555882498,0.9762359066846026,0.9595903211438542,0.9676417073073039,0.969350418640349
2,7,2.094138062426022,0.23041526374859708,3564,2.264896273612976,0.20196353436185133,713,2.264878849439983,0.2033,0.9821236772031425,0.08409716949661797,,,0.9227064003603006,,0.9227443019590368,0.07725569804096322,0.9706140951271031,0.14601594119027533,10,0.025,0.15,0.8748603942174261,0.9280011302914036,0.9488700887995049,0.9603547359938535,0.9621479438825353,0.9652670581926843,0.9692730555882498,1.0,0.9658847669209253,0.9594807067197841,0.9637050351401228,0.9691623363524697
2,8,2.1043982713310805,0.24004649811101425,3441,2.2654263178507485,0.20784883720930233,688,2.2649162358875516,0.2032,0.9811584185084047,0.08322527619635126,,,0.8802356915954551,,0.8802792493934742,0.11972075060652576,0.9704098998877309,0.14600994677094523,10,0.025,0.15,0.8601835756986512,0.9201242451217422,0.9478264527639522,0.9610513172891173,0.9554110538677836,0.9668378534071578,0.9762359066846026,0.9658847669209253,1.0,0.9654429962628625,0.968457114191711,0.9679086109273947
2,9,2.1031183304610077,0.241751649670066,3334,2.2612003485361734,0.2158920539730135,667,2.264883958840672,0.2032,0.9727360396516781,0.08357074510359999,,,0.8970637935462125,,0.8971051806373884,0.10289481936261158,0.970580603430217,0.14601301794738422,10,0.025,0.15,0.8502780235566414,0.9080570893979842,0.9307787230521158,0.94850638392921,0.9524368181277421,0.9570597620249872,0.9595903211438542,0.9594807067197841,0.9654429962628625,1.0,0.9588471913543946,0.9662419884739959
2,10,2.1197847723960876,0.2425794507867942,3241,2.2694315115610757,0.18518518518518517,648,2.2649131153203266,0.2031,0.9743325646756609,0.08299447071080929,,,0.8689929482978715,,0.8690234523279035,0.13097654767209654,0.9702843672093879,0.1459982662354029,10,0.025,0.15,0.8448217954759226,0.9089416428562267,0.9344227061438338,0.9525606213047931,0.9488192980470069,0.9561310058986071,0.9676417073073039,0.9637050351401228,0.968457114191711,0.9588471913543946,1.0,0.9711152517554335
2,11,2.1270837378501892,0.23099081987970876,3159,2.2615236759185793,0.21360759493670886,632,2.2649224709860887,0.2034,0.9729834506341444,0.08271063088758421,,,0.8551668545953852,,0.8552177716162467,0.14478222838375332,0.9702346941014695,0.14599420705633742,10,0.025,0.15,0.8396464060412034,0.9031912316466852,0.9278766343227223,0.9434414742712876,0.9467548935130545,0.9550293585403593,0.969350418640349,0.9691623363524697,0.9679086109273947,0.9662419884739959,0.9711152517554335,1.0
3,0,1.935365288787418,0.2978524470416362,6845,2.2407812638716265,0.21329437545653762,1369,2.2403125038629845,0.2243,0.9219193082315363,0.07876201996152052,,,0.65,,0.6500140284860788,0.3499859715139212,0.9815847948646279,0.1451413501746068,10,0.025,0.15,1.0,0.9480460212140239,0.9269252385200004,0.9202790500665885,0.8972952148453683,0.893318992017726,0.8793835001748744,0.8785650273937172,0.8594854299307955,0.8489340633296871,0.8467522149746012,0.8425868703638334
3,1,1.971246060659719,0.28727637824023367,5478,2.237195438808865,0.2363138686131387,1096,2.2397940732255766,0.2247,0.9617717408665649,0.0825273498226429,,,0.846203873699627,,0.8462477925764552,0.15375220742354478,0.983830579101967,0.14552375504749668,10,0.025,0.15,0.9480460212140239,1.0,0.9539661889203812,0.9526732761073634,0.938116387209069,0.9359274908794526,0.9232062381424475,0.9247531528674187,0.9152296324469583,0.8982550026605288,0.9075146902115853,0.9031230833207046
3,2,2.015579981552927,0.26950207468879667,4820,2.2426259219646454,0.22510373443983403,964,2.239708073531525,0.2247,0.97438966255729,0.08401640541710714,,,0.9237956084383461,,0.9238253205921672,0.07617467940783285,0.9841331995977755,0.14555898537362327,10,0.025,0.15,0.9269252385200004,0.9539661889203812,1.0,0.9633039970715246,0.9484708669291185,0.9520586248469809,0.9437998720651161,0.9451269956934428,0.9382137100225468,0.9221065671497757,0.9230643830550006,0.9277496041632821
3,3,2.018053124632154,0.2709260099863822,4406,2.23780734198434,0.22360953461975028,881,2.2396959383276442,0.2245,0.9832942514914278,0.08471120044782787,,,0.9599999999478919,,0.9600270667260814,0.0399729332739186,0.984183592433846,0.14556410741417997,10,0.025,0.15,0.9202790500665885,0.9526732761073634,0.9633039970715246,1.0,0.9561362732089375,0.9645825990990415,0.9560762966178,0.9563687977655478,0.9533323924261485,0.9397564992661722,0.944542684045452,0.9403655051726763
3,4,2.016313699158755,0.2650048638132296,4112,2.241004535130092,0.22871046228710462,822,2.239698065987116,0.2245,0.9767566368788788,0.0843519206042589,,,0.9412786396287683,,0.941327919988117,0.058672080011882954,0.9841642530465488,0.1455623314311323,10,0.025,0.15,0.8972952148453683,0.938116387209069,0.9484708669291185,0.9561362732089375,1.0,0.9565005331115211,0.9516521563444517,0.9549423531348189,0.9454185122708455,0.9405068696666481,0.9386219594251528,0.9425764852657617
3,5,2.023762684099136,0.27238364618153765,3889,2.239101920809065,0.2262210796915167,778,2.2396996775759925,0.2247,0.9814726230322272,0.0844524959328442,,,0.9465194205948122,,0.9465597200904424,0.053440279909557575,0.9841641327400054,0.14556293701379694,10,0.025,0.15,0.893318992017726,0.9359274908794526,0.9520586248469809,0.9645825990990415,0.9565005331115211,1.0,0.9598283530338063,0.9588015971545356,0.9584472912529843,0.947005950409384,0.9491977189679625,0.9490565954477482
3,6,2.0473331850150536,0.2575586095392078,3711,2.2428654432296753,0.2210242587601078,742,2.239716043955163,0.2247,0.9800086314265047,0.08418480916208257,,,0.9325707937018899,,0.9326055024673632,0.06739449753263682,0.9841433567207003,0.14556056146749197,10,0.025,0.15,0.8793835001748744,0.9232062381424475,0.9437998720651161,0.9560762966178,0.9516521563444517,0.9598283530338063,1.0,0.9598219883093233,0.966422824223309,0.9450477810861562,0.960324047696306,0.9618109655934889
3,7,2.035796643580709,0.25622895622895625,3564,2.2392061154047647,0.22159887798036465,713,2.239720622195473,0.2247,0.9795771754977547,0.08411515841730899,,,0.9289414314853837,,0.9289828522387813,0.0710171477612187,0.984132603369305,0.14555987743316154,10,0.025,0.15,0.8785650273937172,0.9247531528674187,0.9451269956934428,0.9563687977655478,0.9549423531348189,0.9588015971545356,0.9598219883093233,1.0,0.9573174185749539,0.9481196144763985,0.955090179191439,0.963368429117851
3,8,2.0438314499678434,0.26280151118860795,3441,2.240441918373108,0.2136627906976744,688,2.2397664891013616,0.2251,0.9759602966055467,0.08345648364850834,,,0.894619195210347,,0.8946625736495519,0.10533742635044807,0.9840626381207225,0.14555177860819357,10,0.025,0.15,0.8594854299307955,0.9152296324469583,0.9382137100225468,0.9533323924261485,0.9454185122708455,0.9584472912529843,0.966422824223309,0.9573174185749539,1.0,0.9495678547400113,0.9566295247472256,0.9595204410962074
3,9,2.046542046246705,0.2619376124775045,3334,2.235804637273153,0.24437781109445278,667,2.239727847183807,0.2247,0.9654796973392126,0.08332866103203498,,,0.8879586120945244,,0.8879949167368091,0.11200508326319092,0.9840492674367379,0.14554953389875064,10,0.025,0.15,0.8489340633296871,0.8982550026605288,0.9221065671497757,0.9397564992661722,0.9405068696666481,0.947005950409384,0.9450477810861562,0.9481196144763985,0.9495678547400113,1.0,0.9450127763291986,0.9530959274965543
3,10,2.062437182206374,0.2677260104905893,3241,2.2454288403193154,0.19290123456790123,648,2.2397712393652034,0.2248,0.9697658244852849,0.08311120876478902,,,0.8766276055819349,,0.8766731032661617,0.12332689673383834,0.9839800226178816,0.1455449351065696,10,0.025,0.15,0.8467522149746012,0.9075146902115853,0.9230643830550006,0.944542684045452,0.9386219594251528,0.9491977189679625,0.960324047696306,0.955090179191439,0.9566295247472256,0.9450127763291986,1.0,0.9606656902097896
3,11,2.069792675495148,0.25270655270655273,3159,2.235507297515869,0.2579113924050633,632,2.239786836165416,0.2251,0.9712084049671567,0.0829822867890746,,,0.8699097370357147,,0.8699394299483422,0.13006057005165783,0.9839470761377355,0.1455377552542861,10,0.025,0.15,0.8425868703638334,0.9031230833207046,0.9277496041632821,0.9403655051726763,0.9425764852657617,0.9490565954477482,0.9618109655934889,0.963368429117851,0.9595204410962074,0.9530959274965543,0.9606656902097896,1.0
4,0,1.8941560981450258,0.3144338933528123,6845,2.2107570604844526,0.2220598977355734,1369,2.210062395168256,0.2486,0.924353178283542,0.07908586873244236,,,0.65,,0.6500140284860788,0.3499859715139212,0.9845822243180594,0.1447059535215415,10,0.025,0.15,1.0,0.943019764432192,0.9209544251187175,0.9200903759435517,0.8964517002290013,0.8922190252024799,0.8842307085119485,0.8773832272362585,0.8585010650201577,0.8512807403354282,0.8503096821588766,0.8459172302445518
4,1,1.928501063446666,0.30332238043081416,5478,2.2054875691731772,0.2655109489051095,1096,2.209126596209369,0.2502,0.960101127364806,0.0825908878493296,,,0.8478563455039244,,0.8479064547540064,0.1520935452459936,0.9870059057883016,0.145131796710867,10,0.025,0.15,0.943019764432192,1.0,0.9471879436798556,0.9487199560057552,0.9360356685468488,0.9315778522863526,0.9214478399978214,0.9169926701408212,0.9070490687539401,0.8912190147186306,0.9046596252734912,0.9028863003691264
4,2,1.9705159162220203,0.2833609958506224,4820,2.2132496535778046,0.24896265560165975,964,2.2090136280542687,0.25,0.9713229140276225,0.08388176105672512,,,0.9207254074995215,,0.920763809806737,0.079236190193263,0.9873281133589149,0.14516072228920338,10,0.025,0.15,0.9209544251187175,0.9471879436798556,1.0,0.9563191325606708,0.9440261470809789,0.9414938707084187,0.9432320846953518,0.9364062040944102,0.9322400759330519,0.9141185154743802,0.9179643573069023,0.924348943680323
4,3,1.9743287985665459,0.2924421243758511,4406,2.206205197743007,0.2542565266742338,881,2.2090001921110516,0.2501,0.9794187763965596,0.08457750926219042,,,0.9599999999435505,,0.9600270667260814,0.0399729332739186,0.987369260449574,0.14516470884498903,10,0.025,0.15,0.9200903759435517,0.9487199560057552,0.9563191325606708,1.0,0.9524367756805059,0.9539494228379328,0.9523847674926198,0.9446503120071111,0.9443975649633884,0.9296827005877983,0.9359904303543463,0.9329188400933064
4,4,1.9750704656947742,0.27988813229571985,4112,2.2101497309548512,0.26763990267639903,822,2.209002850930902,0.2501,0.9755804321168211,0.0842291066640776,,,0.940332870456424,,0.9403706821145055,0.059629317885494526,0.987343472764119,0.14516334190419358,10,0.025,0.15,0.8964517002290013,0.9360356685468488,0.9440261470809789,0.9524367756805059,1.0,0.9498984532414151,0.9496913372798944,0.9488950780904957,0.9413917011486931,0.931407183837686,0.9361020593824381,0.9395900079086612
4,5,1.9785522926238275,0.2906659809719722,3889,2.2106078352246965,0.2480719794344473,778,2.209007510656043,0.2501,0.9768533208017584,0.08433311851244951,,,0.9462042804321424,,0.9462461421663283,0.0537538578336717,0.9873536816838432,0.14516385916453722,10,0.025,0.15,0.8922190252024799,0.9315778522863526,0.9414938707084187,0.9539494228379328,0.9498984532414151,1.0,0.955806238556614,0.9472101386049858,0.9476206737726077,0.9351093756599578,0.9429606911146251,0.9424975783391757
4,6,2.005220060924004,0.2725141471301536,3711,2.2135135730107627,0.22641509433962265,742,2.2090262491491774,0.2499,0.9791051005641791,0.08424052610714194,,,0.9409774915546416,,0.9410308461652721,0.058969153834727894,0.9873411549605822,0.14516342044948072,10,0.025,0.15,0.8842307085119485,0.9214478399978214,0.9432320846953518,0.9523847674926198,0.9496913372798944,0.955806238556614,1.0,0.9517940890173489,0.9580214150811641,0.9419891905507332,0.9504550983752594,0.9570843861043424
4,7,1.9883763423987797,0.2712962962962963,3564,2.207932988802592,0.24403927068723702,713,2.209029686601856,0.25,0.9747965364328766,0.08405653728750213,,,0.9305914268133335,,0.9306250103150633,0.06937498968493672,0.9873331076950268,0.1451622329592295,10,0.025,0.15,0.8773832272362585,0.9169926701408212,0.9364062040944102,0.9446503120071111,0.9488950780904957,0.9472101386049858,0.9517940890173489,1.0,0.9497122906843531,0.9415309970044092,0.9454656502933623,0.9559850021056554
4,8,1.9960351100674383,0.282272595175821,3441,2.210127830505371,0.23982558139534885,688,2.209094005294993,0.2502,0.9719472533164498,0.0835546091436424,,,0.9022578671556476,,0.9022874684359063,0.09771253156409365,0.9871959115997048,0.145156341757833,10,0.025,0.15,0.8585010650201577,0.9070490687539401,0.9322400759330519,0.9443975649633884,0.9413917011486931,0.9476206737726077,0.9580214150811641,0.9497122906843531,1.0,0.942230640699641,0.9451704621638174,0.9559266860516543
4,9,1.994915239016215,0.2790941811637673,3334,2.2045883735020957,0.27436281859070466,667,2.2090417916261695,0.25,0.9608629274275974,0.08311315594563659,,,0.8773380839659856,,0.8773745275701011,0.12262547242989885,0.9871997169147753,0.14514652928068147,10,0.025,0.15,0.8512807403354282,0.8912190147186306,0.9141185154743802,0.9296827005877983,0.931407183837686,0.9351093756599578,0.9419891905507332,0.9415309970044092,0.942230640699641,1.0,0.9344802591952269,0.9408579619267967
4,10,2.012962760375096,0.2838630052452947,3241,2.216125249862671,0.2330246913580247,648,2.209095589722259,0.2501,0.9664111567304482,0.08315943587213394,,,0.8799505596249164,,0.8799904276212639,0.1200095723787361,0.9871522544786707,0.1451475866112257,10,0.025,0.15,0.8503096821588766,0.9046596252734912,0.9179643573069023,0.9359904303543463,0.9361020593824381,0.9429606911146251,0.9504550983752594,0.9454656502933623,0.9451704621638174,0.9344802591952269,1.0,0.9546606439995452
4,11,2.024807633399963,0.26783792339347895,3159,2.203616189956665,0.2879746835443038,632,2.209114310107654,0.2502,0.9694131171935991,0.08317748356672838,,,0.8809693417707893,,0.8810301860012213,0.1189698139987787,0.9871191420331583,0.14514826572102668,10,0.025,0.15,0.8459172302445518,0.9028863003691264,0.924348943680323,0.9329188400933064,0.9395900079086612,0.9424975783391757,0.9570843861043424,0.9559850021056554,0.9559266860516543,0.9408579619267967,0.9546606439995452,1.0
5,0,1.8534972784695802,0.3289846603360117,6845,2.175943222912875,0.24397370343316288,1369,2.1750127484526813,0.2697,0.9291742195225896,0.07953379106660212,,,0.65,,0.6500140284860788,0.3499859715139212,0.9863781799851066,0.14422842306969008,10,0.025,0.15,1.0,0.9422477778572497,0.9257696174420488,0.9213853836929868,0.9001983274601427,0.8947052601839309,0.8896390107235392,0.8776300700271221,0.8605479547890066,0.8487594126963965,0.8535999007211326,0.8489056231303166
5,1,1.889673455648644,0.31933187294633075,5478,2.1689900557200112,0.2874087591240876,1096,2.1736825749843933,0.2719,0.9602525883990859,0.08272827412915179,,,0.8473625063815925,,0.8474030796652968,0.15259692033470318,0.9882792363529516,0.14468770007981843,10,0.025,0.15,0.9422477778572497,1.0,0.944582676933651,0.9455454918798833,0.9327285031817911,0.9301159908833302,0.9194981899914509,0.9169712655014909,0.9032114495689658,0.8810819106949873,0.9017246596774687,0.9013311228837156
5,2,1.9307695278995916,0.2983609958506224,4820,2.179391711950302,0.2769709543568465,964,2.173529594759398,0.2723,0.9718547286614254,0.08390988782835901,,,0.9203653167531173,,0.9204172236800845,0.0795827763199155,0.9884377925405121,0.14472334596863656,10,0.025,0.15,0.9257696174420488,0.944582676933651,1.0,0.9527429957292256,0.9407118296639077,0.9407341027797712,0.941542442599211,0.9347524855664552,0.9278771950431631,0.9032225559103523,0.9158611573988141,0.923225215269145
5,3,1.9320915028027126,0.30571947344530187,4406,2.1700445924486433,0.27809307604994327,881,2.1735154616681833,0.2722,0.9782505222047189,0.08455140949549636,,,0.9599999999382176,,0.9600270667260814,0.0399729332739186,0.9885083629337236,0.14472792051909955,10,0.025,0.15,0.9213853836929868,0.9455454918798833,0.9527429957292256,1.0,0.9499064629928092,0.9518801322629067,0.9485771633311427,0.9443857953475121,0.9385480405570665,0.9098086873646112,0.9299085694287246,0.9314174983039538
5,4,1.9385633107387659,0.2954036964980545,4112,2.174063580376761,0.30170316301703165,822,2.1735153741474393,0.2722,0.9726629282100112,0.08415216364594283,,,0.9353336736539761,,0.9353781914805829,0.06462180851941712,0.988486141408259,0.14472575116768044,10,0.025,0.15,0.9001983274601427,0.9327285031817911,0.9407118296639077,0.9499064629928092,1.0,0.9452652338183323,0.9435896022027249,0.9436284505952494,0.9322914860508509,0.9099760701673333,0.9267198908674161,0.93364484441076
5,5,1.9359261382010675,0.3067626639238879,3889,2.178710801260812,0.2802056555269923,778,2.1735240749165983,0.2722,0.9739407108471902,0.08425858809025884,,,0.9419088204489983,,0.9419715799376145,0.05802842006238551,0.9885041304495394,0.14472657050786245,10,0.025,0.15,0.8947052601839309,0.9301159908833302,0.9407341027797712,0.9518801322629067,0.9452652338183323,1.0,0.9498035102835976,0.9410526962306375,0.9377241566449336,0.9106892099503704,0.9338071091241652,0.9372403417620225
5,6,1.9642738802679653,0.2901913230935058,3711,2.179252823193868,0.24123989218328842,742,2.1735470385491094,0.2722,0.9761045135522729,0.08427181906367714,,,0.9427262603992421,,0.942772028849169,0.057227971150831,0.988492865188703,0.14472664931277326,10,0.025,0.15,0.8896390107235392,0.9194981899914509,0.941542442599211,0.9485771633311427,0.9435896022027249,0.9498035102835976,1.0,0.9451378024382093,0.9485034397573644,0.9225189802016425,0.9408451947103502,0.9481828578615179
5,7,1.9448791980743407,0.2893097643097643,3564,2.171937425931295,0.2552594670406732,713,2.173547382596173,0.2721,0.9723721385923052,0.08403541729741304,,,0.9281208158908965,,0.9281493951246885,0.07185060487531147,0.9884765358036517,0.14472465989681382,10,0.025,0.15,0.8776300700271221,0.9169712655014909,0.9347524855664552,0.9443857953475121,0.9436284505952494,0.9410526962306375,0.9451378024382093,1.0,0.9443230934047359,0.9181945710554454,0.9377870044039129,0.9504563033586058
5,8,1.9531244463390773,0.2923859343214182,3441,2.1746952136357627,0.26598837209302323,688,2.1736421102209937,0.2721,0.9670775284400486,0.08355035176785668,,,0.8981523525126156,,0.8981861992705187,0.10181380072948132,0.9883733401647062,0.14471485397367645,10,0.025,0.15,0.8605479547890066,0.9032114495689658,0.9278771950431631,0.9385480405570665,0.9322914860508509,0.9377241566449336,0.9485034397573644,0.9443230934047359,1.0,0.9176209932531538,0.9347796874351597,0.9471751765643277
5,9,1.966049294118528,0.28869226154769045,3334,2.16857115427653,0.2818590704647676,667,2.17359117616581,0.2717,0.9462393302576618,0.08259450263976711,,,0.8390977962828368,,0.839134524929445,0.16086547507055504,0.9882887049072517,0.14468090506679793,10,0.025,0.15,0.8487594126963965,0.8810819106949873,0.9032225559103523,0.9098086873646112,0.9099760701673333,0.9106892099503704,0.9225189802016425,0.9181945710554454,0.9176209932531538,1.0,0.9182564352134392,0.9124069951187882
5,10,1.9730994100754078,0.2994446158593027,3241,2.182032664616903,0.25617283950617287,648,2.1736374927472464,0.272,0.9621261837856975,0.08314285122589914,,,0.8729760323575775,,0.8730091927844069,0.12699080721559308,0.988325389345511,0.1447041353365506,10,0.025,0.15,0.8535999007211326,0.9017246596774687,0.9158611573988141,0.9299085694287246,0.9267198908674161,0.9338071091241652,0.9408451947103502,0.9377870044039129,0.9347796874351597,0.9182564352134392,1.0,0.9423745478153873
5,11,1.9822345170974731,0.2806900918012029,3159,2.1664097785949705,0.30537974683544306,632,2.1736630729482145,0.2717,0.965699803234746,0.08327094374957597,,,0.8808898829013414,,0.8809311613936063,0.11906883860639372,0.9883335409790206,0.14470828805942085,10,0.025,0.15,0.8489056231303166,0.9013311228837156,0.923225215269145,0.9314174983039538,0.93364484441076,0.9372403417620225,0.9481828578615179,0.9504563033586058,0.9471751765643277,0.9124069951187882,0.9423745478153873,1.0
6,0,1.818317531435578,0.34132943754565376,6845,2.137512445449829,0.2680788897005113,1369,2.136308054380779,0.2911,0.9352488175830311,0.08002328645457764,,,0.65,,0.6500140284860788,0.3499859715139212,0.9883779953530352,0.1440646448533399,10,0.025,0.15,1.0,0.938017694297744,0.926234642851443,0.9246094700196406,0.9033077234906145,0.9010172011156244,0.8937681998298236,0.8825200070302617,0.8694261756815119,0.8623339632355834,0.8651163619495121,0.8613155377885278
6,1,1.8538254507752352,0.3295545819642205,5478,2.128728336758084,0.31843065693430656,1096,2.134577105316935,0.2937,0.9594713081780788,0.08280100733270006,,,0.8437909415001188,,0.8438299417405225,0.1561700582594775,0.9903502660119409,0.14460198315589254,10,0.025,0.15,0.938017694297744,1.0,0.9382713587591438,0.9425495828029579,0.9281069649539629,0.9276436678550001,0.9151886543871143,0.9147653454086142,0.9011807061725193,0.8930037136509386,0.9025895437745698,0.9032072586698568
6,2,1.8941999764818893,0.3105601659751037,4820,2.142195701599121,0.3008298755186722,964,2.1343502787095083,0.294,0.9698565255618923,0.08387509361248842,,,0.9187258253654993,,0.9187668135531679,0.08123318644683208,0.99077043464929,0.14465365332852523,10,0.025,0.15,0.926234642851443,0.9382713587591438,1.0,0.9475282440863463,0.9364256508638603,0.9369285077152487,0.9371152613552114,0.9287341884746507,0.9245080552051291,0.910194265248545,0.914179193532893,0.9226904411381008
6,3,1.8949575628553117,0.32067635043123016,4406,2.1302308355058943,0.2939841089670829,881,2.134326367438594,0.2942,0.9757536330668953,0.08446670091636058,,,0.9599999999302338,,0.9600270667260814,0.0399729332739186,0.9908202437309104,0.14466042593677686,10,0.025,0.15,0.9246094700196406,0.9425495828029579,0.9475282440863463,1.0,0.9436515708704004,0.94505067690293,0.9428077928003213,0.938915740234219,0.9308401612151421,0.9218805888090991,0.9253779265580787,0.9272028755298933
6,4,1.902511233994455,0.3089980544747082,4112,2.1340930802481517,0.32116788321167883,822,2.1343266601803936,0.2942,0.9706523673243974,0.08405170165923306,,,0.931047092028648,,0.9310871251505999,0.06891287484940012,0.9908075725228879,0.1446567660822788,10,0.025,0.15,0.9033077234906145,0.9281069649539629,0.9364256508638603,0.9436515708704004,1.0,0.9382073626762975,0.9381571376977998,0.9383827604911784,0.9285359248003211,0.9198428375052455,0.9250794583088154,0.9310743529734644
6,5,1.897002088639044,0.31995371560812547,3889,2.1426925659179688,0.30205655526992287,778,2.1343391032158574,0.2942,0.9715286426354923,0.08414650853463848,,,0.9376614044277826,,0.9377135218101699,0.06228647818983013,0.9907884402807154,0.1446580188239749,10,0.025,0.15,0.9010172011156244,0.9276436678550001,0.9369285077152487,0.94505067690293,0.9382073626762975,1.0,0.9434686232304549,0.9343888499365716,0.9307891243112006,0.9176728563998658,0.9329784669310851,0.9325246952839643
6,6,1.9275867157968982,0.3011048234977095,3711,2.141125043233236,0.2628032345013477,742,2.134367013279396,0.2941,0.972532531688514,0.08418756960829706,,,0.9405260781917928,,0.94057698338037,0.05942301661963001,0.9907941097353069,0.1446584096697808,10,0.025,0.15,0.8937681998298236,0.9151886543871143,0.9371152613552114,0.9428077928003213,0.9381571376977998,0.9434686232304549,1.0,0.9377296058637411,0.9412808653345194,0.9270384600981396,0.9334565636726231,0.9419145506874603
6,7,1.9105077296495439,0.2972222222222222,3564,2.1320176124572754,0.28190743338008417,713,2.134369364267663,0.2941,0.9697061095672892,0.08394819049743027,,,0.923825514922206,,0.92386658084534,0.07613341915465999,0.9907898604962319,0.14465502805585512,10,0.025,0.15,0.8825200070302617,0.9147653454086142,0.9287341884746507,0.938915740234219,0.9383827604911784,0.9343888499365716,0.9377296058637411,1.0,0.9404200411709133,0.9248466679255185,0.9351031259072481,0.9432711978154242
6,8,1.9143102341228062,0.304359197907585,3441,2.1358999013900757,0.2805232558139535,688,2.1345012369035166,0.2935,0.9648177107092518,0.08348681697581524,,,0.8916372522925072,,0.8916588272185638,0.10834117278143618,0.9906977722805488,0.14464086913789462,10,0.025,0.15,0.8694261756815119,0.9011807061725193,0.9245080552051291,0.9308401612151421,0.9285359248003211,0.9307891243112006,0.9412808653345194,0.9404200411709133,1.0,0.9275927076841954,0.9269619335165595,0.9408678864859753
6,9,1.9224968866065697,0.305998800239952,3334,2.128514289855957,0.30134932533733133,667,2.1344387651998784,0.2939,0.9551659944788684,0.08257703772376129,,,0.828165440131171,,0.8282005578386229,0.1717994421613771,0.9902918284430821,0.14458352591093973,10,0.025,0.15,0.8623339632355834,0.8930037136509386,0.910194265248545,0.9218805888090991,0.9198428375052455,0.9176728563998658,0.9270384600981396,0.9248466679255185,0.9275927076841954,1.0,0.921481557198885,0.9259941695374945
