round,client_id,client_i_training_loss,client_i_training_accuracy,client_i_training_dataset_size,client_i_evaluation_loss,client_i_evaluation_accuracy,client_i_evaluation_dataset_size,client_i_central_evaluation_loss,client_i_central_evaluation_accuracy,client_i_cosine_similarity,client_i_importance_coefficient,client_i_tanh_val,tanh_normalization_value,client_i_q,client_i_mask_order,client_i_v_nonzero_fraction,client_i_v_sparsity,client_i_v_cosine_similarity,client_i_reward_gradient_norm,local_epochs,learning_rate,gamma,client_0_cosine_similarity,client_1_cosine_similarity,client_2_cosine_similarity,client_3_cosine_similarity,client_4_cosine_similarity,client_5_cosine_similarity,client_6_cosine_similarity,client_7_cosine_similarity,client_8_cosine_similarity,client_9_cosine_similarity,client_10_cosine_similarity,client_11_cosine_similarity
0,0,2.208512241972817,0.1918918918918919,6845,2.2976939894936304,0.13367421475529584,1369,2.2970981447002554,0.1307,0.8923619037719921,0.07739609727521082,,,0.75,,0.7500041260253173,0.2499958739746827,0,0.1436512589451876,10,0.025,0.15,1.0,0.9389986646843835,0.8969246525010675,0.8758936272797893,0.8570709020662668,0.8290610821565481,0.7978342848392332,0.7806691508828139,0.7788946517964063,0.7761498173849994,0.7636711520389379,0.7392538870554632
0,1,2.242115550817445,0.1576305220883534,5478,2.2942709657880993,0.13503649635036497,1096,2.2970871502840065,0.1309,0.9618156993712622,0.08341994555650993,,,0.9171456100341159,,0.9171906718819627,0.08280932811803732,0,0.14368780005837917,10,0.025,0.15,0.9389986646843835,1.0,0.9638194601348903,0.9506865927152148,0.9351512520985379,0.927862826751133,0.9021391054176793,0.8789364847428325,0.8806879647034015,0.8822188350907297,0.8587955704428918,0.8352335986330434
0,2,2.2676952600479128,0.169253112033195,4820,2.29515877366066,0.12448132780082988,964,2.2970872921279715,0.1309,0.9818590464848764,0.0851583398518837,,,0.9653813824857773,,0.965415655790464,0.034584344209536044,0,0.14368929448915072,10,0.025,0.15,0.8969246525010675,0.9638194601348903,1.0,0.9707820394791192,0.9530540344420548,0.9654140840185309,0.9425314616883639,0.9203735602548246,0.927876401478609,0.9275179149074116,0.9084084341484835,0.8959615538339255
0,3,2.2689013855797904,0.16000907852927826,4406,2.2962699958256314,0.13166855845629966,881,2.297087307217755,0.1309,0.9837782145371596,0.08532479262920883,,,0.9699999999722526,,0.9700285520951957,0.029971447904804327,0,0.14368933629057096,10,0.025,0.15,0.8758936272797893,0.9506865927152148,0.9707820394791192,1.0,0.9708515828527705,0.9653578791930647,0.9457754237718825,0.933949713543757,0.9456237885458325,0.9392068740117722,0.925761786892829,0.9055361569390428
0,4,2.279638300520001,0.14163424124513618,4112,2.3005919456481934,0.11678832116788321,822,2.2970872740202313,0.1309,0.9820477351625386,0.08517470514850758,,,0.9658354755106764,,0.9658777706260006,0.034122229373999446,0,0.14368930316651463,10,0.025,0.15,0.8570709020662668,0.9351512520985379,0.9530540344420548,0.9708515828527705,1.0,0.9679640195677214,0.9601058275424375,0.957386981752375,0.942179002273814,0.9394150624614781,0.93620752068453,0.9231170012424772
0,5,2.2744906994604297,0.16626382103368476,3889,2.296287400381906,0.14010282776349614,778,2.297087304199798,0.1309,0.9805778892324821,0.08504722285897756,,,0.962298184387626,,0.96232938885313,0.03767061114686998,0,0.14368924913984027,10,0.025,0.15,0.8290610821565481,0.927862826751133,0.9654140840185309,0.9653578791930647,0.9679640195677214,1.0,0.9718365074518829,0.9570611721051426,0.9466401073887808,0.9456333523256083,0.9440782590647612,0.9323172917348855
0,6,2.2798825699707557,0.12659660468876313,3711,2.2970300118128457,0.12668463611859837,742,2.2970872679843177,0.1309,0.9725848273955963,0.08435397072793134,,,0.9430622997935703,,0.9431186149758215,0.0568813850241785,0,0.14368890007425206,10,0.025,0.15,0.7978342848392332,0.9021391054176793,0.9425314616883639,0.9457754237718825,0.9601058275424375,0.9718365074518829,1.0,0.9755370619136353,0.9556989331053743,0.9601973622988476,0.955330789481991,0.9398126136848528
0,7,2.2857052189963203,0.13468013468013468,3564,2.2966654698053994,0.14866760168302945,713,2.297087123122396,0.1309,0.9640060871610192,0.08360992169257074,,,0.9224169375428758,,0.9224472281361918,0.07755277186380816,0,0.14368798393937077,10,0.025,0.15,0.7806691508828139,0.8789364847428325,0.9203735602548246,0.933949713543757,0.957386981752375,0.9570611721051426,0.9755370619136353,1.0,0.964113268212154,0.9574871576321146,0.9638598336651365,0.9452858042129406
0,8,2.2812150681460346,0.13995931415286253,3441,2.2997007767359414,0.11046511627906977,688,2.297087195553357,0.1309,0.9625522752987775,0.08348383006558141,,,0.9189182335700758,,0.918964862768398,0.08103513723160205,0,0.1436878620844075,10,0.025,0.15,0.7788946517964063,0.8806879647034015,0.927876401478609,0.9456237885458325,0.942179002273814,0.9466401073887808,0.9556989331053743,0.964113268212154,1.0,0.9727809639769268,0.9564473661344053,0.9451117122223912
0,9,2.2832814622808386,0.13395320935812838,3334,2.295148253440857,0.12893553223388307,667,2.297087050691436,0.1309,0.959787343439092,0.08324402272478504,,,0.9122642239741661,,0.9123054579062897,0.0876945420937103,0,0.14368760009784406,10,0.025,0.15,0.7761498173849994,0.8822188350907297,0.9275179149074116,0.9392068740117722,0.9394150624614781,0.9456333523256083,0.9601973622988476,0.9574871576321146,0.9727809639769268,1.0,0.9467883372209273,0.933839918731962
0,10,2.2908225655555725,0.14720765195927182,3241,2.28912882010142,0.15895061728395063,648,2.2970868816858605,0.1308,0.9520922207056094,0.08257661136947299,,,0.8937453514996304,,0.8937796042316516,0.10622039576834841,0,0.1436867041225144,10,0.025,0.15,0.7636711520389379,0.8587955704428918,0.9084084341484835,0.925761786892829,0.93620752068453,0.9440782590647612,0.955330789481991,0.9638598336651365,0.9564473661344053,0.9467883372209273,1.0,0.9567092040393731
0,11,2.293506616592407,0.14637543526432414,3159,2.298648452758789,0.11392405063291139,632,2.2970880224734924,0.1308,0.9363416854434566,0.08121054009936005,,,0.8558405429568985,,0.8558696836163787,0.14413031638362128,0,0.14368252478188492,10,0.025,0.15,0.7392538870554632,0.8352335986330434,0.8959615538339255,0.9055361569390428,0.9231170012424772,0.9323172917348855,0.9398126136848528,0.9452858042129406,0.9451117122223912,0.933839918731962,0.9567092040393731,1.0
1,0,2.1057586784716005,0.23360116873630388,6845,2.285661068829623,0.14828341855368882,1369,2.285508083391793,0.1437,0.9126988983677221,0.07768622257913613,,,0.75,,0.7500041260253173,0.2499958739746827,0.9220572376455813,0.1459648853096574,10,0.025,0.15,1.0,0.9496960947326547,0.9344568701498244,0.9099020129873888,0.8996365921308112,0.887807938033924,0.8691660879396043,0.8583090461371778,0.8564121899829543,0.8505299319481444,0.8321155280914218,0.8194706242086958
1,1,2.146741517754488,0.20732018985031034,5478,2.2826042705112033,0.1468978102189781,1096,2.2854815042471586,0.1435,0.9638634670806193,0.08308487935310752,,,0.9126125240081359,,0.9126602960835768,0.0873397039164232,0.9224239693894001,0.14603718980365366,10,0.025,0.15,0.9496960947326547,1.0,0.9725873883375262,0.9574476166492714,0.9569990886618497,0.9465679665269346,0.9297658973465834,0.9209053383264796,0.922050424918463,0.9156706277475833,0.9018223602186608,0.8849779297900959
1,2,2.178288638905475,0.20479253112033194,4820,2.283446103334427,0.1400414937759336,964,2.2854806743090665,0.1436,0.9798355374343704,0.08468218831653643,,,0.9607249440116252,,0.9607697512831939,0.03923024871680614,0.922457260818956,0.14604044448495215,10,0.025,0.15,0.9344568701498244,0.9725873883375262,1.0,0.9720452225657162,0.9685605635985062,0.96456764371364,0.9512467640802458,0.9455687500183719,0.9484586505164591,0.9442691190856283,0.9281925198628856,0.9131047693503612
1,3,2.179650775705065,0.2076259645937358,4406,2.2846682412283763,0.13847900113507378,881,2.2854806471474562,0.1436,0.9861193983692046,0.08499011566704902,,,0.9699999999698791,,0.9700285520951957,0.029971447904804327,0.9224594118960394,0.14604052946090906,10,0.025,0.15,0.9099020129873888,0.9574476166492714,0.9720452225657162,1.0,0.9756964596309884,0.9746431011140223,0.9648554537677598,0.9615641936415698,0.9628664902031966,0.9525471168134462,0.946614755525772,0.9366679058969247
1,4,2.18563683683222,0.2019455252918288,4112,2.2880994932992116,0.12530413625304138,822,2.2854806230038025,0.1436,0.9833893196034749,0.08480816708394448,,,0.9645195407413943,,0.9645574425244673,0.03544255747553271,0.9224574959587803,0.1460404863904284,10,0.025,0.15,0.8996365921308112,0.9569990886618497,0.9685605635985062,0.9756964596309884,1.0,0.9779566890338884,0.9651479542849997,0.958102422635187,0.9533159929551667,0.951820663158494,0.9455155150182326,0.9293512337511616
1,5,2.185519398796943,0.20727693494471586,3889,2.285494497844151,0.14524421593830333,778,2.2854806833629366,0.1436,0.9861954476867096,0.08482068321698445,,,0.9648965382186676,,0.9649370368536582,0.03506296314634183,0.9224628156974621,0.1460404864133364,10,0.025,0.15,0.887807938033924,0.9465679665269346,0.96456764371364,0.9746431011140223,0.9779566890338884,1.0,0.9749786494325766,0.9693771164800741,0.9614290508796823,0.9563740511573103,0.95498646461442,0.9458523721230868
1,6,2.200164561847161,0.19110751818916735,3711,2.2852594455083213,0.14690026954177898,742,2.2854807075065904,0.1436,0.9852486624630878,0.08436045854998836,,,0.951034146545269,,0.9510818438381938,0.04891815616180617,0.9224530894734385,0.14604032674998624,10,0.025,0.15,0.8691660879396043,0.9297658973465834,0.9512467640802458,0.9648554537677598,0.9651479542849997,0.9749786494325766,1.0,0.9788664837605252,0.9699746755851841,0.9686051471320481,0.968001436836302,0.9631008068405018
1,7,2.2144486129283907,0.1834736251402918,3564,2.2852269808451333,0.15988779803646563,713,2.2854816823066035,0.1435,0.9838363375974172,0.08385359783278615,,,0.9357670340030885,,0.9357990460629466,0.06420095393705338,0.9224131115178146,0.14603799016136826,10,0.025,0.15,0.8583090461371778,0.9209053383264796,0.9455687500183719,0.9615641936415698,0.958102422635187,0.9693771164800741,0.9788664837605252,1.0,0.9787390245331138,0.9716916438492835,0.9735415533669531,0.9706721559219321
1,8,2.20383583439721,0.1953211275791921,3441,2.2895684242248535,0.11337209302325581,688,2.285481618929513,0.1435,0.9821151374558829,0.08371939748112031,,,0.9317247955684514,,0.9317637933026357,0.0682362066973643,0.9224216418424884,0.14603790355091212,10,0.025,0.15,0.8564121899829543,0.922050424918463,0.9484586505164591,0.9628664902031966,0.9533159929551667,0.9614290508796823,0.9699746755851841,0.9787390245331138,1.0,0.9780067959680786,0.9693169433632829,0.9667051917192961
1,9,2.2186582388701264,0.18608278344331133,3334,2.2839499711990356,0.14992503748125938,667,2.2854812477208393,0.1436,0.9775882344168255,0.08342331008915062,,,0.9228063700876332,,0.9228433265666518,0.0771566734333482,0.9224155897112257,0.14603761605707305,10,0.025,0.15,0.8505299319481444,0.9156706277475833,0.9442691190856283,0.9525471168134462,0.951820663158494,0.9563740511573103,0.9686051471320481,0.9716916438492835,0.9780067959680786,1.0,0.964454575476517,0.9603778459684137
1,10,2.2270372124818656,0.19182351126195618,3241,2.277946949005127,0.1728395061728395,648,2.2854812628106225,0.1436,0.9724104811728558,0.08284117247587526,,,0.9052718479688764,,0.9053242230694327,0.09467577693056728,0.9223961305543962,0.14603675493932902,10,0.025,0.15,0.8321155280914218,0.9018223602186608,0.9281925198628856,0.946614755525772,0.9455155150182326,0.95498646461442,0.968001436836302,0.9735415533669531,0.9693169433632829,0.964454575476517,1.0,0.9691829467569169
1,11,2.235658369064331,0.18812915479582146,3159,2.287432050704956,0.13765822784810128,632,2.285480278956739,0.1436,0.9642718509116484,0.08172980735432141,,,0.8717965049202503,,0.8718291495436616,0.12817085045633836,0.9224943143992089,0.14602481903210673,10,0.025,0.15,0.8194706242086958,0.8849779297900959,0.9131047693503612,0.9366679058969247,0.9293512337511616,0.9458523721230868,0.9631008068405018,0.9706721559219321,0.9667051917192961,0.9603778459684137,0.9691829467569169,1.0
2,0,2.0364949378702377,0.25881665449233016,6845,2.268175320191817,0.1731190650109569,1369,2.26876779447628,0.171,0.912298294535599,0.07784050478772714,,,0.75,,0.7500041260253173,0.2499958739746827,0.9623506010804111,0.14601823578993475,10,0.025,0.15,1.0,0.9477579147978047,0.9369123574982878,0.9047140907928644,0.8995174570965571,0.8839683881954861,0.8673655868182492,0.8608754971072946,0.8506208728470439,0.8438992354168481,0.8355691016617659,0.8372060217120164
2,1,2.073831422384395,0.24008762322015334,5478,2.2653176254696317,0.18339416058394162,1096,2.268738668176192,0.171,0.9616695348856397,0.08279270953569427,,,0.9079257470310634,,0.9079648792724992,0.09203512072750075,0.9628546020649854,0.14609039564727547,10,0.025,0.15,0.9477579147978047,1.0,0.9663877612859537,0.9483986635035141,0.950715109521746,0.9398605497263579,0.9279262265594101,0.9214598536087639,0.915980446590289,0.9107537629561048,0.9046687217358249,0.9051079395852093
2,2,2.103426197014357,0.23064315352697096,4820,2.2662363052368164,0.16182572614107885,964,2.2687371622158,0.171,0.9764295201780177,0.08426289435073235,,,0.9548099222630999,,0.9548530309781981,0.04514696902180193,0.9629245233824231,0.14609428708421981,10,0.025,0.15,0.9369123574982878,0.9663877612859537,1.0,0.9647128091367362,0.9641901246561209,0.9561563080404825,0.94620313219875,0.9444327905990011,0.9421569019004801,0.9334514321775147,0.9271209970845858,0.9276188757496221
2,3,2.1088628104754856,0.23386291420789831,4406,2.2676452909197127,0.17707150964812712,881,2.268736972084528,0.171,0.9851937896214629,0.08473922184227142,,,0.9699999999681099,,0.9700285520951957,0.029971447904804327,0.9629287037741219,0.14609440432407356,10,0.025,0.15,0.9047140907928644,0.9483986635035141,0.9647128091367362,1.0,0.9740455528033867,0.9707635679001488,0.963595295404434,0.9619560473487845,0.9620220518967949,0.9540579807275824,0.9494617842693376,0.9554774091945654
2,4,2.100683856371677,0.23638132295719844,4112,2.2700716086796353,0.15328467153284672,822,2.2687369781204416,0.171,0.9870702471431092,0.0846877081549745,,,0.9683572291291156,,0.9684028981201829,0.031597101879817124,0.9629271004276616,0.14609440065132193,10,0.025,0.15,0.8995174570965571,0.950715109521746,0.9641901246561209,0.9740455528033867,1.0,0.973403733532226,0.9675862284199942,0.965945208514499,0.9609666112023474,0.9599123208324025,0.9574100240969452,0.9571198603828468
2,5,2.1070799558393416,0.23553612753921316,3889,2.2700441564832414,0.17223650385604114,778,2.26873714410806,0.171,0.9856183619311129,0.08464813898341864,,,0.9670953687466411,,0.9671403343730917,0.03285966562690834,0.9629267289074848,0.14609439352046302,10,0.025,0.15,0.8839683881954861,0.9398605497263579,0.9561563080404825,0.9707635679001488,0.973403733532226,1.0,0.9707031660543798,0.9729709464074785,0.9629381088657991,0.9590035354239078,0.9589661915972226,0.9642703409552817
2,6,2.1247947532555154,0.2280517380759903,3711,2.2688302199045816,0.16576819407008087,742,2.268737304059765,0.171,0.9845338990897079,0.0843278016210084,,,0.9568798142945837,,0.9569242956874784,0.04307570431252161,0.9629242322663149,0.1460943157843794,10,0.025,0.15,0.8673655868182492,0.9279262265594101,0.94620313219875,0.963595295404434,0.9675862284199942,0.9707031660543798,1.0,0.9763313172085627,0.9708014229775843,0.9729376243015226,0.9673737067361612,0.9689819726745863
2,7,2.143196431228093,0.21531986531986533,3564,2.269161343574524,0.18373071528751753,713,2.268738650068452,0.171,0.9839795647229006,0.08399586294874947,,,0.9462942942175896,,0.9463369147233087,0.05366308527669128,0.9628937359191049,0.1460941662234643,10,0.025,0.15,0.8608754971072946,0.9214598536087639,0.9444327905990011,0.9619560473487845,0.965945208514499,0.9729709464074785,0.9763313172085627,1.0,0.9764583320834972,0.9685291163340908,0.9710178521262758,0.9731651641595827
2,8,2.1269623200098673,0.21857018308631213,3441,2.275155862172445,0.14098837209302326,688,2.268738481062877,0.171,0.9802511368153138,0.08379124314547408,,,0.9397689712686786,,0.9398095426713539,0.06019045732864614,0.9628887545909341,0.1460940371713777,10,0.025,0.15,0.8506208728470439,0.915980446590289,0.9421569019004801,0.9620220518967949,0.9609666112023474,0.9629381088657991,0.9708014229775843,0.9764583320834972,1.0,0.9727245917447275,0.9660016680423554,0.968467899925723
2,9,2.139762783933569,0.21721655668866227,3334,2.2679549058278403,0.17691154422788605,667,2.2687381068362464,0.171,0.9763164880380653,0.0834796541844375,,,0.9298324032262254,,0.9298658216566816,0.07013417834331837,0.9628589731293514,0.1460914442220279,10,0.025,0.15,0.8438992354168481,0.9107537629561048,0.9334514321775147,0.9540579807275824,0.9599123208324025,0.9590035354239078,0.9729376243015226,0.9685291163340908,0.9727245917447275,1.0,0.9634469223116493,0.964379337751018
2,10,2.15349902510643,0.2212897253933971,3241,2.2620321114857993,0.18981481481481483,648,2.2687381973749474,0.1711,0.9736609618777694,0.08303261863728414,,,0.9155764452586932,,0.9156227822613919,0.08437721773860807,0.962857299693611,0.1460908515176199,10,0.025,0.15,0.8355691016617659,0.9046687217358249,0.9271209970845858,0.9494617842693376,0.9574100240969452,0.9589661915972226,0.9673737067361612,0.9710178521262758,0.9660016680423554,0.9634469223116493,1.0,0.9711482203470008
2,11,2.1663355593681337,0.22060778727445393,3159,2.271684408187866,0.17088607594936708,632,2.2687363141699683,0.1711,0.9754169912518138,0.08240164180822805,,,0.8954546021283419,,0.8954960307636448,0.10450396923635519,0.962761179118306,0.1460890662682584,10,0.025,0.15,0.8372060217120164,0.9051079395852093,0.9276188757496221,0.9554774091945654,0.9571198603828468,0.9642703409552817,0.9689819726745863,0.9731651641595827,0.968467899925723,0.964379337751018,0.9711482203470008,1.0
3,0,1.9778478138976627,0.2799561723886048,6845,2.244543292305686,0.197954711468225,1369,2.2461867332458496,0.1981,0.9129047430893286,0.07805786186518604,,,0.75,,0.7500041260253173,0.2499958739746827,0.9730057764267103,0.14549121155118028,10,0.025,0.15,1.0,0.9423774391009434,0.9335761339644075,0.8991827511477833,0.8937058677089139,0.8810537175993943,0.871366674715657,0.8610711810116503,0.8454962213706786,0.8402876682138891,0.8363781943394468,0.8350957526988229
3,1,2.0122478235599606,0.26706827309236947,5478,2.2419932153489857,0.2125912408759124,1096,2.2461317249491244,0.1979,0.9588819481494346,0.08262896074551136,,,0.9043677525088816,,0.9044082454489941,0.09559175455100588,0.9733471299334084,0.14558225789706533,10,0.025,0.15,0.9423774391009434,1.0,0.9574463248816703,0.9384333346808623,0.940767449160313,0.9342172042902351,0.9274395072143002,0.9193738622885836,0.9072400959744952,0.9008868115460349,0.9002782358045746,0.9000489965756223
3,2,2.0398701824639973,0.2553941908713693,4820,2.2429550290107727,0.1970954356846473,964,2.2461276476896264,0.1979,0.9713583399015072,0.08394772176903569,,,0.9489028152208205,,0.9489363106732023,0.05106368932679772,0.9733691107828942,0.145586726139275,10,0.025,0.15,0.9335761339644075,0.9574463248816703,1.0,0.955920138845278,0.9524683478625732,0.9488942822274856,0.9432023931532729,0.9359133960193393,0.9316745340583329,0.9166289332428247,0.9183122742188611,0.9175160367358077
3,3,2.0484672474861143,0.2566954153427145,4406,2.244708674294608,0.20317820658342792,881,2.246127029008503,0.1979,0.979850711456334,0.08452021730169945,,,0.9682362076965465,,0.9682708653100296,0.031729134689970406,0.9733673537064091,0.14558713653487343,10,0.025,0.15,0.8991827511477833,0.9384333346808623,0.955920138845278,1.0,0.9627384670384751,0.964058427800619,0.9566811758352955,0.9525263875110184,0.9515029405176851,0.9365109722780129,0.9417708313198528,0.9480789424148753
3,4,2.037741547642332,0.2601896887159533,4112,2.2455054010663713,0.18248175182481752,822,2.2461273428759996,0.1979,0.982429888593323,0.08457244627269915,,,0.9699999999662297,,0.9700285520951957,0.029971447904804327,0.973366724376632,0.14558715455696233,10,0.025,0.15,0.8937058677089139,0.940767449160313,0.9524683478625732,0.9627384670384751,1.0,0.9637550623115183,0.9634880703168505,0.9593717176728401,0.9530101699860618,0.9494166187715837,0.9488334376367448,0.9494838496887679
3,5,2.0406372227976397,0.2583183337618925,3889,2.2491215637751987,0.1953727506426735,778,2.2461275148995314,0.1979,0.9820842825319912,0.08453663239962202,,,0.9687905518137621,,0.9688320047531812,0.03116799524681879,0.9733668844827204,0.14558714556854532,10,0.025,0.15,0.8810537175993943,0.9342172042902351,0.9488942822274856,0.964058427800619,0.9637550623115183,1.0,0.9659276159723763,0.9658262111599986,0.9558707852413141,0.9461399566216996,0.9506292006297241,0.9557862380668598
3,6,2.060535421042607,0.2541902452169227,3711,2.246952176094055,0.1954177897574124,742,2.2461276959769334,0.1979,0.9835495199003977,0.08438582228352126,,,0.9636976366772555,,0.9637322374610091,0.03626776253899089,0.97337223413908,0.1455870789366514,10,0.025,0.15,0.871366674715657,0.9274395072143002,0.9432023931532729,0.9566811758352955,0.9634880703168505,0.9659276159723763,1.0,0.9707506034931201,0.9637431751421178,0.9608736993669083,0.9604383993834498,0.9649837126006486
3,7,2.08103303866727,0.24020763187429853,3564,2.2474568287531533,0.20336605890603085,713,2.246129853815972,0.1979,0.9813619228537714,0.08410860989984685,,,0.954336068757639,,0.9543826640920269,0.04561733590797312,0.9733717133833258,0.14558689187289445,10,0.025,0.15,0.8610711810116503,0.9193738622885836,0.9359133960193393,0.9525263875110184,0.9593717176728401,0.9658262111599986,0.9707506034931201,1.0,0.9709535756441577,0.9579687552493465,0.9637033584439427,0.9655460924660644
3,8,2.060745894025873,0.24077303109561174,3441,2.255442500114441,0.16715116279069767,688,2.2461296999001803,0.1979,0.9766168007724096,0.08382687871656275,,,0.9448218992518287,,0.9448597976597184,0.05514020234028161,0.9733704890653102,0.1455865848808915,10,0.025,0.15,0.8454962213706786,0.9072400959744952,0.9316745340583329,0.9515029405176851,0.9530101699860618,0.9558707852413141,0.9637431751421178,0.9709535756441577,1.0,0.9626276284174662,0.9596729047717545,0.9652958763669909
3,9,2.076489761582127,0.2393521295740852,3334,2.24661922454834,0.20089955022488756,667,2.2461291777936716,0.1979,0.9693808730868049,0.08339753407138868,,,0.9303227668413465,,0.9303609446947566,0.06963905530524339,0.9733700344388042,0.1455840547811257,10,0.025,0.15,0.8402876682138891,0.9008868115460349,0.9166289332428247,0.9365109722780129,0.9494166187715837,0.9461399566216996,0.9608736993669083,0.9579687552493465,0.9626276284174662,1.0,0.9498426976554877,0.9620814057325152
3,10,2.086831223506194,0.24035791422400493,3241,2.2408218383789062,0.22067901234567902,648,2.2461306384847135,0.1979,0.9704846517250938,0.08315636774751813,,,0.9221784881085099,,0.9222161707184235,0.07778382928157646,0.9733627652679517,0.14558359303725177,10,0.025,0.15,0.8363781943394468,0.9002782358045746,0.9183122742188611,0.9417708313198528,0.9488334376367448,0.9506292006297241,0.9604383993834498,0.9637033584439427,0.9596729047717545,0.9498426976554877,1.0,0.9661208691778634
3,11,2.0976482067108155,0.24593225704336816,3159,2.2506854057312013,0.19462025316455697,632,2.246130131467988,0.1978,0.9734208308394998,0.08286094692740871,,,0.9122020143461713,,0.9122476935518476,0.08775230644815235,0.9733666778200631,0.14558288921926946,10,0.025,0.15,0.8350957526988229,0.9000489965756223,0.9175160367358077,0.9480789424148753,0.9494838496887679,0.9557862380668598,0.9649837126006486,0.9655460924660644,0.9652958763669909,0.9620814057325152,0.9661208691778634,1.0
4,0,1.9303424603409238,0.29888970051132213,6845,2.215719309720126,0.21694667640613585,1369,2.218737209899516,0.2167,0.9144316431353542,0.07832417518999227,,,0.75,,0.7500041260253173,0.2499958739746827,0.9804684063030021,0.1450942099638884,10,0.025,0.15,1.0,0.9383079702723103,0.9275603456638609,0.8977928033156446,0.8908494891970029,0.8780596077364947,0.8726501885059391,0.8619316429828578,0.8414931038150789,0.8462073813020397,0.8369091484253858,0.8364920460925028
4,1,1.9621747113937555,0.2877327491785323,5478,2.213668796751234,0.23905109489051096,1096,2.2186410940146146,0.2173,0.9582239859570685,0.08259211687359515,,,0.9012662273887468,,0.9013137264610256,0.09868627353897441,0.9813648348840908,0.14517874618724128,10,0.025,0.15,0.9383079702723103,1.0,0.9497218632930271,0.9333687571709456,0.9349177030196161,0.9273275651998549,0.9259947604268086,0.9184310710688046,0.902761321932679,0.9016150817824898,0.8991414951057151,0.8987545166368006
4,2,1.9869687478793294,0.27823651452282155,4820,2.2148647606372833,0.21680497925311204,964,2.2186315633073637,0.2173,0.9697024859438808,0.08378566579583278,,,0.9435685023622844,,0.9436219900645311,0.05637800993546893,0.9814237110581505,0.1451814247906078,10,0.025,0.15,0.9275603456638609,0.9497218632930271,1.0,0.9484017640034774,0.9495931728228529,0.9420361424783008,0.9420121086750979,0.9315734906481222,0.9249368591761528,0.9172865788551746,0.9142574648850712,0.9138087944833575
4,3,1.998517235006605,0.2773717657739446,4406,2.2171336923326765,0.2224744608399546,881,2.2186305281482164,0.2173,0.9767353034007455,0.08437076946424171,,,0.9643059985871203,,0.9643593933092374,0.03564060669076263,0.9814357457236276,0.14518186348762283,10,0.025,0.15,0.8977928033156446,0.9333687571709456,0.9484017640034774,1.0,0.9583195017577901,0.9556925843431499,0.951016537997448,0.9452363404893658,0.9430344116980742,0.9337985461039485,0.9338324060702018,0.9395003986239961
4,4,1.984274726564234,0.28188229571984436,4112,2.2158007281167165,0.20437956204379562,822,2.218631490876403,0.2173,0.9806606579562847,0.08453142439855697,,,0.9699999999645575,,0.9700285520951957,0.029971447904804327,0.9814354821094546,0.14518192667143615,10,0.025,0.15,0.8908494891970029,0.9349177030196161,0.9495931728228529,0.9583195017577901,1.0,0.9566272663544477,0.9585330391828198,0.9553122413093341,0.9478753472773505,0.9427315530009467,0.9455914716651074,0.9445892764935359
4,5,1.9854674758449677,0.28117768063769605,3889,2.2232583931514194,0.2069408740359897,778,2.2186311860627765,0.2173,0.9776079103111653,0.08440946531297465,,,0.9656774735245416,,0.9657209816639435,0.03427901833605651,0.9814361574459238,0.1451818745458815,10,0.025,0.15,0.8780596077364947,0.9273275651998549,0.9420361424783008,0.9556925843431499,0.9566272663544477,1.0,0.9580742045884609,0.9573003959604427,0.9451911407198856,0.9422810757457288,0.9413382790818036,0.9447890532859886
4,6,2.005873609411305,0.27636755591484774,3711,2.2202948331832886,0.21293800539083557,742,2.21863184095938,0.2173,0.9808633517501852,0.08442220770680806,,,0.9661290949350417,,0.966166592398211,0.03383340760178899,0.9814332173107271,0.14518188519264225,10,0.025,0.15,0.8726501885059391,0.9259947604268086,0.9420121086750979,0.951016537997448,0.9585330391828198,0.9580742045884609,1.0,0.9616152830120382,0.9546915378597676,0.9549186775659476,0.9503217293380928,0.9564393561720279
4,7,2.0270688154867718,0.2636363636363636,3564,2.2207908630371094,0.2300140252454418,713,2.2186344877074036,0.2173,0.9775739066500496,0.08414267878147604,,,0.9562219103679577,,0.9562641316367118,0.043735868363288244,0.9814281462667827,0.14518172823509143,10,0.025,0.15,0.8619316429828578,0.9184310710688046,0.9315734906481222,0.9452363404893658,0.9553122413093341,0.9573003959604427,0.9616152830120382,1.0,0.9612232816058968,0.9475814234247518,0.9542780744919339,0.9531389280285211
4,8,2.0054418135572365,0.2626271432723046,3441,2.2314219077428183,0.18895348837209303,688,2.218634327755699,0.2173,0.9714726474970009,0.08376848675960133,,,0.9429596355610133,,0.9430195903682065,0.056980409631793516,0.9814214095089762,0.1451814006611889,10,0.025,0.15,0.8414931038150789,0.902761321932679,0.9249368591761528,0.9430344116980742,0.9478753472773505,0.9451911407198856,0.9546915378597676,0.9612232816058968,1.0,0.9484736011034257,0.951242761739287,0.9549966854255413
4,9,2.0205969046663355,0.2692261547690462,3334,2.2204130490620932,0.2158920539730135,667,2.21863347669191,0.2173,0.9674620174455956,0.08337096842833074,,,0.9288706196496216,,0.9289168358337047,0.07108316416629534,0.9813836475452158,0.14518071122224374,10,0.025,0.15,0.8462073813020397,0.9016150817824898,0.9172865788551746,0.9337985461039485,0.9427315530009467,0.9422810757457288,0.9549186775659476,0.9475814234247518,0.9484736011034257,1.0,0.9398735716590706,0.9555344639282388
4,10,2.0313151611731604,0.2635914841098426,3241,2.2144565184911094,0.2345679012345679,648,2.218636343750773,0.2173,0.9664632435540629,0.08318864667629344,,,0.922408693586399,,0.9224389760855572,0.07756102391444275,0.9813786147633433,0.1451803844590888,10,0.025,0.15,0.8369091484253858,0.8991414951057151,0.9142574648850712,0.9338324060702018,0.9455914716651074,0.9413382790818036,0.9503217293380928,0.9542780744919339,0.951242761739287,0.9398735716590706,1.0,0.9514287204317778
4,11,2.03983988571167,0.2671415004748338,3159,2.2251648902893066,0.20411392405063292,632,2.2186374634127075,0.2173,0.9691605393862107,0.08309339461229687,,,0.9190327289083646,,0.9190721394266476,0.08092786057335244,0.9813729806809287,0.1451801788420373,10,0.025,0.15,0.8364920460925028,0.8987545166368006,0.9138087944833575,0.9395003986239961,0.9445892764935359,0.9447890532859886,0.9564393561720279,0.9531389280285211,0.9549966854255413,0.9555344639282388,0.9514287204317778,1.0
5,0,1.8875749972131517,0.3152520087655223,6845,2.181667349555276,0.25785244704163623,1369,2.186347873905037,0.2422,0.9209467199201267,0.07881021669186299,,,0.75,,0.7500041260253173,0.2499958739746827,0.9870727265665284,0.14456803135823837,10,0.025,0.15,1.0,0.9387769784111145,0.928000403822969,0.9033386358356635,0.8916710436306694,0.8775886905621908,0.8800136668884845,0.8690183935671284,0.8437859633677863,0.8409043044634039,0.8462814730988597,0.8447689564037871
5,1,1.918145789933759,0.30748448338809786,5478,2.1803159448835583,0.2490875912408759,1096,2.1862065580826773,0.2422,0.95699160803073,0.0826421344347993,,,0.8993189677677159,,0.8993579904606295,0.10064200953937052,0.9874648610313912,0.14464077009638499,10,0.025,0.15,0.9387769784111145,1.0,0.9436648128419031,0.929885775989649,0.9266443743304618,0.9206642334136579,0.9221461233927801,0.914732620043683,0.8955390662450777,0.8909738101759126,0.8954876493485449,0.8970733106704387
5,2,1.9409661258521833,0.2973236514522822,4820,2.181580275297165,0.258298755186722,964,2.1861884473245357,0.2428,0.9653764775840885,0.08365829000113928,,,0.9389156685416308,,0.9389595814559918,0.06104041854400821,0.9875580518099495,0.14464605710655057,10,0.025,0.15,0.928000403822969,0.9436648128419031,1.0,0.9401319399215606,0.9354484135251468,0.9292668317310981,0.9352350717571409,0.9244139986484575,0.9146523831750953,0.9034956835480223,0.9098242598220273,0.9063435992964188
5,3,1.9557719949313572,0.29439400817067635,4406,2.1848160198756625,0.2395005675368899,881,2.1861859786359568,0.2428,0.9716180076464938,0.08422614674971926,,,0.9610434356875195,,0.9610915812579426,0.038908418742057416,0.9875621278563295,0.1446465162276613,10,0.025,0.15,0.9033386358356635,0.929885775989649,0.9401319399215606,1.0,0.9458587944176323,0.9412707954377443,0.9427103155342567,0.9352442838670584,0.9317763727486136,0.9128553167585071,0.9263088109560961,0.930794166137567
5,4,1.937458499995145,0.2991974708171206,4112,2.180619716644287,0.23236009732360097,822,2.186186334754847,0.2428,0.9752767963709655,0.08444569444711605,,,0.9695985868547122,,0.9696407057153703,0.03035929428462969,0.9875639017324537,0.14464658004143707,10,0.025,0.15,0.8916710436306694,0.9266443743304618,0.9354484135251468,0.9458587944176323,1.0,0.9450198402739943,0.9501093838203243,0.9456699720950527,0.9333859734428158,0.9311786853900125,0.9372638994443816,0.9392345108948492
5,5,1.939571992043526,0.2998457186937516,3889,2.192995241710118,0.2300771208226221,778,2.186186693891694,0.2428,0.9714338973662371,0.0842441754974346,,,0.9617459648594886,,0.9617847535112476,0.03821524648875241,0.9875616492423602,0.1446465245534845,10,0.025,0.15,0.8775886905621908,0.9206642334136579,0.9292668317310981,0.9412707954377443,0.9450198402739943,1.0,0.94829828539343,0.946325256342765,0.9329515014485914,0.9238080298144496,0.9347048410452639,0.9363993453542527
5,6,1.9583995703993173,0.2936944219886823,3711,2.188732385635376,0.23450134770889489,742,2.186186778394482,0.2428,0.9776668087887456,0.084455995764004,,,0.9699999999610328,,0.9700285520951957,0.029971447904804327,0.9875618802989266,0.14464658006207054,10,0.025,0.15,0.8800136668884845,0.9221461233927801,0.9352350717571409,0.9427103155342567,0.9501093838203243,0.94829828539343,1.0,0.9517503270143244,0.945079602242686,0.9391437783317156,0.9447342019692822,0.9491612277758051
5,7,1.9810711979866027,0.2817901234567901,3564,2.189176360766093,0.26367461430575034,713,2.1861910246595553,0.2428,0.9738047771751179,0.08415591245420281,,,0.9583066043638981,,0.958335396345992,0.04166460365400804,0.9875630586130536,0.14464647860234173,10,0.025,0.15,0.8690183935671284,0.914732620043683,0.9244139986484575,0.9352442838670584,0.9456699720950527,0.946325256342765,0.9517503270143244,1.0,0.9485746229008865,0.9380428236671666,0.9458756952187258,0.9436880399185796
5,8,1.9598509117409035,0.2817204301075269,3441,2.2028021812438965,0.20784883720930233,688,2.1861919391004343,0.2428,0.9654439722123908,0.08364982025298451,,,0.9385856264748212,,0.9386294994306085,0.06137050056939153,0.9875582195493078,0.1446460569039095,10,0.025,0.15,0.8437859633677863,0.8955390662450777,0.9146523831750953,0.9317763727486136,0.9333859734428158,0.9329515014485914,0.945079602242686,0.9485746229008865,1.0,0.9367818544252718,0.9394343501279794,0.9436908684275103
5,9,1.9751084897253248,0.2836832633473305,3334,2.1897873878479004,0.23238380809595202,667,2.186192292201368,0.2426,0.9589126330694208,0.0831890776200378,,,0.9206317926575368,,0.9206730372497566,0.07932696275024342,0.9875395897253677,0.14464414004744636,10,0.025,0.15,0.8409043044634039,0.8909738101759126,0.9034956835480223,0.9128553167585071,0.9311786853900125,0.9238080298144496,0.9391437783317156,0.9380428236671666,0.9367818544252718,1.0,0.9313603555415579,0.9422242896805585
5,10,1.9846511524457198,0.28000617093489666,3241,2.18368407090505,0.24382716049382716,648,2.186196372478823,0.2428,0.9645262647836482,0.08325939582500086,,,0.9233718936943396,,0.923412718060438,0.07658728193956199,0.9875347321637401,0.14464430732385086,10,0.025,0.15,0.8462814730988597,0.8954876493485449,0.9098242598220273,0.9263088109560961,0.9372638994443816,0.9347048410452639,0.9447342019692822,0.9458756952187258,0.9394343501279794,0.9313603555415579,1.0,0.9443795646862753
5,11,1.9918209085464478,0.287147831592276,3159,2.19514536857605,0.2389240506329114,632,2.186198475994641,0.2429,0.9664505156198612,0.08326314026169866,,,0.9235178037738601,,0.9235612549718605,0.07643874502813952,0.9875345294570596,0.1446443075000544,10,0.025,0.15,0.8447689564037871,0.8970733106704387,0.9063435992964188,0.930794166137567,0.9392345108948492,0.9363993453542527,0.9491612277758051,0.9436880399185796,0.9436908684275103,0.9422242896805585,0.9443795646862753,1.0
6,0,1.8488359914885626,0.3285463842220599,6845,2.1436265165155586,0.28634039444850257,1369,2.150059503845022,0.2724,0.9287197876495753,0.07942708768553952,,,0.75,,0.7500041260253173,0.2499958739746827,0.9892969498485965,0.14426284108279408,10,0.025,0.15,1.0,0.937087889561765,0.9296187946361559,0.9088771919342031,0.8968775756760743,0.8827785643105095,0.8878745905017209,0.8779864452800609,0.8535845029378474,0.8464915987852578,0.8584430660036044,0.8509792545128341
6,1,1.8795408869898595,0.32135815991237676,5478,2.1429986688825817,0.2782846715328467,1096,2.1498314791087862,0.2721,0.9563217734482783,0.08271429880758703,,,0.895152388133114,,0.8951907048901652,0.10480929510983483,0.9898711750067123,0.14433917002550672,10,0.025,0.15,0.937087889561765,1.0,0.9382959160140869,0.9239047080838872,0.9247470540029484,0.9159733213942338,0.9190388401519988,0.9138853662244316,0.8943556427907612,0.888096692709082,0.8943024684377207,0.8950368380430778
6,2,1.9019898414611816,0.3096473029045643,4820,2.144344985485077,0.28319502074688796,964,2.1498050599158565,0.272,0.9660502355342354,0.08366487193390054,,,0.9371265584120293,,0.9371688864682873,0.06283111353171267,0.9898984004507032,0.1443429540248048,10,0.025,0.15,0.9296187946361559,0.9382959160140869,1.0,0.9380588930239084,0.9333271955138333,0.9289612767996438,0.9344390584965965,0.9220719149569852,0.9132120240950767,0.9011676016651036,0.9108156500977892,0.9052165392070332
6,3,1.9181619109426227,0.31173399909214705,4406,2.148777280535017,0.2735527809307605,881,2.1498080416570735,0.2722,0.968739863630054,0.08410614976177815,,,0.9566119301050804,,0.9566437259659025,0.043356274034097475,0.9898836913872463,0.144344267016708,10,0.025,0.15,0.9088771919342031,0.9239047080838872,0.9380588930239084,1.0,0.9413305602752182,0.9350754838603095,0.9328453286983469,0.9286035527062667,0.9254968623654205,0.9075905318724083,0.920193365694803,0.922370381800213
6,4,1.89935033827117,0.3125729571984436,4112,2.141347748892648,0.26763990267639903,822,2.1498097618923913,0.2722,0.9716728600236334,0.08433873653796062,,,0.9668821940940996,,0.9669340331072271,0.03306596689277286,0.9898816161893688,0.14434447897419894,10,0.025,0.15,0.8968775756760743,0.9247470540029484,0.9333271955138333,0.9413305602752182,1.0,0.9351486232476613,0.9397624934870121,0.9379896683026991,0.9251836855396715,0.9237896584949166,0.9290976512956644,0.9300381955796991
6,5,1.9000820106075655,0.31473386474672155,3889,2.1585732187543596,0.2737789203084833,778,2.1498090677623507,0.2721,0.9694502999550237,0.08414062272518696,,,0.9581341423327205,,0.9581621032826657,0.04183789671733429,0.9898851922036549,0.14434430680571522,10,0.025,0.15,0.8827785643105095,0.9159733213942338,0.9289612767996438,0.9350754838603095,0.9351486232476613,1.0,0.9430373339177883,0.9423723166105437,0.9276067193348048,0.9189137259059932,0.929939019305614,0.9311202727645502
6,6,1.9150120788607103,0.31059013742926433,3711,2.152908205986023,0.2628032345013477,742,2.149809801125828,0.2721,0.9736338612789028,0.08440934430567926,,,0.9699999999558433,,0.9700285520951957,0.029971447904804327,0.989883162319981,0.14434451428241407,10,0.025,0.15,0.8878745905017209,0.9190388401519988,0.9344390584965965,0.9328453286983469,0.9397624934870121,0.9430373339177883,1.0,0.9413056654036799,0.9365349066096241,0.9272577057711426,0.9369345343421602,0.9403093678830747
6,7,1.9383051931858062,0.2983726150392817,3564,2.1532616217931113,0.2791023842917251,713,2.149814364276355,0.2722,0.9699076288036179,0.08410069271437452,,,0.9563709649119783,,0.9564126685481342,0.043587331451865774,0.9898825941821793,0.14434426694871283,10,0.025,0.15,0.8779864452800609,0.9138853662244316,0.9220719149569852,0.9286035527062667,0.9379896683026991,0.9423723166105437,0.9413056654036799,1.0,0.9405675285100645,0.9204263902303259,0.9368617307606467,0.9339642751715053
6,8,1.921122752737116,0.2995059575704737,3441,2.170583446820577,0.22674418604651161,688,2.1498084702069247,0.272,0.9624110991439275,0.08354046399669117,,,0.9316331147242971,,0.9316565166443861,0.06834348335561391,0.9898966835379359,0.1443426382750175,10,0.025,0.15,0.8535845029378474,0.8943556427907612,0.9132120240950767,0.9254968623654205,0.9251836855396715,0.9276067193348048,0.9365349066096241,0.9405675285100645,1.0,0.9261842870292616,0.9305565258902148,0.9355300553553126
6,9,1.935382714536455,0.29601079784043194,3334,2.155377507209778,0.2563718140929535,667,2.1498100274725807,0.272,0.9540634579244839,0.08298058002213314,,,0.9069104872546208,,0.9069581290950801,0.09304187090491989,0.9898783099482201,0.1443406239433719,10,0.025,0.15,0.8464915987852578,0.888096692709082,0.9011676016651036,0.9075905318724083,0.9237896584949166,0.9189137259059932,0.9272577057711426,0.9204263902303259,0.9261842870292616,1.0,0.9207173487658695,0.9324183095298484
