round,client_id,client_i_training_loss,client_i_training_accuracy,client_i_training_dataset_size,client_i_evaluation_loss,client_i_evaluation_accuracy,client_i_evaluation_dataset_size,client_i_central_evaluation_loss,client_i_central_evaluation_accuracy,client_i_cosine_similarity,client_i_importance_coefficient,client_i_tanh_val,tanh_normalization_value,client_i_q,client_i_mask_order,client_i_v_nonzero_fraction,client_i_v_sparsity,client_i_v_cosine_similarity,client_i_reward_gradient_norm,local_epochs,learning_rate,gamma,client_0_cosine_similarity,client_1_cosine_similarity,client_2_cosine_similarity,client_3_cosine_similarity,client_4_cosine_similarity,client_5_cosine_similarity,client_6_cosine_similarity,client_7_cosine_similarity,client_8_cosine_similarity,client_9_cosine_similarity,client_10_cosine_similarity,client_11_cosine_similarity
0,0,2.1298182580257667,0.3782566350133918,8214,2.2640777133231937,0.26004382761139516,1369,2.2638192877601893,0.2678,0.9669678338918006,0.08163169639029627,,,0.65,,0.6500178811339539,0.34998211886604613,0,0.09852880286013727,5,0.001,0.1,1.0,0.9876847663102887,0.9691231286670192,0.9550419323970333,0.953019063442308,0.9451446749845326,0.9386840137854433,0.9344800431861711,0.9311615313853151,0.9181279539347628,0.9202168613204037,0.9169718990457381
0,1,2.193911222462515,0.3369637967751749,6574,2.260188218525478,0.2782846715328467,1096,2.263725833770947,0.2684,0.9896229823627544,0.08354425039347826,,,0.9144835775129181,,0.9145040160060313,0.08549598399396874,0,0.0986320744898459,5,0.001,0.1,0.9876847663102887,1.0,0.9875456907794515,0.9779820511302667,0.9801092478021445,0.9723894481312697,0.972168016778072,0.9683384266289111,0.9653772958504705,0.9527120944340608,0.9596020352313717,0.9553585011362051
0,2,2.2160974571059424,0.34186408438526716,5783,2.2651353497659006,0.27282157676348545,964,2.2637250278704464,0.2684,0.9941811849319289,0.08392905513586016,,,0.9676975180028461,,0.967712471366022,0.03228752863397799,0,0.0986326991934493,5,0.001,0.1,0.9691231286670192,0.9875456907794515,1.0,0.9848101522712737,0.987384159870207,0.9762387281673566,0.9857874717793552,0.9816265915342293,0.9744153694514466,0.9693214837832856,0.9754172641071357,0.9710124962338247
0,3,2.227778169620468,0.3392472101380745,5287,2.26644857440676,0.25198637911464244,881,2.263725691329176,0.2684,0.9914606018865919,0.08369938275030862,,,0.9359365459803395,,0.9359468785339403,0.06405312146605968,0,0.09863241522729597,5,0.001,0.1,0.9550419323970333,0.9779820511302667,0.9848101522712737,1.0,0.9873316209187204,0.9824086375134029,0.9834973692862226,0.9757337921315157,0.9714663013564786,0.9788280173905282,0.977298326394115,0.9706845027100799
0,4,2.23273367974066,0.3264437689969605,4935,2.260663628578186,0.29683698296836986,822,2.263724711756356,0.2684,0.9952349915829684,0.08401801778960791,,,0.9799999998617118,,0.9800166246218381,0.01998337537816186,0,0.0986327389437635,5,0.001,0.1,0.953019063442308,0.9801092478021445,0.987384159870207,0.9873316209187204,1.0,0.9885514983145691,0.9912682725580169,0.9885963341539387,0.9829620698760965,0.9734246029154446,0.9857172047899742,0.9808925866609856
0,5,2.2344341679795146,0.3217055924576816,4667,2.2649352455139162,0.2917737789203085,778,2.2637264134404,0.2685,0.9883202388766935,0.08343427242213194,,,0.8992749260129373,,0.8992953866674399,0.10070461333256009,0,0.09863165650312468,5,0.001,0.1,0.9451446749845326,0.9723894481312697,0.9762387281673566,0.9824086375134029,0.9885514983145691,1.0,0.9822127833646201,0.9771047947584771,0.9791508604657115,0.9665381642852249,0.9787296090987274,0.9702634378189584
0,6,2.24180043731417,0.30114529530653494,4453,2.263990859190623,0.26549865229110514,742,2.2637248222058575,0.2684,0.9928367948443556,0.08381556134670565,,,0.9520026705208189,,0.9520205681367858,0.047979431863214184,0,0.09863262867436855,5,0.001,0.1,0.9386840137854433,0.972168016778072,0.9857874717793552,0.9834973692862226,0.9912682725580169,0.9822127833646201,1.0,0.9913711382698288,0.9842773132786645,0.9799632548275604,0.9922889500475736,0.9867773080326279
0,7,2.244955274596143,0.28089782557867665,4277,2.266120993572733,0.270687237026648,713,2.2637257659778047,0.2684,0.9902401978346418,0.08359635589713883,,,0.9216891518356987,,0.9217047969766385,0.07829520302336146,0,0.09863221521139072,5,0.001,0.1,0.9344800431861711,0.9683384266289111,0.9816265915342293,0.9757337921315157,0.9885963341539387,0.9771047947584771,0.9913711382698288,1.0,0.9868649085625029,0.976634345806787,0.9903353680982294,0.9920333848679949
0,8,2.2465640016702504,0.2696536691692904,4129,2.2642632831226694,0.2703488372093023,688,2.2637270799460123,0.2683,0.9863786017581057,0.08327035887070927,,,0.8766076222866169,,0.876634673935106,0.12336532606489403,0,0.09863079060274045,5,0.001,0.1,0.9311615313853151,0.9653772958504705,0.9744153694514466,0.9714663013564786,0.9829620698760965,0.9791508604657115,0.9842773132786645,0.9868649085625029,1.0,0.9715617156271947,0.9861109557428682,0.9843770380357048
0,9,2.251152209251646,0.267583104223944,4001,2.2638317289806547,0.25787106446776614,667,2.263732699159616,0.2681,0.9798639014205052,0.08272038603666744,,,0.8005528900070075,,0.8005721962865234,0.19942780371347657,0,0.09862095665228825,5,0.001,0.1,0.9181279539347628,0.9527120944340608,0.9693214837832856,0.9788280173905282,0.9734246029154446,0.9665381642852249,0.9799632548275604,0.976634345806787,0.9715617156271947,1.0,0.9819905231954071,0.9801247716534311
0,10,2.2524886256358663,0.2733864746721522,3889,2.262713534491403,0.25771604938271603,648,2.2637267699256873,0.2685,0.9869770559322913,0.08332088054034333,,,0.883594171113217,,0.8836179816549231,0.11638201834507689,0,0.09863111593613746,5,0.001,0.1,0.9202168613204037,0.9596020352313717,0.9754172641071357,0.977298326394115,0.9857172047899742,0.9787296090987274,0.9922889500475736,0.9903353680982294,0.9861109557428682,0.9819905231954071,1.0,0.9912650992199643
0,11,2.2531613217682396,0.24858876285940384,3791,2.265064537525177,0.2389240506329114,632,2.2637291533497574,0.2682,0.9834103997979375,0.08301978242675215,,,0.8419558664522805,,0.8419694377591557,0.15803056224084433,0,0.09862768489318145,5,0.001,0.1,0.9169718990457381,0.9553585011362051,0.9710124962338247,0.9706845027100799,0.9808925866609856,0.9702634378189584,0.9867773080326279,0.9920333848679949,0.9843770380357048,0.9801247716534311,0.9912650992199643,1.0
1,0,1.9237840962317203,0.48836133430728024,8214,2.2157556234404097,0.352081811541271,1369,2.215159166354341,0.3662,0.9793205303198923,0.08181558337738878,,,0.65,,0.6500178811339539,0.34998211886604613,0.9596989401593525,0.09928522708665075,5,0.001,0.1,1.0,0.9946044429524691,0.9868810195641722,0.981463655068641,0.9768878151439198,0.972853526150107,0.9685974575678516,0.9653727512502885,0.962720993030571,0.9599368711573137,0.9572593447302445,0.9545162190887019
1,1,2.045107954219707,0.46483115302707634,6574,2.211357307434082,0.3813868613138686,1096,2.21490272851036,0.3663,0.9923142251720682,0.08341069388831072,,,0.9045593373414503,,0.9045775702921874,0.09542242970781256,0.9610698755069311,0.09939486736766927,5,0.001,0.1,0.9946044429524691,1.0,0.9955274146276685,0.9928552900197193,0.9905573315160819,0.9872815538903531,0.9850320496125892,0.9822702074685326,0.9802456807187444,0.9769023445276883,0.9767721701181301,0.9737278466734326
1,2,2.0931285389220515,0.4707591215632025,5783,2.216114705608737,0.36929460580912865,964,2.2148996290688316,0.3663,0.9962349389909089,0.08377387006782579,,,0.9625176336240822,,0.9625414407361228,0.0374585592638772,0.9610950086487784,0.099396156777386,5,0.001,0.1,0.9868810195641722,0.9955274146276685,1.0,0.995311391041526,0.9937865052680637,0.9891287766842926,0.9917044492902151,0.9895056063869337,0.9863523981355629,0.985666810031078,0.985232022251727,0.9832713220217458
1,3,2.1151000606008323,0.4604501607717042,5287,2.2170359577451433,0.36095346197502837,881,2.2149005035241953,0.3663,0.9975910404747238,0.08367661979063351,,,0.9469977270415408,,0.9470235161075188,0.05297648389248122,0.9610907513739563,0.09939601324276438,5,0.001,0.1,0.981463655068641,0.9928552900197193,0.995311391041526,1.0,0.9962173820743685,0.9948689191784598,0.9935988825843993,0.9899302138920694,0.9893150859155992,0.9895808459695554,0.9897998626329503,0.9855111258643768
1,4,2.130116423637636,0.43529888551165147,4935,2.2105392767832828,0.38686131386861317,822,2.214899374654118,0.3663,0.9979326364599387,0.083883417438583,,,0.9799999998404127,,0.9800166246218381,0.01998337537816186,0.9610966829507559,0.09939622004309084,5,0.001,0.1,0.9768878151439198,0.9905573315160819,0.9937865052680637,0.9962173820743685,1.0,0.9959564450062156,0.9953723732561147,0.9935159624269142,0.9916154620538974,0.9891831002368499,0.9911004529965959,0.9882293805513958
1,5,2.133391294087449,0.44152560531390617,4667,2.216230583190918,0.39203084832904883,778,2.2149031207965204,0.3663,0.9959751932087578,0.083461503181018,,,0.912667853832183,,0.9126917389161133,0.08730826108388667,0.9610618682050359,0.09939518621849795,5,0.001,0.1,0.972853526150107,0.9872815538903531,0.9891287766842926,0.9948689191784598,0.9959564450062156,1.0,0.9929538762048511,0.9900555947535642,0.9910488638249232,0.9876005316673988,0.991018832151501,0.9863068540417498
1,6,2.1511318513325284,0.4289243206826858,4453,2.215298463900884,0.35444743935309975,742,2.214899466060602,0.3663,0.9972515462583732,0.08373701653452353,,,0.9566362787261757,,0.9566551647480693,0.04334483525193067,0.9610928095624613,0.09939610722223437,5,0.001,0.1,0.9685974575678516,0.9850320496125892,0.9917044492902151,0.9935988825843993,0.9953723732561147,0.9929538762048511,1.0,0.9951358215002559,0.9926229402780792,0.9919461205557151,0.9948672205374494,0.9923854187671737
1,7,2.1585589359055706,0.43119008650923546,4277,2.2180627325306768,0.3688639551192146,713,2.214900709950505,0.3663,0.9959411110551931,0.08355997665629881,,,0.9283829672626035,,0.9283981403620688,0.0716018596379312,0.9610845427977001,0.09939561959585386,5,0.001,0.1,0.9653727512502885,0.9822702074685326,0.9895056063869337,0.9899302138920694,0.9935159624269142,0.9900555947535642,0.9951358215002559,1.0,0.9927951943498828,0.9911800783562558,0.993984639885164,0.9948484279039715
1,8,2.162316407423753,0.4140954226204892,4129,2.2144354473460806,0.3706395348837209,688,2.214905108125827,0.3662,0.994365936725888,0.0833087696097823,,,0.888293519629419,,0.8883154038719904,0.11168459612800963,0.9610431852781164,0.09939388107723578,5,0.001,0.1,0.962720993030571,0.9802456807187444,0.9863523981355629,0.9893150859155992,0.9916154620538974,0.9910488638249232,0.9926229402780792,0.9927951943498828,1.0,0.9889613399545037,0.9930707751820143,0.9910604479347649
1,9,2.169498538592505,0.4451887028242939,4001,2.214057763417562,0.3583208395802099,667,2.214920641896062,0.3663,0.9932221669958501,0.08293391276583563,,,0.8284711379576821,,0.828495761687979,0.171504238312021,0.9608470709050939,0.09938747566423532,5,0.001,0.1,0.9599368711573137,0.9769023445276883,0.985666810031078,0.9895808459695554,0.9891831002368499,0.9876005316673988,0.9919461205557151,0.9911800783562558,0.9889613399545037,1.0,0.9928614185266823,0.9924137854582508
1,10,2.173801757859402,0.41007971200822835,3889,2.214034012385777,0.3595679012345679,648,2.21490439363181,0.3662,0.9944948879393848,0.08334397695870968,,,0.8939121644512901,,0.8939310464812829,0.10606895351871715,0.9610516100785195,0.09939425211740581,5,0.001,0.1,0.9572593447302445,0.9767721701181301,0.985232022251727,0.9897998626329503,0.9911004529965959,0.991018832151501,0.9948672205374494,0.993984639885164,0.9930707751820143,0.9928614185266823,1.0,0.9953116673841241
1,11,2.1762302587012283,0.40253231337378,3791,2.2165838718414306,0.3370253164556962,632,2.214912637734946,0.3663,0.9925050809773193,0.0830946597310902,,,0.8541243078632599,,0.8541431070644977,0.1458568929355023,0.960955723894181,0.09939042987851311,5,0.001,0.1,0.9545162190887019,0.9737278466734326,0.9832713220217458,0.9855111258643768,0.9882293805513958,0.9863068540417498,0.9923854187671737,0.9948484279039715,0.9910604479347649,0.9924137854582508,0.9953116673841241,1.0
2,0,1.7209311925483586,0.5470172875578281,8214,2.1557702851849934,0.40759678597516436,1369,2.1547646035020724,0.4116,0.987613752615946,0.08212543380802977,,,0.65,,0.6500178811339539,0.34998211886604613,0.9850204289006226,0.0995163600344992,5,0.001,0.1,1.0,0.9964010841652045,0.9928540474614139,0.9886872843655289,0.9851350065320016,0.9827481186621333,0.9812774476507525,0.9791859494598973,0.9758624484817718,0.9761505565376313,0.9744719984930867,0.9735206508540586
2,1,1.8580039024353028,0.532400365074536,6574,2.1505562373570033,0.4279197080291971,1096,2.154304395468471,0.4127,0.9947939078775194,0.0833364975599016,,,0.8968853449350178,,0.8969031809087482,0.10309681909125179,0.9856981517842043,0.09961651389088261,5,0.001,0.1,0.9964010841652045,1.0,0.9974494531524991,0.9949708858863554,0.9932070685316192,0.9909286113478628,0.9902358069008033,0.9884388300448718,0.9860735642130284,0.9854593855301013,0.9849600768613529,0.9838251209379766
2,2,1.9262010939213452,0.5368839702576518,5783,2.155446260206161,0.4149377593360996,964,2.154298215628432,0.4127,0.9976998932738801,0.08365330107649196,,,0.9614683574718459,,0.9614879036545172,0.038512096345482805,0.9857298448641509,0.09961809321534576,5,0.001,0.1,0.9928540474614139,0.9974494531524991,1.0,0.9971062276349891,0.9960121326959128,0.9933935343850456,0.9947070894199729,0.9935200299246828,0.9906479326727472,0.990485590254097,0.990740549647569,0.9896711644662811
2,3,1.9616972529744527,0.5183279742765273,5287,2.155935057571956,0.4097616345062429,881,2.1542994023892827,0.4127,0.9984078485385774,0.08361647868264396,,,0.9539618084628065,,0.9539826601328036,0.04601733986719636,0.9857237858698307,0.09961799465348287,5,0.001,0.1,0.9886872843655289,0.9949708858863554,0.9971062276349891,1.0,0.997258468075809,0.9965807041791112,0.995866676879984,0.9939272204428065,0.9927710228180927,0.993160495454312,0.9937508739765096,0.9908974387355554
2,4,1.9866253486756356,0.49556231003039514,4935,2.1483674141076894,0.4282238442822384,822,2.154298240765215,0.4127,0.998432351625947,0.08374420562284127,,,0.9799999997961417,,0.9800166246218381,0.01998337537816186,0.9857265546383757,0.09961828916192163,5,0.001,0.1,0.9851350065320016,0.9932070685316192,0.9960121326959128,0.997258468075809,1.0,0.997124193528613,0.9967324860840394,0.9958391500977233,0.9941990715082327,0.9924611811844983,0.9945579340315682,0.9926712577221499
2,5,1.9931938981356687,0.5048639382901221,4667,2.1556075382232667,0.4241645244215938,778,2.1543035354858007,0.4127,0.9974105678902151,0.08345221888055818,,,0.920476091600893,,0.9204966122500265,0.07950338774997345,0.9857169330099034,0.09961726200660614,5,0.001,0.1,0.9827481186621333,0.9909286113478628,0.9933935343850456,0.9965807041791112,0.997124193528613,1.0,0.9954309233551301,0.9942111982154757,0.9940935771390317,0.9920744022997388,0.9947129332943144,0.9916809802405999
2,6,2.0236672604084016,0.4971030765775881,4453,2.1547161440054574,0.3894878706199461,742,2.1542979756864113,0.4127,0.9981602959865065,0.08364555362868287,,,0.9598889762693628,,0.9599075980321087,0.04009240196789132,0.9857296789369062,0.09961808990631049,5,0.001,0.1,0.9812774476507525,0.9902358069008033,0.9947070894199729,0.995866676879984,0.9967324860840394,0.9954309233551301,1.0,0.9968541716379934,0.9947526908986137,0.9943789691226728,0.9967692100587753,0.9949064629786072
2,7,2.0364366864090537,0.49740472293663784,4277,2.158362119094185,0.4109396914446003,713,2.154301166534424,0.4127,0.9975743893909707,0.0835179557224691,,,0.9338770895789379,,0.9338929644987,0.06610703550130004,0.9857129812880158,0.0996176025969881,5,0.001,0.1,0.9791859494598973,0.9884388300448718,0.9935200299246828,0.9939272204428065,0.9958391500977233,0.9942111982154757,0.9968541716379934,1.0,0.9952988130139425,0.9942597837117726,0.996530085269982,0.9968401159522795
2,8,2.04502337033932,0.4739162024703318,4129,2.152620716528459,0.42296511627906974,688,2.1543077927427934,0.4126,0.9960043734209719,0.08331304030110186,,,0.8921033890544499,,0.8921187693913648,0.10788123060863519,0.9856851588782436,0.09961627074482741,5,0.001,0.1,0.9758624484817718,0.9860735642130284,0.9906479326727472,0.9927710228180927,0.9941990715082327,0.9940935771390317,0.9947526908986137,0.9952988130139425,1.0,0.9925583303286212,0.9958321822010975,0.994028285183973
2,9,2.0572450198824446,0.5226693326668332,4001,2.152566523779006,0.4077961019490255,667,2.154332057355692,0.4126,0.9956413287929459,0.0830712193041299,,,0.8428061822330302,,0.8428199998066904,0.15718000019330958,0.9856532421412496,0.09961281960400072,5,0.001,0.1,0.9761505565376313,0.9854593855301013,0.990485590254097,0.993160495454312,0.9924611811844983,0.9920744022997388,0.9943789691226728,0.9942597837117726,0.9925583303286212,1.0,0.9959616978628121,0.9948878248565698
2,10,2.0634444158585343,0.47863203908459756,3889,2.153368597938901,0.41203703703703703,648,2.1543069693227164,0.4127,0.9967691514497192,0.08335935800262198,,,0.9015456349302087,,0.9015619412145639,0.0984380587854361,0.9856923147069342,0.09961658276486224,5,0.001,0.1,0.9744719984930867,0.9849600768613529,0.990740549647569,0.9937508739765096,0.9945579340315682,0.9947129332943144,0.9967692100587753,0.996530085269982,0.9958321822010975,0.9959616978628121,1.0,0.9969503495181978
2,11,2.068443642143442,0.4757056185702981,3791,2.1567190885543823,0.3860759493670886,632,2.1543165037807186,0.4126,0.995481894960527,0.08316473741052759,,,0.8618706203519781,,0.8618899875315337,0.13811001246846633,0.9856976095916635,0.09961458141369131,5,0.001,0.1,0.9735206508540586,0.9838251209379766,0.9896711644662811,0.9908974387355554,0.9926712577221499,0.9916809802405999,0.9949064629786072,0.9968401159522795,0.994028285183973,0.9948878248565698,0.9969503495181978,1.0
3,0,1.5512227615493746,0.5890187484782079,8214,2.0830232265383697,0.47260774287801316,1369,2.081605466409994,0.4826,0.990138317516991,0.08237062984795783,,,0.65,,0.6500178811339539,0.34998211886604613,0.9933460228658348,0.0995946685604713,5,0.001,0.1,1.0,0.9966847000907773,0.9941376999277837,0.9912721967833629,0.9878997245923783,0.9861427629831877,0.9851464389990029,0.983240719582456,0.9804879241000435,0.981836133324816,0.9796972968314778,0.9796926205755351
3,1,1.6774529150967459,0.579342865835108,6574,2.076835802623204,0.5027372262773723,1096,2.08089755670712,0.4843,0.9957840966514009,0.0832960923168699,,,0.8904034632417099,,0.8904176452962952,0.10958235470370481,0.9938314958109852,0.0996994819470126,5,0.001,0.1,0.9966847000907773,1.0,0.99782044268557,0.9960221229323504,0.9945163754509109,0.9928932861454802,0.9922392163703225,0.9906610625659413,0.9880555555551997,0.9891263681057112,0.9880315477093125,0.9876086444560895
3,2,1.749526076290489,0.5786615943282033,5783,2.082288626701601,0.48858921161825725,964,2.0808883901602164,0.4842,0.9980867877085148,0.08356485495832239,,,0.9602187955383553,,0.9602362242777471,0.03976377572225287,0.9938500773271349,0.09970074451636475,5,0.001,0.1,0.9941376999277837,0.99782044268557,1.0,0.9975988524144003,0.9966009890755366,0.9948831267401798,0.9957530601719385,0.9947439348799424,0.9918510178569323,0.9930334308944648,0.9924277147912823,0.9922941004628668
3,3,1.7905031329177947,0.5647437109892188,5287,2.081928014755249,0.4869466515323496,881,2.080889439811341,0.4842,0.998663598946428,0.08356088859830783,,,0.9591884710076554,,0.9592020181517673,0.04079798184823269,0.9938524937735783,0.09970074279200412,5,0.001,0.1,0.9912721967833629,0.9960221229323504,0.9975988524144003,1.0,0.9974252706785707,0.996915281230593,0.9966547382818193,0.9954730912436152,0.9936897882936611,0.9948048785724006,0.9948125051753873,0.9933316812627621
3,4,1.8216109961848106,0.5458561296859169,4935,2.0733594711010275,0.4902676399026764,822,2.0808883772109645,0.4842,0.9987175124430544,0.08364100511785781,,,0.9799999997402342,,0.9800166246218381,0.01998337537816186,0.9938539349889411,0.09970079862116855,5,0.001,0.1,0.9878997245923783,0.9945163754509109,0.9966009890755366,0.9974252706785707,1.0,0.9974095163966216,0.9974826723834502,0.9968472377954062,0.9945282912816903,0.9950282299918051,0.9958535487077016,0.9950017441829367
3,5,1.8280751616987463,0.5553031926290979,4667,2.0820613861083985,0.5025706940874036,778,2.080894291210479,0.4842,0.998174240140089,0.08344429194546925,,,0.9289006526612902,,0.9289152434250587,0.07108475657494129,0.9938433154883302,0.09970033992452997,5,0.001,0.1,0.9861427629831877,0.9928932861454802,0.9948831267401798,0.996915281230593,0.9974095163966216,1.0,0.9967829763729262,0.9961656491220169,0.9948280920715022,0.9952042037509269,0.9962682252641227,0.9945965276217709
3,6,1.867015313591276,0.547945205479452,4453,2.0811369021733603,0.4555256064690027,742,2.0808880138701906,0.4843,0.9985830176699045,0.08357612704241774,,,0.9631468970503044,,0.9631648640550545,0.036835135944945474,0.9938502087990803,0.0997007488331274,5,0.001,0.1,0.9851464389990029,0.9922392163703225,0.9957530601719385,0.9966547382818193,0.9974826723834502,0.9967829763729262,1.0,0.9979162478659035,0.9952202291725432,0.9959842366034674,0.9973715594386874,0.9964062163986727
3,7,1.88557510393769,0.545054945054945,4277,2.0860285033350405,0.4894810659186536,713,2.0808921302088534,0.4842,0.9982123708578565,0.08348586060706506,,,0.9396987677071693,,0.9397260803587826,0.06027391964121742,0.9938512436643095,0.09970059629442417,5,0.001,0.1,0.983240719582456,0.9906610625659413,0.9947439348799424,0.9954730912436152,0.9968472377954062,0.9961656491220169,0.9979162478659035,1.0,0.9958851971940507,0.996510223837929,0.997403157181944,0.9976685074236775
3,8,1.901593169249021,0.5325260353596513,4129,2.0776467973535713,0.48691860465116277,688,2.0809021696876795,0.4843,0.9963234765281843,0.08329911815513154,,,0.8911894724227887,,0.8912102144769527,0.1087897855230473,0.9938329957758282,0.09969949465160734,5,0.001,0.1,0.9804879241000435,0.9880555555551997,0.9918510178569323,0.9936897882936611,0.9945282912816903,0.9948280920715022,0.9952202291725432,0.9958851971940507,1.0,0.9942938261515646,0.9960012764497345,0.9950740599977203
3,9,1.9144546486082532,0.5632091977005749,4001,2.078314020520165,0.4947526236881559,667,2.0809374647780348,0.4842,0.997109356945525,0.08317611329653145,,,0.8592370216251018,,0.859251312088613,0.14074868791138695,0.9938016903703591,0.09969791485249674,5,0.001,0.1,0.981836133324816,0.9891263681057112,0.9930334308944648,0.9948048785724006,0.9950282299918051,0.9952042037509269,0.9959842366034674,0.996510223837929,0.9942938261515646,1.0,0.9969155480186521,0.9966038195993139
3,10,1.9235249353236838,0.5361275392131654,3889,2.0799286592574346,0.47685185185185186,648,2.0809001610301934,0.4842,0.9973603480827973,0.08336102584970209,,,0.9072709718633514,,0.9072935695576111,0.09270643044238891,0.9938370552975577,0.09969992550529086,5,0.001,0.1,0.9796972968314778,0.9880315477093125,0.9924277147912823,0.9948125051753873,0.9958535487077016,0.9962682252641227,0.9973715594386874,0.997403157181944,0.9960012764497345,0.9969155480186521,1.0,0.9975115645795966
3,11,1.9309787844409463,0.5332102347665524,3791,2.0839916586875917,0.45569620253164556,632,2.080913753936085,0.4843,0.9968150357595305,0.08322399226436711,,,0.871674338178481,,0.8716859492949034,0.1283140507050966,0.9938182019181735,0.09969852689653011,5,0.001,0.1,0.9796926205755351,0.9876086444560895,0.9922941004628668,0.9933316812627621,0.9950017441829367,0.9945965276217709,0.9964062163986727,0.9976685074236775,0.9950740599977203,0.9966038195993139,0.9975115645795966,1.0
4,0,1.413920950518508,0.622108595081568,8214,1.9971878639487333,0.5303140978816655,1369,1.9952082824402344,0.5416,0.9910010676708102,0.08253794991495055,,,0.65,,0.6500178811339539,0.34998211886604613,0.9964489916030519,0.09962074550110907,5,0.001,0.1,1.0,0.9966421679398553,0.9944745785355796,0.9921513340865424,0.9888912379791934,0.9876693931963366,0.9869928424437073,0.9844673763446803,0.9818799208750176,0.9841034118520562,0.9815682721791156,0.9817496614572464
4,1,1.5226482092176827,0.6133860663218741,6574,1.9898472036634172,0.5574817518248175,1096,1.9941933265509315,0.5424,0.9961104705949049,0.08327074249332017,,,0.8845933865195605,,0.8846183586085579,0.11538164139144214,0.9966726767550008,0.09973267860360482,5,0.001,0.1,0.9966421679398553,1.0,0.997796171916187,0.9962962141646323,0.9947453096329121,0.9935704105852711,0.9932941266874209,0.9915944351379328,0.9889569696057237,0.9906388768975517,0.9891135603265344,0.9889957701173768
4,2,1.5888431986392533,0.6127961265779007,5783,1.9960623210476292,0.5425311203319502,964,1.9941834733128168,0.5425,0.9981892186995059,0.08350276317146146,,,0.9588715905221612,,0.9588927228617546,0.04110727713824536,0.9966822844971748,0.09973477525065634,5,0.001,0.1,0.9944745785355796,0.997796171916187,1.0,0.9977434190735616,0.9966154828238676,0.995619400122985,0.996334168039749,0.9952127964418341,0.9926311120318322,0.9939194742606361,0.9930501309227485,0.9930766564700877
4,3,1.629175386658634,0.5994325704558351,5287,1.994448436158044,0.5402951191827469,881,1.9941842944477313,0.5425,0.9987515809708819,0.08351848908029069,,,0.9639060222525624,,0.9639187713244605,0.036081228675539534,0.9966822486241356,0.0997347813720498,5,0.001,0.1,0.9921513340865424,0.9962962141646323,0.9977434190735616,1.0,0.9974801732248276,0.9971554882771816,0.997120474777957,0.9958334687230458,0.9942500577607146,0.9956517779964527,0.9952383122958357,0.9942518078079341
4,4,1.6594973781031948,0.5834245187436676,4935,1.98478717987354,0.5474452554744526,822,1.994183258126719,0.5425,0.9987862041882828,0.0835687613722344,,,0.9799999996798638,,0.9800166246218381,0.01998337537816186,0.9966843416811371,0.09973487561412618,5,0.001,0.1,0.9888912379791934,0.9947453096329121,0.9966154828238676,0.9974801732248276,1.0,0.9974331294178793,0.997368253944225,0.9971789254073691,0.9960916278800186,0.9958258303880935,0.996058704405593,0.9958599545043216
4,5,1.66439362143817,0.5973859010070709,4667,1.9951551008224486,0.5604113110539846,778,1.9941895811702497,0.5425,0.998497298482709,0.08343874187820846,,,0.9383760609044907,,0.9384067426373223,0.061593257362677734,0.9966805567583905,0.09973455258729177,5,0.001,0.1,0.9876693931963366,0.9935704105852711,0.995619400122985,0.9971554882771816,0.9974331294178793,1.0,0.997236347033491,0.996654419399088,0.9959779817486978,0.9963747083462643,0.9967651837082011,0.995631361721373
4,6,1.7090132238183702,0.5864810240287447,4453,1.9940476417541504,0.5202156334231806,742,1.9941829701962943,0.5425,0.9988595650501764,0.08353132534043174,,,0.9680153730096821,,0.9680314321338476,0.03196856786615243,0.9966829908999736,0.09973482652088449,5,0.001,0.1,0.9869928424437073,0.9932941266874209,0.996334168039749,0.997120474777957,0.997368253944225,0.997236347033491,1.0,0.9981973537931331,0.9964481397711404,0.9969989292497535,0.9975574475452197,0.9968613496703026
4,7,1.7274458789113742,0.5812485386953472,4277,2.0005636422530464,0.5553997194950911,713,1.9941872537326508,0.5424,0.9983590375200431,0.08345978106766036,,,0.9451114657773524,,0.9451339151950977,0.05486608480490229,0.9966827869390823,0.09973463751152466,5,0.001,0.1,0.9844673763446803,0.9915944351379328,0.9952127964418341,0.9958334687230458,0.9971789254073691,0.996654419399088,0.9981973537931331,1.0,0.9968039644830528,0.9969342800878687,0.9976721064038016,0.9978513059569698
4,8,1.745810195849492,0.5804795349963672,4129,1.9889127124439587,0.5566860465116279,688,1.994198713439722,0.5424,0.996995862256439,0.08330118939691558,,,0.894340540672477,,0.8943563275050502,0.10564367249494977,0.9966755424986765,0.09973304842665016,5,0.001,0.1,0.9818799208750176,0.9889569696057237,0.9926311120318322,0.9942500577607146,0.9960916278800186,0.9959779817486978,0.9964481397711404,0.9968039644830528,1.0,0.9958640588597916,0.9969157568369389,0.9962598492316346
4,9,1.758721793454791,0.5997000749812547,4001,1.9907358146849132,0.5352323838080959,667,1.9942447171805384,0.5424,0.9976996619730245,0.08324844825730328,,,0.8774561958854722,,0.8774804032437343,0.12251959675626567,0.996666818304879,0.09973230312916091,5,0.001,0.1,0.9841034118520562,0.9906388768975517,0.9939194742606361,0.9956517779964527,0.9958258303880935,0.9963747083462643,0.9969989292497535,0.9969342800878687,0.9958640588597916,1.0,0.9971757135831669,0.9970402679301587
4,10,1.7709476007789862,0.5814862432501928,3889,1.9932640734173002,0.5462962962962963,648,1.994195292171198,0.5424,0.9975705401574255,0.08335772901049983,,,0.9124409142498764,,0.9124597674486038,0.0875402325513962,0.9966787397549817,0.09973378420438718,5,0.001,0.1,0.9815682721791156,0.9891135603265344,0.9930501309227485,0.9952383122958357,0.996058704405593,0.9967651837082011,0.9975574475452197,0.9976721064038016,0.9969157568369389,0.9971757135831669,1.0,0.9978312081255146
4,11,1.779839464195636,0.5723028224742812,3791,1.9980391561985016,0.5174050632911392,632,1.9942134024617009,0.5424,0.9972740164193507,0.08326407901672339,,,0.8824601668514379,,0.8824822880119079,0.11751771198809213,0.9966635147204091,0.09973264456504978,5,0.001,0.1,0.9817496614572464,0.9889957701173768,0.9930766564700877,0.9942518078079341,0.9958599545043216,0.995631361721373,0.9968613496703026,0.9978513059569698,0.9962598492316346,0.9970402679301587,0.9978312081255146,1.0
5,0,1.3025735946944716,0.6433893352812272,8214,1.8986856466115907,0.5624543462381301,1369,1.8959281513104425,0.5761,0.9910583493359068,0.0826414235440044,,,0.98,,0.9800166246218381,0.01998337537816186,0.9965130493459555,0.09973797634879,5,0.001,0.1,1.0,0.9963324815493918,0.9943877653981088,0.9920092294922175,0.9891139400616327,0.9876927039826362,0.9871896809882855,0.9847101107373833,0.9822084905114683,0.9838352943256724,0.9820035215786534,0.9821494046158696
5,1,1.3930448518794718,0.6390933982354731,6574,1.8900659697396414,0.5885036496350365,1096,1.894771758359842,0.5769,0.9962331029144448,0.08325810901358068,,,0.98,,0.9800166246218381,0.01998337537816186,0.9977041182128968,0.09973797634879,5,0.001,0.1,0.9963324815493918,1.0,0.9976741340142871,0.9963434506086165,0.9949233299546144,0.9938023290659822,0.9934042787732812,0.9918311693431409,0.9893441953244687,0.9905527104919023,0.9895249017618393,0.9897494158058341
5,2,1.4508228138006853,0.6368666781947087,5783,1.8971870829982143,0.5778008298755186,964,1.89476234349199,0.577,0.9982369320947588,0.0834651654060964,,,0.98,,0.9800166246218381,0.01998337537816186,0.9977315037258939,0.09973797634879,5,0.001,0.1,0.9943877653981088,0.9976741340142871,1.0,0.9976171284648728,0.9966595503385388,0.9959957378842594,0.9962532829658368,0.9953440210887121,0.9927741618369443,0.9938394944044464,0.9932863860995943,0.9935927968858479
5,3,1.4873936173427535,0.6279553622091923,5287,1.89415129167693,0.5698070374574348,881,1.894762827946355,0.577,0.9987216535160575,0.0834904657647393,,,0.98,,0.9800166246218381,0.01998337537816186,0.9977315522475206,0.09973797634879,5,0.001,0.1,0.9920092294922175,0.9963434506086165,0.9976171284648728,1.0,0.9974275360348264,0.9972502770009832,0.9971482642256507,0.9959128386575392,0.9942155198255547,0.9953908202590444,0.9953015409382323,0.9945807404500405
5,4,1.5157287138508213,0.6180749746707194,4935,1.8831986922484178,0.5766423357664233,822,1.8947620776514658,0.577,0.9987840189132786,0.08352332300843494,,,0.98,,0.9800166246218381,0.01998337537816186,0.997732154651399,0.09973797634879,5,0.001,0.1,0.9891139400616327,0.9949233299546144,0.9966595503385388,0.9974275360348264,1.0,0.9973336916560215,0.9973022560057279,0.9971191109058211,0.9956640296136299,0.9961635569110096,0.996119162621456,0.9960893589282265
5,5,1.5178257703781128,0.6326548103706878,4667,1.8954659223556518,0.6079691516709511,778,1.8947675906050319,0.577,0.9986377499586369,0.0834388293809532,,,0.98,,0.9800166246218381,0.01998337537816186,0.9977280612137326,0.09973797634879,5,0.001,0.1,0.9876927039826362,0.9938023290659822,0.9959957378842594,0.9972502770009832,0.9973336916560215,1.0,0.9972925900181223,0.9968486886185494,0.9961765887128412,0.9967013699661851,0.9968899703369494,0.9961734666875453
5,6,1.5619596943684986,0.6204356613518976,4453,1.8941306124130886,0.5660377358490566,742,1.8947616640371256,0.577,0.9988115119419761,0.08350124276613648,,,0.98,,0.9800166246218381,0.01998337537816186,0.9977319489810388,0.09973797634879,5,0.001,0.1,0.9871896809882855,0.9934042787732812,0.9962532829658368,0.9971482642256507,0.9973022560057279,0.9972925900181223,1.0,0.9981102173020697,0.9963746392174675,0.9966697096140503,0.9975041703231675,0.9969783072841567
5,7,1.5793782187931573,0.6087912087912087,4277,1.902249408804852,0.5960729312762973,713,1.894765362191124,0.5771,0.9983623521401013,0.08344284464986379,,,0.98,,0.9800166246218381,0.01998337537816186,0.9977289128700165,0.09973797634879,5,0.001,0.1,0.9847101107373833,0.9918311693431409,0.9953440210887121,0.9959128386575392,0.9971191109058211,0.9968486886185494,0.9981102173020697,1.0,0.9964414309432892,0.9970906303510569,0.9976421003479629,0.9977848144390847
5,8,1.6015634692632235,0.606490675708404,4129,1.887111934748563,0.5857558139534884,688,1.894778953192714,0.5769,0.996890386853501,0.08329801329841342,,,0.98,,0.9800166246218381,0.01998337537816186,0.9977080090717696,0.09973797634879,5,0.001,0.1,0.9822084905114683,0.9893441953244687,0.9927741618369443,0.9942155198255547,0.9956640296136299,0.9961765887128412,0.9963746392174675,0.9964414309432892,1.0,0.9954243136978348,0.9965987736572749,0.9959919146729713
5,9,1.6075210797881323,0.6206948262934266,4001,1.890630074909755,0.5787106446776612,667,1.8948341333828034,0.5769,0.9976392099022212,0.08328983535130423,,,0.98,,0.9800166246218381,0.01998337537816186,0.9976967567687429,0.09973797634879,5,0.001,0.1,0.9838352943256724,0.9905527104919023,0.9938394944044464,0.9953908202590444,0.9961635569110096,0.9967013699661851,0.9966697096140503,0.9970906303510569,0.9954243136978348,1.0,0.9973239855664612,0.9971960847618587
5,10,1.622954424092027,0.6117253792748779,3889,1.8938234249750774,0.5694444444444444,648,1.894774263278364,0.5769,0.9976331173275236,0.08335668531082749,,,0.98,,0.9800166246218381,0.01998337537816186,0.9977158283289658,0.09973797634879,5,0.001,0.1,0.9820035215786534,0.9895249017618393,0.9932863860995943,0.9953015409382323,0.996119162621456,0.9968899703369494,0.9975041703231675,0.9976421003479629,0.9965987736572749,0.9973239855664612,1.0,0.9978981998288098
5,11,1.6314954499236676,0.6045898179899762,3791,1.8997032165527343,0.5443037974683544,632,1.8947954501587743,0.5769,0.9974731340243352,0.08329406250564554,,,0.98,,0.9800166246218381,0.01998337537816186,0.9977036578359257,0.09973797634879,5,0.001,0.1,0.9821494046158696,0.9897494158058341,0.9935927968858479,0.9945807404500405,0.9960893589282265,0.9961734666875453,0.9969783072841567,0.9977848144390847,0.9959919146729713,0.9971960847618587,0.9978981998288098,1.0
6,0,1.2103483391179184,0.6608716824933041,8214,1.7894457911336146,0.5850986121256392,1369,1.785774465567007,0.6017,0.99113227936567,0.0827097132921237,,,0.98,,0.9800166246218381,0.01998337537816186,0.9981389807023517,0.09973031800025373,5,0.001,0.1,1.0,0.9960310439969304,0.9941109362245136,0.9920394934071596,0.9886770291080016,0.9874667539819812,0.9871075786814775,0.9845230487474506,0.9834511631511158,0.9836946500298438,0.9820760573827175,0.9824263362679309
6,1,1.2855643595885304,0.6523881959233343,6574,1.7793835094996862,0.6177007299270073,1096,1.7844921940812668,0.6021,0.9962072280483047,0.08325195698085688,,,0.98,,0.9800166246218381,0.01998337537816186,0.9981389807023517,0.09973031800025373,5,0.001,0.1,0.9960310439969304,1.0,0.997262997877633,0.9961838799536444,0.9944127803092631,0.9936923687713475,0.9931451835979048,0.9914638907995037,0.9899565481633772,0.9904218031299531,0.9895683299332182,0.9901238019138998
6,2,1.3338200532929014,0.6561646204392184,5783,1.7875295339092132,0.5871369294605809,964,1.7844830968509466,0.6021,0.9981074448488642,0.08344035688245517,,,0.98,,0.9800166246218381,0.01998337537816186,0.9981389807023517,0.09973031800025373,5,0.001,0.1,0.9941109362245136,0.997262997877633,1.0,0.9971891729877419,0.9960877346039169,0.995767450294964,0.996118528786713,0.9951345831869294,0.9931675003409332,0.9935508721525304,0.9929824711366915,0.993593263740832
6,3,1.366392704952194,0.6477775676186873,5287,1.7829560254301344,0.5993189557321226,881,1.7844831638823684,0.6021,0.9985180197001899,0.08346913800718682,,,0.98,,0.9800166246218381,0.01998337537816186,0.9981389807023517,0.09973031800025373,5,0.001,0.1,0.9920394934071596,0.9961838799536444,0.9971891729877419,1.0,0.9967334176245062,0.9970158818583648,0.9966295457639276,0.9954062802645116,0.9944568083879981,0.9946816468425531,0.9950482783279573,0.994472223900085
6,4,1.390836374375128,0.6387436676798379,4935,1.7707941394585829,0.6082725060827251,822,1.7844829090867942,0.6021,0.9985262010499568,0.0834895615941466,,,0.98,,0.9800166246218381,0.01998337537816186,0.9981389807023517,0.09973031800025373,5,0.001,0.1,0.9886770291080016,0.9944127803092631,0.9960877346039169,0.9967334176245062,1.0,0.9968507509913426,0.9969885607207383,0.996629391751271,0.9960207318869717,0.9957701653494372,0.9958004564721483,0.9959540568313962
6,5,1.3902728601677776,0.6508677951574887,4667,1.784865746498108,0.6208226221079691,778,1.7844874302800091,0.6021,0.9985111300436883,0.08343723428470622,,,0.98,,0.9800166246218381,0.01998337537816186,0.9981389807023517,0.09973031800025373,5,0.001,0.1,0.9874667539819812,0.9936923687713475,0.995767450294964,0.9970158818583648,0.9968507509913426,1.0,0.9970197595179209,0.9966232623839332,0.9960970105602521,0.9963577723385187,0.9967511840567649,0.9960950686545382
6,6,1.4307034547839845,0.6428026049854031,4453,1.7831718573967617,0.6145552560646901,742,1.7844822551495731,0.6021,0.9986740977779283,0.08348079023030804,,,0.98,,0.9800166246218381,0.01998337537816186,0.9981389807023517,0.09973031800025373,5,0.001,0.1,0.9871075786814775,0.9931451835979048,0.996118528786713,0.9966295457639276,0.9969885607207383,0.9970197595179209,1.0,0.9975778218611444,0.9963629285639221,0.9966158874342732,0.9972745635530809,0.9968405924071236
6,7,1.447768783035563,0.6304886602758943,4277,1.7931814038235208,0.6086956521739131,713,1.7844854124818748,0.6021,0.9981424350030629,0.08342779199151655,,,0.98,,0.9800166246218381,0.01998337537816186,0.9981389807023517,0.09973031800025373,5,0.001,0.1,0.9845230487474506,0.9914638907995037,0.9951345831869294,0.9954062802645116,0.996629391751271,0.9966232623839332,0.9975778218611444,1.0,0.9963207183504184,0.9967795558745938,0.9972332005379717,0.997610795728633
6,8,1.4716552867339208,0.6335674497457011,4129,1.7739042477174238,0.6075581395348837,688,1.7845007927653889,0.6021,0.9972158359364605,0.08330900985783532,,,0.98,,0.9800166246218381,0.01998337537816186,0.9981389807023517,0.09973031800025373,5,0.001,0.1,0.9834511631511158,0.9899565481633772,0.9931675003409332,0.9944568083879981,0.9960207318869717,0.9960970105602521,0.9963629285639221,0.9963207183504184,1.0,0.9956689009631089,0.9968008181948493,0.9959144966973871
6,9,1.4759820340171692,0.6469382654336416,4001,1.7799182335535686,0.6101949025487257,667,1.7845652343366092,0.6021,0.9974877391541027,0.08331277257477586,,,0.98,,0.9800166246218381,0.01998337537816186,0.9981389807023517,0.09973031800025373,5,0.001,0.1,0.9836946500298438,0.9904218031299531,0.9935508721525304,0.9946816468425531,0.9957701653494372,0.9963577723385187,0.9966158874342732,0.9967795558745938,0.9956689009631089,1.0,0.9969962421292112,0.9969355603421757
6,10,1.4897005890236525,0.6328619182309076,3889,1.7833795774550665,0.595679012345679,648,1.7844949705532183,0.6021,0.9975506221742773,0.08335581863863427,,,0.98,,0.9800166246218381,0.01998337537816186,0.9981389807023517,0.09973031800025373,5,0.001,0.1,0.9820760573827175,0.9895683299332182,0.9929824711366915,0.9950482783279573,0.9958004564721483,0.9967511840567649,0.9972745635530809,0.9972332005379717,0.9968008181948493,0.9969962421292112,1.0,0.9976759427204769
