round,client_id,client_i_training_loss,client_i_training_accuracy,client_i_training_dataset_size,client_i_evaluation_loss,client_i_evaluation_accuracy,client_i_evaluation_dataset_size,client_i_central_evaluation_loss,client_i_central_evaluation_accuracy,client_i_cosine_similarity,client_i_importance_coefficient,client_i_tanh_val,tanh_normalization_value,client_i_q,client_i_mask_order,client_i_v_nonzero_fraction,client_i_v_sparsity,client_i_v_cosine_similarity,client_i_reward_gradient_norm,local_epochs,learning_rate,gamma,client_0_cosine_similarity,client_1_cosine_similarity,client_2_cosine_similarity,client_3_cosine_similarity,client_4_cosine_similarity,client_5_cosine_similarity,client_6_cosine_similarity,client_7_cosine_similarity,client_8_cosine_similarity,client_9_cosine_similarity,client_10_cosine_similarity,client_11_cosine_similarity
0,0,2.296930993486334,0.1473338203067933,6845,2.299642497842962,0.10883856829802775,1369,2.3013367290738262,0.1122,0.9075703321613184,0.08387678494609868,,,0.7836371492727714,,0.7836889967156838,0.21631100328431618,0,0.1350892451365919,10,0.025,0.15,1.0,0.8826012148146967,0.8929613331912797,0.8434567479412437,0.8079081320633605,0.7912013787008878,0.7548801327453194,0.7337600482817922,0.7040903298662062,0.7982817557390189,0.6951570280589526,0.7270626269947013
0,1,2.300016691518384,0.11418400876232201,5478,2.304227590560913,0.10401459854014598,1096,2.301250104662738,0.1139,0.9448487518245047,0.08732202095527193,,,0.9044190264115883,,0.9044577577528016,0.09554224224719843,0,0.1360172243033511,10,0.025,0.15,0.8826012148146967,1.0,0.9455061693663069,0.829375448635119,0.8753361760253632,0.8572236040204453,0.8559146523189862,0.7824828218154585,0.7480671547582705,0.7092516575374511,0.8422977663824669,0.8047760365387148
0,2,2.3008055310500297,0.10564315352697096,4820,2.299682915210724,0.13070539419087138,964,2.301249606699883,0.114,0.9712626768510157,0.08976317072683282,,,0.9899999999649423,,0.9900232707827895,0.00997672921721049,0,0.13602203399915458,10,0.025,0.15,0.8929613331912797,0.9455061693663069,1.0,0.8979576490929274,0.8914299934063445,0.8327910941165352,0.8743366028751614,0.8439461252627332,0.7989931046234742,0.7942630109272066,0.8748878703493418,0.8166553084537963
0,3,2.301020166533334,0.1259192010894235,4406,2.298917089189802,0.14188422247446084,881,2.3012508591519127,0.1138,0.9406374699187694,0.08693281829599861,,,0.890774495920996,,0.8908088660032017,0.10919113399679825,0,0.1360132753842394,10,0.025,0.15,0.8434567479412437,0.829375448635119,0.8979576490929274,1.0,0.8242679402414463,0.8137820764574027,0.8681743039221996,0.8998155881920626,0.7430280090616336,0.7906046145222014,0.8370828970962118,0.8577586768940172
0,4,2.301387327367609,0.11797178988326848,4112,2.3009634017944336,0.11800486618004866,822,2.3012529928472976,0.1137,0.9191461091519195,0.08494660722082246,,,0.821142603819865,,0.8211863147992277,0.17881368520077234,0,0.13598942561574218,10,0.025,0.15,0.8079081320633605,0.8753361760253632,0.8914299934063445,0.8242679402414463,1.0,0.74373978861409,0.8049467949963133,0.767394860638086,0.8273963812574152,0.7853247769068357,0.8521077807410119,0.7810977080663806
0,5,2.3007819852521343,0.11555669838004629,3889,2.3017758641924178,0.09511568123393316,778,2.3013940611972084,0.1123,0.8814833941267927,0.08146585500063283,,,0.6991156117966117,,0.6991549900150187,0.3008450099849813,0,0.13411172094736634,10,0.025,0.15,0.7912013787008878,0.8572236040204453,0.8327910941165352,0.8137820764574027,0.74373978861409,1.0,0.8251283152480144,0.7662488758669079,0.6131602776994204,0.7111852473858705,0.743790473454058,0.8306470398791033
0,6,2.301389428664898,0.10711398544866613,3711,2.3029125531514487,0.10646900269541779,742,2.30133645142181,0.1123,0.9088898778844297,0.08399873610395593,,,0.7879124702452772,,0.7879553068937631,0.21204469310623686,0,0.1350920050640617,10,0.025,0.15,0.7548801327453194,0.8559146523189862,0.8743366028751614,0.8681743039221996,0.8049467949963133,0.8251283152480144,1.0,0.9045234740315166,0.6792892738183183,0.6433885286913245,0.8333795889624604,0.8475117870474851
0,7,2.3015069229262215,0.10780022446689114,3564,2.3013487656911216,0.08835904628330996,713,2.30134166946894,0.1122,0.8878160166896574,0.08205110994124475,,,0.7196332744889964,,0.7196778399432259,0.28032216005677413,0,0.13502622488484112,10,0.025,0.15,0.7337600482817922,0.7824828218154585,0.8439461252627332,0.8998155881920626,0.767394860638086,0.7662488758669079,0.9045234740315166,1.0,0.6863761163472406,0.7313996032689158,0.795299403524489,0.7846525693330577
0,8,2.3020648232212775,0.1032258064516129,3441,2.302805185317993,0.1119186046511628,688,2.301516496682469,0.1122,0.8384863693765775,0.07749211096064493,,,0.5598054852505642,,0.5598438712019937,0.44015612879800625,0,0.13262265005077378,10,0.025,0.15,0.7040903298662062,0.7480671547582705,0.7989931046234742,0.7430280090616336,0.8273963812574152,0.6131602776994204,0.6792892738183183,0.6863761163472406,1.0,0.7871563853479681,0.8198361733933912,0.7910142707320488
0,9,2.300013620765121,0.11085782843431313,3334,2.302137613296509,0.11694152923538231,667,2.301519958278801,0.1123,0.8354599799642687,0.07721241493610116,,,0.55,,0.5500404350481095,0.4499595649518905,0,0.13257932482539303,10,0.025,0.15,0.7982817557390189,0.7092516575374511,0.7942630109272066,0.7906046145222014,0.7853247769068357,0.7111852473858705,0.6433885286913245,0.7313996032689158,0.7871563853479681,1.0,0.6584837085081361,0.6498650622434031
0,10,2.3034546861281764,0.10422709040419624,3241,2.294087847073873,0.1095679012345679,648,2.3013395991506456,0.1123,0.895157600219152,0.08272961209258854,,,0.7434199652305967,,0.7434602498720932,0.25653975012790675,0,0.13505294059885617,10,0.025,0.15,0.6951570280589526,0.8422977663824669,0.8748878703493418,0.8370828970962118,0.8521077807410119,0.743790473454058,0.8333795889624604,0.795299403524489,0.8198361733933912,0.6584837085081361,1.0,0.8636981869080025
0,11,2.302958740234375,0.11462488129154796,3159,2.3019498348236085,0.11392405063291139,632,2.3013411232187777,0.1121,0.889521821760439,0.08220875881980734,,,0.7251600736490309,,0.7252149659190309,0.2747850340809691,0,0.13503325564059085,10,0.025,0.15,0.7270626269947013,0.8047760365387148,0.8166553084537963,0.8577586768940172,0.7810977080663806,0.8306470398791033,0.8475117870474851,0.7846525693330577,0.7910142707320488,0.6498650622434031,0.8636981869080025,1.0
1,0,2.1963466677400802,0.1973119065010957,6845,2.2927728349512275,0.14317019722425128,1369,2.2947232723236084,0.1436,0.9095473835156844,0.08201060191048253,,,0.696022976394077,,0.6960687230776849,0.30393127692231514,0.7665095807359698,0.14381343052989698,10,0.025,0.15,1.0,0.9383222508993069,0.9276850453738409,0.9024820413689186,0.8852806964685846,0.8567585308387673,0.8527123897708714,0.8445703414517367,0.8084443749877478,0.8404132343924735,0.7994301718852028,0.8096773511592492
1,1,2.2596614127935366,0.16033223804308142,5478,2.297907511393229,0.12682481751824817,1096,2.2946089792855178,0.1411,0.9650444725523843,0.08597340808590771,,,0.8931748034881763,,0.8932184647885,0.10678153521150002,0.768777110943299,0.14404343051421986,10,0.025,0.15,0.9383222508993069,1.0,0.9847619256316269,0.9623009985186219,0.9504347787524488,0.9284186528086454,0.9171931554389827,0.9060601296035224,0.8703010686910873,0.9009620520721883,0.8685012138315015,0.8797052122658816
1,2,2.2699186419185837,0.15105809128630707,4820,2.292318105697632,0.1566390041493776,964,2.294595380372639,0.141,0.9780668136920896,0.08791962127668643,,,0.9899999999502493,,0.9900232707827895,0.00997672921721049,0.7712858444234488,0.14408825044728155,10,0.025,0.15,0.9276850453738409,0.9847619256316269,1.0,0.9786375221103907,0.9610910175150864,0.9372458048517346,0.9349702035022611,0.9292966887137528,0.8938773671681602,0.9265201958887225,0.8879405827956551,0.8980875904022017
1,3,2.277583041191101,0.16976849750340445,4406,2.292294672557286,0.16685584562996594,881,2.2945965090884437,0.1411,0.9833112655423144,0.08632959708490498,,,0.9108954057166199,,0.9109438695515836,0.08905613044841643,0.7714270891192966,0.1440864073958166,10,0.025,0.15,0.9024820413689186,0.9623009985186219,0.9786375221103907,1.0,0.9594520292625216,0.9498354860262908,0.9485783244786764,0.9522843803715657,0.8998361865297894,0.948247194169013,0.902427697128894,0.9214427777899018
1,4,2.286166799429691,0.16775291828793773,4112,2.2943595818110873,0.145985401459854,822,2.294613005239752,0.1411,0.9794400304871059,0.0849663857225147,,,0.8430748768001779,,0.8431202653859484,0.15687973461405158,0.7687637942898699,0.1440346145824894,10,0.025,0.15,0.8852806964685846,0.9504347787524488,0.9610910175150864,0.9594520292625216,1.0,0.9321556390027349,0.9408927414794798,0.9340564937477355,0.9343877161350143,0.9476889009627791,0.9238117527539773,0.9165031844960255
1,5,2.2881822163058865,0.16832090511699666,3889,2.2957554885319302,0.14395886889460155,778,2.2947561740875244,0.1419,0.9689462118467342,0.08245587849894519,,,0.7181757361031036,,0.7182172269809047,0.28178277301909527,0.774714121282525,0.1438956394462055,10,0.025,0.15,0.8567585308387673,0.9284186528086454,0.9372458048517346,0.9498354860262908,0.9321556390027349,1.0,0.9540499920421446,0.936675606337342,0.8832378894468219,0.9348830466535412,0.908739909896639,0.9448023379920045
1,6,2.2902370337782236,0.1544058205335489,3711,2.2961360216140747,0.13611859838274934,742,2.294687301297731,0.1421,0.9721777880914825,0.08413842559478184,,,0.801883396642538,,0.8019260286181116,0.19807397138188843,0.7736092308578412,0.14401934511359327,10,0.025,0.15,0.8527123897708714,0.9171931554389827,0.9349702035022611,0.9485783244786764,0.9408927414794798,0.9540499920421446,1.0,0.9709411716173318,0.897254300054157,0.9103352855419902,0.9323839644889302,0.9438346140489887
1,7,2.289938073498862,0.14161054994388328,3564,2.294658064842224,0.12201963534361851,713,2.294708958154992,0.142,0.9666954509403034,0.08274644936923203,,,0.7326317996705396,,0.7326665676420591,0.26733343235794094,0.7700145458746186,0.1439095067943198,10,0.025,0.15,0.8445703414517367,0.9060601296035224,0.9292966887137528,0.9522843803715657,0.9340564937477355,0.936675606337342,0.9709411716173318,1.0,0.8959151539869595,0.9260752978566316,0.9215729909689683,0.9245116157405291
1,8,2.2915713327902334,0.15908166230746876,3441,2.296326994895935,0.14534883720930233,688,2.294971236699744,0.1431,0.9412681844258028,0.07907549975526779,,,0.55,,0.5500404350481095,0.4499595649518905,0.7668714465157599,0.1433489052337439,10,0.025,0.15,0.8084443749877478,0.8703010686910873,0.8938773671681602,0.8998361865297894,0.9343877161350143,0.8832378894468219,0.897254300054157,0.8959151539869595,1.0,0.9239093268905315,0.929199042368503,0.9244148684927902
1,9,2.287223149228979,0.16124775044991002,3334,2.296027104059855,0.13943028485757122,667,2.2949662932866737,0.1433,0.9582593438308219,0.07945806209691376,,,0.5690326907989158,,0.5690696638114572,0.4309303361885428,0.7667181554200175,0.1434468979028644,10,0.025,0.15,0.8404132343924735,0.9009620520721883,0.9265201958887225,0.948247194169013,0.9476889009627791,0.9348830466535412,0.9103352855419902,0.9260752978566316,0.9239093268905315,1.0,0.8866579907623504,0.9056100282052844
1,10,2.2938313438342166,0.14134526380746684,3241,2.288819154103597,0.13580246913580246,648,2.29470773588253,0.142,0.945424910582277,0.08247193472309378,,,0.7189745422487984,,0.7190176758924592,0.28098232410754076,0.7700061243342545,0.14389741327518532,10,0.025,0.15,0.7994301718852028,0.8685012138315015,0.8879405827956551,0.902427697128894,0.9238117527539773,0.908739909896639,0.9323839644889302,0.9215729909689683,0.929199042368503,0.8866579907623504,1.0,0.9424660038258884
1,11,2.2930954971313477,0.16419753086419753,3159,2.295557451248169,0.13924050632911392,632,2.294710249840459,0.142,0.9547778494333137,0.0824541358812692,,,0.7180890398975514,,0.7181347064745589,0.2818652935254411,0.7699029695673902,0.14389560309889643,10,0.025,0.15,0.8096773511592492,0.8797052122658816,0.8980875904022017,0.9214427777899018,0.9165031844960255,0.9448023379920045,0.9438346140489887,0.9245116157405291,0.9244148684927902,0.9056100282052844,0.9424660038258884,1.0
2,0,2.058903870759187,0.24696859021183346,6845,2.281460068442605,0.1672753834915997,1369,2.2837233965909935,0.1604,0.9106025297871012,0.0803619769535319,,,0.55,,0.5500404350481095,0.4499595649518905,0.9158495908938156,0.1458355942250311,10,0.025,0.15,1.0,0.9583172188102662,0.9385730409156664,0.915117715278543,0.9018885512680583,0.8764739877470348,0.8700611320228413,0.85864150081597,0.8470364890118555,0.8376407262295636,0.8319345698028996,0.828492748815148
2,1,2.1300619837849637,0.22068273092369478,5478,2.2877816094292536,0.13503649635036497,1096,2.2834850112094154,0.1556,0.9635023445831997,0.08453478843280753,,,0.8562044225295713,,0.8562410258949349,0.1437589741050651,0.9183249125815506,0.14651090532884384,10,0.025,0.15,0.9583172188102662,1.0,0.9762820956593886,0.9642961635003582,0.9570298414317279,0.943208700559941,0.9373583494404849,0.9249023159651215,0.9140395296106844,0.904394899954939,0.9033027964602639,0.9028215377752346
2,2,2.135772347763965,0.2203941908713693,4820,2.2800835371017456,0.16493775933609958,964,2.2834692393677143,0.1555,0.9825380967306445,0.08635809234405262,,,0.9899999999266191,,0.9900232707827895,0.00997672921721049,0.9179083357355357,0.14653010313931528,10,0.025,0.15,0.9385730409156664,0.9762820956593886,1.0,0.982443397152542,0.9743018534292499,0.965416973757215,0.963343307801338,0.9554555760286122,0.9466300197109012,0.9365401051724892,0.936525316852622,0.9357774756418813
2,3,2.1574081921577455,0.21218792555605992,4406,2.28068470954895,0.18274687854710556,881,2.283471246308918,0.1554,0.9901961874753029,0.08562399074075794,,,0.9361310056930476,,0.9361703883415029,0.0638296116584971,0.9178678629940359,0.14652715575162353,10,0.025,0.15,0.915117715278543,0.9642961635003582,0.982443397152542,1.0,0.9813627861011386,0.9777756937520607,0.9766224030630716,0.9729377862722624,0.9609357150460728,0.9574908757081662,0.9578697385041219,0.9566835723907315
2,4,2.1745100953362204,0.21865272373540856,4112,2.283365181514195,0.14476885644768855,822,2.2834897705271273,0.1553,0.9913833205100163,0.08481952975018815,,,0.8770989803335534,,0.8771434701523328,0.12285652984766715,0.9182592692448787,0.14651812613713128,10,0.025,0.15,0.9018885512680583,0.9570298414317279,0.9743018534292499,0.9813627861011386,1.0,0.9805331082661185,0.9800308966594451,0.9752622859457114,0.9724247511316284,0.9667829733246769,0.9648663886678422,0.9649326015143838
2,5,2.1944179242657076,0.19758292620210852,3889,2.2852614607129778,0.16966580976863754,778,2.28363883344433,0.1553,0.9904040320006746,0.0832349832395872,,,0.7608236221824491,,0.7608720767110627,0.23912792328893728,0.9180982601990607,0.14645235679177643,10,0.025,0.15,0.8764739877470348,0.943208700559941,0.965416973757215,0.9777756937520607,0.9805331082661185,1.0,0.9863621257952403,0.9811615323793949,0.97561225832991,0.9721069723045076,0.9722107996701811,0.9789275458258224
2,6,2.210008378686576,0.21412018323901913,3711,2.2849754889806113,0.14420485175202155,742,2.2835585739039166,0.1553,0.9910273981860778,0.0842958768475213,,,0.8386728890846686,,0.8387136703470812,0.16128632965291878,0.9180119232419924,0.14650470350794878,10,0.025,0.15,0.8700611320228413,0.9373583494404849,0.963343307801338,0.9766224030630716,0.9800308966594451,0.9863621257952403,1.0,0.9880008139837283,0.9788953122608763,0.9749924688790813,0.9807508844100941,0.9811144337107324
2,7,2.2014477231672833,0.20039281705948372,3564,2.283760905265808,0.1388499298737728,713,2.2835955287836773,0.1553,0.9863846976424987,0.08328385892540233,,,0.7644101611922001,,0.7644617187371062,0.23553828126289378,0.9181116223318933,0.14645562856202948,10,0.025,0.15,0.85864150081597,0.9249023159651215,0.9554555760286122,0.9729377862722624,0.9752622859457114,0.9811615323793949,0.9880008139837283,1.0,0.9787952535996882,0.9729639440404876,0.9777770466276882,0.9780671679212786
2,8,2.212526239289178,0.20874745713455392,3441,2.2852452198664346,0.16715116279069767,688,2.284005717386173,0.161,0.981952101293537,0.08086920677612117,,,0.5872209517940377,,0.587265435460712,0.41273456453928803,0.9144848171779573,0.14605244378121984,10,0.025,0.15,0.8470364890118555,0.9140395296106844,0.9466300197109012,0.9609357150460728,0.9724247511316284,0.97561225832991,0.9788953122608763,0.9787952535996882,1.0,0.9735484657841782,0.9823103647366641,0.9840095288214592
2,9,2.1927509740546896,0.2065386922615477,3334,2.2854103644688926,0.1664167916041979,667,2.283993238135229,0.1609,0.976390629479187,0.08092477821382232,,,0.5912988307192977,,0.5913254443729267,0.40867455562707333,0.9152947143412148,0.14606620789652408,10,0.025,0.15,0.8376407262295636,0.904394899954939,0.9365401051724892,0.9574908757081662,0.9667829733246769,0.9721069723045076,0.9749924688790813,0.9729639440404876,0.9735484657841782,1.0,0.977020097559545,0.9762097713325613
2,10,2.2324777025442857,0.19018821351434742,3241,2.2782917817433677,0.14814814814814814,648,2.283604899539223,0.1554,0.9782339066822947,0.08284876406015029,,,0.732482533351412,,0.7325180307306366,0.2674819692693634,0.9178633936555599,0.14640442215055538,10,0.025,0.15,0.8319345698028996,0.9033027964602639,0.936525316852622,0.9578697385041219,0.9648663886678422,0.9722107996701811,0.9807508844100941,0.9777770466276882,0.9823103647366641,0.977020097559545,1.0,0.9864032033811357
2,11,2.2285075101852416,0.19123140234251346,3159,2.284851884841919,0.1439873417721519,632,2.28360882288293,0.1555,0.9784304500854172,0.08284415371605741,,,0.7321442224170134,,0.7321879487052533,0.2678120512947467,0.9178716329534002,0.14640432905949533,10,0.025,0.15,0.828492748815148,0.9028215377752346,0.9357774756418813,0.9566835723907315,0.9649326015143838,0.9789275458258224,0.9811144337107324,0.9780671679212786,0.9840095288214592,0.9762097713325613,0.9864032033811357,1.0
3,0,1.9778582879790554,0.27754565376186996,6845,2.264522140676325,0.19722425127830534,1369,2.267165132715732,0.1912,0.9286915095781195,0.07990287208225426,,,0.55,,0.5500404350481095,0.4499595649518905,0.9628754915164458,0.1458618288717497,10,0.025,0.15,1.0,0.9580987185573796,0.9465422002460722,0.9298295847528617,0.9200298679000848,0.9022269257056185,0.8962525239372692,0.884588181408493,0.8776673820194393,0.8613328200848812,0.863261686952439,0.8551993200709482
3,1,2.0372716895369596,0.26161007667031766,5478,2.2723610401153564,0.16058394160583941,1096,2.2666239165052584,0.1908,0.9687898878899418,0.08378749032333536,,,0.8646930653844145,,0.8647323859979205,0.13526761400207954,0.9669070922558058,0.14665903785524673,10,0.025,0.15,0.9580987185573796,1.0,0.9725529802842333,0.9656200932929202,0.959974623904826,0.9512811987810724,0.9478329101442416,0.9329038912382049,0.9283530563733084,0.9136417583374439,0.9177701362959987,0.9159559340834298
3,2,2.0405056184843966,0.2563485477178423,4820,2.2618370056152344,0.2012448132780083,964,2.2666012576863737,0.1909,0.9816834866136251,0.08533429785477033,,,0.9899999999189899,,0.9900232707827895,0.00997672921721049,0.9670049108721566,0.14667660019044915,10,0.025,0.15,0.9465422002460722,0.9725529802842333,1.0,0.9759488926071823,0.9710404094592082,0.9654110253784999,0.9636273048533976,0.9528032368200059,0.9525858348035366,0.9381315367847963,0.9405300719861805,0.9361343113182524
3,3,2.065012320790972,0.2436223331820245,4406,2.263190746307373,0.20658342792281498,881,2.2666039346139644,0.1896,0.9874562086201464,0.08506828105115388,,,0.968449968956224,,0.9684936706771633,0.0315063293228367,0.9670129213616253,0.14667644977445882,10,0.025,0.15,0.9298295847528617,0.9656200932929202,0.9759488926071823,1.0,0.9759071037800264,0.9727112095370706,0.971603104805074,0.9661788632926921,0.96296557313003,0.954168906581077,0.9563294705720145,0.9522935965407294
3,4,2.0755713231635817,0.2583900778210117,4112,2.26655067716326,0.20072992700729927,822,2.2666237535355966,0.1896,0.9872521781764546,0.08456428433545272,,,0.9276211766362008,,0.9276625241372481,0.07233747586275185,0.9670002292709711,0.1466743801844085,10,0.025,0.15,0.9200298679000848,0.959974623904826,0.9710404094592082,0.9759071037800264,1.0,0.9721118052002053,0.9739710421269917,0.9668143415766418,0.9681860502953784,0.9572142117802199,0.9586341617518882,0.9576811088685692
3,5,2.0993530527237922,0.2346618668038056,3889,2.2693593502044678,0.2043701799485861,778,2.2667895117892494,0.1894,0.988350478720297,0.08362037720426743,,,0.8511552255140022,,0.8511907709065702,0.14880922909342975,0.9664545259829013,0.14665373878529706,10,0.025,0.15,0.9022269257056185,0.9512811987810724,0.9654110253784999,0.9727112095370706,0.9721118052002053,1.0,0.9797627854329283,0.9741089203063473,0.9732134247690173,0.966125497075422,0.9671994456796663,0.9710852420751318
3,6,2.1128944651833894,0.24675289679331716,3711,2.268007198969523,0.1792452830188679,742,2.2666879152949853,0.1897,0.98904731581088,0.08429894893854403,,,0.9061263464556812,,0.9061741842847948,0.09382581571520521,0.9668746842979867,0.1466717505112513,10,0.025,0.15,0.8962525239372692,0.9478329101442416,0.9636273048533976,0.971603104805074,0.9739710421269917,0.9797627854329283,1.0,0.9802187241195999,0.9737095050804246,0.9688004547561633,0.9751536830078339,0.9722721505586459
3,7,2.103732772384371,0.23496071829405163,3564,2.267446279525757,0.16830294530154277,713,2.2667442665824407,0.1893,0.9851778010862837,0.08354735738517342,,,0.8452398873061187,,0.8453070588041128,0.15469294119588717,0.9664858827553285,0.14665108325689108,10,0.025,0.15,0.884588181408493,0.9329038912382049,0.9528032368200059,0.9661788632926921,0.9668143415766418,0.9741089203063473,0.9802187241195999,1.0,0.978074897291565,0.9684384551108802,0.9793008965032998,0.9752310076159145
3,8,2.1114094102824175,0.24074396977622783,3441,2.268496553103129,0.19767441860465115,688,2.267334093021441,0.1932,0.9835943837061871,0.08200297615215336,,,0.7201295072946232,,0.7201729629813008,0.27982703701869915,0.9637817835184919,0.14651450478906036,10,0.025,0.15,0.8776673820194393,0.9283530563733084,0.9525858348035366,0.96296557313003,0.9681860502953784,0.9732134247690173,0.9737095050804246,0.978074897291565,1.0,0.9698837004223066,0.9775850183282193,0.9785080005209068
3,9,2.0933298040319372,0.2438512297540492,3334,2.269140640894572,0.20839580209895053,667,2.267319875427439,0.1936,0.9753377304668635,0.08176866619844117,,,0.7011480493989691,,0.7011932465217606,0.2988067534782394,0.9639555565271072,0.146481157997206,10,0.025,0.15,0.8613328200848812,0.9136417583374439,0.9381315367847963,0.954168906581077,0.9572142117802199,0.966125497075422,0.9688004547561633,0.9684384551108802,0.9698837004223066,1.0,0.9760251271270157,0.9706444401353352
3,10,2.1384181366516994,0.22628818265967293,3241,2.2616968552271524,0.18981481481481483,648,2.26677160021625,0.1894,0.9794105276535239,0.08309069624614761,,,0.8082457517789227,,0.8082718555561057,0.1917281444438943,0.9661661138511087,0.14662238887660695,10,0.025,0.15,0.863261686952439,0.9177701362959987,0.9405300719861805,0.9563294705720145,0.9586341617518882,0.9671994456796663,0.9751536830078339,0.9793008965032998,0.9775850183282193,0.9760251271270157,1.0,0.9799083325063526
3,11,2.1268454399108885,0.22602089268755934,3159,2.268628787994385,0.17088607594936708,632,2.2667785173730004,0.1894,0.9771334864061927,0.08301375222830619,,,0.8020125140873934,,0.802058061428265,0.19794193857173503,0.9661692477345784,0.14661796705146826,10,0.025,0.15,0.8551993200709482,0.9159559340834298,0.9361343113182524,0.9522935965407294,0.9576811088685692,0.9710852420751318,0.9722721505586459,0.9752310076159145,0.9785080005209068,0.9706444401353352,0.9799083325063526,1.0
4,0,1.9206995456307023,0.2991380569758948,6845,2.2419089404019443,0.2337472607742878,1369,2.2450696033767508,0.2247,0.9369194455918946,0.07990280420456518,,,0.55,,0.5500404350481095,0.4499595649518905,0.9806087408334325,0.14578235507318252,10,0.025,0.15,1.0,0.9548705250531879,0.9455951541344412,0.9300139205473108,0.9269772249656079,0.9101004254065753,0.9044256002263877,0.8954621435092548,0.8889651032372712,0.8743112490061454,0.8875585666231356,0.8705962212135718
4,1,1.972504280611526,0.28497626871120846,5478,2.251512739393446,0.19434306569343066,1096,2.244029259379906,0.227,0.968621245328004,0.08333671640803107,,,0.8660282747611447,,0.8660609661500883,0.13393903384991168,0.9839934960487963,0.14658032802983723,10,0.025,0.15,0.9548705250531879,1.0,0.9653076290970656,0.9588984962840683,0.9550973683600469,0.9497656973188984,0.9454592123183863,0.9325334797080987,0.9288928863654878,0.9173438537715344,0.9294335470450321,0.92052536398778
4,2,1.9732337794805828,0.2812655601659751,4820,2.237579792737961,0.23443983402489627,964,2.243990191930457,0.2267,0.9806212383153667,0.08468377315536847,,,0.9899999999079684,,0.9900232707827895,0.00997672921721049,0.9841920889112887,0.1465982188739017,10,0.025,0.15,0.9455951541344412,0.9653076290970656,1.0,0.9699357617391885,0.9671808530566819,0.9620500532146239,0.9596329310538807,0.9522271640238585,0.9518337239030102,0.9386137550744029,0.9476010061330875,0.9380788748222618
4,3,1.9975417120116097,0.2701089423513391,4406,2.2398741245269775,0.2474460839954597,881,2.243994558913798,0.2268,0.9855510384224,0.08467972055649205,,,0.9896270329375482,,0.9896684326055024,0.010331567394497587,0.9841918217856446,0.14659821886597882,10,0.025,0.15,0.9300139205473108,0.9588984962840683,0.9699357617391885,1.0,0.9719520471607761,0.9671126543859057,0.9663086012350354,0.9638329667324742,0.9623538116105893,0.954060802125438,0.9597786429153188,0.951464390305333
4,4,2.003348515250466,0.28304961089494163,4112,2.2440556458064487,0.23722627737226276,822,2.2440145589128324,0.2269,0.985459838852023,0.08436509404680592,,,0.9606714664702781,,0.9607037348781172,0.03929626512188278,0.9841789106856697,0.14659771055831403,10,0.025,0.15,0.9269772249656079,0.9550973683600469,0.9671808530566819,0.9719520471607761,1.0,0.9666522742041156,0.9701306995909591,0.9625199667696973,0.9634232683329471,0.955573699233765,0.9607382919932963,0.9545490873006401
4,5,2.0282824750869506,0.26186680380560556,3889,2.248121908732823,0.2352185089974293,778,2.244210219081444,0.2235,0.9852197138051509,0.0837735915655128,,,0.9062345742016494,,0.9062732088924098,0.09372679110759019,0.9840161215601325,0.1465924801995802,10,0.025,0.15,0.9101004254065753,0.9497656973188984,0.9620500532146239,0.9671126543859057,0.9666522742041156,1.0,0.9728662836279349,0.9668903242673875,0.9651231046297161,0.9638519087746894,0.9638285920958746,0.9638576455012894
4,6,2.0368108987808227,0.2745082188089464,3711,2.245344877243042,0.2196765498652291,742,2.244075207770625,0.227,0.9864935319592182,0.08423466016857722,,,0.9486674340243071,,0.948705253255434,0.05129474674456602,0.9841693648123381,0.14659719856291667,10,0.025,0.15,0.9044256002263877,0.9454592123183863,0.9596329310538807,0.9663086012350354,0.9701306995909591,0.9728662836279349,1.0,0.9749834627814038,0.967820363160144,0.966619908313974,0.9725834127782301,0.9659075626595857
4,7,2.032882083313806,0.26304713804713803,3564,2.2456432580947876,0.20897615708274894,713,2.244160428831849,0.2263,0.9831731538166506,0.0836618307150396,,,0.8959490495090747,,0.8959994058523543,0.10400059414764573,0.9839813202603104,0.14658961610734567,10,0.025,0.15,0.8954621435092548,0.9325334797080987,0.9522271640238585,0.9638329667324742,0.9625199667696973,0.9668903242673875,0.9749834627814038,1.0,0.9721870356620367,0.9679991951552194,0.9733708433696546,0.9661789289152313
4,8,2.03158079650667,0.2674803836094159,3441,2.246249278386434,0.2194767441860465,688,2.2449509131757517,0.2247,0.9812483346017424,0.08264418079013278,,,0.8022931459730113,,0.8023386311498407,0.19766136885015928,0.9832759615536003,0.14654078087067143,10,0.025,0.15,0.8889651032372712,0.9288928863654878,0.9518337239030102,0.9623538116105893,0.9634232683329471,0.9651231046297161,0.967820363160144,0.9721870356620367,1.0,0.96339916611299,0.9718591742744007,0.9700618048877904
4,9,2.023112690448761,0.26616676664667066,3334,2.247015953063965,0.23088455772113944,667,2.2449333064163786,0.2248,0.9753912051130605,0.08230866361615409,,,0.7714149792166806,,0.7714429535739631,0.22855704642603691,0.9831594116527499,0.1465098784808366,10,0.025,0.15,0.8743112490061454,0.9173438537715344,0.9386137550744029,0.954060802125438,0.955573699233765,0.9638519087746894,0.966619908313974,0.9679991951552194,0.96339916611299,1.0,0.9692322077333272,0.9663981091497883
4,10,2.065292216722782,0.2541808083924715,3241,2.2387013832728067,0.2222222222222222,648,2.2442065492461,0.2259,0.9814380246106056,0.08332297197184335,,,0.8647633529464327,,0.8647901503523625,0.1352098496476375,0.9837465128767644,0.1465796895697334,10,0.025,0.15,0.8875585666231356,0.9294335470450321,0.9476010061330875,0.9597786429153188,0.9607382919932963,0.9638285920958746,0.9725834127782301,0.9733708433696546,0.9718591742744007,0.9692322077333272,1.0,0.9719897079809827
4,11,2.0482541666030882,0.25792972459639124,3159,2.2468263626098635,0.21677215189873417,632,2.2442179178889794,0.2259,0.9756185969337687,0.08308599280147734,,,0.8429537917440499,,0.8429882325757951,0.15701176742420486,0.9837569636754294,0.1465698788864088,10,0.025,0.15,0.8705962212135718,0.92052536398778,0.9380788748222618,0.951464390305333,0.9545490873006401,0.9638576455012894,0.9659075626595857,0.9661789289152313,0.9700618048877904,0.9663981091497883,0.9719897079809827,1.0
5,0,1.8794913060135312,0.3150328707085464,6845,2.213304281234741,0.2710007304601899,1369,2.2170088653323017,0.2502,0.9399887997208312,0.08007700523722992,,,0.55,,0.5500404350481095,0.4499595649518905,0.9885862832890722,0.14536498668512543,10,0.025,0.15,1.0,0.9495405250440442,0.9425819498703906,0.9294626713554607,0.9248443380009461,0.911577865119079,0.9064690783071603,0.900652599441285,0.8902255274459957,0.8713046332977574,0.8958826826033771,0.876490616030528
5,1,1.9247669264327647,0.3044359255202629,5478,2.224689351187812,0.23266423357664234,1096,2.2153287446951566,0.2528,0.9689077605966758,0.08314449045241953,,,0.8623041451341433,,0.8623475433645261,0.13765245663547387,0.9907095455817378,0.14621320356926396,10,0.025,0.15,0.9495405250440442,1.0,0.9607869518841669,0.9536671068509011,0.9527953234147448,0.9453963974269535,0.9448261986500085,0.933173185108711,0.9273749830766097,0.9130566208449558,0.9326618959758728,0.9212040449888003
5,2,1.9244406872674038,0.2979460580912863,4820,2.2070754170417786,0.27282157676348545,964,2.2152848605868183,0.2531,0.9779327269407246,0.08427224845884732,,,0.9771224654871049,,0.9771665758941097,0.022833424105890288,0.9908085706779428,0.1462387800820043,10,0.025,0.15,0.9425819498703906,0.9607869518841669,1.0,0.9635703594268689,0.9621621151381633,0.9556936607911927,0.9530233977622824,0.9478017083740371,0.9461162912466098,0.9265769504544649,0.944638416225648,0.9360853404890643
5,3,1.9462254442487443,0.29037675896504767,4406,2.2105097430092946,0.2667423382519864,881,2.2152917415280884,0.2527,0.9818924510972414,0.08439873299973334,,,0.9899999998981888,,0.9900232707827895,0.00997672921721049,0.9908082676123187,0.1462388304992513,10,0.025,0.15,0.9294626713554607,0.9536671068509011,0.9635703594268689,1.0,0.9646551988196675,0.9595417539763541,0.9561000852009209,0.9576828923209482,0.9554743255777547,0.9443152140735078,0.9541695230962891,0.9463890770847724
5,4,1.9468375372164177,0.3037451361867704,4112,2.2157136372157504,0.2360097323600973,822,2.2153132233438613,0.2527,0.9827662848694443,0.08423246163712507,,,0.9730717240901974,,0.973106566981895,0.026893433018104984,0.9908020308329077,0.14623872721741873,10,0.025,0.15,0.9248443380009461,0.9527953234147448,0.9621621151381633,0.9646551988196675,1.0,0.959328877733612,0.9640172184553565,0.9589423095274912,0.9563919065680064,0.9468664946733972,0.9546221410317212,0.9505534430658339
5,5,1.9712117098992872,0.2844690151709951,3889,2.2213659286499023,0.2570694087403599,778,2.215549336204046,0.2474,0.9810911825030117,0.08381178360223729,,,0.930242016741724,,0.9302866762390454,0.06971332376095463,0.9907486266017348,0.14623434362056034,10,0.025,0.15,0.911577865119079,0.9453963974269535,0.9556936607911927,0.9595417539763541,0.959328877733612,1.0,0.9653940469948211,0.958925440690497,0.9560498504219076,0.9523533514102718,0.9554007114755732,0.955916330582251
5,6,1.978317273074183,0.2947992454863918,3711,2.2164830366770425,0.24123989218328842,742,2.2153732203230074,0.2526,0.9830367695115114,0.08416054116758923,,,0.9657494196028555,,0.9657787460183855,0.03422125398161446,0.9907979706295609,0.14623858092186032,10,0.025,0.15,0.9064690783071603,0.9448261986500085,0.9530233977622824,0.9561000852009209,0.9640172184553565,0.9653940469948211,1.0,0.9678943572493146,0.9597677617356316,0.9570554229894758,0.9639330030560561,0.959563517321482
5,7,1.977542244536536,0.2804994388327722,3564,2.2178708712259927,0.23562412342215988,713,2.2154847458948064,0.2512,0.9809047890823333,0.08373653740779523,,,0.9225811164337261,,0.9226205211995181,0.0773794788004819,0.9907386674796338,0.1462336480924577,10,0.025,0.15,0.900652599441285,0.933173185108711,0.9478017083740371,0.9576828923209482,0.9589423095274912,0.958925440690497,0.9678943572493146,1.0,0.964844012740211,0.9603963809861495,0.9647640697924473,0.9582418808746755
5,8,1.970973273118337,0.28846265620459166,3441,2.218256115913391,0.2369186046511628,688,2.2164860284781156,0.2431,0.9780883137412241,0.08301491446568852,,,0.8491118671190594,,0.8491525143998283,0.1508474856001717,0.9905209572749177,0.1462067837775436,10,0.025,0.15,0.8902255274459957,0.9273749830766097,0.9461162912466098,0.9554743255777547,0.9563919065680064,0.9560498504219076,0.9597677617356316,0.964844012740211,1.0,0.9579130702413041,0.9637677977127425,0.9626233820912671
5,9,1.9757372162960194,0.2875524895020996,3334,2.218604803085327,0.2518740629685157,667,2.2164449540874624,0.2433,0.9699267926662677,0.08254137504948506,,,0.8009002826483567,,0.8009522866432308,0.19904771335676918,0.9905114052344987,0.1461677381060728,10,0.025,0.15,0.8713046332977574,0.9130566208449558,0.9265769504544649,0.9443152140735078,0.9468664946733972,0.9523533514102718,0.9570554229894758,0.9603963809861495,0.9579130702413041,1.0,0.9576949225068125,0.9575900428885515
5,10,2.005986355818235,0.27553224313483493,3241,2.209195693333944,0.25,648,2.2155505675303786,0.2514,0.979019578283275,0.08346538826866394,,,0.8949751153743138,,0.8950091597762044,0.10499084022379557,0.9907061051644015,0.14622818943677712,10,0.025,0.15,0.8958826826033771,0.9326618959758728,0.944638416225648,0.9541695230962891,0.9546221410317212,0.9554007114755732,0.9639330030560561,0.9647640697924473,0.9637677977127425,0.9576949225068125,1.0,0.9638729095688956
5,11,1.9853227009773255,0.2815764482431149,3159,2.2190576553344727,0.22784810126582278,632,2.2155579615242873,0.2514,0.9736724546193276,0.08314452125318544,,,0.8623072809950172,,0.8623475433645261,0.13765245663547387,0.9906895539812598,0.14621320356926396,10,0.025,0.15,0.876490616030528,0.9212040449888003,0.9360853404890643,0.9463890770847724,0.9505534430658339,0.955916330582251,0.959563517321482,0.9582418808746755,0.9626233820912671,0.9575900428885515,0.9638729095688956,1.0
6,0,1.8432557174453028,0.3285609934258583,6845,2.179404778914018,0.28780131482834187,1369,2.1836823089213313,0.2742,0.9407493495824312,0.0803203509659894,,,0.55,,0.5500404350481095,0.4499595649518905,0.9892988300316745,0.14473674204529235,10,0.025,0.15,1.0,0.9452711561215392,0.9390122639628172,0.9256624901517857,0.9169828249062509,0.9060027990698095,0.9056925288982178,0.9012964012606396,0.887177398172154,0.869257631454761,0.8966548316227921,0.8754517874447545
6,1,1.8838132417479228,0.3209017889740781,5478,2.19244294696384,0.26186131386861317,1096,2.1810966926284983,0.2757,0.9651760825879658,0.0830184171148654,,,0.8548474591460671,,0.8548876895908634,0.14511231040913664,0.992554570467697,0.14567300667822689,10,0.025,0.15,0.9452711561215392,1.0,0.9523360593565313,0.9447640818077331,0.9431102121318491,0.9358422418868553,0.940327930662307,0.927116170544408,0.9184883192645912,0.9038895762818002,0.9263824849249974,0.9128207846893843
6,2,1.8803929498321132,0.3154356846473029,4820,2.1708272099494934,0.2966804979253112,964,2.1810261086572575,0.2757,0.9750195371540175,0.08403851031808605,,,0.9701051303575515,,0.9701523328547144,0.02984766714528564,0.9928242698800064,0.1457066943975399,10,0.025,0.15,0.9390122639628172,0.9523360593565313,1.0,0.9564968471760968,0.9532075715819965,0.9469397466557795,0.9464502650951676,0.9430509646235424,0.9390943125888485,0.920229984900414,0.9385727123403775,0.9285993222899153
6,3,1.9014085040773665,0.30474353154788925,4406,2.1755060808999196,0.28717366628830876,881,2.181035548825807,0.2761,0.9780140593524035,0.08421459075570592,,,0.9899999998870126,,0.9900232707827895,0.00997672921721049,0.9928278490294674,0.14570686691130533,10,0.025,0.15,0.9256624901517857,0.9447640818077331,0.9564968471760968,1.0,0.9558914484027636,0.951450306183402,0.9487087350189374,0.9502239704669114,0.9477425904256138,0.9293882443860373,0.9494172242239163,0.9385585507414261
6,4,1.8983281933900082,0.3192120622568093,4112,2.1819805758340016,0.25790754257907544,822,2.1810594359530677,0.2763,0.9783184671429128,0.08412146541661514,,,0.9794780106408381,,0.9795184103249658,0.020481589675034217,0.9928264089420006,0.14570682067895446,10,0.025,0.15,0.9169828249062509,0.9431102121318491,0.9532075715819965,0.9558914484027636,1.0,0.9515152400489831,0.9588804690752091,0.9515755480942136,0.9492518731577679,0.9282864016021426,0.9503196252252735,0.9425087044932294
6,5,1.9266307377046155,0.3019285163281049,3889,2.1894166810171947,0.2853470437017995,778,2.18135276625428,0.2719,0.9765380383451955,0.0838026481647146,,,0.9434556806418866,,0.9435147134062815,0.05648528659371854,0.9927908047758401,0.14570560044011913,10,0.025,0.15,0.9060027990698095,0.9358422418868553,0.9469397466557795,0.951450306183402,0.9515152400489831,1.0,0.9573645467963149,0.9499901529881186,0.9495495024752539,0.9356317977242403,0.9481872303097197,0.948339583307358
6,6,1.9296799125342534,0.31013203988143356,3711,2.1821205615997314,0.2560646900269542,742,2.1811240956753113,0.2761,0.9802439896114512,0.0841397017677237,,,0.9815384884026073,,0.9815649188823422,0.018435081117657792,0.9928238605262365,0.14570683323137912,10,0.025,0.15,0.9056925288982178,0.940327930662307,0.9464502650951676,0.9487087350189374,0.9588804690752091,0.9573645467963149,1.0,0.9613527831422385,0.9524467001642832,0.9429192042213104,0.9568595216812784,0.952811508460442
6,7,1.9312580904790333,0.29710998877665545,3564,2.1847779750823975,0.2664796633941094,713,2.181266959709457,0.2743,0.9778717278360286,0.08379951691330619,,,0.9431018887097653,,0.9431516231783599,0.05684837682164012,0.9927813684095339,0.14570553892084023,10,0.025,0.15,0.9012964012606396,0.927116170544408,0.9430509646235424,0.9502239704669114,0.9515755480942136,0.9499901529881186,0.9613527831422385,1.0,0.9590357469662614,0.9464763543005119,0.9561040961677424,0.9501287200523538
6,8,1.9188142286406622,0.3076140656785818,3441,2.1848899523417153,0.2601744186046512,688,2.1824969460692585,0.2696,0.975027008745451,0.0832594546665355,,,0.8820816636210126,,0.8821194566849863,0.11788054331501374,0.9925987371029404,0.1456920702916392,10,0.025,0.15,0.887177398172154,0.9184883192645912,0.9390943125888485,0.9477425904256138,0.9492518731577679,0.9495495024752539,0.9524467001642832,0.9590357469662614,1.0,0.9486721873819396,0.9576662533523869,0.954069514498618
6,9,1.9329102935614408,0.3049790041991602,3334,2.184656262397766,0.27586206896551724,667,2.1824927299837524,0.2699,0.9619177068193654,0.08253831221504362,,,0.800601658354556,,0.8006469607697513,0.19935303923024872,0.9920184520243688,0.14562574267714976,10,0.025,0.15,0.869257631454761,0.9038895762818002,0.920229984900414,0.9293882443860373,0.9282864016021426,0.9356317977242403,0.9429192042213104,0.9464763543005119,0.9486721873819396,1.0,0.9429073334348717,0.9431922085012426
