round,client_id,client_i_training_loss,client_i_training_accuracy,client_i_training_dataset_size,client_i_evaluation_loss,client_i_evaluation_accuracy,client_i_evaluation_dataset_size,client_i_central_evaluation_loss,client_i_central_evaluation_accuracy,client_i_cosine_similarity,client_i_importance_coefficient,client_i_tanh_val,tanh_normalization_value,client_i_q,client_i_mask_order,client_i_v_nonzero_fraction,client_i_v_sparsity,client_i_v_cosine_similarity,client_i_reward_gradient_norm,local_epochs,learning_rate,gamma,client_0_cosine_similarity,client_1_cosine_similarity,client_2_cosine_similarity,client_3_cosine_similarity,client_4_cosine_similarity,client_5_cosine_similarity,client_6_cosine_similarity,client_7_cosine_similarity,client_8_cosine_similarity,client_9_cosine_similarity,client_10_cosine_similarity,client_11_cosine_similarity
0,0,0.2769353328482882,0.9140248356464573,8214,2.200365737427113,0.4141709276844412,1369,2.2014650300668834,0.4121,0.8086550655942487,0.0856595941269011,,,0.9999999999222662,,1.0,0.0,0,0.39444406254384073,5,0.1,0.5,1.0,0.5767722998129695,0.5846858057711201,0.5851357487317823,0.5901917097394626,0.5842640814465833,0.5693262493370231,0.5949916308219464,0.5589258117343974,0.593328570412328,0.5796716283989612,0.5645873950881665
0,1,0.30170950073911584,0.9063583815028902,6574,2.2023118700299946,0.41514598540145986,1096,2.2014796345378644,0.4121,0.7966734591588889,0.08439040088504964,,,0.9013408607958789,,0.9013603734752271,0.09863962652477287,0,0.39442224176638163,5,0.1,0.5,0.5767722998129695,1.0,0.5921897822239288,0.5757277392101011,0.5879363187227984,0.5803599589755848,0.5810461033922961,0.5958250957384496,0.5548095727375727,0.6063532139987377,0.5795317742064614,0.5836681068264853
0,2,0.3321314921293881,0.8981497492650873,5783,2.1953675900736163,0.4574688796680498,964,2.201506396071218,0.4126,0.7938248711096916,0.0840886543103841,,,0.8778849706215748,,0.8778976958988003,0.12210230410119971,0,0.3944009960664307,5,0.1,0.5,0.5846858057711201,0.5921897822239288,1.0,0.5850723090887864,0.5797693092628466,0.5894452481385299,0.5854859235400968,0.6017697147529021,0.5631347727026048,0.5969810587986583,0.5912262163676723,0.579365712176454
0,3,0.33449771394167677,0.8941176470588236,5287,2.198295831680298,0.4120317820658343,881,2.201521495660654,0.4125,0.7867810793927774,0.08334251622845433,,,0.819884865984065,,0.8198935796395763,0.18010642036042368,0,0.3942934760231716,5,0.1,0.5,0.5851357487317823,0.5757277392101011,0.5850723090887864,1.0,0.5861854174197905,0.5875534570316951,0.5906606269115686,0.5848230214372713,0.5616555546995985,0.5885563358997575,0.60695755498905,0.5746606984289405
0,4,0.3324651040371147,0.8976697061803445,4935,2.2048969635596642,0.3929440389294404,822,2.201512171437565,0.4123,0.7892653740581582,0.08360567376221906,,,0.8403410856358314,,0.840359419707846,0.159640580292154,0,0.3943425827066836,5,0.1,0.5,0.5901917097394626,0.5879363187227984,0.5797693092628466,0.5861854174197905,1.0,0.5866173008944712,0.592280513060013,0.5879578821726887,0.5582058812692299,0.6084358454776426,0.6153438227889276,0.589952304707832
0,5,0.3562824962112083,0.8869937861581315,4667,2.2029270935058594,0.39588688946015427,778,2.201511942921355,0.4123,0.787611301743279,0.08343046041208074,,,0.8267210964032388,,0.826735605642287,0.17326439435771301,0,0.3943115644897752,5,0.1,0.5,0.5842640814465833,0.5803599589755848,0.5894452481385299,0.5875534570316951,0.5866173008944712,1.0,0.5975885971492084,0.606294382177895,0.574507160544419,0.5976298524029116,0.6031108661645299,0.5871140889358318
0,6,0.35958437819299954,0.8848865933078823,4453,2.2048913141091666,0.38274932614555257,742,2.201670546120348,0.4115,0.7810134931042527,0.08273156463538683,,,0.7723933128995207,,0.7724060037146729,0.22759399628532706,0,0.3941168841680033,5,0.1,0.5,0.5693262493370231,0.5810461033922961,0.5854859235400968,0.5906606269115686,0.592280513060013,0.5975885971492084,1.0,0.6000793189289124,0.56045312814563,0.590799243244526,0.5986972199606292,0.5870177528108148
0,7,0.3568504065136189,0.8870703764320785,4277,2.1999388881351636,0.4431977559607293,713,2.201493991449618,0.4124,0.7913209856031419,0.08382342154878179,,,0.8572674357459353,,0.8572812609808744,0.14271873901912557,0,0.39437340220902145,5,0.1,0.5,0.5949916308219464,0.5958250957384496,0.6017697147529021,0.5848230214372713,0.5879578821726887,0.606294382177895,0.6000793189289124,1.0,0.582740030297964,0.6079733531492965,0.603164665177308,0.5842710845112943
0,8,0.41855075496320543,0.8727536933882296,4129,2.211693449453874,0.37790697674418605,688,2.2035848896343486,0.4046,0.7540050560490262,0.07987060221199246,,,0.55,,0.5500125495708047,0.4499874504291953,0,0.39087092370635695,5,0.1,0.5,0.5589258117343974,0.5548095727375727,0.5631347727026048,0.5616555546995985,0.5582058812692299,0.574507160544419,0.56045312814563,0.582740030297964,1.0,0.5722266534154739,0.5759552989760545,0.5652085600360081
0,9,0.37705047118259477,0.882879280179955,4001,2.204868418829782,0.4122938530734633,667,2.2014916765804107,0.4125,0.7915124606195398,0.08384370420437615,,,0.8588440824488572,,0.8588524672456203,0.14114753275437975,0,0.394375777266777,5,0.1,0.5,0.593328570412328,0.6063532139987377,0.5969810587986583,0.5885563358997575,0.6084358454776426,0.5976298524029116,0.590799243244526,0.6079733531492965,0.5722266534154739,1.0,0.6163526159778008,0.5954793277432123
0,10,0.3613400118135404,0.8894831576240679,3889,2.194256101335798,0.4058641975308642,648,2.201504574797024,0.4122,0.78865794471205,0.08354132970074934,,,0.8353393810071205,,0.8353596706992621,0.1646403293007379,0,0.39433172359199437,5,0.1,0.5,0.5796716283989612,0.5795317742064614,0.5912262163676723,0.60695755498905,0.6153438227889276,0.6031108661645299,0.5986972199606292,0.603164665177308,0.5759552989760545,0.6163526159778008,1.0,0.6067377700067426
0,11,0.41014344442573164,0.8703244526510155,3791,2.2030097007751466,0.41455696202531644,632,2.2020058868030388,0.4095,0.7710115865496361,0.08167207797362451,,,0.6900354508194504,,0.6900557200943728,0.30994427990562723,0,0.3935051405663396,5,0.1,0.5,0.5645873950881665,0.5836681068264853,0.579365712176454,0.5746606984289405,0.589952304707832,0.5871140889358318,0.5870177528108148,0.5842710845112943,0.5652085600360081,0.5954793277432123,0.6067377700067426,1.0
1,0,0.25024998626175265,0.9229607986364743,8214,2.0346376452335093,0.7348429510591673,1369,2.0381439760470164,0.735,0.7945641161179416,0.08517267584619695,,,0.9999999999648422,,1.0,0.0,0.9568517137318735,0.3936781969441886,5,0.1,0.5,1.0,0.6198586863248025,0.6099163893799436,0.62318168412275,0.6116161119032433,0.6115247056282589,0.6122999519517505,0.612231941720579,0.35637604798505296,0.6072081095693438,0.6127505082174945,0.6087273731609472
1,1,0.2666319829782525,0.9174018862184362,6574,2.037796493938991,0.7217153284671532,1096,2.038175271722836,0.7348,0.8037744649813781,0.08464856745548054,,,0.9815735228123568,,0.9815872697153757,0.018412730284624312,0.9568214172810251,0.3936780705631095,5,0.1,0.5,0.6198586863248025,1.0,0.6260713155788039,0.6200795891070862,0.6180071825895626,0.6187817334927503,0.6187338271435596,0.6175397056872862,0.37103689134097523,0.6164032653650925,0.6324725314128796,0.62008833027925
1,2,0.2950543863925239,0.9095970949334256,5783,2.033094563791829,0.7437759336099585,964,2.038209331302216,0.7347,0.8077426881564433,0.08458650282659716,,,0.9793914694692805,,0.9793986245670399,0.020601375432960145,0.9567660509931942,0.39367801598038826,5,0.1,0.5,0.6099163893799436,0.6260713155788039,1.0,0.6299622690465532,0.6248318504859018,0.6172627839875188,0.6261748415139501,0.6257916511744428,0.3745934300977827,0.6234041624622726,0.6359271169678747,0.6244280261104925
1,3,0.29487766211695343,0.9095139020238321,5287,2.0332759278161183,0.7468785471055619,881,2.03821907485255,0.735,0.8107895013236878,0.08419512462597921,,,0.9656314885199013,,0.965654334621756,0.03434566537824402,0.9565061495015087,0.3936773584382146,5,0.1,0.5,0.62318168412275,0.6200795891070862,0.6299622690465532,1.0,0.6280794503580998,0.6289683286156982,0.6230355776501114,0.6355373342608206,0.36837236593070743,0.6282180608717814,0.6375403804480431,0.6268467915877906
1,4,0.2849327884902877,0.9124214792299898,4935,2.0403131521665134,0.718978102189781,822,2.0382240085175245,0.7349,0.811686794843359,0.08440250187332055,,,0.97292240806587,,0.9729330856884695,0.02706691431153052,0.9566467178849332,0.3936777929579809,5,0.1,0.5,0.6116161119032433,0.6180071825895626,0.6248318504859018,0.6280794503580998,1.0,0.6213943129833028,0.634110225452347,0.6300505298986973,0.3773271152122169,0.6376510942543409,0.6513535022930819,0.6234323205863933
1,5,0.31701669620464823,0.9024641097064495,4667,2.042875828742981,0.7403598971722365,778,2.0382096169474786,0.7349,0.8064007514746372,0.08409955321090937,,,0.9622714116209075,,0.9622860298177802,0.03771397018221978,0.9565852052231736,0.3936770730922508,5,0.1,0.5,0.6115247056282589,0.6187817334927503,0.6172627839875188,0.6289683286156982,0.6213943129833028,1.0,0.6205293044482241,0.6284756510389083,0.3785792425826888,0.6215665531798013,0.6435824838634668,0.6180762292450259
1,6,0.3215883026072489,0.8998877161464182,4453,2.045742243528366,0.7129380053908356,742,2.038417638681186,0.7345,0.8080535451881778,0.08369071862435938,,,0.9478977032398763,,0.9479092415039405,0.052090758496059486,0.9559796141379657,0.3936753207127524,5,0.1,0.5,0.6122999519517505,0.6187338271435596,0.6261748415139501,0.6230355776501114,0.634110225452347,0.6205293044482241,1.0,0.6276410909096344,0.3762993002758813,0.6209178454034932,0.642183363044992,0.6255382519925207
1,7,0.31087368719988684,0.9020808978255787,4277,2.0349552372227544,0.7461430575035063,713,2.03820302425482,0.7348,0.814107551325649,0.08463311176040256,,,0.9810301351901114,,0.9810501480849355,0.018949851915064486,0.9566876746388023,0.3936780599442043,5,0.1,0.5,0.612231941720579,0.6175397056872862,0.6257916511744428,0.6355373342608206,0.6300505298986973,0.6284756510389083,0.6276410909096344,1.0,0.3890550480655797,0.6334799201505332,0.6504667524181817,0.6300608777641303
1,8,0.40325558130275635,0.8838459675466215,4129,2.055559201674028,0.7151162790697675,688,2.043690926731585,0.7261,0.5405708339422072,0.07237322569345053,,,0.55,,0.5500125495708047,0.4499874504291953,0.9485027161399635,0.3898433847456915,5,0.1,0.5,0.35637604798505296,0.37103689134097523,0.3745934300977827,0.36837236593070743,0.3773271152122169,0.3785792425826888,0.3762993002758813,0.3890550480655797,1.0,0.3709459884542466,0.3851357351069022,0.386429029093657
1,9,0.342081439906698,0.895676080979755,4001,2.043725399743943,0.7256371814092953,667,2.038202201215604,0.7347,0.8088316855652762,0.08446113818805305,,,0.9749839295619247,,0.9749912153004368,0.025008784699563247,0.956691347516837,0.39367787584927055,5,0.1,0.5,0.6072081095693438,0.6164032653650925,0.6234041624622726,0.6282180608717814,0.6376510942543409,0.6215665531798013,0.6209178454034932,0.6334799201505332,0.3709459884542466,1.0,0.6478685262613995,0.6219336937277737
1,10,0.31946659491198964,0.9031113396760092,3889,2.0266777049927485,0.7592592592592593,648,2.038210435797231,0.7348,0.8240841199594449,0.08479546170339955,,,0.9867379955646653,,0.9867526730585814,0.013247326941418613,0.9566338170648202,0.39367815104920123,5,0.1,0.5,0.6127505082174945,0.6324725314128796,0.6359271169678747,0.6375403804480431,0.6513535022930819,0.6435824838634668,0.642183363044992,0.6504667524181817,0.3851357351069022,0.6478685262613995,1.0,0.6360851120286841
1,11,0.3610160910720084,0.8902136639409127,3791,2.0414468109607697,0.745253164556962,632,2.038806488719611,0.7322,0.806875574478843,0.0829414181918513,,,0.9215539782690079,,0.9215752221274033,0.07842477787259672,0.9544605870284534,0.393667928494959,5,0.1,0.5,0.6087273731609472,0.62008833027925,0.6244280261104925,0.6268467915877906,0.6234323205863933,0.6180762292450259,0.6255382519925207,0.6300608777641303,0.386429029093657,0.6219336937277737,0.6360851120286841,1.0
2,0,0.2303212050989937,0.9310932554175797,8214,1.8222345529600632,0.8845872899926954,1369,1.8286720167714567,0.8698,0.8009559242779278,0.08417199666118934,,,0.9804795620023318,,0.9804979669695296,0.019502033030470378,0.9652697568642531,0.40592511687840266,5,0.1,0.5,1.0,0.6249961669930129,0.6213385479003068,0.6192821378919624,0.6206008174572512,0.6157231374588676,0.615407708526239,0.6229481623090186,0.6137657587619366,0.6187448119309661,0.6160632878297467,0.6049307938115797
2,1,0.24182764789704414,0.9278369333738972,6574,1.8272645507540022,0.8585766423357665,1096,1.8287227568915858,0.8699,0.8070946351763115,0.08403911087013442,,,0.9735192074418182,,0.9735304452587722,0.026469554741227808,0.9652680399747557,0.40592482079565456,5,0.1,0.5,0.6249961669930129,1.0,0.6287149159768275,0.6194272751036201,0.6268642600469327,0.6191874767440807,0.6200574761476444,0.6279217666945313,0.6214269375436396,0.6267421461873173,0.6270326753056584,0.6140208662280999
2,2,0.26452475532127845,0.9214594501123984,5783,1.8241727429051553,0.8703319502074689,964,1.8287659849221714,0.8698,0.8110976017416258,0.08413735661474542,,,0.978665169332293,,0.9786757692886904,0.021324230711309622,0.9652702061750165,0.4059250566669799,5,0.1,0.5,0.6213385479003068,0.6287149159768275,1.0,0.632569264643229,0.6322173374510628,0.6238542160363769,0.6270631918733723,0.6344901599857579,0.6189565534928027,0.6282414026179767,0.6262819798439307,0.6213417902304386
2,3,0.27028648355549356,0.9182144883676944,5287,1.8223227390221186,0.8740068104426788,881,1.8287642950447984,0.8698,0.8126644781307543,0.08393314696474408,,,0.9679689800903573,,0.9679785151347824,0.03202148486521761,0.9652676547979264,0.4059244548287161,5,0.1,0.5,0.6192821378919624,0.6194272751036201,0.632569264643229,1.0,0.6393885126012289,0.6223510216427361,0.6292145353357497,0.6403684315442805,0.6282615096843929,0.6355238628402814,0.6270828464613587,0.6197068339027114
2,4,0.25815127493272866,0.9200405268490375,4935,1.8293181153444142,0.8698296836982968,822,1.8287848100875512,0.8699,0.8180085149387306,0.08425617034219718,,,0.9848884507166715,,0.984895336579489,0.015104663420510978,0.9652707596518925,0.4059252405820694,5,0.1,0.5,0.6206008174572512,0.6268642600469327,0.6322173374510628,0.6393885126012289,1.0,0.6279044866841752,0.6396759515555054,0.6408804082755021,0.6301816458019135,0.6386878509220184,0.6423653383949548,0.6252977130713233
2,5,0.28516342066458034,0.9134776087422327,4667,1.8365925741195679,0.8637532133676092,778,1.8287481381870305,0.8699,0.8094332846392988,0.08375754600098925,,,0.9587712700929327,,0.958782189649114,0.04121781035088601,0.9652687289911335,0.40592360128705757,5,0.1,0.5,0.6157231374588676,0.6191874767440807,0.6238542160363769,0.6223510216427361,0.6279044866841752,1.0,0.6274048320152517,0.6391771539432846,0.6268293522026489,0.6291102461896465,0.6355640334633116,0.6151396435423951
2,6,0.28033745605698124,0.9163709858522344,4453,1.8414693027734756,0.8544474393530997,742,1.8289924593398366,0.8698,0.8146123107816446,0.08366747334766902,,,0.9540534022280688,,0.9540685708548767,0.04593142914512327,0.9652612776550065,0.4059229866535531,5,0.1,0.5,0.615407708526239,0.6200574761476444,0.6270631918733723,0.6292145353357497,0.6396759515555054,0.6274048320152517,1.0,0.6414153292200163,0.6368599949793563,0.631775606783837,0.6411167602024611,0.6254596647396269
2,7,0.28279676777936186,0.9140519055412673,4277,1.8239099927570508,0.8835904628330996,713,1.8287619565622495,0.8699,0.8207436427813539,0.08450378073671502,,,0.9978579045990705,,0.9978715927915265,0.002128407208473515,0.9652702888388015,0.4059253564882152,5,0.1,0.5,0.6229481623090186,0.6279217666945313,0.6344901599857579,0.6403684315442805,0.6408804082755021,0.6391771539432846,0.6414153292200163,1.0,0.6360029382433903,0.6390972527018255,0.6393864983872001,0.6286327178301121
2,8,0.2954037959163543,0.9088399128118189,4129,1.8558289408683777,0.8502906976744186,688,1.838976039673193,0.8662,0.8079288497108961,0.07595336115457618,,,0.55,,0.5500125495708047,0.4499874504291953,0.9575325296598061,0.40175139932669846,5,0.1,0.5,0.6137657587619366,0.6214269375436396,0.6189565534928027,0.6282615096843929,0.6301816458019135,0.6268293522026489,0.6368599949793563,0.6360029382433903,1.0,0.631887926580878,0.643815078213976,0.6320095467622496
2,9,0.29187688367177517,0.9119220194951262,4001,1.836653158778236,0.8575712143928036,667,1.8287632469171153,0.8699,0.8161274840379104,0.08422948632781793,,,0.9834907828418522,,0.9834998243060087,0.016500175693991315,0.9652708392407366,0.4059252044796855,5,0.1,0.5,0.6187448119309661,0.6267421461873173,0.6282414026179767,0.6355238628402814,0.6386878509220184,0.6291102461896465,0.631775606783837,0.6390972527018255,0.631887926580878,1.0,0.6446447074486613,0.6213881723297792
2,10,0.28126550054818883,0.9159166880946259,3889,1.8120127121607463,0.8996913580246914,648,1.8287665413591427,0.8699,0.8188344237421936,0.08454467722157545,,,0.9999999999476215,,1.0,0.0,0.965270193622776,0.40592535692095255,5,0.1,0.5,0.6160632878297467,0.6270326753056584,0.6262819798439307,0.6270828464613587,0.6423653383949548,0.6355640334633116,0.6411167602024611,0.6393864983872001,0.643815078213976,0.6446447074486613,1.0,0.6290617425321896
2,11,0.3245806422929804,0.9034027960960169,3791,1.8350273072719574,0.8639240506329114,632,1.8294662419980325,0.8692,0.8040858542516245,0.08280589375764685,,,0.908925180609717,,0.908940314241253,0.09105968575874701,0.9652109500052095,0.40590567522558824,5,0.1,0.5,0.6049307938115797,0.6140208662280999,0.6213417902304386,0.6197068339027114,0.6252977130713233,0.6151396435423951,0.6254596647396269,0.6286327178301121,0.6320095467622496,0.6213881723297792,0.6290617425321896,1.0
3,0,0.213034882416753,0.9361334307280254,8214,1.5814504290735998,0.9233016800584368,1369,1.5908410716742372,0.9126,0.799191538828798,0.08370087220254671,,,0.9407822022250358,,0.9408011646001707,0.059198835399829286,0.970222253522758,0.4023898593498674,5,0.1,0.5,1.0,0.6108793970233228,0.6126498318662688,0.6159617930711543,0.6200072018090058,0.6181325754646438,0.5949861667980944,0.6180516938067155,0.5914801373569936,0.6073975074649937,0.6156467019587327,0.6070573049624894
3,1,0.22461582153484008,0.932278673562519,6574,1.5884306124278478,0.9005474452554745,1096,1.5909078189740167,0.9125,0.802541734394352,0.0837296756140352,,,0.9426571648817895,,0.9426735605642287,0.057326439435771315,0.9702226264023331,0.4023903099422627,5,0.1,0.5,0.6108793970233228,1.0,0.6212993520413853,0.6185435188066232,0.6193561649747795,0.6161558589912653,0.6077192353514608,0.6146868388546243,0.5928338785507883,0.6148166570370438,0.6237053935765752,0.605050617529475
3,2,0.24703895800762413,0.9253328722116548,5783,1.5870032387395059,0.9149377593360996,964,1.5909766686229279,0.9124,0.8053639622921935,0.08389330763550519,,,0.9533088173719104,,0.953320616434918,0.046679383565082055,0.9702246791402652,0.4023922860346773,5,0.1,0.5,0.6126498318662688,0.6212993520413853,1.0,0.6215409589457492,0.6222525435035996,0.6199620619500964,0.6068425351486549,0.6217881896357487,0.5953114691841461,0.6175465235170567,0.6233766300651443,0.6093207367916684
3,3,0.24447700349355947,0.9265367883487801,5287,1.5825191310473852,0.9148694665153235,881,1.5909579192487577,0.9124,0.8074532765811105,0.08383081728960662,,,0.949240998356296,,0.9492495356658802,0.05075046433411978,0.9702249326593467,0.402391624588985,5,0.1,0.5,0.6159617930711543,0.6185435188066232,0.6215409589457492,1.0,0.6338472729111886,0.6179679054438563,0.6044261108288306,0.6253072255045862,0.5981446930199354,0.624228377707035,0.6266738009135048,0.6062981181069033
3,4,0.23645159078281253,0.9283080040526849,4935,1.5904214015373817,0.9294403892944039,822,1.5909966992113156,0.9125,0.8151471046350275,0.0843134977604778,,,0.9806611604572135,,0.980678680789117,0.01932131921088298,0.9702275020832768,0.40239445746544317,5,0.1,0.5,0.6200072018090058,0.6193561649747795,0.6222525435035996,0.6338472729111886,1.0,0.6286392027699228,0.6183720117175369,0.6322608861034756,0.6089135828967168,0.6303610820534111,0.6406030593727272,0.6116672400431127
3,5,0.26081372621686083,0.9219198628669381,4667,1.6013863563537598,0.9061696658097687,778,1.5909293120661483,0.9125,0.8093538139043691,0.08378070825407165,,,0.9459791427100801,,0.9459966869133075,0.054003313086692484,0.9702207080476589,0.4023909842793955,5,0.1,0.5,0.6181325754646438,0.6161558589912653,0.6199620619500964,0.6179679054438563,0.6286392027699228,1.0,0.6089635694658373,0.6315568550091584,0.603133291880533,0.6189772052303122,0.6356006186943061,0.6133887020792134
3,6,0.2540945161160614,0.9240512014372333,4453,1.6081580966711044,0.894878706199461,742,1.5912044741475164,0.9127,0.7959788027077164,0.08325422692341747,,,0.9117077566678725,,0.9117263189598915,0.08827368104010846,0.9701853929698776,0.402377879343692,5,0.1,0.5,0.5949861667980944,0.6077192353514608,0.6068425351486549,0.6044261108288306,0.6183720117175369,0.6089635694658373,1.0,0.6127153297001251,0.5884606975210183,0.6177909632995009,0.618676434015319,0.6045891475278657
3,7,0.2533001871084544,0.9232639700724807,4277,1.5849185197249702,0.9270687237026648,713,1.590977022442193,0.9124,0.8122202972724304,0.08437553866059397,,,0.9846997227280637,,0.9847045831032578,0.015295416896742187,0.9702274833435418,0.40239454705612115,5,0.1,0.5,0.6180516938067155,0.6146868388546243,0.6217881896357487,0.6253072255045862,0.6322608861034756,0.6315568550091584,0.6127153297001251,1.0,0.6063921954749025,0.6201210994115669,0.6348327030134803,0.6193614319234285
3,8,0.28562987804281315,0.9138774521675951,4129,1.6283900412646206,0.8924418604651163,688,1.6070833160473517,0.9104,0.7833218345030595,0.07769762700055735,,,0.55,,0.5500125495708047,0.4499874504291953,0.9627905825950822,0.3982214905754623,5,0.1,0.5,0.5914801373569936,0.5928338785507883,0.5953114691841461,0.5981446930199354,0.6089135828967168,0.603133291880533,0.5884606975210183,0.6063921954749025,1.0,0.6050738375414402,0.6135215689247036,0.5968421601992097
3,9,0.2667063914246704,0.9229692576855786,4001,1.6019256909688313,0.9025487256371814,667,1.5909804764647073,0.9124,0.8087374887108465,0.0840721234618716,,,0.9649488620592401,,0.9649515586566939,0.03504844134330609,0.9702253194327286,0.40239364043243553,5,0.1,0.5,0.6073975074649937,0.6148166570370438,0.6175465235170567,0.624228377707035,0.6303610820534111,0.6189772052303122,0.6177909632995009,0.6201210994115669,0.6050738375414402,1.0,0.6398116284209826,0.6085266537092303
3,10,0.25070750145699644,0.9276934944715866,3889,1.5702530997140067,0.9243827160493827,648,1.590975620876105,0.9125,0.8181785029966006,0.08461058343798683,,,0.9999999999349047,,1.0,0.0,0.970227045844862,0.4023946257647895,5,0.1,0.5,0.6156467019587327,0.6237053935765752,0.6233766300651443,0.6266738009135048,0.6406030593727272,0.6356006186943061,0.618676434015319,0.6348327030134803,0.6135215689247036,0.6398116284209826,1.0,0.6222113532603815
3,11,0.2904609802844269,0.9167501978369823,3791,1.6001648902893066,0.9113924050632911,632,1.5917675224736856,0.9126,0.7976428536033292,0.08274102175932957,,,0.8783005848020504,,0.8783143416495156,0.1216856583504844,0.9700861620914453,0.4023462010413529,5,0.1,0.5,0.6070573049624894,0.605050617529475,0.6093207367916684,0.6062981181069033,0.6116672400431127,0.6133887020792134,0.6045891475278657,0.6193614319234285,0.5968421601992097,0.6085266537092303,0.6222113532603815,1.0
4,0,0.19965122803349902,0.9392500608716825,8214,1.3241015367729718,0.9415631848064281,1369,1.3371311342373442,0.9312,0.7889239234959312,0.08331250974451897,,,0.9040999630400444,,0.9041112393956127,0.09588876060438734,0.9700040138901889,0.39822562455143307,5,0.1,0.5,1.0,0.591256625043747,0.5976787330903598,0.5939799954936719,0.6075786742151503,0.5916804883031953,0.593307092191328,0.5914790440751151,0.6020236573114601,0.5906709656879361,0.5900780133450408,0.5895228404298908
4,1,0.2074068827828103,0.9381807118953454,6574,1.334308784348624,0.9242700729927007,1096,1.3372091412925111,0.9313,0.7917212768588332,0.08342962633502622,,,0.9154320183270372,,0.9154510315747202,0.08454896842527981,0.9700234192228436,0.3982343044355398,5,0.1,0.5,0.591256625043747,1.0,0.5965886935290876,0.599788447600586,0.60322938300937,0.5992101035933608,0.6045747584480969,0.5902022726918362,0.5980086109212668,0.5956842931596723,0.5931511545005657,0.5938353658955848
4,2,0.2261908597894301,0.9334601417949161,5783,1.3337826575002363,0.9284232365145229,964,1.337284855568371,0.9312,0.7943803170033017,0.08363160280700073,,,0.9349750099490922,,0.9349882034034436,0.06501179659655643,0.9700469871601655,0.39824423598707787,5,0.1,0.5,0.5976787330903598,0.5965886935290876,1.0,0.6071254314330373,0.600114332976591,0.6005626163859517,0.600564692591759,0.6024964661602458,0.6000429458967439,0.5999255591699575,0.5958931840904294,0.5889833269495777
4,3,0.2312884551386001,0.9305087951579346,5287,1.3274344078132085,0.9341657207718501,881,1.3372610361812214,0.9313,0.7970668944834421,0.0836841015725763,,,0.9400547250554198,,0.9400783093218212,0.05992169067817876,0.9700426008412768,0.39824602352779426,5,0.1,0.5,0.5939799954936719,0.599788447600586,0.6071254314330373,1.0,0.6079598649709895,0.6015491785391064,0.5976356624269152,0.6039693987397747,0.6057764835878255,0.6016004124392035,0.6048287450474485,0.5918742140788298
4,4,0.21182312267577094,0.9352380952380952,4935,1.3354952518756573,0.9379562043795621,822,1.3373063471370612,0.9313,0.8032302941942044,0.08422105502818034,,,0.9920096719941282,,0.9920285126248682,0.007971487375131758,0.9700705350233282,0.3982520601930736,5,0.1,0.5,0.6075786742151503,0.60322938300937,0.600114332976591,0.6079598649709895,1.0,0.6002865388994493,0.6160212376907037,0.6056557978106969,0.6133022165227697,0.610822945354545,0.6116975699096863,0.5963864993469077
4,5,0.23492156736909936,0.9290336404542533,4667,1.3503324699401855,0.922879177377892,778,1.3372319213117654,0.9313,0.7961800685031514,0.08361970994039827,,,0.9338242710036009,,0.9338336428894132,0.06616635711058683,0.970039881002712,0.39824382762847066,5,0.1,0.5,0.5916804883031953,0.5992101035933608,0.6005626163859517,0.6015491785391064,0.6002865388994493,1.0,0.5995575590654808,0.6116780331338392,0.6060058570784848,0.6046157914861738,0.6007225915514369,0.5920882566969138
4,6,0.23303283214635614,0.9300696159892208,4453,1.358417550722758,0.9191374663072777,742,1.3375190355526372,0.9313,0.799500314728305,0.08338569866918781,,,0.911181632145597,,0.911204256814417,0.08879574318558303,0.969984768603553,0.3982314077263074,5,0.1,0.5,0.593307092191328,0.6045747584480969,0.600564692591759,0.5976356624269152,0.6160212376907037,0.5995575590654808,1.0,0.6129232998447355,0.6105532198713521,0.600356716788316,0.6076909503168331,0.5991152531320656
4,7,0.2299367463640146,0.9308393733925648,4277,1.329612726750581,0.9453015427769986,713,1.3372893264880195,0.9313,0.8004176935055457,0.08416384435791248,,,0.9864740388641564,,0.9864866221575223,0.013513377842477747,0.9700707808895792,0.3982519934149773,5,0.1,0.5,0.5914790440751151,0.5902022726918362,0.6024964661602458,0.6039693987397747,0.6056557978106969,0.6116780331338392,0.6129232998447355,1.0,0.6108032716514629,0.6091180748297972,0.6055374612817943,0.6020730137484736
4,8,0.23912380288526877,0.9260353596512473,4129,1.3838638934222134,0.9200581395348837,688,1.3585318734470648,0.9291,0.7984741636770093,0.07965289290364497,,,0.55,,0.5500125495708047,0.4499874504291953,0.9629123592962386,0.39388864844949173,5,0.1,0.5,0.6020236573114601,0.5980086109212668,0.6000429458967439,0.6057764835878255,0.6133022165227697,0.6060058570784848,0.6105532198713521,0.6108032716514629,1.0,0.5975707424441155,0.6131876732951694,0.601111967612164
4,9,0.24319223301011203,0.9284178955261184,4001,1.351810994602385,0.9250374812593704,667,1.3372919304302324,0.9313,0.7976125046435378,0.08386375082886317,,,0.9574373631231143,,0.9574519351438181,0.0425480648561819,0.970060783433048,0.3982499450294678,5,0.1,0.5,0.5906709656879361,0.5956842931596723,0.5999255591699575,0.6016004124392035,0.610822945354545,0.6046157914861738,0.600356716788316,0.6091180748297972,0.5975707424441155,1.0,0.6112122041217963,0.597932307730735
4,10,0.23056462496122132,0.934173309334019,3889,1.312871637798491,0.941358024691358,648,1.3372850471411268,0.9313,0.7999439848543687,0.08430363492547614,,,0.9999999999032412,,1.0,0.0,0.9700712950858756,0.39825207998178774,5,0.1,0.5,0.5900780133450408,0.5931511545005657,0.5958931840904294,0.6048287450474485,0.6116975699096863,0.6007225915514369,0.6076909503168331,0.6055374612817943,0.6131876732951694,0.6112122041217963,1.0,0.606484487416379
4,11,0.2643167606077525,0.9240305987865999,3791,1.3504435300827027,0.9256329113924051,632,1.338280034522279,0.9316,0.7905706743015029,0.0827315728872147,,,0.8478892369873916,,0.8479042216756187,0.15209577832438126,0.9697243071396536,0.39813003064948377,5,0.1,0.5,0.5895228404298908,0.5938353658955848,0.5889833269495777,0.5918742140788298,0.5963864993469077,0.5920882566969138,0.5991152531320656,0.6020730137484736,0.601111967612164,0.597932307730735,0.606484487416379,1.0
5,0,0.18641062058754815,0.9443876308741174,8214,1.0694307033405748,0.9517896274653032,1369,1.085795815379475,0.9419,0.7844792968286118,0.08334337868767967,,,0.8934127924083847,,0.8934240248983485,0.10657597510165151,0.9695125784845712,0.3918924311998921,5,0.1,0.5,1.0,0.5877764970802366,0.5847121374777388,0.5813815918423108,0.5855630375244107,0.5880499797094912,0.5688255438009424,0.5807994295848028,0.5701502374280406,0.5775903988105136,0.5783466086973829,0.5753977335917332
5,1,0.19111024918287847,0.9426224520839671,6574,1.082630409513201,0.9352189781021898,1096,1.0858685086710385,0.9419,0.7839444522160273,0.08340288708805817,,,0.9006276327058382,,0.9006525776818433,0.09934742231815674,0.9695287024316683,0.39189962647928694,5,0.1,0.5,0.5877764970802366,1.0,0.5886994217594541,0.5839297102424411,0.5853450021532118,0.5876788938248211,0.570430180664688,0.5771677013607539,0.5656246956382567,0.5809316917379928,0.575811844729924,0.5693659209806958
5,2,0.2106928715132465,0.9357772782292928,5783,1.0839061794742462,0.9356846473029046,964,1.085935524858225,0.9419,0.7861069902774179,0.08361411639940897,,,0.9262372229123306,,0.9262537021233874,0.07374629787661258,0.9695793825960566,0.3919169436449356,5,0.1,0.5,0.5847121374777388,0.5886994217594541,1.0,0.5907668264710375,0.5856736235594012,0.58304052675154,0.5694305551874429,0.5790745890007395,0.5662871325983416,0.5815403600126465,0.5859819969684512,0.5768243137140314
5,3,0.21208907684117712,0.9351995460563647,5287,1.0752720279353005,0.945516458569807,881,1.0859075321937903,0.942,0.7848944004618867,0.08360654347633495,,,0.9253190763949244,,0.9253400933688067,0.07465990663119326,0.9695842805104826,0.3919164628582647,5,0.1,0.5,0.5813815918423108,0.5839297102424411,0.5907668264710375,1.0,0.5932446989452747,0.5826155390884896,0.5655230378922494,0.5852180700231898,0.5709343077560812,0.5778557258243636,0.5790173346565086,0.5700081505665454
5,4,0.1930205036579601,0.9421276595744681,4935,1.0824709970217485,0.9513381995133819,822,1.0859560905554044,0.9419,0.7921893370976476,0.08422251584884613,,,0.9999999998787592,,1.0,0.0,0.9696382072802624,0.3919288395417098,5,0.1,0.5,0.5855630375244107,0.5853450021532118,0.5856736235594012,0.5932446989452747,1.0,0.58620248707803,0.5847872010999903,0.5929556579683022,0.582745063374432,0.589548071798728,0.588359561004236,0.572339332760346
5,5,0.21994929290950707,0.9338761517034497,4667,1.1010400915145875,0.9331619537275064,778,1.0858801367183843,0.942,0.7871767593787171,0.08364382199408862,,,0.9298387500949041,,0.9298478992018473,0.0701521007981527,0.9695836209735847,0.3919185938183493,5,0.1,0.5,0.5880499797094912,0.5876788938248211,0.58304052675154,0.5826155390884896,0.58620248707803,1.0,0.5772352748158697,0.5886108328802585,0.5729271985782429,0.5792616792273602,0.5810842582790736,0.5757345760831518
5,6,0.219919029332107,0.9338423534695711,4453,1.1092048982779186,0.9366576819407008,742,1.0862354487656785,0.942,0.7750455200661825,0.08306022350156492,,,0.8590828585802189,,0.8590984388333919,0.14090156116660812,0.9693687641078188,0.39184264662151036,5,0.1,0.5,0.5688255438009424,0.570430180664688,0.5694305551874429,0.5655230378922494,0.5847872010999903,0.5772352748158697,1.0,0.5797459588333674,0.5688950047480165,0.5635841710247883,0.575959357552376,0.5652470008119848
5,7,0.21306741331050644,0.9370119242459668,4277,1.0769990941752559,0.9593267882187938,713,1.08594425741476,0.9419,0.7887910634042188,0.08406461460257343,,,0.9808559417730047,,0.98087445409367,0.019125545906329977,0.9696372851709285,0.39192863005862,5,0.1,0.5,0.5807994295848028,0.5771677013607539,0.5790745890007395,0.5852180700231898,0.5929556579683022,0.5886108328802585,0.5797459588333674,1.0,0.5745750534827304,0.5844412821561121,0.5880123152654411,0.5842997931719833
5,8,0.2290244347730186,0.9298619520465004,4129,1.1407589587298306,0.9287790697674418,688,1.111674403991943,0.9386,0.7735535636114328,0.08051089105064249,,,0.55,,0.5500125495708047,0.4499874504291953,0.9618466556156132,0.3876436430076052,5,0.1,0.5,0.5701502374280406,0.5656246956382567,0.5662871325983416,0.5709343077560812,0.582745063374432,0.5729271985782429,0.5688950047480165,0.5745750534827304,1.0,0.5743403578011542,0.5842103921753723,0.5641609263307255
5,9,0.22138254542657834,0.9350662334416396,4001,1.1043328302247184,0.9280359820089955,667,1.0859427905311219,0.9419,0.7844427161713156,0.08371080649842143,,,0.9379599984916249,,0.937975001254957,0.06202499874504297,0.9696098931406989,0.39192179036750324,5,0.1,0.5,0.5775903988105136,0.5809316917379928,0.5815403600126465,0.5778557258243636,0.589548071798728,0.5792616792273602,0.5635841710247883,0.5844412821561121,0.5743403578011542,1.0,0.5894755799467433,0.5769410772350485
5,10,0.20891203106090914,0.9389560298277192,3889,1.0590526092620123,0.9537037037037037,648,1.0859355164792972,0.9419,0.7879717088170018,0.08412927324425029,,,0.988695200946192,,0.9887053862757894,0.01129461372421059,0.9696382722919614,0.3919287937875338,5,0.1,0.5,0.5783466086973829,0.575811844729924,0.5859819969684512,0.5790173346565086,0.588359561004236,0.5810842582790736,0.575959357552376,0.5880123152654411,0.5842103921753723,0.5894755799467433,1.0,0.5806902306171807
5,11,0.24241709560625443,0.9286731733051965,3791,1.1018203109502793,0.9335443037974683,632,1.0871156231283,0.9421,0.7769838460067178,0.0826909276081311,,,0.8143091648380942,,0.8143215702022991,0.18567842979770088,0.9690344161688184,0.39171735836087207,5,0.1,0.5,0.5753977335917332,0.5693659209806958,0.5768243137140314,0.5700081505665454,0.572339332760346,0.5757345760831518,0.5652470008119848,0.5842997931719833,0.5641609263307255,0.5769410772350485,0.5806902306171807,1.0
6,0,0.17650838835864302,0.9466277087898709,8214,0.8378225135248761,0.9539810080350621,1369,0.856444172013682,0.9469,0.7689148581846421,0.0832900558697523,,,0.8529223458056545,,0.8529340896541339,0.14706591034586614,0.9673980831920577,0.385071803801195,5,0.1,0.5,1.0,0.5677962966934981,0.560516291295688,0.5500519997776139,0.5620765109183775,0.5554105859010378,0.5434148093860229,0.5574101001804538,0.5543818759001872,0.5524989692764012,0.554174859623605,0.5500181926960984
6,1,0.17973425065944856,0.9443261332522057,6574,0.8532332846096584,0.9470802919708029,1096,0.8564116358757019,0.9468,0.7749748351146039,0.08354464632049786,,,0.893964081514124,,0.8939711861854325,0.10602881381456752,0.9675581190214448,0.3851385891222684,5,0.1,0.5,0.5677962966934981,1.0,0.5754332543418696,0.5571884614891858,0.5646083050619001,0.5699373958293446,0.5554838166917979,0.5500095006708724,0.5526604293920698,0.5638278679403891,0.5573217385752319,0.5489965035215689
6,2,0.19753895646722688,0.9391665225661422,5783,0.8552633773896002,0.9429460580912863,964,0.8564343452453613,0.9469,0.7736286600355549,0.08363908010567059,,,0.9091874586740264,,0.9092013453139902,0.09079865468600978,0.9676097437375236,0.3851530668704907,5,0.1,0.5,0.560516291295688,0.5754332543418696,1.0,0.5651444816465333,0.5645199775423325,0.5581191015865812,0.5496504740315362,0.5565627313839762,0.5578306550301183,0.55871218124983,0.5566023254492585,0.546782855048956
6,3,0.19230196091784052,0.9413277851333459,5287,0.8448112053530556,0.9523269012485811,881,0.8565263854809844,0.9468,0.7656452900449245,0.08335132788265513,,,0.8627998166711943,,0.8628131117915767,0.13718688820842329,0.9674831447849443,0.3850924848487829,5,0.1,0.5,0.5500519997776139,0.5571884614891858,0.5651444816465333,1.0,0.5618587397095268,0.5547681020409462,0.5453477193661477,0.5523554734057837,0.5493181341423511,0.5540494940377388,0.5464984820387386,0.5393854837268856
6,4,0.1823916407133783,0.942451874366768,4935,0.8509044991089747,0.9537712895377128,822,0.85636603965546,0.9469,0.7779797030574417,0.08420240924829545,,,0.9999999998387932,,1.0,0.0,0.9676749096748974,0.3851744981262289,5,0.1,0.5,0.5620765109183775,0.5646083050619001,0.5645199775423325,0.5618587397095268,1.0,0.5594044450585127,0.5641609028288365,0.5589231758467463,0.5641984685437569,0.5713320568321743,0.5734865930724171,0.5423524260582727
6,5,0.20131103956931565,0.9384186843796871,4667,0.8727939844131469,0.9434447300771208,778,0.8563751075595332,0.9469,0.7719900550229273,0.08360104720923621,,,0.9030562935846989,,0.9030771547613071,0.09692284523869288,0.9675962155255091,0.3851478966474893,5,0.1,0.5,0.5554105859010378,0.5699373958293446,0.5581191015865812,0.5547681020409462,0.5594044450585127,1.0,0.5613132180703947,0.557753251417539,0.5602902613033963,0.5550097289316072,0.5598675108856737,0.5428558366841483
6,6,0.1992307679874024,0.9390523242757691,4453,0.8810179953773817,0.9433962264150944,742,0.8569630333029044,0.9469,0.7667193986265212,0.08302184226288384,,,0.8096844634173949,,0.8096983083178555,0.1903016916821445,0.9670612830792769,0.38493822952569035,5,0.1,0.5,0.5434148093860229,0.5554838166917979,0.5496504740315362,0.5453477193661477,0.5641609028288365,0.5613132180703947,1.0,0.5591034157744852,0.5595779021623069,0.5499117920340864,0.5563678258412789,0.5448045995963737
6,7,0.1949794783249998,0.9413140051437924,4277,0.8463363777036252,0.9579242636746143,713,0.8564048430409295,0.9469,0.7694560082702036,0.08379439889726224,,,0.9342259185863906,,0.9342402489834848,0.06575975101651521,0.9676524016884563,0.3851667970733747,5,0.1,0.5,0.5574101001804538,0.5500095006708724,0.5565627313839762,0.5523554734057837,0.5589231758467463,0.557753251417539,0.5591034157744852,1.0,0.5551376249898822,0.5563214655912974,0.5506850084556453,0.5548363893452611
6,8,0.20212884030256717,0.9379510777427948,4129,0.9173065017570149,0.934593023255814,688,0.885101058231756,0.9452,0.7696592098242956,0.08141096534815795,,,0.55,,0.5500125495708047,0.4499874504291953,0.9593138110748353,0.3808975030804092,5,0.1,0.5,0.5543818759001872,0.5526604293920698,0.5578306550301183,0.5493181341423511,0.5641984685437569,0.5602902613033963,0.5595779021623069,0.5551376249898822,1.0,0.5624231464208341,0.5662254433186157,0.5476115452900321
6,9,0.19998424907311027,0.9384153961509623,4001,0.878697102978116,0.9295352323838081,667,0.8564033694922353,0.9469,0.772999077956931,0.08368183369989655,,,0.916079632790026,,0.9161036092565634,0.08389639074343658,0.9676220639609444,0.38515800721656784,5,0.1,0.5,0.5524989692764012,0.5638278679403891,0.55871218124983,0.5540494940377388,0.5713320568321743,0.5550097289316072,0.5499117920340864,0.5563214655912974,0.5624231464208341,1.0,0.5754065068554426,0.5439924763621888
6,10,0.190950444087264,0.9454872717922345,3889,0.8284476257505871,0.9567901234567902,648,0.8563479981102502,0.9469,0.7736997942442589,0.08398815022354011,,,0.9654599680292304,,0.9654786406304905,0.03452135936950951,0.9676707004012496,0.38517333450726077,5,0.1,0.5,0.554174859623605,0.5573217385752319,0.5566023254492585,0.5464984820387386,0.5734865930724171,0.5598675108856737,0.5563678258412789,0.5506850084556453,0.5662254433186157,0.5754065068554426,1.0,0.5514476691606762
