round,client_id,client_i_training_loss,client_i_training_accuracy,client_i_training_dataset_size,client_i_evaluation_loss,client_i_evaluation_accuracy,client_i_evaluation_dataset_size,client_i_central_evaluation_loss,client_i_central_evaluation_accuracy,client_i_cosine_similarity,client_i_importance_coefficient,client_i_tanh_val,tanh_normalization_value,client_i_q,client_i_mask_order,client_i_v_nonzero_fraction,client_i_v_sparsity,client_i_v_cosine_similarity,client_i_reward_gradient_norm,local_epochs,learning_rate,gamma,client_0_cosine_similarity,client_1_cosine_similarity,client_2_cosine_similarity,client_3_cosine_similarity,client_4_cosine_similarity,client_5_cosine_similarity,client_6_cosine_similarity,client_7_cosine_similarity,client_8_cosine_similarity,client_9_cosine_similarity,client_10_cosine_similarity,client_11_cosine_similarity
0,0,2.072376859048925,0.42106160214268323,8214,2.2679169344347576,0.32286340394448504,1369,2.266187283939447,0.3361,0.9645705812175349,0.08148070636724337,,,0.75,,0.7500024163694532,0.2499975836305468,0,0.09855153302721266,5,0.001,0.1,1.0,0.9828357107906213,0.9699176553981755,0.9609907990714629,0.9512210289215918,0.9454836234210748,0.9354920107548433,0.9302102359564649,0.9218071352408337,0.91154349653004,0.9129091383261733,0.9033008014342541
0,1,2.1652502316873052,0.39507149376331,6574,2.2675910540989466,0.33941605839416056,1096,2.266174636328944,0.336,0.9881241288406549,0.08347035827572669,,,0.9129201662684796,,0.9129382086003421,0.08706179139965786,0,0.09856511387852822,5,0.001,0.1,0.9828357107906213,1.0,0.9910176299368818,0.9810240427669393,0.9773791840244955,0.9746010043451229,0.9643997940866815,0.9633180331179948,0.9583420961657719,0.9545481880700735,0.9547206162055694,0.9487566106659451
0,2,2.1971879451973004,0.383676292581705,5783,2.264399551576184,0.33402489626556015,964,2.2661745571099914,0.336,0.9940659535457966,0.0839722853337489,,,0.9540198377230522,,0.9540454857385875,0.045954514261412505,0,0.09856540296891092,5,0.001,0.1,0.9699176553981755,0.9910176299368818,1.0,0.9869426877231379,0.98409427314171,0.9755902702511382,0.9797358969089035,0.980499112322611,0.9696534526888672,0.9706887429545119,0.9722560267219195,0.9683577975815152
0,3,2.2105866954987308,0.37650841687157177,5287,2.2673080563545227,0.32917139614074914,881,2.2661745654889187,0.336,0.9938184575334756,0.08395137846565684,,,0.9523079048913905,,0.9523298634267985,0.047670136573201516,0,0.09856540050080112,5,0.001,0.1,0.9609907990714629,0.9810240427669393,0.9869426877231379,1.0,0.9901306103461843,0.9861669094859632,0.9828134385032153,0.9778183197862012,0.9742720775689891,0.9727607350710814,0.9777178237535837,0.9685879256503518
0,4,2.2229485927089567,0.3736980749746707,4935,2.2635333721454325,0.34306569343065696,822,2.2661744931254524,0.336,0.9949305121715429,0.08404531767466145,,,0.9599999999181162,,0.9600139182880506,0.039986081711949395,0,0.09856541950882562,5,0.001,0.1,0.9512210289215918,0.9773791840244955,0.98409427314171,0.9901306103461843,1.0,0.9924409598393955,0.9893914840128704,0.9877121919959474,0.983250931172509,0.972327238957476,0.9843924664629544,0.9759043659198021
0,5,2.2225735945244356,0.35491750589243626,4667,2.2643695068359375,0.32390745501285345,778,2.2661746546102406,0.336,0.9907285604789048,0.08369036387583728,,,0.9309350505792422,,0.9309546592435797,0.06904534075642033,0,0.09856529429276846,5,0.001,0.1,0.9454836234210748,0.9746010043451229,0.9755902702511382,0.9861669094859632,0.9924409598393955,1.0,0.981820805423135,0.9793561462985583,0.9821858939774925,0.9701902574109776,0.9820737079300463,0.9707519754139189
0,6,2.233518924372537,0.3593532450033685,4453,2.2654018700122833,0.3274932614555256,742,2.266174778008994,0.336,0.990167607032415,0.08364297814383473,,,0.9270549289842571,,0.9270691371627956,0.0729308628372044,0,0.09856525259278551,5,0.001,0.1,0.9354920107548433,0.9643997940866815,0.9797358969089035,0.9828134385032153,0.9893914840128704,0.981820805423135,1.0,0.99236301029698,0.9815590762903511,0.9733356062660197,0.9877599903903093,0.9815443579707288
0,7,2.237594327286108,0.3596446107084405,4277,2.2644014151200005,0.3492286115007013,713,2.2661747985754532,0.336,0.9899091389334735,0.0836211444245764,,,0.9252671021002378,,0.9252858565063163,0.07471414349368366,0,0.09856524605009899,5,0.001,0.1,0.9302102359564649,0.9633180331179948,0.980499112322611,0.9778183197862012,0.9877121919959474,0.9793561462985583,0.99236301029698,1.0,0.9857466139340995,0.97810242378192,0.9910062294790212,0.9892871368580244
0,8,2.2415751754320583,0.3243400339065149,4129,2.260621666908264,0.3633720930232558,688,2.26617537215114,0.336,0.9852488365155299,0.08322747211039518,,,0.8930317353970275,,0.8930563207392157,0.1069436792607843,0,0.09856479139557081,5,0.001,0.1,0.9218071352408337,0.9583420961657719,0.9696534526888672,0.9742720775689891,0.983250931172509,0.9821858939774925,0.9815590762903511,0.9857466139340995,1.0,0.9775370154354214,0.9889586174726033,0.98318112035338
0,9,2.245455703281221,0.30867283179205196,4001,2.265478701818557,0.3343328335832084,667,2.2661753028345566,0.336,0.9801045112952754,0.08279291266923944,,,0.8574483772705302,,0.8574680314321338,0.1425319685678662,0,0.09856381879113195,5,0.001,0.1,0.91154349653004,0.9545481880700735,0.9706887429545119,0.9727607350710814,0.972327238957476,0.9701902574109776,0.9733356062660197,0.97810242378192,0.9775370154354214,1.0,0.9856841330445227,0.9836647719638975
0,10,2.2475846915948585,0.3324247878632039,3889,2.2653724125453403,0.37037037037037035,648,2.2661753157838085,0.336,0.9861494990956381,0.08330355428069436,,,0.8992616290695636,,0.8992808884507205,0.10071911154927948,0,0.09856490897913145,5,0.001,0.1,0.9129091383261733,0.9547206162055694,0.9722560267219195,0.9777178237535837,0.9843924664629544,0.9820737079300463,0.9877599903903093,0.9910062294790212,0.9889586174726033,0.9856841330445227,1.0,0.9915502322149055
0,11,2.2510475443190887,0.33194407807966236,3791,2.26965149641037,0.30854430379746833,632,2.266175308928322,0.336,0.9802065042694297,0.08280152837838547,,,0.8581538638737941,,0.8581687785735688,0.14183122142643123,0,0.09856383296074933,5,0.001,0.1,0.9033008014342541,0.9487566106659451,0.9683577975815152,0.9685879256503518,0.9759043659198021,0.9707519754139189,0.9815443579707288,0.9892871368580244,0.98318112035338,0.9836647719638975,0.9915502322149055,1.0
1,0,1.8334337979439168,0.5025809593377161,8214,2.2153458318044974,0.40467494521548575,1369,2.2123304266518296,0.4076,0.9800813798967543,0.08175588624765177,,,0.75,,0.7500024163694532,0.2499975836305468,0.9689467329464617,0.09935310079304056,5,0.001,0.1,1.0,0.9949473866173797,0.9882797087937956,0.9814992007477671,0.9760584720662706,0.9730115469610584,0.96870200556061,0.9665406056822835,0.9615905479024757,0.9633143798050455,0.9577749247770129,0.9553053420475597
1,1,1.9732160038161046,0.4894128384545178,6574,2.212833649771554,0.4114963503649635,1096,2.2122970145350447,0.4073,0.9917062074886969,0.08335426603239283,,,0.9093024667518772,,0.9093233198983192,0.09067668010168084,0.9690763189872047,0.09936889963640214,5,0.001,0.1,0.9949473866173797,1.0,0.9958314556537701,0.9909975947922338,0.9879831292382886,0.9851478891559101,0.9836645912828524,0.9816710141998042,0.9780411968309257,0.978648081954628,0.9756014895573627,0.9728365611215297
1,2,2.0373238518751786,0.4842123465329414,5783,2.211542014152773,0.3983402489626556,964,2.212295922227561,0.4073,0.9963771744182656,0.08381370222361519,,,0.9550921590862709,,0.9551135210369125,0.044886478963087506,0.9690867249744264,0.09936942430219649,5,0.001,0.1,0.9882797087937956,0.9958314556537701,1.0,0.9935576411601766,0.991528601836812,0.9873541903409078,0.9917046688749178,0.9904116437349997,0.9853327328840963,0.9877827672336538,0.9853176079548783,0.9838174860330259
1,3,2.06731887409486,0.48110459617930773,5287,2.213708077158247,0.3938706015891033,881,2.2122959153720747,0.4073,0.9965224600653074,0.08380555498303224,,,0.9542801646313398,,0.9543016209006292,0.0456983790993708,0.9690867321189777,0.0993694233973208,5,0.001,0.1,0.9814992007477671,0.9909975947922338,0.9935576411601766,1.0,0.996693522533119,0.99534793344006,0.9911625720537339,0.9889060622099064,0.9857029361181666,0.987556984015916,0.9879513048640156,0.9830579495818845
1,4,2.092641117188238,0.4697061803444782,4935,2.206366080504197,0.4197080291970803,822,2.212295924512723,0.4073,0.9965123599970772,0.08386294561390208,,,0.959999999900335,,0.9600139182880506,0.039986081711949395,0.9690851496460079,0.09936944905640274,5,0.001,0.1,0.9760584720662706,0.9879831292382886,0.991528601836812,0.996693522533119,1.0,0.9959537675740097,0.9924423899015394,0.9915821978100791,0.9871640798363475,0.9873919795572041,0.9896981029173093,0.9857146232753252
1,5,2.094400494719205,0.4611956288836512,4667,2.2106316471099854,0.40488431876606684,778,2.2122962307244443,0.4073,0.9944179848394703,0.08357713161483353,,,0.9315143574275643,,0.9315345879123534,0.06846541208764656,0.969085683861221,0.09936921461860514,5,0.001,0.1,0.9730115469610584,0.9851478891559101,0.9873541903409078,0.99534793344006,0.9959537675740097,1.0,0.9894358236765347,0.9875496632299626,0.9863307691310967,0.9857792205726312,0.9885216799165205,0.9827950161209997
1,6,2.1178751608303616,0.46085784864136536,4453,2.2111849884192147,0.4002695417789757,742,2.2122963122285593,0.4073,0.996948533934053,0.08362984869254497,,,0.9367684031803661,,0.9367829423647558,0.06321705763524421,0.9690851100828509,0.09936922740085184,5,0.001,0.1,0.96870200556061,0.9836645912828524,0.9917046688749178,0.9911625720537339,0.9924423899015394,0.9894358236765347,1.0,0.9964560545457873,0.9917575042918715,0.9936391864170097,0.9951246425881396,0.9933503372616339
1,7,2.127112878614397,0.4722936637830255,4277,2.210459325624549,0.40813464235624125,713,2.212296335841901,0.4073,0.996309501909756,0.08359576919275322,,,0.9333718709955098,,0.933385526913523,0.06661447308647706,0.9690850965256375,0.09936921924525977,5,0.001,0.1,0.9665406056822835,0.9816710141998042,0.9904116437349997,0.9889060622099064,0.9915821978100791,0.9875496632299626,0.9964560545457873,1.0,0.9926307660960024,0.993443002410557,0.9950998897240562,0.995540884247051
1,8,2.1366746414624727,0.41898764834100266,4129,2.205692919817838,0.44040697674418605,688,2.2122977389314302,0.4073,0.9934578857736504,0.08326167892718034,,,0.900074776067491,,0.9000976213259102,0.0999023786740898,0.9690782497691941,0.09936876006778213,5,0.001,0.1,0.9615905479024757,0.9780411968309257,0.9853327328840963,0.9857029361181666,0.9871640798363475,0.9863307691310967,0.9917575042918715,0.9926307660960024,1.0,0.991394674751354,0.9938408743700888,0.9920599742188879
1,9,2.143740641692328,0.4413896525868533,4001,2.2112447874886647,0.39280359820089955,667,2.2122993027440274,0.4074,0.9944591934260731,0.0830270607065272,,,0.876691559105049,,0.8767168304965156,0.12328316950348439,0.9690488593026265,0.09936825816680975,5,0.001,0.1,0.9633143798050455,0.978648081954628,0.9877827672336538,0.987556984015916,0.9873919795572041,0.9857792205726312,0.9936391864170097,0.993443002410557,0.991394674751354,1.0,0.9949715918111561,0.9939166564604663
1,10,2.149617625064537,0.4516328104911288,3889,2.2119102478027344,0.4243827160493827,648,2.212297420532178,0.4073,0.9946505387479304,0.08334699190801259,,,0.9085774913935205,,0.908598409062352,0.09140159093764799,0.9690844225721345,0.09936889511657482,5,0.001,0.1,0.9577749247770129,0.9756014895573627,0.9853176079548783,0.9879513048640156,0.9896981029173093,0.9885216799165205,0.9951246425881396,0.9950998897240562,0.9938408743700888,0.9949715918111561,1.0,0.9960591922967899
1,11,2.154493478967362,0.4597731469269322,3791,2.2178975343704224,0.3939873417721519,632,2.212300495598644,0.4074,0.9925050957869737,0.08296916385755394,,,0.870921271626035,,0.870936874764404,0.12906312523559604,0.9690415681335871,0.0993675715068076,5,0.001,0.1,0.9553053420475597,0.9728365611215297,0.9838174860330259,0.9830579495818845,0.9857146232753252,0.9827950161209997,0.9933503372616339,0.995540884247051,0.9920599742188879,0.9939166564604663,0.9960591922967899,1.0
2,0,1.6337348116974886,0.5518139761383004,8214,2.1498379152874616,0.4565376186997809,1369,2.145450687256103,0.4564,0.9874423372139929,0.08208056331405457,,,0.75,,0.7500024163694532,0.2499975836305468,0.9877586491022466,0.0996044262328967,5,0.001,0.1,1.0,0.9963571287973707,0.9923224490618334,0.9892289908596058,0.9861912545725575,0.9841537309133206,0.9803969584820318,0.9784651988490691,0.9751950004402296,0.977457507265709,0.973157950871836,0.9723262861386421
2,1,1.7713983176402675,0.5391846668694859,6574,2.1450025967189243,0.4635036496350365,1096,2.1453865130488485,0.4566,0.9948662010945,0.0833014670373657,,,0.9049881246539214,,0.9050076840548612,0.0949923159451388,0.9878816365296273,0.09962582695871786,5,0.001,0.1,0.9963571287973707,1.0,0.9973372801150244,0.9956210200861767,0.9938219611265833,0.9921330397352154,0.9896143384655023,0.9885838744040639,0.9858871214480883,0.9869133016110235,0.9842962995692819,0.9832594481859475
2,2,1.846472538373747,0.5370223067611967,5783,2.145882829543083,0.4470954356846473,964,2.1453851549008403,0.4564,0.9979562469409439,0.08368329006772846,,,0.9534588060808797,,0.9534800552865331,0.046519944713466876,0.9878828258577586,0.09962674660147211,5,0.001,0.1,0.9923224490618334,0.9973372801150244,1.0,0.9976393900664515,0.996518171418495,0.9946342111325528,0.9945657962723485,0.9940334936108123,0.9909602834648206,0.9921496273932016,0.9905224141382054,0.989974095770593
2,3,1.8878327659813754,0.5305466237942122,5287,2.1465972321374074,0.4370034052213394,881,2.1453851472836334,0.4564,0.9983455040213614,0.08369086427151144,,,0.9544203164912897,,0.9544369375900098,0.045563062409990196,0.9878828233745581,0.09962674730989884,5,0.001,0.1,0.9892289908596058,0.9956210200861767,0.9976393900664515,1.0,0.9972978154807575,0.9967688586644662,0.9954125578133478,0.9940783666582861,0.9925151909122959,0.9933650799185606,0.9927235160843249,0.9905959928375605
2,4,1.9236035579250705,0.5146099290780142,4935,2.1360450891348033,0.4659367396593674,822,2.145385158709444,0.4564,0.9986156599482978,0.083734817679109,,,0.9599999998730546,,0.9600139182880506,0.039986081711949395,0.9878841786842001,0.09962680023904931,5,0.001,0.1,0.9861912545725575,0.9938219611265833,0.996518171418495,0.9972978154807575,1.0,0.9970534438951345,0.9964006782519091,0.9962068731708942,0.994114546371979,0.9935560254950929,0.9941009066622156,0.9931644539065502
2,5,1.9267190280025952,0.5181915577458753,4667,2.1439151859283445,0.4537275064267352,778,2.145385439784382,0.4564,0.9976204226674346,0.08352723562751749,,,0.9336484110674051,,0.9336658257700969,0.06633417422990306,0.9878817841146114,0.09962640272675115,5,0.001,0.1,0.9841537309133206,0.9921330397352154,0.9946342111325528,0.9967688586644662,0.9970534438951345,1.0,0.9954882101025189,0.9941977827389648,0.9936106894678883,0.9931530784277548,0.9937939548689538,0.9915272177841157
2,6,1.964302509341921,0.5154278014821468,4453,2.1440250178178153,0.4555256064690027,742,2.1453859417583234,0.4564,0.9981331383611048,0.08357615631782339,,,0.939858668192942,,0.9398855607426954,0.06011443925730464,0.9878783025190669,0.09962660567444524,5,0.001,0.1,0.9803969584820318,0.9896143384655023,0.9945657962723485,0.9954125578133478,0.9964006782519091,0.9954882101025189,1.0,0.9973037308903588,0.9950583526844863,0.9952660574298956,0.9970555347807881,0.9960389399899684
2,7,1.9776976781104927,0.5233574935702595,4277,2.1439040640126104,0.4586255259467041,713,2.1453856264059534,0.4564,0.9976410239190215,0.08353934078604226,,,0.9351851053886455,,0.9352026367423474,0.06479736325765262,0.9878817539909447,0.09962640540007585,5,0.001,0.1,0.9784651988490691,0.9885838744040639,0.9940334936108123,0.9940783666582861,0.9962068731708942,0.9941977827389648,0.9973037308903588,1.0,0.9953119668060472,0.9951104364459881,0.996585179096924,0.9968244996287612
2,8,1.9968874109708346,0.4804553160571567,4129,2.1369693170894277,0.4898255813953488,688,2.1453868093582007,0.4564,0.9960288723818786,0.08328219765819646,,,0.9025419654001956,,0.9025574854292922,0.09744251457070785,0.9878839942928889,0.09962568647790543,5,0.001,0.1,0.9751950004402296,0.9858871214480883,0.9909602834648206,0.9925151909122959,0.994114546371979,0.9936106894678883,0.9950583526844863,0.9953119668060472,1.0,0.9943670846229624,0.9960304664221097,0.9943708488358749
2,9,2.008602103165218,0.5058235441139715,4001,2.1442091124398366,0.43778110944527737,667,2.1453892727629444,0.4564,0.9964884767442546,0.08315303786826501,,,0.8861457228136969,,0.8861648350586211,0.11383516494137891,0.9878876728780173,0.09962527398392874,5,0.001,0.1,0.977457507265709,0.9869133016110235,0.9921496273932016,0.9933650799185606,0.9935560254950929,0.9931530784277548,0.9952660574298956,0.9951104364459881,0.9943670846229624,1.0,0.9959244671732271,0.995710973193141
2,10,2.0160204156500394,0.505219850861404,3889,2.1451841649555026,0.470679012345679,648,2.1453868146902457,0.4564,0.9963690516535814,0.08334555174142107,,,0.9105844755184552,,0.9106039957085279,0.0893960042914721,0.9878805105884956,0.09962603982422981,5,0.001,0.1,0.973157950871836,0.9842962995692819,0.9905224141382054,0.9927235160843249,0.9941009066622156,0.9937939548689538,0.9970555347807881,0.996585179096924,0.9960304664221097,0.9959244671732271,1.0,0.9972637006212168
2,11,2.0236457836728134,0.5158533368504352,3791,2.1530519843101503,0.4430379746835443,632,2.145390991204844,0.4564,0.9954971894504869,0.08308547763096526,,,0.8775692607386484,,0.8775915562385826,0.12240844376141735,0.9878812112981369,0.09962504354201107,5,0.001,0.1,0.9723262861386421,0.9832594481859475,0.989974095770593,0.9905959928375605,0.9931644539065502,0.9915272177841157,0.9960389399899684,0.9968244996287612,0.9943708488358749,0.995710973193141,0.9972637006212168,1.0
3,0,1.475387952531822,0.5841977112247383,8214,2.069830667140872,0.506208911614317,1369,2.064235510536657,0.5108,0.9892339968633532,0.08231565597460445,,,0.75,,0.7500024163694532,0.2499975836305468,0.9940679220471443,0.09966503216997256,5,0.001,0.1,1.0,0.9959216402103741,0.9931630565910231,0.9901512711687591,0.9877896840570871,0.9859887258349025,0.9840582374908634,0.9814660642159176,0.9790609789759139,0.9818792574104741,0.9776841146840842,0.9776290299593515
3,1,1.5936561180549917,0.5740188621843626,6574,2.062793731689453,0.5282846715328468,1096,2.0641177843173093,0.5112,0.9958087967672593,0.08327718031367448,,,0.9022042490085289,,0.9022240264447473,0.0977759735552527,0.9941587328701353,0.09969376220184648,5,0.001,0.1,0.9959216402103741,1.0,0.9975573741285971,0.9959173973579626,0.9947438172655197,0.9933837000460096,0.9921170029871293,0.9905595377347755,0.9883293028033989,0.9900862140714046,0.9874497570332382,0.9872345893652379
3,2,1.6638883848875268,0.57146809614387,5783,2.066028364243046,0.5020746887966805,964,2.064114059503086,0.5113,0.9982317624635333,0.08358973104138415,,,0.9516793864076812,,0.9517016073689603,0.048298392631039744,0.9941761134108437,0.09969525229350981,5,0.001,0.1,0.9931630565910231,0.9975573741285971,1.0,0.9976908988896034,0.9970573164732086,0.9958342191136361,0.995810596368719,0.9948184723604622,0.9919775581846744,0.9938381611790303,0.9921010947796852,0.992365143986706
3,3,1.7068977436387396,0.5666351428031019,5287,2.0648580363818576,0.4948921679909194,881,2.064114049600717,0.5113,0.9985664946393293,0.08360518940603186,,,0.9541263642807327,,0.9541469732556229,0.04585302674437708,0.9941761374298884,0.09969525404992655,5,0.001,0.1,0.9901512711687591,0.9959173973579626,0.9976908988896034,1.0,0.9975159229144525,0.9971015334989233,0.9966817067170757,0.9950695114857414,0.9935393731207017,0.9949351209618887,0.9942733713491929,0.9932936809043111
3,4,1.7442105177910097,0.5477203647416413,4935,2.0512161346582265,0.537712895377129,822,2.0641139033503424,0.5113,0.9988802946371761,0.08364229509517977,,,0.9599999998417053,,0.9600139182880506,0.039986081711949395,0.9941774955135169,0.09969532824083488,5,0.001,0.1,0.9877896840570871,0.9947438172655197,0.9970573164732086,0.9975159229144525,1.0,0.9975260494562326,0.9972617223898558,0.9968125284492539,0.995028714557688,0.9956326055177545,0.9953128810173958,0.9952090571792881
3,5,1.745914607995177,0.556760231412042,4667,2.0627068758010862,0.5077120822622108,778,2.064114687160943,0.5112,0.9983184820922316,0.08349677214033134,,,0.9369644809721257,,0.9369762519210137,0.06302374807898625,0.9941688664590148,0.09969482992401092,5,0.001,0.1,0.9859887258349025,0.9933837000460096,0.9958342191136361,0.9971015334989233,0.9975260494562326,1.0,0.9967860713249584,0.9959865186018843,0.9951248939759284,0.9954978680295838,0.9954950836206466,0.994430754619471
3,6,1.7891633158922196,0.5470469346507972,4453,2.0624548892180123,0.5013477088948787,742,2.064114795325282,0.5113,0.9985881522019662,0.08353550066930779,,,0.9430950035481496,,0.9431138303322024,0.05688616966779758,0.9941769304383166,0.09969502497673322,5,0.001,0.1,0.9840582374908634,0.9921170029871293,0.995810596368719,0.9966817067170757,0.9972617223898558,0.9967860713249584,1.0,0.997698586356667,0.9958110052802357,0.9961853644702382,0.9973557825904503,0.9965911372599069
3,7,1.8067969485894957,0.554547580079495,4277,2.063213234362395,0.5217391304347826,713,2.0641148913020904,0.5112,0.9979823259321481,0.08349334362549057,,,0.9364217650934427,,0.9364349851634916,0.06356501483650845,0.9941689030516144,0.09969482925419494,5,0.001,0.1,0.9814660642159176,0.9905595377347755,0.9948184723604622,0.9950695114857414,0.9968125284492539,0.9959865186018843,0.997698586356667,1.0,0.9961304724188433,0.9960427001232497,0.9970018852147801,0.997502372156799
3,8,1.831560123700362,0.5246306611770405,4129,2.053541053425182,0.5421511627906976,688,2.064117126190624,0.5111,0.9966156673249555,0.08329141498159087,,,0.9044575221208825,,0.904476082775152,0.09552391722484799,0.994158003333479,0.09969397483200468,5,0.001,0.1,0.9790609789759139,0.9883293028033989,0.9919775581846744,0.9935393731207017,0.995028714557688,0.9951248939759284,0.9958110052802357,0.9961304724188433,1.0,0.9954403591252534,0.996620674590442,0.9956782136108752
3,9,1.8435161198888506,0.5507123219195201,4001,2.062927972702753,0.4947526236881559,667,2.064121745264949,0.5112,0.997377037298051,0.08323674814040473,,,0.8958040484953963,,0.8958158146547974,0.10418418534520257,0.9941511284420153,0.09969349012664094,5,0.001,0.1,0.9818792574104741,0.9900862140714046,0.9938381611790303,0.9949351209618887,0.9956326055177545,0.9954978680295838,0.9961853644702382,0.9960427001232497,0.9954403591252534,1.0,0.9963224318646459,0.9960227995602979
3,10,1.8566012361010567,0.5373617896631525,3889,2.0641365618932817,0.5108024691358025,648,2.0641164726342636,0.5112,0.9970040944991606,0.08334283568084903,,,0.9125971485412095,,0.9126192478325166,0.08738075216748342,0.994163574909503,0.09969424298563835,5,0.001,0.1,0.9776841146840842,0.9874497570332382,0.9921010947796852,0.9942733713491929,0.9953128810173958,0.9954950836206466,0.9973557825904503,0.9970018852147801,0.996620674590442,0.9963224318646459,1.0,0.9977432910536171
3,11,1.864291045445354,0.548615141123714,3791,2.073831856250763,0.48417721518987344,632,2.0641243709162023,0.5112,0.9966971373890386,0.08317333293115076,,,0.8857657541870536,,0.8857830486850118,0.11421695131498821,0.9941457280609258,0.09969322165134957,5,0.001,0.1,0.9776290299593515,0.9872345893652379,0.992365143986706,0.9932936809043111,0.9952090571792881,0.994430754619471,0.9965911372599069,0.997502372156799,0.9956782136108752,0.9960227995602979,0.9977432910536171,1.0
4,0,1.34906822749149,0.6067445824202581,8214,1.975155001462892,0.5412710007304602,1369,1.9683421153230027,0.5463,0.9896648173341877,0.08246847380431652,,,0.75,,0.7500024163694532,0.2499975836305468,0.9959187256601677,0.09967389270104333,5,0.001,0.1,1.0,0.9959494511286584,0.9934551709675853,0.9908890388933569,0.9879564605927744,0.9863110621864777,0.984937797640065,0.9813075366933446,0.9802184709359101,0.9823918453457704,0.9792792960261215,0.9791912350404077
4,1,1.4482063205496778,0.595892911469425,6574,1.96585180078234,0.5620437956204379,1096,1.968128280517773,0.5463,0.9958769232091462,0.08325907025724792,,,0.8994944819395179,,0.89951285991823,0.10048714008176995,0.9960632101558983,0.09971017185011898,5,0.001,0.1,0.9959494511286584,1.0,0.9974256739578425,0.9961367586077146,0.9946171323048613,0.9932718054320508,0.9925928518140631,0.990240630700958,0.9886276787168065,0.990307114779926,0.9884548386896614,0.988473980081437
4,2,1.5086065121118535,0.5982707937056891,5783,1.9714324474334717,0.5414937759336099,964,1.9681219803258634,0.5463,0.9982980805364468,0.08352903751302183,,,0.9505427947581638,,0.9505610809870386,0.04943891901296138,0.9960735087220578,0.09971160509921465,5,0.001,0.1,0.9934551709675853,0.9974256739578425,1.0,0.9975553594106239,0.9967769658787126,0.9960601461942101,0.996102963262959,0.9946471940977707,0.9924848183582664,0.9941966067944873,0.9928825002653069,0.9934209493435764
4,3,1.5469819503376283,0.5923207868356346,5287,1.968163162469864,0.5300794551645857,881,1.9681220363123348,0.5463,0.9985731075199135,0.08354740438282812,,,0.9540158000775791,,0.954040652999681,0.045959347000319006,0.9960742679255608,0.09971173611409573,5,0.001,0.1,0.9908890388933569,0.9961367586077146,0.9975553594106239,1.0,0.9975107449553036,0.9970809416869575,0.9968879325326557,0.9950375546673836,0.9933493772565162,0.9952906436226657,0.9946811706844882,0.9938419118379437
4,4,1.582241733689462,0.5745491388044579,4935,1.9515381180323088,0.5790754257907542,822,1.9681216086061617,0.5463,0.9988480660482509,0.08357905161837437,,,0.9599999998109092,,0.9600139182880506,0.039986081711949395,0.9960743819873175,0.09971180746185951,5,0.001,0.1,0.9879564605927744,0.9946171323048613,0.9967769658787126,0.9975107449553036,1.0,0.9972817271898231,0.997302525225318,0.9965975954516626,0.9954830646435042,0.9962904866195077,0.9958533987418655,0.9958473326733588
4,5,1.5809939728207785,0.5865009642168416,4667,1.9669032907485962,0.5514138817480719,778,1.968122703579668,0.5463,0.9984542689776202,0.08347704286445108,,,0.9407110872885804,,0.9407361227902301,0.05926387720976989,0.9960722508518759,0.09971146065956618,5,0.001,0.1,0.9863110621864777,0.9932718054320508,0.9960601461942101,0.9970809416869575,0.9972817271898231,1.0,0.9969635134388043,0.9961340566969393,0.9950882132463895,0.9967357427437313,0.9962698520522127,0.995597279360969
4,6,1.626142559988158,0.5788457219851786,4453,1.9660877585411072,0.545822102425876,742,1.9681226262650169,0.5463,0.998762099279607,0.08351074742543045,,,0.9470843082459061,,0.9471105054078348,0.05288949459216519,0.9960722652763834,0.09971160193494466,5,0.001,0.1,0.984937797640065,0.9925928518140631,0.996102963262959,0.9968879325326557,0.997302525225318,0.9969635134388043,1.0,0.9978636380519874,0.9958792314884084,0.9970592032591877,0.9976366369511581,0.9972335878492643
4,7,1.6419107689786314,0.5827449146598083,4277,1.9680280581764553,0.5469845722300141,713,1.9681234394018643,0.5463,0.9978527835657163,0.08345551467425624,,,0.9366403055030819,,0.9366524584142817,0.06334754158571831,0.9960703134789297,0.0997112823216302,5,0.001,0.1,0.9813075366933446,0.990240630700958,0.9946471940977707,0.9950375546673836,0.9965975954516626,0.9961340566969393,0.9978636380519874,1.0,0.9959002341935593,0.9966312484036207,0.9973276220473483,0.9978628942254696
4,8,1.6709064822930557,0.5552918382174861,4129,1.9548557888377796,0.5770348837209303,688,1.9681266348202007,0.5463,0.9966098715523484,0.08329147448206932,,,0.9056218213480932,,0.9056407728516059,0.09435922714839406,0.9960643810505362,0.09971043741106744,5,0.001,0.1,0.9802184709359101,0.9886276787168065,0.9924848183582664,0.9933493772565162,0.9954830646435042,0.9950882132463895,0.9958792314884084,0.9959002341935593,1.0,0.9957138117661354,0.996400500776794,0.9955461286886158
4,9,1.675116689810677,0.5761559610097475,4001,1.9668413798014324,0.5172413793103449,667,1.9681334407946554,0.5463,0.9977903145068913,0.08329605292641402,,,0.9064875628561189,,0.906515498593673,0.09348450140632703,0.996059718502727,0.09971045132654668,5,0.001,0.1,0.9823918453457704,0.990307114779926,0.9941966067944873,0.9952906436226657,0.9962904866195077,0.9967357427437313,0.9970592032591877,0.9966312484036207,0.9957138117661354,1.0,0.9972495669523105,0.9969607786957342
4,10,1.6947757394587408,0.5646181537670353,3889,1.9682844196047102,0.5478395061728395,648,1.9681258140661466,0.5463,0.9973786655113746,0.0833478532799848,,,0.9162825309370327,,0.9163017948792298,0.0836982051207702,0.9960645537814963,0.0997106911884442,5,0.001,0.1,0.9792792960261215,0.9884548386896614,0.9928825002653069,0.9946811706844882,0.9958533987418655,0.9962698520522127,0.9976366369511581,0.9973276220473483,0.996400500776794,0.9972495669523105,1.0,0.9978311938413165
4,11,1.7019035126982616,0.5723555790029016,3791,1.980004721879959,0.5063291139240507,632,1.9681375137152382,0.5463,0.997206146641218,0.08323827677160535,,,0.8955626259941397,,0.8955790104483815,0.10442098955161849,0.9960654328512962,0.09970990417195094,5,0.001,0.1,0.9791912350404077,0.988473980081437,0.9934209493435764,0.9938419118379437,0.9958473326733588,0.995597279360969,0.9972335878492643,0.9978628942254696,0.9955461286886158,0.9969607786957342,0.9978311938413165,1.0
5,0,1.2486429875926748,0.6266861456050645,8214,1.866752172625342,0.5646457268078889,1369,1.8587471993205646,0.574,0.9899383117801879,0.08257515374079989,,,0.96,,0.9600139182880506,0.039986081711949395,0.9969301547909617,0.09969886971521727,5,0.001,0.1,1.0,0.9957548989743288,0.9934884425276052,0.9908298626998425,0.9883281839289934,0.98596029363426,0.9852744798210765,0.9810497803809293,0.9820078695310446,0.9819092800507144,0.9793177034851202,0.9796956709596136
5,1,1.329864965075428,0.6158807423182233,6574,1.8551161084856307,0.583941605839416,1096,1.858469974499541,0.5738,0.995775623517735,0.08324880020500866,,,0.96,,0.9600139182880506,0.039986081711949395,0.9973553265207501,0.09969886971521727,5,0.001,0.1,0.9957548989743288,1.0,0.9968204579384387,0.9957780983853727,0.9944947621276539,0.9928497628897577,0.992548460473235,0.9898711560605945,0.989285987023107,0.9892993685335023,0.988287630182642,0.9883587502266381
5,2,1.379390198354563,0.6186408438526716,5783,1.8630531026471047,0.5767634854771784,964,1.8584627461509582,0.5739,0.9979868023736335,0.08348586930669225,,,0.96,,0.9600139182880506,0.039986081711949395,0.9973688992769657,0.09969886971521727,5,0.001,0.1,0.9934884425276052,0.9968204579384387,1.0,0.9972583099526944,0.9963646218271265,0.9955521541338309,0.9955474146445622,0.9933146463974545,0.9932931707482948,0.993169823692664,0.9919785382086155,0.9929651480471807
5,3,1.414351714088256,0.6136561376962361,5287,1.8577549287251063,0.5584562996594779,881,1.8584628204187266,0.5739,0.9984915745004004,0.08351344160286509,,,0.96,,0.9600139182880506,0.039986081711949395,0.9973707058879879,0.09969886971521727,5,0.001,0.1,0.9908298626998425,0.9957780983853727,0.9972583099526944,1.0,0.99701687858209,0.9967753205484968,0.9968258374317363,0.9947380668574086,0.9941466324689939,0.9943002152882708,0.9945571716182247,0.993528527420257
5,4,1.445522098618169,0.5945288753799393,4935,1.838306486606598,0.6082725060827251,822,1.8584622209445356,0.5739,0.9986950475338222,0.08353943230479335,,,0.96,,0.9600139182880506,0.039986081711949395,0.9973713350439222,0.09969886971521727,5,0.001,0.1,0.9883281839289934,0.9944947621276539,0.9963646218271265,0.99701687858209,1.0,0.996949013670293,0.996823392004402,0.9958376204136485,0.9959806973086208,0.9957018813806449,0.9953605594976842,0.9953070262193593
5,5,1.440566697349287,0.6113134776087422,4667,1.8571579790115356,0.5732647814910026,778,1.8584635794734041,0.5739,0.9984491230675772,0.08346889536027703,,,0.96,,0.9600139182880506,0.039986081711949395,0.9973677135500977,0.09969886971521727,5,0.001,0.1,0.98596029363426,0.9928497628897577,0.9955521541338309,0.9967753205484968,0.996949013670293,1.0,0.9968103956617427,0.9960571784923354,0.9961937148553235,0.9961104847142883,0.9962992883520955,0.9956452597996363
5,6,1.483550015943391,0.6014821468672805,4453,1.8561864793300629,0.5727762803234502,742,1.8584632656444757,0.5739,0.9986281686315561,0.08349535957388177,,,0.96,,0.9600139182880506,0.039986081711949395,0.9973688791324007,0.09969886971521727,5,0.001,0.1,0.9852744798210765,0.992548460473235,0.9955474146445622,0.9968258374317363,0.996823392004402,0.9968103956617427,1.0,0.9975211712044825,0.9960898875229299,0.9959313955792133,0.9973890698570114,0.9965736080536108
5,7,1.4978538507845864,0.6011690437222352,4277,1.8592685305553933,0.5750350631136045,713,1.858464393371972,0.5739,0.9974295793770268,0.0834227582584925,,,0.96,,0.9600139182880506,0.039986081711949395,0.9973661728542519,0.09969886971521727,5,0.001,0.1,0.9810497803809293,0.9898711560605945,0.9933146463974545,0.9947380668574086,0.9958376204136485,0.9960571784923354,0.9975211712044825,1.0,0.9953043702065772,0.9947829246375953,0.9971977149652196,0.9972908749191085
5,8,1.5266874782855695,0.5852748849600388,4129,1.842042933810841,0.6017441860465116,688,1.8584676965737876,0.5739,0.9971575454839585,0.08331331435378392,,,0.96,,0.9600139182880506,0.039986081711949395,0.9973576419253152,0.09969886971521727,5,0.001,0.1,0.9820078695310446,0.989285987023107,0.9932931707482948,0.9941466324689939,0.9959806973086208,0.9961937148553235,0.9960898875229299,0.9953043702065772,1.0,0.9957227154143452,0.9960864100749653,0.9956208030608239
5,9,1.5277912821088517,0.5975006248437891,4001,1.8571003391629173,0.553223388305847,667,1.8584770310801058,0.5739,0.9970740358124054,0.08331342676804421,,,0.96,,0.9600139182880506,0.039986081711949395,0.9973576826686252,0.09969886971521727,5,0.001,0.1,0.9819092800507144,0.9892993685335023,0.993169823692664,0.9943002152882708,0.9957018813806449,0.9961104847142883,0.9959313955792133,0.9947829246375953,0.9957227154143452,1.0,0.9961131288480316,0.9956927349549719
5,10,1.5480205867134156,0.5888403188480329,3889,1.8587607599440075,0.5725308641975309,648,1.8584670216892474,0.5739,0.9971598523099188,0.08334798401653003,,,0.96,,0.9600139182880506,0.039986081711949395,0.9973603682528208,0.09969886971521727,5,0.001,0.1,0.9793177034851202,0.988287630182642,0.9919785382086155,0.9945571716182247,0.9953605594976842,0.9962992883520955,0.9973890698570114,0.9971977149652196,0.9960864100749653,0.9961131288480316,1.0,0.997141230914256
5,11,1.5521564618880008,0.5998944869427592,3791,1.872829508781433,0.5427215189873418,632,1.8584816741486327,0.5739,0.99699942389655,0.08327556450883146,,,0.96,,0.9600139182880506,0.039986081711949395,0.9973523768348316,0.09969886971521727,5,0.001,0.1,0.9796956709596136,0.9883587502266381,0.9929651480471807,0.993528527420257,0.9953070262193593,0.9956452597996363,0.9965736080536108,0.9972908749191085,0.9956208030608239,0.9956927349549719,0.997141230914256,1.0
6,0,1.1656926480248744,0.6441684928171415,8214,1.747058117112448,0.5850986121256392,1369,1.7381270979159176,0.5966,0.9901607867259237,0.08264740572870821,,,0.96,,0.9600139182880506,0.039986081711949395,0.9969908484480136,0.09969998568602847,5,0.001,0.1,1.0,0.9954433114533497,0.993236843324384,0.991021322048808,0.9881195759337594,0.9856966351594503,0.9861272809123438,0.9823849819954689,0.9817564780468343,0.9820387045527879,0.9804646358400698,0.9801112302379084
6,1,1.2316461855925402,0.6347733495588682,6574,1.7334202527999878,0.6021897810218978,1096,1.7378062390671751,0.5965,0.9956809203113408,0.08323904299229874,,,0.96,,0.9600139182880506,0.039986081711949395,0.9969908484480136,0.09969998568602847,5,0.001,0.1,0.9954433114533497,1.0,0.9967035241927545,0.9954474175207384,0.9940075903231093,0.992469531014205,0.9926215602515576,0.9900960824587242,0.9891433393502964,0.9894159180168495,0.9885946003774793,0.988409694045616
6,2,1.2727035307752492,0.637247103579457,5783,1.7437803975997432,0.5985477178423236,964,1.7377973928238257,0.5965,0.9980367316456842,0.0834605950908487,,,0.96,,0.9600139182880506,0.039986081711949395,0.9969908484480136,0.09969998568602847,5,0.001,0.1,0.993236843324384,0.9967035241927545,1.0,0.9971787943344023,0.996012801292339,0.9955264148746754,0.9958024700292833,0.9946107497795647,0.9923573287440133,0.993034261519689,0.9927206838030364,0.9933037972661914
6,3,1.3016568775636603,0.6320408549271799,5287,1.7362130454608373,0.58683314415437,881,1.7377973962515687,0.5965,0.9983660920513476,0.08348815082937687,,,0.96,,0.9600139182880506,0.039986081711949395,0.9969908484480136,0.09969998568602847,5,0.001,0.1,0.991021322048808,0.9954474175207384,0.9971787943344023,1.0,0.9966185123989764,0.996527236152289,0.9966521507133962,0.9950345557752333,0.9933154933459255,0.994376242959198,0.9946898175218892,0.9935393686258298
6,4,1.3289426443653722,0.6192502532928065,4935,1.7142925354150624,0.6301703163017032,822,1.7377966101558064,0.5965,0.9984403944815045,0.08350649881419273,,,0.96,,0.9600139182880506,0.039986081711949395,0.9969908484480136,0.09969998568602847,5,0.001,0.1,0.9881195759337594,0.9940075903231093,0.996012801292339,0.9966185123989764,1.0,0.9963394153926216,0.9965119341088056,0.9961585005509996,0.9953762621200236,0.9953586889481122,0.9953884186331354,0.9953726342329552
6,5,1.3210944477009448,0.6315406042425541,4667,1.736018476486206,0.5989717223650386,778,1.73779874678237,0.5965,0.9982667043041666,0.08345760670031255,,,0.96,,0.9600139182880506,0.039986081711949395,0.9969908484480136,0.09969998568602847,5,0.001,0.1,0.9856966351594503,0.992469531014205,0.9955264148746754,0.996527236152289,0.9963394153926216,1.0,0.9965520416914494,0.9964320071378956,0.9953643143338871,0.9962415226012206,0.9964210171078851,0.9955965596452075
6,6,1.3614912159953798,0.6238940040422187,4453,1.7353355685869853,0.601078167115903,742,1.737797863186358,0.5965,0.9985833380789791,0.083484071485699,,,0.96,,0.9600139182880506,0.039986081711949395,0.9969908484480136,0.09969998568602847,5,0.001,0.1,0.9861272809123438,0.9926215602515576,0.9958024700292833,0.9966521507133962,0.9965119341088056,0.9965520416914494,1.0,0.9974044563364957,0.9958013170099038,0.9962280646369537,0.996864348844829,0.9963905865936237
6,7,1.372775221137858,0.6244096329202712,4277,1.739681953969209,0.5960729312762973,713,1.7377995713450276,0.5965,0.9979265322729175,0.08341831011039208,,,0.96,,0.9600139182880506,0.039986081711949395,0.9969908484480136,0.09969998568602847,5,0.001,0.1,0.9823849819954689,0.9900960824587242,0.9946107497795647,0.9950345557752333,0.9961585005509996,0.9964320071378956,0.9974044563364957,1.0,0.9957765874155127,0.9965449859345019,0.9970687709587918,0.9975597438375746
6,8,1.4016661401895376,0.6101235165899733,4129,1.7177688858725808,0.6206395348837209,688,1.737803338053889,0.5966,0.9967225027007883,0.08331226854924081,,,0.96,,0.9600139182880506,0.039986081711949395,0.9969908484480136,0.09969998568602847,5,0.001,0.1,0.9817564780468343,0.9891433393502964,0.9923573287440133,0.9933154933459255,0.9953762621200236,0.9953643143338871,0.9958013170099038,0.9957765874155127,1.0,0.9951951027003376,0.9957976827814286,0.9947939675913133
6,9,1.3997403479757764,0.6180954761309673,4001,1.7367855991636003,0.568215892053973,667,1.7378144005236154,0.5966,0.9973306874712523,0.08333197924450565,,,0.96,,0.9600139182880506,0.039986081711949395,0.9969908484480136,0.09969998568602847,5,0.001,0.1,0.9820387045527879,0.9894159180168495,0.993034261519689,0.994376242959198,0.9953586889481122,0.9962415226012206,0.9962280646369537,0.9965449859345019,0.9951951027003376,1.0,0.9968806017492323,0.9966374644913991
6,10,1.4189478449157027,0.6107482643353047,3889,1.738230029741923,0.6018518518518519,648,1.7378024121823783,0.5965,0.9973417919791772,0.08335354279187182,,,0.96,,0.9600139182880506,0.039986081711949395,0.9969908484480136,0.09969998568602847,5,0.001,0.1,0.9804646358400698,0.9885946003774793,0.9927206838030364,0.9946898175218892,0.9953884186331354,0.9964210171078851,0.996864348844829,0.9970687709587918,0.9957976827814286,0.9968806017492323,1.0,0.9971756366637777
