round,client_id,client_i_training_loss,client_i_training_accuracy,client_i_training_dataset_size,client_i_evaluation_loss,client_i_evaluation_accuracy,client_i_evaluation_dataset_size,client_i_central_evaluation_loss,client_i_central_evaluation_accuracy,client_i_cosine_similarity,client_i_importance_coefficient,client_i_tanh_val,tanh_normalization_value,client_i_q,client_i_mask_order,client_i_v_nonzero_fraction,client_i_v_sparsity,client_i_v_cosine_similarity,client_i_reward_gradient_norm,local_epochs,learning_rate,gamma,client_0_cosine_similarity,client_1_cosine_similarity,client_2_cosine_similarity,client_3_cosine_similarity,client_4_cosine_similarity,client_5_cosine_similarity,client_6_cosine_similarity,client_7_cosine_similarity,client_8_cosine_similarity,client_9_cosine_similarity,client_10_cosine_similarity,client_11_cosine_similarity
0,0,2.0954715623929805,0.3928171414657901,8214,2.271909336711085,0.24543462381300218,1369,2.2712768563828147,0.2513,0.9607464594726952,0.08114915789904621,,,0.8,,0.800016431312282,0.19998356868771805,0,0.09854575010752505,5,0.001,0.1,1.0,0.9826828859794977,0.9698641746408495,0.9610320414652312,0.9537659720435516,0.9348286964719146,0.9310315458200986,0.9190642502944661,0.915275952223186,0.9042961815740036,0.9021439637159043,0.89682513413688
0,1,2.177723843843034,0.35567386674779433,6574,2.268471527099609,0.25821167883211676,1096,2.2712609927875165,0.2511,0.9884015412276185,0.08348503598000527,,,0.9564532333070024,,0.9564715206696243,0.043528479330375736,0,0.09856186735586342,5,0.001,0.1,0.9826828859794977,1.0,0.9911613546247897,0.9861452757426978,0.9806007978286849,0.9752326651616545,0.9715751380623089,0.9609316804808917,0.960171537409495,0.9516872847648427,0.9471247526891449,0.943617343874312
0,2,2.2034748605601697,0.3264049801141276,5783,2.2728533821721233,0.2437759336099585,964,2.2712607147594612,0.2511,0.9946756519746724,0.08401497683866659,,,0.9919477916381506,,0.9919534897207644,0.008046510279235641,0,0.09856194383985532,5,0.001,0.1,0.9698641746408495,0.9911613546247897,1.0,0.9900385541000024,0.9897641033728378,0.9814599710297024,0.9796063543194433,0.9789053855016064,0.9740638488699652,0.9694203985352029,0.9655158316622032,0.9636592607244135
0,3,2.2156025332140636,0.3250614715339512,5287,2.2719414489609853,0.25312145289443816,881,2.271260784076045,0.2511,0.9951777141217083,0.08405738336542841,,,0.9947881103513958,,0.9947999729366621,0.0052000270633378864,0,0.09856194643158345,5,0.001,0.1,0.9610320414652312,0.9861452757426978,0.9900385541000024,1.0,0.9917356512193842,0.9871899639761018,0.9891747417530342,0.9780981280163661,0.9786165599703132,0.9726517060130309,0.9734396886514662,0.9641828467046032
0,4,2.223309273565969,0.3177710233029382,4935,2.270032057395348,0.27007299270072993,822,2.2712607795057207,0.2511,0.9960989813236119,0.08413519791982761,,,0.9999999999330217,,1.0,0.0,0,0.09856194647917056,5,0.001,0.1,0.9537659720435516,0.9806007978286849,0.9897641033728378,0.9917356512193842,1.0,0.9904308452233124,0.9899219730508184,0.9837772741856783,0.9859928975107433,0.979871034998209,0.9758440441029108,0.9757037996270718
0,5,2.2349001263918944,0.3157488750803514,4667,2.2709935760498046,0.2442159383033419,778,2.271260726946992,0.2511,0.9935400882611916,0.08391906179450369,,,0.9855235613221968,,0.9855404451919081,0.014459554808091912,0,0.09856194064163597,5,0.001,0.1,0.9348286964719146,0.9752326651616545,0.9814599710297024,0.9871899639761018,0.9904308452233124,1.0,0.9947876630901339,0.9868082836691058,0.9900339182902126,0.9843701728352356,0.9818018191106845,0.9814143804457923
0,6,2.236866261618478,0.3122389400404222,4453,2.2646484375,0.27628032345013476,742,2.271260711712578,0.2511,0.9928377343828154,0.0838597376874873,,,0.9815501311883976,,0.981567933810808,0.01843206618919202,0,0.09856193973371484,5,0.001,0.1,0.9310315458200986,0.9715751380623089,0.9796063543194433,0.9891747417530342,0.9899219730508184,0.9947876630901339,1.0,0.9880567152642106,0.9906428694318988,0.9875866077026714,0.9843576552479287,0.9779560125819072
0,7,2.245317475831331,0.2950666354921674,4277,2.2774507999420166,0.22861150070126227,713,2.2712610034516065,0.2511,0.988719640849828,0.08351190416798118,,,0.9582528199019524,,0.9582692995428229,0.04173070045717708,0,0.09856187018453548,5,0.001,0.1,0.9190642502944661,0.9609316804808917,0.9789053855016064,0.9780981280163661,0.9837772741856783,0.9868082836691058,0.9880567152642106,1.0,0.9912094764033931,0.9932128414087509,0.9884923678036853,0.9821999362414087
0,8,2.249021650094252,0.28902882053766044,4129,2.272756728259,0.24709302325581395,688,2.2712610004047233,0.2511,0.9879051832863386,0.08344311125725014,,,0.9536451850257124,,0.9536685321038846,0.04633146789611542,0,0.09856186209463201,5,0.001,0.1,0.915275952223186,0.960171537409495,0.9740638488699652,0.9786165599703132,0.9859928975107433,0.9900339182902126,0.9906428694318988,0.9912094764033931,1.0,0.9914947574353343,0.9853433672931788,0.9811776288661571
0,9,2.2520398605437504,0.2937265683579105,4001,2.270706744421096,0.22938530734632684,667,2.2712608731973667,0.2511,0.9836048560574017,0.0830798854239641,,,0.9293169221332853,,0.9293308589710132,0.0706691410289868,0,0.09856161783039728,5,0.001,0.1,0.9042961815740036,0.9516872847648427,0.9694203985352029,0.9726517060130309,0.979871034998209,0.9843701728352356,0.9875866077026714,0.9932128414087509,0.9914947574353343,1.0,0.9873465511249923,0.9825036428499284
0,10,2.2519022816517316,0.28593468758035484,3889,2.26815888995216,0.25925925925925924,648,2.271260727708713,0.2511,0.9806645752648696,0.08283153549985232,,,0.912682856795901,,0.9127062371328326,0.08729376286716739,0,0.09856132865916162,5,0.001,0.1,0.9021439637159043,0.9471247526891449,0.9655158316622032,0.9734396886514662,0.9758440441029108,0.9818018191106845,0.9843576552479287,0.9884923678036853,0.9853433672931788,0.9873465511249923,1.0,0.9786657469644979
0,11,2.25253400882753,0.293801107887101,3791,2.273280990123749,0.2563291139240506,632,2.2712603856961184,0.2511,0.9768934928138199,0.082513012165987,,,0.8913486930511497,,0.8913696948608655,0.10863030513913452,0,0.09856058989576715,5,0.001,0.1,0.89682513413688,0.943617343874312,0.9636592607244135,0.9641828467046032,0.9757037996270718,0.9814143804457923,0.9779560125819072,0.9821999362414087,0.9811776288661571,0.9825036428499284,0.9786657469644979,1.0
1,0,1.857275569717244,0.4839055271487704,8214,2.220547642818717,0.3177501826150475,1369,2.2197599380541915,0.3222,0.9759530301057286,0.08144186061056588,,,0.8,,0.800016431312282,0.19998356868771805,0.9672777793332997,0.0992774104457308,5,0.001,0.1,1.0,0.9918134047971925,0.9864180441164486,0.9799693212140657,0.9764669848975179,0.9663065741325803,0.9649709796107991,0.9610973243062677,0.9557737684002832,0.9515606091940837,0.9490337716199995,0.9459806323735255
1,1,1.993099331161351,0.46318831761484636,6574,2.214261054992676,0.33394160583941607,1096,2.2197233625113393,0.3217,0.9903906656203207,0.08334446584527105,,,0.9504768098198522,,0.9504934226423484,0.04950657735765163,0.9674265802005614,0.09929779481496931,5,0.001,0.1,0.9918134047971925,1.0,0.9950954791243309,0.9917977228123052,0.9888871249862792,0.9854546184950508,0.9835113875091838,0.9790722286796505,0.976494517073392,0.9724318842058207,0.9693435682969708,0.9670785154882577
1,2,2.052443152106269,0.45201452533287223,5783,2.222205308175856,0.31224066390041494,964,2.2197220561603386,0.3217,0.99543444998275,0.08383330909911005,,,0.9891393615661932,,0.9891553338939311,0.010844666106068934,0.9674289999973951,0.09929824691179327,5,0.001,0.1,0.9864180441164486,0.9950954791243309,1.0,0.9947660834102513,0.9943239118052464,0.9892969211311131,0.9893401788679066,0.9882030701342568,0.9841678940104845,0.9826331606441523,0.9788491457040058,0.9778372007239398
1,3,2.082549706424575,0.4225458672214867,5287,2.2204038756234303,0.318955732122588,881,2.219722103387022,0.3217,0.9967578659587176,0.08390217954754525,,,0.994586316710831,,0.9946066633804043,0.005393336619595734,0.9674299830899963,0.09929824860628221,5,0.001,0.1,0.9799693212140657,0.9917977228123052,0.9947660834102513,1.0,0.9958125635421808,0.9930972859406283,0.9941000443426555,0.9885093259004785,0.9884401656312436,0.98514654561166,0.9843372963081196,0.9805485939867324
1,4,2.0978379724871727,0.4387841945288754,4935,2.2179981561807485,0.340632603406326,822,2.2197221026253016,0.3217,0.997395523867149,0.08397062931084674,,,0.9999999999209102,,1.0,0.0,0.9674299991622642,0.09929824864262761,5,0.001,0.1,0.9764669848975179,0.9888871249862792,0.9943239118052464,0.9958125635421808,1.0,0.9944983705487722,0.9946066248066319,0.9907827223070076,0.9908591749292803,0.9877455916498796,0.9847011760720082,0.985388745724899
1,5,2.122505001825829,0.41259910006428113,4667,2.2202548599243164,0.3226221079691517,778,2.2197220774885182,0.3217,0.9970677844163471,0.08382719392811655,,,0.9886557134578944,,0.9886720600032862,0.011327939996713776,0.9674281098657617,0.09929824687270879,5,0.001,0.1,0.9663065741325803,0.9854546184950508,0.9892969211311131,0.9930972859406283,0.9944983705487722,1.0,0.9969303464401834,0.9925713769170894,0.9936866797687319,0.9899012037542394,0.9883552302927052,0.9899391494835591
1,6,2.1272047758102417,0.40821917808219177,4453,2.212470958630244,0.3557951482479784,742,2.219722086629167,0.3217,0.9973533939623722,0.08379997269225474,,,0.9865027893214937,,0.9865214911899169,0.013478508810083056,0.9674281264937769,0.09929824665592499,5,0.001,0.1,0.9649709796107991,0.9835113875091838,0.9893401788679066,0.9941000443426555,0.9946066248066319,0.9969303464401834,1.0,0.993623837237811,0.9947062246930918,0.9922705438237522,0.9904456094780438,0.9889018367832065
1,7,2.143474465163786,0.42642038812251576,4277,2.2258694482886274,0.28892005610098176,713,2.2197223494228084,0.3217,0.9959479648670141,0.08354073840282865,,,0.9659999818251194,,0.9660210127487653,0.033978987251234716,0.9674353965460728,0.0992981250879114,5,0.001,0.1,0.9610973243062677,0.9790722286796505,0.9882030701342568,0.9885093259004785,0.9907827223070076,0.9925713769170894,0.993623837237811,1.0,0.994030878623195,0.9959149109357887,0.992716575882241,0.9902358220844784
1,8,2.153164969590994,0.39854686364737224,4129,2.221634095365351,0.31976744186046513,688,2.2197225771772975,0.3217,0.9946549749763456,0.08345663544646413,,,0.9593482895353564,,0.9593663312745866,0.04063366872541341,0.9674340694954922,0.09929802591238447,5,0.001,0.1,0.9557737684002832,0.976494517073392,0.9841678940104845,0.9884401656312436,0.9908591749292803,0.9936866797687319,0.9947062246930918,0.994030878623195,1.0,0.9933803916640369,0.9909908872797945,0.9886753183508518
1,9,2.1581556935158988,0.4350912271932017,4001,2.221896693820045,0.31634182908545727,667,2.219723715949744,0.3217,0.9931915255022482,0.08318606450224993,,,0.9379488674310608,,0.9379814616135549,0.06201853838644511,0.9674203814338865,0.0992976360395114,5,0.001,0.1,0.9515606091940837,0.9724318842058207,0.9826331606441523,0.98514654561166,0.9877455916498796,0.9899012037542394,0.9922705438237522,0.9959149109357887,0.9933803916640369,1.0,0.9937254389041399,0.9891131496453617
1,10,2.158182617679971,0.37408074055027,3889,2.2158302693139937,0.3256172839506173,648,2.219724076243635,0.3217,0.9912881677529454,0.08297186508498962,,,0.9210078623362244,,0.9210233807908293,0.07897661920917065,0.9674094453363756,0.09929698671098508,5,0.001,0.1,0.9490337716199995,0.9693435682969708,0.9788491457040058,0.9843372963081196,0.9847011760720082,0.9883552302927052,0.9904456094780438,0.992716575882241,0.9909908872797945,0.9937254389041399,1.0,0.9886984012207815
1,11,2.1613858707812654,0.40706937483513583,3791,2.2203985810279847,0.3037974683544304,632,2.2197250603867795,0.3217,0.9897108850593022,0.08272508552975757,,,0.901490098208011,,0.901508781086593,0.09849121891340695,0.9673979960079202,0.09929572922504154,5,0.001,0.1,0.9459806323735255,0.9670785154882577,0.9778372007239398,0.9805485939867324,0.985388745724899,0.9899391494835591,0.9889018367832065,0.9902358220844784,0.9886753183508518,0.9891131496453617,0.9886984012207815,1.0
2,0,1.644603764825294,0.5456781105429754,8214,2.1567850833715396,0.36011687363038714,1369,2.1556411002771543,0.3622,0.9854558574512651,0.08183990617144593,,,0.8,,0.800016431312282,0.19998356868771805,0.9867899605615036,0.09955293356312217,5,0.001,0.1,1.0,0.9942622175711704,0.9911916274338614,0.9873207374089997,0.9846716748683696,0.9784259768974717,0.9786695872253582,0.9781384342678345,0.9735416089620732,0.9718205208939965,0.9703463017947067,0.9671828123128543
2,1,1.781589959200146,0.5396105871615455,6574,2.1469943727765766,0.38047445255474455,1096,2.155564816234211,0.3621,0.9943300376815927,0.0832946831864288,,,0.9476711976526528,,0.947695266815515,0.05230473318448503,0.9870022563929582,0.09957599458737978,5,0.001,0.1,0.9942622175711704,1.0,0.9964935982343746,0.9946719049407604,0.9927347783143088,0.9907551747022969,0.9901159103205334,0.9890367160237192,0.9861722154919422,0.9843370720581082,0.9821316301550095,0.9806131100192248
2,2,1.8567628805149985,0.5263012277364689,5783,2.1591314500378025,0.3454356846473029,964,2.1555632470895687,0.3622,0.9970848358642174,0.08368380326413916,,,0.9871699162290244,,0.9871835764201004,0.01281642357989965,0.9870006555302404,0.09957650221585333,5,0.001,0.1,0.9911916274338614,0.9964935982343746,1.0,0.9962755128818392,0.9962292177001028,0.9926487497023564,0.9933900806236944,0.9936459782088751,0.9909316538822711,0.9896767685461969,0.9870890746846328,0.9865680500081696
2,3,1.9009641373013875,0.49597125023642896,5287,2.156315190451486,0.3530079455164586,881,2.1555631206439325,0.3622,0.9980181065707266,0.08375623920357299,,,0.9945227282539071,,0.9945341722968075,0.005465827703192483,0.9870014000462544,0.09957651505450742,5,0.001,0.1,0.9873207374089997,0.9946719049407604,0.9962755128818392,1.0,0.996635391778239,0.9955773695842701,0.9965555715540168,0.9940818991407472,0.9930895111456811,0.9917718323687394,0.9905934584703141,0.9886196605605418
2,4,1.9216292455119472,0.5171225937183384,4935,2.153181406167837,0.3771289537712895,822,2.1555631153118875,0.3622,0.9983875341434488,0.08381019833047126,,,0.9999999998984922,,1.0,0.0,0.9870014010290739,0.09957651507173283,5,0.001,0.1,0.9846716748683696,0.9927347783143088,0.9962292177001028,0.996635391778239,1.0,0.9962006011467233,0.9967930920045678,0.995312168123916,0.9956564257599771,0.9935838069780877,0.9907014002651727,0.9910357162325867
2,5,1.9626135058598975,0.47520891364902507,4667,2.1566531467437744,0.36375321336760924,778,2.1555633164061523,0.3622,0.9979064095278506,0.0837065952370557,,,0.989483478996919,,0.9894984583562888,0.010501541643711199,0.9870006529863311,0.09957650232291833,5,0.001,0.1,0.9784259768974717,0.9907551747022969,0.9926487497023564,0.9955773695842701,0.9962006011467233,1.0,0.9977377635884283,0.9952428922809364,0.9961297270202895,0.9946159627982853,0.992413623548188,0.9939760252451237
2,6,1.968830577986581,0.47752077251291264,4453,2.1472342212994895,0.38140161725067384,742,2.1555633011717386,0.3622,0.9982422008893144,0.08370073356195265,,,0.9888884733198953,,0.9888991987318894,0.011100801268110638,0.9870006449904248,0.0995765022969745,5,0.001,0.1,0.9786695872253582,0.9901159103205334,0.9933900806236944,0.9965555715540168,0.9967930920045678,0.9977377635884283,1.0,0.9959526758640612,0.9966672985634402,0.9952678626815884,0.9932323278891378,0.9933423424454413
2,7,1.995467993216728,0.512181435585691,4277,2.161733005357825,0.3338008415147265,713,2.155563688887575,0.3622,0.9978071585061181,0.08352752863195459,,,0.9713068239064566,,0.971327360068045,0.028672639931955013,0.9869964295760975,0.09957636446109425,5,0.001,0.1,0.9781384342678345,0.9890367160237192,0.9936459782088751,0.9940818991407472,0.995312168123916,0.9952428922809364,0.9959526758640612,1.0,0.996242707413147,0.9969554227257079,0.9946744667283026,0.9932944076809987
2,8,2.0133221996747532,0.49077258416081376,4129,2.157730080864646,0.375,688,2.155563589863884,0.3622,0.996976837254215,0.08344906764864364,,,0.9633424230015736,,0.9633630063502189,0.036636993649781124,0.9869984088776534,0.09957625959112976,5,0.001,0.1,0.9735416089620732,0.9861722154919422,0.9909316538822711,0.9930895111456811,0.9956564257599771,0.9961297270202895,0.9966672985634402,0.996242707413147,1.0,0.9965952413041989,0.9934478677492962,0.994092726843137
2,9,2.022674683162144,0.514621344663834,4001,2.161225954691569,0.35082458770614694,667,2.155565600044811,0.362,0.9962591773881991,0.08325977120381449,,,0.9441273595028975,,0.9441480364581823,0.05585196354181765,0.9870011458655589,0.09957584944419104,5,0.001,0.1,0.9718205208939965,0.9843370720581082,0.9896767685461969,0.9917718323687394,0.9935838069780877,0.9946159627982853,0.9952678626815884,0.9969554227257079,0.9965952413041989,1.0,0.9957716567380077,0.9936216736137778
2,10,2.0221775279670466,0.4641810233993314,3889,2.150885809035528,0.36882716049382713,648,2.1555665232502994,0.3622,0.9945273787865665,0.08307231393140573,,,0.925098986329413,,0.9251215433834972,0.07487845661650283,0.9869935348264717,0.09957543436420631,5,0.001,0.1,0.9703463017947067,0.9821316301550095,0.9870890746846328,0.9905934584703141,0.9907014002651727,0.992413623548188,0.9932323278891378,0.9946744667283026,0.9934478677492962,0.9957716567380077,1.0,0.9929758214878704
2,11,2.0311031808372304,0.4864151938802427,3791,2.154418969154358,0.35443037974683544,632,2.155570897050559,0.3623,0.9938572633231483,0.0828991596291151,,,0.907522476022596,,0.9075448719807464,0.0924551280192536,0.9869542981970412,0.09957417848744265,5,0.001,0.1,0.9671828123128543,0.9806131100192248,0.9865680500081696,0.9886196605605418,0.9910357162325867,0.9939760252451237,0.9933423424454413,0.9932944076809987,0.994092726843137,0.9936216736137778,0.9929758214878704,1.0
3,0,1.4752717409152465,0.5922327733138544,8214,2.0782273702843246,0.4864864864864865,1369,2.076486536489127,0.4937,0.9886070908942202,0.08215141957965072,,,0.8,,0.800016431312282,0.19998356868771805,0.9934260680904793,0.09966164246954158,5,0.001,0.1,1.0,0.995258996378604,0.9926361282436298,0.989696287757732,0.987903932940005,0.9829753363781876,0.9834520500368111,0.9829500086480153,0.9796673108621102,0.9784248794898293,0.978113645705078,0.9749019775331605
3,1,1.5950993723082312,0.5860967447520535,6574,2.0640882560185023,0.5282846715328468,1096,2.0763544213657563,0.4937,0.995722884774576,0.08327397794355737,,,0.9461219854609073,,0.9461487903654517,0.05385120963454826,0.9935469858948993,0.09968383259813404,5,0.001,0.1,0.995258996378604,1.0,0.9970571781140478,0.9955883857070036,0.994208349995542,0.9925467595312407,0.9923145274089512,0.9918348280210236,0.9896019816984075,0.9884817172475767,0.9880618650858263,0.985959773467454
3,2,1.6662081889684688,0.5715372643956425,5783,2.0811337194135113,0.4678423236514523,964,2.0763517919059,0.4937,0.9978151238555246,0.08358033885229783,,,0.9860005928385875,,0.9860188863436464,0.013981113656353572,0.9935575700123803,0.09968427055248491,5,0.001,0.1,0.9926361282436298,0.9970571781140478,1.0,0.9970160928780785,0.9970937977617155,0.994588026361312,0.9952119926504921,0.9949806635503676,0.9934334500413186,0.9925188141662439,0.9909452443506256,0.9903771152615098
3,3,1.714596079631024,0.5525628901078116,5287,2.0772264088903154,0.49375709421112374,881,2.0763515717686176,0.4937,0.9986230266778792,0.08365088312060194,,,0.9951832499537238,,0.9951962575269908,0.004803742473009187,0.9935577330737593,0.09968428781072337,5,0.001,0.1,0.989696287757732,0.9955883857070036,0.9970160928780785,1.0,0.9970988570418263,0.9966932172004158,0.9973403323884026,0.9959467994327139,0.9952232562132158,0.9944266984835072,0.993793726969872,0.9926419414298888
3,4,1.7308130130460186,0.5718743667679838,4935,2.073333272567162,0.5,822,2.076351564913131,0.4937,0.9987435147987264,0.08368788701764124,,,0.9999999998698312,,1.0,0.0,0.9935577330420094,0.09968428782259058,5,0.001,0.1,0.987903932940005,0.994208349995542,0.9970937977617155,0.9970988570418263,1.0,0.9969615561847293,0.9972427739741968,0.9967075030687872,0.9966073768675341,0.9956524320847642,0.9937252043582431,0.9936719042689892
3,5,1.7800756302598404,0.5289907863724019,4667,2.0780160140991213,0.4832904884318766,778,2.076351809425476,0.4937,0.9984165225131377,0.08361374912836037,,,0.9903495657116453,,0.9903635186205431,0.00963648137945694,0.9935579369492474,0.09968428662125461,5,0.001,0.1,0.9829753363781876,0.9925467595312407,0.994588026361312,0.9966932172004158,0.9969615561847293,1.0,0.9980073656170554,0.9968400321397503,0.9969602488900579,0.9962178835647066,0.9950016620116091,0.9961103904626948
3,6,1.7857062179701668,0.5473164158993936,4453,2.066809078057607,0.49326145552560646,742,2.076351807140314,0.4937,0.9986700476020445,0.08361834035793468,,,0.9909472001889932,,0.9909627782449425,0.0090372217550575,0.9935579363130815,0.09968428663786813,5,0.001,0.1,0.9834520500368111,0.9923145274089512,0.9952119926504921,0.9973403323884026,0.9972427739741968,0.9980073656170554,1.0,0.997285958465384,0.9973211336711161,0.9966394413307815,0.9957203697068755,0.9953976572928429
3,7,1.816240142708394,0.5655833528173954,4277,2.0824348200922427,0.48807854137447404,713,2.076351923683581,0.4937,0.9983231501479229,0.08350084791375798,,,0.9756533591097576,,0.9756671596060351,0.024332840393964883,0.9935575336505179,0.09968422640559221,5,0.001,0.1,0.9829500086480153,0.9918348280210236,0.9949806635503676,0.9959467994327139,0.9967075030687872,0.9968400321397503,0.997285958465384,1.0,0.9969076651442126,0.9975554739501993,0.9959710604740442,0.9948158782666381
3,8,1.8410721929256733,0.5492855412932913,4129,2.0786671096628364,0.498546511627907,688,2.0763520615550277,0.4937,0.9977067621063354,0.08343279182959723,,,0.9667945857399218,,0.9668087491905162,0.03319125080948382,0.9935556531253834,0.09968417515976968,5,0.001,0.1,0.9796673108621102,0.9896019816984075,0.9934334500413186,0.9952232562132158,0.9966073768675341,0.9969602488900579,0.9973211336711161,0.9969076651442126,1.0,0.997614259288879,0.9952208683008766,0.99582105810154
3,9,1.8486505618171087,0.5524118970257436,4001,2.086065508070446,0.4752623688155922,667,2.0763553201961824,0.4937,0.9973084247820644,0.08330376332098122,,,0.9499991099176959,,0.95001498149061,0.04998501850938997,0.9935484008460601,0.09968383609723237,5,0.001,0.1,0.9784248794898293,0.9884817172475767,0.9925188141662439,0.9944266984835072,0.9956524320847642,0.9962178835647066,0.9966394413307815,0.9975554739501993,0.997614259288879,1.0,0.9966572667188075,0.9954280465869334
3,10,1.8522504185066848,0.5293905888403189,3889,2.0707359200432185,0.5077160493827161,648,2.0763569038135175,0.4938,0.9963256624286696,0.08315698782401103,,,0.9308935313358779,,0.9309159973323281,0.0690840026676719,0.9935493143043498,0.09968336539954403,5,0.001,0.1,0.978113645705078,0.9880618650858263,0.9909452443506256,0.993793726969872,0.9937252043582431,0.9950016620116091,0.9957203697068755,0.9959710604740442,0.9952208683008766,0.9966572667188075,1.0,0.9946853345364669
3,11,1.8654476285982533,0.5488261672381958,3791,2.0727932810783387,0.5,632,2.076365558484111,0.4939,0.9956532519454416,0.08302901311160844,,,0.9142352268179944,,0.9142575463218025,0.08574245367819755,0.9935369895695927,0.09968242490640869,5,0.001,0.1,0.9749019775331605,0.985959773467454,0.9903771152615098,0.9926419414298888,0.9936719042689892,0.9961103904626948,0.9953976572928429,0.9948158782666381,0.99582105810154,0.9954280465869334,0.9946853345364669,1.0
4,0,1.3418621230218197,0.6219625030435841,8214,1.9835514107415841,0.5522279035792549,1369,1.981079756642302,0.554,0.9898166151053889,0.0823699778898557,,,0.8,,0.800016431312282,0.19998356868771805,0.9963878398683274,0.09969940384389657,5,0.001,0.1,1.0,0.9955817250795089,0.992924640430226,0.9910133392869266,0.9886559376648926,0.985102479113937,0.985398138395688,0.9843870589506795,0.9818425043490555,0.9799006922838104,0.9815059971521746,0.9783935764341842
4,1,1.442704295475506,0.6160632795862488,6574,1.9644192627498083,0.5894160583941606,1096,1.9808726661121503,0.5542,0.9960886862062998,0.0832612913012639,,,0.9442441811308803,,0.9442640221919371,0.05573597780806294,0.9964722139520085,0.0997198376134618,5,0.001,0.1,0.9955817250795089,1.0,0.9970464208477254,0.9960329697076562,0.9943784020882662,0.9932047457919218,0.9927644131644373,0.9923819138253636,0.9905419365450275,0.9891387413445847,0.990316560073212,0.988236348662626
4,2,1.5049037152891,0.6070897458066747,5783,1.9872076588292276,0.520746887966805,964,1.98086873753764,0.5543,0.9979948641377914,0.08351082175117426,,,0.9846265146107198,,0.9846463884942153,0.015353611505784737,0.9964740083328746,0.09972029494538225,5,0.001,0.1,0.992924640430226,0.9970464208477254,1.0,0.997119735476223,0.9973160260039455,0.9950880046786919,0.9956933910737453,0.9952883904797575,0.9939838534274512,0.9929231049750282,0.9928327236308411,0.9921475056472902
4,3,1.5484994002853532,0.5888405522980896,5287,1.9819199059690749,0.5550510783200908,881,1.9808685033085247,0.5543,0.9985741668369513,0.08357281313183584,,,0.9946587836490318,,0.9946743217250945,0.005325678274905488,0.9964739436760647,0.0997203043694846,5,0.001,0.1,0.9910133392869266,0.9960329697076562,0.997119735476223,1.0,0.9970989011288286,0.996692133099748,0.9970498100959208,0.9960925516682059,0.9953196379795712,0.9942843738991408,0.9949941284816011,0.993566050111861
4,4,1.558574942004296,0.60774062816616,4935,1.9773661815203154,0.5571776155717761,822,1.9808685040702454,0.5543,0.9988931180684857,0.08360581756629748,,,0.9999999998381667,,1.0,0.0,0.996473944565276,0.09972030438184681,5,0.001,0.1,0.9886559376648926,0.9943784020882662,0.9973160260039455,0.9970989011288286,1.0,0.9972876807039337,0.9976029070259524,0.9970333138827863,0.996687307105186,0.9959076029875717,0.9957039068836124,0.9953731299271856
4,5,1.6097574631645255,0.5795586029569316,4667,1.9832702827453614,0.5347043701799485,778,1.9808688521766054,0.5543,0.9985132188106621,0.0835480606158242,,,0.9906530025653758,,0.9906679811716492,0.009332018828350774,0.9964738006763274,0.09972030149882863,5,0.001,0.1,0.985102479113937,0.9932047457919218,0.9950880046786919,0.996692133099748,0.9972876807039337,1.0,0.9977678641108425,0.9970839631138406,0.9967781887558492,0.996249737541955,0.9963194430010947,0.9968903581558377
4,6,1.6108616892780576,0.5931731417022232,4453,1.970255047082901,0.5700808625336927,742,1.9808688487488622,0.5543,0.9987740612285473,0.08355930108564412,,,0.9924720847691747,,0.99248992373938,0.007510076260619947,0.9964737995597377,0.09972030153692774,5,0.001,0.1,0.985398138395688,0.9927644131644373,0.9956933910737453,0.9970498100959208,0.9976029070259524,0.9977678641108425,1.0,0.997710274808507,0.9973873830637043,0.996901112285558,0.9968504057237815,0.996457297681247
4,7,1.6414148580672137,0.596913724573299,4277,1.986752318299335,0.5596072931276297,713,1.9808690208977404,0.5543,0.9984072172326449,0.08347536466793216,,,0.9788883782020404,,0.9789002619344487,0.02109973806555132,0.9964725953324837,0.0997202746914188,5,0.001,0.1,0.9843870589506795,0.9923819138253636,0.9952883904797575,0.9960925516682059,0.9970333138827863,0.9970839631138406,0.997710274808507,1.0,0.9971028738276053,0.9973235450230319,0.9968333559720414,0.9959527396566775
4,8,1.6726124297655545,0.5863405182852991,4129,1.9829391241073608,0.559593023255814,688,1.9808694280374546,0.5543,0.9978728448204733,0.08341635090424845,,,0.969337986713418,,0.9693604353331207,0.030639564666879338,0.9964725855838303,0.09972023409085838,5,0.001,0.1,0.9818425043490555,0.9905419365450275,0.9939838534274512,0.9953196379795712,0.996687307105186,0.9967781887558492,0.9973873830637043,0.9971028738276053,1.0,0.998035704240492,0.9968933107931429,0.9961994115766186
4,9,1.677624928005158,0.589502624343914,4001,1.9950921762557257,0.52023988005997,667,1.980872882440829,0.5542,0.9973089480343243,0.08331897284218057,,,0.9535789746270827,,0.9536057064981007,0.046394293501899275,0.9964733789070455,0.09972005162175436,5,0.001,0.1,0.9799006922838104,0.9891387413445847,0.9929231049750282,0.9942843738991408,0.9959076029875717,0.996249737541955,0.996901112285558,0.9973235450230319,0.998035704240492,1.0,0.9971316036131702,0.996216530857222
4,10,1.6789462925957852,0.5708408331190538,3889,1.9742145992460705,0.5555555555555556,648,1.9808768140622222,0.5543,0.9974434422085156,0.08323325901386595,,,0.9397076238557526,,0.9397357458365955,0.06026425416340453,0.9964659731499614,0.09971982949056574,5,0.001,0.1,0.9815059971521746,0.990316560073212,0.9928327236308411,0.9949941284816011,0.9957039068836124,0.9963194430010947,0.9968504057237815,0.9968333559720414,0.9968933107931429,0.9971316036131702,1.0,0.9962703027997688
4,11,1.6933243076340492,0.5896597203903983,3791,1.9742590546607972,0.5712025316455697,632,1.9808884070704158,0.5543,0.9966145265262709,0.0831279692298772,,,0.9226682317872426,,0.9226906757135539,0.0773093242864461,0.9964652889946412,0.09971893450541092,5,0.001,0.1,0.9783935764341842,0.988236348662626,0.9921475056472902,0.993566050111861,0.9953731299271856,0.9968903581558377,0.996457297681247,0.9959527396566775,0.9961994115766186,0.996216530857222,0.9962703027997688,1.0
5,0,1.238349145071052,0.6400779157535914,8214,1.8742044221523195,0.587289992695398,1369,1.8708094663132493,0.5846,0.9903997209932405,0.08252108892109086,,,0.8,,0.800016431312282,0.19998356868771805,0.9977887020410772,0.09970618671597473,5,0.001,0.1,1.0,0.9953117655684565,0.992906111365378,0.9913661407814631,0.9887801896088355,0.9860472003695075,0.9860996457681123,0.9850501124755917,0.9827155178205219,0.9819859163669525,0.9828097062426797,0.9792397664947984
5,1,1.320974586831713,0.6369029510191664,6574,1.8492320605686732,0.6113138686131386,1096,1.8705256644148416,0.5846,0.9962284254889492,0.08325618339372265,,,0.9436090415012218,,0.9436309333951924,0.05636906660480756,0.9978293334856385,0.09972533047184218,5,0.001,0.1,0.9953117655684565,1.0,0.9967184781743303,0.9959087663961005,0.994135455425354,0.9935537500836125,0.9929177283965637,0.9924681733314156,0.9910880387606303,0.9902745594171617,0.9909324229531613,0.9886422489981562
5,2,1.3745901637314433,0.6251426595192806,5783,1.8784468173980713,0.553941908713693,964,1.870519799927172,0.5847,0.998084347990921,0.08346921676157594,,,0.9852275257970665,,0.9852456481186147,0.014754351881385297,0.9978323820182613,0.09972570953471405,5,0.001,0.1,0.992906111365378,0.9967184781743303,1.0,0.997046626167187,0.9969695308976242,0.9954043224942418,0.9958520614600164,0.9953447029347935,0.9944238538604688,0.993578005456788,0.9934664733269376,0.9923929351463626
5,3,1.4131810739097825,0.611764705882353,5287,1.871849694422313,0.5811577752553916,881,1.8705194674360865,0.5847,0.998474380456435,0.08351984709292792,,,0.9951187351953852,,0.9951334319212071,0.004866568078792932,0.997832505510839,0.09972571182302946,5,0.001,0.1,0.9913661407814631,0.9959087663961005,0.997046626167187,1.0,0.9968560553054132,0.996636402429798,0.9966350215143901,0.9960260050786145,0.995441025479281,0.9945599387972132,0.9947588295063228,0.993512520978007
5,4,1.4174665484889861,0.6267071935157041,4935,1.866692726428692,0.5888077858880778,822,1.8705194624849022,0.5847,0.9986210319178663,0.08354483291969904,,,0.9999999998046387,,1.0,0.0,0.9978325015110886,0.09972571183671816,5,0.001,0.1,0.9887801896088355,0.994135455425354,0.9969695308976242,0.9968560553054132,1.0,0.996964474265573,0.9970252121748744,0.9966650058972675,0.9965603070351011,0.9959169531739331,0.9953540915033219,0.9952436462235873
5,5,1.4665814010247793,0.6072851939147204,4667,1.8740757513046264,0.5604113110539846,778,1.8705198962848408,0.5847,0.9985687799659879,0.08350770841368971,,,0.992747306548602,,0.9927605571181412,0.0072394428818588485,0.9978325535153711,0.09972571152661448,5,0.001,0.1,0.9860472003695075,0.9935537500836125,0.9954043224942418,0.996636402429798,0.996964474265573,1.0,0.9975067236191265,0.9970116536586372,0.9968767436748378,0.9964910321925219,0.9965671718453667,0.9967632038709316
5,6,1.4647150822196688,0.6194026498989446,4453,1.858981932202975,0.5822102425876011,742,1.8705198932379579,0.5847,0.9986412198785266,0.08351694434161643,,,0.9945516498082945,,0.9945680014691526,0.005431998530847415,0.9978325510723333,0.09972571181778374,5,0.001,0.1,0.9860996457681123,0.9929177283965637,0.9958520614600164,0.9966350215143901,0.9970252121748744,0.9975067236191265,1.0,0.99745574126878,0.9973563822870085,0.9966573977342975,0.9969997824908745,0.996180324778873
5,7,1.4901305421964446,0.6124853869534721,4277,1.8759305373482082,0.6072931276297335,713,1.870519907329791,0.5847,0.9983401065212242,0.08345572090284513,,,0.9825909567454333,,0.9826021399367878,0.0173978600632122,0.9978325661072494,0.09972570930161251,5,0.001,0.1,0.9850501124755917,0.9924681733314156,0.9953447029347935,0.9960260050786145,0.9966650058972675,0.9970116536586372,0.99745574126878,1.0,0.9972563280630423,0.9972658898117905,0.9966168916656701,0.9959164880141906
5,8,1.520165628699156,0.6106563332526035,4129,1.8724392164837231,0.5872093023255814,688,1.8705204272041687,0.5846,0.997925045530442,0.08340610927568994,,,0.9728987627644806,,0.9729221639071728,0.027077836092827212,0.9978322438164889,0.09972570117571089,5,0.001,0.1,0.9827155178205219,0.9910880387606303,0.9944238538604688,0.995441025479281,0.9965603070351011,0.9968767436748378,0.9973563822870085,0.9972563280630423,1.0,0.9973869942641447,0.9965113048321426,0.9964730539463177
5,9,1.5290273249149322,0.6084978755311172,4001,1.8895483300799416,0.5622188905547226,667,1.870524426618704,0.5846,0.9975469189467515,0.08333415168013844,,,0.9588410304448703,,0.958863726428316,0.041136273571684034,0.9978294535061912,0.09972560902067815,5,0.001,0.1,0.9819859163669525,0.9902745594171617,0.993578005456788,0.9945599387972132,0.9959169531739331,0.9964910321925219,0.9966573977342975,0.9972658898117905,0.9973869942641447,1.0,0.9973151839641148,0.9961359664343863
5,10,1.524918889706252,0.5991771663666753,3889,1.86260648000808,0.5879629629629629,648,1.870531116811612,0.5847,0.9975287180975296,0.08328097363903067,,,0.9484520970536858,,0.9484781705183596,0.05152182948164041,0.9978282943292898,0.09972542652335585,5,0.001,0.1,0.9828097062426797,0.9909324229531613,0.9934664733269376,0.9947588295063228,0.9953540915033219,0.9965671718453667,0.9969997824908745,0.9966168916656701,0.9965113048321426,0.9973151839641148,1.0,0.9960331289655332
5,11,1.5399670222226312,0.613030862569243,3791,1.8603566884994507,0.6028481012658228,632,1.8705493040359058,0.5847,0.9966260387940622,0.08318722265797336,,,0.9301367797295911,,0.9301572573240158,0.06984274267598423,0.9978137595762296,0.09972470946826857,5,0.001,0.1,0.9792397664947984,0.9886422489981562,0.9923929351463626,0.993512520978007,0.9952436462235873,0.9967632038709316,0.996180324778873,0.9959164880141906,0.9964730539463177,0.9961359664343863,0.9960331289655332,1.0
6,0,1.1548581479124522,0.6552714877039202,8214,1.753124006958895,0.6048210372534697,1369,1.74865260177527,0.6032,0.9905529841808143,0.08262196354923167,,,1.0,,1.0,0.0,0.9982540104521396,0.09971552065537374,5,0.001,0.1,1.0,0.9948822947950552,0.9926242029109063,0.9914512833860952,0.9885491442302065,0.9863997446549282,0.9860258273942114,0.9849351914172216,0.9834204695718821,0.9816602049924467,0.983469335419877,0.9795081528667179
6,1,1.2230771027722405,0.6539093398235473,6574,1.7220060552869525,0.6313868613138686,1096,1.7483565799725322,0.6032,0.9958630054517337,0.08324448348227277,,,1.0,,1.0,0.0,0.9984421459910219,0.09971552065537374,5,0.001,0.1,0.9948822947950552,1.0,0.9959930060737244,0.9953888293236,0.9934685003624332,0.9930960030091662,0.9920361363530525,0.9916805438776856,0.990891593657827,0.9896272705878466,0.9909763671940821,0.9883287736830468
6,2,1.2683400892421026,0.6413280304340307,5783,1.7580932148041264,0.5684647302904564,964,1.7483514646371714,0.6032,0.9979000382859573,0.08344097995421074,,,1.0,,1.0,0.0,0.998444753120239,0.09971552065537374,5,0.001,0.1,0.9926242029109063,0.9959930060737244,1.0,0.9967017682394165,0.996812658751118,0.9951134602146433,0.9951704069668433,0.9946806986038862,0.9945344730141278,0.9932219619205074,0.9934418112262408,0.9923959765413675
6,3,1.3021599506039216,0.6304520522035181,5287,1.7502295076847076,0.5947786606129398,881,1.7483511119604873,0.6032,0.998203269567008,0.08348183820205114,,,1.0,,1.0,0.0,0.9984447304468433,0.09971552065537374,5,0.001,0.1,0.9914512833860952,0.9953888293236,0.9967017682394165,1.0,0.9964610509700488,0.9961286829657885,0.9959419327446001,0.9951382062065779,0.9948639987407434,0.9943347055562474,0.9947855015419265,0.9931070823396683
6,4,1.300805995541234,0.648145896656535,4935,1.7440744455044086,0.6192214111922141,822,1.7483511184351133,0.6032,0.9986803029052856,0.08351257419512453,,,1.0,,1.0,0.0,0.9984447338241267,0.09971552065537374,5,0.001,0.1,0.9885491442302065,0.9934685003624332,0.996812658751118,0.9964610509700488,1.0,0.9968086070905885,0.9969985091982178,0.9964363704871528,0.996880939267231,0.9961543357039829,0.9962005347047139,0.9952063330123553
6,5,1.3475019544771274,0.6281551317763017,4667,1.7531436491012573,0.583547557840617,778,1.7483516009851767,0.6032,0.9983594228398492,0.08347943291373029,,,1.0,,1.0,0.0,0.9984447042026539,0.09971552065537374,5,0.001,0.1,0.9863997446549282,0.9930960030091662,0.9951134602146433,0.9961286829657885,0.9968086070905885,1.0,0.9966648603220675,0.9963925749043807,0.9964795200146859,0.9962463749563213,0.9963494505903991,0.9964451548955218
6,6,1.3409552188430514,0.6403323602066023,4453,1.7359149952729542,0.605121293800539,742,1.7483516055555008,0.6032,0.9983428492560382,0.08348456467656311,,,1.0,,1.0,0.0,0.9984447289042976,0.09971552065537374,5,0.001,0.1,0.9860258273942114,0.9920361363530525,0.9951704069668433,0.9959419327446001,0.9969985091982178,0.9966648603220675,1.0,0.9970020741847145,0.9968665839908426,0.996495343257014,0.9969613394116489,0.9957558906918421
6,7,1.3631625243976935,0.6324994154781389,4277,1.7533076016799263,0.6171107994389902,713,1.7483512544022581,0.6032,0.9980445179503491,0.08343736494286834,,,1.0,,1.0,0.0,0.9984447521467593,0.09971552065537374,5,0.001,0.1,0.9849351914172216,0.9916805438776856,0.9946806986038862,0.9951382062065779,0.9964363704871528,0.9963925749043807,0.9970020741847145,1.0,0.9970824592100448,0.9968542043034403,0.9967936790349072,0.9953479342149721
6,8,1.3951027591411884,0.622668927100993,4129,1.7500766569917852,0.5930232558139535,688,1.7483520389745792,0.6032,0.9980138182372477,0.08340593280776176,,,1.0,,1.0,0.0,0.9984446781109335,0.09971552065537374,5,0.001,0.1,0.9834204695718821,0.990891593657827,0.9945344730141278,0.9948639987407434,0.996880939267231,0.9964795200146859,0.9968665839908426,0.9970824592100448,1.0,0.9976030177485217,0.9969043967387363,0.9964371918391489
6,9,1.3953310864312307,0.6220944763809048,4001,1.7722998062769573,0.5862068965517241,667,1.7483557180855602,0.6032,0.9974707710057518,0.08334424401930024,,,1.0,,1.0,0.0,0.9984441220176072,0.09971552065537374,5,0.001,0.1,0.9816602049924467,0.9896272705878466,0.9932219619205074,0.9943347055562474,0.9961543357039829,0.9962463749563213,0.996495343257014,0.9968542043034403,0.9976030177485217,1.0,0.9971543473436868,0.9961049756939795
6,10,1.3932157543839,0.6266392388788892,3889,1.7388319401513963,0.6064814814814815,648,1.7483636239847056,0.6032,0.9977759731524354,0.08332147111969006,,,1.0,,1.0,0.0,0.9984430519058933,0.09971552065537374,5,0.001,0.1,0.983469335419877,0.9909763671940821,0.9934418112262408,0.9947855015419265,0.9962005347047139,0.9963494505903991,0.9969613394116489,0.9967936790349072,0.9969043967387363,0.9971543473436868,1.0,0.9960906307810811
6,11,1.4077101420955498,0.6340279609601688,3791,1.734119898080826,0.6265822784810127,632,1.7483825321776418,0.6032,0.996574587290863,0.08322515013719535,,,1.0,,1.0,0.0,0.9984391009365237,0.09971552065537374,5,0.001,0.1,0.9795081528667179,0.9883287736830468,0.9923959765413675,0.9931070823396683,0.9952063330123553,0.9964451548955218,0.9957558906918421,0.9953479342149721,0.9964371918391489,0.9961049756939795,0.9960906307810811,1.0
