round,client_id,client_i_training_loss,client_i_training_accuracy,client_i_training_dataset_size,client_i_evaluation_loss,client_i_evaluation_accuracy,client_i_evaluation_dataset_size,client_i_central_evaluation_loss,client_i_central_evaluation_accuracy,client_i_cosine_similarity,client_i_importance_coefficient,client_i_tanh_val,tanh_normalization_value,client_i_q,client_i_mask_order,client_i_v_nonzero_fraction,client_i_v_sparsity,client_i_v_cosine_similarity,client_i_reward_gradient_norm,local_epochs,learning_rate,gamma,client_0_cosine_similarity,client_1_cosine_similarity,client_2_cosine_similarity,client_3_cosine_similarity,client_4_cosine_similarity,client_5_cosine_similarity,client_6_cosine_similarity,client_7_cosine_similarity,client_8_cosine_similarity,client_9_cosine_similarity,client_10_cosine_similarity,client_11_cosine_similarity
0,0,2.288016963446582,0.1520964207450694,6845,2.2990910356695,0.11029948867786706,1369,2.299300365810153,0.1101,0.8713525500886685,0.07978053880269073,,,0.55,,0.5500404350481095,0.4499595649518905,0,0.13568762419229707,10,0.025,0.15,1.0,0.8866110220486408,0.7725652569385215,0.8101957231547061,0.7675811694460573,0.74556783843083,0.6829528290019339,0.7197345767105837,0.7291235672484512,0.7588179998917373,0.6941878792886954,0.6963719053932337
0,1,2.295323852605598,0.1290799561883899,5478,2.300763395097521,0.1031021897810219,1096,2.2992432509796528,0.11,0.9224420589772218,0.08445826488024552,,,0.8234461575006518,,0.8234968889769108,0.17650311102308924,0,0.13644172355099682,10,0.025,0.15,0.8866110220486408,1.0,0.8026035493088396,0.8767825391641351,0.8262673353778424,0.8247491850230577,0.7273089692695623,0.7907905859794774,0.7776245496149111,0.8352340060274369,0.8199470781704267,0.7738108039556618
0,2,2.298515078268553,0.1517427385892116,4820,2.297473758459091,0.12344398340248963,964,2.2992425477957426,0.11,0.9333637420498134,0.08545824790671962,,,0.8819022345820509,,0.88194616362166,0.11805383637834,0,0.13645281734562595,10,0.025,0.15,0.7725652569385215,0.8026035493088396,1.0,0.8472594595605814,0.8924856432151732,0.8900748614222629,0.8936601263441566,0.8066549517529341,0.8329530094523988,0.8267613798446323,0.7809987985887317,0.8692007383599268
0,3,2.298853077888489,0.10739900136177939,4406,2.3010497093200684,0.1282633371169126,881,2.2992424723468248,0.11,0.9498235512039599,0.08696529857498661,,,0.969999999941543,,0.9700285520951957,0.029971447904804327,0,0.13647477489183038,10,0.025,0.15,0.8101957231547061,0.8767825391641351,0.8472594595605814,1.0,0.8853061589379488,0.8302642912679511,0.8347374828969479,0.8646984735508058,0.8550326939977259,0.9022729735067059,0.8631464181845274,0.8147634587119852
0,4,2.2992500883160214,0.1256079766536965,4112,2.301243918282645,0.09610705596107055,822,2.2992426956756207,0.11,0.9369071209570656,0.08578267764342483,,,0.9008674461848993,,0.9009176280305656,0.09908237196943437,0,0.13647255544315848,10,0.025,0.15,0.7675811694460573,0.8262673353778424,0.8924856432151732,0.8853061589379488,1.0,0.8710631497358541,0.8404034813638577,0.8540980598014082,0.8174612288106068,0.8173723178527394,0.8404441438655513,0.8592605460074958
0,5,2.2992127180099486,0.11887374646438673,3889,2.299463782991682,0.11311053984575835,778,2.2992482396620737,0.1099,0.9145491748930029,0.08373559694878417,,,0.7812011081474523,,0.7812381376772128,0.21876186232278716,0,0.1363772193237062,10,0.025,0.15,0.74556783843083,0.8247491850230577,0.8900748614222629,0.8302642912679511,0.8710631497358541,1.0,0.8351415969987884,0.8355455454449581,0.7500672438039656,0.810984702898843,0.8069218680147717,0.8188296046218385
0,6,2.3008273864614552,0.12430611694960927,3711,2.2979111671447754,0.11994609164420485,742,2.29925276659712,0.1099,0.8957720945609594,0.08201637826298426,,,0.6807006222829506,,0.6807281609479956,0.3192718390520044,0,0.1362078572998791,10,0.025,0.15,0.6829528290019339,0.7273089692695623,0.8936601263441566,0.8347374828969479,0.8404034813638577,0.8351415969987884,1.0,0.8566397269785022,0.7747970813364717,0.8094040152641279,0.8327124754798518,0.8150349299098258
0,7,2.300300609213965,0.10670594837261504,3564,2.2973570823669434,0.10659186535764376,713,2.2992529114590416,0.11,0.9018213711372071,0.08257024655036166,,,0.7130781391434475,,0.713109207638098,0.28689079236190196,0,0.13632465661587642,10,0.025,0.15,0.7197345767105837,0.7907905859794774,0.8066549517529341,0.8646984735508058,0.8540980598014082,0.8355455454449581,0.8566397269785022,1.0,0.7233929480157819,0.7944114284817433,0.9011837341821256,0.7932455076732324
0,8,2.298737072061609,0.11891891891891893,3441,2.298814813296,0.10901162790697674,688,2.2992607913439786,0.1099,0.886168316863139,0.08113706189534936,,,0.6292983644399939,,0.6293508936970837,0.37064910630291625,0,0.13610668489618122,10,0.025,0.15,0.7291235672484512,0.7776245496149111,0.8329530094523988,0.8550326939977259,0.8174612288106068,0.7500672438039656,0.7747970813364717,0.7233929480157819,1.0,0.898104342138461,0.7301126704795515,0.8695828486642762
0,9,2.2991406590850265,0.10821835632873425,3334,2.3013539711634317,0.09145427286356822,667,2.299247596837297,0.1099,0.9160455681975948,0.0838726058599177,,,0.7892102475608473,,0.7892508788433926,0.21074912115660738,0,0.1363814160181289,10,0.025,0.15,0.7588179998917373,0.8352340060274369,0.8267613798446323,0.9022729735067059,0.8173723178527394,0.810984702898843,0.8094040152641279,0.7944114284817433,0.898104342138461,1.0,0.7905731627134013,0.8249156132493124
0,10,2.3004837861427894,0.10792965134217834,3241,2.295053005218506,0.11265432098765432,648,2.2992538681513146,0.1099,0.8943148208177766,0.08188295111641505,,,0.6729008623289222,,0.6729382251489495,0.3270617748510505,0,0.13619586257899052,10,0.025,0.15,0.6941878792886954,0.8199470781704267,0.7809987985887317,0.8631464181845274,0.8404441438655513,0.8069218680147717,0.8327124754798518,0.9011837341821256,0.7301126704795515,0.7905731627134013,1.0,0.8192069024030963
0,11,2.3002178363800048,0.12744539411206077,3159,2.2995198726654054,0.10284810126582279,632,2.2992506992967825,0.1099,0.8993080854623775,0.08234013155812048,,,0.6996262910941201,,0.6996666171543628,0.30033338284563715,0,0.13623433022822373,10,0.025,0.15,0.6963719053932337,0.7738108039556618,0.8692007383599268,0.8147634587119852,0.8592605460074958,0.8188296046218385,0.8150349299098258,0.7932455076732324,0.8695828486642762,0.8249156132493124,0.8192069024030963,1.0
1,0,2.1629962786480235,0.22010226442658876,6845,2.291624589399858,0.17677136596055515,1369,2.2917247754109056,0.1727,0.8926461053360398,0.0787952592961938,,,0.55,,0.5500404350481095,0.4499595649518905,0.7966854161319676,0.1440013030811435,10,0.025,0.15,1.0,0.9532417099385471,0.9075738410639526,0.8809149938858771,0.86987266362385,0.8495222030004428,0.8257367725979666,0.8291366602395425,0.8046137181254414,0.8208655064200716,0.7917210898433849,0.7936820809515808
1,1,2.217835362012996,0.18943044906900328,5478,2.2932382424672446,0.16149635036496351,1096,2.2915486082246033,0.1723,0.940821921241167,0.08327904676790397,,,0.8006269359309315,,0.8006799689722897,0.19932003102771034,0.8033457963380936,0.1445889568745555,10,0.025,0.15,0.9532417099385471,1.0,0.9490036515127416,0.9342950129594837,0.9211720124753606,0.9074335340722509,0.8756846324400912,0.8873475257241811,0.8611059474123268,0.879758631460553,0.859026297173392,0.85275108979458
1,2,2.2524495024430125,0.18653526970954357,4820,2.2901857793331146,0.16804979253112035,964,2.291541066350816,0.1723,0.9783096895749054,0.08512707942779921,,,0.9039250440531645,,0.9039626347147266,0.0960373652852734,0.8033512133233128,0.14462706063050612,10,0.025,0.15,0.9075738410639526,0.9490036515127416,1.0,0.9721074801142389,0.9682442862506947,0.9610303054754218,0.9442017559770854,0.9391916815470024,0.9283337822314836,0.9239626998723159,0.9054907690561896,0.9141745606505299
1,3,2.261401459148952,0.1571947344530186,4406,2.292654275894165,0.18274687854710556,881,2.2915409426145916,0.1723,0.9858080971593697,0.08630917926202948,,,0.9699999999441037,,0.9700285520951957,0.029971447904804327,0.8032840086195417,0.14463363175931676,10,0.025,0.15,0.8809149938858771,0.9342950129594837,0.9721074801142389,1.0,0.9751075148570055,0.9693444296346732,0.9492838537824361,0.9569330960839705,0.9469674682138032,0.9491250574429201,0.9386865951118785,0.9269276771905407
1,4,2.2652973153374414,0.19299610894941635,4112,2.294034378869193,0.15693430656934307,822,2.2915417423731164,0.1723,0.9815769820858761,0.08543563721878618,,,0.9211722695741337,,0.921217672591639,0.078782327408361,0.8032395531472473,0.14462865086161183,10,0.025,0.15,0.86987266362385,0.9211720124753606,0.9682442862506947,0.9751075148570055,1.0,0.9698487874778511,0.9448081577973406,0.9576219288752488,0.9458364233207782,0.9395984402275945,0.9294867632573295,0.9291284563429801
1,5,2.270116723737409,0.21133967600925688,3889,2.292811325618199,0.16580976863753213,778,2.29155090488965,0.1724,0.9820504768564229,0.08417866174769568,,,0.8509120458575996,,0.850959713488802,0.14904028651119805,0.8026034471810334,0.14461412005332613,10,0.025,0.15,0.8495222030004428,0.9074335340722509,0.9610303054754218,0.9693444296346732,0.9698487874778511,1.0,0.9569081486766411,0.9639697032382146,0.9508857711113939,0.9449420357050584,0.942506533712427,0.9410224872410163
1,6,2.2837857739678746,0.18517919698194557,3711,2.2899855375289917,0.19137466307277629,742,2.2915698154063167,0.1721,0.9719272513670625,0.08277880513366677,,,0.7726653010842797,,0.7727055173210543,0.2272944826789457,0.8013077347404169,0.14457150837577679,10,0.025,0.15,0.8257367725979666,0.8756846324400912,0.9442017559770854,0.9492838537824361,0.9448081577973406,0.9569081486766411,1.0,0.9590449700011058,0.9495569256735017,0.943671927137445,0.9481646779310405,0.9456438825471608
1,7,2.2824010176318033,0.163327721661055,3564,2.2895047267278037,0.1879382889200561,713,2.291562517987022,0.1722,0.976988840831298,0.0832886839079142,,,0.8011656159837084,,0.8011998481622683,0.1988001518377317,0.8023103639324317,0.144589340679899,10,0.025,0.15,0.8291366602395425,0.8873475257241811,0.9391916815470024,0.9569330960839705,0.9576219288752488,0.9639697032382146,0.9590449700011058,1.0,0.9513487528861988,0.9489017407133155,0.9653312762387093,0.9418099510452584
1,8,2.277393847924692,0.15071200232490556,3441,2.291763186454773,0.15261627906976744,688,2.2915921935552284,0.1722,0.9681922673848289,0.0821100286688544,,,0.7352832000689713,,0.7353237279463947,0.26467627205360533,0.800478136920205,0.1445349276607653,10,0.025,0.15,0.8046137181254414,0.8611059474123268,0.9283337822314836,0.9469674682138032,0.9458364233207782,0.9508857711113939,0.9495569256735017,0.9513487528861988,1.0,0.9644396421223128,0.9384780105523388,0.9580299542263783
1,9,2.2799091701154355,0.16064787042591483,3334,2.292722781499227,0.16041979010494753,667,2.291550844530516,0.1724,0.9683967918413425,0.08381713515313423,,,0.8307040624899307,,0.8307421894340744,0.1692578105659256,0.8026105079706127,0.14460723678653464,10,0.025,0.15,0.8208655064200716,0.879758631460553,0.9239626998723159,0.9491250574429201,0.9395984402275945,0.9449420357050584,0.943671927137445,0.9489017407133155,0.9644396421223128,1.0,0.9359946729481289,0.9499508247015852
1,10,2.285197953077463,0.16760259179265657,3241,2.2876073122024536,0.17901234567901234,648,2.291575836229928,0.1722,0.9598626747897753,0.08230116434269234,,,0.7459669687764175,,0.7460018814675446,0.25399811853245535,0.8011916754909275,0.14454495298130907,10,0.025,0.15,0.7917210898433849,0.859026297173392,0.9054907690561896,0.9386865951118785,0.9294867632573295,0.942506533712427,0.9481646779310405,0.9653312762387093,0.9384780105523388,0.9359946729481289,1.0,0.9489039385613148
1,11,2.28411480140686,0.15900601456157012,3159,2.2914549350738525,0.18037974683544303,632,2.2915664202050317,0.1722,0.9596783960736706,0.08257931907332978,,,0.7615147770287489,,0.761556996913733,0.23844300308626698,0.8015797843358825,0.14456325982231358,10,0.025,0.15,0.7936820809515808,0.85275108979458,0.9141745606505299,0.9269276771905407,0.9291284563429801,0.9410224872410163,0.9456438825471608,0.9418099510452584,0.9580299542263783,0.9499508247015852,0.9489039385613148,1.0
2,0,2.0510324707737677,0.2647772096420745,6845,2.279927817257968,0.20672023374726078,1369,2.27983668786061,0.2114,0.9087036221665367,0.07847861683503188,,,0.55,,0.5500404350481095,0.4499595649518905,0.9279867789578309,0.14496167485199563,10,0.025,0.15,1.0,0.9540957248505461,0.9260074808882309,0.9079952923417904,0.893249862345636,0.8857622135457865,0.8607417613535367,0.8541496746833729,0.8403583014507549,0.8410895546815415,0.8196350743306774,0.8148549698146375
2,1,2.0984644271606623,0.2448338809784593,5478,2.28118724293179,0.20802919708029197,1096,2.279451765591585,0.2141,0.9587875618429046,0.08289137178732255,,,0.8088376025658838,,0.8088825073030648,0.19111749269693523,0.9314016439200555,0.145690868934429,10,0.025,0.15,0.9540957248505461,1.0,0.965075385440601,0.9539647027681831,0.9469173931090155,0.941736151791085,0.9172926933485798,0.9185319875107658,0.9050813492281303,0.90503626534358,0.8885769671760293,0.8811846533491113
2,2,2.144731911232597,0.2250414937759336,4820,2.2785557210445404,0.21991701244813278,964,2.2794320824780043,0.2139,0.9796747173509305,0.08471810726703877,,,0.9159878606708213,,0.9160271327424865,0.08397286725751352,0.9315744267309831,0.1457442718721444,10,0.025,0.15,0.9260074808882309,0.965075385440601,1.0,0.9721945385859593,0.9697393487145437,0.9638896876347686,0.9536983533708562,0.9507707782560917,0.9413619184526929,0.9356032070845053,0.9197576174777728,0.9205426930578333
2,3,2.1578739265033176,0.22283250113481615,4406,2.279653549194336,0.21679909194097616,881,2.279433878162239,0.214,0.9854431025076253,0.08563892531158522,,,0.9699999999413432,,0.9700285520951957,0.029971447904804327,0.9316923089901111,0.14575111118411085,10,0.025,0.15,0.9079952923417904,0.9539647027681831,0.9721945385859593,1.0,0.9690830868660155,0.9737622127220181,0.9641338777314231,0.9606620383732415,0.9545783600648298,0.948735179275233,0.9440299103675057,0.9359279734802551
2,4,2.1634808865460484,0.22465953307392997,4112,2.2826828956604004,0.20194647201946472,822,2.279434460627882,0.214,0.9829651327816908,0.08501668229025078,,,0.9335012834712721,,0.9335462362397056,0.06645376376029444,0.9316002500636783,0.14574559800626785,10,0.025,0.15,0.893249862345636,0.9469173931090155,0.9697393487145437,0.9690830868660155,1.0,0.969045828353297,0.9624411402443017,0.9691920078292903,0.9545426369341988,0.950801198525389,0.935617894042129,0.9350290624543053
2,5,2.1704185324330485,0.23939316019542298,3889,2.282070125852312,0.2043701799485861,778,2.279446441915971,0.2138,0.98646720381501,0.08435186329751676,,,0.8945052014136878,,0.8945470449406677,0.10545295505933228,0.9315779229208674,0.14574175797971423,10,0.025,0.15,0.8857622135457865,0.941736151791085,0.9638896876347686,0.9737622127220181,0.969045828353297,1.0,0.9715030585556876,0.9667640544330143,0.964340197817356,0.9535935880556597,0.9550064727187556,0.951682529264766
2,6,2.205356011308473,0.2141740770681757,3711,2.2775259812672934,0.2371967654986523,742,2.279484003405028,0.2146,0.9834087682671332,0.08338448193143634,,,0.8377618117919312,,0.8378059447772771,0.1621940552227229,0.9312141730027181,0.14571615223480155,10,0.025,0.15,0.8607417613535367,0.9172926933485798,0.9536983533708562,0.9641338777314231,0.9624411402443017,0.9715030585556876,1.0,0.9717525243649521,0.9722229535004263,0.9605929135578128,0.9650251507185443,0.9621464889449478
2,7,2.2000567180769783,0.21655443322109988,3564,2.276788274447123,0.2370266479663394,713,2.279467184332353,0.214,0.982955106962169,0.08368569992350026,,,0.8554302623989749,,0.8554653331352842,0.14453466686471583,0.9313628023494518,0.14572177944663656,10,0.025,0.15,0.8541496746833729,0.9185319875107658,0.9507707782560917,0.9606620383732415,0.9691920078292903,0.9667640544330143,0.9717525243649521,1.0,0.9724450804279601,0.9655019581580698,0.967639593067068,0.95835809689706
2,8,2.1995950323564033,0.2081662307468759,3441,2.2804797490437827,0.20348837209302326,688,2.279525219639645,0.2148,0.9792518056873311,0.08283438067324166,,,0.8054946924120809,,0.8055321747454243,0.19446782525457573,0.9310461956560041,0.14568905110135355,10,0.025,0.15,0.8403583014507549,0.9050813492281303,0.9413619184526929,0.9545783600648298,0.9545426369341988,0.964340197817356,0.9722229535004263,0.9724450804279601,1.0,0.9691097115572548,0.9677530287266133,0.9713382994450044
2,9,2.1966193861431544,0.21577684463107377,3334,2.279804507891337,0.20239880059970014,667,2.2794495172138456,0.2138,0.9734823397704089,0.08370422200149565,,,0.8565167061998875,,0.8565463517684144,0.14345364823158557,0.9315286548385706,0.1457220250724004,10,0.025,0.15,0.8410895546815415,0.90503626534358,0.9356032070845053,0.948735179275233,0.950801198525389,0.9535935880556597,0.9605929135578128,0.9655019581580698,0.9691097115572548,1.0,0.9537673359586468,0.9616292035768618
2,10,2.2146853955892416,0.21357605677260105,3241,2.2761316299438477,0.22685185185185186,648,2.2795048333421537,0.2135,0.9682900201780636,0.08259526631535807,,,0.7914690354692364,,0.7915036886666337,0.20849631133336632,0.930884195537355,0.14567336820178273,10,0.025,0.15,0.8196350743306774,0.8885769671760293,0.9197576174777728,0.9440299103675057,0.935617894042129,0.9550064727187556,0.9650251507185443,0.967639593067068,0.9677530287266133,0.9537673359586468,1.0,0.9687228053931983
2,11,2.217547839164734,0.20009496676163344,3159,2.279046869277954,0.21518987341772153,632,2.279488638986515,0.2136,0.9662274818820518,0.08270038236622199,,,0.797634795156999,,0.7976762225413015,0.20232377745869845,0.9310539510242957,0.14567766639755106,10,0.025,0.15,0.8148549698146375,0.8811846533491113,0.9205426930578333,0.9359279734802551,0.9350290624543053,0.951682529264766,0.9621464889449478,0.95835809689706,0.9713382994450044,0.9616292035768618,0.9687228053931983,1.0
3,0,1.976958375286173,0.2910445580715851,6845,2.263868808746338,0.22863403944485025,1369,2.263330471666553,0.236,0.9157886824424326,0.07852768383351993,,,0.55,,0.5500404350481095,0.4499595649518905,0.9681779042548836,0.14486954214046538,10,0.025,0.15,1.0,0.9511903675559488,0.9285180747173681,0.9173486030766015,0.8988013744799379,0.8942821852459146,0.870363592017426,0.8619697326654184,0.8475057118491123,0.8427537124391365,0.8339972640771295,0.8302808811134146
3,1,2.019995333150376,0.27318364366557135,5478,2.2642552852630615,0.23448905109489052,1096,2.2625806874866727,0.2353,0.9589133834436087,0.08267014960788091,,,0.8129471010649458,,0.812992028519087,0.18700797148091297,0.971906674873365,0.14562746598203047,10,0.025,0.15,0.9511903675559488,1.0,0.9582155095166128,0.9510356137571347,0.940188484701039,0.9430768393535659,0.9176824605979493,0.9164703224987034,0.9072441069109555,0.8987818552821789,0.8981243617575292,0.8930356179056929
3,2,2.0661324661029012,0.25280082987551866,4820,2.2622877657413483,0.24896265560165975,964,2.26253991489169,0.2353,0.9766557531790844,0.08438141062124373,,,0.921571081838481,,0.921613771022099,0.07838622897790104,0.9722959597399842,0.1456697177501522,10,0.025,0.15,0.9285180747173681,0.9582155095166128,1.0,0.9660108198331793,0.9594200495223235,0.9556346805848923,0.9477797095168276,0.9444554211194511,0.9370764186835243,0.9281982594641414,0.9259820566143547,0.9277556482062245
3,3,2.0763381791114806,0.25819337267362685,4406,2.261760575430734,0.2395005675368899,881,2.262540231777143,0.2353,0.9825446728467911,0.08514435927098345,,,0.969999999936524,,0.9700285520951957,0.029971447904804327,0.9722944753296346,0.1456771547054517,10,0.025,0.15,0.9173486030766015,0.9510356137571347,0.9660108198331793,1.0,0.9597210535174606,0.966496751228024,0.9590356798145255,0.9514948260974065,0.9494506501728127,0.9388942218644848,0.9462147320951337,0.9410409715031096
3,4,2.0798520171281063,0.2521887159533074,4112,2.2664757456098283,0.22019464720194648,822,2.2625417377375348,0.2353,0.9819534070333062,0.08473934010776198,,,0.9442910090490219,,0.9443399184697397,0.05566008153026025,0.972260482940912,0.14567631384795232,10,0.025,0.15,0.8988013744799379,0.940188484701039,0.9594200495223235,0.9597210535174606,1.0,0.9629591952719935,0.9610453059341345,0.9635944242769561,0.9521276911660096,0.9480955902886733,0.9472473845434416,0.9459371558931532
3,5,2.0837201403033347,0.2654667009514014,3889,2.2673327582223073,0.2300771208226221,778,2.262560624110548,0.2352,0.9839536930407,0.08439248087204486,,,0.9222737769275353,,0.9223151953260386,0.07768480467396144,0.9722791258341875,0.1456697964790365,10,0.025,0.15,0.8942821852459146,0.9430768393535659,0.9556346805848923,0.966496751228024,0.9629591952719935,1.0,0.9635786504071819,0.961439099393646,0.9599790608734506,0.9470422259916048,0.9549389881544206,0.9531267129823913
3,6,2.1180245263823148,0.24368094853139316,3711,2.2603180408477783,0.2560646900269542,742,2.2626178415515756,0.2373,0.9819887947392254,0.08372869395240592,,,0.8801392474585954,,0.8801802247858593,0.11981977521414067,0.9720327705656561,0.1456633069565871,10,0.025,0.15,0.870363592017426,0.9176824605979493,0.9477797095168276,0.9590356798145255,0.9610453059341345,0.9635786504071819,1.0,0.9666053088382894,0.9702644093106874,0.9517745745961332,0.9652766676526847,0.9657249875892725
3,7,2.111087210689272,0.24643658810325478,3564,2.2590299050013223,0.2538569424964937,713,2.2625884285456017,0.2354,0.9808312226373087,0.08387765163197178,,,0.8895944830976259,,0.8896370748130911,0.11036292518690893,0.9720873629409909,0.14566515129121005,10,0.025,0.15,0.8619697326654184,0.9164703224987034,0.9444554211194511,0.9514948260974065,0.9635944242769561,0.961439099393646,0.9666053088382894,1.0,0.9688258693705919,0.9609229011303512,0.9654345241103554,0.9639896433755545
3,8,2.115239267437546,0.24042429526300493,3441,2.264270544052124,0.21656976744186046,688,2.262684441819976,0.237,0.9771981743037524,0.08323138602340442,,,0.8485721361315913,,0.8486078790579459,0.15139212094205412,0.971945989659902,0.14564284330030577,10,0.025,0.15,0.8475057118491123,0.9072441069109555,0.9370764186835243,0.9494506501728127,0.9521276911660096,0.9599790608734506,0.9702644093106874,0.9688258693705919,1.0,0.9596576891432063,0.9626892501640448,0.9679053859351853
3,9,2.1132512666560985,0.24547090581883624,3334,2.2620966831843057,0.23388305847076463,667,2.262569195107569,0.2351,0.9680659026174674,0.0834726482168458,,,0.863886491836019,,0.8639154329850968,0.13608456701490323,0.9719953930035276,0.14564746258833644,10,0.025,0.15,0.8427537124391365,0.8987818552821789,0.9281982594641414,0.9388942218644848,0.9480955902886733,0.9470422259916048,0.9517745745961332,0.9609229011303512,0.9596576891432063,1.0,0.9464082958983687,0.9534952179060582
3,10,2.128956112036338,0.24319654427645787,3241,2.259853998819987,0.24228395061728394,648,2.262653462494476,0.237,0.971277282463527,0.08288998223945696,,,0.8269011941923214,,0.8269544981928009,0.17304550180719913,0.9717952172887349,0.14563445838270087,10,0.025,0.15,0.8339972640771295,0.8981243617575292,0.9259820566143547,0.9462147320951337,0.9472473845434416,0.9549389881544206,0.9652766676526847,0.9654345241103554,0.9626892501640448,0.9464082958983687,1.0,0.9671862761999612
3,11,2.138005437850952,0.22779360557138334,3159,2.2616415500640867,0.23259493670886075,632,2.2626285884953754,0.237,0.9709422755281698,0.08294421362248024,,,0.830343584722371,,0.8303790992061527,0.16962090079384728,0.9718539056452927,0.1456358912173885,10,0.025,0.15,0.8302808811134146,0.8930356179056929,0.9277556482062245,0.9410409715031096,0.9459371558931532,0.9531267129823913,0.9657249875892725,0.9639896433755545,0.9679053859351853,0.9534952179060582,0.9671862761999612,1.0
4,0,1.918070396008315,0.3100219138056976,6845,2.242677081714977,0.23739956172388604,1369,2.241575941254821,0.2515,0.9192015808074978,0.07875835990895441,,,0.55,,0.5500404350481095,0.4499595649518905,0.9793175842638615,0.14425455576584015,10,0.025,0.15,1.0,0.94558317748555,0.9254258325694109,0.9171333544251086,0.8994081822324719,0.8927766972376503,0.8765701324088206,0.8655910747321408,0.8517579242219495,0.8444063585832213,0.8320983625200392,0.8348009775852567
4,1,1.9616148105887479,0.2961482292807594,5478,2.241662210888333,0.25547445255474455,1096,2.2402337412290936,0.251,0.9589439696360816,0.08262728869110528,,,0.817063029580447,,0.8171180538363784,0.18288194616362163,0.9821955925097012,0.14517191504092525,10,0.025,0.15,0.94558317748555,1.0,0.951330779464762,0.9465797440112007,0.9371637859029426,0.9375247759333086,0.9184802692101056,0.915415709729092,0.9081967465240874,0.8939277569563703,0.8931699779869963,0.8951428465071947
4,2,2.0063673618592714,0.276597510373444,4820,2.240889549255371,0.25933609958506226,964,2.240151670914662,0.2511,0.9713564862990923,0.08409473025422436,,,0.9183570599556916,,0.9184119753758809,0.08158802462411907,0.9825522148926572,0.1452284693645972,10,0.025,0.15,0.9254258325694109,0.951330779464762,1.0,0.9573623936694853,0.9474604333454808,0.9456402874718381,0.9409518331081971,0.934238145123516,0.9291956153339254,0.9158631382872328,0.9145985367254784,0.9219968255201405
4,3,2.0144258918081013,0.28125283704039944,4406,2.238239424569266,0.2576617480136209,881,2.2401519878001155,0.251,0.9797654178579803,0.08484287894848257,,,0.9699999999309723,,0.9700285520951957,0.029971447904804327,0.9825878107466031,0.14523866570722987,10,0.025,0.15,0.9171333544251086,0.9465797440112007,0.9573623936694853,1.0,0.9527493741039762,0.9601170846601305,0.9545733139500343,0.9458646043372376,0.9453443648292097,0.9302427227470182,0.936079005814814,0.93457072943139
4,4,2.0158911582195396,0.2718385214007782,4112,2.244825397218977,0.2396593673965937,822,2.240154634548139,0.251,0.9768178843126588,0.08449524806847707,,,0.946003860116175,,0.9460480929510984,0.053951907048901626,0.982568044477167,0.14523746202322593,10,0.025,0.15,0.8994081822324719,0.9371637859029426,0.9474604333454808,0.9527493741039762,1.0,0.9543487340639573,0.9517064605403404,0.9513718959138219,0.9451102295643102,0.9346989334124703,0.9330394310772671,0.9386144934978244
4,5,2.0168417003846937,0.287426073540756,3889,2.2477093083517894,0.2390745501285347,778,2.240179903899567,0.2507,0.9802996476253225,0.08439371254336023,,,0.9389951022727003,,0.9390421019623376,0.060957898037662384,0.9824986558218206,0.1452367670609518,10,0.025,0.15,0.8927766972376503,0.9375247759333086,0.9456402874718381,0.9601170846601305,0.9543487340639573,1.0,0.959919062369649,0.9531858669585871,0.953913852389417,0.9388282585424033,0.9436043054932232,0.9459849555442659
4,6,2.0502815513775268,0.26615467528967934,3711,2.2376641829808555,0.2776280323450135,742,2.2402609722523747,0.2509,0.9792904813968265,0.08394880352604744,,,0.908284082054552,,0.9083279695004208,0.09167203049957917,0.9825076588242737,0.1452264694860493,10,0.025,0.15,0.8765701324088206,0.9184802692101056,0.9409518331081971,0.9545733139500343,0.9517064605403404,0.959919062369649,1.0,0.9590393951547781,0.9630834400799038,0.9426987589114536,0.9510095462578005,0.9555939603213996
4,7,2.041571821910994,0.26624579124579123,3564,2.23550013701121,0.26367461430575034,713,2.2402174110654034,0.2505,0.9775306823073254,0.08398376608996866,,,0.910697465388403,,0.9107293162350845,0.08927068376491554,0.9825291698930205,0.14522697989204603,10,0.025,0.15,0.8655910747321408,0.915415709729092,0.934238145123516,0.9458646043372376,0.9513718959138219,0.9531858669585871,0.9590393951547781,1.0,0.961288837579553,0.9525384884371757,0.9548633277891024,0.9594354905420881
4,8,2.047417038016849,0.26038942167974427,3441,2.242622494697571,0.24563953488372092,688,2.2403561887861807,0.2514,0.9747063484615162,0.08349044165926647,,,0.8766444433640144,,0.8766896073674308,0.12331039263256915,0.9823371238856988,0.14521595888952182,10,0.025,0.15,0.8517579242219495,0.9081967465240874,0.9291956153339254,0.9453443648292097,0.9451102295643102,0.953913852389417,0.9630834400799038,0.961288837579553,1.0,0.9509329356710922,0.9512427458668613,0.9595307199671499
4,9,2.0475534147686427,0.26826634673065386,3334,2.2386072476704917,0.2413793103448276,667,2.2402015185054345,0.2506,0.9638250729629704,0.0832847520185217,,,0.8624461725496123,,0.8624795761746794,0.1375204238253206,0.9824020914645992,0.14520129215697997,10,0.025,0.15,0.8444063585832213,0.8939277569563703,0.9158631382872328,0.9302427227470182,0.9346989334124703,0.9388282585424033,0.9426987589114536,0.9525384884371757,0.9509329356710922,1.0,0.9422370492531327,0.9470234871677875
4,10,2.060946719463055,0.26399259487812404,3241,2.2382489840189614,0.24845679012345678,648,2.2403200366829017,0.251,0.9651300111514117,0.08296577270058975,,,0.8404277824946127,,0.8404631050816128,0.15953689491838718,0.9823095533215029,0.14518925329986496,10,0.025,0.15,0.8320983625200392,0.8931699779869963,0.9145985367254784,0.936079005814814,0.9330394310772671,0.9436043054932232,0.9510095462578005,0.9548633277891024,0.9512427458668613,0.9422370492531327,1.0,0.9561506482786957
4,11,2.069986595630646,0.25071225071225073,3159,2.2385768413543703,0.2389240506329114,632,2.240280745904657,0.251,0.9686451885465995,0.0831142455910024,,,0.8506765159701681,,0.8507121519697645,0.14928784803023554,0.9823316523063691,0.14519515260226454,10,0.025,0.15,0.8348009775852567,0.8951428465071947,0.9219968255201405,0.93457072943139,0.9386144934978244,0.9459849555442659,0.9555939603213996,0.9594354905420881,0.9595307199671499,0.9470234871677875,0.9561506482786957,1.0
5,0,1.868137209282981,0.32883856829802777,6845,2.2162499211051245,0.252008765522279,1369,2.2145400771611854,0.266,0.9262900026669132,0.07921031188895981,,,0.55,,0.5500404350481095,0.4499595649518905,0.9832458830470379,0.14367717849126294,10,0.025,0.15,1.0,0.9429075306739314,0.9286069130782978,0.9248728438696575,0.8944328998069467,0.8997646609032737,0.8819957295109363,0.8712732458406468,0.8609717479793139,0.8498635760340071,0.8399986504397106,0.8448710498488039
5,1,1.9119888031205465,0.31038700255567725,5478,2.2133985095553927,0.2728102189781022,1096,2.212323910073389,0.2666,0.9564593258966323,0.08260010323175214,,,0.8131917828702964,,0.8132395900381245,0.18676040996187548,0.9870773542562064,0.1447777798211263,10,0.025,0.15,0.9429075306739314,1.0,0.947543269135874,0.9419383374717073,0.9260027122834991,0.9326504681203678,0.9120447582938375,0.9100452173567097,0.9027964269407079,0.8865767236907152,0.8890599545734963,0.8933822337937772
5,2,1.9572599627469716,0.29271784232365144,4820,2.2143121659755707,0.2769709543568465,964,2.212201378013514,0.2663,0.9711453012034966,0.0839918462752756,,,0.9212501545754228,,0.9213001930979848,0.07869980690201517,0.9874761357303945,0.1448467027198714,10,0.025,0.15,0.9286069130782978,0.947543269135874,1.0,0.9540276717893076,0.9428199430873447,0.9434388022916614,0.9365023015923242,0.9310999205653474,0.9267408964268437,0.9106147487660545,0.9111389321866256,0.9200951162859854
5,3,1.9618567371368407,0.2995006808896959,4406,2.2092155388423373,0.27014755959137343,881,2.212203194823446,0.2663,0.9761344712989342,0.0846197222747362,,,0.9699999999223575,,0.9700285520951957,0.029971447904804327,0.9876442774798159,0.14485620807461527,10,0.025,0.15,0.9248728438696575,0.9419383374717073,0.9540276717893076,1.0,0.943415497924625,0.9538326905519454,0.9470452522536662,0.937344391069503,0.9379942457061023,0.9191266724144074,0.9243170008226524,0.9256551974836781
5,4,1.960996896570379,0.28929961089494166,4112,2.2174537863050188,0.25304136253041365,822,2.212208663360982,0.2663,0.9722059479280822,0.08427532840889877,,,0.9432604084864196,,0.9433084121404169,0.05669158785958306,0.9876034630854457,0.14485414754068668,10,0.025,0.15,0.8944328998069467,0.9260027122834991,0.9428199430873447,0.943415497924625,1.0,0.9457716972964314,0.944555982409779,0.9430757151272235,0.9365289096031483,0.9269125175340616,0.9243928312896599,0.9347753880251589
5,5,1.9623993046822086,0.3042941630239136,3889,2.2227656500680104,0.2596401028277635,778,2.212239241298241,0.2654,0.9767839823222025,0.08436193305699509,,,0.949984607539494,,0.950009077255698,0.04999092274430195,0.9876109958169008,0.14485483092047996,10,0.025,0.15,0.8997646609032737,0.9326504681203678,0.9434388022916614,0.9538326905519454,0.9457716972964314,1.0,0.9523191038765997,0.9436247848358674,0.9461124603270069,0.927881474054785,0.9308961962365605,0.9396275390720293
5,6,1.9953228971053814,0.28577202910266775,3711,2.20944607257843,0.2816711590296496,742,2.2123448124414757,0.2668,0.975548097721732,0.08404514541086207,,,0.9253884312720917,,0.9254262184152762,0.07457378158472383,0.9874693657398211,0.14484747769872727,10,0.025,0.15,0.8819957295109363,0.9120447582938375,0.9365023015923242,0.9470452522536662,0.944555982409779,0.9523191038765997,1.0,0.9497688730084728,0.9540876385339676,0.9311027953334847,0.9426803707922731,0.9488177541482484
5,7,1.988846491915839,0.28274410774410774,3564,2.206351161003113,0.27489481065918653,713,2.2122839613805843,0.2657,0.9739986747114606,0.08401620588175233,,,0.923141494664028,,0.9231816606426697,0.07681833935733029,0.987471719267495,0.1448470225538016,10,0.025,0.15,0.8712732458406468,0.9100452173567097,0.9310999205653474,0.937344391069503,0.9430757151272235,0.9436247848358674,0.9497688730084728,1.0,0.9517479473139293,0.9428961339831701,0.9474865669048108,0.9543790101864896
5,8,1.9928328116734824,0.27614065678581806,3441,2.2151728868484497,0.25,688,2.212464139431338,0.267,0.9713157505268747,0.08362203121024632,,,0.8925367983671393,,0.8925748048390025,0.10742519516099747,0.9873574315906571,0.14483886983351343,10,0.025,0.15,0.8609717479793139,0.9027964269407079,0.9267408964268437,0.9379942457061023,0.9365289096031483,0.9461124603270069,0.9540876385339676,0.9517479473139293,1.0,0.9428949505681654,0.9405306817552879,0.9509194316588785
5,9,1.9911647942331103,0.28848230353929216,3334,2.209402084350586,0.26686656671664166,667,2.212269888648504,0.2655,0.958824192719115,0.08308584312145031,,,0.8509058291500812,,0.8509514614381674,0.14904853856183264,0.9873198219568708,0.14481074610173475,10,0.025,0.15,0.8498635760340071,0.8865767236907152,0.9106147487660545,0.9191266724144074,0.9269125175340616,0.927881474054785,0.9311027953334847,0.9428961339831701,0.9428949505681654,1.0,0.9274178318226257,0.9416846523664046
5,10,2.0057658021266644,0.2843875347115088,3241,2.2112545569737754,0.2716049382716049,648,2.212422645544704,0.2672,0.9601688130719745,0.08293165359937828,,,0.8389341733429041,,0.8389694839167533,0.1610305160832467,0.9872034448154356,0.14480182432707106,10,0.025,0.15,0.8399986504397106,0.8890599545734963,0.9111389321866256,0.9243170008226524,0.9243928312896599,0.9308961962365605,0.9426803707922731,0.9474865669048108,0.9405306817552879,0.9274178318226257,1.0,0.9441801669863934
5,11,2.017521743774414,0.26745805634694525,3159,2.209821271896362,0.2626582278481013,632,2.212365183649184,0.2675,0.9667749994657286,0.08323987563969312,,,0.8628652947916836,,0.8629004307570431,0.13709956924295685,0.9872772165238378,0.14481801337872596,10,0.025,0.15,0.8448710498488039,0.8933822337937772,0.9200951162859854,0.9256551974836781,0.9347753880251589,0.9396275390720293,0.9488177541482484,0.9543790101864896,0.9509194316588785,0.9416846523664046,0.9441801669863934,1.0
6,0,1.8277336581989572,0.34201607012417823,6845,2.1851054538380015,0.27465303140978814,1369,2.1827612406090844,0.2834,0.9327741470763284,0.07975796457273755,,,0.55,,0.5500404350481095,0.4499595649518905,0.9844891140394495,0.14332801305326454,10,0.025,0.15,1.0,0.9385870800746009,0.9276253632409622,0.9282871020244476,0.9019120284886065,0.9058654878064797,0.889753523766451,0.877927661682838,0.8664318579020719,0.8500656119289385,0.8509560300666303,0.8563350301976582
6,1,1.8694715641265691,0.3260861628331508,5478,2.180291175842285,0.28832116788321166,1096,2.1795049317275423,0.2844,0.9564586942734418,0.08264007624229275,,,0.8056097206829838,,0.8056394514036738,0.19436054859632623,0.988875554303512,0.14448567160751213,10,0.025,0.15,0.9385870800746009,1.0,0.9415007717197336,0.9407820048811071,0.9245792810357779,0.9299308136932675,0.9119651458378992,0.907830469347078,0.9008781424073286,0.8812522721973773,0.8917445932966441,0.8950764373510446
6,2,1.9128126530270828,0.30437759336099585,4820,2.183175712823868,0.2863070539419087,964,2.1793050464195542,0.2839,0.9688199478442402,0.08390966180063965,,,0.9182071655981854,,0.9182551864138239,0.08174481358617613,0.989588555198321,0.14457700730226963,10,0.025,0.15,0.9276253632409622,0.9415007717197336,1.0,0.9495652930213127,0.9383483200227677,0.9409041819400961,0.9327158902606538,0.9248351408840633,0.9208309810125859,0.903110308450441,0.9071298463121205,0.918375143198266
6,3,1.9139579381261553,0.3163640490240581,4406,2.1750642231532504,0.300794551645857,881,2.179306805888309,0.2844,0.974739628765387,0.08449364871543438,,,0.9699999999113116,,0.9700285520951957,0.029971447904804327,0.9896454413023016,0.14458526295040416,10,0.025,0.15,0.9282871020244476,0.9407820048811071,0.9495652930213127,1.0,0.9420705503545062,0.9513302994405837,0.9431267655093255,0.9337460619151589,0.9322425522442688,0.9103041839101313,0.9187825467237823,0.9225322964006457
6,4,1.9193640795621005,0.3035019455252918,4112,2.1849218096051897,0.2798053527980535,822,2.179315434226507,0.2842,0.9720001307834824,0.08418993192423312,,,0.9430638596549317,,0.9431268670264561,0.056873132973543905,0.9896362810561591,0.14458275650518576,10,0.025,0.15,0.9019120284886065,0.9245792810357779,0.9383483200227677,0.9420705503545062,1.0,0.9409677428561922,0.9418130303444369,0.9396618634363344,0.9353007133038618,0.9209865494454944,0.9219262393394347,0.9325346763361693
6,5,1.915600218695979,0.3173823605039856,3889,2.192718403679984,0.2866323907455013,778,2.1793519122691096,0.2839,0.974863757556438,0.08433745930810513,,,0.9561478195108093,,0.9561898631810005,0.04381013681899948,0.9896465247793385,0.14458438747074284,10,0.025,0.15,0.9058654878064797,0.9299308136932675,0.9409041819400961,0.9513302994405837,0.9409677428561922,1.0,0.9489107965345486,0.9374608283161956,0.9406265474574445,0.9154579158273077,0.9283847208603642,0.9333575934792355
6,6,1.9507410518054304,0.2998652654271086,3711,2.17632528146108,0.29784366576819404,742,2.179480163356926,0.2844,0.9735134440018579,0.08409635425621528,,,0.9347646109350184,,0.9348005479361622,0.06519945206383781,0.9896069469687906,0.14458051146021197,10,0.025,0.15,0.889753523766451,0.9119651458378992,0.9327158902606538,0.9431267655093255,0.9418130303444369,0.9489107965345486,1.0,0.9419460129269019,0.947086048141073,0.9214910824910599,0.9356468173388492,0.942547803490843
6,7,1.9420262634754182,0.29820426487093155,3564,2.1721200942993164,0.29312762973352036,713,2.179406410531153,0.2838,0.9702486394611695,0.0839715479141081,,,0.9236957427220095,,0.9237262959845521,0.07627370401544786,0.989592597461228,0.14457842978125782,10,0.025,0.15,0.877927661682838,0.907830469347078,0.9248351408840633,0.9337460619151589,0.9396618634363344,0.9374608283161956,0.9419460129269019,1.0,0.9443076548093378,0.9260597398122263,0.9393785160072388,0.9459018196937501
6,8,1.9448973766079656,0.2911362975879105,3441,2.1827933390935264,0.2558139534883721,688,2.179639553721947,0.2841,0.9677366411256054,0.08364432891042761,,,0.8946752300831489,,0.8947120859533594,0.10528791404664062,0.9894692319765744,0.14456934324428292,10,0.025,0.15,0.8664318579020719,0.9008781424073286,0.9208309810125859,0.9322425522442688,0.9353007133038618,0.9406265474574445,0.947086048141073,0.9443076548093378,1.0,0.9295502283247276,0.9295293490381864,0.9428298910742677
6,9,1.9472433505234894,0.3003899220155969,3334,2.1750528812408447,0.2818590704647676,667,2.1794356062442444,0.2835,0.9515144649601012,0.082780265512292,,,0.8180428753472484,,0.8180917958112591,0.18190820418874087,0.9889625767922606,0.14450889317368282,10,0.025,0.15,0.8500656119289385,0.8812522721973773,0.903110308450441,0.9103041839101313,0.9209865494454944,0.9154579158273077,0.9214910824910599,0.9260597398122263,0.9295502283247276,1.0,0.9201133946113857,0.9243072412632424
