round,client_id,client_i_training_loss,client_i_training_accuracy,client_i_training_dataset_size,client_i_evaluation_loss,client_i_evaluation_accuracy,client_i_evaluation_dataset_size,client_i_central_evaluation_loss,client_i_central_evaluation_accuracy,client_i_cosine_similarity,client_i_importance_coefficient,client_i_tanh_val,tanh_normalization_value,client_i_q,client_i_mask_order,client_i_v_nonzero_fraction,client_i_v_sparsity,client_i_v_cosine_similarity,client_i_reward_gradient_norm,local_epochs,learning_rate,gamma,client_0_cosine_similarity,client_1_cosine_similarity,client_2_cosine_similarity,client_3_cosine_similarity,client_4_cosine_similarity,client_5_cosine_similarity,client_6_cosine_similarity,client_7_cosine_similarity,client_8_cosine_similarity,client_9_cosine_similarity,client_10_cosine_similarity,client_11_cosine_similarity
0,0,0.27805751408468427,0.9147065984903823,8214,2.182762722636378,0.4967129291453616,1369,2.186127198770785,0.4871,0.8068780109550292,0.08685794076759504,,,0.9499999999817523,,0.9500025099141609,0.04999749008583909,0,0.389229200257232,5,0.1,0.5,1.0,0.5742218533359189,0.5817385840611575,0.5715042979636374,0.59207100295086,0.5764742761112356,0.5783025072570329,0.5948292828325968,0.43151967236734795,0.5765565541731439,0.5844792969360125,0.5855086901360353
0,1,0.2988270801962218,0.9048372376026772,6574,2.1857548304966516,0.48905109489051096,1096,2.1861326816363835,0.4872,0.8005027200021306,0.08617166026862887,,,0.9374770325817084,,0.9374930977360574,0.06250690226394262,0,0.3892270372128275,5,0.1,0.5,0.5742218533359189,1.0,0.5909534395023789,0.5891833207392003,0.5915834096749715,0.5915461568143704,0.5807188043827337,0.6034891075705737,0.4275628964015123,0.5993888355706961,0.5911278244946228,0.5953054023594028
0,2,0.3271770793234528,0.8979076603838838,5783,2.1856367280406337,0.5062240663900415,964,2.1861400154832835,0.4872,0.7927686436412323,0.08533911069195635,,,0.9222850065467325,,0.9223030972340746,0.07769690276592545,0,0.3892227865491965,5,0.1,0.5,0.5817385840611575,0.5909534395023789,1.0,0.5839582799429825,0.5845075091692095,0.5773969299411639,0.5922103555551351,0.5976708693544189,0.42404191289872145,0.5926035396960108,0.6006400360605153,0.5972987178232474
0,3,0.3329315562631531,0.8961603934178173,5287,2.1797603028161183,0.5130533484676504,881,2.186150246154005,0.4871,0.7855201451879816,0.0845588320863202,,,0.9080467999299728,,0.9080618442849254,0.09193815571507458,0,0.38921674205333595,5,0.1,0.5,0.5715042979636374,0.5891833207392003,0.5839582799429825,1.0,0.5832692074647386,0.5944179020177413,0.5886297778755842,0.6026321270142123,0.43504340894299404,0.5881368960065272,0.5862131616184133,0.5744677637365319
0,4,0.33343137416688184,0.8941033434650456,4935,2.183674876506512,0.4878345498783455,822,2.1861456598336706,0.4872,0.7881203879140232,0.08483874023304559,,,0.9131544499385762,,0.9131720295165905,0.08682797048340951,0,0.38921914799151963,5,0.1,0.5,0.59207100295086,0.5915834096749715,0.5845075091692095,0.5832692074647386,1.0,0.590782083491868,0.601494095879227,0.5876764125280765,0.42347389233503835,0.5915219141130603,0.6025764441859309,0.5941171840673273
0,5,0.350917769516882,0.8889650739232912,4667,2.184647169113159,0.4974293059125964,778,2.186152024010119,0.487,0.7847519355022982,0.08447613667205653,,,0.906537807646909,,0.906560915616686,0.09343908438331405,0,0.38921597006363495,5,0.1,0.5,0.5764742761112356,0.5915461568143704,0.5773969299411639,0.5944179020177413,0.590782083491868,1.0,0.5954359878594505,0.6048024180948667,0.43534256696084234,0.5965080492514788,0.5932142561337308,0.5899110154841027
0,6,0.35668819310675776,0.8883898495396362,4453,2.193723648786545,0.45956873315363883,742,2.18615207961573,0.487,0.7844342548421205,0.08444193932426652,,,0.9059137883542331,,0.905933437076452,0.09406656292354798,0,0.3892155333947944,5,0.1,0.5,0.5783025072570329,0.5807188043827337,0.5922103555551351,0.5886297778755842,0.601494095879227,0.5954359878594505,1.0,0.6014809600857928,0.42745740938662097,0.6044194825764907,0.5961912009280996,0.5961112762534766
0,7,0.3580189704297305,0.887350946925415,4277,2.1830345029416294,0.4838709677419355,713,2.1861370729562193,0.4872,0.7939583336593855,0.08546717717006776,,,0.9246219115481766,,0.9246322975754229,0.07536770242457713,0,0.38922362550288897,5,0.1,0.5,0.5948292828325968,0.6034891075705737,0.5976708693544189,0.6026321270142123,0.5876764125280765,0.6048024180948667,0.6014809600857928,1.0,0.4336772218942637,0.6122579225126022,0.6051218893968914,0.6110515782704434
0,8,0.49146859179627006,0.8623879874061516,4129,2.197506395253268,0.44476744186046513,688,2.18763365913123,0.4816,0.6032428580731217,0.06493724171882312,,,0.55,,0.5500125495708047,0.4499874504291953,0,0.3861559204082967,5,0.1,0.5,0.43151967236734795,0.4275628964015123,0.42404191289872145,0.43504340894299404,0.42347389233503835,0.43534256696084234,0.42745740938662097,0.4336772218942637,1.0,0.4388820210143002,0.42374193883509625,0.4367503050385911
0,9,0.37854938198708826,0.8783804048987753,4001,2.1908160277775357,0.4587706146926537,667,2.186150311661985,0.4871,0.7855794904909843,0.08456522042599865,,,0.9081633717539634,,0.9081823201646504,0.09181767983534961,0,0.38921676975606573,5,0.1,0.5,0.5765565541731439,0.5993888355706961,0.5926035396960108,0.5881368960065272,0.5915219141130603,0.5965080492514788,0.6044194825764907,0.6122579225126022,0.4388820210143002,1.0,0.6115861695738415,0.6001480579663413
0,10,0.3644860555127752,0.8862946772949344,3889,2.1861811024802074,0.49691358024691357,648,2.1861512455315637,0.487,0.7831095121043535,0.08429933483549992,,,0.9033115996476995,,0.9033281461774008,0.09667185382259924,0,0.38921413662708043,5,0.1,0.5,0.5844792969360125,0.5911278244946228,0.6006400360605153,0.5862131616184133,0.6025764441859309,0.5932142561337308,0.5961912009280996,0.6051218893968914,0.42374193883509625,0.6115861695738415,1.0,0.5926445103325
0,11,0.40961544196583144,0.8738063835399631,3791,2.1882324814796448,0.4762658227848101,632,2.186161518096924,0.487,0.7807623106584101,0.08404666580574155,,,0.8987009979659797,,0.898714923949601,0.10128507605039905,0,0.3892106506444718,5,0.1,0.5,0.5855086901360353,0.5953054023594028,0.5972987178232474,0.5744677637365319,0.5941171840673273,0.5899110154841027,0.5961112762534766,0.6110515782704434,0.4367503050385911,0.6001480579663413,0.5926445103325,1.0
1,0,0.25305557089752667,0.9230581933284636,8214,2.0179932644200878,0.7531044558071585,1369,2.024260755164174,0.7498,0.79829216714621,0.0851444400780541,,,0.9499999999718831,,0.9500025099141609,0.04999749008583909,0.9588531922701955,0.40663918041763486,5,0.1,0.5,1.0,0.6207690750155836,0.6117700124302312,0.6070246535439214,0.6174960026737376,0.6264354704031123,0.6112794714277606,0.6224094901890773,0.6163908988503182,0.6128434936230761,0.6200934800009371,0.6080492162107767
1,1,0.2672246690080004,0.9187709157286279,6574,2.0227777787617276,0.7536496350364964,1096,2.024264949579208,0.7497,0.8077392276751866,0.08501952682245696,,,0.9464878243223396,,0.9465036895738166,0.05349631042618341,0.9588445136250563,0.4066386529795458,5,0.1,0.5,0.6207690750155836,1.0,0.6216990682457347,0.6176742654814091,0.6265451723788527,0.6395004979477457,0.6204191994081548,0.6268034992818045,0.6181039950144638,0.6209205494486062,0.6399810192450555,0.6164496141624213
1,2,0.2947221615253973,0.9100812726958326,5783,2.0245564022371845,0.7551867219917012,964,2.0242847585068726,0.7494,0.809442133342431,0.08452869007935963,,,0.9326870083179326,,0.9327041815169921,0.06729581848300792,0.9588116972171581,0.40663573265206227,5,0.1,0.5,0.6117700124302312,0.6216990682457347,1.0,0.6278493034609526,0.6259373384659165,0.6294787130098904,0.6244057259333149,0.6351386157133375,0.6280834672713513,0.6248920112832727,0.6352382361859584,0.6269941592594876
1,3,0.2969223959825888,0.9119349347456024,5287,2.016636380127498,0.7775255391600454,881,2.0243046458917684,0.7494,0.8093991219290397,0.08401167746199584,,,0.9181502074273364,,0.9181667586968526,0.0818332413031474,0.9588007827320305,0.4066309093680005,5,0.1,0.5,0.6070246535439214,0.6176742654814091,0.6278493034609526,1.0,0.6317973558370217,0.6306844243423365,0.6208760844094094,0.6404482729477563,0.6269120069897277,0.62645392810607,0.6414771260527864,0.6231592712818685
1,4,0.2871986445463112,0.9097872340425532,4935,2.020417947035569,0.7518248175182481,822,2.024291331775653,0.7494,0.8172418053090716,0.08446932015398376,,,0.9310177090492238,,0.9310375985141308,0.06896240148586918,0.9588038230806135,0.4066353001642062,5,0.1,0.5,0.6174960026737376,0.6265451723788527,0.6259373384659165,0.6317973558370217,1.0,0.6406298709618494,0.6316514920342301,0.6371422993145205,0.6318663113296922,0.6400133907701769,0.6491007168935271,0.6372698023374676
1,5,0.3108312974632909,0.9055067495178916,4667,2.0249334716796876,0.7429305912596401,778,2.0243021047915133,0.7496,0.8232224095675671,0.08443771642726931,,,0.9301291096858442,,0.9301541087294815,0.06984589127051855,0.958796979545539,0.40663503385427935,5,0.1,0.5,0.6264354704031123,0.6395004979477457,0.6294787130098904,0.6306844243423365,0.6406298709618494,1.0,0.6372700725272286,0.6534870704966287,0.6421914644605778,0.636179465173023,0.6583019802140825,0.6360795346338839
1,6,0.31183364698846294,0.903570626543903,4453,2.0372566829125085,0.7358490566037735,742,2.024309691910546,0.7494,0.8117857344275106,0.08401743757725987,,,0.9183121641105736,,0.9183273932031525,0.08167260679684751,0.9587964428813274,0.4066309373625778,5,0.1,0.5,0.6112794714277606,0.6204191994081548,0.6244057259333149,0.6208760844094094,0.6316514920342301,0.6372700725272286,1.0,0.6354576088362106,0.636645674943082,0.6224287013651001,0.6499550537612924,0.6296948705886297
1,7,0.31262952287389495,0.9052606967500585,4277,2.0202400632526563,0.7531556802244039,713,2.024275550827051,0.7496,0.8224640201762213,0.08506610894139828,,,0.9477975698979211,,0.9478088449375032,0.05219115506249683,0.9588238078738939,0.4066388741770346,5,0.1,0.5,0.6224094901890773,0.6268034992818045,0.6351386157133375,0.6404482729477563,0.6371422993145205,0.6534870704966287,0.6354576088362106,1.0,0.6346844240618414,0.6392486922945445,0.6523292547597053,0.6403075263414518
1,8,0.3281876416670499,0.8968757568418503,4129,2.043902635574341,0.7151162790697675,688,2.028935886038759,0.7444,0.8056636613747027,0.07091812931770225,,,0.55,,0.5500125495708047,0.4499874504291953,0.9515369964344949,0.40320819204382785,5,0.1,0.5,0.6163908988503182,0.6181039950144638,0.6280834672713513,0.6269120069897277,0.6318663113296922,0.6421914644605778,0.636645674943082,0.6346844240618414,1.0,0.6278516686049704,0.6526059973062229,0.6295696815605332
1,9,0.3308841412310444,0.9014246438390402,4001,2.0322853724161782,0.7256371814092953,667,2.024304154581917,0.7495,0.8126541726328546,0.08412908536326671,,,0.9214513556516486,,0.9214698057326439,0.07853019426735608,0.9588000563186507,0.40663212332142107,5,0.1,0.5,0.6128434936230761,0.6209205494486062,0.6248920112832727,0.62645392810607,0.6400133907701769,0.636179465173023,0.6224287013651001,0.6392486922945445,0.6278516686049704,1.0,0.6477075315726655,0.627157700384163
1,10,0.31080044183238853,0.9080997685780406,3889,2.0189168623515537,0.7608024691358025,648,2.0243044665065435,0.7494,0.8288750932168739,0.08451746606583371,,,0.9323714236603442,,0.9323829125043923,0.06761708749560769,0.9588026270631091,0.4066356194771304,5,0.1,0.5,0.6200934800009371,0.6399810192450555,0.6352382361859584,0.6414771260527864,0.6491007168935271,0.6583019802140825,0.6499550537612924,0.6523292547597053,0.6526059973062229,0.6477075315726655,1.0,0.6410880480174252
1,11,0.35763596873260844,0.8932207860722764,3791,2.0280992567539213,0.7373417721518988,632,2.0243374269229535,0.7492,0.8113289038049479,0.08374040171141973,,,0.9105227696431691,,0.9105416394759299,0.08945836052407008,0.9587948186256686,0.4066275695167773,5,0.1,0.5,0.6080492162107767,0.6164496141624213,0.6269941592594876,0.6231592712818685,0.6372698023374676,0.6360795346338839,0.6296948705886297,0.6403075263414518,0.6295696815605332,0.627157700384163,0.6410880480174252,1.0
2,0,0.22975633195764475,0.9302897492086681,8214,1.8249575066012005,0.8904309715120526,1369,1.8339722297442989,0.872,0.7985855774368072,0.08495968872182197,,,0.9366453559064986,,0.9366598062346267,0.06334019376537325,0.9658229733841601,0.3950209537811753,5,0.1,0.5,1.0,0.6150036412801515,0.614537127588176,0.6199730261244472,0.6179563448745283,0.6190792286719647,0.6032706185300545,0.6199578815403833,0.3880614179367191,0.5947315182050599,0.6179268817595089,0.618420368726212
2,1,0.23923757661007417,0.9269242470337694,6574,1.8317195177078247,0.8677007299270073,1096,1.833980704648807,0.872,0.8101662353613365,0.08528342342581237,,,0.9434120105596915,,0.9434265348125094,0.056573465187490624,0.9658276407732143,0.39502260343577245,5,0.1,0.5,0.6150036412801515,1.0,0.6354783115509168,0.6312655368143774,0.6236951611982171,0.634885818157495,0.6150040554163119,0.6333225307318234,0.3879521158334203,0.6049503128929252,0.6336219768572388,0.6226956078260609
2,2,0.2683153207439579,0.9207331834687879,5783,1.8348069575525099,0.8651452282157677,964,1.834004550696181,0.8719,0.8098591994414794,0.08494472337321436,,,0.9363325524147996,,0.9363485768786708,0.06365142312132921,0.9658191514626041,0.3950208421970067,5,0.1,0.5,0.614537127588176,0.6354783115509168,1.0,0.6278610624140107,0.6332664660191847,0.6294691468882841,0.6182168899884318,0.6314314697070859,0.37839511311323176,0.6025363201747193,0.6381071569996081,0.6263220438019603
2,3,0.2648949315569487,0.9187819179118593,5287,1.826084119932992,0.8830874006810443,881,1.8340254100366904,0.8721,0.8116218041897956,0.08466130634977477,,,0.9304086119264531,,0.9304301992871844,0.0695698007128156,0.9658134784176693,0.395019030949329,5,0.1,0.5,0.6199730261244472,0.6312655368143774,0.6278610624140107,1.0,0.6295062114672948,0.626849433116255,0.620229532139143,0.640165746172078,0.38703433349362487,0.6142023798645871,0.6375033930710234,0.6211145429603961
2,4,0.25831658470414337,0.9210131712259372,4935,1.8295448193183312,0.8722627737226277,822,1.8340118472187663,0.872,0.8113375739797573,0.08495704175858833,,,0.9365900294745129,,0.936609607951408,0.06339039204859198,0.965817331486993,0.39502094718221215,5,0.1,0.5,0.6179563448745283,0.6236951611982171,0.6332664660191847,0.6295062114672948,1.0,0.6269742792284713,0.6201468034664588,0.6344633386177017,0.3821247399925512,0.6119817307629886,0.6392142071555513,0.6311003248243847
2,5,0.28131735238616595,0.913091922005571,4667,1.836387939453125,0.8740359897172236,778,1.8340294422052157,0.872,0.8140188939293919,0.08503020573033696,,,0.9381192919347203,,0.9381356357612569,0.061864364238743086,0.9658175151941172,0.3950213473257631,5,0.1,0.5,0.6190792286719647,0.634885818157495,0.6294691468882841,0.626849433116255,0.6269742792284713,1.0,0.6277932240563774,0.6447722177991362,0.38719978902313734,0.6103733757704427,0.6379963372972834,0.6309365207275978
2,6,0.28690210473856753,0.9172243431394566,4453,1.8512455026308696,0.8733153638814016,742,1.8340382008506848,0.8721,0.8026509603900216,0.08434973386529006,,,0.9238961701772117,,0.9239044224687516,0.0760955775312484,0.9658039404915604,0.3950166810572929,5,0.1,0.5,0.6032706185300545,0.6150040554163119,0.6182168899884318,0.620229532139143,0.6201468034664588,0.6277932240563774,1.0,0.631371827966545,0.38582290913095935,0.6019262737290731,0.6303031771629369,0.6177282549501517
2,7,0.27985552713525164,0.9149871405190554,4277,1.8293976731922315,0.876577840112202,713,1.8339977089208537,0.8722,0.8182453735225728,0.08559861031119259,,,0.9499999999790981,,0.9500025099141609,0.04999749008583909,0.9658352925882925,0.3950238655341559,5,0.1,0.5,0.6199578815403833,0.6333225307318234,0.6314314697070859,0.640165746172078,0.6344633386177017,0.6447722177991362,0.631371827966545,1.0,0.3840395546855134,0.6141975148172385,0.6412631669258644,0.6378919231253476
2,8,0.44006434401371874,0.8971663841123759,4129,1.8617737997661938,0.8546511627906976,688,1.842949716046976,0.8697,0.5427817697644223,0.06646154949957142,,,0.55,,0.5500125495708047,0.4499874504291953,0.958705937050889,0.39141099360198384,5,0.1,0.5,0.3880614179367191,0.3879521158334203,0.37839511311323176,0.38703433349362487,0.3821247399925512,0.38719978902313734,0.38582290913095935,0.3840395546855134,1.0,0.3763284733489095,0.39391472700292424,0.38658817297893905
2,9,0.31599843942227407,0.9086728317920519,4001,1.8458932524635678,0.841079460269865,667,1.834033392488766,0.8722,0.7913496378339758,0.08402695874580933,,,0.9171495726167785,,0.9171678128608002,0.08283218713919982,0.9657935825136293,0.39501372809728674,5,0.1,0.5,0.5947315182050599,0.6049503128929252,0.6025363201747193,0.6142023798645871,0.6119817307629886,0.6103733757704427,0.6019262737290731,0.6141975148172385,0.3763284733489095,1.0,0.6288269490936096,0.6041169621399437
2,10,0.2816730702967673,0.9183851889946002,3889,1.8233054195131575,0.8858024691358025,648,1.8340344516613993,0.8721,0.8206863393914282,0.0853179142360012,,,0.9441329323465123,,0.9441493900908589,0.05585060990914115,0.9658249543310516,0.3950227969593595,5,0.1,0.5,0.6179268817595089,0.6336219768572388,0.6381071569996081,0.6375033930710234,0.6392142071555513,0.6379963372972834,0.6303031771629369,0.6412631669258644,0.39391472700292424,0.6288269490936096,1.0,0.6410169964363005
2,11,0.31436557218495037,0.9072540226853073,3791,1.8402537047863006,0.865506329113924,632,1.8340731196510145,0.872,0.8095957867258775,0.08440884398258665,,,0.9251316810610484,,0.9251543597208975,0.07484564027910245,0.9657917060081701,0.3950172178947598,5,0.1,0.5,0.618420368726212,0.6226956078260609,0.6263220438019603,0.6211145429603961,0.6311003248243847,0.6309365207275978,0.6177282549501517,0.6378919231253476,0.38658817297893905,0.6041169621399437,0.6410169964363005,1.0
3,0,0.2121965541638405,0.9369856342829316,8214,1.5899198277052058,0.9335281227173119,1369,1.6019894174112679,0.9155,0.79819003358362,0.0841631981258328,,,0.9255799319700218,,0.9256011244415441,0.07439887555845592,0.9678754950723414,0.40269710830525707,5,0.1,0.5,1.0,0.6131619554816774,0.6082208412802084,0.6140744219985453,0.6152703144571828,0.6091687979528074,0.6046954069757773,0.6054639798440986,0.6067216584374012,0.6043187430700292,0.6122185218012814,0.6128497573636448
3,1,0.22590159274890875,0.9327350167325829,6574,1.5982214621135167,0.916970802919708,1096,1.601982407676526,0.9156,0.8011525435023032,0.08448114334769946,,,0.9353561154713321,,0.9353747301842277,0.06462526981577232,0.9678883082379429,0.4027005581957352,5,0.1,0.5,0.6131619554816774,1.0,0.6128620223154119,0.6099070072284781,0.6243876190724934,0.6143602727353693,0.6080236929199512,0.6095163542004772,0.6065370860637934,0.6076638459602816,0.6151557225593189,0.6111479558699
3,2,0.24440933838177945,0.9268545737506485,5783,1.6042445475055325,0.9004149377593361,964,1.602019334372621,0.9154,0.8021750766056869,0.08429230596492164,,,0.9295497413572484,,0.9295617689875006,0.07043823101249935,0.9678816249882197,0.4026986505874221,5,0.1,0.5,0.6082208412802084,0.6128620223154119,1.0,0.6167644436605447,0.616387929267528,0.6121124717800059,0.6106013949880286,0.6131615651381821,0.6102222547105679,0.6039167846256093,0.6198002374160587,0.6207310739642995
3,3,0.245052678412856,0.9269529033478343,5287,1.5936251027243478,0.9205448354143019,881,1.602046410115763,0.9155,0.8050065667733692,0.08420322332429868,,,0.926810627253258,,0.9268259625520807,0.07317403744791928,0.9678751578242802,0.40269754486534043,5,0.1,0.5,0.6140744219985453,0.6099070072284781,0.6167644436605447,1.0,0.6251517134332383,0.6099757103321701,0.614799916240436,0.6229512219734169,0.6142399528197278,0.6125366820260055,0.6194654783930187,0.61393188772767
3,4,0.23430413873926287,0.9308206686930092,4935,1.5957415883357708,0.9209245742092458,822,1.6020112125256571,0.9154,0.8134942228888251,0.08469536688730765,,,0.9419430634405901,,0.9419557251142011,0.058044274885798885,0.9678916465888399,0.402702380426176,5,0.1,0.5,0.6152703144571828,0.6243876190724934,0.616387929267528,0.6251517134332383,1.0,0.6222604243416192,0.6281465258765951,0.6220897956979778,0.6257786552783521,0.62429464180952,0.6296351306784145,0.6222427545391304
3,5,0.2586444208781197,0.9230769230769231,4667,1.6066676330566407,0.9190231362467867,778,1.6020438476873282,0.9156,0.804944338710181,0.08444558119327872,,,0.9342626499200085,,0.9342753877817379,0.06572461221826209,0.967888553024741,0.4027002329145116,5,0.1,0.5,0.6091687979528074,0.6143602727353693,0.6121124717800059,0.6099757103321701,0.6222604243416192,1.0,0.613725526692659,0.6246046923171031,0.6212010774615928,0.6132274387140232,0.6154169949220675,0.6169836459366426
3,6,0.2585502786149404,0.9241410285200988,4453,1.6239529699087143,0.9097035040431267,742,1.6020682299860751,0.9155,0.8057813202889423,0.08402372335121816,,,0.9212913599247138,,0.921309171226344,0.07869082877365596,0.9678699772601745,0.40269517853342496,5,0.1,0.5,0.6046954069757773,0.6080236929199512,0.6106013949880286,0.614799916240436,0.6281465258765951,0.613725526692659,1.0,0.6168991076417243,0.6240934748706375,0.6165319356622864,0.6260240702941215,0.6212724175164269
3,7,0.2545852672864697,0.9235445405658171,4277,1.5964795351028442,0.9242636746143057,713,1.601996874656921,0.9156,0.8088151881293177,0.08495739802367366,,,0.9499999999692519,,0.9500025099141609,0.04999749008583909,0.9679054196245376,0.40270416974741957,5,0.1,0.5,0.6054639798440986,0.6095163542004772,0.6131615651381821,0.6229512219734169,0.6220897956979778,0.6246046923171031,0.6168991076417243,1.0,0.6270552725724299,0.6191977556060485,0.6260283698032162,0.6216657030007838
3,8,0.2633696895522567,0.9208525066602082,4129,1.6406959782947192,0.9055232558139535,688,1.6171406960715882,0.9148,0.7995348005143331,0.07194842691344006,,,0.55,,0.5500125495708047,0.4499874504291953,0.9605804037179543,0.3988927811981857,5,0.1,0.5,0.6067216584374012,0.6065370860637934,0.6102222547105679,0.6142399528197278,0.6257786552783521,0.6212010774615928,0.6240934748706375,0.6270552725724299,1.0,0.6183728495317894,0.6291611076813008,0.6212881854626905
3,9,0.2651100965998488,0.9213196700824794,4001,1.6187279678526378,0.8950524737631185,667,1.6020770149109083,0.9155,0.8035241166150533,0.0837310204990724,,,0.9122913291108086,,0.9123086190452286,0.08769138095477136,0.9678648118313629,0.4026903762056517,5,0.1,0.5,0.6043187430700292,0.6076638459602816,0.6039167846256093,0.6125366820260055,0.62429464180952,0.6132274387140232,0.6165319356622864,0.6191977556060485,0.6183728495317894,1.0,0.6303529582477817,0.6131171012461687
3,10,0.2493027886803277,0.9260992543070198,3889,1.5857895612716675,0.9166666666666666,648,1.602039008475721,0.9155,0.8131559948886028,0.08492277511950676,,,0.9489354144960163,,0.948948345966568,0.05105165403343204,0.96789961758731,0.40270397208992664,5,0.1,0.5,0.6122185218012814,0.6151557225593189,0.6198002374160587,0.6194654783930187,0.6296351306784145,0.6154169949220675,0.6260240702941215,0.6260283698032162,0.6291611076813008,0.6303529582477817,1.0,0.6284270516774294
3,11,0.28984334484807084,0.9141651279345819,3791,1.6109104990959167,0.9066455696202531,632,1.6021034725177021,0.9156,0.8078718211621585,0.08413583724975006,,,0.9247386394235539,,0.9247527734551478,0.07524722654485216,0.9678712859701089,0.40269672026730197,5,0.1,0.5,0.6128497573636448,0.6111479558699,0.6207310739642995,0.61393188772767,0.6222427545391304,0.6169836459366426,0.6212724175164269,0.6216657030007838,0.6212881854626905,0.6131171012461687,0.6284270516774294,1.0
4,0,0.2012166301627437,0.9387143900657414,8214,1.3475322723388672,0.9517896274653032,1369,1.3625823346951518,0.9343,0.7897395787580114,0.08427347752730655,,,0.9248846805832442,,0.9248933286481602,0.0751066713518398,0.9694199883993804,0.3905798807714266,5,0.1,0.5,1.0,0.5977762875662199,0.5971956217656921,0.6026188687051466,0.5984565628000795,0.5976762803684463,0.5929935016473269,0.5898908633574994,0.417350745617171,0.5901619982496691,0.5958200489027284,0.5947963607734228
4,1,0.20849666842101233,0.938028597505324,6574,1.3578059230531965,0.9379562043795621,1096,1.3625764987720088,0.9344,0.7938100660248543,0.08463018900044428,,,0.933717541077362,,0.9337282264946539,0.06627177350534608,0.9694387316586445,0.39058316234202156,5,0.1,0.5,0.5977762875662199,1.0,0.6044951914679803,0.5976894391068619,0.6016860657820481,0.5995475060278523,0.5977503471473518,0.5941913253169838,0.418028964604143,0.5985278797304346,0.6099462581070328,0.5913040847175675
4,2,0.22836806428160786,0.9307625799757911,5783,1.3661102210321734,0.921161825726141,964,1.3626171780851322,0.9344,0.7983284058242597,0.08466301268078265,,,0.9345303183810525,,0.934546458511119,0.06545354148888105,0.9694312928904607,0.39058344931335837,5,0.1,0.5,0.5971956217656921,0.6044951914679803,1.0,0.60377300983556,0.6094527561963029,0.594852189563403,0.6035796396842468,0.605173101226993,0.423145577188107,0.601909106596692,0.6122109582103582,0.5985932745080444
4,3,0.22689164019055125,0.9327785133345943,5287,1.3533714711666107,0.9409761634506243,881,1.3626362214834926,0.9344,0.7938598883740561,0.08444566191443745,,,0.9291482963773042,,0.9291601827217509,0.07083981727824906,0.9694246051981175,0.3905816048003923,5,0.1,0.5,0.6026188687051466,0.5976894391068619,0.60377300983556,1.0,0.6100381022948053,0.5952845193577734,0.5925818422280887,0.6047423950706127,0.41973658246611323,0.6002165555736877,0.5994475506410983,0.5868096832632193
4,4,0.21373854663944053,0.9354002026342452,4935,1.355184596318465,0.9428223844282239,822,1.3626048462078595,0.9344,0.8021442927151261,0.08506779386552328,,,0.9445534771653992,,0.9445660358415742,0.05543396415842583,0.9694562847778926,0.39058609320789683,5,0.1,0.5,0.5984565628000795,0.6016860657820481,0.6094527561963029,0.6100381022948053,1.0,0.6066785851001428,0.6127817974763262,0.6045332341674833,0.4184462503600429,0.611300736120039,0.6136826477059223,0.6002140813197213
4,5,0.23498949905959507,0.9291622026998072,4667,1.3695695877075196,0.9305912596401028,778,1.362640697354326,0.9344,0.79368439586204,0.08460191894721865,,,0.9330175203179881,,0.9330354901862357,0.06696450981376434,0.9694371466776023,0.3905829717032942,5,0.1,0.5,0.5976762803684463,0.5995475060278523,0.594852189563403,0.5952845193577734,0.6066785851001428,1.0,0.5978859292303098,0.6002933539572286,0.4246512547965879,0.5976895261747011,0.6007700735837528,0.5955849172798989
4,6,0.23518295562959143,0.9317763305636649,4453,1.3880217870076497,0.9258760107816711,742,1.3626622856615451,0.9343,0.7949407197273543,0.08436347591326597,,,0.9271132132987268,,0.9271321720797149,0.07286782792028512,0.9694198492838539,0.3905808414816975,5,0.1,0.5,0.5929935016473269,0.5977503471473518,0.6035796396842468,0.5925818422280887,0.6127817974763262,0.5978859292303098,1.0,0.6044214131305734,0.4202382340249202,0.598325234534221,0.6090885185032204,0.5941484933080998
4,7,0.23453517070929727,0.9288753799392098,4277,1.3561309938845427,0.938288920056101,713,1.3625929485113857,0.9345,0.7975306556843841,0.08508066872759464,,,0.9448722834531729,,0.9448772651975302,0.055122734802469764,0.9694583886415759,0.3905861245121732,5,0.1,0.5,0.5898908633574994,0.5941913253169838,0.605173101226993,0.6047423950706127,0.6045332341674833,0.6002933539572286,0.6044214131305734,1.0,0.4265346886285307,0.6028408365125872,0.6091556560767915,0.6026572314407401
4,8,0.32483740268848266,0.9101961734076047,4129,1.4111875187266956,0.9215116279069767,688,1.3834098809824202,0.9328,0.5926697445555638,0.06913391240492392,,,0.55,,0.5500125495708047,0.4499874504291953,0.9624927782876292,0.386736491206306,5,0.1,0.5,0.417350745617171,0.418028964604143,0.423145577188107,0.41973658246611323,0.4184462503600429,0.4246512547965879,0.4202382340249202,0.4265346886285307,1.0,0.41561395004037976,0.4313874883479059,0.4195521161297421
4,9,0.24685835698150302,0.9269182704323919,4001,1.3837411857786632,0.9235382308845578,667,1.3626766520948075,0.9345,0.7950104193050473,0.08416974139561595,,,0.9223159749249636,,0.9223332162040058,0.07766678379599423,0.9693957895774887,0.3905787952920363,5,0.1,0.5,0.5901619982496691,0.5985278797304346,0.601909106596692,0.6002165555736877,0.611300736120039,0.5976895261747011,0.598325234534221,0.6028408365125872,0.41561395004037976,1.0,0.6171762717460467,0.5913526376390063
4,10,0.22683106407324677,0.934687580354847,3889,1.3433224303381783,0.9398148148148148,648,1.3626386906011416,0.9344,0.8040584614380759,0.08528774947064913,,,0.949999999975238,,0.9500025099141609,0.04999749008583909,0.9694592952916391,0.3905871282776568,5,0.1,0.5,0.5958200489027284,0.6099462581070328,0.6122109582103582,0.5994475506410983,0.6136826477059223,0.6007700735837528,0.6090885185032204,0.6091556560767915,0.4313874883479059,0.6171762717460467,1.0,0.60715863676484
4,11,0.2657032092641883,0.9231864943286732,3791,1.37293541431427,0.9208860759493671,632,1.3627011905462978,0.9343,0.7905123020153155,0.08428239815223751,,,0.925105572372461,,0.9251292605792882,0.07487073942071176,0.9694191900221234,0.39058003830113736,5,0.1,0.5,0.5947963607734228,0.5913040847175675,0.5985932745080444,0.5868096832632193,0.6002140813197213,0.5955849172798989,0.5941484933080998,0.6026572314407401,0.4195521161297421,0.5913526376390063,0.60715863676484,1.0
5,0,0.18931311510090176,0.9443876308741174,8214,1.0955440970354302,0.9569028487947406,1369,1.1134747824729823,0.9437,0.7836276845402098,0.08401704276067519,,,0.9142952166921174,,0.9143065107173335,0.08569348928266651,0.967084793055917,0.39104329544393107,5,0.1,0.5,1.0,0.582559183697198,0.5785300007827566,0.5799343432668617,0.5806023465903539,0.581373511001388,0.5706712060171724,0.5766174835605736,0.5782815148939067,0.5672185911190528,0.5846920211300151,0.5694598968124834
5,1,0.19320619197752217,0.9425920292059629,6574,1.107872988496508,0.948905109489051,1096,1.113471743016959,0.9437,0.7808256593517727,0.08415709887493218,,,0.9192799015733195,,0.9192962200692736,0.08070377993072642,0.9671036344605102,0.391046209445838,5,0.1,0.5,0.582559183697198,1.0,0.5795727052674878,0.5772446155395294,0.5730228311128732,0.5797143808504,0.5687103640456661,0.5722630224663371,0.5739679460633315,0.5701427915412292,0.5802429397827606,0.5641326735016071
5,2,0.2147918145506751,0.936123119488155,5783,1.118341657423204,0.9346473029045643,964,1.1135129639135002,0.9437,0.7815474110750494,0.08420449720681115,,,0.920966837909978,,0.9209828823854224,0.07901711761457764,0.9671014723702576,0.39104705147293334,5,0.1,0.5,0.5785300007827566,0.5795727052674878,1.0,0.5774544664674458,0.5784888972497725,0.5696093464100479,0.5697112132862711,0.5799646701314728,0.5749779758438981,0.5715204692425434,0.5803963115661521,0.5679755465245008
5,3,0.2135656125220773,0.9358426328730849,5287,1.103247006024633,0.9523269012485811,881,1.1135276809287147,0.9437,0.7817742463785249,0.08406700102012622,,,0.916073262455402,,0.9160935695999197,0.08390643040008028,0.9670962846452097,0.39104444350193424,5,0.1,0.5,0.5799343432668617,0.5772446155395294,0.5774544664674458,1.0,0.5778864906482214,0.5762303381095518,0.5711868996248658,0.5789505514418484,0.5806167153409661,0.5719662437762842,0.5787305115693528,0.5622274683683219
5,4,0.20259841849486673,0.937548125633232,4935,1.1049681787307446,0.9501216545012166,822,1.1134973379750601,0.9437,0.785250441924197,0.08460590194047209,,,0.9352530839459856,,0.9352743336177902,0.06472566638220978,0.967119720224962,0.39105318236292075,5,0.1,0.5,0.5806023465903539,0.5730228311128732,0.5784888972497725,0.5778864906482214,1.0,0.572851656272757,0.5751328563445394,0.5871060677302926,0.5890087434029453,0.5729328186939543,0.5913849417394273,0.5644566987728659
5,5,0.2167481117428931,0.9352046282408399,4667,1.1226275157928467,0.9395886889460154,778,1.1135358151536399,0.9437,0.7821558608188575,0.08418503864791783,,,0.9202742956040595,,0.920295165905326,0.07970483409467399,0.9671007434635014,0.39104674786207516,5,0.1,0.5,0.581373511001388,0.5797143808504,0.5696093464100479,0.5762303381095518,0.572851656272757,1.0,0.581811718948775,0.5749897688747284,0.5836423845273949,0.5685719094780234,0.5827186306999746,0.5642619620278545
5,6,0.2208992852177471,0.9358185492926118,4453,1.1409601072470348,0.9393530997304582,742,1.1135527902898696,0.9437,0.7793321908347548,0.08392595506035706,,,0.9110533483520742,,0.9110787611063702,0.0889212388936298,0.9670857364089894,0.3910413477056857,5,0.1,0.5,0.5706712060171724,0.5687103640456661,0.5697112132862711,0.5711868996248658,0.5751328563445394,0.581811718948775,1.0,0.5792802610016486,0.578574988575668,0.5663451989834053,0.5831654975462446,0.5652380995509403
5,7,0.2116859968626566,0.9357025952770633,4277,1.1068263364874797,0.9467040673211781,713,1.113486925062661,0.9437,0.7869629702030625,0.08467485211342288,,,0.9377070638131795,,0.9377240098388635,0.062275990161136496,0.967124696211883,0.3910539701602968,5,0.1,0.5,0.5766174835605736,0.5722630224663371,0.5799646701314728,0.5789505514418484,0.5871060677302926,0.5749897688747284,0.5792802610016486,1.0,0.590232635257559,0.5761824353917258,0.5880034675191274,0.5753593144176965
5,8,0.2232898338945457,0.9305885202228142,4129,1.1716850779273293,0.9287790697674418,688,1.1398916964332897,0.9416,0.7807388870113496,0.07378133604936085,,,0.55,,0.5500125495708047,0.4499874504291953,0.959977881377221,0.3870696240053827,5,0.1,0.5,0.5782815148939067,0.5739679460633315,0.5749779758438981,0.5806167153409661,0.5890087434029453,0.5836423845273949,0.578574988575668,0.590232635257559,1.0,0.5756727293132627,0.5971642164121421,0.5764349815567954
5,9,0.23329120261117905,0.9320669832541865,4001,1.1387175037747337,0.9340329835082459,667,1.1135584729167218,0.9437,0.7771577200926602,0.08371966911424476,,,0.9037115022481358,,0.9037247126148286,0.09627528738517144,0.9670616492551322,0.39103599734365263,5,0.1,0.5,0.5672185911190528,0.5701427915412292,0.5715204692425434,0.5719662437762842,0.5729328186939543,0.5685719094780234,0.5663451989834053,0.5761824353917258,0.5756727293132627,1.0,0.5883587984195219,0.5612350677665893
5,10,0.20854978671480642,0.9389046027256364,3889,1.0918554436592829,0.9475308641975309,648,1.1135342050665102,0.9438,0.7928325621911478,0.08502025025015231,,,0.9499999999644093,,0.9500025099141609,0.04999749008583909,0.967132088663278,0.3910570261304627,5,0.1,0.5,0.5846920211300151,0.5802429397827606,0.5803963115661521,0.5787305115693528,0.5913849417394273,0.5827186306999746,0.5831654975462446,0.5880034675191274,0.5971642164121421,0.5883587984195219,1.0,0.5787040974709682
5,11,0.2412419430911541,0.9299393299920865,3791,1.1256256759166718,0.9240506329113924,632,1.1135970123659689,0.9437,0.7727943512630935,0.08364135696152754,,,0.9009243236537929,,0.9009387078961899,0.0990612921038101,0.967055408735548,0.3910336044057547,5,0.1,0.5,0.5694598968124834,0.5641326735016071,0.5679755465245008,0.5622274683683219,0.5644566987728659,0.5642619620278545,0.5652380995509403,0.5753593144176965,0.5764349815567954,0.5612350677665893,0.5787040974709682,1.0
6,0,0.17796246573919655,0.9477964450937424,8214,0.8694374755371449,0.960555149744339,1369,0.8890561741381027,0.9487,0.7685962677790029,0.08417823006456267,,,0.9144613843544903,,0.9144721650519553,0.08552783494804472,0.9650996764377924,0.3790890357182967,5,0.1,0.5,1.0,0.5625784022980849,0.5495410388068699,0.5598083279860309,0.5637718888198409,0.5635779070238451,0.540080752206717,0.5440979560117135,0.5240636905808673,0.483422793144903,0.5512550162486731,0.5441697745108391
6,1,0.18104769981475274,0.945664739884393,6574,0.8828108940805708,0.9543795620437956,1096,0.8890630153421396,0.9487,0.7701033716846193,0.08432659413934923,,,0.9209176517508941,,0.9209326841022037,0.07906731589779625,0.9651205260611404,0.37909299554678627,5,0.1,0.5,0.5625784022980849,1.0,0.5627267223720225,0.5548321474779722,0.5572478504703556,0.5616283604953324,0.546194295045798,0.5516535767152694,0.5183335520299723,0.4834264291323227,0.5576216133253585,0.5421839521937752
6,2,0.2034623982492855,0.9382327511672143,5783,0.8954126200368328,0.9398340248962656,964,0.8890979455682797,0.9487,0.7664810655206091,0.08422971514647022,,,0.9167018287221655,,0.9167210481401536,0.08327895185984635,0.9651172981237929,0.3790905904789551,5,0.1,0.5,0.5495410388068699,0.5627267223720225,1.0,0.5520255844362113,0.5517192462114539,0.5537138139332347,0.5393134907783956,0.5464810186585362,0.5215770579252673,0.4860051441968414,0.5548304358994944,0.548110521587774
6,3,0.1962017654205661,0.9422735010402875,5287,0.8774637154170445,0.9580022701475596,881,0.8891050855572612,0.9487,0.7677053157975734,0.08418030362234077,,,0.9145516180818707,,0.9145675417900708,0.08543245820992917,0.9651043070914976,0.3790892518641154,5,0.1,0.5,0.5598083279860309,0.5548321474779722,0.5520255844362113,1.0,0.5619719585763576,0.554621827982561,0.5428327294605091,0.5530570018041382,0.5189990703986154,0.4823373918038894,0.5531146521431819,0.5437906845463801
6,4,0.18327478396976668,0.9437082066869301,4935,0.8793563132102673,0.9549878345498783,822,0.8890822529792786,0.9487,0.7753180965504624,0.08481573363524131,,,0.9422032317281526,,0.9422217760152602,0.05777822398473975,0.965151733829544,0.379101497649644,5,0.1,0.5,0.5637718888198409,0.5572478504703556,0.5517192462114539,0.5619719585763576,1.0,0.5585986115193757,0.5511831012792274,0.5615906088815171,0.5319428803961977,0.48667899181702684,0.5677309449555155,0.5522338312852562
6,5,0.20126685936271838,0.9394043282622669,4667,0.9006677508354187,0.9447300771208226,778,0.8891281182773578,0.9487,0.770797980396201,0.08437021397450524,,,0.922815829055335,,0.9228301792078711,0.07716982079212886,0.9651218675419865,0.3790940464788224,5,0.1,0.5,0.5635779070238451,0.5616283604953324,0.5537138139332347,0.554621827982561,0.5585986115193757,1.0,0.5548048024223957,0.554841605148954,0.5246404879564868,0.4800869749531381,0.5537355130086795,0.5451109060773185
6,6,0.20508305336348712,0.9378396586570851,4453,0.9173337320486704,0.9420485175202157,742,0.8891618988765314,0.9487,0.7588052592082342,0.0837681214073541,,,0.8966149403529509,,0.8966316951960243,0.10336830480397574,0.9650610180442212,0.37907402385223066,5,0.1,0.5,0.540080752206717,0.546194295045798,0.5393134907783956,0.5428327294605091,0.5511831012792274,0.5548048024223957,1.0,0.5483777530395698,0.5149033511584818,0.46654279491992606,0.5518897820630703,0.5413206645745563
6,7,0.19778834996995195,0.9410801963993454,4277,0.8823795785074648,0.9551192145862553,713,0.8890759167960658,0.9487,0.765736777524046,0.08452132177911288,,,0.929391493640134,,0.9294011344812008,0.07059886551879924,0.9651448210812953,0.3790971483407711,5,0.1,0.5,0.5440979560117135,0.5516535767152694,0.5464810186585362,0.5530570018041382,0.5615906088815171,0.554841605148954,0.5483777530395698,1.0,0.5204512777546042,0.4748220305602292,0.5537855867587986,0.547418751910727
6,8,0.23298229033234888,0.9302978929522887,4129,0.9514037614518945,0.936046511627907,688,0.9174135725338238,0.9479,0.7277782084799389,0.07580296107937412,,,0.55,,0.5500125495708047,0.4499874504291953,0.9579420296856527,0.3751739860874783,5,0.1,0.5,0.5240636905808673,0.5183335520299723,0.5215770579252673,0.5189990703986154,0.5319428803961977,0.5246404879564868,0.5149033511584818,0.5204512777546042,1.0,0.4549962637402321,0.5256186302927854,0.5211828319897652
6,9,0.260150453995078,0.929217695576106,4001,0.9173796858106341,0.9400299850074962,667,0.8895391831382776,0.949,0.6895475984348566,0.08116341679826702,,,0.7832676258558006,,0.7832789518598464,0.21672104814015358,0.964337031638342,0.3787514891818621,5,0.1,0.5,0.483422793144903,0.4834264291323227,0.4860051441968414,0.4823373918038894,0.48667899181702684,0.4800869749531381,0.46654279491992606,0.4748220305602292,0.4549962637402321,1.0,0.49196598035640715,0.47802267962428824
