round,client_id,client_i_training_loss,client_i_training_accuracy,client_i_training_dataset_size,client_i_evaluation_loss,client_i_evaluation_accuracy,client_i_evaluation_dataset_size,client_i_central_evaluation_loss,client_i_central_evaluation_accuracy,client_i_cosine_similarity,client_i_importance_coefficient,client_i_tanh_val,tanh_normalization_value,client_i_q,client_i_mask_order,client_i_v_nonzero_fraction,client_i_v_sparsity,client_i_v_cosine_similarity,client_i_reward_gradient_norm,local_epochs,learning_rate,gamma,client_0_cosine_similarity,client_1_cosine_similarity,client_2_cosine_similarity,client_3_cosine_similarity,client_4_cosine_similarity,client_5_cosine_similarity,client_6_cosine_similarity,client_7_cosine_similarity,client_8_cosine_similarity,client_9_cosine_similarity,client_10_cosine_similarity,client_11_cosine_similarity
0,0,2.130578767186473,0.3698076454833212,8214,2.266537023145099,0.30314097881665447,1369,2.267169749013151,0.3117,0.9650238644399679,0.08146387803643484,,,0.55,,0.5500188476817351,0.44998115231826485,0,0.0984310459122352,5,0.001,0.1,1.0,0.9846299340650481,0.97345108388342,0.9446233572782519,0.9554554056673461,0.932506251844941,0.93606090239879,0.933026201660365,0.9257386050474564,0.9224379349469979,0.9218500658499191,0.9140295051977511
0,1,2.205748926783071,0.385792515972011,6574,2.266181230545044,0.32299270072992703,1096,2.267041795931685,0.3114,0.9906689922055717,0.08362874839613142,,,0.8923410932606569,,0.8923604063366872,0.10763959366331277,0,0.09861399748248319,5,0.001,0.1,0.9846299340650481,1.0,0.992136252883919,0.9705667378463878,0.9848710013239778,0.9685299389276051,0.9745032388094552,0.9718482282685394,0.9670907975516013,0.9648746124036657,0.9594241222575549,0.9562934137537384
0,2,2.2227323937811247,0.37212519453570814,5783,2.2656203008467153,0.33402489626556015,964,2.267041098195524,0.3113,0.9944922451710811,0.08395149379628322,,,0.9433783355776986,,0.9433989619276829,0.05660103807231709,0,0.09861530076319408,5,0.001,0.1,0.97345108388342,0.992136252883919,1.0,0.9722140003182385,0.9919837010006104,0.9724570292731876,0.9824351821276656,0.9810509996623706,0.9771987277638593,0.9757165688253663,0.9716354301948322,0.9707591383830352
0,3,2.237780853639166,0.3595611878191791,5287,2.268103982721056,0.3257661748013621,881,2.267045107131568,0.3113,0.9847514069029419,0.08312920691832208,,,0.8133462588234288,,0.8133741216497038,0.1866258783502962,0,0.09860812513029087,5,0.001,0.1,0.9446233572782519,0.9705667378463878,0.9722140003182385,1.0,0.9757708933933564,0.9887834588799533,0.9733284611741433,0.9742770151416101,0.9744295586254549,0.9684597730341669,0.9631322462543432,0.9609696141631474
0,4,2.239756821355512,0.35724417426545085,4935,2.2694025406470666,0.28345498783454987,822,2.267040508623702,0.3113,0.9964865017614454,0.08411984183578489,,,0.9699999998418652,,0.9700176878243976,0.029982312175602432,0,0.09861559851476473,5,0.001,0.1,0.9554554056673461,0.9848710013239778,0.9919837010006104,0.9757708933933564,1.0,0.9801958605349547,0.990039153970956,0.9911849494200712,0.9870241975263787,0.9881656563739993,0.9838750329166311,0.984019816893972
0,5,2.24925304896211,0.34664666809513606,4667,2.2694687843322754,0.30205655526992287,778,2.2670428501531337,0.3114,0.986778318468703,0.0833003115745573,,,0.8404038398075231,,0.8404229613090923,0.15957703869090767,0,0.09861076620882293,5,0.001,0.1,0.932506251844941,0.9685299389276051,0.9724570292731876,0.9887834588799533,0.9801958605349547,1.0,0.979018691442544,0.981684003205759,0.9822122013316587,0.9779831004907525,0.9746909295741343,0.9726697373609067
0,6,2.248932684149061,0.3799236469795643,4453,2.267985979715983,0.3032345013477089,742,2.2670419338031316,0.3113,0.9917757720063123,0.0837221788054955,,,0.9071156816521628,,0.9071389219126047,0.0928610780873953,0,0.09861453795735722,5,0.001,0.1,0.93606090239879,0.9745032388094552,0.9824351821276656,0.9733284611741433,0.990039153970956,0.979018691442544,1.0,0.9932606796132087,0.9919109915907258,0.9904281144166229,0.9794576041679529,0.985663747499217
0,7,2.2521933075207383,0.35595043254617725,4277,2.2655780004418413,0.2903225806451613,713,2.267041864486548,0.3112,0.9924297217754773,0.0837773829161919,,,0.9158453663298803,,0.9158668483776495,0.08413315162235047,0,0.09861473217556897,5,0.001,0.1,0.933026201660365,0.9718482282685394,0.9810509996623706,0.9742770151416101,0.9911849494200712,0.981684003205759,0.9932606796132087,1.0,0.9943370507398913,0.9943752302463317,0.9870534381192956,0.9887783351717783
0,8,2.25489637191479,0.35558246548801165,4129,2.2672179612246426,0.3008720930232558,688,2.2670416831970215,0.3114,0.9892884540257824,0.08351220827930408,,,0.8739120585497806,,0.8739186746696823,0.12608132533031768,0,0.09861286235525786,5,0.001,0.1,0.9257386050474564,0.9670907975516013,0.9771987277638593,0.9744295586254549,0.9870241975263787,0.9822122013316587,0.9919109915907258,0.9943370507398913,1.0,0.9905186413996234,0.9800169387219048,0.9873147689216263
0,9,2.25653063380529,0.3393651587103224,4001,2.2630048252287365,0.3538230884557721,667,2.2670429986886704,0.3115,0.9880569104698571,0.08340824575803041,,,0.857471977954861,,0.8574921951266661,0.14250780487333392,0,0.0986119250888823,5,0.001,0.1,0.9224379349469979,0.9648746124036657,0.9757165688253663,0.9684597730341669,0.9881656563739993,0.9779831004907525,0.9904281144166229,0.9943752302463317,0.9905186413996234,1.0,0.9860894942214266,0.9891840184578483
0,10,2.255693820265473,0.3175623553612754,3889,2.268020902361189,0.3101851851851852,648,2.2670453874447856,0.3121,0.9834288930892714,0.08301756501184872,,,0.7956918010658972,,0.7957056282077305,0.2042943717922695,0,0.09860519172788125,5,0.001,0.1,0.9218500658499191,0.9594241222575549,0.9716354301948322,0.9631322462543432,0.9838750329166311,0.9746909295741343,0.9794576041679529,0.9870534381192956,0.9800169387219048,0.9860894942214266,1.0,0.9839654690513766
0,11,2.258301468857196,0.29005539435505145,3791,2.2645239353179933,0.30537974683544306,632,2.2670462535212215,0.3121,0.9828528638122899,0.0829689386716155,,,0.788002290051004,,0.7880215733464784,0.21197842665352162,0,0.09860395118181983,5,0.001,0.1,0.9140295051977511,0.9562934137537384,0.9707591383830352,0.9609696141631474,0.984019816893972,0.9726697373609067,0.985663747499217,0.9887783351717783,0.9873147689216263,0.9891840184578483,0.9839654690513766,1.0
1,0,1.9122671893598504,0.45169223277331383,8214,2.2189961255982866,0.48794740686632576,1369,2.220458763475997,0.4887,0.9755713684593533,0.08160315318765607,,,0.55,,0.5500188476817351,0.44998115231826485,0.9608163453596527,0.09914319627893939,5,0.001,0.1,1.0,0.9923859775977705,0.9842772431284637,0.9797582192683342,0.9734566768252794,0.9676314502269159,0.964046204988291,0.9622067368163456,0.9594069479416891,0.954487297110727,0.947896683963844,0.946725474261291
1,1,2.0553223109939722,0.4566169759659264,6574,2.2176439217158728,0.5091240875912408,1096,2.220022752262152,0.4877,0.9911645848272512,0.08343759392278138,,,0.8745193065561319,,0.8745275997718948,0.12547240022810524,0.9626624604880057,0.09935646089012075,5,0.001,0.1,0.9923859775977705,1.0,0.9955749949644017,0.9930665348825256,0.9897563783701181,0.9860758586745405,0.9830078151814793,0.9815282839529798,0.9791828584576842,0.9765977873302628,0.9713901326294108,0.9691703663382678
1,2,2.0983666114385615,0.4392183987549715,5783,2.21914602095081,0.4927385892116183,964,2.220019578171995,0.4877,0.9961534479864005,0.08379723414829866,,,0.9381409839206971,,0.9381651056919998,0.061834894308000155,0.9626820186009407,0.0993594234875266,5,0.001,0.1,0.9842772431284637,0.9955749949644017,1.0,0.9952406198229257,0.9959507966272204,0.9913312733755293,0.989884805325893,0.9890831879163714,0.9866750500529065,0.9855795517414451,0.9828241676202458,0.9805447057356836
1,3,2.126456534718893,0.45481369396633253,5287,2.2209602764674594,0.4982973893303065,881,2.220029874350697,0.4876,0.9974072928084345,0.08333253885827877,,,0.8559346796288028,,0.8559553841544156,0.14404461584558437,0.9626008080485041,0.09935530320085055,5,0.001,0.1,0.9797582192683342,0.9930665348825256,0.9952406198229257,1.0,0.995071666122013,0.9948168752845808,0.9922414282488548,0.9924971858778702,0.9914485529880663,0.9888442916346145,0.9844383353374313,0.9844373881496054
1,4,2.13745048938259,0.4367173252279635,4935,2.2227370463884792,0.4732360097323601,822,2.2200185087161324,0.4877,0.9985237694620661,0.08397732659695012,,,0.9699999998230964,,0.9700176878243976,0.029982312175602432,0.9626839593128563,0.09935952808729209,5,0.001,0.1,0.9734566768252794,0.9897563783701181,0.9959507966272204,0.995071666122013,1.0,0.9946770300729234,0.9946893832229107,0.9948345222263633,0.9922288075027351,0.9936159583413086,0.9908526021177665,0.9898638430494677
1,5,2.156354718338953,0.46140989929290765,4667,2.2242242813110353,0.4640102827763496,778,2.220025329925001,0.4876,0.9968472651711047,0.08341956120503682,,,0.8713292525272744,,0.871347657571452,0.12865234242854795,0.9626169402760967,0.09935643410766347,5,0.001,0.1,0.9676314502269159,0.9860758586745405,0.9913312733755293,0.9948168752845808,0.9946770300729234,1.0,0.9930796683019071,0.993762690189565,0.993452999790127,0.9912087941933362,0.9891236836517127,0.9898225204926374
1,6,2.160456541946956,0.4788681787558949,4453,2.22148988644282,0.46630727762803237,742,2.220020548604167,0.4877,0.9965152747534632,0.08366803567545393,,,0.9152852993445368,,0.9153062506645016,0.08469374933549845,0.962670696157845,0.09935885180265341,5,0.001,0.1,0.964046204988291,0.9830078151814793,0.989884805325893,0.9922414282488548,0.9946893832229107,0.9930796683019071,1.0,0.9958244442608561,0.9951559158235433,0.9941836558604524,0.9870323165966447,0.9917617927852581
1,7,2.1662613263770716,0.4614916997895721,4277,2.2181354294652524,0.4670406732117812,713,2.220020437392945,0.4877,0.9971144522617995,0.08372133175663313,,,0.924713571937519,,0.9247349242709814,0.07526507572901864,0.9626754420849023,0.09935922349712224,5,0.001,0.1,0.9622067368163456,0.9815282839529798,0.9890831879163714,0.9924971858778702,0.9948345222263633,0.993762690189565,0.9958244442608561,1.0,0.9965303064990916,0.9960631378337641,0.9918186553818943,0.9938918595081554
1,8,2.1728324915812567,0.46447081617825137,4129,2.2196198159998115,0.4738372093023256,688,2.2200225146052937,0.4876,0.9954731351595785,0.08350532061141903,,,0.8865004066326804,,0.8865176249987918,0.11348237500120817,0.9626423586198912,0.09935741080607965,5,0.001,0.1,0.9594069479416891,0.9791828584576842,0.9866750500529065,0.9914485529880663,0.9922288075027351,0.993452999790127,0.9951559158235433,0.9965303064990916,1.0,0.9939465750934713,0.9878176038211319,0.9926062797276999
1,9,2.1781326543717157,0.4296425893526618,4001,2.2150606995537165,0.5217391304347826,667,2.2200242947465694,0.4876,0.99486601185732,0.08342180862533591,,,0.8717268294361566,,0.8717391094228744,0.12826089057712564,0.9626586574669633,0.09935643622259037,5,0.001,0.1,0.954487297110727,0.9765977873302628,0.9855795517414451,0.9888442916346145,0.9936159583413086,0.9912087941933362,0.9941836558604524,0.9960631378337641,0.9939465750934713,1.0,0.9922347503303067,0.9943769014816127
1,10,2.175060435592151,0.41830804834147595,3889,2.222242389406477,0.48302469135802467,648,2.220036358879016,0.4876,0.9911751613793288,0.08306240256825441,,,0.8081465773283152,,0.808164429108553,0.19183557089144698,0.9625356460268861,0.09934931717546398,5,0.001,0.1,0.947896683963844,0.9713901326294108,0.9828241676202458,0.9844383353374313,0.9908526021177665,0.9891236836517127,0.9870323165966447,0.9918186553818943,0.9878176038211319,0.9922347503303067,1.0,0.9917025829539277
1,11,2.1824443917314547,0.41566868900026377,3791,2.2170787692070006,0.5063291139240507,632,2.2200373125533326,0.4877,0.9918297341600593,0.08305369284390195,,,0.8066057950871472,,0.8066276181363026,0.19337238186369743,0.9625236502942447,0.09934927675323879,5,0.001,0.1,0.946725474261291,0.9691703663382678,0.9805447057356836,0.9844373881496054,0.9898638430494677,0.9898225204926374,0.9917617927852581,0.9938918595081554,0.9926062797276999,0.9943769014816127,0.9917025829539277,1.0
2,0,1.69972098430307,0.5038470903335768,8214,2.159304003382838,0.5003652300949598,1369,2.161773731914191,0.4989,0.9853218909776363,0.08193756533392291,,,0.55,,0.5500188476817351,0.44998115231826485,0.984210160366286,0.09934540854434581,5,0.001,0.1,1.0,0.9944446209435527,0.9898143350028444,0.9875235085155062,0.984750180423351,0.9795103464085648,0.9794686284733078,0.9775722824151365,0.9756818842057313,0.9718763930237231,0.965129764307472,0.9671177726854641
2,1,1.8610880563560042,0.49272893215698205,6574,2.156680052621024,0.5136861313868614,1096,2.160873668262372,0.4975,0.9937985969468768,0.08333770283437181,,,0.8595950171081939,,0.8596186002455032,0.14038139975449682,0.9853121559588076,0.09956210823114288,5,0.001,0.1,0.9944446209435527,1.0,0.9972215569704793,0.9956552997929726,0.993257640278641,0.9910371536560577,0.989011636097064,0.9874753690650728,0.9863328380869867,0.9832504503660248,0.9776599226844971,0.9785425230649756
2,2,1.9272136585488504,0.4747362960401176,5783,2.160094484206169,0.5031120331950207,964,2.1608581565820373,0.4974,0.9970063837660409,0.0836621515257369,,,0.9313363268879141,,0.9313557765728149,0.06864422342718512,0.9853759859052008,0.09956652906437363,5,0.001,0.1,0.9898143350028444,0.9972215569704793,1.0,0.9971582867984059,0.996738299374922,0.9946930523240599,0.993233537100544,0.9923211556387123,0.9911442329331721,0.9890106211750243,0.9855825811496874,0.9851516256577522
2,3,1.9666246440037187,0.48012105163608854,5287,2.1618709479059492,0.5175936435868331,881,2.160878817494304,0.4974,0.997967356435056,0.0834079087309518,,,0.8751187751289675,,0.8751461903519201,0.1248538096480799,0.9853336224067145,0.09956393939575367,5,0.001,0.1,0.9875235085155062,0.9956552997929726,0.9971582867984059,1.0,0.996855112118305,0.9962463801654599,0.9949524760208552,0.9945170289935478,0.9944280347276341,0.9917378817367448,0.9869095971129994,0.987520593498514
2,4,1.9884963264772968,0.46030395136778113,4935,2.164047442949735,0.48418491484184917,822,2.160857471033407,0.4974,0.9989960150486453,0.0838370072415213,,,0.9699999997788824,,0.9700176878243976,0.029982312175602432,0.9853697660315688,0.09956678037177726,5,0.001,0.1,0.984750180423351,0.993257640278641,0.996738299374922,0.996855112118305,1.0,0.9962561314798019,0.9965960220658046,0.996761742572563,0.9955741044656063,0.9948768382174471,0.9921075067150492,0.9919534909390127
2,5,2.020565300934935,0.4833083351189201,4667,2.167217273712158,0.4652956298200514,778,2.160873879259006,0.4974,0.9976284567443261,0.08345038437677457,,,0.8845108871829379,,0.8845313693082417,0.11546863069175828,0.9853197742989425,0.09956446974008754,5,0.001,0.1,0.9795103464085648,0.9910371536560577,0.9946930523240599,0.9962463801654599,0.9962561314798019,1.0,0.9948726944506424,0.9949178416079237,0.9955435801722611,0.9935668758397622,0.9912939531616747,0.9913923056699467
2,6,2.0287974687985013,0.4946777453402201,4453,2.1630075176556907,0.4609164420485175,742,2.1608603312946357,0.4975,0.9979178931522785,0.08361228481483887,,,0.9203099204037971,,0.9203226336493945,0.07967736635060552,0.9853583025528572,0.09956621169534167,5,0.001,0.1,0.9794686284733078,0.989011636097064,0.993233537100544,0.9949524760208552,0.9965960220658046,0.9948726944506424,1.0,0.9973333535850131,0.9971282684398523,0.99549183238983,0.9907232350402796,0.9939588842274936
2,7,2.039141237024051,0.4714519523030161,4277,2.1587515188300093,0.4908835904628331,713,2.1608594895932622,0.4975,0.9980924079754565,0.08365064434214768,,,0.928791886289023,,0.9288040904302104,0.0711959095697896,0.9853699531130306,0.0995663949714519,5,0.001,0.1,0.9775722824151365,0.9874753690650728,0.9923211556387123,0.9945170289935478,0.996761742572563,0.9949178416079237,0.9973333535850131,1.0,0.9975118816071857,0.9971625531518075,0.9938163427774784,0.9954431861864853
2,8,2.0536279485775872,0.48055219181399855,4129,2.159806500781666,0.4883720930232558,688,2.1608670321516334,0.4975,0.997546286234478,0.08350038022843224,,,0.89556584895943,,0.8955790104483815,0.10442098955161849,0.9853413557023707,0.09956496635225848,5,0.001,0.1,0.9756818842057313,0.9863328380869867,0.9911442329331721,0.9944280347276341,0.9955741044656063,0.9955435801722611,0.9971282684398523,0.9975118816071857,1.0,0.9966397928596816,0.9925294524362909,0.9957756168181109
2,9,2.0621013847608416,0.4443889027743064,4001,2.154750551496233,0.5232383808095952,667,2.160871825659999,0.4975,0.9963200904720649,0.08340948750936793,,,0.8754678707932102,,0.8754941475531843,0.12450585244681567,0.9853245578040342,0.0995639414759699,5,0.001,0.1,0.9718763930237231,0.9832504503660248,0.9890106211750243,0.9917378817367448,0.9948768382174471,0.9935668758397622,0.99549183238983,0.9971625531518075,0.9966397928596816,1.0,0.994306173751488,0.9956808215676223
2,10,2.0584305331355237,0.43162766778092054,3889,2.164243209929693,0.5046296296296297,648,2.160908982395745,0.4976,0.9930467017651575,0.08308306281899482,,,0.8032896328928615,,0.8033075265075729,0.19669247349242713,0.9852856694847726,0.09955470759999346,5,0.001,0.1,0.965129764307472,0.9776599226844971,0.9855825811496874,0.9869095971129994,0.9921075067150492,0.9912939531616747,0.9907232350402796,0.9938163427774784,0.9925294524362909,0.994306173751488,1.0,0.9944043957345583
2,11,2.0725002070434955,0.4297019256132946,3791,2.1575494050979613,0.5126582278481012,632,2.1609092832754215,0.4976,0.9940897844804331,0.083111420242939,,,0.8095599578776057,,0.8095755888692358,0.19042441113076425,0.9852771715007814,0.09955570498586233,5,0.001,0.1,0.9671177726854641,0.9785425230649756,0.9851516256577522,0.987520593498514,0.9919534909390127,0.9913923056699467,0.9939588842274936,0.9954431861864853,0.9957756168181109,0.9956808215676223,0.9944043957345583,1.0
3,0,1.5245755855211487,0.5501826150474799,8214,2.0858805734057757,0.5164353542731921,1369,2.089511926943502,0.5118,0.9892932534355984,0.08223040551750203,,,0.55,,0.5500188476817351,0.44998115231826485,0.9929930822991018,0.09946634236916976,5,0.001,0.1,1.0,0.9958071898868905,0.9928986804926592,0.9903497046017643,0.9888689088739849,0.9853335694280608,0.9849953514425899,0.9835088741583587,0.9824260954217227,0.9796261823317682,0.9746188582536544,0.9768907942139895
3,1,1.6739645210863316,0.5326133252205658,6574,2.0816567625318254,0.5282846715328468,1096,2.0879909359989837,0.5108,0.9961998155883521,0.08331263537924909,,,0.8560505733737951,,0.856066537149264,0.14393346285073605,0.9933047651536434,0.09968868148473434,5,0.001,0.1,0.9958071898868905,1.0,0.9978772920577373,0.996824387491738,0.9955254733010704,0.993892124828051,0.9932645988544353,0.9922484352877705,0.9913715431844606,0.9894985900218495,0.9848483284168735,0.9866117888691404
3,2,1.74562436414687,0.5089054124157012,5783,2.0868566266952024,0.5186721991701245,964,2.087955344599276,0.5106,0.998022364091617,0.08357059009426937,,,0.9289992058472945,,0.9290118982031876,0.07098810179681236,0.9933235720962007,0.09969313475199983,5,0.001,0.1,0.9928986804926592,0.9978772920577373,1.0,0.9977457896453986,0.9975408052839173,0.9959021020462099,0.9958484166051519,0.9950817812536,0.9946244275879789,0.9924541785941983,0.9893735233948835,0.9901479130662503
3,3,1.7841852392058775,0.5196141479099678,5287,2.089081202234541,0.5334846765039728,881,2.0879877702877545,0.5108,0.9984896344033929,0.08342966928940983,,,0.8891473271919259,,0.8891707986584316,0.11082920134156837,0.993318076559484,0.09969141783433814,5,0.001,0.1,0.9903497046017643,0.996824387491738,0.9977457896453986,1.0,0.9975919311949902,0.9972758122932917,0.9967089561363058,0.9964420236669298,0.9962490328705712,0.9939644914929977,0.9901859188210742,0.991702821562427
3,4,1.8132557232149185,0.4886322188449848,4935,2.0916358966093798,0.49148418491484186,822,2.0879532833830616,0.5106,0.9991892418716674,0.08371557359484644,,,0.9699999997172037,,0.9700176878243976,0.029982312175602432,0.9933270398801047,0.09969370351340999,5,0.001,0.1,0.9888689088739849,0.9955254733010704,0.9975408052839173,0.9975919311949902,1.0,0.9973233444127868,0.997636408090858,0.9975927940013244,0.997140802565928,0.9961784709312067,0.9935324415176798,0.9944487491737568
3,5,1.85365464099466,0.5138632954788943,4667,2.097009582519531,0.480719794344473,778,2.0879831268383673,0.5108,0.9983899482276213,0.08345251427098087,,,0.8956078028779728,,0.8956225050985396,0.10437749490146042,0.9933238172091923,0.09969143284266084,5,0.001,0.1,0.9853335694280608,0.993892124828051,0.9959021020462099,0.9972758122932917,0.9973233444127868,1.0,0.9968375023766808,0.9968331476971559,0.9970120165408479,0.995392207800151,0.993775832863589,0.9942069828923542
3,6,1.8639103031158448,0.5102178306759488,4453,2.090573658545812,0.477088948787062,742,2.087957784390678,0.5106,0.9985097147960789,0.08355572992093775,,,0.9247968041863072,,0.924817080832391,0.075182919167609,0.9933266083012781,0.09969313148237256,5,0.001,0.1,0.9849953514425899,0.9932645988544353,0.9958484166051519,0.9967089561363058,0.997636408090858,0.9968375023766808,1.0,0.9977580766200735,0.9974136982984158,0.9964781425053851,0.9928905379300617,0.9953679169868451
3,7,1.8789952256786289,0.4948795884966098,4277,2.085664697315382,0.4950911640953717,713,2.087956362258131,0.5106,0.9986886674415226,0.08358504817778695,,,0.9330878980067376,,0.933105228056949,0.06689477194305105,0.9933237950813207,0.09969324973053885,5,0.001,0.1,0.9835088741583587,0.9922484352877705,0.9950817812536,0.9964420236669298,0.9975927940013244,0.9968331476971559,0.9977580766200735,1.0,0.9981415968565066,0.9981568908367626,0.9948866601588687,0.9966743209079577
3,8,1.8924860839660351,0.49377573262291113,4129,2.0862863172184336,0.5043604651162791,688,2.0879713323550484,0.5106,0.9982902346917498,0.08347997302256402,,,0.9033730355362047,,0.9033935492601076,0.09660645073989238,0.9933192231430995,0.09969233239625333,5,0.001,0.1,0.9824260954217227,0.9913715431844606,0.9946244275879789,0.9962490328705712,0.997140802565928,0.9970120165408479,0.9974136982984158,0.9981415968565066,1.0,0.996981356956395,0.9946379968498013,0.9965503496663901
3,9,1.911117524949331,0.46078480379905024,4001,2.080623921893892,0.5337331334332833,667,2.0879809010904817,0.5108,0.9972857998394303,0.08339175840963522,,,0.8784262716174736,,0.8784469510250239,0.1215530489749761,0.9933273840728882,0.09969044376329926,5,0.001,0.1,0.9796261823317682,0.9894985900218495,0.9924541785941983,0.9939644914929977,0.9961784709312067,0.995392207800151,0.9964781425053851,0.9981568908367626,0.996981356956395,1.0,0.9948985815098373,0.9968834481627438
3,10,1.910373737382107,0.45137567498071485,3889,2.0923531963711692,0.5138888888888888,648,2.0880626131551336,0.5107,0.9947012581192921,0.08310798142235583,,,0.798175196742359,,0.7981848232667382,0.20181517673326177,0.9932260063145026,0.09968040183401246,5,0.001,0.1,0.9746188582536544,0.9848483284168735,0.9893735233948835,0.9901859188210742,0.9935324415176798,0.993775832863589,0.9928905379300617,0.9948866601588687,0.9946379968498013,0.9948985815098373,1.0,0.9959411307157555
3,11,1.9306274524255962,0.44547612767079925,3791,2.0849993348121645,0.5268987341772152,632,2.0880559625717017,0.5107,0.9960245708069595,0.08316812090046266,,,0.8151824171190768,,0.8152105624341539,0.1847894375658461,0.9932363071000145,0.0996839932177974,5,0.001,0.1,0.9768907942139895,0.9866117888691404,0.9901479130662503,0.991702821562427,0.9944487491737568,0.9942069828923542,0.9953679169868451,0.9966743209079577,0.9965503496663901,0.9968834481627438,0.9959411307157555,1.0
4,0,1.3862482826069635,0.585463842220599,8214,1.9981616236442743,0.5339663988312637,1369,2.0030451655007018,0.5271,0.9902510683829658,0.08242912693249116,,,0.55,,0.5500188476817351,0.44998115231826485,0.9960696190460446,0.0994985343180336,5,0.001,0.1,1.0,0.9958274335087018,0.9933703561819985,0.9906124803856885,0.9900024948433819,0.986479151031735,0.9862536665445198,0.985071427739013,0.9835233878816599,0.9815923258725217,0.9782295920175875,0.9801650394342856
4,1,1.516376289580632,0.5708548828719197,6574,1.9917906965528216,0.5374087591240876,1096,2.0007563109595936,0.5262,0.9965920563188277,0.0832978862730382,,,0.854846378314249,,0.8548728506393714,0.14512714936062865,0.9967420839545579,0.09972513604810129,5,0.001,0.1,0.9958274335087018,1.0,0.9979597302134596,0.9966424322265715,0.9960865651764094,0.9943893162179632,0.9937693138865002,0.9930005961659955,0.9920455603030418,0.990467951045751,0.9875364415272126,0.9891532443941619
4,2,1.585134347235959,0.5501988587238458,5783,1.999021214823569,0.533195020746888,964,2.0006873878046347,0.5262,0.9983082092325543,0.08351157094551474,,,0.9298280164566612,,0.9298479620340031,0.0701520379659969,0.9967809584633968,0.0997293872015897,5,0.001,0.1,0.9933703561819985,0.9979597302134596,1.0,0.9976202110606759,0.9977786113681001,0.9963669852218019,0.9962505600674003,0.9956102970351265,0.9946273032045285,0.993489949448971,0.991745389699137,0.9925439427962943
4,3,1.6153833555169852,0.5595990164554567,5287,2.001798616988318,0.5505107832009081,881,2.0007320535830417,0.5261,0.9988329681379412,0.08344205508690122,,,0.9054350036340391,,0.9054522960342545,0.09454770396574552,0.9967600743531377,0.0997285774183983,5,0.001,0.1,0.9906124803856885,0.9966424322265715,0.9976202110606759,1.0,0.9979055589794006,0.997818499707526,0.9971782483766838,0.9969643600055991,0.9970177219519305,0.994877068372977,0.9928596980192969,0.9941061076524818
4,4,1.6456668905288943,0.5321985815602837,4935,2.0048251702235294,0.5,822,2.000682719218464,0.5261,0.9990987875309416,0.08362605413478444,,,0.9699999996491014,,0.9700176878243976,0.029982312175602432,0.9967779323189108,0.09973049703516142,5,0.001,0.1,0.9900024948433819,0.9960865651764094,0.9977786113681001,0.9979055589794006,1.0,0.9973320593732349,0.9976407404842323,0.9975255945658713,0.9967297586183286,0.9962019341046335,0.994282777492679,0.9952852149526561
4,5,1.685890022695881,0.5533319048639382,4667,2.012920217514038,0.4922879177377892,778,2.0007282765909506,0.5261,0.9985706194505024,0.08344759979152852,,,0.9073806323548645,,0.9074047225524594,0.09259527744754059,0.9967600130610259,0.09972859315950094,5,0.001,0.1,0.986479151031735,0.9943893162179632,0.9963669852218019,0.997818499707526,0.9973320593732349,1.0,0.9972641729832228,0.9971548453032131,0.9973656642970191,0.9954078761372284,0.9951838962901571,0.9956581244414239
4,6,1.6976359244755337,0.5427801482146867,4453,2.0036697536706924,0.49326145552560646,742,2.000689782273655,0.5262,0.9985495158256712,0.08351024579420255,,,0.9293630228049248,,0.9293743536211713,0.07062564637882873,0.9967809251442489,0.09972938692237258,5,0.001,0.1,0.9862536665445198,0.9937693138865002,0.9962505600674003,0.9971782483766838,0.9976407404842323,0.9972641729832228,1.0,0.9978481507691955,0.9971849559699117,0.9963920180594152,0.9940908120258499,0.9962843376882623
4,7,1.7127302650195448,0.5311667056347907,4277,1.9982052678647249,0.5063113604488079,713,2.0006869665730878,0.5261,0.9987706760464565,0.08353537554772354,,,0.9381810164554805,,0.9382086003421579,0.06179139965784208,0.9967752301090629,0.09972985543376198,5,0.001,0.1,0.985071427739013,0.9930005961659955,0.9956102970351265,0.9969643600055991,0.9975255945658713,0.9971548453032131,0.9978481507691955,1.0,0.9981275105648757,0.9980927384693019,0.9957630038761687,0.997635737847069
4,8,1.7279977487600766,0.5338822959554371,4129,1.9985871423374524,0.5203488372093024,688,2.000712952674768,0.5263,0.9982291433773398,0.08345342008277111,,,0.9094229640147695,,0.9094441383709804,0.09055586162901963,0.9967705150747427,0.09972859569158027,5,0.001,0.1,0.9835233878816599,0.9920455603030418,0.9946273032045285,0.9970177219519305,0.9967297586183286,0.9973656642970191,0.9971849559699117,0.9981275105648757,1.0,0.9969478504972753,0.9956626311467183,0.9970699285033955
4,9,1.7512847122691926,0.5074231442139465,4001,1.9921670697984242,0.5427286356821589,667,2.000738180483492,0.5262,0.9974288559876366,0.08337345365366401,,,0.8813628613346973,,0.8813852562801442,0.11861474371985581,0.9967352555810393,0.09972693487459583,5,0.001,0.1,0.9815923258725217,0.990467951045751,0.993489949448971,0.994877068372977,0.9962019341046335,0.9954078761372284,0.9963920180594152,0.9980927384693019,0.9969478504972753,1.0,0.9957944514831409,0.9974520765230108
4,10,1.7532887759755869,0.4927230650552841,3889,2.0058091708592007,0.5385802469135802,648,2.0008675652190138,0.5264,0.9958695835892459,0.08314899181054139,,,0.8025995298203732,,0.8026164448439509,0.1973835551560491,0.996731556784077,0.09971821585197727,5,0.001,0.1,0.9782295920175875,0.9875364415272126,0.991745389699137,0.9928596980192969,0.994282777492679,0.9951838962901571,0.9940908120258499,0.9957630038761687,0.9956626311467183,0.9957944514831409,1.0,0.9969065416121025
4,11,1.7741688205414459,0.48446320232128726,3791,1.9987992107868195,0.5537974683544303,632,2.000836928050739,0.5264,0.997056565182939,0.08322421994683912,,,0.8289969725036993,,0.8290273629676883,0.1709726370323117,0.9967639161327455,0.09972246591654305,5,0.001,0.1,0.9801650394342856,0.9891532443941619,0.9925439427962943,0.9941061076524818,0.9952852149526561,0.9956581244414239,0.9962843376882623,0.997635737847069,0.9970699285033955,0.9974520765230108,0.9969065416121025,1.0
5,0,1.2744469689024098,0.6192111029948868,8214,1.896797815034556,0.5522279035792549,1369,1.902985915208396,0.5428,0.9904079829534977,0.08255541502040839,,,0.55,,0.5500188476817351,0.44998115231826485,0.9973554003103418,0.09949638662418067,5,0.001,0.1,1.0,0.9955997921205476,0.9933545276225072,0.9905632759810478,0.9901565846659219,0.9864455031880618,0.9859702723143426,0.9852274294995897,0.9837552051286061,0.9818954633780258,0.9793580602605492,0.9809001200476354
5,1,1.3879281375593353,0.5989047763918467,6574,1.8878039394106183,0.551094890510949,1096,1.8997726215722082,0.5427,0.9966110423904304,0.0832887403066475,,,0.8546009453707482,,0.854621548216236,0.14537845178376396,0.9978973413631044,0.09972683292808453,5,0.001,0.1,0.9955997921205476,1.0,0.9977774342526992,0.9965135007933028,0.995854105072781,0.9940396169381723,0.9935458094083593,0.9928895553881727,0.99217717979852,0.9905365562564646,0.988588325131366,0.9898296969603452
5,2,1.4489468914369192,0.5826041846792323,5783,1.897016186867991,0.5404564315352697,964,1.8996727569415546,0.5427,0.9982324105107873,0.08347220096150633,,,0.9308049028190601,,0.9308290080320121,0.06917099196798793,0.9978829081119228,0.09973129669496643,5,0.001,0.1,0.9933545276225072,0.9977774342526992,1.0,0.9976681070541327,0.9974747414140396,0.9962999234273976,0.995778981137586,0.9954327852909713,0.9946437636206612,0.9929706357873791,0.9924599613663633,0.9928516402709177
5,3,1.4733039815741849,0.597768110459618,5287,1.900460456098829,0.5675368898978433,881,1.8997283183728544,0.5428,0.9989147145290154,0.0834515828729584,,,0.922240778028482,,0.92226056195088,0.07773943804911998,0.9978767624397625,0.09973069356653708,5,0.001,0.1,0.9905632759810478,0.9965135007933028,0.9976681070541327,1.0,0.9978876333492307,0.997597690669695,0.9972271891841082,0.9969751208351066,0.9968540693800024,0.9947849966818024,0.99406655811883,0.9947031142376431
5,4,1.5002194149263444,0.5693617021276596,4935,1.904404227550213,0.524330900243309,822,1.8996591983130946,0.5427,0.9989794156476902,0.08356656296527423,,,0.9699999995846305,,0.9700176878243976,0.029982312175602432,0.9978978168680401,0.09973237578022061,5,0.001,0.1,0.9901565846659219,0.995854105072781,0.9974747414140396,0.9978876333492307,1.0,0.9971578201133955,0.9973059693132661,0.9972255422763777,0.9967144676054792,0.9957061165617329,0.994748042872249,0.9953776043533399
5,5,1.5370964081320044,0.5880865652453396,4667,1.915545334815979,0.5141388174807198,778,1.8997258115500306,0.5428,0.9984443882987348,0.0834397971928817,,,0.9173453661825222,,0.9173698301775548,0.0826301698224452,0.9978769027725896,0.09973069002886419,5,0.001,0.1,0.9864455031880618,0.9940396169381723,0.9962999234273976,0.997597690669695,0.9971578201133955,1.0,0.997094425469098,0.9968981489180821,0.996883334172957,0.9951480616975121,0.995821668847278,0.9957913942289476
5,6,1.5453288798672813,0.580327868852459,4453,1.903018777569135,0.5134770889487871,742,1.8996748036850755,0.5427,0.9984742823019223,0.08347919835113361,,,0.9337114049342798,,0.9337286513758808,0.06627134862411921,0.9978829090807328,0.09973129804314824,5,0.001,0.1,0.9859702723143426,0.9935458094083593,0.995778981137586,0.9972271891841082,0.9973059693132661,0.997094425469098,1.0,0.99752895575597,0.9973167685956323,0.9961696492198343,0.9950613331626994,0.9965261639874625
5,7,1.5609003684413967,0.5671732522796352,4277,1.897137833678204,0.5273492286115007,713,1.8996696296972209,0.5427,0.9986641258316482,0.08350074681028453,,,0.94266197728167,,0.9426837165695287,0.05731628343047135,0.9978867680764456,0.09973159579136413,5,0.001,0.1,0.9852274294995897,0.9928895553881727,0.9954327852909713,0.9969751208351066,0.9972255422763777,0.9968981489180821,0.99752895575597,1.0,0.9982510696335576,0.9976704853442017,0.9960998317126382,0.997592785537693
5,8,1.5762587511539459,0.574763865342698,4129,1.8972614028237083,0.5377906976744186,688,1.8997085997090934,0.5428,0.9982616463014565,0.08343746714643065,,,0.916377535991652,,0.9163936169184523,0.08360638308154766,0.9978800982510665,0.09973037221016084,5,0.001,0.1,0.9837552051286061,0.99217717979852,0.9946437636206612,0.9968540693800024,0.9967144676054792,0.996883334172957,0.9973167685956323,0.9982510696335576,1.0,0.9970582418312358,0.9961608371346962,0.9971493343836233
5,9,1.6054354078239865,0.5399150212446888,4001,1.8899269614900862,0.5592203898050975,667,1.8997477388229613,0.5428,0.997207375587588,0.08335436046654403,,,0.8818575572930938,,0.8818733629096954,0.11812663709030458,0.9978888536666747,0.09972857382622387,5,0.001,0.1,0.9818954633780258,0.9905365562564646,0.9929706357873791,0.9947849966818024,0.9957061165617329,0.9951480616975121,0.9961696492198343,0.9976704853442017,0.9970582418312358,1.0,0.9955318220008604,0.996871050334961
5,10,1.6054391468157534,0.5348932887631782,3889,1.9050923926489693,0.5462962962962963,648,1.8999220330875142,0.5426,0.9964072633576294,0.08319080723845876,,,0.8139225374212071,,0.8139492175795711,0.18605078242042894,0.9978693339182998,0.09972228078195883,5,0.001,0.1,0.9793580602605492,0.988588325131366,0.9924599613663633,0.99406655811883,0.994748042872249,0.995821668847278,0.9950613331626994,0.9960998317126382,0.9961608371346962,0.9955318220008604,1.0,0.9968665551162248
5,11,1.6240780525848646,0.5328936955948299,3791,1.8994170010089875,0.5680379746835443,632,1.8998715862298545,0.5426,0.9972173181633924,0.08326312066747187,,,0.8439593290793239,,0.8439846898831443,0.15601531011685565,0.9978637502106504,0.09972556488522225,5,0.001,0.1,0.9809001200476354,0.9898296969603452,0.9928516402709177,0.9947031142376431,0.9953776043533399,0.9957913942289476,0.9965261639874625,0.997592785537693,0.9971493343836233,0.996871050334961,0.9968665551162248,1.0
6,0,1.1833510603422321,0.6413440467494521,8214,1.7828336066977923,0.5712198685171658,1369,1.7903427506407228,0.5584,0.9903180429593609,0.08263401183093128,,,0.97,,0.9700176878243976,0.029982312175602432,0.9959218251684548,0.09971970673321551,5,0.001,0.1,1.0,0.9951205836086701,0.9929771437377171,0.990306569327443,0.9896296744525072,0.9862247917986817,0.985596702648381,0.9850387270467237,0.9835258770866786,0.9820959900906311,0.9791164751563048,0.9810046593809504
6,1,1.2819273904110622,0.6222087009431092,6574,1.771402907371521,0.5693430656934306,1096,1.7867711413020906,0.5585,0.996410793688735,0.08328071230133133,,,0.97,,0.9700176878243976,0.029982312175602432,0.9982418825141608,0.09971970673321551,5,0.001,0.1,0.9951205836086701,1.0,0.9972024165831622,0.9962519860420355,0.9951458077965601,0.9937768754838456,0.9931615595466889,0.992515652387344,0.9913741847093797,0.9907734035106459,0.9884669408719502,0.9896555790561342
6,2,1.336025427849912,0.6074010029396507,5783,1.7826863450388755,0.5570539419087137,964,1.7866846642936,0.5584,0.9979799717602588,0.0834439519486531,,,0.97,,0.9700176878243976,0.029982312175602432,0.9982877452940105,0.09971970673321551,5,0.001,0.1,0.9929771437377171,0.9972024165831622,1.0,0.9972529309375459,0.997032456849521,0.9959251940432109,0.9952404988574665,0.9949755086858402,0.9938066042898803,0.993082809362345,0.9922047557995456,0.992483037595385
6,3,1.3526659043438463,0.6236050690372612,5287,1.786894474710737,0.5811577752553916,881,1.7867271766875878,0.5584,0.9988186408396549,0.08345838457912809,,,0.97,,0.9700176878243976,0.029982312175602432,0.9982832333681368,0.09971970673321551,5,0.001,0.1,0.990306569327443,0.9962519860420355,0.9972529309375459,1.0,0.9974768923030845,0.9972985103202359,0.9969598312716332,0.9966505090261983,0.9965425765848175,0.9948734785230214,0.993957290535663,0.9946154209922664
6,4,1.3760536866034232,0.5977710233029382,4935,1.791959400360401,0.5498783454987834,822,1.7866741357900846,0.5583,0.9987725453768769,0.083527444337044,,,0.97,,0.9700176878243976,0.029982312175602432,0.9982930140107735,0.09971970673321551,5,0.001,0.1,0.9896296744525072,0.9951458077965601,0.997032456849521,0.9974768923030845,1.0,0.9968542819410104,0.9969431752715363,0.9969554828790003,0.9964396263996576,0.9955556655860917,0.9943505311031291,0.9952419207851015
6,5,1.409459603159395,0.6139275766016713,4667,1.8066981887817384,0.5218508997429306,778,1.7867258771920738,0.5584,0.9983753090784726,0.0834368366597318,,,0.97,,0.9700176878243976,0.029982312175602432,0.9982831993946206,0.09971970673321551,5,0.001,0.1,0.9862247917986817,0.9937768754838456,0.9959251940432109,0.9972985103202359,0.9968542819410104,1.0,0.9968514487244674,0.9966717045934604,0.9965609582726177,0.9953357556118111,0.9957548261689093,0.9955953808384074
6,6,1.4141957012244633,0.6066022905906131,4453,1.7905570715665817,0.5215633423180593,742,1.7866864615735916,0.5584,0.9983201346423676,0.08345923026861804,,,0.97,,0.9700176878243976,0.029982312175602432,0.9982877572319541,0.09971970673321551,5,0.001,0.1,0.985596702648381,0.9931615595466889,0.9952404988574665,0.9969598312716332,0.9969431752715363,0.9968514487244674,1.0,0.9971096110035524,0.9970044513967328,0.995906809445123,0.9950024512684744,0.9964044580009244
6,7,1.4283435759259693,0.5980827682955343,4277,1.78426106079765,0.5399719495091164,713,1.7866815241000142,0.5583,0.9985032592844606,0.08347836542711264,,,0.97,,0.9700176878243976,0.029982312175602432,0.9982912811318608,0.09971970673321551,5,0.001,0.1,0.9850387270467237,0.992515652387344,0.9949755086858402,0.9966505090261983,0.9969554828790003,0.9966717045934604,0.9971096110035524,1.0,0.9978439115355376,0.9973332465481833,0.9958730635343394,0.9974006154244102
6,8,1.439190442928901,0.6019859530152579,4129,1.7842133478684858,0.5523255813953488,688,1.786714755308133,0.5584,0.9979650147234579,0.08342215731471114,,,0.97,,0.9700176878243976,0.029982312175602432,0.9982794465922957,0.09971970673321551,5,0.001,0.1,0.9835258770866786,0.9913741847093797,0.9938066042898803,0.9965425765848175,0.9964396263996576,0.9965609582726177,0.9970044513967328,0.9978439115355376,1.0,0.9961887246443264,0.9955220937153547,0.9971083924729439
6,9,1.471237526053474,0.5830542364408898,4001,1.7756121839795793,0.5772113943028486,667,1.7867424080547052,0.5584,0.9972794402692958,0.0833490261948513,,,0.97,,0.9700176878243976,0.029982312175602432,0.9982618689807431,0.09971970673321551,5,0.001,0.1,0.9820959900906311,0.9907734035106459,0.993082809362345,0.9948734785230214,0.9955556655860917,0.9953357556118111,0.995906809445123,0.9973332465481833,0.9961887246443264,1.0,0.9957378030974212,0.9968306862320044
6,10,1.4725458083582705,0.5718179480586268,3889,1.7917670465651012,0.558641975308642,648,1.7869374755853282,0.5585,0.9963539952248858,0.08321878931523227,,,0.97,,0.9700176878243976,0.029982312175602432,0.9981968818652874,0.09971970673321551,5,0.001,0.1,0.9791164751563048,0.9884669408719502,0.9922047557995456,0.993957290535663,0.9943505311031291,0.9957548261689093,0.9950024512684744,0.9958730635343394,0.9955220937153547,0.9957378030974212,1.0,0.9966440078160866
