round,client_id,client_i_training_loss,client_i_training_accuracy,client_i_training_dataset_size,client_i_evaluation_loss,client_i_evaluation_accuracy,client_i_evaluation_dataset_size,client_i_central_evaluation_loss,client_i_central_evaluation_accuracy,client_i_cosine_similarity,client_i_importance_coefficient,client_i_tanh_val,tanh_normalization_value,client_i_q,client_i_mask_order,client_i_v_nonzero_fraction,client_i_v_sparsity,client_i_v_cosine_similarity,client_i_reward_gradient_norm,local_epochs,learning_rate,gamma,client_0_cosine_similarity,client_1_cosine_similarity,client_2_cosine_similarity,client_3_cosine_similarity,client_4_cosine_similarity,client_5_cosine_similarity,client_6_cosine_similarity,client_7_cosine_similarity,client_8_cosine_similarity,client_9_cosine_similarity,client_10_cosine_similarity,client_11_cosine_similarity
0,0,2.0030973132946146,0.4470172875578281,8214,2.2620661036912786,0.2410518626734843,1369,2.2616872147630196,0.229,0.9649633102902778,0.08150766839319878,,,0.7,,0.7000125651211567,0.2999874348788433,0,0.09852550506847162,5,0.001,0.1,1.0,0.979164310942084,0.9755830765361924,0.9662857216862335,0.9520731258060838,0.9359820068744121,0.9408061886785761,0.927710395524452,0.9252513418888823,0.9166942756861671,0.9044788723956115,0.9060318818074122
0,1,2.122818129039505,0.37319744447824765,6574,2.2631833825792587,0.22627737226277372,1096,2.261657855000359,0.2286,0.9852333507127154,0.08321982025995918,,,0.8713201027098938,,0.8713379920936392,0.12866200790636084,0,0.09855995285167814,5,0.001,0.1,0.979164310942084,1.0,0.9866627525863824,0.9809503276644506,0.9702823276091059,0.9720656808240871,0.9652491570415248,0.9609564380907831,0.9588864802190464,0.9528438117162984,0.9455502369115707,0.9426313175476586
0,2,2.1600395497696177,0.37634445789382676,5783,2.260326231679609,0.21991701244813278,964,2.2616561769296566,0.2286,0.9930193875958294,0.08387748434479901,,,0.9371268110695652,,0.9371405650438329,0.06285943495616708,0,0.09856267630777434,5,0.001,0.1,0.9755830765361924,0.9866627525863824,1.0,0.9888622151279244,0.9834497065450601,0.9749863389484192,0.9779480516980104,0.9771303396341787,0.9731915064824074,0.9700646334896414,0.959160851684056,0.9619803064829444
0,3,2.1796697616577148,0.3694722905239266,5287,2.264426188809531,0.20317820658342792,881,2.2616557275144435,0.2286,0.9957256693155341,0.08410607615822445,,,0.9599999998999387,,0.9600139182880506,0.039986081711949395,0,0.09856298905836008,5,0.001,0.1,0.9662857216862335,0.9809503276644506,0.9888622151279244,1.0,0.9917347081986003,0.9826746552901511,0.9873425100848034,0.9820069833079977,0.9824063925021049,0.9747676662719474,0.9719357149516347,0.970812974492019
0,4,2.1963996796454155,0.32243161094224926,4935,2.259910620175875,0.23236009732360097,822,2.261655914897736,0.2286,0.9939209054415222,0.08395363295773972,,,0.9447463385446032,,0.9447714597771141,0.055228540222885925,0,0.09856289360861585,5,0.001,0.1,0.9520731258060838,0.9702823276091059,0.9834497065450601,0.9917347081986003,1.0,0.9817685721156213,0.9897491314022093,0.9853116369165061,0.9871949253971237,0.9816727903991931,0.9735123328589853,0.9814173118285818
0,5,2.2070225036307556,0.33160488536533106,4667,2.262507734298706,0.2185089974293059,778,2.261656426774046,0.2286,0.9895078762841121,0.0835808771095785,,,0.9074479122586647,,0.9074723808971497,0.09252761910285034,0,0.09856185264140142,5,0.001,0.1,0.9359820068744121,0.9720656808240871,0.9749863389484192,0.9826746552901511,0.9817685721156213,1.0,0.9863241266329619,0.9826755885293478,0.9819378186650023,0.9805876499864868,0.9781167743826639,0.9803277071540734
0,6,2.209287493910108,0.3691443970357063,4453,2.2616354127724967,0.2210242587601078,742,2.261656161695243,0.2286,0.9920901878618057,0.08379899752257043,,,0.9292733193866016,,0.9292873643208552,0.07071263567914476,0,0.09856249306273034,5,0.001,0.1,0.9408061886785761,0.9652491570415248,0.9779480516980104,0.9873425100848034,0.9897491314022093,0.9863241266329619,1.0,0.9855858421910846,0.9888294727373103,0.9860644679071707,0.9812348064482754,0.9815655919997569
0,7,2.218349600905803,0.3220481646013561,4277,2.260028839111328,0.2482468443197756,713,2.2616563650746695,0.2286,0.9897698992394653,0.08360300943308614,,,0.9096625008183308,,0.9096809425773963,0.09031905742260371,0,0.09856188050695529,5,0.001,0.1,0.927710395524452,0.9609564380907831,0.9771303396341787,0.9820069833079977,0.9853116369165061,0.9826755885293478,0.9855858421910846,1.0,0.9895776045876598,0.9904276567159129,0.9905842842585568,0.9858039025756956
0,8,2.2195653955753034,0.3283119399370308,4129,2.258014353838834,0.25872093023255816,688,2.2616566080635727,0.2286,0.9889879588930249,0.0835369611867111,,,0.9030536289229941,,0.9030745884922822,0.09692541150771783,0,0.09856175284279559,5,0.001,0.1,0.9252513418888823,0.9588864802190464,0.9731915064824074,0.9824063925021049,0.9871949253971237,0.9819378186650023,0.9888294727373103,0.9895776045876598,1.0,0.9871957042111513,0.987894151766515,0.9891992157309477
0,9,2.22495420244005,0.3398650337415646,4001,2.2648875826881048,0.19790104947526238,667,2.261657855000359,0.2286,0.9852340348408297,0.08321987804628833,,,0.8713258848837989,,0.8713428248325455,0.12865717516745445,0,0.09855995286060067,5,0.001,0.1,0.9166942756861671,0.9528438117162984,0.9700646334896414,0.9747676662719474,0.9816727903991931,0.9805876499864868,0.9860644679071707,0.9904276567159129,0.9871957042111513,1.0,0.9849916303633657,0.9896314588437535
0,10,2.2310952921382716,0.32121367960915403,3889,2.2602603889646984,0.25308641975308643,648,2.2616606581325347,0.2286,0.9797588760936936,0.08275740717428445,,,0.8250504587196744,,0.8250693498033075,0.17493065019669252,0,0.09855612591270688,5,0.001,0.1,0.9044788723956115,0.9455502369115707,0.959160851684056,0.9719357149516347,0.9735123328589853,0.9781167743826639,0.9812348064482754,0.9905842842585568,0.987894151766515,0.9849916303633657,1.0,0.9827631740461874
0,11,2.2319572168238024,0.34550250593510945,3791,2.2607782006263735,0.22468354430379747,632,2.2616597014113355,0.2286,0.9807152274239905,0.08283818741355986,,,0.8331334326417121,,0.8331545219937948,0.1668454780062052,0,0.09855693052881521,5,0.001,0.1,0.9060318818074122,0.9426313175476586,0.9619803064829444,0.970812974492019,0.9814173118285818,0.9803277071540734,0.9815655919997569,0.9858039025756956,0.9891992157309477,0.9896314588437535,0.9827631740461874,1.0
1,0,1.74897411157185,0.5485025566106647,8214,2.203905848569648,0.42878013148283417,1369,2.203684863191062,0.4215,0.9824475824474949,0.0818150121526031,,,0.7,,0.7000125651211567,0.2999874348788433,0.9684807915660049,0.09943148114064798,5,0.001,0.1,1.0,0.9937803944241483,0.9913891414831097,0.9861119862547195,0.9809048044631654,0.9771952041743767,0.9758683862635618,0.9707340526747431,0.9686617708171756,0.9649145242303228,0.9589408034571806,0.9592669907856283
1,1,1.8990317150227074,0.49601460298144207,6574,2.2057827404567174,0.4251824817518248,1096,2.203610247316452,0.4217,0.9930872667646983,0.08321045684714672,,,0.8742282307006436,,0.8742424681764143,0.12575753182358573,0.9688744137514635,0.09947377033001663,5,0.001,0.1,0.9937803944241483,1.0,0.9964671414733928,0.9943718248117017,0.9901449965755537,0.9909867384928331,0.9887055657074832,0.9851096234533029,0.98321805360607,0.9805701191639143,0.976775966925214,0.9743786652708623
1,2,1.9592110279515302,0.5257824658481757,5783,2.201672830889302,0.4170124481327801,964,2.2036039356987316,0.4219,0.9956945579076528,0.0836986429887441,,,0.9351807055895928,,0.9351978040034409,0.06480219599655912,0.9689046090829936,0.0994761385294879,5,0.001,0.1,0.9913891414831097,0.9964671414733928,1.0,0.9969583855671033,0.9936465520900898,0.9926566584920954,0.9922321453328656,0.9891186177380519,0.9870362607271157,0.9852074609350681,0.9803664852195932,0.9804438080514634
1,3,2.003748477510659,0.501229430679024,5287,2.207577569144113,0.4097616345062429,881,2.2036033027088298,0.4219,0.9975010807530595,0.08389742795254597,,,0.959999999875145,,0.9600139182880506,0.039986081711949395,0.968908335499716,0.09947641548857554,5,0.001,0.1,0.9861119862547195,0.9943718248117017,0.9969583855671033,1.0,0.9957437879214277,0.995011061099186,0.9939857850885491,0.9924838729816527,0.9916920453207952,0.9883575727512831,0.986631027017807,0.9856370476138543
1,4,2.0405448736683014,0.4714488348530902,4935,2.2010565445973325,0.4367396593673966,822,2.203603174739752,0.4219,0.9976140145784294,0.08380745457106835,,,0.9487663744034263,,0.9487874658083723,0.051212534191627745,0.9689112394025876,0.09947634061555782,5,0.001,0.1,0.9809048044631654,0.9901449965755537,0.9936465520900898,0.9957437879214277,1.0,0.994990969477627,0.9958824452723392,0.9929737662885454,0.9946191787015697,0.9911489347309261,0.9873227518124167,0.9908843767009173
1,5,2.0600141603652746,0.48939361474180415,4667,2.20567045211792,0.40359897172236503,778,2.2036049282208037,0.4219,0.9984284319924193,0.08360484967549273,,,0.923470142581803,,0.9234929103720242,0.07650708962797581,0.9688923708727183,0.09947595178523451,5,0.001,0.1,0.9771952041743767,0.9909867384928331,0.9926566584920954,0.995011061099186,0.994990969477627,1.0,0.9970959064742381,0.9960410689237332,0.9953845431315451,0.9944974013946792,0.9925375771535179,0.9915689080353687
1,6,2.0683358871936797,0.5134066921176734,4453,2.201497624317805,0.42318059299191374,742,2.203603525131274,0.4219,0.9981995122155751,0.08373140996014032,,,0.9392718254126171,,0.9393007993350151,0.06069920066498491,0.9689021613773946,0.09947627618107685,5,0.001,0.1,0.9758683862635618,0.9887055657074832,0.9922321453328656,0.9939857850885491,0.9958824452723392,0.9970959064742381,1.0,0.9952002314790175,0.9964553205313607,0.9955251109873934,0.9918459337250011,0.9924041039115021
1,7,2.087862439831691,0.4990881458966565,4277,2.2010150059409765,0.426367461430575,713,2.2036048787089584,0.4219,0.9968515048480872,0.0835674698032711,,,0.9188030790812168,,0.9188244845883956,0.0811755154116044,0.9688926245257572,0.09947591324034963,5,0.001,0.1,0.9707340526747431,0.9851096234533029,0.9891186177380519,0.9924838729816527,0.9929737662885454,0.9960410689237332,0.9952002314790175,1.0,0.9948060854215427,0.9953283939578573,0.9946348160500607,0.9926564894046297
1,8,2.091355948814979,0.4633083070961492,4129,2.1992816708304663,0.45203488372093026,688,2.203605981680532,0.4219,0.9965152808994385,0.08351603780315814,,,0.9123815373202901,,0.9124017745817264,0.08759822541827356,0.9688857731287036,0.09947578498563857,5,0.001,0.1,0.9686617708171756,0.98321805360607,0.9870362607271157,0.9916920453207952,0.9946191787015697,0.9953845431315451,0.9964553205313607,0.9948060854215427,1.0,0.9941219333206367,0.9938473377357955,0.9951987148417553
1,9,2.103542803204249,0.49987503124218946,4001,2.2082571529206776,0.3988005997001499,667,2.203610260265704,0.4217,0.9950909961649563,0.08327526084880071,,,0.8823193335545553,,0.8823421385836209,0.11765786141637913,0.9688654764409516,0.09947483918788742,5,0.001,0.1,0.9649145242303228,0.9805701191639143,0.9852074609350681,0.9883575727512831,0.9911489347309261,0.9944974013946792,0.9955251109873934,0.9953283939578573,0.9941219333206367,1.0,0.9939138816996738,0.9944615542373842
1,10,2.112610469294376,0.4608896888660324,3889,2.2011798790522983,0.4212962962962963,648,2.203616307566341,0.4217,0.9926721506559099,0.08291304503418866,,,0.8370948823395317,,0.837117367897082,0.16288263210291798,0.9688374900025354,0.09947091522403245,5,0.001,0.1,0.9589408034571806,0.976775966925214,0.9803664852195932,0.986631027017807,0.9873227518124167,0.9925375771535179,0.9918459337250011,0.9946348160500607,0.9938473377357955,0.9939138816996738,1.0,0.9923466898552225
1,11,2.118599213271582,0.4673173305196518,3791,2.204437589645386,0.41139240506329117,632,2.203615107094518,0.4217,0.9926806795735496,0.08296293236284008,,,0.8433235641635446,,0.8433419356085868,0.15665806439141317,0.9688332422081969,0.09947152210427722,5,0.001,0.1,0.9592669907856283,0.9743786652708623,0.9804438080514634,0.9856370476138543,0.9908843767009173,0.9915689080353687,0.9924041039115021,0.9926564894046297,0.9951987148417553,0.9944615542373842,0.9923466898552225,1.0
2,0,1.5529699620569726,0.6018504991477964,8214,2.131007721257764,0.5383491599707816,1369,2.1309684564511233,0.5345,0.9884725014731498,0.08213629257064749,,,0.7,,0.7000125651211567,0.2999874348788433,0.9898935238455473,0.0996122765660765,5,0.001,0.1,1.0,0.9949241666123273,0.9936364763673212,0.9904893187383799,0.9874633683701495,0.9846861193948817,0.9839317010465106,0.9810311499174538,0.9788606905328521,0.978145186189616,0.9743886634530928,0.9751243126485051
2,1,1.6946334481818004,0.5600547611804076,6574,2.1337741919926234,0.5246350364963503,1096,2.130803740443513,0.5332,0.9962988812471016,0.08324545227205446,,,0.8796722396081451,,0.879688964923981,0.12031103507601904,0.9901653288758959,0.09966553928632035,5,0.001,0.1,0.9949241666123273,1.0,0.9976637101876091,0.9970663399883007,0.9943145472654287,0.9948997518509458,0.9934228064075645,0.9917134038049237,0.989629650390615,0.9890975663785785,0.9874183325809988,0.9859407586651431
2,2,1.7481276552321503,0.5906968701366073,5783,2.1282887766438146,0.5363070539419087,964,2.130797613923923,0.533,0.9973766034954288,0.08357985747840976,,,0.9338423760513151,,0.9338591353263549,0.0661408646736451,0.9901705919565412,0.09966933602390823,5,0.001,0.1,0.9936364763673212,0.9976637101876091,1.0,0.997902213760806,0.9964655632260152,0.9953548290603537,0.9950622252512009,0.9932813707204011,0.9915077039391599,0.9910268340047019,0.9884668002396327,0.9885587132034583
2,3,1.8022062006485031,0.5696236050690373,5287,2.136484214237758,0.5187287173666288,881,2.130795242687384,0.533,0.9985990609785418,0.08374133474530443,,,0.9599999998380104,,0.9600139182880506,0.039986081711949395,0.9901788645503579,0.09967009719581,5,0.001,0.1,0.9904893187383799,0.9970663399883007,0.997902213760806,1.0,0.9976921310824992,0.9971290285277652,0.9964360328851214,0.9954968197590396,0.9943570091307071,0.9929289327679303,0.9923049949097128,0.9916842900763192
2,4,1.8516033383338681,0.5609726443768996,4935,2.1270412298349233,0.5632603406326034,822,2.1307955397584566,0.533,0.9984482961310274,0.08368124928521699,,,0.9502667854342577,,0.950285614869371,0.04971438513062898,0.9901734861862534,0.0996699069588753,5,0.001,0.1,0.9874633683701495,0.9943145472654287,0.9964655632260152,0.9976921310824992,1.0,0.9966809604636446,0.9969553296870973,0.9955831788649777,0.9957671519900634,0.9940575350612528,0.9924937207671728,0.9941684373894047
2,5,1.875997717903085,0.5626312406256696,4667,2.1345207691192627,0.4781491002570694,778,2.1307990284392626,0.533,0.9988146782089727,0.08356874650335126,,,0.932042514615258,,0.9320613564531562,0.06793864354684376,0.9901717660745476,0.09966932751149019,5,0.001,0.1,0.9846861193948817,0.9948997518509458,0.9953548290603537,0.9971290285277652,0.9966809604636446,1.0,0.9979148401482381,0.9973646538868938,0.9962465817010321,0.9959504399906677,0.9952417636789941,0.9945281914434572
2,6,1.88514675957816,0.5761059959577812,4453,2.1267838180065155,0.5390835579514824,742,2.130796732613073,0.533,0.9987612302580615,0.0836446890327112,,,0.9443444079443244,,0.944360676970066,0.05563932302993402,0.9901718138120649,0.09966973804354427,5,0.001,0.1,0.9839317010465106,0.9934228064075645,0.9950622252512009,0.9964360328851214,0.9969553296870973,0.9979148401482381,1.0,0.9970055769839485,0.9970054876547279,0.9967882912632635,0.995357318574568,0.9954683032271631
2,7,1.9166027282600973,0.5774140752864158,4277,2.1267886991086216,0.5357643758765779,713,2.130799144220809,0.533,0.997962402915834,0.0835182787470476,,,0.9238672673613469,,0.923889194962353,0.076110805037647,0.9901735799988707,0.09966902711399404,5,0.001,0.1,0.9810311499174538,0.9917134038049237,0.9932813707204011,0.9954968197590396,0.9955831788649777,0.9973646538868938,0.9970055769839485,1.0,0.9958542305611067,0.9964326104984631,0.9966083778700348,0.9954048133556581
2,8,1.9177557712334854,0.52879631872124,4129,2.125180038538846,0.563953488372093,688,2.130799848050736,0.533,0.9972307842362429,0.08346308447995579,,,0.9149263749277893,,0.9149486279854244,0.08505137201457558,0.9901749389402532,0.09966838717059008,5,0.001,0.1,0.9788606905328521,0.989629650390615,0.9915077039391599,0.9943570091307071,0.9957671519900634,0.9962465817010321,0.9970054876547279,0.9958542305611067,1.0,0.9955013134347208,0.9957713468864224,0.9965025848397537
2,9,1.9410357581244575,0.5668082979255186,4001,2.1370541822342646,0.5187406296851574,667,2.1308014819416377,0.533,0.9968284609534448,0.0833023270522409,,,0.8888853575390945,,0.8888953325407641,0.11110466745923586,0.9901986921845459,0.09966627458138176,5,0.001,0.1,0.978145186189616,0.9890975663785785,0.9910268340047019,0.9929289327679303,0.9940575350612528,0.9959504399906677,0.9967882912632635,0.9964326104984631,0.9955013134347208,1.0,0.9957933081378083,0.9964908900343291
2,10,1.9541080826618633,0.5267163795320133,3889,2.1269457907903764,0.5555555555555556,648,2.1308146475222163,0.5334,0.9957129798295689,0.08304400907317408,,,0.8470405539719333,,0.8470631445665516,0.15293685543344837,0.9901538856166241,0.09966074473275692,5,0.001,0.1,0.9743886634530928,0.9874183325809988,0.9884668002396327,0.9923049949097128,0.9924937207671728,0.9952417636789941,0.995357318574568,0.9966083778700348,0.9957713468864224,0.9957933081378083,1.0,0.994999788636593
2,11,1.964158196008506,0.5313637562648378,3791,2.133491027355194,0.5284810126582279,632,2.1308122915200913,0.5335,0.9957146608496976,0.08307467875988583,,,0.8520087215789884,,0.85203120016238,0.14796879983762,0.9901639485350793,0.09966158964243708,5,0.001,0.1,0.9751243126485051,0.9859407586651431,0.9885587132034583,0.9916842900763192,0.9941684373894047,0.9945281914434572,0.9954683032271631,0.9954048133556581,0.9965025848397537,0.9964908900343291,0.994999788636593,1.0
3,0,1.4048068618032254,0.6305575846116387,8214,2.0418892987938815,0.5989773557341125,1369,2.0420689689465603,0.5943,0.9902252383491206,0.08237108261911755,,,0.7,,0.7000125651211567,0.2999874348788433,0.9958190650102837,0.09966039091428718,5,0.001,0.1,1.0,0.9954324590358348,0.9940761904651365,0.9915319226688578,0.9892843999552684,0.9870087733553788,0.9862167896481561,0.9840780050553147,0.9826317936206425,0.9809562015747649,0.9796986944440613,0.9797040656305648
3,1,1.5308785140514374,0.5936111956191056,6574,2.0457675797598704,0.5656934306569343,1096,2.04176055013943,0.5935,0.997121638332367,0.08327430576098448,,,0.8870796990300733,,0.8870975536675656,0.1129024463324344,0.9960537895352919,0.09972370715376802,5,0.001,0.1,0.9954324590358348,1.0,0.9978889694632226,0.9972157084731347,0.9954124860850585,0.9957161543395746,0.9945386776179851,0.993392303319735,0.9922398470390285,0.990965589522237,0.9906842013791273,0.9895210238089508
3,2,1.5680625141654885,0.6310219609199378,5783,2.0385601212901454,0.6099585062240664,964,2.0417449786640205,0.5934,0.9979968168595007,0.08350774115667012,,,0.9354299034740929,,0.9354442736876698,0.0645557263123302,0.9961237813506854,0.09972801248426486,5,0.001,0.1,0.9940761904651365,0.9978889694632226,1.0,0.9980828625074343,0.9972393601478735,0.9961479549259042,0.9958468262503634,0.9947460668481665,0.9934213474544821,0.9925701085505315,0.9917742173349854,0.9916474090815002
3,3,1.6201718226254704,0.605598638169094,5287,2.0494378123964583,0.5766174801362088,881,2.0417411864375152,0.5933,0.998602243393408,0.08362636589098432,,,0.9599999997928754,,0.9600139182880506,0.039986081711949395,0.9961255536169877,0.09972891887078714,5,0.001,0.1,0.9915319226688578,0.9972157084731347,0.9980828625074343,1.0,0.9976687410243416,0.9971706463919711,0.996788811413043,0.9960300165219106,0.9950540934228687,0.9938706234893481,0.993896486963363,0.9933353634248314
3,4,1.6711083868242078,0.601661600810537,4935,2.0365138191443224,0.6167883211678832,822,2.041742299311458,0.5933,0.9984708033839567,0.08358525603089656,,,0.9514851379653868,,0.9515034650737959,0.04849653492620409,0.9961233889310446,0.0997288078634149,5,0.001,0.1,0.9892843999552684,0.9954124860850585,0.9972393601478735,0.9976687410243416,1.0,0.9969913566719326,0.9972695481884808,0.9960697862234477,0.9957642127036427,0.9944310618812626,0.9942079120194702,0.9947064563910487
3,5,1.6957498174007626,0.5971716305978144,4667,2.04775408744812,0.5308483290488432,778,2.041746847545758,0.5934,0.9990071770934994,0.08353355064645994,,,0.9407756827817614,,0.9408037811349204,0.05919621886507964,0.9961193476273252,0.09972846761620083,5,0.001,0.1,0.9870087733553788,0.9957161543395746,0.9961479549259042,0.9971706463919711,0.9969913566719326,1.0,0.9982786966323097,0.9977199164779339,0.9973319037187037,0.9964619228937931,0.9965002461430282,0.9961173782682361
3,6,1.7015302133560182,0.605748933303391,4453,2.0356476108233132,0.6078167115902965,742,2.0417445281062263,0.5934,0.9988998833670639,0.0835766803940843,,,0.9497089129336478,,0.9497298498951295,0.05027015010487046,0.996123367438969,0.09972864832866823,5,0.001,0.1,0.9862167896481561,0.9945386776179851,0.9958468262503634,0.996788811413043,0.9972695481884808,0.9982786966323097,1.0,0.9973950216960205,0.9979949452031702,0.9967756337965127,0.9964224604858691,0.9966220160511644
3,7,1.7379778981208802,0.6116436754734627,4277,2.0361537881519483,0.6072931276297335,713,2.041747194890397,0.5933,0.9982265253441291,0.08347737733248213,,,0.9291408096420313,,0.9291568803703811,0.07084311962961887,0.9961210646370116,0.09972774047131822,5,0.001,0.1,0.9840780050553147,0.993392303319735,0.9947460668481665,0.9960300165219106,0.9960697862234477,0.9977199164779339,0.9973950216960205,1.0,0.9968437112587478,0.9965047866289961,0.9971849857717149,0.9961147660820724
3,8,1.7445241324718181,0.5702591426495519,4129,2.0342947082086043,0.622093023255814,688,2.0417486394937048,0.5934,0.9979342714620867,0.08343407544794516,,,0.9201719257072524,,0.9201921496989204,0.07980785030107962,0.9961100390277048,0.09972734637742309,5,0.001,0.1,0.9826317936206425,0.9922398470390285,0.9934213474544821,0.9950540934228687,0.9957642127036427,0.9973319037187037,0.9979949452031702,0.9968437112587478,1.0,0.9965882765363961,0.9971055491392833,0.9975994327515425
3,9,1.7656961353998335,0.604798800299925,4001,2.049801020395188,0.5772113943028486,667,2.0417567282058178,0.5935,0.9971260713368655,0.08330934439201883,,,0.8943370601897787,,0.8943563275050502,0.10564367249494977,0.9960546806289277,0.09972470765726499,5,0.001,0.1,0.9809562015747649,0.990965589522237,0.9925701085505315,0.9938706234893481,0.9944310618812626,0.9964619228937931,0.9967756337965127,0.9965047866289961,0.9965882765363961,1.0,0.9966095977446972,0.9971689380423217
3,10,1.781677366671015,0.5544355875546413,3889,2.0357890412921,0.6265432098765432,648,2.041778260907426,0.5938,0.9969383091313776,0.08314479035347327,,,0.8602538767788065,,0.8602758527367801,0.1397241472632199,0.9960468318264614,0.09971841733861753,5,0.001,0.1,0.9796986944440613,0.9906842013791273,0.9917742173349854,0.993896486963363,0.9942079120194702,0.9965002461430282,0.9964224604858691,0.9971849857717149,0.9971055491392833,0.9966095977446972,1.0,0.996563674430806
3,11,1.7948068841164853,0.5663413347401741,3791,2.0466901659965515,0.5996835443037974,632,2.0417757468482556,0.5937,0.9968089354797809,0.08315942997488342,,,0.8632861019736379,,0.8633059800311228,0.1366940199688772,0.9960303332989509,0.09971948247526444,5,0.001,0.1,0.9797040656305648,0.9895210238089508,0.9916474090815002,0.9933353634248314,0.9947064563910487,0.9961173782682361,0.9966220160511644,0.9961147660820724,0.9975994327515425,0.9971689380423217,0.996563674430806,1.0
4,0,1.2900742548449031,0.6479668858047236,8214,1.9374406226845675,0.6216216216216216,1369,1.9377417057847823,0.6253,0.9906161709316389,0.08252458136529732,,,0.7,,0.7000125651211567,0.2999874348788433,0.9975504977438893,0.09966062778769282,5,0.001,0.1,1.0,0.995222830788783,0.9937810688030618,0.9913698710427191,0.9892381004567153,0.9873699485080097,0.9869319606069121,0.98484925899603,0.9822240646669443,0.982980929422556,0.981400058755054,0.9810716337644311
4,1,1.4007353516458307,0.6218132035290539,6574,1.9424425840377808,0.6021897810218978,1096,1.937225562695878,0.6251,0.9972691394464536,0.08329356173813168,,,0.8947974940970833,,0.8948154377011628,0.10518456229883721,0.9977032700720163,0.09973452588378588,5,0.001,0.1,0.995222830788783,1.0,0.9976897404943438,0.9968759280789076,0.9955709902172798,0.9955613369614372,0.9949992887059851,0.9937169550913763,0.991594675167102,0.9922840361265403,0.9918222434220322,0.9906065455121149
4,2,1.4233729633837116,0.6532941379906623,5783,1.9333512283140613,0.6441908713692946,964,1.9371952024130776,0.6252,0.9981899645681547,0.08346651453687963,,,0.9386097589914361,,0.9386387141048318,0.061361285895168205,0.9977331975208165,0.09973826347346545,5,0.001,0.1,0.9937810688030618,0.9976897404943438,1.0,0.9978602893051063,0.9973921251408634,0.9962018928611492,0.996202187437371,0.9951792513484116,0.9930867621205828,0.9936710063990966,0.9931160858536898,0.9927515275617835
4,3,1.4708356721573566,0.6292793644789105,5287,1.9471083453723363,0.6174801362088536,881,1.9371889326899958,0.6252,0.9985510751084888,0.08355095440807626,,,0.9599999997466808,,0.9600139182880506,0.039986081711949395,0.997740263162973,0.09973863056771773,5,0.001,0.1,0.9913698710427191,0.9968759280789076,0.9978602893051063,1.0,0.9977765000436649,0.9971722169836732,0.9970855412837185,0.9961703067746787,0.9942547703645256,0.9945164671747154,0.9944885481061478,0.9936480610381836
4,4,1.5181829879360815,0.6195339412360689,4935,1.93034316943242,0.6557177615571776,822,1.9371904831724807,0.6252,0.9985802760010429,0.08352667537612767,,,0.9538496547576952,,0.9538715071379553,0.04612849286204468,0.9977377575049906,0.09973853944659397,5,0.001,0.1,0.9892381004567153,0.9955709902172798,0.9973921251408634,0.9977765000436649,1.0,0.9968746047240671,0.9972953284046129,0.9963172609118717,0.9948906962879556,0.9957400206727518,0.9951786832827786,0.9952746101833467
4,5,1.5402022578128396,0.6199700021427041,4667,1.9460638856887817,0.5591259640102828,778,1.9371960711555358,0.6252,0.9989272433770977,0.0835061566595818,,,0.9486518698643178,,0.9486763128135239,0.051323687186476064,0.9977385195708239,0.09973843584959335,5,0.001,0.1,0.9873699485080097,0.9955613369614372,0.9962018928611492,0.9971722169836732,0.9968746047240671,1.0,0.9983063759851806,0.9975456807503413,0.9965817712591938,0.996937361212771,0.9966626856815877,0.9964718336428255
4,6,1.5432153086151394,0.6279811363125982,4453,1.928518032034238,0.633423180592992,742,1.9371934424574002,0.6252,0.9989349594306276,0.08353286702286004,,,0.9554181177645678,,0.9554373145436444,0.044562685456355555,0.997736217019367,0.09973854155404069,5,0.001,0.1,0.9869319606069121,0.9949992887059851,0.996202187437371,0.9970855412837185,0.9972953284046129,0.9983063759851806,1.0,0.9976702076382965,0.9968279318329952,0.9971285335992559,0.9965990964706412,0.9967242325479254
4,7,1.5783367978992746,0.6236146831891513,4277,1.9299288884453152,0.635343618513324,713,1.9371992147768649,0.6252,0.9982999229596777,0.08345143619944467,,,0.934790126590867,,0.9348063521520187,0.06519364784798132,0.9977291356610833,0.0997377468521748,5,0.001,0.1,0.98484925899603,0.9937169550913763,0.9951792513484116,0.9961703067746787,0.9963172609118717,0.9975456807503413,0.9976702076382965,1.0,0.9961069540924641,0.9968856618656657,0.9973064925823181,0.9964118390386354
4,8,1.5808516541811135,0.5973359166868492,4129,1.9275884303179653,0.6497093023255814,688,1.9372035558231342,0.6252,0.9971638942065881,0.08338818608053254,,,0.9187676569665616,,0.9187906554160505,0.08120934458394946,0.9977233001797523,0.09973717316643174,5,0.001,0.1,0.9822240646669443,0.991594675167102,0.9930867621205828,0.9942547703645256,0.9948906962879556,0.9965817712591938,0.9968279318329952,0.9961069540924641,1.0,0.9958403858348742,0.9963476311322881,0.9967962385516321
4,9,1.6059028067286052,0.6203949012746813,4001,1.9470072530564808,0.6086956521739131,667,1.9372154047694832,0.6251,0.9975985245017982,0.08332569495068612,,,0.9029374538464089,,0.9029586027585274,0.09704139724147265,0.9977185563734898,0.09973624852508915,5,0.001,0.1,0.982980929422556,0.9922840361265403,0.9936710063990966,0.9945164671747154,0.9957400206727518,0.996937361212771,0.9971285335992559,0.9968856618656657,0.9958403858348742,1.0,0.9968636178548594,0.9969148788779932
4,10,1.6217959919913871,0.5810233993314476,3889,1.9283617791675387,0.6435185185185185,648,1.9372538358639604,0.6254,0.9973401717632385,0.08321639440814582,,,0.8752495276749985,,0.8752815070413006,0.12471849295869941,0.9976340774961187,0.0997321426026009,5,0.001,0.1,0.981400058755054,0.9918222434220322,0.9931160858536898,0.9944885481061478,0.9951786832827786,0.9966626856815877,0.9965990964706412,0.9973064925823181,0.9963476311322881,0.9968636178548594,1.0,0.9968769777791832
4,11,1.6348975438029827,0.5904510683197045,3791,1.9447645008563996,0.6471518987341772,632,1.9372503448979923,0.6254,0.9970800688555694,0.08321697725423649,,,0.8753971737813458,,0.8754216564695876,0.12457834353041242,0.997650160816531,0.09973214272021223,5,0.001,0.1,0.9810716337644311,0.9906065455121149,0.9927515275617835,0.9936480610381836,0.9952746101833467,0.9964718336428255,0.9967242325479254,0.9964118390386354,0.9967962385516321,0.9969148788779932,0.9968769777791832,1.0
5,0,1.198538348832483,0.6600194789383979,8214,1.819991530374039,0.6435354273192111,1369,1.8203278467678035,0.648,0.9902825171580608,0.08261227582167718,,,0.96,,0.9600139182880506,0.039986081711949395,0.9974739171990671,0.09972512115266795,5,0.001,0.1,1.0,0.9947671873631921,0.9931993178176162,0.990568353278953,0.9885429028495611,0.9868100481925022,0.986225901670156,0.984479411578748,0.9831424136789456,0.9804122600574011,0.9817213941288814,0.9809653646849282
5,1,1.2966955878202198,0.636385762093094,6574,1.8262888295309885,0.6240875912408759,1096,1.8196991183125555,0.648,0.9971830429317627,0.08330692474050982,,,0.96,,0.9600139182880506,0.039986081711949395,0.9983015294331875,0.09972512115266795,5,0.001,0.1,0.9947671873631921,1.0,0.9972272684182999,0.9964305194296867,0.9950882440723426,0.9952262057404411,0.9945488320909842,0.9934073469410281,0.9927784615115125,0.9911367343858333,0.9920621711552229,0.990627736473665
5,2,1.3062947044056423,0.6664361058274252,5783,1.8151225466882028,0.6680497925311203,964,1.8196599453021163,0.6481,0.998033763888472,0.08344051313674145,,,0.96,,0.9600139182880506,0.039986081711949395,0.9983382907795912,0.09972512115266795,5,0.001,0.1,0.9931993178176162,0.9972272684182999,1.0,0.9975880525587885,0.9970661613347952,0.9958951682305591,0.995767639062077,0.9949501465801303,0.9937860051716069,0.9919002851891591,0.9934614233603849,0.9926089000364493
5,3,1.3483601549303674,0.6466427085303574,5287,1.8320063182285853,0.6356413166855845,881,1.8196522443058392,0.6481,0.9983823037412967,0.08350357707758863,,,0.96,,0.9600139182880506,0.039986081711949395,0.9983412511451275,0.09972512115266795,5,0.001,0.1,0.990568353278953,0.9964305194296867,0.9975880525587885,1.0,0.9974354203603291,0.9967570807133079,0.9966131913712528,0.9961039702970754,0.994925181362942,0.9928835704116341,0.9947888216722429,0.9934949705959314
5,4,1.3923786460968757,0.6340425531914894,4935,1.8107677010389476,0.6751824817518248,822,1.8196541547013547,0.6481,0.9983925500570768,0.08348901137427785,,,0.96,,0.9600139182880506,0.039986081711949395,0.9983406909510497,0.09972512115266795,5,0.001,0.1,0.9885429028495611,0.9950882440723426,0.9970661613347952,0.9974354203603291,1.0,0.9965118655411135,0.9970774304134604,0.9959642813840064,0.9953727480250251,0.9942228987239766,0.9954573748970154,0.9949561078680539
5,5,1.4107237903222645,0.6360831369187915,4667,1.8319475936889649,0.589974293059126,778,1.8196606380870928,0.648,0.9988157160791616,0.08349008705064245,,,0.96,,0.9600139182880506,0.039986081711949395,0.99833987500079,0.09972512115266795,5,0.001,0.1,0.9868100481925022,0.9952262057404411,0.9958951682305591,0.9967570807133079,0.9965118655411135,1.0,0.9980125763494468,0.9973435494650242,0.9971185866036337,0.9957698896549052,0.9968186233019303,0.9964824700526178
5,6,1.4099651207242694,0.6426678643611049,4453,1.8082668433586757,0.6522911051212938,742,1.819658053949618,0.6481,0.9987672271157216,0.08350490956483156,,,0.96,,0.9600139182880506,0.039986081711949395,0.9983407040281811,0.09972512115266795,5,0.001,0.1,0.986225901670156,0.9945488320909842,0.995767639062077,0.9966131913712528,0.9970774304134604,0.9980125763494468,1.0,0.9973778615769641,0.9974926873949006,0.995506297998902,0.9968455323801175,0.9966904921188292
5,7,1.4428453583325913,0.6384381575870938,4277,1.8105941388918005,0.6704067321178121,713,1.819665347806181,0.648,0.9981262497985515,0.08343424831083503,,,0.96,,0.9600139182880506,0.039986081711949395,0.9983337761307258,0.09972512115266795,5,0.001,0.1,0.984479411578748,0.9934073469410281,0.9949501465801303,0.9961039702970754,0.9959642813840064,0.9973435494650242,0.9973778615769641,1.0,0.9964492655692919,0.9953189307319759,0.9971340703114945,0.99595073265152
5,8,1.4509847474098205,0.6217486074109954,4129,1.8074656833301892,0.6816860465116279,688,1.8196694930902304,0.648,0.9978182025773855,0.08338549311004564,,,0.96,,0.9600139182880506,0.039986081711949395,0.9983304983702028,0.09972512115266795,5,0.001,0.1,0.9831424136789456,0.9927784615115125,0.9937860051716069,0.994925181362942,0.9953727480250251,0.9971185866036337,0.9974926873949006,0.9964492655692919,1.0,0.9953520391357938,0.997200066495965,0.9971734283590675
5,9,1.4681343419211252,0.6370407398150463,4001,1.8311646779378254,0.631184407796102,667,1.81968576077836,0.648,0.9964527396193316,0.08330305699427049,,,0.96,,0.9600139182880506,0.039986081711949395,0.9983184772157064,0.09972512115266795,5,0.001,0.1,0.9804122600574011,0.9911367343858333,0.9919002851891591,0.9928835704116341,0.9942228987239766,0.9957698896549052,0.995506297998902,0.9953189307319759,0.9953520391357938,1.0,0.9961608187285469,0.995779598770961
5,10,1.4836984810281972,0.6016456672666495,3889,1.807283253896804,0.6558641975308642,648,1.8197389189808513,0.6479,0.9976330725326983,0.08327411072661316,,,0.96,,0.9600139182880506,0.039986081711949395,0.9982754746172725,0.09972512115266795,5,0.001,0.1,0.9817213941288814,0.9920621711552229,0.9934614233603849,0.9947888216722429,0.9954573748970154,0.9968186233019303,0.9968455323801175,0.9971340703114945,0.997200066495965,0.9961608187285469,1.0,0.9969183684862638
5,11,1.4957567885142415,0.6061197573199684,3791,1.8302364647388458,0.6677215189873418,632,1.8197346023096443,0.648,0.9970547263583154,0.08325579209196685,,,0.96,,0.9600139182880506,0.039986081711949395,0.9982754760777689,0.09972512115266795,5,0.001,0.1,0.9809653646849282,0.990627736473665,0.9926089000364493,0.9934949705959314,0.9949561078680539,0.9964824700526178,0.9966904921188292,0.99595073265152,0.9971734283590675,0.995779598770961,0.9969183684862638,1.0
6,0,1.1235825763834126,0.6704650596542489,8214,1.6929971922275633,0.6581446311176041,1369,1.693420653906874,0.6599,0.9899876119540371,0.08266273032512027,,,0.96,,0.9600139182880506,0.039986081711949395,0.9984859668909782,0.09970578611222501,5,0.001,0.1,1.0,0.9944372002551723,0.9923123497301577,0.9897678056619865,0.9875927160238243,0.9861137307844846,0.9849916057944289,0.9838840733556203,0.9823617886204226,0.9813193019550298,0.9816569683538817,0.9805718084522516
6,1,1.2104773152800439,0.6477639184666869,6574,1.7007729632513864,0.6459854014598541,1096,1.692707655909724,0.66,0.9969120215179961,0.08331259241211357,,,0.96,,0.9600139182880506,0.039986081711949395,0.9984859668909782,0.09970578611222501,5,0.001,0.1,0.9944372002551723,1.0,0.996836052169146,0.9958508736986313,0.9943651574239714,0.9945384171167542,0.9936844665691479,0.9929885980545454,0.9917672914844854,0.9913746013978234,0.9918579561905125,0.9900490327723355
6,2,1.2086846026267795,0.6749092166695487,5783,1.687528214147014,0.6763485477178424,964,1.6926625346223387,0.6599,0.9978872817322113,0.08342605863960828,,,0.96,,0.9600139182880506,0.039986081711949395,0.9984859668909782,0.09970578611222501,5,0.001,0.1,0.9923123497301577,0.996836052169146,1.0,0.9970729073110723,0.9962055532175325,0.9953104515089445,0.9950983319978862,0.9946320565631547,0.9930260935937404,0.9928829942703815,0.9936687857882481,0.9923402031020919
6,3,1.245805002120604,0.659012672593153,5287,1.707349304641996,0.6401816118047673,881,1.6926535105172056,0.6599,0.9981572840612676,0.0834734745851248,,,0.96,,0.9600139182880506,0.039986081711949395,0.9984859668909782,0.09970578611222501,5,0.001,0.1,0.9897678056619865,0.9958508736986313,0.9970729073110723,1.0,0.996926334047889,0.9962191052894265,0.9959244214882939,0.9956708776680124,0.9937795164055746,0.9936331313478727,0.994655145857366,0.9930867956969378
6,4,1.2884130692481994,0.6515501519756839,4935,1.681445992909945,0.6897810218978102,822,1.6926558627107273,0.6599,0.998059493744482,0.0834613788914034,,,0.96,,0.9600139182880506,0.039986081711949395,0.9984859668909782,0.09970578611222501,5,0.001,0.1,0.9875927160238243,0.9943651574239714,0.9962055532175325,0.996926334047889,1.0,0.9957349686791589,0.9960619083487849,0.9954327553854644,0.9947154171492144,0.9947253247790375,0.9952191387052808,0.9944223413327403
6,5,1.3026599519056816,0.6496250267838012,4667,1.7090201473236084,0.6041131105398457,778,1.692662236789545,0.6599,0.9985199834506517,0.08347691040456419,,,0.96,,0.9600139182880506,0.039986081711949395,0.9984859668909782,0.09970578611222501,5,0.001,0.1,0.9861137307844846,0.9945384171167542,0.9953104515089445,0.9962191052894265,0.9957349686791589,1.0,0.9974229576280059,0.9966773796049482,0.9961637865862049,0.9962836846739371,0.9965120205700979,0.9959221973444449
6,6,1.2967155155113765,0.6547945205479452,4453,1.678899457057317,0.6684636118598383,742,1.6926599409633551,0.6599,0.9983608871420657,0.08348086754732126,,,0.96,,0.9600139182880506,0.039986081711949395,0.9984859668909782,0.09970578611222501,5,0.001,0.1,0.9849916057944289,0.9936844665691479,0.9950983319978862,0.9959244214882939,0.9960619083487849,0.9974229576280059,1.0,0.9968485500083011,0.9964722094171322,0.995993141474386,0.9964510557538061,0.9960358941438362
6,7,1.3291313500546698,0.6494739303249941,4277,1.6816837787628174,0.6816269284712483,713,1.6926686611419288,0.6599,0.9978936468075001,0.083422420081123,,,0.96,,0.9600139182880506,0.039986081711949395,0.9984859668909782,0.09970578611222501,5,0.001,0.1,0.9838840733556203,0.9929885980545454,0.9946320565631547,0.9956708776680124,0.9954327553854644,0.9966773796049482,0.9968485500083011,1.0,0.9955060618716104,0.9957287608417207,0.9966991448816254,0.9953224773358704
6,8,1.3356122382787559,0.637539355776217,4129,1.6774919466538862,0.684593023255814,688,1.6926729785748564,0.66,0.9972892942073741,0.08337298621354068,,,0.96,,0.9600139182880506,0.039986081711949395,0.9984859668909782,0.09970578611222501,5,0.001,0.1,0.9823617886204226,0.9917672914844854,0.9930260935937404,0.9937795164055746,0.9947154171492144,0.9961637865862049,0.9964722094171322,0.9955060618716104,1.0,0.9955125841903438,0.9966603295189166,0.996193542437099
6,9,1.3509899468885527,0.6459885028742814,4001,1.705676862171718,0.6401799100449775,667,1.692692583742233,0.66,0.9971089561850838,0.08331657913789926,,,0.96,,0.9600139182880506,0.039986081711949395,0.9984859668909782,0.09970578611222501,5,0.001,0.1,0.9813193019550298,0.9913746013978234,0.9928829942703815,0.9936331313478727,0.9947253247790375,0.9962836846739371,0.995993141474386,0.9957287608417207,0.9955125841903438,1.0,0.9965649518027132,0.9959784364166152
6,10,1.365163096150414,0.6200565698122911,3889,1.6761520419801985,0.6682098765432098,648,1.692753624230528,0.6598,0.9976456148362772,0.08331614895564517,,,0.96,,0.9600139182880506,0.039986081711949395,0.9984859668909782,0.09970578611222501,5,0.001,0.1,0.9816569683538817,0.9918579561905125,0.9936687857882481,0.994655145857366,0.9952191387052808,0.9965120205700979,0.9964510557538061,0.9966991448816254,0.9966603295189166,0.9965649518027132,1.0,0.9964698150777612
