round,client_id,client_i_training_loss,client_i_training_accuracy,client_i_training_dataset_size,client_i_evaluation_loss,client_i_evaluation_accuracy,client_i_evaluation_dataset_size,client_i_central_evaluation_loss,client_i_central_evaluation_accuracy,client_i_cosine_similarity,client_i_importance_coefficient,client_i_tanh_val,tanh_normalization_value,client_i_q,client_i_mask_order,client_i_v_nonzero_fraction,client_i_v_sparsity,client_i_v_cosine_similarity,client_i_reward_gradient_norm,local_epochs,learning_rate,gamma,client_0_cosine_similarity,client_1_cosine_similarity,client_2_cosine_similarity,client_3_cosine_similarity,client_4_cosine_similarity,client_5_cosine_similarity,client_6_cosine_similarity,client_7_cosine_similarity,client_8_cosine_similarity,client_9_cosine_similarity,client_10_cosine_similarity,client_11_cosine_similarity
0,0,2.220013857329333,0.17940102264426588,6845,2.2990046847950327,0.11322132943754565,1369,2.298083042796654,0.118,0.8806748388014312,0.07761416590711452,,,0.75,,0.7500041260253173,0.2499958739746827,0,0.14146210268517917,10,0.025,0.15,1.0,0.9125896276495962,0.8565372115670798,0.8382278387251748,0.8617208636468184,0.8117045492874397,0.774756746489123,0.7577659966990308,0.7455071513230962,0.7264152708654086,0.7320634482346207,0.7143843565758665
0,1,2.2724691912185313,0.1561153705732019,5478,2.3001134395599365,0.11222627737226278,1096,2.2980612169338177,0.1136,0.9595193802627074,0.08456276152064907,,,0.9625476346347601,,0.9625852024228021,0.0374147975771979,0,0.14156745919585867,10,0.025,0.15,0.9125896276495962,1.0,0.9457242281171309,0.9461580044570511,0.9279531196930684,0.9135400636247404,0.8893489243791657,0.8651201614403183,0.8696604857436891,0.8475220983458558,0.8257725971642396,0.8168656910353318
0,2,2.2889603846951534,0.15894190871369296,4820,2.2967648208141327,0.12966804979253113,964,2.2980612501313415,0.1136,0.9720970447963363,0.08567123527148959,,,0.9964542665499868,,0.9964846264296677,0.0035153735703322697,0,0.14156759182915718,10,0.025,0.15,0.8565372115670798,0.9457242281171309,1.0,0.9585513416805063,0.927562473684286,0.9444570892762397,0.912867750248681,0.8839914573868719,0.9099440313156911,0.8828181395422152,0.8823364528940377,0.8945913336426234
0,3,2.28991874899183,0.16418520199727643,4406,2.2972457068307057,0.12372304199772985,881,2.2980612591852116,0.1136,0.973412334548108,0.08578715219395883,,,0.9999999999694114,,1.0,0.0,0,0.14156759200937238,10,0.025,0.15,0.8382278387251748,0.9461580044570511,0.9585513416805063,1.0,0.9339317947259772,0.9350361099005158,0.9158502089239401,0.907876834742827,0.9328958753267734,0.9027006553275245,0.8877153782952754,0.8799449494822665
0,4,2.2902045293287796,0.16989299610894942,4112,2.297050407954625,0.12287104622871046,822,2.298061235041558,0.1136,0.9678161785804157,0.08529396111073259,,,0.9849139877745862,,0.9849400075918866,0.015059992408113398,0,0.1415675799916903,10,0.025,0.15,0.8617208636468184,0.9279531196930684,0.927562473684286,0.9339317947259772,1.0,0.9381116322812104,0.9250777984695882,0.9187052631753021,0.88624733005365,0.8885480796479087,0.8870735425049359,0.8700097135893421
0,5,2.291582306738823,0.17004371303677038,3889,2.298028435025896,0.12210796915167095,778,2.2980612410774715,0.1136,0.9656678101587127,0.0851046246885196,,,0.9791224565170767,,0.9791553200970441,0.02084467990295591,0,0.14156756513999988,10,0.025,0.15,0.8117045492874397,0.9135400636247404,0.9444570892762397,0.9350361099005158,0.9381116322812104,1.0,0.9430753979340804,0.9150512115048272,0.889210896715869,0.8805279954615833,0.9144196333565503,0.9084986931641618
0,6,2.294062014283805,0.13311775801670708,3711,2.297143340110779,0.09703504043126684,742,2.298061235041558,0.1136,0.9586369789223703,0.08448499519758845,,,0.9601688736677843,,0.9602168638906768,0.03978313610932316,0,0.1415674318927487,10,0.025,0.15,0.774756746489123,0.8893489243791657,0.912867750248681,0.9158502089239401,0.9250777984695882,0.9430753979340804,1.0,0.9509089804599711,0.9225880145868115,0.9258650722084185,0.9105924528989887,0.8998792514532943
0,7,2.294719135761261,0.1287037037037037,3564,2.299211581548055,0.1093969144460028,713,2.2980616515195824,0.1136,0.9464037211740194,0.0834068741310695,,,0.9271906870983766,,0.9272334175042498,0.07276658249575019,0,0.1415659220222252,10,0.025,0.15,0.7577659966990308,0.8651201614403183,0.8839914573868719,0.907876834742827,0.9187052631753021,0.9150512115048272,0.9509089804599711,1.0,0.9297531731724035,0.9070971815051299,0.9221653172353507,0.8963588655486499
0,8,2.294812870025635,0.11191514094739902,3441,2.2997583945592246,0.11482558139534883,688,2.298061714896673,0.1136,0.9438832431802615,0.0831847435687396,,,0.92039602984255,,0.9204502318826229,0.07954976811737713,0,0.14156551378518176,10,0.025,0.15,0.7455071513230962,0.8696604857436891,0.9099440313156911,0.9328958753267734,0.88624733005365,0.889210896715869,0.9225880145868115,0.9297531731724035,1.0,0.9420567088557804,0.8987660131691679,0.9000805541825777
0,9,2.296204939594975,0.13041391721655668,3334,2.3020783265431723,0.095952023988006,667,2.298062728930123,0.1136,0.9300384865414469,0.08196460057002398,,,0.8830735948186977,,0.8831179548117707,0.11688204518822931,0,0.141560857735611,10,0.025,0.15,0.7264152708654086,0.8475220983458558,0.8828181395422152,0.9027006553275245,0.8885480796479087,0.8805279954615833,0.9258650722084185,0.9070971815051299,0.9420567088557804,1.0,0.8914764308641123,0.8953763407821521
0,10,2.297215296671941,0.13875347115087935,3241,2.2954870462417603,0.11265432098765432,648,2.298062891899785,0.1136,0.9281388358348328,0.08179718372261026,,,0.8779525521080693,,0.8779934313676949,0.12200656863230508,0,0.14156017897965217,10,0.025,0.15,0.7320634482346207,0.8257725971642396,0.8823364528940377,0.8877153782952754,0.8870735425049359,0.9144196333565503,0.9105924528989887,0.9221653172353507,0.8987660131691679,0.8914764308641123,1.0,0.9255993261788023
0,11,2.297465500831604,0.150332383665717,3159,2.3010110378265383,0.10284810126582279,632,2.29806341702425,0.1136,0.9205423410742873,0.08112770211750397,,,0.8574740641500629,,0.8575118416926606,0.1424881583073394,0,0.14155604148663875,10,0.025,0.15,0.7143843565758665,0.8168656910353318,0.8945913336426234,0.8799449494822665,0.8700097135893421,0.9084986931641618,0.8998792514532943,0.8963588655486499,0.9000805541825777,0.8953763407821521,0.9255993261788023,1.0
1,0,2.0695421121738575,0.25529583637691744,6845,2.288655411113392,0.15997078159240322,1369,2.287793352634092,0.1672,0.9053569868560893,0.07756124066010592,,,0.75,,0.7500041260253173,0.2499958739746827,0.8677505909469211,0.14606468627325375,10,0.025,0.15,1.0,0.9477233169913024,0.9256972315673112,0.9060557255604391,0.8993066215908829,0.8775663474976609,0.8568104607940535,0.8449573120264456,0.8431348443365435,0.8324331984169567,0.8282322214341448,0.8249399019959378
1,1,2.1263640120972034,0.23579773640014604,5478,2.2891978952619763,0.16149635036496351,1096,2.287747681895389,0.1684,0.9636345516055095,0.08376284165018637,,,0.9507794924966823,,0.9508095261672526,0.04919047383274744,0.867946733467058,0.14614359878120356,10,0.025,0.15,0.9477233169913024,1.0,0.9707662183229809,0.9606938956914255,0.9595653118413137,0.9468742909327469,0.930004284038009,0.9139291087121364,0.9185510014475757,0.9078989298287735,0.9039108342805363,0.9019025027725427
1,2,2.157021848778976,0.226701244813278,4820,2.2861209213733673,0.19294605809128632,964,2.2877477060390423,0.1684,0.9798310246442113,0.08497700307617631,,,0.9900884895297446,,0.9901305474410391,0.009869452558960878,0.8679442716555665,0.14614372902151032,10,0.025,0.15,0.9256972315673112,0.9707662183229809,1.0,0.9734313287527189,0.9716770254524493,0.9667217087700757,0.9500893812159917,0.9399746881257252,0.9484246845909572,0.9375372997020771,0.9349293875452391,0.930518064222242
1,3,2.163106369631631,0.22296867907399,4406,2.286570038114275,0.18161180476730987,881,2.2877477150929124,0.1684,0.9870228353117524,0.08528314606010563,,,0.9999999999676246,,1.0,0.0,0.8679439627500608,0.14614372927600397,10,0.025,0.15,0.9060557255604391,0.9606938956914255,0.9734313287527189,1.0,0.9796598262732911,0.973230036583894,0.9636994377388841,0.9595691497698977,0.9644332526316899,0.951624022623882,0.9511578788719558,0.9495915154114949
1,4,2.1685120535619333,0.22101167315175096,4112,2.2854606083461215,0.17639902676399027,822,2.287747712074956,0.1684,0.9872594953094764,0.08498548458530962,,,0.9903630820264427,,0.9903863610107112,0.009613638989288797,0.8679439396111579,0.14614372902795378,10,0.025,0.15,0.8993066215908829,0.9595653118413137,0.9716770254524493,0.9796598262732911,1.0,0.975808069753126,0.9638183829524147,0.9618464997072245,0.9647198894205611,0.9571127863812111,0.9541876625448629,0.9479793524054416
1,5,2.177013409137726,0.2262535356132682,3889,2.28830691746303,0.18123393316195371,778,2.2877477543263494,0.1684,0.9862763193559558,0.08483621120999761,,,0.9855302924634974,,0.9855589113894803,0.014441088610519737,0.8679447854099037,0.14614372746517518,10,0.025,0.15,0.8775663474976609,0.9468742909327469,0.9667217087700757,0.973230036583894,0.975808069753126,1.0,0.9738368019354735,0.9645756669102691,0.9644623260500637,0.958043531504899,0.9626856544365915,0.9598043004162965
1,6,2.202186475128963,0.2095392077607114,3711,2.286795218785604,0.16576819407008087,742,2.2877476939672157,0.1684,0.9846307977280611,0.08439892437051444,,,0.9713729434422779,,0.971406644551171,0.028593355448829016,0.8679443244279029,0.14614370688795822,10,0.025,0.15,0.8568104607940535,0.930004284038009,0.9500893812159917,0.9636994377388841,0.9638183829524147,0.9738368019354735,1.0,0.9788790397796955,0.9735652474380976,0.9701037199742367,0.9711281353609178,0.9731952715614894
1,7,2.2098408422299793,0.1957912457912458,3564,2.289599299430847,0.15568022440392706,713,2.2877483307560786,0.1684,0.98204371552111,0.08364706496074209,,,0.9470311725085454,,0.9470713472297866,0.052928652770213414,0.8679762353829018,0.14614356665828881,10,0.025,0.15,0.8449573120264456,0.9139291087121364,0.9399746881257252,0.9595691497698977,0.9618464997072245,0.9645756669102691,0.9788790397796955,1.0,0.9828325098262845,0.9769843704511605,0.975715132685682,0.9762606015637548
1,8,2.199762183207053,0.19226968904388259,3441,2.291106422742208,0.1569767441860465,688,2.2877484333666067,0.1684,0.983068401992886,0.08354291914488567,,,0.9436594070423775,,0.9437127626215115,0.05628723737848851,0.8679704444816844,0.1461435293338271,10,0.025,0.15,0.8431348443365435,0.9185510014475757,0.9484246845909572,0.9644332526316899,0.9647198894205611,0.9644623260500637,0.9735652474380976,0.9828325098262845,1.0,0.977322487007562,0.9751783523429749,0.9743039222981597
1,9,2.211357215157262,0.1967006598680264,3334,2.2925946712493896,0.15292353823088456,667,2.2877492150173913,0.1678,0.9763174493639334,0.08256742878622723,,,0.9120774882023674,,0.9121239127923289,0.08787608720767115,0.8678697197027545,0.14613865407383883,10,0.025,0.15,0.8324331984169567,0.9078989298287735,0.9375372997020771,0.951624022623882,0.9571127863812111,0.958043531504899,0.9701037199742367,0.9769843704511605,0.977322487007562,1.0,0.9689702411322829,0.9705614540563613
1,10,2.2246783494949343,0.201172477630361,3241,2.2846428950627646,0.18364197530864199,648,2.2877495107771475,0.1678,0.9759064440310282,0.08245037368820725,,,0.9082877791881638,,0.9083279695004208,0.09167203049957917,0.8678633811970569,0.14613850274836093,10,0.025,0.15,0.8282322214341448,0.9039108342805363,0.9349293875452391,0.9511578788719558,0.9541876625448629,0.9626856544365915,0.9711281353609178,0.975715132685682,0.9751783523429749,0.9689702411322829,1.0,0.9777547030622367
1,11,2.2364242267608643,0.2129471351693574,3159,2.2916497230529784,0.1439873417721519,632,2.287751451323304,0.1678,0.9744187199593288,0.08198736180754206,,,0.8932975709228163,,0.8933422455480187,0.10665775445198133,0.8677513055373239,0.14613648919901015,10,0.025,0.15,0.8249399019959378,0.9019025027725427,0.930518064222242,0.9495915154114949,0.9479793524054416,0.9598043004162965,0.9731952715614894,0.9762606015637548,0.9743039222981597,0.9705614540563613,0.9777547030622367,1.0
2,0,1.983060434350261,0.2862235208181154,6845,2.272093187678944,0.19722425127830534,1369,2.2713472420656227,0.1993,0.9165325289056103,0.07791789237349207,,,0.75,,0.7500041260253173,0.2499958739746827,0.9626490663087022,0.14592073927344681,10,0.025,0.15,1.0,0.9489754143783141,0.9290272908444034,0.9091754774584665,0.9033386808128093,0.880312645603513,0.8819734530256863,0.8683773319784178,0.8534290415754672,0.8464149233480323,0.8434723151355319,0.8458038441181023
2,1,2.0325941360274027,0.2718327856882074,5478,2.2719198862711587,0.18065693430656934,1096,2.2712732628930974,0.2003,0.9633813151328177,0.0832862621765342,,,0.9422480646991845,,0.9422934099123632,0.05770659008763679,0.9633794863469773,0.14600673947739354,10,0.025,0.15,0.9489754143783141,1.0,0.9603905239726144,0.9533869296427689,0.9495712776524667,0.937481226716155,0.9362858206633453,0.9230303288805772,0.9163743330592493,0.9079313616830882,0.9056878253128493,0.9122473627227282
2,2,2.057632366293355,0.2669709543568465,4820,2.2691420316696167,0.21473029045643152,964,2.271273546581027,0.2003,0.9768313172584457,0.08447674562820447,,,0.9848807722131712,,0.9849152514399828,0.01508474856001718,0.9633808245471195,0.14600714823363872,10,0.025,0.15,0.9290272908444034,0.9603905239726144,1.0,0.9621933350766415,0.9601083580539381,0.9563110611678273,0.9540742704024494,0.9435373523972507,0.9427794586262975,0.9317500759962328,0.931909893456777,0.934150600275439
2,3,2.0639533373287744,0.2606672719019519,4406,2.2698189531053816,0.21566401816118047,881,2.27127348923985,0.2003,0.9839656927411431,0.08489893768423833,,,0.9999999999641888,,1.0,0.0,0.9633805032922055,0.14600715935386288,10,0.025,0.15,0.9091754774584665,0.9533869296427689,0.9621933350766415,1.0,0.9709750548190249,0.9639097407590554,0.9647400998287453,0.957121547664459,0.9588773570842624,0.943349621178576,0.9485029720703854,0.9559092123192051
2,4,2.063080900365656,0.2593628404669261,4112,2.266873223440988,0.21654501216545013,822,2.2712735073475896,0.2003,0.9845607522775947,0.08473397040175258,,,0.9940923143985266,,0.9941245399481772,0.005875460051822823,0.9633809516560211,0.1460071587483555,10,0.025,0.15,0.9033386808128093,0.9495712776524667,0.9601083580539381,0.9709750548190249,1.0,0.9673681885728818,0.9688618935094909,0.9631179832126061,0.9590041762404029,0.9435992546654258,0.9528181080413498,0.9560007056524562
2,5,2.068129123026325,0.26685523270763695,3889,2.272639274597168,0.21465295629820053,778,2.2712736190119878,0.2003,0.9812800424037824,0.08453456573047408,,,0.9869513826908142,,0.9869865161492631,0.013013483850736862,0.9633813594070048,0.1460071525276539,10,0.025,0.15,0.880312645603513,0.937481226716155,0.9563110611678273,0.9639097407590554,0.9673681885728818,1.0,0.9706858852809308,0.9624433201288813,0.9582887697618662,0.9446339266839267,0.9536593983896471,0.9601819996103707
2,6,2.0962407872594637,0.2600107787658313,3711,2.2704710960388184,0.20350404312668463,742,2.2712736009042476,0.2003,0.9860327089593162,0.08441865091173607,,,0.9828003274561861,,0.9828274826294334,0.017172517370566576,0.9633804252692975,0.14600714464671039,10,0.025,0.15,0.8819734530256863,0.9362858206633453,0.9540742704024494,0.9647400998287453,0.9688618935094909,0.9706858852809308,1.0,0.9749125251666336,0.9675459375685597,0.9578286665512991,0.9625955260528284,0.9718908972299041
2,7,2.1113422163895197,0.23900112233445567,3564,2.273954232533773,0.1935483870967742,713,2.2712745274169537,0.2003,0.9827242983925792,0.08384511341475909,,,0.9622612293926067,,0.9622963806505916,0.03770361934940836,0.9633808005846272,0.1460070328278147,10,0.025,0.15,0.8683773319784178,0.9230303288805772,0.9435373523972507,0.957121547664459,0.9631179832126061,0.9624433201288813,0.9749125251666336,1.0,0.9768943499831169,0.9608802353303453,0.9693334542773483,0.973201051129115
2,8,2.0911504056718613,0.24312699796570764,3441,2.2767829100290933,0.18895348837209303,688,2.271274611919741,0.2003,0.9798016622123149,0.0836853326846092,,,0.9565392807798024,,0.9565694575101913,0.04343054248980871,0.9633838710719625,0.14600696893793558,10,0.025,0.15,0.8534290415754672,0.9163743330592493,0.9427794586262975,0.9588773570842624,0.9590041762404029,0.9582887697618662,0.9675459375685597,0.9768943499831169,1.0,0.9600596401196162,0.9720849630991084,0.9726382465891832
2,9,2.105099194579654,0.24448110377924415,3334,2.2774400313695273,0.17541229385307347,667,2.271273896664004,0.2003,0.9690367133941094,0.08273020727677775,,,0.9223350403981949,,0.9223729596804806,0.07762704031951939,0.9633685698010044,0.14600073205389008,10,0.025,0.15,0.8464149233480323,0.9079313616830882,0.9317500759962328,0.943349621178576,0.9435992546654258,0.9446339266839267,0.9578286665512991,0.9608802353303453,0.9600596401196162,1.0,0.9553456588424457,0.961425981099732
2,10,2.1184763404039235,0.2423634680654119,3241,2.267778158187866,0.21141975308641975,648,2.271274569668347,0.2003,0.9737771556493532,0.08281223913402645,,,0.9252727042288061,,0.9253189417570267,0.07468105824297333,0.9633652287963796,0.14600085557948397,10,0.025,0.15,0.8434723151355319,0.9056878253128493,0.931909893456777,0.9485029720703854,0.9528181080413498,0.9536593983896471,0.9625955260528284,0.9693334542773483,0.9720849630991084,0.9553456588424457,1.0,0.9726396047663014
2,11,2.132517704963684,0.250332383665717,3159,2.276729869842529,0.185126582278481,632,2.2712764347655865,0.2003,0.9779068527432019,0.08266008258339567,,,0.9198237870596696,,0.9198643362875675,0.08013566371243253,0.9633764096528561,0.1460006249203965,10,0.025,0.15,0.8458038441181023,0.9122473627227282,0.934150600275439,0.9559092123192051,0.9560007056524562,0.9601819996103707,0.9718908972299041,0.973201051129115,0.9726382465891832,0.961425981099732,0.9726396047663014,1.0
3,0,1.9257698712525544,0.3066325785244704,6845,2.2488063898953525,0.2322863403944485,1369,2.2484579689895052,0.2273,0.922555509869441,0.0783913742859009,,,0.75,,0.7500041260253173,0.2499958739746827,0.9829410309563781,0.1456456957377821,10,0.025,0.15,1.0,0.9488113756672851,0.9333694209543083,0.9129173145479227,0.9069597480711994,0.8799840323662782,0.8887752972893371,0.8771269298195362,0.8580659073192076,0.8533312066427652,0.8516637667187735,0.8493394087896577
3,1,1.969821810999582,0.2917488134355604,5478,2.2477922439575195,0.21806569343065693,1096,2.2483356270609023,0.2276,0.9609383109453814,0.08297096027759343,,,0.9340381516389875,,0.9340743674803189,0.06592563251968109,0.983604699729514,0.14572136921278186,10,0.025,0.15,0.9488113756672851,1.0,0.9552968083541459,0.9447840751992294,0.9457205196392016,0.9275631112445806,0.934284779427867,0.9231145433001041,0.9098715246217919,0.9025738178853067,0.9033409369080313,0.9069570885170232
3,2,1.9917443673861654,0.2928838174273859,4820,2.24576598405838,0.241701244813278,964,2.2483359620540955,0.2276,0.9761765957923365,0.08420596016717295,,,0.9836686416799809,,0.9837104520473338,0.01628954795266624,0.983611567304995,0.1457220202405126,10,0.025,0.15,0.9333694209543083,0.9552968083541459,1.0,0.958109515057384,0.9582675326885287,0.9485714753411536,0.9540173062317079,0.944394299671618,0.937007408715164,0.9287354913069595,0.9300077125273107,0.9298182141222638
3,3,2.001451789651598,0.28445301861098504,4406,2.2466890130724226,0.2383654937570942,881,2.248335771922824,0.2276,0.980612287217953,0.08461234796740659,,,0.9999999999598134,,1.0,0.0,0.9836132464517671,0.14572202843637025,10,0.025,0.15,0.9129173145479227,0.9447840751992294,0.958109515057384,1.0,0.963655933213791,0.9572123688235862,0.9585358679823732,0.9524232336570851,0.9497653652776861,0.9375766961132392,0.9439129306287218,0.948791924671113
3,4,1.9922958439046687,0.2849464980544747,4112,2.241168975830078,0.2384428223844282,822,2.2483358051203473,0.2276,0.9834515406326302,0.08460272029604644,,,0.9996130962429877,,0.9996369097720783,0.0003630902279216919,0.9836126298086258,0.14572202843636864,10,0.025,0.15,0.9069597480711994,0.9457205196392016,0.9582675326885287,0.963655933213791,1.0,0.9578140388373431,0.9620539293582302,0.960839315255659,0.953302552342102,0.9481438847187136,0.9523355788815512,0.9514038186462032
3,5,1.9990006000764908,0.2899460015428131,3889,2.250737428665161,0.2377892030848329,778,2.24833605862871,0.2276,0.9778019506247154,0.08429482140324794,,,0.9872396757580095,,0.9872753379214735,0.012724662078526516,0.9836118412046708,0.1457220233070108,10,0.025,0.15,0.8799840323662782,0.9275631112445806,0.9485714753411536,0.9572123688235862,0.9578140388373431,1.0,0.9636125330791473,0.9594996278667823,0.9522726109683999,0.9407632321668361,0.9507033165809591,0.9551899298651327
3,6,2.020103645324707,0.2885206143896524,3711,2.2479434410730996,0.23045822102425875,742,2.248336010341403,0.2276,0.9825966694067904,0.0843793895519297,,,0.9906381850990622,,0.9906751827829215,0.009324817217078452,0.9836118772353463,0.14572202563699876,10,0.025,0.15,0.8887752972893371,0.934284779427867,0.9540173062317079,0.9585358679823732,0.9620539293582302,0.9636125330791473,1.0,0.9654150991833726,0.9568548917860513,0.9501987791059069,0.9543049283107143,0.9615700919285579
3,7,2.0419217301266532,0.26531986531986534,3564,2.2519041697184243,0.2187938288920056,713,2.2483374800863145,0.2276,0.9809702511196545,0.08397083920788474,,,0.9742199214599692,,0.9742701061213712,0.025729893878628785,0.9836092871743461,0.14572200498976445,10,0.025,0.15,0.8771269298195362,0.9231145433001041,0.944394299671618,0.9524232336570851,0.960839315255659,0.9594996278667823,0.9654150991833726,1.0,0.9680437447267949,0.9532942965133081,0.9621399655877154,0.9642189086667691
3,8,2.0200310314143146,0.27326358616681196,3441,2.2566421031951904,0.2136627906976744,688,2.248337534409535,0.2276,0.9751924398377688,0.08368331733519671,,,0.9626653848487394,,0.9627007311316862,0.037299268868313806,0.983608438887808,0.145721922653911,10,0.025,0.15,0.8580659073192076,0.9098715246217919,0.937007408715164,0.9497653652776861,0.953302552342102,0.9522726109683999,0.9568548917860513,0.9680437447267949,1.0,0.9520326867518911,0.9635214189038516,0.961703421295493
3,9,2.0413550606480353,0.2715656868626275,3334,2.2564107179641724,0.1904047976011994,667,2.2483366622200496,0.2277,0.9675222877334289,0.08284108851399484,,,0.928819042451795,,0.9288590714792626,0.07114092852073739,0.9835639402312354,0.14572120511790326,10,0.025,0.15,0.8533312066427652,0.9025738178853067,0.9287354913069595,0.9375766961132392,0.9481438847187136,0.9407632321668361,0.9501987791059069,0.9532942965133081,0.9520326867518911,1.0,0.9500412960973079,0.9572231889847223
3,10,2.047554277915221,0.26473310706572045,3241,2.2449158827463784,0.24691358024691357,648,2.248338382455367,0.2277,0.9719522652626292,0.08303645019648156,,,0.936669971118963,,0.9367067716327507,0.06329322836724927,0.9835656557269904,0.14572146155657825,10,0.025,0.15,0.8516637667187735,0.9033409369080313,0.9300077125273107,0.9439129306287218,0.9523355788815512,0.9507033165809591,0.9543049283107143,0.9621399655877154,0.9635214189038516,0.9500412960973079,1.0,0.962969099528324
3,11,2.058026708602905,0.2765432098765432,3159,2.2560667514801027,0.2120253164556962,632,2.248340078547031,0.2278,0.9740548417595075,0.08301073079714438,,,0.9356363950001029,,0.9356752653034279,0.06432473469657207,0.9835617246391885,0.14572141769115537,10,0.025,0.15,0.8493394087896577,0.9069570885170232,0.9298182141222638,0.948791924671113,0.9514038186462032,0.9551899298651327,0.9615700919285579,0.9642189086667691,0.961703421295493,0.9572231889847223,0.962969099528324,1.0
4,0,1.8779513557751975,0.3250255661066472,6845,2.219072797081687,0.252008765522279,1369,2.2194011120856563,0.2536,0.9312125292916871,0.07904538518963952,,,0.75,,0.7500041260253173,0.2499958739746827,0.9876907027790123,0.14525944855429887,10,0.025,0.15,1.0,0.9470973134906189,0.9360660511146922,0.9193567665006718,0.9090277190284499,0.8905906700337621,0.9006708431800066,0.8871302803928806,0.8638092674928888,0.8572868100303108,0.8603449372463704,0.8605059627846493
4,1,1.9174318596374156,0.3140927345746623,5478,2.217211219999525,0.24452554744525548,1096,2.2192198777500587,0.2553,0.9595868854440204,0.08281328830199201,,,0.9240686289783866,,0.924105890313743,0.07589410968625698,0.9880628754131333,0.14533016287880526,10,0.025,0.15,0.9470973134906189,1.0,0.9505930991854794,0.9409924466747085,0.9400232392787183,0.9239801044560683,0.9316100903339916,0.920491930418918,0.9050724815230339,0.8924511386194242,0.9016932239408569,0.9032312157232919
4,2,1.93892418710809,0.30877593360995853,4820,2.2159218192100525,0.26556016597510373,964,2.2192202942280828,0.2553,0.9732035404091627,0.08402417594798933,,,0.9800089082532484,,0.9800547936162136,0.019945206383786385,0.9880758991593726,0.14533146686936768,10,0.025,0.15,0.9360660511146922,0.9505930991854794,1.0,0.9504295903863432,0.9494106069345325,0.9415699081586443,0.9520743892861979,0.9393039773652598,0.9300014699024235,0.9151409874998868,0.9250621943710157,0.9238125721340451
4,3,1.9503288085120065,0.30288243304584656,4406,2.217479773930141,0.27014755959137343,881,2.2192201614379883,0.2553,0.9774417562742185,0.08441471173809824,,,0.9980507812855953,,0.9980772722021423,0.0019227277978577373,0.9880751393370402,0.14533148116108996,10,0.025,0.15,0.9193567665006718,0.9409924466747085,0.9504295903863432,1.0,0.9554040228483308,0.9498114613482064,0.9519561538342043,0.9469797818629638,0.9426453241331323,0.9232232455472772,0.938922745087398,0.9416139087053184
4,4,1.9416924892049847,0.30184824902723734,4112,2.2087956496647427,0.2664233576642336,822,2.2192202278330355,0.2553,0.9789167787259234,0.08445690467734121,,,0.9999999999538023,,1.0,0.0,0.988075117303807,0.14533148116864428,10,0.025,0.15,0.9090277190284499,0.9400232392787183,0.9494106069345325,0.9554040228483308,1.0,0.9526968772644614,0.9567782071384971,0.9529844971709088,0.9457987494710346,0.9258478189789514,0.9459921000746955,0.9438162561274849
4,5,1.9452471110128586,0.30789406016970944,3889,2.2227128573826382,0.2622107969151671,778,2.2192206473290166,0.2553,0.9766125533707275,0.08419062888871369,,,0.9876986588432575,,0.9877374527570101,0.012262547242989918,0.988075050199319,0.1453314782825434,10,0.025,0.15,0.8905906700337621,0.9239801044560683,0.9415699081586443,0.9498114613482064,0.9526968772644614,1.0,0.9591897422896963,0.9555013104076663,0.9487276321723195,0.9304942570683363,0.9475024097255318,0.9501005023542608
4,6,1.9617512254879392,0.3086769064942064,3711,2.2194840908050537,0.24797843665768193,742,2.2192205386825754,0.2553,0.9811012357250709,0.0843896744393344,,,0.9968941145297926,,0.9969219851133007,0.003078014886699343,0.9880753434965435,0.14533148115229827,10,0.025,0.15,0.9006708431800066,0.9316100903339916,0.9520743892861979,0.9519561538342043,0.9567782071384971,0.9591897422896963,1.0,0.9599287470957395,0.9510244117235374,0.9358621324858636,0.9494724162399031,0.9541809623877338
4,7,1.9876603628907885,0.2834736251402918,3564,2.223670562108358,0.24684431977559607,713,2.219222467156905,0.2553,0.9780402882220386,0.0840362401874555,,,0.980566248917518,,0.9806076810087306,0.019392318991269364,0.9880758895513826,0.14533146690316862,10,0.025,0.15,0.8871302803928806,0.920491930418918,0.9393039773652598,0.9469797818629638,0.9529844971709088,0.9555013104076663,0.9599287470957395,1.0,0.9589909157449948,0.9389681018346888,0.952713911237245,0.9538170616954722
4,8,1.9680777960353428,0.2913978494623656,3441,2.2308635314305625,0.2441860465116279,688,2.219222141217582,0.2553,0.9710452985635957,0.08362943190402818,,,0.9617726233805194,,0.9618095096631513,0.03819049033684874,0.9880782727461003,0.14533132933148188,10,0.025,0.15,0.8638092674928888,0.9050724815230339,0.9300014699024235,0.9426453241331323,0.9457987494710346,0.9487276321723195,0.9510244117235374,0.9589909157449948,1.0,0.9333503159407504,0.954279006473654,0.9508994055238139
4,9,1.9875572412102311,0.28875224955009,3334,2.229321082433065,0.21889055472263869,667,2.2192226029649564,0.2551,0.9570820845353974,0.08265091758282511,,,0.9165674678208826,,0.9166047762869073,0.08339522371309271,0.988055433147846,0.1453297847774557,10,0.025,0.15,0.8572868100303108,0.8924511386194242,0.9151409874998868,0.9232232455472772,0.9258478189789514,0.9304942570683363,0.9358621324858636,0.9389681018346888,0.9333503159407504,1.0,0.9335065531118462,0.9375417495580501
4,10,1.9931450660412129,0.28759642085775994,3241,2.216185728708903,0.2993827160493827,648,2.219224084781695,0.2551,0.9692106082700278,0.08316817984003436,,,0.9404638179259315,,0.9404944628740242,0.05950553712597584,0.9880768668444123,0.1453309202253817,10,0.025,0.15,0.8603449372463704,0.9016932239408569,0.9250621943710157,0.938922745087398,0.9459921000746955,0.9475024097255318,0.9494724162399031,0.952713911237245,0.954279006473654,0.9335065531118462,1.0,0.9541141009451128
4,11,1.9994374117851257,0.29534662867996203,3159,2.229788970947266,0.23734177215189872,632,2.219225632993481,0.2548,0.9700753785801245,0.08318046130254832,,,0.9410311938052757,,0.9410803584690796,0.05891964153092044,0.9880783457225905,0.1453309417476167,10,0.025,0.15,0.8605059627846493,0.9032312157232919,0.9238125721340451,0.9416139087053184,0.9438162561274849,0.9501005023542608,0.9541809623877338,0.9538170616954722,0.9508994055238139,0.9375417495580501,0.9541141009451128,1.0
5,0,1.8413144548734028,0.33495982468955443,6845,2.1833884716033936,0.2739225712198685,1369,2.1847405825989155,0.2768,0.9352141028503405,0.07963344285764722,,,0.75,,0.7500041260253173,0.2499958739746827,0.9908949136134564,0.1449911484947292,10,0.025,0.15,1.0,0.9434378183834033,0.9359047558955385,0.917573696315845,0.9072519599407344,0.8920820895546745,0.9053057050790067,0.8925181618134888,0.8711297420720467,0.864110665753053,0.8665501255052775,0.8626915831513103
5,1,1.8743763585423314,0.3254107338444688,5478,2.180977132585314,0.26094890510948904,1096,2.184510372862031,0.2788,0.9590096636084386,0.08275024839056039,,,0.9134767750383636,,0.9135185093495733,0.08648149065042665,0.9914469095293296,0.14507212460409818,10,0.025,0.15,0.9434378183834033,1.0,0.9456499580492878,0.9352596911207213,0.932459202944549,0.9201096188903959,0.9304235701431933,0.9203718707356005,0.9045569245510028,0.896434462817703,0.8999864837593433,0.9022713882166391
5,2,1.8963534709654357,0.3226348547717842,4820,2.180193394422531,0.29564315352697096,964,2.1845102611976333,0.2788,0.9702646745492195,0.0838697829023728,,,0.972196476862103,,0.9722318496146293,0.027768150385370727,0.9914511732858711,0.14507385221452682,10,0.025,0.15,0.9359047558955385,0.9456499580492878,1.0,0.9431484352450741,0.9415891245295022,0.9361623073448553,0.9465277835133226,0.9345977109051831,0.9250079282392208,0.9154123965100041,0.9186840023318383,0.917156250769105
5,3,1.9087533988271441,0.31677258284157966,4406,2.182821886880057,0.29511918274687854,881,2.1845100529586214,0.2788,0.9728186295193267,0.08419569582868305,,,0.9892906438140966,,0.9893300985294846,0.010669901470515386,0.9914508670523625,0.14507388802901977,10,0.025,0.15,0.917573696315845,0.9352596911207213,0.9431484352450741,1.0,0.9472425529550339,0.939654072820051,0.9438503766013859,0.9395374338909087,0.9350490287645817,0.9238731333871186,0.9303469581258118,0.9326369935963148
5,4,1.89967152855613,0.31785019455252916,4112,2.170546088899885,0.2956204379562044,822,2.1845101797128024,0.2788,0.9745999196150655,0.08428009600282163,,,0.9937174417439484,,0.9937449456189863,0.006255054381013703,0.9914509208176202,0.14507388955193054,10,0.025,0.15,0.9072519599407344,0.932459202944549,0.9415891245295022,0.9472425529550339,1.0,0.943846853385389,0.9490032508761302,0.9470692800180546,0.9384539025198356,0.9321941505620922,0.9359222455996858,0.9331470174233105
5,5,1.8994626595127968,0.3240421702237079,3889,2.1892170565468922,0.2853470437017995,778,2.184510783304142,0.2788,0.9733894931924643,0.08407522958290746,,,0.9829721766680356,,0.9830090277433943,0.01699097225660573,0.9914510377812454,0.1450738828761419,10,0.025,0.15,0.8920820895546745,0.9201096188903959,0.9361623073448553,0.939654072820051,0.943846853385389,1.0,0.9548652996798443,0.9472623413914428,0.9409286897680816,0.9359470515727699,0.9427935689306477,0.9399168358314253
5,6,1.913339880417133,0.3220425761250337,3711,2.1855228344599404,0.2857142857142857,742,2.184510496598256,0.2788,0.9795430523886545,0.08439987761807088,,,0.9999999999475498,,1.0,0.0,0.9914509101196417,0.14507389012009533,10,0.025,0.15,0.9053057050790067,0.9304235701431933,0.9465277835133226,0.9438503766013859,0.9490032508761302,0.9548652996798443,1.0,0.9537475097588184,0.9465935532346843,0.9421762947568492,0.9466095816147873,0.946306011156466
5,7,1.942064442379134,0.2994388327721661,3564,2.1899152199427285,0.26788218793828894,713,2.1845131644719764,0.2788,0.9751394988939182,0.08403656169678216,,,0.9809440420107517,,0.9809790232872869,0.019020976712713078,0.9914506245366869,0.1450738806664441,10,0.025,0.15,0.8925181618134888,0.9203718707356005,0.9345977109051831,0.9395374338909087,0.9470692800180546,0.9472623413914428,0.9537475097588184,1.0,0.9515567884279774,0.9376317986350606,0.94540868959778,0.944273745288191
5,8,1.9225366685125562,0.3082534147050276,3441,2.1998085975646973,0.2558139534883721,688,2.1845126966886883,0.2789,0.9689570575286799,0.0835819824225824,,,0.9571013117021981,,0.9571305969533429,0.042869403046657095,0.991445652741336,0.14507373315554456,10,0.025,0.15,0.8711297420720467,0.9045569245510028,0.9250079282392208,0.9350490287645817,0.9384539025198356,0.9409286897680816,0.9465935532346843,0.9515567884279774,1.0,0.9409050495678978,0.9467641226603827,0.9407467504829659
5,9,1.934970944457584,0.3039892021595681,3334,2.1966848770777383,0.24737631184407796,667,2.1845144078701355,0.2784,0.9624805482193155,0.08276285605551137,,,0.9141380483790279,,0.9141704213497054,0.08582957865029461,0.9914479264199817,0.14507212921646045,10,0.025,0.15,0.864110665753053,0.896434462817703,0.9154123965100041,0.9238731333871186,0.9321941505620922,0.9359470515727699,0.9421762947568492,0.9376317986350606,0.9409050495678978,1.0,0.938265047828385,0.9403748257285031
5,10,1.9459626289514396,0.30033940141931503,3241,2.1821231842041016,0.31790123456790126,648,2.18451741979092,0.2785,0.9666366650124224,0.08321979782105737,,,0.9381046916049136,,0.9381591325444373,0.06184086745556272,0.9914433270075486,0.14507329536267477,10,0.025,0.15,0.8665501255052775,0.8999864837593433,0.9186840023318383,0.9303469581258118,0.9359222455996858,0.9427935689306477,0.9466095816147873,0.94540868959778,0.9467641226603827,0.938265047828385,1.0,0.9436255866825682
5,11,1.9491365194320678,0.3112377334599557,3159,2.1983270168304445,0.25949367088607594,632,2.184517848340771,0.2783,0.9656269324590492,0.08319442882100332,,,0.9367740849080922,,0.9368057962403658,0.06319420375963425,0.9914497805896477,0.14507322048046367,10,0.025,0.15,0.8626915831513103,0.9022713882166391,0.917156250769105,0.9326369935963148,0.9331470174233105,0.9399168358314253,0.946306011156466,0.944273745288191,0.9407467504829659,0.9403748257285031,0.9436255866825682,1.0
6,0,1.8057788239585029,0.3458875091307524,6845,2.142389037392356,0.293644996347699,1369,2.1449888476842567,0.3001,0.9387274376582604,0.08019427408259117,,,0.75,,0.7500041260253173,0.2499958739746827,0.992535724119133,0.1445809182470535,10,0.025,0.15,1.0,0.9395634625440156,0.9330931204200698,0.915627149055521,0.9087951481393033,0.8955093528203024,0.905677100604203,0.8958113991407304,0.8774189387056204,0.8586311804286478,0.8720838655425429,0.867026915196406
6,1,1.8346632572107537,0.3411829134720701,5478,2.1394788689083524,0.29014598540145986,1096,2.1446710145926176,0.3015,0.9574365592783304,0.082743221101781,,,0.9023294164573908,,0.9023617368916176,0.09763826310838242,0.9928841505441703,0.14467684258140612,10,0.025,0.15,0.9395634625440156,1.0,0.9397840406027265,0.9286882040573449,0.9288583850105682,0.9143120333375488,0.9256379396341088,0.9175534897623929,0.9035924408963806,0.8861443252256894,0.8996997358298344,0.8988803562015149
6,2,1.855761107331828,0.336701244813278,4820,2.139082610607147,0.31742738589211617,964,2.1446663126160828,0.3015,0.9687415039265772,0.08380874696197882,,,0.9660070571781388,,0.9660428116386922,0.03395718836130779,0.9929255284732421,0.1446811331684608,10,0.025,0.15,0.9330931204200698,0.9397840406027265,1.0,0.9384694041833064,0.9356052038177715,0.9297136732767851,0.942135101490568,0.929410270757941,0.9242510841026018,0.9072028655088845,0.9196301743866945,0.9126788149608851
6,3,1.8682403417995999,0.32980027235587833,4406,2.14309024810791,0.3155505107832009,881,2.144666116448897,0.3015,0.9701498581854477,0.08405735689878721,,,0.980864410553639,,0.9809047548315757,0.019095245168424313,0.9929285411001298,0.14468124361370824,10,0.025,0.15,0.915627149055521,0.9286882040573449,0.9384694041833064,1.0,0.9407566107768652,0.9353924110103607,0.9385758993667022,0.9322996646718429,0.9314021369337424,0.9134219038676218,0.9267885642486452,0.9257238800702794
6,4,1.8607070926463964,0.328647859922179,4112,2.1265881742749895,0.30900243309002434,822,2.1446659414074087,0.3015,0.9727411696411895,0.08419456761804553,,,0.9890643568997037,,0.9890990411117163,0.010900958888283685,0.9929284690587554,0.14468125760869588,10,0.025,0.15,0.9087951481393033,0.9288583850105682,0.9356052038177715,0.9407566107768652,1.0,0.9398192060876084,0.9436815346864538,0.9407630587788202,0.9336136726375853,0.92339577292943,0.9323501417376305,0.9290551583782243
6,5,1.8626169500812408,0.33731036256106967,3889,2.1505588463374545,0.30719794344473006,778,2.1446669946742962,0.3015,0.9701660416269593,0.0839830203698657,,,0.9764219329396159,,0.9764734036408047,0.023526596359195295,0.9929279334077349,0.14468122269132738,10,0.025,0.15,0.8955093528203024,0.9143120333375488,0.9297136732767851,0.9353924110103607,0.9398192060876084,1.0,0.9448422473146686,0.9417079097703921,0.9325216520204335,0.9251342237245942,0.9346780609535893,0.9328087927512776
6,6,1.8714743445659505,0.3340339531123686,3711,2.1463448206583657,0.3140161725067385,742,2.144666273382646,0.3015,0.9760597568309998,0.0843775550894043,,,0.9999999999402382,,1.0,0.0,0.9929287086250372,0.14468126366328685,10,0.025,0.15,0.905677100604203,0.9256379396341088,0.942135101490568,0.9385758993667022,0.9436815346864538,0.9448422473146686,1.0,0.946285934530339,0.9399758229791265,0.9294751621295092,0.9407741895464208,0.9377398219863101
6,7,1.901087800519807,0.3116442199775533,3564,2.1510645151138306,0.2959326788218794,713,2.1446695689913593,0.3015,0.9715778467294578,0.08400516801240514,,,0.9777455137902731,,0.977793731742338,0.022206268257662032,0.9929284898882983,0.14468123001747538,10,0.025,0.15,0.8958113991407304,0.9175534897623929,0.929410270757941,0.9322996646718429,0.9407630587788202,0.9417079097703921,0.946285934530339,1.0,0.9418371907825142,0.9261374853007736,0.936138367064691,0.9348881558423096
6,8,1.8796395933186567,0.3222900319674513,3441,2.164052645365397,0.27906976744186046,688,2.1446698677690725,0.3015,0.9662538894613273,0.08354852134663412,,,0.9504555310639076,,0.9504959482431384,0.04950405175686157,0.9929207783740516,0.1446808073541542,10,0.025,0.15,0.8774189387056204,0.9035924408963806,0.9242510841026018,0.9314021369337424,0.9336136726375853,0.9325216520204335,0.9399758229791265,0.9418371907825142,1.0,0.9262725312444037,0.938521532907,0.9314915385136595
6,9,1.900289104602955,0.3145170965806839,3334,2.159424821535746,0.2818590704647676,667,2.1446756652638883,0.3013,0.9544918123974216,0.08265473715641702,,,0.8970414651340922,,0.8970804244854846,0.10291957551451536,0.9928853868995353,0.14467593117422228,10,0.025,0.15,0.8586311804286478,0.8861443252256894,0.9072028655088845,0.9134219038676218,0.92339577292943,0.9251342237245942,0.9294751621295092,0.9261374853007736,0.9262725312444037,1.0,0.9243526628927918,0.9250732639608839
