round,client_id,client_i_training_loss,client_i_training_accuracy,client_i_training_dataset_size,client_i_evaluation_loss,client_i_evaluation_accuracy,client_i_evaluation_dataset_size,client_i_central_evaluation_loss,client_i_central_evaluation_accuracy,client_i_cosine_similarity,client_i_importance_coefficient,client_i_tanh_val,tanh_normalization_value,client_i_q,client_i_mask_order,client_i_v_nonzero_fraction,client_i_v_sparsity,client_i_v_cosine_similarity,client_i_reward_gradient_norm,local_epochs,learning_rate,gamma,client_0_cosine_similarity,client_1_cosine_similarity,client_2_cosine_similarity,client_3_cosine_similarity,client_4_cosine_similarity,client_5_cosine_similarity,client_6_cosine_similarity,client_7_cosine_similarity,client_8_cosine_similarity,client_9_cosine_similarity,client_10_cosine_similarity,client_11_cosine_similarity
0,0,0.2749235672223951,0.9163623082542002,8214,2.2016475921453433,0.3557341124908692,1369,2.2004542472644353,0.3723,0.798999364562172,0.08485490763005114,,,0.9599999999381612,,0.9600020079313287,0.03999799206867127,0,0.3931397749993845,5,0.1,0.5,1.0,0.5582294422567369,0.5595996773532173,0.5861253563962854,0.580462028893275,0.5777880056241299,0.5599709473281491,0.5689142604608362,0.558854363383066,0.5705543008936865,0.5707010540591363,0.5744721177051684
0,1,0.31276182814510267,0.9024338302403407,6574,2.2004049369267054,0.3740875912408759,1096,2.2004470825195312,0.3727,0.7933933058676563,0.08425953595168637,,,0.9231829306531978,,0.9232016465036895,0.07679835349631048,0,0.3931329663363995,5,0.1,0.5,0.5582294422567369,1.0,0.5785718700406995,0.5884033280878979,0.5858171188166543,0.5970136546845839,0.5630490555598048,0.58314228850637,0.5683516763419587,0.5837185860873327,0.5725257763316084,0.5872847593146093
0,2,0.3333053209926954,0.8965934636002075,5783,2.1974787250641854,0.3993775933609959,964,2.2005245921710808,0.3718,0.7779952118575965,0.08262423572135581,,,0.8220579291295137,,0.8220772049595904,0.17792279504040964,0,0.3930248427636373,5,0.1,0.5,0.5595996773532173,0.5785718700406995,1.0,0.5796406971582388,0.5744770723773257,0.5892953455663612,0.5596358314774997,0.5575018766018691,0.5625906627738435,0.5731800428301151,0.5645117960201723,0.5756662874171953
0,3,0.3287387659840555,0.8965008511443162,5287,2.195414117404393,0.39500567536889897,881,2.2004542777332636,0.3724,0.7985728796654284,0.0848096143067722,,,0.9571991152439356,,0.9572109833843683,0.042789016615631725,0,0.3931395608491419,5,0.1,0.5,0.5861253563962854,0.5884033280878979,0.5796406971582388,1.0,0.604767110811952,0.6020368965177401,0.5782599258646669,0.600516015704597,0.5895433385465845,0.602273821827078,0.5939309307837801,0.5964578921662066
0,4,0.3338058871205055,0.8937386018237082,4935,2.201440141751216,0.36253041362530414,822,2.2004486539493353,0.3727,0.7930724552500814,0.0842254611442148,,,0.9210757854980935,,0.9210983384368254,0.07890166156317457,0,0.393132261688246,5,0.1,0.5,0.580462028893275,0.5858171188166543,0.5744770723773257,0.604767110811952,1.0,0.6137096327230404,0.5843723207276031,0.6127456101045854,0.5769607786370091,0.5917780981787175,0.5852931549933966,0.5876340096462251
0,5,0.3485013727762111,0.8917934433254767,4667,2.2021664714813234,0.35732647814910024,778,2.200453147339745,0.3726,0.7960855423334763,0.08454545542391347,,,0.9408638472997832,,0.9408814818533207,0.059118518146679344,0,0.39313745083013446,5,0.1,0.5,0.5777880056241299,0.5970136546845839,0.5892953455663612,0.6020368965177401,0.6137096327230404,1.0,0.5904082280762126,0.5927456353180282,0.574762618492596,0.6087700732692973,0.5970621833558585,0.6078810243223977
0,6,0.36350588918131377,0.8847967662250168,4453,2.2010609209537506,0.38274932614555257,742,2.200593279573483,0.3718,0.7724409249323603,0.08203436228103089,,,0.7855808642791158,,0.7856031323728728,0.21439686762712717,0,0.3929236427397632,5,0.1,0.5,0.5599709473281491,0.5630490555598048,0.5596358314774997,0.5782599258646669,0.5843723207276031,0.5904082280762126,1.0,0.5784151634751105,0.5796385816880011,0.5996810693389149,0.5873078155018159,0.5813111817467225
0,7,0.374447328505565,0.8826280102875848,4277,2.2046746585680093,0.34782608695652173,713,2.200510367798729,0.3718,0.7787301014447213,0.08270228207633376,,,0.826884221953106,,0.8269012599769088,0.17309874002309122,0,0.3930346818534987,5,0.1,0.5,0.5689142604608362,0.58314228850637,0.5575018766018691,0.600516015704597,0.6127456101045854,0.5927456353180282,0.5784151634751105,1.0,0.5766325259282286,0.5860738454824697,0.5772023655666249,0.5853327584634526
0,8,0.3812274826078031,0.8826834584645192,4129,2.1964659799229014,0.3953488372093023,688,2.200658732709793,0.3716,0.7670231006072779,0.08145898136954215,,,0.75,,0.750002509914161,0.24999749008583905,0,0.39276638720881424,5,0.1,0.5,0.558854363383066,0.5683516763419587,0.5625906627738435,0.5895433385465845,0.5769607786370091,0.574762618492596,0.5796385816880011,0.5766325259282286,1.0,0.5813122983436482,0.5730320555145456,0.587747511276623
0,9,0.39436808195828305,0.87808047988003,4001,2.202935593468802,0.3613193403298351,667,2.2004816768268425,0.3722,0.7834861104234035,0.08320737722468212,,,0.8581186990839558,,0.8581346317955926,0.14186536820440743,0,0.39308473712089975,5,0.1,0.5,0.5705543008936865,0.5837185860873327,0.5731800428301151,0.602273821827078,0.5917780981787175,0.6087700732692973,0.5996810693389149,0.5860738454824697,0.5813122983436482,1.0,0.5946284849641542,0.6033479872230458
0,10,0.3857865425284769,0.8790948830033427,3889,2.201285543895903,0.3626543209876543,648,2.2005620985366283,0.3718,0.7746046503537937,0.0822641531030463,,,0.799790852631982,,0.7997992068671251,0.20020079313287487,0,0.39296875443843043,5,0.1,0.5,0.5707010540591363,0.5725257763316084,0.5645117960201723,0.5939309307837801,0.5852931549933966,0.5970621833558585,0.5873078155018159,0.5772023655666249,0.5730320555145456,0.5946284849641542,1.0,0.6051653804222266
0,11,0.39196457578291916,0.8770245317858085,3791,2.202283561229706,0.37183544303797467,632,2.2004849689837083,0.3719,0.781661809347566,0.08301363376737109,,,0.8461378364555553,,0.8461573214196074,0.15384267858039258,0,0.3930685169301736,5,0.1,0.5,0.5744721177051684,0.5872847593146093,0.5756662874171953,0.5964578921662066,0.5876340096462251,0.6078810243223977,0.5813111817467225,0.5853327584634526,0.587747511276623,0.6033479872230458,0.6051653804222266,1.0
1,0,0.24928944765658984,0.9235695154614073,8214,2.0422013887139254,0.6866325785244705,1369,2.0426832368960395,0.6954,0.7941837853122724,0.0838915084713107,,,0.9268831375580828,,0.9269012599769088,0.07309874002309125,0.9586240741787526,0.4035643323269692,5,0.1,0.5,1.0,0.6085830053393991,0.6090209456197943,0.6054211620357922,0.6174863036791542,0.6084767602017451,0.6065678891803057,0.6198198494545126,0.5700912094376239,0.606680977035838,0.6179180206913519,0.6143301712550545
1,1,0.2797264977493911,0.9135686035898996,6574,2.043228462764195,0.6998175182481752,1096,2.0426758607736413,0.6954,0.802147409977849,0.08377477713221185,,,0.9207344017972722,,0.9207569901109383,0.07924300988906174,0.9586125251055521,0.40356210306631385,5,0.1,0.5,0.6085830053393991,1.0,0.6077678116557804,0.6192089379145113,0.6301009945201452,0.6210487081141158,0.6177882468426257,0.6274954277872219,0.5704770215114954,0.6168707170855467,0.6251347474208511,0.6196479482637514
1,2,0.29514981962905074,0.9107383710876708,5783,2.0363338108985656,0.7064315352697096,964,2.042786371212798,0.6948,0.8011722545274891,0.08265761235335686,,,0.8618885847314153,,0.861904522865318,0.13809547713468195,0.9582849652919243,0.40351414031411953,5,0.1,0.5,0.6090209456197943,0.6077678116557804,1.0,0.6161141105530408,0.636528107674312,0.6157576652721244,0.6178880270611432,0.6243209706206461,0.5724775981763213,0.6174647993530327,0.62376461212456,0.621338124620778
1,3,0.29298702141449573,0.9089086438433894,5287,2.0360993317195346,0.7060158910329172,881,2.0426832780289574,0.6953,0.8073700664384155,0.08432120038497733,,,0.9495168369235606,,0.9495306460519051,0.05046935394809493,0.958638778636939,0.40356981141052406,5,0.1,0.5,0.6054211620357922,0.6192089379145113,0.6161141105530408,1.0,0.6349110556790651,0.6226289297245562,0.6246335907635381,0.6318923813168231,0.5751850069916812,0.6247674033800185,0.6197616651331384,0.6379844711045795
1,4,0.28370012655854226,0.9132320162107396,4935,2.047917764920455,0.683698296836983,822,2.0426788337695334,0.6952,0.8241778270375433,0.08452021912726174,,,0.9599999999473257,,0.9600020079313287,0.03999799206867127,0.9586334686268295,0.40357098869392155,5,0.1,0.5,0.6174863036791542,0.6301009945201452,0.636528107674312,0.6349110556790651,1.0,0.6445625700617681,0.6348247536627727,0.6510614440676745,0.5890560331914181,0.6496392091209138,0.6407215398508352,0.6494511985687598
1,5,0.30959933249101246,0.9043925433897578,4667,2.0434008741378786,0.6940874035989717,778,2.042684313207389,0.6956,0.8148927348581146,0.08440848121368799,,,0.9541142891319343,,0.9541288087947393,0.04587119120526073,0.9586366313550401,0.40357040447043896,5,0.1,0.5,0.6084767602017451,0.6210487081141158,0.6157576652721244,0.6226289297245562,0.6445625700617681,1.0,0.634647179419665,0.6411367441922787,0.5875166045332855,0.6381228499554964,0.6372403003058527,0.6359868182023747
1,6,0.320974047615725,0.8996182348978217,4453,2.0429312686125436,0.6954177897574124,742,2.0428718747422336,0.6947,0.8110506700969813,0.08261127523331543,,,0.8594478116772278,,0.8594548466442448,0.14054515335575524,0.9579897498324819,0.4035106369846192,5,0.1,0.5,0.6065678891803057,0.6177882468426257,0.6178880270611432,0.6246335907635381,0.6348247536627727,0.634647179419665,1.0,0.6330903611550046,0.5830557234474858,0.6370310489534619,0.6371170364309446,0.6342641279862177
1,7,0.3281023764343404,0.9022679448211363,4277,2.049708630727685,0.6858345021037868,713,2.0427642786464753,0.6949,0.8191888566827218,0.08333739238171008,,,0.8976954880196623,,0.8977059384569048,0.10229406154309517,0.9583317587896621,0.40354982159880337,5,0.1,0.5,0.6198198494545126,0.6274954277872219,0.6243209706206461,0.6318923813168231,0.6510614440676745,0.6411367441922787,0.6330903611550046,1.0,0.5856009977572313,0.6354620220715899,0.642806935010658,0.6435760437529576
1,8,0.370546982809308,0.8909663356744975,4129,2.039204380728982,0.6918604651162791,688,2.0433387078416234,0.6921,0.7623805532255765,0.08053345141464514,,,0.75,,0.750002509914161,0.24999749008583905,0.9572942622671027,0.4031588995734106,5,0.1,0.5,0.5700912094376239,0.5704770215114954,0.5724775981763213,0.5751850069916812,0.5890560331914181,0.5875166045332855,0.5830557234474858,0.5856009977572313,1.0,0.5779637025927759,0.5908033705601902,0.5918048851633947
1,9,0.3289800342127754,0.9016245938515371,4001,2.0464084318705966,0.6941529235382309,667,2.0427114963531494,0.6953,0.8137661381674032,0.0834829071402052,,,0.9053603688151014,,0.9053812559610461,0.09461874403895387,0.9584448032308058,0.40355477459397154,5,0.1,0.5,0.606680977035838,0.6168707170855467,0.6174647993530327,0.6247674033800185,0.6496392091209138,0.6381228499554964,0.6370310489534619,0.6354620220715899,0.5779637025927759,1.0,0.6378848514802308,0.6399405598253904
1,10,0.34307453659225684,0.8963743893031628,3889,2.042514233362107,0.6898148148148148,648,2.042823162322608,0.6948,0.8163626458403579,0.08294866428480156,,,0.877219526986875,,0.8772350785603132,0.12276492143968676,0.9581544854299411,0.403532750434772,5,0.1,0.5,0.6179180206913519,0.6251347474208511,0.62376461212456,0.6197616651331384,0.6407215398508352,0.6372403003058527,0.6371170364309446,0.642806935010658,0.5908033705601902,0.6378848514802308,1.0,0.6382154894418771
1,11,0.3490128918918742,0.891005011870219,3791,2.0466554760932922,0.7041139240506329,632,2.042716746513074,0.6951,0.8182964463166604,0.08351251086251611,,,0.9069197226906878,,0.9069374027408262,0.09306259725917376,0.9584149797305014,0.4035556291142868,5,0.1,0.5,0.6143301712550545,0.6196479482637514,0.621338124620778,0.6379844711045795,0.6494511985687598,0.6359868182023747,0.6342641279862177,0.6435760437529576,0.5918048851633947,0.6399405598253904,0.6382154894418771,1.0
2,0,0.22816070541449557,0.9309471633795958,8214,1.8467538439950277,0.8451424397370343,1369,1.849554234419387,0.8581,0.795149548538755,0.08369414329033358,,,0.925696164175258,,0.9257165804929471,0.07428341950705286,0.9661874689474462,0.397708739760017,5,0.1,0.5,1.0,0.6176502899222769,0.6099212426008966,0.6224589518096353,0.6234772069652267,0.6255888405947363,0.6023713222172105,0.6154090737481623,0.6223315422078536,0.42277064127802766,0.6168538026014879,0.6085604369894023
2,1,0.2530312345652543,0.9215698205050198,6574,1.8503096784864153,0.8667883211678832,1096,1.8495542466069181,0.858,0.8055906336590284,0.08398221671199656,,,0.9333316053322072,,0.9333467195421916,0.06665328045780838,0.9661861363125546,0.39771109823815187,5,0.1,0.5,0.6176502899222769,1.0,0.6202638450880031,0.6243949728195539,0.6305598852775254,0.6362697764464785,0.61857475768942,0.6272068361220611,0.6231281794149988,0.4393514911830631,0.6246160003604297,0.6255336648780279
2,2,0.2712663344534639,0.9186927200415009,5783,1.8391607269164054,0.8672199170124482,964,1.849668753794588,0.858,0.8057359322638682,0.08324371648280315,,,0.9137575154635608,,0.9137744089152151,0.08622559108478489,0.9660624203877685,0.3977037984654446,5,0.1,0.5,0.6099212426008966,0.6202638450880031,1.0,0.630234448537526,0.6344712498009711,0.6322680382834134,0.6242673338726344,0.6204140800722026,0.6267980840211552,0.43766215961288896,0.631535841257507,0.6263755975860774
2,3,0.26034718478569785,0.9190845470020805,5287,1.8424287182944161,0.8490351872871736,881,1.8495545135900235,0.858,0.8149159351373398,0.08467260110461355,,,0.9516303757466128,,0.9516490136037348,0.04835098639626523,0.9662138753514987,0.39771488630537954,5,0.1,0.5,0.6224589518096353,0.6243949728195539,0.630234448537526,1.0,0.6379064728127427,0.6402801959829705,0.6281396004027092,0.6344237492564804,0.6391380198963212,0.4431055433768496,0.6322515454079034,0.6422704880317405
2,4,0.2605012636121002,0.9230395136778116,4935,1.8597240585547228,0.8588807785888077,822,1.8495415102559538,0.858,0.8201484665266754,0.08498837412145842,,,0.9599999999734947,,0.9600020079313287,0.03999799206867127,0.966219204890052,0.39771584018696515,5,0.1,0.5,0.6234772069652267,0.6305598852775254,0.6344712498009711,0.6379064728127427,1.0,0.6423884402314289,0.6346544955869009,0.6461131617973875,0.6394871498354721,0.4495066178551102,0.6363548958564281,0.6487939656710744
2,5,0.2765169605127957,0.9175058924362546,4667,1.8489775514602662,0.8740359897172236,778,1.8495473903588975,0.858,0.820952135117229,0.08494215480840502,,,0.9587749482380843,,0.958782189649114,0.04121781035088601,0.9662174830305598,0.3977157323940004,5,0.1,0.5,0.6255888405947363,0.6362697764464785,0.6322680382834134,0.6402801959829705,0.6423884402314289,1.0,0.6357786682295441,0.642125732720617,0.6374971195083465,0.45348722791785917,0.6426290278225462,0.6434371685384916
2,6,0.28628188769732205,0.9131821244105097,4453,1.8497096747159958,0.8382749326145552,742,1.8497608481123806,0.8578,0.8082485643528782,0.08330089638257701,,,0.9152730796470359,,0.9152903970684203,0.0847096029315797,0.9660476696417432,0.3977045051203644,5,0.1,0.5,0.6023713222172105,0.61857475768942,0.6242673338726344,0.6281396004027092,0.6346544955869009,0.6357786682295441,1.0,0.634467393441434,0.6304870214694532,0.4477212278064612,0.6349498957069468,0.627148466447791
2,7,0.29082963780791904,0.9120411503390227,4277,1.859264788420304,0.8681626928471248,713,1.849645917788862,0.8582,0.8139293294613829,0.08398321110964115,,,0.9333579620320306,,0.933371818683801,0.06662818131619896,0.9661486886715456,0.3977111020708111,5,0.1,0.5,0.6154090737481623,0.6272068361220611,0.6204140800722026,0.6344237492564804,0.6461131617973875,0.642125732720617,0.634467393441434,1.0,0.6348532180971795,0.439477297243499,0.6387419209290238,0.6360427932678799
2,8,0.2855302631028909,0.9150399612496972,4129,1.8460650823333047,0.8473837209302325,688,1.8503791520389885,0.8573,0.8149269731022531,0.08215184366275904,,,0.8848172174652527,,0.8848250589829828,0.1151749410170172,0.9651496816119451,0.39768423677951287,5,0.1,0.5,0.6223315422078536,0.6231281794149988,0.6267980840211552,0.6391380198963212,0.6394871498354721,0.6374971195083465,0.6304870214694532,0.6348532180971795,1.0,0.4407214510172379,0.6438691804092203,0.6528492086734308
2,9,0.3913697783678164,0.8999250187453137,4001,1.8548291297185988,0.8620689655172413,667,1.8497048924906185,0.8576,0.6136923572463899,0.07706539792426348,,,0.75,,0.750002509914161,0.24999749008583905,0.9652224670164902,0.3972589675753917,5,0.1,0.5,0.42277064127802766,0.4393514911830631,0.43766215961288896,0.4431055433768496,0.4495066178551102,0.45348722791785917,0.4477212278064612,0.439477297243499,0.4407214510172379,1.0,0.4384733901158856,0.4443681659469054
2,10,0.2996432716622338,0.9106711236821805,3889,1.8478559482665289,0.8672839506172839,648,1.849713640852858,0.8578,0.8151657996653267,0.08376778761905554,,,0.9276481211980667,,0.9276642738818333,0.07233572611816674,0.9661232958738424,0.3977093975975912,5,0.1,0.5,0.6168538026014879,0.6246160003604297,0.631535841257507,0.6322515454079034,0.6363548958564281,0.6426290278225462,0.6349498957069468,0.6387419209290238,0.6438691804092203,0.4384733901158856,1.0,0.643033633500455
2,11,0.31446641464600295,0.9046689527829069,3791,1.8557556033134461,0.8560126582278481,632,1.8495870101185272,0.8582,0.8170089843370175,0.08420765678209362,,,0.9393069375225486,,0.9393203152452186,0.06067968475478136,0.9661715727901806,0.3977126046511793,5,0.1,0.5,0.6085604369894023,0.6255336648780279,0.6263755975860774,0.6422704880317405,0.6487939656710744,0.6434371685384916,0.627148466447791,0.6360427932678799,0.6528492086734308,0.4443681659469054,0.643033633500455,1.0
3,0,0.2109892056464917,0.936790844898953,8214,1.630354734354241,0.902118334550767,1369,1.6363570431169991,0.911,0.7936055787502901,0.08410945268704306,,,0.9338205916439026,,0.9338336428894132,0.06616635711058683,0.963437762321404,0.38992537656823645,5,0.1,0.5,1.0,0.617647393583947,0.606386241857997,0.6153246079963416,0.6088176109903907,0.6166491083781485,0.5946301582766849,0.6075889462106501,0.5028627391322897,0.41990404399104125,0.6098029479915815,0.6095081098092111
3,1,0.23327636340388902,0.9286583510800122,6574,1.636064464705331,0.9197080291970803,1096,1.6363429147214554,0.911,0.801900347994268,0.0845952465994735,,,0.9419341219566708,,0.9419507052858792,0.05804929471412079,0.9634450757067017,0.3899277046863453,5,0.1,0.5,0.617647393583947,1.0,0.6119956867530932,0.6246793552576403,0.6198935571528053,0.6314534291174078,0.6058179324872954,0.6120452182616758,0.50764582162676,0.4260605351160481,0.6103474364000613,0.6176020399317801
3,2,0.24882315542260752,0.9245374373162718,5783,1.621907864847491,0.9263485477178424,964,1.6364657928387578,0.911,0.7975086180367188,0.08394520386973674,,,0.9310773753870666,,0.9310978364539932,0.06890216354600676,0.9634269734736427,0.3899244802227518,5,0.1,0.5,0.606386241857997,0.6119956867530932,1.0,0.6205211506251437,0.6236997040975426,0.6246395230484193,0.6007672334126124,0.6052820687130286,0.500802325710518,0.423488066011429,0.6163623927753227,0.6135262459225456
3,3,0.2388317250991689,0.9270663892566673,5287,1.6286676738943373,0.9046538024971623,881,1.636334535412895,0.9111,0.8109407976343632,0.08537705754893758,,,0.9549916071886193,,0.954997239094423,0.04500276090557698,0.9634507296569059,0.38993022452845405,5,0.1,0.5,0.6153246079963416,0.6246793552576403,0.6205211506251437,1.0,0.6287442315158647,0.6269216375458846,0.6124784817011565,0.625892986143432,0.5149761071564625,0.4514066389627793,0.6179069586717668,0.6295024288518962
3,4,0.23465682031466595,0.9307396149949342,4935,1.6514850579775298,0.9038929440389294,822,1.6363262132333871,0.911,0.8105624295639693,0.08557539936274956,,,0.9583042306642857,,0.9583203654435019,0.041679634556498146,0.9634518190235103,0.3899306877664339,5,0.1,0.5,0.6088176109903907,0.6198935571528053,0.6236997040975426,0.6287442315158647,1.0,0.6374895332269912,0.6151110428063993,0.6256406634366178,0.5171343404738439,0.4350109141710958,0.618370559849951,0.6321299687855506
3,5,0.25534290198670473,0.9245339618598671,4667,1.6350330162048339,0.9215938303341902,778,1.636333412255723,0.911,0.8143182132366032,0.08567693277426172,,,0.9599999999832984,,0.9600020079313287,0.03999799206867127,0.9634521848297446,0.38993088700348266,5,0.1,0.5,0.6166491083781485,0.6314534291174078,0.6246395230484193,0.6269216375458846,0.6374895332269912,1.0,0.6198160814848384,0.631126034074579,0.5134066033886934,0.4399329334673642,0.6257712931215978,0.6303479530574887
3,6,0.2623384030006959,0.9178980462609477,4453,1.6360673159360886,0.9016172506738545,742,1.6365684735508392,0.9109,0.7961431886055228,0.08393535927420712,,,0.9309129549976736,,0.9309321821193716,0.06906781788062843,0.9634288506076515,0.3899243725259499,5,0.1,0.5,0.5946301582766849,0.6058179324872954,0.6007672334126124,0.6124784817011565,0.6151110428063993,0.6198160814848384,1.0,0.6144297057964819,0.5014987142906002,0.44240609409256176,0.6131987243814134,0.6161071402008913
3,7,0.2635465885554232,0.9224222585924714,4277,1.6477652477181477,0.9158485273492286,713,1.636425389649388,0.911,0.8039144794522671,0.08466697955943249,,,0.9431321763788435,,0.9431504442548064,0.05684955574519357,0.963444498911675,0.38992801942699046,5,0.1,0.5,0.6075889462106501,0.6120452182616758,0.6052820687130286,0.625892986143432,0.6256406634366178,0.631126034074579,0.6144297057964819,1.0,0.5022287636337651,0.4354334053286235,0.6181791652227336,0.6265912032999357
3,8,0.3122170717678315,0.9116977476386534,4129,1.63375093720176,0.9098837209302325,688,1.6373404302536108,0.9106,0.6917781966173426,0.07948264283711771,,,0.8565455146859158,,0.8565634255308469,0.14343657446915314,0.9632737374717985,0.3898533062403745,5,0.1,0.5,0.5028627391322897,0.50764582162676,0.500802325710518,0.5149761071564625,0.5171343404738439,0.5134066033886934,0.5014987142906002,0.5022287636337651,1.0,0.3869060992727175,0.514959145565233,0.5089851045712108
3,9,0.33583432857930245,0.9084228942764309,4001,1.643082851455325,0.9025487256371814,667,1.6367616124046496,0.9105,0.607619449613128,0.07310327893066469,,,0.75,,0.750002509914161,0.24999749008583905,0.9619899718715984,0.38942267844657674,5,0.1,0.5,0.41990404399104125,0.4260605351160481,0.423488066011429,0.4514066389627793,0.4350109141710958,0.4399329334673642,0.44240609409256176,0.4354334053286235,0.3869060992727175,1.0,0.43126743068406836,0.43610302414140634
3,10,0.2723916281411638,0.9195680123425045,3889,1.634543498357137,0.9166666666666666,648,1.6365060151194613,0.911,0.804153191985941,0.08453098380461271,,,0.9408608311624787,,0.9408764620249987,0.05912353797500125,0.9634481030419617,0.3899274396399844,5,0.1,0.5,0.6098029479915815,0.6103474364000613,0.6163623927753227,0.6179069586717668,0.618370559849951,0.6257712931215978,0.6131987243814134,0.6181791652227336,0.514959145565233,0.43126743068406836,1.0,0.6316978681368406
3,11,0.28625579328910145,0.9163809021366394,3791,1.6454106748104096,0.9034810126582279,632,1.636355275924975,0.911,0.8091297919176634,0.08500146275176322,,,0.9487185772180583,,0.9487324933487274,0.051267506651272554,0.9634475281189131,0.3899291743277972,5,0.1,0.5,0.6095081098092111,0.6176020399317801,0.6135262459225456,0.6295024288518962,0.6321299687855506,0.6303479530574887,0.6161071402008913,0.6265912032999357,0.5089851045712108,0.43610302414140634,0.6316978681368406,1.0
4,0,0.2005968008487547,0.9382517652787923,8214,1.3926405269046163,0.9284149013878744,1369,1.401145954863332,0.931,0.7832287228142463,0.0838247719342031,,,0.9227627898526229,,0.9227799809246524,0.07722001907534759,0.9634066948535757,0.3922753895384692,5,0.1,0.5,1.0,0.5952528351105192,0.596204510361093,0.5984755529752102,0.589190525692497,0.592015244732224,0.5788035741859849,0.588708351719567,0.45668192131873375,0.5907599094538113,0.5880521788066215,0.5897573167733531
4,1,0.21747676550537276,0.9345299665348342,6574,1.4005903107779367,0.9343065693430657,1096,1.4011234155478187,0.9309,0.7958972369115237,0.08459562760247767,,,0.939612080119726,,0.9396265247728528,0.0603734752271472,0.9634234967030898,0.39228162582841386,5,0.1,0.5,0.5952528351105192,1.0,0.6029708151531006,0.6082755460116656,0.6015682358100243,0.6052435730298794,0.5870593618738664,0.5997177911715279,0.46679119903138616,0.6123618900515595,0.5997847507592717,0.6032388726439105
4,2,0.22941462963160889,0.9317655196264915,5783,1.3829309017427507,0.9336099585062241,964,1.4012471167043374,0.931,0.7948342806320647,0.08412344764819901,,,0.9292912153516735,,0.9293007379147633,0.07069926208523669,0.9634053354221334,0.3922781339635253,5,0.1,0.5,0.596204510361093,0.6029708151531006,1.0,0.6090539583783229,0.60680128870848,0.6086305411997587,0.5954194526237641,0.5892102401339632,0.4613028671143057,0.6082077713680752,0.5948276652103804,0.6019033243321841
4,3,0.2181721016529005,0.9340646869680348,5287,1.3948552693639482,0.9296254256526674,881,1.4011183760036676,0.931,0.8049197764910115,0.08543612342093689,,,0.9579835582009657,,0.9579940766025802,0.04200592339741982,0.9634382042723095,0.39228543094668294,5,0.1,0.5,0.5984755529752102,0.6082755460116656,0.6090539583783229,1.0,0.61103547398148,0.6119954303374022,0.6054215711858195,0.6056480030247853,0.4718942025062978,0.6192398628031845,0.6062466785584865,0.6162302342623821
4,4,0.22226612953649413,0.932644376899696,4935,1.4204499629827647,0.9318734793187348,822,1.4011087425219746,0.9309,0.7990585395611267,0.08536245649662752,,,0.9563733535389808,,0.9563877315395813,0.04361226846041866,0.9634410956174099,0.3922851907822819,5,0.1,0.5,0.589190525692497,0.6015682358100243,0.60680128870848,0.61103547398148,1.0,0.6076219123229301,0.5942225127949331,0.6044029489626668,0.46891699681187743,0.6129940786333558,0.5983963042402957,0.6119795121173808
4,5,0.2319622879860642,0.9331047782301264,4667,1.3970207595825195,0.9344473007712082,778,1.4011220581615313,0.931,0.8018428658302124,0.08552837570866184,,,0.959999999978142,,0.9600020079313287,0.03999799206867127,0.9634402210556837,0.3922857210610488,5,0.1,0.5,0.592015244732224,0.6052435730298794,0.6086305411997587,0.6119954303374022,0.6076219123229301,1.0,0.6061869228440225,0.605301395697188,0.4599636527438331,0.6180246077883016,0.605104501716407,0.6126523149530945
4,6,0.24481923270704492,0.9258926566359758,4453,1.4019556641578674,0.9339622641509434,742,1.4013532243978482,0.9307,0.7890908244012256,0.0839146871520434,,,0.9247281481773688,,0.9247427337985041,0.07525726620149586,0.9634051839359596,0.3922762646308073,5,0.1,0.5,0.5788035741859849,0.5870593618738664,0.5954194526237641,0.6054215711858195,0.5942225127949331,0.6061869228440225,1.0,0.5905640765766909,0.462111603726826,0.6059337563840117,0.5952463987946206,0.6002008014926472
4,7,0.24470046007547028,0.927191956979191,4277,1.4124766536380933,0.9298737727910238,713,1.4011940567638166,0.931,0.7947157174764383,0.0846020133291102,,,0.9397516587283113,,0.9397670799658652,0.06023292003413483,0.9634252622288184,0.3922816478417629,5,0.1,0.5,0.588708351719567,0.5997177911715279,0.5892102401339632,0.6056480030247853,0.6044029489626668,0.605301395697188,0.5905640765766909,1.0,0.463367697578022,0.6099189467330263,0.6046566394082118,0.6087844209001645
4,8,0.31771406588646084,0.9141196415596997,4129,1.399623372338035,0.9287790697674418,688,1.4025590233147716,0.9302,0.6466026607390339,0.07592086775107929,,,0.75,,0.750002509914161,0.24999749008583905,0.9621459125252618,0.39177426823657335,5,0.1,0.5,0.45668192131873375,0.46679119903138616,0.4613028671143057,0.4718942025062978,0.46891699681187743,0.4599636527438331,0.462111603726826,0.463367697578022,1.0,0.4736873291829827,0.4667884253626814,0.46200796471281935
4,9,0.24295121601986638,0.9279180204948763,4001,1.4094808953148978,0.9190404797601199,667,1.401915880437857,0.9303,0.8004679634898081,0.07707044511487635,,,0.7751273532572748,,0.7751468299784148,0.22485317002158522,0.9619952902883714,0.391931552992866,5,0.1,0.5,0.5907599094538113,0.6123618900515595,0.6082077713680752,0.6192398628031845,0.6129940786333558,0.6180246077883016,0.6059337563840117,0.6099189467330263,0.4736873291829827,1.0,0.611478548773469,0.6148343245123552
4,10,0.24868404577928976,0.9272306505528414,3889,1.398632872672308,0.9382716049382716,648,1.4012788625570913,0.9309,0.7958848361265201,0.08455221072937621,,,0.9386630782151102,,0.9386777772200191,0.061322222779980895,0.9634220407378755,0.3922813444128609,5,0.1,0.5,0.5880521788066215,0.5997847507592717,0.5948276652103804,0.6062466785584865,0.5983963042402957,0.605104501716407,0.5952463987946206,0.6046566394082118,0.4667884253626814,0.611478548773469,1.0,0.6117239050418244
4,11,0.25656580600668405,0.9203376417831707,3791,1.4125750184059143,0.9287974683544303,632,1.401117100121495,0.931,0.8016260094649279,0.0850689731124085,,,0.9499584214929514,,0.9499673711159078,0.05003262888409221,0.9634351991573383,0.39228404946680423,5,0.1,0.5,0.5897573167733531,0.6032388726439105,0.6019033243321841,0.6162302342623821,0.6119795121173808,0.6126523149530945,0.6002008014926472,0.6087844209001645,0.46200796471281935,0.6148343245123552,0.6117239050418244,1.0
5,0,0.18624237414942293,0.9435841246652057,8214,1.1457281778025072,0.9401022644265887,1369,1.1558851076010317,0.9406,0.7798812818330044,0.08382562772121765,,,0.92790196670264,,0.9279202851262487,0.07207971487375131,0.966201084049953,0.3880783572415038,5,0.1,0.5,1.0,0.5845071691607331,0.580348978904532,0.5888669153301702,0.5814642403964031,0.5804967010012029,0.5621201929654394,0.575207800266004,0.4853527717960929,0.5603251284294678,0.5754671299268175,0.5773402261976462
5,1,0.20364442410679914,0.9392150897474901,6574,1.153949008669172,0.9452554744525548,1096,1.1558518200255812,0.9405,0.7846198441175387,0.08451052092416887,,,0.9415410088536763,,0.9415591586767732,0.0584408413232268,0.9662343819687785,0.3880829668647227,5,0.1,0.5,0.5845071691607331,1.0,0.5832094528358307,0.5838978165537618,0.5872299392393789,0.5807183896904546,0.5689143312353744,0.5803799615176471,0.49715707783766017,0.5725379025465709,0.580783911372096,0.5742339904808266
5,2,0.2142050497789574,0.9361922877399274,5783,1.1347478455112827,0.9439834024896265,964,1.1559773277931702,0.9407,0.7804641115531201,0.08404672002331103,,,0.9323048242788684,,0.9323226745645299,0.06767732543547011,0.9662095093141546,0.3880800977997997,5,0.1,0.5,0.580348978904532,0.5832094528358307,1.0,0.5883953714832038,0.5891933086344541,0.5804541810107803,0.5644475251845894,0.5662598121142393,0.4822589834322056,0.5698853621697935,0.571372851468674,0.580007967373887
5,3,0.20238348306605525,0.9386419519576319,5287,1.151526804481234,0.9387060158910329,881,1.1558433493105367,0.9405,0.7938016393542441,0.08539914907521631,,,0.9592372522336778,,0.959249033683048,0.040750966316951964,0.9662502195206824,0.3880860879761587,5,0.1,0.5,0.5888669153301702,0.5838978165537618,0.5883953714832038,1.0,0.6029963100082769,0.5858504683522856,0.5790034104984676,0.5854607302845765,0.5009520429229385,0.59218565325645,0.5798323053664287,0.5882468987876368
5,4,0.19791394167271772,0.9390881458966566,4935,1.1781725516686072,0.9355231143552312,822,1.1558371224342443,0.9405,0.7962853846796509,0.08543745093991445,,,0.9599999999800859,,0.9600020079313287,0.03999799206867127,0.9662518159453015,0.3880861630826892,5,0.1,0.5,0.5814642403964031,0.5872299392393789,0.5891933086344541,0.6029963100082769,1.0,0.5959743127144762,0.5840741484095667,0.5932523400084669,0.4954742168801856,0.5860178571179232,0.5828715532652573,0.5989708556502253
5,5,0.21729339468835102,0.9357617313049068,4667,1.1490281963348388,0.9485861182519281,778,1.1558532815771743,0.9405,0.7880595417310918,0.08525820129732718,,,0.9564304019460109,,0.9564479694794438,0.04355203052055623,0.9662481632759412,0.3880857255208701,5,0.1,0.5,0.5804967010012029,0.5807183896904546,0.5804541810107803,0.5858504683522856,0.5959743127144762,1.0,0.5762482622012618,0.5838257649171034,0.478459864413054,0.5791195866315944,0.5887877266303425,0.5890688434725566
5,6,0.2244458373888795,0.9327195149337525,4453,1.155824363231659,0.9433962264150944,742,1.156084041816358,0.9407,0.7752317919879583,0.08372171445894926,,,0.9258326260258406,,0.9258521158576377,0.07414788414236229,0.9661997211696267,0.38807746728626763,5,0.1,0.5,0.5621201929654394,0.5689143312353744,0.5644475251845894,0.5790034104984676,0.5840741484095667,0.5762482622012618,1.0,0.5657392016220497,0.4851859208262709,0.5773524070018893,0.5737932632206495,0.5730473475175623
5,7,0.22575239152717055,0.9347205985503858,4277,1.16804155577784,0.94109396914446,713,1.1559088702399891,0.9407,0.7822312529880816,0.08443041532834222,,,0.9399457767893111,,0.9399528136137744,0.06004718638622564,0.9662330727395667,0.3880824956538823,5,0.1,0.5,0.575207800266004,0.5803799615176471,0.5662598121142393,0.5854607302845765,0.5932523400084669,0.5838257649171034,0.5657392016220497,1.0,0.4830378294462693,0.5698210202932115,0.5827603887700921,0.5838263364354185
5,8,0.28029609296318647,0.921627512714943,4129,1.155024067922072,0.9375,688,1.1576550644807542,0.9405,0.6772079694767168,0.07489216696664158,,,0.75,,0.750002509914161,0.24999749008583905,0.9646204353054839,0.3875498758440088,5,0.1,0.5,0.4853527717960929,0.49715707783766017,0.4822589834322056,0.5009520429229385,0.4954742168801856,0.478459864413054,0.4851859208262709,0.4830378294462693,1.0,0.4779195430904973,0.4804709108943607,0.48602198855537854
5,9,0.21906058792065736,0.9349162709322669,4001,1.16577867099217,0.9265367316341829,667,1.1566164280278994,0.9404,0.7756936696622846,0.07914351433300676,,,0.8346618212572362,,0.8346719542191657,0.16532804578083427,0.9652187040750579,0.38795115461935725,5,0.1,0.5,0.5603251284294678,0.5725379025465709,0.5698853621697935,0.59218565325645,0.5860178571179232,0.5791195866315944,0.5773524070018893,0.5698210202932115,0.4779195430904973,1.0,0.5843784682650287,0.5778820470567798
5,10,0.23216854118451966,0.930110568269478,3889,1.151744115920294,0.9444444444444444,648,1.155996066884111,0.9407,0.7832892648755785,0.08443436405582926,,,0.9400244122034261,,0.9400431705235681,0.05995682947643188,0.966231181622824,0.3880825714946853,5,0.1,0.5,0.5754671299268175,0.580783911372096,0.571372851468674,0.5798323053664287,0.5828715532652573,0.5887877266303425,0.5737932632206495,0.5827603887700921,0.4804709108943607,0.5843784682650287,1.0,0.5802484805144625
5,11,0.2388973119973886,0.9264573991031391,3791,1.1704797863960266,0.939873417721519,632,1.155831441902124,0.9406,0.7866542528179017,0.08490015487607543,,,0.9493002242621944,,0.9493147934340646,0.05068520656593545,0.9662457344177801,0.3880846154014589,5,0.1,0.5,0.5773402261976462,0.5742339904808266,0.580007967373887,0.5882468987876368,0.5989708556502253,0.5890688434725566,0.5730473475175623,0.5838263364354185,0.48602198855537854,0.5778820470567798,0.5802484805144625,1.0
6,0,0.17971860446807736,0.9451667884100317,8214,0.9081326695375664,0.9474068663257852,1369,0.9196565593012606,0.9471,0.7653516194243493,0.08388851248196733,,,0.9263714451235543,,0.9263892374880779,0.07361076251192211,0.9638482438069188,0.38000575052772906,5,0.1,0.5,1.0,0.5643673604352698,0.5569292293171866,0.5678187739810041,0.5526079165419712,0.562047595752046,0.5423804080054022,0.5524413949337915,0.4833779282162468,0.4915759265717101,0.5483226693740013,0.5451594675192398
6,1,0.18990098805781636,0.9442044417401886,6574,0.9157272475106376,0.948905109489051,1096,0.9196123027572998,0.9471,0.7709911813809653,0.08455208655044355,,,0.940033297592834,,0.9400582300085337,0.059941769991466276,0.9638662073896803,0.3800107719887169,5,0.1,0.5,0.5643673604352698,1.0,0.5557101113997124,0.5670346079137026,0.5562723440794988,0.5632460155289819,0.5442145469294045,0.5556183368235644,0.49703692978761466,0.5038544464516497,0.5536503283925794,0.5554741723167149
6,2,0.19969343251667052,0.9392011066920284,5783,0.8961307406425476,0.9553941908713693,964,0.9197253125925033,0.947,0.7681781878147871,0.0841385133147371,,,0.9315185336804364,,0.931539581346318,0.06846041865368202,0.9638585863649998,0.380007975214666,5,0.1,0.5,0.5569292293171866,0.5557101113997124,1.0,0.5645587181906321,0.5624288998951439,0.5611952213038071,0.5531828416772002,0.54609029988422,0.49171373934126583,0.49805980729166704,0.5497932299647722,0.5529823782110862
6,3,0.18455112661650203,0.9439379610365046,5287,0.9177496582269669,0.9443813847900113,881,0.9195981214221675,0.9471,0.7813677935169908,0.0855218954373795,,,0.9599999999794117,,0.9600020079313287,0.03999799206867127,0.963881379817898,0.38001464827793335,5,0.1,0.5,0.5678187739810041,0.5670346079137026,0.5645587181906321,1.0,0.5677152273537724,0.569749285012382,0.5597493161503101,0.5666785721958191,0.4990153475109728,0.5154482651292329,0.5550586243509095,0.5733495723093165
6,4,0.1829819293614597,0.9437487335359676,4935,0.9432395696640015,0.9440389294403893,822,0.9195970157845713,0.9471,0.7723856784005425,0.08522824136011414,,,0.9539541659554659,,0.9539681742884394,0.046031825711560614,0.9638821236455299,0.3800138018140328,5,0.1,0.5,0.5526079165419712,0.5562723440794988,0.5624288998951439,0.5677152273537724,1.0,0.5590383799392066,0.5490792803357933,0.562430341514118,0.4955738367439796,0.5056287908876547,0.5529713091365903,0.5603537067440152
6,5,0.20270891473947528,0.9414613241911292,4667,0.9109505319595337,0.9498714652956298,778,0.9196116368229778,0.9471,0.7746232039033565,0.08518668137552389,,,0.953098517121265,,0.9531097836453993,0.04689021635460067,0.9638793989032448,0.3800136860766051,5,0.1,0.5,0.562047595752046,0.5632460155289819,0.5611952213038071,0.569749285012382,0.5590383799392066,1.0,0.5518520879233942,0.5550586959886372,0.49373519065502497,0.5052994214436084,0.5577379648075903,0.5660135903406666
6,6,0.20372915801858263,0.9370312149112957,4453,0.9178333083788554,0.9487870619946092,742,0.9198288445274669,0.9469,0.7633872879656426,0.0837483916617996,,,0.9234865976529445,,0.92349781637468,0.07650218362532002,0.963844993209932,0.3800043567373246,5,0.1,0.5,0.5423804080054022,0.5442145469294045,0.5531828416772002,0.5597493161503101,0.5490792803357933,0.5518520879233942,1.0,0.549755875482022,0.486837576420033,0.500834006199538,0.5554357311064966,0.5577246012411878
6,7,0.2068924101417078,0.9375730652326397,4277,0.9330894636071246,0.9453015427769986,713,0.9196508094525566,0.947,0.7702625685240725,0.08447201954081715,,,0.9383848551277989,,0.9383966668339943,0.06160333316600575,0.9638651408176971,0.3800102480719007,5,0.1,0.5,0.5524413949337915,0.5556183368235644,0.54609029988422,0.5666785721958191,0.562430341514118,0.5550586959886372,0.549755875482022,1.0,0.4952708171139485,0.5035593931652887,0.5630843133830228,0.560038316011655
6,8,0.2075500355560619,0.9395979656091064,4129,0.9203633936968717,0.9433139534883721,688,0.921707432490949,0.9471,0.6942873669696881,0.07532192038423857,,,0.75,,0.750002509914161,0.24999749008583905,0.9622407419274404,0.3794494980477477,5,0.1,0.5,0.4833779282162468,0.49703692978761466,0.49171373934126583,0.4990153475109728,0.4955738367439796,0.49373519065502497,0.486837576420033,0.4952708171139485,1.0,0.4486888837058602,0.49594974314515444,0.49382318949869325
6,9,0.20108542902328605,0.9384153961509623,4001,0.9315764563424247,0.9355322338830585,667,0.9204762362824461,0.9468,0.708065534052493,0.07868572242211978,,,0.8192549172135745,,0.8192711209276643,0.1807288790723357,0.963332219689395,0.3798235365670608,5,0.1,0.5,0.4915759265717101,0.5038544464516497,0.49805980729166704,0.5154482651292329,0.5056287908876547,0.5052994214436084,0.500834006199538,0.5035593931652887,0.4486888837058602,1.0,0.49749180599637394,0.5065572812371808
