round,client_id,client_i_training_loss,client_i_training_accuracy,client_i_training_dataset_size,client_i_evaluation_loss,client_i_evaluation_accuracy,client_i_evaluation_dataset_size,client_i_central_evaluation_loss,client_i_central_evaluation_accuracy,client_i_cosine_similarity,client_i_importance_coefficient,client_i_tanh_val,tanh_normalization_value,client_i_q,client_i_mask_order,client_i_v_nonzero_fraction,client_i_v_sparsity,client_i_v_cosine_similarity,client_i_reward_gradient_norm,local_epochs,learning_rate,gamma,client_0_cosine_similarity,client_1_cosine_similarity,client_2_cosine_similarity,client_3_cosine_similarity,client_4_cosine_similarity,client_5_cosine_similarity,client_6_cosine_similarity,client_7_cosine_similarity,client_8_cosine_similarity,client_9_cosine_similarity,client_10_cosine_similarity,client_11_cosine_similarity
0,0,2.1307983512544446,0.31986851716581444,8214,2.2718464108400567,0.12636961285609935,1369,2.27315233538326,0.1289,0.9551110651258741,0.08063458177803925,,,0.7,,0.7000125651211567,0.2999874348788433,0,0.09853940717953989,5,0.001,0.1,1.0,0.9808859853461871,0.9646275346327324,0.95225615894234,0.9440769210535468,0.9247246430368887,0.9204947085447205,0.9172763903865516,0.908765533120905,0.9024128927674192,0.892516831212837,0.891554090276373
0,1,2.212284994704052,0.28402798904776394,6574,2.2746978896004815,0.10857664233576643,1096,2.2731317437875767,0.1281,0.9899295227950874,0.0835741056458141,,,0.9063457483072161,,0.906375349165386,0.09362465083461402,0,0.09856716369084464,5,0.001,0.1,0.9808859853461871,1.0,0.9927312384736575,0.9869559689362972,0.9839081641799093,0.973539691833864,0.9705537250362933,0.9681128813652189,0.9636577672784429,0.9581556349079298,0.9474203333449719,0.9486973159096033
0,2,2.2299257884368053,0.22005879301400658,5783,2.2735081872632428,0.13278008298755187,964,2.273131426150045,0.1281,0.9945448859932198,0.08396375444669583,,,0.9336979240375709,,0.9337141531591614,0.0662858468408386,0,0.0985674924029351,5,0.001,0.1,0.9646275346327324,0.9927312384736575,1.0,0.9883192996626903,0.9923943577980334,0.9811854957599688,0.9812084975338509,0.9800122686460068,0.9757702681389034,0.9710564259860903,0.9637269437206646,0.9656051921110053
0,3,2.24343207370804,0.2522413466994515,5287,2.272434319768633,0.14188422247446084,881,2.2731313682592713,0.1281,0.9958235460741944,0.08407170442720628,,,0.9412756885022082,,0.9412967205033781,0.05870327949662191,0,0.09856763426691667,5,0.001,0.1,0.95225615894234,0.9869559689362972,0.9883192996626903,1.0,0.9910019860519689,0.988818414713755,0.988118174944588,0.9878408262870207,0.9860044763970172,0.9803265827962591,0.9690723153329317,0.9729545700672678
0,4,2.2480904139241864,0.2131306990881459,4935,2.2727772089151235,0.12773722627737227,822,2.2731314916580247,0.1281,0.9972956726899678,0.08419598768422369,,,0.949999999929803,,0.95001498149061,0.04998501850938997,0,0.09856769236608846,5,0.001,0.1,0.9440769210535468,0.9839081641799093,0.9923943577980334,0.9910019860519689,1.0,0.9888016330017051,0.9913144299198987,0.9912914860039439,0.9882873983602904,0.9872810424856767,0.9815283414086616,0.9833156494819234
0,5,2.2561695000896713,0.22751232054853224,4667,2.274368934631348,0.14010282776349614,778,2.2731315030838353,0.1281,0.9917970503034309,0.08373177034586071,,,0.9174133367930265,,0.917437488522245,0.08256251147775495,0,0.0985673331909512,5,0.001,0.1,0.9247246430368887,0.973539691833864,0.9811854957599688,0.988818414713755,0.9888016330017051,1.0,0.9895769060132542,0.9911904759938308,0.9921246567531988,0.9836881913910579,0.9784457748078849,0.983311508313952
0,6,2.2568282675743103,0.2080395239164608,4453,2.2766595582167306,0.12264150943396226,742,2.2731314870877006,0.1281,0.9921397565214936,0.08376070307795357,,,0.9194443277027181,,0.9194624061240467,0.08053759387595327,0,0.09856734160185872,5,0.001,0.1,0.9204947085447205,0.9705537250362933,0.9812084975338509,0.988118174944588,0.9913144299198987,0.9895769060132542,1.0,0.9943488779430876,0.993920186578894,0.9911974285145003,0.9788912710099735,0.9873584976730352
0,7,2.2597661395571125,0.21131634323123685,4277,2.2714726510255234,0.11921458625525946,713,2.273131484802539,0.1281,0.9923008016381213,0.08377429919897114,,,0.9203987345698312,,0.9204192884275234,0.07958071157247659,0,0.09856734612976976,5,0.001,0.1,0.9172763903865516,0.9681128813652189,0.9800122686460068,0.9878408262870207,0.9912914860039439,0.9911904759938308,0.9943488779430876,1.0,0.994836394201886,0.9935407128843601,0.9867466852252899,0.9900646212597807
0,8,2.2630784551913923,0.20217970452894163,4129,2.2695136178623545,0.15261627906976744,688,2.2731317239828384,0.1281,0.989470653889624,0.08353536596031155,,,0.9036263387178456,,0.9036448516832429,0.09635514831675707,0,0.09856712655875552,5,0.001,0.1,0.908765533120905,0.9636577672784429,0.9757702681389034,0.9860044763970172,0.9882873983602904,0.9921246567531988,0.993920186578894,0.994836394201886,1.0,0.9919136929814547,0.9828470379481825,0.9902950003241682
0,9,2.264727119793968,0.1768057985503624,4001,2.273182914370582,0.11694152923538231,667,2.2731318778504197,0.1281,0.9863692732010334,0.08327353407092178,,,0.8852465263478502,,0.8852707783609283,0.11472922163907173,0,0.0985652865080625,5,0.001,0.1,0.9024128927674192,0.9581556349079298,0.9710564259860903,0.9803265827962591,0.9872810424856767,0.9836881913910579,0.9911974285145003,0.9935407128843601,0.9919136929814547,1.0,0.9878739339938984,0.9917995552675959
0,10,2.2670302918699923,0.19295448701465673,3889,2.2741318316686723,0.12808641975308643,648,2.2731338529921947,0.1281,0.9787187348386173,0.08262764273560469,,,0.8399068941808083,,0.8399251892017282,0.1600748107982718,0,0.09856326773877197,5,0.001,0.1,0.892516831212837,0.9474203333449719,0.9637269437206646,0.9690723153329317,0.9815283414086616,0.9784457748078849,0.9788912710099735,0.9867466852252899,0.9828470379481825,0.9878739339938984,1.0,0.9856790473371894
0,11,2.267227101927044,0.15431284621471908,3791,2.272946333885193,0.12974683544303797,632,2.2731330211931904,0.1281,0.9814301330561053,0.0828565506283973,,,0.8559755408584326,,0.8559940460656672,0.1440059539343328,0,0.09856422414693158,5,0.001,0.1,0.891554090276373,0.9486973159096033,0.9656051921110053,0.9729545700672678,0.9833156494819234,0.983311508313952,0.9873584976730352,0.9900646212597807,0.9902950003241682,0.9917995552675959,0.9856790473371894,1.0
1,0,1.872244074326081,0.45931336742147555,8214,2.2233831937922988,0.3330898466033601,1369,2.2252488181994745,0.331,0.9743293987122944,0.08105695437306779,,,0.7,,0.7000125651211567,0.2999874348788433,0.948169641834327,0.09932207639286986,5,0.001,0.1,1.0,0.9927984386875661,0.9845177223397045,0.979220939019469,0.9739642644497402,0.9647117740774174,0.9636672090135453,0.9614606469244238,0.9566022731138085,0.9510214137786489,0.9441128259483187,0.9444190188874851
1,1,2.029197895063937,0.4349863097048981,6574,2.2258321217128207,0.31386861313868614,1096,2.2251906379724082,0.3308,0.9905112466362588,0.08338650714079002,,,0.8956747035633218,,0.8956901634432298,0.10430983655677017,0.9485972091849368,0.09934892766871514,5,0.001,0.1,0.9927984386875661,1.0,0.9961505195104746,0.9929104618886584,0.9903480106835253,0.9843773807878768,0.9827964375546223,0.9817668617888193,0.9776367772253136,0.97398581126286,0.9685948816583064,0.9674247131533223
1,2,2.0811244755160083,0.36617672488327857,5783,2.2252471370081746,0.3329875518672199,964,2.225188962186868,0.3309,0.995885824177456,0.08379974670403356,,,0.9303854558410563,,0.9304037270082447,0.0695962729917553,0.9485919825322999,0.09935013802908792,5,0.001,0.1,0.9845177223397045,0.9961505195104746,1.0,0.9956075606563979,0.9963229520263762,0.9907661394383921,0.9901957023189206,0.9899283238802211,0.98606809202294,0.9839709945038672,0.9807980621576304,0.9782087201994882
1,3,2.11200697407665,0.42557215812369964,5287,2.225022179739816,0.3337116912599319,881,2.225188109059684,0.3309,0.9972517591741129,0.08391025255466814,,,0.9396675806611244,,0.9396922511864374,0.0603077488135626,0.9485996610426396,0.09935057100691803,5,0.001,0.1,0.979220939019469,0.9929104618886584,0.9956075606563979,1.0,0.9955934773819913,0.9950458266248258,0.992630951841529,0.9933161722833426,0.9915992803214217,0.9876509683897743,0.9824619224181959,0.9825993102866243
1,4,2.1276232324108,0.36733535967578523,4935,2.2260844157292294,0.31873479318734793,822,2.2251879186295094,0.3308,0.9986940018305689,0.08403326240435308,,,0.9499999999160033,,0.95001498149061,0.04998501850938997,0.9486060422758713,0.09935075622969679,5,0.001,0.1,0.9739642644497402,0.9903480106835253,0.9963229520263762,0.9955934773819913,1.0,0.9950059837053651,0.9950397290196479,0.9954875864847476,0.9929557614983883,0.9924350596095324,0.9900667701486572,0.9885117600502075
1,5,2.148487408357124,0.4234411827726591,4667,2.2274802589416502,0.3393316195372751,778,2.225189173183502,0.3308,0.996958279425844,0.08369188440193251,,,0.9213253803271122,,0.9213423415586549,0.07865765844134509,0.9485906433764076,0.09934992185244385,5,0.001,0.1,0.9647117740774174,0.9843773807878768,0.9907661394383921,0.9950458266248258,0.9950059837053651,1.0,0.9940290866669299,0.9950365805031735,0.9951523653201018,0.9920431988418578,0.9893585966031756,0.9893037543822796
1,6,2.153691649266652,0.3743094543004716,4453,2.2289923330148063,0.31536388140161725,742,2.2251891312888636,0.3308,0.9971735042511439,0.08371662290645972,,,0.9234033326306758,,0.9234204192884276,0.07657958071157245,0.9485910641821232,0.09934992796714492,5,0.001,0.1,0.9636672090135453,0.9827964375546223,0.9901957023189206,0.992630951841529,0.9950397290196479,0.9940290866669299,1.0,0.9968767282423998,0.9966059665152844,0.9949383075880933,0.988499361404878,0.9921087604053132
1,7,2.1600604952271305,0.37446808510638296,4277,2.22248651670373,0.32538569424964936,713,2.2251892112695373,0.3309,0.9975875734070488,0.0837383682872176,,,0.9252298724681192,,0.9252520273339713,0.07474797266602873,0.9485865555068269,0.09935012817813703,5,0.001,0.1,0.9614606469244238,0.9817668617888193,0.9899283238802211,0.9933161722833426,0.9954875864847476,0.9950365805031735,0.9968767282423998,1.0,0.9968033565359165,0.9967840829145549,0.9919331746921528,0.9928831646399933
1,8,2.170186559970562,0.374134172923226,4129,2.220562046224421,0.3546511627906977,688,2.22519013904535,0.3308,0.996040203841277,0.08354151042610827,,,0.9086944652644686,,0.9087192275350132,0.09128077246498678,0.9485963981216332,0.09934945653772495,5,0.001,0.1,0.9566022731138085,0.9776367772253136,0.98606809202294,0.9915992803214217,0.9929557614983883,0.9951523653201018,0.9966059665152844,0.9968033565359165,1.0,0.99574242230462,0.9902598381772617,0.9943312132648027
1,9,2.174518907827044,0.3571607098225444,4001,2.2243140879131498,0.34782608695652173,667,2.225192284812562,0.3308,0.9946999719151783,0.08333728105346086,,,0.8915398755486152,,0.8915630044171233,0.10843699558287667,0.9485417482577466,0.09934891017293393,5,0.001,0.1,0.9510214137786489,0.97398581126286,0.9839709945038672,0.9876509683897743,0.9924350596095324,0.9920431988418578,0.9949383075880933,0.9967840829145549,0.99574242230462,1.0,0.993882148496184,0.9952836118145203
1,10,2.1772930797983387,0.3450244278734893,3889,2.2274150280725387,0.33641975308641975,648,2.225197542970554,0.3309,0.9908700098404206,0.08281654301432752,,,0.8477996079515896,,0.847821884574864,0.15217811542513604,0.9484960525536712,0.09934680737630253,5,0.001,0.1,0.9441128259483187,0.9685948816583064,0.9807980621576304,0.9824619224181959,0.9900667701486572,0.9893585966031756,0.988499361404878,0.9919331746921528,0.9902598381772617,0.993882148496184,1.0,0.9921096037884998
1,11,2.18191861505268,0.33247164336586654,3791,2.224519467353821,0.33069620253164556,632,2.2251956188640656,0.3309,0.9912988342513795,0.08297106673358094,,,0.8607790876943816,,0.86079295579977,0.13920704420023,0.9485150585751189,0.09934729322784754,5,0.001,0.1,0.9444190188874851,0.9674247131533223,0.9782087201994882,0.9825993102866243,0.9885117600502075,0.9893037543822796,0.9921087604053132,0.9928831646399933,0.9943312132648027,0.9952836118145203,0.9921096037884998,1.0
2,0,1.6471730867712415,0.5412466520574629,8214,2.160315203112225,0.435354273192111,1369,2.1629046769187856,0.4245,0.9850608525318811,0.08158926995165552,,,0.7,,0.7000125651211567,0.2999874348788433,0.9825483992587739,0.0995561801098074,5,0.001,0.1,1.0,0.995739337464149,0.9917817108562114,0.9878656594838696,0.984589314464064,0.9785081256448962,0.9798921120509605,0.9763276876123143,0.9751296205545138,0.970528266806171,0.96362824803584,0.9676019489419636
2,1,1.8121196104484854,0.5230605415272285,6574,2.1621057442256384,0.41058394160583944,1096,2.1627969360960937,0.4249,0.993471003693759,0.08329113071794367,,,0.8866429739608113,,0.8866577744270788,0.11334222557292117,0.9827729103769796,0.09958012456613553,5,0.001,0.1,0.995739337464149,1.0,0.9973225520709769,0.9952509032959238,0.9928426361060477,0.9887177989703296,0.9898429985599848,0.9871256756372777,0.9862618662934506,0.9827106889374551,0.9762355807343089,0.9797318488543073
2,2,1.8830558808468982,0.4735604357599862,5783,2.1621184041423183,0.4429460580912863,964,2.1627921311619183,0.4249,0.9972166220370873,0.08366584400858165,,,0.9277377593467234,,0.9277553860875113,0.07224461391248871,0.9828100043044272,0.09958141281378766,5,0.001,0.1,0.9917817108562114,0.9973225520709769,1.0,0.9974451291289244,0.996833969640221,0.9935419644741397,0.9945980384554441,0.9927413626880313,0.9921222769494978,0.9890428799713131,0.9845443115628864,0.9863928016708127
2,3,1.9233978402183716,0.5296009078872707,5287,2.1633497306278775,0.42224744608399545,881,2.162790395200443,0.425,0.9981466495728355,0.08376373391461028,,,0.9384733398030359,,0.9385033974154512,0.06149660258454881,0.982816763982382,0.09958180008916988,5,0.001,0.1,0.9878656594838696,0.9952509032959238,0.9974451291289244,1.0,0.9972052872412768,0.9961656792822913,0.9959463594693689,0.9951682760265363,0.9948749419581511,0.9916944949091738,0.9867242371281147,0.9890161987028995
2,4,1.951087442828763,0.4787841945288754,4935,2.1653292087408214,0.40875912408759124,822,2.162790001390841,0.425,0.9990623480644911,0.08386883709718722,,,0.94999999989033,,0.95001498149061,0.04998501850938997,0.9828167335879113,0.09958192149184007,5,0.001,0.1,0.984589314464064,0.9928426361060477,0.996833969640221,0.9972052872412768,1.0,0.9967044878923123,0.9970188892214551,0.9969901261772919,0.9961642057790641,0.9948092091661623,0.9919490240304072,0.993134644195467
2,5,1.9849274633681937,0.5331476323119777,4667,2.1666673946380617,0.41645244215938304,778,2.1627933087821205,0.4249,0.9979298524129445,0.08362267188797774,,,0.9230030753224345,,0.9230241346980989,0.07697586530190115,0.9827991443535891,0.09958122605382796,5,0.001,0.1,0.9785081256448962,0.9887177989703296,0.9935419644741397,0.9961656792822913,0.9967044878923123,1.0,0.9961630806642453,0.9968354950439751,0.9968802203745093,0.9949484155570696,0.9926326583369809,0.9934950470432589
2,6,1.9975768167631966,0.4889288120368291,4453,2.1666354537010193,0.4123989218328841,742,2.1627926887414706,0.4249,0.9983126829505926,0.08365022850494379,,,0.9260252079461623,,0.9260445965146287,0.07395540348537133,0.9828041732721731,0.09958141123237932,5,0.001,0.1,0.9798921120509605,0.9898429985599848,0.9945980384554441,0.9959463594693689,0.9970188892214551,0.9961630806642453,1.0,0.9973803053394373,0.9974229354320536,0.9960059590406617,0.9908075117214616,0.9941057503695432
2,7,2.006884054995295,0.48407762450315645,4277,2.158953220947929,0.41935483870967744,713,2.162792528018403,0.4249,0.9982780148387465,0.08366245793484775,,,0.927366408831884,,0.9273880979306212,0.07261190206937884,0.9828100231960558,0.09958141245538711,5,0.001,0.1,0.9763276876123143,0.9871256756372777,0.9927413626880313,0.9951682760265363,0.9969901261772919,0.9968354950439751,0.9973803053394373,1.0,0.9980446788653143,0.9980141805503616,0.9943380807520352,0.9957479870704381
2,8,2.0230429873099696,0.502930491644466,4129,2.15712372823195,0.4491279069767442,688,2.162793934916536,0.4249,0.9978764052308583,0.08352862973941148,,,0.9126894782093442,,0.9127110698717391,0.08728893012826089,0.9827916547203152,0.09958102887081481,5,0.001,0.1,0.9751296205545138,0.9862618662934506,0.9921222769494978,0.9948749419581511,0.9961642057790641,0.9968802203745093,0.9974229354320536,0.9980446788653143,1.0,0.9972363018826736,0.9935660923039604,0.9961932115443791
2,9,2.0364446289955622,0.4759310172456886,4001,2.1607710406893776,0.4497751124437781,667,2.162799196121411,0.4249,0.9964250793850565,0.08335635901984394,,,0.8937965581401052,,0.893815060747528,0.10618493925247197,0.9827706298972532,0.09958038395192548,5,0.001,0.1,0.970528266806171,0.9827106889374551,0.9890428799713131,0.9916944949091738,0.9948092091661623,0.9949484155570696,0.9960059590406617,0.9980141805503616,0.9972363018826736,1.0,0.9949526843750655,0.9965693315779177
2,10,2.0377717590722884,0.4501928516328105,3889,2.1658765929085866,0.4228395061728395,648,2.1628095562846514,0.4249,0.9928900990304318,0.08292245782486345,,,0.8462106386333403,,0.8462319134746427,0.15376808652535734,0.9827511113368096,0.09957796083612137,5,0.001,0.1,0.96362824803584,0.9762355807343089,0.9845443115628864,0.9867242371281147,0.9919490240304072,0.9926326583369809,0.9908075117214616,0.9943380807520352,0.9935660923039604,0.9949526843750655,1.0,0.9948758331386722
2,11,2.0510087417955156,0.4511738327618043,3791,2.1621270895004274,0.40348101265822783,632,2.1628056075245428,0.4249,0.9947798352139086,0.08307837939813321,,,0.8633105487530093,,0.8633301437256551,0.13666985627434491,0.982759001447413,0.09957904342289438,5,0.001,0.1,0.9676019489419636,0.9797318488543073,0.9863928016708127,0.9890161987028995,0.993134644195467,0.9934950470432589,0.9941057503695432,0.9957479870704381,0.9961932115443791,0.9965693315779177,0.9948758331386722,1.0
3,0,1.4772479368554943,0.5848794740686633,8214,2.0814954291942507,0.4762600438276114,1369,2.0850486016502017,0.4638,0.9894886901140126,0.08202552371998875,,,0.7,,0.7000125651211567,0.2999874348788433,0.9936323127234238,0.09966069224339519,5,0.001,0.1,1.0,0.9963498550985935,0.9941273502459512,0.991004836480558,0.9894767831027174,0.9853717625974808,0.9854004270161837,0.9834726844462451,0.981955834784958,0.9790380855849113,0.9737560988674094,0.9768077441964057
3,1,1.6261572248727372,0.5647094615150593,6574,2.082373980113438,0.4552919708029197,1096,2.0848801928206373,0.4639,0.995423297986081,0.08326154863436615,,,0.8812051163631892,,0.881220943157325,0.11877905684267498,0.9936687918286218,0.09968471800763246,5,0.001,0.1,0.9963498550985935,1.0,0.9978748040161746,0.9963782424588474,0.9950964211223989,0.9926035504849462,0.9925509068515088,0.990966086217677,0.9900199322697498,0.9876747742130663,0.9825845811777242,0.9854676236857337
3,2,1.6978135348683563,0.530900916479336,5783,2.082822838137227,0.48132780082987553,964,2.084871332485455,0.4638,0.9978444586092435,0.08356969001730045,,,0.9263796063766458,,0.9263973864547994,0.07360261354520059,0.9936828468872559,0.0996858637426295,5,0.001,0.1,0.9941273502459512,0.9978748040161746,1.0,0.9977481524024938,0.9975342918070015,0.9954306259662147,0.9956632626497601,0.9946345922756334,0.9936922142660435,0.9916823258702954,0.9882247136047732,0.9898337075657027
3,3,1.7343906736517527,0.5712880650652544,5287,2.086237277303423,0.45629965947786605,881,2.084868973436447,0.4638,0.9985111619465723,0.08365129330689484,,,0.938342903729773,,0.9383729134649771,0.06162708653502291,0.9936836060091515,0.0996860957751774,5,0.001,0.1,0.991004836480558,0.9963782424588474,0.9977481524024938,1.0,0.9977114314236868,0.9973259705160149,0.996877938456639,0.9961940508754716,0.9958657365367517,0.9934989135747502,0.9897442672953624,0.9919930890227521
3,4,1.766927890469951,0.5335359675785207,4935,2.0893123608369093,0.43552311435523117,822,2.0848683952904357,0.4638,0.9989761442729667,0.08373080795596917,,,0.9499999998533968,,0.95001498149061,0.04998501850938997,0.993684734645139,0.09968614776054462,5,0.001,0.1,0.9894767831027174,0.9950964211223989,0.9975342918070015,0.9977114314236868,1.0,0.997177628013447,0.9974352712802124,0.9972269433817655,0.996302969355888,0.9954723924081531,0.9924438751032517,0.9940044487829776
3,5,1.8054975377370233,0.5740304263981144,4667,2.0908552265167235,0.4601542416452442,778,2.0848727271960565,0.4638,0.9986033365780023,0.08356770719746977,,,0.9260889187910093,,0.9261074221204125,0.07389257787958747,0.99368465687228,0.09968586357887518,5,0.001,0.1,0.9853717625974808,0.9926035504849462,0.9954306259662147,0.9973259705160149,0.997177628013447,1.0,0.9974302784243096,0.9974308028268714,0.9974804579477852,0.9959292175065071,0.9940507906442814,0.9951309600435303
3,6,1.819264188494001,0.5332584774309455,4453,2.088757654031118,0.4474393530997305,742,2.0848721361007936,0.4638,0.9986173762186286,0.08358507084093258,,,0.9286344832028348,,0.9286494427852041,0.07135055721479588,0.9936828900615723,0.09968586538541666,5,0.001,0.1,0.9854004270161837,0.9925509068515088,0.9956632626497601,0.996877938456639,0.9974352712802124,0.9974302784243096,1.0,0.9979388811258092,0.9977333477938953,0.9961824439464629,0.9927862574433137,0.9955227248386767
3,7,1.8313234644149667,0.5373392564881927,4277,2.079991921134617,0.4600280504908836,713,2.0848717712365783,0.4638,0.9986994688501833,0.08359522685453027,,,0.9301233865447893,,0.9301427591072965,0.06985724089270351,0.9936829032991823,0.0996858666173452,5,0.001,0.1,0.9834726844462451,0.990966086217677,0.9946345922756334,0.9961940508754716,0.9972269433817655,0.9974308028268714,0.9979388811258092,1.0,0.9979911082443408,0.9980618057750837,0.9953560607938344,0.9972149919041655
3,8,1.8545597571593064,0.5577621700169533,4129,2.0783246647227895,0.4811046511627907,688,2.0848735254793502,0.4638,0.998092667930453,0.08349350462906113,,,0.9152105902989763,,0.9152337595809049,0.08476624041909508,0.9936819886622879,0.09968569969207094,5,0.001,0.1,0.981955834784958,0.9900199322697498,0.9936922142660435,0.9958657365367517,0.996302969355888,0.9974804579477852,0.9977333477938953,0.9979911082443408,1.0,0.9969250575223507,0.9946153063778644,0.9966251413962708
3,9,1.8731825385774885,0.5282679330167458,4001,2.081695488521031,0.48425787106446777,667,2.084881848801439,0.4642,0.9971773111896547,0.08335822644912848,,,0.8953783862301411,,0.8953953663699366,0.10460463363006345,0.9936754287904161,0.09968518446201077,5,0.001,0.1,0.9790380855849113,0.9876747742130663,0.9916823258702954,0.9934989135747502,0.9954723924081531,0.9959292175065071,0.9961824439464629,0.9980618057750837,0.9969250575223507,1.0,0.9959744936946061,0.9978087940105895
3,10,1.8741170330125778,0.5083569040884546,3889,2.0883854797908237,0.47530864197530864,648,2.084900433263078,0.4641,0.9944750964293376,0.08300468688524575,,,0.8435483809712008,,0.8435642415982834,0.15643575840171664,0.9936537127207568,0.09968244318853108,5,0.001,0.1,0.9737560988674094,0.9825845811777242,0.9882247136047732,0.9897442672953624,0.9924438751032517,0.9940507906442814,0.9927862574433137,0.9953560607938344,0.9946153063778644,0.9959744936946061,1.0,0.9963786765694008
3,11,1.892235588827053,0.5158533368504352,3791,2.0848068237304687,0.4509493670886076,632,2.0848937689686737,0.4641,0.9962196544258207,0.08315671350911277,,,0.8658359592778272,,0.8658480006959144,0.1341519993040856,0.9936568823591075,0.09968360651292542,5,0.001,0.1,0.9768077441964057,0.9854676236857337,0.9898337075657027,0.9919930890227521,0.9940044487829776,0.9951309600435303,0.9955227248386767,0.9972149919041655,0.9966251413962708,0.9978087940105895,0.9963786765694008,1.0
4,0,1.3456211504769233,0.6134891648405162,8214,1.9870623516481976,0.533235938641344,1369,1.991810062441963,0.5178,0.9912507259985269,0.0823337455661801,,,0.7,,0.7000125651211567,0.2999874348788433,0.996327061234658,0.0997101210689858,5,0.001,0.1,1.0,0.9961588849756182,0.9946763081049,0.991584968888447,0.9907860592200398,0.9876043745341045,0.9873846443076201,0.9862888006788585,0.9849350858099237,0.9833487808283394,0.9795764702892068,0.9814840657931901
4,1,1.4742890053003737,0.5944326133252206,6574,1.9868047952651977,0.49178832116788324,1096,1.991566744475319,0.5184,0.9964710646225525,0.08326065524906184,,,0.8791788442544055,,0.8792008582944297,0.12079914170557027,0.9964165019264108,0.09973523247257592,5,0.001,0.1,0.9961588849756182,1.0,0.9978816716463343,0.9966138001700945,0.9955038928547051,0.9940160493371581,0.9935826818442736,0.9928646976472733,0.9918799167864818,0.991023733208962,0.9874703504429947,0.9891786200928077
4,2,1.5403150964178434,0.5680788518070206,5783,1.9875676093562957,0.5456431535269709,964,1.991554838780778,0.5184,0.9980168797616693,0.08349962551022544,,,0.9253736526561746,,0.9253970095011647,0.07460299049883534,0.9964124494640818,0.09973641868751808,5,0.001,0.1,0.9946763081049,0.9978816716463343,1.0,0.9975763171201311,0.9972696932397659,0.9959223219236262,0.9957186989984078,0.9951443242697497,0.9942517517129794,0.9930650662048504,0.9912232963463455,0.9918990475584523
4,3,1.5698356223393635,0.6013240022697182,5287,1.993546417781285,0.5334846765039728,881,1.9915531519502878,0.5184,0.9986672970078576,0.08357069431743187,,,0.939111805329473,,0.9391413189511023,0.06085868104889769,0.996412872171389,0.09973671148228827,5,0.001,0.1,0.991584968888447,0.9966138001700945,0.9975763171201311,1.0,0.9976146146361798,0.9976212946825074,0.9968884506602658,0.9966046768993743,0.9964688732806217,0.9948291199642122,0.992712752760965,0.9938367633953867
4,4,1.599909735418135,0.5683080040526849,4935,1.9981340078207164,0.49391727493917276,822,1.9915520006094496,0.5184,0.998900829376622,0.08362702001219807,,,0.9499999998066921,,0.95001498149061,0.04998501850938997,0.9964153105617967,0.09973677039108317,5,0.001,0.1,0.9907860592200398,0.9955038928547051,0.9972696932397659,0.9976146146361798,1.0,0.997367210796975,0.9972907852254794,0.9974138063385096,0.9966444106535801,0.9959692361276642,0.994137690526055,0.9951390058339876
4,5,1.638819433075108,0.6019712877651596,4667,2.0002875089645387,0.5102827763496144,778,1.991556326421305,0.5184,0.9986984398188762,0.08352041730685661,,,0.929392868507673,,0.92940335005461,0.07059664994539006,0.9964124576888086,0.09973642109665778,5,0.001,0.1,0.9876043745341045,0.9940160493371581,0.9959223219236262,0.9976212946825074,0.997367210796975,1.0,0.9975262359992897,0.9975811203428382,0.9976623537998542,0.99596264357547,0.9955007185180852,0.995911353142642
4,6,1.649787091272218,0.5690545699528408,4453,1.9956241349379222,0.49326145552560646,742,1.9915558655802814,0.5184,0.9985537703900067,0.08352639890190905,,,0.9305491573113047,,0.9305632073921575,0.06943679260784252,0.9964124696555501,0.09973642174680043,5,0.001,0.1,0.9873846443076201,0.9935826818442736,0.9957186989984078,0.9968884506602658,0.9972907852254794,0.9975262359992897,1.0,0.9979007786308034,0.9975891502751971,0.9966350586167073,0.9943473269902331,0.9960745337805662
4,7,1.6626063594177587,0.5737666588730419,4277,1.9856914489165596,0.5077138849929874,713,1.9915558156875757,0.5184,0.9987961286535568,0.0835404559408742,,,0.9332664921735147,,0.9332840393964875,0.06671596060351248,0.9964118016599236,0.0997364915707648,5,0.001,0.1,0.9862888006788585,0.9928646976472733,0.9951443242697497,0.9966046768993743,0.9974138063385096,0.9975811203428382,0.9979007786308034,1.0,0.9983449799215915,0.9979638999360221,0.9960559374629401,0.9976681343555678
4,8,1.6834412563764132,0.5829014289174134,4129,1.9841471314430237,0.5319767441860465,688,1.991557413396744,0.5184,0.998370109064516,0.08346428959351494,,,0.9185429453782309,,0.9185635166874474,0.0814364833125526,0.9964132674950147,0.09973630745640621,5,0.001,0.1,0.9849350858099237,0.9918799167864818,0.9942517517129794,0.9964688732806217,0.9966444106535801,0.9976623537998542,0.9975891502751971,0.9983449799215915,1.0,0.997226080908391,0.9962551399341218,0.9974625593505387
4,9,1.70517465235695,0.5640589852536866,4001,1.9872196799232846,0.5292353823088456,667,1.9915687443730168,0.5186,0.9975713651575188,0.08335549996255602,,,0.8975130643638474,,0.89752660422768,0.10247339577231995,0.9964122745460547,0.09973591276113646,5,0.001,0.1,0.9833487808283394,0.991023733208962,0.9930650662048504,0.9948291199642122,0.9959692361276642,0.99596264357547,0.9966350586167073,0.9979638999360221,0.997226080908391,1.0,0.9955959390533907,0.9975391733058547
4,10,1.7101708357451393,0.5533041913088197,3889,1.9948708216349285,0.5339506172839507,648,1.99159586467682,0.5185,0.9959425686849919,0.08308599696499472,,,0.8454160407617184,,0.8454393442939852,0.15456065570601485,0.9964082698103256,0.09973346109403215,5,0.001,0.1,0.9795764702892068,0.9874703504429947,0.9912232963463455,0.992712752760965,0.994137690526055,0.9955007185180852,0.9943473269902331,0.9960559374629401,0.9962551399341218,0.9955959390533907,1.0,0.9967819042880557
4,11,1.7287341736945785,0.5565286204167765,3791,1.9928653717041016,0.509493670886076,632,1.9915852059190646,0.5186,0.9970552813434054,0.08321520067419705,,,0.8703921217281845,,0.8704101062236012,0.12958989377639885,0.9964079067083351,0.09973474530313663,5,0.001,0.1,0.9814840657931901,0.9891786200928077,0.9918990475584523,0.9938367633953867,0.9951390058339876,0.995911353142642,0.9960745337805662,0.9976681343555678,0.9974625593505387,0.9975391733058547,0.9967819042880557,1.0
5,0,1.241482874159683,0.6329437545653762,8214,1.8779001679531364,0.5690284879474069,1369,1.8839313016531947,0.5547,0.9915902594468136,0.082531919426775,,,0.7,,0.7000125651211567,0.2999874348788433,0.9971849455045504,0.09971388947255855,5,0.001,0.1,1.0,0.9959068454460416,0.9946490557818578,0.99147531594621,0.990893534934234,0.9877403348884223,0.9876862204079735,0.9869923061716753,0.9854656625630727,0.9841364514830894,0.9807330340313346,0.9828599692786189
5,1,1.35269707562854,0.6110435047155461,6574,1.876027079990932,0.5456204379562044,1096,1.8835935851636405,0.5554,0.9969301313503987,0.08327302027518722,,,0.8808343074769238,,0.8808488222615285,0.1191511777384715,0.9972597902872813,0.09974064208509129,5,0.001,0.1,0.9959068454460416,1.0,0.9978104391682834,0.996648551373351,0.9956939004804544,0.9943811168775517,0.9939932453577431,0.9938186880074439,0.9928881223809766,0.9917366506984707,0.9887883285692788,0.9906776225790801
5,2,1.410063535469013,0.5976828635656234,5783,1.8770940457620928,0.5767634854771784,964,1.883576338283551,0.5554,0.998179277085331,0.08345996786027934,,,0.9264509562191913,,0.9264698775383962,0.07353012246160384,0.9972702008562125,0.09974200237238545,5,0.001,0.1,0.9946490557818578,0.9978104391682834,1.0,0.9974654785368285,0.997125539017601,0.9960235097183127,0.9959492867421366,0.9956880083856368,0.9944567728665373,0.9933286042853368,0.9918376940508722,0.9929280191573171
5,3,1.4315349245645914,0.6176659731416683,5287,1.885824292898178,0.5754824063564131,881,1.883572493879178,0.5554,0.9987396293939259,0.08352166372831431,,,0.9415052225773977,,0.9415286919708876,0.05847130802911238,0.9972804487020427,0.0997422168394509,5,0.001,0.1,0.99147531594621,0.996648551373351,0.9974654785368285,1.0,0.9974139990881936,0.9975242010212061,0.9969205791083066,0.9969149102864129,0.9963553553049607,0.9948036936130947,0.9935464184182213,0.9948543134948493
5,4,1.4586452294165089,0.5940425531914894,4935,1.8927603226441603,0.524330900243309,822,1.8835709544416435,0.5555,0.998747582603026,0.08355647729141506,,,0.9499999997559923,,0.95001498149061,0.04998501850938997,0.9972792877087209,0.09974228123741115,5,0.001,0.1,0.990893534934234,0.9956939004804544,0.997125539017601,0.9974139990881936,1.0,0.9969183490807102,0.9970922348918977,0.9973222967760105,0.9960244866133307,0.9956459293609927,0.9943834861131311,0.9954990164176167
5,5,1.4944451029986552,0.6182986929505035,4667,1.8955480003356933,0.5334190231362468,778,1.8835769967910962,0.5554,0.9985822478187643,0.08348573603944695,,,0.9327385901420222,,0.9327572708556847,0.06724272914431528,0.9972720966233689,0.09974209514235716,5,0.001,0.1,0.9877403348884223,0.9943811168775517,0.9960235097183127,0.9975242010212061,0.9969183490807102,1.0,0.9973138936178751,0.9973194964997892,0.9967955136094613,0.9957847373101982,0.9959849287653099,0.9962186606806396
5,6,1.500372410586902,0.5951942510666967,4453,1.887830600142479,0.5296495956873315,742,1.8835767972202728,0.5554,0.9984798886731665,0.0834861006349643,,,0.9328275542526825,,0.9328490928949073,0.06715090710509275,0.9972721006955444,0.09974209518020094,5,0.001,0.1,0.9876862204079735,0.9939932453577431,0.9959492867421366,0.9969205791083066,0.9970922348918977,0.9973138936178751,1.0,0.9975342244410261,0.9970225794448854,0.9959996964697162,0.9948617402254558,0.9964019475513902
5,7,1.512232009065685,0.5965863923310731,4277,1.877108361410058,0.544179523141655,713,1.8835764281665937,0.5554,0.998775701668769,0.08350427676739026,,,0.9372626703733841,,0.937271048994307,0.06272895100569298,0.9972740079370837,0.09974209712652639,5,0.001,0.1,0.9869923061716753,0.9938186880074439,0.9956880083856368,0.9969149102864129,0.9973222967760105,0.9973194964997892,0.9975342244410261,1.0,0.9975360213587454,0.9976645780844526,0.9960215504387728,0.9974987528838081
5,8,1.5310642112218418,0.5996609348510535,4129,1.875441312789917,0.5683139534883721,688,1.8835796045419126,0.5554,0.9979762683200594,0.08343173346324806,,,0.9195615461677527,,0.9195832245967079,0.08041677540329206,0.9972679674910047,0.09974189400310549,5,0.001,0.1,0.9854656625630727,0.9928881223809766,0.9944567728665373,0.9963553553049607,0.9960244866133307,0.9967955136094613,0.9970225794448854,0.9975360213587454,1.0,0.9962093946442168,0.9951196564844265,0.9968596904522027
5,9,1.5573116667686946,0.5821044738815296,4001,1.878151189713251,0.5562218890554723,667,1.883596050472686,0.5557,0.997414037645766,0.08334683458894773,,,0.8988455678058842,,0.8988604401658596,0.10113955983414036,0.9972630981396177,0.099741357396051,5,0.001,0.1,0.9841364514830894,0.9917366506984707,0.9933286042853368,0.9948036936130947,0.9956459293609927,0.9957847373101982,0.9959996964697162,0.9976645780844526,0.9962093946442168,1.0,0.9952979761632624,0.9973977665406517
5,10,1.5608555240709274,0.5807662638210337,3889,1.8859416303180514,0.5725308641975309,648,1.8836295227654063,0.5556,0.9961842562400262,0.08314177994286338,,,0.8488106569040371,,0.8488319270063116,0.1511680729936884,0.9972636042195183,0.09973926289974977,5,0.001,0.1,0.9807330340313346,0.9887883285692788,0.9918376940508722,0.9935464184182213,0.9943834861131311,0.9959849287653099,0.9948617402254558,0.9960215504387728,0.9951196564844265,0.9952979761632624,1.0,0.9967011027328415
5,11,1.5767905660036232,0.5832234238987075,3791,1.8869042456150056,0.560126582278481,632,1.8836150435974803,0.5557,0.9974057175347373,0.0832604899811684,,,0.87777681935472,,0.8777993640115599,0.12220063598844011,0.9972639189456077,0.0997406356932964,5,0.001,0.1,0.9828599692786189,0.9906776225790801,0.9929280191573171,0.9948543134948493,0.9954990164176167,0.9962186606806396,0.9964019475513902,0.9974987528838081,0.9968596904522027,0.9973977665406517,0.9967011027328415,1.0
6,0,1.1568767703460812,0.6485756026296566,8214,1.7560213499290998,0.5931336742147553,1369,1.7634850824222017,0.579,0.9915179611537451,0.08265617173488925,,,0.95,,0.95001498149061,0.04998501850938997,0.9976788930620998,0.09972648722607014,5,0.001,0.1,1.0,0.9953525325655682,0.9942797454502865,0.9908112286815793,0.9906198626189981,0.9876207712341851,0.9872889710595574,0.9870085743798899,0.985360553145464,0.9836183088760251,0.9809120798752579,0.9829089263712268
6,1,1.252965742291756,0.6263766352296928,6574,1.7524741377149309,0.5675182481751825,1096,1.763100639699747,0.5794,0.9967403594815076,0.08327952024460375,,,0.95,,0.95001498149061,0.04998501850938997,0.9979620426090976,0.09972648722607014,5,0.001,0.1,0.9953525325655682,1.0,0.9972503684356747,0.9961223973246945,0.9952179643621508,0.9941330843838379,0.9935388814853726,0.9936302167237839,0.9924912870540366,0.9906105904961597,0.9891725689836016,0.9906682693712586
6,2,1.3034228905129828,0.6156320249005707,5783,1.7536329415536696,0.5954356846473029,964,1.7630812337223334,0.5794,0.9980026460172394,0.08343498478473256,,,0.95,,0.95001498149061,0.04998501850938997,0.9979748547930127,0.09972648722607014,5,0.001,0.1,0.9942797454502865,0.9972503684356747,1.0,0.9969932761335817,0.9965341635173388,0.9958447136490388,0.9956290039723693,0.9954325849890935,0.9945058239487781,0.992214237947026,0.991926840103621,0.9926562352310282
6,3,1.3195447505238544,0.6323056553811235,5287,1.76522895693779,0.5970488081725313,881,1.7630771478524985,0.5794,0.9985745660151757,0.08349130713299295,,,0.95,,0.95001498149061,0.04998501850938997,0.9979730119021445,0.09972648722607014,5,0.001,0.1,0.9908112286815793,0.9961223973246945,0.9969932761335817,1.0,0.9967885253414195,0.9971803834674724,0.9966459675977141,0.9965233747944231,0.9962743395101792,0.9940241221602346,0.9940448794785165,0.9946633984636662
6,4,1.3402628472543532,0.6145491388044579,4935,1.7751924120462859,0.551094890510949,822,1.7630750542631546,0.5794,0.9983710749376664,0.08350609593062285,,,0.95,,0.95001498149061,0.04998501850938997,0.9979741853747031,0.09972648722607014,5,0.001,0.1,0.9906198626189981,0.9952179643621508,0.9965341635173388,0.9967885253414195,1.0,0.996397844347321,0.9965284275790358,0.9965685629577873,0.9957227074296738,0.9936117433517279,0.994541967691057,0.9951055675072791
6,5,1.3729246001537532,0.6304263981144204,4667,1.7785262012481688,0.5604113110539846,778,1.7630820163903527,0.5794,0.9984708082070837,0.08346591298468113,,,0.95,,0.95001498149061,0.04998501850938997,0.9979740107014579,0.09972648722607014,5,0.001,0.1,0.9876207712341851,0.9941330843838379,0.9958447136490388,0.9971803834674724,0.996397844347321,1.0,0.9970764383452692,0.9969959939307157,0.9969552955332066,0.9948905033723893,0.9958865045053712,0.9958230981900736
6,6,1.3762826601096563,0.6150011228385358,4453,1.767502357562383,0.5592991913746631,742,1.7630821009413502,0.5794,0.9983524014386516,0.08346231305621002,,,0.95,,0.95001498149061,0.04998501850938997,0.9979740111068933,0.09972648722607014,5,0.001,0.1,0.9872889710595574,0.9935388814853726,0.9956290039723693,0.9966459675977141,0.9965284275790358,0.9970764383452692,1.0,0.9971621324737998,0.9971343050189956,0.9952207713696549,0.9949774116697604,0.9961804921696037
6,7,1.3846582240133143,0.6191255552957681,4277,1.7563734210055808,0.5638148667601683,713,1.7630812500993285,0.5794,0.9986228296150914,0.08348219784013937,,,0.95,,0.95001498149061,0.04998501850938997,0.9979740299328913,0.09972648722607014,5,0.001,0.1,0.9870085743798899,0.9936302167237839,0.9954325849890935,0.9965233747944231,0.9965685629577873,0.9969959939307157,0.9971621324737998,1.0,0.9977457231916315,0.996648104603393,0.9957867941586968,0.9971160998047885
6,8,1.3976238468060127,0.6184063937999515,4129,1.7547947276722302,0.5857558139534884,688,1.7630849867202223,0.5794,0.9982073077542332,0.08342427046265376,,,0.95,,0.95001498149061,0.04998501850938997,0.9979737396748384,0.09972648722607014,5,0.001,0.1,0.985360553145464,0.9924912870540366,0.9945058239487781,0.9962743395101792,0.9957227074296738,0.9969552955332066,0.9971343050189956,0.9977457231916315,1.0,0.9958564201363632,0.9962037712955953,0.9973862753416406
6,9,1.4319671965780711,0.5997500624843789,4001,1.7566146964118594,0.5952023988005997,667,1.7631034142673967,0.5798,0.996607498555255,0.0833205189108616,,,0.95,,0.95001498149061,0.04998501850938997,0.9979705481174347,0.09972648722607014,5,0.001,0.1,0.9836183088760251,0.9906105904961597,0.992214237947026,0.9940241221602346,0.9936117433517279,0.9948905033723893,0.9952207713696549,0.996648104603393,0.9958564201363632,1.0,0.9938028720948531,0.9959967124896565
6,10,1.4332368650397316,0.6027256364103882,3889,1.7632734378178914,0.5879629629629629,648,1.7631406791674824,0.5799,0.9963615383357379,0.08318676423385098,,,0.95,,0.95001498149061,0.04998501850938997,0.9979477783420023,0.09972648722607014,5,0.001,0.1,0.9809120798752579,0.9891725689836016,0.991926840103621,0.9940448794785165,0.994541967691057,0.9958865045053712,0.9949774116697604,0.9957867941586968,0.9962037712955953,0.9938028720948531,1.0,0.9962815533888998
