round,client_id,client_i_training_loss,client_i_training_accuracy,client_i_training_dataset_size,client_i_evaluation_loss,client_i_evaluation_accuracy,client_i_evaluation_dataset_size,client_i_central_evaluation_loss,client_i_central_evaluation_accuracy,client_i_cosine_similarity,client_i_importance_coefficient,client_i_tanh_val,tanh_normalization_value,client_i_q,client_i_mask_order,client_i_v_nonzero_fraction,client_i_v_sparsity,client_i_v_cosine_similarity,client_i_reward_gradient_norm,local_epochs,learning_rate,gamma,client_0_cosine_similarity,client_1_cosine_similarity,client_2_cosine_similarity,client_3_cosine_similarity,client_4_cosine_similarity,client_5_cosine_similarity,client_6_cosine_similarity,client_7_cosine_similarity,client_8_cosine_similarity,client_9_cosine_similarity,client_10_cosine_similarity,client_11_cosine_similarity
0,0,0.28241693318136585,0.9122960798636475,8214,2.1844060809113257,0.5266617969320672,1369,2.1864637566831546,0.5181,0.7921184283164879,0.08496098540694735,,,0.994163720978254,,0.9941719793183074,0.005828020681692636,0,0.38963384508203036,5,0.1,0.5,1.0,0.5599376003527727,0.5558975910677836,0.566195440428415,0.5566625019103106,0.5599386602655055,0.5734506051673013,0.5707749428300912,0.5054573073276165,0.534393021283259,0.5646724051872732,0.5689221982603899
0,1,0.3094385821548589,0.9045025859446304,6574,2.1876476764678956,0.5273722627737226,1096,2.1864635715850245,0.5181,0.7894504049982991,0.08467481874032427,,,0.9882791030910386,,0.9882937603533959,0.01170623964660411,0,0.38963382876793107,5,0.1,0.5,0.5599376003527727,1.0,0.565953381452354,0.5813944060104962,0.5830071187623097,0.5675752770397829,0.5904913310835694,0.570302822892631,0.5126739276162192,0.5545253074494098,0.5861916662587296,0.5754896894802243
0,2,0.31888994271892707,0.9002939650700329,5783,2.186930194977791,0.483402489626556,964,2.186463323264076,0.5181,0.7869211731516611,0.08440353856007433,,,0.9827006050081419,,0.9827167310877968,0.01728326891220322,0,0.3896337837277965,5,0.1,0.5,0.5558975910677836,0.565953381452354,1.0,0.5814317024624548,0.5831335031322071,0.5837834371044331,0.5886805772754738,0.5961748769645591,0.4980197608272527,0.5658328921787176,0.5919089474974237,0.5945436657185187
0,3,0.30131311038374364,0.9050122943067902,5287,2.183524055140359,0.5187287173666288,881,2.18646374068702,0.5181,0.794764535296593,0.085244801372446,,,0.9999999999794364,,1.0,0.0,0,0.3896338473605728,5,0.1,0.5,0.566195440428415,0.5813944060104962,0.5814317024624548,1.0,0.5889652045459084,0.6018632661503672,0.6032406988348225,0.5907716081155077,0.5222902548765332,0.5697884977897704,0.6197145267864852,0.5969649622330433
0,4,0.3531386172687334,0.8902532928064842,4935,2.185013009951665,0.524330900243309,822,2.186465277077672,0.5181,0.780913487407609,0.08375916660433694,,,0.9694499955591153,,0.9694543446614126,0.03054565533858744,0,0.3896333901835463,5,0.1,0.5,0.5566625019103106,0.5830071187623097,0.5831335031322071,0.5889652045459084,1.0,0.5770510857087501,0.5711197318424671,0.5870664063225719,0.5152195968881037,0.5641034229119372,0.5976623648156636,0.5883407938957326
0,5,0.3446880711803902,0.8922219841439897,4667,2.1858866691589354,0.5398457583547558,778,2.1864644574661987,0.5181,0.7833006134334358,0.08401520480796244,,,0.9747150636770929,,0.9747251643993775,0.02527483560062249,0,0.3896336080419456,5,0.1,0.5,0.5599386602655055,0.5675752770397829,0.5837834371044331,0.6018632661503672,0.5770510857087501,1.0,0.5970407787870421,0.5907368439735007,0.5288100551930724,0.5663653290744083,0.603480208600614,0.5906186984272437
0,6,0.37308012575310256,0.8857848641365371,4453,2.183516174554825,0.5202156334231806,742,2.186463809241883,0.5181,0.7864365065911239,0.08435155422653906,,,0.9816316197815027,,0.9816475076552382,0.018352492344761773,0,0.38963377013713707,5,0.1,0.5,0.5734506051673013,0.5904913310835694,0.5886805772754738,0.6032406988348225,0.5711197318424671,0.5970407787870421,1.0,0.5921052972595668,0.5161033910338257,0.5697563627216532,0.602059555792041,0.5915305841725221
0,7,0.3602850991676548,0.8889408463876549,4277,2.1899682957193125,0.5105189340813464,713,2.1864644346145776,0.5181,0.7830614491896355,0.08398955254549638,,,0.9741875607210825,,0.974198082425581,0.025801917574418964,0,0.3896335904831321,5,0.1,0.5,0.5707749428300912,0.570302822892631,0.5961748769645591,0.5907716081155077,0.5870664063225719,0.5907368439735007,0.5921052972595668,1.0,0.5224291341943077,0.5711346069759067,0.5982989789977445,0.598120369980736
0,8,0.43608557588089475,0.868636473722451,4129,2.1855530088598076,0.5276162790697675,688,2.1865409281307135,0.5182,0.7040866571726457,0.07551887958522621,,,0.8,,0.8,0.19999999999999996,0,0.38944867579958825,5,0.1,0.5,0.5054573073276165,0.5126739276162192,0.4980197608272527,0.5222902548765332,0.5152195968881037,0.5288100551930724,0.5161033910338257,0.5224291341943077,1.0,0.5113791336141177,0.5226950532882259,0.5290915054054155
0,9,0.4168133030516199,0.8721819545113721,4001,2.1899868987855458,0.5067466266866567,667,2.18645928995297,0.5181,0.7535236202049934,0.08082138605977185,,,0.9090386410667651,,0.9090557702926559,0.09094422970734406,0,0.3896190841301107,5,0.1,0.5,0.534393021283259,0.5545253074494098,0.5658328921787176,0.5697884977897704,0.5641034229119372,0.5663653290744083,0.5697563627216532,0.5711346069759067,0.5113791336141177,1.0,0.5868494365842091,0.5567062174300532
0,10,0.3957306309587887,0.8768320905116996,3889,2.1825587295350575,0.5246913580246914,648,2.186463785628541,0.5181,0.7889378663811041,0.0846198449076001,,,0.987148642988208,,0.987159279152653,0.012840720847346998,0,0.3896338229772876,5,0.1,0.5,0.5646724051872732,0.5861916662587296,0.5919089474974237,0.6197145267864852,0.5976623648156636,0.603480208600614,0.602059555792041,0.5982989789977445,0.5226950532882259,0.5868494365842091,1.0,0.6054735818857276
0,11,0.3810208972293038,0.8812450540754418,3791,2.1922817707061766,0.5015822784810127,632,2.1864663968071008,0.5181,0.7798049500938273,0.08364026718327507,,,0.967004994999767,,0.9670247477536268,0.03297525224637321,0,0.38963327790104646,5,0.1,0.5,0.5689221982603899,0.5754896894802243,0.5945436657185187,0.5969649622330433,0.5883407938957326,0.5906186984272437,0.5915305841725221,0.598120369980736,0.5290915054054155,0.5567062174300532,0.6054735818857276,1.0
1,0,0.2575209331840045,0.9206233260287314,8214,2.027792367824288,0.8056975894813733,1369,2.0323344788993127,0.7882,0.7983961455955977,0.08436348218372114,,,0.9814546405605438,,0.9814718136639727,0.018528186336027264,0.9577699140712179,0.4000388971304811,5,0.1,0.5,1.0,0.6120723377651217,0.6187348851393981,0.6125238227982132,0.6064312373106537,0.6167579229981286,0.6112303399836212,0.6116060827925266,0.6127439259055505,0.5163787350415443,0.6237166019920675,0.6124830130404624
1,1,0.28055456605134077,0.9146942500760572,6574,2.032976177760533,0.7855839416058394,1096,2.0323350227678927,0.7882,0.7993223329439001,0.08420574643449238,,,0.9765873094167421,,0.9766025801917575,0.023397419808242503,0.9577697219524071,0.40003879204748855,5,0.1,0.5,0.6120723377651217,1.0,0.6166337535206684,0.6147949914784356,0.6128341640101067,0.6121311420393544,0.6134337582539822,0.6163356039796497,0.6119907797158408,0.5101323561750584,0.6296414432267392,0.6144611572397808
1,2,0.2880111316525125,0.9126059138855266,5783,2.03119021461856,0.7634854771784232,964,2.032335225385599,0.7881,0.8067080957132359,0.08428377333998242,,,0.9789950247824919,,0.9790020581296119,0.02099794187038806,0.9577692982123397,0.4000388472478312,5,0.1,0.5,0.6187348851393981,0.6166337535206684,1.0,0.6202932643782703,0.6188228160327753,0.6210513814227264,0.6084267508543172,0.6267120604373144,0.6286127231513043,0.5271579198225649,0.6255289506966518,0.6263564346960286
1,3,0.2710718807764351,0.9173066010970304,5287,2.0280904471874237,0.7866061293984109,881,2.032334026437217,0.7882,0.8101912405995509,0.08496448221322542,,,0.9999999999691425,,1.0,0.0,0.957770693459729,0.40003899112749686,5,0.1,0.5,0.6125238227982132,0.6147949914784356,0.6202932643782703,1.0,0.6229126848429909,0.6226224733962603,0.6188907574345922,0.6278371652253787,0.6259312244956524,0.5267479650053795,0.6425849135275346,0.6322315854346253
1,4,0.3195737274087245,0.9014387031408309,4935,2.030376727764423,0.7858880778588808,822,2.032334832718578,0.7881,0.8044299995454457,0.08377601074215316,,,0.9633267395766582,,0.9633401937653733,0.036659806234626724,0.957762570918834,0.4000381145264627,5,0.1,0.5,0.6064312373106537,0.6128341640101067,0.6188228160327753,0.6229126848429909,1.0,0.6172090680014202,0.6077499874576727,0.6258961154474761,0.6277411187786529,0.5298177535648739,0.6262603445488635,0.6240145320704886
1,5,0.3011006345360042,0.9081208485108206,4667,2.0322422218322753,0.8059125964010283,778,2.0323366692271856,0.7882,0.8111837801452898,0.08418227592178719,,,0.9758630680319605,,0.9758797249134079,0.02412027508659209,0.9577669477542398,0.4000387688426819,5,0.1,0.5,0.6167579229981286,0.6121311420393544,0.6210513814227264,0.6226224733962603,0.6172090680014202,1.0,0.6180870446514498,0.6291587506714048,0.6360161369167902,0.5346731091827817,0.6381380834171799,0.6378349295432937
1,6,0.33057093532223786,0.9008758140579385,4453,2.027404641111692,0.7964959568733153,742,2.0323354836089162,0.7882,0.8028041679463441,0.08411272734639635,,,0.9737169727513282,,0.9737262185633251,0.026273781436674915,0.9577688618143365,0.400038698581335,5,0.1,0.5,0.6112303399836212,0.6134337582539822,0.6084267508543172,0.6188907574345922,0.6077499874576727,0.6180870446514498,1.0,0.6106185533310345,0.625215568742963,0.5326873228887622,0.6330044454878042,0.6219361238875365
1,7,0.31710935547225066,0.9036707972878185,4277,2.039630221283954,0.7812061711079944,713,2.032336837948321,0.7882,0.8103035626789191,0.08413445458537493,,,0.9743874210641952,,0.974393855730134,0.02560614426986596,0.9577658091974944,0.4000387197434375,5,0.1,0.5,0.6116060827925266,0.6163356039796497,0.6267120604373144,0.6278371652253787,0.6258961154474761,0.6291587506714048,0.6106185533310345,1.0,0.631783386313376,0.5330961799947205,0.6310227322164079,0.6308552507344906
1,8,0.32808718010191046,0.8985710825865827,4129,2.0314421437003394,0.7877906976744186,688,2.032538795242675,0.7874,0.8109262581055836,0.07852853004846351,,,0.8014025953558551,,0.8014206114150896,0.19857938858491042,0.957031676414744,0.39984931217061853,5,0.1,0.5,0.6127439259055505,0.6119907797158408,0.6286127231513043,0.6259312244956524,0.6277411187786529,0.6360161369167902,0.625215568742963,0.631783386313376,1.0,0.5384263701807048,0.6439285169157898,0.6357058121904925
1,9,0.39579083849953134,0.8829792551862035,4001,2.0351084300449918,0.7781109445277361,667,2.0324081689024123,0.7879,0.7088787279215704,0.07848307609787247,,,0.8,,0.8,0.19999999999999996,0.9572963932830967,0.3998430159997702,5,0.1,0.5,0.5163787350415443,0.5101323561750584,0.5271579198225649,0.5267479650053795,0.5298177535648739,0.5346731091827817,0.5326873228887622,0.5330961799947205,0.5384263701807048,1.0,0.5361104886543635,0.5361140817554062
1,10,0.3461366621273585,0.8950887117510928,3889,2.031335172199068,0.8070987654320988,648,2.032334483469637,0.7881,0.8208334089559938,0.0849214026211153,,,0.998670671384056,,0.9986797851513478,0.0013202148486521903,0.9577711437660571,0.40003899108813085,5,0.1,0.5,0.6237166019920675,0.6296414432267392,0.6255289506966518,0.6425849135275346,0.6262603445488635,0.6381380834171799,0.6330044454878042,0.6310227322164079,0.6439285169157898,0.5361104886543635,1.0,0.6433520363435348
1,11,0.3423623597249389,0.8978633605908731,3791,2.042076963186264,0.7642405063291139,632,2.032338760912228,0.7881,0.8143542343484932,0.08404403846541574,,,0.9715974054923868,,0.9716128708398173,0.02838712916018271,0.9577631903152442,0.40003861723370976,5,0.1,0.5,0.6124830130404624,0.6144611572397808,0.6263564346960286,0.6322315854346253,0.6240145320704886,0.6378349295432937,0.6219361238875365,0.6308552507344906,0.6357058121904925,0.5361140817554062,0.6433520363435348,1.0
2,0,0.2367839800308056,0.9286340394448502,8214,1.8331293643907058,0.8911614317019723,1369,1.840561562071974,0.8832,0.7920960577472417,0.08366937886010214,,,0.9687467634125333,,0.9687565885246725,0.0312434114753275,0.9666879827769973,0.4012111352370585,5,0.1,0.5,1.0,0.6078300187841861,0.6064899950483978,0.6031224754769757,0.6066442088282641,0.6083224082563833,0.612274192542435,0.6076703373487548,0.6164339792643628,0.530359253209284,0.6098883625117074,0.6092791926157077
2,1,0.25375280554894614,0.9233039245512625,6574,1.840426972934178,0.8786496350364964,1096,1.8405602035431055,0.8833,0.8043407641152733,0.08399244811609043,,,0.9773503408912501,,0.9773655940966819,0.02263440590331811,0.9666883028211475,0.40121155040095186,5,0.1,0.5,0.6078300187841861,1.0,0.6165020428468393,0.6130689040488662,0.6156863382380096,0.6287806035113941,0.6281423896848602,0.6157838704760666,0.6247968382206468,0.5379599336366612,0.6231308389461366,0.6250264139506393
2,2,0.26037279365594546,0.9224278056372125,5783,1.8373693343131774,0.8651452282157677,964,1.8405587223772042,0.8833,0.8065135765578818,0.08412014681157126,,,0.9807510532776377,,0.9807690376989107,0.019230962301089338,0.9666884894718507,0.40121163358617934,5,0.1,0.5,0.6064899950483978,0.6165020428468393,1.0,0.6218503692908629,0.6221412830839858,0.6202395271566639,0.6277346483145934,0.62118022715976,0.6278825770170815,0.5391761521047685,0.6249684550420503,0.629134003743711
2,3,0.24262231495736325,0.9277473047096653,5287,1.8347495751721519,0.8819523269012486,881,1.8405552535011365,0.8832,0.8081231973838445,0.0846282094966501,,,0.9942811450276221,,0.9942924551980322,0.005707544801967779,0.9666891677406094,0.4012117646235096,5,0.1,0.5,0.6031224754769757,0.6130689040488662,0.6218503692908629,1.0,0.616132366614072,0.6215615853097527,0.6313468540714522,0.6302942299787975,0.633925626574611,0.5400273070235632,0.6297239140288149,0.628939535868948
2,4,0.2820370842083808,0.9152178318135765,4935,1.839238519851978,0.8722627737226277,822,1.8405583220929764,0.8832,0.8057353036384205,0.08375592290941593,,,0.9710514965921585,,0.9710707293810552,0.02892927061894479,0.9666831500609984,0.40121128155993,5,0.1,0.5,0.6066442088282641,0.6156863382380096,0.6221412830839858,0.616132366614072,1.0,0.6206625960715249,0.6244901985405505,0.6237311210364168,0.6281573332720731,0.5488718630370436,0.6232631663678765,0.6231112036346553
2,5,0.26776282880646624,0.9190057853010499,4667,1.8409831285476685,0.9074550128534704,778,1.8405594997131787,0.8833,0.8112089195573433,0.08421680815812486,,,0.9833252176985976,,0.9833391897997088,0.0166608102002912,0.9666888084063914,0.4012116797554164,5,0.1,0.5,0.6083224082563833,0.6287806035113941,0.6202395271566639,0.6215615853097527,0.6206625960715249,1.0,0.6261176645561741,0.6252815914133675,0.6345276216931995,0.5430512779064643,0.6407066291602703,0.6338288949628642
2,6,0.2924458432304008,0.9121491129575567,4453,1.8339783648649852,0.8787061994609164,742,1.8405577866033243,0.8833,0.814178201270743,0.08427437608835296,,,0.9848582950150747,,0.9848652176095578,0.015134782390442192,0.9666889047890467,0.40121170145019575,5,0.1,0.5,0.612274192542435,0.6281423896848602,0.6277346483145934,0.6313468540714522,0.6244901985405505,0.6261176645561741,1.0,0.6311792963206807,0.6349669875006955,0.5556590308018464,0.6278890745375677,0.6327995358942275
2,7,0.28656838375018606,0.9153612345101707,4277,1.8527907703233801,0.8779803646563815,713,1.8405600142555114,0.8833,0.8115259931191372,0.08419614299948834,,,0.9827748889683214,,0.982787008684303,0.01721299131569698,0.9666888098762122,0.4012116709541205,5,0.1,0.5,0.6076703373487548,0.6157838704760666,0.62118022715976,0.6302942299787975,0.6237311210364168,0.6252815914133675,0.6311792963206807,1.0,0.6390930626098396,0.5419197351187772,0.6319216510035968,0.6385170824866259
2,8,0.28708141408155474,0.9124727536933882,4129,1.8389086235653271,0.8968023255813954,688,1.8408388878209903,0.8828,0.8176666075598562,0.08068964985667301,,,0.8893943370476068,,0.8894031424125295,0.11059685758747051,0.9661540462724079,0.4011756175215799,5,0.1,0.5,0.6164339792643628,0.6247968382206468,0.6278825770170815,0.633925626574611,0.6281573332720731,0.6345276216931995,0.6349669875006955,0.6390930626098396,1.0,0.555644947194093,0.6462668632452492,0.6482227998851836
2,9,0.36017950657341213,0.8965258685328668,4001,1.8423520496913366,0.8875562218890555,667,1.8406600476073,0.883,0.7224429435522519,0.0773328413626506,,,0.8,,0.8,0.19999999999999996,0.9659456407947203,0.4009807087759368,5,0.1,0.5,0.530359253209284,0.5379599336366612,0.5391761521047685,0.5400273070235632,0.5488718630370436,0.5430512779064643,0.5556590308018464,0.5419197351187772,0.555644947194093,1.0,0.5464313752201304,0.5447801792385831
2,10,0.3038038946123275,0.9072769349447158,3889,1.8422898678552537,0.875,648,1.8405558800164121,0.8832,0.8150887351219391,0.08484295577132456,,,0.9999999999733692,,1.0,0.0,0.9666891342346781,0.4012117692168817,5,0.1,0.5,0.6098883625117074,0.6231308389461366,0.6249684550420503,0.6297239140288149,0.6232631663678765,0.6407066291602703,0.6278890745375677,0.6319216510035968,0.6462668632452492,0.5464313752201304,1.0,0.6336691943346889
2,11,0.30318511764855444,0.9086256924294381,3791,1.8541021645069122,0.8860759493670886,632,1.84056100296898,0.8833,0.8156763194386147,0.08428111956955582,,,0.9850378789956908,,0.9850559710857889,0.014944028914211094,0.9666878106155865,0.40121170555674507,5,0.1,0.5,0.6092791926157077,0.6250264139506393,0.629134003743711,0.628939535868948,0.6231112036346553,0.6338288949628642,0.6327995358942275,0.6385170824866259,0.6482227998851836,0.5447801792385831,0.6336691943346889,1.0
3,0,0.22194781637957123,0.9328950572193816,8214,1.6035216298214225,0.929145361577794,1369,1.6143855580125754,0.9149,0.7909664998169759,0.08312095017062751,,,0.9478688890413632,,0.9478791225340093,0.0521208774659907,0.9699450004439341,0.40171398258683033,5,0.1,0.5,1.0,0.610159548166522,0.6107766811485243,0.6045399139293494,0.6087723648729023,0.614789947722413,0.6015148768501376,0.5944781288252158,0.6010965343653343,0.5944275391213966,0.5950149412272248,0.5881401657177593
3,1,0.23588709893175266,0.9284453909339824,6574,1.6134424107415335,0.906934306569343,1096,1.6143702618991986,0.9149,0.7994304858823662,0.08363078551840349,,,0.9675763804489989,,0.9675919883539983,0.03240801164600171,0.9699456669946142,0.4017166516486944,5,0.1,0.5,0.610159548166522,1.0,0.6113166762818031,0.6143782861114874,0.606891205946446,0.6145035803603797,0.6029599442438311,0.6067563732853187,0.6075855147127394,0.6054807652243259,0.6155863267260129,0.6082952000121983
3,2,0.23801579107144508,0.9289642054297078,5783,1.6095879308639034,0.9035269709543569,964,1.6143673186104137,0.915,0.8055747228569375,0.08393002258962305,,,0.9791432755958942,,0.9791526529792681,0.020847347020731877,0.9699465565537426,0.4017171520775408,5,0.1,0.5,0.6107766811485243,0.6113166762818031,1.0,0.6126150229044838,0.6143412866142167,0.6185466395895701,0.6129066235501276,0.6135087830306688,0.621971563120924,0.6178717390515359,0.6203969323762418,0.6093156825773807
3,3,0.21850221993693386,0.9334594287875922,5287,1.6065860560962133,0.9160045402951191,881,1.6143610397466837,0.915,0.8065932314667276,0.08430262204118359,,,0.9935459656450465,,0.993559560263039,0.006440439736960957,0.9699476596332314,0.4017173245627698,5,0.1,0.5,0.6045399139293494,0.6143782861114874,0.6126150229044838,1.0,0.6106711517812368,0.6225052671899801,0.6180784227525782,0.6147647987191788,0.6209762400606527,0.6160889694403155,0.6239574601429722,0.6121000235482396
3,4,0.2574384439448195,0.9227558257345492,4935,1.6133550176253686,0.9184914841849149,822,1.6143654508712573,0.9149,0.8008245938403323,0.08352255437778401,,,0.9633927468835715,,0.9634004317052357,0.036599568294764295,0.9699435459029173,0.401716295549299,5,0.1,0.5,0.6087723648729023,0.606891205946446,0.6143412866142167,0.6106711517812368,1.0,0.6118378123988886,0.6088128345498836,0.6177903841598631,0.6166685292660882,0.6131548360545004,0.606528894128436,0.6039377185681603
3,5,0.24145505521063731,0.9291622026998072,4667,1.6149678707122803,0.9305912596401028,778,1.6143656119751855,0.915,0.810961799224422,0.0841822340576966,,,0.9888924139434982,,0.9889011595803423,0.011098840419657696,0.9699476566424112,0.4017173050733332,5,0.1,0.5,0.614789947722413,0.6145035803603797,0.6185466395895701,0.6225052671899801,0.6118378123988886,1.0,0.6221606298875888,0.6165987009819643,0.6306027819940633,0.6186889400096817,0.625705328847614,0.6189317551298843
3,6,0.2667954073620162,0.9202335504154503,4453,1.6061011652151744,0.9097035040431267,742,1.614364597363213,0.915,0.8049410084449575,0.08401020920680141,,,0.9822428587769025,,0.9822549068821846,0.017745093117815358,0.9699465942891055,0.40171722060883475,5,0.1,0.5,0.6015148768501376,0.6029599442438311,0.6129066235501276,0.6180784227525782,0.6088128345498836,0.6221606298875888,1.0,0.61432947236148,0.6260843742739284,0.6201839950582055,0.6141253792457069,0.6159201435756165
3,7,0.26227055496967105,0.9215337853635726,4277,1.632371099098869,0.9032258064516129,713,1.6143699975821157,0.915,0.8025117703120291,0.08387349477880747,,,0.9769582145741347,,0.9769740474875759,0.02302595251242412,0.9699460402222737,0.40171708572838144,5,0.1,0.5,0.5944781288252158,0.6067563732853187,0.6135087830306688,0.6147647987191788,0.6177903841598631,0.6165987009819643,0.61432947236148,1.0,0.617118299066986,0.6119002589208733,0.6165565221202652,0.6094227511761915
3,8,0.26372464560223025,0.9199321869702107,4129,1.6115821599960327,0.9156976744186046,688,1.614766448831406,0.915,0.8100197899251876,0.08180949862097567,,,0.8971752283153306,,0.8971939159680739,0.10280608403192615,0.9698273374000312,0.40168747715962716,5,0.1,0.5,0.6010965343653343,0.6075855147127394,0.621971563120924,0.6209762400606527,0.6166685292660882,0.6306027819940633,0.6260843742739284,0.617118299066986,1.0,0.6288052359119256,0.628254299331083,0.6229250070157252
3,9,0.27019788165801273,0.9164708822794302,4001,1.6164623215084983,0.9160419790104948,667,1.6146206813879287,0.9149,0.801796987538173,0.0792955629150765,,,0.8,,0.8,0.19999999999999996,0.9691532170637972,0.4014619693704039,5,0.1,0.5,0.5944275391213966,0.6054807652243259,0.6178717390515359,0.6160889694403155,0.6131548360545004,0.6186889400096817,0.6201839950582055,0.6119002589208733,0.6288052359119256,1.0,0.6199079578720359,0.6119516560010334
3,10,0.275196645622615,0.9172537927487786,3889,1.6185695727666218,0.904320987654321,648,1.6143616102754879,0.915,0.8072951808201618,0.0844695887424317,,,0.9999999999613454,,1.0,0.0,0.9699481130456922,0.40171732984915,5,0.1,0.5,0.5950149412272248,0.6155863267260129,0.6203969323762418,0.6239574601429722,0.606528894128436,0.625705328847614,0.6141253792457069,0.6165565221202652,0.628254299331083,0.6199079578720359,1.0,0.6109278692814208
3,11,0.27201813919735807,0.9177525718807702,3791,1.6319643139839173,0.9177215189873418,632,1.6143690374331734,0.9149,0.8002952402806962,0.08385247698058913,,,0.9761457795799701,,0.9761608352994328,0.02383916470056724,0.9699459269697075,0.4017170638395448,5,0.1,0.5,0.5881401657177593,0.6082952000121983,0.6093156825773807,0.6121000235482396,0.6039377185681603,0.6189317551298843,0.6159201435756165,0.6094227511761915,0.6229250070157252,0.6119516560010334,0.6109278692814208,1.0
4,0,0.20599745619092644,0.9379595812028244,8214,1.3678362813106804,0.9401022644265887,1369,1.3819281708318205,0.9272,0.7784177638202633,0.08329265335848209,,,0.9689273882896972,,0.9689373023442598,0.031062697655740212,0.9675293202737804,0.3881704527853182,5,0.1,0.5,1.0,0.5811241281616327,0.5879936687557977,0.5902945648080347,0.5820144682259135,0.583397122833004,0.577832650357562,0.5774543789195401,0.588989667545335,0.40317306194213237,0.5923613220324919,0.5795038407418592
4,1,0.22029077590135768,0.9346516580468512,6574,1.3798019443239484,0.9206204379562044,1096,1.3819104128371413,0.9272,0.7874578535049341,0.08395423364059192,,,0.9811984146200114,,0.9812107825912354,0.018789217408764602,0.9675319911936774,0.3881709970983866,5,0.1,0.5,0.5811241281616327,1.0,0.5919743429343546,0.5957664008751054,0.6044244214136578,0.598636835795486,0.5863720730694548,0.5870395703056656,0.5934946298965538,0.40905439444119374,0.5971378718916035,0.5806353548412255
4,2,0.22228291474941356,0.9331143005360539,5783,1.375665714663844,0.91701244813278,964,1.3819089956557788,0.9272,0.7942950623496984,0.08439663216969161,,,0.9894040461145932,,0.9894131820691733,0.01058681793082672,0.9675351854724655,0.3881711069807258,5,0.1,0.5,0.5879936687557977,0.5919743429343546,1.0,0.6055529629783912,0.5963084250243574,0.6033993552065683,0.5881432316816884,0.5956656891071975,0.5984012584713204,0.4157578423134945,0.6062344323341148,0.5984426761490514
4,3,0.20319182443297862,0.9398902969547948,5287,1.3720197592462813,0.9307604994324631,881,1.3819022734706012,0.9272,0.800115108818928,0.08485233944686381,,,0.9978565289776897,,0.9978665729632047,0.00213342703679531,0.9675352336059159,0.3881711331363784,5,0.1,0.5,0.5902945648080347,0.5957664008751054,0.6055529629783912,1.0,0.5974633827355539,0.6021906536266,0.5996131562607472,0.6017987198005483,0.6098660928868559,0.42669971203767654,0.609906654537502,0.601716577052106
4,4,0.23685803706006658,0.9264437689969605,4935,1.3812337655287523,0.927007299270073,822,1.3819027861086324,0.9272,0.793071112890371,0.08407988956034801,,,0.9835290873162557,,0.9835450027609056,0.016454997239094382,0.9675320203702845,0.3881710433907974,5,0.1,0.5,0.5820144682259135,0.6044244214136578,0.5963084250243574,0.5974633827355539,1.0,0.600821349876745,0.5926968220851331,0.5977957278635819,0.6026186664201834,0.41846448641540746,0.5936622756996526,0.5926012928574909
4,5,0.22447949156726468,0.9331476323119777,4667,1.3815173673629761,0.9357326478149101,778,1.381906313637194,0.9272,0.797602676731196,0.08468277346735004,,,0.994711410152952,,0.9947191406053913,0.00528085939460865,0.9675349268511922,0.3881711304104051,5,0.1,0.5,0.583397122833004,0.598636835795486,0.6033993552065683,0.6021906536266,0.600821349876745,1.0,0.5900600870375328,0.6001279065919752,0.6117305832853328,0.41089141131076445,0.6142883870140314,0.6017702353607797
4,6,0.24910024132845657,0.927060408713227,4453,1.3733951846758525,0.9245283018867925,742,1.3819035596360032,0.9272,0.7835845166451101,0.08407207668295696,,,0.9833841736500332,,0.9833944079112494,0.016605592088750565,0.9675340842915292,0.38817103885831333,5,0.1,0.5,0.577832650357562,0.5863720730694548,0.5881432316816884,0.5996131562607472,0.5926968220851331,0.5900600870375328,1.0,0.5756023758477231,0.591258432897014,0.410086256023056,0.5883090181698327,0.5879644920465629
4,7,0.2330672749957598,0.9281739537058686,4277,1.4044595386670984,0.9172510518934082,713,1.3819116620590892,0.9272,0.789298445403659,0.08418217029295967,,,0.985426195795606,,0.985442497866573,0.014557502133426992,0.9675345729472152,0.38817106797935363,5,0.1,0.5,0.5774543789195401,0.5870395703056656,0.5956656891071975,0.6017987198005483,0.5977957278635819,0.6001279065919752,0.5756023758477231,1.0,0.6015735451707425,0.40931448141282994,0.5984646914003616,0.5967903246520104
4,8,0.23982563449178437,0.928118188423347,4129,1.379132249138572,0.9302325581395349,688,1.3823481927664516,0.9273,0.799122639077156,0.08314382825116082,,,0.9661669722677335,,0.9661814165955525,0.033818583404447544,0.9674611338905964,0.3881702641446765,5,0.1,0.5,0.588989667545335,0.5934946298965538,0.5984012584713204,0.6098660928868559,0.6026186664201834,0.6117305832853328,0.591258432897014,0.6015735451707425,1.0,0.4214543960498734,0.6184410661169301,0.6050912802245106
4,9,0.34168913557271785,0.9051737065733566,4001,1.3858097110475813,0.9250374812593704,667,1.3824174468890547,0.9274,0.5932979968514411,0.07418509982608644,,,0.8,,0.8,0.19999999999999996,0.9666717828794955,0.3879134170507093,5,0.1,0.5,0.40317306194213237,0.40905439444119374,0.4157578423134945,0.42669971203767654,0.41846448641540746,0.41089141131076445,0.410086256023056,0.40931448141282994,0.4214543960498734,1.0,0.4250333145744726,0.40564345213534286
4,10,0.2547342593537369,0.9244535870403703,3889,1.3882549433481126,0.9274691358024691,648,1.3819028481888695,0.9272,0.8002139184480093,0.08496790257200029,,,0.999999999981452,,1.0,0.0,0.9675352671770282,0.38817113334173114,5,0.1,0.5,0.5923613220324919,0.5971378718916035,0.6062344323341148,0.609906654537502,0.5936622756996526,0.6142883870140314,0.5883090181698327,0.5984646914003616,0.6184410661169301,0.4250333145744726,1.0,0.597266865379937
4,11,0.2493474182132788,0.9266684252176207,3791,1.4030125379562377,0.9240506329113924,632,1.3819093753735479,0.9272,0.7899307577201709,0.0841904007315084,,,0.9855788544084343,,0.985598112544551,0.014401887455449014,0.9675345339783689,0.3881710713855737,5,0.1,0.5,0.5795038407418592,0.5806353548412255,0.5984426761490514,0.601716577052106,0.5926012928574909,0.6017702353607797,0.5879644920465629,0.5967903246520104,0.6050912802245106,0.40564345213534286,0.597266865379937,1.0
5,0,0.19385672917459087,0.9409057706355004,8214,1.1425075600313586,0.9488677867056245,1369,1.1594832491950866,0.9366,0.7724753468294472,0.08402299170738413,,,0.9772240833341894,,0.9772350785603132,0.02276492143968678,0.9621572166584783,0.3762828340189204,5,0.1,0.5,1.0,0.5838401799949685,0.5749668635920083,0.5722339314511,0.5675817018047763,0.5739727492390925,0.570699655488391,0.5619352252536671,0.28406160704349853,0.5539876271098,0.566495810810866,0.5640494344466732
5,1,0.20334954913276093,0.9379981746273197,6574,1.1560024227414811,0.9343065693430657,1096,1.1594635312930464,0.9366,0.7824474134246526,0.08482724871149493,,,0.9896453947968311,,0.9896541338286231,0.010345866171376894,0.9621621301912359,0.37628312080195164,5,0.1,0.5,0.5838401799949685,1.0,0.5833377059734614,0.5697313546288276,0.5871285709173429,0.5769353896791949,0.5824517401176986,0.5710915304282834,0.28476490084934636,0.5683012912445081,0.5779133062211553,0.5758267946048036
5,2,0.2076823988594938,0.9380252464118969,5783,1.1531168299336587,0.9273858921161826,964,1.1594621491508361,0.9366,0.7811622374193604,0.08508129027980563,,,0.9935689284786223,,0.9935796395763264,0.0064203604236735545,0.9621639679540634,0.37628314229921694,5,0.1,0.5,0.5749668635920083,0.5833377059734614,1.0,0.5766154495921556,0.5721760091408112,0.57372474733336,0.5772113975476802,0.5749582434039258,0.286244932269075,0.5689921916889186,0.584010433376505,0.575294936808325
5,3,0.18742647903062493,0.9434083601286174,5287,1.1483302414417267,0.9387060158910329,881,1.159455980165317,0.9366,0.7815372355630866,0.08540358532315563,,,0.9985465999143124,,0.998559309271623,0.0014406907283770476,0.9621636359265855,0.37628314898498577,5,0.1,0.5,0.5722339314511,0.5697313546288276,0.5766154495921556,1.0,0.5766334180722891,0.578439032258072,0.5799109017915446,0.5721866083390477,0.28607468270257896,0.570211756426735,0.5848087082194192,0.5817973554202797
5,4,0.2190573050478293,0.9339412360688957,4935,1.159416519678556,0.9330900243309003,822,1.1594547749327395,0.9366,0.7809393925965272,0.08485862544023431,,,0.990129991285713,,0.9901510968324884,0.009848903167511636,0.9621621543482711,0.3762831246505199,5,0.1,0.5,0.5675817018047763,0.5871285709173429,0.5721760091408112,0.5766334180722891,1.0,0.5737660968282298,0.5796161674076449,0.5841395428239393,0.28158539178974,0.5733638975582148,0.5742234951740441,0.5774239637442231
5,5,0.20750069113779965,0.9393614741804157,4667,1.1586824369430542,0.9421593830334191,778,1.1594598641791665,0.9366,0.7838463624591273,0.08537102461721456,,,0.9980437175422967,,0.9980573264394358,0.001942673560564212,0.9621637068512509,0.37628314883091996,5,0.1,0.5,0.5739727492390925,0.5769353896791949,0.57372474733336,0.578439032258072,0.5737660968282298,1.0,0.5849567998071791,0.5794782530070055,0.2848833760278049,0.5775655324066987,0.5848253351987455,0.582494759494492
5,6,0.2248667871233608,0.9308331461935774,4453,1.1506307671467464,0.9353099730458221,742,1.159456455859894,0.9366,0.7840601144908691,0.08496467037964062,,,0.9917677976270566,,0.9917825410370965,0.00821745896290349,0.9621622660892282,0.3762831346163949,5,0.1,0.5,0.570699655488391,0.5824517401176986,0.5772113975476802,0.5799109017915446,0.5796161674076449,0.5849567998071791,1.0,0.5763526296636906,0.28236724272045777,0.5799286533427983,0.5763985141694473,0.5863648946354529
5,7,0.21768323680413748,0.9364975450081833,4277,1.1856291838314221,0.9270687237026648,713,1.159465010745076,0.9366,0.7774329619417952,0.08480285725776888,,,0.989268682076632,,0.9892776467044827,0.010722353295517295,0.9621631919233986,0.3762831170504314,5,0.1,0.5,0.5619352252536671,0.5710915304282834,0.5749582434039258,0.5721866083390477,0.5841395428239393,0.5794782530070055,0.5763526296636906,1.0,0.2760886244884622,0.5641714452397547,0.574908800179586,0.579196490397656
5,8,0.4637824403572505,0.8947929280697505,4129,1.1564285917715593,0.934593023255814,688,1.1599707849109515,0.9362,0.4536782425218307,0.07254805922965656,,,0.8,,0.8,0.19999999999999996,0.9615079308040096,0.3760045988387283,5,0.1,0.5,0.28406160704349853,0.28476490084934636,0.286244932269075,0.28607468270257896,0.28158539178974,0.2848833760278049,0.28236724272045777,0.2760886244884622,1.0,0.27394834846384436,0.2735196578887533,0.28429425519920865
5,9,0.23148836842719614,0.9296175956010997,4001,1.1634513111341567,0.9370314842578711,667,1.1599407820655896,0.9363,0.7673805892700054,0.07766737238901321,,,0.8790650039752832,,0.87907735555444,0.12092264444556,0.9614998917601941,0.37622607110011524,5,0.1,0.5,0.5539876271098,0.5683012912445081,0.5689921916889186,0.570211756426735,0.5733638975582148,0.5775655324066987,0.5799286533427983,0.5641714452397547,0.27394834846384436,1.0,0.5783410084784498,0.56747205147217
5,10,0.23258474531476614,0.928824890717408,3889,1.166981611933027,0.9459876543209876,648,1.1594565009918456,0.9366,0.7819791544538853,0.08549769029667503,,,0.9999999999845555,,1.0,0.0,0.9621636051244814,0.3762831491208207,5,0.1,0.5,0.566495810810866,0.5779133062211553,0.584010433376505,0.5848087082194192,0.5742234951740441,0.5848253351987455,0.5763985141694473,0.574908800179586,0.2735196578887533,0.5783410084784498,1.0,0.5772869455874305
5,11,0.22687976027158002,0.9310999736217357,3791,1.1838355600833892,0.9256329113924051,632,1.15946188121558,0.9366,0.7815292621094972,0.08495458436795647,,,0.9916120246690292,,0.9916269263591185,0.008373073640881468,0.9621632530279502,0.3762831341222506,5,0.1,0.5,0.5640494344466732,0.5758267946048036,0.575294936808325,0.5817973554202797,0.5774239637442231,0.582494759494492,0.5863648946354529,0.579196490397656,0.28429425519920865,0.56747205147217,0.5772869455874305,1.0
6,0,0.1832591106941206,0.9442171901631361,8214,0.9142649423244388,0.9517896274653032,1369,0.9338981632988292,0.9422,0.7602982906779071,0.08383837519901995,,,0.9672415118336579,,0.9672556598564329,0.032744340143567086,0.9606290526175462,0.3799839586526197,5,0.1,0.5,1.0,0.5559075723488921,0.5551541224660176,0.5487105973498273,0.5423541447581472,0.552306396922984,0.543504561479227,0.5446864922095828,0.529987250409503,0.46184930836874344,0.5460997389568644,0.5411731914833634
6,1,0.19394348327350774,0.9418618801338606,6574,0.9302463020597186,0.9452554744525548,1096,0.9338854122847414,0.9422,0.7711590847709695,0.08476833788689661,,,0.9867398311176998,,0.9867526730585814,0.013247326941418613,0.9606373746446933,0.37998487750117815,5,0.1,0.5,0.5559075723488921,1.0,0.5587263146966527,0.5531841418668153,0.5622724701532548,0.5670802363765873,0.5561049586020256,0.54552002833068,0.5432314126212322,0.46731055769632607,0.5547601638911916,0.5528559895384845
6,2,0.18714832874498644,0.9443195573231886,5783,0.9275956250006153,0.9325726141078838,964,0.9338842929361727,0.9422,0.7693541756776971,0.08487583811666843,,,0.9889937643459078,,0.9890015561467798,0.010998443853220241,0.9606379237904569,0.3799849049130238,5,0.1,0.5,0.5551541224660176,0.5587263146966527,1.0,0.5548053661027305,0.5471989810835131,0.5546502840257832,0.5554050881476355,0.5436484088978256,0.542839312518086,0.46418834963002903,0.5684918410645601,0.553991213459191
6,3,0.17108924510911197,0.9486287119349347,5287,0.921078045453344,0.9466515323496028,881,0.9338773308089747,0.9422,0.7721482839015569,0.08519307642050934,,,0.9956452287735197,,0.9956628683299031,0.004337131670096861,0.9606389946958704,0.37998494319717735,5,0.1,0.5,0.5487105973498273,0.5531841418668153,0.5548053661027305,1.0,0.5540574501870206,0.5661930798211724,0.5579261774590993,0.5515181826918317,0.5494337806338154,0.46383115247031526,0.5638350650556351,0.5597584321076571
6,4,0.20988135054587356,0.9373049645390071,4935,0.9344989703251765,0.9391727493917275,822,0.9338750029905155,0.9422,0.767102182382311,0.08464522553737797,,,0.9841585620732353,,0.9841724813011395,0.015827518698860454,0.9606375859209829,0.37998482959077184,5,0.1,0.5,0.5423541447581472,0.5622724701532548,0.5471989810835131,0.5540574501870206,1.0,0.5558814567320046,0.5535180829888112,0.5510243214718459,0.5472840314687247,0.4708112049003493,0.5552239898097668,0.5416927519070808
6,5,0.1894846185289119,0.9432183415470323,4667,0.9333006453514099,0.9498714652956298,778,0.9338813521229802,0.9422,0.7786054417183529,0.0854007750778332,,,0.9999999999790332,,1.0,0.0,0.9606389834801228,0.37998494530999516,5,0.1,0.5,0.552306396922984,0.5670802363765873,0.5546502840257832,0.5661930798211724,0.5558814567320046,1.0,0.5589028894434014,0.5612036318025968,0.562367637617843,0.470008881063367,0.5739303809193401,0.5610919005463765
6,6,0.21280238698037074,0.9369413878284303,4453,0.9243576700488726,0.9407008086253369,742,0.9338783617979421,0.9422,0.7677431663024398,0.08473970417445666,,,0.9861394744854177,,0.9861553134882787,0.013844686511721327,0.9606379707598487,0.37998486864559416,5,0.1,0.5,0.543504561479227,0.5561049586020256,0.5554050881476355,0.5579261774590993,0.5535180829888112,0.5589028894434014,1.0,0.5468061161184741,0.5432451295654104,0.46207506297007633,0.5547980532058766,0.5528213014884839
6,7,0.20301192890741487,0.9400046761748889,4277,0.9618551990260249,0.9284712482468443,713,0.9338840906993269,0.9422,0.7634107981691088,0.0844762144290098,,,0.9806149440372938,,0.9806335023342202,0.019366497665779803,0.9606361589031007,0.3799847374971853,5,0.1,0.5,0.5446864922095828,0.54552002833068,0.5436484088978256,0.5515181826918317,0.5510243214718459,0.5612036318025968,0.5468061161184741,1.0,0.5451926831953329,0.4512511418364429,0.555512875090923,0.550236885918444
6,8,0.22271084402231142,0.9319932186970211,4129,0.9304158254103227,0.9418604651162791,688,0.9345530616208768,0.942,0.7540989068666654,0.07586187406557734,,,0.8,,0.8,0.19999999999999996,0.9596162662439108,0.37970335052591686,5,0.1,0.5,0.529987250409503,0.5432314126212322,0.542839312518086,0.5494337806338154,0.5472840314687247,0.562367637617843,0.5432451295654104,0.5451926831953329,1.0,0.4679489201519918,0.5519807876821063,0.5466888082252543
6,9,0.2685549992526787,0.9241689577605599,4001,0.9405000947770619,0.9400299850074962,667,0.9345120029708448,0.9422,0.6656260884948524,0.0761747160557363,,,0.8065592879037995,,0.8065809949299734,0.19341900507002663,0.9599817898629642,0.37973334973205536,5,0.1,0.5,0.46184930836874344,0.46731055769632607,0.46418834963002903,0.46383115247031526,0.4708112049003493,0.470008881063367,0.46207506297007633,0.4512511418364429,0.4679489201519918,1.0,0.4696975360654205,0.45816696271863133
6,10,0.21805326405179792,0.9359218308048342,3889,0.9418434727759588,0.9490740740740741,648,0.9338777866988136,0.9422,0.7747582975425567,0.08534953093727259,,,0.9989255755670512,,0.9989357963957632,0.0010642036042367575,0.9606389847990082,0.37998494527448423,5,0.1,0.5,0.5460997389568644,0.5547601638911916,0.5684918410645601,0.5638350650556351,0.5552239898097668,0.5739303809193401,0.5547980532058766,0.555512875090923,0.5519807876821063,0.4696975360654205,1.0,0.5525873523436349
