round,client_id,client_i_training_loss,client_i_training_accuracy,client_i_training_dataset_size,client_i_evaluation_loss,client_i_evaluation_accuracy,client_i_evaluation_dataset_size,client_i_central_evaluation_loss,client_i_central_evaluation_accuracy,client_i_cosine_similarity,client_i_importance_coefficient,client_i_tanh_val,tanh_normalization_value,client_i_q,client_i_mask_order,client_i_v_nonzero_fraction,client_i_v_sparsity,client_i_v_cosine_similarity,client_i_reward_gradient_norm,local_epochs,learning_rate,gamma,client_0_cosine_similarity,client_1_cosine_similarity,client_2_cosine_similarity,client_3_cosine_similarity,client_4_cosine_similarity,client_5_cosine_similarity,client_6_cosine_similarity,client_7_cosine_similarity,client_8_cosine_similarity,client_9_cosine_similarity,client_10_cosine_similarity,client_11_cosine_similarity
0,0,2.2121753167223046,0.18422205989773557,6845,2.2976572513580322,0.09788166544923302,1369,2.2984413647953468,0.0997,0.8801863090115362,0.0776900506123367,,,0.55,,0.5500404350481095,0.4499595649518905,0,0.14095906648319428,10,0.025,0.15,1.0,0.9397654455398954,0.8569132671879212,0.8443072938483317,0.804299013018271,0.7852237744828017,0.7645474705765203,0.7505676623509361,0.764211428048913,0.7491949796853297,0.7067521400047946,0.7283576404592793
0,1,2.235706592437833,0.16206644760861627,5478,2.2983576456705728,0.10218978102189781,1096,2.2984071985075745,0.0997,0.9396296120193054,0.08293684117469426,,,0.8437607392676192,,0.8438134376392533,0.15618656236074668,0,0.1412229393951508,10,0.025,0.15,0.9397654455398954,1.0,0.9359962046451599,0.9124774494879848,0.8852401307819235,0.8623514080357932,0.8448915910734252,0.8193620684165461,0.8491329724870952,0.8293454820932906,0.7772342834945043,0.8027996416662756
0,2,2.2759499054206045,0.14466804979253112,4820,2.2981098294258118,0.0975103734439834,964,2.298406606988062,0.0997,0.9679551111036319,0.08543700441848788,,,0.983741513048788,,0.983784720503045,0.016215279496955004,0,0.14122775475882468,10,0.025,0.15,0.8569132671879212,0.9359962046451599,1.0,0.9573189484122537,0.9383797835866555,0.9144846349099369,0.9159073308683383,0.881323167071884,0.9170672476712975,0.8868518639175804,0.8370853729142519,0.87244960079717
0,3,2.2818221058164325,0.1386745347253745,4406,2.2991435868399486,0.10329171396140749,881,2.298406588880322,0.0997,0.9712450611676537,0.0857273933786081,,,0.9999999999440113,,1.0,0.0,0,0.14122775691995543,10,0.025,0.15,0.8443072938483317,0.9124774494879848,0.9573189484122537,1.0,0.9334363488193239,0.9219655447069981,0.9261850130848686,0.8937766082675322,0.9270457161044413,0.9165036158266218,0.8687640379432535,0.8916060499416302
0,4,2.2883341442454945,0.13195525291828794,4112,2.2993033272879466,0.10583941605839416,822,2.2984066100060185,0.0997,0.9680213633266286,0.08544285220151417,,,0.9840689225469301,,0.9841065504777937,0.015893449522206282,0,0.14122775476682572,10,0.025,0.15,0.804299013018271,0.8852401307819235,0.9383797835866555,0.9334363488193239,1.0,0.9600190684122288,0.9283883083466496,0.9327314936784344,0.9198188129406486,0.9036319980392629,0.9053802827571203,0.9030866892765311
0,5,2.290627747197305,0.12910773977886347,3889,2.295902831213815,0.09383033419023136,778,2.298406613023975,0.0997,0.9632135979754582,0.08501849257487543,,,0.960309598412461,,0.9603406446501955,0.03965935534980447,0,0.14122772898959884,10,0.025,0.15,0.7852237744828017,0.8623514080357932,0.9144846349099369,0.9219655447069981,0.9600190684122288,1.0,0.9307342774363173,0.9451565617674865,0.9174405916502733,0.9169063707105887,0.9312387920266078,0.9130219891736227
0,6,2.292518980749722,0.13381837779574238,3711,2.2990281184514365,0.1091644204851752,742,2.298406622077845,0.0997,0.9568687873717249,0.0844584649399497,,,0.9289544051584431,,0.9289911042894159,0.07100889571058411,0,0.1412274944217788,10,0.025,0.15,0.7645474705765203,0.8448915910734252,0.9159073308683383,0.9261850130848686,0.9283883083466496,0.9307342774363173,1.0,0.9335074515041469,0.9445950332348885,0.9325516080660265,0.9122431819816352,0.9171104755312338
0,7,2.2937575927802496,0.11526374859708192,3564,2.2970542112986245,0.09957924263674614,713,2.2984072498128385,0.0997,0.9429035038333392,0.0832258127459713,,,0.8599398684698958,,0.8599874568830355,0.14001254311696454,0,0.14122381070130233,10,0.025,0.15,0.7505676623509361,0.8193620684165461,0.881323167071884,0.8937766082675322,0.9327314936784344,0.9451565617674865,0.9335074515041469,1.0,0.9298137662011822,0.9180006984967921,0.9111807927185227,0.8937633106639906
0,8,2.292300217239945,0.11485033420517292,3441,2.297888239224752,0.1002906976744186,688,2.298407301118102,0.0997,0.9502457268526353,0.08387387744788283,,,0.8962241385706713,,0.8962552194220264,0.10374478057797365,0,0.14122531402413263,10,0.025,0.15,0.764211428048913,0.8491329724870952,0.9170672476712975,0.9270457161044413,0.9198188129406486,0.9174405916502733,0.9445950332348885,0.9298137662011822,1.0,0.9192442162089683,0.8702171116611933,0.9024001535641647
0,9,2.2934954069278857,0.12054589082183563,3334,2.297943115234375,0.10494752623688156,667,2.2984072498128385,0.0997,0.9425941541161218,0.08319850785047193,,,0.8584111041344059,,0.8584608275156377,0.14153917248436232,0,0.14122375842605814,10,0.025,0.15,0.7491949796853297,0.8293454820932906,0.8868518639175804,0.9165036158266218,0.9036319980392629,0.9169063707105887,0.9325516080660265,0.9180006984967921,0.9192442162089683,1.0,0.9135090550684632,0.9235554877006551
0,10,2.2962770296977117,0.12273989509410675,3241,2.2975020011266074,0.08333333333333333,648,2.298408420780037,0.0997,0.917203211426628,0.08095736458063739,,,0.7329325099487399,,0.732963641464904,0.267036358535096,0,0.14120196669712143,10,0.025,0.15,0.7067521400047946,0.7772342834945043,0.8370853729142519,0.8687640379432535,0.9053802827571203,0.9312387920266078,0.9122431819816352,0.9111807927185227,0.8702171116611933,0.9135090550684632,1.0,0.9376068842935233
0,11,2.2953062648773193,0.12659069325735992,3159,2.298432445526123,0.09651898734177215,632,2.298408031463623,0.0997,0.9293934099237909,0.08203333807457025,,,0.7931748171751325,,0.7932118631479923,0.2067881368520077,0,0.14121530315755887,10,0.025,0.15,0.7283576404592793,0.8027996416662756,0.87244960079717,0.8916060499416302,0.9030866892765311,0.9130219891736227,0.9171104755312338,0.8937633106639906,0.9024001535641647,0.9235554877006551,0.9376068842935233,1.0
1,0,2.0726424272413606,0.2431409788166545,6845,2.287747166373513,0.10299488677867057,1369,2.2879289373566833,0.1089,0.9034294086143336,0.0776498060615852,,,0.55,,0.5500404350481095,0.4499595649518905,0.8797992513884247,0.1452472995124632,10,0.025,0.15,1.0,0.9462642553758518,0.9092291604819633,0.9097914059192721,0.8863642945370804,0.8732607694599516,0.8586651461482095,0.8506572877508064,0.8357868574302122,0.8334192623638946,0.8195171780739682,0.806717118410052
1,1,2.097476046584373,0.2309419496166484,5478,2.287951045566135,0.12043795620437957,1096,2.287834695622891,0.1081,0.9597887437847575,0.08274201828873906,,,0.857982180634591,,0.8580234688320048,0.14197653116799525,0.8818019911663059,0.14561989084993782,10,0.025,0.15,0.9462642553758518,1.0,0.9615538920339617,0.9546326401411959,0.9477845969600278,0.9371330550056846,0.9246342213769805,0.9171966731728669,0.9086717848949623,0.9052048650506153,0.8908808149074777,0.8855858552970487
1,2,2.1525139083987788,0.2117219917012448,4820,2.287115126848221,0.10995850622406639,964,2.2878364852712125,0.1081,0.9753663013856192,0.08480048345155654,,,0.9824802497103968,,0.9825139047053193,0.017486095294680704,0.8819070379306095,0.14562918349131493,10,0.025,0.15,0.9092291604819633,0.9615538920339617,1.0,0.9616024382425343,0.9660374670346809,0.9575368992234937,0.9527606451087136,0.9465040094280195,0.9354186536642366,0.9334952049567279,0.9162312781681193,0.9166582782497095
1,3,2.1548512666566033,0.2106218792555606,4406,2.28808331489563,0.10669693530079455,881,2.287836470181429,0.1081,0.9780761092224441,0.08506895560830599,,,0.9987177191219148,,0.9987374362529089,0.0012625637470911055,0.8819063523027681,0.14562919327607265,10,0.025,0.15,0.9097914059192721,0.9546326401411959,0.9616024382425343,1.0,0.9603448916088799,0.9549236086355781,0.9584436745756912,0.9513611008876809,0.9452968256504172,0.9349539035600842,0.9349428605669143,0.9228712808314927
1,4,2.185294165394523,0.20780642023346305,4112,2.2880119255610873,0.11435523114355231,822,2.287836512432823,0.1081,0.9841320974011157,0.08509015698445248,,,0.9999999999395189,,1.0,0.0,0.8819064591087326,0.1456291932774256,10,0.025,0.15,0.8863642945370804,0.9477845969600278,0.9660374670346809,0.9603448916088799,1.0,0.9737849445872647,0.9602768856406997,0.9644748757537016,0.9550170415413533,0.9517774137103149,0.944561439707683,0.9479397015273242
1,5,2.1852901551031296,0.19673437901774235,3889,2.2842017241886685,0.10282776349614396,778,2.2878364550916452,0.1081,0.9839793852599383,0.0848220650925938,,,0.9837855293357989,,0.983825980756218,0.016174019243782034,0.8819050489163988,0.14562918602547667,10,0.025,0.15,0.8732607694599516,0.9371330550056846,0.9575368992234937,0.9549236086355781,0.9737849445872647,1.0,0.9604151564466932,0.9702340795979801,0.9635958908203827,0.961034654758536,0.9550876080355629,0.9494318136173236
1,6,2.1950637032245766,0.1940986257073565,3711,2.2896867593129477,0.1078167115902965,742,2.2878363283374643,0.1081,0.9838777154707014,0.08447152287972495,,,0.9625843793624871,,0.962626462675975,0.03737353732402504,0.8819087511045105,0.1456290760462087,10,0.025,0.15,0.8586651461482095,0.9246342213769805,0.9527606451087136,0.9584436745756912,0.9602768856406997,0.9604151564466932,1.0,0.9728847031241524,0.9760705717899222,0.966534009996993,0.9630620523245927,0.9614324404190369
1,7,2.209973619239671,0.18145342312008977,3564,2.2867865562438965,0.10799438990182328,713,2.287835712674298,0.1081,0.9837517380005021,0.08370315138190904,,,0.916112488781627,,0.9161509135020053,0.08384908649799472,0.8817551827755284,0.1456268995097042,10,0.025,0.15,0.8506572877508064,0.9171966731728669,0.9465040094280195,0.9513611008876809,0.9644748757537016,0.9702340795979801,0.9728847031241524,1.0,0.9755233223193389,0.9681613551459447,0.9702459396364402,0.9666407389411766
1,8,2.1995141378155463,0.18288288288288287,3441,2.2860858043034873,0.10610465116279069,688,2.2878357971770855,0.1081,0.9795393055551138,0.08396749878083941,,,0.9321004886402193,,0.9321268835305574,0.06787311646944261,0.8817889846410896,0.14562735085248257,10,0.025,0.15,0.8357868574302122,0.9086717848949623,0.9354186536642366,0.9452968256504172,0.9550170415413533,0.9635958908203827,0.9760705717899222,0.9755233223193389,1.0,0.9701295135466209,0.9703935702995278,0.9684867654100184
1,9,2.197445551112846,0.1970605878824235,3334,2.287748654683431,0.10644677661169415,667,2.2878354108786283,0.1081,0.9752508454171667,0.08340881855773667,,,0.8983109398717913,,0.8983347361819413,0.10166526381805874,0.8817894648806526,0.14562462309923657,10,0.025,0.15,0.8334192623638946,0.9052048650506153,0.9334952049567279,0.9349539035600842,0.9517774137103149,0.961034654758536,0.966534009996993,0.9681613551459447,0.9701295135466209,1.0,0.9664142590489838,0.9637815050734407
1,10,2.2195671384151163,0.18667078062326442,3241,2.2879296938578286,0.0941358024691358,648,2.2878362860860704,0.1081,0.9704141892881071,0.08186144919121406,,,0.8047244649783128,,0.8047564819857734,0.19524351801422657,0.8814861374979494,0.14560902824824415,10,0.025,0.15,0.8195171780739682,0.8908808149074777,0.9162312781681193,0.9349428605669143,0.944561439707683,0.9550876080355629,0.9630620523245927,0.9702459396364402,0.9703935702995278,0.9664142590489838,1.0,0.9679661219324377
1,11,2.217068455696106,0.19705603038936373,3159,2.2889564514160154,0.11392405063291139,632,2.287835401824758,0.1082,0.9669056016395124,0.08241407372134282,,,0.8381477592694759,,0.8381937911571026,0.16180620884289743,0.8817333348748677,0.14561741983390572,10,0.025,0.15,0.806717118410052,0.8855858552970487,0.9166582782497095,0.9228712808314927,0.9479397015273242,0.9494318136173236,0.9614324404190369,0.9666407389411766,0.9684867654100184,0.9637815050734407,0.9679661219324377,1.0
2,0,1.9954790545834435,0.2745799853907962,6845,2.272193041714755,0.16289262235208182,1369,2.271623964551129,0.1686,0.9111815185095329,0.0778490335429976,,,0.55,,0.5500404350481095,0.4499595649518905,0.9612750883291278,0.1453054336442948,10,0.025,0.15,1.0,0.9472073025523654,0.9158688853405283,0.9133420197834282,0.8905900344830383,0.8808277253662061,0.8708181527513027,0.8628707161446278,0.8483815199730229,0.8526613648705846,0.8290919821133269,0.8197584757784051
2,1,2.0149261155793834,0.26883899233296826,5478,2.27178947130839,0.18613138686131386,1096,2.2714221990561185,0.1727,0.9581254167731154,0.08253642463972252,,,0.8522429244088109,,0.8522800415903352,0.1477199584096648,0.964572256846327,0.1457560746286067,10,0.025,0.15,0.9472073025523654,1.0,0.9549662929358577,0.9506294574879819,0.9364904937279227,0.9333307706700227,0.9251742313695531,0.9214666449528287,0.9127986292347869,0.9124161076300124,0.8898498284889744,0.8881926396374081
2,2,2.067601141804143,0.25197095435684647,4820,2.270230323076248,0.17323651452282157,964,2.271426581129243,0.1727,0.9766221688104523,0.08441559619311462,,,0.9734118847202116,,0.9734449010579129,0.026555098942087074,0.9646840188532788,0.14576423644892078,10,0.025,0.15,0.9158688853405283,0.9549662929358577,1.0,0.95997552968182,0.9616911672781511,0.9548995242933752,0.9546775129591942,0.9501911640374973,0.9405870285216225,0.9409871574017222,0.9242658677336694,0.9260016946722617
2,3,2.05797028200967,0.2529959146618248,4406,2.2708471161978587,0.17253121452894438,881,2.271426421177538,0.1727,0.9808356443054493,0.0847194353713954,,,0.9930034314673386,,0.9930435213150468,0.0069564786849531934,0.9646869890219879,0.14576428759375779,10,0.025,0.15,0.9133420197834282,0.9506294574879819,0.95997552968182,1.0,0.9601342733178259,0.9602099040505754,0.9607058472366875,0.9587480163933717,0.9493565484291001,0.9463528571311604,0.9405649921852579,0.9330054488707339
2,4,2.0972670793533323,0.24713035019455254,4112,2.2708705152784074,0.17761557177615572,822,2.2714264181595816,0.1727,0.9837592100630095,0.08482794296610428,,,0.99999999993552,,1.0,0.0,0.9646869490601926,0.1457642883983229,10,0.025,0.15,0.8905900344830383,0.9364904937279227,0.9616911672781511,0.9601342733178259,1.0,0.9697463584755053,0.964246139783393,0.9625752605071227,0.9605137707307314,0.9555690018494568,0.9491743283459523,0.954756817985665
2,5,2.090762089529345,0.2476986371817948,3889,2.266284840447562,0.16966580976863754,778,2.2714263336567937,0.1727,0.9830838152239898,0.08463975239564633,,,0.9878654741006447,,0.9878942417190671,0.012105758280932855,0.9646863145620325,0.1457642846167394,10,0.025,0.15,0.8808277253662061,0.9333307706700227,0.9548995242933752,0.9602099040505754,0.9697463584755053,1.0,0.9625969219866838,0.9664362211820661,0.9652164369330405,0.9582142843477329,0.9547654485378613,0.9509188921940374
2,6,2.1034836148393565,0.2430611694960927,3711,2.2746854225794473,0.16846361185983827,742,2.2714260801484314,0.1727,0.9841462231333641,0.08445714792644798,,,0.9760911400112213,,0.9761185654635177,0.023881434536482282,0.9646865655591134,0.14576424852562817,10,0.025,0.15,0.8708181527513027,0.9251742313695531,0.9546775129591942,0.9607058472366875,0.964246139783393,0.9625969219866838,1.0,0.971774247870393,0.9714793697968299,0.9630798361925956,0.9630520934583394,0.9616624669474552
2,7,2.11333817754473,0.230331088664422,3564,2.270631949106852,0.18513323983169705,713,2.2714245892778226,0.1727,0.9831934764286054,0.08394984481239119,,,0.9433802410078604,,0.9434404449505702,0.05655955504942978,0.9646535336523911,0.145763762900148,10,0.025,0.15,0.8628707161446278,0.9214666449528287,0.9501911640374973,0.9587480163933717,0.9625752605071227,0.9664362211820661,0.971774247870393,1.0,0.9698342833838189,0.9647248833710156,0.9672068506784423,0.9621970374538045
2,8,2.1083184162775677,0.23164777680906712,3441,2.2681461572647095,0.17151162790697674,688,2.2714246436010432,0.1727,0.9797676563141733,0.08400193212276963,,,0.9467388301864694,,0.9467907775082108,0.053209222491789165,0.9646597460578503,0.14576385258401603,10,0.025,0.15,0.8483815199730229,0.9127986292347869,0.9405870285216225,0.9493565484291001,0.9605137707307314,0.9652164369330405,0.9714793697968299,0.9698342833838189,1.0,0.9639246879129805,0.967867847503853,0.9674754228632039
2,9,2.1019336448775396,0.24589082183563288,3334,2.2719605366388955,0.1634182908545727,667,2.2714260952382146,0.1727,0.9760076326852645,0.08353301833808585,,,0.9165032747028546,,0.9165387598818306,0.08346124011816936,0.964603124843965,0.1457625966299077,10,0.025,0.15,0.8526613648705846,0.9124161076300124,0.9409871574017222,0.9463528571311604,0.9555690018494568,0.9582142843477329,0.9630798361925956,0.9647248833710156,0.9639246879129805,1.0,0.9603194954849014,0.9560334408832104
2,10,2.129426742517031,0.22823202715211355,3241,2.272104779879252,0.1558641975308642,648,2.2714240400097037,0.1728,0.9706499099613292,0.0823992136187349,,,0.8433955593418347,,0.8434338433100625,0.15656615668993745,0.9644843666880452,0.1457545519465616,10,0.025,0.15,0.8290919821133269,0.8898498284889744,0.9242658677336694,0.9405649921852579,0.9491743283459523,0.9547654485378613,0.9630520934583394,0.9672068506784423,0.967867847503853,0.9603194954849014,1.0,0.965289226256075
2,11,2.1266938071250916,0.23969610636277303,3159,2.2739768505096434,0.18037974683544303,632,2.271422733234454,0.1727,0.9684714027412635,0.08267065807258964,,,0.8608982946277666,,0.860944694756647,0.13905530524335297,0.9645374584975359,0.14575748507860065,10,0.025,0.15,0.8197584757784051,0.8881926396374081,0.9260016946722617,0.9330054488707339,0.954756817985665,0.9509188921940374,0.9616624669474552,0.9621970374538045,0.9674754228632039,0.9560334408832104,0.965289226256075,1.0
3,0,1.9405792474746704,0.2964937910883857,6845,2.250915614041415,0.21402483564645727,1369,2.2492453961432735,0.221,0.918523915735527,0.07829623826952865,,,0.55,,0.5500404350481095,0.4499595649518905,0.9790489689223913,0.1448341596276435,10,0.025,0.15,1.0,0.9450892961393094,0.9210718253218018,0.9183055397830712,0.8953199668301319,0.8856513832944002,0.8777497525036076,0.8663391135193732,0.8597936595123414,0.8596998183452024,0.8349266314156628,0.8222577053181658
3,1,1.9569535186124403,0.29419496166484116,5478,2.249539189868503,0.23266423357664234,1096,2.248829231986517,0.2257,0.9589304222008854,0.08252402409898481,,,0.8515630901656637,,0.851611625488934,0.148388374511066,0.9809107186816867,0.14532885896351525,10,0.025,0.15,0.9450892961393094,1.0,0.9505349423179627,0.9487042410821243,0.9323585370033833,0.9296703996317967,0.9255807437888283,0.9178083300433021,0.9179111295033475,0.9119021367291296,0.8886016451543206,0.8819850487588445
3,2,2.0055368677565926,0.2775726141078838,4820,2.246923178434372,0.2074688796680498,964,2.2488304965103727,0.2259,0.9705142383594331,0.08406823191294158,,,0.9617096536434713,,0.9617517453087092,0.038248254691290784,0.9810820547043035,0.14533952010790785,10,0.025,0.15,0.9210718253218018,0.9505349423179627,1.0,0.9525747984353647,0.9488294691477908,0.943629512359432,0.945158462480826,0.9378617595512364,0.9318158417818203,0.929456656697453,0.9121627436897295,0.9083707513628924
3,3,1.991640567438943,0.280140717203813,4406,2.247007063456944,0.2474460839954597,881,2.2488300800323486,0.2259,0.9773921333947662,0.08448134927522731,,,0.9911768389261277,,0.9912115660741694,0.008788433925830619,0.9810766038228994,0.14533972123002362,10,0.025,0.15,0.9183055397830712,0.9487042410821243,0.9525747984353647,1.0,0.9512317352565779,0.9512283544160385,0.9527987203560524,0.9500205796817173,0.9444353671787675,0.9382549639706705,0.9314548486342388,0.9219019799446301
3,4,2.037083185441566,0.2716439688715953,4112,2.247210809162685,0.23722627737226276,822,2.2488300287270846,0.2259,0.9791184448152905,0.08460504622712242,,,0.9999999999286711,,1.0,0.0,0.9810766665253825,0.1453397230424947,10,0.025,0.15,0.8953199668301319,0.9323585370033833,0.9488294691477908,0.9512317352565779,1.0,0.9582997491876669,0.9568226496997884,0.9508525277030805,0.9547419499937682,0.9475056492145217,0.9389606491458211,0.9443630920114806
3,5,2.0256479751679204,0.2793263049627154,3889,2.241870880126953,0.2365038560411311,778,2.2488299321524705,0.2259,0.9785458509741441,0.0844695848992628,,,0.9903376995484872,,0.990369856909442,0.009630143090557985,0.9810771186502916,0.1453397207790988,10,0.025,0.15,0.8856513832944002,0.9296703996317967,0.943629512359432,0.9512283544160385,0.9582997491876669,1.0,0.9555936838477587,0.9539473877976141,0.9592146406473185,0.9520652070503544,0.9437193230560418,0.9390665197511261
3,6,2.035733363546174,0.27340339531123686,3711,2.2535752058029175,0.2183288409703504,742,2.2488295036026194,0.2259,0.9816163816542741,0.08445655691625074,,,0.9894084285366092,,0.9894538792890033,0.010546120710996698,0.9810774621635312,0.14533972017936692,10,0.025,0.15,0.8777497525036076,0.9255807437888283,0.945158462480826,0.9527987203560524,0.9568226496997884,0.9555936838477587,1.0,0.9640741168246757,0.966456504332573,0.9559060434859767,0.9549204445638078,0.9523341764902339
3,7,2.0385154779468264,0.26158810325476994,3564,2.2487193743387857,0.22580645161290322,713,2.248827469499805,0.2259,0.9780024309955884,0.08402378527609003,,,0.9585393262671321,,0.958591209915664,0.041408790084335956,0.9810757276884052,0.14533946600266717,10,0.025,0.15,0.8663391135193732,0.9178083300433021,0.9378617595512364,0.9500205796817173,0.9508525277030805,0.9539473877976141,0.9640741168246757,1.0,0.9603193990511107,0.9558018896959232,0.9563466840712225,0.9517314306558928
3,8,2.040179752420496,0.26192967160709096,3441,2.243553558985392,0.2369186046511628,688,2.248827563056463,0.2259,0.9782107476908051,0.08406290556686939,,,0.9613297315174192,,0.9613721509795184,0.03862784902048155,0.9810776109918234,0.1453395072239243,10,0.025,0.15,0.8597936595123414,0.9179111295033475,0.9318158417818203,0.9444353671787675,0.9547419499937682,0.9592146406473185,0.966456504332573,0.9603193990511107,1.0,0.9545589783613911,0.9580222128425723,0.9598745582253481
3,9,2.036726877424452,0.2705458908218356,3334,2.2503421703974404,0.21739130434782608,667,2.2488312268558937,0.2259,0.9728434101204951,0.08359669520453826,,,0.928075483737816,,0.9281163869221501,0.07188361307784985,0.9810709228253681,0.14533852956061286,10,0.025,0.15,0.8596998183452024,0.9119021367291296,0.929456656697453,0.9382549639706705,0.9475056492145217,0.9520652070503544,0.9559060434859767,0.9558018896959232,0.9545589783613911,1.0,0.951217712496045,0.948948096053781
3,10,2.0588025922958666,0.25822277074976857,3241,2.249626080195109,0.21296296296296297,648,2.248830964293661,0.2258,0.96625077068716,0.08267793975203637,,,0.862541716290882,,0.862586852832929,0.13741314716707098,0.9808945949643277,0.14533081190208177,10,0.025,0.15,0.8349266314156628,0.8886016451543206,0.9121627436897295,0.9314548486342388,0.9389606491458211,0.9437193230560418,0.9549204445638078,0.9563466840712225,0.9580222128425723,0.951217712496045,1.0,0.9578147840276069
3,11,2.0576304693222047,0.26755302310857865,3159,2.253278684616089,0.22151898734177214,632,2.24882858010787,0.2257,0.9629215986715017,0.0827376426011477,,,0.866800251703028,,0.8668449109603736,0.13315508903962636,0.9809276621910072,0.14533143786947744,10,0.025,0.15,0.8222577053181658,0.8819850487588445,0.9083707513628924,0.9219019799446301,0.9443630920114806,0.9390665197511261,0.9523341764902339,0.9517314306558928,0.9598745582253481,0.948948096053781,0.9578147840276069,1.0
4,0,1.8941468834877013,0.3119065010956903,6845,2.224096558310769,0.24470416362308253,1369,2.2209592710567425,0.2593,0.9293518004612599,0.07898784820375097,,,0.55,,0.5500404350481095,0.4499595649518905,0.985281821774522,0.14440994386780157,10,0.025,0.15,1.0,0.9447503821453714,0.9292054322625823,0.9204807861796246,0.9013111830228361,0.8963924633405789,0.889875732370929,0.875147369581994,0.8747475961142446,0.8671499111163673,0.8525353567029083,0.8369619118719195
4,1,1.9057178954745448,0.3119569185834246,5478,2.221410618888007,0.26824817518248173,1096,2.220199032674862,0.2658,0.9601691712681311,0.08262011947568125,,,0.8521538902817306,,0.8521892690333548,0.1478107309666452,0.9874661352869204,0.14501627286368457,10,0.025,0.15,0.9447503821453714,1.0,0.9490236473816849,0.9466035134097996,0.9256271898195109,0.9298971999168686,0.9267068844465559,0.9163855542233457,0.9197870298749863,0.9072437333224649,0.8915616333551608,0.8836439069399536
4,2,1.9591160027604355,0.2949585062240664,4820,2.2175886929035187,0.24896265560165975,964,2.220193567155283,0.2652,0.9693866803445892,0.08388019204171156,,,0.9569742077524045,,0.9570150682444587,0.0429849317555413,0.9875011366640913,0.1450299839672479,10,0.025,0.15,0.9292054322625823,0.9490236473816849,1.0,0.9481086308625223,0.940426939670621,0.9389962842806311,0.9401248072808477,0.9320186712802182,0.9285111758072928,0.9245152324672503,0.9114552211917819,0.9033915924674243
4,3,1.9350764553887503,0.30179300953245575,4406,2.2166433334350586,0.28376844494892167,881,2.2201935973348497,0.2652,0.9758483416971736,0.08434787748031888,,,0.9958790593243038,,0.9959152349358815,0.0040847650641184785,0.9875085812957044,0.14503046699887812,10,0.025,0.15,0.9204807861796246,0.9466035134097996,0.9481086308625223,1.0,0.9399618813340537,0.9480926158136035,0.9484577658960863,0.9456710040266825,0.9417047606781653,0.9319518033250519,0.930224581401936,0.9184571346721078
4,4,1.9829503099123638,0.2875972762645914,4112,2.217271259852818,0.29318734793187345,822,2.2201935309398024,0.2652,0.9731684427361801,0.08433710416664991,,,0.9949828711289284,,0.9950075093660775,0.004992490633922486,0.9875088031511962,0.1450304638725666,10,0.025,0.15,0.9013111830228361,0.9256271898195109,0.940426939670621,0.9399618813340537,1.0,0.948521555431916,0.9490639408381188,0.9373640341024169,0.9462786232761259,0.936182734389076,0.9316134480410584,0.9309876777503346
4,5,1.9700816423662246,0.29974286448958604,3889,2.2111882141658237,0.2480719794344473,778,2.2201934011676645,0.2652,0.975252840416261,0.08432111144662029,,,0.9936525017232947,,0.9936871812645443,0.00631281873545575,0.9875088480969396,0.14503046221368757,10,0.025,0.15,0.8963924633405789,0.9298971999168686,0.9389962842806311,0.9480926158136035,0.948521555431916,1.0,0.9460049757529984,0.9450319164894443,0.9521175946884268,0.9411700312563037,0.9371032264098447,0.9278554820761916
4,6,1.9840535994233757,0.2935057935866343,3711,2.2264140049616494,0.26549865229110514,742,2.2201928428456754,0.2653,0.9778352571424759,0.08439741638949377,,,0.999999999916814,,1.0,0.0,0.9875083367504774,0.1450304675710916,10,0.025,0.15,0.889875732370929,0.9267068844465559,0.9401248072808477,0.9484577658960863,0.9490639408381188,0.9460049757529984,1.0,0.9536385349746297,0.9594610316211534,0.9424255998309502,0.9444964831458932,0.940458882449997
4,7,1.981907171862466,0.2831369248035915,3564,2.2209235032399497,0.25105189340813466,713,2.220190280600439,0.2651,0.9730014687572206,0.0839707265884918,,,0.964505408884309,,0.9645491904738327,0.035450809526167304,0.9875045973844481,0.14503016214809444,10,0.025,0.15,0.875147369581994,0.9163855542233457,0.9320186712802182,0.9456710040266825,0.9373640341024169,0.9450319164894443,0.9536385349746297,1.0,0.9508710410285296,0.9423136325444426,0.9463059279114817,0.9395182519919789
4,8,1.9874083329130101,0.2804998546934031,3441,2.212576985359192,0.28488372093023256,688,2.220190781581251,0.2651,0.9756181955632793,0.08408053308584906,,,0.9736397652885525,,0.9736759584756812,0.026324041524318775,0.98750414983859,0.14503030262981,10,0.025,0.15,0.8747475961142446,0.9197870298749863,0.9285111758072928,0.9417047606781653,0.9462786232761259,0.9521175946884268,0.9594610316211534,0.9508710410285296,1.0,0.9427615164731569,0.9476618623344285,0.9505726309598432
4,9,1.9776668199786434,0.29277144571085784,3334,2.2231395641962686,0.2698650674662669,667,2.22019332270079,0.2654,0.9667889051097316,0.08350250572193797,,,0.9255560172368232,,0.9255995114786024,0.07440048852139758,0.9875019490804288,0.14502796517199618,10,0.025,0.15,0.8671499111163673,0.9072437333224649,0.9245152324672503,0.9319518033250519,0.936182734389076,0.9411700312563037,0.9424255998309502,0.9423136325444426,0.9427615164731569,1.0,0.9393022457555988,0.9373696245060961
4,10,2.003923739836766,0.27630360999691456,3241,2.2208551168441772,0.26697530864197533,648,2.2201998958104774,0.2653,0.9641778886058123,0.08284669633642769,,,0.8710018988133116,,0.8710369526827416,0.12896304731725838,0.9875061816178621,0.14502010094692347,10,0.025,0.15,0.8525353567029083,0.8915616333551608,0.9114552211917819,0.930224581401936,0.9316134480410584,0.9371032264098447,0.9444964831458932,0.9463059279114817,0.9476618623344285,0.9393022457555988,1.0,0.9497139382674376
4,11,2.0033063616752624,0.2860715416270972,3159,2.226693296432495,0.2610759493670886,632,2.2201968567280828,0.2653,0.958795503968319,0.08270786906306696,,,0.859453421956059,,0.8595005858955951,0.14049941410440492,0.9874972959039084,0.14501789284120856,10,0.025,0.15,0.8369619118719195,0.8836439069399536,0.9033915924674243,0.9184571346721078,0.9309876777503346,0.9278554820761916,0.940458882449997,0.9395182519919789,0.9505726309598432,0.9373696245060961,0.9497139382674376,1.0
5,0,1.855554094137969,0.32799123447772094,6845,2.1922049955888228,0.2680788897005113,1369,2.187366696852672,0.2905,0.9359496908108468,0.07968408539365326,,,0.55,,0.5500404350481095,0.4499595649518905,0.9887646961688834,0.1440246635717553,10,0.025,0.15,1.0,0.9414339523377044,0.9287962589545736,0.9209015411658675,0.9087474022233518,0.9028666011818476,0.8961454030416139,0.8815127990433184,0.8842242482339648,0.8685833559201629,0.8620214129517539,0.8496616937082064
5,1,1.8666751445725906,0.32599488864549103,5478,2.187974214553833,0.2892335766423358,1096,2.1861092863203604,0.2926,0.9586310969553854,0.08268262472200567,,,0.8419766890472105,,0.8420227426515489,0.15797725734845114,0.9910434004250342,0.14475256797921462,10,0.025,0.15,0.9414339523377044,1.0,0.941704981484385,0.9399088131397282,0.9268796956276872,0.9254166129597563,0.9222691065032472,0.911760125279048,0.9185053311750395,0.902593101878605,0.8905291533410004,0.8827070620923066
5,2,1.9190447459095403,0.3096473029045643,4820,2.1827782094478607,0.2894190871369295,964,2.1860993421530424,0.2926,0.9669076729960865,0.08373619653918687,,,0.9445661091509798,,0.9446204881913155,0.0553795118086845,0.9912190857679811,0.14477335282739986,10,0.025,0.15,0.9287962589545736,0.941704981484385,1.0,0.9422990505472693,0.9412403538622547,0.9344911616047071,0.9333188852252705,0.9247981486269466,0.9252512059291578,0.9194844549673429,0.9048367962111439,0.9013834549593217
5,3,1.8922816058567593,0.3166137085792102,4406,2.180694511958531,0.30419977298524403,881,2.1861011529270606,0.2925,0.9733043884560068,0.08423596329919522,,,0.9932298843775889,,0.9932663266821805,0.0067336733178194885,0.991222905525368,0.14477422898620662,10,0.025,0.15,0.9209015411658675,0.9399088131397282,0.9422990505472693,1.0,0.9414936106123094,0.9418583556458208,0.9418747286699738,0.9397331340164325,0.9367262322773116,0.9259424023300834,0.9239391088327443,0.9160550764055577
5,4,1.9369622216080173,0.3023103112840467,4112,2.1818218571799144,0.3223844282238443,822,2.186101131801364,0.2925,0.9741960972572178,0.08425842967029673,,,0.995417501724175,,0.9954531201003449,0.004546879899655076,0.991222305268847,0.14477423270525336,10,0.025,0.15,0.9087474022233518,0.9268796956276872,0.9412403538622547,0.9414936106123094,1.0,0.944792981533083,0.9475951006030853,0.9366668175247258,0.9449083461565696,0.9313012147513605,0.9279198635988771,0.9287333796651394
5,5,1.9219515327484378,0.3169966572383646,3889,2.17507917540414,0.2827763496143959,778,2.186101210268238,0.2925,0.9722931173956392,0.08418626289035805,,,0.988390407809995,,0.9884306250103151,0.01156937498968491,0.9912218356340381,0.14477421934640403,10,0.025,0.15,0.9028666011818476,0.9254166129597563,0.9344911616047071,0.9418583556458208,0.944792981533083,1.0,0.941662172640296,0.9387550828873142,0.9470390464236748,0.9311538495963789,0.9307392909227297,0.9191804250770118
5,6,1.9406124719258013,0.31134465103745623,3711,2.193647344907125,0.29649595687331537,742,2.1861002173604844,0.2925,0.9744892872934293,0.08430549096500156,,,0.999999999902627,,1.0,0.0,0.9912224819115044,0.14477423475780404,10,0.025,0.15,0.8961454030416139,0.9222691065032472,0.9333188852252705,0.9418747286699738,0.9475951006030853,0.941662172640296,1.0,0.9455823562209108,0.9526882106722141,0.9320955366888423,0.9361439216270513,0.9335939291021584
5,7,1.9394886199917112,0.2975308641975309,3564,2.1880820592244468,0.2847124824684432,713,2.1860967768898494,0.2923,0.9698720638944337,0.08388938773426363,,,0.9594827912524193,,0.9595236916373718,0.040476308362628166,0.9912188445212492,0.1447738852395008,10,0.025,0.15,0.8815127990433184,0.911760125279048,0.9247981486269466,0.9397331340164325,0.9366668175247258,0.9387550828873142,0.9455823562209108,1.0,0.9419155454966299,0.9378102252019426,0.937869816656532,0.9328521469404081
5,8,1.9423804296387566,0.2974426038942168,3441,2.1760188341140747,0.30959302325581395,688,2.186097576648374,0.2923,0.9734708698078088,0.08407529935131439,,,0.9775855581191518,,0.9776451948309155,0.022354805169084502,0.9912201400551208,0.14477417057213599,10,0.025,0.15,0.8842242482339648,0.9185053311750395,0.9252512059291578,0.9367262322773116,0.9449083461565696,0.9470390464236748,0.9526882106722141,0.9419155454966299,1.0,0.9369155932922646,0.9398705873916512,0.9428495578468351
5,9,1.928922148987099,0.31160767846430715,3334,2.190282861391703,0.29535232383808097,667,2.186099245578428,0.2926,0.9630035161351679,0.08337385872800626,,,0.9092841992474472,,0.90933471967784,0.09066528032216004,0.9911711148729037,0.1447701952912382,10,0.025,0.15,0.8685833559201629,0.902593101878605,0.9194844549673429,0.9259424023300834,0.9313012147513605,0.9311538495963789,0.9320955366888423,0.9378102252019426,0.9369155932922646,1.0,0.9312221086500213,0.9327348426441342
5,10,1.9613031323139485,0.2903116322122802,3241,2.186592618624369,0.2993827160493827,648,2.1861053539227835,0.2924,0.9607557590372783,0.08289288229536218,,,0.8624500940598655,,0.862487828225314,0.137512171774686,0.9910555171091121,0.14475842532602903,10,0.025,0.15,0.8620214129517539,0.8905291533410004,0.9048367962111439,0.9239391088327443,0.9279198635988771,0.9307392909227297,0.9361439216270513,0.937869816656532,0.9398705873916512,0.9312221086500213,1.0,0.9389411738567425
5,11,1.9588724751472473,0.29680278569167456,3159,2.1946471691131593,0.2848101265822785,632,2.1861057251314575,0.2924,0.9568688646155034,0.08267951841135614,,,0.8416742183442159,,0.8417256688287039,0.15827433117129608,0.9910397453644232,0.14475255698851908,10,0.025,0.15,0.8496616937082064,0.8827070620923066,0.9013834549593217,0.9160550764055577,0.9287333796651394,0.9191804250770118,0.9335939291021584,0.9328521469404081,0.9428495578468351,0.9327348426441342,0.9389411738567425,1.0
6,0,1.8226599872112275,0.3368736303871439,6845,2.1563767086375845,0.27757487216946675,1369,2.1497069431256643,0.3067,0.9387854308750069,0.08027891701676564,,,0.55,,0.5500404350481095,0.4499595649518905,0.9909314555765507,0.14355208511230005,10,0.025,0.15,1.0,0.936606476503774,0.9273140163445475,0.9186921709214347,0.9059059853566869,0.9050344169759783,0.8969194129226574,0.8832542720228814,0.8859706159256999,0.8677625146732414,0.8680525401922841,0.8560186753761959
6,1,1.8306946017021357,0.3368017524644031,5478,2.150436454349094,0.29927007299270075,1096,2.1477122457721567,0.311,0.960077077562096,0.08284047281245026,,,0.8428998367003238,,0.8429469723226222,0.15705302767737783,0.9931882903624387,0.14440669331844805,10,0.025,0.15,0.936606476503774,1.0,0.9385706393472467,0.9367590125682146,0.9224119932230566,0.927503283983047,0.9219149810881584,0.9110965925578574,0.9182356100021892,0.9000508098130421,0.8954586182309056,0.8855974829418721
6,2,1.8801804768411736,0.3237551867219917,4820,2.1436875462532043,0.30186721991701243,964,2.1476977233645282,0.3107,0.9650483216958046,0.08365835948926324,,,0.9364206862096225,,0.9364592101137132,0.06354078988628675,0.9932967884596017,0.14443156722787528,10,0.025,0.15,0.9273140163445475,0.9385706393472467,1.0,0.9362727477801781,0.9366458891930548,0.9312454825621184,0.9267374180883159,0.9215802540942514,0.9188679967193762,0.9090434084860748,0.906864157348681,0.897145621572744
6,3,1.853823072229113,0.329822968679074,4406,2.140069382531302,0.318955732122588,881,2.1476985110512263,0.3108,0.972323635057739,0.08420726585366711,,,0.9991851142843551,,0.9992078031390801,0.0007921968609199137,0.9933269392985891,0.14443587236458405,10,0.025,0.15,0.9186921709214347,0.9367590125682146,0.9362727477801781,1.0,0.9368888929622488,0.9405698449768097,0.9373769599109303,0.9367357668878656,0.9316971178879049,0.9185036448787539,0.9259428232215708,0.9139303779492226
6,4,1.9046427968776587,0.31507782101167314,4112,2.141996111188616,0.34306569343065696,822,2.147698664967018,0.3108,0.9697489398255189,0.08413696782964504,,,0.9911469213271265,,0.9911785578716311,0.008821442128368884,0.9933267323717591,0.14443586656494725,10,0.025,0.15,0.9059059853566869,0.9224119932230566,0.9366458891930548,0.9368888929622488,1.0,0.9396238041877442,0.9398360361562772,0.929038113576409,0.9347002348755575,0.9154810095992572,0.922221350697721,0.9202117198122534
6,5,1.885976412603932,0.3281820519413731,3889,2.1347362995147705,0.3110539845758355,778,2.1476987253261517,0.3108,0.9702886641100339,0.08410975487793965,,,0.9880352697581574,,0.9880592827317588,0.011940717268241197,0.9933267709158704,0.14443585174776638,10,0.025,0.15,0.9050344169759783,0.927503283983047,0.9312454825621184,0.9405698449768097,0.9396238041877442,1.0,0.934988855237901,0.931644216666593,0.9382008849123541,0.9224221425422363,0.9265918879800544,0.9113751480788491
6,6,1.9034475601952652,0.3245486391808138,3711,2.156577189763387,0.33423180592991913,742,2.1476974125149884,0.3107,0.9712203497823544,0.0842143924364551,,,0.9999999998856555,,1.0,0.0,0.9933276017328442,0.1444358723645889,10,0.025,0.15,0.8969194129226574,0.9219149810881584,0.9267374180883159,0.9373769599109303,0.9398360361562772,0.934988855237901,1.0,0.9374939106421413,0.9454445851281099,0.921377848861093,0.9318446001857276,0.9256294577004879
6,7,1.8996403264147894,0.31085858585858583,3564,2.151160717010498,0.3015427769985975,713,2.1476940052418767,0.3107,0.9667665094069817,0.08380985951275072,,,0.9537438818293832,,0.9537885164463369,0.04621148355366311,0.9933203226508369,0.1444351651397548,10,0.025,0.15,0.8832542720228814,0.9110965925578574,0.9215802540942514,0.9367357668878656,0.929038113576409,0.931644216666593,0.9374939106421413,1.0,0.9340110988212054,0.9248909180552233,0.9328181582109129,0.9254562980695499
6,8,1.9030856878669173,0.31101424004649814,3441,2.135281562805176,0.32994186046511625,688,2.1476945967613896,0.3107,0.9692663517843937,0.08400729055761412,,,0.9763190374818524,,0.9763661269825552,0.023633873017444795,0.9933280529542449,0.14443572655833,10,0.025,0.15,0.8859706159256999,0.9182356100021892,0.9188679967193762,0.9316971178879049,0.9347002348755575,0.9382008849123541,0.9454445851281099,0.9340110988212054,1.0,0.9242060600266971,0.9322331469977907,0.9332685825733817
6,9,1.8988185635319463,0.3240551889622076,3334,2.1528727213541665,0.31334332833583206,667,2.1476986770388447,0.3108,0.9557868380079152,0.08312990853918845,,,0.8759952224185166,,0.8760459474179334,0.1239540525820666,0.9932424456378761,0.1444221114884666,10,0.025,0.15,0.8677625146732414,0.9000508098130421,0.9090434084860748,0.9185036448787539,0.9154810095992572,0.9224221425422363,0.921377848861093,0.9248909180552233,0.9242060600266971,1.0,0.9201844859183511,0.9175777827105165
