round,client_id,client_i_training_loss,client_i_training_accuracy,client_i_training_dataset_size,client_i_evaluation_loss,client_i_evaluation_accuracy,client_i_evaluation_dataset_size,client_i_central_evaluation_loss,client_i_central_evaluation_accuracy,client_i_cosine_similarity,client_i_importance_coefficient,client_i_tanh_val,tanh_normalization_value,client_i_q,client_i_mask_order,client_i_v_nonzero_fraction,client_i_v_sparsity,client_i_v_cosine_similarity,client_i_reward_gradient_norm,local_epochs,learning_rate,gamma,client_0_cosine_similarity,client_1_cosine_similarity,client_2_cosine_similarity,client_3_cosine_similarity,client_4_cosine_similarity,client_5_cosine_similarity,client_6_cosine_similarity,client_7_cosine_similarity,client_8_cosine_similarity,client_9_cosine_similarity,client_10_cosine_similarity,client_11_cosine_similarity
0,0,0.2825013253149297,0.9122960798636475,8214,2.2059397087540735,0.41051862673484296,1369,2.208720972743659,0.3977,0.805526619541502,0.08637271077468588,,,0.9599999999691695,,0.9600020079313287,0.03999799206867127,0,0.38982875647520443,5,0.1,0.5,1.0,0.5706757460501742,0.5725893584670094,0.5600638549713688,0.580214687081157,0.5743400880415003,0.5796808279665063,0.5831194620544995,0.5080953066727321,0.5676973252401498,0.5909501208626835,0.5691437126160177
0,1,0.30290308469517646,0.9060845756008519,6574,2.205429594857352,0.4051094890510949,1096,2.2087426840687714,0.3977,0.7839627002992227,0.08406051634845796,,,0.8887139058603988,,0.8887254655890768,0.11127453441092316,0,0.38980370308041556,5,0.1,0.5,0.5706757460501742,1.0,0.5616545060764253,0.5514683661444509,0.5742701679078663,0.5759969504204832,0.5744981357746691,0.5583208492116053,0.5027443582203607,0.5762162166139894,0.5833154240369925,0.5618812928869343
0,2,0.33790384809285895,0.8938959017810825,5783,2.2123440157982612,0.40352697095435686,964,2.208736202587335,0.3975,0.7858321296984684,0.08426096619194874,,,0.8948938733601404,,0.8948998544249787,0.10510014557502134,0,0.38980804675070013,5,0.1,0.5,0.5725893584670094,0.5616545060764253,1.0,0.5598230174628072,0.5751466376997556,0.5824561081605936,0.5866503575631599,0.5888846444672375,0.503483666707521,0.5757568572639911,0.597007824664455,0.5883975272361907
0,3,0.34110212146966573,0.8940419897862683,5287,2.2035034469195773,0.41543700340522133,881,2.208742937721764,0.3978,0.768200808828763,0.08237044520715305,,,0.836608179342354,,0.8366296872646956,0.16337031273530445,0,0.38974212350698195,5,0.1,0.5,0.5600638549713688,0.5514683661444509,0.5598230174628072,1.0,0.5701839392473463,0.5683535881108076,0.5762486436420354,0.5722115230466196,0.48753017962114786,0.5773531772647369,0.584819810752997,0.556271825793105
0,4,0.33711689557759994,0.8951975683890577,4935,2.2074944422795224,0.3844282238442822,822,2.2087324434956805,0.3976,0.7871775073648671,0.0844052245109708,,,0.8993414284572071,,0.8993474223181567,0.10065257768184332,0,0.389810928146441,5,0.1,0.5,0.580214687081157,0.5742701679078663,0.5751466376997556,0.5701839392473463,1.0,0.586936995040606,0.6043519052914341,0.5849132957756888,0.512554566343519,0.5860551493132021,0.6100784095701777,0.5911997799357432
0,5,0.36240846108747266,0.8869509320762803,4667,2.212668228149414,0.390745501285347,778,2.2087486407246453,0.3975,0.781854642799151,0.0838344795716054,,,0.8817450805903537,,0.8817579438783194,0.1182420561216806,0,0.3897980622818335,5,0.1,0.5,0.5743400880415003,0.5759969504204832,0.5824561081605936,0.5683535881108076,0.586936995040606,1.0,0.5813837510192318,0.5931063256559077,0.5119535259143887,0.5753844088751008,0.6006975874819089,0.5951303973393433
0,6,0.36913863875836667,0.8852009880979115,4453,2.20494282245636,0.4056603773584906,742,2.208732314764882,0.3975,0.7895666036934741,0.0846613957177288,,,0.9072393130579841,,0.907258671753426,0.092741328246574,0,0.38981544984371563,5,0.1,0.5,0.5796808279665063,0.5744981357746691,0.5866503575631599,0.5762486436420354,0.6043519052914341,0.5813837510192318,1.0,0.6091033158422078,0.5280186634800014,0.5936747537390844,0.6175166194864516,0.5927696818275929
0,7,0.36536214298554764,0.885059621229834,4277,2.2123220485189687,0.37868162692847124,713,2.2087443225299968,0.3977,0.7829259652054571,0.08394935227487993,,,0.8852866626663541,,0.8853019426735605,0.11469805732643945,0,0.3898010062707535,5,0.1,0.5,0.5831194620544995,0.5583208492116053,0.5888846444672375,0.5722115230466196,0.5849132957756888,0.5931063256559077,0.6091033158422078,1.0,0.5140165808644701,0.5876102331367098,0.5987173449782324,0.6036081897057849
0,8,0.437068812824929,0.8679099055461371,4129,2.2142488089474766,0.3808139534883721,688,2.209557917171393,0.3969,0.6966272468993331,0.07469595945624954,,,0.6,,0.6,0.4,0,0.38793805582522617,5,0.1,0.5,0.5080953066727321,0.5027443582203607,0.503483666707521,0.48753017962114786,0.512554566343519,0.5119535259143887,0.5280186634800014,0.5140165808644701,1.0,0.5055268520148037,0.5362346000770564,0.5050619054600269
0,9,0.38143256769729467,0.8795301174706324,4001,2.2137706393287298,0.37631184407796103,667,2.2087287057322054,0.398,0.7751898644183411,0.08311984772518581,,,0.8597126284405145,,0.8597208975453039,0.1402791024546961,0,0.38977514991683987,5,0.1,0.5,0.5676973252401498,0.5762162166139894,0.5757568572639911,0.5773531772647369,0.5860551493132021,0.5753844088751008,0.5936747537390844,0.5876102331367098,0.5055268520148037,1.0,0.6162008473300751,0.5831736647015036
0,10,0.37662021917153576,0.8849061455386988,3889,2.2120751653398787,0.3734567901234568,648,2.2087226805214684,0.3978,0.7956487873214254,0.08531355875571081,,,0.9273458210455894,,0.9273580643541991,0.0726419356458009,0,0.3898231441197725,5,0.1,0.5,0.5909501208626835,0.5833154240369925,0.597007824664455,0.584819810752997,0.6100784095701777,0.6006975874819089,0.6175166194864516,0.5987173449782324,0.5362346000770564,0.6162008473300751,1.0,0.6050279379021707
0,11,0.41984475854815556,0.8719599050382485,3791,2.209627294540405,0.4240506329113924,632,2.208736138602796,0.3979,0.7736575348925488,0.0829555434654233,,,0.8546470471074561,,0.8546558907685358,0.14534410923146424,0,0.3897687819339199,5,0.1,0.5,0.5691437126160177,0.5618812928869343,0.5883975272361907,0.556271825793105,0.5911997799357432,0.5951303973393433,0.5927696818275929,0.6036081897057849,0.5050619054600269,0.5831736647015036,0.6050279379021707,1.0
1,0,0.25340829856171915,0.9235938641344047,8214,2.0469388490499454,0.7341124908692477,1369,2.0526746907554116,0.7265,0.8022363859900523,0.08497212859638914,,,0.9501401208377693,,0.950158124592139,0.049841875407861,0.9553775044415038,0.40643383167189406,5,0.1,0.5,1.0,0.6269847870441057,0.6152624928473157,0.6299143476375095,0.6133470062081836,0.6125946720495263,0.616692592007324,0.620442704251466,0.6185175163861983,0.6170631216074105,0.6269097937055431,0.6137237802232677
1,1,0.2701480243011441,0.9167630057803469,6574,2.046955551419939,0.7518248175182481,1096,2.052749706152529,0.7268,0.8090457981369265,0.08368111389553286,,,0.8892740404929124,,0.8892826665328046,0.11071733346719537,0.9552730769896838,0.40641264003349414,5,0.1,0.5,0.6269847870441057,1.0,0.6312873820664819,0.6363807698815847,0.6223742312954376,0.6190324243486524,0.6171371621667306,0.6252044813757404,0.6245029614887178,0.6225930369689953,0.6393290422129199,0.6234813326142807
1,2,0.29657345724739753,0.9108421234653294,5783,2.0580005491933515,0.7199170124481328,964,2.0527380720114174,0.7267,0.8081828829117828,0.08378355517227354,,,0.8941037290910301,,0.8941167612067668,0.10588323879323325,0.9552786498002906,0.4064156342163913,5,0.1,0.5,0.6152624928473157,0.6312873820664819,1.0,0.6284543241196768,0.6197095920071422,0.619803858902665,0.6230951872229796,0.6254826124242829,0.6196162875863117,0.6287107298340682,0.636619606252654,0.6308368842914172
1,3,0.29717962318492763,0.9086816720257235,5287,2.045680527176176,0.735527809307605,881,2.0528094124870178,0.7268,0.8148447486102288,0.08276603823226183,,,0.8461319532608029,,0.8461523015912856,0.15384769840871437,0.9551045658398878,0.40636747197030515,5,0.1,0.5,0.6299143476375095,0.6363807698815847,0.6284543241196768,1.0,0.6238119366640633,0.62336354452273,0.6382257474748617,0.6380044243548068,0.6320943488947186,0.6277531592168824,0.6473997389773773,0.6269187075943703
1,4,0.29210291348758244,0.9098277608915907,4935,2.050270364834712,0.718978102189781,822,2.052722974326283,0.7267,0.8079242913268024,0.08386988356844947,,,0.8981737610544168,,0.8981828221474826,0.10181717785251743,0.9552885631711688,0.40641789268395473,5,0.1,0.5,0.6133470062081836,0.6223742312954376,0.6197095920071422,0.6238119366640633,1.0,0.6298364085737337,0.6230381478983598,0.6309827870165796,0.6255431157875115,0.6301235050861032,0.6349168375807223,0.6226297487221533
1,5,0.31634025776962915,0.9036211699164345,4667,2.059735794067383,0.7069408740359897,778,2.052758625521066,0.7268,0.8110526763673486,0.08360154955353674,,,0.8855229061105468,,0.8855378746046885,0.11446212539531153,0.9552501877855784,0.4064101747202219,5,0.1,0.5,0.6125946720495263,0.6190324243486524,0.619803858902665,0.62336354452273,0.6298364085737337,1.0,0.6304299439530416,0.6429636717468692,0.6320475799091503,0.6241186400966474,0.641482390407957,0.634089844536214
1,6,0.3205977273413113,0.9024028744666517,4453,2.0519701143105826,0.7398921832884097,742,2.052704848801366,0.7269,0.8150512324522413,0.08428700988812671,,,0.9178395666185126,,0.9178555293408965,0.08214447065910346,0.9553218831468272,0.40642689660921005,5,0.1,0.5,0.616692592007324,0.6171371621667306,0.6230951872229796,0.6382257474748617,0.6230381478983598,0.6304299439530416,1.0,0.6392021199848258,0.6326818845917562,0.6367826551594865,0.6547216026175315,0.6329884423867734
1,7,0.31863600209688964,0.9049333645078326,4277,2.055181596590125,0.7335203366058906,713,2.0527362145554906,0.7268,0.8192023828694421,0.0839608791751302,,,0.9024638329672965,,0.9024797951910045,0.09752020480899548,0.9552879630348439,0.4064204865772605,5,0.1,0.5,0.620442704251466,0.6252044813757404,0.6254826124242829,0.6380044243548068,0.6309827870165796,0.6429636717468692,0.6392021199848258,1.0,0.640152751828325,0.6427975744408724,0.6454533101325101,0.6385052481120421
1,8,0.3318386349067665,0.8976023250181642,4129,2.0649400407617744,0.7122093023255814,688,2.055418397291019,0.7226,0.8105438587772055,0.07754539697838458,,,0.6,,0.6,0.4,0.9505374799603502,0.4043879411970388,5,0.1,0.5,0.6185175163861983,0.6245029614887178,0.6196162875863117,0.6320943488947186,0.6255431157875115,0.6320475799091503,0.6326818845917562,0.640152751828325,1.0,0.6268982071468585,0.6512986853994434,0.6414835707425315
1,9,0.3355970191440382,0.8967258185453637,4001,2.0614800339653376,0.7286356821589205,667,2.052756439763517,0.7268,0.8136289871657761,0.0832189397486504,,,0.8674844135128279,,0.8674966116158828,0.13250338838411724,0.9551843463963456,0.40639422798046615,5,0.1,0.5,0.6170631216074105,0.6225930369689953,0.6287107298340682,0.6277531592168824,0.6301235050861032,0.6241186400966474,0.6367826551594865,0.6427975744408724,0.6268982071468585,1.0,0.647260641659081,0.6329934315526575
1,10,0.317932187271167,0.9070197994343019,3889,2.0526320253099715,0.7145061728395061,648,2.0526815572866615,0.7267,0.8283738242694108,0.08518126394425643,,,0.959999999952854,,0.9600020079313287,0.03999799206867127,0.9553702913338675,0.40643474436350524,5,0.1,0.5,0.6269097937055431,0.6393290422129199,0.636619606252654,0.6473997389773773,0.6349168375807223,0.641482390407957,0.6547216026175315,0.6454533101325101,0.6512986853994434,0.647260641659081,1.0,0.6480045513841265
1,11,0.3626951957857158,0.891005011870219,3791,2.058240157365799,0.7009493670886076,632,2.0527773409986647,0.7267,0.8142578094846072,0.08313224124700823,,,0.8633969325854374,,0.8634054515335575,0.13659454846644248,0.9551698138806486,0.4063897137921936,5,0.1,0.5,0.6137237802232677,0.6234813326142807,0.6308368842914172,0.6269187075943703,0.6226297487221533,0.634089844536214,0.6329884423867734,0.6385052481120421,0.6414835707425315,0.6329934315526575,0.6480045513841265,1.0
2,0,0.22977838417631122,0.9300949598246896,8214,1.8470679077991219,0.8816654492330168,1369,1.8551216734864842,0.8626,0.804757735918601,0.08414348103901,,,0.9056715586284838,,0.9056924853170022,0.0943075146829978,0.9687507906576714,0.40629826372874234,5,0.1,0.5,1.0,0.6215055402977003,0.6278651327570598,0.6228259146537185,0.6273328362356059,0.6287808202322882,0.6227977145982471,0.6247642151377547,0.6198714106308714,0.6105489982105403,0.62255216477415,0.6110037647721508
2,1,0.24153194226962016,0.9274110130818375,6574,1.847453682763236,0.8731751824817519,1096,1.8552732798999871,0.8624,0.8043126192440871,0.08327484341584761,,,0.8487988652505023,,0.8488077907735555,0.1511922092264445,0.9686099222014866,0.40624148728807224,5,0.1,0.5,0.6215055402977003,1.0,0.6224838995299026,0.6324856188128322,0.6227385465906845,0.6245831040934421,0.6249790004466598,0.6157756896165286,0.6185609044675593,0.6130273810888434,0.6309436790354844,0.6142029585986568
2,2,0.2684806096619664,0.9182085422790939,5783,1.8616208453332224,0.8495850622406639,964,1.8552485670144565,0.8625,0.8104886967164578,0.08355735178379227,,,0.8672956599533805,,0.8673058581396517,0.13269414186034834,0.9686568153622114,0.4062670599763575,5,0.1,0.5,0.6278651327570598,0.6224838995299026,1.0,0.6292320172322694,0.6291089982555372,0.6263251145114269,0.6301164101611324,0.6322448545208994,0.6247782043741558,0.6208628675300009,0.6307155050481233,0.627418148045454
2,3,0.272475181234417,0.918592774730471,5287,1.846711950642722,0.8694665153234961,881,1.8553964135745844,0.8624,0.8121958787780345,0.0829443121784676,,,0.8271578480828128,,0.8271773505346117,0.17282264946538828,0.9684635207492207,0.40620089503822204,5,0.1,0.5,0.6228259146537185,0.6324856188128322,0.6292320172322694,1.0,0.636910918335038,0.6298553475469699,0.6298728198050532,0.62560176865866,0.6234392335612208,0.6290757892285516,0.6399513169443996,0.6228260826830349
2,4,0.26093139217191963,0.9204863221884498,4935,1.8518105516066918,0.8625304136253041,822,1.8551929412177577,0.8624,0.8176959363985363,0.08386507707629931,,,0.8874434934557878,,0.8874554490236434,0.11254455097635663,0.9686923696502382,0.4062862406858837,5,0.1,0.5,0.6273328362356059,0.6227385465906845,0.6291089982555372,0.636910918335038,1.0,0.6320399460415661,0.6411144209985823,0.6390739474025242,0.6334525938692337,0.6366717081952434,0.6462347757054279,0.6265134780936316
2,5,0.28413225931485425,0.9145061067066638,4667,1.8652339267730713,0.8650385604113111,778,1.8552517251084788,0.8627,0.8162618753376008,0.08363787259090733,,,0.8725676341938355,,0.8725816977059384,0.1274183022940616,0.9686654994190022,0.406272932053406,5,0.1,0.5,0.6287808202322882,0.6245831040934421,0.6263251145114269,0.6298553475469699,0.6320399460415661,1.0,0.6292221949369304,0.6459294313368935,0.6407216807381834,0.6289556572758315,0.6442735477677666,0.6282632117132692
2,6,0.2923113655445299,0.9122838535818549,4453,1.8582127541303635,0.8598382749326146,742,1.8551677800595952,0.8625,0.8157840904609367,0.08407423526269203,,,0.9011377994414084,,0.9011595803423523,0.09884041965764767,0.9687330755836742,0.40629579102933583,5,0.1,0.5,0.6227977145982471,0.6249790004466598,0.6301164101611324,0.6298728198050532,0.6411144209985823,0.6292221949369304,1.0,0.6413979261274675,0.6359177565977978,0.630028181649975,0.6426667919704063,0.6228896987008163
2,7,0.2831876185639247,0.915174187514613,4277,1.8546628744705864,0.8695652173913043,713,1.8552043098992053,0.8626,0.8176112319034723,0.08392226462277153,,,0.8911877588534947,,0.8912052607800813,0.10879473921991867,0.9687075195522856,0.40628913215605117,5,0.1,0.5,0.6247642151377547,0.6157756896165286,0.6322448545208994,0.62560176865866,0.6390739474025242,0.6459294313368935,0.6413979261274675,1.0,0.6374392237046639,0.6303567095625271,0.6419738991091312,0.63573706220665
2,8,0.29179403097910556,0.9091305400823444,4129,1.8756814761595293,0.8386627906976745,688,1.8604455256995303,0.86,0.811636675539195,0.07947484657869472,,,0.6,,0.6,0.4,0.964496195543259,0.4041233160559644,5,0.1,0.5,0.6198714106308714,0.6185609044675593,0.6247782043741558,0.6234392335612208,0.6334525938692337,0.6407216807381834,0.6359177565977978,0.6374392237046639,1.0,0.6233929869209653,0.6519047794882269,0.6304504355911923
2,9,0.30401166037199745,0.90912271932017,4001,1.8675114881424677,0.848575712143928,667,1.8553238147363875,0.8626,0.808984172369253,0.08313190148466083,,,0.8394399652829354,,0.8394508307815872,0.16054916921841278,0.9685469480473248,0.40622522748929024,5,0.1,0.5,0.6105489982105403,0.6130273810888434,0.6208628675300009,0.6290757892285516,0.6366717081952434,0.6289556572758315,0.630028181649975,0.6303567095625271,0.6233929869209653,1.0,0.649667046736936,0.6162548433736235
2,10,0.2857185901096854,0.9150938544613011,3889,1.8506613572438557,0.8533950617283951,648,1.8551310209420542,0.8625,0.8246413078018978,0.08497325936184337,,,0.9599999999345266,,0.9600020079313287,0.03999799206867127,0.9687897504370295,0.4063116006060201,5,0.1,0.5,0.62255216477415,0.6309436790354844,0.6307155050481233,0.6399513169443996,0.6462347757054279,0.6442735477677666,0.6426667919704063,0.6419738991091312,0.6519047794882269,0.649667046736936,1.0,0.6337791679506539
2,11,0.3268457198405967,0.9031390134529148,3791,1.865220558643341,0.8512658227848101,632,1.8553700096690997,0.8624,0.8068550601738056,0.08300055460501353,,,0.8308402332276509,,0.8308568846945434,0.16914311530545656,0.968504617333675,0.4062085565022534,5,0.1,0.5,0.6110037647721508,0.6142029585986568,0.627418148045454,0.6228260826830349,0.6265134780936316,0.6282632117132692,0.6228896987008163,0.63573706220665,0.6304504355911923,0.6162548433736235,0.6337791679506539,1.0
3,0,0.2118163778790878,0.9369369369369369,8214,1.613984227180481,0.9218407596785975,1369,1.6250036097943974,0.9104,0.8009380736008157,0.08361838574555594,,,0.8533890592873741,,0.8534009336880679,0.1465990663119321,0.9710395794128363,0.4040137729115567,5,0.1,0.5,1.0,0.6193178611856568,0.6215739984752067,0.6114227887477697,0.615837477609892,0.615976510768625,0.6090690255124501,0.6198167894559279,0.616278489617464,0.6094806008708621,0.6227222220659,0.6020061181368775
3,1,0.2252163994089854,0.931457255856404,6574,1.6159697634833199,0.9187956204379562,1096,1.6252795732059417,0.9104,0.8080709123551844,0.08329183548310393,,,0.8231660381812997,,0.8231815671904021,0.17681843280959786,0.9708909707326401,0.4039566947217593,5,0.1,0.5,0.6193178611856568,1.0,0.624085789100894,0.6167162698942984,0.6196740359081677,0.6255783929744992,0.6231766276390073,0.6181736020256625,0.6255679792015515,0.6217112784296821,0.6281709300952957,0.6147186428513514
3,2,0.24596347191077733,0.9267162372471036,5783,1.6320844811777915,0.9024896265560166,964,1.6252166181326675,0.9104,0.8058892818838234,0.0834028554167538,,,0.8334412030906774,,0.833452135936951,0.166547864063049,0.9709220131772891,0.4039787950472684,5,0.1,0.5,0.6215739984752067,0.624085789100894,1.0,0.6209745141515203,0.6183991483110886,0.6199450899218497,0.6197645210080076,0.6222886589799855,0.6187859066534195,0.6184983720810739,0.6240074977960445,0.6058890657312649
3,3,0.24359754182241228,0.9256667297143938,5287,1.6159770957061224,0.9228149829738933,881,1.625559475475226,0.9106,0.8025713391971816,0.08288136275698624,,,0.7851757889260391,,0.7851965262788012,0.2148034737211988,0.9706566786658494,0.4038408571100337,5,0.1,0.5,0.6114227887477697,0.6167162698942984,0.6209745141515203,1.0,0.6198932014375842,0.6165807382875605,0.6170158586906116,0.6177445503804726,0.6167305045679844,0.6165905337099382,0.6213372042358367,0.6099393641330727
3,4,0.2395884437495542,0.9263627152988855,4935,1.621074181336623,0.9209245742092458,822,1.6250554334622223,0.9103,0.8078673849169818,0.08367552028831002,,,0.8586770001959997,,0.8586918327393203,0.14130816726067974,0.9710358327909784,0.40402155633707487,5,0.1,0.5,0.615837477609892,0.6196740359081677,0.6183991483110886,0.6198932014375842,1.0,0.6222713923484726,0.6261705513524943,0.6253754373693989,0.622084206419933,0.6230740473910156,0.6314922530125741,0.6076992090680856
3,5,0.25658167256680253,0.9250053567602314,4667,1.6382286214828492,0.9061696658097687,778,1.625142445198644,0.9102,0.8104348621332016,0.08361456064542422,,,0.8530350369658307,,0.8530495457055368,0.14695045429446318,0.9710068499164625,0.4040134732411169,5,0.1,0.5,0.615976510768625,0.6255783929744992,0.6199450899218497,0.6165807382875605,0.6222713923484726,1.0,0.6239100250997415,0.6295946699664494,0.6272468771200913,0.6273540718803505,0.631778374040584,0.6179218756695916
3,6,0.26209816473536196,0.9218055243655963,4453,1.6320666422446568,0.9123989218328841,742,1.6250413401058306,0.9105,0.8092793958038711,0.08386320071327685,,,0.8760472800493291,,0.8760654585613172,0.12393454143868277,0.9710874877451109,0.40404184373448937,5,0.1,0.5,0.6090690255124501,0.6231766276390073,0.6197645210080076,0.6170158586906116,0.6261705513524943,0.6239100250997415,1.0,0.6252723044795767,0.6309832373828526,0.6244533895295564,0.6317584928415556,0.6136319184643793
3,7,0.25141973148808994,0.9253214870236147,4277,1.621194751366325,0.9102384291725105,713,1.6250768378138922,0.9105,0.8141579187292695,0.0839325816536152,,,0.8824686548430889,,0.8824807991566689,0.11751920084333112,0.9710908862612366,0.40404767347438086,5,0.1,0.5,0.6198167894559279,0.6181736020256625,0.6222886589799855,0.6177445503804726,0.6253754373693989,0.6295946699664494,0.6252723044795767,1.0,0.637721765381232,0.6345457247330069,0.6361720486847557,0.6266697692873764
3,8,0.268117114937206,0.9194478081860015,4129,1.6543614376675,0.8968023255813954,688,1.6332435527929483,0.9081,0.8110735820936752,0.08088059644506372,,,0.6,,0.6,0.4,0.9668565268971258,0.4018312672159327,5,0.1,0.5,0.616278489617464,0.6255679792015515,0.6187859066534195,0.6167305045679844,0.622084206419933,0.6272468771200913,0.6309832373828526,0.637721765381232,1.0,0.6271273846682622,0.6392890420604056,0.6209035445254422
3,9,0.27377094614822123,0.9187703074231443,4001,1.6412972211837769,0.8995502248875562,667,1.6253705413196795,0.9102,0.8099243125491092,0.083261781042768,,,0.820384426622383,,0.8204056021284072,0.17959439787159281,0.9708349905630447,0.4039497796869991,5,0.1,0.5,0.6094806008708621,0.6217112784296821,0.6184983720810739,0.6165905337099382,0.6230740473910156,0.6273540718803505,0.6244533895295564,0.6345457247330069,0.6271273846682622,1.0,0.6396831377658689,0.6127886180387575
3,10,0.2538410256906855,0.9258421187966058,3889,1.6163098017374675,0.8996913580246914,648,1.62495804023438,0.9105,0.8182292242422988,0.08477028351638283,,,0.9599999999074476,,0.9600020079313287,0.03999799206867127,0.9712053034414777,0.40407856269304393,5,0.1,0.5,0.6227222220659,0.6281709300952957,0.6240074977960445,0.6213372042358367,0.6314922530125741,0.631778374040584,0.6317584928415556,0.6361720486847557,0.6392890420604056,0.6396831377658689,1.0,0.6218105214217972
3,11,0.2915423787848539,0.9147454497494065,3791,1.6391961991786956,0.8924050632911392,632,1.6255033812202966,0.9104,0.7993697266407045,0.08280703629275922,,,0.7782966938666587,,0.7783043019928718,0.22169569800712818,0.970593368985896,0.4038130662014654,5,0.1,0.5,0.6020061181368775,0.6147186428513514,0.6058890657312649,0.6099393641330727,0.6076992090680856,0.6179218756695916,0.6136319184643793,0.6266697692873764,0.6209035445254422,0.6127886180387575,0.6218105214217972,1.0
4,0,0.19575958990633255,0.9411249086924762,8214,1.3651171922683716,0.943754565376187,1369,1.3787269641797002,0.9313,0.7959573310919255,0.08382926714601706,,,0.8858686079493081,,0.8858842427588977,0.11411575724110234,0.9698620809677612,0.3936231891915605,5,0.1,0.5,1.0,0.6062100608482589,0.6071512434920461,0.6074796373794921,0.6063525704035562,0.6049392798287023,0.597749537508412,0.606682905706084,0.5972140657115587,0.4773698841280187,0.6127710931271932,0.5941681113598732
4,1,0.20541400697276682,0.9375722543352601,6574,1.3680662052971977,0.9333941605839416,1096,1.3789899737690203,0.9313,0.7919783284226528,0.08347128945151475,,,0.8637941776660921,,0.8638020179709854,0.13619798202901456,0.9697174913086697,0.39359982451830133,5,0.1,0.5,0.6062100608482589,1.0,0.6001119226520658,0.6043637886412778,0.6035053685545269,0.602780520872532,0.5936921239561375,0.5946467947043867,0.5969600426886695,0.48216118848621675,0.613114288709489,0.5845433406131335
4,2,0.23103144961764305,0.9319038561300363,5783,1.3858521176922707,0.9315352697095436,964,1.378930219065267,0.9313,0.7966690054589126,0.08371033088236295,,,0.8785344910462172,,0.8785502735806435,0.12144972641935647,0.9697802105195895,0.3936166557702529,5,0.1,0.5,0.6071512434920461,0.6001119226520658,1.0,0.61535497600259,0.6091814568218826,0.6011431256854329,0.5970138131632561,0.6046807666840006,0.5986659013764265,0.4811572518885558,0.6104930440220047,0.601063359107526
4,3,0.22536110027345369,0.9326271987894836,5287,1.369033741099494,0.9398410896708286,881,1.3793189975019462,0.9313,0.7975802414379277,0.08339405619308224,,,0.8590316457960987,,0.8590482405501731,0.14095175944982685,0.969429724504181,0.3935934461768106,5,0.1,0.5,0.6074796373794921,0.6043637886412778,0.61535497600259,1.0,0.6122521478792162,0.6002479828461701,0.6054179286763862,0.6116088133490623,0.5984486901467521,0.4846857598400882,0.6036638728458502,0.5934639539706341
4,4,0.2145706769463516,0.9346707193515704,4935,1.3731994170408983,0.9440389294403893,822,1.3788066207410428,0.9313,0.8048663414114113,0.08418060478017977,,,0.907533583813174,,0.9075548416244165,0.09244515837558354,0.969891850387362,0.39363774966290316,5,0.1,0.5,0.6063525704035562,0.6035053685545269,0.6091814568218826,0.6122521478792162,1.0,0.6117065987083149,0.6169546592539734,0.6130932268731444,0.6078080806542979,0.4957919827712203,0.622016345962837,0.6033836457077624
4,5,0.2364054523242561,0.9280908506535247,4667,1.3950602865219117,0.9254498714652957,778,1.3788614299731514,0.9313,0.7977165625455137,0.08388855436753387,,,0.8895245107001147,,0.8895336579488982,0.11046634205110184,0.9698612644394072,0.39362625601050427,5,0.1,0.5,0.6049392798287023,0.602780520872532,0.6011431256854329,0.6002479828461701,0.6117065987083149,1.0,0.6025560261410545,0.6090512626893066,0.605107401982278,0.4880828874984595,0.6124442700160286,0.596826271808429
4,6,0.23692740109882185,0.9303390972378172,4453,1.3896654347578685,0.931266846361186,742,1.3787690842875278,0.9313,0.7966114877149036,0.084015775618943,,,0.897369515257392,,0.8973796496159832,0.10262035038401685,0.9699245562707962,0.39363174837206044,5,0.1,0.5,0.597749537508412,0.5936921239561375,0.5970138131632561,0.6054179286763862,0.6169546592539734,0.6025560261410545,1.0,0.6147585518264754,0.6032228992662415,0.48224074936862493,0.6119905517150522,0.5976037698522212
4,7,0.23262684718886417,0.9304652794014496,4277,1.3719112873077393,0.9354838709677419,713,1.378845559903227,0.9312,0.8023638818743465,0.08426432857971847,,,0.9126963501093597,,0.9127102053109784,0.08728979468902165,0.9699398780083422,0.39364016811358155,5,0.1,0.5,0.606682905706084,0.5946467947043867,0.6046807666840006,0.6116088133490623,0.6130932268731444,0.6090512626893066,0.6147585518264754,1.0,0.6102141526819105,0.49432498934344243,0.6137314929133201,0.604655320115386
4,8,0.24440973775844774,0.9256478566238798,4129,1.4139050895517522,0.9142441860465116,688,1.3881175167644366,0.9298,0.7947511709022167,0.08195828563635367,,,0.7704959142576794,,0.7705085086090055,0.22949149139099445,0.9646849566157149,0.393343186343364,5,0.1,0.5,0.5972140657115587,0.5969600426886695,0.5986659013764265,0.5984486901467521,0.6078080806542979,0.605107401982278,0.6032228992662415,0.6102141526819105,1.0,0.4808196556853313,0.6208451890551527,0.6004097402320769
4,9,0.25160908402907634,0.9257685578605349,4001,1.4016402335393996,0.9190404797601199,667,1.3813281223035088,0.93,0.6708548590732265,0.07919337920275778,,,0.6,,0.6,0.4,0.9647650376740932,0.39130791786556945,5,0.1,0.5,0.4773698841280187,0.48216118848621675,0.4811572518885558,0.4846857598400882,0.4957919827712203,0.4880828874984595,0.48224074936862493,0.49432498934344243,0.4808196556853313,1.0,0.4971390049191383,0.47420356410144676
4,10,0.2309408524272139,0.9314991000257136,3889,1.3669892776580084,0.9243827160493827,648,1.3787277696993405,0.9313,0.808269840820533,0.08503144470865416,,,0.9599999999383357,,0.9600020079313287,0.03999799206867127,0.9700510728670616,0.39365171852807385,5,0.1,0.5,0.6127710931271932,0.613114288709489,0.6104930440220047,0.6036638728458502,0.622016345962837,0.6124442700160286,0.6119905517150522,0.6137314929133201,0.6208451890551527,0.4971390049191383,1.0,0.6114216966354387
4,11,0.2673902901374743,0.9209707201266156,3791,1.3968774735927583,0.9082278481012658,632,1.379347385308994,0.9313,0.7895658220870071,0.08306268343288219,,,0.8385977891476766,,0.8386125194518348,0.1613874805481652,0.9693435097680249,0.39355934080005067,5,0.1,0.5,0.5941681113598732,0.5845433406131335,0.601063359107526,0.5934639539706341,0.6033836457077624,0.596826271808429,0.5976037698522212,0.604655320115386,0.6004097402320769,0.47420356410144676,0.6114216966354387,1.0
5,0,0.18694084938180702,0.9453859264670076,8214,1.1265867560408835,0.9503287070854638,1369,1.1423003860175038,0.9393,0.785132762230464,0.08441346557313933,,,0.9281133829721175,,0.9281311179157673,0.0718688820842327,0.9648706139666087,0.3822497995987033,5,0.1,0.5,1.0,0.5844806174297699,0.5889775291859234,0.5813430111630046,0.5921049183394066,0.5879559868185738,0.5770964524728298,0.5863866672972731,0.3697794972386431,0.5734012650502737,0.5847083428896176,0.5700166784486889
5,1,0.19201091495659023,0.9426224520839671,6574,1.1304163558142526,0.9434306569343066,1096,1.1425462410853693,0.9393,0.785323773764006,0.08417879494279014,,,0.9201479413329243,,0.9201696701972792,0.07983032980272076,0.9648125854078253,0.38224672839686763,5,0.1,0.5,0.5844806174297699,1.0,0.5908789978689114,0.5818126731415224,0.5925923041420212,0.590421609584942,0.578434743366763,0.5756142698438216,0.3737312484573094,0.576849426826898,0.5848628908205433,0.5704232626177623
5,2,0.2124789115602346,0.9368493861317655,5783,1.1482629891364806,0.9387966804979253,964,1.1424970941040844,0.9393,0.7857031942622325,0.08435349452874265,,,0.926077781612576,,0.9260980874454093,0.07390191255459067,0.9648596901804328,0.3822490861784625,5,0.1,0.5,0.5889775291859234,0.5908789978689114,1.0,0.5802907988407864,0.593436572476442,0.5855279081054493,0.5779267658202246,0.5877829991506657,0.36791462868389985,0.5728962296902816,0.5789563935889236,0.5775382265547746
5,3,0.20481293119258018,0.9384906374125213,5287,1.1317428520747594,0.9500567536889898,881,1.1429233709082436,0.9393,0.7763225064503344,0.08380716311231617,,,0.9075336160869313,,0.9075548416244165,0.09244515837558354,0.9647863849094758,0.382240355615072,5,0.1,0.5,0.5813430111630046,0.5818126731415224,0.5802907988407864,1.0,0.5892247790933592,0.5736877722867787,0.5691266646124545,0.5779228030441133,0.3558558418647467,0.5743185816670826,0.5690348841733748,0.5654409785906468
5,4,0.19686803497133717,0.940628166160081,4935,1.135487661911891,0.9525547445255474,822,1.1423798904251368,0.9393,0.79479946599593,0.08499359987626441,,,0.9478049222480835,,0.9478188845941469,0.05218111540585313,0.9649178278986029,0.38225462903503243,5,0.1,0.5,0.5921049183394066,0.5925923041420212,0.593436572476442,0.5892247790933592,1.0,0.5913777750549909,0.5924561830157915,0.5960104053497931,0.3756498631319236,0.5820130079185541,0.6008581205552369,0.5774155740383312
5,5,0.21692306114335175,0.9354617527319478,4667,1.161370096206665,0.9305912596401028,778,1.142442418744389,0.9393,0.7863023275396988,0.0844949728390322,,,0.9308799898060183,,0.9308970433211184,0.06910295667888156,0.9648718802065258,0.3822506670219992,5,0.1,0.5,0.5879559868185738,0.590421609584942,0.5855279081054493,0.5736877722867787,0.5913777750549909,1.0,0.577608922887343,0.5896761693059985,0.3696789257529243,0.5746269746172288,0.5871209513878233,0.5790217526555128
5,6,0.22358961336946648,0.9313271951493375,4453,1.155567114551862,0.9339622641509434,742,1.1423402735219597,0.9393,0.7810376570613823,0.08439388967293136,,,0.9274489168205193,,0.9274584609206366,0.07254153907936345,0.9649027998794365,0.38224952108109894,5,0.1,0.5,0.5770964524728298,0.578434743366763,0.5779267658202246,0.5691266646124545,0.5924561830157915,0.577608922887343,1.0,0.5875037252857254,0.3748102784078993,0.5678199840989554,0.5821873223059428,0.5727519689163157
5,7,0.21310008281508266,0.9367781155015198,4277,1.132799726465474,0.9453015427769986,713,1.1424200405328038,0.9393,0.787940780699837,0.08480659176945922,,,0.9414572929832019,,0.9414738215953015,0.05852617840469854,0.9649273656392051,0.38225339955934823,5,0.1,0.5,0.5863866672972731,0.5756142698438216,0.5877829991506657,0.5779228030441133,0.5960104053497931,0.5896761693059985,0.5875037252857254,1.0,0.359976767097919,0.5834162598654274,0.5907172780539955,0.5849936773357888
5,8,0.33114440017661906,0.920368127875999,4129,1.1841374906626614,0.9186046511627907,688,1.1533961109459971,0.9376,0.548378275337394,0.07474688612960809,,,0.6,,0.6,0.4,0.959697426936539,0.3799357277570258,5,0.1,0.5,0.3697794972386431,0.3737312484573094,0.36791462868389985,0.3558558418647467,0.3756498631319236,0.3696789257529243,0.3748102784078993,0.359976767097919,1.0,0.3645477036196028,0.36901924557150595,0.3601006554813937
5,9,0.2391639058527145,0.9294176455886028,4001,1.1688751890545799,0.9310344827586207,667,1.1448620481612963,0.9392,0.7746369562247476,0.0809140238815783,,,0.8093315885805004,,0.8093469203353245,0.19065307966467548,0.9594302155917441,0.3820685413710163,5,0.1,0.5,0.5734012650502737,0.576849426826898,0.5728962296902816,0.5743185816670826,0.5820130079185541,0.5746269746172288,0.5678199840989554,0.5834162598654274,0.3645477036196028,1.0,0.5897838023110854,0.564201757569289
5,10,0.21123531754663,0.9394188737464644,3889,1.1298903652599879,0.9351851851851852,648,1.142295461112318,0.9394,0.7887542707054548,0.08535288021561846,,,0.9599999999660569,,0.9600020079313287,0.03999799206867127,0.9649711829146174,0.3822562379811507,5,0.1,0.5,0.5847083428896176,0.5848628908205433,0.5789563935889236,0.5690348841733748,0.6008581205552369,0.5871209513878233,0.5821873223059428,0.5907172780539955,0.36901924557150595,0.5897838023110854,1.0,0.586971631640927
5,11,0.2449358227952313,0.9285149037193353,3791,1.162161749601364,0.9161392405063291,632,1.1429368105178443,0.9395,0.7752120931041251,0.08354423745851976,,,0.898609112208258,,0.8986195472114854,0.1013804527885146,0.9646698160967461,0.38223424962162744,5,0.1,0.5,0.5700166784486889,0.5704232626177623,0.5775382265547746,0.5654409785906468,0.5774155740383312,0.5790217526555128,0.5727519689163157,0.5849936773357888,0.3601006554813937,0.564201757569289,0.586971631640927,1.0
6,0,0.17678629188229428,0.9467981495008522,8214,0.8869415272113889,0.9598246895544192,1369,0.9050462263079878,0.9461,0.7730559894994122,0.08402766395424736,,,0.9176725589178202,,0.9176898750062747,0.08231012499372525,0.9647903953471313,0.38699784674335946,5,0.1,0.5,1.0,0.5677366666062501,0.5604574483023704,0.5637417678856604,0.565120193960441,0.5668492355929452,0.5576607785100186,0.5628847376767333,0.5605472181745447,0.5489854856465319,0.5603974195688675,0.5596640677824523
6,1,0.18158478831529878,0.9443869790082142,6574,0.8934116039957319,0.9525547445255474,1096,0.9052734664453866,0.946,0.7739896876005498,0.08390304797237365,,,0.911658178786167,,0.9116811405049947,0.08831885949500529,0.9647808279691875,0.3869945537101633,5,0.1,0.5,0.5677366666062501,1.0,0.5627815088886053,0.5666386169182025,0.5622327067446943,0.5677261244775206,0.5621352139354738,0.5582249078078583,0.5582519760325084,0.5571712556634585,0.5698563810934705,0.5509990348901768
6,2,0.19906458214172343,0.9408265606086806,5783,0.910419919798451,0.946058091286307,964,0.9052221769342026,0.9461,0.7726873665363683,0.0839743511501613,,,0.9150995063700108,,0.9151197229054766,0.0848802770945234,0.9647896370487815,0.38699651252404726,5,0.1,0.5,0.5604574483023704,0.5627815088886053,1.0,0.562867304427948,0.5621338494747983,0.5636570764859711,0.5629002317050262,0.5648592901627575,0.5573387780947048,0.5530368487247694,0.5613606804118704,0.5593665745029462
6,3,0.19370899578775222,0.9422356724040098,5287,0.8940393584115165,0.9523269012485811,881,0.9056217957990238,0.946,0.7727608779676514,0.08360998967324977,,,0.8975142143831668,,0.8975302444656392,0.10246975553436077,0.9647374836474747,0.38698491101035515,5,0.1,0.5,0.5637417678856604,0.5666386169182025,0.562867304427948,1.0,0.5739228899845225,0.5619649587704637,0.5588737543575779,0.5640713856859539,0.5566575723423913,0.5569753537085017,0.5599541107172191,0.5485183679104421
6,4,0.1831543814631239,0.9435866261398176,4935,0.8976069436623499,0.9574209245742092,822,0.9051175022277588,0.946,0.7797378830360179,0.08465354462751333,,,0.947879633720563,,0.9478941820189749,0.05210581798102509,0.9648297385591281,0.3870074894978413,5,0.1,0.5,0.565120193960441,0.5622327067446943,0.5621338494747983,0.5739228899845225,1.0,0.5662881653892115,0.5683176602614871,0.570008891052434,0.5666546295885954,0.5616731223221458,0.5766257916622984,0.5604289146727245
6,5,0.1974228448502413,0.9418041568459395,4667,0.9258209490776061,0.9331619537275064,778,0.9051778491693564,0.946,0.7771292961341923,0.08422640875911297,,,0.927264641632093,,0.9272827669293711,0.07271723307062894,0.9648004488491426,0.3870020590462451,5,0.1,0.5,0.5668492355929452,0.5677261244775206,0.5636570764859711,0.5619649587704637,0.5662881653892115,1.0,0.5699404518324976,0.5699222894385298,0.5682412296430807,0.5532140105714536,0.5642451600011363,0.5598953862038942
6,6,0.20371753790948008,0.9393667190657984,4453,0.9199835459391276,0.9407008086253369,742,0.905081207759845,0.946,0.7754251445932255,0.08409826865209881,,,0.921080175545914,,0.9211033582651473,0.07889664173485267,0.9647981213545465,0.3869995279852742,5,0.1,0.5,0.5576607785100186,0.5621352139354738,0.5629002317050262,0.5588737543575779,0.5683176602614871,0.5699404518324976,1.0,0.5740065898959953,0.5679912950713685,0.5536510584017074,0.5655109226332172,0.5557060693718674
6,7,0.19333993307273112,0.9435118073415946,4277,0.8937316122262374,0.9495091164095372,713,0.9051563179911897,0.9461,0.7791274029595748,0.08450635345186401,,,0.9407756999468273,,0.9407961447718488,0.05920385522815119,0.9648202522273777,0.38700604047132914,5,0.1,0.5,0.5628847376767333,0.5582249078078583,0.5648592901627575,0.5640713856859539,0.570008891052434,0.5699222894385298,0.5740065898959953,1.0,0.569354926631266,0.5600018522399659,0.567771071182587,0.5679899182655
6,8,0.20237461163474318,0.9392589004601598,4129,0.951850565997037,0.9302325581395349,688,0.9170553731842163,0.9453,0.7705322839277094,0.07744559282183988,,,0.6,,0.6,0.4,0.9600137747260319,0.38456486357590436,5,0.1,0.5,0.5605472181745447,0.5582519760325084,0.5573387780947048,0.5566575723423913,0.5666546295885954,0.5682412296430807,0.5679912950713685,0.569354926631266,1.0,0.5555211652733277,0.5752806048138753,0.5654341835168353
6,9,0.2102657016297483,0.938365408647838,4001,0.9346894252867926,0.9355322338830585,667,0.9077432069915552,0.9456,0.7641857548514739,0.081363579699566,,,0.7890950268108774,,0.789106972541539,0.21089302745846095,0.9641005148534978,0.38674461010797373,5,0.1,0.5,0.5489854856465319,0.5571712556634585,0.5530368487247694,0.5569753537085017,0.5616731223221458,0.5532140105714536,0.5536510584017074,0.5600018522399659,0.5555211652733277,1.0,0.5674092435635153,0.542908069615928
6,10,0.18984205368448231,0.9438930316276678,3889,0.8916973301342556,0.9429012345679012,648,0.9050382240511738,0.9461,0.7800153348358824,0.08490467463684175,,,0.9599999999517366,,0.9600020079313287,0.03999799206867127,0.964836568266531,0.3870092476790182,5,0.1,0.5,0.5603974195688675,0.5698563810934705,0.5613606804118704,0.5599541107172191,0.5766257916622984,0.5642451600011363,0.5655109226332172,0.567771071182587,0.5752806048138753,0.5674092435635153,1.0,0.5669624569981773
