round,client_id,client_i_training_loss,client_i_training_accuracy,client_i_training_dataset_size,client_i_evaluation_loss,client_i_evaluation_accuracy,client_i_evaluation_dataset_size,client_i_central_evaluation_loss,client_i_central_evaluation_accuracy,client_i_cosine_similarity,client_i_importance_coefficient,client_i_tanh_val,tanh_normalization_value,client_i_q,client_i_mask_order,client_i_v_nonzero_fraction,client_i_v_sparsity,client_i_v_cosine_similarity,client_i_reward_gradient_norm,local_epochs,learning_rate,gamma,client_0_cosine_similarity,client_1_cosine_similarity,client_2_cosine_similarity,client_3_cosine_similarity,client_4_cosine_similarity,client_5_cosine_similarity,client_6_cosine_similarity,client_7_cosine_similarity,client_8_cosine_similarity,client_9_cosine_similarity,client_10_cosine_similarity,client_11_cosine_similarity
0,0,0.2745630043319604,0.915290966642318,8214,2.19905901509662,0.42951059167275385,1369,2.198189978401501,0.4439,0.8070962093046069,0.08561375664132599,,,0.999999999912943,,1.0,0.0,0,0.3938322690830961,5,0.1,0.5,1.0,0.5857025356489834,0.5773972530433112,0.5726898877192724,0.5807091886336238,0.5798747841037264,0.5680368435131529,0.5833684530462505,0.572025866880329,0.5784827242862645,0.5843717338450858,0.5714376222820865
0,1,0.3045248103716854,0.9064800730149072,6574,2.197469827107021,0.458029197080292,1096,2.19819366589141,0.4433,0.7970861598400819,0.08455192791639385,,,0.9075604174031529,,0.9075799407660258,0.09242005923397423,0,0.39381102474848106,5,0.1,0.5,0.5857025356489834,1.0,0.5865530095899623,0.5670892675299021,0.5938660485566338,0.5790832055588867,0.5766061415929505,0.5786834529727178,0.5797291285961326,0.5931138647957405,0.5797676705101029,0.5796781575106673
0,2,0.3279998230547207,0.8971813937402732,5783,2.197005041183964,0.44813278008298757,964,2.1983414831252905,0.4427,0.7892351590982246,0.0837191230299933,,,0.8350589544050605,,0.8350835801415591,0.16491641985844085,0,0.3937034020711576,5,0.1,0.5,0.5773972530433112,0.5865530095899623,1.0,0.5867801255620546,0.5802927945393934,0.5737517101936505,0.5807565050892067,0.5734585686152386,0.5866044927558292,0.5741671526631473,0.5911984587670295,0.5846393033461954
0,3,0.3383651406582759,0.8947229052392661,5287,2.19735757793699,0.4392735527809308,881,2.198428898192823,0.4426,0.7830524244846743,0.08306328159438742,,,0.7779633917436678,,0.7779729933236283,0.22202700667637165,0,0.39350616115835935,5,0.1,0.5,0.5726898877192724,0.5670892675299021,0.5867801255620546,1.0,0.5886987509282596,0.5782206252502778,0.5781974576619319,0.5915651538722013,0.5846404901384642,0.5711632063691487,0.587608014298445,0.5807057367762198
0,4,0.3416180407400093,0.8908611955420466,4935,2.1980374501301694,0.4586374695863747,822,2.1982969826402754,0.4426,0.7906740392948549,0.08387175407641646,,,0.8483465495492686,,0.8483560062245871,0.15164399377541293,0,0.3937320678953464,5,0.1,0.5,0.5807091886336238,0.5938660485566338,0.5802927945393934,0.5886987509282596,1.0,0.5802684594447571,0.584229892872874,0.590386796205101,0.599138815670926,0.6034790548093845,0.5963962606343698,0.5928062862574413
0,5,0.35769746728394536,0.8878508677951575,4667,2.2008369255065916,0.4267352185089974,778,2.1984603443084816,0.4423,0.7822086956326011,0.08297378198358525,,,0.7701718275647371,,0.7701872395964058,0.22981276040359422,0,0.3934691812981263,5,0.1,0.5,0.5798747841037264,0.5790832055588867,0.5737517101936505,0.5782206252502778,0.5802684594447571,1.0,0.5881397596411078,0.6048839156172318,0.6077733962112073,0.5812136241475873,0.5846877875117076,0.5741382276599839
0,6,0.3708350403354104,0.8858746912194027,4453,2.1944645841916404,0.4582210242587601,742,2.1985348870579045,0.4434,0.7776536650895289,0.08249060132691437,,,0.7281075877012723,,0.7281260980874454,0.27187390191255456,0,0.39320645955713784,5,0.1,0.5,0.5680368435131529,0.5766061415929505,0.5807565050892067,0.5781974576619319,0.584229892872874,0.5881397596411078,1.0,0.5843643406793293,0.5999391819965253,0.5777136072101448,0.5843739185374981,0.5904365688653523
0,7,0.36769721626735,0.8849660977320551,4277,2.1989842912425166,0.4277699859747546,713,2.1984470774190497,0.4425,0.7828047916152553,0.08303701362289354,,,0.7756765819585694,,0.7756990110938206,0.22430098890617944,0,0.3934960637348694,5,0.1,0.5,0.5833684530462505,0.5786834529727178,0.5734585686152386,0.5915651538722013,0.590386796205101,0.6048839156172318,0.5843643406793293,1.0,0.5922750307178923,0.5910462889329946,0.5911777591479092,0.5882851698225721
0,8,0.3716065772302234,0.8824412690724146,4129,2.20221226865595,0.4258720930232558,688,2.1984080841746954,0.4426,0.7836434979028846,0.08312598045878601,,,0.783421764372657,,0.7834295467095025,0.2165704532904975,0,0.3935312547868973,5,0.1,0.5,0.572025866880329,0.5797291285961326,0.5866044927558292,0.5846404901384642,0.599138815670926,0.6077733962112073,0.5999391819965253,0.5922750307178923,1.0,0.5879140139748834,0.6013991762041748,0.5866000980874184
0,9,0.37808579782482293,0.8807798050487378,4001,2.198369400841849,0.4407796101949025,667,2.1985343614706214,0.4434,0.7776496029135186,0.08249017042642892,,,0.7280700748142664,,0.7280859394608704,0.2719140605391296,0,0.39320629554618863,5,0.1,0.5,0.5784827242862645,0.5931138647957405,0.5741671526631473,0.5711632063691487,0.6034790548093845,0.5812136241475873,0.5777136072101448,0.5910462889329946,0.5879140139748834,1.0,0.5900073235190753,0.5925859080758028
0,10,0.3726454497589806,0.8856775520699408,3889,2.1923019658951532,0.46141975308641975,648,2.198485048434224,0.4422,0.7814647964079321,0.08289487192744542,,,0.7633021578391831,,0.7633150946237639,0.2366849053762361,0,0.3934334793457222,5,0.1,0.5,0.5843717338450858,0.5797676705101029,0.5911984587670295,0.587608014298445,0.5963962606343698,0.5846877875117076,0.5843739185374981,0.5911777591479092,0.6013991762041748,0.5900073235190753,1.0,0.596013278900003
0,11,0.41426977805730675,0.871907148509628,3791,2.2014519333839417,0.439873417721519,632,2.198592226345318,0.4427,0.7746099652417022,0.08216773699542954,,,0.7,,0.7,0.30000000000000004,0,0.3929618778938671,5,0.1,0.5,0.5714376222820865,0.5796781575106673,0.5846393033461954,0.5807057367762198,0.5928062862574413,0.5741382276599839,0.5904365688653523,0.5882851698225721,0.5866000980874184,0.5925859080758028,0.596013278900003,1.0
1,0,0.25346695935237673,0.9235938641344047,8214,2.04133771741113,0.7567567567567568,1369,2.0424413650561446,0.7526,0.7935427766632729,0.08460477033925848,,,0.9999999999319579,,1.0,0.0,0.9575196270773796,0.40026825794960585,5,0.1,0.5,1.0,0.6059175136801143,0.6079469462862165,0.6095520666664356,0.6117451065892566,0.6157127460666871,0.596885971928434,0.6025603392981315,0.6155644384767944,0.5280833641800737,0.6162125516677834,0.6012841173898424
1,1,0.2666222171111991,0.9189534529966534,6574,2.0406926257269724,0.7563868613138686,1096,2.0424468178337754,0.7526,0.8073468109119151,0.08438206491796511,,,0.9848466600665515,,0.9848501581245921,0.01514984187540791,0.9574839774066888,0.40026815942005606,5,0.1,0.5,0.6059175136801143,1.0,0.6282879383294382,0.6156616690934648,0.6225791712819673,0.6272581222141376,0.6191872173076403,0.6179312368434672,0.6148071128611036,0.544528616560211,0.6347959882804765,0.6188329177961881
1,2,0.2949179862106209,0.9098045996887428,5783,2.0418446371632237,0.7614107883817427,964,2.042629226708945,0.7523,0.8051255409320264,0.08375126850701423,,,0.9419259608509455,,0.9419406656292355,0.05805933437076449,0.9572239702531469,0.4002625043178077,5,0.1,0.5,0.6079469462862165,0.6282879383294382,1.0,0.6185319196094902,0.616790954758207,0.6349537302802307,0.6063277130668635,0.6213103605407561,0.6125999967437402,0.5410267429212965,0.6274254970104742,0.6167596375737994
1,3,0.29557036529239045,0.9094382447512768,5287,2.04084780386516,0.7729852440408627,881,2.0427452162050974,0.7529,0.8036216555235137,0.08326308867931542,,,0.9087091904571486,,0.9087244616234125,0.09127553837658753,0.9566999695437911,0.40024655858671376,5,0.1,0.5,0.6095520666664356,0.6156616690934648,0.6185319196094902,1.0,0.6226645876825685,0.6198421678930017,0.6054758142357979,0.6250530943985654,0.6092710633306451,0.5465456520805276,0.6229302444056646,0.6251721772744842
1,4,0.2914103638044288,0.9101114488348531,4935,2.040793790267064,0.7554744525547445,822,2.0425732851790164,0.7522,0.8108774442838138,0.08405371879377463,,,0.9625053071508847,,0.9625219617489081,0.03747803825109186,0.9573036009151578,0.40026672613285724,5,0.1,0.5,0.6117451065892566,0.6225791712819673,0.616790954758207,0.6226645876825685,1.0,0.632632149930059,0.6255494335966313,0.620313552468007,0.6232337239402912,0.554307021026965,0.635838654941763,0.6213029050108484
1,5,0.3148015851461112,0.9024212556245983,4667,2.0476484394073484,0.7313624678663239,778,2.0427866743776364,0.7529,0.8147543158975382,0.08359281556906563,,,0.9311444935320861,,0.9311630942221776,0.06883690577782242,0.9566184666114464,0.4002588347677267,5,0.1,0.5,0.6157127460666871,0.6272581222141376,0.6349537302802307,0.6198421678930017,0.632632149930059,1.0,0.6248420679964548,0.6299225372250967,0.6281793830926408,0.5499711043567493,0.6390356663363824,0.6256114353249114
1,6,0.3184026069253949,0.9031664046710083,4453,2.040950690706571,0.7654986522911051,742,2.042929067779273,0.7528,0.8006638899037333,0.08277931988351316,,,0.8757925558440489,,0.8758094473169018,0.1241905526830982,0.955897518665555,0.40021210213791947,5,0.1,0.5,0.596885971928434,0.6191872173076403,0.6063277130668635,0.6054758142357979,0.6255494335966313,0.6248420679964548,1.0,0.6159007668232066,0.623394325031983,0.5349114182485983,0.629645999678829,0.612981565902395
1,7,0.31119601646605044,0.9053074584989479,4277,2.041852189146954,0.7405329593267882,713,2.0427679383335784,0.7525,0.8089404782976475,0.08343157539998568,,,0.9201733772124453,,0.9201947693388887,0.07980523066111134,0.9566849619972106,0.4002537371942789,5,0.1,0.5,0.6025603392981315,0.6179312368434672,0.6213103605407561,0.6250530943985654,0.620313552468007,0.6299225372250967,0.6159007668232066,1.0,0.6329983965379329,0.5457806547163786,0.6397976825742921,0.6207323101552691
1,8,0.3241735276828023,0.8994429643981594,4129,2.051173367283561,0.7383720930232558,688,2.0427288224521916,0.7528,0.8081021006398116,0.08346135908842689,,,0.9221999212937434,,0.9222127403242809,0.07778725967571909,0.9567400469754106,0.400254795186515,5,0.1,0.5,0.6155644384767944,0.6148071128611036,0.6125999967437402,0.6092710633306451,0.6232337239402912,0.6281793830926408,0.623394325031983,0.6329983965379329,1.0,0.5463456039661673,0.6363334863909924,0.6208452366817593
1,9,0.349939210990089,0.8960759810047488,4001,2.046076082047962,0.7391304347826086,667,2.043782572015025,0.7528,0.7267660159409965,0.08019573398382236,,,0.7,,0.7,0.30000000000000004,0.9550897423489967,0.39934087196644313,5,0.1,0.5,0.5280833641800737,0.544528616560211,0.5410267429212965,0.5465456520805276,0.554307021026965,0.5499711043567493,0.5349114182485983,0.5457806547163786,0.5463456039661673,1.0,0.5507044443907365,0.5444123606706553
1,10,0.3130345262640507,0.9049112882489072,3889,2.0319122530165172,0.7546296296296297,648,2.0428143324562535,0.7522,0.8198070374776861,0.08371703532637684,,,0.9395966640702045,,0.9396064454595653,0.06039355454043471,0.9565298959035138,0.40026184258626557,5,0.1,0.5,0.6162125516677834,0.6347959882804765,0.6274254970104742,0.6229302444056646,0.635838654941763,0.6390356663363824,0.629645999678829,0.6397976825742921,0.6363334863909924,0.5507044443907365,1.0,0.6443957595012587
1,11,0.36116468266216145,0.8899498812978106,3791,2.0485177457332613,0.745253164556962,632,2.0430191138301033,0.7521,0.8064530271264074,0.0827672495114815,,,0.8749712626369264,,0.8749761558154711,0.12502384418452894,0.9552806168536023,0.40021081618219423,5,0.1,0.5,0.6012841173898424,0.6188329177961881,0.6167596375737994,0.6251721772744842,0.6213029050108484,0.6256114353249114,0.612981565902395,0.6207323101552691,0.6208452366817593,0.5444123606706553,0.6443957595012587,1.0
2,0,0.22982680210191395,0.9316289262235208,8214,1.8419931544813999,0.87509130752374,1369,1.8458923368027416,0.8646,0.8034674036581503,0.08390664244147542,,,0.9989748913486316,,0.9989809748506601,0.001019025149339936,0.9674328512241082,0.405562374931401,5,0.1,0.5,1.0,0.6096142518573683,0.6197821725779159,0.6173216562972454,0.6263280080892113,0.6233699247965162,0.6175462136639571,0.6141707824141746,0.6239754468679095,0.6193285160226825,0.6168914313195398,0.626503471608287
2,1,0.24215323949974138,0.9263157894736842,6574,1.8426181997571673,0.8722627737226277,1096,1.8458957706396573,0.8646,0.8018565315862255,0.08370331841935044,,,0.9742880018233342,,0.9742984789920185,0.02570152100798151,0.9674292130292449,0.4055617476662946,5,0.1,0.5,0.6096142518573683,1.0,0.6246248158394012,0.6097335735424847,0.6187164245552269,0.6280047177144782,0.6168441998816016,0.6165161100074305,0.6131504798661377,0.6265410208585329,0.6232465776757828,0.6133866525864811
2,2,0.2665618168035759,0.9200760850769497,5783,1.8467448449903918,0.8713692946058091,964,1.846104260450735,0.8644,0.813660170214758,0.08369700205752768,,,0.9735210913280046,,0.973535465087094,0.026464534912906013,0.9674119938581359,0.40556170569886746,5,0.1,0.5,0.6197821725779159,0.6246248158394012,1.0,0.6246234563424001,0.6322686676905563,0.6327560918283667,0.630755499767873,0.6327653420965096,0.6245641347495751,0.6332627934926475,0.6343502770275276,0.628443173927918
2,3,0.27152272300704955,0.917684887459807,5287,1.8430292478629522,0.8728717366628831,881,1.8462165887363422,0.8642,0.8037708059844239,0.08303002552933968,,,0.8925391409649372,,0.8925555945986647,0.10744440540133526,0.9672976366006046,0.4055228814457431,5,0.1,0.5,0.6173216562972454,0.6097335735424847,0.6246234563424001,1.0,0.6235902192874325,0.6184758763571367,0.6123347359349288,0.6320039751737043,0.6205962762583582,0.6262655615780707,0.6237241204192195,0.6153936656076585
2,4,0.2593484601288313,0.9205673758865248,4935,1.8415478422091558,0.864963503649635,822,1.8460365731876118,0.864,0.81417998004977,0.08391508535159622,,,0.9999999998785836,,1.0,0.0,0.9674257546983902,0.40556237505216014,5,0.1,0.5,0.6263280080892113,0.6187164245552269,0.6322686676905563,0.6235902192874325,1.0,0.6295942217707785,0.6277871953167514,0.6322235267953746,0.6330571286618846,0.6356415258904821,0.6325600504785907,0.6302155494281233
2,5,0.2862564010826284,0.9125776730233555,4667,1.8543432188034057,0.8483290488431876,778,1.8462855134147425,0.8642,0.8145371099048357,0.083622745783399,,,0.9645051550071682,,0.964519853421013,0.035480146578987015,0.9674000375820386,0.4055608601268264,5,0.1,0.5,0.6233699247965162,0.6280047177144782,0.6327560918283667,0.6184758763571367,0.6295942217707785,1.0,0.6280447186175628,0.63466967631323,0.638514347467692,0.6339910901755706,0.634270882706843,0.6256264717415906
2,6,0.2879141871657755,0.9143049629463283,4453,1.8480621029933293,0.8584905660377359,742,1.8464644328473856,0.8639,0.8082181698045422,0.08286491542803665,,,0.8724920516550806,,0.8725013804527885,0.12749861954721153,0.9671889439108502,0.40549632628481175,5,0.1,0.5,0.6175462136639571,0.6168441998816016,0.630755499767873,0.6123347359349288,0.6277871953167514,0.6280447186175628,1.0,0.6264963859855386,0.6265366512924734,0.6295707885921242,0.6264363603057086,0.6272493995106988
2,7,0.27871884282594966,0.91620294599018,4277,1.8443697950114375,0.8667601683029453,713,1.846258936598659,0.8642,0.8148592407076874,0.08352733790605349,,,0.9529210652215354,,0.9529340896541338,0.04706591034586616,0.9673885165423893,0.40555889328783323,5,0.1,0.5,0.6141707824141746,0.6165161100074305,0.6327653420965096,0.6320039751737043,0.6322235267953746,0.63466967631323,0.6264963859855386,1.0,0.6385887579740256,0.6374619929266605,0.6401559765930129,0.6264803870932504
2,8,0.2867656750848087,0.911939937030758,4129,1.8594316027381204,0.8430232558139535,688,1.8462276641553201,0.8644,0.8140964170137832,0.08352048418316839,,,0.9520889102310273,,0.952105817981025,0.047894182018974996,0.9673901494148757,0.4055587515895318,5,0.1,0.5,0.6239754468679095,0.6131504798661377,0.6245641347495751,0.6205962762583582,0.6330571286618846,0.638514347467692,0.6265366512924734,0.6385887579740256,1.0,0.6317605003808312,0.6388829629537275,0.6341004267719026
2,9,0.2998241470826398,0.9064233941514621,4001,1.8552023626509166,0.8455772113943029,667,1.8488097411755937,0.862,0.8164852007532235,0.08144425132650371,,,0.7,,0.7,0.30000000000000004,0.9648721038685136,0.40458019254824273,5,0.1,0.5,0.6193285160226825,0.6265410208585329,0.6332627934926475,0.6262655615780707,0.6356415258904821,0.6339910901755706,0.6295707885921242,0.6374619929266605,0.6317605003808312,1.0,0.6536979891116257,0.633692742063488
2,10,0.28078778690246287,0.9175109282591926,3889,1.8305613199869792,0.8719135802469136,648,1.8463177441027219,0.8643,0.817764209165072,0.0838171952298059,,,0.988114524679935,,0.9881281060187742,0.01187189398122579,0.9674157047944278,0.405562301201569,5,0.1,0.5,0.6168914313195398,0.6232465776757828,0.6343502770275276,0.6237241204192195,0.6325600504785907,0.634270882706843,0.6264363603057086,0.6401559765930129,0.6388829629537275,0.6536979891116257,1.0,0.6348838619055864
2,11,0.3220737038900246,0.9063571616987602,3791,1.855233073234558,0.8560126582278481,632,1.8465674921346549,0.8639,0.810920940081579,0.08295099634374355,,,0.8829436944766382,,0.8829526630189247,0.11704733698107528,0.9672141461459269,0.4055112479763551,5,0.1,0.5,0.626503471608287,0.6133866525864811,0.628443173927918,0.6153936656076585,0.6302155494281233,0.6256264717415906,0.6272493995106988,0.6264803870932504,0.6341004267719026,0.633692742063488,0.6348838619055864,1.0
3,0,0.21317843871901412,0.9351351351351351,8214,1.6241964074068291,0.9159970781592404,1369,1.6308044518906468,0.9054,0.7993963519224171,0.08413767251951962,,,0.9828693797186125,,0.9828773655940967,0.017122634405903336,0.9672523695447417,0.3938170126497174,5,0.1,0.5,1.0,0.6093744431781135,0.6170121721634413,0.608901468391077,0.6147881209908922,0.6236613374373263,0.594470099705438,0.6170215901477603,0.5458797341675071,0.4942339629281197,0.6151549199436512,0.6096749651476117
3,1,0.22508049697334906,0.9327958624885915,6574,1.625798623902457,0.916970802919708,1096,1.6308071190556779,0.9055,0.7970696965633277,0.08392009587835293,,,0.9721509443771515,,0.972170071783545,0.027829928216455024,0.9672461527055584,0.3938164986275422,5,0.1,0.5,0.6093744431781135,1.0,0.6179071990150775,0.6060836937056213,0.6123171493895638,0.6145358397938991,0.5974157321989311,0.6100874454078817,0.543394971985348,0.4987536523578376,0.6173668190068206,0.6020259000717598
3,2,0.24717982872414984,0.9270274943800796,5783,1.632581030168841,0.9024896265560166,964,1.6310325701015826,0.9054,0.8066612413351694,0.08425302757409339,,,0.9885520931161986,,0.9885648310827769,0.01143516891722307,0.9672479653173713,0.39381711864061575,5,0.1,0.5,0.6170121721634413,0.6179071990150775,1.0,0.6152426611044909,0.6249026872698424,0.6175633489351227,0.6127513348867978,0.6260508915570194,0.5396288046240916,0.5021320355624577,0.6237736677956917,0.6230583637643504
3,3,0.2451734723253961,0.9274068469831662,5287,1.6261436598641532,0.9216799091940976,881,1.6311592194980706,0.9055,0.797269539831336,0.08347745203461825,,,0.9503450676390726,,0.9503639375533357,0.0496360624466643,0.9671560156404648,0.3938135244219829,5,0.1,0.5,0.608901468391077,0.6060836937056213,0.6152426611044909,1.0,0.6164647134824249,0.6099004999970852,0.5941651470500016,0.6168850536933571,0.5452649091072517,0.49824904406594867,0.6161461954387218,0.6070132199728292
3,4,0.23871703643231623,0.9290374873353596,4935,1.6250639191040626,0.9038929440389294,822,1.6309565332370064,0.9053,0.8088889479910232,0.08447698328758156,,,0.9995847794445747,,0.9995933939059284,0.0004066060940716154,0.9672527164307181,0.39381715661857747,5,0.1,0.5,0.6147881209908922,0.6123171493895638,0.6249026872698424,0.6164647134824249,1.0,0.6203702720398817,0.6121194806957116,0.6270826560253949,0.5539092077307297,0.5082396487780766,0.6266053545580899,0.6234181075109908
3,5,0.25583401150516655,0.9216627383758303,4667,1.6418767070770264,0.9023136246786633,778,1.6312245850365001,0.9055,0.8072700576929356,0.08422483479998226,,,0.9871632380222591,,0.9871793584659405,0.012820641534059485,0.9672442455653654,0.39381710214192617,5,0.1,0.5,0.6236613374373263,0.6145358397938991,0.6175633489351227,0.6099004999970852,0.6203702720398817,1.0,0.6102855146431723,0.6275123756409773,0.5525523045829166,0.5048664418670372,0.6259810520514958,0.6188542539690189
3,6,0.2708451704228563,0.91924545250393,4453,1.637368102868398,0.889487870619946,742,1.6314496917846484,0.9056,0.7927811772156248,0.08320941144705321,,,0.937140636817374,,0.937156769238492,0.062843230761508,0.967078005527416,0.39380974153731296,5,0.1,0.5,0.594470099705438,0.5974157321989311,0.6127513348867978,0.5941651470500016,0.6121194806957116,0.6102855146431723,1.0,0.6106440190910648,0.5427895006494553,0.5000360454357656,0.6125739565906279,0.6057005322167329
3,7,0.2553517986728407,0.9251812017769464,4277,1.628217619398366,0.9116409537166901,713,1.6311938054264543,0.9056,0.8099259930381476,0.08425447342450326,,,0.9886233197609731,,0.9886351086792832,0.01136489132071683,0.9672376215174936,0.3938171190008074,5,0.1,0.5,0.6170215901477603,0.6100874454078817,0.6260508915570194,0.6168850536933571,0.6270826560253949,0.6275123756409773,0.6106440190910648,1.0,0.5573831815312512,0.5043050428094171,0.6296343311315538,0.6249983397873063
3,8,0.3169357932385845,0.9102446112860256,4129,1.6497040661898525,0.876453488372093,688,1.6313356332504712,0.9056,0.7333127697066485,0.08155688238515849,,,0.8557324222000972,,0.8557502133427036,0.14424978665729637,0.9670020639590066,0.3937196474773951,5,0.1,0.5,0.5458797341675071,0.543394971985348,0.5396288046240916,0.5452649091072517,0.5539092077307297,0.5525523045829166,0.5427895006494553,0.5573831815312512,1.0,0.44834438761805134,0.5533146626961029,0.545161246641604
3,9,0.34034656053750834,0.9056235941014746,4001,1.6458311080932617,0.8875562218890555,667,1.6354482950874791,0.9043,0.6828269497890855,0.07839562458366012,,,0.7,,0.7,0.30000000000000004,0.9647168442095482,0.3927891924379134,5,0.1,0.5,0.4942339629281197,0.4987536523578376,0.5021320355624577,0.49824904406594867,0.5082396487780766,0.5048664418670372,0.5000360454357656,0.5043050428094171,0.44834438761805134,1.0,0.5110251004359991,0.49493843346978783
3,10,0.25294226480602117,0.9254821290820262,3889,1.6113347893669492,0.9212962962962963,648,1.6312606925019821,0.9056,0.810988646868865,0.08448541196958563,,,0.9999999999507372,,1.0,0.0,0.9672518638945107,0.39381715662026395,5,0.1,0.5,0.6151549199436512,0.6173668190068206,0.6237736677956917,0.6161461954387218,0.6266053545580899,0.6259810520514958,0.6125739565906279,0.6296343311315538,0.5533146626961029,0.5110251004359991,1.0,0.6289713861701977
3,11,0.29125202174822823,0.9165391717225007,3791,1.6433071494102478,0.8924050632911392,632,1.6315569432017902,0.9056,0.802488738855929,0.08360813009589117,,,0.9567826353062207,,0.9567993574619748,0.04320064253802525,0.9671259267164654,0.3938147533558668,5,0.1,0.5,0.6096749651476117,0.6020259000717598,0.6230583637643504,0.6070132199728292,0.6234181075109908,0.6188542539690189,0.6057005322167329,0.6249983397873063,0.545161246641604,0.49493843346978783,0.6289713861701977,1.0
4,0,0.19854405772571493,0.9405405405405406,8214,1.3784204361050627,0.9393718042366691,1369,1.3882819612186177,0.9251,0.79233631953845,0.0838650640870761,,,0.9690506554386029,,0.9690678178806285,0.030932182119371543,0.9663433862855105,0.39636159379782593,5,0.1,0.5,1.0,0.6062395855364291,0.5942871481518357,0.5998475306850138,0.599003545738422,0.6002456077393125,0.5937795339240732,0.6005473686539907,0.5990397366266006,0.5431117538360505,0.603716503890983,0.5901847411338043
4,1,0.2066101872249172,0.9384849406753879,6574,1.3821522746767316,0.9224452554744526,1096,1.388276701537184,0.9251,0.7952087741890488,0.08382081564441361,,,0.9668911997842248,,0.9669042718739019,0.03309572812609807,0.9663414276766146,0.3963613627390574,5,0.1,0.5,0.6062395855364291,1.0,0.60425809906709,0.6003704467573074,0.6041710705295544,0.6063036856327677,0.6002449180697105,0.5988440831870905,0.5961934636213075,0.551367139077233,0.6059736766053236,0.5845872458283419
4,2,0.22828715728616433,0.932180529137126,5783,1.3912821123676915,0.9159751037344398,964,1.3885138503278787,0.9251,0.792150875267562,0.08393543715158334,,,0.9724850703676267,,0.9724963606244666,0.02750363937553335,0.9663452595550753,0.3963618654781494,5,0.1,0.5,0.5942871481518357,0.60425809906709,1.0,0.6017803238151367,0.5957607237360225,0.5984834908575081,0.6005640710228178,0.5989216516803494,0.5975564496827992,0.5531678740233289,0.5972735464017972,0.5863918124905599
4,3,0.22208133311717804,0.9333459428787593,5287,1.3813478904111045,0.9432463110102156,881,1.388635111312135,0.9249,0.7944011718103022,0.0834974907404071,,,0.9511119824797012,,0.951131971286582,0.048868028713418,0.9663283525608775,0.39635894131874205,5,0.1,0.5,0.5998475306850138,0.6003704467573074,0.6017803238151367,1.0,0.6142595289787397,0.5968964897497457,0.5945668734729412,0.6043797233092407,0.5963041190481895,0.5532130892078642,0.6029713167025939,0.5885260744888801
4,4,0.21375711198054975,0.9362917933130699,4935,1.3806404929894667,0.9318734793187348,822,1.3884381467161087,0.9251,0.802697300562143,0.08445461768204537,,,0.9978226249726788,,0.9978314341649516,0.0021685658350484305,0.9663442804365342,0.39636256767346456,5,0.1,0.5,0.599003545738422,0.6041710705295544,0.5957607237360225,0.6142595289787397,1.0,0.6088687620657951,0.6118902088467281,0.6144281654522971,0.6048196115108647,0.5546996121202166,0.6167515972354616,0.602621612888274
4,5,0.23519091064378314,0.9296335976001714,4667,1.402122187614441,0.9190231362467867,778,1.3887067351478357,0.925,0.7992278590639683,0.08416488060755153,,,0.9836825936822862,,0.9836955976105617,0.01630440238943831,0.9663441530303231,0.3963624146932019,5,0.1,0.5,0.6002456077393125,0.6063036856327677,0.5984834908575081,0.5968964897497457,0.6088687620657951,1.0,0.6037139857108266,0.6125724632525359,0.6049599553177035,0.5638328106865429,0.606573008745901,0.5936995236337714
4,6,0.23491078486865652,0.9292162587019986,4453,1.3986829022566478,0.9110512129380054,742,1.3889354280770396,0.9249,0.7964370407458663,0.08339026680164592,,,0.9458791352446315,,0.9458962903468702,0.05410370965312983,0.9663152435893502,0.3963577259088283,5,0.1,0.5,0.5937795339240732,0.6002449180697105,0.6005640710228178,0.5945668734729412,0.6118902088467281,0.6037139857108266,1.0,0.6064211752634937,0.6080418317812348,0.553364249712622,0.6080325592010599,0.5933499897944758
4,7,0.23005263914090038,0.9306523263970072,4277,1.3843783036522244,0.9284712482468443,713,1.3886723849720086,0.925,0.8021435165846094,0.0842869027354285,,,0.9896376365752776,,0.9896491140003012,0.0103508859996988,0.9663445429458265,0.3963625254419171,5,0.1,0.5,0.6005473686539907,0.5988440831870905,0.5989216516803494,0.6043797233092407,0.6144281654522971,0.6125724632525359,0.6064211752634937,1.0,0.6191505339259695,0.5592722057374995,0.613128240125661,0.5959758742128561
4,8,0.23617039590190242,0.928118188423347,4129,1.4127376242117449,0.9055232558139535,688,1.3889585927652475,0.925,0.7990453555814245,0.08238043763370802,,,0.8965964673032296,,0.8966116158827369,0.10338838411726314,0.9660515121639496,0.39632739697591424,5,0.1,0.5,0.5990397366266006,0.5961934636213075,0.5975564496827992,0.5963041190481895,0.6048196115108647,0.6049599553177035,0.6080418317812348,0.6191505339259695,1.0,0.5607149186125788,0.6148118656852459,0.6052153485465546
4,9,0.27734441452083136,0.919420144963759,4001,1.4093611637751262,0.9175412293853074,667,1.3948859528611643,0.9242,0.744262373717108,0.07835206710733135,,,0.7,,0.7,0.30000000000000004,0.9635313055201572,0.395280524691792,5,0.1,0.5,0.5431117538360505,0.551367139077233,0.5531678740233289,0.5532130892078642,0.5546996121202166,0.5638328106865429,0.553364249712622,0.5592722057374995,0.5607149186125788,1.0,0.5667682152656184,0.5468111270995797
4,10,0.23127374137278464,0.9327333504757007,3889,1.3658862454550607,0.9351851851851852,648,1.3887479849897635,0.9249,0.8038091251694653,0.08449923330158651,,,0.999999999951197,,1.0,0.0,0.9663442720248823,0.39636256842098944,5,0.1,0.5,0.603716503890983,0.6059736766053236,0.5972735464017972,0.6029713167025939,0.6167515972354616,0.606573008745901,0.6080325592010599,0.613128240125661,0.6148118656852459,0.5667682152656184,1.0,0.6027172364640805
4,11,0.2652813485534001,0.9227116855710894,3791,1.4038821935653687,0.9161392405063291,632,1.3890703101508535,0.9249,0.7877928414935667,0.08335278650722261,,,0.9440499853616053,,0.9440640530093871,0.055935946990612884,0.9663301308910488,0.3963572872356683,5,0.1,0.5,0.5901847411338043,0.5845872458283419,0.5863918124905599,0.5885260744888801,0.602621612888274,0.5936995236337714,0.5933499897944758,0.5959758742128561,0.6052153485465546,0.5468111270995797,0.6027172364640805,1.0
5,0,0.18717107134454444,0.9441684928171414,8214,1.1273458281228708,0.9503287070854638,1369,1.1400830391496897,0.9373,0.7855035151479883,0.08374711682619011,,,0.9641301006458507,,0.9641433662968727,0.035856633703127305,0.9686455176439566,0.3919786054312229,5,0.1,0.5,1.0,0.5857662071259299,0.5846913375207966,0.5876924728122068,0.581794561808481,0.5918721784356715,0.5808698496500738,0.5762380195675589,0.579215613281011,0.5635977258568222,0.5773507034543377,0.5767402171525955
5,1,0.19477393431295142,0.9405841192576818,6574,1.1326911790030343,0.9361313868613139,1096,1.1400670504417663,0.9373,0.7818035254183634,0.08358726772310322,,,0.9544768544955458,,0.954485216605592,0.045514783394407954,0.9686350973169418,0.39197688119700014,5,0.1,0.5,0.5857662071259299,1.0,0.5798486132310655,0.5860179299485399,0.58113512426883,0.5833392205666519,0.578857150170254,0.5700487349123261,0.577519231599037,0.5684936706599639,0.5773852157599774,0.5633104191380112
5,2,0.21177344730957437,0.9364343766211309,5783,1.1437607042251094,0.9356846473029046,964,1.1403019026445504,0.9373,0.7865944856689044,0.08383259310652821,,,0.9692919911925097,,0.9692987299834346,0.03070127001656542,0.9686487452198884,0.3919791970067718,5,0.1,0.5,0.5846913375207966,0.5798486132310655,1.0,0.5873365295952855,0.5892701613773325,0.5869321809256626,0.5837362379280864,0.5796928903868266,0.5765262766276603,0.5686155644174066,0.5853201641300716,0.5738724118154424
5,3,0.20688010739577734,0.9377718933232457,5287,1.131129237157958,0.9489216799091941,881,1.1404091432071721,0.9369,0.7884497792410871,0.08360497794631859,,,0.9555463703124837,,0.9555644796947944,0.04443552030520559,0.9686328382437097,0.39197716193950094,5,0.1,0.5,0.5876924728122068,0.5860179299485399,0.5873365295952855,1.0,0.5961266374442751,0.5823645923879526,0.5846159055775739,0.5856366533933761,0.5787962547523393,0.5646198685059086,0.5881695461320482,0.5736651523626598
5,4,0.1959859313767764,0.9404660587639311,4935,1.1312157763884618,0.9440389294403893,822,1.1402304528620297,0.9373,0.7911745403295193,0.08434109020474562,,,0.9999999999396103,,1.0,0.0,0.9686479621405646,0.39198017483961406,5,0.1,0.5,0.581794561808481,0.58113512426883,0.5892701613773325,0.5961266374442751,1.0,0.5906389389689479,0.5913401063486888,0.5843310501215193,0.5862580162723395,0.5725292808293645,0.5906515113554034,0.572464397247838
5,5,0.2157254245846647,0.9338332976215985,4667,1.1564451575279235,0.9305912596401028,778,1.140480760568247,0.937,0.7888942873528278,0.08406702152980362,,,0.9834490632736418,,0.9834546458511119,0.016545354148888136,0.9686496644708826,0.39198001865199955,5,0.1,0.5,0.5918721784356715,0.5833392205666519,0.5869321809256626,0.5823645923879526,0.5906389389689479,1.0,0.5864869807889503,0.5836423841956137,0.5845239402156827,0.5694934035763498,0.5814222463816598,0.575700546232996
5,6,0.21482189240200178,0.9364024253312374,4453,1.1538475503524144,0.931266846361186,742,1.1406981432780672,0.937,0.7867448593636454,0.08347324012268732,,,0.9475907570856343,,0.9476080518046283,0.05239194819537174,0.9686261800344388,0.3919752057398064,5,0.1,0.5,0.5808698496500738,0.578857150170254,0.5837362379280864,0.5846159055775739,0.5913401063486888,0.5864869807889503,1.0,0.5876059388925743,0.5893370337855967,0.564064639881134,0.5816661352819134,0.5712480449139097
5,7,0.21191038716334237,0.9364040215104045,4277,1.1350715445435566,0.9396914446002805,713,1.1404459390777368,0.9372,0.7845586482993823,0.0839960082790598,,,0.9791605913577823,,0.9791727322925556,0.020827267707444364,0.9686514107661355,0.3919798750358564,5,0.1,0.5,0.5762380195675589,0.5700487349123261,0.5796928903868266,0.5856366533933761,0.5843310501215193,0.5836423841956137,0.5876059388925743,1.0,0.5818350238623307,0.5658770117974812,0.5832572833816929,0.57688892453711
5,8,0.2211520493943513,0.9323807217243885,4129,1.1703541116280989,0.9273255813953488,688,1.1407384211643816,0.937,0.784314687805618,0.08271224765988995,,,0.9016346183269659,,0.9016565433462176,0.09834345665378241,0.9684868887751538,0.3919464756339511,5,0.1,0.5,0.579215613281011,0.577519231599037,0.5765262766276603,0.5787962547523393,0.5862580162723395,0.5845239402156827,0.5893370337855967,0.5818350238623307,1.0,0.5674170401156419,0.5845914392616266,0.5763168771866609
5,9,0.2338605105058435,0.931067233191702,4001,1.1666674386887324,0.9250374812593704,667,1.1481647205809815,0.9363,0.7660084973216704,0.07937335912550665,,,0.7,,0.7,0.30000000000000004,0.9657045125375943,0.3908746816294779,5,0.1,0.5,0.5635977258568222,0.5684936706599639,0.5686155644174066,0.5646198685059086,0.5725292808293645,0.5694934035763498,0.564064639881134,0.5658770117974812,0.5674170401156419,1.0,0.5761512228605321,0.5510687443046763
5,10,0.20374313654133774,0.9403445615839547,3889,1.115576216152736,0.9382716049382716,648,1.1405263375550414,0.9371,0.7874428045609752,0.08423956180219526,,,0.9938687258683813,,0.9938758094473169,0.006124190552683095,0.9686476900310684,0.39198016852293016,5,0.1,0.5,0.5773507034543377,0.5773852157599774,0.5853201641300716,0.5881695461320482,0.5906515113554034,0.5814222463816598,0.5816661352819134,0.5832572833816929,0.5845914392616266,0.5761512228605321,1.0,0.5756508447540396
5,11,0.2416740487165311,0.9293590081772619,3791,1.1574122309684753,0.9224683544303798,632,1.140853233802052,0.9369,0.7747388219837069,0.08302551567397175,,,0.9205527929838795,,0.9205762762913509,0.07942372370864914,0.96859399063427,0.39196261634489926,5,0.1,0.5,0.5767402171525955,0.5633104191380112,0.5738724118154424,0.5736651523626598,0.572464397247838,0.575700546232996,0.5712480449139097,0.57688892453711,0.5763168771866609,0.5510687443046763,0.5756508447540396,1.0
6,0,0.17834640424771067,0.9462137813489165,8214,0.8916071182073548,0.9569028487947406,1369,0.9068678301363327,0.9439,0.7676516713784745,0.08359465197540865,,,0.9464273053762631,,0.9464434516339542,0.05355654836604584,0.9675446988816506,0.38411851720953705,5,0.1,0.5,1.0,0.5603444986989208,0.5502888868457086,0.5662798469023299,0.5580051944353389,0.5556165667615883,0.5498667523518613,0.5523659971794929,0.546965087499573,0.5353965953938975,0.5508271601702553,0.5477793502618103
6,1,0.18104276072360503,0.9444478247642227,6574,0.8988461579595294,0.9406934306569343,1096,0.9068481198514993,0.9439,0.7695099415684615,0.08355287451912437,,,0.9436584039728164,,0.9436725064002811,0.05632749359971889,0.9675353806194927,0.38411772007444905,5,0.1,0.5,0.5603444986989208,1.0,0.5601758592575145,0.5653038459324637,0.561588668931273,0.5571763552063878,0.5575596809865406,0.5492993274903945,0.5470152613474738,0.5378629364572824,0.5535853230072583,0.5417625792001831
6,2,0.19949923320390409,0.9398927892097527,5783,0.9118047818060844,0.9429460580912863,964,0.9070667811095143,0.9439,0.7661869646698362,0.08360029888311131,,,0.9468015677668844,,0.9468199387580944,0.05318006124190555,0.9675464658377799,0.38411863629770526,5,0.1,0.5,0.5502888868457086,0.5601758592575145,1.0,0.5647267297081149,0.5599525473203774,0.5500798966547262,0.5522954844426505,0.5565361824497667,0.5453421229602846,0.5267870916562591,0.5487839431380056,0.5443848510162812
6,3,0.19230392550971045,0.9419708719500662,5287,0.896358208996909,0.9500567536889898,881,0.9071671640911041,0.9437,0.7769441374650257,0.08382825828401544,,,0.9619101253774107,,0.9619246021786055,0.03807539782139446,0.9675443948305917,0.3841217633836965,5,0.1,0.5,0.5662798469023299,0.5653038459324637,0.5647267297081149,1.0,0.5762349852596654,0.5572515781052615,0.560693660017693,0.5658290557512601,0.5606858218802462,0.5437572013898095,0.5509236415888903,0.5484957638456975
6,4,0.18445625908913152,0.9441945288753799,4935,0.8964471679467422,0.9513381995133819,822,0.9070185234371465,0.9439,0.7791748098631943,0.08440296205178748,,,0.9999999999337226,,1.0,0.0,0.9675595480016029,0.38412362164806835,5,0.1,0.5,0.5580051944353389,0.561588668931273,0.5599525473203774,0.5762349852596654,1.0,0.5560871266127542,0.5693679591271635,0.562830034017921,0.5631624941082988,0.5520411575651711,0.5643210321970991,0.5537986868603548
6,5,0.20246135013637273,0.9404328262266981,4667,0.9250120377540588,0.9370179948586118,778,0.9072358164543541,0.9439,0.7683692829680551,0.0838354868588202,,,0.962389216559641,,0.9624014858691833,0.03759851413081672,0.9675549386458848,0.38412183282723894,5,0.1,0.5,0.5556165667615883,0.5571763552063878,0.5500798966547262,0.5572515781052615,0.5560871266127542,1.0,0.5551139788414802,0.5574226840359304,0.5548725557748522,0.5306789559132071,0.5567210076038475,0.5474087413812027
6,6,0.19886467497064067,0.9410734336402425,4453,0.9227668568491936,0.9407008086253369,742,0.9074155852055779,0.944,0.7718070306531443,0.08355750157175634,,,0.9439650730155489,,0.9439736960995934,0.05602630390040664,0.9675300721367786,0.3841177748405702,5,0.1,0.5,0.5498667523518613,0.5575596809865406,0.5522954844426505,0.560693660017693,0.5693679591271635,0.5551139788414802,1.0,0.5592461177274314,0.5659128376430671,0.5362934310775592,0.5580018559484056,0.5491093706882046
6,7,0.1936302519563252,0.9444470423193827,4277,0.9008768278619518,0.9453015427769986,713,0.9072024031949881,0.9439,0.7730296451241402,0.08395282856586975,,,0.9701663204388586,,0.9701872395964058,0.029812760403594152,0.9675581382695468,0.38412274143500863,5,0.1,0.5,0.5523659971794929,0.5492993274903945,0.5565361824497667,0.5658290557512601,0.562830034017921,0.5574226840359304,0.5592461177274314,1.0,0.5633705982051844,0.5367476988139972,0.5531483323757675,0.5653160605588357
6,8,0.2047501384318681,0.9379995156212158,4129,0.9413747435266321,0.9316860465116279,688,0.9074737677178063,0.9437,0.768416897383052,0.08292495517033704,,,0.9020415387841453,,0.9020631494402891,0.09793685055971091,0.9674436233952328,0.38409324492466107,5,0.1,0.5,0.546965087499573,0.5470152613474738,0.5453421229602846,0.5606858218802462,0.5631624941082988,0.5548725557748522,0.5659128376430671,0.5633705982051844,1.0,0.531000855126887,0.5540475510201542,0.553737661549958
6,9,0.2273125898414513,0.9338165458635341,4001,0.9374882947830927,0.9355322338830585,667,0.9153576005761996,0.9434,0.7458363757757828,0.07987653259246676,,,0.7,,0.7,0.30000000000000004,0.9646128734344853,0.3830109129225605,5,0.1,0.5,0.5353965953938975,0.5378629364572824,0.5267870916562591,0.5437572013898095,0.5520411575651711,0.5306789559132071,0.5362934310775592,0.5367476988139972,0.531000855126887,1.0,0.5446627859287805,0.5223530261657764
6,10,0.19615246548821202,0.9439958858318334,3889,0.8823556758108593,0.9490740740740741,648,0.9072795323670482,0.9438,0.7689872372923092,0.08397356411781018,,,0.9715406190193757,,0.9715576527282767,0.028442347271723345,0.9675585651277986,0.3841228678129764,5,0.1,0.5,0.5508271601702553,0.5535853230072583,0.5487839431380056,0.5509236415888903,0.5643210321970991,0.5567210076038475,0.5580018559484056,0.5531483323757675,0.5540475510201542,0.5446627859287805,1.0,0.5488422477981324
