round,client_id,client_i_training_loss,client_i_training_accuracy,client_i_training_dataset_size,client_i_evaluation_loss,client_i_evaluation_accuracy,client_i_evaluation_dataset_size,client_i_central_evaluation_loss,client_i_central_evaluation_accuracy,client_i_cosine_similarity,client_i_importance_coefficient,client_i_tanh_val,tanh_normalization_value,client_i_q,client_i_mask_order,client_i_v_nonzero_fraction,client_i_v_sparsity,client_i_v_cosine_similarity,client_i_reward_gradient_norm,local_epochs,learning_rate,gamma,client_0_cosine_similarity,client_1_cosine_similarity,client_2_cosine_similarity,client_3_cosine_similarity,client_4_cosine_similarity,client_5_cosine_similarity,client_6_cosine_similarity,client_7_cosine_similarity,client_8_cosine_similarity,client_9_cosine_similarity,client_10_cosine_similarity,client_11_cosine_similarity
0,0,1.9216259883071662,0.44560506452398346,8214,2.2511533859164214,0.2921840759678597,1369,2.2514608866109636,0.2913,0.9727239976019916,0.08190514232748967,,,0.8,,0.800016431312282,0.19998356868771805,0,0.09889883720889685,5,0.001,0.1,1.0,0.9882203321716473,0.9824334430960853,0.9742705844829095,0.9642092329003218,0.9562687522022628,0.9505576154851161,0.942962339314721,0.9412240407663401,0.9282215964922582,0.9240680106835459,0.9233166649368505
0,1,2.0523767398399055,0.3907818679647095,6574,2.2534876550946916,0.2791970802919708,1096,2.251454735716311,0.2915,0.9896327843496643,0.08332889314330945,,,0.9291545857489601,,0.9291713785871004,0.07082862141289958,0,0.09890455555826956,5,0.001,0.1,0.9882203321716473,1.0,0.9900179061153588,0.9904062299258374,0.9814411902070063,0.9815384711073708,0.9736861245969831,0.9697579521048876,0.9694741575601031,0.9568661491487833,0.9576450559726929,0.9526392857109234
0,2,2.10498930854692,0.4286010721079025,5783,2.252191351306054,0.2987551867219917,964,2.2514541072967336,0.2915,0.9940870034401087,0.0837039465494761,,,0.9631773000954309,,0.9631938604884932,0.0368061395115068,0,0.09890472439856388,5,0.001,0.1,0.9824334430960853,0.9900179061153588,1.0,0.993606757942969,0.9887839159244604,0.9852664542389448,0.9855267006137485,0.9782630320120276,0.9774239825645754,0.9704531448054134,0.9631654713521928,0.966208743329509
0,3,2.133866802181106,0.3674673728012105,5287,2.251835584640503,0.30192962542565266,881,2.251454073019302,0.2915,0.9975986039653186,0.08399962974586445,,,0.9899999999092857,,0.9900107286803723,0.00998927131962768,0,0.09890476733796934,5,0.001,0.1,0.9742705844829095,0.9904062299258374,0.993606757942969,1.0,0.9936466669128563,0.9932462173118846,0.9898386151774969,0.9866674918404432,0.9875320412577308,0.9777587755160689,0.9763021906785154,0.9761310815419278
0,4,2.154712086339151,0.3712664640324215,4935,2.252928587106558,0.2639902676399027,822,2.2514541149139404,0.2915,0.9957746801160877,0.08384605201689503,,,0.9760683008051205,,0.9760827751519896,0.0239172248480104,0,0.09890475391790167,5,0.001,0.1,0.9642092329003218,0.9814411902070063,0.9887839159244604,0.9936466669128563,1.0,0.9909315497718212,0.9930300595920986,0.9881875314342434,0.989996371800532,0.9822677810117554,0.975097129198087,0.9840526588866282
0,5,2.168099670704097,0.366016713091922,4667,2.2521979331970217,0.2660668380462725,778,2.251454105773292,0.2915,0.9961609546373082,0.08387857703911722,,,0.9790187860479779,,0.9790355786238293,0.020964421376170717,0,0.09890475494231132,5,0.001,0.1,0.9562687522022628,0.9815384711073708,0.9852664542389448,0.9932462173118846,0.9909315497718212,1.0,0.993482615703629,0.9937481074294066,0.9934230547935289,0.9878194007583899,0.9857291562647812,0.9863973290984555
0,6,2.175779127223151,0.3879182573545924,4453,2.2480515937010446,0.30997304582210244,742,2.251454131671796,0.2915,0.9947457700283729,0.08375941590286451,,,0.9682091647160085,,0.9682247416901054,0.03177525830989458,0,0.09890473734985519,5,0.001,0.1,0.9505576154851161,0.9736861245969831,0.9855267006137485,0.9898386151774969,0.9930300595920986,0.993482615703629,1.0,0.9930440513274637,0.9937383847867752,0.9917151522244823,0.9842035652358828,0.9901315512949144
0,7,2.1889714379808796,0.3557633855506196,4277,2.2479471434717593,0.2959326788218794,713,2.2514542086055864,0.2915,0.9921296351094437,0.08353913255074094,,,0.9482263104308433,,0.9482461990508501,0.05175380094914994,0,0.09890468429627344,5,0.001,0.1,0.942962339314721,0.9697579521048876,0.9782630320120276,0.9866674918404432,0.9881875314342434,0.9937481074294066,0.9930440513274637,1.0,0.9931300275015893,0.991069795949822,0.989435832884659,0.9902272394371625
0,8,2.1893783360261185,0.3636231533058852,4129,2.250022703951055,0.3125,688,2.251454216984514,0.2915,0.99187696059186,0.08351785689353886,,,0.9462963036754897,,0.9463227689660838,0.053677231033916195,0,0.09890468078063823,5,0.001,0.1,0.9412240407663401,0.9694741575601031,0.9774239825645754,0.9875320412577308,0.989996371800532,0.9934230547935289,0.9937383847867752,0.9931300275015893,1.0,0.988949561772491,0.987692920399127,0.9921284514953851
0,9,2.196036504563831,0.3731567108222944,4001,2.252558049701509,0.30434782608695654,667,2.2514547174350144,0.2915,0.9855107722465051,0.08298181217397262,,,0.8976693719615774,,0.8976860846115928,0.10231391538840717,0,0.09890420821399068,5,0.001,0.1,0.9282215964922582,0.9568661491487833,0.9704531448054134,0.9777587755160689,0.9822677810117554,0.9878194007583899,0.9917151522244823,0.991069795949822,0.988949561772491,1.0,0.9834132651570225,0.9931980526059095
0,10,2.2000481937752396,0.3521213679609154,3889,2.24917931783767,0.3117283950617284,648,2.251455741187635,0.2915,0.982060251543762,0.08269127201051531,,,0.8713132188778949,,0.8713331593547327,0.12866684064526734,0,0.09890342426882769,5,0.001,0.1,0.9240680106835459,0.9576450559726929,0.9631654713521928,0.9763021906785154,0.975097129198087,0.9857291562647812,0.9842035652358828,0.989435832884659,0.987692920399127,0.9834132651570225,1.0,0.9844154327142403
0,11,2.2057958174152534,0.35399630704299656,3791,2.254896104335785,0.2689873417721519,632,2.2514549627090794,0.2915,0.9839247909789289,0.08284826964621572,,,0.8855551524923653,,0.8855752409120344,0.11442475908796557,0,0.09890394147981352,5,0.001,0.1,0.9233166649368505,0.9526392857109234,0.966208743329509,0.9761310815419278,0.9840526588866282,0.9863973290984555,0.9901315512949144,0.9902272394371625,0.9921284514953851,0.9931980526059095,0.9844154327142403,1.0
1,0,1.6871712272733101,0.514536157779401,8214,2.1886318007180856,0.39883126369612854,1369,2.1888893648458363,0.4023,0.9832340877795629,0.08207248945341034,,,0.8,,0.800016431312282,0.19998356868771805,0.9819878798543233,0.09950844954678134,5,0.001,0.1,1.0,0.993897458452987,0.9918404603692276,0.9874739753144288,0.9822671252871868,0.9781169213440641,0.9764558245708508,0.9727390627964018,0.9692483515441526,0.965612369950615,0.9615476671304026,0.9622142249432929
1,1,1.831360371946131,0.466899908731366,6574,2.191952010563442,0.3886861313868613,1096,2.188873412129216,0.4024,0.9936919487504385,0.08328475567628377,,,0.9309245117518731,,0.9309449937657668,0.06905500623423322,0.9820228265489164,0.09951346563187234,5,0.001,0.1,0.993897458452987,1.0,0.9958701147789194,0.9959505186530875,0.9918896064687063,0.9912605566394488,0.9886602149546662,0.9868320451250062,0.9845576593962497,0.9805893011650076,0.9793503794481401,0.9772612931210823
1,2,1.889512806307545,0.5040982189175168,5783,2.1896809377977924,0.3983402489626556,964,2.1888724523611343,0.4024,0.9954879466181982,0.08357310828574774,,,0.9620665364112457,,0.9620871632789167,0.037912836721083254,0.9820240192607125,0.09951364892126026,5,0.001,0.1,0.9918404603692276,0.9958701147789194,1.0,0.996570713705441,0.9941805604423635,0.9925536168288056,0.9922180315059073,0.9890061313236841,0.9871858772183402,0.9850969202064056,0.9810143199202116,0.9819781224645078
1,3,1.9386843353868968,0.4480045394363533,5287,2.190265621457781,0.41543700340522133,881,2.1888722611692386,0.4024,0.9978727439798243,0.08383175194087752,,,0.9899999998920002,,0.9900107286803723,0.00998927131962768,0.9820242475336153,0.09951369305623943,5,0.001,0.1,0.9874739753144288,0.9959505186530875,0.996570713705441,1.0,0.9972280807348709,0.9956705453277119,0.994760508712686,0.9931733202194923,0.9921631536240582,0.988217477176019,0.9877122171342677,0.9870063405493701
1,4,1.9760090647974322,0.4552380952380952,4935,2.1890112161636353,0.3844282238442822,822,2.188872367048416,0.4024,0.9978069839649129,0.08373531985194216,,,0.9795853534035825,,0.9796010090758837,0.020398990924116345,0.9820246104614938,0.09951368736591044,5,0.001,0.1,0.9822671252871868,0.9918896064687063,0.9941805604423635,0.9972280807348709,1.0,0.9955858705430701,0.9957918885390278,0.9939001110935543,0.9936575187871967,0.9906670268859245,0.9888176021689898,0.9911154065553828
1,5,2.0008626127896245,0.4491536318834369,4667,2.191686487197876,0.3791773778920309,778,2.1888723548608846,0.4024,0.9987160308066603,0.08378467204129786,,,0.984915380070469,,0.9849315200896956,0.015068479910304355,0.9820246518087256,0.09951368825665119,5,0.001,0.1,0.9781169213440641,0.9912605566394488,0.9925536168288056,0.9956705453277119,0.9955858705430701,1.0,0.9977154971882543,0.9966775322919331,0.9963802547487095,0.9946467629358863,0.9939476415994855,0.9933947740007926
1,6,2.01155387708119,0.46525937570177406,4453,2.18326265613238,0.4339622641509434,742,2.1888724317946755,0.4024,0.9985462513182761,0.0837060121628291,,,0.976420128789299,,0.9764355650921603,0.02356443490783966,0.9820241515954756,0.09951368200996626,5,0.001,0.1,0.9764558245708508,0.9886602149546662,0.9922180315059073,0.994760508712686,0.9957918885390278,0.9977154971882543,1.0,0.9966713418710923,0.9970586327294373,0.9958590616128561,0.9940645698818442,0.9946610145339914
1,7,2.0395780148790843,0.4299742810381108,4277,2.183378779369852,0.4011220196353436,713,2.1888724927323313,0.4024,0.9972718797845834,0.08352955705800817,,,0.957363012448925,,0.9573800755840365,0.04261992441596352,0.9820241206659509,0.09951362504528695,5,0.001,0.1,0.9727390627964018,0.9868320451250062,0.9890061313236841,0.9931733202194923,0.9939001110935543,0.9966775322919331,0.9966713418710923,1.0,0.9957195256511545,0.9944817513268074,0.995532868485753,0.9939596002882917
1,8,2.040705765394064,0.43841123758779366,4129,2.1861806349320845,0.43459302325581395,688,2.1888724980643763,0.4024,0.9966529165537779,0.08349648799493188,,,0.9537915601922639,,0.953813514271078,0.04618648572892203,0.9820241034905856,0.09951362168982539,5,0.001,0.1,0.9692483515441526,0.9845576593962497,0.9871858772183402,0.9921631536240582,0.9936575187871967,0.9963802547487095,0.9970586327294373,0.9957195256511545,1.0,0.9945254380521491,0.9949343743887485,0.9958363398684991
1,9,2.0525860678581966,0.4469882529367658,4001,2.191046987261091,0.4197901049475262,667,2.1888740839668737,0.4023,0.9947308991065591,0.08310520332760366,,,0.911532893688701,,0.9115560452730981,0.08844395472690192,0.9820209340644865,0.09951326539095427,5,0.001,0.1,0.965612369950615,0.9805893011650076,0.9850969202064056,0.988217477176019,0.9906670268859245,0.9946467629358863,0.9958590616128561,0.9944817513268074,0.9945254380521491,1.0,0.9932516647776758,0.9954042846906204
1,10,2.0627059420601266,0.42093083054769864,3889,2.1851449693952287,0.41512345679012347,648,2.1888760172140103,0.4022,0.9935466648681266,0.08288851911135542,,,0.8881310412891563,,0.8881462580102647,0.1118537419897353,0.9820109151569547,0.099512759546178,5,0.001,0.1,0.9615476671304026,0.9793503794481401,0.9810143199202116,0.9877122171342677,0.9888176021689898,0.9939476415994855,0.9940645698818442,0.995532868485753,0.9949343743887485,0.9932516647776758,1.0,0.9940266560276466
1,11,2.072520059297065,0.42943814297019256,3791,2.1945871472358705,0.37341772151898733,632,2.1888748327383216,0.4023,0.9937693546216734,0.08299212309571223,,,0.8993202510613406,,0.8993437140565044,0.10065628594349563,0.9820150696168701,0.0995130306054817,5,0.001,0.1,0.9622142249432929,0.9772612931210823,0.9819781224645078,0.9870063405493701,0.9911154065553828,0.9933947740007926,0.9946610145339914,0.9939596002882917,0.9958363398684991,0.9954042846906204,0.9940266560276466,1.0
2,0,1.5111202323483122,0.5540784027270513,8214,2.1095693610435307,0.4565376186997809,1369,2.1096621565163707,0.4626,0.9888065294002911,0.08231018311555882,,,0.8,,0.800016431312282,0.19998356868771805,0.9931014695969929,0.0996481020942406,5,0.001,0.1,1.0,0.9955077424962169,0.9934623259784808,0.9907587499749638,0.9867210985608663,0.9852296654467823,0.984849733319113,0.9820514966249531,0.979687416872071,0.9758433426319804,0.975266168156051,0.9753102723041426
2,1,1.6447946775885463,0.5204745968968665,6574,2.114008126940046,0.4562043795620438,1096,2.109633857068924,0.4622,0.9961199377186097,0.08329041978076283,,,0.934956968731101,,0.9349706652748379,0.06502933472516215,0.9931279256848846,0.09965372005558422,5,0.001,0.1,0.9955077424962169,1.0,0.9973292377928829,0.9967562043018491,0.9939719164792453,0.9943455190024335,0.9932935536167657,0.9915198554537312,0.9899469345365681,0.9865034063863833,0.9870554561573079,0.9857735375899718
2,2,1.6892011734662136,0.5455300017292063,5783,2.1105016354591615,0.4533195020746888,964,2.10963269925346,0.4622,0.9970411610189829,0.08349714694785164,,,0.9634187400716643,,0.9634354974338156,0.036564502566184376,0.9931283133262787,0.09965392157401624,5,0.001,0.1,0.9934623259784808,0.9973292377928829,1.0,0.996904324177119,0.9954690734583456,0.994733708785569,0.9950820166844295,0.9929189433134127,0.9914617312961147,0.989135585557531,0.9878546226448555,0.9886267191134218
2,3,1.7432593740612627,0.5025156043124646,5287,2.112568770136152,0.47219069239500566,881,2.1096320533143067,0.4622,0.9981040020315004,0.0836902153436455,,,0.989999999862322,,0.9900107286803723,0.00998927131962768,0.9931305524906067,0.09965398895474566,5,0.001,0.1,0.9907587499749638,0.9967562043018491,0.996904324177119,1.0,0.9975519093213787,0.9968755708682115,0.9957510821186897,0.9949509549325403,0.9933548310314659,0.990549646328497,0.9918964137308187,0.9902868277787481
2,4,1.7859648383048272,0.4981965552178318,4935,2.1077538086817813,0.45498783454987834,822,2.1096321683341324,0.4622,0.997930888934049,0.08362544039140592,,,0.9810819176131373,,0.9810991581368825,0.018900841863117468,0.9931305704401077,0.0996539802071971,5,0.001,0.1,0.9867210985608663,0.9939719164792453,0.9954690734583456,0.9975519093213787,1.0,0.9966449638113233,0.9962194042900587,0.9950886266567912,0.9945113276040428,0.9920028042126382,0.9925585985779921,0.9927851793503012
2,5,1.8161990234296617,0.49882151274908937,4667,2.115060453414917,0.4473007712082262,778,2.109632125677773,0.4622,0.9988753585231286,0.08368623703809112,,,0.9894522749328604,,0.9894694619228501,0.010530538077149876,0.9931304882183813,0.09965398893826088,5,0.001,0.1,0.9852296654467823,0.9943455190024335,0.994733708785569,0.9968755708682115,0.9966449638113233,1.0,0.9975633345170454,0.9973869810167783,0.996517939086529,0.9951696011636477,0.9955161958018743,0.9948351676261065
2,6,1.8257363098008292,0.5147540983606558,4453,2.101757357517878,0.48921832884097033,742,2.1096322483148056,0.4622,0.9988669622401596,0.08363769000267254,,,0.9827684189075305,,0.9827809512763264,0.017219048723673636,0.9931304296384122,0.09965398039180201,5,0.001,0.1,0.984849733319113,0.9932935536167657,0.9950820166844295,0.9957510821186897,0.9962194042900587,0.9975633345170454,1.0,0.9971025201999862,0.9975810160078884,0.9958458651408526,0.9953007913797369,0.9961372585879337
2,7,1.8628792615079168,0.4788403086275427,4277,2.101985506389452,0.4726507713884993,713,2.1096327921833855,0.4622,0.9979625489925698,0.08350018053266034,,,0.9638363977911761,,0.9638511129797701,0.03614888702022989,0.9931274671390463,0.09965392177080834,5,0.001,0.1,0.9820514966249531,0.9915198554537312,0.9929189433134127,0.9949509549325403,0.9950886266567912,0.9973869810167783,0.9971025201999862,1.0,0.9960719644057732,0.995367200985864,0.9963194519219412,0.9951162573419656
2,8,1.8625585066355193,0.4929038508113345,4129,2.105065118182789,0.47819767441860467,688,2.1096328020857547,0.4622,0.9974669177515681,0.08346387546343445,,,0.9588379905021782,,0.9588588936894096,0.041141106310590425,0.9931274507700644,0.09965391912266036,5,0.001,0.1,0.979687416872071,0.9899469345365681,0.9914617312961147,0.9933548310314659,0.9945113276040428,0.996517939086529,0.9975810160078884,0.9960719644057732,1.0,0.9955093836450587,0.9959501093584663,0.9973661969830119
2,9,1.8785936226920477,0.49032741814546366,4001,2.1130140735989524,0.47976011994003,667,2.109635655491497,0.4622,0.9956228670206593,0.08316416722245776,,,0.9175747760747455,,0.9175969689061578,0.08240303109384217,0.9931220018513441,0.0996535297795081,5,0.001,0.1,0.9758433426319804,0.9865034063863833,0.989135585557531,0.990549646328497,0.9920028042126382,0.9951696011636477,0.9958458651408526,0.995367200985864,0.9955093836450587,1.0,0.9940752431325106,0.995901936887484
2,10,1.8955407449456512,0.4674723579326305,3889,2.103604021526518,0.4537037037037037,648,2.1096393147977395,0.4622,0.9957401291272974,0.08303496964902658,,,0.8997871197906823,,0.8998028242526169,0.10019717574738307,0.993113799066289,0.0996531373743154,5,0.001,0.1,0.975266168156051,0.9870554561573079,0.9878546226448555,0.9918964137308187,0.9925585985779921,0.9955161958018743,0.9953007913797369,0.9963194519219412,0.9959501093584663,0.9940752431325106,1.0,0.9955090322206203
2,11,1.9081411507951112,0.4673173305196518,3791,2.1178917407989504,0.44145569620253167,632,2.109637031159081,0.4622,0.9957686147190086,0.08309947451243267,,,0.9086680167645654,,0.9086950638404809,0.09130493615951907,0.9931208061126715,0.09965329013593732,5,0.001,0.1,0.9753102723041426,0.9857735375899718,0.9886267191134218,0.9902868277787481,0.9927851793503012,0.9948351676261065,0.9961372585879337,0.9951162573419656,0.9973661969830119,0.995901936887484,0.9955090322206203,1.0
3,0,1.378412213724411,0.58327246165084,8214,2.0139198691345923,0.49159970781592405,1369,2.0137676495713546,0.4976,0.9907116875060751,0.08249900868842472,,,0.8,,0.800016431312282,0.19998356868771805,0.9966172258173703,0.09970494813898693,5,0.001,0.1,1.0,0.9954025147374865,0.9935375370654297,0.9917402294144931,0.9886940731501798,0.9880070142425579,0.9872221339461461,0.985294395262693,0.9830214876502515,0.9811137508231613,0.9801932604790697,0.9801037531032285
3,1,1.4969498093267088,0.5522665044113173,6574,2.0195339066641673,0.4854014598540146,1096,2.0137255995418317,0.4976,0.9968889119158301,0.08329996119057624,,,0.936548534694033,,0.9365606363750592,0.06343936362494085,0.996630901130809,0.09971130001392821,5,0.001,0.1,0.9954025147374865,1.0,0.9970224771708488,0.9971145128218717,0.9946744117016239,0.9954792904490236,0.9943795223189551,0.9931596852191446,0.9918839221583434,0.9898236258258838,0.9904442186785737,0.9887452066496425
3,2,1.5248638321681576,0.5798028704824486,5783,2.0147019624710083,0.5020746887966805,964,2.013724362507415,0.4975,0.997770601409013,0.08345528047633223,,,0.963027783866404,,0.9630440455823933,0.036955954417606685,0.9966324706421553,0.09971156165448321,5,0.001,0.1,0.9935375370654297,0.9970224771708488,1.0,0.9974363507128516,0.9968678907477173,0.9961696021553867,0.9958153450513991,0.9947770440626881,0.9930414464547169,0.9916007148407229,0.9911527208392148,0.9912185359971664
3,3,1.5767297749059745,0.5440892755816152,5287,2.0183505032743727,0.5062429057888763,881,2.0137234339698815,0.4977,0.9983291191952994,0.08359178228969574,,,0.986298979783512,,0.9863185161558462,0.013681483844153797,0.9966326196560419,0.09971162449267341,5,0.001,0.1,0.9917402294144931,0.9971145128218717,0.9974363507128516,1.0,0.9975209935429726,0.9969258388648699,0.9965547457903124,0.9957478731549754,0.9940129127608863,0.9924509542347038,0.9935679667641711,0.9922237505378841
3,4,1.620423253659279,0.5336170212765957,4935,2.0094021329512963,0.48905109489051096,822,2.0137235657475627,0.4977,0.9983658721305078,0.08355322390965042,,,0.9797254435485652,,0.9797459912430772,0.020254008756922848,0.9966322739591396,0.09971162256029609,5,0.001,0.1,0.9886940731501798,0.9946744117016239,0.9968678907477173,0.9975209935429726,1.0,0.997021005993785,0.9971705996823463,0.9961217598254307,0.9946295085306963,0.9946597432582153,0.9940398285773278,0.9943081204427731
3,5,1.6480679066213844,0.540861367045211,4667,2.0221996688842774,0.4820051413881748,778,2.0137234686281733,0.4977,0.9990769344032143,0.08361349135653416,,,0.9899999998295173,,0.9900107286803723,0.00998927131962768,0.9966326251047453,0.09971162467250409,5,0.001,0.1,0.9880070142425579,0.9954792904490236,0.9961696021553867,0.9969258388648699,0.997021005993785,1.0,0.9982071470595781,0.9974816571498922,0.9967705330464098,0.9959516841990723,0.9961649495560019,0.9960362987682344
3,6,1.6545272706236158,0.548124859645183,4453,2.0033354610204697,0.5148247978436657,742,2.0137236449665155,0.4977,0.9988842575385454,0.08357748101130721,,,0.9838608594168743,,0.9838731502691835,0.01612684973081646,0.996632285612965,0.09971162300744289,5,0.001,0.1,0.9872221339461461,0.9943795223189551,0.9958153450513991,0.9965547457903124,0.9971705996823463,0.9982071470595781,1.0,0.9975914195124724,0.9968153872504039,0.9958453949028151,0.9960716356946002,0.9962285382201242
3,7,1.6928727126833218,0.5135375263034837,4277,2.003843323044155,0.514726507713885,713,2.0137244127809812,0.4976,0.998194172946154,0.08347082077175265,,,0.9656771351858273,,0.9656972192420332,0.03430278075796678,0.9966322130354897,0.09971159012521309,5,0.001,0.1,0.985294395262693,0.9931596852191446,0.9947770440626881,0.9957478731549754,0.9961217598254307,0.9974816571498922,0.9975914195124724,1.0,0.9964299044821924,0.9952123820104438,0.9963531651973985,0.9954655579269348
3,8,1.69643195775839,0.5234197142165173,4129,2.00701306624846,0.5043604651162791,688,2.01372458607244,0.4975,0.9974123813534647,0.08342329697230653,,,0.9575751501617111,,0.9575927160959202,0.04240728390407977,0.996632876832627,0.0997115161818931,5,0.001,0.1,0.9830214876502515,0.9918839221583434,0.9930414464547169,0.9940129127608863,0.9946295085306963,0.9967705330464098,0.9968153872504039,0.9964299044821924,1.0,0.9945036103791675,0.9964420026784899,0.9967270130934811
3,9,1.7146151881369334,0.5261684578855286,4001,2.0183168252309165,0.5262368815592204,667,2.0137276070567367,0.4976,0.9964175446674141,0.08320727139217009,,,0.920746528807982,,0.9207624128898813,0.07923758711011875,0.9966337411688656,0.09971111188856267,5,0.001,0.1,0.9811137508231613,0.9898236258258838,0.9916007148407229,0.9924509542347038,0.9946597432582153,0.9959516841990723,0.9958453949028151,0.9952123820104438,0.9945036103791675,1.0,0.9949769014725548,0.9962428960249637
3,10,1.7302345357957434,0.5081511956801235,3889,2.0048606282188777,0.49228395061728397,648,2.0137321849981435,0.4976,0.996704055217181,0.08313724964128487,,,0.9088090325714344,,0.9088303805298615,0.09116961947013846,0.9966346051269924,0.09971079284797399,5,0.001,0.1,0.9801932604790697,0.9904442186785737,0.9911527208392148,0.9935679667641711,0.9940398285773278,0.9961649495560019,0.9960716356946002,0.9963531651973985,0.9964420026784899,0.9949769014725548,1.0,0.9963916636625693
3,11,1.7432772672476888,0.5056713268266948,3791,2.0248808562755585,0.47151898734177217,632,2.0137294462313666,0.4975,0.9965276489336352,0.08317113229996513,,,0.9145854392645901,,0.9146055035230667,0.08539449647693331,0.996632076843996,0.09971097219328962,5,0.001,0.1,0.9801037531032285,0.9887452066496425,0.9912185359971664,0.9922237505378841,0.9943081204427731,0.9960362987682344,0.9962285382201242,0.9954655579269348,0.9967270130934811,0.9962428960249637,0.9963916636625693,1.0
4,0,1.2742648641423029,0.6071828585342098,8214,1.9034092287684596,0.5222790357925493,1369,1.9029711443014419,0.5283,0.9912319354342328,0.08262389692159179,,,0.99,,0.9900107286803723,0.00998927131962768,0.9978141259423621,0.09973565772648099,5,0.001,0.1,1.0,0.9954490984280522,0.9933406275964558,0.9915561189910845,0.9886046181225737,0.9884261263479373,0.9875509680421802,0.9864167750367261,0.984987946292248,0.9825573719215484,0.9823865635431006,0.9821399306664766
4,1,1.3782799979436744,0.5815028901734104,6574,1.9103277785437447,0.5173357664233577,1096,1.9029215802780737,0.5285,0.9970699443746538,0.0833038237063225,,,0.99,,0.9900107286803723,0.00998927131962768,0.9978866397683035,0.09973565772648099,5,0.001,0.1,0.9954490984280522,1.0,0.9969075821685801,0.9967336776384413,0.994892845939796,0.9955895947696497,0.9946886648377368,0.9937657201507525,0.9928933800797162,0.9909466710636425,0.9913545379330323,0.9899670563574915
4,2,1.392348657457868,0.603320076085077,5783,1.903868882886825,0.5321576763485477,964,1.90291978071292,0.5285,0.9980235412023185,0.08342990993865444,,,0.99,,0.9900107286803723,0.00998927131962768,0.9978905810040846,0.09973565772648099,5,0.001,0.1,0.9933406275964558,0.9969075821685801,1.0,0.9974608192508166,0.9966811332940159,0.9963142456820482,0.99606041929277,0.99521115725927,0.9944053662920792,0.992739166973266,0.992954277249149,0.9924940224287336
4,3,1.4397584071360439,0.5774163041422357,5287,1.9096933518137251,0.5334846765039728,881,1.9029188723609851,0.5285,0.9984340964946307,0.08352691557851491,,,0.99,,0.9900107286803723,0.00998927131962768,0.9978910679309689,0.09973565772648099,5,0.001,0.1,0.9915561189910845,0.9967336776384413,0.9974608192508166,1.0,0.9975463003244538,0.9970357266396365,0.9966118910236859,0.9962855749365431,0.9954004703696402,0.9936165685399984,0.9941710795020764,0.9930382138757948
4,4,1.4803601661036092,0.5649442755825734,4935,1.895871721781217,0.5340632603406326,822,1.9029189355838032,0.5285,0.9984154870809266,0.08350265783308211,,,0.99,,0.9900107286803723,0.00998927131962768,0.9978911933456487,0.09973565772648099,5,0.001,0.1,0.9886046181225737,0.994892845939796,0.9966811332940159,0.9975463003244538,1.0,0.9969654946380592,0.9972020841859746,0.9963563941921723,0.9957447977588256,0.9951083104027569,0.9953757855935009,0.994734354409115
4,5,1.505196589149841,0.5720591386329548,4667,1.9147740983963013,0.4922879177377892,778,1.9029188517945261,0.5285,0.9989829818062536,0.08355795896110715,,,0.99,,0.9900107286803723,0.00998927131962768,0.9978910636056009,0.09973565772648099,5,0.001,0.1,0.9884261263479373,0.9955895947696497,0.9963142456820482,0.9970357266396365,0.9969654946380592,1.0,0.9979139187665612,0.997250590310581,0.997449334101569,0.9963142562786153,0.9965827632066415,0.9961624644855286
4,6,1.5088635757991247,0.5751628115876937,4453,1.88992477953434,0.5512129380053908,742,1.9029190502227686,0.5285,0.9987859512635839,0.0835295030872446,,,0.99,,0.9900107286803723,0.00998927131962768,0.9978911914386723,0.09973565772648099,5,0.001,0.1,0.9875509680421802,0.9946886648377368,0.99606041929277,0.9966118910236859,0.9972020841859746,0.9979139187665612,1.0,0.9973195799584527,0.9973892105442791,0.9960648029836376,0.9966522563693251,0.9961852245814438
4,7,1.544326866651649,0.5512742576572364,4277,1.8904617869335671,0.5525946704067322,713,1.9029198827834937,0.5285,0.9982469003417495,0.08344665695029721,,,0.99,,0.9900107286803723,0.00998927131962768,0.997891002676956,0.09973565772648099,5,0.001,0.1,0.9864167750367261,0.9937657201507525,0.99521115725927,0.9962855749365431,0.9963563941921723,0.997250590310581,0.9973195799584527,1.0,0.9967341792890654,0.9957797200083696,0.9966375294570347,0.9954274773171983
4,8,1.54455312197025,0.5548074594332768,4129,1.8936945796012878,0.5377906976744186,688,1.9029200610261374,0.5285,0.9980560543917695,0.08341133690417352,,,0.99,,0.9900107286803723,0.00998927131962768,0.9978898137251251,0.09973565772648099,5,0.001,0.1,0.984987946292248,0.9928933800797162,0.9944053662920792,0.9954004703696402,0.9957447977588256,0.997449334101569,0.9973892105442791,0.9967341792890654,1.0,0.9956031884115107,0.9971637274028257,0.9971251482892824
4,9,1.5636225283145904,0.55616095976006,4001,1.9088350647971744,0.5367316341829086,667,1.9029241061439148,0.5284,0.9968350616860246,0.08323937084615012,,,0.99,,0.9900107286803723,0.00998927131962768,0.9978827863244324,0.09973565772648099,5,0.001,0.1,0.9825573719215484,0.9909466710636425,0.992739166973266,0.9936165685399984,0.9951083104027569,0.9963142562786153,0.9960648029836376,0.9957797200083696,0.9956031884115107,1.0,0.9956538057646744,0.9958989712380112
4,10,1.5819172956904426,0.545641553098483,3889,1.8907497383299328,0.529320987654321,648,1.9029291030317068,0.5284,0.9972983214539467,0.08321136942571199,,,0.99,,0.9900107286803723,0.00998927131962768,0.9978788167393051,0.09973565772648099,5,0.001,0.1,0.9823865635431006,0.9913545379330323,0.992954277249149,0.9941710795020764,0.9953757855935009,0.9965827632066415,0.9966522563693251,0.9966375294570347,0.9971637274028257,0.9956538057646744,1.0,0.9968905006755577
4,11,1.5944022495205663,0.5354787654972303,3791,1.9172292053699493,0.5110759493670886,632,1.902926006256201,0.5284,0.9968165276594627,0.08321659984714952,,,0.99,,0.9900107286803723,0.00998927131962768,0.9978810132546068,0.09973565772648099,5,0.001,0.1,0.9821399306664766,0.9899670563574915,0.9924940224287336,0.9930382138757948,0.994734354409115,0.9961624644855286,0.9961852245814438,0.9954274773171983,0.9971251482892824,0.9958989712380112,0.9968905006755577,1.0
5,0,1.1912863227180006,0.6260530801071341,8214,1.781208362690238,0.5580715850986121,1369,1.7803760671767945,0.5611,0.990915794645613,0.0826927839185151,,,0.99,,0.9900107286803723,0.00998927131962768,0.9984670175161072,0.09972783324095956,5,0.001,0.1,1.0,0.9948971418326594,0.9927128915986054,0.990579211227313,0.9875524284043149,0.9877496533268882,0.9871970083219448,0.9858458073766848,0.9847358943455555,0.9820346212318026,0.9827235891732315,0.9826786647700166
5,1,1.282545007664023,0.6041679342865836,6574,1.789320206642151,0.5611313868613139,1096,1.7803224279476813,0.5614,0.9970140452086531,0.08330687934755371,,,0.99,,0.9900107286803723,0.00998927131962768,0.9984670175161072,0.09972783324095956,5,0.001,0.1,0.9948971418326594,1.0,0.9966906089157147,0.9962904724717168,0.9943948707262356,0.9951804867909687,0.9945531411051259,0.9935238127397539,0.9928092748897173,0.9910418206374628,0.9916888293376681,0.9905217946143869
5,2,1.2852893875448743,0.6226871865813591,5783,1.7810696709540583,0.5612033195020747,964,1.7803206230504824,0.5615,0.9980407576477751,0.08341739444173364,,,0.99,,0.9900107286803723,0.00998927131962768,0.9984670175161072,0.09972783324095956,5,0.001,0.1,0.9927128915986054,0.9966906089157147,1.0,0.9970139745990343,0.9961515579774791,0.9960905124923761,0.9960248424999956,0.9951958888220063,0.9943585624712495,0.9928330942675717,0.9936526548516923,0.9931247285224251
5,3,1.3256260937236877,0.6015888027236618,5287,1.78934622662408,0.5561861520998865,881,1.7803196705187472,0.5615,0.9983528007249107,0.08348698889342387,,,0.99,,0.9900107286803723,0.00998927131962768,0.9984670175161072,0.09972783324095956,5,0.001,0.1,0.990579211227313,0.9962904724717168,0.9970139745990343,1.0,0.997108310642017,0.9967065127175714,0.9966808225468394,0.9961152415238059,0.9952285058252445,0.9935582416711853,0.9947586368473094,0.9935177046528275
5,4,1.364502222768722,0.5885309017223911,4935,1.7700110077857971,0.583941605839416,822,1.7803197047961787,0.5615,0.9982109724598051,0.08346752558871634,,,0.99,,0.9900107286803723,0.00998927131962768,0.9984670175161072,0.09972783324095956,5,0.001,0.1,0.9875524284043149,0.9943948707262356,0.9961515579774791,0.997108310642017,1.0,0.9964433213171686,0.9971067818982772,0.9959828492586768,0.9955588226810725,0.9949466506957152,0.9956773189105836,0.9949172652571265
5,5,1.385906891790155,0.6003856867366617,4667,1.7960521841049195,0.5154241645244216,778,1.780319636622176,0.5615,0.9987604400672214,0.08351919914587727,,,0.99,,0.9900107286803723,0.00998927131962768,0.9984670175161072,0.09972783324095956,5,0.001,0.1,0.9877496533268882,0.9951804867909687,0.9960905124923761,0.9967065127175714,0.9964433213171686,1.0,0.9976410067077673,0.9968110073517632,0.9968273481779466,0.9959713808610804,0.9967878995133208,0.996208333599026
5,6,1.3881718651737485,0.5972602739726027,4453,1.7649420251448948,0.5795148247978437,742,1.7803198613297826,0.5615,0.9987303660220695,0.08350076886019014,,,0.99,,0.9900107286803723,0.00998927131962768,0.9984670175161072,0.09972783324095956,5,0.001,0.1,0.9871970083219448,0.9945531411051259,0.9960248424999956,0.9966808225468394,0.9971067818982772,0.9976410067077673,1.0,0.9972254632273847,0.9969999726253207,0.9957431966402716,0.9966711262001525,0.9962077063876409
5,7,1.4190477356981874,0.5836801496375964,4277,1.7653669481692107,0.5834502103786816,713,1.78032075101956,0.5615,0.9980851050186126,0.08342910165978067,,,0.99,,0.9900107286803723,0.00998927131962768,0.9984670175161072,0.09972783324095956,5,0.001,0.1,0.9858458073766848,0.9935238127397539,0.9951958888220063,0.9961152415238059,0.9959828492586768,0.9968110073517632,0.9972254632273847,1.0,0.996233904977797,0.9954406825474807,0.9965407343773691,0.995410372270886
5,8,1.4251036708171552,0.5798982804553161,4129,1.7682139873504639,0.5697674418604651,688,1.780320940307154,0.5615,0.997846551862554,0.08339972761396644,,,0.99,,0.9900107286803723,0.00998927131962768,0.9984670175161072,0.09972783324095956,5,0.001,0.1,0.9847358943455555,0.9928092748897173,0.9943585624712495,0.9952285058252445,0.9955588226810725,0.9968273481779466,0.9969999726253207,0.996233904977797,1.0,0.9952307457301595,0.996675965936004,0.9968101148248428
5,9,1.4408206073064653,0.5843039240189952,4001,1.7874527601968675,0.5742128935532234,667,1.7803253190585981,0.5614,0.996734907286305,0.0832583202648573,,,0.99,,0.9900107286803723,0.00998927131962768,0.9984670175161072,0.09972783324095956,5,0.001,0.1,0.9820346212318026,0.9910418206374628,0.9928330942675717,0.9935582416711853,0.9949466506957152,0.9959713808610804,0.9957431966402716,0.9954406825474807,0.9952307457301595,1.0,0.9957924942692383,0.9955691797585415
5,10,1.4541362199626986,0.5743893031627668,3889,1.7643329472768874,0.558641975308642,648,1.7803302831924,0.5614,0.9975407017163862,0.08326716080631694,,,0.99,,0.9900107286803723,0.00998927131962768,0.9984670175161072,0.09972783324095956,5,0.001,0.1,0.9827235891732315,0.9916888293376681,0.9936526548516923,0.9947586368473094,0.9956773189105836,0.9967878995133208,0.9966711262001525,0.9965407343773691,0.996675965936004,0.9957924942692383,1.0,0.9968328964929665
5,11,1.4667580043568331,0.5622263255077816,3791,1.7981492400169372,0.5395569620253164,632,1.7803272096493754,0.5614,0.9970383977948347,0.0832541494590686,,,0.99,,0.9900107286803723,0.00998927131962768,0.9984670175161072,0.09972783324095956,5,0.001,0.1,0.9826786647700166,0.9905217946143869,0.9931247285224251,0.9935177046528275,0.9949172652571265,0.996208333599026,0.9962077063876409,0.995410372270886,0.9968101148248428,0.9955691797585415,0.9968328964929665,1.0
6,0,1.1220134641873698,0.6399561723886048,8214,1.6518610105958096,0.5756026296566837,1369,1.6505337843118004,0.5865,0.9902385755017427,0.0827219403404315,,,0.99,,0.9900107286803723,0.00998927131962768,0.9985383809845039,0.09970046563598257,5,0.001,0.1,1.0,0.9941002288957638,0.9916365225923787,0.9894681916959832,0.9863255019912811,0.9866379623814837,0.9859197140936387,0.9845293222902874,0.9835883228631701,0.9812959308741728,0.981801139506575,0.982055484875358
6,1,1.203433697200516,0.6196227563127472,6574,1.6608804532459804,0.5903284671532847,1096,1.6504801332760162,0.5864,0.9966196095426749,0.08330483828837104,,,0.99,,0.9900107286803723,0.00998927131962768,0.9985383809845039,0.09970046563598257,5,0.001,0.1,0.9941002288957638,1.0,0.9960852795147561,0.9955284657140814,0.9936366411686296,0.9944406728554196,0.9936012040055435,0.9926657468430087,0.9919258855691451,0.9908271789437415,0.9909942591510319,0.989799303797469
6,2,1.1969709196802003,0.641846792322324,5783,1.6508776487842682,0.5943983402489627,964,1.6504785146195287,0.5864,0.9978984032269749,0.08341395149676917,,,0.99,,0.9900107286803723,0.00998927131962768,0.9985383809845039,0.09970046563598257,5,0.001,0.1,0.9916365225923787,0.9960852795147561,1.0,0.996621067819824,0.9956267555240009,0.9955705767203596,0.9954238914511352,0.9945327301111256,0.9939506206323887,0.992913214692048,0.9934814199004159,0.9930299796138773
6,3,1.231706176177565,0.6226593531303196,5287,1.661866979939597,0.5822928490351873,881,1.6504776317852374,0.5864,0.9982186532058055,0.08346699842235694,,,0.99,,0.9900107286803723,0.00998927131962768,0.9985383809845039,0.09970046563598257,5,0.001,0.1,0.9894681916959832,0.9955284657140814,0.996621067819824,1.0,0.9966158947251067,0.9963852913392796,0.9960504694439143,0.9957500183423846,0.9947017967370314,0.9936428406208212,0.9946057637329396,0.9933092305223382
6,4,1.2683975790392967,0.6108611955420467,4935,1.6366541339800909,0.610705596107056,822,1.6504776439727686,0.5864,0.998025639391118,0.08344882193495516,,,0.99,,0.9900107286803723,0.00998927131962768,0.9985383809845039,0.09970046563598257,5,0.001,0.1,0.9863255019912811,0.9936366411686296,0.9956267555240009,0.9966158947251067,1.0,0.9963025670847949,0.9966407924656371,0.9955082261162567,0.994618783324222,0.9949126244792164,0.9957467684549512,0.9944147250277763
6,5,1.2856487169657669,0.6176558817227341,4667,1.6703762531280517,0.5488431876606684,778,1.6504775761796262,0.5864,0.9985499712651649,0.08349746325604646,,,0.99,,0.9900107286803723,0.00998927131962768,0.9985383809845039,0.09970046563598257,5,0.001,0.1,0.9866379623814837,0.9944406728554196,0.9955705767203596,0.9963852913392796,0.9963025670847949,1.0,0.9970112268891107,0.9962391215811681,0.9960422610323975,0.9958135658456266,0.9963667960571647,0.9958131343829921
6,6,1.2835368451901845,0.6187738603188861,4453,1.6331142634153366,0.5970350404312669,742,1.650477829451759,0.5864,0.9983472080259873,0.08347960578232384,,,0.99,,0.9900107286803723,0.00998927131962768,0.9985383809845039,0.09970046563598257,5,0.001,0.1,0.9859197140936387,0.9936012040055435,0.9954238914511352,0.9960504694439143,0.9966407924656371,0.9970112268891107,1.0,0.9965301149074686,0.9963264739205309,0.9953697785107443,0.9959058064007812,0.9954112192356676
6,7,1.3126525329120124,0.605611409866729,4277,1.633161980172862,0.6185133239831697,713,1.65047863573312,0.5864,0.9976709694158539,0.08341379012648191,,,0.99,,0.9900107286803723,0.00998927131962768,0.9985383809845039,0.09970046563598257,5,0.001,0.1,0.9845293222902874,0.9926657468430087,0.9945327301111256,0.9957500183423846,0.9955082261162567,0.9962391215811681,0.9965301149074686,1.0,0.9953333376418196,0.9948654132852046,0.9957594796995844,0.9943828664809836
6,8,1.3161144493634884,0.6000484378784209,4129,1.6352609125050632,0.5944767441860465,688,1.6504788212121104,0.5864,0.9974616546921533,0.08338900580271476,,,0.99,,0.9900107286803723,0.00998927131962768,0.9985383809845039,0.09970046563598257,5,0.001,0.1,0.9835883228631701,0.9919258855691451,0.9939506206323887,0.9947017967370314,0.994618783324222,0.9960422610323975,0.9963264739205309,0.9953333376418196,1.0,0.9951616950622373,0.9960060426849977,0.9959378222475233
6,9,1.3306760910011473,0.6039490127468133,4001,1.6583627235321772,0.5907046476761619,667,1.6504831226489034,0.5863,0.996791095901162,0.08328057991040606,,,0.99,,0.9900107286803723,0.00998927131962768,0.9985383809845039,0.09970046563598257,5,0.001,0.1,0.9812959308741728,0.9908271789437415,0.992913214692048,0.9936428406208212,0.9949126244792164,0.9958135658456266,0.9953697785107443,0.9948654132852046,0.9951616950622373,1.0,0.9958025077076179,0.9949603343243174
6,10,1.345184323045074,0.5944458729750579,3889,1.6304535411653065,0.5817901234567902,648,1.6504875779532777,0.5864,0.9973927791997705,0.0833054363176499,,,0.99,,0.9900107286803723,0.00998927131962768,0.9985383809845039,0.09970046563598257,5,0.001,0.1,0.981801139506575,0.9909942591510319,0.9934814199004159,0.9946057637329396,0.9957467684549512,0.9963667960571647,0.9959058064007812,0.9957594796995844,0.9960060426849977,0.9958025077076179,1.0,0.9962907261419799
