round,client_id,client_i_training_loss,client_i_training_accuracy,client_i_training_dataset_size,client_i_evaluation_loss,client_i_evaluation_accuracy,client_i_evaluation_dataset_size,client_i_central_evaluation_loss,client_i_central_evaluation_accuracy,client_i_cosine_similarity,client_i_importance_coefficient,client_i_tanh_val,tanh_normalization_value,client_i_q,client_i_mask_order,client_i_v_nonzero_fraction,client_i_v_sparsity,client_i_v_cosine_similarity,client_i_reward_gradient_norm,local_epochs,learning_rate,gamma,client_0_cosine_similarity,client_1_cosine_similarity,client_2_cosine_similarity,client_3_cosine_similarity,client_4_cosine_similarity,client_5_cosine_similarity,client_6_cosine_similarity,client_7_cosine_similarity,client_8_cosine_similarity,client_9_cosine_similarity,client_10_cosine_similarity,client_11_cosine_similarity
0,0,0.2834698552657136,0.9116143170197224,8214,2.1938425330228584,0.4828341855368882,1369,2.1974437373895617,0.4688,0.8031450345068525,0.08729214250821471,,,0.9699999999929834,,0.9700015059484965,0.029998494051503455,0,0.3861251432320342,5,0.1,0.5,1.0,0.5805924226099985,0.577067041686099,0.5787943541796642,0.5855151253561283,0.5730529849454082,0.5825119379414535,0.5775404239053039,0.34596522623715664,0.5769112288032384,0.5876962806789181,0.5632890419386803
0,1,0.3023321159907336,0.9054761180407667,6574,2.2006949969700407,0.45711678832116787,1096,2.197444083210759,0.4688,0.7997956672179742,0.08692810683080729,,,0.9674456857372966,,0.9674564529893077,0.032543547010692286,0,0.38612500964140994,5,0.1,0.5,0.5805924226099985,1.0,0.5867588678518648,0.589126703839461,0.5998595538865529,0.5898946434839626,0.5833479522094096,0.5867661898327503,0.350502185310891,0.5956873043898295,0.6026468389953763,0.5837031904557792
0,2,0.33323415726917227,0.896524295348435,5783,2.1971097838494087,0.45643153526970953,964,2.1974435469593865,0.4688,0.7934562063345597,0.0862390841772587,,,0.962611048651766,,0.9626273781436675,0.0373726218563325,0,0.3861247116016611,5,0.1,0.5,0.577067041686099,0.5867588678518648,1.0,0.5869723522505111,0.5957000624200354,0.5860924476183895,0.588260076689749,0.5991358785556288,0.3561299712222336,0.6036485612441618,0.6005193433650117,0.5811072036322614
0,3,0.33788859498832957,0.8950255343294874,5287,2.198483850274767,0.47219069239500566,881,2.1974430206103825,0.4688,0.7916063502188956,0.08603802721154216,,,0.9612003004597418,,0.9612218262135435,0.03877817378645654,0,0.38612460208274385,5,0.1,0.5,0.5787943541796642,0.589126703839461,0.5869723522505111,1.0,0.6014676495112984,0.588312359260897,0.5804206369904437,0.6029087293857995,0.36642325797427144,0.606051885431057,0.6024365273117269,0.5836845526713865
0,4,0.3282820952299141,0.8952786220871327,4935,2.198739840434148,0.45985401459854014,822,2.1974435492445488,0.4688,0.7934987565490004,0.08624370887046245,,,0.9626434985475089,,0.9626574971135987,0.037342502886401285,0,0.38612471259688497,5,0.1,0.5,0.5855151253561283,0.5998595538865529,0.5957000624200354,0.6014676495112984,1.0,0.5983160012095484,0.5975774152688058,0.6015785675077768,0.34423361588272827,0.6091228725750455,0.5978706395791636,0.5919745705206343
0,5,0.354649134780191,0.8913649025069638,4667,2.200087757110596,0.4601542416452442,778,2.1974405343540178,0.4689,0.7832966508187814,0.0851348634826142,,,0.9548631084448012,,0.9548717433863761,0.04512825661362385,0,0.3861239862211765,5,0.1,0.5,0.5730529849454082,0.5898946434839626,0.5860924476183895,0.588312359260897,0.5983160012095484,1.0,0.5864920855269736,0.5973838716233149,0.34792943784978536,0.6022727553673203,0.6062535970704439,0.5853197948582282
0,6,0.36127243092017514,0.8843027172692567,4453,2.1973083714644113,0.47035040431266845,742,2.1974405168344417,0.4688,0.7826885912483114,0.08506877476837402,,,0.954399386465335,,0.9544048993524421,0.045595100647557896,0,0.38612393080115537,5,0.1,0.5,0.5825119379414535,0.5833479522094096,0.588260076689749,0.5804206369904437,0.5975774152688058,0.5864920855269736,1.0,0.5995023095714715,0.3528679217247345,0.6128270538278183,0.5942247197200426,0.594180886627955
0,7,0.3561690918934434,0.8890343698854337,4277,2.196598312129145,0.4894810659186536,713,2.1974404993148657,0.4688,0.7878915291870399,0.08563427113639645,,,0.9583672817130364,,0.9583755835550424,0.041624416444957624,0,0.3861243474177945,5,0.1,0.5,0.5775404239053039,0.5867661898327503,0.5991358785556288,0.6029087293857995,0.6015785675077768,0.5973838716233149,0.5995023095714715,1.0,0.36386269628283224,0.5986508991179936,0.6074912024042778,0.6040177814445032
0,8,0.518360342270641,0.8637442480019375,4129,2.1998730247670952,0.4694767441860465,688,2.197654682988176,0.4672,0.5146680775743843,0.05593818954460427,,,0.75,,0.750002509914161,0.24999749008583905,0,0.385724592825711,5,0.1,0.5,0.34596522623715664,0.350502185310891,0.3561299712222336,0.36642325797427144,0.34423361588272827,0.34792943784978536,0.3528679217247345,0.36386269628283224,1.0,0.3613365490689937,0.3592588694182286,0.3382860956966573
0,9,0.37956798973405276,0.8820294926268433,4001,2.2015221459524974,0.44227886056971516,667,2.1974430800245974,0.4688,0.7912252750579849,0.08599660895478486,,,0.9609096826707538,,0.9609256563425531,0.039074343657446886,0,0.3861245695450003,5,0.1,0.5,0.5769112288032384,0.5956873043898295,0.6036485612441618,0.606051885431057,0.6091228725750455,0.6022727553673203,0.6128270538278183,0.5986508991179936,0.3613365490689937,1.0,0.6232016620553837,0.6037534001883614
0,10,0.3699834135696903,0.8862946772949344,3889,2.1903106598627,0.49382716049382713,648,2.197441633516988,0.4688,0.7892205444829455,0.08577871901021919,,,0.9593808232041803,,0.9593895888760604,0.040610411123939594,0,0.38612443967463966,5,0.1,0.5,0.5876962806789181,0.6026468389953763,0.6005193433650117,0.6024365273117269,0.5978706395791636,0.6062535970704439,0.5942247197200426,0.6074912024042778,0.3592588694182286,0.6232016620553837,1.0,0.5886487677094228
0,11,0.40578812553602106,0.8759166446847797,3791,2.1966472983360292,0.46835443037974683,632,2.1974435416273415,0.4688,0.7701640016964372,0.08370750350472185,,,0.9448478100391822,,0.9448571858842427,0.05514281411575728,0,0.38612258383851245,5,0.1,0.5,0.5632890419386803,0.5837031904557792,0.5811072036322614,0.5836845526713865,0.5919745705206343,0.5853197948582282,0.594180886627955,0.6040177814445032,0.3382860956966573,0.6037534001883614,0.5886487677094228,1.0
1,0,0.24938913448550648,0.9259069880691503,8214,2.0364723039227863,0.8049671292914536,1369,2.0422690649763844,0.7739,0.7999503520105247,0.08544411367656919,,,0.9685472209344702,,0.9685608152201195,0.0314391847798805,0.9579049353371984,0.4073454589956605,5,0.1,0.5,1.0,0.6185668914098165,0.6184922526319987,0.6237148530806149,0.6204076237461547,0.624723695476714,0.6175327572976212,0.6170504661870181,0.6232458825577271,0.6078486958775559,0.616881680075858,0.6156208382503332
1,1,0.2710090130639886,0.9182537268025556,6574,2.0446024554116384,0.7618613138686131,1096,2.042268865405561,0.7739,0.810793904488597,0.08558059046148787,,,0.9699999999893552,,0.9700015059484965,0.029998494051503455,0.9579037439895217,0.40734553817295127,5,0.1,0.5,0.6185668914098165,1.0,0.6328986807990299,0.6377154836080036,0.6270636206378595,0.6188301644128426,0.625157366487138,0.6256849010667048,0.6287795977308145,0.6307396312386921,0.6362192993382038,0.6291067597322954
1,2,0.2975836431206261,0.9108075393394433,5783,2.0413462423509166,0.7634854771784232,964,2.042268644506558,0.7739,0.8160258845543712,0.08530743875116373,,,0.9670923326977982,,0.9671100848350986,0.03288991516490136,0.9579033368533083,0.40734535469543565,5,0.1,0.5,0.6184922526319987,0.6328986807990299,1.0,0.6411193779140966,0.6320885404421587,0.6360088840045767,0.6271544466762269,0.6372582096984736,0.6305863058418527,0.630355273923167,0.6401681785094454,0.638251325243133
1,3,0.29201248020146897,0.9103839606582182,5287,2.0424251641545976,0.7797956867196367,881,2.0422679799052474,0.7739,0.82004773030279,0.08531445094861667,,,0.9671669767011312,,0.9671803624316049,0.03281963756839512,0.9579035588194835,0.4073453571922209,5,0.1,0.5,0.6237148530806149,0.6377154836080036,0.6411193779140966,1.0,0.640202075518673,0.6328358742804264,0.6393418697283493,0.6427043607541714,0.6319010199775983,0.6333606128659128,0.6480882167396097,0.6326365018793624
1,4,0.29041115167280357,0.9111651469098278,4935,2.0437103234804592,0.7639902676399026,822,2.042268622797518,0.7739,0.8160351876748994,0.08531081593104327,,,0.9671282823737558,,0.9671452236333518,0.03285477636664824,0.9579033772785875,0.40734535613954687,5,0.1,0.5,0.6204076237461547,0.6270636206378595,0.6320885404421587,0.640202075518673,1.0,0.629991880731811,0.6393095413327203,0.6352271405114788,0.6373751950041171,0.6336481610613393,0.64082050126553,0.6305830741990199
1,5,0.31411480522293544,0.9056781658452968,4667,2.046567425727844,0.7776349614395887,778,2.042267064316966,0.7739,0.8134589355102552,0.0844890682686277,,,0.9583808767760251,,0.9583956628683299,0.04160433713167011,0.9579036478479188,0.4073445410712868,5,0.1,0.5,0.624723695476714,0.6188301644128426,0.6360088840045767,0.6328358742804264,0.629991880731811,1.0,0.6389848788466983,0.6334352440611374,0.6331404933171687,0.6376916539701439,0.6403143614974611,0.6193500712415719
1,6,0.31678562183864417,0.9043341567482596,4453,2.0455194115638733,0.7762803234501348,742,2.0422651504937073,0.7738,0.8176391555613267,0.08459070916710162,,,0.9594628319855546,,0.9594699061292103,0.04053009387078965,0.9579042383471951,0.4073446522682612,5,0.1,0.5,0.6175327572976212,0.625157366487138,0.6271544466762269,0.6393418697283493,0.6393095413327203,0.6389848788466983,1.0,0.6482026652451074,0.6402834854470558,0.6324148180445227,0.6437795755667336,0.6360723832360818
1,7,0.3131816921908575,0.9035305120411503,4277,2.040567766065183,0.7840112201963534,713,2.042264384202683,0.7739,0.8200271131544691,0.08504711950653923,,,0.9643212654690437,,0.9643290999447819,0.03567090005521811,0.9579051177814987,0.4073451254406456,5,0.1,0.5,0.6170504661870181,0.6256849010667048,0.6372582096984736,0.6427043607541714,0.6352271405114788,0.6334352440611374,0.6482026652451074,1.0,0.6410333866899998,0.638980534119948,0.6454952207176509,0.6438723883861098
1,8,0.3303645083755971,0.8962945023007992,4129,2.048105174844915,0.751453488372093,688,2.0428540024894497,0.7722,0.8049403912731283,0.06491337848613632,,,0.75,,0.750002509914161,0.24999749008583905,0.9564746414551268,0.4069155203411367,5,0.1,0.5,0.6232458825577271,0.6287795977308145,0.6305863058418527,0.6319010199775983,0.6373751950041171,0.6331404933171687,0.6402834854470558,0.6410333866899998,1.0,0.6353508594849627,0.6485825797892977,0.6393893622796268
1,9,0.3362051755278593,0.8971257185703574,4001,2.0482023443494524,0.7631184407796102,667,2.042268002376008,0.7739,0.8152988255320351,0.08512205488039201,,,0.9651189435625609,,0.9651372923046032,0.03486270769539679,0.9579021018070956,0.4073452026134777,5,0.1,0.5,0.6078486958775559,0.6307396312386921,0.630355273923167,0.6333606128659128,0.6336481610613393,0.6376916539701439,0.6324148180445227,0.638980534119948,0.6353508594849627,1.0,0.6505960397333452,0.6292660983313838
1,10,0.320040990685525,0.9053227050655696,3889,2.0324237857546126,0.7731481481481481,648,2.0422661704377245,0.7739,0.8248748979503865,0.08531098633023043,,,0.9671300962527261,,0.9671452236333518,0.03285477636664824,0.9579043771178563,0.40734535613954687,5,0.1,0.5,0.616881680075858,0.6362192993382038,0.6401681785094454,0.6480882167396097,0.64082050126553,0.6403143614974611,0.6437795755667336,0.6454952207176509,0.6485825797892977,0.6505960397333452,1.0,0.6459046203558504
1,11,0.3594544746435615,0.8928514903719336,3791,2.043460363149643,0.7658227848101266,632,2.042265929733983,0.7738,0.8141133336497551,0.08356927359209197,,,0.9485897724379361,,0.9486019778123588,0.051398022187641224,0.957906221094627,0.4073431978595847,5,0.1,0.5,0.6156208382503332,0.6291067597322954,0.638251325243133,0.6326365018793624,0.6305830741990199,0.6193500712415719,0.6360723832360818,0.6438723883861098,0.6393893622796268,0.6292660983313838,0.6459046203558504,1.0
2,0,0.22837620611385903,0.9325785244704163,8214,1.8549989018329354,0.8977355734112491,1369,1.862956221873006,0.8742,0.811367555060088,0.0858602002791722,,,0.9681433269142755,,0.9681542091260479,0.03184579087395212,0.9656333870271431,0.39305282537401154,5,0.1,0.5,1.0,0.630961423958027,0.624977006122434,0.6401118354364961,0.6342261583540708,0.637104271165342,0.6084798547503603,0.6323305004514607,0.34081869202957477,0.5757326217271552,0.6364511594968639,0.6203467586011066
2,1,0.24770052379304633,0.925585640401582,6574,1.8647022315434048,0.8759124087591241,1096,1.8629549783639634,0.8742,0.810652617844896,0.0859264297545565,,,0.9687014029890784,,0.9687164298980975,0.031283570101902525,0.9656331779968728,0.39305286497949715,5,0.1,0.5,0.630961423958027,1.0,0.6349212588687405,0.6309458339878684,0.6337840705548635,0.6410312634516686,0.6152511161795466,0.6300622033645614,0.32345742021449775,0.5731098440940023,0.6363724532444771,0.6203981610352989
2,2,0.2650113951291333,0.9187964724191596,5783,1.8617390586483864,0.8630705394190872,964,1.86295583415717,0.8742,0.8116242653415071,0.08577767928150348,,,0.9674479719503334,,0.9674564529893077,0.032543547010692286,0.9656331098947749,0.3930527577702292,5,0.1,0.5,0.624977006122434,0.6349212588687405,1.0,0.6325192222928782,0.6322299858080087,0.6420862916986341,0.6116356231378118,0.6435975157504299,0.3159884687241923,0.5791469775335402,0.6361462794549958,0.6255318137764863
2,3,0.2640524097168481,0.9198032910913562,5287,1.8618894858019692,0.8751418842224744,881,1.8629549418013698,0.8742,0.8137437112169558,0.08585711697587002,,,0.9681173457662395,,0.9681291099844386,0.031870890015561426,0.9656328179197232,0.3930528245261151,5,0.1,0.5,0.6401118354364961,0.6309458339878684,0.6325192222928782,1.0,0.6391867063443615,0.6355580307054977,0.6147617131079793,0.6440846833460543,0.3206451586113623,0.5845722654228672,0.6359405594206277,0.6209397252360397
2,4,0.25898343855575207,0.9208510638297872,4935,1.8645718602033763,0.8661800486618005,822,1.862954748324312,0.8742,0.8182201628808115,0.08601253762018676,,,0.9694269823384803,,0.969439285176447,0.030560714823553048,0.9656328545480705,0.3930529082456257,5,0.1,0.5,0.6342261583540708,0.6337840705548635,0.6322299858080087,0.6391867063443615,1.0,0.6431213496688382,0.6226722464210686,0.6494917250001989,0.3198326425542342,0.5919177769399893,0.6484164024849064,0.62572711262346
2,5,0.2783324675430378,0.9166059567173773,4667,1.8685798692703246,0.87146529562982,778,1.862952098678857,0.8742,0.8199830161421392,0.0855241232809071,,,0.9653114075772287,,0.9653280457808343,0.03467195421916569,0.9656322567922343,0.3930525830976896,5,0.1,0.5,0.637104271165342,0.6410312634516686,0.6420862916986341,0.6355580307054977,0.6431213496688382,1.0,0.6254094584087825,0.651488526655524,0.3292279849961147,0.5814684832853434,0.6462419339052629,0.6298602616921579
2,6,0.29071979223218347,0.9130473837862115,4453,1.8694072912136714,0.8652291105121294,742,1.8629509477188793,0.8742,0.7972060972830287,0.08478902579286902,,,0.9591171818440307,,0.9591285578033232,0.04087144219667682,0.9656300233625975,0.39305192051994114,5,0.1,0.5,0.6084798547503603,0.6152511161795466,0.6116356231378118,0.6147617131079793,0.6226722464210686,0.6254094584087825,1.0,0.6271306336462942,0.32937398664892714,0.5664248242766535,0.6215198217442356,0.6092429252672307
2,7,0.2788748674178079,0.9158756137479541,4277,1.8609387926433398,0.8863955119214586,713,1.862949340107342,0.8742,0.8226637655612498,0.08599255618503815,,,0.9692586107662768,,0.9692686110135034,0.030731388986496633,0.9656338390307392,0.3930529028253167,5,0.1,0.5,0.6323305004514607,0.6300622033645614,0.6435975157504299,0.6440846833460543,0.6494917250001989,0.651488526655524,0.6271306336462942,1.0,0.33072140822748547,0.5925801708873147,0.6485778068867584,0.6355083664889234
2,8,0.49625105871550307,0.880891256962945,4129,1.8738549893552607,0.8604651162790697,688,1.864175995698752,0.8735,0.467322729940334,0.05997212022624159,,,0.75,,0.750002509914161,0.24999749008583905,0.9642408190919437,0.3925997214906568,5,0.1,0.5,0.34081869202957477,0.32345742021449775,0.3159884687241923,0.3206451586113623,0.3198326425542342,0.3292279849961147,0.32937398664892714,0.33072140822748547,1.0,0.30091688826377827,0.3237393444662685,0.3232590774916768
2,9,0.31278413716915693,0.9069232691827043,4001,1.8701116130465554,0.8515742128935532,667,1.8629544200226902,0.8742,0.7608544075848935,0.08386313843918514,,,0.951315284319475,,0.9513327644194568,0.0486672355805432,0.9656300403934277,0.3930507405870045,5,0.1,0.5,0.5757326217271552,0.5731098440940023,0.5791469775335402,0.5845722654228672,0.5919177769399893,0.5814684832853434,0.5664248242766535,0.5925801708873147,0.30091688826377827,1.0,0.589744878426866,0.5706831042079623
2,10,0.28444894812237775,0.9177166366675238,3889,1.8501152594884236,0.8827160493827161,648,1.862954002980607,0.8742,0.8201453306451901,0.08608054028194524,,,0.9699999999915736,,0.9700015059484965,0.029998494051503455,0.9656317910701451,0.3930529435745195,5,0.1,0.5,0.6364511594968639,0.6363724532444771,0.6361462794549958,0.6359405594206277,0.6484164024849064,0.6462419339052629,0.6215198217442356,0.6485778068867584,0.3237393444662685,0.589744878426866,1.0,0.6363467256411804
2,11,0.32343722004912984,0.9042469005539435,3791,1.8664091050624847,0.8718354430379747,632,1.8629495872857091,0.8741,0.8040085072792725,0.08434453188252485,,,0.955371698200695,,0.9553887857035289,0.04461121429647108,0.9656312529658517,0.39305139505180897,5,0.1,0.5,0.6203467586011066,0.6203981610352989,0.6255318137764863,0.6209397252360397,0.62572711262346,0.6298602616921579,0.6092429252672307,0.6355083664889234,0.3232590774916768,0.5706831042079623,0.6363467256411804,1.0
3,0,0.21482627625479309,0.9360116873630387,8214,1.6277183155680812,0.929145361577794,1369,1.6383121813448092,0.9117,0.8070929651563409,0.0849007652719016,,,0.9640292802935881,,0.9640429697304352,0.03595703026956476,0.9677870371445099,0.4051820577671104,5,0.1,0.5,1.0,0.6271916529636017,0.6183645013019354,0.6268359207982463,0.628995435625306,0.6301734359049486,0.614088355502807,0.6194593822757775,0.6191555580611711,0.6112877214124125,0.6241921771569577,0.616132986437933
3,1,0.22379743429262516,0.9328567082446,6574,1.6388643503189086,0.9178832116788321,1096,1.6383104971803415,0.9117,0.8102471582797606,0.08505440023355489,,,0.9659215422135848,,0.9659354450077807,0.034064554992219276,0.9677854115522435,0.40518220719173936,5,0.1,0.5,0.6271916529636017,1.0,0.6308902120012457,0.6265586023417166,0.6239851820005626,0.6342743085052522,0.6156441213648101,0.6182098931061234,0.6210354530647287,0.6200813219536837,0.6285327498730974,0.6198399444108269
3,2,0.24308796634341884,0.9269929102541933,5783,1.6377784090657388,0.9024896265560166,964,1.6383112425240465,0.9117,0.806109253743512,0.08481192406199671,,,0.9629350577506175,,0.9629486471562673,0.03705135284373273,0.9677864739783826,0.4051819302630265,5,0.1,0.5,0.6183645013019354,0.6308902120012457,1.0,0.6238012503153594,0.6224252528518572,0.6246593947152594,0.6132104797884863,0.6250201980640551,0.6148188791760286,0.6099271579752482,0.6230663292970563,0.6194658938248885
3,3,0.23932883080700973,0.9268015888027237,5287,1.636066998754229,0.9125993189557321,881,1.6383115430228627,0.9117,0.8125958735835855,0.08509032418148878,,,0.9663640034734422,,0.9663771899001055,0.03362281009989454,0.9677864274820903,0.40518224628979627,5,0.1,0.5,0.6268359207982463,0.6265586023417166,0.6238012503153594,1.0,0.632968102570324,0.6275611298779292,0.6189242730166659,0.6356593673587495,0.6253004843400225,0.6250756833611952,0.6272849006095627,0.6201180992494582
3,4,0.23433956978301848,0.9296859169199595,4935,1.6394636722711415,0.9111922141119222,822,1.6383107474055916,0.9117,0.8143148816052298,0.08525299249527923,,,0.9683675256695841,,0.9683801014005321,0.0316198985994679,0.9677861769657466,0.40518239465626393,5,0.1,0.5,0.628995435625306,0.6239851820005626,0.6224252528518572,0.632968102570324,1.0,0.6338705883040869,0.6314892635376571,0.6322412647598072,0.6293838918322872,0.62371842714521,0.6321855083975633,0.6156809915846206
3,5,0.2532882282421095,0.9236768802228412,4667,1.6457696962356567,0.9048843187660668,778,1.6383080882386278,0.9117,0.8173542739658608,0.0850357133181618,,,0.965691382762767,,0.9657095527332965,0.034290447266703494,0.9677841601857592,0.4051821982252816,5,0.1,0.5,0.6301734359049486,0.6342743085052522,0.6246593947152594,0.6275611298779292,0.6338705883040869,1.0,0.6297820156186598,0.6361023984265018,0.6300021334851359,0.6253080067395371,0.6324898659628844,0.634002525694706
3,6,0.2676119021752051,0.9217606108241635,4453,1.6479219247897465,0.9016172506738545,742,1.6383081118519696,0.9117,0.8069794939790086,0.08418819361544062,,,0.9552528130345731,,0.9552733296521259,0.04472667034787414,0.967780243923141,0.4051809710980475,5,0.1,0.5,0.614088355502807,0.6156441213648101,0.6132104797884863,0.6189242730166659,0.6314892635376571,0.6297820156186598,1.0,0.6299633568613779,0.6238619390918821,0.6169686657009389,0.6283038473254512,0.6189563979617392
3,7,0.25094898623873046,0.9253214870236147,4277,1.6354136415149854,0.9340813464235624,713,1.6383041638535814,0.9117,0.8162994431969964,0.0853088719242434,,,0.9690557708085953,,0.9690678178806285,0.030932182119371543,0.9677858873166025,0.40518245125166047,5,0.1,0.5,0.6194593822757775,0.6182098931061234,0.6250201980640551,0.6356593673587495,0.6322412647598072,0.6361023984265018,0.6299633568613779,1.0,0.6376329723353625,0.627318768796364,0.6345634477423541,0.6324466758550178
3,8,0.2592227771238182,0.9214821990796803,4129,1.655428480018269,0.8968023255813954,688,1.640254108669659,0.9114,0.7998730117354731,0.06752347731662602,,,0.75,,0.750002509914161,0.24999749008583905,0.9663621411780743,0.40469192454024816,5,0.1,0.5,0.6191555580611711,0.6210354530647287,0.6148188791760286,0.6253004843400225,0.6293838918322872,0.6300021334851359,0.6238619390918821,0.6376329723353625,1.0,0.6200451520876731,0.6365079893540811,0.625246127212004
3,9,0.2720625790949386,0.9196700824793802,4001,1.6477866229556857,0.8935532233883059,667,1.6383180644946358,0.9117,0.8055326514875835,0.08352530975184634,,,0.9470883309468924,,0.9471060689724411,0.052893931027558905,0.9677705068882505,0.40517945771302505,5,0.1,0.5,0.6112877214124125,0.6200813219536837,0.6099271579752482,0.6250756833611952,0.62371842714521,0.6253080067395371,0.6169686657009389,0.627318768796364,0.6200451520876731,1.0,0.6335992286208283,0.6171348840127772
3,10,0.25655871387265744,0.9264078169195166,3889,1.622224557967413,0.9166666666666666,648,1.6383098527646294,0.9117,0.8168295871831955,0.08538553499725042,,,0.9699999999876834,,0.9700015059484965,0.029998494051503455,0.9677855152685277,0.40518249591460415,5,0.1,0.5,0.6241921771569577,0.6285327498730974,0.6230663292970563,0.6272849006095627,0.6321855083975633,0.6324898659628844,0.6283038473254512,0.6345634477423541,0.6365079893540811,0.6335992286208283,1.0,0.6322798646686462
3,11,0.29080476510111525,0.9171722500659457,3791,1.6444260120391845,0.9018987341772152,632,1.638308323610324,0.9117,0.8077936801621455,0.08392249283221015,,,0.9519802800849768,,0.9519953817579438,0.04800461824205615,0.9677770660796119,0.4051804025434931,5,0.1,0.5,0.616132986437933,0.6198399444108269,0.6194658938248885,0.6201180992494582,0.6156809915846206,0.634002525694706,0.6189563979617392,0.6324466758550178,0.625246127212004,0.6171348840127772,0.6322798646686462,1.0
4,0,0.19976650376528762,0.939055271487704,8214,1.3923012129096097,0.9488677867056245,1369,1.4051863564469944,0.9298,0.7947676684121638,0.08469593640504312,,,0.9578783477359017,,0.9578936800361427,0.042106319963857275,0.9688310867227318,0.39319577704551717,5,0.1,0.5,1.0,0.6078845194678675,0.5983239446098881,0.6061696313685236,0.608271887853773,0.6058294505217079,0.5957895680778565,0.5983174751731886,0.575714637867826,0.49380333751024647,0.6039451549407391,0.5935455230500155
4,1,0.20629949655329574,0.9371767569212047,6574,1.4040971517562866,0.9370437956204379,1096,1.4051860365243003,0.9298,0.7969749976639496,0.08487625448633515,,,0.9608087006557494,,0.9608252597761157,0.03917474022388434,0.9688294615015011,0.39319618062597034,5,0.1,0.5,0.6078845194678675,1.0,0.6098043178253254,0.6031098272191776,0.6043093782517627,0.6084726238220696,0.6068724564718647,0.6004669179215317,0.5752104538127475,0.4861495164960309,0.6115304197918917,0.5933617492596364
4,2,0.2291016456923185,0.9307625799757911,5783,1.4047804301784885,0.9159751037344398,964,1.4051855836813443,0.9298,0.7969522207419278,0.0847134029593557,,,0.9581621970762607,,0.9581747904221676,0.04182520957783242,0.9688318505505348,0.3931958349458794,5,0.1,0.5,0.5983239446098881,0.6098043178253254,1.0,0.6038138570670903,0.6130799228778203,0.6061688103821141,0.6073932945767929,0.606846122511523,0.5685429662737286,0.49056469558088817,0.6031854075216104,0.5991124108306611
4,3,0.22462236902014499,0.9316058256099867,5287,1.4016413816383906,0.9296254256526674,881,1.405187128831784,0.9298,0.7961438936073093,0.08487102935509763,,,0.960723786938452,,0.9607399226946438,0.03926007730535619,0.9688295157427992,0.39319617556332337,5,0.1,0.5,0.6061696313685236,0.6031098272191776,0.6038138570670903,1.0,0.6102075301797844,0.6004929902146766,0.6038856575925297,0.6035651393557029,0.5679940591134148,0.49365709799720375,0.6101631661480844,0.5948587857118859
4,4,0.21387687335782235,0.9347517730496454,4935,1.4058120388251085,0.9367396593673966,822,1.4051863785368948,0.9298,0.805424169063249,0.0853061715618647,,,0.9677952920643508,,0.9678078409718388,0.032192159028161194,0.9688294487927586,0.3931969422226121,5,0.1,0.5,0.608271887853773,0.6043093782517627,0.6130799228778203,0.6102075301797844,1.0,0.6069790154187363,0.616284744926986,0.6136355171321356,0.5871409559902631,0.49709958270375426,0.6256180359247511,0.604554202232861
4,5,0.23506829415460767,0.9306620955646026,4667,1.4148986721038819,0.9203084832904884,778,1.4051838180127616,0.9299,0.7993868534947329,0.08494860145467291,,,0.9619844127551219,,0.9619998996034336,0.03800010039656643,0.9688302999745695,0.39319631390913085,5,0.1,0.5,0.6058294505217079,0.6084726238220696,0.6061688103821141,0.6004929902146766,0.6069790154187363,1.0,0.6149170788673185,0.6139722564158218,0.579596240432769,0.48099575396845556,0.6130714653180889,0.5999777211828334
4,6,0.23321879408521845,0.9275544576689873,4453,1.4173437058925629,0.9231805929919138,742,1.4051843348402566,0.9299,0.8008594124871539,0.08443398813395445,,,0.9536214208901097,,0.9536318457908739,0.0463681542091261,0.9688260664990722,0.3931951117822802,5,0.1,0.5,0.5957895680778565,0.6068724564718647,0.6073932945767929,0.6038856575925297,0.616284744926986,0.6149170788673185,1.0,0.6101420398616755,0.5821763352538561,0.48976992676240605,0.617336781365985,0.604058529107142
4,7,0.22495069561609582,0.9341594575637129,4277,1.4005511325338613,0.9453015427769986,713,1.405181393074913,0.9298,0.800955087994703,0.08518631912295953,,,0.9658475675667291,,0.9658601475829527,0.03413985241704731,0.9688305600655622,0.39319675347360755,5,0.1,0.5,0.5983174751731886,0.6004669179215317,0.606846122511523,0.6035651393557029,0.6136355171321356,0.6139722564158218,0.6101420398616755,1.0,0.5875886780946316,0.4929812763320979,0.6114835163097254,0.606614506392534
4,8,0.27357425858911416,0.919738435456527,4129,1.4286675507372075,0.9171511627906976,688,1.4078269667518786,0.9295,0.7612713372006624,0.07190422638540378,,,0.75,,0.750002509914161,0.24999749008583905,0.9673426982874813,0.39267009535533026,5,0.1,0.5,0.575714637867826,0.5752104538127475,0.5685429662737286,0.5679940591134148,0.5871409559902631,0.579596240432769,0.5821763352538561,0.5875886780946316,1.0,0.48048707970392857,0.585240041024697,0.574334272866551
4,9,0.32293589017617275,0.9125218695326168,4001,1.4182805163519723,0.9100449775112444,667,1.4053325298876047,0.9299,0.6784755418399568,0.07968618763683988,,,0.8764648154632696,,0.8764770844837106,0.12352291551628936,0.9687421511516275,0.3931445907369332,5,0.1,0.5,0.49380333751024647,0.4861495164960309,0.49056469558088817,0.49365709799720375,0.49709958270375426,0.48099575396845556,0.48976992676240605,0.4929812763320979,0.48048707970392857,1.0,0.5086208727887673,0.48494454505841
4,10,0.22671845704164417,0.9335047570069427,3889,1.386609429404849,0.9351851851851852,648,1.4051848535720532,0.9298,0.8067628032347615,0.08544183737165251,,,0.969999999983749,,0.9700015059484965,0.029998494051503455,0.9688332514102915,0.3931971234672223,5,0.1,0.5,0.6039451549407391,0.6115304197918917,0.6031854075216104,0.6101631661480844,0.6256180359247511,0.6130714653180889,0.617336781365985,0.6114835163097254,0.585240041024697,0.5086208727887673,1.0,0.608631298083532
4,11,0.26416501144275945,0.922658929042469,3791,1.4133723616600036,0.9224683544303798,632,1.405172197963483,0.9299,0.7917513444456301,0.08393604512682058,,,0.9455293386406911,,0.9455549420209829,0.05444505797901711,0.9688236501365675,0.3931934921149331,5,0.1,0.5,0.5935455230500155,0.5933617492596364,0.5991124108306611,0.5948587857118859,0.604554202232861,0.5999777211828334,0.604058529107142,0.606614506392534,0.574334272866551,0.48494454505841,0.608631298083532,1.0
5,0,0.18838292611255547,0.9439493547601656,8214,1.1397912834965906,0.9539810080350621,1369,1.1552425622940063,0.9406,0.7866945279011992,0.08422589993801434,,,0.9499758326920971,,0.9499874504291953,0.0500125495708047,0.9674399449169648,0.39368874929566366,5,0.1,0.5,1.0,0.5893623643042708,0.5844964956272558,0.587360635266421,0.5895024615869405,0.587575035789047,0.5756519418649583,0.5885357457448841,0.5804708723127165,0.5762588721423129,0.5877286473536879,0.5781927647779193
5,1,0.19034950734834974,0.9432917554000608,6574,1.1527140072413853,0.9443430656934306,1096,1.1552360429169652,0.9406,0.7889925753334526,0.08442712420811115,,,0.9545190786605267,,0.954530395060489,0.04546960493951102,0.9674412602670742,0.3936896111909798,5,0.1,0.5,0.5893623643042708,1.0,0.5974606015645946,0.5832860271913237,0.585261619758941,0.5903956238589787,0.5839295505766843,0.5831780479644366,0.5812737871090609,0.5840088587451607,0.5931426876394895,0.5749135374524535
5,2,0.20635441575580127,0.939789036832094,5783,1.1554045177275134,0.9242738589211619,964,1.155240159255628,0.9406,0.7895572484760978,0.08433820214617119,,,0.9525113944024657,,0.9525274835600622,0.04747251643993777,0.967438883476254,0.3936892699670152,5,0.1,0.5,0.5844964956272558,0.5974606015645946,1.0,0.5946852314376937,0.5872292920395291,0.5841668457621083,0.585234302783743,0.5957609913894533,0.577206414385261,0.5742240384950746,0.5926171029218351,0.5779053603202081
5,3,0.20872712734839824,0.9367126915074712,5287,1.1503537382398332,0.9466515323496028,881,1.15524144542103,0.9406,0.7865750382279553,0.08433864829417,,,0.9525214675417344,,0.952537523216706,0.04746247678329396,0.9674391122678058,0.3936892703468938,5,0.1,0.5,0.587360635266421,0.5832860271913237,0.5946852314376937,1.0,0.6000329729644107,0.5759767786117702,0.5783097249343483,0.585832587075617,0.5762833549511597,0.5767908675238895,0.5910217032815448,0.5729080760635888
5,4,0.19565668734376349,0.9422492401215805,4935,1.1548078105999873,0.9476885644768857,822,1.1552363877860121,0.9406,0.7935191399377248,0.08487340291221973,,,0.9645951689962597,,0.9646051905024848,0.03539480949751517,0.9674443906440116,0.39369094188184894,5,0.1,0.5,0.5895024615869405,0.585261619758941,0.5872292920395291,0.6000329729644107,1.0,0.5841582416654959,0.597131442287487,0.5931744938610307,0.5883589982678422,0.5792678489454333,0.6046763448685525,0.5780809802599034
5,5,0.21896638072618882,0.9346046710949218,4667,1.1668484663963319,0.929305912596401,778,1.1552378236295315,0.9406,0.7860271538363238,0.08437120031984063,,,0.9532564278888196,,0.9532704181516992,0.04672958184830078,0.9674392031027881,0.39368937967630013,5,0.1,0.5,0.587575035789047,0.5903956238589787,0.5841668457621083,0.5759767786117702,0.5841582416654959,1.0,0.5826075130037224,0.589318390206428,0.5786496080643063,0.5741066840352679,0.5943115060954172,0.5760321179935968
5,6,0.21194622463812784,0.936626993038401,4453,1.1701061526934307,0.9326145552560647,742,1.1552448196533007,0.9406,0.7882883869073902,0.08410696864726323,,,0.9472905994100225,,0.947306862105316,0.052693137894683995,0.9674351210801316,0.3936882082041882,5,0.1,0.5,0.5756519418649583,0.5839295505766843,0.585234302783743,0.5783097249343483,0.597131442287487,0.5826075130037224,1.0,0.5930527761356721,0.5918715110085274,0.5749499229699246,0.595597986364574,0.5845248190694692
5,7,0.20733897900764844,0.9367313537526304,4277,1.1490230352982231,0.9509116409537167,713,1.1552305966139602,0.9406,0.7937621019269816,0.08480189158859967,,,0.9629805847685341,,0.9629938256111641,0.03700617438883591,0.967444101395373,0.39369074997785497,5,0.1,0.5,0.5885357457448841,0.5831780479644366,0.5957609913894533,0.585832587075617,0.5931744938610307,0.589318390206428,0.5930527761356721,1.0,0.589625054709166,0.5836465373223304,0.5964949771329531,0.5917383553547041
5,8,0.22560764840060774,0.9317025914264955,4129,1.1845110112970525,0.9302325581395349,688,1.1583761117709712,0.941,0.7777850290037953,0.07536879837448694,,,0.75,,0.750002509914161,0.24999749008583905,0.9658777839649839,0.39314611611910477,5,0.1,0.5,0.5804708723127165,0.5812737871090609,0.577206414385261,0.5762833549511597,0.5883589982678422,0.5786496080643063,0.5918715110085274,0.589625054709166,1.0,0.5745812057034437,0.5933924811653417,0.5738889838202362
5,9,0.2267988567513096,0.9324668832791803,4001,1.1726841585976737,0.9250374812593704,667,1.1555113693395742,0.9408,0.7771173895059692,0.08054309152103044,,,0.8668253037578308,,0.8668440339340394,0.13315596606596058,0.9672175907635588,0.3936225686095667,5,0.1,0.5,0.5762588721423129,0.5840088587451607,0.5742240384950746,0.5767908675238895,0.5792678489454333,0.5741066840352679,0.5749499229699246,0.5836465373223304,0.5745812057034437,1.0,0.5903831991205777,0.5721555144592538
5,10,0.2092794344233746,0.9389560298277192,3889,1.1344446397963024,0.9521604938271605,648,1.1552372192041562,0.9406,0.7977511019886331,0.08511278752329701,,,0.9699999999774219,,0.9700015059484965,0.029998494051503455,0.9674476815425849,0.3936913987629492,5,0.1,0.5,0.5877286473536879,0.5931426876394895,0.5926171029218351,0.5910217032815448,0.6046763448685525,0.5943115060954172,0.595597986364574,0.5964949771329531,0.5933924811653417,0.5903831991205777,1.0,0.5876679033156654
5,11,0.23682384043149338,0.9293062516486416,3791,1.1656686574220658,0.9382911392405063,632,1.1552348557752543,0.9406,0.7802552659075136,0.08349198452679553,,,0.9334054744963178,,0.9334169971386979,0.06658300286130214,0.9674169998013565,0.3936841595848253,5,0.1,0.5,0.5781927647779193,0.5749135374524535,0.5779053603202081,0.5729080760635888,0.5780809802599034,0.5760321179935968,0.5845248190694692,0.5917383553547041,0.5738889838202362,0.5721555144592538,0.5876679033156654,1.0
6,0,0.17863017730958441,0.9468711955198442,8214,0.900624948878621,0.960555149744339,1369,0.9183542840777875,0.9488,0.7759728722184103,0.08404475137568658,,,0.9472510963224459,,0.947266703478741,0.05273329652125902,0.9689826676225951,0.3864300163806503,5,0.1,0.5,1.0,0.5699597942375239,0.5614758016737276,0.5550978791128623,0.5732561217868272,0.5700823386225358,0.5627574182337551,0.5598001480694247,0.5667174282198356,0.557427688494037,0.5627953197840282,0.552642557418482
6,1,0.18192423266241128,0.942957103742014,6574,0.9147066490990775,0.9534671532846716,1096,0.918346776177708,0.9488,0.7723139277525267,0.08405056299749872,,,0.9474385232398533,,0.9474524371266503,0.05254756287334972,0.9689873097373164,0.38643003708801443,5,0.1,0.5,0.5699597942375239,1.0,0.5663748120644968,0.5521644135865036,0.5670405134761839,0.5661478156737603,0.5562851259369239,0.5555027805142286,0.5593506133274944,0.5541902808081123,0.56068394865179,0.5488552145350671
6,2,0.1937975762339916,0.9427286875324227,5783,0.919224081500884,0.9356846473029046,964,0.918353526165691,0.9488,0.7725899107493117,0.08400056844795871,,,0.9458261808317687,,0.9458460920636514,0.054153907936348555,0.9689858292282149,0.38642968284739515,5,0.1,0.5,0.5614758016737276,0.5663748120644968,1.0,0.5574858406441057,0.5640000282293673,0.5543656523740281,0.5645407471382697,0.5603091651168864,0.562105594758179,0.5575567037705622,0.5611728584722496,0.5506208854264805
6,3,0.1996639258132866,0.940873841498014,5287,0.9120670961482185,0.9534619750283768,881,0.9183571098711544,0.9488,0.7658289184459648,0.08376174260465047,,,0.9381239605126457,,0.9381356357612569,0.061864364238743086,0.968987955557484,0.3864276865002702,5,0.1,0.5,0.5550978791128623,0.5521644135865036,0.5574858406441057,1.0,0.5617775923499723,0.5477189092043934,0.5491731336720932,0.5640348664930099,0.5592223343216146,0.5539867063485765,0.5555654449422613,0.5412724551104612
6,4,0.1817801283708503,0.9448834853090172,4935,0.9159582692843217,0.9598540145985401,822,0.9183459733240902,0.9489,0.7827364402964383,0.08471909018900028,,,0.968998768341234,,0.969007579940766,0.03099242005923397,0.9689895273517153,0.3864331742024645,5,0.1,0.5,0.5732561217868272,0.5670405134761839,0.5640000282293673,0.5617775923499723,1.0,0.5724872795427826,0.5680344031019053,0.5719622039506455,0.5760016522652952,0.566841418406027,0.5775964051249989,0.5529471637807349
6,5,0.1969303123589146,0.9427898007285194,4667,0.9317832732200623,0.9357326478149101,778,0.9183466181206626,0.9488,0.7754274539882282,0.08412310266123758,,,0.9497779537815922,,0.9497916771246423,0.0502083228753577,0.9689879925841238,0.3864305555210853,5,0.1,0.5,0.5700823386225358,0.5661478156737603,0.5543656523740281,0.5477189092043934,0.5724872795427826,1.0,0.5591342313334281,0.5666456687116699,0.5626377602339824,0.5621814726538632,0.5711847075911386,0.5533593616754634
6,6,0.19994308146847678,0.9424208398832248,4453,0.9348916734258333,0.9433962264150944,742,0.9183633582660565,0.9488,0.772457923951344,0.08384051135043856,,,0.9406642812162884,,0.9406857085487677,0.05931429145123235,0.9689834748102155,0.3864283983732278,5,0.1,0.5,0.5627574182337551,0.5562851259369239,0.5645407471382697,0.5491731336720932,0.5680344031019053,0.5591342313334281,1.0,0.5622632485546707,0.5667608839251266,0.5557087915416673,0.5631966861416529,0.5525244667402622
6,7,0.1917155047225307,0.9436520925882628,4277,0.9111319702604542,0.9551192145862553,713,0.9183381936801508,0.9489,0.7764370538781378,0.08444823519174242,,,0.9602635961566938,,0.9602831183173536,0.03971688168264642,0.9689884456417932,0.38643225572446194,5,0.1,0.5,0.5598001480694247,0.5555027805142286,0.5603091651168864,0.5640348664930099,0.5719622039506455,0.5666456687116699,0.5622632485546707,1.0,0.5679675069737462,0.5633640436146663,0.564984587916568,0.5568714381386269
6,8,0.19885209586867578,0.9403729716638412,4129,0.9524918388236653,0.940406976744186,688,0.9216819630263332,0.9481,0.7713283051801867,0.07792850729659653,,,0.75,,0.750002509914161,0.24999749008583905,0.9674565773653929,0.3858901842765817,5,0.1,0.5,0.5667174282198356,0.5593506133274944,0.562105594758179,0.5592223343216146,0.5760016522652952,0.5626377602339824,0.5667608839251266,0.5679675069737462,1.0,0.5533776578094434,0.5702077234362577,0.5502925816742045
6,9,0.2068507721301146,0.9400149962509373,4001,0.9403000899723598,0.9340329835082459,667,0.9186561669404514,0.9488,0.7685517177226211,0.08130742923299021,,,0.8589714615249255,,0.858977962953667,0.14102203704633298,0.9687674845831956,0.3863527701481778,5,0.1,0.5,0.557427688494037,0.5541902808081123,0.5575567037705622,0.5539867063485765,0.566841418406027,0.5621814726538632,0.5557087915416673,0.5633640436146663,0.5533776578094434,1.0,0.5742919703544359,0.5428032954737365
