round,client_id,client_i_training_loss,client_i_training_accuracy,client_i_training_dataset_size,client_i_evaluation_loss,client_i_evaluation_accuracy,client_i_evaluation_dataset_size,client_i_central_evaluation_loss,client_i_central_evaluation_accuracy,client_i_cosine_similarity,client_i_importance_coefficient,client_i_tanh_val,tanh_normalization_value,client_i_q,client_i_mask_order,client_i_v_nonzero_fraction,client_i_v_sparsity,client_i_v_cosine_similarity,client_i_reward_gradient_norm,local_epochs,learning_rate,gamma,client_0_cosine_similarity,client_1_cosine_similarity,client_2_cosine_similarity,client_3_cosine_similarity,client_4_cosine_similarity,client_5_cosine_similarity,client_6_cosine_similarity,client_7_cosine_similarity,client_8_cosine_similarity,client_9_cosine_similarity,client_10_cosine_similarity,client_11_cosine_similarity
0,0,1.5677486487863592,0.5239834429023619,8214,2.227986751600753,0.28341855368882396,1369,2.230913452447032,0.2682,0.9860493671787572,0.08268541199814754,,,0.99,,0.9900107286803723,0.00998927131962768,0,0.09935196340177874,5,0.001,0.1,1.0,0.9928731640691248,0.9905935788330004,0.9806279275160574,0.9806955583551008,0.9777979837447807,0.9756590638491949,0.9699837561521388,0.9690223921843454,0.9640653424062449,0.9602542282221987,0.9591509339215767
0,1,1.7200385148664123,0.4796470946151506,6574,2.2253886767796107,0.2864963503649635,1096,2.230913452447032,0.2682,0.9955037375582168,0.08347821054964943,,,0.99,,0.9900107286803723,0.00998927131962768,0,0.09935196340177874,5,0.001,0.1,0.9928731640691248,1.0,0.9963491984199242,0.9894191280752485,0.9908287243120552,0.9917415660338611,0.9879515808972364,0.9841186630423451,0.9844067858727642,0.9811926626701947,0.9787587235955468,0.9753003272556574
0,2,1.7768926164063301,0.47847138163582914,5783,2.2325081748347126,0.274896265560166,964,2.230913452447032,0.2682,0.9966209489150577,0.08357189458252266,,,0.99,,0.9900107286803723,0.00998927131962768,0,0.09935196340177874,5,0.001,0.1,0.9905935788330004,0.9963491984199242,1.0,0.9904867719797542,0.9941620287597985,0.9927046161608689,0.9905957464988736,0.986590045775539,0.9861473222446712,0.9836526030788798,0.9807192243588401,0.9791578015967233
0,3,1.8356015310230025,0.44274635899375825,5287,2.230962974684579,0.2599318955732123,881,2.230913452447032,0.2682,0.9933780765408683,0.0832999627226763,,,0.99,,0.9900107286803723,0.00998927131962768,0,0.09935196340177874,5,0.001,0.1,0.9806279275160574,0.9894191280752485,0.9904867719797542,1.0,0.9909818606821664,0.9898912659971096,0.9874160259277255,0.9861849230632415,0.9851909938112567,0.9820201213275225,0.9804897782513925,0.9778156347252078
0,4,1.8942784241707094,0.4236271529888551,4935,2.2337947075183573,0.2664233576642336,822,2.230913452447032,0.2682,0.9966253661913137,0.08357226499430863,,,0.99,,0.9900107286803723,0.00998927131962768,0,0.09935196340177874,5,0.001,0.1,0.9806955583551008,0.9908287243120552,0.9941620287597985,0.9909818606821664,1.0,0.9935545500179753,0.9930769561801053,0.9895218655758784,0.9909426333119922,0.9884708604094347,0.9866403293537064,0.9872112410364196
0,5,1.9234508401727024,0.43501178487250913,4667,2.23482382774353,0.2275064267352185,778,2.230913452447032,0.2682,0.9978613907307134,0.08367591213580267,,,0.99,,0.9900107286803723,0.00998927131962768,0,0.09935196340177874,5,0.001,0.1,0.9777979837447807,0.9917415660338611,0.9927046161608689,0.9898912659971096,0.9935545500179753,1.0,0.9959311180178412,0.994243704391552,0.995133738433771,0.9937309253777834,0.9923383709633689,0.9909007546182251
0,6,1.9396964812278747,0.4376824612620705,4453,2.2257549464702606,0.27897574123989216,742,2.230913452447032,0.2682,0.9967145646439494,0.08357974475247416,,,0.99,,0.9900107286803723,0.00998927131962768,0,0.09935196340177874,5,0.001,0.1,0.9756590638491949,0.9879515808972364,0.9905957464988736,0.9874160259277255,0.9930769561801053,0.9959311180178412,1.0,0.9941632899090793,0.9950265815470559,0.9938699712096274,0.9914496189206273,0.9925670872898538
0,7,1.9759951618180347,0.41833060556464813,4277,2.2362512505572774,0.25806451612903225,713,2.230913452447032,0.2682,0.9945171027588133,0.08339547604608823,,,0.99,,0.9900107286803723,0.00998927131962768,0,0.09935196340177874,5,0.001,0.1,0.9699837561521388,0.9841186630423451,0.986590045775539,0.9861849230632415,0.9895218655758784,0.994243704391552,0.9941632899090793,1.0,0.9938513615315149,0.992512906781054,0.9934013630441861,0.992470450265982
0,8,1.977835531968337,0.40314846209736016,4129,2.2330641854893076,0.2747093023255814,688,2.230913452447032,0.2682,0.9947116374496575,0.08341178880039424,,,0.99,,0.9900107286803723,0.00998927131962768,0,0.09935196340177874,5,0.001,0.1,0.9690223921843454,0.9844067858727642,0.9861473222446712,0.9851909938112567,0.9909426333119922,0.995133738433771,0.9950265815470559,0.9938513615315149,1.0,0.993341365186386,0.9939329523595791,0.9940353692556967
0,9,1.9989351145804874,0.40779805048737816,4001,2.233365762801397,0.2698650674662669,667,2.230913452447032,0.2682,0.9925127753931322,0.08322740268229238,,,0.99,,0.9900107286803723,0.00998927131962768,0,0.09935196340177874,5,0.001,0.1,0.9640653424062449,0.9811926626701947,0.9836526030788798,0.9820201213275225,0.9884708604094347,0.9937309253777834,0.9938699712096274,0.992512906781054,0.993341365186386,1.0,0.9929648133811275,0.9930327162647242
0,10,2.0154699575705606,0.4023656466958087,3889,2.22347861244565,0.28858024691358025,648,2.230913452447032,0.2682,0.9908946482292632,0.08309171423132494,,,0.99,,0.9900107286803723,0.00998927131962768,0,0.09935196340177874,5,0.001,0.1,0.9602542282221987,0.9787587235955468,0.9807192243588401,0.9804897782513925,0.9866403293537064,0.9923383709633689,0.9914496189206273,0.9934013630441861,0.9939329523595791,0.9929648133811275,1.0,0.9921773447064041
0,11,2.031614107244155,0.37536270113426534,3791,2.2412576556205748,0.22626582278481014,632,2.230913452447032,0.2682,0.9899227623766226,0.08301021650431896,,,0.99,,0.9900107286803723,0.00998927131962768,0,0.09935196340177874,5,0.001,0.1,0.9591509339215767,0.9753003272556574,0.9791578015967233,0.9778156347252078,0.9872112410364196,0.9909007546182251,0.9925670872898538,0.992470450265982,0.9940353692556967,0.9930327162647242,0.9921773447064041,1.0
1,0,1.389393893893127,0.5834429023618213,8214,2.1330169799715972,0.3761869978086194,1369,2.1359828539168872,0.3733,0.9877472324905507,0.08265636713779825,,,0.99,,0.9900107286803723,0.00998927131962768,0.9909773126769098,0.09964013171764928,5,0.001,0.1,1.0,0.9940941835722614,0.9922431233009148,0.989069745555708,0.9850862391371469,0.9842702685195293,0.9835363466530171,0.980841379838644,0.979267877068713,0.9752425287063984,0.9735560844799138,0.9731113278011384
1,1,1.5216109270031013,0.5419835716458777,6574,2.131152187074934,0.39233576642335766,1096,2.1359828539168872,0.3733,0.9958608786207735,0.0834050516943429,,,0.99,,0.9900107286803723,0.00998927131962768,0.9909773126769098,0.09964013171764928,5,0.001,0.1,0.9940941835722614,1.0,0.9972081453402915,0.9962679156926693,0.993497598944844,0.9939244741437047,0.9924011259866959,0.9909400468813793,0.9898450376184507,0.9869266807398515,0.9872566011635225,0.9848959281120017
1,2,1.5573296645728265,0.5509597094933426,5783,2.137281479374055,0.3796680497925311,964,2.1359828539168872,0.3733,0.9973758919677431,0.0835114909395651,,,0.99,,0.9900107286803723,0.00998927131962768,0.9909773126769098,0.09964013171764928,5,0.001,0.1,0.9922431233009148,0.9972081453402915,1.0,0.9974049309361954,0.9960498451553853,0.9952888290811587,0.9947130578102987,0.9932288416700653,0.9919252793656348,0.989811370779218,0.9892159082239297,0.9882650523120945
1,3,1.614069694855127,0.529790051068659,5287,2.138019961970193,0.35527809307604996,881,2.1359828539168872,0.3733,0.9980902186921188,0.08336766502611716,,,0.99,,0.9900107286803723,0.00998927131962768,0.9909773126769098,0.09964013171764928,5,0.001,0.1,0.989069745555708,0.9962679156926693,0.9974049309361954,1.0,0.9970343444237835,0.996248652231895,0.995666632933806,0.9947013489478529,0.9936787797437723,0.9914946750645974,0.9921426864239062,0.9901768779160812
1,4,1.6684141849702405,0.5190678824721378,4935,2.138884131725018,0.3734793187347932,822,2.1359828539168872,0.3733,0.9976722805855919,0.08352129257346681,,,0.99,,0.9900107286803723,0.00998927131962768,0.9909773126769098,0.09964013171764928,5,0.001,0.1,0.9850862391371469,0.993497598944844,0.9960498451553853,0.9970343444237835,1.0,0.9957206140070887,0.9958017386549362,0.9944385042576286,0.9939848964621388,0.992707482456039,0.9924729162780694,0.9920747704005232
1,5,1.6996635559487017,0.5153203342618384,4667,2.1410809326171876,0.3444730077120823,778,2.1359828539168872,0.3733,0.998843708811002,0.08362274789096849,,,0.99,,0.9900107286803723,0.00998927131962768,0.9909773126769098,0.09964013171764928,5,0.001,0.1,0.9842702685195293,0.9939244741437047,0.9952888290811587,0.996248652231895,0.9957206140070887,1.0,0.9978546193834033,0.9970400938202579,0.9968986057048632,0.9954791294415313,0.9953172122661671,0.9948341759645567
1,6,1.7104330801963805,0.5212216483269706,4453,2.127696027358373,0.38544474393531,742,2.1359828539168872,0.3733,0.998596685856995,0.08355574456505575,,,0.99,,0.9900107286803723,0.00998927131962768,0.9909773126769098,0.09964013171764928,5,0.001,0.1,0.9835363466530171,0.9924011259866959,0.9947130578102987,0.995666632933806,0.9958017386549362,0.9978546193834033,1.0,0.9971156924406112,0.9971241224576614,0.995736318006667,0.9949264060796373,0.9950473583461552
1,7,1.7512108084870808,0.5020808978255786,4277,2.1393915466640308,0.37727910238429174,713,2.1359828539168872,0.3733,0.9978429486067556,0.08341829968737398,,,0.99,,0.9900107286803723,0.00998927131962768,0.9909773126769098,0.09964013171764928,5,0.001,0.1,0.980841379838644,0.9909400468813793,0.9932288416700653,0.9947013489478529,0.9944385042576286,0.9970400938202579,0.9971156924406112,1.0,0.9962783956615644,0.9958897326447235,0.9959502527322027,0.9944877042074067
1,8,1.7521568600489543,0.499007023492371,4129,2.1371438828381626,0.375,688,2.1359828539168872,0.3733,0.9974870407230426,0.08341681485464433,,,0.99,,0.9900107286803723,0.00998927131962768,0.9909773126769098,0.09964013171764928,5,0.001,0.1,0.979267877068713,0.9898450376184507,0.9919252793656348,0.9936787797437723,0.9939848964621388,0.9968986057048632,0.9971241224576614,0.9962783956615644,1.0,0.995064769443214,0.9958884590846848,0.9967017229614978
1,9,1.7792283731793601,0.5078230442389403,4001,2.140371492930821,0.37031484257871067,667,2.1359828539168872,0.3733,0.996033652959243,0.08325669698953568,,,0.99,,0.9900107286803723,0.00998927131962768,0.9909773126769098,0.09964013171764928,5,0.001,0.1,0.9752425287063984,0.9869266807398515,0.989811370779218,0.9914946750645974,0.992707482456039,0.9954791294415313,0.995736318006667,0.9958897326447235,0.995064769443214,1.0,0.9956233760738482,0.9953015566879566
1,10,1.7961163653702032,0.49241450244278734,3889,2.1262284574054537,0.4012345679012346,648,2.1359828539168872,0.3733,0.9958971069934833,0.08316900596527535,,,0.99,,0.9900107286803723,0.00998927131962768,0.9909773126769098,0.09964013171764928,5,0.001,0.1,0.9735560844799138,0.9872566011635225,0.9892159082239297,0.9921426864239062,0.9924729162780694,0.9953172122661671,0.9949264060796373,0.9959502527322027,0.9958884590846848,0.9956233760738482,1.0,0.9952933469783505
1,11,1.8156665152862292,0.4899498812978106,3791,2.148831343650818,0.33860759493670883,632,2.1359828539168872,0.3733,0.9952729193276735,0.08309882267585626,,,0.99,,0.9900107286803723,0.00998927131962768,0.9909773126769098,0.09964013171764928,5,0.001,0.1,0.9731113278011384,0.9848959281120017,0.9882650523120945,0.9901768779160812,0.9920747704005232,0.9948341759645567,0.9950473583461552,0.9944877042074067,0.9967017229614978,0.9953015566879566,0.9952933469783505,1.0
2,0,1.2637256748017633,0.6175797419040663,8214,2.0178033168925795,0.44704163623082543,1369,2.0205343710347865,0.4433,0.9889377865147542,0.08266092914475862,,,0.99,,0.9900107286803723,0.00998927131962768,0.9951345394273762,0.09969019229397623,5,0.001,0.1,1.0,0.99448820929603,0.9922546083301779,0.9895833502332858,0.9862996788209766,0.9855191890585239,0.9848810713507044,0.9826855370948009,0.9812203320490648,0.9780638949710181,0.9775650088973074,0.9779841927519001
2,1,1.3790119708741753,0.5837237602677213,6574,2.0169775928769793,0.45711678832116787,1096,2.0205343710347865,0.4433,0.9964706004765359,0.08336363896129552,,,0.99,,0.9900107286803723,0.00998927131962768,0.9951345394273762,0.09969019229397623,5,0.001,0.1,0.99448820929603,1.0,0.9968773159719521,0.9960617835136285,0.9940438946306834,0.9945998499852492,0.9937769047984553,0.9923826937176734,0.9913004101818085,0.9891961240722279,0.9892065644620752,0.9886334022730848
2,2,1.395860937748166,0.5992391492305033,5783,2.0211914124027377,0.4470954356846473,964,2.0205343710347865,0.4433,0.9976667148921321,0.08346758519455685,,,0.99,,0.9900107286803723,0.00998927131962768,0.9951345394273762,0.09969019229397623,5,0.001,0.1,0.9922546083301779,0.9968773159719521,1.0,0.9973789772841959,0.9961895393202604,0.9953979110770667,0.9953865284381471,0.994139955082312,0.9931283354510118,0.9912020094988759,0.9915481510583374,0.9913486237672509
2,3,1.447385310336768,0.5788916209570645,5287,2.024889349937439,0.4267877412031782,881,2.0205343710347865,0.4433,0.9983618099928787,0.0834017771513894,,,0.99,,0.9900107286803723,0.00998927131962768,0.9951345394273762,0.09969019229397623,5,0.001,0.1,0.9895833502332858,0.9960617835136285,0.9973789772841959,1.0,0.9972739698755267,0.9967366606531413,0.9964681124120005,0.9956877796707491,0.9946498283250584,0.9927249100214518,0.9936176630867424,0.9929646895512478
2,4,1.4980159890267157,0.5694427558257346,4935,2.022850206265083,0.4440389294403893,822,2.0205343710347865,0.4433,0.9983001615983362,0.08349405823217576,,,0.99,,0.9900107286803723,0.00998927131962768,0.9951345394273762,0.09969019229397623,5,0.001,0.1,0.9862996788209766,0.9940438946306834,0.9961895393202604,0.9972739698755267,1.0,0.9966719867513731,0.9971281074612754,0.9959257382633274,0.9952060830451348,0.9944228037722355,0.9945571477521737,0.9946697403191306
2,5,1.5227154512927956,0.5635740304263981,4667,2.027797646522522,0.39974293059125965,778,2.0205343710347865,0.4433,0.9987793473846517,0.08357179156289234,,,0.99,,0.9900107286803723,0.00998927131962768,0.9951345394273762,0.09969019229397623,5,0.001,0.1,0.9855191890585239,0.9945998499852492,0.9953979110770667,0.9967366606531413,0.9966719867513731,1.0,0.997885349644017,0.9969632551983252,0.99660763257563,0.995935082090991,0.9957598484433696,0.9960385135657406
2,6,1.5268788538660323,0.57772288344936,4453,2.0090983460346856,0.45417789757412397,742,2.0205343710347865,0.4433,0.998718952875634,0.08352872503354367,,,0.99,,0.9900107286803723,0.00998927131962768,0.9951345394273762,0.09969019229397623,5,0.001,0.1,0.9848810713507044,0.9937769047984553,0.9953865284381471,0.9964681124120005,0.9971281074612754,0.997885349644017,1.0,0.9970561268997898,0.9968318272355844,0.9960252020674313,0.9958440518812837,0.9961059586328109
2,7,1.566248096192061,0.5538929155950433,4277,2.0214614609013433,0.4488078541374474,713,2.0205343710347865,0.4433,0.9980325262570473,0.08342221380691693,,,0.99,,0.9900107286803723,0.00998927131962768,0.9951345394273762,0.09969019229397623,5,0.001,0.1,0.9826855370948009,0.9923826937176734,0.994139955082312,0.9956877796707491,0.9959257382633274,0.9969632551983252,0.9970561268997898,1.0,0.9964328896111636,0.9959113770332829,0.9962862800603914,0.9957031621254745
2,8,1.5677688651359998,0.5543230806490675,4129,2.0199229500510474,0.46075581395348836,688,2.0205343710347865,0.4433,0.9975774275140131,0.08340660438143127,,,0.99,,0.9900107286803723,0.00998927131962768,0.9951345394273762,0.09969019229397623,5,0.001,0.1,0.9812203320490648,0.9913004101818085,0.9931283354510118,0.9946498283250584,0.9952060830451348,0.99660763257563,0.9968318272355844,0.9964328896111636,1.0,0.9955007909935313,0.9960142634487352,0.9968355478268187
2,9,1.5895464869718703,0.5656585853536615,4001,2.0265933729353405,0.4332833583208396,667,2.0205343710347865,0.4433,0.9965167915884188,0.08327409428978029,,,0.99,,0.9900107286803723,0.00998927131962768,0.9951345394273762,0.09969019229397623,5,0.001,0.1,0.9780638949710181,0.9891961240722279,0.9912020094988759,0.9927249100214518,0.9944228037722355,0.995935082090991,0.9960252020674313,0.9959113770332829,0.9955007909935313,1.0,0.9959376752760563,0.9961142021830655
2,10,1.6096983303789232,0.5425559269735151,3889,2.0080857447215488,0.48148148148148145,648,2.0205343710347865,0.4433,0.9966860239453026,0.08322574917692198,,,0.99,,0.9900107286803723,0.00998927131962768,0.9951345394273762,0.09969019229397623,5,0.001,0.1,0.9775650088973074,0.9892065644620752,0.9915481510583374,0.9936176630867424,0.9945571477521737,0.9957598484433696,0.9958440518812837,0.9962862800603914,0.9960142634487352,0.9959376752760563,1.0,0.9967226247987861
2,11,1.6271367910529384,0.5436560274333949,3791,2.0360255897045136,0.41455696202531644,632,2.0205343710347865,0.4433,0.9966907060578905,0.08318283306433738,,,0.99,,0.9900107286803723,0.00998927131962768,0.9951345394273762,0.09969019229397623,5,0.001,0.1,0.9779841927519001,0.9886334022730848,0.9913486237672509,0.9929646895512478,0.9946697403191306,0.9960385135657406,0.9961059586328109,0.9957031621254745,0.9968355478268187,0.9961142021830655,0.9967226247987861,1.0
3,0,1.1692977440960213,0.6419527635743852,8214,1.8857215143913446,0.48721694667640614,1369,1.8879573010027217,0.492,0.9890269865310233,0.08267164331820122,,,0.99,,0.9900107286803723,0.00998927131962768,0.9975361629101845,0.0996744359646082,5,0.001,0.1,1.0,0.9940950360157903,0.9921614140459971,0.9893407478159129,0.9863368933172789,0.9851124150874702,0.9845566450940645,0.9826269961896044,0.9800814071679662,0.9786243100800381,0.9787550625963244,0.978076380561355
3,1,1.2709994562621256,0.6107696988135077,6574,1.8859901802880423,0.5063868613138686,1096,1.8879573010027217,0.492,0.9964652211422372,0.08334312742641035,,,0.99,,0.9900107286803723,0.00998927131962768,0.9975361629101845,0.0996744359646082,5,0.001,0.1,0.9940950360157903,1.0,0.996558223797309,0.9956272669614669,0.9938125081489516,0.9943520013676914,0.993381948830971,0.9922737785870325,0.9905661952216287,0.9895826456810768,0.9896269526791597,0.9887569881208957
3,2,1.273741408803845,0.6337886909908352,5783,1.8876501167974165,0.5051867219917012,964,1.8879573010027217,0.492,0.9978211974544523,0.08345071343790075,,,0.99,,0.9900107286803723,0.00998927131962768,0.9975361629101845,0.0996744359646082,5,0.001,0.1,0.9921614140459971,0.996558223797309,1.0,0.9970963337716231,0.9961508367358178,0.9951979214223843,0.9954677555806146,0.9940279721435009,0.9925346816179779,0.9916658955119215,0.9924571458745892,0.9915076835818771
3,3,1.3190731461507728,0.6101380745224134,5287,1.895583518913814,0.47446083995459704,881,1.8879573010027217,0.492,0.9982189177344584,0.08342317438639467,,,0.99,,0.9900107286803723,0.00998927131962768,0.9975361629101845,0.0996744359646082,5,0.001,0.1,0.9893407478159129,0.9956272669614669,0.9970963337716231,1.0,0.9970497684135863,0.9960890520559895,0.9962649617150202,0.9954328357661969,0.9932351336104157,0.9931709016321206,0.9938640046964465,0.992388044318598
3,4,1.3650632161478842,0.6038095238095238,4935,1.8890022406211266,0.48905109489051096,822,1.8879573010027217,0.492,0.998154493044753,0.0834777244278953,,,0.99,,0.9900107286803723,0.00998927131962768,0.9975361629101845,0.0996744359646082,5,0.001,0.1,0.9863368933172789,0.9938125081489516,0.9961508367358178,0.9970497684135863,1.0,0.9960916742454388,0.9967509127891191,0.9955626773013909,0.9938558845976958,0.9942325419445442,0.9948126038731737,0.9941101065732112
3,5,1.3848365221938042,0.5974287550889222,4667,1.897777533531189,0.4524421593830334,778,1.8879573010027217,0.492,0.9985369866017929,0.0835377817786575,,,0.99,,0.9900107286803723,0.00998927131962768,0.9975361629101845,0.0996744359646082,5,0.001,0.1,0.9851124150874702,0.9943520013676914,0.9951979214223843,0.9960890520559895,0.9960916742454388,1.0,0.9970736822922032,0.9965875473471487,0.9958017421798853,0.9959400958358463,0.9953097894637988,0.9957753708458882
3,6,1.3840752283164433,0.609746238490905,4453,1.8732966134945552,0.5107816711590296,742,1.8879573010027217,0.492,0.998455630150983,0.0835087250697585,,,0.99,,0.9900107286803723,0.00998927131962768,0.9975361629101845,0.0996744359646082,5,0.001,0.1,0.9845566450940645,0.993381948830971,0.9954677555806146,0.9962649617150202,0.9967509127891191,0.9970736822922032,1.0,0.9964117593703818,0.9953612225883953,0.9952273984767429,0.9960524493429902,0.9958060695408656
3,7,1.4216999129572911,0.5948562076221651,4277,1.8861749483191448,0.5007012622720898,713,1.8879573010027217,0.492,0.9977765198852308,0.08342142697351591,,,0.99,,0.9900107286803723,0.00998927131962768,0.9975361629101845,0.0996744359646082,5,0.001,0.1,0.9826269961896044,0.9922737785870325,0.9940279721435009,0.9954328357661969,0.9955626773013909,0.9965875473471487,0.9964117593703818,1.0,0.9951514991954183,0.9955207027764167,0.995674155247668,0.9949565651364688
3,8,1.4246553594332474,0.5908936788568661,4129,1.8850033499977805,0.5159883720930233,688,1.8879573010027217,0.492,0.9966814261125425,0.08337647753905224,,,0.99,,0.9900107286803723,0.00998927131962768,0.9975361629101845,0.0996744359646082,5,0.001,0.1,0.9800814071679662,0.9905661952216287,0.9925346816179779,0.9932351336104157,0.9938558845976958,0.9958017421798853,0.9953612225883953,0.9951514991954183,1.0,0.9947054490829171,0.9945524764463354,0.9952742040318664
3,9,1.441270943671938,0.6037490627343164,4001,1.8953513417925154,0.4782608695652174,667,1.8879573010027217,0.492,0.9965072279587937,0.0832895325880009,,,0.99,,0.9900107286803723,0.00998927131962768,0.9975361629101845,0.0996744359646082,5,0.001,0.1,0.9786243100800381,0.9895826456810768,0.9916658955119215,0.9931709016321206,0.9942325419445442,0.9959400958358463,0.9952273984767429,0.9955207027764167,0.9947054490829171,1.0,0.9953070180946728,0.9950572168646825
3,10,1.4601431686370099,0.5831319105168423,3889,1.8717522280556815,0.5231481481481481,648,1.8879573010027217,0.492,0.9968010689767911,0.08326935497482231,,,0.99,,0.9900107286803723,0.00998927131962768,0.9975361629101845,0.0996744359646082,5,0.001,0.1,0.9787550625963244,0.9896269526791597,0.9924571458745892,0.9938640046964465,0.9948126038731737,0.9953097894637988,0.9960524493429902,0.995674155247668,0.9945524764463354,0.9953070180946728,1.0,0.996139724538022
3,11,1.4751797140145502,0.5837509891849116,3791,1.9066135942935944,0.4588607594936709,632,1.8879573010027217,0.492,0.9964078595139672,0.08323031807939044,,,0.99,,0.9900107286803723,0.00998927131962768,0.9975361629101845,0.0996744359646082,5,0.001,0.1,0.978076380561355,0.9887569881208957,0.9915076835818771,0.992388044318598,0.9941101065732112,0.9957753708458882,0.9958060695408656,0.9949565651364688,0.9952742040318664,0.9950572168646825,0.996139724538022,1.0
4,0,1.0944291774632866,0.6642317993669345,8214,1.7426892463551011,0.5544192841490139,1369,1.744186178944743,0.5573,0.9889760448253279,0.08267921593948933,,,0.99,,0.9900107286803723,0.00998927131962768,0.9975408635690578,0.0996661587774287,5,0.001,0.1,1.0,0.9938420384623677,0.9911790166288341,0.9885271509692026,0.9856704382302023,0.9852647959676599,0.9838815584985636,0.9828486144420318,0.9806246602674396,0.9786870253249549,0.9788635540682609,0.9787994700446851
4,1,1.185029565072754,0.6360815333130514,6574,1.744089606830052,0.5547445255474452,1096,1.744186178944743,0.5573,0.9960151459626979,0.08331866640011666,,,0.99,,0.9900107286803723,0.00998927131962768,0.9975408635690578,0.0996661587774287,5,0.001,0.1,0.9938420384623677,1.0,0.9960500457235235,0.9949573537947447,0.9931852727026481,0.9935712884775154,0.9924490995730196,0.9918174023298879,0.9903176759472845,0.9885600872979755,0.9892814700933198,0.9882393226910915
4,2,1.1765817907633702,0.6578592426076431,5783,1.7422349376063193,0.5705394190871369,964,1.744186178944743,0.5573,0.9977577726782556,0.08344097833770996,,,0.99,,0.9900107286803723,0.00998927131962768,0.9975408635690578,0.0996661587774287,5,0.001,0.1,0.9911790166288341,0.9960500457235235,1.0,0.9964394408397699,0.9955921465184937,0.9953046796823302,0.9948905230035403,0.9940587057907451,0.9930980010810319,0.9919892394754068,0.9924362634647828,0.9920384119961394
4,3,1.2151985011186945,0.6395687535464346,5287,1.755465349980763,0.5368898978433598,881,1.744186178944743,0.5573,0.9980296229222917,0.08343285841393122,,,0.99,,0.9900107286803723,0.00998927131962768,0.9975408635690578,0.0996661587774287,5,0.001,0.1,0.9885271509692026,0.9949573537947447,0.9964394408397699,1.0,0.9963609401532286,0.9961451196843549,0.995650335391551,0.9954082118272058,0.9942172822834368,0.9924774921418148,0.9935250118295931,0.9925944768215964
4,4,1.2586298085797218,0.6355015197568389,4935,1.7434200140146108,0.5693430656934306,822,1.744186178944743,0.5573,0.9979711076850302,0.08346444561845866,,,0.99,,0.9900107286803723,0.00998927131962768,0.9975408635690578,0.0996661587774287,5,0.001,0.1,0.9856704382302023,0.9931852727026481,0.9955921465184937,0.9963609401532286,1.0,0.9958963911416748,0.9963404159523571,0.9954277311316646,0.9944081495926105,0.9939515938422069,0.9949353984893543,0.9938132378736848
4,5,1.274089763915702,0.624426826655239,4667,1.7570779418945313,0.5089974293059126,778,1.744186178944743,0.5573,0.9984432258547083,0.0835165520438133,,,0.99,,0.9900107286803723,0.00998927131962768,0.9975408635690578,0.0996661587774287,5,0.001,0.1,0.9852647959676599,0.9935712884775154,0.9953046796823302,0.9961451196843549,0.9958963911416748,1.0,0.9967769076243966,0.9962332884118068,0.9958309876989542,0.9948001923507613,0.9957553575118541,0.9956444589416521
4,6,1.2701821491547993,0.6370536716820121,4453,1.727204605937004,0.5673854447439353,742,1.744186178944743,0.5573,0.9981536152147323,0.08348936561581699,,,0.99,,0.9900107286803723,0.00998927131962768,0.9975408635690578,0.0996661587774287,5,0.001,0.1,0.9838815584985636,0.9924490995730196,0.9948905230035403,0.995650335391551,0.9963404159523571,0.9967769076243966,1.0,0.9965221819309906,0.9957066416528683,0.9943583936988849,0.9957964862830642,0.9953770450749595
4,7,1.303400867109868,0.6268880056114099,4277,1.7394566535949707,0.5862552594670407,713,1.744186178944743,0.5573,0.9977529820140573,0.08342285056136013,,,0.99,,0.9900107286803723,0.00998927131962768,0.9975408635690578,0.0996661587774287,5,0.001,0.1,0.9828486144420318,0.9918174023298879,0.9940587057907451,0.9954082118272058,0.9954277311316646,0.9962332884118068,0.9965221819309906,1.0,0.9953408002352974,0.9945457624278804,0.9959974637853803,0.9947574172124919
4,8,1.3042254298008404,0.6212157907483652,4129,1.7381643436171792,0.5843023255813954,688,1.744186178944743,0.5573,0.9971385036414642,0.08337541761284975,,,0.99,,0.9900107286803723,0.00998927131962768,0.9975408635690578,0.0996661587774287,5,0.001,0.1,0.9806246602674396,0.9903176759472845,0.9930980010810319,0.9942172822834368,0.9944081495926105,0.9958309876989542,0.9957066416528683,0.9953408002352974,1.0,0.9943827709222512,0.9956743275409732,0.9960004994074665
4,9,1.3188007702903142,0.6298925268682829,4001,1.752597865604219,0.5502248875562219,667,1.744186178944743,0.5573,0.9961415210183499,0.08328985726585361,,,0.99,,0.9900107286803723,0.00998927131962768,0.9975408635690578,0.0996661587774287,5,0.001,0.1,0.9786870253249549,0.9885600872979755,0.9919892394754068,0.9924774921418148,0.9939515938422069,0.9948001923507613,0.9943583936988849,0.9945457624278804,0.9943827709222512,1.0,0.9952251027000939,0.9946994482513789
4,10,1.3373162721024185,0.6120853689894574,3889,1.7236600433077132,0.595679012345679,648,1.744186178944743,0.5573,0.9969734880815978,0.08330434674859731,,,0.99,,0.9900107286803723,0.00998927131962768,0.9975408635690578,0.0996661587774287,5,0.001,0.1,0.9788635540682609,0.9892814700933198,0.9924362634647828,0.9935250118295931,0.9949353984893543,0.9957553575118541,0.9957964862830642,0.9959974637853803,0.9956743275409732,0.9952251027000939,1.0,0.9961301531954996
4,11,1.349612877949947,0.6101820100237404,3791,1.7658354997634889,0.5142405063291139,632,1.744186178944743,0.5573,0.9965108099394592,0.08326544544200325,,,0.99,,0.9900107286803723,0.00998927131962768,0.9975408635690578,0.0996661587774287,5,0.001,0.1,0.9787994700446851,0.9882393226910915,0.9920384119961394,0.9925944768215964,0.9938132378736848,0.9956444589416521,0.9953770450749595,0.9947574172124919,0.9960004994074665,0.9946994482513789,0.9961301531954996,1.0
5,0,1.0326910543766468,0.6785488190893596,8214,1.5941722670266794,0.5997078159240321,1369,1.594740963210694,0.6123,0.9884499309308226,0.0826806216323582,,,0.99,,0.9900107286803723,0.00998927131962768,0.9977333314384079,0.09962324589486646,5,0.001,0.1,1.0,0.992925134502201,0.9900855124248524,0.987536394784134,0.9843295152640855,0.9842501294294653,0.9829988175220733,0.9816678381914801,0.979241320152146,0.9771759717462755,0.9786629657045927,0.977947768586796
5,1,1.1132267770257969,0.6508974749011256,6574,1.596942823273795,0.6067518248175182,1096,1.594740963210694,0.6123,0.9955568823507679,0.08330270813871032,,,0.99,,0.9900107286803723,0.00998927131962768,0.9977333314384079,0.09962324589486646,5,0.001,0.1,0.992925134502201,1.0,0.9952684400691294,0.9940090622376364,0.992091135111805,0.9927442544217591,0.9916798281352361,0.9906438318499312,0.9882298641531889,0.987746275869734,0.988889177583163,0.9874432448606737
5,2,1.096588516564659,0.6751858896766384,5783,1.5910261523339055,0.6452282157676349,964,1.594740963210694,0.6123,0.9975322269098399,0.0834415972045189,,,0.99,,0.9900107286803723,0.00998927131962768,0.9977333314384079,0.09962324589486646,5,0.001,0.1,0.9900855124248524,0.9952684400691294,1.0,0.995583370564533,0.995201457571121,0.9947561448997605,0.994420722932414,0.9933520724637724,0.9915879641215513,0.9909890857543657,0.9925792886652062,0.9914170627785659
5,3,1.1297013626759311,0.6617741630414223,5287,1.6097930840083532,0.6004540295119183,881,1.594740963210694,0.6123,0.9976550505158853,0.0834405810444185,,,0.99,,0.9900107286803723,0.00998927131962768,0.9977333314384079,0.09962324589486646,5,0.001,0.1,0.987536394784134,0.9940090622376364,0.995583370564533,1.0,0.9955665339850523,0.995447212289352,0.994793113909439,0.9947016190506925,0.9925690913200608,0.9914822852873753,0.9933472425868363,0.991649704381216
5,4,1.1689926059015336,0.6536980749746707,4935,1.5914577474960914,0.621654501216545,822,1.594740963210694,0.6123,0.997633994485161,0.08345928904626732,,,0.99,,0.9900107286803723,0.00998927131962768,0.9977333314384079,0.09962324589486646,5,0.001,0.1,0.9843295152640855,0.992091135111805,0.995201457571121,0.9955665339850523,1.0,0.9950833694642529,0.9958582686855102,0.9946046641151807,0.9926071229385445,0.9933796582205955,0.9945764408316122,0.9931105453951761
5,5,1.1820920621695583,0.6482536961645596,4667,1.6114375400543213,0.5539845758354756,778,1.594740963210694,0.6123,0.998156833897773,0.08350816242535913,,,0.99,,0.9900107286803723,0.00998927131962768,0.9977333314384079,0.09962324589486646,5,0.001,0.1,0.9842501294294653,0.9927442544217591,0.9947561448997605,0.995447212289352,0.9950833694642529,1.0,0.9962749547400367,0.9951736149977265,0.9940518788628486,0.9944034068708282,0.9954113815128968,0.9950602263934614
5,6,1.1739582622902733,0.6598248371884123,4453,1.5760175834099452,0.6226415094339622,742,1.594740963210694,0.6123,0.9978839723511111,0.08348266053679605,,,0.99,,0.9900107286803723,0.00998927131962768,0.9977333314384079,0.09962324589486646,5,0.001,0.1,0.9829988175220733,0.9916798281352361,0.994420722932414,0.994793113909439,0.9958582686855102,0.9962749547400367,1.0,0.9956345937171397,0.9941129506438144,0.993838946668464,0.9952468458127388,0.9945254169692442
5,7,1.2052691614449913,0.6474164133738601,4277,1.5870241807854695,0.6311360448807855,713,1.594740963210694,0.6123,0.9972025406519384,0.08341981977835401,,,0.99,,0.9900107286803723,0.00998927131962768,0.9977333314384079,0.09962324589486646,5,0.001,0.1,0.9816678381914801,0.9906438318499312,0.9933520724637724,0.9947016190506925,0.9946046641151807,0.9951736149977265,0.9956345937171397,1.0,0.9930807082052332,0.9935353335027489,0.9953320691827395,0.9935100442988234
5,8,1.2077033940645365,0.6430128360377816,4129,1.584741234779358,0.6409883720930233,688,1.594740963210694,0.6123,0.9958859144358039,0.0833481714922459,,,0.99,,0.9900107286803723,0.00998927131962768,0.9977333314384079,0.09962324589486646,5,0.001,0.1,0.979241320152146,0.9882298641531889,0.9915879641215513,0.9925690913200608,0.9926071229385445,0.9940518788628486,0.9941129506438144,0.9930807082052332,1.0,0.9919543936549621,0.9940991570559453,0.9939588135355804
5,9,1.218604495695659,0.653636590852287,4001,1.6035872868129186,0.6071964017991005,667,1.594740963210694,0.6123,0.9956868484099904,0.0832892236824944,,,0.99,,0.9900107286803723,0.00998927131962768,0.9977333314384079,0.09962324589486646,5,0.001,0.1,0.9771759717462755,0.987746275869734,0.9909890857543657,0.9914822852873753,0.9933796582205955,0.9944034068708282,0.993838946668464,0.9935353335027489,0.9919543936549621,1.0,0.9946723183257835,0.9939280420359027
5,10,1.2338658911282898,0.6372332219079455,3889,1.5693514347076416,0.6481481481481481,648,1.594740963210694,0.6123,0.9969647421850378,0.08333940001183254,,,0.99,,0.9900107286803723,0.00998927131962768,0.9977333314384079,0.09962324589486646,5,0.001,0.1,0.9786629657045927,0.988889177583163,0.9925792886652062,0.9933472425868363,0.9945764408316122,0.9954113815128968,0.9952468458127388,0.9953320691827395,0.9940991570559453,0.9946723183257835,1.0,0.9955640307532753
5,11,1.2472573030896548,0.633658665259826,3791,1.6193293511867524,0.5791139240506329,632,1.594740963210694,0.6123,0.996105520168736,0.08328776500664474,,,0.99,,0.9900107286803723,0.00998927131962768,0.9977333314384079,0.09962324589486646,5,0.001,0.1,0.977947768586796,0.9874432448606737,0.9914170627785659,0.991649704381216,0.9931105453951761,0.9950602263934614,0.9945254169692442,0.9935100442988234,0.9939588135355804,0.9939280420359027,0.9955640307532753,1.0
6,0,0.9811352591802174,0.6891161431701972,8214,1.4463230620983034,0.6428049671292915,1369,1.4462207064461023,0.6484,0.987847212023366,0.08267560590522892,,,0.99,,0.9900107286803723,0.00998927131962768,0.997987785162082,0.09958084855734631,5,0.001,0.1,1.0,0.9920704525296993,0.988751841058092,0.9862685120190019,0.9831307268186832,0.983249424962575,0.9817516393815702,0.9805825619832157,0.9784018090027019,0.9757327817929503,0.9779525182809015,0.9767101857916166
6,1,1.0527158830351042,0.6666565257073319,6574,1.4505240167890276,0.6459854014598541,1096,1.4462207064461023,0.6484,0.9950056867880673,0.08328879970677512,,,0.99,,0.9900107286803723,0.00998927131962768,0.997987785162082,0.09958084855734631,5,0.001,0.1,0.9920704525296993,1.0,0.9942104588992354,0.9925958230475757,0.9910842129022983,0.9915489668181927,0.990178619396008,0.9897336376281716,0.9882328645964001,0.9865306353129416,0.9880471924366485,0.985790964512989
6,2,1.0299319687798536,0.6902991526889158,5783,1.440737259003424,0.6680497925311203,964,1.4462207064461023,0.6484,0.9971618511430747,0.08344373071356763,,,0.99,,0.9900107286803723,0.00998927131962768,0.997987785162082,0.09958084855734631,5,0.001,0.1,0.988751841058092,0.9942104588992354,1.0,0.9945910667861481,0.9940553815378457,0.9939296596272791,0.993270512639451,0.9923976138360887,0.9921430966282719,0.9899212461078679,0.9920556680269909,0.9904101353160247
6,3,1.0600542140294271,0.6795914507282013,5287,1.4653858159269606,0.637911464245176,881,1.4462207064461023,0.6484,0.9971167244007831,0.08344164882134424,,,0.99,,0.9900107286803723,0.00998927131962768,0.997987785162082,0.09958084855734631,5,0.001,0.1,0.9862685120190019,0.9925958230475757,0.9945910667861481,1.0,0.9942785650174758,0.9945346017718669,0.9936696605712149,0.9938617202108211,0.9923575010688043,0.9905426611326271,0.9921419953853972,0.9903317446231386
6,4,1.0957148814970448,0.6714893617021277,4935,1.4396615807826703,0.6618004866180048,822,1.4462207064461023,0.6484,0.9972172886494458,0.08345638296689786,,,0.99,,0.9900107286803723,0.00998927131962768,0.997987785162082,0.09958084855734631,5,0.001,0.1,0.9831307268186832,0.9910842129022983,0.9940553815378457,0.9942785650174758,1.0,0.9941067975985994,0.9948641588862401,0.9934240759929802,0.993154825220369,0.9923565037834763,0.9939171637582014,0.9919782325679213
6,5,1.1053275208767146,0.6638097278765802,4667,1.4674648571014404,0.596401028277635,778,1.4462207064461023,0.6484,0.9976973522770982,0.08350189750277323,,,0.99,,0.9900107286803723,0.00998927131962768,0.997987785162082,0.09958084855734631,5,0.001,0.1,0.983249424962575,0.9915489668181927,0.9939296596272791,0.9945346017718669,0.9941067975985994,1.0,0.9951331657237725,0.9940912473770247,0.994034919369839,0.9929938777232348,0.9944038693832811,0.9940583170401855
6,6,1.0950270584651403,0.675364922524141,4453,1.4271720449129741,0.6509433962264151,742,1.4462207064461023,0.6484,0.9973264612650518,0.08347425817315786,,,0.99,,0.9900107286803723,0.00998927131962768,0.997987785162082,0.09958084855734631,5,0.001,0.1,0.9817516393815702,0.990178619396008,0.993270512639451,0.9936696605712149,0.9948641588862401,0.9951331657237725,1.0,0.9946937277509648,0.9942992550329275,0.9923929831361575,0.9940417451842737,0.9933460682777804
6,7,1.123506951154168,0.6690671031096563,4277,1.4359924223112024,0.6718092566619915,713,1.4462207064461023,0.6484,0.9967374423177622,0.08341664864343892,,,0.99,,0.9900107286803723,0.00998927131962768,0.997987785162082,0.09958084855734631,5,0.001,0.1,0.9805825619832157,0.9897336376281716,0.9923976138360887,0.9938617202108211,0.9934240759929802,0.9940912473770247,0.9946937277509648,1.0,0.9936876550466269,0.9923425421509106,0.993890394438556,0.9918969905269629
6,8,1.1214413614685719,0.6592395253087915,4129,1.4318154941905628,0.6642441860465116,688,1.4462207064461023,0.6484,0.996395022585397,0.08336159992628356,,,0.99,,0.9900107286803723,0.00998927131962768,0.997987785162082,0.09958084855734631,5,0.001,0.1,0.9784018090027019,0.9882328645964001,0.9921430966282719,0.9923575010688043,0.993154825220369,0.994034919369839,0.9942992550329275,0.9936876550466269,1.0,0.9920616790272928,0.9944124244413965,0.9937164246786643
6,9,1.1346508160470024,0.6674331417145714,4001,1.4549051920572917,0.6371814092953523,667,1.4462207064461023,0.6484,0.9950697214456552,0.08328259058441127,,,0.99,,0.9900107286803723,0.00998927131962768,0.997987785162082,0.09958084855734631,5,0.001,0.1,0.9757327817929503,0.9865306353129416,0.9899212461078679,0.9905426611326271,0.9923565037834763,0.9929938777232348,0.9923929831361575,0.9923425421509106,0.9920616790272928,1.0,0.9936222394173422,0.992165070489274
6,10,1.1492547595110096,0.6544098740035998,3889,1.415320458866301,0.683641975308642,648,1.4462207064461023,0.6484,0.9966145912396709,0.0833633094954926,,,0.99,,0.9900107286803723,0.00998927131962768,0.997987785162082,0.09958084855734631,5,0.001,0.1,0.9779525182809015,0.9880471924366485,0.9920556680269909,0.9921419953853972,0.9939171637582014,0.9944038693832811,0.9940417451842737,0.993890394438556,0.9944124244413965,0.9936222394173422,1.0,0.994638069072778
6,11,1.161357416024729,0.6520706937483514,3791,1.4733968257904053,0.625,632,1.4462207064461023,0.6484,0.9954359316024939,0.08329352756062891,,,0.99,,0.9900107286803723,0.00998927131962768,0.997987785162082,0.09958084855734631,5,0.001,0.1,0.9767101857916166,0.985790964512989,0.9904101353160247,0.9903317446231386,0.9919782325679213,0.9940583170401855,0.9933460682777804,0.9918969905269629,0.9937164246786643,0.992165070489274,0.994638069072778,1.0
