round,client_id,client_i_training_loss,client_i_training_accuracy,client_i_training_dataset_size,client_i_evaluation_loss,client_i_evaluation_accuracy,client_i_evaluation_dataset_size,client_i_central_evaluation_loss,client_i_central_evaluation_accuracy,client_i_cosine_similarity,client_i_importance_coefficient,client_i_tanh_val,tanh_normalization_value,client_i_q,client_i_mask_order,client_i_v_nonzero_fraction,client_i_v_sparsity,client_i_v_cosine_similarity,client_i_reward_gradient_norm,local_epochs,learning_rate,gamma,client_0_cosine_similarity,client_1_cosine_similarity,client_2_cosine_similarity,client_3_cosine_similarity,client_4_cosine_similarity,client_5_cosine_similarity,client_6_cosine_similarity,client_7_cosine_similarity,client_8_cosine_similarity,client_9_cosine_similarity,client_10_cosine_similarity,client_11_cosine_similarity
0,0,2.2470002081659106,0.15132213294375457,6845,2.301355015147816,0.10007304601899196,1369,2.299140248117568,0.1077,0.8740066332351625,0.07897780814354469,,,0.7572457254635914,,0.7572906867356538,0.2427093132643462,0,0.13846354329945929,10,0.025,0.15,1.0,0.9032761957280354,0.8781363677104866,0.8299830734833533,0.8171481531836705,0.7655685716745133,0.7204132342715239,0.7136477033603157,0.6752186882367351,0.7270819587450644,0.6868151225419702,0.6777238548591372
0,1,2.291208109190298,0.15177071924059876,5478,2.298466788397895,0.12135036496350365,1096,2.2991351387168786,0.1076,0.9594398080778866,0.0866978009161935,,,0.9229048793075,,0.9229423511742668,0.07705764882573318,0,0.13850371996592623,10,0.025,0.15,0.9032761957280354,1.0,0.9593650752664425,0.9072743158909867,0.9153006351320843,0.8775658559445971,0.8534478146791137,0.8284831669641147,0.7919639341621124,0.811123441004985,0.8435222912121331,0.808312391409547
0,2,2.2935971009103877,0.12977178423236516,4820,2.2963621020317078,0.11410788381742738,964,2.299135030070438,0.1076,0.9734132114664787,0.08796047871516126,,,0.9499999999785415,,0.9500173293063326,0.04998267069366735,0,0.13850453936796042,10,0.025,0.15,0.8781363677104866,0.9593650752664425,1.0,0.9424580416067321,0.9268467392489723,0.8885049962675,0.8804917168625475,0.8672183780340849,0.8239607535557506,0.8480553124201401,0.8615056891750968,0.830148501898347
0,3,2.2949208382197788,0.1123921924648207,4406,2.2990200519561768,0.10556186152099886,881,2.299135126645052,0.1076,0.9589601089331614,0.08665445389160802,,,0.9219747189270495,,0.9220181215031935,0.07798187849680649,0,0.1385036840912066,10,0.025,0.15,0.8299830734833533,0.9072743158909867,0.9424580416067321,1.0,0.9035927697679582,0.8901329061651153,0.8801858245248014,0.8998293793438978,0.7969528702429919,0.8529808013192429,0.8426128252554956,0.8565660589104171
0,4,2.2966806715184993,0.13874027237354086,4112,2.299119438443865,0.09124087591240876,822,2.2991351990760127,0.1076,0.9523163148455137,0.08605410113128945,,,0.9090920734102577,,0.9091366704626099,0.09086332953739007,0,0.1385030631224889,10,0.025,0.15,0.8171481531836705,0.9153006351320843,0.9268467392489723,0.9035927697679582,1.0,0.861100225090123,0.8528883705292956,0.8450409519023852,0.8520913723060626,0.8749960354627324,0.8647874274322525,0.8297288193999272
0,5,2.2978108498357956,0.11609668295191566,3889,2.300870725086757,0.10539845758354756,778,2.2991354827639423,0.1076,0.9356198514711963,0.0845453596287547,,,0.8767168046710698,,0.8767638758231421,0.12323612417685792,0,0.13849971373815217,10,0.025,0.15,0.7655685716745133,0.8775658559445971,0.8885049962675,0.8901329061651153,0.861100225090123,1.0,0.9021229734996503,0.8839889208611686,0.7622824184518566,0.8774750873005978,0.8231683312454554,0.8861222884847366
0,6,2.298681642269266,0.10781460522770143,3711,2.2994948625564575,0.11590296495956873,742,2.299135974690884,0.1076,0.9244477053405025,0.08353581166869456,,,0.85505346044866,,0.8550939908567279,0.14490600914327212,0,0.13849692756555024,10,0.025,0.15,0.7204132342715239,0.8534478146791137,0.8804917168625475,0.8801858245248014,0.8528883705292956,0.9021229734996503,1.0,0.9405985231608089,0.7689340350009618,0.81024926209846,0.8581427269345935,0.8687694128823721
0,7,2.2983085547174724,0.12191358024691358,3564,2.2995173136393228,0.13043478260869565,713,2.2991361648221558,0.1076,0.9193248953317277,0.08307289950001771,,,0.8451200783296061,,0.8451585218926904,0.15484147810730964,0,0.13849531990279176,10,0.025,0.15,0.7136477033603157,0.8284831669641147,0.8672183780340849,0.8998293793438978,0.8450409519023852,0.8839889208611686,0.9405985231608089,1.0,0.7793902928937918,0.8521775470167863,0.843088522160293,0.8398136371193271
0,8,2.2980981252811574,0.12400464981110143,3441,2.2993199825286865,0.09738372093023256,688,2.2991407762599896,0.1077,0.8702698923667608,0.07864014525614259,,,0.75,,0.7500041260253173,0.2499958739746827,0,0.13845845520163405,10,0.025,0.15,0.6752186882367351,0.7919639341621124,0.8239607535557506,0.7969528702429919,0.8520913723060626,0.7622824184518566,0.7689340350009618,0.7793902928937918,1.0,0.8371775674821745,0.8512986008528675,0.8372803901077014
0,9,2.2984604906152795,0.12912417516496702,3334,2.3000133832295737,0.10044977511244378,667,2.2991378367701665,0.1077,0.9004518076425965,0.08136747182715079,,,0.8085242273295817,,0.8085689293789506,0.19143107062104936,0,0.13848544605125265,10,0.025,0.15,0.7270819587450644,0.811123441004985,0.8480553124201401,0.8529808013192429,0.8749960354627324,0.8774750873005978,0.81024926209846,0.8521775470167863,0.8371775674821745,1.0,0.7742677006001135,0.8001385284234036
0,10,2.298755100140205,0.11638383215057081,3241,2.3035972913106284,0.1111111111111111,648,2.2991378126265127,0.1077,0.9011714201108406,0.08143249812477088,,,0.8099195915169047,,0.8099552738855605,0.19004472611443946,0,0.13848574437667213,10,0.025,0.15,0.6868151225419702,0.8435222912121331,0.8615056891750968,0.8426128252554956,0.8647874274322525,0.8231683312454554,0.8581427269345935,0.843088522160293,0.8512986008528675,0.7742677006001135,1.0,0.8610626777943609
0,11,2.2988200759887696,0.11320037986704654,3159,2.2996175289154053,0.0981012658227848,632,2.2991379152370404,0.1076,0.8970621366819108,0.08106117119667176,,,0.8019514875924691,,0.8019920450231882,0.19800795497681178,0,0.13848343641617133,10,0.025,0.15,0.6777238548591372,0.808312391409547,0.830148501898347,0.8565660589104171,0.8297288193999272,0.8861222884847366,0.8687694128823721,0.8398136371193271,0.8372803901077014,0.8001385284234036,0.8610626777943609,1.0
1,0,2.0910306915088936,0.2281373265157049,6845,2.292241334915161,0.13513513513513514,1369,2.2899842382986333,0.1504,0.9095897040251293,0.07853024678973028,,,0.75,,0.7500041260253173,0.2499958739746827,0.8386524160759652,0.14612690055375338,10,0.025,0.15,1.0,0.9434509006231778,0.9264409558942271,0.9072819561406316,0.8996920360016522,0.8766226863745702,0.8635006452407977,0.8580542969294184,0.8483039271324321,0.846709587897864,0.834195837384523,0.8278373329326266
1,1,2.1559061419132144,0.21663015699160276,5478,2.2901486025916205,0.15967153284671534,1096,2.289974067784563,0.1504,0.9642161454570725,0.08508938845823606,,,0.9169148653936284,,0.916967866514829,0.08303213348517102,0.8388577630287234,0.14618595031691434,10,0.025,0.15,0.9434509006231778,1.0,0.9708991110439209,0.9590059228651376,0.9556922572967463,0.9428976524523394,0.9309847499972029,0.926675229352621,0.9180129439187202,0.9160559083290094,0.9049029031529132,0.898975890632081
1,2,2.1617908126429506,0.2021369294605809,4820,2.2865130007267,0.15560165975103735,964,2.2899737720248066,0.1504,0.9801273224222002,0.08638951283197649,,,0.9499999999745523,,0.9500173293063326,0.04998267069366735,0.8388537451819104,0.14618787340437542,10,0.025,0.15,0.9264409558942271,0.9708991110439209,1.0,0.9775496872627872,0.9749411997968487,0.9632223313670446,0.9550963781935933,0.9470325345962854,0.9452596654806066,0.9392116298341592,0.9272564513849852,0.9270949475802728
1,3,2.186261570453644,0.17830231502496596,4406,2.2898947851998463,0.15096481271282633,881,2.2899740315690824,0.1504,0.9883694411630987,0.08584953763858004,,,0.9362588900432891,,0.9362941691010216,0.06370583089897841,0.8388534806238614,0.14618674704911416,10,0.025,0.15,0.9072819561406316,0.9590059228651376,0.9775496872627872,1.0,0.9785109958345686,0.9768621861171523,0.9690249667192928,0.9668931014532813,0.958606019150245,0.9585730636109624,0.9514400549429154,0.948537617723311
1,4,2.202914103594693,0.20459630350194552,4112,2.289944955280849,0.1411192214111922,822,2.289974158323264,0.1504,0.9867776241374068,0.08542600827584107,,,0.9254810550544119,,0.9255252430228912,0.07447475697710881,0.8388600025286722,0.14618635423309384,10,0.025,0.15,0.8996920360016522,0.9556922572967463,0.9749411997968487,0.9785109958345686,1.0,0.972774553925295,0.9642570374827122,0.9621313069832683,0.9633332057864563,0.9638783568455946,0.9483747784294169,0.9505527492783014
1,5,2.2164836399016843,0.1806376960658267,3889,2.292194298335484,0.14267352185089974,778,2.2899750335307063,0.1504,0.9881383033389097,0.08453631905815329,,,0.9028405384262127,,0.9028816160815962,0.09711838391840377,0.8388494922361311,0.14618495355368152,10,0.025,0.15,0.8766226863745702,0.9428976524523394,0.9632223313670446,0.9768621861171523,0.972774553925295,1.0,0.9790648854874368,0.975106294477011,0.9694447338714437,0.9658498918954098,0.9627461506565104,0.9671562649188498
1,6,2.237984822536337,0.1650767987065481,3711,2.290196259816488,0.16846361185983827,742,2.2899755314935613,0.1505,0.986324193410166,0.08385222424868029,,,0.8854319202242402,,0.8854780412932614,0.11452195870673865,0.8388955261269522,0.14618334689564105,10,0.025,0.15,0.8635006452407977,0.9309847499972029,0.9550963781935933,0.9690249667192928,0.9642570374827122,0.9790648854874368,1.0,0.9815287535163864,0.9740567078285374,0.9663666635511856,0.9732923586405503,0.9752006340696624
1,7,2.230903376851763,0.16871492704826038,3564,2.290224472681681,0.16690042075736325,713,2.289976002294806,0.1506,0.9830928038414701,0.08346035889846593,,,0.8754598605418706,,0.8755095641266855,0.12449043587331454,0.8388932567836039,0.14618212943224831,10,0.025,0.15,0.8580542969294184,0.926675229352621,0.9470325345962854,0.9668931014532813,0.9621313069832683,0.975106294477011,0.9815287535163864,1.0,0.9699733418298073,0.9700439052013208,0.9690674314089548,0.9683001827948063
1,8,2.2358897385773835,0.18020924149956408,3441,2.290502746899923,0.13226744186046513,688,2.2899820050106774,0.1505,0.9803358347815716,0.08062632172594358,,,0.8033402209488645,,0.8033783895297981,0.19662161047020188,0.8387246209140149,0.14616058867606155,10,0.025,0.15,0.8483039271324321,0.9180129439187202,0.9452596654806066,0.958606019150245,0.9633332057864563,0.9694447338714437,0.9740567078285374,0.9699733418298073,1.0,0.9691558017794245,0.9725771287992397,0.9760373425584997
1,9,2.222630994408219,0.17495500899820035,3334,2.2913678884506226,0.13793103448275862,667,2.2899779337870925,0.1506,0.9770021073961028,0.08220611882644623,,,0.8435423744784609,,0.843582380221485,0.15641761977851498,0.8390008925193951,0.14617437460135002,10,0.025,0.15,0.846709587897864,0.9160559083290094,0.9392116298341592,0.9585730636109624,0.9638783568455946,0.9658498918954098,0.9663666635511856,0.9700439052013208,0.9691558017794245,1.0,0.9635395261345436,0.9652652222490052
1,10,2.258579900631538,0.17624190064794817,3241,2.294077674547831,0.1743827160493827,648,2.289977601811856,0.1505,0.9736027707598492,0.08213561475866944,,,0.8417482103061622,,0.8417916852337806,0.15820831476621944,0.8390086764435157,0.14617400454452445,10,0.025,0.15,0.834195837384523,0.9049029031529132,0.9272564513849852,0.9514400549429154,0.9483747784294169,0.9627461506565104,0.9732923586405503,0.9690674314089548,0.9725771287992397,0.9635395261345436,1.0,0.9793248553322863
1,11,2.2573612518310546,0.14912947135169358,3159,2.290436840057373,0.15348101265822786,632,2.2899778764459153,0.1505,0.9733760546361403,0.08189834848927713,,,0.835710336843507,,0.8357511841692661,0.16424881583073392,0.8389961021766129,0.14617249276161826,10,0.025,0.15,0.8278373329326266,0.898975890632081,0.9270949475802728,0.948537617723311,0.9505527492783014,0.9671562649188498,0.9752006340696624,0.9683001827948063,0.9760373425584997,0.9652652222490052,0.9793248553322863,1.0
2,0,2.0009086615509455,0.2693791088385683,6845,2.277198986573653,0.15924032140248356,1369,2.2749490798274175,0.1879,0.9103111608648046,0.0783124111256696,,,0.75,,0.7500041260253173,0.2499958739746827,0.9627245513796493,0.1459361569756595,10,0.025,0.15,1.0,0.9344710983512505,0.9175691016054088,0.9040186241621254,0.8964615057504616,0.8760476975606785,0.8732986808367095,0.8695924868036473,0.8467652293525022,0.8433822008817746,0.8424358032886974,0.8299080153372702
2,1,2.0555903262870254,0.25724717050018253,5478,2.276295052634345,0.20072992700729927,1096,2.274917267545869,0.1879,0.9631234208468531,0.08409642671062606,,,0.9123856587378932,,0.9124292386658085,0.0875707613341915,0.9633886976751092,0.14601187079813763,10,0.025,0.15,0.9344710983512505,1.0,0.9594319138167038,0.9508922465688383,0.9448109454064144,0.938969795177781,0.9380060187200036,0.9344558953747758,0.9155013187735217,0.9119449663251431,0.9140437637939746,0.9030513641859516
2,2,2.0538563668727874,0.2533195020746888,4820,2.2705883979797363,0.20020746887966806,964,2.2749157766752606,0.1879,0.9795215864851307,0.08543621211782558,,,0.9499999999719251,,0.9500173293063326,0.04998267069366735,0.9634474640349219,0.14601496291513358,10,0.025,0.15,0.9175691016054088,0.9594319138167038,1.0,0.9654693421467653,0.9668534574120923,0.9546352591508647,0.9602105038313506,0.9525405305093554,0.9439372748754011,0.9413061723263771,0.9384505446274827,0.935971888252046
2,3,2.080998123713902,0.2370177031320926,4406,2.2747503348759244,0.19182746878547105,881,2.27491637121273,0.1879,0.9842952382331241,0.08525738478695395,,,0.9449794405530577,,0.94502483867241,0.05497516132758995,0.9634208439935438,0.14601479421105615,10,0.025,0.15,0.9040186241621254,0.9508922465688383,0.9654693421467653,1.0,0.9694943276119798,0.9664655654949116,0.9643755000420596,0.9653889612651274,0.9533286309152545,0.9502299012865961,0.9546900820545671,0.9479911962269848
2,4,2.0896490855650467,0.24941634241245136,4112,2.2749453272138322,0.18856447688564476,822,2.274916138830064,0.1879,0.984176155330863,0.08499118684242804,,,0.9375059598990738,,0.9375649848987473,0.06243501510125271,0.9634244276374382,0.1460144941341763,10,0.025,0.15,0.8964615057504616,0.9448109454064144,0.9668534574120923,0.9694943276119798,1.0,0.9643318922920239,0.9664337430983625,0.9610599260773617,0.9599309880494411,0.9556123272582236,0.9539503658918385,0.9521841516815149
2,5,2.1030808375727745,0.2372846490100283,3889,2.277999128614153,0.19151670951156813,778,2.2749182393279255,0.1879,0.9836362669928359,0.08442255195575203,,,0.9215415923592644,,0.9215807628195607,0.0784192371804393,0.9633863907224435,0.14601266601266794,10,0.025,0.15,0.8760476975606785,0.938969795177781,0.9546352591508647,0.9664655654949116,0.9643318922920239,1.0,0.9705254620400159,0.9665397247691688,0.9607305212771342,0.9586591631848097,0.9663899700892092,0.9617660009033062
2,6,2.125637741335507,0.23457289140393425,3711,2.274857481320699,0.20215633423180593,742,2.2749198478988455,0.188,0.9854255892806459,0.0840571805801224,,,0.9112838275513859,,0.9113317159314089,0.08866828406859106,0.9633434593862127,0.14601179122976712,10,0.025,0.15,0.8732986808367095,0.9380060187200036,0.9602105038313506,0.9643755000420596,0.9664337430983625,0.9705254620400159,1.0,0.9732309900631598,0.9632895325851923,0.960126467680325,0.9689873608580823,0.9676188666524536
2,7,2.114257444228445,0.23268799102132434,3564,2.275290568669637,0.1879382889200561,713,2.274921836732309,0.188,0.9837817975802724,0.08376089188057435,,,0.9029655519613546,,0.9029971447904804,0.09700285520951957,0.9633100528658817,0.14601086731800017,10,0.025,0.15,0.8695924868036473,0.9344558953747758,0.9525405305093554,0.9653889612651274,0.9610599260773617,0.9665397247691688,0.9732309900631598,1.0,0.9665132523528652,0.9614982222474389,0.9710585502257191,0.9655710961668216
2,8,2.1115276310178968,0.23839000290613194,3441,2.2758062283198037,0.17732558139534885,688,2.274932360347313,0.1877,0.9768490237079914,0.08177961662548341,,,0.8473414474420284,,0.847378323513393,0.15262167648660696,0.963092118334856,0.14599927536639606,10,0.025,0.15,0.8467652293525022,0.9155013187735217,0.9439372748754011,0.9533286309152545,0.9599309880494411,0.9607305212771342,0.9632895325851923,0.9665132523528652,1.0,0.9635562403295003,0.9663162913612818,0.9676691272960204
2,9,2.10389098238062,0.23194361127774446,3334,2.277183175086975,0.1889055472263868,667,2.2749268193788166,0.1881,0.9744076091653537,0.08267849122603532,,,0.8725772619016261,,0.8726048423033124,0.12739515769668763,0.9632149297447745,0.1460046639396823,10,0.025,0.15,0.8433822008817746,0.9119449663251431,0.9413061723263771,0.9502299012865961,0.9556123272582236,0.9586591631848097,0.960126467680325,0.9614982222474389,0.9635562403295003,1.0,0.9641440511047197,0.9680806403015861
2,10,2.151473591877864,0.2218759642085776,3241,2.2781207164128623,0.2037037037037037,648,2.274926028674162,0.188,0.9774551951444741,0.08273416849322009,,,0.8741403956061822,,0.8741644798732485,0.12583552012675148,0.9632185645733995,0.14600481764278672,10,0.025,0.15,0.8424358032886974,0.9140437637939746,0.9384505446274827,0.9546900820545671,0.9539503658918385,0.9663899700892092,0.9689873608580823,0.9710585502257191,0.9663162913612818,0.9641440511047197,1.0,0.9736201943785472
2,11,2.143386137962341,0.21810699588477367,3159,2.2755242824554442,0.17246835443037975,632,2.2749272690543645,0.188,0.9739660546979362,0.08247347765530927,,,0.8668215264193178,,0.8668614150616428,0.13313858493835717,0.9631908452601882,0.14600361909034917,10,0.025,0.15,0.8299080153372702,0.9030513641859516,0.935971888252046,0.9479911962269848,0.9521841516815149,0.9617660009033062,0.9676188666524536,0.9655710961668216,0.9676691272960204,0.9680806403015861,0.9736201943785472,1.0
3,0,1.9422056078910828,0.2947699050401753,6845,2.255338105288419,0.19722425127830534,1369,2.2531841555728187,0.2203,0.9147942732131858,0.07844743915030876,,,0.75,,0.7500041260253173,0.2499958739746827,0.9848243768032937,0.1453156734194626,10,0.025,0.15,1.0,0.9350868560151592,0.9178719937995364,0.9026960469703227,0.8963248468550836,0.875851374644452,0.8746209896280605,0.8700884383731986,0.8432075859736439,0.8431932048442765,0.851230273688673,0.834682422129762
3,1,1.9920257097066836,0.28243884629426796,5478,2.2559258937835693,0.21806569343065693,1096,2.2531034222132043,0.2203,0.9605318483728023,0.08352877505429795,,,0.9074565010311165,,0.9075027644369625,0.09249723556303746,0.9853068412812515,0.1454032785215066,10,0.025,0.15,0.9350868560151592,1.0,0.9523394895798869,0.9427670491335215,0.9371322645315416,0.9291042400527121,0.9328605235699559,0.9299845732480801,0.9048202446290794,0.8981647518296683,0.9107443370916537,0.8979361196030166
3,2,1.9905338905359569,0.2762655601659751,4820,2.2477282881736755,0.23132780082987553,964,2.2530973651741126,0.2205,0.9771269644554799,0.08490171175248952,,,0.9499999999690127,,0.9500173293063326,0.04998267069366735,0.9853394951298808,0.1454068257780674,10,0.025,0.15,0.9178719937995364,0.9523394895798869,1.0,0.9567359324753769,0.9580941587327819,0.9472107545772446,0.9523490729645374,0.945457558962907,0.933592511258247,0.9307691416756165,0.9371279088061003,0.9307285457458166
3,3,2.0146164856638227,0.2653200181570586,4406,2.252779858452933,0.22587968217934165,881,2.2530988862242878,0.2205,0.9785774972456165,0.08483813748954108,,,0.9480300099528765,,0.9480698453565711,0.05193015464342887,0.9853369567587299,0.14540676353071078,10,0.025,0.15,0.9026960469703227,0.9427670491335215,0.9567359324753769,1.0,0.9576368077507398,0.9524489839005369,0.9506059561927674,0.9549030181865618,0.9410709169525847,0.9373331845860314,0.9458804161847602,0.9365597701553293
3,4,2.0260432066339433,0.2745136186770428,4112,2.253093583243234,0.21897810218978103,822,2.2530989103679415,0.2205,0.9799307908410497,0.08471718924865052,,,0.944282159549689,,0.9443399184697397,0.05566008153026025,0.9853270605389156,0.14540662961094375,10,0.025,0.15,0.8963248468550836,0.9371322645315416,0.9580941587327819,0.9576368077507398,1.0,0.9513900084931615,0.9604264461910456,0.9537679168475705,0.9476884606751718,0.940283193690581,0.9464354943388712,0.9451430559510011
3,5,2.03633842737444,0.2655181280534842,3889,2.2571172373635426,0.23393316195372751,778,2.2531022301203087,0.2202,0.9777602506535494,0.08429357762928497,,,0.9311556108149242,,0.9311944018088495,0.06880559819115051,0.985327678267655,0.14540573348556468,10,0.025,0.15,0.875851374644452,0.9291042400527121,0.9472107545772446,0.9524489839005369,0.9513900084931615,1.0,0.9599580938651516,0.9546850243526381,0.9450615033407422,0.9468629357966437,0.957286070879942,0.9488995941693718
3,6,2.0510197187292163,0.26779843707895445,3711,2.252733747164408,0.238544474393531,742,2.253105359741404,0.2202,0.9799530013677801,0.08413851616376962,,,0.9263506862308919,,0.9263917083395223,0.07360829166047766,0.9853151574838301,0.14540533482548662,10,0.025,0.15,0.8746209896280605,0.9328605235699559,0.9523490729645374,0.9506059561927674,0.9604264461910456,0.9599580938651516,1.0,0.9599011982896619,0.9483099950651454,0.9430984172438093,0.957836754121679,0.9541611363909549
3,7,2.042092218569347,0.26296296296296295,3564,2.2537594636281333,0.2005610098176718,713,2.2531092378157602,0.2203,0.9798171188823922,0.08395028098048857,,,0.9205178001768294,,0.9205575085408724,0.07944249145912763,0.98531030161282,0.14540479224233505,10,0.025,0.15,0.8700884383731986,0.9299845732480801,0.945457558962907,0.9549030181865618,0.9537679168475705,0.9546850243526381,0.9599011982896619,1.0,0.9603424703352775,0.9489510815868001,0.9609672281632156,0.9539620885244534
3,8,2.035760111278958,0.26986341179889567,3441,2.2546011209487915,0.22093023255813954,688,2.2531276232079613,0.22,0.9698130085537904,0.0823945963488799,,,0.8723114498332754,,0.8723325246323711,0.1276674753676289,0.9852530645481014,0.14539590582141584,10,0.025,0.15,0.8432075859736439,0.9048202446290794,0.933592511258247,0.9410709169525847,0.9476884606751718,0.9450615033407422,0.9483099950651454,0.9603424703352775,1.0,0.9428456909568474,0.9549330771048924,0.9552057440930409
3,9,2.038791173917276,0.25809838032393523,3334,2.2563705841700235,0.23388305847076463,667,2.2531195622456224,0.2203,0.966363649079364,0.08283958198811392,,,0.8861003201395815,,0.8861464573946626,0.11385354260533742,0.9852708356467424,0.14539990702360098,10,0.025,0.15,0.8431932048442765,0.8981647518296683,0.9307691416756165,0.9373331845860314,0.940283193690581,0.9468629357966437,0.9430984172438093,0.9489510815868001,0.9428456909568474,1.0,0.9519093248709163,0.9533297999848626
3,10,2.0806361047121196,0.25013884603517433,3241,2.2554351886113486,0.2330246913580247,648,2.2531173500833632,0.2203,0.9746661527990864,0.08314519151188664,,,0.8955703113395848,,0.8956115594725289,0.1043884405274711,0.9852663302266247,0.1454014912413209,10,0.025,0.15,0.851230273688673,0.9107443370916537,0.9371279088061003,0.9458804161847602,0.9464354943388712,0.957286070879942,0.957836754121679,0.9609672281632156,0.9549330771048924,0.9519093248709163,1.0,0.9587819265339134
3,11,2.0672201323509216,0.25191516302627415,3159,2.2537937641143797,0.20411392405063292,632,2.2531198912029025,0.2203,0.9691997934669287,0.08280500268228869,,,0.8850288033955198,,0.8850819428628014,0.1149180571371986,0.985271210588678,0.1453997347824208,10,0.025,0.15,0.834682422129762,0.8979361196030166,0.9307285457458166,0.9365597701553293,0.9451430559510011,0.9488995941693718,0.9541611363909549,0.9539620885244534,0.9552057440930409,0.9533297999848626,0.9587819265339134,1.0
4,0,1.8968788731981208,0.3130021913805698,6845,2.226503762331876,0.252008765522279,1369,2.224638015409059,0.2689,0.9216741691545038,0.07883684457651202,,,0.75,,0.7500041260253173,0.2499958739746827,0.988162889269695,0.14490718655211485,10,0.025,0.15,1.0,0.9362369199506568,0.9207797035811214,0.9095962190448462,0.8972848923683444,0.8776305141040796,0.87784240443353,0.8766019686130291,0.8490271890775967,0.849487217553287,0.8604881251663052,0.8414126035596676
4,1,1.9469909834307293,0.30049288061336255,5478,2.228981335957845,0.2545620437956204,1096,2.2244977287099332,0.2694,0.9609462966103592,0.08327575204400245,,,0.9042487967897294,,0.9042844646894753,0.09571553531052468,0.9887506103641596,0.14500009804918443,10,0.025,0.15,0.9362369199506568,1.0,0.9491321473805813,0.939203613431009,0.932512320274609,0.9250327905756179,0.9298962400650351,0.9256657982048507,0.8995862455767172,0.8983355519532016,0.9118903573581808,0.898854928547928
4,2,1.9437159497486918,0.2945643153526971,4820,2.2180798649787903,0.2863070539419087,964,2.224486577359936,0.2693,0.9751448620579116,0.08459236106559072,,,0.9499999999652506,,0.9500173293063326,0.04998267069366735,0.9887971815674906,0.14500462867699843,10,0.025,0.15,0.9207797035811214,0.9491321473805813,1.0,0.9525949800331193,0.9516232521384084,0.9396371504821088,0.9469132516072967,0.9397350762618709,0.9261754118080646,0.9244848863770592,0.9350998003809095,0.922799024942993
4,3,1.968942655495235,0.28483885610531096,4406,2.2237782137734547,0.27695800227014755,881,2.224489061138298,0.2693,0.9756132312943084,0.0845681907104707,,,0.9491600977545043,,0.949200376293509,0.05079962370649105,0.9887978132824723,0.145004586944754,10,0.025,0.15,0.9095962190448462,0.939203613431009,0.9525949800331193,1.0,0.9510572582329374,0.9429974109896115,0.9445268712712398,0.9460874144373173,0.9328658427443949,0.9280458851723363,0.9390940355026715,0.9278262587631428
4,4,1.9698078119393552,0.294795719844358,4112,2.2245473861694336,0.26520681265206814,822,2.2244894564906255,0.2693,0.9762541178342822,0.08451403092712938,,,0.9472780847871302,,0.9473189087488241,0.05268109125117593,0.9887953003174498,0.14500449977453944,10,0.025,0.15,0.8972848923683444,0.932512320274609,0.9516232521384084,0.9510572582329374,1.0,0.9410161809551254,0.954325976625058,0.9484073261480825,0.940816134590718,0.9319132173054787,0.9381587674605427,0.933656515818014
4,5,1.988547811200542,0.2871175109282592,3889,2.229245662689209,0.2866323907455013,778,2.2244953475420988,0.2694,0.9715373087496766,0.08409681990587084,,,0.9327803061089621,,0.9328118037332277,0.0671881962667723,0.9887899789570398,0.14500345437606066,10,0.025,0.15,0.8776305141040796,0.9250327905756179,0.9396371504821088,0.9429974109896115,0.9410161809551254,1.0,0.948407305715491,0.944294326448732,0.9297550043519244,0.9323261998733354,0.9461194118197097,0.9383881357794492
4,6,1.9991959423854433,0.2887631366208569,3711,2.223599632581075,0.2816711590296496,742,2.2245013744016235,0.2693,0.9762279987160158,0.08415383591428936,,,0.9347615708144601,,0.9348005479361622,0.06519945206383781,0.9887802181788989,0.14500359629041681,10,0.025,0.15,0.87784240443353,0.9298962400650351,0.9469132516072967,0.9445268712712398,0.954325976625058,0.948407305715491,1.0,0.9513602773074052,0.9388985088199387,0.93564014120896,0.9487065479993458,0.9433197980492916
4,7,1.9895060283797128,0.2828843995510662,3564,2.2256086667378745,0.2664796633941094,713,2.2245057081874413,0.2693,0.9763862548774189,0.08404211888871566,,,0.930879485661328,,0.9309220841379082,0.06907791586209178,0.98877800904527,0.14500330469501385,10,0.025,0.15,0.8766019686130291,0.9256657982048507,0.9397350762618709,0.9460874144373173,0.9484073261480825,0.944294326448732,0.9513602773074052,1.0,0.9531367788349058,0.9399745519997503,0.9524323246625391,0.9444788064173442
4,8,1.9831371819531476,0.29104911362975877,3441,2.2270061572392783,0.26598837209302323,688,2.2245313849630235,0.269,0.964886004140448,0.08270021671567117,,,0.8842493639213367,,0.8842979980525161,0.11570200194748392,0.9886951624132027,0.14499608089580993,10,0.025,0.15,0.8490271890775967,0.8995862455767172,0.9261754118080646,0.9328658427443949,0.940816134590718,0.9297550043519244,0.9388985088199387,0.9531367788349058,1.0,0.9338051375523998,0.9418776900302105,0.94298019419994
4,9,1.9831907488681653,0.27828434313137373,3334,2.2287633816401162,0.2773613193403298,667,2.2245230946359755,0.2692,0.9623711039728166,0.08289434737230691,,,0.8909952626419949,,0.8910316713703356,0.10896832862966443,0.988705784040605,0.144997495609361,10,0.025,0.15,0.849487217553287,0.8983355519532016,0.9244848863770592,0.9280458851723363,0.9319132173054787,0.9323261998733354,0.93564014120896,0.9399745519997503,0.9338051375523998,1.0,0.9428469270039868,0.9429348361885216
4,10,2.0244678859527294,0.2720456649182351,3241,2.2259687185287476,0.2854938271604938,648,2.2245177769962745,0.2693,0.9714526266352806,0.08338093348693114,,,0.9079037752129517,,0.9079483751712301,0.09205162482876994,0.9887351847961443,0.14500063295110294,10,0.025,0.15,0.8604881251663052,0.9118903573581808,0.9350998003809095,0.9390940355026715,0.9381587674605427,0.9461194118197097,0.9487065479993458,0.9524323246625391,0.9418776900302105,0.9428469270039868,1.0,0.9480768638111786
4,11,2.013423692703247,0.27413738524849635,3159,2.2252517223358153,0.2468354430379747,632,2.224522989007491,0.2693,0.9645641143147369,0.08294454839250975,,,0.8927397114777987,,0.892781106104867,0.10721889389513295,0.9887055454827626,0.14499782531971275,10,0.025,0.15,0.8414126035596676,0.898854928547928,0.922799024942993,0.9278262587631428,0.933656515818014,0.9383881357794492,0.9433197980492916,0.9444788064173442,0.94298019419994,0.9429348361885216,0.9480768638111786,1.0
5,0,1.8596838891506196,0.3260336011687363,6845,2.1923945166847925,0.295836376917458,1369,2.190837443629398,0.2954,0.9268813359426653,0.0793366491602608,,,0.75,,0.7500041260253173,0.2499958739746827,0.9888432214256713,0.14447105788306785,10,0.025,0.15,1.0,0.9340461079191047,0.9206197491002543,0.9116172589452867,0.8994395753343829,0.8789802197357396,0.8796635970353799,0.8819675578572934,0.8531657055302816,0.8475731320509305,0.8704029339721822,0.8473765223079692
5,1,1.9055053286774213,0.31535231836436656,5478,2.196969429651896,0.28193430656934304,1096,2.190600153766101,0.2953,0.9595695242842242,0.08316568060997781,,,0.9009568053926947,,0.9010001485369115,0.09899985146308854,0.9894639546654176,0.1445680636130491,10,0.025,0.15,0.9340461079191047,1.0,0.9441292658116394,0.9337110528213451,0.9313555101911201,0.9191487017616208,0.9229626067984646,0.9213740066236776,0.8949809446264139,0.8898442190615516,0.91118002211347,0.895150976984091
5,2,1.902261475512856,0.3091286307053942,4820,2.183093935251236,0.30186721991701243,964,2.1905798248097867,0.2956,0.9724861862019372,0.0844067889047822,,,0.949886605471483,,0.9499183046987176,0.05008169530128237,0.9895209005913834,0.1445729321579124,10,0.025,0.15,0.9206197491002543,0.9441292658116394,1.0,0.9488066377708112,0.9464485951377007,0.9348002592049206,0.9396804419105191,0.9359123856604296,0.9172192215487999,0.9128042736126531,0.9285208756278815,0.9162366184366705
5,3,1.92690578017916,0.30086246028143443,4406,2.189092363630022,0.2973893303064699,881,2.1905834131603,0.2956,0.9730333306498714,0.0844096651650729,,,0.9499999999605757,,0.9500173293063326,0.04998267069366735,0.9895205104343111,0.14457293249424982,10,0.025,0.15,0.9116172589452867,0.9337110528213451,0.9488066377708112,1.0,0.9435924364149516,0.9350146688095021,0.9367689634840843,0.9399308900664262,0.9276824296854255,0.9168292460923382,0.933916022088,0.9233225017421658
5,4,1.9307990063320506,0.3102626459143969,4112,2.190746103014265,0.3004866180048662,822,2.1905838749076745,0.2956,0.9737567235331541,0.08439966480312425,,,0.9496057428978267,,0.9496459870277764,0.05035401297222364,0.9895198255350175,0.14457293079544362,10,0.025,0.15,0.8994395753343829,0.9313555101911201,0.9464485951377007,0.9435924364149516,1.0,0.9350362016884197,0.9484880185471073,0.9435982861195303,0.9319204868868279,0.920050234944003,0.9313502293165775,0.9276166947298949
5,5,1.9461754014415125,0.2988171766520957,3889,2.19644342150007,0.3149100257069409,778,2.19059388547004,0.2952,0.9671526807362107,0.08392422194525652,,,0.9308617508692971,,0.9309055800366391,0.06909441996336085,0.9894975279388424,0.14457161675863317,10,0.025,0.15,0.8789802197357396,0.9191487017616208,0.9348002592049206,0.9350146688095021,0.9350362016884197,1.0,0.9413669795252622,0.9363394523368966,0.9199821420296408,0.9167825252624597,0.9361994970877675,0.9284046814812145
5,6,1.9546876233199546,0.30609000269469144,3711,2.1890398263931274,0.3005390835579515,742,2.1905991910379146,0.295,0.9732785321422341,0.08416009898139423,,,0.9401610330267935,,0.9402056411018138,0.059794358898186184,0.9895151211804271,0.14457237409710533,10,0.025,0.15,0.8796635970353799,0.9229626067984646,0.9396804419105191,0.9367689634840843,0.9484880185471073,0.9413669795252622,1.0,0.9469561102766562,0.9328026666718007,0.9213024215629995,0.9426424626239954,0.9400627846852067
5,7,1.9491766329322542,0.29983164983164984,3564,2.19274365901947,0.28751753155680226,713,2.19060626814637,0.295,0.9740327643985647,0.08411532646059704,,,0.9383959086610947,,0.9384562063672822,0.06154379363271778,0.9895029381678837,0.144572259659865,10,0.025,0.15,0.8819675578572934,0.9213740066236776,0.9359123856604296,0.9399308900664262,0.9435982861195303,0.9363394523368966,0.9469561102766562,1.0,0.9447759873779241,0.9297714901599187,0.945235003096844,0.9359941325388021
5,8,1.9387821705253037,0.3057250799186283,3441,2.194166580835978,0.28488372093023256,688,2.1906452993803387,0.2953,0.9604353798741839,0.08283622172823665,,,0.8879681264149939,,0.8879949167368091,0.11200508326319092,0.9894198439270846,0.1445655102142556,10,0.025,0.15,0.8531657055302816,0.8949809446264139,0.9172192215487999,0.9276824296854255,0.9319204868868279,0.9199821420296408,0.9328026666718007,0.9447759873779241,1.0,0.9153380334025789,0.9322886114166185,0.9345933528415369
5,9,1.9399014680473894,0.3000599880023995,3334,2.1956781148910522,0.3028485757121439,667,2.1906358833554425,0.2955,0.9532377731834163,0.0827214063644087,,,0.8834416134413934,,0.8835058011915962,0.11649419880840384,0.989431903251868,0.1445645878808794,10,0.025,0.15,0.8475731320509305,0.8898442190615516,0.9128042736126531,0.9168292460923382,0.920050234944003,0.9167825252624597,0.9213024215629995,0.9297714901599187,0.9153380334025789,1.0,0.9290344765775267,0.9222804304497644
5,10,1.979788940686446,0.2928108608454181,3241,2.1911465326944985,0.2916666666666667,648,2.1906233497812777,0.2951,0.9685277607844692,0.08352417337717175,,,0.9150901243801852,,0.9151359112739516,0.08486408872604845,0.9894839855469331,0.14457000594596986,10,0.025,0.15,0.8704029339721822,0.91118002211347,0.9285208756278815,0.933916022088,0.9313502293165775,0.9361994970877675,0.9426424626239954,0.945235003096844,0.9322886114166185,0.9290344765775267,1.0,0.9375448548561772
5,11,1.9668915157318114,0.2910414688192466,3159,2.1914906978607176,0.28639240506329117,632,2.1906355453442923,0.2953,0.9608017977913831,0.08300010249971705,,,0.8944290077247569,,0.8944727764849565,0.10552722351504351,0.9894409838297109,0.14456680478072265,10,0.025,0.15,0.8473765223079692,0.895150976984091,0.9162366184366705,0.9233225017421658,0.9276166947298949,0.9284046814812145,0.9400627846852067,0.9359941325388021,0.9345933528415369,0.9222804304497644,0.9375448548561772,1.0
6,0,1.824121712534516,0.33903579254930605,6845,2.153737046501853,0.3162892622352082,1369,2.1524905464317223,0.3161,0.9322235457998953,0.07987998144506415,,,0.75,,0.7500041260253173,0.2499958739746827,0.9910141705043006,0.14417497856107098,10,0.025,0.15,1.0,0.9313199500946425,0.9231578797119006,0.9122073702366853,0.9009913697296631,0.8804273824221787,0.8836252764540313,0.8845076331415516,0.8637452307478048,0.8528205142991542,0.8768348157212357,0.8552887137207268
6,1,1.8674521193947904,0.32761956918583424,5478,2.1606980429755316,0.2983576642335766,1096,2.152144015589847,0.3158,0.9587608936217172,0.08313097934809649,,,0.8958808714255324,,0.895925137396643,0.10407486260335697,0.9916591949923482,0.14428345514169355,10,0.025,0.15,0.9313199500946425,1.0,0.939616726855352,0.9309994834554068,0.9246952363023067,0.9132973377820495,0.9191236769549869,0.9188404759356592,0.8983969441659438,0.8868262810213292,0.9092690768079532,0.8945830605894279
6,2,1.8650271986660205,0.3215767634854772,4820,2.1431714296340942,0.3184647302904564,964,2.1521135161194622,0.3158,0.972014214258965,0.08433703996210552,,,0.9499999999551273,,0.9500173293063326,0.04998267069366735,0.9916948354155722,0.14428851961116315,10,0.025,0.15,0.9231578797119006,0.939616726855352,1.0,0.946204934709056,0.939727978431497,0.9281484375111163,0.9365456701261555,0.9339004288455444,0.9196961427205815,0.9082878836859045,0.9280811713278139,0.9148092671476963
6,3,1.8901915107454572,0.31359509759418974,4406,2.1496648447854176,0.3348467650397276,881,2.152119781397566,0.3157,0.9700267933753983,0.08427375560054413,,,0.9471602633303904,,0.94720338003994,0.05279661996006002,0.9916917701287861,0.14428842702786232,10,0.025,0.15,0.9122073702366853,0.9309994834554068,0.946204934709056,1.0,0.9358684066636558,0.9252931022400439,0.9310470888572134,0.9323285859155438,0.9226259304785148,0.9131868534550189,0.9278971021325908,0.9172347296095364
6,4,1.8891315218174096,0.3216196498054475,4112,2.1526569638933455,0.3199513381995134,822,2.152120360845252,0.3157,0.969832403748583,0.0842611693833847,,,0.9465954864889605,,0.9466422405967883,0.053357759403211746,0.991691268886622,0.14428839528675194,10,0.025,0.15,0.9009913697296631,0.9246952363023067,0.939727978431497,0.9358684066636558,1.0,0.927525097044055,0.9424152594561424,0.9358679473782112,0.9278925209325001,0.9096960612311887,0.9258048799362857,0.9215715799657571
6,5,1.9098520244321515,0.3119053741321677,3889,2.1587568691798618,0.32519280205655526,778,2.152129487146305,0.3159,0.96223444299617,0.08371661162603597,,,0.9221597401264456,,0.9221996666171544,0.07780033338284564,0.9916804612592488,0.1442868749494619,10,0.025,0.15,0.8804273824221787,0.9132973377820495,0.9281484375111163,0.9252931022400439,0.927525097044055,1.0,0.9335093326503233,0.9296130896350392,0.9132075793034928,0.9067564386851229,0.9261044886501779,0.9201915243851566
6,6,1.916767313973657,0.31808137968202643,3711,2.149582346280416,0.3221024258760108,742,2.1521396365346788,0.3161,0.9710505516790143,0.08415201790342734,,,0.9416975709908566,,0.9417570266211154,0.05824297337888462,0.9916817203160991,0.14428820483173121,10,0.025,0.15,0.8836252764540313,0.9191236769549869,0.9365456701261555,0.9310470888572134,0.9424152594561424,0.9335093326503233,1.0,0.9428896698783964,0.9279041552942208,0.9205866217375634,0.9347320514405976,0.9331611122493151
6,7,1.9100854196718762,0.31262626262626264,3564,2.155503988265991,0.3127629733520337,713,2.152148325232011,0.3161,0.9710264650543919,0.08412337566527162,,,0.9404123180358062,,0.9404532026208513,0.0595467973791487,0.9916839115291995,0.1442881302002328,10,0.025,0.15,0.8845076331415516,0.9188404759356592,0.9339004288455444,0.9323285859155438,0.9358679473782112,0.9296130896350392,0.9428896698783964,1.0,0.9385674204622377,0.9207220520044658,0.9388927704280258,0.9293730952093601
6,8,1.9026665992206997,0.316274338854984,3441,2.1571306387583413,0.3008720930232558,688,2.1521997059447857,0.3162,0.9602484304325212,0.08297472475771912,,,0.888869314824026,,0.8889026423066132,0.1110973576933868,0.9916491367318174,0.14428213068025658,10,0.025,0.15,0.8637452307478048,0.8983969441659438,0.9196961427205815,0.9226259304785148,0.9278925209325001,0.9132075793034928,0.9279041552942208,0.9385674204622377,1.0,0.9150050395361586,0.927588903349219,0.9270169241400973
6,9,1.90982611267655,0.3101679664067187,3334,2.157901167869568,0.3238380809595202,667,2.152192710321161,0.3159,0.950099363441319,0.08257098775565955,,,0.8707525680761284,,0.8707893911637041,0.12921060883629587,0.991636432362203,0.14427565817619178,10,0.025,0.15,0.8528205142991542,0.8868262810213292,0.9082878836859045,0.9131868534550189,0.9096960612311887,0.9067564386851229,0.9205866217375634,0.9207220520044658,0.9150050395361586,1.0,0.9130334764771034,0.9179279435553029
