round,client_id,client_i_training_loss,client_i_training_accuracy,client_i_training_dataset_size,client_i_evaluation_loss,client_i_evaluation_accuracy,client_i_evaluation_dataset_size,client_i_central_evaluation_loss,client_i_central_evaluation_accuracy,client_i_cosine_similarity,client_i_importance_coefficient,client_i_tanh_val,tanh_normalization_value,client_i_q,client_i_mask_order,client_i_v_nonzero_fraction,client_i_v_sparsity,client_i_v_cosine_similarity,client_i_reward_gradient_norm,local_epochs,learning_rate,gamma,client_0_cosine_similarity,client_1_cosine_similarity,client_2_cosine_similarity,client_3_cosine_similarity,client_4_cosine_similarity,client_5_cosine_similarity,client_6_cosine_similarity,client_7_cosine_similarity,client_8_cosine_similarity,client_9_cosine_similarity,client_10_cosine_similarity,client_11_cosine_similarity
0,0,1.7550877265893068,0.49452154857560265,8214,2.2466230558794598,0.21256391526661797,1369,2.242695755851916,0.2244,0.978144464792338,0.0822390184287392,,,0.6,,0.600013531668938,0.399986468331062,0,0.0989952122519507,5,0.001,0.1,1.0,0.9908437528698932,0.986430958024599,0.9784720565433619,0.9721747953906004,0.9646715244553494,0.9584656258326885,0.9533698634551712,0.9476692339243734,0.9431022581569671,0.9409586544281063,0.9353658320399133
0,1,1.897448919120344,0.4729236385762093,6574,2.241159636633737,0.22354014598540145,1096,2.242587516863887,0.2253,0.9907560072870475,0.0832993534947434,,,0.8334104661842612,,0.8334299881114623,0.1665700118885377,0,0.09906794014449187,5,0.001,0.1,0.9908437528698932,1.0,0.9943395352498777,0.9908458582955204,0.9851554870529039,0.9779236537475249,0.9776297307118502,0.9731593057878479,0.970204143580706,0.9638750342794724,0.9637884622875821,0.9598142539135417
0,2,1.969677827239695,0.46100639806328897,5783,2.2401060827316774,0.22614107883817428,964,2.2425844357036553,0.2253,0.9956270691801359,0.08370889560555858,,,0.9235625493061418,,0.9235798996723403,0.07642010032765967,0,0.09906938193367715,5,0.001,0.1,0.986430958024599,0.9943395352498777,1.0,0.9952240934844581,0.9918282415663627,0.9867805792785936,0.9865019238204229,0.9808126076620696,0.9786346046018644,0.9754882747150035,0.9750908616560096,0.9691482740306007
0,3,2.022133424339524,0.4202004917722716,5287,2.240857090268816,0.23269012485811577,881,2.242584372480837,0.2253,0.9981361592375333,0.08391985125771112,,,0.969999999779871,,0.9700176878243976,0.029982312175602432,0,0.09906949472017851,5,0.001,0.1,0.9784720565433619,0.9908458582955204,0.9952240934844581,1.0,0.9951616539297186,0.992195179096399,0.9910333161561592,0.9888157838142538,0.9875526453260393,0.9841578940134597,0.98370179885471,0.9793644204644028
0,4,2.0551847111794257,0.41904761904761906,4935,2.2389948276373057,0.23114355231143552,822,2.2425842620313357,0.2253,0.9969004959471247,0.08381596094317237,,,0.9471307318229975,,0.9471540000579929,0.052845999942007116,0,0.0990694627409134,5,0.001,0.1,0.9721747953906004,0.9851554870529039,0.9918282415663627,0.9951616539297186,1.0,0.9928847577369648,0.99010491341362,0.9863162487179992,0.9892868301060563,0.9870530976466487,0.9874912106889495,0.9833609471870012
0,5,2.0756174281851885,0.3840154274694665,4667,2.2448429012298585,0.2275064267352185,778,2.242584820372609,0.2253,0.9949319693704952,0.08365045400709083,,,0.9106978604165095,,0.9107199814422826,0.08928001855771739,0,0.0990693273182741,5,0.001,0.1,0.9646715244553494,0.9779236537475249,0.9867805792785936,0.992195179096399,0.9928847577369648,1.0,0.9929570652822113,0.989983395083755,0.9885876031843098,0.9898588821331015,0.9879143155874738,0.9835121824174407
0,6,2.084879366159439,0.4009431843700876,4453,2.248052179813385,0.22371967654986524,742,2.2425853040652535,0.2253,0.9942783357108973,0.08359549873973292,,,0.8986006140039879,,0.8986188032205372,0.10138119677946278,0,0.0990692342757028,5,0.001,0.1,0.9584656258326885,0.9776297307118502,0.9865019238204229,0.9910333161561592,0.99010491341362,0.9929570652822113,1.0,0.991397299589727,0.9905940924289711,0.9890225139044172,0.9924970483763412,0.9856821509010606
0,7,2.1078368243886465,0.3902267944821136,4277,2.2410491445790166,0.24403927068723702,713,2.242586620318623,0.2253,0.991812610315862,0.08338818903906864,,,0.8529657430768985,,0.8529832497269503,0.14701675027304972,0,0.0990684709685592,5,0.001,0.1,0.9533698634551712,0.9731593057878479,0.9808126076620696,0.9888157838142538,0.9863162487179992,0.989983395083755,0.991397299589727,1.0,0.9900595183456093,0.9904318533046941,0.9886979212387541,0.9895693086157006
0,8,2.1243625077834496,0.3700653911358682,4129,2.2466793710535224,0.21075581395348839,688,2.242587040026729,0.2253,0.991133636697649,0.08333110327524673,,,0.8403995126716663,,0.8404181285701858,0.15958187142981417,0,0.09906814497374929,5,0.001,0.1,0.9476692339243734,0.970204143580706,0.9786346046018644,0.9875526453260393,0.9892868301060563,0.9885876031843098,0.9905940924289711,0.9900595183456093,1.0,0.9909899476985377,0.9948571906351609,0.9937587961998888
0,9,2.1265472748922924,0.38875281179705073,4001,2.23767512185233,0.24287856071964017,667,2.242589017453666,0.2253,0.9885499979332946,0.08311387982451642,,,0.7925823381513665,,0.7926030098297909,0.20739699017020907,0,0.09906484372550184,5,0.001,0.1,0.9431022581569671,0.9638750342794724,0.9754882747150035,0.9841578940134597,0.9870530976466487,0.9898588821331015,0.9890225139044172,0.9904318533046941,0.9909899476985377,1.0,0.9930419081487487,0.9885879146092542
0,10,2.135368791369141,0.36662381074826433,3889,2.2449381805601574,0.19907407407407407,648,2.2425888011249873,0.2253,0.9886763255566487,0.08312450101608784,,,0.7949203701146605,,0.7949323899826988,0.20506761001730123,0,0.09906493597875224,5,0.001,0.1,0.9409586544281063,0.9637884622875821,0.9750908616560096,0.98370179885471,0.9874912106889495,0.9879143155874738,0.9924970483763412,0.9886979212387541,0.9948571906351609,0.9930419081487487,1.0,0.9922977583650738
0,11,2.1475404228482926,0.3780005275652862,3791,2.23736572265625,0.23734177215189872,632,2.2425981177308687,0.2252,0.9849748579841382,0.08281329436833187,,,0.7264147712136493,,0.7264331487227071,0.27356685127729286,0,0.09905592516956584,5,0.001,0.1,0.9353658320399133,0.9598142539135417,0.9691482740306007,0.9793644204644028,0.9833609471870012,0.9835121824174407,0.9856821509010606,0.9895693086157006,0.9937587961998888,0.9885879146092542,0.9922977583650738,1.0
1,0,1.5182473319049938,0.5652787923058193,8214,2.1708791921305104,0.36011687363038714,1369,2.1670935550055948,0.3783,0.9854476464725439,0.08233087504982246,,,0.6,,0.600013531668938,0.399986468331062,0.9794128434866886,0.0994831031635045,5,0.001,0.1,1.0,0.9951313064546302,0.9920592379248563,0.9878378083476341,0.9842063835385481,0.9813460690499942,0.9769540340523614,0.976274963042258,0.9738654368555725,0.9710899997225407,0.9687967227336322,0.966928322566788
1,1,1.636141917254161,0.5453909339823547,6574,2.1656872272491454,0.36678832116788324,1096,2.166837237513484,0.3794,0.9932797219068888,0.08323491725322105,,,0.8306943824789625,,0.8307139888460386,0.16928601115396136,0.9799152984866608,0.09956676890862898,5,0.001,0.1,0.9951313064546302,1.0,0.9965043083633575,0.9948136896448501,0.9924092182387486,0.9892300320761324,0.9868991482663274,0.9858199107799044,0.9844568981297694,0.9822932812572748,0.9807290808374088,0.9796769410334143
1,2,1.7045864925858725,0.5469133667646551,5783,2.16306124964068,0.3869294605809129,964,2.1668330648074896,0.3794,0.9965364497343557,0.08359157911469321,,,0.9217077086011305,,0.9217241279322643,0.07827587206773567,0.9799101787224341,0.09956931390360434,5,0.001,0.1,0.9920592379248563,0.9965043083633575,1.0,0.997133830592825,0.9955201168373258,0.9934650128231827,0.9920055397206917,0.9908228603037722,0.9897047929824343,0.9877651716967123,0.986730400828311,0.9851011919011333
1,3,1.7652139331921037,0.5233213542651788,5287,2.1639261841773987,0.3938706015891033,881,2.1668323967784358,0.3794,0.9983851451945985,0.08378082632922687,,,0.969999999744819,,0.9700176878243976,0.029982312175602432,0.9799142466642742,0.09956961245941086,5,0.001,0.1,0.9878378083476341,0.9948136896448501,0.997133830592825,1.0,0.9973526007486959,0.9961919455717564,0.9950168361542446,0.9940027467849852,0.9935306350154832,0.9920288347621417,0.9914998149106058,0.9894470633788781
1,4,1.807341175848438,0.5094224924012158,4935,2.1619609777743998,0.3759124087591241,822,2.1668326359587358,0.3794,0.9984813931156078,0.08372015493141273,,,0.9545178125192102,,0.9545384251070451,0.04546157489295488,0.979911278795237,0.09956955910591249,5,0.001,0.1,0.9842063835385481,0.9924092182387486,0.9955201168373258,0.9973526007486959,1.0,0.9968563468716423,0.9955042017678295,0.9944192662974853,0.9949088069205072,0.9932885427997594,0.9933881240148663,0.9921346300204719
1,5,1.8328039740862911,0.4974073280479966,4667,2.170102777481079,0.3496143958868895,778,2.1668332209602332,0.3794,0.9982748673039825,0.08361187199229038,,,0.9268860651517433,,0.9269048240399764,0.07309517596002357,0.9799125139628222,0.0995693653144107,5,0.001,0.1,0.9813460690499942,0.9892300320761324,0.9934650128231827,0.9961919455717564,0.9968563468716423,1.0,0.9972510948519421,0.9956277767058798,0.9953171665534625,0.9948504927118669,0.9947916980648921,0.992581917472259
1,6,1.848274303163801,0.5123287671232877,4453,2.173537959655126,0.38005390835579517,742,2.1668337381685885,0.3794,0.9977927947408523,0.08356255653375422,,,0.9143016977285217,,0.9143300374053991,0.08566996259460091,0.9799118968562245,0.09956925326618667,5,0.001,0.1,0.9769540340523614,0.9868991482663274,0.9920055397206917,0.9950168361542446,0.9955042017678295,0.9972510948519421,1.0,0.9963056387317062,0.9953198249468989,0.9958273983349589,0.9966972258455837,0.9939499391618469
1,7,1.877682523763002,0.5078325929389759,4277,2.1636156413866128,0.39691444600280507,713,2.166835599813979,0.3794,0.9972015813545897,0.08341617956426761,,,0.876949078063302,,0.8769729656585573,0.12302703434144269,0.9799111696792527,0.09956863427862031,5,0.001,0.1,0.976274963042258,0.9858199107799044,0.9908228603037722,0.9940027467849852,0.9944192662974853,0.9956277767058798,0.9963056387317062,1.0,0.9953151339971228,0.9960547222489226,0.995569458067409,0.9944802181849642
1,8,1.9042999271246104,0.48311939937030757,4129,2.172361449761824,0.38953488372093026,688,2.166835438329191,0.3794,0.9967943988147492,0.08336797598416909,,,0.8646484408781143,,0.8646639796638347,0.13533602033616532,0.9799116208291123,0.09956802200678555,5,0.001,0.1,0.9738654368555725,0.9844568981297694,0.9897047929824343,0.9935306350154832,0.9949088069205072,0.9953171665534625,0.9953198249468989,0.9953151339971228,1.0,0.9948852981514776,0.9965527367630346,0.9959602435298257
1,9,1.9049756318803817,0.4912771807048238,4001,2.1622231914883567,0.4062968515742129,667,2.166839254549898,0.3795,0.9958731075515644,0.08320484715777118,,,0.8230210658187322,,0.8230444322015059,0.17695556779849408,0.9798934509443769,0.09956642786175446,5,0.001,0.1,0.9710899997225407,0.9822932812572748,0.9877651716967123,0.9920288347621417,0.9932885427997594,0.9948504927118669,0.9958273983349589,0.9960547222489226,0.9948852981514776,1.0,0.9965163154659528,0.9942023289689542
1,10,1.9225940856777253,0.4829519156595526,3889,2.1700477600097656,0.37037037037037035,648,2.1668390999205958,0.3795,0.9957505243238328,0.08320740690333127,,,0.8236742642192794,,0.8236968519538763,0.17630314804612368,0.9798939681021857,0.09956644110424627,5,0.001,0.1,0.9687967227336322,0.9807290808374088,0.986730400828311,0.9914998149106058,0.9933881240148663,0.9947916980648921,0.9966972258455837,0.995569458067409,0.9965527367630346,0.9965163154659528,1.0,0.9960521481688149
1,11,1.9458662634136297,0.4780269058295964,3791,2.162911057472229,0.3987341772151899,632,2.1668627909578073,0.3792,0.9943411869006232,0.08297080918603983,,,0.7632990250088858,,0.7633214447956235,0.23667855520437653,0.9798311393631909,0.09955944430990538,5,0.001,0.1,0.966928322566788,0.9796769410334143,0.9851011919011333,0.9894470633788781,0.9921346300204719,0.992581917472259,0.9939499391618469,0.9944802181849642,0.9959602435298257,0.9942023289689542,0.9960521481688149,1.0
2,0,1.360405555866108,0.608327246165084,8214,2.074933944746505,0.44558071585098613,1369,2.071158169557492,0.4612,0.9888620077581045,0.08246460391903104,,,0.6,,0.600013531668938,0.399986468331062,0.9923016841469193,0.09956718469283632,5,0.001,0.1,1.0,0.9953320707585768,0.9929999165299807,0.9900379783019158,0.9867790831473294,0.9854386176972088,0.9823210052501198,0.9829237074091037,0.9806096442182851,0.9787059136383153,0.9769114925286421,0.9754743906665189
2,1,1.4548455301419045,0.5923030118649224,6574,2.0701718670981273,0.458029197080292,1096,2.070658487252915,0.4616,0.9949110748061625,0.08321478040906023,,,0.8306600492925621,,0.8306801596736935,0.16931984032630654,0.992800775773819,0.0996681276765964,5,0.001,0.1,0.9953320707585768,1.0,0.9961970041579712,0.9951929139184934,0.9934667588886176,0.9913262319441645,0.9899181078247454,0.9901288119861843,0.989107085102427,0.9874750317694383,0.9863135488292031,0.9853272127075422
2,2,1.5105393752208731,0.5984782984610064,5783,2.0654081990641933,0.4699170124481328,964,2.070647496004074,0.4618,0.9974765938973786,0.08351652238725177,,,0.9234379762049167,,0.9234590811996791,0.07654091880032088,0.9928394666127899,0.09967176021929006,5,0.001,0.1,0.9929999165299807,0.9961970041579712,1.0,0.9972567897560817,0.9959858640963735,0.9948006232238061,0.9941973418966705,0.9941370950383189,0.9927773271148413,0.9914384726854096,0.9907875861524945,0.9898285431826919
2,3,1.5651769587792546,0.5803669377718933,5287,2.0658458130700246,0.4880817253121453,881,2.070645301867598,0.4618,0.9985693699970092,0.08366795622009678,,,0.9699999996925256,,0.9700176878243976,0.029982312175602432,0.9928463595204908,0.09967226502360102,5,0.001,0.1,0.9900379783019158,0.9951929139184934,0.9972567897560817,1.0,0.9973225257519001,0.9963265802178405,0.9959220165448297,0.9957957220388881,0.9952705916266311,0.9942469937939289,0.9937195089463237,0.9923431998592493
2,4,1.6036253706101449,0.5743059777102331,4935,2.0642509643848124,0.4768856447688564,822,2.070645665208372,0.4618,0.9986364273292762,0.08363288902679591,,,0.9592177362614046,,0.9592358473241125,0.04076415267588751,0.992846481947631,0.0996722397630156,5,0.001,0.1,0.9867790831473294,0.9934667588886176,0.9959858640963735,0.9973225257519001,1.0,0.9970679187117552,0.9964358866495957,0.9960504646091568,0.9963362668971537,0.9950657236891558,0.9954341390872776,0.9942645100617542
2,5,1.6269257196824845,0.5708592243411185,4667,2.0754482841491697,0.42802056555269924,778,2.0706469026236487,0.4618,0.9985065113379595,0.08356224129700147,,,0.9374953695205339,,0.9375030204618165,0.06249697953818345,0.992840966759424,0.09967196141726972,5,0.001,0.1,0.9854386176972088,0.9913262319441645,0.9948006232238061,0.9963265802178405,0.9970679187117552,1.0,0.9975258355165291,0.9972284498004047,0.9963968900581801,0.9956809303483882,0.9961427788528202,0.994714362476346
2,6,1.6439349053587233,0.5748035032562318,4453,2.078382968902588,0.45148247978436656,742,2.0706475538948474,0.4616,0.9982572600050073,0.08352392655632913,,,0.9257145684829408,,0.9257304684857096,0.07426953151429039,0.9928411729660452,0.0996718656734453,5,0.001,0.1,0.9823210052501198,0.9899181078247454,0.9941973418966705,0.9959220165448297,0.9964358866495957,0.9975258355165291,1.0,0.997818524293981,0.9960918126069865,0.9966601908131952,0.9971902485241394,0.9955626324744395
2,7,1.6686978375733788,0.5754033200841712,4277,2.0657984070155933,0.4684431977559607,713,2.070650971735628,0.4616,0.9982046723217818,0.0834323987554,,,0.8975721148676149,,0.8975894298334638,0.10241057016653621,0.9928347626091972,0.09967131807550128,5,0.001,0.1,0.9829237074091037,0.9901288119861843,0.9941370950383189,0.9957957220388881,0.9960504646091568,0.9972284498004047,0.997818524293981,1.0,0.9962091775596057,0.9965720335380335,0.9965193035910025,0.9956454691271215
2,8,1.6990614348191482,0.5528699442964398,4129,2.077731425111944,0.44040697674418605,688,2.0706515053209786,0.4616,0.9975252595965026,0.08338087249750151,,,0.8817291107949805,,0.8817477116981278,0.11825228830187218,0.9928268503625155,0.09967080438755216,5,0.001,0.1,0.9806096442182851,0.989107085102427,0.9927773271148413,0.9952705916266311,0.9963362668971537,0.9963968900581801,0.9960918126069865,0.9962091775596057,1.0,0.9948338284065366,0.9968962003661992,0.9963610896763819
2,9,1.7029732809180305,0.5675081229692577,4001,2.066427264894758,0.48125937031484256,667,2.0706594839644508,0.4616,0.9968293329607983,0.08325828502362112,,,0.8440366035733793,,0.8440620137056475,0.15593798629435252,0.9927993380972493,0.09966882580147904,5,0.001,0.1,0.9787059136383153,0.9874750317694383,0.9914384726854096,0.9942469937939289,0.9950657236891558,0.9956809303483882,0.9966601908131952,0.9965720335380335,0.9948338284065366,1.0,0.9969880302745328,0.9948940673374231
2,10,1.7168969226665185,0.5564926716379532,3889,2.0751426219940186,0.4537037037037037,648,2.070659289344812,0.4616,0.9969031518391476,0.0832622401886682,,,0.8452527154841678,,0.8452701984322595,0.15472980156774052,0.9927994013471216,0.09966883778451617,5,0.001,0.1,0.9769114925286421,0.9863135488292031,0.9907875861524945,0.9937195089463237,0.9954341390872776,0.9961427788528202,0.9971902485241394,0.9965193035910025,0.9968962003661992,0.9969880302745328,1.0,0.9965246790549152
2,11,1.7456908191953386,0.5422843576892641,3791,2.0678640007972717,0.4889240506329114,632,2.070699956089544,0.4613,0.9958579196126816,0.0830832837192428,,,0.7902281864466364,,0.7902446332434444,0.2097553667565556,0.9927338964748832,0.09966330370897682,5,0.001,0.1,0.9754743906665189,0.9853272127075422,0.9898285431826919,0.9923431998592493,0.9942645100617542,0.994714362476346,0.9955626324744395,0.9956454691271215,0.9963610896763819,0.9948940673374231,0.9965246790549152,1.0
3,0,1.2453477157229116,0.6343559775992208,8214,1.9593844885049865,0.4974433893352812,1369,1.9555978245628527,0.5109,0.9898981446647344,0.08257350800307756,,,0.6,,0.600013531668938,0.399986468331062,0.9958175130045649,0.09957084293610526,5,0.001,0.1,1.0,0.9955072465006144,0.9930008257820773,0.990145696499562,0.9876611322850187,0.9863404009380928,0.9837264166262573,0.9841933284127973,0.9824492491499066,0.980919049431686,0.9797753586927237,0.9786534103512446
3,1,1.3195807712170684,0.6238819592333434,6574,1.955360402379717,0.5082116788321168,1096,1.9547730486233013,0.5109,0.9954320240539515,0.08321256805921755,,,0.8338619535600866,,0.8338842655686683,0.16611573443133165,0.9962436348224091,0.09968842534518935,5,0.001,0.1,0.9955072465006144,1.0,0.9960532745364482,0.9948700812499129,0.9939570523911515,0.9919769185960535,0.9908273540600144,0.9905030472922148,0.990280762333436,0.9886917210593372,0.9882867821425501,0.9875288037087901
3,2,1.3641455942754588,0.6311257132975964,5783,1.9479875449211366,0.520746887966805,964,1.95475436323367,0.5111,0.997680806127336,0.08347035551946491,,,0.9281984380227225,,0.9282193290225302,0.07178067097746976,0.9962612545903125,0.09969224962848403,5,0.001,0.1,0.9930008257820773,0.9960532745364482,1.0,0.9967862221550126,0.9960001191874885,0.9949812641062102,0.9945173877231839,0.994467160840531,0.9931827348209105,0.992410368358848,0.9922749224718218,0.9916518271983785
3,3,1.4090179510145302,0.6215623226782675,5287,1.9477358886173792,0.52894438138479,881,1.9547505553918905,0.5111,0.998340424319901,0.08358458405430529,,,0.9699999996340531,,0.9700176878243976,0.029982312175602432,0.9962627496846626,0.09969266747366663,5,0.001,0.1,0.990145696499562,0.9948700812499129,0.9967862221550126,1.0,0.9971733629013453,0.9961694791666507,0.9955540433720337,0.9956430124087012,0.9951788851231751,0.9941149346051267,0.9943130336393979,0.9932267737579474
3,4,1.4422872375672864,0.617872340425532,4935,1.9468386264947743,0.5304136253041363,822,1.9547509762425772,0.5111,0.9987076444095225,0.083574925547748,,,0.9664655005048096,,0.9664849556837842,0.03351504431621577,0.9962622138922106,0.09969266679317267,5,0.001,0.1,0.9876611322850187,0.9939570523911515,0.9960001191874885,0.9971733629013453,1.0,0.9970648574691503,0.9964233176488726,0.996100189083571,0.9963778466765525,0.9955994484524303,0.9961649512275771,0.9950247016920815
3,5,1.4626820614893143,0.6151274908935076,4667,1.9610111093521119,0.4832904884318766,778,1.9547522544099118,0.5111,0.9984850181747732,0.08352438355178247,,,0.9479698211085477,,0.9479948966277147,0.052005103372285255,0.9962609485489576,0.09969255944670738,5,0.001,0.1,0.9863404009380928,0.9919769185960535,0.9949812641062102,0.9961694791666507,0.9970648574691503,1.0,0.9971905175442662,0.9970308599759456,0.996034477046675,0.9961019741912828,0.9964773370762174,0.9955072634291915
3,6,1.4773081308603286,0.6123512238940041,4453,1.963240270813306,0.4919137466307278,742,1.9547535740910247,0.511,0.9981129132971547,0.0834888545639334,,,0.93496810330978,,0.9349803307526507,0.06501966924734925,0.9962592648143548,0.09969236391024486,5,0.001,0.1,0.9837264166262573,0.9908273540600144,0.9945173877231839,0.9955540433720337,0.9964233176488726,0.9971905175442662,1.0,0.9973488721391487,0.9954596838181108,0.9965444741747043,0.996878334998065,0.9959335828673043
3,7,1.4960668962393233,0.6142623334112696,4277,1.948221206665039,0.5259467040673211,713,1.9547587892117972,0.511,0.9980599171762432,0.083430978296353,,,0.9137884710184545,,0.9138081016035028,0.08619189839649721,0.9962514294511788,0.09969200738242351,5,0.001,0.1,0.9841933284127973,0.9905030472922148,0.994467160840531,0.9956430124087012,0.996100189083571,0.9970308599759456,0.9973488721391487,1.0,0.9956790437740589,0.9966615950883961,0.9963133009732016,0.9958374569580799
3,8,1.5293167961560763,0.6008718818115767,4129,1.9633417888121172,0.49709302325581395,688,1.954761089227451,0.511,0.9974186391254923,0.08337864888299513,,,0.8946386920282888,,0.89465595731725,0.10534404268275,0.9962453945784477,0.09969152496849919,5,0.001,0.1,0.9824492491499066,0.990280762333436,0.9931827348209105,0.9951788851231751,0.9963778466765525,0.996034477046675,0.9954596838181108,0.9956790437740589,1.0,0.9949850890576795,0.9966142344900262,0.9958579017638406
3,9,1.5260719063736143,0.6054486378405398,4001,1.9509045566831316,0.5082458770614693,667,1.9547731042289125,0.511,0.9971070200726115,0.08329336067135405,,,0.8634277477697725,,0.8634461294594098,0.1365538705405902,0.9962479278156076,0.09968969924639351,5,0.001,0.1,0.980919049431686,0.9886917210593372,0.992410368358848,0.9941149346051267,0.9955994484524303,0.9961019741912828,0.9965444741747043,0.9966615950883961,0.9949850890576795,1.0,0.9969100495144649,0.9954263217772872
3,10,1.5418718979984034,0.600771406531242,3889,1.9607524531228202,0.5061728395061729,648,1.954772902372927,0.511,0.9972829811330949,0.08330147064102841,,,0.8663955648522778,,0.8664085984090624,0.13359140159093763,0.9962480860626866,0.09968971827345015,5,0.001,0.1,0.9797753586927237,0.9882867821425501,0.9922749224718218,0.9943130336393979,0.9961649512275771,0.9964773370762174,0.996878334998065,0.9963133009732016,0.9966142344900262,0.9969100495144649,1.0,0.9964473420845641
3,11,1.5709097509624577,0.5886573463466104,3791,1.953210312128067,0.5411392405063291,632,1.9548232368767833,0.5108,0.9964997882421872,0.08316636220874028,,,0.8169530725328683,,0.8169745121350074,0.18302548786499262,0.9962068700906939,0.09968717653198603,5,0.001,0.1,0.9786534103512446,0.9875288037087901,0.9916518271983785,0.9932267737579474,0.9950247016920815,0.9955072634291915,0.9959335828673043,0.9958374569580799,0.9958579017638406,0.9954263217772872,0.9964473420845641,1.0
4,0,1.1571942585451593,0.6544679814950085,8214,1.8266862076382304,0.5522279035792549,1369,1.8230084439816947,0.5638,0.9902782265250581,0.08265448317598359,,,0.97,,0.9700176878243976,0.029982312175602432,0.9964372044564362,0.09968663126585162,5,0.001,0.1,1.0,0.9952423148964771,0.9926913524721037,0.9906211137899554,0.9878483691264637,0.986631078263675,0.9832029272657703,0.9843758652232306,0.9833933087331869,0.9815329084969195,0.9806059796092711,0.9800627784952286
4,1,1.215027179127758,0.6466078491025251,6574,1.8243592500686645,0.5638686131386861,1096,1.8220483910161467,0.5646,0.9956636669269494,0.08322057703683373,,,0.97,,0.9700176878243976,0.029982312175602432,0.9977585403447858,0.09968663126585162,5,0.001,0.1,0.9952423148964771,1.0,0.9958841630721017,0.9951613111831797,0.9941675906230122,0.9921219331704394,0.990516482767922,0.9900345711630053,0.9910989524630875,0.9889913491868861,0.9887641652129822,0.9885608881219204
4,2,1.2492516574280037,0.6508040809268546,5783,1.813509710373417,0.5954356846473029,964,1.8220257351573663,0.5648,0.9975646170385115,0.08344016365060568,,,0.97,,0.9700176878243976,0.029982312175602432,0.9977991429121056,0.09968663126585162,5,0.001,0.1,0.9926913524721037,0.9958841630721017,1.0,0.9964947663092907,0.9955661370872904,0.9947954886232176,0.9934994054271539,0.9938707495894586,0.9937131561759478,0.992529312780321,0.9921497881074279,0.9920376099540795
4,3,1.2899309171251503,0.64255721581237,5287,1.812138216836112,0.5664018161180476,881,1.8220210094421436,0.5648,0.9982979000939421,0.0835339429556814,,,0.97,,0.9700176878243976,0.029982312175602432,0.9978034794233955,0.09968663126585162,5,0.001,0.1,0.9906211137899554,0.9951613111831797,0.9964947663092907,1.0,0.9970427605521434,0.995793868349119,0.9948182649910644,0.9947430881299699,0.9953776487574808,0.9945348415099103,0.9941636579115875,0.9932208507938621
4,4,1.317106803309533,0.646403242147923,4935,1.8122253647217383,0.5802919708029197,822,1.8220214752343515,0.5648,0.9984926152060797,0.08353430479827405,,,0.97,,0.9700176878243976,0.029982312175602432,0.9978034653311705,0.09968663126585162,5,0.001,0.1,0.9878483691264637,0.9941675906230122,0.9955661370872904,0.9970427605521434,1.0,0.9964445083012407,0.995783553520813,0.995323884647505,0.9962753290976245,0.995142877483776,0.9959483223256056,0.99473278950349
4,5,1.3325177929989278,0.6424683951146347,4667,1.82999520778656,0.5475578406169666,778,1.8220228646129084,0.5648,0.9983033024243515,0.08349717545651762,,,0.97,,0.9700176878243976,0.029982312175602432,0.9978030225098918,0.09968663126585162,5,0.001,0.1,0.986631078263675,0.9921219331704394,0.9947954886232176,0.995793868349119,0.9964445083012407,1.0,0.996103439646944,0.9966049704100964,0.996028890810868,0.9959971080970881,0.99603300843937,0.9954502339383047
4,6,1.343016358103071,0.6382663373006962,4453,1.8313882698615391,0.555256064690027,742,1.8220244642263783,0.5648,0.9975390434731782,0.08345068961373384,,,0.97,,0.9700176878243976,0.029982312175602432,0.9978005318309929,0.09968663126585162,5,0.001,0.1,0.9832029272657703,0.990516482767922,0.9934994054271539,0.9948182649910644,0.995783553520813,0.996103439646944,1.0,0.9968656791101592,0.9949539334602313,0.9956821162471616,0.9958928024214997,0.9955188284987798
4,7,1.3574209152762569,0.647509936871639,4277,1.8139268056206082,0.5610098176718092,713,1.8220310413037626,0.5647,0.9976492489654765,0.08341873324006413,,,0.97,,0.9700176878243976,0.029982312175602432,0.9977973631846357,0.09968663126585162,5,0.001,0.1,0.9843758652232306,0.9900345711630053,0.9938707495894586,0.9947430881299699,0.995323884647505,0.9966049704100964,0.9968656791101592,1.0,0.9954128171911383,0.9960942021629287,0.9955025453280739,0.9953387933940221
4,8,1.3822750816436915,0.6306611770404457,4129,1.8322904922745444,0.5421511627906976,688,1.8220342565268373,0.5647,0.9976136953885056,0.08338547306118935,,,0.97,,0.9700176878243976,0.029982312175602432,0.9977929888858109,0.09968663126585162,5,0.001,0.1,0.9833933087331869,0.9910989524630875,0.9937131561759478,0.9953776487574808,0.9962753290976245,0.996028890810868,0.9949539334602313,0.9954128171911383,1.0,0.9953091118574093,0.9964164516081062,0.9957590141382398
4,9,1.392025353416564,0.6335416145963509,4001,1.8185308887844993,0.5562218890554723,667,1.8220490369553002,0.5646,0.9971467182975349,0.08331805392559886,,,0.97,,0.9700176878243976,0.029982312175602432,0.9977715429362631,0.09968663126585162,5,0.001,0.1,0.9815329084969195,0.9889913491868861,0.992529312780321,0.9945348415099103,0.995142877483776,0.9959971080970881,0.9956821162471616,0.9960942021629287,0.9953091118574093,1.0,0.9970938207400332,0.9952344763391269
4,10,1.3995149316357784,0.629724865003857,3889,1.8299621854509627,0.5771604938271605,648,1.8220488594743771,0.5646,0.9971659683257985,0.08332365232488971,,,0.97,,0.9700176878243976,0.029982312175602432,0.9977716661351792,0.09968663126585162,5,0.001,0.1,0.9806059796092711,0.9887641652129822,0.9921497881074279,0.9941636579115875,0.9959483223256056,0.99603300843937,0.9958928024214997,0.9955025453280739,0.9964164516081062,0.9970938207400332,1.0,0.9957929386327532
4,11,1.427075118477605,0.6223687681350567,3791,1.8217680871486663,0.5822784810126582,632,1.8221056872663406,0.5645,0.9966088816261693,0.08322275076062796,,,0.97,,0.9700176878243976,0.029982312175602432,0.9977427520502431,0.09968663126585162,5,0.001,0.1,0.9800627784952286,0.9885608881219204,0.9920376099540795,0.9932208507938621,0.99473278950349,0.9954502339383047,0.9955188284987798,0.9953387933940221,0.9957590141382398,0.9952344763391269,0.9957929386327532,1.0
5,0,1.0870398876268113,0.6647431214998782,8214,1.6831612337467283,0.6018991964937911,1369,1.6795444480908184,0.6184,0.9902339412004584,0.08271019840865643,,,0.97,,0.9700176878243976,0.029982312175602432,0.9983331143308946,0.09966326942722135,5,0.001,0.1,1.0,0.9946028469277596,0.9919096833835594,0.990110492815999,0.9871215029213184,0.986108117666649,0.9833497565194463,0.9839475762880203,0.9830553627702063,0.9825398795060376,0.9802793363770455,0.9798813996243647
5,1,1.1317041548131739,0.6608457560085184,6574,1.6828258173806327,0.6113138686131386,1096,1.6784632845808523,0.6188,0.9954126775719507,0.08322488704106568,,,0.97,,0.9700176878243976,0.029982312175602432,0.9983331143308946,0.09966326942722135,5,0.001,0.1,0.9946028469277596,1.0,0.9951933362335829,0.9942412324650957,0.9933156077633196,0.9915251635365999,0.989775426508236,0.9894793370184982,0.9904700101743416,0.9897043514562593,0.9882000531669479,0.9882517865043047
5,2,1.1585344010953744,0.6660556804426768,5783,1.6678999162489367,0.6514522821576764,964,1.6784356093635193,0.619,0.9972772575591664,0.08341987466049565,,,0.97,,0.9700176878243976,0.029982312175602432,0.9983331143308946,0.09966326942722135,5,0.001,0.1,0.9919096833835594,0.9951933362335829,1.0,0.995725459909526,0.9949434176665294,0.9941565006019085,0.993564544469959,0.993147970141808,0.9929687178938678,0.9922805368752017,0.9916159238048676,0.9914999362277209
5,3,1.1935600145753609,0.6611689048609798,5287,1.6654284851891654,0.6276958002270148,881,1.6784305062156897,0.619,0.9979502177011308,0.08349916419416249,,,0.97,,0.9700176878243976,0.029982312175602432,0.9983331143308946,0.09966326942722135,5,0.001,0.1,0.990110492815999,0.9942412324650957,0.995725459909526,1.0,0.9962578829183891,0.9952333060838865,0.994551550592157,0.9940543979066689,0.9947568744249142,0.9943221842409895,0.9934246197878941,0.9923485910446119
5,4,1.216659663338815,0.6652482269503546,4935,1.666682596390064,0.6313868613138686,822,1.6784310481799678,0.619,0.9981966830569632,0.08350734714590952,,,0.97,,0.9700176878243976,0.029982312175602432,0.9983331143308946,0.09966326942722135,5,0.001,0.1,0.9871215029213184,0.9933156077633196,0.9949434176665294,0.9962578829183891,1.0,0.9958775826688158,0.9952578330030887,0.9949881445382521,0.9957584479042979,0.995083238869803,0.9956775461597525,0.9936667061220413
5,5,1.226813560152707,0.6602099850010713,4667,1.688148217201233,0.6053984575835476,778,1.678432495830158,0.619,0.9981265179598763,0.08348229435880504,,,0.97,,0.9700176878243976,0.029982312175602432,0.9983331143308946,0.09966326942722135,5,0.001,0.1,0.986108117666649,0.9915251635365999,0.9941565006019085,0.9952333060838865,0.9958775826688158,1.0,0.9961393858292841,0.996309615985455,0.9956765143638275,0.9957011661223809,0.995728158167,0.9946467620373496
5,6,1.2367862647771835,0.6605434538513362,4453,1.688279777765274,0.610512129380054,742,1.6784340143203735,0.619,0.9974727066180938,0.08343264753913276,,,0.97,,0.9700176878243976,0.029982312175602432,0.9983331143308946,0.09966326942722135,5,0.001,0.1,0.9833497565194463,0.989775426508236,0.993564544469959,0.994551550592157,0.9952578330030887,0.9961393858292841,1.0,0.996183172760333,0.9947129936495632,0.9956091311700006,0.9955098579944418,0.9946111522829527
5,7,1.2444210028470453,0.6642506429740472,4277,1.6692988509717195,0.603085553997195,713,1.6784415823963885,0.6188,0.9973851827025293,0.0834102087312194,,,0.97,,0.9700176878243976,0.029982312175602432,0.9983331143308946,0.09966326942722135,5,0.001,0.1,0.9839475762880203,0.9894793370184982,0.993147970141808,0.9940543979066689,0.9949881445382521,0.996309615985455,0.996183172760333,1.0,0.9952399079564024,0.9957037336035319,0.9948742141553079,0.9942971594811807
5,8,1.2738981518837122,0.6479534996367159,4129,1.690673914822665,0.6090116279069767,688,1.6784459188723335,0.6188,0.9973689965884699,0.08338927399969268,,,0.97,,0.9700176878243976,0.029982312175602432,0.9983331143308946,0.09966326942722135,5,0.001,0.1,0.9830553627702063,0.9904700101743416,0.9929687178938678,0.9947568744249142,0.9957584479042979,0.9956765143638275,0.9947129936495632,0.9952399079564024,1.0,0.995008496448975,0.995618950571051,0.9947619188189969
5,9,1.2738648157271129,0.6499875031242189,4001,1.6751915727342879,0.6146926536731634,667,1.6784649889309184,0.6188,0.9972199020997233,0.08334308279705191,,,0.97,,0.9700176878243976,0.029982312175602432,0.9983331143308946,0.09966326942722135,5,0.001,0.1,0.9825398795060376,0.9897043514562593,0.9922805368752017,0.9943221842409895,0.995083238869803,0.9957011661223809,0.9956091311700006,0.9957037336035319,0.995008496448975,1.0,0.9960394376239088,0.9942528759191523
5,10,1.2836338318762233,0.6503471329390589,3889,1.6883152496247065,0.6265432098765432,648,1.6784647985007435,0.6188,0.9968109374866662,0.08333330890847282,,,0.97,,0.9700176878243976,0.029982312175602432,0.9983331143308946,0.09966326942722135,5,0.001,0.1,0.9802793363770455,0.9882000531669479,0.9916159238048676,0.9934246197878941,0.9956775461597525,0.995728158167,0.9955098579944418,0.9948742141553079,0.995618950571051,0.9960394376239088,1.0,0.994367451285876
5,11,1.3094887393863262,0.6407807966235821,3791,1.6796300113201141,0.6392405063291139,632,1.6785288592116139,0.6188,0.9960780335571358,0.0832477122153356,,,0.97,,0.9700176878243976,0.029982312175602432,0.9983331143308946,0.09966326942722135,5,0.001,0.1,0.9798813996243647,0.9882517865043047,0.9914999362277209,0.9923485910446119,0.9936667061220413,0.9946467620373496,0.9946111522829527,0.9942971594811807,0.9947619188189969,0.9942528759191523,0.994367451285876,1.0
6,0,1.0293040073799251,0.6760409057706355,8214,1.5362826253092565,0.6486486486486487,1369,1.5328388008446738,0.6492,0.9899601144573756,0.08275188677430335,,,0.97,,0.9700176878243976,0.029982312175602432,0.9982986002013489,0.09961225496691706,5,0.001,0.1,1.0,0.993651884723283,0.9910684716096159,0.9892848142882,0.9864057742414183,0.9852606309043626,0.9825232976604914,0.9828456020242858,0.9818728253696044,0.9812499345060239,0.9797257657347008,0.9796850062909352
6,1,1.0633122221069429,0.672893215698205,6574,1.5383670159748621,0.6295620437956204,1096,1.531680192810278,0.6493,0.9952892421415739,0.0832399818486124,,,0.97,,0.9700176878243976,0.029982312175602432,0.9982986002013489,0.09961225496691706,5,0.001,0.1,0.993651884723283,1.0,0.9947880893249469,0.9937315589106573,0.9930485514885192,0.9905363488211066,0.9895622046447916,0.9884393630258217,0.9889357476877401,0.9887302087683086,0.9877302795247591,0.9880355787455299
6,2,1.0827061720315923,0.6778488673698773,5783,1.5190400500451364,0.6763485477178424,964,1.5316488342925,0.6492,0.9969739555145672,0.08341409760675274,,,0.97,,0.9700176878243976,0.029982312175602432,0.9982986002013489,0.09961225496691706,5,0.001,0.1,0.9910684716096159,0.9947880893249469,1.0,0.9950409425730554,0.9941213837181178,0.9930655259413952,0.9928851289787125,0.9920491384289591,0.9911879814121836,0.9914768253582467,0.9907721195181308,0.9908252576390302
6,3,1.1129681954182775,0.6743710989218838,5287,1.5153682700225286,0.659477866061294,881,1.5316435494742835,0.6493,0.997502454519941,0.08347984155889869,,,0.97,,0.9700176878243976,0.029982312175602432,0.9982986002013489,0.09961225496691706,5,0.001,0.1,0.9892848142882,0.9937315589106573,0.9950409425730554,1.0,0.9953407288462456,0.9942605977448684,0.9933813912060384,0.9925586541779114,0.9926287858309154,0.9931794727348429,0.9924775835145146,0.9916882824773797
6,4,1.1327233540627264,0.6759878419452887,4935,1.5179701309937697,0.6727493917274939,822,1.5316441657063298,0.6493,0.9976134549607816,0.08348845051152545,,,0.97,,0.9700176878243976,0.029982312175602432,0.9982986002013489,0.09961225496691706,5,0.001,0.1,0.9864057742414183,0.9930485514885192,0.9941213837181178,0.9953407288462456,1.0,0.9945034262164275,0.9941909585355461,0.9932758140004971,0.9937498569554063,0.9929792046183911,0.9944795517391716,0.992780817030675
6,5,1.1401897384695812,0.6719948575101778,4667,1.5426975679397583,0.6336760925449871,778,1.5316456674386898,0.6493,0.9975996628696796,0.08347262689492783,,,0.97,,0.9700176878243976,0.029982312175602432,0.9982986002013489,0.09961225496691706,5,0.001,0.1,0.9852606309043626,0.9905363488211066,0.9930655259413952,0.9942605977448684,0.9945034262164275,1.0,0.995208850821975,0.9948522780741373,0.9937032302699368,0.9945371714967103,0.9948193877878239,0.9939552101577631
6,6,1.146745035988944,0.6740175162811588,4453,1.5415751834710438,0.6361185983827493,742,1.5316470495809,0.6493,0.997121522090644,0.08342670530159454,,,0.97,,0.9700176878243976,0.029982312175602432,0.9982986002013489,0.09961225496691706,5,0.001,0.1,0.9825232976604914,0.9895622046447916,0.9928851289787125,0.9933813912060384,0.9941909585355461,0.995208850821975,1.0,0.9955404140483627,0.9924145517040768,0.9945513612952938,0.9943117841224132,0.9944016654309503
6,7,1.1512773387467683,0.6799158288519991,4277,1.5220974320950715,0.6451612903225806,713,1.5316550518377139,0.6493,0.9967065859362279,0.08339952660818073,,,0.97,,0.9700176878243976,0.029982312175602432,0.9982986002013489,0.09961225496691706,5,0.001,0.1,0.9828456020242858,0.9884393630258217,0.9920491384289591,0.9925586541779114,0.9932758140004971,0.9948522780741373,0.9955404140483627,1.0,0.9934255799341913,0.9945067598751338,0.9934949417175458,0.9930282501691019
6,8,1.1825132484619434,0.6653911358682489,4129,1.5461049730127507,0.6308139534883721,688,1.5316604292049956,0.6493,0.9960887207000536,0.08336671520497356,,,0.97,,0.9700176878243976,0.029982312175602432,0.9982986002013489,0.09961225496691706,5,0.001,0.1,0.9818728253696044,0.9889357476877401,0.9911879814121836,0.9926287858309154,0.9937498569554063,0.9937032302699368,0.9924145517040768,0.9934255799341913,1.0,0.9925933918560103,0.9935393506211944,0.9925801861965369
6,9,1.1803990872842924,0.6669832541864534,4001,1.5284482354209536,0.6431784107946027,667,1.5316830218409578,0.6493,0.9964843194617198,0.08335114231859084,,,0.97,,0.9700176878243976,0.029982312175602432,0.9982986002013489,0.09961225496691706,5,0.001,0.1,0.9812499345060239,0.9887302087683086,0.9914768253582467,0.9931794727348429,0.9929792046183911,0.9945371714967103,0.9945513612952938,0.9945067598751338,0.9925933918560103,1.0,0.9944749401587121,0.9930758674865198
6,10,1.1874415820739308,0.6659295448701466,3889,1.543361981709798,0.6512345679012346,648,1.5316827834223787,0.6493,0.9962818044129976,0.08333860028171107,,,0.97,,0.9700176878243976,0.029982312175602432,0.9982986002013489,0.09961225496691706,5,0.001,0.1,0.9797257657347008,0.9877302795247591,0.9907721195181308,0.9924775835145146,0.9944795517391716,0.9948193877878239,0.9943117841224132,0.9934949417175458,0.9935393506211944,0.9944749401587121,1.0,0.9930957197945973
