round,client_id,client_i_training_loss,client_i_training_accuracy,client_i_training_dataset_size,client_i_evaluation_loss,client_i_evaluation_accuracy,client_i_evaluation_dataset_size,client_i_central_evaluation_loss,client_i_central_evaluation_accuracy,client_i_cosine_similarity,client_i_importance_coefficient,client_i_tanh_val,tanh_normalization_value,client_i_q,client_i_mask_order,client_i_v_nonzero_fraction,client_i_v_sparsity,client_i_v_cosine_similarity,client_i_reward_gradient_norm,local_epochs,learning_rate,gamma,client_0_cosine_similarity,client_1_cosine_similarity,client_2_cosine_similarity,client_3_cosine_similarity,client_4_cosine_similarity,client_5_cosine_similarity,client_6_cosine_similarity,client_7_cosine_similarity,client_8_cosine_similarity,client_9_cosine_similarity,client_10_cosine_similarity,client_11_cosine_similarity
0,0,1.8776118535012123,0.4788653518383248,8214,2.2516784279845483,0.2498173849525201,1369,2.251131174282525,0.2512,0.972307858876347,0.08190097770471326,,,0.65,,0.6500178811339539,0.34998211886604613,0,0.09884350951591035,5,0.001,0.1,1.0,0.9908690621960139,0.9807902160348265,0.9729021065713382,0.9625609276307522,0.9538519388601622,0.9506455367483087,0.9429548815579061,0.938798763896426,0.9286761045022833,0.9204733197803523,0.9218248652557094
0,1,2.0420013333987264,0.4326133252205659,6574,2.2505874701908657,0.2518248175182482,1096,2.2511053519507946,0.2514,0.9894577923061655,0.08334557809814842,,,0.891872951905646,,0.8918916306627618,0.10810836933723822,0,0.09886753039046296,5,0.001,0.1,0.9908690621960139,1.0,0.9937314828896159,0.9881897150514278,0.9826514157504215,0.9770294386394529,0.9741314361629719,0.9688690933994468,0.9658492403508221,0.9579814251364129,0.950496267986332,0.9503718075161538
0,2,2.105886090789711,0.4082656060868062,5783,2.2492737539352907,0.26556016597510373,964,2.2511050647820907,0.2514,0.9945723971869668,0.08377639960852377,,,0.9640064435843687,,0.9640202588414958,0.03597974115850422,0,0.09886788419686977,5,0.001,0.1,0.9807902160348265,0.9937314828896159,1.0,0.9912631167963686,0.9911893323091263,0.9835637266592203,0.9842775609989758,0.9789999536646985,0.9763544976886871,0.9718698805591587,0.9652972740267521,0.9654742941867719
0,3,2.12688821783985,0.3678078305277095,5287,2.2537107467651367,0.2395005675368899,881,2.251105003844435,0.2514,0.9953931696202089,0.08384553621391262,,,0.9755821533142905,,0.9755995012613449,0.02440049873865513,0,0.09886788779456,5,0.001,0.1,0.9729021065713382,0.9881897150514278,0.9912631167963686,1.0,0.9898977817087896,0.9904402137321666,0.9868084105765447,0.9877868850188719,0.9831125359318743,0.9754732967939878,0.9703864275320487,0.9701072567215095
0,4,2.157176597502924,0.3699696048632219,4935,2.251336702933678,0.2542579075425791,822,2.251104993180345,0.2514,0.9971245101400508,0.08399137323458496,,,0.9999999998325676,,1.0,0.0,0,0.09886788932820692,5,0.001,0.1,0.9625609276307522,0.9826514157504215,0.9911893323091263,0.9898977817087896,1.0,0.9905564108733023,0.9934024587589002,0.9910545900517069,0.9899179570993223,0.9882741423136056,0.9835487585248456,0.9842598961959351
0,5,2.1683236141727393,0.32367688022284125,4667,2.2530917835235598,0.2377892030848329,778,2.251105066305532,0.2514,0.994195396960751,0.08374464352752525,,,0.9586894458270843,,0.9587090787833097,0.04129092121669031,0,0.09886788179558116,5,0.001,0.1,0.9538519388601622,0.9770294386394529,0.9835637266592203,0.9904402137321666,0.9905564108733023,1.0,0.9905197760420207,0.9920050362055518,0.9907275052930278,0.9855092713011766,0.983570412849728,0.9829162458918683
0,6,2.174049209356308,0.3262519649674377,4453,2.250045746564865,0.25471698113207547,742,2.2511050678289735,0.2514,0.994186279890293,0.08374387556398624,,,0.9585608638268435,,0.9585785948328356,0.041421405167164416,0,0.09886788176753106,5,0.001,0.1,0.9506455367483087,0.9741314361629719,0.9842775609989758,0.9868084105765447,0.9934024587589002,0.9905197760420207,1.0,0.9926508286125977,0.9942192229025668,0.989239405944923,0.9828687684681782,0.9878041013965723
0,7,2.1812661051750184,0.3323825111059154,4277,2.2490795591603154,0.24403927068723702,713,2.251105072399298,0.2514,0.9924200715302237,0.08359510150009347,,,0.9336512610299239,,0.9336706585090034,0.06632934149099656,0,0.09886784694632277,5,0.001,0.1,0.9429548815579061,0.9688690933994468,0.9789999536646985,0.9877868850188719,0.9910545900517069,0.9920050362055518,0.9926508286125977,1.0,0.994022840258247,0.9925780311008999,0.9856504531960528,0.9880477429342222
0,8,2.1880685030497036,0.32022281424073623,4129,2.254154541275718,0.23982558139534885,688,2.251105130290071,0.2514,0.991027293993894,0.08347778285362857,,,0.9140083151585306,,0.9140255748542929,0.08597442514570708,0,0.0988677919069136,5,0.001,0.1,0.938798763896426,0.9658492403508221,0.9763544976886871,0.9831125359318743,0.9899179570993223,0.9907275052930278,0.9942192229025668,0.994022840258247,1.0,0.991640955403484,0.9877896733936992,0.991288080979568
0,9,2.2003480547950383,0.31942014496375903,4001,2.2469017392113093,0.27136431784107945,667,2.251105816600422,0.2513,0.9866761226323273,0.08311126808629458,,,0.8526418576281692,,0.8526594562202182,0.14734054377978179,0,0.09886694534058706,5,0.001,0.1,0.9286761045022833,0.9579814251364129,0.9718698805591587,0.9754732967939878,0.9882741423136056,0.9855092713011766,0.989239405944923,0.9925780311008999,0.991640955403484,1.0,0.9882629323628822,0.9921134088465192
0,10,2.204898024973322,0.34857289791720236,3889,2.252039761770339,0.25462962962962965,648,2.251108650201426,0.2514,0.981593355490252,0.08268312838282409,,,0.7809573873919613,,0.780970607281971,0.21902939271802901,0,0.09886400134417456,5,0.001,0.1,0.9204733197803523,0.950496267986332,0.9652972740267521,0.9703864275320487,0.9835487585248456,0.983570412849728,0.9828687684681782,0.9856504531960528,0.9877896733936992,0.9882629323628822,1.0,0.9888313961620028
0,11,2.2055050910020073,0.28921128989712475,3791,2.248366415500641,0.25158227848101267,632,2.2511082144971852,0.2514,0.9827948577374911,0.08278433522576477,,,0.7979026948737791,,0.7979190226268835,0.20208097737311648,0,0.09886493893501465,5,0.001,0.1,0.9218248652557094,0.9503718075161538,0.9654742941867719,0.9701072567215095,0.9842598961959351,0.9829162458918683,0.9878041013965723,0.9880477429342222,0.991288080979568,0.9921134088465192,0.9888313961620028,1.0
1,0,1.6077965109728654,0.5629656683710738,8214,2.1864578945692195,0.32067202337472606,1369,2.1868238510034335,0.3267,0.9855779755962188,0.08212520888640285,,,0.65,,0.6500178811339539,0.34998211886604613,0.9716864312281499,0.09955431859701318,5,0.001,0.1,1.0,0.9952241694679812,0.9915249950680438,0.9880345729883031,0.9855136931042744,0.9807976926169373,0.9792864682812087,0.977598536145882,0.9759854173153523,0.9699159387181481,0.9657008051193872,0.9673892799798925
1,1,1.7736019216694878,0.5302099178582294,6574,2.1847120898110526,0.33394160583941607,1096,2.186769124418021,0.3269,0.9943079584547876,0.08329414297328669,,,0.8893972255946749,,0.8894172683426605,0.11058273165733945,0.9718700687301468,0.09957739010114253,5,0.001,0.1,0.9952241694679812,1.0,0.9974576929132415,0.9957681312856642,0.9936533216281488,0.9915713693041667,0.9895283170589343,0.9886784005391713,0.9874871363668113,0.982792200016357,0.9791937213575523,0.979771159335856
1,2,1.8569618455612857,0.5098045996887429,5783,2.183008578515822,0.3495850622406639,964,2.1867683109003133,0.3268,0.9973502202455742,0.08365692869153041,,,0.9636955931480098,,0.9637109635514831,0.03628903644851689,0.9718755161593866,0.09957770027765869,5,0.001,0.1,0.9915249950680438,0.9974576929132415,1.0,0.9971638234466376,0.9969339367363882,0.9949385604277111,0.9939349793235452,0.9932519620889565,0.9920617386343858,0.9880242746238579,0.9861800708402187,0.985943843685627
1,3,1.8922553214682154,0.5020994893134102,5287,2.1895771537508284,0.31101021566401815,881,2.1867683086151515,0.3268,0.9979685899189262,0.08371935276158511,,,0.9764800173076833,,0.9764935579590377,0.023506442040962305,0.9718751044117697,0.09957770666957777,5,0.001,0.1,0.9880345729883031,0.9957681312856642,0.9971638234466376,1.0,0.9967592216636187,0.9965300044129147,0.99492291546134,0.9950302013103985,0.9944169373428434,0.990235387566806,0.9879496636215144,0.9879438846271852
1,4,1.9362754606431531,0.49463019250253293,4935,2.1881451790149393,0.31630170316301703,822,2.186768337560538,0.3268,0.998751994998117,0.08383419665413347,,,0.9999999997952004,,1.0,0.0,0.9718750627647538,0.09957770923986367,5,0.001,0.1,0.9855136931042744,0.9936533216281488,0.9969339367363882,0.9967592216636187,1.0,0.9959930217339035,0.996573728747132,0.9966145989815901,0.9954323455525151,0.9933876784251836,0.9914103125848442,0.9918454632071819
1,5,1.9680502393474317,0.4722519820012856,4667,2.1903501033782957,0.3097686375321337,778,2.1867683002362237,0.3268,0.9979227626773589,0.0836559327606376,,,0.9634916269062017,,0.9635079885174124,0.03649201148258763,0.9718755884548411,0.09957770022825842,5,0.001,0.1,0.9807976926169373,0.9915713693041667,0.9949385604277111,0.9965300044129147,0.9959930217339035,1.0,0.9955012647825989,0.9962260818105544,0.9956278998352365,0.9924431018143886,0.9926695335807454,0.9918667663706752
1,6,1.9812844465460095,0.460229059061307,4453,2.1857099533081055,0.3490566037735849,742,2.1867683116620342,0.3268,0.9980425926935791,0.08365933314726168,,,0.9641880247038948,,0.9642039029199408,0.03579609708005915,0.9718755556968723,0.09957770038459893,5,0.001,0.1,0.9792864682812087,0.9895283170589343,0.9939349793235452,0.99492291546134,0.996573728747132,0.9955012647825989,1.0,0.9974100711321038,0.9975507604234203,0.9952741512969185,0.99139606376371,0.9942094471725527
1,7,1.9944799880483257,0.46612111292962355,4277,2.1848815835040547,0.3127629733520337,713,2.186768430490463,0.3268,0.9983167161759953,0.08357685616078213,,,0.947296771415825,,0.9473231459197186,0.05267685408028144,0.9718750750455064,0.09957767815861551,5,0.001,0.1,0.977598536145882,0.9886784005391713,0.9932519620889565,0.9950302013103985,0.9966145989815901,0.9962260818105544,0.9974100711321038,1.0,0.9977535546474567,0.9967248261604423,0.9941724658920192,0.9954109592236322
1,8,2.011960229140062,0.46020828287721,4129,2.1893099438060415,0.30959302325581395,688,2.186768634631611,0.3268,0.9976856080620559,0.08348444094540149,,,0.9283701728906351,,0.9283836421453494,0.07161635785465059,0.9718742090432072,0.09957761986545878,5,0.001,0.1,0.9759854173153523,0.9874871363668113,0.9920617386343858,0.9944169373428434,0.9954323455525151,0.9956278998352365,0.9975507604234203,0.9977535546474567,1.0,0.9963092288473704,0.9931179928448763,0.9955763883966834
1,9,2.0359333749801394,0.4653336665833542,4001,2.1825417336963473,0.3538230884557721,667,2.1867698366268753,0.3269,0.9954858220046267,0.08318835531566662,,,0.8677319563373506,,0.8677472670861484,0.13225273291385164,0.97186790240082,0.09957711218949464,5,0.001,0.1,0.9699159387181481,0.982792200016357,0.9880242746238579,0.990235387566806,0.9933876784251836,0.9924431018143886,0.9952741512969185,0.9967248261604423,0.9963092288473704,1.0,0.9938473838744134,0.9960944523811032
1,10,2.038858410178638,0.4751864232450501,3889,2.1876012711297896,0.3256172839506173,648,2.1867774134626785,0.3268,0.9933805420858937,0.08285749097961724,,,0.7999710748751632,,0.7999874348788433,0.20001256512115673,0.9718305003448147,0.09957499674785521,5,0.001,0.1,0.9657008051193872,0.9791937213575523,0.9861800708402187,0.9879496636215144,0.9914103125848442,0.9926695335807454,0.99139606376371,0.9941724658920192,0.9931179928448763,0.9938473838744134,1.0,0.9942726279260793
1,11,2.0497744221647247,0.445317858084938,3791,2.185380446910858,0.33069620253164556,632,2.1867740337079327,0.3269,0.9942513741849863,0.08294776072369478,,,0.8184582817500292,,0.8184774939349126,0.18152250606508735,0.9718521891501435,0.09957604317897073,5,0.001,0.1,0.9673892799798925,0.979771159335856,0.985943843685627,0.9879438846271852,0.9918454632071819,0.9918667663706752,0.9942094471725527,0.9954109592236322,0.9955763883966834,0.9960944523811032,0.9942726279260793,1.0
2,0,1.426218234936087,0.613026540053567,8214,2.1011463043301606,0.4864864864864865,1369,2.1026731718081635,0.4967,0.9893666396080831,0.08234689390813041,,,0.65,,0.6500178811339539,0.34998211886604613,0.9918017675699778,0.09966965541761104,5,0.001,0.1,1.0,0.9956621992015967,0.9934425817482012,0.990213487587424,0.9896065655093732,0.9851621039661146,0.9853741972534104,0.9836484488353904,0.9819196989614778,0.9790878036718735,0.9747381509463385,0.9776100367109831
2,1,1.5699656349362678,0.5910860967447521,6574,2.0984714099339077,0.5082116788321168,1096,2.102560878942569,0.4966,0.9958313823266125,0.08327296873241374,,,0.8884832828138407,,0.8885038806893418,0.11149611931065817,0.9919815942394801,0.09969647672663148,5,0.001,0.1,0.9956621992015967,1.0,0.9976472633872631,0.9963754134232432,0.9953703826576819,0.9935614974212599,0.9926488446391538,0.9918279784770668,0.9907384217240431,0.9881869978496823,0.9847761733155304,0.9868867777945947
2,2,1.6474983256824767,0.5728168770534324,5783,2.096253264334894,0.5186721991701245,964,2.1025603472615204,0.4965,0.9982123520560456,0.08357247968094042,,,0.9656135020686463,,0.965629560897343,0.034370439102657024,0.9919864103254763,0.09969696568169052,5,0.001,0.1,0.9934425817482012,0.9976472633872631,1.0,0.9979085545843939,0.9976369979533439,0.9960186927582045,0.995713049854521,0.9953281499817712,0.9944979011836338,0.9923485196168356,0.9901272758525212,0.9914552611550894
2,3,1.677177719251219,0.579950822772839,5287,2.1058991125651767,0.49148694665153236,881,2.1025604660899493,0.4965,0.998749387119465,0.08362812888222944,,,0.9799443140736521,,0.9799634644938673,0.020036535506132713,0.9919865809448413,0.09969697161513842,5,0.001,0.1,0.990213487587424,0.9963754134232432,0.9979085545843939,1.0,0.997801482745718,0.9974203726408944,0.996775337604443,0.9967609858405869,0.9964412321714486,0.9939311660542682,0.9917374706511849,0.9931361018154259
2,4,1.72154507729315,0.5629584599797366,4935,2.10534930229187,0.47566909975669097,822,2.10256053235965,0.4965,0.9989787866115408,0.08370600882988237,,,0.9999999997424794,,1.0,0.0,0.991986741208249,0.09969697246843184,5,0.001,0.1,0.9896065655093732,0.9953703826576819,0.9976369979533439,0.997801482745718,1.0,0.996992300285152,0.9972814038362987,0.9972413952986315,0.9963118000899829,0.9950440318397228,0.9934006179882243,0.9945643819155384
2,5,1.7572915782667187,0.5556888793657596,4667,2.108242654800415,0.4820051413881748,778,2.1025603152692507,0.4965,0.9984505808932985,0.08357956241901102,,,0.9674374525552536,,0.9674515034650738,0.0325484965349262,0.9919864373310576,0.09969696593096819,5,0.001,0.1,0.9851621039661146,0.9935614974212599,0.9960186927582045,0.9974203726408944,0.996992300285152,1.0,0.9968424094683477,0.996974741758309,0.9970683353755304,0.9948261512184328,0.9947470805286508,0.9952793544135974
2,6,1.7737908938952855,0.5484392544352122,4453,2.101372182369232,0.5026954177897575,742,2.102560309175485,0.4965,0.9983439230741894,0.08357820435181867,,,0.9670877223673477,,0.9671035462638096,0.032896453736190434,0.9919864394891664,0.0996969658942171,5,0.001,0.1,0.9853741972534104,0.9926488446391538,0.995713049854521,0.996775337604443,0.9972814038362987,0.9968424094683477,1.0,0.9975209553958261,0.996991892612067,0.9954735266985695,0.9932893562761612,0.9957043157114299
2,7,1.78593600614747,0.5554360533083937,4277,2.1009849776392397,0.48246844319775595,713,2.10256040134369,0.4965,0.9987073823486189,0.08353933262798295,,,0.9570774553069616,,0.9570997767274625,0.04290022327253751,0.9919862618720856,0.09969693780101738,5,0.001,0.1,0.9836484488353904,0.9918279784770668,0.9953281499817712,0.9967609858405869,0.9972413952986315,0.996974741758309,0.9975209553958261,1.0,0.9981739360719051,0.9978022100298586,0.9954454925057797,0.9972389483592681
2,8,1.8003163732932164,0.5561152821506418,4129,2.104658007621765,0.5,688,2.1025608499971824,0.4965,0.9981828135104335,0.08346568268163704,,,0.9381110818314391,,0.9381361092585612,0.06186389074143883,0.991985951171483,0.09969688796512335,5,0.001,0.1,0.9819196989614778,0.9907384217240431,0.9944979011836338,0.9964412321714486,0.9963118000899829,0.9970683353755304,0.996991892612067,0.9981739360719051,1.0,0.9966642787773697,0.9958272109405192,0.9970405153507612
2,9,1.837557240800252,0.5475131217195701,4001,2.09785905338469,0.52023988005997,667,2.1025622081451902,0.4966,0.9968587289025603,0.08324123395244466,,,0.8803109253455788,,0.8803268864596321,0.11967311354036791,0.991976954343867,0.09969639418001117,5,0.001,0.1,0.9790878036718735,0.9881869978496823,0.9923485196168356,0.9939311660542682,0.9950440318397228,0.9948261512184328,0.9954735266985695,0.9978022100298586,0.9966642787773697,1.0,0.9953583401861126,0.9971219251390304
2,10,1.8406999324188857,0.5451787091797378,3889,2.102825391860235,0.4876543209876543,648,2.1025728067270104,0.4967,0.9952010036587746,0.08298466879558934,,,0.814240129273722,,0.814273011086303,0.185726988913697,0.9919677318000538,0.0996948754763346,5,0.001,0.1,0.9747381509463385,0.9847761733155304,0.9901272758525212,0.9917374706511849,0.9934006179882243,0.9947470805286508,0.9932893562761612,0.9954454925057797,0.9958272109405192,0.9953583401861126,1.0,0.9965624565855146
2,11,1.8579771037863082,0.5435505143761541,3791,2.1031996607780457,0.5063291139240507,632,2.102567227122883,0.4967,0.996587376092741,0.08308483513791984,,,0.8400350191897911,,0.8400508404132958,0.1599491595867042,0.991971318964681,0.09969557809212937,5,0.001,0.1,0.9776100367109831,0.9868867777945947,0.9914552611550894,0.9931361018154259,0.9945643819155384,0.9952793544135974,0.9957043157114299,0.9972389483592681,0.9970405153507612,0.9971219251390304,0.9965624565855146,1.0
3,0,1.2973989842930655,0.6422205989773557,8214,1.997324785520864,0.5675675675675675,1369,2.0002849155340714,0.5712,0.9903098499705251,0.08250336308425353,,,0.65,,0.6500178811339539,0.34998211886604613,0.9970520239728983,0.09969635521647172,5,0.001,0.1,1.0,0.9957452658761193,0.993903475471018,0.9905036117782098,0.9902353297100133,0.9862538976380335,0.9865175518082149,0.9851613155882047,0.9836401121354661,0.9819685977227037,0.9775680229471535,0.9799482361258448
3,1,1.4198815243915446,0.6235777304533009,6574,1.9934314557484218,0.583029197080292,1096,2.0001045575918863,0.5712,0.9964526263759205,0.08326992167151215,,,0.8919300119355293,,0.8919496235296391,0.10805037647036086,0.9971330060496586,0.099727261873505,5,0.001,0.1,0.9957452658761193,1.0,0.9978276888707952,0.9963503890142005,0.9955120803559139,0.994130560805907,0.9935482344845173,0.9929888243965193,0.9921968084294267,0.990658814934863,0.9871884134359643,0.9887073677529877
3,2,1.4882893997002702,0.605879301400657,5783,1.9908882687168736,0.5923236514522822,964,2.000104499701113,0.5712,0.9982358873241829,0.08351127255581041,,,0.9681016487672873,,0.9681184214341636,0.0318815785658364,0.9971373049908554,0.09972789903810671,5,0.001,0.1,0.993903475471018,0.9978276888707952,1.0,0.9976280639719131,0.9973863544446846,0.9961616491469032,0.995992827210753,0.9954451379474774,0.9947264408778883,0.9935177421776993,0.9913430081386954,0.9922282234892896
3,3,1.5101570221314948,0.6212218649517685,5287,2.0038244213376726,0.5879682179341658,881,2.0001047179340934,0.5712,0.9988271558355919,0.08356450958081806,,,0.9849035401159609,,0.9849218546118828,0.015078145388117248,0.9971372898189286,0.09972791071544188,5,0.001,0.1,0.9905036117782098,0.9963503890142005,0.9976280639719131,1.0,0.9976202866913432,0.9974063712056322,0.9971122992379308,0.997009078552778,0.9968056033787658,0.9954149433465425,0.9931547817727422,0.9941885416634348
3,4,1.548623332285112,0.6040121580547112,4935,2.004626535452329,0.5462287104622872,822,2.0001047506880836,0.5712,0.9988287030214932,0.08361234292165412,,,0.9999999996843947,,1.0,0.0,0.9971373802090604,0.09972791450166857,5,0.001,0.1,0.9902353297100133,0.9955120803559139,0.9973863544446846,0.9976202866913432,1.0,0.9968128427789753,0.9973543910727217,0.9970992576438167,0.9961876938681149,0.9960055615319903,0.9939027836575409,0.9950988890281761
3,5,1.583195177414646,0.6109277908720806,4667,2.008485417366028,0.5539845758354756,778,2.0001045678751157,0.5712,0.9985473655082514,0.08352567649733439,,,0.9726476101624593,,0.972666028745131,0.027333971254869027,0.9971372213066685,0.09972790487333581,5,0.001,0.1,0.9862538976380335,0.994130560805907,0.9961616491469032,0.9974063712056322,0.9968128427789753,1.0,0.9970853656347942,0.9971122134004222,0.9975263311838584,0.9961812794956156,0.9955569856594674,0.9955892964846496
3,6,1.5962786903551647,0.6028295531102628,4453,1.9986551652352016,0.555256064690027,742,2.0001045625430707,0.5712,0.9985440185685318,0.08352473517278149,,,0.9723505230720473,,0.9723712316718377,0.0276287683281623,0.9971372230485365,0.09972790485134815,5,0.001,0.1,0.9865175518082149,0.9935482344845173,0.995992827210753,0.9971122992379308,0.9973543910727217,0.9970853656347942,1.0,0.9975539592572827,0.9973551072327277,0.9966655612002382,0.9943673189024288,0.9962225986327738
3,7,1.607886808843755,0.6028057049333645,4277,1.999141433964605,0.5638148667601683,713,2.0001045435000533,0.5712,0.9986787269987034,0.08350523538955353,,,0.9661962866346838,,0.9662143223050231,0.03378567769497687,0.9971369782527235,0.09972789876156218,5,0.001,0.1,0.9851613155882047,0.9929888243965193,0.9954451379474774,0.997009078552778,0.9970992576438167,0.9971122134004222,0.9975539592572827,1.0,0.9981478886974658,0.9979634351812484,0.9957530005584764,0.9971496243066379
3,8,1.6239117253743685,0.6051344151126181,4129,2.0019725506955925,0.5625,688,2.000105243140516,0.5712,0.9983107845712901,0.08344816566584624,,,0.9481847749679286,,0.9482075371395985,0.05179246286040151,0.9971360981260827,0.09972785844254942,5,0.001,0.1,0.9836401121354661,0.9921968084294267,0.9947264408778883,0.9968056033787658,0.9961876938681149,0.9975263311838584,0.9973551072327277,0.9981478886974658,1.0,0.9971898955703187,0.996110609343416,0.9970836694494507
3,9,1.662016364884755,0.5905023744063984,4001,1.9946184669222151,0.5832083958020989,667,2.000106718593512,0.5713,0.9976815902543126,0.08329013668611271,,,0.898309979239895,,0.8983240061472438,0.10167599385275616,0.9971324767652977,0.09972735635481514,5,0.001,0.1,0.9819685977227037,0.990658814934863,0.9935177421776993,0.9954149433465425,0.9960055615319903,0.9961812794956156,0.9966655612002382,0.9979634351812484,0.9971898955703187,1.0,0.9962586256585003,0.9976204622760414
3,10,1.66429405700965,0.5904345590125997,3889,1.9994528463908605,0.5756172839506173,648,2.0001210541770864,0.5713,0.9958803117386981,0.08307455344094855,,,0.8302707478718314,,0.8302887078222712,0.16971129217772885,0.9971230886301141,0.09972579291092673,5,0.001,0.1,0.9775680229471535,0.9871884134359643,0.9913430081386954,0.9931547817727422,0.9939027836575409,0.9955569856594674,0.9943673189024288,0.9957530005584764,0.996110609343416,0.9962586256585003,1.0,0.9966783601056617
3,11,1.6795543310021153,0.5905565813769454,3791,2.0035970330238344,0.5743670886075949,632,2.0001140170203993,0.5714,0.9969355715015741,0.08317008733337493,,,0.8604217580087299,,0.8604401658595993,0.13955983414040074,0.9971242699094679,0.09972657867675104,5,0.001,0.1,0.9799482361258448,0.9887073677529877,0.9922282234892896,0.9941885416634348,0.9950988890281761,0.9955892964846496,0.9962225986327738,0.9971496243066379,0.9970836694494507,0.9976204622760414,0.9966783601056617,1.0
4,0,1.198027169889977,0.6565863160457756,8214,1.8778092306713725,0.6062819576333089,1369,1.882243269167769,0.6053,0.9904330633228939,0.08260577788423416,,,1.0,,1.0,0.0,0.9977848177495835,0.09972010039320543,5,0.001,0.1,1.0,0.9952534763625395,0.9937910844381233,0.9899643412866679,0.9900984107649695,0.9862472267685123,0.9864652818377095,0.9852701259326199,0.9832475119813237,0.9825386632480291,0.9784150795264104,0.9807119201441409
4,1,1.3037200474623338,0.6439306358381502,6574,1.8722707339695521,0.6277372262773723,1096,1.8820234845621517,0.6054,0.9964675607166227,0.08327098803740106,,,1.0,,1.0,0.0,0.9981391046092823,0.09972010039320543,5,0.001,0.1,0.9952534763625395,1.0,0.9973949552266904,0.9958813833773844,0.9953501717473946,0.9939594054304848,0.9934516104025588,0.9930398140858644,0.991664468020082,0.9910242199789029,0.9878233287809046,0.9892751325005256
4,2,1.3630663819734563,0.6278056372125195,5783,1.8694600059140114,0.6109958506224067,964,1.8820233550696328,0.6054,0.998026977103058,0.0834694321264569,,,1.0,,1.0,0.0,0.9981476972308452,0.09972010039320543,5,0.001,0.1,0.9937910844381233,0.9973949552266904,1.0,0.9970515896291009,0.9970375204775004,0.9958972854559796,0.9956301314832133,0.9950993300692749,0.9940478434640816,0.9931132089019898,0.9914323678381203,0.9922533775378808
4,3,1.377752788526466,0.6423680726309816,5287,1.8859046953065055,0.6174801362088536,881,1.882023593488212,0.6054,0.9986080525939698,0.08352086151683202,,,1.0,,1.0,0.0,0.9981479698115223,0.09972010039320543,5,0.001,0.1,0.9899643412866679,0.9958813833773844,0.9970515896291009,1.0,0.9971749055157941,0.997111821931534,0.9967684285174584,0.9967281037061408,0.9962465098872701,0.9949709272736706,0.9934160292614828,0.9943458490473022
4,4,1.409622748667194,0.6261398176291794,4935,1.8883928198080797,0.5936739659367397,822,1.8820236414766158,0.6054,0.998666377555226,0.08355209410867112,,,1.0,,1.0,0.0,0.9981480075368533,0.09972010039320543,5,0.001,0.1,0.9900984107649695,0.9953501717473946,0.9970375204775004,0.9971749055157941,1.0,0.996736333770384,0.996928308627697,0.9967555420507553,0.9958744103984127,0.9954741778972686,0.9940045254974552,0.9949270454325929
4,5,1.4415982925728577,0.6341975573173345,4667,1.8938275051116944,0.5886889460154242,778,1.8820234354311667,0.6054,0.9984656576788448,0.08349243632785784,,,1.0,,1.0,0.0,0.9981478681600461,0.09972010039320543,5,0.001,0.1,0.9862472267685123,0.9939594054304848,0.9958972854559796,0.997111821931534,0.996736333770384,1.0,0.9970807779238796,0.9966899885371211,0.9969596968019044,0.9957858480981917,0.9957100702256771,0.9957529544912114
4,6,1.4509459624971661,0.629418369638446,4453,1.8805397649606068,0.5902964959568733,742,1.8820234346694458,0.6054,0.9984350890303377,0.08349087160157392,,,1.0,,1.0,0.0,0.9981478679968699,0.09972010039320543,5,0.001,0.1,0.9864652818377095,0.9934516104025588,0.9956301314832133,0.9967684285174584,0.996928308627697,0.9970807779238796,1.0,0.9972221085109969,0.9971265494157218,0.9961783411496542,0.9945457444906431,0.9961671007267006
4,7,1.4589296022457863,0.6300210427870002,4277,1.8819178187328836,0.5820476858345021,713,1.8820234274330991,0.6054,0.9985138488031964,0.08348145052385723,,,1.0,,1.0,0.0,0.9981476936110744,0.09972010039320543,5,0.001,0.1,0.9852701259326199,0.9930398140858644,0.9950993300692749,0.9967281037061408,0.9967555420507553,0.9966899885371211,0.9972221085109969,1.0,0.9977529613632673,0.9973801526203391,0.995606950238522,0.9969575409988647
4,8,1.4716466390398832,0.6302736740130782,4129,1.883603117682717,0.6061046511627907,688,1.882024047473749,0.6054,0.9980902572200461,0.0834327551565153,,,1.0,,1.0,0.0,0.9981475962533574,0.09972010039320543,5,0.001,0.1,0.9832475119813237,0.991664468020082,0.9940478434640816,0.9962465098872701,0.9958744103984127,0.9969596968019044,0.9971265494157218,0.9977529613632673,1.0,0.9968546929479203,0.9964310361651711,0.9972173375437562
4,9,1.5090883745087518,0.6145963509122719,4001,1.8757133938017345,0.6251874062968515,667,1.8820260747933921,0.6054,0.997469684261867,0.0833157530859175,,,1.0,,1.0,0.0,0.998140539889782,0.09972010039320543,5,0.001,0.1,0.9825386632480291,0.9910242199789029,0.9931132089019898,0.9949709272736706,0.9954741778972686,0.9957858480981917,0.9961783411496542,0.9973801526203391,0.9968546929479203,1.0,0.9955953758747794,0.9970894813446408
4,10,1.5137358059648607,0.6147081511956801,3889,1.8797277836572557,0.6080246913580247,648,1.8820431476203017,0.6053,0.9960824196662516,0.08313867856650224,,,1.0,,1.0,0.0,0.9981223015829266,0.09972010039320543,5,0.001,0.1,0.9784150795264104,0.9878233287809046,0.9914323678381203,0.9934160292614828,0.9940045254974552,0.9957100702256771,0.9945457444906431,0.995606950238522,0.9964310361651711,0.9955953758747794,1.0,0.9964115521742126
4,11,1.5255646003394567,0.616196254286468,3791,1.8889453768730164,0.5965189873417721,632,1.8820345881647957,0.6053,0.9970611344555022,0.08322890106418061,,,1.0,,1.0,0.0,0.9981317363806146,0.09972010039320543,5,0.001,0.1,0.9807119201441409,0.9892751325005256,0.9922533775378808,0.9943458490473022,0.9949270454325929,0.9957529544912114,0.9961671007267006,0.9969575409988647,0.9972173375437562,0.9970894813446408,0.9964115521742126,1.0
5,0,1.1183354975184578,0.6716581446311176,8214,1.746494545493015,0.6406135865595325,1369,1.7524664577203817,0.6351,0.9903943521184845,0.08267547241425764,,,1.0,,1.0,0.0,0.998484656893532,0.0996946728308954,5,0.001,0.1,1.0,0.9946174516482574,0.9933567080713029,0.989538489653314,0.9896976105674403,0.9860800875948417,0.9859998753380073,0.9849441455946248,0.9826913675151565,0.9828783204259628,0.9781244433654865,0.9805951352856749
5,1,1.2096943514439666,0.6588682689382416,6574,1.7389682974134173,0.6596715328467153,1096,1.7522077823218447,0.6352,0.9961649103216903,0.08327003309184519,,,1.0,,1.0,0.0,0.998484656893532,0.0996946728308954,5,0.001,0.1,0.9946174516482574,1.0,0.996746773001515,0.9952086322649599,0.9944743156476488,0.9934698225806563,0.9927975055838237,0.9923543614127798,0.9908311098231781,0.991067353212878,0.9872057713211619,0.9886952542794601
5,2,1.2611148069576663,0.644371433512018,5783,1.7362846366820797,0.6317427385892116,964,1.7522072601623047,0.6352,0.9978145158991377,0.08344508052124888,,,1.0,,1.0,0.0,0.998484656893532,0.0996946728308954,5,0.001,0.1,0.9933567080713029,0.996746773001515,1.0,0.9965655183622631,0.996339673701568,0.995305282220546,0.9951023298474759,0.994636568362855,0.9934837969413772,0.9927672847488817,0.9909515027055457,0.9919191004587741
5,3,1.2715243839355836,0.6597314166824286,5287,1.7556911196027483,0.6515323496027242,881,1.7522074513542005,0.6352,0.998414783519014,0.08349602557078482,,,1.0,,1.0,0.0,0.998484656893532,0.0996946728308954,5,0.001,0.1,0.989538489653314,0.9952086322649599,0.9965655183622631,1.0,0.9966163835749029,0.9965715505926517,0.9961854863036413,0.9961127943667373,0.9956700474256752,0.9946369846839926,0.9932112162904947,0.9939999036538063
5,4,1.2963875254507988,0.6448632218844985,4935,1.7607749104499817,0.6301703163017032,822,1.7522074989617442,0.6352,0.9982740994928035,0.08351064725040967,,,1.0,,1.0,0.0,0.998484656893532,0.0996946728308954,5,0.001,0.1,0.9896976105674403,0.9944743156476488,0.996339673701568,0.9966163835749029,1.0,0.9959809014142509,0.9962974003296736,0.9960968125231927,0.995103668949946,0.9947037409886194,0.9931593152794546,0.9941657923957425
5,5,1.3254121590967047,0.6486822369830726,4667,1.7679645347595214,0.6118251928020566,778,1.752207313863614,0.6352,0.9982126324440169,0.08347205428706739,,,1.0,,1.0,0.0,0.998484656893532,0.0996946728308954,5,0.001,0.1,0.9860800875948417,0.9934698225806563,0.995305282220546,0.9965715505926517,0.9959809014142509,1.0,0.9964758452162761,0.9960901683131842,0.9960810605212239,0.9952862559270703,0.9952557448074311,0.9952808014447296
5,6,1.3294013498510633,0.645946552885695,4453,1.7508499523003895,0.628032345013477,742,1.752207303961245,0.6352,0.9981631801813773,0.08346949699818154,,,1.0,,1.0,0.0,0.998484656893532,0.0996946728308954,5,0.001,0.1,0.9859998753380073,0.9927975055838237,0.9951023298474759,0.9961854863036413,0.9962974003296736,0.9964758452162761,1.0,0.9966502670112157,0.9964232250846906,0.9955999198828193,0.99407360141268,0.9956760781236693
5,7,1.3366848213459128,0.6505494505494506,4277,1.753176932749541,0.603085553997195,713,1.7522073241468437,0.6352,0.9982518576832119,0.08346657989885861,,,1.0,,1.0,0.0,0.998484656893532,0.0996946728308954,5,0.001,0.1,0.9849441455946248,0.9923543614127798,0.994636568362855,0.9961127943667373,0.9960968125231927,0.9960901683131842,0.9966502670112157,1.0,0.9971549441042231,0.996764674037776,0.9951434720662429,0.9963899915402872
5,8,1.3450781165636503,0.6450956648098813,4129,1.753575330430811,0.6395348837209303,688,1.7522079072440395,0.6352,0.9977250493863717,0.08341968499337978,,,1.0,,1.0,0.0,0.998484656893532,0.0996946728308954,5,0.001,0.1,0.9826913675151565,0.9908311098231781,0.9934837969413772,0.9956700474256752,0.995103668949946,0.9960810605212239,0.9964232250846906,0.9971549441042231,1.0,0.9957615284578885,0.9959122989400258,0.9969117785402553
5,9,1.3903690975809855,0.6330417395651087,4001,1.7451095581054688,0.6506746626686657,667,1.7522106223974745,0.6352,0.9971859094003738,0.08333047677736313,,,1.0,,1.0,0.0,0.998484656893532,0.0996946728308954,5,0.001,0.1,0.9828783204259628,0.991067353212878,0.9927672847488817,0.9946369846839926,0.9947037409886194,0.9952862559270703,0.9955999198828193,0.996764674037776,0.9957615284578885,1.0,0.9942957122582327,0.9958240596075006
5,10,1.3873903313621145,0.6294677294934431,3889,1.7476105122339158,0.6358024691358025,648,1.7522304987374204,0.6354,0.9958348673784101,0.08317818485989839,,,1.0,,1.0,0.0,0.998484656893532,0.0996946728308954,5,0.001,0.1,0.9781244433654865,0.9872057713211619,0.9909515027055457,0.9932112162904947,0.9931593152794546,0.9952557448074311,0.99407360141268,0.9951434720662429,0.9959122989400258,0.9942957122582327,1.0,0.9960736658310378
5,11,1.3942773690744608,0.6342917436032709,3791,1.762813574075699,0.6218354430379747,632,1.7522203331938186,0.6353,0.9968478388138744,0.08326626333670498,,,1.0,,1.0,0.0,0.998484656893532,0.0996946728308954,5,0.001,0.1,0.9805951352856749,0.9886952542794601,0.9919191004587741,0.9939999036538063,0.9941657923957425,0.9952808014447296,0.9956760781236693,0.9963899915402872,0.9969117785402553,0.9958240596075006,0.9960736658310378,1.0
6,0,1.0521936982522215,0.6828585342098855,8214,1.6087043285369873,0.6639883126369612,1369,1.6162101319803597,0.6591,0.989805283599879,0.08271602019664219,,,1.0,,1.0,0.0,0.9985526698180879,0.09964218210410143,5,0.001,0.1,1.0,0.9935486848929124,0.9926387045921488,0.9883118833629669,0.9887413817517572,0.9852556929637155,0.9847119939425276,0.9837727803292257,0.9807399506594608,0.9805629118971113,0.9773434017147269,0.9796234918100305
6,1,1.132616829756394,0.6712503802859751,6574,1.599159710747855,0.6779197080291971,1096,1.6159274688543983,0.6596,0.9958065413847277,0.08327479251185159,,,1.0,,1.0,0.0,0.9985526698180879,0.09964218210410143,5,0.001,0.1,0.9935486848929124,1.0,0.9960179563285637,0.9943204305832398,0.9936636392182051,0.9929476326000601,0.9916956034495544,0.991468268563935,0.9892945316766913,0.9893856786621494,0.9867337213031921,0.9878383905379643
6,2,1.177462258720925,0.6588275981324572,5783,1.5967127430823542,0.6566390041493776,964,1.6159261156575748,0.6596,0.9973761991789992,0.08343293316041335,,,1.0,,1.0,0.0,0.9985526698180879,0.09964218210410143,5,0.001,0.1,0.9926387045921488,0.9960179563285637,1.0,0.9956086440298849,0.9956787920377618,0.9945653924731069,0.9940679877769033,0.9936753673342871,0.9915990283321986,0.9907124836132231,0.9901701797518527,0.9909225851130247
6,3,1.1827300074588822,0.6705882352941176,5287,1.618537311043058,0.6730987514188422,881,1.615926211634383,0.6596,0.9979366932887709,0.08348230649748795,,,1.0,,1.0,0.0,0.9985526698180879,0.09964218210410143,5,0.001,0.1,0.9883118833629669,0.9943204305832398,0.9956086440298849,1.0,0.9956338221547917,0.99564605533946,0.9951026276238347,0.9954215479927062,0.9942364541148386,0.9924349920308048,0.9924294464057845,0.9931721061641354
6,4,1.2021955133253528,0.6579533941236069,4935,1.6266689254687383,0.6532846715328468,822,1.6159262390563283,0.6596,0.9978948303488566,0.08348992832861483,,,1.0,,1.0,0.0,0.9985526698180879,0.09964218210410143,5,0.001,0.1,0.9887413817517572,0.9936636392182051,0.9956787920377618,0.9956338221547917,1.0,0.9951431557503405,0.9953774543346954,0.9953050122358638,0.9931313436585432,0.993086695783921,0.9926110675231903,0.9934494223410532
6,5,1.2291277447791948,0.6641525605313906,4667,1.635729088783264,0.6401028277634961,778,1.6159261183235973,0.6596,0.9978426283042715,0.08346455543959735,,,1.0,,1.0,0.0,0.9985526698180879,0.09964218210410143,5,0.001,0.1,0.9852556929637155,0.9929476326000601,0.9945653924731069,0.99564605533946,0.9951431557503405,1.0,0.9956567126943434,0.9949191455584019,0.9940868220778942,0.9940653622599034,0.9944842003986122,0.9944065521569952
6,6,1.2286198553017207,0.6634628340444644,4453,1.6150388518969219,0.6617250673854448,742,1.6159261099446696,0.6596,0.9977373494466035,0.08345958508131923,,,1.0,,1.0,0.0,0.9985526698180879,0.09964218210410143,5,0.001,0.1,0.9847119939425276,0.9916956034495544,0.9940679877769033,0.9951026276238347,0.9953774543346954,0.9956567126943434,1.0,0.995674610706963,0.9953641435501446,0.9942197964592789,0.9932076807571534,0.9948308459431464
6,7,1.2346514587971702,0.6670563479074118,4277,1.6183908089347507,0.6255259467040674,713,1.6159261426986598,0.6596,0.9978228722940068,0.08346055733208832,,,1.0,,1.0,0.0,0.9985526698180879,0.09964218210410143,5,0.001,0.1,0.9837727803292257,0.991468268563935,0.9936753673342871,0.9954215479927062,0.9953050122358638,0.9949191455584019,0.995674610706963,1.0,0.9961742389809676,0.9947261754839154,0.9942720546948782,0.9955184188962014
6,8,1.2460474087871038,0.6612254783240494,4129,1.6172335852276196,0.6598837209302325,688,1.6159265540278376,0.6596,0.9967207989983097,0.0833961752230502,,,1.0,,1.0,0.0,0.9985526698180879,0.09964218210410143,5,0.001,0.1,0.9807399506594608,0.9892945316766913,0.9915990283321986,0.9942364541148386,0.9931313436585432,0.9940868220778942,0.9953641435501446,0.9961742389809676,1.0,0.9933918757909144,0.9941521836199181,0.9955674362497434
6,9,1.2887190228416807,0.6523369157710572,4001,1.607998592512948,0.6746626686656672,667,1.6159303340668114,0.6596,0.996061881663634,0.08332013833413669,,,1.0,,1.0,0.0,0.9985526698180879,0.09964218210410143,5,0.001,0.1,0.9805629118971113,0.9893856786621494,0.9907124836132231,0.9924349920308048,0.993086695783921,0.9940653622599034,0.9942197964592789,0.9947261754839154,0.9933918757909144,1.0,0.9929153673652702,0.9943694558268784
6,10,1.2831034244083968,0.645512985343276,3889,1.6083785806383406,0.6589506172839507,648,1.615952393879144,0.6597,0.9955182670166101,0.08320910813565556,,,1.0,,1.0,0.0,0.9985526698180879,0.09964218210410143,5,0.001,0.1,0.9773434017147269,0.9867337213031921,0.9901701797518527,0.9924294464057845,0.9926110675231903,0.9944842003986122,0.9932076807571534,0.9942720546948782,0.9941521836199181,0.9929153673652702,1.0,0.9950401583122352
6,11,1.2858802965709142,0.6516486415193881,3791,1.6304545819759368,0.6534810126582279,632,1.615941096799442,0.6597,0.9964696696533295,0.08329389975914295,,,1.0,,1.0,0.0,0.9985526698180879,0.09964218210410143,5,0.001,0.1,0.9796234918100305,0.9878383905379643,0.9909225851130247,0.9931721061641354,0.9934494223410532,0.9944065521569952,0.9948308459431464,0.9955184188962014,0.9955674362497434,0.9943694558268784,0.9950401583122352,1.0
7,0,0.9968528129711225,0.6914779644509375,8214,1.4707016917162163,0.6807888970051132,1369,1.4794517824063287,0.6726,0.9896509306551676,0.08275483505594171,,,1.0,,1.0,0.0,0.9980138023126348,0.09958314164401176,5,0.001,0.1,1.0,0.9928425538381545,0.9919179058004379,0.9871288634745786,0.9878495819804219,0.9845257162925677,0.9839657199016146,0.9827605323974257,0.9789765556190764,0.9813574140624941,0.9763999129300608,0.9786742617481039
7,1,1.0684851855907624,0.6806510495892911,6574,1.4587845155170986,0.6852189781021898,1096,1.479145832335987,0.6727,0.9954642147390035,0.08328569133670845,,,1.0,,1.0,0.0,0.9980138023126348,0.09958314164401176,5,0.001,0.1,0.9928425538381545,1.0,0.9950317209880609,0.9931650616826218,0.9925398226386436,0.9923030333798053,0.9907883193814537,0.9902854246681211,0.9870839523519315,0.9892160450880685,0.9858558904297096,0.9866634221859448
