round,client_id,client_i_training_loss,client_i_training_accuracy,client_i_training_dataset_size,client_i_evaluation_loss,client_i_evaluation_accuracy,client_i_evaluation_dataset_size,client_i_central_evaluation_loss,client_i_central_evaluation_accuracy,client_i_cosine_similarity,client_i_importance_coefficient,client_i_tanh_val,tanh_normalization_value,client_i_q,client_i_mask_order,client_i_v_nonzero_fraction,client_i_v_sparsity,client_i_v_cosine_similarity,client_i_reward_gradient_norm,local_epochs,learning_rate,gamma,client_0_cosine_similarity,client_1_cosine_similarity,client_2_cosine_similarity,client_3_cosine_similarity,client_4_cosine_similarity,client_5_cosine_similarity,client_6_cosine_similarity,client_7_cosine_similarity,client_8_cosine_similarity,client_9_cosine_similarity,client_10_cosine_similarity,client_11_cosine_similarity
0,0,2.1905349323043115,0.1979108838568298,6845,2.2982158877632837,0.16362308254200147,1369,2.298418217067477,0.1644,0.8870769757789327,0.07834081103341865,,,0.8,,0.8000115528708884,0.19998844712911157,0,0.14123082573371734,10,0.025,0.15,1.0,0.9402835980028366,0.8570186199090237,0.8622900691319023,0.8404792590206382,0.8122029781202749,0.7443721690957869,0.775428509308884,0.7451583283924026,0.7576988878385843,0.7312351378179678,0.7109547491772742
0,1,2.238565675602403,0.1593647316538883,5478,2.2968114482031927,0.16970802919708028,1096,2.2984231242650672,0.1644,0.9424297242358154,0.08322920214878186,,,0.8906226358449818,,0.8906520770411447,0.10934792295885531,0,0.1412680106626931,10,0.025,0.15,0.9402835980028366,1.0,0.9211173335504306,0.934797216534531,0.9117638435683825,0.8902896167288497,0.8157455240893063,0.8387570439553362,0.8165988245345457,0.8240874154120542,0.815746713846304,0.7841901690089168
0,2,2.2814360273511785,0.14385892116182572,4820,2.2967708706855774,0.1825726141078838,964,2.2984225629251216,0.1644,0.965430930692691,0.08526051760141942,,,0.928279843749669,,0.9283061840867456,0.07169381591325441,0,0.14127014186789758,10,0.025,0.15,0.8570186199090237,0.9211173335504306,1.0,0.9488295631422822,0.9411955066134274,0.9408727482941215,0.9018510151057343,0.8939059233508532,0.8775347945350431,0.8740604098032935,0.8668757454076051,0.8688159304903633
0,3,2.2833654601233344,0.16409441670449387,4406,2.300356490271432,0.16799091940976163,881,2.2984226263022123,0.1644,0.9786977081719866,0.08643215223506019,,,0.9499999999814617,,0.9500173293063326,0.04998267069366735,0,0.14127073317867306,10,0.025,0.15,0.8622900691319023,0.934797216534531,0.9488295631422822,1.0,0.9606136635330721,0.9411136492221632,0.9068126401243654,0.9284510261453167,0.9041243865921117,0.9118300598348982,0.9008640259833157,0.8640706209947955
0,4,2.2868603294545955,0.14015077821011673,4112,2.299892084939139,0.15206812652068127,822,2.2984226655356492,0.1644,0.9752315614910934,0.08612604493033217,,,0.9443252799864362,,0.9443811787229126,0.055618821277087394,0,0.14127063953966043,10,0.025,0.15,0.8404792590206382,0.9117638435683825,0.9411955066134274,0.9606136635330721,1.0,0.9591564369061787,0.9081890999039869,0.9312392145792315,0.9023434419827802,0.8991433567445848,0.9142988221255248,0.8894886410275082
0,5,2.2865129593879945,0.1260735407559784,3889,2.2947723184313094,0.16323907455012854,778,2.2984225417994244,0.1644,0.965902890133605,0.08530219795880173,,,0.929052528209608,,0.9290901288970309,0.07090987110296909,0,0.14127016725989094,10,0.025,0.15,0.8122029781202749,0.8902896167288497,0.9408727482941215,0.9411136492221632,0.9591564369061787,1.0,0.9120329227336963,0.9305646263036481,0.9032134326782483,0.8957216506261778,0.9087396755547466,0.8841226752812154
0,6,2.2941999978032603,0.1259768256534627,3711,2.298257907231649,0.1752021563342318,742,2.298423097103457,0.1644,0.9382465246102895,0.08285976943851382,,,0.8837739682196301,,0.8838276311663449,0.11617236883365512,0,0.14126748015612517,10,0.025,0.15,0.7443721690957869,0.8157455240893063,0.9018510151057343,0.9068126401243654,0.9081890999039869,0.9120329227336963,1.0,0.9246539773957809,0.9033364057302951,0.9076298782813554,0.9267784578177456,0.902240563905612
0,7,2.2922485087599074,0.1387766554433221,3564,2.297451138496399,0.16549789621318373,713,2.2984226413919955,0.1644,0.94901431676111,0.08381071010450715,,,0.9014028255779666,,0.9014457592711789,0.09855424072882113,0,0.14126888305965307,10,0.025,0.15,0.775428509308884,0.8387570439553362,0.8939059233508532,0.9284510261453167,0.9312392145792315,0.9305646263036481,0.9246539773957809,1.0,0.8967769531387239,0.9023276143056558,0.9366819928212722,0.890766443638688
0,8,2.2946396889509977,0.13751816332461494,3441,2.298400362332662,0.1613372093023256,688,2.2984231303009808,0.1644,0.9347557284169438,0.08255148525077584,,,0.8780588924364457,,0.8781007080259444,0.12189929197405558,0,0.14126697101545013,10,0.025,0.15,0.7451583283924026,0.8165988245345457,0.8775347945350431,0.9041243865921117,0.9023434419827802,0.9032134326782483,0.9033364057302951,0.8967769531387239,1.0,0.9485725682638563,0.8955180892209724,0.9349127360969439
0,9,2.294327625521907,0.14694061187762447,3334,2.3009271224339805,0.14842578710644677,667,2.298423115211197,0.1644,0.9363669762156147,0.08269378007159774,,,0.8806968016023967,,0.8807248601277418,0.11927513987225824,0,0.14126719787735514,10,0.025,0.15,0.7576988878385843,0.8240874154120542,0.8740604098032935,0.9118300598348982,0.8991433567445848,0.8957216506261778,0.9076298782813554,0.9023276143056558,0.9485725682638563,1.0,0.8990284677579092,0.9135487458968501
0,10,2.2948056872074423,0.13168775069423017,3241,2.2953861157099404,0.1574074074074074,648,2.298423148408721,0.1644,0.932924696800129,0.08238978056695948,,,0.8750611567131598,,0.8751134656962255,0.1248865343037745,0,0.14126671555820022,10,0.025,0.15,0.7312351378179678,0.815746713846304,0.8668757454076051,0.9008640259833157,0.9142988221255248,0.9087396755547466,0.9267784578177456,0.9366819928212722,0.8955180892209724,0.8990284677579092,1.0,0.9240546336853858
0,11,2.2965963563919067,0.15504906616017727,3159,2.2999444007873535,0.1550632911392405,632,2.2984229311158386,0.1644,0.9172279687259408,0.08100354865983198,,,0.849362724171316,,0.8494000759188658,0.1505999240811342,0,0.1412614578953533,10,0.025,0.15,0.7109547491772742,0.7841901690089168,0.8688159304903633,0.8640706209947955,0.8894886410275082,0.8841226752812154,0.902240563905612,0.890766443638688,0.9349127360969439,0.9135487458968501,0.9240546336853858,1.0
1,0,2.0587272884669128,0.2564791818845873,6845,2.2873991402712734,0.17969320672023376,1369,2.2876164158688317,0.1789,0.9009302763201481,0.07796806463401773,,,0.8,,0.8000115528708884,0.19998844712911157,0.89594955662923,0.1455577864301497,10,0.025,0.15,1.0,0.9494281471532873,0.9180149322157809,0.9070339206715228,0.8785903941731408,0.8815701390945718,0.845661469254636,0.8511556498683588,0.8272870817555357,0.8333556448351268,0.8083804612713716,0.7983943391553558
1,1,2.1044931481050893,0.23634538152610443,5478,2.285861942503187,0.17883211678832117,1096,2.287603809863706,0.1783,0.9583650466999151,0.08287292756811003,,,0.8945762947288913,,0.894621313396379,0.10537868660362104,0.8975795874362817,0.1456374116800411,10,0.025,0.15,0.9494281471532873,1.0,0.9608101065497117,0.9586659725545073,0.9434854083877517,0.9435358075911549,0.9119570896064386,0.9208622806810003,0.9027881320912529,0.9071821983280718,0.8897603859877191,0.8743978247077517
1,2,2.153163039370587,0.21286307053941908,4820,2.286460965871811,0.18775933609958506,964,2.287603043302705,0.1784,0.9771698668001931,0.08474592569935195,,,0.9306917225537426,,0.9307240349226783,0.0692759650773217,0.8976585777067141,0.14564310435319852,10,0.025,0.15,0.9180149322157809,0.9608101065497117,1.0,0.970481649643325,0.9649593275175655,0.9577926317937255,0.9466425122495393,0.9512012489231305,0.9330198847674229,0.9416443008544843,0.9226251706586759,0.9124660231832028
1,3,2.1638406821659633,0.22380844303222877,4406,2.2893485682351247,0.188422247446084,881,2.287603022177008,0.1785,0.9855962903702278,0.08574728079096575,,,0.9499999999807178,,0.9500173293063326,0.04998267069366735,0.8976701825851937,0.1456466172314596,10,0.025,0.15,0.9070339206715228,0.9586659725545073,0.970481649643325,1.0,0.9756421967924835,0.9720051180117417,0.9586958596843399,0.9665567545234361,0.9486410297903837,0.9539871223685956,0.9405284405888387,0.9245969010938314
1,4,2.1710806416742727,0.20987354085603113,4112,2.2905871868133545,0.170316301703163,822,2.287602934656264,0.1785,0.983940398131126,0.08550346618684504,,,0.9452987306142997,,0.9453466686471588,0.05465333135284123,0.8976715199600082,0.14564644881438005,10,0.025,0.15,0.8785903941731408,0.9434854083877517,0.9649593275175655,0.9756421967924835,1.0,0.969206090702816,0.9593541183707994,0.9726594272306284,0.9521593033690872,0.9610883093152239,0.9446910958962947,0.9346499649892732
1,5,2.1765780287404213,0.20658266906659808,3889,2.285236733300345,0.17737789203084833,778,2.2876024789448026,0.1784,0.9863968797758973,0.08507285107156017,,,0.9369955460798608,,0.9370286016074995,0.06297139839250054,0.897670667298712,0.14564353391459922,10,0.025,0.15,0.8815701390945718,0.9435358075911549,0.9577926317937255,0.9720051180117417,0.969206090702816,1.0,0.9675311431087282,0.9705002347196481,0.9629030428267061,0.9598172136392922,0.9549860142976442,0.9466464272913674
1,6,2.2096605226911348,0.19754783077337645,3711,2.2869948943456015,0.18733153638814015,742,2.2876044828680495,0.1783,0.9818935156590091,0.08341163645329364,,,0.9049637593701689,,0.9050106451453186,0.09498935485468141,0.8975906515159714,0.14564032616093617,10,0.025,0.15,0.845661469254636,0.9119570896064386,0.9466425122495393,0.9586958596843399,0.9593541183707994,0.9675311431087282,1.0,0.9704485461012351,0.9725542409420433,0.9677762351852112,0.9674517847802158,0.9666446276962962
1,7,2.201369264296123,0.2069584736251403,3564,2.286631941795349,0.17952314165497896,713,2.2876040181027184,0.1784,0.9842212570388694,0.0840771603375716,,,0.9177964896369194,,0.9178425838820947,0.08215741611790528,0.8976296550442738,0.14564200014951303,10,0.025,0.15,0.8511556498683588,0.9208622806810003,0.9512012489231305,0.9665567545234361,0.9726594272306284,0.9705002347196481,0.9704485461012351,1.0,0.9672618270175738,0.9669221422560091,0.9651721612681137,0.957861399883831
1,8,2.2144540477682044,0.21124673060156932,3441,2.2866681814193726,0.17587209302325582,688,2.2876038158996197,0.1783,0.9768039996053952,0.08305443054654044,,,0.8980760620848536,,0.8981119308148074,0.10188806918519255,0.8975693704418723,0.1456380520343582,10,0.025,0.15,0.8272870817555357,0.9027881320912529,0.9330198847674229,0.9486410297903837,0.9521593033690872,0.9629030428267061,0.9725542409420433,0.9672618270175738,1.0,0.9675496580262295,0.968960696243891,0.9725172281501412
1,9,2.206875773712441,0.20701859628074384,3334,2.2892982959747314,0.15742128935532235,667,2.2876047333584557,0.1783,0.9772775178654668,0.08315810230379551,,,0.9000750762878943,,0.9001254311696456,0.0998745688303544,0.897575410846692,0.1456396648515719,10,0.025,0.15,0.8333556448351268,0.9071821983280718,0.9416443008544843,0.9539871223685956,0.9610883093152239,0.9598172136392922,0.9677762351852112,0.9669221422560091,0.9675496580262295,1.0,0.9600725689611384,0.9610054544434012
1,10,2.217818325299483,0.20178957112002469,3241,2.283597548802694,0.18981481481481483,648,2.287603821935533,0.1783,0.969886135536493,0.08272844124259722,,,0.8917902879658862,,0.8918321202818901,0.10816787971810993,0.8975429161171645,0.1456369074069617,10,0.025,0.15,0.8083804612713716,0.8897603859877191,0.9226251706586759,0.9405284405888387,0.9446910958962947,0.9549860142976442,0.9674517847802158,0.9651721612681137,0.968960696243891,0.9600725689611384,1.0,0.9722156902098141
1,11,2.2253193225860595,0.1991769547325103,3159,2.288511848449707,0.1661392405063291,632,2.287608143649524,0.1784,0.9634723507755247,0.08165971316535088,,,0.8711829146351988,,0.8712184977967025,0.12878150220329754,0.8972864325394819,0.14562487623583464,10,0.025,0.15,0.7983943391553558,0.8743978247077517,0.9124660231832028,0.9245969010938314,0.9346499649892732,0.9466464272913674,0.9666446276962962,0.957861399883831,0.9725172281501412,0.9610054544434012,0.9722156902098141,1.0
2,0,1.9824739281777983,0.28362308254200147,6845,2.270474238829179,0.1877282688093499,1369,2.270515692384937,0.1884,0.9111465393849477,0.0780574845053725,,,0.8,,0.8000115528708884,0.19998844712911157,0.9654790716347081,0.14558375307799518,10,0.025,0.15,1.0,0.9481673181688901,0.9258876975905296,0.914576365598461,0.8902722225212336,0.8913354511823907,0.8680278098173888,0.8615712263821848,0.8436758655633129,0.8404958646886344,0.8230004544749879,0.8175137387078382
2,1,2.023482737984768,0.2698247535596933,5478,2.2683315542009144,0.19251824817518248,1096,2.270479968831509,0.1876,0.9607752125305021,0.08271707408625932,,,0.8970039982496658,,0.8970391642323118,0.10296083576768822,0.9659533498903601,0.1456808051750502,10,0.025,0.15,0.9481673181688901,1.0,0.9585282868170893,0.9540822348050393,0.9412177337758451,0.9441178187450494,0.9207827695475872,0.9225054933809252,0.9133763732354445,0.9064309340516741,0.896840350082115,0.8915756941609747
2,2,2.068902587890625,0.24730290456431536,4820,2.270137459039688,0.2074688796680498,964,2.2704755233812937,0.1876,0.9759688534075295,0.08437380989932651,,,0.9314941599089985,,0.9315327358848674,0.0684672641151326,0.9660708312466088,0.14569235686687998,10,0.025,0.15,0.9258876975905296,0.9585282868170893,1.0,0.9670946947215548,0.9592623427043881,0.9548729757167707,0.9458217693693959,0.9443380259870692,0.9365863377598086,0.9348441880074864,0.9238685228595873,0.9208844802610987
2,3,2.077151178973062,0.25340444847934634,4406,2.2721664564950124,0.1952326901248581,881,2.270473631122444,0.1876,0.9841896522452223,0.08526273840879525,,,0.9499999999791818,,0.9500173293063326,0.04998267069366735,0.9661844051841094,0.14569865635463622,10,0.025,0.15,0.914576365598461,0.9540822348050393,0.9670946947215548,1.0,0.968234295321363,0.9668848193336195,0.9601067915898571,0.9587368534359911,0.9535302310913466,0.9470863958242176,0.9425744000012851,0.9336037089568942
2,4,2.0813022472641687,0.24348249027237354,4112,2.2749288082122803,0.17518248175182483,822,2.2704737276970586,0.1876,0.9828497547822399,0.08506788749313444,,,0.945943565919144,,0.9459985806472908,0.05400141935270919,0.9661773255893567,0.14569813772800305,10,0.025,0.15,0.8902722225212336,0.9412177337758451,0.9592623427043881,0.968234295321363,1.0,0.9632800304684573,0.960602852817035,0.9654418844733625,0.9553420426449333,0.9537115642210505,0.9477383568069171,0.9446740982761987
2,5,2.087947379773663,0.24849575726407816,3889,2.2695510387420654,0.1953727506426735,778,2.2704737276970586,0.1876,0.9831909245904571,0.08481208774743912,,,0.9406182904516485,,0.9406677559373504,0.059332244062649586,0.9661275093820696,0.14569717731630838,10,0.025,0.15,0.8913354511823907,0.9441178187450494,0.9548729757167707,0.9668848193336195,0.9632800304684573,1.0,0.9642318675318815,0.9604875945351832,0.9594281812559596,0.9541373174242956,0.948542718831866,0.9469295902948562
2,6,2.11911107425032,0.23317165184586364,3711,2.2695868015289307,0.1967654986522911,742,2.270477654058722,0.1876,0.982633582421493,0.08376414730605902,,,0.9188021173795896,,0.9188493340595137,0.08115066594048626,0.9660351670119474,0.1456891312438669,10,0.025,0.15,0.8680278098173888,0.9207827695475872,0.9458217693693959,0.9601067915898571,0.960602852817035,0.9642318675318815,1.0,0.967448658124867,0.970902503212807,0.9613672344877147,0.9610726137770927,0.9673832329800331
2,7,2.1059020485196793,0.23978675645342312,3564,2.2690775394439697,0.18653576437587657,713,2.270476869389981,0.1876,0.9817483727375715,0.0841478132566624,,,0.9267893296768802,,0.9268290670231553,0.07317093297684474,0.9660533369436167,0.14569135876620595,10,0.025,0.15,0.8615712263821848,0.9225054933809252,0.9443380259870692,0.9587368534359911,0.9654418844733625,0.9604875945351832,0.967448658124867,1.0,0.9668237611995661,0.9632879200223006,0.9615499301449493,0.964525980540309
2,8,2.119509239108474,0.24487067712874164,3441,2.2688827514648438,0.17877906976744187,688,2.2704792173602915,0.1876,0.9776358391547955,0.08337966861265347,,,0.910797985287113,,0.9108448449439686,0.08915515505603144,0.9659783851984468,0.14568665518090154,10,0.025,0.15,0.8436758655633129,0.9133763732354445,0.9365863377598086,0.9535302310913466,0.9553420426449333,0.9594281812559596,0.970902503212807,0.9668237611995661,1.0,0.9628498680746657,0.960137001123929,0.9659144985887053
2,9,2.1119820095874644,0.24199160167966408,3334,2.2707941134770713,0.16041979010494753,667,2.2704800020290326,0.1876,0.9736241796495486,0.08331305100540815,,,0.9094111304698712,,0.9094585004373587,0.09054149956264135,0.9659855214333194,0.14568637580022517,10,0.025,0.15,0.8404958646886344,0.9064309340516741,0.9348441880074864,0.9470863958242176,0.9537115642210505,0.9541373174242956,0.9613672344877147,0.9632879200223006,0.9628498680746657,1.0,0.9568213034723614,0.9607666559522142
2,10,2.129190681530879,0.23992594878124035,3241,2.265919049580892,0.19135802469135801,648,2.2704799205442017,0.1876,0.9689971167711253,0.08289575225307695,,,0.9007237457253506,,0.9007690911191432,0.09923090888085684,0.9659495959454417,0.14568313282129344,10,0.025,0.15,0.8230004544749879,0.896840350082115,0.9238685228595873,0.9425744000012851,0.9477383568069171,0.948542718831866,0.9610726137770927,0.9615499301449493,0.960137001123929,0.9568213034723614,1.0,0.9654533024914864
2,11,2.135491231918335,0.22684393795504906,3159,2.270875120162964,0.17246835443037975,632,2.2704893818384484,0.1875,0.9682375363904658,0.0822084854258127,,,0.8864161272212535,,0.8864600353187767,0.1135399646812233,0.9658966935537313,0.14567622904350927,10,0.025,0.15,0.8175137387078382,0.8915756941609747,0.9208844802610987,0.9336037089568942,0.9446740982761987,0.9469295902948562,0.9673832329800331,0.964525980540309,0.9659144985887053,0.9607666559522142,0.9654533024914864,1.0
3,0,1.926149750859649,0.3035646457268079,6845,2.247223962437023,0.21548575602629658,1369,2.246998663190045,0.2173,0.9194110549369369,0.07847889606081064,,,0.8,,0.8000115528708884,0.19998844712911157,0.9799852260940145,0.14511325834693609,10,0.025,0.15,1.0,0.947144619014608,0.9269848623324367,0.921242577400576,0.8972542896907513,0.8950929234867303,0.881675965715725,0.8697020060451871,0.8511420398700187,0.8361802794992879,0.8272983229680803,0.832608650115991
3,1,1.966734269053437,0.29341000365096753,5478,2.244293451309204,0.22536496350364962,1096,2.246909530856941,0.2166,0.9602055076053522,0.08270341190610017,,,0.8974090419219273,,0.8974352626627717,0.10256473733722826,0.9804144940589846,0.14520557427946004,10,0.025,0.15,0.947144619014608,1.0,0.955464795176454,0.9514384514739476,0.936829156335784,0.9376335039407375,0.9204672293048282,0.919716908976421,0.9093929703850138,0.8897214912047664,0.892384111818658,0.8949469189387602
3,2,2.0107652623402443,0.2696680497925311,4820,2.2477153837680817,0.23132780082987553,964,2.246896982192993,0.2165,0.9727389380533252,0.08414106528953055,,,0.9305585065764201,,0.9306002541631595,0.0693997458368405,0.9804636196379309,0.145214089618979,10,0.025,0.15,0.9269848623324367,0.955464795176454,1.0,0.9605244796591147,0.9476958944306001,0.9460914328191745,0.9424772411621106,0.9387974305372435,0.9303221023692267,0.9175734406264042,0.910849487961007,0.9213656818863557
3,3,2.0148048945835657,0.27578302315024966,4406,2.2485277312142506,0.21566401816118047,881,2.2468921263006667,0.2165,0.9816611024886993,0.08498422004504518,,,0.949999999976942,,0.9500173293063326,0.04998267069366735,0.9804861247586159,0.1452166341065286,10,0.025,0.15,0.921242577400576,0.9514384514739476,0.9605244796591147,1.0,0.9577689239882524,0.959755203215499,0.9576762872505241,0.9503122740428915,0.9481075908348918,0.9275305883039971,0.9310152123177423,0.9352564029238236
3,4,2.019202441518957,0.2680933852140078,4112,2.2525697435651506,0.20681265206812652,822,2.2468925276889076,0.2166,0.9787006763323468,0.08476658330107036,,,0.9449817239202352,,0.94502483867241,0.05497516132758995,0.9804759836074551,0.14521618587235086,10,0.025,0.15,0.8972542896907513,0.936829156335784,0.9476958944306001,0.9577689239882524,1.0,0.9549530239668823,0.9562503377657262,0.9556153384480324,0.9445230004709972,0.9324194059697499,0.9376209336772243,0.9441357155727688
3,5,2.022201099703389,0.2742350218565184,3889,2.2478839669908797,0.21722365038560412,778,2.2468931916393813,0.2166,0.977834144347473,0.08457951707210934,,,0.9406683439244283,,0.940717268241158,0.05928273175884202,0.9804665516785444,0.14521576607030762,10,0.025,0.15,0.8950929234867303,0.9376335039407375,0.9460914328191745,0.959755203215499,0.9549530239668823,1.0,0.9574755881317892,0.9500712553429245,0.9478336809915645,0.9241645627684534,0.9404704502711332,0.9414617983122694
3,6,2.054023428620963,0.2559417946645109,3711,2.2457524140675864,0.2358490566037736,742,2.2469008995007864,0.2167,0.9804695213628722,0.08401520504225345,,,0.9276564163600962,,0.927703784390421,0.072296215609579,0.98045089462286,0.14521365568683106,10,0.025,0.15,0.881675965715725,0.9204672293048282,0.9424772411621106,0.9576762872505241,0.9562503377657262,0.9574755881317892,1.0,0.9587613513390985,0.9610090010592097,0.9392475795532003,0.9505105297150099,0.9599064321267642
3,7,2.0381849603993554,0.26450617283950617,3564,2.2449217637379966,0.22300140252454417,713,2.246898231627066,0.2166,0.9780814369500147,0.08417531708156972,,,0.9313482856585285,,0.9313841989734449,0.06861580102655507,0.9804642000450738,0.1452142279722691,10,0.025,0.15,0.8697020060451871,0.919716908976421,0.9387974305372435,0.9503122740428915,0.9556153384480324,0.9500712553429245,0.9587613513390985,1.0,0.9560776078478322,0.9470016430663677,0.9516641704295119,0.9594055790389782
3,8,2.049566962100841,0.2658820110433014,3441,2.2446772257486978,0.20348837209302326,688,2.2469030633757385,0.2166,0.9733265255593324,0.08354325137260286,,,0.9167740912663316,,0.9168358337046756,0.08316416629532442,0.980481001826826,0.1452114826213318,10,0.025,0.15,0.8511420398700187,0.9093929703850138,0.9303221023692267,0.9481075908348918,0.9445230004709972,0.9478336809915645,0.9610090010592097,0.9560776078478322,1.0,0.945717462396941,0.9492412696353179,0.9580569263422233
3,9,2.050993627972073,0.26616676664667066,3334,2.2455062866210938,0.1934032983508246,667,2.2469038993497437,0.2166,0.9591923767156416,0.08304020695760275,,,0.905174874621429,,0.9052251984618178,0.09477480153818219,0.9804860235771377,0.14520855085250048,10,0.025,0.15,0.8361802794992879,0.8897214912047664,0.9175734406264042,0.9275305883039971,0.9324194059697499,0.9241645627684534,0.9392475795532003,0.9470016430663677,0.945717462396941,1.0,0.9350632218775664,0.9427798573460427
3,10,2.0632190002844886,0.2671397716754088,3241,2.2420327266057334,0.22376543209876543,648,2.246908000752896,0.2166,0.9631355652711826,0.08291001913095607,,,0.902172998920645,,0.9022049479295605,0.09779505207043948,0.9804332852107168,0.14520757051105596,10,0.025,0.15,0.8272983229680803,0.892384111818658,0.910849487961007,0.9310152123177423,0.9376209336772243,0.9404704502711332,0.9505105297150099,0.9516641704295119,0.9492412696353179,0.9350632218775664,1.0,0.9565601033642476
3,11,2.0692591829299927,0.24969927192149413,3159,2.2467040538787844,0.20253164556962025,632,2.2469243339345426,0.2165,0.9686103246219386,0.08266230674034898,,,0.8964612374964024,,0.8965027809410638,0.10349721905893616,0.9804183536847083,0.14520528216555736,10,0.025,0.15,0.832608650115991,0.8949469189387602,0.9213656818863557,0.9352564029238236,0.9441357155727688,0.9414617983122694,0.9599064321267642,0.9594055790389782,0.9580569263422233,0.9427798573460427,0.9565601033642476,1.0
4,0,1.8805240591367085,0.3192257121986852,6845,2.217946702783758,0.2498173849525201,1369,2.2174437287487563,0.2557,0.9284752673070223,0.07906792862822239,,,0.8,,0.8000115528708884,0.19998844712911157,0.9856212558869619,0.14494893412563833,10,0.025,0.15,1.0,0.9439798227759606,0.9260302047216782,0.9255594300861499,0.905255885271123,0.903517427397964,0.8927524796404952,0.878932405769695,0.8640644468782092,0.8427472584721317,0.8472753420928736,0.8488948538496233
4,1,1.9190719293993572,0.3081964220518437,5478,2.21412722269694,0.2591240875912409,1096,2.217289954801149,0.2549,0.9614397194456025,0.0827681173789423,,,0.8981248233261468,,0.8981531910679804,0.10184680893201958,0.9862840375229815,0.1450390159019434,10,0.025,0.15,0.9439798227759606,1.0,0.9499192731967318,0.9488984501639731,0.9348100737971511,0.935561490438728,0.9228064090719412,0.9205301367634235,0.9104245791373126,0.8926600221407366,0.8973532577791759,0.9001324645180007
4,2,1.962212452135588,0.28925311203319504,4820,2.2195466458797455,0.2676348547717842,964,2.2172694990906536,0.255,0.9716030544423322,0.0839928646754103,,,0.9306037372901215,,0.9306332623656979,0.06936673763430212,0.9864232050503352,0.1450477817310624,10,0.025,0.15,0.9260302047216782,0.9499192731967318,1.0,0.9555323177043606,0.9436117598448388,0.9442404992094134,0.9411449480203671,0.9331972649678287,0.9273677973699462,0.9154974771485666,0.9129447699091582,0.92323028629682
4,3,1.964662868976593,0.2967317294598275,4406,2.218299525124686,0.2656072644721907,881,2.2172617670855943,0.2552,0.9779652561419948,0.08472427830301427,,,0.9499999999734811,,0.9500173293063326,0.04998267069366735,0.9864755744621054,0.14505173287450535,10,0.025,0.15,0.9255594300861499,0.9488984501639731,0.9555323177043606,1.0,0.95111578949526,0.9542120673635516,0.9506161236268522,0.9440498672996017,0.9400729306086967,0.9214219576564231,0.9256635708572727,0.9285486409800361
4,4,1.971764039632046,0.28436284046692606,4112,2.223934922899519,0.25060827250608275,822,2.217261552810669,0.2551,0.9740927028299365,0.08446260069505267,,,0.9430606055859259,,0.9431186149758215,0.0568813850241785,0.9864697872964943,0.14505102388146737,10,0.025,0.15,0.905255885271123,0.9348100737971511,0.9436117598448388,0.95111578949526,1.0,0.9486045768432165,0.947374474878894,0.9441374616298392,0.9369236094937021,0.9253482181306425,0.9274760875954426,0.9352434048428753
4,5,1.96926283221091,0.2943173052198509,3889,2.2203187261308943,0.2519280205655527,778,2.217262609095513,0.255,0.9773241904299639,0.08445205304841825,,,0.9427808939192421,,0.942829793203611,0.057170206796388956,0.9864695566418736,0.1450510202248925,10,0.025,0.15,0.903517427397964,0.935561490438728,0.9442404992094134,0.9542120673635516,0.9486045768432165,1.0,0.9556124502592847,0.9468904101259293,0.94418474253346,0.9292317284681221,0.935925983002807,0.9393474625141336
4,6,2.0016012972798842,0.2743465373214767,3711,2.216104745864868,0.2628032345013477,742,2.2172736186015456,0.255,0.9778068338339583,0.08411744911787751,,,0.9339075758858967,,0.9339505867208001,0.06604941327919989,0.9864254749575282,0.14504833340727874,10,0.025,0.15,0.8927524796404952,0.9228064090719412,0.9411449480203671,0.9506161236268522,0.947374474878894,0.9556124502592847,1.0,0.9504154431885764,0.9546613748513829,0.9336855038432229,0.941064824733071,0.9525813256406339
4,7,1.9843769546066012,0.2809483726150393,3564,2.2146913210550943,0.2650771388499299,713,2.217270129843603,0.255,0.9745718471132584,0.0841111468189373,,,0.9337404460415243,,0.9337855457081085,0.06621445429189154,0.9864261294296552,0.14504832971687714,10,0.025,0.15,0.878932405769695,0.9205301367634235,0.9331972649678287,0.9440498672996017,0.9441374616298392,0.9468904101259293,0.9504154431885764,1.0,0.9489371612957592,0.9401865006962392,0.9449779482999587,0.9524529335601455
4,8,1.993861323374289,0.2838128451031677,3441,2.2149280309677124,0.25,688,2.2172789573669434,0.2549,0.9706086820851686,0.08358919316186177,,,0.9198988250228645,,0.9199386047432787,0.08006139525672129,0.9863601132921564,0.14504550288612142,10,0.025,0.15,0.8640644468782092,0.9104245791373126,0.9273677973699462,0.9400729306086967,0.9369236094937021,0.94418474253346,0.9546613748513829,0.9489371612957592,1.0,0.9402924709520227,0.9400876501392784,0.9513779229481694
4,9,2.009210550343549,0.280623875224955,3334,2.213752786318461,0.239880059970015,667,2.217281905910637,0.255,0.9584089283043185,0.08287818867453338,,,0.9010437896710539,,0.9010909210938919,0.09890907890610812,0.9862878440351429,0.14504034991523337,10,0.025,0.15,0.8427472584721317,0.8926600221407366,0.9154974771485666,0.9214219576564231,0.9253482181306425,0.9292317284681221,0.9336855038432229,0.9401865006962392,0.9402924709520227,1.0,0.933105967030633,0.9426946758411169
4,10,2.012336250451895,0.28420240666460966,3241,2.2130258480707803,0.25617283950617287,648,2.217287498184397,0.255,0.9614897127609127,0.08289803154183313,,,0.9015700000833453,,0.9016108002838705,0.09838919971612947,0.986294843927796,0.1450403722500367,10,0.025,0.15,0.8472753420928736,0.8973532577791759,0.9129447699091582,0.9256635708572727,0.9274760875954426,0.935925983002807,0.941064824733071,0.9449779482999587,0.9400876501392784,0.933105967030633,1.0,0.9468798048508539
4,11,2.0168065557479857,0.26916745805634695,3159,2.2165093421936035,0.24050632911392406,632,2.217310552355609,0.255,0.9674238589958085,0.08293814795589674,,,0.9026338420405169,,0.9026753148157317,0.09732468518426829,0.9862903232189932,0.1450408764174942,10,0.025,0.15,0.8488948538496233,0.9001324645180007,0.92323028629682,0.9285486409800361,0.9352434048428753,0.9393474625141336,0.9525813256406339,0.9524529335601455,0.9513779229481694,0.9426946758411169,0.9468798048508539,1.0
5,0,1.8387062355324073,0.33310445580715853,6845,2.1836312250657515,0.27976625273922573,1369,2.1827379057678997,0.2844,0.9337796529668613,0.07963771813629321,,,0.8,,0.8000115528708884,0.19998844712911157,0.988763828894358,0.1448000961815419,10,0.025,0.15,1.0,0.9424290200326617,0.9257564885904904,0.9264472424516781,0.9027881038072979,0.9078103294937316,0.8963782673416175,0.8828663106848623,0.8704905514664647,0.8544349640232434,0.8607342923026984,0.8582384016114942
5,1,1.8812113359917042,0.32413289521723254,5478,2.1788701746198864,0.2965328467153285,1096,2.1824878318400325,0.2853,0.9613519521321758,0.08283738449487216,,,0.8969306967622352,,0.896973147827235,0.10302685217276497,0.9895749571695294,0.14488378104984256,10,0.025,0.15,0.9424290200326617,1.0,0.9466246739354622,0.9455871968695205,0.9314071646183627,0.9331115631961366,0.9209241406581686,0.9169634610997281,0.9089561897783154,0.8928258471728779,0.9020869172953562,0.9032720247982065
5,2,1.9215925847229205,0.3043983402489627,4820,2.186578243970871,0.3029045643153527,964,2.182453765144831,0.285,0.970291007793186,0.08389033913173091,,,0.928828905878974,,0.9288755755805318,0.0711244244194682,0.9896217688751233,0.14489169051646056,10,0.025,0.15,0.9257564885904904,0.9466246739354622,1.0,0.9509241835219635,0.9394551856000868,0.9391348813000434,0.9374925843985724,0.928491944170572,0.9253568867419445,0.9149264855326469,0.9149718891062227,0.9227216858210666
5,3,1.9209948757716588,0.3098729005901044,4406,2.1828931740352084,0.28603859250851305,881,2.1824459154394606,0.2851,0.9777716861076486,0.08458919346579793,,,0.949999999969706,,0.9500173293063326,0.04998267069366735,0.9896194402835945,0.1448950832788749,10,0.025,0.15,0.9264472424516781,0.9455871968695205,0.9509241835219635,1.0,0.9475267232078575,0.9496540082628244,0.9480624173233199,0.9432929467735263,0.9386883097331968,0.9235329050360019,0.928197683904721,0.9298757581300268
5,4,1.9275311762636358,0.3024805447470817,4112,2.1895919186728343,0.2737226277372263,822,2.182445357117472,0.2851,0.9729136459746658,0.08426784314355001,,,0.9402650128962119,,0.9403046657094288,0.05969533429057117,0.9896053520624355,0.14489417199415602,10,0.025,0.15,0.9027881038072979,0.9314071646183627,0.9394551856000868,0.9475267232078575,1.0,0.9467460953086955,0.9422223109420359,0.9414611602325657,0.9330813979998497,0.9270627218396562,0.9282001035458777,0.9346438921983875
5,5,1.9291954625037409,0.3107996914373875,3889,2.188596146447318,0.2802056555269923,778,2.182446823844427,0.285,0.9750430240945606,0.08433090330853348,,,0.9421753576149354,,0.9422273935072866,0.05777260649271343,0.9896085892247052,0.14489436028103314,10,0.025,0.15,0.9078103294937316,0.9331115631961366,0.9391348813000434,0.9496540082628244,0.9467460953086955,1.0,0.9501085503222116,0.9379473516324855,0.9387082643937807,0.9274518613710805,0.9318973780607785,0.9369237091903115
5,6,1.9569947144080853,0.2918350848827809,3711,2.1815151373545327,0.28975741239892183,742,2.182458373564708,0.2851,0.974725280811991,0.08411268336336232,,,0.9355646023166075,,0.9356009968477167,0.06439900315228331,0.9896302815494203,0.14489273175429798,10,0.025,0.15,0.8963782673416175,0.9209241406581686,0.9374925843985724,0.9480624173233199,0.9422223109420359,0.9501085503222116,1.0,0.9415598632289272,0.9474474683065359,0.9290518799851588,0.9356020958193962,0.9466080699652561
5,7,1.9403515415532249,0.2964646464646465,3564,2.179284373919169,0.2917251051893408,713,2.1824535327621652,0.285,0.9708689403841516,0.08398270096266641,,,0.9316269153035535,,0.9316565166443861,0.06834348335561391,0.9896304030447324,0.14489211219186923,10,0.025,0.15,0.8828663106848623,0.9169634610997281,0.928491944170572,0.9432929467735263,0.9414611602325657,0.9379473516324855,0.9415598632289272,1.0,0.9406379423747958,0.9329768931516651,0.9366933483946135,0.947527536214608
5,8,1.9499476318006161,0.2978494623655914,3441,2.179875373840332,0.28343023255813954,688,2.1824686768688735,0.2852,0.9675431935536923,0.0835497776368318,,,0.9185119355165954,,0.9185605122873034,0.0814394877126966,0.989609598036846,0.14488976182243948,10,0.025,0.15,0.8704905514664647,0.9089561897783154,0.9253568867419445,0.9386883097331968,0.9330813979998497,0.9387082643937807,0.9474474683065359,0.9406379423747958,1.0,0.9339865147734558,0.9322282600997168,0.9420758024734134
5,9,1.9557398394302086,0.29517096580683866,3334,2.1768503983815513,0.27586206896551724,667,2.1824768434596966,0.2853,0.9578625157652272,0.08279167972168203,,,0.8955461163047131,,0.8955868033206251,0.10441319667937488,0.9895808497586009,0.1448832317660502,10,0.025,0.15,0.8544349640232434,0.8928258471728779,0.9149264855326469,0.9235329050360019,0.9270627218396562,0.9274518613710805,0.9290518799851588,0.9329768931516651,0.9339865147734558,1.0,0.9250770525382731,0.9385051678981896
5,10,1.968503447679373,0.30185128046899107,3241,2.1786983013153076,0.2716049382716049,648,2.182483860209018,0.2853,0.9608114637459542,0.08290040895712818,,,0.8988399599024879,,0.8988793715238237,0.10112062847617631,0.9895787730207907,0.14488433087993977,10,0.025,0.15,0.8607342923026984,0.9020869172953562,0.9149718891062227,0.928197683904721,0.9282001035458777,0.9318973780607785,0.9356020958193962,0.9366933483946135,0.9322282600997168,0.9250770525382731,1.0,0.9384495928344909
5,11,1.9726916446685792,0.28774928774928776,3159,2.180810260772705,0.27689873417721517,632,2.1825149753425697,0.2855,0.9664411745005214,0.08310936767755144,,,0.9051701556464489,,0.9052251984618178,0.09477480153818219,0.9895804558526481,0.14488631224815438,10,0.025,0.15,0.8582384016114942,0.9032720247982065,0.9227216858210666,0.9298757581300268,0.9346438921983875,0.9369237091903115,0.9466080699652561,0.947527536214608,0.9420758024734134,0.9385051678981896,0.9384495928344909,1.0
6,0,1.8045460261680462,0.3458875091307524,6845,2.1457723920995537,0.30314097881665447,1369,2.1443390695354605,0.3019,0.9352116821345081,0.08014033827257,,,0.8,,0.8000115528708884,0.19998844712911157,0.9916711247226615,0.14432100228417954,10,0.025,0.15,1.0,0.936606106356538,0.9211235156516723,0.9237442612927821,0.898647331235751,0.9064758293537863,0.8952925182525511,0.8822500596900942,0.8725272713977161,0.846963452670728,0.8630539208400619,0.8609505980363529
6,1,1.8412245212599287,0.3345929171230376,5478,2.139836205376519,0.30656934306569344,1096,2.1439301182952106,0.302,0.9599494503693352,0.08294001084181268,,,0.896689076112137,,0.8967338383588321,0.10326616164116786,0.9921496735817117,0.14439407441616003,10,0.025,0.15,0.936606106356538,1.0,0.9394740564881581,0.9406684466637244,0.9248652167252087,0.9269617737708122,0.9163351019584194,0.9147638399833538,0.9077516467091923,0.8798160202345988,0.9011082306352707,0.9016928771720513
6,2,1.8802608163733232,0.3191078838174274,4820,2.150063008069992,0.31431535269709543,964,2.1438742227192167,0.3019,0.9694965051271295,0.08390736593337934,,,0.9300975079064496,,0.9301463913782575,0.0698536086217425,0.9922558743615135,0.14440116911932685,10,0.025,0.15,0.9211235156516723,0.9394740564881581,1.0,0.9461394734877,0.9335072962472982,0.9338915689376381,0.9348318646126813,0.9271191093489528,0.9235585213953811,0.9021732498838798,0.914156829431625,0.9226044303218882
6,3,1.882437914780208,0.3212664548343168,4406,2.1436409950256348,0.3064699205448354,881,2.143865811673901,0.3018,0.9738240733094448,0.08448365090079976,,,0.9499999999654641,,0.9500173293063326,0.04998267069366735,0.9923023145683056,0.14440342529318329,10,0.025,0.15,0.9237442612927821,0.9406684466637244,0.9461394734877,1.0,0.9382199165581422,0.9432988203315378,0.940230898587032,0.9365613287422989,0.9320201849745068,0.9034155234274543,0.9218899280078561,0.921791099232945
6,4,1.8879194902651237,0.31393482490272373,4112,2.151064872741699,0.29318734793187345,822,2.1438645260243474,0.3019,0.9679780828868839,0.08409244152475427,,,0.9364892510472519,,0.9365169744681553,0.0634830255318447,0.9922973271779362,0.14440197016438444,10,0.025,0.15,0.898647331235751,0.9248652167252087,0.9335072962472982,0.9382199165581422,1.0,0.9380550162279033,0.935974656586378,0.9337095910337123,0.9249469175808291,0.9065962043329728,0.9175378634682233,0.9276573414831916
6,5,1.8877095953110725,0.3237336076112111,3889,2.1534178256988525,0.2892030848329049,778,2.1438656517221957,0.3019,0.9717154508877506,0.08425399401247981,,,0.9420686037734975,,0.9421283688996716,0.05787163110032845,0.99230261614859,0.14440278365608544,10,0.025,0.15,0.9064758293537863,0.9269617737708122,0.9338915689376381,0.9432988203315378,0.9380550162279033,1.0,0.9442772813755187,0.9313184908966615,0.9318829293357546,0.9114949489224372,0.9233184026911229,0.9321484020239994
6,6,1.9197000684409307,0.30355699272433306,3711,2.143273194630941,0.3045822102425876,742,2.14388044272797,0.3019,0.9716695475267942,0.08411677593945391,,,0.9373296607797635,,0.9373586836328828,0.06264131636711723,0.9922612219644383,0.14440207052266546,10,0.025,0.15,0.8952925182525511,0.9163351019584194,0.9348318646126813,0.940230898587032,0.935974656586378,0.9442772813755187,1.0,0.9348833070481207,0.9399085067380994,0.9146782644598338,0.9259143499096277,0.9399228718083974
6,7,1.9024839958974293,0.30993265993265995,3564,2.140270709991455,0.31136044880785413,713,2.1438740808752517,0.3019,0.9683679128992012,0.08392786583760073,,,0.9308054895544926,,0.9308395636315624,0.0691604363684376,0.9922562938887104,0.14440118516471495,10,0.025,0.15,0.8822500596900942,0.9147638399833538,0.9271191093489528,0.9365613287422989,0.9337095910337123,0.9313184908966615,0.9348833070481207,1.0,0.9359183321239326,0.9180985305360233,0.9293660622391147,0.9399710528559375
6,8,1.9100886278682285,0.3092705608834641,3441,2.140787402788798,0.30377906976744184,688,2.1439029265053664,0.3021,0.9648346849275605,0.08354296978900039,,,0.9175127767754242,,0.9175702662111535,0.08242973378884655,0.9922071941314546,0.14439911198863825,10,0.025,0.15,0.8725272713977161,0.9077516467091923,0.9235585213953811,0.9320201849745068,0.9249469175808291,0.9318829293357546,0.9399085067380994,0.9359183321239326,1.0,0.9181240903986173,0.9219775507511393,0.934470264925593
6,9,1.9162756089810973,0.30440911817636473,3334,2.136094411214193,0.28785607196401797,667,2.1439213843285283,0.302,0.9465698418183858,0.08247363569659107,,,0.8805824133514486,,0.8806175834694921,0.11938241653050785,0.9921009018942374,0.1443884987624339,10,0.025,0.15,0.846963452670728,0.8798160202345988,0.9021732498838798,0.9034155234274543,0.9065962043329728,0.9114949489224372,0.9146782644598338,0.9180985305360233,0.9181240903986173,1.0,0.9093067251218754,0.9221612626191575
