round,client_id,client_i_training_loss,client_i_training_accuracy,client_i_training_dataset_size,client_i_evaluation_loss,client_i_evaluation_accuracy,client_i_evaluation_dataset_size,client_i_central_evaluation_loss,client_i_central_evaluation_accuracy,client_i_cosine_similarity,client_i_importance_coefficient,client_i_tanh_val,tanh_normalization_value,client_i_q,client_i_mask_order,client_i_v_nonzero_fraction,client_i_v_sparsity,client_i_v_cosine_similarity,client_i_reward_gradient_norm,local_epochs,learning_rate,gamma,client_0_cosine_similarity,client_1_cosine_similarity,client_2_cosine_similarity,client_3_cosine_similarity,client_4_cosine_similarity,client_5_cosine_similarity,client_6_cosine_similarity,client_7_cosine_similarity,client_8_cosine_similarity,client_9_cosine_similarity,client_10_cosine_similarity,client_11_cosine_similarity
0,0,1.9732658901103275,0.390990990990991,8214,2.267308323882347,0.19211102994886778,1369,2.266531251109065,0.2022,0.9657624320407698,0.08150575159627503,,,,,,,0,0,5,0.001,0.1,1.0,0.9884403183476737,0.9782702071226567,0.9646759108167088,0.9541316596130524,0.9451833083100112,0.9388169227073839,0.9269215647601311,0.9271175494293675,0.9171969362533711,0.9021500545771104,0.9045492312648311
0,1,2.093750748935255,0.3258898691816246,6574,2.26738292830331,0.20802919708029197,1096,2.266531251109065,0.2022,0.9872850864087326,0.08332216116286045,,,,,,,0,0,5,0.001,0.1,0.9884403183476737,1.0,0.9913387188813235,0.9869306334844952,0.9764307332105577,0.9761849705868897,0.96846751044665,0.9602365416034961,0.9601664272161283,0.9525799615907868,0.9424121915259732,0.9404050599115339
0,2,2.1424912024598095,0.34144907487463255,5783,2.2678942680358887,0.18775933609958506,964,2.266531251109065,0.2022,0.994156073357385,0.08390203975088413,,,,,,,0,0,5,0.001,0.1,0.9782702071226567,0.9913387188813235,1.0,0.9925757205905296,0.9877333281374333,0.9836281655148909,0.9833576978331198,0.9750626274952232,0.9751026195929724,0.9695673086574355,0.9537877028063256,0.9597063347458388
0,3,2.1664299951978476,0.2668432003026291,5287,2.2652770621435985,0.2054483541430193,881,2.266531251109065,0.2022,0.9972178692177986,0.08416044074532955,,,,,,,0,0,5,0.001,0.1,0.9646759108167088,0.9869306334844952,0.9925757205905296,1.0,0.9928293547412945,0.9919573163001314,0.9891507408745754,0.9840875666642612,0.9861857988257801,0.9788337562093663,0.9704916539887256,0.9727256161654667
0,4,2.183872216286198,0.251225937183384,4935,2.2626303067574134,0.2141119221411192,822,2.266531251109065,0.2022,0.9949264580527247,0.08396705655163009,,,,,,,0,0,5,0.001,0.1,0.9541316596130524,0.9764307332105577,0.9877333281374333,0.9928293547412945,1.0,0.9889181084757861,0.9910918169912704,0.9852390580831358,0.9893031184825152,0.983213588689362,0.9679775386825461,0.9807758938793671
0,5,2.1937645268766848,0.24392543389757873,4667,2.2674148082733154,0.18508997429305912,778,2.266531251109065,0.2022,0.9946546869473686,0.08394412036414825,,,,,,,0,0,5,0.001,0.1,0.9451833083100112,0.9761849705868897,0.9836281655148909,0.9919573163001314,0.9889181084757861,1.0,0.990809605434732,0.9904315994853166,0.98931021356781,0.9880832631290448,0.9795046617870605,0.9821096885384023
0,6,2.201486384868622,0.2880305412081743,4453,2.262675722440084,0.2223719676549865,742,2.266531251109065,0.2022,0.9937698506923823,0.08386944439663324,,,,,,,0,0,5,0.001,0.1,0.9388169227073839,0.96846751044665,0.9833576978331198,0.9891507408745754,0.9910918169912704,0.990809605434732,1.0,0.9901455484809806,0.9947702477661606,0.99171138646312,0.9804898993166089,0.9870218673707261
0,7,2.2119279480692167,0.2592938975917699,4277,2.2668437543122666,0.20196353436185133,713,2.266531251109065,0.2022,0.9892255737990949,0.08348592906060355,,,,,,,0,0,5,0.001,0.1,0.9269215647601311,0.9602365416034961,0.9750626274952232,0.9840875666642612,0.9852390580831358,0.9904315994853166,0.9901455484809806,1.0,0.9907869422520824,0.9904902760511678,0.9831663694177353,0.9872483870939333
0,8,2.212625255584717,0.24470816178251392,4129,2.2710820002989336,0.19912790697674418,688,2.266531251109065,0.2022,0.9902876293364649,0.08357556149187072,,,,,,,0,0,5,0.001,0.1,0.9271175494293675,0.9601664272161283,0.9751026195929724,0.9861857988257801,0.9893031184825152,0.98931021356781,0.9947702477661606,0.9907869422520824,1.0,0.9900315544478346,0.9840783931101048,0.991108073292104
0,9,2.2150299333390735,0.22249437640589853,4001,2.2616699763706754,0.21889055472263869,667,2.266531251109065,0.2022,0.9858712548987013,0.08320284051418696,,,,,,,0,0,5,0.001,0.1,0.9171969362533711,0.9525799615907868,0.9695673086574355,0.9788337562093663,0.983213588689362,0.9880832631290448,0.99171138646312,0.9904902760511678,0.9900315544478346,1.0,0.9820550304030797,0.9912719070856216
0,10,2.2213344527072594,0.24700437130367703,3889,2.2664860657283237,0.2037037037037037,648,2.266531251109065,0.2022,0.9759126139255941,0.08236237862577474,,,,,,,0,0,5,0.001,0.1,0.9021500545771104,0.9424121915259732,0.9537877028063256,0.9704916539887256,0.9679775386825461,0.9795046617870605,0.9804898993166089,0.9831663694177353,0.9840783931101048,0.9820550304030797,1.0,0.9805595935786113
0,11,2.225536912228881,0.17931944078079662,3791,2.2710654854774477,0.19778481012658228,632,2.266531251109065,0.2022,0.97994005808823,0.0827022757398031,,,,,,,0,0,5,0.001,0.1,0.9045492312648311,0.9404050599115339,0.9597063347458388,0.9727256161654667,0.9807758938793671,0.9821096885384023,0.9870218673707261,0.9872483870939333,0.991108073292104,0.9912719070856216,0.9805595935786113,1.0
1,0,1.7195096943628927,0.5125882639396153,8214,2.2069552831871566,0.2498173849525201,1369,2.2055145003163394,0.2666,0.9820579626050656,0.08179865366702886,,,,,,,0,0,5,0.001,0.1,1.0,0.9943553380579837,0.9914580670199368,0.9867591652565105,0.9813360191442769,0.9772994551454374,0.9748275026673725,0.970792157661091,0.9672728204156351,0.9614283891269512,0.9598583995685073,0.9585799589646073
1,1,1.8621349840488248,0.4706114998478856,6574,2.207480525970459,0.2755474452554745,1096,2.2055145003163394,0.2666,0.993059984877707,0.08326979449123195,,,,,,,0,0,5,0.001,0.1,0.9943553380579837,1.0,0.9969608805902015,0.9955378933401613,0.9910613057380507,0.9908764647225996,0.9880121791364335,0.9854866603781336,0.9822664174699561,0.9781393405803334,0.978005464169544,0.9743904689396785
1,2,1.9229203819569962,0.49991353968528446,5783,2.206882761370751,0.26141078838174275,964,2.2055145003163394,0.2666,0.995862500810272,0.0837165045442203,,,,,,,0,0,5,0.001,0.1,0.9914580670199368,0.9969608805902015,1.0,0.9972718305210025,0.9949746362912877,0.9932792918705459,0.9923522218531241,0.9895513196102484,0.9865880099965431,0.983728873821162,0.9816490849982029,0.9806364945486883
1,3,1.9690331308238478,0.42950633629657653,5287,2.2053671138627187,0.2633371169125993,881,2.2055145003163394,0.2666,0.9980458597995112,0.08394577057791033,,,,,,,0,0,5,0.001,0.1,0.9867591652565105,0.9955378933401613,0.9972718305210025,1.0,0.9970063751496008,0.9962522530507752,0.9949690384488018,0.9931859823648118,0.9917539779031886,0.9879338650745246,0.9879940393145512,0.985783701137199
1,4,2.0068282150453136,0.42609929078014186,4935,2.20067391028771,0.29318734793187345,822,2.2055145003163394,0.2666,0.9979665464534826,0.08382444269776444,,,,,,,0,0,5,0.001,0.1,0.9813360191442769,0.9910613057380507,0.9949746362912877,0.9970063751496008,1.0,0.9957338317591303,0.9963154759241267,0.9937290333501557,0.9940418716516286,0.9907931613779778,0.9882299862223878,0.9902109011279091
1,5,2.029300118799079,0.4342832654810371,4667,2.207604446411133,0.23393316195372751,778,2.2055145003163394,0.2666,0.9986560732348654,0.08383264430015737,,,,,,,0,0,5,0.001,0.1,0.9772994551454374,0.9908764647225996,0.9932792918705459,0.9962522530507752,0.9957338317591303,1.0,0.9973572810431375,0.996613700382791,0.995083269750522,0.9939111311840393,0.9934137742178355,0.9918381212986379
1,6,2.0378499516419004,0.44900067370312147,4453,2.1993180016676583,0.2884097035040431,742,2.2055145003163394,0.2666,0.9984037202568833,0.08377862628862083,,,,,,,0,0,5,0.001,0.1,0.9748275026673725,0.9880121791364335,0.9923522218531241,0.9949690384488018,0.9963154759241267,0.9973572810431375,1.0,0.9960498485949163,0.9966532803773459,0.9952348982036321,0.9932455416542817,0.9936010102053342
1,7,2.064161206893067,0.4231003039513678,4277,2.204289965007616,0.26928471248246844,713,2.2055145003163394,0.2666,0.9970775088072882,0.0835002285506995,,,,,,,0,0,5,0.001,0.1,0.970792157661091,0.9854866603781336,0.9895513196102484,0.9931859823648118,0.9937290333501557,0.996613700382791,0.9960498485949163,1.0,0.9942663302165089,0.994980884952945,0.9952471200514491,0.9928984815508617
1,8,2.062327043093168,0.4250423831436183,4129,2.208169015971097,0.2703488372093023,688,2.2055145003163394,0.2666,0.9961053718053584,0.08352385272889903,,,,,,,0,0,5,0.001,0.1,0.9672728204156351,0.9822664174699561,0.9865880099965431,0.9917539779031886,0.9940418716516286,0.995083269750522,0.9966532803773459,0.9942663302165089,1.0,0.9941960341184137,0.9936764690780908,0.9953521372213804
1,9,2.074610665866307,0.40374906273431643,4001,2.2018676144736156,0.28785607196401797,667,2.2055145003163394,0.2666,0.9943589013340972,0.08323850018228256,,,,,,,0,0,5,0.001,0.1,0.9614283891269512,0.9781393405803334,0.983728873821162,0.9879338650745246,0.9907931613779778,0.9939111311840393,0.9952348982036321,0.994980884952945,0.9941960341184137,1.0,0.9941938189924724,0.995765443691372
1,10,2.0872747087087786,0.4047312933916174,3889,2.2041717824481784,0.25925925925925924,648,2.2055145003163394,0.2666,0.9933526229999045,0.08268981620002099,,,,,,,0,0,5,0.001,0.1,0.9598583995685073,0.978005464169544,0.9816490849982029,0.9879940393145512,0.9882299862223878,0.9934137742178355,0.9932455416542817,0.9952471200514491,0.9936764690780908,0.9941938189924724,1.0,0.9928314389936925
1,11,2.094768872781962,0.36428383012397786,3791,2.2115840673446656,0.2579113924050633,632,2.2055145003163394,0.2666,0.9928145052396583,0.08288116577116406,,,,,,,0,0,5,0.001,0.1,0.9585799589646073,0.9743904689396785,0.9806364945486883,0.985783701137199,0.9902109011279091,0.9918381212986379,0.9936010102053342,0.9928984815508617,0.9953521372213804,0.995765443691372,0.9928314389936925,1.0
2,0,1.5381204653806724,0.5684928171414658,8214,2.130169386087462,0.3966398831263696,1369,2.128198894829796,0.4109,0.9880004395194768,0.08211298691544865,,,,,,,0,0,5,0.001,0.1,1.0,0.9953423588987682,0.9934923083470448,0.9904167697209395,0.9868651741612735,0.9847818767150076,0.9835384655136661,0.9806263288524434,0.9789412065750388,0.974782150130351,0.9735858589008841,0.9738866100739767
2,1,1.6688275413027087,0.5379069059933069,6574,2.1314546857561383,0.4096715328467153,1096,2.128198894829796,0.4109,0.9960606533537542,0.08327618141410374,,,,,,,0,0,5,0.001,0.1,0.9953423588987682,1.0,0.9976760206985256,0.9970032399981752,0.9941828312067248,0.9946072960381218,0.9930486946281156,0.9913755017623399,0.9901376116683076,0.9870283079495273,0.986711313900423,0.9853715084130111
2,2,1.7191383544252723,0.5702576517378524,5783,2.1297845378998788,0.4315352697095436,964,2.128198894829796,0.4109,0.9972197705277424,0.08358776966243422,,,,,,,0,0,5,0.001,0.1,0.9934923083470448,0.9976760206985256,1.0,0.9979814151564523,0.9965454167221802,0.9954545729384696,0.9948867462320499,0.9932428571863915,0.9915748809295647,0.9892157653715802,0.9880957210359961,0.9881202093711673
2,3,1.7726181206932987,0.515226026101759,5287,2.1294236864362444,0.4108967082860386,881,2.128198894829796,0.4109,0.9985228567843645,0.08377056155840695,,,,,,,0,0,5,0.001,0.1,0.9904167697209395,0.9970032399981752,0.9979814151564523,1.0,0.997839980493358,0.9972503755057442,0.9965416980774778,0.9955841171703229,0.9944785421206163,0.9918754540470623,0.9918210197478046,0.9910241127361035
2,4,1.8150274541301112,0.5151773049645391,4935,2.12242983854734,0.4233576642335766,822,2.128198894829796,0.4109,0.998332478862986,0.08368995270607361,,,,,,,0,0,5,0.001,0.1,0.9868651741612735,0.9941828312067248,0.9965454167221802,0.997839980493358,1.0,0.9968305565554256,0.9971306324854731,0.9955306705144921,0.9954792657834133,0.9932911531154396,0.9923401550718464,0.993462252817724
2,5,1.8436971755876934,0.5225198200128562,4667,2.132069606781006,0.37146529562982006,778,2.128198894829796,0.4109,0.9990468858186387,0.08371806162709174,,,,,,,0,0,5,0.001,0.1,0.9847818767150076,0.9946072960381218,0.9954545729384696,0.9972503755057442,0.9968305565554256,1.0,0.998130545909752,0.9976332015628433,0.9972623404447383,0.9955947546216747,0.9954835221278321,0.9950057762920382
2,6,1.853131092275892,0.5307882326521446,4453,2.1193928519884744,0.4339622641509434,742,2.128198894829796,0.4109,0.9989350644121473,0.08368129861113886,,,,,,,0,0,5,0.001,0.1,0.9835384655136661,0.9930486946281156,0.9948867462320499,0.9965416980774778,0.9971306324854731,0.998130545909752,1.0,0.9974526287092941,0.9978225889609887,0.9964654381024732,0.9957938431993912,0.995876554228885
2,7,1.888006231678066,0.505775075987842,4277,2.124961282895959,0.3884992987377279,713,2.128198894829796,0.4109,0.9980738133258183,0.08348262572136123,,,,,,,0,0,5,0.001,0.1,0.9806263288524434,0.9913755017623399,0.9932428571863915,0.9955841171703229,0.9955306705144921,0.9976332015628433,0.9974526287092941,1.0,0.996889575352524,0.996063437482103,0.9966015182215305,0.9953734825615251
2,8,1.888506630750803,0.5024945507386777,4129,2.1284293803301724,0.4331395348837209,688,2.128198894829796,0.4109,0.9977228878668299,0.08348578901566453,,,,,,,0,0,5,0.001,0.1,0.9789412065750388,0.9901376116683076,0.9915748809295647,0.9944785421206163,0.9954792657834133,0.9972623404447383,0.9978225889609887,0.996889575352524,1.0,0.9960519136944986,0.9967167015809159,0.9968139032407695
2,9,1.903262323803372,0.4991752061984504,4001,2.1257683436075845,0.4257871064467766,667,2.128198894829796,0.4109,0.9961394077891531,0.08325951971502041,,,,,,,0,0,5,0.001,0.1,0.974782150130351,0.9870283079495273,0.9892157653715802,0.9918754540470623,0.9932911531154396,0.9955947546216747,0.9964654381024732,0.996063437482103,0.9960519136944986,1.0,0.9963454488827602,0.9965085562022656
2,10,1.9219792637668671,0.4864489586011828,3889,2.1251643158140636,0.42746913580246915,648,2.128198894829796,0.4109,0.9957954517224823,0.08291167944381664,,,,,,,0,0,5,0.001,0.1,0.9735858589008841,0.986711313900423,0.9880957210359961,0.9918210197478046,0.9923401550718464,0.9954835221278321,0.9957938431993912,0.9966015182215305,0.9967167015809159,0.9963454488827602,1.0,0.9956234628803666
2,11,1.9330796770688867,0.4742284357689264,3791,2.1364577293395994,0.3860759493670886,632,2.128198894829796,0.4109,0.9956239943490349,0.08302357360943956,,,,,,,0,0,5,0.001,0.1,0.9738866100739767,0.9853715084130111,0.9881202093711673,0.9910241127361035,0.993462252817724,0.9950057762920382,0.995876554228885,0.9953734825615251,0.9968139032407695,0.9965085562022656,0.9956234628803666,1.0
3,0,1.4013001315324687,0.5988312636961286,8214,2.0370890151622683,0.4718772826880935,1369,2.0346149499423967,0.4921,0.989886846635879,0.08235136287294723,,,,,,,0,0,5,0.001,0.1,1.0,0.9957252868920617,0.9937416652676644,0.9912838514288695,0.9884348253479115,0.9869966008438241,0.9862227943592111,0.983580532133837,0.9826213673294689,0.9790041500088182,0.9782464197614242,0.9786500527537955
3,1,1.5177041998766,0.5691816245816854,6574,2.0391412769045147,0.4844890510948905,1096,2.0346149499423967,0.4921,0.9966313544636132,0.08328289640494363,,,,,,,0,0,5,0.001,0.1,0.9957252868920617,1.0,0.9975517225439036,0.9969059575462454,0.9947538306381981,0.995210425715779,0.9942304554212013,0.992540854187608,0.991613890573138,0.9890744403809146,0.9890616375302477,0.9884082194371523
3,2,1.5519461461193653,0.6055680442676812,5783,2.0362634428085817,0.5020746887966805,964,2.0346149499423967,0.4921,0.9979050564241403,0.08351521715318795,,,,,,,0,0,5,0.001,0.1,0.9937416652676644,0.9975517225439036,1.0,0.9978598035971697,0.9971522078145494,0.9962215579453328,0.996154208123557,0.9942814106363095,0.9933721965607792,0.9918414463216013,0.9910408627759049,0.9910498133948775
3,3,1.6038264517324516,0.5598259882731228,5287,2.0375562693391527,0.4960272417707151,881,2.0346149499423967,0.4921,0.9985977105315379,0.08364974521719583,,,,,,,0,0,5,0.001,0.1,0.9912838514288695,0.9969059575462454,0.9978598035971697,1.0,0.9976222502573612,0.9973383190032787,0.9968485899851255,0.9961696625370182,0.9950207020976345,0.9931846642356144,0.993433418677015,0.9928499739581091
3,4,1.6456781050466722,0.5627558257345492,4935,2.0275856210635257,0.5024330900243309,822,2.0346149499423967,0.4921,0.9983513287167375,0.08359232769670302,,,,,,,0,0,5,0.001,0.1,0.9884348253479115,0.9947538306381981,0.9971522078145494,0.9976222502573612,1.0,0.9968184990704404,0.9973625440085401,0.9956395076244892,0.995431770146359,0.9944986718368259,0.9936814904621376,0.9941424685934723
3,5,1.673028333056463,0.5699592886222413,4667,2.040823640823364,0.4434447300771208,778,2.0346149499423967,0.4921,0.9990606535103482,0.0836324821537629,,,,,,,0,0,5,0.001,0.1,0.9869966008438241,0.995210425715779,0.9962215579453328,0.9973383190032787,0.9968184990704404,1.0,0.9982114465308557,0.9977259585718653,0.9971970630773501,0.9960109362563396,0.9962815470903805,0.9960065127184137
3,6,1.6797221328530993,0.5695935324500336,4453,2.0230196764071784,0.5121293800539084,742,2.0346149499423967,0.4921,0.9989584663067909,0.08360662466686318,,,,,,,0,0,5,0.001,0.1,0.9862227943592111,0.9942304554212013,0.996154208123557,0.9968485899851255,0.9973625440085401,0.9982114465308557,1.0,0.9973713634222345,0.9973607771516683,0.9966951121015307,0.9962534585160583,0.9960756909697369
3,7,1.7174358291412468,0.555015197568389,4277,2.0294011520302813,0.48246844319775595,713,2.0346149499423967,0.4921,0.9981321354855032,0.08345803519292348,,,,,,,0,0,5,0.001,0.1,0.983580532133837,0.992540854187608,0.9942814106363095,0.9961696625370182,0.9956395076244892,0.9977259585718653,0.9973713634222345,1.0,0.9966374102034213,0.9960280433817903,0.9969676417740541,0.9959458228901652
3,8,1.7174191882060124,0.5514168079438121,4129,2.0321387377652256,0.5348837209302325,688,2.0346149499423967,0.4921,0.997879619761227,0.08345182135961973,,,,,,,0,0,5,0.001,0.1,0.9826213673294689,0.991613890573138,0.9933721965607792,0.9950207020976345,0.995431770146359,0.9971970630773501,0.9973607771516683,0.9966374102034213,1.0,0.9963626838675164,0.9967000325646203,0.9975511329267442
3,9,1.7341611203693208,0.5615096225943514,4001,2.0334609917231967,0.527736131934033,667,2.0346149499423967,0.4921,0.9967142913820558,0.08327535133155042,,,,,,,0,0,5,0.001,0.1,0.9790041500088182,0.9890744403809146,0.9918414463216013,0.9931846642356144,0.9944986718368259,0.9960109362563396,0.9966951121015307,0.9960280433817903,0.9963626838675164,1.0,0.9965386143665561,0.996665305528634
3,10,1.754483148309051,0.5314476729236307,3889,2.0296173209235784,0.5030864197530864,648,2.0346149499423967,0.4921,0.9966209638352708,0.08305890597231409,,,,,,,0,0,5,0.001,0.1,0.9782464197614242,0.9890616375302477,0.9910408627759049,0.993433418677015,0.9936814904621376,0.9962815470903805,0.9962534585160583,0.9969676417740541,0.9967000325646203,0.9965386143665561,1.0,0.9965882278341629
3,11,1.7682940649385213,0.5332102347665524,3791,2.045476508140564,0.46677215189873417,632,2.0346149499423967,0.4921,0.9965487165686542,0.08312522997798837,,,,,,,0,0,5,0.001,0.1,0.9786500527537955,0.9884082194371523,0.9910498133948775,0.9928499739581091,0.9941424685934723,0.9960065127184137,0.9960756909697369,0.9959458228901652,0.9975511329267442,0.996665305528634,0.9965882278341629,1.0
4,0,1.2946052225647269,0.615826637448259,8214,1.9290149100991183,0.5412710007304602,1369,1.926056752570521,0.5528,0.9902745998682236,0.08250527517471012,,,,,,,0,0,5,0.001,0.1,1.0,0.9953628276076416,0.9933690479079289,0.9912450335243581,0.9880948937110727,0.9872390431862654,0.9862991035755357,0.9845972307675714,0.9835882187156447,0.9800629104680713,0.9803224933772253,0.9807495919621442
4,1,1.3968748203759054,0.5954365682993611,6574,1.9319340705871582,0.5401459854014599,1096,1.926056752570521,0.5528,0.9970014130914671,0.08329404574300557,,,,,,,0,0,5,0.001,0.1,0.9953628276076416,1.0,0.9972996205056723,0.9968126275570152,0.9947834116217646,0.9953836051579085,0.9946078220183121,0.9932672407178698,0.9927239367410132,0.9901719894419985,0.9906987027171725,0.9901999038998254
4,2,1.416018500775922,0.6240359674909217,5783,1.9276522667177263,0.5622406639004149,964,1.926056752570521,0.5528,0.9979072060889174,0.08346583723542386,,,,,,,0,0,5,0.001,0.1,0.9933690479079289,0.9972996205056723,1.0,0.9976307255925144,0.9968606468393697,0.9961360823653678,0.9955542079739621,0.994887200585515,0.9935768077645998,0.9921078394530415,0.992340751331916,0.9923506851994378
4,3,1.463687034687364,0.5920938150179686,5287,1.931049793958664,0.565266742338252,881,1.926056752570521,0.5528,0.9986554696691455,0.08357254064006353,,,,,,,0,0,5,0.001,0.1,0.9912450335243581,0.9968126275570152,0.9976307255925144,1.0,0.9977354754269276,0.9970365952172405,0.99691446376797,0.9963240556589221,0.9953598315360971,0.9938354514451043,0.9943632441780755,0.9937779295969696
4,4,1.5030392004597573,0.5965957446808511,4935,1.9175550845953135,0.559610705596107,822,1.926056752570521,0.5528,0.9983767985777755,0.08352831295206876,,,,,,,0,0,5,0.001,0.1,0.9880948937110727,0.9947834116217646,0.9968606468393697,0.9977354754269276,1.0,0.9968017784531846,0.9973311832494294,0.9961739907747708,0.9954562999848938,0.9946523729086051,0.9948026800504037,0.9949772484518351
4,5,1.5265184222835384,0.5964859652881938,4667,1.9351217555999756,0.5025706940874036,778,1.926056752570521,0.5528,0.9989709991072131,0.08357213799466288,,,,,,,0,0,5,0.001,0.1,0.9872390431862654,0.9953836051579085,0.9961360823653678,0.9970365952172405,0.9968017784531846,1.0,0.9979459004444725,0.9976005363195367,0.9971033972213833,0.996360667286948,0.9966192051853724,0.9965516834125413
4,6,1.5300609406403134,0.5932629687850887,4453,1.911574438214302,0.5660377358490566,742,1.926056752570521,0.5528,0.9987885195776931,0.08355038034171217,,,,,,,0,0,5,0.001,0.1,0.9862991035755357,0.9946078220183121,0.9955542079739621,0.99691446376797,0.9973311832494294,0.9979459004444725,1.0,0.9972949946386527,0.9973261599027994,0.9964405358873842,0.9963808082368172,0.9964879732490305
4,7,1.5661588119037115,0.5864858545709609,4277,1.9185532590617305,0.5469845722300141,713,1.926056752570521,0.5528,0.9982486505638025,0.0834417790457476,,,,,,,0,0,5,0.001,0.1,0.9845972307675714,0.9932672407178698,0.994887200585515,0.9963240556589221,0.9961739907747708,0.9976005363195367,0.9972949946386527,1.0,0.9967427408646067,0.995812176170295,0.9970924895515177,0.9963245826827332
4,8,1.5657171736313746,0.5751513683700654,4129,1.9203442443500867,0.5915697674418605,688,1.926056752570521,0.5528,0.9978971149930036,0.08342661462452211,,,,,,,0,0,5,0.001,0.1,0.9835882187156447,0.9927239367410132,0.9935768077645998,0.9953598315360971,0.9954562999848938,0.9971033972213833,0.9973261599027994,0.9967427408646067,1.0,0.9959392867829383,0.9971213082239047,0.9969726058354375
4,9,1.5814632323053148,0.5864033991502124,4001,1.9263925438835507,0.5637181409295352,667,1.926056752570521,0.5528,0.9967705918353246,0.08328196267912817,,,,,,,0,0,5,0.001,0.1,0.9800629104680713,0.9901719894419985,0.9921078394530415,0.9938354514451043,0.9946523729086051,0.996360667286948,0.9964405358873842,0.995812176170295,0.9959392867829383,1.0,0.9966546011940136,0.9963723418926964
4,10,1.6034088644825044,0.5661095397274364,3889,1.9184468814304896,0.5679012345679012,648,1.926056752570521,0.5528,0.9971811117482987,0.08316241839173948,,,,,,,0,0,5,0.001,0.1,0.9803224933772253,0.9906987027171725,0.992340751331916,0.9943632441780755,0.9948026800504037,0.9966192051853724,0.9963808082368172,0.9970924895515177,0.9971213082239047,0.9966546011940136,1.0,0.9969328297077381
4,11,1.6169842894337758,0.5659192825112107,3791,1.9398700892925262,0.5427215189873418,632,1.926056752570521,0.5528,0.9970443430941232,0.08319869517721584,,,,,,,0,0,5,0.001,0.1,0.9807495919621442,0.9901999038998254,0.9923506851994378,0.9937779295969696,0.9949772484518351,0.9965516834125413,0.9964879732490305,0.9963245826827332,0.9969726058354375,0.9963723418926964,0.9969328297077381,1.0
5,0,1.2081786392263865,0.6334550766983199,8214,1.8088932647261509,0.5931336742147553,1369,1.8053638855108438,0.6019,0.9902974247940594,0.08260239296930998,,,,,,,0,0,5,0.001,0.1,1.0,0.9950930834979396,0.9928982315451318,0.9907387444366599,0.9874718457234603,0.9872129168940994,0.9862901154111563,0.9844291174345569,0.9841200938596157,0.9802595597893307,0.9807978277398928,0.9811503086685599
5,1,1.299035539557633,0.611621539397627,6574,1.8124799762453352,0.6058394160583942,1096,1.8053638855108438,0.6019,0.9967804005601563,0.08329571300974918,,,,,,,0,0,5,0.001,0.1,0.9950930834979396,1.0,0.9969360435810765,0.9963097431561908,0.9940153883894677,0.9949892770049573,0.9942505094095675,0.9927939324857628,0.9927645182357285,0.9900102447164898,0.990605408542117,0.9901650021285525
5,2,1.3065299144107334,0.6411205256787135,5783,1.8067985888450377,0.6047717842323651,964,1.8053638855108438,0.6019,0.9980678914173231,0.08344269590572836,,,,,,,0,0,5,0.001,0.1,0.9928982315451318,0.9969360435810765,1.0,0.9972445117550822,0.9967026305378244,0.9960646260281842,0.9959735401505748,0.9945627215550663,0.9944011239673898,0.9927020899767681,0.9929950445356521,0.9928213666094157
5,3,1.3476596537842809,0.614110081331568,5287,1.812527026448931,0.6083995459704881,881,1.8053638855108438,0.6019,0.9984257871848975,0.0835197233119103,,,,,,,0,0,5,0.001,0.1,0.9907387444366599,0.9963097431561908,0.9972445117550822,1.0,0.9973154036416493,0.9967809114145262,0.9967633586036776,0.9960165217083635,0.9953600799613992,0.9931501154754104,0.9942791500773149,0.9935965120581961
5,4,1.384271668541816,0.6142654508611955,4935,1.7951748554523175,0.6155717761557178,822,1.8053638855108438,0.6019,0.9982226834968134,0.08348602775143109,,,,,,,0,0,5,0.001,0.1,0.9874718457234603,0.9940153883894677,0.9967026305378244,0.9973154036416493,1.0,0.9965278081913512,0.9972621948149569,0.9957518379527326,0.9952973216471283,0.9948203255117865,0.9950491875417068,0.9948839461922453
5,5,1.4041836603047098,0.6163702592671952,4667,1.8177310991287232,0.5449871465295629,778,1.8053638855108438,0.6019,0.9988552405521995,0.08353334463321956,,,,,,,0,0,5,0.001,0.1,0.9872129168940994,0.9949892770049573,0.9960646260281842,0.9967809114145262,0.9965278081913512,1.0,0.997812570135544,0.9971382932956212,0.9971093804325719,0.9960022998435851,0.9965534823805707,0.9964755296315867
5,6,1.4026742689950125,0.6213788457219852,4453,1.7881511251131694,0.610512129380054,742,1.8053638855108438,0.6019,0.9987921510739863,0.08351795746883985,,,,,,,0,0,5,0.001,0.1,0.9862901154111563,0.9942505094095675,0.9959735401505748,0.9967633586036776,0.9972621948149569,0.997812570135544,1.0,0.9972488353831348,0.9971865561684312,0.9962740086372848,0.9964364679802047,0.9964030905456405
5,7,1.437955131459592,0.6088379705400983,4277,1.7953383507935896,0.6016830294530154,713,1.8053638855108438,0.6019,0.9980155108182962,0.08342624302713442,,,,,,,0,0,5,0.001,0.1,0.9844291174345569,0.9927939324857628,0.9945627215550663,0.9960165217083635,0.9957518379527326,0.9971382932956212,0.9972488353831348,1.0,0.9967340036988676,0.9954420085960972,0.9966488795014317,0.9958352207346615
5,8,1.4406849809793325,0.5988859287963187,4129,1.7959953438151965,0.6555232558139535,688,1.8053638855108438,0.6019,0.9979578602345147,0.08341507690081,,,,,,,0,0,5,0.001,0.1,0.9841200938596157,0.9927645182357285,0.9944011239673898,0.9953600799613992,0.9952973216471283,0.9971093804325719,0.9971865561684312,0.9967340036988676,1.0,0.9955511894921779,0.9965491155163084,0.9968405621448982
5,9,1.4523032623624044,0.6066483379155211,4001,1.8070489168167114,0.5997001499250375,667,1.8053638855108438,0.6019,0.9966998885525631,0.08328569924149634,,,,,,,0,0,5,0.001,0.1,0.9802595597893307,0.9900102447164898,0.9927020899767681,0.9931501154754104,0.9948203255117865,0.9960022998435851,0.9962740086372848,0.9954420085960972,0.9955511894921779,1.0,0.9965694914423971,0.9960633673501319
5,10,1.4716504959786525,0.5889946001542813,3889,1.794631214368911,0.6003086419753086,648,1.8053638855108438,0.6019,0.9972301867165441,0.08322947559143312,,,,,,,0,0,5,0.001,0.1,0.9807978277398928,0.990605408542117,0.9929950445356521,0.9942791500773149,0.9950491875417068,0.9965534823805707,0.9964364679802047,0.9966488795014317,0.9965491155163084,0.9965694914423971,1.0,0.9967091054505516
5,11,1.4845971616376348,0.5921920337641783,3791,1.8226604282855987,0.5886075949367089,632,1.8053638855108438,0.6019,0.997041796635507,0.08324565018893759,,,,,,,0,0,5,0.001,0.1,0.9811503086685599,0.9901650021285525,0.9928213666094157,0.9935965120581961,0.9948839461922453,0.9964755296315867,0.9964030905456405,0.9958352207346615,0.9968405621448982,0.9960633673501319,0.9967091054505516,1.0
6,0,1.1380064799627905,0.6452885317750182,8214,1.6808959162512491,0.6092037983929875,1369,1.6767754794690555,0.6248,0.989919809828685,0.0826578207173947,,,,,,,0,0,5,0.001,0.1,1.0,0.994334458104675,0.991998698146502,0.9897330830744232,0.9863191821248535,0.9866848168142468,0.9849625568500576,0.983720302653103,0.9832028900718554,0.9803709345197151,0.9807563171668839,0.9808764321927189
6,1,1.2184807661088926,0.6249467599634926,6574,1.6849977016448974,0.6405109489051095,1096,1.6767754794690555,0.6248,0.9966054716374965,0.08329918301094875,,,,,,,0,0,5,0.001,0.1,0.994334458104675,1.0,0.9964550960656073,0.9957306202445447,0.993218131908893,0.9944743022362077,0.99359114823305,0.9923896421542824,0.9919879403739338,0.990152266361052,0.9907063373387058,0.9897955707752546
6,2,1.2161076406747597,0.6536745633754106,5783,1.6779305088904597,0.6244813278008299,964,1.6767754794690555,0.6248,0.997825737537921,0.0834287858286968,,,,,,,0,0,5,0.001,0.1,0.991998698146502,0.9964550960656073,1.0,0.996639732838205,0.9958108065123101,0.9955428112413092,0.995192628774066,0.9942297439574783,0.9934867602916634,0.9923926132588047,0.9932574672748916,0.9923917826005596
6,3,1.2526423698448272,0.6286362776621903,5287,1.686221522944314,0.6345062429057888,881,1.6767754794690555,0.6248,0.9982883464873019,0.08349099253367853,,,,,,,0,0,5,0.001,0.1,0.9897330830744232,0.9957306202445447,0.996639732838205,1.0,0.9966272488953636,0.9964149257220256,0.996115093253177,0.99556894851527,0.9949697806275908,0.9934014205008332,0.9942318305282511,0.9934708966908983
6,4,1.2874033816399113,0.628693009118541,4935,1.6647889018058777,0.635036496350365,822,1.6767754794690555,0.6248,0.9977127779562449,0.08345172730189328,,,,,,,0,0,5,0.001,0.1,0.9863191821248535,0.993218131908893,0.9958108065123101,0.9966272488953636,1.0,0.9955029695845139,0.9963136644030413,0.9951024535734629,0.9939598020549342,0.9943924073829706,0.9947309721439231,0.9940165512213062
6,5,1.3032900019051277,0.6266980929933577,4667,1.6927898216247559,0.5784061696658098,778,1.6767754794690555,0.6248,0.9986581571859009,0.08351129444715137,,,,,,,0,0,5,0.001,0.1,0.9866848168142468,0.9944743022362077,0.9955428112413092,0.9964149257220256,0.9955029695845139,1.0,0.9971346987969826,0.996659627472094,0.9965105923220879,0.9960231230910354,0.9963065342125085,0.9960508145958218
6,6,1.297779353771891,0.6331461935773636,4453,1.6573737959067028,0.6253369272237197,742,1.6767754794690555,0.6248,0.9983597734352315,0.08349221578298441,,,,,,,0,0,5,0.001,0.1,0.9849625568500576,0.99359114823305,0.995192628774066,0.996115093253177,0.9963136644030413,0.9971346987969826,1.0,0.9967243528593651,0.9962659183582233,0.995859809921888,0.9960916873001352,0.9954678198529237
6,7,1.3314301628675034,0.6231470657002572,4277,1.6644562482833862,0.635343618513324,713,1.6767754794690555,0.6248,0.9977939775792801,0.08341766415258259,,,,,,,0,0,5,0.001,0.1,0.983720302653103,0.9923896421542824,0.9942297439574783,0.99556894851527,0.9951024535734629,0.996659627472094,0.9967243528593651,1.0,0.9956656136460331,0.9953884915668931,0.9963814123218162,0.9951182418945648
6,8,1.3297538700470557,0.616856381690482,4129,1.6633488806811245,0.6627906976744186,688,1.6767754794690555,0.6248,0.9974094436053109,0.08339839330975815,,,,,,,0,0,5,0.001,0.1,0.9832028900718554,0.9919879403739338,0.9934867602916634,0.9949697806275908,0.9939598020549342,0.9965105923220879,0.9962659183582233,0.9956656136460331,1.0,0.9946764957270803,0.9958030053913794,0.9958209318329883
6,9,1.3468486028058189,0.6240939765058735,4001,1.6795728887830461,0.616191904047976,667,1.6767754794690555,0.6248,0.9967523715638822,0.08329778259295735,,,,,,,0,0,5,0.001,0.1,0.9803709345197151,0.990152266361052,0.9923926132588047,0.9934014205008332,0.9943924073829706,0.9960231230910354,0.995859809921888,0.9953884915668931,0.9946764957270803,1.0,0.99619650714031,0.9956242213164472
6,10,1.3618367459930358,0.6070455129853433,3889,1.6621940079189481,0.625,648,1.6767754794690555,0.6248,0.997269541527476,0.08327998481252927,,,,,,,0,0,5,0.001,0.1,0.9807563171668839,0.9907063373387058,0.9932574672748916,0.9942318305282511,0.9947309721439231,0.9963065342125085,0.9960916873001352,0.9963814123218162,0.9958030053913794,0.99619650714031,1.0,0.9962031450208626
6,11,1.3742781463791343,0.6052756528620417,3791,1.697594678401947,0.6170886075949367,632,1.6767754794690555,0.6248,0.9967817292644088,0.0832741555094245,,,,,,,0,0,5,0.001,0.1,0.9808764321927189,0.9897955707752546,0.9923917826005596,0.9934708966908983,0.9940165512213062,0.9960508145958218,0.9954678198529237,0.9951182418945648,0.9958209318329883,0.9956242213164472,0.9962031450208626,1.0
7,0,1.0787759792480023,0.6563428293158022,8214,1.5504707208899564,0.6303871439006574,1369,1.5457816253454921,0.6379,0.9891484001119586,0.08267956023371956,,,,,,,0,0,5,0.001,0.1,1.0,0.9937636453230856,0.9908659092175081,0.9885485038403198,0.9846192910324029,0.9848674500639456,0.9839315489080446,0.9822715122535216,0.9819871153337012,0.9783881328235767,0.9800112988160575,0.9798000808522226
7,1,1.150858880709676,0.6327958624885914,6574,1.554991384914943,0.6414233576642335,1096,1.5457816253454921,0.6379,0.9961023147328968,0.08329779786643995,,,,,,,0,0,5,0.001,0.1,0.9937636453230856,1.0,0.995597209122838,0.9948811534292148,0.9921839242963617,0.9933424606754263,0.9926004514918843,0.991284733918253,0.9910159672230117,0.9887588202489871,0.989824872326017,0.9888513315686215
7,2,1.1404060544230004,0.6596922012796127,5783,1.54668689158655,0.6348547717842323,964,1.5457816253454921,0.6379,0.9974565068993226,0.08342107993975563,,,,,,,0,0,5,0.001,0.1,0.9908659092175081,0.995597209122838,1.0,0.9957730608622148,0.9950115304984248,0.9945464118801564,0.9943918479132088,0.9930261749979623,0.9929817906295143,0.9914182944435822,0.9928311641380206,0.9918154147294624
7,3,1.1732481904058571,0.6382069226404388,5287,1.55739626288414,0.6435868331441543,881,1.5457816253454921,0.6379,0.9979123077962632,0.08347398045895311,,,,,,,0,0,5,0.001,0.1,0.9885485038403198,0.9948811534292148,0.9957730608622148,1.0,0.9957372040647756,0.9954791373768954,0.9952442756033736,0.9950060963507908,0.9942232983620845,0.9924229128245066,0.9937330398420097,0.9926326510915414
7,4,1.2059155054246227,0.64016210739615,4935,1.5321611395249,0.6545012165450121,822,1.5457816253454921,0.6379,0.9974557677351616,0.08343513575046121,,,,,,,0,0,5,0.001,0.1,0.9846192910324029,0.9921839242963617,0.9950115304984248,0.9957372040647756,1.0,0.9946550103521846,0.995745536860353,0.9943942856331194,0.9938680828722357,0.9941612497037668,0.9947249961591966,0.993093918900232
7,5,1.2182651785138534,0.639040068566531,4667,1.5655966901779175,0.5861182519280206,778,1.5457816253454921,0.6379,0.9981375490349833,0.08349371574235988,,,,,,,0,0,5,0.001,0.1,0.9848674500639456,0.9933424606754263,0.9945464118801564,0.9954791373768954,0.9946550103521846,1.0,0.9963570588991802,0.9956683412915754,0.9958755148286691,0.9947841234652162,0.9954958114404138,0.9952749112756039
7,6,1.2098895327533994,0.6454075903885022,4453,1.5246730248133342,0.6442048517520216,742,1.5457816253454921,0.6379,0.9980388475612699,0.08347881857480728,,,,,,,0,0,5,0.001,0.1,0.9839315489080446,0.9926004514918843,0.9943918479132088,0.9952442756033736,0.995745536860353,0.9963570588991802,1.0,0.9959152357092392,0.9960457917876439,0.9948449229466454,0.9953281564200882,0.9947522421568289
7,7,1.240993505182551,0.6343698854337152,4277,1.531243049580118,0.6605890603085554,713,1.5457816253454921,0.6379,0.9973053853656936,0.08340937292213599,,,,,,,0,0,5,0.001,0.1,0.9822715122535216,0.991284733918253,0.9930261749979623,0.9950060963507908,0.9943942856331194,0.9956683412915754,0.9959152357092392,1.0,0.9953337589126896,0.9938329213537659,0.9953453433578067,0.994302278814049
7,8,1.2389674857258797,0.6291111649309761,4129,1.5278187665072354,0.6715116279069767,688,1.5457816253454921,0.6379,0.9973794554742113,0.08339993853237387,,,,,,,0,0,5,0.001,0.1,0.9819871153337012,0.9910159672230117,0.9929817906295143,0.9942232983620845,0.9938680828722357,0.9958755148286691,0.9960457917876439,0.9953337589126896,1.0,0.9944595813246674,0.9956310683043874,0.995846294841556
7,9,1.2540406681242444,0.6338415396150963,4001,1.5494766235351562,0.6221889055472264,667,1.5457816253454921,0.6379,0.9961421519646734,0.08329822518781557,,,,,,,0,0,5,0.001,0.1,0.9783881328235767,0.9887588202489871,0.9914182944435822,0.9924229128245066,0.9941612497037668,0.9947841234652162,0.9948449229466454,0.9938329213537659,0.9944595813246674,1.0,0.9951968947059366,0.99418990576559
7,10,1.2674585150890663,0.6202108511185395,3889,1.527016287758237,0.6481481481481481,648,1.5457816253454921,0.6379,0.9970986673674105,0.08331819885311412,,,,,,,0,0,5,0.001,0.1,0.9800112988160575,0.989824872326017,0.9928311641380206,0.9937330398420097,0.9947249961591966,0.9954958114404138,0.9953281564200882,0.9953453433578067,0.9956310683043874,0.9951968947059366,1.0,0.9957797754113962
7,11,1.2806895671772356,0.6178317066737009,3791,1.5702070534229278,0.6234177215189873,632,1.5457816253454921,0.6379,0.9964657072740651,0.08329417593806376,,,,,,,0,0,5,0.001,0.1,0.9798000808522226,0.9888513315686215,0.9918154147294624,0.9926326510915414,0.993093918900232,0.9952749112756039,0.9947522421568289,0.994302278814049,0.995846294841556,0.99418990576559,0.9957797754113962,1.0
8,0,1.0279160593734178,0.6641587533479425,8214,1.4234622827796048,0.6398831263696129,1369,1.4184932659228389,0.6473,0.9884543078475109,0.08269387857807581,,,,,,,0,0,5,0.001,0.1,1.0,0.9925474670987762,0.9897461838213091,0.9866750119199086,0.9834462728186427,0.98427233450562,0.9820255025272742,0.9810516654605638,0.9802239158732499,0.9745110730118234,0.9789271598671674,0.978679938261547
8,1,1.0931475928686198,0.6423182233039245,6574,1.4283199105943953,0.6478102189781022,1096,1.4184932659228389,0.6473,0.995322034509188,0.08329531028822688,,,,,,,0,0,5,0.001,0.1,0.9925474670987762,1.0,0.9943485757811054,0.9928478912599372,0.9910483975451336,0.9924840139652762,0.9909877897286806,0.9900140210146551,0.9892866563607834,0.9848615295137636,0.9885675978774621,0.9870649600628744
8,2,1.0753088634975707,0.6679232232405325,5783,1.4191696413101689,0.6514522821576764,964,1.4184932659228389,0.6473,0.9969226997501147,0.08342271059220319,,,,,,,0,0,5,0.001,0.1,0.9897461838213091,0.9943485757811054,1.0,0.9946016198126935,0.9941899594581961,0.9937340718044708,0.9929993889955784,0.9920810037241755,0.9909631176449805,0.9879905450087761,0.9919968851971909,0.9904927013363497
8,3,1.1041268164853015,0.6547758653300548,5287,1.4319347611495428,0.6515323496027242,881,1.4184932659228389,0.6473,0.9973214014333246,0.08346806816273344,,,,,,,0,0,5,0.001,0.1,0.9866750119199086,0.9928478912599372,0.9946016198126935,1.0,0.994904470380911,0.9948213778302221,0.9940664722514033,0.9940624184362705,0.9924619958411268,0.9892083126526122,0.9930048843647,0.9912191071509053
