round,client_id,client_i_training_loss,client_i_training_accuracy,client_i_training_dataset_size,client_i_evaluation_loss,client_i_evaluation_accuracy,client_i_evaluation_dataset_size,client_i_central_evaluation_loss,client_i_central_evaluation_accuracy,client_i_cosine_similarity,client_i_importance_coefficient,client_i_tanh_val,tanh_normalization_value,client_i_q,client_i_mask_order,client_i_v_nonzero_fraction,client_i_v_sparsity,client_i_v_cosine_similarity,client_i_reward_gradient_norm,local_epochs,learning_rate,gamma,client_0_cosine_similarity,client_1_cosine_similarity,client_2_cosine_similarity,client_3_cosine_similarity,client_4_cosine_similarity,client_5_cosine_similarity,client_6_cosine_similarity,client_7_cosine_similarity,client_8_cosine_similarity,client_9_cosine_similarity,client_10_cosine_similarity,client_11_cosine_similarity
0,0,0.28136310975614515,0.9135622108595082,8214,2.183667864910392,0.2505478451424397,1369,2.1826505539135432,0.2598,0.7989807551451465,0.08495392887334063,0.08475014151052028,0.08475014151052028,0.9999999999882005,,0.9999949801716781,5.019828321906061e-06,0,0.39252270565292197,5,0.1,0.5,1.0,0.5746469592238747,0.5535484988609617,0.5743498302778448,0.5569185895343914,0.5647115172662068,0.5703688375646457,0.5520124642610801,0.5577202437533249,0.5923847080200828,0.5883569790715719,0.5694786616369912
0,1,0.30599437758362696,0.9042896257986005,6574,2.1848328386034286,0.2527372262773723,1096,2.1826506575075584,0.2598,0.7917808905544459,0.08418838254397386,0.08399004461715315,0.08475014151052028,0.991031320056689,,0.9910295667888158,0.008970433211184181,0,0.39252270252723853,5,0.1,0.5,0.5746469592238747,1.0,0.5672403857180809,0.5735061377768703,0.5760494841553226,0.5715299198293069,0.5875860258044546,0.5724363835780518,0.5487572124158331,0.5923080445975327,0.589587810589401,0.576337194580266
0,2,0.31832322818921743,0.9029569427632717,5783,2.1779788001891105,0.26556016597510373,964,2.1826515829982087,0.2598,0.778085306755859,0.08273216017014125,0.08254391906221853,0.08475014151052028,0.9739679201715332,,0.9739671703227749,0.02603282967722509,0,0.3925226190751318,5,0.1,0.5,0.5535484988609617,0.5672403857180809,1.0,0.5751148690958998,0.5700430821638041,0.5666175613902477,0.5698614437308113,0.5791944788430218,0.5476302164368162,0.5893171561938573,0.5812678475006077,0.5799188122562919
0,3,0.3220635559185442,0.8987327406846983,5287,2.1845710447856357,0.25198637911464244,881,2.1826505706713983,0.2598,0.7927393011942658,0.08429028831429736,0.08409123064438041,0.08475014151052028,0.9922252534876262,,0.9922242859294212,0.007775714070578754,0,0.39252270376392323,5,0.1,0.5,0.5743498302778448,0.5735061377768703,0.5751148690958998,1.0,0.5864543906455035,0.5949858365325221,0.5905290157335898,0.5940875324606147,0.5767470153094238,0.6062439514733325,0.607962462945977,0.5873193140395134
0,4,0.3458791622435374,0.8930901722391084,4935,2.180349404995258,0.25304136253041365,822,2.182651193758931,0.2598,0.7799942304432518,0.08293513197655722,0.0827455045403717,0.08475014151052028,0.9763465059126056,,0.9763415491190202,0.023658450880979842,0,0.392522641040332,5,0.1,0.5,0.5569185895343914,0.5760494841553226,0.5700430821638041,0.5864543906455035,1.0,0.5942939609443526,0.5876615114629812,0.5771576662622616,0.5791667126083548,0.5789038321839849,0.5931687283527509,0.5731720374876348
0,5,0.3357462449139622,0.8957788729376474,4667,2.1833990097045897,0.2660668380462725,778,2.1826506437965856,0.2598,0.7824626179620234,0.08319759038541273,0.08300616027742055,0.08475014151052028,0.9794220846951309,,0.9794187038803273,0.020581296119672743,0,0.3925226644121314,5,0.1,0.5,0.5647115172662068,0.5715299198293069,0.5666175613902477,0.5949858365325221,0.5942939609443526,1.0,0.6091946425978024,0.5881727406587386,0.5623200430497763,0.5914485983884936,0.5934828825734022,0.5838683289688399
0,6,0.36296928202467305,0.8834942735234673,4453,2.180126210053762,0.26819407008086255,742,2.1826507923321223,0.2598,0.786784148497747,0.08365708956031981,0.08346247605603246,0.08475014151052028,0.9848063326795414,,0.9848200391546609,0.015179960845339124,0,0.3925226900950656,5,0.1,0.5,0.5703688375646457,0.5875860258044546,0.5698614437308113,0.5905290157335898,0.5876615114629812,0.6091946425978024,1.0,0.586329485594202,0.5758920234767068,0.6080642425762188,0.5981659988768037,0.5943811723184557
0,7,0.37735658742265027,0.8834229600187047,4277,2.173998314401378,0.29312762973352036,713,2.182652598371902,0.2598,0.7747523826691184,0.08237777742189376,0.08219194061893258,0.08475014151052028,0.9698147891323584,,0.9698509110988405,0.030149088901159526,0,0.39252256986473244,5,0.1,0.5,0.5520124642610801,0.5724363835780518,0.5791944788430218,0.5940875324606147,0.5771576662622616,0.5881727406587386,0.586329485594202,1.0,0.5572513641825632,0.5857599885643106,0.5961231648883223,0.5964281357239946
0,8,0.3799833824550912,0.88219907968031,4129,2.191526077010415,0.22529069767441862,688,2.182651423036862,0.2598,0.7596652921931619,0.08077359909476094,0.08059839059924243,0.08475014151052028,0.9510118704437384,,0.951011495406857,0.04898850459314297,0,0.39252208454549653,5,0.1,0.5,0.5577202437533249,0.5487572124158331,0.5476302164368162,0.5767470153094238,0.5791667126083548,0.5623200430497763,0.5758920234767068,0.5572513641825632,1.0,0.5867237695081398,0.5841845067413124,0.5799874956553955
0,9,0.3717881227497451,0.8859285178705324,4001,2.187304621651059,0.2653673163418291,667,2.1826506437965856,0.2598,0.7915942668426551,0.08416853924057079,0.08397034126207703,0.08475014151052028,0.9907988324793858,,0.9907986546860097,0.009201345313990306,0,0.39252270226124136,5,0.1,0.5,0.5923847080200828,0.5923080445975327,0.5893171561938573,0.6062439514733325,0.5789038321839849,0.5914485983884936,0.6080642425762188,0.5857599885643106,0.5867237695081398,1.0,0.6058609120216325,0.607589396428849
0,10,0.37790593276502654,0.8833119053741322,3889,2.183859484536307,0.2762345679012346,648,2.1826507108280073,0.2598,0.7900385629489493,0.08400312454555744,0.08380609062915927,0.08475014151052028,0.9888607751500604,,0.9888559811254455,0.011144018874554518,0,0.3925226995332888,5,0.1,0.5,0.5883569790715719,0.589587810589401,0.5812678475006077,0.607962462945977,0.5931687283527509,0.5934828825734022,0.5981659988768037,0.5961231648883223,0.5841845067413124,0.6058609120216325,1.0,0.6048572528997523
0,11,0.3814952924753688,0.8790292798733843,3791,2.1835355162620544,0.2626582278481013,632,2.1826515989943434,0.2598,0.7779933995619976,0.0827223878731742,0.08253421334095419,0.08475014151052028,0.973853398577926,,0.973851714271372,0.02614828572862804,0,0.3925226179322076,5,0.1,0.5,0.5694786616369912,0.576337194580266,0.5799188122562919,0.5873193140395134,0.5731720374876348,0.5838683289688399,0.5943811723184557,0.5964281357239946,0.5799874956553955,0.607589396428849,0.6048572528997523,1.0
1,0,0.25647258983511867,0.9223033844655466,8214,2.021030994348748,0.6004382761139518,1369,2.0227142770450337,0.5951,0.7934656863349522,0.08395631362787634,0.08375960830380667,0.08392838259629624,0.997989067723378,,0.9979870488429295,0.002012951157070453,0.9576605773183693,0.4031609774562854,5,0.1,0.5,1.0,0.6095960297406545,0.6074352055725789,0.6091672183967999,0.6093745281201958,0.6089242206605444,0.5979492820455619,0.6093202886441136,0.6117322956122553,0.583544934285707,0.6122011564565369,0.6109733896551053
1,1,0.27479374542362195,0.9167934286583511,6574,2.0261211701801844,0.5912408759124088,1096,2.0227143212248344,0.5951,0.8010916844799885,0.0837150243161705,0.08352000696100013,0.08392838259629624,0.9951342367902456,,0.9951307665277848,0.00486923347221524,0.9576605098163274,0.40316097705850273,5,0.1,0.5,0.6095960297406545,1.0,0.6122199063640797,0.6174636535186881,0.610442090950191,0.6240867010689998,0.6075375313481025,0.611573650970088,0.6213946253213575,0.5847750458849773,0.6258534172906618,0.6228700728019289
1,2,0.28606374768118337,0.9134359329067958,5783,2.0187411231379353,0.6089211618257261,964,2.022716804434316,0.5951,0.8045168826396237,0.08286963332759456,0.08268045399630929,0.08392838259629624,0.9851310300238388,,0.985126248682295,0.014873751317704964,0.95766060868549,0.4031609593601047,5,0.1,0.5,0.6074352055725789,0.6122199063640797,1.0,0.6185369204861197,0.6096725167136243,0.6287749860999089,0.6152941448860562,0.6256620611154522,0.6194616806160793,0.5995540965544066,0.6246365349277783,0.6264765124124831
1,3,0.28532661194408154,0.9130697938339323,5287,2.0251945853233337,0.5845629965947786,881,2.0227142119179136,0.5951,0.8085409182945161,0.08404230891374094,0.08384499965967496,0.08392838259629624,0.999006498933485,,0.9990060739922695,0.0009939260077305168,0.9576605175862298,0.40316097747251556,5,0.1,0.5,0.6091672183967999,0.6174636535186881,0.6185369204861197,1.0,0.6218354062471275,0.6324137761315008,0.6248687508997461,0.6265198527732116,0.6273993486057989,0.5987169563568866,0.6232450182456797,0.6195228891919886
1,4,0.3050138113695768,0.9081661600810537,4935,2.0201792396031895,0.6240875912408759,822,2.0227155331224678,0.5951,0.8035900529720451,0.08297179411561786,0.08278191554994585,0.08392838259629624,0.98633993636156,,0.9863360273078661,0.01366397269213393,0.9576606923855536,0.4031609639429698,5,0.1,0.5,0.6093745281201958,0.610442090950191,0.6096725167136243,0.6218354062471275,1.0,0.6298638250038502,0.6144174472989788,0.6192681918851282,0.6260677309451181,0.5875524630737323,0.6236939365674683,0.6258183276178347
1,5,0.2960317140432355,0.9100064281122777,4667,2.024937334060669,0.577120822622108,778,2.0227145284128647,0.5951,0.818626076742229,0.08367001709493986,0.08347531352378956,0.08392838259629624,0.9946017180423863,,0.994653882837207,0.005346117162792985,0.9576606236962963,0.40316097690175867,5,0.1,0.5,0.6089242206605444,0.6240867010689998,0.6287749860999089,0.6324137761315008,0.6298638250038502,1.0,0.6341061245688858,0.6374189280203802,0.6380793410895749,0.6075877808260299,0.6429535071468759,0.638239168303284
1,6,0.33671721471207483,0.8959353245003369,4453,2.0151310861110687,0.6199460916442049,742,2.0227147394094986,0.5951,0.8035443317006172,0.08344853903487764,0.08325537468856982,0.08392838259629624,0.9919811643224957,,0.9919783143416495,0.008021685658350486,0.9576604722273246,0.40316097545263624,5,0.1,0.5,0.5979492820455619,0.6075375313481025,0.6152941448860562,0.6248687508997461,0.6144174472989788,0.6341061245688858,1.0,0.6248909800654837,0.6218812364135292,0.5878296565192703,0.6182028743612209,0.6274997557302057
1,7,0.33212778573827956,0.8988075754033201,4277,2.0129623983217324,0.5946704067321178,713,2.022718026234319,0.5951,0.8129692647309908,0.08292958128705603,0.08273999185290232,0.08392838259629624,0.9858404188473874,,0.9858390643040008,0.014160935695999188,0.957660317617619,0.4031609621236544,5,0.1,0.5,0.6093202886441136,0.611573650970088,0.6256620611154522,0.6265198527732116,0.6192681918851282,0.6374189280203802,0.6248909800654837,1.0,0.6347890070941347,0.6008714559785672,0.6378118932673879,0.6433506416233657
1,8,0.32398243872190785,0.8985710825865827,4129,2.0309912887486545,0.6002906976744186,688,2.0227175840554525,0.5951,0.8148018164762345,0.08193062280468748,0.08174779046746727,0.08392838259629624,0.9740184182948949,,0.9740173686059936,0.02598263139400636,0.9576579402442976,0.403160867867272,5,0.1,0.5,0.6117322956122553,0.6213946253213575,0.6194616806160793,0.6273993486057989,0.6260677309451181,0.6380793410895749,0.6218812364135292,0.6347890070941347,1.0,0.6116615616008684,0.6395103544113984,0.6439872742720162
1,9,0.36821595107940663,0.8916770807298176,4001,2.0288772583007812,0.5757121439280359,667,2.0227144750924158,0.5951,0.7832370552654744,0.08307925905772458,0.08288864310152755,0.08392838259629624,0.9876115866457529,,0.9876110637016214,0.012388936298378561,0.9576605214057883,0.4031609680904859,5,0.1,0.5,0.583544934285707,0.5847750458849773,0.5995540965544066,0.5987169563568866,0.5875524630737323,0.6075877808260299,0.5878296565192703,0.6008714559785672,0.6116615616008684,1.0,0.6113048599008678,0.6018659177882068
1,10,0.32892373938907365,0.897094368732322,3889,2.0266594148817516,0.5679012345679012,648,2.022714367689797,0.5951,0.8164051233726274,0.08412628277252075,0.08392838259629624,0.08392838259629624,0.999999999988085,,0.9999949801716781,5.019828321906061e-06,0.9576605472717206,0.40316097747413093,5,0.1,0.5,0.6122011564565369,0.6258534172906618,0.6246365349277783,0.6232450182456797,0.6236939365674683,0.6429535071468759,0.6182028743612209,0.6378118932673879,0.6395103544113984,0.6113048599008678,1.0,0.6381300955469403
1,11,0.33400256984374105,0.8968609865470852,3791,2.026027137041092,0.5822784810126582,632,2.022715911697656,0.5951,0.815914869851277,0.0832606236471933,0.08306875891099186,0.08392838259629624,0.9897576521827065,,0.9897545303950605,0.01024546960493955,0.9576605527329903,0.40316097292341607,5,0.1,0.5,0.6109733896551053,0.6228700728019289,0.6264765124124831,0.6195228891919886,0.6258183276178347,0.638239168303284,0.6274997557302057,0.6433506416233657,0.6439872742720162,0.6018659177882068,0.6381300955469403,1.0
2,0,0.2352518645109761,0.9291210129047967,8214,1.8168396339860073,0.8254200146092038,1369,1.8217153255931866,0.8198,0.7970755976559937,0.08328207789472526,0.08309006507725816,0.08378428867981028,0.9917141553090356,,0.9917122634405904,0.00828773655940962,0.9681602532378383,0.40518596324467937,5,0.1,0.5,1.0,0.6138413230530078,0.6103571103495984,0.618879437653784,0.6197053941688829,0.6144389843240152,0.6072802910809566,0.6127941545593436,0.6144422259172865,0.6136310508600221,0.605243911582507,0.6176909050024134
2,1,0.2478040812528032,0.9243383024034073,6574,1.8268065282276698,0.8293795620437956,1096,1.8217152787473636,0.8198,0.8017943014640931,0.0832867500857874,0.08309470500990385,0.08378428867981028,0.991769534816563,,0.9917674815521309,0.008232518447869097,0.9681602237670403,0.40518596327724954,5,0.1,0.5,0.6138413230530078,1.0,0.613427783697476,0.620998264163687,0.6104072308066172,0.6167116127175096,0.6157137176845051,0.6247590309299669,0.6224730083365617,0.6155710437201051,0.6247475808265424,0.6166096029410263
2,2,0.2564063209479479,0.9234653294137991,5783,1.8188462872659006,0.8392116182572614,964,1.821719219509405,0.8198,0.8027134080455314,0.08275956033484451,0.08257113247438282,0.08378428867981028,0.9855204809215582,,0.985517795291401,0.014482204708598956,0.9681602425941697,0.40518595333740665,5,0.1,0.5,0.6103571103495984,0.613427783697476,1.0,0.6202300269654778,0.6166329401990708,0.6188078833122673,0.6078306348959438,0.6206629762374253,0.6260868998774134,0.6226907489168343,0.6284691623752162,0.6230183839115544
2,3,0.2490405870037692,0.9230943824475127,5287,1.8250095971993037,0.8183881952326901,881,1.8217149934829615,0.8198,0.8135153192028536,0.08391128154069405,0.08371489197834282,0.08378428867981028,0.9991717217683636,,0.9991918076401787,0.0008081923598213248,0.9681602362552053,0.40518596440955157,5,0.1,0.5,0.618879437653784,0.620998264163687,0.6202300269654778,1.0,0.6236451690803624,0.644893379460658,0.6314478142253146,0.6287359083209547,0.6359738982902722,0.6296971376631493,0.627359412809213,0.6260868522338233
2,4,0.2766905728294965,0.9171631205673759,4935,1.8187322524877696,0.8236009732360098,822,1.8217173113990515,0.8198,0.8083449596809169,0.08302318812658314,0.08283295714849105,0.08378428867981028,0.988645466264642,,0.9886451483359269,0.011354851664073129,0.9681601463255709,0.4051859602696388,5,0.1,0.5,0.6197053941688829,0.6104072308066172,0.6166329401990708,0.6236451690803624,1.0,0.6297948374388073,0.6189123003728343,0.6283806951517225,0.6328680367608995,0.6210497497709502,0.6277650315757868,0.6333644363581021
2,5,0.26838580109561755,0.919305763874009,4667,1.8254937553405761,0.8149100257069408,778,1.821715538113262,0.8198,0.8167972117663793,0.08377928143902418,0.08358381550987708,0.08378428867981028,0.9976072701208106,,0.9976055418904674,0.002394458109532649,0.9681601984252992,0.40518596437560034,5,0.1,0.5,0.6144389843240152,0.6167116127175096,0.6188078833122673,0.644893379460658,0.6297948374388073,1.0,0.6343623343831347,0.6384442262544687,0.6401220444056347,0.6314560453075629,0.6332781778649971,0.6392838368969485
2,6,0.28568654421849976,0.9130473837862115,4453,1.8093905746936798,0.8315363881401617,742,1.8217158370886366,0.8198,0.8072887652761338,0.08330176311484334,0.08310961435944708,0.08378428867981028,0.991947484045207,,0.9919431755433964,0.008056824456603606,0.9681601464940404,0.405185963377202,5,0.1,0.5,0.6072802910809566,0.6157137176845051,0.6078306348959438,0.6314478142253146,0.6189123003728343,0.6343623343831347,1.0,0.6274345500052197,0.6254382808712412,0.6253517993914965,0.6263302941264324,0.6298015062703542
2,7,0.289860681919798,0.9131166705634791,4277,1.8104692749355151,0.8162692847124825,713,1.8217199831344069,0.8198,0.8149319904022927,0.08322458289345976,0.08303296674640834,0.08378428867981028,0.9910326632089195,,0.9910295667888158,0.008970433211184181,0.968160147658573,0.4051859627777031,5,0.1,0.5,0.6127941545593436,0.6247590309299669,0.6206629762374253,0.6287359083209547,0.6283806951517225,0.6384442262544687,0.6274345500052197,1.0,0.6405116016235838,0.6320599136552196,0.6311557706073533,0.6418863091398669
2,8,0.2875205141768003,0.9134415112618067,4129,1.8283296823501587,0.8284883720930233,688,1.8217192903494301,0.8198,0.8169167424864584,0.08263291405614899,0.08244534835429876,0.08378428867981028,0.9840191956321019,,0.9840168666231615,0.015983133376838543,0.9681599786272178,0.4051859486922186,5,0.1,0.5,0.6144422259172865,0.6224730083365617,0.6260868998774134,0.6359738982902722,0.6328680367608995,0.6401220444056347,0.6254382808712412,0.6405116016235838,1.0,0.6361937206651902,0.6266312447113904,0.6497389019575576
2,9,0.29819139222806645,0.910272431892027,4001,1.828733625866118,0.7856071964017991,667,1.821715426140319,0.8198,0.8125012243767494,0.08323896469209441,0.08304724937305569,0.08378428867981028,0.9912031322416252,,0.9912002409517594,0.008799759048240596,0.9681601149008044,0.4051859629058966,5,0.1,0.5,0.6136310508600221,0.6155710437201051,0.6226907489168343,0.6296971376631493,0.6210497497709502,0.6314560453075629,0.6253517993914965,0.6320599136552196,0.6361937206651902,1.0,0.6348710499235702,0.6398825847292908
2,10,0.29287676804500523,0.9125739264592441,3889,1.8284761905670166,0.8070987654320988,648,1.8217151473505429,0.8198,0.8139272897722275,0.08398116842839297,0.08378428867981028,0.08378428867981028,0.9999999999880645,,0.9999949801716781,5.019828321906061e-06,0.9681602388837033,0.40518596441388127,5,0.1,0.5,0.605243911582507,0.6247475808265424,0.6284691623752162,0.627359412809213,0.6277650315757868,0.6332781778649971,0.6263302941264324,0.6311557706073533,0.6266312447113904,0.6348710499235702,1.0,0.6458162812973591
2,11,0.29246930216572115,0.9102611448166711,3791,1.8286180913448333,0.7943037974683544,632,1.8217173094947499,0.8198,0.8188073812888476,0.08357846739340197,0.0833844010577756,0.08378428867981028,0.9952271764870128,,0.9952261432659003,0.004773856734099691,0.968160139227546,0.4051859642255802,5,0.1,0.5,0.6176909050024134,0.6166096029410263,0.6230183839115544,0.6260868522338233,0.6333644363581021,0.6392838368969485,0.6298015062703542,0.6418863091398669,0.6497389019575576,0.6398825847292908,0.6458162812973591,1.0
3,0,0.21900906263477377,0.9343316289262236,8214,1.596265709677408,0.8955441928414901,1369,1.604033889481054,0.8914,0.7941228923233846,0.08379381969725735,0.08359825218259846,0.08452892753176722,0.988989859716273,,0.9889864966618142,0.011013503338185848,0.9666271441898348,0.39014114460582944,5,0.1,0.5,1.0,0.6159946909559538,0.610925828310493,0.6027462160619542,0.6148696517068812,0.6096937295783962,0.6008595249639449,0.6045145059979883,0.3665997869928256,0.6037954887052503,0.6000191757558957,0.6040133847516731
3,1,0.23186671210461957,0.9295101916641314,6574,1.6118001767567225,0.9041970802919708,1096,1.6040339012877247,0.8914,0.7990171977706932,0.08396952100564135,0.08377272300843269,0.08452892753176722,0.991053896619694,,0.9910496461021033,0.008950353897896668,0.9666271062470664,0.39014114954186907,5,0.1,0.5,0.6159946909559538,1.0,0.6068035746947529,0.6065130249772189,0.6058541254201049,0.6164848037720917,0.6101524034665078,0.6064706241801705,0.3685042542921363,0.6135986903076643,0.6218574375549819,0.607333344311295
3,2,0.23737120358324842,0.928203354660211,5783,1.6020720235763057,0.8973029045643154,964,1.604037342360987,0.8914,0.7992136124228798,0.08362326500499505,0.08342888702723791,0.08452892753176722,0.9869862242709411,,0.9869835851613875,0.013016414838612489,0.9666269880636623,0.390141137783112,5,0.1,0.5,0.610925828310493,0.6068035746947529,1.0,0.607631356166339,0.6153683219620597,0.6100631113781912,0.6065707997618539,0.6097336395105639,0.36374732001599364,0.620768996326723,0.6181557667149123,0.6141634550529088
3,3,0.22816415913066412,0.9319462833364858,5287,1.6082480124064855,0.887627695800227,881,1.6040335950760034,0.8914,0.8011881782354114,0.08446446277577685,0.08426417092515553,0.08452892753176722,0.996867857958933,,0.9968676271271523,0.003132372872847733,0.966626913625383,0.3901411547051931,5,0.1,0.5,0.6027462160619542,0.6065130249772189,0.607631356166339,1.0,0.6123764686990149,0.6250138693597547,0.6092880353333956,0.6123168564712773,0.376304516160355,0.6155862745366358,0.6148747628632549,0.6143792135568975
3,4,0.2503828082401906,0.9258763931104357,4935,1.601064695761754,0.8929440389294404,822,1.6040360760003234,0.8914,0.7993526533936169,0.08380478033722338,0.08360913621231988,0.08452892753176722,0.9891186207219914,,0.9891170121981828,0.010882987801817179,0.9666271864840467,0.39014114499367175,5,0.1,0.5,0.6148696517068812,0.6058541254201049,0.6153683219620597,0.6123764686990149,1.0,0.6156336325759463,0.6003954456869732,0.6116340959913522,0.3637623078016001,0.6155322371760273,0.6128979112579571,0.6156630293737867
3,5,0.24349449600335465,0.9273623312620527,4667,1.6093024253845214,0.8933161953727506,778,1.6040341378020022,0.8914,0.8076741169613222,0.08460472323904847,0.08440343382909836,0.08452892753176722,0.9985153756550358,,0.998514130816726,0.00148586918327398,0.9666269204850368,0.3901411548829143,5,0.1,0.5,0.6096937295783962,0.6164848037720917,0.6100631113781912,0.6250138693597547,0.6156336325759463,1.0,0.6215948866153038,0.6196880439498217,0.37452903559053097,0.6203413553907043,0.6215792864878249,0.6236971105970173
3,6,0.26293470386947904,0.91924545250393,4453,1.586745634675026,0.894878706199461,742,1.6040345007619157,0.8914,0.7985937826049281,0.08396464927074217,0.08376788546075715,0.08452892753176722,0.9909966671265875,,0.9909944279905627,0.009005572009437302,0.9666271043036598,0.39014114943967493,5,0.1,0.5,0.6008595249639449,0.6101524034665078,0.6065707997618539,0.6092880353333956,0.6003954456869732,0.6215948866153038,1.0,0.6122361704680488,0.36223914699468707,0.6138378138836864,0.6137818458658019,0.6244657755539611
3,7,0.2646770682158088,0.9211596913724573,4277,1.5905877818231997,0.9032258064516129,713,1.604038916837674,0.8914,0.8017976526499567,0.08402591091738457,0.08382871691858457,0.08452892753176722,0.9917163196716151,,0.9917122634405904,0.00828773655940962,0.9666270990638656,0.39014115063653704,5,0.1,0.5,0.6045145059979883,0.6064706241801705,0.6097336395105639,0.6123168564712773,0.6116340959913522,0.6196880439498217,0.6122361704680488,1.0,0.3662500269337003,0.6186607163621329,0.6180476847192496,0.6262813513437206
3,8,0.3853219357249327,0.8981835795592154,4129,1.6074121431870894,0.8880813953488372,688,1.6040227188469884,0.8915,0.5397841840689147,0.07439104248461036,0.0742541182227638,0.08452892753176722,0.8784462359821087,,0.8784448571858843,0.12155514281411572,0.9666040581637001,0.3901271573187238,5,0.1,0.5,0.3665997869928256,0.3685042542921363,0.36374732001599364,0.376304516160355,0.3637623078016001,0.37452903559053097,0.36223914699468707,0.3662500269337003,1.0,0.3764129974203713,0.3732871934802743,0.3677106322062826
3,9,0.2699954606824677,0.919420144963759,4001,1.6129062686647688,0.8740629685157422,667,1.6040340551553063,0.8914,0.8059862668172674,0.08418323461381244,0.08398493299996743,0.08452892753176722,0.9935643980270669,,0.9935846594046484,0.0064153405953516485,0.9666269481384095,0.39014115294322166,5,0.1,0.5,0.6037954887052503,0.6135986903076643,0.620768996326723,0.6155862745366358,0.6155322371760273,0.6203413553907043,0.6138378138836864,0.6186607163621329,0.3764129974203713,1.0,0.6264061735490447,0.6201536899927153
3,10,0.26279866096762117,0.9211108254049885,3889,1.6141185192834764,0.8888888888888888,648,1.6040335242359782,0.8914,0.8074229750815646,0.0847311187149202,0.08452892753176722,0.08452892753176722,0.9999999999881697,,0.9999949801716781,5.019828321906061e-06,0.9666269027926205,0.39014115492048074,5,0.1,0.5,0.6000191757558957,0.6218574375549819,0.6181557667149123,0.6148747628632549,0.6128979112579571,0.6215792864878249,0.6137818458658019,0.6180476847192496,0.3732871934802743,0.6264061735490447,1.0,0.6342166017885166
3,11,0.25479471359026284,0.921392772355579,3791,1.6136664688587188,0.8591772151898734,632,1.6040360226798742,0.8914,0.8069163244345103,0.08444347193858781,0.08424332909550548,0.08452892753176722,0.9966212934956376,,0.9966166357110586,0.0033833642889413706,0.9666269217498727,0.3901411546464883,5,0.1,0.5,0.6040133847516731,0.607333344311295,0.6141634550529088,0.6143792135568975,0.6156630293737867,0.6236971105970173,0.6244657755539611,0.6262813513437206,0.3677106322062826,0.6201536899927153,0.6342166017885166,1.0
4,0,0.20704796684630475,0.9379839298758218,8214,1.3480626372403877,0.929145361577794,1369,1.357770796020191,0.923,0.7885071010027349,0.08350811426008051,0.08331453667712527,0.08424676693651707,0.9889345277655199,,0.9889312785502736,0.01106872144972637,0.965555557122441,0.3962380903379504,5,0.1,0.5,1.0,0.5992733769845747,0.5949641015475651,0.5950860915230024,0.6000318698755186,0.5901255694256989,0.5774781449118758,0.5887073295785444,0.5723187011690485,0.5961642453630157,0.5873549381181286,0.5926461755010033
4,1,0.21490977019460383,0.9356251901429875,6574,1.3671783583504813,0.926094890510949,1096,1.3577700053541044,0.923,0.7883043586604659,0.08361810658081768,0.08342376450544436,0.08424676693651707,0.990231050258782,,0.9902263942573164,0.0097736057426836,0.9655556724100653,0.39623809356692885,5,0.1,0.5,0.5992733769845747,1.0,0.5832354157989246,0.5963446114727047,0.591298318956417,0.5921541096346137,0.5809841962665501,0.5875867345853626,0.5780067446790631,0.5932891027394585,0.5991124509527204,0.590587412560877
4,2,0.21770111422893174,0.9344630814456165,5783,1.355970601881704,0.9263485477178424,964,1.3577741807261214,0.923,0.7906098126420981,0.08346820069118473,0.08327490002897922,0.08424676693651707,0.9884640450444981,,0.9884594146880177,0.011540585311982321,0.9655554683755596,0.3962380889200403,5,0.1,0.5,0.5949641015475651,0.5832354157989246,1.0,0.5919812651959089,0.5939930089853513,0.5881924488322378,0.5828772833810911,0.5992732271239666,0.5783330087594633,0.6030625233603428,0.5971294821632401,0.6023157056288839
4,3,0.21128679249121482,0.9358048042368072,5287,1.3627658699240004,0.9250851305334846,881,1.3577694112119583,0.923,0.7988761877216884,0.08431882999841618,0.08411957043266116,0.08424676693651707,0.9984901912621732,,0.9984890316751167,0.0015109683248832884,0.9655555362261677,0.3962380999089674,5,0.1,0.5,0.5950860915230024,0.5963446114727047,0.5919812651959089,1.0,0.6049992937285658,0.6077185914943077,0.5952532866140078,0.6010619698805618,0.5870773535224892,0.606660411216457,0.6029207757493109,0.6009985135709207
4,4,0.23394065024631638,0.9321580547112462,4935,1.354450592627892,0.9245742092457421,822,1.3577722566196333,0.923,0.793327905753037,0.08368452729900029,0.08348972260143733,0.08424676693651707,0.9910139657152515,,0.9910094874755283,0.008990512524471694,0.9655556431089196,0.39623809514890873,5,0.1,0.5,0.6000318698755186,0.591298318956417,0.5939930089853513,0.6049992937285658,1.0,0.5977728149225108,0.5826200810113787,0.5974435229477396,0.5712320184941583,0.5974233656023354,0.5947727301571387,0.6076037358770914
4,5,0.22184919863811706,0.932033426183844,4667,1.3641924810409547,0.9331619537275064,778,1.3577699863110868,0.923,0.7958483147000978,0.08430609906981516,0.08410692957587446,0.08424676693651707,0.9983401456610633,,0.9983384368254605,0.001661563174539471,0.9655555458580979,0.39623809990346054,5,0.1,0.5,0.5901255694256989,0.5921541096346137,0.5881924488322378,0.6077185914943077,0.5977728149225108,1.0,0.5972456186389815,0.5945774482865144,0.5862543135772651,0.6048623782722206,0.5983113921203403,0.6035584896657028
4,6,0.2490352425045733,0.9254435212216483,4453,1.336304744084676,0.9326145552560647,742,1.3577712317244313,0.923,0.7864664087921447,0.08355038660043568,0.0833565154441061,0.08424676693651707,0.9894328111834696,,0.9894282415541389,0.010571758445861112,0.9655555413859351,0.39623809166878643,5,0.1,0.5,0.5774781449118758,0.5809841962665501,0.5828772833810911,0.5952532866140078,0.5826200810113787,0.5972456186389815,1.0,0.5929834273277199,0.5693204751849479,0.5954538906585696,0.5992525185730717,0.5999317231499198
4,7,0.2508342901898075,0.9247603460369418,4277,1.3419444250023884,0.9242636746143057,713,1.3577753975749396,0.923,0.7944824280237712,0.08387240920896812,0.08367629194544415,0.08424676693651707,0.9932285236239864,,0.9932282515937955,0.006771748406204536,0.9655556954791643,0.3962380979525969,5,0.1,0.5,0.5887073295785444,0.5875867345853626,0.5992732271239666,0.6010619698805618,0.5974435229477396,0.5945774482865144,0.5929834273277199,1.0,0.5864232128690685,0.5942681590161243,0.5955885930189792,0.612862876193534
4,8,0.2550840209918813,0.9261322354080891,4129,1.3581921837546609,0.9273255813953488,688,1.3577139171929404,0.923,0.7728827645848482,0.07669311597525634,0.07654310351139892,0.08424676693651707,0.9085583494042959,,0.9085537874604689,0.09144621253953111,0.9655145977505795,0.39623206695491814,5,0.1,0.5,0.5723187011690485,0.5780067446790631,0.5783330087594633,0.5870773535224892,0.5712320184941583,0.5862543135772651,0.5693204751849479,0.5864232128690685,1.0,0.5888368189601457,0.5856523875889437,0.5911244827163191
4,9,0.2515112407846905,0.9245188702824294,4001,1.3688204004651023,0.9100449775112444,667,1.3577697322772333,0.923,0.7984936105737008,0.08411797214486602,0.08392013050272606,0.08424676693651707,0.9961228608922967,,0.9961196727071934,0.003880327292806629,0.9655555493312759,0.396238099602054,5,0.1,0.5,0.5961642453630157,0.5932891027394585,0.6030625233603428,0.606660411216457,0.5974233656023354,0.6048623782722206,0.5954538906585696,0.5942681590161243,0.5888368189601457,1.0,0.6022662198964847,0.6057608090882212
4,10,0.24037534446592945,0.9280020570840833,3889,1.37062630766914,0.9104938271604939,648,1.3577693319930055,0.923,0.7974616323234273,0.08444693435314535,0.08424676693651707,0.08424676693651707,0.99999999998813,,0.9999949801716781,5.019828321906061e-06,0.9655555468734516,0.39623809992741627,5,0.1,0.5,0.5873549381181286,0.5991124509527204,0.5971294821632401,0.6029207757493109,0.5947727301571387,0.5983113921203403,0.5992525185730717,0.5955885930189792,0.5856523875889437,0.6022662198964847,1.0,0.6129707193223002
4,11,0.2339960405430874,0.927090477446584,3791,1.371017289161682,0.8908227848101266,632,1.3577719435524256,0.923,0.8020252203704767,0.08441530381801385,0.08421536081599015,0.08424676693651707,0.999627212738618,,0.9996235128758596,0.0003764871241404011,0.965555546753264,0.396238099926664,5,0.1,0.5,0.5926461755010033,0.590587412560877,0.6023157056288839,0.6009985135709207,0.6076037358770914,0.6035584896657028,0.5999317231499198,0.612862876193534,0.5911244827163191,0.6057608090882212,0.6129707193223002,1.0
5,0,0.19426120455007173,0.941490138787436,8214,1.125458833783172,0.9430241051862673,1369,1.136712277659212,0.9376,0.7727479436100424,0.08428725821601708,0.08408822197217376,0.0850896699555008,0.9882306749475113,,0.9882285025852116,0.011771497414788445,0.9626967336559666,0.37493389318402287,5,0.1,0.5,1.0,0.5861629876938533,0.5707668203087614,0.5706016356151342,0.5711995628857844,0.5718464758954984,0.5572479836309739,0.5686087509954676,0.47627293699101303,0.34048943671486914,0.5642184570920729,0.5699118748042642
5,1,0.20001967119197678,0.9405536963796776,6574,1.1475846869604929,0.9361313868613139,1096,1.1367114980380757,0.9376,0.7780647455047672,0.08455185352259459,0.08435094051911693,0.0850896699555008,0.9913182242008751,,0.9913156970031625,0.008684302996837534,0.9626969366282164,0.3749338998974036,5,0.1,0.5,0.5861629876938533,1.0,0.5706534441594429,0.5708827983078945,0.5755523038589201,0.5754708466945856,0.5689362722825401,0.5722050847669263,0.4775862722220863,0.3443301831661534,0.5747501823629864,0.577800919840897
5,2,0.20289797505662258,0.9422099256441293,5783,1.1369107269471692,0.9408713692946058,964,1.1367153763390196,0.9376,0.7749582120935746,0.08433912625884644,0.0841397230402702,0.0850896699555008,0.9888359313566943,,0.9889011595803423,0.011098840419657696,0.9626966558820507,0.37493389482554434,5,0.1,0.5,0.5707668203087614,0.5706534441594429,1.0,0.5734709015090351,0.5674545930510771,0.5703205505222413,0.5679605961142236,0.5738406308472265,0.4765164597247723,0.34837905037590733,0.5739174665912093,0.5738956016533858
5,3,0.195473623322884,0.9401550974087384,5287,1.1421634895460946,0.9409761634506243,881,1.1367131334524185,0.9376,0.7808437763945211,0.08512675168977639,0.08492172049734607,0.0850896699555008,0.9980262062452401,,0.9980221876411827,0.0019778123588173324,0.9626971089954705,0.37493390668753473,5,0.1,0.5,0.5706016356151342,0.5708827983078945,0.5734709015090351,1.0,0.5860036201519808,0.5834769084961642,0.5752969175049422,0.5791229606441197,0.48180596330522313,0.34039784299207737,0.5778780428541124,0.5769638328843846
5,4,0.2114738692974131,0.9381965552178319,4935,1.1326067103789403,0.9391727493917275,822,1.1367142705109934,0.9376,0.7786832029313583,0.08461903073842221,0.08441763938555451,0.0850896699555008,0.9921020898154871,,0.9921088298780182,0.007891170121981816,0.9626968427092091,0.3749339013364406,5,0.1,0.5,0.5711995628857844,0.5755523038589201,0.5674545930510771,0.5860036201519808,1.0,0.5783388515148794,0.5724038232761954,0.5781525461403537,0.47950273822355644,0.3390415709863835,0.5744068112747198,0.5774895883445115
5,5,0.2022943591788309,0.937818727233769,4667,1.1440760564804078,0.9447300771208226,778,1.1367136152407613,0.9376,0.7836563897893188,0.08521858827154115,0.0850128940700498,0.0850896699555008,0.9990977061435278,,0.9990964309020631,0.0009035690979368738,0.9626971249119342,0.37493390679726624,5,0.1,0.5,0.5718464758954984,0.5754708466945856,0.5703205505222413,0.5834769084961642,0.5783388515148794,1.0,0.579289375783603,0.5833281465511918,0.4804713980409506,0.351817309963433,0.581949928618293,0.5845787001417422
5,6,0.22893950524872966,0.9300696159892208,4453,1.1125948652625084,0.9460916442048517,742,1.136711574591006,0.9376,0.7759544637044294,0.08443050050556042,0.0842304497058672,0.0850896699555008,0.9899021790650634,,0.9899001054163947,0.010099894583605273,0.9626968868880412,0.37493389709709396,5,0.1,0.5,0.5572479836309739,0.5689362722825401,0.5679605961142236,0.5752969175049422,0.5724038232761954,0.579289375783603,1.0,0.5765286708785654,0.47815023843598614,0.3497601989074747,0.5744180639401179,0.5756795741443683
5,7,0.22937210319605447,0.9312602291325696,4277,1.118194994719132,0.938288920056101,713,1.136718236409818,0.9376,0.7808139474231836,0.08482267537294357,0.08461982930092893,0.0850896699555008,0.994478287954201,,0.9944781888459415,0.005521811154058476,0.9626970287801433,0.3749339047124255,5,0.1,0.5,0.5686087509954676,0.5722050847669263,0.5738406308472265,0.5791229606441197,0.5781525461403537,0.5833281465511918,0.5765286708785654,1.0,0.4841589290347474,0.33742586534940294,0.5764109761724068,0.588224674783425
5,8,0.2793287698036203,0.9239040930007266,4129,1.1334521824663335,0.9375,688,1.1365349203252946,0.9375,0.6753984757564201,0.07618382705454972,0.07603677874234537,0.0850896699555008,0.8936076351126592,,0.8936047387179359,0.10639526128206411,0.9626704766825542,0.3749244937445197,5,0.1,0.5,0.47627293699101303,0.4775862722220863,0.4765164597247723,0.48180596330522313,0.47950273822355644,0.4804713980409506,0.47815023843598614,0.4841589290347474,1.0,0.30488033170648043,0.48334201519627973,0.49761302007681163
5,9,0.3508713442423854,0.9169707573106723,4001,1.1500755889075143,0.9295352323838081,667,1.1365832052291773,0.9375,0.5270362876862837,0.07592340199302146,0.0757778542308576,0.0850896699555008,0.8905646745321313,,0.8905677425832037,0.1094322574167963,0.9626835072041537,0.3749236262895023,5,0.1,0.5,0.34048943671486914,0.3443301831661534,0.34837905037590733,0.34039784299207737,0.3390415709863835,0.351817309963433,0.3497601989074747,0.33742586534940294,0.30488033170648043,1.0,0.34356351031352855,0.33325573132977104
5,10,0.22006644711631243,0.9328362046798663,3889,1.1513313367253257,0.9305555555555556,648,1.1367129731102112,0.9376,0.7804899394425311,0.0852010627976911,0.08499549523024634,0.0850896699555008,0.9988932296211444,,0.9988906179408664,0.001109382059133579,0.9626971311739146,0.3749339067860972,5,0.1,0.5,0.5642184570920729,0.5747501823629864,0.5739174665912093,0.5778780428541124,0.5744068112747198,0.581949928618293,0.5744180639401179,0.5764109761724068,0.48334201519627973,0.34356351031352855,1.0,0.5872580015094981
5,11,0.2159382839209768,0.9339488261672382,3791,1.1520805597305297,0.9129746835443038,632,1.1367152698885519,0.9376,0.7837462999466347,0.08529592357903601,0.0850896699555008,0.0850896699555008,0.9999999999882476,,0.9999949801716781,5.019828321906061e-06,0.9626971241244784,0.3749339068106815,5,0.1,0.5,0.5699118748042642,0.577800919840897,0.5738956016533858,0.5769638328843846,0.5774895883445115,0.5845787001417422,0.5756795741443683,0.588224674783425,0.49761302007681163,0.33325573132977104,0.5872580015094981,1.0
6,0,0.1806103779579212,0.945118091064037,8214,0.8891022136045057,0.9444850255661067,1369,0.9002521990206295,0.9446,0.771565900193001,0.08403255267963661,0.08383531200381567,0.08469691080823491,0.9898272700009112,,0.9898248079915667,0.01017519200843331,0.9616825333372594,0.38498365108195837,5,0.1,0.5,1.0,0.5629157556920468,0.5669073315793789,0.5677148843769338,0.5531238946579767,0.553820947572659,0.5445429724494644,0.5568457594324998,0.5569917309362179,0.5657566776867915,0.5452087324542679,0.551109267362176
6,1,0.1873702684684105,0.9434742926680864,6574,0.910688875402723,0.9470802919708029,1096,0.9002514308253036,0.9446,0.7651995613401782,0.08398513556439687,0.08378822796597558,0.08469691080823491,0.9892713578975038,,0.989267607047839,0.010732392952160996,0.9616827076309907,0.3849836503802665,5,0.1,0.5,0.5629157556920468,1.0,0.5537463205837784,0.5565900565197706,0.5396236984369533,0.5513530756469003,0.5508417271403115,0.5519429540965608,0.5433907476726993,0.5527533764815306,0.5512926455379917,0.5485452674496043
6,2,0.18650320871059078,0.9443887255749611,5783,0.901231913797317,0.946058091286307,964,0.9002551657323259,0.9446,0.7705735240895387,0.08403230893138462,0.08383506996870908,0.08469691080823491,0.9898244123393476,,0.9898197881632448,0.010180211836755215,0.9616825019222911,0.38498365107619736,5,0.1,0.5,0.5669073315793789,0.5537463205837784,1.0,0.5509920198964771,0.5510610471447835,0.5544492015371296,0.554242392527015,0.5597500412614094,0.558308418820736,0.5627014618460634,0.5498606997566112,0.5534931417756502
6,3,0.18223109728255568,0.9465481369396633,5287,0.9062370955944061,0.945516458569807,881,0.9002533334131819,0.9446,0.7752337526937714,0.08472726539837008,0.08452510174645562,0.08469691080823491,0.9979714837160205,,0.9979719893579639,0.00202801064203606,0.9616826854341141,0.3849836553550903,5,0.1,0.5,0.5677148843769338,0.5565900565197706,0.5509920198964771,1.0,0.5552386516274769,0.5646859776065034,0.5604825289728033,0.553233713380085,0.5617147164118564,0.563689581208903,0.5593818157363991,0.560296934254831
