round,client_id,client_i_training_loss,client_i_training_accuracy,client_i_training_dataset_size,client_i_evaluation_loss,client_i_evaluation_accuracy,client_i_evaluation_dataset_size,client_i_central_evaluation_loss,client_i_central_evaluation_accuracy,client_i_cosine_similarity,client_i_importance_coefficient,client_i_tanh_val,tanh_normalization_value,client_i_q,client_i_mask_order,client_i_v_nonzero_fraction,client_i_v_sparsity,client_i_v_cosine_similarity,client_i_reward_gradient_norm,local_epochs,learning_rate,gamma,client_0_cosine_similarity,client_1_cosine_similarity,client_2_cosine_similarity,client_3_cosine_similarity,client_4_cosine_similarity,client_5_cosine_similarity,client_6_cosine_similarity,client_7_cosine_similarity,client_8_cosine_similarity,client_9_cosine_similarity,client_10_cosine_similarity,client_11_cosine_similarity
0,0,2.2656969021867823,0.14485025566106646,6845,2.30372953414917,0.1212563915266618,1369,2.299388303032404,0.1218,0.9045566231453468,0.07971910789423757,,,0.75,,0.7500041260253173,0.2499958739746827,0,0.1414727790094665,10,0.025,0.15,1.0,0.9578001130612743,0.8785349345245191,0.8853958214941777,0.8273089021087994,0.816743899904041,0.802803986904282,0.7860035863687285,0.7840986634137325,0.7677275011394273,0.7697064412066349,0.7504967700083901
0,1,2.273566775543745,0.15483753194596567,5478,2.3003756205240884,0.12226277372262774,1096,2.299371387385115,0.1218,0.9391847167066842,0.08277090217239902,,,0.867274385039772,,0.8673152778465448,0.13268472215345517,0,0.1416401958086915,10,0.025,0.15,0.9578001130612743,1.0,0.9085848745305722,0.91417051271367,0.8825490606974002,0.862398367513322,0.8504746067829744,0.833356107586778,0.8258382541028318,0.8262476259835247,0.8205304017124397,0.8034359322404723
0,2,2.2936091711646633,0.12226141078838174,4820,2.2991164326667786,0.13070539419087138,964,2.299370264705223,0.1218,0.9724696760688465,0.08570432524261092,,,0.9799999999615719,,0.9800300374643098,0.019969962535690167,0,0.14164709938171846,10,0.025,0.15,0.8785349345245191,0.9085848745305722,1.0,0.9454903727779105,0.9393880016789654,0.9295637805131527,0.9226921185031446,0.9022598631451334,0.9263426462639601,0.888698770686004,0.8836161058546349,0.8886813134211502
0,3,2.2930493811198644,0.1489332728098048,4406,2.296942744936262,0.1112372304199773,881,2.299370297902747,0.1218,0.9648778312680318,0.08503525148945218,,,0.9542888262073521,,0.9543331517882194,0.045666848211780575,0,0.1416468997339045,10,0.025,0.15,0.8853958214941777,0.91417051271367,0.9454903727779105,1.0,0.9306816964229814,0.9023636513277619,0.9045191222741212,0.9016821961254452,0.913189833964038,0.8865025625035661,0.8703860336709034,0.8548389143783099
0,4,2.2965964143926447,0.13779182879377433,4112,2.297219855444772,0.12043795620437957,822,2.299370279795007,0.1218,0.9672169111363095,0.08524139597573549,,,0.9622105488579298,,0.9622551203974188,0.037744879602581216,0,0.14164698574680473,10,0.025,0.15,0.8273089021087994,0.8825490606974002,0.9393880016789654,0.9306816964229814,1.0,0.9544125296499146,0.9149360083742167,0.9284157986579499,0.9197229808744737,0.8977859254638205,0.9243968122437622,0.9053484458679704
0,5,2.2972148533790344,0.1285163281049113,3889,2.298440865107945,0.13110539845758354,778,2.2993703039386606,0.1218,0.9610771349463673,0.08470029388438104,,,0.9414170715710014,,0.9414682048489049,0.05853179515109508,0,0.14164666660668246,10,0.025,0.15,0.816743899904041,0.862398367513322,0.9295637805131527,0.9023636513277619,0.9544125296499146,1.0,0.9172875491212737,0.9327128661824662,0.9022267503584103,0.9077210062739746,0.9470526910651806,0.9068391153033178
0,6,2.298310503466376,0.11856642414443547,3711,2.2966078917185464,0.1347708894878706,742,2.299370397495318,0.1218,0.9557129701836652,0.08422754688486941,,,0.923250344526568,,0.9232889373009193,0.07671106269908068,0,0.14164596885409148,10,0.025,0.15,0.802803986904282,0.8504746067829744,0.9226921185031446,0.9045191222741212,0.9149360083742167,0.9172875491212737,1.0,0.9380402015726518,0.9357675560522355,0.9423711536040307,0.919089839603652,0.8906448593611933
0,7,2.2980417507035393,0.11503928170594838,3564,2.3021159569422402,0.11640953716690042,713,2.299370807937429,0.1218,0.9468012601897605,0.08344215263497061,,,0.8930692054079296,,0.893119440180885,0.10688055981911504,0,0.1416435357515107,10,0.025,0.15,0.7860035863687285,0.833356107586778,0.9022598631451334,0.9016821961254452,0.9284157986579499,0.9327128661824662,0.9380402015726518,1.0,0.9284663054030938,0.9022952266302614,0.921795840798473,0.8724875089324612
0,8,2.2979522590283996,0.12571926765475153,3441,2.298041502634684,0.12209302325581395,688,2.2993710403200947,0.1218,0.9419112415409033,0.0830111924116984,,,0.8765082610734707,,0.8765575745572775,0.12344242544272255,0,0.14164191649682653,10,0.025,0.15,0.7840986634137325,0.8258382541028318,0.9263426462639601,0.913189833964038,0.9197229808744737,0.9022267503584103,0.9357675560522355,0.9284663054030938,1.0,0.892897249093775,0.8747481371021466,0.8762567246629922
0,9,2.2982691014254533,0.1302639472105579,3334,2.298604369163513,0.13793103448275862,667,2.2993720090841947,0.1218,0.9345542912891078,0.08236282005347491,,,0.8515926007579744,,0.8516363816408378,0.14836361835916223,0,0.1416375993803731,10,0.025,0.15,0.7677275011394273,0.8262476259835247,0.888698770686004,0.8865025625035661,0.8977859254638205,0.9077210062739746,0.9423711536040307,0.9022952266302614,0.892897249093775,1.0,0.9314303329876703,0.8847533288791168
0,10,2.299497278837057,0.13930885529157666,3241,2.2976112763086953,0.09722222222222222,648,2.299371387385115,0.1218,0.9391835189900946,0.08277079661693064,,,0.8672703287530391,,0.8673070257959102,0.13269297420408976,0,0.14164019577772616,10,0.025,0.15,0.7697064412066349,0.8205304017124397,0.8836161058546349,0.8703860336709034,0.9243968122437622,0.9470526910651806,0.919089839603652,0.921795840798473,0.8747481371021466,0.9314303329876703,1.0,0.9338806407153224
0,11,2.2991985731124878,0.11500474833808168,3159,2.3001911640167236,0.11234177215189874,632,2.299384871615639,0.1218,0.9192519390523143,0.08101421473923957,,,0.7997683804885797,,0.7997969995543893,0.20020300044561068,0,0.14150225199937255,10,0.025,0.15,0.7504967700083901,0.8034359322404723,0.8886813134211502,0.8548389143783099,0.9053484458679704,0.9068391153033178,0.8906448593611933,0.8724875089324612,0.8762567246629922,0.8847533288791168,0.9338806407153224,1.0
1,0,2.1277175779695865,0.22381300219138056,6845,2.2936632849953393,0.13659605551497445,1369,2.2895503466642357,0.1423,0.9047151338232727,0.07889486722729945,,,0.75,,0.7500041260253173,0.2499958739746827,0.8515444364527616,0.14575947479916948,10,0.025,0.15,1.0,0.9527274034814933,0.9178959396697611,0.9091493300802127,0.8816861028320006,0.8714749164824812,0.8611311804649496,0.8521249965851891,0.8395359567023472,0.8351814085192061,0.8253784878178154,0.8129713943514394
1,1,2.142025550021682,0.22230741146403796,5478,2.2908115916781955,0.14324817518248176,1096,2.2895004055168053,0.1442,0.9541801979182662,0.08239873731429527,,,0.883116724317603,,0.8831509630143091,0.11684903698569093,0.8535012569356294,0.14586188167938252,10,0.025,0.15,0.9527274034814933,1.0,0.9610906323880705,0.9513511758386778,0.9367410096610974,0.9308484260043371,0.9197071837103004,0.909819340005654,0.9034117754869051,0.8992315994776974,0.8870472757202044,0.8810705327901306
1,2,2.1980076736525485,0.1937759336099585,4820,2.288740962743759,0.14315352697095435,964,2.2894997144047218,0.1437,0.9746335538049943,0.08488320761601234,,,0.9775050834797725,,0.9775626743245697,0.02243732567543033,0.8532145910864021,0.14587191983800118,10,0.025,0.15,0.9178959396697611,0.9610906323880705,1.0,0.9621899595347857,0.9573497023534738,0.9621974563394354,0.9523418782642079,0.9441408733712536,0.9381426304270887,0.9349957511846236,0.9212942870419876,0.917403259851966
1,3,2.1944452272142683,0.2010667271901952,4406,2.286959409713745,0.1362088535754824,881,2.289499765709986,0.1437,0.9822104329619004,0.08471574047874413,,,0.9711427823126351,,0.9711838391840373,0.02881616081596272,0.8532080106922636,0.14587186260842772,10,0.025,0.15,0.9091493300802127,0.9513511758386778,0.9621899595347857,1.0,0.9714253954673637,0.9610297999518317,0.9647790777941329,0.957909606115258,0.9576219453612062,0.9469838460247512,0.9430840560136947,0.9321138481147794
1,4,2.224817588112571,0.19032101167315174,4112,2.2873219081333707,0.15085158150851583,822,2.2894997868356826,0.1437,0.9854430565213763,0.08494887827667856,,,0.9799999999620086,,0.9800300374643098,0.019969962535690167,0.8532133448404956,0.14587193179311064,10,0.025,0.15,0.8816861028320006,0.9367410096610974,0.9573497023534738,0.9714253954673637,1.0,0.9712884335192861,0.9704134934125063,0.9700676438861602,0.964155169769067,0.9561963059756007,0.9617142895702572,0.9537166441739964
1,5,2.2285563065159706,0.20048855746978658,3889,2.288511344364711,0.15681233933161953,778,2.289499762692029,0.1437,0.9840573922845681,0.08456843541017461,,,0.9655464651785813,,0.9655806968031556,0.034419303196844386,0.8531947804108841,0.1458717857050543,10,0.025,0.15,0.8714749164824812,0.9308484260043371,0.9621974563394354,0.9610297999518317,0.9712884335192861,1.0,0.9660568705491018,0.9732259343541623,0.9671784624328854,0.9627108001991114,0.9593278891769116,0.9531204881337044
1,6,2.2332757193466715,0.1816222042576125,3711,2.2874197165171304,0.1778975741239892,742,2.2894999347155607,0.1437,0.98710534305299,0.08437492235985651,,,0.958194644839506,,0.9582198676371079,0.04178013236289213,0.8531797442139069,0.14587163765256442,10,0.025,0.15,0.8611311804649496,0.9197071837103004,0.9523418782642079,0.9647790777941329,0.9704134934125063,0.9660568705491018,1.0,0.9803295308635326,0.9822270360221739,0.9760063414331931,0.9741194429434242,0.967513038544553
1,7,2.2452072296823773,0.1797418630751964,3564,2.291961391766866,0.13043478260869565,713,2.289500770689566,0.1442,0.985788997371785,0.08384538098737272,,,0.9380766578292834,,0.9381178722912644,0.06188212770873558,0.8532111251291072,0.14587080231926416,10,0.025,0.15,0.8521249965851891,0.909819340005654,0.9441408733712536,0.957909606115258,0.9700676438861602,0.9732259343541623,0.9803295308635326,1.0,0.9825415005970197,0.9770333764426297,0.9814301103645422,0.9707863460677059
1,8,2.2353695260153876,0.17018308631211856,3441,2.2874704599380493,0.14098837209302326,688,2.289501069467279,0.1442,0.9824638615380955,0.08346993468530238,,,0.9238129492305402,,0.9238583287947055,0.07614167120529447,0.8532251934590963,0.14586805166032035,10,0.025,0.15,0.8395359567023472,0.9034117754869051,0.9381426304270887,0.9576219453612062,0.964155169769067,0.9671784624328854,0.9822270360221739,0.9825415005970197,1.0,0.9746869872175687,0.977153252786728,0.9738724910937799
1,9,2.2421391875655563,0.18410317936412718,3334,2.2889657815297446,0.15292353823088456,667,2.289502847043774,0.1442,0.978681539243219,0.08294487514935804,,,0.9038652332019024,,0.9039048703602846,0.09609512963971545,0.8532534427469154,0.14586599810029485,10,0.025,0.15,0.8351814085192061,0.8992315994776974,0.9349957511846236,0.9469838460247512,0.9561963059756007,0.9627108001991114,0.9760063414331931,0.9770333764426297,0.9746869872175687,1.0,0.9782006826237403,0.9758392574064022
1,10,2.2536348187006436,0.19382906510336315,3241,2.287893215815226,0.11265432098765432,648,2.289501953728591,0.1442,0.9763203526330767,0.08312065270164286,,,0.9105432581822129,,0.9105890313742965,0.08941096862570352,0.8532220052198431,0.14586682457121755,10,0.025,0.15,0.8253784878178154,0.8870472757202044,0.9212942870419876,0.9430840560136947,0.9617142895702572,0.9593278891769116,0.9741194429434242,0.9814301103645422,0.977153252786728,0.9782006826237403,1.0,0.9807060962597874
1,11,2.258342917442322,0.1824628046850269,3159,2.2908276557922362,0.13924050632911392,632,2.289517601834068,0.1466,0.9702503879311717,0.08183436779326299,,,0.861675569229309,,0.8617121354656632,0.13828786453433684,0.8529583988784836,0.14585129821026627,10,0.025,0.15,0.8129713943514394,0.8810705327901306,0.917403259851966,0.9321138481147794,0.9537166441739964,0.9531204881337044,0.967513038544553,0.9707863460677059,0.9738724910937799,0.9758392574064022,0.9807060962597874,1.0
2,0,2.0388806347493773,0.25886048210372536,6845,2.2787668488242407,0.20672023374726078,1369,2.274734050412721,0.2114,0.9113966320862037,0.07855454997455633,,,0.75,,0.7500041260253173,0.2499958739746827,0.9492462218349523,0.14592441694137476,10,0.025,0.15,1.0,0.9513375064922508,0.9169471383418429,0.9229283410950245,0.8942998865304934,0.8800194429162498,0.8728004414297869,0.8635570499283786,0.8527260550321349,0.8501356850527727,0.8324314993942893,0.8202781043622399
2,1,2.0524182560832003,0.2580138736765243,5478,2.276374578475952,0.19434306569343066,1096,2.2746368088299715,0.211,0.9615331972695709,0.0823581147446765,,,0.8909517060757433,,0.8909904111171626,0.1090095888828374,0.950486535038952,0.1460916702388066,10,0.025,0.15,0.9513375064922508,1.0,0.9572268081950205,0.9572985608903386,0.9489008655631725,0.9405549084831883,0.9275038516747723,0.9253104040868568,0.917614464022667,0.9210508522182727,0.8975172552319715,0.8945185628362154
2,2,2.104258755319997,0.23441908713692947,4820,2.273035168647766,0.20643153526970953,964,2.2746357706528677,0.2102,0.9749053182499159,0.0843323120509663,,,0.9641110960873642,,0.9641365879421037,0.03586341205789634,0.9505533477525463,0.14610815431927587,10,0.025,0.15,0.9169471383418429,0.9572268081950205,1.0,0.9595752590935428,0.9612800248535209,0.9589499645471182,0.9526217573924183,0.9500087290278149,0.9386464395201213,0.9448528149900322,0.926636478216042,0.9249668597014734
2,3,2.0949586054256986,0.24026327734906944,4406,2.2718494619641985,0.2043132803632236,881,2.2746356016472924,0.2102,0.9845303541339927,0.08454229369007278,,,0.9718925516600809,,0.9719347757917842,0.028065224208215778,0.9505620188972115,0.14610847666965512,10,0.025,0.15,0.9229283410950245,0.9572985608903386,0.9595752590935428,1.0,0.968658982459957,0.9648001775499524,0.9654194533422792,0.9626718897504681,0.9592020666164466,0.9541557026636657,0.9482919370189526,0.94150968420927
2,4,2.130631557739142,0.23227140077821012,4112,2.272035666874477,0.22506082725060828,822,2.2746354386776306,0.2102,0.9868138230501247,0.08476107220364226,,,0.9799999999629422,,0.9800300374643098,0.019969962535690167,0.9505626479789743,0.14610866428057812,10,0.025,0.15,0.8942998865304934,0.9489008655631725,0.9612800248535209,0.968658982459957,1.0,0.974667050551046,0.9672123535992945,0.9695831804080196,0.962679829904329,0.964227378501532,0.9576801673291077,0.9604699054733846
2,5,2.1292755376908086,0.23767035227564925,3889,2.273435013634818,0.2133676092544987,778,2.2746354718751545,0.2102,0.9847722193760656,0.0844589636855066,,,0.9688045258157012,,0.9688485088544503,0.031151491145549715,0.9505583454256591,0.1461083696564651,10,0.025,0.15,0.8800194429162498,0.9405549084831883,0.9589499645471182,0.9648001775499524,0.974667050551046,1.0,0.9631576586853107,0.970020727170215,0.9666671284166243,0.9664369253096267,0.9602306686956391,0.9597045711423451
2,6,2.1389711914391354,0.22729722446779843,3711,2.273430665334066,0.24528301886792453,742,2.2746358219581313,0.2102,0.985333385564441,0.08435742733714287,,,0.9650418130986739,,0.9650855737650806,0.03491442623491936,0.9505554789441223,0.1461082228756284,10,0.025,0.15,0.8728004414297869,0.9275038516747723,0.9526217573924183,0.9654194533422792,0.9672123535992945,0.9631576586853107,1.0,0.9789197179690418,0.976785567219614,0.9720616472388651,0.9698865348844907,0.9652861721267978
2,7,2.145587936895234,0.22379349046015712,3564,2.2772486209869385,0.2005610098176718,713,2.2746370864819876,0.2102,0.9859722309114812,0.08405035138929218,,,0.9536622569821591,,0.9537059959399911,0.04629400406000894,0.950561508914905,0.14610763865608714,10,0.025,0.15,0.8635570499283786,0.9253104040868568,0.9500087290278149,0.9626718897504681,0.9695831804080196,0.970020727170215,0.9789197179690418,1.0,0.9771294605800865,0.9750769425610387,0.9771020022012823,0.9694119808533088
2,8,2.139232352486363,0.2210113339145597,3441,2.2716495196024575,0.22093023255813954,688,2.2746378379532053,0.2102,0.9815789599999535,0.08367469629279195,,,0.9397413091482454,,0.9397847865194501,0.06021521348054992,0.9505345409615953,0.14610634762992983,10,0.025,0.15,0.8527260550321349,0.917614464022667,0.9386464395201213,0.9592020666164466,0.962679829904329,0.9666671284166243,0.976785567219614,0.9771294605800865,1.0,0.9700576504981412,0.9739690422171086,0.9718949497325304
2,9,2.1389635805730465,0.23128374325134973,3334,2.274225115776062,0.22638680659670166,667,2.274639884127846,0.2101,0.9808704122170318,0.08332648418778776,,,0.9268373379415147,,0.9268785793269627,0.07312142067303729,0.9505263883472681,0.14610067353480938,10,0.025,0.15,0.8501356850527727,0.9210508522182727,0.9448528149900322,0.9541557026636657,0.964227378501532,0.9664369253096267,0.9720616472388651,0.9750769425610387,0.9700576504981412,1.0,0.9701222900361063,0.9709892307997342
2,10,2.157605026776974,0.22613390928725702,3241,2.273003657658895,0.2052469135802469,648,2.2746388157711754,0.2101,0.9748330609388529,0.0832385705273168,,,0.9235794519372875,,0.923610767275668,0.07638923272433196,0.950548302989117,0.14610013493688867,10,0.025,0.15,0.8324314993942893,0.8975172552319715,0.926636478216042,0.9482919370189526,0.9576801673291077,0.9602306686956391,0.9698865348844907,0.9771020022012823,0.9739690422171086,0.9701222900361063,1.0,0.9741812530875956
2,11,2.164712275981903,0.2253877809433365,3159,2.2771732807159424,0.20094936708860758,632,2.274659349948545,0.2136,0.9718588297897538,0.08234516391624752,,,0.8904717769901395,,0.8905035401297222,0.10949645987027778,0.950322744382564,0.14609143340577233,10,0.025,0.15,0.8202781043622399,0.8945185628362154,0.9249668597014734,0.94150968420927,0.9604699054733846,0.9597045711423451,0.9652861721267978,0.9694119808533088,0.9718949497325304,0.9709892307997342,0.9741812530875956,1.0
3,0,1.9770077769403105,0.2791964937910884,6845,2.2578195441852915,0.22279035792549307,1369,2.2535498806192904,0.2399,0.9137889031291836,0.07854119529533782,,,0.75,,0.7500041260253173,0.2499958739746827,0.9755839361140929,0.14532860177231144,10,0.025,0.15,1.0,0.9435769006292536,0.9141143491131777,0.921866334888289,0.8907475093985472,0.8771105866971238,0.8718755651039884,0.8651745861757237,0.8531347195667796,0.8512811387936167,0.8386531026754055,0.8166941164161243
3,1,1.991460338858671,0.280741146403797,5478,2.255877309375339,0.2208029197080292,1096,2.253372113915938,0.2401,0.9618780328957578,0.08246957998667927,,,0.899464578507784,,0.8994982753214174,0.10050172467858265,0.9767613773337758,0.14550620712766926,10,0.025,0.15,0.9435769006292536,1.0,0.9517404275280694,0.9527882193744454,0.9437316389287,0.9315558897314834,0.9270552120111801,0.9239672444434458,0.9199942250830988,0.917796752146391,0.8993324502120661,0.8868687713224218
3,2,2.040149799773568,0.25852697095435684,4820,2.250703513622284,0.23443983402489627,964,2.2533735021760193,0.239,0.974040011263018,0.08409083906594014,,,0.9611491700061024,,0.9611906058655576,0.0388093941344424,0.9768958653180698,0.14552283147293066,10,0.025,0.15,0.9141143491131777,0.9517404275280694,1.0,0.9514702987874227,0.9564709428284466,0.9498004473791919,0.9490335142157992,0.9460781564414597,0.9381874859697129,0.9363295545244921,0.9257722068587307,0.9175812342820074
3,3,2.025930160454341,0.26631865637766683,4406,2.2499207769121443,0.23609534619750283,881,2.2533737707741652,0.2391,0.9781270577559293,0.08435445823350943,,,0.9711791774679891,,0.9712250994372101,0.028774900562789862,0.9768928360681146,0.1455232742180755,10,0.025,0.15,0.921866334888289,0.9527882193744454,0.9514702987874227,1.0,0.9526842811886856,0.9535672986370518,0.9553789554878864,0.950679515328564,0.9481365681710765,0.936471993382769,0.938592087101258,0.92279054882659
3,4,2.066500274340312,0.2591196498054475,4112,2.2500995567866733,0.2639902676399027,822,2.253373121913475,0.239,0.9810732633243546,0.08458629633452493,,,0.9799999999619526,,0.9800300374643098,0.019969962535690167,0.976885679827343,0.14552346812277245,10,0.025,0.15,0.8907475093985472,0.9437316389287,0.9564709428284466,0.9526842811886856,1.0,0.9632216827402512,0.9575139543889862,0.957850881252661,0.9534380723711076,0.9498672184447536,0.945967645255019,0.9451920513773974
3,5,2.0577709321052797,0.2672923630753407,3889,2.2515463488442555,0.2365038560411311,778,2.2533732396137864,0.239,0.9790704557715859,0.08433357314527931,,,0.9703845554656448,,0.9704246505256556,0.02957534947434437,0.9768966245497381,0.1455232483936904,10,0.025,0.15,0.8771105866971238,0.9315558897314834,0.9498004473791919,0.9535672986370518,0.9632216827402512,1.0,0.955067681239796,0.9575349867960148,0.9600210750849606,0.9485441969238759,0.9498600525867964,0.9463857958333622
3,6,2.0690829474350503,0.25656157369981136,3711,2.2532827059427896,0.2803234501347709,742,2.253374024282528,0.2391,0.9815589732658113,0.0843518292806351,,,0.9710791528104895,,0.9711178227789605,0.028882177221039473,0.9768952773554095,0.1455232739354617,10,0.025,0.15,0.8718755651039884,0.9270552120111801,0.9490335142157992,0.9553789554878864,0.9575139543889862,0.955067681239796,1.0,0.9676206114888403,0.9677259195859559,0.9574980847367656,0.960466412841497,0.9521502076028961
3,7,2.0697028521980556,0.25468574635241303,3564,2.2564498583475747,0.22159887798036465,713,2.2533750866032856,0.2391,0.9811773738994125,0.08414894092322896,,,0.9633597909845756,,0.9634021554356258,0.036597844564374205,0.9768895903712479,0.14552296755118208,10,0.025,0.15,0.8651745861757237,0.9239672444434458,0.9460781564414597,0.950679515328564,0.957850881252661,0.9575349867960148,0.9676206114888403,1.0,0.9656093738483339,0.9611718058267479,0.9666274012859098,0.9544355097648853
3,8,2.0689143715081393,0.25199070037779714,3441,2.248947103818258,0.24709302325581395,688,2.2533774587172495,0.2392,0.9784595989689377,0.08382727166250638,,,0.9511211320317546,,0.9511643643445397,0.04883563565546034,0.9768918678313291,0.14552208401370914,10,0.025,0.15,0.8531347195667796,0.9199942250830988,0.9381874859697129,0.9481365681710765,0.9534380723711076,0.9600210750849606,0.9677259195859559,0.9656093738483339,1.0,0.9553486515678575,0.9627985367556783,0.960371279833392
3,9,2.063142771191067,0.2600479904019196,3334,2.2530157566070557,0.2608695652173913,667,2.2533814001686965,0.2391,0.9728787673434363,0.0834291725070954,,,0.9359745190742829,,0.9360135993794458,0.06398640062055416,0.9767944040297408,0.14551898790548135,10,0.025,0.15,0.8512811387936167,0.917796752146391,0.9363295545244921,0.936471993382769,0.9498672184447536,0.9485441969238759,0.9574980847367656,0.9611718058267479,0.9553486515678575,1.0,0.9556159554886401,0.9503685060134934
3,10,2.082919048804503,0.25377969762419006,3241,2.251564900080363,0.2361111111111111,648,2.2533804495123366,0.2392,0.9717324207076531,0.08333723669704324,,,0.9324766062732515,,0.9325064778597482,0.06749352214025184,0.9768034441000552,0.14551837228256656,10,0.025,0.15,0.8386531026754055,0.8993324502120661,0.9257722068587307,0.938592087101258,0.945967645255019,0.9498600525867964,0.960466412841497,0.9666274012859098,0.9627985367556783,0.9556159554886401,1.0,0.9625442308053604
3,11,2.0899957637786866,0.25191516302627415,3159,2.257896137237549,0.22468354430379747,632,2.2534077076972285,0.2403,0.9639631871085109,0.08252960686822014,,,0.9017484415338309,,0.9017923453978314,0.09820765460216863,0.9767122879909379,0.14551184808476095,10,0.025,0.15,0.8166941164161243,0.8868687713224218,0.9175812342820074,0.92279054882659,0.9451920513773974,0.9463857958333622,0.9521502076028961,0.9544355097648853,0.960371279833392,0.9503685060134934,0.9625442308053604,1.0
4,0,1.9299186843412894,0.29780861943024106,6845,2.231166731227528,0.2366691015339664,1369,2.2262729843960534,0.2528,0.9178257141596775,0.07877124157872951,,,0.75,,0.7500041260253173,0.2499958739746827,0.9843371105884909,0.1447949376741228,10,0.025,0.15,1.0,0.9432263005131337,0.9163287671286163,0.9221277851245647,0.8897573856579686,0.8839101353061989,0.8708761403607421,0.8641207374122268,0.8516080379074397,0.8503947803232219,0.8405251022570207,0.820216877794106
4,1,1.946148204526236,0.29822928075940125,5478,2.2292350663079157,0.23722627737226276,1096,2.225940106790277,0.2545,0.9612259893102756,0.0826292110020492,,,0.9062070222243822,,0.906248452740506,0.09375154725949397,0.9860561443092689,0.14498834580510989,10,0.025,0.15,0.9432263005131337,1.0,0.9469068822947404,0.9489342592044976,0.9360600321220204,0.9295624605620548,0.9212741294904777,0.9179766566601595,0.9138116195900541,0.9158057793589878,0.89481401539658,0.8826441729905313
4,2,1.993159416474794,0.27883817427385893,4820,2.2219755053520203,0.24481327800829875,964,2.2259323687493047,0.2539,0.9705656004193467,0.08394124989279476,,,0.9593307424195495,,0.9593751547259494,0.040624845274050636,0.986220078531052,0.14499777198630145,10,0.025,0.15,0.9163287671286163,0.9469068822947404,1.0,0.9461752451036934,0.9457981534677915,0.9418024446183539,0.9396405017498742,0.9378135233895989,0.9300985227998015,0.9278650491651738,0.9172745746330474,0.9065120513408648
4,3,1.970003376688276,0.2893100317748525,4406,2.221601588385446,0.26106696935300794,881,2.2259332258490065,0.254,0.9746418641596354,0.08423818214779367,,,0.97135336319912,,0.9713901404499018,0.028609859550098204,0.9862248841196252,0.14499837759610099,10,0.025,0.15,0.9221277851245647,0.9489342592044976,0.9461752451036934,1.0,0.9440313135127661,0.9461832833678632,0.9461898859447855,0.9425128421125768,0.9361724795787406,0.928401381525999,0.9304572510437593,0.9123655978037855
4,4,2.015812008669882,0.2731031128404669,4112,2.2215308802468434,0.2822384428223844,822,2.2259323114081275,0.254,0.9767708680634013,0.08445173503268397,,,0.9799999999595106,,0.9800300374643098,0.019969962535690167,0.9862339569264206,0.1449985860891993,10,0.025,0.15,0.8897573856579686,0.9360600321220204,0.9457981534677915,0.9440313135127661,1.0,0.9548105522081963,0.950713523425713,0.9480038111357273,0.944876017027778,0.9376255089751887,0.9366100670243442,0.9377840644010585
4,5,2.0046129772740024,0.2852147081511957,3889,2.223156384059361,0.2519280205655527,778,2.22593222690534,0.254,0.9762617751959558,0.08427815738721064,,,0.972971938264616,,0.9730157944249146,0.026984205575085407,0.986221656703623,0.1449984363663865,10,0.025,0.15,0.8839101353061989,0.9295624605620548,0.9418024446183539,0.9461832833678632,0.9548105522081963,1.0,0.9462352342279203,0.9498687584290788,0.951984333357649,0.9409329150596656,0.9395337859886632,0.935048524609342
4,6,2.0177285177954314,0.278307733764484,3711,2.227250337600708,0.2803234501347709,742,2.22593320472331,0.254,0.9768276393117166,0.08430798879593236,,,0.9741797953038687,,0.9742205938175637,0.02577940618243635,0.986225444010849,0.1449984860805036,10,0.025,0.15,0.8708761403607421,0.9212741294904777,0.9396405017498742,0.9461898859447855,0.950713523425713,0.9462352342279203,1.0,0.9570609988279924,0.9590881928962524,0.9429536119636314,0.9505897462086085,0.9409903528850049
4,7,2.0140606884445464,0.2729236812570146,3564,2.2298011779785156,0.23842917251051893,713,2.225934608073174,0.254,0.9759484404883965,0.08415326166102217,,,0.9679149802289909,,0.9679572873859154,0.032042712614084645,0.9862282819388681,0.14499823812035761,10,0.025,0.15,0.8641207374122268,0.9179766566601595,0.9378135233895989,0.9425128421125768,0.9480038111357273,0.9498687584290788,0.9570609988279924,1.0,0.9526932588553261,0.9468538280314452,0.9560617475281957,0.942233376191577
4,8,2.017523435310081,0.2716070909619297,3441,2.219823678334554,0.25872093023255816,688,2.225938259800778,0.2542,0.9732021428984352,0.08386374907412518,,,0.9561927776572703,,0.956239375484808,0.043760624515192026,0.986187542830466,0.1449975275907062,10,0.025,0.15,0.8516080379074397,0.9138116195900541,0.9300985227998015,0.9361724795787406,0.944876017027778,0.951984333357649,0.9590881928962524,0.9526932588553261,1.0,0.9427495157263063,0.9504224884865398,0.9494777267072186
4,9,2.0056081268522474,0.2829334133173365,3334,2.2256453037261963,0.272863568215892,667,2.2259431549265414,0.2542,0.9674928433726153,0.08342993243269622,,,0.9386277847002527,,0.938679011734416,0.061320988265583964,0.9861707559530918,0.14499567139819244,10,0.025,0.15,0.8503947803232219,0.9158057793589878,0.9278650491651738,0.928401381525999,0.9376255089751887,0.9409329150596656,0.9429536119636314,0.9468538280314452,0.9427495157263063,1.0,0.9438327641150086,0.9400854432618132
4,10,2.0270312850291914,0.26982412835544584,3241,2.2237206300099692,0.25617283950617287,648,2.2259435351890855,0.2542,0.9667588533556567,0.08334885169661917,,,0.9353448710862148,,0.9353864435312175,0.06461355646878253,0.9861549143554084,0.14499512147678098,10,0.025,0.15,0.8405251022570207,0.89481401539658,0.9172745746330474,0.9304572510437593,0.9366100670243442,0.9395337859886632,0.9505897462086085,0.9560617475281957,0.9504224884865398,0.9438327641150086,1.0,0.9480930900861279
4,11,2.0368701820373536,0.27008547008547007,3159,2.2329078197479246,0.2468354430379747,632,2.2259802546682237,0.253,0.9587768227447635,0.08258643929834301,,,0.9044752198853014,,0.9045155221072436,0.09548447789275638,0.9861063032458628,0.1449878174540186,10,0.025,0.15,0.820216877794106,0.8826441729905313,0.9065120513408648,0.9123655978037855,0.9377840644010585,0.935048524609342,0.9409903528850049,0.942233376191577,0.9494777267072186,0.9400854432618132,0.9480930900861279,1.0
5,0,1.8880327297581567,0.3128414901387874,6845,2.1993390863591973,0.2534696859021183,1369,2.1937899468820308,0.2732,0.9250896606195004,0.07922255590666578,,,0.75,,0.7500041260253173,0.2499958739746827,0.9875313743204065,0.1444717667786684,10,0.025,0.15,1.0,0.9425930406073603,0.9187458829831264,0.9231626952682304,0.8973969518450489,0.8930852126418862,0.8766712053120032,0.868093954943104,0.8609532939942177,0.8533366191366817,0.8479923355777939,0.8286521546613393
5,1,1.903901360755743,0.31212121212121213,5478,2.1975859536064997,0.2563868613138686,1096,2.1932317425933063,0.274,0.959367100276468,0.08274178617419052,,,0.9075847728681432,,0.9076430492977505,0.09235695070224947,0.989131446460789,0.14463806125351208,10,0.025,0.15,0.9425930406073603,1.0,0.9412887469068881,0.9448247480036089,0.934516274968685,0.9281105789075603,0.9173871984726628,0.9134536267301021,0.910472982300016,0.9040859966800123,0.8886877771420164,0.877088151965502
5,2,1.950672995103033,0.29429460580912864,4820,2.1878013014793396,0.27282157676348545,964,2.1932246503950674,0.2742,0.9682702128342483,0.08384852849494374,,,0.9571426943400245,,0.9571718572065158,0.042828142793484236,0.9892443532619166,0.14464567873491813,10,0.025,0.15,0.9187458829831264,0.9412887469068881,1.0,0.9408960524254554,0.94039166591849,0.9355642415650365,0.9346071100654553,0.932272032537907,0.9247567858397697,0.9226398604239662,0.9116006045054912,0.9001229358785232
5,3,1.9248873932021004,0.3044711756695415,4406,2.1877895763942172,0.2905788876276958,881,2.193224122252645,0.2742,0.9712994759843216,0.08413218237954066,,,0.9698442027891466,,0.9698965192850423,0.03010348071495772,0.9892465535141478,0.14464611869420707,10,0.025,0.15,0.9231626952682304,0.9448247480036089,0.9408960524254554,1.0,0.9398000700014923,0.9431778533225328,0.9389071995675631,0.934973696284098,0.9291776076786612,0.9164045165984618,0.9220706648620415,0.904466445245914
5,4,1.9792088942094284,0.28497081712062255,4112,2.1874470029558455,0.30413625304136255,822,2.1932241795938228,0.2742,0.9741750589845902,0.08435898467856481,,,0.9799999999552218,,0.9800300374643098,0.019969962535690167,0.9892418806852675,0.14464625382775403,10,0.025,0.15,0.8973969518450489,0.934516274968685,0.94039166591849,0.9398000700014923,1.0,0.9467416628347082,0.9435735306181603,0.9402553196988762,0.939544237142946,0.9295068621918521,0.9281417114312027,0.9296165800501155
5,5,1.9597557137089392,0.30074569298020054,3889,2.189384801047189,0.2699228791773779,778,2.1932231655603722,0.2742,0.9736360040327712,0.08423346379987114,,,0.9743794017972429,,0.9744186430327937,0.025581356967206315,0.9892485048561706,0.1446462015537205,10,0.025,0.15,0.8930852126418862,0.9281105789075603,0.9355642415650365,0.9431778533225328,0.9467416628347082,1.0,0.9385310876299541,0.9402287451013095,0.9461410654739602,0.9358023604155233,0.9324628296314408,0.9231721263782708
5,6,1.9747806845040157,0.2942872541094045,3711,2.1962576707204184,0.29784366576819404,742,2.1932245779641066,0.2742,0.9735925188943071,0.08425058290803249,,,0.9751459645300672,,0.9751943357924444,0.02480566420755559,0.9892461550069367,0.1446462133917892,10,0.025,0.15,0.8766712053120032,0.9173871984726628,0.9346071100654553,0.9389071995675631,0.9435735306181603,0.9385310876299541,1.0,0.9496146667186623,0.9527140497892148,0.936224619345547,0.9416947817471749,0.931613051377531
5,7,1.9673299712794168,0.29180695847362514,3564,2.1982134183247886,0.25666199158485276,713,2.193226138247719,0.2744,0.971774958307874,0.08409495472659956,,,0.9681772157530115,,0.968221353006222,0.03177864699377797,0.9892472131568018,0.14464607653648756,10,0.025,0.15,0.868093954943104,0.9134536267301021,0.932272032537907,0.934973696284098,0.9402553196988762,0.9402287451013095,0.9496146667186623,1.0,0.9433138229817367,0.9396025455507199,0.9467072258076369,0.9317223341608862
5,8,1.9776943952948958,0.28721301947108396,3441,2.185304363568624,0.28343023255813954,688,2.1932314921029006,0.2743,0.9708773889510351,0.0838856466782154,,,0.9588047795221502,,0.9588470234853361,0.041152976514663875,0.9892467100091425,0.14464575557235398,10,0.025,0.15,0.8609532939942177,0.910472982300016,0.9247567858397697,0.9291776076786612,0.939544237142946,0.9461410654739602,0.9527140497892148,0.9433138229817367,1.0,0.9393942294429295,0.9418201606381734,0.9414565826055976
5,9,1.963568189409044,0.2975104979004199,3334,2.19321878751119,0.28335832083958024,667,2.1932310665710064,0.2742,0.9636805592279856,0.08338057891588249,,,0.9361887576764889,,0.936228152695945,0.06377184730405505,0.9892507640115565,0.14464356494692077,10,0.025,0.15,0.8533366191366817,0.9040859966800123,0.9226398604239662,0.9164045165984618,0.9295068621918521,0.9358023604155233,0.936224619345547,0.9396025455507199,0.9393942294429295,1.0,0.9372606528258448,0.9326085111754715
5,10,1.9879586453621203,0.2821659981487195,3241,2.1908196608225503,0.27469135802469136,648,2.1932325121722642,0.2742,0.9627817683101639,0.08330078121087145,,,0.9326155606238252,,0.9326550147711706,0.06734498522882937,0.9892558622615426,0.14464312133376347,10,0.025,0.15,0.8479923355777939,0.8886877771420164,0.9116006045054912,0.9220706648620415,0.9281417114312027,0.9324628296314408,0.9416947817471749,0.9467072258076369,0.9418201606381734,0.9372606528258448,1.0,0.9376367827875771
5,11,1.9943299388885498,0.2840139284583729,3159,2.2028026580810547,0.2626582278481013,632,2.193276082413106,0.2743,0.9543156755679711,0.08254995412662199,,,0.8989948803783345,,0.8990279084352462,0.10097209156475384,0.9890785268370281,0.14463531525129408,10,0.025,0.15,0.8286521546613393,0.877088151965502,0.9001229358785232,0.904466445245914,0.9296165800501155,0.9231721263782708,0.931613051377531,0.9317223341608862,0.9414565826055976,0.9326085111754715,0.9376367827875771,1.0
6,0,1.8495052026377783,0.32853177501826153,6845,2.164296952160922,0.26369612856099345,1369,2.157935438276846,0.2844,0.9322832136746401,0.07980038664440976,,,0.75,,0.7500041260253173,0.2499958739746827,0.9887165345137748,0.14416608295684594,10,0.025,0.15,1.0,0.9394450238724668,0.9256444555594924,0.9221031930128866,0.9013244070519159,0.902158864381863,0.8820366350375448,0.8742732725665502,0.8693722446854457,0.8576558277532134,0.8564666416771572,0.8396666614183772
6,1,1.8640268400658009,0.3247718145308507,5478,2.1627874639299183,0.26916058394160586,1096,2.1572026633009127,0.2854,0.9614660998388327,0.08294485899519986,,,0.911492517080532,,0.9115380171972736,0.08846198280272644,0.9894341127515274,0.1443342813186011,10,0.025,0.15,0.9394450238724668,1.0,0.9426664872749486,0.9407675799901971,0.9329481551689015,0.9298878400719333,0.9171327221191223,0.9136477381386878,0.9122509241316932,0.8992454475332365,0.8911513339275763,0.883829435760654
6,2,1.9109557468640177,0.3086514522821577,4820,2.1502130329608917,0.2842323651452282,964,2.157182376595992,0.2862,0.9685837607308161,0.08386630805260123,,,0.9588159186057006,,0.9588552755359707,0.04114472446402928,0.9895294326916987,0.14433967029407485,10,0.025,0.15,0.9256444555594924,0.9426664872749486,1.0,0.940557987924139,0.9409112633925735,0.9384045280679751,0.9296672756393587,0.927834538922005,0.920844746856787,0.9121547269455302,0.9084708694772213,0.8961655418726643
6,3,1.8836990703855243,0.31804357694053564,4406,2.150442566190447,0.3098751418842225,881,2.1571806141092806,0.2862,0.9701069654307365,0.08409261687829078,,,0.9704385941521916,,0.9704906669307323,0.02950933306926773,0.9895387067174807,0.14433998307263046,10,0.025,0.15,0.9221031930128866,0.9407675799901971,0.940557987924139,1.0,0.9358631507001934,0.9406154239428739,0.9353860544574062,0.928694709443951,0.9237271542921925,0.9131240905443496,0.9168868438732607,0.902808019191477
6,4,1.938551952983394,0.2972762645914397,4112,2.149887834276472,0.3126520681265207,822,2.1571804903730563,0.2861,0.9714844025839673,0.0842787900626906,,,0.9799999999486424,,0.9800300374643098,0.019969962535690167,0.9895444896785786,0.1443400685396919,10,0.025,0.15,0.9013244070519159,0.9329481551689015,0.9409112633925735,0.9358631507001934,1.0,0.9421181163021403,0.9390242154388495,0.9341915574216588,0.9324773248987006,0.9194568037537056,0.9188922621957843,0.9179502821742781
6,5,1.9196000045345676,0.31558241193108766,3889,2.1519807747432163,0.2802056555269923,778,2.157178718832475,0.2862,0.9717520637218614,0.08420947502685812,,,0.976440146860635,,0.9764899077420739,0.023510092257926107,0.9895422931851471,0.14434004775745457,10,0.025,0.15,0.902158864381863,0.9298878400719333,0.9384045280679751,0.9406154239428739,0.9421181163021403,1.0,0.9333527824353489,0.9355357110675817,0.9364494470139242,0.9238077846024199,0.9236626639508527,0.9123017919841679
6,6,1.937002040188888,0.30959310158986797,3711,2.1619075536727905,0.30727762803234504,742,2.157180710683895,0.2862,0.970100893394797,0.08416606686202124,,,0.9742108081928639,,0.974253602020102,0.025746397979897973,0.9895433689685719,0.1443400324881231,10,0.025,0.15,0.8820366350375448,0.9171327221191223,0.9296672756393587,0.9353860544574062,0.9390242154388495,0.9333527824353489,1.0,0.9402050749611257,0.9444105712519556,0.9217008157485734,0.9321124054454675,0.9232574121380086
6,7,1.9278538210051401,0.30277777777777776,3564,2.1635700464248657,0.2720897615708275,713,2.157182436955126,0.2861,0.9687788195130105,0.08402597867771537,,,0.967016216867832,,0.9670578138667459,0.03294218613325406,0.9895380918793405,0.1443399224462109,10,0.025,0.15,0.8742732725665502,0.9136477381386878,0.927834538922005,0.928694709443951,0.9341915574216588,0.9355357110675817,0.9402050749611257,1.0,0.9363076984828296,0.9249850833700725,0.941295680774229,0.925944671504346
6,8,1.9378546635309855,0.2990119151409474,3441,2.1475903590520224,0.29651162790697677,688,2.1571914515917814,0.2861,0.9667526130069698,0.08382944774484864,,,0.9569228620877023,,0.9569573038900167,0.04304269610998335,0.989527853706487,0.14433959961785794,10,0.025,0.15,0.8693722446854457,0.9122509241316932,0.920844746856787,0.9237271542921925,0.9324773248987006,0.9364494470139242,0.9444105712519556,0.9363076984828296,1.0,0.9193225070861346,0.9307220360982039,0.9336698188221096
6,9,1.925354935946288,0.3126574685062987,3334,2.1572609345118203,0.29235382308845576,667,2.1571961867658396,0.286,0.9547273014904233,0.08312158984762805,,,0.9205689874769863,,0.9206152728953145,0.07938472710468547,0.9894459190936329,0.14433589976944133,10,0.025,0.15,0.8576558277532134,0.8992454475332365,0.9121547269455302,0.9131240905443496,0.9194568037537056,0.9238077846024199,0.9217008157485734,0.9249850833700725,0.9193225070861346,1.0,0.9167196649667115,0.9129469801517758
