round,client_id,client_i_training_loss,client_i_training_accuracy,client_i_training_dataset_size,client_i_evaluation_loss,client_i_evaluation_accuracy,client_i_evaluation_dataset_size,client_i_central_evaluation_loss,client_i_central_evaluation_accuracy,client_i_cosine_similarity,client_i_importance_coefficient,client_i_tanh_val,tanh_normalization_value,client_i_q,client_i_mask_order,client_i_v_nonzero_fraction,client_i_v_sparsity,client_i_v_cosine_similarity,client_i_reward_gradient_norm,local_epochs,learning_rate,gamma,client_0_cosine_similarity,client_1_cosine_similarity,client_2_cosine_similarity,client_3_cosine_similarity,client_4_cosine_similarity,client_5_cosine_similarity,client_6_cosine_similarity,client_7_cosine_similarity,client_8_cosine_similarity,client_9_cosine_similarity,client_10_cosine_similarity,client_11_cosine_similarity
0,0,2.230674049810127,0.16983199415631847,6845,2.298756230961193,0.10007304601899196,1369,2.2974434472337553,0.1082,0.9008998821428683,0.07985363986703799,,,0.65,,0.6500140284860788,0.3499859715139212,0,0.1407910431802348,10,0.025,0.15,1.0,0.9434250655140223,0.8952613966737846,0.8542747804758758,0.8327383375673988,0.8224744540921475,0.7762040823410855,0.7905692655538312,0.7641313321444205,0.7557237935350711,0.7556454713623261,0.735894023143773
0,1,2.270503553678823,0.1443227455275648,5478,2.296026998096042,0.10948905109489052,1096,2.2974210600309735,0.1083,0.9521445447802764,0.08439584585070634,,,0.9038721522422549,,0.9039131224109191,0.09608687758908085,0,0.14097506107713076,10,0.025,0.15,0.9434250655140223,1.0,0.9414942461740515,0.9183033532945251,0.8822924232243808,0.9085027121475168,0.8359974563467212,0.8729063448306486,0.8319403881048322,0.8205753175858327,0.8353327829974818,0.805228869175131
0,2,2.2843880684752214,0.1454979253112033,4820,2.296570807695389,0.11514522821576763,964,2.2974206405349924,0.1084,0.9695296437767034,0.08593682000536086,,,0.9899999999441081,,0.9900232707827895,0.00997672921721049,0,0.1409782956946586,10,0.025,0.15,0.8952613966737846,0.9414942461740515,1.0,0.9420107811449812,0.9180033984867755,0.9163387250485221,0.8755984856824409,0.9032884965803771,0.89181483513686,0.8650361662304967,0.8656465978624875,0.8671564823401368
0,3,2.2885164976119996,0.137562414888788,4406,2.294766460146223,0.11464245175936436,881,2.297420676750473,0.1084,0.9608760314759287,0.0851697842293417,,,0.9471289755993408,,0.9471786238880362,0.0528213761119638,0,0.1409778798180813,10,0.025,0.15,0.8542747804758758,0.9183033532945251,0.9420107811449812,1.0,0.9019065150544292,0.9171262184403489,0.9153946409805329,0.9049269731801615,0.8909633401267908,0.8896460411709075,0.8237498012333458,0.8643759734362391
0,4,2.292391378951795,0.1648103112840467,4112,2.2985125609806607,0.09854014598540146,822,2.2974207974687406,0.1083,0.9578897539261344,0.08490508763349235,,,0.9323346015174323,,0.9323661929989603,0.06763380700103971,0,0.140976625559145,10,0.025,0.15,0.8327383375673988,0.8822924232243808,0.9180033984867755,0.9019065150544292,1.0,0.898034149770792,0.8754516542774454,0.9285478766220119,0.9371207437262798,0.8834592214794867,0.8734359190056351,0.9238775675697529
0,5,2.2936128370223505,0.13836461815376702,3889,2.2988144670213972,0.11953727506426735,778,2.297420694858213,0.1084,0.960026788334579,0.08509450932109376,,,0.9429217240930347,,0.9429783301150336,0.057021669884966375,0,0.14097779215783474,10,0.025,0.15,0.8224744540921475,0.9085027121475168,0.9163387250485221,0.9171262184403489,0.898034149770792,1.0,0.8979909002855204,0.947951879158279,0.8846651829995916,0.9115119483208155,0.9025471039223838,0.8702622033111177
0,6,2.2952423835622855,0.11630288331985987,3711,2.2958284616470337,0.11455525606469003,742,2.297424283208726,0.1083,0.9304406658066413,0.08247206522909493,,,0.7963485549843439,,0.7963806505916721,0.20361934940832793,0,0.14094691385498,10,0.025,0.15,0.7762040823410855,0.8359974563467212,0.8755984856824409,0.9153946409805329,0.8754516542774454,0.8979909002855204,1.0,0.8823668197069863,0.9136294229993199,0.9517612530489279,0.798237379344482,0.8628359961928218
0,7,2.2955548448222025,0.12356902356902356,3564,2.300399661064148,0.08976157082748948,713,2.2974210268334496,0.1083,0.9544026460627766,0.084595998620365,,,0.915059054508069,,0.9150946510207787,0.0849053489792213,0,0.14097592947460025,10,0.025,0.15,0.7905692655538312,0.8729063448306486,0.9032884965803771,0.9049269731801615,0.9285478766220119,0.947951879158279,0.8823668197069863,1.0,0.911182144776859,0.9051415151495699,0.9163320483778226,0.9020720056497279
0,8,2.2964718332997074,0.12342342342342343,3441,2.2968894640604653,0.11337209302325581,688,2.297422867787035,0.1083,0.9399817009338658,0.08331776007056381,,,0.8436159775353754,,0.8436566486771963,0.15634335132280375,0,0.1409659822844086,10,0.025,0.15,0.7641313321444205,0.8319403881048322,0.89181483513686,0.8909633401267908,0.9371207437262798,0.8846651829995916,0.9136294229993199,0.911182144776859,1.0,0.9149157112202191,0.8620461336849818,0.9317202236758745
0,9,2.2976676949748285,0.11271745650869826,3334,2.298271139462789,0.09145427286356822,667,2.297424406944951,0.1083,0.9297071697717539,0.08240704987125685,,,0.7927147284070155,,0.7927497483124556,0.2072502516875444,0,0.1409459023061125,10,0.025,0.15,0.7557237935350711,0.8205753175858327,0.8650361662304967,0.8896460411709075,0.8834592214794867,0.9115119483208155,0.9517612530489279,0.9051415151495699,0.9149157112202191,1.0,0.8296121337654041,0.894477216917953
0,10,2.295139023890862,0.15087935822277074,3241,2.292619069417318,0.12037037037037036,648,2.29743800585783,0.1081,0.9065863040074866,0.08035767088392436,,,0.6781712100934827,,0.6781947814031787,0.3218052185968213,0,0.1408251672595982,10,0.025,0.15,0.7556454713623261,0.8353327829974818,0.8656465978624875,0.8237498012333458,0.8734359190056351,0.9025471039223838,0.798237379344482,0.9163320483778226,0.8620461336849818,0.8296121337654041,1.0,0.8705051686313923
0,11,2.2963037633895875,0.146343779677113,3159,2.3005630493164064,0.12025316455696203,632,2.2974289429338675,0.1083,0.9194036300059168,0.08149376841776192,,,0.7416697672063691,,0.7417273192388308,0.25827268076116916,0,0.1409175356289753,10,0.025,0.15,0.735894023143773,0.805228869175131,0.8671564823401368,0.8643759734362391,0.9238775675697529,0.8702622033111177,0.8628359961928218,0.9020720056497279,0.9317202236758745,0.894477216917953,0.8705051686313923,1.0
1,0,2.0813514482091975,0.2399561723886048,6845,2.2886640375310723,0.16508400292184075,1369,2.287731910053688,0.1694,0.9127599686571143,0.07921718833469577,,,0.65,,0.6500140284860788,0.3499859715139212,0.8882732903974574,0.14576423886292553,10,0.025,0.15,1.0,0.9563167982784335,0.942958149375345,0.9065712986640101,0.9034089874741041,0.8832830178238394,0.8568111168791552,0.8573994517800368,0.8363907911552908,0.8384530959349875,0.8464130510059635,0.8296307716895472
1,1,2.1206953966340354,0.22139466958744067,5478,2.2863397863176136,0.1687956204379562,1096,2.2876346232015874,0.1699,0.9612670078750244,0.08361195292211394,,,0.901018451354856,,0.9010661649419881,0.0989338350580119,0.8900259331048691,0.14597440461457944,10,0.025,0.15,0.9563167982784335,1.0,0.974815856813104,0.9563199264670846,0.9545709635471639,0.9411491838710987,0.915043874609386,0.9217073360930972,0.8976060874157817,0.8995924290970648,0.9104185759784191,0.8939304218468376
1,2,2.1591157138347628,0.21551867219917012,4820,2.287439316511154,0.16597510373443983,964,2.2876337842096257,0.1699,0.9797758600987033,0.08516981831630152,,,0.9899999999428823,,0.9900232707827895,0.00997672921721049,0.890075196264596,0.1459767749141697,10,0.025,0.15,0.942958149375345,0.974815856813104,1.0,0.9693675035132562,0.9702274104561839,0.9650651426066584,0.9413720913134449,0.9498708370651889,0.930363782498442,0.9309410876018316,0.9401889774418352,0.9222254417484633
1,3,2.1837116840907504,0.21659101225601451,4406,2.2857765470232283,0.18274687854710556,881,2.2876338053353225,0.1699,0.983172828423734,0.08480545812738183,,,0.9691886166392512,,0.9692446072849104,0.030755392715089647,0.890073948206946,0.14597674460317128,10,0.025,0.15,0.9065712986640101,0.9563199264670846,0.9693675035132562,1.0,0.9713497556614961,0.9712651520882045,0.9612793289011673,0.9626354717612736,0.9435126823117906,0.9457983064824173,0.9466677469967304,0.9419932390763062
1,4,2.204389774799347,0.21228112840466926,4112,2.2892020429883684,0.15693430656934307,822,2.287633612186094,0.17,0.9832747555051109,0.08464482814475573,,,0.9600138158785012,,0.9600600749286198,0.03993992507138022,0.8900560165368514,0.14597670345981043,10,0.025,0.15,0.9034089874741041,0.9545709635471639,0.9702274104561839,0.9713497556614961,1.0,0.9742060855885801,0.9521532655357182,0.9644572695120899,0.9466369221806054,0.9423341525084078,0.9521259354778888,0.9465069153731918
1,5,2.2103474793895597,0.19840575983543327,3889,2.288130726133074,0.19151670951156813,778,2.2876336755631845,0.1699,0.9886622462787714,0.08493778765216045,,,0.9767469628754869,,0.9767952336155534,0.023204766384446573,0.8900778833366486,0.14597676222599693,10,0.025,0.15,0.8832830178238394,0.9411491838710987,0.9650651426066584,0.9712651520882045,0.9742060855885801,1.0,0.9722786003554139,0.9805952138060474,0.9640410944844376,0.9600138296630235,0.9704882643416388,0.9590387826527194
1,6,2.226008047728703,0.17666397197520883,3711,2.285521984100342,0.16442048517520216,742,2.2876386974431293,0.17,0.9808746061811076,0.08305957182456396,,,0.8694677630514009,,0.8695103233153438,0.13048967668465616,0.8904539960188499,0.14597030829237273,10,0.025,0.15,0.8568111168791552,0.915043874609386,0.9413720913134449,0.9612793289011673,0.9521532655357182,0.9722786003554139,1.0,0.9768833688961286,0.9739479437063943,0.9742118993108444,0.9639964597054526,0.9640725419478969
1,7,2.2272543277059285,0.19318181818181818,3564,2.2911824385325112,0.14165497896213183,713,2.287634170508083,0.17,0.9845550867266292,0.08449511745575476,,,0.9514626990765047,,0.9515026984205575,0.04849730157944254,0.8900675659826802,0.1459766262500184,10,0.025,0.15,0.8573994517800368,0.9217073360930972,0.9498708370651889,0.9626354717612736,0.9644572695120899,0.9805952138060474,0.9768833688961286,1.0,0.9713613753061655,0.9672206591764413,0.9781877023389636,0.9637823133225781
1,8,2.2416142772745205,0.1884045335658239,3441,2.2865001360575357,0.1875,688,2.2876356704325618,0.17,0.9759014358021822,0.08342126925607553,,,0.8901270560148956,,0.8901652060537043,0.1098347939462957,0.89025632356363,0.14597299782680534,10,0.025,0.15,0.8363907911552908,0.8976060874157817,0.930363782498442,0.9435126823117906,0.9466369221806054,0.9640410944844376,0.9739479437063943,0.9713613753061655,1.0,0.9794702064706138,0.9731893099093816,0.9783574793458678
1,9,2.2459939426845974,0.18134373125374925,3334,2.287976781527201,0.15592203898050974,667,2.2876395575607877,0.17,0.9748672302531293,0.08282346124764672,,,0.855981691115729,,0.8560264725784358,0.14397352742156422,0.8904318118252063,0.14596887183738033,10,0.025,0.15,0.8384530959349875,0.8995924290970648,0.9309410876018316,0.9457983064824173,0.9423341525084078,0.9600138296630235,0.9742118993108444,0.9672206591764413,0.9794702064706138,1.0,0.9696263959396137,0.9753938436891769
1,10,2.247652095097762,0.18648565257636532,3241,2.2828914324442544,0.18055555555555555,648,2.287693714793724,0.1687,0.9781801637263582,0.08166207945727327,,,0.7896463385269025,,0.7896882375270254,0.21031176247297456,0.8885559200956743,0.14593207446047943,10,0.025,0.15,0.8464130510059635,0.9104185759784191,0.9401889774418352,0.9466677469967304,0.9521259354778888,0.9704882643416388,0.9639964597054526,0.9781877023389636,0.9731893099093816,0.9696263959396137,1.0,0.9702838424714632
1,11,2.244103711128235,0.19810066476733143,3159,2.291102647781372,0.17563291139240506,632,2.287650902060014,0.1703,0.9716062312702328,0.08215146726127648,,,0.8175990004338756,,0.8176544371276262,0.1823455628723738,0.8903110131686001,0.14596286206842585,10,0.025,0.15,0.8296307716895472,0.8939304218468376,0.9222254417484633,0.9419932390763062,0.9465069153731918,0.9590387826527194,0.9640725419478969,0.9637823133225781,0.9783574793458678,0.9753938436891769,0.9702838424714632,1.0
2,0,1.9892001350720723,0.27573411249086927,6845,2.272756663235751,0.2089116143170197,1369,2.2723870186866084,0.2184,0.9232347528598857,0.07911611977339554,,,0.65,,0.6500140284860788,0.3499859715139212,0.9590223898654036,0.14601280331650424,10,0.025,0.15,1.0,0.9497628417265092,0.9405605943555995,0.919540247351485,0.9193375269852492,0.8959786500192491,0.878210087730695,0.8716841615816645,0.8602882031526592,0.8547554982369985,0.8577301302700293,0.8527758578185457
2,1,2.0205468477204787,0.2610076670317634,5478,2.270821597841051,0.22627737226277372,1096,2.2722147567362727,0.2196,0.9617364981810208,0.08309095921686213,,,0.8884089810771852,,0.8884570315723457,0.11154296842765432,0.9605043768529622,0.14620452094546696,10,0.025,0.15,0.9497628417265092,1.0,0.9636611481196321,0.9557456945114907,0.9539738965175385,0.9420650212722158,0.922171973966694,0.926371280712998,0.9118518359645285,0.9074339433561794,0.9101880581011385,0.9039362835383884
2,2,2.0507752380873026,0.25309128630705396,4820,2.2730624675750732,0.2095435684647303,964,2.272214340258248,0.2196,0.9751572227567232,0.08449255816610021,,,0.9724762200485481,,0.9725041672855704,0.02749583271442957,0.9605148301081312,0.14620795898122305,10,0.025,0.15,0.9405605943555995,0.9636611481196321,1.0,0.9621300446843274,0.9654065710139377,0.9578438106133839,0.9423385195646597,0.9436175084062098,0.9353589158050185,0.9337904997212718,0.9336702425879227,0.9247596843427273
2,3,2.0761644019399372,0.2548797094870631,4406,2.271604980741228,0.22360953461975028,881,2.2722143462941617,0.2196,0.9818252685272552,0.0844842568418688,,,0.9719783105657249,,0.97201729629813,0.02798270370186995,0.9605127132405417,0.14620795897080344,10,0.025,0.15,0.919540247351485,0.9557456945114907,0.9621300446843274,1.0,0.9651918345923229,0.9669685660744756,0.9604360378767427,0.960249923693703,0.9511833852835131,0.9458034469508779,0.9471543727665415,0.9461676114621629
2,4,2.091604963215915,0.2508025291828794,4112,2.2743372235979353,0.21046228710462286,822,2.2722137276130385,0.2196,0.98228755129439,0.08439988472782614,,,0.9669177112569145,,0.9669670413097655,0.03303295869023448,0.9605126101555419,0.1462079208642853,10,0.025,0.15,0.9193375269852492,0.9539738965175385,0.9654065710139377,0.9651918345923229,1.0,0.9657855219598283,0.9580719827312751,0.9581675202850997,0.9516193866185509,0.9476039865976222,0.949295570161379,0.9516911997988956
2,5,2.1012947055601305,0.2395731550527128,3889,2.271212407520839,0.2377892030848329,778,2.2722137366669086,0.2196,0.9885333407407898,0.08478472086566186,,,0.9899999999400204,,0.9900232707827895,0.00997672921721049,0.9605108366557692,0.1462080179188,10,0.025,0.15,0.8959786500192491,0.9420650212722158,0.9578438106133839,0.9669685660744756,0.9657855219598283,1.0,0.9727148935976447,0.9768176672372914,0.9723345620916473,0.9662476325847303,0.9712525621441324,0.9706818921326914
2,6,2.113906436130918,0.23150094314201025,3711,2.269351283709208,0.2223719676549865,742,2.2722233156614666,0.2186,0.9837504588786408,0.0834662396197872,,,0.9109181213209916,,0.910976877754122,0.08902312224587805,0.9604855085569325,0.1462059637997362,10,0.025,0.15,0.878210087730695,0.922171973966694,0.9423385195646597,0.9604360378767427,0.9580719827312751,0.9727148935976447,1.0,0.9737134256136354,0.9784752331728966,0.9730786085543841,0.971044693484778,0.9729810221484909
2,7,2.1125463038682937,0.23886083052749718,3564,2.2767072121302285,0.211781206171108,713,2.272214482102213,0.2196,0.9840585057547614,0.08436490846587003,,,0.9648198516846109,,0.9648545163473123,0.03514548365268766,0.9605111894405717,0.1462078980799451,10,0.025,0.15,0.8716841615816645,0.926371280712998,0.9436175084062098,0.960249923693703,0.9581675202850997,0.9768176672372914,0.9737134256136354,1.0,0.9754519354280221,0.9708364167957328,0.9763393228009893,0.9727887559261441
2,8,2.1362113413987336,0.22080790467887243,3441,2.270245591799418,0.2311046511627907,688,2.272219482856461,0.2195,0.9807422361378935,0.08359212983816555,,,0.9184689567995161,,0.918527504084765,0.08147249591523498,0.9605107550226235,0.1462063021946459,10,0.025,0.15,0.8602882031526592,0.9118518359645285,0.9353589158050185,0.9511833852835131,0.9516193866185509,0.9723345620916473,0.9784752331728966,0.9754519354280221,1.0,0.9763681424407051,0.9773351616331106,0.9774510466131349
2,9,2.1400852410881606,0.22510497900419915,3334,2.2717343171437583,0.20689655172413793,667,2.272224571131453,0.2186,0.97699386974431,0.08309995227829645,,,0.8889483806287429,,0.888985162812959,0.11101483718704097,0.9604854697511945,0.14620452166516765,10,0.025,0.15,0.8547554982369985,0.9074339433561794,0.9337904997212718,0.9458034469508779,0.9476039865976222,0.9662476325847303,0.9730786085543841,0.9708364167957328,0.9763681424407051,1.0,0.9757422253095321,0.9723778413595854
2,10,2.140646783205179,0.2261956186362234,3241,2.26761257648468,0.22685185185185186,648,2.2723069372056406,0.2194,0.9786832819007085,0.08243607386756376,,,0.8491292690110205,,0.8491690185010975,0.1508309814989025,0.9604604069066675,0.14619921371155253,10,0.025,0.15,0.8577301302700293,0.9101880581011385,0.9336702425879227,0.9471543727665415,0.949295570161379,0.9712525621441324,0.971044693484778,0.9763393228009893,0.9773351616331106,0.9757422253095321,1.0,0.9743210800381704
2,11,2.1272332124710083,0.24089901867679644,3159,2.2761804103851317,0.21677215189873417,632,2.2722422925731802,0.2186,0.9766323706503968,0.08267219633860222,,,0.8632917826245544,,0.8633295373900415,0.13667046260995852,0.9604207064281595,0.14620136883008894,10,0.025,0.15,0.8527758578185457,0.9039362835383884,0.9247596843427273,0.9461676114621629,0.9516911997988956,0.9706818921326914,0.9729810221484909,0.9727887559261441,0.9774510466131349,0.9723778413595854,0.9743210800381704,1.0
3,0,1.9254745066165924,0.29890430971512055,6845,2.2497725053267046,0.2527392257121987,1369,2.2503483567056777,0.2515,0.9277689304410889,0.079254748415795,,,0.65,,0.6500140284860788,0.3499859715139212,0.9790023274888073,0.145761526084745,10,0.025,0.15,1.0,0.9459320904529728,0.9343820469633854,0.9189607292228102,0.9144080487288356,0.8996808964283061,0.8830378445343836,0.8780643313878274,0.8742089900655703,0.8560345295759763,0.8665579151917067,0.8649938266741161
3,1,1.9511297583580016,0.28734939759036143,5478,2.2484605842166476,0.2591240875912409,1096,2.250095225587676,0.2516,0.9621081358791624,0.08283644606842193,,,0.8774365752603184,,0.8774818042283508,0.12251819577164924,0.9798322519587062,0.1459403257092698,10,0.025,0.15,0.9459320904529728,1.0,0.9547255556714886,0.9510236880678097,0.9464021012547649,0.9402270020220151,0.9227444319458636,0.9274800718005914,0.9195866295364962,0.9026742609002731,0.9111905980806615,0.9109490949184457
3,2,1.974475594884471,0.27850622406639003,4820,2.2524304389953613,0.23858921161825727,964,2.250092750863184,0.2514,0.9750274186887535,0.0841258457179156,,,0.959313011761767,,0.9593586506246803,0.04064134937531971,0.9798820079892713,0.14594615886681064,10,0.025,0.15,0.9343820469633854,0.9547255556714886,1.0,0.9568030552501584,0.9592432984648963,0.9538428116449925,0.9423311578744995,0.9434168443465877,0.9422240616447382,0.9305661214922452,0.9352666039912775,0.9293329449216737
3,3,1.999983570575714,0.2788016341352701,4406,2.2510763917650496,0.25312145289443816,881,2.2500927116297467,0.2514,0.9795244320266141,0.08426731536019766,,,0.9682962856347959,,0.9683368817151062,0.031663118284893765,0.979879671846924,0.1459462975180733,10,0.025,0.15,0.9189607292228102,0.9510236880678097,0.9568030552501584,1.0,0.9562546322775931,0.9612222022103697,0.9548018111252433,0.955384526632386,0.9514910720662816,0.9380384814637901,0.9453476905561372,0.9444882069556144
3,4,2.0085425568349433,0.2801556420233463,4112,2.2530713421957835,0.23722627737226276,822,2.2500919239430486,0.2514,0.9787469400280243,0.08418970417970072,,,0.9633680022323181,,0.9634104074862604,0.03658959251373961,0.9798792579503058,0.1459462314137288,10,0.025,0.15,0.9144080487288356,0.9464021012547649,0.9592432984648963,0.9562546322775931,1.0,0.9575571358181547,0.9544397990378092,0.9520846409663173,0.9499547040168242,0.9399305253372204,0.9440836060549728,0.9502941128166453
3,5,2.024594743405619,0.26891231679094885,3889,2.247549363545009,0.2506426735218509,778,2.2500918515120882,0.2514,0.9842993960100065,0.0846091079785517,,,0.9899999999365003,,0.9900232707827895,0.00997672921721049,0.9798795232012936,0.14594646929033905,10,0.025,0.15,0.8996808964283061,0.9402270020220151,0.9538428116449925,0.9612222022103697,0.9575571358181547,1.0,0.9642125777884005,0.967345728630957,0.9664165111715985,0.9538769936046951,0.9619873141267178,0.9622305085608627
3,6,2.0338144359917476,0.25912153058474807,3711,2.24629012743632,0.26549865229110514,742,2.250108821482598,0.2515,0.9810856087811405,0.08368761359973047,,,0.931485422223046,,0.9315244838342328,0.06847551616576719,0.9798696901935582,0.1459452002735032,10,0.025,0.15,0.8830378445343836,0.9227444319458636,0.9423311578744995,0.9548018111252433,0.9544397990378092,0.9642125777884005,1.0,0.9651640703281779,0.9717890839052606,0.960873175461324,0.9640539427214426,0.9676857960004535
3,7,2.031980391059603,0.26784511784511783,3564,2.255812168121338,0.2482468443197756,713,2.250092886671235,0.2515,0.9808437699676675,0.08423639945946142,,,0.9663331365176777,,0.9663646416134409,0.03363535838655907,0.9798786246817555,0.14594627193844664,10,0.025,0.15,0.8780643313878274,0.9274800718005914,0.9434168443465877,0.955384526632386,0.9520846409663173,0.967345728630957,0.9651640703281779,1.0,0.9681262485976361,0.9584077123189284,0.9654001283050472,0.9667864050135105
3,8,2.053535305129157,0.24798023830281896,3441,2.24725878238678,0.2616279069767442,688,2.2501026829586754,0.2518,0.9805298836415175,0.08374747710538437,,,0.9352867343463667,,0.9353204271261408,0.06467957287385917,0.979870605454729,0.1459454033544377,10,0.025,0.15,0.8742089900655703,0.9195866295364962,0.9422240616447382,0.9514910720662816,0.9499547040168242,0.9664165111715985,0.9717890839052606,0.9681262485976361,1.0,0.9620397716153433,0.9686571977256535,0.969751105781477
3,9,2.0605929560131497,0.2518596280743851,3334,2.248810132344564,0.239880059970015,667,2.2501129953167105,0.2515,0.9705786053696767,0.0831181712955298,,,0.895326030773364,,0.895372250004126,0.10462774999587399,0.9798335041425545,0.14594253300350246,10,0.025,0.15,0.8560345295759763,0.9026742609002731,0.9305661214922452,0.9380384814637901,0.9399305253372204,0.9538769936046951,0.960873175461324,0.9584077123189284,0.9620397716153433,1.0,0.9643332042022992,0.9612559636039976
3,10,2.060019144645104,0.25242209194692994,3241,2.2453543742497764,0.26851851851851855,648,2.2502278527127038,0.2514,0.9761609319482502,0.08288893451761513,,,0.8807695738221794,,0.880799128583453,0.119200871416547,0.9798415697868107,0.14594077780766607,10,0.025,0.15,0.8665579151917067,0.9111905980806615,0.9352666039912775,0.9453476905561372,0.9440836060549728,0.9619873141267178,0.9640539427214426,0.9654001283050472,0.9686571977256535,0.9643332042022992,1.0,0.966742270954616
3,11,2.035959485054016,0.2705603038936372,3159,2.254458951950073,0.24050632911392406,632,2.2501378270644175,0.2514,0.9762541278988935,0.08303823630169646,,,0.8902501860192499,,0.8902889868132231,0.1097110131867769,0.9798489471244306,0.14594200159919382,10,0.025,0.15,0.8649938266741161,0.9109490949184457,0.9293329449216737,0.9444882069556144,0.9502941128166453,0.9622305085608627,0.9676857960004535,0.9667864050135105,0.969751105781477,0.9612559636039976,0.966742270954616,1.0
4,0,1.8793986408798784,0.31215485756026295,6845,2.2196267518130215,0.266617969320672,1369,2.2213701266276686,0.2713,0.9325496238438759,0.07955519782066575,,,0.65,,0.6500140284860788,0.3499859715139212,0.9876925590508464,0.14546696711816634,10,0.025,0.15,1.0,0.9437439910776748,0.9313430313093392,0.9191442751309086,0.9152690961946858,0.9034456608802086,0.8879727698933048,0.8833280792210111,0.8794796042114483,0.8640141609438662,0.8727193534058938,0.8706360266349247
4,1,1.9013749693715296,0.30649872216137275,5478,2.218916336695353,0.29014598540145986,1096,2.220960882645619,0.2718,0.9615537295725799,0.08272177023284633,,,0.870258543831618,,0.8703025201762637,0.12969747982373625,0.9888647215999951,0.14565078897942169,10,0.025,0.15,0.9437439910776748,1.0,0.9500986337224769,0.9462132763702222,0.9420165180371852,0.9365122705702845,0.9206992336009854,0.9242627264788952,0.9185281062374023,0.904635351498619,0.9091947546779555,0.9091440149712189
4,2,1.9241837256833128,0.2986721991701245,4820,2.2251230478286743,0.25622406639004147,964,2.2209573244746728,0.2717,0.9743457002596527,0.08393841662171625,,,0.9548853033333693,,0.9549272994339093,0.045072700566090695,0.9889575443486192,0.14565790544254859,10,0.025,0.15,0.9313430313093392,0.9500986337224769,1.0,0.951686746677456,0.9556027683554721,0.9490830909601169,0.9389105634338517,0.9410006777813786,0.9399528959443658,0.9305175866085436,0.9343025299573323,0.9297466040106473
4,3,1.94305146081107,0.29852473899228327,4406,2.223768336432321,0.282633371169126,881,2.220957870724835,0.2717,0.9768371913019908,0.08410740080854295,,,0.9666394040063393,,0.9666617154362859,0.03333828456371413,0.9889620243149878,0.1456580279465433,10,0.025,0.15,0.9191442751309086,0.9462132763702222,0.951686746677456,1.0,0.9496044162025424,0.9551903802723514,0.9493136293396076,0.9494809373740256,0.9463559038331207,0.932980319055358,0.9423505902464095,0.9381340636184764
4,4,1.948240332892447,0.30043774319066147,4112,2.225229127066476,0.23722627737226276,822,2.2209562410282184,0.2716,0.97702590750386,0.0840654470048787,,,0.963721206504289,,0.9637569936129128,0.03624300638708722,0.9889617124342772,0.14565801061545253,10,0.025,0.15,0.9152690961946858,0.9420165180371852,0.9556027683554721,0.9496044162025424,1.0,0.9521987065407387,0.9509249594437383,0.94548841552133,0.9486631311258584,0.9348232441311274,0.9422452946123032,0.9457138270282657
4,5,1.971672619158222,0.2868860889688866,3889,2.216663326535906,0.2750642673521851,778,2.220956811422034,0.2717,0.9806369180949686,0.08444324711578956,,,0.9899999999304425,,0.9900232707827895,0.00997672921721049,0.9889651495356347,0.14565808844930536,10,0.025,0.15,0.9034456608802086,0.9365122705702845,0.9490830909601169,0.9551903802723514,0.9521987065407387,1.0,0.9549420167579337,0.9587495437672575,0.9591265897855018,0.9439513133993859,0.9553383987871693,0.9551515905444312
4,6,1.9739760571512683,0.2804904338453247,3711,2.2161518335342407,0.2776280323450135,742,2.2209795064563993,0.2717,0.9773870162253832,0.08376598450549494,,,0.9428913736564046,,0.9429535739631298,0.05704642603687016,0.9889556299255704,0.1456576657744067,10,0.025,0.15,0.8879727698933048,0.9206992336009854,0.9389105634338517,0.9493136293396076,0.9509249594437383,0.9549420167579337,1.0,0.9556009144082649,0.9628865609374121,0.9481644750406545,0.9555158057033145,0.9607581571815452
4,7,1.9742202392646244,0.28754208754208754,3564,2.2280362844467163,0.27489481065918653,713,2.220957891850532,0.2716,0.9772754454965885,0.084102534690739,,,0.9663009295039124,,0.9663316334109026,0.03366836658909744,0.9889617414628427,0.14565802793527902,10,0.025,0.15,0.8833280792210111,0.9242627264788952,0.9410006777813786,0.9494809373740256,0.94548841552133,0.9587495437672575,0.9556009144082649,1.0,0.9592172025499253,0.9503744603573285,0.9562571736767699,0.9601318977497537
4,8,1.9907711598608229,0.27099680325486775,3441,2.216984828313192,0.2819767441860465,688,2.2209716356253324,0.2715,0.977684374574047,0.08381279531804837,,,0.9461474120684537,,0.9461966298625208,0.053803370137479156,0.9889606246871706,0.14565774573003254,10,0.025,0.15,0.8794796042114483,0.9185281062374023,0.9399528959443658,0.9463559038331207,0.9486631311258584,0.9591265897855018,0.9628865609374121,0.9592172025499253,1.0,0.9513830180555296,0.959854039164011,0.9632352020795416
4,9,2.0026902499022308,0.2715656868626275,3334,2.2186415990193686,0.26686656671664166,667,2.220984099786493,0.2718,0.9672694718206027,0.08308289313728744,,,0.8953773141368485,,0.8954217623079335,0.10457823769206653,0.9888895610996409,0.14565448384018928,10,0.025,0.15,0.8640141609438662,0.904635351498619,0.9305175866085436,0.932980319055358,0.9348232441311274,0.9439513133993859,0.9481644750406545,0.9503744603573285,0.9513830180555296,1.0,0.9542336645420793,0.9524753833849696
4,10,1.9988024862912985,0.2720765195927183,3241,2.2161081234614053,0.2824074074074074,648,2.2211345388919495,0.2716,0.9737197922302573,0.08315123903757227,,,0.9001312772597798,,0.9001831955240878,0.09981680447591224,0.9888893099035237,0.14565494111474117,10,0.025,0.15,0.8727193534058938,0.9091947546779555,0.9343025299573323,0.9423505902464095,0.9422452946123032,0.9553383987871693,0.9555158057033145,0.9562571736767699,0.959854039164011,0.9542336645420793,1.0,0.9607845241408061
4,11,1.9704877734184265,0.29113643558088004,3159,2.2257830142974853,0.26424050632911394,632,2.221018564851978,0.2717,0.9740043204131065,0.08325307370641859,,,0.9072146320522949,,0.9072634549685596,0.09273654503144035,0.9888964378772357,0.1456554056929994,10,0.025,0.15,0.8706360266349247,0.9091440149712189,0.9297466040106473,0.9381340636184764,0.9457138270282657,0.9551515905444312,0.9607581571815452,0.9601318977497537,0.9632352020795416,0.9524753833849696,0.9607845241408061,1.0
5,0,1.8416476530057413,0.3283126369612856,6845,2.183014327829534,0.28049671292914535,1369,2.186339471913591,0.2837,0.9390345642529184,0.08002952489961217,,,0.65,,0.6500140284860788,0.3499859715139212,0.9913880580560692,0.1450795568842197,10,0.025,0.15,1.0,0.9428472251014427,0.929769563951809,0.9195118115824702,0.9155359631955491,0.9068441435697313,0.8929135846964842,0.8906987166104208,0.8864187894389038,0.8764016958258103,0.8794346107520062,0.8780575235318847
5,1,1.861350776705631,0.32175976633807957,5478,2.182969570159912,0.3010948905109489,1096,2.1857275721393052,0.2841,0.9599647130629325,0.08267787243110566,,,0.8619226451572954,,0.8619679490353352,0.13803205096466475,0.9919186358003672,0.14527503413415035,10,0.025,0.15,0.9428472251014427,1.0,0.9438445383175961,0.9404588412617005,0.9364481140239208,0.9306083636109013,0.9158331796178524,0.9202397959706317,0.9163907446179609,0.9008602607053022,0.9057753462063894,0.9050168880937104
5,2,1.876880731708125,0.31201244813278006,4820,2.1921955943107605,0.27385892116182575,964,2.1857341271412523,0.2843,0.9719278515725686,0.08382347286102462,,,0.9535944029287722,,0.9536564836361836,0.046343516363816395,0.9919614726732193,0.14528397447213895,10,0.025,0.15,0.929769563951809,0.9438445383175961,1.0,0.9461452546015541,0.9483160447753992,0.9435343555434292,0.9337918052405522,0.9373649547146431,0.9359839188972628,0.9246229853748252,0.9275620415250507,0.9244638780898333
5,3,1.8988264230319432,0.3118474807081253,4406,2.190779754093715,0.2814982973893303,881,2.1857348635226868,0.2843,0.9733990188108003,0.08397637016151181,,,0.9658293532029842,,0.9658612665247314,0.034138733475268634,0.9919605626863879,0.14528408344113078,10,0.025,0.15,0.9195118115824702,0.9404588412617005,0.9461452546015541,1.0,0.9412785316159881,0.9470464266835134,0.9422301718471058,0.9436316970995169,0.9407807760211782,0.9253858548318119,0.9339491008941447,0.9313894591116026
5,4,1.9044603116584546,0.31235408560311284,4112,2.191582134791783,0.2518248175182482,822,2.1857328897790063,0.2843,0.9736733715774798,0.0839592979017921,,,0.9644632188888169,,0.9645079302206598,0.03549206977934016,0.9919599488087393,0.14528407736053753,10,0.025,0.15,0.9155359631955491,0.9364481140239208,0.9483160447753992,0.9412785316159881,1.0,0.945979337905051,0.9438917435917286,0.9388257481208035,0.9402457860525099,0.931560734118387,0.9339749786509769,0.9388225803616699
5,5,1.9281763380573642,0.30149138596040115,3889,2.1794027260371616,0.2814910025706941,778,2.1857326815399944,0.2843,0.9762671590819877,0.08427842505762753,,,0.9899999999199792,,0.9900232707827895,0.00997672921721049,0.9919637578723585,0.1452841427798492,10,0.025,0.15,0.9068441435697313,0.9306083636109013,0.9435343555434292,0.9470464266835134,0.945979337905051,1.0,0.9463389271778019,0.9513470344241206,0.9496688699757195,0.934257009834301,0.9428192955412081,0.9457335915981789
5,6,1.9283628237658534,0.2933980059283212,3711,2.1801061232884726,0.3005390835579515,742,2.1857623118388503,0.2843,0.973949826886643,0.08378251288967656,,,0.950316757011677,,0.9503721674836196,0.049627832516380366,0.9919574031438524,0.1452839314296605,10,0.025,0.15,0.8929135846964842,0.9158331796178524,0.9337918052405522,0.9422301718471058,0.9438917435917286,0.9463389271778019,1.0,0.9484522875285963,0.9534942191015386,0.9409088642941704,0.9451997547510903,0.9540569269492434
5,7,1.926654218350138,0.3023288439955107,3564,2.1941415468851724,0.2959326788218794,713,2.185734329344351,0.2843,0.9742615090281892,0.08400151742050543,,,0.9678416546781529,,0.9678747668795695,0.032125233120430474,0.9919620118187186,0.14528409799973008,10,0.025,0.15,0.8906987166104208,0.9202397959706317,0.9373649547146431,0.9436316970995169,0.9388257481208035,0.9513470344241206,0.9484522875285963,1.0,0.9514172461651029,0.9394747540542461,0.9460220121258587,0.9529307529000269
5,8,1.9424837121257075,0.2861086893344958,3441,2.180455525716146,0.29796511627906974,688,2.1857530104963083,0.2845,0.9741479028410834,0.08381802713577627,,,0.9531586321374741,,0.9532026208512815,0.04679737914871851,0.9919596467925246,0.14528396464029508,10,0.025,0.15,0.8864187894389038,0.9163907446179609,0.9359839188972628,0.9407807760211782,0.9402457860525099,0.9496688699757195,0.9534942191015386,0.9514172461651029,1.0,0.938438873176818,0.9503053655071004,0.9559159532125151
5,9,1.9595334326779401,0.2880623875224955,3334,2.1822115977605185,0.2863568215892054,667,2.1857705116271973,0.2842,0.9641489752465416,0.08303859222436949,,,0.8907876984933856,,0.8908253701044709,0.10917462989552906,0.9919391631442213,0.1452799764832742,10,0.025,0.15,0.8764016958258103,0.9008602607053022,0.9246229853748252,0.9253858548318119,0.931560734118387,0.934257009834301,0.9409088642941704,0.9394747540542461,0.938438873176818,1.0,0.9448162235279831,0.9467513297078002
5,10,1.9517631718745598,0.28895402653502006,3241,2.18089230855306,0.28858024691358025,648,2.1859505116185054,0.2835,0.9690934373226121,0.08324247309420905,,,0.9071023900961923,,0.907139674209041,0.09286032579095904,0.9919430121578463,0.1452813107870908,10,0.025,0.15,0.8794346107520062,0.9057753462063894,0.9275620415250507,0.9339491008941447,0.9339749786509769,0.9428192955412081,0.9451997547510903,0.9460220121258587,0.9503053655071004,0.9448162235279831,1.0,0.9508331419321294
5,11,1.9179307255744935,0.30664767331434,3159,2.191128444671631,0.2800632911392405,632,2.18580928331689,0.2842,0.9711221849986966,0.08337191392278918,,,0.917460336875399,,0.9175125018567114,0.0824874981432886,0.9919510499030585,0.145281883578773,10,0.025,0.15,0.8780575235318847,0.9050168880937104,0.9244638780898333,0.9313894591116026,0.9388225803616699,0.9457335915981789,0.9540569269492434,0.9529307529000269,0.9559159532125151,0.9467513297078002,0.9508331419321294,1.0
6,0,1.8128182137453999,0.3386267348429511,6845,2.1412254463542593,0.29802775748721694,1369,2.1462901815583435,0.2966,0.9385531512653803,0.08041847775584705,,,0.65,,0.6500140284860788,0.3499859715139212,0.993156275625471,0.1445265484017936,10,0.025,0.15,1.0,0.9371121614165158,0.9241033139772287,0.9155245915819807,0.907909874269578,0.9012899049634684,0.8925976159699169,0.8893169301729192,0.8848462007873065,0.8714364739568918,0.8738966047366051,0.874774267280963
6,1,1.8228977763375571,0.33382621394669587,5478,2.1419141027662487,0.31386861313868614,1096,2.145502793638012,0.2971,0.959101031316353,0.08273596869387696,,,0.8593701460070163,,0.8594098133386147,0.14059018666138534,0.9939096369465531,0.14474424491141333,10,0.025,0.15,0.9371121614165158,1.0,0.9371914066134847,0.9360277211740695,0.9287731292601995,0.9261694029315787,0.9122164637930968,0.9168620001106063,0.914172053679911,0.8976711470197818,0.9015744323265517,0.8999315261982743
6,2,1.8461579209879826,0.32273858921161824,4820,2.1545966267585754,0.2863070539419087,964,2.1454984296726276,0.2971,0.969265252400797,0.08378017098317708,,,0.9537069920261334,,0.9537555082437986,0.04624449175620138,0.9939998238259408,0.14475435907304907,10,0.025,0.15,0.9241033139772287,0.9371914066134847,1.0,0.9379411424299713,0.9396885783272926,0.9355968646702033,0.9279895571079134,0.9317834918433419,0.931441003158954,0.9191999708836484,0.9204722956760563,0.9181995675268999
6,3,1.86416120665414,0.3221970040853382,4406,2.152725969042097,0.29511918274687854,881,2.145499202269542,0.2971,0.969460727941961,0.08388156499250514,,,0.9628672774835163,,0.9628987803469162,0.03710121965308377,0.9940036757564024,0.14475448372699395,10,0.025,0.15,0.9155245915819807,0.9360277211740695,0.9379411424299713,1.0,0.9280548683368557,0.9381703393929958,0.933592381887567,0.9365646765285746,0.9337150751366887,0.921511774407026,0.9245371374925614,0.9197563576413448
6,4,1.8659024531191046,0.3292315175097276,4112,2.1530749116625105,0.2664233576642336,822,2.1454975997345356,0.2971,0.9678145169599003,0.08381712253442467,,,0.9570453229567687,,0.95708933670017,0.042910663299829954,0.9940034640985018,0.14475441575191364,10,0.025,0.15,0.907909874269578,0.9287731292601995,0.9396885783272926,0.9280548683368557,1.0,0.9356394706832286,0.9373699419719947,0.9290065586267874,0.9317380854375817,0.9138276668434192,0.9229530976565842,0.9310628793378571
6,5,1.8877049880643044,0.31668809462586783,3889,2.13696711403983,0.29048843187660667,778,2.145495852337608,0.2971,0.9729054231577161,0.08418189357108173,,,0.9899999999096565,,0.9900232707827895,0.00997672921721049,0.9940041019064989,0.14475460233891216,10,0.025,0.15,0.9012899049634684,0.9261694029315787,0.9355968646702033,0.9381703393929958,0.9356394706832286,1.0,0.9389718634383365,0.9447386476424231,0.9436052550717434,0.9271274713186417,0.9360574478430341,0.9368834883164521
6,6,1.891152913817044,0.30609000269469144,3711,2.1392122507095337,0.3113207547169811,742,2.1455323303802105,0.2973,0.970363823234487,0.0837906465286376,,,0.9546533890310066,,0.9546879899655064,0.04531201003449359,0.9940019191956846,0.14475437390819998,10,0.025,0.15,0.8925976159699169,0.9122164637930968,0.9279895571079134,0.933592381887567,0.9373699419719947,0.9389718634383365,1.0,0.9382424438047771,0.9460039275991836,0.9257178517523003,0.9359122815348426,0.9462077253411814
6,7,1.8876285582780838,0.31739618406285075,3564,2.1550258000691733,0.302945301542777,713,2.145498085625564,0.2971,0.9707725094086995,0.08394008820163557,,,0.9681544665893571,,0.9681883448036838,0.031811655196316235,0.9940033740156436,0.14475452763669716,10,0.025,0.15,0.8893169301729192,0.9168620001106063,0.9317834918433419,0.9365646765285746,0.9290065586267874,0.9447386476424231,0.9382424438047771,1.0,0.9418302973861673,0.931226284154476,0.9379649775787637,0.9417628793112275
6,8,1.904678327065927,0.30244115082824763,3441,2.138634522755941,0.30959302325581395,688,2.1455210945274255,0.2972,0.9712277340031801,0.08384096481939901,,,0.9591993174360149,,0.9592431219157961,0.04075687808420392,0.9940015726973201,0.1447544492531593,10,0.025,0.15,0.8848462007873065,0.914172053679911,0.931441003158954,0.9337150751366887,0.9317380854375817,0.9436052550717434,0.9460039275991836,0.9418302973861673,1.0,0.9305201292728895,0.9411811180033064,0.9454212128377727
6,9,1.9193957810048703,0.301379724055189,3334,2.140732208887736,0.3028485757121439,667,2.145553296125388,0.2971,0.9587438964440529,0.08294841997817652,,,0.8785637297588431,,0.878604083114654,0.12139591688534601,0.9939642256595056,0.1447484764501094,10,0.025,0.15,0.8714364739568918,0.8976711470197818,0.9191999708836484,0.921511774407026,0.9138276668434192,0.9271274713186417,0.9257178517523003,0.931226284154476,0.9305201292728895,1.0,0.9337553450466989,0.9285828866759145
