round,client_id,client_i_training_loss,client_i_training_accuracy,client_i_training_dataset_size,client_i_evaluation_loss,client_i_evaluation_accuracy,client_i_evaluation_dataset_size,client_i_central_evaluation_loss,client_i_central_evaluation_accuracy,client_i_cosine_similarity,client_i_importance_coefficient,client_i_tanh_val,tanh_normalization_value,client_i_q,client_i_mask_order,client_i_v_nonzero_fraction,client_i_v_sparsity,client_i_v_cosine_similarity,client_i_reward_gradient_norm,local_epochs,learning_rate,gamma,client_0_cosine_similarity,client_1_cosine_similarity,client_2_cosine_similarity,client_3_cosine_similarity,client_4_cosine_similarity,client_5_cosine_similarity,client_6_cosine_similarity,client_7_cosine_similarity,client_8_cosine_similarity,client_9_cosine_similarity,client_10_cosine_similarity,client_11_cosine_similarity
0,0,2.0537428938461186,0.38926223520818115,8214,2.2679208433905313,0.2279035792549306,1369,2.2671831217817604,0.2398,0.9631646488235778,0.0813905898504292,,,0.55,,0.5500188476817351,0.44998115231826485,0,0.09831663142059767,5,0.001,0.1,1.0,0.9829093213286705,0.9744970990097593,0.9611979162952444,0.9532579491241555,0.9363484017696658,0.9334973688727669,0.9263510901277608,0.9219033082949655,0.9061325596025428,0.8991327339963782,0.9029113550406026
0,1,2.1481757291312356,0.31168238515363555,6574,2.264122567858015,0.2636861313868613,1096,2.2669963173972913,0.2397,0.9861954734285941,0.08333677049735555,,,0.837043897194343,,0.8370690405080176,0.16293095949198244,0,0.0985237195685115,5,0.001,0.1,0.9829093213286705,1.0,0.9865415352052004,0.9851997764963977,0.9733797716146553,0.9741546266176881,0.9646166074876038,0.9618485676645957,0.9552658709800229,0.9461018329675197,0.9462818656033121,0.9413653056661219
0,2,2.1850714165861436,0.3372643956424001,5783,2.2673411061686854,0.23858921161825727,964,2.2669952037616277,0.2397,0.9933256024851808,0.08393928992156208,,,0.9259100175787361,,0.925928610780874,0.07407138921912604,0,0.09852543741159996,5,0.001,0.1,0.9744970990097593,0.9865415352052004,1.0,0.9894626872359924,0.9853658856525248,0.9795482916931235,0.9821120442912776,0.976243843503339,0.9721690563208416,0.9620016207620855,0.9590208107625552,0.9603460404381402
0,3,2.198803111300411,0.27319841119727634,5287,2.2646217175892422,0.25539160045402953,881,2.2669953172580124,0.2397,0.9960607952909132,0.08417042273575447,,,0.9599999998525091,,0.9600139182880506,0.039986081711949395,0,0.09852552344063267,5,0.001,0.1,0.9611979162952444,0.9851997764963977,0.9894626872359924,1.0,0.9914898568977062,0.9890544745429564,0.984569446365829,0.983294062162491,0.9813518879207656,0.9724283834419003,0.9695743763443438,0.9731707727262017
0,4,2.210860066875335,0.27375886524822696,4935,2.268295462314899,0.24087591240875914,822,2.2669952075702313,0.2397,0.9931923125364643,0.08392802648123501,,,0.9242487628476286,,0.9242709813359623,0.0757290186640377,0,0.09852543487746283,5,0.001,0.1,0.9532579491241555,0.9733797716146553,0.9853658856525248,0.9914898568977062,1.0,0.9832903655845313,0.986398202769748,0.9805305535983304,0.9865723098115586,0.9750204961708058,0.9645646183473506,0.9779646673415185
0,5,2.221931858911906,0.2490679237197343,4667,2.265317964553833,0.2455012853470437,778,2.2669952266132487,0.2397,0.9929620545672255,0.08390856892332216,,,0.9213789504990106,,0.9213955016866259,0.07860449831337413,0,0.09852541026713499,5,0.001,0.1,0.9363484017696658,0.9741546266176881,0.9795482916931235,0.9890544745429564,0.9832903655845313,1.0,0.9902830890534436,0.9884068991135198,0.9856043354602682,0.98491610369558,0.9822791851327077,0.9821093517708467
0,6,2.2266650005749296,0.297821693240512,4453,2.260070631901423,0.25067385444743934,742,2.266995292121229,0.2397,0.9925179812113004,0.08387104325995842,,,0.9158442573687806,,0.9158668483776495,0.08413315162235047,0,0.09852537738278994,5,0.001,0.1,0.9334973688727669,0.9646166074876038,0.9821120442912776,0.984569446365829,0.986398202769748,0.9902830890534436,1.0,0.9883875779871865,0.9919242581782302,0.9875184887186723,0.9833498690040632,0.9860423074808823
0,7,2.230652754342378,0.2701426233341127,4277,2.2690575226493506,0.22300140252454417,713,2.266995273839932,0.2397,0.9893048051221494,0.08359951928167626,,,0.87579694673967,,0.8758227737988228,0.12417722620117722,0,0.09852500983833305,5,0.001,0.1,0.9263510901277608,0.9618485676645957,0.976243843503339,0.983294062162491,0.9805305535983304,0.9884068991135198,0.9883875779871865,1.0,0.9854872935439999,0.9838424670957386,0.9884528199762811,0.9830945025862577
0,8,2.2335817432403564,0.26558488738193264,4129,2.2693088704889472,0.2441860465116279,688,2.2669955168288354,0.2397,0.9878292530021168,0.08347483026038464,,,0.8574064532027927,,0.8574197040430693,0.14258029595693067,0,0.09852449497370931,5,0.001,0.1,0.9219033082949655,0.9552658709800229,0.9721690563208416,0.9813518879207656,0.9865723098115586,0.9856043354602682,0.9919242581782302,0.9854872935439999,1.0,0.9872297752894843,0.9812508981607708,0.9858726492181344
0,9,2.239642103891524,0.23469132716820795,4001,2.2652361279442195,0.22188905547226387,667,2.2670011215697463,0.2399,0.9813203694822633,0.08292480813322739,,,0.7762832053831801,,0.7763021814983424,0.2236978185016576,0,0.09851763912088589,5,0.001,0.1,0.9061325596025428,0.9461018329675197,0.9620016207620855,0.9724283834419003,0.9750204961708058,0.98491610369558,0.9875184887186723,0.9838424670957386,0.9872297752894843,1.0,0.9800774938953197,0.9869434409569701
0,10,2.239598806959684,0.29380303419902287,3889,2.2662758713676814,0.24845679012345678,648,2.267003414349053,0.2399,0.9779389563641813,0.08263906757106616,,,0.7341390782802837,,0.7341510327563043,0.26584896724369567,0,0.09850919469088544,5,0.001,0.1,0.8991327339963782,0.9462818656033121,0.9590208107625552,0.9695743763443438,0.9645646183473506,0.9822791851327077,0.9833498690040632,0.9884528199762811,0.9812508981607708,0.9800774938953197,1.0,0.9812498504915799
0,11,2.2429418111047825,0.2317594302294909,3791,2.2762274742126465,0.2088607594936709,632,2.267002079052666,0.2399,0.9800453299148579,0.08281706308402889,,,0.7603917932091981,,0.7604121359739419,0.23958786402605814,0,0.09851552840121573,5,0.001,0.1,0.9029113550406026,0.9413653056661219,0.9603460404381402,0.9731707727262017,0.9779646673415185,0.9821093517708467,0.9860423074808823,0.9830945025862577,0.9858726492181344,0.9869434409569701,0.9812498504915799,1.0
1,0,1.8049172781320861,0.48989530070611154,8214,2.2125154705934746,0.2739225712198685,1369,2.2114480021662604,0.279,0.9787595138245175,0.08165457133058479,,,0.55,,0.5500188476817351,0.44998115231826485,0.9567558209659248,0.09911826623096477,5,0.001,0.1,1.0,0.9915319677789801,0.9894072005304523,0.9827142182680689,0.977968547867006,0.9705498159245193,0.9705077233697676,0.965433297353618,0.9631274688048252,0.9571692996095271,0.9503981148029772,0.9536257407509341
1,1,1.943394537458142,0.419135990264679,6574,2.2086109229496547,0.29105839416058393,1096,2.210902442566503,0.2802,0.9919563506634851,0.08327701300520982,,,0.8368120614854306,,0.836837069040508,0.16316293095949197,0.9588877377861108,0.09937693910920205,5,0.001,0.1,0.9915319677789801,1.0,0.9956236785910502,0.9937317234638997,0.9888770171484813,0.9886896893461685,0.9856873246219857,0.9831679441882385,0.9801151227264704,0.9772890121919191,0.9733841485424326,0.9713769350587015
1,2,2.0033197835005447,0.4498357254020405,5783,2.2110961252643215,0.279045643153527,964,2.210897907281455,0.28,0.9949820330089801,0.08374503164079516,,,0.9195474792112212,,0.9195687263799885,0.08043127362001146,0.9589093600168038,0.09938033085931344,5,0.001,0.1,0.9894072005304523,0.9956236785910502,1.0,0.9958671343637797,0.9933923378077281,0.9900940515588877,0.9909559198835908,0.9876054068161007,0.9854299289513757,0.9818319964890241,0.9770813416625955,0.9781622467227303
1,3,2.0402396706213435,0.40052960090788725,5287,2.209073151860918,0.2985244040862656,881,2.2108982104462935,0.2799,0.997667184228962,0.08397386391146267,,,0.9599999998232219,,0.9600139182880506,0.039986081711949395,0.9589092438959917,0.09938061610349937,5,0.001,0.1,0.9827142182680689,0.9937317234638997,0.9958671343637797,1.0,0.9960940141560134,0.9942291007344898,0.9935455244238156,0.9921928562693051,0.9911979480360092,0.9866615893382561,0.9857301831479449,0.9853933265926366
1,4,2.06860523023913,0.39209726443769,4935,2.211883077254662,0.27858880778588807,822,2.210898138844548,0.28,0.9969159383010883,0.08380064654788415,,,0.9293789735576656,,0.929393684576797,0.07060631542320295,0.9589074972455762,0.09938039232802165,5,0.001,0.1,0.977968547867006,0.9888770171484813,0.9933923378077281,0.9960940141560134,1.0,0.9923144051745383,0.9943263745073733,0.9919351452279382,0.9933167913909398,0.987333505766125,0.9841097599460713,0.9886649922597442
1,5,2.088696994356913,0.38294407542318404,4667,2.210148820877075,0.2827763496143959,778,2.210898179215745,0.28,0.9974605336986758,0.08380630219508602,,,0.9303787677927202,,0.9303940615304318,0.0696059384695682,0.9589077541567655,0.09938039325875415,5,0.001,0.1,0.9705498159245193,0.9886896893461685,0.9900940515588877,0.9942291007344898,0.9923144051745383,1.0,0.9958899862577175,0.9947306004013933,0.9938656634705927,0.9939527925194748,0.9909044653850484,0.989553164560048
1,6,2.098341440813882,0.4030990343588592,4453,2.2022412021954856,0.28706199460916443,742,2.2108982104462935,0.28,0.9978434471579342,0.08379562887473119,,,0.9284919591254253,,0.9285092933569171,0.07149070664308288,0.9589094553662686,0.09938039158068214,5,0.001,0.1,0.9705077233697676,0.9856873246219857,0.9909559198835908,0.9935455244238156,0.9943263745073733,0.9958899862577175,1.0,0.9944889928434119,0.9965316751813279,0.9946076531422707,0.9905327397975278,0.9922667270614922
1,7,2.1126244496943345,0.40710778583119006,4277,2.2115902486054795,0.2720897615708275,713,2.2108971920257177,0.2802,0.9964082352310029,0.08358239901867079,,,0.8907976028083892,,0.8908187626255304,0.10918123737446961,0.9589102297511808,0.0993796938667655,5,0.001,0.1,0.965433297353618,0.9831679441882385,0.9876054068161007,0.9921928562693051,0.9919351452279382,0.9947306004013933,0.9944889928434119,1.0,0.9939980330426034,0.9936567084191416,0.9941552242587544,0.9908443470483438
1,8,2.1156897418315594,0.3784935819811092,4129,2.211956414309415,0.2761627906976744,688,2.210898824393178,0.2802,0.9960560495960928,0.0834944034513509,,,0.8752419187678941,,0.8752718415634877,0.1247281584365123,0.9588960240653426,0.099379263437829,5,0.001,0.1,0.9631274688048252,0.9801151227264704,0.9854299289513757,0.9911979480360092,0.9933167913909398,0.9938656634705927,0.9965316751813279,0.9939980330426034,1.0,0.9933793905767264,0.9920180017063518,0.9949991485495393
1,9,2.127585087882148,0.39410147463134215,4001,2.2108917917524065,0.27136431784107945,667,2.2109123822599175,0.28,0.9938840325310034,0.08308624267572794,,,0.8030880562871555,,0.8030997187345956,0.19690028126540438,0.9588209763141369,0.0993715726863911,5,0.001,0.1,0.9571692996095271,0.9772890121919191,0.9818319964890241,0.9866615893382561,0.987333505766125,0.9939527925194748,0.9946076531422707,0.9936567084191416,0.9933793905767264,1.0,0.9927702313207899,0.9934531539293565
1,10,2.131462603709737,0.39763435330419133,3889,2.208398932502383,0.2916666666666667,648,2.210923402835005,0.2802,0.9913104048398426,0.08282746638314732,,,0.7573420901304635,,0.7573626777239733,0.24263732227602675,0.958671325225403,0.09936222911445279,5,0.001,0.1,0.9503981148029772,0.9733841485424326,0.9770813416625955,0.9857301831479449,0.9841097599460713,0.9909044653850484,0.9905327397975278,0.9941552242587544,0.9920180017063518,0.9927702313207899,1.0,0.9902913396528968
1,11,2.138428225036429,0.3858084938011079,3791,2.2220576405525208,0.25316455696202533,632,2.2109179298717754,0.28,0.9919167404922653,0.08295643096534931,,,0.7801401963788801,,0.7801538744067813,0.2198461255932187,0.9587478383333286,0.09936715452953913,5,0.001,0.1,0.9536257407509341,0.9713769350587015,0.9781622467227303,0.9853933265926366,0.9886649922597442,0.989553164560048,0.9922667270614922,0.9908443470483438,0.9949991485495393,0.9934531539293565,0.9902913396528968,1.0
2,0,1.604874683678846,0.5478694911127343,8214,2.1429132805314173,0.39883126369612854,1369,2.1413909238748277,0.4039,0.9857211296216682,0.08196989549746898,,,0.55,,0.5500188476817351,0.44998115231826485,0.9861512644736454,0.09927808895667412,5,0.001,0.1,1.0,0.9937945622610398,0.9914668819106406,0.9880142098722293,0.9843629786007111,0.980972768573939,0.9813143009368942,0.9763740783811761,0.9753415460456875,0.9725381640755841,0.9675673686994851,0.9703250711408309
2,1,1.7438933869010036,0.48250684514755093,6574,2.1383865901402066,0.40602189781021897,1096,2.1402724657576684,0.4047,0.9957150410047972,0.08328870812461782,,,0.8444579909278511,,0.8444824619905085,0.15551753800949153,0.9872992454569226,0.09960003307049026,5,0.001,0.1,0.9937945622610398,1.0,0.9973040411110281,0.9965126784451461,0.9934083898771958,0.9935977907548905,0.9926924665467156,0.9900303638550201,0.9888321560030011,0.9870725877412981,0.9842119839269656,0.9838059387193576
2,2,1.801253206953818,0.5205256787134706,5783,2.1404418560766403,0.4221991701244813,964,2.14026020357784,0.4047,0.9969025998426743,0.08361436754870596,,,0.9171696239299018,,0.9171910188380162,0.08280898116198376,0.9873548718537553,0.09960464794268666,5,0.001,0.1,0.9914668819106406,0.9973040411110281,1.0,0.9974469612108656,0.995927483802232,0.9942422841356097,0.9947634926552059,0.9921605685589593,0.990344634488236,0.9892881801748871,0.985656698558313,0.9867771558139072
2,3,1.852244220584272,0.47751087573292983,5287,2.1393254739897594,0.4086265607264472,881,2.1402587418358165,0.4047,0.9984923023461836,0.08380619538911992,,,0.9599999997767249,,0.9600139182880506,0.039986081711949395,0.9873665986943325,0.09960500204082184,5,0.001,0.1,0.9880142098722293,0.9965126784451461,0.9974469612108656,1.0,0.9974150484903499,0.9964310979027732,0.9962062830291427,0.9951050595663198,0.9940347770496223,0.9916880092955935,0.9908607354569005,0.9905987991576148
2,4,1.8911665554969541,0.4716109422492401,4935,2.1404491387880764,0.4051094890510949,822,2.140259903459884,0.4047,0.997984274764699,0.08368345311439998,,,0.9325947089325783,,0.9326122886884913,0.06738771131150867,0.9873599813325431,0.09960475998325252,5,0.001,0.1,0.9843629786007111,0.9934083898771958,0.995927483802232,0.9974150484903499,1.0,0.9953301808779084,0.9965527106518612,0.9944894265018929,0.9945799948285658,0.9929993209320861,0.9901928813458719,0.9929357330285268
2,5,1.91937246387952,0.45301049925005354,4667,2.1404732131958006,0.38817480719794345,778,2.1402597503540233,0.4047,0.9985750169556434,0.08370601037704989,,,0.9376311834885458,,0.9376625008457293,0.06233749915427067,0.9873603487963484,0.09960487163234147,5,0.001,0.1,0.980972768573939,0.9935977907548905,0.9942422841356097,0.9964310979027732,0.9953301808779084,1.0,0.9976342875090124,0.9966606250605548,0.9967286385406484,0.995576641815608,0.9943887330342157,0.9936591555037905
2,6,1.9309774138246263,0.47527509544127555,4453,2.1296613911787667,0.4191374663072776,742,2.140259903459884,0.4047,0.9987539414603259,0.08370523923658928,,,0.9374590070427942,,0.937464358550565,0.06253564144943502,0.9873599772377404,0.09960476226711971,5,0.001,0.1,0.9813143009368942,0.9926924665467156,0.9947634926552059,0.9962062830291427,0.9965527106518612,0.9976342875090124,1.0,0.9962698887903669,0.996945035879284,0.996239658446205,0.9937834080398326,0.9949630917841403
2,7,1.9535271367030358,0.4703764320785597,4277,2.139747039131496,0.40813464235624125,713,2.140262061414627,0.4047,0.997410306175434,0.08353093877998911,,,0.8985420591673028,,0.8985608103536599,0.10143918964634013,0.9873236666217232,0.09960415080140052,5,0.001,0.1,0.9763740783811761,0.9900303638550201,0.9921605685589593,0.9951050595663198,0.9944894265018929,0.9966606250605548,0.9962698887903669,1.0,0.995636170206491,0.9952149258767363,0.9957069923732628,0.9936082651863445
2,8,1.9604328911121074,0.4448050375393558,4129,2.1399529847231777,0.40843023255813954,688,2.14026413177149,0.4047,0.9971852091771785,0.08346965054329253,,,0.884857923397233,,0.884879326509506,0.11512067349049404,0.9873268350007982,0.09960372078990058,5,0.001,0.1,0.9753415460456875,0.9888321560030011,0.990344634488236,0.9940347770496223,0.9945799948285658,0.9967286385406484,0.996945035879284,0.995636170206491,1.0,0.9950937851668253,0.995315163353826,0.9957163206551182
2,9,1.977653241346753,0.4647838040489877,4001,2.142158338001796,0.4002998500749625,667,2.140289185527034,0.4044,0.9961474401449693,0.08318557408854863,,,0.8214307310790658,,0.821459293840191,0.178540706159809,0.9872196360040337,0.0995968857455103,5,0.001,0.1,0.9725381640755841,0.9870725877412981,0.9892881801748871,0.9916880092955935,0.9929993209320861,0.995576641815608,0.996239658446205,0.9952149258767363,0.9950937851668253,1.0,0.9947058471549438,0.995753724951629
2,10,1.983450421348947,0.4440215993828748,3889,2.1355997380756198,0.41975308641975306,648,2.1403187136299695,0.4045,0.9944743177303054,0.08297267007538124,,,0.773894571137014,,0.7739148084785571,0.2260851915214429,0.9871493583097425,0.09958531548813111,5,0.001,0.1,0.9675673686994851,0.9842119839269656,0.985656698558313,0.9908607354569005,0.9901928813458719,0.9943887330342157,0.9937834080398326,0.9957069923732628,0.995315163353826,0.9947058471549438,1.0,0.993746658274782
2,11,1.9977483484925342,0.4542337114217884,3791,2.153706467151642,0.36550632911392406,632,2.1403038905451472,0.4045,0.9949529199585749,0.08306729722483673,,,0.7950224552217547,,0.7950387102386407,0.2049612897613593,0.98720383809657,0.0995901492084294,5,0.001,0.1,0.9703250711408309,0.9838059387193576,0.9867771558139072,0.9905987991576148,0.9929357330285268,0.9936591555037905,0.9949630917841403,0.9936082651863445,0.9957163206551182,0.995753724951629,0.993746658274782,1.0
3,0,1.451658491216281,0.5847577307036766,8214,2.0587737449379855,0.43243243243243246,1369,2.0568358791521946,0.4429,0.9873412790520315,0.08219270163442348,,,0.55,,0.5500188476817351,0.44998115231826485,0.9938833531712765,0.09928252312474538,5,0.001,0.1,1.0,0.9935605022321158,0.9915528232549808,0.988727850466014,0.985306316247435,0.9836939249124524,0.9838183154607033,0.9791981796119924,0.9790205244296208,0.9766922425263088,0.9731929615500033,0.9751826145841564
3,1,1.5791346749055732,0.5319440219044722,6574,2.053415186064584,0.4425182481751825,1096,2.054832330527016,0.4442,0.9967140668148108,0.0833047527103371,,,0.8553887898751298,,0.8554044519190807,0.14459554808091934,0.9947014234585208,0.09967391008845192,5,0.001,0.1,0.9935605022321158,1.0,0.9976362331049715,0.9968432626202116,0.9946390961506993,0.9951144620395072,0.9945578477355183,0.9918548288825779,0.991292626821001,0.9903095119673403,0.9879180451459171,0.9881021296975404
3,2,1.6231887930005953,0.5650354487290333,5783,2.054780044863301,0.4636929460580913,964,2.054812534548604,0.4442,0.997777166430226,0.08353893848140506,,,0.9197003226648095,,0.9197185412860884,0.08028145871391157,0.9947484013769052,0.09967658386386115,5,0.001,0.1,0.9915528232549808,0.9976362331049715,1.0,0.9978329286524896,0.9968782089177182,0.9957286641346905,0.9960451384366344,0.9937418305902436,0.9927159335695959,0.9920459416618324,0.9897246442863468,0.9905877020100596
3,3,1.6755900296102086,0.5290713069793834,5287,2.0551352500915527,0.44154370034052215,881,2.054810042579334,0.4442,0.9986759148347202,0.08368568682554862,,,0.9599999997253823,,0.9600139182880506,0.039986081711949395,0.9947467812481537,0.09967679198643233,5,0.001,0.1,0.988727850466014,0.9968432626202116,0.9978329286524896,1.0,0.9978199671674528,0.996931224329608,0.9969841685555609,0.9956523688320984,0.9949613827585907,0.9936907023383222,0.9928631384710139,0.9928836458785169
3,4,1.718995577596849,0.5247821681864235,4935,2.0537220239639282,0.45012165450121655,822,2.0548118345272806,0.4442,0.9983288941209705,0.08359915464573019,,,0.9362367407776769,,0.9362513410850465,0.06374865891495352,0.9947476269602087,0.09967667034247701,5,0.001,0.1,0.985306316247435,0.9946390961506993,0.9968782089177182,0.9978199671674528,1.0,0.9965547778488321,0.9971837672434885,0.9956530986588447,0.9954023788839534,0.9941224576708424,0.9929422205832286,0.9944931459428324
3,5,1.7487055646230096,0.5060209985001072,4667,2.0564791774749756,0.42802056555269924,778,2.054811447573165,0.4442,0.9988827564189418,0.08363088649805354,,,0.9449508656874209,,0.9449744348111849,0.05502556518881507,0.9947474453736174,0.09967676761971325,5,0.001,0.1,0.9836939249124524,0.9951144620395072,0.9957286641346905,0.996931224329608,0.9965547778488321,1.0,0.9982456098885875,0.9972917170496699,0.9967901711380552,0.9967013616127953,0.995290921997856,0.9952656376192587
3,6,1.758690903527396,0.522703795194251,4453,2.0422069976727166,0.4582210242587601,742,2.0548115069873796,0.4442,0.9989962176562652,0.08363407791717706,,,0.9458272855257034,,0.9458539932921584,0.05414600670784164,0.9947466435061108,0.09967676788888635,5,0.001,0.1,0.9838183154607033,0.9945578477355183,0.9960451384366344,0.9969841685555609,0.9971837672434885,0.9982456098885875,1.0,0.9971749684865232,0.9971782285392324,0.9968352542099226,0.9951172936706578,0.9958236675865912
3,7,1.7850117713657778,0.5184475099368716,4277,2.053292585455853,0.44039270687237025,713,2.0548163922830893,0.4442,0.9978223265937939,0.08348919894451433,,,0.9060409707618127,,0.9060612211364669,0.09393877886353308,0.9947418285937125,0.09967643204094045,5,0.001,0.1,0.9791981796119924,0.9918548288825779,0.9937418305902436,0.9956523688320984,0.9956530986588447,0.9972917170496699,0.9971749684865232,1.0,0.9963757591467785,0.9963372501489429,0.9964799445354569,0.9951221269561022
3,8,1.7956742378381583,0.49818357955921533,4129,2.052667357704856,0.45058139534883723,688,2.0548197583268624,0.4442,0.9975892674983363,0.0834440603827253,,,0.8936451275671724,,0.8936604131025218,0.10633958689747824,0.9947393127068148,0.0996761874265446,5,0.001,0.1,0.9790205244296208,0.991292626821001,0.9927159335695959,0.9949613827585907,0.9954023788839534,0.9967901711380552,0.9971782285392324,0.9963757591467785,1.0,0.9954878222216192,0.9957855765541055,0.9970959090061011
3,9,1.8100244845662798,0.5055736065983504,4001,2.058977002189273,0.4497751124437781,667,2.054859278681941,0.4442,0.9968943610002166,0.08324728519442884,,,0.8396071989747868,,0.8396207266506219,0.16037927334937807,0.9946794153727023,0.09967157139286664,5,0.001,0.1,0.9766922425263088,0.9903095119673403,0.9920459416618324,0.9936907023383222,0.9941224576708424,0.9967013616127953,0.9968352542099226,0.9963372501489429,0.9954878222216192,1.0,0.9956316571820905,0.9959294219916816
3,10,1.8215404674655102,0.48727179223450756,3889,2.0475294419697354,0.4583333333333333,648,2.0549148682969065,0.4444,0.9957644302084211,0.0830801360425929,,,0.7937051012083742,,0.7937193725171804,0.2062806274828196,0.994597058618076,0.09966244396205622,5,0.001,0.1,0.9731929615500033,0.9879180451459171,0.9897246442863468,0.9928631384710139,0.9929422205832286,0.995290921997856,0.9951172936706578,0.9964799445354569,0.9957855765541055,0.9956316571820905,1.0,0.995303131873845
3,11,1.8402802567522065,0.501767343708784,3791,2.070809376239777,0.4161392405063291,632,2.0548815757702714,0.4442,0.9962261940004744,0.08315312072306372,,,0.81374797849267,,0.8137752389789389,0.1862247610210611,0.9946487010602308,0.09966898166826421,5,0.001,0.1,0.9751826145841564,0.9881021296975404,0.9905877020100596,0.9928836458785169,0.9944931459428324,0.9952656376192587,0.9958236675865912,0.9951221269561022,0.9970959090061011,0.9959294219916816,0.995303131873845,1.0
4,0,1.3301804670100081,0.6149987825663501,8214,1.9607861679653789,0.4799123447772096,1369,1.9584278184384964,0.4817,0.9881141137138275,0.08234839037463319,,,0.55,,0.5500188476817351,0.44998115231826485,0.9957873493045947,0.09924230704728332,5,0.001,0.1,1.0,0.99398106830682,0.9920189816894112,0.9894609934929569,0.9853039880441056,0.9849621735990118,0.9850425225160018,0.9801224942112284,0.9802925958309624,0.9774909172814459,0.9759477773873162,0.9767387515994554
4,1,1.444609722871225,0.5679342865835108,6574,1.9543008702141897,0.48266423357664234,1096,1.9551551764765487,0.481,0.9969433907490562,0.0833159318353083,,,0.8668792797963643,,0.8668918722997071,0.1331081277002929,0.9967712070519911,0.09969320477320677,5,0.001,0.1,0.99398106830682,1.0,0.9974940108383284,0.9967379144057628,0.9943983794547063,0.9954275345197063,0.9949569330280176,0.9923173668026009,0.9923153321163577,0.9904680224731618,0.9894094678413263,0.9893005531145737
4,2,1.4743059144494284,0.5983053778315753,5783,1.9545944429213,0.5010373443983402,964,1.955128644221126,0.481,0.9981043606235089,0.08349713038203067,,,0.9262235738852895,,0.926242738809793,0.07375726119020698,0.9967869376208098,0.09969504800799943,5,0.001,0.1,0.9920189816894112,0.9974940108383284,1.0,0.997816076071576,0.9968766235181394,0.996206690658497,0.9965038103273328,0.9941001802372315,0.9941881892476109,0.9922192892970783,0.9914420977060705,0.9917826111793394
4,3,1.5252728669040174,0.5714393796103651,5287,1.9571055046149664,0.4801362088535755,881,1.9551252145736744,0.481,0.9985094165812757,0.0836002614304335,,,0.9599999996724902,,0.9600139182880506,0.039986081711949395,0.9967882720176067,0.09969517932630445,5,0.001,0.1,0.9894609934929569,0.9967379144057628,0.997816076071576,1.0,0.9974836943651681,0.9969103927649695,0.9968693246293965,0.9952751299013252,0.9954330639307472,0.9931734275811926,0.9933277776722228,0.9929671609375555
4,4,1.5653427266305493,0.5658763931104357,4935,1.9522649645805359,0.4878345498783455,822,1.955127580859029,0.481,0.9981916946838973,0.08353690141341048,,,0.9392489751653536,,0.9392814683793893,0.060718531620610694,0.9967874416861396,0.09969513981665525,5,0.001,0.1,0.9853039880441056,0.9943983794547063,0.9968766235181394,0.9974836943651681,1.0,0.996428174846971,0.9970776400360617,0.9957151685507678,0.9960176512912458,0.9941143040619727,0.993731323915258,0.9944589887207161
4,5,1.5949369864921048,0.5481465609599314,4667,1.9586749267578125,0.45629820051413883,778,1.955127150105973,0.481,0.9988950536469318,0.08357908895230472,,,0.9530658062620365,,0.9530837706962043,0.04691622930379569,0.9967877062501589,0.09969516780461515,5,0.001,0.1,0.9849621735990118,0.9954275345197063,0.996206690658497,0.9969103927649695,0.996428174846971,1.0,0.9981404183878451,0.9971051611619121,0.9972017211576653,0.9963567223255863,0.9957006526444061,0.9955819874552829
4,6,1.6003540965488978,0.5651470918481922,4453,1.9404868632555008,0.48921832884097033,742,1.9551270632698132,0.481,0.9989788791536456,0.08358375455997752,,,0.9545938383508508,,0.9546109161906419,0.04538908380935813,0.9967877074003482,0.09969516814517711,5,0.001,0.1,0.9850425225160018,0.9949569330280176,0.9965038103273328,0.9968693246293965,0.9970776400360617,0.9981404183878451,1.0,0.9971365031663785,0.9976502397832158,0.9963170993485438,0.9956399980093134,0.9956875652044728
4,7,1.6278981833315607,0.5584288052373159,4277,1.952629540277564,0.4796633941093969,713,1.9551340611978842,0.481,0.9978430547378826,0.0834581694749052,,,0.9134634962122153,,0.9134843080967707,0.08651569190322927,0.9967886560360654,0.09969498333754853,5,0.001,0.1,0.9801224942112284,0.9923173668026009,0.9941001802372315,0.9952751299013252,0.9957151685507678,0.9971051611619121,0.9971365031663785,1.0,0.9972455534556004,0.9963366766186867,0.9965271983118666,0.9955125902170244
4,8,1.637522076001534,0.540518285299104,4129,1.9508936621926047,0.48255813953488375,688,1.9551374504741388,0.481,0.9980799899211875,0.08343812322362745,,,0.9068981530970208,,0.9069214486618146,0.09307855133818543,0.9967860277203437,0.09969494723606466,5,0.001,0.1,0.9802925958309624,0.9923153321163577,0.9941881892476109,0.9954330639307472,0.9960176512912458,0.9972017211576653,0.9976502397832158,0.9972455534556004,1.0,0.996021979875082,0.9968050826734135,0.9970608083314503
4,9,1.6549088464842903,0.5487628092976756,4001,1.9617976177306402,0.4827586206896552,667,1.9551911076036885,0.4812,0.9967485388346083,0.0832743750256774,,,0.853269018694699,,0.8532877122780564,0.14671228772194356,0.9967577085775133,0.09969213744643109,5,0.001,0.1,0.9774909172814459,0.9904680224731618,0.9922192892970783,0.9931734275811926,0.9941143040619727,0.9963567223255863,0.9963170993485438,0.9963366766186867,0.996021979875082,1.0,0.9961522963797373,0.9956481528666022
4,10,1.6660050777138256,0.5282591925944973,3889,1.9447195870535714,0.49691358024691357,648,1.9552736743189656,0.4812,0.9964287134105653,0.08316147805744482,,,0.8162941587649029,,0.8163172596437305,0.18368274035626952,0.9967164085880306,0.09968760642535165,5,0.001,0.1,0.9759477773873162,0.9894094678413263,0.9914420977060705,0.9933277776722228,0.993731323915258,0.9957006526444061,0.9956399980093134,0.9965271983118666,0.9968050826734135,0.9961522963797373,1.0,0.9957814044247738
4,11,1.686362158951639,0.5379583223423898,3791,1.9739215552806855,0.44936708860759494,632,1.9552202365649776,0.4812,0.9964327882689982,0.08320639527024674,,,0.8310049847311629,,0.8310281168749577,0.1689718831250423,0.9967714701226483,0.09968956152910617,5,0.001,0.1,0.9767387515994554,0.9893005531145737,0.9917826111793394,0.9929671609375555,0.9944589887207161,0.9955819874552829,0.9956875652044728,0.9955125902170244,0.9970608083314503,0.9956481528666022,0.9957814044247738,1.0
5,0,1.2319215300482071,0.6368395422449477,8214,1.8507483837216399,0.5252008765522279,1369,1.8479332284043772,0.5381,0.989364215357549,0.08248530854751954,,,0.55,,0.5500188476817351,0.44998115231826485,0.9962449723883818,0.0991869397632516,5,0.001,0.1,1.0,0.9947442907151632,0.9929209281567333,0.9903751330037239,0.9868085760922608,0.9863515354826689,0.9866928901921107,0.9820831705755888,0.981782472840681,0.9785535097104211,0.9779157768779693,0.9776532813120765
5,1,1.3339155741108275,0.5952236081533313,6574,1.8427657467978342,0.5355839416058394,1096,1.8430560347371208,0.5382,0.9968183984903012,0.08331977425473268,,,0.8715014114550594,,0.8715119706942712,0.12848802930572878,0.9971253002769123,0.09968962690509804,5,0.001,0.1,0.9947442907151632,1.0,0.9971737547639857,0.9965415518200403,0.9941522144563276,0.9952163899025183,0.9948794410282139,0.9921434752385001,0.9916617894124575,0.9902250868931827,0.9896862922942679,0.9884954575287622
5,2,1.3506826508111058,0.6300190212692374,5783,1.8418970915579027,0.5601659751037344,964,1.8430265180599956,0.538,0.998083030345216,0.08347180799781335,,,0.9300766921007725,,0.930094431718232,0.06990556828176797,0.997121963253356,0.09969158966829987,5,0.001,0.1,0.9929209281567333,0.9971737547639857,1.0,0.9975556253746886,0.9965608840379843,0.9959964376062066,0.9965878776465954,0.9942267712814724,0.9938014223986517,0.9919835651038684,0.9922393049830517,0.9909621645448567
5,3,1.3975078426929841,0.602685833175714,5287,1.8468779964106423,0.5414301929625426,881,1.8430221857735143,0.5381,0.9984422115427147,0.08354669348262486,,,0.9589284338275855,,0.9589458829897256,0.041054117010274394,0.9971232045777342,0.0996916938816129,5,0.001,0.1,0.9903751330037239,0.9965415518200403,0.9975556253746886,1.0,0.9972466152856443,0.9967349833006874,0.9967639995563378,0.9953637617553512,0.994863937956199,0.9927725635646459,0.9936568773965908,0.9923955700169993
5,4,1.4368070151728969,0.599918946301925,4935,1.838051805129418,0.5474452554744526,822,1.843024905878134,0.538,0.9981760883433498,0.08349921847409696,,,0.9406373499416614,,0.9406636317066334,0.05933636829336664,0.9971230828234606,0.09969165319917406,5,0.001,0.1,0.9868085760922608,0.9941522144563276,0.9965608840379843,0.9972466152856443,1.0,0.9960201747628161,0.9968756516366506,0.995286750145489,0.9955291465442653,0.9938840893883815,0.9943253857062752,0.9943651099068149
5,5,1.4611665229274802,0.5845725305335333,4667,1.8488615608215333,0.5179948586118251,778,1.843024328112983,0.538,0.9987355483240068,0.08354317506754783,,,0.957572865343975,,0.9575878833570137,0.042412116642986275,0.9971236033555433,0.09969168318251254,5,0.001,0.1,0.9863515354826689,0.9952163899025183,0.9959964376062066,0.9967349833006874,0.9960201747628161,1.0,0.9977699983432071,0.9967913872881686,0.9965876353258676,0.9960689223308007,0.9957176840725819,0.9944861556992661
5,6,1.4644353817190443,0.5982034583426903,4453,1.8267053564389546,0.5444743935309974,742,1.8430240630341794,0.538,0.9988419584990385,0.08354947476093509,,,0.9599999996147217,,0.9600139182880506,0.039986081711949395,0.9971234966637141,0.09969169405739484,5,0.001,0.1,0.9866928901921107,0.9948794410282139,0.9965878776465954,0.9967639995563378,0.9968756516366506,0.9977699983432071,1.0,0.9967798166096067,0.9967657967728064,0.9959020342405008,0.9955353200917212,0.9944612187938386
5,7,1.4898859503553874,0.5920505026888006,4277,1.8394367694854736,0.5385694249649369,713,1.8430336321504732,0.5381,0.9977324807396708,0.08343657850859673,,,0.9165035393515581,,0.9165241008689264,0.08347589913107356,0.9971219950585948,0.0996915357477052,5,0.001,0.1,0.9820831705755888,0.9921434752385001,0.9942267712814724,0.9953637617553512,0.995286750145489,0.9967913872881686,0.9967798166096067,1.0,0.9962005509986276,0.9958611738784882,0.9966389319387586,0.9943340206647883
5,8,1.4964950070931362,0.5755873092758537,4129,1.8364177562973716,0.5436046511627907,688,1.8430362071472997,0.5381,0.9976601680685498,0.08342194190884351,,,0.9108643771440688,,0.9108891273040083,0.08911087269599172,0.9971222236508779,0.09969153174020241,5,0.001,0.1,0.981782472840681,0.9916617894124575,0.9938014223986517,0.994863937956199,0.9955291465442653,0.9965876353258676,0.9967657967728064,0.9962005509986276,1.0,0.9950110864683928,0.9961224786880603,0.9965198266845644
5,9,1.5143033547060831,0.5828042989252686,4001,1.8520508039565313,0.5412293853073463,667,1.843099792163593,0.5384,0.9964995059694373,0.08328397424182626,,,0.8577084483889549,,0.8577241665941756,0.1422758334058244,0.9971200277256972,0.09968914888866681,5,0.001,0.1,0.9785535097104211,0.9902250868931827,0.9919835651038684,0.9927725635646459,0.9938840893883815,0.9960689223308007,0.9959020342405008,0.9958611738784882,0.9950110864683928,1.0,0.9961493788522048,0.9945370242472652
5,10,1.5270891285333477,0.5631267678066341,3889,1.8290976172401792,0.5493827160493827,648,1.8432108232388482,0.5388,0.9966778283329847,0.08322045562460603,,,0.8332361124817322,,0.8332511767719237,0.16674882322807627,0.9970995759119269,0.09968574881029134,5,0.001,0.1,0.9779157768779693,0.9896862922942679,0.9922393049830517,0.9936568773965908,0.9943253857062752,0.9957176840725819,0.9955353200917212,0.9966389319387586,0.9961224786880603,0.9961493788522048,1.0,0.9950878426685404
5,11,1.5468642075522607,0.5679767871274071,3791,1.8647171258926392,0.5142405063291139,632,1.84313573090794,0.5387,0.995859745623587,0.08322159713085728,,,0.8336759099087419,,0.8337006214902234,0.1662993785097766,0.9971131949254629,0.09968670979818009,5,0.001,0.1,0.9776532813120765,0.9884954575287622,0.9909621645448567,0.9923955700169993,0.9943651099068149,0.9944861556992661,0.9944612187938386,0.9943340206647883,0.9965198266845644,0.9945370242472652,0.9950878426685404,1.0
6,0,1.151181632349927,0.6552471390309228,8214,1.7303244901257893,0.5756026296566837,1369,1.7270370089588836,0.5873,0.989752183771401,0.08258064025122545,,,0.96,,0.9600139182880506,0.039986081711949395,0.9922661533952963,0.0996953171820433,5,0.001,0.1,1.0,0.994588383976131,0.9926257995123243,0.9903996719153072,0.9870502594560466,0.9866159802066882,0.986793800727619,0.9825605190585895,0.9825501480507597,0.9791186645561314,0.9789746699827939,0.9796637683216769
6,1,1.2419764646627371,0.6202007909948282,6574,1.7218342372349331,0.5875912408759124,1096,1.7214859339375845,0.5876,0.9966331179221226,0.08331492076525744,,,0.96,,0.9600139182880506,0.039986081711949395,0.9977523465636317,0.0996953171820433,5,0.001,0.1,0.994588383976131,1.0,0.9967098579200291,0.9960934505888016,0.9936709104604373,0.9949496024770892,0.9943271131606535,0.9917390273534171,0.9915743656149488,0.9900769196791324,0.9898800926670885,0.9895358532861307
6,2,1.2473842726227986,0.6484177762407055,5783,1.7194216751283216,0.6109958506224067,964,1.7214545438083977,0.5875,0.9980135185433735,0.08345279480372571,,,0.96,,0.9600139182880506,0.039986081711949395,0.9977783626428021,0.0996953171820433,5,0.001,0.1,0.9926257995123243,0.9967098579200291,1.0,0.9971693289317884,0.9965495240306768,0.9958431318665899,0.9961281740637364,0.9939479673834654,0.9939223210453317,0.9919774582144671,0.9924853681409819,0.9922626820456742
6,3,1.2903339477906743,0.6289767353886893,5287,1.7275915699345725,0.583427922814983,881,1.7214496726045212,0.5875,0.9981876542397032,0.08350437061983951,,,0.96,,0.9600139182880506,0.039986081711949395,0.9977792277294893,0.0996953171820433,5,0.001,0.1,0.9903996719153072,0.9960934505888016,0.9971693289317884,1.0,0.9970922514686167,0.9963858076296849,0.9961022828856387,0.9949707925772503,0.9945960487781118,0.9923919730501313,0.9936649719554778,0.9928112124196846
6,4,1.3256280714465727,0.6250861195542047,4935,1.7141473797651439,0.6167883211678832,822,1.7214527172021592,0.5875,0.9981063207269587,0.08347261182242825,,,0.96,,0.9600139182880506,0.039986081711949395,0.9977787320436301,0.0996953171820433,5,0.001,0.1,0.9870502594560466,0.9936709104604373,0.9965495240306768,0.9970922514686167,1.0,0.9960604549638207,0.9967021115060491,0.995358712906131,0.9953451222510605,0.9938525681769905,0.9946214259507333,0.9943718700049392
6,5,1.3485135194373457,0.6101564173987573,4667,1.7299087619781495,0.5578406169665809,778,1.721452177142183,0.5875,0.9986881861154557,0.08351837692170275,,,0.96,,0.9600139182880506,0.039986081711949395,0.9977787905271117,0.0996953171820433,5,0.001,0.1,0.9866159802066882,0.9949496024770892,0.9958431318665899,0.9963858076296849,0.9960604549638207,1.0,0.9973805729901368,0.9965479705582234,0.9966318887511479,0.995697304199727,0.9959396540335644,0.9955805446592777
6,6,1.3469699922629765,0.6231753873792949,4453,1.7039020707209904,0.5902964959568733,742,1.7214516054707976,0.5875,0.9986151876960596,0.08351988501946996,,,0.96,,0.9600139182880506,0.039986081711949395,0.9977792314487304,0.0996953171820433,5,0.001,0.1,0.986793800727619,0.9943271131606535,0.9961281740637364,0.9961022828856387,0.9967021115060491,0.9973805729901368,1.0,0.9964463995717506,0.9970969947839252,0.9952546603763252,0.9953869463259398,0.9951390570418899
6,7,1.3714698773711476,0.6155249006312836,4277,1.7169570249059927,0.5876577840112202,713,1.721463217902869,0.5875,0.9976209647850439,0.08341849896218116,,,0.96,,0.9600139182880506,0.039986081711949395,0.9977778589118216,0.0996953171820433,5,0.001,0.1,0.9825605190585895,0.9917390273534171,0.9939479673834654,0.9949707925772503,0.995358712906131,0.9965479705582234,0.9964463995717506,1.0,0.9962819497369688,0.9955292538998824,0.9963499746269004,0.9951061153631513
6,8,1.3777621635565391,0.6030515863405183,4129,1.7119134122675115,0.6002906976744186,688,1.7214649119697059,0.5875,0.9977460226997638,0.08341355642547801,,,0.96,,0.9600139182880506,0.039986081711949395,0.9977778237760441,0.0996953171820433,5,0.001,0.1,0.9825501480507597,0.9915743656149488,0.9939223210453317,0.9945960487781118,0.9953451222510605,0.9966318887511479,0.9970969947839252,0.9962819497369688,1.0,0.9955903852689424,0.9963305555574743,0.9964164439165281
6,9,1.390364512375423,0.6166958260434892,4001,1.7327155839829218,0.5937031484257871,667,1.7215346379782825,0.5874,0.9965016831081019,0.08328870799663132,,,0.96,,0.9600139182880506,0.039986081711949395,0.9977496476593015,0.0996953171820433,5,0.001,0.1,0.9791186645561314,0.9900769196791324,0.9919774582144671,0.9923919730501313,0.9938525681769905,0.995697304199727,0.9952546603763252,0.9955292538998824,0.9955903852689424,1.0,0.9962649673777856,0.9956864679410581
