round,client_id,client_i_training_loss,client_i_training_accuracy,client_i_training_dataset_size,client_i_evaluation_loss,client_i_evaluation_accuracy,client_i_evaluation_dataset_size,client_i_central_evaluation_loss,client_i_central_evaluation_accuracy,client_i_cosine_similarity,client_i_importance_coefficient,client_i_tanh_val,tanh_normalization_value,client_i_q,client_i_mask_order,client_i_v_nonzero_fraction,client_i_v_sparsity,client_i_v_cosine_similarity,client_i_reward_gradient_norm,local_epochs,learning_rate,gamma,client_0_cosine_similarity,client_1_cosine_similarity,client_2_cosine_similarity,client_3_cosine_similarity,client_4_cosine_similarity,client_5_cosine_similarity,client_6_cosine_similarity,client_7_cosine_similarity,client_8_cosine_similarity,client_9_cosine_similarity,client_10_cosine_similarity,client_11_cosine_similarity
0,0,1.8217609466745697,0.4231068906744582,8214,2.2516546027604925,0.21694667640613585,1369,2.2498623357413297,0.2235,0.9764993970935473,0.08208462563615763,,,0.8,,0.800016431312282,0.19998356868771805,0,0.09908455494370512,5,0.001,0.1,1.0,0.9915837139877256,0.9833594273020795,0.9766530072438986,0.9704015803121272,0.9621318244545284,0.9581497513586864,0.953972214326373,0.9494367881485396,0.9393598773975902,0.9339874448486658,0.9323599460256936
0,1,1.9947698802623934,0.3892911469425008,6574,2.2488737855638776,0.23083941605839417,1096,2.249861583161278,0.2235,0.9916216310287461,0.0833558019574619,,,0.9052862096043603,,0.9053024811281546,0.09469751887184541,0,0.09908587792643041,5,0.001,0.1,0.9915837139877256,1.0,0.9957094855734414,0.9926204147980173,0.9883318358012361,0.9827641920661294,0.9782179713848542,0.9768416884725787,0.9727779514820533,0.9647187706316321,0.9578637503489172,0.9572500350332727
0,2,2.0649799257352206,0.3395469479508905,5783,2.251750284625638,0.21369294605809128,964,2.249861299039457,0.2235,0.9968592808195103,0.08379607926184919,,,0.9417525343595305,,0.9417751616551164,0.05822483834488357,0,0.09908595725741914,5,0.001,0.1,0.9833594273020795,0.9957094855734414,1.0,0.9957357319575607,0.9953199729753106,0.9907404904747481,0.9875345677301529,0.9871298292174838,0.9830933134707812,0.977586467973549,0.9737409750030855,0.9711884847541813
0,3,2.09154163871903,0.3356534896916966,5287,2.244680106639862,0.2224744608399546,881,2.2498613051332224,0.2235,0.997744064911697,0.08387045429084782,,,0.9479127064467867,,0.947932071021931,0.052067928978069,0,0.09908596395693037,5,0.001,0.1,0.9766530072438986,0.9926204147980173,0.9957357319575607,1.0,0.9957603257604734,0.9943400075948181,0.9903678718837867,0.991446773506596,0.9896465324765684,0.9821718522138877,0.9772088178622877,0.9767721863482399
0,4,2.119691730622322,0.30942249240121583,4935,2.2491070123819203,0.20924574209245742,822,2.249861285328484,0.2235,0.9980438623901058,0.0838956552933831,,,0.9499999999171742,,0.95001498149061,0.04998501850938997,0,0.0990859650845133,5,0.001,0.1,0.9704015803121272,0.9883318358012361,0.9953199729753106,0.9957603257604734,1.0,0.9947280307332971,0.9926174543501913,0.9943904947546881,0.990751138352162,0.9878700473014608,0.984085906965102,0.982770467336906
0,5,2.143576804742421,0.3115063209770731,4667,2.2489008045196535,0.2326478149100257,778,2.2498612967542946,0.2235,0.9961916692196581,0.0837399597717529,,,0.9371043920852113,,0.9371164013493007,0.06288359865069926,0,0.09908594929628618,5,0.001,0.1,0.9621318244545284,0.9827641920661294,0.9907404904747481,0.9943400075948181,0.9947280307332971,1.0,0.992216917697655,0.994179899198229,0.9942067326024263,0.9877303037627184,0.9858364125459566,0.9859322825010346
0,6,2.1529690716947827,0.30837637547720637,4453,2.250969797372818,0.24797843665768193,742,2.2498613660708786,0.2235,0.9942126481074687,0.08357360308212909,,,0.9233257643690744,,0.9233430954659244,0.07665690453407559,0,0.09908592618636172,5,0.001,0.1,0.9581497513586864,0.9782179713848542,0.9875345677301529,0.9903678718837867,0.9926174543501913,0.992216917697655,1.0,0.9943877771453868,0.992969638283331,0.9896828009311462,0.983600014749592,0.9863716750816937
0,7,2.1628493995808844,0.31564180500350714,4277,2.2528659571772036,0.2314165497896213,713,2.2498613325551675,0.2235,0.9950868849856167,0.08364709151138333,,,0.9294125031135614,,0.9294226810102357,0.07057731898976427,0,0.09908593809608439,5,0.001,0.1,0.953972214326373,0.9768416884725787,0.9871298292174838,0.991446773506596,0.9943904947546881,0.994179899198229,0.9943877771453868,1.0,0.995607684183985,0.9948373069431548,0.9896096799077126,0.9916901920734965
0,8,2.170815528539511,0.2986195204650036,4129,2.248335372317921,0.2063953488372093,688,2.2498614041569134,0.2235,0.9926997132563754,0.08344642564481217,,,0.9127921899955708,,0.9128173901276809,0.08718260987231907,0,0.09908590255280937,5,0.001,0.1,0.9494367881485396,0.9727779514820533,0.9830933134707812,0.9896465324765684,0.990751138352162,0.9942067326024263,0.992969638283331,0.995607684183985,1.0,0.9924061060531739,0.9873234511487545,0.9912489608635929
0,9,2.181946695797027,0.2683829042739315,4001,2.2520521935962496,0.22638680659670166,667,2.2498617621656423,0.2235,0.9885378422720854,0.08309657840198924,,,0.8838158084188831,,0.8838402876446197,0.11615971235538025,0,0.09908577998239265,5,0.001,0.1,0.9393598773975902,0.9647187706316321,0.977586467973549,0.9821718522138877,0.9878700473014608,0.9877303037627184,0.9896828009311462,0.9948373069431548,0.9924061060531739,1.0,0.9899486009117043,0.9946320653250674
0,10,2.1817302367726312,0.2514271020827976,3889,2.246285949434553,0.22376543209876543,648,2.24986187947063,0.2235,0.9842540626536459,0.08273648350860374,,,0.8539906568745675,,0.8540126231140236,0.1459873768859764,0,0.09908551836341727,5,0.001,0.1,0.9339874448486658,0.9578637503489172,0.9737409750030855,0.9772088178622877,0.984085906965102,0.9858364125459566,0.983600014749592,0.9896096799077126,0.9873234511487545,0.9899486009117043,1.0,0.9899012204184755
0,11,2.1884954336310636,0.2025850699024004,3791,2.249316191673279,0.22626582278481014,632,2.2498617492163904,0.2235,0.9845010066126961,0.0827572416396298,,,0.8557099659094952,,0.8557330781647191,0.1442669218352809,0,0.09908555143606572,5,0.001,0.1,0.9323599460256936,0.9572500350332727,0.9711884847541813,0.9767721863482399,0.982770467336906,0.9859322825010346,0.9863716750816937,0.9916901920734965,0.9912489608635929,0.9946320653250674,0.9899012204184755,1.0
1,0,1.5851723121297963,0.5207207207207207,8214,2.1835422349530598,0.30094959824689554,1369,2.182241688140284,0.309,0.9856006184646305,0.08224245876792313,,,0.8,,0.800016431312282,0.19998356868771805,0.9857531170515952,0.0995640155735976,5,0.001,0.1,1.0,0.9958241241435727,0.9924395976624423,0.9883434379471225,0.9861819835873081,0.9804702974976676,0.9802928517735455,0.9776475468200364,0.9744683731778686,0.9708957502943184,0.9625915754884857,0.9665885164208754
1,1,1.7503018828271661,0.49647094615150594,6574,2.179796757016863,0.32116788321167883,1096,2.1822389451840434,0.3092,0.9940519775886321,0.08329597136073459,,,0.9029197330060237,,0.9029392718029016,0.09706072819709843,0.9857678108047947,0.0995656158180046,5,0.001,0.1,0.9958241241435727,1.0,0.9976104406027989,0.9957443450343889,0.9939627451330506,0.9906514535433937,0.9901677662091932,0.9883178248981705,0.9860940348718596,0.9833335255526403,0.9755028462700438,0.9794004764408459
1,2,1.8306001212715444,0.4612484869444925,5783,2.1832910660774476,0.2925311203319502,964,2.182238413502995,0.3092,0.9973168795628663,0.08367177312192976,,,0.9396325518079176,,0.9396584220140922,0.06034157798590778,0.9857681273471295,0.0995656901552886,5,0.001,0.1,0.9924395976624423,0.9976104406027989,1.0,0.9974175546204911,0.9970953188250576,0.9945514531998316,0.9945919682833155,0.9931084168573958,0.9907195176765601,0.9890467058543264,0.9831344177092106,0.9858670966759548
1,3,1.8635409680475672,0.45939095895592963,5287,2.1766752430370877,0.32349602724177073,881,2.182238355612222,0.3092,0.9981763802976901,0.0837452077239268,,,0.946806523607124,,0.9468253738123544,0.05317462618764557,0.9857682539914236,0.09956569709227531,5,0.001,0.1,0.9883434379471225,0.9957443450343889,0.9974175546204911,1.0,0.997572459631912,0.9963203519766245,0.996123663125125,0.9950451293395411,0.9935119546013531,0.9915483234800184,0.9856649612495239,0.9885125127452463
1,4,1.902979818467171,0.4503343465045593,4935,2.182722339263329,0.30656934306569344,822,2.182238337330925,0.3092,0.9987092153756637,0.08377789696041776,,,0.949999999902308,,0.95001498149061,0.04998501850938997,0.9857682213817746,0.09956569825711693,5,0.001,0.1,0.9861819835873081,0.9939627451330506,0.9970953188250576,0.997572459631912,1.0,0.996667148683631,0.9967957351858063,0.9963248135452066,0.9938724474103102,0.9942700804022033,0.9883401866632244,0.9910929690474456
1,5,1.9403387690243656,0.4304263981144204,4667,2.1826916313171387,0.3046272493573265,778,2.182238412741274,0.3092,0.9981432585250685,0.08366402159415218,,,0.9388752896976196,,0.9389045147446864,0.06109548525531361,0.9857679976657462,0.09956568982045927,5,0.001,0.1,0.9804702974976676,0.9906514535433937,0.9945514531998316,0.9963203519766245,0.996667148683631,1.0,0.9962359733622179,0.9965532036530689,0.9958179839798146,0.9943707999945529,0.9906810665600764,0.9930667071786421
1,6,1.9586877746241433,0.456052099708062,4453,2.183867613474528,0.32345013477088946,742,2.1822385132884063,0.3092,0.9981708384652056,0.083562779657429,,,0.9289847642614169,,0.9289973999864684,0.07100260001353165,0.9857678631985851,0.09956567543860961,5,0.001,0.1,0.9802928517735455,0.9901677662091932,0.9945919682833155,0.996123663125125,0.9967957351858063,0.9962359733622179,1.0,0.9973723248911437,0.9960613530992656,0.9951927505540779,0.9894531413257729,0.9934262055164826
1,7,1.9721253341703273,0.45555295768061727,4277,2.1848272033359692,0.30995792426367463,713,2.1822384835812993,0.3092,0.998364016345685,0.0836141392756015,,,0.9340021871433766,,0.9340137829713612,0.06598621702863883,0.9857680259218956,0.09956568280077888,5,0.001,0.1,0.9776475468200364,0.9883178248981705,0.9931084168573958,0.9950451293395411,0.9963248135452066,0.9965532036530689,0.9973723248911437,1.0,0.9971088564412616,0.9972445334282185,0.993444652387188,0.9958798186873388
1,8,1.99030693090879,0.437539355776217,4129,2.180414394898848,0.29651162790697677,688,2.182238616120701,0.3092,0.9969753748798943,0.08344607166210138,,,0.9175833289100536,,0.9176066343839707,0.08239336561602928,0.985767182478909,0.09956566034824084,5,0.001,0.1,0.9744683731778686,0.9860940348718596,0.9907195176765601,0.9935119546013531,0.9938724474103102,0.9958179839798146,0.9960613530992656,0.9971088564412616,1.0,0.9947594836620113,0.9935867891764301,0.995452990857977
1,9,2.010103633857909,0.4176455886028493,4001,2.183982531229655,0.3028485757121439,667,2.1822391043836697,0.309,0.9960073420404015,0.08320000653583069,,,0.8935447390814407,,0.8935637583243927,0.10643624167560728,0.98576789583387,0.09956546817436325,5,0.001,0.1,0.9708957502943184,0.9833335255526403,0.9890467058543264,0.9915483234800184,0.9942700804022033,0.9943707999945529,0.9951927505540779,0.9972445334282185,0.9947594836620113,1.0,0.9926709670975037,0.99655349604911
1,10,2.008110539248732,0.404319876574955,3889,2.1779863947913762,0.30864197530864196,648,2.1822397937409033,0.309,0.9917644664179067,0.0828418310777234,,,0.8585538687593907,,0.858569895902804,0.14143010409719603,0.9857652716465223,0.0995652517539489,5,0.001,0.1,0.9625915754884857,0.9755028462700438,0.9831344177092106,0.9856649612495239,0.9883401866632244,0.9906810665600764,0.9894531413257729,0.993444652387188,0.9935867891764301,0.9926709670975037,1.0,0.9941765524073607
1,11,2.0287135486843204,0.3785808493801108,3791,2.182495641708374,0.3227848101265823,632,2.182239461630678,0.309,0.9943413797500643,0.08293784226222976,,,0.867933391645412,,0.8679454093813128,0.13205459061868718,0.9857661705356162,0.09956531471966439,5,0.001,0.1,0.9665885164208754,0.9794004764408459,0.9858670966759548,0.9885125127452463,0.9910929690474456,0.9930667071786421,0.9934262055164826,0.9958798186873388,0.995452990857977,0.99655349604911,0.9941765524073607,1.0
2,0,1.4208047699835513,0.5722912101290479,8214,2.0967253141624984,0.36742147552958365,1369,2.0963666134368117,0.3796,0.9893750449331687,0.08242415095425629,,,0.8,,0.800016431312282,0.19998356868771805,0.9941599234044225,0.09967940228833627,5,0.001,0.1,1.0,0.9948384442013247,0.9932762445575093,0.9898452805897716,0.9885338630417986,0.984873732972383,0.9850905367720065,0.9840567655276002,0.9822539362152576,0.979186637088381,0.9754470017344965,0.9772675164566199
2,1,1.5626046893087406,0.5572558564040159,6574,2.091977821077619,0.3841240875912409,1096,2.0963613811773234,0.38,0.9958875759779502,0.08328099586340004,,,0.9032355927701152,,0.9032582325707271,0.09674176742927287,0.9941678330480345,0.09968104637708515,5,0.001,0.1,0.9948384442013247,1.0,0.9979212141003762,0.996484441470906,0.9952772179975545,0.9933638991438233,0.9931976809594697,0.9923856393379697,0.9898889621003041,0.9891999387781728,0.9835506971993996,0.9863224620144887
2,2,1.6372492951582809,0.5292754625626838,5783,2.09581168236271,0.3755186721991701,964,2.0963607207654764,0.3799,0.9978737640975911,0.08357576190033542,,,0.9387500087709408,,0.9387740307942123,0.06122596920578771,0.9941684125369054,0.09968110045646407,5,0.001,0.1,0.9932762445575093,0.9979212141003762,1.0,0.9977417431416048,0.9972760233757973,0.9959631437597158,0.9958552358096626,0.9952035846284609,0.9923247032025112,0.9923093751246913,0.9881139315879003,0.9901767078315467
2,3,1.6627546446151045,0.5327028560620389,5287,2.0905854361397878,0.4018161180476731,881,2.096360620218344,0.3799,0.9986056272477514,0.08364446384448533,,,0.9470274529771081,,0.9470525125409575,0.05294748745904254,0.9941685252289912,0.0996811054121092,5,0.001,0.1,0.9898452805897716,0.996484441470906,0.9977417431416048,1.0,0.997762490942555,0.9975577302658193,0.9970968679164122,0.9967282859657064,0.994680689723908,0.9942492319174576,0.9903067765551201,0.9924211954637796
2,4,1.703144786511698,0.5238095238095238,4935,2.098602771759033,0.3905109489051095,822,2.096360611077696,0.3799,0.9987484107438468,0.08366913568112787,,,0.9499999998795166,,0.95001498149061,0.04998501850938997,0.9941685154320393,0.09968110618434363,5,0.001,0.1,0.9885338630417986,0.9952772179975545,0.9972760233757973,0.997762490942555,1.0,0.9972558040711605,0.9975711608905619,0.9971307704415698,0.9945063599682418,0.995766699640246,0.9918593964357706,0.9936423433610501
2,5,1.741336291130275,0.5126633811870581,4667,2.099039011001587,0.37275064267352187,778,2.0963607428553765,0.3799,0.998526847541127,0.08359209841972072,,,0.9407182882629993,,0.9407409555291366,0.05925904447086339,0.9941684098247379,0.09968110119361491,5,0.001,0.1,0.984873732972383,0.9933638991438233,0.9959631437597158,0.9975577302658193,0.9972558040711605,1.0,0.9974150118617795,0.9974096192533874,0.9957399845726045,0.9959609510140331,0.9933133576545199,0.9950533426583656
2,6,1.7622752460411617,0.5311475409836065,4453,2.0985070765018463,0.3706199460916442,742,2.0963609012932825,0.3799,0.9985425777497217,0.08353047796219425,,,0.9332940456823109,,0.9333082030910198,0.0666917969089802,0.9941683412132514,0.09968109428862999,5,0.001,0.1,0.9850905367720065,0.9931976809594697,0.9958552358096626,0.9970968679164122,0.9975711608905619,0.9974150118617795,1.0,0.9978038090774544,0.995940082601201,0.9964936508984796,0.9925381532972498,0.9950943614596776
2,7,1.773835404951181,0.53439326630816,4277,2.0986180305480957,0.3884992987377279,713,2.096360812933681,0.3799,0.9987405717593696,0.08356839033096618,,,0.9378618569883274,,0.9378896395743324,0.06211036042566764,0.9941684316549886,0.0996811001159228,5,0.001,0.1,0.9840567655276002,0.9923856393379697,0.9952035846284609,0.9967282859657064,0.9971307704415698,0.9974096192533874,0.9978038090774544,1.0,0.996641033372127,0.9980654687679852,0.9942890334742269,0.9967622910858538
2,8,1.7942450860830454,0.5264228626786147,4129,2.0944405143911187,0.36627906976744184,688,2.0963609972700907,0.3799,0.9973499760643527,0.08342033972506206,,,0.9200242157800025,,0.9200423347928205,0.0799576652071795,0.9941685119922142,0.09968107678183738,5,0.001,0.1,0.9822539362152576,0.9898889621003041,0.9923247032025112,0.994680689723908,0.9945063599682418,0.9957399845726045,0.995940082601201,0.996641033372127,1.0,0.995533619607429,0.9957865072722083,0.9965800278723347
2,9,1.8203729953084673,0.5109222694326419,4001,2.0974744160970054,0.36881559220389803,667,2.096361848873833,0.38,0.9972059695708975,0.08326468732500268,,,0.9012706845227777,,0.9012913078358029,0.09870869216419709,0.9941654916318351,0.09968103704191598,5,0.001,0.1,0.979186637088381,0.9891999387781728,0.9923093751246913,0.9942492319174576,0.995766699640246,0.9959609510140331,0.9964936508984796,0.9980654687679852,0.995533619607429,1.0,0.9943216144468224,0.9970205999969155
2,10,1.8192878699693524,0.500899974286449,3889,2.091005734034947,0.4027777777777778,648,2.0963629937400454,0.3798,0.9944895542949068,0.0829571529659758,,,0.8642178975918928,,0.8642338659011608,0.1357661340988392,0.9941659870409881,0.09968074454667693,5,0.001,0.1,0.9754470017344965,0.9835506971993996,0.9881139315879003,0.9903067765551201,0.9918593964357706,0.9933133576545199,0.9925381532972498,0.9942890334742269,0.9957865072722083,0.9943216144468224,1.0,0.9961482098802682
2,11,1.8440133098794633,0.4901609074122923,3791,2.097933280467987,0.37658227848101267,632,2.0963626395399197,0.3797,0.996231869762107,0.08307234502747349,,,0.8780966294653288,,0.8781183247793855,0.12188167522061455,0.9941655270704914,0.0996808426698301,5,0.001,0.1,0.9772675164566199,0.9863224620144887,0.9901767078315467,0.9924211954637796,0.9936423433610501,0.9950533426583656,0.9950943614596776,0.9967622910858538,0.9965800278723347,0.9970205999969155,0.9961482098802682,1.0
3,0,1.2991608655406344,0.6066471877282688,8214,1.9915059444516203,0.49013878743608474,1369,1.992432637336536,0.4997,0.991301010066068,0.08258784018775858,,,0.8,,0.800016431312282,0.19998356868771805,0.9973800402270092,0.09971001555227402,5,0.001,0.1,1.0,0.995942226815735,0.9945082009031533,0.9915462242351403,0.9909947469113686,0.9876217969641817,0.9866240544612213,0.9862587797519776,0.9830408420467085,0.98437286944541,0.9784797634794062,0.9819915177799134
3,1,1.4203198876195742,0.5927593550349863,6574,1.985596810068403,0.5182481751824818,1096,1.9924228553193064,0.5004,0.9965911836917716,0.08328443297752278,,,0.9043901278903029,,0.9044084244304618,0.09559157556953823,0.9973832149095897,0.09971178843421587,5,0.001,0.1,0.995942226815735,1.0,0.9978188407255585,0.9967245936755604,0.9956002556827438,0.994179462373418,0.9925802206236995,0.9929042658311782,0.9902175939423191,0.9919113731804485,0.986643936649171,0.9900758845823476
3,2,1.4852693617014596,0.5755490229984437,5783,1.9896856046492053,0.5010373443983402,964,1.9924223929548417,0.5004,0.9981412539387238,0.0835153565466077,,,0.9389959137437869,,0.9390205004784411,0.0609794995215589,0.9973832911554352,0.09971186952404933,5,0.001,0.1,0.9945082009031533,0.9978188407255585,1.0,0.9976681686554607,0.9973564721140924,0.9964245999475658,0.9947266371529808,0.9948881522820204,0.9921157952343772,0.9941215609367691,0.9905125480388,0.9929797211718833
3,3,1.5050528765442859,0.5806317382258369,5287,1.9866342459406172,0.5175936435868331,881,1.9924224142830211,0.5004,0.9986806212470518,0.08357492975758139,,,0.9479234467354571,,0.9479514019775568,0.052048598022443215,0.9973831293453964,0.09971187827889476,5,0.001,0.1,0.9915462242351403,0.9967245936755604,0.9976681686554607,1.0,0.99765303103177,0.9975319840364536,0.9956218811927979,0.996121333136118,0.9941098251754805,0.9955714894066893,0.9922203243316616,0.9947728842742614
3,4,1.5368726083540147,0.5776697061803445,4935,1.9969205672924335,0.5085158150851582,822,1.9924224180916248,0.5004,0.9986409364061865,0.08358878654611576,,,0.9499999998501418,,0.95001498149061,0.04998501850938997,0.9973831453873148,0.0997118787781308,5,0.001,0.1,0.9909947469113686,0.9956002556827438,0.9973564721140924,0.99765303103177,1.0,0.9969639847224964,0.9958520727392622,0.9961864987836814,0.9937437968201271,0.9962658641492678,0.9931562970928259,0.9952952135133909
3,5,1.573653535646935,0.5713734733233341,4667,1.9979563856124878,0.4987146529562982,778,1.992422407427535,0.5004,0.9983834814074142,0.08353320299952759,,,0.9416703507033276,,0.9416978378326133,0.058302162167386706,0.9973832996519287,0.09971187048957093,5,0.001,0.1,0.9876217969641817,0.994179462373418,0.9964245999475658,0.9975319840364536,0.9969639847224964,1.0,0.9957435264288015,0.996253502336102,0.9944912450504324,0.9963374824277397,0.9943024352435254,0.9961130142587719
3,6,1.5900030426468168,0.5824837188412306,4453,1.9950700451930363,0.48517520215633425,742,1.9924224382772233,0.5004,0.9979403346913609,0.0834810822789466,,,0.9338596343606768,,0.9338784662819807,0.06612153371801932,0.9973835165997522,0.09971185334807821,5,0.001,0.1,0.9866240544612213,0.9925802206236995,0.9947266371529808,0.9956218811927979,0.9958520727392622,0.9957435264288015,1.0,0.9976469416377788,0.9969285644655863,0.9953944306097717,0.9948503122714313,0.9946905279701359
3,7,1.6009670584949094,0.5829787234042553,4277,1.9943762965824292,0.4992987377279102,713,1.992422458843682,0.5004,0.9984717504092027,0.08352150654213773,,,0.9399175408828245,,0.9399483863484791,0.060051613651520896,0.9973832822903239,0.09971186991008196,5,0.001,0.1,0.9862587797519776,0.9929042658311782,0.9948881522820204,0.996121333136118,0.9961864987836814,0.996253502336102,0.9976469416377788,1.0,0.9973899914066162,0.99702364810695,0.9959687583019614,0.9963769870898052
3,8,1.614246950516334,0.5665778638895617,4129,1.990916300903667,0.4883720930232558,688,1.9924226348011638,0.5004,0.99683489207233,0.08337780325904061,,,0.918382428373487,,0.9184040363035346,0.08159596369646538,0.9973832510772648,0.09971182721457085,5,0.001,0.1,0.9830408420467085,0.9902175939423191,0.9921157952343772,0.9941098251754805,0.9937437968201271,0.9944912450504324,0.9969285644655863,0.9973899914066162,1.0,0.994833319930653,0.9957184753710396,0.9948363736312227
3,9,1.6512312795434678,0.5613596600849787,4001,1.9925542048045568,0.48875562218890556,667,1.99242367531164,0.5,0.9977303918677206,0.08331121602478395,,,0.9084037866159869,,0.9084244304617198,0.09157556953828017,0.9973832034295655,0.09971179757319856,5,0.001,0.1,0.98437286944541,0.9919113731804485,0.9941215609367691,0.9955714894066893,0.9962658641492678,0.9963374824277397,0.9953944306097717,0.99702364810695,0.994833319930653,1.0,0.9945821841867005,0.9977333025399482
3,10,1.6481506677924609,0.5609668295191566,3889,1.9854260172162737,0.5185185185185185,648,1.9924256900628916,0.4999,0.995538096146131,0.08305171780328906,,,0.869515855349389,,0.8695305477426276,0.1304694522573724,0.9973829740637695,0.09971151095547504,5,0.001,0.1,0.9784797634794062,0.986643936649171,0.9905125480388,0.9922203243316616,0.9931562970928259,0.9943024352435254,0.9948503122714313,0.9959687583019614,0.9957184753710396,0.9945821841867005,1.0,0.9954712416017343
3,11,1.6705501225816102,0.5569506726457399,3791,1.9956599831581117,0.4810126582278481,632,1.9924252836848981,0.4999,0.9970778981556514,0.08317212507668839,,,0.8875598702369591,,0.8875759948193039,0.11242400518069606,0.9973829498560418,0.0997116547973457,5,0.001,0.1,0.9819915177799134,0.9900758845823476,0.9929797211718833,0.9947728842742614,0.9952952135133909,0.9961130142587719,0.9946905279701359,0.9963769870898052,0.9948363736312227,0.9977333025399482,0.9954712416017343,1.0
4,0,1.2059593603072927,0.6308254200146092,8214,1.8703242041343866,0.577063550036523,1369,1.8728797096794787,0.5845,0.9909309381852457,0.08268088588870967,,,0.95,,0.95001498149061,0.04998501850938997,0.9982295317448102,0.09969748100681804,5,0.001,0.1,1.0,0.9934504507543308,0.9941357764767358,0.9902334321926188,0.9885339393731134,0.9855862343357792,0.987518200960979,0.9867943684066179,0.9847624692530905,0.9823413010740125,0.9800310118015143,0.9818728718795692
4,1,1.3096551996990315,0.6141162153939763,6574,1.863247197014945,0.5985401459854015,1096,1.8728665071554458,0.5846,0.996275147651544,0.08328092780202061,,,0.95,,0.95001498149061,0.04998501850938997,0.9982500162070568,0.09969748100681804,5,0.001,0.1,0.9934504507543308,1.0,0.9961984417257628,0.9953665111402407,0.9952043193379663,0.9944711446873131,0.9924179113604455,0.9928151464779071,0.9908569255196403,0.9910473156101296,0.9872646849052195,0.9900047808324037
4,2,1.3653136162468082,0.6011412761542452,5783,1.8671825970372846,0.5933609958506224,964,1.8728661525744599,0.5846,0.9978623750638494,0.08347388890804777,,,0.95,,0.95001498149061,0.04998501850938997,0.9982512314783599,0.09969748100681804,5,0.001,0.1,0.9941357764767358,0.9961984417257628,1.0,0.9967858101811975,0.995352682101015,0.994713549933288,0.9955450127150549,0.9954832474207743,0.9939825879549256,0.9915636287837252,0.9915913306028232,0.9927319187995508
4,3,1.3772830031722425,0.6067334972574239,5287,1.8670899825436729,0.6038592508513053,881,1.8728661719983377,0.5846,0.998667815095911,0.08353645687525237,,,0.95,,0.95001498149061,0.04998501850938997,0.9982515415794316,0.09969748100681804,5,0.001,0.1,0.9902334321926188,0.9953665111402407,0.9967858101811975,1.0,0.996318567214556,0.9963384472970299,0.9965084110956819,0.9969007186972837,0.9962485394455894,0.9941500291152785,0.9938007262016691,0.9950307638277037
4,4,1.4041025628582124,0.6040121580547112,4935,1.8801139547274663,0.5815085158150851,822,1.8728661902796346,0.5846,0.9979744841664184,0.08352256793444977,,,0.95,,0.95001498149061,0.04998501850938997,0.9982515431914342,0.09969748100681804,5,0.001,0.1,0.9885339393731134,0.9952043193379663,0.995352682101015,0.996318567214556,1.0,0.9966698773297433,0.9951644886752783,0.9956651516505013,0.9937726288534593,0.9953565060023125,0.9928831501983101,0.994454866436819
4,5,1.437365919841479,0.6077137347332333,4667,1.8817388343811035,0.5784061696658098,778,1.8728661735217793,0.5846,0.9979178101818736,0.08348663023695281,,,0.95,,0.95001498149061,0.04998501850938997,0.9982512430697248,0.09969748100681804,5,0.001,0.1,0.9855862343357792,0.9944711446873131,0.994713549933288,0.9963384472970299,0.9966698773297433,1.0,0.9951470630597793,0.9959587180620092,0.9947608196512411,0.9951270595403351,0.9943302839354562,0.9955775497228386
4,6,1.4493213279758181,0.6113631259824838,4453,1.8763875265916188,0.5700808625336927,742,1.8728661998011433,0.5846,0.9980197184910152,0.08345793897754704,,,0.95,,0.95001498149061,0.04998501850938997,0.9982507832207129,0.09969748100681804,5,0.001,0.1,0.987518200960979,0.9924179113604455,0.9955450127150549,0.9965084110956819,0.9951644886752783,0.9951470630597793,1.0,0.997108346013184,0.9964278173589317,0.9939252026299715,0.9945965756183299,0.9955593979719196
4,7,1.4588774388405814,0.6121112929623568,4277,1.874736417894778,0.5722300140252454,713,1.8728662272230885,0.5846,0.9985875226651723,0.08350108202677094,,,0.95,,0.95001498149061,0.04998501850938997,0.9982512358927002,0.09969748100681804,5,0.001,0.1,0.9867943684066179,0.9928151464779071,0.9954832474207743,0.9969007186972837,0.9956651516505013,0.9959587180620092,0.997108346013184,1.0,0.9971049536061574,0.9958993046378475,0.9958591683265536,0.9971176574135536
4,8,1.4736351685340587,0.6082828772099782,4129,1.872033032503995,0.5552325581395349,688,1.8728664313642363,0.5846,0.9975229772918018,0.08337852183503609,,,0.95,,0.95001498149061,0.04998501850938997,0.9982505223358937,0.09969748100681804,5,0.001,0.1,0.9847624692530905,0.9908569255196403,0.9939825879549256,0.9962485394455894,0.9937726288534593,0.9947608196512411,0.9964278173589317,0.9971049536061574,1.0,0.993909193042729,0.9953395603222959,0.9968032084217782
4,9,1.5080658324181087,0.59680079980005,4001,1.87179658526466,0.5922038980509745,667,1.8728676017480916,0.5846,0.9965800228463885,0.08330720873994882,,,0.95,,0.95001498149061,0.04998501850938997,0.9982502367980318,0.09969748100681804,5,0.001,0.1,0.9823413010740125,0.9910473156101296,0.9915636287837252,0.9941500291152785,0.9953565060023125,0.9951270595403351,0.9939252026299715,0.9958993046378475,0.993909193042729,1.0,0.9934402961654952,0.9959156192656565
4,10,1.503551039050837,0.5972229364875289,3889,1.863429307937622,0.5987654320987654,648,1.8728704044994073,0.5845,0.9959767488499135,0.08312849128360891,,,0.95,,0.95001498149061,0.04998501850938997,0.9982472589223889,0.09969748100681804,5,0.001,0.1,0.9800310118015143,0.9872646849052195,0.9915913306028232,0.9938007262016691,0.9928831501983101,0.9943302839354562,0.9945965756183299,0.9958591683265536,0.9953395603222959,0.9934402961654952,1.0,0.9963281978839464
4,11,1.5212468009035127,0.5928251121076233,3791,1.87833913564682,0.5854430379746836,632,1.8728699482287081,0.5845,0.9973089125070813,0.08324539949165516,,,0.95,,0.95001498149061,0.04998501850938997,0.998249122227444,0.09969748100681804,5,0.001,0.1,0.9818728718795692,0.9900047808324037,0.9927319187995508,0.9950307638277037,0.994454866436819,0.9955775497228386,0.9955593979719196,0.9971176574135536,0.9968032084217782,0.9959156192656565,0.9963281978839464,1.0
5,0,1.1297376616223778,0.6434867299732164,8214,1.7376786498136298,0.6165084002921841,1369,1.7418846554649523,0.6228,0.9910067717477308,0.08273611206277837,,,0.95,,0.95001498149061,0.04998501850938997,0.9980381760671581,0.09971085684640293,5,0.001,0.1,1.0,0.9945181351361255,0.9936826072306786,0.9897931586948898,0.98998267166812,0.9871495109675084,0.9869506620055021,0.9862834442804124,0.9833137873271215,0.9845349470663938,0.9796371534108692,0.9819120683009875
5,1,1.2209716766204648,0.627350167325829,6574,1.7293322086334229,0.6322992700729927,1096,1.741868681801013,0.623,0.9965852720609739,0.0832844461438743,,,0.95,,0.95001498149061,0.04998501850938997,0.9980381760671581,0.09971085684640293,5,0.001,0.1,0.9945181351361255,1.0,0.9966733093385342,0.9955297220476532,0.9945408698421246,0.993947038047274,0.9933088442832441,0.993551692861798,0.9915205608736082,0.9921820739352305,0.9883711452284086,0.9902859682794903
5,2,1.2691566218987353,0.6189866851115338,5783,1.732992645232908,0.6348547717842323,964,1.7418684342417854,0.623,0.9978556224687654,0.08344387043224162,,,0.95,,0.95001498149061,0.04998501850938997,0.9980381760671581,0.09971085684640293,5,0.001,0.1,0.9936826072306786,0.9966733093385342,1.0,0.9965168713180053,0.9964171692617849,0.9956359874440208,0.9952895853757662,0.9951504398484492,0.992714351342581,0.9936036845472889,0.9913625356967496,0.9925623025117268
5,3,1.2760994369725147,0.6317382258369586,5287,1.7355807040418898,0.6288308740068105,881,1.741868425101137,0.623,0.9983484359398009,0.08349817664216198,,,0.95,,0.95001498149061,0.04998501850938997,0.9980381760671581,0.09971085684640293,5,0.001,0.1,0.9897931586948898,0.9955297220476532,0.9965168713180053,1.0,0.996723881594043,0.996499826897177,0.996079040051476,0.9962657043236751,0.9947552201503661,0.9952192819247712,0.9935638002349565,0.9945263862758734
5,4,1.296741433989617,0.6194123606889564,4935,1.7518637684675364,0.6253041362530414,822,1.7418684430015734,0.623,0.9982593620630984,0.08348677793358224,,,0.95,,0.95001498149061,0.04998501850938997,0.9980381760671581,0.09971085684640293,5,0.001,0.1,0.98998267166812,0.9945408698421246,0.9964171692617849,0.996723881594043,1.0,0.995981041223278,0.9963093777145604,0.9961666654379385,0.9943903049104739,0.9953565541617568,0.9937729134370668,0.9947690448807558
5,5,1.325385608820066,0.6273409042211271,4667,1.7546582508087158,0.615681233933162,778,1.7418684376695286,0.623,0.9983348588775175,0.08346716499245,,,0.95,,0.95001498149061,0.04998501850938997,0.9980381760671581,0.09971085684640293,5,0.001,0.1,0.9871495109675084,0.993947038047274,0.9956359874440208,0.996499826897177,0.995981041223278,1.0,0.996445035974676,0.9966705719334871,0.9957899921777316,0.9958931753850604,0.9954500415353082,0.9958360969357495
5,6,1.3319949181590762,0.6249719290366046,4453,1.7466520220041275,0.6078167115902965,742,1.7418685047009501,0.623,0.9981457957715582,0.08344345463128107,,,0.95,,0.95001498149061,0.04998501850938997,0.9980381760671581,0.09971085684640293,5,0.001,0.1,0.9869506620055021,0.9933088442832441,0.9952895853757662,0.996079040051476,0.9963093777145604,0.996445035974676,1.0,0.9965563804137151,0.9957951845901317,0.9960339997191847,0.9945299162437167,0.9957361284648276
5,7,1.3398670896665374,0.6261398176291794,4277,1.744057499844095,0.6129032258064516,713,1.7418684921325587,0.623,0.9984384463698311,0.08347937776694826,,,0.95,,0.95001498149061,0.04998501850938997,0.9980381760671581,0.09971085684640293,5,0.001,0.1,0.9862834442804124,0.993551692861798,0.9951504398484492,0.9962657043236751,0.9961666654379385,0.9966705719334871,0.9965563804137151,1.0,0.9965681159071119,0.9971818370416763,0.9954754095554874,0.9966616232238047
5,8,1.354796699835704,0.6166141922983773,4129,1.7417434887452559,0.6075581395348837,688,1.74186874388125,0.623,0.9972693026239882,0.08336641925804059,,,0.95,,0.95001498149061,0.04998501850938997,0.9980381760671581,0.09971085684640293,5,0.001,0.1,0.9833137873271215,0.9915205608736082,0.992714351342581,0.9947552201503661,0.9943903049104739,0.9957899921777316,0.9957951845901317,0.9965681159071119,1.0,0.9958095745854265,0.9952661848774266,0.9966135542155424
5,9,1.3882821698037404,0.6122469382654336,4001,1.739328526315235,0.6326836581709145,667,1.7418700228103052,0.623,0.9976822094893205,0.08333599669623447,,,0.95,,0.95001498149061,0.04998501850938997,0.9980381760671581,0.09971085684640293,5,0.001,0.1,0.9845349470663938,0.9921820739352305,0.9936036845472889,0.9952192819247712,0.9953565541617568,0.9958931753850604,0.9960339997191847,0.9971818370416763,0.9958095745854265,1.0,0.9949071267854164,0.9967613612213588
5,10,1.3829814551306552,0.6101311391103111,3889,1.729254506883167,0.6342592592592593,648,1.7418735377704755,0.6227,0.9961003121267378,0.08317525100328112,,,0.95,,0.95001498149061,0.04998501850938997,0.9980381760671581,0.09971085684640293,5,0.001,0.1,0.9796371534108692,0.9883711452284086,0.9913625356967496,0.9935638002349565,0.9937729134370668,0.9954500415353082,0.9945299162437167,0.9954754095554874,0.9952661848774266,0.9949071267854164,1.0,0.9962073055117976
5,11,1.3947342429842269,0.611659192825112,3791,1.7494894564151764,0.6234177215189873,632,1.7418730034234045,0.6227,0.9972140569692994,0.083282952437126,,,0.95,,0.95001498149061,0.04998501850938997,0.9980381760671581,0.09971085684640293,5,0.001,0.1,0.9819120683009875,0.9902859682794903,0.9925623025117268,0.9945263862758734,0.9947690448807558,0.9958360969357495,0.9957361284648276,0.9966616232238047,0.9966135542155424,0.9967613612213588,0.9962073055117976,1.0
6,0,1.068817089295109,0.651862673484295,8214,1.5987542618152708,0.6362308254200146,1369,1.604566981617254,0.6411,0.9903504065178125,0.08275982333607494,,,0.95,,0.95001498149061,0.04998501850938997,0.9987102654902108,0.09967645267602358,5,0.001,0.1,1.0,0.9939353706653271,0.9927601669821886,0.9886732344264874,0.9887843297768085,0.986089524956227,0.9857718313304406,0.9851233462452562,0.9825021563910037,0.983490476772412,0.9783663945438649,0.9803297258107414
6,1,1.1487146101530317,0.6382719805293581,6574,1.5891754593167986,0.6450729927007299,1096,1.6045489802528112,0.641,0.9961060069500631,0.08328221883652673,,,0.95,,0.95001498149061,0.04998501850938997,0.9987102654902108,0.09967645267602358,5,0.001,0.1,0.9939353706653271,1.0,0.995864604765073,0.9947539075482212,0.9935237372154302,0.9929752527221258,0.9921989368669447,0.9924838998357641,0.9909262962265876,0.991399828799317,0.9875039466101903,0.9890262924019971
6,2,1.1906948256887784,0.6295694276327166,5783,1.5920013112406577,0.6514522821576764,964,1.6045488035336088,0.641,0.9976107201790323,0.08342865330703678,,,0.95,,0.95001498149061,0.04998501850938997,0.9987102654902108,0.09967645267602358,5,0.001,0.1,0.9927601669821886,0.995864604765073,1.0,0.9956672602816208,0.9955277779060252,0.995066744616491,0.9943621341821917,0.9946204448159065,0.9928620287482702,0.9928724205940952,0.9912455230775857,0.9917172240024262
6,3,1.1914416014430034,0.6412710421789295,5287,1.597511385168348,0.6538024971623155,881,1.604548752498322,0.641,0.9980668682395986,0.08347671249271887,,,0.95,,0.95001498149061,0.04998501850938997,0.9987102654902108,0.09967645267602358,5,0.001,0.1,0.9886732344264874,0.9947539075482212,0.9956672602816208,1.0,0.995749605093034,0.9959100983689986,0.995037800703214,0.9956366597425756,0.9949615250013226,0.9946643900439481,0.993095829842173,0.9938387861815965
6,4,1.208249084795675,0.6313677811550152,4935,1.6172675444529607,0.6411192214111923,822,1.6045487757308035,0.641,0.9978790442059704,0.08346365096452654,,,0.95,,0.95001498149061,0.04998501850938997,0.9987102654902108,0.09967645267602358,5,0.001,0.1,0.9887843297768085,0.9935237372154302,0.9955277779060252,0.995749605093034,1.0,0.9953007089025847,0.9955270191886916,0.9954292895136604,0.9943589430612316,0.9945734292321377,0.9931141520222996,0.9938553321490163
6,5,1.2342065214294278,0.6364259695736019,4667,1.6214707326889037,0.62853470437018,778,1.604548813435978,0.641,0.9979818271780645,0.0834549347766265,,,0.95,,0.95001498149061,0.04998501850938997,0.9987102654902108,0.09967645267602358,5,0.001,0.1,0.986089524956227,0.9929752527221258,0.995066744616491,0.9959100983689986,0.9953007089025847,1.0,0.9954161975589524,0.9959453515121165,0.9952783249097811,0.9953121061998962,0.9947158128094543,0.994947925179943
6,6,1.2360599671091352,0.6357960925218954,4453,1.6107657104730606,0.6307277628032345,742,1.604548916649133,0.641,0.9976772779144049,0.0834305478613573,,,0.95,,0.95001498149061,0.04998501850938997,0.9987102654902108,0.09967645267602358,5,0.001,0.1,0.9857718313304406,0.9921989368669447,0.9943621341821917,0.995037800703214,0.9955270191886916,0.9954161975589524,1.0,0.9959037146829959,0.9950895207976602,0.9953191709909477,0.9939067472716577,0.9947815339205777
6,7,1.2435110429329659,0.6387187280804302,4277,1.607515521671461,0.6283309957924264,713,1.6045488758970754,0.641,0.9981317197280632,0.0834672707421233,,,0.95,,0.95001498149061,0.04998501850938997,0.9987102654902108,0.09967645267602358,5,0.001,0.1,0.9851233462452562,0.9924838998357641,0.9946204448159065,0.9956366597425756,0.9954292895136604,0.9959453515121165,0.9959037146829959,1.0,0.9965275500631423,0.996298448149981,0.9948493169843674,0.9959256792174683
6,8,1.251505025602304,0.6286752240251877,4129,1.6052317402579568,0.6351744186046512,688,1.604549182108797,0.641,0.9973634303631571,0.08337313650669496,,,0.95,,0.95001498149061,0.04998501850938997,0.9987102654902108,0.09967645267602358,5,0.001,0.1,0.9825021563910037,0.9909262962265876,0.9928620287482702,0.9949615250013226,0.9943589430612316,0.9952783249097811,0.9950895207976602,0.9965275500631423,1.0,0.9955722081929463,0.995222985462064,0.996246237036815
6,9,1.284467657974788,0.6221944513871532,4001,1.6007534492583502,0.6551724137931034,667,1.6045504941727027,0.641,0.9973470044238268,0.08335393646871361,,,0.95,,0.95001498149061,0.04998501850938997,0.9987102654902108,0.09967645267602358,5,0.001,0.1,0.983490476772412,0.991399828799317,0.9928724205940952,0.9946643900439481,0.9945734292321377,0.9953121061998962,0.9953191709909477,0.996298448149981,0.9955722081929463,1.0,0.9940688905999611,0.9957866660188892
6,10,1.2835942863440903,0.6204679866289534,3889,1.5875208037240165,0.6481481481481481,648,1.6045545351010162,0.641,0.9958678893630755,0.08320751787234304,,,0.95,,0.95001498149061,0.04998501850938997,0.9987102654902108,0.09967645267602358,5,0.001,0.1,0.9783663945438649,0.9875039466101903,0.9912455230775857,0.993095829842173,0.9931141520222996,0.9947158128094543,0.9939067472716577,0.9948493169843674,0.995222985462064,0.9940688905999611,1.0,0.9955622271471641
