round,client_id,client_i_training_loss,client_i_training_accuracy,client_i_training_dataset_size,client_i_evaluation_loss,client_i_evaluation_accuracy,client_i_evaluation_dataset_size,client_i_central_evaluation_loss,client_i_central_evaluation_accuracy,client_i_cosine_similarity,client_i_importance_coefficient,client_i_tanh_val,tanh_normalization_value,client_i_q,client_i_mask_order,client_i_v_nonzero_fraction,client_i_v_sparsity,client_i_v_cosine_similarity,client_i_reward_gradient_norm,local_epochs,learning_rate,gamma,client_0_cosine_similarity,client_1_cosine_similarity,client_2_cosine_similarity,client_3_cosine_similarity,client_4_cosine_similarity,client_5_cosine_similarity,client_6_cosine_similarity,client_7_cosine_similarity,client_8_cosine_similarity,client_9_cosine_similarity,client_10_cosine_similarity,client_11_cosine_similarity
0,0,0.2790293922089765,0.9137813489164841,8214,2.1826585059942203,0.38714390065741416,1369,2.1824693062815803,0.3908,0.7966206016399974,0.08452819728463302,,,0.989999999863401,,0.9900005019828322,0.009999498017167818,0,0.39316553510942237,5,0.1,0.5,1.0,0.5573029943857064,0.5611596857667833,0.5761844530222658,0.5770580679958968,0.568577641441141,0.5481431407477622,0.5712528144003806,0.576061277540435,0.5784131318864789,0.5767500249083135,0.5523712296523665
0,1,0.3090190568767054,0.9036811682385154,6574,2.181967122214181,0.3905109489051095,1096,2.182483959502686,0.3908,0.7909700367045317,0.08392862445579659,,,0.9080990188753448,,0.9081120425681442,0.09188795743185585,0,0.3931484147163475,5,0.1,0.5,0.5573029943857064,1.0,0.5753747703090052,0.56958333625366,0.5769740118073341,0.5632357521595152,0.5662331657036055,0.580611721684664,0.5912962059992759,0.5963547092364875,0.6002964971999591,0.5762766029991965
0,2,0.3187674901484208,0.901262320594847,5783,2.1807940236983763,0.3879668049792531,964,2.182872615302333,0.391,0.7791833842442247,0.08267796073653155,,,0.7372597470344913,,0.7372772451182169,0.2627227548817831,0,0.3926384542617559,5,0.1,0.5,0.5611596857667833,0.5753747703090052,1.0,0.5672290185143399,0.5833269267271946,0.5732520743773064,0.5604289806012323,0.5647461815273405,0.5858284890125899,0.5875163753471347,0.5690730212280093,0.5645451101376426
0,3,0.31640582061036077,0.8983922829581994,5287,2.184345620019095,0.3938706015891033,881,2.182484196397824,0.3905,0.7902151126645389,0.08384852061708585,,,0.8971569236772514,,0.8971738366547864,0.10282616334521355,0,0.3931409704874425,5,0.1,0.5,0.5761844530222658,0.56958333625366,0.5672290185143399,1.0,0.5930644539079534,0.6010280732445845,0.5877134222142527,0.5889486644199697,0.5947699214653375,0.5942122167571355,0.5864659457329048,0.5950758611287393
0,4,0.34516385240179875,0.8940222897669706,4935,2.1798501289807835,0.402676399026764,822,2.1824835199898422,0.3906,0.7921552988096234,0.0840543908103786,,,0.9252785629109681,,0.9252999347422318,0.07470006525776818,0,0.39315674507131865,5,0.1,0.5,0.5770580679958968,0.5769740118073341,0.5833269267271946,0.5930644539079534,1.0,0.5967383333536525,0.5899650053717634,0.5940168439237985,0.5991828641581577,0.6019593814218159,0.5928179243398713,0.5951602033774354
0,5,0.3348273553923793,0.8972787658024427,4667,2.18673415184021,0.3740359897172236,778,2.182529213329474,0.3904,0.7861592651136527,0.08341816081816537,,,0.8383702542115724,,0.8383816073490287,0.16161839265097133,0,0.3930613181410762,5,0.1,0.5,0.568577641441141,0.5632357521595152,0.5732520743773064,0.6010280732445845,0.5967383333536525,1.0,0.5838969952648655,0.5978827237512558,0.6086894072737952,0.6002793547820808,0.586955945001619,0.5957056561372617
0,6,0.3679569417797029,0.8831349651920054,4453,2.179746220509211,0.4029649595687331,742,2.1834122807073135,0.3926,0.7697134718660433,0.08167312277461697,,,0.6,,0.6,0.4,0,0.3909382660007965,5,0.1,0.5,0.5481431407477622,0.5662331657036055,0.5604289806012323,0.5877134222142527,0.5899650053717634,0.5838969952648655,1.0,0.5649401138334135,0.5799575412241762,0.5943998594722906,0.5734574012622392,0.5890598362596937
0,7,0.36466342465284823,0.8855272387187281,4277,2.1790825180385425,0.39270687237026647,713,2.182823047851221,0.391,0.7797908763158666,0.08274242079389749,,,0.7460649191151904,,0.7460820239947794,0.2539179760052206,0,0.39269724247517607,5,0.1,0.5,0.5712528144003806,0.580611721684664,0.5647461815273405,0.5889486644199697,0.5940168439237985,0.5978827237512558,0.5649401138334135,1.0,0.5984876230248862,0.5866743661030168,0.5977943385200002,0.5918722724994916
0,8,0.3674375616997265,0.8827318963429401,4129,2.17545823617415,0.4055232558139535,688,2.182481413070386,0.3905,0.7903776825501552,0.0838657706597481,,,0.8995132603025542,,0.8995231163094222,0.10047688369057783,0,0.39314276896573735,5,0.1,0.5,0.576061277540435,0.5912962059992759,0.5858284890125899,0.5947699214653375,0.5991828641581577,0.6086894072737952,0.5799575412241762,0.5984876230248862,1.0,0.6114679701190858,0.6030644917626571,0.6008353086169824
0,9,0.37956488040379355,0.8811297175706073,4001,2.1851876349676225,0.37631184407796103,667,2.1824810794367195,0.3905,0.7903650907138704,0.08386443455920103,,,0.8993307504551427,,0.8993424024898349,0.10065759751016512,0,0.39314251678475276,5,0.1,0.5,0.5784131318864789,0.5963547092364875,0.5875163753471347,0.5942122167571355,0.6019593814218159,0.6002793547820808,0.5943998594722906,0.5866743661030168,0.6114679701190858,1.0,0.6051887308927303,0.5990555802026201
0,10,0.3714116724177462,0.8836718950887118,3889,2.1906626224517822,0.37808641975308643,648,2.18266011579349,0.3911,0.7827232766042952,0.08305357331692728,,,0.7885680073930632,,0.7885798905677426,0.21142010943225742,0,0.39291363063357077,5,0.1,0.5,0.5767500249083135,0.6002964971999591,0.5690730212280093,0.5864659457329048,0.5928179243398713,0.586955945001619,0.5734574012622392,0.5977943385200002,0.6030644917626571,0.6051887308927303,1.0,0.6008300208391218
0,11,0.37547696346119674,0.880242680031654,3791,2.1798283576965334,0.3860759493670886,632,2.1829326076629445,0.3909,0.7760437899455168,0.0823448231730182,,,0.6917535266998168,,0.691767481552131,0.30823251844786903,0,0.3922552760863221,5,0.1,0.5,0.5523712296523665,0.5762766029991965,0.5645451101376426,0.5950758611287393,0.5951602033774354,0.5957056561372617,0.5890598362596937,0.5918722724994916,0.6008353086169824,0.5990555802026201,0.6008300208391218,1.0
1,0,0.2546522318824024,0.921353786218651,8214,2.024816962175591,0.7384952520087655,1369,2.0271534858801115,0.7311,0.800709477005502,0.08489291331700043,,,0.9822695446045124,,0.982280006023794,0.01771999397620605,0.9533090690496004,0.38949359144054246,5,0.1,0.5,1.0,0.6218150212632559,0.6097914059265532,0.6290847425304772,0.6320889942177099,0.6220828853246604,0.6177742050485611,0.6241296285495967,0.4712676827068495,0.4192251269313452,0.6144031351301869,0.6197361622860132
1,1,0.27585609117703674,0.9141162153939763,6574,2.0275917734418596,0.7271897810218978,1096,2.0271797237304834,0.7315,0.8008568564046941,0.08449628690100626,,,0.9620483493906146,,0.9620651573716179,0.03793484262838209,0.9532591860194071,0.3894926796694036,5,0.1,0.5,0.6218150212632559,1.0,0.6066999941979182,0.6250412245019783,0.6189143780670077,0.6178174056974133,0.6219253015682071,0.6206874751752534,0.4776389702873787,0.42237643193682517,0.6260564742992017,0.6267640220627131
1,2,0.2867466684271329,0.9138163582915442,5783,2.0263536476319834,0.7344398340248963,964,2.02767173360331,0.7316,0.7980624806514329,0.0835595446475063,,,0.9142904411694741,,0.9143014908890116,0.08569850911098842,0.9520206236481064,0.3894800125295049,5,0.1,0.5,0.6097914059265532,0.6066999941979182,1.0,0.6187494026377408,0.6210798156714183,0.6248659494812551,0.6232999322657372,0.6182452651213939,0.4718703497272063,0.4290859247342674,0.6237923613502142,0.618116898251597
1,3,0.27452886227899825,0.9131076224702099,5287,2.0298656097480228,0.7241770715096482,881,2.027184413644833,0.7313,0.8161632165992408,0.08498250238420466,,,0.9868370619052118,,0.9868530696250188,0.013146930374981158,0.9532339650969974,0.3894936458056279,5,0.1,0.5,0.6290847425304772,0.6250412245019783,0.6187494026377408,1.0,0.640865877880652,0.6457770844138905,0.6451684506274804,0.6358905528269816,0.48401011524059995,0.430004359374464,0.6370877807213158,0.6379221248564364
1,4,0.3040736403346302,0.9097467071935157,4935,2.024852202488826,0.7299270072992701,822,2.027172749034894,0.7315,0.8140105142030708,0.08504454148560574,,,0.989999999949017,,0.9900005019828322,0.009999498017167818,0.9532864919074652,0.3894936667329895,5,0.1,0.5,0.6320889942177099,0.6189143780670077,0.6210798156714183,0.640865877880652,1.0,0.6368822018292807,0.6348745705581827,0.6393374897448271,0.47623234859586877,0.4259391991384124,0.6399973579356113,0.6423646402026271
1,5,0.2997228783045015,0.9076065995286051,4667,2.0321853971481323,0.712082262210797,778,2.027241803205813,0.7309,0.8125598035467398,0.08456697868591533,,,0.9656524269936709,,0.9656744139350434,0.034325586064956615,0.9530427226833934,0.3894929600167263,5,0.1,0.5,0.6220828853246604,0.6178174056974133,0.6248659494812551,0.6457770844138905,0.6368822018292807,1.0,0.640598125083749,0.6309013037459743,0.48171130425437136,0.42723006262217966,0.6353525117718329,0.6346236017010988
1,6,0.31970676136103326,0.9000224567707164,4453,2.0225461572408676,0.7237196765498652,742,2.0284153116396824,0.7331,0.8143411254296685,0.08346031219225028,,,0.9092312752431283,,0.9092465237688871,0.09075347623111285,0.947688435431996,0.3894774268077061,5,0.1,0.5,0.6177742050485611,0.6219253015682071,0.6232999322657372,0.6451684506274804,0.6348745705581827,0.640598125083749,1.0,0.6430330217908986,0.4808847979229348,0.43258307408084873,0.6395231936239439,0.6425619377629717
1,7,0.3255785362829746,0.8973579611877485,4277,2.0232008591942163,0.7629733520336606,713,2.0276251673317565,0.7314,0.8113501246001031,0.08407143873255432,,,0.9403883252366512,,0.9404045981627428,0.0595954018372572,0.9521337830774279,0.3894892459252145,5,0.1,0.5,0.6241296285495967,0.6206874751752534,0.6182452651213939,0.6358905528269816,0.6393374897448271,0.6309013037459743,0.6430330217908986,1.0,0.47653739465938977,0.42737374842867587,0.6359939587689754,0.6374519819270688
1,8,0.4007816005248326,0.8907725841608137,4129,2.019707506353205,0.7325581395348837,688,2.027658713511385,0.7306,0.6540660648383538,0.07927642448812919,,,0.6959242270829682,,0.6959339390592841,0.30406606094071587,0.9511811775123397,0.3886746994205886,5,0.1,0.5,0.4712676827068495,0.4776389702873787,0.4718703497272063,0.48401011524059995,0.47623234859586877,0.48171130425437136,0.4808847979229348,0.47653739465938977,1.0,0.33552898312008367,0.4705635323281134,0.48557504040360516
1,9,0.47201349728607706,0.8756810797300675,4001,2.034022808074951,0.7286356821589205,667,2.028395303141195,0.733,0.600750370898096,0.07739492925540528,,,0.6,,0.6,0.4,0.947920168508216,0.38728568082398906,5,0.1,0.5,0.4192251269313452,0.42237643193682517,0.4290859247342674,0.430004359374464,0.4259391991384124,0.42723006262217966,0.43258307408084873,0.42737374842867587,0.33552898312008367,1.0,0.43488730119263924,0.42873398331709855
1,10,0.32715910822763794,0.8992028799177166,3889,2.0373974981762113,0.7283950617283951,648,2.0273960988742474,0.7315,0.8130357281127293,0.08433942473507194,,,0.9540510492837067,,0.9540685708548767,0.04593142914512327,0.9526631620922607,0.38949181390667736,5,0.1,0.5,0.6144031351301869,0.6260564742992017,0.6237923613502142,0.6370877807213158,0.6399973579356113,0.6353525117718329,0.6395231936239439,0.6359939587689754,0.4705635323281134,0.43488730119263924,1.0,0.6464763469472262
1,11,0.33063899917105416,0.8948562384595093,3791,2.0249896943569183,0.7325949367088608,632,2.027743757342378,0.732,0.814460968870262,0.08391470317535026,,,0.9323974800196521,,0.9324080116460017,0.06759198835399827,0.951096762463952,0.3894870794021879,5,0.1,0.5,0.6197361622860132,0.6267640220627131,0.618116898251597,0.6379221248564364,0.6423646402026271,0.6346236017010988,0.6425619377629717,0.6374519819270688,0.48557504040360516,0.42873398331709855,0.6464763469472262,1.0
2,0,0.23363017181318674,0.9287801314828342,8214,1.8192690804947254,0.8743608473338204,1369,1.8252074809881826,0.8722,0.7993692265584424,0.08409199486196796,,,0.9514061697150841,,0.9514231213292506,0.048576878670749446,0.964832412439527,0.40380334641175125,5,0.1,0.5,1.0,0.6209983291633768,0.6161383024124552,0.6242701986019112,0.6121182278120135,0.6220272921054117,0.6055712912269868,0.6172442206712265,0.6202835623825729,0.5580357939776343,0.6187227018421729,0.6201390453478813
2,1,0.2531243894647047,0.9227258898691816,6574,1.8265835523605347,0.8677007299270073,1096,1.8252488713675794,0.8722,0.8100118093714496,0.08420029119750058,,,0.957033241281191,,0.9570503488780684,0.04294965112193161,0.9648299176444652,0.40380412633193175,5,0.1,0.5,0.6209983291633768,1.0,0.6236768572178447,0.6303354429807432,0.6177158651039654,0.6267393703967956,0.6243224227541102,0.6232782305238114,0.6295993354502017,0.5717367065174993,0.6376820831422723,0.6350984335872378
2,2,0.2609218624374155,0.9205256787134705,5783,1.8257251631829046,0.8630705394190872,964,1.8258354614337031,0.8723,0.8048857829781594,0.08340117495050836,,,0.9155112055691937,,0.9155363686561919,0.08446363134380808,0.964809669963514,0.403791782503162,5,0.1,0.5,0.6161383024124552,0.6236768572178447,1.0,0.6296766887704774,0.6170383633829437,0.6211790843068375,0.6218273158760778,0.6321727073787188,0.6284020051559541,0.5633176709467774,0.6243498204705228,0.6177057409161812
2,3,0.25040020833397847,0.9219216947229052,5287,1.8291114015238625,0.8660612939841089,881,1.8252488877445745,0.8722,0.818974514413258,0.08483475605476525,,,0.98999999994804,,0.9900005019828322,0.009999498017167818,0.9648383853136742,0.40380574962027516,5,0.1,0.5,0.6242701986019112,0.6303354429807432,0.6296766887704774,1.0,0.6362626416108752,0.6425852562034132,0.6400401797989937,0.6342177816297302,0.6364813668706032,0.5768680077243736,0.6384958952835366,0.6365205689423676
2,4,0.27385177520253967,0.9187436676798378,4935,1.8231750314052289,0.8722627737226277,822,1.8252256647847331,0.8721,0.8084000005259776,0.08450722722438006,,,0.9729816201526724,,0.9729933236283319,0.027006676371668092,0.9648392353373817,0.403805388642961,5,0.1,0.5,0.6121182278120135,0.6177158651039654,0.6170383633829437,0.6362626416108752,1.0,0.6295493353850707,0.6177938690698569,0.6343247708456402,0.6275952457686088,0.5600587288214973,0.6315932504758365,0.638057680140001
2,5,0.2676998774916546,0.9176773087636597,4667,1.831456985473633,0.8791773778920309,778,1.8253333781854795,0.8721,0.8167094859155156,0.08448058757027894,,,0.9715974252084386,,0.9716128708398173,0.02838712916018271,0.9648362397102941,0.40380533074834263,5,0.1,0.5,0.6220272921054117,0.6267393703967956,0.6211790843068375,0.6425852562034132,0.6295493353850707,1.0,0.6356607205013503,0.6412138261873698,0.6357661607729747,0.5713967978115914,0.6399185786661727,0.6392852265766298
2,6,0.2872397218761034,0.910532225465978,4453,1.817347526550293,0.8867924528301887,742,1.8268256019860412,0.8726,0.8114224412346142,0.08356331339871277,,,0.9239359103126789,,0.9239496009236484,0.07605039907635158,0.9648016347366227,0.40379566561889685,5,0.1,0.5,0.6055712912269868,0.6243224227541102,0.6218273158760778,0.6400401797989937,0.6177938690698569,0.6356607205013503,1.0,0.6345988418748832,0.6337282836414714,0.5732691539970252,0.6336936083608535,0.6392160181532783
2,7,0.29565865616800624,0.9112462006079027,4277,1.8210931187090666,0.8990182328190743,713,1.8257993052180963,0.8724,0.8157533932780463,0.08411905079774067,,,0.9528119946318021,,0.9528236534310527,0.047176346568947314,0.9648263692297429,0.40380355659661893,5,0.1,0.5,0.6172442206712265,0.6232782305238114,0.6321727073787188,0.6342177816297302,0.6343247708456402,0.6412138261873698,0.6345988418748832,1.0,0.6309950157158636,0.5716109377702572,0.6355007623618797,0.6430196676788429
2,8,0.29588046928546435,0.9076289658512957,4129,1.8166382204402576,0.8691860465116279,688,1.825859358516364,0.872,0.8142917296286114,0.08089224377483228,,,0.7851472813373047,,0.78516640730887,0.21483359269113,0.962785179130358,0.40351261327074045,5,0.1,0.5,0.6202835623825729,0.6295993354502017,0.6284020051559541,0.6364813668706032,0.6275952457686088,0.6357661607729747,0.6337282836414714,0.6309950157158636,1.0,0.5757458163703078,0.6388867105262329,0.6480197615310885
2,9,0.3500053872139919,0.9018745313671582,4001,1.8374982334318615,0.8500749625187406,667,1.828845388973102,0.8719,0.7478211575520377,0.07732897434292603,,,0.6,,0.6,0.4,0.9594512453308155,0.4012890147940568,5,0.1,0.5,0.5580357939776343,0.5717367065174993,0.5633176709467774,0.5768680077243736,0.5600587288214973,0.5713967978115914,0.5732691539970252,0.5716109377702572,0.5757458163703078,1.0,0.5814229777164404,0.5749211003204582
2,10,0.2944610169523808,0.9092311648238621,3889,1.8371755792981102,0.8595679012345679,648,1.8255108728195533,0.8721,0.8190858514822129,0.08441271119525254,,,0.9680705725403126,,0.9680839315295416,0.03191606847045836,0.964832300331374,0.40380513007294166,5,0.1,0.5,0.6187227018421729,0.6376820831422723,0.6243498204705228,0.6384958952835366,0.6315932504758365,0.6399185786661727,0.6336936083608535,0.6355007623618797,0.6388867105262329,0.5814229777164404,1.0,0.6498544231323353
2,11,0.2925217249720287,0.9108414666314957,3791,1.8248529016971589,0.8781645569620253,632,1.825948149632341,0.8722,0.8201262335590039,0.0841676746311345,,,0.9553384863083665,,0.9553586667335977,0.044641333266402294,0.9648170815683859,0.4038039017480007,5,0.1,0.5,0.6201390453478813,0.6350984335872378,0.6177057409161812,0.6365205689423676,0.638057680140001,0.6392852265766298,0.6392160181532783,0.6430196676788429,0.6480197615310885,0.5749211003204582,0.6498544231323353,1.0
3,0,0.21977000815018374,0.9325298271244217,8214,1.592164200405742,0.9196493791088386,1369,1.6014817979769966,0.9167,0.7944497324380841,0.08403671180453044,,,0.9536014792194578,,0.9536167863059083,0.04638321369409171,0.9679790572868735,0.3949851405557713,5,0.1,0.5,1.0,0.6030520218395048,0.6095685035424148,0.6128632604864267,0.6169470070535494,0.6171273139880386,0.5965670159014798,0.6067630848486023,0.600230260974426,0.44407598839011264,0.6014805390773815,0.6067196436010558
3,1,0.23613271565827568,0.9290234256160633,6574,1.6043781859534127,0.9187956204379562,1096,1.6015335123379009,0.9168,0.7951462737940242,0.08413346448610438,,,0.956796475496063,,0.9568093971186186,0.043190602881381435,0.9679754552409529,0.3949856159173147,5,0.1,0.5,0.6030520218395048,1.0,0.6035930678962506,0.6140251893220133,0.6023898212463686,0.6096114024615312,0.6070860063456572,0.6064647922943033,0.6090871655016654,0.43294286465224774,0.6210490702274963,0.6116015527244183
3,2,0.23765237806622166,0.9297250561992045,5783,1.6037122780276882,0.9087136929460581,964,1.6022046438802164,0.917,0.7967324894684713,0.08365580889148874,,,0.9410231881672745,,0.9410421163596205,0.05895788364037946,0.9679415312483537,0.39498260478148217,5,0.1,0.5,0.6095685035424148,0.6035930678962506,1.0,0.6154053767192192,0.611222745377624,0.6129032727899778,0.6113224791447351,0.6107773938825249,0.6089373560973597,0.4390661772443202,0.6132546398467423,0.603997722922067
3,3,0.22700890210423483,0.9312653678834878,5287,1.6072122880390711,0.9216799091940976,881,1.6015421178775093,0.9168,0.811713762332769,0.08513895236532049,,,0.9899999999669776,,0.9900005019828322,0.009999498017167818,0.9679841810773372,0.3949877454031913,5,0.1,0.5,0.6128632604864267,0.6140251893220133,0.6154053767192192,1.0,0.6250625733983382,0.631573323858512,0.6302547122891109,0.6207103131644977,0.6267673827064424,0.4569966240342749,0.6239133228316093,0.6186714018532188
3,4,0.24977205831384766,0.9253495440729483,4935,1.5990709616587713,0.916058394160584,822,1.6015037020174459,0.9168,0.8035763901962216,0.08463447796398754,,,0.9733410939017277,,0.9733497314391848,0.026650268560815205,0.9679790979130787,0.39498725549656316,5,0.1,0.5,0.6169470070535494,0.6023898212463686,0.611222745377624,0.6250625733983382,1.0,0.6200306139302446,0.6126573652836345,0.6130230894534408,0.6153591181644393,0.446128519872297,0.6174255221238338,0.6196549903242515
3,5,0.2463487138512404,0.9245339618598671,4667,1.6091698789596558,0.916452442159383,778,1.6016430995715694,0.9169,0.8121606270388215,0.08491825701216166,,,0.9827121313504616,,0.9827267707444406,0.017273229255559408,0.9679809369946215,0.39498762741273374,5,0.1,0.5,0.6171273139880386,0.6096114024615312,0.6129032727899778,0.631573323858512,0.6200306139302446,1.0,0.6295081113257011,0.6241018176886295,0.6292672098985365,0.4462913466960628,0.6292181228058388,0.6315670579621434
3,6,0.26671027309111583,0.9175836514709185,4453,1.5899070004622142,0.9326145552560647,742,1.6034167437507703,0.917,0.8048621830560102,0.08404962199547476,,,0.9540278034445475,,0.9540434717132674,0.04595652828673258,0.9679498838670216,0.39498521484991944,5,0.1,0.5,0.5965670159014798,0.6070860063456572,0.6113224791447351,0.6302547122891109,0.6126573652836345,0.6295081113257011,1.0,0.6180339783258273,0.6186505347118749,0.44818160867107826,0.6171822577238126,0.6270722180410079
3,7,0.26792081425717074,0.9178863689501987,4277,1.5964832824209463,0.9368863955119214,713,1.6021749939019687,0.917,0.8054047106482252,0.08443961350391715,,,0.9669062208394059,,0.9669193313588675,0.03308066864113246,0.967980058484199,0.3949867775616929,5,0.1,0.5,0.6067630848486023,0.6064647922943033,0.6107773938825249,0.6207103131644977,0.6130230894534408,0.6241018176886295,0.6180339783258273,1.0,0.6156286610010089,0.44344511923399393,0.6298973051209984,0.6297999771008342
3,8,0.26820032788888337,0.9205618793896827,4129,1.5911339575594121,0.9069767441860465,688,1.6021205986650606,0.9173,0.8039917402955538,0.0822362102021038,,,0.8941447714342757,,0.8941519000050199,0.10584809999498013,0.9672317764177902,0.39495808315289316,5,0.1,0.5,0.600230260974426,0.6090871655016654,0.6089373560973597,0.6267673827064424,0.6153591181644393,0.6292672098985365,0.6186505347118749,0.6156286610010089,1.0,0.4468853823981517,0.6241896938460298,0.6253172618238815
3,9,0.3886705909128227,0.9000749812546863,4001,1.6190676178250993,0.889055472263868,667,1.6080561285963455,0.9175,0.618133246534775,0.07332875211972369,,,0.6,,0.6,0.4,0.9621780253414141,0.39243592954767764,5,0.1,0.5,0.44407598839011264,0.43294286465224774,0.4390661772443202,0.4569966240342749,0.446128519872297,0.4462913466960628,0.44818160867107826,0.44344511923399393,0.4468853823981517,1.0,0.44317496824362546,0.4524218197137527
3,10,0.2629069712974864,0.922499357161224,3889,1.615519336291722,0.9120370370370371,648,1.6018456312033316,0.917,0.8097434795946691,0.08478803902407328,,,0.9784120336134142,,0.9784247778725967,0.02157522212740326,0.9679783349093316,0.3949874959721839,5,0.1,0.5,0.6014805390773815,0.6210490702274963,0.6132546398467423,0.6239133228316093,0.6174255221238338,0.6292181228058388,0.6171822577238126,0.6298973051209984,0.6241896938460298,0.44317496824362546,1.0,0.6375464409242649
3,11,0.26704624181910724,0.9172250065945661,3791,1.6030397295951844,0.9177215189873418,632,1.6023498891641537,0.9172,0.8101876602244648,0.08464009063111416,,,0.9735264370909773,,0.9735404849154159,0.026459515084584107,0.9679792726009838,0.3949872758038975,5,0.1,0.5,0.6067196436010558,0.6116015527244183,0.603997722922067,0.6186714018532188,0.6196549903242515,0.6315670579621434,0.6270722180410079,0.6297999771008342,0.6253172618238815,0.4524218197137527,0.6375464409242649,1.0
4,0,0.20456711332031058,0.9387143900657414,8214,1.3462778995203417,0.9430241051862673,1369,1.3584245679477533,0.9359,0.786470601180534,0.08376554022662593,,,0.9488240933266625,,0.9488328899151649,0.0511671100848351,0.967453710264589,0.3942379971792037,5,0.1,0.5,1.0,0.6072822762005162,0.594239990744592,0.5977314071068477,0.5946408870287755,0.5974108641845929,0.5786202516213962,0.5933324346380819,0.5867336910047236,0.5093640667306447,0.5824675983861481,0.5860935767678253
4,1,0.21204212135951786,0.9352296927289322,6574,1.3625275441578457,0.9379562043795621,1096,1.3584899190134896,0.9359,0.7952965388171085,0.08414037559671848,,,0.9617560609421785,,0.9617740073289494,0.038225992671050646,0.9674592474672881,0.39423989538424226,5,0.1,0.5,0.6072822762005162,1.0,0.5976506331120558,0.5973196117374938,0.5945175446133842,0.6042670335328099,0.5991378693848858,0.6007839953813721,0.5993822139214565,0.5144587320719518,0.6005486150659513,0.5955283053254401
4,2,0.21809629702642147,0.9358464464810652,5783,1.3617567939143027,0.9294605809128631,964,1.3592016022807112,0.9359,0.7907442512693209,0.08366137652271753,,,0.945230404595199,,0.9452537523216706,0.05474624767832936,0.9674473413380453,0.3942372500017363,5,0.1,0.5,0.594239990744592,0.5976506331120558,1.0,0.5991362866614339,0.5922338182407538,0.5972687607363166,0.5954147331173445,0.5986559870048239,0.592980086252041,0.5137771821165461,0.5941952094431192,0.5948132909595433
4,3,0.2094877622238955,0.9353508606014753,5287,1.3658463656902313,0.9364358683314415,881,1.3585024934988053,0.9359,0.7994833964424856,0.08495903116804669,,,0.9899999999654996,,0.9900005019828322,0.009999498017167818,0.9674700081106362,0.3942411665217925,5,0.1,0.5,0.5977314071068477,0.5973196117374938,0.5991362866614339,1.0,0.5968174103282977,0.6138614294987603,0.598647027646822,0.6018977700102197,0.6097593573723359,0.5271905222915085,0.6042092013272085,0.6004334894020044
4,4,0.23251865696762838,0.9309422492401216,4935,1.3555403397633479,0.9343065693430657,822,1.35845435846347,0.9359,0.7940480712600486,0.08443108402861738,,,0.9717856161198172,,0.9717986044877265,0.02820139551227352,0.9674641000000928,0.3942406997654891,5,0.1,0.5,0.5946408870287755,0.5945175446133842,0.5922338182407538,0.5968174103282977,1.0,0.6047832532765214,0.5897846380736018,0.5981584927629239,0.6004211352453099,0.525204882072337,0.5966131756073465,0.6049202340949085
4,5,0.22409557889993878,0.9335761731304907,4667,1.3670740985870362,0.9395886889460154,778,1.3586177551708283,0.9359,0.8030361519288558,0.0849365198894709,,,0.989223352005479,,0.9892324682495859,0.010767531750414117,0.9674683938553245,0.3942411621403314,5,0.1,0.5,0.5974108641845929,0.6042670335328099,0.5972687607363166,0.6138614294987603,0.6047832532765214,1.0,0.6065360339258383,0.6068157815558725,0.6112766202803854,0.5265543958327015,0.603072133661348,0.609305332703905
4,6,0.2431469912387963,0.9261172243431395,4453,1.3433715403079987,0.9501347708894878,742,1.3605781637441616,0.9357,0.7917502607085523,0.08395973579381664,,,0.9555239167327809,,0.9555444003815069,0.0444555996184931,0.9674544254776202,0.39423913548297923,5,0.1,0.5,0.5786202516213962,0.5991378693848858,0.5954147331173445,0.598647027646822,0.5897846380736018,0.6065360339258383,1.0,0.6016027927550858,0.5950885073082585,0.5166797891127871,0.5981176516468214,0.5985436715375794
4,7,0.24653049357402235,0.9248071077858312,4277,1.3519809868024744,0.9467040673211781,713,1.359180949747372,0.9359,0.7972373029977953,0.08441304590166908,,,0.9711632936493354,,0.9711811656041364,0.028818834395863635,0.9674635030797889,0.39424066586406203,5,0.1,0.5,0.5933324346380819,0.6007839953813721,0.5986559870048239,0.6018977700102197,0.5981584927629239,0.6068157815558725,0.6016027927550858,1.0,0.6049669748133952,0.5120520344000246,0.6050934300528374,0.6038760853861674
4,8,0.24174854645168894,0.928215064180189,4129,1.3467227816581726,0.9375,688,1.359041479829782,0.936,0.7963326712514173,0.0829097557984595,,,0.9192991941471148,,0.9193112795542392,0.08068872044576081,0.967409136301621,0.39422771358655123,5,0.1,0.5,0.5867336910047236,0.5993822139214565,0.592980086252041,0.6097593573723359,0.6004211352453099,0.6112766202803854,0.5950885073082585,0.6049669748133952,1.0,0.5164780044755228,0.6049883155489603,0.6073812856721424
4,9,0.3016033806024971,0.9205198700324919,4001,1.3821106581460862,0.9100449775112444,667,1.3681346913115284,0.9344,0.702266973492041,0.07365481214512178,,,0.6,,0.6,0.4,0.9615626715626264,0.39159332241845624,5,0.1,0.5,0.5093640667306447,0.5144587320719518,0.5137771821165461,0.5271905222915085,0.525204882072337,0.5265543958327015,0.5166797891127871,0.5120520344000246,0.5164780044755228,1.0,0.5205999631276887,0.5198531137739765
4,10,0.24521202315561108,0.9264078169195166,3889,1.375260971841358,0.9305555555555556,648,1.3588350295258786,0.936,0.7963500719167265,0.0846145489306097,,,0.9781152273583795,,0.9781286080016064,0.021871391998393608,0.9674677611458627,0.39424097677182934,5,0.1,0.5,0.5824675983861481,0.6005486150659513,0.5941952094431192,0.6042092013272085,0.5966131756073465,0.603072133661348,0.5981176516468214,0.6050934300528374,0.6049883155489603,0.5205999631276887,1.0,0.6084261263214524
4,11,0.24295812154016574,0.9255077815879715,3791,1.3620802402496337,0.9240506329113924,632,1.3593744420395872,0.9359,0.7974433968001613,0.0845541739981263,,,0.9760322684543907,,0.9760503990763516,0.023949600923648395,0.967464823695422,0.39424090694923625,5,0.1,0.5,0.5860935767678253,0.5955283053254401,0.5948132909595433,0.6004334894020044,0.6049202340949085,0.609305332703905,0.5985436715375794,0.6038760853861674,0.6073812856721424,0.5198531137739765,0.6084261263214524,1.0
5,0,0.19094545525219653,0.9420258095933771,8214,1.1127149795376978,0.9466764061358656,1369,1.1261709463862946,0.9422,0.775343178215636,0.08413824156341367,,,0.9412131781902577,,0.9412328698358516,0.05876713016414836,0.9646214119591724,0.38069861388753234,5,0.1,0.5,1.0,0.583656305712976,0.5794806618486152,0.5714406199052298,0.5825986184873535,0.5769372946266448,0.5704247227282675,0.5670314206402731,0.3699901353223165,0.5445878193462,0.5655346422241627,0.5660364655972634
5,1,0.2004707660851548,0.9393367812595071,6574,1.131058292729514,0.9452554744525548,1096,1.126245846192296,0.9422,0.7798473922902168,0.08455152612033605,,,0.9577333586477537,,0.9577481050148084,0.04225189498519155,0.9646419276484784,0.3807025869628662,5,0.1,0.5,0.583656305712976,1.0,0.5744361505823389,0.5746868470978195,0.5751514403889337,0.5770110881936639,0.5779642408680463,0.5784872022543138,0.3725227591022411,0.5446829909398471,0.5826913063843553,0.5751845387129394
5,2,0.20392010162548466,0.9396161162026629,5783,1.1305716499205558,0.9336099585062241,964,1.12694584504484,0.9421,0.7787860750479576,0.08419027630083224,,,0.9432931573179917,,0.9433060589327845,0.05669394106721548,0.9646167983300489,0.38069922238085796,5,0.1,0.5,0.5794806618486152,0.5744361505823389,1.0,0.5827350339117728,0.577423118976755,0.5776845623054604,0.577627496222549,0.573708980722809,0.36378340697066286,0.5404718545778943,0.5800296606701727,0.5811491335297313
5,3,0.19040701462415957,0.9420087005863439,5287,1.135196796485356,0.9387060158910329,881,1.126275385530612,0.9422,0.7867354333655399,0.08534931286605099,,,0.989623204965637,,0.9896290346870137,0.010370965312986313,0.9646496845913507,0.38070512999620576,5,0.1,0.5,0.5714406199052298,0.5746868470978195,0.5827350339117728,1.0,0.5879115020117232,0.588373141266252,0.5896459866266415,0.5809163428157859,0.36853736927292763,0.5558952759745425,0.5909496060789603,0.5846810394409627
5,4,0.21115504905581475,0.9382776089159068,4935,1.1220921782346873,0.9476885644768857,822,1.1262222465615683,0.9422,0.7857181981423592,0.08495656992925468,,,0.9739241325454197,,0.9739320315245219,0.026067968475478098,0.9646440679446122,0.38070450517177146,5,0.1,0.5,0.5825986184873535,0.5751514403889337,0.577423118976755,0.5879115020117232,1.0,0.5892331279317181,0.5765547337809802,0.5801921881539361,0.3729991912136662,0.5504659118579346,0.5854216743190087,0.5905780734951945
5,5,0.2057157445571398,0.9376044568245125,4667,1.136168541908264,0.9485861182519281,778,1.1263896207839916,0.9423,0.7874283173435502,0.08535873912823425,,,0.9899999999600271,,0.9900005019828322,0.009999498017167818,0.9646495493622818,0.3807051318582379,5,0.1,0.5,0.5769372946266448,0.5770110881936639,0.5776845623054604,0.588373141266252,0.5892331279317181,1.0,0.587518508701782,0.5804811047110796,0.3787251564251157,0.5494782391587796,0.5819626247372582,0.5940898361189683
5,6,0.2212041026854422,0.9329440826409162,4453,1.107791078587373,0.9568733153638814,742,1.1283904199783032,0.9423,0.7862263964174088,0.08465628078204947,,,0.9619207058067104,,0.9619346418352492,0.03806535816475076,0.964640179044542,0.3807032416875587,5,0.1,0.5,0.5704247227282675,0.5779642408680463,0.577627496222549,0.5896459866266415,0.5765547337809802,0.587518508701782,1.0,0.5873918484436049,0.3713491739313246,0.5537133052668967,0.5851707259884539,0.5984061873418994
5,7,0.22449140788069857,0.933037175590367,4277,1.117779843185259,0.9495091164095372,713,1.1269483313012048,0.9421,0.7812197528594951,0.0847844758423853,,,0.9670450335732212,,0.9670598865518799,0.03294011344812009,0.9646420274660704,0.3807039292471156,5,0.1,0.5,0.5670314206402731,0.5784872022543138,0.573708980722809,0.5809163428157859,0.5801921881539361,0.5804811047110796,0.5873918484436049,1.0,0.3586621432225447,0.5453782339375233,0.5824426230986703,0.5924671946019228
5,8,0.33428666928227846,0.9163962218454832,4129,1.1153193658048457,0.9462209302325582,688,1.1291527710021876,0.9424,0.5514741200513821,0.07560212795816233,,,0.6,,0.6,0.4,0.9578722820083018,0.3780375381813829,5,0.1,0.5,0.3699901353223165,0.3725227591022411,0.36378340697066286,0.36853736927292763,0.3729991912136662,0.3787251564251157,0.3713491739313246,0.3586621432225447,1.0,0.35356221299292084,0.3650809660384477,0.36496539427619484
5,9,0.251476002986116,0.9270182454386403,4001,1.1536771342867898,0.9220389805097451,667,1.1381224972752337,0.9424,0.7436838834127893,0.07618390125400715,,,0.6232551632325172,,0.6232719241001958,0.37672807589980417,0.9587563052556405,0.37855459658392854,5,0.1,0.5,0.5445878193462,0.5446829909398471,0.5404718545778943,0.5558952759745425,0.5504659118579346,0.5494782391587796,0.5537133052668967,0.5453782339375233,0.35356221299292084,1.0,0.547631608379358,0.5603049113972641
5,10,0.22262078041638264,0.9329390588840318,3889,1.1446465424128942,0.9320987654320988,648,1.1266068391525708,0.9425,0.7850793801348673,0.08505777573281928,,,0.9779696215680038,,0.9779780131519502,0.02202198684804979,0.9646454520848864,0.38070474176983454,5,0.1,0.5,0.5655346422241627,0.5826913063843553,0.5800296606701727,0.5909496060789603,0.5854216743190087,0.5819626247372582,0.5851707259884539,0.5824426230986703,0.3650809660384477,0.547631608379358,1.0,0.5944305873557106
5,11,0.21913940573596402,0.9328936955948298,3791,1.132570144534111,0.9367088607594937,632,1.1271412641095657,0.9423,0.789405210590635,0.0851707725224547,,,0.9824864304461187,,0.9824958586416345,0.017504141358365533,0.964646613378095,0.3807049445424045,5,0.1,0.5,0.5660364655972634,0.5751845387129394,0.5811491335297313,0.5846810394409627,0.5905780734951945,0.5940898361189683,0.5984061873418994,0.5924671946019228,0.36496539427619484,0.5603049113972641,0.5944305873557106,1.0
6,0,0.18177515902304622,0.9448015583150718,8214,0.8756902134695719,0.9503287070854638,1369,0.8896411899179696,0.9477,0.7689114605238883,0.08379948673784643,,,0.927453636974795,,0.9274685005772803,0.07253149942271975,0.9631355687399005,0.38556679711420017,5,0.1,0.5,1.0,0.5667133434092149,0.5684839667998911,0.5577386711239163,0.5668572406379692,0.5610712275599228,0.5430324028037571,0.5528555877400686,0.5458939722419057,0.5509837019877186,0.5493992133274735,0.5466581619572661
6,1,0.18809658232081716,0.9428049893519928,6574,0.8946579916136606,0.9507299270072993,1096,0.8897077782085528,0.9477,0.771461051006345,0.08416766752164674,,,0.9485357315378371,,0.94855177952914,0.05144822047085995,0.9631663031734919,0.38557412835353044,5,0.1,0.5,0.5667133434092149,1.0,0.5610711647077294,0.5596372591082089,0.5516988958773297,0.5600063993585443,0.5564250323714809,0.5593319720977863,0.5583264873626537,0.5495631037941984,0.5580091866410413,0.5511301882090308
6,2,0.19127636176292162,0.944042884316099,5783,0.8949340312711654,0.941908713692946,964,0.890344749624356,0.9477,0.7722240915361519,0.08395173180103384,,,0.9361712152952704,,0.9361879423723709,0.06381205762762909,0.9631439589814278,0.38557053999746493,5,0.1,0.5,0.5684839667998911,0.5610711647077294,1.0,0.5556600195886697,0.5669200557841173,0.5538899606474009,0.5568722626050358,0.5585490594643726,0.5559827116607661,0.5526890053915651,0.5561100313331646,0.5545999661038336
6,3,0.18180399276933307,0.9450728201248345,5287,0.899674362369946,0.9398410896708286,881,0.8897192855231678,0.9477,0.7730901530322234,0.08476184854864334,,,0.9825586386255185,,0.9825761758947844,0.01742382410521559,0.9631819816979269,0.3855775527468317,5,0.1,0.5,0.5577386711239163,0.5596372591082089,0.5556600195886697,1.0,0.5650406506508603,0.5692205064807804,0.5606695281640102,0.5515019783655253,0.5645182767120349,0.5521115322859699,0.5560815695720448,0.551152686682817
6,4,0.19829242078587414,0.9422897669706181,4935,0.8837625498955066,0.9549878345498783,822,0.8896640912412455,0.9477,0.7758350178035482,0.08459488049720887,,,0.9729980194834353,,0.9730083831132975,0.026991616886702485,0.9631757571315838,0.38557719354964687,5,0.1,0.5,0.5668572406379692,0.5516988958773297,0.5669200557841173,0.5650406506508603,1.0,0.5669999175414914,0.5530606148056227,0.5604154866927752,0.5630940013787629,0.555317338426039,0.5587274131732625,0.5624229707597783
6,5,0.18916988902635976,0.9439468609385044,4667,0.9000706601142884,0.9550128534704371,778,0.8898265508417124,0.9476,0.7765826540590948,0.0848918055713729,,,0.9899999999427398,,0.9900005019828322,0.009999498017167818,0.963181986249633,0.38557767021813877,5,0.1,0.5,0.5610712275599228,0.5600063993585443,0.5538899606474009,0.5692205064807804,0.5669999175414914,1.0,0.556561508790418,0.5617421048174913,0.567207595144001,0.5516261773849112,0.5639171437389725,0.56297494158461
6,6,0.21314345811693264,0.9359982034583427,4453,0.8686943699916204,0.9582210242587601,742,0.8917267135918712,0.9475,0.767926517654399,0.08411301043601987,,,0.9454060574798046,,0.9454244264846142,0.05457557351538578,0.9631622165799955,0.38557335232454626,5,0.1,0.5,0.5430324028037571,0.5564250323714809,0.5568722626050358,0.5606695281640102,0.5530606148056227,0.556561508790418,1.0,0.5543986839359951,0.5580378539868883,0.5481392002730959,0.5577131759341085,0.5539227365943276
6,7,0.20825863144874796,0.9380406827215337,4277,0.877631752387337,0.9537166900420757,713,0.8903406481392467,0.9477,0.7721487464117617,0.08434866938461155,,,0.9588999291250216,,0.9589076853571608,0.041092314642839245,0.9631676159121727,0.38557590397114383,5,0.1,0.5,0.5528555877400686,0.5593319720977863,0.5585490594643726,0.5515019783655253,0.5604154866927752,0.5617421048174913,0.5543986839359951,1.0,0.5635224204049697,0.5494025295600244,0.5637368964282794,0.5618778689198267
6,8,0.20269388916221662,0.9389682731896343,4129,0.8810045962983911,0.9549418604651163,688,0.8945411192342496,0.9478,0.7695305716785077,0.07808078851461608,,,0.6,,0.6,0.4,0.9566431365462479,0.3828345927990321,5,0.1,0.5,0.5458939722419057,0.5583264873626537,0.5559827116607661,0.5645182767120349,0.5630940013787629,0.567207595144001,0.5580378539868883,0.5635224204049697,1.0,0.5524288045846462,0.5641754608871302,0.5676865792797468
6,9,0.22117945839993244,0.9351162209447638,4001,0.9221091554278419,0.9205397301349325,667,0.9031637238618284,0.9486,0.7594335515593726,0.07811465013074895,,,0.6019389219230888,,0.6019577330455298,0.3980422669544702,0.9571608595088482,0.3828859666287577,5,0.1,0.5,0.5509837019877186,0.5495631037941984,0.5526890053915651,0.5521115322859699,0.555317338426039,0.5516261773849112,0.5481392002730959,0.5494025295600244,0.5524288045846462,1.0,0.5570902930534991,0.546912253745855
6,10,0.20711603816445978,0.9373617896631525,3889,0.9087770354180109,0.9444444444444444,648,0.8900230081317524,0.9477,0.7739763128886479,0.08459715305862016,,,0.9731281467379831,,0.9731439184779881,0.02685608152201191,0.9631771817993845,0.3855772099679644,5,0.1,0.5,0.5493992133274735,0.5580091866410413,0.5561100313331646,0.5560815695720448,0.5587274131732625,0.5639171437389725,0.5577131759341085,0.5637368964282794,0.5641754608871302,0.5570902930534991,1.0,0.5683278572264815
