round,client_id,client_i_training_loss,client_i_training_accuracy,client_i_training_dataset_size,client_i_evaluation_loss,client_i_evaluation_accuracy,client_i_evaluation_dataset_size,client_i_central_evaluation_loss,client_i_central_evaluation_accuracy,client_i_cosine_similarity,client_i_importance_coefficient,client_i_tanh_val,tanh_normalization_value,client_i_q,client_i_mask_order,client_i_v_nonzero_fraction,client_i_v_sparsity,client_i_v_cosine_similarity,client_i_reward_gradient_norm,local_epochs,learning_rate,gamma,client_0_cosine_similarity,client_1_cosine_similarity,client_2_cosine_similarity,client_3_cosine_similarity,client_4_cosine_similarity,client_5_cosine_similarity,client_6_cosine_similarity,client_7_cosine_similarity,client_8_cosine_similarity,client_9_cosine_similarity,client_10_cosine_similarity,client_11_cosine_similarity
0,0,2.194616033412792,0.18281957633308984,6845,2.297612927176736,0.17165814463111762,1369,2.2968526882461355,0.1547,0.9067552649526214,0.07967718205073449,,,0.8,,0.8000115528708884,0.19998844712911157,0,0.1420740211436218,10,0.025,0.15,1.0,0.9524856670689343,0.910819782512017,0.8700607617244592,0.8532267076831093,0.8178089037542281,0.8057462753786606,0.8100763906159351,0.7831436921755862,0.7886145347318768,0.7380493265404163,0.754001878323599
0,1,2.243244763030562,0.16891201168309602,5478,2.2986809147728815,0.14142335766423358,1096,2.296847965143904,0.1546,0.9471592347824248,0.08322750547771768,,,0.9186584493333568,,0.9187090491987259,0.08129095080127413,0,0.1420994139179956,10,0.025,0.15,0.9524856670689343,1.0,0.9594880609697509,0.9215631036976536,0.9087592436841984,0.875100643165796,0.8489868320342758,0.8681917632803454,0.8336529535582928,0.8323959840336593,0.8001114372082184,0.8102271683431219
0,2,2.2762024678682025,0.15029045643153527,4820,2.2978307604789734,0.15975103734439833,964,2.2968478293358525,0.1546,0.9740834310213683,0.08559335232550201,,,0.9977294759853825,,0.9977636942780281,0.002236305721971865,0,0.14210162986770652,10,0.025,0.15,0.910819782512017,0.9594880609697509,1.0,0.9606349090338244,0.9413564241459831,0.9193161560879317,0.9048939648667234,0.9150813777827549,0.8944237081462804,0.8890311529688378,0.8556152608122903,0.8598099753710158
0,3,2.2856427233559744,0.12423967317294599,4406,2.2965332439967563,0.14755959137343927,881,2.296847823299939,0.1546,0.9703530519427291,0.08526556146014375,,,0.9867740921762795,,0.9868049710353023,0.013195028964697708,0,0.14210162428649972,10,0.025,0.15,0.8700607617244592,0.9215631036976536,0.9606349090338244,1.0,0.9358390108844777,0.9230314589604496,0.9356266302235773,0.9270081930694536,0.9075191135778766,0.908907535934337,0.858566911985346,0.8778964392616445
0,4,2.2883057774919453,0.14489299610894943,4112,2.2968030316489085,0.1435523114355231,822,2.296847832353809,0.1546,0.9748565591293916,0.08566128760130626,,,0.9999999999665781,,1.0,0.0,0,0.14210162989105948,10,0.025,0.15,0.8532267076831093,0.9087592436841984,0.9413564241459831,0.9358390108844777,1.0,0.9283361085762134,0.9208943673025817,0.947102738652536,0.9428120892731569,0.9245083698766983,0.9001412233010998,0.93003282361582
0,5,2.290891638109761,0.15957829776292107,3889,2.2931079864501953,0.15295629820051415,778,2.2968478474435927,0.1545,0.9596708961287341,0.08432691339667706,,,0.9554027182799703,,0.9554471786238881,0.04455282137611194,0,0.14210145544517216,10,0.025,0.15,0.8178089037542281,0.875100643165796,0.9193161560879317,0.9230314589604496,0.9283361085762134,1.0,0.9086850598675323,0.9524253659848565,0.9097056725901063,0.9300848368955009,0.9266063874613296,0.9053579157928856
0,6,2.2926604714886896,0.15925626515763944,3711,2.2966388463974,0.14690026954177898,742,2.2968479681618605,0.1546,0.9462443060252306,0.08314711008552304,,,0.9159714849574188,,0.9160106286412173,0.0839893713587827,0,0.14209929834149104,10,0.025,0.15,0.8057462753786606,0.8489868320342758,0.9048939648667234,0.9356266302235773,0.9208943673025817,0.9086850598675323,1.0,0.9052399945111289,0.9329953383186415,0.9467425032824176,0.8514969585452156,0.8820711342823305
0,7,2.2925954299313682,0.12643097643097642,3564,2.296372930208842,0.14446002805049088,713,2.296847826317896,0.1546,0.9619051360813095,0.08452323753211582,,,0.961964238084286,,0.9620075588783813,0.0379924411216187,0,0.14210152421881075,10,0.025,0.15,0.8100763906159351,0.8681917632803454,0.9150813777827549,0.9270081930694536,0.947102738652536,0.9524253659848565,0.9052399945111289,1.0,0.9345080295085239,0.9268708762851338,0.9333755931152846,0.9224535713760692
0,8,2.294478076475638,0.16065097355419936,3441,2.2943331003189087,0.15261627906976744,688,2.296847962125947,0.1546,0.9487111115695822,0.08336386991260972,,,0.9232160037988265,,0.923255929098381,0.07674407090161905,0,0.1420995792889457,10,0.025,0.15,0.7831436921755862,0.8336529535582928,0.8944237081462804,0.9075191135778766,0.9428120892731569,0.9097056725901063,0.9329953383186415,0.9345080295085239,1.0,0.9431677225428675,0.9118106783116152,0.9346176390454339
0,9,2.2947906246891727,0.16061787642471506,3334,2.298790613810221,0.15442278860569716,667,2.296848004377341,0.1546,0.9473487496405099,0.08324415827305573,,,0.9192150169003737,,0.9192619365912429,0.08073806340875711,0,0.1420994464822446,10,0.025,0.15,0.7886145347318768,0.8323959840336593,0.8890311529688378,0.908907535934337,0.9245083698766983,0.9300848368955009,0.9467425032824176,0.9268708762851338,0.9431677225428675,1.0,0.8907680208221422,0.9255245528296027
0,10,2.292457696107718,0.14347423634680653,3241,2.2989368438720703,0.16049382716049382,648,2.2968508020231995,0.1547,0.9155984729283373,0.08045424055706746,,,0.8259707486653164,,0.8260220164710931,0.17397798352890692,0,0.14208508227000724,10,0.025,0.15,0.7380493265404163,0.8001114372082184,0.8556152608122903,0.858566911985346,0.9001412233010998,0.9266063874613296,0.8514969585452156,0.9333755931152846,0.9118106783116152,0.8907680208221422,1.0,0.9141202902151161
0,11,2.2944063482284545,0.16093700538144984,3159,2.295545148849487,0.17563291139240506,632,2.296850768825676,0.1546,0.9276769163016049,0.08151558132754715,,,0.8614427423102452,,0.8614810780478949,0.13851892195210513,0,0.14209219976647122,10,0.025,0.15,0.754001878323599,0.8102271683431219,0.8598099753710158,0.8778964392616445,0.93003282361582,0.9053579157928856,0.8820711342823305,0.9224535713760692,0.9346176390454339,0.9255245528296027,0.9141202902151161,1.0
1,0,2.0525409819903198,0.24989043097151206,6845,2.285992080515081,0.20745069393718044,1369,2.2859522179712224,0.1866,0.90294705479798,0.0787854670260462,,,0.8,,0.8000115528708884,0.19998844712911157,0.8953001385297118,0.14597032551374303,10,0.025,0.15,1.0,0.9527792242293402,0.9283312415414223,0.8941961857529853,0.8955024776790779,0.8694337323090563,0.8465411504372538,0.840538739048526,0.8365227806776853,0.8252232105565959,0.8291480825159466,0.8289516490046241
1,1,2.087971182756646,0.24092734574662286,5478,2.2874125904507108,0.16605839416058393,1096,2.2859400616416448,0.1871,0.9576938505100566,0.08276914872511466,,,0.9244292762251264,,0.9244689805416646,0.0755310194583354,0.8956213991954887,0.1459959687838931,10,0.025,0.15,0.9527792242293402,1.0,0.9666670274780516,0.9501136675895028,0.9523993707671944,0.9342700451945231,0.909361002630525,0.9120776313657475,0.9063841584379464,0.8965404800701396,0.9012530096658311,0.9012788923081491
1,2,2.1327735612266943,0.22400414937759336,4820,2.287729650735855,0.18464730290456433,964,2.285939762863932,0.1872,0.9783734540084698,0.08490863727794401,,,0.9912556524847432,,0.9912858345298807,0.008714165470119273,0.8956377353769019,0.14599668893623682,10,0.025,0.15,0.9283312415414223,0.9666670274780516,1.0,0.9700696811418413,0.9658329178850924,0.9618984683909039,0.9417547623565922,0.9460360465355536,0.9414204775110167,0.9338004165721528,0.9328842754733736,0.9342006271503307
1,3,2.155394870894296,0.20658193372673628,4406,2.28647027696882,0.18161180476730987,881,2.2859397447561918,0.1872,0.9817860888086101,0.08481685860156418,,,0.9883889690653545,,0.9884306250103151,0.01156937498968491,0.895635627328257,0.1459966875590738,10,0.025,0.15,0.8941961857529853,0.9501136675895028,0.9700696811418413,1.0,0.9668910059569019,0.9674122010688001,0.9614220975312687,0.9614376732082768,0.9506912188142034,0.9452101486860284,0.9472027754133474,0.9472233324627786
1,4,2.169962446978598,0.20853599221789884,4112,2.286595446722848,0.17883211678832117,822,2.285939753810062,0.1872,0.9856705740988191,0.08518859307371163,,,0.9999999999687652,,1.0,0.0,0.8956380950516548,0.14599669011230298,10,0.025,0.15,0.8955024776790779,0.9523993707671944,0.9658329178850924,0.9668910059569019,1.0,0.9731160645126838,0.9604558041963672,0.9639297199639673,0.9607278607105143,0.9539678225682854,0.9548247295699862,0.9600529974522558
1,5,2.1852123933453713,0.2127796348675752,3889,2.2816226482391357,0.19794344473007713,778,2.285939826241022,0.1872,0.9889652781899598,0.08446951326359962,,,0.9775397265133683,,0.9775874304764735,0.02241256952352655,0.8956362614290603,0.1459966757201392,10,0.025,0.15,0.8694337323090563,0.9342700451945231,0.9618984683909039,0.9674122010688001,0.9731160645126838,1.0,0.9752054713179642,0.9788137001770917,0.9752122890243866,0.9692280534480148,0.9697806146198773,0.9717735696150892
1,6,2.1911435505439494,0.2099434114793856,3711,2.285528540611267,0.1792452830188679,742,2.2859400827673415,0.1872,0.982069421275501,0.0835139703402855,,,0.9476935883598555,,0.9477397633311878,0.05226023666881219,0.8956225951717635,0.14599648018803102,10,0.025,0.15,0.8465411504372538,0.909361002630525,0.9417547623565922,0.9614220975312687,0.9604558041963672,0.9752054713179642,1.0,0.9773646770775006,0.9778324759764991,0.9734722953486815,0.9687403800073129,0.9738395878807387
1,7,2.196489335809435,0.20667789001122333,3564,2.2863626877466836,0.182328190743338,713,2.285939729666408,0.1872,0.9837939454375346,0.0844225325676879,,,0.9760722965251203,,0.9761020613622485,0.02389793863775147,0.8956336913170778,0.1459966725936604,10,0.025,0.15,0.840538739048526,0.9120776313657475,0.9460360465355536,0.9614376732082768,0.9639297199639673,0.9788137001770917,0.9773646770775006,1.0,0.9803107288207498,0.9710748514576218,0.9778156398185087,0.9762036945173853
1,8,2.2081808240325365,0.2021214763150247,3441,2.282825469970703,0.17732558139534885,688,2.285940079749385,0.1872,0.9823153173843726,0.08365624279854511,,,0.9521374321067474,,0.9521793665725933,0.04782063342740672,0.8956210721526779,0.14599652852142925,10,0.025,0.15,0.8365227806776853,0.9063841584379464,0.9414204775110167,0.9506912188142034,0.9607278607105143,0.9752122890243866,0.9778324759764991,0.9803107288207498,1.0,0.9797322185972239,0.9779891422483519,0.9822553104764468
1,9,2.207745467733454,0.20305938812237553,3334,2.287471294403076,0.1889055472263868,667,2.285940112946909,0.1872,0.9764013347365176,0.08338930656519274,,,0.9437997473158003,,0.9438447954316648,0.056155204568335226,0.8956202771732525,0.1459964241604815,10,0.025,0.15,0.8252232105565959,0.8965404800701396,0.9338004165721528,0.9452101486860284,0.9539678225682854,0.9692280534480148,0.9734722953486815,0.9710748514576218,0.9797322185972239,1.0,0.972093494135351,0.9796380715174732
1,10,2.2151619255542756,0.1900339401419315,3241,2.2871480782826743,0.19598765432098766,648,2.285943969895568,0.1868,0.9768966347960955,0.08167743597026324,,,0.8903299083053283,,0.8903632552689343,0.10963674473106566,0.895469901630122,0.145994193513236,10,0.025,0.15,0.8291480825159466,0.9012530096658311,0.9328842754733736,0.9472027754133474,0.9548247295699862,0.9697806146198773,0.9687403800073129,0.9778156398185087,0.9779891422483519,0.972093494135351,1.0,0.9748846031581252
1,11,2.2103253440856934,0.20034821145932258,3159,2.284722328186035,0.20569620253164558,632,2.285942605779141,0.1868,0.978966811483712,0.0824022937900451,,,0.912970656410949,,0.9130151342608638,0.08698486573913622,0.8955899191248399,0.14599559422875535,10,0.025,0.15,0.8289516490046241,0.9012788923081491,0.9342006271503307,0.9472233324627786,0.9600529974522558,0.9717735696150892,0.9738395878807387,0.9762036945173853,0.9822553104764468,0.9796380715174732,0.9748846031581252,1.0
2,0,1.9694339983993105,0.28818115412710005,6845,2.268062569878318,0.24470416362308253,1369,2.2688471667374235,0.2368,0.9125452865287299,0.07860968167312096,,,0.8,,0.8000115528708884,0.19998844712911157,0.9673883344727449,0.1456491773931118,10,0.025,0.15,1.0,0.9468608544843161,0.9309722109627641,0.8978536812252048,0.9037179363733245,0.8766551813626823,0.864848791596916,0.8510453935480881,0.8537361843466077,0.8359110174459999,0.8375437586801264,0.8410209689545408
2,1,2.0003774507101193,0.27949981745162467,5478,2.269826306237115,0.23266423357664234,1096,2.268821803829338,0.2366,0.9584618307132888,0.08257713148955674,,,0.9290036565937706,,0.929048868643858,0.07095113135614195,0.9677709503201468,0.14568596123738112,10,0.025,0.15,0.9468608544843161,1.0,0.9586933914149081,0.9465030682668405,0.9479088861621427,0.9300383096935801,0.9153372307289407,0.9136626810454376,0.9124134218877812,0.8985053245597218,0.8997338514377833,0.9007272351250395
2,2,2.036931247773923,0.26556016597510373,4820,2.2720056772232056,0.23443983402489627,964,2.268820783759974,0.2367,0.9736953025652696,0.08440035637804648,,,0.9882867447965709,,0.9883233483520655,0.011676651647934522,0.9677730722281047,0.14568680273918916,10,0.025,0.15,0.9309722109627641,0.9586933914149081,1.0,0.9584199720863158,0.9559152092605429,0.9508067681724851,0.9361846519198249,0.9381781060832276,0.9397856765319792,0.9254418118553833,0.924177743462499,0.9270427672619616
2,3,2.0581183562959944,0.257739446209714,4406,2.270211321966989,0.23723041997729852,881,2.268820759616321,0.2367,0.9795948690779509,0.08453593972264123,,,0.9926953064760351,,0.9927299433909327,0.007270056609067321,0.9677728575939671,0.14568680474321788,10,0.025,0.15,0.8978536812252048,0.9465030682668405,0.9584199720863158,1.0,0.9571071445034705,0.9597945292186608,0.954686703397868,0.9563902391887177,0.9530223408880553,0.9388211080675722,0.9443268101901885,0.9457293200473191
2,4,2.0716471715406937,0.2556906614785992,4112,2.270183495112828,0.20437956204379562,822,2.268820777724061,0.2367,0.9794177513517224,0.08476059230704844,,,0.9999999999674845,,1.0,0.0,0.9677728130469012,0.14568680521846689,10,0.025,0.15,0.9037179363733245,0.9479088861621427,0.9559152092605429,0.9571071445034705,1.0,0.9605973596821885,0.9524815114755902,0.9506139378771179,0.9537810606631462,0.9381178347662462,0.9407335430193364,0.9498431928307585
2,5,2.0838502645492554,0.2550784263306763,3889,2.2635433673858643,0.25578406169665807,778,2.2688209286218957,0.2367,0.9838451081111094,0.08445929234813006,,,0.9902030779570273,,0.9902378240992886,0.009762175900711378,0.96777335184333,0.145686803893741,10,0.025,0.15,0.8766551813626823,0.9300383096935801,0.9508067681724851,0.9597945292186608,0.9605973596821885,1.0,0.9638641103027057,0.9674428142315955,0.9693923644777648,0.9564146744196861,0.9613401033950743,0.965125599064448
2,6,2.0901309440875875,0.25017515494475884,3711,2.267812967300415,0.23315363881401618,742,2.26882133604605,0.2366,0.9801870668621457,0.08374762478994509,,,0.9670628439193607,,0.9671073261705534,0.032892673829446606,0.9677793378395451,0.1456867601759441,10,0.025,0.15,0.864848791596916,0.9153372307289407,0.9361846519198249,0.954686703397868,0.9524815114755902,0.9638641103027057,1.0,0.96725372551567,0.9712369379983956,0.9587897572181792,0.9647335876818796,0.9697519089476359
2,7,2.0923466069357737,0.2521604938271605,3564,2.2707326809565225,0.23422159887798036,713,2.2688208229934115,0.2367,0.9800462588544193,0.08430623127128829,,,0.9852262188892782,,0.9852618375666353,0.014738162433364677,0.9677732820122922,0.14568680110527824,10,0.025,0.15,0.8510453935480881,0.9136626810454376,0.9381781060832276,0.9563902391887177,0.9506139378771179,0.9674428142315955,0.96725372551567,1.0,0.973056840034046,0.9558806314834367,0.9696287359408734,0.973309721404585
2,8,2.1085280263865434,0.24112176692821854,3441,2.2647703091303506,0.24854651162790697,688,2.268821471854101,0.2366,0.982250424438854,0.08390313445528455,,,0.9721193200923818,,0.972157581158918,0.027842418841081962,0.9677778724169589,0.14568677963309343,10,0.025,0.15,0.8537361843466077,0.9124134218877812,0.9397856765319792,0.9530223408880553,0.9537810606631462,0.9693923644777648,0.9712369379983956,0.973056840034046,1.0,0.9671833520152938,0.9716369025388862,0.9772939895222049
2,9,2.1072174041359513,0.2384223155368926,3334,2.269735813140869,0.22938530734632684,667,2.268821553338932,0.2366,0.9700012039585881,0.08333803114557031,,,0.9537446974306465,,0.9537885164463369,0.04621148355366311,0.9677754812718162,0.14568662347357814,10,0.025,0.15,0.8359110174459999,0.8985053245597218,0.9254418118553833,0.9388211080675722,0.9381178347662462,0.9564146744196861,0.9587897572181792,0.9558806314834367,0.9671833520152938,1.0,0.9628707499374596,0.9618311345193079
2,10,2.1158351513055655,0.23597655044739277,3241,2.269253373146057,0.2345679012345679,648,2.2688262372077266,0.2369,0.9739817736608432,0.08240674255794929,,,0.9234633734805707,,0.9235034906174184,0.07649650938258157,0.9677750036371182,0.14568574845661486,10,0.025,0.15,0.8375437586801264,0.8997338514377833,0.924177743462499,0.9443268101901885,0.9407335430193364,0.9613401033950743,0.9647335876818796,0.9696287359408734,0.9716369025388862,0.9628707499374596,1.0,0.9699767412222792
2,11,2.0971161513328553,0.24890788224121557,3159,2.2677324295043944,0.254746835443038,632,2.268823726267754,0.2366,0.977021553799401,0.08295524186141849,,,0.9412981084011072,,0.9413444240893862,0.058655575910613766,0.967771769899315,0.14568638865997743,10,0.025,0.15,0.8410209689545408,0.9007272351250395,0.9270427672619616,0.9457293200473191,0.9498431928307585,0.965125599064448,0.9697519089476359,0.973309721404585,0.9772939895222049,0.9618311345193079,0.9699767412222792,1.0
3,0,1.9109014226330652,0.3103579254930606,6845,2.243667234073986,0.2527392257121987,1369,2.2454014186617695,0.2635,0.9245187320500777,0.07895757850680285,,,0.8,,0.8000115528708884,0.19998844712911157,0.9828650016077632,0.14531298011290503,10,0.025,0.15,1.0,0.9476734404201617,0.933288847130413,0.9088139981436963,0.9135170153140959,0.8870490916375285,0.8789073341462846,0.8643282171410008,0.8663422661588611,0.8466604770608316,0.851542553530609,0.8581812792847969
3,1,1.936747532112654,0.30624315443592554,5478,2.2457321749793158,0.2645985401459854,1096,2.2453757026527503,0.2639,0.958048069383884,0.08251381278874363,,,0.9297998116380568,,0.929841065504778,0.07015893449522204,0.983000880915026,0.14535523458345462,10,0.025,0.15,0.9476734404201617,1.0,0.9528973058063267,0.9432799278888758,0.943177929478792,0.9238766948245505,0.9170997346375309,0.9115788950113006,0.9114162698252066,0.8932215231354971,0.8960194214767854,0.9013528383051054
3,2,1.9693247437477113,0.294045643153527,4820,2.250536561012268,0.2572614107883817,964,2.245376303226133,0.264,0.9713487727264128,0.08407924769635243,,,0.9869369797855867,,0.986970012047994,0.01302998795200605,0.9829805629994215,0.14535653338875706,10,0.025,0.15,0.933288847130413,0.9528973058063267,1.0,0.9535981058674561,0.9512068636202274,0.9415911038449002,0.9343564131187004,0.9337213300158904,0.9343088758365434,0.9172082034509279,0.9197898661733579,0.921777710798374
3,3,1.9937933560780117,0.2819110304130731,4406,2.2475553580692837,0.25879682179341656,881,2.245376282100436,0.264,0.9782219653629799,0.08438779206508681,,,0.9981986115478928,,0.9982175570629301,0.0017824429370698613,0.9829811035942816,0.14535654053359412,10,0.025,0.15,0.9088139981436963,0.9432799278888758,0.9535981058674561,1.0,0.9501602038118412,0.9548896323785218,0.9494353017922058,0.9487208756732228,0.9499552366054442,0.9313431577487872,0.9405977568954135,0.9411249435657307
3,4,2.00396695209272,0.28304961089494163,4112,2.247725793293544,0.24695863746958638,822,2.245376279082479,0.264,0.9754650538493868,0.08443714621404767,,,0.9999999999635008,,1.0,0.0,0.9829809636105367,0.14535654054657315,10,0.025,0.15,0.9135170153140959,0.943177929478792,0.9512068636202274,0.9501602038118412,1.0,0.9487610396450994,0.9452511638723204,0.9410611033796435,0.9463964432369754,0.9294288819377481,0.929869837813268,0.9412907086466739
3,5,2.0173138776133137,0.2826433530470558,3889,2.2388976642063687,0.2853470437017995,778,2.2453765265549284,0.264,0.9792650766803805,0.08437430033572443,,,0.9977061738199282,,0.9977306860754898,0.002269313924510241,0.982981001611789,0.1453565405335941,10,0.025,0.15,0.8870490916375285,0.9238766948245505,0.9415911038449002,0.9548896323785218,0.9487610396450994,1.0,0.956704851753478,0.956784656492859,0.9605468496991214,0.9437265798481281,0.9545505756949727,0.9543892387406409
3,6,2.0227587387479584,0.27739153866882243,3711,2.2434489727020264,0.2857142857142857,742,2.2453771603258352,0.264,0.9775752223899925,0.08387760257112913,,,0.9795770880583652,,0.9796174349325808,0.0203825650674192,0.9829797477149728,0.1453565165910731,10,0.025,0.15,0.8789073341462846,0.9170997346375309,0.9343564131187004,0.9494353017922058,0.9452511638723204,0.956704851753478,1.0,0.9576865981238488,0.9627829728677151,0.9446131134551369,0.9556263199723234,0.9608495999384397
3,7,2.0237856554133553,0.27954545454545454,3564,2.249244491259257,0.2426367461430575,713,2.245376363585267,0.264,0.975809414814064,0.08416650436233955,,,0.9901217808733013,,0.9901553035929428,0.009844696407057207,0.9829806298862123,0.14535653731261802,10,0.025,0.15,0.8643282171410008,0.9115788950113006,0.9337213300158904,0.9487208756732228,0.9410611033796435,0.956784656492859,0.9576865981238488,1.0,0.962129058323593,0.94366713761741,0.959023392834043,0.9630597176918898
3,8,2.039881350375988,0.26823597791339726,3441,2.240106741587321,0.2921511627906977,688,2.245377353475064,0.264,0.9781928341414512,0.08399424765647646,,,0.9838345438124689,,0.98388374511066,0.016116254889339987,0.9829808062887152,0.14535652779844596,10,0.025,0.15,0.8663422661588611,0.9114162698252066,0.9343088758365434,0.9499552366054442,0.9463964432369754,0.9605468496991214,0.9627829728677151,0.962129058323593,1.0,0.9489079463149191,0.9604879478968364,0.9663366126797769
3,9,2.0480391299283065,0.2598980203959208,3334,2.2455861965815225,0.2608695652173913,667,2.2453783222391634,0.264,0.9629352309701233,0.08314545492164932,,,0.9528542628844676,,0.9529055470284366,0.04709445297156345,0.9829822418843757,0.1453562619461198,10,0.025,0.15,0.8466604770608316,0.8932215231354971,0.9172082034509279,0.9313431577487872,0.9294288819377481,0.9437265798481281,0.9446131134551369,0.94366713761741,0.9489079463149191,1.0,0.9461509914518406,0.947390726259995
3,10,2.0462279049249794,0.2644245603208886,3241,2.245434562365214,0.25771604938271603,648,2.245383286777931,0.2638,0.9701630153614,0.08280368895958301,,,0.9403800685588068,,0.9404201944183129,0.05957980558168707,0.9829800828526039,0.14535595575769666,10,0.025,0.15,0.851542553530609,0.8960194214767854,0.9197898661733579,0.9405977568954135,0.929869837813268,0.9545505756949727,0.9556263199723234,0.959023392834043,0.9604879478968364,0.9461509914518406,1.0,0.9630498633385451
3,11,2.022114417552948,0.2787591009813232,3159,2.244473171234131,0.27531645569620256,632,2.2453798583791227,0.264,0.9737965678389815,0.08326262392206465,,,0.9571308411349393,,0.9571636051558813,0.04283639484411872,0.9829756244859862,0.14535633691381358,10,0.025,0.15,0.8581812792847969,0.9013528383051054,0.921777710798374,0.9411249435657307,0.9412907086466739,0.9543892387406409,0.9608495999384397,0.9630597176918898,0.9663366126797769,0.947390726259995,0.9630498633385451,1.0
4,0,1.8625701052171213,0.3271292914536158,6845,2.213113849813288,0.28341855368882396,1369,2.2159922877444496,0.2859,0.9346460894832872,0.07951537068537907,,,0.8,,0.8000115528708884,0.19998844712911157,0.9873626096160749,0.14524444973066875,10,0.025,0.15,1.0,0.946227907853021,0.9343865790302491,0.9180641118991734,0.9167536034043001,0.8990574400402166,0.8907102217346007,0.8765752371338805,0.8782421278599403,0.8657482537482708,0.8704866658462329,0.872572633725457
4,1,1.8846555665481923,0.3250456370938299,5478,2.2156282795800104,0.2956204379562044,1096,2.2159603215471098,0.286,0.9583626954964889,0.08249649672775189,,,0.9258795304844136,,0.9259213414533511,0.07407865854664886,0.9876769045819519,0.14528867803770232,10,0.025,0.15,0.946227907853021,1.0,0.946660889951428,0.9428638287101444,0.9381579195985665,0.9243995683041565,0.9165801393103311,0.9106667587831513,0.9111565644723625,0.899315873914428,0.9012240710419842,0.903444771808832
4,2,1.9174583623283787,0.3104771784232365,4820,2.223644405603409,0.2800829875518672,964,2.2159498311296293,0.2861,0.9715665038278204,0.08389903332253666,,,0.9851023360717247,,0.9851380568071165,0.014861943192883476,0.9877774896417241,0.14529143257494087,10,0.025,0.15,0.9343865790302491,0.946660889951428,1.0,0.9511993530532087,0.9490685629486751,0.9405480707746033,0.9339207852361195,0.9334483619017672,0.9331310979388301,0.9233559425148374,0.9231990723053729,0.9228711712917874
4,3,1.9420967854772295,0.304630049931911,4406,2.2192328657422746,0.2792281498297389,881,2.215949806985976,0.2861,0.9765076178834307,0.08425184536123996,,,0.9999999999577744,,1.0,0.0,0.9877774659250437,0.14529144410011838,10,0.025,0.15,0.9180641118991734,0.9428638287101444,0.9511993530532087,1.0,0.9464348377074956,0.9484772557660879,0.9465958213650497,0.9441021588170908,0.9442542949580728,0.9333333944971487,0.9364173245696351,0.9361806477224164
4,4,1.9423187053564823,0.30471789883268485,4112,2.2196078300476074,0.26034063260340634,822,2.215949788878236,0.2861,0.9747349023090304,0.08422457692542233,,,0.9988485766871786,,0.9988777211136968,0.0011222788863032296,0.9877774240235094,0.14529144408683614,10,0.025,0.15,0.9167536034043001,0.9381579195985665,0.9490685629486751,0.9464348377074956,1.0,0.9446327082000707,0.9478048040913589,0.9361270501252983,0.9433818145284889,0.9304763554990545,0.9338587484502258,0.9406018814549769
4,5,1.9679746547052936,0.29863718179480586,3889,2.2080332892281667,0.2943444730077121,778,2.2159501299073425,0.286,0.9761941196810353,0.08423323587493674,,,0.9992142051389344,,0.9992408113416184,0.0007591886583816487,0.9877774659250455,0.14529144410011838,10,0.025,0.15,0.8990574400402166,0.9243995683041565,0.9405480707746033,0.9484772557660879,0.9446327082000707,1.0,0.94983562116393,0.9486374138659442,0.9515481977872345,0.9402773685567901,0.9474777545915722,0.9483075802116836
4,6,1.9695354206808682,0.2945567232551873,3711,2.213098406791687,0.3045822102425876,742,2.2159510684918753,0.2861,0.9757196964880518,0.08390954686854041,,,0.9855462757830509,,0.9855754154907495,0.014424584509250549,0.9877775949601747,0.1452914325749457,10,0.025,0.15,0.8907102217346007,0.9165801393103311,0.9339207852361195,0.9465958213650497,0.9478048040913589,0.94983562116393,1.0,0.9483912553228614,0.957413980987745,0.9424892222512294,0.9487131926013815,0.955028953791068
4,7,1.969647837110928,0.2962962962962963,3564,2.2217950026194253,0.2762973352033661,713,2.2159499095965036,0.2861,0.9721223136641016,0.08397132640790268,,,0.9881549475728141,,0.9881913155419122,0.011808684458087804,0.9877773193716853,0.1452914367546459,10,0.025,0.15,0.8765752371338805,0.9106667587831513,0.9334483619017672,0.9441021588170908,0.9361270501252983,0.9486374138659442,0.9483912553228614,1.0,0.950734454210453,0.9420817200317998,0.9495665274364095,0.954622822854919
4,8,1.9829950946348684,0.28852077884335947,3441,2.2090293963750205,0.30523255813953487,688,2.215951412538939,0.2861,0.9748174175561262,0.08395245786868255,,,0.9873582141156583,,0.9873908666303577,0.012609133369642311,0.9877776402858196,0.1452914355005938,10,0.025,0.15,0.8782421278599403,0.9111565644723625,0.9331310979388301,0.9442542949580728,0.9433818145284889,0.9515481977872345,0.957413980987745,0.950734454210453,1.0,0.9423112724584173,0.953797324228307,0.9603446473327161
4,9,1.9981111102634006,0.28314337132573486,3334,2.215379516283671,0.27136431784107945,667,2.215954345992849,0.2861,0.9647182926105439,0.0830959806857355,,,0.9511930389008004,,0.9512468848508855,0.04875311514911451,0.9877676351609396,0.14529092530292848,10,0.025,0.15,0.8657482537482708,0.899315873914428,0.9233559425148374,0.9333333944971487,0.9304763554990545,0.9402773685567901,0.9424892222512294,0.9420817200317998,0.9423112724584173,1.0,0.946303096729531,0.9437127233550426
4,10,1.9919613989499898,0.28309163838321505,3241,2.2157891591389975,0.26851851851851855,648,2.2159611937365953,0.2859,0.9696431913345811,0.08304475261971037,,,0.9490299083228879,,0.9490683434833556,0.05093165651664444,0.987759381509051,0.14529084676448623,10,0.025,0.15,0.8704866658462329,0.9012240710419842,0.9231990723053729,0.9364173245696351,0.9338587484502258,0.9474777545915722,0.9487131926013815,0.9495665274364095,0.953797324228307,0.946303096729531,1.0,0.9557241430508988
4,11,1.9605588321685792,0.3031655587211143,3159,2.215247964859009,0.314873417721519,632,2.215955492816394,0.286,0.9719660951612434,0.08340537665216194,,,0.9642574375320414,,0.9642851248535261,0.03571487514647387,0.9877713280921845,0.1452912717915913,10,0.025,0.15,0.872572633725457,0.903444771808832,0.9228711712917874,0.9361806477224164,0.9406018814549769,0.9483075802116836,0.955028953791068,0.954622822854919,0.9603446473327161,0.9437127233550426,0.9557241430508988,1.0
5,0,1.825728737866437,0.33945945945945943,6845,2.177336237647317,0.30241051862673485,1369,2.1814395234554627,0.3054,0.9387926308399936,0.08005612534027036,,,0.8,,0.8000115528708884,0.19998844712911157,0.9907789282608462,0.14494744455924216,10,0.025,0.15,1.0,0.9418087552138261,0.9326580681728708,0.9188535784646722,0.9166314816935635,0.9015081927895208,0.8922138630379427,0.885695288380469,0.8825080332831395,0.8659992180516923,0.8772168340614065,0.8794914464816229
5,1,1.8414722234703773,0.33807959109163926,5478,2.180017603768243,0.31843065693430656,1096,2.181390053109278,0.305,0.9575146478477482,0.08251911541631718,,,0.920319822956975,,0.920367711376277,0.07963228862372296,0.9909931503574677,0.14499792895138705,10,0.025,0.15,0.9418087552138261,1.0,0.9417750344123468,0.9374521232586389,0.933321427419043,0.9227305799585188,0.9142065870063625,0.9115999322820088,0.908976478077331,0.8931199459348272,0.9013585696383936,0.90225012571045
5,2,1.8700234686073505,0.3245850622406639,4820,2.1919433772563934,0.29564315352697096,964,2.181373390970351,0.3051,0.9710683163551957,0.08383297301932055,,,0.9845032379538271,,0.984535657110792,0.01546434288920795,0.990979784861242,0.1450009999682674,10,0.025,0.15,0.9326580681728708,0.9417750344123468,1.0,0.9469263673303471,0.9421842052120525,0.9375758432098532,0.929076226136898,0.9350603040887163,0.9312837774655063,0.9176320156009882,0.9249451212604314,0.924631525361391
5,3,1.8957568199293955,0.3216068996822515,4406,2.186201742717198,0.2917139614074915,881,2.181373068048984,0.3051,0.9740714249755876,0.08415019731430569,,,0.9999999999511489,,1.0,0.0,0.9909802336556153,0.14500102795597355,10,0.025,0.15,0.9188535784646722,0.9374521232586389,0.9469263673303471,1.0,0.9397053093882113,0.9421845811959778,0.940036718760739,0.9397736766201094,0.9407090857951987,0.9248991652471199,0.9331642005025647,0.9338154854783999
5,4,1.899062649047736,0.32062256809338524,4112,2.1865523542676653,0.2761557177615572,822,2.181373140479945,0.3051,0.971461836827345,0.08404797973450479,,,0.9950065567276686,,0.9950405175686158,0.004959482431384221,0.9909802368394449,0.14500102695486752,10,0.025,0.15,0.9166314816935635,0.933321427419043,0.9421842052120525,0.9397053093882113,1.0,0.9394499270328044,0.9416197906334489,0.9345360055536636,0.9358544674685643,0.919807521066119,0.928282286471277,0.9358266730400241
5,5,1.9204947536991488,0.31455386988943174,3889,2.1719539846692766,0.31233933161953725,778,2.1813735931734497,0.3051,0.9737290134175042,0.08412745125159612,,,0.9988888293196473,,0.998910729316235,0.0010892706837649646,0.9909802284861668,0.14500102784960928,10,0.025,0.15,0.9015081927895208,0.9227305799585188,0.9375758432098532,0.9421845811959778,0.9394499270328044,1.0,0.9441951724209905,0.9455617707031532,0.9465933185879924,0.9298873452777627,0.9403030792606696,0.9426096118912766
5,6,1.9196142048671327,0.3140393424952843,3711,2.1774816513061523,0.3274932614555256,742,2.1813749240923532,0.3051,0.9718887744136421,0.08386631519989966,,,0.9861320408074371,,0.9861695631364394,0.013830436863560558,0.9909801812250445,0.1450010065976799,10,0.025,0.15,0.8922138630379427,0.9142065870063625,0.929076226136898,0.940036718760739,0.9416197906334489,0.9441951724209905,1.0,0.9414227075922859,0.9490279678214785,0.9299718339634794,0.9404937690680306,0.9487605517284093
5,7,1.9227624948535647,0.31147586980920317,3564,2.189078688621521,0.3085553997194951,713,2.1813733275932603,0.3051,0.9709452256819573,0.08387384052656202,,,0.9864996614407942,,0.9865244013137264,0.013475598686273571,0.9909802939635057,0.1450010065976897,10,0.025,0.15,0.885695288380469,0.9115999322820088,0.9350603040887163,0.9397736766201094,0.9345360055536636,0.9455617707031532,0.9414227075922859,1.0,0.9435559243420575,0.9311912424244638,0.9431656513060651,0.9482263075665455
5,8,1.935646284951104,0.3051729148503342,3441,2.172609488169352,0.32848837209302323,688,2.181375437144992,0.3051,0.9721688281343246,0.08390211330739597,,,0.9878808184407858,,0.9879024937697017,0.01209750623029826,0.9909796462772735,0.1450010123050138,10,0.025,0.15,0.8825080332831395,0.908976478077331,0.9312837774655063,0.9407090857951987,0.9358544674685643,0.9465933185879924,0.9490279678214785,0.9435559243420575,1.0,0.9339041638157187,0.947427972242049,0.9539369728392499
5,9,1.9566655353263573,0.2953509298140372,3334,2.1798953215281167,0.28785607196401797,667,2.181379565709754,0.3051,0.9586859040819368,0.08292964261357497,,,0.9403745361990032,,0.9404036903170437,0.05959630968295626,0.9909767312332369,0.1449997807423219,10,0.025,0.15,0.8659992180516923,0.8931199459348272,0.9176320156009882,0.9248991652471199,0.919807521066119,0.9298873452777627,0.9299718339634794,0.9311912424244638,0.9339041638157187,1.0,0.9359978162594383,0.935550283523348
5,10,1.9422354138814486,0.3025300833076211,3241,2.181688110033671,0.28703703703703703,648,2.1813902341866793,0.3049,0.9675804501343714,0.08318851980666271,,,0.9530209769389959,,0.9530705880411282,0.04692941195887179,0.9909750955736782,0.1450003719707337,10,0.025,0.15,0.8772168340614065,0.9013585696383936,0.9249451212604314,0.9331642005025647,0.928282286471277,0.9403030792606696,0.9404937690680306,0.9431656513060651,0.947427972242049,0.9359978162594383,1.0,0.9487985210967538
5,11,1.9110488262176513,0.3162393162393162,3159,2.18108491897583,0.33069620253164556,632,2.1813811954063707,0.3049,0.970434591361824,0.08350572646959026,,,0.9685168775905622,,0.9685596870822399,0.03144031291776006,0.9909795648050401,0.14500083070768305,10,0.025,0.15,0.8794914464816229,0.90225012571045,0.924631525361391,0.9338154854783999,0.9358266730400241,0.9426096118912766,0.9487605517284093,0.9482263075665455,0.9539369728392499,0.935550283523348,0.9487985210967538,1.0
6,0,1.7916712588734096,0.3516435354273192,6845,2.137587633999911,0.3177501826150475,1369,2.1426425251779677,0.3192,0.9389037598374488,0.08043171801232427,,,0.8,,0.8000115528708884,0.19998844712911157,0.9929919528490886,0.14476011592684168,10,0.025,0.15,1.0,0.9367677549805711,0.9268964963962237,0.9184880723011765,0.9088135004785663,0.9023331899300967,0.8899032797418676,0.8863594615307465,0.8801096255149046,0.8731616697201242,0.8800651881862929,0.8791982848545041
6,1,1.806384537109109,0.3511317999269806,5478,2.1399073865678577,0.33485401459854014,1096,2.142540693283081,0.319,0.9587078319256077,0.08260931496513332,,,0.9207384960230534,,0.9207803139080062,0.07921968609199381,0.9933992810014756,0.14481953592502705,10,0.025,0.15,0.9367677549805711,1.0,0.9378570056174822,0.9372636530391757,0.9285741726855042,0.9218951852361277,0.9120832851780561,0.912024777849898,0.9095255517282183,0.9026206153605489,0.9060487861195584,0.9040372777652217
6,2,1.8327888676994726,0.33315352697095435,4820,2.1560084521770477,0.30601659751037347,964,2.1425105137161062,0.3189,0.9707057876190411,0.0838178080275384,,,0.9877443001140535,,0.987778713010183,0.012221286989816948,0.9934476290296979,0.14482416637499948,10,0.025,0.15,0.9268964963962237,0.9378570056174822,1.0,0.9411537201928845,0.9365444225977895,0.9366383473120208,0.9263274990975771,0.9338199265865862,0.9289120631331929,0.9268562005358625,0.9260625963367803,0.9247668887256923
6,3,1.8603571449007308,0.33286427598729007,4406,2.1488706043788364,0.3076049943246311,881,2.1425097924244554,0.3189,0.9711295126190964,0.08402873088663522,,,0.9994390762072058,,0.9994636167087522,0.0005363832912478328,0.9934488252886289,0.14482418294455995,10,0.025,0.15,0.9184880723011765,0.9372636530391757,0.9411537201928845,1.0,0.9325122203323329,0.9388397371172273,0.9355564468234985,0.9320275962868696,0.9316395724352033,0.9258838905610433,0.9291852610335913,0.9275762557281512
6,4,1.8518177166129604,0.3376215953307393,4112,2.1494476795196533,0.28345498783454987,822,2.1425100519687317,0.3189,0.9676141738095984,0.08385029216983625,,,0.9895454077435357,,0.9895859120991567,0.010414087900843305,0.9934486462348485,0.1448241718247655,10,0.025,0.15,0.9088135004785663,0.9285741726855042,0.9365444225977895,0.9325122203323329,1.0,0.9358068717964688,0.9329535199838502,0.9234145002566009,0.9300275255485556,0.9215952299588196,0.9270965245287548,0.931783805054572
6,5,1.882816921511004,0.3274363589611725,3889,2.131535496030535,0.3226221079691517,778,2.14251056502137,0.3189,0.9718711004480761,0.08403884750943111,,,0.9999999999445542,,1.0,0.0,0.9934488243154402,0.14482418294455998,10,0.025,0.15,0.9023331899300967,0.9218951852361277,0.9366383473120208,0.9388397371172273,0.9358068717964688,1.0,0.9366824741665858,0.9398916381103363,0.940124565238383,0.9317746010870614,0.9367605549593842,0.9371071490242167
6,6,1.877489420463299,0.3281595257343034,3711,2.1376534700393677,0.3436657681940701,742,2.1425124572802194,0.3189,0.970016761515151,0.08381599258077448,,,0.9876436413068289,,0.9876714363519334,0.01232856364806656,0.9934475272979059,0.14482416637499465,10,0.025,0.15,0.8899032797418676,0.9120832851780561,0.9263274990975771,0.9355564468234985,0.9329535199838502,0.9366824741665858,1.0,0.9363291717958284,0.9449087794538433,0.9349994868335534,0.9401550034863062,0.9461964812743284
6,7,1.8799744180270603,0.32654320987654323,3564,2.151612957318624,0.31837307152875177,713,2.1425105589854567,0.3189,0.9677465061309859,0.08374643876224908,,,0.983787177680452,,0.983825980756218,0.016174019243782034,0.9934475299326677,0.14482414509026498,10,0.025,0.15,0.8863594615307465,0.912024777849898,0.9338199265865862,0.9320275962868696,0.9234145002566009,0.9398916381103363,0.9363291717958284,1.0,0.9345232331416273,0.9346524854677415,0.9381951295006284,0.9385313391248695
6,8,1.8920832466196131,0.3193257773902935,3441,2.131584564844767,0.34593023255813954,688,2.1425131604641297,0.3189,0.9688193454829942,0.08379908039737821,,,0.9867059326160186,,0.9867307025795911,0.013269297420408943,0.9934481307376334,0.1448241633439626,10,0.025,0.15,0.8801096255149046,0.9095255517282183,0.9289120631331929,0.9316395724352033,0.9300275255485556,0.940124565238383,0.9449087794538433,0.9345232331416273,1.0,0.9345447064185892,0.9407683372444164,0.9467291406021136
6,9,1.9097446499047457,0.3135272945410918,3334,2.1400421063105264,0.29985007496251875,667,2.142521061474764,0.3189,0.9633597808532687,0.0830164471392602,,,0.9433122447249256,,0.9433579244442244,0.056642075555775606,0.993435202679416,0.14482281022310517,10,0.025,0.15,0.8731616697201242,0.9026206153605489,0.9268562005358625,0.9258838905610433,0.9215952299588196,0.9317746010870614,0.9349994868335534,0.9346524854677415,0.9345447064185892,1.0,0.9360140062005864,0.9371738609430733
