round,client_id,client_i_training_loss,client_i_training_accuracy,client_i_training_dataset_size,client_i_evaluation_loss,client_i_evaluation_accuracy,client_i_evaluation_dataset_size,client_i_central_evaluation_loss,client_i_central_evaluation_accuracy,client_i_cosine_similarity,client_i_importance_coefficient,client_i_tanh_val,tanh_normalization_value,client_i_q,client_i_mask_order,client_i_v_nonzero_fraction,client_i_v_sparsity,client_i_v_cosine_similarity,client_i_reward_gradient_norm,local_epochs,learning_rate,gamma,client_0_cosine_similarity,client_1_cosine_similarity,client_2_cosine_similarity,client_3_cosine_similarity,client_4_cosine_similarity,client_5_cosine_similarity,client_6_cosine_similarity,client_7_cosine_similarity,client_8_cosine_similarity,client_9_cosine_similarity,client_10_cosine_similarity,client_11_cosine_similarity
0,0,0.28265368142545744,0.9116386656927198,8214,2.212864487670189,0.3308984660336012,1369,2.2132585231488506,0.3339,0.7918683373350849,0.08460356770937087,,,0.9670324057998958,,0.9670498468952362,0.03295015310476379,0,0.3912169117772947,5,0.1,0.5,1.0,0.560221573637468,0.5575413356773036,0.5623859877512966,0.5700502212036905,0.5872485982819078,0.5593001722418246,0.55420476954158,0.5781514302187962,0.47663423451750375,0.5802581268795434,0.5579053760743351
0,1,0.30355453891227546,0.9047763918466687,6574,2.210599224908011,0.3458029197080292,1096,2.213258209319922,0.3339,0.792320181147244,0.084651842904569,,,0.9684362539372571,,0.9684453591687164,0.031554640831283565,0,0.39121697090065316,5,0.1,0.5,0.560221573637468,1.0,0.5760368595753133,0.5872949074300035,0.597784875014372,0.5930055498059366,0.5852028149427481,0.593502492951205,0.5649107700039726,0.48338770782233426,0.5907895522334097,0.5693350698013089
0,2,0.32671198138956864,0.8973197302438181,5783,2.211933528223345,0.31742738589211617,964,2.213261205167435,0.334,0.7882061382078634,0.0842122967149177,,,0.9556542010197335,,0.9556749159178756,0.04432508408212443,0,0.39121607742896125,5,0.1,0.5,0.5575413356773036,0.5760368595753133,1.0,0.5957107156956285,0.5822469660834193,0.5925949349553918,0.5812012511668825,0.6023866400905566,0.5931720318654821,0.4879044580691244,0.5836498642129632,0.5881055960748266
0,3,0.34485139631138867,0.8905239266124456,5287,2.211246601172856,0.3280363223609535,881,2.213256445174781,0.3338,0.795338516430265,0.08497432319762634,,,0.9778140173390684,,0.977827418302294,0.022172581697705973,0,0.3912172572268622,5,0.1,0.5,0.5623859877512966,0.5872949074300035,0.5957107156956285,1.0,0.6084846687515552,0.6172601449591637,0.5942659100282152,0.5975153966094686,0.592510069017424,0.4992064581298831,0.6063626538634064,0.5904284748707591
0,4,0.34351746747330314,0.8894022289766971,4935,2.2118566127923818,0.35279805352798055,822,2.213258214651967,0.3339,0.792383159135213,0.08465857150100116,,,0.9686319222826585,,0.9686461523015912,0.031353847698408766,0,0.3912169879896762,5,0.1,0.5,0.5700502212036905,0.597784875014372,0.5822469660834193,0.6084846687515552,1.0,0.6142430375062167,0.5864645048961109,0.5852920868738819,0.6074240498099033,0.5042674508554914,0.6043644306110234,0.5830580201667808
0,5,0.3563972613633904,0.8876365973859011,4667,2.2144977283477782,0.32904884318766064,778,2.2132568595508415,0.3338,0.8024793165653243,0.08573724948125414,,,0.9999999999709199,,1.0,0.0,0,0.39121740045696135,5,0.1,0.5,0.5872485982819078,0.5930055498059366,0.5925949349553918,0.6172601449591637,0.6142430375062167,1.0,0.6094270126879483,0.6112413030462308,0.6170743382807228,0.5041266104725236,0.6097384519838225,0.6062320151672902
0,6,0.3589108654530719,0.8882101953739052,4453,2.218003729979197,0.33557951482479786,742,2.2132611754603277,0.3339,0.7834166998600579,0.083700590977431,,,0.9407737402883043,,0.9407911249435269,0.0592088750564731,0,0.39121411414805174,5,0.1,0.5,0.5593001722418246,0.5852028149427481,0.5812012511668825,0.5942659100282152,0.5864645048961109,0.6094270126879483,1.0,0.6044029594913717,0.6050681082012455,0.4973015097215596,0.5945356366781608,0.595504093325972
0,7,0.3686444812440383,0.8834229600187047,4277,2.220293107240096,0.32959326788218796,713,2.213260984268432,0.334,0.7864402579380046,0.08402362927623665,,,0.950167730560399,,0.9501882435620702,0.04981175643792979,0,0.3912154873866107,5,0.1,0.5,0.55420476954158,0.593502492951205,0.6023866400905566,0.5975153966094686,0.5852920868738819,0.6112413030462308,0.6044029594913717,1.0,0.6062788042735767,0.4959119107238262,0.599156243509772,0.605811542122857
0,8,0.39517360317090955,0.8752240251876968,4129,2.2150945446707984,0.32994186046511625,688,2.213260265965812,0.3339,0.7899629782777386,0.0843999982945849,,,0.961112584189685,,0.9611314693037498,0.03886853069625018,0,0.3912165376399712,5,0.1,0.5,0.5781514302187962,0.5649107700039726,0.5931720318654821,0.592510069017424,0.6074240498099033,0.6170743382807228,0.6050681082012455,0.6062788042735767,1.0,0.5063645482855047,0.6132393656819508,0.6212870839749969
0,9,0.4516200829910794,0.8694826293426643,4001,2.2117819445473805,0.31784107946026985,667,2.2141776008727834,0.3303,0.6737349602204589,0.07198214480579966,,,0.6,,0.6,0.4,0,0.38955743383342567,5,0.1,0.5,0.47663423451750375,0.48338770782233426,0.4879044580691244,0.4992064581298831,0.5042674508554914,0.5041266104725236,0.4973015097215596,0.4959119107238262,0.5063645482855047,1.0,0.49347722360063,0.49796125449524103
0,10,0.4071171529530013,0.8714836718950887,3889,2.2095944313775924,0.33024691358024694,648,2.2132611183312756,0.334,0.7867002616374207,0.08405140818789544,,,0.9509755444538504,,0.9509914160935696,0.04900858390643037,0,0.3912155650747821,5,0.1,0.5,0.5802581268795434,0.5907895522334097,0.5836498642129632,0.6063626538634064,0.6043644306110234,0.6097384519838225,0.5945356366781608,0.599156243509772,0.6132393656819508,0.49347722360063,1.0,0.598155883452151
0,11,0.386675846705041,0.8796623582168294,3791,2.21209831237793,0.3528481012658228,632,2.2132579114871285,0.3338,0.7769003098329982,0.08300437694931319,,,0.920527757593325,,0.9205511771497414,0.07944882285025856,0,0.39120948929452404,5,0.1,0.5,0.5579053760743351,0.5693350698013089,0.5881055960748266,0.5904284748707591,0.5830580201667808,0.6062320151672902,0.595504093325972,0.605811542122857,0.6212870839749969,0.49796125449524103,0.598155883452151,1.0
1,0,0.25287440345343565,0.9218651083515949,8214,2.061586313469465,0.704163623082542,1369,2.0625097123197853,0.7192,0.7959247675826866,0.08349180863259545,,,0.9272129588096387,,0.9272275488178304,0.07277245118216957,0.9576946036228081,0.40776096621979374,5,0.1,0.5,1.0,0.6235074506642605,0.6078704100634953,0.6171113160666318,0.6056901449930702,0.622954021706031,0.6134709354631167,0.621468232518143,0.6141295292271269,0.622187671351831,0.6175499906246351,0.6181726296989599
1,1,0.2676670892788007,0.9180103437785214,6574,2.0584445408412386,0.7335766423357665,1096,2.062495580877359,0.7193,0.8153304412080228,0.08419780893607096,,,0.95704678779419,,0.9570603885347121,0.04293961146528791,0.9576953713786993,0.4077651930609263,5,0.1,0.5,0.6235074506642605,1.0,0.633895064068537,0.6350584428218832,0.6353525058057706,0.6316689539696013,0.6371929419571567,0.6484278487318225,0.6346303455601935,0.6271124522070375,0.6328814296635614,0.6327331657057943
1,2,0.2854036562288828,0.9127788345149577,5783,2.060151534695779,0.7219917012448133,964,2.0625059928376075,0.7193,0.8112758371407457,0.08376683570791667,,,0.9388349236882121,,0.9388484513829627,0.06115154861703731,0.9576904665363698,0.4077631619157576,5,0.1,0.5,0.6078704100634953,0.633895064068537,1.0,0.6380889651370479,0.6307220954483649,0.633644941492371,0.6307785840863316,0.6436074773208034,0.6293741719189099,0.6322807878175641,0.6278723346730885,0.6276347088962763
1,3,0.3045251897665257,0.9062984679402307,5287,2.0605447377477373,0.7060158910329172,881,2.062490885630964,0.7193,0.816353455322462,0.08444619869373306,,,0.9675431254234022,,0.9675568495557452,0.03244315044425483,0.9576974017346048,0.4077657540085809,5,0.1,0.5,0.6171113160666318,0.6350584428218832,0.6380889651370479,1.0,0.642400478000356,0.6441831834357846,0.6318961081950029,0.644728434702241,0.630766081274858,0.636092500917641,0.6329420733799885,0.6286827062936317
1,4,0.292235948721007,0.9110030395136778,4935,2.062989198244535,0.7408759124087592,822,2.0624954898517354,0.7193,0.815211933618642,0.08419813325181894,,,0.9570604925766306,,0.9570804678479996,0.042919532152000395,0.9576954062628795,0.40776519396098204,5,0.1,0.5,0.6056901449930702,0.6353525058057706,0.6307220954483649,0.642400478000356,1.0,0.6415969834064618,0.6294453620534376,0.6455580896863687,0.6420407098424252,0.632038603217658,0.6323027104141294,0.6346444054930263
1,5,0.3102129181464241,0.9072637668737947,4667,2.06466552734375,0.7326478149100257,778,2.0624889390537153,0.7193,0.8239675855151147,0.08521427185266202,,,0.9999999999577425,,1.0,0.0,0.9576979131735216,0.4077662059273959,5,0.1,0.5,0.622954021706031,0.6316689539696013,0.633644941492371,0.6441831834357846,0.6415969834064618,1.0,0.6393139844507529,0.6565765053732183,0.648613187863034,0.6429349542679179,0.6416829724359276,0.6506462688438812
1,6,0.3243322701512703,0.9019537390523242,4453,2.068016101916631,0.7075471698113207,742,2.0625118702745286,0.7193,0.8150908276594703,0.08356161702504254,,,0.930162889045788,,0.9301842276994127,0.06981577230058733,0.9576968985822321,0.4077616042007824,5,0.1,0.5,0.6134709354631167,0.6371929419571567,0.6307785840863316,0.6318961081950029,0.6294453620534376,0.6393139844507529,1.0,0.6484314891000372,0.6363441671532746,0.637017536040096,0.6391210173573939,0.6326396214965108
1,7,0.3199378783647805,0.9024082300678046,4277,2.0705849295077114,0.697054698457223,713,2.0624997147355977,0.7193,0.8282641805773754,0.0842324675038043,,,0.9585113732589776,,0.9585261784046986,0.04147382159530144,0.9576969287594149,0.40776528961849673,5,0.1,0.5,0.621468232518143,0.6484278487318225,0.6436074773208034,0.644728434702241,0.6455580896863687,0.6565765053732183,0.6484314891000372,1.0,0.6484446266060883,0.6514075835714841,0.6513206914568724,0.643538733521511
1,8,0.3437604018759269,0.8924194720271252,4129,2.060082370584661,0.7456395348837209,688,2.062500246035786,0.7193,0.8179737600672317,0.08412340710562226,,,0.9539027502140119,,0.9539129561768988,0.04608704382310125,0.9576934021104635,0.40776494404551017,5,0.1,0.5,0.6141295292271269,0.6346303455601935,0.6293741719189099,0.630766081274858,0.6420407098424252,0.648613187863034,0.6363441671532746,0.6484446266060883,1.0,0.6346913263913332,0.6392217197439148,0.6418748864801096
1,9,0.34872811080311383,0.8972256935766059,4001,2.0613417398361933,0.7256371814092953,667,2.0650678198939314,0.7135,0.8128332600330135,0.07574850326135571,,,0.6,,0.6,0.4,0.953418902266368,0.405932294096037,5,0.1,0.5,0.622187671351831,0.6271124522070375,0.6322807878175641,0.636092500917641,0.632038603217658,0.6429349542679179,0.637017536040096,0.6514075835714841,0.6346913263913332,1.0,0.643310053752849,0.6453208387804465
1,10,0.3544434047746854,0.892517356646953,3889,2.062206370489938,0.6975308641975309,648,2.06250400436572,0.7193,0.8172280973052857,0.08386741867681355,,,0.9430853115110724,,0.9431002459715878,0.056899754028412186,0.9576938976992453,0.4077637948247324,5,0.1,0.5,0.6175499906246351,0.6328814296635614,0.6278723346730885,0.6329420733799885,0.6323027104141294,0.6416829724359276,0.6391210173573939,0.6513206914568724,0.6392217197439148,0.643310053752849,1.0,0.6375617898869802
1,11,0.34133018213598165,0.8929042469005539,3791,2.062675046920776,0.7183544303797469,632,2.062514035465618,0.7195,0.8165141234660511,0.08315152935256473,,,0.9128335969347965,,0.9128507605039907,0.08714923949600928,0.9576805393844899,0.40775701881678633,5,0.1,0.5,0.6181726296989599,0.6327331657057943,0.6276347088962763,0.6286827062936317,0.6346444054930263,0.6506462688438812,0.6326396214965108,0.643538733521511,0.6418748864801096,0.6453208387804465,0.6375617898869802,1.0
2,0,0.23150247528438786,0.9293644996347699,8214,1.8673270330872647,0.8626734842951059,1369,1.868766676122769,0.8749,0.7943256772624248,0.08279388149200702,,,0.8740748507264455,,0.874082626374178,0.125917373625822,0.969680608872921,0.4064389235945419,5,0.1,0.5,1.0,0.6193260293158647,0.6169242936832843,0.6149410150511149,0.6161917754901474,0.626783708478361,0.6144519997013617,0.6107911673852685,0.5938332831707478,0.6071658519396055,0.610810239655482,0.6162266172380707
2,1,0.24775741019882985,0.923699421965318,6574,1.8621809141976493,0.8932481751824818,1096,1.8688088525979283,0.8748,0.8112919889098351,0.08385043462872986,,,0.9340388074022747,,0.9340545153355755,0.06594548466442451,0.9697154418046505,0.4064693696100014,5,0.1,0.5,0.6193260293158647,1.0,0.6375692450674816,0.6293878532390216,0.6371270336578706,0.6355663969559832,0.6285691406987427,0.6372823003770549,0.6100195170880156,0.6145316287780932,0.6311265336335947,0.6286014208556301
2,2,0.258579318942142,0.9220819643783503,5783,1.865552048529348,0.8651452282157677,964,1.868823850497651,0.8747,0.8120540938464206,0.08359216307294236,,,0.9193807804242113,,0.9193915968073891,0.08060840319261087,0.9697024998353494,0.4064652758857434,5,0.1,0.5,0.6169242936832843,0.6375692450674816,1.0,0.6351446708852899,0.6308746454091406,0.6312741932158684,0.6422159758151362,0.6375081311273739,0.6059281061802934,0.6168784406596031,0.6280773940234322,0.6363595175804047
2,3,0.27250843974873873,0.9161717420087006,5287,1.8661865293979645,0.8592508513053349,881,1.8687957125349928,0.8747,0.8145279918879043,0.08412710427495845,,,0.9497410055249615,,0.9497515184980674,0.05024848150193262,0.9697248048770679,0.4064720037077808,5,0.1,0.5,0.6149410150511149,0.6293878532390216,0.6351446708852899,1.0,0.6328324080037937,0.6451143232747559,0.6425398826514926,0.635079513114915,0.6126512429447805,0.625961637861538,0.6258049256135919,0.641025495544299
2,4,0.26074343198129246,0.9214589665653495,4935,1.8718743186730604,0.8832116788321168,822,1.8688063762439326,0.8748,0.8157419176143816,0.08400540656488525,,,0.9428341345302742,,0.9428492545554942,0.057150745444505824,0.9697174108596742,0.4064710063768915,5,0.1,0.5,0.6161917754901474,0.6371270336578706,0.6308746454091406,0.6328324080037937,1.0,0.6375028385596483,0.6424084107370754,0.6383701873787083,0.6239382060454881,0.6246526174126539,0.6302023626326969,0.639135514197174
2,5,0.2818053892150215,0.916991643454039,4667,1.8722233819961547,0.8637532133676092,778,1.868788956453244,0.8747,0.8253979683295855,0.08501265788324092,,,0.9999999999432456,,1.0,0.0,0.9697274808324929,0.4064740424933066,5,0.1,0.5,0.626783708478361,0.6355663969559832,0.6312741932158684,0.6451143232747559,0.6375028385596483,1.0,0.6470014012287235,0.6528988406820114,0.6262639695568195,0.6419628592285727,0.6444834618808678,0.6553201328593595
2,6,0.28795911771112254,0.9160565910622053,4453,1.8758195688327153,0.8557951482479784,742,1.8688296913719786,0.8747,0.8206571704875246,0.08375575396384712,,,0.9286652704832725,,0.9286782792028513,0.07132172079714871,0.9697147390288827,0.40646805332198055,5,0.1,0.5,0.6144519997013617,0.6285691406987427,0.6422159758151362,0.6425398826514926,0.6424084107370754,0.6470014012287235,1.0,0.6489357524098007,0.6314497114641133,0.6244103269307119,0.6384727354389632,0.642899164363706
2,7,0.27995810083794725,0.9127425765723638,4277,1.8790135798246965,0.8863955119214586,713,1.8688040130054608,0.8747,0.8228008530965122,0.08427358624140749,,,0.9580544901805321,,0.9580693740274082,0.041930625972591784,0.9697252604514519,0.40647290668387104,5,0.1,0.5,0.6107911673852685,0.6372823003770549,0.6375081311273739,0.635079513114915,0.6383701873787083,0.6528988406820114,0.6489357524098007,1.0,0.6288946820759282,0.6339874787350892,0.6495793241704546,0.648900734416508
2,8,0.30196169182479093,0.9086461612981351,4129,1.8611222451383418,0.8953488372093024,688,1.8688000813840677,0.8747,0.7985368035170156,0.08335767771668155,,,0.9060727230674825,,0.9060940715827519,0.0939059284172481,0.9697045847798882,0.4064599886513035,5,0.1,0.5,0.5938332831707478,0.6100195170880156,0.6059281061802934,0.6126512429447805,0.6239382060454881,0.6262639695568195,0.6314497114641133,0.6288946820759282,1.0,0.6112804290548057,0.6143548491564506,0.6270839281538018
2,9,0.33799446231818625,0.9024743814046489,4001,1.868562936782837,0.896551724137931,667,1.8739514819349343,0.8716,0.8025903815235729,0.0779647364641474,,,0.6,,0.6,0.4,0.9655756038990031,0.4044216171935702,5,0.1,0.5,0.6071658519396055,0.6145316287780932,0.6168784406596031,0.625961637861538,0.6246526174126539,0.6419628592285727,0.6244103269307119,0.6339874787350892,0.6112804290548057,1.0,0.6262606962474903,0.6364558658350102
2,10,0.3138568808889536,0.9054255592697351,3889,1.8726325943356468,0.8780864197530864,648,1.8688187835315546,0.8748,0.8145623734016074,0.08374585746470119,,,0.9281036013864683,,0.9281210782591235,0.07187892174087651,0.9697146927608032,0.40646791572955016,5,0.1,0.5,0.610810239655482,0.6311265336335947,0.6280773940234322,0.6258049256135919,0.6302023626326969,0.6444834618808678,0.6384727354389632,0.6495793241704546,0.6143548491564506,0.6262606962474903,1.0,0.6441855560728807
2,11,0.30507536259550255,0.9066209443418624,3791,1.8709084212779998,0.8686708860759493,632,1.868836245978602,0.8749,0.8216912094986961,0.08352074023245135,,,0.9153272255541252,,0.9153506350082827,0.08464936499171727,0.9697109302677338,0.40646381925979086,5,0.1,0.5,0.6162266172380707,0.6286014208556301,0.6363595175804047,0.641025495544299,0.639135514197174,0.6553201328593595,0.642899164363706,0.648900734416508,0.6270839281538018,0.6364558658350102,0.6441855560728807,1.0
3,0,0.21614824749587344,0.9345264183102021,8214,1.6404082497885062,0.9101533966398831,1369,1.6420017214247975,0.9171,0.7943541516969479,0.08261382775356522,,,0.8243006479358408,,0.824316048391145,0.17568395160885497,0.9711130115612621,0.4022693236276334,5,0.1,0.5,1.0,0.612512509783262,0.609391404673023,0.6116056670999429,0.6071266211865799,0.6188956793855354,0.5979607519082254,0.6087880442366862,0.5846631317943748,0.6078554603284168,0.6087335948248257,0.606122862650845
3,1,0.22412700008609993,0.9316702160024338,6574,1.6322262729917254,0.9279197080291971,1096,1.6420148374935308,0.9169,0.8037832072873585,0.08364338061006171,,,0.9030550992754851,,0.9030771547613071,0.09692284523869288,0.9713411949756415,0.40237120474847093,5,0.1,0.5,0.612512509783262,1.0,0.6227573928721063,0.613916945417423,0.6188468011917361,0.6260738657960402,0.6105991837040089,0.622186550193867,0.5924558006273035,0.60175020971103,0.621225580048933,0.6164791146777414
3,2,0.2308401293239623,0.929621303821546,5783,1.638860410259616,0.91701244813278,964,1.6420282053109556,0.917,0.806293446763531,0.0835597379755759,,,0.8966569529870585,,0.8966718538225993,0.10332814617740071,0.9713214774633412,0.40236694050492905,5,0.1,0.5,0.609391404673023,0.6227573928721063,1.0,0.6254566228853677,0.6178048877530118,0.6242064671555436,0.6173253537469746,0.6209509687378545,0.5959646005699472,0.6176524797350466,0.6168061687842985,0.6168393300278678
3,3,0.25387686357864303,0.9251371288065066,5287,1.6377729518072945,0.9091940976163451,881,1.6420185063212824,0.9169,0.8060874582418125,0.08390722745601512,,,0.9232377576593064,,0.9232518447869082,0.07674815521309175,0.97136352192824,0.4023808791267083,5,0.1,0.5,0.6116056670999429,0.613916945417423,0.6254566228853677,1.0,0.6171757345097305,0.630007673790631,0.6025191667646359,0.630673073767178,0.5930606229762043,0.6222676311793043,0.6217104628131885,0.6125746563611864
3,4,0.2420447497232066,0.9287943262411348,4935,1.646786134976607,0.9233576642335767,822,1.6420306675731184,0.9169,0.8068402411393446,0.08385280825335438,,,0.9190750238852763,,0.9190904071080769,0.08090959289192312,0.9713517432029593,0.40237926320540696,5,0.1,0.5,0.6071266211865799,0.6188468011917361,0.6178048877530118,0.6171757345097305,1.0,0.6257372714658302,0.6117470622851019,0.6308188457072971,0.6050944585217862,0.6129231710975708,0.6180527524068751,0.6228608814778567
3,5,0.25165544393638223,0.9249625026783801,4667,1.648738889694214,0.9061696658097687,778,1.6420252962996023,0.9169,0.818019169023302,0.08491073626662629,,,0.9999999999235061,,1.0,0.0,0.9713876227635696,0.4023896487136258,5,0.1,0.5,0.6188956793855354,0.6260738657960402,0.6242064671555436,0.630007673790631,0.6257372714658302,1.0,0.6152818388035255,0.6425130799237927,0.6134781834790954,0.629420269348661,0.6310039685772394,0.6357120044234642
3,6,0.26216423815581946,0.9233325847743095,4453,1.6505444298187892,0.9043126684636119,742,1.6420220578440463,0.917,0.7990053930560932,0.08341387924379819,,,0.885499658515223,,0.8855127754630792,0.11448722453692084,0.971312263884034,0.4023581294032074,5,0.1,0.5,0.5979607519082254,0.6105991837040089,0.6173253537469746,0.6025191667646359,0.6117470622851019,0.6152818388035255,1.0,0.6281561919703461,0.5955888160166684,0.6105357936579547,0.614775207134201,0.6094673902859672
3,7,0.2523691809346983,0.9239186345569325,4277,1.6552406082982603,0.9186535764375876,713,1.6420368691221974,0.9169,0.8173139899568687,0.08439610787831249,,,0.9606340983967232,,0.9606545856131721,0.039345414386827926,0.9713803400080372,0.4023885828240294,5,0.1,0.5,0.6087880442366862,0.622186550193867,0.6209509687378545,0.630673073767178,0.6308188457072971,0.6425130799237927,0.6281561919703461,1.0,0.6106845838665282,0.6288333565981984,0.6353893626798566,0.6295080682861488
3,8,0.2972264331881888,0.9132961976265439,4129,1.6279221231287175,0.9273255813953488,688,1.6420258264572094,0.9171,0.7854491261470837,0.08267688819234321,,,0.8291243830416787,,0.8291350835801415,0.17086491641985846,0.9711637353250375,0.40227962054845445,5,0.1,0.5,0.5846631317943748,0.5924558006273035,0.5959646005699472,0.5930606229762043,0.6050944585217862,0.6134781834790954,0.5955888160166684,0.6106845838665282,1.0,0.5933859948419578,0.5980070316531785,0.6020526535136189
3,9,0.2855302134557398,0.9155711072231942,4001,1.64299890540895,0.9325337331334332,667,1.6503568240247977,0.9167,0.8020787675960889,0.07968155702006181,,,0.6,,0.6,0.4,0.9675587657849595,0.4002647540308194,5,0.1,0.5,0.6078554603284168,0.60175020971103,0.6176524797350466,0.6222676311793043,0.6129231710975708,0.629420269348661,0.6105357936579547,0.6288333565981984,0.5933859948419578,1.0,0.6231492541053286,0.6224862213517115
3,10,0.2801335211079873,0.9175623553612754,3889,1.6503375484829856,0.9197530864197531,648,1.642027010932898,0.9169,0.8095433888922836,0.0837750502831831,,,0.9131270181665975,,0.9131469303749812,0.08685306962501882,0.9713464386935798,0.4023765968340836,5,0.1,0.5,0.6087335948248257,0.621225580048933,0.6168061687842985,0.6217104628131885,0.6180527524068751,0.6310039685772394,0.614775207134201,0.6353893626798566,0.5980070316531785,0.6231492541053286,1.0,0.6270638734864546
3,11,0.2736032801656788,0.9191769981535215,3791,1.645411068201065,0.9113924050632911,632,1.6420434458187212,0.917,0.8079101415194327,0.08356879906710268,,,0.8973500706713297,,0.8973645901310175,0.10263540986898245,0.971324295914633,0.4023673555114001,5,0.1,0.5,0.606122862650845,0.6164791146777414,0.6168393300278678,0.6125746563611864,0.6228608814778567,0.6357120044234642,0.6094673902859672,0.6295080682861488,0.6020526535136189,0.6224862213517115,0.6270638734864546,1.0
4,0,0.20100421167670926,0.9389335281227174,8214,1.402366505112759,0.9313367421475529,1369,1.4047233509941224,0.9341,0.7893210401175856,0.08307172573382977,,,0.9109857020357383,,0.9110034636815421,0.08899653631845794,0.9687333355536475,0.3918521550798918,5,0.1,0.5,1.0,0.6102040322054574,0.6001074429817774,0.586545516129126,0.597242299131198,0.6060966844413763,0.5877112224863514,0.5950480659299721,0.5951442690916063,0.45224240687426503,0.5972649004539583,0.5928072776377599
4,1,0.20878207350954486,0.935320961362945,6574,1.3914050068174089,0.9443430656934306,1096,1.4047313086902753,0.9342,0.7984016835783659,0.08408036033057872,,,0.9516528939237778,,0.9516741127453441,0.04832588725465592,0.9690002724535988,0.39186451991038446,5,0.1,0.5,0.6102040322054574,1.0,0.6091156921854256,0.6059886223245854,0.6108897749853484,0.6066870639304374,0.5976580289291709,0.6162417366249116,0.5977116564454357,0.4423675538714902,0.6111227324547961,0.5919948681526012
4,2,0.21613880069566202,0.9353276845927719,5783,1.4024393866139073,0.9346473029045643,964,1.4047470732618825,0.9341,0.796300192450213,0.08395039211260966,,,0.9464126984391783,,0.9464283921489886,0.05357160785101145,0.9689856552348942,0.3918636699378824,5,0.1,0.5,0.6001074429817774,0.6091156921854256,1.0,0.6082252541589126,0.6061526582884306,0.6036138459066545,0.6034780693420578,0.6124427288727817,0.6002125837623511,0.44405803834240504,0.5984319908362166,0.5949523532829255
4,3,0.23313687071204187,0.9291469642519388,5287,1.3995767022882188,0.9307604994324631,881,1.4047375727004516,0.9342,0.7938998380812331,0.08409836383267363,,,0.952378778081143,,0.9523919481953718,0.04760805180462824,0.9690316387678651,0.39186460719218263,5,0.1,0.5,0.586545516129126,0.6059886223245854,0.6082252541589126,1.0,0.6057356149366322,0.6155549115006472,0.598434671533859,0.6072825974079643,0.5988007636289939,0.44368526378800216,0.5980008884797857,0.5880641343094568
4,4,0.2166414273950842,0.9336575481256333,4935,1.4115905394920936,0.9379562043795621,822,1.4047464516977914,0.9342,0.8006841968171294,0.0843008642272499,,,0.9605434022474966,,0.9605642287033783,0.03943577129662168,0.9690253667124523,0.3918655638279668,5,0.1,0.5,0.597242299131198,0.6108897749853484,0.6061526582884306,0.6057356149366322,1.0,0.6185803759207777,0.5975768758525164,0.6130308307408953,0.6120450852287372,0.45158218912732045,0.6068712231828834,0.600991165848309
4,5,0.23022408888560453,0.9306192414827512,4667,1.4145862674713134,0.9254498714652957,778,1.4047381915985204,0.9342,0.8083730835431399,0.08527947346174242,,,0.9999999999596809,,1.0,0.0,0.9690515541445954,0.3918667218666055,5,0.1,0.5,0.6060966844413763,0.6066870639304374,0.6036138459066545,0.6155549115006472,0.6185803759207777,1.0,0.6038991550164207,0.6208604303346537,0.6214996348566157,0.45682898670207345,0.6200817532001772,0.6145868786726452
4,6,0.23458717443913754,0.9303840107792499,4453,1.4152439733346303,0.9231805929919138,742,1.4047470785939276,0.9341,0.7924412313740362,0.08371690659294588,,,0.936998783368398,,0.9370111942171577,0.06298880578284227,0.9689596856406217,0.3918617380561705,5,0.1,0.5,0.5877112224863514,0.5976580289291709,0.6034780693420578,0.598434671533859,0.5975768758525164,0.6038991550164207,1.0,0.6039046304312095,0.6080219764331907,0.4428607238849386,0.608444095507524,0.5933230387421696
4,7,0.2325104578356467,0.9299041384147767,4277,1.419842445332071,0.9312762973352033,713,1.404747684161884,0.9342,0.803512610202745,0.0847639810606056,,,0.9792158344537313,,0.9792279504040962,0.02077204959590384,0.9690463875501948,0.39186658821826226,5,0.1,0.5,0.5950480659299721,0.6162417366249116,0.6124427288727817,0.6072825974079643,0.6130308307408953,0.6208604303346537,0.6039046304312095,1.0,0.6125935777299457,0.44527602398825983,0.6156068870974498,0.602051153525384
4,8,0.2520400381215418,0.923661903608622,4129,1.384111220186407,0.9462209302325582,688,1.404754355692635,0.9342,0.797554858996265,0.08340387290858764,,,0.9243775616194625,,0.924391345815973,0.07560865418402696,0.9687764812798717,0.3918579624383546,5,0.1,0.5,0.5951442690916063,0.5977116564454357,0.6002125837623511,0.5988007636289939,0.6120450852287372,0.6214996348566157,0.6080219764331907,0.6125935777299457,1.0,0.44301472178837836,0.6050194139897658,0.6023436409837527
4,9,0.3502966250295772,0.9109222694326419,4001,1.4069177763802665,0.9415292353823088,667,1.4159549562314067,0.9327,0.6260050844925571,0.07535860555992964,,,0.6,,0.6,0.4,0.9647170166025509,0.38957449349113543,5,0.1,0.5,0.45224240687426503,0.4423675538714902,0.44405803834240504,0.44368526378800216,0.45158218912732045,0.45682898670207345,0.4428607238849386,0.44527602398825983,0.44301472178837836,1.0,0.4432343584183817,0.4464312461441112
4,10,0.2581438999668863,0.9235278992028799,3889,1.417222846122015,0.9305555555555556,648,1.4047422995582557,0.9342,0.7993793649903065,0.08420288775047237,,,0.9565930834754965,,0.9566086039857437,0.043391396014256345,0.9690164439032545,0.39186516109079694,5,0.1,0.5,0.5972649004539583,0.6111227324547961,0.5984319908362166,0.5980008884797857,0.6068712231828834,0.6200817532001772,0.608444095507524,0.6156068870974498,0.6050194139897658,0.4432343584183817,1.0,0.6042863027415701
4,11,0.24269608747871482,0.9290424690055394,3791,1.410178118944168,0.9287974683544303,632,1.4047730780257204,0.9341,0.7910783243902818,0.08377256642877469,,,0.9392429352459986,,0.9392550574770343,0.060744942522965695,0.9689827762832726,0.39186228410399854,5,0.1,0.5,0.5928072776377599,0.5919948681526012,0.5949523532829255,0.5880641343094568,0.600991165848309,0.6145868786726452,0.5933230387421696,0.602051153525384,0.6023436409837527,0.4464312461441112,0.6042863027415701,1.0
5,0,0.18661364701971528,0.9423423423423424,8214,1.1577138845310655,0.9422936449963477,1369,1.160857014000987,0.9434,0.7760790629031322,0.08325936595893986,,,0.9303512101481919,,0.9303749811756438,0.06962501882435623,0.9664855302701447,0.38723366164894785,5,0.1,0.5,1.0,0.5885414252281712,0.5761959053342214,0.569452779133768,0.570761180972786,0.5924471861985972,0.5750829568466964,0.5711818325766397,0.5732185879737822,0.43683005856128326,0.5698905876844216,0.5768938505722181
5,1,0.19486036869805776,0.9400365074536051,6574,1.1445063863481795,0.9534671532846716,1096,1.1608461198715356,0.9435,0.7912528375759855,0.08447364361009779,,,0.9689295738811023,,0.9689423221725817,0.031057677827418306,0.9665280259414132,0.3872404790412636,5,0.1,0.5,0.5885414252281712,1.0,0.5961681188939985,0.585908770211156,0.592156704630199,0.5932546196520685,0.5923357019046498,0.5862904970370034,0.5778716381420292,0.45506940121855094,0.586118751229007,0.5834549425959212
5,2,0.20204085066698452,0.9385785924260764,5783,1.1590058169057291,0.9387966804979253,964,1.1608670744271323,0.9435,0.7882065981526889,0.08427859597296111,,,0.9627327879289537,,0.9627478540233924,0.03725214597660764,0.9665240276026884,0.38724006044167103,5,0.1,0.5,0.5761959053342214,0.5961681188939985,1.0,0.593349185643923,0.5822365020394065,0.5837573788453502,0.5967190424559796,0.5900893696027689,0.581412883784038,0.44626156695530467,0.5763565857509118,0.5863281187158872
5,3,0.21743766417928848,0.9320975978815964,5287,1.155387065240315,0.9432463110102156,881,1.1608648734351696,0.9435,0.7797989524268529,0.08408069996133528,,,0.9564455073300615,,0.9564580091360876,0.043541990863912416,0.9665296063957901,0.38723941052742405,5,0.1,0.5,0.569452779133768,0.585908770211156,0.593349185643923,1.0,0.5741209142688048,0.588702322196367,0.5813685790609563,0.5759722271018939,0.5768805808183523,0.4491487089129791,0.5626161784296885,0.5733479774076166
5,4,0.20028253357196527,0.9415602836879433,4935,1.168596203510578,0.9416058394160584,822,1.16086787689989,0.9435,0.784623767534436,0.0843873765016281,,,0.9661888136558305,,0.9662065157371618,0.033793484262838236,0.9665295275498319,0.38724031705175993,5,0.1,0.5,0.570761180972786,0.592156704630199,0.5822365020394065,0.5741209142688048,1.0,0.5901904077445222,0.5883576626932434,0.5911417046350012,0.5880719349922839,0.43760493122455224,0.576517691069753,0.5819131596248173
5,5,0.21367118991145942,0.93751874866081,4667,1.1741334867477418,0.9408740359897172,778,1.1608739310560134,0.9435,0.7961248545621361,0.08545160432068562,,,0.9999999999682294,,1.0,0.0,0.9665327702061771,0.3872410469021975,5,0.1,0.5,0.5924471861985972,0.5932546196520685,0.5837573788453502,0.588702322196367,0.5901904077445222,1.0,0.5946962407245753,0.6000597749295565,0.5957168052287629,0.44560720255033837,0.5919171935792529,0.5990389597491332
5,6,0.21050936410137053,0.9367168201212666,4453,1.1736456503470738,0.931266846361186,742,1.1608681419786935,0.9435,0.7913252009734113,0.08423200133032381,,,0.9612524468636687,,0.9612720244967622,0.03872797550323781,0.9665145097946216,0.38723993144580227,5,0.1,0.5,0.5750829568466964,0.5923357019046498,0.5967190424559796,0.5813685790609563,0.5883576626932434,0.5946962407245753,1.0,0.5954719165115433,0.5913974086134015,0.44333078209456367,0.5886242043831446,0.590884683055261
5,7,0.21275589696840563,0.9360299275192893,4277,1.1765524045280789,0.938288920056101,713,1.160879076479342,0.9435,0.7909155853165747,0.08492103598554232,,,0.9831435106811176,,0.9831534561517996,0.01684654384820039,0.9665320989466765,0.3872409636454747,5,0.1,0.5,0.5711818325766397,0.5862904970370034,0.5900893696027689,0.5759722271018939,0.5911417046350012,0.6000597749295565,0.5954719165115433,1.0,0.5914245643024987,0.4454664491692377,0.5893812500135212,0.5930677980059428
5,8,0.2347814529617944,0.9285056914507145,4129,1.13534554568204,0.9520348837209303,688,1.160877153515435,0.9435,0.7837140451726153,0.08375252601820701,,,0.9460192150124908,,0.9460368455398825,0.05396315446011746,0.9665106295447808,0.38723780179013073,5,0.1,0.5,0.5732185879737822,0.5778716381420292,0.581412883784038,0.5768805808183523,0.5880719349922839,0.5957168052287629,0.5913974086134015,0.5914245643024987,1.0,0.4375859155578182,0.5751229723840434,0.5803383442173231
5,9,0.3280050445022772,0.9172706823294177,4001,1.163667917251587,0.9565217391304348,667,1.1742396533679658,0.9433,0.6285893237836463,0.07286135907888851,,,0.6,,0.6,0.4,0.9617712867569779,0.3849069834488632,5,0.1,0.5,0.43683005856128326,0.45506940121855094,0.44626156695530467,0.4491487089129791,0.43760493122455224,0.44560720255033837,0.44333078209456367,0.4454664491692377,0.4375859155578182,1.0,0.44962760285257936,0.4484012760238553
5,10,0.2414248645290366,0.9286191823090769,3889,1.1774153368813651,0.9429012345679012,648,1.1608667788795008,0.9435,0.781418137272656,0.08420818733620607,,,0.960495861311648,,0.9605090105918378,0.0394909894081622,0.966528314603064,0.38723985074443906,5,0.1,0.5,0.5698905876844216,0.586118751229007,0.5763565857509118,0.5626161784296885,0.576517691069753,0.5919171935792529,0.5886242043831446,0.5893812500135212,0.5751229723840434,0.44962760285257936,1.0,0.578971442713068
5,11,0.23086816998308196,0.9313637562648378,3791,1.1678576171398163,0.9414556962025317,632,1.1608971433517652,0.9435,0.7863540065828621,0.08409360392518464,,,0.9568554743672562,,0.956869635058481,0.043130364941519006,0.9665181297975012,0.387239465180578,5,0.1,0.5,0.5768938505722181,0.5834549425959212,0.5863281187158872,0.5733479774076166,0.5819131596248173,0.5990389597491332,0.590884683055261,0.5930677980059428,0.5803383442173231,0.4484012760238553,0.578971442713068,1.0
6,0,0.18059509356835937,0.9453372291210129,8214,0.9176353715186896,0.9452154857560263,1369,0.9211888678919393,0.9482,0.7645258577096185,0.08303432674902961,,,0.9144808847163544,,0.9144922443652427,0.08550775563475732,0.9661731717963977,0.3858230792527402,5,0.1,0.5,1.0,0.5654246426376927,0.5561004979582381,0.5540838527819247,0.5538823567577484,0.5580072204057832,0.5449669595879886,0.5568103965146111,0.5425620462646431,0.5526572847764271,0.5465347455200602,0.5487329839717919
6,1,0.18321792094163525,0.942257377547916,6574,0.9021433370453971,0.9598540145985401,1096,0.9211561455132481,0.948,0.7764870924792345,0.08427402764592705,,,0.9701952327765689,,0.9702123387380152,0.029787661261984844,0.96620895828965,0.38583717959992353,5,0.1,0.5,0.5654246426376927,1.0,0.5712515586155192,0.566731402698823,0.5725291702974317,0.5562804203747521,0.5538488924572847,0.568791488798554,0.5578573085198293,0.5487061374398976,0.5660498333703274,0.5550844809347297
6,2,0.18693697666029,0.9441812208196437,5783,0.9193530967158656,0.9429460580912863,964,0.9211832534390897,0.9481,0.77312615185951,0.08402395207473612,,,0.9589563948846568,,0.9589679232970233,0.041032076702976705,0.9662054513015158,0.3858363122851782,5,0.1,0.5,0.5561004979582381,0.5712515586155192,1.0,0.5688372866505421,0.5646766852856008,0.5544762600078801,0.5564275093480221,0.566340650286717,0.550023793069897,0.5595214759511337,0.5546913678461881,0.5517739624499799
6,3,0.20588508122179836,0.9379232078683564,5287,0.916142708488873,0.9466515323496028,881,0.9211952625372158,0.948,0.7705457009394164,0.08379958069263248,,,0.948872748653087,,0.9488830881983836,0.05111691180161637,0.9662033601024173,0.3858349172097434,5,0.1,0.5,0.5540838527819247,0.566731402698823,0.5688372866505421,1.0,0.559322540213038,0.5664694192822316,0.5484686223120249,0.5643734893742625,0.5515147313454372,0.5551512818221456,0.5470498857712858,0.5487446153221265
6,4,0.1863679458273034,0.945531914893617,4935,0.9280725832168872,0.9525547445255474,822,0.9211778513158853,0.948,0.7749645577846255,0.084162147268708,,,0.9651671310037222,,0.9651874905878219,0.03481250941217806,0.9662095597585447,0.3858368673092924,5,0.1,0.5,0.5538823567577484,0.5725291702974317,0.5646766852856008,0.559322540213038,1.0,0.5576771197564595,0.5537604598646299,0.5709220178354573,0.5709049480574246,0.553076626799811,0.552969727891668,0.5598108045838596
6,5,0.20196553091391004,0.9381615598885794,4667,0.9369071149826049,0.9447300771208226,778,0.9211911044943447,0.948,0.7766467171324775,0.08493721402231719,,,0.9999999999550582,,1.0,0.0,0.9662139833847576,0.38583769121141187,5,0.1,0.5,0.5580072204057832,0.5562804203747521,0.5544762600078801,0.5664694192822316,0.5576771197564595,1.0,0.560815604033013,0.5642686413556462,0.5636377172765124,0.5675754044151116,0.5630954592684813,0.569152673213245
6,6,0.1999736313761345,0.9435436784190433,4453,0.9371354555090269,0.9393530997304582,742,0.9211917451014534,0.9481,0.7665427305421733,0.08375965533266937,,,0.9470784324539288,,0.9470960293157974,0.052903970684202606,0.9662040276966333,0.3858346226161116,5,0.1,0.5,0.5449669595879886,0.5538488924572847,0.5564275093480221,0.5484686223120249,0.5537604598646299,0.560815604033013,1.0,0.5680943753690109,0.5509267670051977,0.5485382544317783,0.5522256727040382,0.5543052910613552
6,7,0.19529601897377133,0.9414542903904606,4277,0.9363474327584972,0.9438990182328191,713,0.9211930676390188,0.948,0.7817004227045415,0.08475931950598445,,,0.9920051061659432,,0.9920234927965463,0.007976507203453664,0.9662136380563987,0.38583768196463464,5,0.1,0.5,0.5568103965146111,0.568791488798554,0.566340650286717,0.5643734893742625,0.5709220178354573,0.5642686413556462,0.5680943753690109,1.0,0.5697494863810213,0.5658699238402007,0.5736681994005032,0.5613206391097504
6,8,0.21476660968019412,0.9351901186728021,4129,0.893144203857942,0.9578488372093024,688,0.921207784273373,0.9481,0.7696789481649331,0.08354825907002025,,,0.937577911009331,,0.9375985141308167,0.06240148586918326,0.9662001792527403,0.3858324734232402,5,0.1,0.5,0.5425620462646431,0.5578573085198293,0.550023793069897,0.5515147313454372,0.5709049480574246,0.5636377172765124,0.5509267670051977,0.5697494863810213,1.0,0.5589883420472509,0.5531685380574334,0.5556296912927781
6,9,0.2284822041555474,0.9348162959260184,4001,0.9250982063157218,0.95952023988006,667,0.9366864950512164,0.9485,0.764346200780789,0.07603680728746087,,,0.6,,0.6,0.4,0.9612432213528844,0.3834300463212928,5,0.1,0.5,0.5526572847764271,0.5487061374398976,0.5595214759511337,0.5551512818221456,0.553076626799811,0.5675754044151116,0.5485382544317783,0.5658699238402007,0.5589883420472509,1.0,0.5647082053234173,0.5584978274242551
6,10,0.22040143792563285,0.9345847261506814,3889,0.940468260220119,0.9444444444444444,648,0.9211880252384149,0.948,0.7707355903762796,0.08389201723624691,,,0.9530270101990022,,0.953044525877215,0.046955474122785,0.9662022105269408,0.3858355999456433,5,0.1,0.5,0.5465347455200602,0.5660498333703274,0.5546913678461881,0.5470498857712858,0.552969727891668,0.5630954592684813,0.5522256727040382,0.5736681994005032,0.5531685380574334,0.5647082053234173,1.0,0.5588628710517429
