round,client_id,client_i_training_loss,client_i_training_accuracy,client_i_training_dataset_size,client_i_evaluation_loss,client_i_evaluation_accuracy,client_i_evaluation_dataset_size,client_i_central_evaluation_loss,client_i_central_evaluation_accuracy,client_i_cosine_similarity,client_i_importance_coefficient,client_i_tanh_val,tanh_normalization_value,client_i_q,client_i_mask_order,client_i_v_nonzero_fraction,client_i_v_sparsity,client_i_v_cosine_similarity,client_i_reward_gradient_norm,local_epochs,learning_rate,gamma,client_0_cosine_similarity,client_1_cosine_similarity,client_2_cosine_similarity,client_3_cosine_similarity,client_4_cosine_similarity,client_5_cosine_similarity,client_6_cosine_similarity,client_7_cosine_similarity,client_8_cosine_similarity,client_9_cosine_similarity,client_10_cosine_similarity,client_11_cosine_similarity
0,0,0.2790845387789207,0.9119065010956903,8214,2.2061748171961586,0.3177501826150475,1369,2.204755290247762,0.3172,0.7892236829480671,0.0848655827991458,,,0.9357308159076094,,0.9357512173083681,0.06424878269163192,0,0.38913558218032834,5,0.1,0.5,1.0,0.5646138642003922,0.5575288249070233,0.5582936587805197,0.5649737845099623,0.5667218500187503,0.5584854512630655,0.575066720243855,0.5275493539745516,0.4711582000584014,0.5629582080142337,0.559372260836753
0,1,0.30425495345832654,0.9039549741405537,6574,2.2063473973955428,0.29927007299270075,1096,2.2047578351566206,0.3173,0.8008055809249841,0.08611098957414243,,,0.959999999980513,,0.9600020079313287,0.03999799206867127,0,0.38914077443429546,5,0.1,0.5,0.5646138642003922,1.0,0.5930913086931932,0.5799991503915233,0.5997954929381403,0.5923521839700854,0.5857523820906829,0.6098755249803121,0.5520269068266067,0.48399872891823564,0.5893574792516699,0.5903907907668133
0,2,0.32335876575491046,0.8994639460487636,5783,2.208779773404521,0.2966804979253112,964,2.2047567436108575,0.3173,0.7907731958125837,0.08503220262460615,,,0.9389777287199339,,0.9389890065759751,0.06101099342402494,0,0.3891364900746253,5,0.1,0.5,0.5575288249070233,0.5930913086931932,1.0,0.5881455661122722,0.5926861406615624,0.588297476353819,0.5843169053006437,0.5940166698087741,0.5568551066076162,0.49427114264483873,0.5822385735191502,0.5807326601576775
0,3,0.34467693100043806,0.8913939852468319,5287,2.2014049887657166,0.337116912599319,881,2.2047554486856673,0.3172,0.7858414270778441,0.0845018872818875,,,0.9286434982279257,,0.9286581998895638,0.07134180011043623,0,0.38913316874318366,5,0.1,0.5,0.5582936587805197,0.5799991503915233,0.5881455661122722,1.0,0.5940510119403525,0.597137633190227,0.5861070624459681,0.589065506841305,0.5449991008301275,0.49956319545945993,0.5891957753081483,0.5859294915001002
0,4,0.33001171328367723,0.897629179331307,4935,2.2084114734943094,0.29683698296836986,822,2.204754263448258,0.3173,0.7949448661245179,0.08548078423704045,,,0.9477192178000117,,0.947733547512675,0.05226645248732498,0,0.38913867111326816,5,0.1,0.5,0.5649737845099623,0.5997954929381403,0.5926861406615624,0.5940510119403525,1.0,0.6044685195315365,0.5960692467458939,0.6066766592304266,0.5683264608520836,0.5044684366249139,0.5987401786923251,0.5990574654585681
0,5,0.35469663637396814,0.8919220055710306,4667,2.2013690662384033,0.3226221079691517,778,2.204755290247762,0.3172,0.7892222656670113,0.08486543039826708,,,0.9357278460787529,,0.9357512173083681,0.06424878269163192,0,0.38913558218032834,5,0.1,0.5,0.5667218500187503,0.5923521839700854,0.588297476353819,0.597137633190227,0.6044685195315365,1.0,0.5935892712985286,0.6075133282625783,0.5472953612021884,0.5054082821556846,0.5973355064331805,0.5933630983922306
0,6,0.3686174713341253,0.8872670110038177,4453,2.2089562912782035,0.3045822102425876,742,2.204756193648512,0.3172,0.7802294421393158,0.08389842798035058,,,0.9168839148022253,,0.9169017619597409,0.08309823804025906,0,0.38912794628391,5,0.1,0.5,0.5584854512630655,0.5857523820906829,0.5843169053006437,0.5861070624459681,0.5960692467458939,0.5935892712985286,1.0,0.5944288085704723,0.5574925138702751,0.4947600395105313,0.5890282872672715,0.5906280302201117
0,7,0.35901650793628015,0.8852466682253917,4277,2.2096031230428945,0.29453015427769985,713,2.204756484625819,0.3173,0.792616044019522,0.08523036493330421,,,0.9428393084404377,,0.9428542743838161,0.05714572561618392,0,0.3891375324415441,5,0.1,0.5,0.575066720243855,0.6098755249803121,0.5940166698087741,0.589065506841305,0.6066766592304266,0.6075133282625783,0.5944288085704723,1.0,0.5729570515168825,0.5053268624242513,0.60032652664724,0.5948166438074564
0,8,0.43364248799589966,0.869266166141923,4129,2.198915871706876,0.35319767441860467,688,2.2048341032034293,0.316,0.7416772780900523,0.07975289618638855,,,0.8361001289680661,,0.8361226846041865,0.16387731539581352,0,0.3890258602922896,5,0.1,0.5,0.5275493539745516,0.5520269068266067,0.5568551066076162,0.5449991008301275,0.5683264608520836,0.5472953612021884,0.5574925138702751,0.5729570515168825,1.0,0.4672093369733411,0.5577680761271782,0.5567761240454027
0,9,0.4421663145315376,0.8671832041989502,4001,2.1989848954336986,0.3268365817091454,667,2.205251805698529,0.3131,0.6767266887493366,0.0727687296735971,,,0.7,,0.7,0.30000000000000004,0,0.38824268302179565,5,0.1,0.5,0.4711582000584014,0.48399872891823564,0.49427114264483873,0.49956319545945993,0.5044684366249139,0.5054082821556846,0.4947600395105313,0.5053268624242513,0.4672093369733411,1.0,0.5110176905585124,0.5063381221700914
0,10,0.3973227080018794,0.8745178709179737,3889,2.211275498072306,0.3256172839506173,648,2.2047559087649704,0.3173,0.7803536100040539,0.08391177980751137,,,0.9171441012389626,,0.9171627930324783,0.08283720696752173,0,0.3891281377420335,5,0.1,0.5,0.5629582080142337,0.5893574792516699,0.5822385735191502,0.5891957753081483,0.5987401786923251,0.5973355064331805,0.5890282872672715,0.60032652664724,0.5577680761271782,0.5110176905585124,1.0,0.6040181988597144
0,11,0.3798572662309939,0.883038776048536,3791,2.195269787311554,0.34651898734177217,632,2.204760758640667,0.3173,0.7772767579665388,0.08358092450375885,,,0.9106967392770141,,0.9107173334671954,0.08928266653280459,0,0.38912457843733783,5,0.1,0.5,0.559372260836753,0.5903907907668133,0.5807326601576775,0.5859294915001002,0.5990574654585681,0.5933630983922306,0.5906280302201117,0.5948166438074564,0.5567761240454027,0.5063381221700914,0.6040181988597144,1.0
1,0,0.25419132204922024,0.9211346481616752,8214,2.0529365872227867,0.5982468955441929,1369,2.0519769858247554,0.5995,0.7929218194082205,0.08411992941371689,,,0.9232956785106072,,0.9233070628984489,0.07669293710155112,0.9567992163703568,0.4000304158963367,5,0.1,0.5,1.0,0.6136101038162726,0.6116991721366727,0.61014500159708,0.6144651042456047,0.611601430652988,0.6075043742398549,0.6119064326433818,0.5041451460048538,0.5988106444149894,0.6028518755126663,0.6126592127459419
1,1,0.27136498022806443,0.9168846972923639,6574,2.0529029301234654,0.6085766423357665,1096,2.0519706418339054,0.5996,0.8065148302982594,0.08542282790018932,,,0.9599999999718287,,0.9600020079313287,0.03999799206867127,0.9568501201014596,0.4000393593139729,5,0.1,0.5,0.6136101038162726,1.0,0.6352559742090026,0.6178054213646662,0.6326183249938793,0.62091839664871,0.6241729846051319,0.6278249237104259,0.5160080041346705,0.6021809525399532,0.617475015599849,0.6153852244014137
1,2,0.2828892870790721,0.9136780217879993,5783,2.057371574063455,0.5757261410788381,964,2.0519695156298505,0.5995,0.8100922535648106,0.08483112233588905,,,0.9433308953040721,,0.9433462175593594,0.056653782440640565,0.9568244125688534,0.4000367874251562,5,0.1,0.5,0.6116991721366727,0.6352559742090026,1.0,0.6299978463654181,0.6316161540124244,0.6257770734901615,0.6246562765921937,0.6274964240957455,0.5230142764390341,0.6162582646642213,0.6133271806996816,0.6251156204445901
1,3,0.3110201847189701,0.9044070361263477,5287,2.047356137207576,0.6038592508513053,881,2.05197733926316,0.5996,0.8085564665736759,0.08442503809778534,,,0.9318909814731422,,0.9319060288138146,0.06809397118618543,0.9567981243466793,0.40003374970758215,5,0.1,0.5,0.61014500159708,0.6178054213646662,0.6299978463654181,1.0,0.6267744735705919,0.6353518849304179,0.6279091992994633,0.629892964912775,0.5198835682417803,0.6174890116490122,0.6188426168483028,0.6182179260964437
1,4,0.2928151831799938,0.9093009118541033,4935,2.0576282143592834,0.5863746958637469,822,2.0519665948118266,0.5996,0.8176192070567018,0.08539241909989231,,,0.9591433450651419,,0.9591536569449325,0.04084634305506751,0.9568451663746551,0.40003928766258917,5,0.1,0.5,0.6144651042456047,0.6326183249938793,0.6316161540124244,0.6267744735705919,1.0,0.6378456686481324,0.6378137013196981,0.6356518168205413,0.5332735396128112,0.6229379240480796,0.6267316741692147,0.6355181161588146
1,5,0.3116872204505928,0.9027640882794086,4667,2.0494055223464964,0.5989717223650386,778,2.0519658049074607,0.5995,0.8164452899812367,0.08494248512803786,,,0.9464681279927951,,0.9464836102605291,0.053516389739470926,0.9568219324877669,0.40003742932821224,5,0.1,0.5,0.611601430652988,0.62091839664871,0.6257770734901615,0.6353518849304179,0.6378456686481324,1.0,0.6342526038954439,0.6410674952463283,0.5254060907071986,0.6259724620100166,0.6322092299927435,0.6365953822590101
1,6,0.311707190505362,0.909139905681563,4453,2.056179324785868,0.605121293800539,742,2.0519736677693863,0.5996,0.8117834791193391,0.08413691582854185,,,0.9237742076029981,,0.9237839465890266,0.07621605341097337,0.9567806365589461,0.4000306358086504,5,0.1,0.5,0.6075043742398549,0.6241729846051319,0.6246562765921937,0.6279091992994633,0.6378137013196981,0.6342526038954439,1.0,0.6341904541720569,0.5217085953765855,0.6175999474160667,0.6235029996910029,0.6322772136239071
1,7,0.30816213506232226,0.9038578442833762,4277,2.05753609408503,0.5904628330995793,713,2.051968161290446,0.5995,0.8170530036664576,0.08520622354139631,,,0.9538979773679299,,0.9539079363485768,0.046092063651423154,0.9568406491487346,0.40003863412357216,5,0.1,0.5,0.6119064326433818,0.6278249237104259,0.6274964240957455,0.629892964912775,0.6356518168205413,0.6410674952463283,0.6341904541720569,1.0,0.5322236188760899,0.625365027449735,0.635912957557268,0.6298014177982436
1,8,0.40299152039972025,0.8838459675466215,4129,2.042239720171148,0.623546511627907,688,2.052482983936517,0.5978,0.7007720382062104,0.07750009756102831,,,0.7368065246255885,,0.7368254605692486,0.2631745394307514,0.9555392653826126,0.3994708994572576,5,0.1,0.5,0.5041451460048538,0.5160080041346705,0.5230142764390341,0.5198835682417803,0.5332735396128112,0.5254060907071986,0.5217085953765855,0.5322236188760899,1.0,0.5300432240239131,0.5226700706763074,0.5212262910706575
1,9,0.3774547508289476,0.8879280179955011,4001,2.045680596714928,0.6101949025487257,667,2.053385102710785,0.5939,0.7961117237463383,0.07619357115438558,,,0.7,,0.7,0.30000000000000004,0.954429102901365,0.3991430981163381,5,0.1,0.5,0.5988106444149894,0.6021809525399532,0.6162582646642213,0.6174890116490122,0.6229379240480796,0.6259724620100166,0.6175999474160667,0.625365027449735,0.5300432240239131,1.0,0.6121895389950303,0.619769645819058
1,10,0.352011825984008,0.8927230650552841,3889,2.061317216782343,0.5817901234567902,648,2.051974991639963,0.5997,0.8062849972073546,0.08395349608170412,,,0.9186070380804549,,0.9186235630741428,0.08137643692585717,0.956772761911584,0.4000281906724655,5,0.1,0.5,0.6028518755126663,0.617475015599849,0.6133271806996816,0.6188426168483028,0.6267316741692147,0.6322092299927435,0.6235029996910029,0.635912957557268,0.5226700706763074,0.6121895389950303,1.0,0.6273449742697138
1,11,0.3315544158251596,0.8979161171194935,3791,2.0431977212429047,0.6170886075949367,632,2.051972386936029,0.5996,0.8103516787598681,0.08387587385743314,,,0.9164203204644947,,0.9164349179258069,0.08356508207419311,0.9567748870510634,0.4000269317701522,5,0.1,0.5,0.6126592127459419,0.6153852244014137,0.6251156204445901,0.6182179260964437,0.6355181161588146,0.6365953822590101,0.6322772136239071,0.6298014177982436,0.5212262910706575,0.619769645819058,0.6273449742697138,1.0
2,0,0.23360916513819174,0.9281227173119065,8214,1.8564525648604993,0.8173849525200877,1369,1.856194061973986,0.8248,0.798979858039455,0.08344224300348096,,,0.8942991896152231,,0.8943075146829979,0.10569248531700215,0.9662492054141322,0.4053904653385656,5,0.1,0.5,1.0,0.6143430918275307,0.6178708992003233,0.6131445285648969,0.6184181099406977,0.624789008753911,0.6098788166082721,0.6216883946883053,0.605738198097705,0.6189279653014073,0.6102892141101972,0.6147659220113293
2,1,0.25505733192238267,0.921600243383024,6574,1.8548756803785051,0.8375912408759124,1096,1.856196992313519,0.8245,0.8103181340341395,0.08469855717643397,,,0.9456142773241804,,0.9456352592741328,0.05436474072586717,0.9663376412597265,0.4054168405590503,5,0.1,0.5,0.6143430918275307,1.0,0.6307937961376406,0.6213779899217544,0.6329161760115718,0.6200868090813508,0.6250562857098758,0.6361635145355623,0.6188510116349158,0.6294369350359197,0.6250392327038105,0.6206729207376651
2,2,0.25723106865025025,0.9232578246584817,5783,1.862597523197051,0.8143153526970954,964,1.8561844524864952,0.8245,0.8120407650247327,0.08436719893915924,,,0.932079703429443,,0.9321018021183676,0.06789819788163243,0.9663206233278376,0.4054131807837567,5,0.1,0.5,0.6178708992003233,0.6307937961376406,1.0,0.6294320712395388,0.6249211091802096,0.6342946292714864,0.6214283322449308,0.6399620370247627,0.6170969243087037,0.631971231220577,0.6260480889734864,0.6201259310432922
2,3,0.2775392824335091,0.9156421411008133,5287,1.8503631225654058,0.8240635641316686,881,1.856174940499254,0.8247,0.8054606737273672,0.08386960363083126,,,0.9117550526055198,,0.9117765172431103,0.08822348275688974,0.9662928267086662,0.4054036576474277,5,0.1,0.5,0.6131445285648969,0.6213779899217544,0.6294320712395388,1.0,0.6236657280155526,0.6247815742243937,0.6137356866373576,0.6293464250740062,0.6161669865928138,0.6309335004311379,0.614674928455072,0.615237162764096
2,4,0.26773423873849456,0.9209726443768997,4935,1.8643029286311223,0.8211678832116789,822,1.856192308873795,0.8245,0.8127221651272564,0.08476212460314778,,,0.9482107361936876,,0.9482254906882185,0.051774509311781514,0.9663377340697205,0.4054173417934118,5,0.1,0.5,0.6184181099406977,0.6329161760115718,0.6249211091802096,0.6236657280155526,1.0,0.6276592318609266,0.6256578689118338,0.6404623683522822,0.628839785720034,0.6255381548457,0.6242126841522082,0.626096451500866
2,5,0.27899032393342826,0.916563102635526,4667,1.8550254583358765,0.8239074550128535,778,1.8561890761311444,0.8244,0.8174489202036973,0.08462909120331609,,,0.9427768879353833,,0.9427940364439537,0.057205963556046346,0.966329058473884,0.4054161959012016,5,0.1,0.5,0.624789008753911,0.6200868090813508,0.6342946292714864,0.6247815742243937,0.6276592318609266,1.0,0.6295814871106912,0.6406610395463342,0.6304418582660428,0.6417243081930067,0.6340339044053545,0.6397092886769237
2,6,0.28584190044751656,0.91417022232203,4453,1.860990305741628,0.8113207547169812,742,1.856173402966021,0.8247,0.8091223193649499,0.08380650911117744,,,0.9091779099769526,,0.9091963254856684,0.09080367451433158,0.9662806840271312,0.40540204268703617,5,0.1,0.5,0.6098788166082721,0.6250562857098758,0.6214283322449308,0.6137356866373576,0.6256578689118338,0.6295814871106912,1.0,0.6418649939519903,0.625452556808969,0.6255644421230582,0.6260526715625018,0.6248887409010543
2,7,0.27765888982216147,0.914145429039046,4277,1.8629191180934077,0.8288920056100981,713,1.8561927529569633,0.8244,0.824552061650009,0.08505075353897344,,,0.9599999999591542,,0.9600020079313287,0.03999799206867127,0.9663360719869835,0.40541909534794346,5,0.1,0.5,0.6216883946883053,0.6361635145355623,0.6399620370247627,0.6293464250740062,0.6404623683522822,0.6406610395463342,0.6418649939519903,1.0,0.6386745867640281,0.6490194085648116,0.6359376317546914,0.642160567345442
2,8,0.30961141754353705,0.9045773795107774,4129,1.8415961861610413,0.8343023255813954,688,1.8573260874793933,0.8228,0.8047224356783322,0.07926416829256809,,,0.7236426175086458,,0.7236584508809799,0.2763415491190201,0.9646006399753749,0.4047114393512443,5,0.1,0.5,0.605738198097705,0.6188510116349158,0.6170969243087037,0.6161669865928138,0.628839785720034,0.6304418582660428,0.625452556808969,0.6386745867640281,1.0,0.6302209005045182,0.617274063812148,0.6280840032277968
2,9,0.3157786184217825,0.9067233191702074,4001,1.8504208439872378,0.8365817091454273,667,1.8588201515971663,0.8203,0.812916996796616,0.07868534134735693,,,0.7,,0.7,0.30000000000000004,0.9638497983906229,0.40446739867261844,5,0.1,0.5,0.6189279653014073,0.6294369350359197,0.631971231220577,0.6309335004311379,0.6255381548457,0.6417243081930067,0.6255644421230582,0.6490194085648116,0.6302209005045182,1.0,0.6281324679413662,0.6295917166024555
2,10,0.3070779329058943,0.9068655181280535,3889,1.869867864109221,0.8148148148148148,648,1.8561752756563619,0.8247,0.8096830234098145,0.08370472294928737,,,0.9050203784156632,,0.9050449274634808,0.09495507253651925,0.9662766288139321,0.40539926562114087,5,0.1,0.5,0.6102892141101972,0.6250392327038105,0.6260480889734864,0.614674928455072,0.6242126841522082,0.6340339044053545,0.6260526715625018,0.6359376317546914,0.617274063812148,0.6281324679413662,1.0,0.6333225570774692
2,11,0.29751402221056594,0.9084674228435768,3791,1.8489687263965606,0.8322784810126582,632,1.8561698960039181,0.8246,0.8115877333291825,0.08371968620426737,,,0.9056315637053312,,0.9056573465187491,0.09434265348125093,0.966270069520417,0.4053996649755205,5,0.1,0.5,0.6147659220113293,0.6206729207376651,0.6201259310432922,0.615237162764096,0.626096451500866,0.6397092886769237,0.6248887409010543,0.642160567345442,0.6280840032277968,0.6295917166024555,0.6333225570774692,1.0
3,0,0.21400479476732212,0.9346968590211834,8214,1.6291888231454894,0.8918918918918919,1369,1.629516647265742,0.8978,0.7916454912717752,0.0830920714619745,,,0.8736402305849905,,0.8736509211384971,0.12634907886150293,0.9692974505944612,0.4003798670526169,5,0.1,0.5,1.0,0.6143630551794335,0.6062204004570448,0.6037656248367859,0.6034457185717784,0.6070395191011607,0.6014798511989786,0.6091161917809466,0.556250048982509,0.6033016082827181,0.604895038448766,0.5949933164375245
3,1,0.2269472813660966,0.9300882263462124,6574,1.6243225846971785,0.916058394160584,1096,1.629451770752002,0.8977,0.80487519254731,0.08438892719943752,,,0.9286857023399375,,0.9286983585161388,0.0713016414838612,0.9694363139392882,0.40042512565347405,5,0.1,0.5,0.6143630551794335,1.0,0.6231155618544184,0.6153193993844653,0.6207233508024006,0.6172654985258351,0.6193059267449469,0.6264511697019522,0.5652037367121262,0.6050371096038193,0.6178117469773158,0.600854606087952
3,2,0.2326230044646487,0.9302092339616116,5783,1.6366879132486158,0.8755186721991701,964,1.6294228600236935,0.8978,0.8079755481827429,0.08427722704858931,,,0.9239445524024996,,0.9239546207519703,0.07604537924802968,0.9694250888984491,0.40042303689914277,5,0.1,0.5,0.6062204004570448,0.6231155618544184,1.0,0.6286248376282554,0.6223897968665888,0.6207856842265389,0.6164729773894603,0.6315819667046702,0.569136782897669,0.6195640620325445,0.6118531724357038,0.6077491853025784
3,3,0.2538373931490603,0.9227539247210138,5287,1.622629280601229,0.8967082860385925,881,1.6294198078088487,0.8977,0.8041400807435125,0.08381266968261379,,,0.9042262609775931,,0.9042417549319813,0.09575824506801867,0.9693784097961133,0.40041164100997734,5,0.1,0.5,0.6037656248367859,0.6153193993844653,0.6286248376282554,1.0,0.6168997610831946,0.6296478636552554,0.6105336848203265,0.6258788207953391,0.5713986757547731,0.6161282334874252,0.6052450285801022,0.5996339891661794
3,4,0.24105704701235217,0.9271732522796352,4935,1.6394606278492854,0.9063260340632603,822,1.6294487204414587,0.8977,0.8059730356833795,0.08446952257895228,,,0.9321065999452005,,0.9321269012599769,0.06787309874002312,0.9694439862556025,0.4004264266923046,5,0.1,0.5,0.6034457185717784,0.6207233508024006,0.6223897968665888,0.6168997610831946,1.0,0.6248399196205303,0.6142161103158446,0.6280740892857769,0.5746507834693783,0.6104514809904511,0.6119371360039159,0.6087281763066272
3,5,0.25545370268845957,0.923934004713949,4667,1.6309149551391602,0.8894601542416453,778,1.6294360256042724,0.8978,0.8130070303552305,0.08462704685962456,,,0.9387927702662164,,0.9388032729280659,0.06119672707193413,0.9694476430338741,0.4004285287868232,5,0.1,0.5,0.6070395191011607,0.6172654985258351,0.6207856842265389,0.6296478636552554,0.6248399196205303,1.0,0.624535368087481,0.6352610146436596,0.5778448963369169,0.6250967745034074,0.6216004067667719,0.6212925563814686
3,6,0.25165610089365925,0.9258028295531102,4453,1.6355465302864711,0.8787061994609164,742,1.6294295357439084,0.8978,0.8041351895295946,0.08377059360803696,,,0.9024403280416684,,0.9024546960493951,0.0975453039506049,0.9693732752475193,0.4004102535681426,5,0.1,0.5,0.6014798511989786,0.6193059267449469,0.6164729773894603,0.6105336848203265,0.6142161103158446,0.624535368087481,1.0,0.6321530368051257,0.5700613028805314,0.6163403697898496,0.6101600680725414,0.6080354241232504
3,7,0.24294142514717446,0.9272854804769698,4277,1.636301558950673,0.9046283309957924,713,1.6294371525700482,0.8976,0.8192887422288171,0.08512668318980891,,,0.9599999999575546,,0.9600020079313287,0.03999799206867127,0.9694578689637176,0.4004326032538904,5,0.1,0.5,0.6091161917809466,0.6264511697019522,0.6315819667046702,0.6258788207953391,0.6280740892857769,0.6352610146436596,0.6321530368051257,1.0,0.5865193580068323,0.6378835636714547,0.6300954509529961,0.6214557108887396
3,8,0.2794604203209355,0.9161540324533786,4129,1.6105444702235134,0.8968023255813954,688,1.6317922577690394,0.8962,0.7539984785642904,0.07900115676710119,,,0.7,,0.7,0.30000000000000004,0.967142606972939,0.39943801302511833,5,0.1,0.5,0.556250048982509,0.5652037367121262,0.569136782897669,0.5713986757547731,0.5746507834693783,0.5778448963369169,0.5700613028805314,0.5865193580068323,1.0,0.5677312455542034,0.5659536661594711,0.5619726487891493
3,9,0.2873786201040997,0.9167708072981755,4001,1.6236371880485898,0.9130434782608695,667,1.632934105662873,0.8951,0.8025984726297807,0.0803155817890287,,,0.7557912058592172,,0.7558104512825662,0.2441895487174338,0.9673461527027205,0.3999486580184274,5,0.1,0.5,0.6033016082827181,0.6050371096038193,0.6195640620325445,0.6161282334874252,0.6104514809904511,0.6250967745034074,0.6163403697898496,0.6378835636714547,0.5677312455542034,1.0,0.6173566273744489,0.613137201053505
3,10,0.2857829290678816,0.9134481871946516,3889,1.6487293811071486,0.8981481481481481,648,1.6294500968707637,0.8977,0.802960451214686,0.08366192678012546,,,0.8978279285019913,,0.8978414738215953,0.10215852617840471,0.9693759667894924,0.4004065835607401,5,0.1,0.5,0.604895038448766,0.6178117469773158,0.6118531724357038,0.6052450285801022,0.6119371360039159,0.6216004067667719,0.6101600680725414,0.6300954509529961,0.5659536661594711,0.6173566273744489,1.0,0.6156315635727744
3,11,0.2665072929521068,0.9197045634397256,3791,1.6245631098747253,0.9082278481012658,632,1.6294763084417714,0.8977,0.7968020848228929,0.08345659303470657,,,0.8891124695983632,,0.8891220320265046,0.11087796797349536,0.9693520529006909,0.400398608297001,5,0.1,0.5,0.5949933164375245,0.600854606087952,0.6077491853025784,0.5996339891661794,0.6087281763066272,0.6212925563814686,0.6080354241232504,0.6214557108887396,0.5619726487891493,0.613137201053505,0.6156315635727744,1.0
4,0,0.20055997949637153,0.9386169953737521,8214,1.385867531909499,0.9225712198685172,1369,1.386902098076793,0.9235,0.7879284394297638,0.08322794927538334,,,0.8840219595373837,,0.8840319261081271,0.11596807389187291,0.9689594319914354,0.39328328701324866,5,0.1,0.5,1.0,0.5944017260538509,0.5948305149266513,0.5989623597798516,0.5900010519844805,0.5994285948768843,0.585066918015989,0.5982081610692578,0.592307483117004,0.5100995396309796,0.5881090330924191,0.5844376671200884
4,1,0.2102449493772052,0.935442652874962,6574,1.3776531083243233,0.9406934306569343,1096,1.386798497206106,0.9234,0.7935706016578478,0.08429287827495512,,,0.9234519911179949,,0.9234676974047488,0.07653230259525123,0.9690986154441986,0.39331310935653535,5,0.1,0.5,0.5944017260538509,1.0,0.6020713752688286,0.6006676172614648,0.6028857562546973,0.597755715865075,0.5924982385596937,0.6084145119442124,0.5992970263886064,0.5011378533768854,0.598599464634603,0.5845696952076599
4,2,0.2119508269505359,0.9365727131246758,5783,1.393950108558901,0.9107883817427386,964,1.3867734122200135,0.9234,0.7935209177707759,0.08421649694263582,,,0.9206238980275352,,0.9206415340595352,0.0793584659404648,0.9690957647961991,0.39331182654767677,5,0.1,0.5,0.5948305149266513,0.6020713752688286,1.0,0.6043294889097134,0.6008158471707491,0.5951763528020921,0.601261163884005,0.6067543627269721,0.5963319399597253,0.5091572617829013,0.5920528168063114,0.5797895673534395
4,3,0.23240546011646468,0.9293739360696047,5287,1.3792652956077032,0.9250851305334846,881,1.386770250698248,0.9234,0.7958739649836701,0.08398884462448512,,,0.9121948496142694,,0.9122132423071131,0.08778675769288691,0.9690650688441355,0.3933071606501618,5,0.1,0.5,0.5989623597798516,0.6006676172614648,0.6043294889097134,1.0,0.5975132873159638,0.6097595034806528,0.5986976794133493,0.6142614497479341,0.6012575890157633,0.5065068575992142,0.5922413526720675,0.5826469243697691
4,4,0.2122209061802395,0.9385207700101317,4935,1.3972563560192401,0.9318734793187348,822,1.3867990544047981,0.9234,0.7959397693075378,0.08443004478759149,,,0.9285307146077574,,0.9285477636664826,0.07145223633351738,0.9691083646874586,0.39331539411418015,5,0.1,0.5,0.5900010519844805,0.6028857562546973,0.6008158471707491,0.5975132873159638,1.0,0.5985426002140524,0.5962647518841109,0.6096570288903057,0.610523201887133,0.5065975973335648,0.601594401995902,0.5906053491646793
4,5,0.2335266875192421,0.9311763445468181,4667,1.3911904668807984,0.9190231362467867,778,1.3867798727541305,0.9235,0.7997546818578374,0.08466945438651628,,,0.9373950877726369,,0.9374077606545856,0.06259223934541436,0.969121763120857,0.3933185053291708,5,0.1,0.5,0.5994285948768843,0.597755715865075,0.5951763528020921,0.6097595034806528,0.5985426002140524,1.0,0.6000866031067663,0.6169858270629822,0.6074183087878021,0.5144055460863113,0.5988192018205555,0.6018992413771974
4,6,0.23615193222283518,0.9313721086907703,4453,1.3948472092549007,0.9083557951482479,742,1.3867898901430562,0.9234,0.7913029311912626,0.08379998327134731,,,0.9052020743949118,,0.9052256412830681,0.09477435871693185,0.9690465106351795,0.39330238571882503,5,0.1,0.5,0.585066918015989,0.5924982385596937,0.601261163884005,0.5986976794133493,0.5962647518841109,0.6000866031067663,1.0,0.6105574830875455,0.6025671243685958,0.503630766928641,0.5953449579256703,0.5782245473834857
4,7,0.22321820016324853,0.9329436520925882,4277,1.394367259481679,0.9256661991584852,713,1.3867832304189762,0.9235,0.8076222541452782,0.08527996940664882,,,0.959999999962974,,0.9600020079313287,0.03999799206867127,0.96913330150462,0.3933231607014669,5,0.1,0.5,0.5982081610692578,0.6084145119442124,0.6067543627269721,0.6142614497479341,0.6096570288903057,0.6169858270629822,0.6105574830875455,1.0,0.6160130253097794,0.5237953508010633,0.6076945635529901,0.6001599402187147
4,8,0.25412463701455495,0.9235165899733592,4129,1.363620866428722,0.9171511627906976,688,1.3895836840041529,0.9229,0.7961811292041353,0.0807847624865107,,,0.7935605933042194,,0.7935746197480046,0.20642538025199542,0.9667462880974277,0.39304488103475077,5,0.1,0.5,0.592307483117004,0.5992970263886064,0.5963319399597253,0.6012575890157633,0.610523201887133,0.6074183087878021,0.6025671243685958,0.6160130253097794,1.0,0.5188560922597917,0.5969231236525834,0.591576585630755
4,9,0.3050588340517794,0.9153711572106973,4001,1.3819541647320701,0.9355322338830585,667,1.3915213255074839,0.9224,0.6993521456295182,0.07825787156015908,,,0.7,,0.7,0.30000000000000004,0.9669554031490104,0.392304584630851,5,0.1,0.5,0.5100995396309796,0.5011378533768854,0.5091572617829013,0.5065068575992142,0.5065975973335648,0.5144055460863113,0.503630766928641,0.5237953508010633,0.5188560922597917,1.0,0.51049042093213,0.515115642857136
4,10,0.25471528865030557,0.9205451272820776,3889,1.4110066379819597,0.9212962962962963,648,1.3868152992413068,0.9235,0.7914682531229386,0.08373318971692759,,,0.902728978102849,,0.9027458460920637,0.09725415390793635,0.969037538445939,0.3933004973553991,5,0.1,0.5,0.5881090330924191,0.598599464634603,0.5920528168063114,0.5922413526720675,0.601594401995902,0.5988192018205555,0.5953449579256703,0.6076945635529901,0.5969231236525834,0.51049042093213,1.0,0.5844465543681033
4,11,0.24782017183435315,0.9242943814297019,3791,1.3840300023555756,0.9208860759493671,632,1.3868597517379175,0.9235,0.7835790100467769,0.08331855526683953,,,0.8873767344622348,,0.887390191255459,0.11260980874454096,0.9690070367055449,0.3932867411097889,5,0.1,0.5,0.5844376671200884,0.5845696952076599,0.5797895673534395,0.5826469243697691,0.5906053491646793,0.6018992413771974,0.5782245473834857,0.6001599402187147,0.591576585630755,0.515115642857136,0.5844465543681033,1.0
5,0,0.1903189865250778,0.9415388361334307,8214,1.1311469258264053,0.9386413440467495,1369,1.1333410166703854,0.9384,0.7794917850005384,0.08306035866001457,,,0.8647287579284403,,0.8647407258671753,0.13525927413282468,0.9678917148893105,0.39257776307549364,5,0.1,0.5,1.0,0.5801256171421862,0.5804078493502628,0.5739214395104184,0.5780739400478596,0.5841261632849389,0.5787236487309286,0.5752580268001105,0.577676817337568,0.5752499136541024,0.5744249989355459,0.5679279944939847
5,1,0.1953527410584728,0.9406449650136903,6574,1.119797945022583,0.9452554744525548,1096,1.1332057324080422,0.9384,0.7856479979827224,0.08398882798306558,,,0.9117341994008739,,0.911751418101501,0.08824858189849905,0.968027074667959,0.39263117048409807,5,0.1,0.5,0.5801256171421862,1.0,0.5923407472822236,0.5758819369747065,0.5929261856283202,0.5769804321158901,0.5851730087140137,0.584903561218531,0.5771680381735146,0.5688520935669107,0.582879286610471,0.5804056113154108
5,2,0.19878061678960343,0.9398582050838665,5783,1.1407106191881242,0.9356846473029046,964,1.133170568143217,0.9384,0.7854332111749357,0.08393021230706665,,,0.9087666746166618,,0.9087796797349531,0.0912203202650469,0.9680254742417918,0.39262900736503836,5,0.1,0.5,0.5804078493502628,0.5923407472822236,1.0,0.5897913685848056,0.5826273350639626,0.5839142263772914,0.5816696696759905,0.5842629168717919,0.5705318778921281,0.5799238234056343,0.5811641445229075,0.569779774884288
5,3,0.21732619505288664,0.9333459428787593,5287,1.1261723999466215,0.9398410896708286,881,1.1332029071859657,0.9384,0.7808703080328845,0.08361749711913215,,,0.8929349017200693,,0.8929471412077707,0.10705285879222926,0.9679916848652883,0.39261486615090846,5,0.1,0.5,0.5739214395104184,0.5758819369747065,0.5897913685848056,1.0,0.5771900655538676,0.5829357353425416,0.5709502043225714,0.5858939906236525,0.5722672426730359,0.5837020962528572,0.5769788177696951,0.5656155957685943
5,4,0.20182541255929298,0.9403444782168187,4935,1.1437824666500092,0.9464720194647201,822,1.13320205215448,0.9384,0.7897200935404728,0.08422378784854741,,,0.9236294682386041,,0.9236484112243362,0.07635158877566384,0.9680479597066265,0.39263819233395697,5,0.1,0.5,0.5780739400478596,0.5929261856283202,0.5826273350639626,0.5771900655538676,1.0,0.5854008117641444,0.5896565252788535,0.5966855464427641,0.592577899926948,0.5797992246039785,0.5881310022793553,0.5730378907962307
5,5,0.21035471609474657,0.9373044782515535,4667,1.1403375506401061,0.9357326478149101,778,1.1331664996025281,0.9384,0.7898936456405719,0.08438993280108946,,,0.9320408574452959,,0.9320616434917925,0.06793835650820745,0.9680637093350395,0.3926415087480834,5,0.1,0.5,0.5841261632849389,0.5769804321158901,0.5839142263772914,0.5829357353425416,0.5854008117641444,1.0,0.5862722727765641,0.589133296165845,0.5866887441882718,0.5889337497385456,0.5849114893985641,0.5879760096163437
5,6,0.21636454306143735,0.9364024253312374,4453,1.1433140536149342,0.9245283018867925,742,1.1332176655245285,0.9384,0.7875801018669554,0.08372731770253919,,,0.8984947677034116,,0.8984990713317604,0.10150092866823957,0.9679866752166701,0.39262029784108127,5,0.1,0.5,0.5787236487309286,0.5851730087140137,0.5816696696759905,0.5709502043225714,0.5896565252788535,0.5862722727765641,1.0,0.5965075245999474,0.5898732383477471,0.5802460728309411,0.5804616935669822,0.5796306919675271
5,7,0.20603795948424447,0.9385550619593173,4277,1.141194198442542,0.9368863955119214,713,1.1331654257667712,0.9384,0.7939907230977806,0.08494219239701456,,,0.9599999999493731,,0.9600020079313287,0.03999799206867127,0.9680841492074703,0.3926475408662587,5,0.1,0.5,0.5752580268001105,0.584903561218531,0.5842629168717919,0.5858939906236525,0.5966855464427641,0.589133296165845,0.5965075245999474,1.0,0.5998385661653226,0.588174093248312,0.5910435875306754,0.5811608861866423
5,8,0.23258303830912785,0.9312666505207072,4129,1.1059037230231545,0.9462209302325582,688,1.1362705847706658,0.9375,0.7842492051899659,0.08159453310553738,,,0.7905186837782682,,0.7905376236132724,0.2094623763867276,0.9671449930237959,0.3923401298918619,5,0.1,0.5,0.577676817337568,0.5771680381735146,0.5705318778921281,0.5722672426730359,0.592577899926948,0.5866887441882718,0.5898732383477471,0.5998385661653226,1.0,0.5800443318768802,0.5815194476418569,0.5744861651472162
5,9,0.23526675642763925,0.9332666833291677,4001,1.1290708155859084,0.9400299850074962,667,1.1389618504542511,0.9366,0.7814410004265943,0.07980657370299961,,,0.7,,0.7,0.30000000000000004,0.9653715478752435,0.39160702388966706,5,0.1,0.5,0.5752499136541024,0.5688520935669107,0.5799238234056343,0.5837020962528572,0.5797992246039785,0.5889337497385456,0.5802460728309411,0.588174093248312,0.5800443318768802,1.0,0.5892743467155959,0.5750681158534695
5,10,0.23461987263232958,0.9276420673695037,3889,1.1613496655509585,0.933641975308642,648,1.1332517193910032,0.9384,0.7864335775170443,0.08364233006303874,,,0.894192114492112,,0.8942020982882385,0.10579790171176151,0.9679751875451464,0.3926162609946436,5,0.1,0.5,0.5744249989355459,0.582879286610471,0.5811641445229075,0.5769788177696951,0.5881310022793553,0.5849114893985641,0.5804616935669822,0.5910435875306754,0.5815194476418569,0.5892743467155959,1.0,0.5783502526240051
5,11,0.22740919664815193,0.9312054866789765,3791,1.133270263671875,0.9319620253164557,632,1.1332903332984485,0.9384,0.778227245867803,0.08307643630995461,,,0.8655427180825433,,0.8655639777119623,0.13443602228803775,0.9679030208992256,0.3925792593245422,5,0.1,0.5,0.5679279944939847,0.5804056113154108,0.569779774884288,0.5656155957685943,0.5730378907962307,0.5879760096163437,0.5796306919675271,0.5811608861866423,0.5744861651472162,0.5750681158534695,0.5783502526240051,1.0
6,0,0.17511341199677452,0.9470416362308254,8214,0.9056715951409451,0.9452154857560263,1369,0.9085235706152627,0.9455,0.7629689665763155,0.08371554405594617,,,0.9207992091640339,,0.9208172280508007,0.07918277194919932,0.9645265437490197,0.37398740726627416,5,0.1,0.5,1.0,0.5643076356798756,0.5481727045356232,0.5497183113185451,0.5438110664926757,0.5582834272811151,0.547231301480288,0.5520019991570736,0.5428101379238638,0.34427227526419746,0.5468683547198298,0.5433868618552063
6,1,0.1824344811452444,0.9455734712503803,6574,0.8901173966271537,0.9552919708029197,1096,0.9084069014738162,0.9455,0.7754613578673857,0.08479307568837978,,,0.9428345770578261,,0.9428492545554942,0.057150745444505824,0.9646883610349488,0.37399556669052053,5,0.1,0.5,0.5643076356798756,1.0,0.5666674155941355,0.562985853131438,0.564892857403669,0.5534470891225878,0.5596936395975272,0.5723322037278562,0.555842203814005,0.3398076311125279,0.5573189814084749,0.5501179897954991
6,2,0.1888843486787885,0.943731627183123,5783,0.9164263952162958,0.9439834024896265,964,0.9083747865673834,0.9455,0.7693298300247152,0.0845339949478806,,,0.9375364129397092,,0.9375533356759199,0.06244666432408008,0.9646797877137253,0.37399406383880485,5,0.1,0.5,0.5481727045356232,0.5666674155941355,1.0,0.5606874931766895,0.5552190853776557,0.5582218353091546,0.5559198622566756,0.5687711312062549,0.5458360346550593,0.33979811786529096,0.5540508545171798,0.5391907798118656
6,3,0.1996544489306005,0.9404955551352374,5287,0.9020628843988691,0.9489216799091941,881,0.9083977653957404,0.9455,0.7651726877077784,0.08417287622092273,,,0.9301515865807071,,0.930174188042769,0.06982581195723103,0.9646323601642736,0.37399146436556346,5,0.1,0.5,0.5497183113185451,0.562985853131438,0.5606874931766895,1.0,0.543095360614873,0.5596543432180171,0.5486256587819327,0.5607617403887634,0.5472881940411605,0.3381720452894653,0.5448008893092736,0.5414165928957411
6,4,0.18812396070048693,0.9448429584599798,4935,0.9183051930024073,0.9476885644768857,822,0.9084071507469152,0.9455,0.7646777768348061,0.08456710340164003,,,0.9382134760875781,,0.9382259926710507,0.06177400732894933,0.9646918600865124,0.37399425254584556,5,0.1,0.5,0.5438110664926757,0.564892857403669,0.5552190853776557,0.543095360614873,1.0,0.5558556023033139,0.5445292762310368,0.5637977441582783,0.5480118083628306,0.33681386717537876,0.5481947908672047,0.5451888901158407
6,5,0.19627687479943445,0.9416327405185344,4667,0.918341121673584,0.9485861182519281,778,0.9083639623258061,0.9455,0.7725034870650347,0.08495982339599212,,,0.9462445438486717,,0.9462627378143668,0.05373726218563324,0.9647054572405458,0.37399641476532625,5,0.1,0.5,0.5582834272811151,0.5534470891225878,0.5582218353091546,0.5596543432180171,0.5558556023033139,1.0,0.5558593043347585,0.567243647508701,0.5494360622271794,0.3420389475216434,0.5598191613619831,0.5590990730362826
6,6,0.19302849470937092,0.9434987648776106,4453,0.9201988304654757,0.9380053908355795,742,0.9084125677236734,0.9455,0.7664992114485248,0.08429492518870348,,,0.93264747052987,,0.9326640228904172,0.06733597710958283,0.9646553069963041,0.37399239079260743,5,0.1,0.5,0.547231301480288,0.5596936395975272,0.5559198622566756,0.5486256587819327,0.5445292762310368,0.5558593043347585,1.0,0.5692211017168324,0.5499545031623914,0.3332321103401919,0.5545973493770942,0.5494106809083149
6,7,0.1884564150812855,0.9436988543371522,4277,0.9175955575445424,0.9396914446002805,713,0.9083704609459582,0.9455,0.7808211053160492,0.08563246653819034,,,0.9599999999795501,,0.9600020079313287,0.03999799206867127,0.9647291542220132,0.3739988203906164,5,0.1,0.5,0.5520019991570736,0.5723322037278562,0.5687711312062549,0.5607617403887634,0.5637977441582783,0.567243647508701,0.5692211017168324,1.0,0.5689653815246638,0.3442486112525735,0.5661871388584453,0.5572942368996643
6,8,0.21378625694304132,0.9347541777670137,4129,0.878169756044041,0.9491279069767442,688,0.9112035281741961,0.9451,0.760399325391067,0.08262774898733312,,,0.8985539554671145,,0.8985693489282667,0.10143065107173332,0.9639513526273665,0.37397268913472115,5,0.1,0.5,0.5428101379238638,0.555842203814005,0.5458360346550593,0.5472881940411605,0.5480118083628306,0.5494360622271794,0.5499545031623914,0.5689653815246638,1.0,0.3359814944355494,0.5429987916348058,0.5381822290173783
6,9,0.3171188018861156,0.9239190202449388,4001,0.9049049190112523,0.9475262368815592,667,0.914894704430248,0.9449,0.5228485350408245,0.0729184412602357,,,0.7,,0.7,0.30000000000000004,0.962105572601816,0.3729948090869888,5,0.1,0.5,0.34427227526419746,0.3398076311125279,0.33979811786529096,0.3381720452894653,0.33681386717537876,0.3420389475216434,0.3332321103401919,0.3442486112525735,0.3359814944355494,1.0,0.32956779248772095,0.3370206396237275
6,10,0.21712590183940578,0.934687580354847,3889,0.9388053473972139,0.9382716049382716,648,0.9084420520276688,0.9455,0.7648831392101327,0.08417939424745328,,,0.9302848792917692,,0.9303047035791376,0.06969529642086236,0.9646368438606914,0.3739914950998535,5,0.1,0.5,0.5468683547198298,0.5573189814084749,0.5540508545171798,0.5448008893092736,0.5481947908672047,0.5598191613619831,0.5545973493770942,0.5661871388584453,0.5429987916348058,0.32956779248772095,1.0,0.5495322949531998
