round,client_id,client_i_training_loss,client_i_training_accuracy,client_i_training_dataset_size,client_i_evaluation_loss,client_i_evaluation_accuracy,client_i_evaluation_dataset_size,client_i_central_evaluation_loss,client_i_central_evaluation_accuracy,client_i_cosine_similarity,client_i_importance_coefficient,client_i_tanh_val,tanh_normalization_value,client_i_q,client_i_mask_order,client_i_v_nonzero_fraction,client_i_v_sparsity,client_i_v_cosine_similarity,client_i_reward_gradient_norm,local_epochs,learning_rate,gamma,client_0_cosine_similarity,client_1_cosine_similarity,client_2_cosine_similarity,client_3_cosine_similarity,client_4_cosine_similarity,client_5_cosine_similarity,client_6_cosine_similarity,client_7_cosine_similarity,client_8_cosine_similarity,client_9_cosine_similarity,client_10_cosine_similarity,client_11_cosine_similarity
0,0,0.27787200431683706,0.9123934745556367,8214,2.202489913896073,0.4616508400292184,1369,2.204055073923958,0.4602,0.7949680365815512,0.08446401330305695,,,0.9785632567332776,,0.9785753727222529,0.021424627277747077,0,0.39284556219728733,5,0.1,0.5,1.0,0.5576565852876153,0.5603084174626175,0.5720455892869567,0.5671505736324329,0.5764396857374091,0.557792599345541,0.5612906980043838,0.5820639294842921,0.556267882515101,0.5638075520901311,0.56344993164777
0,1,0.30287723722551196,0.9043200486766048,6574,2.2043174607413154,0.47536496350364965,1096,2.2040552613072504,0.4602,0.7950929814194977,0.0844772884813897,,,0.9799999998917721,,0.9800010039656644,0.019998996034335637,0,0.39284559967055727,5,0.1,0.5,0.5576565852876153,1.0,0.5749157763698558,0.579730384190245,0.5837845261774375,0.5823819172583119,0.5796985557444595,0.5872198334452614,0.5795473104509066,0.5867056471389046,0.594568067269163,0.5784707975747744
0,2,0.33489700997073346,0.8946913366764655,5783,2.2093552312543316,0.4574688796680498,964,2.2040810859241424,0.4603,0.7877433451607184,0.08369640202285536,,,0.895486387438686,,0.8955022338236033,0.10449776617639672,0,0.3928173155879169,5,0.1,0.5,0.5603084174626175,0.5749157763698558,1.0,0.5878877537885165,0.5826091197379933,0.5889997325823164,0.5773936640029389,0.5952734834662903,0.5659649221216747,0.5653994439834735,0.5849788946284009,0.5927710428082934
0,3,0.34059898916559,0.8944581047853225,5287,2.200366028717586,0.46538024971623154,881,2.204070286248058,0.4606,0.7887034467215479,0.08379841119463904,,,0.906526614243192,,0.9065508759600421,0.09344912403995786,0,0.39282587450325845,5,0.1,0.5,0.5720455892869567,0.579730384190245,0.5878877537885165,1.0,0.5842982591513926,0.5771693673552523,0.5776390952781518,0.5899272157138304,0.5909182361830145,0.5857294129758003,0.5948674617734007,0.5841791945293936
0,4,0.33030460664461697,0.8964539007092198,4935,2.199705325640165,0.4720194647201946,822,2.2041152011091336,0.4601,0.783652025902498,0.08326170625101105,,,0.8484402265081987,,0.8484513829627027,0.15154861703729727,0,0.39275342144620373,5,0.1,0.5,0.5671505736324329,0.5837845261774375,0.5826091197379933,0.5842982591513926,1.0,0.5763093921130698,0.5949617786182744,0.5873717935061004,0.5818595835452748,0.5720636370750275,0.5998802337286685,0.5743316724521371
0,5,0.3568464943820177,0.8866080994214699,4667,2.2092279624938964,0.448586118251928,778,2.2041404331073213,0.4598,0.7828338952042707,0.08317478124396818,,,0.83903252545587,,0.8390492445158375,0.1609507554841625,0,0.3927347404132354,5,0.1,0.5,0.5764396857374091,0.5823819172583119,0.5889997325823164,0.5771693673552523,0.5763093921130698,1.0,0.5771830766045706,0.5879261438461548,0.5985235158659306,0.5786957443511522,0.588119222127443,0.5837831297290432
0,6,0.3637317604258923,0.8870873568380867,4453,2.2074367900689444,0.4380053908355795,742,2.204249270807821,0.4585,0.7786356177740105,0.08272872134671211,,,0.7907564503932811,,0.7907735555444004,0.20922644445559957,0,0.39258856099570194,5,0.1,0.5,0.557792599345541,0.5796985557444595,0.5773936640029389,0.5776390952781518,0.5949617786182744,0.5771830766045706,1.0,0.5934000092532455,0.5973869973637939,0.5763006846109062,0.5966485804777446,0.5821094744364798
0,7,0.3649192092592703,0.8850128594809445,4277,2.2036123794058096,0.46984572230014027,713,2.2040902014357595,0.4603,0.7865065635135087,0.08356499605846955,,,0.8812646108580414,,0.8812810601877415,0.11871893981225845,0,0.3928036142809666,5,0.1,0.5,0.5612906980043838,0.5872198334452614,0.5952734834662903,0.5899272157138304,0.5873717935061004,0.5879261438461548,0.5934000092532455,1.0,0.591633006054666,0.5949092094266519,0.6078840298011854,0.6055847286732203
0,8,0.37363179677168845,0.8788568660692662,4129,2.2062925425442783,0.44622093023255816,688,2.204161564762981,0.4595,0.7815575165347517,0.0830391681627359,,,0.8243554219338738,,0.8243662466743638,0.17563375332563624,0,0.39269875756829814,5,0.1,0.5,0.5820639294842921,0.5795473104509066,0.5659649221216747,0.5909182361830145,0.5818595835452748,0.5985235158659306,0.5973869973637939,0.591633006054666,1.0,0.5751829114782245,0.5993944622554022,0.5905818578936396
0,9,0.3845753579801466,0.8786303424143964,4001,2.206731569199335,0.4287856071964018,667,2.2045633975690166,0.4583,0.7707430797654283,0.08189015249277633,,,0.7,,0.7,0.30000000000000004,0,0.3919991193675611,5,0.1,0.5,0.556267882515101,0.5867056471389046,0.5653994439834735,0.5857294129758003,0.5720636370750275,0.5786957443511522,0.5763006846109062,0.5949092094266519,0.5751829114782245,1.0,0.5933227455304324,0.5864875459251908
0,10,0.3719603214290787,0.8838261763949602,3889,2.2032006127493724,0.48148148148148145,648,2.20409353167866,0.4599,0.785452463416377,0.08345299970071693,,,0.8691434930286611,,0.8691531549621003,0.13084684503789967,0,0.39278816096197405,5,0.1,0.5,0.5638075520901311,0.594568067269163,0.5849788946284009,0.5948674617734007,0.5998802337286685,0.588119222127443,0.5966485804777446,0.6078840298011854,0.5993944622554022,0.5933227455304324,1.0,0.5961115394162982
0,11,0.40997397660144735,0.873542600896861,3791,2.2029773473739622,0.4620253164556962,632,2.2042314206449367,0.4595,0.7760251141765422,0.08245135974166898,,,0.7607382179834408,,0.7607549821796095,0.23924501782039054,0,0.39245127754586473,5,0.1,0.5,0.56344993164777,0.5784707975747744,0.5927710428082934,0.5841791945293936,0.5743316724521371,0.5837831297290432,0.5821094744364798,0.6055847286732203,0.5905818578936396,0.5864875459251908,0.5961115394162982,1.0
1,0,0.2518165711795455,0.9240564889213538,8214,2.0477537554363874,0.8246895544192842,1369,2.052127241326597,0.8095,0.796307896111011,0.08413247094929749,,,0.9706425693578826,,0.9706591034586617,0.029340896541338313,0.957657552870804,0.39760548739668117,5,0.1,0.5,1.0,0.6108576478080392,0.6082227451591259,0.6074441512690475,0.615530177185086,0.616476632781549,0.6013421025699184,0.6168326395916408,0.6187436587348034,0.4620217375091788,0.6211882056920676,0.6122766855501128
1,1,0.2677077357621086,0.9172193489504107,6574,2.0524599484034947,0.8047445255474452,1096,2.0521305628097095,0.8095,0.8031867820429495,0.08438233652524782,,,0.9799999999625502,,0.9800010039656644,0.019998996034335637,0.9576576088499097,0.397605946681836,5,0.1,0.5,0.6108576478080392,1.0,0.6236374912379348,0.6106142998511279,0.6229631541536723,0.6291013165648361,0.6116649350526056,0.6246977807470109,0.6211013520828902,0.4601015270226212,0.6311507113043672,0.6105675295576284
1,2,0.3007859112211189,0.9073145426249352,5783,2.0581945142438336,0.7914937759336099,964,2.0521608065492427,0.8098,0.8080444150544079,0.08403267714981069,,,0.9669053056314884,,0.9669193313588675,0.03308066864113246,0.9576074389190306,0.39760519079816153,5,0.1,0.5,0.6082227451591259,0.6236374912379348,1.0,0.6271155838814675,0.6257127856299859,0.6262478790964364,0.6161683157259786,0.6350311294709352,0.625535045590763,0.4649798242013144,0.6351200230817755,0.6186928522492047
1,3,0.29604099133859824,0.9078494420276149,5287,2.0464464213166917,0.8172531214528944,881,2.0521554524144427,0.8097,0.8011592939445151,0.0838593421467018,,,0.9604139341939373,,0.9604286933386879,0.039571306661312144,0.9576322450581863,0.3976045200586613,5,0.1,0.5,0.6074441512690475,0.6106142998511279,0.6271155838814675,1.0,0.618447560434475,0.6166119081038597,0.6192124004414084,0.6283574343693721,0.618737238354605,0.4568225549373782,0.6240922480277508,0.6128443344773397
1,4,0.29159491355260536,0.9093009118541033,4935,2.047660928506118,0.829683698296837,822,2.0522027168030177,0.8099,0.8129648526566473,0.08391569028553836,,,0.962524164051971,,0.9625370212338737,0.037462978766126254,0.9574111775887817,0.3976047840006554,5,0.1,0.5,0.615530177185086,0.6229631541536723,0.6257127856299859,0.618447560434475,1.0,0.6286066322981793,0.6277807056483238,0.6379413811180912,0.6362171778910815,0.4711244540907145,0.6499018122935083,0.6213337461011774
1,5,0.3149457660937452,0.9050782086993786,4667,2.0603084850311277,0.7994858611825193,778,2.0522230497945233,0.8097,0.8132726968376196,0.08386860758662547,,,0.9607609236132586,,0.9607800813212188,0.03921991867878116,0.9573529069208574,0.39760457045273695,5,0.1,0.5,0.616476632781549,0.6291013165648361,0.6262478790964364,0.6166119081038597,0.6286066322981793,1.0,0.629450407643281,0.6459428870541355,0.6430764086582252,0.4588207037135385,0.6338297629111309,0.6305525298935846
1,6,0.33400917741203945,0.8984504828205704,4453,2.0609270135561624,0.8113207547169812,742,2.052375153230783,0.8095,0.8034666081953471,0.08322805562926419,,,0.9367723430859292,,0.9367853019426735,0.06321469805732649,0.9569936273535065,0.397599725590622,5,0.1,0.5,0.6013421025699184,0.6116649350526056,0.6161683157259786,0.6192124004414084,0.6277807056483238,0.629450407643281,1.0,0.6268346169761109,0.6318876800402505,0.4590686795940768,0.6287571949078767,0.6152955298444317
1,7,0.30797388358875666,0.9059153612345102,4277,2.049468931944474,0.8092566619915849,713,2.0521761434146772,0.8098,0.8199974244530086,0.08436401426755837,,,0.9793138339943177,,0.9793233271422117,0.020676672857788292,0.9575570587896793,0.39760592734049466,5,0.1,0.5,0.6168326395916408,0.6246977807470109,0.6350311294709352,0.6283574343693721,0.6379413811180912,0.6459428870541355,0.6268346169761109,1.0,0.6420407758105494,0.47555799860002806,0.6521265289197589,0.6361267977524423
1,8,0.3278129214322857,0.8975054492613224,4129,2.0583559057929297,0.7863372093023255,688,2.052255306381006,0.8097,0.8160777786522982,0.08387661161072711,,,0.9610606731878222,,0.9610812710205311,0.03891872897946891,0.9572676008432708,0.39760461798119906,5,0.1,0.5,0.6187436587348034,0.6211013520828902,0.625535045590763,0.618737238354605,0.6362171778910815,0.6430764086582252,0.6318876800402505,0.6420407758105494,1.0,0.46428963356272523,0.6532665093293026,0.6313506943792595
1,9,0.4600418599342765,0.8783804048987753,4001,2.0583477247328985,0.7916041979010495,667,2.053349718118247,0.8092,0.6389598579819937,0.07690567287552347,,,0.7,,0.7,0.30000000000000004,0.9551430183365688,0.39667461105418267,5,0.1,0.5,0.4620217375091788,0.4601015270226212,0.4649798242013144,0.4568225549373782,0.4711244540907145,0.4588207037135385,0.4590686795940768,0.47555799860002806,0.46428963356272523,1.0,0.47714805001346533,0.4566008113678113
1,10,0.3190600247320826,0.9049627153509899,3889,2.046931675502232,0.8348765432098766,648,2.0521812621777813,0.8096,0.8218476945705033,0.08435428537491096,,,0.9789494883358089,,0.9789568796747151,0.02104312032528488,0.9575094957636393,0.39760591223855746,5,0.1,0.5,0.6211882056920676,0.6311507113043672,0.6351200230817755,0.6240922480277508,0.6499018122935083,0.6338297629111309,0.6287571949078767,0.6521265289197589,0.6532665093293026,0.47714805001346533,1.0,0.6329431323604147
1,11,0.3592066936695776,0.8906884726984965,3791,2.052387797832489,0.8006329113924051,632,2.052369636087753,0.8096,0.8045177241384583,0.08308023559879424,,,0.9312365037777671,,0.9312534511319713,0.06874654886802867,0.9566197321087067,0.39759792607555605,5,0.1,0.5,0.6122766855501128,0.6105675295576284,0.6186928522492047,0.6128443344773397,0.6213337461011774,0.6305525298935846,0.6152955298444317,0.6361267977524423,0.6313506943792595,0.4566008113678113,0.6329431323604147,1.0
2,0,0.23253691842641813,0.9290479668858047,8214,1.856076578761256,0.9035792549306063,1369,1.863418040945888,0.8929,0.8008515539609331,0.08401746072109009,,,0.943225577306016,,0.9432408011646002,0.056759198835399816,0.9635855912449635,0.3982214249597422,5,0.1,0.5,1.0,0.6196277399863634,0.6183161923017476,0.6186103606966306,0.6163298819705799,0.6227585082943495,0.6091539939027424,0.6164743674340726,0.4787352805029147,0.6119741327379032,0.6206109855748491,0.6182002703435108
2,1,0.24448467568648094,0.9255552175235777,6574,1.8630460909434727,0.8895985401459854,1096,1.863414695087713,0.8929,0.8063093950734883,0.08437481404286137,,,0.9601580784491802,,0.9601777019225942,0.03982229807740578,0.9635930900491239,0.3982245467207707,5,0.1,0.5,0.6196277399863634,1.0,0.6214081019068302,0.6272674140101027,0.6147200338394001,0.630994435805446,0.6200052837506849,0.6221415921615294,0.47870400210384617,0.6154592977022698,0.6304452682760352,0.6210194545371847
2,2,0.26883252368344623,0.918381462908525,5783,1.8695612645918323,0.8858921161825726,964,1.8634562027720978,0.8927,0.8069269834998923,0.08416380679149058,,,0.9501599049122941,,0.9501832237337483,0.049816776266251694,0.963587641123817,0.39822295125593515,5,0.1,0.5,0.6183161923017476,0.6214081019068302,1.0,0.6217293927667127,0.6255212996835853,0.6260289493921768,0.6167627677956229,0.6266162305274459,0.4785430750553501,0.6188403364634228,0.6280578589590026,0.6277154244303754
2,3,0.2702791535003806,0.9205220351806317,5287,1.8561614155769348,0.8944381384790011,881,1.8634535744548224,0.8927,0.8088306818355288,0.08411514554197672,,,0.9478541850187804,,0.9478690828773656,0.0521309171226344,0.9635867779732067,0.39822246573990006,5,0.1,0.5,0.6186103606966306,0.6272674140101027,0.6217293927667127,1.0,0.6309999632153686,0.6289321661680701,0.6179231249827662,0.6288715145170974,0.4834610493863015,0.6245499573847296,0.6275743006235837,0.6188289907418931
2,4,0.26604720461272424,0.9170415400202634,4935,1.8587469458580017,0.9038929440389294,822,1.8635116937442329,0.8929,0.8094751918593683,0.08417520318580217,,,0.950699901179161,,0.9507153255358667,0.049284674464133316,0.9635888193056278,0.3982230491606154,5,0.1,0.5,0.6163298819705799,0.6147200338394001,0.6255212996835853,0.6309999632153686,1.0,0.625273228755273,0.6270780959747,0.6346967729073996,0.479810212669997,0.624010710654869,0.6376193889160601,0.6185683592397742
2,5,0.28157620418893353,0.9150203556888794,4667,1.8750944137573242,0.884318766066838,778,1.8635229481675755,0.893,0.8139069109933043,0.08429906168469069,,,0.956568698378597,,0.9565835048441343,0.04341649515586565,0.9635895533606754,0.3982240534273607,5,0.1,0.5,0.6227585082943495,0.630994435805446,0.6260289493921768,0.6289321661680701,0.625273228755273,1.0,0.6326223703374045,0.6327461060487516,0.4872377057354158,0.6270326460511334,0.6346092198120843,0.628986756049797
2,6,0.28685868181088675,0.9139905681562991,4453,1.8776395867268245,0.8975741239892183,742,1.863718943474011,0.8929,0.8069307944843185,0.08362861484717025,,,0.9248008620353505,,0.9248130113950103,0.07518698860498974,0.96357550006661,0.39821522280136096,5,0.1,0.5,0.6091539939027424,0.6200052837506849,0.6167627677956229,0.6179231249827662,0.6270780959747,0.6326223703374045,1.0,0.6306410733252988,0.4737710368847975,0.6229791810931951,0.640346980465869,0.622202037660232
2,7,0.2800432141891111,0.9175122749590835,4277,1.858619363411613,0.8976157082748948,713,1.8634754979191497,0.8927,0.8136208301183518,0.08461864478601751,,,0.9717115301332598,,0.9717283268912204,0.02827167310877965,0.9635959961817564,0.39822557308064405,5,0.1,0.5,0.6164743674340726,0.6221415921615294,0.6266162305274459,0.6288715145170974,0.6346967729073996,0.6327461060487516,0.6306410733252988,1.0,0.4783593150765014,0.6318392475064863,0.6386721056132615,0.6317322848606127
2,8,0.3563093592855817,0.8981351416807943,4129,1.8753805864940991,0.873546511627907,688,1.864538449068039,0.8927,0.6591198403133284,0.07888428711282305,,,0.7,,0.7,0.30000000000000004,0.9613665880086386,0.3972259233736846,5,0.1,0.5,0.4787352805029147,0.47870400210384617,0.4785430750553501,0.4834610493863015,0.479810212669997,0.4872377057354158,0.4737710368847975,0.4783593150765014,1.0,0.48509246765605213,0.4878804447707272,0.4848029786553553
2,9,0.30684061716255245,0.9070232441889527,4001,1.8743669305528914,0.8800599700149925,667,1.8657335199106235,0.8926,0.8045158275859976,0.07933768591032833,,,0.7214834316329123,,0.7214999247025752,0.2785000752974248,0.9613867376549514,0.39744108667812,5,0.1,0.5,0.6119741327379032,0.6154592977022698,0.6188403364634228,0.6245499573847296,0.624010710654869,0.6270326460511334,0.6229791810931951,0.6318392475064863,0.48509246765605213,1.0,0.6377802650767145,0.6194134825269769
2,10,0.2860362730737104,0.916893803034199,3889,1.8546743790308635,0.9120370370370371,648,1.8634848034800813,0.8929,0.8188011734266596,0.084793569458829,,,0.9799999999526169,,0.9800010039656644,0.019998996034335637,0.9635973751025981,0.39822592734482437,5,0.1,0.5,0.6206109855748491,0.6304452682760352,0.6280578589590026,0.6275743006235837,0.6376193889160601,0.6346092198120843,0.640346980465869,0.6386721056132615,0.4878804447707272,0.6377802650767145,1.0,0.6389967103783372
2,11,0.32310070489384546,0.9071485096280665,3791,1.864783477783203,0.8829113924050633,632,1.8637282749334463,0.8932,0.8086853307738301,0.08359170591692018,,,0.9230520032292965,,0.923071130967321,0.07692886903267904,0.9635732988317793,0.3982144625597509,5,0.1,0.5,0.6182002703435108,0.6210194545371847,0.6277154244303754,0.6188289907418931,0.6185683592397742,0.628986756049797,0.622202037660232,0.6317322848606127,0.4848029786553553,0.6194134825269769,0.6389967103783372,1.0
3,0,0.21878442155334968,0.9351594838081324,8214,1.6243032217025757,0.9276844411979547,1369,1.6351755884127877,0.9199,0.7996536223158022,0.08357897177167825,,,0.9161915228709934,,0.9162090256513227,0.08379097434867733,0.9684914085543909,0.40279575222191777,5,0.1,0.5,1.0,0.6123959872552112,0.6090999415774504,0.6113067921115881,0.6158287347406275,0.6165491812363039,0.6125191730313626,0.6072009898722149,0.6129556653871053,0.6112839591667973,0.6061948403610382,0.6122557930505038
3,1,0.22518576253295958,0.9322482506845148,6574,1.633981125695365,0.9133211678832117,1096,1.6351564151410478,0.9199,0.8041326619801757,0.08397205879957266,,,0.9420555475900338,,0.942076200993926,0.05792379900607403,0.9685249409218747,0.40280684089285435,5,0.1,0.5,0.6123959872552112,1.0,0.6181887733083323,0.6181970420507799,0.6193393805179828,0.627861239068528,0.611459370281693,0.6087364019049407,0.6091593427917521,0.6175930493829228,0.6226173257166387,0.603180597232973
3,2,0.24936632993296612,0.9243299325609545,5783,1.641652303357278,0.91701244813278,964,1.6352183773113897,0.9199,0.7999765162950659,0.08368722985080744,,,0.9233146010596365,,0.9233271422117364,0.0766728577882636,0.9685037145671443,0.4027996358146545,5,0.1,0.5,0.6090999415774504,0.6181887733083323,1.0,0.6120919810356074,0.6087607770782323,0.6098515170345694,0.60794769656794,0.6144747242848148,0.6055645182792828,0.6119240929548655,0.6152268879143664,0.6163337014611944
3,3,0.24433926017169494,0.9255154151692832,5287,1.626425870827266,0.927355278093076,881,1.6352121094926098,0.92,0.8055011278461168,0.08384769296128085,,,0.9338726239941739,,0.9338838411726319,0.0661161588273681,0.9685137880800446,0.4028041764858595,5,0.1,0.5,0.6113067921115881,0.6181970420507799,0.6120919810356074,1.0,0.619363425115693,0.6193443321782831,0.6153188833766081,0.6281051360122372,0.6114535883293399,0.6202255661884701,0.6172153344681891,0.6107015627754764
3,4,0.23955412239917825,0.9259979736575481,4935,1.6302749514579773,0.9282238442822385,822,1.6352753597326553,0.92,0.8077974032870228,0.08396759849550176,,,0.9417620720831918,,0.9417800311229356,0.058219968877064376,0.9685175007615463,0.4028067269240203,5,0.1,0.5,0.6158287347406275,0.6193393805179828,0.6087607770782323,0.619363425115693,1.0,0.6214554236444347,0.62408871497176,0.6166738116378728,0.6173015973965104,0.6315235958411755,0.6239612639545682,0.6077991176665232
3,5,0.25514065760366417,0.9245339618598671,4667,1.6501618576049806,0.910025706940874,778,1.6352829986486952,0.92,0.810884465041068,0.0841573746124237,,,0.95424880868563,,0.9542593243311078,0.04574067566889217,0.9685266344973044,0.4028095716216783,5,0.1,0.5,0.6165491812363039,0.627861239068528,0.6098515170345694,0.6193443321782831,0.6214554236444347,1.0,0.620123209232796,0.6270851327732769,0.6174707975683844,0.6263139475090643,0.6262884796640175,0.6224375438476355
3,6,0.26227453346098106,0.9211767347855379,4453,1.654122769832611,0.9177897574123989,742,1.6355206989251767,0.9197,0.8053762898053913,0.08352087760929314,,,0.9123690898082464,,0.9123839164700567,0.08761608352994332,0.9684880055050834,0.402793244608158,5,0.1,0.5,0.6125191730313626,0.611459370281693,0.60794769656794,0.6153188833766081,0.62408871497176,0.620123209232796,1.0,0.6162378929271567,0.62351465029868,0.6189647036797298,0.6216827924183074,0.6132447210481962
3,7,0.2542335870606241,0.9248538695347206,4277,1.6282143955645354,0.9242636746143057,713,1.6352264629766202,0.92,0.8080748918613204,0.08427118034693877,,,0.9617369070500892,,0.9617539280156618,0.03824607198433816,0.9685275281783368,0.40281074325740523,5,0.1,0.5,0.6072009898722149,0.6087364019049407,0.6144747242848148,0.6281051360122372,0.6166738116378728,0.6270851327732769,0.6162378929271567,1.0,0.6210205028551287,0.6192535616819029,0.6269211436628754,0.6205751099449442
3,8,0.27178997093856405,0.9181399854686365,4129,1.6544252904978665,0.9156976744186046,688,1.6377848954246448,0.9196,0.802990969450854,0.0802932463633367,,,0.7,,0.7,0.30000000000000004,0.9659665471814256,0.40175026193523483,5,0.1,0.5,0.6129556653871053,0.6091593427917521,0.6055645182792828,0.6114535883293399,0.6173015973965104,0.6174707975683844,0.62351465029868,0.6210205028551287,1.0,0.6167535744040579,0.6285870622906611,0.6195586127075703
3,9,0.26887610453487715,0.9199200199950013,4001,1.6511071012133645,0.9130434782608695,667,1.6386630180925608,0.9199,0.8072718338241679,0.08074307704847619,,,0.7295975983286728,,0.7296069474423975,0.2703930525576025,0.9664958923729312,0.4020725039523123,5,0.1,0.5,0.6112839591667973,0.6175930493829228,0.6119240929548655,0.6202255661884701,0.6315235958411755,0.6263139475090643,0.6189647036797298,0.6192535616819029,0.6167535744040579,1.0,0.6378629463724,0.6103668200764605
3,10,0.25701469019605,0.9224479300591412,3889,1.6229191961742582,0.933641975308642,648,1.6352350860358047,0.9201,0.8127084094520782,0.0845487467728899,,,0.9799999999342028,,0.9800010039656644,0.019998996034335637,0.9685348872400581,0.40281209582034544,5,0.1,0.5,0.6061948403610382,0.6226173257166387,0.6152268879143664,0.6172153344681891,0.6239612639545682,0.6262884796640175,0.6216827924183074,0.6269211436628754,0.6285870622906611,0.6378629463724,1.0,0.6248664182356143
3,11,0.29355260553229756,0.9139013452914798,3791,1.638118863105774,0.9050632911392406,632,1.6355380257859398,0.9195,0.8029547637330807,0.08341194536780078,,,0.9052016536256011,,0.9052256412830681,0.09477435871693185,0.9684793961290592,0.40278808489468354,5,0.1,0.5,0.6122557930505038,0.603180597232973,0.6163337014611944,0.6107015627754764,0.6077991176665232,0.6224375438476355,0.6132447210481962,0.6205751099449442,0.6195586127075703,0.6103668200764605,0.6248664182356143,1.0
4,0,0.2002314192927823,0.9412710007304602,8214,1.3735069258268489,0.9408327246165084,1369,1.3877861819709072,0.9336,0.7881942913839866,0.08328159844172073,,,0.885452448327188,,0.8854675970081823,0.11453240299181766,0.9705646373312788,0.3971350864656939,5,0.1,0.5,1.0,0.5992055473539942,0.596939455112483,0.5919235351402843,0.5945397586835109,0.5995197665917154,0.577987357862118,0.5942325020212033,0.5883596908288068,0.5849852950390485,0.5952676602169453,0.5887153592995481
4,1,0.20815610584793884,0.9358685731670217,6574,1.3854115349905831,0.9352189781021898,1096,1.3877177836415104,0.9336,0.794897418436318,0.08377829532953059,,,0.9298867772838036,,0.929898097485066,0.07010190251493398,0.9706680668060447,0.3971745801576243,5,0.1,0.5,0.5992055473539942,1.0,0.6114143661075324,0.6001854780228115,0.6002913313565528,0.6052516868754281,0.5806514781892246,0.5979869322290241,0.5906580233830135,0.5970811631747107,0.5994388521959784,0.5916529012764672
4,2,0.22945694214875362,0.9306242434722463,5783,1.3950426924613215,0.9284232365145229,964,1.3877831701272594,0.9336,0.7991885331636306,0.08373901896180372,,,0.9263731272355982,,0.9263892374880779,0.07361076251192211,0.9706489560209403,0.3971727234794392,5,0.1,0.5,0.596939455112483,0.6114143661075324,1.0,0.59993684401298,0.6066508620891499,0.6053610370523722,0.5860741673534913,0.6126265103233155,0.5950820591280489,0.600834899004211,0.6002218627074567,0.6009484308108484
4,3,0.22751273567317032,0.9307735956118782,5287,1.3776412989412035,0.9387060158910329,881,1.387802701407728,0.9336,0.7919225881221842,0.08359121514471189,,,0.9131506497228825,,0.9131720295165905,0.08682797048340951,0.9706473842766462,0.39716421335924823,5,0.1,0.5,0.5919235351402843,0.6001854780228115,0.59993684401298,1.0,0.5932118824611894,0.5995787534817739,0.581199242051783,0.6039719152014722,0.5908268829548186,0.5967806219592751,0.5982387458538154,0.5903302274458752
4,4,0.22061390022957517,0.931306990881459,4935,1.3824877922351544,0.9440389294403893,822,1.3878445671008417,0.9336,0.7986816769874029,0.08390795698146301,,,0.9414862630797148,,0.9415039405652327,0.05849605943476732,0.9706808864144445,0.3971795326788823,5,0.1,0.5,0.5945397586835109,0.6002913313565528,0.6066508620891499,0.5932118824611894,1.0,0.6078508686070146,0.5900274820716592,0.6115124217992474,0.6006512106078321,0.599701721199167,0.6135210924817799,0.5920720981715584
4,5,0.23435816190090694,0.9294193271909149,4667,1.405042610168457,0.9215938303341902,778,1.3878382790964632,0.9336,0.8012704501567709,0.08412506438621409,,,0.9609086151789278,,0.9609256563425531,0.039074343657446886,0.9706891225794844,0.39718422507703244,5,0.1,0.5,0.5995197665917154,0.6052516868754281,0.6053610370523722,0.5995787534817739,0.6078508686070146,1.0,0.5914493971367208,0.6120156480319866,0.6053248712597625,0.5971429692817616,0.6058882362157559,0.6045269817597768
4,6,0.24284022181960088,0.9283179878733439,4453,1.410878747701645,0.9258760107816711,742,1.3881445768923044,0.9335,0.7807218752584053,0.08298101698600834,,,0.8585625369764733,,0.8585763766879173,0.1414236233120827,0.9704678495474256,0.39708808564673104,5,0.1,0.5,0.577987357862118,0.5806514781892246,0.5860741673534913,0.581199242051783,0.5900274820716592,0.5914493971367208,1.0,0.5927773184048079,0.5896589772356469,0.585018058018753,0.5843325493891782,0.5821627202138479
4,7,0.23017955579892246,0.929483282674772,4277,1.3788138057874597,0.9453015427769986,713,1.3877880070537043,0.9336,0.8025414437231284,0.08424539582006267,,,0.9716734229453418,,0.9716881682646453,0.028311831735354676,0.9706843469976754,0.397185472863197,5,0.1,0.5,0.5942325020212033,0.5979869322290241,0.6126265103233155,0.6039719152014722,0.6115124217992474,0.6120156480319866,0.5927773184048079,1.0,0.6048936316139172,0.6019662655898964,0.6091202942215639,0.6044622033084487
4,8,0.249389217997131,0.9247759748123032,4129,1.415492594242096,0.9215116279069767,688,1.3919800519943237,0.9339,0.7914753055621511,0.08120856941025342,,,0.7,,0.7,0.30000000000000004,0.9678382228264873,0.39604069436060324,5,0.1,0.5,0.5883596908288068,0.5906580233830135,0.5950820591280489,0.5908268829548186,0.6006512106078321,0.6053248712597625,0.5896589772356469,0.6048936316139172,1.0,0.5939418813841261,0.602318601077625,0.5974640334222943
4,9,0.2508532938455501,0.9245688577855536,4001,1.4085447958537511,0.9265367316341829,667,1.3925102423555173,0.9336,0.7917787126066502,0.08151875357058948,,,0.727748965930264,,0.7277646704482706,0.27223532955172935,0.9684357568617606,0.3963544333546647,5,0.1,0.5,0.5849852950390485,0.5970811631747107,0.600834899004211,0.5967806219592751,0.599701721199167,0.5971429692817616,0.585018058018753,0.6019662655898964,0.5939418813841261,1.0,0.6110147076767244,0.5913226393014238
4,10,0.22808306605295567,0.9341218822319363,3889,1.371748231706165,0.9444444444444444,648,1.3877995779719978,0.9335,0.7999233405434132,0.08433847216355289,,,0.9799999999105403,,0.9800010039656644,0.019998996034335637,0.9706867280508067,0.397185930380514,5,0.1,0.5,0.5952676602169453,0.5994388521959784,0.6002218627074567,0.5982387458538154,0.6135210924817799,0.6058882362157559,0.5843325493891782,0.6091202942215639,0.602318601077625,0.6110147076767244,1.0,0.6002735489366463
4,11,0.2683460199313254,0.9230809812714323,3791,1.3925839245319367,0.9240506329113924,632,1.388183150809413,0.9336,0.791454654957859,0.08328464280408918,,,0.8857247959143437,,0.8857386677375634,0.11426133226243662,0.9705558731731961,0.39713560952078475,5,0.1,0.5,0.5887153592995481,0.5916529012764672,0.6009484308108484,0.5903302274458752,0.5920720981715584,0.6045269817597768,0.5821627202138479,0.6044622033084487,0.5974640334222943,0.5913226393014238,0.6002735489366463,1.0
5,0,0.1879573636441872,0.9424884343803263,8214,1.1293111790058226,0.9474068663257852,1369,1.146307068510939,0.9417,0.781950629383897,0.08368118942062455,,,0.9234387130122242,,0.9234526379197832,0.07654736208021684,0.9675964326039801,0.385694359888902,5,0.1,0.5,1.0,0.5877570654828829,0.5826248457936942,0.5799708058409254,0.5798007197793975,0.5803999824728632,0.5659884151980827,0.577435541652268,0.5096448721893622,0.5245157719987648,0.579113931165689,0.5684991399908574
5,1,0.19612840608585155,0.9415576513538181,6574,1.1439775603158133,0.9443430656934306,1096,1.1462643755891453,0.9416,0.7865237348675236,0.0841770664037338,,,0.9503179376845751,,0.9503338185834045,0.04966618141659551,0.9677075556138508,0.3857069849471809,5,0.1,0.5,0.5877570654828829,1.0,0.5911502307206097,0.5763756776210003,0.5840903235520043,0.5809475666460238,0.5756862064028374,0.5786658966634273,0.5045258334613298,0.5330870333229168,0.5946542078467197,0.5685186006625557
5,2,0.21322917877876543,0.9362268718658135,5783,1.1535595386259017,0.9304979253112033,964,1.1463343070718808,0.9416,0.7841468513770073,0.084066527344702,,,0.9443261205525196,,0.94434014356709,0.05565985643291005,0.9676967125242276,0.3857050937396802,5,0.1,0.5,0.5826248457936942,0.5911502307206097,1.0,0.5748121955199297,0.5807808323760723,0.5737439977823675,0.5723390683881188,0.5845427688205542,0.5037356986760342,0.5306727964904252,0.5892943768574971,0.5699587305703115
5,3,0.21632542542170688,0.9353130319651977,5287,1.1351287343672343,0.9511918274687855,881,1.1463398065049046,0.9416,0.778109311847232,0.08375344196590147,,,0.9273551932357468,,0.9273731238391647,0.0726268761608353,0.9676755931903429,0.3856968837441559,5,0.1,0.5,0.5799708058409254,0.5763756776210003,0.5748121955199297,1.0,0.5795609805163814,0.570193814609597,0.571899550281357,0.5766302060723404,0.5028007569099389,0.5239826666648935,0.5832016775625495,0.5591931940231907
5,4,0.20204203603188356,0.9380749746707193,4935,1.1406901753865755,0.9501216545012166,822,1.146398683135121,0.9416,0.7844011838797449,0.08418913635278111,,,0.9509721944524372,,0.9509863962652477,0.049013603734752276,0.9677227432962858,0.3857071417337631,5,0.1,0.5,0.5798007197793975,0.5840903235520043,0.5807808323760723,0.5795609805163814,1.0,0.574691387219242,0.5818995430866378,0.5823881899677037,0.5072573690547872,0.5302405746026108,0.5889364464255092,0.5656721436895545
5,5,0.21665430073945285,0.9362759802871223,4667,1.1644300651550292,0.9280205655526992,778,1.1463864163849682,0.9417,0.7796399412143878,0.08416661885691572,,,0.9497516239257927,,0.949766577983033,0.05023342201696701,0.9677271699544772,0.3857068330325545,5,0.1,0.5,0.5803999824728632,0.5809475666460238,0.5737439977823675,0.570193814609597,0.574691387219242,1.0,0.574335336437582,0.5848690377487503,0.5035878797268762,0.5175833344979491,0.5829254880580418,0.5665825625374534
5,6,0.21564301510075373,0.9365820794969684,4453,1.172663003206253,0.9339622641509434,742,1.146717431636664,0.9416,0.7778180853339344,0.08333278900019754,,,0.90455351870883,,0.904568043772903,0.09543195622709699,0.9674794436593974,0.3856792080988934,5,0.1,0.5,0.5659884151980827,0.5756862064028374,0.5723390683881188,0.571899550281357,0.5818995430866378,0.574335336437582,1.0,0.5819267566542538,0.5072429987432799,0.5201998188379531,0.5793104020114739,0.5682089158380967
5,7,0.20979547586514433,0.9388356324526538,4277,1.1353003486343052,0.9551192145862553,713,1.146334939490492,0.9416,0.7876731768575347,0.0845318645622087,,,0.969549924124409,,0.9695597610561719,0.03044023894382808,0.9677443286154039,0.38571057750593885,5,0.1,0.5,0.577435541652268,0.5786658966634273,0.5845427688205542,0.5766302060723404,0.5823881899677037,0.5848690377487503,0.5819267566542538,1.0,0.5146928332160714,0.5394582668661743,0.5868555999913098,0.5767950154249256
5,8,0.26756498828485537,0.9241947202712522,4129,1.180610716342926,0.9273255813953488,688,1.1516255043185175,0.9414,0.7048744884493962,0.07955911684342377,,,0.7,,0.7,0.30000000000000004,0.9647991211783826,0.38458634373869044,5,0.1,0.5,0.5096448721893622,0.5045258334613298,0.5037356986760342,0.5028007569099389,0.5072573690547872,0.5035878797268762,0.5072429987432799,0.5146928332160714,1.0,0.46245257392261335,0.517284887333953,0.503315816678419
5,9,0.26950924791213215,0.9221194701324669,4001,1.1712629057112194,0.9415292353823088,667,1.1517844699061335,0.9412,0.7259683356472103,0.08051429692973013,,,0.7517759464885814,,0.751794588625069,0.24820541137493102,0.965644210773223,0.3851164064503706,5,0.1,0.5,0.5245157719987648,0.5330870333229168,0.5306727964904252,0.5239826666648935,0.5302405746026108,0.5175833344979491,0.5201998188379531,0.5394582668661743,0.46245257392261335,1.0,0.5365198868513562,0.5100195207932782
5,10,0.2084569048052501,0.9354075597840061,3889,1.1275820902415685,0.9521604938271605,648,1.1463457344058223,0.9416,0.7913516535937098,0.08472465107799321,,,0.9799999999457946,,0.9800010039656644,0.019998996034335637,0.9677501866636667,0.385711252191169,5,0.1,0.5,0.579113931165689,0.5946542078467197,0.5892943768574971,0.5832016775625495,0.5889364464255092,0.5829254880580418,0.5793104020114739,0.5868555999913098,0.517284887333953,0.5365198868513562,1.0,0.5795919127752198
5,11,0.24264664901811786,0.9273542600896861,3791,1.1532186597585679,0.9319620253164557,632,1.1467662207996503,0.9416,0.7712160572935293,0.08330330124178796,,,0.9029551221097275,,0.9029717383665479,0.09702826163345213,0.9675761137427623,0.38567739488829866,5,0.1,0.5,0.5684991399908574,0.5685186006625557,0.5699587305703115,0.5591931940231907,0.5656721436895545,0.5665825625374534,0.5682089158380967,0.5767950154249256,0.503315816678419,0.5100195207932782,0.5795919127752198,1.0
6,0,0.17819568067970268,0.9461894326759192,8214,0.8926183914029321,0.9525200876552228,1369,0.9117772994330897,0.9471,0.7722511875328049,0.08386054221233714,,,0.9337734767532928,,0.9337834446061944,0.06621655539380555,0.9650020870522866,0.38210863307891085,5,0.1,0.5,1.0,0.5647134460318005,0.5606195791180149,0.5588489140031949,0.5638735432023073,0.564778290723738,0.5447847433487556,0.5498190108786283,0.5242840703328142,0.5379099589634843,0.5606622342157949,0.5477062415113678
6,1,0.18242227014931806,0.9443261332522057,6574,0.9096611670085362,0.947992700729927,1096,0.9117327041138475,0.9472,0.770296354763913,0.08412562309115725,,,0.9484176291985327,,0.9484262838210933,0.051573716178906714,0.9650438372305803,0.38211414272541866,5,0.1,0.5,0.5647134460318005,1.0,0.5665849565853482,0.5578555376840925,0.5612237810081032,0.5639149218615244,0.5448970624878385,0.5477775297782466,0.5157939579451691,0.5397630698936429,0.555249209774208,0.5394921727580291
6,2,0.20080216768588768,0.9413453224969739,5783,0.9199755845531341,0.9356846473029046,964,0.9117947818753057,0.9472,0.7693090166761424,0.0840160105132395,,,0.9423621818645413,,0.9423773906932383,0.05762260930676166,0.9650239251703611,0.38211219130982993,5,0.1,0.5,0.5606195791180149,0.5665849565853482,1.0,0.5608539133150102,0.5543078198266918,0.5549670693032744,0.5414680312369915,0.5538461347954861,0.516348582389635,0.5359817872554704,0.5573971962921439,0.5463497567769268
6,3,0.19796146570588463,0.9387554378664649,5287,0.9000255359070641,0.9568671963677639,881,0.9118184028342128,0.9472,0.7679904354435343,0.083758016599502,,,0.9281095423700115,,0.9281260980874454,0.0718739019125546,0.9649973245444537,0.3821057242627467,5,0.1,0.5,0.5588489140031949,0.5578555376840925,0.5608539133150102,1.0,0.5623810153738832,0.5516428138932021,0.549845338407582,0.5565858175576692,0.5197667335235638,0.5301260066168716,0.550842664757022,0.5396038862938203
6,4,0.18693657314825443,0.9430597771023302,4935,0.9056117167839637,0.9610705596107056,822,0.9118622998460032,0.9471,0.7734988252037017,0.0842474558409094,,,0.9551481688290584,,0.9551679132573666,0.04483208674263339,0.9650457273196725,0.382115906663015,5,0.1,0.5,0.5638735432023073,0.5612237810081032,0.5543078198266918,0.5623810153738832,1.0,0.5614097692873224,0.5550869178423327,0.5602049573002976,0.5231401136657525,0.5395872127871949,0.5647054513654785,0.5407553387310173
6,5,0.20134905137899906,0.9400899935718877,4667,0.9308385348320007,0.9370179948586118,778,0.9118501717290177,0.9471,0.7716460788544666,0.08416649272376042,,,0.950675434940259,,0.9506952462225792,0.04930475377742083,0.9650453242251166,0.38211481874562625,5,0.1,0.5,0.564778290723738,0.5639149218615244,0.5549670693032744,0.5516428138932021,0.5614097692873224,1.0,0.5489947523968072,0.5626561170432569,0.5225605679817179,0.5316674098524543,0.5626156815677988,0.544319823148625
6,6,0.2085246001144073,0.9381091399056816,4453,0.9392707074681917,0.9407008086253369,742,0.9122064100286831,0.9475,0.7610497917120914,0.08322787648833868,,,0.8988224333194915,,0.898830380001004,0.10116961999899599,0.9649052231433722,0.38208064230486255,5,0.1,0.5,0.5447847433487556,0.5448970624878385,0.5414680312369915,0.549845338407582,0.5550869178423327,0.5489947523968072,1.0,0.5514224383792609,0.5229468089081203,0.5264965537479677,0.553153613020132,0.5383953802761571
6,7,0.19549397945598657,0.942529810614917,4277,0.8998968886292499,0.9607293127629734,713,0.9118012561203953,0.9472,0.771344449603978,0.08440215059633964,,,0.9636941401231138,,0.9637066412328699,0.036293358767130135,0.9650539694654389,0.3821173823374221,5,0.1,0.5,0.5498190108786283,0.5477775297782466,0.5538461347954861,0.5565858175576692,0.5602049573002976,0.5626561170432569,0.5514224383792609,1.0,0.5343292914078371,0.5373598914626161,0.5622891055303351,0.5495099140071339
6,8,0.2108087624107989,0.934608864131751,4129,0.9513871263373982,0.9287790697674418,688,0.9181477358927742,0.9473,0.7313730373181594,0.07962889556058869,,,0.7,,0.7,0.30000000000000004,0.9621152747147909,0.38096669325561694,5,0.1,0.5,0.5242840703328142,0.5157939579451691,0.516348582389635,0.5197667335235638,0.5231401136657525,0.5225605679817179,0.5229468089081203,0.5343292914078371,1.0,0.49945680460769826,0.5349211075340757,0.5143573978325362
6,9,0.22376971140481708,0.9331667083229193,4001,0.9394131473132542,0.9490254872563718,667,0.917596874145654,0.9474,0.7458808187331043,0.08078822758084511,,,0.7640462447342526,,0.7640580292154008,0.23594197078459922,0.9633418369551738,0.3815835910481698,5,0.1,0.5,0.5379099589634843,0.5397630698936429,0.5359817872554704,0.5301260066168716,0.5395872127871949,0.5316674098524543,0.5264965537479677,0.5373598914626161,0.49945680460769826,1.0,0.5486814751187185,0.527133568620498
6,10,0.19094392629721982,0.9440987400359989,3889,0.8913561077344985,0.9567901234567902,648,0.9118119426809561,0.9472,0.7759956149532903,0.08469731084324374,,,0.979999999944756,,0.9800010039656644,0.019998996034335637,0.9650612268383252,0.38211883450208195,5,0.1,0.5,0.5606622342157949,0.555249209774208,0.5573971962921439,0.550842664757022,0.5647054513654785,0.5626156815677988,0.553153613020132,0.5622891055303351,0.5349211075340757,0.5486814751187185,1.0,0.5571685921474208
