round,client_id,client_i_training_loss,client_i_training_accuracy,client_i_training_dataset_size,client_i_evaluation_loss,client_i_evaluation_accuracy,client_i_evaluation_dataset_size,client_i_central_evaluation_loss,client_i_central_evaluation_accuracy,client_i_cosine_similarity,client_i_importance_coefficient,client_i_tanh_val,tanh_normalization_value,client_i_q,client_i_mask_order,client_i_v_nonzero_fraction,client_i_v_sparsity,client_i_v_cosine_similarity,client_i_reward_gradient_norm,local_epochs,learning_rate,gamma,client_0_cosine_similarity,client_1_cosine_similarity,client_2_cosine_similarity,client_3_cosine_similarity,client_4_cosine_similarity,client_5_cosine_similarity,client_6_cosine_similarity,client_7_cosine_similarity,client_8_cosine_similarity,client_9_cosine_similarity,client_10_cosine_similarity,client_11_cosine_similarity
0,0,2.2168770653230174,0.18305332359386414,6845,2.298289667476307,0.08546384222059898,1369,2.2983735784699646,0.1,0.899219753061726,0.07956071010461994,,,0.7,,0.7000132032810154,0.29998679671898465,0,0.1408595645239955,10,0.025,0.15,1.0,0.9379273025918707,0.8812052833136941,0.8786843339833518,0.8409841238162763,0.8208682654609245,0.7924671078182493,0.7857993157083885,0.7712225131017364,0.7469182395522117,0.7550626321619043,0.7014377744740465
0,1,2.2548968980478685,0.16527929901423877,5478,2.298807011710273,0.09215328467153285,1096,2.298330436778974,0.1002,0.9379979779046749,0.0829917102517996,,,0.8316137088668806,,0.8316416629532439,0.16835833704675607,0,0.1410846108458401,10,0.025,0.15,0.9379273025918707,1.0,0.9356106662598382,0.9112835523291808,0.8992831410885455,0.8745140625148264,0.8396524277100275,0.8314508324338467,0.8272374779676948,0.7920704329488412,0.8072772984914031,0.7661751536980173
0,2,2.285171830654144,0.15280082987551868,4820,2.2983866930007935,0.09854771784232365,964,2.2983283845684195,0.1002,0.9639449326706199,0.08528743178060519,,,0.919677950187307,,0.9197240514267796,0.0802759485732204,0,0.1411196475292247,10,0.025,0.15,0.8812052833136941,0.9356106662598382,1.0,0.9541988220548056,0.9375063732066263,0.9050197269729241,0.9074868990419106,0.8642871150248564,0.8924311523822874,0.8370537556390852,0.8700818772429925,0.8420551774367884
0,3,2.284798072406224,0.15508397639582389,4406,2.2958173070635115,0.13393870601589103,881,2.298328324209286,0.1002,0.9674241674102915,0.08559526575062912,,,0.9314865100159534,,0.9315244838342328,0.06847551616576719,0,0.1411205346914046,10,0.025,0.15,0.8786843339833518,0.9112835523291808,0.9541988220548056,1.0,0.9431964469001399,0.907594305596563,0.9084385317869642,0.888447133906958,0.8958986599029097,0.8707078678023724,0.8904154744226482,0.8484074507747043
0,4,2.2926894448020243,0.1357976653696498,4112,2.29931310244969,0.09732360097323602,822,2.298328514340558,0.1002,0.9728789204289732,0.0860778886268882,,,0.9499999999616398,,0.9500173293063326,0.04998267069366735,0,0.14112431758526572,10,0.025,0.15,0.8409841238162763,0.8992831410885455,0.9375063732066263,0.9431964469001399,1.0,0.9517452147249736,0.9149608688298045,0.9167616522490598,0.9098874712280878,0.8853516505748743,0.9270098351666769,0.9006943049343038
0,5,2.294026886263201,0.1368218050912831,3889,2.295702968324934,0.11182519280205655,778,2.298328450963467,0.1002,0.9632964934389032,0.08523005950251696,,,0.9174771405162432,,0.917520753907346,0.082479246092654,0,0.1411194342106079,10,0.025,0.15,0.8208682654609245,0.8745140625148264,0.9050197269729241,0.907594305596563,0.9517452147249736,1.0,0.9166593580767545,0.9278568103597682,0.9024223837865365,0.9177189318359437,0.9376048673285091,0.8957574576976044
0,6,2.2957800166360265,0.12589598490972784,3711,2.299186031023661,0.0862533692722372,742,2.298327962054482,0.1002,0.9528993285631754,0.0843101444119385,,,0.8821890519939599,,0.882243237444505,0.11775676255549505,0,0.14110835919844078,10,0.025,0.15,0.7924671078182493,0.8396524277100275,0.9074868990419106,0.9084385317869642,0.9149608688298045,0.9166593580767545,1.0,0.9275429294451054,0.9298537814923931,0.9309056618768721,0.9182781722252585,0.8869442620995418
0,7,2.2957656817776817,0.12023007856341189,3564,2.299487749735514,0.09256661991584852,713,2.2983297456668903,0.1002,0.9419084864476354,0.08333770224706971,,,0.8448860165854283,,0.8449274644749221,0.15507253552507794,0,0.14108933748097063,10,0.025,0.15,0.7857993157083885,0.8314508324338467,0.8642871150248564,0.888447133906958,0.9167616522490598,0.9278568103597682,0.9275429294451054,1.0,0.9172382950078766,0.9171400873799734,0.9099818014761623,0.8697677691093236
0,8,2.2957935863071017,0.12920662598081953,3441,2.2974526484807334,0.10465116279069768,688,2.2983307415926,0.1002,0.9359939988047725,0.0828144032034611,,,0.8248121824200654,,0.8248502252809823,0.17514977471901771,0,0.14108212571684753,10,0.025,0.15,0.7712225131017364,0.8272374779676948,0.8924311523822874,0.8958986599029097,0.9098874712280878,0.9024223837865365,0.9298537814923931,0.9172382950078766,1.0,0.878490610394179,0.8823104259592113,0.8771978319195919
0,9,2.2953875912560355,0.1264847030593881,3334,2.294480641682943,0.11244377811094453,667,2.298337043086185,0.1002,0.9237670272599829,0.08173259140470976,,,0.7833137105395975,,0.7833424105890314,0.21665758941096858,0,0.14104111805839573,10,0.025,0.15,0.7469182395522117,0.7920704329488412,0.8370537556390852,0.8707078678023724,0.8853516505748743,0.9177189318359437,0.9309056618768721,0.9171400873799734,0.878490610394179,1.0,0.9362756527437357,0.8891289385159695
0,10,2.2970780638548045,0.13918543659364394,3241,2.296196619669596,0.10493827160493827,648,2.298330325114576,0.1002,0.9387429126611889,0.08305762021208246,,,0.8341420253786785,,0.8341915465993299,0.16580845340067007,0,0.1410855047655097,10,0.025,0.15,0.7550626321619043,0.8072772984914031,0.8700818772429925,0.8904154744226482,0.9270098351666769,0.9376048673285091,0.9182781722252585,0.9099818014761623,0.8823104259592113,0.9362756527437357,1.0,0.9321589233729468
0,11,2.2978457622528077,0.12839506172839507,3159,2.29973726272583,0.09177215189873418,632,2.298344841486291,0.1001,0.9042352929478779,0.08000447250367937,,,0.7170227958876322,,0.7170701919426977,0.2829298080573023,0,0.14097001708881232,10,0.025,0.15,0.7014377744740465,0.7661751536980173,0.8420551774367884,0.8484074507747043,0.9006943049343038,0.8957574576976044,0.8869442620995418,0.8697677691093236,0.8771978319195919,0.8891289385159695,0.9321589233729468,1.0
1,0,2.068271757938244,0.2456391526661797,6845,2.287848472595215,0.1139517896274653,1369,2.2877292783954477,0.1268,0.9088273335920526,0.07886752883154285,,,0.7,,0.7000132032810154,0.29998679671898465,0.8793562037944336,0.14595788054615272,10,0.025,0.15,1.0,0.9503049677879478,0.9162488405221298,0.9272770818938112,0.8899201672348542,0.8788164735964054,0.8569359108940948,0.8613336144456802,0.8453307944765789,0.851200169630221,0.836499957037668,0.814597137146702
1,1,2.1013317546179127,0.23037604965315808,5478,2.28867859310574,0.12317518248175183,1096,2.2876450894754146,0.1289,0.9638300059605653,0.0827837839434215,,,0.8476690193114637,,0.8477249096400455,0.15227509035995446,0.8795442158515498,0.14614170492056047,10,0.025,0.15,0.9503049677879478,1.0,0.9628787286375202,0.9650189971313504,0.9523850058291153,0.9441129019471814,0.9204341482480802,0.928009427539853,0.9178725051617224,0.9228580601350473,0.9105244706697107,0.8940974428409356
1,2,2.158305396218049,0.21385892116182573,4820,2.288059175014496,0.12240663900414937,964,2.287630259236203,0.1283,0.9779839584208998,0.08466621449150788,,,0.918649245322458,,0.9186925450974567,0.08130745490254332,0.8800562768756613,0.14617356642752402,10,0.025,0.15,0.9162488405221298,0.9628787286375202,1.0,0.9651488527010678,0.9653070234474721,0.9630392325473269,0.9571279577108057,0.951743105828619,0.9464615035859969,0.9475245954616108,0.9354213137141254,0.9210775638721861
1,3,2.140403412069593,0.22290059010440308,4406,2.2844250883374895,0.15550510783200908,881,2.287630117392238,0.1284,0.9834906587581865,0.0850362169405133,,,0.9326008131408428,,0.9326385106699014,0.06736148933009856,0.8800579667634167,0.1461744209435043,10,0.025,0.15,0.9272770818938112,0.9650189971313504,0.9651488527010678,1.0,0.9708524139030461,0.966254127360021,0.9533569303846721,0.9627082225562914,0.9539166490964462,0.9541383799734741,0.9475389673302014,0.9309418318752876
1,4,2.1838527849226286,0.20162937743190662,4112,2.2885028975350514,0.12530413625304138,822,2.287628810616988,0.1283,0.9884824771108779,0.08549765194326304,,,0.9499999999622932,,0.9500173293063326,0.04998267069366735,0.8800703433245123,0.1461829116697611,10,0.025,0.15,0.8899201672348542,0.9523850058291153,0.9653070234474721,0.9708524139030461,1.0,0.9813483651524573,0.9627214206747892,0.9744153738040939,0.9697407531081403,0.9670472252654634,0.9644819325050709,0.9563588444903581
1,5,2.1907706352972216,0.20758549755721264,3889,2.2849771295275008,0.14138817480719795,778,2.2876303497749038,0.1282,0.9875208688518528,0.08494144128331217,,,0.9290271367705164,,0.9290653727451271,0.07093462725487287,0.8800554051942205,0.14617422013595466,10,0.025,0.15,0.8788164735964054,0.9441129019471814,0.9630392325473269,0.966254127360021,0.9813483651524573,1.0,0.9646552546800972,0.9754316187937704,0.9717073935783886,0.9719957055356137,0.9680588542669301,0.9579021338077723
1,6,2.203251760581444,0.20035030988951766,3711,2.288557767868042,0.12533692722371967,742,2.287631994561304,0.129,0.981117640827687,0.0841632967429578,,,0.899685881445202,,0.899704576587282,0.10029542341271802,0.8797345251480468,0.1461706402542954,10,0.025,0.15,0.8569359108940948,0.9204341482480802,0.9571279577108057,0.9533569303846721,0.9627214206747892,0.9646552546800972,1.0,0.9738792720996892,0.9772130595064902,0.970345257019024,0.9727492966730894,0.9595069240799754
1,7,2.211036805169923,0.1925364758698092,3564,2.288791298866272,0.11781206171107994,713,2.287637571745281,0.129,0.9864923628799259,0.08373639930932202,,,0.883588992051973,,0.8836378340017494,0.11636216599825056,0.8795126950099201,0.14616835558097047,10,0.025,0.15,0.8613336144456802,0.928009427539853,0.951743105828619,0.9627082225562914,0.9744153738040939,0.9754316187937704,0.9738792720996892,1.0,0.9808234098564128,0.9772297645895551,0.9810820131557219,0.9653165420676576
1,8,2.2063591308063932,0.1964545190351642,3441,2.285759131113688,0.13372093023255813,688,2.2876446458357798,0.1289,0.9827477530467529,0.08329042061849759,,,0.8667726116001231,,0.8668201548084699,0.13317984519153014,0.8795343730411073,0.1461466014232434,10,0.025,0.15,0.8453307944765789,0.9178725051617224,0.9464615035859969,0.9539166490964462,0.9697407531081403,0.9717073935783886,0.9772130595064902,0.9808234098564128,1.0,0.9771202318114296,0.9764169777484704,0.9717323973717642
1,9,2.2060750082687095,0.20452909418116377,3334,2.2837246656417847,0.13943028485757122,667,2.2876560325863995,0.1288,0.9826868640890677,0.08261870333580668,,,0.8414443759372666,,0.8414698552590318,0.15853014474096816,0.8795224667216943,0.14613963262263097,10,0.025,0.15,0.851200169630221,0.9228580601350473,0.9475245954616108,0.9541383799734741,0.9670472252654634,0.9719957055356137,0.970345257019024,0.9772297645895551,0.9771202318114296,1.0,0.9765235212656435,0.9723820570522111
1,10,2.216936927116834,0.1869484726936131,3241,2.284927805264791,0.13580246913580246,648,2.2876439728314364,0.1289,0.97905032370916,0.08332051771685113,,,0.8679074735718336,,0.8679506857454077,0.13204931425459232,0.8795970724888491,0.14614679963896945,10,0.025,0.15,0.836499957037668,0.9105244706697107,0.9354213137141254,0.9475389673302014,0.9644819325050709,0.9680588542669301,0.9727492966730894,0.9810820131557219,0.9764169777484704,0.9765235212656435,1.0,0.9762072710638382
1,11,2.230877385139465,0.17695473251028807,3159,2.2898802280426027,0.11550632911392406,632,2.2876904674723177,0.127,0.9682308517669777,0.081077824843004,,,0.7833429475547972,,0.7833919228928389,0.21660807710716112,0.8788501854767738,0.146086822689465,10,0.025,0.15,0.814597137146702,0.8940974428409356,0.9210775638721861,0.9309418318752876,0.9563588444903581,0.9579021338077723,0.9595069240799754,0.9653165420676576,0.9717323973717642,0.9723820570522111,0.9762072710638382,1.0
2,0,1.9844545627081835,0.27725346968590214,6845,2.2714424350044946,0.17092768444119796,1369,2.270934421804887,0.1734,0.9175156433068401,0.07876661815910761,,,0.7,,0.7000132032810154,0.29998679671898465,0.9652396026920872,0.14573973288409361,10,0.025,0.15,1.0,0.9487146936009555,0.9258080456312513,0.9294720788264952,0.8947208379420819,0.8853521739840744,0.8794427879403728,0.8711079224022615,0.8554114949509692,0.8556689456366485,0.8458570783879849,0.8251181491994669
2,1,2.0111453222673994,0.26975173420956555,5478,2.2723251713646784,0.16514598540145986,1096,2.2707651476316815,0.1751,0.9614991249478845,0.08262645607510734,,,0.8541925323550777,,0.8542357775907313,0.14576422240926867,0.9665294331821754,0.14592752710154383,10,0.025,0.15,0.9487146936009555,1.0,0.9596771639713197,0.9566982451631221,0.9421488567855257,0.9367208281756834,0.9299999287028967,0.9256278696432522,0.916734632410697,0.9146322477709197,0.9053800339985335,0.8897242540061783
2,2,2.0664425733842346,0.2479045643153527,4820,2.2716347873210907,0.17116182572614108,964,2.270731563809552,0.1742,0.9765278257735538,0.08428247560431586,,,0.9203470835033709,,0.9204007195788153,0.07959928042118469,0.96697710071838,0.14595019590411704,10,0.025,0.15,0.9258080456312513,0.9596771639713197,1.0,0.963409931025551,0.9607256556123044,0.9553281942135661,0.9538995081601065,0.9488781764171603,0.9428251932352404,0.9394410639467531,0.9294177165559877,0.9197097066688117
2,3,2.040827388763428,0.25950975941897414,4406,2.2662763254983083,0.19863791146424517,881,2.2707304501835304,0.1741,0.9812328342560671,0.0846650629793572,,,0.9356306569301654,,0.9356670132527933,0.06433298674720667,0.9669891710961335,0.14595168056319424,10,0.025,0.15,0.9294720788264952,0.9566982451631221,0.963409931025551,1.0,0.9595112934562607,0.9584504807983109,0.9591186043234129,0.9576327783481097,0.9488020440456085,0.9491705208976847,0.942971653614269,0.9290551051418141
2,4,2.0889035553643196,0.23844844357976655,4112,2.271230799811227,0.170316301703163,822,2.2707243056236943,0.174,0.9834986585381276,0.08502476480283488,,,0.949999999960052,,0.9500173293063326,0.04998267069366735,0.9670195135556305,0.14595930610049163,10,0.025,0.15,0.8947208379420819,0.9421488567855257,0.9607256556123044,0.9595112934562607,1.0,0.9691589190333659,0.9630261497672482,0.9647855140158983,0.9612069033194693,0.959353597020647,0.9538162709321077,0.9505540035462473
2,5,2.0917034922107574,0.2500642838776035,3889,2.267251832144601,0.19794344473007713,778,2.270730954182299,0.1741,0.9820721012908802,0.08463371702861501,,,0.9343784511046354,,0.9344209536069713,0.0655790463930287,0.9669964344958579,0.1459516077978199,10,0.025,0.15,0.8853521739840744,0.9367208281756834,0.9553281942135661,0.9584504807983109,0.9691589190333659,1.0,0.9617701589489807,0.9646696467894019,0.964606809585923,0.9605316961915539,0.9558915396728996,0.9496465582911499
2,6,2.1011660140136192,0.24548639180813797,3711,2.271932363510132,0.1711590296495957,742,2.270733486247968,0.1748,0.9837565087788642,0.08420661854294977,,,0.9173167509755289,,0.9173639649452889,0.08263603505471107,0.9669264035169924,0.1459497667234757,10,0.025,0.15,0.8794427879403728,0.9299999287028967,0.9538995081601065,0.9591186043234129,0.9630261497672482,0.9617701589489807,1.0,0.9709891892162863,0.9726117119801972,0.9649476041102308,0.9658248472599658,0.9606400284287995
2,7,2.104332935384342,0.2361952861952862,3564,2.2720996538798013,0.1640953716690042,713,2.2707427483570726,0.1747,0.984163621814956,0.08395545401997631,,,0.9072832483575825,,0.9073377234242709,0.09266227657572912,0.9668725622846901,0.14594820077235252,10,0.025,0.15,0.8711079224022615,0.9256278696432522,0.9488781764171603,0.9576327783481097,0.9647855140158983,0.9646696467894019,0.9709891892162863,1.0,0.9722544451939714,0.9712883053586149,0.9740650502522696,0.965597194966113
2,8,2.1030542272108574,0.23684975297878524,3441,2.267577370007833,0.17005813953488372,688,2.2707534047621714,0.1751,0.9807938693438156,0.08356933607988094,,,0.8918586361674588,,0.8918981366869667,0.10810186331303329,0.9668057401256944,0.1459451801116237,10,0.025,0.15,0.8554114949509692,0.916734632410697,0.9428251932352404,0.9488020440456085,0.9612069033194693,0.964606809585923,0.9726117119801972,0.9722544451939714,1.0,0.9709280960873151,0.9704278989743494,0.9714988287684921
2,9,2.0983048191776983,0.2503899220155969,3334,2.26689076423645,0.17391304347826086,667,2.2707780825940866,0.175,0.9784323300648046,0.08307625653366338,,,0.872161129293239,,0.8721922397715832,0.12780776022841678,0.9665560714750028,0.14593321076910032,10,0.025,0.15,0.8556689456366485,0.9146322477709197,0.9394410639467531,0.9491705208976847,0.959353597020647,0.9605316961915539,0.9649476041102308,0.9712883053586149,0.9709280960873151,1.0,0.9675579432475748,0.9665674481068179
2,10,2.112925385970336,0.23165689601974698,3241,2.2667882839838662,0.1743827160493827,648,2.2707533353491676,0.1749,0.9752618035192612,0.08340762248647068,,,0.8853985129636301,,0.8854450330907231,0.11455496690927691,0.9667933218132027,0.14594369140771124,10,0.025,0.15,0.8458570783879849,0.9053800339985335,0.9294177165559877,0.942971653614269,0.9538162709321077,0.9558915396728996,0.9658248472599658,0.9740650502522696,0.9704278989743494,0.9675579432475748,1.0,0.9716306204903018
2,11,2.127443392276764,0.2260525482747705,3159,2.2742891788482664,0.16139240506329114,632,2.270834666264208,0.1739,0.9681214164836781,0.08178561768772108,,,0.8206027798644303,,0.8206416794573451,0.17935832054265488,0.9661064380371619,0.14591050356749155,10,0.025,0.15,0.8251181491994669,0.8897242540061783,0.9197097066688117,0.9290551051418141,0.9505540035462473,0.9496465582911499,0.9606400284287995,0.965597194966113,0.9714988287684921,0.9665674481068179,0.9716306204903018,1.0
3,0,1.928261332820963,0.30032140248356465,6845,2.2488951032811944,0.20598977355734113,1369,2.247814776022223,0.2095,0.9232573931522176,0.07897724502538758,,,0.7,,0.7000132032810154,0.29998679671898465,0.9820810506006139,0.14531521519586982,10,0.025,0.15,1.0,0.9436030717989126,0.9269542556554421,0.9295921396444831,0.8961062698175581,0.8921164417463872,0.886070339739217,0.8754252828530338,0.8623552864980929,0.8624716568757453,0.8485969498050754,0.8305422411431382
3,1,1.9516609347143838,0.2939941584519898,5478,2.2499131891462536,0.197992700729927,1096,2.2475313234932814,0.2106,0.9603104233771415,0.08258010923542851,,,0.8576689547542147,,0.8577181429585252,0.14228185704147478,0.9830752200919176,0.14551050697835666,10,0.025,0.15,0.9436030717989126,1.0,0.9546230324536836,0.9512838242646003,0.9357601757908715,0.9341505588696444,0.9274015752016637,0.9208856027240031,0.9156315873736758,0.9106592791420176,0.8999261721538571,0.8868072076247444
3,2,2.004411125496814,0.27551867219917014,4820,2.24869567155838,0.2074688796680498,964,2.2474654596063157,0.2105,0.9738651960294831,0.08404942651209772,,,0.9219693851087942,,0.9220181215031935,0.07798187849680649,0.983244663884952,0.145533447816776,10,0.025,0.15,0.9269542556554421,0.9546230324536836,1.0,0.9579907550927393,0.9541271986704519,0.9487867353644395,0.9486729664579753,0.944908843483598,0.9382305203142693,0.929231751205858,0.9200701576973828,0.9124815277094951
3,3,1.9736436087744578,0.2845665002269632,4406,2.241241216659546,0.24290578887627695,881,2.247462583493583,0.2104,0.9786694455585948,0.08444347375363527,,,0.9392137254655186,,0.9392566552788368,0.06074334472116316,0.9832559191927767,0.14553551022016206,10,0.025,0.15,0.9295921396444831,0.9512838242646003,0.9579907550927393,1.0,0.9512831685609582,0.9546742123203901,0.9546577472811454,0.9517619647614585,0.9430337266736886,0.9410962215764421,0.9350925798815993,0.9214997208963823
3,4,2.0257003404877403,0.2622081712062257,4112,2.2473343099866594,0.2116788321167883,822,2.2474503758587416,0.2102,0.9793869863616623,0.08468994892297263,,,0.9499999999562379,,0.9500173293063326,0.04998267069366735,0.9832975239670069,0.14553626342896184,10,0.025,0.15,0.8961062698175581,0.9357601757908715,0.9541271986704519,0.9512831685609582,1.0,0.960774842356803,0.959691957596391,0.9559432003881067,0.953009619090757,0.9455965890185551,0.9441233079773681,0.9419492676643076
3,5,2.0247845703555694,0.27960915402417075,3889,2.24286082812718,0.2185089974293059,778,2.247463171995139,0.2104,0.9797719737607127,0.084460019557963,,,0.9399378048428795,,0.9399828357346801,0.06001716426531989,0.9832552068762578,0.14553551496464098,10,0.025,0.15,0.8921164417463872,0.9341505588696444,0.9487867353644395,0.9546742123203901,0.960774842356803,1.0,0.9571328298087528,0.9567617255790618,0.9599839234070637,0.9510045059922877,0.9483157138505436,0.9390652592140135
3,6,2.0323256184314857,0.2749393694421989,3711,2.249097228050232,0.2196765498652291,742,2.2474672854701176,0.2098,0.9813510539844473,0.0842467069569688,,,0.9306027944528328,,0.9306332623656979,0.06936673763430212,0.9832507155398622,0.1455345150102248,10,0.025,0.15,0.886070339739217,0.9274015752016637,0.9486729664579753,0.9546577472811454,0.959691957596391,0.9571328298087528,1.0,0.9640615516453079,0.9652994800051234,0.951109366013757,0.956221889117087,0.9508291468932084
3,7,2.0335437855550222,0.2623456790123457,3564,2.2495004733403525,0.2061711079943899,713,2.2474809024907367,0.2099,0.9800575242821852,0.0840487384508973,,,0.9219392740960132,,0.9219851133006552,0.07801488669934475,0.9832410621662505,0.1455334469789507,10,0.025,0.15,0.8754252828530338,0.9208856027240031,0.944908843483598,0.9517619647614585,0.9559432003881067,0.9567617255790618,0.9640615516453079,1.0,0.962111356924349,0.9571842380829916,0.9615505895451559,0.955239578017579
3,8,2.036908417277866,0.26355710549258937,3441,2.2428414821624756,0.20203488372093023,688,2.2474978513355497,0.2103,0.9777625798541567,0.08373439957690247,,,0.9081831404167983,,0.9082206928421713,0.09177930715782867,0.9832135913746585,0.14553093422426036,10,0.025,0.15,0.8623552864980929,0.9156315873736758,0.9382305203142693,0.9430337266736886,0.953009619090757,0.9599839234070637,0.9652994800051234,0.962111356924349,1.0,0.9607677771383695,0.956572372397016,0.9618837197013008
3,9,2.0306126373785514,0.27384523095380925,3334,2.2438422441482544,0.20089955022488756,667,2.2475342841088017,0.2097,0.9720984507162389,0.08324377011118457,,,0.8867121577425772,,0.8867571091416216,0.11324289085837835,0.9832137214211324,0.14552544712907603,10,0.025,0.15,0.8624716568757453,0.9106592791420176,0.929231751205858,0.9410962215764421,0.9455965890185551,0.9510045059922877,0.951109366013757,0.9571842380829916,0.9607677771383695,1.0,0.9534619491696703,0.9509542268947824
3,10,2.044658456857388,0.25948781240357915,3241,2.2420963843663535,0.21141975308641975,648,2.247500452814223,0.2103,0.9696153994919682,0.0833682141175296,,,0.8921580905510256,,0.8921952105098117,0.10780478949018835,0.9832118468666297,0.14552702828035277,10,0.025,0.15,0.8485969498050754,0.8999261721538571,0.9200701576973828,0.9350925798815993,0.9441233079773681,0.9483157138505436,0.956221889117087,0.9615505895451559,0.956572372397016,0.9534619491696703,1.0,0.9600256077092574
3,11,2.0553277134895325,0.258974358974359,3159,2.25252685546875,0.19462025316455697,632,2.247616976122313,0.2086,0.9633515376536645,0.08215794777903258,,,0.8391942769181864,,0.83923354953706,0.16076645046294002,0.982976739907417,0.14550130493583066,10,0.025,0.15,0.8305422411431382,0.8868072076247444,0.9124815277094951,0.9214997208963823,0.9419492676643076,0.9390652592140135,0.9508291468932084,0.955239578017579,0.9618837197013008,0.9509542268947824,0.9600256077092574,1.0
4,0,1.8853833962369848,0.3140248356464573,6845,2.2207119681618432,0.2498173849525201,1369,2.2187615165227577,0.2446,0.9276452142307398,0.07932150815433862,,,0.7,,0.7000132032810154,0.29998679671898465,0.9872992598426533,0.14495745675397434,10,0.025,0.15,1.0,0.942741119373229,0.9257456497439188,0.9266926008019488,0.9004280860916564,0.8948336503057814,0.8894032589493205,0.877507555200361,0.8683474704465263,0.8667068729044405,0.8511363251949408,0.8359338995688842
4,1,1.904683026324871,0.31146403797006206,5478,2.221619235144721,0.21897810218978103,1096,2.2183341406568697,0.2443,0.9580402313275601,0.08255058519605699,,,0.8573633993861715,,0.8574045650344111,0.1425954349655889,0.9883908605031605,0.14516740085153607,10,0.025,0.15,0.942741119373229,1.0,0.9487320905022114,0.9439827631461608,0.9288855107879314,0.9306320154592908,0.9218954101871696,0.9143104651027674,0.9150282620367716,0.9052648994485178,0.8937189532751981,0.8832747367625712
4,2,1.9542997272391067,0.29396265560165974,4820,2.2197484374046326,0.23858921161825727,964,2.2182497948030884,0.245,0.9717685227786041,0.08391099704791385,,,0.9236606821104978,,0.9236932877820139,0.07630671221798613,0.9884764777371802,0.14518779036524193,10,0.025,0.15,0.9257456497439188,0.9487320905022114,1.0,0.9516019000596334,0.9485336960531718,0.9451111351215221,0.9435125525639284,0.9387532565277251,0.9351230907567538,0.9229481844445561,0.9176481834915269,0.9076133876158572
4,3,1.9210072197232928,0.30712664548343166,4406,2.209975106375558,0.2724177071509648,881,2.218246595768989,0.245,0.9773272711958415,0.08433715421435764,,,0.9444287032874362,,0.9444802033305276,0.05551979666947238,0.9884988523181677,0.1451897250795831,10,0.025,0.15,0.9266926008019488,0.9439827631461608,0.9516019000596334,1.0,0.9458232775640528,0.9515732716513128,0.9518009820586614,0.9469885375893152,0.9418423841199187,0.9348421079434339,0.9340302402118786,0.9204387453779947
4,4,1.9761400757413923,0.28139591439688716,4112,2.217339038848877,0.25060827250608275,822,2.218228536316111,0.245,0.9761439102531337,0.08445147651687494,,,0.9499999999512667,,0.9500173293063326,0.04998267069366735,0.9885051853695052,0.14518999582455636,10,0.025,0.15,0.9004280860916564,0.9288855107879314,0.9485336960531718,0.9458232775640528,1.0,0.9525902832926086,0.9551532470161647,0.9494009250595681,0.9488161415855751,0.9344931073089604,0.9356167654470959,0.9345811390342013
4,5,1.9710064341945033,0.30051427102082795,3889,2.2120301042284285,0.2532133676092545,778,2.2182473291324665,0.245,0.9776354200970069,0.08435748981223606,,,0.9454197229408403,,0.9454704494066776,0.05452955059332243,0.9884994556400831,0.14518977576891506,10,0.025,0.15,0.8948336503057814,0.9306320154592908,0.9451111351215221,0.9515732716513128,0.9525902832926086,1.0,0.9529506453896278,0.9498512053938651,0.955400682103398,0.9430415102484611,0.9449427569990128,0.9304620317634772
4,6,1.9800514866565835,0.29598490972783614,3711,2.2205663124720254,0.24797843665768193,742,2.2182525230359427,0.2443,0.9794072989089458,0.08428297527119576,,,0.9417883876303755,,0.9418477991780958,0.0581522008219042,0.9884856543120693,0.1451895646561964,10,0.025,0.15,0.8894032589493205,0.9218954101871696,0.9435125525639284,0.9518009820586614,0.9551532470161647,0.9529506453896278,1.0,0.9563690355075672,0.9615362217942777,0.9428429806439333,0.9516046665583178,0.9447404961409828
4,7,1.9806292295455932,0.2792648709315376,3564,2.2213590145111084,0.22300140252454417,713,2.2182690765284283,0.2441,0.9758739967489323,0.0840446819517678,,,0.9301755811498453,,0.9302206598339687,0.06977934016603127,0.9884798396781932,0.14518854407814646,10,0.025,0.15,0.877507555200361,0.9143104651027674,0.9387532565277251,0.9469885375893152,0.9494009250595681,0.9498512053938651,0.9563690355075672,1.0,0.9538055559931958,0.9450717653340563,0.9534469432233567,0.9449598021928302
4,8,1.9841934539653636,0.2827085149665795,3441,2.211893598238627,0.23546511627906977,688,2.2182907062240793,0.2443,0.9758721628462361,0.08384952265934426,,,0.9206648357322551,,0.9207060454522948,0.07929395454770516,0.9884843251311983,0.145187383059511,10,0.025,0.15,0.8683474704465263,0.9150282620367716,0.9351230907567538,0.9418423841199187,0.9488161415855751,0.955400682103398,0.9615362217942777,0.9538055559931958,1.0,0.9447134809207954,0.9513338660762151,0.9543084627290778
4,9,1.9803663664393956,0.2940911817636473,3334,2.214784622192383,0.24587706146926536,667,2.2183351033850562,0.2449,0.9659407231044357,0.08322057916280791,,,0.8900143788499641,,0.8900579293954548,0.1099420706045452,0.9884322161523578,0.14518136419876818,10,0.025,0.15,0.8667068729044405,0.9052648994485178,0.9229481844445561,0.9348421079434339,0.9344931073089604,0.9430415102484611,0.9428429806439333,0.9450717653340563,0.9447134809207954,1.0,0.9385343120629281,0.937234244594327
4,10,1.990872247860982,0.2792656587473002,3241,2.211190382639567,0.2700617283950617,648,2.2182901026327397,0.2444,0.9667127621561548,0.08332303720676962,,,0.8950074917066622,,0.8950504200293773,0.10494957997062271,0.9884484579733163,0.14518275672292114,10,0.025,0.15,0.8511363251949408,0.8937189532751981,0.9176481834915269,0.9340302402118786,0.9356167654470959,0.9449427569990128,0.9516046665583178,0.9534469432233567,0.9513338660762151,0.9385343120629281,1.0,0.951653766670518
4,11,2.0013306622505187,0.2802785691674581,3159,2.2248838901519776,0.2310126582278481,632,2.218440013595774,0.2446,0.9599207069501017,0.08234999280633654,,,0.8475878815123062,,0.8476341370830651,0.15236586291693488,0.9883627588047147,0.14516249235896422,10,0.025,0.15,0.8359338995688842,0.8832747367625712,0.9076133876158572,0.9204387453779947,0.9345811390342013,0.9304620317634772,0.9447404961409828,0.9449598021928302,0.9543084627290778,0.937234244594327,0.951653766670518,1.0
5,0,1.8455096633345993,0.3287070854638422,6845,2.1876283342188056,0.2870708546384222,1369,2.1846922560583186,0.2815,0.9356863015214962,0.07986444408190328,,,0.7,,0.7000132032810154,0.29998679671898465,0.9900932682802764,0.14463345305362993,10,0.025,0.15,1.0,0.9402158366543746,0.9284334726538581,0.926684888087994,0.9068282732621811,0.9041602552960423,0.8972452556546534,0.8835844387563806,0.8785385199270487,0.8683790995197128,0.8649000550896638,0.8488323748852491
5,1,1.8616453531176544,0.3261226725082147,5478,2.188291549682617,0.26186131386861317,1096,2.184047566184515,0.2836,0.9595571752296727,0.0826507256133619,,,0.8574049673105938,,0.8574375732369494,0.14256242676305064,0.9910585829524292,0.1448375069182971,10,0.025,0.15,0.9402158366543746,1.0,0.9470103902857805,0.9405054092724204,0.9286772529872658,0.9306469208754728,0.9223835730440357,0.9129984175392544,0.9157163639800437,0.9000917069591449,0.8967778207447532,0.8859029885216979
5,2,1.9135932244752583,0.3095020746887967,4820,2.1854062378406525,0.27800829875518673,964,2.1839137469665912,0.2832,0.969509039118116,0.0838211563360159,,,0.9235259272920582,,0.9235695070224951,0.07643049297750493,0.9912963789172415,0.14485747896520965,10,0.025,0.15,0.9284334726538581,0.9470103902857805,1.0,0.9461032263719632,0.9431456692506898,0.9402836899873466,0.9375615338639609,0.9322285482179126,0.9283542051104593,0.9143054225759674,0.9128282952686703,0.9040110636678741
5,3,1.8752160586629596,0.3207671357240127,4406,2.1733281952994212,0.318955732122588,881,2.1839086798172964,0.2832,0.9750824926241115,0.08426809604398838,,,0.9487748223979258,,0.9488125299136836,0.05118747008631641,0.991318638449418,0.14486057743765235,10,0.025,0.15,0.926684888087994,0.9405054092724204,0.9461032263719632,1.0,0.9417458389117433,0.947334556380183,0.9464063250849266,0.9413936296411078,0.9371556943637377,0.9218028101554762,0.9308932033391932,0.9182889235046533
5,4,1.9386543024669993,0.297397859922179,4112,2.1821701867239818,0.2895377128953771,822,2.183884505984149,0.2833,0.973573713377092,0.08428978334920077,,,0.9499999999435071,,0.9500173293063326,0.04998267069366735,0.9913197780722627,0.14486063813570674,10,0.025,0.15,0.9068282732621811,0.9286772529872658,0.9431456692506898,0.9417458389117433,1.0,0.9472819530050939,0.9480277778469619,0.9445647758370574,0.9414344828453445,0.9173032287663058,0.9313348090482941,0.9294126532271525
5,5,1.9267141899754925,0.3173052198508614,3889,2.175870793206351,0.2814910025706941,778,2.1839092864265925,0.2832,0.9744517118908828,0.08426010551683738,,,0.9483234147957874,,0.9483669191794161,0.05163308082058393,0.9913188621642374,0.14486051904521846,10,0.025,0.15,0.9041602552960423,0.9306469208754728,0.9402836899873466,0.947334556380183,0.9472819530050939,1.0,0.9444214076407962,0.941851752704358,0.9477107429698515,0.9291114635453617,0.9358732431213703,0.9211016844647563
5,6,1.9357373048519266,0.31185664241444355,3711,2.187060515085856,0.2816711590296496,742,2.1839157116564016,0.2834,0.9757817597664789,0.08425730272271709,,,0.9481650769853752,,0.9482018781667244,0.05179812183327559,0.9913200676814494,0.14486051830816685,10,0.025,0.15,0.8972452556546534,0.9223835730440357,0.9375615338639609,0.9464063250849266,0.9480277778469619,0.9444214076407962,1.0,0.947484325524769,0.9535574966763248,0.9292525090382002,0.9409075806671141,0.9377155256083444
5,7,1.9357194593974523,0.2952020202020202,3564,2.188597480456034,0.26367461430575034,713,2.1839374379266667,0.2834,0.9724163257510119,0.08399924969977281,,,0.9335869278707449,,0.9336287567460514,0.06637124325394861,0.9913032574038083,0.14485860197704953,10,0.025,0.15,0.8835844387563806,0.9129984175392544,0.9322285482179126,0.9413936296411078,0.9445647758370574,0.941851752704358,0.947484325524769,1.0,0.9463690699274822,0.9298785563826086,0.9456329896587188,0.9396231937592615
5,8,1.9366090761290655,0.2984306887532694,3441,2.1755948861440024,0.28343023255813954,688,2.1839638782452933,0.2834,0.9730138552955047,0.08389755548512336,,,0.9278419324882454,,0.9278770774537473,0.07212292254625274,0.9912953982946483,0.1448579988317593,10,0.025,0.15,0.8785385199270487,0.9157163639800437,0.9283542051104593,0.9371556943637377,0.9414344828453445,0.9477107429698515,0.9535574966763248,0.9463690699274822,1.0,0.9332562395503043,0.9439056106796865,0.9465085182614391
5,9,1.929955761079435,0.3101979604079184,3334,2.180668671925863,0.2938530734632684,667,2.1840330226511897,0.2821,0.9568014688386116,0.08297682021949468,,,0.8758269789554906,,0.8758726543546071,0.12412734564539285,0.9911988968936967,0.1448465886683408,10,0.025,0.15,0.8683790995197128,0.9000917069591449,0.9143054225759674,0.9218028101554762,0.9173032287663058,0.9291114635453617,0.9292525090382002,0.9298785563826086,0.9332562395503043,1.0,0.9189305544926547,0.9231524962557116
5,10,1.9439410356374887,0.2953409441530392,3241,2.175097862879435,0.2962962962962963,648,2.1839724975296213,0.2835,0.963369382932142,0.08325519607981509,,,0.8915532229473725,,0.891576306712218,0.10842369328778201,0.9912164222206626,0.1448512879988455,10,0.025,0.15,0.8649000550896638,0.8967778207447532,0.9128282952686703,0.9308932033391932,0.9313348090482941,0.9358732431213703,0.9409075806671141,0.9456329896587188,0.9439056106796865,0.9189305544926547,1.0,0.9387773142895237
5,11,1.9577361245155334,0.29537828426717316,3159,2.19250807762146,0.2626582278481013,632,2.184176318253143,0.2817,0.9575214414058228,0.08245956485176938,,,0.8466057522672428,,0.8466521430575498,0.15334785694245023,0.9909966860196749,0.1448325417856663,10,0.025,0.15,0.8488323748852491,0.8859029885216979,0.9040110636678741,0.9182889235046533,0.9294126532271525,0.9211016844647563,0.9377155256083444,0.9396231937592615,0.9465085182614391,0.9231524962557116,0.9387773142895237,1.0
6,0,1.8142624331845179,0.34,6845,2.149829691106623,0.3075237399561724,1369,2.145649593087691,0.3063,0.9358009708964584,0.0802624892039709,,,0.7,,0.7000132032810154,0.29998679671898465,0.9921335471043404,0.1443640784643995,10,0.025,0.15,1.0,0.9340896408567025,0.9223169362806625,0.9201795855161631,0.9012690955084988,0.9058095289243119,0.8970325310151145,0.8826443230584379,0.8830901170211135,0.8659749249685753,0.8635262078446629,0.8519818474194827
6,1,1.8261370542437532,0.33957648776925886,5478,2.150453964869181,0.28375912408759124,1096,2.144751059858105,0.3077,0.9592063773579721,0.08276027032825711,,,0.8570790281609153,,0.857107491211566,0.14289250878843396,0.9927917364679454,0.1445613012256231,10,0.025,0.15,0.9340896408567025,1.0,0.9404222931756964,0.93562927645512,0.9251483392540297,0.9274523079385727,0.9213683416126438,0.9098549839667435,0.9186376000759752,0.9001263216973904,0.8950576007047913,0.8876800093037839
6,2,1.8781797798056352,0.3244813278008299,4820,2.1459467709064484,0.29979253112033194,964,2.1445752337009094,0.3076,0.9668467346659463,0.08373781037380784,,,0.9185540064328268,,0.9186100245911109,0.08138997540888915,0.9929046652072474,0.14458075182208704,10,0.025,0.15,0.9223169362806625,0.9404222931756964,1.0,0.9396836267763897,0.9386959183538023,0.9353005147095108,0.933492475957196,0.9272173296144187,0.9262237169479879,0.9102493482381748,0.9080186096059468,0.9004710705044252
6,3,1.8371044066974096,0.334203359055833,4406,2.1312353951590404,0.33825198637911463,881,2.1445673357082318,0.3076,0.9736385034677423,0.08423784662899124,,,0.9499999999371125,,0.9500173293063326,0.04998267069366735,0.9929462908178927,0.14458481712924118,10,0.025,0.15,0.9201795855161631,0.93562927645512,0.9396836267763897,1.0,0.9383992422522097,0.9423850712969647,0.9437887342304868,0.9380034305971738,0.9355072829325923,0.9214598315925944,0.9272003680578683,0.917873123498548
6,4,1.8997295711979723,0.30907101167315176,4112,2.14202618598938,0.31386861313868614,822,2.144538106797617,0.3077,0.9722123496357777,0.08420466835220028,,,0.9479135034768323,,0.9479543166476869,0.05204568335231308,0.9929475915691564,0.1445846811914828,10,0.025,0.15,0.9012690955084988,0.9251483392540297,0.9386959183538023,0.9383992422522097,1.0,0.9444779854944516,0.9453022497256304,0.9382100570367706,0.9410145703098141,0.9190556490054462,0.9267178627291287,0.9244180481092296
6,5,1.8839907296242253,0.33239907431216253,3889,2.1347358567374095,0.30719794344473006,778,2.1445679061020475,0.3077,0.9727927865668115,0.08420521008620176,,,0.9479475717343135,,0.9479873248502253,0.0520126751497747,0.9929445670698062,0.1445846811916693,10,0.025,0.15,0.9058095289243119,0.9274523079385727,0.9353005147095108,0.9423850712969647,0.9444779854944516,1.0,0.9413945807295058,0.9377365146256021,0.9427088531990648,0.9254290451604197,0.9305689813256085,0.9163441603653433
6,6,1.8955816211371586,0.32727027755322013,3711,2.148759404818217,0.31266846361185985,742,2.1445756682866737,0.3077,0.9734297749521418,0.08422430822851497,,,0.9491486047652182,,0.9491921242428744,0.05080787575712564,0.9929455808963281,0.14458475100292076,10,0.025,0.15,0.8970325310151145,0.9213683416126438,0.933492475957196,0.9437887342304868,0.9453022497256304,0.9413945807295058,1.0,0.9401819853518972,0.9482681408485419,0.919202268203873,0.9357599732467222,0.9308293181575207
6,7,1.8935022805418287,0.30970819304152636,3564,2.151107827822367,0.2903225806451613,713,2.1446018581148945,0.3079,0.9688243513750848,0.08391321967591073,,,0.9295850461171304,,0.9296265121882787,0.07037348781172126,0.9929145652496907,0.1445824820620659,10,0.025,0.15,0.8826443230584379,0.9098549839667435,0.9272173296144187,0.9380034305971738,0.9382100570367706,0.9377365146256021,0.9401819853518972,1.0,0.9384461220213215,0.9232358497088342,0.9375512211618455,0.930061452801903
6,8,1.9003629441614505,0.3129613484452194,3441,2.1341725985209146,0.30959302325581395,688,2.1446321553821805,0.308,0.9715076625677795,0.08393779420140035,,,0.9311304747953653,,0.9311696456569457,0.06883035434305429,0.9929141007150606,0.1445827123051732,10,0.025,0.15,0.8830901170211135,0.9186376000759752,0.9262237169479879,0.9355072829325923,0.9410145703098141,0.9427088531990648,0.9482681408485419,0.9384461220213215,1.0,0.9281712369751374,0.9356480108713496,0.9365750920121954
6,9,1.8930881756323354,0.3213257348530294,3334,2.1415232022603354,0.31334332833583206,667,2.1447285398652283,0.3076,0.9551863256628019,0.0828314544823488,,,0.8615556164562065,,0.8615883547061445,0.13841164529385552,0.9927785384612188,0.1445631573776015,10,0.025,0.15,0.8659749249685753,0.9001263216973904,0.9102493482381748,0.9214598315925944,0.9190556490054462,0.9254290451604197,0.919202268203873,0.9232358497088342,0.9281712369751374,1.0,0.9166767122018469,0.9167656157057856
