round,client_id,client_i_training_loss,client_i_training_accuracy,client_i_training_dataset_size,client_i_evaluation_loss,client_i_evaluation_accuracy,client_i_evaluation_dataset_size,client_i_central_evaluation_loss,client_i_central_evaluation_accuracy,client_i_cosine_similarity,client_i_importance_coefficient,client_i_tanh_val,tanh_normalization_value,client_i_q,client_i_mask_order,client_i_v_nonzero_fraction,client_i_v_sparsity,client_i_v_cosine_similarity,client_i_reward_gradient_norm,local_epochs,learning_rate,gamma,client_0_cosine_similarity,client_1_cosine_similarity,client_2_cosine_similarity,client_3_cosine_similarity,client_4_cosine_similarity,client_5_cosine_similarity,client_6_cosine_similarity,client_7_cosine_similarity,client_8_cosine_similarity,client_9_cosine_similarity,client_10_cosine_similarity,client_11_cosine_similarity
0,0,2.1073204791035636,0.438154370586803,8214,2.2629821411398954,0.32286340394448504,1369,2.262320628943154,0.3254,0.9634357745755923,0.08128414976114537,,,0.7,,0.7000125651211567,0.2999874348788433,0,0.09861984685980132,5,0.001,0.1,1.0,0.9877117672624007,0.9706885633112963,0.958969863517652,0.9480426277910428,0.9446216389153733,0.9340533388455442,0.9259572271677612,0.9195061241663616,0.9145363336998825,0.9121621710224243,0.9072898531896757
0,1,2.182414894428068,0.43644660784910255,6574,2.2625044345855714,0.3147810218978102,1096,2.262283565899054,0.325,0.9894980210276512,0.08348299643014544,,,0.9071716010063093,,0.9071969147794822,0.09280308522051783,0,0.09867330431470799,5,0.001,0.1,0.9877117672624007,1.0,0.9914677483976855,0.9856939491533776,0.978772463714468,0.9760498137971971,0.9714204892036457,0.964592863136971,0.9601554615867821,0.955467468438374,0.9565327472199721,0.9514946635431547
0,2,2.208756839372835,0.4225142659519281,5783,2.2651622833744174,0.31016597510373445,964,2.2622823928491758,0.325,0.9961438486656959,0.08404369851664992,,,0.9599999999057817,,0.9600139182880506,0.039986081711949395,0,0.09867490282157325,5,0.001,0.1,0.9706885633112963,0.9914677483976855,1.0,0.9928660274459815,0.9890763752402755,0.9815980925250771,0.9861840591710407,0.9822275905957758,0.9738557050782208,0.9742880209373805,0.975981203559309,0.9717297342628372
0,3,2.21796883617539,0.38316625685644035,5287,2.2607224072728838,0.318955732122588,881,2.2622824004663826,0.325,0.9959846946808031,0.08403027084800349,,,0.9587348677569687,,0.9587525734334676,0.04124742656653235,0,0.09867490037730996,5,0.001,0.1,0.958969863517652,0.9856939491533776,0.9928660274459815,1.0,0.9918910174061096,0.9899229271791699,0.9886828948313118,0.9819832822598762,0.9777905896285365,0.9790455023256667,0.9819587323324597,0.9735701437220616
0,4,2.2262792061221215,0.40190476190476193,4935,2.261957682096041,0.3467153284671533,822,2.2622826571662586,0.325,0.9952258871579185,0.08396625098704576,,,0.9527030251197344,,0.9527261480171272,0.04727385198287282,0,0.09867484399129096,5,0.001,0.1,0.9480426277910428,0.978772463714468,0.9890763752402755,0.9918910174061096,1.0,0.9923251711719389,0.9919873469625764,0.9894947580705782,0.9808450395732874,0.9777963600899074,0.9870907135013545,0.9813459344510181
0,5,2.2248927557305116,0.41517034497535893,4667,2.262580633163452,0.31876606683804626,778,2.262282798846309,0.325,0.9920524845609113,0.08369851406180943,,,0.9274773064592607,,0.9274944181865631,0.07250558181343691,0,0.09867413375847951,5,0.001,0.1,0.9446216389153733,0.9760498137971971,0.9815980925250771,0.9899229271791699,0.9923251711719389,1.0,0.9870770082288772,0.9821284295911736,0.9817290446808359,0.9758353366130327,0.984629437413028,0.9763250640192404
0,6,2.2371922166006906,0.39452054794520547,4453,2.2644632359345755,0.30997304582210244,742,2.2622827691392016,0.3251,0.9929844614562602,0.08377714405618435,,,0.9348856910689869,,0.9348981741912411,0.0651018258087589,0,0.09867434070583807,5,0.001,0.1,0.9340533388455442,0.9714204892036457,0.9861840591710407,0.9886828948313118,0.9919873469625764,0.9870770082288772,1.0,0.9927958297159003,0.9846095275980191,0.9830727112140838,0.992660316412898,0.9866601118885074
0,7,2.2410720689972834,0.3678746785129764,4277,2.2569168650585674,0.3450210378681627,713,2.2622832794920704,0.325,0.9899613300909178,0.08352208537024718,,,0.9108544945962475,,0.9108794618261954,0.08912053817380461,0,0.09867359949669217,5,0.001,0.1,0.9259572271677612,0.964592863136971,0.9822275905957758,0.9819832822598762,0.9894947580705782,0.9821284295911736,0.9927958297159003,1.0,0.9853746138993418,0.9841864754585684,0.9918362561628737,0.9927155914161899
0,8,2.2409325214532707,0.3313150883991281,4129,2.2600942091508345,0.34738372093023256,688,2.262285985885718,0.3249,0.9849097970737181,0.08309589238766428,,,0.8706993151632472,,0.8707145687747074,0.12928543122529257,0,0.09867027205053892,5,0.001,0.1,0.9195061241663616,0.9601554615867821,0.9738557050782208,0.9777905896285365,0.9808450395732874,0.9817290446808359,0.9846095275980191,0.9853746138993418,1.0,0.9802911116217056,0.9880284853107888,0.9840710152798632
0,9,2.2456489010462684,0.3236190952261935,4001,2.2607091267903647,0.3313343328335832,667,2.262286403308661,0.3249,0.9830008844072646,0.08293483926180407,,,0.8555251630034231,,0.855549434086274,0.14445056591372596,0,0.09866881939308184,5,0.001,0.1,0.9145363336998825,0.955467468438374,0.9742880209373805,0.9790455023256667,0.9777963600899074,0.9758353366130327,0.9830727112140838,0.9841864754585684,0.9802911116217056,1.0,0.986981912032352,0.9868560044238994
0,10,2.2479127352354955,0.35314991000257134,3889,2.258720568248204,0.3472222222222222,648,2.2622848029334706,0.3249,0.9868547609345434,0.08325998711812309,,,0.8861600421457747,,0.8861793332753405,0.11382066672465951,0,0.09867190982826163,5,0.001,0.1,0.9121621710224243,0.9565327472199721,0.975981203559309,0.9819587323324597,0.9870907135013545,0.984629437413028,0.992660316412898,0.9918362561628737,0.9880284853107888,0.986981912032352,1.0,0.9928338617264356
0,11,2.2508928258879846,0.322025850699024,3791,2.266603446006775,0.30063291139240506,632,2.2622866203990606,0.3249,0.9826373854123056,0.08290417120117774,,,0.8526356703847288,,0.8526546234813118,0.14734537651868818,0,0.09866819175221461,5,0.001,0.1,0.9072898531896757,0.9514946635431547,0.9717297342628372,0.9735701437220616,0.9813459344510181,0.9763250640192404,0.9866601118885074,0.9927155914161899,0.9840710152798632,0.9868560044238994,0.9928338617264356,1.0
1,0,1.8910772007263124,0.5434136839542245,8214,2.2138615375341373,0.48794740686632576,1369,2.2126897927671196,0.4891,0.979069463737375,0.08160254150436909,,,0.7,,0.7000125651211567,0.2999874348788433,0.9652509208318463,0.09929280419376209,5,0.001,0.1,1.0,0.9950180844576414,0.9880289878811824,0.9821743319340227,0.9767966106050879,0.9733041110491443,0.9679235451779352,0.9640901578292923,0.9609147048290382,0.9594607410582587,0.9550351161268562,0.9522543598456393
1,1,2.021647102971679,0.543200486766048,6574,2.212621906825474,0.4762773722627737,1096,2.212559533195374,0.4889,0.9916316897074825,0.08335976889048509,,,0.9008018888958796,,0.9008225321618775,0.09917746783812253,0.9660941634981093,0.09936599046540276,5,0.001,0.1,0.9950180844576414,1.0,0.9956710110060053,0.992686636677868,0.9896255710789246,0.9871502258567025,0.9836214366088039,0.980341172111484,0.9783637074323179,0.9763336264336513,0.9741621230516542,0.9715071267011991
1,2,2.0762925138789647,0.546117931869272,5783,2.2153496972976194,0.47199170124481327,964,2.212554903456959,0.4889,0.9960884104003381,0.08384838977834924,,,0.9566375752801952,,0.9566551647480693,0.04334483525193067,0.9661109327264513,0.09936962537763301,5,0.001,0.1,0.9880289878811824,0.9956710110060053,1.0,0.9950771239292003,0.9935961851293483,0.9891419302151956,0.9910420136964261,0.9892691574486708,0.984777608022757,0.98408095470271,0.9843440025491504,0.9823960805383353
1,3,2.0993851329906876,0.5151125401929261,5287,2.2105065328734264,0.492622020431328,881,2.212554850898231,0.4889,0.9972534638221133,0.08387781452446633,,,0.959999999885728,,0.9600139182880506,0.039986081711949395,0.9661131929082719,0.09936966181298801,5,0.001,0.1,0.9821743319340227,0.992686636677868,0.9950771239292003,1.0,0.9957384240811067,0.994858815718971,0.9925890822502759,0.9890966665738091,0.9880668018537685,0.9885153181651057,0.9883402852599198,0.9840296168603696
1,4,2.117094364627715,0.5164741641337386,4935,2.2102231795971212,0.4975669099756691,822,2.212554981914191,0.4889,0.9974926656175236,0.08384621515421521,,,0.9563890766298773,,0.9564135278027469,0.04358647219725309,0.9661140770343983,0.09936962503025891,5,0.001,0.1,0.9767966106050879,0.9896255710789246,0.9935961851293483,0.9957384240811067,1.0,0.9956398712467304,0.9940574691007716,0.9928108248315352,0.9895646393284057,0.9878322148713616,0.99058932239889,0.9876655061506727
1,5,2.1185253861832294,0.5163488322262696,4667,2.213042221069336,0.5012853470437018,778,2.2125562844565883,0.4888,0.9960054660109613,0.08363362222281709,,,0.9320956570485839,,0.9321193493200336,0.0678806506799664,0.9660999276886528,0.09936809970804161,5,0.001,0.1,0.9733041110491443,0.9871502258567025,0.9891419302151956,0.994858815718971,0.9956398712467304,1.0,0.9921070036099405,0.9895259081318616,0.9901725754223373,0.9881284549843661,0.9901360550128969,0.9860077095305543
1,6,2.1397335406712124,0.5158320233550415,4453,2.214819689591726,0.47304582210242585,742,2.2125553064072094,0.4888,0.9969486047336891,0.08371243211167152,,,0.9411014207139358,,0.9411227419027459,0.05887725809725408,0.9661033280783284,0.09936938833735431,5,0.001,0.1,0.9679235451779352,0.9836214366088039,0.9910420136964261,0.9925890822502759,0.9940574691007716,0.9921070036099405,1.0,0.9957648520780439,0.9919388072023735,0.9908451372311197,0.9949191731759781,0.9925335688528448
1,7,2.14798240163433,0.500631283610007,4277,2.208290245222009,0.5077138849929874,713,2.2125571924276626,0.4888,0.9957886363502109,0.08351821066277541,,,0.9189073471918772,,0.9189308048443375,0.08106919515566247,0.9660995792972913,0.09936755647196244,5,0.001,0.1,0.9640901578292923,0.980341172111484,0.9892691574486708,0.9890966665738091,0.9928108248315352,0.9895259081318616,0.9957648520780439,1.0,0.9918633205124107,0.9906845411572976,0.9945923002994204,0.9954748614837059
1,8,2.152346266599802,0.45090821022039235,4129,2.208933028307828,0.5116279069767442,688,2.2125637104716924,0.4889,0.9939571276202481,0.08319712640558445,,,0.882216406766015,,0.8822406510665854,0.11775934893341455,0.9660857640311282,0.09936444936113392,5,0.001,0.1,0.9609147048290382,0.9783637074323179,0.984777608022757,0.9880668018537685,0.9895646393284057,0.9901725754223373,0.9919388072023735,0.9918633205124107,1.0,0.9909642925242582,0.9938317433566274,0.9912510696754132
1,9,2.159950348309108,0.4983254186453387,4001,2.2099693162100658,0.4827586206896552,667,2.212569326638414,0.4888,0.9931607816351207,0.08307242168925535,,,0.8679661493485868,,0.8679792385536579,0.13202076144634212,0.966009533134875,0.09936034239383708,5,0.001,0.1,0.9594607410582587,0.9763336264336513,0.98408095470271,0.9885153181651057,0.9878322148713616,0.9881284549843661,0.9908451372311197,0.9906845411572976,0.9909642925242582,1.0,0.9929930047884846,0.9923983836491982
1,10,2.1637960658698785,0.48562612496785806,3889,2.2098472118377686,0.5030864197530864,648,2.212561492341014,0.489,0.9942328439093371,0.08330686408008572,,,0.8947563503709244,,0.8947767757899112,0.10522322421008878,0.9660909370735273,0.09936529040245509,5,0.001,0.1,0.9550351161268562,0.9741621230516542,0.9843440025491504,0.9883402852599198,0.99058932239889,0.9901360550128969,0.9949191731759781,0.9945923002994204,0.9938317433566274,0.9929930047884846,1.0,0.9959101332633686
1,11,2.168307905237214,0.47480875758375096,3791,2.2177842378616335,0.4699367088607595,632,2.2125700655074927,0.4888,0.9922644247460224,0.08302459297592554,,,0.8625006665909378,,0.8625230763282783,0.1374769236717217,0.9659983985678138,0.09936020597363848,5,0.001,0.1,0.9522543598456393,0.9715071267011991,0.9823960805383353,0.9840296168603696,0.9876655061506727,0.9860077095305543,0.9925335688528448,0.9954748614837059,0.9912510696754132,0.9923983836491982,0.9959101332633686,1.0
2,0,1.6873499135562882,0.5889700511322133,8214,2.1528066368990166,0.5230094959824689,1369,2.151079244887867,0.5245,0.988127152364716,0.08201323895516091,,,0.7,,0.7000125651211567,0.2999874348788433,0.985992036710209,0.09953925374752927,5,0.001,0.1,1.0,0.9967721645949652,0.9934493461140906,0.9898502312224222,0.9861269251095145,0.983706717662513,0.981555002951518,0.9792399748138313,0.9761855637530996,0.9779144359494132,0.9739239847411784,0.9729837388706918
2,1,1.8244529136176248,0.5853057499239428,6574,2.1507157121385845,0.5036496350364964,1096,2.1508118519767785,0.5247,0.9948809859001769,0.08331007102534894,,,0.8951711168365277,,0.8951827258580528,0.10481727414194719,0.9863569835776127,0.09960580198432278,5,0.001,0.1,0.9967721645949652,1.0,0.9974984377643934,0.9954888192192027,0.9934416346830234,0.9915048995170826,0.9900285518712033,0.9882386007165428,0.9854936050111307,0.9866433112285424,0.9840662088842633,0.9830851872117489
2,2,1.8980696628106892,0.5913539685284455,5783,2.1538614380744194,0.5103734439834025,964,2.1507995806563014,0.5247,0.9974587717565884,0.08369328075896108,,,0.9528435583276339,,0.9528614647065078,0.04713853529349221,0.9864185878307586,0.09961178421509372,5,0.001,0.1,0.9934493461140906,0.9974984377643934,1.0,0.997330119970023,0.9956114513109146,0.9932607414131053,0.9942933638318269,0.9928341111599133,0.9894838502019717,0.9910361653684937,0.9895817445366959,0.9885930039408227
2,3,1.936228231062372,0.5745034991488557,5287,2.1480736136436462,0.5402951191827469,881,2.150799310245453,0.5247,0.9983715782850681,0.08374083237942835,,,0.9599999998495016,,0.9600139182880506,0.039986081711949395,0.9864211082357123,0.09961208984902158,5,0.001,0.1,0.9898502312224222,0.9954888192192027,0.997330119970023,1.0,0.9969939287712616,0.9960128436094888,0.9958865884499735,0.9938245852966845,0.9918477618808632,0.9934081584088047,0.992750398548676,0.990406186098866
2,4,1.9633307330839096,0.5686727456940223,4935,2.1461389431586633,0.5364963503649635,822,2.150799472491962,0.5247,0.9984452716148432,0.08372381656102859,,,0.9574391468622007,,0.9574525666676332,0.04254743333236677,0.9864187306745295,0.0996117910121269,5,0.001,0.1,0.9861269251095145,0.9934416346830234,0.9956114513109146,0.9969939287712616,1.0,0.9970869643043044,0.9965475575832545,0.9958020925245248,0.993616706823427,0.9925396942702536,0.9941292295746753,0.9927173162708887
2,5,1.9676536102817483,0.5675594600385687,4667,2.151319522857666,0.5308483290488432,778,2.1508037038504506,0.5247,0.997354196802787,0.08355807169669721,,,0.9324948144192315,,0.9325108011714559,0.0674891988285441,0.9863830043815156,0.09960973968336341,5,0.001,0.1,0.983706717662513,0.9915048995170826,0.9932607414131053,0.9960128436094888,0.9970869643043044,1.0,0.9952859320698155,0.9937529025100913,0.9929930327135305,0.9926701795340558,0.9938553907192799,0.991425292665873
2,6,2.0011630409104484,0.5675724230855603,4453,2.153405249118805,0.5067385444743935,742,2.1508003416152808,0.5247,0.9981806536867789,0.08363314767573848,,,0.9437936271290039,,0.9438194102125439,0.0561805897874561,0.9864124062722571,0.09961104448937669,5,0.001,0.1,0.981555002951518,0.9900285518712033,0.9942933638318269,0.9958865884499735,0.9965475575832545,0.9952859320698155,1.0,0.997088087601716,0.9948610983773672,0.9941770415142439,0.9967247512875839,0.9949493667226449
2,7,2.0149745039085842,0.5623100303951368,4277,2.1475138664245605,0.5497896213183731,713,2.1508057300275127,0.5247,0.9974500729676834,0.08349032617155344,,,0.9222992230956228,,0.9223185548177574,0.07768144518224263,0.9863758694851418,0.09960882084322772,5,0.001,0.1,0.9792399748138313,0.9882386007165428,0.9928341111599133,0.9938245852966845,0.9958020925245248,0.9937529025100913,0.997088087601716,1.0,0.9946359861790236,0.9940144469168685,0.9962917020011602,0.9969401207214721
2,8,2.0265540625498843,0.5134899491402276,4129,2.1452804045243696,0.561046511627907,688,2.1508182915635765,0.5247,0.9956096372726487,0.08323377672251267,,,0.8836889483776147,,0.883714636433052,0.11628536356694796,0.9863280326804463,0.09960485018385487,5,0.001,0.1,0.9761855637530996,0.9854936050111307,0.9894838502019717,0.9918477618808632,0.993616706823427,0.9929930327135305,0.9948610983773672,0.9946359861790236,1.0,0.9919542890753434,0.9957141673545822,0.9938770260033853
2,9,2.0343512902184138,0.5683079230192452,4001,2.147116331827073,0.5187406296851574,667,2.1508291201850476,0.5246,0.9958281497377915,0.08316428877331891,,,0.8732311250691124,,0.8732372584838731,0.12676274151612688,0.9863401057390697,0.09960202052591072,5,0.001,0.1,0.9779144359494132,0.9866433112285424,0.9910361653684937,0.9934081584088047,0.9925396942702536,0.9926701795340558,0.9941770415142439,0.9940144469168685,0.9919542890753434,1.0,0.9947418365426287,0.9942165342134156
2,10,2.0445281769408554,0.5633839033170481,3889,2.149049338840303,0.5308641975308642,648,2.15081426967828,0.5247,0.9962943686452703,0.08332325837995042,,,0.8971557922504503,,0.8971738142875093,0.10282618571249069,0.9863416226486788,0.09960661317876118,5,0.001,0.1,0.9739239847411784,0.9840662088842633,0.9895817445366959,0.992750398548676,0.9941292295746753,0.9938553907192799,0.9967247512875839,0.9962917020011602,0.9957141673545822,0.9947418365426287,1.0,0.9970118476082643
2,11,2.050587774925873,0.5495647586388815,3791,2.1571404099464417,0.495253164556962,632,2.150831785445777,0.5246,0.9952388243283383,0.08311589090030101,,,0.8659473239150846,,0.8659639864296691,0.1340360135703309,0.9863267296735592,0.09960093896120921,5,0.001,0.1,0.9729837388706918,0.9830851872117489,0.9885930039408227,0.990406186098866,0.9927173162708887,0.991425292665873,0.9949493667226449,0.9969401207214721,0.9938770260033853,0.9942165342134156,0.9970118476082643,1.0
3,0,1.5214073130592762,0.6155588020452886,8214,2.078197723211244,0.5485756026296567,1369,2.075675134079906,0.5466,0.9903526175764168,0.08230985722821028,,,0.7,,0.7000125651211567,0.2999874348788433,0.9944366456708339,0.09963365769266143,5,0.001,0.1,1.0,0.9968996429140512,0.9943876429451239,0.99181656688825,0.9883922697411527,0.9866658961252927,0.9853504396772048,0.9834183612907379,0.981239109121538,0.981703821432123,0.9791757575732405,0.9793271803828858
3,1,1.642912794548331,0.61149984788561,6574,2.074850675037929,0.5346715328467153,1096,2.0752430335401346,0.5469,0.995761014530347,0.08328029571784079,,,0.8902001888045773,,0.8902195030011308,0.10978049699886916,0.9945800383396046,0.09969132836719004,5,0.001,0.1,0.9968996429140512,1.0,0.9976737769465951,0.9963146182859504,0.9943072808098764,0.9931365351737086,0.9919044167659095,0.9906779649455361,0.9885804755470857,0.9889269313275852,0.9872649332512237,0.987272678502948
3,2,1.7165048017027629,0.6186062597267854,5783,2.0786528048976773,0.5352697095435685,964,2.0752155285673783,0.5471,0.9978136693027543,0.08358173544896051,,,0.949280588422694,,0.9493045688713622,0.050695431128637836,0.9946436834221378,0.09969649101452552,5,0.001,0.1,0.9943876429451239,0.9976737769465951,1.0,0.9978620544586579,0.9961186534047459,0.9947982538161211,0.9952913464187179,0.9943705447579796,0.9918123069372901,0.992595232254648,0.991312222624069,0.9912264511460708
3,3,1.758214490672192,0.6077170418006431,5287,2.071700530392783,0.5629965947786606,881,2.0752147470419398,0.5471,0.9986036625660872,0.08363642797821608,,,0.9599999998040059,,0.9600139182880506,0.039986081711949395,0.9946477311505376,0.09969695994807187,5,0.001,0.1,0.99181656688825,0.9963146182859504,0.9978620544586579,1.0,0.9972731155790776,0.9967204641843146,0.9965615080468131,0.9953686712944886,0.9937194206950549,0.9945341575636194,0.993892887288597,0.9927874677477203
3,4,1.7911417641178253,0.593758865248227,4935,2.06788615997021,0.5450121654501217,822,2.075214785127975,0.5471,0.9987926741161421,0.08363209097344974,,,0.959149972590311,,0.9591681889794222,0.04083181102057776,0.9946450153456237,0.09969695929587927,5,0.001,0.1,0.9883922697411527,0.9943072808098764,0.9961186534047459,0.9972731155790776,1.0,0.9975661295170963,0.99706842696318,0.9968812713092833,0.9956240857361113,0.9952334556539646,0.9955380209530641,0.995065660406984
3,5,1.7955903613404052,0.5979001499892865,4667,2.0756924533843994,0.5475578406169666,778,2.0752243790001916,0.547,0.9982178670168057,0.08351182177604607,,,0.9355779231528834,,0.9355940885937696,0.06440591140623042,0.9946156163230618,0.09969542357930829,5,0.001,0.1,0.9866658961252927,0.9931365351737086,0.9947982538161211,0.9967204641843146,0.9975661295170963,1.0,0.9966568947710231,0.9959049307276477,0.9957001294249739,0.995045823650592,0.9957190934863837,0.9942639470897218
3,6,1.8356004910809653,0.5951942510666967,4453,2.078091730674108,0.522911051212938,742,2.0752178662882064,0.5471,0.9985658940838267,0.08356913017639625,,,0.9468100297553759,,0.9468302065512608,0.05316979344873918,0.9946299546441122,0.09969648735041389,5,0.001,0.1,0.9853504396772048,0.9919044167659095,0.9952913464187179,0.9965615080468131,0.99706842696318,0.9966568947710231,1.0,0.9978926836020435,0.9961004758319321,0.9960080631330195,0.9972091603306038,0.9962792737140234
3,7,1.8545242304232583,0.5927519289221417,4277,2.0729676744212275,0.5553997194950911,713,2.075227841020773,0.547,0.9981413222268647,0.08346777933189574,,,0.9269458652921133,,0.9269628169068538,0.07303718309314622,0.9946163967655666,0.09969489144007204,5,0.001,0.1,0.9834183612907379,0.9906779649455361,0.9943705447579796,0.9953686712944886,0.9968812713092833,0.9959049307276477,0.9978926836020435,1.0,0.9962146870584431,0.9959917868979979,0.9969951064197126,0.9975159250391327
3,8,1.869984406049435,0.5620731411964156,4129,2.0673638582229614,0.5813953488372093,688,2.075252990753125,0.5469,0.9968163114566942,0.083267561550841,,,0.8877043675923013,,0.8877209769864973,0.11227902301350268,0.9945786439691457,0.09969054362787341,5,0.001,0.1,0.981239109121538,0.9885804755470857,0.9918123069372901,0.9937194206950549,0.9956240857361113,0.9957001294249739,0.9961004758319321,0.9962146870584431,1.0,0.994037891797158,0.9966387825366382,0.9957124125277202
3,9,1.8813974478888134,0.6011997000749812,4001,2.070371185030256,0.5427286356821589,667,2.0752679966509153,0.5467,0.9968659266270232,0.08322652438056721,,,0.8796613255886272,,0.8796792994461681,0.12032070055383193,0.9945575170706349,0.0996896479296336,5,0.001,0.1,0.981703821432123,0.9889269313275852,0.992595232254648,0.9945341575636194,0.9952334556539646,0.995045823650592,0.9960080631330195,0.9959917868979979,0.994037891797158,1.0,0.9960012896642136,0.9959047389536788
3,10,1.8961414200360658,0.6028284906145539,3889,2.07441961197626,0.5617283950617284,648,2.075242577269435,0.5469,0.9969865206155039,0.08332796681919569,,,0.8995434419577737,,0.8995611873072945,0.10043881269270549,0.9946101902114503,0.09969213525408664,5,0.001,0.1,0.9791757575732405,0.9872649332512237,0.991312222624069,0.993892887288597,0.9955380209530641,0.9957190934863837,0.9972091603306038,0.9969951064197126,0.9966387825366382,0.9960012896642136,1.0,0.997637397724134
3,11,1.9046975141813776,0.5823793194407808,3791,2.082763683795929,0.5316455696202531,632,2.075274529929359,0.5468,0.9966176728860773,0.08318880861838066,,,0.8722692598725166,,0.8722803761803964,0.12771962381960356,0.9945624487941551,0.09968796599373043,5,0.001,0.1,0.9793271803828858,0.987272678502948,0.9912264511460708,0.9927874677477203,0.995065660406984,0.9942639470897218,0.9962792737140234,0.9975159250391327,0.9957124125277202,0.9959047389536788,0.997637397724134,1.0
4,0,1.3889223633109364,0.6384709033357682,8214,1.989577249039051,0.5924032140248356,1369,1.986080573008845,0.5879,0.9908630260627298,0.08249746731303167,,,0.7,,0.7000125651211567,0.2999874348788433,0.995621327899844,0.09967120684536936,5,0.001,0.1,1.0,0.9965437909784486,0.9944839771496636,0.9920059519708331,0.9890458103719553,0.986968101887752,0.9866048562196521,0.9845629013755935,0.9826578042277796,0.9829187211756943,0.9811751863943096,0.9815109325082743
4,1,1.4906692553492427,0.6289017341040463,6574,1.9847243104662213,0.5875912408759124,1096,1.9854450355322597,0.5877,0.9962224803916653,0.08326594047144362,,,0.8871891265960621,,0.8872087066624138,0.1127912933375862,0.9957678922607038,0.09972525187113214,5,0.001,0.1,0.9965437909784486,1.0,0.9977553071664674,0.9964359799394344,0.9949876367409539,0.9937451478898933,0.993148475667901,0.9915965458730288,0.9895720937348286,0.990229550775207,0.9891783360738092,0.9893227283015923
4,2,1.5566978571164674,0.6361749956769842,5783,1.9894054128277687,0.5809128630705395,964,1.985395636421423,0.5874,0.9982604803033603,0.08351669769835236,,,0.9482700189849371,,0.9482896937010081,0.05171030629899187,0.9957884081364962,0.09973012540967988,5,0.001,0.1,0.9944839771496636,0.9977553071664674,1.0,0.9979125499754483,0.9966944918790587,0.9957360749826547,0.9962045852140592,0.9952056054929685,0.9930229345148798,0.9934660673160467,0.993099024897898,0.9932755292893163
4,3,1.5947909535413765,0.6237563835823718,5287,1.9811160223824638,0.5981838819523269,881,1.985393092274285,0.5875,0.9987125817717205,0.08356485314164913,,,0.9599999997564141,,0.9600139182880506,0.039986081711949395,0.9957916306246065,0.09973070736607412,5,0.001,0.1,0.9920059519708331,0.9964359799394344,0.9979125499754483,1.0,0.9973126776837753,0.99696457060862,0.9970860920943392,0.9959473655545286,0.9944336743307558,0.9950031402458659,0.9949329458240797,0.9941954386623878
4,4,1.6280822538560438,0.614387031408308,4935,1.9749802305148199,0.5851581508515815,822,1.9853930004869407,0.5875,0.9987764499089038,0.08356425461477848,,,0.9598542071273097,,0.9598737688597636,0.04012623114023639,0.9957916228115788,0.0997307073542503,5,0.001,0.1,0.9890458103719553,0.9949876367409539,0.9966944918790587,0.9973126776837753,1.0,0.9973727468615575,0.9971281992467242,0.9969402043779396,0.9958387799178159,0.9958334001542559,0.9960233442031102,0.9957863523019912
4,5,1.6291730033208247,0.6240839940004286,4667,1.9857888317108154,0.6015424164524421,778,1.9854086298531237,0.5875,0.9983468293717472,0.08347659094584911,,,0.9385005847639649,,0.9385275611099835,0.06147243889001652,0.995783161775212,0.0997297343382458,5,0.001,0.1,0.986968101887752,0.9937451478898933,0.9957360749826547,0.99696457060862,0.9973727468615575,1.0,0.9969579862204463,0.9964298233232473,0.995935138660739,0.9960649171184337,0.9964342717748914,0.9951955711686895
4,6,1.67097584264619,0.6171120592858746,4453,1.9883463730414708,0.568733153638814,742,1.9853995977499235,0.5873,0.9987966683962256,0.08352627828294841,,,0.9506037130680458,,0.950619073853916,0.049380926146084025,0.9957884590348286,0.09973012826061531,5,0.001,0.1,0.9866048562196521,0.993148475667901,0.9962045852140592,0.9970860920943392,0.9971281992467242,0.9969579862204463,1.0,0.9981851768906712,0.996552038951885,0.9966448164459324,0.9975596910313835,0.9971098766188609
4,7,1.6913142869721598,0.6152443301379471,4277,1.9840693111005037,0.5876577840112202,713,1.985412397323706,0.5875,0.9983501410068621,0.08344967590449785,,,0.9319444636715244,,0.9319598689361208,0.06804013106387918,0.9957922830730427,0.09972926178613994,5,0.001,0.1,0.9845629013755935,0.9915965458730288,0.9952056054929685,0.9959473655545286,0.9969402043779396,0.9964298233232473,0.9981851768906712,1.0,0.9965266318725767,0.9970872637094712,0.9974010808935188,0.9979423254481181
4,8,1.7157424335296338,0.598692177282635,4129,1.9748443798585371,0.6061046511627907,688,1.9854531288146973,0.5877,0.9971066191795338,0.08328667792530903,,,0.8922404752793579,,0.8922637515585583,0.1077362484414417,0.9957695882017794,0.09972606662168541,5,0.001,0.1,0.9826578042277796,0.9895720937348286,0.9930229345148798,0.9944336743307558,0.9958387799178159,0.995935138660739,0.996552038951885,0.9965266318725767,1.0,0.9954811939499842,0.9969008351940091,0.9960215532410279
4,9,1.7169424821460058,0.6351412146963259,4001,1.979422682807559,0.5787106446776612,667,1.985474379298786,0.5877,0.9974239705887868,0.08327174765915318,,,0.8886036748902141,,0.8886198664230966,0.11138013357690335,0.9957501556736003,0.09972526186705274,5,0.001,0.1,0.9829187211756943,0.990229550775207,0.9934660673160467,0.9950031402458659,0.9958334001542559,0.9960649171184337,0.9966448164459324,0.9970872637094712,0.9954811939499842,1.0,0.9968705558249649,0.9971440013672863
4,10,1.73714191190532,0.6182566212393932,3889,1.9854686260223389,0.5879629629629629,648,1.9854382680247005,0.5876,0.9974680507940914,0.08333541049362922,,,0.9041110354944875,,0.9041329583127942,0.09586704168720583,0.9957602854692953,0.09972732339133428,5,0.001,0.1,0.9811751863943096,0.9891783360738092,0.993099024897898,0.9949329458240797,0.9960233442031102,0.9964342717748914,0.9975596910313835,0.9974010808935188,0.9969008351940091,0.9968705558249649,1.0,0.9976688157426326
4,11,1.7466090721242569,0.6087048272223687,3791,1.9945876598358154,0.5680379746835443,632,1.985483609068508,0.5878,0.9972938499728075,0.0832444055493578,,,0.881943526001647,,0.8819555194711051,0.11804448052889494,0.9957438140748679,0.0997243922677956,5,0.001,0.1,0.9815109325082743,0.9893227283015923,0.9932755292893163,0.9941954386623878,0.9957863523019912,0.9951955711686895,0.9971098766188609,0.9979423254481181,0.9960215532410279,0.9971440013672863,0.9976688157426326,1.0
5,0,1.2821237569189257,0.651473094716338,8214,1.8869325310684915,0.6194302410518627,1369,1.8823728169115206,0.621,0.990921287157544,0.08261430202348331,,,0.96,,0.9600139182880506,0.039986081711949395,0.9972018883703805,0.09973102498923812,5,0.001,0.1,1.0,0.9962682356924246,0.9943670682268548,0.9918208076068314,0.9890345578542883,0.9869509945018726,0.9871034860470383,0.9845981341381019,0.9828377696281608,0.9832128160737217,0.9812396549388731,0.9817698548251704
5,1,1.366649641805482,0.6463340432004868,6574,1.880462772505624,0.6195255474452555,1096,1.8816403782786653,0.6216,0.9960817094580475,0.08325243226446831,,,0.96,,0.9600139182880506,0.039986081711949395,0.9977247081551599,0.09973102498923812,5,0.001,0.1,0.9962682356924246,1.0,0.9975132574140138,0.9960903985852126,0.9946602959581323,0.9933537428305778,0.9931948776429503,0.991542129740171,0.9895436846644488,0.9903775287386134,0.9888989240420892,0.9894324430130369
5,2,1.4224171959892822,0.6476569254712087,5783,1.8862221894725677,0.6192946058091287,964,1.8815812280002875,0.6215,0.9982556722977318,0.08347648361182822,,,0.96,,0.9600139182880506,0.039986081711949395,0.9977650489235081,0.09973102498923812,5,0.001,0.1,0.9943670682268548,0.9975132574140138,1.0,0.9977210060850008,0.9965690232817063,0.995789000131417,0.9963011525332016,0.9953011462048479,0.9929649950921016,0.9938101286661629,0.992993455133734,0.9935184624010996
5,3,1.45652047467519,0.6409684130887081,5287,1.8765277223927634,0.6242905788876277,881,1.8815787398396209,0.6215,0.9986606331503187,0.08351910593058268,,,0.96,,0.9600139182880506,0.039986081711949395,0.9977695124469358,0.09973102498923812,5,0.001,0.1,0.9918208076068314,0.9960903985852126,0.9977210060850008,1.0,0.9969915147227147,0.9970276820943105,0.9972351439562493,0.9959462935983808,0.9942725007410335,0.9953170140561063,0.9949034446218178,0.9943376649767173
5,4,1.486970511482608,0.6280040526849038,4935,1.8681204456549425,0.6167883211678832,822,1.8815784427685478,0.6215,0.9986268033711259,0.08351764628647812,,,0.96,,0.9600139182880506,0.039986081711949395,0.9977695124634639,0.09973102498923812,5,0.001,0.1,0.9890345578542883,0.9946602959581323,0.9965690232817063,0.9969915147227147,1.0,0.9967697353048288,0.9969477519435279,0.9968538242071776,0.9959561341351513,0.9959603476331212,0.9957112465293437,0.9957804042347296
5,5,1.484095289772504,0.6422969787872295,4667,1.8816510677337646,0.6362467866323908,778,1.8815981107778823,0.6215,0.9983869109006096,0.08345611431971697,,,0.96,,0.9600139182880506,0.039986081711949395,0.9977596388251224,0.09973102498923812,5,0.001,0.1,0.9869509945018726,0.9933537428305778,0.995789000131417,0.9970276820943105,0.9967697353048288,1.0,0.9970632044694671,0.9968022698047789,0.9958177608422116,0.9967337189303813,0.9964437607195679,0.9955951329223697
5,6,1.5264917653799057,0.6336402425331238,4453,1.8846044391393661,0.6024258760107817,742,1.8815868807296021,0.6215,0.9988219373667615,0.08350064739181755,,,0.96,,0.9600139182880506,0.039986081711949395,0.9977650601925513,0.09973102498923812,5,0.001,0.1,0.9871034860470383,0.9931948776429503,0.9963011525332016,0.9972351439562493,0.9969477519435279,0.9970632044694671,1.0,0.9979579177094582,0.9962863975762166,0.9971292210769361,0.9974428992973906,0.9968889923939713
5,7,1.5432012266187525,0.6330605564648117,4277,1.8812423374341882,0.6227208976157083,713,1.881601996315173,0.6215,0.9983773303676076,0.08343929141469071,,,0.96,,0.9600139182880506,0.039986081711949395,0.9977547455477056,0.09973102498923812,5,0.001,0.1,0.9845981341381019,0.991542129740171,0.9953011462048479,0.9959462935983808,0.9968538242071776,0.9968022698047789,0.9979579177094582,1.0,0.9967080910055425,0.9972213399582072,0.9973983096768804,0.9978839058459927
5,8,1.5729044741392135,0.6268345846451926,4129,1.8678860772739758,0.6468023255813954,688,1.881649008193336,0.6216,0.997116584908957,0.08329857350370655,,,0.96,,0.9600139182880506,0.039986081711949395,0.9977305715565598,0.09973102498923812,5,0.001,0.1,0.9828377696281608,0.9895436846644488,0.9929649950921016,0.9942725007410335,0.9959561341351513,0.9958177608422116,0.9962863975762166,0.9967080910055425,1.0,0.9959589656265564,0.9966945673683946,0.996086368839371
5,9,1.5679523621286664,0.6451387153211697,4001,1.8746321428389776,0.6206896551724138,667,1.881672989065274,0.6216,0.9976807008270867,0.08330762942498937,,,0.96,,0.9600139182880506,0.039986081711949395,0.9977247529930183,0.09973102498923812,5,0.001,0.1,0.9832128160737217,0.9903775287386134,0.9938101286661629,0.9953170140561063,0.9959603476331212,0.9967337189303813,0.9971292210769361,0.9972213399582072,0.9959589656265564,1.0,0.9971657514241213,0.9969887030633374
5,10,1.5884192726651176,0.6374389303162766,3889,1.8822076150349207,0.6188271604938271,648,1.8816312612436068,0.6216,0.9974005090724621,0.08333764142904047,,,0.96,,0.9600139182880506,0.039986081711949395,0.9977435128755595,0.09973102498923812,5,0.001,0.1,0.9812396549388731,0.9888989240420892,0.992993455133734,0.9949034446218178,0.9957112465293437,0.9964437607195679,0.9974428992973906,0.9973983096768804,0.9966945673683946,0.9971657514241213,1.0,0.9976113396131472
5,11,1.5959380533514904,0.6311791084146663,3791,1.8925981223583221,0.6060126582278481,632,1.8816837460849993,0.6215,0.9973486818516029,0.08328013239919757,,,0.96,,0.9600139182880506,0.039986081711949395,0.9977158317047802,0.09973102498923812,5,0.001,0.1,0.9817698548251704,0.9894324430130369,0.9935184624010996,0.9943376649767173,0.9957804042347296,0.9955951329223697,0.9968889923939713,0.9978839058459927,0.996086368839371,0.9969887030633374,0.9976113396131472,1.0
6,0,1.1958850657429676,0.6593620647674702,8214,1.7730135058247767,0.647918188458729,1369,1.7673728001384308,0.6485,0.9908519943195637,0.08268670081742988,,,0.96,,0.9600139182880506,0.039986081711949395,0.9983685271076691,0.09972176471548709,5,0.001,0.1,1.0,0.9957338963077854,0.9940793411816834,0.9914513186946873,0.9889183810718458,0.9866929841378922,0.9868386802316231,0.9843332181655449,0.9835196498040687,0.9827349745871367,0.981223917032955,0.9817373099858762
6,1,1.2633131985525483,0.6558868268938242,6574,1.7648435081754412,0.6414233576642335,1096,1.7665470141572313,0.6485,0.9960380223351606,0.08324570690305955,,,0.96,,0.9600139182880506,0.039986081711949395,0.9983685271076691,0.09972176471548709,5,0.001,0.1,0.9957338963077854,1.0,0.9971844694450488,0.9959240159195524,0.9945061252774561,0.9930814516494926,0.9930008721832093,0.9912190868203878,0.9901120234191354,0.9899139046814913,0.9890944258066002,0.9894713635849978
6,2,1.3114708048204031,0.65989970603493,5783,1.7719554978032266,0.6421161825726142,964,1.7664766334497128,0.6485,0.9981484823976451,0.08345132977655505,,,0.96,,0.9600139182880506,0.039986081711949395,0.9983685271076691,0.09972176471548709,5,0.001,0.1,0.9940793411816834,0.9971844694450488,1.0,0.9973711678529362,0.9962224427859244,0.9956298846970769,0.996017048881567,0.9949830631430151,0.9933397160695434,0.993314786986057,0.9928110178678279,0.9935051298401374
6,3,1.3391408230884965,0.6560620389634954,5287,1.7607461512088776,0.6549375709421112,881,1.7664740295074999,0.6486,0.9985946538779572,0.08349188949714571,,,0.96,,0.9600139182880506,0.039986081711949395,0.9983685271076691,0.09972176471548709,5,0.001,0.1,0.9914513186946873,0.9959240159195524,0.9973711678529362,1.0,0.9968494723528892,0.9967663981395324,0.9970650873758636,0.9956994987512108,0.994547809248209,0.994899544393477,0.9948945905345411,0.9942984114637744
6,4,1.3692452949093235,0.6413779128672745,4935,1.7501686032001789,0.6447688564476886,822,1.7664737149168508,0.6485,0.9985351309352459,0.08348907174325594,,,0.96,,0.9600139182880506,0.039986081711949395,0.9983685271076691,0.09972176471548709,5,0.001,0.1,0.9889183810718458,0.9945061252774561,0.9962224427859244,0.9968494723528892,1.0,0.9967405425193085,0.9966144860226797,0.996571568266745,0.995753248745446,0.9957025139703591,0.9955000987269236,0.9956563619714573
6,5,1.3627400568086807,0.6571673451896293,4667,1.76605393409729,0.6658097686375322,778,1.766497253229062,0.6485,0.998306233382937,0.0834439261298231,,,0.96,,0.9600139182880506,0.039986081711949395,0.9983685271076691,0.09972176471548709,5,0.001,0.1,0.9866929841378922,0.9930814516494926,0.9956298846970769,0.9967663981395324,0.9967405425193085,1.0,0.9967328850651269,0.9967368935464062,0.995706135837123,0.9961659513029076,0.9964799598559072,0.9955455994126755
6,6,1.4014668498720442,0.6467549966314844,4453,1.7693875829378765,0.6428571428571429,742,1.766483106933082,0.6485,0.9986160277744857,0.08348125421170016,,,0.96,,0.9600139182880506,0.039986081711949395,0.9983685271076691,0.09972176471548709,5,0.001,0.1,0.9868386802316231,0.9930008721832093,0.996017048881567,0.9970650873758636,0.9966144860226797,0.9967328850651269,1.0,0.9975470182347768,0.9961845368453983,0.9962975985070679,0.9971304794061349,0.9965553937747614
6,7,1.4163984422363451,0.6485854570960954,4277,1.767157238462697,0.6409537166900421,713,1.7665023308592482,0.6486,0.9981994145750973,0.08343015469933986,,,0.96,,0.9600139182880506,0.039986081711949395,0.9983685271076691,0.09972176471548709,5,0.001,0.1,0.9843332181655449,0.9912190868203878,0.9949830631430151,0.9956994987512108,0.996571568266745,0.9967368935464062,0.9975470182347768,1.0,0.9964822406014872,0.9965499089716595,0.997226975348278,0.9976334067439032
6,8,1.443920301932555,0.6416565754419956,4129,1.7490905414928088,0.6584302325581395,688,1.7665565295722157,0.6485,0.9972384331687,0.08331278227490384,,,0.96,,0.9600139182880506,0.039986081711949395,0.9983685271076691,0.09972176471548709,5,0.001,0.1,0.9835196498040687,0.9901120234191354,0.9933397160695434,0.994547809248209,0.995753248745446,0.995706135837123,0.9961845368453983,0.9964822406014872,1.0,0.9956764551606174,0.9964206071618903,0.995748604062566
6,9,1.440733373922015,0.6586353411647088,4001,1.7588170312699818,0.6506746626686657,667,1.7665863322754638,0.6484,0.9973591902551787,0.08332223826454864,,,0.96,,0.9600139182880506,0.039986081711949395,0.9983685271076691,0.09972176471548709,5,0.001,0.1,0.9827349745871367,0.9899139046814913,0.993314786986057,0.994899544393477,0.9957025139703591,0.9961659513029076,0.9962975985070679,0.9965499089716595,0.9956764551606174,1.0,0.996980784077759,0.99669118244672
6,10,1.4579122392857662,0.6481871946515814,3889,1.7674922716049921,0.6620370370370371,648,1.7665351690194857,0.6486,0.9973813409920247,0.08334136788600922,,,0.96,,0.9600139182880506,0.039986081711949395,0.9983685271076691,0.09972176471548709,5,0.001,0.1,0.981223917032955,0.9890944258066002,0.9928110178678279,0.9948945905345411,0.9955000987269236,0.9964799598559072,0.9971304794061349,0.997226975348278,0.9964206071618903,0.996980784077759,1.0,0.997413998021025
