round,client_id,client_i_training_loss,client_i_training_accuracy,client_i_training_dataset_size,client_i_evaluation_loss,client_i_evaluation_accuracy,client_i_evaluation_dataset_size,client_i_central_evaluation_loss,client_i_central_evaluation_accuracy,client_i_cosine_similarity,client_i_importance_coefficient,client_i_tanh_val,tanh_normalization_value,client_i_q,client_i_mask_order,client_i_v_nonzero_fraction,client_i_v_sparsity,client_i_v_cosine_similarity,client_i_reward_gradient_norm,local_epochs,learning_rate,gamma,client_0_cosine_similarity,client_1_cosine_similarity,client_2_cosine_similarity,client_3_cosine_similarity,client_4_cosine_similarity,client_5_cosine_similarity,client_6_cosine_similarity,client_7_cosine_similarity,client_8_cosine_similarity,client_9_cosine_similarity,client_10_cosine_similarity,client_11_cosine_similarity
0,0,0.2856908651427565,0.9116386656927198,8214,2.200256680333337,0.2921840759678597,1369,2.2021749240521804,0.2897,0.7918824026628626,0.0843055372354627,,,0.9333122011778522,,0.9333266402289042,0.06667335977109579,0,0.3922003955377265,5,0.1,0.5,1.0,0.5618822531409539,0.5636868782810275,0.5607337814950382,0.57112821246527,0.5660422751728209,0.5558906228906272,0.5675659989403515,0.5124707575185418,0.5772924500626659,0.5709179485695455,0.5614225945543022
0,1,0.3136937671964898,0.9011560693641618,6574,2.2013321535927908,0.29744525547445255,1096,2.2021749347162705,0.2896,0.7969969064212011,0.08485003852200422,,,0.949999999969352,,0.9500025099141609,0.04999749008583909,0,0.3922034951549845,5,0.1,0.5,0.5618822531409539,1.0,0.5805707516413413,0.5850481565646063,0.5842160084655545,0.5964937624213574,0.5760890286626492,0.5774777743593311,0.5415918804134782,0.5944122212299607,0.6022807610369164,0.5833922912160859
0,2,0.31663859916737724,0.9042711395469479,5783,2.205712579911755,0.2946058091286307,964,2.2021783601742584,0.2897,0.7904597683274872,0.08415408046419195,,,0.9286703753694503,,0.9286832990311731,0.07131670096882692,0,0.39219917084428696,5,0.1,0.5,0.5636868782810275,0.5805707516413413,1.0,0.5926279326146157,0.5932004040512822,0.5629523595021344,0.5910648161459064,0.5957032476117462,0.5407516407112063,0.5839965118019951,0.5941770513124598,0.5869329861583764
0,3,0.3244014012436551,0.8967278229619822,5287,2.1973111970084056,0.2883087400681044,881,2.202174689442205,0.2895,0.7931800976170678,0.08444369268621414,,,0.9375463699871359,,0.9375633753325636,0.06243662466743638,0,0.3922013979741728,5,0.1,0.5,0.5607337814950382,0.5850481565646063,0.5926279326146157,1.0,0.6036647403591987,0.5903560976927364,0.5885671933302934,0.5894049845884164,0.5726909980591036,0.5983677403139414,0.5927816047300968,0.5867971659661217
0,4,0.33816278955568707,0.8944275582573455,4935,2.1994257156665507,0.3029197080291971,822,2.202181814577633,0.2894,0.7879285429978837,0.08388460066446583,,,0.9204113963966607,,0.9204307012700166,0.07956929872998342,0,0.392196502767349,5,0.1,0.5,0.57112821246527,0.5842160084655545,0.5932004040512822,0.6036647403591987,1.0,0.5889353010439249,0.5793931592469592,0.5829119866741247,0.5472256495803665,0.5910686309826347,0.5915543005674104,0.5929970810073323
0,5,0.3429430746894381,0.8902935504606814,4667,2.2028081893920897,0.29048843187660667,778,2.2021922699559613,0.2896,0.7847565485222094,0.08354690317620192,,,0.9100616913071882,,0.9100848350986396,0.08991516490136042,0,0.3921921740210579,5,0.1,0.5,0.5660422751728209,0.5964937624213574,0.5629523595021344,0.5903560976927364,0.5889353010439249,1.0,0.5886941406089488,0.5899082429462792,0.5596070142633441,0.5930205231625265,0.5950859703324162,0.5991217151591919
0,6,0.3675936343480966,0.8825510891533798,4453,2.197995940844218,0.28975741239892183,742,2.2022008895874023,0.2896,0.7778650460839035,0.08281321871312106,,,0.8875758331485968,,0.887590984388334,0.11240901561166605,0,0.39217825706867887,5,0.1,0.5,0.5558906228906272,0.5760890286626492,0.5910648161459064,0.5885671933302934,0.5793931592469592,0.5886941406089488,1.0,0.5885164244969683,0.535301291498421,0.5832970787140873,0.5976218935021481,0.601898265983033
0,7,0.37889589667598256,0.8828150572831424,4277,2.2041896011518394,0.2805049088359046,713,2.202196357349237,0.2896,0.7803916122530966,0.08308220248841207,,,0.8958196100343143,,0.8958335424928467,0.10416645750715325,0,0.3921838259367938,5,0.1,0.5,0.5675659989403515,0.5774777743593311,0.5957032476117462,0.5894049845884164,0.5829119866741247,0.5899082429462792,0.5885164244969683,1.0,0.5438005457039514,0.5948791522362135,0.5902027968389013,0.5964739539622529
0,8,0.4115025614438435,0.8746427706466456,4129,2.206932869824496,0.28924418604651164,688,2.2024072222054576,0.289,0.7357005806270546,0.07832429725125706,,,0.75,,0.750002509914161,0.24999749008583905,0,0.39184997550313727,5,0.1,0.5,0.5124707575185418,0.5415918804134782,0.5407516407112063,0.5726909980591036,0.5472256495803665,0.5596070142633441,0.535301291498421,0.5438005457039514,1.0,0.5703084897336341,0.5578119345574826,0.5536187698229238
0,9,0.38098909260805824,0.8804298925268683,4001,2.2088509173620317,0.280359820089955,667,2.20218334563624,0.2895,0.7868511566305424,0.08376989974902252,,,0.9168960588842803,,0.9169118016163847,0.08308819838361525,0,0.39219514236374403,5,0.1,0.5,0.5772924500626659,0.5944122212299607,0.5839965118019951,0.5983677403139414,0.5910686309826347,0.5930205231625265,0.5832970787140873,0.5948791522362135,0.5703084897336341,1.0,0.6146206909649785,0.5988413994401732
0,10,0.37423958531962553,0.882334790434559,3889,2.2045533657073975,0.29012345679012347,648,2.2021838201882358,0.2895,0.7869309945891713,0.08377839947318783,,,0.9171565572341643,,0.9171778525174439,0.08282214748255612,0,0.3921952956427474,5,0.1,0.5,0.5709179485695455,0.6022807610369164,0.5941770513124598,0.5927816047300968,0.5915543005674104,0.5950859703324162,0.5976218935021481,0.5902027968389013,0.5578119345574826,0.6146206909649785,1.0,0.6025308074235722
0,11,0.38060462681435736,0.8780796623582169,3791,2.202642011642456,0.2674050632911392,632,2.2021957068397593,0.2896,0.7800621721866811,0.08304712957645866,,,0.89474470036527,,0.8947492595753225,0.10525074042467752,0,0.3921831527303743,5,0.1,0.5,0.5614225945543022,0.5833922912160859,0.5869329861583764,0.5867971659661217,0.5929970810073323,0.5991217151591919,0.601898265983033,0.5964739539622529,0.5536187698229238,0.5988413994401732,0.6025308074235722,1.0
1,0,0.25297876089622884,0.9226442658875091,8214,2.0443827551464704,0.6413440467494521,1369,2.047719946684548,0.6268,0.7989864805688841,0.08397865528958134,,,0.9264984523558428,,0.9265097133678029,0.07349028663219714,0.9572053630308478,0.3994601788568318,5,0.1,0.5,1.0,0.6241267472892909,0.6211170127306307,0.6273953269510396,0.6160180760066111,0.6207997177913213,0.6064030934843615,0.6177114310893592,0.6122880154173144,0.4817201643750102,0.6134331502162765,0.6146351268772141
1,1,0.2765812298400526,0.9151201703681168,6574,2.050955751964024,0.6167883211678832,1096,2.0477084923095217,0.6267,0.805770204049066,0.08457782897632118,,,0.9477906093586885,,0.9478038251091813,0.052196174890818736,0.9572240946521936,0.39946488284627385,5,0.1,0.5,0.6241267472892909,1.0,0.6190044984204547,0.6251357388366581,0.6175888470122692,0.6266092001956942,0.6214958992776342,0.6237843764827585,0.6218402893176442,0.4853106169420318,0.625150474882582,0.6288620344471958
1,2,0.2826417162057362,0.9150959709493343,5783,2.0498360933796054,0.6089211618257261,964,2.047722042939914,0.6268,0.806868745009646,0.08415371353671487,,,0.9327192991071263,,0.9327343004869233,0.0672656995130767,0.9572107982761254,0.399461919541518,5,0.1,0.5,0.6211170127306307,0.6190044984204547,1.0,0.6213213962356539,0.6340208421886739,0.6272977533403985,0.6283097787573532,0.6224161786328282,0.6189314677556402,0.4915561153272721,0.6221927245270827,0.6262679880000837
1,3,0.2794508210349693,0.9129563079250993,5287,2.044424601963588,0.6288308740068105,881,2.047709345817566,0.6267,0.8152681993320284,0.08464000251348484,,,0.949999999964464,,0.9500025099141609,0.04999749008583909,0.957222084082018,0.3994651728299497,5,0.1,0.5,0.6273953269510396,0.6251357388366581,0.6213213962356539,1.0,0.6443664299096965,0.6368134572624319,0.6297959643305826,0.6333717834498547,0.6305005732608641,0.49842105054770114,0.6379440642855644,0.6269234753866001
1,4,0.30321098912507294,0.9073150962512665,4935,2.044909041661483,0.6399026763990268,822,2.047726385509625,0.6267,0.8130186368796456,0.08418973464462033,,,0.9339993404405711,,0.9340093368806787,0.06599066311932134,0.95720406018646,0.3994622073517452,5,0.1,0.5,0.6160180760066111,0.6175888470122692,0.6340208421886739,0.6443664299096965,1.0,0.631239105692765,0.624029009206002,0.6320526601780401,0.6348527679369649,0.48883701667428214,0.6323996287288357,0.6379022785400457
1,5,0.3007135693902431,0.9062781229912149,4667,2.049447088241577,0.6555269922879178,778,2.047741944035783,0.6267,0.8132582895248853,0.08397367985989161,,,0.9263216461434626,,0.9263390392048592,0.07366096079514084,0.9571748315749734,0.39946014798576285,5,0.1,0.5,0.6207997177913213,0.6266092001956942,0.6272977533403985,0.6368134572624319,0.631239105692765,1.0,0.6332580689581871,0.6343908904108365,0.6338641557582813,0.48490108559130274,0.6328080086128994,0.6350780332080638
1,6,0.3195103643987594,0.8996631484392544,4453,2.0394936998685202,0.6455525606469003,742,2.0477396451627103,0.6269,0.8114217182231,0.08342182204874643,,,0.9067108998470352,,0.9067315897796295,0.09326841022037047,0.9571383820115303,0.3994522359130505,5,0.1,0.5,0.6064030934843615,0.6214958992776342,0.6283097787573532,0.6297959643305826,0.624029009206002,0.6332580689581871,1.0,0.6374476380775584,0.6290090665638078,0.49141894059785624,0.6329890527538432,0.6486453688553452
1,7,0.33173510268358375,0.8974514846855273,4277,2.0479965209960938,0.6044880785413744,713,2.047745893176752,0.627,0.8127427084881157,0.08364679950427754,,,0.914705668995416,,0.9147181366397269,0.0852818633602731,0.957158838268543,0.39945593975481763,5,0.1,0.5,0.6177114310893592,0.6237843764827585,0.6224161786328282,0.6333717834498547,0.6320526601780401,0.6343908904108365,0.6374476380775584,1.0,0.6280817232835019,0.4878605434115937,0.6316754016805867,0.6452427075154715
1,8,0.33281416989837104,0.8961976265439574,4129,2.0503482005812903,0.6046511627906976,688,2.0481341604988414,0.626,0.8099358154230795,0.08038645570329409,,,0.7988465222569906,,0.7988554791426133,0.20114452085738665,0.9562624232414295,0.3992903123679365,5,0.1,0.5,0.6122880154173144,0.6218402893176442,0.6189314677556402,0.6305005732608641,0.6348527679369649,0.6338641557582813,0.6290090665638078,0.6280817232835019,1.0,0.49220156919534136,0.6415306201548628,0.645285571291444
1,9,0.4098473374968365,0.8878780304923769,4001,2.055334272838774,0.6056971514242878,667,2.04798522163123,0.6265,0.6671730115711915,0.07901188614600456,,,0.75,,0.750002509914161,0.24999749008583905,0.9564395138804391,0.39910213971508796,5,0.1,0.5,0.4817201643750102,0.4853106169420318,0.4915561153272721,0.49842105054770114,0.48883701667428214,0.48490108559130274,0.49141894059785624,0.4878605434115937,0.49220156919534136,1.0,0.49619564829167434,0.4954324960334981
1,10,0.32457490348577744,0.9015685266135254,3889,2.05263622601827,0.625,648,2.04772918749922,0.6267,0.8150371641149468,0.08418975929125934,,,0.9340002162802798,,0.9340193765373225,0.06598062346267752,0.9572016526026395,0.3994622617445287,5,0.1,0.5,0.6134331502162765,0.625150474882582,0.6221927245270827,0.6379440642855644,0.6323996287288357,0.6328080086128994,0.6329890527538432,0.6316754016805867,0.6415306201548628,0.49619564829167434,1.0,0.6473491042431511
1,11,0.3318865670501685,0.897968873648114,3791,2.0492348670959473,0.634493670886076,632,2.0477443015613495,0.6269,0.8186368022678739,0.08382966248580381,,,0.9212038637573572,,0.9212238341448723,0.0787761658551277,0.957158111734497,0.39945849609147976,5,0.1,0.5,0.6146351268772141,0.6288620344471958,0.6262679880000837,0.6269234753866001,0.6379022785400457,0.6350780332080638,0.6486453688553452,0.6452427075154715,0.645285571291444,0.4954324960334981,0.6473491042431511,1.0
2,0,0.23404535624426917,0.9289018748478208,8214,1.8529430433761243,0.8276113951789628,1369,1.8581105741068198,0.8218,0.7998639815524965,0.08398339391784033,,,0.9267634403712876,,0.9267807840971839,0.0732192159028161,0.9637340147203268,0.3971560913551632,5,0.1,0.5,1.0,0.6132042847948427,0.6205159305414012,0.6204741957247781,0.6286259298132515,0.6163831555299061,0.61299433074622,0.6276046623325858,0.5048217867475828,0.5314210700153487,0.6180204032522023,0.6186000826006861
2,1,0.2532545380592708,0.923699421965318,6574,1.86524566922869,0.8093065693430657,1096,1.858093645625983,0.8219,0.8018587169722039,0.08445245520101455,,,0.9402129561728921,,0.9402339239997992,0.059766076000200785,0.9637544158017792,0.3971594972878749,5,0.1,0.5,0.6132042847948427,1.0,0.6155889150169097,0.6201698856924491,0.6240295750099157,0.6185678844450381,0.6163499463555404,0.628629107048701,0.5111850772633664,0.5326193331797393,0.6281240536386767,0.6206775840070977
2,2,0.25869302020629464,0.9227044786443023,5783,1.8594469139652867,0.8298755186721992,964,1.8581127221591938,0.8218,0.8088836158210496,0.08441622849043007,,,0.9391742183065968,,0.9391847798805281,0.060815220119471936,0.963742396708984,0.39715929066581257,5,0.1,0.5,0.6205159305414012,0.6155889150169097,1.0,0.62199513526526,0.6318090794993547,0.6218269546895672,0.62677349228981,0.6369569350347702,0.5194691724262683,0.53741060942711,0.6329863060030227,0.6329162306335949
2,3,0.2533175608715469,0.9221864951768489,5287,1.8563100056988853,0.8172531214528944,881,1.8580925647443094,0.822,0.8104131759104304,0.08479378520800471,,,0.9499999999713267,,0.9500025099141609,0.04999749008583909,0.9637554249282322,0.3971611270959942,5,0.1,0.5,0.6204741957247781,0.6201698856924491,0.62199513526526,1.0,0.6267251112221203,0.6325418644464607,0.6324918335025275,0.6349363669662088,0.5157508181524255,0.546226268959981,0.6328861227101179,0.6266920724388557
2,4,0.27164694071537066,0.918662613981763,4935,1.8537341906474187,0.8321167883211679,822,1.8581157511415574,0.8218,0.814007318342432,0.08461985725878643,,,0.9450129187832954,,0.9450378997038301,0.05496210029616988,0.9637431155410029,0.39716039112696133,5,0.1,0.5,0.6286259298132515,0.6240295750099157,0.6318090794993547,0.6267251112221203,1.0,0.6301377354015869,0.6261678727788484,0.6355284910709978,0.5153348366492794,0.5488905525595613,0.6389120229577654,0.6407875870046086
2,5,0.26854574051430474,0.9187915148917934,4667,1.8610772275924683,0.8329048843187661,778,1.8581370747508332,0.8218,0.8114343900568789,0.08438573150231177,,,0.9382997702583104,,0.9383113297525225,0.061688670247477484,0.9637385545146513,0.39715909792633025,5,0.1,0.5,0.6163831555299061,0.6185678844450381,0.6218269546895672,0.6325418644464607,0.6301377354015869,1.0,0.6333910850828003,0.6405370268617028,0.5151518056671771,0.5378588970629482,0.6421709559664451,0.634398335393443
2,6,0.28880562977599245,0.9115203233774983,4453,1.8462099035580952,0.8436657681940701,742,1.8581228861793542,0.8221,0.8099672231607346,0.08396668494787751,,,0.9262843397428521,,0.926303900406606,0.07369609959339396,0.9637162353066293,0.39715593887309625,5,0.1,0.5,0.61299433074622,0.6163499463555404,0.62677349228981,0.6324918335025275,0.6261678727788484,0.6333910850828003,1.0,0.6371149070133086,0.511651550394546,0.5423594885007479,0.6368142084633345,0.6355229775113704
2,7,0.2963121265367563,0.9112929623567921,4277,1.8564688330111296,0.8288920056100981,713,1.8581292956781845,0.8219,0.8194320902913836,0.08444838176394925,,,0.9400961574556632,,0.9401184679483962,0.05988153205160385,0.9637286797014121,0.3971594842046419,5,0.1,0.5,0.6276046623325858,0.628629107048701,0.6369569350347702,0.6349363669662088,0.6355284910709978,0.6405370268617028,0.6371149070133086,1.0,0.5221105714674473,0.5486322036611537,0.6435697878316935,0.6452319766119086
2,8,0.36857700133974924,0.8985710825865827,4129,1.858294660394842,0.8212209302325582,688,1.8588663670963372,0.8212,0.6925970960450549,0.07782981009960008,,,0.7503201359061398,,0.7503388384117263,0.24966116158827367,0.9627883609491372,0.39675614341415777,5,0.1,0.5,0.5048217867475828,0.5111850772633664,0.5194691724262683,0.5157508181524255,0.5153348366492794,0.5151518056671771,0.511651550394546,0.5221105714674473,1.0,0.4477294328219594,0.52199479541071,0.5301327005496902
2,9,0.35021798492476186,0.9018745313671582,4001,1.8669164067222959,0.800599700149925,667,1.8586780666924132,0.821,0.7183954593555089,0.07781864513566092,,,0.75,,0.750002509914161,0.24999749008583905,0.9625116028245658,0.39675372376001683,5,0.1,0.5,0.5314210700153487,0.5326193331797393,0.53741060942711,0.546226268959981,0.5488905525595613,0.5378588970629482,0.5423594885007479,0.5486322036611537,0.4477294328219594,1.0,0.5469161022975664,0.5480907637689736
2,10,0.2901558644519966,0.9137567498071484,3889,1.8659446863901048,0.8024691358024691,648,1.858118270151912,0.8218,0.8186746186380431,0.08478350653872087,,,0.9497052770216581,,0.9497163796998143,0.05028362030018574,0.9637434825990723,0.39716110544288324,5,0.1,0.5,0.6180204032522023,0.6281240536386767,0.6329863060030227,0.6328861227101179,0.6389120229577654,0.6421709559664451,0.6368142084633345,0.6435697878316935,0.52199479541071,0.5469161022975664,1.0,0.6489058083705816
2,11,0.2942309832544763,0.9095225534159852,3791,1.861342626810074,0.8085443037974683,632,1.8581299888440215,0.8219,0.8174733537734452,0.0845015199358036,,,0.9416198020361475,,0.9416344561016013,0.05836554389839865,0.9637324073676501,0.3971597722702106,5,0.1,0.5,0.6186000826006861,0.6206775840070977,0.6329162306335949,0.6266920724388557,0.6407875870046086,0.634398335393443,0.6355229775113704,0.6452319766119086,0.5301327005496902,0.5480907637689736,0.6489058083705816,1.0
3,0,0.21920910493220686,0.9341124908692476,8214,1.6287468560906344,0.8962746530314097,1369,1.6359491340649395,0.8947,0.79320851903576,0.0836775743818333,,,0.9156055113258978,,0.9156267255659857,0.08437327443401432,0.9653212779411003,0.3982073140929772,5,0.1,0.5,1.0,0.609191826026182,0.6045622612457927,0.6112637425892171,0.6162338263641438,0.6052625906653406,0.6017274630009758,0.6113738340156585,0.5250749122775111,0.5712891921161076,0.6075494110534859,0.6063287466574987
3,1,0.23203160646597593,0.9285975053240036,6574,1.6460628918239049,0.8914233576642335,1096,1.635925133007403,0.8949,0.7995930273867824,0.08421338258605546,,,0.929088624983108,,0.9291049646102103,0.0708950353897897,0.9653354354711224,0.398212292209115,5,0.1,0.5,0.609191826026182,1.0,0.6094754793411685,0.61589893983909,0.6116346501855597,0.6132530946471076,0.6106411789367369,0.6153594452575908,0.536812983911745,0.5734144155538019,0.6243989172994313,0.6088862941165077
3,2,0.23684710566860043,0.9301400657098392,5783,1.6375361257983791,0.8983402489626556,964,1.6359449918277729,0.8948,0.8008313888596071,0.0842326497453906,,,0.9295734650753653,,0.92958686812911,0.07041313187089004,0.9653349437810999,0.3982124414479801,5,0.1,0.5,0.6045622612457927,0.6094754793411685,1.0,0.6179668643158611,0.6138703158228485,0.610212453917071,0.615067992953901,0.6188476357466262,0.5385778285940006,0.5741449004779992,0.6247893598285758,0.6134745049337784
3,3,0.23132516263888767,0.9291847928882164,5287,1.6365737915039062,0.8955732122587968,881,1.635936407616344,0.8949,0.8073145797589417,0.08471101577647469,,,0.941611100027631,,0.9416294362732794,0.05837056372672056,0.9653468782121678,0.39821551847780695,5,0.1,0.5,0.6112637425892171,0.61589893983909,0.6179668643158611,1.0,0.6216244745947651,0.6238864575156989,0.6243550991398881,0.6207858888893579,0.5372191203789466,0.5860456713872199,0.6278436975993481,0.614434131079692
3,4,0.24752035131918326,0.9281053698074975,4935,1.6305314715091999,0.9002433090024331,822,1.635962578816155,0.8946,0.8084425242181214,0.08463477131822497,,,0.9396924793566286,,0.9397018221976808,0.060298177802319164,0.9653430148689148,0.39821508644330394,5,0.1,0.5,0.6162338263641438,0.6116346501855597,0.6138703158228485,0.6216244745947651,1.0,0.6228608803192842,0.6177841434132838,0.6216909654660253,0.5436817874638505,0.5830696662028816,0.6343507713068725,0.6261670617916406
3,5,0.24405032362253087,0.9256481679880009,4667,1.6405563974380493,0.8920308483290489,778,1.6359814927219964,0.8947,0.8094653070713211,0.08451477999004572,,,0.9366730095109417,,0.936689925204558,0.06331007479544204,0.965339693315087,0.39821437891550293,5,0.1,0.5,0.6052625906653406,0.6132530946471076,0.610212453917071,0.6238864575156989,0.6228608803192842,1.0,0.6351487133015215,0.6298170929962376,0.5503647424672647,0.5795098175483484,0.631664738154825,0.621965014135106
3,6,0.26310517110595744,0.9199640691668538,4453,1.620115692416827,0.8962264150943396,742,1.6359442415328833,0.8948,0.8092964969766638,0.08422997995773084,,,0.929506282359286,,0.9295216103609256,0.07047838963907438,0.9653306565177411,0.39821243097389997,5,0.1,0.5,0.6017274630009758,0.6106411789367369,0.615067992953901,0.6243550991398881,0.6177841434132838,0.6351487133015215,1.0,0.6282429831858304,0.5452377944100578,0.5822981396068566,0.6358634133936222,0.6275848346422244
3,7,0.2623830255955013,0.9200841711480009,4277,1.631621495537136,0.908835904628331,713,1.6359621294009419,0.8947,0.809729152394838,0.08456571737114356,,,0.9379548011918656,,0.9379699814266352,0.062030018573364765,0.9653409921734442,0.3982146617795478,5,0.1,0.5,0.6113738340156585,0.6153594452575908,0.6188476357466262,0.6207858888893579,0.6216909654660253,0.6298170929962376,0.6282429831858304,1.0,0.5416062684981867,0.5820196123284581,0.629183790292382,0.6267617155074321
3,8,0.31799306869023264,0.9116493097602325,4129,1.6335593949664722,0.9011627906976745,688,1.637224595386761,0.8942,0.7222461728601739,0.07709654318319989,,,0.75,,0.750002509914161,0.24999749008583905,0.9641073405326127,0.39777446808591393,5,0.1,0.5,0.5250749122775111,0.536812983911745,0.5385778285940006,0.5372191203789466,0.5436817874638505,0.5503647424672647,0.5452377944100578,0.5416062684981867,1.0,0.5172843637354054,0.5482908473707764,0.5471608443772725
3,9,0.3009342243068016,0.9167208197950513,4001,1.6461883783340454,0.8755622188905547,667,1.63688404224932,0.8943,0.7635613863308948,0.07853629203690976,,,0.7862299369054822,,0.7862456703980724,0.21375432960192764,0.9642105320200092,0.39796709006782194,5,0.1,0.5,0.5712891921161076,0.5734144155538019,0.5741449004779992,0.5860456713872199,0.5830696662028816,0.5795098175483484,0.5822981396068566,0.5820196123284581,0.5172843637354054,1.0,0.5925998928188293,0.5793700872054452
3,10,0.260167264120012,0.9208022627924917,3889,1.6450779835383098,0.8888888888888888,648,1.6359662880151036,0.8945,0.8170271314184044,0.08504438398283906,,,0.9499999999748359,,0.9500025099141609,0.04999749008583909,0.9653464191196603,0.398217043367867,5,0.1,0.5,0.6075494110534859,0.6243989172994313,0.6247893598285758,0.6278436975993481,0.6343507713068725,0.631664738154825,0.6358634133936222,0.629183790292382,0.5482908473707764,0.5925998928188293,1.0,0.6378292321446397
3,11,0.26428439968711687,0.9199155895542074,3791,1.6414682686328887,0.8908227848101266,632,1.6359658001329953,0.8947,0.8080683949986098,0.08454290967015211,,,0.9373808666714456,,0.9373977209979418,0.06260227900205817,0.9653409844074269,0.39821453222574205,5,0.1,0.5,0.6063287466574987,0.6088862941165077,0.6134745049337784,0.614434131079692,0.6261670617916406,0.621965014135106,0.6275848346422244,0.6267617155074321,0.5471608443772725,0.5793700872054452,0.6378292321446397,1.0
4,0,0.20164110190289436,0.9394935476016557,8214,1.3812235981919045,0.9240321402483564,1369,1.390539167788082,0.9206,0.7897544194375321,0.08345933520849037,,,0.9139526676104411,,0.9139651623914462,0.0860348376085538,0.9680221495911234,0.3965335943609994,5,0.1,0.5,1.0,0.6009667741598652,0.5979686174495534,0.5985580680368386,0.6005771288172809,0.5975083689443788,0.5941744005507609,0.5931582648659356,0.538757803313999,0.5985151643921953,0.5952877226463144,0.5948183396982204
4,1,0.2143340224852261,0.9348950410708853,6574,1.402132909638541,0.9114963503649635,1096,1.3905173330642164,0.9207,0.7902699088404082,0.0838344644354189,,,0.9237919501883638,,0.9238040259023141,0.07619597409768586,0.9680403235600776,0.39653839343067254,5,0.1,0.5,0.6009667741598652,1.0,0.5864227203771669,0.5922527148966512,0.5993509262544734,0.5983032190047255,0.6007826550650035,0.5952080735914376,0.5419982514427764,0.6009112989325702,0.5995779594387305,0.5972487795821141
4,2,0.2144636608356641,0.9365035448729033,5783,1.393890377013914,0.9221991701244814,964,1.3905395143710004,0.9207,0.7897701234932323,0.0838297749253853,,,0.9236689488036133,,0.9236835500225892,0.07631644997741083,0.9680407924422505,0.3965383664831121,5,0.1,0.5,0.5979686174495534,0.5864227203771669,1.0,0.597399525254147,0.5998851428892509,0.5957826631479242,0.6059434251658005,0.5928566086842024,0.5352880484569336,0.6007045928223989,0.600216778925861,0.5951404145089862
4,3,0.21301233125513935,0.9346699451484773,5287,1.3932847210339137,0.9182746878547106,881,1.3905100955749854,0.9206,0.8004306673226586,0.08452243771906261,,,0.9418368346119423,,0.9418553285477637,0.05814467145223634,0.9680582243247895,0.39654398269173297,5,0.1,0.5,0.5985580680368386,0.5922527148966512,0.597399525254147,1.0,0.6094695791109149,0.6165249645965807,0.6125631283820717,0.60323649626174,0.554162267049039,0.6111726229957095,0.607102324204786,0.6053075227381611
4,4,0.23253282297162278,0.931225937183384,4935,1.3841105699539185,0.9306569343065694,822,1.3905400281516127,0.9206,0.799881880962867,0.08445238296864313,,,0.9399993651858813,,0.9400030118969931,0.05999698810300691,0.9680547168458494,0.3965435473540632,5,0.1,0.5,0.6005771288172809,0.5993509262544734,0.5998851428892509,0.6094695791109149,1.0,0.6070779713685943,0.6011346097301092,0.6035753382335034,0.5460750433893254,0.6069503463101348,0.6110700079265682,0.6167632412853766
4,5,0.22244743456528204,0.9331476323119777,4667,1.3959942388534545,0.9190231362467867,778,1.3905592341773427,0.9207,0.8018643194948616,0.08444195254519468,,,0.9397257851064058,,0.9397419808242559,0.06025801917574414,0.968049870772272,0.39654351290035333,5,0.1,0.5,0.5975083689443788,0.5983032190047255,0.5957826631479242,0.6165249645965807,0.6070779713685943,1.0,0.6138507897603798,0.6061843033714663,0.5547206854430377,0.6044735837431644,0.6139411789745585,0.6132667909655063
4,6,0.2423064824280196,0.9267011003817651,4453,1.3707974304755528,0.921832884097035,742,1.3905192461257545,0.921,0.802268757748339,0.08426635324995436,,,0.9351199827259832,,0.9351387982530998,0.06486120174690024,0.9680449967460327,0.3965423117481882,5,0.1,0.5,0.5941744005507609,0.6007826550650035,0.6059434251658005,0.6125631283820717,0.6011346097301092,0.6138507897603798,1.0,0.6115924335615817,0.5471922183887135,0.6107878204022099,0.6123775953644512,0.6161507912291844
4,7,0.24396123927600905,0.9272854804769698,4277,1.3828969986542412,0.9312762973352033,713,1.3905418220038612,0.9208,0.7966159822789594,0.08429182408573273,,,0.9357880585055516,,0.9358064354199086,0.0641935645800914,0.9680483718284666,0.39654247999458403,5,0.1,0.5,0.5931582648659356,0.5952080735914376,0.5928566086842024,0.60323649626174,0.6035753382335034,0.6061843033714663,0.6115924335615817,1.0,0.5497848013213796,0.5999486056949845,0.603826448535831,0.6120496018983969
4,8,0.24527794176873824,0.9278759990312424,4129,1.3870816501704128,0.9200581395348837,688,1.3925340476508339,0.9202,0.7365683791306549,0.07720853013540746,,,0.75,,0.750002509914161,0.24999749008583905,0.9667365517162977,0.3960902567327126,5,0.1,0.5,0.538757803313999,0.5419982514427764,0.5352880484569336,0.554162267049039,0.5460750433893254,0.5547206854430377,0.5471922183887135,0.5497848013213796,1.0,0.5568746514129447,0.5556160403507404,0.5635754223862379
4,9,0.24676883693414095,0.9273681579605099,4001,1.4032046965190343,0.9115442278860569,667,1.3917362834698856,0.9203,0.7981022195698545,0.08032608529127742,,,0.8317705044792693,,0.8317855529340896,0.16821444706591038,0.9674085727095139,0.3964246957062829,5,0.1,0.5,0.5985151643921953,0.6009112989325702,0.6007045928223989,0.6111726229957095,0.6069503463101348,0.6044735837431644,0.6107878204022099,0.5999486056949845,0.5568746514129447,1.0,0.6139012254739288,0.6103018191564507
4,10,0.24053888297105422,0.9287220365132425,3889,1.402067604519072,0.9120370370370371,648,1.390541686798437,0.9206,0.8029704844098465,0.0848336638564584,,,0.9499999999737709,,0.9500025099141609,0.04999749008583909,0.9680554832050886,0.39654549410193757,5,0.1,0.5,0.5952877226463144,0.5995779594387305,0.600216778925861,0.607102324204786,0.6110700079265682,0.6139411789745585,0.6123775953644512,0.603826448535831,0.5556160403507404,0.6139012254739288,1.0,0.6174325440375771
4,11,0.23857159579814483,0.9271432339752045,3791,1.397817724943161,0.9224683544303798,632,1.390534691155528,0.9208,0.80393141605497,0.0845331955789745,,,0.942119003038203,,0.9421364389337885,0.05786356106621149,0.9680540060312125,0.3965440624029528,5,0.1,0.5,0.5948183396982204,0.5972487795821141,0.5951404145089862,0.6053075227381611,0.6167632412853766,0.6132667909655063,0.6161507912291844,0.6120496018983969,0.5635754223862379,0.6103018191564507,0.6174325440375771,1.0
5,0,0.18981871976433792,0.9431701972242513,8214,1.140407035517138,0.943754565376187,1369,1.1516623420837206,0.9374,0.7772581991421094,0.08368126526428997,,,0.9207707887009401,,0.9207871090808695,0.07921289091913053,0.966678816446871,0.3851733395846296,5,0.1,0.5,1.0,0.5805346652886525,0.5787715575410781,0.5751991023466322,0.5797804812984174,0.5775570199419503,0.5684243236847005,0.5729432820006845,0.5729574784730251,0.42302087233353625,0.5757523053554389,0.5740420321828797
5,1,0.19693574595843777,0.9395193185275327,6574,1.1638571500778199,0.9288321167883211,1096,1.1516425775262875,0.9374,0.7799952287298226,0.0840305998470742,,,0.9281268297068479,,0.9281461774007329,0.07185382259926709,0.9666983877533906,0.38517649870892723,5,0.1,0.5,0.5805346652886525,1.0,0.5795566953014659,0.5721489080322983,0.5756720856845441,0.5778399314775272,0.5740326289616131,0.580192484587311,0.5826164723061921,0.4168199656190734,0.5829599455615729,0.5802347011312747
5,2,0.20019434194147423,0.9421061732664707,5783,1.1560981081378074,0.9325726141078838,964,1.1516588061762314,0.9374,0.7837838503447873,0.08416161232383164,,,0.9308855979445421,,0.9309020631494402,0.06909793685055976,0.9667020944187875,0.385177455297641,5,0.1,0.5,0.5787715575410781,0.5795566953014659,1.0,0.5776818797528807,0.5852300284383004,0.5818721613639005,0.577841141372729,0.5849371610839567,0.582343342081461,0.4247709338311053,0.581904354028707,0.5826422697925626
5,3,0.19787991722731527,0.9400037828636277,5287,1.1565859828676497,0.9318955732122588,881,1.1516309287220525,0.9375,0.784657376646667,0.08465860768537226,,,0.9413509753775485,,0.9413684052005421,0.0586315947994579,0.9667138245665108,0.38518048142778377,5,0.1,0.5,0.5751991023466322,0.5721489080322983,0.5776818797528807,1.0,0.5823807686992972,0.5904584387294515,0.5783121111954357,0.5866958779085364,0.5890770936744155,0.41761157110336966,0.5888288336800965,0.5837660897654808
5,4,0.21269015028111396,0.9378318135764945,4935,1.144115610764577,0.9452554744525548,822,1.1516609315674144,0.9374,0.785558309800648,0.08464337614644675,,,0.9410302403846769,,0.9410521560162642,0.05894784398373576,0.9667131908301433,0.3851804360518844,5,0.1,0.5,0.5797804812984174,0.5756720856845441,0.5852300284383004,0.5823807686992972,1.0,0.5872769073082326,0.5766756076768421,0.5795625653334215,0.5865320833368325,0.4182897716863552,0.5919602000138054,0.5872799566638178
5,5,0.20461164741611032,0.9381615598885794,4667,1.1587306022644044,0.9421593830334191,778,1.1516742868164478,0.9375,0.7880940942285256,0.0847261586493981,,,0.9427734158854487,,0.9427839967873098,0.05721600321269016,0.9667140393886388,0.3851808131544435,5,0.1,0.5,0.5775570199419503,0.5778399314775272,0.5818721613639005,0.5904584387294515,0.5872769073082326,1.0,0.5864999500075362,0.584883833045519,0.5894207766864665,0.4215646778710078,0.5873507330689121,0.5895147751995805
5,6,0.22168781142216176,0.9324949472265888,4453,1.129845899840196,0.9420485175202157,742,1.1516265806298667,0.9375,0.781206638536008,0.08436409801252862,,,0.9351493986175046,,0.935168917223031,0.06483108277696903,0.9667087014032767,0.3851788617953814,5,0.1,0.5,0.5684243236847005,0.5740326289616131,0.577841141372729,0.5783121111954357,0.5766756076768421,0.5864999500075362,1.0,0.5791996009299999,0.5791695854910265,0.4234840928761101,0.5824791967460912,0.5852286375381923
5,7,0.22365547059548657,0.9329436520925882,4277,1.1412808791450832,0.9467040673211781,713,1.1516614908608385,0.9374,0.7845859376168335,0.08450090850798567,,,0.9380302574394387,,0.9380502986797852,0.06194970132021482,0.9667090286374848,0.38517967411229487,5,0.1,0.5,0.5729432820006845,0.580192484587311,0.5849371610839567,0.5866958779085364,0.5795625653334215,0.584883833045519,0.5791996009299999,1.0,0.5833220074304751,0.4151339649803566,0.5849207378494107,0.590329878683001
5,8,0.22149246725280625,0.9343666747396464,4129,1.1465878161517056,0.936046511627907,688,1.1538397690739495,0.9369,0.7848931848638877,0.0797457672522242,,,0.8378998501162374,,0.8379097434867727,0.16209025651322728,0.9655274925581707,0.38506875307660215,5,0.1,0.5,0.5729574784730251,0.5826164723061921,0.582343342081461,0.5890770936744155,0.5865320833368325,0.5894207766864665,0.5791695854910265,0.5833220074304751,1.0,0.4284865642923335,0.5906609046656622,0.595904369773727
5,9,0.30035035749844236,0.921469632591852,4001,1.1662551107860746,0.9250374812593704,667,1.1533378574033133,0.9371,0.6077855326891182,0.07557144883250755,,,0.75,,0.750002509914161,0.24999749008583905,0.9655728864883452,0.3847132685086072,5,0.1,0.5,0.42302087233353625,0.4168199656190734,0.4247709338311053,0.41761157110336966,0.4182897716863552,0.4215646778710078,0.4234840928761101,0.4151339649803566,0.4284865642923335,1.0,0.428325583577408,0.4225381291716563
5,10,0.22004414105665732,0.9315505271277964,3889,1.1643517698560442,0.9320987654320988,648,1.151654219284606,0.9375,0.7903424618975432,0.08506934539036765,,,0.9499999999789427,,0.9500025099141609,0.04999749008583909,0.9667207800206757,0.385182248473192,5,0.1,0.5,0.5757523053554389,0.5829599455615729,0.581904354028707,0.5888288336800965,0.5919602000138054,0.5873507330689121,0.5824791967460912,0.5849207378494107,0.5906609046656622,0.428325583577408,1.0,0.59812942423779
5,11,0.21541585979059713,0.9346874175679241,3791,1.160853660106659,0.939873417721519,632,1.1516446983471464,0.9374,0.7897674797336512,0.08484681208797343,,,0.9453140508108265,,0.9453340695748206,0.05466593042517942,0.9667165173266904,0.3851813605402779,5,0.1,0.5,0.5740420321828797,0.5802347011312747,0.5826422697925626,0.5837660897654808,0.5872799566638178,0.5895147751995805,0.5852286375381923,0.590329878683001,0.595904369773727,0.4225381291716563,0.59812942423779,1.0
6,0,0.18079952383848769,0.944509374239104,8214,0.9068850431331369,0.9488677867056245,1369,0.9190642026285775,0.9451,0.7690593752842259,0.08360484433308993,,,0.9168611750754693,,0.9168766628181316,0.08312333718186837,0.9640673671031172,0.38417785983059477,5,0.1,0.5,1.0,0.5679601081296042,0.5592343851240789,0.5602440941175242,0.5656879542137497,0.5573855805493967,0.5501405190130003,0.5586722690847532,0.5183705754841887,0.5344679552304735,0.5543263932088398,0.5588451911276546
6,1,0.18479423460514438,0.9456343170063888,6574,0.9306867156709944,0.9416058394160584,1096,0.9190368494286705,0.9451,0.7724536210063575,0.08396037183451212,,,0.9262871017974222,,0.926303900406606,0.07369609959339396,0.9640863158162191,0.3841818197065955,5,0.1,0.5,0.5679601081296042,1.0,0.5504652394815817,0.5556854812204461,0.5668499611214906,0.5562566246790691,0.5648202932130576,0.566796045190968,0.519576997250753,0.538447079062588,0.5672889082205402,0.5606585238487324
6,2,0.19053979297683096,0.9451841604703441,5783,0.9254218032283168,0.9356846473029046,964,0.9190585356169996,0.9451,0.7631906467400587,0.08372030552466873,,,0.919922341164443,,0.9199287184378294,0.08007128156217058,0.9640780354725079,0.3841792410739219,5,0.1,0.5,0.5592343851240789,0.5504652394815817,1.0,0.5506710183489643,0.5583703708111161,0.5466939851748999,0.5526296916268019,0.558548904252834,0.5144604084804791,0.5271446623408975,0.5568695853997784,0.5533526955560317
6,3,0.17996617809473817,0.9457537355778324,5287,0.9255887738295964,0.94211123723042,881,0.9190330699609872,0.945,0.7755410267663145,0.08449267607937395,,,0.9403998238394056,,0.9404146378193866,0.05958536218061339,0.9641115160186189,0.38418607871918403,5,0.1,0.5,0.5602440941175242,0.5556854812204461,0.5506710183489643,1.0,0.563899172732608,0.5663124174391511,0.5705496047023987,0.56816663018615,0.5331952316426573,0.5461056934122411,0.5666464361140041,0.5595993903952377
6,4,0.19477786265073285,0.9418439716312057,4935,0.9112928372163039,0.9537712895377128,822,0.9190604981903832,0.945,0.7756336396711853,0.08448570182457894,,,0.9402149188338151,,0.9402339239997992,0.059766076000200785,0.9641116880796802,0.38418605121387595,5,0.1,0.5,0.5656879542137497,0.5668499611214906,0.5583703708111161,0.563899172732608,1.0,0.5550174094468693,0.5574406811539611,0.5656900640673266,0.528826022204186,0.5411719486515114,0.5703128038892397,0.5680577484903125
6,5,0.18973503985812198,0.9427469466466681,4667,0.927119390964508,0.9511568123393316,778,0.919071621216905,0.945,0.7715962719224319,0.08439835809559965,,,0.9378992172757428,,0.9379097434867728,0.06209025651322719,0.9641098725821179,0.3841854484694331,5,0.1,0.5,0.5573855805493967,0.5562566246790691,0.5466939851748999,0.5663124174391511,0.5550174094468693,1.0,0.5694995227872589,0.5640812491962107,0.5297307664352511,0.5379129011280877,0.5660050407441686,0.5548982253165224
6,6,0.20340201686976278,0.9384684482371435,4453,0.8957890644669533,0.9474393530997305,742,0.9190145706216367,0.945,0.7766129927468796,0.08433235213905593,,,0.9361492336398646,,0.9361678630590834,0.0638321369409166,0.9641019254255884,0.3841850019349403,5,0.1,0.5,0.5501405190130003,0.5648202932130576,0.5526296916268019,0.5705496047023987,0.5574406811539611,0.5694995227872589,1.0,0.570740338940349,0.5306223752852616,0.5471228743896573,0.5660044594498255,0.572625922933357
6,7,0.20665786083884982,0.9395370586859949,4277,0.9048494903937631,0.9551192145862553,713,0.9190568697338287,0.945,0.7775686379803769,0.0844583455786569,,,0.939489636068298,,0.9394960092364841,0.06050399076351587,0.9641091256164785,0.3841858445875644,5,0.1,0.5,0.5586722690847532,0.566796045190968,0.558548904252834,0.56816663018615,0.5656900640673266,0.5640812491962107,0.570740338940349,1.0,0.5284315111332633,0.5381801969297657,0.5656271214462746,0.5743067047206148
6,8,0.2347853079689398,0.9322838459675467,4129,0.9129423932595686,0.9447674418604651,688,0.9212576394644789,0.9449,0.7338340660375453,0.07970637020997014,,,0.8135028377739612,,0.8135234174991215,0.1864765825008785,0.9635752092446556,0.3840122486391512,5,0.1,0.5,0.5183705754841887,0.519576997250753,0.5144604084804791,0.5331952316426573,0.528826022204186,0.5297307664352511,0.5306223752852616,0.5284315111332633,1.0,0.5146802199679379,0.5279062754978631,0.5395273567346159
6,9,0.2300149735698517,0.9341664583854037,4001,0.9363543816975185,0.9325337331334332,667,0.9211495116876718,0.9449,0.745562814794458,0.07731116749802742,,,0.75,,0.750002509914161,0.24999749008583905,0.9627638080272342,0.3837068351599411,5,0.1,0.5,0.5344679552304735,0.538447079062588,0.5271446623408975,0.5461056934122411,0.5411719486515114,0.5379129011280877,0.5471228743896573,0.5381801969297657,0.5146802199679379,1.0,0.5492208222496296,0.5416197491184137
6,10,0.203750207333169,0.939778863461044,3889,0.9319909385272435,0.9367283950617284,648,0.9190496082503956,0.945,0.7779540592176621,0.08485477592746782,,,0.9499999999734874,,0.9500025099141609,0.04999749008583909,0.9641288325717605,0.3841880806262301,5,0.1,0.5,0.5543263932088398,0.5672889082205402,0.5568695853997784,0.5666464361140041,0.5703128038892397,0.5660050407441686,0.5660044594498255,0.5656271214462746,0.5279062754978631,0.5492208222496296,1.0,0.5707038568078497
