round,client_id,client_i_training_loss,client_i_training_accuracy,client_i_training_dataset_size,client_i_evaluation_loss,client_i_evaluation_accuracy,client_i_evaluation_dataset_size,client_i_central_evaluation_loss,client_i_central_evaluation_accuracy,client_i_cosine_similarity,client_i_importance_coefficient,client_i_tanh_val,tanh_normalization_value,client_i_q,client_i_mask_order,client_i_v_nonzero_fraction,client_i_v_sparsity,client_i_v_cosine_similarity,client_i_reward_gradient_norm,local_epochs,learning_rate,gamma,client_0_cosine_similarity,client_1_cosine_similarity,client_2_cosine_similarity,client_3_cosine_similarity,client_4_cosine_similarity,client_5_cosine_similarity,client_6_cosine_similarity,client_7_cosine_similarity,client_8_cosine_similarity,client_9_cosine_similarity,client_10_cosine_similarity,client_11_cosine_similarity
0,0,2.250247336316992,0.14867786705624544,6845,2.2986758188767866,0.14901387874360847,1369,2.299589636959607,0.1522,0.8826806450926306,0.07819026651366402,,,0.55,,0.5500404350481095,0.4499595649518905,0,0.13995635499116393,10,0.025,0.15,1.0,0.927090540430086,0.8613573010152052,0.8583311653166723,0.8443724759397461,0.7918424916725297,0.7562941624786611,0.7593520548175949,0.7454373696507727,0.7273856598210802,0.7097114760612975,0.7077459710233526
0,1,2.2852498730947803,0.1420956553486674,5478,2.2997941970825195,0.13503649635036497,1096,2.2994798527488225,0.1524,0.9549044067401592,0.08458804492110489,,,0.8994082904613034,,0.8994487630176099,0.1005512369823901,0,0.14084161543816695,10,0.025,0.15,0.927090540430086,1.0,0.9330329504018563,0.9323642422589578,0.9033278503049061,0.8855424550981582,0.873230232627793,0.8481436073167915,0.8577761479572935,0.852349518329177,0.8035611111837452,0.8200618919620927
0,2,2.2936945181143913,0.1300622406639004,4820,2.302787482738495,0.14522821576763487,964,2.299477326719067,0.1524,0.9691457988535781,0.08584958639826842,,,0.9683061207408077,,0.9683451337657408,0.03165486623425917,0,0.14086986373507232,10,0.025,0.15,0.8613573010152052,0.9330329504018563,1.0,0.9502143175458218,0.8858795691569974,0.9356349420605454,0.908262551984401,0.8745216087272921,0.890533150695781,0.8879725541639472,0.8786112425768116,0.9030909720860459
0,3,2.2944335290363855,0.14110304130730822,4406,2.300081968307495,0.15891032917139614,881,2.2994773478447637,0.1524,0.9694959288627134,0.08588060187241632,,,0.9699999999453859,,0.9700285520951957,0.029971447904804327,0,0.14086990107364683,10,0.025,0.15,0.8583311653166723,0.9323642422589578,0.9502143175458218,1.0,0.9050903183927708,0.9236201446907303,0.8902968733525183,0.8861706629754096,0.9060875445471097,0.8898932130823652,0.8867931344393217,0.8929200300251373
0,4,2.2937831250104037,0.15323443579766538,4112,2.3003760405949185,0.16058394160583941,822,2.299480169634276,0.1524,0.9437904192024956,0.08360353749768874,,,0.8456403988815921,,0.8456949051839382,0.1543050948160618,0,0.14083734555997515,10,0.025,0.15,0.8443724759397461,0.9033278503049061,0.8858795691569974,0.9050903183927708,1.0,0.9065511446753514,0.9011952012956161,0.9058937646467027,0.8312880554740063,0.8541359217058498,0.8430132168062828,0.8485060011082097
0,5,2.2963620570398144,0.13643610182566213,3889,2.2971033368791853,0.15681233933161953,778,2.299477465545075,0.1524,0.9593212552357236,0.08497930144512487,,,0.9207763755188694,,0.9208133221105445,0.07918667788945555,0,0.14086922572361793,10,0.025,0.15,0.7918424916725297,0.8855424550981582,0.9356349420605454,0.9236201446907303,0.9065511446753514,1.0,0.9368127038176923,0.9085742320250016,0.8747815658514688,0.8864560128069091,0.9135043765484477,0.9301900405695716
0,6,2.2976125692499094,0.1286176232821342,3711,2.2996545235315957,0.1792452830188679,742,2.299479879910433,0.1524,0.9518604960000508,0.08431840697975419,,,0.8846822830676624,,0.8847271046855143,0.1152728953144857,0,0.14084087761885858,10,0.025,0.15,0.7562941624786611,0.873230232627793,0.908262551984401,0.8902968733525183,0.9011952012956161,0.9368127038176923,1.0,0.9472425086667853,0.9026163978934478,0.9246806121547558,0.9107620959030004,0.9049681852280372
0,7,2.297502536433084,0.14977553310886643,3564,2.297377069791158,0.15427769985974754,713,2.2994803778732877,0.1524,0.9416022353292065,0.08340970218342803,,,0.8350542764069381,,0.8351075242197686,0.16489247578023136,0,0.1408357312885605,10,0.025,0.15,0.7593520548175949,0.8481436073167915,0.8745216087272921,0.8861706629754096,0.9058937646467027,0.9085742320250016,0.9472425086667853,1.0,0.9092054641947158,0.8950116291838603,0.9131837137787494,0.8993526225987605
0,8,2.297902313868205,0.12342342342342343,3441,2.3016026417414346,0.13372093023255813,688,2.299487648130972,0.1524,0.9335522904132871,0.08269661603851772,,,0.7961097874019779,,0.7961413411232692,0.20385865887673082,0,0.14073212551942968,10,0.025,0.15,0.7454373696507727,0.8577761479572935,0.890533150695781,0.9060875445471097,0.8312880554740063,0.8747815658514688,0.9026163978934478,0.9092054641947158,1.0,0.9261934231816489,0.9030368771899864,0.9131071453069725
0,9,2.29881340486032,0.12123575284943011,3334,2.301279902458191,0.15442278860569716,667,2.299488318117359,0.1524,0.9311733477099217,0.08248588278518194,,,0.7846008008284879,,0.7846379825386609,0.2153620174613391,0,0.14072917788544062,10,0.025,0.15,0.7273856598210802,0.852349518329177,0.8879725541639472,0.8898932130823652,0.8541359217058498,0.8864560128069091,0.9246806121547558,0.8950116291838603,0.9261934231816489,1.0,0.897239152105566,0.9071938791493442
0,10,2.2998986014953027,0.12823202715211354,3241,2.293657581011454,0.16666666666666666,648,2.2994909980629066,0.1524,0.922479898954472,0.08171579330957081,,,0.7425431317378263,,0.7425855325048274,0.2574144674951726,0,0.14071078099321221,10,0.025,0.15,0.7097114760612975,0.8035611111837452,0.8786112425768116,0.8867931344393217,0.8430132168062828,0.9135043765484477,0.9107620959030004,0.9131837137787494,0.9030368771899864,0.897239152105566,1.0,0.9247558110730049
0,11,2.2993801441192625,0.13713200379867047,3159,2.2993095397949217,0.14556962025316456,632,2.2994888009904306,0.1524,0.9288746748622746,0.08228226005528014,,,0.7734801484046236,,0.7735142182832434,0.2264857817167566,0,0.1407250975580006,10,0.025,0.15,0.7077459710233526,0.8200618919620927,0.9030909720860459,0.8929200300251373,0.8485060011082097,0.9301900405695716,0.9049681852280372,0.8993526225987605,0.9131071453069725,0.9071938791493442,0.9247558110730049,1.0
1,0,2.116383238854232,0.22151935719503288,6845,2.2890233126553623,0.15777940102264426,1369,2.289951433109332,0.1628,0.9075467319529226,0.077982332395883,,,0.55,,0.5500404350481095,0.4499595649518905,0.8541438711371064,0.14575322877588423,10,0.025,0.15,1.0,0.9542623171341665,0.9270861448507691,0.9029138522801969,0.8993003838036879,0.8757636246563026,0.858952687295859,0.8530252603114209,0.8489679401543991,0.8302853476153861,0.8346302507768909,0.8294432804291314
1,1,2.1698745658231338,0.20370573201898504,5478,2.289219697316488,0.15967153284671534,1096,2.28971758371667,0.1621,0.9642913271288982,0.08379240168267926,,,0.8808154775734686,,0.8808486408872604,0.11915135911273955,0.8631018737947163,0.14616484600725407,10,0.025,0.15,0.9542623171341665,1.0,0.9731871713198911,0.961437161675362,0.9605368240528493,0.9439043144801271,0.9291096292332442,0.9202613431523272,0.9236476939959156,0.9072865140238061,0.9025407435896019,0.89639093661254
1,2,2.2025569671078733,0.2045435684647303,4820,2.2928411066532135,0.14315352697095435,964,2.289711858652815,0.1619,0.9823468190930614,0.08516179942714253,,,0.9587866594063867,,0.9588305193840669,0.04116948061593306,0.8635977500019391,0.14616908568070974,10,0.025,0.15,0.9270861448507691,0.9731871713198911,1.0,0.9778384688789463,0.9739200182125473,0.9706894595930582,0.9554530773275063,0.9464064588839782,0.9543296631660912,0.9362631266351531,0.9356517660018376,0.9309877532766418
1,3,2.2083356390680584,0.19226055379028598,4406,2.2908058847699846,0.1611804767309875,881,2.2897118284732483,0.1619,0.9878012730226633,0.08535873787129393,,,0.9699999999430616,,0.9700285520951957,0.029971447904804327,0.863602185433557,0.14616917441746433,10,0.025,0.15,0.9029138522801969,0.961437161675362,0.9778384688789463,1.0,0.9785267500682608,0.9780424132719736,0.9668456315706362,0.9610895212381998,0.9690018257714714,0.9543667555700497,0.95008491642309,0.9445638032124996
1,4,2.213646492813573,0.1815418287937743,4112,2.289754901613508,0.17396593673965938,822,2.2897183593315416,0.1621,0.9836652928050774,0.08381417936341846,,,0.8820554617283141,,0.8821029525837171,0.11789704741628293,0.8630443316766534,0.1461649883299566,10,0.025,0.15,0.8993003838036879,0.9605368240528493,0.9739200182125473,0.9785267500682608,1.0,0.9739627081757314,0.9619330170083245,0.9570173956975735,0.9585960515909095,0.9453160258474566,0.948488948420839,0.9391154886914769
1,5,2.222701829864133,0.18192337361789662,3889,2.2878640719822476,0.17737789203084833,778,2.289711846580988,0.1619,0.9886436511673797,0.08482817028891285,,,0.9397903828995475,,0.9398342988232575,0.06016570117674247,0.8635914377101126,0.1461687698980333,10,0.025,0.15,0.8757636246563026,0.9439043144801271,0.9706894595930582,0.9780424132719736,0.9739627081757314,1.0,0.9821206901562815,0.9691461602629639,0.9716481856769734,0.9623954649198563,0.9655590907183237,0.9608050029275584
1,6,2.2462609208863356,0.18781999461061707,3711,2.2895009915033975,0.1765498652291105,742,2.289715987217577,0.1619,0.9861438367571209,0.08433753689085427,,,0.9118545504885469,,0.9119011074251951,0.08809889257480485,0.8632636507928089,0.14616753895113174,10,0.025,0.15,0.858952687295859,0.9291096292332442,0.9554530773275063,0.9668456315706362,0.9619330170083245,0.9821206901562815,1.0,0.9799421697889705,0.9769683840254039,0.9746557224954644,0.9722739116600937,0.9670838498284974
1,7,2.2526361789022173,0.17937710437710438,3564,2.2875179449717202,0.1697054698457223,713,2.289717942853517,0.162,0.9824235621203515,0.08365370884115016,,,0.8729185427278305,,0.8729596804805995,0.12704031951940054,0.8630378765203311,0.14616369818139224,10,0.025,0.15,0.8530252603114209,0.9202613431523272,0.9464064588839782,0.9610895212381998,0.9570173956975735,0.9691461602629639,0.9799421697889705,1.0,0.9813309328201381,0.9763008516441333,0.9722832730314469,0.9657733867601709
1,8,2.247042507595486,0.17387387387387387,3441,2.2929314772288003,0.14680232558139536,688,2.28972345062449,0.162,0.9840014412677214,0.08326363592575921,,,0.8507084534115485,,0.850761664273572,0.14923833572642797,0.8624290992569432,0.14616098985402098,10,0.025,0.15,0.8489679401543991,0.9236476939959156,0.9543296631660912,0.9690018257714714,0.9585960515909095,0.9716481856769734,0.9769683840254039,0.9813309328201381,1.0,0.9799970466015601,0.9694826861513594,0.9664064210246124
1,9,2.2537307310987402,0.16766646670665866,3334,2.29154642422994,0.15442278860569716,667,2.2897253127037724,0.162,0.9757579716965105,0.08286454843929254,,,0.8279850897282448,,0.8280355168259312,0.17196448317406876,0.8623851514393693,0.14615679947526033,10,0.025,0.15,0.8302853476153861,0.9072865140238061,0.9362631266351531,0.9543667555700497,0.9453160258474566,0.9623954649198563,0.9746557224954644,0.9763008516441333,0.9799970466015601,1.0,0.9701359991834135,0.9673983798224692
1,10,2.2686872775738056,0.16723233569885837,3241,2.2848974466323853,0.18518518518518517,648,2.2897349580933777,0.1629,0.9752216179406452,0.08237029008418983,,,0.7998428584196506,,0.799863015959466,0.20013698404053404,0.8616867733974963,0.1461433849737282,10,0.025,0.15,0.8346302507768909,0.9025407435896019,0.9356517660018376,0.95008491642309,0.948488948420839,0.9655590907183237,0.9722739116600937,0.9722832730314469,0.9694826861513594,0.9701359991834135,1.0,0.977772268778818
1,11,2.2687668447494507,0.17236467236467237,3159,2.290077972412109,0.1518987341772152,632,2.2897265591198885,0.162,0.9706691443466177,0.08257265878942403,,,0.811365388799816,,0.8114076347972471,0.1885923652027529,0.8623469925084455,0.14615143436090852,10,0.025,0.15,0.8294432804291314,0.89639093661254,0.9309877532766418,0.9445638032124996,0.9391154886914769,0.9608050029275584,0.9670838498284974,0.9657733867601709,0.9664064210246124,0.9673983798224692,0.977772268778818,1.0
2,0,2.0329434174078482,0.2547699050401753,6845,2.2743486057628286,0.168736303871439,1369,2.275427109078516,0.172,0.9166440798174036,0.07810907828372245,,,0.55,,0.5500404350481095,0.4499595649518905,0.959231137572006,0.1457638881295433,10,0.025,0.15,1.0,0.9513966294983732,0.932121971221648,0.9073897476963775,0.9096337613547655,0.8859509388217535,0.8815366000942255,0.8723643442676511,0.861139434591118,0.8490554461476615,0.8417643164855484,0.8449119769352709
2,1,2.076159809633743,0.24286235852500912,5478,2.27362593015035,0.16058394160583941,1096,2.2750584777397447,0.1693,0.9638704537427126,0.08324243500310106,,,0.8679592388758668,,0.8680001980492152,0.13199980195078476,0.9615262128664693,0.14634807133665262,10,0.025,0.15,0.9513966294983732,1.0,0.965693789734773,0.9532307116449572,0.9598166827214648,0.9419702336821356,0.9384670474244683,0.9257204960493273,0.9238416289407294,0.9131528745444254,0.9028905240029008,0.9083312097870474
2,2,2.104754439466878,0.23383817427385892,4820,2.2780230045318604,0.1566390041493776,964,2.2750519740430613,0.1695,0.9802987342341697,0.0846248607871538,,,0.9535864559442702,,0.9536399795349144,0.04636002046508558,0.9615497823554211,0.14636194243957323,10,0.025,0.15,0.932121971221648,0.965693789734773,1.0,0.9671065123449089,0.9689571503587096,0.9655883985448219,0.9590403004585034,0.9478124889185814,0.9528233483916352,0.9386724665818448,0.9356415736742277,0.9413119107013836
2,3,2.1112175706454686,0.2271901951883795,4406,2.2766265187944685,0.170261066969353,881,2.2750510837458355,0.1695,0.9846933709233031,0.08488985254096232,,,0.9699999999380602,,0.9700285520951957,0.029971447904804327,0.9615503959833843,0.14636231323568202,10,0.025,0.15,0.9073897476963775,0.9532307116449572,0.9671065123449089,1.0,0.9727459261967158,0.9703544598845579,0.9688861167231433,0.9583313449795751,0.9647163721228103,0.9521815200818073,0.9508601243210223,0.9589833481247213
2,4,2.1060399254163107,0.22519455252918288,4112,2.27388072013855,0.18613138686131386,822,2.2750603277472,0.1696,0.9854101601132879,0.08395742489817222,,,0.9122455909196574,,0.9122889538050205,0.08771104619497949,0.961500193426398,0.14635933457632253,10,0.025,0.15,0.9096337613547655,0.9598166827214648,0.9689571503587096,0.9727459261967158,1.0,0.9689747008918963,0.9674901514592762,0.9621817383105077,0.9631449796797568,0.9536484405759801,0.9529976517633261,0.9541747511820765
2,5,2.116756852596037,0.22332219079454874,3889,2.2735938685280934,0.18123393316195371,778,2.2750519046300575,0.1695,0.9845485000714139,0.08455681927385764,,,0.949371976226167,,0.9494066775593735,0.05059332244062653,0.9615457483782418,0.14636179642352104,10,0.025,0.15,0.8859509388217535,0.9419702336821356,0.9655883985448219,0.9703544598845579,0.9689747008918963,1.0,0.9729521601750851,0.9631581002817666,0.9659255472835521,0.9593558441484907,0.9601775784586749,0.9677728749801575
2,6,2.1456816541737522,0.2289140393424953,3711,2.2743391593297324,0.1765498652291105,742,2.2750572313236286,0.1695,0.9884304647897982,0.0843796448778556,,,0.9383978243834876,,0.9384562063672822,0.06154379363271778,0.9615336447691624,0.14636134231167408,10,0.025,0.15,0.8815366000942255,0.9384670474244683,0.9590403004585034,0.9688861167231433,0.9674901514592762,0.9729521601750851,1.0,0.9779503957373573,0.9771625190265525,0.9766518847516139,0.9717237977285311,0.9761162091091559
2,7,2.1561962625810076,0.21467452300785633,3564,2.2726480960845947,0.17391304347826086,713,2.2750598539279987,0.1697,0.9833369419029553,0.08379060437942526,,,0.9019127564666329,,0.901957386410523,0.09804261358947697,0.9614748083416438,0.14635837334120635,10,0.025,0.15,0.8723643442676511,0.9257204960493273,0.9478124889185814,0.9583313449795751,0.9621817383105077,0.9631581002817666,0.9779503957373573,1.0,0.9779345809227651,0.9761262728555471,0.9738457977176258,0.9732792980251002
2,8,2.140406909695378,0.21740773031095612,3441,2.2803504864374795,0.14680232558139536,688,2.2750624976580656,0.1693,0.9842535095819507,0.08357907852803646,,,0.8888108813414822,,0.8888448779521712,0.11115512204782885,0.9614911989535248,0.14635425039791,10,0.025,0.15,0.861139434591118,0.9238416289407294,0.9528233483916352,0.9647163721228103,0.9631449796797568,0.9659255472835521,0.9771625190265525,0.9779345809227651,1.0,0.9778993481573846,0.9770864859732966,0.9769254288142679
2,9,2.1492944381855152,0.21559688062387522,3334,2.277047117551168,0.15592203898050974,667,2.275064468383789,0.1693,0.9782605067490692,0.08313694077451987,,,0.8614249443666138,,0.8614645739466258,0.1385354260533742,0.961446009865433,0.14634673146965177,10,0.025,0.15,0.8490554461476615,0.9131528745444254,0.9386724665818448,0.9521815200818073,0.9536484405759801,0.9593558441484907,0.9766518847516139,0.9761262728555471,0.9778993481573846,1.0,0.9754186031466751,0.9764308270512267
2,10,2.17236287685541,0.19808701018204258,3241,2.270637591679891,0.19135802469135801,648,2.2750771528557885,0.17,0.9758823717324351,0.08275364179493871,,,0.8376834710048573,,0.8377234242709313,0.16227657572906873,0.9614015303418773,0.14634124255666933,10,0.025,0.15,0.8417643164855484,0.9028905240029008,0.9356415736742277,0.9508601243210223,0.9529976517633261,0.9601775784586749,0.9717237977285311,0.9738457977176258,0.9770864859732966,0.9754186031466751,1.0,0.9782473405635591
2,11,2.180228108406067,0.204653371320038,3159,2.2765149593353273,0.17405063291139242,632,2.2750667258153987,0.1693,0.9789759028003641,0.08297961885825475,,,0.8516804517297946,,0.8517271541978182,0.1482728458021818,0.9613905521435372,0.14634474715705287,10,0.025,0.15,0.8449119769352709,0.9083312097870474,0.9413119107013836,0.9589833481247213,0.9541747511820765,0.9677728749801575,0.9761162091091559,0.9732792980251002,0.9769254288142679,0.9764308270512267,0.9782473405635591,1.0
3,0,1.97454015745057,0.2762016070124178,6845,2.2539027387445625,0.19941563184806427,1369,2.2551368127895306,0.2037,0.9193438460679674,0.07834438329263552,,,0.55,,0.5500404350481095,0.4499595649518905,0.9744167025621547,0.14523446479026286,10,0.025,0.15,1.0,0.9468915730302833,0.9301774051890875,0.9067248752439768,0.9063308896039814,0.8821464839279373,0.8876762669719934,0.8808575686314775,0.8587482086969065,0.8496712057026546,0.8477084679409131,0.8480726242842483
3,1,2.0122056365013123,0.26650237312887914,5478,2.252109103732639,0.1989051094890511,1096,2.2544652570652057,0.2061,0.9623385707960338,0.08292520381132984,,,0.8588074262113962,,0.858848673895463,0.14115132610453696,0.9788244066153255,0.14599609839304725,10,0.025,0.15,0.9468915730302833,1.0,0.9584320206152859,0.9444850063207385,0.9501189245610576,0.9332409801262168,0.9379739587699703,0.9312170894714679,0.9189317401440491,0.9071347550361486,0.9047424462319752,0.9082928931533383
3,2,2.037320668760099,0.26010373443983403,4820,2.257111966609955,0.2095435684647303,964,2.254452026343044,0.2067,0.9773572668515194,0.08427096777647752,,,0.9495295806091313,,0.9495634665214305,0.05043653347856947,0.9790033424725546,0.14601896586308966,10,0.025,0.15,0.9301774051890875,0.9584320206152859,1.0,0.957532219863128,0.9612600578482274,0.9544221501547532,0.9586409998704247,0.9487309079212379,0.944625402025287,0.9300237733721438,0.9332236091645362,0.9374036295167301
3,3,2.046466850893838,0.2564911484339537,4406,2.256530591419765,0.20658342792281498,881,2.254450767855101,0.2066,0.9816378645670925,0.08457462406484337,,,0.9699999999325868,,0.9700285520951957,0.029971447904804327,0.9790079695104122,0.14601954631175912,10,0.025,0.15,0.9067248752439768,0.9444850063207385,0.957532219863128,1.0,0.9651608234993038,0.9607036290722105,0.9620890563574512,0.9587406275654284,0.9571678119448561,0.947072976319544,0.9484024754172248,0.9547389895782444
3,4,2.033630301735618,0.25505836575875485,4112,2.251491069793701,0.21897810218978103,822,2.2544632531419584,0.2066,0.9837656542550001,0.0840664896578863,,,0.9357450716415754,,0.9357825419616774,0.06421745803832257,0.9789504343944161,0.14601622966598174,10,0.025,0.15,0.9063308896039814,0.9501189245610576,0.9612600578482274,0.9651608234993038,1.0,0.9614788512551311,0.9658386171738447,0.9638181269987344,0.9592940364571526,0.9482326641363004,0.9530509048426843,0.953340563171126
3,5,2.046024981621773,0.2544355875546413,3889,2.2533109528677806,0.2236503856041131,778,2.2544518422476854,0.2067,0.9796029743495887,0.084302030156474,,,0.9516235927145098,,0.9516594873826146,0.04834051261738537,0.979001142525539,0.14601903762235074,10,0.025,0.15,0.8821464839279373,0.9332409801262168,0.9544221501547532,0.9607036290722105,0.9614788512551311,1.0,0.967405493583439,0.9597198005496133,0.9560782949623393,0.9498457014047008,0.9534497732420592,0.9592281036011415
3,6,2.069319158998029,0.2626785233090811,3711,2.2531800270080566,0.21428571428571427,742,2.2544583338725417,0.2067,0.985636567257346,0.08438897570788662,,,0.9574848640397424,,0.9575184433331683,0.04248155666683173,0.9789984623026075,0.146019243831802,10,0.025,0.15,0.8876762669719934,0.9379739587699703,0.9586409998704247,0.9620890563574512,0.9658386171738447,0.967405493583439,1.0,0.9704138223020925,0.9659759582116948,0.9633287620142387,0.9596469856843383,0.9695392164513836
3,7,2.081527591603143,0.24716610549943882,3564,2.2516528367996216,0.21037868162692847,713,2.2544614936732037,0.2066,0.9839032143978794,0.08396765430642948,,,0.9290822717397847,,0.9291231370995693,0.07087686290043071,0.9789461379775358,0.14601580651658946,10,0.025,0.15,0.8808575686314775,0.9312170894714679,0.9487309079212379,0.9587406275654284,0.9638181269987344,0.9597198005496133,0.9704138223020925,1.0,0.9710384423973519,0.9675365985611111,0.9677652487291042,0.9686085116170003
3,8,2.063281551555351,0.24678872420807904,3441,2.262634754180908,0.17151162790697674,688,2.2544640981698336,0.2063,0.9794622398574232,0.08369188402579353,,,0.9104917353410662,,0.910539519070489,0.08946048092951098,0.9788664130068778,0.14601428998584348,10,0.025,0.15,0.8587482086969065,0.9189317401440491,0.944625402025287,0.9571678119448561,0.9592940364571526,0.9560782949623393,0.9659759582116948,0.9710384423973519,1.0,0.9658206290340366,0.968917826367269,0.9688860883410625
3,9,2.0804387790185435,0.24019196160767847,3334,2.256901224454244,0.19640179910044978,667,2.2544665547865854,0.206,0.9732734202501395,0.08321631080841405,,,0.8784318585930703,,0.8784720503045007,0.1215279496954993,0.9787957920236015,0.1460035384155123,10,0.025,0.15,0.8496712057026546,0.9071347550361486,0.9300237733721438,0.947072976319544,0.9482326641363004,0.9498457014047008,0.9633287620142387,0.9675365985611111,0.9658206290340366,1.0,0.9666030571134705,0.968140963666
3,10,2.09518532707141,0.23054612773835237,3241,2.2499281962712607,0.22839506172839505,648,2.254485764080965,0.2063,0.974210214589354,0.08300945336987181,,,0.8644869522322516,,0.8645260847320559,0.13547391526794406,0.9787173558846743,0.1459975894377448,10,0.025,0.15,0.8477084679409131,0.9047424462319752,0.9332236091645362,0.9484024754172248,0.9530509048426843,0.9534497732420592,0.9596469856843383,0.9677652487291042,0.968917826367269,0.9666030571134705,1.0,0.9707549964986236
3,11,2.1026073603630064,0.23963279518835073,3159,2.2575497150421144,0.19462025316455697,632,2.2544696059408067,0.206,0.9770513252283575,0.08324202302195795,,,0.8801651992586315,,0.8802132329883976,0.1197867670116024,0.9787696172992839,0.14600386337433507,10,0.025,0.15,0.8480726242842483,0.9082928931533383,0.9374036295167301,0.9547389895782444,0.953340563171126,0.9592281036011415,0.9695392164513836,0.9686085116170003,0.9688860883410625,0.968140963666,0.9707549964986236,1.0
4,0,1.9283795323636796,0.2981300219138057,6845,2.227346658706665,0.22863403944485025,1369,2.228871110119397,0.2323,0.9238665942891949,0.07872374632409723,,,0.55,,0.5500404350481095,0.4499595649518905,0.9819233841532482,0.14464905579275847,10,0.025,0.15,1.0,0.9485605197394857,0.934384295333177,0.9104265953045777,0.9047086473128076,0.8852051792820339,0.8913516955381429,0.8836684853756266,0.859570022675745,0.8499607344543435,0.8487664694489594,0.8499912020609193
4,1,1.960950776865316,0.2897042716319825,5478,2.224395089679294,0.23266423357664234,1096,2.227742131752304,0.2359,0.96069715457176,0.08276584857013965,,,0.8496882132408792,,0.8497301579442491,0.1502698420557509,0.9859726292700424,0.14556310631026684,10,0.025,0.15,0.9485605197394857,1.0,0.955745496309477,0.9407566564320976,0.9442701983478211,0.9293283530291058,0.9328112381220728,0.9262510710300244,0.9104865002549671,0.9008641084044428,0.8974646386509462,0.903908180866549
4,2,1.9854118105612304,0.2817427385892116,4820,2.229826718568802,0.23029045643153526,964,2.227719343161281,0.2357,0.9755115764987762,0.0840836904772356,,,0.9473952138142129,,0.9474261854070737,0.052573814592926316,0.9861316739331757,0.14559228751755413,10,0.025,0.15,0.934384295333177,0.955745496309477,1.0,0.9540698204118621,0.9570605247962362,0.9472005473579677,0.9534893029279383,0.94411961499066,0.937823616649901,0.9224972490054025,0.925507056669953,0.928668756220764
4,3,1.9968657680920192,0.276713572401271,4406,2.2303761073521207,0.23609534619750283,881,2.2277177044107943,0.2357,0.9788906271179251,0.08438223252117065,,,0.9695296196946612,,0.9695664372596591,0.030433562740340925,0.9861613843231767,0.1455930657895868,10,0.025,0.15,0.9104265953045777,0.9407566564320976,0.9540698204118621,1.0,0.9608488928580916,0.9559080357746981,0.9571832676485181,0.9497935843375127,0.9509011295019542,0.9333852118396172,0.9379941361152453,0.946784110752936
4,4,1.9835398601763177,0.27660505836575877,4112,2.2226203169141496,0.2396593673965937,822,2.227732694601711,0.2359,0.9823957525857384,0.08418155931245587,,,0.954651372756715,,0.9546879899655064,0.04531201003449359,0.9861218269858295,0.14559262872540762,10,0.025,0.15,0.9047086473128076,0.9442701983478211,0.9570605247962362,0.9608488928580916,1.0,0.9561171075357998,0.9607605766660604,0.9586677978823791,0.9552580111303001,0.9432528891720955,0.9473187053852914,0.9504138970687962
4,5,1.991323543364002,0.2806891231679095,3889,2.226905516215733,0.2493573264781491,778,2.2277186731748944,0.2356,0.9771429043240624,0.08415618472089866,,,0.9527700581479752,,0.9528147744714561,0.04718522552854387,0.9861383752961718,0.14559256200047452,10,0.025,0.15,0.8852051792820339,0.9293283530291058,0.9472005473579677,0.9559080357746981,0.9561171075357998,1.0,0.9620628631815188,0.9541934346061719,0.95115934482263,0.940657018281994,0.944209692139118,0.9502923733323934
4,6,2.0107006743036466,0.28342764753435734,3711,2.225662112236023,0.2358490566037736,742,2.2277266435985323,0.2356,0.982612361915699,0.08438857686474177,,,0.9699999999258583,,0.9700285520951957,0.029971447904804327,0.9861554252688266,0.14559306604821104,10,0.025,0.15,0.8913516955381429,0.9328112381220728,0.9534893029279383,0.9571832676485181,0.9607605766660604,0.9620628631815188,1.0,0.9628720966075404,0.9591168007812003,0.9487448417088665,0.9505386760852075,0.961270397969239
4,7,2.0271256702286857,0.2718294051627385,3564,2.2244918743769326,0.2370266479663394,713,2.2277309622945665,0.236,0.980296386690404,0.08405177081972363,,,0.9450286370814278,,0.9450743509762176,0.054925649023782386,0.9861129429988775,0.1455921952245569,10,0.025,0.15,0.8836684853756266,0.9262510710300244,0.94411961499066,0.9497935843375127,0.9586677978823791,0.9541934346061719,0.9628720966075404,1.0,0.9637864604684798,0.954903402130939,0.9576665859331163,0.9573369498673379
4,8,2.007067166434394,0.27102586457425165,3441,2.2396843433380127,0.20203488372093023,688,2.2277380665646325,0.2362,0.9757042339500299,0.08373093181240732,,,0.9212410970866773,,0.9212836889967156,0.07871631100328436,0.9860973099306403,0.14558945238823792,10,0.025,0.15,0.859570022675745,0.9104865002549671,0.937823616649901,0.9509011295019542,0.9552580111303001,0.95115934482263,0.9591168007812003,0.9637864604684798,1.0,0.9476551826583807,0.9607624475342689,0.9620271517678415
4,9,2.026482595337762,0.26679664067186565,3334,2.231146454811096,0.239880059970015,667,2.2277419265312486,0.2359,0.9655550807317116,0.08310486964154493,,,0.8748238018420664,,0.8748494000759188,0.12515059992408117,0.9860668437344516,0.1455735238800764,10,0.025,0.15,0.8499607344543435,0.9008641084044428,0.9224972490054025,0.9333852118396172,0.9432528891720955,0.940657018281994,0.9487448417088665,0.954903402130939,0.9476551826583807,1.0,0.9449135335592644,0.95396661322607
4,10,2.0384142820651716,0.25532243134834925,3241,2.2233299811681113,0.2716049382716049,648,2.22776785983315,0.2359,0.9685170652774311,0.0830732710568424,,,0.8724810299837559,,0.8725058176956973,0.12749418230430265,0.9860031469545398,0.14557265586776877,10,0.025,0.15,0.8487664694489594,0.8974646386509462,0.925507056669953,0.9379941361152453,0.9473187053852914,0.944209692139118,0.9505386760852075,0.9576665859331163,0.9607624475342689,0.9449135335592644,1.0,0.9599338277086776
4,11,2.0435907678604126,0.2683127572016461,3159,2.23290958404541,0.22468354430379747,632,2.227744950523859,0.2359,0.9728025705133432,0.08335731787874244,,,0.893540735886871,,0.8935815550164216,0.10641844498357844,0.986067827444302,0.1455794935781704,10,0.025,0.15,0.8499912020609193,0.903908180866549,0.928668756220764,0.946784110752936,0.9504138970687962,0.9502923733323934,0.961270397969239,0.9573369498673379,0.9620271517678415,0.95396661322607,0.9599338277086776,1.0
5,0,1.887030651172002,0.31383491599707813,6845,2.1953495199030097,0.2505478451424397,1369,2.19757958303524,0.2529,0.9271018304439741,0.07913557236350881,,,0.55,,0.5500404350481095,0.4499595649518905,0.9853855498900668,0.14416965137332538,10,0.025,0.15,1.0,0.9466289562481685,0.9356263919155811,0.9134777872978498,0.9048662725393569,0.886339179915987,0.8931912252149992,0.8848966541469018,0.8575756601017567,0.8538124806641658,0.853785978054601,0.8477466592052686
5,1,1.9154392109360805,0.3094194961664841,5478,2.19130195511712,0.2572992700729927,1096,2.1957624049126347,0.2561,0.9609778147743778,0.08275048535744386,,,0.8398020067076737,,0.8398359492333844,0.16016405076661555,0.9887352755755107,0.14519862990208848,10,0.025,0.15,0.9466289562481685,1.0,0.9527409564013687,0.9402101158718593,0.9405657057137596,0.9259524773732174,0.931541292120889,0.9244751160715818,0.9064228438276112,0.9003732111943992,0.8994785252874692,0.8985375271806277
5,2,1.9412599573009892,0.3016182572614108,4820,2.197049468755722,0.25622406639004147,964,2.1957099196277086,0.2565,0.9732867172763868,0.08397034778004267,,,0.9375964981849336,,0.9376475054050931,0.06235249459490688,0.9890099287762578,0.145239544022596,10,0.025,0.15,0.9356263919155811,0.9527409564013687,1.0,0.9491925037348454,0.9519452264259319,0.9420368639033752,0.9477367737387117,0.9390788127767056,0.9287703974533364,0.921362912310625,0.9214172930967198,0.9179794284286996
5,3,1.9507914893967764,0.29546073536087153,4406,2.1987760066986084,0.2656072644721907,881,2.195707804040064,0.2564,0.975471701935694,0.08422698349991714,,,0.9581705885537116,,0.9582033635358387,0.04179663646416132,0.9890106729838358,0.1452413577030252,10,0.025,0.15,0.9134777872978498,0.9402101158718593,0.9491925037348454,1.0,0.9502007884473724,0.9476336025501695,0.9484152212857463,0.9439088767052642,0.9388694503037087,0.9307727223546065,0.9323983403970515,0.9366225732632389
5,4,1.9404842846321337,0.2976896887159533,4112,2.187762601034982,0.2591240875912409,822,2.1957272215734553,0.2563,0.9793909696735615,0.08423046125951769,,,0.9584493951841278,,0.9585086894093182,0.041491310590681785,0.9890223137670033,0.14524140104325076,10,0.025,0.15,0.9048662725393569,0.9405657057137596,0.9519452264259319,0.9502007884473724,1.0,0.9500405296213562,0.9564449276567536,0.951752080576757,0.9444645140331435,0.9411207430902941,0.9428155898959374,0.9424856712311097
5,5,1.943521874950778,0.29940858832604783,3889,2.1950980935777937,0.2647814910025707,778,2.195708350290226,0.2565,0.9746461137584483,0.08405973711301937,,,0.9447627033241359,,0.9448102853559109,0.05518971464408906,0.9890083251876075,0.1452403300311543,10,0.025,0.15,0.886339179915987,0.9259524773732174,0.9420368639033752,0.9476336025501695,0.9500405296213562,1.0,0.9562984901008772,0.9500273594783123,0.9422118089997211,0.9392845486685525,0.9400907853582335,0.9406810140956402
5,6,1.9638700107048297,0.2992724333063864,3711,2.1930832465489707,0.2587601078167116,742,2.1957211615164067,0.2562,0.9798688336770612,0.08437454042453542,,,0.9699999999198314,,0.9700285520951957,0.029971447904804327,0.9890071001328345,0.14524183108806243,10,0.025,0.15,0.8931912252149992,0.931541292120889,0.9477367737387117,0.9484152212857463,0.9564449276567536,0.9562984901008772,1.0,0.9572927195330986,0.9498801143505654,0.9471564729334176,0.942865396042644,0.9505557855163045
5,7,1.9807412956442152,0.28639169472502807,3564,2.192412773768107,0.25105189340813466,713,2.1957247559028334,0.2563,0.9773436038142648,0.08408304566556182,,,0.9466313140795228,,0.9466752487993266,0.05332475120067337,0.989012290572129,0.14524050249165182,10,0.025,0.15,0.8848966541469018,0.9244751160715818,0.9390788127767056,0.9439088767052642,0.951752080576757,0.9500273594783123,0.9572927195330986,1.0,0.9563800744847566,0.9452606114428941,0.949777109163704,0.9490832485485219
5,8,1.9581653418364349,0.29102005231037487,3441,2.2118677298227944,0.2238372093023256,688,2.195745489265345,0.2563,0.9699553116462503,0.08364262170423804,,,0.9113232034810339,,0.9113729761845819,0.0886270238154181,0.9889730211382867,0.1452346326030273,10,0.025,0.15,0.8575756601017567,0.9064228438276112,0.9287703974533364,0.9388694503037087,0.9444645140331435,0.9422118089997211,0.9498801143505654,0.9563800744847566,1.0,0.9425997588419448,0.9491901099054679,0.9486468334682165
5,9,1.9798779536176612,0.2847630473905219,3334,2.2008118629455566,0.2518740629685157,667,2.195754950559592,0.2562,0.9651490907736145,0.08309711811397545,,,0.8675910208836732,,0.867628855770659,0.13237114422934104,0.9888273828574722,0.14521593011977996,10,0.025,0.15,0.8538124806641658,0.9003732111943992,0.921362912310625,0.9307727223546065,0.9411207430902941,0.9392845486685525,0.9471564729334176,0.9452606114428941,0.9425997588419448,1.0,0.9388822897524591,0.9490520431979754
5,10,1.9883483437391427,0.27840172786177103,3241,2.1926024357477822,0.29012345679012347,648,2.1957873996300035,0.2564,0.9661606182200946,0.08311054729587643,,,0.8686676177118333,,0.8687016223531547,0.13129837764684527,0.9888347069782426,0.14521636284635933,10,0.025,0.15,0.853785978054601,0.8994785252874692,0.9214172930967198,0.9323983403970515,0.9428155898959374,0.9400907853582335,0.942865396042644,0.949777109163704,0.9491901099054679,0.9388822897524591,1.0,0.9506826266982219
5,11,1.996774444103241,0.2891104779993669,3159,2.2036072254180907,0.24208860759493672,632,2.195755934413475,0.2561,0.9671317162837414,0.08331853942236345,,,0.8853420261240036,,0.8853872687362809,0.11461273126371907,0.9888956949475525,0.14522550458184527,10,0.025,0.15,0.8477466592052686,0.8985375271806277,0.9179794284286996,0.9366225732632389,0.9424856712311097,0.9406810140956402,0.9505557855163045,0.9490832485485219,0.9486468334682165,0.9490520431979754,0.9506826266982219,1.0
6,0,1.850290666465406,0.32948137326515703,6845,2.1588679660450327,0.26150474799123447,1369,2.1619548676889155,0.2652,0.934196882671797,0.07967432836681919,,,0.55,,0.5500404350481095,0.4499595649518905,0.9874292733902102,0.14384155226754594,10,0.025,0.15,1.0,0.9465722860409139,0.9366371070219541,0.9180164653716767,0.9076068783710715,0.8943035507623163,0.9009846886175752,0.8887607661680298,0.8651837480605659,0.8626310237246433,0.8638897886324106,0.85589716835415
6,1,1.8764005522395288,0.3227455275648047,5478,2.153711822297838,0.27007299270072993,1096,2.159215293353117,0.2694,0.9607904010181431,0.082788285655326,,,0.8297586944453024,,0.8297849515604627,0.17021504843953728,0.9904524959789054,0.14493680996157554,10,0.025,0.15,0.9465722860409139,1.0,0.9477093070248371,0.9371775171341074,0.9352451327532727,0.9231556240598104,0.9315023506108719,0.9206408127632624,0.9044517628900561,0.8978114057134067,0.901688318179207,0.8992212475286482
6,2,1.900703364610672,0.3167427385892116,4820,2.1594691276550293,0.26867219917012447,964,2.159142756763893,0.2702,0.9718782019007577,0.08390818321144126,,,0.9303705683999134,,0.9304104569985642,0.06958954300143583,0.9906624293248771,0.14498231986416252,10,0.025,0.15,0.9366371070219541,0.9477093070248371,1.0,0.9453903778019942,0.9448471616930793,0.9372387663584417,0.9456518761378584,0.9346267071668333,0.924873099817561,0.9184931376902703,0.9209433078153246,0.9155252270659843
6,3,1.9134269114903042,0.3076259645937358,4406,2.162769215447562,0.2792281498297389,881,2.1591384591935556,0.2704,0.972145617165111,0.08407628929270382,,,0.9454732603976186,,0.9455282137611196,0.05447178623888038,0.9906659107035705,0.14498407644138042,10,0.025,0.15,0.9180164653716767,0.9371775171341074,0.9453903778019942,1.0,0.9440723677913354,0.9409235852568236,0.9428851507257949,0.9363209762619171,0.9318458761088698,0.9216557566387923,0.928278563525219,0.9272916645921772
6,4,1.8988211118813716,0.3119649805447471,4112,2.1483562673841203,0.2749391727493917,822,2.1591577771343764,0.2704,0.9757691266357713,0.08419687697157557,,,0.9563068873493641,,0.9563466521430576,0.043653347856942415,0.9906717325110438,0.1449848588748929,10,0.025,0.15,0.9076068783710715,0.9352451327532727,0.9448471616930793,0.9440723677913354,1.0,0.9432056995757714,0.9502209067593707,0.9457267073248724,0.9375139641001669,0.9339197040696584,0.936585192445631,0.9362484554104452
6,5,1.9047794780423564,0.31527384931859087,3889,2.1588150773729597,0.2776349614395887,778,2.1591394068319585,0.2704,0.9719809219486278,0.08396704957487536,,,0.9356591370780539,,0.9356917694046971,0.06430823059530288,0.9906664881955586,0.1449829592710912,10,0.025,0.15,0.8943035507623163,0.9231556240598104,0.9372387663584417,0.9409235852568236,0.9432056995757714,1.0,0.9504161829928629,0.9437928575026695,0.9355387827606578,0.933199080724793,0.9348620264236538,0.9340860117297773
6,6,1.9205647595997515,0.31409323632444086,3711,2.1558313369750977,0.26819407008086255,742,2.1591482403912123,0.2704,0.9776950587615889,0.08434929320923917,,,0.9699999999101597,,0.9700285520951957,0.029971447904804327,0.9906827080537197,0.14498544818785017,10,0.025,0.15,0.9009846886175752,0.9315023506108719,0.9456518761378584,0.9428851507257949,0.9502209067593707,0.9504161829928629,1.0,0.9517778330213273,0.9427346931862471,0.9374114576894724,0.9388625820412846,0.9445246079569369
6,7,1.9412035690886633,0.3015712682379349,3564,2.155360142389933,0.2650771388499299,713,2.1591581755046603,0.2704,0.9740924868978453,0.08405053655724912,,,0.9431596282627805,,0.9432176395834365,0.05678236041656348,0.9906681864123653,0.1449838434780044,10,0.025,0.15,0.8887607661680298,0.9206408127632624,0.9346267071668333,0.9363209762619171,0.9457267073248724,0.9437928575026695,0.9517778330213273,1.0,0.9490634838572054,0.9422385768865814,0.9404953453215271,0.9414742991685456
6,8,1.919656702765712,0.3059575704736995,3441,2.1797295411427817,0.2311046511627907,688,2.1591886206518245,0.2702,0.9670100725316176,0.0835455650470847,,,0.897792862656496,,0.8978313610932317,0.1021686389067683,0.9906063555236244,0.14497559275224212,10,0.025,0.15,0.8651837480605659,0.9044517628900561,0.924873099817561,0.9318458761088698,0.9375139641001669,0.9355387827606578,0.9427346931862471,0.9490634838572054,1.0,0.9345790972954491,0.9453151101849622,0.9410261392397872
6,9,1.9428004935935692,0.2991001799640072,3334,2.1657353242238364,0.2623688155922039,667,2.1592130268676373,0.2697,0.9622375340131656,0.08305083525381152,,,0.8533462154336413,,0.8533858163753693,0.14661418362463075,0.9905377655927335,0.14495457028454486,10,0.025,0.15,0.8626310237246433,0.8978114057134067,0.9184931376902703,0.9216557566387923,0.9339197040696584,0.933199080724793,0.9374114576894724,0.9422385768865814,0.9345790972954491,1.0,0.9326882267838896,0.9427070954370094
