round,client_id,client_i_training_loss,client_i_training_accuracy,client_i_training_dataset_size,client_i_evaluation_loss,client_i_evaluation_accuracy,client_i_evaluation_dataset_size,client_i_central_evaluation_loss,client_i_central_evaluation_accuracy,client_i_cosine_similarity,client_i_importance_coefficient,client_i_tanh_val,tanh_normalization_value,client_i_q,client_i_mask_order,client_i_v_nonzero_fraction,client_i_v_sparsity,client_i_v_cosine_similarity,client_i_reward_gradient_norm,local_epochs,learning_rate,gamma,client_0_cosine_similarity,client_1_cosine_similarity,client_2_cosine_similarity,client_3_cosine_similarity,client_4_cosine_similarity,client_5_cosine_similarity,client_6_cosine_similarity,client_7_cosine_similarity,client_8_cosine_similarity,client_9_cosine_similarity,client_10_cosine_similarity,client_11_cosine_similarity
0,0,2.1135951959669357,0.38690041392744096,8214,2.2572451635848645,0.19138056975894813,1369,2.256150016388573,0.1874,0.9717344833920096,0.0820398454433238,,,0.75,,0.7500024163694532,0.2499975836305468,0,0.09861796673190484,5,0.001,0.1,1.0,0.9837245459665942,0.9700863145430227,0.9632763538085073,0.9594392407407772,0.9508477727018324,0.9510898518270814,0.9407509445826749,0.9370532133567002,0.9348202038067142,0.9280819617339968,0.9189461421311707
0,1,2.175659415444124,0.3398843930635838,6574,2.257452883039202,0.18339416058394162,1096,2.256130584893516,0.1874,0.9881005695942645,0.0834215718361737,,,0.9460679937585391,,0.9460907974985744,0.05390920250142561,0,0.09865060022443238,5,0.001,0.1,0.9837245459665942,1.0,0.9833944815902176,0.9769754931500472,0.9709960357556036,0.976346779196576,0.973565237591749,0.9698833345853619,0.9654164540598856,0.9631644049582441,0.955336136574117,0.9476437398041373
0,2,2.199316424954662,0.3032336157703614,5783,2.2545574711215113,0.1970954356846473,964,2.2561305231941393,0.1874,0.992602354123018,0.08380164037677842,,,0.9999999998580993,,1.0,0.0,0,0.09865080531579705,5,0.001,0.1,0.9700863145430227,0.9833944815902176,1.0,0.9853569431407911,0.9867885027206518,0.9788239093978387,0.9775250402820288,0.9770539866761963,0.9747175201027258,0.9731652687258668,0.9679728968586437,0.9692604844028087
0,3,2.2100567381066014,0.2997541138641952,5287,2.2584034204483032,0.18047673098751418,881,2.2561305201472566,0.1874,0.9916456331907844,0.08372086806833995,,,0.9885383497450742,,0.9885560742695315,0.011443925730468485,0,0.09865080313913537,5,0.001,0.1,0.9632763538085073,0.9769754931500472,0.9853569431407911,1.0,0.9876438251311237,0.9804413653412419,0.982660558428499,0.9721431840879149,0.9773946569285246,0.9731025528861388,0.9740607969015721,0.9694335716795791
0,4,2.2164789347494804,0.30536980749746706,4935,2.2575483597241917,0.17153284671532848,822,2.2561305239558602,0.1874,0.9920828388580051,0.0837577796794629,,,0.9937761345747783,,0.993794763244121,0.006205236755879029,0,0.09865080521986527,5,0.001,0.1,0.9594392407407772,0.9709960357556036,0.9867885027206518,0.9876438251311237,1.0,0.9834222645557971,0.9855335844633148,0.9726306741057312,0.9804561496142437,0.978988462300152,0.9722146373554046,0.9786593506430825
0,5,2.2261647564091094,0.284165416755946,4667,2.2507590103149413,0.2069408740359897,778,2.256130526241022,0.1874,0.9920769881858177,0.08375728572946915,,,0.993706042706525,,0.9937174394216178,0.006282560578382168,0,0.09865080521014392,5,0.001,0.1,0.9508477727018324,0.976346779196576,0.9788239093978387,0.9804413653412419,0.9834222645557971,1.0,0.9915957058583905,0.9809885571503179,0.9866426715623474,0.9833982995660001,0.976359413050925,0.9790765172116038
0,6,2.226921591758728,0.28416797664495846,4453,2.2519802153110504,0.19002695417789758,742,2.256130522432419,0.1874,0.992521141446083,0.08379478389944058,,,0.9990270606692413,,0.9990334522187104,0.0009665477812895729,0,0.09865080531566164,5,0.001,0.1,0.9510898518270814,0.973565237591749,0.9775250402820288,0.982660558428499,0.9855335844633148,0.9915957058583905,1.0,0.9838893113427576,0.9900530598251894,0.9874343371638186,0.9769473799359921,0.9750727962483685
0,7,2.2327108247956233,0.2463876548982932,4277,2.2626459494881006,0.16549789621318373,713,2.2561305049128424,0.1874,0.9876642666062679,0.08338473643482336,,,0.9408410231517496,,0.9408666067407042,0.059133393259295786,0,0.09865051306460303,5,0.001,0.1,0.9407509445826749,0.9698833345853619,0.9770539866761963,0.9721431840879149,0.9726306741057312,0.9809885571503179,0.9838893113427576,1.0,0.9866264409806055,0.9906272785344504,0.9798834631311811,0.971365945125796
0,8,2.236228654568012,0.2576895131993219,4129,2.254862893711437,0.18604651162790697,688,2.2561305483309226,0.1874,0.9884999975614471,0.0834552940198087,,,0.9508531964764473,,0.9508752090159577,0.04912479098404232,0,0.09865062099942515,5,0.001,0.1,0.9370532133567002,0.9654164540598856,0.9747175201027258,0.9773946569285246,0.9804561496142437,0.9866426715623474,0.9900530598251894,0.9866264409806055,1.0,0.9906311644122555,0.975126397259995,0.9774232726360851
0,9,2.237481563431876,0.2501374656335916,4001,2.255866607030233,0.191904047976012,667,2.256130516338653,0.1874,0.9875656820081588,0.08337641331227272,,,0.9396599659259809,,0.9396825857086245,0.06031741429137549,0,0.09865050514838028,5,0.001,0.1,0.9348202038067142,0.9631644049582441,0.9731652687258668,0.9731025528861388,0.978988462300152,0.9833982995660001,0.9874343371638186,0.9906272785344504,0.9906311644122555,1.0,0.98122919676673,0.978455423496262
0,10,2.238709497451782,0.24700437130367703,3889,2.2532512233370827,0.20987654320987653,648,2.256132161655365,0.1874,0.981326992550323,0.08284970449660618,,,0.8649195966914679,,0.8649346130425958,0.13506538695740422,0,0.09864603170375073,5,0.001,0.1,0.9280819617339968,0.955336136574117,0.9679728968586437,0.9740607969015721,0.9722146373554046,0.976359413050925,0.9769473799359921,0.9798834631311811,0.975126397259995,0.98122919676673,1.0,0.9751717775718033
0,11,2.2396802493504118,0.2674756001055131,3791,2.2565199971199035,0.17246835443037975,632,2.2561350021118556,0.1874,0.9788440215727764,0.08264007670350047,,,0.8351732583114848,,0.8351939378123158,0.16480606218768423,0,0.09864239858226999,5,0.001,0.1,0.9189461421311707,0.9476437398041373,0.9692604844028087,0.9694335716795791,0.9786593506430825,0.9790765172116038,0.9750727962483685,0.971365945125796,0.9774232726360851,0.978455423496262,0.9751717775718033,1.0
1,0,1.9231132902523886,0.4899683467251035,8214,2.2070678056672564,0.3557341124908692,1369,2.2058408504096083,0.3547,0.9802898885178236,0.08211330749506307,,,0.75,,0.7500024163694532,0.2499975836305468,0.9669348504008011,0.09928129489666122,5,0.001,0.1,1.0,0.9919848326241781,0.9876584178363216,0.9813192384533304,0.9792108810242248,0.9719481301897598,0.9710194192495527,0.9664118834919544,0.9628052794303804,0.962060186981072,0.9571672426589731,0.9550668647990729
1,1,2.034483614477139,0.4677821721934895,6574,2.2066502162388395,0.354014598540146,1096,2.205761404464039,0.3549,0.9919591924649672,0.08333971628601403,,,0.9396826636771879,,0.9397115821420632,0.060288417857936816,0.967190524762312,0.09934611813918613,5,0.001,0.1,0.9919848326241781,1.0,0.995196080597348,0.9912226172332006,0.9873766138899368,0.9870391752162668,0.9849793460324996,0.9824706261154,0.9805216237380368,0.9775770235375378,0.9745879468569827,0.9725991748336231
1,2,2.0797329445570214,0.4571675600899187,5783,2.2049990161772697,0.3392116182572614,964,2.205760902490098,0.3549,0.9954992743591491,0.08368774169231569,,,0.9935100551487112,,0.9935289626042664,0.006471037395733625,0.9671981172030685,0.09934651728647197,5,0.001,0.1,0.9876584178363216,0.995196080597348,1.0,0.9928723143841514,0.9918867915567734,0.9886187961906374,0.9882867130553609,0.9896406999327143,0.9864965781979873,0.9849363219009281,0.981683527804926,0.9804254530204255
1,3,2.0996580748672944,0.4382069226404388,5287,2.207614464419229,0.33938706015891035,881,2.205760884970522,0.3549,0.9969165903803932,0.0836839463153454,,,0.9929230427115079,,0.9929345357187732,0.007065464281226785,0.9671983234257713,0.09934651427805255,5,0.001,0.1,0.9813192384533304,0.9912226172332006,0.9928723143841514,1.0,0.9938937290948799,0.9930494042527456,0.9948143589829789,0.989775265822578,0.98885168345348,0.988336506333749,0.9881174917913854,0.982236665938776
1,4,2.11537399999557,0.45900709219858155,4935,2.2074528749172506,0.36253041362530414,822,2.2057608956346115,0.3549,0.9966684366435558,0.0836986018264945,,,0.99518973911227,,0.9952010902658973,0.004798909734102685,0.9671980518295082,0.09934651738025017,5,0.001,0.1,0.9792108810242248,0.9873766138899368,0.9918867915567734,0.9938937290948799,1.0,0.9924260224479685,0.9940729293486948,0.9887680288480883,0.990392523588253,0.9914837512878473,0.9853436166010202,0.9866750240563779
1,5,2.134066560986924,0.4204413970430684,4667,2.200241289138794,0.39588688946015427,778,2.205760892587729,0.3549,0.9966206576271955,0.0836967531286808,,,0.9949038100417814,,0.9949207914093233,0.005079208590676676,0.9671980439133502,0.09934651737008504,5,0.001,0.1,0.9719481301897598,0.9870391752162668,0.9886187961906374,0.9930494042527456,0.9924260224479685,1.0,0.9956890813706035,0.9907004036158868,0.9927912569833003,0.9899915395925809,0.9888457374914991,0.989804201425465
1,6,2.1344049314090183,0.43314619357736356,4453,2.200354903936386,0.37735849056603776,742,2.2057609032518184,0.3549,0.9969270427406206,0.0837297029610707,,,0.9999999998453348,,1.0,0.0,0.9671980797198105,0.09934651745954372,5,0.001,0.1,0.9710194192495527,0.9849793460324996,0.9882867130553609,0.9948143589829789,0.9940729293486948,0.9956890813706035,1.0,0.9911426056175425,0.9929429639166045,0.9931294335644013,0.9902464655725373,0.9881967638336543
1,7,2.1459156856608037,0.41229833995791443,4277,2.2109186442002007,0.31977559607293127,713,2.205761217080747,0.3549,0.995060101817734,0.08341736631408042,,,0.951692414640259,,0.9517161055856797,0.04828389441432035,0.9671911560987443,0.09934633176039818,5,0.001,0.1,0.9664118834919544,0.9824706261154,0.9896406999327143,0.989775265822578,0.9887680288480883,0.9907004036158868,0.9911426056175425,1.0,0.9917803792956299,0.994235733693986,0.9921422169399418,0.9852257095296214
1,8,2.1544788846602807,0.4171470089610075,4129,2.204585172913291,0.3444767441860465,688,2.205761028935734,0.3549,0.994841309684206,0.08345364562390567,,,0.9573035584732116,,0.9573220827171591,0.04267791728284087,0.9671962127573067,0.09934635142766347,5,0.001,0.1,0.9628052794303804,0.9805216237380368,0.9864965781979873,0.98885168345348,0.990392523588253,0.9927912569833003,0.9929429639166045,0.9917803792956299,1.0,0.9931309773333945,0.9893852529831278,0.9905477380387139
1,9,2.154810971873147,0.43684078980254937,4001,2.2077319281441823,0.3523238380809595,667,2.2057614067492013,0.3549,0.9943861486471548,0.08339045626927566,,,0.9475303693125492,,0.9475551173872281,0.052444882612771915,0.9671879908514317,0.09934624076340874,5,0.001,0.1,0.962060186981072,0.9775770235375378,0.9849363219009281,0.988336506333749,0.9914837512878473,0.9899915395925809,0.9931294335644013,0.994235733693986,0.9931309773333945,1.0,0.9911346096044905,0.9882099951889398
1,10,2.1540725424641467,0.39763435330419133,3889,2.203851200285412,0.3888888888888889,648,2.2057675964916097,0.3549,0.9918724743736105,0.08298551993532463,,,0.8849008423471167,,0.884922821159664,0.11507717884033597,0.967134147412294,0.099341996094891,5,0.001,0.1,0.9571672426589731,0.9745879468569827,0.981683527804926,0.9881174917913854,0.9853436166010202,0.9888457374914991,0.9902464655725373,0.9921422169399418,0.9893852529831278,0.9911346096044905,1.0,0.9856460568276942
1,11,2.161679509908211,0.4099182273806384,3791,2.204281377792358,0.3338607594936709,632,2.205773873831898,0.3551,0.9902191436779274,0.08280324215242935,,,0.8567088270551027,,0.8567237896405409,0.14327621035945914,0.9671273766611507,0.09933621157151201,5,0.001,0.1,0.9550668647990729,0.9725991748336231,0.9804254530204255,0.982236665938776,0.9866750240563779,0.989804201425465,0.9881967638336543,0.9852257095296214,0.9905477380387139,0.9882099951889398,0.9856460568276942,1.0
2,0,1.7345848225897853,0.561163866569272,8214,2.1465283105539723,0.44777209642074506,1369,2.1451117992401123,0.4634,0.9875233138111035,0.08231741322596534,,,0.75,,0.7500024163694532,0.2499975836305468,0.9861905816183275,0.09948246838295233,5,0.001,0.1,1.0,0.9946433289593463,0.9926629961849697,0.9873732814232352,0.9873404213757156,0.9824235374193481,0.9813192986410777,0.9792056084391044,0.9774316702477979,0.9752799665445248,0.9712323854375308,0.9716796588485116
2,1,1.8630805006304991,0.5550654091877092,6574,2.145061663218907,0.45711678832116787,1096,2.1448984146118164,0.4635,0.9949260351513869,0.08330949930831191,,,0.9369552785384452,,0.9369665864432009,0.06303341355679914,0.9866370584299992,0.09957737372803498,5,0.001,0.1,0.9946433289593463,1.0,0.9969788140173731,0.9939871259258523,0.9930527253182633,0.9921414547499352,0.9905505144384653,0.9886409284165052,0.9878868821044767,0.9859667363436131,0.9820951615284393,0.982956895057228
2,2,1.9274621163942538,0.548815493688397,5783,2.1450978094531643,0.4450207468879668,964,2.1448947728251495,0.4633,0.9970457258377753,0.08359164267448434,,,0.9901242449710506,,0.9901363798919399,0.009863620108060078,0.9866653599293533,0.09958006251734049,5,0.001,0.1,0.9926629961849697,0.9969788140173731,1.0,0.9950392570374389,0.9953667521399365,0.9929333716514236,0.9924456840666681,0.9928928389004346,0.9915204154056867,0.9905682403076833,0.9865762358639838,0.9872098548961268
2,3,1.9578309830412808,0.512880650652544,5287,2.1464069485664368,0.4460839954597049,881,2.144894743879763,0.4633,0.9978639299058448,0.083615749488669,,,0.9946670928556892,,0.9946839872029074,0.005316012797092595,0.9866653190960049,0.09958006362997124,5,0.001,0.1,0.9873732814232352,0.9939871259258523,0.9950392570374389,1.0,0.9965042699372567,0.9955316701230866,0.9966119818620289,0.9932647652548413,0.9934038944114414,0.9922555639974509,0.9912231252918491,0.9886881682811166
2,4,1.9811379005062966,0.5562715298885512,4935,2.1467193823594313,0.4781021897810219,822,2.1448947781571945,0.4633,0.998098261454675,0.08363231801462258,,,0.9977893757298694,,0.9978011037975663,0.002198896202433742,0.9866654565135764,0.09958006373422562,5,0.001,0.1,0.9873404213757156,0.9930527253182633,0.9953667521399365,0.9965042699372567,1.0,0.9956861724679843,0.9962787793737813,0.993356049230539,0.9951690597241752,0.9931493508689072,0.989932532290161,0.9908507713694804
2,5,2.0114416137133557,0.5205485322476966,4667,2.1391519832611086,0.4910025706940874,778,2.1448947781571945,0.4633,0.9978212607747219,0.08362223298093877,,,0.9958888851222729,,0.9959018374073322,0.00409816259266782,0.986665462847352,0.09958006369877598,5,0.001,0.1,0.9824235374193481,0.9921414547499352,0.9929333716514236,0.9955316701230866,0.9956861724679843,1.0,0.9971030348388581,0.9939299629144362,0.9949841286363371,0.9933232901850821,0.991860575174945,0.9934223115561456
2,6,2.012206723349435,0.5231529306085785,4453,2.138201822837194,0.4838274932614555,742,2.1448947834892396,0.4633,0.997870400421792,0.08364404878468633,,,0.9999999998115534,,1.0,0.0,0.9866654584330481,0.09958006373785588,5,0.001,0.1,0.9813192986410777,0.9905505144384653,0.9924456840666681,0.9966119818620289,0.9962787793737813,0.9971030348388581,1.0,0.994551048846681,0.9955058238156975,0.9946704350432332,0.9928409353487415,0.9920197817226161
2,7,2.030342642584843,0.5186813186813187,4277,2.1483920242475425,0.4474053295932679,713,2.1448959184530825,0.4633,0.9970716534519733,0.08342649564909363,,,0.9590028446398547,,0.9590232068122287,0.040976793187771254,0.986654305099608,0.09957993368756318,5,0.001,0.1,0.9792056084391044,0.9886409284165052,0.9928928389004346,0.9932647652548413,0.993356049230539,0.9939299629144362,0.994551048846681,1.0,0.9957687291344981,0.9972884861993422,0.9943744785140125,0.9911065815075146
2,8,2.044734669281886,0.5481714700896101,4129,2.143979072570801,0.4752906976744186,688,2.144895485034004,0.4633,0.9970493301019875,0.08344804640988043,,,0.9630640128764683,,0.9630778747547385,0.036922125245261506,0.9866542928082023,0.0995799437639859,5,0.001,0.1,0.9774316702477979,0.9878868821044767,0.9915204154056867,0.9934038944114414,0.9951690597241752,0.9949841286363371,0.9955058238156975,0.9957687291344981,1.0,0.9965999048967782,0.9930449465021018,0.9927631370792418
2,9,2.046104854250711,0.5224693826543364,4001,2.149737278620402,0.45577211394302847,667,2.144896015953332,0.4635,0.996401534275488,0.08338832336522292,,,0.9518094063984708,,0.951827258580528,0.04817274141947203,0.9866544019272768,0.09957983298618323,5,0.001,0.1,0.9752799665445248,0.9859667363436131,0.9905682403076833,0.9922555639974509,0.9931493508689072,0.9933232901850821,0.9946704350432332,0.9972884861993422,0.9965999048967782,1.0,0.9951286919616056,0.9921102057633625
2,10,2.043466549232358,0.48902031370532273,3889,2.1438022454579673,0.49537037037037035,648,2.144913785373822,0.4637,0.9941056602237835,0.08306554947964444,,,0.8909837555229644,,0.8910072394428818,0.10899276055711815,0.9866031920772965,0.09957176237578358,5,0.001,0.1,0.9712323854375308,0.9820951615284393,0.9865762358639838,0.9912231252918491,0.989932532290161,0.991860575174945,0.9928409353487415,0.9943744785140125,0.9930449465021018,0.9951286919616056,1.0,0.9906107559446108
2,11,2.0584252371507534,0.5140068583487206,3791,2.1411436080932615,0.46360759493670883,632,2.144929032737074,0.4638,0.9936424204898535,0.08293868061848034,,,0.8670757462293679,,0.8670851818559651,0.13291481814403494,0.9866205241764718,0.09956291698096152,5,0.001,0.1,0.9716796588485116,0.982956895057228,0.9872098548961268,0.9886881682811166,0.9908507713694804,0.9934223115561456,0.9920197817226161,0.9911065815075146,0.9927631370792418,0.9921102057633625,0.9906107559446108,1.0
3,0,1.5700292778386216,0.6045045045045045,8214,2.074541768362356,0.5412710007304602,1369,2.072878858913629,0.5561,0.9900049542804568,0.0824936289650437,,,0.75,,0.7500024163694532,0.2499975836305468,0.9936606851602197,0.09954948259532488,5,0.001,0.1,1.0,0.9953618747444578,0.9942434129842204,0.9897934152737415,0.9897332572577042,0.985449548900903,0.9850578579051507,0.9838792526909894,0.9816315938023312,0.9805767895747068,0.9769474497993879,0.9783751984686734
3,1,1.69181044310042,0.6101916641314268,6574,2.0714489596230643,0.5547445255474452,1096,2.0724328295491374,0.5558,0.9961692623228072,0.08330156242406563,,,0.9359159966044341,,0.9359275475783145,0.06407245242168547,0.9941445666325803,0.09966829690362472,5,0.001,0.1,0.9953618747444578,1.0,0.9975229275010771,0.9952568400379915,0.9947556319458213,0.9938222124792426,0.9928621868676463,0.9916900618396823,0.9902962359488169,0.9893814305705271,0.9862341132619615,0.9874809320132578
3,2,1.7630039838137548,0.5982016254539166,5783,2.0738339731770177,0.5456431535269709,964,2.0724239623584686,0.5558,0.9974843556879034,0.08351718680804188,,,0.985533971688288,,0.985550110669721,0.01444988933027902,0.9941459418707155,0.0996710116988273,5,0.001,0.1,0.9942434129842204,0.9975229275010771,1.0,0.9958353241748215,0.9965514661563806,0.9943812843737154,0.9942292495495545,0.9940300221430266,0.9926867438669507,0.9919980759433012,0.9883721942406569,0.9905191136925102
3,3,1.7979556006121349,0.5636088519008889,5287,2.073516402925764,0.5505107832009081,881,2.0724238717137053,0.5558,0.9983973663921287,0.08356147047827914,,,0.9957242201469039,,0.995737524284513,0.004262475715486991,0.9941459356696051,0.09967101483201174,5,0.001,0.1,0.9897934152737415,0.9952568400379915,0.9958353241748215,1.0,0.997275962090402,0.9966721182374848,0.997253151229549,0.9947981667047835,0.9948584339619722,0.9941998896046857,0.9927607146064908,0.992526271223565
3,4,1.823793293737596,0.6044579533941236,4935,2.074243270433866,0.5583941605839416,822,2.0724239494092167,0.5558,0.9984521734621957,0.08357340860101571,,,0.9984713374513946,,0.9984825199833753,0.0015174800166246616,0.9941459434616601,0.09967101486847843,5,0.001,0.1,0.9897332572577042,0.9947556319458213,0.9965514661563806,0.997275962090402,1.0,0.9966159283202226,0.9973197339254019,0.9948459161423243,0.9956428559186048,0.9944310497543662,0.9915118433999817,0.993196346348086
3,5,1.8644339076460223,0.5878722948360832,4667,2.066600513458252,0.5874035989717223,778,2.072423941030289,0.5558,0.9982684490796578,0.08356128537216871,,,0.9956816248234734,,0.9956988623732614,0.00430113762673856,0.9941459457929972,0.09967101483197272,5,0.001,0.1,0.985449548900903,0.9938222124792426,0.9943812843737154,0.9966721182374848,0.9966159283202226,1.0,0.9976853611283826,0.9955605066431771,0.9957654685392869,0.9950585025352996,0.9934076605267411,0.9952336499830575
3,6,1.864213467495782,0.597035706265439,4453,2.0644260545571647,0.555256064690027,742,2.0724239448388926,0.5558,0.9984349616817735,0.08358005169497865,,,0.999999999769887,,1.0,0.0,0.9941459430307257,0.09967101486967865,5,0.001,0.1,0.9850578579051507,0.9928621868676463,0.9942292495495545,0.997253151229549,0.9973197339254019,0.9976853611283826,1.0,0.9960278240004377,0.9963274393052537,0.996144424545078,0.9942654521051796,0.9944585319956782
3,7,1.889486516055776,0.5856441430909516,4277,2.0740018512891685,0.5539971949509116,713,2.0724261934383987,0.5558,0.9977580864523263,0.08342467951950829,,,0.9642468414811581,,0.9642667285257247,0.0357332714742753,0.994144685523105,0.09967087937059414,5,0.001,0.1,0.9838792526909894,0.9916900618396823,0.9940300221430266,0.9947981667047835,0.9948459161423243,0.9955605066431771,0.9960278240004377,1.0,0.9963557070537182,0.9975411838506792,0.995197494601725,0.9936282437762974
3,8,1.9123715938054597,0.592879631872124,4129,2.0718071460723877,0.5537790697674418,688,2.0724255345499936,0.5558,0.9974886906209427,0.08342920364130677,,,0.9652879007460418,,0.9653106001295174,0.034689399870482585,0.9941443031022009,0.09967093280795751,5,0.001,0.1,0.9816315938023312,0.9902962359488169,0.9926867438669507,0.9948584339619722,0.9956428559186048,0.9957654685392869,0.9963274393052537,0.9963557070537182,1.0,0.9975558255887615,0.9950392797350139,0.9941451419762716
3,9,1.9111111476307823,0.5764058985253686,4001,2.0807593436468217,0.5247376311844077,667,2.0724264539468784,0.5558,0.997227994293268,0.08338413206129107,,,0.9549163440001449,,0.9549395424362803,0.04506045756371968,0.994144504653338,0.09967076409394879,5,0.001,0.1,0.9805767895747068,0.9893814305705271,0.9919980759433012,0.9941998896046857,0.9944310497543662,0.9950585025352996,0.996144424545078,0.9975411838506792,0.9975558255887615,1.0,0.9962664506466623,0.9940356162425601
3,10,1.9080421441891153,0.5444587297505785,3889,2.0721549079531716,0.5879629629629629,648,2.072464452383998,0.5559,0.995207424246214,0.08312078683008264,,,0.8943171813284939,,0.8943369965494244,0.10566300345057555,0.9940676081879358,0.09966065160151481,5,0.001,0.1,0.9769474497993879,0.9862341132619615,0.9883721942406569,0.9927607146064908,0.9915118433999817,0.9934076605267411,0.9942654521051796,0.995197494601725,0.9950392797350139,0.9962664506466623,1.0,0.9930294686684091
3,11,1.9301519840705295,0.5738855183328937,3791,2.0660795331001283,0.5791139240506329,632,2.0724973785229763,0.5558,0.9955069526165007,0.08305260360421764,,,0.8786273342911602,,0.8786499260590948,0.12135007394090525,0.9938936616251717,0.09965597570853969,5,0.001,0.1,0.9783751984686734,0.9874809320132578,0.9905191136925102,0.992526271223565,0.993196346348086,0.9952336499830575,0.9944585319956782,0.9936282437762974,0.9941451419762716,0.9940356162425601,0.9930294686684091,1.0
4,0,1.4329372317874478,0.633308984660336,8214,1.9904112954472386,0.6018991964937911,1369,1.9883462632426059,0.6104,0.990900355215392,0.08261603827781377,,,1.0,,1.0,0.0,0.9953118615981843,0.0997164966409017,5,0.001,0.1,1.0,0.995557210891024,0.9946142488366472,0.9908279417098933,0.9908065461720742,0.9862611370983534,0.9863672200865607,0.9853200483900199,0.9838106421494711,0.9825580709786329,0.9800370681475195,0.981003488027754
4,1,1.5402334216150266,0.6441740188621844,6574,1.9851667267935618,0.6177007299270073,1096,1.9877714962243271,0.6104,0.9967064658624895,0.08329926892648698,,,1.0,,1.0,0.0,0.99666401122551,0.0997164966409017,5,0.001,0.1,0.995557210891024,1.0,0.997761265475756,0.9959813744516802,0.9955475451018263,0.9941056328591231,0.9935650695416005,0.9929916349172426,0.9917742325080614,0.9908093047557609,0.9886450688588566,0.9898095518552814
4,2,1.608775621553811,0.6330624243472246,5783,1.9906145257334555,0.5892116182572614,964,1.9877611840494906,0.6105,0.9977408566354166,0.08346497557220564,,,1.0,,1.0,0.0,0.9966897818653375,0.0997164966409017,5,0.001,0.1,0.9946142488366472,0.997761265475756,1.0,0.9963747353279514,0.997047985213882,0.9948412902500756,0.9947690304968894,0.9947419347690811,0.9935644431740535,0.99280580236254,0.9901775697941274,0.9922076056733655
4,3,1.6446817142417631,0.6087762436164176,5287,1.988443672657013,0.6027241770715096,881,1.9877610762660114,0.6105,0.9986974775399287,0.0835230398013361,,,1.0,,1.0,0.0,0.9966898025882325,0.0997164966409017,5,0.001,0.1,0.9908279417098933,0.9959813744516802,0.9963747353279514,1.0,0.9974991881799264,0.99709737224212,0.9976117331708398,0.9957687257806709,0.9958575222672147,0.9951349802329091,0.9940562983785556,0.994097375451907
4,4,1.669040384446421,0.6354609929078014,4935,1.9894789961668162,0.6204379562043796,822,1.9877611836686302,0.6105,0.9988043778091109,0.08353381696877253,,,1.0,,1.0,0.0,0.9966898075814762,0.0997164966409017,5,0.001,0.1,0.9908065461720742,0.9955475451018263,0.997047985213882,0.9974991881799264,1.0,0.997162525615541,0.997261864243091,0.995738203782082,0.9964247714422441,0.9955703071428474,0.993635974351524,0.994890852321043
4,5,1.711860577210988,0.628497964431112,4667,1.9819162702560424,0.6401028277634961,778,1.9877611882389543,0.6105,0.9984213250906391,0.08351400826861506,,,1.0,,1.0,0.0,0.9966898025854141,0.0997164966409017,5,0.001,0.1,0.9862611370983534,0.9941056328591231,0.9948412902500756,0.99709737224212,0.997162525615541,1.0,0.9977146493289905,0.9964112660264877,0.9963540511427885,0.9958595650946321,0.9948843800289843,0.9962759992259181
4,6,1.71046226978302,0.6305861217156973,4453,1.9783122887214024,0.6091644204851752,742,1.987761180240887,0.6105,0.9986238713570311,0.08353206382479512,,,1.0,,1.0,0.0,0.9966898076435817,0.0997164966409017,5,0.001,0.1,0.9863672200865607,0.9935650695416005,0.9947690304968894,0.9976117331708398,0.997261864243091,0.9977146493289905,1.0,0.9966453952576299,0.9970144883365257,0.9969006124017783,0.9957061820338536,0.9958330544193293
4,7,1.7389376316497576,0.627589431844751,4277,1.9873181270516438,0.605890603085554,713,1.9877644190773034,0.6104,0.9980409774899514,0.08341790708681729,,,1.0,,1.0,0.0,0.9966880834890838,0.0997164966409017,5,0.001,0.1,0.9853200483900199,0.9929916349172426,0.9947419347690811,0.9957687257806709,0.995738203782082,0.9964112660264877,0.9966453952576299,1.0,0.9965398077148051,0.9974536947752828,0.9957240853439868,0.9950858881528805
4,8,1.7689598855605493,0.6345362073141196,4129,1.987265863201835,0.6119186046511628,688,1.98776340332275,0.6104,0.9977598690088756,0.08341160498617335,,,1.0,,1.0,0.0,0.9966886533192414,0.0997164966409017,5,0.001,0.1,0.9838106421494711,0.9917742325080614,0.9935644431740535,0.9958575222672147,0.9964247714422441,0.9963540511427885,0.9970144883365257,0.9965398077148051,1.0,0.9971151090349851,0.9953798987448531,0.9952052890524334
4,9,1.7652393248346117,0.6191952011997001,4001,2.0000314258393788,0.5892053973013494,667,1.9877648132677657,0.6104,0.9975084892601931,0.08337583208563142,,,1.0,,1.0,0.0,0.9966869508539591,0.0997164966409017,5,0.001,0.1,0.9825580709786329,0.9908093047557609,0.99280580236254,0.9951349802329091,0.9955703071428474,0.9958595650946321,0.9969006124017783,0.9974536947752828,0.9971151090349851,1.0,0.9963674178441578,0.9954561223021235
4,10,1.7613024477098809,0.5894574440730265,3889,1.9885529336475192,0.6126543209876543,648,1.9878126702750454,0.6104,0.9961246059527451,0.08316955859176811,,,1.0,,1.0,0.0,0.9965834983555164,0.0997164966409017,5,0.001,0.1,0.9800370681475195,0.9886450688588566,0.9901775697941274,0.9940562983785556,0.993635974351524,0.9948843800289843,0.9957061820338536,0.9957240853439868,0.9953798987448531,0.9963674178441578,1.0,0.9948652053752778
4,11,1.7867472546441214,0.6177789501450804,3791,1.9783017873764037,0.6376582278481012,632,1.9878565895671663,0.6104,0.9965631686710006,0.08314188560958466,,,1.0,,1.0,0.0,0.9965501084616409,0.0997164966409017,5,0.001,0.1,0.981003488027754,0.9898095518552814,0.9922076056733655,0.994097375451907,0.994890852321043,0.9962759992259181,0.9958330544193293,0.9950858881528805,0.9952052890524334,0.9954561223021235,0.9948652053752778,1.0
5,0,1.3186484490387171,0.6579254930606282,8214,1.8947440912557203,0.6318480642804967,1369,1.892128333116111,0.6386,0.9910825383933302,0.08269258940401375,,,1.0,,1.0,0.0,0.9976840913955473,0.09973020961792396,5,0.001,0.1,1.0,0.9954709253661304,0.9945384457548976,0.9910941352388232,0.9908283881219953,0.9865108944727433,0.9868179711774504,0.985576033208476,0.984718841452745,0.9827181909151704,0.9815093340420343,0.9811892123730719
5,1,1.4102744064863446,0.6658046851232127,6574,1.8866697720118932,0.6386861313868614,1096,1.891409025786403,0.6379,0.9969044452638574,0.08329978262686254,,,1.0,,1.0,0.0,0.9976840913955473,0.09973020961792396,5,0.001,0.1,0.9954709253661304,1.0,0.9976671730254761,0.9959982252826542,0.9956117595080182,0.994268895332095,0.9939744408168475,0.9932817009661549,0.992501485231442,0.9912681504802516,0.9901309180089901,0.9903930606082708
5,2,1.4725836690618188,0.6568217188310566,5783,1.8957750489634853,0.6307053941908713,964,1.8913971425626224,0.6379,0.9977614360950631,0.08342912500374429,,,1.0,,1.0,0.0,0.9976840913955473,0.09973020961792396,5,0.001,0.1,0.9945384457548976,0.9976671730254761,1.0,0.9961928660481207,0.9972262335961883,0.9950011536149405,0.9951947059688812,0.9945037665538762,0.9938869145403981,0.9928632179018158,0.9910860123520545,0.992644594815404
5,3,1.507060716094741,0.6397200680915452,5287,1.8915119767189026,0.6333711691259932,881,1.891397001644293,0.6379,0.9985818811239792,0.08349124374111445,,,1.0,,1.0,0.0,0.9976840913955473,0.09973020961792396,5,0.001,0.1,0.9910941352388232,0.9959982252826542,0.9961928660481207,1.0,0.9971734626533046,0.9969539709850553,0.9971632361471487,0.9959089320046973,0.9961184460234122,0.9947670919442196,0.9949263562195493,0.9942921969650558
5,4,1.5256293794416613,0.662289766970618,4935,1.8927393876589262,0.6508515815085159,822,1.891397132279393,0.6379,0.9988448954828046,0.08350634924583704,,,1.0,,1.0,0.0,0.9976840913955473,0.09973020961792396,5,0.001,0.1,0.9908283881219953,0.9956117595080182,0.9972262335961883,0.9971734626533046,1.0,0.9971067438172195,0.9974103230051685,0.9960451811170121,0.9967451598055844,0.9956299447047113,0.9946062650106126,0.9953483814244155
5,5,1.5687897297617508,0.6527105206770945,4667,1.885765519142151,0.6542416452442159,778,1.8913971364688569,0.6379,0.9984637629143456,0.0834818882289857,,,1.0,,1.0,0.0,0.9976840913955473,0.09973020961792396,5,0.001,0.1,0.9865108944727433,0.994268895332095,0.9950011536149405,0.9969539709850553,0.9971067438172195,1.0,0.9976964681808455,0.9966598362111325,0.9966489888876561,0.9960632853106751,0.9954613911547092,0.9967694618912397
5,6,1.5658740322078977,0.6623399955086459,4453,1.8805562655131023,0.6428571428571429,742,1.8913971284707896,0.6379,0.9987109203596453,0.08350094730623747,,,1.0,,1.0,0.0,0.9976840913955473,0.09973020961792396,5,0.001,0.1,0.9868179711774504,0.9939744408168475,0.9951947059688812,0.9971632361471487,0.9974103230051685,0.9976964681808455,1.0,0.9971334640477482,0.9972637496528057,0.9967444209586711,0.9963245357201159,0.9963755589260087
5,7,1.593652570069726,0.6591536123451017,4277,1.888984685358794,0.6325385694249649,713,1.891401746021673,0.6378,0.9981347009945278,0.08341229977062445,,,1.0,,1.0,0.0,0.9976840913955473,0.09973020961792396,5,0.001,0.1,0.985576033208476,0.9932817009661549,0.9945037665538762,0.9959089320046973,0.9960451811170121,0.9966598362111325,0.9971334640477482,1.0,0.9971121926220186,0.9972800334912189,0.9960137722752278,0.9956880963604908
5,8,1.6227001392841338,0.6559457495761686,4129,1.8909823569384487,0.6395348837209303,688,1.8914002267697367,0.6379,0.9980825117882486,0.0834067478592281,,,1.0,,1.0,0.0,0.9976840913955473,0.09973020961792396,5,0.001,0.1,0.984718841452745,0.992501485231442,0.9938869145403981,0.9961184460234122,0.9967451598055844,0.9966489888876561,0.9972637496528057,0.9971121926220186,1.0,0.9971744835341279,0.9965002436594794,0.9959004676324013
5,9,1.6207928184479001,0.6439890027493127,4001,1.9079893146242415,0.6251874062968515,667,1.8914022590405644,0.6378,0.9974030172720707,0.08336285741807939,,,1.0,,1.0,0.0,0.9976840913955473,0.09973020961792396,5,0.001,0.1,0.9827181909151704,0.9912681504802516,0.9928632179018158,0.9947670919442196,0.9956299447047113,0.9960632853106751,0.9967444209586711,0.9972800334912189,0.9971744835341279,1.0,0.9960416972221172,0.9958807772677071
5,10,1.6168458067002844,0.6249421445101568,3889,1.8934861251286097,0.6358024691358025,648,1.8914608277451879,0.6379,0.9967133261498267,0.08321402785803633,,,1.0,,1.0,0.0,0.9976840913955473,0.09973020961792396,5,0.001,0.1,0.9815093340420343,0.9901309180089901,0.9910860123520545,0.9949263562195493,0.9946062650106126,0.9954613911547092,0.9963245357201159,0.9960137722752278,0.9965002436594794,0.9960416972221172,1.0,0.9955841822703287
5,11,1.6425194221384385,0.6428383012397785,3791,1.878608775138855,0.6487341772151899,632,1.8915169254278603,0.6383,0.9968710225246348,0.08320214153723653,,,1.0,,1.0,0.0,0.9976840913955473,0.09973020961792396,5,0.001,0.1,0.9811892123730719,0.9903930606082708,0.992644594815404,0.9942921969650558,0.9953483814244155,0.9967694618912397,0.9963755589260087,0.9956880963604908,0.9959004676324013,0.9958807772677071,0.9955841822703287,1.0
6,0,1.2236677488000476,0.6722912101290479,8214,1.788944313692492,0.647918188458729,1369,1.7856229543685913,0.6545,0.9911838086998799,0.08274378895636865,,,1.0,,1.0,0.0,0.9981575647689698,0.09972712593275238,5,0.001,0.1,1.0,0.9950790285819516,0.994481377359229,0.9913043889578209,0.9907484781122881,0.9865311479539126,0.9869576494326802,0.985534666291557,0.9851513158325559,0.9830917297780011,0.9820016865945467,0.9809355331466629
6,1,1.3002723814214316,0.6796470946151506,6574,1.7772767339433944,0.6642335766423357,1096,1.78477616508167,0.6548,0.9967064661790551,0.0832946728508072,,,1.0,,1.0,0.0,0.9981575647689698,0.09972712593275238,5,0.001,0.1,0.9950790285819516,1.0,0.997102318944459,0.9958330370166174,0.9953079912789133,0.9938712642353865,0.9935594311580267,0.9928958106828766,0.9926673909068177,0.9912051050733147,0.9903805349598418,0.989932549088202
6,2,1.3557232485291708,0.6684074010029396,5783,1.7909947633743286,0.6452282157676349,964,1.7847642030197972,0.6548,0.9977725365243033,0.08340845698790404,,,1.0,,1.0,0.0,0.9981575647689698,0.09972712593275238,5,0.001,0.1,0.994481377359229,0.997102318944459,1.0,0.9962732508519518,0.9970079894074519,0.9948036322916949,0.9950789671126643,0.9944991908876406,0.9942341090577175,0.9931837825266642,0.9914415515386001,0.9924699663306265
6,3,1.386556346660637,0.6627577075846416,5287,1.7840930564062936,0.659477866061294,881,1.7847640118279016,0.6548,0.9984640384484136,0.0834689002396601,,,1.0,,1.0,0.0,0.9981575647689698,0.09972712593275238,5,0.001,0.1,0.9913043889578209,0.9958330370166174,0.9962732508519518,1.0,0.9970637467954616,0.9966587655599419,0.9967398780384773,0.9956963188391275,0.995919568194382,0.9947865332166257,0.9944642419703726,0.9940809829688457
6,4,1.3997354302867766,0.6729888551165147,4935,1.7855080778782184,0.6763990267639902,822,1.7847642034006577,0.6548,0.9988474751215438,0.08349055028815164,,,1.0,,1.0,0.0,0.9981575647689698,0.09972712593275238,5,0.001,0.1,0.9907484781122881,0.9953079912789133,0.9970079894074519,0.9970637467954616,1.0,0.9970109354893993,0.9973777066551133,0.9960655174229885,0.996816171497413,0.9958870231433675,0.994925258083011,0.995191684914611
6,5,1.4413165923667282,0.6683094064709664,4667,1.7795079040527344,0.6619537275064268,778,1.7847642041623784,0.6548,0.9983968996354484,0.08346099207919348,,,1.0,,1.0,0.0,0.9981575647689698,0.09972712593275238,5,0.001,0.1,0.9865311479539126,0.9938712642353865,0.9948036322916949,0.9966587655599419,0.9970109354893993,1.0,0.9974024163562313,0.9966611875010968,0.996500767929836,0.9963278864266417,0.9956048886565118,0.9966113468031103
6,6,1.436052924479757,0.6746463058612172,4453,1.772432158390681,0.6482479784366577,742,1.7847641999729145,0.6548,0.99857084007856,0.08347830275002825,,,1.0,,1.0,0.0,0.9981575647689698,0.09972712593275238,5,0.001,0.1,0.9869576494326802,0.9935594311580267,0.9950789671126643,0.9967398780384773,0.9973777066551133,0.9974024163562313,1.0,0.996910519423658,0.9968822907679388,0.9967790245754959,0.9964120645170036,0.9959666174145893
6,7,1.4618662851959912,0.6754267009586159,4277,1.7803815033124841,0.6437587657784011,713,1.784769763200047,0.6548,0.998051038591621,0.08340712727875194,,,1.0,,1.0,0.0,0.9981575647689698,0.09972712593275238,5,0.001,0.1,0.985534666291557,0.9928958106828766,0.9944991908876406,0.9956963188391275,0.9960655174229885,0.9966611875010968,0.996910519423658,1.0,0.9968106448660865,0.9972091085490021,0.9959082503335605,0.9956522158284066
6,8,1.488426670753039,0.6661177040445628,4129,1.7844057570804248,0.6497093023255814,688,1.7847679186933718,0.6548,0.998097698537298,0.08340522764361294,,,1.0,,1.0,0.0,0.9981575647689698,0.09972712593275238,5,0.001,0.1,0.9851513158325559,0.9926673909068177,0.9942341090577175,0.995919568194382,0.996816171497413,0.996500767929836,0.9968822907679388,0.9968106448660865,1.0,0.997139029516125,0.9962095796657202,0.99606790367015
6,9,1.4879858039201252,0.6603849037740565,4001,1.8061589002609253,0.6416791604197901,667,1.7847699993334638,0.6548,0.9975453851634802,0.08336046311852657,,,1.0,,1.0,0.0,0.9981575647689698,0.09972712593275238,5,0.001,0.1,0.9830917297780011,0.9912051050733147,0.9931837825266642,0.9947865332166257,0.9958870231433675,0.9963278864266417,0.9967790245754959,0.9972091085490021,0.997139029516125,1.0,0.9962414862519813,0.995928717713904
6,10,1.4839076326518763,0.652867060941116,3889,1.78809844879877,0.6589506172839507,648,1.7848369374442785,0.6549,0.9968102009369392,0.08324540762437022,,,1.0,,1.0,0.0,0.9981575647689698,0.09972712593275238,5,0.001,0.1,0.9820016865945467,0.9903805349598418,0.9914415515386001,0.9944642419703726,0.994925258083011,0.9956048886565118,0.9964120645170036,0.9959082503335605,0.9962095796657202,0.9962414862519813,1.0,0.9953975987380279
6,11,1.5073424995446405,0.6580321814824585,3791,1.7685715198516845,0.6598101265822784,632,1.7849033316865135,0.6549,0.9967481253451294,0.08323611018262479,,,1.0,,1.0,0.0,0.9981575647689698,0.09972712593275238,5,0.001,0.1,0.9809355331466629,0.989932549088202,0.9924699663306265,0.9940809829688457,0.995191684914611,0.9966113468031103,0.9959666174145893,0.9956522158284066,0.99606790367015,0.995928717713904,0.9953975987380279,1.0
7,0,1.1430929286470672,0.6812028244460677,8214,1.675182769464892,0.6661796932067202,1369,1.671086100343698,0.669,0.990762167468783,0.0827668034722748,,,1.0,,1.0,0.0,0.998414115210713,0.09971082532841324,5,0.001,0.1,1.0,0.9947223084472316,0.9940381748182532,0.9908185533355556,0.9898204271387351,0.9858283202145562,0.9864827806965752,0.9848856723063523,0.9842334751703253,0.9822121111912352,0.9818505346268853,0.9799457883008645
7,1,1.2067185789057353,0.6895041070885306,6574,1.6593094893864222,0.6788321167883211,1096,1.67013069387442,0.6686,0.9966192324331844,0.08329397062910773,,,1.0,,1.0,0.0,0.998414115210713,0.09971082532841324,5,0.001,0.1,0.9947223084472316,1.0,0.9967441359734128,0.9956030194708947,0.9949908747419951,0.9933519768893853,0.9935893538809281,0.9926797201721057,0.9922880187426145,0.9909914808911076,0.990453486162824,0.989429982998965
