round,client_id,client_i_training_loss,client_i_training_accuracy,client_i_training_dataset_size,client_i_evaluation_loss,client_i_evaluation_accuracy,client_i_evaluation_dataset_size,client_i_central_evaluation_loss,client_i_central_evaluation_accuracy,client_i_cosine_similarity,client_i_importance_coefficient,client_i_tanh_val,tanh_normalization_value,client_i_q,client_i_mask_order,client_i_v_nonzero_fraction,client_i_v_sparsity,client_i_v_cosine_similarity,client_i_reward_gradient_norm,local_epochs,learning_rate,gamma,client_0_cosine_similarity,client_1_cosine_similarity,client_2_cosine_similarity,client_3_cosine_similarity,client_4_cosine_similarity,client_5_cosine_similarity,client_6_cosine_similarity,client_7_cosine_similarity,client_8_cosine_similarity,client_9_cosine_similarity,client_10_cosine_similarity,client_11_cosine_similarity
0,0,0.2839567391082268,0.9121012904796688,8214,2.1827626893686696,0.3155588020452885,1369,2.1893204195430864,0.2891,0.8054328805028581,0.08489691799251321,,,0.9999999999435152,,1.0,0.0,0,0.3961502788746923,5,0.1,0.5,1.0,0.5868169413521843,0.5813468988661382,0.5877100674026458,0.5817097222766258,0.5832104622554002,0.58218988794393,0.573999952457729,0.5716271644060168,0.557785382945818,0.585248462394091,0.5908097940039106
0,1,0.3046731194906226,0.9039549741405537,6574,2.188776649747576,0.3074817518248175,1096,2.1893349988772846,0.2889,0.7936912606189862,0.08365928868222484,,,0.9300927069368454,,0.9301139501029064,0.06988604989709357,0,0.3961449140562104,5,0.1,0.5,0.5868169413521843,1.0,0.5835640951807772,0.5956203390713366,0.5862142494925193,0.5713399479588016,0.5811523487510329,0.5787697866978997,0.5967006932955445,0.5451193951217014,0.5868386326594298,0.5969179824614101
0,2,0.3194735990703435,0.9003285491959191,5783,2.19211942918839,0.2925311203319502,964,2.189322058766033,0.289,0.7993351346537155,0.0842541830833416,,,0.9636952217295873,,0.9637066412328699,0.036293358767130135,0,0.3961496133043718,5,0.1,0.5,0.5813468988661382,0.5835640951807772,1.0,0.606076276490203,0.6005424396328666,0.6011484912082526,0.5906067875648262,0.6042342793839616,0.5968495299125681,0.5686201607045722,0.6107400873297146,0.6071837806506337
0,3,0.3116950463144535,0.9006241724985814,5287,2.1923812116895403,0.27695800227014755,881,2.189320286241964,0.2891,0.8030636494807067,0.08464718841645305,,,0.9858940649103496,,0.985909341900507,0.014090658099492948,0,0.3961502443260888,5,0.1,0.5,0.5877100674026458,0.5956203390713366,0.606076276490203,1.0,0.6103945560065843,0.6176165513077082,0.6078499849530178,0.606964891897903,0.6131526747700942,0.5587476656513347,0.6008616674179382,0.6171467194838679
0,4,0.3354781057072743,0.8954812563323201,4935,2.187133449774522,0.2846715328467153,822,2.1893326322110696,0.289,0.7914811164369016,0.08342632770692801,,,0.9169339436271751,,0.9169519602429597,0.08304803975704034,0,0.3961406786129925,5,0.1,0.5,0.5817097222766258,0.5862142494925193,0.6005424396328666,0.6103945560065843,1.0,0.5938959370192799,0.5912012638327208,0.6037908950681811,0.6070146534299024,0.548947556858369,0.6013696635300146,0.6146802303915215
0,5,0.33769649477573493,0.8938504392543389,4667,2.1946755027770997,0.2647814910025707,778,2.1893350072562123,0.2889,0.7936922983912424,0.08365939806895123,,,0.9300988856285335,,0.9301189699312283,0.06988103006877167,0,0.3961449145612022,5,0.1,0.5,0.5832104622554002,0.5713399479588016,0.6011484912082526,0.6176165513077082,0.5938959370192799,1.0,0.6135460889579564,0.6216436880839034,0.6035363540588328,0.5651071655370141,0.6095754539416419,0.6145898511964536
0,6,0.37049073814281397,0.882685829777678,4453,2.1842265824476876,0.29514824797843664,742,2.1893403591058505,0.289,0.7879001946748505,0.08304887946942789,,,0.8956138404957908,,0.8956327493599718,0.10436725064002816,0,0.3961299427937646,5,0.1,0.5,0.58218988794393,0.5811523487510329,0.5906067875648262,0.6078499849530178,0.5912012638327208,0.6135460889579564,1.0,0.5995757667366747,0.6020106908845018,0.5691471520921131,0.6041891008096643,0.6099990877552451
0,7,0.37330751702773257,0.8846855272387187,4277,2.191275119781494,0.27489481065918653,713,2.1893375178876395,0.289,0.789395041050701,0.08320644424391631,,,0.9045138615005657,,0.904527885146328,0.09547211485367202,0,0.3961351058180805,5,0.1,0.5,0.573999952457729,0.5787697866978997,0.6042342793839616,0.606964891897903,0.6037908950681811,0.6216436880839034,0.5995757667366747,1.0,0.6033552717573434,0.5631693555307459,0.6160757496278365,0.6159501139546736
0,8,0.3692342404403154,0.8819568902882053,4129,2.1889062469655816,0.3008720930232558,688,2.1893334350646874,0.289,0.7898305880295279,0.08325235321664196,,,0.9071070224586067,,0.9071281562170573,0.09287184378294266,0,0.3961364119203273,5,0.1,0.5,0.5716271644060168,0.5967006932955445,0.5968495299125681,0.6131526747700942,0.6070146534299024,0.6035363540588328,0.6020106908845018,0.6033552717573434,1.0,0.5729977437202805,0.612154579693277,0.6224636731121672
0,9,0.40477731235266207,0.8794801299675081,4001,2.1948451655251637,0.2623688155922039,667,2.19005569634727,0.2891,0.7466469258199924,0.07870056508138427,,,0.65,,0.650002509914161,0.349997490085839,0,0.3949164274569883,5,0.1,0.5,0.557785382945818,0.5451193951217014,0.5686201607045722,0.5587476656513347,0.548947556858369,0.5651071655370141,0.5691471520921131,0.5631693555307459,0.5729977437202805,1.0,0.5783711298851677,0.5752418551347731
0,10,0.37332334649886506,0.8836718950887118,3889,2.1926568349202475,0.2700617283950617,648,2.1893316732047086,0.289,0.7903696350510194,0.08330917164544649,,,0.9103164022927768,,0.9103358265147332,0.08966417348526678,0,0.3961379164622547,5,0.1,0.5,0.585248462394091,0.5868386326594298,0.6107400873297146,0.6008616674179382,0.6013696635300146,0.6095754539416419,0.6041891008096643,0.6160757496278365,0.612154579693277,0.5783711298851677,1.0,0.6146499457600774
0,11,0.3754135458409285,0.8807702453178581,3791,2.1885252833366393,0.2879746835443038,632,2.1893261735812546,0.2891,0.7963476131243601,0.08393928239277106,,,0.9459081067503954,,0.9459264093168014,0.054073590683198614,0,0.39614790774445796,5,0.1,0.5,0.5908097940039106,0.5969179824614101,0.6071837806506337,0.6171467194838679,0.6146802303915215,0.6145898511964536,0.6099990877552451,0.6159501139546736,0.6224636731121672,0.5752418551347731,0.6146499457600774,1.0
1,0,0.2502031502371893,0.9237156074993913,8214,2.0185889975969182,0.7173119065010957,1369,2.028055356333431,0.7,0.7942233069374143,0.08382832021145838,,,0.9287359669970283,,0.9287485567993574,0.07125144320064258,0.9605039176108706,0.40483651517903513,5,0.1,0.5,1.0,0.6118614335226669,0.6019801760464959,0.6240339462221621,0.6172488806704403,0.6247360406981606,0.607810278863066,0.6236671275886281,0.5620131181496437,0.6145732098515669,0.6043042292321268,0.6172866076054448
1,1,0.2715749153727213,0.9155156677821722,6574,2.03017383984157,0.6925182481751825,1096,2.0281117922200944,0.6999,0.8000605052798297,0.08321272659827197,,,0.8771169034810057,,0.877129662165554,0.12287033783444601,0.9604220736692781,0.40480508821486805,5,0.1,0.5,0.6118614335226669,1.0,0.6145086179612608,0.6294387170503492,0.6131497607385588,0.6237984557647552,0.6120829308175361,0.6191421626477857,0.5745203192914928,0.6261101528377162,0.6212773458404452,0.6264890802722318
1,2,0.2797709613338689,0.9181047899014353,5783,2.0300372646700953,0.7074688796680498,964,2.0280578856270153,0.7,0.8058276905124098,0.08380716242828996,,,0.9269618339816199,,0.9269765574017369,0.0730234425982631,0.9605038692549055,0.4048358683520533,5,0.1,0.5,0.6019801760464959,0.6145086179612608,1.0,0.6353581639882527,0.6221563333538132,0.6240918201944432,0.6200214609589441,0.6362835061092915,0.5798283095606575,0.6321378720293678,0.6294969169877976,0.6302486831239357
1,3,0.2742858158581587,0.9149612256478153,5287,2.0324156284332275,0.6980703745743473,881,2.028048712224625,0.7001,0.8233736555700627,0.08467819389235726,,,0.9999999999161475,,1.0,0.0,0.9605206524552967,0.4048437376965597,5,0.1,0.5,0.6240339462221621,0.6294387170503492,0.6353581639882527,1.0,0.6486225565787836,0.6543789771113521,0.6357672429331929,0.642639257312439,0.5961032506555637,0.6404328483956498,0.6426355882328649,0.6452773056113906
1,4,0.2966909130097878,0.9098277608915907,4935,2.025231563127958,0.7214111922141119,822,2.028092219044987,0.7001,0.8146532406929939,0.08356675441343323,,,0.9068030208899494,,0.9068219466894232,0.09317805331057682,0.9604729111113307,0.4048270520132083,5,0.1,0.5,0.6172488806704403,0.6131497607385588,0.6221563333538132,0.6486225565787836,1.0,0.6457742908182739,0.631003014613243,0.6436955875813395,0.5881242982301639,0.6315039864921171,0.6334972504349765,0.6402158899725487
1,5,0.2948411387110716,0.9086779515748875,4667,2.0359080028533936,0.6902313624678663,778,2.0280713303782307,0.6997,0.823223995445516,0.08401942253655673,,,0.9447603747329226,,0.944771848802771,0.055228151197229014,0.9605012612943218,0.4048405328383242,5,0.1,0.5,0.6247360406981606,0.6237984557647552,0.6240918201944432,0.6543789771113521,0.6457742908182739,1.0,0.6382322573890175,0.6497393097290335,0.5982385328463509,0.6453463544781666,0.6440024200563714,0.649393558123271
1,6,0.3233846676189985,0.9003368515607456,4453,2.0198404590288797,0.7075471698113207,742,2.0281181552539618,0.6999,0.8108602682254623,0.08318493737663521,,,0.8747867077707155,,0.8747954419958838,0.12520455800411623,0.9603957130085184,0.40480267879839205,5,0.1,0.5,0.607810278863066,0.6120829308175361,0.6200214609589441,0.6357672429331929,0.631003014613243,0.6382322573890175,1.0,0.6403719168371383,0.5899539564884919,0.6354467438829898,0.6304479399919443,0.6393304723585539
1,7,0.32437960081803263,0.9010521393500117,4277,2.0289811362390933,0.7138849929873773,713,2.0280922335176803,0.7001,0.8209717461715151,0.08364130081927276,,,0.913053923393639,,0.9130716329501531,0.08692836704984686,0.9604616143691801,0.4048302356958391,5,0.1,0.5,0.6236671275886281,0.6191421626477857,0.6362835061092915,0.642639257312439,0.6436955875813395,0.6497393097290335,0.6403719168371383,1.0,0.59444182719616,0.6383291526115591,0.6354657512609391,0.6536478671683108
1,8,0.3642407996024569,0.8940663598934366,4129,2.0256471633911133,0.690406976744186,688,2.028332046045663,0.7003,0.7677362202105995,0.08181785213137262,,,0.7601531920950758,,0.7601777019225943,0.23982229807740574,0.959812107740356,0.4044747135972429,5,0.1,0.5,0.5620131181496437,0.5745203192914928,0.5798283095606575,0.5961032506555637,0.5881242982301639,0.5982385328463509,0.5899539564884919,0.59444182719616,1.0,0.590094847604781,0.5897151899245738,0.5974111887606495
1,9,0.33059101351253134,0.9003249187703074,4001,2.0360824040004184,0.6626686656671664,667,2.0300379427858055,0.6958,0.816496505099423,0.08050419789382963,,,0.65,,0.650002509914161,0.349997490085839,0.9571370872394241,0.4034563699122934,5,0.1,0.5,0.6145732098515669,0.6261101528377162,0.6321378720293678,0.6404328483956498,0.6315039864921171,0.6453463544781666,0.6354467438829898,0.6383291526115591,0.590094847604781,1.0,0.6457216326699233,0.6540337485350134
1,10,0.3248064390444731,0.9013113911031113,3889,2.034935338156564,0.6666666666666666,648,2.0280991347072224,0.7002,0.8155109102647156,0.08351910617637968,,,0.9028075970872848,,0.9028261633452136,0.0971738366547864,0.9604639242780489,0.40482481222341143,5,0.1,0.5,0.6043042292321268,0.6212773458404452,0.6294969169877976,0.6426355882328649,0.6334972504349765,0.6440024200563714,0.6304479399919443,0.6354657512609391,0.5897151899245738,0.6457216326699233,1.0,0.6482267339977071
1,11,0.3249127445194651,0.8989712476919018,3791,2.02849702835083,0.7041139240506329,632,2.0280590491553845,0.7,0.8236668299666283,0.08422002552214256,,,0.9615814366033668,,0.9615983133376839,0.03840168666231614,0.9605160718390059,0.4048426769509604,5,0.1,0.5,0.6172866076054448,0.6264890802722318,0.6302486831239357,0.6452773056113906,0.6402158899725487,0.649393558123271,0.6393304723585539,0.6536478671683108,0.5974111887606495,0.6540337485350134,0.6482267339977071,1.0
2,0,0.23725896403410904,0.9291697102507913,8214,1.818844107694404,0.8685171658144631,1369,1.8312601490904348,0.8676,0.8001812839257345,0.08350630266557671,,,0.9142366829106479,,0.9142512926057929,0.08574870739420715,0.9675246477055752,0.4023821072017716,5,0.1,0.5,1.0,0.618297439503053,0.6178922581757551,0.6248261896682263,0.6280313886532086,0.6169777616221392,0.6099625865669945,0.6164636436917386,0.5485869904702031,0.6171661569583586,0.6130749739617833,0.612806446489013
2,1,0.24595785261520628,0.9261940979616672,6574,1.8356887919562204,0.8777372262773723,1096,1.831337672452957,0.8674,0.8059051440164469,0.08329788168884682,,,0.8989032169706026,,0.8989157170824758,0.10108428291752425,0.9674468510823134,0.4023730592011287,5,0.1,0.5,0.618297439503053,1.0,0.619883620094411,0.6271120518939218,0.623728683965462,0.6289424592111895,0.6217008063118928,0.6259190112200105,0.544514201552448,0.6122428897639786,0.6341226506824316,0.625151466488654
2,2,0.250855467586845,0.9270620785059658,5783,1.8333471936564292,0.8858921161825726,964,1.8312689583903303,0.8675,0.8119280921765029,0.08390220533625568,,,0.9433631183188087,,0.9433763365292906,0.05662366347070935,0.9675439264583396,0.40239106443386524,5,0.1,0.5,0.6178922581757551,0.619883620094411,1.0,0.6317896781765056,0.632180907617127,0.6272122729715898,0.6272007994818343,0.636643108577983,0.5573276132354162,0.6230019860099174,0.633891235699045,0.630476497905688
2,3,0.24567442592906666,0.9257045583506714,5287,1.8369485863617487,0.8569807037457434,881,1.8312575181071369,0.8675,0.817438683764989,0.08467204525566799,,,0.9999999999264303,,1.0,0.0,0.9675619083830628,0.402394060582306,5,0.1,0.5,0.6248261896682263,0.6271120518939218,0.6317896781765056,1.0,0.638578846309588,0.6387147825226365,0.6340553708325422,0.6418278084727506,0.5566494254673617,0.6212415956709749,0.636896762824724,0.6349009130160276
2,4,0.2682785077158722,0.9184599797365754,4935,1.8277738461127648,0.8734793187347932,822,1.8313150954322692,0.8674,0.8154126400549784,0.08386440448261874,,,0.9405821213633158,,0.9406053912956177,0.05939460870438229,0.9675248283912813,0.4023905868108592,5,0.1,0.5,0.6280313886532086,0.623728683965462,0.632180907617127,0.638578846309588,1.0,0.6397840178340504,0.621537230142621,0.6319045528661984,0.5581361836372767,0.6229297579019415,0.6346568967533839,0.6403892700159147
2,5,0.2650134558393939,0.9197771587743733,4667,1.8412310457229615,0.8650385604113111,778,1.8312867346663064,0.8674,0.8158551589683259,0.08417998774591852,,,0.9637994831422441,,0.9638070377993072,0.03619296220069279,0.9675523206881337,0.4023933556764467,5,0.1,0.5,0.6169777616221392,0.6289424592111895,0.6272122729715898,0.6387147825226365,0.6397840178340504,1.0,0.6324227970752151,0.6377627782656263,0.5600535953491808,0.6206373207183236,0.633956659586674,0.6377934237582729
2,6,0.28440153084961434,0.9131821244105097,4453,1.819620634118716,0.8706199460916442,742,1.8313539462348523,0.8674,0.8084146145626098,0.0833670297267084,,,0.9039904164454692,,0.9040008031725315,0.09599919682746849,0.9674550507556128,0.40237634116859927,5,0.1,0.5,0.6099625865669945,0.6217008063118928,0.6272007994818343,0.6340553708325422,0.621537230142621,0.6324227970752151,1.0,0.6232174651884784,0.5565793901286956,0.6147634046410111,0.6290586051970383,0.6355668561169513
2,7,0.28916202949832626,0.9135842880523731,4277,1.8308127703874006,0.876577840112202,713,1.8313128156022143,0.8675,0.8131898072184347,0.08383626155700208,,,0.938511655145534,,0.9385271823703629,0.06147281762963708,0.96752423782034,0.40239018255236125,5,0.1,0.5,0.6164636436917386,0.6259190112200105,0.636643108577983,0.6418278084727506,0.6319045528661984,0.6377627782656263,0.6232174651884784,1.0,0.5591571736957155,0.6139385959145606,0.6266110820570476,0.6364037107602442
2,8,0.35176091267172105,0.9012351658997336,4129,1.8281880292025479,0.8604651162790697,688,1.8331012234520228,0.8656,0.7354594108461284,0.07991465106146838,,,0.65,,0.650002509914161,0.349997490085839,0.9645455799477124,0.4009321282032268,5,0.1,0.5,0.5485869904702031,0.544514201552448,0.5573276132354162,0.5566494254673617,0.5581361836372767,0.5600535953491808,0.5565793901286956,0.5591571736957155,1.0,0.552049911075836,0.5498446638464328,0.5675593238205143
2,9,0.3224179451461024,0.9049737565608598,4001,1.8414464394251506,0.8380809595202399,667,1.8342408147482827,0.8655,0.8009202765280611,0.08132803972340535,,,0.7539825609105715,,0.7539932734300487,0.24600672656995126,0.9643266939654287,0.40195526886020866,5,0.1,0.5,0.6171661569583586,0.6122428897639786,0.6230019860099174,0.6212415956709749,0.6229297579019415,0.6206373207183236,0.6147634046410111,0.6139385959145606,0.552049911075836,1.0,0.6249517586544251,0.6235149150737603
2,10,0.2862229676016408,0.9150424273592183,3889,1.8418971527190435,0.8626543209876543,648,1.8313285161892827,0.8674,0.8138565883757969,0.08377850950461359,,,0.9342628547504843,,0.9342753877817379,0.06572461221826209,0.967518135814854,0.40238917325320867,5,0.1,0.5,0.6130749739617833,0.6341226506824316,0.633891235699045,0.636896762824724,0.6346568967533839,0.633956659586674,0.6290586051970383,0.6266110820570476,0.5498446638464328,0.6249517586544251,1.0,0.6400970344498705
2,11,0.2948557680754476,0.9094170403587444,3791,1.8336830675601958,0.8528481012658228,632,1.8312738836763767,0.8673,0.8169923303341198,0.08435268125191775,,,0.9765044902574247,,0.9765222629386076,0.023477737061392445,0.9675619273520365,0.40239388260945785,5,0.1,0.5,0.612806446489013,0.625151466488654,0.630476497905688,0.6349009130160276,0.6403892700159147,0.6377934237582729,0.6355668561169513,0.6364037107602442,0.5675593238205143,0.6235149150737603,0.6400970344498705,1.0
3,0,0.21781594389433526,0.934063793523253,8214,1.5931758437045784,0.9130752373995618,1369,1.6084277507976983,0.9118,0.7981580750036563,0.08381251618020476,,,0.9481637059725228,,0.9481803122333217,0.051819687766678335,0.9670048318176451,0.3942230853259228,5,0.1,0.5,1.0,0.6153963253056854,0.6126852900517777,0.6251587964731696,0.6266035598417912,0.6157250596326327,0.6096884156411575,0.6108157058440536,0.49580895299497524,0.5250794114169833,0.6061817006848889,0.6007327411607742
3,1,0.22679398637943116,0.9330088226346213,6574,1.6147478410175868,0.9233576642335767,1096,1.608534993455052,0.9118,0.7962224470071739,0.08360531562228933,,,0.9389428282061099,,0.938953867777722,0.06104613222227795,0.966982593254093,0.3942212856671807,5,0.1,0.5,0.6153963253056854,1.0,0.603277332182867,0.6158012670925802,0.6163835741815492,0.6159822808623121,0.6060156300671784,0.6164437259988597,0.48613363642462454,0.5264789031756778,0.6158208854074723,0.6085250595444225
3,2,0.22837186699465575,0.9330451322842815,5783,1.6104868188981087,0.9232365145228216,964,1.6084292327253202,0.9118,0.7994174527278655,0.08412114115516908,,,0.9618981920107785,,0.9619095426936399,0.03809045730636007,0.967031261299591,0.3942247142219615,5,0.1,0.5,0.6126852900517777,0.603277332182867,1.0,0.6150565067265292,0.6148886998981269,0.6136676721163632,0.6166531770007909,0.6195767698586871,0.4938089381385199,0.5257916985662809,0.6213784133627016,0.617018600163779
3,3,0.23039069870004364,0.9312275392472101,5287,1.6165389972073692,0.9069239500567536,881,1.6084207182113355,0.9118,0.8091519527208153,0.08497731949997796,,,0.9999999999554978,,1.0,0.0,0.9670357203624803,0.394225798345773,5,0.1,0.5,0.6251587964731696,0.6158012670925802,0.6150565067265292,1.0,0.632569808113382,0.6299702993514481,0.6300621744843024,0.6228214989249609,0.5023714137680366,0.5302075419718446,0.6264566420691312,0.6120405824354858
3,4,0.2466232197233025,0.9279027355623101,4935,1.6037252453657298,0.9209245742092458,822,1.6084875782457784,0.9118,0.8125219531425016,0.08455645451366528,,,0.9812705880562489,,0.9812860800160634,0.018713919983936567,0.9670309202499325,0.3942256725970521,5,0.1,0.5,0.6266035598417912,0.6163835741815492,0.6148886998981269,0.632569808113382,1.0,0.6382300948730871,0.626539948567729,0.626167728941311,0.502766526050974,0.5396868200558476,0.6272299822501126,0.6268505336806245
3,5,0.2375216110418104,0.9299335761731304,4667,1.6208884620666504,0.903598971722365,778,1.6084520778716944,0.9118,0.8124349377159213,0.08476412741832492,,,0.9905124862853266,,0.9905326037849506,0.00946739621504944,0.9670339142051746,0.394225783139379,5,0.1,0.5,0.6157250596326327,0.6159822808623121,0.6136676721163632,0.6299702993514481,0.6382300948730871,1.0,0.6320616671440603,0.6365313265940098,0.4976647832532675,0.537092104657325,0.6294413167356019,0.629054573103158
3,6,0.2529182340284543,0.9218504379070289,4453,1.5939808537562687,0.921832884097035,742,1.608537498373574,0.9118,0.8090084025016321,0.08410084901699318,,,0.9609951475034584,,0.9610109934240249,0.03898900657597515,0.966999508418273,0.3942246296294646,5,0.1,0.5,0.6096884156411575,0.6060156300671784,0.6166531770007909,0.6300621744843024,0.626539948567729,0.6320616671440603,1.0,0.6277130458308603,0.5023246743639,0.5410331474015881,0.6256394007875915,0.6292771990034941
3,7,0.2645197820863617,0.9204582651391162,4277,1.6051807818205461,0.9256661991584852,713,1.6084795409498123,0.9118,0.808813195971111,0.08440731855417512,,,0.9746337118486241,,0.9746448471462276,0.025355152853772434,0.9670298965593791,0.3942254855404213,5,0.1,0.5,0.6108157058440536,0.6164437259988597,0.6195767698586871,0.6228214989249609,0.626167728941311,0.6365313265940098,0.6277130458308603,1.0,0.49931521860709177,0.5310571159606466,0.6211906081950486,0.6311255665389138
3,8,0.31274343445336295,0.9125211915718091,4129,1.604757915843617,0.9069767441860465,688,1.6121785994916678,0.9104,0.6757601359932632,0.07711253730697086,,,0.65,,0.650002509914161,0.349997490085839,0.9633781840502076,0.39273649451513615,5,0.1,0.5,0.49580895299497524,0.48613363642462454,0.4938089381385199,0.5023714137680366,0.502766526050974,0.4976647832532675,0.5023246743639,0.49931521860709177,1.0,0.43061077490395744,0.49616040820021257,0.5054964456486621
3,9,0.2726957264606816,0.9206698325418645,4001,1.6209014710925875,0.8875562218890555,667,1.612376812167061,0.9102,0.7148689623905565,0.07943080051270941,,,0.7531677803648228,,0.7531800612419055,0.2468199387580945,0.9656227577816772,0.39378423692730496,5,0.1,0.5,0.5250794114169833,0.5264789031756778,0.5257916985662809,0.5302075419718446,0.5396868200558476,0.537092104657325,0.5410331474015881,0.5310571159606466,0.43061077490395744,1.0,0.5408895352549532,0.5426568171456355
3,10,0.2624589239506692,0.9222422216508099,3889,1.6228218021846952,0.8996913580246914,648,1.608501614092257,0.9118,0.8089838635481884,0.08437475263890233,,,0.9731844574300897,,0.9731991365895286,0.026800863410471387,0.9670252439098607,0.39422542929382287,5,0.1,0.5,0.6061817006848889,0.6158208854074723,0.6213784133627016,0.6264566420691312,0.6272299822501126,0.6294413167356019,0.6256394007875915,0.6211906081950486,0.49616040820021257,0.5408895352549532,1.0,0.6343195918435167
3,11,0.25480818708482034,0.9219730941704036,3791,1.6124172031879425,0.8876582278481012,632,1.6084406977644363,0.9118,0.8083781173263112,0.08473686758061787,,,0.9892993639175209,,0.9893077656744139,0.01069223432558608,0.9670356751744333,0.39422577584754137,5,0.1,0.5,0.6007327411607742,0.6085250595444225,0.617018600163779,0.6120405824354858,0.6268505336806245,0.629054573103158,0.6292771990034941,0.6311255665389138,0.5054964456486621,0.5426568171456355,0.6343195918435167,1.0
4,0,0.2034192502328307,0.9400292184075968,8214,1.3402880014375198,0.9349890430971513,1369,1.3573280431972905,0.9317,0.7882357399836856,0.08331636831456948,,,0.913361954242449,,0.9133778424777873,0.0866221575222127,0.9687422909505582,0.3989389287087086,5,0.1,0.5,1.0,0.5986626312280832,0.5981012097803159,0.6047266441668537,0.6007973381877668,0.602332959812231,0.5908177706799398,0.5989357481725074,0.5915880541375361,0.5725829843949235,0.5880402616105993,0.5966614085494572
4,1,0.2128525787254669,0.9334347429266808,6574,1.364684956414359,0.9297445255474452,1096,1.357460712472471,0.9318,0.7936576865152187,0.08336834357693622,,,0.91680305539949,,0.916821444706591,0.083178555293409,0.9687392967806671,0.3989407209173593,5,0.1,0.5,0.5986626312280832,1.0,0.599347265662494,0.6037271197173308,0.59783006929454,0.6026809043691786,0.6014294919303852,0.5992660996266459,0.6046075391201229,0.5766962578637608,0.6057155015064607,0.6069111042446957
4,2,0.21277571504019735,0.9376794051530347,5783,1.3600578269650858,0.941908713692946,964,1.357328328842553,0.9317,0.7973425360717712,0.08384029647263959,,,0.9480494134075477,,0.9480648561819186,0.0519351438180814,0.9687657211806578,0.3989510286737253,5,0.1,0.5,0.5981012097803159,0.599347265662494,1.0,0.6064264428968014,0.601450987455796,0.6060316250179241,0.6023716440603033,0.6066139155416965,0.6100660428535258,0.58445892506557,0.6046907349678915,0.6105753059915784
4,3,0.20725863225735633,0.9366748628711935,5287,1.3676521650382452,0.9330306469920545,881,1.3573371636600922,0.9317,0.8018959814884076,0.08456896264082707,,,0.9962918633783511,,0.9963054063551027,0.003694593644897326,0.9687736042463884,0.3989541344572494,5,0.1,0.5,0.6047266441668537,0.6037271197173308,0.6064264428968014,1.0,0.6124892641457499,0.6142631841348185,0.6085728822140521,0.6074041570938643,0.6127999645041323,0.5931374587502879,0.6008554626075943,0.6056057424635632
4,4,0.2213759995714551,0.9356838905775076,4935,1.350873662875249,0.9416058394160584,822,1.3574002908822447,0.9317,0.7996320566701888,0.08420988111244262,,,0.9725183256119193,,0.9725314994227198,0.02746850057728023,0.968773620631129,0.3989537595864293,5,0.1,0.5,0.6007973381877668,0.59783006929454,0.601450987455796,0.6124892641457499,1.0,0.6135471993329966,0.6014453353769299,0.605526777136772,0.6092860720184992,0.585976406393197,0.6039897279309353,0.6173064958760927
4,5,0.21943904667684477,0.9354188986500964,4667,1.3719204330444337,0.9305912596401028,778,1.3573681714054875,0.9317,0.8054041354271161,0.08454997693641335,,,0.9950348859923723,,0.9950554691029567,0.0049445308970432755,0.9687741134656729,0.39895413369773886,5,0.1,0.5,0.602332959812231,0.6026809043691786,0.6060316250179241,0.6142631841348185,0.6135471993329966,1.0,0.614345965178645,0.6143672984067376,0.6195949974142373,0.5927015541820633,0.6077533536038388,0.6170369041867612
4,6,0.23755432238403176,0.9280934201661801,4453,1.3403747926155727,0.944743935309973,742,1.3574512351435213,0.9317,0.7999069551771713,0.08391655027442235,,,0.953097912127804,,0.9531097836453993,0.04689021635460067,0.9687692923447019,0.39895185810243533,5,0.1,0.5,0.5908177706799398,0.6014294919303852,0.6023716440603033,0.6085728822140521,0.6014453353769299,0.614345965178645,1.0,0.610157472443432,0.6131392611214783,0.5965299421601403,0.6054802666305077,0.6110757365830144
4,7,0.23952473693721885,0.928781856441431,4277,1.3504266687061475,0.9368863955119214,713,1.3573891480509845,0.9317,0.8010834011638566,0.08416150694043302,,,0.9693156401093697,,0.9693238291250439,0.03067617087495611,0.9687718085308655,0.3989535756198798,5,0.1,0.5,0.5989357481725074,0.5992660996266459,0.6066139155416965,0.6074041570938643,0.605526777136772,0.6143672984067376,0.610157472443432,1.0,0.612199509395201,0.585704136659681,0.6020385151391227,0.6221452876175058
4,8,0.24375518682771005,0.9273431823686122,4129,1.3541428446769714,0.9375,688,1.3633984970970277,0.9303,0.8018716352165757,0.07933848273536791,,,0.65,,0.650002509914161,0.349997490085839,0.9655853532073734,0.39740982544965275,5,0.1,0.5,0.5915880541375361,0.6046075391201229,0.6100660428535258,0.6127999645041323,0.6092860720184992,0.6195949974142373,0.6131392611214783,0.612199509395201,1.0,0.5985849982117908,0.6083112406997857,0.6258512815916587
4,9,0.25794790176682114,0.9259185203699075,4001,1.3737054268519084,0.9025487256371814,667,1.3626956391258362,0.9306,0.7786139553730375,0.08006604604735107,,,0.6981694337013721,,0.6981778023191607,0.3018221976808393,0.9668424413805908,0.39804354278883475,5,0.1,0.5,0.5725829843949235,0.5766962578637608,0.58445892506557,0.5931374587502879,0.585976406393197,0.5927015541820633,0.5965299421601403,0.585704136659681,0.5985849982117908,1.0,0.590616169706504,0.5980020226785322
4,10,0.2401888873840331,0.9282077654924145,3889,1.374492435228257,0.9212962962962963,648,1.357409260905208,0.9317,0.7981906137254712,0.08403861367519433,,,0.9611793049001017,,0.9611967270719342,0.038803272928065846,0.9687724586963594,0.3989529107318169,5,0.1,0.5,0.5880402616105993,0.6057155015064607,0.6046907349678915,0.6008554626075943,0.6039897279309353,0.6077533536038388,0.6054802666305077,0.6020385151391227,0.6083112406997857,0.590616169706504,1.0,0.6196746113593092
4,11,0.2340048365999295,0.9280400949617515,3791,1.3627712190151215,0.9098101265822784,632,1.3573589111669375,0.9317,0.8080649530029927,0.08462497127340285,,,0.9999999999337934,,1.0,0.0,0.9687742381786633,0.39895413493525006,5,0.1,0.5,0.5966614085494572,0.6069111042446957,0.6105753059915784,0.6056057424635632,0.6173064958760927,0.6170369041867612,0.6110757365830144,0.6221452876175058,0.6258512815916587,0.5980020226785322,0.6196746113593092,1.0
5,0,0.19378409387058204,0.9415144874604334,8214,1.0895086152609004,0.943754565376187,1369,1.107024985380447,0.9414,0.7790014585027188,0.08316740363587972,,,0.8876151029520987,,0.8876311430149089,0.11236885698509114,0.9695655200369477,0.3916850658802366,5,0.1,0.5,1.0,0.5775813096284914,0.578614773115193,0.5706038948473389,0.582568861696193,0.5790137207519502,0.5702772619494969,0.5803799737550983,0.5576153947387789,0.5796309111330106,0.569124213317601,0.5775723710428037
5,1,0.19818961745494235,0.9415576513538181,6574,1.1147414973803929,0.9397810218978102,1096,1.1071736157511751,0.9414,0.7764404723691642,0.0831120016153468,,,0.8829773330097478,,0.8829878018171778,0.11701219818282216,0.9695653905330657,0.3916799599103707,5,0.1,0.5,0.5775813096284914,1.0,0.5725694787153215,0.5729028747778747,0.5662074838319465,0.5726578185986845,0.5732329333040806,0.5730752215859906,0.5624125716912021,0.5732930393394823,0.5784375126171521,0.5765108815964725
5,2,0.19872355893851149,0.9420715891405844,5783,1.1099453953004652,0.946058091286307,964,1.1069724177019284,0.9414,0.7828427940735703,0.08365316527957652,,,0.9282787958754526,,0.9282967722503891,0.07170322774961091,0.9696378238544723,0.3917127984241839,5,0.1,0.5,0.578614773115193,0.5725694787153215,1.0,0.5724084814395789,0.5825621573989096,0.574817344379091,0.5719574521266366,0.5818878706118612,0.5700456541496756,0.5859759294786886,0.5868647773137075,0.579418992930609
5,3,0.19376439422660743,0.9401172687724607,5287,1.1185018484081541,0.9398410896708286,881,1.1069626084531838,0.9415,0.7801348656247145,0.08404529395456291,,,0.9611043600857906,,0.9611264494754279,0.03887355052457209,0.9696579153251067,0.39172083049753903,5,0.1,0.5,0.5706038948473389,0.5729028747778747,0.5724084814395789,1.0,0.5830906896622297,0.5848376747333296,0.5762585626812047,0.5725627535010754,0.5709812152285034,0.5790352849378557,0.5752806596321892,0.5698912020654334
5,4,0.20710006689833058,0.9398986828774063,4935,1.0984021127223969,0.9586374695863747,822,1.1070231383981797,0.9413,0.7861706503878936,0.08401759166961545,,,0.9587853684095317,,0.9587972491340796,0.0412027508659204,0.9696571348352763,0.39172053416459196,5,0.1,0.5,0.582568861696193,0.5662074838319465,0.5825621573989096,0.5830906896622297,1.0,0.5907394671007878,0.574056235022495,0.5812483104369883,0.5762738832399542,0.5823547739109106,0.5789520442968863,0.5881957727053221
5,5,0.20068147038428547,0.9391043496893079,4667,1.122231934070587,0.9370179948586118,778,1.106991278477751,0.9414,0.789147937006362,0.08434994641332494,,,0.9866071847575069,,0.9866271773505346,0.013372822649465377,0.9696602144376189,0.39172227374507845,5,0.1,0.5,0.5790137207519502,0.5726578185986845,0.574817344379091,0.5848376747333296,0.5907394671007878,1.0,0.5828581449189518,0.5918541043833865,0.5761124920518451,0.5851820227943599,0.5847497048798541,0.5896299914398592
5,6,0.21954944877419622,0.9315517628565012,4453,1.08778428286314,0.9528301886792453,742,1.107101956685892,0.9414,0.7811802489608266,0.08364564001150077,,,0.9276488466108928,,0.9276642738818333,0.07233572611816674,0.9696400356714123,0.39171256369254526,5,0.1,0.5,0.5702772619494969,0.5732329333040806,0.5719574521266366,0.5762585626812047,0.574056235022495,0.5828581449189518,1.0,0.576898562880994,0.5716279006228483,0.5825451861432744,0.5782204141101344,0.5830886350735301
5,7,0.2209225467142107,0.9341594575637129,4277,1.0964173337687617,0.9495091164095372,713,1.1070163663202963,0.9413,0.786822330449095,0.084008175380239,,,0.9579971194717039,,0.9580041162592239,0.04199588374077612,0.9696560273387996,0.39172041705844896,5,0.1,0.5,0.5803799737550983,0.5730752215859906,0.5818878706118612,0.5725627535010754,0.5812483104369883,0.5918541043833865,0.576898562880994,1.0,0.5755678976848009,0.5774433448924605,0.5825511885803892,0.5988489287075902
5,8,0.23512365872376204,0.9314119641559699,4129,1.1053537861867384,0.9462209302325582,688,1.114842081984011,0.9408,0.773965611590495,0.08032889353806952,,,0.65,,0.650002509914161,0.349997490085839,0.9662840943076562,0.39009075280116867,5,0.1,0.5,0.5576153947387789,0.5624125716912021,0.5700456541496756,0.5709812152285034,0.5762738832399542,0.5761124920518451,0.5716279006228483,0.5755678976848009,1.0,0.5704396903630419,0.5783711299194901,0.5869245103882605
5,9,0.230745383269257,0.9306673331667084,4001,1.12740082967849,0.9145427286356822,667,1.1130275905322724,0.9402,0.785099591808697,0.08120766354722672,,,0.7235628970839996,,0.72357813362783,0.27642186637217003,0.9676720905993201,0.3910073251557857,5,0.1,0.5,0.5796309111330106,0.5732930393394823,0.5859759294786886,0.5790352849378557,0.5823547739109106,0.5851820227943599,0.5825451861432744,0.5774433448924605,0.5704396903630419,1.0,0.588564927834734,0.59215592629772
5,10,0.21534639178301956,0.9357675494985858,3889,1.1264050404230754,0.9367283950617284,648,1.1070538683059497,0.9413,0.787626926278971,0.08395429022159205,,,0.9534863278668538,,0.9534963104261834,0.046503689573816565,0.9696543965608555,0.3917197338077641,5,0.1,0.5,0.569124213317601,0.5784375126171521,0.5868647773137075,0.5752806596321892,0.5789520442968863,0.5847497048798541,0.5782204141101344,0.5825511885803892,0.5783711299194901,0.588564927834734,1.0,0.5999778992715313
5,11,0.21490696939412787,0.9360063307834344,3791,1.1139419496059417,0.9224683544303798,632,1.106984133537585,0.9414,0.792266824829925,0.08450993473306559,,,0.9999999999162887,,1.0,0.0,0.9696597304287895,0.3917223467652874,5,0.1,0.5,0.5775723710428037,0.5765108815964725,0.579418992930609,0.5698912020654334,0.5881957727053221,0.5896299914398592,0.5830886350735301,0.5988489287075902,0.5869245103882605,0.59215592629772,0.5999778992715313,1.0
6,0,0.18125844923163317,0.9449963476990504,8214,0.8748878018800602,0.9474068663257852,1369,0.8919550252798647,0.947,0.7658839415638751,0.08406001713172624,,,0.9634309716444407,,0.9634405903318106,0.03655940966818938,0.9623754848567468,0.37159055323781565,5,0.1,0.5,1.0,0.5583145343107155,0.5571085518595045,0.561453708264597,0.5613511466996076,0.5533704753952082,0.5351372065446698,0.5588405996978226,0.5003061655302325,0.3267586784709545,0.5540537996229843,0.5566450614418147
6,1,0.18952518491508458,0.9423182233039246,6574,0.8996829101017543,0.947992700729927,1096,0.8921016319491231,0.9471,0.7678752526274473,0.0840936499825237,,,0.9644241339574291,,0.9644294965112193,0.03557050348878066,0.9623686237069923,0.37159063839100936,5,0.1,0.5,0.5583145343107155,1.0,0.5532572167191074,0.5614082116915352,0.5557343217032874,0.5585627281680428,0.5521127402159658,0.5561033113394673,0.5034387598000335,0.3243847133202981,0.5620336711683146,0.5560007961672122
6,2,0.18521688293655356,0.9455991699809787,5783,0.8958952638410753,0.9533195020746889,964,0.8918977777797955,0.947,0.7676019066664199,0.08445226621195473,,,0.9750139030508029,,0.9750363937553336,0.024963606244666425,0.9624233412452806,0.37159133842426295,5,0.1,0.5,0.5571085518595045,0.5532572167191074,1.0,0.5550332620318246,0.5621910624791634,0.5517040217818117,0.5503500949486203,0.5562107441855075,0.5042622917363804,0.32389608091525574,0.5599334545527048,0.5621005338578814
6,3,0.1774487763679732,0.9479856251182145,5287,0.9037157893180847,0.94211123723042,881,0.8918838935157362,0.947,0.7718352607197684,0.0848708993260639,,,0.9873759426057047,,0.987390191255459,0.012609808744540985,0.9624402480088378,0.37159167605675375,5,0.1,0.5,0.561453708264597,0.5614082116915352,0.5550332620318246,1.0,0.5691178259595762,0.5606428984545725,0.5582752338858663,0.5586920197566803,0.5078074818326275,0.32044837640882073,0.5629988293238231,0.5557508537265232
6,4,0.19092462688143697,0.9426139817629179,4935,0.8831807948075808,0.962287104622871,822,0.8919398877948237,0.9469,0.7723242873460553,0.08486956225725496,,,0.9873364595907529,,0.9873500326288841,0.0126499673711159,0.9624394154277746,0.3715916756962418,5,0.1,0.5,0.5613511466996076,0.5557343217032874,0.5621910624791634,0.5691178259595762,1.0,0.5613783506002539,0.5498507102528761,0.5577758177342975,0.5074959891017196,0.3222842362979086,0.5602124129661086,0.568603462791179
6,5,0.18614150407590124,0.9432183415470323,4667,0.907042362689972,0.9434447300771208,778,0.8919098181084703,0.947,0.7680875174127909,0.08494401639188731,,,0.9895350552735374,,0.9895487174338637,0.010451282566136255,0.9624441596544974,0.3715916966416909,5,0.1,0.5,0.5533704753952082,0.5585627281680428,0.5517040217818117,0.5606428984545725,0.5613783506002539,1.0,0.5578788009950209,0.5551621389186953,0.5024654768171524,0.3197882213723248,0.558220259877157,0.5573128344028883
6,6,0.2070370915878032,0.9390074107343364,4453,0.8713543067375819,0.9528301886792453,742,0.8920319444074417,0.947,0.7621289690863958,0.08425104663185468,,,0.9690719832059986,,0.9690828773655941,0.030917122634405936,0.962423745135796,0.3715910107253193,5,0.1,0.5,0.5351372065446698,0.5521127402159658,0.5503500949486203,0.5582752338858663,0.5498507102528761,0.5578788009950209,1.0,0.550880352620693,0.5005377580488279,0.32394113570077526,0.549266465599581,0.5590330048990478
6,7,0.20624332936313838,0.9397708674304419,4277,0.8770539216373278,0.9565217391304348,713,0.8919325562330861,0.947,0.7675376670719279,0.08469164622040247,,,0.9820826824505902,,0.9820992922042067,0.017900707795793336,0.9624398773394739,0.371591583484149,5,0.1,0.5,0.5588405996978226,0.5561033113394673,0.5562107441855075,0.5586920197566803,0.5577758177342975,0.5551621389186953,0.550880352620693,1.0,0.5020993824647517,0.3113286644579023,0.5517165181592009,0.5742374393791932
6,8,0.25286898056094426,0.9288931944780818,4129,0.8890081942081451,0.9520348837209303,688,0.8992323504088405,0.9473,0.7132488566467148,0.08024170580271264,,,0.8506780285748532,,0.8507002660509011,0.1492997339490989,0.9586306513283623,0.37151042718287264,5,0.1,0.5,0.5003061655302325,0.5034387598000335,0.5042622917363804,0.5078074818326275,0.5074959891017196,0.5024654768171524,0.5005377580488279,0.5020993824647517,1.0,0.3185879181765075,0.5126095592258544,0.5142068466684941
6,9,0.3020819091757331,0.9298675331167208,4001,0.9155307355381194,0.9265367316341829,667,0.8986712147633489,0.947,0.5068843553494333,0.07344586376851783,,,0.65,,0.650002509914161,0.349997490085839,0.9591463043549239,0.3700586276057554,5,0.1,0.5,0.3267586784709545,0.3243847133202981,0.32389608091525574,0.32044837640882073,0.3222842362979086,0.3197882213723248,0.32394113570077526,0.3113286644579023,0.3185879181765075,1.0,0.32381099252664475,0.3225436163889239
6,10,0.19924255895474163,0.9406016970943687,3889,0.911206568990435,0.9459876543209876,648,0.8919704505049002,0.9469,0.7710530838239769,0.08478092075769819,,,0.9847189176744656,,0.9847246624165453,0.015275337583454673,0.9624373550223966,0.37159163795350847,5,0.1,0.5,0.5540537996229843,0.5620336711683146,0.5599334545527048,0.5629988293238231,0.5602124129661086,0.558220259877157,0.549266465599581,0.5517165181592009,0.5126095592258544,0.32381099252664475,1.0,0.5704862385199692
