round,client_id,client_i_training_loss,client_i_training_accuracy,client_i_training_dataset_size,client_i_evaluation_loss,client_i_evaluation_accuracy,client_i_evaluation_dataset_size,client_i_central_evaluation_loss,client_i_central_evaluation_accuracy,client_i_cosine_similarity,client_i_importance_coefficient,client_i_tanh_val,tanh_normalization_value,client_i_q,client_i_mask_order,client_i_v_nonzero_fraction,client_i_v_sparsity,client_i_v_cosine_similarity,client_i_reward_gradient_norm,local_epochs,learning_rate,gamma,client_0_cosine_similarity,client_1_cosine_similarity,client_2_cosine_similarity,client_3_cosine_similarity,client_4_cosine_similarity,client_5_cosine_similarity,client_6_cosine_similarity,client_7_cosine_similarity,client_8_cosine_similarity,client_9_cosine_similarity,client_10_cosine_similarity,client_11_cosine_similarity
0,0,2.000009702708471,0.47382517652787925,8214,2.2533191359320353,0.22279035792549307,1369,2.25588187851464,0.2138,0.9682065957938623,0.08160823070319057,,,0.55,,0.5500188476817351,0.44998115231826485,0,0.09861305823743145,5,0.001,0.1,1.0,0.990380759195416,0.9782869848914338,0.9666518015067255,0.9587937884096194,0.9497607958477573,0.9436929424314523,0.9367340066376683,0.925789605823131,0.9208309841499104,0.9175309426262063,0.9100108143289335
0,1,2.1119479563629744,0.4454822026163675,6574,2.253871004922049,0.21532846715328466,1096,2.2557144401172478,0.2134,0.9891293091916379,0.08337176508657536,,,0.8623790254794949,,0.8623925923778042,0.1376074076221958,0,0.09878997045067474,5,0.001,0.1,0.990380759195416,1.0,0.993188201445608,0.9874560747413536,0.9835707424175756,0.976501351016308,0.9727202739552104,0.9674398462667033,0.9592269566003646,0.9541589362341625,0.9541100420801215,0.9465407195797267
0,2,2.1553368256236967,0.40504928237938786,5783,2.257241872049147,0.1970954356846473,964,2.25571276661687,0.2134,0.9961805334740333,0.08396609892036405,,,0.967654786223137,,0.9676689767158639,0.03233102328413606,0,0.09879207841098113,5,0.001,0.1,0.9782869848914338,0.993188201445608,1.0,0.9946630151713465,0.9908953333338123,0.9841413410127845,0.9866774197868367,0.9825992603243933,0.9742648167695541,0.9724799464431064,0.9728173377527976,0.967023294409756
0,3,2.1721141191850224,0.38921883866086626,5287,2.2554014154842923,0.2122587968217934,881,2.255712728530835,0.2134,0.9970073987399871,0.08403579376821735,,,0.9799999998228677,,0.9800166246218381,0.01998337537816186,0,0.09879209860329796,5,0.001,0.1,0.9666518015067255,0.9874560747413536,0.9946630151713465,1.0,0.9940284769777892,0.9919062559475226,0.9903647073639921,0.9847860747497204,0.9801008606011027,0.9809516455235666,0.9805549672175086,0.9721292949913185
0,4,2.1874071556522,0.38484295845997973,4935,2.26132869720459,0.17761557177615572,822,2.255712717866745,0.2134,0.9968512702004235,0.08402263400052788,,,0.9776689789790993,,0.9776920772078368,0.022307922792163204,0,0.09879209414874375,5,0.001,0.1,0.9587937884096194,0.9835707424175756,0.9908953333338123,0.9940284769777892,1.0,0.9937981112333834,0.9926303791823313,0.9904009624931406,0.9846046747923033,0.9814138580178695,0.9851621322937557,0.9783091387289186
0,5,2.189247463990564,0.4081851296335976,4667,2.2559557342529297,0.2249357326478149,778,2.2557126538822065,0.2134,0.9932821077494676,0.08372179631363322,,,0.9243808864162022,,0.9244014652864364,0.07559853471356359,0,0.09879164818829499,5,0.001,0.1,0.9497607958477573,0.976501351016308,0.9841413410127845,0.9919062559475226,0.9937981112333834,1.0,0.9892140026775867,0.9855947442019788,0.9850111878486643,0.9827073209285756,0.9848885052646862,0.9759426338367255
0,6,2.203804064818791,0.37983381989669884,4453,2.25647442539533,0.2223719676549865,742,2.255712705679214,0.2134,0.9941803940437409,0.08379751109956739,,,0.9377924259174106,,0.9378219812296421,0.06217801877035789,0,0.09879197565720181,5,0.001,0.1,0.9436929424314523,0.9727202739552104,0.9866774197868367,0.9903647073639921,0.9926303791823313,0.9892140026775867,1.0,0.9943803420239354,0.9883135380728589,0.9863050479401723,0.9915493706059246,0.9859635440688241
0,7,2.2103976715856524,0.36651858779518354,4277,2.2576072734335195,0.2005610098176718,713,2.255712185423976,0.2134,0.9917382027495782,0.08359166359613043,,,0.9013301697080333,,0.9013493007026803,0.09865069929731973,0,0.09879128829985256,5,0.001,0.1,0.9367340066376683,0.9674398462667033,0.9825992603243933,0.9847860747497204,0.9904009624931406,0.9855947442019788,0.9943803420239354,1.0,0.9900723594955871,0.9859487158785006,0.9922597551732892,0.9913642457046675
0,8,2.2147292947769164,0.36914507144587067,4129,2.2534437721425835,0.22674418604651161,688,2.25571577008159,0.2134,0.9867580697489807,0.08317189797522791,,,0.8269760902964071,,0.8269976126269802,0.17300238737301976,0,0.09878782483724231,5,0.001,0.1,0.925789605823131,0.9592269566003646,0.9742648167695541,0.9801008606011027,0.9846046747923033,0.9850111878486643,0.9883135380728589,0.9900723594955871,1.0,0.9853046041287656,0.9919981806960237,0.9874249754262086
0,9,2.2169218591281346,0.31752061984503877,4001,2.25509482338315,0.21739130434782608,667,2.2557204607576606,0.2135,0.984276658660009,0.08296274471238299,,,0.7899282770873715,,0.7899450034312446,0.21005499656875537,0,0.09878353502773322,5,0.001,0.1,0.9208309841499104,0.9541589362341625,0.9724799464431064,0.9809516455235666,0.9814138580178695,0.9827073209285756,0.9863050479401723,0.9859487158785006,0.9853046041287656,1.0,0.9899396148893709,0.9863041719381153
0,10,2.2222786391367677,0.3482129082026228,3889,2.25587603024074,0.21450617283950618,648,2.2557171160420673,0.2134,0.9860015997559408,0.08310813660654871,,,0.8156818879270624,,0.815708334541518,0.18429166545848197,0,0.09878679505082859,5,0.001,0.1,0.9175309426262063,0.9541100420801215,0.9728173377527976,0.9805549672175086,0.9851621322937557,0.9848885052646862,0.9915493706059246,0.9922597551732892,0.9919981806960237,0.9899396148893709,1.0,0.9927106055784654
0,11,2.2242347092187704,0.32091796359799524,3791,2.2525947213172914,0.23417721518987342,632,2.2557329651646723,0.2134,0.9804680813498179,0.08264172721763417,,,0.7330656873265546,,0.7330829974579793,0.26691700254202066,0,0.09877198095817755,5,0.001,0.1,0.9100108143289335,0.9465407195797267,0.967023294409756,0.9721292949913185,0.9783091387289186,0.9759426338367255,0.9859635440688241,0.9913642457046675,0.9874249754262086,0.9863041719381153,0.9927106055784654,1.0
1,0,1.7521525563896863,0.5487460433406379,8214,2.196133547051008,0.40686632578524473,1369,2.1978213939423,0.3896,0.9828638195076511,0.08188623116138348,,,0.55,,0.5500188476817351,0.44998115231826485,0.9664295010648298,0.0992703662688335,5,0.001,0.1,1.0,0.9958604254464064,0.9914495199497095,0.985844933581688,0.9816306221563111,0.976673264824465,0.9750057279787187,0.9717089565147098,0.9655530015857721,0.9666237324922443,0.9630390248936855,0.9607190142538427
1,1,1.8918154429463507,0.5333130514146638,6574,2.194769300733294,0.39507299270072993,1096,2.19733392925689,0.3924,0.9926997043032483,0.08328718234643746,,,0.852972509000996,,0.8529880824658567,0.14701191753414333,0.9682778862166106,0.09948534623887945,5,0.001,0.1,0.9958604254464064,1.0,0.9971622291624956,0.9943363105746139,0.9920321547933957,0.9883666055089702,0.9872441329726755,0.9842314734200134,0.9793699269072056,0.9798240862983307,0.9778454028295972,0.9750571267681792
1,2,1.965473752258891,0.5186581359156147,5783,2.1986316250216578,0.36410788381742737,964,2.197325215172082,0.3925,0.9965899660527507,0.08377792062499181,,,0.9591005519354199,,0.9591198615903577,0.04088013840964233,0.9683314020262334,0.09948873991845515,5,0.001,0.1,0.9914495199497095,0.9971622291624956,1.0,0.9966565229029349,0.9955445227118117,0.9914936894051415,0.9930541153023864,0.9908618650057531,0.9856279279970479,0.9865208451036678,0.985655604904202,0.9836542430054848
1,3,1.9999087987175908,0.506828068848118,5287,2.197019968714033,0.39727582292849034,881,2.197325066636546,0.3925,0.9979307154896835,0.08386405826536214,,,0.9777288505519899,,0.9777500700747142,0.02224992992528585,0.9683314985941571,0.09948880152933955,5,0.001,0.1,0.985844933581688,0.9943363105746139,0.9966565229029349,1.0,0.9973288212798939,0.9958979995067272,0.9952099431004374,0.9922568550653401,0.9889380168200725,0.9904116641743421,0.9902104800542815,0.9864866810818114
1,4,2.0264106695113644,0.4836474164133739,4935,2.2001969722601085,0.3746958637469586,822,2.1973253058168454,0.3924,0.9985056601177341,0.08387456010666168,,,0.9799999997837381,,0.9800166246218381,0.01998337537816186,0.9683300720876916,0.09948881729940881,5,0.001,0.1,0.9816306221563111,0.9920321547933957,0.9955445227118117,0.9973288212798939,1.0,0.9968309643638507,0.9966829545548014,0.9951869907228889,0.9918500122174569,0.990869881072491,0.9925089849154731,0.9899198181909276
1,5,2.0344057853907755,0.5066209556460253,4667,2.197486639022827,0.41131105398457585,778,2.197325738474203,0.3924,0.9969915471228106,0.08364086818730002,,,0.9294613172817252,,0.9294710083993002,0.07052899160069981,0.9683217972809572,0.09948843743643676,5,0.001,0.1,0.976673264824465,0.9883666055089702,0.9914936894051415,0.9958979995067272,0.9968309643638507,1.0,0.9950738760608714,0.9930544554908374,0.9919468275831435,0.9911007413433738,0.9928103016043556,0.9890240180538702
1,6,2.062465554135186,0.49571075679317317,4453,2.1983489493529,0.4029649595687331,742,2.1973251481406604,0.3924,0.9981471728529279,0.0837247191829759,,,0.9475951015371529,,0.9476179429930118,0.05238205700698817,0.9683294204234973,0.09948865015975211,5,0.001,0.1,0.9750057279787187,0.9872441329726755,0.9930541153023864,0.9952099431004374,0.9966829545548014,0.9950738760608714,1.0,0.9969437183458916,0.9937227027058643,0.9934512919869275,0.9960153640121782,0.9936713025862465
1,7,2.075589498121347,0.48805237315875616,4277,2.1999553286510967,0.364656381486676,713,2.197326096482932,0.3925,0.9971137293703173,0.083564899568287,,,0.9130321915896493,,0.913054194334097,0.08694580566590304,0.9683070237749132,0.09948823309282809,5,0.001,0.1,0.9717089565147098,0.9842314734200134,0.9908618650057531,0.9922568550653401,0.9951869907228889,0.9930544554908374,0.9969437183458916,1.0,0.9936404762272532,0.993761241425509,0.9959861303911284,0.9961306066711524
1,8,2.088115037404574,0.5108743037054977,4129,2.1939023299650713,0.3997093023255814,688,2.197337342527347,0.3924,0.9943362396413502,0.0832173355780467,,,0.8378673069848769,,0.8378857733832072,0.16211422661679276,0.9682503316677417,0.09948445995601399,5,0.001,0.1,0.9655530015857721,0.9793699269072056,0.9856279279970479,0.9889380168200725,0.9918500122174569,0.9919468275831435,0.9937227027058643,0.9936404762272532,1.0,0.9923639049588338,0.9945177069171603,0.9930623834703891
1,9,2.095674228668213,0.49937515621094725,4001,2.1957056408836726,0.40929535232383807,667,2.197343347171625,0.3922,0.994620710871299,0.08309808398333549,,,0.812077718284373,,0.812093445839495,0.18790655416050495,0.9682514604072204,0.09948059560844735,5,0.001,0.1,0.9666237324922443,0.9798240862983307,0.9865208451036678,0.9904116641743421,0.990869881072491,0.9911007413433738,0.9934512919869275,0.993761241425509,0.9923639049588338,1.0,0.9948675981803708,0.9942399319045396
1,10,2.1020486536573193,0.49210593983029055,3889,2.1981662682124545,0.3626543209876543,648,2.197339015266004,0.3924,0.9951495612360759,0.08320446659359218,,,0.8350842346336946,,0.8351021157730932,0.16489788422690677,0.9682497243147313,0.09948440673976565,5,0.001,0.1,0.9630390248936855,0.9778454028295972,0.985655604904202,0.9902104800542815,0.9925089849154731,0.9928103016043556,0.9960153640121782,0.9959861303911284,0.9945177069171603,0.9948675981803708,1.0,0.996800818508268
1,11,2.107578692516359,0.4835135848061198,3791,2.195845103263855,0.4098101265822785,632,2.197370108704978,0.3921,0.9933440578061626,0.08285967440162616,,,0.7605187846748698,,0.760542619924416,0.23945738007558404,0.9681310849707095,0.09947080847777154,5,0.001,0.1,0.9607190142538427,0.9750571267681792,0.9836542430054848,0.9864866810818114,0.9899198181909276,0.9890240180538702,0.9936713025862465,0.9961306066711524,0.9930623834703891,0.9942399319045396,0.996800818508268,1.0
2,0,1.5633530959081092,0.5929145361577794,8214,2.1242003052733667,0.5368882395909423,1369,2.124841904868714,0.5244,0.9885011076680205,0.08218184642611778,,,0.55,,0.5500188476817351,0.44998115231826485,0.9889903919724423,0.09943186224372542,5,0.001,0.1,1.0,0.9965088149623562,0.993706681408398,0.9903301846725583,0.9869007473502333,0.9841957489989399,0.9831964204516715,0.980766429038026,0.9773750076426229,0.9785064224060973,0.9759727726367078,0.9751821859087031
2,1,1.6895730833984115,0.5794037115911165,6574,2.12037399155753,0.531021897810219,1096,2.123845722728644,0.5256,0.9952126221419125,0.08325838790170995,,,0.847794689089531,,0.8478170518359575,0.15218294816404254,0.9902439475716909,0.09966369379441814,5,0.001,0.1,0.9965088149623562,1.0,0.9977019266533808,0.9960016236596813,0.9942054523022051,0.992237269413364,0.9914874663244257,0.9897341366139629,0.9865506115858432,0.987306713534309,0.9860446427537005,0.9849847461405071
2,2,1.7684853780335483,0.5726093722981151,5783,2.125333486064788,0.5062240663900415,964,2.123832267694199,0.5257,0.9977770818923839,0.08364238454072337,,,0.9540164764698329,,0.954040652999681,0.045959347000319006,0.9902705758587217,0.09966720743302651,5,0.001,0.1,0.993706681408398,0.9977019266533808,1.0,0.9975962369655952,0.9966569408247401,0.9945702975354356,0.9953314860509858,0.9940621592732951,0.9909395033146814,0.9914482281725076,0.9910625640715746,0.9902872379545441
2,3,1.8078648580126015,0.5611878191791186,5287,2.1231910841805592,0.5187287173666288,881,2.123831917302677,0.5257,0.9985907722143451,0.08372152910040767,,,0.9759095758800069,,0.9759232947680768,0.02407670523192318,0.9902720353891745,0.09966724748058624,5,0.001,0.1,0.9903301846725583,0.9960016236596813,0.9975962369655952,1.0,0.9977778992564575,0.9968651809028845,0.9965739653980065,0.9949776458523952,0.9932458890659304,0.9940498555429483,0.9938125108312372,0.9918012880373469
2,4,1.8402230276600007,0.5356028368794327,4935,2.12386993261484,0.5060827250608273,822,2.1238321854283635,0.5257,0.9988490430344861,0.083736316170431,,,0.9799999997233784,,0.9800166246218381,0.01998337537816186,0.9902726690228282,0.09966725013894427,5,0.001,0.1,0.9869007473502333,0.9942054523022051,0.9966569408247401,0.9977778992564575,1.0,0.9975414932169842,0.9974205957245338,0.9966235613997055,0.9950860444010166,0.9946168579189786,0.9953051547873782,0.9939382237247414
2,5,1.8500900895628212,0.5600171416327405,4667,2.1236986923217773,0.5398457583547558,778,2.1238330911142755,0.5257,0.9981990062530922,0.08357190389049916,,,0.9345200020689741,,0.9345357187732576,0.06546428122674242,0.9902674118408854,0.09966697156582005,5,0.001,0.1,0.9841957489989399,0.992237269413364,0.9945702975354356,0.9968651809028845,0.9975414932169842,1.0,0.9968297938589733,0.996125024796987,0.9953237084230009,0.9948724041842616,0.9958110591817068,0.9939081048304232
2,6,1.8885543291909355,0.543768246126207,4453,2.1249952912330627,0.522911051212938,742,2.123832173240832,0.5257,0.998678809322366,0.08363886062544297,,,0.9530416851783716,,0.9530596070016721,0.04694039299832786,0.9902702321077445,0.09966720657008674,5,0.001,0.1,0.9831964204516715,0.9914874663244257,0.9953314860509858,0.9965739653980065,0.9974205957245338,0.9968297938589733,1.0,0.9981370473713893,0.9957709612755453,0.9954829189266257,0.9975431989949598,0.9962349894901636
2,7,1.907425458929432,0.5433715220949263,4277,2.1276276111602783,0.5049088359046283,713,2.1238350114121602,0.5257,0.9980707846630628,0.08352114058895412,,,0.9204777733731866,,0.9204966122500265,0.07950338774997345,0.9902633460319064,0.09966680924404078,5,0.001,0.1,0.980766429038026,0.9897341366139629,0.9940621592732951,0.9949776458523952,0.9966235613997055,0.996125024796987,0.9981370473713893,1.0,0.9960420398104032,0.9955551318962923,0.9972653273416303,0.9974404457664059
2,8,1.927103182535905,0.5539355776217002,4129,2.118456331166354,0.563953488372093,688,2.1238509115700523,0.5257,0.9964134940184584,0.08325431111740615,,,0.8466669622515421,,0.8466861909318487,0.15331380906815129,0.9902421960576435,0.09966345883146266,5,0.001,0.1,0.9773750076426229,0.9865506115858432,0.9909395033146814,0.9932458890659304,0.9950860444010166,0.9953237084230009,0.9957709612755453,0.9960420398104032,1.0,0.9947236506615639,0.9966333158508159,0.9952084897666514
2,9,1.9364019064676194,0.5559610097475631,4001,2.121265002659389,0.5382308845577212,667,2.123862124860477,0.5257,0.9965663589788245,0.0831860642172062,,,0.8277883914884516,,0.8278095127632634,0.17219048723673658,0.990204868764416,0.09966232587584685,5,0.001,0.1,0.9785064224060973,0.987306713534309,0.9914482281725076,0.9940498555429483,0.9946168579189786,0.9948724041842616,0.9954829189266257,0.9955551318962923,0.9947236506615639,1.0,0.9965353352824643,0.9956595933147043
2,10,1.948312424636278,0.5472357932630496,3889,2.1253859883262995,0.5092592592592593,648,2.1238525203241707,0.5256,0.996982112447579,0.08326477975621867,,,0.8495628144885858,,0.8495810015368109,0.15041899846318907,0.990239562546898,0.09966371768681515,5,0.001,0.1,0.9759727726367078,0.9860446427537005,0.9910625640715746,0.9938125108312372,0.9953051547873782,0.9958110591817068,0.9975431989949598,0.9972653273416303,0.9966333158508159,0.9965353352824643,1.0,0.9976899556379173
2,11,1.956083099781966,0.547085201793722,3791,2.1240488290786743,0.5237341772151899,632,2.1239109922902655,0.5252,0.9960314602839028,0.08302247566488308,,,0.7825362547318306,,0.7825557456432859,0.2174442543567141,0.9901405332540059,0.0996547961947086,5,0.001,0.1,0.9751821859087031,0.9849847461405071,0.9902872379545441,0.9918012880373469,0.9939382237247414,0.9939081048304232,0.9962349894901636,0.9974404457664059,0.9952084897666514,0.9956595933147043,0.9976899556379173,1.0
3,0,1.4195911608781333,0.6131969807645483,8214,2.0376172065734863,0.5617238860482103,1369,2.0370047499958317,0.5578,0.9901243522289217,0.08239750611987871,,,0.55,,0.5500188476817351,0.44998115231826485,0.9956134277243947,0.09947286997912608,5,0.001,0.1,1.0,0.9963099350541683,0.994077351362557,0.9912922555527731,0.9883196630070253,0.9865010439604879,0.985727488687077,0.9831243473574355,0.9810803294722666,0.9828669334531882,0.9797886127749129,0.9796724491041954
3,1,1.5262431881960157,0.6067538789169455,6574,2.0309378215244838,0.5647810218978102,1096,2.035380397741787,0.5586,0.9959675518700806,0.083246724205229,,,0.8444522168231394,,0.8444727965126956,0.15552720348730442,0.9961667676509943,0.09972009454260329,5,0.001,0.1,0.9963099350541683,1.0,0.9976281566352464,0.9962940336788321,0.9947629448705735,0.9933795354837256,0.9928064964769577,0.9910561354352634,0.9890174826553347,0.9907202494196681,0.9884317809609364,0.988159631655292
3,2,1.5982452072491304,0.6039771744769151,5783,2.037252599193204,0.5342323651452282,964,2.0353604021925515,0.5587,0.9980640051758312,0.08355003025031188,,,0.9496185326272556,,0.949638027855907,0.05036197214409299,0.9961783365917495,0.09972356144742087,5,0.001,0.1,0.994077351362557,0.9976281566352464,1.0,0.9974874372852786,0.9967790802169072,0.9954272119461527,0.9958695783257372,0.9947743604376799,0.9927162276740857,0.9938350004712087,0.9924526280181394,0.9925534140809552
3,3,1.6353446979838682,0.5903536977491961,5287,2.0339458967958177,0.5539160045402951,881,2.035360207953773,0.5587,0.9987049150048697,0.0836192870963505,,,0.9736321896584037,,0.9736519074820463,0.02634809251795367,0.9961793588414225,0.09972363043049133,5,0.001,0.1,0.9912922555527731,0.9962940336788321,0.9974874372852786,1.0,0.9976581588348248,0.9973731499894386,0.9972436825309555,0.9956248909588368,0.9941691313812712,0.9956563942708602,0.994830990852679,0.9935915639328198
3,4,1.668484250806993,0.566322188449848,4935,2.032443110759442,0.5425790754257908,822,2.0353605610113172,0.5587,0.9989926689242015,0.08363765224730794,,,0.9799999996532667,,0.9800166246218381,0.01998337537816186,0.9961793503716839,0.09972363683499605,5,0.001,0.1,0.9883196630070253,0.9947629448705735,0.9967790802169072,0.9976581588348248,1.0,0.9978286161812033,0.9976482821016809,0.99722659049989,0.9959355167317685,0.9964361582518084,0.9961849884754177,0.9958511529326268
3,5,1.6764749479620424,0.5841439897150204,4667,2.034910702705383,0.5784061696658098,778,2.0353618205164947,0.5587,0.9985228721350133,0.08352160406365183,,,0.9397622261939952,,0.9397889059645663,0.06021109403543368,0.9961746305930593,0.09972353580888599,5,0.001,0.1,0.9865010439604879,0.9933795354837256,0.9954272119461527,0.9973731499894386,0.9978286161812033,1.0,0.9972830809935305,0.996856426142776,0.9957984078219604,0.9965391261748608,0.9966090909905304,0.995398618994042
3,6,1.7167541720185961,0.5705367168201213,4453,2.0364764084418616,0.5606469002695418,742,2.035360732017615,0.5587,0.9988151854546836,0.08357212578301552,,,0.957279790316784,,0.9572979190226268,0.04270208097737316,0.9961781960898806,0.09972358153671308,5,0.001,0.1,0.985727488687077,0.9928064964769577,0.9958695783257372,0.9972436825309555,0.9976482821016809,0.9972830809935305,1.0,0.9981272224062505,0.9961278847229038,0.997055854528351,0.9976660268377933,0.9969281611360054
3,7,1.7375163779329899,0.5725976151508066,4277,2.0406522336213486,0.5385694249649369,713,2.0353636033237934,0.5587,0.9982918730415751,0.08348299802715742,,,0.9263762265024711,,0.9263925537158929,0.07360744628410709,0.9961735970660685,0.0997232194057922,5,0.001,0.1,0.9831243473574355,0.9910561354352634,0.9947743604376799,0.9956248909588368,0.99722659049989,0.996856426142776,0.9981272224062505,1.0,0.9965143468730413,0.9972435412408566,0.99769557908507,0.9979624696045474
3,8,1.7612744723833524,0.5801889077258416,4129,2.0274219783869656,0.5959302325581395,688,2.035387530875282,0.5586,0.9969810871010638,0.08327695268019916,,,0.8549334366884431,,0.854955007200781,0.145044992799219,0.9961609836365145,0.09972058741234194,5,0.001,0.1,0.9810803294722666,0.9890174826553347,0.9927162276740857,0.9941691313812712,0.9959355167317685,0.9957984078219604,0.9961278847229038,0.9965143468730413,1.0,0.9963896521836462,0.996862957564313,0.995910263571463
3,9,1.772750290613326,0.591802049487628,4001,2.031864870162237,0.5667166416791605,667,2.0354037597156562,0.5586,0.9978285038390573,0.0832624443772994,,,0.8499029244738887,,0.8499192932602623,0.15008070673973772,0.9961538581574845,0.09972034745616723,5,0.001,0.1,0.9828669334531882,0.9907202494196681,0.9938350004712087,0.9956563942708602,0.9964361582518084,0.9965391261748608,0.997055854528351,0.9972435412408566,0.9963896521836462,1.0,0.9971586671301675,0.9967734950606127
3,10,1.7842920930659185,0.5706865518128054,3889,2.0376158214750744,0.5524691358024691,648,2.035388873408016,0.5586,0.9974115518141293,0.08329727672851739,,,0.861980461693397,,0.8620011405263819,0.13799885947361812,0.9961624343481792,0.09972081732953962,5,0.001,0.1,0.9797886127749129,0.9884317809609364,0.9924526280181394,0.994830990852679,0.9961849884754177,0.9966090909905304,0.9976660268377933,0.99769557908507,0.996862957564313,0.9971586671301675,1.0,0.9979685114707377
3,11,1.7937301515531139,0.5736217356897916,3791,2.0374011278152464,0.5585443037974683,632,2.0354661655883057,0.5581,0.9970024914240816,0.08313539842108118,,,0.8058518566831685,,0.8058737108668967,0.19412628913310326,0.9961254946357492,0.0997154531944091,5,0.001,0.1,0.9796724491041954,0.988159631655292,0.9925534140809552,0.9935915639328198,0.9958511529326268,0.995398618994042,0.9969281611360054,0.9979624696045474,0.995910263571463,0.9967734950606127,0.9979685114707377,1.0
4,0,1.3062129857939042,0.633162892622352,8214,1.9370231406633245,0.5829072315558802,1369,1.9351205566820626,0.5837,0.9903454149687936,0.08253613855461592,,,0.55,,0.5500188476817351,0.44998115231826485,0.9970090218758408,0.09946255189153502,5,0.001,0.1,1.0,0.9959639631717958,0.9941146474990802,0.9912674183549675,0.9883706092941785,0.9865322830084206,0.9862825337468049,0.9836140699175886,0.981558003992037,0.9826083242422594,0.9805676583682243,0.980802888073141
4,1,1.3931494828566764,0.6264374809857013,6574,1.9275254011154175,0.5821167883211679,1096,1.9327231177125876,0.5841,0.9960225084788681,0.08324050852715845,,,0.8423532293005942,,0.8423705550883908,0.15762944491160924,0.9976700151208242,0.09972193169983821,5,0.001,0.1,0.9959639631717958,1.0,0.9973165557007431,0.996318135061702,0.9946050333119185,0.9934564867113839,0.9932277107464127,0.9914008412692304,0.9887448450968919,0.9902013174330613,0.9891309396408372,0.9891507932751824
4,2,1.455812242544817,0.6234826214767422,5783,1.9352338506329445,0.5601659751037344,964,1.9326941007242415,0.5841,0.9981058790756946,0.08349388086118356,,,0.9475170252532938,,0.9475406191705087,0.05245938082949131,0.9976796288293353,0.09972592881974435,5,0.001,0.1,0.9941146474990802,0.9973165557007431,1.0,0.9975824936455284,0.996702585888011,0.9957643167045567,0.9961246336763379,0.9949208317996807,0.9924351121363664,0.9931967220749905,0.992906138879254,0.9933387823934481
4,3,1.4889240000621382,0.6116890486097977,5287,1.9304010612624032,0.5845629965947786,881,1.9326941193863987,0.5841,0.9986357667629936,0.08355348517320398,,,0.9722561733979944,,0.9722794096326152,0.027720590367384834,0.9976794084324545,0.0997259824905375,5,0.001,0.1,0.9912674183549675,0.996318135061702,0.9975824936455284,1.0,0.9972918348921869,0.9971011987899715,0.99739759186025,0.9958541323976018,0.9937056733386996,0.9949376164906508,0.9949806531032136,0.99426722729626
4,4,1.518906469422002,0.5970820668693009,4935,1.926466235747704,0.5717761557177615,822,1.9326945116725593,0.5841,0.99886458948086,0.08357214246203135,,,0.9799999995849437,,0.9800166246218381,0.01998337537816186,0.9976793697031932,0.09972598497440655,5,0.001,0.1,0.9883706092941785,0.9946050333119185,0.996702585888011,0.9972918348921869,1.0,0.9975839837384105,0.9975482215554418,0.9971817744791097,0.9957122012222661,0.9960162729794282,0.9961645745281178,0.9962361687102608
4,5,1.524147543270294,0.6120848510820656,4667,1.9318025493621827,0.5989717223650386,778,1.932696040446004,0.5841,0.9986132566374134,0.08349282425361637,,,0.9470784735739022,,0.9471056726689284,0.05289432733107158,0.997679718720939,0.09972592836560475,5,0.001,0.1,0.9865322830084206,0.9934564867113839,0.9957643167045567,0.9971011987899715,0.9975839837384105,1.0,0.9974635028571565,0.9971325667271348,0.9958507091352297,0.9965408542588147,0.9969459653839067,0.9960189765792181
4,6,1.5631932571956089,0.5957332135638895,4453,1.9336060335238774,0.578167115902965,742,1.93269467582337,0.5841,0.9989174328493916,0.08353364474553754,,,0.9640212779238868,,0.9640347570582152,0.035965242941784825,0.9976798063134812,0.09972596089206849,5,0.001,0.1,0.9862825337468049,0.9932277107464127,0.9961246336763379,0.99739759186025,0.9975482215554418,0.9974635028571565,1.0,0.9980719008655698,0.9961554360496102,0.9968417121449766,0.9977379215550151,0.9971752526118398
4,7,1.5833900192780281,0.5967266775777414,4277,1.9395928849344668,0.5708274894810659,713,1.9326970603900215,0.5841,0.9983415460856684,0.083460363095504,,,0.9336052637964725,,0.9336271638588454,0.06637283614115463,0.9976801385096326,0.09972553846614415,5,0.001,0.1,0.9836140699175886,0.9914008412692304,0.9949208317996807,0.9958541323976018,0.9971817744791097,0.9971325667271348,0.9980719008655698,1.0,0.9963206499067188,0.9969071450034667,0.9977430683266683,0.9979704997862137
4,8,1.6085773006769326,0.5938483894405425,4129,1.921574522148479,0.6293604651162791,688,1.9327290751301824,0.5841,0.9967843166029547,0.08328365601970457,,,0.860261870034595,,0.8602806854756865,0.13971931452431352,0.9976789648423627,0.09972279606665299,5,0.001,0.1,0.981558003992037,0.9887448450968919,0.9924351121363664,0.9937056733386996,0.9957122012222661,0.9958507091352297,0.9961554360496102,0.9963206499067188,1.0,0.9953666392567595,0.9966988201866104,0.9959380883274325
4,9,1.6198137205744547,0.6059985003749063,4001,1.9282792920158023,0.6086956521739131,667,1.932748351615077,0.5842,0.9974449562813081,0.08329608801854434,,,0.8654218500864818,,0.8654323851499599,0.1345676148500401,0.9976752354913565,0.09972300769529306,5,0.001,0.1,0.9826083242422594,0.9902013174330613,0.9931967220749905,0.9949376164906508,0.9960162729794282,0.9965408542588147,0.9968417121449766,0.9969071450034667,0.9953666392567595,1.0,0.997043455572873,0.9967363359198904
4,10,1.629465257144365,0.5936744664438159,3889,1.935554169473194,0.5848765432098766,648,1.9327274819913383,0.5841,0.9975666875182624,0.08332139061395659,,,0.8759238529639704,,0.8759532577492969,0.12404674225070311,0.9976616907314029,0.09972484621775249,5,0.001,0.1,0.9805676583682243,0.9891309396408372,0.992906138879254,0.9949806531032136,0.9961645745281178,0.9969459653839067,0.9977379215550151,0.9977430683266683,0.9966988201866104,0.997043455572873,1.0,0.997907472130427
4,11,1.638073420724949,0.5996834608282775,3791,1.936812174320221,0.5727848101265823,632,1.9328227389734773,0.5842,0.9973749543507981,0.0832158776749435,,,0.8321300377021885,,0.8321493123012537,0.16785068769874634,0.9976397623381738,0.09972126974511776,5,0.001,0.1,0.980802888073141,0.9891507932751824,0.9933387823934481,0.99426722729626,0.9962361687102608,0.9960189765792181,0.9971752526118398,0.9979704997862137,0.9959380883274325,0.9967363359198904,0.997907472130427,1.0
5,0,1.2134355803408048,0.6491356221085951,8214,1.8239258777263552,0.6011687363038715,1369,1.8206332693465601,0.6066,0.9902301118894249,0.08262067707490585,,,0.98,,0.9800166246218381,0.01998337537816186,0.9952622064292694,0.09971584187796523,5,0.001,0.1,1.0,0.995545008886142,0.9937294593217301,0.9909834374348041,0.9879186991551462,0.9861147324387403,0.9862875334992695,0.9831446945296016,0.9811868183075498,0.9827226620639902,0.9806865115506846,0.9807785971945229
5,1,1.2834953528584785,0.6443565561302099,6574,1.811933776310512,0.6177007299270073,1096,1.817914495072045,0.6064,0.9960189647416683,0.0832398075986569,,,0.98,,0.9800166246218381,0.01998337537816186,0.9979643029002799,0.09971584187796523,5,0.001,0.1,0.995545008886142,1.0,0.9973085387347354,0.9960292039702164,0.994106622528035,0.9931868969428571,0.9931604067919949,0.9910133047974924,0.9886695142728432,0.9905352072946062,0.9893951764201,0.9893206944991163
5,2,1.3368856461667225,0.6436105827425211,5783,1.8211983788398005,0.5798755186721992,964,1.8178799624641102,0.6065,0.9980053841087306,0.08345942052773896,,,0.98,,0.9800166246218381,0.01998337537816186,0.9980063883318815,0.09971584187796523,5,0.001,0.1,0.9937294593217301,0.9973085387347354,1.0,0.9974137789622533,0.9960277903634881,0.9955151102764144,0.9959208390659193,0.9944953639028442,0.9921308775753899,0.9932187648902009,0.992851570204863,0.9933861556068859
5,3,1.3653228911290687,0.6341970871950067,5287,1.8143974585192544,0.6004540295119183,881,1.8178797590846834,0.6065,0.9986772206769452,0.08351768860160644,,,0.98,,0.9800166246218381,0.01998337537816186,0.9980076866849199,0.09971584187796523,5,0.001,0.1,0.9909834374348041,0.9960292039702164,0.9974137789622533,1.0,0.9969601350134804,0.9971435628267391,0.9972768210132686,0.9955522318962309,0.9938732495277034,0.9949225150156753,0.9952747209353258,0.9945713368838074
5,4,1.3929498164884506,0.6210739614994935,4935,1.8083580503096948,0.5985401459854015,822,1.8178801155699709,0.6065,0.9985455146483968,0.08352488306578328,,,0.98,,0.9800166246218381,0.01998337537816186,0.9980077711176173,0.09971584187796523,5,0.001,0.1,0.9879186991551462,0.994106622528035,0.9960277903634881,0.9969601350134804,1.0,0.997178925627317,0.9969050808100002,0.9965904742091628,0.995413395406924,0.9955223719089538,0.9958576860902272,0.9959167707971106
5,5,1.3947825784552588,0.6350546389543604,4667,1.8166255092620849,0.6233933161953727,778,1.8178825888770838,0.6065,0.9984626894558609,0.08347354028460387,,,0.98,,0.9800166246218381,0.01998337537816186,0.9980063823281489,0.09971584187796523,5,0.001,0.1,0.9861147324387403,0.9931868969428571,0.9955151102764144,0.9971435628267391,0.997178925627317,1.0,0.9971614413487647,0.996676329032246,0.9954759116335282,0.9961620775190334,0.9968810783844896,0.9958954061912011
5,6,1.4302400835071292,0.6202110936447339,4453,1.8183344602584839,0.610512129380054,742,1.8178804671040738,0.6065,0.9987869708306938,0.08350905915145365,,,0.98,,0.9800166246218381,0.01998337537816186,0.9980071780585082,0.09971584187796523,5,0.001,0.1,0.9862875334992695,0.9931604067919949,0.9959208390659193,0.9972768210132686,0.9969050808100002,0.9971614413487647,1.0,0.9977847426930434,0.9958297145581415,0.9965013539536052,0.9976014929559366,0.9968423607677858
5,7,1.4491996484016305,0.6231938274491466,4277,1.8263112773065981,0.5890603085553997,713,1.817884579253273,0.6065,0.9981092920842252,0.0834422102737011,,,0.98,,0.9800166246218381,0.01998337537816186,0.9980013626951094,0.09971584187796523,5,0.001,0.1,0.9831446945296016,0.9910133047974924,0.9944953639028442,0.9955522318962309,0.9965904742091628,0.996676329032246,0.9977847426930434,1.0,0.9961498966168586,0.996746559857173,0.9975216413526465,0.9974673043717882
5,8,1.475958302112726,0.6127875999031243,4129,1.803178001533855,0.6409883720930233,688,1.8179208245902017,0.6063,0.9966833453707181,0.08328773732065832,,,0.98,,0.9800166246218381,0.01998337537816186,0.997972259327435,0.09971584187796523,5,0.001,0.1,0.9811868183075498,0.9886695142728432,0.9921308775753899,0.9938732495277034,0.995413395406924,0.9954759116335282,0.9958297145581415,0.9961498966168586,1.0,0.9955757851836261,0.996424301524923,0.9953528643928531
5,9,1.4778134135972887,0.6225943514121469,4001,1.8127567995162237,0.6206896551724138,667,1.8179425183957376,0.6063,0.997422302216761,0.0833192289758759,,,0.98,,0.9800166246218381,0.01998337537816186,0.997974819114363,0.09971584187796523,5,0.001,0.1,0.9827226620639902,0.9905352072946062,0.9932187648902009,0.9949225150156753,0.9955223719089538,0.9961620775190334,0.9965013539536052,0.996746559857173,0.9955757851836261,1.0,0.9968642832343999,0.9961613284863842
5,10,1.492004377822407,0.6135253278477758,3889,1.8212735482624598,0.6172839506172839,648,1.8179188384034763,0.6064,0.9975909457889521,0.08334020025819931,,,0.98,,0.9800166246218381,0.01998337537816186,0.9979939660661298,0.09971584187796523,5,0.001,0.1,0.9806865115506846,0.9893951764201,0.992851570204863,0.9952747209353258,0.9958576860902272,0.9968810783844896,0.9976014929559366,0.9975216413526465,0.996424301524923,0.9968642832343999,1.0,0.9975668198400203
5,11,1.4991119842569367,0.6203640200474809,3791,1.824197643995285,0.5917721518987342,632,1.8180233708585793,0.6062,0.9972839883943502,0.08326554686681642,,,0.98,,0.9800166246218381,0.01998337537816186,0.9979581163115152,0.09971584187796523,5,0.001,0.1,0.9807785971945229,0.9893206944991163,0.9933861556068859,0.9945713368838074,0.9959167707971106,0.9958954061912011,0.9968423607677858,0.9974673043717882,0.9953528643928531,0.9961613284863842,0.9975668198400203,1.0
6,0,1.1352494652169225,0.663963963963964,8214,1.7020279279975004,0.6223520818115412,1369,1.6972013037806502,0.6314,0.9900796787554388,0.08267351419428157,,,0.98,,0.9800166246218381,0.01998337537816186,0.997958098970215,0.0996975768579895,5,0.001,0.1,1.0,0.995159792418537,0.9934331354980035,0.9908046580963652,0.9873052145607176,0.9854593304176518,0.9858091072003355,0.982881063800857,0.9814386183536606,0.982137495543215,0.9802103734300418,0.9804901861809303
6,1,1.1923257103822764,0.6587770003042288,6574,1.6873953104019166,0.6432481751824818,1096,1.6942175432515982,0.6309,0.9959490971834011,0.0832429853885902,,,0.98,,0.9800166246218381,0.01998337537816186,0.997958098970215,0.0996975768579895,5,0.001,0.1,0.995159792418537,1.0,0.9970068084685921,0.9957299627367854,0.9938046857694832,0.9925723413829809,0.9926441094887885,0.9906953300994596,0.989023559477654,0.9904011245924143,0.9889656086593643,0.9892538323593094
6,2,1.2370494870849735,0.6597613695313851,5783,1.6984524073139313,0.6130705394190872,964,1.6941788543146639,0.6309,0.9977829410038885,0.08343697066884602,,,0.98,,0.9800166246218381,0.01998337537816186,0.997958098970215,0.0996975768579895,5,0.001,0.1,0.9934331354980035,0.9970068084685921,1.0,0.9970818462133926,0.9952651477188476,0.9949119942744382,0.9951437654757885,0.9942726179499932,0.9920858612766444,0.9927633194209659,0.9920941565799354,0.9931001403949198
6,3,1.2617122031838062,0.6510308303385663,5287,1.689280846289226,0.6288308740068105,881,1.6941783630048124,0.6309,0.9985020328592343,0.08349594905560961,,,0.98,,0.9800166246218381,0.01998337537816186,0.997958098970215,0.0996975768579895,5,0.001,0.1,0.9908046580963652,0.9957299627367854,0.9970818462133926,1.0,0.996195396984832,0.9965015011117104,0.9967100941128068,0.9954070103074303,0.9938178413307747,0.9945782462929003,0.9947443994387866,0.9941571902045905
6,4,1.2857755796370969,0.6412968591691995,4935,1.6815872329931993,0.6435523114355232,822,1.694178633415661,0.6309,0.9982182000331336,0.0834911970939851,,,0.98,,0.9800166246218381,0.01998337537816186,0.997958098970215,0.0996975768579895,5,0.001,0.1,0.9873052145607176,0.9938046857694832,0.9952651477188476,0.996195396984832,1.0,0.9964250346107767,0.996080121492204,0.9962687543291188,0.9948078332514644,0.995521913270164,0.9952758623446406,0.9953547847015389
6,5,1.2847745422631094,0.6529247910863509,4667,1.6925182962417602,0.6439588688946015,778,1.6941818372129251,0.6309,0.9982063828824855,0.08345931033446151,,,0.98,,0.9800166246218381,0.01998337537816186,0.997958098970215,0.0996975768579895,5,0.001,0.1,0.9854593304176518,0.9925723413829809,0.9949119942744382,0.9965015011117104,0.9964250346107767,1.0,0.9967402521669151,0.99649775808376,0.9953406256582971,0.9959483315826009,0.9965656188495269,0.9951839018609216
6,6,1.3167566492727825,0.6412306310352571,4453,1.6940240065256755,0.6253369272237197,742,1.6941791289149764,0.6309,0.9984572420769925,0.0834892072653429,,,0.98,,0.9800166246218381,0.01998337537816186,0.997958098970215,0.0996975768579895,5,0.001,0.1,0.9858091072003355,0.9926441094887885,0.9951437654757885,0.9967100941128068,0.996080121492204,0.9967402521669151,1.0,0.9972123226771417,0.9953408628959772,0.996152533197734,0.9972167603481203,0.9960994231609768
6,7,1.3341496479155412,0.6435819499649287,4277,1.7041863203048706,0.6199158485273493,713,1.6941846060676697,0.6309,0.9980101579150051,0.08343374824632978,,,0.98,,0.9800166246218381,0.01998337537816186,0.997958098970215,0.0996975768579895,5,0.001,0.1,0.982881063800857,0.9906953300994596,0.9942726179499932,0.9954070103074303,0.9962687543291188,0.99649775808376,0.9972123226771417,1.0,0.9959837950171844,0.996196234787447,0.9969978467783662,0.9973684264812753
6,8,1.3573733321519998,0.6358440300314846,4129,1.6753712133927778,0.6497093023255814,688,1.6942244737673873,0.6308,0.9966359693061903,0.08329457935760909,,,0.98,,0.9800166246218381,0.01998337537816186,0.997958098970215,0.0996975768579895,5,0.001,0.1,0.9814386183536606,0.989023559477654,0.9920858612766444,0.9938178413307747,0.9948078332514644,0.9953406256582971,0.9953408628959772,0.9959837950171844,1.0,0.994773727757833,0.995790826629439,0.9949444110139143
6,9,1.3586777533803667,0.6485378655336166,4001,1.6886850198109944,0.6416791604197901,667,1.6942478791593363,0.6307,0.9973277206167036,0.08333624412813093,,,0.98,,0.9800166246218381,0.01998337537816186,0.997958098970215,0.0996975768579895,5,0.001,0.1,0.982137495543215,0.9904011245924143,0.9927633194209659,0.9945782462929003,0.995521913270164,0.9959483315826009,0.996152533197734,0.996196234787447,0.994773727757833,1.0,0.9967091862742746,0.9964410915786345
6,10,1.3715740389511233,0.6336847518642325,3889,1.6979537464323498,0.6419753086419753,648,1.6942213263374548,0.6308,0.9973243003106844,0.08334900212809411,,,0.98,,0.9800166246218381,0.01998337537816186,0.997958098970215,0.0996975768579895,5,0.001,0.1,0.9802103734300418,0.9889656086593643,0.9920941565799354,0.9947443994387866,0.9952758623446406,0.9965656188495269,0.9972167603481203,0.9969978467783662,0.995790826629439,0.9967091862742746,1.0,0.9969906097836666
