round,client_id,client_i_training_loss,client_i_training_accuracy,client_i_training_dataset_size,client_i_evaluation_loss,client_i_evaluation_accuracy,client_i_evaluation_dataset_size,client_i_central_evaluation_loss,client_i_central_evaluation_accuracy,client_i_cosine_similarity,client_i_importance_coefficient,client_i_tanh_val,tanh_normalization_value,client_i_q,client_i_mask_order,client_i_v_nonzero_fraction,client_i_v_sparsity,client_i_v_cosine_similarity,client_i_reward_gradient_norm,local_epochs,learning_rate,gamma,client_0_cosine_similarity,client_1_cosine_similarity,client_2_cosine_similarity,client_3_cosine_similarity,client_4_cosine_similarity,client_5_cosine_similarity,client_6_cosine_similarity,client_7_cosine_similarity,client_8_cosine_similarity,client_9_cosine_similarity,client_10_cosine_similarity,client_11_cosine_similarity
0,0,0.27012168667442255,0.9140735329924519,8214,2.1869285550228383,0.422936449963477,1369,2.188222744975227,0.4314,0.8025110494226552,0.08535520744542158,,,0.9899999999776141,,0.9900005019828322,0.009999498017167818,0,0.39300120786362813,5,0.1,0.5,1.0,0.5820586115410505,0.5740468444438661,0.5870305188857591,0.5776983370367109,0.584967230559064,0.5667340003389063,0.568915810224264,0.4997634238478114,0.5730528001888057,0.5878097117441172,0.5809921336437979
0,1,0.30610899170679806,0.9053544265287496,6574,2.1906518186841692,0.43886861313868614,1096,2.188222666517995,0.4314,0.8021310173025901,0.085314787166514,,,0.9890951591779231,,0.9891069725415391,0.01089302745846088,0,0.39300120307286684,5,0.1,0.5,0.5820586115410505,1.0,0.5805002962097885,0.5936330814968073,0.5969383182544051,0.6072731135111682,0.5802121280137451,0.5805014354328325,0.5202187641000555,0.5869194791371898,0.6074381460865249,0.5995563479372877
0,2,0.3311091115348329,0.89794224450977,5783,2.1860594980178343,0.45228215767634855,964,2.188225355392066,0.4314,0.7841739917793918,0.08340487497310807,,,0.9463402222223259,,0.9463581145524823,0.05364188544751769,0,0.3929981670446065,5,0.1,0.5,0.5740468444438661,0.5805002962097885,1.0,0.5841304880750405,0.5919379773905942,0.575042184796619,0.5758069234942247,0.5778763355801679,0.5052831321576611,0.5832645097312976,0.5931512425227656,0.583416556357832
0,3,0.3271406633353018,0.8958955929638737,5287,2.183748713561467,0.4370034052213394,881,2.1882228325731075,0.4313,0.7990774255364554,0.0849900066431311,,,0.9818246831583533,,0.9818382611314693,0.018161738868530675,0,0.39300111092593965,5,0.1,0.5,0.5870305188857591,0.5936330814968073,0.5841304880750405,1.0,0.5957925505324171,0.6062852587597982,0.5994297534734906,0.5901026121977606,0.5329946029373297,0.596508968249102,0.6196800571040866,0.6159241428756473
0,4,0.3233499537270156,0.8987234042553192,4935,2.187123491213872,0.4318734793187348,822,2.188224502264882,0.4313,0.7958556280511836,0.08464733573174568,,,0.974153716260826,,0.9741679634556498,0.02583203654435018,0,0.39300088873627026,5,0.1,0.5,0.5776983370367109,0.5969383182544051,0.5919379773905942,0.5957925505324171,1.0,0.6036816773825152,0.5982817496301475,0.6083798919634406,0.5326125136527866,0.6026171751846648,0.6100096464744394,0.6037779580728614
0,5,0.3493385001736349,0.8940218555817442,4667,2.1894486808776854,0.4023136246786632,778,2.188225091074983,0.4314,0.790730751476564,0.0841022530148491,,,0.9619515965628835,,0.9619697806335024,0.03803021936649764,0,0.3930001475153776,5,0.1,0.5,0.584967230559064,0.6072731135111682,0.575042184796619,0.6062852587597982,0.6036816773825152,1.0,0.5897622208404307,0.5857641767281255,0.5158144004855351,0.5984889391435687,0.6049060754527261,0.6089212748335293
0,6,0.3713980537267136,0.8842128901863912,4453,2.1870148877302804,0.44609164420485176,742,2.1882239576345817,0.4314,0.7806543966538785,0.0830305302556388,,,0.937960211428993,,0.937975001254957,0.06202499874504297,0,0.3929964436302738,5,0.1,0.5,0.5667340003389063,0.5802121280137451,0.5758069234942247,0.5994297534734906,0.5982817496301475,0.5897622208404307,1.0,0.591717857524544,0.5143142973291678,0.5986935502500517,0.6014327993965387,0.6068493628974306
0,7,0.36841531729520255,0.8849193359831657,4277,2.186709383259649,0.44460028050490885,713,2.18822514211027,0.4315,0.779630934285577,0.08292167462951153,,,0.9355233897528962,,0.9355454043471714,0.06445459565282863,0,0.39299587553291165,5,0.1,0.5,0.568915810224264,0.5805014354328325,0.5778763355801679,0.5901026121977606,0.6083798919634406,0.5857641767281255,0.591717857524544,1.0,0.5243254604259844,0.5858335963412858,0.6046779276088691,0.6088102352280238
0,8,0.43354370032219985,0.874449019132962,4129,2.193003470247442,0.4331395348837209,688,2.188491680370733,0.4311,0.7017113188642546,0.07463413149457375,,,0.75,,0.750002509914161,0.24999749008583905,0,0.3925603525715784,5,0.1,0.5,0.4997634238478114,0.5202187641000555,0.5052831321576611,0.5329946029373297,0.5326125136527866,0.5158144004855351,0.5143142973291678,0.5243254604259844,1.0,0.5094228050611862,0.536993254128796,0.528552414649702
0,9,0.3691772128035876,0.886078480379905,4001,2.19548529670352,0.38980509745127434,667,2.1882243864833355,0.4315,0.7799290638670301,0.08295338374091735,,,0.9362332239870325,,0.9362532001405552,0.06374679985944476,0,0.39299603679912687,5,0.1,0.5,0.5730528001888057,0.5869194791371898,0.5832645097312976,0.596508968249102,0.6026171751846648,0.5984889391435687,0.5986935502500517,0.5858335963412858,0.5094228050611862,1.0,0.6104960563825478,0.5993304957169409
0,10,0.385603081233433,0.8806891231679095,3889,2.1807357356661843,0.46141975308641975,648,2.188224093982587,0.4313,0.7956782819433629,0.08462847317049677,,,0.9737314624944996,,0.9737462978766126,0.0262537021233874,0,0.3930008708388124,5,0.1,0.5,0.5878097117441172,0.6074381460865249,0.5931512425227656,0.6196800571040866,0.6100096464744394,0.6049060754527261,0.6014327993965387,0.6046779276088691,0.536993254128796,0.6104960563825478,1.0,0.6197768614870676
0,11,0.3946952624543875,0.8746504879978897,3791,2.1911971807479858,0.41139240506329117,632,2.1882245982416904,0.4314,0.7899324142330919,0.08401734173409228,,,0.9600507885214926,,0.960072285527835,0.03992771447216503,0,0.39299999567333954,5,0.1,0.5,0.5809921336437979,0.5995563479372877,0.583416556357832,0.6159241428756473,0.6037779580728614,0.6089212748335293,0.6068493628974306,0.6088102352280238,0.528552414649702,0.5993304957169409,0.6197768614870676,1.0
1,0,0.2496388473526252,0.921572924275627,8214,2.03121563722921,0.7852447041636231,1369,2.035077132736913,0.783,0.7968705954740731,0.08455256346464826,,,0.9762503781725588,,0.9762712715225139,0.023728728477486083,0.9572904948687755,0.400359622816829,5,0.1,0.5,1.0,0.6214898640890295,0.6078350590961237,0.6182244763482828,0.6137031892913991,0.6218001270701143,0.6125290002761771,0.6161607138046276,0.5935074421246505,0.5087582620622089,0.6210931015205393,0.6093652498496416
1,1,0.2728893690521024,0.9181624581685427,6574,2.03756217615945,0.7828467153284672,1096,2.0350734163016178,0.783,0.8080168482642559,0.08491537750268913,,,0.9869062851198177,,0.9869183273932032,0.013081672606796824,0.9572896983658252,0.40035990387891024,5,0.1,0.5,0.6214898640890295,1.0,0.6138949925335443,0.6257905127484021,0.6294988239037403,0.6339608139520923,0.6206738895135856,0.6297901492228374,0.5999718077254443,0.5268567801373559,0.6274433865285718,0.6225101541398341
1,2,0.29478151981940093,0.9089399965415874,5783,2.0307328201109365,0.8070539419087137,964,2.0351016597625926,0.7832,0.7988384104167318,0.08332590389724978,,,0.9402231883847951,,0.9402389438281211,0.05976105617187888,0.9572634664024855,0.40035463690751427,5,0.1,0.5,0.6078350590961237,0.6138949925335443,1.0,0.6266216677802711,0.6242300545932208,0.6237912609808591,0.6217358036774908,0.6137400331104225,0.5813997833962675,0.51729373762885,0.6174464027648917,0.6231333790741765
1,3,0.2898000450075481,0.9096652165689427,5287,2.0286673435143063,0.7786606129398411,881,2.0350752135816093,0.783,0.8172007863767357,0.08502071280480143,,,0.9899999999706298,,0.9900005019828322,0.009999498017167818,0.9572887447946355,0.40035993465190617,5,0.1,0.5,0.6182244763482828,0.6257905127484021,0.6266216677802711,1.0,0.634673280979597,0.6420611845276298,0.6314660567965656,0.6475435848831986,0.6086954938916538,0.5291094038310945,0.640343759827179,0.6376900506786892
1,4,0.2862062956032253,0.912016210739615,4935,2.036418025310223,0.7761557177615572,822,2.035076810529057,0.783,0.8160513275167554,0.08475291952066448,,,0.9821348679259242,,0.9821494904874253,0.01785050951257472,0.9572879224378785,0.4003598135047758,5,0.1,0.5,0.6137031892913991,0.6294988239037403,0.6242300545932208,0.634673280979597,1.0,0.6408750431170392,0.6310951266770639,0.6427581984815739,0.6065708017157484,0.528083592716647,0.6416677474147762,0.639270646952399
1,5,0.3097134295264131,0.906578101564174,4667,2.0347687911987307,0.7789203084832905,778,2.0350804367004494,0.783,0.8194303009349121,0.08450898954082697,,,0.9749706049860695,,0.9749761558154711,0.025023844184528854,0.9572883000125358,0.4003595581699917,5,0.1,0.5,0.6218001270701143,0.6339608139520923,0.6237912609808591,0.6420611845276298,0.6408750431170392,1.0,0.6333843437911366,0.6452424897147143,0.6097278850789124,0.5242171142343562,0.6443825295836485,0.6475732346102516
1,6,0.3217378745959806,0.9013698630136986,4453,2.0359267940123877,0.7884097035040432,742,2.0350940406512907,0.7831,0.810856457312131,0.0834973952634452,,,0.9452599175320583,,0.94527885146328,0.054721148536720055,0.9572572295834704,0.40035583078111003,5,0.1,0.5,0.6125290002761771,0.6206738895135856,0.6217358036774908,0.6314660567965656,0.6310951266770639,0.6333843437911366,1.0,0.6307181109668765,0.6085823651227408,0.5277413355023333,0.6368197940291352,0.6355505878406024
1,7,0.32534644054109924,0.8995557633855507,4277,2.0333472904951675,0.7938288920056101,713,2.035094111110456,0.7831,0.8176221100942838,0.08366161160986989,,,0.950082978172626,,0.9501079263089203,0.04989207369107973,0.9572637534165057,0.4003567890314029,5,0.1,0.5,0.6161607138046276,0.6297901492228374,0.6137400331104225,0.6475435848831986,0.6427581984815739,0.6452424897147143,0.6307181109668765,1.0,0.6088384813832155,0.5269620485855867,0.6526465328377262,0.6402151266959936
1,8,0.3566120596719478,0.8933397917171227,4129,2.041942433877425,0.7747093023255814,688,2.0360508441163327,0.7821,0.7802156097416222,0.07684915410499969,,,0.75,,0.750002509914161,0.24999749008583905,0.9556617668349693,0.3998365646856714,5,0.1,0.5,0.5935074421246505,0.5999718077254443,0.5813997833962675,0.6086954938916538,0.6065708017157484,0.6097278850789124,0.6085823651227408,0.6088384813832155,1.0,0.5053910565906203,0.6131724252516216,0.6019394527332022
1,9,0.37860794939730863,0.8937765558610348,4001,2.044198830922445,0.7631184407796102,667,2.0352993769386707,0.7832,0.7033919412955659,0.07968929897294248,,,0.8334155138895829,,0.8334270367953416,0.16657296320465842,0.9569569900269013,0.4002148545713125,5,0.1,0.5,0.5087582620622089,0.5268567801373559,0.51729373762885,0.5291094038310945,0.528083592716647,0.5242171142343562,0.5277413355023333,0.5269620485855867,0.5053910565906203,1.0,0.5338857178074945,0.5305284530055175
1,10,0.33018056345095886,0.9015170995114425,3889,2.0280461254574003,0.7885802469135802,648,2.035075658426498,0.783,0.8204476898891999,0.08489408311545918,,,0.9862808655245714,,0.9862958686812912,0.013704131318708845,0.9572878075588943,0.4003598955457532,5,0.1,0.5,0.6210931015205393,0.6274433865285718,0.6174464027648917,0.640343759827179,0.6416677474147762,0.6443825295836485,0.6368197940291352,0.6526465328377262,0.6131724252516216,0.5338857178074945,1.0,0.6463070835125715
1,11,0.3515985921338326,0.8875758375098919,3791,2.0405414700508118,0.7674050632911392,632,2.035080758527445,0.783,0.8159805628863225,0.08433199020240353,,,0.9697721058040887,,0.9697806335023342,0.030219366497665767,0.9572846524823818,0.4003592499831628,5,0.1,0.5,0.6093652498496416,0.6225101541398341,0.6231333790741765,0.6376900506786892,0.639270646952399,0.6475732346102516,0.6355505878406024,0.6402151266959936,0.6019394527332022,0.5305284530055175,0.6463070835125715,1.0
2,0,0.2238523440799723,0.9306306306306307,8214,1.8373827213464782,0.9035792549306063,1369,1.8441323681761281,0.8897,0.7994677780090231,0.08420496008549112,,,0.9743841297903679,,0.974393855730134,0.02560614426986596,0.9649070473124275,0.3994205153874127,5,0.1,0.5,1.0,0.6175252806066914,0.6132498958426528,0.6218415359675991,0.6143272681603363,0.6249323938892787,0.6141511609261439,0.6294803424348447,0.46344186089313055,0.6146651132636244,0.6152786943940424,0.6170460171699349
2,1,0.2530700905429362,0.9233951931852753,6574,1.845947105543954,0.8923357664233577,1096,1.8441272486513034,0.8897,0.8062877940312563,0.08468490994137394,,,0.984346931228113,,0.9843531951207268,0.01564680487927317,0.9649081299005532,0.39942085518823117,5,0.1,0.5,0.6175252806066914,1.0,0.6177229144943265,0.6205614506404059,0.6256521158760954,0.6303292712861516,0.6244206138168403,0.62966493196731,0.46520568146999347,0.6268656191148235,0.6224425905520131,0.6293862760858363
2,2,0.26736696534198373,0.9184506311602975,5783,1.8363818776222967,0.9035269709543569,964,1.844165309930381,0.8897,0.8048212152095298,0.08357663062924939,,,0.9613412638882449,,0.961357361578234,0.03864263842176596,0.9648847043305238,0.3994194573018467,5,0.1,0.5,0.6132498958426528,0.6177229144943265,1.0,0.6272207405008571,0.6255803262731185,0.638799506428729,0.6203237275650733,0.6300310491808077,0.46492258534638153,0.6285869491345362,0.6128205170762769,0.6238668309519385
2,3,0.26055034950532646,0.921051636088519,5287,1.836784051997321,0.8830874006810443,881,1.844130704197259,0.8896,0.8119366195040982,0.08495265451349798,,,0.9899047743557026,,0.9899151649013603,0.010084835098639666,0.9649088909259198,0.39942092662007184,5,0.1,0.5,0.6218415359675991,0.6205614506404059,0.6272207405008571,1.0,0.6299134450217968,0.6414855334159244,0.6248940194627881,0.6324528462873675,0.4709284172650823,0.63779826014322,0.623961485513126,0.6329377518846222
2,4,0.25565832451166165,0.9229179331306991,4935,1.8484229766405547,0.8710462287104623,822,1.844132494240904,0.8897,0.813317503162977,0.08482290886576979,,,0.9872115135704691,,0.9872245369208373,0.012775463079162663,0.9649087217823852,0.3994209003967097,5,0.1,0.5,0.6143272681603363,0.6256521158760954,0.6255803262731185,0.6299134450217968,1.0,0.6360277271474426,0.6271463844447788,0.645861663874712,0.4613288220143823,0.6404720322193347,0.6310392409770812,0.6402556560933378
2,5,0.27550755300087065,0.919305763874009,4667,1.8429020595550538,0.8997429305912596,778,1.8441382673220894,0.8897,0.821790436594576,0.08495724193045893,,,0.9899999999792419,,0.9900005019828322,0.009999498017167818,0.9649060124441641,0.39942092689760234,5,0.1,0.5,0.6249323938892787,0.6303292712861516,0.638799506428729,0.6414855334159244,0.6360277271474426,1.0,0.6363550999608191,0.6451436836937005,0.4757720208771019,0.650397462461937,0.642240685618792,0.6392764839401514
2,6,0.2829332708281332,0.915742196272176,4453,1.8461161106824875,0.8854447439353099,742,1.8441560630219431,0.8897,0.8101199243253143,0.08387611345401193,,,0.9675579298181389,,0.9675769288690327,0.03242307113096732,0.9648907205112307,0.399420091273131,5,0.1,0.5,0.6141511609261439,0.6244206138168403,0.6203237275650733,0.6248940194627881,0.6271463844447788,0.6363550999608191,1.0,0.6269788432881523,0.4576687667712217,0.6441164087174126,0.6379606266178734,0.6385168810105236
2,7,0.2896272941033787,0.912882861819032,4277,1.8428727336551831,0.8948106591865358,713,1.8441613261311198,0.8896,0.8181575011979607,0.08426661458238684,,,0.9756639541361555,,0.975683951608855,0.024316048391144984,0.9648950552342702,0.39942058175528256,5,0.1,0.5,0.6294803424348447,0.62966493196731,0.6300310491808077,0.6324528462873675,0.645861663874712,0.6451436836937005,0.6269788432881523,1.0,0.4655574499461454,0.6414958477122265,0.6402568594196536,0.6414255349897874
2,8,0.3796271475447485,0.9040445628481473,4129,1.8532657894221218,0.8880813953488372,688,1.8460025981592294,0.8893,0.636974860407771,0.0733954371387353,,,0.75,,0.750002509914161,0.24999749008583905,0.9632889299054807,0.39885153612979457,5,0.1,0.5,0.46344186089313055,0.46520568146999347,0.46492258534638153,0.4709284172650823,0.4613288220143823,0.4757720208771019,0.4576687667712217,0.4655574499461454,1.0,0.47250730274631786,0.47575263811951074,0.47448418832096995
2,9,0.2806848199089198,0.9147213196700825,4001,1.8542592014585222,0.8710644677661169,667,1.8444299720727597,0.8897,0.8178413444757361,0.08161408300274957,,,0.9206026907325742,,0.9206264745745696,0.07937352542543041,0.9645127170720244,0.39940730552453363,5,0.1,0.5,0.6146651132636244,0.6268656191148235,0.6285869491345362,0.63779826014322,0.6404720322193347,0.650397462461937,0.6441164087174126,0.6414958477122265,0.47250730274631786,1.0,0.6410661194039732,0.645063789440909
2,10,0.2983508101893497,0.9112368218050912,3889,1.837682882944743,0.8919753086419753,648,1.8441309091001272,0.8896,0.814061471063108,0.0849428160264524,,,0.9897005469938615,,0.9897143717684855,0.010285628231514465,0.9649089349886096,0.39942092589871153,5,0.1,0.5,0.6152786943940424,0.6224425905520131,0.6128205170762769,0.623961485513126,0.6310392409770812,0.642240685618792,0.6379606266178734,0.6402568594196536,0.47575263811951074,0.6410661194039732,1.0,0.64249297225514
2,11,0.3081591228257959,0.9069374835135848,3791,1.852601206302643,0.8734177215189873,632,1.8441403209210965,0.8897,0.8179641767351068,0.08470562982982287,,,0.9847770347730953,,0.9847899201847297,0.015210079815270339,0.9649028902670888,0.39942086416302247,5,0.1,0.5,0.6170460171699349,0.6293862760858363,0.6238668309519385,0.6329377518846222,0.6402556560933378,0.6392764839401514,0.6385168810105236,0.6414255349897874,0.47448418832096995,0.645063789440909,0.64249297225514,1.0
3,0,0.2089078291924489,0.9368151935719503,8214,1.605304668116015,0.929145361577794,1369,1.615242713556503,0.922,0.793159701331097,0.08349461664652186,,,0.9544259546906,,0.9544350183223734,0.04556498167762657,0.9687921846271011,0.40253261217071995,5,0.1,0.5,1.0,0.6058136503799764,0.6071573351461682,0.6081779460167397,0.6027173527444063,0.6077434023133453,0.599303838237181,0.605383544581936,0.6086859399952541,0.6004810501584467,0.6083033962241937,0.6049147862572467
3,1,0.2284409091532122,0.9308487982963188,6574,1.6160855191094534,0.9242700729927007,1096,1.6152406759536304,0.922,0.8005741443565093,0.08407147678685482,,,0.9721762742663728,,0.9721951709251544,0.027804829074845605,0.9687885993174494,0.402534519712402,5,0.1,0.5,0.6058136503799764,1.0,0.6120156803643918,0.6136926736147089,0.6124059247404948,0.6183788668187544,0.6020683507659911,0.6113964629493082,0.6201945102556022,0.6153542025377786,0.6084377084863779,0.6093010394491689
3,2,0.2489314122660631,0.9249870309527927,5783,1.60342316473684,0.9356846473029046,964,1.6152874692179524,0.922,0.8014936993634891,0.08336886250525219,,,0.9505564271579383,,0.9505797901711761,0.04942020982882389,0.9687848326371608,0.4025318993588461,5,0.1,0.5,0.6071573351461682,0.6120156803643918,1.0,0.6087338120693062,0.6210306584362288,0.6245169958637669,0.6081214946710507,0.6051240264814255,0.6167212549692169,0.6206172847002793,0.610820082294937,0.6077572078875783
3,3,0.2409126421891108,0.9258937015320597,5287,1.6081181424004691,0.9125993189557321,881,1.615247177239805,0.922,0.8047604617949885,0.08439503169447851,,,0.9821322455826005,,0.9821494904874253,0.01785050951257472,0.9687896360118275,0.40253493211532665,5,0.1,0.5,0.6081779460167397,0.6136926736147089,0.6087338120693062,1.0,0.6172936383001245,0.6178718559401031,0.606177442650165,0.6159228691072981,0.621033288275447,0.6198098841219014,0.6168370618188662,0.6223554385197246
3,4,0.23455486880314927,0.9303748733535968,4935,1.6230660860355084,0.902676399026764,822,1.615251001077719,0.922,0.8095789510300758,0.0844771400451171,,,0.9846587669380771,,0.9846694443050048,0.015330555694995196,0.9687894389065836,0.4025349912968484,5,0.1,0.5,0.6027173527444063,0.6124059247404948,0.6210306584362288,0.6172936383001245,1.0,0.6251469149903082,0.6138022751226041,0.6295686101151496,0.625023603800059,0.6245918981305144,0.615372727854829,0.6283015308393349
3,5,0.24884094077685517,0.9268909363616884,4667,1.6123147010803223,0.9318766066838047,778,1.615258502884033,0.922,0.8120017008025457,0.08465072252191413,,,0.9899999999692294,,0.9900005019828322,0.009999498017167818,0.9687905711224551,0.40253506651167087,5,0.1,0.5,0.6077434023133453,0.6183788668187544,0.6245169958637669,0.6178718559401031,0.6251469149903082,1.0,0.6123779317659948,0.6222349196857592,0.6308548758542767,0.626684165535878,0.6275845794402838,0.625137536090687
3,6,0.2633056131191552,0.9231529306085785,4453,1.61895290017128,0.921832884097035,742,1.6152769403335767,0.922,0.8003498472471093,0.08352748549677712,,,0.9554373481902138,,0.9554540434717133,0.044545956528286745,0.9687919863675228,0.4025327864665369,5,0.1,0.5,0.599303838237181,0.6020683507659911,0.6081214946710507,0.606177442650165,0.6138022751226041,0.6123779317659948,1.0,0.6127122512653573,0.6247392743380542,0.6190603473101957,0.6151605706133052,0.6178806025207676
3,7,0.26273440734983716,0.9217208323591303,4277,1.6141987365225088,0.9312762973352033,713,1.615283000583466,0.922,0.8059925675133027,0.08398323237492007,,,0.969460942762078,,0.9694694041463782,0.030530595853621834,0.9687907942142846,0.4025343350459484,5,0.1,0.5,0.605383544581936,0.6113964629493082,0.6051240264814255,0.6159228691072981,0.6295686101151496,0.6222349196857592,0.6127122512653573,1.0,0.624287460291204,0.6170713640285003,0.6238256270460895,0.6154836087805715
3,8,0.2545050129883636,0.9219181399854687,4129,1.6260448802601208,0.9229651162790697,688,1.6182633733597045,0.9219,0.8081285987137411,0.07685106386950737,,,0.75,,0.750002509914161,0.24999749008583905,0.9669859699930713,0.40189455755090386,5,0.1,0.5,0.6086859399952541,0.6201945102556022,0.6167212549692169,0.621033288275447,0.625023603800059,0.6308548758542767,0.6247392743380542,0.624287460291204,1.0,0.6264178470144142,0.6275802806011439,0.6265835792823556
3,9,0.26624397823329454,0.9211697075731067,4001,1.6266292503901891,0.9085457271364318,667,1.615658267237508,0.9219,0.8083961894393221,0.08230868568915573,,,0.9179341744197348,,0.9179509060790121,0.08204909392098791,0.9687248066096807,0.4025168281643918,5,0.1,0.5,0.6004810501584467,0.6153542025377786,0.6206172847002793,0.6198098841219014,0.6245918981305144,0.626684165535878,0.6190603473101957,0.6170713640285003,0.6264178470144142,1.0,0.6254343472405046,0.6228274221407327
3,10,0.2690562738975907,0.9210593983029056,3889,1.6104237579164051,0.9197530864197531,648,1.6152494022259698,0.922,0.8083458279040024,0.0845136044563939,,,0.9857807979262679,,0.9857989056774258,0.014201094322574215,0.9687902832022722,0.4025350114905451,5,0.1,0.5,0.6083033962241937,0.6084377084863779,0.610820082294937,0.6168370618188662,0.615372727854829,0.6275845794402838,0.6151605706133052,0.6238256270460895,0.6275802806011439,0.6254343472405046,1.0,0.623879975298433
3,11,0.28271261762451977,0.913795832234239,3791,1.6268053710460664,0.9145569620253164,632,1.6152604083283642,0.922,0.8083947919352723,0.08435807791310707,,,0.9809951563940533,,0.9810099894583605,0.018990010541639513,0.968789082044726,0.4025348956104123,5,0.1,0.5,0.6049147862572467,0.6093010394491689,0.6077572078875783,0.6223554385197246,0.6283015308393349,0.625137536090687,0.6178806025207676,0.6154836087805715,0.6265835792823556,0.6228274221407327,0.623879975298433,1.0
4,0,0.1961470645399409,0.940881421962503,8214,1.3537559176600256,0.9401022644265887,1369,1.3664807591575403,0.9363,0.7846386514599234,0.0830265005352601,,,0.9236470570268092,,0.9236584508809799,0.07634154911902014,0.9705021920838542,0.3982170579558083,5,0.1,0.5,1.0,0.594014809044778,0.5885577247212579,0.6081492094694028,0.5927679929970421,0.5950811426089012,0.583690849126221,0.5898968546868706,0.5936530128073733,0.5848640439661137,0.5834615983057599,0.5843255469056364
4,1,0.21493746884488185,0.9367204137511409,6574,1.3658172028405327,0.9388686131386861,1096,1.366461264439665,0.9363,0.7921657887936575,0.08367387599900349,,,0.9525839347013417,,0.9526027809848903,0.04739721901510974,0.9705358937412218,0.3982289221450831,5,0.1,0.5,0.594014809044778,1.0,0.5914666135097129,0.6071640517597496,0.5985330924495939,0.6112218709788778,0.58871630869345,0.5984913102122107,0.6012996378431765,0.59038666353264,0.5912386145327891,0.595079226188929
4,2,0.22786077279751885,0.9308663323534497,5783,1.3501194254044564,0.946058091286307,964,1.3665392505475127,0.9363,0.7923567384015936,0.08321309748347284,,,0.931987708421984,,0.9320014055519301,0.06799859444806988,0.9705183190013088,0.39822157730158214,5,0.1,0.5,0.5885577247212579,0.5914666135097129,1.0,0.6074995194760504,0.605406459577284,0.6072343156528912,0.5934760611731099,0.588846153753692,0.5999474995809877,0.5998710504394656,0.598674400778848,0.5918864417096494
4,3,0.21557045633713884,0.9336107433327029,5287,1.3605952177728926,0.9307604994324631,881,1.3664655308373057,0.9363,0.8065190649533109,0.0843917525007802,,,0.9846721210487447,,0.9846794839616485,0.015320516038351495,0.9705473012352624,0.3982321475532912,5,0.1,0.5,0.6081492094694028,0.6071640517597496,0.6074995194760504,1.0,0.6136162250395817,0.6158804219587876,0.5968649055011352,0.6149183702460046,0.617531568513761,0.6090455866212194,0.6049571433544488,0.6083155129615471
4,4,0.21210647757165135,0.9335764944275583,4935,1.3778476944336524,0.9184914841849149,822,1.366468428803709,0.9363,0.8019250376656061,0.0842855121237274,,,0.9799233083935717,,0.9799257065408363,0.020074293459163672,0.9705475592249505,0.3982320257758374,5,0.1,0.5,0.5927679929970421,0.5985330924495939,0.605406459577284,0.6136162250395817,1.0,0.6157308192252029,0.5967404865577389,0.6072045292515196,0.6113483544908171,0.6115263676439229,0.5996284564674423,0.6069628098275377
4,5,0.23047069968426065,0.932761945575316,4667,1.3613822889328002,0.9421593830334191,778,1.366477469285837,0.9363,0.8050648674593837,0.08451094774073299,,,0.9899999999553012,,0.9900005019828322,0.009999498017167818,0.9705478285523862,0.3982322250857219,5,0.1,0.5,0.5950811426089012,0.6112218709788778,0.6072343156528912,0.6158804219587876,0.6157308192252029,1.0,0.6011515790635001,0.6115950502066778,0.6088080961822434,0.6078812793820066,0.6059705156712414,0.6075882783381642
4,6,0.2470838505348989,0.927240062878958,4453,1.3720132559537888,0.9380053908355795,742,1.3665252360292137,0.9363,0.7895368054902151,0.0832198874107668,,,0.9322912097230498,,0.9323076150795643,0.06769238492043572,0.9705215134556202,0.3982217801234038,5,0.1,0.5,0.583690849126221,0.58871630869345,0.5934760611731099,0.5968649055011352,0.5967404865577389,0.6011515790635001,1.0,0.5946287786063734,0.6029098412860245,0.5989384989363361,0.5966603022461933,0.591949099535995
4,7,0.23972087396419983,0.9283142389525368,4277,1.3655894165453704,0.9438990182328191,713,1.3665025017132013,0.9363,0.7979631038990415,0.08381816940621338,,,0.9590336704536522,,0.9590482405501732,0.04095175944982676,0.9705417416988772,0.39823018326529624,5,0.1,0.5,0.5898968546868706,0.5984913102122107,0.588846153753692,0.6149183702460046,0.6072045292515196,0.6115950502066778,0.5946287786063734,1.0,0.6117276423187276,0.5998720260423924,0.6044495312585553,0.6022396247928574
4,8,0.23193271791419157,0.9310244611286026,4129,1.3794939138672568,0.9302325581395349,688,1.3709876842011277,0.9361,0.7999247966254577,0.07914167075732796,,,0.75,,0.750002509914161,0.24999749008583905,0.9687459958967244,0.397580025326628,5,0.1,0.5,0.5936530128073733,0.6012996378431765,0.5999474995809877,0.617531568513761,0.6113483544908171,0.6088080961822434,0.6029098412860245,0.6117276423187276,1.0,0.6075423784860943,0.6082040057400139,0.6126879369495524
4,9,0.24005679075882422,0.9305673581604599,4001,1.3797361907504855,0.9250374812593704,667,1.366990974155097,0.9361,0.7959894039750893,0.08263494307080346,,,0.9061449255959779,,0.906164349179258,0.09383565082074197,0.9704505158988613,0.39820411518902915,5,0.1,0.5,0.5848640439661137,0.59038666353264,0.5998710504394656,0.6090455866212194,0.6115263676439229,0.6078812793820066,0.5989384989363361,0.5998720260423924,0.6075423784860943,1.0,0.5999154092201281,0.6030725987312777
4,10,0.24156860102761965,0.9288763178194909,3889,1.3627451544716245,0.941358024691358,648,1.366466999053955,0.9363,0.795227844877311,0.0840752573378377,,,0.9705251810926167,,0.9705486672355805,0.02945133276441947,0.9705444327421664,0.39823152357945646,5,0.1,0.5,0.5834615983057599,0.5912386145327891,0.598674400778848,0.6049571433544488,0.5996284564674423,0.6059705156712414,0.5966603022461933,0.6044495312585553,0.6082040057400139,0.5999154092201281,1.0,0.6021649414743697
4,11,0.2554550880206232,0.9214982854128199,3791,1.3803452670574188,0.9335443037974683,632,1.3664817162596,0.9363,0.7962731548181433,0.08400838563407366,,,0.9675360991454597,,0.9675518297274234,0.032448170272576626,0.9705444241266937,0.39823126698121203,5,0.1,0.5,0.5843255469056364,0.595079226188929,0.5918864417096494,0.6083155129615471,0.6069628098275377,0.6075882783381642,0.591949099535995,0.6022396247928574,0.6126879369495524,0.6030725987312777,0.6021649414743697,1.0
5,0,0.18602201490507167,0.9427562697832969,8214,1.1008913378382839,0.9488677867056245,1369,1.11644676470528,0.9449,0.7787088769038462,0.08298034948979661,,,0.9018787251407384,,0.9018974951056674,0.09810250489433259,0.9688044297053575,0.39141383174092365,5,0.1,0.5,1.0,0.5757985889334277,0.5794902364078879,0.5857622566521823,0.5739836441377701,0.5735429643776985,0.5629725037846248,0.5742150127486336,0.5787223579401723,0.5655599162215682,0.5725046142893041,0.5747404166625105
5,1,0.2015944992843111,0.9393976270155157,6574,1.1132414034434728,0.9470802919708029,1096,1.1163676379206844,0.9449,0.7737359049375435,0.08323839517956004,,,0.9193282633884938,,0.9193413985241705,0.08065860147582948,0.9688607406660878,0.3914283643392454,5,0.1,0.5,0.5757985889334277,1.0,0.5736311429983005,0.5815091723899004,0.5684459483886549,0.5722794950061614,0.5474191974379379,0.5647257792383227,0.5783838673398662,0.5704239680472839,0.5644577585688698,0.5704932662694226
5,2,0.2134731793745282,0.9349472592080235,5783,1.095832872775293,0.9543568464730291,964,1.116450542649522,0.9449,0.7822930470317679,0.08323143441433203,,,0.9188575632609657,,0.9188695346619146,0.08113046533808543,0.9688488735085875,0.3914280501638574,5,0.1,0.5,0.5794902364078879,0.5736311429983005,1.0,0.5885766539594754,0.5730578692458208,0.5812032904636981,0.5639083447901004,0.5724660780512929,0.57983041953887,0.5843880142367402,0.5743832748427091,0.579135741478937
5,3,0.19921264123530633,0.9396633251371288,5287,1.1125818065234594,0.9387060158910329,881,1.1163130992898544,0.9449,0.7897717215600364,0.0842834965882229,,,0.9899999999323781,,0.9900005019828322,0.009999498017167818,0.968914376910062,0.3914442959592354,5,0.1,0.5,0.5857622566521823,0.5815091723899004,0.5885766539594754,1.0,0.5831103519426654,0.5829169272288456,0.5687691386441922,0.579666641770704,0.5911887937202914,0.5932931676603651,0.5693380543061153,0.590793429211294
5,4,0.1999114809565306,0.9403039513677811,4935,1.1319714257350335,0.9294403892944039,822,1.1163236013235756,0.9449,0.7848117253747635,0.08403772773103649,,,0.973380644354251,,0.9733949098940816,0.026605090105918383,0.9689117836185265,0.39144380420557945,5,0.1,0.5,0.5739836441377701,0.5684459483886549,0.5730578692458208,0.5831103519426654,1.0,0.5871308233148677,0.561271173224275,0.5859338279214736,0.5906227311594839,0.592423693536437,0.5696308286656594,0.5831526107224606
5,5,0.21268227172135185,0.9371759160059996,4667,1.1091700649261476,0.9511568123393316,778,1.116325566943842,0.9449,0.7874758589125849,0.08428239944851978,,,0.9899258092678094,,0.9899352442146478,0.010064755785352153,0.9689143526704047,0.39144429574976347,5,0.1,0.5,0.5735429643776985,0.5722794950061614,0.5812032904636981,0.5829169272288456,0.5871308233148677,1.0,0.5642592184071338,0.5816249726375823,0.5900647654683996,0.5884241483493401,0.5798372400274071,0.5911998202735774
5,6,0.22114436218115902,0.9349651920053896,4453,1.1236430704593658,0.9501347708894878,742,1.1165416465399745,0.9449,0.7668444560228614,0.08269191416235454,,,0.8823741820390161,,0.8823854224185533,0.11761457758144667,0.9687471651158783,0.39138939694754865,5,0.1,0.5,0.5629725037846248,0.5474191974379379,0.5639083447901004,0.5687691386441922,0.561271173224275,0.5642592184071338,1.0,0.5582229999316207,0.5700044944464516,0.5785168240963787,0.5606027713892765,0.5693677871817955
5,7,0.22433050952559866,0.933364507832593,4277,1.115456822125808,0.9593267882187938,713,1.1163818963800376,0.9449,0.7812751739248895,0.08360046271217102,,,0.9438119556538361,,0.9438231012499373,0.05617689875006271,0.9689022665934078,0.3914394538796998,5,0.1,0.5,0.5742150127486336,0.5647257792383227,0.5724660780512929,0.579666641770704,0.5859338279214736,0.5816249726375823,0.5582229999316207,1.0,0.5815101799820038,0.5817180274968533,0.5785498583217427,0.578768174248005
5,8,0.21507104746657066,0.9366432550254299,4129,1.1312047893350774,0.9375,688,1.1219840550575013,0.9451,0.7887458892159669,0.08073435020701486,,,0.75,,0.750002509914161,0.24999749008583905,0.96700528437817,0.390802165231753,5,0.1,0.5,0.5787223579401723,0.5783838673398662,0.57983041953887,0.5911887937202914,0.5906227311594839,0.5900647654683996,0.5700044944464516,0.5815101799820038,1.0,0.5926472587394959,0.5845414977695267,0.5931449018378425
5,9,0.21166326339108987,0.9371157210697326,4001,1.1315517652602423,0.9280359820089955,667,1.1169379785799751,0.9449,0.7907630123077032,0.08314286303952456,,,0.9128681991534846,,0.912880879473922,0.08711912052607795,0.9687895482405817,0.39142373764746435,5,0.1,0.5,0.5655599162215682,0.5704239680472839,0.5843880142367402,0.5932931676603651,0.592423693536437,0.5884241483493401,0.5785168240963787,0.5817180274968533,0.5926472587394959,1.0,0.5870160448579164,0.5980396866469088
5,10,0.22587479836933436,0.9336076112111082,3889,1.1127995621590387,0.9475308641975309,648,1.1163399354718364,0.9449,0.7805311526202865,0.08374628680506742,,,0.9536728569879094,,0.9536820440740926,0.04631795592590737,0.9689087791591346,0.3914417312155713,5,0.1,0.5,0.5725046142893041,0.5644577585688698,0.5743832748427091,0.5693380543061153,0.5696308286656594,0.5798372400274071,0.5606027713892765,0.5785498583217427,0.5845414977695267,0.5870160448579164,1.0,0.588709448252745
5,11,0.2375738224672044,0.925824320759694,3791,1.132537105679512,0.939873417721519,632,1.1163387487109857,0.9449,0.7898667937770355,0.08403032022239974,,,0.9728797345913482,,0.9728929270618945,0.027107072938105548,0.9689097343275893,0.39144377525740065,5,0.1,0.5,0.5747404166625105,0.5704932662694226,0.579135741478937,0.590793429211294,0.5831526107224606,0.5911998202735774,0.5693677871817955,0.578768174248005,0.5931449018378425,0.5980396866469088,0.588709448252745,1.0
6,0,0.17522114465114613,0.9454346238130021,8214,0.8664916227030199,0.9517896274653032,1369,0.8829525688204902,0.9495,0.7598359210328274,0.0828615494947559,,,0.8754096861052596,,0.8754279403644395,0.1245720596355605,0.9665402045866581,0.38316110391632197,5,0.1,0.5,1.0,0.5454578492402854,0.5481905150623533,0.5595972173164987,0.5462838640651068,0.5487633655434909,0.5465203965751303,0.5467494348683342,0.5433600927602237,0.5262693800300418,0.5421270908114733,0.5371677674182843
6,1,0.1872970670086413,0.9437480985701248,6574,0.877087766783578,0.9516423357664233,1096,0.8827845360905218,0.9494,0.762354308431644,0.0831247408424196,,,0.8962196725904488,,0.8962351287585965,0.10376487124140354,0.9666544945014313,0.3831955679599161,5,0.1,0.5,0.5454578492402854,1.0,0.5530881858146678,0.5490404191242368,0.5459294114053336,0.5544279584147638,0.5506878462324998,0.5504547532345438,0.540021566061565,0.5366303849466856,0.5417609892338797,0.5446871410017259
6,2,0.19983837734650595,0.9400657098391838,5783,0.8588297021004462,0.9605809128630706,964,0.8828503729436344,0.9495,0.7664078558680361,0.08326380765686366,,,0.9072153932127585,,0.9072335726118167,0.0927664273881833,0.9666860596647182,0.3832089466298581,5,0.1,0.5,0.5481905150623533,0.5530881858146678,1.0,0.5555384646564929,0.5599129459346684,0.5631606123123788,0.5558281881750643,0.5478918313410263,0.5351533035944372,0.5435258933200563,0.5456750266057071,0.5411838380739693
6,3,0.18697671998398804,0.9429165878570077,5287,0.8818861906017575,0.9432463110102156,881,0.8826852475111477,0.9494,0.7759413135453218,0.08431081420926294,,,0.9899999999209321,,0.9900005019828322,0.009999498017167818,0.966819718824409,0.3832396727105013,5,0.1,0.5,0.5595972173164987,0.5490404191242368,0.5555384646564929,1.0,0.5591979838464373,0.5663560753589957,0.5574792287322972,0.5679858505961689,0.5585992418904988,0.5522619018809991,0.548941413361516,0.5567923178604224
6,4,0.18573069718756502,0.9441134751773049,4935,0.9014442792305579,0.940389294403893,822,0.8826959226458979,0.9494,0.7726241779117143,0.08402756808001097,,,0.9676043240218621,,0.9676221073239295,0.0323778926760705,0.9668155126528443,0.3832384840075641,5,0.1,0.5,0.5462838640651068,0.5459294114053336,0.5599129459346684,0.5591979838464373,1.0,0.5661233485477447,0.5580037675192994,0.5678331311887566,0.5437896943732032,0.5485314393813265,0.5492284150390397,0.557223078071333
6,5,0.19750926535678645,0.9424041139918578,4667,0.8735262703895569,0.9550128534704371,778,0.8826975828161636,0.9494,0.7758551958314737,0.08430702080354975,,,0.9897000633070387,,0.9897093519401636,0.010290648059836371,0.9668198143451341,0.38323967091407285,5,0.1,0.5,0.5487633655434909,0.5544279584147638,0.5631606123123788,0.5663560753589957,0.5661233485477447,1.0,0.5602052917104452,0.5608156291772208,0.5502107185214757,0.5490911534506536,0.5503749626190764,0.5611174560706406
6,6,0.2012965443417696,0.9381540534471143,4453,0.8900182793537775,0.9514824797843666,742,0.8829752795231609,0.9496,0.769960732243432,0.08302626592829265,,,0.8884334681794651,,0.8884443552030521,0.1115556447969479,0.9665380957495862,0.38318387062829806,5,0.1,0.5,0.5465203965751303,0.5506878462324998,0.5558281881750643,0.5574792287322972,0.5580037675192994,0.5602052917104452,1.0,0.5555704172169097,0.5500688253267622,0.539909499441847,0.5532947609886446,0.5574114088089794
6,7,0.20161392633983893,0.9396773439326631,4277,0.8822530171145564,0.9593267882187938,713,0.8827335213700803,0.9494,0.7713252256549528,0.0836868607676213,,,0.9406653131874572,,0.9406857085487677,0.05931429145123235,0.9667865561026442,0.38323177262124447,5,0.1,0.5,0.5467494348683342,0.5504547532345438,0.5478918313410263,0.5679858505961689,0.5678331311887566,0.5608156291772208,0.5555704172169097,1.0,0.5474053798659115,0.5427320603517997,0.5507880382138677,0.5542017800331402
6,8,0.213136187160316,0.9370791959312182,4129,0.8986781104044481,0.9418604651162791,688,0.8888774898867257,0.9492,0.7577863164525428,0.08127544830628966,,,0.75,,0.750002509914161,0.24999749008583905,0.9647322653372267,0.3825792637393082,5,0.1,0.5,0.5433600927602237,0.540021566061565,0.5351533035944372,0.5585992418904988,0.5437896943732032,0.5502107185214757,0.5500688253267622,0.5474053798659115,1.0,0.5309929069540138,0.5389632700469555,0.5453546299642342
6,9,0.2094287442603788,0.9393651587103224,4001,0.8999349247841608,0.9370314842578711,667,0.8834145112921254,0.9496,0.7558664847365708,0.08283028116758699,,,0.8729373652194271,,0.8729481451734351,0.1270518548265649,0.9665521894678707,0.3831561842476132,5,0.1,0.5,0.5262693800300418,0.5366303849466856,0.5435258933200563,0.5522619018809991,0.5485314393813265,0.5490911534506536,0.539909499441847,0.5427320603517997,0.5309929069540138,1.0,0.5367984090986213,0.5458851346027236
6,10,0.2056515856584931,0.9389560298277192,3889,0.8783415130206517,0.9506172839506173,648,0.8827233948646643,0.9493,0.7621862453338497,0.08346101119339314,,,0.9228078622146413,,0.9228251593795492,0.07717484062045077,0.9667601773660235,0.3832219848274492,5,0.1,0.5,0.5421270908114733,0.5417609892338797,0.5456750266057071,0.548941413361516,0.5492284150390397,0.5503749626190764,0.5532947609886446,0.5507880382138677,0.5389632700469555,0.5367984090986213,1.0,0.549835047444364
