round,client_id,client_i_training_loss,client_i_training_accuracy,client_i_training_dataset_size,client_i_evaluation_loss,client_i_evaluation_accuracy,client_i_evaluation_dataset_size,client_i_central_evaluation_loss,client_i_central_evaluation_accuracy,client_i_cosine_similarity,client_i_importance_coefficient,client_i_tanh_val,tanh_normalization_value,client_i_q,client_i_mask_order,client_i_v_nonzero_fraction,client_i_v_sparsity,client_i_v_cosine_similarity,client_i_reward_gradient_norm,local_epochs,learning_rate,gamma,client_0_cosine_similarity,client_1_cosine_similarity,client_2_cosine_similarity,client_3_cosine_similarity,client_4_cosine_similarity,client_5_cosine_similarity,client_6_cosine_similarity,client_7_cosine_similarity,client_8_cosine_similarity,client_9_cosine_similarity,client_10_cosine_similarity,client_11_cosine_similarity
0,0,2.243341013678798,0.16993425858290723,6845,2.295901493592696,0.1139517896274653,1369,2.2984241986576515,0.1035,0.8946278669286392,0.08070884463158182,,,0.6729016696250915,,0.6729382251489495,0.3270617748510505,0,0.138466962896421,10,0.025,0.15,1.0,0.9307222581888067,0.9057883712184658,0.8590055988423355,0.8157886699804567,0.749228817777018,0.7474293729152216,0.7577408784783068,0.7475001711057775,0.7386212211421274,0.7106479677260309,0.7084648402197787
0,1,2.285695255079935,0.14162102957283682,5478,2.2990815109676785,0.11131386861313869,1096,2.2983882155599473,0.1021,0.9594947203999525,0.08656080720964156,,,0.9217028213448109,,0.9217458038322524,0.07825419616774765,0,0.1388674675657866,10,0.025,0.15,0.9307222581888067,1.0,0.961474390358062,0.9131749427161874,0.9019433755908548,0.8493191190552754,0.8544595710176541,0.8490478395565367,0.817569292698456,0.792741306878419,0.8266454287391847,0.811890635113837
0,2,2.2879213113533825,0.14385892116182572,4820,2.2979207932949066,0.0975103734439834,964,2.2983878262435335,0.102,0.9694794710985003,0.08746158140034588,,,0.9599999999574841,,0.9600270667260814,0.0399729332739186,0,0.1388710396025623,10,0.025,0.15,0.9057883712184658,0.961474390358062,1.0,0.9381602534244748,0.9132297404469419,0.8533799054913878,0.8720241599274309,0.8833910764875988,0.8464974407074728,0.8102086760283097,0.8487896612068562,0.8336711302255158
0,3,2.291548229626247,0.12169768497503404,4406,2.2966736384800504,0.10556186152099886,881,2.298387998267065,0.1021,0.9626156361568649,0.08684236059540591,,,0.9336733023098454,,0.9337195293030318,0.06628047069696819,0,0.1388685475770956,10,0.025,0.15,0.8590055988423355,0.9131749427161874,0.9381602534244748,1.0,0.8877740101691073,0.8685516888680175,0.8921557730652893,0.91735832451944,0.8374747536267808,0.8291591855758322,0.8497925312216144,0.8676069331118389
0,4,2.2950331297787754,0.12546206225680934,4112,2.2986093929835727,0.09854014598540146,822,2.2983918250361577,0.102,0.9507488196166188,0.08577179585242928,,,0.8881573343776948,,0.8882012180026737,0.11179878199732629,0,0.13885980985768143,10,0.025,0.15,0.8157886699804567,0.9019433755908548,0.9132297404469419,0.8877740101691073,1.0,0.852574580036299,0.8858159569404287,0.8732715814827434,0.8747832700516812,0.837591393467384,0.8785927934156493,0.8530896170673155
0,5,2.2965864027700116,0.12057084083311906,3889,2.2974868501935686,0.11182519280205655,778,2.2984075848060317,0.1034,0.9101330681665506,0.08210764621596374,,,0.7323729052284094,,0.732410754072387,0.267589245927613,0,0.13867159199354118,10,0.025,0.15,0.749228817777018,0.8493191190552754,0.8533799054913878,0.8685516888680175,0.852574580036299,1.0,0.889163906206841,0.8600373832634098,0.7514147263529443,0.8219762966788347,0.7978108009555993,0.8666798644515931
0,6,2.2964018665511032,0.1297224467798437,3711,2.2992314100265503,0.09433962264150944,742,2.2983947494361976,0.102,0.9319898068532552,0.08407945169176952,,,0.8162058872073175,,0.8162515885197471,0.1837484114802529,0,0.13882682887229933,10,0.025,0.15,0.7474293729152216,0.8544595710176541,0.8720241599274309,0.8921557730652893,0.8858159569404287,0.889163906206841,1.0,0.9413845718696763,0.8040275710925923,0.7915321761222294,0.8607099047734097,0.9020624260345297
0,7,2.295628038474492,0.12255892255892256,3564,2.2985385258992515,0.10378681626928471,713,2.298394963711123,0.102,0.9308451551766969,0.08397618695149511,,,0.8118154992016533,,0.8118614975821492,0.1881385024178508,0,0.13881984739435108,10,0.025,0.15,0.7577408784783068,0.8490478395565367,0.8833910764875988,0.91735832451944,0.8732715814827434,0.8600373832634098,0.9413845718696763,1.0,0.8010806489271262,0.8166433679879144,0.8446189247616749,0.8679656725737114
0,8,2.2957907385296292,0.13696599825632083,3441,2.30065655708313,0.09156976744186046,688,2.2984248565722116,0.1035,0.8933561054893964,0.08059411268525797,,,0.6680237436295561,,0.6680695152745457,0.3319304847254543,0,0.1384551156244774,10,0.025,0.15,0.7475001711057775,0.817569292698456,0.8464974407074728,0.8374747536267808,0.8747832700516812,0.7514147263529443,0.8040275710925923,0.8010806489271262,1.0,0.8323904721120531,0.8474056019570262,0.8444870660227151
0,9,2.296472509702047,0.10953809238152369,3334,2.2983880043029785,0.10794602698650675,667,2.298466730721389,0.105,0.8756211143927339,0.07899415062966375,,,0.6,,0.6000148536911423,0.39998514630885773,0,0.1381227324944051,10,0.025,0.15,0.7386212211421274,0.792741306878419,0.8102086760283097,0.8291591855758322,0.837591393467384,0.8219762966788347,0.7915321761222294,0.8166433679879144,0.8323904721120531,1.0,0.7429423226984628,0.7853853531065177
0,10,2.2979872868611264,0.12897253933970998,3241,2.3019394079844155,0.07716049382716049,648,2.2984209543542016,0.1037,0.8981992132033257,0.08103103360228628,,,0.6865998069445612,,0.6866201251010876,0.3133798748989124,0,0.13849766631639177,10,0.025,0.15,0.7106479677260309,0.8266454287391847,0.8487896612068562,0.8497925312216144,0.8785927934156493,0.7978108009555993,0.8607099047734097,0.8446189247616749,0.8474056019570262,0.7429423226984628,1.0,0.8851722504963797
0,11,2.2981979961395265,0.11832858499525166,3159,2.2992905139923097,0.10917721518987342,632,2.2984089338326754,0.1034,0.907521332797946,0.08187202853415915,,,0.7223554196726577,,0.7224010166526382,0.27759898334736177,0,0.13865687759487946,10,0.025,0.15,0.7084648402197787,0.811890635113837,0.8336711302255158,0.8676069331118389,0.8530896170673155,0.8666798644515931,0.9020624260345297,0.8679656725737114,0.8444870660227151,0.7853853531065177,0.8851722504963797,1.0
1,0,2.075737837067357,0.25136596055514976,6845,2.286793188615279,0.17677136596055515,1369,2.2892082522187054,0.1674,0.898237963505108,0.07937628845672545,,,0.6,,0.6000148536911423,0.39998514630885773,0.8600287612750971,0.14472751728016894,10,0.025,0.15,1.0,0.94966424409288,0.9261956718469225,0.9022809119336809,0.8941945825786277,0.8471667845609436,0.8370635335113098,0.8334657227184105,0.8247003806242981,0.8263461080321185,0.8031008537309137,0.7987244672782142
1,1,2.1429727163425714,0.21392844103687478,5478,2.2905342313978405,0.16058394160583941,1096,2.28903375999837,0.165,0.9556882378711806,0.08488099330579582,,,0.897073549815663,,0.897113432688023,0.10288656731197698,0.8676329257916567,0.14545319524075878,10,0.025,0.15,0.94966424409288,1.0,0.9692551942515727,0.9531746932114313,0.9547362333592841,0.9185206795736864,0.9110030620018245,0.9033280290624769,0.8962869375210977,0.8989820266489256,0.8805792712394499,0.8758525400208976
1,2,2.148828436512696,0.21323651452282158,4820,2.287545382976532,0.18568464730290457,964,2.2890245129790485,0.165,0.9742945247040157,0.0860470060167301,,,0.9599999999460327,,0.9600270667260814,0.0399729332739186,0.8681281359223286,0.14546974864872433,10,0.025,0.15,0.9261956718469225,0.9692551942515727,1.0,0.9742714326716948,0.9715917360336743,0.9457096927164514,0.9366964909570593,0.9328680645989046,0.9263525436842704,0.9300517447195249,0.9074296318752071,0.9089104245216995
1,3,2.1787425003732954,0.2079891057648661,4406,2.286742857524327,0.18274687854710556,881,2.2890246970744075,0.165,0.9844081134031588,0.08599309390693602,,,0.9570905139202226,,0.9571223449027083,0.04287765509729169,0.8680816833910932,0.14546962727055968,10,0.025,0.15,0.9022809119336809,0.9531746932114313,0.9742714326716948,1.0,0.9748123391159065,0.9663994607629374,0.9546234948665143,0.9591853923991391,0.9448432543088588,0.9523373344290711,0.9314902675003603,0.9364352626504864
1,4,2.1966903856306366,0.21823929961089494,4112,2.2898460115705217,0.15085158150851583,822,2.2890297823314425,0.1648,0.9834729181263607,0.08529860041832499,,,0.9196106395868358,,0.9196580350217028,0.08034196497829715,0.868172140842546,0.14546289112203242,10,0.025,0.15,0.8941945825786277,0.9547362333592841,0.9715917360336743,0.9748123391159065,1.0,0.9622349306547784,0.9565811683672785,0.9519151627525765,0.9469668972951281,0.9545844301163736,0.9363068976439047,0.9354674014923436
1,5,2.2135394692420958,0.18320905116996658,3889,2.289825916290283,0.17994858611825193,778,2.289070799380918,0.1662,0.9845945963010003,0.08306270072679524,,,0.7989453765788359,,0.7989800465415656,0.20101995345843438,0.8659933101448567,0.14536165517912786,10,0.025,0.15,0.8471667845609436,0.9185206795736864,0.9457096927164514,0.9663994607629374,0.9622349306547784,1.0,0.9771772890635115,0.9758903026240063,0.9630147638900144,0.9728421399042113,0.9615415993017982,0.9675346161968927
1,6,2.23402209446348,0.17682565346267853,3711,2.290131171544393,0.15363881401617252,742,2.2890419628046734,0.1647,0.9836240888610059,0.08425393935190958,,,0.8632331988587194,,0.8632717730355993,0.13672822696440068,0.8675733299824551,0.14543496153813779,10,0.025,0.15,0.8370635335113098,0.9110030620018245,0.9366964909570593,0.9546234948665143,0.9565811683672785,0.9771772890635115,1.0,0.9815318081047184,0.9746665238807194,0.9696265502141983,0.9729804222324688,0.9759641456039327
1,7,2.2238457475389755,0.18218294051627384,3564,2.289176066716512,0.1570827489481066,713,2.2890434385854985,0.1647,0.9815026433878852,0.08412064563519252,,,0.8560397091659977,,0.8560759848822432,0.14392401511775677,0.8674207823675072,0.14543158421263416,10,0.025,0.15,0.8334657227184105,0.9033280290624769,0.9328680645989046,0.9591853923991391,0.9519151627525765,0.9758903026240063,0.9815318081047184,1.0,0.9734182166315378,0.9702226198968733,0.9708078894959805,0.9707532773862264
1,8,2.2308543408358537,0.1899447834931706,3441,2.290857672691345,0.1511627906976744,688,2.289115048662017,0.168,0.9758775319115978,0.08183945950778367,,,0.7329304636677509,,0.732963641464904,0.267036358535096,0.8638547479324552,0.1452421485019909,10,0.025,0.15,0.8247003806242981,0.8962869375210977,0.9263525436842704,0.9448432543088588,0.9469668972951281,0.9630147638900144,0.9746665238807194,0.9734182166315378,1.0,0.9667081843813774,0.9710285964389297,0.9717976553510866
1,9,2.2371010533085576,0.1853029394121176,3334,2.2890302737553916,0.17391304347826086,667,2.2892150939265385,0.168,0.9762184830606634,0.08085828888304442,,,0.6799794247913676,,0.6800184845934215,0.3199815154065785,0.8618003268668002,0.14507975097973375,10,0.025,0.15,0.8263461080321185,0.8989820266489256,0.9300517447195249,0.9523373344290711,0.9545844301163736,0.9728421399042113,0.9696265502141983,0.9702226198968733,0.9667081843813774,1.0,0.9586053358633804,0.963027572466681
1,10,2.251368507055136,0.17235421166306694,3241,2.293248931566874,0.13580246913580246,648,2.2891068669814096,0.1678,0.9681644280782258,0.08185866598221689,,,0.7339669834623199,,0.7340033998448614,0.2659966001551386,0.8641680438107,0.14524382332842029,10,0.025,0.15,0.8031008537309137,0.8805792712394499,0.9074296318752071,0.9314902675003603,0.9363068976439047,0.9615415993017982,0.9729804222324688,0.9708078894959805,0.9710285964389297,0.9586053358633804,1.0,0.9774291307980124
1,11,2.2502661495208742,0.16429249762583095,3159,2.290275144577026,0.17088607594936708,632,2.289081048361863,0.166,0.9690854713016555,0.08241031780854538,,,0.7637380921417208,,0.7637767985344358,0.2362232014655642,0.8657527541581914,0.1453153131874842,10,0.025,0.15,0.7987244672782142,0.8758525400208976,0.9089104245216995,0.9364352626504864,0.9354674014923436,0.9675346161968927,0.9759641456039327,0.9707532773862264,0.9717976553510866,0.963027572466681,0.9774291307980124,1.0
2,0,1.9763653569751316,0.2924762600438276,6845,2.2722618363120337,0.22132943754565376,1369,2.2745094872728178,0.2235,0.9237279305044374,0.07921791646317988,,,0.6,,0.6000148536911423,0.39998514630885773,0.9532398118645635,0.1455174955980024,10,0.025,0.15,1.0,0.9524295954808997,0.9355792393340924,0.9212200928596933,0.9186729580634545,0.8846505215156,0.8870780175950361,0.8822410667052175,0.8655340742515268,0.8540017879596773,0.8585549360484203,0.847650151602497
2,1,2.0346839089726294,0.2616283315078496,5478,2.276507510079278,0.22262773722627738,1096,2.2740437169618244,0.2242,0.9646264884118643,0.08395715710896823,,,0.880337481771932,,0.8803782740010893,0.11962172599891074,0.9588051103639539,0.14625098785854834,10,0.025,0.15,0.9524295954808997,1.0,0.9650176755435301,0.9575009822989246,0.9560963460166905,0.9344383172057343,0.9378720334977801,0.9302768537229761,0.9177636567698328,0.9105762728750352,0.9147838251888158,0.9067088879869637
2,2,2.036125314549396,0.26033195020746885,4820,2.2711583375930786,0.24896265560165975,964,2.2740227693243873,0.2242,0.9798749704750772,0.08517554328983236,,,0.9524079545116331,,0.9524599362941691,0.04754006370583086,0.9589074740074931,0.14626978127581777,10,0.025,0.15,0.9355792393340924,0.9650176755435301,1.0,0.9721062032071782,0.9699545236469636,0.9529767162830474,0.9587046793106514,0.9509993531426267,0.9443408888474965,0.9363421290474389,0.9386713397995754,0.9367531373183138
2,3,2.0669299520765034,0.25726282342260554,4406,2.2711430617741177,0.23496027241770714,881,2.274022201948528,0.2242,0.9848393770686789,0.08530389048784306,,,0.9599999999408475,,0.9600270667260814,0.0399729332739186,0.9589232011751339,0.14627019024753915,10,0.025,0.15,0.9212200928596933,0.9575009822989246,0.9721062032071782,1.0,0.9721955923329938,0.9643825948480192,0.9656736801104953,0.9652434160036375,0.9547281754755854,0.947627996042892,0.950000652650237,0.9489638717898308
2,4,2.0790700876351558,0.2643725680933852,4112,2.2755750588008334,0.19464720194647203,822,2.2740291704105426,0.2241,0.9854582509276896,0.08489421345647227,,,0.9357666182879552,,0.9357990460629466,0.06420095393705338,0.9589103227193908,0.14626784877309182,10,0.025,0.15,0.9186729580634545,0.9560963460166905,0.9699545236469636,0.9721955923329938,1.0,0.9632457408578825,0.9691796356367056,0.9625555464048086,0.9580403590882972,0.9555380750113908,0.9522485960800845,0.9496897615434932
2,5,2.1000099462847555,0.23774749292877345,3889,2.2767681734902516,0.2403598971722365,778,2.274113301989398,0.2227,0.9841560328898095,0.08346794831313806,,,0.8513996049824117,,0.8514465844762423,0.14855341552375767,0.9580088134154302,0.14623539574860026,10,0.025,0.15,0.8846505215156,0.9344383172057343,0.9529767162830474,0.9643825948480192,0.9632457408578825,1.0,0.9740114626161571,0.9709340751437545,0.9657107464262721,0.9655152058082926,0.9688324540632183,0.9688633919163918
2,6,2.117718491472047,0.23748315817838858,3711,2.2753246227900186,0.23180592991913745,742,2.274045198778563,0.2242,0.9871457190843609,0.08430261954196974,,,0.90077241549924,,0.900810351372316,0.09918964862768398,0.9586737444520766,0.146261888692341,10,0.025,0.15,0.8870780175950361,0.9378720334977801,0.9587046793106514,0.9656736801104953,0.9691796356367056,0.9740114626161571,1.0,0.9758103516672529,0.9695837657628886,0.9662504451022923,0.9730290706122577,0.970805672184578
2,7,2.1068471814904894,0.2393097643097643,3564,2.2743605375289917,0.20897615708274894,713,2.2740560000455834,0.2242,0.9841684758704138,0.08412313814129993,,,0.8901556590082211,,0.8901817101549735,0.1098182898450265,0.9586635406428181,0.14625447052382276,10,0.025,0.15,0.8822410667052175,0.9302768537229761,0.9509993531426267,0.9652434160036375,0.9625555464048086,0.9709340751437545,0.9758103516672529,1.0,0.9713514032204348,0.9645648575406444,0.9704194696758602,0.9690405680616782
2,8,2.1054597474910595,0.25184539378087767,3441,2.275633970896403,0.21220930232558138,688,2.274209767957277,0.224,0.9781909102809433,0.08251654576002392,,,0.7951218559028356,,0.7951510950471192,0.20484890495288077,0.9567865712309096,0.14617551390737374,10,0.025,0.15,0.8655340742515268,0.9177636567698328,0.9443408888474965,0.9547281754755854,0.9580403590882972,0.9657107464262721,0.9695837657628886,0.9713514032204348,1.0,0.9631382439709936,0.9665622480302732,0.9675427905380705
2,9,2.1032831103713425,0.24658068386322735,3334,2.274356722831726,0.21889055472263869,667,2.2743794405007662,0.2226,0.9740398330212938,0.08177405798394108,,,0.7512019183114663,,0.7512666897724084,0.2487333102275916,0.9558363525567773,0.14611763187479074,10,0.025,0.15,0.8540017879596773,0.9105762728750352,0.9363421290474389,0.947627996042892,0.9555380750113908,0.9655152058082926,0.9662504451022923,0.9645648575406444,0.9631382439709936,1.0,0.96694635593931,0.965875110963373
2,10,2.14364562859902,0.2261956186362234,3241,2.279027541478475,0.21141975308641975,648,2.274196389355237,0.2243,0.97736306826516,0.08250146626686133,,,0.7942298676170431,,0.7942763776798535,0.20572362232014652,0.9568129413392606,0.14617466093439782,10,0.025,0.15,0.8585549360484203,0.9147838251888158,0.9386713397995754,0.950000652650237,0.9522485960800845,0.9688324540632183,0.9730290706122577,0.9704194696758602,0.9665622480302732,0.96694635593931,1.0,0.9749243578019904
2,11,2.1332675762176514,0.22203228869895536,3159,2.2756659984588623,0.22784810126582278,632,2.274138517017606,0.2228,0.9749872416152003,0.08276550318647008,,,0.8098482864039669,,0.8098975095311185,0.1901024904688815,0.9575418381422102,0.14620182145584412,10,0.025,0.15,0.847650151602497,0.9067088879869637,0.9367531373183138,0.9489638717898308,0.9496897615434932,0.9688633919163918,0.970805672184578,0.9690405680616782,0.9675427905380705,0.965875110963373,0.9749243578019904,1.0
3,0,1.915043067269855,0.3128414901387874,6845,2.2517164186997847,0.25858290723155586,1369,2.253823020790197,0.2575,0.9302805020873779,0.07935761791754076,,,0.6,,0.6000148536911423,0.39998514630885773,0.9792618196979755,0.14533131139197503,10,0.025,0.15,1.0,0.9504679914253772,0.9357018871144644,0.922432456959936,0.9184983140033919,0.8955087124972289,0.8951829948284379,0.8894206025671828,0.8742663986333405,0.8581323037961807,0.8768873295622035,0.8618914933339473
3,1,1.966427292102991,0.29231471339905074,5478,2.2563359472486706,0.25821167883211676,1096,2.2528224383728412,0.2566,0.9673972677459683,0.08350117280168755,,,0.8725557669560537,,0.8725883382020432,0.12741166179795682,0.9836489447480289,0.14611987244421604,10,0.025,0.15,0.9504679914253772,1.0,0.9614036057754776,0.9560442824941987,0.9514835719260883,0.9389490642175545,0.9408226914049618,0.9337883914457087,0.921472626323268,0.9122255782287151,0.9261202415556965,0.9160988150072382
3,2,1.9658492593388808,0.28819502074688796,4820,2.248377561569214,0.27593360995850624,964,2.252786823465854,0.2557,0.97844273171335,0.0846154023658588,,,0.9458478318421055,,0.9458995560396759,0.054100443960324096,0.9839775275805343,0.1461487238540634,10,0.025,0.15,0.9357018871144644,0.9614036057754776,1.0,0.966247963490699,0.9645239828351446,0.9495300204506355,0.955508010239579,0.948838356444259,0.9415372477411301,0.9296109478068666,0.9444858312461591,0.9393871740779621
3,3,1.9917170783451625,0.284135270086246,4406,2.2492658410753523,0.26220204313280365,881,2.2527844664416734,0.2557,0.9826069039970928,0.08483055204283778,,,0.9599999999342217,,0.9600270667260814,0.0399729332739186,0.9839952640240229,0.14614970876283853,10,0.025,0.15,0.922432456959936,0.9560442824941987,0.966247963490699,1.0,0.9690816740184208,0.9571347708248903,0.9605495496940012,0.9603732046172141,0.9514984662625819,0.9404473844433259,0.9532106143561241,0.9479553319498737
3,4,1.999085916894855,0.2928988326848249,4112,2.255250556128366,0.23722627737226276,822,2.252794745602185,0.2557,0.9842036474882536,0.08462894618887969,,,0.9467387207464856,,0.9467907775082108,0.053209222491789165,0.9839737307823379,0.14614880484060228,10,0.025,0.15,0.9184983140033919,0.9514835719260883,0.9645239828351446,0.9690816740184208,1.0,0.9605958880953183,0.9677261975033459,0.9600172710643408,0.9570055243119876,0.9456515309154451,0.9575841614066442,0.9516411394882559
3,5,2.0260716926667,0.27073797891488816,3889,2.2574355261666432,0.2866323907455013,778,2.2529290688188772,0.255,0.9809760589169831,0.08364076020119081,,,0.881737581072858,,0.8817811226089683,0.11821887739103165,0.9836325387633618,0.14612574418895602,10,0.025,0.15,0.8955087124972289,0.9389490642175545,0.9495300204506355,0.9571347708248903,0.9605958880953183,1.0,0.9664039394278594,0.9630188456217452,0.9573609854060466,0.9557848337995887,0.9618333878072329,0.960481322750231
3,6,2.0367006700614403,0.27677175963352196,3711,2.2541035811106362,0.24393530997304583,742,2.252817866168445,0.2557,0.984703045579672,0.08427895693461109,,,0.9237170419487645,,0.9237510521364559,0.07624894786354408,0.9839014193867888,0.14614466623877542,10,0.025,0.15,0.8951829948284379,0.9408226914049618,0.955508010239579,0.9605495496940012,0.9677261975033459,0.9664039394278594,1.0,0.9701291450491294,0.9625904962556316,0.9570389561400253,0.9684123938004202,0.9652055310526558
3,7,2.0292217241866246,0.27045454545454545,3564,2.253469387690226,0.24544179523141654,713,2.2528334207172636,0.2556,0.982006080386387,0.08407995813226095,,,0.9106272500395531,,0.9106798039312769,0.0893201960687231,0.9838093032020931,0.14614120071516973,10,0.025,0.15,0.8894206025671828,0.9337883914457087,0.948838356444259,0.9603732046172141,0.9600172710643408,0.9630188456217452,0.9701291450491294,1.0,0.9659817249039238,0.9577252405853335,0.966238624354635,0.9626463628324216
3,8,2.0212614576021832,0.2842197035745423,3441,2.254440506299337,0.25,688,2.2530848044383376,0.2547,0.9760889752650732,0.0828924923877465,,,0.8325178377644892,,0.8325576405736825,0.16744235942631747,0.9832910366743398,0.14608901006513486,10,0.025,0.15,0.8742663986333405,0.921472626323268,0.9415372477411301,0.9514984662625819,0.9570055243119876,0.9573609854060466,0.9625904962556316,0.9659817249039238,1.0,0.9552122989229925,0.9618700106272716,0.9606187753341375
3,9,2.0294387411188195,0.28770245950809836,3334,2.2535507678985596,0.25487256371814093,667,2.2533646505090257,0.2561,0.9692426082561834,0.08220972312570086,,,0.7876064741952853,,0.7876582330709181,0.2123417669290819,0.9829157877789586,0.14602999068935418,10,0.025,0.15,0.8581323037961807,0.9122255782287151,0.9296109478068666,0.9404473844433259,0.9456515309154451,0.9557848337995887,0.9570389561400253,0.9577252405853335,0.9552122989229925,1.0,0.9605262611828649,0.9575314058211468
3,10,2.063910215176069,0.26337550138846033,3241,2.258384664853414,0.24228395061728394,648,2.2530629876293715,0.2549,0.9788993270172011,0.08297473116579755,,,0.8379273602281572,,0.8379709857899688,0.16202901421003124,0.9832830502313624,0.14609375876834205,10,0.025,0.15,0.8768873295622035,0.9261202415556965,0.9444858312461591,0.9532106143561241,0.9575841614066442,0.9618333878072329,0.9684123938004202,0.966238624354635,0.9618700106272716,0.9605262611828649,1.0,0.9651422997955765
3,11,2.049090130329132,0.2643241532130421,3159,2.2547579765319825,0.23734177215189872,632,2.2529822210722332,0.2547,0.9743415998579612,0.0829896867358874,,,0.8389111113766454,,0.8389529798154841,0.1610470201845159,0.9834569223664388,0.14609452380676874,10,0.025,0.15,0.8618914933339473,0.9160988150072382,0.9393871740779621,0.9479553319498737,0.9516411394882559,0.960481322750231,0.9652055310526558,0.9626463628324216,0.9606187753341375,0.9575314058211468,0.9651422997955765,1.0
4,0,1.8685964734465987,0.32555149744338935,6845,2.2252836444161157,0.28341855368882396,1369,2.2272436588625366,0.2799,0.9361156662524133,0.07969124467326116,,,0.6,,0.6000148536911423,0.39998514630885773,0.9860283677555903,0.14506339018605532,10,0.025,0.15,1.0,0.9477607754852296,0.9372979780716622,0.9224814419838822,0.9192466129282514,0.9005702224843543,0.901750194501728,0.8976431375533644,0.878158852375334,0.8664178370610501,0.8850510982920234,0.8703522093821046
4,1,1.9144617790399596,0.3092917123037605,5478,2.23014579878913,0.27463503649635035,1096,2.2253613743600966,0.2818,0.96697010768618,0.08326450361653844,,,0.8673020018410191,,0.867331781947814,0.13266821805218598,0.9898514218290599,0.14584249019371895,10,0.025,0.15,0.9477607754852296,1.0,0.9563585331178488,0.9500461427323966,0.9459879989435649,0.9374216350699148,0.9397262162513639,0.9335946816024175,0.9188445777989632,0.9094984559725273,0.9269555127974053,0.9170729686480573
4,2,1.914453888880579,0.30553941908713694,4820,2.2191400825977325,0.29045643153526973,964,2.2253118496906907,0.2819,0.9767793179987767,0.08427468821574034,,,0.9428700952487643,,0.9429288178112261,0.05707118218877394,0.9901256603587268,0.14586705952056095,10,0.025,0.15,0.9372979780716622,0.9563585331178488,1.0,0.9598461310183821,0.9590757303825006,0.9468223518619169,0.9523773286047028,0.9452525263655532,0.9353517054359788,0.9262139622499906,0.9427495960011771,0.9351012360452338
4,3,1.9367638785498482,0.3000680889695869,4406,2.2210510117667064,0.28376844494892167,881,2.225310548951354,0.2818,0.9797139765163642,0.08450367858865548,,,0.9599999999251937,,0.9600270667260814,0.0399729332739186,0.990132521846814,0.1458687043764587,10,0.025,0.15,0.9224814419838822,0.9500461427323966,0.9598461310183821,1.0,0.9609100039039535,0.9529405127150586,0.9555489946495669,0.9554849885185615,0.9462848874413351,0.9319595805719814,0.950829195107304,0.9435899609502871
4,4,1.9423933195345329,0.3092898832684825,4112,2.2287186213902066,0.26520681265206814,822,2.2253246337552612,0.2819,0.9815726202208295,0.08443937975976692,,,0.9551900474558153,,0.9552408773580234,0.04475912264197657,0.9901339276117852,0.14586838534329832,10,0.025,0.15,0.9192466129282514,0.9459879989435649,0.9590757303825006,0.9609100039039535,1.0,0.957113212861252,0.9637604578813497,0.955371801975872,0.9510940014642777,0.9393667031850532,0.9536903612837603,0.9459948192290725
4,5,1.9699439725568217,0.2888403188480329,3889,2.23201356615339,0.3110539845758355,778,2.22551476804516,0.28,0.9782132250795506,0.08371760205852359,,,0.9011965844884768,,0.901247710055949,0.09875228994405105,0.9899481463577025,0.14585836120654772,10,0.025,0.15,0.9005702224843543,0.9374216350699148,0.9468223518619169,0.9529405127150586,0.957113212861252,1.0,0.9607805517511974,0.955883017552612,0.9488213387493094,0.9431099503876055,0.9563911439570216,0.9526281426321267
4,6,1.9764693009442296,0.29390999730530853,3711,2.2264177004496255,0.2749326145552561,742,2.225351849688759,0.2818,0.9825317825959887,0.08425381908543006,,,0.9413089544534365,,0.9413526761400208,0.05864732385997917,0.9900915282009425,0.1458668382316095,10,0.025,0.15,0.901750194501728,0.9397262162513639,0.9523773286047028,0.9555489946495669,0.9637604578813497,0.9607805517511974,1.0,0.9635159543484626,0.956023063136701,0.9471190186175514,0.9627746396066273,0.9590949950190707
4,7,1.970153802207538,0.2941077441077441,3564,2.226686199506124,0.2776998597475456,713,2.2253726554822317,0.2818,0.9794553292190908,0.08403021138688395,,,0.924581707310911,,0.9246092654024525,0.07539073459754753,0.990034878931051,0.1458639493929149,10,0.025,0.15,0.8976431375533644,0.9335946816024175,0.9452525263655532,0.9554849885185615,0.955371801975872,0.955883017552612,0.9635159543484626,1.0,0.9598492867726471,0.9462788295570395,0.9597736469587979,0.9540606053611617
4,8,1.9575994734410886,0.3035745422842197,3441,2.2272164821624756,0.26453488372093026,688,2.225739850273615,0.2802,0.9728268113926203,0.08307836934303334,,,0.8533780000519118,,0.8534270766285422,0.14657292337145778,0.9896121447118187,0.1458345072087878,10,0.025,0.15,0.878158852375334,0.9188445777989632,0.9353517054359788,0.9462848874413351,0.9510940014642777,0.9488213387493094,0.956023063136701,0.9598492867726471,1.0,0.945138335056049,0.9551774035109771,0.9547480768991502
4,9,1.962102104116369,0.3044391121775645,3334,2.226456046104431,0.29535232383808097,667,2.226168433322182,0.2812,0.9639604288326815,0.08236624136517708,,,0.8001063964346855,,0.8001683418329455,0.1998316581670545,0.9892312670616348,0.1457780416572357,10,0.025,0.15,0.8664178370610501,0.9094984559725273,0.9262139622499906,0.9319595805719814,0.9393667031850532,0.9431099503876055,0.9471190186175514,0.9462788295570395,0.945138335056049,1.0,0.9474149897101459,0.9441618898119855
4,10,1.996942333991711,0.28589941376118483,3241,2.231471141179403,0.27469135802469136,648,2.2257014769542067,0.2802,0.9772807456842696,0.0832745549589894,,,0.8680539047959919,,0.8680909706061957,0.13190902939380433,0.9896767292514713,0.14584293806222343,10,0.025,0.15,0.8850510982920234,0.9269555127974053,0.9427495960011771,0.950829195107304,0.9536903612837603,0.9563911439570216,0.9627746396066273,0.9597736469587979,0.9551774035109771,0.9474149897101459,1.0,0.9606431053324667
4,11,1.986858048439026,0.2832858499525166,3159,2.227676343917847,0.2737341772151899,632,2.2256004508537583,0.2804,0.9718184876294603,0.08310570694800033,,,0.8554230229985318,,0.8554570810846496,0.14454291891535043,0.9896752434334146,0.14583561530820166,10,0.025,0.15,0.8703522093821046,0.9170729686480573,0.9351012360452338,0.9435899609502871,0.9459948192290725,0.9526281426321267,0.9590949950190707,0.9540606053611617,0.9547480768991502,0.9441618898119855,0.9606431053324667,1.0
5,0,1.8257640520731608,0.3414463111760409,6845,2.1929221153259277,0.30314097881665447,1369,2.1947006575668913,0.3001,0.9395067010102035,0.0800725423475403,,,0.6,,0.6000148536911423,0.39998514630885773,0.9898594023210738,0.14480179777020258,10,0.025,0.15,1.0,0.9422661771324137,0.9328869179302338,0.9221818635621367,0.921258046422635,0.9006439602338229,0.9043645489472076,0.9001091918906196,0.8805729569361587,0.8687379772335795,0.893686568809838,0.8763689912969516
5,1,1.8724551472552986,0.32340270171595475,5478,2.1979258325364857,0.2892335766423358,1096,2.191739148731473,0.2978,0.9657509548204123,0.08314459924383194,,,0.8617499704251833,,0.8617864039213745,0.1382135960786255,0.9927760876510118,0.1455307417826567,10,0.025,0.15,0.9422661771324137,1.0,0.948651031014803,0.9469196355618839,0.9419665485072273,0.9325083548769716,0.9370068286052446,0.9310801642920566,0.914585750473751,0.9076400254785999,0.9265922112703102,0.916109196257617
5,2,1.8693435050939258,0.31977178423236513,4820,2.183559387922287,0.3029045643153527,964,2.191686207735086,0.2983,0.9744730063521583,0.0840556006355736,,,0.9393704688064227,,0.9394134442408939,0.0605865557591061,0.9929388725611655,0.14555524019745128,10,0.025,0.15,0.9328869179302338,0.948651031014803,1.0,0.9545638878413064,0.9547725365138731,0.9426669029658771,0.9476762305240003,0.9404668597698482,0.9313117290349484,0.9206950799339622,0.9411787074641313,0.9307208227662245
5,3,1.8917458581924438,0.3123921924648207,4406,2.1867783750806535,0.3030646992054484,881,2.191681554045858,0.2984,0.9775414264925966,0.08429772136325046,,,0.9599999999147963,,0.9600270667260814,0.0399729332739186,0.9929626740579044,0.1455568255128067,10,0.025,0.15,0.9221818635621367,0.9469196355618839,0.9545638878413064,1.0,0.9536520845739664,0.9481221530001217,0.9492701987885789,0.9503488504723575,0.9398120166221738,0.9297240366475207,0.9482211180177452,0.9379562269017877
5,4,1.902113548192111,0.3243920233463035,4112,2.1961986337389265,0.2846715328467153,822,2.191699652732173,0.2982,0.9782105701909648,0.08427968986724826,,,0.958463653517373,,0.9585169414599528,0.04148305854004719,0.9929623781612289,0.14555678106383427,10,0.025,0.15,0.921258046422635,0.9419665485072273,0.9547725365138731,0.9536520845739664,1.0,0.9488953248423532,0.9573504258873978,0.9481666639085878,0.9428251712862077,0.9310673126513518,0.9476952413101948,0.9408613701497369
5,5,1.9232574751300195,0.3015428130624839,3889,2.200664520263672,0.3329048843187661,778,2.1919506411009197,0.2971,0.9746889978902153,0.0837172283872229,,,0.9105399721755129,,0.9105807793236619,0.08941922067633812,0.992902910479737,0.14554942808144403,10,0.025,0.15,0.9006439602338229,0.9325083548769716,0.9426669029658771,0.9481221530001217,0.9488953248423532,1.0,0.9546318308475982,0.9492440641272709,0.9417590616340741,0.9353335628234479,0.9486345592003997,0.9448908785857003
5,6,1.9248490218458505,0.3148477499326327,3711,2.1923391024271646,0.2857142857142857,742,2.191735656955574,0.2985,0.9792413155770777,0.08419827060767314,,,0.9515264484117141,,0.9515687148256342,0.04843128517436579,0.9929431565814552,0.14555629851943794,10,0.025,0.15,0.9043645489472076,0.9370068286052446,0.9476762305240003,0.9492701987885789,0.9573504258873978,0.9546318308475982,1.0,0.9562492553158339,0.9480718595255359,0.9388138867845638,0.9553725235310552,0.9512456884993339
5,7,1.9209825319903238,0.30622895622895624,3564,2.193830053011576,0.28892005610098176,713,2.1917620912382874,0.2983,0.9767414554589485,0.08397804189464038,,,0.9327621933640013,,0.9328035516825931,0.0671964483174069,0.9929493085096877,0.14555405546115102,10,0.025,0.15,0.9001091918906196,0.9310801642920566,0.9404668597698482,0.9503488504723575,0.9481666639085878,0.9492440641272709,0.9562492553158339,1.0,0.9537133977830093,0.9381465191313011,0.9553644839597908,0.9481946742447844
5,8,1.905188872637572,0.31865736704446385,3441,2.19394850730896,0.27761627906976744,688,2.1922383308410645,0.2966,0.9695219436023107,0.08315224992233436,,,0.8624018349379006,,0.8624383159215065,0.13756168407849345,0.9927786760250747,0.14553079001469993,10,0.025,0.15,0.8805729569361587,0.914585750473751,0.9313117290349484,0.9398120166221738,0.9428251712862077,0.9417590616340741,0.9480718595255359,0.9537133977830093,1.0,0.9363979231514177,0.9496984857883265,0.9483519518792234
5,9,1.9192128437536735,0.31172765446910616,3334,2.1929945151011148,0.32083958020989506,667,2.192837853974934,0.2969,0.9611409198822395,0.08243718753248815,,,0.8014760234334515,,0.8015134260863824,0.19848657391361757,0.9923293007414176,0.14547785293944052,10,0.025,0.15,0.8687379772335795,0.9076400254785999,0.9206950799339622,0.9297240366475207,0.9310673126513518,0.9353335628234479,0.9388138867845638,0.9381465191313011,0.9363979231514177,1.0,0.943729183784605,0.9398940657906637
5,10,1.9495337866819822,0.30228324591175565,3241,2.198074738184611,0.2932098765432099,648,2.192191718499872,0.2966,0.9761851122253606,0.08349134175035872,,,0.8912936422686626,,0.8913287451931805,0.1086712548068195,0.9928208991469636,0.1455438257600208,10,0.025,0.15,0.893686568809838,0.9265922112703102,0.9411787074641313,0.9482211180177452,0.9476952413101948,0.9486345592003997,0.9553725235310552,0.9553644839597908,0.9496984857883265,0.943729183784605,1.0,0.9546637527548704
5,11,1.935624886035919,0.3018676796454574,3159,2.194576644897461,0.2911392405063291,632,2.1920576819890663,0.2968,0.9697157851193516,0.08317552644783785,,,0.8643850761563474,,0.8644270601244409,0.13557293987555907,0.9927848445470119,0.145532089478617,10,0.025,0.15,0.8763689912969516,0.916109196257617,0.9307208227662245,0.9379562269017877,0.9408613701497369,0.9448908785857003,0.9512456884993339,0.9481946742447844,0.9483519518792234,0.9398940657906637,0.9546637527548704,1.0
6,0,1.7922624537238367,0.35135135135135137,6845,2.1554252234372226,0.3294375456537619,1369,2.1569123539743544,0.3143,0.9407471768156623,0.08042866256112326,,,0.6,,0.6000148536911423,0.39998514630885773,0.99258061724913,0.14443908822805523,10,0.025,0.15,1.0,0.9370881490103002,0.928778689056796,0.9197698542544739,0.9158369690256192,0.8989899989789419,0.9045798495623346,0.9017979546555343,0.8830545799652663,0.873142806481654,0.8911576862306154,0.8745868636460367
6,1,1.8362592885660571,0.33703906535231837,5478,2.1603649457295737,0.31204379562043794,1096,2.1527971165089665,0.3164,0.9628019778572608,0.08305581756267401,,,0.8525349730705345,,0.8525853674638147,0.14741463253618525,0.9946797727547162,0.14514632573596528,10,0.025,0.15,0.9370881490103002,1.0,0.9408650138355744,0.9395287449473899,0.9348437665585102,0.9257113525827619,0.9308928255808555,0.9274194630434287,0.9130418132321622,0.9052928983851071,0.9176201738729033,0.9095882300780379
6,2,1.8295952301276357,0.33597510373443984,4820,2.142547845840454,0.3163900414937759,964,2.1527240729030175,0.3164,0.9712300345565765,0.08389655423145471,,,0.933350688886549,,0.9333976993282831,0.06660230067171691,0.9949172597244569,0.1451717244990121,10,0.025,0.15,0.928778689056796,0.9408650138355744,1.0,0.9472729020882849,0.9451418311474418,0.9372660053094616,0.941142845421142,0.9367240240622723,0.9261068338677136,0.9199484012845978,0.9315836355500922,0.9237223875151335
6,3,1.8521424886158535,0.3240127099409896,4406,2.1470111438206265,0.3098751418842225,881,2.1527071421659447,0.3164,0.9738156224105677,0.08413129078618947,,,0.9559147132755252,,0.9559505537125976,0.04404944628740237,0.9949611962558441,0.14517444302827653,10,0.025,0.15,0.9197698542544739,0.9395287449473899,0.9472729020882849,1.0,0.9487425683291448,0.9399810855858189,0.940810650541455,0.9429906351652297,0.9344139300613099,0.926643558513242,0.9387905910871505,0.9291165559483422
6,4,1.8550909266327367,0.3352869649805447,4112,2.1582601070404053,0.3029197080291971,822,2.152727057662191,0.3161,0.975459247009441,0.08417379056777592,,,0.9599999999038751,,0.9600270667260814,0.0399729332739186,0.9949651963984562,0.1451746143954138,10,0.025,0.15,0.9158369690256192,0.9348437665585102,0.9451418311474418,0.9487425683291448,1.0,0.9431069926667429,0.9503151057718946,0.9434065806364849,0.9398994022552415,0.9282088524067739,0.9416969108716794,0.935735760942837
6,5,1.8865317544629496,0.3152995628696323,3889,2.1644158703940257,0.3508997429305913,778,2.1530427661123155,0.3153,0.971174335018876,0.08368472036533825,,,0.9129881828130317,,0.9130233863114984,0.08697661368850162,0.9948665542716338,0.14516874836131322,10,0.025,0.15,0.8989899989789419,0.9257113525827619,0.9372660053094616,0.9399810855858189,0.9431069926667429,1.0,0.9474941514830669,0.9424432424945571,0.9323987781826052,0.9324927751620573,0.9402631819176529,0.9369674252315287
6,6,1.8830754761038155,0.32767448127189436,3711,2.152718265851339,0.30727762803234504,742,2.1527704709692848,0.3162,0.9760967869964384,0.08414408293792476,,,0.9571443573932413,,0.957188361307785,0.04281163869221505,0.9949608457728323,0.1451744887341559,10,0.025,0.15,0.9045798495623346,0.9308928255808555,0.941142845421142,0.940810650541455,0.9503151057718946,0.9474941514830669,1.0,0.9495806160842812,0.9396669780606498,0.9375824137868917,0.9470179926042683,0.9450210889791719
6,7,1.8796464051519122,0.32093153759820425,3564,2.15592888991038,0.30434782608695654,713,2.152806879598883,0.3164,0.9745381569619089,0.08395648086456192,,,0.9391111296176835,,0.9391493786205872,0.06085062137941277,0.994915382508334,0.1451732178961563,10,0.025,0.15,0.9017979546555343,0.9274194630434287,0.9367240240622723,0.9429906351652297,0.9434065806364849,0.9424432424945571,0.9495806160842812,1.0,0.9465600050143612,0.9370651148172966,0.9487507958864309,0.9393909124329797
6,8,1.8686759502799422,0.3314734088927637,3441,2.1554811000823975,0.28924418604651164,688,2.153409269791615,0.3155,0.9673728305326948,0.08320987912991126,,,0.8673441235433841,,0.8673812942516216,0.13261870574837842,0.9947259228943225,0.14515294001294254,10,0.025,0.15,0.8830545799652663,0.9130418132321622,0.9261068338677136,0.9344139300613099,0.9398994022552415,0.9323987781826052,0.9396669780606498,0.9465600050143612,1.0,0.9358504728205169,0.9421202182260907,0.9399424869682507
6,9,1.879305522971683,0.32750449910018,3334,2.1538861989974976,0.32233883058470764,667,2.154181079019474,0.3155,0.9620063152052304,0.08259076349851702,,,0.807831704516184,,0.8078592530243766,0.19214074697562344,0.9944731901728311,0.14511183063622612,10,0.025,0.15,0.873142806481654,0.9052928983851071,0.9199484012845978,0.926643558513242,0.9282088524067739,0.9324927751620573,0.9375824137868917,0.9370651148172966,0.9358504728205169,1.0,0.9380952879588513,0.9369237844833722
