round,client_id,client_i_training_loss,client_i_training_accuracy,client_i_training_dataset_size,client_i_evaluation_loss,client_i_evaluation_accuracy,client_i_evaluation_dataset_size,client_i_central_evaluation_loss,client_i_central_evaluation_accuracy,client_i_cosine_similarity,client_i_importance_coefficient,client_i_tanh_val,tanh_normalization_value,client_i_q,client_i_mask_order,client_i_v_nonzero_fraction,client_i_v_sparsity,client_i_v_cosine_similarity,client_i_reward_gradient_norm,local_epochs,learning_rate,gamma,client_0_cosine_similarity,client_1_cosine_similarity,client_2_cosine_similarity,client_3_cosine_similarity,client_4_cosine_similarity,client_5_cosine_similarity,client_6_cosine_similarity,client_7_cosine_similarity,client_8_cosine_similarity,client_9_cosine_similarity,client_10_cosine_similarity,client_11_cosine_similarity
0,0,0.28234487771770483,0.9105916727538349,8214,2.196817958077719,0.42731921110299487,1369,2.198883608126412,0.4052,0.7970662470984456,0.0859041487233729,,,0.9699999999868365,,0.9700015059484965,0.029998494051503455,0,0.38852992726791413,5,0.1,0.5,1.0,0.5762999533594465,0.5796841643070096,0.5600828283667847,0.5742758449975044,0.5790786969759499,0.5548023330348271,0.5674470507866968,0.524575706511879,0.47143626547401307,0.5605176639040907,0.5750211440462466
0,1,0.3097652465023679,0.9035594767264983,6574,2.1959882531847272,0.3795620437956204,1096,2.1988835258605763,0.4052,0.7961454894803626,0.08580491368531938,,,0.9686937265559481,,0.9687063902414538,0.031293609758546226,0,0.3885298768349424,5,0.1,0.5,0.5762999533594465,1.0,0.5776905645151021,0.5842229102682277,0.5903108737542313,0.5919988346718505,0.5799433985719167,0.5809579363220293,0.5210560678148997,0.4854430226267393,0.5907947124024026,0.5928035064149193
0,2,0.32248418420882513,0.8993947777969912,5783,2.196493233403852,0.4087136929460581,964,2.198885643444122,0.4052,0.7861225545980814,0.08472468767912919,,,0.9544742476408501,,0.9544801967772703,0.04551980322272975,0,0.388528882385294,5,0.1,0.5,0.5796841643070096,0.5776905645151021,1.0,0.5813932785403463,0.5892897939363781,0.5893078947263516,0.575949607037027,0.5774622099153157,0.5245820933768296,0.4823713410068424,0.5703345662828881,0.587933275000363
0,3,0.31078881875202286,0.9031208624929071,5287,2.197792683328901,0.4108967082860386,881,2.198885181841378,0.4052,0.7898142030668979,0.08512255663952496,,,0.9597115676654557,,0.959720897545304,0.040279102454696014,0,0.3885293418653154,5,0.1,0.5,0.5600828283667847,0.5842229102682277,0.5813932785403463,1.0,0.600197081984379,0.6110899883352886,0.5784300426971337,0.5962110260904837,0.5404841658434897,0.5048964708759578,0.6011344901056102,0.5814776079039303
0,4,0.349699372554258,0.8909827760891591,4935,2.199159869780907,0.41605839416058393,822,2.1988843888901295,0.4052,0.7923994044630381,0.08540117780310118,,,0.9633791777193415,,0.9633903920485919,0.03660960795140811,0,0.38852959196978376,5,0.1,0.5,0.5742758449975044,0.5903108737542313,0.5892897939363781,0.600197081984379,1.0,0.607850965249896,0.5900555788832528,0.5965992144179997,0.5430466590405518,0.4980762630909652,0.5893220076541221,0.603457691971235
0,5,0.33729926148965345,0.8932504821084208,4667,2.1955542373657226,0.4203084832904884,778,2.198884554945242,0.4052,0.7928907260382944,0.08545413019172064,,,0.96407621275568,,0.964093168013654,0.03590683198634603,0,0.38852964113896105,5,0.1,0.5,0.5790786969759499,0.5919988346718505,0.5893078947263516,0.6110899883352886,0.607850965249896,1.0,0.5898153324497853,0.603571350664036,0.5462102055274558,0.4872017237504786,0.599423881573675,0.5987547075443189
0,6,0.3652898866363934,0.8870873568380867,4453,2.2022062043348947,0.3975741239892183,742,2.1988837597088313,0.4053,0.7761767914361083,0.08365277888742739,,,0.9403642517926032,,0.9403845188494554,0.0596154811505446,0,0.38852700790133504,5,0.1,0.5,0.5548023330348271,0.5799433985719167,0.575949607037027,0.5784300426971337,0.5900555788832528,0.5898153324497853,1.0,0.5902102977637471,0.5519418855409157,0.5053163484562124,0.5701194141317153,0.598724482472885
0,7,0.35692808413461075,0.8909516015898995,4277,2.20052052580792,0.42075736325385693,713,2.198884583128908,0.4052,0.7833885484804582,0.08443002902435127,,,0.9505955292016015,,0.9506149289694292,0.04938507103057077,0,0.38852849654851423,5,0.1,0.5,0.5674470507866968,0.5809579363220293,0.5774622099153157,0.5962110260904837,0.5965992144179997,0.603571350664036,0.5902102977637471,1.0,0.5553212765766158,0.512695299647331,0.5893523768879385,0.5935297391665132
0,8,0.3821610226202756,0.880310002421894,4129,2.199402765794234,0.39825581395348836,688,2.198906036230703,0.4051,0.7283465492502096,0.07849785449667607,,,0.8725077678131687,,0.8725264795943979,0.12747352040560211,0,0.3884836545159055,5,0.1,0.5,0.524575706511879,0.5210560678148997,0.5245820933768296,0.5404841658434897,0.5430466590405518,0.5462102055274558,0.5519418855409157,0.5553212765766158,1.0,0.47674624697426854,0.5447529561676038,0.558077995792315
0,9,0.443459947424246,0.8631342164458885,4001,2.2036063103448775,0.3748125937031484,667,2.1989748241802376,0.4045,0.6772377400181564,0.07298958116892278,,,0.8,,0.8,0.19999999999999996,0,0.3883216270004186,5,0.1,0.5,0.47143626547401307,0.4854430226267393,0.4823713410068424,0.5048964708759578,0.4980762630909652,0.4872017237504786,0.5053163484562124,0.512695299647331,0.47674624697426854,1.0,0.507037914550447,0.5108325022117784
0,10,0.3995089080123628,0.8732836204679866,3889,2.20500541868664,0.3966049382716049,648,2.1988828471674324,0.4053,0.7754860387685347,0.0835783327292789,,,0.9393842850356131,,0.9393956126700467,0.060604387329953324,0,0.3885268221073662,5,0.1,0.5,0.5605176639040907,0.5907947124024026,0.5703345662828881,0.6011344901056102,0.5893220076541221,0.599423881573675,0.5701194141317153,0.5893523768879385,0.5447529561676038,0.507037914550447,1.0,0.595991628579753
0,11,0.3848033559516448,0.8795568451595885,3791,2.2018864512443543,0.3971518987341772,632,2.198884536663945,0.4052,0.783479292241122,0.0844398089711752,,,0.9507242668424809,,0.950740424677476,0.04925957532252401,0,0.38852850542412715,5,0.1,0.5,0.5750211440462466,0.5928035064149193,0.587933275000363,0.5814776079039303,0.603457691971235,0.5987547075443189,0.598724482472885,0.5935297391665132,0.558077995792315,0.5108325022117784,0.595991628579753,1.0
1,0,0.25437023948664245,0.9217677136596055,8214,2.041815674582193,0.7764791818845873,1369,2.0468853175068817,0.7428,0.7952160861091229,0.08457403148059961,,,0.9623772658287337,,0.9623914462125396,0.03760855378746042,0.9555857899879538,0.40421457396257693,5,0.1,0.5,1.0,0.6152476511471366,0.6083764397086875,0.6164011328984093,0.6059247190052762,0.6085931596601315,0.5992605730097629,0.6074733954950209,0.6055036188555842,0.6053838481510898,0.6102693206720962,0.619056102549091
1,1,0.27755508620508956,0.915728627928202,6574,2.044420882633754,0.7527372262773723,1096,2.046887761106887,0.7428,0.8079516477194314,0.08495206488038076,,,0.9699999999798358,,0.9700015059484965,0.029998494051503455,0.9555892867031777,0.4042151126835467,5,0.1,0.5,0.6152476511471366,1.0,0.6164450079541169,0.6210579216050337,0.618427832857332,0.6180736765042323,0.6028437034273212,0.6249890224009487,0.6220777350045937,0.6257470468659547,0.6266970293318511,0.6360759698193036
1,2,0.2906150922704056,0.9106000345841259,5783,2.0415885063909713,0.7406639004149378,964,2.0468894734550207,0.7428,0.8069169991497742,0.08420091940808114,,,0.9548537662146214,,0.9548667235580544,0.04513327644194565,0.9555856045832307,0.4042137881835999,5,0.1,0.5,0.6083764397086875,0.6164450079541169,1.0,0.6318847453174955,0.6168488641248572,0.6149769034705672,0.6013873283986241,0.6155936825008673,0.6216781478076354,0.6200476369873725,0.6349635151349071,0.6398368261447304
1,3,0.2652761267621564,0.9180631738225837,5287,2.0437872920717512,0.7468785471055619,881,2.046888191859943,0.7427,0.8174182014952805,0.08483018136621819,,,0.9675423186574943,,0.9675568495557452,0.03244315044425483,0.9555917206742665,0.4042149795339852,5,0.1,0.5,0.6164011328984093,0.6210579216050337,0.6318847453174955,1.0,0.6231480532253759,0.6346360020289481,0.6172345529402249,0.6309111350202982,0.6340882408761291,0.6353454347642753,0.635071750110393,0.6436413788232667
1,4,0.31444610560132613,0.9034245187436677,4935,2.048711726298699,0.7153284671532847,822,2.046885313698278,0.7427,0.802765419703176,0.0845041006619335,,,0.9609671680967099,,0.9609808744540936,0.039019125545906364,0.9555872761539576,0.40421444522730343,5,0.1,0.5,0.6059247190052762,0.618427832857332,0.6168488641248572,0.6231480532253759,1.0,0.6078090006305854,0.5974911378681814,0.6185037288608658,0.6130595233437618,0.6233764872973659,0.6204272994849458,0.6340332240223528
1,5,0.29642330909479564,0.9097493036211699,4667,2.0448233604431154,0.7403598971722365,778,2.046887504407011,0.7427,0.8102738972230364,0.08480076098419055,,,0.9669490807294425,,0.9669594899854425,0.033040510014557545,0.9555900748787703,0.40421492702649703,5,0.1,0.5,0.6085931596601315,0.6180736765042323,0.6149769034705672,0.6346360020289481,0.6078090006305854,1.0,0.6117454401690198,0.6261340637297222,0.6260404507984874,0.6286349207084468,0.6371203462209777,0.6387299786633758
1,6,0.3377310940570065,0.898360655737705,4453,2.0485205004612603,0.7345013477088949,742,2.0469018971196378,0.7427,0.7936359186862288,0.08302859602003039,,,0.9312148244401552,,0.9312333718186838,0.06876662818131618,0.9555837152208088,0.40420871042501244,5,0.1,0.5,0.5992605730097629,0.6028437034273212,0.6013873283986241,0.6172345529402249,0.5974911378681814,0.6117454401690198,1.0,0.6159379081870533,0.6045088167345904,0.6124383860325034,0.6168926826811728,0.6185362013176392
1,7,0.3177674727375383,0.9031564180500351,4277,2.0519161949986997,0.729312762973352,713,2.046889134489309,0.7428,0.8099331149958249,0.08411094481887045,,,0.9530395022519538,,0.9530545655338587,0.0469454344661413,0.9555850228715025,0.40421356901482425,5,0.1,0.5,0.6074733954950209,0.6249890224009487,0.6155936825008673,0.6309111350202982,0.6185037288608658,0.6261340637297222,0.6159379081870533,1.0,0.621213365607226,0.6239503495731855,0.627266778276585,0.6405696676105113
1,8,0.3226665087944667,0.9009445386292081,4129,2.0479605197906494,0.7354651162790697,688,2.046955598428988,0.7426,0.8077220446377708,0.08010687878231615,,,0.8723007872659762,,0.8723156468048793,0.12768435319512073,0.9553731383272329,0.40416499237329895,5,0.1,0.5,0.6055036188555842,0.6220777350045937,0.6216781478076354,0.6340882408761291,0.6130595233437618,0.6260404507984874,0.6045088167345904,0.621213365607226,1.0,0.636623505157774,0.6352125607532773,0.6397703960349355
1,9,0.3425852427665617,0.8939765058735316,4001,2.052566880271548,0.7361319340329835,667,2.04719070885509,0.743,0.8094672827827848,0.0765212739487724,,,0.8,,0.8,0.19999999999999996,0.954740841474818,0.40398173514588326,5,0.1,0.5,0.6053838481510898,0.6257470468659547,0.6200476369873725,0.6353454347642753,0.6233764872973659,0.6286349207084468,0.6124383860325034,0.6239503495731855,0.636623505157774,1.0,0.6442014414184518,0.6443958965739643
1,10,0.3424117469244072,0.8960143995885832,3889,2.055696589606149,0.7407407407407407,648,2.0468875089773353,0.7428,0.8163804222991412,0.08377176571731605,,,0.9462002332290166,,0.9462225791877917,0.053777420812208265,0.9555847936974713,0.4042124646866104,5,0.1,0.5,0.6102693206720962,0.6266970293318511,0.6349635151349071,0.635071750110393,0.6204272994849458,0.6371203462209777,0.6168926826811728,0.627266778276585,0.6352125607532773,0.6442014414184518,1.0,0.6333179401438063
1,11,0.33165682641585836,0.8968609865470852,3791,2.052769309282303,0.7357594936708861,632,2.0468860163856237,0.7428,0.8237403040880931,0.08459848193129083,,,0.9628702891584227,,0.9628833893880829,0.03711661061191707,0.9555843910991157,0.4042146156338844,5,0.1,0.5,0.619056102549091,0.6360759698193036,0.6398368261447304,0.6436413788232667,0.6340332240223528,0.6387299786633758,0.6185362013176392,0.6405696676105113,0.6397703960349355,0.6443958965739643,0.6333179401438063,1.0
2,0,0.23343149479152453,0.9300949598246896,8214,1.8485133370687796,0.9086924762600438,1369,1.8573248207378692,0.8762,0.7981338472555263,0.08403159012881262,,,0.9497588871590958,,0.9497715978113549,0.050228402188645105,0.9665581410630708,0.4010551381637052,5,0.1,0.5,1.0,0.6261452105197867,0.6219306148413867,0.6120197988951063,0.617188678802315,0.6187204481943779,0.6072584139731221,0.6154919921918278,0.5123556482319707,0.6014327182379223,0.6232636029442772,0.6153250712497645
2,1,0.24935522790889716,0.92464253118345,6574,1.8553956406457084,0.8713503649635036,1096,1.857331590911451,0.8762,0.80934225626574,0.0846741691928402,,,0.9655391310229409,,0.9655589578836404,0.034441042116359566,0.9665596380463034,0.40105732660524374,5,0.1,0.5,0.6261452105197867,1.0,0.6269411822557728,0.6271470053085054,0.6303007328904138,0.6288675106950276,0.6140936598322619,0.622875969934748,0.5189868421377386,0.6213018036021279,0.6367271248359911,0.6248691667290297
2,2,0.26025702520710986,0.9233269929102542,5783,1.8488986299883934,0.8879668049792531,964,1.8573304091017848,0.8762,0.8074091960617329,0.08410797616019416,,,0.9516347500224718,,0.9516540334320567,0.04834596656794332,0.9665595093533751,0.40105550054175215,5,0.1,0.5,0.6219306148413867,0.6269411822557728,1.0,0.6243884374928053,0.6265410070177486,0.6287761183041998,0.6140604214080422,0.6227488789693925,0.5254740396191925,0.6144604006233774,0.6329682293015831,0.6246065314300862
2,3,0.2408160337078643,0.9254019292604502,5287,1.8522777089050837,0.8796821793416572,881,1.8573323019777244,0.8762,0.8129977757124405,0.08472097916123934,,,0.9666886747257306,,0.966703478741027,0.03329652125897298,0.9665605228918674,0.40105742627109553,5,0.1,0.5,0.6120197988951063,0.6271470053085054,0.6243884374928053,1.0,0.6275346242880573,0.6398787610303132,0.6217741101071269,0.6313475655909361,0.5356017658227271,0.6225553510915989,0.642678482152711,0.6297329816371382
2,4,0.2808907520608796,0.9146099290780142,4935,1.8604647654753466,0.8746958637469586,822,1.8573247060989038,0.8762,0.8127781669666234,0.08449683549043865,,,0.9611842286835539,,0.9612017469002561,0.03879825309974394,0.9665595308241722,0.4010568741508157,5,0.1,0.5,0.617188678802315,0.6303007328904138,0.6265410070177486,0.6275346242880573,1.0,0.6373168989221619,0.6207017269169836,0.6340014413395105,0.532236040871887,0.6231948988527176,0.6333460520756213,0.631441338462031
2,5,0.2633503508179972,0.9217055924576816,4667,1.857161283493042,0.8817480719794345,778,1.8573324646050937,0.8762,0.8174159382528386,0.08485581790631892,,,0.9699999999754423,,0.9700015059484965,0.029998494051503455,0.9665616727284316,0.40105768306697204,5,0.1,0.5,0.6187204481943779,0.6288675106950276,0.6287761183041998,0.6398787610303132,0.6373168989221619,1.0,0.6171338368506027,0.6349004704912952,0.5373691761768513,0.6285890780687072,0.6465530363365448,0.6392378401719686
2,6,0.29586205354559103,0.9119694587918258,4453,1.857286458214124,0.876010781671159,742,1.857337795888273,0.8762,0.802622611777577,0.08316248018591076,,,0.9284155729877286,,0.9284272877867576,0.07157271221324235,0.9665498722266862,0.4010484642243072,5,0.1,0.5,0.6072584139731221,0.6140936598322619,0.6140604214080422,0.6217741101071269,0.6207017269169836,0.6171338368506027,1.0,0.6226696726495731,0.5316759025054647,0.6261840986010726,0.6305444438754816,0.6182663278217165
2,7,0.2807268438860774,0.9155950432546177,4277,1.8672278290209563,0.8429172510518934,713,1.857328942408577,0.8762,0.8141998149461909,0.08428550874821782,,,0.9559945365291054,,0.9560062245871191,0.04399377541288085,0.9665607182061333,0.40105618419206723,5,0.1,0.5,0.6154919921918278,0.622875969934748,0.6227488789693925,0.6313475655909361,0.6340014413395105,0.6349004704912952,0.6226696726495731,1.0,0.5349784297484537,0.6250831708685508,0.6447705346343902,0.6405976124033095
2,8,0.3478682813843569,0.9023976749818358,4129,1.858923527327451,0.8648255813953488,688,1.8575865586344806,0.8761,0.7084736483269152,0.07793333674497323,,,0.8,,0.8,0.19999999999999996,0.9660145601631143,0.40078350198823814,5,0.1,0.5,0.5123556482319707,0.5189868421377386,0.5254740396191925,0.5356017658227271,0.532236040871887,0.5373691761768513,0.5316759025054647,0.5349784297484537,1.0,0.5359588947902102,0.5349317048295792,0.5385266164444016
2,9,0.304622591298724,0.9054236440889778,4001,1.8633156560716175,0.8650674662668666,667,1.857896161536439,0.8761,0.802539391137666,0.07883964853288003,,,0.8222569047615795,,0.8222729782641434,0.17772702173585664,0.9658564554823179,0.40087132068819503,5,0.1,0.5,0.6014327182379223,0.6213018036021279,0.6144604006233774,0.6225553510915989,0.6231948988527176,0.6285890780687072,0.6261840986010726,0.6250831708685508,0.5359588947902102,1.0,0.6276870128450953,0.6260367874330726
2,10,0.30405593964225447,0.9081511956801235,3889,1.8685533546266102,0.8611111111111112,648,1.8573291617841385,0.8762,0.8206029158456758,0.08428406566427002,,,0.9559590977513938,,0.9559761056171879,0.04402389438281207,0.9665630860000943,0.4010561820953732,5,0.1,0.5,0.6232636029442772,0.6367271248359911,0.6329682293015831,0.642678482152711,0.6333460520756213,0.6465530363365448,0.6305444438754816,0.6447705346343902,0.5349317048295792,0.6276870128450953,1.0,0.6384554749963213
2,11,0.2944128386238042,0.9119493537325244,3791,1.8665939092636108,0.865506329113924,632,1.8573293175560217,0.8762,0.8141548508065156,0.08460759208390413,,,0.963904152428749,,0.9639174740223885,0.036082525977611524,0.9665594183947044,0.40105714931231595,5,0.1,0.5,0.6153250712497645,0.6248691667290297,0.6246065314300862,0.6297329816371382,0.631441338462031,0.6392378401719686,0.6182663278217165,0.6405976124033095,0.5385266164444016,0.6260367874330726,0.6384554749963213,1.0
3,0,0.21637974686536518,0.9354760165570977,8214,1.6216309264648792,0.9386413440467495,1369,1.6345636970318926,0.9188,0.7958339327476033,0.08365250078296445,,,0.9447178108721341,,0.944726670347874,0.055273329652125947,0.9680139845970892,0.40015079752550686,5,0.1,0.5,1.0,0.6137939583325545,0.6110837477446374,0.6156333596747765,0.6105994197478948,0.6100793435089017,0.6021660369522782,0.599593580811895,0.549542959300111,0.5997066340294285,0.6110575206141021,0.611859913403801
3,1,0.22635487400501678,0.9323699421965318,6574,1.6329941102436611,0.9178832116788321,1096,1.6345741585039864,0.9189,0.8047017521389618,0.08438946102055211,,,0.9631119959967026,,0.9631243411475328,0.03687565885246724,0.9680209022402884,0.40015388252379935,5,0.1,0.5,0.6137939583325545,1.0,0.6096473624805756,0.6177902123962514,0.6231707762490952,0.6152860979386712,0.6120360497825764,0.6122377152425933,0.5591109205104347,0.6149982892546583,0.618250160811372,0.6217744697708871
3,2,0.24025328890600586,0.9284454435414145,5783,1.6234423306680494,0.9284232365145229,964,1.634568380852477,0.9189,0.7959375655910135,0.08370687089602476,,,0.94607486363274,,0.9460920636514232,0.053907936348576824,0.9680142135714146,0.4001511261370374,5,0.1,0.5,0.6110837477446374,0.6096473624805756,1.0,0.6159343691426411,0.6113656237130483,0.6064120928932163,0.5990291292779866,0.5952622749090302,0.5484218634341769,0.6094656858747038,0.6136793895402225,0.6159755422717185
3,3,0.2172428108201957,0.9341025156043125,5287,1.6276182872908456,0.9194097616345063,881,1.6345811499574314,0.9189,0.8106645449343731,0.084629050552236,,,0.9690920393897192,,0.9691029566788816,0.030897043321118423,0.9680211529532154,0.40015441945745334,5,0.1,0.5,0.6156333596747765,0.6177902123962514,0.6159343691426411,1.0,0.6208841114122431,0.6296859758897013,0.6141262171557706,0.6157625489865611,0.5681701580774643,0.6213400990434266,0.6314957654126728,0.6247154730260507
3,4,0.25143123482924795,0.9252684903748734,4935,1.6389109859099755,0.9184914841849149,822,1.6345651793403748,0.9188,0.8081911252101929,0.08439365801702642,,,0.9632167510786975,,0.963229757542292,0.03677024245770799,0.9680213249879001,0.4001538886389763,5,0.1,0.5,0.6105994197478948,0.6231707762490952,0.6113656237130483,0.6208841114122431,1.0,0.6153258778295508,0.6158403472850504,0.6209145314902828,0.5658140527775988,0.6238400465782337,0.618438790475744,0.6269129565336891
3,5,0.2406716959200136,0.9291622026998072,4667,1.63596839427948,0.9305912596401028,778,1.634580890591533,0.9189,0.808455733402549,0.08464139770837507,,,0.9694002186702289,,0.9694091662065157,0.030590833793484262,0.968022253719911,0.40015443266936995,5,0.1,0.5,0.6100793435089017,0.6152860979386712,0.6064120928932163,0.6296859758897013,0.6153258778295508,1.0,0.6131693843149693,0.6189201459145717,0.5607878749028734,0.6231071481924202,0.6297027727057669,0.6310056486562247
3,6,0.2677677908486554,0.9205030316640467,4453,1.6330588907003403,0.9177897574123989,742,1.6345816252711483,0.9189,0.7999585102189166,0.0832193310903585,,,0.9339060966034952,,0.933918979970885,0.06608102002911498,0.9679856776242394,0.40014768311839877,5,0.1,0.5,0.6021660369522782,0.6120360497825764,0.5990291292779866,0.6141262171557706,0.6158403472850504,0.6131693843149693,1.0,0.6059257982545894,0.5619200534382598,0.6202815086238055,0.6117281263268949,0.6243308954315375
3,7,0.25405290050348683,0.9275660509703063,4277,1.6497193989546404,0.8976157082748948,713,1.6345699244794754,0.9189,0.8019745448982434,0.08403589908349654,,,0.9542872543193368,,0.9542994829576829,0.045700517042317146,0.9680208074613544,0.40015270908423767,5,0.1,0.5,0.599593580811895,0.6122377152425933,0.5952622749090302,0.6157625489865611,0.6209145314902828,0.6189201459145717,0.6059257982545894,1.0,0.5691859878237412,0.6138300336312158,0.6130303587866387,0.6298157280919715
3,8,0.3045018142378943,0.9123758779365464,4129,1.6360760710456155,0.9156976744186046,688,1.6350904786929537,0.919,0.7458770662099612,0.07785440363643498,,,0.8,,0.8,0.19999999999999996,0.967059796634044,0.3998793711382485,5,0.1,0.5,0.549542959300111,0.5591109205104347,0.5484218634341769,0.5681701580774643,0.5658140527775988,0.5607878749028734,0.5619200534382598,0.5691859878237412,1.0,0.5675104394970503,0.5680199142919731,0.5732135682621681
3,9,0.26820884137162626,0.9207198200449888,4001,1.6419315508433752,0.9115442278860569,667,1.6353164469472135,0.919,0.8046247194838867,0.08051064302662245,,,0.8662985010401825,,0.866311932131921,0.13368806786807896,0.9675190736755438,0.4000832143243301,5,0.1,0.5,0.5997066340294285,0.6149982892546583,0.6094656858747038,0.6213400990434266,0.6238400465782337,0.6231071481924202,0.6202815086238055,0.6138300336312158,0.5675104394970503,1.0,0.6277315358427458,0.6228275020648893
3,10,0.27023243801668284,0.9197737207508357,3889,1.6477807135809035,0.9058641975308642,648,1.6345729595556047,0.9189,0.8095939538809108,0.08430135633051145,,,0.9609129438683874,,0.9609306761708749,0.03906932382912509,0.9680214322459152,0.4001536232354333,5,0.1,0.5,0.6110575206141021,0.618250160811372,0.6136793895402225,0.6314957654126728,0.618438790475744,0.6297027727057669,0.6117281263268949,0.6130303587866387,0.5680199142919731,0.6277315358427458,1.0,0.6245045104231662
3,11,0.2642143637442789,0.921392772355579,3791,1.647345060110092,0.8955696202531646,632,1.6345778254274361,0.9188,0.8138592783688445,0.08466542785539714,,,0.9699999999750404,,0.9700015059484965,0.029998494051503455,0.9680215920724727,0.40015447142479,5,0.1,0.5,0.611859913403801,0.6217744697708871,0.6159755422717185,0.6247154730260507,0.6269129565336891,0.6310056486562247,0.6243308954315375,0.6298157280919715,0.5732135682621681,0.6228275020648893,0.6245045104231662,1.0
4,0,0.20228717873989085,0.9373752130508888,8214,1.3843421464742616,0.9547114682249818,1369,1.401100842716595,0.9368,0.7807466505617193,0.08363821378505355,,,0.9417994047159991,,0.9418151699211887,0.058184830078811256,0.9669747171412225,0.38944813308379356,5,0.1,0.5,1.0,0.5966654010537223,0.5888965420228192,0.5884926065487801,0.5816983468290726,0.5939694708731983,0.5881282000200653,0.5864077065399789,0.5392911893698582,0.4476394618924434,0.589152613350042,0.5875398717320771
4,1,0.21541969799572258,0.93614237906906,6574,1.399697436605181,0.9324817518248175,1096,1.4010975353253154,0.9368,0.7968085637829734,0.08469912496868945,,,0.9633151767217101,,0.9633251342804076,0.03667486571959244,0.9669915108269785,0.38945201330099694,5,0.1,0.5,0.5966654010537223,1.0,0.6031423682433553,0.6039079336769224,0.6048631221330909,0.610648556781869,0.6040970470576972,0.5979006457281217,0.5450358948553168,0.4598062076169492,0.6070552054651186,0.6007563155625244
4,2,0.21438187562155625,0.9360885353622688,5783,1.3876257827205043,0.9429460580912863,964,1.4010947485701344,0.9368,0.7905945994067552,0.08402218444294417,,,0.9495865081601764,,0.9496009236484112,0.0503990763515888,0.9669840136552108,0.38945004258099297,5,0.1,0.5,0.5888965420228192,0.6031423682433553,1.0,0.5974671067863838,0.589899148997961,0.5988116379427835,0.5984841675612612,0.597488145814413,0.5437599954127674,0.460333431143089,0.597571922393925,0.6036928644625333
4,3,0.202688465940104,0.9396633251371288,5287,1.3928091440882002,0.9375709421112373,881,1.401104684074085,0.9368,0.8003746471912896,0.08498560493279567,,,0.9691251235739897,,0.9691380954771347,0.030861904522865302,0.966993293876414,0.3894525110296744,5,0.1,0.5,0.5884926065487801,0.6039079336769224,0.5974671067863838,1.0,0.6042764522062796,0.6126028907930652,0.6086071440498065,0.6063343128672458,0.5540994101095906,0.45920726892584995,0.6209812607666418,0.6103247567838966
4,4,0.23765881096583702,0.9278622087132725,4935,1.4066949853530297,0.9355231143552312,822,1.4010883756338979,0.9368,0.7909860461704481,0.0844964725632499,,,0.9592052917293554,,0.9592189147131168,0.04078108528688318,0.9669888472140205,0.38945155146852184,5,0.1,0.5,0.5816983468290726,0.6048631221330909,0.589899148997961,0.6042764522062796,1.0,0.5967174218617882,0.5968307149375077,0.6029548833752597,0.5497562170312718,0.454481828910928,0.5964935365790616,0.6019750625920917
4,5,0.21896170700249606,0.9360617098778659,4667,1.4033494901657104,0.9498714652956298,778,1.4011056910688504,0.9368,0.800758592184382,0.08500743215401683,,,0.9695677897675004,,0.9695798403694593,0.030420159630540677,0.9669938526153714,0.3894525436097333,5,0.1,0.5,0.5939694708731983,0.610648556781869,0.5988116379427835,0.6126028907930652,0.5967174218617882,1.0,0.6040059169748737,0.606394418740434,0.5620904380308513,0.4562846246949267,0.6147122295595857,0.6140120528639261
4,6,0.23790394644252955,0.930204356613519,4453,1.3979440480470657,0.9380053908355795,742,1.4011092951503425,0.9368,0.7971529835109487,0.0839267342661517,,,0.9476507342014806,,0.9476682897444907,0.05233171025550931,0.9669714327545536,0.38944963988936926,5,0.1,0.5,0.5881282000200653,0.6040970470576972,0.5984841675612612,0.6086071440498065,0.5968307149375077,0.6040059169748737,1.0,0.5993591504969121,0.5598128577055607,0.4693237418511661,0.601980278562469,0.6133540055592246
4,7,0.23162845848406205,0.933037175590367,4277,1.42144645297009,0.9158485273492286,713,1.401093241124869,0.9368,0.7950228694587009,0.08439905597596921,,,0.957229638051804,,0.9572461221826214,0.042753877817378605,0.9669868180225759,0.38945129452113797,5,0.1,0.5,0.5864077065399789,0.5979006457281217,0.597488145814413,0.6063343128672458,0.6029548833752597,0.606394418740434,0.5993591504969121,1.0,0.55594412824711,0.4529847723364472,0.6020301768408612,0.6115787055195487
4,8,0.27880041839768704,0.9185759263744248,4129,1.4019117463718762,0.934593023255814,688,1.4018468651146934,0.9368,0.7427497695633808,0.07840988264727868,,,0.8357664186697978,,0.8357863561066211,0.1642136438933789,0.9662580194061702,0.3893130257895379,5,0.1,0.5,0.5392911893698582,0.5450358948553168,0.5437599954127674,0.5540994101095906,0.5497562170312718,0.5620904380308513,0.5598128577055607,0.55594412824711,1.0,0.4401661781768175,0.5594667269843545,0.5584342981611955
4,9,0.3399706966095855,0.9062734316420895,4001,1.4099284807840984,0.9250374812593704,667,1.4022141710256997,0.9367,0.6423045225570638,0.07664629296268263,,,0.8,,0.8,0.19999999999999996,0.966325833121386,0.38918390526929375,5,0.1,0.5,0.4476394618924434,0.4598062076169492,0.460333431143089,0.45920726892584995,0.454481828910928,0.4562846246949267,0.4693237418511661,0.4529847723364472,0.4401661781768175,1.0,0.4613852391508804,0.4591743758785483
4,10,0.25044546988105676,0.9236307534070455,3889,1.4149253425144015,0.9290123456790124,648,1.4010970714374091,0.9368,0.7996481686205176,0.08474025749504316,,,0.9641493634780531,,0.9641584257818383,0.0358415742181617,0.9669896275871445,0.38945210029482424,5,0.1,0.5,0.589152613350042,0.6070552054651186,0.597571922393925,0.6209812607666418,0.5964935365790616,0.6147122295595857,0.601980278562469,0.6020301768408612,0.5594667269843545,0.4613852391508804,1.0,0.6106438746011843
4,11,0.24035954787356764,0.927090477446584,3791,1.4174180686473847,0.9256329113924051,632,1.4011028784151656,0.9368,0.8009059501256612,0.08502874380612503,,,0.9699999999797195,,0.9700015059484965,0.029998494051503455,0.9669942057797252,0.3894525594433138,5,0.1,0.5,0.5875398717320771,0.6007563155625244,0.6036928644625333,0.6103247567838966,0.6019750625920917,0.6140120528639261,0.6133540055592246,0.6115787055195487,0.5584342981611955,0.4591743758785483,0.6106438746011843,1.0
5,0,0.188649111057012,0.9414414414414415,8214,1.1288681834243064,0.9620160701241782,1369,1.1489617188517658,0.9476,0.769406745342613,0.08306913927562411,,,0.927316425848345,,0.9273329652125897,0.07266703478741032,0.9656614208443615,0.39138032236574993,5,0.1,0.5,1.0,0.5725868868444085,0.5729816596568329,0.5631905814128445,0.5619883049177461,0.5699195466720414,0.5657288859385502,0.559891476330186,0.5717543787879874,0.551036722250075,0.5686544282579306,0.5670295991997006
5,1,0.19724175587558704,0.9414359598418011,6574,1.147550368309021,0.947992700729927,1096,1.1489207171403562,0.9476,0.7847287270541318,0.08431874429374389,,,0.9617272852295937,,0.9617438883590181,0.03825611164098186,0.9656928976917372,0.3913894912495402,5,0.1,0.5,0.5725868868444085,1.0,0.5816487946167145,0.5818889100091531,0.5820330756838972,0.5780318270949147,0.5773927589644525,0.571756755090262,0.5768620637214266,0.5762827729580966,0.5859672947871057,0.5794577108120721
5,2,0.20429393011479746,0.9398927892097527,5783,1.133651158502025,0.9512448132780082,964,1.1489279616755037,0.9476,0.7824472507590982,0.08378538527592179,,,0.947039970521453,,0.9470558706892225,0.05294412931077752,0.9656785606189033,0.3913871220832863,5,0.1,0.5,0.5729816596568329,0.5816487946167145,1.0,0.5787652640182227,0.5763410205408042,0.5765425348208341,0.577117441628817,0.567379820570116,0.5822863475954744,0.5719781474629816,0.5852416037430471,0.5758816619687955
5,3,0.18166678304761558,0.9452241346699451,5287,1.1389462990420205,0.9477866061293984,881,1.1489286929273759,0.9476,0.7878151848951139,0.08461916183756715,,,0.9699999999724626,,0.9700015059484965,0.029998494051503455,0.9656969948083579,0.39139016012007166,5,0.1,0.5,0.5631905814128445,0.5818889100091531,0.5787652640182227,1.0,0.5795500613948701,0.5847742578661613,0.5803676638267287,0.5866195562059506,0.5896535738973364,0.5714590743040842,0.5958806998254313,0.5792654653983141
5,4,0.21668866976254408,0.9366160081053698,4935,1.1556526376650884,0.948905109489051,822,1.1489177523329617,0.9476,0.7811053893980127,0.08405551429099133,,,0.9544786182681939,,0.954490236433914,0.04550976356608605,0.9656878012888997,0.3913885133615433,5,0.1,0.5,0.5619883049177461,0.5820330756838972,0.5763410205408042,0.5795500613948701,1.0,0.5731051483156354,0.5745767585132823,0.5796668591034112,0.5821306227674014,0.5683677575542783,0.5795218936113343,0.5736582006936122
5,5,0.198338526200299,0.9412470537818727,4667,1.1509518003463746,0.9575835475578406,778,1.1489294348433376,0.9476,0.7871355503419615,0.08460983126723468,,,0.969743060428365,,0.969750514532403,0.03024948546759698,0.9656972495865794,0.39139015038488434,5,0.1,0.5,0.5699195466720414,0.5780318270949147,0.5765425348208341,0.5847742578661613,0.5731051483156354,1.0,0.575889190934713,0.5802558648592754,0.589644822959759,0.5695527813675172,0.5987815058823379,0.588298784971537
5,6,0.22192994075893824,0.9357287222097462,4453,1.1443104495604832,0.944743935309973,742,1.1489488726225905,0.9477,0.7835222410173115,0.08375937257815518,,,0.9463236487461765,,0.9463380352391948,0.0536619647608052,0.9656775763247146,0.39138692834182126,5,0.1,0.5,0.5657288859385502,0.5773927589644525,0.577117441628817,0.5803676638267287,0.5745767585132823,0.575889190934713,1.0,0.5767816385471667,0.5874885141016966,0.5753977703448286,0.5857462922330592,0.580716444306689
5,7,0.21475072430669148,0.9367313537526304,4277,1.1740169369656106,0.9298737727910238,713,1.148925894365524,0.9476,0.780775535384966,0.08397870610860445,,,0.9523635214775128,,0.9523768887104062,0.047623111289593845,0.9656857409994671,0.391388163682755,5,0.1,0.5,0.559891476330186,0.571756755090262,0.567379820570116,0.5866195562059506,0.5796668591034112,0.5802558648592754,0.5767816385471667,1.0,0.5828640768895285,0.5624137590841227,0.5811195725012576,0.5789645241778183
5,8,0.2175660895758651,0.936594817147009,4129,1.1493687304583462,0.9447674418604651,688,1.1499053694950505,0.9474,0.7877440169242921,0.08021622792576563,,,0.8487546964509536,,0.8487676321469806,0.1512323678530194,0.9652242127451729,0.39128137592186646,5,0.1,0.5,0.5717543787879874,0.5768620637214266,0.5822863475954744,0.5896535738973364,0.5821306227674014,0.589644822959759,0.5874885141016966,0.5828640768895285,1.0,0.5815066872149707,0.5932076274210156,0.5863210505334522
5,9,0.23391861705324754,0.9298175456135966,4001,1.1591014038948786,0.9370314842578711,667,1.1503791879541196,0.9476,0.7709837228426986,0.07844573702732509,,,0.8,,0.8,0.19999999999999996,0.9647365461065446,0.3911237743857804,5,0.1,0.5,0.551036722250075,0.5762827729580966,0.5719781474629816,0.5714590743040842,0.5683677575542783,0.5695527813675172,0.5753977703448286,0.5624137590841227,0.5815066872149707,1.0,0.5781255583077648,0.5710592791545035
5,10,0.22612525745920958,0.9327333504757007,3889,1.1639859506062098,0.9429012345679012,648,1.1489230403884911,0.9476,0.7920996815489322,0.08460587995328907,,,0.9696342515594969,,0.9696450981376437,0.030354901862356343,0.9656967034415828,0.39139014639832137,5,0.1,0.5,0.5686544282579306,0.5859672947871057,0.5852416037430471,0.5958806998254313,0.5795218936113343,0.5987815058823379,0.5857462922330592,0.5811195725012576,0.5932076274210156,0.5781255583077648,1.0,0.580926142650074
5,11,0.2177331695129641,0.9357425481403324,3791,1.16907399892807,0.9382911392405063,632,1.148926773581642,0.9476,0.784642903995889,0.08453630016577753,,,0.9677182058897704,,0.9677325435470107,0.03226745645298934,0.9656964319805382,0.3913900132302557,5,0.1,0.5,0.5670295991997006,0.5794577108120721,0.5758816619687955,0.5792654653983141,0.5736582006936122,0.588298784971537,0.580716444306689,0.5789645241778183,0.5863210505334522,0.5710592791545035,0.580926142650074,1.0
6,0,0.18046548088055814,0.9454346238130021,8214,0.9015809145084647,0.9671292914536158,1369,0.9239249473181776,0.9528,0.7602392477263055,0.08347780579691243,,,0.9475725380448767,,0.9475879724913407,0.052412027508659254,0.9646469187830464,0.3761034713112248,5,0.1,0.5,1.0,0.556077091138243,0.550229415188048,0.5466045663123122,0.5506600818158592,0.5495205194321265,0.5402929570365045,0.5419684976256326,0.5472166786916549,0.37028396947079356,0.5570383248079077,0.5433382318638925
6,1,0.18631080136525907,0.9442348646181928,6574,0.9217214124543326,0.9516423357664233,1096,0.9238738966064332,0.9528,0.7723474628307967,0.08475754535390473,,,0.9657055254217285,,0.9657246122182621,0.03427538778173789,0.964676051729203,0.3761065824105954,5,0.1,0.5,0.556077091138243,1.0,0.5608007385585863,0.5479221336523512,0.5604905442831983,0.5647769899243846,0.554142086972006,0.5516861121827968,0.5580986166884528,0.37683325071311863,0.5703932191684944,0.5545317063335808
6,2,0.19114202290917465,0.9435932906795781,5783,0.9082954718220618,0.9522821576763485,964,0.9238862572386622,0.9528,0.7661693791671752,0.08417526986145388,,,0.9574551012656789,,0.9574669946287837,0.04253300537121629,0.964674316400177,0.37610544519236977,5,0.1,0.5,0.550229415188048,0.5608007385585863,1.0,0.5573116554904545,0.5469335055582071,0.5543972896502536,0.5510366644668285,0.5482942892655728,0.550871431593325,0.3693281887697919,0.5556687342881588,0.5575505272564536
6,3,0.17043894666460263,0.9479099678456592,5287,0.9127168144498553,0.9511918274687855,881,0.9238789949935085,0.9528,0.768078905599726,0.08480892582897796,,,0.9664335497301348,,0.9664474674966116,0.03355253250338841,0.9646807465557427,0.37610664882129496,5,0.1,0.5,0.5466045663123122,0.5479221336523512,0.5573116554904545,1.0,0.5517727807899148,0.5561905116618981,0.5517184709167524,0.5578984632012032,0.5618579434478119,0.36256265559635875,0.5681192563478328,0.55315229146142
6,4,0.20287958110562496,0.9385207700101317,4935,0.9313435646203848,0.9562043795620438,822,0.9238751062189048,0.9528,0.7693981747221582,0.08447373586658048,,,0.9616841494917882,,0.9617037297324431,0.03829627026755689,0.9646761570880018,0.37610609576068765,5,0.1,0.5,0.5506600818158592,0.5604905442831983,0.5469335055582071,0.5517727807899148,1.0,0.5625479855619481,0.5596520114631858,0.5574959532016583,0.5592557971634905,0.37007718926001043,0.5552140554221682,0.5562327636715088
6,5,0.18210976831072762,0.9471180629955003,4667,0.9242018485069274,0.9601542416452442,778,0.9238805277659871,0.9528,0.7728615326178849,0.08497331988445893,,,0.9687628950383879,,0.9687766678379599,0.031223332162040096,0.9646812442956643,0.37610688475876813,5,0.1,0.5,0.5495205194321265,0.5647769899243846,0.5543972896502536,0.5561905116618981,0.5625479855619481,1.0,0.5549499927274518,0.5556333159062153,0.5642350096208294,0.3647393713375959,0.5691751904736938,0.5619716108243932
6,6,0.20748723732706692,0.9395014596900966,4453,0.9185116663575172,0.9514824797843666,742,0.9239100442526821,0.9529,0.7671286774570174,0.08419187070068444,,,0.9576903231954601,,0.9577029265599116,0.04229707344008837,0.9646736045341006,0.3761055022005768,5,0.1,0.5,0.5402929570365045,0.554142086972006,0.5510366644668285,0.5517184709167524,0.5596520114631858,0.5549499927274518,1.0,0.5476078712892543,0.5633790062831417,0.37701963397484783,0.5557355796343623,0.5566387552347752
6,7,0.19756938397411758,0.9430441898527004,4277,0.952344228392062,0.9368863955119214,713,0.9238838105917738,0.9528,0.765094967727936,0.08426803341224019,,,0.9587694939374141,,0.958782189649114,0.04121781035088601,0.9646781768214973,0.3761056688235515,5,0.1,0.5,0.5419684976256326,0.5516861121827968,0.5482942892655728,0.5578984632012032,0.5574959532016583,0.5556333159062153,0.5476078712892543,1.0,0.559707658154863,0.359778350919107,0.5553356167659175,0.5560469546272004
6,8,0.1991660249032314,0.9407120368127876,4129,0.923505498604341,0.9563953488372093,688,0.9249179243279723,0.9529,0.771991428990703,0.08196238379528252,,,0.9261001002539085,,0.9261231865870188,0.07387681341298125,0.9643762672875693,0.37609522548208213,5,0.1,0.5,0.5472166786916549,0.5580986166884528,0.550871431593325,0.5618579434478119,0.5592557971634905,0.5642350096208294,0.5633790062831417,0.559707658154863,1.0,0.3742374627829958,0.5731299636560131,0.5617265289899174
6,9,0.3105120801959192,0.9186203449137715,4001,0.9361883032889593,0.9415292353823088,667,0.9256338383823919,0.9528,0.5563183792414393,0.0730628415917937,,,0.8,,0.8,0.19999999999999996,0.9637547951830306,0.37582521211467124,5,0.1,0.5,0.37028396947079356,0.37683325071311863,0.3693281887697919,0.36256265559635875,0.37007718926001043,0.3647393713375959,0.37701963397484783,0.359778350919107,0.3742374627829958,1.0,0.3660558956910773,0.36809922660881156
6,10,0.216850639737715,0.9346361532527642,3889,0.9396442118145171,0.9521604938271605,648,0.9238761716757339,0.9527,0.7753824864854163,0.08506062883716986,,,0.9699999999858306,,0.9700015059484965,0.029998494051503455,0.9646812601005574,0.3761069821344692,5,0.1,0.5,0.5570383248079077,0.5703932191684944,0.5556687342881588,0.5681192563478328,0.5552140554221682,0.5691751904736938,0.5557355796343623,0.5553356167659175,0.5731299636560131,0.3660558956910773,1.0,0.5553813602324986
