round,client_id,client_i_training_loss,client_i_training_accuracy,client_i_training_dataset_size,client_i_evaluation_loss,client_i_evaluation_accuracy,client_i_evaluation_dataset_size,client_i_central_evaluation_loss,client_i_central_evaluation_accuracy,client_i_cosine_similarity,client_i_importance_coefficient,client_i_tanh_val,tanh_normalization_value,client_i_q,client_i_mask_order,client_i_v_nonzero_fraction,client_i_v_sparsity,client_i_v_cosine_similarity,client_i_reward_gradient_norm,local_epochs,learning_rate,gamma,client_0_cosine_similarity,client_1_cosine_similarity,client_2_cosine_similarity,client_3_cosine_similarity,client_4_cosine_similarity,client_5_cosine_similarity,client_6_cosine_similarity,client_7_cosine_similarity,client_8_cosine_similarity,client_9_cosine_similarity,client_10_cosine_similarity,client_11_cosine_similarity
0,0,2.1817823780907526,0.21013878743608475,6845,2.297889991240068,0.14755295836376917,1369,2.297330886502809,0.1417,0.9148116061406047,0.07984134183719131,,,0.55,,0.5500404350481095,0.4499595649518905,0,0.14231192125014702,10,0.025,0.15,1.0,0.9391899820167239,0.9171059562257211,0.8757009659204259,0.8752299451803338,0.8437464712975742,0.8170438140732846,0.8165142611964439,0.8147923835691634,0.8280529462829924,0.7769777957242644,0.7864070208263358
0,1,2.2490741324979204,0.17866009492515517,5478,2.2997733222113714,0.12682481751824817,1096,2.297212265714814,0.1424,0.9717130451127347,0.08480748700796392,,,0.9202170900018851,,0.9202521826673928,0.07974781733260716,0,0.14316740699631433,10,0.025,0.15,0.9391899820167239,1.0,0.9769518311046912,0.9457178060733148,0.9489781845407617,0.9225215758608283,0.9015390476206004,0.9012437040358913,0.8863523953137383,0.8957764505311514,0.8610018993046693,0.8599143220809836
0,2,2.255344581604004,0.1807676348547718,4820,2.297408014535904,0.13796680497925312,964,2.297212117834936,0.1424,0.9793645536124002,0.08547528210543678,,,0.9699999999254518,,0.9700285520951957,0.029971447904804327,0,0.1431701314707863,10,0.025,0.15,0.9171059562257211,0.9769518311046912,1.0,0.9710728654874914,0.9602003399311937,0.933025031943681,0.9141075512535919,0.9252077012668025,0.9022349722073342,0.912991631768333,0.8731132845784632,0.8755614562783044
0,3,2.2721461595807755,0.16736268724466635,4406,2.295698778969901,0.1532349602724177,881,2.297212117834936,0.1424,0.9778329121868178,0.08534160615968896,,,0.960034701301225,,0.9600848310805236,0.03991516891947644,0,0.14316997400870357,10,0.025,0.15,0.8757009659204259,0.9457178060733148,0.9710728654874914,1.0,0.9461254733977726,0.9487055655087827,0.936599232023826,0.9560296891125376,0.9107057246340096,0.9240937109619136,0.8905420776282801,0.8990900953918047
0,4,2.277933945077838,0.17108463035019456,4112,2.296876464571272,0.13990267639902676,822,2.2972124166126493,0.1423,0.9696888085000764,0.08463081919322943,,,0.9070468257387845,,0.907098413955868,0.09290158604413201,0,0.1431663067337581,10,0.025,0.15,0.8752299451803338,0.9489781845407617,0.9602003399311937,0.9461254733977726,1.0,0.9175824607567791,0.9140550032854565,0.9142218059141705,0.9206775440024294,0.9321270623017416,0.8929521822641474,0.8831798113837943
0,5,2.286251502652322,0.14883003342761636,3889,2.2955898897988454,0.15552699228791775,778,2.2972137535674664,0.1424,0.9640765544378634,0.08414100261017503,,,0.8705318903558434,,0.8705665857965704,0.12943341420342958,0,0.14315802369913636,10,0.025,0.15,0.8437464712975742,0.9225215758608283,0.933025031943681,0.9487055655087827,0.9175824607567791,1.0,0.9476512878099675,0.9467354416023802,0.8958207377376746,0.9210262439589086,0.8937199580988421,0.9180305811913105
0,6,2.291093448112751,0.14435462139585017,3711,2.298722783724467,0.1320754716981132,742,2.297214574451688,0.1424,0.9604976809027665,0.08382865188857319,,,0.847246712167339,,0.8472875509564126,0.15271244904358738,0,0.14315192166893556,10,0.025,0.15,0.8170438140732846,0.9015390476206004,0.9141075512535919,0.936599232023826,0.9140550032854565,0.9476512878099675,1.0,0.9695093979102967,0.9163509749424095,0.9116812107942901,0.9277530720061143,0.9383901090154249
0,7,2.287489535978862,0.16366442199775533,3564,2.2957175970077515,0.14726507713884993,713,2.297214366212676,0.1424,0.960729895804843,0.08384891873832885,,,0.8487575689550552,,0.8487976762225413,0.15120232377745868,0,0.14315242171681344,10,0.025,0.15,0.8165142611964439,0.9012437040358913,0.9252077012668025,0.9560296891125376,0.9142218059141705,0.9467354416023802,0.9695093979102967,1.0,0.911623200778173,0.9226693680006257,0.9119707320459757,0.9115948361675688
0,8,2.2903093452806824,0.16646323743097938,3441,2.2960442304611206,0.1511627906976744,688,2.2972250648691683,0.1422,0.9464902126867395,0.08260613235493107,,,0.7561101044662325,,0.756160155798716,0.24383984420128402,0,0.14308399176740788,10,0.025,0.15,0.8147923835691634,0.8863523953137383,0.9022349722073342,0.9107057246340096,0.9206775440024294,0.8958207377376746,0.9163509749424095,0.911623200778173,1.0,0.9281044816223791,0.9291184145328009,0.9211316756867551
0,9,2.2859929976639926,0.15662867426514698,3334,2.298014680544535,0.15142428785607195,667,2.297222185738479,0.1424,0.9499560628966458,0.0829086188226455,,,0.7786599204686435,,0.7786965060817613,0.22130349391823867,0,0.1431018982819077,10,0.025,0.15,0.8280529462829924,0.8957764505311514,0.912991631768333,0.9240937109619136,0.9321270623017416,0.9210262439589086,0.9116812107942901,0.9226693680006257,0.9281044816223791,1.0,0.8799908617747939,0.8932575408204959
0,10,2.2954055501864508,0.14495526072199938,3241,2.2904820442199707,0.11882716049382716,648,2.29726011843621,0.1419,0.9291307838629833,0.08109106621288338,,,0.6431646791954655,,0.6432143387631827,0.3567856612368173,0,0.1428173393016786,10,0.025,0.15,0.7769777957242644,0.8610018993046693,0.8731132845784632,0.8905420776282801,0.8929521822641474,0.8937199580988421,0.9277530720061143,0.9119707320459757,0.9291184145328009,0.8799908617747939,1.0,0.9374910443777407
0,11,2.2944404249191286,0.12988287432731876,3159,2.2979010105133058,0.1439873417721519,632,2.297252724442301,0.1419,0.9335765154479816,0.08147907306895259,,,0.672089884604307,,0.6721212721361258,0.3278787278638742,0,0.14288528873059256,10,0.025,0.15,0.7864070208263358,0.8599143220809836,0.8755614562783044,0.8990900953918047,0.8831798113837943,0.9180305811913105,0.9383901090154249,0.9115948361675688,0.9211316756867551,0.8932575408204959,0.9374910443777407,1.0
1,0,2.0530236431845914,0.25858290723155586,6845,2.286191138354215,0.1745799853907962,1369,2.285648282570175,0.1624,0.9109705974257563,0.07914584146048233,,,0.55,,0.5500404350481095,0.4499595649518905,0.9287366267278481,0.14506277197435724,10,0.025,0.15,1.0,0.9467869116243794,0.9271568458297923,0.9036939156043362,0.9067495420968527,0.8697851716859237,0.8670916018610263,0.8627761375923959,0.8510581635791225,0.8503085282490347,0.8304668757064735,0.8233358678068406
1,1,2.1147449895393016,0.24100036509675063,5478,2.289029253853692,0.145985401459854,1096,2.28529755676849,0.1631,0.9612641636247289,0.0838611127463921,,,0.8890302624439548,,0.8890594312686703,0.11094056873132974,0.9336777974710083,0.14599133006133638,10,0.025,0.15,0.9467869116243794,1.0,0.9648690856242306,0.9520442828678786,0.9502871953897786,0.9318088551918752,0.9285595884705915,0.9238265006607184,0.9154525393625881,0.9135627350468962,0.9016301929802658,0.8948815974863061
1,2,2.111334230397877,0.23778008298755188,4820,2.2847014367580414,0.1524896265560166,964,2.2852961715263658,0.1631,0.9789631184786863,0.08485166178301738,,,0.9602512123083229,,0.9602993843970227,0.03970061560297733,0.9338132805601771,0.14600159788230677,10,0.025,0.15,0.9271568458297923,0.9648690856242306,1.0,0.9705205448424654,0.9666317972642953,0.9563010652071811,0.9553507560053375,0.9489333927197819,0.9448469604242229,0.9384923358021088,0.9279364167677906,0.9288891059267383
1,3,2.139056792940412,0.22955061280072628,4406,2.2834109578813826,0.16345062429057888,881,2.2852961534186256,0.1631,0.9856623697613814,0.08498724902530247,,,0.9699999999280995,,0.9700285520951957,0.029971447904804327,0.9338206605453634,0.14600178197133282,10,0.025,0.15,0.9036939156043362,0.9520442828678786,0.9705205448424654,1.0,0.9704588336620444,0.9684230985807909,0.96668049409434,0.9674911638985256,0.9584906140706339,0.952222896573881,0.9489959818994881,0.949296282876161
1,4,2.1519811633861425,0.22998540856031127,4112,2.2853965078081404,0.16180048661800486,822,2.2852973907808716,0.1631,0.9831527930071372,0.08446521183255455,,,0.9324652758939374,,0.9324982258091136,0.06750177419088643,0.9337348402424454,0.14600001421759734,10,0.025,0.15,0.9067495420968527,0.9502871953897786,0.9666317972642953,0.9704588336620444,1.0,0.9633364807165908,0.9643715752586821,0.95700823589768,0.9595146775193848,0.9487391408102787,0.9453177537337194,0.9470722854879531
1,5,2.168993052744096,0.21573669323733607,3889,2.2841574123927524,0.18251928020565553,778,2.285299089890492,0.1631,0.9843265453908798,0.08420010228264514,,,0.9134037723595031,,0.9134524929444967,0.08654750705550329,0.9337753771636782,0.1459980494639052,10,0.025,0.15,0.8697851716859237,0.9318088551918752,0.9563010652071811,0.9684230985807909,0.9633364807165908,1.0,0.9759240790359586,0.9697699482593894,0.9650697248801584,0.9632511655887195,0.9617302880990144,0.9679870805314741
1,6,2.1901256824361868,0.21716518458636486,3711,2.286466360092163,0.15498652291105122,742,2.285300288019301,0.1631,0.9868312166658822,0.08408829233749715,,,0.9053645837850002,,0.9054149956264131,0.09458500437358686,0.9337153293321502,0.14599680164840342,10,0.025,0.15,0.8670916018610263,0.9285595884705915,0.9553507560053375,0.96668049409434,0.9643715752586821,0.9759240790359586,1.0,0.9783838264931746,0.972405051731299,0.9667783523009351,0.9728121194689048,0.974849179175059
1,7,2.174133681825229,0.21902356902356904,3564,2.2834651470184326,0.16549789621318373,713,2.2852999711338478,0.1631,0.98340155099659,0.0839890454543226,,,0.8982286853797574,,0.8982604677262299,0.10173953227377008,0.9336715483671085,0.14599329242010525,10,0.025,0.15,0.8627761375923959,0.9238265006607184,0.9489333927197819,0.9674911638985256,0.95700823589768,0.9697699482593894,0.9783838264931746,1.0,0.9690311153828176,0.9652766117168551,0.9713275980225998,0.969340800316993
1,8,2.1767728311044197,0.22223190932868353,3441,2.284022808074951,0.17151162790697674,688,2.2853223613545866,0.1631,0.9799245520660005,0.08310597507252573,,,0.8347355022427214,,0.8347856942450199,0.16521430575498008,0.9333014381512156,0.14596887064312525,10,0.025,0.15,0.8510581635791225,0.9154525393625881,0.9448469604242229,0.9584906140706339,0.9595146775193848,0.9650697248801584,0.972405051731299,0.9690311153828176,1.0,0.966048668988718,0.9696149209087366,0.9715100961767574
1,9,2.1756199615973015,0.2164367126574685,3334,2.2868106762568154,0.1664167916041979,667,2.2853172459179842,0.1631,0.9754500327372136,0.08314746296320293,,,0.8377185014407877,,0.8377564324734696,0.16224356752653035,0.9333645819962082,0.14597023301306083,10,0.025,0.15,0.8503085282490347,0.9135627350468962,0.9384923358021088,0.952222896573881,0.9487391408102787,0.9632511655887195,0.9667783523009351,0.9652766117168551,0.966048668988718,1.0,0.9625880081359723,0.9635807374747432
1,10,2.2127204473202045,0.2076519592718297,3241,2.279254754384359,0.14506172839506173,648,2.2854007044924964,0.1631,0.9735763533795533,0.0819606718092125,,,0.7523876494056423,,0.7524467330131538,0.2475532669868462,0.9304790452911531,0.14589562791496583,10,0.025,0.15,0.8304668757064735,0.9016301929802658,0.9279364167677906,0.9489959818994881,0.9453177537337194,0.9617302880990144,0.9728121194689048,0.9713275980225998,0.9696149209087366,0.9625880081359723,1.0,0.977422695120077
1,11,2.205962100982666,0.20759734093067425,3159,2.2862030506134032,0.16930379746835442,632,2.285381178312664,0.1631,0.9734655100368066,0.08219737323284515,,,0.7694065950630926,,0.7694542093710287,0.2305457906289713,0.9311740572395744,0.14591520808592623,10,0.025,0.15,0.8233358678068406,0.8948815974863061,0.9288891059267383,0.949296282876161,0.9470722854879531,0.9679870805314741,0.974849179175059,0.969340800316993,0.9715100961767574,0.9635807374747432,0.977422695120077,1.0
2,0,1.9846047242482503,0.28238130021913804,6845,2.268167344006625,0.20379839298758218,1369,2.2678346392474595,0.1905,0.9152906931350621,0.07890537511790668,,,0.55,,0.5500404350481095,0.4499595649518905,0.9702177957428005,0.14479370697983462,10,0.025,0.15,1.0,0.9392425196140103,0.9190466702777004,0.9012480203989844,0.90513980823267,0.8741563286195039,0.8768708325802608,0.871372282193894,0.8532634459773227,0.8496829781414954,0.8490623734150788,0.837422780817198
2,1,2.0360921141713164,0.26799926980649874,5478,2.2722496721479626,0.17244525547445255,1096,2.26705427713032,0.1932,0.9620786050260755,0.0833537786316035,,,0.8714858045170406,,0.871523823670182,0.128476176329818,0.9756419734437969,0.14574504429864643,10,0.025,0.15,0.9392425196140103,1.0,0.9558137109902988,0.9447865773767373,0.9460300717424136,0.9304083974634344,0.9337251098403275,0.9279405402671974,0.9122094652418665,0.9117377623988137,0.9109538448645715,0.9044234299680941
2,2,2.03186913258151,0.2640663900414938,4820,2.2655081152915955,0.1825726141078838,964,2.2670450542546527,0.1932,0.9786077867095702,0.08450681847594224,,,0.9548159117917265,,0.9548612830288327,0.045138716971167336,0.9758382031633702,0.14576474728460168,10,0.025,0.15,0.9190466702777004,0.9558137109902988,1.0,0.9618579799672909,0.9609229666061209,0.9511424414594106,0.9580759789375096,0.9482266052822488,0.9399488220563457,0.9384641783560541,0.9381549851231568,0.9367138939278898
2,3,2.0582862404414586,0.26021334543803903,4406,2.264675038201468,0.20204313280363223,881,2.26704478263855,0.1932,0.9824728982066097,0.08471692091302481,,,0.96999999992773,,0.9700285520951957,0.029971447904804327,0.9758404031311309,0.14576506539514028,10,0.025,0.15,0.9012480203989844,0.9447865773767373,0.9618579799672909,1.0,0.9644088171380998,0.9607401632954291,0.9609041566905777,0.9618545104802144,0.9518701171555605,0.9474822458807564,0.9484593547917876,0.9490521170401041
2,4,2.064346786701318,0.2613083657587549,4112,2.2676423277173723,0.18856447688564476,822,2.2670478881159917,0.1932,0.9821141858309917,0.08438169026932857,,,0.9457729052283356,,0.9458170355333301,0.054182964466669925,0.9758385261499284,0.14576438957710397,10,0.025,0.15,0.90513980823267,0.9460300717424136,0.9609229666061209,0.9644088171380998,1.0,0.9551875994486606,0.964350654499351,0.9565319222979581,0.9554009324240352,0.9476917496879422,0.9468720364578005,0.9463882113593769
2,5,2.0821921056316746,0.24787863203908458,3889,2.2665399483272006,0.2159383033419023,778,2.267047945457169,0.1935,0.979247613981337,0.08412388752986003,,,0.9271415196425741,,0.9271756531498078,0.07282434685019223,0.9758235671617349,0.14576123482548692,10,0.025,0.15,0.8741563286195039,0.9304083974634344,0.9511424414594106,0.9607401632954291,0.9551875994486606,1.0,0.9664550965291593,0.9586953389038045,0.9528664575075668,0.9511228160645219,0.9555576949900416,0.9583713887227374
2,6,2.101725392094974,0.24834276475343572,3711,2.2679339249928794,0.192722371967655,742,2.26705036585844,0.1935,0.9842919247270492,0.08421913004715914,,,0.9340246895717086,,0.9340578633790497,0.06594213662095028,0.9758119416271225,0.1457618161818538,10,0.025,0.15,0.8768708325802608,0.9337251098403275,0.9580759789375096,0.9609041566905777,0.964350654499351,0.9664550965291593,1.0,0.9689302632766575,0.9616077434565808,0.9552477555231843,0.962550591496704,0.9648709949123088
2,7,2.086441238011633,0.2498597081930415,3564,2.264866312344869,0.1949509116409537,713,2.2670488598980483,0.1936,0.980770834566019,0.0840427707249771,,,0.9212792139418107,,0.921316697199254,0.07868330280074598,0.9757572165246279,0.14576063502365713,10,0.025,0.15,0.871372282193894,0.9279405402671974,0.9482266052822488,0.9618545104802144,0.9565319222979581,0.9586953389038045,0.9689302632766575,1.0,0.9614193081468816,0.9549699584982675,0.9624346785584275,0.9602321426522297
2,8,2.080027887114772,0.25544899738448124,3441,2.2658342917760215,0.20203488372093023,688,2.267089753211299,0.1934,0.9747367983564704,0.08329867275521212,,,0.8675033067623403,,0.8675463352643131,0.13245366473568687,0.9756207348454059,0.145743870604268,10,0.025,0.15,0.8532634459773227,0.9122094652418665,0.9399488220563457,0.9518701171555605,0.9554009324240352,0.9528664575075668,0.9616077434565808,0.9614193081468816,1.0,0.9534879723000517,0.9611922304675201,0.9590264639876745
2,9,2.074861811267005,0.25350929814037193,3334,2.269490043322245,0.1889055472263868,667,2.2670826730848868,0.1935,0.971439121291104,0.08321682047609615,,,0.861587848391235,,0.8616213629086829,0.13837863709131715,0.9756253830686344,0.14574147585772687,10,0.025,0.15,0.8496829781414954,0.9117377623988137,0.9384641783560541,0.9474822458807564,0.9476917496879422,0.9511228160645219,0.9552477555231843,0.9549699584982675,0.9534879723000517,1.0,0.9550250287126614,0.9589684739572706
2,10,2.124233498940101,0.24282628818265967,3241,2.261227528254191,0.17901234567901234,648,2.267209113398685,0.1928,0.9739585554952189,0.08256349157002459,,,0.8143718149680206,,0.8144196332788698,0.1855803667211302,0.9752266710185054,0.14571700012987882,10,0.025,0.15,0.8490623734150788,0.9109538448645715,0.9381549851231568,0.9484593547917876,0.9468720364578005,0.9555576949900416,0.962550591496704,0.9624346785584275,0.9611922304675201,0.9550250287126614,1.0,0.9635214885076596
2,11,2.1116130213737487,0.24150047483380815,3159,2.26837272644043,0.19145569620253164,632,2.2671783996533743,0.1931,0.9727462657521182,0.08267064348886492,,,0.8221156764967384,,0.8221683088247429,0.1778316911752571,0.9752587289667048,0.14572177934058317,10,0.025,0.15,0.837422780817198,0.9044234299680941,0.9367138939278898,0.9490521170401041,0.9463882113593769,0.9583713887227374,0.9648709949123088,0.9602321426522297,0.9590264639876745,0.9589684739572706,0.9635214885076596,1.0
3,0,1.9329609230712608,0.30222059897735576,6845,2.2438589226115835,0.22717311906501095,1369,2.2438319332991976,0.218,0.9208736302214884,0.07905148079741324,,,0.55,,0.5500404350481095,0.4499595649518905,0.983851468322867,0.1441839217286251,10,0.025,0.15,1.0,0.9386228646740887,0.9178886266324787,0.9023196059860643,0.9039886076587202,0.8773763111783877,0.8831525887176211,0.8734761916677493,0.8538113472718245,0.8460832330104577,0.8596343681916369,0.846163320909953
3,1,1.9827900941981826,0.28605330412559327,5478,2.24922768274943,0.19981751824817517,1096,2.2424165780031227,0.2218,0.9583023665356175,0.0830349105781486,,,0.8546532080940719,,0.8546813883249987,0.14531861167500126,0.9875303055847408,0.14518156538200092,10,0.025,0.15,0.9386228646740887,1.0,0.9462613365701951,0.9362702588054346,0.9368031471498436,0.9230250045852144,0.9264000301999487,0.9189659819438516,0.9010864271621759,0.8994342011556082,0.907778511804196,0.897696984848018
3,2,1.979735654592514,0.2849792531120332,4820,2.239506870508194,0.21369294605809128,964,2.242383941819396,0.2221,0.9741799446600913,0.08426916396387885,,,0.9490490614820721,,0.9490848475846247,0.05091515241537525,0.987818498703592,0.14521209212265623,10,0.025,0.15,0.9178886266324787,0.9462613365701951,1.0,0.9523851398029877,0.9516812057766962,0.9389119328572294,0.9521560231350799,0.9394764931428504,0.9293815808483138,0.9259024369004901,0.9315639779657137,0.9288032962952679
3,3,2.0073588265691487,0.2782796187017703,4406,2.2394754546029225,0.22701475595913734,881,2.242384032358097,0.2221,0.9785743649453504,0.08454310361035139,,,0.9699999999235198,,0.9700285520951957,0.029971447904804327,0.9878080036729044,0.14521288655229514,10,0.025,0.15,0.9023196059860643,0.9362702588054346,0.9523851398029877,1.0,0.9546673235774225,0.9507324448494634,0.9530584340390881,0.9527064731548295,0.9429026554113525,0.9387554916992472,0.9402679924162917,0.9403756416757383
3,4,2.008763313293457,0.28200389105058365,4112,2.2434794902801514,0.2116788321167883,822,2.2423873913439016,0.2221,0.9781710140748816,0.08432187310589093,,,0.9530802632588741,,0.9531283523955703,0.046871647604429745,0.9878265370033396,0.14521232347196747,10,0.025,0.15,0.9039886076587202,0.9368031471498436,0.9516812057766962,0.9546673235774225,1.0,0.9456212245758255,0.95954763486598,0.9482203009444957,0.9430685592072621,0.9372787569137536,0.9401171921409073,0.9390463351591154
3,5,2.0244638477602312,0.2655438416045256,3889,2.2427754402160645,0.2416452442159383,778,2.242390327815768,0.2222,0.9740913332199052,0.08402861001755899,,,0.9306514655659955,,0.9306827746695053,0.06931722533049467,0.9877418848008008,0.14520716116845858,10,0.025,0.15,0.8773763111783877,0.9230250045852144,0.9389119328572294,0.9507324448494634,0.9456212245758255,1.0,0.954455594842396,0.9465784797093109,0.9400482498264329,0.9431700408587781,0.9453248439904764,0.9465881936914077
3,6,2.0427129519396816,0.27003503098895176,3711,2.2431410551071167,0.2169811320754717,742,2.2423911517179467,0.2222,0.9801704602492826,0.08428629458393055,,,0.9503592134472538,,0.950405175686158,0.04959482431384199,0.9877840176038212,0.14521218556907228,10,0.025,0.15,0.8831525887176211,0.9264000301999487,0.9521560231350799,0.9530584340390881,0.95954763486598,0.954455594842396,1.0,0.9585279994722438,0.9480906394180861,0.9425112996257518,0.9495629906708722,0.9548498467627676
3,7,2.0257267534732817,0.27227833894500564,3564,2.2400670051574707,0.2370266479663394,713,2.242391716075849,0.2221,0.9762532840406878,0.08404888613755866,,,0.9322021857608076,,0.9322424122394415,0.06775758776055851,0.9877371627442804,0.14520735347481684,10,0.025,0.15,0.8734761916677493,0.9189659819438516,0.9394764931428504,0.9527064731548295,0.9482203009444957,0.9465784797093109,0.9585279994722438,1.0,0.9529653867998034,0.9440071287609088,0.9523736182233672,0.9494734019749154
3,8,2.0167615621178236,0.279075850043592,3441,2.2415337562561035,0.2311046511627907,688,2.2424552410463745,0.222,0.9687815390847679,0.08334301096871895,,,0.8782167645187982,,0.8782574969880015,0.12174250301199852,0.9876178186860353,0.1451956618693935,10,0.025,0.15,0.8538113472718245,0.9010864271621759,0.9293815808483138,0.9429026554113525,0.9430685592072621,0.9400482498264329,0.9480906394180861,0.9529653867998034,1.0,0.9413914679012,0.9504682273577663,0.9466355942121315
3,9,2.020329236984253,0.2714157168566287,3334,2.245811700820923,0.22488755622188905,667,2.2424502704716938,0.2219,0.965310299832298,0.0831788231595443,,,0.865659660327605,,0.865689623871532,0.13431037612846797,0.987526719641237,0.14518632056911188,10,0.025,0.15,0.8460832330104577,0.8994342011556082,0.9259024369004901,0.9387554916992472,0.9372787569137536,0.9431700408587781,0.9425112996257518,0.9440071287609088,0.9413914679012,1.0,0.948965254847025,0.9419178549579729
3,10,2.0630795772259054,0.26235729713051525,3241,2.2366763750712075,0.22067901234567902,648,2.242619713650474,0.2215,0.9710577546188517,0.0829610857938178,,,0.8490070793504438,,0.8490452377415788,0.1509547622584212,0.9873385526111184,0.14517871321454529,10,0.025,0.15,0.8596343681916369,0.907778511804196,0.9315639779657137,0.9402679924162917,0.9401171921409073,0.9453248439904764,0.9495629906708722,0.9523736182233672,0.9504682273577663,0.948965254847025,1.0,0.9510156926566355
3,11,2.0465137591362,0.26103197214308327,3159,2.2445151805877686,0.2088607594936709,632,2.242577564867237,0.2217,0.9681546213853763,0.08293275728318775,,,0.8468405113125915,,0.8468914525259527,0.15310854747404734,0.9873784179312903,0.14517777475259783,10,0.025,0.15,0.846163320909953,0.897696984848018,0.9288032962952679,0.9403756416757383,0.9390463351591154,0.9465881936914077,0.9548498467627676,0.9494734019749154,0.9466355942121315,0.9419178549579729,0.9510156926566355,1.0
4,0,1.894808022181193,0.3146530314097882,6845,2.2135806517167524,0.24543462381300218,1369,2.213935628721986,0.2432,0.9227494151790752,0.07928950783487573,,,0.55,,0.5500404350481095,0.4499595649518905,0.9856435260732397,0.14373171679298435,10,0.025,0.15,1.0,0.9343469822657544,0.9150153792415826,0.9048519125130331,0.898073524355236,0.874793144063898,0.8839163919397361,0.8731390164616469,0.8507506466643411,0.8485100389023542,0.8610588112933608,0.8493490765954367
4,1,1.9376190152279167,0.3038152610441767,5478,2.2201687230004206,0.21715328467153286,1096,2.211624242082427,0.2444,0.9575778980441189,0.08290334593936255,,,0.8457555716330525,,0.8458021818421878,0.1541978181578122,0.9899052322500055,0.1447561710410905,10,0.025,0.15,0.9343469822657544,1.0,0.9408279237501125,0.9340799106688199,0.9317025998469975,0.9177472089003884,0.9243144140464535,0.915569572257633,0.8943504385632876,0.8967064806802911,0.9059443707632999,0.8967262382288048
4,2,1.9388802114285921,0.30101659751037346,4820,2.2070330679416656,0.23651452282157676,964,2.2115572615514827,0.2447,0.9712266835096217,0.08411651688228634,,,0.9450411664325429,,0.9450908550774868,0.0549091449225132,0.9900942895600962,0.14479211133995346,10,0.025,0.15,0.9150153792415826,0.9408279237501125,1.0,0.9471770297963269,0.943096411634599,0.9329294371501747,0.9437623289297355,0.9338462237155082,0.9179504517653838,0.9223810921455066,0.9275653205479889,0.9234336944359245
4,3,1.9652146332604545,0.2931684067181117,4406,2.2079626492091586,0.25539160045402953,881,2.211556721337234,0.2447,0.9753480848109152,0.0844214889340243,,,0.9699999999181602,,0.9700285520951957,0.029971447904804327,0.9901141339082457,0.14479318045045367,10,0.025,0.15,0.9048519125130331,0.9340799106688199,0.9471770297963269,1.0,0.9493052193177476,0.9422581053492792,0.944869182654079,0.9439815591739413,0.9326082729994714,0.9315652521781808,0.9321055435216932,0.9320291694530032
4,4,1.9622112006852122,0.2958657587548638,4112,2.213208028248378,0.24087591240875914,822,2.2115618126301824,0.2447,0.9751675461246947,0.08427813314873363,,,0.9582677996923368,,0.9582941360928191,0.041705863907180896,0.990091956072768,0.14479280609493927,10,0.025,0.15,0.898073524355236,0.9317025998469975,0.943096411634599,0.9493052193177476,1.0,0.9366935897782844,0.9556607656344206,0.9442530738039003,0.9365748901518967,0.9294288485560381,0.9330783778281831,0.9346293098192611
4,5,1.9811879692539092,0.2822576497814348,3889,2.212679522378104,0.2647814910025707,778,2.2115686151045786,0.2444,0.9692540171955759,0.08390255205258418,,,0.9275303403555902,,0.9275717515802677,0.07242824841973228,0.9900782173945766,0.1447882267657348,10,0.025,0.15,0.874793144063898,0.9177472089003884,0.9329294371501747,0.9422581053492792,0.9366935897782844,1.0,0.9469829588081035,0.9401605849863801,0.9269681081617731,0.932760886360056,0.9365537578916299,0.9355041218067246
4,6,1.9942381579300452,0.2860684451630288,3711,2.2119327783584595,0.24258760107816713,742,2.211567006533659,0.2445,0.9777484085237502,0.08434042313383781,,,0.9633655958909628,,0.9634104074862604,0.03658959251373961,0.9900923789715439,0.14479303447548694,10,0.025,0.15,0.8839163919397361,0.9243144140464535,0.9437623289297355,0.944869182654079,0.9556607656344206,0.9469829588081035,1.0,0.9535612064304413,0.9379002786093842,0.9359066121827049,0.9459306775260891,0.9488811098800088
4,7,1.9784341709954398,0.28619528619528617,3564,2.2092455625534058,0.2538569424964937,713,2.2115676161609117,0.2443,0.973820682170604,0.08406448142324657,,,0.9407825979830076,,0.9408410490006767,0.059158950999323334,0.990072441367859,0.14479171923154457,10,0.025,0.15,0.8731390164616469,0.915569572257633,0.9338462237155082,0.9439815591739413,0.9442530738039003,0.9401605849863801,0.9535612064304413,1.0,0.9447264927076877,0.9390411825722008,0.9460996780278846,0.9416453232344845
4,8,1.9642177043137727,0.2987503632664923,3441,2.211594303448995,0.24709302325581395,688,2.2116613870934594,0.2446,0.9625156418797759,0.08325623701643906,,,0.874636085703504,,0.8746678549619581,0.1253321450380419,0.9899573789088828,0.14477114700218746,10,0.025,0.15,0.8507506466643411,0.8943504385632876,0.9179504517653838,0.9326082729994714,0.9365748901518967,0.9269681081617731,0.9379002786093842,0.9447264927076877,1.0,0.9290941264585717,0.9381287725125199,0.9359038727862157
4,9,1.9689982780703792,0.2884223155368926,3334,2.216130177179972,0.2413793103448276,667,2.2116587131838257,0.2447,0.9620709225350367,0.08313968346014877,,,0.8650973729361282,,0.865136736479015,0.134863263520985,0.9899595314268398,0.14476693420839765,10,0.025,0.15,0.8485100389023542,0.8967064806802911,0.9223810921455066,0.9315652521781808,0.9294288485560381,0.932760886360056,0.9359066121827049,0.9390411825722008,0.9290941264585717,1.0,0.9417814739953262,0.932736506444688
4,10,2.0154117208260756,0.2786177105831533,3241,2.20573898156484,0.25,648,2.2118704500077646,0.2446,0.9681926859823352,0.08320458565010731,,,0.8704089513014106,,0.8704510570876863,0.12954894291231367,0.9899343323360873,0.14476931180564823,10,0.025,0.15,0.8610588112933608,0.9059443707632999,0.9275653205479889,0.9321055435216932,0.9330783778281831,0.9365537578916299,0.9459306775260891,0.9460996780278846,0.9381287725125199,0.9417814739953262,1.0,0.9431396971752872
4,11,1.9985300602912903,0.2758151313706869,3159,2.21469669342041,0.24525316455696203,632,2.2118204967885076,0.2447,0.96501411666908,0.08308304452435385,,,0.8604620571448873,,0.8604990840223795,0.1395009159776205,0.9899011532249737,0.1447644383730881,10,0.025,0.15,0.8493490765954367,0.8967262382288048,0.9234336944359245,0.9320291694530032,0.9346293098192611,0.9355041218067246,0.9488811098800088,0.9416453232344845,0.9359038727862157,0.932736506444688,0.9431396971752872,1.0
5,0,1.8576013377419225,0.3280934989043097,6845,2.1786849282004614,0.2710007304601899,1369,2.179375720929496,0.2661,0.9286121661969984,0.07972206287714141,,,0.55,,0.5500404350481095,0.4499595649518905,0.9873026818406634,0.14327574560134984,10,0.025,0.15,1.0,0.930753551543853,0.9203450218988657,0.9095560984052077,0.8995137663398015,0.8778916708952487,0.8872843933882012,0.8753111099712219,0.8550322066243282,0.8485869767448024,0.8686625116047549,0.8548544098818016
5,1,1.8997903116913728,0.3184921504198613,5478,2.186317761739095,0.24452554744525548,1096,2.1760140250000775,0.2677,0.9552693025354597,0.08284270344688588,,,0.8330602735069528,,0.8330940238649305,0.16690597613506952,0.9907537500635593,0.14429916253422653,10,0.025,0.15,0.930753551543853,1.0,0.9368017683694189,0.9298518308743159,0.9231351253113386,0.9143932090388082,0.9193122044279999,0.9077779387765266,0.8905090973939088,0.8857910340215892,0.902354137043592,0.8905953747825007
5,2,1.9027344575053766,0.3113485477178423,4820,2.1692716777324677,0.2551867219917012,964,2.1758802299258075,0.2677,0.9687091181692697,0.08403733522028152,,,0.9414203325909617,,0.9414682048489049,0.05853179515109508,0.9911750603499841,0.14433912817167918,10,0.025,0.15,0.9203450218988657,0.9368017683694189,1.0,0.9437029395073024,0.9378947922731642,0.9253267810356491,0.9366164172998066,0.9283864848957988,0.9120568878312689,0.9061217478141198,0.9215835520634628,0.9155656942733669
5,3,1.9278059533664158,0.305901044030867,4406,2.171337502343314,0.2758229284903519,881,2.1758772451666335,0.2678,0.9715002077098228,0.08431841395807914,,,0.96691581104156,,0.9669587892591309,0.033041210740869076,0.9911950855227458,0.14434029507420051,10,0.025,0.15,0.9095560984052077,0.9298518308743159,0.9437029395073024,1.0,0.9398478937324111,0.9331233172257392,0.9364831063437601,0.9352765925775395,0.9246531003183429,0.9130378640611442,0.9270201711853956,0.923238078109855
5,4,1.9318027756430887,0.308852140077821,4112,2.1782676492418562,0.25304136253041365,822,2.1758829068533982,0.2678,0.9716076834373689,0.0842327606069707,,,0.9591465532723042,,0.9591936096119886,0.04080639038801137,0.9911880972873314,0.14434003967169598,10,0.025,0.15,0.8995137663398015,0.9231351253113386,0.9378947922731642,0.9398478937324111,1.0,0.9312213884404603,0.9486053676772827,0.9379925161359922,0.9278779355564432,0.9159010079678925,0.9291006085332659,0.9254398568214702
5,5,1.9419670339553587,0.2947030084854718,3889,2.1783978257860457,0.2892030848329049,778,2.1759029068524325,0.2678,0.9658020891281139,0.08380907023678656,,,0.9207153692297266,,0.9207555577561024,0.0792444422438976,0.9911293669959303,0.14433683109197137,10,0.025,0.15,0.8778916708952487,0.9143932090388082,0.9253267810356491,0.9331233172257392,0.9312213884404603,1.0,0.9381558778987092,0.9343913594810288,0.9196934830474798,0.9191769998196023,0.9291317615853614,0.9265687075700336
5,6,1.9531347603633487,0.3024791161412018,3711,2.175870339075724,0.2695417789757412,742,2.175889564465873,0.2678,0.9740790532106852,0.08435241606224643,,,0.9699999999092941,,0.9700285520951957,0.029971447904804327,0.9911977241736603,0.14434035724300062,10,0.025,0.15,0.8872843933882012,0.9193122044279999,0.9366164172998066,0.9364831063437601,0.9486053676772827,0.9381558778987092,1.0,0.9462953467602605,0.9287488430739287,0.925595356524582,0.9371837128628878,0.9401513152127984
5,7,1.9446971335581371,0.30086980920314255,3564,2.173961043357849,0.2791023842917251,713,2.175894930392881,0.2677,0.9704750167993454,0.08406278043687583,,,0.9437283619226509,,0.9437705269759535,0.05622947302404646,0.9911674388883307,0.14433928725628206,10,0.025,0.15,0.8753111099712219,0.9077779387765266,0.9283864848957988,0.9352765925775395,0.9379925161359922,0.9343913594810288,0.9462953467602605,1.0,0.9379750739070476,0.9252932984064152,0.9396188011004437,0.934267084758045
5,8,1.9294469559634173,0.3088637024120895,3441,2.1770995457967124,0.26598837209302323,688,2.1760283995278273,0.2678,0.9592438303807855,0.08319233342772323,,,0.8647737489265694,,0.8648066544536317,0.1351933455463683,0.9909572998219563,0.14431885762078234,10,0.025,0.15,0.8550322066243282,0.8905090973939088,0.9120568878312689,0.9246531003183429,0.9278779355564432,0.9196934830474798,0.9287488430739287,0.9379750739070476,1.0,0.9182877584726699,0.9299745773608167,0.9282859388960991
5,9,1.9420989924006993,0.2994901019796041,3334,2.1813429991404214,0.2773613193403298,667,2.1760469177101234,0.2677,0.9533724409945412,0.08292761255780738,,,0.8407620243569842,,0.8407931871069961,0.15920681289300387,0.9908466914344325,0.1443045945230888,10,0.025,0.15,0.8485869767448024,0.8857910340215892,0.9061217478141198,0.9130378640611442,0.9159010079678925,0.9191769998196023,0.925595356524582,0.9252932984064152,0.9182877584726699,1.0,0.9256580878268728,0.9220944478886433
5,10,1.9718467909556168,0.29287257019438445,3241,2.169981916745504,0.27469135802469136,648,2.176277181770228,0.267,0.9652909536338564,0.08335817864922433,,,0.879816876357861,,0.8798583948111106,0.12014160518888939,0.9909457402786039,0.14432616550576954,10,0.025,0.15,0.8686625116047549,0.902354137043592,0.9215835520634628,0.9270201711853956,0.9291006085332659,0.9291317615853614,0.9371837128628878,0.9396188011004437,0.9299745773608167,0.9256580878268728,1.0,0.9331170608637843
5,11,1.9563157396316528,0.29246597024374804,3159,2.180081605911255,0.2689873417721519,632,2.1762224299998225,0.2673,0.9610682985555672,0.08314433251997748,,,0.8604197870487342,,0.8604660758198412,0.13953392418015875,0.9909130697111321,0.14431675286349177,10,0.025,0.15,0.8548544098818016,0.8905953747825007,0.9155656942733669,0.923238078109855,0.9254398568214702,0.9265687075700336,0.9401513152127984,0.934267084758045,0.9282859388960991,0.9220944478886433,0.9331170608637843,1.0
6,0,1.8278657692450064,0.3389627465303141,6845,2.1399743123487993,0.28049671292914535,1369,2.141156290150896,0.282,0.9304831080615397,0.08014047196137707,,,0.55,,0.5500404350481095,0.4499595649518905,0.9879017254850303,0.1428170872959402,10,0.025,0.15,1.0,0.9275675546781696,0.9178522752883198,0.9089743415984698,0.892106127772618,0.8773728429001033,0.8869847801184736,0.8754808060466027,0.8571515322694073,0.848581768870885,0.8704256885226623,0.8548066791029759
6,1,1.864920528822167,0.3301022270901789,5478,2.1485484970940485,0.27007299270072993,1096,2.136525099790549,0.2846,0.9550279678721529,0.08288819520517429,,,0.8246241008982647,,0.8246686801670216,0.17533131983297845,0.9918479184594846,0.14387258957055096,10,0.025,0.15,0.9275675546781696,1.0,0.9316797440785584,0.9264760387912194,0.9172641324994816,0.9099391549523808,0.9159413395232635,0.9067426729545646,0.890409243260204,0.8827276719506342,0.8988835744161117,0.8884335824946792
6,2,1.8671319509807387,0.3228215767634855,4820,2.127112179994583,0.27800829875518673,964,2.1363465272927584,0.2846,0.9670259958496127,0.08402534297829631,,,0.9382775357873364,,0.9383159215064943,0.061684078493505656,0.9920997862727439,0.14391385990019023,10,0.025,0.15,0.9178522752883198,0.9316797440785584,1.0,0.9396666975587427,0.9290816975304915,0.9187712956087344,0.9310431250450512,0.9218004145951699,0.9075464968075334,0.9061793285641324,0.9177831330886103,0.9109346788313424
6,3,1.8942654177120755,0.3168406718111666,4406,2.130824565887451,0.2905788876276958,881,2.1363407237620295,0.2847,0.9682090650518544,0.0842391500710879,,,0.9596467114334319,,0.9596969847006981,0.040303015299301914,0.9921099755121963,0.14391527157878833,10,0.025,0.15,0.9089743415984698,0.9264760387912194,0.9396666975587427,1.0,0.931085965081397,0.9249417979332303,0.9283984819714152,0.9275538675223572,0.9154968306926508,0.9115458881573927,0.9177563823650623,0.9134150456189413
6,4,1.8909553260514231,0.3227140077821012,4112,2.140054498400007,0.2725060827250608,822,2.136347592631473,0.2846,0.9671695049607585,0.08415174113327958,,,0.9509105328498468,,0.950958063078675,0.04904193692132497,0.9921061120088531,0.14391485336386972,10,0.025,0.15,0.892106127772618,0.9172641324994816,0.9290816975304915,0.931085965081397,1.0,0.9213112952006032,0.9402582023250894,0.9292472754665844,0.9203009307948065,0.9124727557771485,0.9229226686441356,0.9165456602509761
6,5,1.9107970895305757,0.30545127282077655,3889,2.140664918082101,0.2969151670951157,778,2.1363723881636996,0.2845,0.9616508684531562,0.08370703097105758,,,0.9064635061209966,,0.9065125183608127,0.0934874816391873,0.9920662823906277,0.14390923952111556,10,0.025,0.15,0.8773728429001033,0.9099391549523808,0.9187712956087344,0.9249417979332303,0.9213112952006032,1.0,0.9329972613016972,0.9280314873719587,0.909390813303691,0.9083575135903006,0.9190490223717411,0.9188422509930605
6,6,1.9152804461018793,0.3152519536513069,3711,2.1357649167378745,0.2816711590296496,742,2.136352110512649,0.2845,0.9707236688745786,0.08434273883579,,,0.9699999999000539,,0.9700285520951957,0.029971447904804327,0.9921112606268514,0.14391555972202794,10,0.025,0.15,0.8869847801184736,0.9159413395232635,0.9310431250450512,0.9283984819714152,0.9402582023250894,0.9329972613016972,1.0,0.9385132901684003,0.91884690758296,0.9178469807481351,0.9291530360734976,0.9331446851515846
6,7,1.9075662238257272,0.3091189674523008,3564,2.1352097590764365,0.2959326788218794,713,2.136364034459561,0.2844,0.9670364028755082,0.08404152923233195,,,0.9398952880378527,,0.9399333234308725,0.06006667656912745,0.9921018314488207,0.14391401269960702,10,0.025,0.15,0.8754808060466027,0.9067426729545646,0.9218004145951699,0.9275538675223572,0.9292472754665844,0.9280314873719587,0.9385132901684003,1.0,0.9273685021140635,0.9208750253961794,0.9290951083451101,0.9258761675164723
6,8,1.8962991811611034,0.3203719848881139,3441,2.138934930165609,0.2805232558139535,688,2.136522386647478,0.2841,0.9553425517420204,0.08311622608058594,,,0.8474148875170897,,0.8474443399184698,0.1525556600815302,0.9919083863707964,0.14388769964187867,10,0.025,0.15,0.8571515322694073,0.890409243260204,0.9075464968075334,0.9154968306926508,0.9203009307948065,0.909390813303691,0.91884690758296,0.9273685021140635,1.0,0.9082050429297006,0.9238671145168568,0.917863168044009
6,9,1.9026714347026967,0.31034793041391723,3334,2.1425867080688477,0.2908545727136432,667,2.1365637236003634,0.2843,0.9506768241391573,0.0827984626526362,,,0.8156556861870271,,0.8156987011272301,0.18430129887276991,0.9918160404976872,0.14386511478174954,10,0.025,0.15,0.848581768870885,0.8827276719506342,0.9061793285641324,0.9115458881573927,0.9124727557771485,0.9083575135903006,0.9178469807481351,0.9208750253961794,0.9082050429297006,1.0,0.9185849698913706,0.907422506660195
