round,client_id,client_i_training_loss,client_i_training_accuracy,client_i_training_dataset_size,client_i_evaluation_loss,client_i_evaluation_accuracy,client_i_evaluation_dataset_size,client_i_central_evaluation_loss,client_i_central_evaluation_accuracy,client_i_cosine_similarity,client_i_importance_coefficient,client_i_tanh_val,tanh_normalization_value,client_i_q,client_i_mask_order,client_i_v_nonzero_fraction,client_i_v_sparsity,client_i_v_cosine_similarity,client_i_reward_gradient_norm,local_epochs,learning_rate,gamma,client_0_cosine_similarity,client_1_cosine_similarity,client_2_cosine_similarity,client_3_cosine_similarity,client_4_cosine_similarity,client_5_cosine_similarity,client_6_cosine_similarity,client_7_cosine_similarity,client_8_cosine_similarity,client_9_cosine_similarity,client_10_cosine_similarity,client_11_cosine_similarity
0,0,0.27841005501471433,0.91536401266131,8214,2.1917523007060207,0.266617969320672,1369,2.195691152883414,0.2625,0.8016625519592507,0.08687938765102153,,,0.9699999999751292,,0.9700015059484965,0.029998494051503455,0,0.3864036888108764,5,0.1,0.5,1.0,0.5602849798771578,0.568185072013229,0.5535798021891976,0.5736430081351044,0.5786383951663316,0.5589632913159096,0.5757566755023986,0.5801478588602527,0.45761427335328814,0.5664591681619531,0.5670512910427375
0,1,0.3025375209463923,0.9055978095527837,6574,2.2004770755767824,0.2509124087591241,1096,2.1957003003873004,0.2624,0.7848907698601602,0.0850617623234767,,,0.9247940628777911,,0.9248029717383666,0.07519702826163344,0,0.3863942375309918,5,0.1,0.5,0.5602849798771578,1.0,0.5759029807369669,0.5541549316226284,0.5716547380498446,0.5735270935846939,0.5623611874966502,0.5708495373410937,0.5672765489922506,0.45382718859088933,0.5681934356880453,0.5662211913281141
0,2,0.33369548422855566,0.8971122254885008,5783,2.192546767573203,0.27593360995850624,964,2.1957099041618857,0.2623,0.779427141971858,0.08446964704488645,,,0.9100676362415163,,0.9100898549269615,0.08991014507303852,0,0.38638660494304233,5,0.1,0.5,0.568185072013229,0.5759029807369669,1.0,0.5500603578596888,0.5746463628796084,0.5658391994571234,0.5613085224958961,0.5735873991004511,0.572308737522954,0.4573021466880011,0.5755508862542404,0.5634979282122035
0,3,0.33485744973610954,0.8941176470588236,5287,2.1920723063605174,0.25879682179341656,881,2.1957363137802757,0.2624,0.7720482003017463,0.08366996152602925,,,0.8901787555600718,,0.890201295115707,0.109798704884293,0,0.38637078871395103,5,0.1,0.5,0.5535798021891976,0.5541549316226284,0.5500603578596888,1.0,0.568234215123097,0.5699882123968529,0.5798012018744485,0.583271628747361,0.5747320064384165,0.46723202509992184,0.5688670036066489,0.5658008582222641
0,4,0.33561967407142923,0.8947517730496454,4935,2.2005067513539243,0.2639902676399027,822,2.195699139524953,0.2625,0.7838356098676206,0.08494741040096061,,,0.9219500302062148,,0.9219667687365092,0.07803323126349082,0,0.3863929472337753,5,0.1,0.5,0.5736430081351044,0.5716547380498446,0.5746463628796084,0.568234215123097,1.0,0.5832732841365095,0.5955992769902098,0.597662925857066,0.5851905845803881,0.4581375138878545,0.5784291377236206,0.5759927134233183
0,5,0.3579802340062412,0.8871223484036854,4667,2.194813594818115,0.2699228791773779,778,2.195704828055141,0.2623,0.7807960976274424,0.08461800626259956,,,0.9137574601904423,,0.9137744089152151,0.08622559108478489,0,0.3863887304379775,5,0.1,0.5,0.5786383951663316,0.5735270935846939,0.5658391994571234,0.5699882123968529,0.5832732841365095,1.0,0.6012053776052605,0.582075753627043,0.5818770755475244,0.46083633238676913,0.5862542815710062,0.5689276791353173
0,6,0.3662340780241149,0.8847069391421514,4453,2.1960063378016152,0.26819407008086255,742,2.1957197036986913,0.2624,0.7777718991871073,0.08429026174217841,,,0.9056061663293643,,0.9056322473771397,0.09436775262286035,0,0.3863836778933864,5,0.1,0.5,0.5589632913159096,0.5623611874966502,0.5613085224958961,0.5798012018744485,0.5955992769902098,0.6012053776052605,1.0,0.5813480480885216,0.5912797814484104,0.46867538910847634,0.5839592494556002,0.578284368091656
0,7,0.357267608554728,0.889408463876549,4277,2.1963477963986606,0.2482468443197756,713,2.195703737271099,0.2623,0.781215009481519,0.08466340542122681,,,0.9148865771091352,,0.9148988504593143,0.0851011495406857,0,0.3863893299608645,5,0.1,0.5,0.5757566755023986,0.5708495373410937,0.5735873991004511,0.583271628747361,0.597662925857066,0.582075753627043,0.5813480480885216,1.0,0.5805381555332577,0.4724240430894101,0.5971581566562668,0.5802235850392521
0,8,0.38155431550894997,0.8791474933397917,4129,2.2032161951065063,0.251453488372093,688,2.1957123142461805,0.2623,0.7790471671318124,0.0844284676467154,,,0.9090434684687546,,0.9090607901209778,0.09093920987902215,0,0.3863859688458783,5,0.1,0.5,0.5801478588602527,0.5672765489922506,0.572308737522954,0.5747320064384165,0.5851905845803881,0.5818770755475244,0.5912797814484104,0.5805381555332577,1.0,0.4778728188436621,0.5916166422146074,0.5853743072192712
0,9,0.457276504853444,0.8697325668582855,4001,2.2008148034413657,0.25487256371814093,667,2.1973897176809585,0.2577,0.6458390266989874,0.06999216693309121,,,0.55,,0.5500125495708047,0.4499874504291953,0,0.3830153310229172,5,0.1,0.5,0.45761427335328814,0.45382718859088933,0.4573021466880011,0.46723202509992184,0.4581375138878545,0.46083633238676913,0.46867538910847634,0.4724240430894101,0.4778728188436621,1.0,0.47427824825121306,0.46205714005223614
0,10,0.3714223511914005,0.8843918745178709,3889,2.1847312450408936,0.2808641975308642,648,2.1957310381027075,0.2624,0.7746966400938649,0.08395698357390652,,,0.8973172457897469,,0.8973294513327644,0.10267054866723557,0,0.3863770116754085,5,0.1,0.5,0.5664591681619531,0.5681934356880453,0.5755508862542404,0.5688670036066489,0.5784291377236206,0.5862542815710062,0.5839592494556002,0.5971581566562668,0.5916166422146074,0.47427824825121306,1.0,0.5863741736740579
0,11,0.41021216672007776,0.874439461883408,3791,2.200399613380432,0.25316455696202533,632,2.1957460371450113,0.2623,0.7660742399812216,0.08302253947390742,,,0.8740768009272201,,0.8740926660308217,0.1259073339691783,0,0.3863535601108836,5,0.1,0.5,0.5670512910427375,0.5662211913281141,0.5634979282122035,0.5658008582222641,0.5759927134233183,0.5689276791353173,0.578284368091656,0.5802235850392521,0.5853743072192712,0.46205714005223614,0.5863741736740579,1.0
1,0,0.24811905040568763,0.9253226199172145,8214,2.032784636630568,0.706355003652301,1369,2.0400152495874764,0.693,0.7930254944449262,0.0855490479161798,,,0.9699999999612482,,0.9700015059484965,0.029998494051503455,0.9558769938758912,0.39849475640288645,5,0.1,0.5,1.0,0.6041509407009859,0.6033143848526198,0.6068847591060369,0.6186855111774868,0.6104446910695329,0.5947732680104292,0.5981604051450391,0.5196256636768086,0.6041741121629567,0.6148305579697394,0.5933397483803211
1,1,0.26759238880652103,0.9175540006084576,6574,2.04177109173366,0.7116788321167883,1096,2.0400377180629645,0.6931,0.8002445453709076,0.08459278859784408,,,0.932943204041583,,0.9329551729330857,0.06704482706691428,0.9558745855021118,0.39848838749691795,5,0.1,0.5,0.6041509407009859,1.0,0.6141467886530543,0.6114754214432948,0.6227214652829256,0.6200161097789652,0.6069307910721747,0.5986327569927955,0.5242385273632852,0.619398403637051,0.6185335092013048,0.6076789606465185
1,2,0.29737193294239966,0.9099083520664015,5783,2.037672258192493,0.700207468879668,964,2.0400523861376243,0.693,0.8024512044808214,0.08427619705109092,,,0.9206747031099098,,0.9206917323427539,0.07930826765724608,0.9558529444917052,0.39848374147157606,5,0.1,0.5,0.6033143848526198,0.6141467886530543,1.0,0.6206320723147509,0.630886864106525,0.6219199515442861,0.6095555987705848,0.6049571219643632,0.5177204498924054,0.6165813027579562,0.6140115082911209,0.6174283792797262
1,3,0.30120095371055494,0.9083412142992245,5287,2.036178993327277,0.713961407491487,881,2.0400990978978313,0.6929,0.8019136912929534,0.08372547500879457,,,0.899333217658709,,0.8993424024898349,0.10065759751016512,0.9557863351009802,0.39847120800552727,5,0.1,0.5,0.6068847591060369,0.6114754214432948,0.6206320723147509,1.0,0.6277122906431821,0.619579828227093,0.6051007901480405,0.6135295553164098,0.511603778449068,0.6208848064291225,0.6216309558108989,0.6112245107565398
1,4,0.29160470177749953,0.9100303951367781,4935,2.0430378776330214,0.6715328467153284,822,2.0400356667491195,0.693,0.8184628291975917,0.08515450507390492,,,0.9547107438908438,,0.9547211485367201,0.04527885146327992,0.9558687789069931,0.3984932486590586,5,0.1,0.5,0.6186855111774868,0.6227214652829256,0.630886864106525,0.6277122906431821,1.0,0.6209260195579261,0.6286932083729704,0.6325017026830867,0.5382044377069208,0.6360688746983378,0.640283678653994,0.6266715219030495
1,5,0.3142943058826336,0.9030640668523677,4667,2.0425846576690674,0.6799485861182519,778,2.0400403208625963,0.693,0.8094405568341361,0.08461955696431589,,,0.933980527155124,,0.9339942773957131,0.06600572260428694,0.9558608993629849,0.3984887080472458,5,0.1,0.5,0.6104446910695329,0.6200161097789652,0.6219199515442861,0.619579828227093,0.6209260195579261,1.0,0.6186520800095083,0.6289423002592948,0.5334686333260227,0.6257445652368803,0.6224402570837569,0.6156673984618274
1,6,0.3242947083618492,0.9011452953065349,4453,2.0444884598255157,0.692722371967655,742,2.0400732519527596,0.6931,0.8019931959702019,0.08414084647436082,,,0.9154296209409584,,0.9154510315747202,0.08454896842527981,0.9558446263868089,0.3984811565388867,5,0.1,0.5,0.5947732680104292,0.6069307910721747,0.6095555987705848,0.6051007901480405,0.6286932083729704,0.6186520800095083,1.0,0.620881157582131,0.5254379844064982,0.6234744064952048,0.6229964606866474,0.612449695830269
1,7,0.3120115623990102,0.9038110825344868,4277,2.0402509803357334,0.6914446002805049,713,2.040041199888284,0.6929,0.8050637729351582,0.08449653356176873,,,0.9292131455107107,,0.9292254404899353,0.07077455951006473,0.955863898794705,0.39848715261194245,5,0.1,0.5,0.5981604051450391,0.5986327569927955,0.6049571219643632,0.6135295553164098,0.6325017026830867,0.6289423002592948,0.620881157582131,1.0,0.5253244792014723,0.6229846909853404,0.6319920788586355,0.6184104820891736
1,8,0.40298866644215126,0.8833615887624122,4129,2.051482390273701,0.6656976744186046,688,2.040226084355729,0.6925,0.710476629372613,0.08102900562352527,,,0.7948401018295688,,0.794844636313438,0.20515536368656195,0.9553498207945845,0.39824672696294916,5,0.1,0.5,0.5196256636768086,0.5242385273632852,0.5177204498924054,0.511603778449068,0.5382044377069208,0.5334686333260227,0.5254379844064982,0.5253244792014723,1.0,0.5264196253900462,0.538747344111176,0.5280245998455644
1,9,0.34237498439079694,0.8955761059735067,4001,2.052889267603556,0.6551724137931034,667,2.0446391227527165,0.6835,0.8042863390459173,0.07471084931599237,,,0.55,,0.5500125495708047,0.4499874504291953,0.9480178802589392,0.3947541270921159,5,0.1,0.5,0.6041741121629567,0.619398403637051,0.6165813027579562,0.6208848064291225,0.6360688746983378,0.6257445652368803,0.6234744064952048,0.6229846909853404,0.5264196253900462,1.0,0.6379263209927493,0.6206247607302569
1,10,0.32491645989786894,0.9021342247364361,3889,2.0248604785828364,0.7098765432098766,648,2.04007823665302,0.693,0.8149920652572487,0.08437422701187393,,,0.9244735432164524,,0.9244817027257668,0.0755182972742332,0.9558327678635982,0.3984853080092443,5,0.1,0.5,0.6148305579697394,0.6185335092013048,0.6140115082911209,0.6216309558108989,0.640283678653994,0.6224402570837569,0.6229964606866474,0.6319920788586355,0.538747344111176,0.6379263209927493,1.0,0.6319096962845132
1,11,0.3645429526213087,0.8903719335267739,3791,2.0473602652549743,0.685126582278481,632,2.040087445475423,0.6927,0.8029454837495263,0.08333096740034877,,,0.8840453269635633,,0.8840570252497365,0.1159429747502635,0.9557671250343407,0.39845753411477014,5,0.1,0.5,0.5933397483803211,0.6076789606465185,0.6174283792797262,0.6112245107565398,0.6266715219030495,0.6156673984618274,0.612449695830269,0.6184104820891736,0.5280245998455644,0.6206247607302569,0.6319096962845132,1.0
2,0,0.23068342429226996,0.9309958607255905,8214,1.8480244126430778,0.8758217677136596,1369,1.8587421852940569,0.8568,0.7975438710777059,0.08542356303220926,,,0.9592075084302474,,0.9592189147131168,0.04078108528688318,0.9620173765525649,0.3909895424867493,5,0.1,0.5,1.0,0.6195075389124478,0.6074903596864438,0.6130369603429545,0.6165128178731186,0.6201279955469459,0.6053698882980841,0.6150652048903733,0.43086778294260575,0.49327880721797024,0.61999894427691,0.6147511440673309
2,1,0.24227548092151585,0.9275631274718589,6574,1.8578057527542113,0.8622262773722628,1096,1.8587681668254132,0.8568,0.8100772453789862,0.0852248780106784,,,0.9522481438708873,,0.9522614326590031,0.04773856734099691,0.961982134300183,0.3909884210374818,5,0.1,0.5,0.6195075389124478,1.0,0.629777794825558,0.6202874432253382,0.6285467123348274,0.6345883622972607,0.6245182524933249,0.6247666042756308,0.4405700387983438,0.4979285505486466,0.6359287414047349,0.6210213476465214
2,2,0.27103550170563695,0.9182777105308664,5783,1.8571526158240534,0.8630705394190872,964,1.8587997009198125,0.8567,0.8046224326772138,0.08482049397795839,,,0.9380837348782052,,0.9381004969630039,0.061899503036996095,0.9619598736773075,0.39098499134740033,5,0.1,0.5,0.6074903596864438,0.629777794825558,1.0,0.621676044685497,0.6229079280883457,0.626188349963854,0.6161002145582203,0.6218572522801702,0.4350344503450401,0.4981268762596149,0.6267044979628348,0.6224680520730586
2,3,0.2739648919558175,0.9166635142803102,5287,1.8540536292961665,0.8660612939841089,881,1.8588676026073128,0.8565,0.8014242899084566,0.08433883629814004,,,0.9212126523937565,,0.921233873801516,0.078766126198484,0.9619173935035349,0.39097858942338065,5,0.1,0.5,0.6130369603429545,0.6202874432253382,0.621676044685497,1.0,0.6285366164380879,0.6166160208396678,0.6167460604862907,0.621217054958868,0.4290287472273935,0.4975017493409578,0.6228762776416794,0.613138533606715
2,4,0.25747557430618234,0.9202836879432624,4935,1.8603288439603953,0.8406326034063261,822,1.8587667705913702,0.8568,0.8137797265717902,0.08573168116492935,,,0.9699999999649729,,0.9700015059484965,0.029998494051503455,0.9620092218086705,0.3909906472804527,5,0.1,0.5,0.6165128178731186,0.6285467123348274,0.6229079280883457,0.6285366164380879,1.0,0.6366019797966881,0.6294880173355232,0.6343014862991333,0.44155833140522405,0.49957867884491974,0.6417035601786012,0.6299771630365504
2,5,0.2787398999288984,0.9155774587529463,4667,1.8646500205993652,0.8508997429305912,778,1.8587703194481116,0.8568,0.8128269012425083,0.08533974987141767,,,0.9562717745922018,,0.9562873349731439,0.04371266502685611,0.9619839581629606,0.39098911088985966,5,0.1,0.5,0.6201279955469459,0.6345883622972607,0.626188349963854,0.6166160208396678,0.6366019797966881,1.0,0.6274375889722089,0.6353240576780325,0.4362138415075721,0.5020197803409664,0.6382311580532918,0.6297411160292138
2,6,0.2913285318216575,0.9106669660902762,4453,1.8668746203184128,0.8504043126684636,742,1.8588254566009814,0.8565,0.805390036580686,0.08475689079105168,,,0.9358558982682262,,0.9358767130164148,0.06412328698358516,0.9619522534145255,0.3909842647066834,5,0.1,0.5,0.6053698882980841,0.6245182524933249,0.6161002145582203,0.6167460604862907,0.6294880173355232,0.6274375889722089,1.0,0.6302267930236923,0.44882098603627657,0.49099308372247036,0.6296439015761744,0.6162989816479488
2,7,0.28218718679038,0.9155950432546177,4277,1.857543556586556,0.8681626928471248,713,1.8587700216153178,0.8568,0.8123726790530413,0.08524132786905539,,,0.9528243350729879,,0.9528336930876964,0.04716630691230361,0.9619789247450765,0.3909885204521502,5,0.1,0.5,0.6150652048903733,0.6247666042756308,0.6218572522801702,0.621217054958868,0.6343014862991333,0.6353240576780325,0.6302267930236923,1.0,0.4372694526950984,0.5095496203131775,0.6420338893951654,0.6288493032059583
2,8,0.4002342870175532,0.8937757326229111,4129,1.8763694112951106,0.8343023255813954,688,1.8607655279933455,0.8558,0.6111875686503542,0.07582566949948895,,,0.6230209173048872,,0.6230359921690678,0.3769640078309322,0.9574569232949701,0.3888943241958512,5,0.1,0.5,0.43086778294260575,0.4405700387983438,0.4350344503450401,0.4290287472273935,0.44155833140522405,0.4362138415075721,0.44882098603627657,0.4372694526950984,1.0,0.361419081425471,0.44153991960494776,0.4405889143960863
2,9,0.3686401998608874,0.9011247188202949,4001,1.8805927435557048,0.8320839580209896,667,1.8681592792748642,0.8542,0.6721016756678312,0.07374097305871823,,,0.55,,0.5500125495708047,0.4499874504291953,0.9540268740630176,0.38710190906585923,5,0.1,0.5,0.49327880721797024,0.4979285505486466,0.4981268762596149,0.4975017493409578,0.49957867884491974,0.5020197803409664,0.49099308372247036,0.5095496203131775,0.361419081425471,1.0,0.5113994183409545,0.4930023969515568
2,10,0.2813223949954158,0.9173566469529442,3889,1.839941246168954,0.8811728395061729,648,1.8588096764140998,0.8567,0.8170078287373508,0.08532281512060795,,,0.9556785990035305,,0.955700015059485,0.044299984940515014,0.9619795730464205,0.39098902506864086,5,0.1,0.5,0.61999894427691,0.6359287414047349,0.6267044979628348,0.6228762776416794,0.6417035601786012,0.6382311580532918,0.6296439015761744,0.6420338893951654,0.44153991960494776,0.5113994183409545,1.0,0.6341672018769189
2,11,0.3244734074638671,0.9053547876549723,3791,1.870359081029892,0.8354430379746836,632,1.858848436191059,0.8564,0.8059214073972177,0.08423312130574465,,,0.9175097604203155,,0.9175292404999749,0.08247075950002514,0.961871522716504,0.39097680891178876,5,0.1,0.5,0.6147511440673309,0.6210213476465214,0.6224680520730586,0.613138533606715,0.6299771630365504,0.6297411160292138,0.6162989816479488,0.6288493032059583,0.4405889143960863,0.4930023969515568,0.6341672018769189,1.0
3,0,0.21562610198544332,0.9356708059410762,8214,1.626714365426884,0.9284149013878744,1369,1.6407789003353912,0.9052,0.7944368823639038,0.0849458658810276,,,0.9523343803299444,,0.9523517895687967,0.047648210431203264,0.964622006647587,0.3949446011767042,5,0.1,0.5,1.0,0.6027898776322146,0.6036530078725096,0.6074782206852379,0.6105755163413131,0.6099191499926409,0.5927101819318533,0.6098470334517214,0.6064789827404635,0.44886890020943926,0.6058283602512392,0.6042237702248511
3,1,0.22656563706854269,0.9300273805902038,6574,1.6376874787466866,0.9114963503649635,1096,1.6408160441218855,0.9052,0.7999858682118458,0.08500819986910103,,,0.9541843139287279,,0.9541990863912454,0.0458009136087546,0.9646221969856167,0.3949449648549088,5,0.1,0.5,0.6027898776322146,1.0,0.6110147084551643,0.6042189397173984,0.6109509018912893,0.615041598839848,0.6120409281019704,0.6133748344630839,0.6114863359373175,0.46166626498099433,0.609742031209277,0.6047786820869507
3,2,0.25398178315459036,0.925367456337541,5783,1.639471488614236,0.9056016597510373,964,1.6408465247565565,0.9052,0.7989700685830873,0.08470252997176365,,,0.9451127138162033,,0.9451332764419457,0.05486672355805433,0.9646038908925709,0.3949429597708793,5,0.1,0.5,0.6036530078725096,0.6110147084551643,1.0,0.6127273302973973,0.6090068355222449,0.6079610033016626,0.6026209671310939,0.6198902941621817,0.6024740589681541,0.45630707602872583,0.6119006754890121,0.6103812248224099
3,3,0.2496501473205007,0.9257802156232268,5287,1.6358125976153783,0.9091940976163451,881,1.6409181108870827,0.9049,0.7996065536526912,0.08440332848962337,,,0.936233081825306,,0.9362532001405552,0.06374679985944476,0.9646090865828092,0.3949402332890171,5,0.1,0.5,0.6074782206852379,0.6042189397173984,0.6127273302973973,1.0,0.6119749265783823,0.6075542847017108,0.6084215832838615,0.6210265435703967,0.6123476515853529,0.46116220946390457,0.6072369408642334,0.6035510834501725
3,4,0.23798645555973053,0.9287943262411348,4935,1.6407671020581172,0.902676399026764,822,1.6408081850685632,0.9051,0.8055228604787028,0.08554111347515603,,,0.9699999999703222,,0.9700015059484965,0.029998494051503455,0.9646181768750139,0.3949469798404484,5,0.1,0.5,0.6105755163413131,0.6109509018912893,0.6090068355222449,0.6119749265783823,1.0,0.6143136744221371,0.6186918297246893,0.6204729826301421,0.6256808854706487,0.4608566683001572,0.616929462586219,0.6082341909680559
3,5,0.25822126870107365,0.9228197985858153,4667,1.6492448043823242,0.8958868894601543,778,1.640807544080594,0.9051,0.8055440252661631,0.08528019431033534,,,0.962256501688139,,0.9622709703328146,0.03772902966718539,0.9646207103840505,0.39494619682928506,5,0.1,0.5,0.6099191499926409,0.615041598839848,0.6079610033016626,0.6075542847017108,0.6143136744221371,1.0,0.6161563354490593,0.6245459255784385,0.6231993183250064,0.4548691158388711,0.6227749955495334,0.6122173608408289
3,6,0.2530652955693326,0.9249045587244554,4453,1.652533158659935,0.8962264150943396,742,1.6408754073011989,0.9052,0.8032074188487138,0.08480895946528719,,,0.9482713035688553,,0.948280708799759,0.05171929120024099,0.9646068814666622,0.3949437322915321,5,0.1,0.5,0.5927101819318533,0.6120409281019704,0.6026209671310939,0.6084215832838615,0.6186918297246893,0.6161563354490593,1.0,0.6221946884512644,0.6287763356738385,0.45815995622277533,0.6171682968851382,0.6136602207496272
3,7,0.25934931594850635,0.9231236848258125,4277,1.6374241320983223,0.9074333800841514,713,1.6408056119760386,0.9052,0.8108118945318055,0.08539958841794332,,,0.9657998522419418,,0.9658149691280559,0.03418503087194413,0.9646220075421764,0.3949466026141637,5,0.1,0.5,0.6098470334517214,0.6133748344630839,0.6198902941621817,0.6210265435703967,0.6204729826301421,0.6245459255784385,0.6221946884512644,1.0,0.6333753262206067,0.4623207350843625,0.6164727353485627,0.6166685950445359
3,8,0.2658696551122613,0.9179462339549528,4129,1.6648078831759365,0.8924418604651163,688,1.6434209849506902,0.9045,0.8049171890925735,0.07890633721151026,,,0.7730946533066553,,0.7731087796797349,0.2268912203202651,0.959630035662239,0.39456775535922,5,0.1,0.5,0.6064789827404635,0.6114863359373175,0.6024740589681541,0.6123476515853529,0.6256808854706487,0.6231993183250064,0.6287763356738385,0.6333753262206067,1.0,0.4616481747668072,0.6266474509264129,0.6136501400463783
3,9,0.41539688376295897,0.8927268182954261,4001,1.6732113418124972,0.8755622188905547,667,1.6562290302099891,0.9024,0.6305926239011796,0.07138910552945964,,,0.55,,0.5500125495708047,0.4499874504291953,0.9566827030812992,0.3908243741846145,5,0.1,0.5,0.44886890020943926,0.46166626498099433,0.45630707602872583,0.46116220946390457,0.4608566683001572,0.4548691158388711,0.45815995622277533,0.4623207350843625,0.4616481747668072,1.0,0.4626666952617448,0.4514088574334439
3,10,0.2557243385611743,0.9264592440215994,3889,1.6183063756851923,0.9243827160493827,648,1.6408493804474609,0.9049,0.8060282871075981,0.08528590431039035,,,0.962425961741591,,0.9624416444957582,0.0375583555042418,0.964621299708318,0.39494620821650706,5,0.1,0.5,0.6058283602512392,0.609742031209277,0.6119006754890121,0.6072369408642334,0.616929462586219,0.6227749955495334,0.6171682968851382,0.6164727353485627,0.6266474509264129,0.4626666952617448,1.0,0.617254496870286
3,11,0.2943052260126887,0.9120548667897652,3791,1.6567191898822784,0.8813291139240507,632,1.6408941829547334,0.9049,0.7994962027503454,0.0843288730684023,,,0.9340234111530852,,0.9340344360222881,0.06596556397771192,0.9646020640464192,0.39493947073738156,5,0.1,0.5,0.6042237702248511,0.6047786820869507,0.6103812248224099,0.6035510834501725,0.6082341909680559,0.6122173608408289,0.6136602207496272,0.6166685950445359,0.6136501400463783,0.4514088574334439,0.617254496870286,1.0
4,0,0.20132480559558952,0.9400048697345995,8214,1.3782904952071433,0.9444850255661067,1369,1.3959874364133842,0.9261,0.7876328710056487,0.0842585437217351,,,0.935624889477648,,0.9356407810852869,0.06435921891471308,0.9678801732687982,0.3962114011329317,5,0.1,0.5,1.0,0.5896955084402568,0.5958266750564299,0.5957340310867536,0.5962124755259106,0.5975798259359549,0.5903486050471686,0.5887665121313087,0.5937679362496953,0.5519847152183763,0.5905721848304755,0.585714664587723
4,1,0.2121835371856894,0.9360206875570429,6574,1.3910890477044242,0.9315693430656934,1096,1.396019079052983,0.926,0.7911731746863171,0.08442430461699367,,,0.9418195720708387,,0.9418352492344761,0.058164750765523854,0.9678895531944959,0.3962136470287443,5,0.1,0.5,0.5896955084402568,1.0,0.602475985726644,0.5960738804928356,0.6013680085197514,0.6058143921728513,0.590752725300866,0.5882901821739799,0.5954096290268199,0.5578226785220399,0.5989954063651651,0.5831825405345156
4,2,0.23210939380818804,0.9316271831229466,5783,1.3951331800030125,0.921161825726141,964,1.3960588865767654,0.926,0.7932851285023053,0.08429464106172635,,,0.9369738901774542,,0.9369860950755484,0.06301390492445158,0.9678764474865627,0.39621186893334726,5,0.1,0.5,0.5958266750564299,0.602475985726644,1.0,0.5961888923067863,0.6014282957730992,0.6020854881996768,0.5969045617889515,0.5962207704850163,0.5961005713514788,0.5572023659953614,0.5955912228584008,0.5909915038092952
4,3,0.22962221363166638,0.9307735956118782,5287,1.3904780447483063,0.9341657207718501,881,1.396134798900007,0.926,0.7931448212477411,0.08409027041564586,,,0.9293363150916112,,0.9293459163696601,0.07065408363033987,0.9678649146433244,0.3962085435728766,5,0.1,0.5,0.5957340310867536,0.5960738804928356,0.5961888923067863,1.0,0.6055560450035262,0.5970214038733965,0.5975694590702976,0.6021360583184076,0.596673193225039,0.5611429654469771,0.5959143203099543,0.5877293109152567
4,4,0.21448071905441823,0.9354812563323202,4935,1.3943995833396912,0.9330900243309003,822,1.39600051173006,0.926,0.802540869487771,0.085178372785272,,,0.9699999999626288,,0.9700015059484965,0.029998494051503455,0.9679100251092176,0.39621936791305984,5,0.1,0.5,0.5962124755259106,0.6013680085197514,0.6014282957730992,0.6055560450035262,1.0,0.6030897896460415,0.6120690972825459,0.6085164806601154,0.6071383152056514,0.5711536899474697,0.6146042077659268,0.5952716691505509
4,5,0.23539394310114217,0.9298907220912792,4667,1.406925311088562,0.9241645244215938,778,1.3959944309137118,0.926,0.8004519806397418,0.08493115660774046,,,0.9607612362040183,,0.9607800813212188,0.03921991867878116,0.9679030743391405,0.3962182546981578,5,0.1,0.5,0.5975798259359549,0.6058143921728513,0.6020854881996768,0.5970214038733965,0.6030897896460415,1.0,0.6067457043930001,0.6030400339040195,0.6121594720694182,0.565186018023496,0.6052417327827959,0.5996149990473104
4,6,0.23904241390792386,0.9293959128677296,4453,1.4111233403285344,0.9177897574123989,742,1.3960773788701992,0.9261,0.7979957758115765,0.08453085673032193,,,0.9458015517812679,,0.945820992922042,0.054179007077957975,0.9678915145055829,0.39621491267826703,5,0.1,0.5,0.5903486050471686,0.590752725300866,0.5969045617889515,0.5975694590702976,0.6120690972825459,0.6067457043930001,1.0,0.6088855515879742,0.6031196612079663,0.5671558141247796,0.6074483954216113,0.595385129966208
4,7,0.2389814826687659,0.9277530979658639,4277,1.3910763108212014,0.9228611500701263,713,1.3959938889494339,0.9261,0.799111597171592,0.08496371848285388,,,0.9619781123595921,,0.9619948797751117,0.038005120224888334,0.9679041265746346,0.39621841623652415,5,0.1,0.5,0.5887665121313087,0.5882901821739799,0.5962207704850163,0.6021360583184076,0.6085164806601154,0.6030400339040195,0.6088855515879742,1.0,0.6119473863508369,0.5741036548923777,0.6028604265782824,0.601172830374802
4,8,0.2471996484295736,0.9251150399612497,4129,1.4267284653403542,0.9113372093023255,688,1.3990654236973283,0.9261,0.7963928013359172,0.08053992243953143,,,0.7966555717045936,,0.7966718538225993,0.2033281461774007,0.966918966682047,0.3959242582458799,5,0.1,0.5,0.5937679362496953,0.5954096290268199,0.5961005713514788,0.596673193225039,0.6071383152056514,0.6121594720694182,0.6031196612079663,0.6119473863508369,1.0,0.5663871777736174,0.606406707697297,0.5997978543228093
4,9,0.27313731786756157,0.9211697075731067,4001,1.4394233170009794,0.8995502248875562,667,1.4176933053202523,0.9252,0.751097390759349,0.07393977016841868,,,0.55,,0.5500125495708047,0.4499874504291953,0.9596013219154113,0.3919015876842691,5,0.1,0.5,0.5519847152183763,0.5578226785220399,0.5572023659953614,0.5611429654469771,0.5711536899474697,0.565186018023496,0.5671558141247796,0.5741036548923777,0.5663871777736174,1.0,0.5757241242456245,0.5569483967510016
4,10,0.23092606233310747,0.9329904859861147,3889,1.3700098934627714,0.9382716049382716,648,1.3960355028938563,0.926,0.8002731580484136,0.08492868903988288,,,0.9606690202466235,,0.9606847045831033,0.03931529541689671,0.9679032261328959,0.3962182478174462,5,0.1,0.5,0.5905721848304755,0.5989954063651651,0.5955912228584008,0.5959143203099543,0.6146042077659268,0.6052417327827959,0.6074483954216113,0.6028604265782824,0.606406707697297,0.5757241242456245,1.0,0.6037288205404684
4,11,0.267315384008366,0.9223423898707465,3791,1.4154335916042329,0.9098101265822784,632,1.3961098365509472,0.926,0.7896992771571884,0.08391975392987765,,,0.9229639104023591,,0.9229757542292054,0.07702424577079459,0.9678560061086914,0.39620525280154534,5,0.1,0.5,0.585714664587723,0.5831825405345156,0.5909915038092952,0.5877293109152567,0.5952716691505509,0.5996149990473104,0.595385129966208,0.601172830374802,0.5997978543228093,0.5569483967510016,0.6037288205404684,1.0
5,0,0.18926025236366092,0.944290236182128,8214,1.1317139489706172,0.9539810080350621,1369,1.1525225526989458,0.9374,0.7835649700269481,0.084119094215747,,,0.9415082337621705,,0.941529039706842,0.058470960293158014,0.9686070908426487,0.38959806708261097,5,0.1,0.5,1.0,0.5815413668037126,0.5807906949195141,0.5719224696784899,0.5788790744043253,0.583908525847055,0.5708881142090168,0.5759512616544662,0.5748060908011234,0.545415710630829,0.5824648543939588,0.5716382010335141
5,1,0.19445211719902394,0.9409796166717371,6574,1.146758920805795,0.9443430656934306,1096,1.1525542332341496,0.9375,0.7801903463869877,0.08411115083420954,,,0.9411309918569399,,0.9411525525827017,0.058847447417298304,0.9686129290827585,0.38959793382937286,5,0.1,0.5,0.5815413668037126,1.0,0.5830677461683924,0.5675745518915101,0.5733011420062422,0.5867684304060566,0.5668094670518317,0.5652360253707575,0.5761285079965272,0.548384846216063,0.5741806681546108,0.563769940470318
5,2,0.2159724947054824,0.9348089227044787,5783,1.1523449497838174,0.9315352697095436,964,1.1525900316314575,0.9373,0.7833668158404997,0.08413629902815505,,,0.9423253135135772,,0.9423422518949852,0.05765774810501478,0.9686055916270755,0.38959827344609965,5,0.1,0.5,0.5807906949195141,0.5830677461683924,1.0,0.5798613945918366,0.5756578595347406,0.5774057357312686,0.5660276362976501,0.5810627904042807,0.5748860716719464,0.5471850951901132,0.5744965074429368,0.5761272410545609
5,3,0.2162711412505617,0.9364100624172499,5287,1.1463135523455483,0.945516458569807,881,1.1526552983366263,0.9374,0.7759417500016416,0.08373737394231723,,,0.9233798230173408,,0.9233923999799207,0.07660760002007927,0.9685985505395922,0.3895904661183343,5,0.1,0.5,0.5719224696784899,0.5675745518915101,0.5798613945918366,1.0,0.576188104263065,0.5731176821646746,0.5625622065551239,0.5705265294144627,0.5710629617129392,0.5459940823816735,0.568369109595746,0.5615769402561238
5,4,0.20334767596645942,0.9385612968591692,4935,1.1495733261108398,0.9452554744525548,822,1.1525102198695223,0.9374,0.783094268547976,0.08471903013587583,,,0.9699999999525086,,0.9700015059484965,0.029998494051503455,0.9686348252520096,0.3896033916617823,5,0.1,0.5,0.5788790744043253,0.5733011420062422,0.5756578595347406,0.576188104263065,1.0,0.5743153008384672,0.5718602826584118,0.581919949626523,0.5790476362675624,0.5483388411732215,0.5845286422700795,0.5657748746110972
5,5,0.2191893076256224,0.9343904006856653,4667,1.1651731753349304,0.9305912596401028,778,1.1525021107813802,0.9373,0.7860788722438162,0.08465861678737069,,,0.9671308885313853,,0.9671502434616737,0.032849756538326336,0.9686304856929552,0.3896031324415532,5,0.1,0.5,0.583908525847055,0.5867684304060566,0.5774057357312686,0.5731176821646746,0.5743153008384672,1.0,0.5748925871587136,0.5844370732056878,0.5873175815927633,0.5489673812805326,0.578270728362276,0.5697040452032365
5,6,0.22134640125158642,0.9350999326296878,4453,1.1702607621749241,0.9231805929919138,742,1.1526095173991144,0.9374,0.7759630561228634,0.08403344091010638,,,0.9374404427267248,,0.9374529391094825,0.06254706089051754,0.9686102128506163,0.3895966398071131,5,0.1,0.5,0.5708881142090168,0.5668094670518317,0.5660276362976501,0.5625622065551239,0.5718602826584118,0.5748925871587136,1.0,0.5790046825675547,0.579275487409403,0.538554872325395,0.5684154883918724,0.5678205601638584
5,7,0.21441869226687435,0.9351882160392798,4277,1.1462878273881,0.9424964936886395,713,1.1525028768819743,0.9373,0.7854709438422677,0.08465899592576008,,,0.967148894324974,,0.9671602831183174,0.032839716881682635,0.9686308356074275,0.3896031327488905,5,0.1,0.5,0.5759512616544662,0.5652360253707575,0.5810627904042807,0.5705265294144627,0.581919949626523,0.5844370732056878,0.5790046825675547,1.0,0.5881018676589023,0.5520535149035709,0.5797985375220653,0.5755936375767399
5,8,0.22095862905687122,0.9330588520222814,4129,1.1886193589730696,0.9229651162790697,688,1.1557867485113418,0.9374,0.7844014431421609,0.08165609292686614,,,0.8245369798418767,,0.824551980322273,0.17544801967772705,0.9678719176183721,0.3894250980741607,5,0.1,0.5,0.5748060908011234,0.5761285079965272,0.5748860716719464,0.5710629617129392,0.5790476362675624,0.5873175815927633,0.579275487409403,0.5881018676589023,1.0,0.5435680560904574,0.5865441490357779,0.583611835166147
5,9,0.26527243304317166,0.9241689577605599,4001,1.2053241048540388,0.9190404797601199,667,1.1793711179742417,0.9366,0.7459398087390537,0.07587531420958606,,,0.55,,0.5500125495708047,0.4499874504291953,0.9604272516879003,0.38528419919453394,5,0.1,0.5,0.545415710630829,0.548384846216063,0.5471850951901132,0.5459940823816735,0.5483388411732215,0.5489673812805326,0.538554872325395,0.5520535149035709,0.5435680560904574,1.0,0.5637587549465846,0.5433059939675391
5,10,0.2153464906818432,0.9362818205194138,3889,1.1238068143526714,0.9475308641975309,648,1.1525386095808718,0.9373,0.7857930627000497,0.08464688010117116,,,0.9665734974703959,,0.966588022689624,0.03341197731037604,0.9686306419041468,0.38960307506013653,5,0.1,0.5,0.5824648543939588,0.5741806681546108,0.5744965074429368,0.568369109595746,0.5845286422700795,0.578270728362276,0.5684154883918724,0.5797985375220653,0.5865441490357779,0.5637587549465846,1.0,0.5774199660555888
5,11,0.24404019366229782,0.9270377209179635,3791,1.1746685057878494,0.9224683544303798,632,1.1526322560950208,0.9374,0.7766399370571042,0.08364771098283474,,,0.919121608111722,,0.9191355855629737,0.0808644144370263,0.9685873358303985,0.38958811612336064,5,0.1,0.5,0.5716382010335141,0.563769940470318,0.5761272410545609,0.5615769402561238,0.5657748746110972,0.5697040452032365,0.5678205601638584,0.5755936375767399,0.583611835166147,0.5433059939675391,0.5774199660555888,1.0
6,0,0.18041905279992446,0.946481616751887,8214,0.9150527369144351,0.9620160701241782,1369,0.9378846615267257,0.9455,0.7690084367069266,0.08475245325294783,,,0.9391671074608308,,0.9391797600522063,0.06082023994779373,0.9621881334360673,0.3726371761678187,5,0.1,0.5,1.0,0.5591369990389318,0.5597343434786959,0.5558928481990864,0.5630600569625676,0.563538272230427,0.5388276595577361,0.5482901257636678,0.3831954260208663,0.4854156962923364,0.5565517029959982,0.5499419274323732
6,1,0.18355212912112656,0.944478247642227,6574,0.9310844251087733,0.9470802919708029,1096,0.9379122744733914,0.9455,0.7669086876388717,0.08467187520893271,,,0.93558666582762,,0.9356056422870338,0.0643943577129662,0.9621884871275236,0.37263597265342135,5,0.1,0.5,0.5591369990389318,1.0,0.5692510658424222,0.5558884271003082,0.5587627012203892,0.5604484465902886,0.5461491999449427,0.5466039776315255,0.3740758925074874,0.47476944285168343,0.5551716452030013,0.5434942382962885
6,2,0.20300462953694864,0.9395123638250044,5783,0.9390785155757781,0.9398340248962656,964,0.9379402776114857,0.9456,0.7721085073811715,0.08487514449455053,,,0.9446188261620463,,0.9446312936097585,0.055368706390241496,0.9621954357766164,0.37263879259717353,5,0.1,0.5,0.5597343434786959,0.5692510658424222,1.0,0.5597967654506617,0.564391021161397,0.5593994179177025,0.5407263411935229,0.5584132697332836,0.38283455745343703,0.48412277420696836,0.561949160631074,0.550145323797689
6,3,0.19503228573734502,0.9392850387743522,5287,0.9310029149055481,0.9523269012485811,881,0.9379913705987291,0.9457,0.7641686919970483,0.08431952309748587,,,0.9199300910770931,,0.919943777922795,0.08005622207720497,0.9621538769115878,0.37262884295401816,5,0.1,0.5,0.5558928481990864,0.5558884271003082,0.5597967654506617,1.0,0.5645132659987909,0.5458513582206139,0.5432705898611758,0.5529744963938027,0.3734248322572873,0.4752809936327961,0.5505348242347683,0.5440951811308107
6,4,0.18502628690052417,0.9429381965552178,4935,0.9341973685301267,0.9525547445255474,822,0.9378592120572782,0.9455,0.7769912768121441,0.08544634926440893,,,0.9699999999555655,,0.9700015059484965,0.029998494051503455,0.9622227066370277,0.3726429767553396,5,0.1,0.5,0.5630600569625676,0.5587627012203892,0.564391021161397,0.5645132659987909,1.0,0.5608695443120217,0.5542973652941996,0.5666946976546129,0.3891475656328342,0.4875778740717532,0.571742152997156,0.5503860211455431
6,5,0.19741100940394074,0.9416327405185344,4667,0.9524903535842896,0.9395886889460154,778,0.9378584069184983,0.9455,0.7702107127466679,0.08516249803444227,,,0.9573872246787172,,0.9574017368605994,0.04259826313940063,0.9622159404429348,0.3726415239299225,5,0.1,0.5,0.563538272230427,0.5604484465902886,0.5593994179177025,0.5458513582206139,0.5608695443120217,1.0,0.5486654767387469,0.5571106721709358,0.38521025739893994,0.47909936520086266,0.5615536799243314,0.5490183431886754
6,6,0.20185095612558404,0.9386031888614417,4453,0.9568410192926725,0.9366576819407008,742,0.937962509191836,0.9456,0.7567064493715385,0.0842537563478126,,,0.917007781265664,,0.9170272576677878,0.08297274233221219,0.9621553213074399,0.37262725847138833,5,0.1,0.5,0.5388276595577361,0.5461491999449427,0.5407263411935229,0.5432705898611758,0.5542973652941996,0.5486654767387469,1.0,0.5502986150232738,0.37779158448830763,0.4650157728794258,0.5468127954170441,0.5411495322139599
6,7,0.19524805565684367,0.9413140051437924,4277,0.9300504145414933,0.9523141654978962,713,0.9378581386023817,0.9455,0.7688587186329724,0.08511435218137535,,,0.9552478898401238,,0.9552632899954822,0.04473671000451784,0.9622145355924799,0.3726411708523395,5,0.1,0.5,0.5482901257636678,0.5466039776315255,0.5584132697332836,0.5529744963938027,0.5666946976546129,0.5571106721709358,0.5502986150232738,1.0,0.3795758897815119,0.4833790429012104,0.5642396560978421,0.5514463801436849
6,8,0.2927693489862185,0.9205618793896827,4129,0.9806327603080056,0.9316860465116279,688,0.944651055831117,0.9455,0.5738618146240761,0.07609044724209814,,,0.5542755737007349,,0.5542894433010391,0.44571055669896087,0.9519777663131452,0.3685352389423317,5,0.1,0.5,0.3831954260208663,0.3740758925074874,0.38283455745343703,0.3734248322572873,0.3891475656328342,0.38521025739893994,0.37779158448830763,0.3795758897815119,1.0,0.3380120989557397,0.3795295665951246,0.3780618189506416
6,9,0.25757664210340453,0.9289177705573607,4001,0.996524779569535,0.9265367316341829,667,0.9672257938324073,0.9445,0.6810089754212659,0.07599422521109166,,,0.55,,0.5500125495708047,0.4499874504291953,0.9535297712532237,0.3683903596143051,5,0.1,0.5,0.4854156962923364,0.47476944285168343,0.48412277420696836,0.4752809936327961,0.4875778740717532,0.47909936520086266,0.4650157728794258,0.4833790429012104,0.3380120989557397,1.0,0.49169433713387295,0.46967777024539425
