round,client_id,client_i_training_loss,client_i_training_accuracy,client_i_training_dataset_size,client_i_evaluation_loss,client_i_evaluation_accuracy,client_i_evaluation_dataset_size,client_i_central_evaluation_loss,client_i_central_evaluation_accuracy,client_i_cosine_similarity,client_i_importance_coefficient,client_i_tanh_val,tanh_normalization_value,client_i_q,client_i_mask_order,client_i_v_nonzero_fraction,client_i_v_sparsity,client_i_v_cosine_similarity,client_i_reward_gradient_norm,local_epochs,learning_rate,gamma,client_0_cosine_similarity,client_1_cosine_similarity,client_2_cosine_similarity,client_3_cosine_similarity,client_4_cosine_similarity,client_5_cosine_similarity,client_6_cosine_similarity,client_7_cosine_similarity,client_8_cosine_similarity,client_9_cosine_similarity,client_10_cosine_similarity,client_11_cosine_similarity
0,0,2.1523068818600724,0.372291210129048,8214,2.2721041967702464,0.197954711468225,1369,2.2700087178629427,0.2035,0.9667390015672369,0.08165607958322182,,,0.55,,0.5500188476817351,0.44998115231826485,0,0.0983473960766876,5,0.001,0.1,1.0,0.9840244965691165,0.974195637767174,0.9593997940634706,0.9517008904665893,0.9431892963209287,0.9408454136337867,0.9313650607234163,0.9292556059246896,0.9198050960359069,0.9143401881493666,0.9090111223858928
0,1,2.2038604097458925,0.2969272893215698,6574,2.269603020804269,0.21076642335766424,1096,2.269805727675319,0.2034,0.9875694345864195,0.08341553223136146,,,0.8943700567227618,,0.8943853239384889,0.10561467606151109,0,0.09857705424218942,5,0.001,0.1,0.9840244965691165,1.0,0.9833809944504447,0.9806796054568837,0.9714644244152293,0.9753415684814464,0.9680543080069519,0.9657572495382079,0.9608842764242056,0.9561411028148127,0.9585394140330439,0.9430178826736767
0,2,2.2216453317779203,0.32720041500951064,5783,2.269591692955263,0.2074688796680498,964,2.269805055837662,0.2034,0.9908705602689805,0.0836943634164201,,,0.948944478555738,,0.9489614444090043,0.05103855559099568,0,0.09857803923839904,5,0.001,0.1,0.974195637767174,0.9833809944504447,1.0,0.9849381153314097,0.9793321014513231,0.9757909105438406,0.9802350014408039,0.9736756778782751,0.9689473623482393,0.9689022806527744,0.9594797654307737,0.9560956106964159
0,3,2.2309274489621083,0.278721392093815,5287,2.2699006625584195,0.2054483541430193,881,2.269804844079307,0.2034,0.9939588328840506,0.08395521586369081,,,0.9999999998042743,,1.0,0.0,0,0.09857814826441093,5,0.001,0.1,0.9593997940634706,0.9806796054568837,0.9849381153314097,1.0,0.9877098048705382,0.9892142244314345,0.9850718808698155,0.9807987012004917,0.981415037278706,0.9716521648752562,0.9733097503114405,0.9711744560005551
0,4,2.2426935069791734,0.2680851063829787,4935,2.269725900429946,0.19829683698296838,822,2.2698048463644693,0.2034,0.9926145255802327,0.08384166829396733,,,0.9777758251055393,,0.9777935647248722,0.022206435275127778,0,0.09857813988618708,5,0.001,0.1,0.9517008904665893,0.9714644244152293,0.9793321014513231,0.9877098048705382,1.0,0.9831964676180998,0.9896640638287157,0.9815917674388309,0.9875534608532002,0.9778391862159822,0.9726877816899046,0.9810970288451191
0,5,2.2441862468850124,0.2549817870152132,4667,2.2660756492614746,0.2210796915167095,778,2.269804869977811,0.2034,0.9922590132435002,0.08381163977167333,,,0.9718984723182278,,0.9719169542146316,0.028083045785368355,0,0.09857812734473263,5,0.001,0.1,0.9431892963209287,0.9753415684814464,0.9757909105438406,0.9892142244314345,0.9831964676180998,1.0,0.9877739166288888,0.9848262915858152,0.986760898988892,0.9816647431471809,0.9800330365769501,0.9796225174640752
0,6,2.2490922617912292,0.2853806422636425,4453,2.269061932961146,0.21159029649595687,742,2.2698048478879107,0.2034,0.9932300436639954,0.08389365832804184,,,0.987951609604308,,0.9879664801229449,0.012033519877055143,0,0.09857814715193627,5,0.001,0.1,0.9408454136337867,0.9680543080069519,0.9802350014408039,0.9850718808698155,0.9896640638287157,0.9877739166288888,1.0,0.9869342576743302,0.9912839611317364,0.9891610446692405,0.9826707442135382,0.9858344628240315
0,7,2.2507273980041047,0.23619359364040216,4277,2.2690557293269946,0.2061711079943899,713,2.269805397850256,0.2034,0.9885861450644527,0.08350140917598953,,,0.9111783796543367,,0.9112032553329273,0.08879674466707266,0,0.09857759471713044,5,0.001,0.1,0.9313650607234163,0.9657572495382079,0.9736756778782751,0.9807987012004917,0.9815917674388309,0.9848262915858152,0.9869342576743302,1.0,0.9810374375538838,0.9865077005928896,0.9871832300827009,0.977945507588631
0,8,2.2551561194199783,0.2598207798498426,4129,2.2735844417051836,0.18023255813953487,688,2.2698057368159676,0.2034,0.9879720722700155,0.08344954121898027,,,0.9010264887715334,,0.901044838151574,0.09895516184842601,0,0.09857729308743547,5,0.001,0.1,0.9292556059246896,0.9608842764242056,0.9689473623482393,0.981415037278706,0.9875534608532002,0.986760898988892,0.9912839611317364,0.9810374375538838,1.0,0.9802589272213771,0.9810859380790081,0.9860773842862095
0,9,2.2549967326815166,0.26533366658335417,4001,2.269073281969343,0.20389805097451275,667,2.269806842072703,0.2037,0.9843188897636361,0.0831409733832052,,,0.8406318409127025,,0.8406549327766019,0.15934506722339814,0,0.0985738807949383,5,0.001,0.1,0.9198050960359069,0.9561411028148127,0.9689022806527744,0.9716521648752562,0.9778391862159822,0.9816647431471809,0.9891610446692405,0.9865077005928896,0.9802589272213771,1.0,0.9828098533074123,0.9856062775372565
0,10,2.255500283788462,0.23620467986628954,3889,2.269250165848505,0.2037037037037037,648,2.2698097990724606,0.2036,0.9816409283364067,0.0829147780698185,,,0.7963596105780244,,0.7963725461768203,0.2036274538231797,0,0.09856859511163847,5,0.001,0.1,0.9143401881493666,0.9585394140330439,0.9594797654307737,0.9733097503114405,0.9726877816899046,0.9800330365769501,0.9826707442135382,0.9871832300827009,0.9810859380790081,0.9828098533074123,1.0,0.9787521232261199
0,11,2.260965346488632,0.23439725666051173,3791,2.2675159573554993,0.1930379746835443,632,2.269815256801276,0.2036,0.9793957816473349,0.0827251406636296,,,0.7592427012965596,,0.7592667768531137,0.24073322314688628,0,0.09856153186729673,5,0.001,0.1,0.9090111223858928,0.9430178826736767,0.9560956106964159,0.9711744560005551,0.9810970288451191,0.9796225174640752,0.9858344628240315,0.977945507588631,0.9860773842862095,0.9856062775372565,0.9787521232261199,1.0
1,0,1.9694835186004638,0.47538349159970783,8214,2.2255325483721355,0.32578524470416365,1369,2.2227079472221885,0.3531,0.9758065318181876,0.08176112609709213,,,0.55,,0.5500188476817351,0.44998115231826485,0.9583922959174973,0.09900519133308805,5,0.001,0.1,1.0,0.991144526256471,0.9858775459129475,0.9771702736629817,0.9728359193012525,0.9666926079583239,0.966084455032506,0.9608021799530744,0.9569435487637175,0.9521130178318615,0.9465165892942629,0.9467705275773562
1,1,2.073942296481827,0.4000304228780043,6574,2.2208659376416886,0.354014598540146,1096,2.2221550971936113,0.3528,0.990841990967431,0.08332904509010118,,,0.8860617324457749,,0.8860826784972116,0.11391732150278844,0.9611172145131046,0.09925610142629783,5,0.001,0.1,0.991144526256471,1.0,0.9932400226507185,0.9905442635799004,0.9846224857925819,0.9863940104529364,0.983258472357672,0.9808229889416388,0.9779816754581877,0.9732495685861697,0.9733993098168287,0.9670228087104756
1,2,2.1081288209936235,0.45906968701366074,5783,2.2215861966533046,0.36410788381742737,964,2.2221527785158006,0.3529,0.9940382145180774,0.08360383953511615,,,0.9449601179299484,,0.9449841002889978,0.05501589971100218,0.9611341227897119,0.09925756893646431,5,0.001,0.1,0.9858775459129475,0.9932400226507185,1.0,0.9936947283049431,0.9892972179347218,0.9881763883995446,0.9895344601494791,0.9858925353783329,0.9817684593109627,0.9809105999633606,0.9761749493824601,0.9750246267972702
1,3,2.1309641433049396,0.41184036315490824,5287,2.223166389124734,0.34619750283768447,881,2.222152576659815,0.3529,0.9970195809421077,0.08386063186760367,,,0.9999999997856639,,1.0,0.0,0.9611349339773027,0.09925767369247128,5,0.001,0.1,0.9771702736629817,0.9905442635799004,0.9936947283049431,1.0,0.994414539023394,0.99411837438986,0.9925552264573464,0.9899417070495867,0.9900490783004887,0.9839092280477507,0.9843377161521195,0.9841843134583774
1,4,2.1529797841656593,0.42022289766970616,4935,2.220608298595135,0.3613138686131387,822,2.2221526193161742,0.3529,0.995516315736135,0.08374220361096117,,,0.9746165423014017,,0.9746377862189617,0.025362213781038312,0.9611347340057519,0.09925766362176376,5,0.001,0.1,0.9728359193012525,0.9846224857925819,0.9892972179347218,0.994414539023394,1.0,0.9911203944178127,0.9925966374562971,0.9884210941184355,0.9909497851433202,0.9841538337685338,0.9805228085815884,0.988053104447633
1,5,2.1586967920603817,0.38062995500321406,4667,2.219173984527588,0.37789203084832906,778,2.2221525499995907,0.3529,0.9969251813072885,0.08376932466649789,,,0.9804295651361696,,0.980446738384512,0.019553261615487982,0.9611362983604269,0.09925767017680501,5,0.001,0.1,0.9666926079583239,0.9863940104529364,0.9881763883995446,0.99411837438986,0.9911203944178127,1.0,0.9941246359874577,0.9925317818071339,0.9932383837220449,0.98941844348865,0.9890476069503364,0.9888298308255735
1,6,2.1659970705849783,0.42807096339546374,4453,2.220263044039408,0.35175202156334234,742,2.2221525576167975,0.3529,0.9972583753536622,0.08383051910018581,,,0.9935457449215379,,0.9935627917766114,0.0064372082233885575,0.96113524344291,0.09925767365237913,5,0.001,0.1,0.966084455032506,0.983258472357672,0.9895344601494791,0.9925552264573464,0.9925966374562971,0.9941246359874577,1.0,0.9928554098029325,0.9949972094201686,0.9924174211022093,0.9888299675422942,0.9904032648284058
1,7,2.172191711681992,0.3769464577975216,4277,2.221128121666286,0.3548387096774194,713,2.222152792988494,0.3528,0.9953223943225671,0.08352677977527853,,,0.9284434250980156,,0.9284609659678527,0.07153903403214734,0.9611393737595966,0.09925726716085755,5,0.001,0.1,0.9608021799530744,0.9808229889416388,0.9858925353783329,0.9899417070495867,0.9884210941184355,0.9925317818071339,0.9928554098029325,1.0,0.9905171394335589,0.9922784310748041,0.9932007291613175,0.9873389714019216
1,8,2.177605736072247,0.39564059094211673,4129,2.224962429566817,0.3488372093023256,688,2.222153389415802,0.3528,0.9946120150286873,0.08347191576479196,,,0.9166840838978328,,0.9167125776862779,0.0832874223137221,0.9611345016845374,0.09925711874403162,5,0.001,0.1,0.9569435487637175,0.9779816754581877,0.9817684593109627,0.9900490783004887,0.9909497851433202,0.9932383837220449,0.9949972094201686,0.9905171394335589,1.0,0.9876964087145417,0.990307830159693,0.9916124867923498
1,9,2.1799913576671055,0.3900024993751562,4001,2.2224595092591786,0.3328335832083958,667,2.2221606470906314,0.3528,0.9921525166041605,0.08320267700858375,,,0.8589764834055189,,0.8589951769265713,0.14100482307342865,0.9610499864642997,0.09925445747256012,5,0.001,0.1,0.9521130178318615,0.9732495685861697,0.9809105999633606,0.9839092280477507,0.9841538337685338,0.98941844348865,0.9924174211022093,0.9922784310748041,0.9876964087145417,1.0,0.989777013459458,0.9909151022663211
1,10,2.180550452920257,0.33859604011313965,3889,2.2211386249178933,0.3595679012345679,648,2.2221685773648394,0.3527,0.9905539462912398,0.08301192326786135,,,0.8180910595644211,,0.8181150385169291,0.18188496148307087,0.9610239041922306,0.09925090171627002,5,0.001,0.1,0.9465165892942629,0.9733993098168287,0.9761749493824601,0.9843377161521195,0.9805228085815884,0.9890476069503364,0.9888299675422942,0.9932007291613175,0.990307830159693,0.989777013459458,1.0,0.9856206401722368
1,11,2.1904530949953225,0.3800580321814825,3791,2.2216944098472595,0.37183544303797467,632,2.2221822708178633,0.3527,0.9903887950784904,0.08289001421592644,,,0.7919615417916688,,0.7919795865108592,0.2080204134891408,0.9608870382408247,0.09924682588155757,5,0.001,0.1,0.9467705275773562,0.9670228087104756,0.9750246267972702,0.9841843134583774,0.988053104447633,0.9888298308255735,0.9904032648284058,0.9873389714019216,0.9916124867923498,0.9909151022663211,0.9856206401722368,1.0
2,0,1.7737635530386453,0.541027514000487,8214,2.168608488038529,0.4024835646457268,1369,2.1651464674038627,0.4306,0.9846188585819586,0.08203508429910422,,,0.55,,0.5500188476817351,0.44998115231826485,0.9837156321423188,0.09921958504920879,5,0.001,0.1,1.0,0.9933827164329911,0.9903802521681841,0.9857697238004314,0.9834822318676776,0.9797950814496634,0.9785164785914937,0.9735409258227085,0.9723689294477944,0.9689007101567171,0.9623212425028231,0.9673231245310873
2,1,1.906081705417448,0.487557042896258,6574,2.1618508679526194,0.4443430656934307,1096,2.1640993741373666,0.4324,0.9937585456680481,0.08329337310362578,,,0.8790929301572196,,0.8791138689941137,0.1208861310058863,0.9853039371915496,0.0994921548621475,5,0.001,0.1,0.9933827164329911,1.0,0.9948794359290433,0.9936099473707122,0.990401790331596,0.9913057968179806,0.9890225897271727,0.9869561575794016,0.9846238814942986,0.981880858694888,0.9800685153121125,0.9785219767507227
2,2,1.9534276571063047,0.5283071070378696,5783,2.162940517548592,0.4429460580912863,964,2.1640947573482037,0.4324,0.9961660709754415,0.0835399431103171,,,0.9435808646435986,,0.9436019369617537,0.05639806303824635,0.98531696369465,0.09949363909512703,5,0.001,0.1,0.9903802521681841,0.9948794359290433,1.0,0.9967794298532936,0.9937298697912701,0.9932722381520581,0.993403237491732,0.9895044800344852,0.9883000852329621,0.9866985654616602,0.9820843848689729,0.9842531726217445
2,3,1.9930659090179994,0.4820881407225269,5287,2.1661738668169295,0.43132803632236094,881,2.164094482367031,0.4326,0.9979611353503931,0.08375566201384,,,0.9999999997384599,,1.0,0.0,0.9853201897880101,0.09949371054420286,5,0.001,0.1,0.9857697238004314,0.9936099473707122,0.9967794298532936,1.0,0.9959408454878519,0.9956928858685855,0.9950277807864943,0.9927433694549544,0.9932559594417579,0.9892771028676697,0.9880329116479518,0.9884904980460075
2,4,2.0272417756049865,0.4956838905775076,4935,2.1610275140175452,0.44282238442822386,822,2.1640945166444627,0.4325,0.9967057679495243,0.08364235813450865,,,0.9703664962745964,,0.9703898087201941,0.02961019127980591,0.98532041250252,0.09949370015058509,5,0.001,0.1,0.9834822318676776,0.990401790331596,0.9937298697912701,0.9959408454878519,1.0,0.993317088215827,0.9943808187407992,0.9909819867810805,0.9933482741329339,0.9885210804344922,0.9848804549935021,0.9906385284142922
2,5,2.0403057547464765,0.47199485751017783,4667,2.1620294666290283,0.4434447300771208,778,2.164094444280996,0.4326,0.9981302599399098,0.08370505552309777,,,0.986764375084179,,0.9867872918297717,0.013212708170228349,0.9853198447571094,0.09949371018928695,5,0.001,0.1,0.9797950814496634,0.9913057968179806,0.9932722381520581,0.9956928858685855,0.993317088215827,1.0,0.996509677715689,0.9947999157710793,0.9950166767710825,0.9936585461804122,0.9917517015688154,0.9914566538786372
2,6,2.050219662359783,0.4999775432292836,4453,2.161130706469218,0.431266846361186,742,2.1640944884607967,0.4326,0.9981267738065508,0.08374252310694916,,,0.9965636492343226,,0.996578420854235,0.003421579145765019,0.9853201844562427,0.09949371054007855,5,0.001,0.1,0.9785164785914937,0.9890225897271727,0.993403237491732,0.9950277807864943,0.9943808187407992,0.996509677715689,1.0,0.9941994925013071,0.9959175473561894,0.9947873701098694,0.9912790422575304,0.993472934713014
2,7,2.0634314328876893,0.46107084404956744,4277,2.1625877566959546,0.43338008415147267,713,2.164095383482619,0.4324,0.9962826204803135,0.0834963868337405,,,0.9321891534292719,,0.9322111713592561,0.06778882864074387,0.9853056467666395,0.09949357146540798,5,0.001,0.1,0.9735409258227085,0.9869561575794016,0.9895044800344852,0.9927433694549544,0.9909819867810805,0.9947999157710793,0.9941994925013071,1.0,0.9931632401981608,0.9932493581541116,0.9946172571122217,0.9907233017140433
2,8,2.070826867360335,0.46519738435456526,4129,2.1658515605059536,0.42441860465116277,688,2.164095975339603,0.4324,0.996388814718972,0.08346612654259115,,,0.9242748750490115,,0.924299977769401,0.07570002223059902,0.9853052494182023,0.09949349659082703,5,0.001,0.1,0.9723689294477944,0.9846238814942986,0.9883000852329621,0.9932559594417579,0.9933482741329339,0.9950166767710825,0.9959175473561894,0.9931632401981608,1.0,0.9928421084420589,0.9922558826778349,0.9946257336951659
2,9,2.0756659768876577,0.47128217945513623,4001,2.165900843484061,0.4302848575712144,667,2.164108331211078,0.4325,0.9947079785321519,0.08324645618564054,,,0.8668222765853009,,0.8668338794328297,0.13316612056717025,0.9852984495110978,0.0994913938285266,5,0.001,0.1,0.9689007101567171,0.981880858694888,0.9866985654616602,0.9892771028676697,0.9885210804344922,0.9936585461804122,0.9947873701098694,0.9932493581541116,0.9928421084420589,1.0,0.9920478820234245,0.9938069241365306
2,10,2.0790126280706436,0.4142453072769349,3889,2.162316765104021,0.43364197530864196,648,2.1641249176793207,0.4324,0.9924746057618625,0.08305712552619667,,,0.8173047244453729,,0.8173321348140845,0.1826678651859155,0.9852610807834176,0.09948650294555145,5,0.001,0.1,0.9623212425028231,0.9800685153121125,0.9820843848689729,0.9880329116479518,0.9848804549935021,0.9917517015688154,0.9912790422575304,0.9946172571122217,0.9922558826778349,0.9920478820234245,1.0,0.9896075046326559
2,11,2.094342614422325,0.4667897652334476,3791,2.1655999541282656,0.44145569620253167,632,2.1641443209907116,0.4323,0.9936393325431772,0.08301990562038855,,,0.8075702280256696,,0.8075893331786856,0.19241066682131436,0.9852523697330872,0.09948400947085216,5,0.001,0.1,0.9673231245310873,0.9785219767507227,0.9842531726217445,0.9884904980460075,0.9906385284142922,0.9914566538786372,0.993472934713014,0.9907233017140433,0.9946257336951659,0.9938069241365306,0.9896075046326559,1.0
3,0,1.6009730352501925,0.5807401996591186,8214,2.1003102369086686,0.46676406135865595,1369,2.0962561014742134,0.4911,0.9888247661900059,0.08228943119367708,,,0.55,,0.5500188476817351,0.44998115231826485,0.9911482090064113,0.09933982714299358,5,0.001,0.1,1.0,0.9953063549772686,0.9926355867460663,0.9894628176200392,0.9872472263996181,0.9850750303624709,0.9845306153429932,0.9808676745665285,0.9803607847477844,0.9784310432530636,0.9729860065630241,0.9774657190376019
3,1,1.734056438925197,0.5409491937937329,6574,2.0915369033813476,0.5118613138686131,1096,2.094543601758183,0.4924,0.9961591590723269,0.08329861088350317,,,0.8808279053333681,,0.8808439895226221,0.1191560104773779,0.9919685484107365,0.09964694719153352,5,0.001,0.1,0.9953063549772686,1.0,0.9970221769448752,0.9961064749945907,0.9938034795407846,0.9946031492052293,0.9930430738949318,0.9907865801670395,0.9902049891258521,0.9884017503804918,0.9856794447482825,0.9869440912976101
3,2,1.7797066921687257,0.5737852325782465,5783,2.092798440687118,0.49377593360995853,964,2.0945354780069176,0.4926,0.9976364900079053,0.08349766189312363,,,0.9460805349999225,,0.9461052957152937,0.05389470428470633,0.9919827039586377,0.0996488695802337,5,0.001,0.1,0.9926355867460663,0.9970221769448752,1.0,0.9975763217350501,0.9962181093791354,0.9954181823907641,0.9954494784815151,0.9933960497332381,0.9925021139554528,0.9913219035400924,0.9880771863665503,0.9898811852736192
3,3,1.8305908978703511,0.5351995460563647,5287,2.0980352674211775,0.4767309875141884,881,2.0945352822446974,0.4926,0.9986297394341355,0.08366214145411685,,,0.9999999996721813,,1.0,0.0,0.9919829897947382,0.09964891305444289,5,0.001,0.1,0.9894628176200392,0.9961064749945907,0.9975763217350501,1.0,0.9973869782365772,0.9969201853115439,0.996637706450379,0.9953492794270493,0.9951174988633981,0.9924942428847309,0.9919604920069729,0.9923056561579267
3,4,1.871592465369932,0.5380344478216819,4935,2.0898879766464233,0.5048661800486618,822,2.094535334803426,0.4926,0.997665685340465,0.0835614612358815,,,0.9669951482635606,,0.9670068914856806,0.03299310851431936,0.9919821134874698,0.09964890801238799,5,0.001,0.1,0.9872472263996181,0.9938034795407846,0.9962181093791354,0.9973869782365772,1.0,0.9952330496689019,0.9961288926183831,0.9939786339663218,0.9950305549373714,0.9916829711835626,0.9897470079954863,0.9933124648967712
3,5,1.8923853322251203,0.5295907435183201,4667,2.0936349487304686,0.4948586118251928,778,2.094535100955171,0.4926,0.9986749485359279,0.08363254254080964,,,0.9902969244039337,,0.9903103584925721,0.009689641507427904,0.9919829972853186,0.09964891293996084,5,0.001,0.1,0.9850750303624709,0.9946031492052293,0.9954181823907641,0.9969201853115439,0.9952330496689019,1.0,0.9976645995928377,0.9966215920397025,0.9965892937925277,0.9954108888457462,0.9942722574742198,0.9940033713833881
3,6,1.9033587026596068,0.5505052773411183,4453,2.090258131424586,0.4838274932614555,742,2.0945352494907072,0.4926,0.998701799127619,0.08365640525445311,,,0.9981195665456934,,0.9981297300432047,0.0018702699567952896,0.9919829904283906,0.09964891305381728,5,0.001,0.1,0.9845306153429932,0.9930430738949318,0.9954494784815151,0.996637706450379,0.9961288926183831,0.9976645995928377,1.0,0.9961987606914863,0.9973489144512053,0.9961902095410804,0.9937276283542252,0.9952036871227901
3,7,1.9251501869799486,0.5128361000701426,4277,2.0925349670907725,0.48106591865357645,713,2.094536488810286,0.4927,0.9974656941874428,0.08346541256140229,,,0.9355086031929998,,0.9355215975101729,0.06447840248982706,0.9919829006500961,0.09964874240657808,5,0.001,0.1,0.9808676745665285,0.9907865801670395,0.9933960497332381,0.9953492794270493,0.9939786339663218,0.9966215920397025,0.9961987606914863,1.0,0.995632469080382,0.9948695120634047,0.9958755730718987,0.9937465861598912
3,8,1.937492125951327,0.5260353596512473,4129,2.0948954170400444,0.4898255813953488,688,2.0945368491041774,0.4927,0.9975738361936685,0.08345033380702996,,,0.9305655065628109,,0.9305922038255962,0.06940779617440385,0.9919832322307315,0.09964873625929165,5,0.001,0.1,0.9803607847477844,0.9902049891258521,0.9925021139554528,0.9951174988633981,0.9950305549373714,0.9965892937925277,0.9973489144512053,0.995632469080382,1.0,0.9943373843963361,0.9951225691885988,0.9963634740185576
3,9,1.9436955711198232,0.5275181204698826,4001,2.098021087192354,0.49325337331334335,667,2.0945558319457422,0.4925,0.9960796626095412,0.08326724815422956,,,0.8705466183279658,,0.8705647538686075,0.12943524613139246,0.9919685901742703,0.09964624280300291,5,0.001,0.1,0.9784310432530636,0.9884017503804918,0.9913219035400924,0.9924942428847309,0.9916829711835626,0.9954108888457462,0.9961902095410804,0.9948695120634047,0.9943373843963361,1.0,0.9926346681052151,0.9949799630798754
3,10,1.9487499192112783,0.483363332476215,3889,2.0912885552360896,0.5061728395061729,648,2.0945842395575283,0.4924,0.9945548271826564,0.08310179276605907,,,0.816307259325412,,0.8163317578604499,0.18366824213955013,0.991918954997591,0.09964089524434659,5,0.001,0.1,0.9729860065630241,0.9856794447482825,0.9880771863665503,0.9919604920069729,0.9897470079954863,0.9942722574742198,0.9937276283542252,0.9958755730718987,0.9951225691885988,0.9926346681052151,1.0,0.9923906611033406
3,11,1.9704555164866087,0.5113162753890794,3791,2.09838627576828,0.5158227848101266,632,2.0946086123347665,0.4924,0.9957314940433202,0.08311695825571415,,,0.821278789397335,,0.8213046461951846,0.17869535380481538,0.9918934564028005,0.09964187996290426,5,0.001,0.1,0.9774657190376019,0.9869440912976101,0.9898811852736192,0.9923056561579267,0.9933124648967712,0.9940033713833881,0.9952036871227901,0.9937465861598912,0.9963634740185576,0.9949799630798754,0.9923906611033406,1.0
4,0,1.4580244292544948,0.6080107134161188,8214,2.019013296726138,0.5098612125639153,1369,2.014430024372503,0.5279,0.9897324910059303,0.08245667398317272,,,0.55,,0.5500188476817351,0.44998115231826485,0.9953995573483638,0.09935774861462696,5,0.001,0.1,1.0,0.9953691463879784,0.992863963189441,0.9903182249588983,0.9878506124597791,0.9863918964459409,0.9863338462682067,0.9828747812470117,0.9821314758474186,0.9808820208926353,0.976464552676369,0.980426395421424
4,1,1.58059564938823,0.5780346820809249,6574,2.0082349402563913,0.5556569343065694,1096,2.0117764819544344,0.5304,0.9968868717031492,0.08330696299665631,,,0.8860991271188816,,0.8861213404084631,0.11387865959153687,0.9962414151038516,0.09970322325224866,5,0.001,0.1,0.9953691463879784,1.0,0.9973473552238152,0.9966075896927897,0.9946094668139265,0.9953234563435371,0.9945960395006868,0.9925407499420063,0.9918452481855974,0.9908514989345415,0.9882740372774129,0.9900062659324192
4,2,1.6168369307043802,0.6041500951063462,5783,2.009448928217734,0.5300829875518672,964,2.01176496435659,0.5304,0.99799128391349,0.08346476879237207,,,0.9484760240954397,,0.9484975014739854,0.05150249852601463,0.996253397264878,0.09970530336354548,5,0.001,0.1,0.992863963189441,0.9973473552238152,1.0,0.9976206653303373,0.9967059635614218,0.9961032734123386,0.9962565703010752,0.9945805061352003,0.9932724968090023,0.9932124560875121,0.9903855279020651,0.9921874533002094
4,3,1.6700636079512448,0.5728012105163609,5287,2.017116951090949,0.5085130533484676,881,2.0117647373638214,0.5304,0.9988302371907941,0.08359278835760732,,,0.9990791289778927,,0.9990866123466814,0.0009133876533186092,0.9962538619345782,0.0997053970616784,5,0.001,0.1,0.9903182249588983,0.9966075896927897,0.9976206653303373,1.0,0.9976490750474426,0.9972096923296979,0.9972369583251712,0.9960829437686162,0.9957169692372869,0.9943167332072589,0.9934985865169068,0.9942784642348929
4,4,1.7130016425348098,0.5717122593718338,4935,2.0053379214726963,0.5462287104622872,822,2.011764905704096,0.5304,0.9979175079050195,0.08350153381719844,,,0.9630083684591787,,0.9630247146267675,0.03697528537323247,0.9962537301226485,0.09970535359766687,5,0.001,0.1,0.9878506124597791,0.9946094668139265,0.9967059635614218,0.9976490750474426,1.0,0.9958735701568066,0.9964345281861773,0.9950001714285267,0.995080894038403,0.9938748810508644,0.9916837396328435,0.9948319779145693
4,5,1.7360693872791446,0.5699592886222413,4667,2.01228835105896,0.5411311053984575,778,2.011764399540691,0.5304,0.9988523216924675,0.0835753395233782,,,0.9921820176890823,,0.9921854611882739,0.007814538811726113,0.9962538789206319,0.09970539643470061,5,0.001,0.1,0.9863918964459409,0.9953234563435371,0.9961032734123386,0.9972096923296979,0.9958735701568066,1.0,0.9981958974877746,0.9972862344137543,0.9966681485519612,0.9966789147060469,0.9952521352907866,0.9957797235397619
4,6,1.7462585071155003,0.5816303615540085,4453,2.0060148537158966,0.5161725067385444,742,2.011764680615629,0.5304,0.9990113626718262,0.08359511804582623,,,0.9999999996047236,,1.0,0.0,0.9962538617464217,0.09970539706172724,5,0.001,0.1,0.9863338462682067,0.9945960395006868,0.9962565703010752,0.9972369583251712,0.9964345281861773,0.9981958974877746,1.0,0.9970032444174195,0.9975575930985968,0.9972708259727235,0.9952053981285942,0.9965730172462929
4,7,1.7722902025749434,0.5584755669862053,4277,2.0090982395669688,0.5133239831697055,713,2.011766651948801,0.5304,0.9979093492522252,0.08344233434585303,,,0.9396082182401695,,0.93963425831956,0.060365741680439955,0.9962498948538435,0.09970520266013555,5,0.001,0.1,0.9828747812470117,0.9925407499420063,0.9945805061352003,0.9960829437686162,0.9950001714285267,0.9972862344137543,0.9970032444174195,1.0,0.9962087662608098,0.9960965101590425,0.9964939911360247,0.9952897606873624
4,8,1.7846363797554603,0.560523129086946,4129,2.010318571870977,0.5290697674418605,688,2.011766638999549,0.5304,0.9976903479391449,0.08342600928813322,,,0.933155309214196,,0.9331728864016393,0.06682711359836069,0.99625112798109,0.09970490171144529,5,0.001,0.1,0.9821314758474186,0.9918452481855974,0.9932724968090023,0.9957169692372869,0.995080894038403,0.9966681485519612,0.9975575930985968,0.9962087662608098,1.0,0.9954759250630679,0.9958911423231911,0.9969859211519551
4,9,1.7949129634433323,0.5691577105723569,4001,2.01711258434114,0.52023988005997,667,2.011790652625477,0.5305,0.9971236622746046,0.08329536581268268,,,0.881515034711754,,0.8815350711862441,0.11846492881375592,0.9962417312110893,0.09970283753975327,5,0.001,0.1,0.9808820208926353,0.9908514989345415,0.9932124560875121,0.9943167332072589,0.9938748810508644,0.9966789147060469,0.9972708259727235,0.9960965101590425,0.9954759250630679,1.0,0.9950870543060272,0.9963076388513805
4,10,1.801872175638793,0.5342247364361018,3889,2.006451067470369,0.5354938271604939,648,2.011833406484927,0.5305,0.9956875584588375,0.08314746248468578,,,0.8230523489079296,,0.8230734286349446,0.1769265713650554,0.9962199526176325,0.09969657329471233,5,0.001,0.1,0.976464552676369,0.9882740372774129,0.9903855279020651,0.9934985865169068,0.9916837396328435,0.9952521352907866,0.9952053981285942,0.9964939911360247,0.9958911423231911,0.9950870543060272,1.0,0.9946114768018705
4,11,1.8265949730111772,0.5474017409654445,3791,2.0182173550128937,0.560126582278481,632,2.0118601425006366,0.5304,0.9968912870330454,0.0831956425524341,,,0.842096789630966,,0.8421144199263491,0.15788558007365094,0.9962244694183844,0.09969926145499236,5,0.001,0.1,0.980426395421424,0.9900062659324192,0.9921874533002094,0.9942784642348929,0.9948319779145693,0.9957797235397619,0.9965730172462929,0.9952897606873624,0.9969859211519551,0.9963076388513805,0.9946114768018705,1.0
5,0,1.3422360671633413,0.6305575846116387,8214,1.9244322943132977,0.5412710007304602,1369,1.9193720436705568,0.5592,0.9901492184821208,0.0825670359846256,,,1.0,,1.0,0.0,0.9940173476604196,0.09972303975238388,5,0.001,0.1,1.0,0.9953852449542535,0.9931151071888767,0.9909154247397823,0.9877815784910342,0.9870469086857749,0.9871742771500294,0.9836240372514864,0.9831725406089566,0.98074997615054,0.9786204688919661,0.9813904097601602
5,1,1.4515169417395175,0.6051414663827198,6574,1.9124286890029907,0.5775547445255474,1096,1.9162711324021457,0.5615,0.9969207920509379,0.08330741478574025,,,1.0,,1.0,0.0,0.9977470285262404,0.09972303975238388,5,0.001,0.1,0.9953852449542535,1.0,0.9972961474580035,0.9967954514014435,0.9943656199416097,0.9955168473329543,0.9947215991582159,0.9926857160275723,0.9923501700790988,0.9906220176681592,0.9896913755940699,0.9904681585697548
5,2,1.4774417098714503,0.6328203354660211,5783,1.9131960292016306,0.5684647302904564,964,1.9162581945760562,0.5616,0.998208312182175,0.08344581618541239,,,1.0,,1.0,0.0,0.9977727909680546,0.09972303975238388,5,0.001,0.1,0.9931151071888767,0.9972961474580035,1.0,0.9978438753851531,0.9966873439716865,0.9962987688723842,0.996611490019073,0.994842671194841,0.9944349453239245,0.9929756168490392,0.9920826265192391,0.993077622908847
5,3,1.5284155753721673,0.60291280499338,5287,1.9238543808460236,0.5414301929625426,881,1.9162577607761175,0.5616,0.9986824324795177,0.08353967491116247,,,1.0,,1.0,0.0,0.9977744065365507,0.09972303975238388,5,0.001,0.1,0.9909154247397823,0.9967954514014435,0.9978438753851531,1.0,0.9975279492200665,0.9970339055957534,0.9969839008339625,0.9959086649414546,0.995772047003995,0.9938126116452183,0.9941038256258643,0.9942145204312544
5,4,1.5689825140276263,0.6023505572441743,4935,1.907980808844933,0.5790754257907542,822,1.9162579241652078,0.5616,0.9981397167407298,0.0834661587040878,,,1.0,,1.0,0.0,0.9977741970287568,0.09972303975238388,5,0.001,0.1,0.9877815784910342,0.9943656199416097,0.9966873439716865,0.9975279492200665,1.0,0.9961230347220413,0.9969369572897793,0.9956812784873804,0.9954785796487182,0.9945667552535392,0.993833546057008,0.9954109092921444
5,5,1.5918755709308468,0.5998714377544461,4667,1.9185567617416381,0.5668380462724936,778,1.916257275940892,0.5616,0.9988626488430934,0.08353478864168008,,,1.0,,1.0,0.0,0.9977743897747503,0.09972303975238388,5,0.001,0.1,0.9870469086857749,0.9955168473329543,0.9962987688723842,0.9970339055957534,0.9961230347220413,1.0,0.9979882287320228,0.997249164547194,0.9972607958261748,0.9964487153613313,0.9958752332214854,0.9961938305650134
5,6,1.59991582768304,0.6080844374578935,4453,1.9088858018318813,0.5566037735849056,742,1.9162576994576013,0.5616,0.9989493553247054,0.08354972400386176,,,1.0,,1.0,0.0,0.9977744065921943,0.09972303975238388,5,0.001,0.1,0.9871742771500294,0.9947215991582159,0.996611490019073,0.9969839008339625,0.9969369572897793,0.9979882287320228,1.0,0.9971534075611619,0.9974431365746471,0.9968745679068147,0.9956254280613139,0.9965588293630118
5,7,1.6269844919887941,0.5938742108954875,4277,1.9129535840905232,0.5610098176718092,713,1.9162602222765597,0.5617,0.9980402589092304,0.08342662433212303,,,1.0,,1.0,0.0,0.9977719999047946,0.09972303975238388,5,0.001,0.1,0.9836240372514864,0.9926857160275723,0.994842671194841,0.9959086649414546,0.9956812784873804,0.997249164547194,0.9971534075611619,1.0,0.9969106340723157,0.9963752940657215,0.996811733332618,0.9959302949800489
5,8,1.637369664815756,0.579946718333737,4129,1.9125789187171243,0.5625,688,1.916260032227245,0.5617,0.9980120120450864,0.08341569571182582,,,1.0,,1.0,0.0,0.997767225733989,0.09972303975238388,5,0.001,0.1,0.9831725406089566,0.9923501700790988,0.9944349453239245,0.995772047003995,0.9954785796487182,0.9972607958261748,0.9974431365746471,0.9969106340723157,1.0,0.9963086739240121,0.996782691438134,0.9969184792009413
5,9,1.6490759095502279,0.5986003499125219,4001,1.9235244081133889,0.5427286356821589,667,1.91628676291091,0.5614,0.9970406702801593,0.08330417038550392,,,1.0,,1.0,0.0,0.997742218796906,0.09972303975238388,5,0.001,0.1,0.98074997615054,0.9906220176681592,0.9929756168490392,0.9938126116452183,0.9945667552535392,0.9964487153613313,0.9968745679068147,0.9963752940657215,0.9963086739240121,1.0,0.9958246857292612,0.9966422093703076
5,10,1.6586086519428942,0.5685266135253279,3889,1.9081366913659232,0.5709876543209876,648,1.9163388189035482,0.5614,0.9965166885224264,0.08319650155440676,,,1.0,,1.0,0.0,0.9976679193940214,0.09972303975238388,5,0.001,0.1,0.9786204688919661,0.9896913755940699,0.9920826265192391,0.9941038256258643,0.993833546057008,0.9958752332214854,0.9956254280613139,0.996811733332618,0.996782691438134,0.9958246857292612,1.0,0.9956687223113349
5,11,1.683640834063041,0.5723555790029016,3791,1.9255909025669098,0.5806962025316456,632,1.9163723567042488,0.5615,0.9971462948136118,0.08324639479957,,,1.0,,1.0,0.0,0.9976990194525752,0.09972303975238388,5,0.001,0.1,0.9813904097601602,0.9904681585697548,0.993077622908847,0.9942145204312544,0.9954109092921444,0.9961938305650134,0.9965588293630118,0.9959302949800489,0.9969184792009413,0.9966422093703076,0.9956687223113349,1.0
6,0,1.2459270191099856,0.649963476990504,8214,1.8189449920210727,0.587289992695398,1369,1.8133363182933186,0.5949,0.9901557401451136,0.08263629795929955,,,1.0,,1.0,0.0,0.998188690216883,0.09971874195426182,5,0.001,0.1,1.0,0.9951685097145226,0.9928191484102142,0.9907263463225086,0.9874331478082192,0.9870208709349305,0.9872356124164916,0.9835754112040143,0.983289893804181,0.9806496864931056,0.9792663233501913,0.9813556134587104
6,1,1.3449322494488318,0.6246729540614542,6574,1.8059454441070557,0.6140510948905109,1096,1.8098573014378168,0.5962,0.996928220418374,0.0833092800989215,,,1.0,,1.0,0.0,0.998188690216883,0.09971874195426182,5,0.001,0.1,0.9951685097145226,1.0,0.9970837823103749,0.996568457855709,0.9942505437322826,0.9953964912545884,0.9948000384057472,0.9925936410898305,0.9923184395252966,0.9907609366110864,0.990055420075206,0.9904833417503771
6,2,1.359181008286239,0.6559571156839011,5783,1.8060126112353416,0.5995850622406639,964,1.809844858730182,0.5962,0.9981371726440219,0.08343324050990623,,,1.0,,1.0,0.0,0.998188690216883,0.09971874195426182,5,0.001,0.1,0.9928191484102142,0.9970837823103749,1.0,0.9975629060548251,0.9965320227638851,0.9960584596730859,0.9963662377536477,0.9947293628297026,0.9941861206490854,0.9931606775613998,0.9925119272335039,0.9929005252388535
6,3,1.4061318949762598,0.6338566294685076,5287,1.8197031702314104,0.5709421112372304,881,1.8098442615411532,0.5961,0.998591254316606,0.08350549347694244,,,1.0,,1.0,0.0,0.998188690216883,0.09971874195426182,5,0.001,0.1,0.9907263463225086,0.996568457855709,0.9975629060548251,1.0,0.9974924138843836,0.996776970552464,0.9969060343589718,0.9958206613179127,0.9954001168858978,0.9938204367048192,0.994236541469128,0.9940089181091789
6,4,1.443964275390871,0.6237082066869301,4935,1.7995541829329271,0.6021897810218978,822,1.8098443746566772,0.5961,0.9981608562075043,0.08344648694802535,,,1.0,,1.0,0.0,0.998188690216883,0.09971874195426182,5,0.001,0.1,0.9874331478082192,0.9942505437322826,0.9965320227638851,0.9974924138843836,1.0,0.9960860155208365,0.9969294930184653,0.9956100036895019,0.9954703389889298,0.9948916278063189,0.9942398811120536,0.9952100732285322
6,5,1.465080847642193,0.6262266980929934,4667,1.8143276405334472,0.5822622107969152,778,1.8098436270278102,0.5962,0.9987993803800842,0.08350921647379791,,,1.0,,1.0,0.0,0.998188690216883,0.09971874195426182,5,0.001,0.1,0.9870208709349305,0.9953964912545884,0.9960584596730859,0.996776970552464,0.9960860155208365,1.0,0.9979603390638517,0.9970897636305991,0.9969971237385707,0.996455102407827,0.9959995416544402,0.9959397305184843
6,6,1.468976625118937,0.6263193352795868,4453,1.8008938829104106,0.5929919137466307,742,1.809844173943273,0.5961,0.9988894999499509,0.08352129066587512,,,1.0,,1.0,0.0,0.998188690216883,0.09971874195426182,5,0.001,0.1,0.9872356124164916,0.9948000384057472,0.9963662377536477,0.9969060343589718,0.9969294930184653,0.9979603390638517,1.0,0.9970353187745857,0.9972211242803705,0.9964059464245687,0.9958454356643487,0.9961523570260992
6,7,1.4964746142501262,0.6211363104980127,4277,1.8058167747829272,0.5932678821879382,713,1.8098471172320576,0.5962,0.9979355044782883,0.08341495237713256,,,1.0,,1.0,0.0,0.998188690216883,0.09971874195426182,5,0.001,0.1,0.9835754112040143,0.9925936410898305,0.9947293628297026,0.9958206613179127,0.9956100036895019,0.9970897636305991,0.9970353187745857,1.0,0.996735936935311,0.9960340891963395,0.9967121203781965,0.9954860987725412
6,8,1.5049603158694047,0.6082828772099782,4129,1.803559498353438,0.5901162790697675,688,1.8098465204238892,0.5962,0.9978443787845893,0.08340530412209034,,,1.0,,1.0,0.0,0.998188690216883,0.09971874195426182,5,0.001,0.1,0.983289893804181,0.9923184395252966,0.9941861206490854,0.9954001168858978,0.9954703389889298,0.9969971237385707,0.9972211242803705,0.996735936935311,1.0,0.9955848640264893,0.9966667684053551,0.996461488639826
6,9,1.5140508160231605,0.6206448387903024,4001,1.819020770844959,0.5862068965517241,667,1.8098727422781264,0.5962,0.9969806931298211,0.08330898394044092,,,1.0,,1.0,0.0,0.998188690216883,0.09971874195426182,5,0.001,0.1,0.9806496864931056,0.9907609366110864,0.9931606775613998,0.9938204367048192,0.9948916278063189,0.996455102407827,0.9964059464245687,0.9960340891963395,0.9955848640264893,1.0,0.9960986423955792,0.9961254223302046
6,10,1.5274902785410647,0.5913088197480072,3889,1.7982544955753146,0.6234567901234568,648,1.8099302617124855,0.596,0.9967688732355254,0.08323608090188826,,,1.0,,1.0,0.0,0.998188690216883,0.09971874195426182,5,0.001,0.1,0.9792663233501913,0.990055420075206,0.9925119272335039,0.994236541469128,0.9942398811120536,0.9959995416544402,0.9958454356643487,0.9967121203781965,0.9966667684053551,0.9960986423955792,1.0,0.995813529118761
6,11,1.5512856039680352,0.5962542864679504,3791,1.8221762001514434,0.615506329113924,632,1.8099706393842119,0.5961,0.9969756802369215,0.08327337252567973,,,1.0,,1.0,0.0,0.998188690216883,0.09971874195426182,5,0.001,0.1,0.9813556134587104,0.9904833417503771,0.9929005252388535,0.9940089181091789,0.9952100732285322,0.9959397305184843,0.9961523570260992,0.9954860987725412,0.996461488639826,0.9961254223302046,0.995813529118761,1.0
7,0,1.1649105396716046,0.6650840029218408,8214,1.7053207574888718,0.6216216216216216,1369,1.6991033135130764,0.6198,0.9903822519646021,0.08268996093584602,,,1.0,,1.0,0.0,0.9983001299863755,0.09970662471572342,5,0.001,0.1,1.0,0.9948893385847024,0.9926592286663212,0.9911026431376595,0.9870108700424886,0.9873676485760018,0.9870841088392133,0.9837829309916997,0.9838615259280863,0.9810638344819931,0.97973715234228,0.9812475672749212
