round,client_id,client_i_training_loss,client_i_training_accuracy,client_i_training_dataset_size,client_i_evaluation_loss,client_i_evaluation_accuracy,client_i_evaluation_dataset_size,client_i_central_evaluation_loss,client_i_central_evaluation_accuracy,client_i_cosine_similarity,client_i_importance_coefficient,client_i_tanh_val,tanh_normalization_value,client_i_q,client_i_mask_order,client_i_v_nonzero_fraction,client_i_v_sparsity,client_i_v_cosine_similarity,client_i_reward_gradient_norm,local_epochs,learning_rate,gamma,client_0_cosine_similarity,client_1_cosine_similarity,client_2_cosine_similarity,client_3_cosine_similarity,client_4_cosine_similarity,client_5_cosine_similarity,client_6_cosine_similarity,client_7_cosine_similarity,client_8_cosine_similarity,client_9_cosine_similarity,client_10_cosine_similarity,client_11_cosine_similarity
0,0,2.1437987170837545,0.21069393718042367,6845,2.294684973630038,0.17384952520087654,1369,2.2948178158530705,0.1659,0.9035873895931423,0.078250532961814,,,0.55,,0.5500404350481095,0.4499595649518905,0,0.14316485648064603,10,0.025,0.15,1.0,0.9419452279722133,0.9033400707644865,0.8697426954015662,0.8559446691617646,0.840708341062341,0.8181436123719397,0.8113981644461332,0.809031198590335,0.792819705991329,0.7907154514212762,0.7772203993010879
0,1,2.2039507095203845,0.2017889740781307,5478,2.2940488391452365,0.17518248175182483,1096,2.2947205440907537,0.1662,0.9605110182033916,0.08318011069626866,,,0.8808343635380163,,0.8808733970391642,0.11912660296083577,0,0.14392940022000064,10,0.025,0.15,0.9419452279722133,1.0,0.9555508912489961,0.9411122686442795,0.9354137863566153,0.9138463056348862,0.8958899375158259,0.8864983283576113,0.8920633967475149,0.8775339962230974,0.8686357020055645,0.8583609633330553
0,2,2.2276195501026352,0.1817634854771784,4820,2.2942225635051727,0.16701244813278007,964,2.294721850866004,0.166,0.9797877192702158,0.08484947012912192,,,0.9928685975504129,,0.9929114885048934,0.007088511495106586,0,0.1439374632164809,10,0.025,0.15,0.9033400707644865,0.9555508912489961,1.0,0.9692127097480433,0.9583485333581806,0.9624224446952296,0.9355594812644561,0.9220076583320076,0.9382630386780385,0.9156030733198055,0.9063067502430129,0.8993843015732251
0,3,2.2393401966776167,0.18717657739446208,4406,2.2963859013148715,0.16799091940976163,881,2.294721902171268,0.166,0.9807697314954126,0.08493451224113199,,,0.9985759531326439,,0.9985971513921209,0.0014028486078790925,0,0.1439374652474285,10,0.025,0.15,0.8697426954015662,0.9411122686442795,0.9692127097480433,1.0,0.9629317786158899,0.9694905637210871,0.9388873356338566,0.9374380508501443,0.9535434367323613,0.9324572457456575,0.9312616244389206,0.9201512090109575
0,4,2.249834241289081,0.19589007782101167,4112,2.289038760321481,0.19829683698296838,822,2.2947218538839604,0.166,0.9759759236087193,0.08451936919423843,,,0.97071482727265,,0.970754732551039,0.029245267448961054,0,0.14393737399747553,10,0.025,0.15,0.8559446691617646,0.9354137863566153,0.9583485333581806,0.9629317786158899,1.0,0.9611392210296403,0.9382564885662114,0.9481054143584385,0.9454255042108252,0.9332058606887838,0.9295587293518128,0.9159354015376769
0,5,2.2566187081798432,0.17444073026484958,3889,2.2970170634133473,0.16580976863753213,778,2.294721908207181,0.166,0.9810147541415303,0.08495573116568454,,,0.9999999999328879,,1.0,0.0,0,0.14393746524878956,10,0.025,0.15,0.840708341062341,0.9138463056348862,0.9624224446952296,0.9694905637210871,0.9611392210296403,1.0,0.9670039399091122,0.9602319848999434,0.9614541725687358,0.9493087868321712,0.9511165196846223,0.9462356073582888
0,6,2.272256987670372,0.18981406628940986,3711,2.297019124031067,0.14824797843665768,742,2.2947218387941772,0.166,0.9696178280911781,0.08396875907218511,,,0.9337622201529955,,0.9338103018600122,0.06618969813998776,0,0.14393586336052508,10,0.025,0.15,0.8181436123719397,0.8958899375158259,0.9355594812644561,0.9388873356338566,0.9382564885662114,0.9670039399091122,1.0,0.968348972044638,0.9666989939717023,0.9510212883628704,0.9489616668063329,0.9540191083358772
0,7,2.2758634047848836,0.19239618406285072,3564,2.298409938812256,0.15568022440392706,713,2.2947220108177087,0.166,0.9675792330364705,0.08379221704497067,,,0.9219141121897153,,0.9219521050981169,0.07804789490188313,0,0.14393528499041777,10,0.025,0.15,0.8113981644461332,0.8864983283576113,0.9220076583320076,0.9374380508501443,0.9481054143584385,0.9602319848999434,0.968348972044638,1.0,0.9652261136869978,0.9551765205464472,0.9683903783664268,0.9509331136615979
0,8,2.2720653737032857,0.1958732926474862,3441,2.295013745625814,0.17005813953488372,688,2.294721829740307,0.166,0.9696301469929138,0.08396982588723524,,,0.9338338163620696,,0.9338845703157235,0.06611542968427653,0,0.1439358644073829,10,0.025,0.15,0.809031198590335,0.8920633967475149,0.9382630386780385,0.9535434367323613,0.9454255042108252,0.9614541725687358,0.9666989939717023,0.9652261136869978,1.0,0.9644849545370172,0.9474070425440615,0.9472756053273943
0,9,2.2770852821844594,0.1833233353329334,3334,2.298939307530721,0.14392803598200898,667,2.2947200672535955,0.1662,0.9570675639728776,0.08288190807428579,,,0.860821356346847,,0.8608621742503012,0.1391378257496988,0,0.143923836203015,10,0.025,0.15,0.792819705991329,0.8775339962230974,0.9156030733198055,0.9324572457456575,0.9332058606887838,0.9493087868321712,0.9510212883628704,0.9551765205464472,0.9644849545370172,1.0,0.9438411316610583,0.9462559471897398
0,10,2.281155820076282,0.16615242209194692,3241,2.3032076756159463,0.14660493827160495,648,2.2947207885452463,0.1662,0.9545132844703841,0.08266070785092548,,,0.8459761426080743,,0.8460249872093215,0.1539750127906785,0,0.14391979714122446,10,0.025,0.15,0.7907154514212762,0.8686357020055645,0.9063067502430129,0.9312616244389206,0.9295587293518128,0.9511165196846223,0.9489616668063329,0.9683903783664268,0.9474070425440615,0.9438411316610583,1.0,0.9535924927088966
0,11,2.2823860054016114,0.16688825577714467,3159,2.2937714099884032,0.15822784810126583,632,2.2947208730480337,0.1663,0.9473094363769571,0.08203685568213812,,,0.8041081071858857,,0.8041458302388144,0.19585416976118564,0,0.14389912540440308,10,0.025,0.15,0.7772203993010879,0.8583609633330553,0.8993843015732251,0.9201512090109575,0.9159354015376769,0.9462356073582888,0.9540191083358772,0.9509331136615979,0.9472756053273943,0.9462559471897398,0.9535924927088966,1.0
1,0,2.0386484331554837,0.26365230094959824,6845,2.2814546931873667,0.20379839298758218,1369,2.2819687475132038,0.1976,0.9200288877160561,0.07841709294336408,,,0.55,,0.5500404350481095,0.4499595649518905,0.9215169155647831,0.14536215737538866,10,0.025,0.15,1.0,0.9498042599903664,0.9305730625965676,0.9106132838832105,0.9095707452084907,0.8913257821384649,0.8901734635731736,0.8755834442770838,0.8689345359759244,0.8566851695460442,0.8399542736847668,0.8421052267979677
1,1,2.0820247320241707,0.2556407447973713,5478,2.2803830570644803,0.20894160583941607,1096,2.2816083521782597,0.1993,0.9645076143531568,0.08291794130599407,,,0.8730769310374169,,0.8731082173920219,0.12689178260797807,0.9294006972490982,0.14618694481343722,10,0.025,0.15,0.9498042599903664,1.0,0.9588849793731357,0.9505849395207897,0.9588300141310033,0.9407008985958059,0.9395634010212981,0.9314370345227287,0.9258722540349167,0.9140390485223094,0.904262370812145,0.9063812834489623
1,2,2.1027362123916022,0.24549792531120332,4820,2.2805877923965454,0.21265560165975103,964,2.2816032880469215,0.1994,0.9803143106800357,0.08446636749356842,,,0.9842250391970017,,0.9842633394398508,0.015736660560149218,0.9296770539455657,0.14620509359883632,10,0.025,0.15,0.9305730625965676,0.9588849793731357,1.0,0.9649892092713903,0.9673661572646798,0.9634280451850507,0.9610420755006979,0.9521580658172965,0.951793185353238,0.9419483172059595,0.9334575353629814,0.9371538160925342
1,3,2.114720574447087,0.2476849750340445,4406,2.283593143735613,0.19182746878547105,881,2.281603257867354,0.1994,0.9835843073932123,0.08462555468562591,,,0.9956517093104431,,0.9956841775181132,0.004315822481886777,0.9296777062726047,0.14620509657592037,10,0.025,0.15,0.9106132838832105,0.9505849395207897,0.9649892092713903,1.0,0.9675799266239131,0.9672978662662073,0.966027242046109,0.9601623291300042,0.9631423716573655,0.951282724295432,0.9463792493015671,0.9518504729094261
1,4,2.1132846330151414,0.24793287937743191,4112,2.274517059326172,0.2360097323600973,822,2.2816032457955275,0.1994,0.9866690848641291,0.08446906709027292,,,0.9844188198685679,,0.9844531366044462,0.015546863395553778,0.9296750524265744,0.14620509363917875,10,0.025,0.15,0.9095707452084907,0.9588300141310033,0.9673661572646798,0.9675799266239131,1.0,0.968340530998163,0.9693957803423222,0.9684029399675131,0.9665602433515874,0.9532260825989579,0.9510977074194571,0.9556808672015727
1,5,2.1243352597759615,0.24422730779120597,3889,2.2841745104108537,0.18766066838046272,778,2.281603251831441,0.1994,0.9850403827879719,0.08468613157870339,,,0.9999999999282186,,1.0,0.0,0.9296777372635281,0.14620509661257608,10,0.025,0.15,0.8913257821384649,0.9407008985958059,0.9634280451850507,0.9672978662662073,0.968340530998163,1.0,0.9766642991540332,0.9694971736166003,0.964979650429798,0.9565544924582023,0.9565473247310288,0.9605179976774225
1,6,2.152180444783178,0.24521692266235515,3711,2.2839056650797525,0.192722371967655,742,2.2816035988964614,0.1994,0.9868441783706668,0.08413391626120119,,,0.9603612439257361,,0.9603984090046377,0.03960159099536231,0.9296540706938065,0.14620497485329342,10,0.025,0.15,0.8901734635731736,0.9395634010212981,0.9610420755006979,0.966027242046109,0.9693957803423222,0.9766642991540332,1.0,0.9752194020228355,0.9712229873488211,0.9633341341862512,0.9601003411469151,0.9645140487770559
1,7,2.1696434540408,0.2334736251402918,3564,2.2855856815973916,0.19775596072931276,713,2.2816034661063664,0.1994,0.9846040059019818,0.0839516393151502,,,0.9472771603076394,,0.9473189087488241,0.05268109125117593,0.9296476678134722,0.14620478204618687,10,0.025,0.15,0.8755834442770838,0.9314370345227287,0.9521580658172965,0.9601623291300042,0.9684029399675131,0.9694971736166003,0.9752194020228355,1.0,0.9766564755052335,0.9614139560658636,0.9728221977185842,0.9673730967409572
1,8,2.145184068326597,0.24106364428945073,3441,2.283431569735209,0.19767441860465115,688,2.281603529483457,0.1994,0.9829448626458528,0.08400753063800105,,,0.9512891144112701,,0.9513294053572313,0.04867059464276868,0.9296574040798345,0.14620485681904768,10,0.025,0.15,0.8689345359759244,0.9258722540349167,0.951793185353238,0.9631423716573655,0.9665602433515874,0.964979650429798,0.9712229873488211,0.9766564755052335,1.0,0.9631144104864521,0.9674375129223272,0.971261216863734
1,9,2.165451835702967,0.22891421715656868,3334,2.2866896788279214,0.18290854572713644,667,2.2816051803057706,0.1994,0.9724181852580589,0.08299107796280356,,,0.878326778338324,,0.8783647736462511,0.1216352263537489,0.9294579696704912,0.1461950028634829,10,0.025,0.15,0.8566851695460442,0.9140390485223094,0.9419483172059595,0.951282724295432,0.9532260825989579,0.9565544924582023,0.9633341341862512,0.9614139560658636,0.9631144104864521,1.0,0.9500231324553888,0.956476008986979
1,10,2.176780454012064,0.22456032088861463,3241,2.2919804652531943,0.18364197530864199,648,2.2816105703764324,0.1992,0.9712622600243824,0.08281648185776297,,,0.8657940357878422,,0.86582990873232,0.13417009126767998,0.929311177219891,0.1461855204511618,10,0.025,0.15,0.8399542736847668,0.904262370812145,0.9334575353629814,0.9463792493015671,0.9510977074194571,0.9565473247310288,0.9601003411469151,0.9728221977185842,0.9674375129223272,0.9500231324553888,1.0,0.9720399509292114
1,11,2.1889981112480164,0.23029439696106363,3159,2.281558656692505,0.185126582278481,632,2.281614701959151,0.1995,0.9739298134338067,0.08251719886755224,,,0.8443111014166687,,0.8443580729811359,0.15564192701886415,0.929177164574502,0.1461802833161655,10,0.025,0.15,0.8421052267979677,0.9063812834489623,0.9371538160925342,0.9518504729094261,0.9556808672015727,0.9605179976774225,0.9645140487770559,0.9673730967409572,0.971261216863734,0.956476008986979,0.9720399509292114,1.0
2,0,1.9764821467576204,0.2858144631117604,6845,2.2614397569136186,0.22132943754565376,1369,2.262522006336647,0.2207,0.926348831012487,0.07880065652346464,,,0.55,,0.5500404350481095,0.4499595649518905,0.9710116395590261,0.14492364775523287,10,0.025,0.15,1.0,0.9473493863215452,0.9319516064104932,0.9120131923480317,0.9046958418147788,0.8854914527711606,0.8995330013263195,0.8884513606863842,0.8709219725441734,0.8579093328322424,0.8571823985056333,0.8568728232316158
2,1,2.0102276510970536,0.2783132530120482,5478,2.2595166895124645,0.2281021897810219,1096,2.261723461030405,0.221,0.9627633761491363,0.08277711696561899,,,0.8716885198727082,,0.8717301249360466,0.12826987506395338,0.9752549343873133,0.14581218205542212,10,0.025,0.15,0.9473493863215452,1.0,0.9548758989874119,0.942261671735415,0.9467779081863272,0.9306377944100223,0.9391312129012201,0.9313660962783927,0.9172221520756372,0.9067563377239819,0.9065505428277267,0.909288491859266
2,2,2.0280841614070693,0.27060165975103734,4820,2.2602767944335938,0.23651452282157676,964,2.2617095150525057,0.2216,0.9759743089715234,0.08416742027687127,,,0.9841615649028171,,0.9841973230347741,0.01580267696522586,0.9754710551147884,0.14583086021833336,10,0.025,0.15,0.9319516064104932,0.9548758989874119,1.0,0.9526554875437285,0.9550513825491166,0.9465367848768371,0.9560393326942153,0.9487064449456728,0.9425571534021615,0.929701138695076,0.9314348257695861,0.9345534657934821
2,3,2.036431838444301,0.2725374489332728,4406,2.26424435206822,0.2054483541430193,881,2.2617095754116394,0.2216,0.97895304674973,0.08436320255201372,,,0.9999999999191018,,1.0,0.0,0.9754707502296138,0.14583088285162524,10,0.025,0.15,0.9120131923480317,0.942261671735415,0.9526554875437285,1.0,0.956479371716978,0.9527367490780354,0.9594597375503837,0.9538427507279205,0.9543286065770838,0.9379950644757646,0.9446094403927587,0.9510946805156243
2,4,2.031791948188435,0.2725437743190661,4112,2.2528750555855885,0.2688564476885645,822,2.2617095452320726,0.2216,0.9810871900467156,0.08433583674089593,,,0.9977861548672868,,0.9978132065818356,0.002186793418164412,0.9754705881492117,0.14583088284374784,10,0.025,0.15,0.9046958418147788,0.9467779081863272,0.9550513825491166,0.956479371716978,1.0,0.9515539862849437,0.9608547852811145,0.9602631670349542,0.9597066889079597,0.9408735645400852,0.9514659199756599,0.9542923512798688
2,5,2.0379113135799285,0.2741578812033942,3889,2.264767953327724,0.2262210796915167,778,2.2617095754116394,0.2216,0.9773379576693104,0.08434806618667048,,,0.9987754951027326,,0.9987952006073509,0.0012047993926490586,0.9754707334675661,0.14583088285050785,10,0.025,0.15,0.8854914527711606,0.9306377944100223,0.9465367848768371,0.9527367490780354,0.9515539862849437,1.0,0.9659607829908842,0.9594031031916376,0.952001266121653,0.9459590032110067,0.9515741106126994,0.955304964742898
2,6,2.060590109742921,0.2770142818647265,3711,2.2637873888015747,0.20619946091644206,742,2.2617104385472553,0.2216,0.9853658788227916,0.08426770351395763,,,0.9922742989726364,,0.9923173408592035,0.007682659140796466,0.9754655823712428,0.1458308813589425,10,0.025,0.15,0.8995330013263195,0.9391312129012201,0.9560393326942153,0.9594597375503837,0.9608547852811145,0.9659607829908842,1.0,0.9712278988013722,0.9620272771099042,0.9558181639457004,0.9576898771625091,0.963804315163628
2,7,2.0796958638089045,0.2606341189674523,3564,2.2657624880472818,0.2187938288920056,713,2.2617103661162945,0.2216,0.9829919404647641,0.08407733797791805,,,0.9768740684374202,,0.9769107623244376,0.02308923767556237,0.9754572127213526,0.1458308055551221,10,0.025,0.15,0.8884513606863842,0.9313660962783927,0.9487064449456728,0.9538427507279205,0.9602631670349542,0.9594031031916376,0.9712278988013722,1.0,0.9674803859575603,0.9570841341571132,0.9631306466185108,0.9625492339825296
2,8,2.049760491318173,0.2673641383318803,3441,2.2656875451405845,0.2063953488372093,688,2.2617111206054688,0.2216,0.9777287776262433,0.08394032555443774,,,0.9657900090447218,,0.9658282583221931,0.0341717416778069,0.9754570303281328,0.14583060030103878,10,0.025,0.15,0.8709219725441734,0.9172221520756372,0.9425571534021615,0.9543286065770838,0.9597066889079597,0.952001266121653,0.9620272771099042,0.9674803859575603,1.0,0.9484766186963997,0.9612360229135042,0.9652900320617842
2,9,2.0823410912796305,0.25761847630473905,3334,2.267682751019796,0.2128935532233883,667,2.2617202106910415,0.2211,0.9671778847361616,0.08296640318318302,,,0.8870014354784996,,0.8870459309138321,0.1129540690861679,0.9752822753167573,0.1458216812933129,10,0.025,0.15,0.8579093328322424,0.9067563377239819,0.929701138695076,0.9379950644757646,0.9408735645400852,0.9459590032110067,0.9558181639457004,0.9570841341571132,0.9484766186963997,1.0,0.9468206089826499,0.951263981465471
2,10,2.0847327544138983,0.24952175254551065,3241,2.2736521561940513,0.19598765432098766,648,2.261728525161743,0.221,0.9722865741135579,0.08302482397241943,,,0.8917275725777225,,0.891774355927448,0.10822564407255197,0.9753229652360295,0.14582278266823567,10,0.025,0.15,0.8571823985056333,0.9065505428277267,0.9314348257695861,0.9446094403927587,0.9514659199756599,0.9515741106126994,0.9576898771625091,0.9631306466185108,0.9612360229135042,0.9468206089826499,1.0,0.9662504844971685
2,11,2.09456583738327,0.26270971826527384,3159,2.2631162643432616,0.20569620253164558,632,2.261737503582918,0.2211,0.9750992828999602,0.08293110655254919,,,0.8841460013480049,,0.8841989734449011,0.11580102655509894,0.9752738153604932,0.14582091724822496,10,0.025,0.15,0.8568728232316158,0.909288491859266,0.9345534657934821,0.9510946805156243,0.9542923512798688,0.955304964742898,0.963804315163628,0.9625492339825296,0.9652900320617842,0.951263981465471,0.9662504844971685,1.0
3,0,1.9335766695163867,0.3004236669101534,6845,2.2345533587715845,0.24616508400292184,1369,2.2364263836341567,0.2421,0.9293356598395698,0.07922884006774351,,,0.55,,0.5500404350481095,0.4499595649518905,0.9825037220492449,0.14434425235109416,10,0.025,0.15,1.0,0.9431238551881037,0.9303665542394857,0.9104641903416735,0.9048283920914205,0.8855890140772189,0.8998445532191529,0.8894224956333135,0.8706274740340717,0.8614713510067538,0.8603678659033042,0.8571288334475916
3,1,1.9622123235879942,0.29341000365096753,5478,2.231526427798801,0.24817518248175183,1096,2.234857127636294,0.2442,0.9596754191362525,0.0826863196206666,,,0.8537016957313637,,0.853748906603291,0.14625109339670905,0.9869918402101557,0.1453479331974334,10,0.025,0.15,0.9431238551881037,1.0,0.9492949352152089,0.9317283077633386,0.942262588933883,0.920826927090124,0.9336253270423649,0.9257415801566198,0.9096813169015742,0.9036501800268388,0.8998530009749577,0.9018078899757559
3,2,1.9795402272751457,0.28759336099585064,4820,2.2329871356487274,0.25103734439834025,964,2.234823166569577,0.2442,0.972612748903214,0.08397123123761056,,,0.9665671027301981,,0.9665956990312092,0.03340430096879077,0.9872103553723892,0.1453728832097383,10,0.025,0.15,0.9303665542394857,0.9492949352152089,1.0,0.9434987072942754,0.94817756721579,0.9394362478868384,0.9483383283661496,0.9418592878219879,0.9344013762683475,0.925238562305958,0.9252668895335757,0.9240009564864007
3,3,1.989262627192906,0.2865183840217885,4406,2.23788435118539,0.2213393870601589,881,2.2348226323912415,0.2442,0.9726470089516353,0.08409380652408342,,,0.9773339986110696,,0.9773728771599742,0.02262712284002577,0.98721157715884,0.14537308053874098,10,0.025,0.15,0.9104641903416735,0.9317283077633386,0.9434987072942754,1.0,0.9452880176996751,0.942526824054251,0.947586189028566,0.9400164750294224,0.9429561765994879,0.9290382321912747,0.936601265770423,0.93933334094146
3,4,1.9780996698321718,0.2907830739299611,4112,2.2238922119140625,0.28588807785888076,822,2.234822481493407,0.2442,0.978880134933349,0.08428034651776822,,,0.9937194931705082,,0.9937531976696209,0.006246802330379109,0.9872115843774852,0.14537315450917582,10,0.025,0.15,0.9048283920914205,0.942262588933883,0.94817756721579,0.9452880176996751,1.0,0.9490629642690437,0.9594416701852472,0.9553189903756234,0.9481155903998785,0.9411685456753036,0.9432552326940601,0.9440575360887739
3,5,1.9832430993357013,0.290588840318848,3889,2.2383391175951277,0.2442159383033419,778,2.234822759145423,0.2442,0.9746561534362475,0.08415001669705899,,,0.9822714464220335,,0.9823158554900893,0.017684144509910737,0.9872104104131358,0.1453731218037732,10,0.025,0.15,0.8855890140772189,0.920826927090124,0.9394362478868384,0.942526824054251,0.9490629642690437,1.0,0.9599427957699962,0.9524910321176037,0.9468993703602743,0.941590066864961,0.9456664118404158,0.946798250619765
3,6,2.0034073385699043,0.2932632713554298,3711,2.2365820010503135,0.2398921832884097,742,2.2348240297051927,0.2442,0.9823645078490698,0.08435184669029432,,,0.9999999999121609,,1.0,0.0,0.9872113127404991,0.14537315555945918,10,0.025,0.15,0.8998445532191529,0.9336253270423649,0.9483383283661496,0.947586189028566,0.9594416701852472,0.9599427957699962,1.0,0.963021241555175,0.9548473998704282,0.9499960746449905,0.9493901687216643,0.9550046422425218
3,7,2.0194315940141676,0.2797418630751964,3564,2.238731304804484,0.23983169705469845,713,2.2348240327231492,0.2442,0.9786640872707681,0.08411292853586491,,,0.979013657829567,,0.9790562954894291,0.020943704510570926,0.9872103594268867,0.14537309638195023,10,0.025,0.15,0.8894224956333135,0.9257415801566198,0.9418592878219879,0.9400164750294224,0.9553189903756234,0.9524910321176037,0.963021241555175,1.0,0.9599343555329449,0.9439776773609233,0.9539171631196625,0.9520051862766318
3,8,1.989565498299069,0.2858471374600407,3441,2.241543491681417,0.23255813953488372,688,2.2348256322401987,0.2442,0.9738586828672804,0.08387103018605299,,,0.9577655382360936,,0.9578072651053787,0.042192734894621275,0.9872045481977252,0.14537265638014854,10,0.025,0.15,0.8706274740340717,0.9096813169015742,0.9344013762683475,0.9429561765994879,0.9481155903998785,0.9468993703602743,0.9548473998704282,0.9599343555329449,1.0,0.9451168949306955,0.9533629902960343,0.9551154591983353
3,9,2.012206909833131,0.2772345530893821,3334,2.2416855494181314,0.23088455772113944,667,2.2348490636559983,0.2443,0.9655491423355612,0.08299552836341652,,,0.8808622958363511,,0.8809064052417026,0.1190935947582974,0.9870681666979246,0.14536021802619553,10,0.025,0.15,0.8614713510067538,0.9036501800268388,0.925238562305958,0.9290382321912747,0.9411685456753036,0.941590066864961,0.9499960746449905,0.9439776773609233,0.9451168949306955,1.0,0.9379675771988949,0.9458145674292493
3,10,2.0244324372364924,0.2717371181734033,3241,2.248312473297119,0.23919753086419754,648,2.234858669812166,0.2443,0.9687482129102727,0.0831362229831315,,,0.8932207766122087,,0.8932679770923074,0.10673202290769257,0.9870946912199959,0.14536372412475693,10,0.025,0.15,0.8603678659033042,0.8998530009749577,0.9252668895335757,0.936601265770423,0.9432552326940601,0.9456664118404158,0.9493901687216643,0.9539171631196625,0.9533629902960343,0.9379675771988949,1.0,0.9561966374727343
3,11,2.0323065261840823,0.28391896169673947,3159,2.237787866592407,0.24367088607594936,632,2.234874127786371,0.2442,0.9700896390807581,0.08312188257630826,,,0.891961128998092,,0.8920054133452163,0.10799458665478368,0.9870883596715291,0.14536348546193834,10,0.025,0.15,0.8571288334475916,0.9018078899757559,0.9240009564864007,0.93933334094146,0.9440575360887739,0.946798250619765,0.9550046422425218,0.9520051862766318,0.9551154591983353,0.9458145674292493,0.9561966374727343,1.0
4,0,1.8987687210241952,0.31136596055514976,6845,2.200978842648593,0.25931336742147554,1369,2.203730960435505,0.2661,0.9314059913502883,0.07965642409024026,,,0.55,,0.5500404350481095,0.4499595649518905,0.986459598771438,0.14377111018000205,10,0.025,0.15,1.0,0.9408468767557902,0.9309588578572306,0.9081654020629693,0.9055347435862064,0.8833925154368447,0.8991857657777177,0.8871582579005302,0.866410422760746,0.8639216818824639,0.861201807182887,0.8561246504250044
4,1,1.9243732028229292,0.3068455640744797,5478,2.196461068259345,0.26916058394160586,1096,2.2010010526150086,0.2676,0.9568345453290056,0.08263511890895298,,,0.8340366542699729,,0.8340842699410803,0.16591573005891969,0.9912568556918319,0.14486932143115142,10,0.025,0.15,0.9408468767557902,1.0,0.9447679436617279,0.9249540787774295,0.9383200233735413,0.9143231587176647,0.9273321866683429,0.9186269847498695,0.8988663029254681,0.8965312147079002,0.8948834821788623,0.8943162966343776
4,2,1.9431738279367747,0.30101659751037346,4820,2.198591947555542,0.274896265560166,964,2.200935107243212,0.2675,0.9699232273171462,0.08386104302364411,,,0.9509359692780914,,0.9509745671799442,0.04902543282005578,0.9914421423398991,0.14491264915401522,10,0.025,0.15,0.9309588578572306,0.9447679436617279,1.0,0.9367385291824124,0.9455217753342479,0.9319977398544071,0.9432484637055336,0.9337719518764737,0.9240955567275786,0.921463438697353,0.9169471234212871,0.9139983773367903
4,3,1.953023818220411,0.294734453018611,4406,2.204562085015433,0.25312145289443816,881,2.200933368900154,0.2674,0.9687090068879236,0.08389748240789041,,,0.9544106860298567,,0.9544569325477381,0.04554306745226189,0.9914474745277237,0.1449128395468949,10,0.025,0.15,0.9081654020629693,0.9249540787774295,0.9367385291824124,1.0,0.9441227535904338,0.9322695752302831,0.939180427910692,0.93141992989483,0.931702841135664,0.9249778505390215,0.926581566294479,0.9280592694202685
4,4,1.9335568074024085,0.30009727626459143,4112,2.1872852189200267,0.30900243309002434,822,2.200933773306352,0.2674,0.9790674734233317,0.08435195647169919,,,0.9977475501240808,,0.9977801983792972,0.002219801620702788,0.991443331182299,0.14491361347291554,10,0.025,0.15,0.9055347435862064,0.9383200233735413,0.9455217753342479,0.9441227535904338,1.0,0.9451532881092515,0.9541305707549803,0.9523752942460422,0.9430816214928006,0.9365164489569153,0.9420057018626219,0.940815697673168
4,5,1.9427228331565858,0.30316276677809206,3889,2.2047801358359203,0.2647814910025707,778,2.200932879991169,0.2674,0.9707607272376847,0.08399946448621393,,,0.9641352970039436,,0.9641530920433727,0.03584690795662726,0.9914483555491951,0.1449132233039024,10,0.025,0.15,0.8833925154368447,0.9143231587176647,0.9319977398544071,0.9322695752302831,0.9451532881092515,1.0,0.9511375494817328,0.9447226187159617,0.9365472792223393,0.935065538278176,0.9378754212902684,0.9379403393013133
4,6,1.958372494681128,0.3064403125842091,3711,2.201948046684265,0.25471698113207547,742,2.200935937181304,0.2675,0.9784315695700552,0.08437557793178158,,,0.9999999999046438,,1.0,0.0,0.9914434594107331,0.14491361347738002,10,0.025,0.15,0.8991857657777177,0.9273321866683429,0.9432484637055336,0.939180427910692,0.9541305707549803,0.9511375494817328,1.0,0.9548221332451657,0.9435796807148964,0.9401626520154137,0.9407262613517485,0.9462660939531053
4,7,1.9778064493622098,0.2884680134680135,3564,2.204618771870931,0.2776998597475456,713,2.2009355599367164,0.2675,0.9748509981840178,0.08411013813925712,,,0.9746887024514376,,0.9747239689062732,0.02527603109372678,0.9914443956755148,0.1449134838832557,10,0.025,0.15,0.8871582579005302,0.9186269847498695,0.9337719518764737,0.93141992989483,0.9523752942460422,0.9447226187159617,0.9548221332451657,1.0,0.9496115187182806,0.9349336659713472,0.9480089101865536,0.9424537875249592
4,8,1.9496157005981163,0.2974716652136007,3441,2.2115692694981894,0.26453488372093026,688,2.2009355116494094,0.2675,0.9675104267723426,0.08371993458109665,,,0.9374804216809907,,0.9375072205443052,0.06249277945569476,0.9914505093113564,0.14491131392901208,10,0.025,0.15,0.866410422760746,0.8988663029254681,0.9240955567275786,0.931702841135664,0.9430816214928006,0.9365472792223393,0.9435796807148964,0.9496115187182806,1.0,0.931997905508197,0.9437987231200352,0.9424570110154967
4,9,1.9725659251213075,0.29502099580083985,3334,2.20889679590861,0.25787106446776614,667,2.2009811733342426,0.2677,0.9626236095809676,0.08301641097509999,,,0.8703951701164823,,0.8704345529864171,0.12956544701358286,0.9913436398755816,0.14489054016407849,10,0.025,0.15,0.8639216818824639,0.8965312147079002,0.921463438697353,0.9249778505390215,0.9365164489569153,0.935065538278176,0.9401626520154137,0.9349336659713472,0.931997905508197,1.0,0.9317580017215471,0.9390534879862574
4,10,1.97946752676597,0.2846960814563406,3241,2.215677181879679,0.26697530864197533,648,2.200996782206282,0.2675,0.9654331950443596,0.08319564076821324,,,0.8874858201762256,,0.8875162978000033,0.1124837021999967,0.991366491736972,0.14489995628088045,10,0.025,0.15,0.861201807182887,0.8948834821788623,0.9169471234212871,0.926581566294479,0.9420057018626219,0.9378754212902684,0.9407262613517485,0.9480089101865536,0.9437987231200352,0.9317580017215471,1.0,0.9446435393674021
4,11,1.9883661165237427,0.294017094017094,3159,2.2060142993927,0.2563291139240506,632,2.2010194380072097,0.2676,0.9652519230930677,0.08318080821591067,,,0.8860714461679049,,0.8861134491921242,0.1138865508078758,0.9913609476005463,0.1448996480126273,10,0.025,0.15,0.8561246504250044,0.8943162966343776,0.9139983773367903,0.9280592694202685,0.940815697673168,0.9379403393013133,0.9462660939531053,0.9424537875249592,0.9424570110154967,0.9390534879862574,0.9446435393674021,1.0
5,0,1.8677051466924173,0.3235792549306063,6845,2.162411429665305,0.2731921110299489,1369,2.1663969227030306,0.2864,0.9319608442773267,0.08004698716729913,,,0.55,,0.5500404350481095,0.4499595649518905,0.9850912632114416,0.1432345874105098,10,0.025,0.15,1.0,0.9402850748211096,0.9301109510520373,0.9095453623376145,0.90598287043648,0.8816953974536549,0.8974246814539224,0.8843706180756247,0.860750282246771,0.8528941653385781,0.8545401443118512,0.8529078166120404
5,1,1.891724540189255,0.3175976633807959,5478,2.1561968326568604,0.29105839416058393,1096,2.1621949038928068,0.2901,0.956324412312598,0.08269703149492616,,,0.8219747965358541,,0.822028023963955,0.17797197603604498,0.991101810723283,0.1443457932246785,10,0.025,0.15,0.9402850748211096,1.0,0.94146728952986,0.921891218300199,0.9370942141980699,0.909384313982969,0.9239491649085793,0.913636971588195,0.8917456320377029,0.8930141429925745,0.886016788781756,0.8901008233455285
5,2,1.9093957747283734,0.31269709543568464,4820,2.159015029668808,0.30186721991701243,964,2.162056648278538,0.29,0.9675009972594634,0.08382531886491576,,,0.9377712474434046,,0.9378207984684194,0.06217920153158063,0.9916184497227383,0.14439683251477908,10,0.025,0.15,0.9301109510520373,0.94146728952986,1.0,0.9335761284330409,0.9422434207434238,0.9253564024071014,0.9384120493710941,0.9264026724080281,0.915013496450745,0.9082635616410091,0.9089424222676304,0.9060455693046642
5,3,1.9190909464018686,0.30683159328188836,4406,2.166174990790231,0.2814982973893303,881,2.1620415826387043,0.2902,0.9653111284805578,0.08377630014008972,,,0.9327404418934656,,0.9327870475813239,0.06721295241867609,0.9916221413900467,0.14439589897455848,10,0.025,0.15,0.9095453623376145,0.921891218300199,0.9335761284330409,1.0,0.9369971338623,0.9225556967056889,0.9321857172348469,0.9228751873426801,0.9251342907247775,0.905278576298574,0.9183996533230075,0.9211796694305574
5,4,1.902911507360863,0.31094357976653697,4112,2.1452045100075856,0.3357664233576642,822,2.1620568836791607,0.2901,0.9766972817895856,0.0844316579616129,,,0.9999999998973697,,1.0,0.0,0.9916351882620009,0.1443987710784469,10,0.025,0.15,0.90598287043648,0.9370942141980699,0.9422434207434238,0.9369971338623,1.0,0.9360908699261382,0.9490415244293265,0.9447455537987433,0.934034570152508,0.9305291392850125,0.9317131867856702,0.931822916943857
5,5,1.913015861665049,0.31465672409359735,3889,2.165986946650914,0.2892030848329049,778,2.162053968332991,0.29,0.9657701724920449,0.08385475205513623,,,0.9407919840545474,,0.9408493010513113,0.05915069894868874,0.9916168970574285,0.14439708696777814,10,0.025,0.15,0.8816953974536549,0.909384313982969,0.9253564024071014,0.9225556967056889,0.9360908699261382,1.0,0.9429854541269476,0.9340260810555828,0.9254816408902626,0.9221404424634112,0.9256806704537495,0.9280072610810532
5,6,1.922928695432071,0.31506332524925895,3711,2.162514885266622,0.284366576819407,742,2.1620595515528813,0.29,0.9760938215535055,0.08442659568154226,,,0.9994804566663887,,0.999504876961925,0.0004951230380749738,0.9916351870618803,0.14439877107840005,10,0.025,0.15,0.8974246814539224,0.9239491649085793,0.9384120493710941,0.9321857172348469,0.9490415244293265,0.9429854541269476,1.0,0.9473767906668452,0.9364688255677271,0.9299877786760293,0.9330102204555483,0.9419644385468757
5,7,1.944497776031494,0.298989898989899,3564,2.1656223138173423,0.29873772791023845,713,2.1620607557176035,0.2901,0.9711962170459012,0.0841011956502535,,,0.9660845597072725,,0.966125332145038,0.03387466785496196,0.9916259182043168,0.14439853078943074,10,0.025,0.15,0.8843706180756247,0.913636971588195,0.9264026724080281,0.9228751873426801,0.9447455537987433,0.9340260810555828,0.9473767906668452,1.0,0.939802285362336,0.9297079147033922,0.9386269648247494,0.9344063169370724
5,8,1.9161738289727106,0.3066550421389131,3441,2.1771585941314697,0.2761627906976744,688,2.1620481557483915,0.2901,0.9624072485022444,0.0835708240272117,,,0.9116523704939129,,0.9116948061593306,0.08830519384066937,0.9915703632739867,0.1443922426021431,10,0.025,0.15,0.860750282246771,0.8917456320377029,0.915013496450745,0.9251342907247775,0.934034570152508,0.9254816408902626,0.9364688255677271,0.939802285362336,1.0,0.91620871648373,0.9354639035756429,0.9337353602420957
5,9,1.9480958995995699,0.3038992201559688,3334,2.171585440635681,0.272863568215892,667,2.1621639698366577,0.2899,0.9553334936420022,0.0829017332010636,,,0.8429833903532737,,0.843029492828968,0.156970507171032,0.9912182709704794,0.14436080797738787,10,0.025,0.15,0.8528941653385781,0.8930141429925745,0.9082635616410091,0.905278576298574,0.9305291392850125,0.9221404424634112,0.9299877786760293,0.9297079147033922,0.91620871648373,1.0,0.9175862682216841,0.9272648477956921
5,10,1.944208037853241,0.2941067571737118,3241,2.178796331087748,0.2916666666666667,648,2.1621642806861976,0.29,0.9599275045447683,0.08316357887480749,,,0.8698566856781327,,0.8698981696951692,0.1301018303048308,0.9913823468068015,0.1443752354585753,10,0.025,0.15,0.8545401443118512,0.886016788781756,0.9089424222676304,0.9183996533230075,0.9317131867856702,0.9256806704537495,0.9330102204555483,0.9386269648247494,0.9354639035756429,0.9175862682216841,1.0,0.9354704897748379
5,11,1.9524741764068603,0.30376701487812596,3159,2.1695515155792235,0.2800632911392405,632,2.162188858925542,0.2901,0.9614449472405479,0.08320402488114158,,,0.8740076707121268,,0.8740324470630951,0.12596755293690487,0.9913940191350207,0.14437700930661945,10,0.025,0.15,0.8529078166120404,0.8901008233455285,0.9060455693046642,0.9211796694305574,0.931822916943857,0.9280072610810532,0.9419644385468757,0.9344063169370724,0.9337353602420957,0.9272648477956921,0.9354704897748379,1.0
6,0,1.840111741313228,0.33383491599707815,6845,2.120129411870783,0.3060628195763331,1369,2.1254832654059688,0.3091,0.9362002493474195,0.08048812091117298,,,0.55,,0.5500404350481095,0.4499595649518905,0.9881055232359622,0.14296678356484255,10,0.025,0.15,1.0,0.9383994881534061,0.9297555683717401,0.9116563508815774,0.9072139898517089,0.8836463387224207,0.8985535892300904,0.8867129960979637,0.8672045594642918,0.8603186506867029,0.8565054096685524,0.8572628076916107
6,1,1.8581433002338854,0.3269989047097481,5478,2.112332900365194,0.3102189781021898,1096,2.1196170698238324,0.3089,0.9561621817934799,0.08279138867376452,,,0.8089282094382612,,0.8089650278094106,0.1910349721905894,0.991983789854978,0.14404590467556547,10,0.025,0.15,0.9383994881534061,1.0,0.9396306922495175,0.9203328022899612,0.9317941532074977,0.906882422791419,0.9203755615092243,0.9106379129345932,0.890871701540798,0.8899311090955047,0.8851090340254884,0.8905601904964002
6,2,1.8765069440791482,0.32487551867219916,4820,2.1156114637851715,0.3236514522821577,964,2.119427228275734,0.3091,0.9643524646673738,0.08376191821733271,,,0.9180329696422134,,0.9180818933504976,0.08191810664950239,0.9923143229338999,0.14410704966133678,10,0.025,0.15,0.9297555683717401,0.9396306922495175,1.0,0.928496712062843,0.9363637227230024,0.9183847016201141,0.9315447396015474,0.9192083228178053,0.9077930387152527,0.9079578176710251,0.8987635370090729,0.899578684579769
6,3,1.8890179814611163,0.31525192918747164,4406,2.1240177154541016,0.2973893303064699,881,2.119409039050718,0.3092,0.96293926167703,0.08368511643217526,,,0.9093990847611492,,0.9094502483867241,0.09054975161327594,0.9922915096173185,0.14410591384441815,10,0.025,0.15,0.9116563508815774,0.9203328022899612,0.928496712062843,1.0,0.9344406928392923,0.9182202382150794,0.9263088693254846,0.9156812968153166,0.9167878966545865,0.9076899677811284,0.9096052003211095,0.9112865849492298
6,4,1.8677145488334426,0.32205739299610897,4112,2.0989185741969516,0.3515815085158151,822,2.1194201300415814,0.3091,0.9750904282841603,0.08449104703172147,,,0.9999999998875821,,1.0,0.0,0.9923679509369179,0.14411111384885258,10,0.025,0.15,0.9072139898517089,0.9317941532074977,0.9363637227230024,0.9344406928392923,1.0,0.9307755758569557,0.9446811333631748,0.9397960873266425,0.9315918293904727,0.9292641441632057,0.9252457195797948,0.9283654420956354
6,5,1.8798834596910785,0.32298791463101056,3889,2.123725652694702,0.2943444730077121,778,2.119422375401364,0.3091,0.9622189974408659,0.08371035022763507,,,0.9122358115984961,,0.9122807017543859,0.08771929824561409,0.9923110471980046,0.14410628481512158,10,0.025,0.15,0.8836463387224207,0.906882422791419,0.9183847016201141,0.9182202382150794,0.9307755758569557,1.0,0.9340421037857711,0.9256604386197821,0.9163157829724374,0.9211124335693662,0.9164989941122753,0.9193915257514836
6,6,1.888134857292833,0.325626515763945,3711,2.1191237767537436,0.31266846361185985,742,2.1194231208366685,0.3091,0.9729286825348576,0.08441708301504071,,,0.991685130590552,,0.9917314452641481,0.008268554735851863,0.9923679273096667,0.14411111221938872,10,0.025,0.15,0.8985535892300904,0.9203755615092243,0.9315447396015474,0.9263088693254846,0.9446811333631748,0.9340421037857711,1.0,0.9406965231570826,0.9283625005225692,0.9301527810987158,0.925199582265911,0.9343331296790378
6,7,1.9104371419974735,0.30816498316498314,3564,2.1227957010269165,0.3225806451612903,713,2.1194278469568566,0.3091,0.967810886621796,0.08404691075115078,,,0.9500711927629841,,0.9501163539139477,0.049883646086052336,0.992358775621752,0.14411029422878138,10,0.025,0.15,0.8867129960979637,0.9106379129345932,0.9192083228178053,0.9156812968153166,0.9397960873266425,0.9256604386197821,0.9406965231570826,1.0,0.933475440563751,0.9269789753202006,0.929473186054035,0.9268293060451768
6,8,1.8847750544548034,0.3181923859343214,3441,2.139043132464091,0.28488372093023256,688,2.1194370396529574,0.3091,0.9596015674279574,0.08344789542543722,,,0.8827312298493475,,0.8827713686851183,0.1172286313148817,0.9922156788634771,0.14409677421155592,10,0.025,0.15,0.8672045594642918,0.890871701540798,0.9077930387152527,0.9167878966545865,0.9315918293904727,0.9163157829724374,0.9283625005225692,0.933475440563751,1.0,0.9209026493438074,0.9253717222831536,0.921674261096783
6,9,1.907882449803529,0.31121775644871025,3334,2.130573868751526,0.280359820089955,667,2.1196205223662945,0.3089,0.9573098694698365,0.08295638864786521,,,0.8274771374201213,,0.8275156376359525,0.17248436236404752,0.9920246534267141,0.14406538279907688,10,0.025,0.15,0.8603186506867029,0.8899311090955047,0.9079578176710251,0.9076899677811284,0.9292641441632057,0.9211124335693662,0.9301527810987158,0.9269789753202006,0.9209026493438074,1.0,0.9160516603197245,0.9239958511888586
