round,client_id,client_i_training_loss,client_i_training_accuracy,client_i_training_dataset_size,client_i_evaluation_loss,client_i_evaluation_accuracy,client_i_evaluation_dataset_size,client_i_central_evaluation_loss,client_i_central_evaluation_accuracy,client_i_cosine_similarity,client_i_importance_coefficient,client_i_tanh_val,tanh_normalization_value,client_i_q,client_i_mask_order,client_i_v_nonzero_fraction,client_i_v_sparsity,client_i_v_cosine_similarity,client_i_reward_gradient_norm,local_epochs,learning_rate,gamma,client_0_cosine_similarity,client_1_cosine_similarity,client_2_cosine_similarity,client_3_cosine_similarity,client_4_cosine_similarity,client_5_cosine_similarity,client_6_cosine_similarity,client_7_cosine_similarity,client_8_cosine_similarity,client_9_cosine_similarity,client_10_cosine_similarity,client_11_cosine_similarity
0,0,0.27647150243244745,0.9132700267835403,8214,2.1886177728342457,0.4163623082542001,1369,2.1877212699609823,0.4165,0.8008331945196868,0.08593887015811534,,,0.9699999999637212,,0.9700015059484965,0.029998494051503455,0,0.3895742874127893,5,0.1,0.5,1.0,0.5705195833043663,0.5672342181669673,0.5735500798519527,0.573048065656012,0.57014286554112,0.5676985118766416,0.5752492025655063,0.49236623738130697,0.5603343490573536,0.5721398272349637,0.576043363604862
0,1,0.3068719536662825,0.9034986309704898,6574,2.186089999335153,0.4233576642335766,1096,2.187718000655738,0.4162,0.7927760308372107,0.08507424123377824,,,0.9386323301770403,,0.9386476582500879,0.06135234174991211,0,0.38957018328945003,5,0.1,0.5,0.5705195833043663,1.0,0.5628666048034705,0.5750571985649675,0.5621238936111631,0.5884913682231886,0.5644155430168816,0.592310184318595,0.5093585687281048,0.5873180028067774,0.5886454785079267,0.5793637264298046
0,2,0.33669074985368475,0.8947605049282379,5783,2.1905322305617796,0.4221991701244813,964,2.1877366810941847,0.4164,0.7777205619679132,0.08345861142075067,,,0.880019275436337,,0.8800411625922393,0.1199588374077607,0,0.3895419851403614,5,0.1,0.5,0.5672342181669673,0.5628666048034705,1.0,0.5706692039224303,0.5716262169653644,0.5678182315544459,0.5659205562257177,0.5853424365436397,0.4883765920789583,0.5694823497514349,0.5750825024336325,0.5729164334407173
0,3,0.32970073889290175,0.8945337620578778,5287,2.1834694828305925,0.41316685584562995,881,2.1877151472499956,0.4164,0.7857385070924969,0.08431903173013829,,,0.911234261869178,,0.9112544550976357,0.0887455449023643,0,0.3895612020045629,5,0.1,0.5,0.5735500798519527,0.5750571985649675,0.5706692039224303,1.0,0.5758600232607737,0.5807347912842741,0.586842697659903,0.5877308245347153,0.5025513211963895,0.5935869039384168,0.5909954136292389,0.5872523314459878
0,4,0.3316547244438721,0.8965349544072948,4935,2.1914328245016246,0.3880778588807786,822,2.1877309064895583,0.4161,0.7795250402058064,0.08365225327032767,,,0.8870443626424704,,0.8870588825862156,0.11294111741378443,0,0.3895472358294568,5,0.1,0.5,0.573048065656012,0.5621238936111631,0.5716262169653644,0.5758600232607737,1.0,0.5916884777736355,0.5766262556880047,0.581016769775755,0.49755530352919275,0.5792209183936471,0.5976087297643168,0.5919775862367773
0,5,0.35217096641761797,0.8922219841439897,4667,2.185458927154541,0.43316195372750643,778,2.187716119205609,0.4164,0.7861082872646047,0.0843587135145789,,,0.9126738680121643,,0.9126901259976908,0.08730987400230916,0,0.38956184363287766,5,0.1,0.5,0.57014286554112,0.5884913682231886,0.5678182315544459,0.5807347912842741,0.5916884777736355,1.0,0.5903740631935445,0.6030246124492906,0.5145620673051838,0.5924297222545266,0.5891789303505409,0.5968120325839765
0,6,0.36567162623628974,0.8841679766449585,4453,2.17913548151652,0.4609164420485175,742,2.1877510440997043,0.4166,0.7738174676364814,0.08303976325204437,,,0.8648239810424927,,0.8648310827769691,0.13516891722303093,0,0.38952799742067323,5,0.1,0.5,0.5676985118766416,0.5644155430168816,0.5659205562257177,0.586842697659903,0.5766262556880047,0.5903740631935445,1.0,0.5841639197610191,0.5042136168023996,0.5819062716978144,0.585797642810354,0.5765253169117365
0,7,0.3761453509191746,0.8782791676408698,4277,2.1948051037995713,0.3744740532959327,713,2.1877166379374056,0.4163,0.7851670604286292,0.08425770874679482,,,0.9090095397511588,,0.9090256513227247,0.09097434867727527,0,0.3895602364753089,5,0.1,0.5,0.5752492025655063,0.592310184318595,0.5853424365436397,0.5877308245347153,0.581016769775755,0.6030246124492906,0.5841639197610191,1.0,0.5126467409617663,0.58531457767019,0.5916023391821319,0.6001647674600495
0,8,0.4479599582668967,0.8688302252361346,4129,2.192175117405978,0.38372093023255816,688,2.188601453464252,0.414,0.6929511373136215,0.0743618499121164,,,0.55,,0.5500125495708047,0.4499874504291953,0,0.3867634071632722,5,0.1,0.5,0.49236623738130697,0.5093585687281048,0.4883765920789583,0.5025513211963895,0.49755530352919275,0.5145620673051838,0.5042136168023996,0.5126467409617663,1.0,0.5248606914756666,0.5279937795753041,0.5126827694953612
0,9,0.37487351965040916,0.8834791302174456,4001,2.1883370081583657,0.40929535232383807,667,2.1877341041930567,0.4163,0.7788509662802859,0.08357991716842943,,,0.8844200981815753,,0.8844284925455549,0.11557150745444511,0,0.38954522315699475,5,0.1,0.5,0.5603343490573536,0.5873180028067774,0.5694823497514349,0.5935869039384168,0.5792209183936471,0.5924297222545266,0.5819062716978144,0.58531457767019,0.5248606914756666,1.0,0.6091298176032216,0.5962174545995661
0,10,0.382879331401076,0.8811519670866547,3889,2.1760910011473156,0.470679012345679,648,2.1877142743180733,0.4165,0.7848298115174471,0.08422151795127414,,,0.9076965823757386,,0.9077104563023944,0.09228954369760556,0,0.3895595827375909,5,0.1,0.5,0.5721398272349637,0.5886454785079267,0.5750825024336325,0.5909954136292389,0.5976087297643168,0.5891789303505409,0.585797642810354,0.5916023391821319,0.5279937795753041,0.6091298176032216,1.0,0.6136721529060358
0,11,0.40157188871452787,0.8703244526510155,3791,2.1930767059326173,0.3939873417721519,632,2.187734080579715,0.4161,0.7803196252646202,0.0837375216416518,,,0.8901377938702006,,0.8901561166608102,0.10984388333918982,0,0.38954932460647984,5,0.1,0.5,0.576043363604862,0.5793637264298046,0.5729164334407173,0.5872523314459878,0.5919775862367773,0.5968120325839765,0.5765253169117365,0.6001647674600495,0.5126827694953612,0.5962174545995661,0.6136721529060358,1.0
1,0,0.25399485526620935,0.9205989773557341,8214,2.022399103918741,0.7253469685902119,1369,2.022954744652818,0.7192,0.796002466097793,0.08472852269922493,,,0.9699999999541618,,0.9700015059484965,0.029998494051503455,0.956688722758945,0.4030039755023813,5,0.1,0.5,1.0,0.6063094396292298,0.6066346368846047,0.6179208852239628,0.6109742729514378,0.6197575078841262,0.6018422250931501,0.6192246188053668,0.560192824104844,0.612739316233801,0.6156056497209883,0.6099331583357452
1,1,0.27779650557424546,0.915850319440219,6574,2.022048091888428,0.7281021897810219,1096,2.022954598402444,0.7192,0.8036582631549909,0.08442251192168401,,,0.9559730319805824,,0.9559861452738316,0.04401385472616837,0.9566776439285786,0.40300264993423307,5,0.1,0.5,0.6063094396292298,1.0,0.6134490883398482,0.6201606275625344,0.6137585501344488,0.6261975276088637,0.6108927165100665,0.6278935006538577,0.5661833178270914,0.6264247501481621,0.6258620864522995,0.6223792615012045
1,2,0.29992576841450197,0.9085249870309527,5783,2.0209270331167404,0.741701244813278,964,2.0229746206119037,0.7192,0.8008216530962787,0.08325271513414406,,,0.9023517111686873,,0.9023693589679233,0.09763064103207675,0.9565711576587357,0.40298441543353813,5,0.1,0.5,0.6066346368846047,0.6134490883398482,1.0,0.6317822008679446,0.614632987874799,0.6214551195941656,0.610450514904281,0.6166085173837657,0.5654510843215894,0.6234537715615861,0.6162670437265366,0.6194615379810052
1,3,0.29107842547594603,0.9090977870247777,5287,2.0186233818531036,0.70261066969353,881,2.022945536592136,0.7192,0.818446854170645,0.08443784744332106,,,0.9566759839242674,,0.9566939410672155,0.0433060589327845,0.9566495820492361,0.403002758799387,5,0.1,0.5,0.6179208852239628,0.6201606275625344,0.6317822008679446,1.0,0.6329681782287006,0.636855916899296,0.6235654639728112,0.6396460604208573,0.5854011551326209,0.6407398625110823,0.6387537781414577,0.6393219358812517
1,4,0.29188505987907126,0.9094224924012158,4935,2.030649102651156,0.6897810218978102,822,2.0229635916578883,0.7192,0.809801819263397,0.08369432863722259,,,0.922594457238487,,0.9226093067617087,0.07739069323829129,0.9566032163477889,0.40299463368784916,5,0.1,0.5,0.6109742729514378,0.6137585501344488,0.614632987874799,0.6329681782287006,1.0,0.6333649376788741,0.6180495859339082,0.64280325598271,0.5678144877227472,0.6333218247993021,0.6332209051940906,0.624154472478098
1,5,0.3134798015608159,0.9049496464538247,4667,2.0179511404037473,0.7223650385604113,778,2.0229454935549165,0.7192,0.8168246576701285,0.08440755937072053,,,0.9552876347041417,,0.955308468450379,0.04469153154962102,0.9566489402175461,0.40300257272458895,5,0.1,0.5,0.6197575078841262,0.6261975276088637,0.6214551195941656,0.636855916899296,0.6333649376788741,1.0,0.6172044402580812,0.6359754647737961,0.5799886081679546,0.640208665326383,0.6361202095398549,0.6434006087679187
1,6,0.3301350999683408,0.8989445317763306,4453,2.0149757464726767,0.7371967654986523,742,2.0229980191483663,0.7193,0.799483453278114,0.08292841929148242,,,0.8874865896342945,,0.8874956076502184,0.1125043923497816,0.9565287404831915,0.4029733134136266,5,0.1,0.5,0.6018422250931501,0.6108927165100665,0.610450514904281,0.6235654639728112,0.6180495859339082,0.6172044402580812,1.0,0.6200469284111221,0.5689687230106271,0.6208049744469191,0.6206821747554689,0.6168073668395734
1,7,0.33362292998484266,0.8999766191255553,4277,2.031902743422467,0.6732117812061711,713,2.0229468456091593,0.7192,0.8190087666149839,0.08441680436200713,,,0.9557114080030276,,0.9557301340294162,0.0442698659705838,0.9566472817559667,0.4030026335428523,5,0.1,0.5,0.6192246188053668,0.6278935006538577,0.6166085173837657,0.6396460604208573,0.64280325598271,0.6359754647737961,0.6200469284111221,1.0,0.5828747827853583,0.6446746022085744,0.6470986630581386,0.635397507231763
1,8,0.34674894909428144,0.8944538629208041,4129,2.029488428072496,0.7209302325581395,688,2.026216570561686,0.7183,0.7533072306961982,0.07556584928361286,,,0.55,,0.5500125495708047,0.4499874504291953,0.9500693437782707,0.39981441813674634,5,0.1,0.5,0.560192824104844,0.5661833178270914,0.5654510843215894,0.5854011551326209,0.5678144877227472,0.5799886081679546,0.5689687230106271,0.5828747827853583,1.0,0.5911238166737812,0.5829063493242391,0.581154993482784
1,9,0.32519459355722313,0.9007248187953012,4001,2.025596164521717,0.7166416791604198,667,2.0229689313199954,0.7192,0.818087642368468,0.08393542958260138,,,0.9336460785781169,,0.9336579488981477,0.06634205110185232,0.956594109225342,0.4029982224048364,5,0.1,0.5,0.612739316233801,0.6264247501481621,0.6234537715615861,0.6407398625110823,0.6333218247993021,0.640208665326383,0.6208049744469191,0.6446746022085744,0.5911238166737812,1.0,0.6391825970540291,0.6347233310524742
1,10,0.34030245800548403,0.8975572126510671,3889,2.0106126410620555,0.7638888888888888,648,2.022943355404912,0.7192,0.8169690305616574,0.08432166215931214,,,0.9513502654286945,,0.9513679032177099,0.04863209678229008,0.9566439853829306,0.40300200378856743,5,0.1,0.5,0.6156056497209883,0.6258620864522995,0.6162670437265366,0.6387537781414577,0.6332209051940906,0.6361202095398549,0.6206821747554689,0.6470986630581386,0.5829063493242391,0.6391825970540291,1.0,0.6371839059114722
1,11,0.3545897086158771,0.8869427591664468,3791,2.029268169403076,0.6977848101265823,632,2.022968893995681,0.7191,0.8137435700329497,0.08388835011466675,,,0.9314880428571564,,0.9315044425480649,0.06849555745193514,0.9566133868287771,0.402997553621169,5,0.1,0.5,0.6099331583357452,0.6223792615012045,0.6194615379810052,0.6393219358812517,0.624154472478098,0.6434006087679187,0.6168073668395734,0.635397507231763,0.581154993482784,0.6347233310524742,0.6371839059114722,1.0
2,0,0.23018918329929564,0.9302897492086681,8214,1.822402510532113,0.8677867056245434,1369,1.8247589840294836,0.8549,0.7957465143912138,0.08416312581099446,,,0.9480914285407978,,0.9481050148084935,0.05189498519150648,0.9651863656096035,0.3999690679248879,5,0.1,0.5,1.0,0.616214423158677,0.6111972801548251,0.6203090453664202,0.619755712884359,0.6219964641725308,0.6131216227316915,0.6178087600810811,0.45837993390397697,0.6164667567017574,0.6126879325512871,0.6094512578405245
2,1,0.25033341198617104,0.9250988743535138,6574,1.8240817070007325,0.8531021897810219,1096,1.8247576197877098,0.8549,0.8083473413315225,0.0844005659833989,,,0.9560847129878499,,0.9561066211535566,0.0438933788464434,0.9651782631242517,0.39997014084339794,5,0.1,0.5,0.616214423158677,1.0,0.6233858569280432,0.6327976525482529,0.6275991363838285,0.6381247035717365,0.6250973623713972,0.6269608243171924,0.4608731314013839,0.6368883157102238,0.6239005166200667,0.627292571442722
2,2,0.2699372283394001,0.9176551962649144,5783,1.8175133312902143,0.8713692946058091,964,1.8247763207926155,0.8548,0.8085304768335859,0.08362935839097338,,,0.9301224607221164,,0.9301440690728378,0.06985593092716225,0.9651309899565067,0.39996498430605015,5,0.1,0.5,0.6111972801548251,0.6233858569280432,1.0,0.6375754054134691,0.6382221210073746,0.6302791572025012,0.62625886828473,0.6278073478038873,0.45510309889622025,0.6386782906537692,0.6276154626464473,0.6295171385435709
2,3,0.2620635481214667,0.9197654624550785,5287,1.820246879543577,0.8581157775255391,881,1.824737270419209,0.8549,0.8178271584414101,0.08474242581601663,,,0.9675932241865386,,0.9676070478389639,0.032392952161036104,0.9651737870459144,0.39997109223551963,5,0.1,0.5,0.6203090453664202,0.6327976525482529,0.6375754054134691,1.0,0.6411330771233993,0.6415059023289228,0.6318898223516002,0.6347088840533499,0.4698512123892431,0.6487319847328497,0.6311211585133754,0.6407935351846401
2,4,0.26199659680166554,0.9193920972644377,4935,1.8367093434700599,0.8284671532846716,822,1.8247606224907091,0.8549,0.8189333546693347,0.08428687842624731,,,0.9522574879096299,,0.9522714723156468,0.047728527684353206,0.9651620920677739,0.3999696546241258,5,0.1,0.5,0.619755712884359,0.6275991363838285,0.6382221210073746,0.6411330771233993,1.0,0.6469965948269103,0.628814197320688,0.643840511880184,0.4699245100267477,0.6498616640379329,0.6325253867063801,0.6453901642699961
2,5,0.2803261395786213,0.9171202056995928,4667,1.8173376274108888,0.8598971722365039,778,1.8247343762614094,0.8549,0.820446081915264,0.08481391898755071,,,0.9699999999663356,,0.9700015059484965,0.029998494051503455,0.9651747804040058,0.39997121174470224,5,0.1,0.5,0.6219964641725308,0.6381247035717365,0.6302791572025012,0.6415059023289228,0.6469965948269103,1.0,0.6353001628579614,0.642518292895399,0.4725738068604705,0.6506648585326261,0.6364059087809728,0.639293821311573
2,6,0.2896328197256662,0.9113406692117674,4453,1.8181384205818176,0.8679245283018868,742,1.8247952784973973,0.8544,0.8121777040830537,0.08354138854773836,,,0.9271610074321384,,0.9271773505346117,0.0728226494653883,0.9651066936568439,0.3999640486864655,5,0.1,0.5,0.6131216227316915,0.6250973623713972,0.62625886828473,0.6318898223516002,0.628814197320688,0.6353001628579614,1.0,0.635458600212756,0.4663318371194007,0.6472243770493593,0.6418433944027966,0.6314655925930692
2,7,0.2931663495502365,0.9128361000701426,4277,1.834134868953539,0.8415147265077139,713,1.824738037471954,0.8549,0.815733616471568,0.08465519185250261,,,0.96465654385671,,0.9646704482706692,0.03532955172933083,0.9651729220742719,0.39997090622155657,5,0.1,0.5,0.6178087600810811,0.6269608243171924,0.6278073478038873,0.6347088840533499,0.643840511880184,0.642518292895399,0.635458600212756,1.0,0.46159904365808063,0.6404619437136745,0.6416448492658652,0.6368972365025298
2,8,0.39014513678562185,0.895180431097118,4129,1.8352180881933733,0.8430232558139535,688,1.8319254774635974,0.8528,0.6318415665695156,0.07233783696363992,,,0.55,,0.5500125495708047,0.4499874504291953,0.9586681390271544,0.39662217536635314,5,0.1,0.5,0.45837993390397697,0.4608731314013839,0.45510309889622025,0.4698512123892431,0.4699245100267477,0.4725738068604705,0.4663318371194007,0.46159904365808063,1.0,0.46894114501372064,0.46842897661071936,0.4630767225417619
2,9,0.28583221367801287,0.9141714571357161,4001,1.8290041401272727,0.8395802098950524,667,1.8247631559737574,0.8549,0.8236694665060584,0.08461284871121466,,,0.9632310867856975,,0.9632448170272576,0.036755182972742384,0.9651642670579299,0.39997079833691485,5,0.1,0.5,0.6164667567017574,0.6368883157102238,0.6386782906537692,0.6487319847328497,0.6498616640379329,0.6506648585326261,0.6472243770493593,0.6404619437136745,0.46894114501372064,1.0,0.6428704036629285,0.6474154002751329
2,10,0.3023871726035828,0.9087168938030342,3889,1.8129669314339047,0.8734567901234568,648,1.8247330900960075,0.8549,0.8140580215732196,0.084533323482584,,,0.9605539165043391,,0.9605742683600221,0.03942573163997787,0.9651727322176007,0.39997058383887985,5,0.1,0.5,0.6126879325512871,0.6239005166200667,0.6276154626464473,0.6311211585133754,0.6325253867063801,0.6364059087809728,0.6418433944027966,0.6416448492658652,0.46842897661071936,0.6428704036629285,1.0,0.6359443680713905
2,11,0.3202036265127298,0.8996043260353469,3791,1.8325307011604308,0.8322784810126582,632,1.8247672353689663,0.8549,0.815140008240047,0.08428313702713898,,,0.9521315358982243,,0.9521509964359219,0.04784900356407806,0.9651702598464551,0.39996964575471833,5,0.1,0.5,0.6094512578405245,0.627292571442722,0.6295171385435709,0.6407935351846401,0.6453901642699961,0.639293821311573,0.6314655925930692,0.6368972365025298,0.4630767225417619,0.6474154002751329,0.6359443680713905,1.0
3,0,0.21420668853946928,0.9347699050401753,8214,1.592934200930041,0.9108838568298028,1369,1.5979344993353652,0.9086,0.7919040347346596,0.08371532028014518,,,0.9125437371384189,,0.9125596104613222,0.08744038953867783,0.96729975785198,0.3982930662488499,5,0.1,0.5,1.0,0.6079197072838428,0.6085774102625309,0.6195967398597625,0.601574154989725,0.6088615351740491,0.6010111582016878,0.6033888472715093,0.6099049817372055,0.5043852020828381,0.6045282792332489,0.5984563998977053
3,1,0.23320083156164773,0.9296014602981442,6574,1.5969105209623065,0.906021897810219,1096,1.5979259166473778,0.9085,0.8027573957341625,0.08425327969926906,,,0.9391473157021926,,0.9391596807389188,0.060840319261081244,0.9673318031553576,0.398304309823952,5,0.1,0.5,0.6079197072838428,1.0,0.6126772597829242,0.6212521562248184,0.6152144461909187,0.6248824591376199,0.6072266268695387,0.6166376007253799,0.6217442736214713,0.5183760655113684,0.6088418640290223,0.6164381404427589
3,2,0.25052964457964205,0.9243645166868407,5783,1.5843938550641459,0.921161825726141,964,1.5979499508397648,0.9083,0.8030995788543901,0.08375222230246962,,,0.9143686440276209,,0.9143818081421615,0.08561819185783848,0.9673069189644321,0.39829400747121063,5,0.1,0.5,0.6085774102625309,0.6126772597829242,1.0,0.6230903097754662,0.6224317097273265,0.6200488934001098,0.6084556458508313,0.6132123337763494,0.6149514080391408,0.5190891375089127,0.613858060578238,0.620663289733047
3,3,0.23652591881824725,0.926082844713448,5287,1.5937313309737615,0.905788876276958,881,1.5979138441360035,0.9086,0.8140808266222748,0.08487716163518494,,,0.9699999999505472,,0.9700015059484965,0.029998494051503455,0.9673342291043908,0.3983091609317917,5,0.1,0.5,0.6195967398597625,0.6212521562248184,0.6230903097754662,1.0,0.6288076745660154,0.627237191992028,0.6201872970007398,0.6262754819356064,0.6374823124046882,0.5243707415798554,0.619077009851675,0.6316533732639276
3,4,0.24189644249216202,0.9259574468085107,4935,1.6139861299441411,0.8880778588807786,822,1.5979259981514928,0.9085,0.8097227019494362,0.08442152388558566,,,0.9474674552321616,,0.9474775362682596,0.05252246373174041,0.9673341067136593,0.39830628378420313,5,0.1,0.5,0.601574154989725,0.6152144461909187,0.6224317097273265,0.6288076745660154,1.0,0.6284090467738437,0.6158065574544455,0.6259372757027183,0.6286612499621903,0.5258059901927532,0.6145840312896553,0.631303460212546
3,5,0.2555042999847601,0.9253481894150418,4667,1.5885433959960937,0.9113110539845758,778,1.5979107321260837,0.9086,0.8122804719296954,0.08486168659737676,,,0.9692347166048674,,0.9692485317002159,0.030751468299784146,0.9673342845447419,0.3983091196180864,5,0.1,0.5,0.6088615351740491,0.6248824591376199,0.6200488934001098,0.627237191992028,0.6284090467738437,1.0,0.6204217256977121,0.621852889888922,0.6301394910133914,0.5314907239732334,0.6201800426853983,0.6270795123023787
3,6,0.2762115760353793,0.9175387379294857,4453,1.5932851980129878,0.9137466307277629,742,1.5979763231338404,0.9083,0.8008311301939902,0.08361427688963463,,,0.9075468625002252,,0.9075648812810602,0.09243511871893983,0.9672919107929184,0.39828999433719786,5,0.1,0.5,0.6010111582016878,0.6072266268695387,0.6084556458508313,0.6201872970007398,0.6158065574544455,0.6204217256977121,1.0,0.6153382642494643,0.6240845001994566,0.5137019747591952,0.6124790353690363,0.618631415150033
3,7,0.26308974717785394,0.9198971241524433,4277,1.607730772184289,0.9102384291725105,713,1.597905698675698,0.9086,0.8062069972299352,0.0845434466326371,,,0.9534968716985128,,0.9535063500828271,0.04649364991717286,0.9673324082275311,0.398307372337259,5,0.1,0.5,0.6033888472715093,0.6166376007253799,0.6132123337763494,0.6262754819356064,0.6259372757027183,0.621852889888922,0.6153382642494643,1.0,0.6270619079726406,0.5117451142529706,0.6224852062484527,0.6195215273191862
3,8,0.2601952516597633,0.9195931218212642,4129,1.613713112744418,0.9098837209302325,688,1.6099334780019694,0.9048,0.8071997385477795,0.07638420812279192,,,0.55,,0.5500125495708047,0.4499874504291953,0.9610146271027333,0.39476940063035004,5,0.1,0.5,0.6099049817372055,0.6217442736214713,0.6149514080391408,0.6374823124046882,0.6286612499621903,0.6301394910133914,0.6240845001994566,0.6270619079726406,1.0,0.5203860765108409,0.6251300595547256,0.6277330407625289
3,9,0.33743569055850603,0.9082729317670583,4001,1.6050328356879098,0.9085457271364318,667,1.5982310398698996,0.9081,0.7016414252800316,0.0808541625118541,,,0.7710515859348064,,0.7710707293810551,0.22892927061894486,0.9666326330828728,0.3979695567037121,5,0.1,0.5,0.5043852020828381,0.5183760655113684,0.5190891375089127,0.5243707415798554,0.5258059901927532,0.5314907239732334,0.5137019747591952,0.5117451142529706,0.5203860765108409,1.0,0.5173262838763518,0.5133946105175909
3,10,0.2732390330730342,0.9175109282591926,3889,1.586995244026184,0.9182098765432098,648,1.5978913345275976,0.9084,0.8033244451015709,0.08436144918635595,,,0.9444965954910023,,0.9445057979017117,0.05549420209828826,0.9673326683753735,0.3983056311603145,5,0.1,0.5,0.6045282792332489,0.6088418640290223,0.613858060578238,0.619077009851675,0.6145840312896553,0.6201800426853983,0.6124790353690363,0.6224852062484527,0.6251300595547256,0.5173262838763518,1.0,0.6180143703392794
3,11,0.2862670996703771,0.9120021102611449,3791,1.6074251711368561,0.8892405063291139,632,1.5979284885973215,0.9085,0.8080726488342863,0.08436126225669496,,,0.9444873513031599,,0.944495758245068,0.05550424175493196,0.9673360525894158,0.3983056306624453,5,0.1,0.5,0.5984563998977053,0.6164381404427589,0.620663289733047,0.6316533732639276,0.631303460212546,0.6270795123023787,0.618631415150033,0.6195215273191862,0.6277330407625289,0.5133946105175909,0.6180143703392794,1.0
4,0,0.19927948332855527,0.939663988312637,8214,1.3414542896803034,0.9298758217677137,1369,1.3498460309574019,0.9299,0.7842263914702731,0.08322860113506396,,,0.8790596686361406,,0.8790723357261182,0.1209276642738818,0.9684856215255535,0.3972649413027599,5,0.1,0.5,1.0,0.5871229084818815,0.5854081933489411,0.5975639139746949,0.5913574799389338,0.5936541547421664,0.5810548461425826,0.5912911989105168,0.5725881115168776,0.5932663546972988,0.5883028271411482,0.5929170115901473
4,1,0.21855447146752216,0.9324916337085488,6574,1.3485438210623606,0.9297445255474452,1096,1.3497814838878643,0.9299,0.7864137067869096,0.08366347488542085,,,0.9068165174843662,,0.906831986346067,0.09316801365393301,0.9685538492743265,0.3972899530113839,5,0.1,0.5,0.5871229084818815,1.0,0.5917092863460396,0.5919313700508265,0.5990048836980618,0.5986896834570324,0.5863614642139662,0.5936315486543142,0.5746483619614745,0.5957284854990421,0.5821463640638818,0.591906348175872
4,2,0.23609007181013159,0.9294137990662286,5783,1.3300785903007752,0.9377593360995851,964,1.3498108988752762,0.9297,0.790486260024012,0.08347255877767179,,,0.894630843961572,,0.8946438431805632,0.10535615681943677,0.9685094563024337,0.3972807172018733,5,0.1,0.5,0.5854081933489411,0.5917092863460396,1.0,0.60238720111386,0.6074556780548316,0.6019060259957905,0.5903498639064557,0.5941005568561518,0.5783152610574874,0.5980805721545688,0.5851310259150919,0.5991990473770316
4,3,0.2155935935530228,0.9337998865140912,5287,1.3466107930455888,0.9228149829738933,881,1.349738084089261,0.9298,0.8028057730103615,0.08465338689325247,,,0.9699999999361726,,0.9700015059484965,0.029998494051503455,0.9686004450063327,0.3973089717119142,5,0.1,0.5,0.5975639139746949,0.5919313700508265,0.60238720111386,1.0,0.6152576463390417,0.6079813122199589,0.6011199531014316,0.6066447119499203,0.5948472306142922,0.6118791189253369,0.6029453146379014,0.6144801666270564
4,4,0.2180968711525202,0.9324822695035461,4935,1.3703412413597107,0.9136253041362531,822,1.3497546050495233,0.9298,0.8034339544022653,0.08437200227907941,,,0.9520399593556408,,0.9520556196978064,0.04794438030219361,0.9685873296382106,0.39730709961703,5,0.1,0.5,0.5913574799389338,0.5990048836980618,0.6074556780548316,0.6152576463390417,1.0,0.6109504184618472,0.5988340064731393,0.6125602645151156,0.5930903225751254,0.6122724497887838,0.6027318578030733,0.6113156565026823
4,5,0.23200175361962963,0.9316905935290336,4667,1.3385815668106078,0.9305912596401028,778,1.3497346612972954,0.9298,0.803038646944476,0.08465124374856492,,,0.9698632086419099,,0.9698709904121279,0.030129009587872124,0.9686006365434362,0.39730896804212745,5,0.1,0.5,0.5936541547421664,0.5986896834570324,0.6019060259957905,0.6079813122199589,0.6109504184618472,1.0,0.600640146828664,0.6110886107291021,0.5885314232280819,0.6122169298726875,0.6081329271724194,0.6148930067383934
4,6,0.24236789062752256,0.9267011003817651,4453,1.3470021933317184,0.9366576819407008,742,1.3498763520115862,0.9297,0.7903419152645524,0.08337564493659476,,,0.888445088128141,,0.8884543948596958,0.1115456051403042,0.9684922455975186,0.3972748108294541,5,0.1,0.5,0.5810548461425826,0.5863614642139662,0.5903498639064557,0.6011199531014316,0.5988340064731393,0.600640146828664,1.0,0.5971135513324023,0.5851374899252232,0.5999827161460611,0.5931470490553598,0.6003107567793107
4,7,0.2454912278523196,0.9282674772036474,4277,1.3590742297794507,0.9340813464235624,713,1.3497399640159484,0.9298,0.7983532118860405,0.08427512689366057,,,0.9458566580458291,,0.9458762110335827,0.05412378896641734,0.9685902697887788,0.39730593692648897,5,0.1,0.5,0.5912911989105168,0.5936315486543142,0.5941005568561518,0.6066447119499203,0.6125602645151156,0.6110886107291021,0.5971135513324023,1.0,0.5872567085843415,0.6058479164726897,0.6041232774719428,0.6018697580201227
4,8,0.26773947996588854,0.9224509566480988,4129,1.3722207979722456,0.9287790697674418,688,1.3675937241258713,0.9286,0.7764132351052828,0.07807313795646392,,,0.55,,0.5500125495708047,0.4499874504291953,0.9622589446038791,0.3936281664450834,5,0.1,0.5,0.5725881115168776,0.5746483619614745,0.5783152610574874,0.5948472306142922,0.5930903225751254,0.5885314232280819,0.5851374899252232,0.5872567085843415,1.0,0.5906196909545591,0.5850334314512953,0.5879210851659014
4,9,0.2369403666345447,0.9275681079730067,4001,1.3601265861874534,0.9310344827586207,667,1.3504888375346271,0.9296,0.80028209631554,0.08188610673640116,,,0.7933717785929002,,0.7933788464434516,0.20662115355654842,0.9677654422743999,0.39705989466228114,5,0.1,0.5,0.5932663546972988,0.5957284854990421,0.5980805721545688,0.6118791189253369,0.6122724497887838,0.6122169298726875,0.5999827161460611,0.6058479164726897,0.5906196909545591,1.0,0.6064863822695661,0.6149045873815977
4,10,0.24951701276615018,0.9248650038570326,3889,1.3390722955976213,0.9382716049382716,648,1.3497207122869765,0.9298,0.795178717327448,0.08404268410122057,,,0.9310204453511752,,0.9310426183424527,0.06895738165754728,0.9685780935548491,0.39730194841357297,5,0.1,0.5,0.5883028271411482,0.5821463640638818,0.5851310259150919,0.6029453146379014,0.6027318578030733,0.6081329271724194,0.5931470490553598,0.6041232774719428,0.5850334314512953,0.6064863822695661,1.0,0.6180263836867911
4,11,0.26213679218179536,0.9181746241097336,3791,1.3619574785232544,0.9256329113924051,632,1.3497602353080773,0.9298,0.8026965413501488,0.08430603165660568,,,0.9478292278619047,,0.9478439837357563,0.05215601626424371,0.9685877727425856,0.3973063337357262,5,0.1,0.5,0.5929170115901473,0.591906348175872,0.5991990473770316,0.6144801666270564,0.6113156565026823,0.6148930067383934,0.6003107567793107,0.6018697580201227,0.5879210851659014,0.6149045873815977,0.6180263836867911,1.0
5,0,0.1878976310492794,0.9437058680301924,8214,1.0993914645771647,0.9357195032870709,1369,1.110371914534523,0.9394,0.7742538417532283,0.08335132631444042,,,0.9021482253150077,,0.9021635460067265,0.09783645399327345,0.9665561930460128,0.3863004493034456,5,0.1,0.5,1.0,0.5783525905104424,0.5750615068096329,0.5851980791972992,0.573966471063548,0.5774538474240731,0.565268055621151,0.5775119486595274,0.4304718555849325,0.5653317834578314,0.5662987726591513,0.5748652289224728
5,1,0.2026595914768037,0.9384240949193794,6574,1.1080699937684195,0.9416058394160584,1096,1.1103105558374058,0.9394,0.7846445465472902,0.08401136180679619,,,0.9285703205733569,,0.9285829024647357,0.07141709753526426,0.9666327558592652,0.38631450700295716,5,0.1,0.5,0.5783525905104424,1.0,0.5774107232419478,0.5892585015024183,0.5831276143390056,0.5933733157915125,0.5823943517248752,0.5884455960157302,0.44271983431541057,0.5715745161075115,0.5775647073130498,0.5798588946241275
5,2,0.21361234951455618,0.935500605222203,5783,1.0861842959157881,0.950207468879668,964,1.1103377283190767,0.9395,0.7812357345468568,0.08376238966047773,,,0.9186036356861205,,0.9186235630741428,0.08137643692585717,0.9665976938392199,0.3863102251527229,5,0.1,0.5,0.5750615068096329,0.5774107232419478,1.0,0.5921619719872098,0.5849869726899414,0.587029524050628,0.573693558857941,0.5789797036520434,0.4334470313771553,0.5779889009496049,0.5679729862960219,0.5844033981575784
5,3,0.2003391774320773,0.9402307546812937,5287,1.1084255235535758,0.9364358683314415,881,1.1102698142536152,0.9395,0.7950844851097593,0.08504629331259504,,,0.9699999999599687,,0.9700015059484965,0.029998494051503455,0.96667999940051,0.3863222283247194,5,0.1,0.5,0.5851980791972992,0.5892585015024183,0.5921619719872098,1.0,0.5909988088274187,0.5955223006767583,0.5862188665842563,0.5936589901063428,0.44653231094111345,0.5947731230069393,0.5860235405262006,0.5958276175782424
5,4,0.20021925513422298,0.9415602836879433,4935,1.1342092293959398,0.9294403892944039,822,1.1102948459192588,0.9395,0.7861979591247404,0.084542673453304,,,0.9498394297326154,,0.9498468952361829,0.05015310476381707,0.966677877514384,0.38632015033215267,5,0.1,0.5,0.573966471063548,0.5831276143390056,0.5849869726899414,0.5909988088274187,1.0,0.5912186225363806,0.5773112048969484,0.5927812686491406,0.4332943287445374,0.5788950869579704,0.5760716749582921,0.5916364240526989
5,5,0.2134504227478006,0.9364045425326762,4667,1.097801275253296,0.9408740359897172,778,1.110266692150896,0.9394,0.7925535560991168,0.08495529714008535,,,0.9663573026110502,,0.9663721700717836,0.033627829928216446,0.9666815859960596,0.3863220093517132,5,0.1,0.5,0.5774538474240731,0.5933733157915125,0.587029524050628,0.5955223006767583,0.5912186225363806,1.0,0.5842070400105995,0.5935512191798186,0.442544927559844,0.5799715323910555,0.5940226857340206,0.5932585288874253
5,6,0.22442507889421123,0.932988996182349,4453,1.1087143967549007,0.9393530997304582,742,1.110399819220217,0.9394,0.7807728561220306,0.08368085552887117,,,0.915339716371075,,0.9153606746649264,0.08463932533507357,0.9665800003284949,0.38630850538628336,5,0.1,0.5,0.565268055621151,0.5823943517248752,0.573693558857941,0.5862188665842563,0.5773112048969484,0.5842070400105995,1.0,0.5813744361688684,0.4370578132654536,0.5789281976438736,0.5781242675343419,0.5850877232646318
5,7,0.22467574074641983,0.9327098433481412,4277,1.119018933047419,0.9438990182328191,713,1.1102772145606459,0.9394,0.7902371611717182,0.08462046845898914,,,0.9529536668829541,,0.952969228452387,0.04703077154761304,0.9666730967030552,0.3863206242950553,5,0.1,0.5,0.5775119486595274,0.5884455960157302,0.5789797036520434,0.5936589901063428,0.5927812686491406,0.5935512191798186,0.5813744361688684,1.0,0.4420217245487055,0.5826979018000549,0.5902444786268953,0.5913569358469549
5,8,0.30061652179982046,0.9183337369823201,4129,1.1374638622457331,0.9418604651162791,688,1.1322220649582129,0.9393,0.6236002339212557,0.07455450967271117,,,0.55,,0.5500125495708047,0.4499874504291953,0.9598591713524491,0.3825770498470385,5,0.1,0.5,0.4304718555849325,0.44271983431541057,0.4334470313771553,0.44653231094111345,0.4332943287445374,0.442544927559844,0.4370578132654536,0.4420217245487055,1.0,0.4321484249017205,0.4366899554685002,0.44008132791716764
5,9,0.2272826872845476,0.9326668332916771,4001,1.122609515984853,0.9385307346326837,667,1.111083034318857,0.9389,0.7795417708612327,0.08263587329243999,,,0.873507692920759,,0.8735254254304503,0.1264745745695497,0.9660757912599061,0.386273003586665,5,0.1,0.5,0.5653317834578314,0.5715745161075115,0.5779889009496049,0.5947731230069393,0.5788950869579704,0.5799715323910555,0.5789281976438736,0.5826979018000549,0.4321484249017205,1.0,0.5781414318065944,0.5849508666739077
5,10,0.22462367922311924,0.9319105168423759,3889,1.1004813654082162,0.9490740740740741,648,1.1102544499662357,0.9395,0.7826152222607123,0.08419449895276462,,,0.9359015431699622,,0.9359218914713117,0.06407810852868834,0.9666607113480433,0.3863169319364539,5,0.1,0.5,0.5662987726591513,0.5775647073130498,0.5679729862960219,0.5860235405262006,0.5760716749582921,0.5940226857340206,0.5781242675343419,0.5902444786268953,0.4366899554685002,0.5781414318065944,1.0,0.5918928296309148
5,11,0.23653131718395137,0.9268266948034819,3791,1.1248740613460542,0.930379746835443,632,1.1102936511603407,0.9395,0.7903277825796321,0.08464445240652511,,,0.9539137760798171,,0.9539229958335425,0.04607700416645755,0.9666759816553213,0.38632076255273434,5,0.1,0.5,0.5748652289224728,0.5798588946241275,0.5844033981575784,0.5958276175782424,0.5916364240526989,0.5932585288874253,0.5850877232646318,0.5913569358469549,0.44008132791716764,0.5849508666739077,0.5918928296309148,1.0
6,0,0.17657136404542578,0.9453859264670076,8214,0.8652306406996971,0.9466764061358656,1369,0.8783077022518975,0.9471,0.7638421721643317,0.08313391867476304,,,0.870408673998599,,0.8704281913558556,0.12957180864414442,0.9648275136287227,0.38485789127387693,5,0.1,0.5,1.0,0.5518076240268998,0.553128911083743,0.5617858648002426,0.5531322970945481,0.5509172186429533,0.5474878729159675,0.5524410443070403,0.5533323931872783,0.5327289171893966,0.5493034691303269,0.5501094863794355
6,1,0.18878590121607577,0.9433221782780651,6574,0.8752470527376447,0.9498175182481752,1096,0.8781280243358673,0.9471,0.7715008540587204,0.08384924954286621,,,0.910970765480041,,0.9109884041965765,0.08901159580342355,0.9649473689782678,0.38490054402709895,5,0.1,0.5,0.5518076240268998,1.0,0.5550562320642921,0.5629863709910109,0.5536939921683931,0.5649033448013782,0.5542011020432112,0.5598733599465135,0.5640963271805615,0.5407453987306718,0.5557846230350711,0.5607373479081008
6,2,0.1993236813321195,0.9401694622168425,5783,0.85005779996995,0.9585062240663901,964,0.8782188936163442,0.9471,0.7656965607911312,0.08347617617268006,,,0.889816028776301,,0.8898248079915667,0.11017519200843329,0.9648862213345829,0.3848827401643872,5,0.1,0.5,0.553128911083743,0.5550562320642921,1.0,0.5657086998927552,0.5540811598373763,0.5538391955122959,0.5469488069202675,0.5435068008082183,0.550874822634197,0.5424893186718033,0.5451328766309042,0.5600076223742968
6,3,0.18887255674463707,0.942992245129563,5287,0.8792156853846141,0.9432463110102156,881,0.878067210840341,0.9471,0.781232891528456,0.08489025684771352,,,0.969999999943296,,0.9700015059484965,0.029998494051503455,0.9649838238487883,0.3849187767316546,5,0.1,0.5,0.5617858648002426,0.5629863709910109,0.5657086998927552,1.0,0.5716028035115452,0.564334352535256,0.5557206054572663,0.5630888827591047,0.5761420429960222,0.5586180944752079,0.5573034873002249,0.5719371925414088
6,4,0.18440589526848447,0.9443566362715299,4935,0.9050380427103776,0.9355231143552312,822,0.8781091309964847,0.9471,0.7752609055681061,0.08433990328417071,,,0.9387927746060812,,0.9388032729280659,0.06119672707193413,0.9649811986009611,0.38491367028413837,5,0.1,0.5,0.5531322970945481,0.5536939921683931,0.5540811598373763,0.5716028035115452,1.0,0.5633414184281533,0.5561097184799945,0.5593995091093363,0.5716283736180473,0.5539219179355264,0.5516209724921242,0.5679345291646123
6,5,0.20036065881331896,0.9393186200985644,4667,0.8638397645950318,0.9485861182519281,778,0.8780770869300769,0.9471,0.772264893898368,0.08451144078615543,,,0.9485196299093512,,0.9485317002158526,0.05146829978414735,0.9649849623040982,0.38491611787193236,5,0.1,0.5,0.5509172186429533,0.5649033448013782,0.5538391955122959,0.564334352535256,0.5633414184281533,1.0,0.5482342960111377,0.5529574532858079,0.5608492339968527,0.5465320339763565,0.5574913532532686,0.5622509883019381
6,6,0.21099151720692005,0.9355041545025825,4453,0.877055379251639,0.9474393530997305,742,0.8782853200412787,0.9471,0.766019459594659,0.08343275032041803,,,0.887353611074709,,0.8873701119421715,0.11262988805782848,0.9648735675683219,0.38488008527109224,5,0.1,0.5,0.5474878729159675,0.5542011020432112,0.5469488069202675,0.5557206054572663,0.5561097184799945,0.5482342960111377,1.0,0.5466806196993198,0.5576013349318675,0.552959310758128,0.5550607417537295,0.5542250378320692
6,7,0.21097595883783565,0.9359831657703999,4277,0.8855467335037563,0.9509116409537167,713,0.878112974639137,0.9471,0.7679613381677889,0.08413374465100357,,,0.9271027641352783,,0.9271221324230712,0.07287786757692882,0.9649744658017368,0.38490943506674996,5,0.1,0.5,0.5524410443070403,0.5598733599465135,0.5435068008082183,0.5630888827591047,0.5593995091093363,0.5529574532858079,0.5466806196993198,1.0,0.5645068681705192,0.5494688888390998,0.5503378184684347,0.5463464457618785
6,8,0.20498029840322068,0.9394042140954226,4129,0.9090483026071028,0.9447674418604651,688,0.9029828230032144,0.9461,0.7714226342000322,0.07748336648309247,,,0.55,,0.5500125495708047,0.4499874504291953,0.957432678238893,0.38114988676606076,5,0.1,0.5,0.5533323931872783,0.5640963271805615,0.550874822634197,0.5761420429960222,0.5716283736180473,0.5608492339968527,0.5576013349318675,0.5645068681705192,1.0,0.5402926552814836,0.5638495821732584,0.5687276255450555
6,9,0.20049606686871912,0.9384153961509623,4001,0.893189631757282,0.9430284857571214,667,0.8790565129286184,0.9471,0.7597615837265032,0.08250801269495667,,,0.8349173276248453,,0.8349279654635812,0.16507203453641883,0.9646546890605873,0.3847850835365338,5,0.1,0.5,0.5327289171893966,0.5407453987306718,0.5424893186718033,0.5586180944752079,0.5539219179355264,0.5465320339763565,0.552959310758128,0.5494688888390998,0.5402926552814836,1.0,0.546913926729098,0.556674245698517
