round,client_id,client_i_training_loss,client_i_training_accuracy,client_i_training_dataset_size,client_i_evaluation_loss,client_i_evaluation_accuracy,client_i_evaluation_dataset_size,client_i_central_evaluation_loss,client_i_central_evaluation_accuracy,client_i_cosine_similarity,client_i_importance_coefficient,client_i_tanh_val,tanh_normalization_value,client_i_q,client_i_mask_order,client_i_v_nonzero_fraction,client_i_v_sparsity,client_i_v_cosine_similarity,client_i_reward_gradient_norm,local_epochs,learning_rate,gamma,client_0_cosine_similarity,client_1_cosine_similarity,client_2_cosine_similarity,client_3_cosine_similarity,client_4_cosine_similarity,client_5_cosine_similarity,client_6_cosine_similarity,client_7_cosine_similarity,client_8_cosine_similarity,client_9_cosine_similarity,client_10_cosine_similarity,client_11_cosine_similarity
0,0,2.2239023645718894,0.166691015339664,6845,2.301171974702315,0.127100073046019,1369,2.2982612259780306,0.1411,0.9037718430952384,0.08006055955694986,,,0.75,,0.7500041260253173,0.2499958739746827,0,0.14117445295862993,10,0.025,0.15,1.0,0.9344091333424945,0.9100259418375508,0.8895526071047419,0.8633083771573645,0.8117050283076531,0.7681418324145438,0.7631644031534649,0.7582947109122794,0.7843420643979476,0.7550920279413507,0.7349565829791412
0,1,2.275763269357903,0.1421321650237313,5478,2.296329551272922,0.15145985401459855,1096,2.298258856882023,0.1411,0.9570272501640704,0.08477818571662493,,,0.9248283271199108,,0.92485682692149,0.07514317307851004,0,0.14120709382209193,10,0.025,0.15,0.9344091333424945,1.0,0.9719302813341575,0.9477214124567895,0.9376325403501251,0.8826433067830828,0.8494242626327959,0.8226669524333744,0.831523120606107,0.8481423345785969,0.833346347632281,0.8071827874225765
0,2,2.286760769392315,0.15031120331950207,4820,2.2988723814487457,0.13070539419087138,964,2.2982587210739713,0.1411,0.9791168039897179,0.08673498715180565,,,0.9973445269711616,,0.9973758478982027,0.002624152101797339,0,0.14120751992647174,10,0.025,0.15,0.9100259418375508,0.9719302813341575,1.0,0.9730905475287018,0.9593436928220878,0.9128601804500313,0.892267286785631,0.8819235896528365,0.8759476995270397,0.8899542634358979,0.8693595062969575,0.8475050568576239
0,3,2.2893253850936888,0.15372219700408535,4406,2.2995087759835378,0.12939841089670828,881,2.2982587240919283,0.1411,0.9799257020525617,0.08680664332479951,,,0.9999999999629414,,1.0,0.0,0,0.141207519941897,10,0.025,0.15,0.8895526071047419,0.9477214124567895,0.9730905475287018,1.0,0.9423104525928089,0.9262367604419037,0.9096754106444151,0.9162668465796341,0.8710397951497177,0.9046350809605697,0.8755071496656336,0.8794793647116692
0,4,2.2905577645157322,0.13489785992217898,4112,2.2971928800855363,0.14841849148418493,822,2.2982587331457984,0.1411,0.9675862413835281,0.08571355314574455,,,0.959491676300317,,0.9595319436880064,0.04046805631199357,0,0.14120746384359298,10,0.025,0.15,0.8633083771573645,0.9376325403501251,0.9593436928220878,0.9423104525928089,1.0,0.8994929281306434,0.8956859459354433,0.8706768105428146,0.8983317273066096,0.9210516398728742,0.8754650440775952,0.8501085515175952
0,5,2.294886697492292,0.11398817176652096,3889,2.295003209795271,0.14524421593830333,778,2.298258784451062,0.1411,0.9513810469275912,0.08427801723501274,,,0.9062928145636578,,0.906347477348121,0.09365252265187896,0,0.14120664162667818,10,0.025,0.15,0.8117050283076531,0.8826433067830828,0.9128601804500313,0.9262367604419037,0.8994929281306434,1.0,0.9266474523771179,0.9064822099853431,0.8479644479166475,0.903499138764297,0.8712418820282053,0.9172144892926026
0,6,2.297151596792813,0.11587173268660739,3711,2.2957712014516196,0.15768194070080863,742,2.298258195949506,0.1411,0.941775350256514,0.0834270973305079,,,0.8747589671619252,,0.8747751316202076,0.1252248683797924,0,0.14120389183155965,10,0.025,0.15,0.7681418324145438,0.8494242626327959,0.892267286785631,0.9096754106444151,0.8956859459354433,0.9266474523771179,1.0,0.9523316381326523,0.8668594966382025,0.8651458975576611,0.9050099393377126,0.9232202382074719
0,7,2.296678193126406,0.12202581369248036,3564,2.2993932962417603,0.13043478260869565,713,2.2982583921166917,0.1411,0.9288411979125685,0.0822813264349413,,,0.8322983731778548,,0.8323348352065488,0.16766516479345117,0,0.14119953417513706,10,0.025,0.15,0.7631644031534649,0.8226669524333744,0.8819235896528365,0.9162668465796341,0.8706768105428146,0.9064822099853431,0.9523316381326523,1.0,0.8489346026394933,0.8885208690833452,0.8755080207339984,0.8789950059009686
0,8,2.296280656920539,0.12397558849171753,3441,2.297404090563456,0.14244186046511628,688,2.298260402075852,0.1411,0.9176981395937968,0.08129421946652628,,,0.7957176323273991,,0.7957452426928092,0.20425475730719078,0,0.141187998604765,10,0.025,0.15,0.7582947109122794,0.831523120606107,0.8759476995270397,0.8710397951497177,0.8983317273066096,0.8479644479166475,0.8668594966382025,0.8489346026394933,1.0,0.9018987114302848,0.8980626931893512,0.8854286424197788
0,9,2.29345207479265,0.1505098980203959,3334,2.299801747004191,0.15442278860569716,667,2.298258449457869,0.1411,0.9301644039818378,0.0823985425433255,,,0.8366422307551005,,0.8366836658909739,0.16331633410902613,0,0.14120010026192573,10,0.025,0.15,0.7843420643979476,0.8481423345785969,0.8899542634358979,0.9046350809605697,0.9210516398728742,0.903499138764297,0.8651458975576611,0.8885208690833452,0.9018987114302848,1.0,0.8407943702861298,0.8391762196308196
0,10,2.29719053873649,0.1263807466831225,3241,2.2999961376190186,0.15432098765432098,648,2.298260483560683,0.1411,0.9185392347644492,0.08136872781785139,,,0.798478802877532,,0.7985096796553943,0.20149032034460568,0,0.14118856011792744,10,0.025,0.15,0.7550920279413507,0.833346347632281,0.8693595062969575,0.8755071496656336,0.8754650440775952,0.8712418820282053,0.9050099393377126,0.8755080207339984,0.8980626931893512,0.8407943702861298,1.0,0.9028150145153561
0,11,2.2985308828353883,0.10712250712250712,3159,2.2992192268371583,0.13449367088607594,632,2.298260809500006,0.1411,0.9127754148961484,0.08085814027591023,,,0.779557175180778,,0.7795877275502963,0.22041227244970374,0,0.14118389379024873,10,0.025,0.15,0.7349565829791412,0.8071827874225765,0.8475050568576239,0.8794793647116692,0.8501085515175952,0.9172144892926026,0.9232202382074719,0.8789950059009686,0.8854286424197788,0.8391762196308196,0.9028150145153561,1.0
1,0,2.0906923817263707,0.22844411979547113,6845,2.2903029918670654,0.13878743608473337,1369,2.2876250532609,0.1523,0.9016818379909656,0.07888905740702225,,,0.75,,0.7500041260253173,0.2499958739746827,0.8755920810454892,0.14637924669817018,10,0.025,0.15,1.0,0.9519145299091806,0.9307007787567105,0.9024176200276567,0.8966910017806813,0.8667696474354175,0.8527216319203861,0.8540791344613529,0.8384553150150043,0.8362000855695164,0.8191495310569772,0.8097180650892996
1,1,2.1477747321128846,0.20662650602409638,5478,2.2869580586751304,0.15784671532846714,1096,2.2876146624359905,0.1523,0.969257018754251,0.08400792344833978,,,0.9305033321044608,,0.9305424898087175,0.06945751019128255,0.8760839573128069,0.14644502881078392,10,0.025,0.15,0.9519145299091806,1.0,0.9761675940361705,0.967709467668235,0.9608946473991798,0.9474370540706473,0.9388259111096984,0.9380187894336345,0.9226389990653788,0.9239701941259271,0.9154356932663609,0.9066156414057969
1,2,2.1510037356301357,0.21139004149377594,4820,2.2878827154636383,0.1400414937759336,964,2.2876136423666265,0.1523,0.9831610957508422,0.08567123024867095,,,0.9891554666491867,,0.989181561618062,0.010818438381937967,0.8760462531343772,0.14644866619491004,10,0.025,0.15,0.9307007787567105,0.9761675940361705,1.0,0.9822248598925446,0.9778686567539245,0.9673299121394546,0.9578742666244889,0.9621350256177449,0.9494706806555706,0.9393176766916804,0.936928023095292,0.9321793621729437
1,3,2.1689324722971235,0.20494779845665,4406,2.2887638977595737,0.1452894438138479,881,2.2876136212409297,0.1523,0.9912447168528232,0.08597876868951693,,,0.9999999999647377,,1.0,0.0,0.8760466403350814,0.14644867015820878,10,0.025,0.15,0.9024176200276567,0.967709467668235,0.9822248598925446,1.0,0.9840270147559026,0.9818479336385316,0.9739104489454133,0.9776045474951705,0.9624961312084397,0.9609792120872181,0.9608291491709257,0.9534722927554523
1,4,2.179211850238569,0.203818093385214,4112,2.286034005028861,0.1654501216545012,822,2.287613690653934,0.1523,0.9893872339795442,0.0852420444961264,,,0.9740213612045929,,0.9740638048555066,0.025936195144493412,0.8760496705172031,0.1464486381163776,10,0.025,0.15,0.8966910017806813,0.9608946473991798,0.9778686567539245,0.9840270147559026,1.0,0.9771149119259521,0.9730737493655527,0.9725442044278556,0.9670099371246815,0.9614347280719258,0.9602867910113064,0.9552374739089197
1,5,2.20031007336032,0.1848804319876575,3889,2.2844230788094655,0.14910025706940874,778,2.287613588043406,0.1523,0.9897285839504464,0.08436506077075816,,,0.9430968393763937,,0.9431516231783599,0.05684837682164012,0.8760440416415008,0.14644834430523482,10,0.025,0.15,0.8667696474354175,0.9474370540706473,0.9673299121394546,0.9818479336385316,0.9771149119259521,1.0,0.9820851752612358,0.9814379335637468,0.9716582759274295,0.9719289421249584,0.9725176885288895,0.9711220718599295
1,6,2.2222627820639773,0.18798167609808678,3711,2.284998893737793,0.16037735849056603,742,2.287613479396965,0.1523,0.9883041413952756,0.08379225598023031,,,0.9228983867306075,,0.9229423511742668,0.07705764882573318,0.8759320255245471,0.14644478994028065,10,0.025,0.15,0.8527216319203861,0.9388259111096984,0.9578742666244889,0.9739104489454133,0.9730737493655527,0.9820851752612358,1.0,0.9854168379062641,0.9771281194596422,0.9751837900959537,0.9816326541860814,0.9779596668770102
1,7,2.2120051967246193,0.18838383838383838,3564,2.2891910870869956,0.14446002805049088,713,2.287614294245273,0.1523,0.987598115129575,0.08306043291692311,,,0.8970925734173443,,0.8971216847386576,0.10287831526134239,0.8758819927387831,0.14644332201323274,10,0.025,0.15,0.8540791344613529,0.9380187894336345,0.9621350256177449,0.9776045474951705,0.9725442044278556,0.9814379335637468,0.9854168379062641,1.0,0.9740947714184901,0.9749568911345616,0.9758566641665976,0.9709365620235316
1,8,2.212157141720807,0.1961057832025574,3441,2.28621240456899,0.1511627906976744,688,2.2876168625264226,0.1522,0.980805684188029,0.08222859029988028,,,0.8677598339100453,,0.8677938967833506,0.13220610321664938,0.8758292427587203,0.14643720068231447,10,0.025,0.15,0.8384553150150043,0.9226389990653788,0.9494706806555706,0.9624961312084397,0.9670099371246815,0.9716582759274295,0.9771281194596422,0.9740947714184901,1.0,0.973927100159071,0.9766727035497789,0.9754773383817924
1,9,2.191026226679484,0.20047990401919616,3334,2.288945277531942,0.17391304347826086,667,2.2876147409028644,0.1523,0.9786144048371249,0.08284043333134737,,,0.8893348673282433,,0.889381261243419,0.11061873875658101,0.875898450036434,0.14644271066228776,10,0.025,0.15,0.8362000855695164,0.9239701941259271,0.9393176766916804,0.9609792120872181,0.9614347280719258,0.9719289421249584,0.9751837900959537,0.9749568911345616,0.973927100159071,1.0,0.9750294585039092,0.9704295743940526
1,10,2.2336555132499107,0.1875038568343104,3241,2.2886629501978555,0.1697530864197531,648,2.2876169621189937,0.1522,0.9782577087489122,0.08219172130323475,,,0.8664597458256631,,0.8664818207324521,0.13351817926754794,0.8758401150615902,0.14643698145573394,10,0.025,0.15,0.8191495310569772,0.9154356932663609,0.936928023095292,0.9608291491709257,0.9602867910113064,0.9725176885288895,0.9816326541860814,0.9758566641665976,0.9766727035497789,0.9750294585039092,1.0,0.9852691757099044
1,11,2.237945728302002,0.18698955365622033,3159,2.2892292022705076,0.14715189873417722,632,2.28761824475059,0.1522,0.9738547352612809,0.08173248110794958,,,0.8502658495962666,,0.8503160535393045,0.1496839464606955,0.8757492692136215,0.14643444593265378,10,0.025,0.15,0.8097180650892996,0.9066156414057969,0.9321793621729437,0.9534722927554523,0.9552374739089197,0.9711220718599295,0.9779596668770102,0.9709365620235316,0.9754773383817924,0.9704295743940526,0.9852691757099044,1.0
2,0,2.0157992192992458,0.25972242512783056,6845,2.272607846693559,0.14609203798392986,1369,2.2702829445464703,0.1606,0.9160929474794537,0.07867642350894222,,,0.75,,0.7500041260253173,0.2499958739746827,0.9596251289348924,0.1461711610734298,10,0.025,0.15,1.0,0.954944845384867,0.935154168467604,0.9174072466865798,0.9097633755224938,0.8805232195421381,0.8789600070394128,0.8733604506995535,0.8584302033709248,0.8481864871766672,0.8318410641445815,0.8292502397882479
2,1,2.068250381392102,0.23859072654253377,5478,2.271494732962714,0.1687956204379562,1096,2.270257626907735,0.1607,0.9616911381905994,0.08333046888159659,,,0.9227909182845454,,0.9228268224653826,0.07717317753461739,0.9600877312933973,0.14623730308751018,10,0.025,0.15,0.954944845384867,1.0,0.9640322364446274,0.9574622141254283,0.9499288956666705,0.9358855046448536,0.9357784911888728,0.9295749160935332,0.9143086422350134,0.9087440876248433,0.8979205999368405,0.8994740081035283
2,2,2.064193453914241,0.24219917012448133,4820,2.2700965106487274,0.14730290456431536,964,2.2702553694761254,0.1607,0.9803968002832109,0.08496944059566464,,,0.9836410829993543,,0.98368569589543,0.01631430410457002,0.9601555675338975,0.14624026802064377,10,0.025,0.15,0.935154168467604,0.9640322364446274,1.0,0.975820148451132,0.9744116322640685,0.9584179033680142,0.9596694367079585,0.955163192182744,0.9497296770920932,0.9342579392125845,0.9276510995769564,0.9309780502592472
2,3,2.085650428703853,0.2320926009986382,4406,2.2711332184927806,0.15777525539160045,881,2.270255351368385,0.1607,0.9880784705475189,0.08541006063838195,,,0.9999999999628729,,1.0,0.0,0.9601586517594279,0.14624029470438793,10,0.025,0.15,0.9174072466865798,0.9574622141254283,0.975820148451132,1.0,0.9774568730733382,0.9738921304706168,0.9716178688136157,0.9690942294733097,0.9578445829264505,0.9543055551336684,0.9510086890443796,0.9488713722957783
2,4,2.0930172779343343,0.24002918287937744,4112,2.2681558472769603,0.18126520681265207,822,2.270255490194393,0.1607,0.9870335599421668,0.08491999404214641,,,0.9818052789398104,,0.9818454886039181,0.01815451139608193,0.960154116745182,0.14624025942774863,10,0.025,0.15,0.9097633755224938,0.9499288956666705,0.9744116322640685,0.9774568730733382,1.0,0.9682837080331969,0.9725098775426877,0.9658205048472526,0.9640949444922866,0.9572175284375303,0.9506889438188662,0.9524911633849521
2,5,2.115722338230379,0.2194394445872975,3889,2.2670679773603166,0.15424164524421594,778,2.270255112949806,0.1607,0.9864375939096375,0.08435773408142222,,,0.9609302321473991,,0.9609760525490585,0.03902394745094151,0.9601523288933894,0.14624006255711236,10,0.025,0.15,0.8805232195421381,0.9358855046448536,0.9584179033680142,0.9738921304706168,0.9682837080331969,1.0,0.977694696794512,0.9733671544567906,0.9685742660357646,0.9674338568017382,0.9655633238934674,0.9660902309072851
2,6,2.136088646691421,0.221880894637564,3711,2.267239491144816,0.16711590296495957,742,2.2702561631987366,0.1606,0.9887583424409547,0.08407877988150148,,,0.9505734890337958,,0.9506197290026571,0.04938027099734288,0.9601116837290403,0.14623984844028226,10,0.025,0.15,0.8789600070394128,0.9357784911888728,0.9596694367079585,0.9716178688136157,0.9725098775426877,0.977694696794512,1.0,0.9800459158550971,0.9721179533683523,0.971733665226021,0.9720236375480816,0.9710138733710507
2,7,2.1178971435342517,0.22191358024691357,3564,2.2724721829096475,0.16129032258064516,713,2.2702580645114563,0.1606,0.9855737448021921,0.083522039390259,,,0.9299033637932439,,0.929940090112393,0.07005990988760702,0.960069017969786,0.14623764169464287,10,0.025,0.15,0.8733604506995535,0.9295749160935332,0.955163192182744,0.9690942294733097,0.9658205048472526,0.9733671544567906,0.9800459158550971,1.0,0.97170437863552,0.9690612457118608,0.9716159028007402,0.9673429724335199
2,8,2.1161717922599226,0.22653298459750074,3441,2.268381357192993,0.1555232558139535,688,2.2702604154997235,0.1606,0.9791000286491399,0.08279623345581517,,,0.9029563394591443,,0.9029888927398458,0.09701110726015416,0.9600827859253993,0.14623594772204157,10,0.025,0.15,0.8584302033709248,0.9143086422350134,0.9497296770920932,0.9578445829264505,0.9640949444922866,0.9685742660357646,0.9721179533683523,0.97170437863552,1.0,0.9633209968557885,0.9631397795395933,0.9672581488074553
2,9,2.1012232365431607,0.22615476904619075,3334,2.2714329163233438,0.17541229385307347,667,2.2702582878402517,0.1606,0.9763573834707565,0.08308560721307755,,,0.9136999298716068,,0.9137495667673416,0.08625043323265835,0.9600815951483791,0.14623674038605994,10,0.025,0.15,0.8481864871766672,0.9087440876248433,0.9342579392125845,0.9543055551336684,0.9572175284375303,0.9674338568017382,0.971733665226021,0.9690612457118608,0.9633209968557885,1.0,0.9725620843045633,0.9717700023800702
2,10,2.1473836816274203,0.21336007405121876,3241,2.2700863679250083,0.1743827160493827,648,2.270254856423487,0.1606,0.9727938146358474,0.08256796535029101,,,0.8944814208860798,,0.8945305408393985,0.10546945916060146,0.960167818840423,0.14623374899794755,10,0.025,0.15,0.8318410641445815,0.8979205999368405,0.9276510995769564,0.9510086890443796,0.9506889438188662,0.9655633238934674,0.9720236375480816,0.9716159028007402,0.9631397795395933,0.9725620843045633,1.0,0.9728037547070388
2,11,2.1442576546669008,0.21566951566951567,3159,2.2724738121032715,0.15348101265822786,632,2.270255701451362,0.1605,0.9728414776481592,0.08228525296090164,,,0.8839851473301676,,0.8840339324322094,0.1159660675677906,0.9601768707928829,0.1462327130535092,10,0.025,0.15,0.8292502397882479,0.8994740081035283,0.9309780502592472,0.9488713722957783,0.9524911633849521,0.9660902309072851,0.9710138733710507,0.9673429724335199,0.9672581488074553,0.9717700023800702,0.9728037547070388,1.0
3,0,1.962248730659485,0.27929875821767713,6845,2.2484370578419077,0.1701972242512783,1369,2.2466170516195176,0.1828,0.9275119825317508,0.07894941909018634,,,0.75,,0.7500041260253173,0.2499958739746827,0.9775677024443045,0.1459974941404502,10,0.025,0.15,1.0,0.9527148747762244,0.9351389781623511,0.9232034181467387,0.9136434381848982,0.8913593228849772,0.8930250965843369,0.8867020994639071,0.8718344576050907,0.8559174066260764,0.8636461452974942,0.8547055179027145
3,1,2.0098427891731263,0.26305220883534136,5478,2.2499646875593395,0.18065693430656934,1096,2.246563923509815,0.182,0.962411702098132,0.08296886532618553,,,0.9158646572097175,,0.9159116040336024,0.08408839596639761,0.9779579363982634,0.1460725535592372,10,0.025,0.15,0.9527148747762244,1.0,0.9584759964009791,0.9532075186903004,0.9448204063366743,0.932486378144884,0.9357418625599295,0.9284224503476188,0.9152612427542975,0.906594340986334,0.9093618512545266,0.908747355213826
3,2,2.005033165216446,0.2626763485477178,4820,2.245948761701584,0.17427385892116182,964,2.2465624718726436,0.182,0.9812597542428112,0.08459808543931284,,,0.9830953202704122,,0.9831245564522784,0.016875443547721636,0.9779955451848257,0.14607419213756015,10,0.025,0.15,0.9351389781623511,0.9584759964009791,1.0,0.9702738635222199,0.9689468274373807,0.9578660252911103,0.960139759124376,0.9540572294669304,0.9513800262614126,0.9305795599885112,0.9393681355929235,0.9375349317223859
3,3,2.0254618167877196,0.2555379028597367,4406,2.247015816824777,0.17707150964812712,881,2.2465624537649034,0.182,0.9854572355926751,0.08500774143406817,,,0.9999999999587345,,1.0,0.0,0.9779927097940331,0.1460742031697783,10,0.025,0.15,0.9232034181467387,0.9532075186903004,0.9702738635222199,1.0,0.9722000543156356,0.9669659881378124,0.9657801821082986,0.9638703813730648,0.9550073184780181,0.942216700748223,0.9522318233971433,0.9470809276749882
3,4,2.0314574816010214,0.26678015564202334,4112,2.2442260129111156,0.20194647201946472,822,2.2465625835370413,0.182,0.9835378165027556,0.08464171221627562,,,0.9848956031903049,,0.9849235034906174,0.015076496509382586,0.9779954960876611,0.14607419491065227,10,0.025,0.15,0.9136434381848982,0.9448204063366743,0.9689468274373807,0.9722000543156356,1.0,0.9604472436946464,0.9690036755953508,0.9598999033823371,0.9625136783364274,0.9381562095029863,0.9501719028789052,0.9495686039130691
3,5,2.0558019149687983,0.23815890974543585,3889,2.2436207362583707,0.18123393316195371,778,2.2465620040893555,0.182,0.982953963093869,0.08427450616260142,,,0.9697426436426662,,0.9697892426267928,0.03021075737320722,0.977993840005736,0.14607415124129564,10,0.025,0.15,0.8913593228849772,0.932486378144884,0.9578660252911103,0.9669659881378124,0.9604472436946464,1.0,0.9698416343343131,0.9642421524547095,0.9626164592133079,0.957378332658449,0.960633464398841,0.9583279282258185
3,6,2.0727406978607177,0.24831581783885745,3711,2.242724299430847,0.18733153638814015,742,2.2465643309339693,0.1821,0.9856049115163071,0.08418816433776302,,,0.966179700804566,,0.9662243567526531,0.03377564324734694,0.9779842340539472,0.1460741326025296,10,0.025,0.15,0.8930250965843369,0.9357418625599295,0.960139759124376,0.9657801821082986,0.9690036755953508,0.9698416343343131,1.0,0.972684789829348,0.9660137113791892,0.954685098215381,0.9649791487980207,0.9613374686813946
3,7,2.0534328469208307,0.24826038159371494,3564,2.2491407791773477,0.182328190743338,713,2.246567786494388,0.1821,0.9822063226396558,0.08373263864747871,,,0.9473821829294586,,0.9474179333564391,0.05258206664356091,0.977971444218125,0.14607385669803913,10,0.025,0.15,0.8867020994639071,0.9284224503476188,0.9540572294669304,0.9638703813730648,0.9598999033823371,0.9642421524547095,0.972684789829348,1.0,0.9656940283022637,0.9512000307627364,0.9679470783220335,0.9590203597223184
3,8,2.0495403753386605,0.25373437954083117,3441,2.244341254234314,0.19040697674418605,688,2.246570200859746,0.1821,0.9776346459299479,0.08313418672858533,,,0.922686735707219,,0.9227277978577677,0.0772722021422323,0.9779524881670725,0.14607294839396823,10,0.025,0.15,0.8718344576050907,0.9152612427542975,0.9513800262614126,0.9550073184780181,0.9625136783364274,0.9626164592133079,0.9660137113791892,0.9656940283022637,1.0,0.950873072594224,0.9582752988334203,0.9605471106400839
3,9,2.0495686760655154,0.2491001799640072,3334,2.2477063735326133,0.19640179910044978,667,2.2465660662590703,0.1821,0.967021830651063,0.08296748854217273,,,0.9158078434610253,,0.9158455876285256,0.08415441237147436,0.9779522938703306,0.1460724992745448,10,0.025,0.15,0.8559174066260764,0.906594340986334,0.9305795599885112,0.942216700748223,0.9381562095029863,0.957378332658449,0.954685098215381,0.9512000307627364,0.950873072594224,1.0,0.9591556738860127,0.949436712953744
3,10,2.087918321444438,0.23572971305152732,3241,2.244388540585836,0.1882716049382716,648,2.2465629547457153,0.1827,0.9751228450786373,0.08291096830897791,,,0.913475504986061,,0.9135185093495733,0.08648149065042665,0.9778958567959743,0.14607237889775745,10,0.025,0.15,0.8636461452974942,0.9093618512545266,0.9393681355929235,0.9522318233971433,0.9501719028789052,0.960633464398841,0.9649791487980207,0.9679470783220335,0.9582752988334203,0.9591556738860127,1.0,0.9652013135338359
3,11,2.0779929180145262,0.23748021525799304,3159,2.2493603229522705,0.16772151898734178,632,2.2465672070467018,0.1827,0.9717577115386252,0.08262622376639234,,,0.9017253649977961,,0.9017758412965622,0.09822415870343781,0.9778667137176918,0.146071432800362,10,0.025,0.15,0.8547055179027145,0.908747355213826,0.9375349317223859,0.9470809276749882,0.9495686039130691,0.9583279282258185,0.9613374686813946,0.9590203597223184,0.9605471106400839,0.949436712953744,0.9652013135338359,1.0
4,0,1.9202552556991577,0.2977501826150475,6845,2.21930100701072,0.20672023374726078,1369,2.2178072295611417,0.2156,0.9326359701077207,0.07932116944703389,,,0.75,,0.7500041260253173,0.2499958739746827,0.986065838005514,0.14578482851954452,10,0.025,0.15,1.0,0.9504560761315409,0.932412820534183,0.9223653448501207,0.9164474119388372,0.899031193997948,0.8958022279512751,0.8903910660809555,0.8739157066094819,0.8624183214124665,0.8816085055192437,0.864155982641873
4,1,1.963113015751506,0.28349762687112084,5478,2.2233707904815674,0.21350364963503649,1096,2.217721208741393,0.2146,0.9627973714868909,0.0827947753361557,,,0.9127393730259543,,0.9127840768430955,0.08721592315690452,0.9865246302513704,0.14588958342836092,10,0.025,0.15,0.9504560761315409,1.0,0.9517678391452519,0.9482563949277631,0.9435399789466835,0.9327972656239717,0.9335542153183501,0.9262591095711145,0.9133586087989964,0.9069377071715199,0.918562858407997,0.9118552207553674
4,2,1.959172340129551,0.2800622406639004,4820,2.216245114803314,0.21058091286307054,964,2.2177176928218407,0.2145,0.9792503928202706,0.08434059392905639,,,0.9851613911392763,,0.9852040732121933,0.014795926787806724,0.9865596961849354,0.14589355843464485,10,0.025,0.15,0.932412820534183,0.9517678391452519,1.0,0.9640223464279776,0.9627879060759007,0.9533723563355282,0.9559709595875364,0.9496191578285146,0.9471444077474952,0.9283681140954816,0.9457001031828269,0.9356392291305284
4,3,1.9781965409006392,0.2746709033136632,4406,2.2175015040806363,0.2043132803632236,881,2.2177177411091478,0.2145,0.9811804360048647,0.0846573180137315,,,0.9999999999531497,,1.0,0.0,0.9865600234956236,0.14589357481604545,10,0.025,0.15,0.9223653448501207,0.9482563949277631,0.9640223464279776,1.0,0.9636933655030446,0.9614485833233202,0.9560797723304196,0.955708108989191,0.9477354034416844,0.9357011011893662,0.9536118567109386,0.9399633214729736
4,4,1.9812866059216585,0.2868920233463035,4112,2.2154487541743686,0.24695863746958638,822,2.2177178950249394,0.2145,0.982596556082991,0.08447672867977114,,,0.9915393409371343,,0.9915581522008219,0.008441847799178115,0.9865596117809529,0.14589357149656812,10,0.025,0.15,0.9164474119388372,0.9435399789466835,0.9627879060759007,0.9636933655030446,1.0,0.9573259908389878,0.9665838952167058,0.9558086102915424,0.9559713251128809,0.9391081085833448,0.956891179413758,0.9468503377963856
4,5,2.0073743727899367,0.26225250707122655,3889,2.2156031131744385,0.22236503856041132,778,2.2177176566063603,0.2145,0.9803183025700541,0.08417494944016042,,,0.9774009021463956,,0.9774471456156855,0.022552854384314536,0.9865577809598046,0.14589351858268368,10,0.025,0.15,0.899031193997948,0.9327972656239717,0.9533723563355282,0.9614485833233202,0.9573259908389878,1.0,0.9628672090547234,0.955420255162361,0.9550122897770219,0.9519994118783344,0.9576984736077766,0.9509908365041917
4,6,2.0214448427331857,0.26909188897871195,3711,2.212873180707296,0.21159029649595687,742,2.217720852622503,0.2148,0.9827490247510607,0.08420071604354154,,,0.9786080744661984,,0.9786601970589691,0.021339802941030883,0.9865582683553296,0.14589352973012562,10,0.025,0.15,0.8958022279512751,0.9335542153183501,0.9559709595875364,0.9560797723304196,0.9665838952167058,0.9628672090547234,1.0,0.9648832876593192,0.9604682924336421,0.9504644734849284,0.9629950703010931,0.9564941026764802
4,7,2.00163597379412,0.2684343434343434,3564,2.221029798189799,0.20196353436185133,713,2.2177266048479685,0.2148,0.9785287112280714,0.08378089670427781,,,0.9589394251614776,,0.958987308346124,0.041012691653876,0.9865526434608088,0.145893207810091,10,0.025,0.15,0.8903910660809555,0.9262591095711145,0.9496191578285146,0.955708108989191,0.9558086102915424,0.955420255162361,0.9648832876593192,1.0,0.9569647274966042,0.9495512971040742,0.9633444864300652,0.9491153843869666
4,8,1.9953185615716158,0.2762569020633537,3441,2.2152915398279824,0.20784883720930233,688,2.21773360348955,0.2148,0.974345871928055,0.0832737529410624,,,0.9351796030359558,,0.9352214025185258,0.06477859748147419,0.9865200061435447,0.1458917032638949,10,0.025,0.15,0.8739157066094819,0.9133586087989964,0.9471444077474952,0.9477354034416844,0.9559713251128809,0.9550122897770219,0.9604682924336421,0.9569647274966042,1.0,0.9490078616710346,0.9550972342491387,0.9531910952069741
4,9,1.9983527077568901,0.27171565686862625,3334,2.2187615235646567,0.22038980509745126,667,2.217727027361906,0.2148,0.9666194344034806,0.08291854672128418,,,0.9185380958106669,,0.9185852684392072,0.08141473156079282,0.9865216654305144,0.14589024999296868,10,0.025,0.15,0.8624183214124665,0.9069377071715199,0.9283681140954816,0.9357011011893662,0.9391081085833448,0.9519994118783344,0.9504644734849284,0.9495512971040742,0.9490078616710346,1.0,0.9531301326375616,0.9514091073613956
4,10,2.0356353273758523,0.25769824128355445,3241,2.213082472483317,0.23148148148148148,648,2.217725213569931,0.2153,0.977635745513967,0.08324273508724367,,,0.9337264082164517,,0.9337607895562047,0.06623921044379533,0.9865187660941536,0.14589158050534165,10,0.025,0.15,0.8816085055192437,0.918562858407997,0.9457001031828269,0.9536118567109386,0.956891179413758,0.9576984736077766,0.9629950703010931,0.9633444864300652,0.9550972342491387,0.9531301326375616,1.0,0.9580342649935049
4,11,2.022221258163452,0.26141183918961697,3159,2.221086120605469,0.20727848101265822,632,2.2177292455600788,0.2153,0.9700142384945541,0.08281781765668124,,,0.9138189119590072,,0.9138568434255913,0.08614315657440874,0.9865201836698598,0.14588968310292857,10,0.025,0.15,0.864155982641873,0.9118552207553674,0.9356392291305284,0.9399633214729736,0.9468503377963856,0.9509908365041917,0.9564941026764802,0.9491153843869666,0.9531910952069741,0.9514091073613956,0.9580342649935049,1.0
5,0,1.8821822199556562,0.313308984660336,6845,2.185230775312944,0.23886048210372535,1369,2.184040012238901,0.2522,0.9313603152691937,0.07960240678155646,,,0.75,,0.7500041260253173,0.2499958739746827,0.9884641423114171,0.14532615229672277,10,0.025,0.15,1.0,0.9433952193980224,0.9280669931422517,0.91594781829979,0.9089249406186412,0.8912836755249093,0.893692842565138,0.8858610255145434,0.869636269662799,0.8604506815445458,0.8821450473671608,0.8615879930159602
5,1,1.9228243883266005,0.30045637093829863,5478,2.191815906100803,0.2417883211678832,1096,2.1838991491100455,0.2511,0.9602698322258123,0.08270063257409782,,,0.9089481566712745,,0.9090046376524566,0.09099536234754335,0.9893167457981942,0.14544005186493367,10,0.025,0.15,0.9433952193980224,1.0,0.9462323884723047,0.9412132441668546,0.9326870065973215,0.9274530129507013,0.9299903538735372,0.9197001848206763,0.9079824556509053,0.9036986950580929,0.9142015078368945,0.9071436283299212
5,2,1.9217517037140697,0.29346473029045644,4820,2.1812995076179504,0.241701244813278,964,2.1838898749291142,0.2511,0.9769639399527599,0.08420439071278958,,,0.9860954016525458,,0.9861365549339011,0.013863445066098934,0.989354177120361,0.14544395348454534,10,0.025,0.15,0.9280669931422517,0.9462323884723047,1.0,0.9580970945634643,0.9548393473717772,0.947407904065697,0.9502396716274095,0.943636134875336,0.9413511845095481,0.9223374859121408,0.9421321236618267,0.9310483948808301
5,3,1.9347772771971565,0.2899682251475261,4406,2.1829943316323415,0.23609534619750283,881,2.183889561061618,0.2511,0.9792486253786583,0.08447541987083862,,,0.999999999948697,,1.0,0.0,0.9893552060510703,0.1454439600158068,10,0.025,0.15,0.91594781829979,0.9412132441668546,0.9580970945634643,1.0,0.960100754984566,0.9543863023668535,0.949928004433926,0.9509575636941611,0.9423774086074228,0.9314689713307278,0.9498464501313213,0.9367847325517447
5,4,1.9391374996214201,0.3039396887159533,4112,2.181795052119664,0.2761557177615572,822,2.18388980551611,0.2511,0.9775833030421401,0.08430904649946447,,,0.9914645533835146,,0.9914838837451107,0.00851611625488935,0.9893547139927058,0.14544395797802714,10,0.025,0.15,0.9089249406186412,0.9326870065973215,0.9548393473717772,0.960100754984566,1.0,0.9465247255615508,0.9577288785953285,0.949072907174177,0.9473736771738738,0.9290707774798715,0.9461757855036157,0.9389747897268249
5,5,1.9645601814793001,0.27955772692208797,3889,2.182499749319894,0.2737789203084833,778,2.1838900409167326,0.2511,0.9758577556334345,0.08406553960104451,,,0.978971928496791,,0.9790150352362562,0.020984964763743785,0.9893536946204238,0.14544393492871183,10,0.025,0.15,0.8912836755249093,0.9274530129507013,0.947407904065697,0.9543863023668535,0.9465247255615508,1.0,0.95398727919475,0.9454936466305354,0.9471182647323884,0.9429054282848128,0.9498637125017768,0.9446289252892245
5,6,1.9747291227866863,0.28997574777687957,3711,2.1779390970865884,0.2574123989218329,742,2.1838948726654053,0.2512,0.9796445536344632,0.08420513937723763,,,0.9861338103554458,,0.9861695631364394,0.013830436863560558,0.9893529662706475,0.1454439534845475,10,0.025,0.15,0.893692842565138,0.9299903538735372,0.9502396716274095,0.949928004433926,0.9577288785953285,0.95398727919475,1.0,0.9579107096597145,0.9527181508721166,0.9448881833477909,0.9543751646831392,0.9496391074313167
5,7,1.9589991275753293,0.28512906846240177,3564,2.1881269613901773,0.24123422159887797,713,2.183903398393076,0.2512,0.9752462985022201,0.0838011693975145,,,0.9654089542839153,,0.9654486639930022,0.03455133600699778,0.9893570967021652,0.14544382966749927,10,0.025,0.15,0.8858610255145434,0.9197001848206763,0.943636134875336,0.9509575636941611,0.949072907174177,0.9454936466305354,0.9579107096597145,1.0,0.9523469393021032,0.9409623829405366,0.9555075531515856,0.9424467317584341
5,8,1.9506296073948894,0.2956117407730311,3441,2.1819981733957925,0.2369186046511628,688,2.1839154430582552,0.251,0.971589157208273,0.08336723012125281,,,0.9431465845640875,,0.9432011354821673,0.05679886451783267,0.9893475854827521,0.14544319600472955,10,0.025,0.15,0.869636269662799,0.9079824556509053,0.9413511845095481,0.9423774086074228,0.9473736771738738,0.9471182647323884,0.9527181508721166,0.9523469393021032,1.0,0.9430333339939494,0.949456287137973,0.9476429651384245
5,9,1.9577094987586692,0.28509298140371925,3334,2.184853514035543,0.2593703148425787,667,2.1839061568054974,0.2512,0.9632438411089966,0.08287448628791912,,,0.9178673669524862,,0.9179251043884405,0.08207489561155945,0.9893272026175772,0.14544116835961815,10,0.025,0.15,0.8604506815445458,0.9036986950580929,0.9223374859121408,0.9314689713307278,0.9290707774798715,0.9429054282848128,0.9448881833477909,0.9409623829405366,0.9430333339939494,1.0,0.9472059119834647,0.938466143406191
5,10,1.9898386281270248,0.2789879666769516,3241,2.1754903395970664,0.2824074074074074,648,2.1839065159423443,0.2512,0.9749765321110949,0.08345857061602548,,,0.9478326223953225,,0.9478800481919757,0.05211995180802431,0.989344893248833,0.14544342130713878,10,0.025,0.15,0.8821450473671608,0.9142015078368945,0.9421321236618267,0.9498464501313213,0.9461757855036157,0.9498637125017768,0.9543751646831392,0.9555075531515856,0.949456287137973,0.9472059119834647,1.0,0.9500646330211864
5,11,1.973606628894806,0.28271604938271605,3159,2.1876243114471436,0.25949367088607594,632,2.183911555930029,0.2512,0.9670410690826089,0.08293596816025905,,,0.9210215690447475,,0.9210691356802165,0.07893086431978347,0.9893229155846416,0.14544151969598967,10,0.025,0.15,0.8615879930159602,0.9071436283299212,0.9310483948808301,0.9367847325517447,0.9389747897268249,0.9446289252892245,0.9496391074313167,0.9424467317584341,0.9476429651384245,0.938466143406191,0.9500646330211864,1.0
6,0,1.848624121480518,0.3289554419284149,6845,2.1473907990889116,0.26296566837107377,1369,2.146388923065572,0.2749,0.9332516206215951,0.07994134645550159,,,0.75,,0.7500041260253173,0.2499958739746827,0.9903063354460031,0.14481280548245506,10,0.025,0.15,1.0,0.942267574162546,0.9252014771345397,0.9112463094335327,0.9057081353390245,0.8929354327891482,0.895536016113097,0.8822529556992098,0.865509855767827,0.8624585074987318,0.8812672231302123,0.8615762971368137
6,1,1.8856707775315573,0.3166301569916028,5478,2.1564361254374185,0.2518248175182482,1096,2.1461697409424603,0.2747,0.9582670981717045,0.08268314991173568,,,0.9063899864223773,,0.9064382499051015,0.09356175009489853,0.9910903335279289,0.14494109027920854,10,0.025,0.15,0.942267574162546,1.0,0.9394582403059477,0.9356270964527459,0.9283366131580162,0.922839719349247,0.9250704838287263,0.9116921808420169,0.8980347656567891,0.8972283969567094,0.9117617979513025,0.9004030203698876
6,2,1.888618383595818,0.3091701244813278,4820,2.1420519649982452,0.262448132780083,964,2.1461534017249,0.2747,0.9732151730122447,0.08410565044602338,,,0.9875281288144783,,0.9875641596936838,0.01243584030631617,0.9911620329358685,0.1449472911593325,10,0.025,0.15,0.9252014771345397,0.9394582403059477,1.0,0.9492466136099652,0.950350636923185,0.9407474252001272,0.9442051557133678,0.9342965467706732,0.929909946143974,0.913087645848496,0.9347946053357269,0.922114147825398
6,3,1.9012281404222762,0.30401724920562867,4406,2.1442300251552036,0.2599318955732123,881,2.1461533745632897,0.2747,0.9747550664577952,0.08432430523427449,,,0.9999999999429608,,1.0,0.0,0.991159916992259,0.1449473174036378,10,0.025,0.15,0.9112463094335327,0.9356270964527459,0.9492466136099652,1.0,0.9509660239150773,0.9483135119964576,0.9408929823354479,0.9406677491183326,0.93623596799133,0.9146476345564896,0.9435150816653535,0.9290419397187936
6,4,1.902312171459198,0.31955252918287935,4112,2.144455228533064,0.2895377128953771,822,2.146153558658648,0.2747,0.977310080857876,0.08430449459671845,,,0.9988700191154278,,0.998894225214966,0.0011057747850340416,0.9911603522468493,0.14494731739836417,10,0.025,0.15,0.9057081353390245,0.9283366131580162,0.950350636923185,0.9509660239150773,1.0,0.9460776437484245,0.9564714539033317,0.9461668968805711,0.9447303744383992,0.9182516992426358,0.9468242887732486,0.9357970199394374
6,5,1.926229473467796,0.2959115453844176,3889,2.1461616924830844,0.2969151670951157,778,2.146153540550908,0.2747,0.9735505341388219,0.08403037959053605,,,0.9832347473757403,,0.9832648413130664,0.01673515868693365,0.9911621321742877,0.14494726038041303,10,0.025,0.15,0.8929354327891482,0.922839719349247,0.9407474252001272,0.9483135119964576,0.9460776437484245,1.0,0.9476086263668867,0.9392471982967482,0.9406303742875975,0.9284419188916443,0.9454371184203088,0.9336689126239873
6,6,1.9370442041035356,0.3044731878199946,3711,2.13918129603068,0.2830188679245283,742,2.1461609647243836,0.2747,0.97657493983846,0.08421593450040928,,,0.9938186314137073,,0.9938439702266013,0.006156029773398686,0.9911608098236222,0.14494731305642905,10,0.025,0.15,0.895536016113097,0.9250704838287263,0.9442051557133678,0.9408929823354479,0.9564714539033317,0.9476086263668867,1.0,0.9475591066478105,0.9419770032430531,0.9311336538925042,0.948693761031181,0.9418612463067034
6,7,1.9200199961662292,0.3005050505050505,3564,2.1516292492548623,0.27349228611500703,713,2.1461706523653827,0.2747,0.9700533543635103,0.0837518834181426,,,0.9673495778825493,,0.9673878958921291,0.032612104107870854,0.9911554207212365,0.14494702090276385,10,0.025,0.15,0.8822529556992098,0.9116921808420169,0.9342965467706732,0.9406677491183326,0.9461668968805711,0.9392471982967482,0.9475591066478105,1.0,0.9449408231619694,0.921680909841389,0.9460725032108878,0.9305652516319642
6,8,1.9086516896883647,0.31354257483289744,3441,2.14524777730306,0.26453488372093026,688,2.1461879331854323,0.2746,0.9668047342724609,0.08337620194845423,,,0.945921047033587,,0.9459655724447525,0.054034427555247455,0.9911463545605385,0.14494628260141942,10,0.025,0.15,0.865509855767827,0.8980347656567891,0.929909946143974,0.93623596799133,0.9447303744383992,0.9406303742875975,0.9419770032430531,0.9449408231619694,1.0,0.9256686780569298,0.9396804087896621,0.939832442027774
6,9,1.9222733162067556,0.30479904019196163,3334,2.1465240716934204,0.2893553223388306,667,2.146178330047221,0.2747,0.9547046008644949,0.0826746750560579,,,0.9059065883285544,,0.9059513789176611,0.09404862108233891,0.9911089771496548,0.14494108668066547,10,0.025,0.15,0.8624585074987318,0.8972283969567094,0.913087645848496,0.9146476345564896,0.9182516992426358,0.9284419188916443,0.9311336538925042,0.921680909841389,0.9256686780569298,1.0,0.9286018332513445,0.9270244181882804
