round,client_id,client_i_training_loss,client_i_training_accuracy,client_i_training_dataset_size,client_i_evaluation_loss,client_i_evaluation_accuracy,client_i_evaluation_dataset_size,client_i_central_evaluation_loss,client_i_central_evaluation_accuracy,client_i_cosine_similarity,client_i_importance_coefficient,client_i_tanh_val,tanh_normalization_value,client_i_q,client_i_mask_order,client_i_v_nonzero_fraction,client_i_v_sparsity,client_i_v_cosine_similarity,client_i_reward_gradient_norm,local_epochs,learning_rate,gamma,client_0_cosine_similarity,client_1_cosine_similarity,client_2_cosine_similarity,client_3_cosine_similarity,client_4_cosine_similarity,client_5_cosine_similarity,client_6_cosine_similarity,client_7_cosine_similarity,client_8_cosine_similarity,client_9_cosine_similarity,client_10_cosine_similarity,client_11_cosine_similarity
0,0,2.02783220936816,0.4358655953250548,8214,2.258530999338904,0.295836376917458,1369,2.2623691893994997,0.2785,0.9648061885465478,0.08148863769623671,,,0.65,,0.6500178811339539,0.34998211886604613,0,0.0985432843967735,5,0.001,0.1,1.0,0.9886737034927943,0.9761448661075105,0.9653312339283399,0.9463098429239121,0.9422878614992363,0.9319231652129917,0.9295489587859004,0.916983287245651,0.9141562425230548,0.9087334016601506,0.9055137029265833
0,1,2.1202832793726505,0.4086400973532096,6574,2.2622462817600795,0.29014598540145986,1096,2.2623323419223578,0.2785,0.9871076659368394,0.0833722460651735,,,0.8906897548646648,,0.8907124423695886,0.10928755763041142,0,0.09857849665198375,5,0.001,0.1,0.9886737034927943,1.0,0.9925633085699033,0.9869197978395974,0.971785102541037,0.9689332076746208,0.9649020499053126,0.963743476704787,0.9509778486957391,0.9506661826074317,0.9470623083856642,0.9450524888981635
0,2,2.1631119747846825,0.384471727477088,5783,2.2622690200805664,0.2842323651452282,964,2.2623294153914286,0.2785,0.9944856517199846,0.0839953992098651,,,0.970317017151477,,0.9703414813311296,0.02965851866887037,0,0.098579641493385,5,0.001,0.1,0.9761448661075105,0.9925633085699033,1.0,0.9916415584839344,0.9832757977478006,0.9811338339845537,0.9793918892525055,0.9768116153675395,0.9681491094846598,0.969524755366614,0.966178189930244,0.9623208506270334
0,3,2.183281536561897,0.32248912426707016,5287,2.2623181343078613,0.264472190692395,881,2.262329413867987,0.2785,0.9963094085905956,0.08414943580772226,,,0.9899999998722188,,0.9900107286803723,0.00998927131962768,0,0.09857964855017927,5,0.001,0.1,0.9653312339283399,0.9869197978395974,0.9916415584839344,1.0,0.9842804686084612,0.9883785691602591,0.9835030115837657,0.9855155318696159,0.9774958821679944,0.9774245181109016,0.9748945293988684,0.9727508846871982
0,4,2.198452573284026,0.33779128672745695,4935,2.2627381269748392,0.291970802919708,822,2.262329263047288,0.2785,0.9922082880630808,0.08380305046237253,,,0.9457384616268791,,0.9457621712529359,0.054237828747064065,0,0.0985795927613873,5,0.001,0.1,0.9463098429239121,0.971785102541037,0.9832757977478006,0.9842804686084612,1.0,0.9899179288459201,0.9872847102521625,0.9776590204433193,0.9859595840442444,0.9755986489253005,0.9819794776605811,0.9784119127752361
0,5,2.20552528933303,0.29187915148917937,4667,2.2629616260528564,0.2866323907455013,778,2.2623293498834482,0.2785,0.9928418763346606,0.08385656405476474,,,0.952576493166354,,0.9525956640666531,0.04740433593334692,0,0.09857961278212343,5,0.001,0.1,0.9422878614992363,0.9689332076746208,0.9811338339845537,0.9883785691602591,0.9899179288459201,1.0,0.9884444185904572,0.9867708074854934,0.983344577623541,0.9848901267213338,0.9832259654014983,0.980343288743786
0,6,2.2130922549111505,0.32607231080170673,4453,2.261091689268748,0.27358490566037735,742,2.26232941691487,0.2785,0.9911251894809084,0.08371157071338284,,,0.9340490686922751,,0.9340669430993321,0.06593305690066786,0,0.09857953797206938,5,0.001,0.1,0.9319231652129917,0.9649020499053126,0.9793918892525055,0.9835030115837657,0.9872847102521625,0.9884444185904572,1.0,0.9874063774990548,0.9866510289842595,0.9846312059272196,0.9914602841026124,0.9840517529566983
0,7,2.218701591776378,0.3181669394435352,4277,2.265103640763656,0.25806451612903225,713,2.2623297421696087,0.2785,0.9891570573259866,0.08354534001335763,,,0.91280790885254,,0.9128318883444003,0.08716811165559968,0,0.09857936122657994,5,0.001,0.1,0.9295489587859004,0.963743476704787,0.9768116153675395,0.9855155318696159,0.9776590204433193,0.9867708074854934,0.9874063774990548,1.0,0.9800052420732374,0.9906670403109207,0.9855043767172291,0.9837807573125109
0,8,2.2224454324062055,0.3289416323565028,4129,2.261473688212308,0.2747093023255814,688,2.2623329512989176,0.2785,0.9845741033098813,0.0831582584587093,,,0.8633461597770002,,0.8633688056369067,0.13663119436309334,0,0.09857780658689302,5,0.001,0.1,0.916983287245651,0.9509778486957391,0.9681491094846598,0.9774958821679944,0.9859595840442444,0.983344577623541,0.9866510289842595,0.9800052420732374,1.0,0.9775691460021148,0.9901432471457826,0.9901835667108855
0,9,2.224261342154609,0.2712821794551362,4001,2.265455132439023,0.2683658170914543,667,2.262333402237572,0.2786,0.9831360595287499,0.08303679963095399,,,0.8478260039098455,,0.8478508810083026,0.15214911899169736,0,0.09857731863797664,5,0.001,0.1,0.9141562425230548,0.9506661826074317,0.969524755366614,0.9774245181109016,0.9755986489253005,0.9848901267213338,0.9846312059272196,0.9906670403109207,0.9775691460021148,1.0,0.9859423490043215,0.9794094728387819
0,10,2.23029082837652,0.3288763178194909,3889,2.262157292593093,0.2623456790123457,648,2.2623331836237313,0.2785,0.9834577220991926,0.08306396762072686,,,0.8512975624919985,,0.8513111220653193,0.14868887793468066,0,0.09857738968015162,5,0.001,0.1,0.9087334016601506,0.9470623083856642,0.966178189930244,0.9748945293988684,0.9819794776605811,0.9832259654014983,0.9914602841026124,0.9855043767172291,0.9901432471457826,0.9859423490043215,1.0,0.9893261237168545
0,11,2.233068743874045,0.3466103930361382,3791,2.265806198120117,0.2626582278481013,632,2.262334185286452,0.2785,0.9805541698557915,0.08281873026673452,,,0.8199608368809344,,0.8199853084737244,0.18001469152627558,0,0.09857613165926168,5,0.001,0.1,0.9055137029265833,0.9450524888981635,0.9623208506270334,0.9727508846871982,0.9784119127752361,0.980343288743786,0.9840517529566983,0.9837807573125109,0.9901835667108855,0.9794094728387819,0.9893261237168545,1.0
1,0,1.7793319451669776,0.5420258095933772,8214,2.2007597934368044,0.4864864864864865,1369,2.204689675626663,0.4626,0.9782420335880201,0.08169741954703422,,,0.65,,0.6500178811339539,0.34998211886604613,0.9640784257411774,0.09934822655672813,5,0.001,0.1,1.0,0.9942911673048025,0.9891209861710337,0.9823127011078572,0.9770773511837916,0.9716873194123871,0.9655747020322689,0.9647720525211061,0.9583362592429318,0.957618853101717,0.9545082912812008,0.9512216163755342
1,1,1.9027048762562206,0.5153635533921509,6574,2.2050823416028704,0.479014598540146,1096,2.2046032660304546,0.4629,0.9907133132192422,0.08325794338527513,,,0.8833740812344427,,0.8833956756652265,0.11660432433477352,0.9643929285326899,0.09938149558191728,5,0.001,0.1,0.9942911673048025,1.0,0.9962677550660248,0.9932882038335323,0.9889767001073566,0.9848464090921386,0.9817730294862571,0.9811808275762605,0.9748711813733413,0.976229088116117,0.9733634763337171,0.9698832729228659
1,2,1.9708537719526344,0.5125713297596404,5783,2.203597653296686,0.4616182572614108,964,2.2045992205318172,0.4626,0.9953770048152266,0.08379160168254927,,,0.9631819071500524,,0.9631986932273997,0.036801306772600295,0.9643957876428915,0.09938228348545361,5,0.001,0.1,0.9891209861710337,0.9962677550660248,1.0,0.9956141627910506,0.9938283320964639,0.9908901030388746,0.9892420877117704,0.9872032210465578,0.9830825598631875,0.984237307637899,0.9821828418266813,0.9787698385004122
1,3,2.013669589197779,0.46888594666162287,5287,2.2039383820125034,0.45629965947786605,881,2.2045991253167294,0.4626,0.9979960702342386,0.08397092867864824,,,0.9899999998504514,,0.9900107286803723,0.00998927131962768,0.9643965842097645,0.09938229741482761,5,0.001,0.1,0.9823127011078572,0.9932882038335323,0.9956141627910506,1.0,0.9958415397021316,0.9947347393391721,0.9925674448177977,0.9928179739272591,0.9899119275326167,0.9901331558903944,0.9888752986391748,0.985452632968756
1,4,2.0432557459800473,0.49041540020263424,4935,2.2036284391696634,0.46958637469586373,822,2.2045991946333134,0.4626,0.9978616290560689,0.08375376865195593,,,0.957524032186098,,0.9575395559679493,0.04246044403205074,0.9643941381200062,0.09938227087181614,5,0.001,0.1,0.9770773511837916,0.9889767001073566,0.9938283320964639,0.9958415397021316,1.0,0.9956770811266582,0.9924994474671426,0.9921753138981192,0.9919876615103304,0.9917929353808798,0.9907534760868059,0.989290271579731
1,5,2.0589941540809527,0.44739661452753376,4667,2.2059447288513185,0.4537275064267352,778,2.204599218246655,0.4626,0.9975421331051199,0.0837763152347528,,,0.9608958410084029,,0.9609079749857434,0.03909202501425657,0.9643946542331501,0.09938228217616522,5,0.001,0.1,0.9716873194123871,0.9848464090921386,0.9908901030388746,0.9947347393391721,0.9956770811266582,1.0,0.994270171374179,0.9940920235385221,0.9926303878045085,0.9942912252497855,0.9928974097456603,0.9899956038487379
1,6,2.072411785806928,0.47015495171794297,4453,2.2040240665276847,0.46765498652291104,742,2.204599507700521,0.4626,0.996298569873546,0.08364702230735027,,,0.941560270859926,,0.9415818520988585,0.058418147901141526,0.9643944020348222,0.09938222231706104,5,0.001,0.1,0.9655747020322689,0.9817730294862571,0.9892420877117704,0.9925674448177977,0.9924994474671426,0.994270171374179,1.0,0.9939988274509892,0.9916647232705441,0.9933358906640658,0.9953207849088423,0.9908711551972471
1,7,2.0875537230007684,0.4734159457563713,4277,2.207117920336516,0.4417952314165498,713,2.2046001612568817,0.4625,0.9961677211309214,0.08354066212966817,,,0.925654260238215,,0.9256724756188323,0.07432752438116774,0.9643931071447465,0.09938212536661305,5,0.001,0.1,0.9647720525211061,0.9811808275762605,0.9872032210465578,0.9928179739272591,0.9921753138981192,0.9940920235385221,0.9939988274509892,1.0,0.9920486936130344,0.995906731855343,0.9941258721461126,0.9912558785376449
1,8,2.0981610714472256,0.4547348026156454,4129,2.2044618779962715,0.4491279069767442,688,2.204604372048911,0.4628,0.9942877722955531,0.08324205659653476,,,0.8809982349735941,,0.8810131353843478,0.11898686461565222,0.9643869852176697,0.09938138607560187,5,0.001,0.1,0.9583362592429318,0.9748711813733413,0.9830825598631875,0.9899119275326167,0.9919876615103304,0.9926303878045085,0.9916647232705441,0.9920486936130344,1.0,0.9925336013628585,0.9947943517883953,0.995290547794662
1,9,2.0997405534698848,0.45638590352411895,4001,2.2070266746339344,0.44677661169415295,667,2.204604839745421,0.4628,0.9947464889790619,0.08318226754031117,,,0.8720568681568062,,0.8720725684074192,0.1279274315925808,0.9643841542195347,0.09938114368858446,5,0.001,0.1,0.957618853101717,0.976229088116117,0.984237307637899,0.9901331558903944,0.9917929353808798,0.9942912252497855,0.9933358906640658,0.995906731855343,0.9925336013628585,1.0,0.9948700783247947,0.991607422423537
1,10,2.11233522071213,0.46181537670352274,3889,2.2046558062235513,0.46141975308641975,648,2.2046046668348223,0.4628,0.9942664991521974,0.08318343816276934,,,0.8722319330510113,,0.8722465470080514,0.12775345299194862,0.9643834277868587,0.0993811463541086,5,0.001,0.1,0.9545082912812008,0.9733634763337171,0.9821828418266813,0.9888752986391748,0.9907534760868059,0.9928974097456603,0.9953207849088423,0.9941258721461126,0.9947943517883953,0.9948700783247947,1.0,0.9951362324702184
1,11,2.122076636202195,0.48219467159060936,3791,2.2090179681777955,0.44936708860759494,632,2.2046068080317096,0.4628,0.9919102061790669,0.08295657608315071,,,0.8383050374147281,,0.8383255526236939,0.1616744473763061,0.9643750053066773,0.099379910174535,5,0.001,0.1,0.9512216163755342,0.9698832729228659,0.9787698385004122,0.985452632968756,0.989290271579731,0.9899956038487379,0.9908711551972471,0.9912558785376449,0.995290547794662,0.991607422423537,0.9951362324702184,1.0
2,0,1.5818730099191924,0.5942780618456294,8214,2.1278882193010906,0.5273922571219869,1369,2.1319657232814704,0.5102,0.9874973247182675,0.08204572708685032,,,0.65,,0.6500178811339539,0.34998211886604613,0.9851611255191598,0.09959498233740913,5,0.001,0.1,1.0,0.9960426852914009,0.9934025159429093,0.9902038598877075,0.9863376223348943,0.9833376398653668,0.9799934220070912,0.9798847172936184,0.9772191058730988,0.974309126967555,0.9735281491316231,0.9719190637620734
2,1,1.696364001336607,0.5670520231213872,6574,2.1328542164393833,0.5273722627737226,1096,2.131810698646326,0.5108,0.9945615518930355,0.08323176650871897,,,0.8808805734102423,,0.8809019823894995,0.11909801761050054,0.9853687242902537,0.09962812418703958,5,0.001,0.1,0.9960426852914009,1.0,0.9973056001375736,0.9958575977495926,0.9931192642597627,0.9909234302001433,0.9894585878029805,0.9890711427128857,0.986574634722483,0.9848257575738374,0.9844589646699036,0.9828230972289432
2,2,1.7660765733508115,0.5620266297769324,5783,2.1299621212866997,0.5062240663900415,964,2.1318049971668867,0.5105,0.9971237995747464,0.08364209250555807,,,0.9607567560130768,,0.9607726582963629,0.039227341703637064,0.9853811028553511,0.09962917731858036,5,0.001,0.1,0.9934025159429093,0.9973056001375736,1.0,0.9974698344190307,0.9957815054658512,0.9940035383437451,0.9931747686353897,0.9927207252292817,0.9908390378248302,0.9896974354460898,0.9892038236923939,0.9874034053588646
2,3,1.8174851650215058,0.5468885946661622,5287,2.1302372557776317,0.5164585698070374,881,2.131804611736212,0.5105,0.9983667904467787,0.08379231579827012,,,0.9899999998053348,,0.9900107286803723,0.00998927131962768,0.9853817779154055,0.09962924429615053,5,0.001,0.1,0.9902038598877075,0.9958575977495926,0.9974698344190307,1.0,0.9970965780484432,0.9960529143869199,0.9952358115651627,0.9951162591443301,0.9935786076164127,0.9926250256356349,0.9922439810146408,0.9903084253292653
2,4,1.8551577552672356,0.5573252279635258,4935,2.1295448541641235,0.5158150851581509,822,2.1318049362292304,0.5105,0.9986947351049056,0.0836696195704762,,,0.9661153169642673,,0.9661321657436135,0.03386783425638651,0.9853810434712005,0.09962920117800095,5,0.001,0.1,0.9863376223348943,0.9931192642597627,0.9957815054658512,0.9970965780484432,1.0,0.9970570633901449,0.9959070579207321,0.9950599708516611,0.9960918442543415,0.9948087488966898,0.9947072150034808,0.9936999956870604
2,5,1.8753914052492953,0.5273623312620527,4667,2.1339916706085207,0.4922879177377892,778,2.131804980409031,0.5105,0.9983680393514134,0.08367290461024976,,,0.9667547998116428,,0.9667700872792646,0.03322991272073539,0.9853814253781381,0.09962920137548106,5,0.001,0.1,0.9833376398653668,0.9909234302001433,0.9940035383437451,0.9960529143869199,0.9970570633901449,1.0,0.9969532746801758,0.9963849043015233,0.9953747670073874,0.9959795826041764,0.9955869552654906,0.9940603834249038
2,6,1.8940109482833318,0.5326746013923198,4453,2.1319088538487754,0.5053908355795148,742,2.131805293476239,0.5105,0.9979859859042597,0.08358120396192292,,,0.9489038769186804,,0.9489227824977527,0.05107721750224725,0.9853798499802525,0.09962911528865714,5,0.001,0.1,0.9799934220070912,0.9894585878029805,0.9931747686353897,0.9952358115651627,0.9959070579207321,0.9969532746801758,1.0,0.9971933118664716,0.9951395564695266,0.9962997441535079,0.997087276844504,0.9946620914336171
2,7,1.9161443948745727,0.5502922609305588,4277,2.133827188740606,0.4894810659186536,713,2.131805811446315,0.5105,0.997660912146504,0.08350541988630572,,,0.9341513564617316,,0.9341635978774611,0.06583640212253894,0.985378044550692,0.09962894946046814,5,0.001,0.1,0.9798847172936184,0.9890711427128857,0.9927207252292817,0.9951162591443301,0.9950599708516611,0.9963849043015233,0.9971933118664716,1.0,0.9946521867296192,0.9968198796247009,0.9958758217886925,0.9944486307589253
2,8,1.931466084260207,0.524243158149673,4129,2.132631464438005,0.5101744186046512,688,2.1318113704839834,0.5108,0.9969019989755887,0.08329762274467753,,,0.8937004892076421,,0.8937184059693991,0.10628159403060089,0.9853712193068722,0.09962839502570191,5,0.001,0.1,0.9772191058730988,0.986574634722483,0.9908390378248302,0.9935786076164127,0.9960918442543415,0.9953747670073874,0.9951395564695266,0.9946521867296192,1.0,0.9952902933447112,0.9966407656767272,0.9967571804885861
2,9,1.9362941070208475,0.5287178205448638,4001,2.1338697388058616,0.4917541229385307,667,2.1318124856430885,0.5108,0.9964597669521424,0.08324663873838552,,,0.883775678623433,,0.8838016257333682,0.11619837426663182,0.9853665871904886,0.0996282383582451,5,0.001,0.1,0.974309126967555,0.9848257575738374,0.9896974354460898,0.9926250256356349,0.9948087488966898,0.9959795826041764,0.9962997441535079,0.9968198796247009,0.9952902933447112,1.0,0.9969891731018068,0.9951713032230212
2,10,1.9513373351487957,0.5235793263049627,3889,2.1323364802769254,0.5138888888888888,648,2.13181237900219,0.5108,0.9964597726655857,0.08324735743779767,,,0.8839155843713593,,0.8839417751616551,0.11605822483834494,0.985366547428432,0.09962824004080031,5,0.001,0.1,0.9735281491316231,0.9844589646699036,0.9892038236923939,0.9922439810146408,0.9947072150034808,0.9955869552654906,0.997087276844504,0.9958758217886925,0.9966407656767272,0.9969891731018068,1.0,0.9964933770681036
2,11,1.9698551763005618,0.5456607755209707,3791,2.137199914455414,0.509493670886076,632,2.131816266824643,0.5108,0.9951973884047135,0.0830673311507871,,,0.848870735433345,,0.848889919873189,0.15111008012681104,0.9853572564353845,0.09962723297284125,5,0.001,0.1,0.9719190637620734,0.9828230972289432,0.9874034053588646,0.9903084253292653,0.9936999956870604,0.9940603834249038,0.9946620914336171,0.9944486307589253,0.9967571804885861,0.9951713032230212,0.9964933770681036,1.0
3,0,1.4326762475392234,0.6187484782079377,8214,2.039217000783876,0.5602629656683711,1369,2.043451222748802,0.5383,0.9907710776726888,0.08234217824814767,,,0.65,,0.6500178811339539,0.34998211886604613,0.9945089075799357,0.09966529048333282,5,0.001,0.1,1.0,0.9962943020327085,0.9943731969630089,0.9920058424337331,0.9895873129718686,0.9872774251881394,0.9847707678373372,0.9853651265018636,0.9833696621912817,0.9805086777622254,0.9803632571389486,0.9798753891779697
3,1,1.5296753768203328,0.6007301490721022,6574,2.044908366884504,0.5565693430656934,1096,2.04320839647287,0.5383,0.9959949592252137,0.08323866018390634,,,0.8807514623103979,,0.8807714984390254,0.11922850156097464,0.9946600623447207,0.09969978051925651,5,0.001,0.1,0.9962943020327085,1.0,0.9971792757234742,0.9961851296660084,0.9947392710217984,0.9930037826420349,0.9917074700935311,0.9920117854222824,0.990196263921969,0.9884429714170258,0.9883325048246452,0.9880781316693381
3,2,1.59018076440906,0.598582050838665,5783,2.0404141910614504,0.5456431535269709,964,2.0431998377790848,0.5386,0.9974145230767779,0.08353628871295667,,,0.9573600536988398,,0.9573752428451301,0.04262475715486991,0.9946706314102912,0.09970068763869562,5,0.001,0.1,0.9943731969630089,0.9971792757234742,1.0,0.9974694896117107,0.9964830381295525,0.9943842672240267,0.9939369203105863,0.993971941730262,0.992645844065369,0.9909200382394422,0.9909916008246654,0.9907399421434364
3,3,1.6401836625064712,0.5864195195763193,5287,2.0401417016983032,0.5357548240635641,881,2.043199273344046,0.5386,0.9984867570580953,0.08366309667213229,,,0.9899999997426033,,0.9900107286803723,0.00998927131962768,0.9946713979904841,0.09970073821471502,5,0.001,0.1,0.9920058424337331,0.9961851296660084,0.9974694896117107,1.0,0.9978157530444777,0.9961954845620243,0.9958149901522749,0.9955749333307014,0.9952562572046292,0.9929019502034181,0.9936741154356489,0.9929790008187663
3,4,1.6787268212533766,0.6047416413373861,4935,2.0396319857010474,0.5425790754257908,822,2.043199689243548,0.5386,0.9987773309487845,0.08359719249016022,,,0.9730364829601312,,0.9730574805965533,0.02694251940344672,0.9946709168633799,0.09970073244341876,5,0.001,0.1,0.9895873129718686,0.9947392710217984,0.9964830381295525,0.9978157530444777,1.0,0.9970357453265981,0.9963800762801656,0.9961037820355408,0.9964101054718771,0.994319638401258,0.995314722949073,0.995132029919114
3,5,1.6987240838677915,0.5790872080565674,4667,2.046634702682495,0.5269922879177378,778,2.043199741040556,0.5386,0.9985908906085577,0.08359318704041918,,,0.9720054935468609,,0.9720281072094799,0.027971892790520148,0.9946710116986711,0.09970072338192583,5,0.001,0.1,0.9872774251881394,0.9930037826420349,0.9943842672240267,0.9961954845620243,0.9970357453265981,1.0,0.9975554830001746,0.9972520857561689,0.9961387504332392,0.996045754689002,0.9963771563492269,0.9958027787041507
3,6,1.7181517965453013,0.5710756793173142,4453,2.0439541737238565,0.5215633423180593,742,2.0432001390396217,0.5386,0.9982834289667405,0.08352698833789136,,,0.9549661681549695,,0.9549878698253448,0.04501213017465522,0.9946702964412522,0.09970068660071446,5,0.001,0.1,0.9847707678373372,0.9917074700935311,0.9939369203105863,0.9958149901522749,0.9963800762801656,0.9975554830001746,1.0,0.9979319831636652,0.995659884443186,0.9963863039741327,0.9973841336548818,0.9958308542350981
3,7,1.7386013379737513,0.589572129997662,4277,2.0446944340415625,0.5189340813464236,713,2.043201039393489,0.5385,0.9982463078244034,0.08347928712036674,,,0.9426880337512042,,0.9427078802640608,0.05729211973593917,0.9946664817254743,0.09970062480056507,5,0.001,0.1,0.9853651265018636,0.9920117854222824,0.993971941730262,0.9955749333307014,0.9961037820355408,0.9972520857561689,0.9979319831636652,1.0,0.9952815152340232,0.9968229672923475,0.9966128425606148,0.9960008005351872
3,8,1.7614869458858784,0.5666263017679826,4129,2.0451736125079067,0.5450581395348837,688,2.0432087834269854,0.5384,0.9972983105584754,0.08332116319184789,,,0.901987461573905,,0.9020065531939572,0.09799344680604283,0.9946586434207372,0.09970011022201967,5,0.001,0.1,0.9833696621912817,0.990196263921969,0.992645844065369,0.9952562572046292,0.9964101054718771,0.9961387504332392,0.995659884443186,0.9952815152340232,1.0,0.9937763046042176,0.9964033432558369,0.9964433849343883
3,9,1.7613561333171905,0.5750062484378905,4001,2.045004583540417,0.5157421289355323,667,2.0432107475238106,0.5384,0.9964783750974661,0.08326339824203281,,,0.8871189560207673,,0.8871362155788172,0.11286378442118283,0.9946603298657135,0.09969990111325568,5,0.001,0.1,0.9805086777622254,0.9884429714170258,0.9909200382394422,0.9929019502034181,0.994319638401258,0.996045754689002,0.9963863039741327,0.9968229672923475,0.9937763046042176,1.0,0.9966251215459921,0.9949977183299089
3,10,1.7809628322476245,0.5691951658524043,3889,2.04446580296471,0.5339506172839507,648,2.0432106210781744,0.5384,0.9970684192228523,0.08328289508349794,,,0.8921373780313623,,0.89215259856371,0.10784740143629001,0.9946597600097261,0.09970000069486402,5,0.001,0.1,0.9803632571389486,0.9883325048246452,0.9909916008246654,0.9936741154356489,0.995314722949073,0.9963771563492269,0.9973841336548818,0.9966128425606148,0.9964033432558369,0.9966251215459921,1.0,0.9967197822864748
3,11,1.803470001100492,0.5854919546293854,3791,2.0498335659503937,0.5221518987341772,632,2.043216428055931,0.5385,0.9965493614802108,0.08315566467664104,,,0.8593886953624456,,0.8594107924725258,0.14058920752747417,0.9946518810465667,0.0996991162751255,5,0.001,0.1,0.9798753891779697,0.9880781316693381,0.9907399421434364,0.9929790008187663,0.995132029919114,0.9958027787041507,0.9958308542350981,0.9960008005351872,0.9964433849343883,0.9949977183299089,0.9967197822864748,1.0
4,0,1.3181455699850149,0.6441928414901388,8214,1.9357056340505912,0.6004382761139518,1369,1.940033762980574,0.584,0.9917283130447619,0.08254433984920678,,,0.65,,0.6500178811339539,0.34998211886604613,0.9971625656504518,0.09969706224340735,5,0.001,0.1,1.0,0.9963243838004477,0.9943551400190389,0.9922813451188424,0.9904478635732086,0.9884476819839437,0.9859482268907088,0.9869811252735042,0.9849717957379468,0.983619472355248,0.9834144449806755,0.9823565464433002
4,1,1.3968127237940298,0.6226650441131731,6574,1.942154152052743,0.593065693430657,1096,1.9396812245487787,0.5839,0.996503831659768,0.08324857339816658,,,0.8812911442761101,,0.881307932457641,0.11869206754235895,0.9972412583285937,0.09973280704249508,5,0.001,0.1,0.9963243838004477,1.0,0.9973981124250627,0.9963679233446083,0.9954194788585364,0.9933427510357026,0.9921576585838555,0.9924026337203189,0.9916820790152384,0.9905674454038159,0.9906024414430079,0.9899460313593079
4,2,1.4473842574087954,0.6235172056026284,5783,1.9356274374069706,0.6006224066390041,964,1.9396693717938263,0.584,0.9979879326845065,0.08347910338456656,,,0.9570040159834651,,0.957017620166053,0.04298237983394704,0.9972474951019943,0.0997336612755281,5,0.001,0.1,0.9943551400190389,0.9973981124250627,1.0,0.9974706681780464,0.9966995222263761,0.9953587228018597,0.9946460503986371,0.9950352217712051,0.993880896415271,0.9932990793568611,0.9932808902168255,0.9925002933252703
4,3,1.4926420875342497,0.6198978626820503,5287,1.9346574587481362,0.5891032917139614,881,1.9396684531586619,0.5841,0.9986898060590435,0.08357956930930752,,,0.9899999996715704,,0.9900107286803723,0.00998927131962768,0.9972483436247663,0.09973371336484277,5,0.001,0.1,0.9922813451188424,0.9963679233446083,0.9974706681780464,1.0,0.9976666729840813,0.9966215382398096,0.9959604546872671,0.9963073450289672,0.9954885256621848,0.994993114574265,0.9950521789053556,0.9940790101715271
4,4,1.5285167547195189,0.6325430597771023,4935,1.9346634837297292,0.5827250608272506,822,1.9396688816265557,0.5841,0.9987270454792764,0.08354033714510119,,,0.9771149955914422,,0.9771314794946888,0.022868520505311185,0.9972482823899993,0.09973370317505124,5,0.001,0.1,0.9904478635732086,0.9954194788585364,0.9966995222263761,0.9976666729840813,1.0,0.9971086589316718,0.9962152470615427,0.9963463887191879,0.9960616790745699,0.995393943133198,0.996033623931756,0.9953237085324741
4,5,1.5460795056330014,0.6162845511034926,4667,1.9446141624450684,0.5719794344473008,778,1.9396690164511197,0.5841,0.9986040791211945,0.08353390889112158,,,0.9750037666946703,,0.9750244053314776,0.024975594668522394,0.9972480413846196,0.09973370292098054,5,0.001,0.1,0.9884476819839437,0.9933427510357026,0.9953587228018597,0.9966215382398096,0.9971086589316718,1.0,0.9973767574317762,0.9972734481292811,0.9961402401915245,0.9965344866847805,0.9968067779713784,0.9962144599155036
4,6,1.5634355129514421,0.6037727374803503,4453,1.9410003523031871,0.5835579514824798,742,1.9396697419900863,0.5841,0.9981271279520871,0.08347789207260585,,,0.9566061852781808,,0.9566261683146307,0.043373831685369346,0.9972475031236241,0.09973366118711477,5,0.001,0.1,0.9859482268907088,0.9921576585838555,0.9946460503986371,0.9959604546872671,0.9962152470615427,0.9973767574317762,1.0,0.9976589046243111,0.9950395627002467,0.9969905911830869,0.9972892614085097,0.9962126597309678
4,7,1.580384623381629,0.6192190787935469,4277,1.9404411730558977,0.573632538569425,713,1.9396707310844152,0.5841,0.9983103183963054,0.08345454107624516,,,0.9489370268346082,,0.9489566116700979,0.05104338832990207,0.9972472020617046,0.09973364380152934,5,0.001,0.1,0.9869811252735042,0.9924026337203189,0.9950352217712051,0.9963073450289672,0.9963463887191879,0.9972734481292811,0.9976589046243111,1.0,0.9955659523964058,0.9971686125202747,0.9967271596954127,0.996232432674143
4,8,1.6024005776185255,0.6216032937757326,4129,1.9430490244518628,0.5770348837209303,688,1.939680305532754,0.5839,0.9973335390166418,0.08332598452293985,,,0.9067152491841448,,0.906742637322276,0.093257362677724,0.9972433615389882,0.0997332735253845,5,0.001,0.1,0.9849717957379468,0.9916820790152384,0.993880896415271,0.9954885256621848,0.9960616790745699,0.9961402401915245,0.9950395627002467,0.9955659523964058,1.0,0.9943130062500758,0.9965639934656724,0.9962992706439179
4,9,1.6071754647625818,0.6036990752311922,4001,1.9413001423790341,0.5637181409295352,667,1.9396833874547064,0.5839,0.997326326046282,0.08329031065012063,,,0.89499889332847,,0.8950135799963271,0.10498642000367286,0.9972419204374544,0.09973303205810595,5,0.001,0.1,0.983619472355248,0.9905674454038159,0.9932990793568611,0.994993114574265,0.995393943133198,0.9965344866847805,0.9969905911830869,0.9971686125202747,0.9943130062500758,1.0,0.9973732492984141,0.9956502942266526
4,10,1.6235825161464879,0.6038570326562098,3889,1.9420344943091983,0.5895061728395061,648,1.9396832850032721,0.5839,0.9976582674767625,0.08331299155806206,,,0.9024479748991259,,0.9024656633900697,0.09753433660993027,0.9972423468931522,0.09973312917027294,5,0.001,0.1,0.9834144449806755,0.9906024414430079,0.9932808902168255,0.9950521789053556,0.996033623931756,0.9968067779713784,0.9972892614085097,0.9967271596954127,0.9965639934656724,0.9973732492984141,1.0,0.996728593440615
4,11,1.6481017395227897,0.6144552888419942,3791,1.9476683914661408,0.5490506329113924,632,1.9396922493133302,0.5839,0.9969620208773678,0.08321244814255613,,,0.8694265409499138,,0.8694435584423116,0.13055644155768842,0.9972381258216974,0.09973242288025043,5,0.001,0.1,0.9823565464433002,0.9899460313593079,0.9925002933252703,0.9940790101715271,0.9953237085324741,0.9962144599155036,0.9962126597309678,0.996232432674143,0.9962992706439179,0.9956502942266526,0.996728593440615,1.0
5,0,1.2262368271554955,0.6563671779887996,8214,1.8195397576620413,0.623082542001461,1369,1.8239106073166236,0.6115,0.9922264160564119,0.08268337013285393,,,0.99,,0.9900107286803723,0.00998927131962768,0.9974639373133952,0.09973691120915794,5,0.001,0.1,1.0,0.9960389274087652,0.9938773915842896,0.9923428330768216,0.9903553515680442,0.9891809174383398,0.9868806397396832,0.9878803054500005,0.9864888357106947,0.9844290320367964,0.984362878274477,0.9836376937379676
5,1,1.2889965388960052,0.639793124429571,6574,1.8269178799220493,0.614963503649635,1096,1.8235260122500287,0.6117,0.9966753246944301,0.08325909782978201,,,0.99,,0.9900107286803723,0.00998927131962768,0.9978403246485096,0.09973691120915794,5,0.001,0.1,0.9960389274087652,1.0,0.9969281701823862,0.9963689697969278,0.9954413694687853,0.9935481022894784,0.9926566620919602,0.9928050686297933,0.9925037901347317,0.9906272219204735,0.9911430112383364,0.9905843897633226
5,2,1.3303545106840398,0.642953484350683,5783,1.8178007218145555,0.6338174273858921,964,1.8235129437888393,0.6117,0.9978506998156624,0.08343848878803956,,,0.99,,0.9900107286803723,0.00998927131962768,0.997849599022148,0.09973691120915794,5,0.001,0.1,0.9938773915842896,0.9969281701823862,1.0,0.997117256937934,0.9963619772037081,0.9953082164248002,0.9948273129974815,0.9950244261412239,0.9943417545897059,0.9927549468624245,0.993234363626374,0.992897696677372
5,3,1.371899267492524,0.6401361830905996,5287,1.8161409837859017,0.6072644721906924,881,1.823512017536468,0.6117,0.9986125080288255,0.08352472713778751,,,0.99,,0.9900107286803723,0.00998927131962768,0.9978498359091439,0.09973691120915794,5,0.001,0.1,0.9923428330768216,0.9963689697969278,0.997117256937934,1.0,0.9974535283435245,0.996422989110198,0.9961792512943513,0.9961794734973571,0.9957770263832192,0.9944826672812314,0.995169195564748,0.9942734638415878
5,4,1.4022995618081862,0.6509017223910841,4935,1.816962255881383,0.6180048661800487,822,1.8235124540024292,0.6117,0.9986874971422303,0.08350307853013227,,,0.99,,0.9900107286803723,0.00998927131962768,0.9978496593273823,0.09973691120915794,5,0.001,0.1,0.9903553515680442,0.9954413694687853,0.9963619772037081,0.9974535283435245,1.0,0.9969308790775764,0.9962938858234524,0.9962622187204665,0.9969829549852719,0.995289632419626,0.9960924395712389,0.9951832055517561
5,5,1.4170545411436526,0.6398971502035569,4667,1.8299921560287475,0.6041131105398457,778,1.8235126806143374,0.6117,0.9985694176714386,0.0834953217018917,,,0.99,,0.9900107286803723,0.00998927131962768,0.99784966238824,0.09973691120915794,5,0.001,0.1,0.9891809174383398,0.9935481022894784,0.9953082164248002,0.996422989110198,0.9969308790775764,1.0,0.9973423874446173,0.997049912735567,0.9965323163203799,0.99626818619549,0.9965415472977032,0.9960997826727058
5,6,1.4330506258351463,0.6285200988097912,4453,1.8253074834744136,0.6172506738544474,742,1.8235133524519949,0.6117,0.9981747064562596,0.08344820811623332,,,0.99,,0.9900107286803723,0.00998927131962768,0.9978495981912907,0.09973691120915794,5,0.001,0.1,0.9868806397396832,0.9926566620919602,0.9948273129974815,0.9961792512943513,0.9962938858234524,0.9973423874446173,1.0,0.9974541983758567,0.9954345599446944,0.9962551008113939,0.9970265342952088,0.9961323498218203
5,7,1.4436743550336184,0.6423193827449146,4277,1.8234965438428132,0.6086956521739131,713,1.8235142314776827,0.6117,0.9982821907511037,0.08343735237281508,,,0.99,,0.9900107286803723,0.00998927131962768,0.9978494866956918,0.09973691120915794,5,0.001,0.1,0.9878803054500005,0.9928050686297933,0.9950244261412239,0.9961794734973571,0.9962622187204665,0.997049912735567,0.9974541983758567,1.0,0.9957960231449285,0.9966709099157756,0.9966164961712135,0.9960410483543382
5,8,1.4681903522748214,0.6355049648825382,4129,1.8286332975734363,0.6002906976744186,688,1.8235247017095646,0.6117,0.9976998016925162,0.08333967322611055,,,0.99,,0.9900107286803723,0.00998927131962768,0.9978456370917641,0.09973691120915794,5,0.001,0.1,0.9864888357106947,0.9925037901347317,0.9943417545897059,0.9957770263832192,0.9969829549852719,0.9965323163203799,0.9954345599446944,0.9957960231449285,1.0,0.9942693927472014,0.9962548113725945,0.9964259108046016
5,9,1.4701981253094143,0.6288427893026743,4001,1.825128504208156,0.6041979010494752,667,1.8235281431636872,0.6117,0.9970116555966234,0.08329556532332694,,,0.99,,0.9900107286803723,0.00998927131962768,0.997843020203253,0.09973691120915794,5,0.001,0.1,0.9844290320367964,0.9906272219204735,0.9927549468624245,0.9944826672812314,0.995289632419626,0.99626818619549,0.9962551008113939,0.9966709099157756,0.9942693927472014,1.0,0.9965126321795396,0.9949994077064299
5,10,1.485326369180054,0.6286448958601183,3889,1.8273114249819802,0.6080246913580247,648,1.8235281351656198,0.6117,0.9975671644537293,0.0833274186702598,,,0.99,,0.9900107286803723,0.00998927131962768,0.9978440462299923,0.09973691120915794,5,0.001,0.1,0.984362878274477,0.9911430112383364,0.993234363626374,0.995169195564748,0.9960924395712389,0.9965415472977032,0.9970265342952088,0.9966164961712135,0.9962548113725945,0.9965126321795396,1.0,0.9962479461017809
5,11,1.5096308252390693,0.6317066737008705,3791,1.8329871237277984,0.5775316455696202,632,1.8235383787855934,0.6116,0.9970086757377252,0.08324769817076735,,,0.99,,0.9900107286803723,0.00998927131962768,0.9978369316028038,0.09973691120915794,5,0.001,0.1,0.9836376937379676,0.9905843897633226,0.992897696677372,0.9942734638415878,0.9951832055517561,0.9960997826727058,0.9961323498218203,0.9960410483543382,0.9964259108046016,0.9949994077064299,0.9962479461017809,1.0
6,0,1.1513735407985137,0.6689797906014122,8214,1.6941493999126345,0.6457268078889701,1369,1.6985122769023664,0.637,0.9917636621743475,0.08276071533355847,,,0.99,,0.9900107286803723,0.00998927131962768,0.9984729431312496,0.09971503492644353,5,0.001,0.1,1.0,0.9952605449031885,0.9929347796146089,0.9913211812904619,0.9895332382180874,0.9885174715061916,0.9862885124203578,0.9869490524145652,0.9853064671290456,0.9836910313526745,0.9841279954497811,0.9833985133984146
6,1,1.2014554115753728,0.6543656829936112,6574,1.7024736983435496,0.6304744525547445,1096,1.6981064637248127,0.6365,0.9966150909539055,0.08327064177054502,,,0.99,,0.9900107286803723,0.00998927131962768,0.9984729431312496,0.09971503492644353,5,0.001,0.1,0.9952605449031885,1.0,0.9965117574381458,0.9957130491974082,0.9951608409305474,0.9934082998424402,0.9923589803874451,0.9921027334745718,0.9922719848267976,0.9906889314823514,0.9910663105239516,0.9907641889129859
6,2,1.2342748769739056,0.6602455472937921,5783,1.690898879881828,0.6545643153526971,964,1.6980925505153668,0.6364,0.9978384481171949,0.083420219456753,,,0.99,,0.9900107286803723,0.00998927131962768,0.9984729431312496,0.09971503492644353,5,0.001,0.1,0.9929347796146089,0.9965117574381458,1.0,0.9965594947213519,0.9959328941629907,0.9952065713998939,0.9947208347794481,0.9946296338801238,0.9941647365586276,0.9926383428386785,0.9934089611366421,0.9932024074679503
6,3,1.2710604618830854,0.6553054662379422,5287,1.688271586384092,0.6333711691259932,881,1.6980916619681703,0.6364,0.9982887961496167,0.08348767710326346,,,0.99,,0.9900107286803723,0.00998927131962768,0.9984729431312496,0.09971503492644353,5,0.001,0.1,0.9913211812904619,0.9957130491974082,0.9965594947213519,1.0,0.9969460999267568,0.9958889063976731,0.9952923639462257,0.9950320615693052,0.9954126138104017,0.9944858907497284,0.9946347868771416,0.9939928455934408
6,4,1.2948876870832136,0.6650455927051672,4935,1.6899389303647554,0.6496350364963503,822,1.698092072916488,0.6364,0.9983642029633002,0.08347682909467058,,,0.99,,0.9900107286803723,0.00998927131962768,0.9984729431312496,0.09971503492644353,5,0.001,0.1,0.9895332382180874,0.9951608409305474,0.9959328941629907,0.9969460999267568,1.0,0.9963881090331501,0.995859807130544,0.9954898197228019,0.9958658431154198,0.994462399693759,0.9956331029940668,0.9948952190802899
6,5,1.3084377445586741,0.6581101349903579,4667,1.706466736793518,0.6233933161953727,778,1.6980923848411145,0.6364,0.9984023701967017,0.0834733022141648,,,0.99,,0.9900107286803723,0.00998927131962768,0.9984729431312496,0.09971503492644353,5,0.001,0.1,0.9885174715061916,0.9934082998424402,0.9952065713998939,0.9958889063976731,0.9963881090331501,1.0,0.9969297747171941,0.9966551425290909,0.996110591453998,0.9955668004373697,0.9961378170276078,0.9958073138006107
6,6,1.32163706106799,0.6455423310128003,4453,1.7001181095838547,0.6536388140161725,742,1.6980929793641208,0.6364,0.997956898794239,0.08343000826871427,,,0.99,,0.9900107286803723,0.00998927131962768,0.9984729431312496,0.09971503492644353,5,0.001,0.1,0.9862885124203578,0.9923589803874451,0.9947208347794481,0.9952923639462257,0.995859807130544,0.9969297747171941,1.0,0.997107048720756,0.9948181737556246,0.9957540396301747,0.9965691988002148,0.9955735239341896
6,7,1.3276650715230116,0.6589198036006547,4277,1.6969518246858015,0.638148667601683,713,1.6980937886923646,0.6364,0.9979073747330421,0.08342174807224649,,,0.99,,0.9900107286803723,0.00998927131962768,0.9984729431312496,0.09971503492644353,5,0.001,0.1,0.9869490524145652,0.9921027334745718,0.9946296338801238,0.9950320615693052,0.9954898197228019,0.9966551425290909,0.997107048720756,1.0,0.9952928416763562,0.9962214796058815,0.9959111511377858,0.9952958429495911
6,8,1.3500350292829366,0.6548316783724872,4129,1.704882345416329,0.623546511627907,688,1.698104900293076,0.6365,0.997422498317815,0.08334615551804865,,,0.99,,0.9900107286803723,0.00998927131962768,0.9984729431312496,0.09971503492644353,5,0.001,0.1,0.9853064671290456,0.9922719848267976,0.9941647365586276,0.9954126138104017,0.9958658431154198,0.996110591453998,0.9948181737556246,0.9952928416763562,1.0,0.9946164060331526,0.9954014638178051,0.9956193362086805
6,9,1.3549141145414776,0.6490377405648587,4001,1.6997330983479817,0.6371814092953523,667,1.6981086833789325,0.6365,0.9969243021224603,0.08330300312194222,,,0.99,,0.9900107286803723,0.00998927131962768,0.9984729431312496,0.09971503492644353,5,0.001,0.1,0.9836910313526745,0.9906889314823514,0.9926383428386785,0.9944858907497284,0.994462399693759,0.9955668004373697,0.9957540396301747,0.9962214796058815,0.9946164060331526,1.0,0.9960187749095545,0.9947685721032514
6,10,1.3678158128847842,0.6503471329390589,3889,1.703431350844247,0.6296296296296297,648,1.6981086997559276,0.6365,0.9973674474595894,0.0833368585557244,,,0.99,,0.9900107286803723,0.00998927131962768,0.9984729431312496,0.09971503492644353,5,0.001,0.1,0.9841279954497811,0.9910663105239516,0.9934089611366421,0.9946347868771416,0.9956331029940668,0.9961378170276078,0.9965691988002148,0.9959111511377858,0.9954014638178051,0.9960187749095545,1.0,0.9953028640646395
