round,client_id,client_i_training_loss,client_i_training_accuracy,client_i_training_dataset_size,client_i_evaluation_loss,client_i_evaluation_accuracy,client_i_evaluation_dataset_size,client_i_central_evaluation_loss,client_i_central_evaluation_accuracy,client_i_cosine_similarity,client_i_importance_coefficient,client_i_tanh_val,tanh_normalization_value,client_i_q,client_i_mask_order,client_i_v_nonzero_fraction,client_i_v_sparsity,client_i_v_cosine_similarity,client_i_reward_gradient_norm,local_epochs,learning_rate,gamma,client_0_cosine_similarity,client_1_cosine_similarity,client_2_cosine_similarity,client_3_cosine_similarity,client_4_cosine_similarity,client_5_cosine_similarity,client_6_cosine_similarity,client_7_cosine_similarity,client_8_cosine_similarity,client_9_cosine_similarity,client_10_cosine_similarity,client_11_cosine_similarity
0,0,2.206425612502628,0.18692476260043828,6845,2.2963917038657446,0.13513513513513514,1369,2.298245279094841,0.1316,0.8894186857552578,0.07880816823952735,,,0.8,,0.8000115528708884,0.19998844712911157,0,0.14072590154831746,10,0.025,0.15,1.0,0.9139966680864415,0.8676905941742417,0.8509903850894996,0.8140169594879758,0.8001118857575886,0.7904234680179937,0.7741022193299287,0.7365553369053852,0.7716638882411246,0.7550580887479189,0.7094229599734391
0,1,2.2215384422346602,0.19039795545819643,5478,2.299533234702216,0.1322992700729927,1096,2.2982477145858957,0.1318,0.9295667673512615,0.08236554433200893,,,0.8786964349057433,,0.8787443679754419,0.12125563202455814,0,0.14074956201861205,10,0.025,0.15,0.9139966680864415,1.0,0.8977658798817525,0.903104020848912,0.8725727788699378,0.8468830551643648,0.8527254202237473,0.8392896490850906,0.7981374096407721,0.8364313881536888,0.7885110345111812,0.7740662541364218
0,2,2.2644575319792093,0.17315352697095435,4820,2.2965634167194366,0.12448132780082988,964,2.2982471804075604,0.1318,0.9566720952818996,0.08476724926350739,,,0.9318270600887057,,0.9318628179102507,0.06813718208974928,0,0.1407540278506962,10,0.025,0.15,0.8676905941742417,0.8977658798817525,1.0,0.934981965548231,0.929346581240962,0.9057015350780007,0.9037924363981561,0.8804454197948842,0.8642615445959183,0.880615708624031,0.8426157547308002,0.8269100294869965
0,3,2.2758648123059952,0.159328188833409,4406,2.2987416131155833,0.13393870601589103,881,2.2982470687431626,0.1318,0.965525951139735,0.08555175736209801,,,0.9491819837483793,,0.9492251324454127,0.050774867554587266,0,0.14075472376288697,10,0.025,0.15,0.8509903850894996,0.903104020848912,0.934981965548231,1.0,0.9272663087359578,0.8920221691847262,0.9307414281104052,0.9133542891836899,0.8937591819565087,0.92467044489057,0.8600867342594736,0.8480722189067075
0,4,2.2865247813138097,0.16133268482490273,4112,2.2971335479191373,0.12895377128953772,822,2.2982470747790757,0.1318,0.9710449126887429,0.08604077255508596,,,0.9599999999778779,,0.9600270667260814,0.0399729332739186,0,0.14075489313002007,10,0.025,0.15,0.8140169594879758,0.8725727788699378,0.929346581240962,0.9272663087359578,1.0,0.9556919615303666,0.9225936688426165,0.9400788511845388,0.9287628694503247,0.9011112255499363,0.9161770854876952,0.908695260508379
0,5,2.28524641067751,0.16983800462843918,3889,2.304324286324637,0.12339331619537275,778,2.298247183425517,0.1318,0.9544333125274236,0.08456887883258185,,,0.9274387004385836,,0.9274809790232873,0.0725190209767127,0,0.1407538435465291,10,0.025,0.15,0.8001118857575886,0.8468830551643648,0.9057015350780007,0.8920221691847262,0.9556919615303666,1.0,0.893500734450702,0.9262497328068573,0.917553556291879,0.8851135872971319,0.9301167305015763,0.8895863186914443
0,6,2.286739599293676,0.1633791430881164,3711,2.2977410157521567,0.14016172506738545,742,2.298247201533257,0.1318,0.9532175001476708,0.08446115010132646,,,0.9250555205705241,,0.9251043884405274,0.07489561155947255,0,0.14075375883530816,10,0.025,0.15,0.7904234680179937,0.8527254202237473,0.9037924363981561,0.9307414281104052,0.9225936688426165,0.893500734450702,1.0,0.9343383239266222,0.9235249373217866,0.9400057060782062,0.8680209912588672,0.8705288224038521
0,7,2.2909538183893474,0.14363075196408528,3564,2.2983182271321616,0.14446002805049088,713,2.298247192479387,0.1318,0.9545024475311591,0.08457500463485348,,,0.9275742157136578,,0.9276130118334406,0.07238698816655942,0,0.1407538641974678,10,0.025,0.15,0.7741022193299287,0.8392896490850906,0.8804454197948842,0.9133542891836899,0.9400788511845388,0.9262497328068573,0.9343383239266222,1.0,0.9358685400156856,0.9187265510901156,0.9222541673039913,0.9015009853833648
0,8,2.2909989604243526,0.13522231909328683,3441,2.2990225156148276,0.13953488372093023,688,2.2982476753524588,0.1318,0.9352839070592631,0.08287211937385716,,,0.889902910906394,,0.889934148635936,0.110065851364064,0,0.14075070621861724,10,0.025,0.15,0.7365553369053852,0.7981374096407721,0.8642615445959183,0.8937591819565087,0.9287628694503247,0.917553556291879,0.9235249373217866,0.9358685400156856,1.0,0.8909864103351665,0.9041619412693794,0.9092788338210169
0,9,2.2890080990614714,0.14274145170965807,3334,2.3000797828038535,0.10794602698650675,667,2.2982473705388324,0.1318,0.9405993979239428,0.08334310576648464,,,0.9003220931984308,,0.9003729926886831,0.0996270073113169,0,0.14075171134413253,10,0.025,0.15,0.7716638882411246,0.8364313881536888,0.880615708624031,0.92467044489057,0.9011112255499363,0.8851135872971319,0.9400057060782062,0.9187265510901156,0.8909864103351665,1.0,0.8844427460618866,0.877512600865216
0,10,2.2947782012132496,0.14890465905584696,3241,2.3010475635528564,0.1388888888888889,648,2.2982476572447186,0.1318,0.9261660483154592,0.08206421893576847,,,0.8720305008537317,,0.8720602069614299,0.12793979303857006,0,0.14074711183291572,10,0.025,0.15,0.7550580887479189,0.7885110345111812,0.8426157547308002,0.8600867342594736,0.9161770854876952,0.9301167305015763,0.8680209912588672,0.9222541673039913,0.9041619412693794,0.8844427460618866,1.0,0.9249027747084302
0,11,2.295482424736023,0.13991769547325103,3159,2.2977087020874025,0.13132911392405064,632,2.298248079758656,0.1318,0.9094382645271756,0.08058203060290017,,,0.8392414634780817,,0.8392830618408674,0.16071693815913257,0,0.14074060277088415,10,0.025,0.15,0.7094229599734391,0.7740662541364218,0.8269100294869965,0.8480722189067075,0.908695260508379,0.8895863186914443,0.8705288224038521,0.9015009853833648,0.9092788338210169,0.877512600865216,0.9249027747084302,1.0
1,0,2.066815518449854,0.252972972972973,6845,2.2849962277845903,0.17092768444119796,1369,2.286329694941074,0.1668,0.9092744200518394,0.07853327435496096,,,0.8,,0.8000115528708884,0.19998844712911157,0.8910210435600561,0.1455585658678885,10,0.025,0.15,1.0,0.946185736667603,0.918514329222008,0.9185944233946562,0.8891888988108304,0.8750428141746835,0.8684469992572215,0.8555055550880638,0.8458316697152076,0.8410649588580849,0.8354908321317791,0.8012271274467088
1,1,2.087920907763548,0.2504016064257028,5478,2.287829796473185,0.16149635036496351,1096,2.286319928833201,0.167,0.958240868481732,0.08233675575734305,,,0.8881435060732863,,0.8881847139014045,0.11181528609859548,0.8916378605853543,0.14560952849149797,10,0.025,0.15,0.946185736667603,1.0,0.9536143450529934,0.9564782092585171,0.9426845339859434,0.9315321670860507,0.9201273736844318,0.9166534092423935,0.9100613192752577,0.9101855254056572,0.9000461521137485,0.8735868253698357
1,2,2.1391315507261375,0.23230290456431535,4820,2.284172832965851,0.14937759336099585,964,2.286318564716774,0.1671,0.9784675321790033,0.08448587225933298,,,0.9379480518051808,,0.9379940915317456,0.06200590846825438,0.8917560885143312,0.14561794656704394,10,0.025,0.15,0.918514329222008,0.9536143450529934,1.0,0.9632078012096015,0.9644237779519538,0.9567834321361134,0.9562477054598373,0.948953364537255,0.9443788907440289,0.9391707576420592,0.9354997399600464,0.9129502578709819
1,3,2.1416290378570557,0.2332047208352247,4406,2.285993848528181,0.17366628830874006,881,2.2863184198548523,0.1671,0.9764367456496678,0.08490600566184149,,,0.9476844031101739,,0.9477315112805532,0.05226848871944678,0.8917595931911514,0.14561861539325802,10,0.025,0.15,0.9185944233946562,0.9564782092585171,0.9632078012096015,1.0,0.9601305403602044,0.9513378490804968,0.9513167578622063,0.9472566505132265,0.9413325931068336,0.9360410013986383,0.9384590630613887,0.9057252248676659
1,4,2.171896433469021,0.22726167315175097,4112,2.2845916066850935,0.17396593673965938,822,2.2863182236876667,0.1671,0.9834309905418186,0.08543743611801824,,,0.9599999999768255,,0.9600270667260814,0.0399729332739186,0.8917620655028542,0.14561911274125164,10,0.025,0.15,0.8891888988108304,0.9426845339859434,0.9644237779519538,0.9601305403602044,1.0,0.9699778333313871,0.9590317509454956,0.9598415264337469,0.9589560986058487,0.9526539606108493,0.9558466886336862,0.9374522508340181
1,5,2.1709237167912145,0.23417330933401903,3889,2.2908813612801686,0.15038560411311053,778,2.2863186009322543,0.1671,0.982025407997334,0.0844789815969046,,,0.9377883646445643,,0.937829050519054,0.062170949480946036,0.8917587302903982,0.14561794383649043,10,0.025,0.15,0.8750428141746835,0.9315321670860507,0.9567834321361134,0.9513378490804968,0.9699778333313871,1.0,0.9562473097286284,0.9662633883558062,0.9634944201114203,0.9595308118593,0.961524798829327,0.9422892018862368
1,6,2.1831459699005915,0.22268930207491242,3711,2.287185311317444,0.16172506738544473,742,2.28631854057312,0.1671,0.9811904757194212,0.0843849432479073,,,0.9356090796924216,,0.935634005050255,0.06436599494974504,0.891745630176111,0.1456167458794165,10,0.025,0.15,0.8684469992572215,0.9201273736844318,0.9562477054598373,0.9513167578622063,0.9590317509454956,0.9562473097286284,1.0,0.9685077528076829,0.9740196986577011,0.959235852881534,0.9638628896544416,0.9474143405570876
1,7,2.196863316638129,0.2064534231200898,3564,2.286347190539042,0.16269284712482468,713,2.2863186371477346,0.1671,0.9820824076585529,0.08448463966611355,,,0.9379194871623108,,0.9379693353798418,0.06203066462015816,0.8917585219754586,0.14561794656569177,10,0.025,0.15,0.8555055550880638,0.9166534092423935,0.948953364537255,0.9472566505132265,0.9598415264337469,0.9662633883558062,0.9685077528076829,1.0,0.974356385558547,0.9656553217168844,0.9741658008869918,0.9574519941838491
1,8,2.1880916599874145,0.2126126126126126,3441,2.286331057548523,0.18023255813953487,688,2.2863193071341215,0.1671,0.9808608897853086,0.08338897470270672,,,0.9125280783083453,,0.912577775577231,0.08742222442276903,0.8916898692676529,0.1456142281047769,10,0.025,0.15,0.8458316697152076,0.9100613192752577,0.9443788907440289,0.9413325931068336,0.9589560986058487,0.9634944201114203,0.9740196986577011,0.974356385558547,1.0,0.9682731433710021,0.9738091268561302,0.9663080729990632
1,9,2.1866774797439574,0.22159568086382722,3334,2.288308342297872,0.15142428785607195,667,2.286318923853621,0.1671,0.9758202592102354,0.0835165043990971,,,0.9154835060807197,,0.9155320097044115,0.08446799029558849,0.8917006185228419,0.14561457621699936,10,0.025,0.15,0.8410649588580849,0.9101855254056572,0.9391707576420592,0.9360410013986383,0.9526539606108493,0.9595308118593,0.959235852881534,0.9656553217168844,0.9682731433710021,1.0,0.9689922486203416,0.9614498697030522
1,10,2.2102726523692793,0.2115396482567109,3241,2.28876785437266,0.19444444444444445,648,2.2863196541991413,0.1671,0.9771446103496031,0.08276679925429686,,,0.8981095181489036,,0.8981366869667112,0.10186331303328877,0.8916415600792859,0.14561151421028243,10,0.025,0.15,0.8354908321317791,0.9000461521137485,0.9354997399600464,0.9384590630613887,0.9558466886336862,0.961524798829327,0.9638628896544416,0.9741658008869918,0.9738091268561302,0.9689922486203416,1.0,0.9700296529064618
1,11,2.2145142607688904,0.21145932257043368,3159,2.286392402648926,0.1819620253164557,632,2.2863228773768944,0.1671,0.9597379218083286,0.08127981298147718,,,0.8636494617681657,,0.8636843755673285,0.13631562443267153,0.8915076842528289,0.14559979355824834,10,0.025,0.15,0.8012271274467088,0.8735868253698357,0.9129502578709819,0.9057252248676659,0.9374522508340181,0.9422892018862368,0.9474143405570876,0.9574519941838491,0.9663080729990632,0.9614498697030522,0.9700296529064618,1.0
2,0,1.9904569464701194,0.28280496712929143,6845,2.2675849307667124,0.22571219868517164,1369,2.2682254857654813,0.2214,0.915928929496024,0.07859269707577556,,,0.8,,0.8000115528708884,0.19998844712911157,0.9639230870033247,0.14546553341279375,10,0.025,0.15,1.0,0.9401727850216612,0.9196769947591289,0.9203007465907825,0.8952238923658162,0.879070557089181,0.8694462022305881,0.8674329812253062,0.8556179125262138,0.8580546601758834,0.8444324369527858,0.8201933610721424
2,1,2.0099004934000413,0.2780759401241329,5478,2.2700674533843994,0.21441605839416059,1096,2.2681845894342736,0.2214,0.9611991220530438,0.08242876989813192,,,0.8960529750824378,,0.8960984304599693,0.10390156954003071,0.9646095126537616,0.14553648130063454,10,0.025,0.15,0.9401727850216612,1.0,0.9490215871415588,0.9540516884447067,0.9430246361651715,0.9264935201550212,0.9201273495988723,0.9225155488379773,0.9179701047341331,0.9212912312819125,0.905861649623971,0.8911686751635691
2,2,2.056680852174759,0.2604979253112033,4820,2.265653908252716,0.20850622406639005,964,2.2681795041772386,0.2222,0.9760546152260273,0.08424630084877513,,,0.9415628658478729,,0.9416084897096929,0.05839151029030709,0.9647246939898313,0.14554766599648356,10,0.025,0.15,0.9196769947591289,0.9490215871415588,1.0,0.9580210162433584,0.9552941628545881,0.9498055268377222,0.9474397663299298,0.9467221899254658,0.9422889124477587,0.9395819122642849,0.9315265129848866,0.9223022530123725
2,3,2.045105060849871,0.26965501588742624,4406,2.266735417502267,0.23155505107832008,881,2.2681789126577256,0.2222,0.9779827097703165,0.08456975736914767,,,0.94966202416169,,0.9496954993315839,0.050304500668416074,0.9647281746946438,0.14554823935427655,10,0.025,0.15,0.9203007465907825,0.9540516884447067,0.9580210162433584,1.0,0.9557410040441359,0.9486958415179448,0.9478519217749253,0.9497815283470732,0.9436924583621711,0.941756802216471,0.9408281276100107,0.9233342004322204
2,4,2.0866525397156224,0.25625,4112,2.265371016093663,0.21654501216545013,822,2.2681783543357366,0.2222,0.9805357153456707,0.08498262566418412,,,0.9599999999749605,,0.9600270667260814,0.0399729332739186,0.964725984853298,0.14554874335257495,10,0.025,0.15,0.8952238923658162,0.9430246361651715,0.9552941628545881,0.9557410040441359,1.0,0.9595612825190174,0.9497074324383518,0.954907242379603,0.9547808826834192,0.9516956248137378,0.948953403618952,0.943347506346662
2,5,2.0813051312200486,0.2660066855232708,3889,2.270765713282994,0.20822622107969152,778,2.2681796399852896,0.2222,0.9774430733310355,0.08428734345619189,,,0.9425905482538337,,0.9426482480896503,0.05735175191034969,0.9647233177472584,0.14554777524683174,10,0.025,0.15,0.879070557089181,0.9264935201550212,0.9498055268377222,0.9486958415179448,0.9595612825190174,1.0,0.9505040700660813,0.9567031203022903,0.9573908588970137,0.9546679941280082,0.95205001062191,0.9407433424474393
2,6,2.0924820435458216,0.2577472379412557,3711,2.2708932558695474,0.21159029649595687,742,2.2681796822366835,0.2221,0.9775562233521546,0.08423272231123521,,,0.9412228673680796,,0.941270155633675,0.058729844366325,0.964711670148109,0.14554765606457432,10,0.025,0.15,0.8694462022305881,0.9201273495988723,0.9474397663299298,0.9478519217749253,0.9497074324383518,0.9505040700660813,1.0,0.9616107208037065,0.9682552802583135,0.9534443859515791,0.9581780541333802,0.9503677143027173
2,7,2.103765316946166,0.2441638608305275,3564,2.268267830212911,0.21458625525946703,713,2.268179799936995,0.2222,0.979766938907908,0.08436669685608866,,,0.9445775100493894,,0.9446287402419501,0.05537125975804991,0.9647208398002965,0.1455479025923084,10,0.025,0.15,0.8674329812253062,0.9225155488379773,0.9467221899254658,0.9497815283470732,0.954907242379603,0.9567031203022903,0.9616107208037065,1.0,0.9646016407845208,0.9609463571629178,0.9656167296467648,0.9515249676093078
2,8,2.095881168489103,0.24818366753850624,3441,2.2668739557266235,0.23982558139534885,688,2.2681798934936523,0.2219,0.979103648093502,0.0836656167168921,,,0.9270228815896319,,0.9270601244409236,0.07293987555907644,0.9647146324461838,0.14554281394794344,10,0.025,0.15,0.8556179125262138,0.9179701047341331,0.9422889124477587,0.9436924583621711,0.9547808826834192,0.9573908588970137,0.9682552802583135,0.9646016407845208,1.0,0.9604676475947663,0.9638786733039382,0.9658542981517046
2,9,2.098761981063419,0.26094781043791243,3334,2.2703095277150473,0.22788605697151423,667,2.26817965809303,0.222,0.9756984064504078,0.08363356106413622,,,0.9262202271672582,,0.9262679275800036,0.07373207241999635,0.9647112486031568,0.14554271648754621,10,0.025,0.15,0.8580546601758834,0.9212912312819125,0.9395819122642849,0.941756802216471,0.9516956248137378,0.9546679941280082,0.9534443859515791,0.9609463571629178,0.9604676475947663,1.0,0.9588126609059658,0.9546651017413356
2,10,2.1111435683873983,0.2470842332613391,3241,2.270012100537618,0.24074074074074073,648,2.2681817163394977,0.2217,0.9738289291091778,0.08310764713211768,,,0.9130516560407451,,0.913089402716575,0.08691059728342498,0.9646514384390157,0.14554073758754202,10,0.025,0.15,0.8444324369527858,0.905861649623971,0.9315265129848866,0.9408281276100107,0.948953403618952,0.95205001062191,0.9581780541333802,0.9656167296467648,0.9638786733039382,0.9588126609059658,1.0,0.9631972976215045
2,11,2.1232212390899656,0.24245014245014246,3159,2.269147777557373,0.23417721518987342,632,2.268194171446788,0.2214,0.9646587125807826,0.08188626160732379,,,0.8824688911111123,,0.8825155551154462,0.11748444488455378,0.9644949210451298,0.14553238414198488,10,0.025,0.15,0.8201933610721424,0.8911686751635691,0.9223022530123725,0.9233342004322204,0.943347506346662,0.9407433424474393,0.9503677143027173,0.9515249676093078,0.9658542981517046,0.9546651017413356,0.9631972976215045,1.0
3,0,1.9386680199040307,0.30074506939371803,6845,2.2442819638685747,0.252008765522279,1369,2.243868341928796,0.2534,0.9163840964714236,0.0787516267067614,,,0.8,,0.8000115528708884,0.19998844712911157,0.9833978727687998,0.14492586989219328,10,0.025,0.15,1.0,0.9353922352229782,0.915402991605894,0.9155019866388512,0.8874967105852734,0.8805101077315893,0.8686136873433232,0.8659890517211991,0.851978562443519,0.8560785536570195,0.8417164309825442,0.8186939900933922
3,1,1.957859194833179,0.2974808324205915,5478,2.2461783621046276,0.24543795620437955,1096,2.2437852424911306,0.2537,0.959258153932014,0.08253485743261195,,,0.9029679529427217,,0.9029971447904804,0.09700285520951957,0.9838836152234822,0.1450095403434957,10,0.025,0.15,0.9353922352229782,1.0,0.9456713482263807,0.9471899772843534,0.9313574396796924,0.9222204981941929,0.916261703980364,0.9182271271570956,0.9128819589872695,0.9157813156155766,0.8991307488792726,0.885245206187375
3,2,2.0037210596235173,0.28195020746887967,4820,2.2404800355434418,0.2520746887966805,964,2.243774293344232,0.2538,0.9728650435515017,0.08410816014554488,,,0.9457884340207068,,0.9458335396345992,0.05416646036540085,0.9840160394419423,0.14502072359265922,10,0.025,0.15,0.915402991605894,0.9456713482263807,1.0,0.9532904027699655,0.946643238406343,0.9407790234483466,0.9389806211307905,0.9405268949032641,0.933923992761213,0.9336974408983068,0.9213006524410006,0.9139681930007831
3,3,1.9827045965194703,0.2902405810258738,4406,2.2408105986458913,0.2656072644721907,881,2.243773345705829,0.2538,0.9758297237331355,0.08440590321611406,,,0.9538920884634308,,0.9539370533577594,0.04606294664224064,0.9840200015831345,0.14502128454921018,10,0.025,0.15,0.9155019866388512,0.9471899772843534,0.9532904027699655,1.0,0.9440597146183507,0.9441200281297623,0.9431487951793102,0.944442259336922,0.9388787665082898,0.9363154346505896,0.9325447908031542,0.9189359080781017
3,4,2.0307683204159592,0.274829766536965,4112,2.239489419119699,0.2664233576642336,822,2.243772349780119,0.2538,0.9748519103948744,0.08463031904485072,,,0.9599999999727831,,0.9600270667260814,0.0399729332739186,0.9840250846480767,0.14502159718928617,10,0.025,0.15,0.8874967105852734,0.9313574396796924,0.946643238406343,0.9440597146183507,1.0,0.9503674888737896,0.9439499952675057,0.9433519373391195,0.9439605138261454,0.9407646530024273,0.9388138399380258,0.934533703596486
3,5,2.0175510814113,0.2890717408074055,3889,2.2440246854509627,0.2390745501285347,778,2.2437747762173035,0.2538,0.973520681830091,0.08415507321151341,,,0.947065263989347,,0.9471126074829596,0.052887392517040444,0.9840102900401223,0.1450208357857267,10,0.025,0.15,0.8805101077315893,0.9222204981941929,0.9407790234483466,0.9441200281297623,0.9503674888737896,1.0,0.9417556916373747,0.9482184656235049,0.9473455992488496,0.9436759218456894,0.9421430774377152,0.9285438798223129
3,6,2.03101043331212,0.27930476960388034,3711,2.2485934495925903,0.25471698113207547,742,2.243775120264367,0.2538,0.974997068394389,0.08416940696704976,,,0.9474553849131051,,0.9474922018121503,0.052507798187849675,0.9840086866045206,0.1450208449245234,10,0.025,0.15,0.8686136873433232,0.916261703980364,0.9389806211307905,0.9431487951793102,0.9439499952675057,0.9417556916373747,1.0,0.954887383406329,0.9602965316547627,0.9439549453259812,0.9502852149402674,0.9442919615917157
3,7,2.037548193335533,0.2689955106621773,3564,2.24432905515035,0.23562412342215988,713,2.2437746464451656,0.2538,0.9759888247587302,0.08428501152337377,,,0.950601786858458,,0.9506444851545609,0.0493555148454391,0.9840157979178514,0.1450210734312553,10,0.025,0.15,0.8659890517211991,0.9182271271570956,0.9405268949032641,0.944442259336922,0.9433519373391195,0.9482184656235049,0.954887383406329,1.0,0.9537923505972746,0.948742800425201,0.9551177342772478,0.9443608581208945
3,8,2.034512255809925,0.2687300203429236,3441,2.2404570976893106,0.2616279069767442,688,2.2437749784204026,0.2537,0.9748617628858472,0.08381283797840074,,,0.9377506691543822,,0.9378042943671502,0.06219570563284982,0.9839626840470327,0.14502004268819463,10,0.025,0.15,0.851978562443519,0.9128819589872695,0.933923992761213,0.9388787665082898,0.9439605138261454,0.9473455992488496,0.9602965316547627,0.9537923505972746,1.0,0.9533624020382359,0.9507134874570488,0.9572705247859001
3,9,2.032071767029939,0.27879424115176965,3334,2.2463425397872925,0.2653673163418291,667,2.243776487398751,0.2538,0.9709843170467176,0.08366621082854846,,,0.9337599272303034,,0.9338020498093776,0.06619795019062236,0.9839209952049358,0.14501500699717823,10,0.025,0.15,0.8560785536570195,0.9157813156155766,0.9336974408983068,0.9363154346505896,0.9407646530024273,0.9436759218456894,0.9439549453259812,0.948742800425201,0.9533624020382359,1.0,0.9452114965645386,0.9422257012890307
3,10,2.045277077418107,0.2697315643319963,3241,2.244946519533793,0.25925925925925924,648,2.243780519388899,0.2537,0.9680801683249763,0.08324472912988429,,,0.9222884863219476,,0.9223234473766732,0.07767655262332684,0.9839204550836649,0.1450134619771919,10,0.025,0.15,0.8417164309825442,0.8991307488792726,0.9213006524410006,0.9325447908031542,0.9388138399380258,0.9421430774377152,0.9502852149402674,0.9551177342772478,0.9507134874570488,0.9452114965645386,1.0,0.9487116297714449
3,11,2.0578430757522583,0.2666033554922444,3159,2.2461872577667235,0.254746835443038,632,2.2438011169433594,0.2539,0.9604171931121475,0.08223586381534666,,,0.8948302624491489,,0.8948606228647819,0.10513937713521815,0.9838551347245235,0.14500727178619607,10,0.025,0.15,0.8186939900933922,0.885245206187375,0.9139681930007831,0.9189359080781017,0.934533703596486,0.9285438798223129,0.9442919615917157,0.9443608581208945,0.9572705247859001,0.9422257012890307,0.9487116297714449,1.0
4,0,1.8955268658973552,0.31735573411249085,6845,2.2155192548578437,0.26369612856099345,1369,2.213840333721306,0.2738,0.9182060706243799,0.07901472862723617,,,0.8,,0.8000115528708884,0.19998844712911157,0.9882158136761058,0.14440606614961737,10,0.025,0.15,1.0,0.9284994607449267,0.916181369389958,0.9121117473400545,0.8867244095903344,0.8814518246381201,0.873445993912317,0.8641487671027902,0.8553157515618837,0.8442694651001481,0.8406379871988393,0.8182235727373073
4,1,1.9119243000828943,0.31117196056955093,5478,2.2167970869276257,0.26733576642335766,1096,2.213674973837937,0.2741,0.9548516753084957,0.08256630319402908,,,0.904083228029568,,0.9041194236767837,0.09588057632321634,0.9889858987556878,0.14449470289072855,10,0.025,0.15,0.9284994607449267,1.0,0.9393472626759888,0.9413501197201869,0.9247109807689962,0.9162947268220617,0.9099757949164713,0.9086261841136052,0.9079652521712103,0.8974107956630124,0.8882041069917064,0.8769375266864705
4,2,1.9593917316512057,0.298402489626556,4820,2.209304302930832,0.27800829875518673,964,2.2136520705645597,0.2745,0.9692327174425693,0.08401517486933989,,,0.9465441810888003,,0.9465927282929808,0.0534072717070192,0.9890512362662454,0.1445073975075433,10,0.025,0.15,0.916181369389958,0.9393472626759888,1.0,0.9479470358202221,0.9412911742071733,0.9344273706221828,0.9315147289476817,0.9326964590213388,0.9268866714612622,0.9198086903201179,0.9099738256330792,0.902833839750847
4,3,1.9318567824363708,0.30855651384475713,4406,2.2090140751429965,0.29284903518728717,881,2.213650721537916,0.2745,0.9732031509479308,0.08433023906450227,,,0.9557775219218073,,0.9558102688518096,0.04418973114819036,0.9890550419364856,0.1445081392060272,10,0.025,0.15,0.9121117473400545,0.9413501197201869,0.9479470358202221,1.0,0.9405242037208491,0.937430433136641,0.9382702937136024,0.93854054941701,0.934218652744169,0.9231683677068656,0.9230102432471219,0.9117711408157338
4,4,1.9861787488966278,0.28708657587548636,4112,2.2076898642948697,0.291970802919708,822,2.213650120964533,0.2745,0.973342003990647,0.08447432035340124,,,0.9599999999706937,,0.9600270667260814,0.0399729332739186,0.9890543164204196,0.14450839696248058,10,0.025,0.15,0.8867244095903344,0.9247109807689962,0.9412911742071733,0.9405242037208491,1.0,0.9437152703263278,0.9407586167005576,0.9388836946459119,0.9419011438046541,0.9326949925251666,0.9286051449844233,0.9285385323886542
4,5,1.9702957837812363,0.3029313448187195,3889,2.211751256670271,0.2699228791773779,778,2.213652616814722,0.2745,0.9700728968256016,0.0840718395718407,,,0.9482048093652734,,0.9482431384198974,0.05175686158010262,0.9890584765951471,0.14450754861363274,10,0.025,0.15,0.8814518246381201,0.9162947268220617,0.9344273706221828,0.937430433136641,0.9437152703263278,1.0,0.9339674260422594,0.9372506819607493,0.9405204178118252,0.9370395590893049,0.931674684659903,0.9167621156932363
4,6,1.9813885701113734,0.29768256534626786,3711,2.2203696171442666,0.2722371967654987,742,2.213652915592435,0.2745,0.9723082264839805,0.08415390377281783,,,0.9506098009493528,,0.9506527372051955,0.0493472627948045,0.989055492860075,0.1445077624027098,10,0.025,0.15,0.873445993912317,0.9099757949164713,0.9315147289476817,0.9382702937136024,0.9407586167005576,0.9339674260422594,1.0,0.9455023779528267,0.953373400993573,0.9348720784232032,0.9405975333386417,0.9337218523268609
4,7,1.9868868810789926,0.28597081930415263,3564,2.215149680773417,0.2552594670406732,713,2.2136519830438157,0.2745,0.9714472586578969,0.08419760897897494,,,0.9518906353660259,,0.9519400571041904,0.048059942895809615,0.9890529181773475,0.14450789174510456,10,0.025,0.15,0.8641487671027902,0.9086261841136052,0.9326964590213388,0.93854054941701,0.9388836946459119,0.9372506819607493,0.9455023779528267,1.0,0.9436251095748188,0.9394014315425945,0.9425592279513959,0.9342417628825089
4,8,1.9847122108494795,0.2879976750944493,3441,2.207921346028646,0.27180232558139533,688,2.2136540382723267,0.2744,0.9723562552804197,0.08393376804289289,,,0.944158454667773,,0.944216137710221,0.05578386228977905,0.9890434703826241,0.144507156196554,10,0.025,0.15,0.8553157515618837,0.9079652521712103,0.9268866714612622,0.934218652744169,0.9419011438046541,0.9405204178118252,0.953373400993573,0.9436251095748188,1.0,0.9432314817077028,0.9424768072917739,0.9463937978394305
4,9,1.9845901008005495,0.2934613077384523,3334,2.2169081767400107,0.27586206896551724,667,2.213660071167765,0.2745,0.9644836735537433,0.08358496587455296,,,0.9339363813473989,,0.9339753428727039,0.0660246571272961,0.9890422855115405,0.1445011138486787,10,0.025,0.15,0.8442694651001481,0.8974107956630124,0.9198086903201179,0.9231683677068656,0.9326949925251666,0.9370395590893049,0.9348720784232032,0.9394014315425945,0.9432314817077028,1.0,0.9370705359510096,0.935793810458398
4,10,1.9932613051854646,0.28444924406047517,3241,2.214219013849894,0.27314814814814814,648,2.213667211653311,0.2743,0.9624023852971471,0.08325478624930704,,,0.9242600643846326,,0.9242956874783383,0.07570431252166165,0.9890253513372912,0.14449958524750364,10,0.025,0.15,0.8406379871988393,0.8882041069917064,0.9099738256330792,0.9230102432471219,0.9286051449844233,0.931674684659903,0.9405975333386417,0.9425592279513959,0.9424768072917739,0.9370705359510096,1.0,0.9360444621339429
4,11,2.0094023900032045,0.2830326052548275,3159,2.2178656101226806,0.2911392405063291,632,2.2136968449701238,0.2741,0.9555229143016328,0.08240236140110507,,,0.8992787136668317,,0.899308478156822,0.10069152184317798,0.9889731896323508,0.14449337835914744,10,0.025,0.15,0.8182235727373073,0.8769375266864705,0.902833839750847,0.9117711408157338,0.9285385323886542,0.9167621156932363,0.9337218523268609,0.9342417628825089,0.9463937978394305,0.935793810458398,0.9360444621339429,1.0
5,0,1.8584043584488057,0.3277136596055515,6845,2.1820781230926514,0.2856099342585829,1369,2.179109184047844,0.2926,0.9211586440880927,0.07935899559819364,,,0.8,,0.8000115528708884,0.19998844712911157,0.9900301372669104,0.14399860834929873,10,0.025,0.15,1.0,0.9254999062394005,0.9141378733981073,0.9082055209993536,0.8844145618537216,0.880254400949776,0.8791256630994789,0.8638817517484395,0.8592702671362852,0.8466707879008599,0.842522338566148,0.8206265912234737
5,1,1.873837644277617,0.32360350492880613,5478,2.182780901590983,0.28832116788321166,1096,2.178827101671243,0.293,0.9555878804938834,0.08269753570076503,,,0.9079690301331186,,0.9080226436269413,0.0919773563730587,0.9905357401831797,0.14408892375204713,10,0.025,0.15,0.9254999062394005,1.0,0.9358991943016729,0.9377043875478471,0.9216697024482476,0.9139965337435012,0.9100412896534958,0.9043562617283956,0.9080237919945806,0.8976238657412585,0.8861192876163586,0.8754778466565096
5,2,1.9210048123409873,0.31348547717842323,4820,2.1732062995433807,0.29564315352697096,964,2.1787893138354337,0.2936,0.9668007897744608,0.08396670486672184,,,0.9490142054831681,,0.9490600914327211,0.050939908567278924,0.9906740559392494,0.1440959886023224,10,0.025,0.15,0.9141378733981073,0.9358991943016729,1.0,0.9426917973746184,0.9347361060420635,0.9257321773607204,0.9274661915260964,0.9242416762228921,0.9222751091185925,0.9143854733074875,0.9039861248306578,0.8978097561841587
5,3,1.8916571831703186,0.3203359055832955,4406,2.1723738397870744,0.3132803632236095,881,2.1787879195394395,0.2934,0.9709194762883312,0.08429774122217892,,,0.959719984997386,,0.9597630011057748,0.04023699889422516,0.9906835297357184,0.14409663592275918,10,0.025,0.15,0.9082055209993536,0.9377043875478471,0.9426917973746184,1.0,0.933872015485682,0.9301311966359304,0.9327141725113609,0.9321848281039748,0.9300314405826746,0.9175015324016164,0.9167282498966591,0.908472839970985
5,4,1.9478784882661069,0.3019455252918288,4112,2.171070405415126,0.3223844282238443,822,2.1787871650502653,0.2934,0.9684462306307001,0.08430639964215757,,,0.9599999999676597,,0.9600270667260814,0.0399729332739186,0.9906882090853052,0.14409663944983414,10,0.025,0.15,0.8844145618537216,0.9216697024482476,0.9347361060420635,0.933872015485682,1.0,0.9351683964984097,0.9318816492131573,0.928601297371236,0.9342288411364625,0.9178654936054503,0.918358657733849,0.9195956224197528
5,5,1.9277323430584323,0.3171252249935716,3889,2.174753359385899,0.2802056555269923,778,2.178789703151848,0.2936,0.9667741493494231,0.08400110246512923,,,0.9501266304428367,,0.9501823703190243,0.049817629680975695,0.9906792544846611,0.14409610679713525,10,0.025,0.15,0.880254400949776,0.9139965337435012,0.9257321773607204,0.9301311966359304,0.9351683964984097,1.0,0.9291863448268234,0.9288855275087753,0.9352214555394994,0.9267306416532096,0.9246059436843573,0.9112519974665233
5,6,1.941127796008669,0.30986257073565077,3711,2.1874126195907593,0.2884097035040431,742,2.1787902856174903,0.2935,0.9689475503376839,0.08412338298521069,,,0.9540812060213055,,0.9541268505223548,0.0458731494776452,0.9906857673119882,0.14409634070010807,10,0.025,0.15,0.8791256630994789,0.9100412896534958,0.9274661915260964,0.9327141725113609,0.9318816492131573,0.9291863448268234,1.0,0.9355178461820015,0.9447716340356059,0.9210404056721103,0.9312714973012838,0.9230554399666998
5,7,1.9419841072389057,0.30030864197530865,3564,2.181418299674988,0.27349228611500703,713,2.1787893168533903,0.2936,0.9665070479923128,0.08407063605623041,,,0.9523753601756575,,0.9524104239903616,0.047589576009638423,0.9906846189246494,0.14409623906106003,10,0.025,0.15,0.8638817517484395,0.9043562617283956,0.9242416762228921,0.9321848281039748,0.928601297371236,0.9288855275087753,0.9355178461820015,1.0,0.9338505231463166,0.928337844420738,0.929951229413253,0.9274382818327291
5,8,1.945151733027564,0.301453065969195,3441,2.1707431077957153,0.28488372093023256,688,2.178792763359939,0.2934,0.969714797189308,0.08401149683419325,,,0.9504627863409859,,0.950504200293773,0.04949579970622697,0.9906770310153908,0.14409611422775212,10,0.025,0.15,0.8592702671362852,0.9080237919945806,0.9222751091185925,0.9300314405826746,0.9342288411364625,0.9352214555394994,0.9447716340356059,0.9338505231463166,1.0,0.9361248189437882,0.9319963340008363,0.938353202502324
5,9,1.9362290174872787,0.3092981403719256,3334,2.18282941977183,0.3058470764617691,667,2.178805094731005,0.2933,0.9596394703335069,0.08346432132023919,,,0.9327670247987755,,0.9328035516825931,0.0671964483174069,0.9906063225687307,0.14409370488158849,10,0.025,0.15,0.8466707879008599,0.8976238657412585,0.9143854733074875,0.9175015324016164,0.9178654936054503,0.9267306416532096,0.9210404056721103,0.928337844420738,0.9361248189437882,1.0,0.9270888230355261,0.9247986989315412
5,10,1.9524174777361063,0.2959271829682197,3241,2.1786561012268066,0.2916666666666667,648,2.178817073001137,0.2934,0.9581283808072508,0.08320930130828634,,,0.9245196284790853,,0.9245515010480104,0.07544849895198957,0.9905844398237514,0.14409242501728517,10,0.025,0.15,0.842522338566148,0.8861192876163586,0.9039861248306578,0.9167282498966591,0.918358657733849,0.9246059436843573,0.9312714973012838,0.929951229413253,0.9319963340008363,0.9270888230355261,1.0,0.9281444472764047
5,11,1.9645813698768615,0.29626464070908515,3159,2.1849133014678954,0.2927215189873418,632,2.178852488722982,0.2932,0.952440444558119,0.08249238200069384,,,0.9013343199471162,,0.9013879949167368,0.09861200508326318,0.9905274766443762,0.1440870340745772,10,0.025,0.15,0.8206265912234737,0.8754778466565096,0.8978097561841587,0.908472839970985,0.9195956224197528,0.9112519974665233,0.9230554399666998,0.9274382818327291,0.938353202502324,0.9247986989315412,0.9281444472764047,1.0
6,0,1.8275161827052082,0.3384660336011687,6845,2.1452775218270044,0.28780131482834187,1369,2.1406132390227497,0.3075,0.9277918419926513,0.07987342370675111,,,0.8,,0.8000115528708884,0.19998844712911157,0.990694145495893,0.14358363800379517,10,0.025,0.15,1.0,0.9218444166688512,0.9158177378542105,0.9071848840381431,0.8867539268034725,0.8862971166109351,0.8836116002451957,0.8704583321513153,0.8668266632783002,0.847916632476288,0.8510953381270204,0.8325840138960572
6,1,1.8418194759723752,0.3333333333333333,5478,2.1451001697116427,0.29744525547445255,1096,2.1402193443684636,0.308,0.9548167221118997,0.08283987295485634,,,0.907518866489392,,0.9075687808420393,0.09243121915796071,0.9912059693783837,0.14368213496802174,10,0.025,0.15,0.9218444166688512,1.0,0.9327188759845557,0.9317256104284669,0.9181419724072284,0.91268647350688,0.9057741995144896,0.9017301404028955,0.9072060585897006,0.8878381809594981,0.8821189873404267,0.8747406122863337
6,2,1.8881331898664173,0.3219917012448133,4820,2.133516877889633,0.3132780082987552,964,2.1401584993434857,0.3081,0.9640447728398471,0.08393329835306619,,,0.9471500381608193,,0.9471951279893054,0.052804872010694615,0.9912926820765885,0.14369141674212577,10,0.025,0.15,0.9158177378542105,0.9327188759845557,1.0,0.9365779718679821,0.9259186433674548,0.9214827400207778,0.9227235602426845,0.9178139059579434,0.9179478490361636,0.9012956600654615,0.8974450572407068,0.891110937513764
6,3,1.856541610104697,0.33150249659555153,4406,2.1317215987614224,0.3280363223609535,881,2.140153121344651,0.3081,0.9685659365745937,0.08428782924399834,,,0.959999999963755,,0.9600270667260814,0.0399729332739186,0.9913052080120789,0.14369234381828258,10,0.025,0.15,0.9071848840381431,0.9317256104284669,0.9365779718679821,1.0,0.9259269030040165,0.9269468098883072,0.9289569124437224,0.9279894930040712,0.9260969215002599,0.9064017896273201,0.9112865057490263,0.9029332328153845
6,4,1.9122253952604351,0.3084387159533074,4112,2.130191905157907,0.3418491484184915,822,2.1401540237137033,0.3081,0.964886630268057,0.0841725651014119,,,0.955822254477065,,0.9558515291049826,0.04414847089501739,0.991302262306795,0.14369207425188507,10,0.025,0.15,0.8867539268034725,0.9181419724072284,0.9259186433674548,0.9259269030040165,1.0,0.9288410528090938,0.925383634309965,0.9202750013830141,0.9266496511948559,0.9123346552958398,0.9070108885944071,0.9116454226602743
6,5,1.8926993396974379,0.3240164566726665,3889,2.133725711277553,0.31362467866323906,778,2.1401587196543246,0.3081,0.9643564175175031,0.08396495106641706,,,0.948297289833159,,0.9483339109768778,0.0516660890231222,0.991290010195984,0.14369149731827247,10,0.025,0.15,0.8862971166109351,0.91268647350688,0.9214827400207778,0.9269468098883072,0.9288410528090938,1.0,0.9219214470153309,0.9217567910553892,0.9268718133159972,0.9186554742745604,0.9155989875691434,0.9018693118156117
6,6,1.903070985859838,0.32611156022635407,3711,2.1504212617874146,0.3018867924528302,742,2.140158426912525,0.308,0.9658584464823466,0.08409039978847668,,,0.9528441751058494,,0.952897294977802,0.047102705022198044,0.9912972030495127,0.14369188643958217,10,0.025,0.15,0.8836116002451957,0.9057741995144896,0.9227235602426845,0.9289569124437224,0.925383634309965,0.9219214470153309,1.0,0.9273113347371698,0.9378771331219438,0.9083018774693122,0.9240170877754523,0.9140409393833986
6,7,1.9050143037523541,0.3111672278338945,3564,2.144368569056193,0.2762973352033661,713,2.140158227727383,0.3082,0.9626407247290789,0.0839520120541547,,,0.9478283157110398,,0.9478800481919757,0.05211995180802431,0.991289791067622,0.14369148531244097,10,0.025,0.15,0.8704583321513153,0.9017301404028955,0.9178139059579434,0.9279894930040712,0.9202750013830141,0.9217567910553892,0.9273113347371698,1.0,0.9239782236870914,0.9162697932782603,0.9182052533304971,0.9167590100546579
6,8,1.909755434371807,0.3139784946236559,3441,2.12980047861735,0.30523255813953487,688,2.140163294876678,0.3081,0.9659864481747167,0.08402488283179378,,,0.9504695149214961,,0.9505207043950422,0.049479295604957785,0.9912974913504601,0.14369169548569943,10,0.025,0.15,0.8668266632783002,0.9072060585897006,0.9179478490361636,0.9260969215002599,0.9266496511948559,0.9268718133159972,0.9378771331219438,0.9239782236870914,1.0,0.9200905829289412,0.9214608557850898,0.9258202011141929
6,9,1.9011054043416624,0.3234253149370126,3334,2.144904375076294,0.32083958020989506,667,2.1401895299742493,0.308,0.9523988665865017,0.08323835488047487,,,0.9219618322628266,,0.9220098694525589,0.07799013054744108,0.9912417043351825,0.14368559631730193,10,0.025,0.15,0.847916632476288,0.8878381809594981,0.9012956600654615,0.9064017896273201,0.9123346552958398,0.9186554742745604,0.9083018774693122,0.9162697932782603,0.9200905829289412,1.0,0.9108598001265847,0.914951924179661
