round,client_id,client_i_training_loss,client_i_training_accuracy,client_i_training_dataset_size,client_i_evaluation_loss,client_i_evaluation_accuracy,client_i_evaluation_dataset_size,client_i_central_evaluation_loss,client_i_central_evaluation_accuracy,client_i_cosine_similarity,client_i_importance_coefficient,client_i_tanh_val,tanh_normalization_value,client_i_q,client_i_mask_order,client_i_v_nonzero_fraction,client_i_v_sparsity,client_i_v_cosine_similarity,client_i_reward_gradient_norm,local_epochs,learning_rate,gamma,client_0_cosine_similarity,client_1_cosine_similarity,client_2_cosine_similarity,client_3_cosine_similarity,client_4_cosine_similarity,client_5_cosine_similarity,client_6_cosine_similarity,client_7_cosine_similarity,client_8_cosine_similarity,client_9_cosine_similarity,client_10_cosine_similarity,client_11_cosine_similarity
0,0,2.1715988854026054,0.3921597272948624,8214,2.2696219266847124,0.29510591672753833,1369,2.2721871849827875,0.2928,0.961747012031653,0.08118192058376117,0.08100404621809319,0.08396542863616348,0.9647309319188115,,0.9647306714607436,0.03526932853925635,0,0.0986187142579632,5,0.001,0.1,1.0,0.981649096563473,0.9687830336265578,0.9545106633538897,0.9522593602348465,0.9325479819416931,0.9324811306571298,0.927162235516797,0.9204528651398028,0.9121512792395112,0.9088986638787326,0.9066834116315584
0,1,2.2258682473191937,0.35059324612108306,6574,2.2708395821707588,0.3102189781021898,1096,2.2721871849827875,0.2928,0.9902368823251557,0.08358677587176769,0.08339265176192111,0.08396542863616348,0.9931784201600697,,0.9931761726640956,0.006823827335904364,0,0.0986187174785061,5,0.001,0.1,0.981649096563473,1.0,0.9902316278121862,0.9826580124018033,0.9849049519774652,0.9729240961781379,0.973967621372621,0.9708636007213161,0.9644427349137578,0.9609915283097197,0.9525381910184773,0.9528649978455308
0,2,2.2407753551862517,0.3251253674563375,5783,2.271618120131954,0.29356846473029047,964,2.2721871880296702,0.2928,0.9942830039404695,0.08392831259560192,0.08373180365238535,0.08396542863616348,0.9972176050480527,,0.9972211751287925,0.002778824871207508,0,0.09861871750189906,5,0.001,0.1,0.9687830336265578,0.9902316278121862,1.0,0.9857031005579129,0.9908616471760392,0.9792475463899177,0.9838124318368955,0.9793531453061801,0.9762277390573244,0.9703293078711314,0.9679900884268219,0.9664639196180476
0,3,2.246696863978742,0.32343484017401175,5287,2.271972554070609,0.29284903518728717,881,2.2721871849827875,0.2928,0.9934781453207988,0.08386037376374089,0.08366434075702131,0.08396542863616348,0.9964141446660952,,0.9964141077314157,0.003585892268584301,0,0.09861871749991004,5,0.001,0.1,0.9545106633538897,0.9826580124018033,0.9857031005579129,1.0,0.9875110994044854,0.9894406932059395,0.9835582298396155,0.9836557681527873,0.9879378122947463,0.972161254756731,0.9685549270043742,0.971820022577419
0,4,2.2531254236159786,0.32149949341438705,4935,2.268914451965919,0.29075425790754256,822,2.272187183459346,0.2928,0.9970703118106312,0.08416359173172312,0.08396542863616348,0.08396542863616348,0.9999999999880903,,0.9999951672610935,4.83273890650171e-06,0,0.09861871750367636,5,0.001,0.1,0.9522593602348465,0.9849049519774652,0.9908616471760392,0.9875110994044854,1.0,0.9846795934222412,0.9909527883595101,0.9909535269849161,0.9866493920854983,0.9867090589984235,0.9822714866583651,0.983080363835709
0,5,2.2587813129163767,0.32491964859652883,4667,2.275776700973511,0.26735218508997427,778,2.2721871880296702,0.2928,0.9896812799705839,0.08353987698291156,0.08334607884150597,0.08396542863616348,0.9926237523501025,,0.9926204076898542,0.007379592310145844,0,0.09861871747178823,5,0.001,0.1,0.9325479819416931,0.9729240961781379,0.9792475463899177,0.9894406932059395,0.9846795934222412,1.0,0.9823551304375102,0.9843319780197854,0.9895440883878315,0.9767265877395324,0.975863479285312,0.978869306971245
0,6,2.258737340654646,0.28214686728048505,4453,2.273757388194402,0.2803234501347709,742,2.272187181174184,0.2928,0.9918975536110595,0.08372695461187439,0.08353185402402877,0.08396542863616348,0.9948362722590471,,0.9948338021090073,0.0051661978909927075,0,0.09861871749269363,5,0.001,0.1,0.9324811306571298,0.973967621372621,0.9838124318368955,0.9835582298396155,0.9909527883595101,0.9823551304375102,1.0,0.9925838059383838,0.9902545803905781,0.9871808979876163,0.9767311428693081,0.983859951649339
0,7,2.261426779049546,0.29034369885433714,4277,2.275736601456352,0.2776998597475456,713,2.272187181174184,0.2928,0.9917205025101233,0.08371200957098977,0.08351701324469667,0.08396542863616348,0.9946595235712482,,0.9946549907694687,0.005345009230531272,0,0.09861871749152505,5,0.001,0.1,0.927162235516797,0.9708636007213161,0.9793531453061801,0.9836557681527873,0.9909535269849161,0.9843319780197854,0.9925838059383838,1.0,0.9917360826632164,0.991525085005041,0.9842205946844994,0.9886983147947965
0,8,2.263345099595877,0.2904819568902882,4129,2.2687502124092798,0.3226744186046512,688,2.272187182697625,0.2928,0.9891657822761638,0.08349636336408459,0.08330286733634101,0.08396542863616348,0.9921091178646205,,0.9921081373657706,0.007891862634229363,0,0.09861871746449301,5,0.001,0.1,0.9204528651398028,0.9644427349137578,0.9762277390573244,0.9879378122947463,0.9866493920854983,0.9895440883878315,0.9902545803905781,0.9917360826632164,1.0,0.9851142450542278,0.9793429042981786,0.9873057656104319
0,9,2.2664463099979217,0.27693076730817295,4001,2.271387497584025,0.3028485757121439,667,2.2721871842210666,0.2928,0.9848828120601856,0.08313483403923473,0.08294383599931326,0.08396542863616348,0.9878331754576661,,0.9878553271280965,0.012144672871903461,0,0.09861871736204922,5,0.001,0.1,0.9121512792395112,0.9609915283097197,0.9703293078711314,0.972161254756731,0.9867090589984235,0.9767265877395324,0.9871808979876163,0.991525085005041,0.9851142450542278,1.0,0.9865169825248866,0.988120822658768
0,10,2.2671887284419574,0.27312933916173826,3889,2.271955410639445,0.2932098765432099,648,2.272187181174184,0.2928,0.9804880124192167,0.08276386509316959,0.08257540788138071,0.08396542863616348,0.9834453205522309,,0.9836460115405805,0.01635398845941949,0,0.09861871716516539,5,0.001,0.1,0.9088986638787326,0.9525381910184773,0.9679900884268219,0.9685549270043742,0.9822714866583651,0.975863479285312,0.9767311428693081,0.9842205946844994,0.9793429042981786,0.9865169825248866,1.0,0.9838685015261481
0,11,2.2687257177689495,0.2849907676074914,3791,2.2743274211883544,0.27848101265822783,632,2.272187182697625,0.2928,0.9821614540700929,0.08290512179114051,0.08271569975524581,0.08396542863616348,0.985116149560576,,0.9851151641681406,0.0148848358318594,0,0.09861871724742907,5,0.001,0.1,0.9066834116315584,0.9528649978455308,0.9664639196180476,0.971820022577419,0.983080363835709,0.978869306971245,0.983859951649339,0.9886983147947965,0.9873057656104319,0.988120822658768,0.9838685015261481,1.0
1,0,1.9685238116446173,0.5040662283905527,8214,2.2257486387740735,0.41197954711468227,1369,2.228728835194256,0.3987,0.9734787290419622,0.08138328917953085,0.08120409023675206,0.08383384880691724,0.9686313033630296,,0.9686306917582471,0.03136930824175288,0.9577254366240135,0.0992942995961871,5,0.001,0.1,1.0,0.9917613910357896,0.983605398866677,0.9772380919942828,0.9732489324567487,0.9623432642277574,0.9610075164972226,0.958941211709636,0.9544338539706215,0.9479426283350771,0.9469311320084854,0.9421753755654461
1,1,2.0974370789759367,0.49184666869485855,6574,2.226428849356515,0.42700729927007297,1096,2.228728836717697,0.3987,0.9916251905856964,0.08344828843676921,0.08325512582746632,0.08383384880691724,0.9930967862184531,,0.993094016102686,0.006905983897314005,0.9577255209057101,0.09929430077235367,5,0.001,0.1,0.9917613910357896,1.0,0.9956537616326034,0.9923298505493675,0.9909638353106595,0.9846008432627887,0.9836268825621609,0.9821037746965406,0.9791753313151638,0.9745231872221439,0.9717666903669246,0.968802549816211
1,2,2.135857408613131,0.4556458585509251,5783,2.228227330792335,0.4004149377593361,964,2.2287288374794176,0.3987,0.9953345516733119,0.0837781825678606,0.08358272431560658,0.08383384880691724,0.9970044976357216,,0.9970037018780024,0.0029962981219976426,0.9577255206896232,0.0992943007847653,5,0.001,0.1,0.983605398866677,0.9956537616326034,1.0,0.9939002772865121,0.9951454497981604,0.9884631719883237,0.9892417851809475,0.9881721960768497,0.9858068605985026,0.9813313782603257,0.9807338939937892,0.9772162508196536
1,3,2.1531725038965064,0.46646491393985245,5287,2.2283703769956316,0.4199772985244041,881,2.228728836717697,0.3987,0.9968861860271044,0.08378661858829081,0.0835911013954854,0.08383384880691724,0.997104422427413,,0.9971003566561313,0.0028996433438687186,0.9577255201089053,0.09929430078487478,5,0.001,0.1,0.9772380919942828,0.9923298505493675,0.9939002772865121,1.0,0.9948728805628502,0.9937975342030183,0.9921656754408327,0.9925678454826555,0.9920080518423302,0.9844892214322278,0.9825087892492868,0.9817174753865892
1,4,2.168439938329881,0.45483282674772035,4935,2.2257808538583608,0.3929440389294404,822,2.2287288359559763,0.3987,0.9986824545607472,0.08403107912625599,0.08383384880691724,0.08383384880691724,0.9999999999880715,,0.9999951672610935,4.83273890650171e-06,0.9577255195991754,0.09929430078592774,5,0.001,0.1,0.9732489324567487,0.9909638353106595,0.9951454497981604,0.9948728805628502,1.0,0.9932576440827937,0.9944667007975434,0.9948565084363626,0.9929436657947757,0.99127438250362,0.9896809500406947,0.9882383936371686
1,5,2.180065904088216,0.4798371544889651,4667,2.232560453414917,0.36375321336760924,778,2.228728833670814,0.3987,0.9956994074918633,0.08355125382305426,0.083357376640932,0.08383384880691724,0.9943164703307734,,0.9943118663071109,0.005688133692889119,0.9577255200073977,0.09929430077826479,5,0.001,0.1,0.9623432642277574,0.9846008432627887,0.9884631719883237,0.9937975342030183,0.9932576440827937,1.0,0.9918862162729621,0.993087253605814,0.9940114813684693,0.9874587976252058,0.9874624999576,0.9868663034775
1,6,2.1824423589025224,0.4330563664944981,4453,2.2306916614373526,0.38274932614555257,742,2.2287288374794176,0.3987,0.9964389467806448,0.08369015286932666,0.08349530895591187,0.08383384880691724,0.9959617760985654,,0.9959598302742096,0.004040169725790355,0.9577255197596005,0.09929430078315787,5,0.001,0.1,0.9610075164972226,0.9836268825621609,0.9892417851809475,0.9921656754408327,0.9944667007975434,0.9918862162729621,1.0,0.9959820763320871,0.9955846205996298,0.9923326634603733,0.9857577472818341,0.9899374571782316
1,7,2.188471098800204,0.43558569090483984,4277,2.2325744421585747,0.3870967741935484,713,2.2287288382411385,0.3987,0.9971102453303695,0.08370268229721003,0.08350775102229012,0.08383384880691724,0.9961101894966758,,0.9961289761359353,0.003871023864064682,0.9577255200565856,0.09929430078347908,5,0.001,0.1,0.958941211709636,0.9821037746965406,0.9881721960768497,0.9925678454826555,0.9948565084363626,0.993087253605814,0.9959820763320871,1.0,0.9964913842790862,0.9947252987009126,0.9907175524896981,0.992343395642552
1,8,2.1924027787722076,0.4436909663356745,4129,2.223822311921553,0.3997093023255814,688,2.228728833670814,0.3987,0.9955741851824809,0.0835204599656223,0.0833267966746618,0.08383384880691724,0.9939517016042383,,0.9939494108891272,0.0060505891108727505,0.9577255192511386,0.09929430077675458,5,0.001,0.1,0.9544338539706215,0.9791753313151638,0.9858068605985026,0.9920080518423302,0.9929436657947757,0.9940114813684693,0.9955846205996298,0.9964913842790862,1.0,0.9919527409623825,0.988193153043328,0.9909946182688512
1,9,2.200855442834279,0.4247938015496126,4001,2.2278331347874234,0.4017991004497751,667,2.228728835194256,0.3987,0.9927877808916759,0.0832081334772004,0.08301663071790356,0.08383384880691724,0.9902519316286418,,0.9902475328867882,0.00975246711321176,0.957725514819683,0.09929430074843286,5,0.001,0.1,0.9479426283350771,0.9745231872221439,0.9813313782603257,0.9844892214322278,0.99127438250362,0.9874587976252058,0.9923326634603733,0.9947252987009126,0.9919527409623825,1.0,0.9895518675264205,0.9928487617874238
1,10,2.2017928909082882,0.40581126253535615,3889,2.229270276569185,0.3904320987654321,648,2.2287288306239312,0.3987,0.9905981172003454,0.08290930828700799,0.08271985760614185,0.08383384880691724,0.986711916277066,,0.9867099680072684,0.013290031992731599,0.9577255092570126,0.09929430069310707,5,0.001,0.1,0.9469311320084854,0.9717666903669246,0.9807338939937892,0.9825087892492868,0.9896809500406947,0.9874624999576,0.9857577472818341,0.9907175524896981,0.988193153043328,0.9895518675264205,1.0,0.9891350963479156
1,11,2.205280888581476,0.4065945660775521,3791,2.231732988357544,0.375,632,2.22872882910049,0.3987,0.9904258411019807,0.08299055138187113,0.08280054424662256,0.08383384880691724,0.9876743752554863,,0.9876716830496516,0.012328316950348417,0.9577255214578678,0.0992943007115189,5,0.001,0.1,0.9421753755654461,0.968802549816211,0.9772162508196536,0.9817174753865892,0.9882383936371686,0.9868663034775,0.9899374571782316,0.992343395642552,0.9909946182688512,0.9928487617874238,0.9891350963479156,1.0
2,0,1.7399815113164108,0.570026783540297,8214,2.1702837278676586,0.49306062819576335,1369,2.1739693921975816,0.476,0.98592576224489,0.08182072032984668,0.08163862145766616,0.08367413664276785,0.9756733051842812,,0.9756719923449416,0.02432800765505838,0.9826286024002804,0.0995714320880775,5,0.001,0.1,1.0,0.9956105292223515,0.9915860450318728,0.9886390859596439,0.9862565998668565,0.9798040279480802,0.9787905238026701,0.9780192506076585,0.9757224902698475,0.9710345027452082,0.9681337862696371,0.9669899639033399
2,1,1.9057829687896284,0.5635533921508975,6574,2.1703397274017333,0.4927007299270073,1096,2.17396939067414,0.476,0.994476410479536,0.08336476987435697,0.0831721855904324,0.08367413664276785,0.9940011206154125,,0.9939977382781918,0.0060022617218081775,0.9826286084605756,0.09957143240300763,5,0.001,0.1,0.9956105292223515,1.0,0.9972094047509479,0.995754081651179,0.9943583396489775,0.9904769315853678,0.9892372614250838,0.9889835884449087,0.9872332111358622,0.9833507039283055,0.9807681108800146,0.9795145749925994
2,2,1.971203065050241,0.5333218052913713,5783,2.1732204575692453,0.4730290456431535,964,2.173969393721023,0.476,0.9969414414971168,0.08364695122533666,0.08345240833601915,0.08367413664276785,0.9973500974537367,,0.9973468263403601,0.002653173659639907,0.9826286082386188,0.09957143240787261,5,0.001,0.1,0.9915860450318728,0.9972094047509479,1.0,0.9970259710076158,0.9970698730697264,0.9930914771492725,0.9927963448881246,0.9925016178069314,0.9912266392719559,0.9875753873208766,0.9867995220721416,0.9849459528041906
2,3,2.0037304955792714,0.555097408738415,5287,2.173490992614201,0.4982973893303065,881,2.173969394482744,0.476,0.9982113530702363,0.0836931637212711,0.08349829881705086,0.08367413664276785,0.9978985402924968,,0.9978977585756952,0.002102241424304818,0.9826286082983522,0.09957143240813604,5,0.001,0.1,0.9886390859596439,0.995754081651179,0.9970259710076158,1.0,0.9973744413266287,0.995961666356272,0.9951500349975801,0.9952050842321336,0.9944417698841389,0.9905655658182863,0.988415849248003,0.9883886025724057
2,4,2.031082842273097,0.5319554204660588,4935,2.171655508188101,0.4744525547445255,822,2.173969393721023,0.476,0.9990467641736173,0.08387023870944937,0.08367413664276785,0.08367413664276785,0.9999999999880488,,0.9999951672610935,4.83273890650171e-06,0.9826286081729528,0.09957143240841859,5,0.001,0.1,0.9862565998668565,0.9943583396489775,0.9970698730697264,0.9973744413266287,1.0,0.9959484991660265,0.9959864665271196,0.9965719915079368,0.9951073955094211,0.9938459437041166,0.9925971511554569,0.9917546077229291
2,5,2.054020185503241,0.5574030426398114,4667,2.1785315608978273,0.43573264781491,778,2.173969393721023,0.476,0.9975096509548521,0.08352599328833712,0.08333229157501884,0.08367413664276785,0.9959145671235978,,0.9959115028851451,0.004088497114854928,0.9826286084867749,0.09957143240657781,5,0.001,0.1,0.9798040279480802,0.9904769315853678,0.9930914771492725,0.995961666356272,0.9959484991660265,1.0,0.994801679194982,0.9955609333753372,0.9962324993196705,0.9925860211486238,0.9917591801257348,0.9921913657773029
2,6,2.0601432362624577,0.5215809566584325,4453,2.176564007997513,0.4528301886792453,742,2.1739693952444643,0.476,0.9974490993013685,0.08360931076426108,0.08341502989717939,0.08367413664276785,0.9969033830884736,,0.9969022143609669,0.0030977856390330683,0.9826286083226758,0.09957143240757234,5,0.001,0.1,0.9787905238026701,0.9892372614250838,0.9927963448881246,0.9951500349975801,0.9959864665271196,0.994801679194982,1.0,0.9970943068536751,0.9965450512630109,0.9943717328236238,0.9897143838036667,0.99316678239192
2,7,2.072790228786753,0.5178863689501987,4277,2.178408788598102,0.45582047685834504,713,2.173969393721023,0.476,0.9981971584244969,0.08364117422003003,0.08344667156077067,0.08367413664276785,0.9972815365401905,,0.9972984989512956,0.002701501048704369,0.9826286083780171,0.09957143240784452,5,0.001,0.1,0.9780192506076585,0.9889835884449087,0.9925016178069314,0.9952050842321336,0.9965719915079368,0.9955609333753372,0.9970943068536751,1.0,0.9974442765693059,0.9969338337287312,0.9932853184961239,0.9949963819659426
2,8,2.0808131610430203,0.5382901428917414,4129,2.1673352284864946,0.4752906976744186,688,2.173969392959302,0.476,0.9972950205356463,0.08350015293667108,0.08330663061050186,0.08367413664276785,0.9956078897493666,,0.9956070403340389,0.004392959665961094,0.9826286086501943,0.0995714324061643,5,0.001,0.1,0.9757224902698475,0.9872332111358622,0.9912266392719559,0.9944417698841389,0.9951073955094211,0.9962324993196705,0.9965450512630109,0.9974442765693059,1.0,0.9949413403629846,0.9916614448035497,0.9952289807119296
2,9,2.0960068808661565,0.5068232941764559,4001,2.172795443307786,0.48575712143928035,667,2.173969394482744,0.476,0.9955977410116973,0.08325356444278871,0.08306174841394255,0.08367413664276785,0.992681272202037,,0.9926784005567315,0.0073215994432684894,0.9826286087739727,0.09957143239891802,5,0.001,0.1,0.9710345027452082,0.9833507039283055,0.9875753873208766,0.9905655658182863,0.9938459437041166,0.9925860211486238,0.9943717328236238,0.9969338337287312,0.9949413403629846,1.0,0.9944897749828567,0.995813877328326
2,10,2.099483599428271,0.48979172023656464,3889,2.1753299236297607,0.49074074074074076,648,2.173969392959302,0.476,0.9935743150767389,0.08300472633089692,0.08281462199666437,0.08367413664276785,0.9897278336941465,,0.9897255970848919,0.01027440291510806,0.9826286102602534,0.0995714323830258,5,0.001,0.1,0.9681337862696371,0.9807681108800146,0.9867995220721416,0.988415849248003,0.9925971511554569,0.9917591801257348,0.9897143838036667,0.9932853184961239,0.9916614448035497,0.9944897749828567,1.0,0.9937258977481156
2,11,2.1061098810003585,0.48725929833816933,3791,2.1779623508453367,0.46044303797468356,632,2.1739693952444643,0.476,0.9940271007131694,0.08306923415675424,0.08287868706863892,0.08367413664276785,0.9904934833266884,,0.9904891698321107,0.00951083016788934,0.9826286085965165,0.09957143238813386,5,0.001,0.1,0.9669899639033399,0.9795145749925994,0.9849459528041906,0.9883886025724057,0.9917546077229291,0.9921913657773029,0.99316678239192,0.9949963819659426,0.9952289807119296,0.995813877328326,0.9937258977481156,1.0
3,0,1.549760399625459,0.6108838568298027,8214,2.100927469342254,0.550036523009496,1369,2.1055768815854106,0.5322,0.9904596879575045,0.08219455804605814,0.08200995624586283,0.08353623097638439,0.9817291884770959,,0.9817274141947208,0.01827258580527924,0.9932504851349547,0.09969949019631785,5,0.001,0.1,1.0,0.9963676134195385,0.9940628397365044,0.9911591141670938,0.9904350642835542,0.9860824015158431,0.9857712719468195,0.9851265980449617,0.9836664611313795,0.9815151817419799,0.9772306842359051,0.9784967290738869
3,1,1.7089091033611483,0.6020383328262854,6574,2.10036187171936,0.541970802919708,1096,2.1055768716830414,0.5322,0.9963397974491849,0.08333192119866613,0.08313956406003625,0.08353623097638439,0.9952515583632743,,0.9952494176549618,0.004750582345038223,0.9932504864699648,0.09969949029071866,5,0.001,0.1,0.9963676134195385,1.0,0.9978681488019328,0.9964781729423222,0.995887501041588,0.993665068683815,0.99294590446909,0.992751949716052,0.9915926230820721,0.9897320638524173,0.9859927215787094,0.9868252255868197
3,2,1.7820067401748994,0.5802524641189694,5783,2.104126491854268,0.5404564315352697,964,2.105576870921321,0.5322,0.9979458251253472,0.08355694138805453,0.0833630246834807,0.08353623097638439,0.9979265727950954,,0.9979315877480404,0.0020684122519596393,0.9932504861169357,0.09969949029245685,5,0.001,0.1,0.9940628397365044,0.9978681488019328,1.0,0.9977574939952092,0.9977122668200654,0.9954535538302787,0.995201546323065,0.9948891922287166,0.993947180893463,0.9920630688297006,0.9902064542614534,0.9900983369253407
3,3,1.819321809619306,0.6010970304520522,5287,2.1051043272018433,0.5527809307604994,881,2.1055768724447623,0.5322,0.9986029287633953,0.08360652001076983,0.08341225856129338,0.08353623097638439,0.9985159443436634,,0.998511516416814,0.0014884835831859844,0.9932504862243178,0.09969949029256782,5,0.001,0.1,0.9911591141670938,0.9964781729423222,0.9977574939952092,1.0,0.9977466237256026,0.997119071355284,0.9964099749550053,0.9965403380339094,0.9964451307240391,0.9936972039858718,0.9915523703986653,0.992156932128085
3,4,1.8542067238592332,0.5724822695035461,4935,2.104102694071256,0.5316301703163017,822,2.105576874729924,0.5322,0.9991040925416199,0.08373136232094294,0.08353623097638439,0.08353623097638439,0.9999999999880291,,0.9999951672610935,4.83273890650171e-06,0.9932504862470459,0.09969949029263424,5,0.001,0.1,0.9904350642835542,0.995887501041588,0.9977122668200654,0.9977466237256026,1.0,0.9970565081832659,0.997347263086552,0.9973934484978719,0.9963887192949521,0.9954109289756854,0.9938459318303694,0.9938265035339676
3,5,1.8876596439374635,0.5971287765159632,4667,2.111227207183838,0.4910025706940874,778,2.1055768724447623,0.5322,0.9982264639714943,0.08349178259215154,0.08329831835033297,0.08353623097638439,0.9971519827472723,,0.9971486840451957,0.0028513159548042566,0.9932504862068339,0.09969949029218901,5,0.001,0.1,0.9860824015158431,0.993665068683815,0.9954535538302787,0.997119071355284,0.9970565081832659,1.0,0.9966187229426086,0.9967586245374991,0.9970725178150814,0.9942641000289931,0.9941578031698991,0.9942525647515734
3,6,1.8980010214873722,0.570581630361554,4453,2.1089430451393127,0.5121293800539084,742,2.105576878538528,0.5322,0.9982977160544612,0.08354520903654636,0.08335137385330986,0.08353623097638439,0.9977871024115921,,0.9977866055808469,0.0022133944191531363,0.993250486138794,0.09969949029241723,5,0.001,0.1,0.9857712719468195,0.99294590446909,0.995201546323065,0.9964099749550053,0.997347263086552,0.9966187229426086,1.0,0.9977814360193756,0.9974550991522462,0.9959892553874622,0.9926323022615678,0.9951880525823704
3,7,1.91573473126141,0.5702595277063363,4277,2.1108106944871987,0.4992987377279102,713,2.105576878538528,0.5322,0.9986372785731156,0.08357572754848276,0.08338168026226238,0.08353623097638439,0.9981498959994513,,0.9981490609988305,0.0018509390011695048,0.9932504862157576,0.09969949029250741,5,0.001,0.1,0.9851265980449617,0.992751949716052,0.9948891922287166,0.9965403380339094,0.9973934484978719,0.9967586245374991,0.9977814360193756,1.0,0.997999644518686,0.9972619295756059,0.994599080574494,0.9963000152911793
3,8,1.924749485529386,0.5860983288931945,4129,2.0969813845374365,0.5247093023255814,688,2.1055768739682037,0.5322,0.998170376155192,0.08347411502449183,0.08328077334521328,0.08353623097638439,0.9969419540577515,,0.9969408762722185,0.0030591237277814987,0.9932504860382776,0.09969949029209159,5,0.001,0.1,0.9836664611313795,0.9915926230820721,0.993947180893463,0.9964451307240391,0.9963887192949521,0.9970725178150814,0.9974550991522462,0.997999644518686,1.0,0.9963192617036817,0.9942494810693807,0.9966671317593422
3,9,1.952549337773096,0.5471132216945763,4001,2.1039966969262984,0.5397301349325337,667,2.105576873206483,0.5322,0.9969706782022161,0.08328405808457198,0.08309203159563197,0.08353623097638439,0.994682554185708,,0.9946791544640009,0.005320845535999097,0.9932504860169016,0.09969949028996399,5,0.001,0.1,0.9815151817419799,0.9897320638524173,0.9920630688297006,0.9936972039858718,0.9954109289756854,0.9942641000289931,0.9959892553874622,0.9972619295756059,0.9963192617036817,1.0,0.994543700794083,0.9966664751326595
3,10,1.9573206444255642,0.5361275392131654,3889,2.107608136676607,0.5462962962962963,648,2.1055768770150864,0.5322,0.9950281902627257,0.08306863172956655,0.08287808877941948,0.08353623097638439,0.9921214760318418,,0.9921178028435835,0.00788219715641647,0.9932504852957189,0.09969949028430718,5,0.001,0.1,0.9772306842359051,0.9859927215787094,0.9902064542614534,0.9915523703986653,0.9938459318303694,0.9941578031698991,0.9926323022615678,0.994599080574494,0.9942494810693807,0.994543700794083,1.0,0.9951997946061542
3,11,1.9697932459727054,0.5404378791875495,3791,2.1108978748321534,0.5332278481012658,632,2.105576878538528,0.5322,0.9959867658405129,0.0831391730196976,0.08294814512742847,0.08353623097638439,0.9929601103248824,,0.9929586994133055,0.007041300586694499,0.993250485969861,0.09969949028661862,5,0.001,0.1,0.9784967290738869,0.9868252255868197,0.9900983369253407,0.992156932128085,0.9938265035339676,0.9942525647515734,0.9951880525823704,0.9963000152911793,0.9966671317593422,0.9966664751326595,0.9951997946061542,1.0
4,0,1.400070507331581,0.6406135865595325,8214,2.0164396984632624,0.587289992695398,1369,2.0222740325683985,0.5705,0.9915433880539947,0.08244575956177698,0.08225946312705139,0.08343780007237918,0.9858776604213976,,0.9858739041764529,0.014126095823547069,0.996990024545389,0.09974028766294644,5,0.001,0.1,1.0,0.9963907765624387,0.9944819453413651,0.991820692219533,0.9916735100485768,0.987436061544188,0.9873216159929129,0.9868687329864075,0.9851127613577269,0.9841587547750829,0.9802037855840334,0.9822373934237761
4,1,1.5409325482197178,0.6249163370854883,6574,2.015010077612741,0.583941605839416,1096,2.0222740302832363,0.5705,0.9968171035896444,0.08331384877477546,0.08312161652915627,0.08343780007237918,0.996210547929777,,0.9962062999584385,0.003793700041561543,0.9969900252789589,0.0997402877030979,5,0.001,0.1,0.9963907765624387,1.0,0.9981266502554038,0.9968882312880287,0.9963985327441387,0.9943195015380375,0.9938334826064825,0.9935620716439951,0.9922371481115775,0.9912083681482712,0.9879951257388448,0.9897534272092358
4,2,1.6096662068893897,0.6097527234999135,5783,2.01972190026314,0.5726141078838174,964,2.022274033330119,0.5705,0.9981420403176636,0.08349468671587758,0.08330120232277988,0.08343780007237918,0.9983628792887734,,0.9983617015107141,0.001638298489285872,0.996990025348678,0.09974028770386426,5,0.001,0.1,0.9944819453413651,0.9981266502554038,1.0,0.9979414423615722,0.9977926806852924,0.9960428997144097,0.9957526908248167,0.9953419997800171,0.9944695995496652,0.9928856518998226,0.9916102162063739,0.9920850350243725
4,3,1.6425430835011494,0.6274635899375828,5287,2.0218619789396013,0.5856980703745743,881,2.022274029902376,0.5705,0.9987988247176217,0.08354631229206279,0.08335246944391132,0.08343780007237918,0.9989773144858467,,0.9989754593518331,0.0010245406481669272,0.9969900253528694,0.09974028770391324,5,0.001,0.1,0.991820692219533,0.9968882312880287,0.9979414423615722,1.0,0.9980291075741963,0.9976183863554999,0.997021012089947,0.9969964686341748,0.9964388256465385,0.9947022611505881,0.9929756411218043,0.9939162630300231
4,4,1.6769378549821916,0.6045795339412361,4935,2.0219957736822276,0.5681265206812652,822,2.022274031044957,0.5705,0.9990879087235617,0.08363224052986734,0.08343780007237918,0.08343780007237918,0.9999999999880149,,0.9999951672610935,4.83273890650171e-06,0.9969900253855207,0.09974028770392904,5,0.001,0.1,0.9916735100485768,0.9963985327441387,0.9977926806852924,0.9980291075741963,1.0,0.9972399871852281,0.997371730282516,0.9974392519920662,0.9964978550920713,0.9958145018673858,0.9943783020486335,0.9951747830061636
4,5,1.7132919977789056,0.6242125562459824,4667,2.0293954372406007,0.5359897172236504,778,2.0222740314258174,0.5705,0.9985149590892782,0.08346675213438133,0.08327346151732216,0.08343780007237918,0.9980304064115726,,0.9980282425261693,0.0019717574738307153,0.996990025381627,0.09974028770381428,5,0.001,0.1,0.987436061544188,0.9943195015380375,0.9960428997144097,0.9976183863554999,0.9972399871852281,1.0,0.997252099694724,0.9971293449157903,0.9971515490418595,0.9957710927543413,0.9953041928663826,0.995647741478684
4,6,1.7249696622576032,0.6059735010105547,4453,2.026502644022306,0.5350404312668463,742,2.0222740394238845,0.5705,0.9984946374390291,0.0834988742452634,0.08330536079307051,0.08343780007237918,0.9984127184538398,,0.9984100288997787,0.001589971100221299,0.9969900253492128,0.09974028770387006,5,0.001,0.1,0.9873216159929129,0.9938334826064825,0.9957526908248167,0.997021012089947,0.997371730282516,0.997252099694724,1.0,0.9978208564729126,0.9977260155777924,0.9961669746328593,0.9940645552724553,0.996332279451046
4,7,1.7436669022289675,0.6075754033200842,4277,2.028320903363435,0.5399719495091164,713,2.0222740390430243,0.5705,0.9987522366273592,0.08352591607330863,0.08333221489619191,0.08343780007237918,0.9987345642251544,,0.9987338224065107,0.0012661775934893482,0.9969900253151424,0.09974028770389959,5,0.001,0.1,0.9868687329864075,0.9935620716439951,0.9953419997800171,0.9969964686341748,0.9974392519920662,0.9971293449157903,0.9978208564729126,1.0,0.9978013588886878,0.997841852511397,0.9955113273962443,0.9974353404593532
4,8,1.7529699552976168,0.6217001695325745,4129,2.0118625272404063,0.5784883720930233,688,2.0222740356152813,0.5705,0.9981597630488236,0.0834444431809645,0.08325130722350665,0.08343780007237918,0.9977648877402266,,0.9977624418863147,0.0022375581136853118,0.9969900253249514,0.09974028770375935,5,0.001,0.1,0.9851127613577269,0.9922371481115775,0.9944695995496652,0.9964388256465385,0.9964978550920713,0.9971515490418595,0.9977260155777924,0.9978013588886878,1.0,0.9967612248277258,0.9952962510154425,0.9971503392230933
4,9,1.788414416615925,0.5807548112971757,4001,2.0200753268741427,0.5802098950524738,667,2.022274029902376,0.5705,0.9974931972539512,0.08330631519018769,0.08311413499094991,0.08343780007237918,0.9961208818767439,,0.9961193106581224,0.0038806893418775745,0.9969900252639917,0.09974028770303787,5,0.001,0.1,0.9841587547750829,0.9912083681482712,0.9928856518998226,0.9947022611505881,0.9958145018673858,0.9957710927543413,0.9961669746328593,0.997841852511397,0.9967612248277258,1.0,0.995654935255296,0.9977157603037297
4,10,1.794533049669422,0.5727950629982,3889,2.024716399964832,0.5864197530864198,648,2.0222740337109792,0.5705,0.9958563615069023,0.08312129185982525,0.08293038697065801,0.08343780007237918,0.9939186663325863,,0.9939155817167822,0.006084418283217818,0.9969900254297069,0.0997402877004475,5,0.001,0.1,0.9802037855840334,0.9879951257388448,0.9916102162063739,0.9929756411218043,0.9943783020486335,0.9953041928663826,0.9940645552724553,0.9955113273962443,0.9952962510154425,0.995654935255296,1.0,0.9960807824587657
4,11,1.810352689278226,0.58100764969665,3791,2.029370146989822,0.5727848101265823,632,2.0222740363770018,0.5705,0.9970637990499714,0.08320355944170911,0.08301208820384672,0.08343780007237918,0.9948978536208041,,0.9949014604536975,0.005098539546302461,0.9969900253224697,0.09974028770188192,5,0.001,0.1,0.9822373934237761,0.9897534272092358,0.9920850350243725,0.9939162630300231,0.9951747830061636,0.995647741478684,0.996332279451046,0.9974353404593532,0.9971503392230933,0.9977157603037297,0.9960807824587657,1.0
5,0,1.2817894826603307,0.6567324080837594,8214,1.9170244571774504,0.623082542001461,1369,1.9242233502598236,0.6075,0.9919417815985244,0.08260881267587904,0.08242141074922503,0.08337043284845924,0.9886168025306064,,0.9886140671364089,0.01138593286359113,0.9980104035635752,0.09975231055559489,5,0.001,0.1,1.0,0.9959485187769789,0.9945425965891673,0.9918572408511142,0.9917387800686316,0.987852729011764,0.9878215287121449,0.9873019495009476,0.9864303514517261,0.9853552702315688,0.9815340952632667,0.983508858588294
5,1,1.404390259101553,0.6443869790082142,6574,1.9144584281103951,0.6222627737226277,1096,1.9242233548301477,0.6075,0.9968993457891028,0.08330145467448484,0.08310930804954245,0.08337043284845924,0.9968678967951586,,0.9968635524497154,0.003136447550284638,0.9980104045575,0.09975231057651739,5,0.001,0.1,0.9959485187769789,1.0,0.9978510152336622,0.9966411674679028,0.9960553544423423,0.9944293569757955,0.9938578399287047,0.9936180640109967,0.9930439226918507,0.9922273124126367,0.9889582890218961,0.9905142695858573
5,2,1.4652256618547177,0.6348607988933079,5783,1.920148164995255,0.6078838174273858,964,1.9242233498789632,0.6075,0.9982477105647436,0.08345593498458592,0.08326271936904502,0.08337043284845924,0.9987080134199527,,0.998704825973072,0.0012951740269280254,0.9980104045569714,0.09975231057693228,5,0.001,0.1,0.9945425965891673,0.9978510152336622,1.0,0.997693535853419,0.9975723621254373,0.9962621374241611,0.9956489651980496,0.9953937171135159,0.995092473825921,0.9937401729336651,0.9924796900379723,0.9929809402512152
5,3,1.491284350817462,0.6464913939852468,5287,1.923823552472251,0.6220204313280363,881,1.9242233479746615,0.6075,0.998796562810486,0.08350532886434799,0.08331177061505174,0.08337043284845924,0.9992963664406849,,0.9992944201196586,0.0007055798803413671,0.9980104044891946,0.09975231057695291,5,0.001,0.1,0.9918572408511142,0.9966411674679028,0.997693535853419,1.0,0.9977337494888281,0.9974427402482942,0.997016402085424,0.996738803267968,0.9968964482572296,0.995409161522293,0.9936822008989654,0.9946813062077494
5,4,1.522032815102608,0.630192502532928,4935,1.9252782693276038,0.6021897810218978,822,1.9242233487363822,0.6075,0.9989934143726183,0.08356440140020308,0.08337043284845924,0.08337043284845924,0.9999999999880053,,0.9999951672610935,4.83273890650171e-06,0.9980104044613304,0.09975231057695688,5,0.001,0.1,0.9917387800686316,0.9960553544423423,0.9975723621254373,0.9977337494888281,1.0,0.9971769334816185,0.9972235713884604,0.997351354920661,0.9969239817428087,0.9959367365656009,0.9948621882638342,0.9955737360220194
5,5,1.5561275072293739,0.6404542532676237,4667,1.9333861780166626,0.577120822622108,778,1.924223349498103,0.6075,0.9985002408944252,0.08344695129237445,0.08325379795122775,0.08337043284845924,0.9986010040460975,,0.9985985057171302,0.0014014942828698418,0.9980104045532203,0.09975231057692531,5,0.001,0.1,0.987852729011764,0.9944293569757955,0.9962621374241611,0.9974427402482942,0.9971769334816185,1.0,0.997119205407921,0.9968771977264658,0.997120575797493,0.9960009193812068,0.9959422980930887,0.9959928113436868
5,6,1.5657288753134864,0.6330563664944981,4453,1.9294876257578533,0.5889487870619946,742,1.92422334645122,0.6075,0.9984375318898485,0.08346463316568893,0.08327135724218199,0.08337043284845924,0.9988116217717598,,0.9988111462290138,0.001188853770986209,0.9980104045460778,0.09975231057693804,5,0.001,0.1,0.9878215287121449,0.9938578399287047,0.9956489651980496,0.997016402085424,0.9972235713884604,0.997119205407921,1.0,0.9975760417693867,0.9976564571117508,0.996374659346589,0.9944780554788327,0.9966892173973176
5,7,1.5833184817833688,0.6329202712181435,4277,1.931091598842455,0.5694249649368864,713,1.9242233472129406,0.6075,0.9986625291148641,0.08348848809805398,0.08329504671454677,0.08337043284845924,0.9990957689394679,,0.9990914450855878,0.0009085549144122185,0.998010404531685,0.09975231057694851,5,0.001,0.1,0.9873019495009476,0.9936180640109967,0.9953937171135159,0.996738803267968,0.997351354920661,0.9968771977264658,0.9975760417693867,1.0,0.9979763768507206,0.9978574163013607,0.9958462197253483,0.9976178200444192
5,8,1.5948183915248284,0.6400096875756842,4129,1.9122117811983281,0.625,688,1.9242233510215443,0.6075,0.998433721322431,0.08343111704744374,0.08323807343580662,0.08337043284845924,0.9984123938292173,,0.9984100288997787,0.001589971100221299,0.9980104045689928,0.09975231057690948,5,0.001,0.1,0.9864303514517261,0.9930439226918507,0.995092473825921,0.9968964482572296,0.9969239817428087,0.997120575797493,0.9976564571117508,0.9979763768507206,1.0,0.9969249216177175,0.9958973062547858,0.9974465382900037
5,9,1.6307430202052706,0.6070482379405149,4001,1.9213505983352661,0.6101949025487257,667,1.924223351783265,0.6075,0.9976610472702809,0.08332142753327577,0.08312914291973313,0.08337043284845924,0.9971058093201721,,0.9971148548728507,0.0028851451271493245,0.9980104045687074,0.09975231057662072,5,0.001,0.1,0.9853552702315688,0.9922273124126367,0.9937401729336651,0.995409161522293,0.9959367365656009,0.9960009193812068,0.996374659346589,0.9978574163013607,0.9969249216177175,1.0,0.9951955441427657,0.9971438901180085
5,10,1.6361145330257103,0.6060169709436873,3889,1.9265879052025932,0.6141975308641975,648,1.9242233521641252,0.6075,0.9962572633473763,0.08316259008128624,0.08297140102521225,0.08337043284845924,0.9952137489202254,,0.9952107557437102,0.004789244256289793,0.998010404572066,0.09975231057529446,5,0.001,0.1,0.9815340952632667,0.9889582890218961,0.9924796900379723,0.9936822008989654,0.9948621882638342,0.9959422980930887,0.9944780554788327,0.9958462197253483,0.9958973062547858,0.9951955441427657,1.0,0.996475185494478
5,11,1.6516099773535207,0.6083355315220258,3791,1.933553820848465,0.6075949367088608,632,1.924223347593801,0.6075,0.9973659813287884,0.08324886018237612,0.08305707660759223,0.08337043284845924,0.9962413984052015,,0.9962401291307835,0.003759870869216475,0.9980104045283806,0.09975231057616996,5,0.001,0.1,0.983508858588294,0.9905142695858573,0.9929809402512152,0.9946813062077494,0.9955737360220194,0.9959928113436868,0.9966892173973176,0.9976178200444192,0.9974465382900037,0.9971438901180085,0.996475185494478,1.0
6,0,1.1873247838205865,0.6735086437789141,8214,1.8041945557261623,0.6515704894083273,1369,1.8130224253803777,0.6361,0.9920084903521977,0.08271418034626278,0.08252606171734382,0.08332625259975947,0.9903968934346585,,0.9903925150539817,0.009607484946018263,0.998465410371119,0.09974223179104491,5,0.001,0.1,1.0,0.9956918310034228,0.994174150869471,0.991622973762232,0.9917363670909115,0.987926865269435,0.9876070191670173,0.987504791077873,0.9848585730449213,0.9866269575877935,0.9819573983555412,0.9837788015846504
6,1,1.291845846234016,0.6543961058716155,6574,1.8002385548182895,0.6459854014598541,1096,1.8130224215717743,0.6361,0.996836623439269,0.08329502983089225,0.08310292757994693,0.08332625259975947,0.9973198720230159,,0.9973178299069214,0.002682170093078584,0.9984654101471497,0.09974223180395951,5,0.001,0.1,0.9956918310034228,1.0,0.9975010288367191,0.9963825165868065,0.9957256603856594,0.9943472106664927,0.9934639863606578,0.9936334955630757,0.991596228436857,0.9928442938348557,0.9894948801076004,0.9905171253903917
6,2,1.3459991003926945,0.6526716237247103,5783,1.8070869984165314,0.6348547717842323,964,1.8130224196674725,0.6361,0.9981497575685208,0.08343220762885246,0.08323915646093992,0.08332625259975947,0.9989547575091747,,0.9989512956573008,0.0010487043426992138,0.9984654102361721,0.09974223180425484,5,0.001,0.1,0.994174150869471,0.9975010288367191,1.0,0.9974314448690658,0.9971911947509836,0.9960941055763505,0.9953549263455741,0.9952794522402642,0.9937752171859251,0.9942699055595132,0.9927882661706273,0.993030016521744
6,3,1.3661752449460776,0.6625307357669756,5287,1.812688491174153,0.6481271282633371,881,1.8130224227143552,0.6361,0.9988212630582024,0.08348419474188297,0.0832907831444344,0.08332625259975947,0.9995743303554642,,0.9995698862373261,0.00043011376267387824,0.9984654102414601,0.09974223180426978,5,0.001,0.1,0.991622973762232,0.9963825165868065,0.9974314448690658,1.0,0.9975582349947442,0.9973438449983922,0.9967208953491598,0.9968145585821805,0.9958326092770441,0.9959129872099163,0.9942698642350982,0.9950080720211669
