round,client_id,client_i_training_loss,client_i_training_accuracy,client_i_training_dataset_size,client_i_evaluation_loss,client_i_evaluation_accuracy,client_i_evaluation_dataset_size,client_i_central_evaluation_loss,client_i_central_evaluation_accuracy,client_i_cosine_similarity,client_i_importance_coefficient,client_i_tanh_val,tanh_normalization_value,client_i_q,client_i_mask_order,client_i_v_nonzero_fraction,client_i_v_sparsity,client_i_v_cosine_similarity,client_i_reward_gradient_norm,local_epochs,learning_rate,gamma,client_0_cosine_similarity,client_1_cosine_similarity,client_2_cosine_similarity,client_3_cosine_similarity,client_4_cosine_similarity,client_5_cosine_similarity,client_6_cosine_similarity,client_7_cosine_similarity,client_8_cosine_similarity,client_9_cosine_similarity,client_10_cosine_similarity,client_11_cosine_similarity
0,0,0.2776411818012465,0.9124421719016313,8214,2.187659657278726,0.30825420014609206,1369,2.1902626893771724,0.3107,0.8049332689388599,0.08493440988442509,,,0.969999999947691,,0.9700015059484965,0.029998494051503455,0,0.39572036336618044,5,0.1,0.5,1.0,0.5905927250199664,0.566781581951687,0.5776684478795621,0.5841309497566531,0.5804556571679066,0.5669351924371889,0.589182041412958,0.592138483579465,0.5687382838601609,0.5786718278459849,0.5771586913751188
0,1,0.30699135596023025,0.9055065409187709,6574,2.1910628591265,0.2947080291970803,1096,2.190261204783528,0.3108,0.80045035630173,0.08446138490944798,,,0.945256559394559,,0.94527885146328,0.054721148536720055,0,0.3957165188396521,5,0.1,0.5,0.5905927250199664,1.0,0.5899260820932273,0.584658468488882,0.6008002899872307,0.6028554239099586,0.5889386059185795,0.5872641969045957,0.5976042748648704,0.5592941223156304,0.5892191737825876,0.5732986772326879
0,2,0.3206484128636159,0.9006398063288951,5783,2.1944956471843104,0.3091286307053942,964,2.190272340378441,0.3108,0.790662810661372,0.08342862921992779,,,0.8912341919481298,,0.8912504392349782,0.10874956076502185,0,0.3956852192043918,5,0.1,0.5,0.566781581951687,0.5899260820932273,1.0,0.5834286748974857,0.5808580689558713,0.5984983485794595,0.5883529373099097,0.5844676502064067,0.6074200565428597,0.5775022669652558,0.593632095698755,0.5903007258101282
0,3,0.3024376139774111,0.9027804047664082,5287,2.1884258559771945,0.3178206583427923,881,2.190268601091525,0.3108,0.7911001119472104,0.08347477208429635,,,0.8936478768101395,,0.8936549370011546,0.10634506299884539,0,0.39568759905360434,5,0.1,0.5,0.5776684478795621,0.584658468488882,0.5834286748974857,1.0,0.5906933967250277,0.6012576030303647,0.5850420241530677,0.5918150756353895,0.6053799784119813,0.578840047193695,0.6095728884788241,0.5996837162580049
0,4,0.34841548102997966,0.8905775075987842,4935,2.1869874825844398,0.33211678832116787,822,2.190266262608976,0.3109,0.7923322010717406,0.08360477883983145,,,0.9004483939017451,,0.9004668440339341,0.09953315596606593,0,0.39569384248729245,5,0.1,0.5,0.5841309497566531,0.6008002899872307,0.5808580689558713,0.5906933967250277,1.0,0.6114636804624074,0.6011797173082343,0.5949186441721924,0.6091450627349301,0.5728574895275612,0.5974774936928434,0.5946487355306153
0,5,0.3296633555541096,0.8988215127490894,4667,2.1860587787628174,0.33033419023136246,778,2.190267907925688,0.3107,0.7959257554695109,0.0839839611074057,,,0.9202830208090863,,0.9203052055619698,0.07969479443803018,0,0.39570693753497765,5,0.1,0.5,0.5804556571679066,0.6028554239099586,0.5984983485794595,0.6012576030303647,0.6114636804624074,1.0,0.5922001122640399,0.6104921190067158,0.6116168359629911,0.5800548596772601,0.6154307441750205,0.5941582171460639
0,6,0.3637334102072886,0.8879856276667415,4453,2.185183753569921,0.3274932614555256,742,2.1903109420983555,0.3106,0.7827316352044953,0.0825917527568544,,,0.8474580614903807,,0.8474725164399377,0.1525274835600623,0,0.39561984448565773,5,0.1,0.5,0.5669351924371889,0.5889386059185795,0.5883529373099097,0.5850420241530677,0.6011797173082343,0.5922001122640399,1.0,0.6020500484317873,0.6097520144577954,0.5816635315415529,0.5928458476225122,0.5898399914565546
0,7,0.35611245933808944,0.8895019873743278,4277,2.192693617032922,0.3267882187938289,713,2.190274174601887,0.3109,0.7874612511848046,0.0830908092100646,,,0.8735631813802153,,0.873575623713669,0.12642437628633096,0,0.3956645891012265,5,0.1,0.5,0.589182041412958,0.5872641969045957,0.5844676502064067,0.5918150756353895,0.5949186441721924,0.6104921190067158,0.6020500484317873,1.0,0.6082932670889742,0.5799914423340216,0.5973002080950756,0.603156630565781
0,8,0.3646622997078633,0.8867522402518769,4129,2.1931250420483677,0.32122093023255816,688,2.1902719480922808,0.3109,0.7992064919730955,0.08433013566580803,,,0.9383910490527307,,0.9384016866623162,0.06159831333768384,0,0.3957144565815788,5,0.1,0.5,0.592138483579465,0.5976042748648704,0.6074200565428597,0.6053799784119813,0.6091450627349301,0.6116168359629911,0.6097520144577954,0.6082932670889742,1.0,0.6041667999071637,0.6103139745208779,0.6194880406220891
0,9,0.399726489775755,0.8724818795301175,4001,2.197410197485061,0.2683658170914543,667,2.190478703465325,0.309,0.7650745929468817,0.08072862879077483,,,0.75,,0.750002509914161,0.24999749008583905,0,0.39525028741374485,5,0.1,0.5,0.5687382838601609,0.5592941223156304,0.5775022669652558,0.578840047193695,0.5728574895275612,0.5800548596772601,0.5816635315415529,0.5799914423340216,0.6041667999071637,1.0,0.5820391543628299,0.5851218405251294
0,10,0.38312874808296804,0.8801234250449987,3889,2.1896933373950778,0.2916666666666667,648,2.1902877218045367,0.3107,0.7865477067652707,0.08299441444149129,,,0.8685208720900088,,0.8685357160785101,0.1314642839214899,0,0.3956574202823908,5,0.1,0.5,0.5786718278459849,0.5892191737825876,0.593632095698755,0.6095728884788241,0.5974774936928434,0.6154307441750205,0.5928458476225122,0.5973002080950756,0.6103139745208779,0.5820391543628299,1.0,0.610604577121133
0,11,0.3780398696003591,0.8806119757319968,3791,2.1944763898849486,0.2958860759493671,632,2.1903423128036645,0.3105,0.7806899832230751,0.08237632308967231,,,0.8361891614422194,,0.8362080216856583,0.16379197831434167,0,0.39559566267564056,5,0.1,0.5,0.5771586913751188,0.5732986772326879,0.5903007258101282,0.5996837162580049,0.5946487355306153,0.5941582171460639,0.5898399914565546,0.603156630565781,0.6194880406220891,0.5851218405251294,0.610604577121133,1.0
1,0,0.2512103493698666,0.9232529827124422,8214,2.0180542302686115,0.664718772826881,1369,2.023156810111512,0.6391,0.797940805000325,0.08377179390689755,,,0.9289493215637752,,0.928959389588876,0.07104061041112397,0.9606175950929231,0.4078458280627235,5,0.1,0.5,1.0,0.6171685013331225,0.6074767117346002,0.6233791399924297,0.6140246928422366,0.6255034701898868,0.6221934177015469,0.613524840022051,0.6273097445820363,0.6132115900631449,0.6221877537760617,0.6170578455783282
1,1,0.27052586784821403,0.9184362640705811,6574,2.0250401769365585,0.6304744525547445,1096,2.023156131037508,0.6391,0.8091638566361964,0.08384944814454028,,,0.9354230264877241,,0.935439987952412,0.06456001204758799,0.9606019607367249,0.4078480827499242,5,0.1,0.5,0.6171685013331225,1.0,0.628466452437928,0.6282872141409658,0.6388262981394774,0.6315489101618196,0.6274558164523514,0.6266788828885754,0.6312237714211137,0.6309290782467895,0.6293478499978282,0.6256948651809923
1,2,0.2845462850969058,0.9134013487809096,5783,2.028159322277192,0.6348547717842323,964,2.023158328220867,0.639,0.8085602954611886,0.08314688756899606,,,0.8768535266724192,,0.8768686310928167,0.12313136890718335,0.9604719019799627,0.40780499980404983,5,0.1,0.5,0.6074767117346002,0.628466452437928,1.0,0.633470449567048,0.628113675178798,0.6271058879515984,0.6269223919412521,0.6283200582727247,0.6332923776813462,0.6310774209678334,0.6431395497159659,0.6272399014373571
1,3,0.2577449538590701,0.9196898051825232,5287,2.0187482110091617,0.6174801362088536,881,2.023174212001764,0.6393,0.819303059673623,0.08355049778251881,,,0.9105008008708964,,0.9105265799909643,0.08947342000903569,0.9605559960004376,0.4078368035494317,5,0.1,0.5,0.6233791399924297,0.6282872141409658,0.633470449567048,1.0,0.6397655477504247,0.6434324554455952,0.6376307201057002,0.6419094031609894,0.6426089480526427,0.6415230653079581,0.6529745513313655,0.6346018273510445
1,4,0.3104386234824215,0.90403242147923,4935,2.0196737463657675,0.6362530413625304,822,2.023178683302273,0.6394,0.8161578016389158,0.08352704671017175,,,0.9085457842854066,,0.9085588072887907,0.09144119271120932,0.9605642724711586,0.4078355508310167,5,0.1,0.5,0.6140246928422366,0.6388262981394774,0.628113675178798,0.6397655477504247,1.0,0.6424661919491069,0.6325469059831148,0.6355687699371342,0.6442297465139081,0.6368626105606641,0.6415619357214994,0.6340366957183379
1,5,0.28952253679425954,0.9112920505678166,4667,2.0194177293777464,0.6529562982005142,778,2.023164355335906,0.6391,0.8223605775304047,0.08399275595198817,,,0.9473699914812403,,0.947382159530144,0.05261784046985596,0.9605986802078582,0.407850978818375,5,0.1,0.5,0.6255034701898868,0.6315489101618196,0.6271058879515984,0.6434324554455952,0.6424661919491069,1.0,0.6465552964420427,0.6436039169854785,0.6472178234342709,0.6362761838634178,0.6535888071813357,0.6499921358807027
1,6,0.3182493736275605,0.9033460588367392,4453,2.01705331603686,0.6549865229110512,742,2.0232268659451518,0.639,0.8172209699576384,0.0828954021727894,,,0.8558882542398346,,0.8559058280206817,0.1440941719793183,0.9602728624618031,0.4077722904493718,5,0.1,0.5,0.6221934177015469,0.6274558164523514,0.6269223919412521,0.6376307201057002,0.6325469059831148,0.6465552964420427,1.0,0.6409467312976972,0.6444857842938895,0.6413118742344056,0.6440689708947662,0.638947128094174
1,7,0.3154057626459581,0.9030161328033669,4277,2.0301303189733755,0.6451612903225806,713,2.023168521567275,0.6393,0.8159693135642547,0.0831812910797873,,,0.8797216016670527,,0.8797299332362833,0.12027006676371665,0.9604113642545549,0.4078086564955309,5,0.1,0.5,0.613524840022051,0.6266788828885754,0.6283200582727247,0.6419094031609894,0.6355687699371342,0.6436039169854785,0.6409467312976972,1.0,0.6416942787016182,0.6363727111613331,0.6419273668943207,0.6381586187803054
1,8,0.32273396967211737,0.9017679825623638,4129,2.023874521255493,0.6104651162790697,688,2.0231715398855483,0.6392,0.8235981257440966,0.0842642104086777,,,0.9699999999166342,,0.9700015059484965,0.029998494051503455,0.9606127911364903,0.4078534322666086,5,0.1,0.5,0.6273097445820363,0.6312237714211137,0.6332923776813462,0.6426089480526427,0.6442297465139081,0.6472178234342709,0.6444857842938895,0.6416942787016182,1.0,0.6446162472866944,0.6492493329459675,0.6522141115665048
1,9,0.33207810180352276,0.8971757060734816,4001,2.0293993609292165,0.623688155922039,667,2.0238089736658162,0.6376,0.8160537285473652,0.08162523744410462,,,0.75,,0.750002509914161,0.24999749008583905,0.9591363192542894,0.4073576915734671,5,0.1,0.5,0.6132115900631449,0.6309290782467895,0.6310774209678334,0.6415230653079581,0.6368626105606641,0.6362761838634178,0.6413118742344056,0.6363727111613331,0.6446162472866944,1.0,0.6499534779248952,0.6376997286135202
1,10,0.3404005254420345,0.8976086397531499,3889,2.0231693585713706,0.6435185185185185,648,2.023204582567794,0.6392,0.8250835325725158,0.08343426108152664,,,0.9008106393755417,,0.9008332915014307,0.09916670849856934,0.9604217320938048,0.40782984394771865,5,0.1,0.5,0.6221877537760617,0.6293478499978282,0.6431395497159659,0.6529745513313655,0.6415619357214994,0.6535888071813357,0.6440689708947662,0.6419273668943207,0.6492493329459675,0.6499534779248952,1.0,0.6505025474937033
1,11,0.3331208019791281,0.8985491954629385,3791,2.029693078994751,0.6376582278481012,632,2.023319636290066,0.6384,0.8174496773376491,0.08276116774800185,,,0.8446976987326289,,0.8447065910345866,0.15529340896541344,0.9602067643379092,0.4077499649146717,5,0.1,0.5,0.6170578455783282,0.6256948651809923,0.6272399014373571,0.6346018273510445,0.6340366957183379,0.6499921358807027,0.638947128094174,0.6381586187803054,0.6522141115665048,0.6376997286135202,0.6505025474937033,1.0
2,0,0.23155548418998892,0.9284879474068664,8214,1.8095559186713641,0.8451424397370343,1369,1.8179310990598636,0.8345,0.7938897508351901,0.08296244835717807,,,0.8667768248154875,,0.8667938356508207,0.1332061643491793,0.9696055212456731,0.4063904694543531,5,0.1,0.5,1.0,0.613087074516678,0.6133219301857701,0.6191801469770757,0.6155430360325614,0.621817796029356,0.6100824956938944,0.6104356752388465,0.6179095080049616,0.5888387125421931,0.6098125317752603,0.6217413134176282
2,1,0.24507106998076356,0.9263462123516885,6574,1.820494202205113,0.8321167883211679,1096,1.8178598454204231,0.8346,0.810235721379279,0.08358222354032491,,,0.9181994297786076,,0.9182119371517494,0.08178806284825058,0.9697180006036772,0.40644410517838975,5,0.1,0.5,0.613087074516678,1.0,0.6290269102559847,0.6350382256140696,0.6356881387504163,0.6307262508103549,0.6247167843489472,0.6242433086970859,0.6312016574782331,0.612553488287918,0.6263864580797165,0.6386084737165283
2,2,0.2545398671972406,0.924883278575134,5783,1.8229282363768546,0.8298755186721992,964,1.817941310687568,0.8343,0.8115922799233155,0.08316517432890755,,,0.883596952247953,,0.8836102605290899,0.11638973947091014,0.9695777127364645,0.4064145021148585,5,0.1,0.5,0.6133219301857701,0.6290269102559847,1.0,0.6416934572522064,0.6304964140360785,0.6317846167769589,0.6203839546934798,0.6312713584103987,0.6325798187312702,0.6151944485969902,0.6340753984876581,0.6378083753318275
2,3,0.2355490425399628,0.9281634197087195,5287,1.8107269363743919,0.8331441543700341,881,1.8178469235904682,0.8343,0.8233848849668904,0.0838419767978402,,,0.9397510980484998,,0.9397620601375433,0.060237939862456735,0.969705398588171,0.4064531988466377,5,0.1,0.5,0.6191801469770757,0.6350382256140696,0.6416934572522064,1.0,0.6474259263924901,0.6433523564775954,0.6347569879079282,0.6484039131160638,0.647731730730161,0.6214495854015827,0.6418265337682586,0.6500206875738264
2,4,0.27592808184123807,0.9168794326241134,4935,1.8144869987781231,0.8418491484184915,822,1.8178777473803145,0.8343,0.8183157471760035,0.08365019169340933,,,0.9238387318693869,,0.923849204357211,0.07615079564278904,0.9696939976304274,0.4064470359734913,5,0.1,0.5,0.6155430360325614,0.6356881387504163,0.6304964140360785,0.6474259263924901,1.0,0.6372861506745209,0.6321884927001644,0.6449146160289272,0.6375716373841055,0.6189989933260375,0.6372266314322913,0.6442365631766382
2,5,0.2611936743817713,0.9212341975573173,4667,1.8152404165267944,0.8573264781491002,778,1.8178297147964135,0.8344,0.8188832161868244,0.08397765016723258,,,0.9510078864259509,,0.9510315747201445,0.048968425279855454,0.9697425244294158,0.4064559684720929,5,0.1,0.5,0.621817796029356,0.6307262508103549,0.6317846167769589,0.6433523564775954,0.6372861506745209,1.0,0.6325965430516857,0.6421651544718732,0.6434358919608874,0.6115181788687958,0.6428773538039452,0.6473288181798782
2,6,0.28951135921558097,0.9109813608803055,4453,1.8101771126190822,0.8301886792452831,742,1.8180514524539058,0.8341,0.8086585648903946,0.08289697613852472,,,0.8613446098326669,,0.8613573615782341,0.13864263842176594,0.9694729415606363,0.40638110493934615,5,0.1,0.5,0.6100824956938944,0.6247167843489472,0.6203839546934798,0.6347569879079282,0.6321884927001644,0.6325965430516857,1.0,0.6269123502122964,0.6327982572962108,0.6208462190046381,0.6218325445040694,0.6331892357305198
2,7,0.281369690212018,0.9155950432546177,4277,1.8304736406906792,0.8120617110799438,713,1.8179047915120474,0.8343,0.8166779896619659,0.08336477272606478,,,0.9001575855346471,,0.9001807138195874,0.09981928618041258,0.9696101237875742,0.40643125268580493,5,0.1,0.5,0.6104356752388465,0.6242433086970859,0.6312713584103987,0.6484039131160638,0.6449146160289272,0.6421651544718732,0.6269123502122964,1.0,0.6394486848630244,0.6089831100024867,0.6446583807965838,0.6454405686739663
2,8,0.2827597150056905,0.9145071445870671,4129,1.8162774118510159,0.8473837209302325,688,1.81783095144997,0.8344,0.8203076298468513,0.08420655417988851,,,0.9699999999170302,,0.9700015059484965,0.029998494051503455,0.9697597819027748,0.4064581830843778,5,0.1,0.5,0.6179095080049616,0.6312016574782331,0.6325798187312702,0.647731730730161,0.6375716373841055,0.6434358919608874,0.6327982572962108,0.6394486848630244,1.0,0.6175836890011734,0.6471614378095728,0.6503437405244773
2,9,0.3213533994799368,0.901824543864034,4001,1.824433690025693,0.815592203898051,667,1.8193242009074544,0.8328,0.7942032772672032,0.08155498605457338,,,0.75,,0.750002509914161,0.24999749008583905,0.9683544093925678,0.4059272836665332,5,0.1,0.5,0.5888387125421931,0.612553488287918,0.6151944485969902,0.6214495854015827,0.6189989933260375,0.6115181788687958,0.6208462190046381,0.6089831100024867,0.6175836890011734,1.0,0.6149160291771884,0.6246838212361323
2,10,0.30449102747513623,0.908511185394703,3889,1.818906960033235,0.8487654320987654,648,1.8179146245645639,0.8344,0.8156660376204148,0.0834967333549907,,,0.9111063286861366,,0.9111289593895888,0.08887104061041118,0.9696629282975736,0.406439689801292,5,0.1,0.5,0.6098125317752603,0.6263864580797165,0.6340753984876581,0.6418265337682586,0.6372266314322913,0.6428773538039452,0.6218325445040694,0.6446583807965838,0.6471614378095728,0.6149160291771884,1.0,0.6351170586650008
2,11,0.30002941067698374,0.9093115273015036,3791,1.8280144691467286,0.805379746835443,632,1.8181071921278493,0.8341,0.8228068081686682,0.08330031266106527,,,0.8948093487086148,,0.8948195371718287,0.10518046282817128,0.9694782992076035,0.4064262676384767,5,0.1,0.5,0.6217413134176282,0.6386084737165283,0.6378083753318275,0.6500206875738264,0.6442365631766382,0.6473288181798782,0.6331892357305198,0.6454405686739663,0.6503437405244773,0.6246838212361323,0.6351170586650008,1.0
3,0,0.21526847926044568,0.9341855368882396,8214,1.5865588160448296,0.9225712198685172,1369,1.5985673022346374,0.9029,0.792256262253975,0.08341068359076012,,,0.9237715038164613,,0.9237839465890266,0.07621605341097337,0.966713554648837,0.39155368446397426,5,0.1,0.5,1.0,0.613680851944638,0.6154654396787332,0.6056340407752017,0.6118851084846745,0.6151169462278907,0.6042343739754903,0.6031094099846767,0.4801307968220785,0.4864749624817573,0.6094454451120623,0.6005276751546943
3,1,0.22848640794874828,0.9314876787344083,6574,1.6014399187905448,0.8996350364963503,1096,1.5984363110301594,0.9029,0.8019434960719326,0.0841665240051568,,,0.9501008721338997,,0.9501229857938859,0.04987701420611412,0.9668573335207528,0.39156275366353516,5,0.1,0.5,0.613680851944638,1.0,0.621064144747954,0.6126495259603275,0.6242059933396741,0.6221300944392084,0.617448983225293,0.6050386526856734,0.48623155238682564,0.4956466017678207,0.6243895068467179,0.6114252427649532
3,2,0.2298586763132837,0.9324572021442158,5783,1.6027418144287602,0.9024896265560166,964,1.5985528992387814,0.9029,0.8050263177801347,0.08399603919329118,,,0.944162108714214,,0.9441744892324683,0.05582551076753173,0.9667856100673294,0.391561304487613,5,0.1,0.5,0.6154654396787332,0.621064144747954,1.0,0.6234757692702618,0.6244687093177522,0.6170352439553684,0.6170214432629709,0.6143631531550305,0.4836063700279203,0.4998173470318381,0.6261849068802985,0.622367934811141
3,3,0.21676553780751595,0.9339133724229242,5287,1.588336923292705,0.9012485811577753,881,1.5984041405181153,0.903,0.808479342125078,0.08457049269574039,,,0.9641729437517937,,0.9641835249234476,0.03581647507655239,0.9668841866220367,0.3915647651687299,5,0.1,0.5,0.6056340407752017,0.6126495259603275,0.6234757692702618,1.0,0.6236563555337142,0.6314082806979737,0.6257224115939102,0.6273845018713747,0.48829128940723593,0.49922376978664607,0.6318182137135507,0.624840550231482
3,4,0.2519971463492801,0.9228368794326242,4935,1.5957230375363276,0.8905109489051095,822,1.5984506595629853,0.9029,0.8103920214401498,0.0845095253707696,,,0.9620491738078878,,0.9620651573716179,0.03793484262838209,0.9668704378406106,0.3915645508171936,5,0.1,0.5,0.6118851084846745,0.6242059933396741,0.6244687093177522,0.6236563555337142,1.0,0.6296079861619347,0.6301968533439508,0.6239407811748948,0.4969525808904546,0.4993879182757148,0.6261615471865631,0.6224384096043806
3,5,0.23545974976549003,0.9295478894364688,4667,1.5962121725082397,0.9280205655526992,778,1.598391188600193,0.9029,0.8106516008350666,0.08473777071509608,,,0.9699999999651654,,0.9700015059484965,0.029998494051503455,0.9668910867135926,0.3915652457976021,5,0.1,0.5,0.6151169462278907,0.6221300944392084,0.6170352439553684,0.6314082806979737,0.6296079861619347,1.0,0.6209760309227375,0.624229324238789,0.4906951337665183,0.4998092392098089,0.6343582507038251,0.6284904644823679
3,6,0.26109310042345896,0.9209521670783741,4453,1.589847092827161,0.894878706199461,742,1.5986965346260193,0.903,0.8046872446091604,0.08380464572463102,,,0.9374950014334689,,0.937508157221023,0.062491842778977014,0.9666879765594716,0.3915592838765209,5,0.1,0.5,0.6042343739754903,0.617448983225293,0.6170214432629709,0.6257224115939102,0.6301968533439508,0.6209760309227375,1.0,0.6226837785696538,0.48732227155215396,0.49989081205845587,0.6193097888991567,0.6179758980995589
3,7,0.25335440626576433,0.9254150105213935,4277,1.6162117615990017,0.8962131837307152,713,1.5984995380377236,0.903,0.8034114285784797,0.08407272141557574,,,0.9468333001925653,,0.9468500577280257,0.05314994227197434,0.9668182263010665,0.39156196948620825,5,0.1,0.5,0.6031094099846767,0.6050386526856734,0.6143631531550305,0.6273845018713747,0.6239407811748948,0.624229324238789,0.6226837785696538,1.0,0.4813362005333343,0.49913021950947,0.6223457843700314,0.6251717601174285
3,8,0.3596385382287777,0.9048195689028821,4129,1.594165184281089,0.9084302325581395,688,1.5988957181144445,0.903,0.66757137151686,0.07985221320475298,,,0.7998137534034119,,0.7998192861804126,0.20018071381958735,0.9662360774175492,0.39129594755300856,5,0.1,0.5,0.4801307968220785,0.48623155238682564,0.4836063700279203,0.48829128940723593,0.4969525808904546,0.4906951337665183,0.48732227155215396,0.4813362005333343,1.0,0.4018728620462828,0.4873095223728623,0.48250934093659015
3,9,0.3513724506592437,0.9036240939765059,4001,1.6071057944070726,0.8875562218890555,667,1.6007881591114372,0.9025,0.6773443918075401,0.07842220365947454,,,0.75,,0.750002509914161,0.24999749008583905,0.9652239427979759,0.39101236088716784,5,0.1,0.5,0.4864749624817573,0.4956466017678207,0.4998173470318381,0.49922376978664607,0.4993879182757148,0.4998092392098089,0.49989081205845587,0.49913021950947,0.4018728620462828,1.0,0.5004967009587831,0.4953066199693268
3,10,0.2754488312685099,0.917922345075855,3889,1.6009044590450467,0.8966049382716049,648,1.598488285899543,0.903,0.8099452835858283,0.08439111334741342,,,0.9579243430674643,,0.9579338386627178,0.04206616133728225,0.966842274115148,0.3915640357158324,5,0.1,0.5,0.6094454451120623,0.6243895068467179,0.6261849068802985,0.6318182137135507,0.6261615471865631,0.6343582507038251,0.6193097888991567,0.6223457843700314,0.4873095223728623,0.5004967009587831,1.0,0.6275485859190766
3,11,0.2687901745573813,0.9197045634397256,3791,1.6134869396686553,0.8876582278481012,632,1.5987356722164459,0.9029,0.8044472121869768,0.08406606707733803,,,0.9466014992475082,,0.9466241654535414,0.053375834546458556,0.9668091408997405,0.3915619434879931,5,0.1,0.5,0.6005276751546943,0.6114252427649532,0.622367934811141,0.624840550231482,0.6224384096043806,0.6284904644823679,0.6179758980995589,0.6251717601174285,0.48250934093659015,0.4953066199693268,0.6275485859190766,1.0
4,0,0.20215906689001487,0.938227416605795,8214,1.34279353674068,0.9481373265157049,1369,1.358292364464781,0.9302,0.7855460095252705,0.08347788522331105,,,0.9345119678843112,,0.9345263791978314,0.06547362080216856,0.9648708224708015,0.3917449190164724,5,0.1,0.5,1.0,0.5988696988213084,0.6005580327171374,0.5925383605678048,0.5941362384449954,0.5991759046137889,0.5924743244681249,0.5885694956126684,0.44358125788942304,0.585113147840087,0.5926332165023396,0.5908776807479554
4,1,0.2094934716357316,0.9379677517493155,6574,1.3616258484976633,0.926094890510949,1096,1.358105026875822,0.9301,0.7916108004920825,0.08419723041412153,,,0.9517669552779806,,0.9517845489684252,0.04821545103157476,0.9649119547523476,0.3917503248841212,5,0.1,0.5,0.5988696988213084,1.0,0.6031429376537557,0.5946569364034594,0.6027143075410291,0.5975298582866221,0.6004042213383498,0.5998534801978116,0.44217525577232236,0.5945897809531704,0.603735162447877,0.5942777752057922
4,2,0.21955177810001933,0.9346014179491613,5783,1.360510729974316,0.9294605809128631,964,1.358248050982198,0.9303,0.7966536058224272,0.08426074857331475,,,0.9532905701573869,,0.9533005371216304,0.04669946287836957,0.9649120972110241,0.39175067049584134,5,0.1,0.5,0.6005580327171374,0.6031429376537557,1.0,0.6094494222545703,0.6039607520040805,0.602739597000979,0.5978861955039853,0.6065069697113414,0.4508140830927715,0.596573501905773,0.6017922385160056,0.6067717375253395
4,3,0.19515106896589318,0.9425761301305088,5287,1.3451989505972182,0.9307604994324631,881,1.358048608889595,0.9302,0.799932982101082,0.08476062623059076,,,0.9652811732570704,,0.9653029466392249,0.03469705336077511,0.9649186344595965,0.39175268632064825,5,0.1,0.5,0.5925383605678048,0.5946569364034594,0.6094494222545703,1.0,0.6066784401250578,0.6158567371813863,0.6048749888114401,0.6120065449453626,0.46101862642996294,0.6015842417554592,0.6055633795874497,0.6045464088239914
4,4,0.2326582352312342,0.9292401215805471,4935,1.355998722406534,0.9221411192214112,822,1.3581109622035163,0.9303,0.79819961833398,0.08465878612788902,,,0.9628383270258908,,0.9628532704181517,0.03714672958184828,0.9649177897479289,0.3917523788936641,5,0.1,0.5,0.5941362384449954,0.6027143075410291,0.6039607520040805,0.6066784401250578,1.0,0.6067507896411938,0.6051549051532007,0.6059370414086029,0.4537622189325457,0.608304220650132,0.6037637983724209,0.6019081718595634
4,5,0.21567883884968006,0.937090207842297,4667,1.3574074602127075,0.9408740359897172,778,1.3580344359333905,0.93,0.8023406566726998,0.08495734995046926,,,0.9699999999760128,,0.9700015059484965,0.029998494051503455,0.9649249779136841,0.3917531521151652,5,0.1,0.5,0.5991759046137889,0.5975298582866221,0.602739597000979,0.6158567371813863,0.6067507896411938,1.0,0.6125329260438863,0.6036923638809666,0.4622794014260368,0.6010102877769032,0.61695932147981,0.6119697994761348
4,6,0.24283757486380636,0.9276891982932854,4453,1.3476420044898987,0.9272237196765498,742,1.3584087275849364,0.9303,0.7988664380177556,0.0842106113292762,,,0.9520879242998899,,0.952105817981025,0.047894182018974996,0.9649052596015806,0.39175042506890434,5,0.1,0.5,0.5924743244681249,0.6004042213383498,0.5978861955039853,0.6048749888114401,0.6051549051532007,0.6125329260438863,1.0,0.6089789719310535,0.45545355806787935,0.6112417198110258,0.601822200992083,0.6120110475524286
4,7,0.23106069047726802,0.9311199438859014,4277,1.3811014994331028,0.9186535764375876,713,1.3581817778535545,0.9303,0.7971059293010826,0.0843279889386983,,,0.9549034698776613,,0.9549119020129512,0.045088097987048825,0.9649128689437556,0.39175101102295706,5,0.1,0.5,0.5885694956126684,0.5998534801978116,0.6065069697113414,0.6120065449453626,0.6059370414086029,0.6036923638809666,0.6089789719310535,1.0,0.4503900935381994,0.599124525036891,0.6000633678939121,0.608997687146834
4,8,0.3071633137218081,0.9187212400096876,4129,1.352648225697604,0.936046511627907,688,1.359126331326299,0.93,0.6347391136162541,0.07578574417931051,,,0.75,,0.750002509914161,0.24999749008583905,0.9634881530602601,0.39117157288576215,5,0.1,0.5,0.44358125788942304,0.44217525577232236,0.4508140830927715,0.46101862642996294,0.4537622189325457,0.4622794014260368,0.45545355806787935,0.4503900935381994,1.0,0.45944515300423705,0.45379749565787675,0.45819178266428173
4,9,0.2461716185604769,0.9254186453386654,4001,1.3676369814645677,0.9175412293853074,667,1.3607784543936245,0.93,0.7926602526252338,0.08039047261626103,,,0.8604539686173921,,0.8604738717935847,0.1395261282064153,0.9635544971064436,0.39166414125881205,5,0.1,0.5,0.585113147840087,0.5945897809531704,0.596573501905773,0.6015842417554592,0.608304220650132,0.6010102877769032,0.6112417198110258,0.599124525036891,0.45944515300423705,1.0,0.6042994604858276,0.6088321863984365
4,10,0.25256455993798915,0.9254307019799435,3889,1.3615567173276628,0.9243827160493827,648,1.3581440231670587,0.9303,0.7980048122278662,0.08457269208749175,,,0.9607731827798424,,0.9607901209778625,0.03920987902213746,0.9649138173674244,0.39175208643279746,5,0.1,0.5,0.5926332165023396,0.603735162447877,0.6017922385160056,0.6055633795874497,0.6037637983724209,0.61695932147981,0.601822200992083,0.6000633678939121,0.45379749565787675,0.6042994604858276,1.0,0.6070171284521251
4,11,0.24265982239906278,0.9286204167765761,3791,1.3784552752971648,0.9272151898734177,632,1.3584306704731415,0.9303,0.7992732586614284,0.08439986432926591,,,0.9566275502969128,,0.9566487626123187,0.04335123738768132,0.9649110600960178,0.3917513817159648,5,0.1,0.5,0.5908776807479554,0.5942777752057922,0.6067717375253395,0.6045464088239914,0.6019081718595634,0.6119697994761348,0.6120110475524286,0.608997687146834,0.45819178266428173,0.6088321863984365,0.6070171284521251,1.0
5,0,0.18928179369717546,0.9420501582663745,8214,1.103238582611084,0.9576333089846604,1369,1.121543546073353,0.9418,0.7752335638701414,0.08377387916016739,,,0.9388249208299957,,0.9388333918979971,0.06116660810200292,0.9643299958912858,0.38313819268627186,5,0.1,0.5,1.0,0.5787656264484116,0.5841878906633939,0.5859915004742853,0.5728308411499389,0.5847321449438636,0.5653821276566259,0.5725078730911201,0.5653184186736784,0.36458953989229737,0.5743912886231466,0.5706186214359371
5,1,0.19747009392854875,0.9411013081837541,6574,1.1248122317450386,0.9388686131386861,1096,1.1213291024628538,0.9418,0.7794843293194375,0.0844095794134761,,,0.9508973350348201,,0.9509110988404197,0.04908890115958031,0.9643625696938489,0.38314163330309525,5,0.1,0.5,0.5787656264484116,1.0,0.5800454897462132,0.5792754109501668,0.5831118442880253,0.5841410643962108,0.5796512856262778,0.5690009112059643,0.5690019682292274,0.3778838872309918,0.5817956553848371,0.5726620222968956
5,2,0.1997419275857961,0.9412761542452015,5783,1.1223477163622457,0.9325726141078838,964,1.121484427215954,0.9418,0.7852190640546498,0.08465585043711232,,,0.9555742024554451,,0.9555945986647256,0.044405401335274375,0.9643632819006461,0.3831425994458449,5,0.1,0.5,0.5841878906633939,0.5800454897462132,1.0,0.5957641811492537,0.576992265379392,0.5844383871151035,0.5791293765839146,0.5725322756670859,0.5859121886989955,0.3783912954164242,0.5876015301496282,0.5838370621964377
5,3,0.17904943004699356,0.9463968223945527,5287,1.1062286091702325,0.9398410896708286,881,1.1212602537660934,0.9418,0.7958537602756746,0.08537009992506313,,,0.9691383242553753,,0.9691481351337784,0.0308518648662216,0.9643673680513087,0.3831443357819267,5,0.1,0.5,0.5859915004742853,0.5792754109501668,0.5957641811492537,1.0,0.5926118289491177,0.6012405610207257,0.5920800385178125,0.5915660356474629,0.5955120654556357,0.3768378875509332,0.6045476000323314,0.5883415761742357
5,4,0.2131538849348022,0.9365754812563323,4935,1.1199089884757996,0.9391727493917275,822,1.12132915273642,0.9417,0.7850086884663225,0.0849166942011185,,,0.9605278169072844,,0.9605491692184127,0.03945083078158729,0.9643638017690233,0.38314338948930426,5,0.1,0.5,0.5728308411499389,0.5831118442880253,0.576992265379392,0.5926118289491177,1.0,0.5914823772467207,0.5820752120185925,0.5817527366784462,0.5846972024534657,0.3801695941575495,0.5816563816322784,0.5773839918799478
5,5,0.19900642375219357,0.9413756160274266,4667,1.1194776821136474,0.9575835475578406,778,1.1212470167741988,0.9418,0.793394940608571,0.08541547340776194,,,0.9699999999810092,,0.9700015059484965,0.029998494051503455,0.9643686828118468,0.38314439066650924,5,0.1,0.5,0.5847321449438636,0.5841410643962108,0.5844383871151035,0.6012405610207257,0.5914823772467207,1.0,0.5849004733243163,0.5878747718435959,0.588156146784624,0.37681876549773086,0.6023202011743404,0.5936264094371827
5,6,0.21825912748396928,0.9341567482596003,4453,1.1102635264396667,0.9380053908355795,742,1.1216564734522907,0.9418,0.7839057537550109,0.08457546096541155,,,0.9540475474084673,,0.954058531198233,0.04594146880176697,0.9643630607799227,0.3831423150931251,5,0.1,0.5,0.5653821276566259,0.5796512856262778,0.5791293765839146,0.5920800385178125,0.5820752120185925,0.5849004733243163,1.0,0.5776564608551231,0.585798448908329,0.3832748214276295,0.5819477933902136,0.585289034602355
5,7,0.21496238998526623,0.9361234510170681,4277,1.1477380576341047,0.9326788218793829,713,1.1214165634240587,0.9418,0.7816463568743406,0.0845744242264574,,,0.9540278589751034,,0.9540434717132674,0.04595652828673258,0.9643638876417854,0.3831423145443076,5,0.1,0.5,0.5725078730911201,0.5690009112059643,0.5725322756670859,0.5915660356474629,0.5817527366784462,0.5878747718435959,0.5776564608551231,1.0,0.5875417510120086,0.3682113304735695,0.5838041083631126,0.5831192248783318
5,8,0.2172670098859817,0.9356744974570114,4129,1.1149602803316983,0.9505813953488372,688,1.122394393046443,0.9418,0.7815855295200782,0.07881414756641723,,,0.8446359790561622,,0.8446463530947241,0.15535364690527587,0.9628657624104814,0.383019118384144,5,0.1,0.5,0.5653184186736784,0.5690019682292274,0.5859121886989955,0.5955120654556357,0.5846972024534657,0.588156146784624,0.585798448908329,0.5875417510120086,1.0,0.3764407408354567,0.5895219767322716,0.5891731150976075
5,9,0.3510187230560751,0.909372656835791,4001,1.1331173664047605,0.9295352323838081,667,1.1243568757852427,0.9417,0.5536334657485222,0.073830876214273,,,0.75,,0.750002509914161,0.24999749008583905,0.9630383111133749,0.38256312932982917,5,0.1,0.5,0.36458953989229737,0.3778838872309918,0.3783912954164242,0.3768378875509332,0.3801695941575495,0.37681876549773086,0.3832748214276295,0.3682113304735695,0.3764407408354567,1.0,0.3636531180775015,0.3669267422118745
5,10,0.22762286797715503,0.9336076112111082,3889,1.126152509734744,0.9351851851851852,648,1.1213625718991216,0.9418,0.7881674533436088,0.08497072590442448,,,0.9615539185945292,,0.9615732141960744,0.038426785803925556,0.9643646462318332,0.3831435291869257,5,0.1,0.5,0.5743912886231466,0.5817956553848371,0.5876015301496282,0.6045476000323314,0.5816563816322784,0.6023202011743404,0.5819477933902136,0.5838041083631126,0.5895219767322716,0.3636531180775015,1.0,0.5822487274418549
5,11,0.22079204970328997,0.9347401740965444,3791,1.1459307014942168,0.9382911392405063,632,1.121662064672659,0.9417,0.7836170308408353,0.08469278857831684,,,0.9562756848573417,,0.9562973746297877,0.0437026253702123,0.9643635923557796,0.3831427048291134,5,0.1,0.5,0.5706186214359371,0.5726620222968956,0.5838370621964377,0.5883415761742357,0.5773839918799478,0.5936264094371827,0.585289034602355,0.5831192248783318,0.5891731150976075,0.3669267422118745,0.5822487274418549,1.0
6,0,0.17995829115393444,0.9448746043340638,8214,0.8650783660799958,0.9634769905040176,1369,0.8856000662230836,0.9491,0.7633035397557338,0.08337727566413738,,,0.9289491590478974,,0.928959389588876,0.07104061041112397,0.9650337942960605,0.3853909068783425,5,0.1,0.5,1.0,0.5596127243460627,0.5648709765073937,0.5527430982099717,0.5442179033698732,0.55667573719226,0.5473225905353377,0.5431634674782712,0.555644379109208,0.5184045000891991,0.5570997938898526,0.5543008821348863
6,1,0.1860868334413045,0.945177973836325,6574,0.8883666634559632,0.9461678832116789,1096,0.8853773750817052,0.9493,0.7743226677131924,0.08419502305081575,,,0.9481802390312026,,0.9481953717182873,0.05180462828171273,0.965067089662218,0.38539768506209615,5,0.1,0.5,0.5596127243460627,1.0,0.5737343609221013,0.5588285434586888,0.5638098050478326,0.5658114504678734,0.5594642688432966,0.5531724887757892,0.5581203167313107,0.5348522014224039,0.5639581185648718,0.5617882443651779
6,2,0.1872047877628665,0.9444924779526197,5783,0.8848644110464281,0.9429460580912863,964,0.8855385553722565,0.9491,0.7799813064937514,0.08456102473563026,,,0.9567875519854913,,0.9568043772902967,0.04319562270970334,0.9650758899184874,0.38539945573716977,5,0.1,0.5,0.5648709765073937,0.5737343609221013,1.0,0.5676069765264433,0.563426754507843,0.5701106358155815,0.5640251530005503,0.5529349806619576,0.5665583171877272,0.5415890344202362,0.5706148950018407,0.5693261792803788
6,3,0.16976030881640064,0.9483260828447134,5287,0.8687080166169575,0.9466515323496028,881,0.8853060102310425,0.9491,0.7751552431610189,0.08487062350293813,,,0.9640684296181483,,0.9640781085286884,0.03592189147131164,0.9650821941574752,0.38540045665710304,5,0.1,0.5,0.5527430982099717,0.5588285434586888,0.5676069765264433,1.0,0.5602169427407647,0.5671505239775547,0.5574121900784035,0.5620189930375915,0.5662673413772594,0.5340456439646926,0.5682652889077486,0.5615492632189945
6,4,0.19961439808470108,0.9388449848024316,4935,0.8847931142036731,0.9501216545012166,822,0.8853781381354164,0.9492,0.7698201589872967,0.08437674148472608,,,0.9524537369278644,,0.9524672456201998,0.0475327543798002,0.9650744459501861,0.38539862807750713,5,0.1,0.5,0.5442179033698732,0.5638098050478326,0.563426754507843,0.5602169427407647,1.0,0.559096336638374,0.558254997239616,0.5581406128867162,0.5557994854963575,0.5345596749059133,0.5561928064103011,0.555554136958873
6,5,0.18243293968118626,0.9468180844225412,4667,0.8820785021781922,0.9640102827763496,778,0.8852948586399944,0.9492,0.7814172423443975,0.08512284678751901,,,0.9699999999764828,,0.9700015059484965,0.029998494051503455,0.9650835285762077,0.3854009828922775,5,0.1,0.5,0.55667573719226,0.5658114504678734,0.5701106358155815,0.5671505239775547,0.559096336638374,1.0,0.5664516479064153,0.5631603940202945,0.5696386226995271,0.5397019521635792,0.5776504034735609,0.5784295405682267
6,6,0.20689879223837385,0.9384684482371435,4453,0.8734182640910149,0.9474393530997305,742,0.8857031679762819,0.9491,0.7731288925186198,0.08426434367084103,,,0.9498104617746997,,0.9498217960945735,0.05017820390542649,0.96507124175773,0.38539805647120107,5,0.1,0.5,0.5473225905353377,0.5594642688432966,0.5640251530005503,0.5574121900784035,0.558254997239616,0.5664516479064153,1.0,0.5563874563523408,0.5598798793384532,0.5418814015536698,0.5626512024784016,0.5686095334631287
6,7,0.19565944002746646,0.9432779985971476,4277,0.9148063167281772,0.938288920056101,713,0.8854677201079103,0.9492,0.7676481498130322,0.08406960466715538,,,0.9452307573124697,,0.9452537523216706,0.05474624767832936,0.9650673166243897,0.38539692121393454,5,0.1,0.5,0.5431634674782712,0.5531724887757892,0.5529349806619576,0.5620189930375915,0.5581406128867162,0.5631603940202945,0.5563874563523408,1.0,0.5606236605453748,0.5277563126396103,0.5530119616532672,0.5602864977053624
6,8,0.20045114218823212,0.9410026640833131,4129,0.8792000954801386,0.9549418604651163,688,0.8865280090429531,0.9494,0.7716023531588029,0.08033477257884693,,,0.857398187273668,,0.8574117765172431,0.1425882234827569,0.9645351885848075,0.38530090357459473,5,0.1,0.5,0.555644379109208,0.5581203167313107,0.5665583171877272,0.5662673413772594,0.5557994854963575,0.5696386226995271,0.5598798793384532,0.5606236605453748,1.0,0.5353137001661338,0.5637943903581834,0.5659017769493992
6,9,0.2128217858956059,0.9345663584103974,4001,0.8991723145757403,0.9355322338830585,667,0.8887199536680033,0.9485,0.7372942278896766,0.07576796785164089,,,0.75,,0.750002509914161,0.24999749008583905,0.9632425015607476,0.3847892466839967,5,0.1,0.5,0.5184045000891991,0.5348522014224039,0.5415890344202362,0.5340456439646926,0.5345596749059133,0.5397019521635792,0.5418814015536698,0.5277563126396103,0.5353137001661338,1.0,0.53330355783633,0.5313374426741538
