round,client_id,client_i_training_loss,client_i_training_accuracy,client_i_training_dataset_size,client_i_evaluation_loss,client_i_evaluation_accuracy,client_i_evaluation_dataset_size,client_i_central_evaluation_loss,client_i_central_evaluation_accuracy,client_i_cosine_similarity,client_i_importance_coefficient,client_i_tanh_val,tanh_normalization_value,client_i_q,client_i_mask_order,client_i_v_nonzero_fraction,client_i_v_sparsity,client_i_v_cosine_similarity,client_i_reward_gradient_norm,local_epochs,learning_rate,gamma,client_0_cosine_similarity,client_1_cosine_similarity,client_2_cosine_similarity,client_3_cosine_similarity,client_4_cosine_similarity,client_5_cosine_similarity,client_6_cosine_similarity,client_7_cosine_similarity,client_8_cosine_similarity,client_9_cosine_similarity,client_10_cosine_similarity,client_11_cosine_similarity
0,0,0.28040723779641,0.9113221329437545,8214,2.1849298199941947,0.3593864134404675,1369,2.188434721181949,0.3398,0.7989776845434214,0.08478677957224444,,,0.9454421103824435,,0.9454595652828673,0.05454043471713266,0,0.39393007194354085,5,0.1,0.5,1.0,0.574909584754458,0.5760912281126239,0.5921724866195134,0.5692549113080525,0.5813756642332505,0.5814415350234425,0.5823945606027037,0.58520171558598,0.47881020971492494,0.5697140562513183,0.5705939060625652
0,1,0.3103739108899337,0.9022512929723152,6574,2.1872168472834996,0.3521897810218978,1096,2.1884348278228467,0.3397,0.8016558581502375,0.08507098490069123,,,0.9499999999839627,,0.9500025099141609,0.04999749008583909,0,0.39393060641302646,5,0.1,0.5,0.574909584754458,1.0,0.5868108590998189,0.5881326288213298,0.5941652459879407,0.5920334453027823,0.583684505411409,0.6144888666225783,0.6072409716431045,0.5179255405066765,0.5868380673421204,0.6099223289293636
0,2,0.3329911104017529,0.8954521874459623,5783,2.187095295998358,0.3475103734439834,964,2.1884315859395476,0.3396,0.7944715762216067,0.08430859548725503,,,0.9377733228882176,,0.9377842477787259,0.06221575222127407,0,0.3939289411024665,5,0.1,0.5,0.5760912281126239,0.5868108590998189,1.0,0.6005788658514648,0.6004661041031758,0.593313506291697,0.6048318475358053,0.5866137249822374,0.6019441084398939,0.505333952416684,0.5903114038037516,0.5989581487560087
0,3,0.3275311050285776,0.8966521656894268,5287,2.19079452753067,0.337116912599319,881,2.1884347044240933,0.3398,0.7990170992130705,0.08479096222086167,,,0.94550918882444,,0.9455298428793735,0.05447015712062653,0,0.3939300996488234,5,0.1,0.5,0.5921724866195134,0.5881326288213298,0.6005788658514648,1.0,0.5950698633505522,0.6012556234755475,0.6002279441452512,0.6171305001410229,0.6239364330801696,0.5079239491102305,0.5934488834483952,0.6090827743737254
0,4,0.3299098156620899,0.8971428571428571,4935,2.190949421662551,0.3333333333333333,822,2.1884316476389243,0.3396,0.7936521588688825,0.08422163966882962,,,0.9363787852743073,,0.9363987751618895,0.06360122483811048,0,0.39392869192223295,5,0.1,0.5,0.5692549113080525,0.5941652459879407,0.6004661041031758,0.5950698633505522,1.0,0.6035887172804383,0.6035001981015186,0.6128584434886363,0.6170805398510764,0.5105894700206363,0.601555595881067,0.6135911412516006
0,5,0.34838785915189,0.8943646882365546,4667,2.1840318298339843,0.3444730077120823,778,2.1884314968182257,0.3396,0.7936935466330438,0.08422603170042804,,,0.9364492216565574,,0.9364640329300737,0.06353596706992626,0,0.39392869874207614,5,0.1,0.5,0.5813756642332505,0.5920334453027823,0.593313506291697,0.6012556234755475,0.6035887172804383,1.0,0.6135834074017449,0.615315507805771,0.6066024486569387,0.5096965797601833,0.6071706489830158,0.6138282411709833
0,6,0.3580420862750283,0.8869526162137884,4453,2.1839877168337503,0.3288409703504043,742,2.188430918672214,0.3396,0.7923806192748629,0.08408670505255543,,,0.9342147966968861,,0.9342251894985192,0.06577481050148082,0,0.39392829957051845,5,0.1,0.5,0.5814415350234425,0.583684505411409,0.6048318475358053,0.6002279441452512,0.6035001981015186,0.6135834074017449,1.0,0.6157185153892691,0.6209416588159997,0.5078882380845212,0.6035396771421727,0.6071436905464016
0,7,0.37434810403345237,0.8823006780453589,4277,2.187983461048292,0.3436185133239832,713,2.188432759751146,0.3398,0.7964232613363731,0.08451570652279626,,,0.9410948272400614,,0.9411123939561267,0.05888760604387333,0,0.3939294847359718,5,0.1,0.5,0.5823945606027037,0.6144888666225783,0.5866137249822374,0.6171305001410229,0.6128584434886363,0.615315507805771,0.6157185153892691,1.0,0.6170884337590538,0.5151778457454067,0.6055558439701304,0.6042497467322456
0,8,0.3683834126944063,0.8843303463308307,4129,2.19301082871177,0.3183139534883721,688,2.1884347013772105,0.3398,0.7990356859742012,0.08479293463091696,,,0.9455408209804239,,0.9455599618493048,0.0544400381506952,0,0.39393010198588435,5,0.1,0.5,0.58520171558598,0.6072409716431045,0.6019441084398939,0.6239364330801696,0.6170805398510764,0.6066024486569387,0.6209416588159997,0.6170884337590538,1.0,0.5141183409723215,0.60945340151122,0.6215978889051665
0,9,0.4401295504593734,0.867583104223944,4001,2.1946560882386708,0.31634182908545727,667,2.1885170928967264,0.3401,0.6841377152926852,0.07260006729315283,,,0.75,,0.750002509914161,0.24999749008583905,0,0.3936305409012583,5,0.1,0.5,0.47881020971492494,0.5179255405066765,0.505333952416684,0.5079239491102305,0.5105894700206363,0.5096965797601833,0.5078882380845212,0.5151778457454067,0.5141183409723215,1.0,0.5061469652132455,0.5115251367337487
0,10,0.3851814088274221,0.8805348418616611,3889,2.189546812148321,0.3472222222222222,648,2.188434738701525,0.3397,0.7804641254982738,0.08282213765517304,,,0.9139345344567351,,0.9139450830781587,0.0860549169218413,0,0.3939231032831623,5,0.1,0.5,0.5697140562513183,0.5868380673421204,0.5903114038037516,0.5934488834483952,0.601555595881067,0.6071706489830158,0.6035396771421727,0.6055558439701304,0.60945340151122,0.5061469652132455,1.0,0.6053213782502512
0,11,0.4072525019780928,0.868108678448958,3791,2.1883658885955812,0.31962025316455694,632,2.1884305446673507,0.3397,0.7894664426024187,0.0837774552950953,,,0.9292552617666192,,0.9292706189448321,0.0707293810551679,0,0.39392729249899866,5,0.1,0.5,0.5705939060625652,0.6099223289293636,0.5989581487560087,0.6090827743737254,0.6135911412516006,0.6138282411709833,0.6071436905464016,0.6042497467322456,0.6215978889051665,0.5115251367337487,0.6053213782502512,1.0
1,0,0.24956021061862896,0.9234964694424154,8214,2.0221810978512433,0.6851716581446311,1369,2.026705153833944,0.6788,0.7935154303228021,0.08366210143403223,,,0.9304308542999006,,0.9304502786004719,0.06954972139952809,0.9598483398515147,0.4058454801708503,5,0.1,0.5,1.0,0.606362048112442,0.6056469495338622,0.6193282901804064,0.6082568391519351,0.6217054739392455,0.6093462141747175,0.6170546519597023,0.6013264550134122,0.5997112450091324,0.6123210250106234,0.6198713341634429
1,1,0.27770543888265503,0.914663827198053,6574,2.0257506949560984,0.6934306569343066,1096,2.02670827269935,0.6788,0.8057378577145855,0.08427526133038854,,,0.9451035393156787,,0.9451282566136238,0.05487174338637624,0.9598544730845338,0.4058483799243357,5,0.1,0.5,0.606362048112442,1.0,0.6108519812473246,0.6189969198718662,0.623503099873821,0.6343766597090383,0.6132303936937433,0.6291421587560704,0.6304708870890348,0.6225817324443741,0.6226872704981944,0.6283303425534524
1,2,0.30223539683720846,0.9056890887082829,5783,2.021823763847351,0.6794605809128631,964,2.0267000087914755,0.6788,0.8049168428583635,0.08374268250719326,,,0.9323591289828197,,0.9323728728477486,0.06762712715225139,0.9598469872438284,0.40584595308722926,5,0.1,0.5,0.6056469495338622,0.6108519812473246,1.0,0.6249905305311919,0.6247975948589032,0.6298457441083014,0.6261516179369206,0.6279489841794997,0.6145112257800415,0.6303136252552731,0.6151858302596842,0.6269318792452054
1,3,0.2879393840275974,0.9114053338377152,5287,2.027370806251253,0.6889897843359818,881,2.0267053560707895,0.6789,0.8169390826918494,0.0844798805468312,,,0.9499999999760703,,0.9500025099141609,0.04999749008583909,0.9598543349879474,0.40584904379127257,5,0.1,0.5,0.6193282901804064,0.6189969198718662,0.6249905305311919,1.0,0.6272501943349246,0.6390806685894578,0.6368120481349916,0.632615791394875,0.6387884904436741,0.6415471882638091,0.635676295007731,0.6374159838157584
1,4,0.2920848391493482,0.9090577507598784,4935,2.031365325817695,0.6605839416058394,822,2.026702666434998,0.6787,0.8107723140309968,0.08388893454683327,,,0.9358588851203379,,0.9358767130164148,0.06412328698358516,0.9598469555457024,0.40584672822935386,5,0.1,0.5,0.6082568391519351,0.623503099873821,0.6247975948589032,0.6272501943349246,1.0,0.6365885907437419,0.618748952183859,0.6377703459461904,0.6296366229637309,0.6254287593907509,0.6212977504521046,0.6399042977943845
1,5,0.3084396262244921,0.9078637240197128,4667,2.0215653944015504,0.6748071979434447,778,2.026703317325336,0.6788,0.8220028159804597,0.08428259765976669,,,0.9452790949101937,,0.9452989307765675,0.05470106922343254,0.9598498423649209,0.4058483957054899,5,0.1,0.5,0.6217054739392455,0.6343766597090383,0.6298457441083014,0.6390806685894578,0.6365885907437419,1.0,0.6280101204467874,0.644451365588462,0.6344416705958383,0.6384314113061506,0.6484245844430537,0.648005477759101
1,6,0.3158867489187313,0.9003817651021783,4453,2.021928975979487,0.692722371967655,742,2.0266993327643545,0.6788,0.8101360255489765,0.0837775905790811,,,0.9331944659746259,,0.9332061643491792,0.06679383565082075,0.9598445699523368,0.40584616399249823,5,0.1,0.5,0.6093462141747175,0.6132303936937433,0.6261516179369206,0.6368120481349916,0.618748952183859,0.6280101204467874,1.0,0.628642481312453,0.636017711520872,0.628536630910273,0.6277163575776233,0.6349777664349897
1,7,0.32517162728776683,0.8984802431610942,4277,2.0269464513529902,0.6872370266479664,713,2.0267005442811277,0.6788,0.8192570629045078,0.08437856324189631,,,0.9475755150891898,,0.9475929923196627,0.05240700768033735,0.9598534767594857,0.40584873935371935,5,0.1,0.5,0.6170546519597023,0.6291421587560704,0.6279489841794997,0.632615791394875,0.6377703459461904,0.644451365588462,0.628642481312453,1.0,0.6354823418477278,0.6345531015886343,0.6460596839870504,0.6414699434542667
1,8,0.33476302015391973,0.8988132719786873,4129,2.0332023284652014,0.6569767441860465,688,2.026705283707323,0.6788,0.8131298435238951,0.08434864397250993,,,0.9468595582593037,,0.9468751568696351,0.05312484313036492,0.9598555993454231,0.40584862160374524,5,0.1,0.5,0.6013264550134122,0.6304708870890348,0.6145112257800415,0.6387884904436741,0.6296366229637309,0.6344416705958383,0.636017711520872,0.6354823418477278,1.0,0.6242391090688109,0.6361830751052086,0.6322819606387753
1,9,0.3318062864290181,0.8989252686828293,4001,2.0354704573040916,0.6686656671664168,667,2.0269837954554695,0.6781,0.8083601715697378,0.07612203880725059,,,0.75,,0.750002509914161,0.24999749008583905,0.958855044794596,0.40551921555009707,5,0.1,0.5,0.5997112450091324,0.6225817324443741,0.6303136252552731,0.6415471882638091,0.6254287593907509,0.6384314113061506,0.628536630910273,0.6345531015886343,0.6242391090688109,1.0,0.6359164908295565,0.6406370842597237
1,10,0.3393360824934894,0.8960143995885832,3889,2.026961389042082,0.6975308641975309,648,2.0267000678248297,0.6787,0.8150178951031851,0.08311145320943773,,,0.9172540500079294,,0.9172732292555594,0.08272677074444057,0.9598289294419579,0.4058414247243007,5,0.1,0.5,0.6123210250106234,0.6226872704981944,0.6151858302596842,0.635676295007731,0.6212977504521046,0.6484245844430537,0.6277163575776233,0.6460596839870504,0.6361830751052086,0.6359164908295565,1.0,0.6402484708928237
1,11,0.35357463035826425,0.8908467422843577,3791,2.029505854845047,0.6439873417721519,632,2.0267019980250836,0.6788,0.8203992931004108,0.0839302521647793,,,0.9368476001314253,,0.9368605993675017,0.06313940063249834,0.9598421310035272,0.4058469300023002,5,0.1,0.5,0.6198713341634429,0.6283303425534524,0.6269318792452054,0.6374159838157584,0.6399042977943845,0.648005477759101,0.6349777664349897,0.6414699434542667,0.6322819606387753,0.6406370842597237,0.6402484708928237,1.0
2,0,0.2293828609924952,0.9301193084976869,8214,1.827231626177943,0.8363769174579986,1369,1.8333979224244628,0.8336,0.7993119129062529,0.08363405099204115,,,0.9190326866223673,,0.919050248481502,0.08094975151849804,0.9661732980758497,0.3986507953958897,5,0.1,0.5,1.0,0.6158618696756721,0.6190443658666873,0.6242107937922374,0.6265901998348751,0.6349573035812681,0.6126968942824881,0.6173528627899882,0.5086522108934688,0.5495950730698081,0.6136711421203801,0.618678904494489
2,1,0.2524720147252083,0.9242166108913903,6574,1.8317202602113996,0.8357664233576643,1096,1.833387192445822,0.8338,0.8079044068741246,0.08434273312026763,,,0.9366076715614964,,0.9366296872646955,0.06337031273530447,0.9661977189807575,0.39865596629347283,5,0.1,0.5,0.6158618696756721,1.0,0.6216313163983339,0.6279834587619312,0.634708473012857,0.6409265194196305,0.6143149547060737,0.6270204295551489,0.5166135057289878,0.5753548887482236,0.6215479768756821,0.6265138999038906
2,2,0.26775741908616946,0.9184506311602975,5783,1.8247353915245301,0.8433609958506224,964,1.8333873771630917,0.8338,0.8062906199513546,0.08393197350111385,,,0.9264210253449532,,0.9264344159429747,0.07356558405702529,0.9661831823487317,0.3986532509609586,5,0.1,0.5,0.6190443658666873,0.6216313163983339,1.0,0.6262332359499386,0.6420963349974547,0.6352082509310514,0.6264937544952757,0.62631523850383,0.5072989427615999,0.5611807427887829,0.6184699379355236,0.6243483616492068
2,3,0.25753735749174406,0.9207490069982978,5287,1.8330135771206446,0.8399545970488081,881,1.833376666608329,0.8338,0.8130713008686611,0.0846597327469303,,,0.94446911386744,,0.9444756789317805,0.05552432106821947,0.9662005742309702,0.3986575041050534,5,0.1,0.5,0.6242107937922374,0.6279834587619312,0.6262332359499386,1.0,0.6415637589256968,0.6453938152086408,0.626521476554168,0.6269918408687039,0.5117688187611875,0.5704972884434019,0.6294829175658663,0.6397010019946616
2,4,0.25899214989475666,0.9199189463019251,4935,1.8413312893647413,0.816301703163017,822,1.8333757136957334,0.8338,0.8223053908017196,0.08458992774407473,,,0.9427379824828619,,0.9427538778173786,0.05724612218262137,0.9661923892476043,0.3986572095997816,5,0.1,0.5,0.6265901998348751,0.634708473012857,0.6420963349974547,0.6415637589256968,1.0,0.6521067576986106,0.6360319212285509,0.6457253598756031,0.5192440136232177,0.5803452921860498,0.6357531973683407,0.6472734908048308
2,5,0.2751890186271439,0.9182772659095779,4667,1.827579231262207,0.8406169665809768,778,1.833374490372289,0.8337,0.8231900447106812,0.08488275655897916,,,0.9499999999752005,,0.9500025099141609,0.04999749008583909,0.9662034880866484,0.39865835708217995,5,0.1,0.5,0.6349573035812681,0.6409265194196305,0.6352082509310514,0.6453938152086408,0.6521067576986106,1.0,0.6362145835735783,0.6366491236183107,0.5212797162475417,0.5834516736070825,0.6380608285647873,0.6442733811216808
2,6,0.290571968637939,0.9113855827532001,4453,1.8288591802120209,0.839622641509434,742,1.8333844597728108,0.8338,0.8096477674088672,0.08407272596291206,,,0.9299116204901129,,0.9299231966266753,0.07007680337332467,0.9661861873653012,0.3986542720882476,5,0.1,0.5,0.6126968942824881,0.6143149547060737,0.6264937544952757,0.626521476554168,0.6360319212285509,0.6362145835735783,1.0,0.6298779868065867,0.5190362613816694,0.576662420667756,0.6334818403648501,0.630235219067197
2,7,0.2915817721635659,0.9094224924012158,4277,1.8332990252453347,0.8373071528751753,713,1.8333709106658593,0.8338,0.8118159779455724,0.08454839003430134,,,0.9417078667305427,,0.941724813011395,0.05827518698860501,0.9662001367642074,0.3986570189781942,5,0.1,0.5,0.6173528627899882,0.6270204295551489,0.62631523850383,0.6269918408687039,0.6457253598756031,0.6366491236183107,0.6298779868065867,1.0,0.5142558596604722,0.5657325467733653,0.635555140745505,0.63302764829565
2,8,0.3755951994285659,0.8959554371518528,4129,1.8413269953294233,0.8328488372093024,688,1.8335150316500435,0.8335,0.694921038856716,0.0804360479618495,,,0.8397237089407046,,0.8397319411676121,0.16026805883238793,0.9660600012732536,0.3985767101662832,5,0.1,0.5,0.5086522108934688,0.5166135057289878,0.5072989427615999,0.5117688187611875,0.5192440136232177,0.5212797162475417,0.5190362613816694,0.5142558596604722,1.0,0.4811255915733828,0.5160248085375074,0.5246760326989421
2,9,0.337485912792666,0.902974256435891,4001,1.8449235870724632,0.8215892053973014,667,1.8340100830736252,0.8326,0.7478844826188142,0.07681808816133186,,,0.75,,0.750002509914161,0.24999749008583905,0.9651429875496274,0.3982743715196873,5,0.1,0.5,0.5495950730698081,0.5753548887482236,0.5611807427887829,0.5704972884434019,0.5803452921860498,0.5834516736070825,0.576662420667756,0.5657325467733653,0.4811255915733828,1.0,0.5707505004928559,0.5790389857751116
2,10,0.3025267231659811,0.9102082797634353,3889,1.8335438001723516,0.8472222222222222,648,1.8333943453840553,0.8337,0.8105986692722572,0.0836629142767225,,,0.9197484825672121,,0.9197580442748858,0.08024195572511417,0.9661562232234824,0.39865102430678273,5,0.1,0.5,0.6136711421203801,0.6215479768756821,0.6184699379355236,0.6294829175658663,0.6357531973683407,0.6380608285647873,0.6334818403648501,0.635555140745505,0.5160248085375074,0.5707505004928559,1.0,0.6400742665024293
2,11,0.3126136030704409,0.9028224742811923,3791,1.8396242141723633,0.8022151898734177,632,1.8333773380651261,0.8338,0.8166854250571363,0.0844206589394758,,,0.9385401953890411,,0.9385573013402941,0.06144269865970586,0.966191507875053,0.3986563914739059,5,0.1,0.5,0.618678904494489,0.6265138999038906,0.6243483616492068,0.6397010019946616,0.6472734908048308,0.6442733811216808,0.630235219067197,0.63302764829565,0.5246760326989421,0.5790389857751116,0.6400742665024293,1.0
3,0,0.2161162267817757,0.9350377404431458,8214,1.6030520921529725,0.885317750182615,1369,1.6108019066313966,0.8938,0.7901682948352502,0.0834691213031078,,,0.9135038125711499,,0.9135234174991216,0.08647658250087842,0.9654889489230141,0.3962404696515803,5,0.1,0.5,1.0,0.6093074679433014,0.604495807610702,0.6148058594647233,0.599346861926219,0.6101670816290277,0.6022805083300298,0.6061817122890811,0.459151578122853,0.5973413734488315,0.6047973472799635,0.5994372592256814
3,1,0.23304634893367301,0.9309704898083359,6574,1.6084544794900077,0.8895985401459854,1096,1.6107695536872448,0.8937,0.8037868780942397,0.08441928316047585,,,0.9348049581228227,,0.9348175292405,0.06518247075950001,0.9655187296373998,0.39624731101862976,5,0.1,0.5,0.6093074679433014,1.0,0.6121505152886931,0.6182704002024174,0.6161135331330331,0.623652107906161,0.610823648723821,0.6172475471216661,0.4766643912094173,0.6139310676692333,0.6179723042717423,0.6181298628804882
3,2,0.24520872092563967,0.9266470689953311,5783,1.5981428354017195,0.9045643153526971,964,1.6107730987353828,0.8938,0.8004872230366001,0.08402972259086891,,,0.9260716182923061,,0.9260930676170875,0.07390693238291246,0.9655127300749573,0.3962450536560234,5,0.1,0.5,0.604495807610702,0.6121505152886931,1.0,0.61740750491043,0.618033713180241,0.6246390666020023,0.6141113402186847,0.6154988835016245,0.4615099596719914,0.6125137056003231,0.6115191054210013,0.6123583488936093
3,3,0.24029105992718452,0.9284660487989408,5287,1.61032150047166,0.9046538024971623,881,1.6107493536160016,0.8937,0.8090211960119561,0.08481421919551368,,,0.9436588074967013,,0.9436725064002811,0.05632749359971889,0.9655286876577015,0.39624906742184746,5,0.1,0.5,0.6148058594647233,0.6182704002024174,0.61740750491043,1.0,0.6255404043082811,0.6243867601140339,0.6213502545255789,0.6219180745055348,0.4645868945802241,0.6244504620952328,0.6191944188771906,0.6305392316738809
3,4,0.23944856104170603,0.9271732522796352,4935,1.6222117222272432,0.878345498783455,822,1.6107479421475444,0.8937,0.8074810783535921,0.08471365790790494,,,0.941404380413982,,0.9414236233120827,0.058576376687917264,0.9655246769226112,0.39624864456621983,5,0.1,0.5,0.599346861926219,0.6161135331330331,0.618033713180241,0.6255404043082811,1.0,0.6267753194588551,0.624129248304913,0.6275946135779829,0.4651478849754589,0.6220641682820226,0.6182765588451342,0.6249303532869062
3,5,0.2512868210073714,0.9274908935076066,4667,1.6037944841384888,0.9087403598971723,778,1.6107497801795936,0.8937,0.8128463129514014,0.0850970753081554,,,0.9499999999775814,,0.9500025099141609,0.04999749008583909,0.9655339758662387,0.39625000322527776,5,0.1,0.5,0.6101670816290277,0.623652107906161,0.6246390666020023,0.6243867601140339,0.6267753194588551,1.0,0.626291297930755,0.6242758510566079,0.47014879036633117,0.6296223646276711,0.6290320339277953,0.6292103255514525
3,6,0.2540233360651681,0.9245901639344263,4453,1.6064090083042781,0.8921832884097035,742,1.6107676337702206,0.8937,0.8071500808027882,0.08435729449949389,,,0.9334152691136388,,0.9334270367953416,0.06657296320465844,0.9655189046954851,0.396246980280825,5,0.1,0.5,0.6022805083300298,0.610823648723821,0.6141113402186847,0.6213502545255789,0.624129248304913,0.626291297930755,1.0,0.6201453322723324,0.46388253432006565,0.6319704104825765,0.6267063551493666,0.6263908351809504
3,7,0.26489944712661984,0.9228898760813654,4277,1.6111103607260662,0.8920056100981767,713,1.610739784880568,0.8937,0.8068567199179083,0.0846640659864069,,,0.9402926069515709,,0.9403092214246273,0.05969077857537275,0.9655227543001093,0.3962484433759129,5,0.1,0.5,0.6061817122890811,0.6172475471216661,0.6154988835016245,0.6219180745055348,0.6275946135779829,0.6242758510566079,0.6201453322723324,1.0,0.4605986512441575,0.6213568172121301,0.6291080445805771,0.6182255350028635
3,8,0.3441553008199858,0.9079195931218212,4129,1.6198292970657349,0.9026162790697675,688,1.6111748359454707,0.8935,0.6430418779897307,0.07617584752764357,,,0.75,,0.750002509914161,0.24999749008583905,0.9646255939832377,0.3958555712968147,5,0.1,0.5,0.459151578122853,0.4766643912094173,0.4615099596719914,0.4645868945802241,0.4651478849754589,0.47014879036633117,0.46388253432006565,0.4605986512441575,1.0,0.4675938475357248,0.4671174956905643,0.4774805182353073
3,9,0.2701222796567775,0.9191202199450137,4001,1.6242599317005701,0.8845577211394303,667,1.6117170093158564,0.893,0.8048519764664627,0.07944094769435532,,,0.8231984486143998,,0.8232116861603334,0.17678831383966664,0.9645400633516115,0.39612866360273113,5,0.1,0.5,0.5973413734488315,0.6139310676692333,0.6125137056003231,0.6244504620952328,0.6220641682820226,0.6296223646276711,0.6319704104825765,0.6213568172121301,0.4675938475357248,1.0,0.6263354222901046,0.6310496524727145
3,10,0.2722152169580098,0.9176137824633582,3889,1.6094130334399996,0.9089506172839507,648,1.6107845329248105,0.8937,0.8081474619262319,0.08411911711040042,,,0.9280757038670915,,0.9280959791175142,0.07190402088248582,0.9655080236162881,0.39624564147626373,5,0.1,0.5,0.6047973472799635,0.6179723042717423,0.6115191054210013,0.6191944188771906,0.6182765588451342,0.6290320339277953,0.6267063551493666,0.6291080445805771,0.4671174956905643,0.6263354222901046,1.0,0.6288473210458038
3,11,0.28833627373981874,0.9127934581904511,3791,1.6208779454231261,0.875,632,1.6107504318316523,0.8937,0.8102978372030754,0.08469964771567318,,,0.9410902937753514,,0.9411073741278049,0.058892625872195126,0.9655228303506399,0.396248609898148,5,0.1,0.5,0.5994372592256814,0.6181298628804882,0.6123583488936093,0.6305392316738809,0.6249303532869062,0.6292103255514525,0.6263908351809504,0.6182255350028635,0.4774805182353073,0.6310496524727145,0.6288473210458038,1.0
4,0,0.2003322107652166,0.9389578767957146,8214,1.362587756888811,0.9211102994886778,1369,1.3724667576555245,0.9218,0.7842345765539996,0.08337817461375534,,,0.9134347627544908,,0.9134481200742934,0.08655187992570657,0.9666233519766559,0.39326354873355657,5,0.1,0.5,1.0,0.5900499133563354,0.5965685455534072,0.604401565846869,0.5903463985195224,0.601139313740399,0.586736082030137,0.6009208440740561,0.48972921545011655,0.5605671013655672,0.584659231197054,0.5857900097209112
4,1,0.219589599930835,0.9324307879525403,6574,1.3684102978025163,0.916970802919708,1096,1.3724132734365737,0.9218,0.7912803747999796,0.08426111456732971,,,0.9300995445515906,,0.9301189699312283,0.06988103006877167,0.9666663363292665,0.3932705934097855,5,0.1,0.5,0.5900499133563354,1.0,0.6049620274446844,0.6022370862663958,0.6024168881674743,0.6109560640981552,0.5957422487334578,0.6035784937222975,0.48978896129215654,0.5649756334285239,0.592589340639647,0.5948357937170459
4,2,0.22793562197183048,0.9333909735431437,5783,1.3552457209556334,0.9263485477178424,964,1.3724203071655177,0.9218,0.7981524376971735,0.08424248447472649,,,0.9297479165310942,,0.9297575422920537,0.07024245770794635,0.9666614112743782,0.3932704528430842,5,0.1,0.5,0.5965685455534072,0.6049620274446844,1.0,0.613850774879889,0.610971156271202,0.6155523293451588,0.6076793086106009,0.6035199833622171,0.4882079156015976,0.576232659800224,0.5984075222773731,0.6024978542364667
4,3,0.21870186004832567,0.9329298278797049,5287,1.3725869059562683,0.923950056753689,881,1.3723963678073579,0.9218,0.8042944630444852,0.08498290193076789,,,0.9437227007661294,,0.9437327443401435,0.05626725565985646,0.9666746383269766,0.3932742096088855,5,0.1,0.5,0.604401565846869,0.6022370862663958,0.613850774879889,1.0,0.6160774982607118,0.6192038979022126,0.6053558542832003,0.6122188176036819,0.5007408179907449,0.5862270251472026,0.6002726816737107,0.613300479538374
4,4,0.21863015745916675,0.9334143870314083,4935,1.38794678908128,0.9148418491484185,822,1.3723966732573585,0.9219,0.80443302349985,0.08492056202418322,,,0.9425460851465965,,0.9425631243411475,0.05743687565885247,0.9666730918926207,0.39327397230261196,5,0.1,0.5,0.5903463985195224,0.6024168881674743,0.610971156271202,0.6160774982607118,1.0,0.6226087018448297,0.6120670055218306,0.6213820783454252,0.5035438283979018,0.5834433732963477,0.598466221459409,0.6141913937564984
4,5,0.22978656071091505,0.9325476751660595,4667,1.364026861190796,0.9318766066838047,778,1.3723980736808654,0.9219,0.8083744544555121,0.08531548824032437,,,0.9499999999811257,,0.9500025099141609,0.04999749008583909,0.9666816937521128,0.39327533710352564,5,0.1,0.5,0.601139313740399,0.6109560640981552,0.6155523293451588,0.6192038979022126,0.6226087018448297,1.0,0.6149190864522377,0.613442831725955,0.4992796569591211,0.5864347090560157,0.611828897972293,0.6151158933061435
4,6,0.23790871856621898,0.9270154951717943,4453,1.3697754989067714,0.9245283018867925,742,1.37240827464448,0.9218,0.7991389437531313,0.08449613433643054,,,0.9345353537526748,,0.9345514783394407,0.06544852166055926,0.9666672665077274,0.39327195946756527,5,0.1,0.5,0.586736082030137,0.5957422487334578,0.6076793086106009,0.6053558542832003,0.6120670055218306,0.6149190864522377,1.0,0.6073242807846575,0.5038546558548264,0.5815071816306828,0.6049606516262167,0.6077370637151212
4,7,0.24254949870171832,0.9272854804769698,4277,1.3725537683652795,0.9298737727910238,713,1.3723835423350714,0.9219,0.8013968339549996,0.08478060673339391,,,0.9399045415479502,,0.9399176748155214,0.06008232518447865,0.9666712400913269,0.3932733239831466,5,0.1,0.5,0.6009208440740561,0.6035784937222975,0.6035199833622171,0.6122188176036819,0.6213820783454252,0.613442831725955,0.6073242807846575,1.0,0.4974197992659484,0.5756181610159714,0.6067921675336482,0.6044059837543185
4,8,0.302376382121673,0.9155243400339065,4129,1.3828501538796858,0.9156976744186046,688,1.3731953263663637,0.9213,0.6766572341953412,0.0747190104197182,,,0.75,,0.750002509914161,0.24999749008583905,0.9654846710724901,0.39282264120829596,5,0.1,0.5,0.48972921545011655,0.48978896129215654,0.4882079156015976,0.5007408179907449,0.5035438283979018,0.4992796569591211,0.5038546558548264,0.4974197992659484,1.0,0.4780369716876509,0.49323898313308195,0.4853125563339462
4,9,0.26104613920998954,0.9243189202699326,4001,1.3880048933483304,0.9175412293853074,667,1.3736079318073993,0.9206,0.7675741188492761,0.08009969055759537,,,0.851556011883609,,0.8515737161789066,0.14842628382109335,0.9663027301902651,0.39319975418569947,5,0.1,0.5,0.5605671013655672,0.5649756334285239,0.576232659800224,0.5862270251472026,0.5834433732963477,0.5864347090560157,0.5815071816306828,0.5756181610159714,0.4780369716876509,1.0,0.5776376600213299,0.5850048860606846
4,10,0.24870781416500934,0.9270249421445101,3889,1.3701742546898978,0.9274691358024691,648,1.3724353690497793,0.9218,0.7931899228777426,0.0841276612841727,,,0.9275807211198104,,0.9275990161136489,0.07240098388635108,0.9666590432058018,0.3932697368699271,5,0.1,0.5,0.584659231197054,0.592589340639647,0.5984075222773731,0.6002726816737107,0.598466221459409,0.611828897972293,0.6049606516262167,0.6067921675336482,0.49323898313308195,0.5776376600213299,1.0,0.6034967442469169
4,11,0.26240433113132955,0.920390398311791,3791,1.3853070557117462,0.9098101265822784,632,1.3723948333210076,0.9218,0.7977520357924751,0.08467617081760241,,,0.9379333975971074,,0.9379448822850258,0.062055117714974184,0.966670292320177,0.3932728291593716,5,0.1,0.5,0.5857900097209112,0.5948357937170459,0.6024978542364667,0.613300479538374,0.6141913937564984,0.6151158933061435,0.6077370637151212,0.6044059837543185,0.4853125563339462,0.5850048860606846,0.6034967442469169,1.0
5,0,0.1915118693747351,0.9419284149013879,8214,1.1208886490311734,0.929145361577794,1369,1.132412876945715,0.9336,0.7712366810006595,0.083217911212385,,,0.9091700450313325,,0.9091812660007028,0.09081873399929719,0.9665413174426509,0.3880892589547342,5,0.1,0.5,1.0,0.580786619709219,0.5691927376022705,0.5819621761483375,0.5701426184535714,0.5770513513126747,0.5623599092920458,0.5689647910051908,0.4878648608874063,0.5494076178330285,0.5649760868878227,0.561320303470722
5,1,0.20442736285141877,0.9385762093094007,6574,1.126748081615993,0.9306569343065694,1096,1.1323605404494288,0.9337,0.7815895294054332,0.08417637826211628,,,0.9271673200393301,,0.9271823703629336,0.0728176296370664,0.9665780603554714,0.38809819480489105,5,0.1,0.5,0.580786619709219,1.0,0.5758767203479295,0.585145519212414,0.5832590111743222,0.5867647367036162,0.5730748682054353,0.5791965134057429,0.5018107614178614,0.5539502030746533,0.5701862959477774,0.5763507344201195
5,2,0.21019063128456886,0.9367802178799931,5783,1.1112290332394261,0.9336099585062241,964,1.132368331900039,0.9337,0.781065281173139,0.08414535043213915,,,0.9265847059691267,,0.9266050901059184,0.0733949098940816,0.9665783720373353,0.3880979833875169,5,0.1,0.5,0.5691927376022705,0.5758767203479295,1.0,0.5910577744959333,0.5836214124421752,0.5865570502677891,0.5759564644075996,0.5777886842689539,0.499663627175641,0.5573740974404268,0.570900145074812,0.573447283721478
5,3,0.19977939119225885,0.9372044637790807,5287,1.133821883371898,0.9330306469920545,881,1.1323568181107981,0.9337,0.792084612147104,0.08503169249569266,,,0.9432276796356716,,0.9432458209929221,0.05675417900707791,0.9665946440620599,0.38810331501892853,5,0.1,0.5,0.5819621761483375,0.585145519212414,0.5910577744959333,1.0,0.5900569820595991,0.59791223521284,0.58228790304505,0.5910944226672633,0.5058676405496944,0.5697396018751315,0.5826827133417736,0.5826741543970556
5,4,0.20244856743081924,0.9389260385005066,4935,1.1524737614851732,0.9294403892944039,822,1.1323582488127029,0.9337,0.7911894036142743,0.08495821711688081,,,0.9418480217755871,,0.9418603483760856,0.058139651623914435,0.9665933593839208,0.38810294125618544,5,0.1,0.5,0.5701426184535714,0.5832590111743222,0.5836214124421752,0.5900569820595991,1.0,0.600679323767961,0.5810909747037104,0.5966765370352479,0.5082384248958023,0.5746192955497859,0.5835813516360449,0.5809002252439895
5,5,0.21305924619050468,0.9375616027426612,4667,1.1225482177734376,0.9395886889460154,778,1.132365834598724,0.9337,0.7959739231461649,0.08539236075789075,,,0.9499999999812228,,0.9500025099141609,0.04999749008583909,0.966602151187015,0.38810481227259386,5,0.1,0.5,0.5770513513126747,0.5867647367036162,0.5865570502677891,0.59791223521284,0.600679323767961,1.0,0.5838381347636781,0.5883048240778744,0.5192424038230432,0.5782150198119289,0.5867191331381216,0.5912131048202207
5,6,0.2216426535908665,0.9332135638895127,4453,1.1305334319670994,0.9339622641509434,742,1.1323626060455372,0.9337,0.7811545239837805,0.08431877269883296,,,0.9298410810600324,,0.9298529190301692,0.0701470809698308,0.9665817472920224,0.3880991707892277,5,0.1,0.5,0.5623599092920458,0.5730748682054353,0.5759564644075996,0.58228790304505,0.5810909747037104,0.5838381347636781,1.0,0.5762886083163028,0.5068872747680839,0.5624004846912446,0.576443687243811,0.5814555233951779
5,7,0.2224391928484747,0.9343465045592705,4277,1.1318259757498037,0.9467040673211781,713,1.1323417493710504,0.9336,0.7856530339381799,0.08466866642370519,,,0.9364110863532384,,0.9364288941318207,0.06357110586817927,0.9665847175984592,0.38810136996125016,5,0.1,0.5,0.5689647910051908,0.5791965134057429,0.5777886842689539,0.5910944226672633,0.5966765370352479,0.5883048240778744,0.5762886083163028,1.0,0.5051255231213161,0.5595846014088194,0.5864064101996415,0.5722019511393885
5,8,0.2676446585729718,0.9253087914749334,4129,1.1433813626115972,0.9273255813953488,688,1.1333252808537346,0.9332,0.695831278239713,0.07474111439736819,,,0.75,,0.750002509914161,0.24999749008583905,0.9651980193627194,0.38762765488212664,5,0.1,0.5,0.4878648608874063,0.5018107614178614,0.499663627175641,0.5058676405496944,0.5082384248958023,0.5192424038230432,0.5068872747680839,0.5051255231213161,1.0,0.49158867761469904,0.5008773866131131,0.5045705809515623
5,9,0.24478026751896814,0.9298675331167208,4001,1.1492688201722645,0.9370314842578711,667,1.1337006280597406,0.9332,0.7644959424928879,0.08077898795840038,,,0.8633740288431202,,0.8633853722202701,0.13661462777972988,0.9663498900925048,0.388039976734562,5,0.1,0.5,0.5494076178330285,0.5539502030746533,0.5573740974404268,0.5697396018751315,0.5746192955497859,0.5782150198119289,0.5624004846912446,0.5595846014088194,0.49158867761469904,1.0,0.5662046005435446,0.5668873482862992
5,10,0.23147543779589602,0.9329390588840318,3889,1.1289243215606326,0.9398148148148148,648,1.1323853856839312,0.9337,0.7817617725762906,0.08409287957308356,,,0.925599453027365,,0.9256161839265097,0.07438381607349032,0.9665752369562453,0.3880975901815944,5,0.1,0.5,0.5649760868878227,0.5701862959477774,0.570900145074812,0.5826827133417736,0.5835813516360449,0.5867191331381216,0.576443687243811,0.5864064101996415,0.5008773866131131,0.5662046005435446,1.0,0.5799717900464658
5,11,0.2418040389758574,0.9275125296755473,3791,1.1481719136238098,0.9287974683544303,632,1.1323531589949856,0.9337,0.7822312649164432,0.08447766867150518,,,0.9328246938181829,,0.9328346970533608,0.06716530294663925,0.966584813313576,0.3881002249416565,5,0.1,0.5,0.561320303470722,0.5763507344201195,0.573447283721478,0.5826741543970556,0.5809002252439895,0.5912131048202207,0.5814555233951779,0.5722019511393885,0.5045705809515623,0.5668873482862992,0.5799717900464658,1.0
6,0,0.17695207623764872,0.9465790114438764,8214,0.9072287082672119,0.9401022644265887,1369,0.9197957094865866,0.9417,0.7621656703183631,0.08398354654713126,,,0.9213633220924937,,0.9213794488228503,0.07862055117714972,0.9614909840804712,0.37191399849073553,5,0.1,0.5,1.0,0.5571864451598365,0.5583476118876136,0.5539652668787675,0.5476888701334552,0.5597027703280131,0.5399964615928662,0.5543109997772219,0.38991395070619195,0.427689712752829,0.5463199359656689,0.5481818646189975
6,1,0.1908929402345466,0.9415880742318223,6574,0.9130330170903888,0.9406934306569343,1096,0.9197463783593224,0.9417,0.7677273491860424,0.08483554936275227,,,0.9330652433096522,,0.9330806686411325,0.06691933135886752,0.9615145262788386,0.37191868216031854,5,0.1,0.5,0.5571864451598365,1.0,0.5541849095870434,0.5513738111975617,0.5543596389626881,0.5676051304874724,0.5488289384621555,0.5605765290055067,0.3869415948281793,0.4411067976962992,0.5449311452561444,0.5602752451597247
6,2,0.1993887223961933,0.9396507003285492,5783,0.8950839773301156,0.946058091286307,964,0.9197544779259557,0.9417,0.7683588675594945,0.0848370542604812,,,0.9330859124839096,,0.93310074795442,0.06689925204558,0.9615148628233606,0.37191868613645596,5,0.1,0.5,0.5583476118876136,0.5541849095870434,1.0,0.5530394633546951,0.5645382787914606,0.5707710217842664,0.5589660567941199,0.5527136867476385,0.3814178985727673,0.4340141856027118,0.5514936682282203,0.5526416162342854
6,3,0.18577823822150927,0.9444297333081142,5287,0.9214831867388317,0.9387060158910329,881,0.919745296335068,0.9417,0.7670683439705406,0.08539436180394562,,,0.9407403108588673,,0.9407610059735957,0.05923899402640431,0.9615334388745581,0.3719209345593446,5,0.1,0.5,0.5539652668787675,0.5513738111975617,0.5530394633546951,1.0,0.5660936133727036,0.5604442715718854,0.5565785208469928,0.5573796395728137,0.38199714659941575,0.4403129877239908,0.5418602551746158,0.5533416495295118
6,4,0.1807753494442741,0.9460587639311043,4935,0.9425816971522111,0.9343065693430657,822,0.9197513213553749,0.9417,0.7754008953915874,0.08564296505475044,,,0.9441547780436115,,0.9441694694041464,0.055830530595853634,0.9615315577723947,0.37192175151671203,5,0.1,0.5,0.5476888701334552,0.5543596389626881,0.5645382787914606,0.5660936133727036,1.0,0.5756974737085889,0.5530968128041441,0.5740756521668583,0.3861504170586549,0.44738838633661576,0.5501260386701102,0.5714984536019131
6,5,0.192787132070285,0.9434326119562888,4667,0.9086333799362183,0.9460154241645244,778,0.9197582236874979,0.9417,0.779026784469886,0.08606854863719401,,,0.9499999999862654,,0.9500025099141609,0.04999749008583909,0.9615369278355059,0.3719229228298667,5,0.1,0.5,0.5597027703280131,0.5676051304874724,0.5707710217842664,0.5604442715718854,0.5756974737085889,1.0,0.561380436948207,0.5657121401606795,0.3893942552131494,0.4445620655147244,0.5613286601703669,0.5644855115133176
6,6,0.2076823851226696,0.93595328991691,4453,0.9179205174247423,0.9420485175202157,742,0.9197489282193656,0.9417,0.7656248954712761,0.08485716219830146,,,0.9333620870456576,,0.9333768385121228,0.06662316148787717,0.9615189922063925,0.37191873424103994,5,0.1,0.5,0.5399964615928662,0.5488289384621555,0.5589660567941199,0.5565785208469928,0.5530968128041441,0.561380436948207,1.0,0.5543838446963453,0.39082568645694876,0.44109124161265106,0.5445424320296457,0.5586686443583032
6,7,0.20753932176157833,0.9380406827215337,4277,0.9195034814917523,0.9523141654978962,713,0.9197236162405045,0.9417,0.7714850496673398,0.08530545087371073,,,0.9395191544473189,,0.9395311480347373,0.06046885196526275,0.9615309862614049,0.3719206368957774,5,0.1,0.5,0.5543109997772219,0.5605765290055067,0.5527136867476385,0.5573796395728137,0.5740756521668583,0.5657121401606795,0.5543838446963453,1.0,0.3952655986119359,0.4293306069648421,0.5546677553990925,0.5597995881882287
6,8,0.33722662879858734,0.917171227900218,4129,0.9317262118512933,0.9331395348837209,688,0.921130856386008,0.9415,0.5750987586208682,0.07150678908076834,,,0.75,,0.750002509914161,0.24999749008583905,0.9599523960863274,0.37143823418353117,5,0.1,0.5,0.38991395070619195,0.3869415948281793,0.3814178985727673,0.38199714659941575,0.3861504170586549,0.3893942552131494,0.39082568645694876,0.3952655986119359,1.0,0.3260512588466252,0.3798205871688871,0.3870208507436488
6,9,0.2605922359868557,0.9297675581104724,4001,0.939395010471344,0.9430284857571214,667,0.9211929569990871,0.9412,0.6387520739723406,0.07789963318607561,,,0.8378031817528161,,0.8378193865769791,0.16218061342302093,0.9612033639618089,0.371808758739216,5,0.1,0.5,0.427689712752829,0.4411067976962992,0.4340141856027118,0.4403129877239908,0.44738838633661576,0.4445620655147244,0.44109124161265106,0.4293306069648421,0.3260512588466252,1.0,0.4362631743359511,0.43921640385483873
6,10,0.2141872068622806,0.9370017999485729,3889,0.9135212160292125,0.9490740740740741,648,0.919772775790181,0.9416,0.7608029496453234,0.0845305215768295,,,0.9288758074833036,,0.9288891119923699,0.0711108880076301,0.961506388416857,0.3719171549393162,5,0.1,0.5,0.5463199359656689,0.5449311452561444,0.5514936682282203,0.5418602551746158,0.5501260386701102,0.5613286601703669,0.5445424320296457,0.5546677553990925,0.3798205871688871,0.4362631743359511,1.0,0.5544491798290508
