round,client_id,client_i_training_loss,client_i_training_accuracy,client_i_training_dataset_size,client_i_evaluation_loss,client_i_evaluation_accuracy,client_i_evaluation_dataset_size,client_i_central_evaluation_loss,client_i_central_evaluation_accuracy,client_i_cosine_similarity,client_i_importance_coefficient,client_i_tanh_val,tanh_normalization_value,client_i_q,client_i_mask_order,client_i_v_nonzero_fraction,client_i_v_sparsity,client_i_v_cosine_similarity,client_i_reward_gradient_norm,local_epochs,learning_rate,gamma,client_0_cosine_similarity,client_1_cosine_similarity,client_2_cosine_similarity,client_3_cosine_similarity,client_4_cosine_similarity,client_5_cosine_similarity,client_6_cosine_similarity,client_7_cosine_similarity,client_8_cosine_similarity,client_9_cosine_similarity,client_10_cosine_similarity,client_11_cosine_similarity
0,0,2.2135416249434154,0.1837399561723886,6845,2.2959822958165947,0.13951789627465302,1369,2.2983810237691373,0.1262,0.89016931325391,0.07842040802836447,,,0.7,,0.7000132032810154,0.29998679671898465,0,0.14145762597834075,10,0.025,0.15,1.0,0.9349406043343244,0.8920578061494314,0.8526437391771485,0.8222576525432674,0.7975284633949433,0.7868739260068979,0.7748256066246871,0.7693771403711134,0.7629520816791496,0.7212465839079636,0.7288259447946354
0,1,2.250716727278953,0.16062431544359254,5478,2.30127657784356,0.10766423357664233,1096,2.2983779695969595,0.1262,0.9442586234995601,0.08318546307607401,,,0.8665362277357703,,0.8665560891881633,0.1334439108118367,0,0.14159468599240885,10,0.025,0.15,0.9349406043343244,1.0,0.946803829700445,0.923800593342165,0.8763839848064758,0.882385559834202,0.8575648508726854,0.8622745243517084,0.835368323141752,0.8278822622166022,0.8006782320154525,0.8038922030720165
0,2,2.271701122585096,0.15070539419087137,4820,2.299200803041458,0.12136929460580913,964,2.2983815156960787,0.1262,0.9778626275735204,0.08614584338983025,,,0.9699999999650505,,0.9700285520951957,0.029971447904804327,0,0.14160797584974022,10,0.025,0.15,0.8920578061494314,0.946803829700445,1.0,0.9509733101331508,0.917263100628031,0.9379511568675012,0.9292326000361864,0.9213700579304357,0.91288176761538,0.905410996232188,0.8564495389542253,0.876157987403226
0,3,2.274104471206665,0.13692691783931002,4406,2.2987161363874162,0.12485811577752554,881,2.2983814583549016,0.1262,0.9683180688453085,0.08530500538432649,,,0.9406131433240605,,0.9406595038867158,0.05934049611328418,0,0.14160743939891457,10,0.025,0.15,0.8526437391771485,0.923800593342165,0.9509733101331508,1.0,0.9317064699369245,0.9237486917122464,0.9296900315515,0.9333985257539408,0.9056729286466316,0.8999160782744022,0.8386185264903993,0.8817801825318384
0,4,2.2857934308774546,0.15517996108949417,4112,2.297239065170288,0.12530413625304138,822,2.2983813104750235,0.1262,0.9601499226231703,0.08458542389568366,,,0.9154641396992924,,0.9154907494512387,0.08450925054876135,0,0.14160571718178575,10,0.025,0.15,0.8222576525432674,0.8763839848064758,0.917263100628031,0.9317064699369245,1.0,0.9129338913598367,0.9074427237095889,0.9305606084983369,0.9364938610572968,0.9181660716412103,0.8549776671718562,0.9386198716017118
0,5,2.2897216304656,0.13833890460272563,3889,2.2945268154144287,0.13367609254498714,778,2.298381385923941,0.1262,0.9637585338154827,0.0849033283189247,,,0.926574736092618,,0.9266145137066562,0.07338548629334385,0,0.14160642401728224,10,0.025,0.15,0.7975284633949433,0.882385559834202,0.9379511568675012,0.9237486917122464,0.9129338913598367,1.0,0.9339258716084351,0.9499334258990889,0.9287120394939725,0.9320407328618193,0.9049594918405008,0.9109834178379446
0,6,2.285340056748226,0.14060900026946915,3711,2.299059351285299,0.11590296495956873,742,2.29837800581244,0.1262,0.9534949132605164,0.0839991438005586,,,0.8949739513465623,,0.8950091597762044,0.10499084022379557,0,0.14160198208511263,10,0.025,0.15,0.7868739260068979,0.8575648508726854,0.9292326000361864,0.9296900315515,0.9074427237095889,0.9339258716084351,1.0,0.9175390628498872,0.9422185642998547,0.9560777432842394,0.8369196644040092,0.9059089406485513
0,7,2.2917073369026184,0.12682379349046016,3564,2.29763392607371,0.13183730715287517,713,2.298381225972236,0.1262,0.957688679596628,0.08436859808566682,,,0.9078861889485841,,0.9079318710699609,0.09206812893003913,0,0.1416051041302513,10,0.025,0.15,0.7748256066246871,0.8622745243517084,0.9213700579304357,0.9333985257539408,0.9305606084983369,0.9499334258990889,0.9175390628498872,1.0,0.9289740842864386,0.9186583995361222,0.9075441988599731,0.9288370399359441
0,8,2.2917455328835383,0.15367625690206335,3441,2.2983665068944297,0.12936046511627908,688,2.298377939417392,0.1262,0.9541980207488089,0.0840610847990841,,,0.8971387574470882,,0.8971794490930997,0.10282055090690034,0,0.14160228069729497,10,0.025,0.15,0.7693771403711134,0.835368323141752,0.91288176761538,0.9056729286466316,0.9364938610572968,0.9287120394939725,0.9422185642998547,0.9289740842864386,1.0,0.9541359995520751,0.8996525306749864,0.9495931563509169
0,9,2.292754881470292,0.12831433713257348,3334,2.292211413383484,0.12743628185907047,667,2.2983778398248216,0.1262,0.9466814036592303,0.08339890045911505,,,0.8739957547031525,,0.8740241950124606,0.12597580498753935,0,0.14159596518788203,10,0.025,0.15,0.7629520816791496,0.8278822622166022,0.905410996232188,0.8999160782744022,0.9181660716412103,0.9320407328618193,0.9560777432842394,0.9186583995361222,0.9541359995520751,1.0,0.8659281705963796,0.9348789535557491
0,10,2.297045924113347,0.11956186362233878,3241,2.3063936630884805,0.125,648,2.2983726670470417,0.1262,0.902003566928192,0.07946295913412658,,,0.7364366259438775,,0.7364707629846017,0.2635292370153983,0,0.1415102336341821,10,0.025,0.15,0.7212465839079636,0.8006782320154525,0.8564495389542253,0.8386185264903993,0.8549776671718562,0.9049594918405008,0.8369196644040092,0.9075441988599731,0.8996525306749864,0.8659281705963796,1.0,0.896435717705543
0,11,2.293192356109619,0.1469135802469136,3159,2.2996424198150636,0.13291139240506328,632,2.2983784977393813,0.1262,0.932661947513251,0.08216384162824537,,,0.8308310825922491,,0.8308577181429585,0.1691422818570415,0,0.14158581956600108,10,0.025,0.15,0.7288259447946354,0.8038922030720165,0.876157987403226,0.8817801825318384,0.9386198716017118,0.9109834178379446,0.9059089406485513,0.9288370399359441,0.9495931563509169,0.9348789535557491,0.896435717705543,1.0
1,0,2.086511166890462,0.23573411249086926,6845,2.2842381434007124,0.16654492330168005,1369,2.287336114086682,0.1438,0.9034328576950176,0.07809795039548384,,,0.7,,0.7000132032810154,0.29998679671898465,0.9020157248996467,0.1452967398020325,10,0.025,0.15,1.0,0.9477662791978182,0.9349184718050896,0.9042524104180762,0.893970734851137,0.8658451768015899,0.8491707007030774,0.8396216569243848,0.8346433562811122,0.8235814304875082,0.8154170919893253,0.8193951694939391
1,1,2.1181720650473306,0.22325666301569916,5478,2.289782179726495,0.13412408759124086,1096,2.287289975564691,0.1449,0.9587106539908951,0.08285589480634174,,,0.8776928658479131,,0.8777458698486574,0.12225413015134257,0.905139491134338,0.14561348277204025,10,0.025,0.15,0.9477662791978182,1.0,0.9699139402341203,0.9580796314916283,0.9488321725469473,0.929758594324532,0.9123093189112467,0.9191299762258597,0.9034658681707631,0.8958065835477805,0.8948343331722312,0.887787828944365
1,2,2.161138728731557,0.21240663900414938,4820,2.2891341149806976,0.1400414937759336,964,2.2872916414767883,0.145,0.9782101825417694,0.0853275315304601,,,0.9699999999626534,,0.9700285520951957,0.029971447904804327,0.9056576813144926,0.14564444349290653,10,0.025,0.15,0.9349184718050896,0.9699139402341203,1.0,0.9674677857452906,0.9657431013578011,0.9568205870290122,0.9424288190294775,0.9450745666361134,0.9359200241789664,0.9295680187862516,0.9225959878618888,0.9225251626549827
1,3,2.171968992097037,0.2022469359963686,4406,2.2880774566105435,0.14301929625425652,881,2.287291882913324,0.145,0.9784853039798969,0.08481521023332819,,,0.950866560884521,,0.9509168028255022,0.04908319717449783,0.9056431874776906,0.14564353949009595,10,0.025,0.15,0.9042524104180762,0.9580796314916283,0.9674677857452906,1.0,0.9687600133816575,0.9529685631374419,0.9465082722069552,0.9577742152371707,0.9388034733064725,0.9354949917554771,0.933061319477168,0.9319358809437731
1,4,2.200679159164429,0.19803015564202334,4112,2.2864337989262173,0.14720194647201945,822,2.2872921666012536,0.145,0.9826102877759755,0.08450368698261801,,,0.9392322384929803,,0.9392814114307405,0.06071858856925949,0.9055770098392341,0.1456423983215736,10,0.025,0.15,0.893970734851137,0.9488321725469473,0.9657431013578011,0.9687600133816575,1.0,0.9636674042233696,0.9496537593754155,0.955400632448099,0.9546804401720747,0.9479123264767839,0.9448260823621996,0.9498804722638338
1,5,2.209281716039104,0.18241193108768322,3889,2.2827193396432057,0.15167095115681234,778,2.2872922873195214,0.145,0.9851785291155302,0.08478458218988931,,,0.9497227087618377,,0.9497615157366606,0.050238484263339434,0.9055879228147585,0.14564339988582573,10,0.025,0.15,0.8658451768015899,0.929758594324532,0.9568205870290122,0.9529685631374419,0.9636674042233696,1.0,0.9715153704638484,0.9734459008012151,0.9705272659915803,0.9654628849842876,0.9621920751656453,0.960293190278448
1,6,2.209270774084946,0.18445163028833197,3711,2.2874808311462402,0.13881401617250674,742,2.2872915901715243,0.1451,0.9799868480711412,0.08405460441798662,,,0.922460548657854,,0.9224967404399993,0.0775032595600007,0.905226992908392,0.1456285574620853,10,0.025,0.15,0.8491707007030774,0.9123093189112467,0.9424288190294775,0.9465082722069552,0.9496537593754155,0.9715153704638484,1.0,0.9725067675295542,0.97684278739321,0.972274132545243,0.9522871913339589,0.9662272020825129
1,7,2.218183718408857,0.18571829405162738,3564,2.2878474791844687,0.14305750350631136,713,2.2872955889641484,0.1451,0.9824590788826786,0.08436432640430185,,,0.934027600017022,,0.9340578633790497,0.06594213662095028,0.9054477751616141,0.14563058276033547,10,0.025,0.15,0.8396216569243848,0.9191299762258597,0.9450745666361134,0.9577742152371707,0.955400632448099,0.9734459008012151,0.9725067675295542,1.0,0.9715621013383595,0.9699268676302981,0.9677944279181142,0.9679334174450479
1,8,2.226225068834093,0.1861668119732636,3441,2.2867250442504883,0.13662790697674418,688,2.2872915569740004,0.1451,0.9794708113901028,0.08407616787751265,,,0.9232658697355933,,0.9232971893515539,0.07670281064844608,0.9052182343529523,0.14562872555768872,10,0.025,0.15,0.8346433562811122,0.9034658681707631,0.9359200241789664,0.9388034733064725,0.9546804401720747,0.9705272659915803,0.97684278739321,0.9715621013383595,1.0,0.9753292783493065,0.967946206709555,0.9763248837092563
1,9,2.228310031802566,0.17381523695260948,3334,2.280518651008606,0.14992503748125938,667,2.2872914845430397,0.1449,0.97532721434934,0.08353042343730056,,,0.9028841911727776,,0.9029228763347692,0.0970771236652308,0.905088062240396,0.14562350552829798,10,0.025,0.15,0.8235814304875082,0.8958065835477805,0.9295680187862516,0.9354949917554771,0.9479123264767839,0.9654628849842876,0.972274132545243,0.9699268676302981,0.9753292783493065,1.0,0.967340037369042,0.9751012316121749
1,10,2.242106545888461,0.1721073742672015,3241,2.294374465942383,0.13117283950617284,648,2.2872957036465027,0.1435,0.9699695337237279,0.08091541548350287,,,0.8052226345423554,,0.805259857074483,0.194740142925517,0.9035838138085747,0.14552384872203375,10,0.025,0.15,0.8154170919893253,0.8948343331722312,0.9225959878618888,0.933061319477168,0.9448260823621996,0.9621920751656453,0.9522871913339589,0.9677944279181142,0.967946206709555,0.967340037369042,1.0,0.9686987903598768
1,11,2.229894955635071,0.18407723963279518,3159,2.288932180404663,0.15031645569620253,632,2.287292540827884,0.1449,0.9725533620287227,0.0826742062412741,,,0.8709074225911594,,0.8709461801257613,0.1290538198742387,0.9050341691588701,0.14559550584902164,10,0.025,0.15,0.8193951694939391,0.887787828944365,0.9225251626549827,0.9319358809437731,0.9498804722638338,0.960293190278448,0.9662272020825129,0.9679334174450479,0.9763248837092563,0.9751012316121749,0.9686987903598768,1.0
2,0,2.002148399308876,0.2731190650109569,6845,2.2671824151819404,0.21037253469685901,1369,2.27134464964082,0.1861,0.9174370623654526,0.07828940041492545,,,0.7,,0.7000132032810154,0.29998679671898465,0.9557364653234318,0.14557368425600187,10,0.025,0.15,1.0,0.9510179092476683,0.9386603128455272,0.9125953888040552,0.9125974677057318,0.8810334462355458,0.8755798925178422,0.860312530797507,0.8588930080713464,0.846183898905802,0.8360271435978845,0.8438814507310107
2,1,2.0290920033011326,0.2602957283680175,5478,2.2731062041388617,0.177007299270073,1096,2.271182011954392,0.1867,0.9637182403221719,0.08274564067584021,,,0.8895346718790293,,0.889579310458649,0.11042068954135098,0.9579502448792012,0.145922220934036,10,0.025,0.15,0.9510179092476683,1.0,0.9656410133478339,0.952423345504582,0.9566621940873439,0.9361718096381074,0.9311911494537475,0.9220946491002795,0.921270564528771,0.9068008501386723,0.9017139354655951,0.9069195862755719
2,2,2.0672579881392026,0.25367219917012446,4820,2.274528741836548,0.18983402489626555,964,2.2711582153658325,0.1863,0.9744315275591159,0.08462599571513853,,,0.9695107177209398,,0.9695581852090245,0.03044181479097552,0.9582240395839741,0.14595377485415964,10,0.025,0.15,0.9386603128455272,0.9656410133478339,1.0,0.9592358891385384,0.9631647929789658,0.9513139047712265,0.9431571263492927,0.9404195483227485,0.9381873561052169,0.9273476244353124,0.9221336084949953,0.9256773849063514
2,3,2.080925168991089,0.24071720381298228,4406,2.27275208064488,0.19069239500567536,881,2.271159585518173,0.1863,0.9799533508668721,0.08448866292102132,,,0.963669621965952,,0.9636992292584707,0.036300770741529265,0.9582060981610832,0.14595351049334995,10,0.025,0.15,0.9125953888040552,0.952423345504582,0.9592358891385384,1.0,0.962178506262744,0.9573501855253077,0.9568488287441272,0.9576425142139909,0.9492109852705634,0.9470325215424974,0.9394106300799158,0.9441011597609499
2,4,2.104693662397789,0.24061284046692608,4112,2.270580700465611,0.18856447688564476,822,2.2711612665200533,0.1863,0.9798093086485429,0.0842909917627705,,,0.9552621897079508,,0.9553151458137347,0.04468485418626533,0.9582164254028442,0.14595299224316494,10,0.025,0.15,0.9125974677057318,0.9566621940873439,0.9631647929789658,0.962178506262744,1.0,0.9593413162584493,0.9557150631462992,0.9484660159853989,0.9525424163363541,0.9417922733373059,0.938072364340906,0.9459344764390862
2,5,2.116623866173529,0.22460786834661867,3889,2.2658648831503734,0.1928020565552699,778,2.2711599265472797,0.1863,0.9851004088319237,0.08463749946365984,,,0.9699999999574676,,0.9700285520951957,0.029971447904804327,0.9582149086764143,0.14595377492626999,10,0.025,0.15,0.8810334462355458,0.9361718096381074,0.9513139047712265,0.9573501855253077,0.9593413162584493,1.0,0.9689080776301034,0.9707033122139183,0.9721586481206417,0.9628069790398969,0.9681973624449253,0.9688358963507866
2,6,2.1213265225805085,0.22702775532201563,3711,2.2704374392827353,0.18598382749326145,742,2.2711637774600257,0.1864,0.9835962690866583,0.08413627093717074,,,0.9486815389360193,,0.9487217573567032,0.051278242643296834,0.9580849995455568,0.14595245761897493,10,0.025,0.15,0.8755798925178422,0.9311911494537475,0.9431571263492927,0.9568488287441272,0.9557150631462992,0.9689080776301034,1.0,0.9704091369240894,0.9754431504399254,0.9692537103861308,0.9617587202929091,0.9709384010592657
2,7,2.1226985884564264,0.23218294051627386,3564,2.2732182343800864,0.17251051893408134,713,2.2711676313907287,0.1864,0.9815470039320925,0.08426131800265037,,,0.9540000929495882,,0.9540525820666436,0.04594741793335644,0.9580795504540494,0.14595286477964725,10,0.025,0.15,0.860312530797507,0.9220946491002795,0.9404195483227485,0.9576425142139909,0.9484660159853989,0.9707033122139183,0.9704091369240894,1.0,0.9729003947120072,0.9693563488082033,0.969511941792204,0.9727211130541472
2,8,2.1408853663338556,0.22368497529787854,3441,2.269853393236796,0.16569767441860464,688,2.2711639826810814,0.1864,0.9820895416209249,0.08410050479337385,,,0.9471603183706964,,0.94720338003994,0.05279661996006002,0.9580871591687821,0.14595230391703615,10,0.025,0.15,0.8588930080713464,0.921270564528771,0.9381873561052169,0.9492109852705634,0.9525424163363541,0.9721586481206417,0.9754431504399254,0.9729003947120072,1.0,0.9682388502479149,0.9744716199806251,0.9778192271029199
2,9,2.1402228708620425,0.2137372525494901,3334,2.263476014137268,0.20239880059970014,667,2.271170757993867,0.1864,0.9748649192156104,0.08352689611063309,,,0.9227633543147427,,0.9228103183641135,0.07718968163588646,0.9580066471261864,0.1459333744801787,10,0.025,0.15,0.846183898905802,0.9068008501386723,0.9273476244353124,0.9470325215424974,0.9417922733373059,0.9628069790398969,0.9692537103861308,0.9693563488082033,0.9682388502479149,1.0,0.968396950295223,0.9693619629272173
2,10,2.1549300721058477,0.2124652884912064,3241,2.277633229891459,0.1558641975308642,648,2.271215001239052,0.1864,0.9727499946490045,0.08183806087874435,,,0.8509331089078063,,0.8509762175900711,0.14902378240992886,0.9574657131751005,0.14588861134920553,10,0.025,0.15,0.8360271435978845,0.9017139354655951,0.9221336084949953,0.9394106300799158,0.938072364340906,0.9681973624449253,0.9617587202929091,0.969511941792204,0.9744716199806251,0.968396950295223,1.0,0.972760532652604
2,11,2.136743664741516,0.22871161760050648,3159,2.2732704162597654,0.18829113924050633,632,2.2711773793908616,0.1864,0.9767742900835535,0.08305875832407177,,,0.9028523224639012,,0.9028898681322308,0.09711013186776918,0.9577382022696022,0.14592909342854654,10,0.025,0.15,0.8438814507310107,0.9069195862755719,0.9256773849063514,0.9441011597609499,0.9459344764390862,0.9688358963507866,0.9709384010592657,0.9727211130541472,0.9778192271029199,0.9693619629272173,0.972760532652604,1.0
3,0,1.9372233540923507,0.29744338933528125,6845,2.2443186803297563,0.2264426588750913,1369,2.2497263135789316,0.209,0.9246160531161718,0.07868322431961497,,,0.7,,0.7000132032810154,0.29998679671898465,0.9730244426013029,0.1453962537763943,10,0.025,0.15,1.0,0.9485002555978375,0.9366690739494502,0.9110011247922142,0.9133048510492817,0.887235779924351,0.8854364134484203,0.8695396115639884,0.8720054732111066,0.8536804398086004,0.8525365256867814,0.8561847833959118
3,1,1.963541918022688,0.28884629426798103,5478,2.250657743877835,0.2198905109489051,1096,2.2493642704396306,0.2093,0.963457784057946,0.0827121324288121,,,0.888086024794456,,0.8881186974963279,0.11188130250367212,0.9746623785498714,0.14572125031267782,10,0.025,0.15,0.9485002555978375,1.0,0.9565781923663239,0.9487763635508598,0.9485350331379647,0.9339964600128527,0.9300544464650418,0.9219092261421477,0.923007462998381,0.9063479709151223,0.9073476867877244,0.9087434604883093
3,2,1.993106146235215,0.2808921161825726,4820,2.254499465227127,0.2095435684647303,964,2.2493109371088726,0.2094,0.9719851517609801,0.0841557024182194,,,0.9554778176726262,,0.9555214470795993,0.044478552920400705,0.9751439119854372,0.14574214413994813,10,0.025,0.15,0.9366690739494502,0.9565781923663239,1.0,0.9536308692558833,0.9524270888407684,0.9442543512836589,0.9391023727641458,0.9384568405459002,0.9377978803422078,0.9233968393894553,0.9247850744130782,0.9240702033195286
3,3,2.010527538231441,0.275124829777576,4406,2.2520598343440463,0.20090805902383654,881,2.2493134842643254,0.2094,0.9795070079547207,0.08431594933789047,,,0.962958803907503,,0.9629895529038967,0.03701044709610335,0.9751502943001437,0.14574260023775998,10,0.025,0.15,0.9110011247922142,0.9487763635508598,0.9536308692558833,1.0,0.9549760052214528,0.9566791197673734,0.9566676356954485,0.9550007467791478,0.953985723500775,0.9397109512598296,0.9424369820679116,0.9440904048372138
3,4,2.0265102050521158,0.2765321011673152,4112,2.2494186673845564,0.20681265206812652,822,2.249315955970861,0.2094,0.9764744811065734,0.08409451555759755,,,0.952621363002502,,0.9526744896106683,0.04732551038933175,0.975137179183607,0.14574196007957765,10,0.025,0.15,0.9133048510492817,0.9485350331379647,0.9524270888407684,0.9549760052214528,1.0,0.9506845043724714,0.9526364622028013,0.943432943662035,0.9497678550075577,0.9364812829971404,0.9377837736464928,0.9420492920501947
3,5,2.0416694045066834,0.260221136538956,3889,2.2428062643323625,0.21079691516709512,778,2.249313188504569,0.2094,0.9813028500867439,0.08446677570512548,,,0.9699999999533158,,0.9700285520951957,0.029971447904804327,0.9751466731363095,0.1457428744976127,10,0.025,0.15,0.887235779924351,0.9339964600128527,0.9442543512836589,0.9566791197673734,0.9506845043724714,1.0,0.9617698350270023,0.9616439979058679,0.9649525272561715,0.9551415019590911,0.9607006106489543,0.9595291344445768
3,6,2.046138554194878,0.2619779035300458,3711,2.2473918199539185,0.21024258760107817,742,2.2493207545220097,0.2093,0.9812923026016063,0.08415578005579526,,,0.9554814421144405,,0.9555296991302339,0.04447030086976611,0.975138970533944,0.14574214413995748,10,0.025,0.15,0.8854364134484203,0.9300544464650418,0.9391023727641458,0.9566676356954485,0.9526364622028013,0.9617698350270023,1.0,0.9610261907280504,0.9674238154217398,0.959468024651429,0.9575880955736781,0.9653799406293336
3,7,2.0442698133843287,0.26691919191919194,3564,2.2533725102742515,0.18653576437587657,713,2.2493251064155677,0.2093,0.9781866667204889,0.08413197587026121,,,0.9543701646890884,,0.9544156722945653,0.045584327705434746,0.9751491084734817,0.14574208435200006,10,0.025,0.15,0.8695396115639884,0.9219092261421477,0.9384568405459002,0.9550007467791478,0.943432943662035,0.9616439979058679,0.9610261907280504,1.0,0.964933054449951,0.9546067258071035,0.9624862970483924,0.9664960855795905
3,8,2.063549154334598,0.25448997384481253,3441,2.2470664978027344,0.20203488372093023,688,2.2493213188799124,0.2093,0.9807932766387968,0.0841173346667491,,,0.9536866530049891,,0.9537390041425294,0.046260995857470566,0.9751336473621047,0.14574202352063528,10,0.025,0.15,0.8720054732111066,0.923007462998381,0.9377978803422078,0.953985723500775,0.9497678550075577,0.9649525272561715,0.9674238154217398,0.964933054449951,1.0,0.9615441668193033,0.966125305654111,0.96849864490317
3,9,2.065788961781396,0.24649070185962807,3334,2.2407148679097495,0.2368815592203898,667,2.2493448891217196,0.2095,0.9706433467347756,0.08343073237926098,,,0.9216332302491754,,0.9216715353765411,0.07832846462345888,0.9749312466207347,0.1457344054343205,10,0.025,0.15,0.8536804398086004,0.9063479709151223,0.9233968393894553,0.9397109512598296,0.9364812829971404,0.9551415019590911,0.959468024651429,0.9546067258071035,0.9615441668193033,1.0,0.9613056075035555,0.9598579558110483
3,10,2.075383228522081,0.24905893242826288,3241,2.2552754084269204,0.17901234567901234,648,2.2494286645816852,0.2088,0.9729270345207152,0.0824585194301913,,,0.8762463254382213,,0.8762935089369709,0.12370649106302911,0.9743285148315636,0.14571487424294546,10,0.025,0.15,0.8525365256867814,0.9073476867877244,0.9247850744130782,0.9424369820679116,0.9377837736464928,0.9607006106489543,0.9575880955736781,0.9624862970483924,0.966125305654111,0.9613056075035555,1.0,0.9655396867876788
3,11,2.0507959904670714,0.26590693257359926,3159,2.2516005516052244,0.2088607594936709,632,2.249357950838306,0.2096,0.9748361111276511,0.08327735783048223,,,0.9144730745934572,,0.9145170074763579,0.08548299252364211,0.9748346386640662,0.14573263052369448,10,0.025,0.15,0.8561847833959118,0.9087434604883093,0.9240702033195286,0.9440904048372138,0.9420492920501947,0.9595291344445768,0.9653799406293336,0.9664960855795905,0.96849864490317,0.9598579558110483,0.9655396867876788,1.0
4,0,1.889435072739919,0.31636230825420014,6845,2.2150030352852563,0.24470416362308253,1369,2.2218550549277776,0.2309,0.9323457436002398,0.07923957871949369,,,0.7,,0.7000132032810154,0.29998679671898465,0.9840729696131869,0.14517622766585583,10,0.025,0.15,1.0,0.9460438505840839,0.9331207836095209,0.9142204903879528,0.9125405645537532,0.8945559991273925,0.8919030977882166,0.8789226925522418,0.8801598370113827,0.8693952771305965,0.8664409431583314,0.8663403162247593
4,1,1.9132673598999201,0.30918218327856883,5478,2.2219293117523193,0.23175182481751824,1096,2.2212264417093013,0.2312,0.9621271909763639,0.0827107220669799,,,0.8867629167769716,,0.8868066214454292,0.11319337855457079,0.9860124771564956,0.14542622518115256,10,0.025,0.15,0.9460438505840839,1.0,0.9485341840653861,0.9443588507403967,0.9418035593745925,0.9286171802484113,0.9267646328852115,0.9205699784947097,0.9187405584520872,0.9076251776334899,0.9069064730442099,0.9056492907724428
4,2,1.936526518119009,0.30267634854771786,4820,2.2283628582954407,0.22302904564315354,964,2.2211489013478727,0.2314,0.9715733777319877,0.0839144665689092,,,0.951529713111491,,0.9515687148256342,0.04843128517436579,0.9861074640903202,0.14544036405495028,10,0.025,0.15,0.9331207836095209,0.9485341840653861,1.0,0.9470508989190138,0.9490705519390271,0.9385770261943535,0.9374137476998042,0.9370308855649848,0.9366804529053127,0.9275228792024738,0.9251815432623166,0.9232425638677847
4,3,1.9561238953045437,0.2961189287335452,4406,2.225215809685843,0.22814982973893302,881,2.2211529544637174,0.2313,0.9754020660746532,0.08413884660495664,,,0.963602354833156,,0.9636414649040287,0.03635853509597131,0.9861041665710977,0.14544094888183015,10,0.025,0.15,0.9142204903879528,0.9443588507403967,0.9470508989190138,1.0,0.9462423150197891,0.9477780838609844,0.9498952049464491,0.9474555266415612,0.9457231858268643,0.9353101539844638,0.9347883587578152,0.9336540590109006
4,4,1.9676372069301027,0.2999270428015564,4112,2.2222671849387035,0.21532846715328466,822,2.2211563345752183,0.2313,0.9743104593124555,0.08396586680915187,,,0.9542952741470817,,0.9543414038388539,0.04565859616114609,0.9861046156756166,0.14544055750693222,10,0.025,0.15,0.9125405645537532,0.9418035593745925,0.9490705519390271,0.9462423150197891,1.0,0.9415186152747661,0.9483217292812901,0.9393013495684255,0.9440967308805992,0.9383894523966161,0.9349898454669191,0.9377067144381145
4,5,1.9869149565696715,0.2846747235793263,3889,2.2134949139186313,0.24293059125964012,778,2.221151858945436,0.2313,0.9761787696186143,0.08425775213318966,,,0.9699999999461955,,0.9700285520951957,0.029971447904804327,0.9861133472816925,0.14544109690874898,10,0.025,0.15,0.8945559991273925,0.9286171802484113,0.9385770261943535,0.9477780838609844,0.9415186152747661,1.0,0.9517904797556637,0.9526086671533834,0.9541932902906092,0.9452755552665192,0.9508295731507285,0.9486064568257372
4,6,1.9864445945312237,0.2872002155753166,3711,2.217908263206482,0.23450134770889489,742,2.221163411683674,0.2317,0.9782745932080029,0.0841332744911191,,,0.9633025503800594,,0.9633443910811836,0.03665560891881636,0.9861020748192396,0.14544092369297495,10,0.025,0.15,0.8919030977882166,0.9267646328852115,0.9374137476998042,0.9498952049464491,0.9483217292812901,0.9517904797556637,1.0,0.9524173951867071,0.9601663010763212,0.9519977913365252,0.9505495528078657,0.9573997302645859
4,7,1.984691419345992,0.29290123456790124,3564,2.2274526357650757,0.21458625525946703,713,2.221167482907259,0.2315,0.974688912479213,0.08400145612933256,,,0.9562101375156224,,0.9562558795860772,0.04374412041392284,0.9861065674487028,0.1454406470485236,10,0.025,0.15,0.8789226925522418,0.9205699784947097,0.9370308855649848,0.9474555266415612,0.9393013495684255,0.9526086671533834,0.9524173951867071,1.0,0.9536803361996812,0.9475142447408711,0.9519771779582438,0.95484736107962
4,8,2.0021163282571015,0.2778552746294682,3441,2.2177231709162393,0.23982558139534885,688,2.221164220496069,0.2317,0.9766117815893056,0.08405514656525043,,,0.9590989212422609,,0.9591358452575465,0.04086415474245353,0.9861036290754082,0.14544077545949352,10,0.025,0.15,0.8801598370113827,0.9187405584520872,0.9366804529053127,0.9457231858268643,0.9440967308805992,0.9541932902906092,0.9601663010763212,0.9536803361996812,1.0,0.9500563246952329,0.9565141101513388,0.9586804719998285
4,9,2.0070440000957914,0.2737252549490102,3334,2.2115025917689004,0.2683658170914543,667,2.221200713628455,0.2315,0.9696395847164356,0.08340167491375557,,,0.9239392463320821,,0.9239821095542242,0.07601789044577578,0.9861012199113601,0.1454368933518599,10,0.025,0.15,0.8693952771305965,0.9076251776334899,0.9275228792024738,0.9353101539844638,0.9383894523966161,0.9452755552665192,0.9519977913365252,0.9475142447408711,0.9500563246952329,1.0,0.9542956227622235,0.9504109064380006
4,10,2.0143669504385726,0.2743906201789571,3241,2.227027932802836,0.19444444444444445,648,2.2213249327261235,0.2314,0.9706071365220807,0.08283024438751078,,,0.8931937480529162,,0.893234968889769,0.10676503111023095,0.9859951510560824,0.14542842454395394,10,0.025,0.15,0.8664409431583314,0.9069064730442099,0.9251815432623166,0.9347883587578152,0.9349898454669191,0.9508295731507285,0.9505495528078657,0.9519771779582438,0.9565141101513388,0.9542956227622235,1.0,0.956840795333573
4,11,1.9841322226524354,0.2898702120924343,3159,2.2235576629638674,0.23417721518987342,632,2.2212191593797903,0.2317,0.9710004883807806,0.08335097061035074,,,0.9212111297868844,,0.9212506807941774,0.07874931920582262,0.9861082219101898,0.14543645206071038,10,0.025,0.15,0.8663403162247593,0.9056492907724428,0.9232425638677847,0.9336540590109006,0.9377067144381145,0.9486064568257372,0.9573997302645859,0.95484736107962,0.9586804719998285,0.9504109064380006,0.956840795333573,1.0
5,0,1.851005366113451,0.3312052593133674,6845,2.1801675883206455,0.268809349890431,1369,2.1883960917026184,0.2568,0.9354633813455696,0.07976471111159542,,,0.7,,0.7000132032810154,0.29998679671898465,0.989664017126282,0.14480809026709232,10,0.025,0.15,1.0,0.9401650130131652,0.9313153260608804,0.9118665433044122,0.9102641358838315,0.8950508167886013,0.8936320641029759,0.8833497952395724,0.8798234138682072,0.871242972813024,0.8697985865666438,0.8742680829784698
5,1,1.8685233994971875,0.3250273822562979,5478,2.1874154143863254,0.26186131386861317,1096,2.187434305118609,0.2567,0.9604614063910341,0.08273666306849978,,,0.884743831883198,,0.884793121090591,0.11520687890940895,0.9906681558443288,0.14504596953928836,10,0.025,0.15,0.9401650130131652,1.0,0.9440547042409804,0.9377466316825589,0.9369629591687969,0.9214641569325406,0.9228695022495719,0.9155577126394475,0.9155930717235136,0.9015672918139046,0.9058059130726361,0.9050928283980523
5,2,1.8932026022358945,0.3175103734439834,4820,2.1966956555843353,0.24481327800829875,964,2.1873366229141813,0.257,0.9698642853943831,0.08379127676249017,,,0.950301208923445,,0.950347411331716,0.04965258866828404,0.9908562062650579,0.14505687178328397,10,0.025,0.15,0.9313153260608804,0.9440547042409804,1.0,0.9433596007368105,0.9420838819191638,0.9335029681742265,0.9317931145146955,0.9347510243385623,0.9296493365102663,0.9198166129266399,0.921900343071183,0.9220175619756316
5,3,1.91230448450361,0.3157058556513845,4406,2.19315767288208,0.25312145289443816,881,2.1873411739928814,0.257,0.9729219784346136,0.08403050121550115,,,0.965171988387675,,0.9652093545245993,0.03479064547540067,0.9908824685658816,0.14505755816965554,10,0.025,0.15,0.9118665433044122,0.9377466316825589,0.9433596007368105,1.0,0.9383853551657748,0.9394800559037209,0.9443715591847514,0.9411078850597954,0.9400969327600884,0.9331252074766382,0.9303137363450165,0.9284573717157801
5,4,1.9167773990920096,0.3152237354085603,4112,2.1895389897482738,0.24087591240875914,822,2.1873451637316355,0.257,0.9715310065533374,0.08387765233992374,,,0.9556705269297912,,0.9557112442441947,0.044288755755805265,0.9908648759009795,0.1450571573459547,10,0.025,0.15,0.9102641358838315,0.9369629591687969,0.9420838819191638,0.9383853551657748,1.0,0.9373304789449811,0.9433043859478762,0.9363292287956868,0.939624376716696,0.9244387923558075,0.9301403554349423,0.9334389575810274
5,5,1.9424541611825266,0.2999485728979172,3889,2.1783863476344516,0.2647814910025707,778,2.1873401810851276,0.257,0.9723377986432445,0.08408523577638705,,,0.9685744231043644,,0.968617451436682,0.03138254856331801,0.990879871810401,0.1450576347124973,10,0.025,0.15,0.8950508167886013,0.9214641569325406,0.9335029681742265,0.9394800559037209,0.9373304789449811,1.0,0.9452239071185266,0.9434178611337413,0.9479809776189285,0.9345475701350825,0.9426337331477979,0.9399176220937336
5,6,1.939126260527249,0.30441929399083806,3711,2.182657480239868,0.2695417789757412,742,2.1873552074915246,0.2572,0.9754046880972785,0.08410816886063008,,,0.9699999999378375,,0.9700285520951957,0.029971447904804327,0.9908788448208156,0.14505765277974092,10,0.025,0.15,0.8936320641029759,0.9228695022495719,0.9317931145146955,0.9443715591847514,0.9433043859478762,0.9452239071185266,1.0,0.9446244465552235,0.9524318414964745,0.9422633522826037,0.9452977936964068,0.9502295583893121
5,7,1.9364200660160609,0.3059203142536476,3564,2.1957545280456543,0.24684431977559607,713,2.18735767919806,0.257,0.9712637034176652,0.08389101370910049,,,0.9565011024494201,,0.9565447013582875,0.04345529864171249,0.9908659319164326,0.14505720061774025,10,0.025,0.15,0.8833497952395724,0.9155577126394475,0.9347510243385623,0.9411078850597954,0.9363292287956868,0.9434178611337413,0.9446244465552235,1.0,0.9450061644297226,0.9346637207381195,0.9446472440290637,0.9442115030713522
5,8,1.9551631702317132,0.2973554199360651,3441,2.1824097633361816,0.26308139534883723,688,2.1873553402816195,0.2572,0.97322416780793,0.08398840978373034,,,0.9625554816245949,,0.9625934544734367,0.037406545526563306,0.9908767883168057,0.1450574759308685,10,0.025,0.15,0.8798234138682072,0.9155930717235136,0.9296493365102663,0.9400969327600884,0.939624376716696,0.9479809776189285,0.9524318414964745,0.9450061644297226,1.0,0.9393423845032012,0.9498836251195304,0.950697694935539
5,9,1.9672043279365257,0.28869226154769045,3334,2.1768775383631387,0.2908545727136432,667,2.18740176249154,0.2574,0.9637761833033207,0.08327396474436731,,,0.9181438235103933,,0.9181891700087472,0.08181082999125278,0.9907958690989437,0.14505345411843268,10,0.025,0.15,0.871242972813024,0.9015672918139046,0.9198166129266399,0.9331252074766382,0.9244387923558075,0.9345475701350825,0.9422633522826037,0.9346637207381195,0.9393423845032012,1.0,0.9411628343825044,0.9387987357525426
5,10,1.9643195404456213,0.2923788954026535,3241,2.1931503216425576,0.2191358024691358,648,2.1875659483897536,0.257,0.9679799633613131,0.08305655254402906,,,0.9046289472367934,,0.9046640590186661,0.09533594098133391,0.9907073933360548,0.14505103883023282,10,0.025,0.15,0.8697985865666438,0.9058059130726361,0.921900343071183,0.9303137363450165,0.9301403554349423,0.9426337331477979,0.9452977936964068,0.9446472440290637,0.9498836251195304,0.9411628343825044,1.0,0.9482099778109633
5,11,1.9323087782859802,0.3086103197214308,3159,2.1899579524993897,0.254746835443038,632,2.187425643582887,0.2574,0.9684695853176774,0.08339585008374548,,,0.925720515520772,,0.9257645524912941,0.07423544750870592,0.9907947821490298,0.14505450862990402,10,0.025,0.15,0.8742680829784698,0.9050928283980523,0.9220175619756316,0.9284573717157801,0.9334389575810274,0.9399176220937336,0.9502295583893121,0.9442115030713522,0.950697694935539,0.9387987357525426,0.9482099778109633,1.0
6,0,1.8178985231452518,0.3433747260774288,6845,2.1406325210224497,0.2907231555880205,1369,2.150280638586117,0.2755,0.9376657890887926,0.08023264853754256,,,0.7,,0.7000132032810154,0.29998679671898465,0.991911226109977,0.1444545883968467,10,0.025,0.15,1.0,0.9379799145256325,0.9268226756234516,0.9095224094085139,0.9081290837940114,0.8976970696984136,0.8942232030509852,0.8837537914363821,0.8828631322668105,0.8695629542632374,0.8724107149715749,0.8773239535856127
6,1,1.8335465431213378,0.3368017524644031,5478,2.1480181747012668,0.28558394160583944,1096,2.1489262611051148,0.2778,0.9610725047388811,0.08284495044003361,,,0.8850298184876468,,0.8850819428628014,0.1149180571371986,0.9932177115721079,0.1447018976200948,10,0.025,0.15,0.9379799145256325,1.0,0.9403536944602405,0.9343071632952638,0.9314434165554066,0.9210307347975278,0.9206999763101537,0.9145963308814845,0.9158130263779874,0.9021312029867183,0.9039674017487075,0.9054953803041418
6,2,1.8563263202968396,0.3298547717842324,4820,2.1604968905448914,0.26556016597510373,964,2.1488059804409363,0.2781,0.9703973689953707,0.08380526252915012,,,0.9530488982774987,,0.953095344193032,0.04690465580696801,0.9933177589451991,0.14471763117822617,10,0.025,0.15,0.9268226756234516,0.9403536944602405,1.0,0.938645834937615,0.9378961037939798,0.9346086448874475,0.9287075660362093,0.9328595031788314,0.930996616936187,0.920759337443336,0.9207068976056215,0.921726724550133
6,3,1.8764972727639335,0.3282796187017703,4406,2.156527962003435,0.2746878547105562,881,2.1488107216509085,0.2782,0.9687586807694814,0.08390032317158247,,,0.9597820608563739,,0.9598290175108515,0.04017098248914852,0.9933195852394854,0.14471787997112018,10,0.025,0.15,0.9095224094085139,0.9343071632952638,0.938645834937615,1.0,0.92911911081224,0.9327332926580778,0.9378947246592068,0.9318582343324319,0.9347761225400213,0.924227162793071,0.920851643707774,0.9201856930694063
6,4,1.8757583144939307,0.333681906614786,4112,2.1521976675306047,0.2664233576642336,822,2.1488153240348717,0.2782,0.9682046805077621,0.0837872238025994,,,0.9517712119977295,,0.9518162763446717,0.0481837236553283,0.9933199924414275,0.14471759306377022,10,0.025,0.15,0.9081290837940114,0.9314434165554066,0.9378961037939798,0.92911911081224,1.0,0.9308479042953829,0.9357058023836002,0.9314855843643861,0.9312963057622271,0.9182412006331572,0.9254574748239703,0.9282116668151644
6,5,1.904020340596476,0.31725379274877863,3889,2.13838723727635,0.2917737789203085,778,2.1488088354279724,0.2781,0.9689437724986842,0.08394038882660383,,,0.9626199184826774,,0.9626594708785133,0.037340529121486665,0.993325964011018,0.14471797290592986,10,0.025,0.15,0.8976970696984136,0.9210307347975278,0.9346086448874475,0.9327332926580778,0.9308479042953829,1.0,0.9356997001137529,0.9354740420817983,0.9389377572435221,0.926067215143519,0.9316582404820473,0.9308676241450815
6,6,1.901500301114444,0.3140393424952843,3711,2.1429247856140137,0.2776280323450135,742,2.1488272781613507,0.2782,0.9716938826734268,0.08404458284765833,,,0.9699999999291697,,0.9700285520951957,0.029971447904804327,0.9933281345693744,0.14471811336444548,10,0.025,0.15,0.8942232030509852,0.9206999763101537,0.9287075660362093,0.9378947246592068,0.9357058023836002,0.9356997001137529,1.0,0.9352014842806728,0.9448128279149891,0.9362282267475692,0.9358700842053209,0.9421750118166357
6,7,1.8944705311741148,0.3244107744107744,3564,2.1590757767359414,0.2776998597475456,713,2.148828612098211,0.2782,0.967504897923085,0.08377263993825708,,,0.9507382342360342,,0.9507765179647142,0.049223482035285815,0.9933174920385766,0.14471751499111887,10,0.025,0.15,0.8837537914363821,0.9145963308814845,0.9328595031788314,0.9318582343324319,0.9314855843643861,0.9354740420817983,0.9352014842806728,1.0,0.9359182689179179,0.9285272392157222,0.9343472936408616,0.934498248382622
6,8,1.9143341170416939,0.3128451031676838,3441,2.141992688179016,0.2863372093023256,688,2.148825717877738,0.2782,0.9704324944722396,0.08392891016281888,,,0.9618068826407691,,0.9618507699163242,0.03814923008367577,0.9933262487506886,0.14471795054745318,10,0.025,0.15,0.8828631322668105,0.9158130263779874,0.930996616936187,0.9347761225400213,0.9312963057622271,0.9389377572435221,0.9448128279149891,0.9359182689179179,1.0,0.9341469246542619,0.94081454675717,0.9418207390139326
6,9,1.9270233595812762,0.30590881823635274,3334,2.137709697087606,0.29985007496251875,667,2.1488818096209177,0.278,0.9616053987605406,0.08319625923820628,,,0.9099130845056435,,0.9099536234754336,0.09004637652456637,0.9932896448374033,0.14470770791193155,10,0.025,0.15,0.8695629542632374,0.9021312029867183,0.920759337443336,0.924227162793071,0.9182412006331572,0.926067215143519,0.9362282267475692,0.9285272392157222,0.9341469246542619,1.0,0.9386679158541773,0.9318141287962036
