round,client_id,client_i_training_loss,client_i_training_accuracy,client_i_training_dataset_size,client_i_evaluation_loss,client_i_evaluation_accuracy,client_i_evaluation_dataset_size,client_i_central_evaluation_loss,client_i_central_evaluation_accuracy,client_i_cosine_similarity,client_i_importance_coefficient,client_i_tanh_val,tanh_normalization_value,client_i_q,client_i_mask_order,client_i_v_nonzero_fraction,client_i_v_sparsity,client_i_v_cosine_similarity,client_i_reward_gradient_norm,local_epochs,learning_rate,gamma,client_0_cosine_similarity,client_1_cosine_similarity,client_2_cosine_similarity,client_3_cosine_similarity,client_4_cosine_similarity,client_5_cosine_similarity,client_6_cosine_similarity,client_7_cosine_similarity,client_8_cosine_similarity,client_9_cosine_similarity,client_10_cosine_similarity,client_11_cosine_similarity
0,0,0.2760202898328638,0.9135622108595082,8214,2.168257707773253,0.45069393718042366,1369,2.1721926725710543,0.437,0.7998715198999936,0.08513611015639992,,,0.9899999999743339,,0.9900005019828322,0.009999498017167818,0,0.39237741201987486,5,0.1,0.5,1.0,0.5662290012537569,0.5687786767720066,0.5758277927944309,0.5710502848675246,0.5828411522746814,0.5744388773934708,0.5752538188948897,0.5270863067226914,0.5721818980166015,0.5664291349735554,0.5716368492651533
0,1,0.30579156204696417,0.9058411925768177,6574,2.165635708400181,0.4726277372262774,1096,2.1721964781276717,0.4371,0.7924566437802276,0.08434689127008754,,,0.969743785716245,,0.969750514532403,0.03024948546759698,0,0.39237686991351844,5,0.1,0.5,0.5662290012537569,1.0,0.5710654544301643,0.5843394129535056,0.5815737350011692,0.584412252248975,0.5774374333513621,0.5800073387298532,0.5287557677098222,0.5914668184467221,0.5815440349378238,0.5896385220301041
0,2,0.33344755431235823,0.8969393048590697,5783,2.169927981591994,0.4242738589211618,964,2.1722042682452702,0.4369,0.7800384089018246,0.08302512872916354,,,0.9358192234793052,,0.9358365543898398,0.06416344561016019,0,0.39237189960989405,5,0.1,0.5,0.5687786767720066,0.5710654544301643,1.0,0.5601045870833508,0.5711581696403599,0.5919509159585942,0.5664521924809396,0.5791039873833035,0.5299374907201524,0.59183214680857,0.5763108998460935,0.5750689916518008
0,3,0.32420477999194736,0.8970304520522036,5287,2.175196409225464,0.41543700340522133,881,2.1721975369194446,0.4371,0.7910596481409291,0.08419819892178365,,,0.9659274248586693,,0.9659454846644244,0.034054515335575575,0,0.39237662434314674,5,0.1,0.5,0.5758277927944309,0.5843394129535056,0.5601045870833508,1.0,0.6029316051721793,0.6088448645571825,0.59336843000353,0.5925664987523153,0.5485573041365133,0.5883100462650616,0.5843798963382131,0.5974138063261166
0,4,0.33295896837487815,0.8956028368794327,4935,2.1743157551838803,0.4257907542579075,822,2.1722010073189537,0.4372,0.7885129420289491,0.0839271345737086,,,0.9589702452883819,,0.958977962953667,0.041022037046333004,0,0.3923760278086275,5,0.1,0.5,0.5710502848675246,0.5815737350011692,0.5711581696403599,0.6029316051721793,1.0,0.5958662579532338,0.5763312323889247,0.6098183477177113,0.550843398886461,0.6003817683043233,0.5811296300544149,0.6055674736027894
0,5,0.35253858708406555,0.8897364473966145,4667,2.1708758068084717,0.4318766066838046,778,2.1721935302685624,0.437,0.7966783460872914,0.08479623757598759,,,0.9812767776482061,,0.9812961196727072,0.018703880327292755,0,0.3923773008908994,5,0.1,0.5,0.5828411522746814,0.584412252248975,0.5919509159585942,0.6088448645571825,0.5958662579532338,1.0,0.5977230327015011,0.6111093192840207,0.555134451826239,0.5979493273654609,0.5998680466029956,0.6172059433899227
0,6,0.3645708612379219,0.8854255558050752,4453,2.1684342324733734,0.46765498652291104,742,2.17220563858081,0.4371,0.7802447026642337,0.0830470860661159,,,0.9363827838927189,,0.9363987751618895,0.06360122483811048,0,0.39237204264545195,5,0.1,0.5,0.5744388773934708,0.5774374333513621,0.5664521924809396,0.59336843000353,0.5763312323889247,0.5977230327015011,1.0,0.5969116531393288,0.5409861630690597,0.596899947795623,0.5900400703222064,0.5946321521819706
0,7,0.3724046006798744,0.880476969838672,4277,2.178172422491986,0.42075736325385693,713,2.172201030932295,0.4372,0.7885034857510862,0.0839261280736723,,,0.9589444123024515,,0.9589528638120576,0.04104713618794242,0,0.39237602638319863,5,0.1,0.5,0.5752538188948897,0.5800073387298532,0.5791039873833035,0.5925664987523153,0.6098183477177113,0.6111093192840207,0.5969116531393288,1.0,0.5469699006470858,0.6017645089042547,0.6054037500446408,0.6040346046189018
0,8,0.4199437548172304,0.8762412206345362,4129,2.1729726791381836,0.45058139534883723,688,2.1722270063698863,0.4363,0.7303211861300664,0.07773336517806735,,,0.8,,0.8,0.19999999999999996,0,0.39216357441689437,5,0.1,0.5,0.5270863067226914,0.5287557677098222,0.5299374907201524,0.5485573041365133,0.550843398886461,0.555134451826239,0.5409861630690597,0.5469699006470858,1.0,0.5543696215104922,0.5405742123264526,0.556596261468721
0,9,0.3660611214663183,0.8839290177455636,4001,2.1773136797405424,0.41829085457271364,667,2.172204065627564,0.4373,0.7858075926971708,0.08363918468051748,,,0.9515796787000345,,0.951598815320516,0.048401184679483955,0,0.3923751424584657,5,0.1,0.5,0.5721818980166015,0.5914668184467221,0.59183214680857,0.5883100462650616,0.6003817683043233,0.5979493273654609,0.596899947795623,0.6017645089042547,0.5543696215104922,1.0,0.5872967272442519,0.6118624314667127
0,10,0.38327069177490763,0.8821290820262279,3889,2.173876887276059,0.4567901234567901,648,2.1722140365515274,0.437,0.7755602862954707,0.08254848975649942,,,0.9235857337320539,,0.9236032327694392,0.07639676723056077,0,0.3923677142409995,5,0.1,0.5,0.5664291349735554,0.5815440349378238,0.5763108998460935,0.5843798963382131,0.5811296300544149,0.5998680466029956,0.5900400703222064,0.6054037500446408,0.5405742123264526,0.5872967272442519,1.0,0.5972875807210903
0,11,0.3978392403729323,0.8759694012134002,3791,2.1770990610122682,0.38449367088607594,632,2.172203706095394,0.4373,0.7861539032592728,0.08367604501799658,,,0.9525257418348017,,0.9525475628733497,0.04745243712665026,0,0.39237528549716433,5,0.1,0.5,0.5716368492651533,0.5896385220301041,0.5750689916518008,0.5974138063261166,0.6055674736027894,0.6172059433899227,0.5946321521819706,0.6040346046189018,0.556596261468721,0.6118624314667127,0.5972875807210903,1.0
1,0,0.2490669133261223,0.9232773313854395,8214,2.0081894952197406,0.7027027027027027,1369,2.012591507107305,0.701,0.7923526719442472,0.08482383275222113,,,0.9793879241564957,,0.9793986245670399,0.020601375432960145,0.9558335943338288,0.39276008037205995,5,0.1,0.5,1.0,0.6080544529817141,0.6055628537783584,0.6263323453884322,0.6130733634543533,0.621244593732572,0.5941176139697538,0.6143168510183703,0.4035006352361064,0.5398732592027013,0.6074658097301296,0.6128120851782057
1,1,0.27716653626231313,0.914907210222087,6574,2.0061920745032173,0.7208029197080292,1096,2.0125959726949088,0.701,0.8037494417741496,0.08469717843551898,,,0.9775594828377531,,0.9775764268862005,0.0224235731137995,0.9558312163888533,0.39276002433991575,5,0.1,0.5,0.6080544529817141,1.0,0.6162189611514459,0.6325252537523405,0.614514734402544,0.6348352339822249,0.621713640014102,0.6302709122294937,0.4087648487430585,0.5519702077685954,0.6111725218806039,0.6274455062309531
1,2,0.292572345290827,0.911257132975964,5783,2.007847624440347,0.7199170124481328,964,2.0126088130207487,0.701,0.7988566479717935,0.08364103215922497,,,0.9623124581764982,,0.9623261884443552,0.037673811555644754,0.9558123487868423,0.39275896300215596,5,0.1,0.5,0.6055628537783584,0.6162189611514459,1.0,0.6234968174319296,0.6130052807499186,0.6234437095438211,0.6131831159790487,0.6178580020197596,0.4098919090560255,0.5615401654964486,0.6102092353072341,0.6235078115231162
1,3,0.28380295839777825,0.9118214488367694,5287,2.0145814887114932,0.7105561861520999,881,2.012597231819226,0.701,0.8182460354391438,0.08510798397470193,,,0.9834900649242432,,0.9834998243060087,0.016500175693991315,0.9558298518873556,0.3927601874826001,5,0.1,0.5,0.6263323453884322,0.6325252537523405,0.6234968174319296,1.0,0.6279578520627911,0.6372571267242326,0.6322358207640588,0.6446374922265927,0.4240897770993385,0.5694372843350479,0.6328799066130787,0.644468061023122
1,4,0.2926333326630054,0.9095035460992907,4935,2.016475585790781,0.6934306569343066,822,2.0126052424549674,0.701,0.806768324268646,0.08452272218513451,,,0.9750409503090435,,0.9750614928969429,0.024938507103057117,0.9558286420983552,0.3927599250488988,5,0.1,0.5,0.6130733634543533,0.614514734402544,0.6130052807499186,0.6279578520627911,1.0,0.6316733893483697,0.6210908262215454,0.6319700142982034,0.4228844223816192,0.5603647996545874,0.6203385781572098,0.6319654522777138
1,5,0.3093310474226736,0.9073923291193486,4667,2.0098125982284545,0.6928020565552699,778,2.0125903782372276,0.7011,0.8196949119374177,0.08555892071984939,,,0.9899999999855635,,0.9900005019828322,0.009999498017167818,0.9558337282120268,0.3927602808612686,5,0.1,0.5,0.621244593732572,0.6348352339822249,0.6234437095438211,0.6372571267242326,0.6316733893483697,1.0,0.6289726566764107,0.6472993721592215,0.4206792680451939,0.5734091568139628,0.6426126788182353,0.6448164425596795
1,6,0.31908684633838547,0.9009656411408039,4453,2.009225850303968,0.6981132075471698,742,2.0126127328354713,0.7011,0.8070091583390843,0.08394266421334919,,,0.9666669604562341,,0.9666833994277396,0.03331660057226038,0.9558128021596101,0.3927593798181747,5,0.1,0.5,0.5941176139697538,0.621713640014102,0.6131831159790487,0.6322358207640588,0.6210908262215454,0.6289726566764107,1.0,0.6331879868943998,0.4129493644591446,0.5757961803825385,0.6262747555974468,0.6352241726795872
1,7,0.3228461069068802,0.9010521393500117,4277,2.020182619924131,0.6802244039270687,713,2.0126033530067713,0.701,0.8161557938679164,0.08485246459776326,,,0.9798012669527321,,0.9798102504894333,0.020189749510566735,0.9558299837448245,0.3927600947919649,5,0.1,0.5,0.6143168510183703,0.6302709122294937,0.6178580020197596,0.6446374922265927,0.6319700142982034,0.6472993721592215,0.6331879868943998,1.0,0.41337417406710103,0.5706054880221776,0.6363811688393904,0.6362805200443922
1,8,0.4678349911536158,0.8829740857350448,4129,2.0136023380539636,0.7063953488372093,688,2.0128022097170164,0.7005,0.5799677734970181,0.07239780916275038,,,0.8,,0.8,0.19999999999999996,0.9550249265957838,0.39252812878059284,5,0.1,0.5,0.4035006352361064,0.4087648487430585,0.4098919090560255,0.4240897770993385,0.4228844223816192,0.4206792680451939,0.4129493644591446,0.41337417406710103,1.0,0.36214481497485806,0.4091450706200665,0.4189897002280431
1,9,0.3187718625167719,0.903424143964009,4001,2.01856069337754,0.6956521739130435,667,2.0126123466430763,0.701,0.7447291112395859,0.08214652940734972,,,0.9407371131455872,,0.9407559861452738,0.05924401385472622,0.9558063329695572,0.3927554854839001,5,0.1,0.5,0.5398732592027013,0.5519702077685954,0.5615401654964486,0.5694372843350479,0.5603647996545874,0.5734091568139628,0.5757961803825385,0.5706054880221776,0.36214481497485806,1.0,0.5674942295437946,0.5726548443430595
1,10,0.3343806724216728,0.8984829004885575,3889,2.0136037724358693,0.7052469135802469,648,2.0126189648533783,0.7006,0.8070669249928022,0.08361125987551649,,,0.9618826514782083,,0.9618995030369961,0.03810049696300388,0.9557964171109016,0.39275891373898236,5,0.1,0.5,0.6074658097301296,0.6111725218806039,0.6102092353072341,0.6328799066130787,0.6203385781572098,0.6426126788182353,0.6262747555974468,0.6363811688393904,0.4091450706200665,0.5674942295437946,1.0,0.6329020684171085
1,11,0.3433818747485135,0.8928514903719336,3791,2.0202731788158417,0.6661392405063291,632,2.0126070077426896,0.701,0.8165075691762989,0.08469760251662004,,,0.9775656050720982,,0.9775814467145224,0.022418553285477594,0.9558246778785197,0.3927600243787996,5,0.1,0.5,0.6128120851782057,0.6274455062309531,0.6235078115231162,0.644468061023122,0.6319654522777138,0.6448164425596795,0.6352241726795872,0.6362805200443922,0.4189897002280431,0.5726548443430595,0.6329020684171085,1.0
2,0,0.23024132270945766,0.9292914536157779,8214,1.8092303248338921,0.8444119795471147,1369,1.815991469846366,0.8465,0.7983678489422706,0.08429683446414236,,,0.9633612253041399,,0.9633753325636263,0.036624667436373715,0.9623542605619858,0.3996510100056736,5,0.1,0.5,1.0,0.6163854409593855,0.6163836789906842,0.6245824481085839,0.619372912255562,0.6247551515077254,0.6020701441349561,0.6175578769650791,0.6198441231703659,0.49127254932408115,0.6077607853679641,0.6092826604734403
2,1,0.25301295088115827,0.923364770307271,6574,1.8090533903666906,0.8503649635036497,1096,1.8159958668791067,0.8465,0.803734074772997,0.08440036106543376,,,0.9655218348851704,,0.9655388785703529,0.03446112142964708,0.9623556956162203,0.3996512345839325,5,0.1,0.5,0.6163854409593855,1.0,0.6169420667195448,0.6232468191169016,0.6201455364226292,0.6312014140109101,0.6161648518264119,0.6193098139422553,0.6276896603354318,0.4999756961702873,0.6183799071747433,0.612651696471912
2,2,0.26905583226178564,0.9214940342382846,5783,1.8064194840769614,0.8599585062240664,964,1.8160127942173625,0.8463,0.8066466537187503,0.08380034762960037,,,0.9529994999293496,,0.9530093870789619,0.04699061292103812,0.9623518437638515,0.39964953566511724,5,0.1,0.5,0.6163836789906842,0.6169420667195448,1.0,0.6303983093571957,0.6285877979394184,0.6355673333913489,0.6104049549288721,0.620958320173391,0.6258195294002625,0.49768723875073106,0.6267398549247424,0.6245176297505298
2,3,0.2650464253500104,0.9165878570077549,5287,1.8172609210014343,0.8513053348467651,881,1.8159988200702606,0.8465,0.8169573360689406,0.08513589068716435,,,0.9808724049610643,,0.9808844937503137,0.019115506249686276,0.9623564398661603,0.3996521132141993,5,0.1,0.5,0.6245824481085839,0.6232468191169016,0.6303983093571957,1.0,0.6352859667957026,0.6376498639819972,0.6242064994459692,0.6354511501214739,0.6402629550840362,0.5088481408212109,0.6345727340723417,0.6330149961882741
2,4,0.2590393088142117,0.9208105369807498,4935,1.8232433887628408,0.8369829683698297,822,1.8160078982575634,0.8465,0.8139346784402187,0.08464121481501377,,,0.9705484745360259,,0.970568746548868,0.029431253451131956,0.9623557311555045,0.3996516190352879,5,0.1,0.5,0.619372912255562,0.6201455364226292,0.6285877979394184,0.6352859667957026,1.0,0.6421237908635221,0.6197197320458425,0.6348961009314175,0.6283167562057946,0.5052028365469805,0.6272836043830309,0.6385422909235534
2,5,0.2766452440606073,0.9174630383544032,4667,1.8125383710861207,0.8393316195372751,778,1.815991309885019,0.8465,0.8208933236495471,0.08557324359834323,,,0.9899999999791299,,0.9900005019828322,0.009999498017167818,0.9623575776758244,0.39965228493901905,5,0.1,0.5,0.6247551515077254,0.6312014140109101,0.6355673333913489,0.6376498639819972,0.6421237908635221,1.0,0.6270110681133566,0.6364524049120523,0.6365918638691639,0.5051310354700467,0.6385664831369636,0.6471925180340576
2,6,0.29586916223634036,0.9090949921401302,4453,1.8132935762405396,0.8652291105121294,742,1.8160183197393205,0.8463,0.8025408896941287,0.08385719486360091,,,0.9541859068711841,,0.9541990863912454,0.0458009136087546,0.9623485860488742,0.39964976769388644,5,0.1,0.5,0.6020701441349561,0.6161648518264119,0.6104049549288721,0.6242064994459692,0.6197197320458425,0.6270110681133566,1.0,0.6154731694097197,0.6277449220633632,0.5091799254286545,0.6241624628943828,0.6184575283245071
2,7,0.29330661858418094,0.9123684825812486,4277,1.8256208792976711,0.8429172510518934,713,1.8160063820525099,0.8465,0.8122822020179754,0.08480255370438909,,,0.9739156318253485,,0.9739219918678781,0.02607800813212191,0.9623561917510801,0.39965181387029763,5,0.1,0.5,0.6175578769650791,0.6193098139422553,0.620958320173391,0.6354511501214739,0.6348961009314175,0.6364524049120523,0.6154731694097197,1.0,0.6381665695226585,0.5006928445811576,0.6345234618521458,0.6302934872456385
2,8,0.2913651658491402,0.9110196173407604,4129,1.8174949071624062,0.8386627906976745,688,1.8164344477577332,0.8454,0.8106756638479097,0.07646930625774116,,,0.8,,0.8,0.19999999999999996,0.9615473303589331,0.39938939239169297,5,0.1,0.5,0.6198441231703659,0.6276896603354318,0.6258195294002625,0.6402629550840362,0.6283167562057946,0.6365918638691639,0.6277449220633632,0.6381665695226585,1.0,0.5077194353922619,0.6365142554674891,0.6335165660061881
2,9,0.37120466588142637,0.8999750062484378,4001,1.8231244938714164,0.8425787106446777,667,1.8160669975006543,0.8462,0.6801170130591172,0.07838143006598351,,,0.839906197717977,,0.8399176748155213,0.16008232518447874,0.9620749785596592,0.39952364884758457,5,0.1,0.5,0.49127254932408115,0.4999756961702873,0.49768723875073106,0.5088481408212109,0.5052028365469805,0.5051310354700467,0.5091799254286545,0.5006928445811576,0.5077194353922619,1.0,0.500006862432853,0.5054614844422868
2,10,0.30030997150012706,0.9138596040113139,3889,1.8179771105448406,0.8533950617283951,648,1.8160245799408934,0.8463,0.8112656917141687,0.08394212475591517,,,0.9559584014451494,,0.9559761056171879,0.04402389438281207,0.9623499652867699,0.3996500386679318,5,0.1,0.5,0.6077607853679641,0.6183799071747433,0.6267398549247424,0.6345727340723417,0.6272836043830309,0.6385664831369636,0.6241624628943828,0.6345234618521458,0.6365142554674891,0.500006862432853,1.0,0.6308983166638378
2,11,0.31357980908340766,0.9016090741229227,3791,1.8265292525291443,0.8212025316455697,632,1.8160093935152974,0.8465,0.8122782531939502,0.08469949809267223,,,0.9717648518395584,,0.9717785251744391,0.02822147482556092,0.9623560503147165,0.3996516915671579,5,0.1,0.5,0.6092826604734403,0.612651696471912,0.6245176297505298,0.6330149961882741,0.6385422909235534,0.6471925180340576,0.6184575283245071,0.6302934872456385,0.6335165660061881,0.5054614844422868,0.6308983166638378,1.0
3,0,0.21211415792123237,0.9356708059410762,8214,1.5721864229024842,0.9006574141709277,1369,1.5809484095619128,0.9027,0.7922376376431822,0.08353065042510188,,,0.9393300486855236,,0.9393403945585062,0.06065960544149385,0.9690471697786204,0.4024174561659654,5,0.1,0.5,1.0,0.6070211648149341,0.5966735900350094,0.6146326302703055,0.5992127948055355,0.6093694615671813,0.5960104060131299,0.6064266993462539,0.613261757222684,0.5967201781012376,0.6025371054660924,0.6051439151024627
3,1,0.23509852480170434,0.9285670824459994,6574,1.573005907876151,0.8978102189781022,1096,1.5809510157892879,0.9028,0.7992265877648397,0.0838431546339879,,,0.9490705704253569,,0.9490838813312584,0.05091611866874157,0.9690530638048708,0.402419889591845,5,0.1,0.5,0.6070211648149341,1.0,0.6056166661723201,0.6120009811804145,0.6098217607661817,0.6262740862586741,0.5992461133433754,0.610133190330326,0.6204892798271358,0.6084778283105214,0.6063244279531164,0.6091177924856824
3,2,0.2496467182464198,0.9251945357081099,5783,1.5669348086080244,0.9066390041493776,964,1.5809728623198245,0.9026,0.797583136885048,0.08338801469345966,,,0.9348841999403479,,0.934892826665328,0.06510717333467197,0.9690392483839043,0.40241600320973686,5,0.1,0.5,0.5966735900350094,0.6056166661723201,1.0,0.6204181224764344,0.6106974180752087,0.6183712892868161,0.6002862845934812,0.6052791482728789,0.6141989313880355,0.6149246282943112,0.6054773467214603,0.6096249259392149
3,3,0.23727380271144743,0.9289578210705504,5287,1.5826932021549769,0.9114642451759364,881,1.580944247520008,0.9028,0.8118360717353817,0.08477078125275535,,,0.9779839961957205,,0.9779930726369158,0.022006927363084183,0.9690626143846022,0.40242291990098233,5,0.1,0.5,0.6146326302703055,0.6120009811804145,0.6204181224764344,1.0,0.6185105154156126,0.6229932805584905,0.6072767553324794,0.6278285069946372,0.6348020730244859,0.6265013124020922,0.6187420554338633,0.6304054435930285
3,4,0.2412354558381823,0.9275379939209727,4935,1.5920428862938514,0.8905109489051095,822,1.5809592644627484,0.9028,0.8046095330719735,0.0841906643382908,,,0.9599021871950365,,0.9599116510215351,0.040088348978464916,0.9690589785188637,0.4024215867945423,5,0.1,0.5,0.5992127948055355,0.6098217607661817,0.6106974180752087,0.6185105154156126,1.0,0.6249307221244597,0.5964503287819652,0.6229892833716661,0.6258175302552601,0.6262823988042923,0.6105160851841464,0.6211727179816255
3,5,0.25399534926839074,0.9251339190057853,4667,1.5758033561706544,0.9023136246786633,778,1.580935168951845,0.9028,0.8145745215946703,0.08515628952976388,,,0.9899999999688307,,0.9900005019828322,0.009999498017167818,0.9690641795996717,0.4024231701752029,5,0.1,0.5,0.6093694615671813,0.6262740862586741,0.6183712892868161,0.6229932805584905,0.6249307221244597,1.0,0.6145064877878256,0.6255658188271392,0.633143534776439,0.6288304623785607,0.6237799019044755,0.6305620735766064
3,6,0.2656456861179322,0.9182573545924096,4453,1.5789708743492763,0.9097035040431267,742,1.5809787405184663,0.9026,0.7951561870125501,0.08334101836237531,,,0.9334193595586734,,0.9334320566236635,0.06656794337633654,0.9690425597379502,0.40241547066046135,5,0.1,0.5,0.5960104060131299,0.5992461133433754,0.6002862845934812,0.6072767553324794,0.5964503287819652,0.6145064877878256,1.0,0.6109734441122685,0.6193864207442875,0.6158078604339488,0.6087082080865873,0.6102500083056523
3,7,0.26412020229887384,0.9201776946457797,4277,1.5923482697942983,0.9046283309957924,713,1.580955917081132,0.9028,0.8083708112709062,0.0844288720666234,,,0.9673269433757327,,0.9673409969379048,0.03265900306209524,0.9690602771060775,0.40242230765298287,5,0.1,0.5,0.6064266993462539,0.610133190330326,0.6052791482728789,0.6278285069946372,0.6229892833716661,0.6255658188271392,0.6109734441122685,1.0,0.6289485230937294,0.618373980887484,0.624935561055589,0.6198813443606728
3,8,0.2597304466293113,0.9224993945265197,4129,1.5824332183057612,0.9040697674418605,688,1.5818266704821358,0.9022,0.8128531906592826,0.07906053806341373,,,0.8,,0.8,0.19999999999999996,0.9682141420800949,0.4021425695928486,5,0.1,0.5,0.613261757222684,0.6204892798271358,0.6141989313880355,0.6348020730244859,0.6258175302552601,0.633143534776439,0.6193864207442875,0.6289485230937294,1.0,0.629236843768392,0.6260496888563857,0.6360559705784218
3,9,0.25793691638158167,0.9239190202449388,4001,1.5893760465440296,0.896551724137931,667,1.5811824200633235,0.9026,0.8065674501235969,0.08010889829699866,,,0.8326766019658155,,0.8326941418603484,0.1673058581396516,0.9686064475256013,0.40226645048489035,5,0.1,0.5,0.5967201781012376,0.6084778283105214,0.6149246282943112,0.6265013124020922,0.6262823988042923,0.6288304623785607,0.6158078604339488,0.618373980887484,0.629236843768392,1.0,0.6220034627889715,0.6260473648001478
3,10,0.27452893139122697,0.9212651067112368,3889,1.583561556679862,0.9089506172839507,648,1.5809839244086903,0.9026,0.8051290125749827,0.08374531112281063,,,0.9460208615874465,,0.9460418653682044,0.05395813463179555,0.9690452046428192,0.4024192405488757,5,0.1,0.5,0.6025371054660924,0.6063244279531164,0.6054773467214603,0.6187420554338633,0.6105160851841464,0.6237799019044755,0.6087082080865873,0.624935561055589,0.6260496888563857,0.6220034627889715,1.0,0.625260360102488
3,11,0.2819881116298317,0.9152202585069903,3791,1.5936676025390626,0.9034810126582279,632,1.5809592903612522,0.9028,0.8105276200178092,0.08443580721441896,,,0.9675431067295395,,0.9675568495557452,0.03244315044425483,0.9690606659025526,0.40242233405181504,5,0.1,0.5,0.6051439151024627,0.6091177924856824,0.6096249259392149,0.6304054435930285,0.6211727179816255,0.6305620735766064,0.6102500083056523,0.6198813443606728,0.6360559705784218,0.6260473648001478,0.625260360102488,1.0
4,0,0.19969312790654425,0.9400048697345995,8214,1.328724326089371,0.9240321402483564,1369,1.3398446355003137,0.9247,0.7845099329723312,0.08347319218010932,,,0.9525210809055656,,0.952537523216706,0.04746247678329396,0.968675558057442,0.39239816518665055,5,0.1,0.5,1.0,0.5883255308738671,0.5910077103661975,0.6058767336927088,0.5853343556150832,0.5962101480717494,0.5758011200691899,0.5940144470526965,0.4765592153914437,0.589709550112076,0.591883760865397,0.5863476170868032
4,1,0.21706993062618796,0.9344082750228172,6574,1.3308870588030135,0.916058394160584,1096,1.3398391891973087,0.9247,0.7868342402763453,0.08376398672633031,,,0.9589808602919604,,0.9589930224386326,0.0410069775613674,0.9686782375739895,0.39239941871780515,5,0.1,0.5,0.5883255308738671,1.0,0.5946636019694054,0.5952298980249499,0.584933904660726,0.6043561889726763,0.5801989826711605,0.5916845873658076,0.48742493272387316,0.5954531613107358,0.5867567891309442,0.5931405263840438
4,2,0.2295869063616869,0.9314888466194017,5783,1.3213818265545754,0.9336099585062241,964,1.3398651147421938,0.9248,0.7921190162972097,0.08364562297240533,,,0.9563514996397842,,0.9563676522262938,0.04363234777370617,0.9686709590915209,0.3923989431409958,5,0.1,0.5,0.5910077103661975,0.5946636019694054,1.0,0.6045615117955788,0.6025012357091774,0.6041582214888848,0.5794651971116817,0.5861516575013709,0.4959356658208016,0.6022644744295917,0.5923451701649269,0.6013898577188919
4,3,0.21258449021064824,0.9348212596935881,5287,1.3423016922814506,0.9250851305334846,881,1.3398277153984046,0.9247,0.8027171770507224,0.08494336590954148,,,0.9851798706773226,,0.9852015461071232,0.014798453892876817,0.968686904788541,0.3924016269680939,5,0.1,0.5,0.6058767336927088,0.5952298980249499,0.6045615117955788,1.0,0.605545484761534,0.6076385468175115,0.5986795095252564,0.6023149000696042,0.49905177362783026,0.6157671658777448,0.6031504188035048,0.6100305656643018
4,4,0.2252358303579592,0.9319148936170213,4935,1.3550508985152612,0.9172749391727494,822,1.3398538907876791,0.9247,0.7939411967638251,0.08424652644924854,,,0.9697001127529571,,0.969710355905828,0.030289644094172008,0.9686822132395447,0.3924008150012961,5,0.1,0.5,0.5853343556150832,0.584933904660726,0.6025012357091774,0.605545484761534,1.0,0.6018174839203818,0.5870428998761946,0.6053223164892775,0.48285088686952815,0.6067282838937553,0.5984622512033217,0.6064957040828336
4,5,0.23551734351132014,0.9304478251553461,4667,1.332544298171997,0.9267352185089974,778,1.3398190317824246,0.9247,0.8015573378934009,0.08516034968388009,,,0.9899999999777858,,0.9900005019828322,0.009999498017167818,0.9686905225974004,0.39240169624768856,5,0.1,0.5,0.5962101480717494,0.6043561889726763,0.6041582214888848,0.6076385468175115,0.6018174839203818,1.0,0.5878548226854454,0.6044316101350631,0.4912399505819286,0.614057820567509,0.6099456181641317,0.6128394561332177
4,6,0.23755022440238724,0.9266112732988996,4453,1.3378838052352269,0.9366576819407008,742,1.339878452471651,0.9248,0.7840551568603517,0.0833303698688011,,,0.9493483920278144,,0.9493549520606396,0.05064504793936042,0.9686663388028826,0.3923973563075053,5,0.1,0.5,0.5758011200691899,0.5801989826711605,0.5794651971116817,0.5986795095252564,0.5870428998761946,0.5878548226854454,1.0,0.5973050762762553,0.48403401220467335,0.6033483613484307,0.5940267510849876,0.5911362580504934
4,7,0.24122013961201283,0.9270049099836334,4277,1.3525909029919168,0.9242636746143057,713,1.3398439152933919,0.9247,0.7959461335817247,0.08447639467263542,,,0.9748064602767281,,0.9748155213091713,0.025184478690828738,0.9686839123368568,0.39240119994244216,5,0.1,0.5,0.5940144470526965,0.5916845873658076,0.5861516575013709,0.6023149000696042,0.6053223164892775,0.6044316101350631,0.5973050762762553,1.0,0.48821268921933725,0.6030787818805357,0.6077778869844944,0.6045542759864408
4,8,0.29760354668099004,0.9169290385081134,4129,1.3420255292545666,0.9258720930232558,688,1.3411886973883778,0.9248,0.6743716324935072,0.07660727682013865,,,0.8,,0.8,0.19999999999999996,0.9677819715966012,0.39210675568782716,5,0.1,0.5,0.4765592153914437,0.48742493272387316,0.4959356658208016,0.49905177362783026,0.48285088686952815,0.4912399505819286,0.48403401220467335,0.48821268921933725,1.0,0.4968446289937784,0.4816357943840447,0.49356725194969525
4,9,0.23794397425113453,0.9298175456135966,4001,1.3504831450326102,0.9235382308845578,667,1.3402091108571987,0.9246,0.8008756481412564,0.08176093817484854,,,0.9144846621652721,,0.9144972641935646,0.08550273580643541,0.9682858213036982,0.39238053666485057,5,0.1,0.5,0.589709550112076,0.5954531613107358,0.6022644744295917,0.6157671658777448,0.6067282838937553,0.614057820567509,0.6033483613484307,0.6030787818805357,0.4968446289937784,1.0,0.6097231346399515,0.6146913257131699
4,10,0.24929876322629022,0.9257392645924403,3889,1.3420049803597587,0.9212962962962963,648,1.3398744736235744,0.9248,0.7950601826793176,0.08398808375137218,,,0.963959005039619,,0.9639676723056071,0.03603232769439291,0.9686771421722936,0.3924001944950177,5,0.1,0.5,0.591883760865397,0.5867567891309442,0.5923451701649269,0.6031504188035048,0.5984622512033217,0.6099456181641317,0.5940267510849876,0.6077778869844944,0.4816357943840447,0.6097231346399515,1.0,0.6039097531232522
4,11,0.25881496754576677,0.922658929042469,3791,1.3549420714378357,0.9240506329113924,632,1.3398461562756914,0.9247,0.7994367689188873,0.0846038927906892,,,0.9776387338716462,,0.9776517243110285,0.022348275688971464,0.9686843427288135,0.39240136889037003,5,0.1,0.5,0.5863476170868032,0.5931405263840438,0.6013898577188919,0.6100305656643018,0.6064957040828336,0.6128394561332177,0.5911362580504934,0.6045542759864408,0.49356725194969525,0.6146913257131699,0.6039097531232522,1.0
5,0,0.18746483298254124,0.9421962503043584,8214,1.0838396854178851,0.9379108838568299,1369,1.0974889911782628,0.9372,0.7770326923484875,0.08359218729410806,,,0.9570897124482399,,0.9571055669896089,0.042894433010391086,0.9653621703608984,0.3865371139988907,5,0.1,0.5,1.0,0.5735419139238176,0.5771222054210806,0.5798752382478665,0.5674841947920395,0.5787081705533601,0.5596136602293763,0.5759490711887941,0.4807832221536845,0.5708668425225598,0.5686831891187419,0.5675265381770672
5,1,0.207977185107641,0.9378156373592942,6574,1.0873891166278293,0.9306569343065694,1096,1.0974812993226342,0.9372,0.7733149959654838,0.08365612424983557,,,0.9583281838918863,,0.9583404447567894,0.04165955524321063,0.9653641539734562,0.38653729162362493,5,0.1,0.5,0.5735419139238176,1.0,0.5712704647710983,0.5676097427076428,0.5636282207675847,0.587865225478285,0.5586136575161768,0.572330233350713,0.4769636648471842,0.5686295063643282,0.5565820757847507,0.5670444363570576
5,2,0.21740108895532334,0.9350510115856822,5783,1.07475911032769,0.9429460580912863,964,1.0975071755461037,0.9372,0.7792142251535562,0.08378525460960665,,,0.9608294644308883,,0.960850358917725,0.03914964108227503,0.9653662928355293,0.38653765442110777,5,0.1,0.5,0.5771222054210806,0.5712704647710983,1.0,0.5709092788881259,0.5759734576047539,0.5874923372708026,0.5645227599687141,0.5707951169201443,0.47736926005719704,0.5848575887892997,0.5674331644305634,0.5716767920723353
5,3,0.2031020663841347,0.938074522413467,5287,1.1007843230451857,0.9353007945516458,881,1.0974725084944654,0.9372,0.7809125326719055,0.08471758034752955,,,0.9788887978704566,,0.9788966417348527,0.02110335826514731,0.9653778375825047,0.3865392391242244,5,0.1,0.5,0.5798752382478665,0.5676097427076428,0.5709092788881259,1.0,0.5786140867262753,0.576428196171751,0.5643542737308321,0.5800953706372017,0.48442636807088874,0.5860438092931087,0.5673009928363969,0.5735034817937292
5,4,0.20729097090301013,0.9388449848024316,4935,1.1164789841725276,0.9318734793187348,822,1.0975008879225856,0.9372,0.7813991932023716,0.08426643146510529,,,0.9701499550313222,,0.9701671602831183,0.029832839716881665,0.965374845392874,0.3865386972820778,5,0.1,0.5,0.5674841947920395,0.5636282207675847,0.5759734576047539,0.5786140867262753,1.0,0.5857609680891002,0.5611430560791493,0.5842572531223572,0.48464967201072673,0.5824569007213726,0.5681244643410438,0.5846416088786092
5,5,0.21187644329445104,0.9386329547889436,4667,1.0886538481712342,0.9447300771208226,778,1.097464853772721,0.9372,0.7930053029659381,0.08529120393896734,,,0.9899999999806298,,0.9900005019828322,0.009999498017167818,0.965377215777092,0.3865395558858092,5,0.1,0.5,0.5787081705533601,0.587865225478285,0.5874923372708026,0.576428196171751,0.5857609680891002,1.0,0.5756861258505874,0.5931207596135357,0.48938690377346017,0.5863178343578086,0.5850645680012121,0.593943769486278
5,6,0.22513737693395733,0.9320008982708287,4453,1.094783251484235,0.9474393530997305,742,1.0975260426061222,0.9372,0.7717596585488343,0.08330965847809564,,,0.9516170735548616,,0.9516339541187692,0.048366045881230835,0.9653493905705476,0.3865360822116193,5,0.1,0.5,0.5596136602293763,0.5586136575161768,0.5645227599687141,0.5643542737308321,0.5611430560791493,0.5756861258505874,1.0,0.5696578044456427,0.4932898359446174,0.5753399786817528,0.5567162219080393,0.5747775450256536
5,7,0.22222585826417182,0.9335047930792612,4277,1.1115655950877978,0.9368863955119214,713,1.0974907069541395,0.9372,0.7856334905562633,0.08457072077457195,,,0.9760440989750441,,0.9760604387329953,0.023939561267004694,0.9653757843895232,0.3865391062253046,5,0.1,0.5,0.5759490711887941,0.572330233350713,0.5707951169201443,0.5800953706372017,0.5842572531223572,0.5931207596135357,0.5696578044456427,1.0,0.48694043810415927,0.5848681469718593,0.5782888426744747,0.5785789182227679
5,8,0.26117285968592535,0.926858803584403,4129,1.1001005877148022,0.9316860465116279,688,1.0992672416729667,0.9371,0.678231558011955,0.0754823208603055,,,0.8,,0.8,0.19999999999999996,0.9643904297750793,0.38625046529790946,5,0.1,0.5,0.4807832221536845,0.4769636648471842,0.47736926005719704,0.48442636807088874,0.48464967201072673,0.48938690377346017,0.4932898359446174,0.48694043810415927,1.0,0.49235423550369417,0.48097600236978777,0.48646540633365914
5,9,0.2152829727390319,0.9361159710072482,4001,1.1116278426987785,0.9355322338830585,667,1.0979072992413188,0.9372,0.7869131256636154,0.08279085663213184,,,0.9415677794678002,,0.9415842578183826,0.05841574218161738,0.9653212497029592,0.38653357750802364,5,0.1,0.5,0.5708668425225598,0.5686295063643282,0.5848575887892997,0.5860438092931087,0.5824569007213726,0.5863178343578086,0.5753399786817528,0.5848681469718593,0.49235423550369417,1.0,0.5829294320757578,0.5859335547396592
5,10,0.23059413278719684,0.9338133196194395,3889,1.0978006096113295,0.9382716049382716,648,1.0975126163266338,0.9372,0.7764763157712694,0.08391857789348425,,,0.9634119627368646,,0.9634205110185232,0.03657948898147678,0.9653728291760897,0.38653798466398204,5,0.1,0.5,0.5686831891187419,0.5565820757847507,0.5674331644305634,0.5673009928363969,0.5681244643410438,0.5850645680012121,0.5567162219080393,0.5782888426744747,0.48097600236978777,0.5829294320757578,1.0,0.5804630696594498
5,11,0.23799698046181633,0.9276180427327881,3791,1.1147709399461747,0.9335443037974683,632,1.0974930936155227,0.9372,0.7845781653903722,0.08461908345625849,,,0.976980893658579,,0.9769941268008634,0.023005873199136606,0.9653773547327964,0.38653914210933044,5,0.1,0.5,0.5675265381770672,0.5670444363570576,0.5716767920723353,0.5735034817937292,0.5846416088786092,0.593943769486278,0.5747775450256536,0.5785789182227679,0.48646540633365914,0.5859335547396592,0.5804630696594498,1.0
6,0,0.17903688126461081,0.9457511565619674,8214,0.8761096915533376,0.9422936449963477,1369,0.8901019313464911,0.9448,0.7609295105158955,0.08460353918509105,,,0.9679000821495405,,0.9679132573665981,0.03208674263340194,0.9575873433756632,0.36624414089575585,5,0.1,0.5,1.0,0.5552861114464424,0.5535797879357093,0.5608474587174557,0.553210157442415,0.5525959950249075,0.546198308245856,0.5588995484052572,0.3632836466454447,0.3483746981816756,0.5332980524757438,0.5423873511202605
6,1,0.18992215457679795,0.943656829936112,6574,0.8796697310038976,0.9443430656934306,1096,0.8900929426613707,0.9448,0.768758943565331,0.08492925878070014,,,0.9719889227162346,,0.9719993976206014,0.02800060237939861,0.9575876609272568,0.366244420825655,5,0.1,0.5,0.5552861114464424,1.0,0.5577342692200042,0.562232424372748,0.5614227334144503,0.5700120154110007,0.5489029895000408,0.5580594794974411,0.3647282812708532,0.3578257802531477,0.5467273879341829,0.5529156224062091
6,2,0.20054514005636148,0.9395815320767767,5783,0.8638916727035276,0.9512448132780082,964,0.8901192437345609,0.9448,0.7669767231788084,0.08495343344822318,,,0.9722923934394795,,0.9723056071482356,0.02769439285176445,0.9575889691640057,0.3662444428718861,5,0.1,0.5,0.5535797879357093,0.5577342692200042,1.0,0.5676457513338647,0.5635661353842036,0.5649173736307813,0.5497947857538538,0.552736054941594,0.35727128261948116,0.3492036338288151,0.5483735891606791,0.5539773603433469
6,3,0.18738631062456462,0.9429165878570077,5287,0.8950636727469308,0.94211123723042,881,0.8900856004355434,0.9448,0.7755510708151299,0.08590019028634781,,,0.9841772717787147,,0.9841875407861052,0.015812459213894847,0.957596568667545,0.3662448478730868,5,0.1,0.5,0.5608474587174557,0.562232424372748,0.5676457513338647,1.0,0.5652628063024426,0.5668966713567539,0.5658440399536551,0.5648782904945752,0.36572420626272506,0.3590162651373892,0.5503040668348713,0.5611334433469303
6,4,0.1835617373904754,0.9449240121580547,4935,0.9106812224938319,0.9416058394160584,822,0.8901128085276571,0.9448,0.7741139049401417,0.08553972579024988,,,0.9796522696776222,,0.979664675468099,0.02033532453190101,0.9575947495888817,0.36624474982937116,5,0.1,0.5,0.553210157442415,0.5614227334144503,0.5635661353842036,0.5652628063024426,1.0,0.5769978054629153,0.5545296260038782,0.5696269085339158,0.35988629645455344,0.35124885402183537,0.554198778725247,0.5685519368965666
6,5,0.19544013887643813,0.9436897364473966,4667,0.8784780669212341,0.9485861182519281,778,0.8900784054122413,0.9448,0.7775316984621242,0.08636403245543078,,,0.9899999999874467,,0.9900005019828322,0.009999498017167818,0.9575974737234154,0.3662449146560996,5,0.1,0.5,0.5525959950249075,0.5700120154110007,0.5649173736307813,0.5668966713567539,0.5769978054629153,1.0,0.5617138640443499,0.561306842050922,0.3626567766416188,0.3602799738720007,0.5585701501863847,0.5677559116762728
6,6,0.20067862962039987,0.9371210419941612,4453,0.8876095935702324,0.954177897574124,742,0.8901369476470703,0.9448,0.7647929368267967,0.08454935167278593,,,0.9672198525854977,,0.9672355805431454,0.0327644194568546,0.9575836597364646,0.3662440897609245,5,0.1,0.5,0.546198308245856,0.5489029895000408,0.5497947857538538,0.5658440399536551,0.5545296260038782,0.5617138640443499,1.0,0.5543046760818167,0.3572847696737672,0.362008497169369,0.5503663350721861,0.5515742613348331
6,7,0.20571480772054906,0.9380406827215337,4277,0.9039682123972022,0.9438990182328191,713,0.8901027960899158,0.9448,0.7676820728524039,0.08551630458148644,,,0.9793582573129874,,0.9793685055971085,0.02063149440289147,0.9575967592932666,0.36624473904828164,5,0.1,0.5,0.5588995484052572,0.5580594794974411,0.552736054941594,0.5648782904945752,0.5696269085339158,0.561306842050922,0.5543046760818167,1.0,0.3587516283009129,0.3336707714908363,0.5541987046968948,0.5543888744565509
6,8,0.2278811255166147,0.9367885686606927,4129,0.8928917971524325,0.938953488372093,688,0.8921863194852592,0.9445,0.5436334938287767,0.07122851368129669,,,0.8,,0.8,0.19999999999999996,0.9565437842354342,0.36594238886191666,5,0.1,0.5,0.3632836466454447,0.3647282812708532,0.35727128261948116,0.36572420626272506,0.35988629645455344,0.3626567766416188,0.3572847696737672,0.3587516283009129,1.0,0.22607137711114828,0.35632141374480686,0.3657022094123835
6,9,0.3117503346431823,0.9243689077730567,4001,0.9067785966963995,0.9355322338830585,667,0.890640799039469,0.9447,0.5403717142985995,0.076112034120473,,,0.8613040687424524,,0.8613222227799809,0.13867777722001906,0.9573497977457394,0.3661512339543684,5,0.1,0.5,0.3483746981816756,0.3578257802531477,0.3492036338288151,0.3590162651373892,0.35124885402183537,0.3602799738720007,0.362008497169369,0.3336707714908363,0.22607137711114828,1.0,0.3416703591006734,0.3528217807879814
