round,client_id,client_i_training_loss,client_i_training_accuracy,client_i_training_dataset_size,client_i_evaluation_loss,client_i_evaluation_accuracy,client_i_evaluation_dataset_size,client_i_central_evaluation_loss,client_i_central_evaluation_accuracy,client_i_cosine_similarity,client_i_importance_coefficient,client_i_tanh_val,tanh_normalization_value,client_i_q,client_i_mask_order,client_i_v_nonzero_fraction,client_i_v_sparsity,client_i_v_cosine_similarity,client_i_reward_gradient_norm,local_epochs,learning_rate,gamma,client_0_cosine_similarity,client_1_cosine_similarity,client_2_cosine_similarity,client_3_cosine_similarity,client_4_cosine_similarity,client_5_cosine_similarity,client_6_cosine_similarity,client_7_cosine_similarity,client_8_cosine_similarity,client_9_cosine_similarity,client_10_cosine_similarity,client_11_cosine_similarity
0,0,1.7116368930578103,0.8391966572314328,7419,0.7808742523193359,0.45606469002695416,1855,0.776190854732894,0.45493689680772087,0.5839669142569411,0.11003841334043608,0.10959642231755683,0.10959642231755683,0.9999999999908755,,0.6997193109081247,0.30028068909187533,0,0.4573251503542846,5,0.001,1.0,1.0,0.1587647396773225,0.16123951830491118,0.16682794445769258,0.15695491738761133,0.15834215692838052,0.1398523809725365,0.13582648655611623,0.14057548491293528,0.12841072069865453,0.14638252073705177,0.1394435233770091
0,1,1.6874155305796654,0.8412896691424713,5924,0.7877976349059571,0.4449696151249156,1481,0.776190854732894,0.45493689680772087,0.5166112788845258,0.09734641476146105,0.09704008047433499,0.10959642231755683,0.8854310973060312,,0.6997193109081247,0.30028068909187533,0,0.4573251503542846,5,0.001,1.0,0.1587647396773225,1.0,0.15362586349032656,0.1657906319890553,0.13723588815093232,0.13498466235250198,0.13045147984865213,0.1274777015885704,0.13731200875199479,0.13037848902213842,0.12804734758886469,0.12941191034844002
0,2,1.6872440020159527,0.8418524212144505,5204,0.7784300562812061,0.44504227517294387,1301,0.776190854732894,0.45493689680772087,0.49110033010376625,0.09253931994476947,0.0922760673734378,0.10959642231755683,0.8419624055356928,,0.6997193109081247,0.30028068909187533,0,0.4573251503542846,5,0.001,1.0,0.16123951830491118,0.15362586349032656,1.0,0.14926057805095214,0.1263261887425802,0.15823806137251503,0.13752460446879058,0.13240444394206968,0.13714955760376457,0.12299931535697305,0.12332210165420672,0.12596215518770384
0,3,1.6474837768922916,0.8431067143759209,4751,0.7923591968260313,0.44612794612794615,1188,0.776190854732894,0.45493689680772087,0.4698013350529686,0.08852589458809873,0.08829536296911764,0.10959642231755683,0.8056409242308586,,0.6997193109081247,0.30028068909187533,0,0.4573251503542846,5,0.001,1.0,0.16682794445769258,0.1657906319890553,0.14926057805095214,1.0,0.13978745662998843,0.11889006895756003,0.12276511952675119,0.12374564450025737,0.13090049927049338,0.12308705125732414,0.12052204912073952,0.11910130975951891
0,4,1.7009759840803396,0.8403611738148984,4430,0.7788746016366142,0.45577617328519854,1108,0.776190854732894,0.45493689680772087,0.4404058806165635,0.08298683220865048,0.0827968505706562,0.10959642231755683,0.7554703777646677,,0.6997193109081247,0.30028068909187533,0,0.4573251503542846,5,0.001,1.0,0.15695491738761133,0.13723588815093232,0.1263261887425802,0.13978745662998843,1.0,0.12079150069608575,0.1251347143537642,0.1171761420965979,0.11510627351286812,0.10353849033604502,0.12739199582903657,0.126717380854926
0,5,1.6937622946068531,0.8406115623506928,4186,0.7889818422722094,0.4364851957975167,1047,0.776190854732894,0.45493689680772087,0.4311811241465954,0.08124858721458464,0.08107027504770013,0.10959642231755683,0.7397164372032,,0.6997193109081247,0.30028068909187533,0,0.4573251503542846,5,0.001,1.0,0.15834215692838052,0.13498466235250198,0.15823806137251503,0.11889006895756003,0.12079150069608575,1.0,0.11706605237365711,0.11912207696118385,0.12315822981247952,0.10558777428375253,0.1106773738925712,0.11764751507775432
0,6,1.7110821895748376,0.8388276553106212,3992,0.7912177126854658,0.44288577154308617,998,0.776190854732894,0.45493689680772087,0.41279002800163844,0.07778310485595216,0.07762661548661492,0.10959642231755683,0.7082951600462163,,0.6997193109081247,0.30028068909187533,0,0.4573251503542846,5,0.001,1.0,0.1398523809725365,0.13045147984865213,0.13752460446879058,0.12276511952675119,0.1251347143537642,0.11706605237365711,1.0,0.12362072071530686,0.11250542787215204,0.09771752320595267,0.12232788854504618,0.10646529762664986
0,7,1.674833717305834,0.8414513181936831,3831,0.7735296646753947,0.4561586638830898,958,0.7761908707312903,0.45493689680772087,0.40458757914800203,0.07623749596044015,0.07609013713873704,0.10959642231755683,0.694275739381079,,0.6942756014666771,0.3057243985333229,0,0.45732512333053205,5,0.001,1.0,0.13582648655611623,0.1274777015885704,0.13240444394206968,0.12374564450025737,0.1171761420965979,0.11912207696118385,0.12362072071530686,1.0,0.12359621531233378,0.10825191947182092,0.10049376952887323,0.1160104482310724
0,8,1.644902011636516,0.8460497835497836,3696,0.7740299249517506,0.4512987012987013,924,0.7761908812081163,0.45493689680772087,0.404444945402437,0.07621061911062622,0.07606341584342126,0.10959642231755683,0.6940319239831811,,0.6940318671411155,0.30596813285888447,0,0.4573251195118268,5,0.001,1.0,0.14057548491293528,0.13731200875199479,0.13714955760376457,0.13090049927049338,0.11510627351286812,0.12315822981247952,0.11250542787215204,0.12359621531233378,1.0,0.11487432215638434,0.10221182256251758,0.10703582698642213
0,9,1.6892836031537237,0.8435317127689299,3579,0.7655092860971179,0.4670391061452514,895,0.776191906238112,0.45493689680772087,0.3796169570655241,0.07153221631702777,0.07141045878693195,0.10959642231755683,0.6515765503673814,,0.6515764426673418,0.3484235573326582,0,0.45730652868061195,5,0.001,1.0,0.12841072069865453,0.13037848902213842,0.12299931535697305,0.12308705125732414,0.10353849033604502,0.10558777428375253,0.09771752320595267,0.10825191947182092,0.11487432215638434,1.0,0.10139909337040987,0.10093717451927585
0,10,1.609833493572446,0.8490077653149266,3477,0.7782372108527592,0.4482758620689655,870,0.7761865715516152,0.45493689680772087,0.3877781771410108,0.07307005636601646,0.07294028748340027,0.10959642231755683,0.665535297050021,,0.6655352235562184,0.3344647764437816,0,0.4573184571648559,5,0.001,1.0,0.14638252073705177,0.12804734758886469,0.12332210165420672,0.12052204912073952,0.12739199582903657,0.1106773738925712,0.12232788854504618,0.10049376952887323,0.10221182256251758,0.10139909337040987,1.0,0.11127628070184607
0,11,1.6846538172718488,0.8420306965761511,3388,0.786123083697425,0.43565525383707204,847,0.7761888120349966,0.45493689680772087,0.38465233276000627,0.07248104533193668,0.0723543850520516,0.10959642231755683,0.6601892974365878,,0.6601891625969483,0.33981083740305174,0,0.4573148171338395,5,0.001,1.0,0.1394435233770091,0.12941191034844002,0.12596215518770384,0.11910130975951891,0.126717380854926,0.11764751507775432,0.10646529762664986,0.1160104482310724,0.10703582698642213,0.10093717451927585,0.11127628070184607,1.0
1,0,1.671197271595733,0.8413532821134924,7419,0.7671108954939349,0.45983827493261453,1855,0.7615091741226632,0.4610244988864143,0.5415553233010505,0.10779052084986727,0.10737498657499357,0.10737498657499357,0.9999999999906868,,0.6997193109081247,0.30028068909187533,0.8294369677922862,0.45739566082749616,5,0.001,1.0,1.0,0.16433884898646992,0.1624624875704497,0.1723773568076161,0.15760335641303297,0.16315582259113104,0.15025652304848425,0.142126528406778,0.15432230356147594,0.12991876805082334,0.1561617654231074,0.13868063532029679
1,1,1.6332021993835286,0.8448008102633355,5924,0.77359055077776,0.4510465901417961,1481,0.7615091741226632,0.4610244988864143,0.508195645592394,0.09654959493942628,0.0962507032567344,0.10737498657499357,0.8963978141092844,,0.6997193109081247,0.30028068909187533,0.8294369677922862,0.45739566082749616,5,0.001,1.0,0.16433884898646992,1.0,0.17124924133111272,0.1726924117078342,0.14876328353628038,0.13999286709945452,0.14306967213914648,0.13634338748606492,0.14929488840070862,0.13259241231831367,0.1353059515440318,0.1364445655498186
1,2,1.6804987302427095,0.8412375096079938,5204,0.7642769595471824,0.4496541122213682,1301,0.7615091741226632,0.4610244988864143,0.49047682554807603,0.0920839136475911,0.09182451985865453,0.10737498657499357,0.8551760776581484,,0.6997193109081247,0.30028068909187533,0.8294369677922862,0.45739566082749616,5,0.001,1.0,0.1624624875704497,0.17124924133111272,1.0,0.15542313917539577,0.13141168821447957,0.153435342825561,0.14150454888840894,0.13722614611121903,0.14138408450255546,0.12889954049612834,0.12484020509016515,0.13159664344943786
1,3,1.622684041850719,0.8497158492948853,4751,0.778060329587836,0.45286195286195285,1188,0.7615091741226632,0.4610244988864143,0.48125592403856376,0.0885837226956791,0.08835273995163029,0.10737498657499357,0.8228428498018905,,0.6997193109081247,0.30028068909187533,0.8294369677922862,0.45739566082749616,5,0.001,1.0,0.1723773568076161,0.1726924117078342,0.15542313917539577,1.0,0.14934570133561043,0.1245547155986576,0.13846645609148614,0.13000384352070996,0.1435662840855744,0.1265954568208696,0.1231961457786529,0.12751736587931617
1,4,1.6944491956650996,0.8404063205417607,4430,0.7652639389038086,0.4611913357400722,1108,0.7615091741226632,0.4610244988864143,0.45034609465217496,0.08300837823924621,0.0828182488581739,0.10737498657499357,0.7712992708926684,,0.6997193109081247,0.30028068909187533,0.8294369677922862,0.45739566082749616,5,0.001,1.0,0.15760335641303297,0.14876328353628038,0.13141168821447957,0.14934570133561043,1.0,0.11991014000339084,0.1371662656350991,0.1253562715650071,0.12333538524648104,0.10644395464165743,0.1273111976252834,0.13119212115847814
1,5,1.693610314521512,0.8408026755852843,4186,0.7738528974128492,0.44221585482330467,1047,0.7615091741226632,0.4610244988864143,0.44224641987787777,0.08132427936805081,0.08114546926128775,0.10737498657499357,0.7557204135607305,,0.6997193109081247,0.30028068909187533,0.8294369677922862,0.45739566082749616,5,0.001,1.0,0.16315582259113104,0.13999286709945452,0.153435342825561,0.1245547155986576,0.11991014000339084,1.0,0.12325285892167409,0.13039716181097133,0.13076846523649013,0.10940556788752746,0.11245437200077775,0.12056326992153693
1,6,1.6368400689959526,0.8494989979959919,3992,0.7778016217052937,0.45090180360721444,998,0.7615091741226632,0.4610244988864143,0.43256978793267914,0.07823174741539067,0.07807253901477813,0.10737498657499357,0.7271017348116088,,0.6997193109081247,0.30028068909187533,0.8294369677922862,0.45739566082749616,5,0.001,1.0,0.15025652304848425,0.14306967213914648,0.14150454888840894,0.13846645609148614,0.1371662656350991,0.12325285892167409,1.0,0.12376025654798604,0.11956925716875287,0.10171049237802726,0.12023925716246579,0.11385495348594733
1,7,1.6312815927745155,0.8454189506656226,3831,0.7599941988786062,0.46242171189979125,958,0.7615091957842086,0.4610244988864143,0.4247210156037059,0.07670780120225028,0.07655770268348792,0.10737498657499357,0.712993827750609,,0.6997193109081247,0.30028068909187533,0.8294369683876969,0.45739566082749616,5,0.001,1.0,0.142126528406778,0.13634338748606492,0.13722614611121903,0.13000384352070996,0.1253562715650071,0.13039716181097133,0.12376025654798604,1.0,0.12985761793957798,0.10593694279293764,0.1136408133641912,0.11736147021343056
1,8,1.673111618913967,0.8457792207792207,3696,0.7597897381618105,0.4512987012987013,924,0.7615091976247321,0.4610244988864143,0.43383156713762155,0.07705996166726622,0.07690778965417186,0.10737498657499357,0.7162542423205905,,0.6997193109081247,0.30028068909187533,0.8294370359325633,0.45739566082749616,5,0.001,1.0,0.15432230356147594,0.14929488840070862,0.14138408450255546,0.1435662840855744,0.12333538524648104,0.13076846523649013,0.11956925716875287,0.12985761793957798,1.0,0.11560531019850905,0.1168499154717856,0.11101173020805305
1,9,1.6282391431076186,0.8474993014808606,3579,0.7518749875681741,0.47150837988826816,895,0.7615114422138967,0.4610244988864143,0.3932861019519364,0.07175967014221565,0.07163674904244621,0.10737498657499357,0.6671642188448239,,0.6671641426107335,0.33283585738926647,0.8294101639951644,0.4573899427408534,5,0.001,1.0,0.12991876805082334,0.13259241231831367,0.12889954049612834,0.1265954568208696,0.10644395464165743,0.10940556788752746,0.10171049237802726,0.10593694279293764,0.11560531019850905,1.0,0.10907475214766897,0.1038307894399416
1,10,1.5972386192735455,0.8505033074489502,3477,0.7644013528312955,0.45517241379310347,870,0.7615051738156842,0.4610244988864143,0.4124528841365222,0.07374103770000999,0.07360766624238615,0.10737498657499357,0.6855196781821348,,0.6855195812288357,0.3144804187711643,0.8294296293865908,0.4573951861876666,5,0.001,1.0,0.1561617654231074,0.1353059515440318,0.12484020509016515,0.1231961457786529,0.1273111976252834,0.11245437200077775,0.12023925716246579,0.1136408133641912,0.1168499154717856,0.10907475214766897,1.0,0.11512437519963657
1,11,1.6530447704717517,0.842443919716647,3388,0.7713281313578287,0.4380165289256198,847,0.7615072973550358,0.4610244988864143,0.4094396012387826,0.07315937213300625,0.07302912748600283,0.10737498657499357,0.6801316564944778,,0.6801315824903736,0.31986841750962636,0.8294227727677169,0.45739441467165454,5,0.001,1.0,0.13868063532029679,0.1364445655498186,0.13159664344943786,0.12751736587931617,0.13119212115847814,0.12056326992153693,0.11385495348594733,0.11736147021343056,0.11101173020805305,0.1038307894399416,0.11512437519963657,1.0
2,0,1.6627320655549331,0.8462056880981265,7419,0.7540757779417366,0.46846361185983826,1855,0.7473695371609685,0.4688938381588716,0.5454009251592807,0.10596787680688997,0.10557300583818888,0.10557300583818888,0.9999999999905278,,0.6997193109081247,0.30028068909187533,0.8368915030908296,0.4613109830530878,5,0.001,1.0,1.0,0.17901379926916708,0.16697763836383034,0.17271959013605923,0.16393002027587789,0.17677958670218055,0.15967097840297945,0.14867435157705158,0.15859505043414926,0.13938936573596378,0.1536454225734751,0.14236602641966503
2,1,1.6526001682204585,0.8450033760972316,5924,0.7599374119271624,0.4577987846049966,1481,0.7473695371609685,0.4688938381588716,0.5136465907109283,0.09594354786778815,0.09565023577186314,0.10557300583818888,0.9060103481145519,,0.6997193109081247,0.30028068909187533,0.8368915030908296,0.4613109830530878,5,0.001,1.0,0.17901379926916708,1.0,0.17173324634695547,0.17088044308131975,0.15253275895231674,0.14797152811145706,0.1477331048129439,0.14518763927532952,0.1519244113003638,0.14314417307580363,0.14380793700091646,0.1391578458509101
2,2,1.6565366319717805,0.8432359723289777,5204,0.7506326989429754,0.4573405073020753,1301,0.7473695371609685,0.4688938381588716,0.4921963723600093,0.09160017615657322,0.09134483984809978,0.10557300583818888,0.8652291286206082,,0.6997193109081247,0.30028068909187533,0.8368915030908296,0.4613109830530878,5,0.001,1.0,0.16697763836383034,0.17173324634695547,1.0,0.15358385868628202,0.13266321276941742,0.16075918679302434,0.14804569738107404,0.14060958817651664,0.14691186670039236,0.1350863289242493,0.13346863629692934,0.12953727512191235
2,3,1.613320984196343,0.8494211744895811,4751,0.7643734593140451,0.4562289562289562,1188,0.7473695371609685,0.4688938381588716,0.4773164556194526,0.08827482248412993,0.08804624272373991,0.10557300583818888,0.8339844264532345,,0.6997193109081247,0.30028068909187533,0.8368915030908296,0.4613109830530878,5,0.001,1.0,0.17271959013605923,0.17088044308131975,0.15358385868628202,1.0,0.14733031206964445,0.13179319795340536,0.13347797962255495,0.12402045388737626,0.1386759885158341,0.1372640816548387,0.13348515345143008,0.12392274743604934
2,4,1.6635863058295826,0.8462753950338601,4430,0.7523699504988534,0.4648014440433213,1108,0.7473695371609685,0.4688938381588716,0.45276082377226906,0.08294308112820133,0.08275339926042413,0.10557300583818888,0.7838499870551751,,0.6997193109081247,0.30028068909187533,0.8368915030908296,0.4613109830530878,5,0.001,1.0,0.16393002027587789,0.15253275895231674,0.13266321276941742,0.14733031206964445,1.0,0.12907831551312382,0.13681539829018147,0.1278518497473922,0.12417181979154585,0.11405674592743126,0.12878214007594288,0.13577543592133706
2,5,1.6156568443189367,0.8489249880554228,4186,0.7595045945861123,0.4498567335243553,1047,0.7473695371609685,0.4688938381588716,0.4533855902384762,0.08166116727553302,0.08148012973972293,0.10557300583818888,0.7717894275344898,,0.6997193109081247,0.30028068909187533,0.8368915030908296,0.4613109830530878,5,0.001,1.0,0.17677958670218055,0.14797152811145706,0.16075918679302434,0.13179319795340536,0.12907831551312382,1.0,0.1296923977259524,0.12848591569491785,0.13473848312677403,0.12517794369967555,0.11988504916966343,0.124181152176255
2,6,1.6236194324344397,0.8488977955911824,3992,0.7649105004966259,0.4559118236472946,998,0.7473695371609685,0.4688938381588716,0.43850641363301707,0.07865232792942961,0.07849054220532023,0.10557300583818888,0.7434717007572821,,0.6997193109081247,0.30028068909187533,0.8368915030908296,0.4613109830530878,5,0.001,1.0,0.15967097840297945,0.1477331048129439,0.14804569738107404,0.13347797962255495,0.13681539829018147,0.1296923977259524,1.0,0.12964117353749158,0.12852770091677135,0.10705818120352004,0.12563459200617552,0.1151623726266332
2,7,1.5914425414676467,0.8504306969459671,3831,0.7470701197783153,0.46764091858037576,958,0.7473695579730417,0.4688938381588716,0.4276989523750557,0.0770276238954853,0.07687564307416751,0.10557300583818888,0.7281751851535437,,0.6997193109081247,0.30028068909187533,0.8368915030908296,0.4613109830530878,5,0.001,1.0,0.14867435157705158,0.14518763927532952,0.14060958817651664,0.12402045388737626,0.1278518497473922,0.12848591569491785,0.12964117353749158,1.0,0.13380751012120312,0.1109690973653232,0.11683387527754975,0.11650235471679628
2,8,1.6389510669617047,0.8474025974025974,3696,0.7461121637245705,0.45346320346320346,924,0.7473695685914463,0.4688938381588716,0.4374926539701394,0.07770119526055183,0.07754519895204977,0.10557300583818888,0.7345172976335287,,0.6997193109081247,0.30028068909187533,0.8368915030908296,0.4613109830530878,5,0.001,1.0,0.15859505043414926,0.1519244113003638,0.14691186670039236,0.1386759885158341,0.12417181979154585,0.13473848312677403,0.12852770091677135,0.13380751012120312,1.0,0.12448316737525264,0.11706074326427332,0.10983384941830329
2,9,1.624378293636255,0.8473316568873988,3579,0.7386354271854673,0.4748603351955307,895,0.7473718839699752,0.4688195991091314,0.4072555804104593,0.0723508446657118,0.07222486478733532,0.10557300583818888,0.6841224630598263,,0.6841223258475687,0.3158776741524313,0.8368841591325852,0.461310338461077,5,0.001,1.0,0.13938936573596378,0.14314417307580363,0.1350863289242493,0.1372640816548387,0.11405674592743126,0.12517794369967555,0.10705818120352004,0.1109690973653232,0.12448316737525264,1.0,0.11649576264536672,0.10865857055096301
2,10,1.5646915420753147,0.8548173712970952,3477,0.7513668664864132,0.4586206896551724,870,0.7473657078810939,0.4688195991091314,0.41879008567219816,0.07436037275385882,0.07422361752546022,0.10557300583818888,0.7030548854365222,,0.6997193109081247,0.30028068909187533,0.8368905867209127,0.4613109830530878,5,0.001,1.0,0.1536454225734751,0.14380793700091646,0.13346863629692934,0.13348515345143008,0.12878214007594288,0.11988504916966343,0.12563459200617552,0.11683387527754975,0.11706074326427332,0.11649576264536672,1.0,0.11317403094966551
2,11,1.64719430358975,0.8465761511216057,3388,0.7571484336146602,0.4474616292798111,847,0.747367771107907,0.4688195991091314,0.40920043456962496,0.07351696377584707,0.07338480269849854,0.10557300583818888,0.6951095321684776,,0.6951094049880269,0.30489059501197313,0.8368896784470758,0.4613109664429926,5,0.001,1.0,0.14236602641966503,0.1391578458509101,0.12953727512191235,0.12392274743604934,0.13577543592133706,0.124181152176255,0.1151623726266332,0.11650235471679628,0.10983384941830329,0.10865857055096301,0.11317403094966551,1.0
3,0,1.6429672042823171,0.8474996630273621,7419,0.7407150299384676,0.47816711590296496,1855,0.7328760420058515,0.4786933927245731,0.5398502874229427,0.10412989868496772,0.10375516250577486,0.10375516250577486,0.9999999999903618,,0.6997193109081247,0.30028068909187533,0.8401704356056108,0.46450187680761107,5,0.001,1.0,1.0,0.17346167381834032,0.16384648546868644,0.18029089586619523,0.16854873522199898,0.1739275593872651,0.15865921097584362,0.15204190213201432,0.15724496581102795,0.13519387213544695,0.16356208548456294,0.1454368760865408
3,1,1.626828361112344,0.849594868332208,5924,0.7460060271810978,0.46522619851451724,1481,0.7328760420058515,0.4786933927245731,0.5162388292493105,0.09539923725409771,0.09511087701073774,0.10375516250577486,0.9166857312235168,,0.6997193109081247,0.30028068909187533,0.8401704356056108,0.46450187680761107,5,0.001,1.0,0.17346167381834032,1.0,0.18113540495270744,0.1757469966509717,0.15182771256120556,0.14985112414330864,0.15382584121150725,0.1479832769924746,0.15780322535223248,0.14747888387311356,0.15218494477148542,0.14672849983220343
3,2,1.6268054229533013,0.8498462720983858,5204,0.736675402013267,0.46887009992313605,1301,0.7328760420058515,0.4786933927245731,0.4934181272797653,0.09110291576401824,0.09085170617791663,0.10375516250577486,0.8756355248538531,,0.6997193109081247,0.30028068909187533,0.8401704356056108,0.46450187680761107,5,0.001,1.0,0.16384648546868644,0.18113540495270744,1.0,0.1559849549667388,0.1414343666043566,0.16084553132203222,0.15077886524658354,0.14107419884371694,0.14813742704063715,0.13804325807145923,0.1363414665183236,0.1340469572946393
3,3,1.5917477973630565,0.8512734161229215,4751,0.7503418781255421,0.46464646464646464,1188,0.7328760420058515,0.4786933927245731,0.48296303829149434,0.0880997536656418,0.08787252838750809,0.10375516250577486,0.8469219869591578,,0.6997193109081247,0.30028068909187533,0.8401704356056108,0.46450187680761107,5,0.001,1.0,0.18029089586619523,0.1757469966509717,0.1559849549667388,1.0,0.15523383776422825,0.13566785505050843,0.13913863396974582,0.1336305446778689,0.1389418891863103,0.1392913741789412,0.13891024192582052,0.128037466132029
3,4,1.6488467260873576,0.8421670428893905,4430,0.7390096579279218,0.4693140794223827,1108,0.7328760420058515,0.4786933927245731,0.45795903571217034,0.08294851657609052,0.0827587974832581,0.10375516250577486,0.7976354668410279,,0.6997193109081247,0.30028068909187533,0.8401704356056108,0.46450187680761107,5,0.001,1.0,0.16854873522199898,0.15182771256120556,0.1414343666043566,0.15523383776422825,1.0,0.13372092770666355,0.14285778297826382,0.1290993192043144,0.1265866419579484,0.11573633742791677,0.13765784159635042,0.13802928212852356
3,5,1.5956050875305219,0.8523172479694219,4186,0.7447916504108545,0.46131805157593125,1047,0.7328760420058515,0.4786933927245731,0.45541370985940915,0.08185137325465978,0.08166907000868256,0.10375516250577486,0.7871325921093308,,0.6997193109081247,0.30028068909187533,0.8401704356056108,0.46450187680761107,5,0.001,1.0,0.1739275593872651,0.14985112414330864,0.16084553132203222,0.13566785505050843,0.13372092770666355,1.0,0.12975990828288256,0.13851688304293922,0.13982419734129162,0.12193036961291828,0.12645551428766572,0.12657645268016923
3,6,1.6343977555036544,0.8457414829659319,3992,0.7517251707613468,0.46593186372745493,998,0.7328760420058515,0.4786933927245731,0.44304290612865893,0.07901534402150699,0.07885131154511751,0.10375516250577486,0.759974825734274,,0.6997193109081247,0.30028068909187533,0.8401704356056108,0.46450187680761107,5,0.001,1.0,0.15865921097584362,0.15382584121150725,0.15077886524658354,0.13913863396974582,0.14285778297826382,0.12975990828288256,1.0,0.1359338081906055,0.12658198203027404,0.10738003537111643,0.13281310742499766,0.12350941269261205
3,7,1.5786185489501805,0.8515792221352128,3831,0.7337371329466502,0.4759916492693111,958,0.7328760591368777,0.4786933927245731,0.43516674936485433,0.07743516802846047,0.07728076596152246,0.10375516250577486,0.7448377901820189,,0.6997193109081247,0.30028068909187533,0.8401704356056108,0.46450187680761107,5,0.001,1.0,0.15204190213201432,0.1479832769924746,0.14107419884371694,0.1336305446778689,0.1290993192043144,0.13851688304293922,0.1359338081906055,1.0,0.13869470348050703,0.1137792916607485,0.12428148338736895,0.12403486684387335
3,8,1.607994309642577,0.8534632034632035,3696,0.732082042200812,0.4642857142857143,924,0.7328760720205421,0.4786933927245731,0.44001712221749567,0.07815492344278974,0.07799618285115541,0.10375516250577486,0.7517330315593936,,0.6997193109081247,0.30028068909187533,0.8401704356056108,0.46450187680761107,5,0.001,1.0,0.15724496581102795,0.15780322535223248,0.14813742704063715,0.1389418891863103,0.1265866419579484,0.13982419734129162,0.12658198203027404,0.13869470348050703,1.0,0.12090433423604864,0.1272963818366341,0.11262243092486507
3,9,1.6173637431347743,0.8524168762224085,3579,0.725152598960059,0.49050279329608937,895,0.7328782483687594,0.4786933927245731,0.4067484953380729,0.07265220654920904,0.07252464810322766,0.10375516250577486,0.6989979712912313,,0.6989978573044624,0.3010021426955376,0.8401694338563704,0.4645018767439409,5,0.001,1.0,0.13519387213544695,0.14747888387311356,0.13804325807145923,0.1392913741789412,0.11573633742791677,0.12193036961291828,0.10738003537111643,0.1137792916607485,0.12090433423604864,1.0,0.1202639110327008,0.10969450957983393
3,10,1.5460550214736424,0.8578084555651424,3477,0.7378075165407998,0.4735632183908046,870,0.7328723654894251,0.4786933927245731,0.4319688035117254,0.07523793113477464,0.07509628424401046,0.10375516250577486,0.7237835923499896,,0.6997193109081247,0.30028068909187533,0.8401704356056108,0.46450187680761107,5,0.001,1.0,0.16356208548456294,0.15218494477148542,0.1363414665183236,0.13891024192582052,0.13765784159635042,0.12645551428766572,0.13281310742499766,0.12428148338736895,0.1272963818366341,0.1202639110327008,1.0,0.1258153673195437
3,11,1.6107335029310494,0.8508264462809917,3388,0.7429134117232429,0.45808736717827625,847,0.7328743808626279,0.4786933927245731,0.4169711878929377,0.07397273162378304,0.07383810089390899,0.10375516250577486,0.7116571273172803,,0.6997193109081247,0.30028068909187533,0.8401702551151187,0.46450187680761107,5,0.001,1.0,0.1454368760865408,0.14672849983220343,0.1340469572946393,0.128037466132029,0.13802928212852356,0.12657645268016923,0.12350941269261205,0.12403486684387335,0.11262243092486507,0.10969450957983393,0.1258153673195437,1.0
4,0,1.6351755846548697,0.8497910769645505,7419,0.7274455870019978,0.4884097035040431,1855,0.718566144163988,0.49242761692650333,0.5425769038728352,0.10265584226481472,0.10229675250580257,0.10229675250580257,0.9999999999902245,,0.6997193109081247,0.30028068909187533,0.8443493112689698,0.46745554886795954,5,0.001,1.0,1.0,0.18200382563954834,0.17366209215374248,0.18503918637087144,0.17182461674238445,0.17743441689034117,0.1684139425192753,0.15235863265739483,0.1612217265173261,0.13848171585553243,0.16389275732756112,0.15061441039847437
4,1,1.6008165451367535,0.8545914922349763,5924,0.7322632759175403,0.47940580688723833,1481,0.718566144163988,0.49242761692650333,0.5203504033493573,0.09499612379682311,0.09471139485491696,0.10229675250580257,0.925849477466245,,0.6997193109081247,0.30028068909187533,0.8443493112689698,0.46745554886795954,5,0.001,1.0,0.18200382563954834,1.0,0.18144578920612447,0.18030371159096759,0.1589266554675731,0.1604424601722499,0.16207668801060104,0.15058124007488335,0.15806538358651634,0.14589426143474887,0.15641464229307056,0.1483116505251519
4,2,1.6108074691489431,0.8495388162951576,5204,0.7229039581810556,0.4796310530361261,1301,0.718566144163988,0.49242761692650333,0.4993169002336366,0.09081570671213393,0.09056686033411175,0.10229675250580257,0.8853346574036082,,0.6997193109081247,0.30028068909187533,0.8443493112689698,0.46745554886795954,5,0.001,1.0,0.17366209215374248,0.18144578920612447,1.0,0.16365251619328763,0.14415298240105412,0.16331156615516007,0.16080091120155232,0.14354038808768432,0.1537126100212758,0.14176663104890228,0.14301785485374274,0.13891339667588196
4,3,1.5837504008297352,0.8539675857714165,4751,0.7365667678807911,0.47558922558922556,1188,0.718566144163988,0.49242761692650333,0.48697486523375755,0.08798968313202923,0.08776330671649338,0.10229675250580257,0.8579285711993375,,0.6997193109081247,0.30028068909187533,0.8443493112689698,0.46745554886795954,5,0.001,1.0,0.18503918637087144,0.18030371159096759,0.16365251619328763,1.0,0.1542212761836252,0.13663519426391038,0.14173045251431804,0.14151814113899056,0.14944755412311322,0.13773819913413066,0.1375898993121725,0.13503068912484031
4,4,1.6084555084515604,0.8492099322799097,4430,0.7258997338158744,0.47743682310469315,1108,0.718566144163988,0.49242761692650333,0.4577661670644992,0.0828149517480928,0.08262614597774996,0.10229675250580257,0.8077103520197814,,0.6997193109081247,0.30028068909187533,0.8443493112689698,0.46745554886795954,5,0.001,1.0,0.17182461674238445,0.1589266554675731,0.14415298240105412,0.1542212761836252,1.0,0.12819264994861843,0.14577623900605008,0.1302346331522645,0.12569406904128744,0.12249580813873849,0.1392626815960241,0.13473297385865576
4,5,1.5697195525956518,0.8524605828953655,4186,0.7302861213684082,0.47277936962750716,1047,0.718566144163988,0.49242761692650333,0.4567510805492642,0.0819247891991601,0.08174199584341954,0.10229675250580257,0.7990673588390191,,0.6997193109081247,0.30028068909187533,0.8443493112689698,0.46745554886795954,5,0.001,1.0,0.17743441689034117,0.1604424601722499,0.16331156615516007,0.13663519426391038,0.12819264994861843,1.0,0.1369683540933964,0.1407504252054396,0.13408624979444636,0.12040641728084805,0.13065109236240913,0.12909108665153887
4,6,1.596870660662651,0.8528056112224449,3992,0.7387065012007952,0.4709418837675351,998,0.718566144163988,0.49242761692650333,0.4517481635346869,0.07952691723207504,0.07935968348307663,0.10229675250580257,0.7757791087043485,,0.6997193109081247,0.30028068909187533,0.8443493112689698,0.46745554886795954,5,0.001,1.0,0.1684139425192753,0.16207668801060104,0.16080091120155232,0.14173045251431804,0.14577623900605008,0.1369683540933964,1.0,0.14039685199351906,0.12761997771097933,0.11599472958313119,0.13471601415939324,0.1258611526936597
4,7,1.5469985655198495,0.8567997911772384,3831,0.7208889027436575,0.48643006263048016,958,0.7185661625692227,0.49242761692650333,0.43774402089542225,0.0777341373538719,0.07757794287241136,0.10229675250580257,0.7583617365297354,,0.6997193109081247,0.30028068909187533,0.8443493112689698,0.46745554886795954,5,0.001,1.0,0.15235863265739483,0.15058124007488335,0.14354038808768432,0.14151814113899056,0.1302346331522645,0.1407504252054396,0.14039685199351906,1.0,0.1385379731853647,0.12060661364579808,0.12152622189377674,0.1252568099834527
4,8,1.5532113318170966,0.8577380952380952,3696,0.7183017031899814,0.4707792207792208,924,0.7185661673828995,0.49242761692650333,0.44182537174151526,0.07845718251622298,0.0782965960689628,0.10229675250580257,0.7653869174757645,,0.6997193109081247,0.30028068909187533,0.8443493112689698,0.46745554886795954,5,0.001,1.0,0.1612217265173261,0.15806538358651634,0.1537126100212758,0.14944755412311322,0.12569406904128744,0.13408624979444636,0.12761997771097933,0.1385379731853647,1.0,0.12740873626307161,0.12101275267056591,0.11852097500868485
4,9,1.5721387863990717,0.856663872590109,3579,0.7118777185678482,0.5039106145251396,895,0.7185682099392182,0.49242761692650333,0.41047053102010295,0.07292313119551012,0.07279414243160333,0.10229675250580257,0.7115977843652723,,0.6997193109081247,0.30028068909187533,0.8443493102293335,0.46745554886795954,5,0.001,1.0,0.13848171585553243,0.14589426143474887,0.14176663104890228,0.13773819913413066,0.12249580813873849,0.12040641728084805,0.11599472958313119,0.12060661364579808,0.12740873626307161,1.0,0.1211985033517221,0.11137891339379868
4,10,1.5095625988746044,0.8596491228070176,3477,0.7245216369628906,0.4885057471264368,870,0.7185625891221108,0.49242761692650333,0.4324299636537753,0.07581781141046355,0.07567286913968667,0.10229675250580257,0.7397387237161271,,0.6997193109081247,0.30028068909187533,0.8443493112689698,0.46745554886795954,5,0.001,1.0,0.16389275732756112,0.15641464229307056,0.14301785485374274,0.1375898993121725,0.1392626815960241,0.13065109236240913,0.13471601415939324,0.12152622189377674,0.12101275267056591,0.1211985033517221,1.0,0.12438615317219189
4,11,1.6490009067720681,0.8433293978748524,3388,0.7285449438624911,0.46989374262101535,847,0.7185645194064976,0.49242761692650333,0.4202677744923476,0.07434372343880256,0.0742070599134415,0.10229675250580257,0.7254097329092323,,0.6997193109081247,0.30028068909187533,0.8443493112689698,0.46745554886795954,5,0.001,1.0,0.15061441039847437,0.1483116505251519,0.13891339667588196,0.13503068912484031,0.13473297385865576,0.12909108665153887,0.1258611526936597,0.1252568099834527,0.11852097500868485,0.11137891339379868,0.12438615317219189,1.0
5,0,1.6134388557121415,0.8502493597519881,7419,0.7146383174534502,0.5013477088948787,1855,0.7047596249614362,0.507275426874536,0.5391333653666995,0.10131624035723517,0.10097098814497467,0.10097098814497467,0.9999999999900961,,0.6997193109081247,0.30028068909187533,0.8454462457368684,0.46810803028349723,5,0.001,1.0,1.0,0.1793150483452482,0.17527186774438347,0.18140774229659357,0.168671925517351,0.1795599964178327,0.16491353778320134,0.1587557435877026,0.1632343570861247,0.14467360964210205,0.1598260782994573,0.150567250620032
5,1,1.587473583132309,0.8547940580688724,5924,0.7190810378561628,0.48953409858203917,1481,0.7047596249614362,0.507275426874536,0.5172001955062239,0.09450098956987063,0.09422067913298884,0.10097098814497467,0.9331460537632171,,0.6997193109081247,0.30028068909187533,0.8454462457368684,0.46810803028349723,5,0.001,1.0,0.1793150483452482,1.0,0.1781493944056645,0.17764883444909096,0.15706781976069267,0.15702883108320692,0.16036076554807602,0.1566975772225504,0.15679812428795922,0.15508012096297533,0.1503565815562431,0.14897337189411675
5,2,1.5863308577106956,0.8545734050730207,5204,0.709719445647263,0.48501152959262106,1301,0.7047596249614362,0.507275426874536,0.4975946875446141,0.09047073661577545,0.09022470912914958,0.10097098814497467,0.8935706264329205,,0.6997193109081247,0.30028068909187533,0.8454462457368684,0.46810803028349723,5,0.001,1.0,0.17527186774438347,0.1781493944056645,1.0,0.1607497704563535,0.1388407762776343,0.16371425097423603,0.1555194223891697,0.14919672877377596,0.15568932517223152,0.14660804818278314,0.13950857732505992,0.14382587514564385
5,3,1.5732562428327814,0.8555672490002105,4751,0.7234422046887247,0.48569023569023567,1188,0.7047596249614362,0.507275426874536,0.4842908803441077,0.08774418348093477,0.0875196927574436,0.10097098814497467,0.8667805907862919,,0.6997193109081247,0.30028068909187533,0.8454462457368684,0.46810803028349723,5,0.001,1.0,0.18140774229659357,0.17764883444909096,0.1607497704563535,1.0,0.15397617165482239,0.13859923000425453,0.1481390636934461,0.13812510304531972,0.14270017204595814,0.14324766612342038,0.13711486745765591,0.13386009957644876
5,4,1.6138154230207848,0.849255079006772,4430,0.7134043676512581,0.48826714801444043,1108,0.7047596249614362,0.507275426874536,0.4543660277922506,0.08252515022650933,0.08233831607025627,0.10097098814497467,0.8154650913311754,,0.6997193109081247,0.30028068909187533,0.8454462457368684,0.46810803028349723,5,0.001,1.0,0.168671925517351,0.15706781976069267,0.1388407762776343,0.15397617165482239,1.0,0.1289913659662527,0.13565412282831557,0.1362430905136478,0.1271141841357938,0.12036882181525961,0.13771468207651663,0.13916171922978465
5,5,1.5658218071632486,0.8559483994266603,4186,0.7166164463216608,0.48615090735434574,1047,0.7047596249614362,0.507275426874536,0.459637096559517,0.08205136796007376,0.08186772753461354,0.10097098814497467,0.8108044601510348,,0.6997193109081247,0.30028068909187533,0.8454462457368684,0.46810803028349723,5,0.001,1.0,0.1795599964178327,0.15702883108320692,0.16371425097423603,0.13859923000425453,0.1289913659662527,1.0,0.1415694459777466,0.14321653998758954,0.1446484836568101,0.12523285526107533,0.12205567176737964,0.13468519072054574
5,6,1.572579820871353,0.852755511022044,3992,0.7261087149381638,0.47995991983967934,998,0.7047596249614362,0.507275426874536,0.4540144281415473,0.07996846169654508,0.0797984317158379,0.10097098814497467,0.7903104959265387,,0.6997193109081247,0.30028068909187533,0.8454462457368684,0.46810803028349723,5,0.001,1.0,0.16491353778320134,0.16036076554807602,0.1555194223891697,0.1481390636934461,0.13565412282831557,0.1415694459777466,1.0,0.14412355777133837,0.13640868339532844,0.12294090976345864,0.13885445692566425,0.12709752786773845
5,7,1.5306786771863699,0.8574262594622813,3831,0.7084446609020233,0.4989561586638831,958,0.7047596402519389,0.507275426874536,0.4458826011048636,0.07825131338485126,0.07809198569365883,0.10097098814497467,0.7734101361943743,,0.6997193109081247,0.30028068909187533,0.8454462457368684,0.46810803028349723,5,0.001,1.0,0.1587557435877026,0.1566975772225504,0.14919672877377596,0.13812510304531972,0.1362430905136478,0.14321653998758954,0.14412355777133837,1.0,0.14611559473413413,0.12446756587190141,0.12391601639555334,0.13031574226497508
5,8,1.5888601437628527,0.8538419913419913,3696,0.7052565175911476,0.48268398268398266,924,0.7047596488882414,0.507275426874536,0.4471869614351569,0.0788634697408351,0.07870037974091923,0.10097098814497467,0.779435570414953,,0.6997193109081247,0.30028068909187533,0.8454462457368684,0.46810803028349723,5,0.001,1.0,0.1632343570861247,0.15679812428795922,0.15568932517223152,0.14270017204595814,0.1271141841357938,0.1446484836568101,0.13640868339532844,0.14611559473413413,1.0,0.12706030868348653,0.12528645662598004,0.12346847933099522
5,9,1.5806641111349953,0.8516345347862532,3579,0.6988990668739591,0.5217877094972067,895,0.7047615054101106,0.507275426874536,0.4184834794448808,0.07341630724160614,0.07328468749365852,0.10097098814497467,0.7257994483297537,,0.6997193109081247,0.30028068909187533,0.8454462457368684,0.46810803028349723,5,0.001,1.0,0.14467360964210205,0.15508012096297533,0.14660804818278314,0.14324766612342038,0.12036882181525961,0.12523285526107533,0.12294090976345864,0.12446756587190141,0.12706030868348653,1.0,0.11981840282021558,0.11751425582019549
5,10,1.47669540015861,0.8665516249640495,3477,0.711882506098066,0.5,870,0.7047562105072366,0.507275426874536,0.4293509205288966,0.0760967971115786,0.07595025139859783,0.10097098814497467,0.7521987532576769,,0.6997193109081247,0.30028068909187533,0.8454462457368684,0.46810803028349723,5,0.001,1.0,0.1598260782994573,0.1503565815562431,0.13950857732505992,0.13711486745765591,0.13771468207651663,0.12205567176737964,0.13885445692566425,0.12391601639555334,0.12528645662598004,0.11981840282021558,1.0,0.12231861016138129
5,11,1.5682194650981505,0.8541912632821723,3388,0.7147846972500836,0.4911452184179457,847,0.7047580296523214,0.507275426874536,0.42536974173324626,0.07479498261418469,0.07465581908756709,0.10097098814497467,0.7393789093124106,,0.6997193109081247,0.30028068909187533,0.8454462457368684,0.46810803028349723,5,0.001,1.0,0.150567250620032,0.14897337189411675,0.14382587514564385,0.13386009957644876,0.13916171922978465,0.13468519072054574,0.12709752786773845,0.13031574226497508,0.12346847933099522,0.11751425582019549,0.12231861016138129,1.0
6,0,1.5938223528892508,0.8528642674214854,7419,0.7021593266520006,0.5115902964959569,1855,0.6912954855984577,0.5244988864142539,0.542858098631276,0.10022506650495612,0.09989082038253815,0.09989082038253815,0.999999999989989,,0.6997193109081247,0.30028068909187533,0.8485678326142403,0.472108070018055,5,0.001,1.0,1.0,0.18497976994697757,0.18089154690220208,0.18316682174744292,0.17774036324657397,0.1863332159349135,0.16861537886592776,0.1591240190892002,0.16839483922587006,0.15289142646960172,0.17215575734752805,0.15449581758315692
