round,client_id,client_i_training_loss,client_i_training_accuracy,client_i_training_dataset_size,client_i_evaluation_loss,client_i_evaluation_accuracy,client_i_evaluation_dataset_size,client_i_central_evaluation_loss,client_i_central_evaluation_accuracy,client_i_cosine_similarity,client_i_importance_coefficient,client_i_tanh_val,tanh_normalization_value,client_i_q,client_i_mask_order,client_i_v_nonzero_fraction,client_i_v_sparsity,client_i_v_cosine_similarity,client_i_reward_gradient_norm,local_epochs,learning_rate,gamma,client_0_cosine_similarity,client_1_cosine_similarity,client_2_cosine_similarity,client_3_cosine_similarity,client_4_cosine_similarity,client_5_cosine_similarity,client_6_cosine_similarity,client_7_cosine_similarity,client_8_cosine_similarity,client_9_cosine_similarity,client_10_cosine_similarity,client_11_cosine_similarity
0,0,2.2929967591256806,0.1660427165826734,4167,2.2986748218536377,0.1606714628297362,834,2.299560317510291,0.1591,0.9750878850922818,0.0836873963653669,0.08349257166819746,0.08386447010888515,0.995565482722297,,0.9959564951890545,0.0040435048109455085,0,0.14563733838487933,10,0.025,0.15,1.0,0.9485087349412576,0.9422609274924267,0.9361779062272774,0.9289828597235775,0.9266559065136966,0.9374275004816316,0.9476531473403369,0.9356686221572442,0.9594227185510756,0.9553944793703628,0.9431278626266179
0,1,2.294438793442466,0.12934965202783777,4167,2.297370399747576,0.17985611510791366,834,2.2995603295821176,0.1591,0.9764453985482503,0.08380390562406843,0.08360826761377292,0.08386447010888515,0.9969450412579184,,0.9972025548348765,0.00279744516512348,0,0.1456373384940107,10,0.025,0.15,0.9485087349412576,1.0,0.9211843958179627,0.9182375408982943,0.9587522443715005,0.9474437750591073,0.9324521497591556,0.9609469417987095,0.9473642685215625,0.9501994431380824,0.945066209258074,0.9469398489365926
0,2,2.2925404736489963,0.1271898248140149,4167,2.29615432875497,0.1606714628297362,834,2.2995603114743774,0.1591,0.9649101476115868,0.08281388705028708,0.08262508854862832,0.08386447010888515,0.985221613400372,,0.9865656615668994,0.013434338433100601,0,0.14563733213500393,10,0.025,0.15,0.9422609274924267,0.9211843958179627,1.0,0.945847644737905,0.8989808163548467,0.9278275401998576,0.9594169941119857,0.8941246375816224,0.9332095769738539,0.9334378634357895,0.9500170253252229,0.9363866441313298
0,3,2.293690299987793,0.12966162706983442,4167,2.2979775156293596,0.15347721822541965,834,2.2995603054384643,0.1591,0.9615406575081873,0.08252469890822983,0.08233786781171674,0.08386447010888515,0.9817967931333955,,0.9834463864270271,0.016553613572972914,0,0.14563732710124241,10,0.025,0.15,0.9361779062272774,0.9182375408982943,0.945847644737905,1.0,0.9063688200905929,0.9092971673405198,0.9266547505967897,0.9026850906179857,0.945921991202058,0.9264493073752932,0.9534156733042922,0.9323827864909726
0,4,2.2943732398929018,0.12380609551235901,4167,2.2990138871329173,0.1716686674669868,833,2.2995603205282475,0.1591,0.9658803866618234,0.0828971582930209,0.0827077907372708,0.08386447010888515,0.9862077543553451,,0.9874568830354343,0.01254311696456567,0,0.14563733305606788,10,0.025,0.15,0.9289828597235775,0.9587522443715005,0.8989808163548467,0.9063688200905929,1.0,0.9264934045362484,0.9234833305209282,0.9557698295267846,0.9406182438567109,0.9496512780760814,0.9303424406971021,0.9345551886504477
0,5,2.2951437162630484,0.14254859611231102,4167,2.299642188208444,0.1524609843937575,833,2.2995603114743774,0.1591,0.965075678877343,0.08282809385242255,0.08263919834570804,0.08386447010888515,0.9853898586305777,,0.9867141984783219,0.013285801521678131,0,0.14563733213790134,10,0.025,0.15,0.9266559065136966,0.9474437750591073,0.9278275401998576,0.9092971673405198,0.9264934045362484,1.0,0.915404511544087,0.9217720479919913,0.9459188706800483,0.9414075724799242,0.936796042008727,0.9456097739690411
0,6,2.2955498637575094,0.15929925605951523,4167,2.299912452697754,0.148859543817527,833,2.2995603144923344,0.1591,0.9657435147056459,0.08288541119019759,0.08269612398009363,0.08386447010888515,0.9860686399346389,,0.9873331022759155,0.01266689772408447,0,0.14563733305389787,10,0.025,0.15,0.9374275004816316,0.9324521497591556,0.9594169941119857,0.9266547505967897,0.9234833305209282,0.915404511544087,1.0,0.9137076495722625,0.9439045667882623,0.9351061039513322,0.9394647364263632,0.9253788037522092
0,7,2.2932276494575268,0.1291096712263019,4167,2.3038851533617293,0.1524609843937575,833,2.299560317510291,0.1591,0.9666713238383046,0.0829650408644283,0.08277520857399417,0.08386447010888515,0.9870116446873897,,0.9881913155419122,0.011808684458087804,0,0.14563733378004176,10,0.025,0.15,0.9476531473403369,0.9609469417987095,0.8941246375816224,0.9026850906179857,0.9557698295267846,0.9217720479919913,0.9137076495722625,1.0,0.9411351173968855,0.9594018905693296,0.9367781415748049,0.929241591203169
0,8,2.293856753724994,0.15439270283245318,4166,2.301184279578073,0.16206482593037214,833,2.2995603295821176,0.1591,0.9772041022110514,0.08386902173834225,0.08367292819199189,0.08386447010888515,0.9977160540376361,,0.997903979138816,0.0020960208611839892,0,0.14563733851579544,10,0.025,0.15,0.9356686221572442,0.9473642685215625,0.9332095769738539,0.945921991202058,0.9406182438567109,0.9459188706800483,0.9439045667882623,0.9411351173968855,1.0,0.9511027122529678,0.9512211171311777,0.9498848719150559
0,9,2.2936742067337037,0.16464234277484396,4166,2.2984894684382846,0.15486194477791115,833,2.299560335618031,0.1591,0.9794516338118223,0.08406191724119183,0.08386447010888515,0.08386447010888515,0.999999999988076,,0.9999504876961925,4.951230380745297e-05,0,0.14563733852652375,10,0.025,0.15,0.9594227185510756,0.9501994431380824,0.9334378634357895,0.9264493073752932,0.9496512780760814,0.9414075724799242,0.9351061039513322,0.9594018905693296,0.9511027122529678,1.0,0.9486627650620086,0.9572945808275257
0,10,2.294037821076133,0.16877100336053769,4166,2.297699349267142,0.1644657863145258,833,2.299560335618031,0.1591,0.9787591749909955,0.0840024866229971,0.08380545718698916,0.08386447010888515,0.999296329866287,,0.9998844712911158,0.00011552870888420497,0,0.1456373385265149,10,0.025,0.15,0.9553944793703628,0.945066209258074,0.9500170253252229,0.9534156733042922,0.9303424406971021,0.936796042008727,0.9394647364263632,0.9367781415748049,0.9512211171311777,0.9486627650620086,1.0,0.9569099839554851
0,11,2.2933915940198033,0.15868939030244839,4166,2.302412952695574,0.14765906362545017,833,2.299560317510291,0.1591,0.9747801196993156,0.08366098224944721,0.08346634162749023,0.08386447010888515,0.9952527156986353,,0.9956759254674786,0.004324074532521371,0,0.1456373383845867,10,0.025,0.15,0.9431278626266179,0.9469398489365926,0.9363866441313298,0.9323827864909726,0.9345551886504477,0.9456097739690411,0.9253788037522092,0.929241591203169,0.9498848719150559,0.9572945808275257,0.9569099839554851,1.0
1,0,2.186915487954111,0.21663066954643628,4167,2.2887008530753,0.18585131894484413,834,2.289802804777894,0.1789,0.9872740811722616,0.08348594670051332,0.0832925229488527,0.08362758329556719,0.9959934230488728,,0.9995131290125596,0.0004868709874403798,0.8219017236542601,0.14838678133909602,10,0.025,0.15,1.0,0.9781570033280246,0.9724036138172185,0.9724535810873126,0.9705383345652335,0.9756564027962121,0.97287697271733,0.9754678874208421,0.9721461358772652,0.9775960499127654,0.9786932188693179,0.9742601911423403
1,1,2.1898157293146308,0.19594432445404367,4167,2.2867771897997176,0.19664268585131894,834,2.289802813831764,0.1789,0.9910425505223329,0.08367972249448065,0.08348495128705592,0.08362758329556719,0.9982944382237442,,0.9997771946328663,0.0002228053671337049,0.8219019137313287,0.14838678146295672,10,0.025,0.15,0.9781570033280246,1.0,0.9717489334617885,0.9758210852730737,0.98043383210342,0.977210165876508,0.9759266874257648,0.984003621751266,0.9831416751773818,0.9783098805007066,0.9799396201542409,0.980297182262721
1,2,2.1774125424298374,0.215598752099832,4167,2.286102976117815,0.18465227817745802,834,2.2898028319395043,0.1789,0.986874335555302,0.08293539248651888,0.08274576326666336,0.08362758329556719,0.989455392645072,,0.9904111171626149,0.009588882837385126,0.821898888072525,0.14838677575214135,10,0.025,0.15,0.9724036138172185,0.9717489334617885,1.0,0.9769048768633349,0.9692913048321864,0.9782902708002573,0.9803586349971686,0.9683314802976101,0.9740212229679055,0.9732343967555686,0.9799953411810202,0.9713375933201509
1,3,2.186693165880261,0.20844732421406287,4167,2.2889815398624966,0.1642685851318945,834,2.289802813831764,0.1789,0.9887992803681317,0.08281976375557182,0.08263092513136876,0.08362758329556719,0.9880821838212878,,0.9891568054661584,0.010843194533841638,0.8218999304762967,0.14838677275810647,10,0.025,0.15,0.9724535810873126,0.9758210852730737,0.9769048768633349,1.0,0.9709214500551601,0.972580933713656,0.9797669915955557,0.9739620074260524,0.9812781207532819,0.9799223075397451,0.9790012503667043,0.9760938648087537
1,4,2.194404784115878,0.19349652027837774,4167,2.2904349735804965,0.18967587034813926,833,2.289802813831764,0.1789,0.9878923315688056,0.08301961746531016,0.0828294109855431,0.08362758329556719,0.9904556334218872,,0.9913105906817844,0.008689409318215602,0.8218991936400599,0.1483867769063517,10,0.025,0.15,0.9705383345652335,0.98043383210342,0.9692913048321864,0.9709214500551601,1.0,0.9727461991693711,0.9764021858690639,0.980305268725773,0.9779710714294617,0.9778266400516907,0.9773582694633377,0.9740215635247083
1,5,2.1980072996833107,0.2054475641948644,4167,2.2896886553083147,0.16566626650660263,833,2.2898028319395043,0.1789,0.9876799441310781,0.08297023169303407,0.082780363834202,0.08362758329556719,0.9898691385190372,,0.9907824594411712,0.00921754055882884,0.8218988880425175,0.1483867757523663,10,0.025,0.15,0.9756564027962121,0.977210165876508,0.9782902708002573,0.972580933713656,0.9727461991693711,1.0,0.9703911856461191,0.9738115664221,0.9739962204728669,0.9755590595266611,0.9756424978281304,0.9794781823946911
1,6,2.1968581662033544,0.205471562275018,4167,2.290404966899327,0.16206482593037214,833,2.289802792706067,0.1789,0.9898318144131159,0.08307521207793417,0.08288462392527349,0.08362758329556719,0.9911158574479073,,0.9919212424287436,0.008078757571256423,0.821900154775585,0.14838677802494912,10,0.025,0.15,0.97287697271733,0.9759266874257648,0.9803586349971686,0.9797669915955557,0.9764021858690639,0.9703911856461191,1.0,0.975996707355911,0.9814118051540747,0.9788714162235197,0.9809919852755326,0.9779108344606195
1,7,2.1858867526054384,0.19721622270218384,4167,2.293726784842355,0.17647058823529413,833,2.2898028077958505,0.1789,0.9897206390064734,0.08312061931043324,0.08292971904665294,0.08362758329556719,0.9916550948574058,,0.9923998613655494,0.007600138634450637,0.8218999574608095,0.14838677802515432,10,0.025,0.15,0.9754678874208421,0.984003621751266,0.9683314802976101,0.9739620074260524,0.980305268725773,0.9738115664221,0.975996707355911,1.0,0.9807331089761433,0.9795425375363099,0.979622958430188,0.9776492705106884
1,8,2.1880349878108865,0.2013682189150264,4166,2.2917753628322055,0.18967587034813926,833,2.289802819867677,0.1789,0.9908592927092398,0.08371386236752494,0.08351885311752175,0.08362758329556719,0.9986998287555452,,0.9998267069366737,0.00017329306332625194,0.8219019610118398,0.14838678147940182,10,0.025,0.15,0.9721461358772652,0.9831416751773818,0.9740212229679055,0.9812781207532819,0.9779710714294617,0.9739962204728669,0.9814118051540747,0.9807331089761433,1.0,0.9794565521850072,0.9795487548580063,0.9791691483582562
1,9,2.188235176332069,0.21224195871339413,4166,2.2879009587424144,0.1788715486194478,833,2.289802801759937,0.1789,0.9905745489602097,0.08382335731123244,0.08362758329556719,0.08362758329556719,0.9999999999880421,,0.9999504876961925,4.951230380745297e-05,0.8219020483202104,0.14838678147940285,10,0.025,0.15,0.9775960499127654,0.9783098805007066,0.9732343967555686,0.9799223075397451,0.9778266400516907,0.9755590595266611,0.9788714162235197,0.9795425375363099,0.9794565521850072,1.0,0.9785673413432016,0.9805381002119367
1,10,2.1910725636915727,0.2072491598655785,4166,2.2883672373635426,0.18007202881152462,833,2.2898027987419804,0.1789,0.9912480516922368,0.08380859679326585,0.08361292598826418,0.08362758329556719,0.9998247311745093,,0.999942235645558,5.776435444204697e-05,0.821902048303995,0.14838678147940285,10,0.025,0.15,0.9786932188693179,0.9799396201542409,0.9799953411810202,0.9790012503667043,0.9773582694633377,0.9756424978281304,0.9809919852755326,0.979622958430188,0.9795487548580063,0.9785673413432016,1.0,0.9781119466577834
1,11,2.184520384759614,0.20806529044647143,4166,2.2925641536712646,0.17286914765906364,833,2.289802801759937,0.1789,0.9896816717903794,0.0835476775441805,0.08335382521060249,0.08362758329556719,0.9967264618302566,,0.99960390156954,0.00039609843045995685,0.8219016024006098,0.14838678144198544,10,0.025,0.15,0.9742601911423403,0.980297182262721,0.9713375933201509,0.9760938648087537,0.9740215635247083,0.9794781823946911,0.9779108344606195,0.9776492705106884,0.9791691483582562,0.9805381002119367,0.9781119466577834,1.0
2,0,2.0851486549232945,0.2532757379409647,4167,2.273101500102452,0.2026378896882494,834,2.274514086638825,0.2006,0.9822982769497477,0.08333186587492955,0.08313950911870743,0.08350324385540385,0.9956440645788334,,0.9994718687593868,0.0005281312406132388,0.955380049004102,0.14778066009023968,10,0.025,0.15,1.0,0.967031574442896,0.9623455305238806,0.9630375137766582,0.9611741246690825,0.9652819721522593,0.9636103013099165,0.9656834969911725,0.9610636582544032,0.9691462126085215,0.9703072749760867,0.96484422959332
2,1,2.0875090815804223,0.2421886249100072,4167,2.2701210635049,0.22062350119904076,834,2.274514095692695,0.2006,0.9863070248983568,0.08358137139050513,0.08338728486280957,0.08350324385540385,0.9986113234859032,,0.9998184548860392,0.00018154511396084594,0.9553801712853641,0.14778066095912026,10,0.025,0.15,0.967031574442896,1.0,0.9633087105407673,0.9684933970401282,0.9712549399249487,0.9661573532778097,0.965850972163172,0.9733872908982235,0.9717134527514871,0.9705640214875846,0.9710629014315537,0.9720466775291701
2,2,2.0713796427755646,0.25769138468922487,4167,2.2703285217285156,0.2182254196642686,834,2.274514086638825,0.2007,0.9830827711195886,0.08301794245234533,0.08282774746412788,0.08350324385540385,0.991910537111138,,0.9990427621263884,0.0009572378736115716,0.9553803024160599,0.1477806580046022,10,0.025,0.15,0.9623455305238806,0.9633087105407673,1.0,0.9644444145310684,0.9656862350044644,0.9709100196829014,0.9717482359734652,0.9619848761083571,0.9660556582868206,0.9670359621467046,0.9665018878609002,0.963125331918111
2,3,2.0848782113104156,0.24878809695224383,4167,2.274932384490967,0.18345323741007194,834,2.2745140413694744,0.2007,0.98514316587578,0.08301351227049049,0.0828233476736366,0.08350324385540385,0.9918578470563797,,0.9990345100757538,0.0009654899242461656,0.9553804053937365,0.14778065800459816,10,0.025,0.15,0.9630375137766582,0.9684933970401282,0.9644444145310684,1.0,0.964702992074888,0.9667277030413844,0.9699726108128448,0.9649390796778987,0.9725328806406169,0.9730974710282299,0.970285781674473,0.9691772515902739
2,4,2.089365947969032,0.24206863450923927,4167,2.2768851007734026,0.21248499399759904,833,2.2745140715490413,0.2007,0.9847926012501984,0.0831253334765599,0.082934400790034,0.08350324385540385,0.9931877728325373,,0.9991830469871763,0.0008169530128236957,0.955380195470987,0.14778065861616152,10,0.025,0.15,0.9611741246690825,0.9712549399249487,0.9656862350044644,0.964702992074888,1.0,0.9664975714269254,0.9699971285965028,0.9689114878935308,0.9707744224012954,0.9702653647504144,0.970253121661482,0.9637103555409651
2,5,2.0908562353163056,0.25380369570434363,4167,2.2741976465497697,0.18607442977190877,833,2.274514086638825,0.2007,0.9839058663439836,0.08306612219154853,0.08287559647834163,0.08350324385540385,0.9924835569365238,,0.9991005264808305,0.0008994735191695247,0.9553803024088438,0.14778065800462772,10,0.025,0.15,0.9652819721522593,0.9661573532778097,0.9709100196829014,0.9667277030413844,0.9664975714269254,1.0,0.9652084482880197,0.9655589019423817,0.9657605453373204,0.9665311028748007,0.9666406470734245,0.967572717167076
2,6,2.09456470265533,0.24382049436045117,4167,2.2754038061414446,0.1872749099639856,833,2.274514062495171,0.2007,0.9857867540837979,0.08319185704441161,0.0830004664365591,0.08350324385540385,0.9939789474441334,,0.9992738195441567,0.0007261804558432727,0.9553799415047066,0.14778065915863461,10,0.025,0.15,0.9636103013099165,0.965850972163172,0.9717482359734652,0.9699726108128448,0.9699971285965028,0.9652084482880197,1.0,0.9661745316824074,0.9718310924727652,0.9700786992949879,0.9711573137676969,0.9693755890082507
2,7,2.0829714590852912,0.24192464602831773,4167,2.2780778067452565,0.19807923169267708,833,2.274514053441301,0.2007,0.9852546129908544,0.08320258271045997,0.0830111182031806,0.08350324385540385,0.9941065085558888,,0.9992903236454259,0.0007096763545740847,0.955379941475772,0.14778065915863892,10,0.025,0.15,0.9656834969911725,0.9733872908982235,0.9619848761083571,0.9649390796778987,0.9689114878935308,0.9655589019423817,0.9661745316824074,1.0,0.9689270192077705,0.9711040958110811,0.9714358955804034,0.9704758168615722
2,8,2.0871560627763923,0.2415746519443111,4166,2.2769905158451627,0.20888355342136855,833,2.274514101728608,0.2006,0.9860748793525564,0.08359488445382876,0.08340070394874625,0.08350324385540385,0.9987720248588913,,0.9998349589873083,0.00016504101269165794,0.9553801868540408,0.14778066095912037,10,0.025,0.15,0.9610636582544032,0.9717134527514871,0.9660556582868206,0.9725328806406169,0.9707744224012954,0.9657605453373204,0.9718310924727652,0.9689270192077705,1.0,0.9695565907668146,0.9702823913549126,0.969686332119893
2,9,2.0887604493083374,0.24255880940950553,4166,2.271435124533517,0.1872749099639856,833,2.274514095692695,0.2006,0.9871772199251643,0.0836981434803911,0.08350324385540385,0.08350324385540385,0.9999999999880244,,0.9999504876961925,4.951230380745297e-05,0.9553801868540232,0.1477806609591206,10,0.025,0.15,0.9691462126085215,0.9705640214875846,0.9670359621467046,0.9730974710282299,0.9702653647504144,0.9665311028748007,0.9700786992949879,0.9711040958110811,0.9695565907668146,1.0,0.9717003468634792,0.9720825610414364
2,10,2.0932305231238857,0.2413106096975516,4166,2.273540428706578,0.20168067226890757,833,2.274514101728608,0.2006,0.9872904578299104,0.0836927185580361,0.08349785675746232,0.08350324385540385,0.9999354863512753,,0.9999504876961925,4.951230380745297e-05,0.9553801868540232,0.1477806609591206,10,0.025,0.15,0.9703072749760867,0.9710629014315537,0.9665018878609002,0.970285781674473,0.970253121661482,0.9666406470734245,0.9711573137676969,0.9714358955804034,0.9702823913549126,0.9717003468634792,1.0,0.9728539309728593
2,11,2.075840329762661,0.2513682189150264,4166,2.277198008128575,0.20048019207683074,833,2.274514086638825,0.2006,0.9858043166937233,0.08348366609649356,0.08329025816642238,0.08350324385540385,0.9974493722621395,,0.9996781700252513,0.0003218299747487219,0.9553801642772726,0.14778066079012117,10,0.025,0.15,0.96484422959332,0.9720466775291701,0.963125331918111,0.9691772515902739,0.9637103555409651,0.967572717167076,0.9693755890082507,0.9704758168615722,0.969686332119893,0.9720825610414364,0.9728539309728593,1.0
3,0,2.0198083086447283,0.27688984881209505,4167,2.2511257103511264,0.21942446043165467,834,2.2529463828364507,0.2199,0.9778510166649166,0.08326367453670903,0.08307178874732463,0.08344178134984888,0.9955658592430027,,0.9994636167087522,0.0005363832912478328,0.9832320459923575,0.1469908661127043,10,0.025,0.15,1.0,0.9573254133509029,0.9549592495065913,0.9507428911078846,0.9518260136615215,0.9519443276242775,0.9520279328060677,0.9559615600601704,0.9504341079400647,0.9579179254177096,0.9616159917391603,0.9543493880969725
3,1,2.016238470511003,0.27295416366690667,4167,2.2466375146593367,0.23980815347721823,834,2.2529463707646236,0.2199,0.9817971556922421,0.08354608219880987,0.08335224094925776,0.08344178134984888,0.9989269116725273,,0.9998514630885775,0.00014853691142246994,0.9832321470940505,0.1469908669918534,10,0.025,0.15,0.9573254133509029,1.0,0.9525504220743615,0.9571179282907268,0.9609083332250934,0.954402367830426,0.9544544619447034,0.9636452300718177,0.9613635251202304,0.9602534827461946,0.9588041781083885,0.9645680972781372
3,2,2.0051951856324166,0.28353731701463886,4167,2.2482122353145053,0.24100719424460432,834,2.2529464703571946,0.2199,0.9780896288883287,0.08307752339309286,0.08288691936157884,0.08344178134984888,0.9933503098772902,,0.9992078031390801,0.0007921968609199137,0.9832317127895505,0.14699086509261897,10,0.025,0.15,0.9549592495065913,0.9525504220743615,1.0,0.9495703029863077,0.9556182412897382,0.9589474865792432,0.9589728611223269,0.9519608759933239,0.9566238538267382,0.9559839515719409,0.9556556597082304,0.951304945372423
3,3,2.0155498013351902,0.27393808495320376,4167,2.2551086970738004,0.2026378896882494,834,2.2529463707646236,0.2199,0.9789966636267795,0.08310427476690475,0.08291348688807927,0.08344178134984888,0.9936687058423611,,0.9992408113416184,0.0007591886583816487,0.9832317127888649,0.14699086509262518,10,0.025,0.15,0.9507428911078846,0.9571179282907268,0.9495703029863077,1.0,0.9541027757341729,0.9537837250405118,0.9573927508862052,0.9527997334830008,0.9611031067264906,0.9607206595346676,0.9570552376240099,0.9583389269149738
3,4,2.021623214085897,0.2748020158387329,4167,2.257546527045114,0.22448979591836735,833,2.2529463617107535,0.2199,0.9802105290775133,0.08321280899623587,0.0830212740125771,0.08344178134984888,0.9949604702648465,,0.9993893482530409,0.0006106517469590678,0.983231847518759,0.14699086562536248,10,0.025,0.15,0.9518260136615215,0.9609083332250934,0.9556182412897382,0.9541027757341729,1.0,0.9535255627309874,0.9579117511094069,0.9582149598362456,0.9606909422659301,0.9600728155100485,0.9613312509014109,0.9527543638105705
3,5,2.017524103684859,0.28269738420926327,4167,2.2524194717407227,0.21008403361344538,833,2.2529464733751516,0.2199,0.9771939565633666,0.08307816523259955,0.08288755679145925,0.08344178134984888,0.9933579490943598,,0.9992078031390801,0.0007921968609199137,0.9832317127840348,0.14699086509261897,10,0.025,0.15,0.9519443276242775,0.954402367830426,0.9589474865792432,0.9537837250405118,0.9535255627309874,1.0,0.9493843101416725,0.9533149197135763,0.9541119198360971,0.951596792839567,0.9547182456084117,0.9558757903672652
3,6,2.0272094004081955,0.2703623710103192,4167,2.2540177277156284,0.20768307322929172,833,2.25294631945936,0.2199,0.9790025607778753,0.08321462889988325,0.08302308137220739,0.08344178134984888,0.9949821303924351,,0.9993893482530409,0.0006106517469590678,0.9832319255715696,0.14699086562536248,10,0.025,0.15,0.9520279328060677,0.9544544619447034,0.9589728611223269,0.9573927508862052,0.9579117511094069,0.9493843101416725,1.0,0.9522023878429526,0.9601271778035365,0.9556251104390004,0.9598924593119357,0.954772564700923
3,7,2.01398230899464,0.27453803695704343,4167,2.25611788885934,0.22929171668667467,833,2.25294631945936,0.2199,0.9802388991751223,0.0832614476664772,0.08306957724414166,0.08344178134984888,0.9955393556958927,,0.9994553646581176,0.0005446353418824268,0.983231807255694,0.14699086611270368,10,0.025,0.15,0.9559615600601704,0.9636452300718177,0.9519608759933239,0.9527997334830008,0.9582149598362456,0.9533149197135763,0.9522023878429526,1.0,0.9566168110632295,0.9600085602945532,0.9609570584031359,0.9615313611094778
3,8,2.0182446570107433,0.27352376380220833,4166,2.256050246102469,0.23289315726290516,833,2.2529463617107535,0.2199,0.9811675904473733,0.08353396184723906,0.08334020479283487,0.08344178134984888,0.9987826655139718,,0.9998349589873083,0.00016504101269165794,0.9832321470940523,0.14699086699185338,10,0.025,0.15,0.9504341079400647,0.9613635251202304,0.9566238538267382,0.9611031067264906,0.9606909422659301,0.9541119198360971,0.9601271778035365,0.9566168110632295,1.0,0.9578760580356606,0.9594161845272766,0.9596643650101466
3,9,2.0209036296064204,0.2701392222755641,4166,2.248490469796317,0.20528211284513806,833,2.2529463556748404,0.2199,0.9814034564044632,0.08360541232759192,0.0834111585848357,0.08344178134984888,0.9996330044071756,,0.9999257315442888,7.426845571123497e-05,0.9832321470940452,0.14699086699185346,10,0.025,0.15,0.9579179254177096,0.9602534827461946,0.9559839515719409,0.9607206595346676,0.9600728155100485,0.951596792839567,0.9556251104390004,0.9600085602945532,0.9578760580356606,1.0,0.9596596940144969,0.9610186255900945
3,10,2.0288429032672535,0.2652184349495919,4166,2.2523667131151472,0.2112845138055222,833,2.2529463556748404,0.2199,0.9824550754716418,0.08363624972011609,0.08344178134984888,0.08344178134984888,0.9999999999880155,,0.9999504876961925,4.951230380745297e-05,0.9832321470940452,0.14699086699185346,10,0.025,0.15,0.9616159917391603,0.9588041781083885,0.9556556597082304,0.9570552376240099,0.9613312509014109,0.9547182456084117,0.9598924593119357,0.9609570584031359,0.9594161845272766,0.9596596940144969,1.0,0.9639977446966251
3,11,2.003819886120883,0.2812770043206913,4166,2.25568641935076,0.2148859543817527,833,2.2529463737825806,0.2199,0.9811831987375874,0.08346577041434085,0.08327248660490955,0.08344178134984888,0.9979711034064876,,0.9997441864303279,0.0002558135696720809,0.9832321860362425,0.14699086692314983,10,0.025,0.15,0.9543493880969725,0.9645680972781372,0.951304945372423,0.9583389269149738,0.9527543638105705,0.9558757903672652,0.954772564700923,0.9615313611094778,0.9596643650101466,0.9610186255900945,0.9639977446966251,1.0
4,0,1.9674021991816435,0.2998080153587713,4167,2.223085982458932,0.23860911270983212,834,2.2252586189704604,0.2398,0.9734675484493788,0.0832372727120543,0.08304556906210461,0.08342244839009655,0.9954822792154807,,0.9994553646581176,0.0005446353418824268,0.9884428790897348,0.14626329390991333,10,0.025,0.15,1.0,0.9491756707446314,0.9447796479045497,0.9387755890115344,0.9423687069237756,0.9425384387604732,0.9411231605929612,0.9463743763797127,0.9394028605622379,0.948350473364576,0.9514315127020623,0.9463622228552034
4,1,1.9671453053301031,0.2935205183585313,4167,2.2164654391152516,0.26498800959232616,834,2.225258534467673,0.2398,0.9765435973683895,0.08351223971454363,0.0833186334941136,0.08342244839009655,0.9987555520248428,,0.9998349589873083,0.00016504101269165794,0.9884430763786366,0.14626329460217857,10,0.025,0.15,0.9491756707446314,1.0,0.9399135024439551,0.9452003529409294,0.9499377283982184,0.9444797905865775,0.9427056085223195,0.95222509857496,0.9509540421829605,0.9490820643774353,0.9480989307676702,0.9547265199684537
4,2,1.9510173411080332,0.30244780417566597,4167,2.220260347638811,0.2541966426858513,834,2.2252586793295945,0.2398,0.9731899578894545,0.08311302765234017,0.08292217959421436,0.08342244839009655,0.9940031873131214,,0.9992820715947913,0.0007179284052086787,0.9884433991813678,0.14626329224851695,10,0.025,0.15,0.9447796479045497,0.9399135024439551,1.0,0.9390545234065444,0.9463607856853555,0.9495509003538065,0.946044999562897,0.9420450706649619,0.9461820294349131,0.9485779931309744,0.9452603591902259,0.9398587052367784
4,3,1.9634316989869782,0.294528437724982,4167,2.229726110185896,0.22182254196642687,834,2.22525856464724,0.2398,0.9732377439502781,0.08313113976656494,0.08294016714093283,0.08342244839009655,0.9942188072938987,,0.9993150797973296,0.0006849202026704138,0.9884433573281717,0.1462632931005165,10,0.025,0.15,0.9387755890115344,0.9452003529409294,0.9390545234065444,1.0,0.9426772964032593,0.9450014311194233,0.9442021905548826,0.9406141396901159,0.9496636165537541,0.9488300030046145,0.947289997413176,0.9467897304383067
4,4,1.9690849408958897,0.29796016318694507,4167,2.232407774244036,0.24369747899159663,833,2.225258658203898,0.2398,0.9750429607969356,0.08325710805064607,0.08306526757251322,0.08342244839009655,0.9957184088279354,,0.9994801208100212,0.0005198791899787558,0.9884428069237438,0.146263293909918,10,0.025,0.15,0.9423687069237756,0.9499377283982184,0.9463607856853555,0.9426772964032593,1.0,0.9432554738450126,0.9457419615912437,0.9464876834794224,0.9507049474536851,0.9497204929193931,0.9507217439875263,0.9411768152214962
4,5,1.9624434799859019,0.3043436525077994,4167,2.2247512681143626,0.22088835534213686,833,2.2252586793295945,0.2398,0.9731407198720005,0.0831118210817408,0.08292098131998055,0.08342244839009655,0.9939888233828255,,0.9992820715947913,0.0007179284052086787,0.9884433991813678,0.14626329224851695,10,0.025,0.15,0.9425384387604732,0.9444797905865775,0.9495509003538065,0.9450014311194233,0.9432554738450126,1.0,0.9389002599499722,0.945592006866072,0.9446518892396544,0.9430491265426193,0.9441397871541389,0.9459002899839783
4,6,1.9783862153689067,0.2891288696904248,4167,2.226369415010725,0.24009603841536614,833,2.2252586310422875,0.2398,0.9733684725771182,0.08320369273107152,0.08301222057470976,0.08342244839009655,0.9950825248563362,,0.9994141044049446,0.0005858955950553968,0.9884428069237616,0.14626329390990372,10,0.025,0.15,0.9411231605929612,0.9427056085223195,0.946044999562897,0.9442021905548826,0.9457419615912437,0.9389002599499722,1.0,0.94211360631818,0.9498820855869979,0.9438998148829405,0.9508888198248916,0.9440757897080838
4,7,1.9632778669848587,0.2914326853851692,4167,2.227898120880127,0.24129651860744297,833,2.2252584982521926,0.2398,0.9753376607961194,0.08329680806150476,0.08310469352966614,0.08342244839009655,0.9961910149179423,,0.9995378851644634,0.0004621148355365978,0.9884431456328727,0.14626329442373204,10,0.025,0.15,0.9463743763797127,0.95222509857496,0.9420450706649619,0.9406141396901159,0.9464876834794224,0.945592006866072,0.94211360631818,1.0,0.9440954182323004,0.9500734088573511,0.9505995780943274,0.9523284087461009
4,8,1.9668847181580282,0.2948631781084974,4166,2.2289935180119107,0.24729891956782712,833,2.2252585284317594,0.2398,0.9762754215075384,0.08349600374117495,0.08330251020897628,0.08342244839009655,0.9985622792853311,,0.9998102028354046,0.00018979716459543994,0.9884430763786354,0.14626329460217838,10,0.025,0.15,0.9394028605622379,0.9509540421829605,0.9461820294349131,0.9496636165537541,0.9507049474536851,0.9446518892396544,0.9498820855869979,0.9440954182323004,1.0,0.9461877438630065,0.9502968300201732,0.9513819720271453
4,9,1.9722690882104816,0.2871339414306289,4166,2.2191668919154575,0.2424969987995198,833,2.225258525413803,0.2398,0.9768303346843794,0.08355829698661188,0.0833643708612976,0.08342244839009655,0.9993038141301406,,0.9998927233417504,0.00010727665824961097,0.9884430763786346,0.1462632946021788,10,0.025,0.15,0.948350473364576,0.9490820643774353,0.9485779931309744,0.9488300030046145,0.9497204929193931,0.9430491265426193,0.9438998148829405,0.9500734088573511,0.9461877438630065,1.0,0.9511277408554057,0.9509568529988818
4,10,1.9803188851385405,0.2830532885261642,4166,2.224919182913644,0.22448979591836735,833,2.2252585223958463,0.2398,0.9780399562720211,0.08361678124188665,0.08342244839009655,0.08342244839009655,0.9999999999880127,,0.9999504876961925,4.951230380745297e-05,0.9884430763786453,0.14626329460217885,10,0.025,0.15,0.9514315127020623,0.9480989307676702,0.9452603591902259,0.947289997413176,0.9507217439875263,0.9441397871541389,0.9508888198248916,0.9505995780943274,0.9502968300201732,0.9511277408554057,1.0,0.9541272439137963
4,11,1.9525118267897403,0.30206433029284685,4166,2.2280921595437184,0.23769507803121248,833,2.2252585495574566,0.2398,0.9766440236856841,0.08346580825986033,0.08327252418799647,0.08342244839009655,0.9982028314201805,,0.9997606905315971,0.0002393094684028929,0.9884430718481211,0.14626329457181098,10,0.025,0.15,0.9463622228552034,0.9547265199684537,0.9398587052367784,0.9467897304383067,0.9411768152214962,0.9459002899839783,0.9440757897080838,0.9523284087461009,0.9513819720271453,0.9509568529988818,0.9541272439137963,1.0
5,0,1.9268327449307296,0.3154787616990641,4167,2.189406633377075,0.2685851318944844,834,2.191827499413792,0.2697,0.9697838613020431,0.08323520248268103,0.0830435131098525,0.08341647333119472,0.9955289380209476,,0.9994553646581176,0.0005446353418824268,0.9909962776830586,0.14564478897780556,10,0.025,0.15,1.0,0.9415419026163482,0.935321096515727,0.9311108709759638,0.932322365138774,0.9319660850209889,0.934630752382418,0.937804217351332,0.9319910911729395,0.941262322115397,0.9438043844130288,0.9378164806440766
5,1,1.9235061605771382,0.3119750419966403,4167,2.1800147124699185,0.30335731414868106,834,2.1918274269828313,0.2697,0.9732038067212133,0.08351722099949606,0.08332358019695926,0.08341647333119472,0.9988863934001918,,0.9998432110379429,0.00015678896205706394,0.9909960054565464,0.1456447893013107,10,0.025,0.15,0.9415419026163482,1.0,0.9316862415098212,0.9387163887200761,0.9404471186552513,0.9362143457432148,0.9351440191487849,0.9448412485820594,0.9415259707923449,0.9409682176987615,0.9414729796684245,0.9466757067939391
5,2,1.9072471727024425,0.3171586273098152,4167,2.186848061425345,0.2829736211031175,834,2.1918275356292725,0.2697,0.9691120151882194,0.08313626792935017,0.08294526002455428,0.08341647333119472,0.9943510761266076,,0.9993233318479642,0.0006766681520358198,0.9909959044101659,0.1456447885618322,10,0.025,0.15,0.935321096515727,0.9316862415098212,1.0,0.9299078443514756,0.9379673484951049,0.9382570367329216,0.9382038143214908,0.933071399722853,0.9378829356602486,0.9420572298384403,0.935100105964645,0.9324529325119817
5,3,1.919908328851064,0.3102231821454284,4167,2.1989899362836565,0.2422062350119904,834,2.191827457162398,0.2697,0.9696094788550363,0.0831637246972396,0.08297252783007579,0.08341647333119472,0.9946779636637121,,0.9993563400505026,0.0006436599494974438,0.9909959595785418,0.14564478856184854,10,0.025,0.15,0.9311108709759638,0.9387163887200761,0.9299078443514756,1.0,0.9335488169403017,0.935694072542288,0.9381692605821144,0.9305272592859131,0.9410905513461505,0.9410543167070493,0.9389080798522698,0.9389028265801215
5,4,1.9250162948261609,0.3132229421646268,4167,2.201915434428624,0.25090036014405764,833,2.191827599006363,0.2697,0.9705654146630676,0.08327299577356781,0.08308104565188591,0.08341647333119472,0.9959788796276124,,0.9995131290125596,0.0004868709874403798,0.9909962756173283,0.14564478928149766,10,0.025,0.15,0.932322365138774,0.9404471186552513,0.9379673484951049,0.9335488169403017,1.0,0.9323458142086887,0.940894827145972,0.9366507077758892,0.9395959440512789,0.9426576309311331,0.9412871873768843,0.9309704218765916
5,5,1.9165755047942652,0.32068634509239263,4167,2.191427912030901,0.2581032412965186,833,2.1918274239648747,0.2697,0.9678393938414721,0.08309400109063285,0.08290328383100715,0.08341647333119472,0.9938478638488603,,0.9992655674935221,0.0007344325064778667,0.9909959790109293,0.14564478803923608,10,0.025,0.15,0.9319660850209889,0.9362143457432148,0.9382570367329216,0.935694072542288,0.9323458142086887,1.0,0.9315267258070353,0.9332089393092771,0.9346641987749967,0.932599275502907,0.9345113016088235,0.9361059484600823
5,6,1.9384946458267442,0.3008399328053756,4167,2.1931238174438477,0.27611044417767105,833,2.1918274963958355,0.2697,0.970463064598339,0.08323654608820469,0.08304484744942117,0.08341647333119472,0.9955449341367669,,0.9994553646581176,0.0005446353418824268,0.9909962776830105,0.14564478897780556,10,0.025,0.15,0.934630752382418,0.9351440191487849,0.9382038143214908,0.9381692605821144,0.940894827145972,0.9315267258070353,1.0,0.9329792483707632,0.9397958457508304,0.9364615689598111,0.9441980719020842,0.9355506376873067
5,7,1.9205958337494822,0.309311255099592,4167,2.1938722474234447,0.27010804321728693,833,2.191827381713481,0.2697,0.9701803968534101,0.08328504351037845,0.083093010217697,0.08341647333119472,0.9961223113184181,,0.9995296331138288,0.0004703668861711918,0.9909960189936807,0.14564478928150093,10,0.025,0.15,0.937804217351332,0.9448412485820594,0.933071399722853,0.9305272592859131,0.9366507077758892,0.9332089393092771,0.9329792483707632,1.0,0.9321069201708275,0.9395011452424998,0.9405879639849464,0.9428660636190566
5,8,1.9275035413828763,0.31048967834853575,4166,2.1960700920649936,0.27130852340936373,833,2.1918274149110046,0.2697,0.971279986263954,0.08344439269592789,0.08325125708837053,0.08341647333119472,0.9980193810979489,,0.9997441864303279,0.0002558135696720809,0.9909960179325981,0.1456447892963254,10,0.025,0.15,0.9319910911729395,0.9415259707923449,0.9378829356602486,0.9410905513461505,0.9395959440512789,0.9346641987749967,0.9397958457508304,0.9321069201708275,1.0,0.9363825714676216,0.9407875394135417,0.9410378597363633
5,9,1.92940191933603,0.3038886221795487,4166,2.183858803340367,0.2845138055222089,833,2.1918274269828313,0.2697,0.9730231293098133,0.08353987595983356,0.08334607782553485,0.08341647333119472,0.9991560958663461,,0.9998762192404813,0.00012378075951868794,0.9909960054565502,0.145644789301311,10,0.025,0.15,0.941262322115397,0.9409682176987615,0.9420572298384403,0.9410543167070493,0.9426576309311331,0.932599275502907,0.9364615689598111,0.9395011452424998,0.9363825714676216,1.0,0.9424313761630492,0.941760151730681
5,10,1.9425233277407559,0.29925588094095057,4166,2.1914422852652415,0.2617046818727491,833,2.1918274239648747,0.2697,0.9740847698088784,0.08361076431233663,0.08341647333119472,0.08341647333119472,0.9999999999880119,,0.9999504876961925,4.951230380745297e-05,0.9909960054565551,0.1456447893013112,10,0.025,0.15,0.9438043844130288,0.9414729796684245,0.935100105964645,0.9389080798522698,0.9412871873768843,0.9345113016088235,0.9441980719020842,0.9405879639849464,0.9407875394135417,0.9424313761630492,1.0,0.9463549613556907
5,11,1.9097377535068627,0.31677868458953434,4166,2.1949293272835866,0.2665066026410564,833,2.191827451126485,0.2697,0.9724536062822662,0.08346396446035126,0.0832706931736897,0.08341647333119472,0.9982523816617794,,0.9997689425822317,0.0002310574177682989,0.9909960025024119,0.14564478929632615,10,0.025,0.15,0.9378164806440766,0.9466757067939391,0.9324529325119817,0.9389028265801215,0.9309704218765916,0.9361059484600823,0.9355506376873067,0.9428660636190566,0.9410378597363633,0.941760151730681,0.9463549613556907,1.0
6,0,1.8904207518606475,0.32553395728341733,4167,2.151455879211426,0.2949640287769784,834,2.1538623224330853,0.2978,0.9678934949428282,0.08326719463780645,0.08307528455545637,0.08336624730031995,0.9965098255555161,,0.9995708933670017,0.00042910663299833285,0.9925401981200592,0.14520657758488692,10,0.025,0.15,1.0,0.9344357667495619,0.9320867907340812,0.9244904210597782,0.9272971383666943,0.9289921274465335,0.9293065308103076,0.9340139408566828,0.927597795152283,0.9359665301540199,0.935912088899943,0.9336356716686416
6,1,1.8881988203886784,0.32601391888648906,4167,2.1385726588112965,0.3273381294964029,834,2.1538622107686876,0.2978,0.9694608271977594,0.08349340111865777,0.08329992564629855,0.08336624730031995,0.99920445435451,,0.9998762192404813,0.00012378075951868794,0.9925405403979168,0.14520657813693041,10,0.025,0.15,0.9344357667495619,1.0,0.9261218713716449,0.9303473518916991,0.9325431344678982,0.9304025115910952,0.9283017913610018,0.9390851270097615,0.9360917932109691,0.9320664375980591,0.9344936033990853,0.9378346476117687
6,2,1.8721693645824085,0.33273338132949365,4167,2.1492381436484203,0.3069544364508393,834,2.1538624914386606,0.2978,0.966876975701767,0.08317259656793692,0.08298133861642226,0.08336624730031995,0.9953829193785528,,0.9994388605568484,0.0005611394431516148,0.9925402699307998,0.14520657711293394,10,0.025,0.15,0.9320867907340812,0.9261218713716449,1.0,0.9233065368415174,0.9304355654992013,0.9326680569963642,0.9321481483829732,0.9305398114449751,0.9337232413124332,0.937426385350307,0.9278752319772962,0.9257326319177754
